40
0.20394989535 0.036872425502 0.0916609470377 0.0573021249509 0.0472299451056 0.0511719962834 0.0662185328213 0.0677272644226 0.100220943784 0.0566389432936 0.0300827450696 0.0363676427781 0.0316067218978 0.0966324757555 0.0110311255814 0.0916953774684 0.0950879331279 0.330982708656 0.0345230729479 0.0731585002716 0.0759168136047 0.0203567883068 0.126841392599 0.134627172929 0.0566217234647 0.143828325424 0.105790500039 0.0121413644826 0.0905877796438 0.112605751981 0.0070666509449 0.0900156737744 0.234257183995 0.0451759103614 0.0170913584406 0.0146033592013 0.0524452719686 0.0485380268731 0.0170349265424 0.0723841835345 
0.740287400331 -0.0184149102541 0.0284186645031 0.0229619157387 0.0170910997643 -0.0115954532705 0.0439951934174 -0.010234094174 0.0211635435995 -0.0134284846604 -0.00573932086755 0.00183840007472 0.00852059663872 -0.0197828044973 0.0219075631284 0.0837548716091 0.00724677877855 0.0179624820416 0.0140193891345 0.027210457134 0.0194168170117 -0.0165676502591 0.013654298016 0.00375295720191 0.0268114116725 -0.0189635262212 -0.0160129175481 0.0199624607512 0.0382725361857 0.211970165141 0.00280493404779 0.00437560344588 0.0200788744604 -0.0020722875855 -0.00099857722089 0.0125518647473 0.0433867591859 -0.000572730057138 -0.00598731813059 0.00972798485507 
-0.0184149102541 0.170323785543 -0.0100562702233 0.0244055012728 0.0367767386628 -0.00979032860163 0.0116585929713 0.0211310339893 0.00234234251559 0.00426810859041 0.00979078321781 -0.0091083158642 0.0221928945708 0.0160494997089 0.0126253928825 0.00734160567348 0.0144733722417 0.0475583204905 0.0119315563331 0.00485620122117 0.0331617118146 0.0181309269886 -0.023323345334 -0.000456910995311 0.0229293495314 0.0104949375551 0.015949209028 0.0312075695491 -0.0029241997444 0.0184016083158 -0.0090153352502 -0.00645977858629 0.0319887545824 0.0182276638277 0.0134206495046 0.00137350801947 0.00843903558226 0.0256105091811 0.018040798671 0.011489371813 
0.0284186645031 -0.0100562702233 0.434375663497 0.00164626804303 0.0157240101322 -0.0149858772059 0.0142952489288 -0.0021003099866 0.00663500346908 0.00456334044215 -0.00917185755984 0.00187992593823 0.00662637303323 0.0193234044308 0.00656540319647 0.0208928407839 0.0269024368933 0.0332753355065 -0.00148744956892 -0.00950033635293 0.00118215340398 0.0111740983518 -0.00978592100471 0.0610987745367 -0.00350956842799 0.0115133478122 0.0229175462023 -0.0134964623925 0.00154281464658 0.0107409645257 -0.000798240085784 0.00884183453452 0.0158422284765 0.0182205065774 -0.0022093412888 0.0113550626145 0.0200856287761 0.00778030581079 -0.00494443794451 0.038283515815 
0.0229619157387 0.0244055012728 0.00164626804303 0.311565477014 0.0208365668862 0.00459212515287 0.00681891453584 0.00440829678336 0.0276141859912 0.0194785266615 -0.00225931820554 0.0127486161485 0.00588909541734 0.0245218157602 0.00982976365409 0.0634982651944 0.0416397024403 -0.00350543573934 0.0190027662034 -0.0174628582421 0.0522784662118 0.0119904518836 0.0124912102087 -0.00450518960256 0.0273632924576 0.0643126801935 -0.00378172608997 -0.00471798548217 0.0386493625312 0.00470563806617 0.0125139867991 0.0265437513549 0.0140955784833 0.0434955844425 0.0179932552257 -0.0116635678323 0.039912867927 0.00645562786948 0.0275255462672 0.0189534175856 
0.0170910997643 0.0367767386628 0.0157240101322 0.0208365668862 0.28197457107 0.0334939500407 0.0190663281157 0.0253240117703 0.0237646637086 0.0189755796917 0.0324111582201 0.0342990654737 0.0203958285798 0.0113490002486 0.0144689394232 0.0398386773782 0.0287316960266 0.0228221743853 0.0185878902436 0.0273678649511 0.00166526255418 0.00595676448797 -0.000164856454386 0.0135427904488 0.0374245559657 0.021702671669 0.00798353040718 0.0266396046831 0.030142543075 0.00287138090229 0.0118174455076 -0.0166009563531 0.0199999744703 0.0240494440976 0.0380762382903 -0.00978596039977 0.0204132599069 0.0148556222319 0.0276521521309 0.00950715572845 
-0.0115954532705 -0.00979032860163 -0.0149858772059 0.00459212515287 0.0334939500407 0.283027998317 0.00260069594973 0.00758228492612 -0.0269412876528 -0.00949603238441 0.0297164379173 0.00163029956279 0.0155063874281 0.00394523444801 -0.000378398978233 0.0107581771721 0.0553065394785 0.0191457820699 -0.00400802990223 0.0066269486842 0.00389063742882 0.0191913561817 0.143005823822 -0.014906983829 0.0100279142292 -0.0188492921017 -0.00913871537174 0.00343450772534 0.0273115960995 -0.0019346159448 0.0081091337094 0.00516442818646 -0.0113106583303 -0.00360045416235 0.0102141399384 0.00633353117854 -0.00604941556587 0.00963126032129 0.00423102793908 0.0131839729937 
0.0439951934174 0.0116585929713 0.0142952489288 0.00681891453584 0.0190663281157 0.00260069594973 0.403927479496 0.0180178522329 -0.00590540221182 0.000796888394938 0.0116236407606 0.0186280713515 0.0239372844434 0.00624736378748 -0.00398277564313 0.00448730607885 0.01704933509 -0.00884186032906 -0.0118509240466 0.0258055432861 0.0156987638673 0.00442774451749 0.000226789506327 0.00203521782502 0.0188533139619 0.0195064930463 0.0158173314613 0.0664793266571 0.0233010920026 0.0119344824731 -0.00628041889771 0.0117973496681 0.0201224939929 -0.00823173055357 0.016232761355 -0.00927591734493 0.0450542879352 0.0282954848021 0.0115951078629 0.0217439939592 
-0.010234094174 0.0211310339893 -0.0021003099866 0.00440829678336 0.0253240117703 0.00758228492612 0.0180178522329 0.30083217952 -0.00758798453538 0.0192730234496 0.0149200297419 0.0145494162026 0.0225829247376 -0.0288494917693 0.00663607485504 0.000810065728945 0.0497103119036 0.0178965988932 0.0190274784231 -0.00693634750537 0.0111055283242 0.0291916632361 0.00130218564327 0.00453311833987 0.00390905037245 0.0118881767645 0.00905074622868 0.00573394593692 -0.00559924417507 -0.0147179183198 0.0190698829082 0.0264383989727 0.0044100793957 0.0169387588951 0.0257573630042 0.00464097168821 0.00128659727893 0.0176873669359 0.0408549812928 0.00446637620765 
0.0211635435995 0.00234234251559 0.00663500346908 0.0276141859912 0.0237646637086 -0.0269412876528 -0.00590540221182 -0.00758798453538 1.05401805801 0.0221662190053 0.00925370195784 0.00486823674976 0.005429108528 -0.00473357989755 0.00892278890061 0.0566444928139 0.0202167758026 -0.015919659507 0.123031193297 0.0275133026009 0.0232608402902 0.0189776179124 0.345879776125 0.0033774194349 0.0417399266477 0.0136276513594 -0.0199039100076 0.00785137527722 -0.0114769000722 -0.0112177673027 0.00190916569339 0.000698913119769 -6.32662079244e-05 0.0224085919054 0.00571975992283 0.0329084290499 0.0469730307271 -0.0020527568331 0.00391215374669 0.0301304251321 
-0.0134284846604 0.00426810859041 0.00456334044215 0.0194785266615 0.0189755796917 -0.00949603238441 0.000796888394938 0.0192730234496 0.0221662190053 0.202858357152 0.0157356178358 0.00622114380174 -0.00369155672601 0.00924390443421 -0.00362828819656 0.0185109400031 0.0294783791505 0.0189412944354 0.0142275362961 0.00634505207348 -0.00461114128648 0.016254998604 0.0023902418065 0.0174863707849 0.00256813786252 -0.0155198139496 -0.000850090175297 0.00943527021234 -0.00824067592673 0.0310492718585 0.0041808677347 0.0221840980828 -0.00732696912436 -0.00840501783977 -0.00954549149606 0.00824912666517 0.0146950193567 -0.00758777783098 0.00776418040665 -0.00256833046738 
-0.00573932086755 0.00979078321781 -0.00917185755984 -0.00225931820554 0.0324111582201 0.0297164379173 0.0116236407606 0.0149200297419 0.00925370195784 0.0157356178358 0.144366166185 0.00566605310548 0.0114296003444 -0.00404100626505 0.00547073704128 0.0155982682158 0.00462641011629 0.019023555457 0.00123299030786 0.0144518339027 -0.00485587173245 0.00921233537904 0.0526276462744 -0.000238197943498 0.00694557898835 8.97916811218e-05 0.00607381590409 0.00315289061653 0.0240129996945 0.00457439101641 0.0199238991224 0.0107998551093 0.033980712815 -0.00848886783058 0.0163078388736 -0.00386832668711 0.0112664397125 0.00159434088543 0.00779966162931 -0.00503858773863 
0.00183840007472 -0.0091083158642 0.00187992593823 0.0127486161485 0.0342990654737 0.00163029956279 0.0186280713515 0.0145494162026 0.00486823674976 0.00622114380174 0.00566605310548 0.194387680019 0.024574259487 0.0313145875375 0.00940849185756 0.0565182927308 0.0380094645613 0.0164505240538 0.028974516443 0.0257895412596 0.0124279263647 0.0176948236064 -0.00322656522888 0.00392193783204 0.0132539345257 0.021507088147 0.0267549679467 -0.000868564501126 0.0244128543282 0.00287547848756 0.0134840688209 0.00907509259183 0.0293261838776 0.0336524637501 0.0302592159072 0.0212335150309 0.0199559790878 0.0237700836973 0.0233894861987 0.00384429194416 
0.00852059663872 0.0221928945708 0.00662637303323 0.00588909541734 0.0203958285798 0.0155063874281 0.0239372844434 0.0225829247376 0.00542910852799 -0.00369155672601 0.0114296003444 0.024574259487 0.125028414079 0.0362099735848 0.0306329474233 0.0367482216244 0.0395031620321 0.00205812141163 0.014091873098 0.0186591020001 0.0209987866295 0.0374641017711 0.00908385268964 0.0165545145403 0.0327810690133 0.0189014961073 0.020179192813 0.0126152895499 0.0124830227579 0.0127465601025 0.00543664861043 0.0194452411963 0.00118647276781 -0.000109835203791 0.043847950656 0.00283088102352 0.0207708872966 0.052903879178 0.0356737601987 0.0216171959635 
-0.0197828044973 0.0160494997089 0.0193234044308 0.0245218157602 0.0113490002486 0.00394523444801 0.00624736378748 -0.0288494917693 -0.00473357989755 0.00924390443421 -0.00404100626505 0.0313145875375 0.0362099735848 0.455642946701 0.0115282069196 0.0441157176705 0.0046874826514 0.0439466027757 0.015723461004 0.0181490006503 0.00733306860723 0.0143378521198 -0.000551004657297 0.0922062651918 0.0261907772926 0.0875765908729 0.00529590610856 -0.00452340751819 -0.00664762245838 0.034596964889 0.0167819314391 -0.00672958245598 -0.0124421513028 0.0596899034378 0.0314594380512 -0.000740085327398 0.0457378662495 0.00491569082365 0.00997878209457 0.0117443501108 
0.0219075631284 0.0126253928825 0.00656540319647 0.00982976365409 0.0144689394232 -0.000378398978232 -0.00398277564313 0.00663607485504 0.00892278890061 -0.00362828819656 0.00547073704127 0.00940849185756 0.0306329474233 0.0115282069196 0.155781497277 0.0187908153343 0.0170377251742 0.0127596127222 0.00729562640784 -0.00572737465303 0.0181626542986 0.00610298368001 0.0111384663537 0.0232639054518 0.0255568086336 -0.0132608338861 0.00913626025326 0.0279407319891 0.01519932493 0.0291844079083 -0.00974805941541 0.00248877359506 0.00827659974725 0.00447232290118 0.0261460560511 0.00504167806644 0.0101282259778 0.010332112407 0.0214001913946 0.0136069145423 
0.0837548716091 0.00734160567348 0.0208928407839 0.0634982651944 0.0398386773782 0.0107581771721 0.00448730607885 0.000810065728945 0.0566444928139 0.0185109400031 0.0155982682158 0.0565182927308 0.0367482216244 0.0441157176705 0.0187908153343 0.497631375294 0.0771896390248 -0.022868620334 0.0396658621686 0.0288230884469 0.0167985242615 -0.00340843270111 -0.00496009644442 0.0241700221809 0.045981715382 0.0288579940451 0.0406825157273 0.0273825731192 0.063706099439 0.0636055124602 0.00159232018102 0.0639693189576 0.0645718680323 0.0716143486276 0.0482784249856 0.0246422800601 0.0725874577521 0.0275223021128 0.0304989300245 0.0140201809158 
0.00724677877855 0.0144733722417 0.0269024368933 0.0416397024403 0.0287316960266 0.0553065394785 0.01704933509 0.0497103119036 0.0202167758026 0.0294783791505 0.00462641011629 0.0380094645613 0.0395031620321 0.0046874826514 0.0170377251742 0.0771896390248 0.271906420748 0.00667736305419 0.021504849113 0.0127170886647 0.0240025157593 0.0358037106609 0.000367857530727 0.0525849949439 0.0371293830434 0.0335278585573 0.00951958517761 0.00866591589155 0.0224702058618 0.0284225799124 0.0201206095789 0.0398604061737 0.00917204906345 0.0400440347117 0.0487644492269 0.0145980992256 0.0173493136408 0.0291288816378 0.0330939906245 0.00433502581448 
0.0179624820416 0.0475583204905 0.0332753355065 -0.00350543573934 0.0228221743853 0.0191457820699 -0.00884186032906 0.0178965988932 -0.015919659507 0.0189412944354 0.019023555457 0.0164505240538 0.00205812141163 0.0439466027757 0.0127596127222 -0.022868620334 0.00667736305419 1.01845405839 0.0262926521756 0.0220033079559 -0.00950091259258 0.00269294221861 0.0328001349171 0.0250619252674 0.0104726657753 -0.00656710949206 -0.0299567524305 -0.00809637529523 0.0492124038288 0.0225293683698 0.0329834723468 -0.00819627521254 0.00409243316469 0.00814814792659 -0.00581424175058 0.0167240686575 -0.016091190033 -0.0192426185744 0.00916258815404 0.0176875841407 
0.0140193891345 0.0119315563331 -0.00148744956892 0.0190027662034 0.0185878902436 -0.00400802990223 -0.0118509240466 0.0190274784231 0.123031193297 0.0142275362961 0.00123299030786 0.028974516443 0.014091873098 0.015723461004 0.00729562640784 0.0396658621686 0.021504849113 0.0262926521756 0.144674589016 -0.00436651142432 0.00297114211408 0.0156262381083 0.0558521500697 0.00978300227079 0.0258325644807 0.0131749522438 0.0185517676908 -0.000373386976863 0.00188722472644 0.0492835189174 0.00880910584877 0.0138469940156 0.0248784376458 0.0238291507891 0.0107774004034 0.00229085856154 0.00938647094291 0.0181502226012 0.0145913287061 0.0128942727756 
0.027210457134 0.00485620122117 -0.00950033635293 -0.0174628582421 0.0273678649511 0.0066269486842 0.0258055432861 -0.00693634750537 0.0275133026009 0.00634505207348 0.0144518339027 0.0257895412596 0.0186591020001 0.0181490006503 -0.00572737465303 0.0288230884469 0.0127170886647 0.0220033079559 -0.00436651142432 0.330067737464 -0.0260413358757 0.0444629866766 -0.0193154751894 0.038738671167 0.0133404065616 0.00169294708139 0.00552664512842 0.0132072576529 0.0613641637859 0.0156085439006 0.0290530461252 0.020873120585 0.0109396663607 0.0322780376566 0.0197732878057 0.0210228921905 0.0152724219176 0.00454734304177 0.0189476455289 0.00472953602274 
0.0194168170117 0.0331617118146 0.00118215340398 0.0522784662118 0.00166526255418 0.00389063742882 0.0156987638673 0.0111055283242 0.0232608402902 -0.00461114128648 -0.00485587173245 0.0124279263647 0.0209987866295 0.00733306860723 0.0181626542986 0.0167985242615 0.0240025157593 -0.00950091259258 0.00297114211408 -0.0260413358757 0.338633279111 0.0247069666709 -0.0188090679334 0.0300939162291 0.0349944846845 -0.0149526506926 -0.0046179464074 0.0366200463436 0.0306175397705 0.000330047688127 0.0126400301307 -0.00129411733894 0.0272054684045 0.0292155842024 0.0212965229476 0.00332043131395 0.0360817488656 0.0154937305204 -0.00493781867096 0.0019609519783 
-0.0165676502591 0.0181309269886 0.0111740983518 0.0119904518836 0.00595676448797 0.0191913561817 0.00442774451749 0.0291916632361 0.0189776179124 0.016254998604 0.00921233537904 0.0176948236064 0.0374641017711 0.0143378521198 0.00610298368001 -0.00340843270111 0.0358037106609 0.00269294221861 0.0156262381083 0.0444629866766 0.0247069666709 0.266227384378 0.00205442385201 -0.00521853504917 0.0260049166986 0.00810145740065 0.0181319443765 0.00997788159682 -0.000341979997214 -0.0080627317024 0.0117239160048 0.029997212503 0.0247029038402 0.00722202723213 0.0336468655046 -0.00178794432456 0.0150037557992 0.0384645826703 0.0422784718015 0.00558458790951 
0.013654298016 -0.023323345334 -0.00978592100471 0.0124912102087 -0.000164856454386 0.143005823822 0.000226789506327 0.00130218564327 0.345879776125 0.0023902418065 0.0526276462744 -0.00322656522888 0.00908385268964 -0.000551004657297 0.0111384663537 -0.00496009644442 0.000367857530726 0.0328001349171 0.0558521500697 -0.0193154751894 -0.0188090679334 0.00205442385201 0.789085896322 -0.00284250196395 0.0287665071691 0.0272024638965 0.00269735719154 -0.00714144801626 0.0644972621684 0.0146694803374 0.00486809951573 0.00958084422763 0.02404332484 -0.00565627323858 0.00238603797475 0.0386791693153 0.00406966640631 0.00579804107765 0.00510339848191 0.0598748502894 
0.00375295720191 -0.000456910995311 0.0610987745367 -0.00450518960256 0.0135427904488 -0.014906983829 0.00203521782502 0.00453311833987 0.0033774194349 0.0174863707849 -0.000238197943498 0.00392193783204 0.0165545145403 0.0922062651918 0.0232639054518 0.0241700221809 0.0525849949439 0.0250619252674 0.00978300227079 0.038738671167 0.0300939162291 -0.00521853504917 -0.00284250196395 0.724272500086 0.0169174483076 0.00954435526672 -0.00417417090207 0.0221141187731 -0.0388556958678 0.0196203077827 0.0257873099342 3.87361491881e-06 0.00615395158423 0.120035175074 0.0181215640608 0.00926893237833 0.0274613585847 0.00760275852624 0.0142149327841 0.0105599180479 
0.0268114116725 0.0229293495314 -0.00350956842799 0.0273632924576 0.0374245559657 0.0100279142292 0.0188533139619 0.00390905037245 0.0417399266477 0.00256813786252 0.00694557898835 0.0132539345257 0.0327810690133 0.0261907772926 0.0255568086336 0.045981715382 0.0371293830434 0.0104726657753 0.0258325644807 0.0133404065616 0.0349944846845 0.0260049166986 0.0287665071691 0.0169174483076 0.182710850088 -0.00949733683318 0.000595191115171 0.01672905701 0.0323745063959 0.0523667043861 0.00384236131228 0.0224491430322 0.016461084199 0.0170786274405 0.0522107962954 0.00913416492009 0.0277008882955 0.0099717358771 0.0251146550483 0.0191401918632 
-0.0189635262212 0.0104949375551 0.0115133478122 0.0643126801935 0.021702671669 -0.0188492921017 0.0195064930463 0.0118881767645 0.0136276513594 -0.0155198139496 8.97916811216e-05 0.021507088147 0.0189014961073 0.0875765908729 -0.0132608338861 0.0288579940451 0.0335278585573 -0.00656710949206 0.0131749522438 0.00169294708139 -0.0149526506926 0.00810145740065 0.0272024638965 0.00954435526672 -0.00949733683318 0.591459861949 0.0234127893363 0.0158860948087 -0.00422512171344 0.0207711659585 -0.00564651551678 0.0127419142937 -0.0477157397287 0.0101396208809 0.0121943436009 -0.00341671387521 0.0166263155001 0.0204956663605 0.0180050951544 -0.00275758013213 
-0.0160129175481 0.015949209028 0.0229175462023 -0.00378172608997 0.00798353040718 -0.00913871537174 0.0158173314613 0.00905074622868 -0.0199039100076 -0.000850090175297 0.00607381590409 0.0267549679467 0.020179192813 0.00529590610856 0.00913626025326 0.0406825157273 0.00951958517761 -0.0299567524305 0.0185517676908 0.00552664512842 -0.00461794640741 0.0181319443765 0.00269735719154 -0.00417417090207 0.000595191115171 0.0234127893363 0.542416482065 0.026889119052 0.00109771183229 0.0425262144631 0.023371202535 0.0241243339013 0.0187422936148 0.000284376537736 -0.00334765540748 0.0139430976372 0.0279101418508 0.0266467437698 0.0295572680661 0.0671233446049 
0.0199624607512 0.0312075695491 -0.0134964623925 -0.00471798548217 0.0266396046831 0.00343450772534 0.0664793266571 0.00573394593692 0.00785137527722 0.00943527021234 0.00315289061654 -0.000868564501126 0.0126152895499 -0.00452340751819 0.0279407319891 0.0273825731192 0.00866591589155 -0.00809637529523 -0.000373386976862 0.0132072576529 0.0366200463436 0.00997788159682 -0.00714144801626 0.0221141187731 0.01672905701 0.0158860948087 0.026889119052 0.258301899307 0.0158200542622 -0.00650348394945 0.00106637872905 0.00183138250938 -0.0107158408841 0.00655445775756 0.0132545154502 -0.00263829949326 0.00746617105359 0.0112831229072 0.0241335353996 0.0205537914962 
0.0382725361857 -0.0029241997444 0.00154281464658 0.0386493625312 0.030142543075 0.0273115960995 0.0233010920026 -0.00559924417507 -0.0114769000722 -0.00824067592673 0.0240129996945 0.0244128543282 0.0124830227579 -0.00664762245838 0.01519932493 0.063706099439 0.0224702058618 0.0492124038288 0.00188722472644 0.0613641637859 0.0306175397705 -0.000341979997214 0.0644972621684 -0.0388556958678 0.0323745063959 -0.00422512171344 0.00109771183229 0.0158200542622 0.430548619338 0.0392291381719 0.0195041288634 0.019265472043 0.015257633085 0.0362909277574 0.00837947815624 0.0191176393803 0.0015346450798 0.0182788922681 0.0176823123352 0.0445436585872 
0.211970165141 0.0184016083158 0.0107409645257 0.00470563806617 0.00287138090229 -0.0019346159448 0.0119344824731 -0.0147179183198 -0.0112177673027 0.0310492718585 0.00457439101641 0.00287547848756 0.0127465601025 0.034596964889 0.0291844079083 0.0636055124602 0.0284225799124 0.0225293683698 0.0492835189174 0.0156085439006 0.000330047688127 -0.0080627317024 0.0146694803374 0.0196203077827 0.0523667043861 0.0207711659585 0.0425262144631 -0.00650348394945 0.0392291381719 0.537795259066 0.00418703711185 0.0183563445318 0.0487515839107 0.0261423975303 0.0186950216466 0.00814469463399 0.0309969254397 0.00769235197882 -0.00355822475907 0.0590834785458 
0.00280493404779 -0.0090153352502 -0.000798240085784 0.0125139867991 0.0118174455076 0.0081091337094 -0.00628041889771 0.0190698829082 0.00190916569339 0.0041808677347 0.0199238991224 0.0134840688209 0.00543664861042 0.0167819314391 -0.00974805941541 0.00159232018102 0.0201206095789 0.0329834723468 0.00880910584877 0.0290530461252 0.0126400301307 0.0117239160048 0.00486809951573 0.0257873099342 0.00384236131228 -0.00564651551678 0.023371202535 0.00106637872905 0.0195041288634 0.00418703711185 0.177274856317 0.00693973246214 0.00397190286522 0.00145825133281 -0.00674155237474 0.0106665593426 0.0163370616709 -0.00152069717819 0.00339629686789 0.00192713394 
0.00437560344588 -0.00645977858629 0.00884183453452 0.0265437513549 -0.0166009563531 0.00516442818646 0.0117973496681 0.0264383989727 0.000698913119769 0.0221840980828 0.0107998551093 0.00907509259183 0.0194452411963 -0.00672958245598 0.00248877359506 0.0639693189576 0.0398604061737 -0.00819627521254 0.0138469940156 0.020873120585 -0.00129411733894 0.029997212503 0.00958084422763 3.87361491873e-06 0.0224491430322 0.0127419142937 0.0241243339013 0.00183138250938 0.019265472043 0.0183563445318 0.00693973246214 0.23221447628 -0.0113921702121 0.0101770091163 0.0277917875944 0.0318016204943 0.0243637577575 0.00811187780114 0.0158806399907 -0.019121659233 
0.0200788744604 0.0319887545824 0.0158422284765 0.0140955784833 0.0199999744703 -0.0113106583303 0.0201224939929 0.0044100793957 -6.32662079239e-05 -0.00732696912436 0.033980712815 0.0293261838776 0.00118647276781 -0.0124421513028 0.00827659974725 0.0645718680323 0.00917204906345 0.00409243316469 0.0248784376458 0.0109396663607 0.0272054684045 0.0247029038402 0.02404332484 0.00615395158423 0.016461084199 -0.0477157397287 0.0187422936148 -0.0107158408841 0.015257633085 0.0487515839107 0.00397190286522 -0.0113921702121 1.25778858859 -0.0100236613275 0.0128795466144 0.00067947571685 0.00636665039182 0.0213500953071 -0.00948142215866 0.0661721588878 
-0.0020722875855 0.0182276638277 0.0182205065774 0.0434955844425 0.0240494440976 -0.00360045416235 -0.00823173055357 0.0169387588951 0.0224085919054 -0.00840501783977 -0.00848886783058 0.0336524637501 -0.000109835203791 0.0596899034378 0.00447232290118 0.0716143486276 0.0400440347117 0.00814814792659 0.0238291507891 0.0322780376566 0.0292155842024 0.00722202723213 -0.00565627323858 0.120035175074 0.0170786274405 0.0101396208809 0.000284376537735 0.00655445775756 0.0362909277574 0.0261423975303 0.00145825133281 0.0101770091163 -0.0100236613275 0.352510297882 0.00239446774269 0.00119858735026 0.0160154953713 0.0117803155228 -0.00116915609395 0.00555441535297 
-0.00099857722089 0.0134206495046 -0.0022093412888 0.0179932552257 0.0380762382903 0.0102141399384 0.016232761355 0.0257573630042 0.00571975992283 -0.00954549149606 0.0163078388736 0.0302592159072 0.043847950656 0.0314594380512 0.0261460560511 0.0482784249856 0.0487644492269 -0.00581424175058 0.0107774004034 0.0197732878057 0.0212965229476 0.0336468655046 0.00238603797475 0.0181215640608 0.0522107962954 0.0121943436009 -0.00334765540748 0.0132545154502 0.00837947815624 0.0186950216466 -0.00674155237474 0.0277917875944 0.0128795466144 0.00239446774269 0.216334175579 0.00100664963397 0.0208693755852 0.0280822366676 0.0368271426002 -0.00790070290642 
0.0125518647473 0.00137350801947 0.0113550626145 -0.0116635678323 -0.00978596039977 0.00633353117854 -0.00927591734493 0.00464097168821 0.0329084290499 0.00824912666517 -0.00386832668711 0.0212335150309 0.00283088102352 -0.000740085327398 0.00504167806644 0.0246422800601 0.0145980992256 0.0167240686575 0.00229085856154 0.0210228921905 0.00332043131395 -0.00178794432456 0.0386791693153 0.00926893237833 0.00913416492009 -0.00341671387521 0.0139430976372 -0.00263829949326 0.0191176393803 0.00814469463399 0.0106665593426 0.0318016204943 0.00067947571685 0.00119858735026 0.00100664963397 0.170829893876 0.0112643043032 0.00656167224905 -0.00408832305817 0.0175497569665 
0.0433867591859 0.00843903558226 0.0200856287761 0.039912867927 0.0204132599069 -0.00604941556587 0.0450542879352 0.00128659727893 0.0469730307271 0.0146950193567 0.0112664397125 0.0199559790878 0.0207708872966 0.0457378662495 0.0101282259778 0.0725874577521 0.0173493136408 -0.016091190033 0.00938647094291 0.0152724219176 0.0360817488656 0.0150037557992 0.00406966640631 0.0274613585847 0.0277008882955 0.0166263155001 0.0279101418508 0.00746617105359 0.0015346450798 0.0309969254397 0.0163370616709 0.0243637577575 0.00636665039182 0.0160154953713 0.0208693755852 0.0112643043032 0.256680538705 0.0204653183674 0.00233346710422 0.0317140193611 
-0.000572730057138 0.0256105091811 0.00778030581079 0.00645562786948 0.0148556222319 0.00963126032129 0.0282954848021 0.0176873669359 -0.0020527568331 -0.00758777783098 0.00159434088543 0.0237700836973 0.052903879178 0.00491569082365 0.010332112407 0.0275223021128 0.0291288816378 -0.0192426185744 0.0181502226012 0.00454734304177 0.0154937305204 0.0384645826703 0.00579804107765 0.00760275852624 0.0099717358771 0.0204956663605 0.0266467437698 0.0112831229072 0.0182788922681 0.00769235197882 -0.00152069717819 0.00811187780114 0.0213500953071 0.0117803155228 0.0280822366676 0.00656167224904 0.0204653183674 0.186708956674 0.037722678039 0.0146073760332 
-0.00598731813059 0.018040798671 -0.00494443794452 0.0275255462672 0.0276521521309 0.00423102793908 0.0115951078629 0.0408549812928 0.00391215374669 0.00776418040665 0.00779966162931 0.0233894861987 0.0356737601987 0.00997878209457 0.0214001913946 0.0304989300245 0.0330939906245 0.00916258815404 0.0145913287061 0.0189476455289 -0.00493781867096 0.0422784718015 0.00510339848191 0.0142149327841 0.0251146550483 0.0180050951544 0.0295572680661 0.0241335353996 0.0176823123352 -0.00355822475907 0.00339629686789 0.0158806399907 -0.00948142215866 -0.00116915609395 0.0368271426002 -0.00408832305817 0.00233346710422 0.037722678039 0.191255965485 0.016966233338 
0.00972798485507 0.011489371813 0.038283515815 0.0189534175856 0.00950715572845 0.0131839729937 0.0217439939592 0.00446637620765 0.0301304251321 -0.00256833046738 -0.00503858773863 0.00384429194416 0.0216171959635 0.0117443501108 0.0136069145423 0.0140201809158 0.00433502581448 0.0176875841407 0.0128942727756 0.00472953602274 0.0019609519783 0.00558458790951 0.0598748502894 0.0105599180479 0.0191401918632 -0.00275758013213 0.0671233446049 0.0205537914962 0.0445436585872 0.0590834785458 0.00192713394 -0.019121659233 0.0661721588878 0.00555441535297 -0.00790070290642 0.0175497569665 0.0317140193611 0.0146073760332 0.016966233338 0.327950321226 
0.0641107694788 -0.00159477800885 0.00246112854013 0.00198856023493 0.00148013265745 -0.00100419571006 0.00381009551439 -0.000886298553945 0.00183281663912 -0.00116294088503 -0.000497039767177 0.000159210116703 0.000737905314453 -0.00171324112527 0.00189725062042 0.00725338465042 0.000627589451783 0.00155559657631 0.0012141147136 0.00235649471266 0.00168154567927 -0.00143480060054 0.00118249689527 0.000325015627617 0.00232193636197 -0.00164228954529 -0.00138675933854 0.00172879981326 0.00331449886041 0.0183571547856 0.000242914414132 0.000378938374102 0.00173888153621 -0.000179465369299 -8.64793240932e-05 0.0010870233736 0.00375740356429 -4.95998778993e-05 -0.000518516960163 0.000842468201212 
-0.00159477800885 0.0147504725149 -0.000870898548074 0.00211357840944 0.00318495899503 -0.000847867328041 0.00100966376855 0.0018300012243 0.000202852812287 0.00036962904654 0.000847906698957 -0.000788803292409 0.00192196104818 0.00138992744659 0.0010933910969 0.00063580170178 0.00125343080398 0.00411867137061 0.00103330308912 0.000420559362342 0.00287188848644 0.00157018433663 -0.00201986095605 -3.95696529208e-05 0.00198573991865 0.000908888253388 0.00138124201885 0.00270265480199 -0.000253243126439 0.0015936260272 -0.000780750935031 -0.000559433235855 0.00277030741038 0.00157856199265 0.00116226234063 0.000118949283716 0.000730841919768 0.00221793515547 0.00156237899537 0.000995008786362 
0.00246112854013 -0.000870898548074 0.0376180359374 0.000142570994671 0.00136173922238 -0.00129781503583 0.00123800487258 -0.000181892180422 0.000574608155842 0.000395196874902 -0.000794306164671 0.000162806361974 0.000573860738173 0.00167345591246 0.000568580595423 0.00180937308761 0.00232981937733 0.00288172858681 -0.000128816911353 -0.000822753262613 0.000102377487902 0.000967705303701 -0.000847485618951 0.00529130908889 -0.000303937541496 0.000997085168793 0.00198471772036 -0.00116882792931 0.000133611667727 0.000930194814037 -6.91296192608e-05 0.000765725332295 0.00137197723132 0.00157794215658 -0.000191334568173 0.000983377268573 0.00173946647711 0.000673794248135 -0.000428200886739 0.0033154497242 
0.00198856023493 0.00211357840944 0.00014257099467 0.0269823618036 0.00180449962511 0.000397689703975 0.000590535321427 0.000381769700181 0.00239145865732 0.00168688989172 -0.000195662696123 0.00110406254477 0.000510010623673 0.00212365153953 0.000851282503764 0.00549911107546 0.00360610401193 -0.00030357964016 0.00164568782743 -0.00151232788604 0.00452744798103 0.00103840359341 0.00108177053647 -0.000390160864468 0.00236973063995 0.0055696414833 -0.000327507086407 -0.000408589528224 0.00334713297921 0.000407520210632 0.00108374304707 0.00229875629851 0.00122071290476 0.00376682810796 0.00155826161222 -0.00101009460415 0.00345655575626 0.000559073773235 0.00238378223204 0.00164141411177 
0.00148013265745 0.00318495899503 0.00136173922238 0.00180449962511 0.0244197141768 0.00290066116084 0.00165119245051 0.00219312375188 0.0020580802484 0.00164333340645 0.00280688863847 0.00297038620263 0.00176633056814 0.000982852252288 0.00125304691063 0.00345013066627 0.00248823786529 0.00197645827872 0.00160975851537 0.0023701266295 0.000144215967589 0.000515870937094 -1.42769877476e-05 0.00117284005668 0.00324106161916 0.00187950649954 0.00069139401445 0.00230705744024 0.00261042080376 0.000248668880533 0.00102342080174 -0.00143768499289 0.00173204859663 0.00208274295354 0.00329749896399 -0.000847489030663 0.00176784016534 0.00128653462419 0.00239474662147 0.000823343837858 
-0.00100419571006 -0.000847867328041 -0.00129781503583 0.000397689703975 0.00290066116084 0.0245109436525 0.000225226875998 0.000656645136475 -0.0023331839518 -0.000822380528006 0.00257351901464 0.000141188083716 0.00134289254337 0.000341667325586 -3.27703127916e-05 0.000931685472944 0.00478968681838 0.00165807336479 -0.000347105571446 0.000573910591009 0.000336939085027 0.00166202019864 0.0123846676319 -0.00129098266897 0.000868442846944 -0.00163239658035 -0.000791435966988 0.000297437093964 0.00236525360401 -0.000167542655476 0.000702271579503 0.000447252600549 -0.000979531744755 -0.000311808476976 0.000884570466443 0.000548499889627 -0.000523894755809 0.00083409161087 0.000366417767936 0.00114176555354 
0.00381009551439 0.00100966376855 0.00123800487258 0.000590535321427 0.00165119245051 0.000225226875998 0.034981145853 0.00156039177553 -0.0005114228335 6.90125593997e-05 0.00100663681831 0.00161323830139 0.00207302964256 0.000541037574664 -0.000344918488453 0.000388612105884 0.00147651573056 -0.000765727566168 -0.00102632012827 0.00223482560442 0.00135955283171 0.000383453923361 1.96405473791e-05 0.000176255033871 0.00163274488366 0.00168931185169 0.00136982108656 0.00575727857115 0.00201793376101 0.00103355650027 -0.000543900231182 0.00102168045099 0.00174265909853 -0.00071288877765 0.0014057983707 -0.000803318006411 0.00390181579013 0.0024504608651 0.00100416579689 0.00188308511484 
-0.000886298553945 0.0018300012243 -0.000181892180422 0.000381769700181 0.00219312375188 0.000656645136475 0.00156039177553 0.026052830974 -0.000657138737116 0.00166909279151 0.00129211247817 0.00126001640416 0.00195573865145 -0.00249843927585 0.000574700940588 7.01537500001e-05 0.00430503929386 0.00154989092829 0.00164782796843 -0.000600705314913 0.000961766965119 0.00252807219412 0.000112772584752 0.000392579564069 0.000338533692722 0.00102954630827 0.000783817615725 0.00049657428453 -0.000484908769761 -0.00127460911558 0.00165150030457 0.00228963251457 0.000381924078938 0.00146693955118 0.00223065306961 0.000401919938023 0.000111422592799 0.00153177090925 0.00353814516707 0.000386799525868 
0.00183281663912 0.000202852812287 0.000574608155842 0.00239145865732 0.0020580802484 -0.0023331839518 -0.0005114228335 -0.000657138737116 0.0912806414281 0.00191965087644 0.000801394097454 0.000421601669693 0.000470174590515 -0.000409940044212 0.000772736186053 0.00490555697613 0.00175082414276 -0.00137868295526 0.0106548138853 0.00238272189944 0.00201444786047 0.00164350992155 0.0299540672779 0.000292493102986 0.0036147836829 0.00118018922712 -0.00172372917012 0.000679949044472 -0.00099392870192 -0.000971487145784 0.000165338599051 6.05276516758e-05 -5.47901432636e-06 0.00194064098531 0.000495345739672 0.00284995355559 0.00406798379024 -0.000177773956526 0.000338802452814 0.00260937135912 
-0.00116294088503 0.00036962904654 0.000395196874902 0.00168688989172 0.00164333340645 -0.000822380528006 6.90125593997e-05 0.00166909279151 0.00191965087644 0.0175680490664 0.00136274447901 0.00053876685729 -0.000319698190424 0.000800545607018 -0.000314218975047 0.00160309442906 0.00255290252067 0.00164036421616 0.00123214078657 0.000549497628397 -0.000399336549453 0.00140772417295 0.000207001012561 0.00151436413197 0.000222407262936 -0.00134405531424 -7.36199687315e-05 0.000817118369546 -0.00071366346969 0.00268894581984 0.000362073766811 0.00192119924998 -0.000634534139444 -0.00072789589685 -0.00082666381272 0.000714395325107 0.0012726260072 -0.00065712083599 0.000672397747173 -0.000222423943006 
-0.000497039767176 0.000847906698957 -0.000794306164671 -0.000195662696123 0.00280688863847 0.00257351901464 0.00100663681831 0.00129211247817 0.000801394097454 0.00136274447901 0.0125024767363 0.000490694592854 0.000989832425335 -0.000349961408239 0.000473779725517 0.00135084965299 0.000400658868903 0.00164748822961 0.000106780092923 0.0012515655291 -0.000420530827782 0.000797811646643 0.00455768786151 -2.06285470199e-05 0.00060150478479 7.77618768999e-06 0.000526007887085 0.000273048336927 0.00207958677565 0.000396153882706 0.00172546027825 0.000935294888181 0.00294281605365 -0.000735157519065 0.00141230027453 -0.000335006918117 0.00097570230012 0.000138073970907 0.00067547051119 -0.000436354498085 
0.000159210116703 -0.000788803292409 0.000162806361974 0.00110406254477 0.00297038620263 0.000141188083716 0.00161323830139 0.00126001640416 0.000421601669693 0.00053876685729 0.000490694592854 0.0168344669079 0.00212819329949 0.00271192283165 0.000814799295995 0.00489462772834 0.00329171618943 0.00142465717362 0.0025092667302 0.00223343978828 0.00107628999482 0.00153241667586 -0.000279428745518 0.000339649779461 0.00114782439994 0.00186256846968 0.00231704819193 -7.52198922801e-05 0.00211421520271 0.000249023741827 0.00116775461453 0.000785926072622 0.0025397220234 0.00291438885075 0.00262052496742 0.00183887634284 0.00172823848474 0.0020585496332 0.00202558892295 0.000332925448321 
0.000737905314453 0.00192196104818 0.000573860738173 0.000510010623673 0.00176633056814 0.00134289254337 0.00207302964256 0.00195573865145 0.000470174590515 -0.000319698190424 0.000989832425335 0.00212819329949 0.0108277782787 0.00313587569948 0.00265289106613 0.00318248934706 0.00342107418496 0.000178238542655 0.00122039200898 0.00161592563438 0.00181854826698 0.00324448638638 0.000786684719347 0.00143366301393 0.00283892385287 0.00163691757985 0.00174756936039 0.00109251612263 0.00108106148244 0.00110388448596 0.000470827580808 0.00168400728587 0.000102751555782 -9.51200767127e-06 0.0037973439172 0.000245161488146 0.0017988116058 0.00458161033269 0.00308943825806 0.0018721040863 
-0.00171324112527 0.00138992744659 0.00167345591246 0.00212365153953 0.000982852252288 0.000341667325586 0.000541037574664 -0.00249843927585 -0.000409940044212 0.000800545607018 -0.000349961408239 0.00271192283165 0.00313587569948 0.0394598366898 0.000998372005245 0.00382053322088 0.000405947905591 0.00380588744138 0.00136169166649 0.00157174956164 0.000635062370156 0.00124169441715 -4.77184030822e-05 0.00798529680442 0.00226818784803 0.00758435524727 0.000458638922607 -0.000391738582243 -0.000575700992372 0.00299618504878 0.00145335789508 -0.000582798936374 -0.00107752191059 0.00516929727266 0.00272446725411 -6.40932694495e-05 0.0039610154087 0.000425711313043 0.000864187879273 0.00101709055469 
0.00189725062042 0.0010933910969 0.000568580595423 0.000851282503764 0.00125304691063 -3.27703127915e-05 -0.000344918488453 0.000574700940588 0.000772736186053 -0.000314218975047 0.000473779725517 0.000814799295995 0.00265289106613 0.000998372005245 0.0134910734081 0.00162733234373 0.00147551028236 0.00110501487598 0.000631819780571 -0.000496005194652 0.00157293200228 0.000528533890577 0.000964619482148 0.00201471331125 0.00221328455164 -0.00114842190208 0.000791223347491 0.00241973837029 0.00131630015097 0.0025274438643 -0.000844206709135 0.000215534115759 0.000716774563808 0.000387314524635 0.0022643148749 0.000436622128324 0.0008771300992 0.00089478718192 0.00185331093936 0.00117839336608 
0.00725338465042 0.00063580170178 0.00180937308761 0.00549911107546 0.00345013066627 0.000931685472944 0.000388612105884 7.01537500002e-05 0.00490555697613 0.00160309442906 0.00135084965299 0.00489462772834 0.00318248934706 0.00382053322088 0.00162733234373 0.0430961412725 0.00668481883044 -0.00198048061587 0.0034351644301 0.00249615268105 0.00145479487566 -0.000295178930625 -0.000429556952609 0.00209318532187 0.00398213336304 0.00249917559453 0.00352320921097 0.00237140039422 0.00551711004902 0.00550839896113 0.000137898972772 0.00553990552801 0.00559208780858 0.00620198451869 0.00418103424922 0.00213408405392 0.00628625824095 0.00238350128003 0.00264128481894 0.00121418328387 
0.000627589451783 0.00125343080398 0.00232981937733 0.00360610401193 0.00248823786529 0.00478968681838 0.00147651573056 0.00430503929386 0.00175082414276 0.00255290252067 0.000400658868903 0.00329171618943 0.00342107418496 0.000405947905591 0.00147551028236 0.00668481883044 0.023547786782 0.000578276603522 0.00186237456364 0.00110133218458 0.00207867884023 0.00310069229821 3.18573966583e-05 0.00455399414793 0.00321549889424 0.00290359772451 0.00082442025973 0.000750490330914 0.00194597691046 0.00246146762452 0.0017424959035 0.00345201243516 0.000794322749371 0.00346791513303 0.0042231251832 0.00126423247763 0.00150249463511 0.00252263514821 0.00286602365934 0.00037542424814 
0.00155559657631 0.00411867137061 0.00288172858681 -0.00030357964016 0.00197645827872 0.00165807336479 -0.000765727566168 0.00154989092829 -0.00137868295526 0.00164036421616 0.00164748822961 0.00142465717362 0.000178238542655 0.00380588744138 0.00110501487598 -0.00198048061587 0.000578276603522 0.088200708715 0.0022770104717 0.00190554236571 -0.000822803166431 0.000233215637224 0.00284057500858 0.00217042639493 0.000906959460672 -0.000568728364956 -0.00259433086197 -0.000701166668424 0.00426191918971 0.00195110053395 0.00285645249573 -0.000709818255047 0.000354415108391 0.000705650309822 -0.000503528105975 0.00144834683121 -0.00139353793457 -0.00166645965208 0.000793503410582 0.00153178971974 
