50
0.0887704215167 0.0585004976968 0.0277880817415 0.134360436546 0.0823962853659 0.0493870590102 0.0916953774684 0.0413299620627 0.10643743266 0.0669670800901 0.0695206157777 0.0363676427781 0.0283464571838 0.0755027876102 0.0839491815724 0.0301615681032 0.0896854693356 0.022775665512 0.0444205393046 0.046041615311 0.103166553638 0.0590120409917 0.399937027552 0.0256858872149 0.0578888041786 0.0070666509449 0.0593939882808 0.158066549078 -0.00660692339257 0.123331646141 0.0498631258667 0.0345230729479 0.0539269159384 0.067616439087 0.142595623168 0.0756818342608 0.149701567326 0.0766259396051 -0.00773505516991 0.0621428512979 0.125568601155 0.110578936942 0.185813705736 0.0431815223905 0.0914492870129 0.0940944116816 0.0952470994091 0.0680936188342 0.0203567883068 0.126841392599 
0.324267086072 0.00997736441565 0.013359343809 0.01235203637 -0.0312267853917 0.0241052904604 0.0185937663637 -0.00349384724382 -0.0112669514259 0.0220531479751 -0.00785559466558 0.0169723004111 0.0131370225275 0.0266566474301 0.00213805722005 0.0582836234504 0.00104114348023 0.0151076180149 0.0114625930634 0.0237693020484 0.0340342201615 0.0462098251181 0.0125678936802 0.0216402478001 0.024238689069 0.0133073844756 0.0177429878438 0.00651198207806 0.0300380838754 0.0417184335873 0.011874916109 0.0256379234466 0.0269353434971 0.0146871920629 0.0148587596091 0.00378512396272 0.00372608298349 0.0434597178298 0.0201348894193 0.0289605203745 -0.00586781844872 -0.00840728816131 0.0272182341387 0.000567159596218 0.0215248865086 0.0064080688103 0.028852226164 0.0217149380717 0.018631840998 0.0489565459554 
0.00997736441565 0.310624217372 0.00839397462844 0.00463726526899 0.0625446787744 0.0134288867744 0.0270030149073 0.0164378116759 0.0154771199836 -0.0154860009756 -0.000478829508482 0.0112693263117 0.0266277413128 -0.0212922067946 0.00592494747873 0.021604045116 0.0199995857625 0.0198385649208 0.0303678789501 -0.00807081163781 0.0268039378674 -0.011503757945 0.111579094395 0.00699204673005 -0.0016902390644 0.00171134255888 0.023389495759 0.00835574735852 0.00744921160091 0.0506420495783 0.0244212249415 0.0113289959261 0.0213676938939 0.0784849452814 0.0753459060438 -0.0181383651617 0.0277193067781 -0.00669713264756 0.00709208559389 0.00699039358452 -0.00227038830587 0.0224002739595 0.0454684757762 0.00641016997379 0.049967682788 0.0264694542911 0.0271407567446 0.019995422288 0.0176308906773 0.0463306129922 
0.013359343809 0.00839397462844 0.155384082643 0.0215170929121 -0.00655336115849 0.0256343474011 0.024126366949 0.0182125961943 0.054397037135 0.0138836634817 0.0192773129598 0.0263072430467 0.0178571502616 0.0192792608191 0.0229584770502 0.0132049997812 0.000597973404582 0.0122105076205 0.00820980635447 0.0228505502836 0.0244386627931 0.0112520168546 0.00223717150773 0.0265180532942 -0.00174875327156 -0.000135250831773 0.0117550178073 -0.00594148518092 0.0312617286465 0.0153647053244 0.0243348786469 0.000214436395977 0.0174194100687 0.0264363009891 0.0278302136066 0.0211477277377 -0.0107546882631 0.0199604844301 0.013112018884 0.0235221657419 0.0221113618285 0.00321685061757 0.0262119533836 -0.004451536401 0.0168405138548 -0.00416779929453 0.0237466105609 -0.00142786834464 0.0239461818988 0.000220227517533 
0.01235203637 0.00463726526899 0.0215170929121 0.552168291845 -0.00834134134833 0.0133383035674 0.0294635283408 0.0109642407734 0.0267175788294 -0.00371114572294 -0.0185667089864 0.0041526274941 0.0147372599081 0.00147769374197 -0.0272647393581 0.0326718961252 0.0199500410868 0.0275731876007 0.0253250817858 0.0213236403322 -0.0197350312543 0.0195087626378 0.0154650018833 -0.0050714605594 0.0959125913811 0.0111578906171 -0.00230493443738 -0.019326846316 0.00836914902062 0.00631042479751 0.0607846673471 0.0124708637601 0.0104830452865 0.00550546272955 0.0546127531322 -0.00534378477437 -0.0117447410203 0.00576972811499 0.0397086425862 0.026750224116 0.0119893203716 0.0143344049658 0.0268935577222 0.0194294616422 0.0292105316636 0.0170349726012 -0.00166808081162 0.0160893810302 -0.0191737717779 0.0222409916032 
-0.0312267853917 0.0625446787744 -0.00655336115849 -0.00834134134833 0.311222804041 0.0115675733038 0.0045668599312 -0.0101035644013 0.0029311130438 0.00777884402921 0.0482219678758 -0.000841792516283 0.0228495893277 0.000334022735604 0.0401980977191 0.00928460953131 -0.00557135035889 0.019747471769 0.00773091963429 0.0125155974397 0.00894835389302 0.017001876914 0.0380731008037 0.027678672918 -0.00681733205671 0.0357894736275 -0.00212942856881 0.00220934866027 0.00173425480259 -0.000712090509921 0.0162789242767 0.0065770940824 0.00944727372014 0.0721010878632 0.0662542966641 0.0172434935317 -0.00598535195301 0.00720024928605 0.0171224414023 0.0117044534779 -0.0143960220888 0.0574166276499 0.0118721936723 0.0309656059412 0.00211747646598 0.0305467317659 0.00369165158739 0.000952061410757 0.00527270866092 -0.0068545605819 
0.0241052904604 0.0134288867744 0.0256343474011 0.0133383035674 0.0115675733038 0.206537748384 0.0228795286775 -0.00318595329069 0.0363721541949 0.010505066345 -0.000307279011265 0.00838698644309 0.00762756258477 0.0210637635757 -0.00104788838318 0.0160230517066 0.0197525128231 0.0171191209114 0.0135543620781 0.00949823351355 0.0171205107733 0.0171795425204 0.0126565399777 0.00160334204316 0.00573668822834 0.00758751116372 -0.0186022897353 -0.00946286339755 0.00313201670725 0.0109751688362 0.00825318013967 0.0232941197208 0.0090524152813 -0.0212857908661 -0.0040533178222 0.00996827657497 -0.00638203163404 0.0246423448814 0.0123747444666 0.0204734423865 -0.00980615074445 -0.00733525106985 0.0308436896004 0.00791209849368 0.049938743038 0.0100957250217 0.020382707076 0.0154539448151 0.00226692264741 0.018239481458 
0.0185937663637 0.0270030149073 0.024126366949 0.0294635283408 0.0045668599312 0.0228795286775 0.407474633402 0.0137531973149 0.0508011572275 0.0293267772298 0.00882713354109 0.0519994284005 0.00821028714344 0.0128495106229 0.0251650308248 0.01375038819 0.0485094613016 0.0147144332647 0.011818623626 0.0293815592949 0.0301268484057 0.00830636033574 -0.0164735489145 0.036724551655 0.0266310673761 0.00184930880981 0.018231803101 0.035204915652 0.0193000478156 0.0817936713544 0.0361351101016 0.0407540615105 0.0483998519554 0.0115164127854 0.0367791635155 0.035675293755 0.00808273980826 0.0492140801915 0.0108790759134 0.0151201660902 0.0450678358497 0.0644862396581 0.239917496105 0.0267292212247 0.194129264595 0.0576127408862 0.0965418032329 0.0204343879924 -0.0059837188541 0.00560000200177 
-0.00349384724382 0.0164378116759 0.0182125961943 0.0109642407734 -0.0101035644013 -0.00318595329069 0.0137531973149 0.285978385788 0.00884982959962 0.000771154889409 -0.0053106299775 0.024252197012 0.0200007513093 0.0251957679348 0.0164449165755 0.00705499494047 0.017306914941 0.0186233399464 0.0258210820845 0.0207371631028 0.00769546207356 0.0237117108589 0.000235709548424 0.0244328044701 -0.016453093183 -0.00641565532449 0.0227524006364 0.0111396705819 0.01275758708 0.0123276647025 0.0276142319564 0.00454317588628 0.0119285322438 0.0150146244285 0.0358397378732 -6.11945607659e-05 0.00411558535996 0.0027191562995 0.00399837864665 0.0195465835521 -0.00736129444163 0.00292692787324 0.0279502473205 0.0102830458831 0.0221533173256 0.0248925234835 0.033138082236 0.0110041491828 0.0402908966127 0.0348316719711 
-0.0112669514259 0.0154771199836 0.054397037135 0.0267175788294 0.0029311130438 0.0363721541949 0.0508011572275 0.00884982959962 0.490603388236 -0.00800982048483 -0.00838341366361 -0.00573239746992 0.00487900176933 -0.0288782335684 0.00681952746508 0.0246571432532 0.0204760851335 0.0456179219918 0.0185676158718 0.0338613315559 -0.0313688023178 -0.00190674639096 0.0465219401616 0.012149538588 0.123464856052 -0.0120544861922 0.0025156782355 -0.0117474160373 -0.00917460380329 0.0178804998693 0.0328975339105 0.0376746985584 0.0158850193245 -0.00810533480771 0.0168831312111 0.0105171695161 0.0622490867577 0.00447073739995 0.0107572739911 0.0225873671029 -0.0041275255418 0.0243253301064 0.036667624323 0.000416917358046 0.0512979369296 0.026019091109 0.0346106326629 0.0265976123078 -0.010174292345 0.0131052308982 
0.0220531479751 -0.0154860009756 0.0138836634817 -0.00371114572294 0.00777884402921 0.010505066345 0.0293267772298 0.000771154889409 -0.00800982048483 0.239670370089 -0.00930169740224 0.0350889736793 0.0307210727652 0.0223257847277 0.0133055337494 0.0128038863342 0.0293352151352 0.0131044473128 0.0210289202731 0.0336571678817 0.0281617862774 0.00670252021382 -0.0201021489756 0.00314061349437 -0.0164513799092 0.0133341081024 0.0389025945148 -0.0373591453922 0.0160699531407 0.0469752639107 0.000372030561826 0.0118933321452 -0.00240397714882 -0.0217255166989 -0.00332675823958 0.0161338759918 0.00184961309157 0.057144223394 -0.00185085990452 0.025588445253 -0.0158866667328 0.0131883538807 0.0176730039158 0.0030076532585 0.0468610097624 0.0157112596179 0.0243726694205 0.00332115057624 0.0135655486165 -0.00129573311337 
-0.00785559466558 -0.000478829508482 0.0192773129598 -0.0185667089864 0.0482219678758 -0.000307279011265 0.00882713354109 -0.0053106299775 -0.00838341366361 -0.00930169740224 0.800655646282 -0.00648658269037 0.00691008171133 0.0238542557044 -0.0246679633679 0.0136194598691 0.0194896071732 0.00191073725444 -0.003943974622 0.00653089965014 0.0322390967916 -0.0152214745308 0.0301769781505 0.00222071625362 -0.0169231483394 9.88094557424e-05 0.0146293445429 -0.00585666108178 0.00651190003172 0.0198241312093 0.0120986188257 0.00120176758477 -0.00374460598219 0.00867360527878 0.0171385461605 -0.0013686546309 -0.0156312793235 -0.00220184876818 0.0353374150125 -0.00854217636098 -0.0213092041596 0.0820855527295 0.0203206839373 0.0121332821512 -0.000602718509532 0.0410304285514 0.00185138527694 0.0108228240624 0.0112948767816 0.0141443293529 
0.0169723004111 0.0112693263117 0.0263072430467 0.0041526274941 -0.000841792516282 0.00838698644309 0.0519994284005 0.024252197012 -0.00573239746992 0.0350889736793 -0.00648658269037 0.189175359595 0.00538569970829 0.0161393714127 0.0105575761606 0.0162128228668 0.0447565207303 0.0247934237607 0.00983912270079 0.0168111421741 0.00581401390763 0.00516465160728 0.0124967292832 0.030431753661 -0.0022453162098 0.020927579323 0.0234317134068 -0.00911482361179 0.0302896576054 0.0148352356064 -0.0127089638407 0.0283017711188 0.0060186573608 0.0138931782923 0.0238950357246 0.0144157507182 -0.0057056404611 0.0112168675483 0.0100438971198 0.0172433600701 -0.00345145934872 -0.00248420869404 0.0370810261952 0.00491020113215 0.0319491226911 0.0299605705557 0.0271711533557 -0.00395031104832 0.0181269966674 -0.00406838654097 
0.0131370225275 0.0266277413128 0.0178571502616 0.0147372599081 0.0228495893277 0.00762756258477 0.00821028714344 0.0200007513093 0.00487900176933 0.0307210727652 0.00691008171133 0.00538569970829 0.174279970044 -0.00482957286903 -0.00308233041008 0.0272074551272 0.0260567891683 0.0165910919783 0.00927621377888 0.0116941860359 0.0157588462755 0.0112437593949 0.0362658747741 0.0265393194367 0.0022231151238 0.00592627416715 0.022043689514 -0.000572136826136 0.0334500597825 0.0131676581261 -0.00827298477542 -0.00153167414301 0.00870873951774 0.0279428916423 0.00139201196942 0.0347171901823 0.0100092740416 0.0240887824059 0.00924880020425 0.0250360763432 0.0104606532984 0.00809733545599 0.00901829559523 0.0286411223379 0.020370138659 -0.00223882585316 0.00647940780324 0.0219642889024 0.0253954321928 -0.00720927108843 
0.0266566474301 -0.0212922067946 0.0192792608191 0.00147769374197 0.000334022735604 0.0210637635757 0.0128495106229 0.0251957679348 -0.0288782335684 0.0223257847277 0.0238542557044 0.0161393714127 -0.00482957286903 0.723931171836 0.00911855128932 0.017737626638 -0.01936338913 0.0436296180169 0.00327361136765 0.00658277173235 0.0373692231199 -0.00570752555113 0.0690910445756 0.0236516427113 -0.0245712470192 -0.00486630332767 0.0176181704812 -0.0176640884948 0.0200223329269 -0.00473664303346 0.00117898374386 0.00296602036522 0.00924721994609 0.0214130399124 0.00724136447172 0.000529347017139 -1.4536207631e-05 0.00250451281739 0.0284144317389 0.0172583113414 0.0839267886136 -0.00298823729296 0.0195403401348 0.0164731835169 0.0363246856878 0.026889838428 0.0336140027292 0.0115688994365 0.00607035773153 -0.0105462067021 
0.00213805722005 0.00592494747873 0.0229584770502 -0.0272647393581 0.0401980977191 -0.00104788838318 0.0251650308248 0.0164449165755 0.00681952746508 0.0133055337494 -0.0246679633679 0.0105575761606 -0.00308233041008 0.00911855128932 0.586867084119 0.0334381874532 -0.0108890246345 0.0326554514932 0.00875718176615 0.0391308100303 0.0183114025358 0.00483610524682 0.0288556955888 0.0284200957773 0.0154249496718 0.0101459772059 0.00118470247671 0.00923908208007 0.0282038457799 0.0772070792944 0.0184336037762 0.0198308754286 0.0163170176447 0.0492496723412 0.0104738205683 -0.00924447773133 0.00373932836598 0.0133923529814 -0.0035083253935 0.0188687463182 0.0764044860312 0.0113297340728 0.0364618213059 0.0137728577751 0.0275268255566 0.00141677295041 0.0341045568349 0.0128966459705 0.0425764103861 0.0168440222811 
0.0582836234504 0.021604045116 0.0132049997812 0.0326718961252 0.00928460953131 0.0160230517066 0.01375038819 0.00705499494047 0.0246571432532 0.0128038863342 0.0136194598691 0.0162128228668 0.0272074551272 0.017737626638 0.0334381874532 0.210551312905 0.0187965759243 0.0311159857714 0.0182192252752 0.031412516414 0.0143485883093 0.0293337308293 0.00825807155683 -0.00733183720289 0.0133199886125 0.00796175196744 0.0151429242734 -0.0268381374324 0.0267724308231 0.0321132446385 0.015385528502 0.0192182465432 0.0235672540939 0.0321341472263 0.0132800478752 0.019696689338 0.0223805098667 0.010943752631 0.0162979147578 0.0326400425155 0.0107260795132 -0.00642842929764 0.0420934456589 0.00536838520658 0.0262495712671 0.00945501246008 0.00474575723462 0.0169187356062 0.0245978351394 0.0168400674043 
0.00104114348023 0.0199995857625 0.000597973404581 0.0199500410868 -0.00557135035889 0.0197525128231 0.0485094613016 0.017306914941 0.0204760851335 0.0293352151352 0.0194896071732 0.0447565207303 0.0260567891683 -0.01936338913 -0.0108890246345 0.0187965759243 0.248470215761 0.0198701782607 0.0108133689081 0.0330545806454 0.00977451237954 0.00865085803304 0.00521538511605 0.0246738117943 0.00596326982176 -0.00147165806543 0.0250388697205 -0.0185927021797 0.0139437307732 0.0375612130287 0.0243117012998 0.0128873863167 0.00261606453597 0.0125002493169 0.0333424946242 0.00275674568621 0.0252457176228 0.0192585311039 0.00891365146419 0.00969626567537 0.00271050414819 0.0265011598913 0.0429038815332 -0.00322732392966 0.0270762486865 0.022562664959 0.0127703573632 0.0137257040501 0.00119676864144 0.00489304818519 
0.0151076180149 0.0198385649208 0.0122105076205 0.0275731876007 0.019747471769 0.0171191209114 0.0147144332647 0.0186233399464 0.0456179219918 0.0131044473128 0.00191073725444 0.0247934237607 0.0165910919783 0.0436296180169 0.0326554514932 0.0311159857714 0.0198701782607 0.214260237427 0.0392873888537 0.0192766500898 0.00674385937035 0.00994682389972 0.0272343939056 0.0206426272104 0.05052527876 0.011077215358 0.0166223764513 -0.000777352201265 0.0214810981481 0.0403363430946 0.0243872290182 0.0287324697387 0.0159654041255 0.0292272513517 0.0280703499334 0.011403190405 0.0314260963001 0.0159953921886 0.0362075835234 0.0153462911902 0.0245941731696 0.0267305640273 0.0197541441064 0.0228938896374 0.0346015559076 0.0260157105157 0.0177407461927 0.0259085449085 0.0226334695824 0.030012576153 
0.0114625930634 0.0303678789501 0.00820980635447 0.0253250817858 0.00773091963429 0.0135543620781 0.011818623626 0.0258210820845 0.0185676158718 0.0210289202731 -0.003943974622 0.00983912270079 0.00927621377888 0.00327361136765 0.00875718176615 0.0182192252752 0.0108133689081 0.0392873888537 0.168318794381 0.0181567879871 -0.0144258921961 0.00877758908929 0.0189311355622 -0.000628668472101 0.0181919000838 0.0217210184383 0.0189457532492 -0.0115408601179 0.0180068059403 -0.00234920155043 0.0292159389102 0.0282628448618 0.0213669665814 0.00140812394945 0.0163764704466 0.0160521572508 0.0022410197682 0.0225546034083 0.01525977036 0.0164601136717 0.00745618613613 0.0120785828008 0.020259554556 0.020780794309 0.0230079964263 -0.00241413827549 0.020963056297 0.00938271162732 0.0246685884336 0.00981823276264 
0.0237693020484 -0.00807081163781 0.0228505502836 0.0213236403322 0.0125155974397 0.00949823351355 0.0293815592949 0.0207371631028 0.0338613315559 0.0336571678817 0.00653089965014 0.0168111421741 0.0116941860359 0.00658277173235 0.0391308100303 0.031412516414 0.0330545806454 0.0192766500898 0.0181567879871 0.293925229113 0.0118662096573 0.0135813053335 0.010579713925 0.0164233361237 0.0052641792332 -0.0022341807607 0.0156596081985 0.00114559149966 0.024743530682 0.0545410498373 0.0280719327165 0.00831776727048 0.0371012552349 0.0289339389651 0.0145164684117 0.0223615972125 0.0235607633893 0.0218086285653 0.0146644093963 0.0169602435519 0.0214218377724 0.00892144357386 0.0153979660482 0.0139490137058 0.0265467185114 0.0247138830872 0.0147416474954 0.0248575117705 0.0303481300637 0.0194837557192 
0.0340342201615 0.0268039378674 0.0244386627931 -0.0197350312543 0.00894835389302 0.0171205107733 0.0301268484057 0.00769546207356 -0.0313688023178 0.0281617862774 0.0322390967916 0.00581401390763 0.0157588462755 0.0373692231199 0.0183114025358 0.0143485883093 0.00977451237954 0.00674385937035 -0.0144258921961 0.0118662096573 0.365229479336 -0.0104070573415 0.072757941012 0.00684507206032 -0.0229561412351 0.00796737479566 -0.0115468867119 0.0202333833754 0.0196070275471 0.0148080390029 0.0139718112409 -0.00222602543057 0.010239180493 0.0209726559909 0.0254729362655 -0.00699989689102 0.0088390888854 0.00904683347713 0.00849239815851 0.00650587906132 0.00739877415866 -0.00143890017943 0.0148229447415 0.00211522696537 0.0153391267633 0.052181500212 0.0382084182677 0.00312200741395 -0.00773911554956 -0.0164215291634 
0.0462098251181 -0.011503757945 0.0112520168546 0.0195087626378 0.017001876914 0.0171795425204 0.00830636033574 0.0237117108589 -0.00190674639096 0.00670252021382 -0.0152214745308 0.00516465160728 0.0112437593949 -0.00570752555113 0.00483610524682 0.0293337308293 0.00865085803304 0.00994682389972 0.00877758908929 0.0135813053335 -0.0104070573415 0.282537662499 0.0146269664847 0.0115743061656 0.0260971415556 0.00835446383767 -0.00729670695572 0.00407888339544 0.00978020790951 0.014370054325 0.00477321886745 -0.00144464018158 -0.00169909861435 0.00389697586173 0.0230275103892 0.0042165353403 -0.0033585275285 0.0177214069624 0.00851645518992 0.0142269808795 0.0440856718981 0.00886642684549 0.0115826596197 0.00367224804494 0.0348624970038 -0.00245872818828 0.0190793522632 0.0124968444845 0.00932924943182 0.0122976401454 
0.0125678936802 0.111579094395 0.00223717150773 0.0154650018833 0.0380731008037 0.0126565399777 -0.0164735489145 0.000235709548424 0.0465219401616 -0.0201021489756 0.0301769781505 0.0124967292832 0.0362658747741 0.0690910445756 0.0288556955888 0.00825807155683 0.00521538511605 0.0272343939056 0.0189311355622 0.010579713925 0.072757941012 0.0146269664847 1.30949455475 -0.0173484083403 0.0158692251353 0.00797949064755 0.0109709705232 -0.0371531880081 0.0146550632345 0.0127490961795 0.00897710396491 0.0171106979045 0.0384065213208 0.0562261526381 0.119873023779 0.0108185217646 0.0296132245423 0.0355587658424 0.0137295696202 0.0197951333292 0.000416429418896 0.0499237176538 0.0264381880092 0.0083715977483 0.015405865268 0.055914691105 -0.0149105017924 0.0401554429456 0.0207284912765 0.0205049966352 
0.0216402478001 0.00699204673005 0.0265180532942 -0.00507146055939 0.027678672918 0.00160334204316 0.036724551655 0.0244328044701 0.012149538588 0.00314061349437 0.00222071625362 0.030431753661 0.0265393194367 0.0236516427113 0.0284200957773 -0.00733183720289 0.0246738117943 0.0206426272104 -0.000628668472102 0.0164233361237 0.00684507206032 0.0115743061656 -0.0173484083403 0.201923031464 0.0110745378763 0.00797276313551 -0.00223807628338 0.00213298671842 0.0263805350232 -0.00352694597275 0.0516943276622 0.00996523483228 0.00231555500251 0.0315502143487 0.0154238723303 0.0177002725464 -0.00393606679772 0.0203403415508 0.00199162002137 0.00596307609139 0.00867469437817 0.00461200387918 0.0135383737933 -0.00327215267116 0.0244613305309 0.0282162769165 0.0465753692426 -0.00303311636879 0.0245380477193 0.0140083630747 
0.024238689069 -0.0016902390644 -0.00174875327156 0.0959125913811 -0.00681733205671 0.00573668822834 0.0266310673761 -0.016453093183 0.123464856052 -0.0164513799092 -0.0169231483394 -0.0022453162098 0.00222311512379 -0.0245712470192 0.0154249496718 0.0133199886125 0.00596326982176 0.05052527876 0.0181919000838 0.00526417923319 -0.0229561412351 0.0260971415556 0.0158692251353 0.0110745378763 0.419951628626 0.0117466043626 0.0317768111841 -0.0402709872976 0.0151091506387 0.0139213227555 0.0487298009091 0.022100270248 0.0159312874026 0.00129892811737 0.0189511898607 0.000107063328624 0.00236977292367 0.0177646446322 0.0313790679764 0.0193498285345 -0.0182223890079 0.0128534580886 0.0327893348878 0.0034626878775 0.045535669629 0.0292329949912 0.0387053613675 0.00493921270508 -0.0101563720598 0.0140049084619 
0.0133073844756 0.00171134255888 -0.000135250831774 0.0111578906171 0.0357894736275 0.00758751116372 0.00184930880981 -0.00641565532449 -0.0120544861922 0.0133341081024 9.88094557424e-05 0.020927579323 0.00592627416715 -0.00486630332767 0.0101459772059 0.00796175196744 -0.00147165806543 0.011077215358 0.0217210184383 -0.0022341807607 0.00796737479566 0.00835446383767 0.00797949064755 0.00797276313551 0.0117466043626 0.174270355329 0.0174578860349 0.000153795447023 0.00728345394116 0.0237145520424 0.0180064801006 0.00605345113687 0.0119095573078 0.010683110352 -0.0160493907456 0.00321213301969 -0.00622507129976 0.0184530293124 -0.00150789075301 -0.00606662677566 0.0076318883218 0.0262159883179 -0.00122203570591 -0.000190034119363 -0.0081772031857 0.0119974149556 0.0235410069168 0.0140643435462 0.0132959024951 0.00615652126409 
0.0177429878438 0.023389495759 0.0117550178073 -0.00230493443738 -0.00212942856881 -0.0186022897353 0.018231803101 0.0227524006364 0.0025156782355 0.0389025945148 0.0146293445429 0.0234317134068 0.022043689514 0.0176181704812 0.00118470247671 0.0151429242734 0.0250388697205 0.0166223764513 0.0189457532492 0.0156596081985 -0.0115468867119 -0.00729670695572 0.0109709705232 -0.00223807628338 0.0317768111841 0.0174578860349 0.218980145344 0.00606845963848 0.0251624265994 0.0186658568348 0.0144475322469 0.0078073471974 0.0258032521786 0.0172190860446 0.0200410952558 -0.00499200805815 -0.0113527471002 0.0230324128412 0.0127692833617 0.0134429979225 -0.00959454333582 0.0390977975948 0.0180031973728 -0.0156988266164 0.0166841369961 0.0136718359167 0.0240546890933 0.01745923792 0.00827799647776 0.0327430112367 
0.00651198207806 0.00835574735852 -0.00594148518092 -0.019326846316 0.00220934866027 -0.00946286339755 0.035204915652 0.0111396705819 -0.0117474160373 -0.0373591453922 -0.00585666108178 -0.00911482361179 -0.000572136826136 -0.0176640884948 0.00923908208007 -0.0268381374324 -0.0185927021797 -0.000777352201265 -0.0115408601179 0.00114559149966 0.0202333833754 0.00407888339544 -0.0371531880081 0.00213298671842 -0.0402709872976 0.000153795447024 0.00606845963848 0.684920187853 -0.00858378303559 -0.00717463740012 0.00634386879509 3.14160275909e-05 -0.002998687737 -0.00471558855822 0.0268555592458 0.0182887324951 0.00659787374328 0.0101009707049 -0.00940797145681 0.0161138461914 -0.0126992146563 -0.0150392181323 0.0163545916407 0.0249207792775 0.00111930346519 -0.0182852803287 -0.00884472119085 0.0030750597159 0.00678253086545 -0.013441345389 
0.0300380838754 0.00744921160091 0.0312617286465 0.00836914902062 0.00173425480259 0.00313201670725 0.0193000478156 0.01275758708 -0.00917460380329 0.0160699531407 0.00651190003172 0.0302896576054 0.0334500597825 0.0200223329269 0.0282038457799 0.0267724308231 0.0139437307732 0.0214810981481 0.0180068059403 0.024743530682 0.0196070275471 0.00978020790951 0.0146550632345 0.0263805350232 0.0151091506387 0.00728345394116 0.0251624265994 -0.00858378303559 0.163541437638 0.0165251202105 0.00567212440535 0.00484805521175 0.00755428514245 0.0130126945506 0.0246341643929 0.0144943455104 0.0233741468117 0.00816294594854 -0.00765817601564 0.0204803662485 0.0344788571569 0.00715200103485 0.0235069927119 0.00838868046423 0.02828805477 0.0241680286576 0.00704054643697 0.00914287759684 0.0378599114133 0.0188333089681 
0.0417184335873 0.0506420495783 0.0153647053244 0.00631042479751 -0.00071209050992 0.0109751688362 0.0817936713544 0.0123276647025 0.0178804998693 0.0469752639107 0.0198241312093 0.0148352356064 0.0131676581261 -0.00473664303346 0.0772070792944 0.0321132446385 0.0375612130287 0.0403363430946 -0.00234920155043 0.0545410498373 0.0148080390029 0.014370054325 0.0127490961795 -0.00352694597275 0.0139213227555 0.0237145520424 0.0186658568348 -0.00717463740012 0.0165251202105 0.42890863172 0.0410558847796 0.0158924285693 0.00656698269337 0.00841692322477 -0.000307424842195 0.0113040834945 0.0436525487402 0.0362248331237 -0.00650730954177 0.00882594090527 0.0325779486371 0.00826642044969 0.0834069541671 0.0244236848724 0.0680654356605 0.0573074709815 0.0653740448877 0.0300113004357 0.00603599152074 0.0102498827513 
0.011874916109 0.0244212249415 0.0243348786469 0.0607846673471 0.0162789242767 0.00825318013967 0.0361351101016 0.0276142319564 0.0328975339105 0.000372030561826 0.0120986188257 -0.0127089638407 -0.00827298477542 0.00117898374386 0.0184336037762 0.015385528502 0.0243117012998 0.0243872290182 0.0292159389102 0.0280719327165 0.0139718112409 0.00477321886745 0.00897710396491 0.0516943276622 0.0487298009091 0.0180064801006 0.0144475322469 0.00634386879509 0.00567212440535 0.0410558847796 0.283607400123 0.00856271525593 -0.00909833509807 0.00317643774539 0.0016324694955 0.0213108592096 -0.00151943570608 0.0450384612055 0.00885802594418 0.0255844344836 0.00619699921686 0.0430729253297 0.0463115636046 0.000787651882738 0.0176526006852 0.0230357302697 0.0529943065697 0.00321670192856 -0.00267161322283 -0.000401538254404 
0.0256379234466 0.0113289959261 0.000214436395978 0.0124708637601 0.0065770940824 0.0232941197208 0.0407540615105 0.00454317588628 0.0376746985584 0.0118933321452 0.00120176758477 0.0283017711188 -0.00153167414302 0.00296602036522 0.0198308754286 0.0192182465432 0.0128873863167 0.0287324697387 0.0282628448618 0.00831776727048 -0.00222602543057 -0.00144464018158 0.0171106979045 0.00996523483229 0.022100270248 0.00605345113687 0.0078073471974 3.14160275906e-05 0.00484805521175 0.0158924285693 0.00856271525593 0.172249031935 0.0133501893046 0.00856113883309 -0.00536593117108 0.0214008685109 0.0115196131981 0.0115472835274 -0.00473481336155 0.020259235106 0.00807095553296 0.00155238891102 0.0302160996263 0.0276361246134 0.0192044114428 0.0123195461354 0.0223721851788 0.0100686885708 0.0199857486728 0.0864261292524 
0.0269353434971 0.0213676938939 0.0174194100687 0.0104830452865 0.00944727372014 0.0090524152813 0.0483998519554 0.0119285322438 0.0158850193245 -0.00240397714882 -0.00374460598219 0.0060186573608 0.00870873951774 0.00924721994609 0.0163170176447 0.0235672540939 0.00261606453597 0.0159654041255 0.0213669665814 0.0371012552349 0.010239180493 -0.00169909861435 0.0384065213208 0.00231555500251 0.0159312874026 0.0119095573078 0.0258032521786 -0.002998687737 0.00755428514245 0.00656698269337 -0.00909833509807 0.0133501893046 0.214898313066 0.0302243882355 0.0489878836665 0.011798514955 0.0440506674869 0.0305590274575 0.0184634742666 0.0205145107293 -0.00669123017139 -0.003670159258 0.0361857921313 0.0121995752118 0.0337890192366 0.0314789570615 0.0274379551627 0.0346254208881 -0.00283414379826 3.77740485967e-05 
0.0146871920629 0.0784849452814 0.0264363009891 0.00550546272955 0.0721010878632 -0.0212857908661 0.0115164127854 0.0150146244285 -0.00810533480771 -0.0217255166989 0.00867360527878 0.0138931782923 0.0279428916423 0.0214130399124 0.0492496723412 0.0321341472263 0.0125002493169 0.0292272513517 0.00140812394945 0.0289339389651 0.0209726559909 0.00389697586173 0.0562261526381 0.0315502143487 0.00129892811737 0.010683110352 0.0172190860446 -0.00471558855822 0.0130126945506 0.00841692322477 0.00317643774539 0.00856113883309 0.0302243882355 0.381383810066 0.0891256435468 -0.00179252226068 0.045527791957 0.0235634646159 0.0102354879332 0.0244698292567 0.0562631901706 0.0585505499277 0.020108549351 0.0170563726368 0.008733110239 0.0412503812962 0.031274151805 0.0411416503864 0.0124305280667 -0.00823587536453 
0.0148587596091 0.0753459060438 0.0278302136066 0.0546127531322 0.0662542966641 -0.0040533178222 0.0367791635155 0.0358397378732 0.0168831312111 -0.00332675823958 0.0171385461605 0.0238950357246 0.00139201196942 0.00724136447172 0.0104738205683 0.0132800478752 0.0333424946242 0.0280703499334 0.0163764704466 0.0145164684117 0.0254729362655 0.0230275103892 0.119873023779 0.0154238723303 0.0189511898607 -0.0160493907456 0.0200410952558 0.0268555592458 0.0246341643929 -0.000307424842195 0.0016324694955 -0.00536593117108 0.0489878836665 0.0891256435468 0.411675979888 -0.00384128713324 0.040789254555 -0.00924827346795 0.0302966130363 0.0354388726708 0.0261715756131 0.0647165801081 0.0769890924004 0.0251974995572 0.0327406353118 0.0542496736494 0.018359984151 0.0333105254347 0.0356177233402 0.0145763799712 
0.00378512396272 -0.0181383651617 0.0211477277377 -0.00534378477437 0.0172434935317 0.00996827657497 0.035675293755 -6.1194560766e-05 0.0105171695161 0.0161338759918 -0.0013686546309 0.0144157507182 0.0347171901823 0.000529347017139 -0.00924447773133 0.019696689338 0.00275674568621 0.011403190405 0.0160521572508 0.0223615972125 -0.00699989689102 0.0042165353403 0.0108185217646 0.0177002725464 0.000107063328625 0.00321213301969 -0.00499200805815 0.0182887324951 0.0144943455104 0.0113040834945 0.0213108592096 0.0214008685109 0.011798514955 -0.00179252226068 -0.00384128713324 0.205484459176 0.00937763484387 0.0324475918972 0.0070264497157 0.0239434179527 0.0502968438224 -0.00342965318552 0.0464000995158 0.00490071992112 0.035720032924 0.00382421295887 -0.000937013909412 0.00644867658771 0.00461358172079 0.0440513557765 
0.00372608298348 0.0277193067781 -0.0107546882631 -0.0117447410203 -0.00598535195301 -0.00638203163404 0.00808273980826 0.00411558535996 0.0622490867577 0.00184961309157 -0.0156312793235 -0.0057056404611 0.0100092740416 -1.45362076308e-05 0.00373932836598 0.0223805098667 0.0252457176228 0.0314260963001 0.0022410197682 0.0235607633893 0.0088390888854 -0.0033585275285 0.0296132245423 -0.00393606679772 0.00236977292367 -0.00622507129976 -0.0113527471002 0.00659787374328 0.0233741468117 0.0436525487402 -0.00151943570608 0.0115196131981 0.0440506674869 0.045527791957 0.040789254555 0.00937763484387 0.466230623577 0.0152467183996 0.00029868828653 0.0401639832137 -0.0071141972377 0.0165603846003 -0.0098856701128 0.0272473458318 0.0149370645311 0.0750871134106 0.00754941370581 0.0503341340953 -0.0102790009931 0.0173907435244 
0.0434597178298 -0.00669713264756 0.0199604844301 0.00576972811499 0.00720024928605 0.0246423448814 0.0492140801915 0.0027191562995 0.00447073739995 0.057144223394 -0.00220184876818 0.0112168675483 0.0240887824059 0.00250451281739 0.0133923529814 0.010943752631 0.0192585311039 0.0159953921886 0.0225546034083 0.0218086285653 0.00904683347713 0.0177214069624 0.0355587658424 0.0203403415508 0.0177646446322 0.0184530293124 0.0230324128412 0.0101009707049 0.00816294594854 0.0362248331237 0.0450384612055 0.0115472835274 0.0305590274575 0.0235634646159 -0.00924827346795 0.0324475918972 0.0152467183996 0.241071557263 0.00878659373094 0.0205021498961 -0.00395866032744 0.00884494027566 0.0388267116368 0.00915825003348 0.0249001144695 0.0188952891178 0.0588062441947 -0.00438639873713 0.00669944034256 -0.00415045121241 
0.0201348894193 0.00709208559389 0.013112018884 0.0397086425862 0.0171224414023 0.0123747444666 0.0108790759134 0.00399837864665 0.0107572739911 -0.00185085990452 0.0353374150125 0.0100438971198 0.00924880020425 0.0284144317389 -0.0035083253935 0.0162979147578 0.00891365146419 0.0362075835234 0.01525977036 0.0146644093963 0.00849239815851 0.00851645518992 0.0137295696202 0.00199162002137 0.0313790679764 -0.00150789075301 0.0127692833617 -0.00940797145681 -0.00765817601564 -0.00650730954177 0.00885802594418 -0.00473481336154 0.0184634742666 0.0102354879332 0.0302966130363 0.0070264497157 0.00029868828653 0.00878659373094 0.129398684617 0.0197494000092 0.00207310043434 -0.00190724688824 0.0189187956363 0.0106946801451 0.0209713672401 0.0256849072487 0.0150767185923 0.00859222917603 0.00576084401221 -0.0036981820968 
0.0289605203745 0.00699039358452 0.0235221657419 0.026750224116 0.0117044534779 0.0204734423865 0.0151201660902 0.0195465835521 0.0225873671029 0.025588445253 -0.00854217636098 0.0172433600701 0.0250360763432 0.0172583113414 0.0188687463182 0.0326400425155 0.00969626567537 0.0153462911902 0.0164601136717 0.0169602435519 0.00650587906132 0.0142269808795 0.0197951333292 0.00596307609139 0.0193498285345 -0.00606662677566 0.0134429979225 0.0161138461914 0.0204803662485 0.00882594090527 0.0255844344836 0.020259235106 0.0205145107293 0.0244698292567 0.0354388726708 0.0239434179527 0.0401639832137 0.0205021498961 0.0197494000092 0.164622573719 0.0365641236266 0.00532910539388 0.0308470152884 0.0194064520214 0.0193636366813 0.0321388048782 0.0200349301474 0.0099827861811 0.0309226294185 0.00439390424753 
-0.00586781844872 -0.00227038830587 0.0221113618285 0.0119893203716 -0.0143960220888 -0.00980615074445 0.0450678358497 -0.00736129444163 -0.0041275255418 -0.0158866667328 -0.0213092041596 -0.00345145934872 0.0104606532984 0.0839267886136 0.0764044860312 0.0107260795132 0.00271050414819 0.0245941731696 0.00745618613613 0.0214218377724 0.00739877415866 0.0440856718981 0.000416429418897 0.00867469437817 -0.0182223890079 0.0076318883218 -0.00959454333582 -0.0126992146563 0.0344788571569 0.0325779486371 0.00619699921686 0.00807095553296 -0.00669123017139 0.0562631901706 0.0261715756131 0.0502968438224 -0.0071141972377 -0.00395866032744 0.00207310043434 0.0365641236266 0.821661226939 -0.0125408828154 0.0611115397867 0.0224635658896 0.0215773183298 0.00673231250492 0.00856743292533 0.0127512048032 0.0419593829207 0.0157462357377 
-0.00840728816131 0.0224002739595 0.00321685061757 0.0143344049658 0.0574166276499 -0.00733525106985 0.0644862396581 0.00292692787324 0.0243253301064 0.0131883538807 0.0820855527295 -0.00248420869404 0.00809733545599 -0.00298823729296 0.0113297340728 -0.00642842929764 0.0265011598913 0.0267305640273 0.0120785828008 0.00892144357386 -0.00143890017943 0.00886642684549 0.0499237176538 0.00461200387918 0.0128534580886 0.0262159883179 0.0390977975948 -0.0150392181323 0.00715200103485 0.00826642044969 0.0430729253297 0.00155238891102 -0.003670159258 0.0585505499277 0.0647165801081 -0.00342965318552 0.0165603846003 0.00884494027566 -0.00190724688824 0.00532910539388 -0.0125408828154 0.82875651101 0.00701535804645 0.0137943748401 0.0398714118982 0.0560290468495 -0.0218799063171 0.0232350391294 0.0404231655513 0.0542483618433 
0.0272182341387 0.0454684757762 0.0262119533836 0.0268935577222 0.0118721936723 0.0308436896004 0.239917496105 0.0279502473205 0.036667624323 0.0176730039158 0.0203206839373 0.0370810261952 0.00901829559523 0.0195403401348 0.0364618213059 0.0420934456589 0.0429038815332 0.0197541441064 0.020259554556 0.0153979660482 0.0148229447415 0.0115826596197 0.0264381880092 0.0135383737933 0.0327893348878 -0.00122203570591 0.0180031973728 0.0163545916407 0.0235069927119 0.0834069541671 0.0463115636046 0.0302160996263 0.0361857921313 0.020108549351 0.0769890924004 0.0464000995158 -0.0098856701128 0.0388267116368 0.0189187956363 0.0308470152884 0.0611115397867 0.00701535804645 0.508463357001 0.0489256771825 0.240758312964 0.0422000144605 0.077597710347 0.0116180170783 0.00795945070531 0.0104762095106 
0.000567159596219 0.00641016997379 -0.004451536401 0.0194294616422 0.0309656059412 0.00791209849368 0.0267292212247 0.0102830458831 0.000416917358046 0.0030076532585 0.0121332821512 0.00491020113215 0.0286411223379 0.0164731835169 0.0137728577751 0.00536838520658 -0.00322732392966 0.0228938896374 0.020780794309 0.0139490137058 0.00211522696537 0.00367224804494 0.0083715977483 -0.00327215267116 0.0034626878775 -0.000190034119363 -0.0156988266164 0.0249207792775 0.00838868046423 0.0244236848724 0.000787651882738 0.0276361246134 0.0121995752118 0.0170563726368 0.0251974995572 0.00490071992112 0.0272473458318 0.00915825003348 0.0106946801451 0.0194064520214 0.0224635658896 0.0137943748401 0.0489256771825 0.199273464649 0.0372400670194 0.0200309755873 0.00676063196535 0.0343163707922 0.0151885242189 0.0155179002038 
0.0215248865086 0.049967682788 0.0168405138548 0.0292105316636 0.00211747646598 0.049938743038 0.194129264595 0.0221533173256 0.0512979369296 0.0468610097624 -0.000602718509533 0.0319491226911 0.020370138659 0.0363246856878 0.0275268255566 0.0262495712671 0.0270762486865 0.0346015559076 0.0230079964263 0.0265467185114 0.0153391267633 0.0348624970038 0.015405865268 0.0244613305309 0.045535669629 -0.0081772031857 0.0166841369961 0.00111930346519 0.02828805477 0.0680654356605 0.0176526006852 0.0192044114428 0.0337890192366 0.008733110239 0.0327406353118 0.035720032924 0.0149370645311 0.0249001144695 0.0209713672401 0.0193636366813 0.0215773183298 0.0398714118982 0.240758312964 0.0372400670194 0.370240757788 0.0355035579963 0.0585794806214 0.00416197786926 0.016184706024 0.0107899295234 
0.0064080688103 0.0264694542911 -0.00416779929453 0.0170349726012 0.0305467317659 0.0100957250217 0.0576127408862 0.0248925234836 0.026019091109 0.0157112596179 0.0410304285514 0.0299605705557 -0.00223882585316 0.026889838428 0.00141677295041 0.00945501246008 0.022562664959 0.0260157105157 -0.00241413827549 0.0247138830872 0.052181500212 -0.00245872818828 0.055914691105 0.0282162769165 0.0292329949912 0.0119974149556 0.0136718359167 -0.0182852803287 0.0241680286576 0.0573074709815 0.0230357302697 0.0123195461354 0.0314789570615 0.0412503812962 0.0542496736494 0.00382421295887 0.0750871134106 0.0188952891178 0.0256849072487 0.0321388048782 0.00673231250492 0.0560290468495 0.0422000144605 0.0200309755873 0.0355035579963 0.33355069519 0.0694576421092 0.0546436034635 0.0172664838736 -0.0178257864709 
0.028852226164 0.0271407567446 0.0237466105609 -0.00166808081162 0.00369165158739 0.020382707076 0.0965418032329 0.033138082236 0.0346106326629 0.0243726694205 0.00185138527694 0.0271711533557 0.00647940780324 0.0336140027292 0.0341045568349 0.00474575723462 0.0127703573632 0.0177407461927 0.020963056297 0.0147416474954 0.0382084182677 0.0190793522632 -0.0149105017924 0.0465753692426 0.0387053613675 0.0235410069168 0.0240546890933 -0.00884472119085 0.00704054643697 0.0653740448877 0.0529943065697 0.0223721851788 0.0274379551627 0.031274151805 0.018359984151 -0.000937013909412 0.0075494137058 0.0588062441947 0.0150767185923 0.0200349301474 0.00856743292533 -0.0218799063171 0.077597710347 0.00676063196535 0.0585794806214 0.0694576421092 0.434994958482 0.0114047080231 0.00708624904423 0.00866095827783 
