50
-0.0108233812146 0.00194148072761 0.0907505897935 0.0451759103614 0.0905877796438 0.0328492958576 0.0367129888202 0.0350054865441 0.0785253906611 0.036872425502 0.0506400072768 0.112605751981 0.162419244675 0.0950879331279 0.0771685990004 0.0433119494187 0.0861575830063 0.0316717201181 0.0206658862902 0.201678989994 0.00238062118955 0.0593939882808 0.104550469133 0.00839736130492 0.106465020668 0.0472299451056 0.0807794462486 0.0385950792128 0.0952470994091 0.0541634245192 0.109959402945 0.0335790413719 0.187838769987 0.0147816990943 0.0169596300077 0.201887649263 0.0142076594304 0.0170349265424 0.135547989167 0.190895055806 0.0176197090425 0.0392369654355 0.138189015222 0.0150252709272 0.0160420823192 0.0578888041786 0.165506763093 0.0839491815724 0.124759587163 0.0729384759615 
0.192075046411 0.0313112210151 0.00389525894467 0.00661818104781 0.023284406144 -0.00164112728776 0.00766154646277 0.00900605891401 0.0198387414348 0.0209121338396 0.0152918740681 0.0340655915597 -0.00274381026443 0.027047739516 0.0229853657339 0.0207647187277 -0.00371328225511 0.0148798860183 0.0162420479819 -0.0151071600835 0.0503830897501 -0.00151987086268 0.000439794115733 0.0176916936963 0.0298162719384 0.0149919646532 0.023855437863 0.0171093823516 0.00323059390038 -0.0035291004849 0.0160552572296 -0.00214258887501 0.0471402883841 0.0210418327615 0.0470370716513 0.053217009892 0.013639170853 0.0227202574267 0.00112038125751 0.0208252893009 0.0342636446998 0.0175521806332 0.0129430636115 0.0107826567085 0.0295445029935 0.0563035095822 -0.0119720498405 0.00238673084767 0.0116673399659 0.0204830618148 
0.0313112210151 0.200716537969 0.0146302620227 0.0192946650278 0.0382848679674 0.0243401627759 0.0327337843246 0.0168512121181 0.00212691394829 0.0173154687025 0.039473539885 0.0167110978567 0.0188854677383 0.0400116434225 0.0264066198842 0.0109425708409 0.00330217952816 0.00740413980038 0.0224516097716 0.0284636064742 0.0187702258871 0.0243681077629 0.0252836951501 0.0118294731941 0.0245018388158 0.0312068036316 0.0160447255476 0.0282148944442 0.0439670866292 0.0245409719304 0.0271658818642 -0.00280710248539 0.00493193524148 0.0309892705514 0.0209897836507 -0.00531745833833 0.0108373195817 0.0258578904389 0.0081009895381 0.00493726620502 0.0139138354313 0.034279580434 0.0409628556474 0.00637180788839 0.0156725940042 0.0305977751512 0.0251306551566 0.0252536654514 0.0199299236203 0.00367985613913 
0.00389525894467 0.0146302620227 0.33461995789 -0.0015549009656 0.0109803992821 -0.00969379254706 0.0323398875751 -0.00756443207541 -0.00874132102272 -0.00345248417876 0.047862462285 0.00371903231015 0.00115553885793 0.0221750245264 0.0156446660217 0.0169232879695 0.0186029519337 0.000193948709746 0.0258672484106 0.0149773428959 0.0126385818932 0.0262029187913 0.0142315365743 0.0163078007308 0.0234466740512 0.0356142253496 0.00272650793666 0.00492281986908 0.0278825338971 0.0227859248489 0.0273236878962 0.0193943334367 -0.0132016111162 0.0457873737465 0.00742444463744 0.012256205227 0.0224207826759 0.0256682272052 0.00597099242738 0.00583678582828 -0.00373187466346 0.0266361306668 0.00642806737187 0.0414542966379 0.0124045119273 -0.0193884030108 0.0117670470381 0.0210264546236 0.000831146852583 0.0137481022476 
0.00661818104781 0.0192946650278 -0.0015549009656 0.369984806343 0.0258231664753 0.0225294198121 0.034724748519 0.00471706904125 0.0510927477072 0.0146717936443 0.0859004335744 0.022508857122 0.00830729950804 0.0487625350549 0.0219313229715 -0.00417709374725 0.00945735027396 -0.0109506429307 0.0220018229756 0.000231436841373 0.00107648549672 0.0131285254584 0.00446724746323 0.013839485241 -7.40442619314e-05 0.0247289715158 0.00126769817508 0.0122748591201 0.00905726531297 0.00899783289862 0.0143978763371 0.0180004277181 -0.00475681909281 -0.00272150019454 0.017553335828 -0.0205262146679 0.000474501582156 0.00656329168281 0.0117088320486 0.0234417953702 0.00245991813204 0.0147485310969 0.0200437542164 0.0113715764067 0.013646177609 0.0143290194598 0.00989516991859 -0.000640770698951 0.0342290576392 0.0124502074709 
0.023284406144 0.0382848679674 0.0109803992821 0.0258231664753 0.426818617586 0.0343848994388 0.0446563758561 0.0328521681283 0.0286751433571 -0.0044123895918 0.057245599749 0.0347130322632 0.0126164997998 0.0164373027446 0.0268977188664 0.0102191503677 -0.0254760639954 0.00706118036021 0.00409056251966 -0.0051693051661 0.0197815702459 0.036616646196 -0.00792188786461 0.0268129633804 0.0107021345839 0.030318313336 0.0212625838024 0.0243025723369 0.0644292562181 0.0066195743173 0.0798524342148 0.0104578319611 0.0388768338797 0.0142936863331 -0.00262581855157 0.0482504830029 -0.00123758025733 0.0115134816763 0.00865307650146 -0.00666966030266 0.00941824356112 0.00833642743291 0.0170641774477 0.0263011755679 0.0103081155162 0.0174348595555 0.000374801729691 -0.00584626784583 0.00352982549233 0.015494564496 
-0.00164112728776 0.0243401627759 -0.00969379254706 0.0225294198121 0.0343848994388 0.331470171777 0.0229057806742 0.0188305410109 0.0137505670702 0.012333958255 0.0327407025789 0.0201916354721 0.0220843339935 0.016819632665 0.0286563697472 0.00899470502934 0.0155911351206 -0.0116200642544 0.02229263685 0.0168423860957 0.0110879426953 -0.00476736159741 0.00808015347878 0.0307939639831 0.0220219235854 0.0286073521316 -0.00328844633802 0.0292066211007 0.00912938238848 0.00453172533841 0.0122466959996 0.0268498877879 0.0118076415685 0.0156253932213 0.0109028524472 0.0061261147689 -0.0038563120822 -0.00199978415395 -0.00452926892119 0.00714362955686 0.00658596103947 0.0155436046894 0.0179776849404 0.00711465672081 0.0156575024952 -0.019434581474 0.0250252660773 -0.0162082599895 0.0190984356396 0.00146792744123 
0.00766154646277 0.0327337843246 0.0323398875751 0.034724748519 0.0446563758561 0.0229057806742 0.279358708225 0.00278334943536 0.0369623210758 0.0184816952762 0.0327349153429 0.0241807643297 -0.00135517133788 0.0258490913668 0.0110475172071 0.0350023995656 0.00123100487669 0.0196961725054 0.0121173144237 0.0317112363485 0.0199829213827 0.0459312829681 0.0169273772946 0.0377596203634 0.0165462265621 0.0385626308018 0.00612831261269 0.0230499708548 -0.0147064159483 0.0106669927978 0.0189224848267 0.0304304425673 0.00295572140462 0.0259855088407 0.0276063265838 0.00620666175352 0.00473441140241 0.0042991743461 0.0022703657019 0.0285607016915 0.00248693880094 0.0371596778341 0.0349560622103 0.0248903019548 0.0375562377828 0.0185363305568 0.0153830596599 0.0117493583708 0.0257526146362 0.0160461294517 
0.00900605891401 0.0168512121181 -0.00756443207541 0.00471706904125 0.0328521681283 0.0188305410109 0.00278334943536 0.119680034998 0.0164054749082 0.0146281657969 0.0269717324223 0.0128135740555 0.0106307406773 -0.0029225348736 0.0155526310514 0.00416536429375 0.00942054120778 0.00438310716594 0.022657389139 0.0107040742268 0.0117993867643 0.0225917590634 0.0253993632476 0.020015876572 0.0021323767964 0.0227201627834 0.0226730515045 0.0322690167252 0.0319628381178 0.00218606188029 0.0265498789799 -0.00847893417083 0.00315318327039 0.00665018454429 0.0192439923412 0.0260709771311 -0.000693104070623 0.018008961879 0.0117421594102 0.0407699469967 0.013967548269 0.0105447288057 0.0225340526378 0.0191930794731 0.00826728373317 0.0204981556789 0.000185913815425 0.0256153755491 0.00839666664704 0.0109663062459 
0.0198387414348 0.00212691394829 -0.00874132102272 0.0510927477072 0.0286751433571 0.0137505670702 0.0369623210758 0.0164054749082 0.320108094546 0.0191537247417 0.0285173736789 0.0160873548479 0.00164784770994 0.0217647751359 0.0364488436993 0.032780789456 0.000312904780143 0.0129605544157 0.0264331963049 -2.73042059419e-05 0.00339572016954 0.0125066548338 0.0466750742441 0.0330404836717 0.011015632137 0.0206694078741 0.0101956364001 0.00862422555078 0.0367272238015 0.00270964469168 0.0320084149315 0.0259179720576 0.00298920823701 -0.00513928648352 0.0225588287516 0.0156413719311 0.00841534735965 0.011230953566 0.00734495888179 0.0376950875818 0.020251915906 0.0212486038574 0.0166767410228 0.0258403921574 0.0245915622671 -0.001244087339 0.0093921406417 0.0480649653276 0.0315671835912 0.0081056280138 
0.0209121338396 0.0173154687025 -0.00345248417876 0.0146717936443 -0.0044123895918 0.012333958255 0.0184816952762 0.0146281657969 0.0191537247417 0.171185613498 0.0042929269099 0.012578417187 0.0131923841177 0.00372070594213 0.0179359675761 0.010212621465 0.0312546560511 0.00258688882256 0.0216971968758 0.026446229884 0.00575654254366 6.05645165573e-05 0.00484133935154 0.00745488486039 0.0144548614448 0.0316710165485 0.013143087335 0.0250945379004 0.0241324744781 0.00241180109562 -0.00868373898574 -0.00818534698857 -0.0241403347208 0.0264203975667 0.0205444184044 0.017675502186 0.000682645213273 0.0123077228096 0.0109279788944 0.0129393947602 0.0115652001918 0.0221944224989 0.0302573946198 0.0112733142606 0.0295174325531 0.00559028467273 0.0112095510149 0.00821676977166 0.0196346399703 0.0118558091853 
0.0152918740681 0.039473539885 0.047862462285 0.0859004335744 0.057245599749 0.0327407025789 0.0327349153429 0.0269717324223 0.0285173736789 0.0042929269099 0.494991458703 0.0408439088496 -0.0029824559237 0.0417962142477 0.0485182915804 0.0173156242378 0.0338356392652 0.0382189352752 0.0059149838077 0.0200143232162 0.0136791725102 0.022251058351 0.0291148815372 0.0117719561689 0.0400585536946 -0.0105597888065 -0.000872396303347 0.024588299035 0.0233133643995 -0.0183542306943 0.0124493534304 0.0343723807271 0.0234837382055 0.00857796721464 0.0241758108613 0.00905646902217 0.00530518909563 0.00620086752866 0.0552111679947 0.046729364188 0.000960267272683 0.0128151280603 0.041064104882 0.0306818405385 0.0331850619013 0.00190704435784 0.0482437741139 0.0457586338839 0.00713151433687 0.0193943587084 
0.0340655915597 0.0167110978567 0.00371903231015 0.022508857122 0.0347130322632 0.0201916354721 0.0241807643297 0.0128135740555 0.0160873548479 0.012578417187 0.0408439088496 0.511941806904 0.0110686744557 0.0200904384111 0.042262376713 0.00668718713669 0.0297307892251 0.0266691102086 0.0298034078543 -0.0168600500037 0.0188911972682 0.00688624520013 0.0795368295803 0.00685287713631 0.0128583602109 -0.00281358300775 -0.00717503050302 0.0337375182609 0.0542160000387 -0.023361594866 0.0621120851339 -0.00527335310167 0.178918480078 0.0112841539597 0.0707897515286 0.0252956531305 0.000920803745391 -0.0161179349322 0.0104990485606 0.066339355823 0.0114058636428 0.00706476473587 -0.00121925019609 -0.00998391136959 0.0332906539385 0.159461196309 0.01499185036 0.00599516845055 0.0563658837922 0.002082587863 
-0.00274381026443 0.0188854677383 0.00115553885793 0.00830729950804 0.0126164997998 0.0220843339935 -0.00135517133788 0.0106307406773 0.00164784770994 0.0131923841177 -0.0029824559237 0.0110686744557 1.29857649845 0.0211883778053 0.0260872787516 0.010975704495 0.00252612497789 0.0187268475295 0.0285731155776 0.00787553429259 0.0217270593855 0.0129856060841 0.0112764872349 0.0215386382685 0.0177927520017 0.0226826179342 -0.03171157967 -0.0227354474171 0.022989420693 0.0118265420457 0.00917236883567 -0.0189057346922 0.0172389400356 0.027543984806 0.00621248097289 -0.0545394313656 0.00479052907132 -0.00889659070155 0.0174984102818 0.0432077126179 0.021787722613 0.0166278743434 0.0483002583952 0.00964813382849 0.0238717305795 0.0192884144592 0.0363693035601 0.0318092967605 0.0424656195154 -0.0156806487428 
0.027047739516 0.0400116434225 0.0221750245264 0.0487625350549 0.0164373027446 0.016819632665 0.0258490913668 -0.0029225348736 0.0217647751359 0.00372070594212 0.0417962142477 0.0200904384111 0.0211883778053 0.27354129522 0.0213176628831 0.0431459155591 0.0504722186207 0.00657903489357 0.0500482131861 0.00932793997736 0.0076947677395 0.0215838323925 0.0170623770594 0.0294766955395 0.0376448508345 0.0301511304753 0.0178190524604 0.0149778109325 0.0276388693282 0.0139338117832 0.0442383719689 0.00683328221785 0.0240610592037 0.0162885910714 0.0278792096232 -0.0043317019644 0.0109851727051 0.0270474578292 0.0241729074856 0.00811917694274 0.00467332706961 0.0572462243857 0.0335851070737 0.0334695331852 0.0360007736893 -0.00181875489258 0.0124403464711 0.0452086655294 0.0113755234575 0.00289265966983 
0.0229853657339 0.0264066198842 0.0156446660217 0.0219313229715 0.0268977188664 0.0286563697472 0.0110475172071 0.0155526310514 0.0364488436993 0.0179359675761 0.0485182915804 0.042262376713 0.0260872787516 0.0213176628831 0.192604459513 0.0297358258115 -0.00244477669029 0.0334958946741 0.0701582878011 0.0288776282946 0.0339933125856 0.0131484662741 0.0254598465741 0.0285544389873 0.0239396302478 0.0399358703832 0.00395483143815 0.013855399558 0.00230763348856 0.0222013383956 0.0152417372329 0.0240385832788 0.0454186454915 0.00152475891326 0.0242181417525 0.0195730629814 0.0030302136854 0.0271226535276 0.0017720201618 0.0254086385006 0.0139567894833 0.0326665329581 0.0341753044744 0.0234260876144 0.0370797778787 0.0119947787984 0.0222427759229 0.0269024940491 0.00998361769868 0.0147414113458 
0.0207647187277 0.0109425708409 0.0169232879695 -0.00417709374725 0.0102191503677 0.00899470502934 0.0350023995656 0.00416536429375 0.032780789456 0.010212621465 0.0173156242378 0.00668718713669 0.010975704495 0.0431459155591 0.0297358258115 0.16573185039 0.0110310482209 0.0374355270481 0.0119121228317 0.00271846882423 0.0111079694375 0.0209954773621 0.00943888659997 0.0237423365328 0.0304209060509 0.0140227971339 -0.0167797248891 0.0104694658727 0.0129603075628 0.0487886563904 0.022693069263 0.0239544334502 -0.00481403483922 0.00805818245742 0.0171524403846 -0.00576506386814 0.00859687206516 0.0295375261674 0.00354468384438 0.0217211787619 0.00569555705401 0.0364505998592 0.0145354875551 0.0255115226557 0.0347654614848 0.00817423499098 0.010484713636 0.027497175319 0.0343240689848 0.0126022977421 
-0.00371328225511 0.00330217952816 0.0186029519337 0.00945735027396 -0.0254760639954 0.0155911351206 0.00123100487669 0.00942054120778 0.000312904780143 0.0312546560511 0.0338356392652 0.0297307892251 0.00252612497789 0.0504722186207 -0.00244477669029 0.0110310482209 0.545762480241 -0.0163242434865 -0.00126272275018 -0.0213444696644 0.00186167812453 0.04048806374 0.0188347825697 0.0161024422335 0.0325013306663 -0.006835634187 0.00779236892462 0.0387898691908 0.00893944555336 0.0376903264554 9.25744932829e-05 0.00665463779703 0.00062470396929 0.00640770205334 -0.000634943451519 0.0389807137073 -0.00319372032715 0.0226702484692 0.109647402899 0.0728398649688 -0.0206718719377 0.0278785895925 0.0726140634637 0.0256358170093 0.00860879922987 0.0121999016379 -0.00434321128336 0.0292921839252 0.0136690902897 -0.00356006784604 
0.0148798860183 0.00740413980038 0.000193948709745 -0.0109506429307 0.00706118036021 -0.0116200642544 0.0196961725054 0.00438310716594 0.0129605544157 0.00258688882256 0.0382189352752 0.0266691102086 0.0187268475295 0.00657903489357 0.0334958946741 0.0374355270481 -0.0163242434865 0.276904707665 0.0234999077338 0.0166446268809 0.00900171964926 0.0146367259153 0.0263859155438 0.0145043499062 0.0279429900136 0.00786440722599 -0.00398422274626 0.0105595908666 0.00663900113524 0.00966864837564 0.00601434677486 0.0151359658512 0.0531544973766 0.00233389120015 0.0270294709026 0.00903045809443 0.00213757055946 0.0232077525086 0.0178211744263 0.00674167977556 -0.00273474144122 0.018633444237 0.0054178855964 -0.00414156148374 0.020841288716 0.00362409478848 0.0137194059015 0.0198073599135 -0.0136589830015 0.0269998849399 
0.0162420479819 0.0224516097716 0.0258672484106 0.0220018229756 0.00409056251966 0.02229263685 0.0121173144237 0.022657389139 0.0264331963049 0.0216971968758 0.0059149838077 0.0298034078543 0.0285731155776 0.0500482131861 0.0701582878011 0.0119121228317 -0.00126272275018 0.0234999077338 0.193265832916 0.0253816885714 0.0237071221173 0.0244020025267 0.0387601320757 0.0285450721813 0.0359123234428 0.0502351131424 0.0149779316603 0.0312183493299 0.0210345013556 0.00974270902784 0.0309750859481 0.00479316081729 0.0324642113984 0.00580491747287 0.0427548985715 0.0239473552476 0.0189734413143 0.0122575721764 0.0057125146833 0.0386369277329 0.012716418202 0.0299366601231 0.0228582154262 0.0271970754735 0.0174792732715 0.0248294828394 0.0367515692587 0.0424388651718 0.00239268181565 -0.00746298866653 
-0.0151071600835 0.0284636064742 0.0149773428959 0.000231436841373 -0.0051693051661 0.0168423860957 0.0317112363485 0.0107040742268 -2.73042059418e-05 0.026446229884 0.0200143232162 -0.0168600500037 0.00787553429259 0.00932793997736 0.0288776282946 0.00271846882423 -0.0213444696644 0.0166446268809 0.0253816885714 1.23838022385 0.00628597035624 0.0166105761408 0.0386862684327 0.0351094434416 0.013548656661 0.0171458685575 0.0383397522796 0.00463173889532 0.0575550754817 -0.00381768201585 0.0150746749361 0.00122773585239 -0.00492733229789 -0.00796669575579 0.0200226722634 0.0321559852601 0.00667234556654 -0.00700840383253 0.0610952286383 0.0353768770145 -0.000983380862666 0.00849386186985 0.04264663275 0.023786284116 0.00835274564791 0.00765363815096 0.0525768468952 0.0188443562872 -0.0205460642035 0.00397953009246 
0.0503830897501 0.0187702258871 0.0126385818932 0.00107648549672 0.0197815702459 0.0110879426953 0.0199829213827 0.0117993867643 0.00339572016954 0.00575654254366 0.0136791725102 0.0188911972682 0.0217270593855 0.0076947677395 0.0339933125856 0.0111079694375 0.00186167812453 0.00900171964926 0.0237071221173 0.00628597035624 0.118893904229 0.0156687510092 0.000513643517683 0.0187678346072 0.0133661217219 0.00979657910331 0.0176051832339 0.0138742117716 0.00633990845846 0.00389977837621 0.0129162967799 0.0125552559167 0.0257907685739 0.00462704100164 0.0343585893808 -0.00768471697654 0.00453297629453 0.017700165326 -0.000190708442655 0.0211881108057 0.0145430638422 0.0114342993723 0.0147972741389 0.0209902594394 0.023194369682 0.0252873813028 0.019006095654 0.00378524191859 0.0123405041258 0.00566219269668 
-0.00151987086268 0.0243681077629 0.0262029187913 0.0131285254584 0.036616646196 -0.00476736159741 0.0459312829681 0.0225917590634 0.0125066548338 6.05645165575e-05 0.022251058351 0.00688624520013 0.0129856060841 0.0215838323925 0.0131484662741 0.0209954773621 0.04048806374 0.0146367259153 0.0244020025267 0.0166105761408 0.0156687510092 0.220382536428 0.00509647913013 0.0196378471416 0.0130239202804 0.00677643655487 0.0167254741993 0.0221398388971 0.0235325212095 0.00628880757509 0.00597508431753 0.0105440092047 -0.00785204343191 0.0052377749413 0.015953190195 0.00531217257963 0.011063150771 0.0120075916357 0.00686860294944 -0.0013935651817 0.0219615219193 0.0277898147467 0.0136700005282 0.00781872565315 0.00817665362052 0.0349698502234 -0.00921777930507 -0.00278583335697 0.0178433585195 0.0031491333011 
0.000439794115733 0.0252836951501 0.0142315365743 0.00446724746323 -0.00792188786461 0.00808015347878 0.0169273772946 0.0253993632476 0.0466750742441 0.00484133935154 0.0291148815372 0.0795368295803 0.0112764872349 0.0170623770594 0.0254598465741 0.00943888659997 0.0188347825697 0.0263859155438 0.0387601320757 0.0386862684327 0.000513643517683 0.00509647913013 0.511087631058 0.0140048909562 0.0172606536282 0.0229355589568 0.0501526758829 -0.00146491683571 0.0042039555673 0.00136344643038 0.030699425074 0.0222521966199 0.037104622385 0.00250514250948 0.0171256676762 0.0792598346589 0.00296497968222 0.00777907510131 0.133897487239 0.044225894996 0.00193844332519 -0.00798591160143 0.0140849940751 -0.00257349990105 0.0158809210453 0.0208603596761 0.0155608749314 -0.000507851739896 0.0403701898064 0.0458712665003 
0.0176916936963 0.0118294731941 0.0163078007308 0.013839485241 0.0268129633804 0.0307939639831 0.0377596203634 0.020015876572 0.0330404836717 0.00745488486039 0.0117719561689 0.00685287713631 0.0215386382685 0.0294766955395 0.0285544389873 0.0237423365328 0.0161024422335 0.0145043499062 0.0285450721813 0.0351094434416 0.0187678346072 0.0196378471416 0.0140048909562 0.126214560484 0.00570107437725 0.0154024216924 0.00482841912886 0.0104788008806 0.0110943816037 0.0161686744297 0.018533740779 0.0195054055745 0.0126631183946 0.00845179801177 0.00506849505356 0.0137883873563 0.016556370586 0.0179701235872 0.00729869005359 0.0265468608739 0.0187202658532 0.0186145962657 0.0186041129027 0.0322766355931 0.0202831861666 0.00366437138323 0.0253029358387 0.00664263066003 0.0184018186915 0.041081607305 
0.0298162719384 0.0245018388158 0.0234466740512 -7.40442619319e-05 0.0107021345839 0.0220219235854 0.0165462265621 0.0021323767964 0.011015632137 0.0144548614448 0.0400585536946 0.0128583602109 0.0177927520017 0.0376448508345 0.0239396302478 0.0304209060509 0.0325013306663 0.0279429900136 0.0359123234428 0.013548656661 0.0133661217219 0.0130239202804 0.0172606536282 0.00570107437725 0.252852073734 0.0371059041505 0.00882194837315 0.0224617841956 0.0257454217015 0.00379965356674 0.0459827867979 0.0190174535656 0.0189839358229 0.00574951332608 0.0136423771629 0.0176327915422 0.0156831068925 0.0219767498376 0.000101059818375 0.00899777888356 0.0165917968402 0.0284849315739 0.0230197469246 0.0169195803406 0.0131562902715 0.0256735743574 0.00424686801205 0.0125602031416 0.0274510409399 0.0108474361457 
0.0149919646532 0.0312068036316 0.0356142253496 0.0247289715158 0.030318313336 0.0286073521316 0.0385626308018 0.0227201627834 0.0206694078741 0.0316710165485 -0.0105597888065 -0.00281358300775 0.0226826179342 0.0301511304753 0.0399358703832 0.0140227971339 -0.006835634187 0.00786440722599 0.0502351131424 0.0171458685575 0.00979657910331 0.00677643655487 0.0229355589568 0.0154024216924 0.0371059041505 0.266341443501 0.0110884502159 0.0174975496905 0.0251612564699 0.0107057699239 0.0240790591188 0.00379445783635 0.00229847397098 0.0249840944783 0.0141425668522 -0.0284581896528 0.0134901337842 0.0252303446484 -0.0319915762423 0.0436351217735 0.00804514052779 0.0192198479256 0.0401653275002 0.0300011561545 0.0214119759857 0.0200276664382 0.0212058998253 0.000997165658747 0.0221604465055 -0.0218185269083 
0.023855437863 0.0160447255476 0.00272650793666 0.00126769817508 0.0212625838024 -0.00328844633802 0.00612831261269 0.0226730515045 0.0101956364001 0.013143087335 -0.000872396303347 -0.00717503050302 -0.03171157967 0.0178190524604 0.00395483143815 -0.0167797248891 0.00779236892461 -0.00398422274626 0.0149779316603 0.0383397522796 0.0176051832339 0.0167254741993 0.0501526758829 0.00482841912886 0.00882194837315 0.0110884502159 0.491146164185 0.0400373356429 0.0274784309953 -0.0274529873326 0.0194813877631 0.0167063264474 0.00427831946966 0.0353200825039 -0.00109604477039 0.015808984767 0.00410627062743 -0.00481956737561 -0.016039149946 0.0076891978663 -0.00808015252289 0.00551806700951 -0.0192799014464 0.0296752915069 -0.000106512547463 0.0194820340455 -0.000268299570002 -0.0464599530196 0.0366404469523 0.0102599481326 
0.0171093823516 0.0282148944442 0.00492281986908 0.0122748591201 0.0243025723369 0.0292066211007 0.0230499708548 0.0322690167252 0.00862422555078 0.0250945379004 0.024588299035 0.0337375182609 -0.0227354474171 0.0149778109325 0.013855399558 0.0104694658727 0.0387898691908 0.0105595908666 0.0312183493299 0.00463173889532 0.0138742117716 0.0221398388971 -0.00146491683571 0.0104788008806 0.0224617841956 0.0174975496905 0.0400373356429 0.181162092616 0.0493314497638 0.0127325229773 0.025701900144 0.0109930915285 0.0184504113633 0.0157596388008 0.0216765312195 -0.00172387534997 0.015982036416 0.0232662158247 0.0064142655623 0.017438313483 -0.0100556119436 0.0359186314449 0.0108451931904 0.0205914163911 0.0366405790741 0.0150897358819 0.0323123240454 0.0129105033573 0.0429573284432 0.0195950912559 
0.00323059390038 0.0439670866292 0.0278825338971 0.00905726531297 0.0644292562181 0.00912938238848 -0.0147064159483 0.0319628381178 0.0367272238015 0.0241324744781 0.0233133643995 0.0542160000387 0.022989420693 0.0276388693282 0.00230763348856 0.0129603075628 0.00893944555336 0.00663900113524 0.0210345013556 0.0575550754817 0.00633990845846 0.0235325212095 0.0042039555673 0.0110943816037 0.0257454217015 0.0251612564699 0.0274784309953 0.0493314497638 0.438074977353 0.0237139641955 0.0860434922629 -0.000316663777319 0.0203520418176 0.0565093792099 0.0291784330011 0.00628189092052 0.00517664856924 0.0359141437336 -0.0133423695362 0.0650045048208 0.00311502174618 0.0467162450007 0.0531502516601 0.0139805697103 0.0374263317967 0.0333124685598 0.00758556122088 0.0297566893155 0.0278114825099 0.0185063705774 
-0.0035291004849 0.0245409719304 0.0227859248489 0.00899783289862 0.0066195743173 0.00453172533841 0.0106669927978 0.00218606188029 0.00270964469168 0.00241180109562 -0.0183542306943 -0.023361594866 0.0118265420457 0.0139338117832 0.0222013383956 0.0487886563904 0.0376903264554 0.00966864837564 0.00974270902784 -0.00381768201585 0.00389977837621 0.00628880757509 0.00136344643038 0.0161686744297 0.00379965356674 0.0107057699239 -0.0274529873326 0.0127325229773 0.0237139641955 0.303938857844 0.0158797572053 0.0168611763227 0.00748187567954 0.0224830599448 -0.000934241271688 0.00695348487552 -0.0107461201255 0.027096911762 0.0265107306748 -0.00192379601837 0.00254995501973 0.0168263384547 0.0407104869639 -0.00599974012296 0.0317571500254 -0.012081487516 -0.00190096865566 0.022478240313 0.0310669025426 0.0152672504029 
0.0160552572296 0.0271658818642 0.0273236878962 0.0143978763371 0.0798524342148 0.0122466959996 0.0189224848267 0.0265498789799 0.0320084149315 -0.00868373898574 0.0124493534304 0.0621120851339 0.00917236883567 0.0442383719689 0.0152417372329 0.022693069263 9.25744932824e-05 0.00601434677486 0.0309750859481 0.0150746749361 0.0129162967799 0.00597508431753 0.030699425074 0.018533740779 0.0459827867979 0.0240790591188 0.0194813877631 0.025701900144 0.0860434922629 0.0158797572053 0.367963781277 0.00772355639693 0.0378868424327 0.0200344047641 0.0325585108802 0.0257300345424 0.0218731522945 0.0181903024065 0.0509709872883 0.0194657536916 0.029243995229 0.0234480419017 0.0322576498015 0.00614912506971 0.0270614849163 -0.00105193563795 0.016754047802 0.115499372749 0.0436330657783 0.0148035097706 
-0.00214258887501 -0.00280710248539 0.0193943334367 0.0180004277181 0.0104578319611 0.0268498877879 0.0304304425673 -0.00847893417083 0.0259179720576 -0.00818534698857 0.0343723807271 -0.00527335310167 -0.0189057346922 0.00683328221785 0.0240385832788 0.0239544334502 0.00665463779703 0.0151359658512 0.00479316081729 0.00122773585239 0.0125552559167 0.0105440092047 0.0222521966199 0.0195054055745 0.0190174535656 0.00379445783635 0.0167063264474 0.0109930915285 -0.000316663777319 0.0168611763227 0.00772355639693 0.234101540744 -0.0159360918217 -0.0091662756085 0.00694526892806 -0.0202754796145 0.0188719751048 0.00162939562279 0.0066227500503 0.0325355786465 0.00809297283087 -0.00383672423152 0.00773889468658 0.00904845482646 0.00881549304911 -0.0069570776171 0.0470150767118 -0.00699178156667 0.0312667962646 0.0203693190128 
0.0471402883841 0.00493193524148 -0.0132016111162 -0.00475681909281 0.0388768338797 0.0118076415685 0.00295572140462 0.00315318327039 0.00298920823701 -0.0241403347208 0.0234837382055 0.178918480078 0.0172389400356 0.0240610592037 0.0454186454915 -0.00481403483922 0.000624703969289 0.0531544973766 0.0324642113984 -0.00492733229789 0.0257907685739 -0.00785204343191 0.037104622385 0.0126631183946 0.0189839358229 0.00229847397098 0.00427831946966 0.0184504113633 0.0203520418176 0.00748187567954 0.0378868424327 -0.0159360918217 0.597181084934 -0.00358892062325 0.0426860235501 -0.0106726589991 -0.00744525541627 0.0106724002456 -0.0173671173774 0.0771301743597 0.0058054758788 0.0157310284055 0.0605097525432 0.0101994365404 0.0115033696869 0.17620272507 0.0173211770127 -0.0223062611687 -0.000865726291576 0.00952426432477 
0.0210418327615 0.0309892705514 0.0457873737465 -0.00272150019454 0.0142936863331 0.0156253932213 0.0259855088407 0.00665018454429 -0.00513928648352 0.0264203975667 0.00857796721464 0.0112841539597 0.027543984806 0.0162885910714 0.00152475891326 0.00805818245742 0.00640770205334 0.00233389120015 0.00580491747287 -0.00796669575579 0.00462704100164 0.0052377749413 0.00250514250948 0.00845179801177 0.00574951332608 0.0249840944783 0.0353200825039 0.0157596388008 0.0565093792099 0.0224830599448 0.0200344047641 -0.0091662756085 -0.00358892062325 0.193606920575 0.0305507533101 0.00759278296994 -0.0061073910684 0.0373689077213 0.00202020863577 -0.0145442349153 0.0178486332648 0.0422736783324 0.00126795861684 0.0290010305432 0.0431643406006 0.00694913545818 0.0272335351196 0.00527514016966 0.00944656021128 0.033590250349 
0.0470370716513 0.0209897836507 0.00742444463744 0.017553335828 -0.00262581855157 0.0109028524472 0.0276063265838 0.0192439923412 0.0225588287516 0.0205444184044 0.0241758108613 0.0707897515286 0.00621248097289 0.0278792096232 0.0242181417525 0.0171524403846 -0.000634943451519 0.0270294709026 0.0427548985715 0.0200226722634 0.0343585893808 0.015953190195 0.0171256676762 0.00506849505356 0.0136423771629 0.0141425668522 -0.00109604477039 0.0216765312195 0.0291784330011 -0.000934241271688 0.0325585108802 0.00694526892806 0.0426860235501 0.0305507533101 0.186305996589 0.0112152908513 0.0117399087373 0.0262436581107 0.00648147735321 0.0270560257564 0.0155861019325 0.0239662032067 0.000841455922386 0.00782203822583 0.0339087489835 0.028958118548 0.0181695268006 0.011792531882 -0.00409707758384 0.00866732531936 
0.053217009892 -0.00531745833833 0.012256205227 -0.0205262146679 0.0482504830029 0.0061261147689 0.00620666175352 0.0260709771311 0.0156413719311 0.017675502186 0.00905646902217 0.0252956531305 -0.0545394313656 -0.0043317019644 0.0195730629814 -0.00576506386814 0.0389807137073 0.00903045809443 0.0239473552476 0.0321559852601 -0.00768471697654 0.00531217257963 0.0792598346589 0.0137883873563 0.0176327915422 -0.0284581896528 0.015808984767 -0.00172387534997 0.00628189092052 0.00695348487552 0.0257300345424 -0.0202754796145 -0.0106726589991 0.00759278296994 0.0112152908513 0.770534075724 0.00494252957715 0.008517107953 0.0477445219881 0.0377574818848 0.0291452855329 0.00743039928224 0.0198439727212 -0.00419687954244 -0.0210559478444 -0.0372031621485 0.0517217390758 0.00963531010183 0.0221573041878 0.0210795167782 
0.013639170853 0.0108373195817 0.0224207826759 0.000474501582156 -0.00123758025733 -0.0038563120822 0.00473441140241 -0.000693104070623 0.00841534735965 0.000682645213274 0.00530518909563 0.000920803745391 0.00479052907132 0.0109851727051 0.0030302136854 0.00859687206516 -0.00319372032715 0.00213757055946 0.0189734413143 0.00667234556654 0.00453297629453 0.011063150771 0.00296497968222 0.016556370586 0.0156831068925 0.0134901337842 0.00410627062743 0.015982036416 0.00517664856924 -0.0107461201255 0.0218731522945 0.0188719751048 -0.00744525541627 -0.0061073910684 0.0117399087373 0.00494252957715 0.124512035178 0.00709080520094 -0.0125654838606 0.00568069395599 -0.00121223392361 0.0230730179494 -9.66744091048e-05 0.00203050472753 0.00478229477003 0.00170896429289 0.0253416101896 0.0178281304728 -0.0106532614875 0.0101961857711 
0.0227202574267 0.0258578904389 0.0256682272052 0.00656329168281 0.0115134816763 -0.00199978415395 0.0042991743461 0.018008961879 0.011230953566 0.0123077228096 0.00620086752866 -0.0161179349322 -0.00889659070155 0.0270474578292 0.0271226535276 0.0295375261674 0.0226702484692 0.0232077525086 0.0122575721764 -0.00700840383253 0.017700165326 0.0120075916357 0.00777907510131 0.0179701235872 0.0219767498376 0.0252303446484 -0.00481956737561 0.0232662158247 0.0359141437336 0.027096911762 0.0181903024065 0.00162939562279 0.0106724002456 0.0373689077213 0.0262436581107 0.008517107953 0.00709080520094 0.176746297627 0.00285905663477 -0.0081671303649 0.0151578489176 0.0404462868167 0.0310790707856 0.029791521552 0.047180483938 0.0101882246671 0.00601866105868 0.0499650974345 -0.00226792496133 0.00238546974597 
0.00112038125751 0.0081009895381 0.00597099242738 0.0117088320486 0.00865307650146 -0.00452926892119 0.0022703657019 0.0117421594102 0.00734495888179 0.0109279788944 0.0552111679947 0.0104990485606 0.0174984102818 0.0241729074856 0.0017720201618 0.00354468384438 0.109647402899 0.0178211744263 0.0057125146833 0.0610952286383 -0.000190708442655 0.00686860294944 0.133897487239 0.00729869005359 0.000101059818375 -0.0319915762423 -0.016039149946 0.0064142655623 -0.0133423695362 0.0265107306748 0.0509709872883 0.0066227500503 -0.0173671173774 0.00202020863577 0.00648147735321 0.0477445219881 -0.0125654838606 0.00285905663477 0.450325468331 0.0400714815979 0.00850616098457 0.015254054244 0.0323977160313 0.00107740215851 0.00630492663455 -0.0272390296959 -0.00127721301312 0.050646150089 0.0499227556734 0.025964779058 
0.0208252893009 0.00493726620502 0.00583678582828 0.0234417953702 -0.00666966030266 0.00714362955686 0.0285607016915 0.0407699469967 0.0376950875818 0.0129393947602 0.046729364188 0.066339355823 0.0432077126179 0.00811917694274 0.0254086385006 0.0217211787619 0.0728398649688 0.00674167977556 0.0386369277329 0.0353768770145 0.0211881108057 -0.0013935651817 0.044225894996 0.0265468608739 0.00899777888356 0.0436351217735 0.0076891978663 0.017438313483 0.0650045048208 -0.00192379601837 0.0194657536916 0.0325355786465 0.0771301743597 -0.0145442349153 0.0270560257564 0.0377574818848 0.00568069395599 -0.0081671303649 0.0400714815979 0.54160837114 0.031206136727 0.00773245497238 0.0416066412324 0.0244984097572 0.00860667805511 0.0561240747218 0.0356905141409 0.0323357485995 0.00411972772097 -0.00306396226218 
0.0342636446998 0.0139138354313 -0.00373187466346 0.00245991813204 0.00941824356112 0.00658596103947 0.00248693880094 0.013967548269 0.020251915906 0.0115652001918 0.000960267272683 0.0114058636428 0.021787722613 0.00467332706961 0.0139567894833 0.00569555705401 -0.0206718719377 -0.00273474144122 0.012716418202 -0.000983380862666 0.0145430638422 0.0219615219193 0.00193844332519 0.0187202658532 0.0165917968402 0.00804514052779 -0.0080801525229 -0.0100556119436 0.00311502174618 0.00254995501973 0.029243995229 0.00809297283087 0.0058054758788 0.0178486332648 0.0155861019325 0.0291452855329 -0.00121223392361 0.0151578489176 0.00850616098457 0.031206136727 0.182498874831 0.00982178804211 0.0146382959094 0.00917367668037 0.0163801268899 0.0181900974688 0.0106773270085 0.0168455727953 0.005527364434 -0.00371923373484 
0.0175521806332 0.034279580434 0.0266361306668 0.0147485310969 0.00833642743291 0.0155436046894 0.0371596778341 0.0105447288057 0.0212486038574 0.0221944224989 0.0128151280603 0.00706476473587 0.0166278743434 0.0572462243857 0.0326665329581 0.0364505998592 0.0278785895925 0.018633444237 0.0299366601231 0.00849386186985 0.0114342993723 0.0277898147467 -0.00798591160143 0.0186145962657 0.0284849315739 0.0192198479256 0.00551806700951 0.0359186314449 0.0467162450007 0.0168263384547 0.0234480419017 -0.00383672423152 0.0157310284055 0.0422736783324 0.0239662032067 0.00743039928224 0.0230730179494 0.0404462868167 0.015254054244 0.00773245497238 0.00982178804211 0.148877679988 0.0267619039691 0.0310222044853 0.0435150613528 0.00246865480656 0.0105025646264 0.0194366848542 0.00538364463402 0.0270426804669 
0.0129430636115 0.0409628556474 0.00642806737187 0.0200437542164 0.0170641774477 0.0179776849404 0.0349560622103 0.0225340526378 0.0166767410228 0.0302573946198 0.041064104882 -0.00121925019609 0.0483002583952 0.0335851070737 0.0341753044744 0.0145354875551 0.0726140634637 0.0054178855964 0.0228582154262 0.04264663275 0.0147972741389 0.0136700005282 0.0140849940751 0.0186041129027 0.0230197469246 0.0401653275002 -0.0192799014464 0.0108451931904 0.0531502516601 0.0407104869639 0.0322576498015 0.00773889468658 0.0605097525432 0.00126795861684 0.000841455922386 0.0198439727212 -9.66744091048e-05 0.0310790707856 0.0323977160313 0.0416066412324 0.0146382959094 0.0267619039691 0.271897728023 0.0219772324529 0.0175110524267 0.0363264849074 0.0867276529776 0.0290408950405 0.0327483843508 0.0217168066184 
0.0107826567085 0.00637180788839 0.0414542966379 0.0113715764067 0.0263011755679 0.00711465672081 0.0248903019548 0.0191930794731 0.0258403921574 0.0112733142606 0.0306818405385 -0.00998391136959 0.00964813382849 0.0334695331852 0.0234260876144 0.0255115226557 0.0256358170093 -0.00414156148374 0.0271970754735 0.023786284116 0.0209902594394 0.00781872565315 -0.00257349990105 0.0322766355931 0.0169195803406 0.0300011561545 0.0296752915069 0.0205914163911 0.0139805697103 -0.00599974012296 0.00614912506971 0.00904845482646 0.0101994365404 0.0290010305432 0.00782203822583 -0.00419687954244 0.00203050472753 0.029791521552 0.00107740215851 0.0244984097572 0.00917367668037 0.0310222044853 0.0219772324529 0.168546794874 0.0370079401142 -0.0070478339072 0.00430897469293 0.0297980107965 0.0151420934141 0.0172003042461 
0.0295445029935 0.0156725940042 0.0124045119273 0.013646177609 0.0103081155162 0.0156575024952 0.0375562377828 0.00826728373317 0.0245915622671 0.0295174325531 0.0331850619013 0.0332906539385 0.0238717305795 0.0360007736893 0.0370797778787 0.0347654614848 0.00860879922987 0.020841288716 0.0174792732715 0.00835274564791 0.023194369682 0.00817665362052 0.0158809210453 0.0202831861666 0.0131562902715 0.0214119759857 -0.000106512547463 0.0366405790741 0.0374263317967 0.0317571500254 0.0270614849163 0.00881549304911 0.0115033696869 0.0431643406006 0.0339087489835 -0.0210559478444 0.00478229477003 0.047180483938 0.00630492663455 0.00860667805511 0.0163801268899 0.0435150613528 0.0175110524267 0.0370079401142 0.145927894731 0.0172144504766 0.0252566095726 0.0417582580737 0.0216316914815 0.0220207190441 
0.0563035095822 0.0305977751512 -0.0193884030108 0.0143290194598 0.0174348595555 -0.019434581474 0.0185363305568 0.0204981556789 -0.001244087339 0.00559028467273 0.00190704435784 0.159461196309 0.0192884144592 -0.00181875489258 0.0119947787984 0.00817423499098 0.0121999016379 0.00362409478848 0.0248294828394 0.00765363815096 0.0252873813028 0.0349698502234 0.0208603596761 0.00366437138323 0.0256735743574 0.0200276664382 0.0194820340455 0.0150897358819 0.0333124685598 -0.012081487516 -0.00105193563795 -0.0069570776171 0.17620272507 0.00694913545818 0.028958118548 -0.0372031621485 0.00170896429289 0.0101882246671 -0.0272390296959 0.0561240747218 0.0181900974688 0.00246865480656 0.0363264849074 -0.0070478339072 0.0172144504766 0.379929473771 0.022794959402 0.0193247899235 0.0126936187282 -0.0151728692203 
-0.0119720498405 0.0251306551566 0.0117670470381 0.00989516991859 0.000374801729691 0.0250252660773 0.0153830596599 0.000185913815425 0.0093921406417 0.0112095510149 0.0482437741139 0.01499185036 0.0363693035601 0.0124403464711 0.0222427759229 0.010484713636 -0.00434321128336 0.0137194059015 0.0367515692587 0.0525768468952 0.019006095654 -0.00921777930507 0.0155608749314 0.0253029358387 0.00424686801205 0.0212058998253 -0.000268299570002 0.0323123240454 0.00758556122088 -0.00190096865566 0.016754047802 0.0470150767118 0.0173211770127 0.0272335351196 0.0181695268006 0.0517217390758 0.0253416101896 0.00601866105868 -0.00127721301312 0.0356905141409 0.0106773270085 0.0105025646264 0.0867276529776 0.00430897469293 0.0252566095726 0.022794959402 0.367609211934 0.000396244828552 0.0336783485161 0.0329389745356 
0.00238673084767 0.0252536654514 0.0210264546236 -0.000640770698951 -0.00584626784583 -0.0162082599895 0.0117493583708 0.0256153755491 0.0480649653276 0.00821676977166 0.0457586338839 0.00599516845055 0.0318092967605 0.0452086655294 0.0269024940491 0.027497175319 0.0292921839252 0.0198073599135 0.0424388651718 0.0188443562872 0.00378524191859 -0.00278583335697 -0.000507851739896 0.00664263066003 0.0125602031416 0.000997165658747 -0.0464599530196 0.0129105033573 0.0297566893155 0.022478240313 0.115499372749 -0.00699178156667 -0.0223062611687 0.00527514016966 0.011792531882 0.00963531010183 0.0178281304728 0.0499650974345 0.050646150089 0.0323357485995 0.0168455727953 0.0194366848542 0.0290408950405 0.0297980107965 0.0417582580737 0.0193247899235 0.000396244828552 0.57832113258 0.000488518674586 0.0110297933136 
