50
-0.00168409401267 0.0493961611292 0.0526772687529 -0.0148687542544 0.165506763093 0.00194148072761 0.0493061267197 0.0479071153807 0.0422860283868 0.0507347996455 0.104550469133 0.09797045465 0.0639224219563 0.0363676427781 0.0762578269544 0.0493934577213 0.0524452719686 0.0963264580192 0.105790735219 0.0771685990004 0.0423549004831 0.142251168296 0.103166553638 0.0538940625226 0.0621428512979 0.10004428458 0.0321720089654 0.0300114281637 0.110578936942 0.0823962853659 0.0070666509449 0.424855775916 0.128291051585 0.110955558587 0.170228010564 0.0731585002716 0.0110311255814 0.0181340887913 0.0170913584406 0.104921073146 0.0916609470377 0.0521298167044 0.0335790413719 -0.0290439391383 0.100072423231 0.0498180241401 0.105790500039 0.0952470994091 0.0135435889675 0.275152850517 
0.0948180048132 0.00600894768316 0.0144818784125 0.00359525507538 0.0176239218557 0.0155737505615 -0.000137013034501 0.0184553262116 0.00889325042355 0.0297596743426 0.0148725594777 0.014931530025 0.0212693833623 0.00913117483631 0.0105744835384 0.00981341698505 0.00956322619914 0.0202394990756 0.0131737857657 0.0179184943074 0.012876570064 0.0179529523156 -0.00610325915971 0.00237410196603 0.0135106646499 0.0198650116198 0.0178816841577 0.0240602288728 0.00670012695824 0.0205075422956 0.0201076136533 -0.00857336406065 0.00358956478677 0.0175515562409 0.00271505809278 -0.000356729505754 0.00497134773076 0.011610023864 0.0276303076115 0.0111279897909 -0.00235944525994 0.00494784395364 0.0177678686365 -0.0172002987017 0.0303132102993 -0.00970696147704 0.0105848195713 0.00170311991242 0.0129519132461 0.00642774746646 
0.00600894768317 0.423348178171 0.00426916689148 0.0110084886329 -0.0026205617808 -0.00208095657038 -0.00572565105988 0.00914549071214 0.00865036087535 0.0288781439281 0.00419942500357 -0.0201917877325 0.010100943578 0.00644863385739 0.0252851036867 -0.00210949508976 0.0168511792788 -0.0153281054225 0.0076357714384 0.00769213709202 0.00998226198743 -0.0120490585369 -0.000753121756299 0.0165808119281 0.0204747264206 0.0219029472921 0.0367073957788 0.00854976231621 0.0133415377902 0.0102442399624 0.00768796925044 -0.00997975755303 0.00892347080806 -0.000933968659493 0.0164377143192 0.01785955573 0.0121173877122 0.03308660753 0.00341383632676 0.0103009241666 0.00603766820709 -0.000499939234853 0.0133154780463 0.00278727319422 0.0430693037613 -0.00928357045718 0.00243481298353 0.0161365512641 0.00553257892099 -0.000149504377998 
0.0144818784125 0.00426916689148 0.245067871763 0.00348626158695 0.0415282176933 0.0198982577921 0.0247652857158 0.0285378264726 -0.00785966908283 -0.00354711201331 0.010069954276 0.000180746315772 0.0149520442219 0.01456604684 0.0273911068628 0.00830856543389 0.0272043613655 0.0276793272485 0.0211687124421 0.0339218308032 0.0192649332772 -0.0132967356443 0.0114986554413 0.00600678807189 0.00834419348417 0.0102628780118 0.0202082055904 0.0129656995887 -0.0195602742406 0.0117920087627 0.0128284002155 0.00876665478468 0.022989915825 0.0294260297834 0.0146911530352 0.00922956848617 0.01330386928 0.0015998285348 0.0192293294849 0.0150322699341 0.00999504244843 0.0195715934152 0.0072764092876 0.0104749635216 0.0173371412508 0.0218963420055 0.0154289089865 0.0349204872884 0.0203422165208 -0.0023974784497 
0.00359525507536 0.0110084886329 0.00348626158695 0.148210238696 0.0152262251027 0.0139123062155 0.000609683717258 0.0121160058293 0.00467577349145 0.0230861313076 0.0031630287146 -0.00262887794269 0.0108071090821 0.00668490670472 0.0427364746036 0.0145054879739 0.00429712672027 0.0185804527732 0.0187663734934 0.029003191713 0.0128062707898 0.00282666620583 -0.0054376412702 0.00527710636833 0.0115206080709 -0.00142178981199 0.0112766421679 0.0266570194566 0.0133296642462 0.00583637007184 0.0012099403364 0.010534604641 0.00556029956475 0.0179398945974 0.00526931694375 0.0238808138079 0.0388846690201 0.038551691864 0.0196047101594 0.0100351920836 -0.00795130239809 -0.00576875595712 -0.000727240455073 0.0130873071501 0.0173710807306 0.00874887518758 0.0116805846886 0.0239810773649 0.0133573736632 0.00915662536401 
0.0176239218557 -0.0026205617808 0.0415282176933 0.0152262251027 0.365186168823 0.028245750398 0.019141070979 0.0505870652417 -0.020738705859 0.0480866273412 0.0153377469073 -0.0126314320739 0.0197158276818 0.00996289343551 0.00521888893802 0.0167171631361 0.065468664301 0.0274242606328 0.0297887014149 0.0243612010547 0.0429111954201 0.0365666219936 -0.00183278294001 0.0125960579166 0.0121722022984 0.0477877582039 0.0293958369823 0.0147302156421 0.00358550932153 0.00830556322193 0.000906137662174 -0.0107152972914 0.00918861012579 0.0162199974407 0.0474696968684 0.000171449486428 0.00986427341977 -0.00120796377077 0.0162155624673 0.017429411521 0.0402273278702 0.0141915084308 0.0402649602683 0.0199894880544 0.057464879931 0.0107645538856 0.027119278622 0.0164937490611 0.0101905584499 0.014828741612 
0.0155737505615 -0.00208095657038 0.0198982577921 0.0139123062155 0.028245750398 0.196248832829 0.00700666810467 0.0171436000258 0.010147766661 0.00809884292109 0.0138939444716 0.0459501204473 0.0526129121838 0.0329255608338 0.0270358160727 0.0183269023053 -0.00927650129409 0.0182320211715 0.029054242023 0.0292435026724 0.00796812531158 0.0289478665454 0.0224338181364 0.0012740152898 0.026105764294 0.0335479016988 0.026249550614 0.014174541065 0.00966690631675 0.0176424841078 0.00773476917981 -0.00632621772316 0.0318018712455 0.051922801591 0.0158841748855 0.0355082674512 0.0193083367867 0.0211736695908 0.0154185200944 0.0371845705322 0.0196898149964 0.0149472271085 -0.00051086563118 0.0359574729911 0.0187835905071 0.0106063533498 0.000116791456139 0.0506385797264 0.0068229351068 0.0150298735554 
-0.000137013034506 -0.00572565105989 0.0247652857158 0.000609683717257 0.019141070979 0.00700666810467 0.210720774536 -0.018114615583 0.00266794414431 -0.00637851137354 0.0431832404912 0.00935658929004 0.0164625498289 -0.0046022458997 -0.0021396302027 0.0164011856158 0.0315227366571 0.000321273485665 0.0350419484554 0.0249531748369 0.00355586692576 0.010532445619 0.0154182000398 -0.00273400556085 0.0254391879331 -0.000622019610265 0.0122978212463 0.00690782035365 0.0394141400709 0.0311317826049 0.00252352563263 -0.00762477489811 0.0121796577551 0.0354242781909 0.000531453211824 0.00449097217456 0.0125591109326 0.00744731279013 0.0106436972773 0.0413651261696 -0.00245165326925 0.0137144389011 0.0194528688583 0.000192973788792 -0.00908446018778 0.053787337374 0.0167696751631 0.0169208604929 0.0163293637062 -0.0128924255506 
0.0184553262116 0.00914549071214 0.0285378264726 0.0121160058293 0.0505870652417 0.0171436000258 -0.018114615583 0.223806898947 0.0234820180564 0.0484606497727 0.0139259957812 0.0291911643474 0.0118086982266 0.0214739914106 0.0212604613616 0.00701991210954 -0.00546758238805 0.0328179784911 -0.00179682440076 0.0274775382535 0.0183707169396 0.00358071988135 0.00410166469491 -0.00159615041768 0.022860806783 0.0153531021021 0.00416262997841 0.0316255329575 0.0216428627426 0.00890393143452 0.00159342338214 -0.0281767821185 0.000114696420586 -0.00934767422264 -0.000684015740828 -0.0196817281015 0.0196089637204 0.0234341194793 0.00953769099807 0.00504318596279 0.0115453390239 0.00162546767035 0.00878163902496 0.00744044693842 0.0276285267048 0.0286964610619 -0.00873873779611 0.0125753454883 -0.018348391763 -0.0134261044448 
0.00889325042356 0.00865036087535 -0.00785966908283 0.00467577349145 -0.020738705859 0.010147766661 0.00266794414431 0.0234820180564 0.236744592521 0.0279574170365 0.000344140035699 0.00590584457635 0.0291912924461 0.0210136400612 -0.0118915299619 0.00129995492727 0.0261530303364 0.00198943826499 0.00117712471301 0.00526639460457 0.0190524310893 -0.0150578744605 0.0523027681801 -0.00699290618812 0.0140202930549 0.0201611697679 0.0217487800202 0.0199617195069 0.0248044334786 -0.000277812028322 0.00789243467199 0.00762813234603 0.0357065550225 0.0153792871817 -0.0045672681941 0.00168327303167 0.011965534738 0.00799645692596 0.00693449993012 0.0294903705553 0.0129968635847 0.0096016133327 0.0177217880341 -0.0114057971322 -0.00139007098391 -0.0113869072426 0.00356192855724 0.0258202433446 0.0153265820914 0.00220701320115 
0.0297596743426 0.0288781439281 -0.00354711201331 0.0230861313076 0.0480866273412 0.00809884292109 -0.00637851137355 0.0484606497727 0.0279574170365 0.248944066674 0.02508208136 0.0128802227134 0.0215062027431 0.0256630165874 0.0598962323968 0.00380769163114 0.0279703921662 0.0279654946551 -0.000341651863127 0.0313306746518 0.00450344682447 0.0209600288258 -0.00674423452575 0.00505031191694 0.0103706096803 0.0398615452481 0.0161121511224 0.0186214975443 0.0223480242707 0.0287400788327 -0.00330205092538 0.0147805552276 0.0302141942805 0.0364922500356 0.0104403138256 0.00697524056815 0.0133748207896 0.0222325695649 0.042019304141 0.020632297944 0.0334645569953 0.0236482184334 -0.00157555864407 0.0101375400546 0.0417199767987 0.0304356052579 0.0106478335614 0.032783827565 0.0272408430137 -0.0157697890777 
0.0148725594777 0.00419942500357 0.010069954276 0.0031630287146 0.0153377469073 0.0138939444716 0.0431832404912 0.0139259957812 0.000344140035699 0.02508208136 0.519738179448 0.0568692934849 0.029850848651 0.00265207391414 0.051444551182 -0.00836492597289 0.0398149348507 0.0349925760334 0.0143427514778 0.0261728035342 0.044959455265 0.000548104353218 0.0367986259698 0.0150034303108 0.0509346617158 0.0897677952388 0.00613453689517 -0.000844620039318 0.0235154100434 0.0732720248978 0.000939085338798 0.014236952442 0.0126686944675 0.0196528106486 0.0523785646229 0.030850077647 0.00749801853831 0.0114645113918 -0.000857892895136 0.0224594258543 0.0187575824147 -0.00139992242233 0.0188818202386 0.0501902953405 0.0317194779589 0.0250881120374 -0.0147523205773 0.00730667538762 0.00594171404812 -0.0302695738876 
0.014931530025 -0.0201917877325 0.000180746315773 -0.00262887794269 -0.0126314320739 0.0459501204473 0.00935658929004 0.0291911643474 0.00590584457635 0.0128802227134 0.0568692934849 0.948391942448 0.000399508345681 0.0145009974718 -0.00824893599199 0.00854844689543 -0.0311322714159 -0.00394803284372 0.0417333304193 0.0104446929428 -0.00811800333154 -0.00272648408455 -0.0127232779704 0.0550947578368 0.0219572276415 -0.0485793650092 0.028613229477 0.0148153269028 0.0189846301798 0.0897822170345 -0.00204403397708 -0.0240103417195 0.00394833636392 0.00795516795253 0.000221426020615 -0.0102826488811 -0.0050595253128 -0.00960779556953 0.00570126136537 0.0763420172627 0.0206223540282 0.0159414472056 0.0198050389683 0.0535989672177 0.079426472454 -0.00564596321468 -0.00339319282094 0.0225428614281 0.0291714574868 -0.00224708639249 
0.0212693833623 0.010100943578 0.0149520442219 0.0108071090821 0.0197158276818 0.0526129121838 0.0164625498289 0.0118086982266 0.0291912924461 0.0215062027431 0.029850848651 0.000399508345679 0.422834673925 0.0157493943898 0.10198549685 0.0528126789982 0.0400473918579 0.0279164381676 0.0489091814414 0.0369660208168 -0.0017481710169 0.0595718948316 0.0120149335116 0.0514037212289 0.0137847492552 0.0482300039122 0.0193397363871 0.0090254633027 0.00990910044297 0.0518186250062 0.0452421568797 -1.82226739252e-05 0.009075492445 0.000564828754799 0.0109395131447 0.0648919135789 -0.00870134349924 0.00415020136504 0.0127184215273 0.0221093481286 -0.0154129817393 0.0232394414152 -0.00331588109822 0.0204007157171 -0.00400522693475 0.035345794809 0.0136358501054 0.0573192427895 0.0257023925108 -0.0426156661651 
0.00913117483631 0.00644863385739 0.01456604684 0.00668490670472 0.00996289343551 0.0329255608338 -0.0046022458997 0.0214739914106 0.0210136400612 0.0256630165874 0.00265207391413 0.0145009974718 0.0157493943898 0.182872405454 0.0076213789118 0.0262600563939 0.018993364517 0.022795742842 0.000863439332455 0.0197377964821 0.00660616084075 0.0201201375035 0.0110597973918 0.0149068925652 0.0112429390783 0.0447302548184 0.0413282864185 0.0189290563397 0.000731468928019 -0.00267691395507 0.015343404096 0.0333150216507 0.0205732756962 0.0556613889612 0.0287175289567 0.023986213038 0.00604975639885 0.026870181368 0.0213609514744 0.0103368277935 0.00707030664844 0.0268020489331 0.0137257597386 0.0152368833739 -0.00900329771038 0.00693507348823 0.0252034202588 0.0320312184074 0.0277703838924 -0.0123405932298 
0.0105744835384 0.0252851036867 0.0273911068628 0.0427364746036 0.00521888893802 0.0270358160727 -0.0021396302027 0.0212604613616 -0.0118915299619 0.0598962323968 0.051444551182 -0.008248935992 0.10198549685 0.0076213789118 0.458314225633 0.0168940129626 0.00639006858942 0.0349545980445 0.0244948658872 0.0314230848367 -0.00982079697373 -0.0218027908734 0.00333918166682 0.0149437141829 0.0237160967904 0.0494840234671 0.010579560525 0.0076187833599 0.0187014607873 0.00163710632731 0.00394251926137 -0.0292963873981 -0.0128271296147 -0.031630900994 0.0118305100082 0.00641157398884 0.0253598638451 0.00284424583694 0.00446703615607 0.0192146964218 -0.00425037045809 0.0124170109424 -0.00105164090808 -0.013650739787 0.00133438434988 0.141463666247 0.0247387186347 0.059327071337 0.0213079366106 0.0650397129672 
0.00981341698506 -0.00210949508976 0.00830856543389 0.0145054879739 0.0167171631361 0.0183269023053 0.0164011856158 0.00701991210954 0.00129995492727 0.00380769163114 -0.00836492597289 0.00854844689543 0.0528126789982 0.0262600563939 0.0168940129626 0.154120744861 0.00360744594596 0.0150573424023 0.0332991745131 0.0200098703153 -0.00195000618131 0.0235339274385 0.00842041289079 0.0099867621398 0.0218787011879 0.0200830786963 0.0127682096217 0.0161565678253 -0.000232332165045 0.0101659140357 0.0217588005007 0.0106589924867 0.0078514679058 0.00826992247624 0.0343609599293 0.0140883727532 0.00105812033288 0.00499389651987 0.0237979444623 0.0414870477606 -0.00505778210215 0.0253238061341 0.0156404980578 -0.00749084129926 -0.000364109107225 -0.0108917485178 0.0121942767175 0.0294408408266 0.00805048417103 -0.00471941691424 
0.00956322619914 0.0168511792788 0.0272043613655 0.00429712672027 0.065468664301 -0.00927650129409 0.0315227366571 -0.00546758238805 0.0261530303364 0.0279703921662 0.0398149348507 -0.0311322714159 0.0400473918579 0.018993364517 0.00639006858942 0.00360744594596 0.248832189807 0.0413701037963 0.0117050297908 0.031819087322 -0.00187682406824 0.0258729591579 0.021679025232 -0.00212853030311 0.0240687593557 0.041584456063 0.0123576734928 0.0231943801387 0.00953513263108 0.0156459816963 0.0121421743853 -0.00824783116929 0.0124491046492 0.0292752269513 0.0279656502648 0.00852657448043 0.00849507228863 0.0192016848685 0.0154243501595 0.0447429406018 0.0226060616488 0.0218947308639 0.0438169977161 0.0155436440328 0.00527815495893 0.0205592307532 0.0303958050281 0.0263155544596 0.0193653567536 0.0120966580715 
0.0202394990756 -0.0153281054225 0.0276793272485 0.0185804527732 0.0274242606328 0.0182320211715 0.000321273485665 0.0328179784911 0.00198943826499 0.0279654946551 0.0349925760334 -0.00394803284372 0.0279164381676 0.022795742842 0.0349545980445 0.0150573424023 0.0413701037963 0.451694148724 0.0410681631937 0.030154309229 -0.00570108501148 0.00458063951003 0.0199983093143 0.0720556436495 0.016233541453 0.0433030840615 0.0332895055269 0.00889369417121 0.0116558024153 -0.00578158303587 0.0146743573219 0.0124901544502 0.0454830540625 0.0359341757493 0.023955384986 0.0317867039889 0.00106606355514 -0.00368029248341 0.0210372135837 0.0117186902983 0.00241947404778 0.0355924107022 0.00813405051258 0.00381695547165 0.000672135724404 -0.00381699745744 0.00789307276639 0.0487073301463 0.0169730025526 -0.0200265317532 
0.0131737857657 0.0076357714384 0.0211687124421 0.0187663734934 0.0297887014149 0.029054242023 0.0350419484554 -0.00179682440076 0.00117712471301 -0.000341651863127 0.0143427514778 0.0417333304193 0.0489091814414 0.000863439332455 0.0244948658872 0.0332991745131 0.0117050297908 0.0410681631937 0.350879589092 0.0225329163826 0.0125585284651 0.0143500334397 0.00990933564295 0.0190282908356 0.02252619588 0.0112719504496 0.017960938268 5.12868973664e-05 0.0109334703438 0.0199283050541 0.0190085713382 0.0142476565343 0.0111760734212 0.0337097417091 0.0411166237075 0.0162355388456 0.0154665466067 0.00975009111861 0.0135984874291 0.0291790143975 -0.00594832863787 0.0198890532742 -0.013093704659 0.0139746510609 -0.00656522798853 0.00978007977541 0.015997089906 0.0168066893124 -0.00506444270518 0.0181014737039 
0.0179184943074 0.00769213709202 0.0339218308032 0.029003191713 0.0243612010547 0.0292435026724 0.0249531748369 0.0274775382535 0.00526639460457 0.0313306746518 0.0261728035342 0.0104446929428 0.0369660208168 0.0197377964821 0.0314230848367 0.0200098703153 0.031819087322 0.030154309229 0.0225329163826 0.194874581528 0.00256059423066 0.0550712806045 0.0310793676065 0.000536081520254 0.03589532502 0.0440860414986 0.011291007868 0.0438457021327 0.0234510855795 0.0145325251254 -0.00241587296835 -0.00186657824751 -0.0108932028276 0.0410048942002 0.0206374915148 0.0060366120706 0.0304772977538 0.0442587073782 0.0405616297886 0.0436957960719 0.00215895462508 0.0306086340442 0.0197463761644 -0.000114085755499 0.0129687832687 0.0310523511309 0.0211156385492 0.00697982490109 0.0115600978315 -0.013455401749 
0.012876570064 0.00998226198743 0.0192649332772 0.0128062707898 0.0429111954201 0.00796812531158 0.00355586692576 0.0183707169396 0.0190524310893 0.00450344682447 0.044959455265 -0.00811800333154 -0.0017481710169 0.00660616084075 -0.00982079697373 -0.00195000618131 -0.00187682406824 -0.00570108501148 0.0125585284651 0.00256059423066 0.21194699966 -0.00476444166931 0.0101895845839 0.0110328020601 0.0104205347073 0.00990442187595 0.00722543083791 0.00562755517995 0.0336789730963 0.00961643383012 0.00462927771983 0.0115641902403 -0.0157071630916 0.0175733129043 -0.0194901152092 -0.0117373804661 0.0178432380748 0.0202686628221 0.012986351188 -0.00385379313839 0.0241968045305 0.00932464485279 0.0186873648301 0.00619859287189 0.0190568859701 -0.0113939824012 0.0352870090361 0.00256191229465 0.00800517554461 -0.00597021331077 
0.0179529523156 -0.0120490585369 -0.0132967356443 0.00282666620583 0.0365666219936 0.0289478665454 0.010532445619 0.00358071988135 -0.0150578744605 0.0209600288258 0.000548104353217 -0.00272648408455 0.0595718948316 0.0201201375035 -0.0218027908734 0.0235339274385 0.0258729591579 0.00458063951003 0.0143500334397 0.0550712806045 -0.00476444166931 0.792305804358 0.0154176828617 0.0190088198712 0.0310511238164 0.0308316896496 0.00287885885889 0.0281626885441 0.0175676668981 0.006300707203 0.014213295191 0.127152823298 0.023198906572 0.000807843691751 0.00734978187362 0.0169130789341 0.0163762468426 0.044544148142 0.0182017505168 0.00224826232816 -0.00412832222572 0.0145355595158 0.0443147650858 0.0358364625329 0.00800783499838 -0.0208349333057 -0.0102883983785 0.032656771573 0.00347424787509 0.00927938680451 
-0.00610325915971 -0.000753121756299 0.0114986554413 -0.00543764127019 -0.00183278294001 0.0224338181364 0.0154182000398 0.00410166469491 0.0523027681801 -0.00674423452575 0.0367986259698 -0.0127232779704 0.0120149335116 0.0110597973918 0.00333918166682 0.00842041289079 0.021679025232 0.0199983093143 0.00990933564295 0.0310793676065 0.0101895845839 0.0154176828617 0.374443371281 0.0203586990462 0.0052202168239 0.0112566461158 0.0166692482064 0.027093921851 0.003034887681 0.0186978643907 0.00780646257468 0.00375613388907 -0.000818464821949 -0.00480661265129 0.0240753279579 0.00737958129828 0.00559598592489 0.0120350176795 0.00644323629206 0.0150272797238 0.00614224169942 0.0187378928771 0.0122469318602 -0.0149986759098 0.0105995181651 -0.0511836681815 -0.00861815218947 0.0451381324957 0.012385211527 -0.00984775989793 
0.00237410196603 0.0165808119281 0.00600678807189 0.00527710636833 0.0125960579166 0.0012740152898 -0.00273400556085 -0.00159615041768 -0.00699290618812 0.00505031191694 0.0150034303108 0.0550947578368 0.0514037212289 0.0149068925652 0.0149437141829 0.0099867621398 -0.00212853030311 0.0720556436495 0.0190282908356 0.000536081520254 0.0110328020601 0.0190088198712 0.0203586990462 0.413901605356 0.0203256251595 0.00383106144868 0.0109012545756 0.00628788361395 -0.00385134465959 -0.00205097740416 0.023998390418 0.00860255576655 -0.0100912628958 0.0344929285525 0.0158712861585 0.00533116353332 0.00258637073153 -0.00728826437954 0.00147600546296 -0.0137857327603 0.00832946892097 0.000507858742304 0.0139972281078 -0.00380538352307 0.0219238950791 0.0174064561712 -0.0180227096408 0.0162917283971 -0.00271474491266 -0.0162710861315 
0.0135106646499 0.0204747264206 0.00834419348417 0.0115206080709 0.0121722022984 0.026105764294 0.0254391879331 0.022860806783 0.0140202930549 0.0103706096803 0.0509346617158 0.0219572276415 0.0137847492552 0.0112429390783 0.0237160967904 0.0218787011879 0.0240687593557 0.016233541453 0.02252619588 0.03589532502 0.0104205347073 0.0310511238164 0.0052202168239 0.0203256251595 0.167971496235 0.0360881994235 0.0188902735202 0.0232011754449 0.00705504109028 0.00383201948019 -0.00342860554646 0.00276397078162 0.011356627321 0.0163611137668 0.0229909981267 0.0123508941918 0.0378810634408 0.0170090227436 0.0303041015209 0.0376961354654 0.0103721482309 0.0114144138588 0.0125176318595 -0.00607680004804 0.00654420263096 0.00497483385543 0.00462084477281 0.026159272684 0.0223781671868 -0.0096636280288 
0.0198650116198 0.0219029472921 0.0102628780118 -0.00142178981199 0.0477877582039 0.0335479016988 -0.000622019610265 0.0153531021021 0.0201611697679 0.0398615452481 0.0897677952388 -0.0485793650092 0.0482300039122 0.0447302548184 0.0494840234671 0.0200830786963 0.041584456063 0.0433030840615 0.0112719504496 0.0440860414986 0.00990442187595 0.0308316896496 0.0112566461158 0.00383106144868 0.0360881994235 0.502065465182 0.0322456626898 0.0289426215538 0.0157408244206 -0.00129266222051 -0.00422367340813 0.0135600039614 0.0218345431332 0.0107286448176 -0.00237476847455 0.011629286971 0.0169084968455 0.0463323423299 0.0236609211141 -0.023533356159 0.0291414784509 0.0367306914512 0.0135285986559 0.0404065720737 0.0125302457681 0.0106559531841 -0.010704340862 -0.00131511265744 0.0214116834899 0.00399360484982 
0.0178816841576 0.0367073957788 0.0202082055904 0.0112766421679 0.0293958369823 0.026249550614 0.0122978212463 0.00416262997841 0.0217487800202 0.0161121511224 0.00613453689517 0.028613229477 0.0193397363871 0.0413282864185 0.010579560525 0.0127682096217 0.0123576734928 0.0332895055269 0.017960938268 0.011291007868 0.00722543083791 0.00287885885889 0.0166692482064 0.0109012545756 0.0188902735202 0.0322456626898 0.134332384048 0.0111253595273 0.0241968123579 0.0189269537933 0.00417519002182 -0.00346911481844 0.0165867748097 0.0327624488073 0.00830852725807 0.0325694401273 0.0167124433721 0.0223495694228 0.0140832629831 0.018931698458 0.00880143932186 0.0153740767543 0.00353343759918 0.0215308798793 -0.0096804301571 0.00316218547733 0.0264846003604 0.0117081695449 0.0231378316422 -0.0153155361341 
0.0240602288728 0.00854976231621 0.0129656995887 0.0266570194565 0.0147302156421 0.014174541065 0.00690782035364 0.0316255329575 0.0199617195069 0.0186214975443 -0.000844620039318 0.0148153269028 0.00902546330269 0.0189290563397 0.0076187833599 0.0161565678253 0.0231943801387 0.00889369417121 5.12868973666e-05 0.0438457021327 0.00562755517995 0.0281626885441 0.027093921851 0.00628788361395 0.0232011754449 0.0289426215538 0.0111253595273 0.203865706754 0.0293766922498 0.0125232397862 -0.00447958285843 0.00195034056025 0.00913056707989 0.0366854894201 0.0030555850855 -0.00228005567531 0.0201473627823 0.00592906400347 0.0502580982466 0.0249135319811 0.00769114982084 0.0250764349239 0.00347174638063 0.0178961510968 0.00363415722283 0.00716218603477 0.0122384384279 0.0218227131302 0.0336930918429 -0.00256623549754 
0.00670012695824 0.0133415377902 -0.0195602742406 0.0133296642462 0.00358550932153 0.00966690631675 0.0394141400709 0.0216428627426 0.0248044334786 0.0223480242707 0.0235154100434 0.0189846301798 0.00990910044297 0.00073146892802 0.0187014607873 -0.000232332165045 0.00953513263108 0.0116558024153 0.0109334703438 0.0234510855795 0.0336789730963 0.0175676668981 0.003034887681 -0.00385134465959 0.00705504109028 0.0157408244206 0.0241968123579 0.0293766922498 0.84133463752 0.0662600250582 0.0266271487441 -0.0284545765522 0.0199551767447 0.0302121947836 0.00059463102656 0.017150034167 0.00300040049029 0.00798337225227 0.0245572410413 0.0133274985246 0.0378897221805 0.0146675026279 0.0378130130612 0.00895895529582 0.0321872388383 -0.000867256199366 0.0144374990234 -0.0113895306206 0.00868230112274 0.0120607085436 
0.0205075422956 0.0102442399624 0.0117920087627 0.00583637007184 0.00830556322194 0.0176424841078 0.0311317826049 0.00890393143452 -0.000277812028321 0.0287400788327 0.0732720248978 0.0897822170345 0.0518186250062 -0.00267691395507 0.00163710632731 0.0101659140357 0.0156459816963 -0.00578158303587 0.0199283050541 0.0145325251254 0.00961643383012 0.006300707203 0.0186978643907 -0.00205097740416 0.00383201948019 -0.00129266222051 0.0189269537933 0.0125232397862 0.0662600250582 0.309454405595 0.0298438742037 0.000234718843751 0.0256736349896 -0.00829085844403 0.0439440466102 0.0372655184757 -0.0100901282707 -0.00676095166466 -0.00108916560056 0.016185737816 0.00392154470104 0.0140560885622 -0.017706957961 0.0139715283718 0.00975551881011 0.00749915236185 0.000479702723095 7.68097667527e-05 0.00816944227019 0.0142284039971 
0.0201076136533 0.00768796925044 0.0128284002155 0.00120994033639 0.000906137662175 0.00773476917982 0.00252352563263 0.00159342338214 0.00789243467199 -0.00330205092538 0.000939085338798 -0.00204403397708 0.0452421568797 0.015343404096 0.00394251926137 0.0217588005007 0.0121421743853 0.0146743573219 0.0190085713382 -0.00241587296835 0.00462927771983 0.014213295191 0.00780646257468 0.023998390418 -0.00342860554646 -0.00422367340813 0.00417519002182 -0.00447958285843 0.0266271487441 0.0298438742037 0.169425900343 0.00449369259381 -0.00232090525213 0.0218999786823 -0.00624291766463 0.0232563643025 -0.00336886957951 -0.0171337393849 -0.00470504213359 0.00324140098517 0.00321666190617 0.00759124169217 -0.00109333669768 0.0022769838314 0.0151539674015 0.0132908546823 0.0199463142804 0.0194500172873 -0.000182887038335 -0.00136857929807 
-0.00857336406065 -0.00997975755303 0.00876665478468 0.010534604641 -0.0107152972914 -0.00632621772316 -0.00762477489811 -0.0281767821185 0.00762813234603 0.0147805552276 0.014236952442 -0.0240103417195 -1.8222673925e-05 0.0333150216507 -0.0292963873981 0.0106589924867 -0.00824783116929 0.0124901544502 0.0142476565343 -0.00186657824751 0.0115641902403 0.127152823298 0.00375613388907 0.00860255576655 0.00276397078162 0.0135600039614 -0.00346911481844 0.00195034056025 -0.0284545765522 0.000234718843751 0.00449369259381 3.74588144946 0.0283871677429 -0.0145316631915 -0.0093709938057 -0.0133722136661 -0.00782151938775 0.00115911792786 0.0194938066241 0.0363130154262 -0.0254344815653 0.00650728360606 -0.00476706487828 -0.0318035765977 0.0068683187987 -0.0346316177479 0.101488677811 0.0262724756445 0.00396025420206 -0.0126774225295 
0.00358956478677 0.00892347080806 0.022989915825 0.00556029956475 0.00918861012579 0.0318018712455 0.0121796577551 0.000114696420587 0.0357065550225 0.0302141942805 0.0126686944675 0.00394833636392 0.009075492445 0.0205732756962 -0.0128271296147 0.0078514679058 0.0124491046492 0.0454830540625 0.0111760734212 -0.0108932028276 -0.0157071630916 0.023198906572 -0.000818464821948 -0.0100912628958 0.011356627321 0.0218345431332 0.0165867748097 0.00913056707989 0.0199551767447 0.0256736349896 -0.00232090525213 0.0283871677429 0.495846485897 0.00510420076325 0.0640565183998 -0.00379065939529 0.00642794559138 -0.00634406028493 0.00974458999523 0.00693891021389 -0.0161514420891 0.00551058541135 0.0240336037763 0.0166855320127 0.0153536343893 -0.0191203064583 0.0339260116531 0.0324326423989 -0.0054708147579 0.00651727074788 
0.0175515562409 -0.000933968659492 0.0294260297834 0.0179398945974 0.0162199974407 0.051922801591 0.0354242781909 -0.00934767422264 0.0153792871817 0.0364922500356 0.0196528106486 0.00795516795253 0.000564828754799 0.0556613889612 -0.031630900994 0.00826992247624 0.0292752269513 0.0359341757493 0.0337097417091 0.0410048942002 0.0175733129043 0.00080784369175 -0.00480661265129 0.0344929285525 0.0163611137668 0.0107286448176 0.0327624488073 0.0366854894201 0.0302121947836 -0.00829085844403 0.0218999786823 -0.0145316631915 0.00510420076325 0.480688955567 -0.00265926343981 0.0420045898864 0.00119279264341 -0.00508599818438 0.048085423249 0.0286914468158 2.172974573e-06 0.0243494948374 -0.00177035882707 0.0048937583848 0.00947367998889 -0.00298973605418 -0.0119694784276 0.029048552289 0.0304715109105 -0.00281778615337 
0.00271505809278 0.0164377143192 0.0146911530352 0.00526931694375 0.0474696968684 0.0158841748855 0.000531453211824 -0.000684015740828 -0.0045672681941 0.0104403138256 0.0523785646229 0.000221426020614 0.0109395131447 0.0287175289567 0.0118305100082 0.0343609599293 0.0279656502648 0.023955384986 0.0411166237075 0.0206374915149 -0.0194901152092 0.00734978187362 0.0240753279579 0.0158712861585 0.0229909981267 -0.00237476847455 0.00830852725807 0.0030555850855 0.000594631026559 0.0439440466102 -0.00624291766463 -0.0093709938057 0.0640565183998 -0.00265926343981 0.57565014948 0.0325757695336 -0.00426194471867 0.0284171401959 0.023363114703 0.0408879554111 -0.000618388512737 0.0172307224635 0.0339832766354 0.0282091532665 -0.0389352167027 0.015104435206 -0.013986539983 0.0305808949647 -0.00519594862814 -0.0217362531556 
-0.000356729505751 0.01785955573 0.00922956848617 0.0238808138079 0.000171449486427 0.0355082674512 0.00449097217456 -0.0196817281015 0.00168327303167 0.00697524056815 0.030850077647 -0.0102826488811 0.0648919135789 0.023986213038 0.00641157398884 0.0140883727532 0.00852657448043 0.0317867039889 0.0162355388456 0.0060366120706 -0.0117373804661 0.0169130789341 0.00737958129828 0.00533116353332 0.0123508941918 0.011629286971 0.0325694401273 -0.00228005567531 0.017150034167 0.0372655184757 0.0232563643025 -0.0133722136661 -0.00379065939529 0.0420045898864 0.0325757695336 0.328951989359 -0.0028840321427 0.0159579051493 0.0174494330265 0.027256802083 -0.00198004124596 0.0131920098924 0.00147776187622 0.0108759310424 0.00379424713065 0.00451816867427 0.00832724819047 0.0264374977711 0.0156024375923 -0.0138913539589 
0.00497134773078 0.0121173877122 0.01330386928 0.0388846690201 0.00986427341977 0.0193083367867 0.0125591109326 0.0196089637204 0.011965534738 0.0133748207896 0.00749801853831 -0.0050595253128 -0.00870134349924 0.00604975639885 0.0253598638451 0.00105812033288 0.00849507228863 0.00106606355514 0.0154665466067 0.0304772977538 0.0178432380748 0.0163762468426 0.00559598592489 0.00258637073153 0.0378810634408 0.0169084968455 0.0167124433721 0.0201473627823 0.00300040049029 -0.0100901282707 -0.00336886957951 -0.00782151938774 0.00642794559138 0.00119279264341 -0.00426194471867 -0.0028840321427 0.1436649624 0.0273068308029 0.0224827930891 0.0230238785694 0.00415883425041 0.0155927177605 0.00345872200341 -0.00654565625427 0.0239147074539 0.0275958168148 0.00965253545759 0.00782573746377 0.0160677971497 0.00323970914644 
0.011610023864 0.03308660753 0.0015998285348 0.038551691864 -0.00120796377077 0.0211736695908 0.00744731279013 0.0234341194793 0.00799645692596 0.0222325695649 0.0114645113918 -0.00960779556953 0.00415020136504 0.026870181368 0.00284424583694 0.00499389651987 0.0192016848685 -0.00368029248341 0.00975009111861 0.0442587073782 0.0202686628221 0.044544148142 0.0120350176795 -0.00728826437954 0.0170090227436 0.0463323423299 0.0223495694228 0.00592906400347 0.00798337225227 -0.00676095166466 -0.0171337393849 0.00115911792786 -0.00634406028493 -0.00508599818437 0.0284171401959 0.0159579051493 0.0273068308029 0.28694351388 0.043351168933 0.0289027608511 0.0210399639863 0.00926154106334 0.0075509629937 0.016594535197 -0.000843620760995 0.0153416629862 0.0102142228616 0.0183943058401 0.0395346087694 -0.0113078248628 
0.0276303076115 0.00341383632676 0.0192293294849 0.0196047101594 0.0162155624673 0.0154185200944 0.0106436972773 0.00953769099807 0.00693449993012 0.042019304141 -0.000857892895136 0.00570126136537 0.0127184215273 0.0213609514744 0.00446703615607 0.0237979444623 0.0154243501595 0.0210372135837 0.0135984874291 0.0405616297886 0.012986351188 0.0182017505168 0.00644323629206 0.00147600546296 0.0303041015209 0.0236609211141 0.0140832629831 0.0502580982466 0.0245572410413 -0.00108916560056 -0.00470504213359 0.0194938066241 0.00974458999523 0.048085423249 0.023363114703 0.0174494330265 0.0224827930891 0.043351168933 0.207656230058 0.036364560941 -0.00165529235214 0.0444274069498 0.0170881178688 0.000592750826835 -0.017197112714 0.0160536338126 -0.00633549532837 0.0272293050104 0.0413029768115 0.00570307581632 
0.0111279897909 0.0103009241666 0.0150322699341 0.0100351920836 0.017429411521 0.0371845705322 0.0413651261696 0.00504318596279 0.0294903705553 0.020632297944 0.0224594258543 0.0763420172627 0.0221093481286 0.0103368277935 0.0192146964218 0.0414870477606 0.0447429406018 0.0117186902983 0.0291790143975 0.0436957960719 -0.00385379313839 0.00224826232816 0.0150272797238 -0.0137857327603 0.0376961354654 -0.023533356159 0.018931698458 0.0249135319811 0.0133274985246 0.016185737816 0.00324140098517 0.0363130154262 0.00693891021389 0.0286914468158 0.0408879554111 0.027256802083 0.0230238785694 0.0289027608511 0.036364560941 0.235543847328 0.0142490200385 0.0284193728217 0.0155369579619 -0.00316098161586 0.00295237914297 0.0522198365432 0.02778106182 0.0588934127538 0.012090367821 -0.0238758018022 
-0.00235944525995 0.00603766820709 0.00999504244843 -0.00795130239809 0.0402273278702 0.0196898149964 -0.00245165326925 0.0115453390239 0.0129968635847 0.0334645569953 0.0187575824147 0.0206223540282 -0.0154129817393 0.00707030664844 -0.00425037045809 -0.00505778210215 0.0226060616488 0.00241947404778 -0.00594832863786 0.00215895462508 0.0241968045305 -0.00412832222572 0.00614224169942 0.00832946892097 0.0103721482309 0.0291414784509 0.00880143932186 0.00769114982084 0.0378897221805 0.00392154470104 0.00321666190617 -0.0254344815653 -0.0161514420891 2.17297457244e-06 -0.000618388512738 -0.00198004124596 0.00415883425041 0.0210399639863 -0.00165529235214 0.0142490200385 0.431277693286 0.00104480740235 0.016047707722 -0.019445441918 0.0454961887227 0.0244089120624 0.0274328594403 0.000497330120767 -0.0266022555436 0.00343383575856 
0.00494784395362 -0.000499939234854 0.0195715934152 -0.00576875595712 0.0141915084308 0.0149472271085 0.0137144389011 0.00162546767035 0.0096016133327 0.0236482184335 -0.00139992242233 0.0159414472056 0.0232394414152 0.0268020489331 0.0124170109424 0.0253238061341 0.0218947308639 0.0355924107022 0.0198890532742 0.0306086340442 0.00932464485279 0.0145355595158 0.0187378928771 0.000507858742303 0.0114144138588 0.0367306914512 0.0153740767544 0.0250764349239 0.0146675026279 0.0140560885622 0.00759124169217 0.00650728360606 0.00551058541135 0.0243494948374 0.0172307224635 0.0131920098924 0.0155927177605 0.00926154106334 0.0444274069498 0.0284193728217 0.00104480740235 0.147386729113 0.00197964770196 0.0140716607714 -0.0205595561349 -0.0149857993084 0.0279358229505 0.01466738914 0.00998401045669 -0.00292716439787 
0.0177678686365 0.0133154780463 0.0072764092876 -0.000727240455076 0.0402649602683 -0.00051086563118 0.0194528688583 0.00878163902496 0.0177217880341 -0.00157555864407 0.0188818202386 0.0198050389683 -0.00331588109822 0.0137257597386 -0.00105164090808 0.0156404980578 0.0438169977161 0.00813405051258 -0.013093704659 0.0197463761644 0.0186873648301 0.0443147650858 0.0122469318602 0.0139972281078 0.0125176318595 0.0135285986559 0.00353343759918 0.00347174638063 0.0378130130612 -0.017706957961 -0.00109333669768 -0.00476706487828 0.0240336037763 -0.00177035882707 0.0339832766354 0.00147776187622 0.00345872200341 0.0075509629937 0.0170881178688 0.0155369579619 0.016047707722 0.00197964770195 0.232071727021 0.00437617342995 0.0176068722651 -0.019250729266 0.0145563435199 -0.002900431453 0.0253847104823 -0.0131814012563 
-0.0172002987017 0.00278727319422 0.0104749635216 0.0130873071501 0.0199894880544 0.0359574729911 0.000192973788792 0.00744044693842 -0.0114057971322 0.0101375400546 0.0501902953405 0.0535989672177 0.0204007157171 0.0152368833739 -0.013650739787 -0.00749084129926 0.0155436440328 0.00381695547165 0.0139746510609 -0.000114085755499 0.00619859287189 0.0358364625329 -0.0149986759098 -0.00380538352307 -0.00607680004804 0.0404065720737 0.0215308798793 0.0178961510968 0.00895895529582 0.0139715283718 0.0022769838314 -0.0318035765977 0.0166855320127 0.0048937583848 0.0282091532665 0.0108759310424 -0.00654565625427 0.016594535197 0.000592750826834 -0.00316098161586 -0.019445441918 0.0140716607714 0.00437617342995 0.329455439986 0.00841190602377 -0.0038202227826 -0.00124898232996 0.0199735932881 0.0109991101581 -0.025088593024 
0.0303132102993 0.0430693037613 0.0173371412508 0.0173710807306 0.057464879931 0.0187835905071 -0.00908446018778 0.0276285267048 -0.00139007098391 0.0417199767987 0.0317194779589 0.079426472454 -0.00400522693475 -0.00900329771038 0.00133438434988 -0.000364109107225 0.00527815495893 0.000672135724404 -0.00656522798853 0.0129687832687 0.0190568859701 0.00800783499838 0.0105995181651 0.0219238950791 0.00654420263096 0.0125302457681 -0.0096804301571 0.00363415722283 0.0321872388383 0.00975551881011 0.0151539674015 0.0068683187987 0.0153536343893 0.00947367998889 -0.0389352167027 0.00379424713065 0.0239147074539 -0.000843620760995 -0.017197112714 0.00295237914297 0.0454961887227 -0.0205595561349 0.0176068722651 0.00841190602377 0.482359884622 0.00723761151478 -0.00044371470949 0.0101469625697 -0.00467834787187 -0.0223842752626 
-0.00970696147704 -0.00928357045718 0.0218963420055 0.00874887518758 0.0107645538856 0.0106063533498 0.053787337374 0.0286964610619 -0.0113869072426 0.0304356052579 0.0250881120374 -0.00564596321468 0.035345794809 0.00693507348823 0.141463666247 -0.0108917485178 0.0205592307532 -0.00381699745744 0.0097800797754 0.0310523511309 -0.0113939824012 -0.0208349333057 -0.0511836681815 0.0174064561712 0.00497483385543 0.0106559531841 0.00316218547733 0.00716218603477 -0.000867256199366 0.00749915236185 0.0132908546823 -0.0346316177479 -0.0191203064583 -0.00298973605418 0.015104435206 0.00451816867427 0.0275958168148 0.0153416629862 0.0160536338126 0.0522198365432 0.0244089120624 -0.0149857993084 -0.019250729266 -0.0038202227826 0.00723761151478 0.368392880561 -0.0153987391637 0.0259243681662 0.00145165328351 0.0521019766707 
0.0105848195713 0.00243481298353 0.0154289089865 0.0116805846886 0.027119278622 0.000116791456139 0.0167696751631 -0.00873873779611 0.00356192855724 0.0106478335614 -0.0147523205773 -0.00339319282094 0.0136358501054 0.0252034202588 0.0247387186347 0.0121942767175 0.0303958050281 0.00789307276639 0.015997089906 0.0211156385492 0.0352870090361 -0.0102883983785 -0.00861815218947 -0.0180227096408 0.00462084477281 -0.010704340862 0.0264846003604 0.0122384384279 0.0144374990234 0.000479702723095 0.0199463142804 0.101488677811 0.0339260116531 -0.0119694784276 -0.013986539983 0.00832724819047 0.00965253545759 0.0102142228616 -0.00633549532837 0.02778106182 0.0274328594403 0.0279358229505 0.0145563435199 -0.00124898232996 -0.00044371470949 -0.0153987391637 0.534154392271 0.0541145203169 0.0130577938232 0.0247860115287 
