40
0.0573021249509 -0.00773505516991 0.0269248151276 0.0625194128962 0.109959402945 0.135547989167 0.112278324126 0.0950879331279 0.0801839086902 0.0402434153999 0.0367129888202 0.234070828585 0.0539269159384 0.0328562524986 0.134581744136 0.10431458653 0.0584521455196 0.0637387331612 0.0206658862902 0.176385145314 0.142595623168 0.171628318037 0.165275344352 0.0665048210348 -0.00305157485537 0.134360436546 0.0398839612709 -0.0108233812146 0.28152338764 0.0538940625226 0.115739319126 0.025042174885 0.00839736130492 0.00496789573306 0.0121413644826 0.00535997805058 0.102568127786 0.0598638009539 0.0905877796438 0.103848753038 
0.317269245473 0.00227350505849 -0.00212810787933 0.032873107853 0.00546565930415 0.00465813215413 0.0181243976659 0.0485551855248 0.0111606776346 0.0190100117028 0.0107789454147 0.0352067639893 0.0115546046641 -0.0036784128615 0.0384294631834 0.026073601737 0.0274153681662 0.00380159346422 0.0283302871812 0.0359141373025 -0.00330184498147 0.00936188901848 -0.0113078888199 0.0179098134264 0.0480377410538 0.0528948154462 0.0143739581755 -0.000570825429774 -0.00808678389535 -0.0127038963052 0.0318033202999 0.0114830891627 0.0271378839503 0.0128202803992 0.00315589119291 -0.0080990414222 0.0276729358392 0.022051441332 0.0408833951063 0.0154491350883 
0.00227350505849 0.118433161564 0.0438618243163 0.016528002005 0.0105382411169 -0.00131002451278 -0.00246727783408 0.0099724595376 0.00423932975003 0.0118601592586 0.0122698938081 0.00982879122859 0.0181769349406 0.00377833811777 -0.00294924706645 0.00454864551057 0.0209229469175 0.0172492312795 0.0285236953629 0.0147611639842 0.0335615298898 0.0116053303275 0.00855216372567 0.00442321745803 0.0139732508514 0.0319664566365 0.00467360804287 0.0553368203195 -0.0110580813888 0.000835970326787 0.0142843280656 0.00867981219626 0.0104804899127 0.0355217535819 0.0143037592738 0.0347049395822 0.0146879911697 0.0337516518492 0.0147643128543 0.013716282103 
-0.00212810787933 0.0438618243163 0.19454862651 -0.00254161239692 0.00244414603359 -0.0117191670998 0.00585624036811 0.011606704807 -0.00833700779738 0.00561066441315 0.0153915506742 0.0129676196237 0.0112949732747 0.030381992141 -0.0261085930803 -0.00400112369794 0.0095290524309 0.0545331203712 0.024490450132 0.0171105055468 0.00856455390549 0.00868794183555 -0.017183704823 0.00941295006983 0.0221921113336 0.0675982100271 0.0191084885149 0.05292272106 -0.0141447908496 -0.00247314042036 0.0187786029889 0.00833045025527 0.00659319501017 0.040235850436 0.0213193742671 0.0426114480011 -0.0026501911229 0.0185403564488 0.0125254462389 0.0141628277868 
0.032873107853 0.016528002005 -0.00254161239692 0.327350510238 0.0211560318569 0.00469764193832 0.03114336136 0.00972770814259 0.0354955834198 0.019685172273 0.0510626947557 0.0254418030646 -0.00953170773956 0.0305572123121 0.03607234965 0.0617054219956 -0.0040151495536 0.0013497208577 0.0232026289826 0.0237295525961 0.0337841183704 0.0496633368128 0.0168964554543 0.0203019000049 0.0228347414339 0.0586751973531 0.0094653531937 0.0403649288757 -0.0139312414196 0.0058597034747 0.0495952922853 0.014617455478 0.0366535128538 0.0319221903114 0.011546677993 0.0214427832769 0.0535304293199 0.034019311119 0.0274695368018 0.000640086500372 
0.00546565930415 0.0105382411169 0.00244414603359 0.0211560318569 0.381602421609 0.0480318343417 0.0325353884835 0.0532266996843 0.0214325857625 0.0190944431568 0.0201712156714 0.0921862492984 0.0315930689908 0.0279094724057 0.00690281369885 0.063874625709 0.00759910473298 0.0556751015626 0.0421069858629 0.00645280545587 0.0439531816931 0.0156417439493 0.0252789404968 0.0434186729037 0.00604372070011 -0.00058600926715 0.0174493980667 0.0197262743249 -0.0117610554709 0.0448070094801 0.0158349036412 0.0376971968681 0.0151769159996 0.0138406671772 0.0475932764278 0.0167889051518 0.0150738481464 0.0301042298106 0.0830144708848 -0.00648765495825 
0.00465813215413 -0.00131002451278 -0.0117191670998 0.00469764193832 0.0480318343417 0.468225789903 0.0327360696092 0.0264587003649 0.136403298573 0.00337812515267 0.0059805218432 0.0645456812901 0.0143276910983 0.00490970659051 -0.00302950843864 0.0478021874981 0.0262872247572 0.00997705489138 0.0117271914645 0.0124311930979 0.0674757924027 -0.0149693916902 0.00162846281015 0.00170573984643 0.0279963426183 -0.0344645563871 0.00598326438471 -0.00236050357174 -0.0160829120389 0.0302337544159 0.00865973913593 -0.00774299558734 0.0100152674091 -0.000182688685486 -0.00821606531132 0.011040089476 -0.00167693989948 -0.00133192893805 0.000160499295825 0.0209255301789 
0.0181243976659 -0.00246727783408 0.00585624036811 0.03114336136 0.0325353884835 0.0327360696092 0.258023653792 0.0344007779207 0.0479922356556 0.0170891909605 0.0250887496141 0.0486316800022 0.0152717610613 0.0239064444026 0.0266897751447 0.0278214215101 0.0123616187379 0.00663495576699 0.0153343978645 0.0169524610076 0.0165031312288 0.0209546730926 0.0033768932841 0.0347877517743 0.0159339962196 0.000713784611989 0.00064377331123 0.0192935760231 -0.0139083997524 0.0252390637315 0.00470072453444 0.016482414077 0.0158946900416 0.00522972807536 -0.00927138547364 0.0207659765726 0.0280199169787 0.0222700967634 -0.00492971829315 0.00973287914875 
0.0485551855248 0.0099724595376 0.011606704807 0.00972770814259 0.0532266996843 0.0264587003649 0.0344007779207 0.274182318456 0.0621882600986 0.019183858323 0.0364940332151 0.00477557299369 0.0329283599614 0.0146263041007 0.0656731239347 0.0191006445527 0.0318449056531 0.028231761405 0.0512935430123 0.0348101410722 0.0066895559648 0.0139113698775 0.0285628919398 0.0526337901892 0.0173845258295 0.00525982336859 0.0253108624165 0.0319609208322 0.000136228834774 0.0262711366889 0.0214831898371 0.031171930355 0.0286211272622 -0.000615727532088 0.0132351114617 0.0086970436162 0.0311551891807 0.0375145279784 0.017392433829 -0.0139036961363 
0.0111606776346 0.00423932975003 -0.00833700779738 0.0354955834198 0.0214325857625 0.136403298573 0.0479922356556 0.0621882600986 0.550521651297 0.0230757293576 0.0152917109617 -0.0109003386737 0.00178589039244 -0.0134114826798 0.00775599460931 0.0125246778252 0.0195366779493 0.0034300186624 0.00852392812756 0.0522045235129 0.0408638130576 -0.0374209287988 0.0140049233091 0.0289287802054 -0.00942421330557 -0.00280877316762 0.00909461810283 0.0116029421638 -0.0294709476949 0.0413983768083 0.0386282618429 0.0188006063227 0.0229243040646 -0.00956498198713 -0.00396318205472 -0.00485734559887 0.0277218822527 -0.0016596656828 -0.00598121989297 -0.0106270298239 
0.0190100117028 0.0118601592586 0.00561066441315 0.019685172273 0.0190944431568 0.00337812515267 0.0170891909605 0.019183858323 0.0230757293576 0.137577502721 0.025738907438 0.0111535705395 0.00780630955453 0.0066570627535 0.000362932184844 0.000768649444904 0.00908549519545 -0.0118639416701 0.00916337808709 0.028156367071 0.0162170203148 0.00796090039579 -0.000829128988071 0.00720164491478 0.00699835765847 -0.00212287750508 0.034232192765 0.0158266615203 -0.0141457687091 0.00265654986313 0.0210775865633 0.0150018450401 0.0101024025094 0.00719988342039 0.018127327034 -0.00132577563329 0.0236920234898 0.00430984597923 0.0101860627838 0.00203767769503 
0.0107789454147 0.0122698938081 0.0153915506742 0.0510626947557 0.0201712156714 0.0059805218432 0.0250887496141 0.0364940332151 0.0152917109617 0.025738907438 0.28408765941 0.0138916672049 0.01156565629 0.0556992614605 0.0157264030981 0.0141349095673 0.0208466732916 0.0163637404481 0.0155137206532 0.0117918270238 0.0448650556997 0.0410401002099 -0.00633849755471 0.0219700923566 0.0359138634378 -0.0082067762904 0.00951308995748 0.00755641960868 -0.00397617846583 -0.00373265271905 0.0435926297578 0.0207049187825 0.0392623092988 0.0044547399629 0.0200185698955 0.0216391937105 0.049860006305 0.0140135797328 0.0443233350555 0.0206433985929 
0.0352067639893 0.00982879122859 0.0129676196237 0.0254418030646 0.0921862492984 0.0645456812901 0.0486316800022 0.00477557299369 -0.0109003386737 0.0111535705395 0.0138916672049 1.00478950464 0.0370311252149 0.0467870493862 0.0681070375819 0.0932546664587 0.0165609625786 0.0270292787341 0.0227939011252 0.0443265359989 0.115119029274 0.00942392352348 0.00903495366705 0.0061903233474 0.0391746944528 0.0293183441422 -0.0329963897929 0.0189274257583 -0.00191681310804 0.0404809482575 0.033838289634 0.030838601959 0.0391798775448 -0.00273739006626 -0.00499319632596 0.0237334728404 0.0421635502895 0.0290196986908 0.0115752753206 0.0654651093028 
0.0115546046641 0.0181769349406 0.0112949732747 -0.00953170773956 0.0315930689908 0.0143276910983 0.0152717610613 0.0329283599614 0.00178589039244 0.00780630955453 0.01156565629 0.0370311252149 0.225024791185 0.00811437989288 0.0256659069243 0.0123700748412 0.00459350892712 -0.000715909121245 0.0165027268438 0.0271347015734 0.0525864793676 0.0192388965186 -0.0056343676757 0.0335057224107 0.017840866191 0.0129694258557 0.00471228802745 0.0256848529076 0.000416505265299 -0.00035938413766 0.0300533020365 0.0249822387729 0.0183415342452 0.0164798836327 0.0144113857744 0.0134029821807 0.0307988315413 0.0331431974944 0.0390440773722 0.0258272349681 
-0.0036784128615 0.00377833811777 0.030381992141 0.0305572123121 0.0279094724057 0.00490970659051 0.0239064444026 0.0146263041007 -0.0134114826798 0.0066570627535 0.0556992614605 0.0467870493862 0.00811437989288 0.31614134379 0.0132891480167 0.0299751745626 0.0178556144615 0.0434386479819 0.0207297109512 0.0202082629915 0.0298410774466 0.057029027058 0.00684776697782 0.0150643507746 -0.00609689978614 0.00977372753463 0.00791828303295 0.01889919869 -0.00901995969571 0.0153549774367 0.0224445525182 0.0148223092474 0.022174891604 0.0257021448841 -0.016035778593 0.00724027282288 -0.00152107269096 0.0139493023622 0.0320389597082 0.0215713378588 
0.0384294631834 -0.00294924706645 -0.0261085930803 0.03607234965 0.00690281369885 -0.00302950843864 0.0266897751447 0.0656731239347 0.00775599460931 0.000362932184845 0.0157264030981 0.0681070375819 0.0256659069243 0.0132891480167 0.37521592948 0.0241895714966 0.0242868074722 -0.0373731539756 0.0293419965511 0.0249901328591 0.0366328047568 0.0215204897392 -0.0234774075417 0.0263942686393 0.0323732284607 -0.0232545767498 0.00243451727654 -0.00943377143907 -0.0298155105414 0.0187759412608 0.0374981812973 0.025134983913 0.0211279335937 -0.0144329166559 0.00119972706507 -0.0174013615383 0.0540016706304 0.0076617129685 -0.000664211412623 -0.00823190621339 
0.026073601737 0.00454864551057 -0.00400112369794 0.0617054219956 0.063874625709 0.0478021874981 0.0278214215101 0.0191006445527 0.0125246778252 0.000768649444904 0.0141349095673 0.0932546664587 0.0123700748412 0.0299751745626 0.0241895714966 0.565788952371 0.0091302809055 0.00765894339584 0.0222459246118 0.0189783365548 0.0405879170695 0.0621599502042 0.0128886310478 0.0233468318228 0.00186510074378 0.00757394054736 -0.00078959894824 0.00892972258056 -0.00763769686826 0.00210847790359 -0.000746226226146 0.0243625606878 0.0187386057662 0.0128036602903 -0.00523858622537 0.00505730301003 0.00783202057374 0.0193768617807 0.0173437469899 2.21123073464e-05 
0.0274153681662 0.0209229469175 0.0095290524309 -0.0040151495536 0.00759910473298 0.0262872247572 0.0123616187379 0.0318449056531 0.0195366779493 0.00908549519545 0.0208466732916 0.0165609625786 0.00459350892712 0.0178556144615 0.0242868074722 0.0091302809055 0.333750553151 0.0154933107782 0.0487090519394 0.00550571892978 0.0227549617948 0.0268793883474 -0.0123107724434 -0.00680012724945 0.0133782389758 0.0159491481829 0.0108017732295 0.0134808030818 0.0148198537805 -0.0156433455715 0.0229712680574 0.00909495356804 0.0279184819992 0.0195953044843 0.000785316151648 0.020974540592 0.0373461495765 0.0268179999471 -0.00964144333596 0.0189421092974 
0.00380159346422 0.0172492312795 0.0545331203712 0.0013497208577 0.0556751015626 0.00997705489138 0.00663495576699 0.028231761405 0.0034300186624 -0.0118639416701 0.0163637404481 0.0270292787341 -0.000715909121245 0.0434386479819 -0.0373731539756 0.00765894339584 0.0154933107782 0.439819030869 0.0377206289043 0.0497503991856 -0.00674374289284 0.0182077765683 0.0148796842957 0.00188057694864 -0.014660753724 0.0502969468171 -0.00357636348796 0.0397657629061 -0.0349156416744 0.0133474238343 -0.00442791832452 -0.00418071174229 0.00187805617796 0.0270359033969 -0.0125382636043 0.0289339944944 -0.0220741269863 0.0362497822212 0.0392822986572 0.0410391610431 
0.0283302871812 0.0285236953629 0.024490450132 0.0232026289826 0.0421069858629 0.0117271914645 0.0153343978645 0.0512935430123 0.00852392812756 0.00916337808709 0.0155137206532 0.0227939011252 0.0165027268438 0.0207297109512 0.029341996551 0.0222459246118 0.0487090519394 0.0377206289043 0.203915222304 0.0185001196409 0.0254238352374 0.0229552373448 0.00812878480843 0.0254877848486 0.0233587167792 0.0238074380196 0.0242679118492 0.0142634604121 0.00418846304451 0.0077119803234 0.0565823096196 0.0239458944477 0.0283964802493 0.034703110678 0.0192356263431 0.0240648335032 0.0413990101552 0.0742367523068 0.00508656755875 0.00530045177956 
0.0359141373025 0.0147611639842 0.0171105055468 0.0237295525961 0.00645280545587 0.0124311930979 0.0169524610076 0.0348101410722 0.0522045235129 0.028156367071 0.0117918270238 0.0443265359989 0.0271347015734 0.0202082629915 0.0249901328591 0.0189783365548 0.00550571892978 0.0497503991856 0.0185001196409 0.611839987204 0.0281896858101 -5.11304956715e-05 0.0287223148717 0.0193040823308 0.0300233829805 0.0118704965398 0.00821758933542 0.0333358237278 -0.0414312754236 0.0610242257853 0.0176914538088 0.02098883527 0.0174379126639 0.00635389142313 -0.0219496418394 0.0144105483845 0.0760488708475 0.0249699180261 0.0937276933975 0.00421592001234 
-0.00330184498147 0.0335615298898 0.00856455390549 0.0337841183704 0.0439531816931 0.0674757924027 0.0165031312288 0.0066895559648 0.0408638130576 0.0162170203148 0.0448650556997 0.115119029274 0.0525864793676 0.0298410774466 0.0366328047568 0.0405879170695 0.0227549617948 -0.00674374289284 0.0254238352374 0.0281896858101 0.430751902507 0.0206749622478 -0.012729670913 0.029501380936 0.0246527561489 0.0588662428252 0.00150589191067 0.034775133342 -0.0056740204544 0.0203708669305 -0.0129446727103 0.0263250305897 0.0253660654872 0.00474967394603 0.045817367834 0.0128654612802 0.0515195085529 0.0459918199851 0.0657174924391 0.0160908040455 
0.00936188901848 0.0116053303275 0.00868794183555 0.0496633368128 0.0156417439493 -0.0149693916902 0.0209546730926 0.0139113698775 -0.0374209287988 0.00796090039579 0.0410401002099 0.00942392352348 0.0192388965186 0.057029027058 0.0215204897392 0.0621599502042 0.0268793883474 0.0182077765683 0.0229552373448 -5.1130495672e-05 0.0206749622478 0.257261619029 0.0163458304617 0.0229838377243 0.00599874711007 0.017060264249 0.0209118607957 0.0215029733147 0.048543400633 0.0306811464845 0.0548106492596 0.00826852610291 0.0199353737777 0.0288959305732 0.0197754608562 0.00676909417093 0.00978798081454 0.0199794371105 0.0161481827913 0.00742259788073 
-0.0113078888199 0.00855216372568 -0.017183704823 0.0168964554543 0.0252789404968 0.00162846281015 0.0033768932841 0.0285628919398 0.0140049233091 -0.000829128988071 -0.00633849755471 0.00903495366705 -0.0056343676757 0.00684776697782 -0.0234774075417 0.0128886310478 -0.0123107724434 0.0148796842957 0.00812878480843 0.0287223148717 -0.012729670913 0.0163458304617 0.986189319794 -0.00697399990803 -0.0050754500419 0.008748787452 0.00642309466576 -0.0132666334447 0.959491744916 0.00194094183999 -0.00915872981041 -0.00463383809661 -0.00109859665477 -0.000993686765329 0.00850927317854 -0.00600784167085 -0.0223385300359 -0.0208220395039 -0.00690166344993 -0.00487203728242 
0.0179098134264 0.00442321745804 0.00941295006983 0.0203019000049 0.0434186729037 0.00170573984643 0.0347877517743 0.0526337901892 0.0289287802054 0.00720164491478 0.0219700923566 0.0061903233474 0.0335057224107 0.0150643507746 0.0263942686393 0.0233468318228 -0.00680012724944 0.00188057694864 0.0254877848486 0.0193040823308 0.029501380936 0.0229838377243 -0.00697399990803 0.235526809881 -0.00346279850705 -0.013907731365 0.0129051831009 0.0155071443904 0.0182616294751 0.0148461077282 0.0212876896832 0.0756601739964 0.0139860022029 -0.000341250181221 0.0198378913281 0.0266412946785 0.0256912557211 0.0384221275473 0.00858885520446 -0.0125371158407 
0.0480377410538 0.0139732508514 0.0221921113336 0.0228347414339 0.00604372070011 0.0279963426183 0.0159339962196 0.0173845258295 -0.00942421330557 0.00699835765847 0.0359138634378 0.0391746944528 0.017840866191 -0.00609689978614 0.0323732284607 0.00186510074378 0.0133782389758 -0.014660753724 0.0233587167792 0.0300233829805 0.0246527561489 0.00599874711007 -0.0050754500419 -0.00346279850705 0.21347466696 0.0308128244207 0.014036249431 0.00279124974141 -0.00681942780808 -0.000258046921401 0.0226840936354 0.00674815877269 0.0236507737822 0.000695341918688 0.0200102527986 0.00948342406535 0.0150455962351 0.0286568382141 0.0069504763794 0.0215437529888 
0.0528948154462 0.0319664566365 0.0675982100271 0.0586751973531 -0.000586009267151 -0.0344645563871 0.000713784611989 0.00525982336859 -0.00280877316763 -0.00212287750508 -0.0082067762904 0.0293183441422 0.0129694258557 0.00977372753463 -0.0232545767498 0.00757394054736 0.0159491481829 0.0502969468171 0.0238074380196 0.0118704965398 0.0588662428252 0.017060264249 0.008748787452 -0.013907731365 0.0308128244207 0.551014704368 -0.0050587473929 0.0372352765059 -0.026911086118 0.00264421023214 0.0496558785788 0.00206849435623 0.0128496720231 0.0474646629519 0.00436606320709 0.0297113776954 0.0111367200039 0.0311495119447 0.011579048859 0.00842573590303 
0.0143739581755 0.00467360804287 0.0191084885149 0.0094653531937 0.0174493980667 0.00598326438471 0.00064377331123 0.0253108624165 0.00909461810283 0.034232192765 0.00951308995748 -0.0329963897929 0.00471228802745 0.00791828303295 0.00243451727654 -0.000789598948241 0.0108017732295 -0.00357636348796 0.0242679118492 0.00821758933542 0.00150589191067 0.0209118607957 0.00642309466576 0.0129051831009 0.014036249431 -0.0050587473929 0.1306548013 -0.00300396231618 -0.00636741328559 -0.00317899985663 0.0184209760257 0.0105776663604 0.0214207343169 0.00233691595947 0.0175091908826 0.00230672620029 0.0195616434327 0.0217339419236 0.00601257170272 -0.00326900452663 
-0.000570825429775 0.0553368203195 0.05292272106 0.0403649288757 0.0197262743249 -0.00236050357174 0.0192935760231 0.0319609208322 0.0116029421638 0.0158266615203 0.00755641960868 0.0189274257583 0.0256848529076 0.01889919869 -0.00943377143908 0.00892972258056 0.0134808030818 0.0397657629061 0.0142634604121 0.0333358237278 0.034775133342 0.0215029733147 -0.0132666334447 0.0155071443904 0.00279124974141 0.0372352765059 -0.00300396231618 0.199635140515 -0.00342056682061 -0.00634408321053 0.0241050319036 0.0253787418844 0.0130295225801 0.0322951447036 0.0161155040476 0.0336203557633 0.00387766126623 0.0406975207816 0.0223556129563 0.00117631595864 
-0.00808678389535 -0.0110580813888 -0.0141447908496 -0.0139312414196 -0.0117610554709 -0.0160829120389 -0.0139083997524 0.000136228834774 -0.0294709476949 -0.0141457687091 -0.00397617846583 -0.00191681310804 0.000416505265299 -0.00901995969571 -0.0298155105414 -0.00763769686826 0.0148198537805 -0.0349156416744 0.00418846304451 -0.0414312754236 -0.0056740204544 0.048543400633 0.959491744916 0.0182616294751 -0.00681942780808 -0.026911086118 -0.00636741328559 -0.00342056682061 1.68068492999 -0.049869651552 -0.0135013888394 -0.0138219318183 -0.00451285639038 0.0113808873634 -0.0158089535521 -0.0016253650371 -0.0156257709058 -0.00177177238678 -0.0328788433659 -0.0421307788858 
-0.0127038963052 0.000835970326787 -0.00247314042036 0.0058597034747 0.0448070094801 0.0302337544159 0.0252390637315 0.0262711366889 0.0413983768083 0.00265654986313 -0.00373265271905 0.0404809482575 -0.00035938413766 0.0153549774367 0.0187759412608 0.00210847790359 -0.0156433455715 0.0133474238343 0.0077119803234 0.0610242257853 0.0203708669305 0.0306811464845 0.00194094183999 0.0148461077282 -0.000258046921401 0.00264421023214 -0.00317899985663 -0.00634408321053 -0.049869651552 0.413198583118 0.00880572971395 0.00271775808639 0.0196039535164 -0.000328549177488 -0.00198003093399 0.00423846264061 0.0136384436326 -0.00135807302961 0.0400178595027 -0.00712936395962 
0.0318033202999 0.0142843280656 0.0187786029889 0.0495952922853 0.0158349036412 0.00865973913593 0.00470072453444 0.0214831898371 0.0386282618429 0.0210775865633 0.0435926297578 0.033838289634 0.0300533020365 0.0224445525182 0.0374981812973 -0.000746226226147 0.0229712680574 -0.00442791832452 0.0565823096196 0.0176914538088 -0.0129446727103 0.0548106492596 -0.00915872981041 0.0212876896832 0.0226840936354 0.0496558785788 0.0184209760257 0.0241050319036 -0.0135013888394 0.00880572971395 0.352918431582 0.00980038775593 0.0322401063002 0.04034981265 0.0265573994409 0.0277377574736 0.046421680764 0.0372541622277 0.00128553564552 -0.0045918699985 
0.0114830891627 0.00867981219625 0.00833045025527 0.014617455478 0.0376971968681 -0.00774299558734 0.016482414077 0.031171930355 0.0188006063227 0.0150018450401 0.0207049187825 0.030838601959 0.0249822387729 0.0148223092474 0.025134983913 0.0243625606878 0.00909495356804 -0.00418071174229 0.0239458944477 0.02098883527 0.0263250305897 0.00826852610291 -0.00463383809661 0.0756601739964 0.00674815877269 0.00206849435623 0.0105776663604 0.0253787418844 -0.0138219318183 0.00271775808638 0.00980038775593 0.161152773471 0.0282486932631 0.00196055277693 0.0145964609655 0.00861407781317 0.0258537535646 0.0233635123776 0.0147122406632 0.00177950228856 
0.0271378839503 0.0104804899127 0.00659319501017 0.0366535128538 0.0151769159996 0.0100152674091 0.0158946900416 0.0286211272622 0.0229243040646 0.0101024025094 0.0392623092988 0.0391798775448 0.0183415342452 0.022174891604 0.0211279335937 0.0187386057662 0.0279184819992 0.00187805617796 0.0283964802493 0.0174379126639 0.0253660654872 0.0199353737777 -0.00109859665477 0.0139860022029 0.0236507737822 0.0128496720231 0.0214207343169 0.0130295225801 -0.00451285639038 0.0196039535164 0.0322401063002 0.0282486932631 0.1345936218 0.00848826810341 0.0194265626193 0.0210946669069 0.019847990712 0.0229536423993 0.0269735305949 0.00377230504178 
0.0128202803992 0.0355217535819 0.040235850436 0.0319221903114 0.0138406671772 -0.000182688685486 0.00522972807536 -0.000615727532087 -0.00956498198713 0.00719988342039 0.0044547399629 -0.00273739006626 0.0164798836327 0.0257021448841 -0.0144329166559 0.0128036602903 0.0195953044843 0.0270359033969 0.0347031106779 0.00635389142313 0.00474967394603 0.0288959305732 -0.000993686765329 -0.000341250181223 0.000695341918687 0.0474646629519 0.00233691595947 0.0322951447036 0.0113808873634 -0.000328549177489 0.04034981265 0.00196055277693 0.00848826810341 0.157119183766 0.032411540071 0.0481734047076 0.03492047773 0.016268365533 0.0235579224626 0.00729263048209 
0.00315589119291 0.0143037592738 0.0213193742671 0.011546677993 0.0475932764278 -0.00821606531132 -0.00927138547364 0.0132351114617 -0.00396318205472 0.018127327034 0.0200185698955 -0.00499319632596 0.0144113857744 -0.016035778593 0.00119972706507 -0.00523858622537 0.000785316151648 -0.0125382636043 0.0192356263431 -0.0219496418394 0.045817367834 0.0197754608562 0.00850927317854 0.0198378913281 0.0200102527986 0.00436606320709 0.0175091908826 0.0161155040476 -0.0158089535521 -0.00198003093399 0.0265573994409 0.0145964609656 0.0194265626193 0.032411540071 0.258510576685 0.0312598176643 0.0230935804873 0.0055522189581 0.0102869619439 -0.00566605570592 
-0.0080990414222 0.0347049395822 0.0426114480011 0.0214427832769 0.0167889051518 0.011040089476 0.0207659765726 0.00869704361619 -0.00485734559887 -0.00132577563329 0.0216391937105 0.0237334728404 0.0134029821807 0.00724027282288 -0.0174013615383 0.00505730301003 0.020974540592 0.0289339944944 0.0240648335032 0.0144105483845 0.0128654612802 0.00676909417093 -0.00600784167085 0.0266412946785 0.00948342406535 0.0297113776954 0.00230672620029 0.0336203557633 -0.0016253650371 0.00423846264061 0.0277377574736 0.00861407781316 0.0210946669069 0.0481734047076 0.0312598176643 0.116587071498 0.0115403944921 0.0264470053454 0.0228849853205 -0.00068395198457 
0.0276729358392 0.0146879911697 -0.0026501911229 0.0535304293199 0.0150738481464 -0.00167693989948 0.0280199169787 0.0311551891807 0.0277218822527 0.0236920234898 0.049860006305 0.0421635502895 0.0307988315413 -0.00152107269096 0.0540016706304 0.00783202057374 0.0373461495765 -0.0220741269863 0.0413990101552 0.0760488708475 0.0515195085529 0.00978798081454 -0.0223385300359 0.0256912557211 0.0150455962351 0.0111367200039 0.0195616434327 0.00387766126623 -0.0156257709058 0.0136384436326 0.046421680764 0.0258537535646 0.019847990712 0.03492047773 0.0230935804873 0.0115403944921 0.283151258534 0.0391560472958 0.0361294624356 0.0181941670521 
0.022051441332 0.0337516518492 0.0185403564488 0.034019311119 0.0301042298106 -0.00133192893805 0.0222700967634 0.0375145279784 -0.0016596656828 0.00430984597923 0.0140135797328 0.0290196986908 0.0331431974944 0.0139493023622 0.0076617129685 0.0193768617807 0.0268179999471 0.0362497822212 0.0742367523068 0.0249699180261 0.0459918199851 0.0199794371105 -0.0208220395039 0.0384221275473 0.0286568382141 0.0311495119447 0.0217339419236 0.0406975207816 -0.00177177238678 -0.00135807302961 0.0372541622277 0.0233635123776 0.0229536423993 0.016268365533 0.0055522189581 0.0264470053454 0.0391560472958 0.181400336515 0.0235597254673 0.0090750573084 
0.0408833951063 0.0147643128543 0.0125254462389 0.0274695368018 0.0830144708848 0.000160499295823 -0.00492971829315 0.017392433829 -0.00598121989297 0.0101860627838 0.0443233350555 0.0115752753206 0.0390440773722 0.0320389597082 -0.000664211412623 0.0173437469899 -0.00964144333596 0.0392822986572 0.00508656755875 0.0937276933975 0.0657174924391 0.0161481827913 -0.00690166344993 0.00858885520446 0.0069504763794 0.011579048859 0.00601257170272 0.0223556129563 -0.0328788433659 0.0400178595027 0.00128553564552 0.0147122406632 0.0269735305949 0.0235579224626 0.0102869619439 0.0228849853205 0.0361294624356 0.0235597254673 0.424577748648 0.00687148679506 
0.0154491350883 0.013716282103 0.0141628277868 0.000640086500372 -0.00648765495825 0.0209255301789 0.00973287914875 -0.0139036961363 -0.0106270298239 0.00203767769503 0.0206433985929 0.0654651093028 0.0258272349681 0.0215713378588 -0.00823190621339 2.21123073466e-05 0.0189421092974 0.0410391610431 0.00530045177956 0.00421592001234 0.0160908040455 0.00742259788073 -0.00487203728242 -0.0125371158407 0.0215437529888 0.00842573590303 -0.00326900452663 0.00117631595864 -0.0421307788858 -0.00712936395962 -0.0045918699985 0.00177950228856 0.00377230504178 0.00729263048209 -0.00566605570592 -0.00068395198457 0.0181941670521 0.0090750573084 0.00687148679506 0.354210584795 
0.0274763226419 0.000196891313628 -0.000184299548549 0.0028468946502 0.000473339980582 0.000403406077966 0.0015696188807 0.004205002415 0.000966543035498 0.00164631530609 0.000933484055517 0.00304899519998 0.00100065811698 -0.000318559898367 0.00332808913706 0.00225804014724 0.0023742405286 0.000329227651488 0.00245347483954 0.0031102555259 -0.000285948163331 0.000810763371741 -0.000979291898117 0.00155103534043 0.0041601904093 0.00458082539049 0.00124482129329 -4.9434932331e-05 -0.000700336028829 -0.00110018969273 0.00275424833044 0.000994464692885 0.00235020969059 0.00111026885093 0.000273308194464 -0.000701397561793 0.0023965465434 0.00190971083835 0.0035406058755 0.0013379343453 
0.000196891313628 0.0102566126565 0.00379854541143 0.00143136696101 0.00091263845184 -0.000113451450765 -0.00021367252825 0.000863640329777 0.000367136725854 0.00102711992109 0.00106260397396 0.000851198289245 0.00157416874215 0.000327213679408 -0.000255412288158 0.000393924256496 0.00181198035526 0.00149382724838 0.00247022447941 0.00127835429998 0.00290651374744 0.00100505108829 0.000740639104376 0.000383061868512 0.00121011902108 0.00276837635162 0.000404746329246 0.00479230921613 -0.000957657939985 7.23971539807e-05 0.00123705909808 0.000751693786204 0.000907637050849 0.00307627409889 0.00123874189007 0.0030055359315 0.00127201734835 0.00292297879211 0.00127862700012 0.00118786487467 
-0.000184299548549 0.00379854541143 0.0168484052829 -0.000220110090231 0.000211669255565 -0.00101490964196 0.000507165292945 0.00100517012171 -0.000722006054408 0.000485897791389 0.00133294738875 0.00112302880207 0.000978173379099 0.00263115770117 -0.00226107048646 -0.00034650747661 0.000825240147915 0.00472270675891 0.00212093519645 0.00148181324751 0.000741712125423 0.000752397833619 -0.00148815249079 0.000815185388502 0.00192189321785 0.00585417671338 0.00165484364818 0.00458324208753 -0.00122497482069 -0.000214180243116 0.00162627472359 0.000721438154603 0.000570987437091 0.00348452686204 0.00184631197081 0.0036902596461 -0.000229513283732 0.00160564196799 0.00108473546366 0.00122653686528 
0.0028468946502 0.00143136696101 -0.000220110090231 0.0283493857808 0.00183216610313 0.000406827725646 0.0026970942097 0.000842444237208 0.00307400769637 0.00170478592663 0.00442215908441 0.0022033247772 -0.000825470104391 0.00264633221311 0.00312395711711 0.00534384629994 -0.000347722151341 0.000116889255078 0.00200940661335 0.00205503953687 0.00292579047532 0.00430097113166 0.00146327596574 0.00175819611494 0.00197754661706 0.00508142114799 0.000819723632154 0.00349570538283 -0.00120648089756 0.000507465206774 0.00429507830272 0.00126590877826 0.00317428732693 0.00276454277541 0.000999971647121 0.00185699950456 0.00463587116666 0.00294615876483 0.00237893167006 5.54331169942e-05 
0.000473339980582 0.00091263845184 0.000211669255565 0.00183216610313 0.0330477391259 0.00415967887303 0.00281764729487 0.00460956740862 0.00185611637391 0.00165362728449 0.00174687851966 0.0079835633772 0.00273604003295 0.00241703121096 0.00059780120208 0.00553170485212 0.000658101774478 0.00482160523115 0.00364657194341 0.000558829345046 0.00380645719234 0.00135461476196 0.0021892204651 0.00376016737332 0.000523401565967 -5.07498912205e-05 0.00151116220065 0.00170834546874 -0.00101853728131 0.00388040084774 0.00137134288197 0.00326467301393 0.00131435948067 0.00119863693808 0.00412169864358 0.00145396183632 0.00130543354276 0.00260710277774 0.0071892640668 -0.000561847400483 
0.000403406077966 -0.000113451450765 -0.00101490964196 0.000406827725647 0.00415967887303 0.0405495428763 0.00283502679016 0.00229139066671 0.0118128721724 0.000292554219938 0.00051792838441 0.00558981997018 0.00124081444687 0.000425193063251 -0.000262363126884 0.00413979087299 0.00227654044347 0.000864038299089 0.00101560457233 0.00107657290221 0.00584357503612 -0.00129638734829 0.000141029016271 0.000147721403925 0.00242455439205 -0.00298471813614 0.000518165895472 -0.000204425605885 -0.00139282103926 0.0026183199376 0.000749955408187 -0.000670563088003 0.000867347600202 -1.58213042615e-05 -0.000711532127875 0.000956099794623 -0.000145227255357 -0.000115348429639 1.38996467474e-05 0.00181220407226 
0.0015696188807 -0.000213672528251 0.000507165292945 0.0026970942097 0.00281764729487 0.00283502679016 0.0223455038961 0.00297919475893 0.00415624952622 0.00147996735019 0.0021727494515 0.00421162703107 0.00132257330396 0.00207035881668 0.00231140232966 0.00240940577971 0.00107054758589 0.00057460402472 0.00132799781024 0.00146812618893 0.00142921308861 0.00181472792262 0.00029244753699 0.00301270767771 0.001379924551 6.18155606813e-05 5.57524041804e-05 0.00167087269658 -0.00120450275116 0.00218576703592 0.000407094686302 0.00142741893064 0.00137652053613 0.000452907736815 -0.000802925534845 0.00179838632462 0.00242659599155 0.00192864695419 -0.000426926127537 0.000842892059478 
0.004205002415 0.000863640329777 0.00100517012171 0.000842444237208 0.00460956740862 0.00229139066671 0.00297919475893 0.0237448853051 0.00538566130625 0.00166137086503 0.00316047598508 0.000413576753016 0.00285167962316 0.00126667509147 0.00568745936733 0.00165416434113 0.00275784972767 0.00244494225703 0.00444215112987 0.00301464664778 0.000579332540555 0.00120475997154 0.00247361900254 0.00455821994013 0.00150554410011 0.000455514065662 0.00219198498444 0.00276789693691 1.17977631642e-05 0.00227514717589 0.00186049881532 0.00269956835724 0.0024786623294 -5.33235684598e-05 0.00114619427477 0.000753186070945 0.00269811852902 0.00324885342403 0.00150622895296 -0.00120409540605 
0.000966543035499 0.000367136725854 -0.000722006054408 0.00307400769637 0.00185611637391 0.0118128721724 0.00415624952622 0.00538566130625 0.0476765735357 0.00199841678346 0.00132430101602 -0.000943997020125 0.000154662644823 -0.00116146847031 0.000671688836328 0.00108466891708 0.00169192594096 0.00029704832971 0.00073819382985 0.00452104435546 0.00353891002034 -0.0032407474973 0.00121286193637 0.00250530585584 -0.000816160813331 -0.000243246891663 0.000787617031477 0.00100484426725 -0.00255225893774 0.00358520459915 0.003345305606 0.0016281802682 0.0019853029684 -0.000828351738759 -0.000343221633921 -0.000420658468358 0.00240078542716 -0.00014373126431 -0.000517988837293 -0.000920327779428 
0.00164631530609 0.00102711992109 0.000485897791389 0.00170478592663 0.00165362728449 0.000292554219938 0.00147996735019 0.00166137086503 0.00199841678346 0.0119145612346 0.0022290547707 0.000965927543014 0.000676046238403 0.000576518545912 3.14308491926e-05 6.65669945892e-05 0.000786826964522 -0.00102744748753 0.000793571820791 0.00243841291618 0.00140443515663 0.000689434197975 -7.18046766684e-05 0.000623680744523 0.0006060755517 -0.000183846584852 0.00296459485617 0.00137062909337 -0.00122505950581 0.000230063966789 0.00182537254143 0.00129919789083 0.000874893721239 0.000623528194634 0.00156987257142 -0.000114815537815 0.00205178942093 0.000373243610441 0.000882138913535 0.000176468064862 
0.000933484055517 0.00106260397396 0.00133294738875 0.00442215908441 0.00174687851966 0.00051792838441 0.0021727494515 0.00316047598508 0.00132430101602 0.0022290547707 0.024602712995 0.00120305367004 0.00100161521586 0.00482369753968 0.00136194645931 0.00122411907655 0.0018053748655 0.0014171414929 0.00134352761929 0.00102120217597 0.00388542779781 0.00355417693556 -0.00054892999042 0.00190266581043 0.00311023180852 -0.000710727675067 0.000823857757167 0.000654405134277 -0.000344347156139 -0.000323257207821 0.0037752324788 0.0017930985649 0.0034002157264 0.000385791797513 0.00173365900769 0.00187400914707 0.0043180032093 0.00121361160466 0.00383851341385 0.00178777076019 
0.00304899519998 0.000851198289245 0.00112302880207 0.0022033247772 0.0079835633772 0.00558981997018 0.00421162703107 0.000413576753017 -0.000943997020125 0.000965927543014 0.00120305367004 0.0870173236474 0.00320698951668 0.00405187733365 0.00589824247224 0.00807609101747 0.00143422143042 0.00234080420297 0.00197400974258 0.00383879062368 0.009969600381 0.000816135717465 0.000782449939768 0.000536097727649 0.00339262805816 0.0025390430824 -0.00285757117938 0.0016391631535 -0.000166000884587 0.00350575295602 0.00293048184437 0.00267070127137 0.00339307692709 -0.000237064933745 -0.000432423486436 0.00205537903998 0.00365147056645 0.00251317962764 0.00100244824834 0.00566944477177 
0.00100065811698 0.00157416874215 0.000978173379099 -0.000825470104391 0.00273604003295 0.00124081444687 0.00132257330396 0.00285167962316 0.000154662644823 0.000676046238403 0.00100161521586 0.00320698951668 0.0194877185647 0.00070272591232 0.00222273274076 0.00107127990592 0.00039780954234 -6.19995485799e-05 0.00142917806784 0.00234993408866 0.00455412270279 0.00166613731259 -0.000487950554141 0.00290168067798 0.00154506433469 0.00112318522636 0.000408096114172 0.00222437351105 3.60704140559e-05 -3.11235792931e-05 0.00260269230312 0.00216352534207 0.00158842346007 0.00142719978774 0.00124806261843 0.0011607323055 0.00266725705216 0.00287028509928 0.00338131628716 0.00223670415918 
-0.000318559898367 0.000327213679408 0.00263115770117 0.00264633221311 0.00241703121096 0.000425193063251 0.00207035881668 0.00126667509147 -0.00116146847031 0.000576518545912 0.00482369753968 0.00405187733365 0.00070272591232 0.0273786434909 0.00115087397771 0.00259592626541 0.00154634157238 0.00376189726584 0.00179524562969 0.0017500869117 0.00258431311451 0.00493885861853 0.000593034016198 0.00130461104624 -0.000528007009912 0.000846429633466 0.000685743426089 0.00163671861767 -0.00078115142376 0.00132978005347 0.00194375526574 0.0012836496351 0.00192040194552 0.00222587104014 -0.0013887391631 0.000627026019495 -0.000131728759137 0.00120804502108 0.00277465530182 0.00186813265794 
0.00332808913706 -0.000255412288158 -0.00226107048646 0.00312395711711 0.00059780120208 -0.000262363126884 0.00231140232966 0.00568745936733 0.000671688836328 3.14308491926e-05 0.00136194645931 0.00589824247224 0.00222273274076 0.00115087397771 0.0324946526834 0.00209487834227 0.00210329922477 -0.00323661007624 0.0025410914411 0.00216420898999 0.00317249395313 0.0018637290816 -0.00203320313461 0.00228581071559 0.00280360382495 -0.00201390542196 0.000210835380743 -0.000816988571973 -0.00258209895557 0.00162604421118 0.00324743775992 0.00217675345923 0.00182973272216 -0.00124992724747 0.000103899411596 -0.00150700211526 0.00467668186127 0.000663523806723 -5.75223956815e-05 -0.000712903990237 
0.00225804014724 0.000393924256496 -0.00034650747661 0.00534384629994 0.00553170485212 0.00413979087299 0.00240940577971 0.00165416434113 0.00108466891708 6.65669945892e-05 0.00122411907655 0.00807609101747 0.00107127990592 0.00259592626541 0.00209487834227 0.0489987605934 0.000790705520785 0.000663283954695 0.00192655358444 0.00164357215781 0.00351501672689 0.00538320959748 0.00111618819074 0.00202189494564 0.000161522462473 0.000655922492077 -6.83812747978e-05 0.000773336660351 -0.000661443951432 0.000182599542783 -6.46250868813e-05 0.00210985964568 0.0016228108625 0.00110882950728 -0.000453674875109 0.000437975288132 0.000678272877982 0.00167808545477 0.001502012549 1.91498198983e-06 
0.0023742405286 0.00181198035526 0.000825240147915 -0.000347722151341 0.000658101774478 0.00227654044347 0.00107054758589 0.00275784972767 0.00169192594096 0.000786826964522 0.0018053748655 0.00143422143042 0.00039780954234 0.00154634157238 0.00210329922477 0.000790705520785 0.0289036457556 0.00134176007227 0.00421832763737 0.000476809245929 0.00197063749765 0.0023278233147 -0.00106614416762 -0.000588908294699 0.00115858948109 0.00138123674951 0.000935461002269 0.00116747179323 0.00128343698543 -0.00135475346651 0.00198937016949 0.000787646083617 0.00241781146464 0.00169700314783 6.8010373733e-05 0.00181644849853 0.00323427142668 0.00232250692328 -0.000834973485809 0.00164043478528 
0.000329227651488 0.00149382724838 0.00472270675891 0.000116889255078 0.00482160523115 0.000864038299089 0.00057460402472 0.00244494225703 0.000297048329709 -0.00102744748753 0.0014171414929 0.00234080420297 -6.19995485799e-05 0.00376189726584 -0.00323661007624 0.000663283954695 0.00134176007227 0.03808944538 0.00326670228779 0.00430851095432 -0.000584025266179 0.00157683970546 0.00128861846003 0.000162862741129 -0.00126965851636 0.00435584336764 -0.000309722163374 0.00344381608775 -0.00302378326795 0.00115592081156 -0.000383468975491 -0.000362060257472 0.000162644435985 0.0023413779156 -0.00108584548006 0.00250575742651 -0.00191167547365 0.00313932322852 0.00340194685562 0.00355409560133 
