50
0.115739319126 0.0540494724418 0.0887704215167 0.036872425502 0.0520830917934 0.0038222736377 0.0444735285872 0.148588071013 0.0826231173305 0.0430779984078 0.0907505897935 0.0205855922537 0.12260521459 0.0950879331279 0.0773544805674 0.0248803539628 0.0292815331214 0.035272852014 0.0132966740539 0.00413185853021 0.0801839086902 0.0336878097659 0.0275413533974 0.0316067218978 0.0861575830063 0.0749299903321 0.0429486266904 0.0147816990943 0.00839736130492 0.201678989994 0.0402434153999 0.0247676168055 0.0161964684659 0.0300310371189 0.0507347996455 0.0637259516476 0.0321720089654 -0.0142899737039 0.088181568025 0.138189015222 0.0831393543584 0.0914492870129 0.143553651187 0.0431815223905 0.0538940625226 0.0277285522359 0.00643120824938 0.116406698245 0.10004428458 0.176756138136 
0.321027334168 0.0635410809953 0.082619822474 0.0482038870906 0.0491579226399 0.0215409617563 0.0109050004364 0.0117008903513 0.0137885108382 0.049959291881 0.0160597498828 0.0167531998948 0.00590157064903 0.0194407397986 0.0248588508209 0.00355568784386 0.0137487261669 0.0497444118449 0.00555505866274 0.00480815677432 0.0288239759533 0.0366144365702 0.0260897379021 0.0199295106745 0.0142586930788 0.0312283889484 0.0271591505148 0.0168007907562 0.0270275786646 0.0522423381614 0.013862455368 0.0142013181337 0.017790902009 -0.00603038744615 0.00817190975059 0.0256914318429 0.00263998859981 0.0177317183582 -0.022941268792 0.0528001178517 0.025782023785 0.0281856273273 0.0338010083708 0.0168521488581 0.011710872174 0.029514754358 0.00115116100121 0.0766987310478 0.0809102039392 0.014507931772 
0.0635410809953 0.26186502544 0.00480143052471 0.0106434849017 0.0160400094731 0.0141490764152 0.00169678183486 0.047538665837 0.00315273564927 -0.0116001059776 0.0154235178968 0.00717665380101 0.0264175882743 0.0181743185998 0.0119310188787 0.00723362526217 0.0119651179849 0.00982574106145 -0.00243235476983 0.022131298747 -0.00636646943127 0.0103020809839 0.0188266894792 0.030794963133 0.00130916531316 0.0157425466621 0.0173661407968 0.0252665218174 0.0217886427933 0.0159992115655 -0.000220101448654 0.00516199594094 0.00332991833362 0.00512004454842 0.00646107025858 -0.00137679051866 0.0132865277526 0.00549037241945 0.0171532798206 0.0166209333586 0.00976091284318 0.0380211616354 0.0612522074167 0.00542503849699 0.00484680672279 0.0179404358922 0.0126140223028 0.00098204689549 0.0211094855215 -0.0176556194039 
0.082619822474 0.00480143052471 0.30881612652 0.0529258624943 0.0228027802098 0.0141876367533 0.0304575039898 0.0234809551953 0.0239964360467 0.0123596911174 0.00820777403083 0.0152609510574 0.033526120056 0.00780458126125 0.0361041181439 -0.00382540316432 0.013731826971 0.0204774514796 0.00162771234879 0.00938613130761 0.0178511980132 0.0307123599669 0.043233538628 0.0292160940716 -0.0014984280274 0.0300997300583 0.0204182389211 0.016496427509 0.0242123622363 0.00916007457159 0.0217284749096 0.0201850090386 0.0286462072888 -0.00667642580891 0.0315985921006 0.0174254895493 0.0055015614275 0.00765201891567 -0.0179602916392 0.0255334762893 0.0163840462943 0.0135807811988 0.0142283861342 -0.00497541308017 -0.0180075432397 0.0234655907433 0.00860457892512 0.0321200519762 0.0647121201651 0.0566799371323 
0.0482038870906 0.0106434849017 0.0529258624943 0.150532469413 0.0240726034334 0.0067494444429 0.0203664426085 0.000935400681239 0.0170943907609 0.0142778929144 -0.00132471762081 -0.0102681434109 0.0188466305669 0.00749614959988 0.0346943969574 -0.00151016272967 0.0142869280076 0.0278326229478 -0.00348109041932 0.00455785918337 0.013754307623 0.00184482113629 0.00767612407504 0.0187323508034 0.0344587509066 0.0161673561012 -0.00404899214589 0.0273980284547 0.00683671009791 0.025666275024 0.00969552228834 0.0212238809122 0.0606120287468 0.00231532177421 -0.00223581280034 0.00759555261083 0.0064146565075 -0.00405796862881 0.00623060410516 0.0199932083179 0.00821405763054 0.0126304929455 0.00838602841392 0.00521786445936 -0.0133174340248 0.0165850428777 0.00258485355216 0.0175343478352 0.0252528096452 -0.0265143679631 
0.0491579226399 0.0160400094731 0.0228027802098 0.0240726034334 0.208373396349 0.0173653882627 -0.00202734857237 -0.00382588086162 0.0152707335396 0.00795641068457 0.0139607380517 0.00714513510821 0.0167476084643 0.0140325917319 7.02963314251e-05 0.0182844346355 0.00807878886645 0.0230597647423 0.0162029771033 0.0488071412279 0.00659737630812 0.0097064460867 0.00877810072901 0.0134837583121 -0.00573946381454 0.00247971887668 -0.0140542295981 0.0189228843668 0.00945948150252 0.00702597017238 0.00388883602328 0.00292242362067 0.0181240267376 0.0125653735146 0.00200549189914 0.0021957292984 0.0185081021677 0.0355262211936 -0.0158887606684 0.0336918884393 -0.000930861491785 0.0334978077942 0.0282440559013 0.0142783318707 -0.00368788133056 0.0496224422522 0.017031730997 0.0278221702863 0.026633436478 -0.0279671958314 
0.0215409617563 0.0141490764152 0.0141876367533 0.0067494444429 0.0173653882627 0.186598005623 0.0443127376894 0.0108111626046 -0.00243608494001 0.0267261754348 0.0183937723418 0.00546271945435 0.0255770784806 0.0175218189086 -0.0125093327049 0.0143679585924 0.013287683449 0.0171136103457 0.0019803987607 0.0146158651876 -0.00525379552117 0.00643160356175 0.0116831469711 0.00447823426315 -0.0180362481079 0.00462449319271 0.0164489885641 0.0176803277517 0.00542329381826 0.0936048413249 0.0119676243447 0.00964693667886 0.00374732170089 0.0225770708484 0.0199057893627 0.0162539060908 0.0176300077187 0.0267624698817 0.0201360889236 0.0193227245881 0.00283939354653 0.0269334329694 -0.00265635422357 0.0131763020102 -0.0120001800665 0.0263022941711 0.023671495801 0.038640104749 0.0106404409863 -0.0123060915251 
0.0109050004364 0.00169678183486 0.0304575039898 0.0203664426085 -0.00202734857237 0.0443127376894 0.317855446838 -0.00186206379952 0.00150989644978 0.0497949240437 -0.0113883311389 0.00270099457228 0.0263791455486 0.014662218992 0.0477560039599 0.0266404435988 0.0164869755863 0.0242155932025 0.0282668596643 0.000839510801985 -0.00719188184699 0.0729295252312 0.026215160954 0.00653992342313 0.0265545746954 0.0615918751582 -0.0104822824127 0.0328657255981 -0.0072659756072 0.0337583544556 0.0198864577748 0.0166775363987 0.010942002951 0.0235332392137 -0.00562056031538 0.025036782393 0.0161003214154 0.0121022521111 0.0383031451738 -0.000898721335867 0.01302200756 0.0418953746647 0.0154770931753 0.00477673598252 -0.0238187661661 0.00665318070275 0.00590242402045 0.0464185708252 0.0515715807168 0.00552413525232 
0.0117008903513 0.047538665837 0.0234809551953 0.000935400681239 -0.00382588086162 0.0108111626046 -0.00186206379952 0.465010554789 0.0281714228671 0.00362882439961 0.00817841567682 0.00996300470777 0.0218293299859 0.0701899551235 0.0451137919711 0.0200807938028 0.0419990801803 0.0116306161548 0.0112345135577 0.0189857535038 0.0370895505949 0.0410441182935 -0.00315647578623 0.0244520740967 0.0251875578903 0.0317993925139 0.0218758709073 0.0174345951066 0.0218558194145 -0.0107326612573 0.0146077934273 0.0134768640242 0.00458114277627 -0.00750613793188 -0.00632530664552 0.0060655504153 0.0317028804936 0.0292087677718 0.0069372258577 0.00829970140013 0.0110125791379 0.0529097666904 0.0523468937496 0.0127476498555 0.0375612513766 0.0132699743412 0.0167332773655 0.00713865153525 0.000211095518783 0.0533375558923 
0.0137885108382 0.00315273564927 0.0239964360467 0.0170943907609 0.0152707335396 -0.00243608494001 0.00150989644978 0.0281714228671 0.190041099324 -0.000650630814937 0.0171655314339 -0.000808897273973 -0.000707799980317 0.0169569006868 0.0175100423344 -0.000992844508002 0.00751417293197 0.00376658405263 0.0207267526734 0.00177957450987 0.0066806198847 0.0261301355944 0.0164453053347 0.00939398596237 -0.0243097190455 0.0253053861124 0.0190613448561 0.0141809071308 0.0223005850857 0.00671898701377 0.00549261672414 0.0123168789189 0.0129518797012 0.0057481544879 0.0220875496496 0.0167534272353 0.0102621962733 0.0215776441402 0.0180711091661 0.0297694495131 0.0225947889411 0.0381533100053 0.0594587843815 0.0101915363255 -0.00900820822647 0.0163269249418 0.0179751123713 -0.015784548144 0.0304456786889 0.0070730476392 
0.049959291881 -0.0116001059776 0.0123596911174 0.0142778929144 0.00795641068457 0.0267261754348 0.0497949240437 0.00362882439961 -0.000650630814937 0.324472406118 0.0297081736918 0.00515724551032 0.0163780108174 0.00301095463818 0.0627640510331 0.0174001349259 0.00821237789426 0.0049861592645 0.0176500264017 0.00642374406462 0.0138399446476 0.00848772066117 0.0211695325651 0.0181314383325 0.00377882422486 0.0250940190341 0.00411649565039 0.024434613254 0.00701805967776 0.0217341313704 0.0154673196577 0.00869900846799 0.00875648933518 0.00186256879875 0.00490882206704 -0.00601345206423 0.00518002922366 0.0052143724532 -0.00115931025443 0.0110106524589 0.0485211844854 0.0218802032727 0.020515265294 0.00951762813159 0.00259384200412 -0.00751947870348 0.00339639841522 0.00706378303425 0.0340132052211 0.00692204189108 
0.0160597498828 0.0154235178968 0.00820777403083 -0.00132471762081 0.0139607380517 0.0183937723418 -0.0113883311389 0.00817841567682 0.0171655314339 0.0297081736918 0.327592699131 0.0269177239446 0.0129792622584 0.0227176764407 0.0269721090758 0.0132361666829 0.0331873596 0.0216254280881 -0.0018810786459 0.0186597225655 0.0276979223447 0.0222336245833 0.026436820927 0.0173399627055 0.0189466812318 -0.0105450387964 0.0201005289107 0.0423983325298 0.00902737558025 0.0115145859076 0.0270655535869 0.0085377409038 0.00565998562125 -0.00765109412866 0.026057069589 0.00649903684384 0.036686737019 0.0192847736487 0.00732520346935 0.0101284247079 0.00533900836662 0.00709286648124 0.00837604938002 0.0198653431627 0.0314311517597 0.00407915038423 0.0316142091922 0.0255969877452 0.0348567820652 0.0646023341258 
0.0167531998948 0.00717665380101 0.0152609510574 -0.0102681434109 0.00714513510821 0.00546271945435 0.00270099457228 0.00996300470777 -0.000808897273973 0.00515724551032 0.0269177239446 0.158360748731 0.0027324409984 0.0196927232907 0.0223600042362 0.0261350753664 0.00446028229327 0.00569668539886 -0.00997736587943 0.0101769781794 0.0160631491628 -0.00286955729779 0.00182548268135 0.0195646530847 0.00610600329015 0.0101127247306 0.00513146071984 0.0199628390787 0.00588329998964 0.00897288011743 0.0254270217743 -0.00651592686565 0.0050523944475 0.00516413131143 0.0249730397088 0.0286333584522 -0.00259686382551 0.0183768459827 0.00508664313582 -0.00823159609486 0.00961431404949 0.00348456319297 0.0127831859288 -0.0123077784694 0.0173238403043 0.00739737844899 0.0145598102203 -0.00369467588496 0.00636033121579 0.0240004719858 
0.00590157064903 0.0264175882743 0.033526120056 0.0188466305669 0.0167476084643 0.0255770784806 0.0263791455486 0.0218293299859 -0.000707799980316 0.0163780108174 0.0129792622584 0.0027324409984 0.194706928055 0.0213300212014 0.00625346781483 0.0177008218546 0.0140947027063 0.00467579405109 0.0187098171921 0.0304414312032 0.0341496266151 0.0610449197081 0.00963215543654 0.0289209108676 0.03714780743 0.0509012016976 0.00810435620849 0.0317376161587 0.0130741788834 0.0195975687231 0.00136011698164 0.0352370553751 0.0213738447538 0.0104606842293 0.00908028888181 0.0100816626819 0.0226383770653 0.0182073183374 0.00693572255177 0.0507833249259 0.00525360445908 0.0476455393079 0.0243976280605 0.0156504333936 0.0191197880088 0.0260787368373 0.0059679351074 0.027010365782 0.0232803755881 0.00597362641783 
0.0194407397986 0.0181743185998 0.00780458126125 0.00749614959988 0.0140325917319 0.0175218189086 0.014662218992 0.0701899551235 0.0169569006868 0.00301095463818 0.0227176764407 0.0196927232907 0.0213300212014 0.267228325159 0.0347416139007 0.0111232057724 0.0265898811999 0.0273662114317 0.00561264515311 0.000754323540716 0.0493228916084 0.0412251487288 0.00896663243241 0.0431669967456 0.044569687885 0.0243779903496 0.00946730071724 0.0147604904361 0.0269924179732 0.00889418832528 0.0163083949088 0.0323653174183 0.021030204289 0.00386725929112 0.0388169822627 0.00852651281811 0.0291933711511 0.0100128302232 0.0101129061616 0.0326051425877 0.032081944142 0.0882663368269 0.0132328651536 0.011616583742 0.0274138507913 0.0222091998305 0.0347014557189 0.0452867006369 -0.00933246049634 0.0192243853152 
0.0248588508209 0.0119310188787 0.0361041181439 0.0346943969574 7.02963314254e-05 -0.0125093327049 0.0477560039599 0.0451137919711 0.0175100423344 0.0627640510331 0.0269721090758 0.0223600042362 0.00625346781483 0.0347416139007 0.26446896335 0.0184067598665 0.0204848734402 0.0422478141005 0.00627273988425 0.00575609981843 0.0207254252849 0.0521208737481 0.0244971636902 0.0107799223942 0.0305554105843 0.0271373266569 0.0210598101657 0.0244580835286 0.0160052714156 0.0528476911901 0.0123823712083 0.0093543281424 0.0261574262824 0.0015265619004 0.0180592287744 0.0200066712419 0.0115796141055 0.0260192886137 0.0468023520922 0.0290126674177 0.0343476123785 0.0591092248331 0.0235753613859 0.0151803077552 0.00268026404906 -0.00363038266761 -0.000856442895377 0.0174772571394 0.0414114893111 0.0127344448456 
0.00355568784386 0.00723362526217 -0.00382540316432 -0.00151016272967 0.0182844346355 0.0143679585924 0.0266404435988 0.0200807938028 -0.000992844508001 0.0174001349259 0.0132361666829 0.0261350753664 0.0177008218546 0.0111232057724 0.0184067598665 0.235051966422 0.0162506917366 0.00456872584231 0.0072500266063 0.000606297930104 -0.00316387428392 0.0419964089489 0.0255237131616 0.00535768067342 0.0185614680273 0.0270941669723 0.00325646856529 0.0118522234775 0.0287574084207 0.0405090779583 0.00970153825536 0.0145569308378 0.0111003236389 0.00982697438893 0.0474356204322 0.00358837333812 0.0219313055254 0.0144172949584 0.0124204971021 0.0437530086016 0.0289391703762 0.0282492319347 0.00461642047476 -0.000952405008417 0.029576930366 0.0102223900871 0.0187552744788 0.0265218828783 0.000302470440468 -0.0250497378476 
0.0137487261669 0.0119651179849 0.013731826971 0.0142869280076 0.00807878886645 0.013287683449 0.0164869755863 0.0419990801803 0.00751417293197 0.00821237789426 0.0331873596 0.00446028229327 0.0140947027063 0.0265898811999 0.0204848734402 0.0162506917366 0.140519438215 0.0246399341608 0.00503523978471 0.00823547589463 0.0092627406046 0.000251204756279 0.0120380601543 0.0258961643008 0.00618339900178 0.0258337448769 0.000178630219519 0.03338863606 0.0190021094214 0.031176898345 0.0202756045722 0.0108349139316 0.0114872748488 0.01763814885 0.021125120746 0.00915924431209 0.0202893425506 0.00797105409926 0.026447205656 0.00628156055372 0.0108338985459 0.0240626065795 0.00175121197595 0.00693435331924 0.0203660724571 0.0163675481461 0.0184852465844 0.0245059868909 0.0182580817209 0.0021678857243 
0.0497444118449 0.00982574106145 0.0204774514796 0.0278326229478 0.0230597647423 0.0171136103457 0.0242155932025 0.0116306161548 0.00376658405263 0.0049861592645 0.0216254280881 0.00569668539886 0.00467579405109 0.0273662114317 0.0422478141005 0.00456872584231 0.0246399341608 0.226852316499 7.23320841688e-05 -0.00965710413705 0.0462096745186 0.01649302054 0.0037484621035 -0.00296308697532 0.0366917760822 0.00121395695425 0.00476805894741 0.0160904265417 0.0217432942126 0.121087470674 0.0327827404471 0.0163199489209 0.0343766628887 0.0136101273072 0.0151408561415 0.019421231923 0.0108763881335 0.0137017091705 0.0111055757679 0.000446312207029 0.00980806244347 0.0119748106949 0.00688303565678 0.0151123441511 -0.00781842594051 -0.00258377148722 0.0103337459804 -0.00506340210309 0.0333179608598 -0.0205449389789 
0.00555505866274 -0.00243235476983 0.00162771234879 -0.00348109041932 0.0162029771033 0.0019803987607 0.0282668596643 0.0112345135577 0.0207267526734 0.0176500264017 -0.0018810786459 -0.00997736587943 0.0187098171921 0.00561264515311 0.00627273988425 0.0072500266063 0.00503523978471 7.23320841687e-05 0.291510319198 -0.00773905777931 0.00511805857924 0.0197598516001 0.0106611061395 0.0131553998083 0.00551285779793 0.0408030425423 0.0203029416964 0.00869843268694 0.0203412528851 0.0206941110392 0.0291556005606 0.00257382803212 0.00544856326632 0.00298551415534 0.0142639575827 -0.00435911612453 0.0236794769345 0.0253183925145 0.0195305387746 0.0375363518991 0.0190241404568 0.0454772313723 0.0261082375194 0.0141752217972 -0.00498067980702 -0.00960873932149 0.00369362549396 0.0267745697035 0.0183012761554 -0.0191636230899 
0.00480815677432 0.022131298747 0.00938613130761 0.00455785918337 0.0488071412279 0.0146158651876 0.000839510801985 0.0189857535038 0.00177957450987 0.00642374406462 0.0186597225655 0.0101769781794 0.0304414312032 0.000754323540716 0.00575609981843 0.000606297930104 0.00823547589463 -0.00965710413705 -0.00773905777931 0.1845187034 -0.000173118843908 0.00768633893054 0.00375277395304 0.0202824126174 -0.0172467014048 0.0201838722344 0.00409289004237 0.00725612674678 0.0175068356446 0.00316115492179 0.00632075190043 0.00263627910174 -0.00245597080997 0.0145061663564 0.0330021464054 0.0275270658418 0.0191417051904 0.0125163742124 0.0240471560045 0.0258480295121 -0.000727212835251 0.0192811505869 0.0323770460617 0.0142511366279 0.0145319810168 0.0668073279082 0.0227368459064 0.0140379887403 0.0161137926423 0.0227099850688 
0.0288239759533 -0.00636646943127 0.0178511980132 0.013754307623 0.00659737630812 -0.00525379552117 -0.00719188184699 0.0370895505949 0.0066806198847 0.0138399446476 0.0276979223447 0.0160631491628 0.0341496266151 0.0493228916084 0.0207254252849 -0.00316387428392 0.0092627406046 0.0462096745186 0.00511805857924 -0.000173118843908 0.510699063924 0.0467266539785 0.00297657661038 0.0156895571228 0.22873660819 -0.00140664258555 -0.0188421370862 0.0159553953763 0.0132886823945 0.0126502340454 0.0204371374433 0.00714728543722 0.028859058032 -0.00300036595095 0.0243973854332 -0.00943023606547 0.0224464905496 0.00233482816114 0.040547462744 0.0957358513337 -0.00621639648624 0.0201306632957 0.0282015296059 -0.00298266993089 0.0471727998556 -0.00157874282139 0.0240298913948 -0.00620168461141 -0.0181449360043 0.000156825367456 
0.0366144365702 0.0103020809839 0.0307123599669 0.00184482113629 0.0097064460867 0.00643160356175 0.0729295252312 0.0410441182935 0.0261301355944 0.00848772066117 0.0222336245833 -0.00286955729779 0.0610449197081 0.0412251487288 0.0521208737481 0.0419964089489 0.000251204756279 0.01649302054 0.0197598516001 0.00768633893054 0.0467266539785 0.304157939169 0.0158920372699 0.0181491774222 0.0269931068003 0.0827374953363 0.00443483720969 0.0194018695151 0.0270521917288 0.0126780354881 0.00993461062384 0.0151653238369 0.0184658478005 0.0228084513568 0.0283718261995 -0.0084092953855 0.0229246950328 0.0198364224182 0.00404927643956 0.0383996213601 0.0376931410168 0.0714579647276 0.0371130427143 0.0119094068554 0.0120702069417 0.00528908051858 0.0084500290637 0.0670366544291 0.0293189976374 0.0360855234435 
0.0260897379021 0.0188266894792 0.043233538628 0.00767612407504 0.00877810072901 0.0116831469711 0.026215160954 -0.00315647578623 0.0164453053347 0.0211695325651 0.026436820927 0.00182548268135 0.00963215543654 0.00896663243241 0.0244971636902 0.0255237131616 0.0120380601543 0.0037484621035 0.0106611061395 0.00375277395304 0.00297657661038 0.0158920372699 0.183814019526 0.0262654125761 -0.00796479390493 0.0309300008117 0.01768189235 0.0203655476081 0.0138802142908 -0.0220361535637 0.00479014190182 0.00566815950657 0.00146139744575 0.00445555921166 0.0410797413766 0.00895733107762 0.00828922941236 0.0136905127496 -0.00219178171998 0.0263340752364 0.00563701518856 0.0477552075987 0.0097580510157 0.0222251701212 0.016702403689 0.00125512232063 0.0203925441239 0.0358086297258 0.0245762970684 0.00939554613427 
0.0199295106745 0.030794963133 0.0292160940716 0.0187323508034 0.0134837583121 0.00447823426316 0.00653992342313 0.0244520740967 0.00939398596237 0.0181314383325 0.0173399627055 0.0195646530847 0.0289209108676 0.0431669967456 0.0107799223942 0.00535768067342 0.0258961643008 -0.00296308697532 0.0131553998083 0.0202824126174 0.0156895571228 0.0181491774222 0.0262654125761 0.123462750232 0.0141686145775 0.00763653321582 0.0166240700179 0.0301421810364 0.0260065358934 0.00912510922151 0.0165645295957 0.0238339850681 0.00955310443466 0.0129236135256 0.0194546294773 0.0163463528351 0.018477793571 0.00591410283291 0.0237691537393 0.022031551946 0.0144463924143 0.0336661223515 0.0292101519658 -0.0012116360371 -0.00153790582965 0.0157916787976 0.0456881980347 -0.00550135639913 0.0289562929851 0.0209848553082 
0.0142586930788 0.00130916531316 -0.00149842802741 0.0344587509066 -0.00573946381454 -0.0180362481079 0.0265545746954 0.0251875578903 -0.0243097190455 0.00377882422486 0.0189466812318 0.00610600329015 0.03714780743 0.044569687885 0.0305554105843 0.0185614680273 0.00618339900178 0.0366917760822 0.00551285779793 -0.0172467014048 0.22873660819 0.0269931068003 -0.00796479390493 0.0141686145775 0.510398813996 -0.00168611434084 0.0131241377743 0.00157484388237 0.0156170431283 -0.0233781193764 0.00445721949154 0.0247334149573 0.0182103377675 -0.00678115731989 0.0142527056848 0.0135275354433 0.00870136626827 0.00370089416702 0.0753703533434 0.0589719647353 0.0111314142223 -0.0115650688294 0.0422637571398 -0.00167204240628 -0.000222950595375 0.00665103131821 0.00317522911314 -0.00499372981518 -0.0449136018762 0.00149820213499 
0.0312283889484 0.0157425466621 0.0300997300583 0.0161673561012 0.00247971887668 0.00462449319271 0.0615918751582 0.0317993925139 0.0253053861124 0.0250940190341 -0.0105450387964 0.0101127247306 0.0509012016976 0.0243779903496 0.0271373266569 0.0270941669723 0.0258337448769 0.00121395695425 0.0408030425423 0.0201838722344 -0.00140664258555 0.0827374953363 0.0309300008117 0.00763653321582 -0.00168611434084 0.414529322788 0.015396851674 0.0119478743758 0.0133231821543 0.0014403940189 0.0137094791199 0.017677919697 0.0256490883313 -0.0146019833304 0.0312317106135 0.0175514641962 0.0198218515097 0.0107746075522 0.0401848288703 0.0306681518206 0.0320414716741 0.0871389412118 0.0264185324901 0.0291880431735 0.0306987139523 0.0222360758956 0.00697318629655 0.0383655496882 0.0229389764503 0.0135040433466 
0.0271591505148 0.0173661407968 0.0204182389211 -0.00404899214589 -0.0140542295981 0.0164489885641 -0.0104822824127 0.0218758709073 0.0190613448561 0.00411649565039 0.0201005289107 0.00513146071984 0.0081043562085 0.00946730071724 0.0210598101657 0.00325646856529 0.000178630219519 0.00476805894741 0.0203029416964 0.00409289004237 -0.0188421370862 0.00443483720968 0.01768189235 0.0166240700179 0.0131241377743 0.015396851674 0.20903947532 0.00496527548056 0.00506273487509 -0.0167551790536 0.00510459164513 0.00161081955187 0.00391888472343 0.0066254248929 0.00737739845556 0.0245420008755 0.0118185513757 0.00110418204511 0.000161512272234 0.00425960110504 0.0137133847335 0.0236014526451 0.0291858521552 0.00881873811787 -0.000806693536471 0.0180749952524 0.0158996891332 0.00339081618978 0.0251971005041 0.0196391980021 
0.0168007907562 0.0252665218174 0.016496427509 0.0273980284547 0.0189228843668 0.0176803277517 0.0328657255981 0.0174345951066 0.0141809071308 0.024434613254 0.0423983325298 0.0199628390787 0.0317376161587 0.0147604904361 0.0244580835286 0.0118522234775 0.03338863606 0.0160904265417 0.00869843268694 0.00725612674678 0.0159553953763 0.0194018695151 0.0203655476081 0.0301421810364 0.00157484388237 0.0119478743758 0.00496527548056 0.205293303199 0.0119497823176 -0.00971664000409 0.00654579754935 0.0230506090695 0.0272488033594 0.00655431006954 0.00897029470489 0.0030765769922 0.0282258152627 0.0314429250995 -0.00457602247525 0.00957169576211 0.00318887950533 0.0202595870544 -0.00491882380324 -0.0116716393578 0.0138156698571 0.0159176546555 0.0159358495268 0.0189818309211 0.013902196002 0.011719283253 
0.0270275786646 0.0217886427933 0.0242123622363 0.00683671009791 0.00945948150252 0.00542329381826 -0.0072659756072 0.0218558194145 0.0223005850857 0.00701805967776 0.00902737558025 0.00588329998964 0.0130741788834 0.0269924179732 0.0160052714156 0.0287574084207 0.0190021094214 0.0217432942126 0.0203412528851 0.0175068356446 0.0132886823945 0.0270521917288 0.0138802142908 0.0260065358934 0.0156170431283 0.0133231821543 0.00506273487509 0.0119497823176 0.124533219988 0.0335820430867 0.0074891627913 0.0202470950586 0.0191235350775 0.00898664889521 0.0201408693739 0.0176547710516 0.0190525594422 0.00378658055808 0.00947034669888 0.0208463501169 0.0128283068114 0.0314523045671 0.0583787126059 0.0239747656282 0.0214692130316 0.0161755265187 0.0262917022712 0.00498971775742 0.0303740529949 0.0253832251229 
0.0522423381614 0.0159992115655 0.00916007457159 0.025666275024 0.00702597017238 0.0936048413249 0.0337583544556 -0.0107326612573 0.00671898701377 0.0217341313704 0.0115145859076 0.00897288011743 0.0195975687231 0.00889418832528 0.0528476911901 0.0405090779583 0.031176898345 0.121087470674 0.0206941110392 0.00316115492179 0.0126502340454 0.0126780354881 -0.0220361535637 0.00912510922151 -0.0233781193764 0.0014403940189 -0.0167551790536 -0.00971664000409 0.0335820430867 1.22673606016 0.00122260076711 0.00489486775507 0.0212082578667 0.0311936084773 0.0147472789181 -0.0155484330565 0.000576462914183 0.0145906281234 0.0807936006163 0.0492433656657 -0.0168705133875 -0.0026983311587 0.00835560719372 0.00390290109774 0.00774495505585 -0.00395395430696 0.00994679807178 0.00376633435585 0.00321742281398 0.0798622678375 
0.013862455368 -0.000220101448654 0.0217284749096 0.00969552228834 0.00388883602328 0.0119676243447 0.0198864577748 0.0146077934273 0.00549261672414 0.0154673196577 0.0270655535869 0.0254270217743 0.00136011698164 0.0163083949088 0.0123823712083 0.00970153825536 0.0202756045722 0.0327827404471 0.0291556005606 0.00632075190043 0.0204371374433 0.00993461062384 0.00479014190182 0.0165645295957 0.00445721949154 0.0137094791199 0.00510459164513 0.00654579754935 0.0074891627913 0.00122260076711 0.129620905119 0.00180611085208 0.0112695461907 0.00440521750035 0.00551551592366 0.0244074178462 0.00332973480422 0.01049936128 0.0141666341842 0.0215575308468 -0.0080724148864 0.0155616546096 0.0210549999893 0.0166991272234 0.00521173934621 0.01341909384 0.0177329766312 0.00554867950946 0.0113475748252 0.00503386532655 
0.0142013181337 0.00516199594094 0.0201850090386 0.0212238809122 0.00292242362067 0.00964693667886 0.0166775363987 0.0134768640242 0.0123168789189 0.00869900846799 0.0085377409038 -0.00651592686565 0.0352370553751 0.0323653174183 0.0093543281424 0.0145569308378 0.0108349139316 0.0163199489209 0.00257382803212 0.00263627910174 0.00714728543722 0.0151653238369 0.00566815950657 0.0238339850681 0.0247334149573 0.017677919697 0.00161081955187 0.0230506090695 0.0202470950586 0.00489486775507 0.00180611085208 0.116858173264 0.0312296773632 -0.00818244514783 -3.87716148746e-05 0.00781062234382 0.0262946866865 0.0171279499292 0.00663776364353 0.0222709112265 -0.00115244604842 0.0236514558029 0.000827095569998 0.00638972949332 0.00353256431102 0.00389781774036 0.0245507275753 0.00339089800419 0.00572713472378 0.00159100791138 
0.017790902009 0.00332991833362 0.0286462072888 0.0606120287468 0.0181240267376 0.00374732170089 0.010942002951 0.00458114277627 0.0129518797012 0.00875648933518 0.00565998562125 0.0050523944475 0.0213738447538 0.021030204289 0.0261574262824 0.0111003236389 0.0114872748488 0.0343766628887 0.00544856326632 -0.00245597080997 0.028859058032 0.0184658478005 0.00146139744575 0.00955310443466 0.0182103377675 0.0256490883313 0.00391888472342 0.0272488033594 0.0191235350775 0.0212082578667 0.0112695461907 0.0312296773632 0.156022930377 -0.00463069253311 0.00626662622768 0.00237449964035 0.0165065928828 -0.00762286634012 0.00783801984779 0.0112764920054 4.55743566372e-05 0.0227803235795 -0.0201439204398 0.00643011230265 0.0109259837428 0.0149913242949 0.0167166082988 0.0128022165208 0.0372657939613 -0.00881750117449 
-0.00603038744615 0.00512004454842 -0.00667642580891 0.00231532177421 0.0125653735146 0.0225770708484 0.0235332392137 -0.00750613793188 0.0057481544879 0.00186256879875 -0.00765109412866 0.00516413131143 0.0104606842293 0.00386725929112 0.0015265619004 0.00982697438893 0.01763814885 0.0136101273072 0.00298551415534 0.0145061663564 -0.00300036595095 0.0228084513568 0.00445555921166 0.0129236135256 -0.00678115731989 -0.0146019833304 0.0066254248929 0.00655431006954 0.00898664889521 0.0311936084773 0.00440521750035 -0.00818244514783 -0.00463069253311 0.262036789173 0.00976776203938 0.0151796292698 -0.00643902459172 0.00122237902974 0.00928431390215 0.00163432984092 -0.00207262700717 -0.0041279686128 -0.00889393299112 0.00171452030965 -0.00759084715902 0.0207510502623 0.0230306945559 0.0191848725438 0.0150290358797 0.0339952167481 
0.00817190975059 0.00646107025858 0.0315985921006 -0.00223581280034 0.00200549189914 0.0199057893627 -0.00562056031538 -0.00632530664552 0.0220875496496 0.00490882206704 0.026057069589 0.0249730397088 0.00908028888181 0.0388169822627 0.0180592287744 0.0474356204322 0.021125120746 0.0151408561415 0.0142639575827 0.0330021464054 0.0243973854332 0.0283718261995 0.0410797413766 0.0194546294773 0.0142527056848 0.0312317106135 0.00737739845556 0.00897029470489 0.0201408693739 0.0147472789181 0.00551551592366 -3.87716148749e-05 0.00626662622768 0.00976776203938 0.258240072063 0.0134641131081 0.0194896636969 0.00984825658334 0.0266611797462 0.0294431123844 0.015979690558 0.0605715108643 0.0172212217973 0.0193361138341 0.00259202368215 0.0284236251676 0.0307937716935 0.0430014527899 0.0435903990957 -0.00241123826375 
0.0256914318429 -0.00137679051866 0.0174254895493 0.00759555261083 0.0021957292984 0.0162539060908 0.025036782393 0.0060655504153 0.0167534272353 -0.00601345206423 0.00649903684384 0.0286333584522 0.0100816626819 0.00852651281811 0.0200066712419 0.00358837333812 0.00915924431209 0.019421231923 -0.00435911612453 0.0275270658418 -0.00943023606547 -0.0084092953855 0.00895733107762 0.0163463528351 0.0135275354433 0.0175514641962 0.0245420008755 0.0030765769922 0.0176547710516 -0.0155484330565 0.0244074178462 0.00781062234382 0.00237449964035 0.0151796292698 0.0134641131081 0.190652845694 0.00330578781402 0.017869115051 0.0418941239101 0.0075353138986 0.000564205463172 0.0344904855293 0.0338412170802 0.0222656019358 -0.00698150534971 0.00362845684551 0.0124000713257 0.00928851017782 0.0327426137094 0.0130960250101 
0.00263998859981 0.0132865277526 0.0055015614275 0.0064146565075 0.0185081021677 0.0176300077187 0.0161003214154 0.0317028804936 0.0102621962733 0.00518002922366 0.036686737019 -0.00259686382551 0.0226383770653 0.0291933711511 0.0115796141055 0.0219313055254 0.0202893425506 0.0108763881335 0.0236794769345 0.0191417051904 0.0224464905496 0.0229246950328 0.00828922941236 0.018477793571 0.00870136626827 0.0198218515097 0.0118185513757 0.0282258152627 0.0190525594422 0.000576462914184 0.00332973480422 0.0262946866865 0.0165065928828 -0.00643902459172 0.0194896636969 0.00330578781402 0.141795825618 0.0080445665546 0.0260477789714 0.0221607900081 0.0267170862303 0.0147298023974 0.024329150469 0.0115296012547 0.00954721400101 0.00942985136578 0.0245645705386 0.0112844939129 0.0313361972819 0.017180531524 
0.0177317183582 0.00549037241945 0.00765201891567 -0.00405796862881 0.0355262211936 0.0267624698817 0.0121022521111 0.0292087677718 0.0215776441402 0.0052143724532 0.0192847736487 0.0183768459827 0.0182073183374 0.0100128302232 0.0260192886137 0.0144172949584 0.00797105409926 0.0137017091705 0.0253183925145 0.0125163742124 0.00233482816114 0.0198364224182 0.0136905127496 0.00591410283291 0.00370089416702 0.0107746075522 0.00110418204511 0.0314429250995 0.00378658055808 0.0145906281234 0.01049936128 0.0171279499292 -0.00762286634012 0.00122237902974 0.00984825658334 0.017869115051 0.0080445665546 0.182638930867 0.0186236414037 0.00712011139441 0.00575506030773 0.0196110887909 -0.00330965069475 0.0153096332959 0.0146432550205 0.0188768953406 0.00910774218338 0.00517772909856 0.00420404322263 -0.0071493025172 
-0.022941268792 0.0171532798206 -0.0179602916392 0.00623060410516 -0.0158887606684 0.0201360889236 0.0383031451738 0.0069372258577 0.0180711091661 -0.00115931025443 0.00732520346935 0.00508664313582 0.00693572255177 0.0101129061616 0.0468023520922 0.0124204971021 0.026447205656 0.0111055757679 0.0195305387746 0.0240471560045 0.040547462744 0.00404927643956 -0.00219178171998 0.0237691537393 0.0753703533434 0.0401848288703 0.000161512272235 -0.00457602247525 0.00947034669888 0.0807936006163 0.0141666341842 0.00663776364353 0.00783801984779 0.00928431390215 0.0266611797462 0.0418941239101 0.0260477789714 0.0186236414037 0.356530895421 0.0245241076625 -0.00235182924663 0.035006636694 0.0238275141629 0.0181948875143 0.0300924179277 -0.00409817881958 0.0259593474908 0.0384326299726 0.0311802896037 0.00886261315779 
0.0528001178517 0.0166209333586 0.0255334762893 0.0199932083179 0.0336918884393 0.0193227245881 -0.000898721335867 0.00829970140013 0.0297694495131 0.0110106524589 0.0101284247079 -0.00823159609486 0.0507833249259 0.0326051425877 0.0290126674177 0.0437530086016 0.00628156055372 0.000446312207029 0.0375363518991 0.0258480295121 0.0957358513337 0.0383996213601 0.0263340752364 0.022031551946 0.0589719647353 0.0306681518206 0.00425960110504 0.00957169576211 0.0208463501169 0.0492433656657 0.0215575308468 0.0222709112265 0.0112764920054 0.00163432984092 0.0294431123844 0.0075353138986 0.0221607900081 0.00712011139441 0.0245241076625 0.265551987408 0.0206228398462 0.0634837267485 0.0505674097012 0.0484977202395 0.0119077297266 0.0254092652985 0.00739512854266 0.0333261068972 0.0163965438302 -0.063167407759 
0.025782023785 0.00976091284318 0.0163840462943 0.00821405763054 -0.000930861491785 0.00283939354653 0.01302200756 0.0110125791379 0.0225947889411 0.0485211844854 0.00533900836662 0.00961431404949 0.00525360445908 0.032081944142 0.0343476123785 0.0289391703762 0.0108338985459 0.00980806244347 0.0190241404568 -0.000727212835251 -0.00621639648624 0.0376931410168 0.00563701518856 0.0144463924143 0.0111314142223 0.0320414716741 0.0137133847335 0.00318887950533 0.0128283068114 -0.0168705133875 -0.0080724148864 -0.00115244604842 4.55743566374e-05 -0.00207262700717 0.015979690558 0.000564205463172 0.0267170862303 0.00575506030773 -0.00235182924663 0.0206228398462 0.304569282475 0.0366749464375 0.0081496677179 -0.0109932864492 0.00328605164358 0.00409279533574 0.00871923696962 0.0132234572027 0.0290640872332 -0.00871482031634 
0.0281856273273 0.0380211616354 0.0135807811988 0.0126304929455 0.0334978077942 0.0269334329694 0.0418953746647 0.0529097666904 0.0381533100053 0.0218802032727 0.00709286648124 0.00348456319297 0.0476455393079 0.0882663368269 0.0591092248331 0.0282492319347 0.0240626065795 0.0119748106949 0.0454772313723 0.0192811505869 0.0201306632957 0.0714579647276 0.0477552075987 0.0336661223515 -0.0115650688294 0.0871389412118 0.0236014526451 0.0202595870544 0.0314523045671 -0.0026983311587 0.0155616546096 0.0236514558029 0.0227803235795 -0.0041279686128 0.0605715108643 0.0344904855293 0.0147298023974 0.0196110887909 0.035006636694 0.0634837267485 0.0366749464375 0.438363263502 0.130196518251 0.0428362558152 0.00130500110283 0.0216153456019 0.0205290848252 0.0289466703641 0.0487646443753 0.0318587328436 
0.0338010083708 0.0612522074167 0.0142283861342 0.00838602841392 0.0282440559013 -0.00265635422357 0.0154770931753 0.0523468937496 0.0594587843815 0.020515265294 0.00837604938002 0.0127831859288 0.0243976280605 0.0132328651536 0.0235753613859 0.00461642047476 0.00175121197595 0.00688303565678 0.0261082375194 0.0323770460617 0.0282015296059 0.0371130427143 0.0097580510157 0.0292101519658 0.0422637571398 0.0264185324901 0.0291858521552 -0.00491882380324 0.0583787126059 0.00835560719372 0.0210549999893 0.000827095569998 -0.0201439204398 -0.00889393299112 0.0172212217973 0.0338412170802 0.024329150469 -0.00330965069475 0.0238275141629 0.0505674097012 0.0081496677179 0.130196518251 0.880049354197 0.0230533391986 0.021756209475 0.0178256596453 0.0318493194106 0.0177297195918 0.0428288883722 0.0182779380668 
0.0168521488581 0.00542503849699 -0.00497541308017 0.00521786445936 0.0142783318707 0.0131763020102 0.00477673598252 0.0127476498555 0.0101915363255 0.00951762813159 0.0198653431627 -0.0123077784694 0.0156504333936 0.011616583742 0.0151803077552 -0.000952405008417 0.00693435331924 0.0151123441511 0.0141752217972 0.0142511366279 -0.00298266993089 0.0119094068554 0.0222251701212 -0.00121163603709 -0.00167204240628 0.0291880431735 0.00881873811787 -0.0116716393578 0.0239747656282 0.00390290109774 0.0166991272234 0.00638972949332 0.00643011230265 0.00171452030965 0.0193361138341 0.0222656019358 0.0115296012547 0.0153096332959 0.0181948875143 0.0484977202395 -0.0109932864492 0.0428362558152 0.0230533391986 0.202869249443 0.00894711507378 0.00738076098362 0.0116413878976 0.0368116920984 0.0313124025194 -0.0155164367276 
0.011710872174 0.00484680672279 -0.0180075432397 -0.0133174340248 -0.00368788133056 -0.0120001800665 -0.0238187661661 0.0375612513766 -0.00900820822647 0.00259384200412 0.0314311517597 0.0173238403043 0.0191197880088 0.0274138507913 0.00268026404906 0.029576930366 0.0203660724571 -0.00781842594051 -0.00498067980702 0.0145319810168 0.0471727998556 0.0120702069417 0.016702403689 -0.00153790582965 -0.000222950595375 0.0306987139523 -0.000806693536471 0.0138156698571 0.0214692130316 0.00774495505585 0.00521173934621 0.00353256431103 0.0109259837428 -0.00759084715902 0.00259202368215 -0.00698150534971 0.00954721400101 0.0146432550205 0.0300924179277 0.0119077297266 0.00328605164358 0.00130500110283 0.021756209475 0.00894711507378 0.418307236585 0.0137270518369 0.0125207204803 0.0280133412312 0.00828871482279 -0.0158385409144 
0.029514754358 0.0179404358922 0.0234655907433 0.0165850428777 0.0496224422522 0.0263022941711 0.00665318070275 0.0132699743412 0.0163269249418 -0.00751947870348 0.00407915038423 0.00739737844899 0.0260787368373 0.0222091998305 -0.00363038266761 0.0102223900871 0.0163675481461 -0.00258377148722 -0.00960873932149 0.0668073279082 -0.00157874282139 0.00528908051858 0.00125512232063 0.0157916787976 0.00665103131821 0.0222360758956 0.0180749952523 0.0159176546555 0.0161755265187 -0.00395395430696 0.01341909384 0.00389781774036 0.0149913242949 0.0207510502623 0.0284236251676 0.00362845684551 0.00942985136578 0.0188768953406 -0.00409817881958 0.0254092652985 0.00409279533574 0.0216153456019 0.0178256596453 0.00738076098362 0.0137270518369 0.199871525024 0.0288706609293 0.0143710227097 0.0217078627825 0.0423348323269 
0.00115116100121 0.0126140223028 0.00860457892512 0.00258485355216 0.017031730997 0.023671495801 0.00590242402045 0.0167332773655 0.0179751123713 0.00339639841522 0.0316142091922 0.0145598102203 0.0059679351074 0.0347014557189 -0.000856442895377 0.0187552744788 0.0184852465844 0.0103337459804 0.00369362549396 0.0227368459064 0.0240298913948 0.0084500290637 0.0203925441239 0.0456881980347 0.00317522911314 0.00697318629655 0.0158996891332 0.0159358495268 0.0262917022712 0.00994679807178 0.0177329766312 0.0245507275753 0.0167166082988 0.0230306945559 0.0307937716935 0.0124000713257 0.0245645705386 0.00910774218338 0.0259593474908 0.00739512854266 0.00871923696962 0.0205290848252 0.0318493194106 0.0116413878976 0.0125207204803 0.0288706609293 0.202364174531 0.0175927158389 0.0154499938932 -0.00255667417133 
