20
0.0451759103614 0.116406698245 0.0601344650096 0.0466490289559 0.103166553638 0.0697795953642 0.0913653440874 0.0431320253577 0.158066549078 0.080702843163 0.131188957491 0.0539269159384 0.0161964684659 0.0665048210348 0.070995024039 0.0150252709272 0.0202129727645 0.0132966740539 0.143358946574 0.0433119494187 
0.370322181259 0.0845123092818 0.0486562843496 0.0236166090415 0.0163765705698 0.034210503279 0.0472232781892 0.0618150950738 0.00421523336653 0.0168931470167 0.00479651786938 0.0217704490601 0.0243356090553 0.0205633330836 0.00327485392824 0.0155384700708 0.0309874695925 0.0402462774309 0.0248255216213 -0.00200042913825 
0.0845123092818 0.551862607943 0.0190043724988 0.00488293967289 -0.00831331244336 0.027559947762 0.030523401469 0.0834342908662 -0.00764352570964 0.0481275617339 0.0306162403079 0.0366506867183 0.0169629847855 0.0342994798144 0.0485494236184 0.0194355648511 0.0302050220822 0.0286508789173 0.0167928815997 0.0223606526935 
0.0486562843496 0.0190043724988 0.288899268345 0.0199316703677 0.0143935597236 0.0084015412473 0.00962606926017 0.000572105047509 -0.00903934207185 -0.044962887137 0.0141963981528 0.00395255131622 0.00918335828522 0.0441216571802 0.0194345705396 0.00771823323027 0.0332938605055 0.0553048826835 -0.00964333506336 0.0252913128552 
0.0236166090415 0.00488293967289 0.0199316703677 0.243777080575 0.0160542517092 -0.0010079251199 0.0144557046926 0.0330099979166 0.000412429873101 -0.013863894846 0.0306162812562 -0.0022733148801 0.029030979477 0.0319158555857 0.0117176520171 0.0267638867019 0.0223540012064 0.00190761604704 0.0142572592636 0.0425385916821 
0.0163765705698 -0.00831331244336 0.0143935597236 0.0160542517092 0.386539117384 -0.00787997600896 0.0451653045487 0.00573279984602 0.0160968403016 -0.0104478451781 0.0457005702632 0.0242359653017 0.0131322473602 0.0259402943222 -0.00351436934796 0.0195466773634 0.00287390845752 -0.00104087260149 0.0106942038512 0.0175029510388 
0.034210503279 0.027559947762 0.0084015412473 -0.0010079251199 -0.00787997600896 0.487006609753 0.0192467964158 0.0139091240882 0.000339206697744 0.0580212237917 0.0381321574558 0.0320790430041 0.000728554984488 -0.00709438440151 0.0316000577186 0.0241315712877 0.0321974296834 0.0074090787058 0.000468407820642 0.011466578273 
0.0472232781892 0.030523401469 0.00962606926017 0.0144557046926 0.0451653045487 0.0192467964158 0.380867885994 0.0471769565668 0.0177716999706 0.0306554848948 0.00875640213777 0.026083740105 0.0233807596207 0.0260039626661 0.0355297364103 0.0293094960595 0.0411055774848 0.0192907582982 0.0719105090758 0.0315363265852 
0.0618150950738 0.0834342908662 0.000572105047509 0.0330099979166 0.00573279984602 0.0139091240882 0.0471769565668 0.391562965022 -0.00130372220199 -0.00689679485633 0.0370316284811 0.0345485330059 0.0293529540168 0.0397163069389 0.0369903163483 0.0371965181878 0.0310238176303 0.0147191193603 0.016898819928 0.0532712447133 
0.00421523336653 -0.00764352570964 -0.00903934207185 0.000412429873101 0.0160968403016 0.000339206697744 0.0177716999706 -0.00130372220199 0.692454389821 -0.0156365482507 0.0061238988005 -0.00178068649747 0.029232878409 0.00249563727524 -0.000366056649046 -0.00840549521049 -9.86233936419e-05 0.00243473154581 -0.00593751401593 -0.000414878689433 
0.0168931470167 0.0481275617339 -0.044962887137 -0.013863894846 -0.0104478451781 0.0580212237917 0.0306554848948 -0.00689679485633 -0.0156365482507 0.457016115776 0.0449767229238 0.0326448721079 0.00707676393603 0.0148627308516 0.022093518099 -0.0152624514573 0.0270397985357 -0.00117156025837 0.0327100935903 0.0012100339983 
0.00479651786938 0.0306162403079 0.0141963981528 0.0306162812562 0.0457005702632 0.0381321574558 0.00875640213777 0.0370316284811 0.0061238988005 0.0449767229238 0.410069500947 0.0212493565265 0.0344816070133 0.0566002786615 0.0307614010174 0.0371292490773 0.0432551634591 0.0280535223518 0.0347346480033 0.0388857969583 
0.0217704490601 0.0366506867184 0.00395255131622 -0.0022733148801 0.0242359653017 0.0320790430041 0.026083740105 0.0345485330059 -0.00178068649747 0.0326448721079 0.0212493565265 0.239586315894 0.0108233540984 0.0410891987901 0.0363628297095 0.0213048884535 0.0299600215225 0.0108612173805 0.0179880630494 0.0191050967617 
0.0243356090553 0.0169629847855 0.00918335828522 0.029030979477 0.0131322473602 0.000728554984488 0.0233807596207 0.0293529540168 0.029232878409 0.00707676393603 0.0344816070133 0.0108233540984 0.181118049052 0.0270588969614 0.011985511601 0.0264310322474 0.0285469852192 0.00816145921548 0.0259201733503 0.0146151602842 
0.0205633330836 0.0342994798144 0.0441216571802 0.0319158555857 0.0259402943222 -0.00709438440151 0.0260039626661 0.0397163069389 0.00249563727524 0.0148627308516 0.0566002786615 0.0410891987901 0.0270588969614 0.248598276214 0.0152836334761 0.029168722792 0.0257432315187 0.0157739131333 0.0182213291765 0.0468120569231 
0.00327485392824 0.0485494236184 0.0194345705396 0.0117176520171 -0.00351436934796 0.0316000577186 0.0355297364103 0.0369903163483 -0.000366056649046 0.022093518099 0.0307614010174 0.0363628297095 0.011985511601 0.0152836334761 0.384791501514 0.0456406380132 0.0376724987363 0.0178415715096 0.039106635728 0.0204048426454 
0.0155384700708 0.0194355648511 0.00771823323027 0.0267638867019 0.0195466773634 0.0241315712877 0.0293094960595 0.0371965181878 -0.00840549521049 -0.0152624514573 0.0371292490773 0.0213048884535 0.0264310322474 0.029168722792 0.0456406380132 0.19187912135 0.0161754804785 0.0168541772014 0.0305595319898 0.0315153295678 
0.0309874695925 0.0302050220822 0.0332938605055 0.0223540012064 0.00287390845752 0.0321974296834 0.0411055774848 0.0310238176303 -9.86233936419e-05 0.0270397985357 0.0432551634591 0.0299600215225 0.0285469852192 0.0257432315187 0.0376724987363 0.0161754804785 0.212695361606 0.0181799490143 0.0579449734769 0.0144628793836 
0.0402462774309 0.0286508789173 0.0553048826835 0.00190761604704 -0.00104087260149 0.0074090787058 0.0192907582982 0.0147191193603 0.00243473154581 -0.00117156025837 0.0280535223518 0.0108612173805 0.00816145921548 0.0157739131333 0.0178415715096 0.0168541772014 0.0181799490143 0.302665378399 0.00794270891596 0.0186464740478 
0.0248255216213 0.0167928815997 -0.00964333506336 0.0142572592636 0.0106942038512 0.000468407820642 0.0719105090758 0.016898819928 -0.00593751401593 0.0327100935903 0.0347346480033 0.0179880630494 0.0259201733503 0.0182213291765 0.039106635728 0.0305595319898 0.0579449734769 0.00794270891596 0.674276540955 0.0252451210408 
-0.00200042913825 0.0223606526935 0.0252913128552 0.0425385916821 0.0175029510388 0.011466578273 0.0315363265852 0.0532712447133 -0.000414878689433 0.0012100339983 0.0388857969583 0.0191050967617 0.0146151602842 0.0468120569231 0.0204048426454 0.0315153295678 0.0144628793836 0.0186464740478 0.0252451210408 0.188722379482 
0.0320708416555 0.00731898067705 0.00421375783005 0.00204525833812 0.00141825261403 0.00296271649159 0.00408965585618 0.00535334426713 0.00036504991783 0.00146298944663 0.000415390632459 0.00188537619378 0.00210752556584 0.00178083688369 0.000283610669554 0.00134567098173 0.00268359358661 0.00348542986629 0.00214995323863 -0.00017324224522 
0.00731898067705 0.0477927037877 0.00164582693669 0.000422874980187 -0.000719953976554 0.00238676148889 0.0026434041082 0.00722562154369 -0.000661948743903 0.00416796910837 0.0026514441875 0.00317404257642 0.00146903757482 0.00297042208559 0.00420450341927 0.00168316928979 0.0026158316445 0.00248123889831 0.00145430620681 0.00193648932778 
0.00421375783005 0.00164582693669 0.0250194105522 0.00172613328783 0.00124651883715 0.000727594815111 0.000833642051789 4.95457504776e-05 -0.000782829986772 -0.00389390024882 0.00122944414426 0.000342300984961 0.000795302156705 0.00382104759751 0.00168308317989 0.000668418604975 0.00288333289878 0.00478954333573 -0.000835137314207 0.00219029194276 
0.00204525833812 0.000422874980187 0.00172613328783 0.0211117144638 0.00139033898189 -8.72888758945e-05 0.00125190074934 0.00285874967746 3.57174747385e-05 -0.00120064851321 0.00265144773373 -0.000196874843696 0.00251415657238 0.00276399417207 0.00101477843195 0.00231782057878 0.0019359132921 0.00016520439574 0.00123471487107 0.00368395010379 
0.00141825261403 -0.000719953976554 0.00124651883715 0.00139033898189 0.0334752695211 -0.000682425940497 0.00391143011088 0.000496475030146 0.00139402726219 -0.000904809933902 0.00395778548154 0.00209889616365 0.00113728598228 0.00224649538647 -0.000304353313362 0.00169279191562 0.000248887773236 -9.01422114994e-05 0.000926145220837 0.00151580002408 
0.00296271649159 0.00238676148889 0.000727594815111 -8.72888758945e-05 -0.000682425940497 0.0421760095857 0.00166682146375 0.00120456548047 2.9376161738e-05 0.00502478537623 0.00330234170578 0.00277812661707 6.3094712462e-05 -0.000614391711592 0.00273664527453 0.00208985537684 0.00278837920424 0.000641645037786 4.05653072007e-05 0.000993034807886 
0.00408965585618 0.0026434041082 0.000833642051789 0.00125190074934 0.00391143011088 0.00166682146375 0.0329841264756 0.00408564428601 0.00153907436429 0.00265484286842 0.000758326669706 0.00225891815567 0.00202483317913 0.00225200922679 0.00307696543211 0.00253827681596 0.00355984743391 0.00167062867445 0.00622763276587 0.00273112599648 
0.00535334426713 0.00722562154369 4.95457504776e-05 0.00285874967746 0.000496475030146 0.00120456548047 0.00408564428601 0.033910347489 -0.00011290565464 -0.000597279955027 0.00320703310081 0.00299199072466 0.00254204038547 0.00343953307536 0.00320345536516 0.0032213129683 0.00268674141902 0.00127471312874 0.00146348073516 0.00461342512129 
0.00036504991783 -0.000661948743903 -0.000782829986772 3.57174747385e-05 0.00139402726219 2.9376161738e-05 0.00153907436429 -0.00011290565464 0.0599683092547 -0.00135416480126 0.000530345193144 -0.000154211974299 0.00253164153279 0.000216128527899 -3.17014357298e-05 -0.000727937238368 -8.54103643013e-06 0.000210853937006 -0.000514203797312 -3.59295484538e-05 
0.00146298944663 0.00416796910837 -0.00389390024882 -0.00120064851321 -0.000904809933902 0.00502478537623 0.00265484286842 -0.000597279955027 -0.00135416480126 0.0395787566201 0.0038950984631 0.00282712885488 0.000612865734519 0.00128715024871 0.00191335479327 -0.0013217670686 0.00234171524451 -0.000101460094581 0.00283277720094 0.000104792018197 
0.000415390632459 0.0026514441875 0.00122944414426 0.00265144773373 0.00395778548154 0.00330234170578 0.000758326669706 0.00320703310081 0.000530345193144 0.0038950984631 0.0355130605138 0.00184024825661 0.00298619476368 0.00490172791822 0.00266401547371 0.00321548729244 0.00374600704005 0.00242950630223 0.00300810875623 0.00336760880123 
0.00188537619378 0.00317404257642 0.000342300984961 -0.000196874843696 0.00209889616365 0.00277812661707 0.00225891815567 0.00299199072466 -0.000154211974299 0.00282712885488 0.00184024825661 0.0207487835963 0.000937329960339 0.00355842899734 0.00314911342819 0.00184505746255 0.00259461397364 0.000940609016756 0.00155781195657 0.00165454991374 
0.00210752556584 0.00146903757482 0.000795302156705 0.00251415657238 0.00113728598228 6.3094712462e-05 0.00202483317913 0.00254204038547 0.00253164153279 0.000612865734519 0.00298619476368 0.000937329960339 0.0156852831563 0.0023433692167 0.00103797575238 0.00228899453745 0.00247224144013 0.000706803101256 0.00224475285918 0.00126571000865 
0.00178083688369 0.00297042208559 0.00382104759751 0.00276399417207 0.00224649538647 -0.000614391711592 0.00225200922679 0.00343953307536 0.000216128527899 0.00128715024871 0.00490172791822 0.00355842899734 0.0023433692167 0.0215292422538 0.00132360148524 0.00252608549338 0.00222942924707 0.00136606094905 0.00157801339576 0.00405404304988 
0.000283610669554 0.00420450341927 0.00168308317989 0.00101477843195 -0.000304353313362 0.00273664527453 0.00307696543211 0.00320345536516 -3.17014357298e-05 0.00191335479327 0.00266401547371 0.00314911342819 0.00103797575238 0.00132360148524 0.0333239215472 0.00395259519644 0.00326253409297 0.00154512541707 0.0033867339997 0.00176711120911 
0.00134567098173 0.00168316928979 0.000668418604975 0.00231782057878 0.00169279191562 0.00208985537684 0.00253827681596 0.0032213129683 -0.000727937238368 -0.0013217670686 0.00321548729244 0.00184505746255 0.00228899453745 0.00252608549338 0.00395259519644 0.0166172193545 0.00140083770128 0.00145961456163 0.00264653310309 0.00272930760143 
0.00268359358661 0.0026158316445 0.00288333289878 0.0019359132921 0.000248887773236 0.00278837920424 0.00355984743391 0.00268674141902 -8.54103643013e-06 0.00234171524451 0.00374600704005 0.00259461397364 0.00247224144013 0.00222942924707 0.00326253409297 0.00140083770128 0.0184199586418 0.00157442976859 0.00501818190527 0.00125252209581 
0.00348542986629 0.00248123889831 0.00478954333573 0.00016520439574 -9.01422114994e-05 0.000641645037786 0.00167062867445 0.00127471312874 0.000210853937006 -0.000101460094581 0.00242950630223 0.000940609016756 0.000706803101256 0.00136606094905 0.00154512541707 0.00145961456163 0.00157442976859 0.026211590654 0.000687858769609 0.00161483202164 
0.00214995323863 0.00145430620681 -0.000835137314207 0.00123471487107 0.000926145220837 4.05653072007e-05 0.00622763276587 0.00146348073516 -0.000514203797312 0.00283277720094 0.00300810875623 0.00155781195657 0.00224475285918 0.00157801339576 0.0033867339997 0.00264653310309 0.00501818190527 0.000687858769609 0.0583940613643 0.00218629161429 
-0.00017324224522 0.00193648932778 0.00219029194276 0.00368395010379 0.00151580002408 0.000993034807886 0.00273112599648 0.00461342512129 -3.59295484538e-05 0.000104792018197 0.00336760880123 0.00165454991374 0.00126571000865 0.00405404304988 0.00176711120911 0.00272930760143 0.00125252209581 0.00161483202164 0.00218629161429 0.0163438374894 

['AZO', 'NTAP', 'DG', 'DOW', 'BSX', 'CEG', 'FLR', 'CFC', 'MYL', 'BHI', 'ET', 'CBE', 'RTN', 'STT', 'SWK', 'NFB', 'ETN', 'VFC', 'X', 'ZION']