40
0.0247676168055 0.00154943769328 0.0307338128464 0.0639224219563 0.0363676427781 0.0506132512338 0.0203567883068 0.0288411222523 0.0825599502725 0.134016582451 0.0658076634161 0.00388664565626 0.0206658862902 0.0507347996455 0.0649972461493 0.0358419118375 0.073470583658 0.0669670800901 0.112605751981 0.107494880462 0.110955558587 0.135848421796 0.104921073146 0.117315051398 0.100072423231 0.12825177486 0.0751688044393 0.106356452037 0.072987431854 0.0861150338972 0.0773544805674 0.0625636206577 0.144106781955 0.00643120824938 0.190895055806 0.025042174885 0.0451759103614 0.085684238521 -0.00277796207049 0.0482129600444 
0.121263522451 0.00813905331616 0.00953315351868 0.0209865866997 0.013297701933 0.0142999605899 0.0159959348272 0.0335116814531 0.00593253637945 0.00171710940003 0.0201427321017 0.00660868107951 -0.00312244740615 -0.000721775720094 0.00752602162297 0.00745845744961 0.0188308761761 0.0205983011068 0.0205387528372 0.022617548112 0.0139890056715 0.00576585892287 0.0311073622309 0.0195824729429 0.00240141388127 0.00590410375616 0.0241842242046 0.00846224959994 0.0129950461996 0.0112630233466 0.0137017907442 0.0261424196328 0.0281930846659 0.0214020143421 0.0137320945049 0.0250989367209 0.0157944364765 0.0124482761435 0.00198700524665 0.00270266002585 
0.00813905331616 0.295420678652 0.0116505434817 0.0212746047639 0.00254794074159 0.0105631500472 0.0251618131165 0.00750868403064 0.0232149367382 -0.00685976276578 0.00735729550326 0.00243625648286 0.0150809312853 -0.00277831586059 0.0164230968271 0.0271053311646 0.00188485272843 0.00198664581026 0.0316382990859 2.313313519e-05 0.00741722004139 0.0146453873286 0.00754156090674 0.00535480219396 0.0122467526293 0.00924105304192 0.0223370108363 0.0272514344382 0.0114210781162 -0.000190855447307 0.00524645269467 0.0075712290426 -0.00683163675796 0.00649472067585 -0.0139152116032 0.00894054585807 0.0142357462841 -0.00203934271916 0.01027176542 0.00136122368392 
0.00953315351868 0.0116505434817 0.168967698003 0.00894632991346 0.0175430024115 0.008986848656 0.00521418776877 0.0159539823072 0.0258887506913 0.00266569876249 0.00597859622544 0.0108230969495 0.0258961495582 0.0198816420674 0.00480536900996 0.0144910162021 0.0118657205402 0.00211139387986 0.000945845213775 0.0288198108178 0.0134160339471 0.00884769480324 0.00874759802941 0.0217993375214 0.0175858951054 0.0138774631955 0.0203406277759 0.0112401134534 0.034744832142 -0.0066504829989 0.0255075733145 0.00264770479325 0.0199649846525 0.0155018401684 0.00989631339473 0.010341371172 0.00982732064032 0.00930992449503 0.0138952104194 0.0411502742509 
0.0209865866997 0.0212746047639 0.00894632991346 0.446109570014 0.0291228113857 0.0163164572679 0.0122691899596 0.0252695552162 -0.00073958572587 0.014591333386 0.0271292743312 0.0225706844791 0.0317192719864 0.0243335055726 0.041172939689 0.0527074217165 0.0518171640147 0.015534364029 0.0685087721947 0.0580767202138 0.00456904786887 0.000714870213463 0.0273226091903 0.0323897315208 -0.00762636862762 0.0231798299183 0.0127004457408 0.0431001230787 0.0161336725848 0.0147596546185 0.0330781790955 0.0236893211778 -0.0257113746109 0.00505536507366 0.0314672227917 0.0200178676748 0.00408477370498 0.0535432492932 0.024466857051 0.0146519588328 
0.013297701933 0.00254794074159 0.0175430024115 0.0291228113857 0.192950039246 0.0200139126458 0.0163430545875 0.00211398380364 0.0108565738188 0.0187492838493 0.00474156131201 0.00526606562394 0.0157932447011 0.0330343479117 -0.00914491281474 0.0121836556887 0.0253572250868 0.034321778586 0.0038819950934 0.0133712298923 0.0539104959841 0.0131695987605 0.0158190420861 0.00688391051841 -0.00782719563687 0.0045328241365 0.0514768749632 0.0133040639284 9.47480006735e-05 0.0247476312158 0.0325843321283 0.0135526715845 0.0213796087445 0.0263289384436 0.017857480061 0.0105518057579 0.0369539921484 0.0173805707528 0.0120707123239 0.0259442033052 
0.0142999605899 0.0105631500472 0.008986848656 0.0163164572679 0.0200139126458 0.146039515902 0.0332961675973 0.0481591208611 0.0222543717054 0.0224526083922 0.0259458116577 0.00285467130288 0.0160863522484 0.0126744896975 0.0220721759982 0.00687227606975 0.0077972026739 0.0194085401944 0.0110124080448 0.0245905611564 0.0201326593913 0.0190199584403 0.0400633261872 0.0149454769579 0.00297151431861 0.0272905564812 0.0453411689609 0.00371019583756 0.00541180032994 0.0290669058993 0.0211609549467 0.0277124267333 0.0234628408634 0.0193893922016 0.00592096447872 0.0334078498115 0.00595442405085 0.0198239987751 -0.00149020706347 0.00866653585594 
0.0159959348272 0.0251618131165 0.00521418776877 0.0122691899596 0.0163430545875 0.0332961675973 0.265337636021 0.0283157545136 0.0263381137163 0.0203575429616 0.0078493952259 -0.00759038613773 0.0189826152011 0.0385385482871 0.0194359837062 0.014177315643 0.0216435566799 0.00680273813753 -0.00979077639099 0.0186319707429 0.0374764239872 0.00616542869408 0.0242304517651 0.0119635667389 0.00795775281345 -0.00935258628618 0.0489041458545 -0.0109433349822 0.0139953105429 0.0133498761338 -0.000768349988113 -0.00379581730871 0.0123914161316 0.0248844908676 0.0111237472912 0.0493074565344 0.00935367033168 -0.0206748346177 0.00353064088452 0.0106648583073 
0.0335116814531 0.00750868403064 0.0159539823072 0.0252695552162 0.00211398380364 0.0481591208611 0.0283157545136 0.171135657015 0.016541341118 0.0332158139514 0.019854842081 0.00994578394855 0.0348504589225 0.00650222530034 0.0153135314571 0.00748330106257 0.0138531166567 0.0224026901514 0.00729751198545 0.0408410592243 0.0237364883966 0.0189042597799 0.0149018353481 0.00815051889391 -0.0109407799026 0.0102819511459 0.043674296696 -0.0161609258866 0.00754327679385 0.0069757002629 0.0322150014871 0.0219911890516 -0.00916905302742 0.0178502694076 0.0135972999689 0.0335992427048 -0.00343577253391 0.0130032132762 -0.0131363774608 0.0127628140731 
0.00593253637945 0.0232149367382 0.0258887506913 -0.000739585725869 0.0108565738188 0.0222543717054 0.0263381137163 0.016541341118 0.358708503402 0.0465613464681 0.0167279084571 0.0218942933704 0.0133090162326 0.00100041747123 -0.0111617479331 -0.000106178468579 0.0269284375943 0.0369000333347 -0.0179959099809 0.0386934654995 0.0192727055209 0.00584428239807 0.0158864366723 -0.00782925732471 -0.00663357549959 -0.013146030369 0.0849249346704 0.0196471241633 -0.00731821593118 0.0215430432056 0.0230342291692 0.00497429262254 0.00483239965825 0.00757941067193 -0.00730745667602 0.0287057711221 0.0130697931763 -0.000870869788224 0.0321789441102 -0.00773665418002 
0.00171710940003 -0.00685976276578 0.00266569876249 0.014591333386 0.0187492838493 0.0224526083922 0.0203575429616 0.0332158139514 0.0465613464681 0.215074490752 0.00425702229497 0.00532679094801 0.025014409414 0.0129363276304 0.0154126921482 0.00487517775444 0.00581350541915 0.0275094000442 0.0292714873596 0.0161106422158 0.0107480529749 0.0151474727977 0.0367057450223 0.0111762120616 0.00562560252088 0.0108332215585 0.0278101748932 0.0426641629191 0.0130131523835 0.00343385881353 0.00957509776556 0.0248999436304 0.00682248469943 0.0395409815109 0.0119874889977 0.0457518648844 0.00601372163469 0.00531770849996 0.00946350862212 0.00184724306157 
0.0201427321017 0.00735729550326 0.00597859622544 0.0271292743312 0.00474156131201 0.0259458116577 0.0078493952259 0.019854842081 0.0167279084571 0.00425702229497 0.227270301742 0.00668992089516 -0.00150802986582 -0.014039441295 0.00373957740794 0.0114047053182 0.00980316839945 0.0206403710599 0.00142682553936 0.000444553172226 -0.000296388910103 0.100155778447 0.0066369821741 0.0265144216449 0.0402866909866 -0.00254722725198 0.0177613086762 -0.000143476857781 0.0507922299436 -0.0105624992915 0.0346213074119 0.0144185571413 -0.0013001765376 -0.00163344766904 -0.00538128556423 0.0209159549745 0.0104694054253 0.0179072287088 0.0265588175066 0.00185325416762 
0.00660868107951 0.00243625648286 0.0108230969495 0.0225706844791 0.00526606562394 0.00285467130288 -0.00759038613773 0.00994578394855 0.0218942933704 0.00532679094801 0.00668992089516 0.237960211388 0.0410326470342 0.00552136271814 0.0195309740251 0.00335592319925 0.0330056422357 -0.00728017692019 0.0182998504857 0.0165581718664 0.000307197279809 0.0148738306692 0.00791263640908 0.0303652290018 0.0270859688272 0.0215062101976 -0.00633014180662 0.0389487437842 -0.0155834553435 0.00764906418403 0.0172508156797 0.00752676243428 -0.0106316448714 0.0264696434853 0.0368771343378 0.0137986271938 0.00925502501509 -0.005458824959 0.00420959355926 0.0104415470337 
-0.00312244740616 0.0150809312853 0.0258961495582 0.0317192719864 0.0157932447011 0.0160863522484 0.0189826152011 0.0348504589225 0.0133090162326 0.025014409414 -0.00150802986582 0.0410326470342 0.206688164033 0.0528628251147 0.0181905686577 0.021439510195 0.0250319830672 0.0155902476673 0.0334794234439 0.0443392205852 0.063642194331 0.0232320621438 0.0183971555235 0.0154358616649 0.0274371059119 0.0046154919985 0.0188436381516 0.052448184288 0.0173344875519 0.0200929488243 0.0352542765017 0.0274067592115 0.00719071029313 0.0300915669317 0.0453607969396 0.0242902189109 0.0211773556135 0.0159302339669 0.00971240481833 0.0348672186019 
-0.000721775720094 -0.00277831586059 0.0198816420674 0.0243335055726 0.0330343479117 0.0126744896975 0.0385385482871 0.00650222530034 0.00100041747123 0.0129363276304 -0.014039441295 0.00552136271814 0.0528628251147 0.244998229569 0.0278242701397 0.0155496619658 0.0210680713114 0.0179838346245 0.0360270486021 0.0690212884029 0.0330618888507 0.0241515372142 0.0205760781298 0.0377792068016 0.0451537781159 0.0606629381225 0.0119654941433 0.0450970380163 0.0173537907179 0.0185231246277 0.0220950931755 0.0352226497172 -0.0151840437337 0.0337510941161 0.0205535791991 0.0206960004632 0.0324751599634 0.0215194465685 -0.00993861599199 0.0408505688651 
0.00752602162297 0.0164230968271 0.00480536900996 0.041172939689 -0.00914491281474 0.0220721759982 0.0194359837062 0.0153135314571 -0.0111617479331 0.0154126921482 0.00373957740794 0.0195309740251 0.0181905686577 0.0278242701397 0.277856912119 0.0468369153073 0.0212760881253 0.0140664481606 -0.00682018511696 0.0531766164937 0.0134778471033 -0.00535854288339 0.0344503496104 0.00447921095665 0.0162248683927 -0.0214134052989 0.0107915289359 0.0171780355203 0.00248485206791 0.0258136835098 0.0257084527934 0.0298583945909 0.0162952131097 0.0187726781641 0.0354162819168 0.00820309409591 0.0143903756068 0.0116028634669 0.0186788224109 -0.0127903159234 
0.00745845744961 0.0271053311646 0.0144910162021 0.0527074217165 0.0121836556887 0.00687227606975 0.014177315643 0.00748330106257 -0.000106178468579 0.00487517775444 0.0114047053182 0.00335592319925 0.021439510195 0.0155496619658 0.0468369153073 0.206185721032 0.0137963621757 -0.00582093685013 0.0234764196607 0.0449407236152 0.0239205820537 0.0151584427496 0.0156330577935 -0.008639157406 0.00368987815256 -0.00258773302263 0.0117339541879 0.0148316400507 0.0118847244321 0.0224904881813 0.0400595081509 -0.000561852197521 0.0229434348102 0.0145930938634 0.0283218004333 0.0121453379428 0.00804750435112 0.0168940987177 0.0188821911881 0.0330109016961 
0.0188308761761 0.00188485272843 0.0118657205402 0.0518171640147 0.0253572250868 0.0077972026739 0.0216435566799 0.0138531166567 0.0269284375943 0.00581350541915 0.00980316839945 0.0330056422357 0.0250319830672 0.0210680713114 0.0212760881253 0.0137963621757 0.41558972802 -0.00154969770099 0.10442633507 0.111249537844 0.0177308325321 0.00366504790973 0.0364235067722 0.00866765673537 0.0106557239551 0.153146641157 0.00799240311979 0.0832238944291 -0.000100288141083 0.0122338265261 0.000359185345523 0.0147654573721 0.00942135011205 0.000810805558658 0.102824554366 0.0121213211517 0.00318565009804 -0.00496874449371 0.01554285353 0.0317962748431 
0.0205983011068 0.00198664581026 0.00211139387986 0.015534364029 0.034321778586 0.0194085401944 0.00680273813753 0.0224026901514 0.0369000333347 0.0275094000442 0.0206403710599 -0.00728017692019 0.0155902476673 0.0179838346245 0.0140664481606 -0.00582093685013 -0.00154969770099 0.247646723806 -0.0147125724018 0.0194196342116 0.0219301873768 0.0305799186899 0.0202259526503 0.00964777819086 -0.000144515094989 0.00972049818003 0.0540840704014 -0.0181417519588 0.000608765032163 0.0293815260008 0.0369637435615 0.0575930960164 0.0053662097159 0.011164883473 0.0165910341538 0.00761841185971 0.0248713694583 0.0246820692789 0.00316291190307 0.0204022949903 
0.0205387528372 0.0316382990859 0.000945845213775 0.0685087721947 0.0038819950934 0.0110124080448 -0.00979077639099 0.00729751198545 -0.0179959099809 0.0292714873596 0.00142682553936 0.0182998504857 0.0334794234439 0.0360270486021 -0.00682018511696 0.0234764196607 0.10442633507 -0.0147125724018 0.525488577389 0.0695302051491 -0.0133236001472 -0.0140534264706 0.0306113712073 -0.0115574708874 0.00152775292024 0.0821054789051 -0.0250430882439 0.198054881536 0.00466447300541 0.0242397213969 0.0225058786156 0.00660542292225 0.0112580253688 0.0337723379566 0.0657722510509 0.0150370942459 0.0205733189424 0.0160896627004 0.0295186621977 0.0484091981071 
0.022617548112 2.31331351901e-05 0.0288198108178 0.0580767202138 0.0133712298923 0.0245905611564 0.0186319707429 0.0408410592243 0.0386934654995 0.0161106422158 0.000444553172226 0.0165581718664 0.0443392205852 0.0690212884029 0.0531766164937 0.0449407236152 0.111249537844 0.0194196342116 0.0695302051491 0.445022470607 0.00076625403717 0.0120235226209 0.0419267049319 0.00800335628535 0.0433609741096 0.0475038247597 0.0186226643632 0.0640656196427 0.00154731351602 0.0281557083979 0.0293831559134 0.0306434456494 0.0336105574977 0.0217029790214 0.0519483176445 0.011250428143 0.00717200790922 0.0306225576328 0.0139826452169 0.0500622261254 
0.0139890056715 0.00741722004139 0.0134160339471 0.00456904786887 0.0539104959841 0.0201326593913 0.0374764239872 0.0237364883966 0.0192727055209 0.0107480529749 -0.000296388910103 0.000307197279809 0.063642194331 0.0330618888507 0.0134778471033 0.0239205820537 0.0177308325321 0.0219301873768 -0.0133236001472 0.00076625403717 0.484709135875 0.00199329223277 0.0301086874562 0.0145805785651 0.00975915659163 -0.0218428034713 0.0489351799411 0.00311489337603 0.00882308695552 0.0362585754997 0.053538828138 0.0128782211365 -0.00530400987231 0.040880610554 0.0207511710079 0.018066079155 -0.00155884311436 0.0498272695181 0.0104934156058 0.00139222463313 
0.00576585892287 0.0146453873286 0.00884769480324 0.000714870213463 0.0131695987605 0.0190199584403 0.00616542869408 0.0189042597799 0.00584428239807 0.0151474727977 0.100155778447 0.0148738306692 0.0232320621438 0.0241515372142 -0.00535854288339 0.0151584427496 0.00366504790973 0.0305799186899 -0.0140534264706 0.0120235226209 0.00199329223277 0.626205738823 0.0163199999928 0.0237668861463 0.0200085113755 -0.0032190398683 0.0173789329138 0.0181655572623 -0.00200764783294 0.0147613674204 -0.0203241559229 0.0190090176865 0.02503178864 0.0328886108242 0.0341106520422 0.0139443757475 0.00631692178879 0.010214770331 0.0140574609652 0.00856333829341 
0.0311073622309 0.00754156090674 0.00874759802941 0.0273226091903 0.0158190420861 0.0400633261872 0.0242304517651 0.0149018353481 0.0158864366723 0.0367057450223 0.0066369821741 0.00791263640908 0.0183971555235 0.0205760781298 0.0344503496104 0.0156330577935 0.0364235067721 0.0202259526503 0.0306113712073 0.0419267049319 0.0301086874562 0.0163199999928 0.265632957019 0.0151671508452 0.00522906774905 0.0127884607188 0.0372963399693 0.0345310332958 -0.00574157517932 0.0218833881302 0.0293684142808 0.0306656060648 0.0288661626022 0.0207695809011 0.0318814677123 0.0297803144767 0.0301644977028 0.0253794035694 0.00825298302161 -0.00871733669036 
0.0195824729429 0.00535480219396 0.0217993375214 0.0323897315208 0.00688391051841 0.0149454769579 0.0119635667389 0.00815051889391 -0.00782925732471 0.0111762120616 0.0265144216449 0.0303652290018 0.0154358616649 0.0377792068016 0.00447921095665 -0.008639157406 0.00866765673537 0.00964777819086 -0.0115574708874 0.00800335628535 0.0145805785651 0.0237668861463 0.0151671508452 0.368210415505 0.0370956148375 -0.0118812693768 -0.00318589412328 -0.0149321628494 0.00605463633644 -0.0231319090791 0.0394742036756 0.032214567846 0.0111849553242 0.00291631491558 -0.0110740227 0.00976765783649 -0.00168538262749 0.0327483277367 -0.00955270996981 7.24994826488e-05 
0.00240141388127 0.0122467526293 0.0175858951054 -0.00762636862762 -0.00782719563687 0.00297151431861 0.00795775281345 -0.0109407799026 -0.00663357549959 0.00562560252088 0.0402866909866 0.0270859688272 0.0274371059119 0.0451537781159 0.0162248683927 0.00368987815256 0.0106557239551 -0.000144515094989 0.00152775292024 0.0433609741096 0.00975915659163 0.0200085113755 0.00522906774905 0.0370956148375 0.48737417345 -0.00120018942283 -0.0314963870297 0.0411743000338 0.0581498606162 0.000449619052557 0.0331275944606 0.00817420414946 0.050381501481 -0.00426995575573 0.00783806430505 -0.00715013627538 0.0101713176888 0.0269699722422 0.0195083297746 -0.0119499103877 
0.00590410375616 0.00924105304192 0.0138774631955 0.0231798299183 0.0045328241365 0.0272905564812 -0.00935258628618 0.0102819511459 -0.013146030369 0.0108332215585 -0.00254722725198 0.0215062101976 0.0046154919985 0.0606629381225 -0.0214134052989 -0.00258773302263 0.153146641157 0.00972049818003 0.0821054789051 0.0475038247597 -0.0218428034713 -0.0032190398683 0.0127884607188 -0.0118812693768 -0.00120018942283 0.506384535169 -0.00878848503089 0.0531078978091 -0.00223569936164 -0.0358954552296 -0.0141958209974 -0.00363948105496 0.00588832045572 0.0115308458115 0.106706444704 0.000262552295132 0.0317177616447 -0.00922608259954 -0.00544143143965 0.0152054970932 
0.0241842242046 0.0223370108363 0.0203406277759 0.0127004457408 0.0514768749632 0.0453411689609 0.0489041458545 0.043674296696 0.0849249346704 0.0278101748932 0.0177613086762 -0.00633014180662 0.0188436381516 0.0119654941433 0.0107915289359 0.0117339541879 0.00799240311979 0.0540840704014 -0.0250430882439 0.0186226643632 0.0489351799411 0.0173789329138 0.0372963399693 -0.00318589412328 -0.0314963870297 -0.00878848503089 0.31737943031 0.0138800709733 -0.0111340803525 0.00902635005262 0.0287322204466 0.0401221934381 0.00348952744323 0.0290468152299 -0.0020112540919 0.0398678696518 0.0283203247806 -0.00565712658295 -0.010578553455 0.00774164477327 
0.00846224959994 0.0272514344382 0.0112401134534 0.0431001230787 0.0133040639284 0.00371019583756 -0.0109433349822 -0.0161609258866 0.0196471241633 0.0426641629191 -0.000143476857781 0.0389487437842 0.052448184288 0.0450970380163 0.0171780355203 0.0148316400507 0.0832238944291 -0.0181417519588 0.198054881536 0.0640656196427 0.00311489337603 0.0181655572623 0.0345310332958 -0.0149321628494 0.0411743000338 0.0531078978091 0.0138800709733 0.497068082311 0.0153627695297 0.0249154008732 0.00682873298347 0.0261482178734 0.00102815030341 -0.00297274274718 0.0636744958569 0.0160415765824 0.0379845770709 0.011508493325 -0.0012349177341 -0.00157885992905 
0.0129950461996 0.0114210781162 0.034744832142 0.0161336725848 9.47480006735e-05 0.00541180032994 0.0139953105429 0.00754327679385 -0.00731821593118 0.0130131523835 0.0507922299436 -0.0155834553435 0.0173344875519 0.0173537907179 0.00248485206791 0.0118847244321 -0.000100288141083 0.000608765032163 0.00466447300541 0.00154731351602 0.00882308695552 -0.00200764783294 -0.00574157517932 0.00605463633644 0.0581498606162 -0.00223569936164 -0.0111340803525 0.0153627695297 0.482629520353 0.00874000798297 -0.00659899894383 0.00157217233359 0.00323295606433 0.0345629125665 0.0173899301137 -0.00434968243437 -0.000937574852128 -0.0100884904045 0.0121527948251 0.0137047998624 
0.0112630233466 -0.000190855447307 -0.0066504829989 0.0147596546185 0.0247476312158 0.0290669058993 0.0133498761338 0.00697570026291 0.0215430432056 0.00343385881353 -0.0105624992915 0.00764906418403 0.0200929488243 0.0185231246277 0.0258136835098 0.0224904881813 0.0122338265261 0.0293815260008 0.0242397213969 0.0281557083979 0.0362585754997 0.0147613674204 0.0218833881302 -0.0231319090791 0.000449619052557 -0.0358954552296 0.00902635005262 0.0249154008732 0.00874000798297 0.230651283584 0.0283067669884 0.0370488271901 0.0288704478699 0.0302405242962 0.0408438181106 0.0159226980257 0.0283892198615 0.0382466609134 0.016729963469 0.0167487202494 
0.0137017907442 0.00524645269467 0.0255075733145 0.0330781790955 0.0325843321283 0.0211609549467 -0.000768349988113 0.0322150014871 0.0230342291692 0.00957509776556 0.0346213074119 0.0172508156797 0.0352542765017 0.0220950931755 0.0257084527934 0.0400595081509 0.000359185345523 0.0369637435615 0.0225058786156 0.0293831559134 0.053538828138 -0.0203241559229 0.0293684142808 0.0394742036756 0.0331275944606 -0.0141958209974 0.0287322204466 0.00682873298347 -0.00659899894383 0.0283067669884 0.271150338004 0.0437649918895 -0.00551552425882 0.00383469504467 0.029061980187 0.0223632180563 0.0198545691689 0.0955354690271 0.0301227153105 0.0216989365607 
0.0261424196328 0.0075712290426 0.00264770479325 0.0236893211778 0.0135526715845 0.0277124267333 -0.00379581730871 0.0219911890516 0.00497429262254 0.0248999436304 0.0144185571413 0.00752676243428 0.0274067592115 0.0352226497172 0.0298583945909 -0.000561852197521 0.0147654573721 0.0575930960164 0.00660542292225 0.0306434456494 0.0128782211365 0.0190090176865 0.0306656060648 0.032214567846 0.00817420414946 -0.00363948105496 0.0401221934381 0.0261482178734 0.00157217233359 0.0370488271901 0.0437649918895 0.2967554018 0.00242047950231 0.0199392269976 0.0254309800649 0.0311758407478 0.0477476875224 0.0432804953726 0.00841545803896 0.0145103660645 
0.0281930846659 -0.00683163675796 0.0199649846525 -0.0257113746109 0.0213796087445 0.0234628408634 0.0123914161316 -0.00916905302742 0.00483239965825 0.00682248469943 -0.0013001765376 -0.0106316448714 0.00719071029313 -0.0151840437337 0.0162952131097 0.0229434348102 0.00942135011205 0.0053662097159 0.0112580253688 0.0336105574977 -0.00530400987231 0.02503178864 0.0288661626022 0.0111849553242 0.050381501481 0.00588832045572 0.00348952744323 0.00102815030341 0.00323295606433 0.0288704478699 -0.00551552425882 0.00242047950231 0.33343207647 0.0327363455678 0.00892914384755 -0.00560540355253 0.0105971757252 0.0104097993542 0.0201969504749 0.0302832148727 
0.0214020143421 0.00649472067585 0.0155018401684 0.00505536507366 0.0263289384436 0.0193893922016 0.0248844908676 0.0178502694076 0.00757941067193 0.0395409815109 -0.00163344766904 0.0264696434853 0.0300915669317 0.0337510941161 0.0187726781641 0.0145930938634 0.000810805558657 0.011164883473 0.0337723379566 0.0217029790214 0.040880610554 0.0328886108242 0.0207695809011 0.00291631491558 -0.00426995575573 0.0115308458115 0.0290468152299 -0.00297274274718 0.0345629125665 0.0302405242962 0.00383469504467 0.0199392269976 0.0327363455678 0.197886567355 0.000293941293091 0.0369046472926 0.0195711948752 0.00116299411013 0.00408513019243 0.0162266170576 
0.0137320945049 -0.0139152116032 0.00989631339473 0.0314672227917 0.017857480061 0.00592096447872 0.0111237472912 0.0135972999689 -0.00730745667602 0.0119874889977 -0.00538128556423 0.0368771343378 0.0453607969396 0.0205535791991 0.0354162819168 0.0283218004333 0.102824554366 0.0165910341538 0.0657722510509 0.0519483176445 0.0207511710079 0.0341106520422 0.0318814677123 -0.0110740227 0.00783806430505 0.106706444704 -0.0020112540919 0.0636744958569 0.0173899301137 0.0408438181106 0.029061980187 0.0254309800649 0.00892914384755 0.000293941293092 0.544769229593 0.0111389477891 0.0245558494768 4.52305794127e-05 0.0276895476739 0.0134454330461 
0.0250989367209 0.00894054585807 0.010341371172 0.0200178676748 0.0105518057579 0.0334078498115 0.0493074565344 0.0335992427048 0.0287057711221 0.0457518648844 0.0209159549745 0.0137986271938 0.0242902189109 0.0206960004632 0.00820309409591 0.0121453379428 0.0121213211517 0.00761841185971 0.0150370942459 0.011250428143 0.018066079155 0.0139443757475 0.0297803144767 0.00976765783649 -0.00715013627538 0.000262552295132 0.0398678696518 0.0160415765824 -0.00434968243437 0.0159226980257 0.0223632180563 0.0311758407478 -0.00560540355253 0.0369046472926 0.0111389477891 0.160909024278 0.0117458623327 0.00495358078108 -0.0104435302732 0.0170165777893 
0.0157944364765 0.0142357462841 0.00982732064032 0.00408477370498 0.0369539921484 0.00595442405085 0.00935367033168 -0.00343577253391 0.0130697931763 0.00601372163469 0.0104694054253 0.00925502501509 0.0211773556135 0.0324751599634 0.0143903756068 0.00804750435112 0.00318565009804 0.0248713694583 0.0205733189424 0.00717200790922 -0.00155884311436 0.00631692178879 0.0301644977028 -0.00168538262749 0.0101713176888 0.0317177616447 0.0283203247806 0.0379845770709 -0.000937574852128 0.0283892198615 0.0198545691689 0.0477476875224 0.0105971757252 0.0195711948752 0.0245558494768 0.0117458623327 0.376514828884 0.0599122649115 -0.00750390417658 0.013461562281 
0.0124482761435 -0.00203934271916 0.00930992449503 0.0535432492932 0.0173805707528 0.0198239987751 -0.0206748346177 0.0130032132762 -0.000870869788223 0.00531770849996 0.0179072287088 -0.005458824959 0.0159302339669 0.0215194465685 0.0116028634669 0.0168940987177 -0.00496874449371 0.0246820692789 0.0160896627004 0.0306225576328 0.0498272695181 0.010214770331 0.0253794035694 0.0327483277367 0.0269699722422 -0.00922608259954 -0.00565712658295 0.011508493325 -0.0100884904045 0.0382466609134 0.0955354690271 0.0432804953726 0.0104097993542 0.00116299411013 4.52305794128e-05 0.00495358078108 0.0599122649115 0.453525382339 0.0280183837786 0.0138406782044 
0.00198700524665 0.01027176542 0.0138952104194 0.024466857051 0.0120707123239 -0.00149020706347 0.00353064088452 -0.0131363774608 0.0321789441102 0.00946350862212 0.0265588175066 0.00420959355926 0.00971240481833 -0.00993861599199 0.0186788224109 0.0188821911881 0.01554285353 0.00316291190307 0.0295186621977 0.0139826452169 0.0104934156058 0.0140574609652 0.00825298302161 -0.00955270996981 0.0195083297746 -0.00544143143965 -0.010578553455 -0.0012349177341 0.0121527948251 0.016729963469 0.0301227153105 0.00841545803896 0.0201969504749 0.00408513019243 0.0276895476739 -0.0104435302732 -0.00750390417658 0.0280183837786 0.263479603108 0.0036268778585 
0.00270266002585 0.00136122368392 0.0411502742509 0.0146519588328 0.0259442033052 0.00866653585594 0.0106648583073 0.0127628140731 -0.00773665418002 0.00184724306157 0.00185325416762 0.0104415470337 0.0348672186019 0.0408505688651 -0.0127903159234 0.0330109016961 0.0317962748431 0.0204022949903 0.0484091981071 0.0500622261254 0.00139222463313 0.00856333829341 -0.00871733669036 7.24994826487e-05 -0.0119499103877 0.0152054970932 0.00774164477327 -0.00157885992905 0.0137047998624 0.0167487202494 0.0216989365607 0.0145103660645 0.0302832148727 0.0162266170576 0.0134454330461 0.0170165777893 0.013461562281 0.0138406782044 0.0036268778585 0.278910369372 
0.0105017290995 0.000704862693455 0.000825595312536 0.00181749172206 0.00115161476859 0.0012384129144 0.00138528859176 0.0029021967462 0.000513772721348 0.00014870603615 0.00174441177017 0.000572328570036 -0.000270411877571 -6.25076109436e-05 0.000651772591492 0.000645921362441 0.0016308017144 0.00178386520333 0.00177870817191 0.00195873712363 0.00121148342852 0.000499338030184 0.00269397659367 0.00169589190375 0.000207968542618 0.000511310383942 0.0020944152532 0.000732852312671 0.00112540401322 0.000975406434154 0.00118660988618 0.00226399995184 0.00244159275317 0.00185346881124 0.00118923426884 0.00217363168082 0.00136783832271 0.00107805233736 0.000172079702105 0.000234057224018 
0.000704862693455 0.0255841812516 0.0010089666623 0.0018424348181 0.000220658140956 0.00091479562849 0.00217907693641 0.000650271111953 0.00201047249626 -0.00059407288191 0.000637160480897 0.000210986000429 0.00130604696058 -0.000240609211501 0.00142228190611 0.00234739053665 0.000163233034522 0.000172048574001 0.00273995707409 2.00338827437e-06 0.000642350098131 0.00126832774748 0.000653118332942 0.000463739473221 0.00106059988909 0.000800298669202 0.00193444188289 0.0023600434513 0.000989094378722 -1.65285665819e-05 0.000454356131334 0.000655687668877 -0.000591637098182 0.000562459309577 -0.00120509267474 0.000774273983679 0.00123285179239 -0.000176612260181 0.000889560979539 0.000117885429051 
0.000825595312536 0.0010089666623 0.014633031889 0.000774774897569 0.0015192685747 0.000778283923606 0.000451561906785 0.00138165539696 0.00224203157709 0.000230856284715 0.000517761621021 0.000937307690586 0.00224267233776 0.00172180070993 0.000416157163718 0.00125495881577 0.0010276015422 0.000182852073735 8.19125983177e-05 0.00249586883005 0.00116186262162 0.000766232846453 0.000757564211556 0.00188787800792 0.00152298319096 0.00120182356674 0.00176155003828 0.000973422379206 0.00300899072852 -0.000575948722449 0.00220902064792 0.000229297961268 0.00172901838953 0.00134249873912 0.000857045880365 0.000895589014491 0.000851070932566 0.000806263112001 0.00120336052141 0.0035637182874 
0.00181749172206 0.0018424348181 0.000774774897569 0.0386342220504 0.00252210944896 0.00141304664938 0.00106254301888 0.00218840767596 -6.40500026879e-05 0.00126364653874 0.00234946407571 0.00195467861397 0.00274696953298 0.0021073433989 0.00356568117192 0.00456459661745 0.00448749803888 0.00134531538808 0.00593303371027 0.00502959150736 0.000395691152555 6.19095765268e-05 0.00236620736565 0.00280503303188 -0.000660462897015 0.00200743215647 0.00109989086509 0.00373258014924 0.00139721703148 0.00127822358507 0.00286465434077 0.00205155539384 -0.00222667035793 0.000437807457919 0.00272514143242 0.00173359819359 0.000353751779722 0.00463698140891 0.0021188919757 0.00126889685644 
0.00115161476859 0.000220658140956 0.0015192685747 0.00252210944896 0.0167099635648 0.00173325567804 0.00141535004483 0.000183076367714 0.00094020687251 0.00162373561163 0.00041063125498 0.000456054660833 0.00136773511194 0.0028608584489 -0.000791972681296 0.00105513553374 0.00219600010946 0.00297235321585 0.000336190636825 0.00115798247666 0.00466878590529 0.00114052070843 0.00136996923101 0.000596164138632 -0.000677855026192 0.000392554085309 0.00445802814256 0.00115216573356 8.2054175541e-06 0.00214320773164 0.00282188593885 0.00117369578814 0.00185152842957 0.00228015295468 0.00154650313804 0.000913813184211 0.00320030959718 0.00150520158042 0.00104535435142 0.00224683391432 
0.0012384129144 0.00091479562849 0.000778283923606 0.00141304664938 0.00173325567804 0.0126473930727 0.00288353269879 0.00417070220896 0.00192728512422 0.00194445292489 0.00224697320174 0.000247221786775 0.00139311897014 0.00109764300581 0.00191150651313 0.000595156565822 0.000675257559405 0.00168082888588 0.000953702512364 0.00212960506548 0.00174353944786 0.00164717671882 0.00346958582382 0.00129431627172 0.000257340688763 0.00236343151961 0.00392666041575 0.000321312384834 0.000468675656594 0.00251726789182 0.00183259245522 0.00239996655515 0.00203194162327 0.00167917062105 0.000512770565348 0.00289320466226 0.000515668249294 0.00171680865438 -0.000129055717387 0.000750544021406 
0.00138528859176 0.00217907693641 0.000451561906785 0.00106254301888 0.00141535004483 0.00288353269879 0.0229789133374 0.00245221627361 0.00228094755661 0.00176301493634 0.000679777566998 -0.00065734672198 0.00164394269944 0.00333753618416 0.00168320556371 0.00122779155043 0.00187438699131 0.000589134404239 -0.000847906107737 0.00161357599859 0.00324555352159 0.000533941787429 0.00209841867737 0.00103607527158 0.000689161609349 -0.000809957731491 0.00423522326604 -0.000947720609669 0.0012120294464 0.00115613318693 -6.65410608704e-05 -0.000328727421746 0.00107312811588 0.00215506012516 0.000963344773947 0.00427015099548 0.000810051612586 -0.0017904931998 0.000305762469763 0.000923603822191 
0.0029021967462 0.000650271111953 0.00138165539696 0.00218840767596 0.000183076367714 0.00417070220896 0.00245221627361 0.0148207826469 0.00143252216209 0.00287657386893 0.00171947976303 0.000861330155999 0.00301813827604 0.000563109229122 0.00132619072635 0.000648072882436 0.00119971509463 0.00194012987843 0.000631983076382 0.00353693948057 0.00205564019481 0.00163715692091 0.00129053679745 0.000705855641615 -0.00094749933329 0.000890443089282 0.00378230504312 -0.00139957723665 0.000653266933125 0.000604113363686 0.00278990096707 0.00190449283781 -0.000794063285039 0.00154587867713 0.00117756071959 0.00290977977303 -0.000297546629599 0.0011261113028 -0.00113764365947 0.00110529212111 
0.000513772721348 0.00201047249626 0.00224203157709 -6.40500026879e-05 0.00094020687251 0.00192728512422 0.00228094755661 0.00143252216209 0.03106506765 0.00403233088758 0.00144867936761 0.00189610142566 0.00115259461568 8.66386944472e-05 -0.000966635726068 -9.19532511246e-06 0.00233207110409 0.00319563662683 -0.00155849152077 0.0033509524083 0.00166906525807 0.000506129702362 0.00137580577338 -0.000678033573596 -0.000574484490056 -0.00113847962584 0.00735471508393 0.00170149086367 -0.000633776090678 0.00186568226909 0.00199482276171 0.000430786377698 0.000418498086528 0.000656396218761 -0.000632844311849 0.0024859927027 0.00113187729129 -7.5419535999e-05 0.00278677830664 -0.000670013906019 
0.00014870603615 -0.00059407288191 0.000230856284715 0.00126364653874 0.00162373561163 0.00194445292489 0.00176301493634 0.00287657386893 0.00403233088758 0.0186259972697 0.000368668945192 0.000461313628163 0.00216631140132 0.00112031883596 0.00133477829411 0.000422202778331 0.000503464337802 0.00238238392812 0.002534985166 0.00139522254302 0.000930808691748 0.00131180962459 0.00317881076541 0.000967888356344 0.000487191469467 0.000938184507449 0.00240843179412 0.00369482489192 0.00112697205474 0.000297380896553 0.000829227790869 0.00215639837367 0.000590844506663 0.0034243494479 0.00103814699996 0.00396222772604 0.000520803570693 0.000460527065088 0.000819563887569 0.000159975941828 
0.00174441177017 0.000637160480897 0.00051776162102 0.00234946407571 0.00041063125498 0.00224697320174 0.000679777566998 0.00171947976303 0.00144867936761 0.000368668945192 0.0196821854835 0.000579364144452 -0.000130599217347 -0.00121585128164 0.00032385690347 0.000987676452826 0.00084897928715 0.00178750856814 0.000123566716385 3.84994340481e-05 -2.56680325549e-05 0.00867374484707 0.000574779516724 0.00229621627111 0.00348892978288 -0.000220596350943 0.0015381744518 -1.24254603693e-05 0.00439873614461 -0.00091473927139 0.0029982931731 0.00124868367703 -0.000112598591096 -0.000141460717714 -0.000466033000364 0.00181137483523 0.000906677106082 0.00155081149732 0.00230006106552 0.000160496518883 
0.000572328570036 0.000210986000429 0.000937307690586 0.00195467861397 0.000456054660833 0.000247221786775 -0.00065734672198 0.000861330155999 0.00189610142566 0.000461313628163 0.000579364144452 0.0206079588152 0.00355353147161 0.000478164037742 0.00169143196664 0.00029063147437 0.00285837246443 -0.000630481815693 0.00158481354061 0.00143397974766 2.66040648288e-05 0.00128811152112 0.000685254414117 0.00262970597073 0.00234571370905 0.00186249243702 -0.000548206361409 0.00337306015626 -0.00134956682062 0.000662428389855 0.00149396446146 0.000651836747633 -0.000920727454261 0.00229233836873 0.00319365351553 0.00119499616872 0.000801508677573 -0.00047274810893 0.000364561496193 0.000904264498602 
-0.000270411877571 0.00130604696058 0.00224267233776 0.00274696953298 0.00136773511194 0.00139311897014 0.00164394269944 0.00301813827604 0.00115259461568 0.00216631140132 -0.000130599217347 0.00355353147161 0.0178997200714 0.00457805494651 0.00157534945669 0.00185671604735 0.00216783332433 0.00135015505312 0.00289940312065 0.00383988914108 0.00551157570432 0.00201195559988 0.00159324040408 0.00133678483311 0.0023761230726 0.000399713332167 0.0016319069339 0.00454214599758 0.00150121065815 0.00174010041187 0.00305310990425 0.00237349497126 0.000622733778511 0.00260600614025 0.00392836024856 0.00210359466404 0.00183401279463 0.00137959873036 0.000841118930451 0.00301958970685 
-6.25076109436e-05 -0.000240609211501 0.00172180070993 0.0021073433989 0.0028608584489 0.00109764300581 0.00333753618416 0.000563109229122 8.66386944472e-05 0.00112031883596 -0.00121585128164 0.000478164037742 0.00457805494651 0.0212174690689 0.00240965247827 0.00134664022827 0.00182454849644 0.00155744576423 0.00312003393128 0.00597741891589 0.00286324356418 0.00209158447679 0.00178194063707 0.0032717752825 0.00391043189252 0.00525356454823 0.0010362421897 0.00390551805575 0.00150288236136 0.00160414964851 0.00191349119889 0.00305037094437 -0.00131497676056 0.002922930491 0.00177999217251 0.00179232621579 0.00281243135202 0.00186363874037 -0.000860709392753 0.00353776303963 
0.000651772591492 0.00142228190611 0.000416157163718 0.00356568117192 -0.000791972681296 0.00191150651313 0.00168320556371 0.00132619072635 -0.000966635726068 0.00133477829411 0.00032385690347 0.00169143196664 0.00157534945669 0.00240965247827 0.0240631144512 0.0040561958491 0.00184256328096 0.00121819014481 -0.00059064535698 0.00460523007708 0.00116721579798 -0.000464063426428 0.00298348779319 0.000387911047737 0.00140511482011 -0.00185445529704 0.000934573820417 0.00148766151477 0.000215194501546 0.00223553056847 0.00222641732111 0.00258581282319 0.00141120685131 0.00162576161872 0.00306713998475 0.000710408787669 0.00124624308455 0.0010048374519 0.00161763347206 -0.00110767385121 
0.000645921362441 0.00234739053665 0.00125495881577 0.00456459661745 0.00105513553374 0.000595156565822 0.00122779155043 0.000648072882436 -9.19532511246e-06 0.000422202778331 0.000987676452826 0.00029063147437 0.00185671604735 0.00134664022827 0.0040561958491 0.0178562072312 0.0011948000124 -0.000504107918604 0.0020331175816 0.00389198083152 0.00207158317318 0.0013127596503 0.0013538625188 -0.000748172978089 0.000319552821699 -0.000224104253581 0.00101619024136 0.00128445770637 0.00102924732752 0.00194773341085 0.00346925517217 -4.86578276225e-05 0.00198695973957 0.00126379900055 0.00245273986561 0.0010518171196 0.000696934320514 0.00146307186636 0.0016352457248 0.00285882794707 
0.0016308017144 0.000163233034522 0.0010276015422 0.00448749803888 0.00219600010946 0.000675257559405 0.00187438699131 0.00119971509463 0.00233207110409 0.000503464337802 0.00084897928715 0.00285837246443 0.00216783332433 0.00182454849644 0.00184256328096 0.0011948000124 0.0359911262017 -0.000134207757724 0.00904358589945 0.00963449259323 0.00153553514031 0.000317402459591 0.00315436821596 0.000750641092411 0.000922812764085 0.0132628881747 0.000692162413902 0.00720740067774 -8.6852077876e-06 0.00105948045571 3.1106363389e-05 0.00127872611827 0.000815912853499 7.02178211327e-05 0.0089048676214 0.00104973720448 0.000275885391247 -0.000430305895646 0.00134605060043 0.00275363817598 
0.00178386520333 0.000172048574001 0.000182852073735 0.00134531538808 0.00297235321585 0.00168082888588 0.000589134404239 0.00194012987843 0.00319563662683 0.00238238392812 0.00178750856814 -0.000630481815693 0.00135015505312 0.00155744576423 0.00121819014481 -0.000504107918604 -0.000134207757724 0.021446835398 -0.0012741461455 0.00168178965594 0.0018992099378 0.00264829864311 0.00175161888109 0.000835522100336 -1.25153743491e-05 0.000841819836135 0.00468381789077 -0.00157112180655 5.27205982789e-05 0.00254451479187 0.00320115409432 0.00498770842328 0.0004647273936 0.000966907271792 0.00143682570522 0.0006597738207 0.00215392377778 0.00213752990135 0.000273916205799 0.00176689057571 
