20
0.11775000089 0.124759587163 0.0172523696575 -0.00648668223639 0.00238062118955 0.0669670800901 0.0315088302779 0.00646873977314 0.0358059899839 -0.0142899737039 0.115739319126 0.0189508527873 0.0070666509449 0.0300114281637 0.034888990542 0.105790500039 0.0449819155318 0.00839736130492 0.142595623168 0.110955558587 
0.897640894411 0.0169473550575 0.028166824542 0.0100540029104 0.035151409798 0.031636622792 0.0535521927247 0.0404798527061 0.0281506586252 -0.00858880241031 0.138007957858 0.0038527203108 -0.0180877792971 0.0276056758259 0.0294156649956 0.00428470183714 0.0100433195499 0.0573777123905 0.0406884804054 0.00269108560829 
0.0169473550575 0.346704055576 -0.0185005318797 0.0324316948599 0.0206580936637 0.0223541411176 0.0185750786531 0.0250217572087 0.0127856270159 -0.00760870145664 0.0177394317675 0.0453471204315 0.000394088998492 0.0131681868402 0.0203625137561 0.0194361296511 0.0367287323258 0.0280777190342 0.0426758332513 -0.000629015811131 
0.028166824542 -0.0185005318797 0.203660071225 0.0135982855933 0.0100809998207 0.0110193923455 0.0171558353014 0.0282310500554 0.0140707113341 0.00365818094198 0.0256788216136 0.00211392667771 -0.00493680480183 0.00892946157388 0.0228315759674 0.0119835900943 0.0171952955576 0.00937864198229 0.0272546338604 0.00124007151843 
0.0100540029104 0.0324316948599 0.0135982855933 0.270823218831 0.00162071801967 0.000590094514233 0.0267631108262 0.00959225076121 0.0134147486954 0.0097289496158 0.0462882301843 0.00304951986541 0.0192185282699 0.0139261246449 0.0132594307451 -0.000789510027008 0.0107755683189 0.0126955535757 0.0252140806463 0.0284822858703 
0.035151409798 0.0206580936637 0.0100809998207 0.00162071801967 0.135663918173 -0.00267233023002 0.0129189447661 0.0195838272413 0.0541242068393 0.0164817961156 0.0317465049432 0.00297608513152 0.00406213209131 0.0266451732819 0.0207181188203 0.0165687850749 0.0235890655029 0.0248098662279 0.0275104474845 0.0149150230573 
0.031636622792 0.0223541411176 0.0110193923455 0.000590094514233 -0.00267233023002 0.262808405429 0.040254643682 0.034817803144 -0.0137273236203 0.0312220138115 0.0278660137679 -0.00789136061294 0.0166596610322 0.0271831899841 0.0046296331588 0.0389437789345 0.0333068889978 0.0274200246893 -0.00885979406052 0.0320202567305 
0.0535521927247 0.0185750786531 0.0171558353014 0.0267631108262 0.0129189447661 0.040254643682 0.238779518432 0.0301991398093 0.0394643951251 0.0412275615323 0.0256245343663 0.0186243420311 0.00296406875029 0.0550158817278 0.0316676993926 0.0253865016202 0.0324434579261 0.0165894285257 0.0340539726533 0.0128236878577 
0.0404798527061 0.0250217572087 0.0282310500554 0.00959225076121 0.0195838272413 0.034817803144 0.0301991398093 0.188599886995 0.0130868687388 0.0297779472637 0.0309351559853 -0.00653299881137 0.0145836092706 0.0508716278128 0.0159526597865 0.041771789498 0.0594567531605 0.0355655265752 0.0347898323516 0.0281243807231 
0.0281506586252 0.0127856270159 0.0140707113341 0.0134147486954 0.0541242068393 -0.0137273236203 0.0394643951251 0.0130868687388 0.230872295118 0.0199576236673 0.0417976241767 0.0160201124818 0.00288308017499 0.0235467526928 0.0258057534231 0.0155437023401 0.0288942254205 0.0237060888333 0.0176916174081 0.00757039085019 
-0.00858880241031 -0.00760870145664 0.00365818094198 0.0097289496158 0.0164817961156 0.0312220138115 0.0412275615323 0.0297779472637 0.0199576236673 0.191662469653 0.0292930588983 0.0102857730328 0.0236295367615 0.0121598417127 0.0178091525688 0.0217189717985 0.017959406338 0.00986353035438 0.0284643189081 0.0122640710647 
0.138007957858 0.0177394317675 0.0256788216136 0.0462882301843 0.0317465049432 0.0278660137679 0.0256245343663 0.0309351559853 0.0417976241767 0.0292930588983 0.345869420126 0.0108234195328 0.0214166238378 0.0417533873721 0.0206681334631 -0.0312959394969 0.0384333717135 0.0332348728986 0.0028044360848 0.053028531299 
0.0038527203108 0.0453471204315 0.00211392667771 0.00304951986541 0.00297608513152 -0.00789136061294 0.0186243420311 -0.00653299881137 0.0160201124818 0.0102857730328 0.0108234195328 0.401109896106 0.0184057621489 -0.00088683287984 0.0144528057812 -0.0294904897255 -0.00164259953069 0.020099281518 0.054310048559 -0.00910231997226 
-0.0180877792971 0.000394088998492 -0.00493680480183 0.0192185282699 0.00406213209131 0.0166596610322 0.00296406875029 0.0145836092706 0.00288308017499 0.0236295367615 0.0214166238378 0.0184057621489 0.183980645808 -0.00160518410918 0.00272333534266 0.0232242772821 0.0107874785035 0.021433188223 -0.00430427262816 0.0244695558071 
0.0276056758259 0.0131681868402 0.00892946157388 0.0139261246449 0.0266451732819 0.0271831899841 0.0550158817278 0.0508716278128 0.0235467526928 0.0121598417127 0.0417533873721 -0.00088683287984 -0.00160518410918 0.210996953803 0.0187864352066 0.012834368975 0.0377853217773 0.0266104654881 0.0356959195779 0.0409662832629 
0.0294156649956 0.0203625137561 0.0228315759674 0.0132594307451 0.0207181188203 0.0046296331588 0.0316676993926 0.0159526597865 0.0258057534231 0.0178091525688 0.0206681334631 0.0144528057812 0.00272333534266 0.0187864352066 0.157404470065 0.0185787156888 0.0207701612638 0.0180359451981 0.0035083054106 0.0122068151012 
0.00428470183714 0.0194361296511 0.0119835900943 -0.000789510027008 0.0165687850749 0.0389437789345 0.0253865016202 0.041771789498 0.0155437023401 0.0217189717985 -0.0312959394969 -0.0294904897255 0.0232242772821 0.012834368975 0.0185787156888 0.550830070413 0.0111647021698 0.0197440498423 0.0113915808293 -0.00708897316531 
0.0100433195499 0.0367287323258 0.0171952955576 0.0107755683189 0.0235890655029 0.0333068889978 0.0324434579261 0.0594567531605 0.0288942254205 0.017959406338 0.0384333717135 -0.00164259953069 0.0107874785035 0.0377853217773 0.0207701612638 0.0111647021698 0.227169668177 0.0233418697751 0.040076491961 0.0404088216037 
0.0573777123905 0.0280777190342 0.00937864198229 0.0126955535757 0.0248098662279 0.0274200246893 0.0165894285257 0.0355655265752 0.0237060888333 0.00986353035438 0.0332348728986 0.020099281518 0.021433188223 0.0266104654881 0.0180359451981 0.0197440498423 0.0233418697751 0.142801001864 0.0438362951264 0.0470964908244 
0.0406884804054 0.0426758332513 0.0272546338604 0.0252140806463 0.0275104474845 -0.00885979406052 0.0340539726533 0.0347898323516 0.0176916174081 0.0284643189081 0.0028044360848 0.054310048559 -0.00430427262816 0.0356959195779 0.0035083054106 0.0113915808293 0.040076491961 0.0438362951264 0.472224312322 0.027913433555 
0.00269108560829 -0.000629015811131 0.00124007151843 0.0284822858703 0.0149150230573 0.0320202567305 0.0128236878577 0.0281243807231 0.00757039085019 0.0122640710647 0.053028531299 -0.00910231997226 0.0244695558071 0.0409662832629 0.0122068151012 -0.00708897316531 0.0404088216037 0.0470964908244 0.027913433555 0.498374888234 
0.0777379818035 0.00146768400067 0.00243931855973 0.000870702193015 0.00304420138639 0.00273981190278 0.00463775593279 0.00350565807849 0.00243791855027 -0.000743812107541 0.011951839743 0.000333655366283 -0.00156644763694 0.00239072165539 0.00254747131554 0.00037106606386 0.000869776986854 0.00496905565412 0.00352372576725 0.000233054850053 
0.00146768400067 0.0300254519724 -0.00160219305914 0.00280866716365 0.00178904339065 0.00193592540876 0.00160864899908 0.002166947739 0.00110726777991 -0.000658932875126 0.00153627985594 0.00392717582821 3.41291084046e-05 0.00114039843254 0.00176344541977 0.00168321820291 0.00318080152429 0.00243160179639 0.00369583557233 -5.44743671822e-05 
0.00243931855973 -0.00160219305914 0.0176374795418 0.00117764607717 0.000873040194026 0.000954307370543 0.00148573891941 0.00244488065235 0.00121855934647 0.00031680776274 0.00222385118566 0.000183071420464 -0.000427539837191 0.00077331405651 0.00197727247962 0.00103780934502 0.00148915627785 0.000812214220966 0.00236032052939 0.000107393343747 
0.000870702193015 0.00280866716365 0.00117764607717 0.0234539787443 0.000140358297741 5.1103683996e-05 0.00231775338598 0.000830713283868 0.00116175131556 0.000842551751942 0.00400867832358 0.000264096167279 0.00166437337051 0.00120603777188 0.0011483003865 -6.83735739931e-05 0.00093319159044 0.00109946719117 0.00218360343728 0.00246663831215 
0.00304420138639 0.00178904339065 0.000873040194026 0.000140358297741 0.0117488399515 -0.00023143058665 0.00111881343576 0.00169600918943 0.00468729380825 0.00142736541361 0.00274932797622 0.000257736532772 0.00035179095846 0.00230753969504 0.0017942417217 0.00143489887847 0.0020428729977 0.00214859744178 0.00238247463911 0.00129167888657 
0.00273981190278 0.00193592540876 0.000954307370543 5.1103683996e-05 -0.00023143058665 0.022759875543 0.00348615440489 0.00301531020267 -0.00118882109811 0.0027039057118 0.00241326758252 -0.000683411876123 0.00144276896723 0.00235413330821 0.000400937992572 0.00337263018766 0.00288446119931 0.00237464379533 -0.000767280672871 0.00277303557643 
0.00463775593279 0.00160864899908 0.00148573891941 0.00231775338598 0.00111881343576 0.00348615440489 0.0206789128866 0.00261532222473 0.00341771687233 0.00357041156231 0.00221914977214 0.00161291533277 0.000256695883632 0.00476451511879 0.00274250321534 0.00219853553163 0.00280968587507 0.00143668665375 0.00294916054176 0.0011105639455 
0.00350565807849 0.002166947739 0.00244488065235 0.000830713283868 0.00169600918943 0.00301531020267 0.00261532222473 0.0163332293288 0.00113335607838 0.00257884588029 0.00267906309533 -0.000565774293354 0.00126297761072 0.00440561220177 0.00138154086331 0.00361754308668 0.00514910586635 0.00308006495131 0.00301288786099 0.00243564281719 
0.00243791855027 0.00110726777991 0.00121855934647 0.00116175131556 0.00468729380825 -0.00118882109811 0.00341771687233 0.00113335607838 0.0199941272602 0.00172838090951 0.00361978043549 0.00138738243807 0.000249682067269 0.00203920860086 0.00223484380282 0.00134612410954 0.00250231332368 0.0020530075154 0.00153213901094 0.000655615079284 
-0.000743812107541 -0.000658932875126 0.00031680776274 0.000842551751942 0.00142736541361 0.0027039057118 0.00357041156231 0.00257884588029 0.00172838090951 0.0165984567671 0.00253685331605 0.000890774074395 0.00204637791151 0.00105307318292 0.00154231785445 0.00188091813216 0.00155533021256 0.000854206785789 0.00246508232759 0.00106209970959 
0.011951839743 0.00153627985594 0.00222385118566 0.00400867832358 0.00274932797622 0.00241326758252 0.00221914977214 0.00267906309533 0.00361978043549 0.00253685331605 0.0299531704221 0.00093733562712 0.00185473403069 0.00361594941583 0.00178991286279 -0.00271030786396 0.0033284276257 0.00287822442217 0.000242871289273 0.00459240552303 
0.000333655366283 0.00392717582821 0.000183071420464 0.000264096167279 0.000257736532772 -0.000683411876123 0.00161291533277 -0.000565774293354 0.00138738243807 0.000890774074395 0.00093733562712 0.0347371359737 0.0015939857597 -7.68019802852e-05 0.00125164969624 -0.00255395132723 -0.000142253292182 0.00174064883924 0.00470338817329 -0.000788284032935 
-0.00156644763694 3.41291084046e-05 -0.000427539837191 0.00166437337051 0.00035179095846 0.00144276896723 0.000256695883632 0.00126297761072 0.000249682067269 0.00204637791151 0.00185473403069 0.0015939857597 0.0159331913075 -0.00013901302163 0.000235847758977 0.00201128141108 0.000934223042682 0.00185616854852 -0.00037276094408 0.00211912569482 
0.00239072165539 0.00114039843254 0.00077331405651 0.00120603777188 0.00230753969504 0.00235413330821 0.00476451511879 0.00440561220177 0.00203920860086 0.00105307318292 0.00361594941583 -7.68019802852e-05 -0.00013901302163 0.0182728722114 0.00162695301355 0.00111148895739 0.00327230485493 0.00230453391192 0.00309135731659 0.00354778420043 
0.00254747131554 0.00176344541977 0.00197727247962 0.0011483003865 0.0017942417217 0.000400937992572 0.00274250321534 0.00138154086331 0.00223484380282 0.00154231785445 0.00178991286279 0.00125164969624 0.000235847758977 0.00162695301355 0.0136316269746 0.00160896397562 0.00179874872951 0.00156195867228 0.000303828160982 0.00105714119769 
0.00037106606386 0.00168321820291 0.00103780934502 -6.83735739931e-05 0.00143489887847 0.00337263018766 0.00219853553163 0.00361754308668 0.00134612410954 0.00188091813216 -0.00271030786396 -0.00255395132723 0.00201128141108 0.00111148895739 0.00160896397562 0.0477032834146 0.000966891570473 0.0017098848737 0.000986539838741 -0.000613923084791 
0.000869776986854 0.00318080152429 0.00148915627785 0.00093319159044 0.0020428729977 0.00288446119931 0.00280968587507 0.00514910586635 0.00250231332368 0.00155533021256 0.0033284276257 -0.000142253292182 0.000934223042682 0.00327230485493 0.00179874872951 0.000966891570473 0.019673470361 0.0020214652197 0.00347072601328 0.00349950660458 
0.00496905565412 0.00243160179639 0.000812214220966 0.00109946719117 0.00214859744178 0.00237464379533 0.00143668665375 0.00308006495131 0.0020530075154 0.000854206785789 0.00287822442217 0.00174064883924 0.00185616854852 0.00230453391192 0.00156195867228 0.0017098848737 0.0020214652197 0.01236692953 0.00379633451872 0.0040786757483 
0.00352372576725 0.00369583557233 0.00236032052939 0.00218360343728 0.00238247463911 -0.000767280672871 0.00294916054176 0.00301288786099 0.00153213901094 0.00246508232759 0.000242871289273 0.00470338817329 -0.00037276094408 0.00309135731659 0.000303828160982 0.000986539838741 0.00347072601328 0.00379633451872 0.0408958250755 0.00241737425654 
0.000233054850054 -5.44743671822e-05 0.000107393343747 0.00246663831215 0.00129167888657 0.00277303557643 0.0011105639455 0.00243564281719 0.000655615079284 0.00106209970959 0.00459240552303 -0.000788284032935 0.00211912569482 0.00354778420043 0.00105714119769 -0.000613923084791 0.00349950660458 0.0040786757483 0.00241737425654 0.0431605313819 

['AVP', 'BNI', 'SLM', 'TIN', 'ED', 'COST', 'MAS', 'BBT', 'SRE', 'CCU', 'CVH', 'SLR', 'IBM', 'NCC', 'PG', 'AOC', 'MEL', 'GPC', 'FSL.B', 'HSP']