60
0.00388664565626 0.087070388143 0.036872425502 0.0607700526619 0.0615160923796 0.0194782181544 0.424855775916 0.0251356843311 0.0749299903321 0.0150252709272 0.201887649263 0.332832739506 0.0331605059077 0.131188957491 0.0609589558998 0.0538940625226 0.0493961611292 0.176385145314 0.0315903614714 0.18030920859 0.165275344352 0.0370780174455 0.0403512104362 0.0203567883068 0.0230030392576 0.143553651187 0.0070666509449 0.151477321577 0.0963264580192 0.142251168296 0.0940944116816 0.0946597506959 0.0422860283868 0.0842142990337 0.0506132512338 -0.00139328324831 0.0797862135264 0.399937027552 0.0541634245192 0.0214629747746 0.0771685990004 0.134581744136 0.0756818342608 -0.0148687542544 0.0136100125143 0.139274044211 0.204332601919 0.12260521459 0.070995024039 0.0205855922537 0.135848421796 0.105790735219 0.0617018630506 0.0146033592013 0.022775665512 -0.00648668223639 0.0436793340255 0.0429486266904 -0.00168409401267 0.126841392599 
0.209979318259 0.00338875300534 0.0209487182222 0.0118327596001 0.00533009349102 0.00286865948245 -0.0137735887226 0.0038107971379 0.016251636874 0.0110553739646 0.00579170186274 0.0132831031414 0.0465808153142 0.0194353272583 0.022550766334 -0.0128487415902 0.0145867445753 0.0234535345375 0.0234651340206 0.023419811652 -0.00852851237769 0.00814448301387 -0.00168823697568 -0.0113808489931 0.000306943532014 0.0252271825249 0.00922786167456 0.0222628715435 0.0135982352778 0.0689831783114 0.00879161039828 0.0223612212651 -0.00597300443014 0.00779596488908 -0.00793663302105 0.00789016469237 0.0106749622539 0.0381640568967 -0.00800767708128 0.0247213156462 0.0333198485042 -0.009062492308 0.008785059881 0.0510748358431 0.0165660817858 0.00779651041758 0.00423184356592 0.0129332497904 0.0465555584699 0.000783907496142 0.0164312890697 0.0151584600165 -0.000855142748601 0.00104990440694 0.0151118439842 0.00540808182713 0.0399500760844 0.00605703493609 -0.00937164421191 0.00041208354503 
0.00338875300534 0.595519740252 0.0167223688902 0.000141201153763 0.0354105983514 0.0260396812485 -0.0106856581353 -0.00979272007819 -0.00862311199367 0.00509119567639 0.04679388 0.0150850804994 0.00939582205627 0.0838682424751 0.0104695687198 0.042319088396 -0.000441362376226 0.000817968820215 0.0181824665536 0.0163575924223 -0.00477269918726 0.00361190749789 0.0259711327717 0.0295988317407 -0.0121674520895 0.012991230755 0.00139466875098 0.034738901485 0.0197702052221 0.00572395518548 0.0220178120907 -0.0126252596441 0.00521407831304 0.0973106143902 -0.00196372679754 0.0094049715569 0.0203575964999 0.0302159378337 0.0111875233533 -0.000989748850296 0.0226429190624 0.0177341557497 0.00630201295005 0.0129790994284 0.00796050467037 0.0886420474166 0.0120863118454 0.00389792508481 -0.0121296899731 0.0126228223262 0.0190164103455 0.0541565546817 0.0436993094073 -0.00577269806709 0.0363897036416 0.0325564636211 0.00559868142086 0.0383540466101 0.00365850705046 -0.000924395829262 
0.0209487182222 0.0167223688902 0.165030906402 0.00168254744228 0.0191519111405 0.0239756615111 0.0187167854161 0.0081089062014 0.0197393604703 0.0135540823551 0.0218837641432 0.00523108565928 0.0116930245978 0.00663910934502 0.015478402588 -0.0179295454765 0.016503237765 0.0221539184116 0.00856446664997 0.00135294523507 -0.00730652060637 0.0447589533083 0.0100120974612 0.0188405018407 0.0212327978043 0.00520176134893 -0.0102259781264 0.00427770602801 0.0201089996282 0.00692902994122 -0.000319661861431 0.0013178204886 -0.00453008971604 0.00694885567883 0.0177631705077 -0.00295895172928 0.0194598620743 0.0213221991792 0.00686738618302 0.00893650654604 0.0153150061753 0.0190926436181 0.00607793834114 0.0128598777007 -0.00824872276437 0.00959221714169 -0.0201392425909 0.0207165200622 0.01550699878 -0.0102508734557 -0.0024455120435 0.00813641758675 0.0369146152202 0.00098500130076 0.0230633921066 0.0214073353684 0.0242651075673 -0.00620521288366 0.00976871819538 -0.0269111625901 
0.0118327596001 0.000141201153763 0.00168254744227 0.231200156547 0.00202349681288 0.0183640283939 -0.00168490480699 0.0102159117597 0.0101855619941 0.0166513249735 0.0765762553768 0.0327832995172 -0.0104782652002 -0.00154967706323 0.0192672236338 -0.0185234647494 0.0148298807412 0.0364385949321 0.00932775003502 0.0102667685584 -0.00639699700655 0.0176352014928 0.0146997578204 0.00904057495673 0.0104286905439 0.0502093138923 0.011564041917 0.0338088517811 0.0159237214022 0.0149010292583 0.0200532262786 0.00721125462857 -0.0041496365149 0.0585532975726 0.0150043509364 0.0161514497512 0.017009077242 0.0695087815231 0.0230624872997 0.00989803231455 0.0137054010602 0.038007799624 0.00299123597203 0.00229885907744 0.00868202756994 0.1000370498 0.0480876342342 0.00709160016572 0.0296854592996 -0.000662552562735 -0.00322869049496 0.00856090154278 0.00667457323703 0.00307464059512 0.0133602679573 0.0166776130974 0.0105622038716 0.00747614755937 0.00705208163831 -0.0219886544745 
0.00533009349101 0.0354105983514 0.0191519111405 0.00202349681289 0.160345006213 0.0289904712125 0.00264667841014 0.0259149749674 0.0251880891875 0.0222590896817 -0.0119019543674 0.02799741158 0.00242930671038 0.0538190991986 0.00909812582819 -0.015418143726 0.0106610079713 0.027357423582 0.03185030845 0.0287209272206 0.00140435358226 0.0125045319534 0.0189529855563 0.00749234765062 0.0289528382579 0.00985400052491 0.00324856387982 0.0134803813719 0.0177388921881 0.00692465907497 0.0181319636151 0.033425655061 0.0244270158823 0.0316298608988 0.0287016281532 0.0209289289048 0.0296655735039 0.00581447222026 0.0206151358326 0.00618183261457 0.0227598869506 0.0278916181399 0.0205402459527 0.00283966772377 0.00319460063584 0.029912285165 -0.00479836843787 0.0527777304954 0.024124074425 0.0107620289344 0.0228927337688 0.0227761483993 -0.00390224779716 0.00865665076913 0.0206876226208 0.0207827658082 0.00909475133745 -0.00385766015376 0.0120577306912 -0.00546612770814 
0.00286865948245 0.0260396812485 0.0239756615111 0.0183640283939 0.0289904712124 0.144171052511 0.0105886087413 0.0303044441682 0.0225043891532 0.031694114722 -0.00340712011761 -0.00284068781037 0.018961505016 0.0358659119697 0.0174363429047 0.00208648899776 -0.00793362783785 0.0183950232154 0.0296144121977 0.012606793949 0.0209900640779 0.0303825594804 0.0029990353517 0.0366594375843 0.0444730874898 0.0186248079351 -0.00695609204226 0.00834051594928 0.0432527822555 0.0208133418632 0.0162749564096 0.00215189781035 0.0154206087859 0.0237181883363 0.0527697946728 0.014496671473 0.023472381677 0.0247368781443 0.0202426777129 0.0129406159201 0.0246546275678 0.03002443777 0.0208817074103 0.010314126971 -0.0110772911094 0.0127739314267 -0.00498257525013 0.0283357207332 0.0278854630376 0.011655655556 0.00782127420585 0.0124227105568 0.0189334640079 -0.000322899974095 0.0237430218558 0.00164488338377 0.0190821411319 0.0175082874559 -0.000124842963113 0.0153418207571 
-0.0137735887226 -0.0106856581353 0.0187167854161 -0.00168490480699 0.00264667841014 0.0105886087413 3.74586599689 0.00290472469664 0.0197238222077 0.0220937287089 0.00446009756222 0.0140108771398 0.00894976540493 -0.0303405246901 -0.0021108208413 0.0068676837895 -0.0101861765827 0.0412943893229 0.0034887730948 -0.000582719367499 -0.013609815286 0.00474690061105 0.00381094926927 0.0358309691699 0.008516792005 0.0399676565592 0.00387768735585 -0.0255110396794 0.0135468616478 0.126260777434 0.020135349859 0.0476365715022 0.00729342237564 0.0288452090426 0.00795001621364 -0.00742974936645 0.0177568032392 -0.0143478072055 -0.00549424653944 -0.0161297418935 -0.00228692934359 0.0358640054535 -0.00869406530205 0.0104795058469 -0.0162849608924 0.00546586943964 0.0717143073763 0.0242757598576 -0.00508194108435 0.0017303203876 -0.0232835127092 0.0131549040603 -0.00143169500334 0.0345372985223 -0.00857393417652 -0.0248644880921 -0.0129633661051 0.00378105984515 -0.00826055601646 -0.00811384068165 
0.0038107971379 -0.00979272007819 0.00810890620141 0.0102159117597 0.0259149749674 0.0303044441682 0.00290472469664 0.115700415363 0.00151653123352 0.0217041436468 0.00219812403564 0.0166745015728 0.0126369186854 0.0129845412456 0.0216267658297 0.00392003452963 -0.00431119229004 0.0182449276522 0.0239315641476 0.00297137983705 0.00293811361619 0.00667653473581 0.0039442739259 0.0319252767367 0.0407904354406 0.0231800557896 0.00721384468125 0.0110731566607 0.0144230652302 0.0101322308529 0.00507733609952 0.000607400692132 0.018732368663 0.0114869692882 0.0301747550712 0.00768521340966 0.0276935306047 0.00579482265891 0.010589936122 -0.00333192804805 0.0179639743433 0.0105392210386 0.00937856580881 0.00937676217577 0.0150480216209 0.0125831813932 0.00234639326849 0.0192259791762 0.00817105473502 0.0180608885068 0.00703815167354 0.0152568030331 0.00213576814913 0.00883252319011 0.0215681384102 0.0155313080255 0.00672114404773 -0.00675025061643 0.0182230009207 -0.00598973458109 
0.016251636874 -0.00862311199367 0.0197393604703 0.0101855619941 0.0251880891875 0.0225043891532 0.0197238222077 0.00151653123351 0.408690151654 0.000316302160318 -0.00367676141084 0.0374870296331 0.0186769825258 0.0248786488875 0.0367023318843 0.0299566193753 0.102172361539 0.0312651745683 0.0173135701115 0.0408462506932 -0.0244416415525 0.0315782310608 0.0357147549194 0.00613698137279 0.00639921462111 0.0352264974899 0.0303028861677 0.00495307726375 0.0102279470243 0.00664204429995 0.0387007387816 0.0169247053996 0.041352908604 0.0247391727218 0.0268920250631 0.0412315168827 0.0188554560134 0.000267947256229 0.0482501393502 -0.00871301946303 0.0319926434004 0.00546555549683 0.011881626241 0.0157774160343 -0.00894199678947 0.0471958005944 -0.0258221889058 0.0508918830945 -0.00609717812333 0.00645202151647 0.064163824159 -0.00983630488853 0.000817723614873 -0.00771546793492 0.0271494799044 0.0326499553115 0.0204374657475 0.0129357024057 0.00206913453546 0.0136606334818 
0.0110553739646 0.00509119567639 0.0135540823551 0.0166513249736 0.0222590896817 0.031694114722 0.0220937287089 0.0217041436468 0.000316302160315 0.1584984765 -0.00726968980585 0.0204108863111 0.0150648671673 0.0237921668875 0.0137677109889 -0.00651115103857 -0.00532148776269 0.00342582243654 0.00692148041977 0.025848138522 0.0409853813277 0.0185358586849 0.0152634833326 0.0296066640822 0.0271219426091 0.0440248864185 0.00857432794519 0.0241383557767 0.0173056707372 0.00996596185796 0.0222429419623 0.0222807366301 0.0193372376139 0.00456989195107 0.0332034555769 0.00245765058643 0.035262153052 0.039907936941 -0.001581595464 0.000305995338657 0.0188954205238 0.0296081051088 0.0095706123033 -0.000181908440361 0.0181006103658 0.0237670858818 -0.0262349472989 0.017244312112 0.0372928277625 6.76459362921e-05 0.0143187226005 0.0186751071475 0.0153300758884 0.0190127945356 0.0253058450792 0.00221067189146 0.0112002770993 0.0170237720842 0.0121470281964 0.00854188750371 
0.00579170186275 0.04679388 0.0218837641432 0.0765762553768 -0.0119019543674 -0.00340712011761 0.00446009756222 0.00219812403564 -0.00367676141084 -0.00726968980584 0.770011253328 -0.00779214093173 -0.020530390465 0.0110859150049 0.0158824716497 0.0232531961487 0.0111700866694 0.0187533363175 0.0238662231393 -0.0134997704335 0.000507498190059 -0.0103338575954 0.0242789448174 0.0114473424103 0.0101153138634 0.0852575177022 0.0107817717829 -0.0250355300164 0.00860852097164 0.0271333961057 0.0239247444644 0.0401783079387 0.0112790589235 0.0320576358954 -0.00826037520605 0.0197875585261 -0.0229086991472 0.0620252634978 0.00387376846783 0.0042820851327 0.0128031053926 -0.00216033318395 -0.0037546742606 -0.00387318478086 0.0132982214945 0.036003388557 0.0257250309468 -0.0153809463909 -0.00182689883416 -0.0111418300165 0.00950030498142 0.0284362255746 -0.00412329577575 0.028435396101 0.0218401674784 0.00493521586666 0.0192989316905 -0.0106109777056 0.0184142634054 0.0108001742149 
0.0132831031414 0.0150850804994 0.00523108565928 0.0327832995172 0.02799741158 -0.00284068781037 0.0140108771398 0.0166745015728 0.0374870296331 0.0204108863111 -0.00779214093173 0.518220803278 0.0255196218046 -0.0042652002738 0.00974197189649 0.000543247418914 -0.00520517722469 0.0566758564364 0.0205033050883 0.0261945392297 -0.0223944023797 0.0149229635697 0.0197581511153 0.0299846112506 0.016423693128 0.0143794091623 -0.00825904939187 0.0204193912286 -0.0187217698208 -0.00347203725766 0.0545229114502 0.0156293965982 0.0140718119031 -0.00230366183576 0.0360380049257 -0.016763819043 0.0113698850363 0.0256350907266 0.000978899765372 0.0104488138412 0.0131515445201 0.0215880302737 0.0370611140189 0.0170798051079 0.00646021870006 0.0496270728346 0.00642155023264 0.0266700360198 0.00576025171281 -0.00280270101878 0.0100839159424 -0.00995029784435 0.00201958656441 0.0187129404791 0.00301288715009 0.00616358959969 0.0137405135329 0.011055686747 0.0197281353047 0.00258573055615 
0.0465808153142 0.00939582205626 0.0116930245978 -0.0104782652002 0.00242930671035 0.018961505016 0.00894976540493 0.0126369186854 0.0186769825258 0.0150648671673 -0.020530390465 0.0255196218046 0.13367894568 0.0114166771584 0.00521528718102 0.00733715242876 0.0130605705271 0.0287773001713 0.0171352791754 0.0266639171321 -0.0190483663558 0.0230947623737 -0.00277656843759 0.00208892076688 0.0119884930115 0.0184739839135 0.00137604186925 0.0433697992219 -0.00527021799347 0.00311136071032 0.0232723009759 0.010431041423 0.000999659390599 -0.00636241636383 0.0185800843848 0.00468478149602 0.020544257213 -0.00357129823423 -0.00148844735689 0.0235790370878 0.0226919711266 -0.0210429537404 0.0132062544335 0.0289776521967 0.00796601543565 0.00919116551003 0.00223413367176 0.0205577220852 0.0180305002883 0.0178106852601 0.00806858366804 0.0108554590667 0.0199539706743 0.00725722443212 0.0062360795055 0.0166209599574 0.0248815142875 0.00367327360529 -0.00602948690888 0.0206601050173 
0.0194353272583 0.0838682424751 0.00663910934502 -0.00154967706324 0.0538190991986 0.0358659119697 -0.0303405246901 0.0129845412456 0.0248786488875 0.0237921668875 0.0110859150049 -0.0042652002738 0.0114166771584 0.356419079828 0.0281355041182 0.0571550725164 0.00524406484899 0.0143982822436 0.0226223106748 0.0817711770665 -0.0156177498433 0.0106355366378 0.0125140784931 0.041425038632 0.0167169787339 -0.00210631363987 0.00646871024736 0.0310966015597 0.0205550350828 0.0204469597623 0.0622171172588 0.0278388008147 0.0363251420779 0.0302072893507 0.0336840847701 0.00523596022001 0.0334693612322 0.00603629938613 -0.000264419164047 0.0133903315708 0.0253056150855 0.0189854551825 0.00306927432219 0.0263402639896 0.00543743218626 0.0735530674786 -0.0221048674221 0.0557219074648 0.0234391744778 0.00317022740891 0.0460145613625 0.0628382465761 0.00491071999738 0.0207265548717 0.0228372388912 0.0215772824945 -0.00357029530433 0.0198383355323 0.0093108174181 0.0640691217731 
0.022550766334 0.0104695687198 0.015478402588 0.0192672236338 0.00909812582819 0.0174363429047 -0.0021108208413 0.0216267658297 0.0367023318843 0.0137677109889 0.0158824716497 0.00974197189649 0.00521528718102 0.0281355041182 0.430119857975 0.00124817098749 -0.00190179030815 0.0301771164001 0.0135307016224 -0.00999918495949 0.0101429508449 0.0250268089136 0.0331096791629 -0.00644400731088 0.0112905545334 0.0602504284772 -0.00290812007187 0.0296494536615 0.0658039488263 -0.00109306047759 0.0271865985133 0.0179913881547 0.0183895085018 0.0122452155587 0.0259724231746 0.0242126340145 0.0116790823564 -0.0187532725322 0.00275594202264 -0.0088213797038 0.0104329891396 0.0397135868721 0.00151075957587 0.0141243326466 0.0171835398515 0.0517093639418 0.0152548499705 0.0324095508075 -0.000585308349049 0.00992566272194 0.0126591725248 0.0139173103464 0.0221794662974 -0.0021385955317 0.044658790787 0.032030271743 0.00976337472003 0.0273242242771 0.019568248323 0.0100770181271 
-0.0128487415902 0.042319088396 -0.0179295454765 -0.0185234647494 -0.015418143726 0.00208648899776 0.0068676837895 0.00392003452962 0.0299566193753 -0.00651115103857 0.0232531961487 0.000543247418914 0.00733715242877 0.0571550725164 0.00124817098749 0.396976617197 0.0165213632978 0.0621997066021 0.00564258667944 0.0100178875514 -0.0228378482235 -0.0215500822562 0.000338484512616 0.0235914354409 -0.00675862218546 0.0186247542078 0.0218615090295 0.0066235266195 0.0709470955341 0.0185529099717 0.048592358586 0.0328042711678 -0.0121375674056 -0.0206092690239 0.00421869905625 0.0535798003476 -0.00742646128369 0.0533828721445 -0.00394339961822 -0.0119390632955 0.00144482817146 0.0189995889644 -0.00757751832577 0.00372016799347 0.00577538593115 -0.0103237043043 -0.0167052298142 0.0174878726022 -0.00614490115649 0.0145658532852 -0.00862153449862 0.0176854388579 0.0103566943284 0.011565545949 0.00774428471798 0.00694058606203 -0.0105422516913 -0.0102405834242 0.00736345722637 -0.00312116616543 
0.0145867445753 -0.000441362376226 0.016503237765 0.0148298807412 0.0106610079713 -0.00793362783785 -0.0101861765827 -0.00431119229003 0.102172361539 -0.00532148776269 0.0111700866694 -0.00520517722469 0.0130605705271 0.00524406484899 -0.00190179030815 0.0165213632978 0.412975131268 -0.0101932778199 0.0174618523948 0.00502545862107 0.0220538092659 -0.0116071956887 0.0205748753178 0.0195955986338 0.00893756663971 0.0112842087634 0.00239624308173 0.0182720303336 -0.0112485407419 -0.00932843176606 -0.00902872267443 -0.0196900672931 0.00887691947484 0.00530471323346 -0.00116930173257 0.0228979699442 0.00666846749513 -0.0125255537932 0.00854984259169 0.0108750304935 0.00540719976925 0.0068433048681 0.00225537085316 0.014390653289 0.00846984996283 0.0209636579708 0.00873116608515 0.0328215681658 0.00583872394555 -0.00281726895235 0.00499023021966 0.00762021373997 0.0111363131487 0.00308300216152 -0.0105207756004 0.028622789133 0.00476765594505 0.00395788700534 0.0105067611928 -0.000846402730514 
0.0234535345375 0.000817968820218 0.0221539184116 0.0364385949321 0.027357423582 0.0183950232154 0.0412943893229 0.0182449276522 0.0312651745683 0.00342582243653 0.0187533363175 0.0566758564364 0.0287773001713 0.0143982822436 0.0301771164001 0.0621997066021 -0.0101932778199 0.604638981422 0.0178536582365 0.0297251047092 0.00573478002372 0.00623710939245 -0.0105573801174 0.00449891340579 0.0107320177723 0.0419928729888 0.0348184123697 -0.000149919116658 0.0263426798542 0.0649079851881 0.051516560928 0.0672239841851 0.00193328448194 0.0583986812042 0.026473032164 0.0536981822639 0.0187450481184 0.036341763283 0.0165767643409 0.00887310523106 0.0229448537123 0.0165379499271 0.0025856971107 0.0161232765353 0.00899901500807 0.00787006312273 -0.0248430874663 0.0308438589973 0.0442896740227 0.040215334058 -0.0022383205084 0.0235785064595 0.010958688441 -0.000284163439055 0.00141818296729 0.000822584556141 0.0212243264877 0.0278974107174 0.0149640555224 0.00288816373621 
0.0234651340206 0.0181824665536 0.00856446664996 0.00932775003501 0.03185030845 0.0296144121977 0.0034887730948 0.0239315641476 0.0173135701115 0.00692148041978 0.0238662231393 0.0205033050883 0.0171352791754 0.0226223106748 0.0135307016224 0.00564258667944 0.0174618523948 0.0178536582365 0.144084049162 0.0183891255751 -0.00191874371812 0.0149114747107 0.00839861578538 0.0142970430238 0.0244742518828 0.03486954192 0.00633575951144 0.0178057397004 0.0273404293186 0.0152913113112 0.0197741554012 0.00742417084274 0.00432087637454 0.00608917274961 0.010482143835 0.00276145157228 0.0264915293118 0.0182158048374 0.0192927511362 0.0153127880375 0.0618374150969 0.0128120550173 0.0205618190064 0.0231492960229 0.00902892619819 0.034512166463 -0.00699858838958 0.0174756495592 0.025561481781 0.0109258785992 0.00117648757318 0.0193299212432 0.0260681348765 0.00176557546998 0.032193990711 0.0105305137729 0.0384345845408 0.0145494666303 0.0134193767993 0.001733201614 
0.023419811652 0.0163575924223 0.00135294523507 0.0102667685584 0.0287209272207 0.012606793949 -0.000582719367498 0.00297137983705 0.0408462506932 0.025848138522 -0.0134997704335 0.0261945392297 0.0266639171321 0.0817711770665 -0.0099991849595 0.0100178875514 0.00502545862107 0.0297251047092 0.0183891255751 0.971930984444 -0.00642633799123 0.0244753895937 0.0191879570625 0.0122533324202 0.00859188714212 -0.00232651715273 0.00759151434425 -0.0316940996798 -0.0059296623812 0.0255357617244 0.0329114519164 0.00713288183658 0.0483861010394 0.00610691264834 0.000724455378772 0.0197895696002 0.030748642159 0.0411417285485 0.00410463250162 0.0433309199916 7.61102233922e-05 0.0363715878022 0.0130426876722 0.0426104246379 0.010310527753 0.0337413571223 0.018717805143 -0.00760739229699 0.0208555811456 0.0122032440985 0.0112795962627 0.00277985520364 0.0170842525361 0.0201240505339 0.0144492569183 0.00541776184738 0.0252636745298 -0.0154268723624 -0.000658793199411 -0.00786606247789 
-0.00852851237769 -0.00477269918725 -0.00730652060637 -0.00639699700655 0.00140435358226 0.0209900640779 -0.013609815286 0.00293811361619 -0.0244416415525 0.0409853813277 0.000507498190059 -0.0223944023797 -0.0190483663558 -0.0156177498433 0.0101429508449 -0.0228378482235 0.0220538092659 0.00573478002372 -0.00191874371812 -0.00642633799123 1.37231374223 0.00487160541649 0.0461587815124 0.0245532364592 0.00804023750148 0.00503993694326 0.00210344837528 -0.0226008335992 0.025727306297 -0.0146647161353 0.0116484002225 0.00401441529957 -0.009926830549 -0.0196592960118 0.00937751647355 -0.00405577382076 0.00150114202859 -0.0208659006557 -0.012125614311 0.0196484046125 0.00761172097258 -0.0331054612347 -0.02056590993 0.0110381532671 -0.0095079928277 -0.0292082036808 -0.032704260449 -0.00674041778174 -0.00246605904962 -0.0130764399164 -0.000919095833575 -0.0183604813548 0.00961719217646 -0.0002023092515 -0.0181998745909 -0.0202617333673 0.00526592243538 -0.000283381909441 0.00834450206359 0.00657347758614 
0.00814448301387 0.00361190749789 0.0447589533083 0.0176352014928 0.0125045319534 0.0303825594804 0.00474690061105 0.00667653473581 0.0315782310608 0.0185358586849 -0.0103338575954 0.0149229635697 0.0230947623737 0.0106355366378 0.0250268089136 -0.0215500822562 -0.0116071956887 0.00623710939245 0.0149114747107 0.0244753895937 0.00487160541649 0.178316149226 0.0015422070862 -0.00399777698444 0.0261517844285 0.0117805519303 -0.00441152022145 0.0228678078657 0.0304669379537 0.030734343983 0.0167570495352 0.0117648881029 -0.00995283243403 0.0255117800622 0.0244151343501 0.0201888874373 0.0238064826184 0.0289951924263 0.0244722521201 0.0157613088348 0.021272993683 0.015121460305 0.0187234875452 0.000313804801832 0.0174674705043 0.00853521932979 0.00157833314343 0.020202613257 0.0378920699674 0.0124808564445 0.0220133698965 0.00533995945657 0.0247505921376 -0.0111324711578 0.02031913374 0.00735241614385 0.0176061582346 0.000282348821148 0.0146217263041 0.000951496316047 
-0.00168823697568 0.0259711327717 0.0100120974612 0.0146997578204 0.0189529855563 0.0029990353517 0.00381094926927 0.0039442739259 0.0357147549194 0.0152634833326 0.0242789448174 0.0197581511153 -0.0027765684376 0.0125140784931 0.0331096791629 0.000338484512618 0.0205748753178 -0.0105573801174 0.00839861578538 0.0191879570625 0.0461587815124 0.0015422070862 0.150162464212 0.0212238623643 0.0170836621892 0.0538891109476 -0.00303834079732 0.0251233119907 0.0137023226457 0.0496014278849 0.00899915687428 0.00993308264338 -0.0150550424943 -0.00138349283026 0.010078509113 0.025995280181 -0.00176913248527 0.0217577482959 0.0099368965861 0.015591665774 0.0231650750029 0.0102148506078 0.0226212509217 0.00791202639792 -0.000104844857311 0.033953290162 -0.00731275667766 0.0240477107854 -0.00784268690598 -0.00415489074181 -0.00311141524991 0.0275163205136 0.0179374188785 -0.0011610740333 0.0270282737418 0.00366022695191 0.0166527034273 -0.00623702921222 0.0112587317636 -0.0250486591813 
-0.0113808489931 0.0295988317407 0.0188405018407 0.00904057495674 0.00749234765062 0.0366594375843 0.0358309691699 0.0319252767367 0.00613698137279 0.0296066640822 0.0114473424103 0.0299846112506 0.00208892076688 0.041425038632 -0.00644400731088 0.0235914354409 0.0195955986338 0.00449891340579 0.0142970430238 0.0122533324202 0.0245532364592 -0.00399777698445 0.0212238623643 0.259347125165 0.0197785298134 0.00710767815983 0.0149617281983 0.00480030920163 0.00872382197329 0.0182092445868 0.0100374309305 -0.00951619863587 0.0201320318392 -0.00933817702931 0.0294168525628 0.00130252907846 0.0292652082066 0.0204604834795 0.0106817163518 -0.00301800900352 0.0131960549826 0.0170990795646 0.00543527352609 -0.00218295166833 0.011751320833 0.0418018229442 -0.0130287079169 0.0250770773268 0.0240395309925 0.0012487041835 0.00773163503967 0.00261806314179 0.0115254418601 -0.00565765733705 0.0261520181382 -0.00105103800231 -0.00234145795099 0.00626238588693 0.0122930126152 0.00558252943728 
0.000306943532012 -0.0121674520895 0.0212327978043 0.0104286905439 0.0289528382579 0.0444730874898 0.008516792005 0.0407904354405 0.00639921462111 0.0271219426091 0.0101153138634 0.016423693128 0.0119884930115 0.0167169787339 0.0112905545334 -0.00675862218546 0.0089375666397 0.0107320177723 0.0244742518828 0.00859188714212 0.00804023750148 0.0261517844285 0.0170836621892 0.0197785298134 0.111402930925 0.00138416621479 -0.00166336554777 0.0113992902948 0.0243584718056 0.0209457488921 0.017822127564 0.00244052378369 0.00919449211811 0.0127835609089 0.0340674766634 0.00489158390056 0.0151645928285 0.00271602740726 0.0113389840252 0.0142356310671 0.0244798843177 0.0190855552967 0.0183427908494 0.0192092875127 0.00513473906413 0.00927061730012 -0.00662278448976 0.0263080296322 -0.0108511460623 0.0139744999742 0.0209717264902 0.00870798105268 0.00851614105635 0.00338969324209 0.0215592315648 0.00504741834484 0.0262350833172 0.00319101352322 0.015668002353 0.00104528159946 
0.0252271825249 0.012991230755 0.00520176134893 0.0502093138923 0.0098540005249 0.0186248079351 0.0399676565592 0.0231800557896 0.0352264974899 0.0440248864185 0.0852575177022 0.0143794091623 0.0184739839135 -0.00210631363987 0.0602504284772 0.0186247542078 0.0112842087634 0.0419928729888 0.03486954192 -0.00232651715273 0.00503993694325 0.0117805519303 0.0538891109476 0.00710767815983 0.00138416621479 0.879831039411 0.00986472693396 -0.0221102336023 0.0235957093268 0.0305192106354 0.00396922044717 0.0599190901708 0.0238242915291 0.00994029721074 0.0187710196036 0.033035976747 0.0298994781001 0.0448555406768 0.0225489613933 0.0181633277424 0.0615147132745 0.0193455040027 0.049591642248 0.019357682693 -0.00065462603759 0.0266356233663 -0.01190928888 0.0301974781198 0.0417312889872 0.0129309838507 0.00730626952547 0.0470960059804 0.0143102461539 -0.00449202649791 0.0240438321322 0.00909807617215 -0.0116150469953 0.0304415498798 0.0311071622569 -0.00448372154007 
0.00922786167455 0.00139466875098 -0.0102259781264 0.011564041917 0.00324856387982 -0.00695609204226 0.00387768735585 0.00721384468125 0.0303028861677 0.00857432794519 0.0107817717829 -0.00825904939187 0.00137604186925 0.00646871024736 -0.00290812007187 0.0218615090295 0.00239624308174 0.0348184123697 0.00633575951144 0.00759151434425 0.00210344837528 -0.00441152022144 -0.00303834079732 0.0149617281983 -0.00166336554777 0.00986472693396 0.164630572741 0.0186948632456 0.0206107531581 0.0110263645954 0.00771154225418 0.00916695628302 0.00644124439826 0.0543770087402 0.0139028065179 0.0112766231299 0.00672336711485 0.00116580881635 0.00309033070963 -0.0141550889442 -0.00193118663343 0.00492527887868 -0.00131751206815 -0.00183600548559 0.0235511278693 0.00239327573311 -0.00274317043853 0.00108406562241 0.00609271899079 0.00100134856175 -0.00921020102176 0.0225383919155 0.0181017653577 0.010990581854 0.015173347601 0.0180868709351 0.00457374364568 0.0011825247326 0.019540305022 0.000560636694076 
0.0222628715435 0.034738901485 0.00427770602801 0.0338088517811 0.0134803813719 0.00834051594928 -0.0255110396794 0.0110731566607 0.00495307726375 0.0241383557767 -0.0250355300164 0.0204193912286 0.0433697992219 0.0310966015597 0.0296494536615 0.0066235266195 0.0182720303336 -0.000149919116657 0.0178057397004 -0.0316940996798 -0.0226008335992 0.0228678078657 0.0251233119907 0.00480030920163 0.0113992902948 -0.0221102336023 0.0186948632456 0.537264818702 0.0170967434972 0.00835578160235 0.0259666152872 0.0253490701382 0.00122174171134 0.0433081996873 -0.00450842198112 -0.000543640895442 0.00803366353199 0.0845587979654 0.0304681656551 0.0252396134661 0.02098629562 0.0120630875772 0.0630878178321 0.0256070698308 0.00236768067374 0.0578993448164 0.0122517249215 0.0342414424921 0.0392185047178 0.00728242757637 -9.84761783115e-05 -0.0184524467869 0.0435289810347 0.0230334089452 0.0286636253094 0.0322476255473 0.0380929283047 0.0180719053167 0.0278771469995 0.137477134111 
0.0135982352778 0.0197702052221 0.0201089996282 0.0159237214022 0.0177388921881 0.0432527822555 0.0135468616478 0.0144230652302 0.0102279470243 0.0173056707372 0.00860852097164 -0.0187217698208 -0.00527021799347 0.0205550350828 0.0658039488263 0.0709470955341 -0.0112485407419 0.0263426798542 0.0273404293186 -0.0059296623812 0.025727306297 0.0304669379537 0.0137023226457 0.00872382197329 0.0243584718056 0.0235957093268 0.0206107531581 0.0170967434972 0.445077751339 0.00341009378562 0.0311523222002 0.0220405046632 0.00753461992078 -0.0283746350768 0.0257531742895 0.0223740799595 0.0107893454414 0.0495363708659 0.0256269092969 0.0341455738924 0.0260245515546 0.0270016833802 0.0229024957738 0.0186016025737 -0.00218550462507 0.0205445737771 -0.0169703484889 0.00600311093683 0.0037060994167 0.0105217151449 0.0516229451606 0.0403671705638 0.0376475167576 -0.00987289747615 0.0220250736925 0.0220182829013 0.00347903274581 0.0090046519668 0.0165038324943 0.0226698360997 
0.0689831783114 0.00572395518548 0.00692902994121 0.0149010292583 0.00692465907496 0.0208133418632 0.126260777434 0.0101322308529 0.00664204429995 0.00996596185796 0.0271333961057 -0.00347203725766 0.00311136071033 0.0204469597623 -0.00109306047759 0.0185529099717 -0.00932843176606 0.0649079851881 0.0152913113112 0.0255357617244 -0.0146647161353 0.030734343983 0.0496014278849 0.0182092445868 0.0209457488921 0.0305192106354 0.0110263645954 0.00835578160235 0.00341009378562 0.783652981694 0.00131316196615 0.0338685961007 -0.0109285984546 0.00240332007331 0.0162957757197 -0.0271586016586 0.0137795979821 0.0207839599941 0.0489896702176 0.0105647713399 0.050079398941 0.0359622937117 0.0492325706379 -0.000690088441399 0.0760495665828 0.00552433986804 0.01222417939 0.000606920231931 0.0478670443551 0.00751291048042 -0.00234642649235 0.0101585549223 -0.000283782847447 0.00584329123337 0.014940976155 -0.00471856987162 0.00232336306031 0.00869793936118 0.0155718059405 0.0178869382612 
0.00879161039827 0.0220178120907 -0.000319661861429 0.0200532262786 0.0181319636151 0.0162749564096 0.020135349859 0.00507733609951 0.0387007387816 0.0222429419623 0.0239247444644 0.0545229114502 0.0232723009759 0.0622171172588 0.0271865985133 0.048592358586 -0.00902872267443 0.051516560928 0.0197741554012 0.0329114519164 0.0116484002225 0.0167570495352 0.00899915687428 0.0100374309305 0.017822127564 0.00396922044717 0.00771154225418 0.0259666152872 0.0311523222002 0.00131316196615 0.34614516072 0.0617494298979 0.0282014286542 0.0416715614788 0.0134008638889 0.0157426183076 0.0214421015404 0.0561737642088 0.0314284173024 0.0200420102394 0.0313665695895 0.0273220578729 0.0030124705989 0.0167697414498 -0.00254314037924 0.057660658063 0.0163171945627 0.0399865811974 0.0106051993007 -0.000767641450641 -0.00351331863141 0.0192540003887 0.00975376271235 0.0230520467319 0.0335194822202 -0.0148574000101 0.0175790273811 0.0256493946729 -2.26315667235e-05 -0.0197026005943 
0.0223612212651 -0.0126252596441 0.0013178204886 0.00721125462857 0.033425655061 0.00215189781035 0.0476365715022 0.000607400692135 0.0169247053996 0.0222807366301 0.0401783079387 0.0156293965982 0.010431041423 0.0278388008147 0.0179913881547 0.0328042711678 -0.0196900672931 0.0672239841851 0.00742417084273 0.00713288183658 0.00401441529957 0.0117648881029 0.00993308264338 -0.00951619863587 0.00244052378369 0.0599190901708 0.00916695628302 0.0253490701382 0.0220405046632 0.0338685961007 0.0617494298979 0.440947635415 0.0160672418731 0.0117696632967 0.0177486641392 0.00306087007924 0.00281707693772 0.0267015920014 0.0101649375215 0.0112743678266 0.0146649529837 0.00401203853447 0.00344184489263 0.023032349329 0.016305298364 0.00515909179466 0.00231895687906 0.0118875386697 -0.00607974585201 -0.00630472051905 -0.0067423120621 0.0241206408364 -0.0252406703535 0.0238948943249 0.0328531894038 0.0225821487263 0.00565710006437 0.0336476476717 -0.00737749618178 -0.00513055546043 
-0.00597300443014 0.00521407831304 -0.00453008971604 -0.0041496365149 0.0244270158823 0.0154206087859 0.00729342237564 0.0187323686631 0.041352908604 0.0193372376139 0.0112790589235 0.0140718119031 0.000999659390595 0.0363251420779 0.0183895085018 -0.0121375674056 0.00887691947484 0.00193328448194 0.00432087637453 0.0483861010394 -0.009926830549 -0.00995283243403 -0.0150550424943 0.0201320318392 0.00919449211811 0.0238242915291 0.00644124439827 0.00122174171134 0.00753461992078 -0.0109285984546 0.0282014286542 0.0160672418731 0.231738824287 0.0142600336339 0.00114744752187 0.000249096060695 0.0147548514301 -0.0097068507749 -0.0106644524491 -0.00270613847334 0.00525698195045 0.000712639223475 -0.00349651498964 -0.00333497141592 0.00247016930221 0.0126440347245 0.00670444612388 0.0161932212755 0.00957996330634 0.0143467364552 0.0356485645014 -0.00500669398163 0.0113487129269 0.0136068406644 -0.00569188049837 0.00068430050144 0.00128676056889 0.0174679669751 0.013096935323 0.0480959743251 
0.00779596488909 0.0973106143902 0.00694885567883 0.0585532975726 0.0316298608988 0.0237181883363 0.0288452090426 0.0114869692882 0.0247391727218 0.00456989195107 0.0320576358954 -0.00230366183576 -0.00636241636383 0.0302072893507 0.0122452155587 -0.0206092690239 0.00530471323346 0.0583986812042 0.00608917274961 0.00610691264834 -0.0196592960118 0.0255117800622 -0.00138349283025 -0.00933817702931 0.0127835609089 0.00994029721074 0.0543770087402 0.0433081996873 -0.0283746350768 0.00240332007331 0.0416715614788 0.0117696632967 0.0142600336339 0.504731269044 0.00362830760766 0.00837802439546 0.00142057061107 0.0914215981107 0.0137840882234 0.00876416643733 -0.0040336901029 0.0307406564595 -0.000253605191663 0.000606023127293 0.0359233589829 0.0157220235729 0.00455394492486 0.0191002501175 0.00208365869115 0.00350781646913 0.0172714991561 0.000941325806843 0.0107786080573 0.0236670039798 0.0105098823513 -0.00547032999905 0.0311758437295 0.0111647027475 -0.000192065999402 0.0549190495392 
-0.00793663302105 -0.00196372679754 0.0177631705077 0.0150043509364 0.0287016281532 0.0527697946728 0.00795001621364 0.0301747550712 0.0268920250631 0.0332034555769 -0.00826037520605 0.0360380049257 0.0185800843848 0.0336840847701 0.0259724231746 0.00421869905625 -0.00116930173257 0.026473032164 0.010482143835 0.000724455378772 0.00937751647355 0.0244151343501 0.010078509113 0.0294168525628 0.0340674766634 0.0187710196036 0.0139028065179 -0.00450842198112 0.0257531742895 0.0162957757197 0.0134008638889 0.0177486641392 0.00114744752187 0.00362830760766 0.127480646003 -0.00235255297401 0.0309732781126 0.00302187357909 0.0318943284553 0.0154210768163 0.0104160182618 0.0147351130546 0.0212667188015 0.00706013638936 0.0122588174383 0.0229035502849 -0.00383506780037 0.0374341352199 0.00252728869628 0.0186436680343 0.0169563633777 0.0161470319571 0.00498081438717 -0.00132489257887 0.0195863444957 0.00664621018612 0.00743200703655 0.00819638637052 0.0153989688917 0.020286305889 
0.00789016469236 0.0094049715569 -0.00295895172928 0.0161514497512 0.0209289289048 0.014496671473 -0.00742974936645 0.00768521340966 0.0412315168827 0.00245765058643 0.0197875585261 -0.016763819043 0.00468478149601 0.00523596022001 0.0242126340145 0.0535798003476 0.0228979699442 0.0536981822639 0.00276145157228 0.0197895696002 -0.00405577382076 0.0201888874373 0.025995280181 0.00130252907846 0.00489158390056 0.033035976747 0.0112766231299 -0.000543640895443 0.0223740799595 -0.0271586016586 0.0157426183076 0.00306087007924 0.000249096060694 0.00837802439546 -0.00235255297401 0.353140122791 0.00163431874463 0.0355382261388 0.00110675101705 -0.00378871679742 -0.00198553694773 0.017546601694 0.0290879485267 0.00787341100001 0.0127254898922 0.0119382258519 -0.023497329291 0.014055940523 0.0157318133232 0.0191591096046 0.0216828994667 0.0220296955363 -0.000653534249744 0.00750981573562 0.0127237843779 0.0101358587882 0.00290468422213 -0.000856209771761 0.00464494676951 -0.00199429098352 
0.0106749622539 0.0203575964999 0.0194598620743 0.017009077242 0.0296655735039 0.023472381677 0.0177568032392 0.0276935306047 0.0188554560134 0.035262153052 -0.0229086991472 0.0113698850363 0.020544257213 0.0334693612322 0.0116790823564 -0.00742646128368 0.00666846749513 0.0187450481184 0.0264915293118 0.030748642159 0.00150114202859 0.0238064826184 -0.00176913248527 0.0292652082066 0.0151645928285 0.0298994781001 0.00672336711485 0.00803366353199 0.0107893454414 0.0137795979821 0.0214421015404 0.00281707693771 0.0147548514301 0.00142057061107 0.0309732781126 0.00163431874463 0.22629568267 0.0166999906939 0.00352388937093 0.0252791705216 0.0153128716513 0.027309715179 0.00555692445196 0.00830147028501 0.018663119209 0.0261031614739 -0.0255941145983 0.0224287500801 0.0213636497157 0.0141810181246 0.00582124713252 0.00848636506084 0.00524185020859 0.00333549819149 0.0140010715044 0.0118059374329 0.0320112388874 0.00901420793668 0.0049146371095 0.0384632682922 
0.0381640568967 0.0302159378337 0.0213221991792 0.0695087815231 0.00581447222026 0.0247368781443 -0.0143478072055 0.0057948226589 0.000267947256229 0.039907936941 0.0620252634978 0.0256350907266 -0.00357129823422 0.00603629938613 -0.0187532725322 0.0533828721445 -0.0125255537932 0.036341763283 0.0182158048374 0.0411417285484 -0.0208659006557 0.0289951924263 0.0217577482959 0.0204604834795 0.00271602740726 0.0448555406768 0.00116580881635 0.0845587979654 0.0495363708659 0.0207839599941 0.0561737642088 0.0267015920014 -0.0097068507749 0.0914215981107 0.00302187357909 0.0355382261388 0.0166999906939 1.30655945626 -0.0120770758619 0.0053411137048 0.0287503215858 0.0500153151944 0.00195571246728 -0.00473971327926 0.000730462046786 0.11646866748 -0.00398366295333 0.0209793440336 0.0100148277531 0.0225143021564 -0.0168120250297 -0.0308419698969 0.0254970955637 0.019719084225 0.0255419809771 0.0316255582773 0.0410763820077 0.0123042404173 0.00815451300748 0.0182011841477 
-0.00800767708128 0.0111875233533 0.00686738618302 0.0230624872997 0.0206151358326 0.0202426777129 -0.00549424653944 0.010589936122 0.0482501393502 -0.001581595464 0.00387376846783 0.000978899765373 -0.0014884473569 -0.000264419164044 0.00275594202264 -0.00394339961823 0.0085498425917 0.0165767643409 0.0192927511362 0.00410463250162 -0.012125614311 0.0244722521201 0.0099368965861 0.0106817163518 0.0113389840252 0.0225489613933 0.00309033070963 0.0304681656551 0.0256269092969 0.0489896702176 0.0314284173024 0.0101649375215 -0.0106644524491 0.0137840882234 0.0318943284553 0.00110675101705 0.00352388937093 -0.0120770758619 0.294863731418 -0.0138439101615 0.0137118153535 0.0120815025092 0.0373982575891 -0.0122263398395 0.0224799952102 0.0293601026699 0.0189995153687 0.0205106150522 -0.00999115175329 0.0173179138337 0.0425266368883 0.0212658374268 0.0116034961769 -0.0103505856426 0.000366154961589 -0.0186557385149 -0.0280838617614 0.0198027242121 0.0109903327957 -0.0155143366931 
