20
0.0146033592013 0.0749299903321 0.0571643700905 0.0833786368315 0.332832739506 0.0900156737744 0.0181340887913 0.142251168296 -0.00773505516991 0.0373342989671 0.0896854693356 0.0205855922537 0.100886603299 0.0904248988876 0.0431194173031 0.0445346556631 0.330982708656 0.087070388143 0.0433119494187 0.0963264580192 
0.180110183385 -0.00532951537926 0.0321580751382 0.0179551573417 0.0206853907757 0.0361061075676 0.0165229935058 0.0138012584472 0.0102863829745 0.00997671654013 -0.000360086409652 -0.000405941534314 -0.00593754894361 0.0105693068089 0.00827526862869 -0.0147054355638 0.0167892197037 0.00259909106331 0.00347637631531 -0.00618873283091 
-0.00532951537926 0.448432855245 0.0256269092315 0.0468905130241 0.0445426181734 0.0323897655003 0.0438117790898 0.0147862992731 0.0127929001244 0.0241456673488 0.0402320708483 0.0107911356279 0.0246566054606 0.02582135171 0.0125245927072 0.0177962090977 0.031803512033 0.00235985606689 0.0294766708344 0.0255812723842 
0.0321580751382 0.0256269092315 0.210718324882 0.0286724854673 0.0416857396505 0.0293864829252 0.0174474647395 0.0214169508683 0.0222818168123 0.0289681439749 0.0394680989975 0.0293390850257 0.0100123208552 0.00330286088687 0.0349147318065 0.0370543985243 0.0236999010523 0.0394359922769 0.024665388345 0.0357422864108 
0.0179551573417 0.0468905130241 0.0286724854673 0.383712869391 0.0130398075532 0.0408740375124 0.0224808748973 -0.00905462195751 0.0104761370507 0.0526466766621 0.0302954095838 0.0187019613566 0.0124637969166 0.00399550879775 0.0318257499078 0.0202916585036 0.0406964604705 0.0280694362784 0.0168134925803 0.0258218486543 
0.0206853907757 0.0445426181734 0.0416857396505 0.0130398075532 0.532110992572 0.0250029568373 0.0347695916434 0.0061782602402 0.0242439269665 0.0148602496052 0.0132518227719 5.29056266063e-05 -0.00573098738106 -0.00129721027314 0.00701030338808 0.0378608662239 0.0415051943382 0.0169651328167 0.0226548741268 -0.0102480284973 
0.0361061075676 0.0323897655003 0.0293864829252 0.0408740375124 0.0250029568373 0.247709646953 0.0205490995322 -0.0115784515145 0.00647602628045 0.00474320830182 0.0122299399068 0.014940265357 0.00558381034833 -0.00422176775564 0.0107208681817 0.0264785251177 -0.0121820811637 0.00993335200989 0.0186017345807 0.0193904010369 
0.0165229935058 0.0438117790898 0.0174474647395 0.0224808748973 0.0347695916434 0.0205490995322 0.295545726597 0.0468729828993 0.0376615322174 0.0496378428503 0.0118761729891 0.0145229145112 0.0133833947086 0.0383341442842 0.0397172429697 0.0244934297654 0.0209300748526 0.00371620929594 0.0344371021264 0.00329630663679 
0.0138012584472 0.0147862992731 0.0214169508683 -0.00905462195751 0.0061782602402 -0.0115784515145 0.0468729828993 0.812631908791 0.018709413447 0.0189452958368 -0.00126213012056 0.0121548875732 0.01207425638 -0.0119205849261 0.0319603767558 -0.00234844505638 0.026150228513 0.00950568656447 0.046610984984 0.0156395526119 
0.0102863829745 0.0127929001244 0.0222818168123 0.0104761370507 0.0242439269665 0.00647602628045 0.0376615322174 0.018709413447 0.144819524377 0.0536659421502 0.0142355980395 0.00476440868118 0.00760849495482 0.0303075040594 0.0198045047335 0.0220212512464 0.00895610745368 0.00136759112192 0.00993771581228 0.0143586610521 
0.00997671654013 0.0241456673488 0.0289681439749 0.0526466766621 0.0148602496052 0.00474320830182 0.0496378428503 0.0189452958368 0.0536659421502 0.269708501337 0.0102959543478 0.0127888180943 0.00010206143474 0.0559479054802 0.00157420758818 0.0262635076786 0.0136268568385 0.0227875135846 0.0189803227277 0.00862067155366 
-0.000360086409653 0.0402320708483 0.0394680989975 0.0302954095838 0.0132518227719 0.0122299399068 0.0118761729891 -0.00126213012056 0.0142355980395 0.0102959543478 0.269149926621 0.0189717729625 0.0271974051147 0.0402301348768 0.0181916436482 0.0362634174749 -0.0013377184737 0.0128566592905 0.0247492578258 0.0277624247403 
-0.000405941534314 0.0107911356279 0.0293390850257 0.0187019613566 5.29056266063e-05 0.014940265357 0.0145229145112 0.0121548875732 0.00476440868118 0.0127888180943 0.0189717729625 0.171323916929 0.013223696584 -0.0152804472016 0.0158211486531 0.0306502579712 0.0119848785017 0.00972925338225 0.0148447901458 0.0151289283303 
-0.00593754894361 0.0246566054606 0.0100123208552 0.0124637969166 -0.00573098738106 0.00558381034833 0.0133833947086 0.01207425638 0.00760849495482 0.000102061434739 0.0271974051147 0.013223696584 0.378568440674 -0.00887192592465 -0.00784481900936 0.0193818231131 -0.00683998016309 0.0314331418601 -0.00639171369818 -0.00242456169891 
0.0105693068089 0.02582135171 0.00330286088687 0.00399550879775 -0.00129721027314 -0.00422176775564 0.0383341442842 -0.0119205849261 0.0303075040594 0.0559479054802 0.0402301348768 -0.0152804472016 -0.00887192592465 0.404950717233 0.0252490014474 0.0300246074811 0.0203218663709 0.0181225411433 -0.000460871145193 0.0068649441587 
0.00827526862869 0.0125245927072 0.0349147318065 0.0318257499078 0.00701030338808 0.0107208681817 0.0397172429697 0.0319603767558 0.0198045047335 0.00157420758818 0.0181916436482 0.0158211486531 -0.00784481900936 0.0252490014474 0.1882606701 -0.0167005145764 -0.00195030516435 0.0128164951643 0.0210337923163 0.0294081280478 
-0.0147054355638 0.0177962090977 0.0370543985243 0.0202916585036 0.0378608662239 0.0264785251177 0.0244934297654 -0.00234844505638 0.0220212512464 0.0262635076786 0.0362634174749 0.0306502579712 0.0193818231131 0.0300246074811 -0.0167005145764 0.627944345712 0.0217632948608 0.0260710849178 0.0180381597973 0.0449762417022 
0.0167892197037 0.031803512033 0.0236999010523 0.0406964604705 0.0415051943382 -0.0121820811637 0.0209300748526 0.026150228513 0.00895610745368 0.0136268568385 -0.0013377184737 0.0119848785017 -0.00683998016309 0.0203218663709 -0.00195030516435 0.0217632948608 1.02003274293 0.0853491155977 0.000324990710427 -0.0120367493977 
0.00259909106331 0.00235985606689 0.0394359922769 0.0280694362784 0.0169651328167 0.00993335200989 0.00371620929594 0.00950568656447 0.00136759112192 0.0227875135846 0.0128566592905 0.00972925338225 0.0314331418601 0.0181225411433 0.0128164951643 0.0260710849178 0.0853491155977 0.622990324326 0.0284191826421 0.0316840289616 
0.00347637631531 0.0294766708344 0.024665388345 0.0168134925803 0.0226548741268 0.0186017345807 0.0344371021264 0.046610984984 0.00993771581228 0.0189803227277 0.0247492578258 0.0148447901458 -0.00639171369818 -0.000460871145193 0.0210337923163 0.0180381597973 0.000324990710427 0.0284191826421 0.199647462315 0.0311378009297 
-0.00618873283091 0.0255812723842 0.0357422864108 0.0258218486543 -0.0102480284973 0.0193904010369 0.00329630663679 0.0156395526119 0.0143586610521 0.00862067155366 0.0277624247403 0.0151289283303 -0.00242456169892 0.0068649441587 0.0294081280478 0.0449762417022 -0.0120367493977 0.0316840289616 0.0311378009297 0.476294730932 
0.0155979994291 -0.00046154957083 0.00278497100065 0.00155496223868 0.00179140738989 0.00312688063853 0.00143093321226 0.00119522404195 0.000890826896897 0.000864008997011 -3.11843978316e-05 -3.51555681167e-05 -0.000514206822138 0.00091532881969 0.000716659285559 -0.00127352807719 0.00145398907731 0.000225087888758 0.000301063020217 -0.00053595998488 
-0.00046154957083 0.0388354244534 0.0022193554415 0.00406083754754 0.00385750388892 0.00280503597458 0.00379421136767 0.00128053107985 0.00110789764959 0.00209107613154 0.00348419954015 0.000934539758942 0.00213532466999 0.00223619465409 0.00108466154565 0.00154119691697 0.00275426493502 0.00020436953032 0.00255275457616 0.00221540317458 
0.00278497100065 0.0022193554415 0.0182487422391 0.00248311008043 0.00361009095129 0.00254494407411 0.00151099476961 0.00185476235236 0.0019296619402 0.00250871485828 0.00341803763709 0.00254083929561 0.000867092421147 0.000286036143319 0.00302370447108 0.0032090050444 0.00205247163785 0.00341525711352 0.0021360852901 0.00309537280211 
0.00155496223868 0.00406083754754 0.00248311008043 0.0332305092651 0.00112928046015 0.0035397954841 0.00194690087603 -0.000784153263687 0.000907260081939 0.00455933594142 0.00262365943177 0.00161963736354 0.00107939647574 0.00034602121199 0.00275619079146 0.0017573091749 0.00352441686116 0.0024308844887 0.00145609117009 0.00223623769073 
0.00179140738989 0.00385750388892 0.00361009095129 0.00112928046015 0.04608216372 0.00216531957909 0.00301113496424 0.00053505303192 0.00209958566405 0.00128693536647 0.00114764151669 4.58176166442e-06 -0.000496318066077 -0.000112341705059 0.000607110082232 0.00327884719592 0.00359445526859 0.00146922359978 0.00196196965133 -0.000887505301734 
0.00312688063853 0.00280503597458 0.00254494407411 0.0035397954841 0.00216531957909 0.0214522847024 0.00177960422198 -0.00100272331481 0.000560840327444 0.000410773888482 0.0010591438646 0.00129386493385 0.000483572161157 -0.000365615812526 0.000928454419596 0.00229310754067 -0.00105499917587 0.00086025351853 0.00161095747013 0.00167925798875 
0.00143093321226 0.00379421136767 0.00151099476961 0.00194690087603 0.00301113496424 0.00177960422198 0.0255950107213 0.00405931939419 0.00326158436457 0.00429876328974 0.00102850675083 0.00125772129037 0.00115903598065 0.00331983427824 0.003439614138 0.00212119324027 0.00181259765254 0.000321833165606 0.00298234052741 0.000285468528612 
0.00119522404195 0.00128053107985 0.00185476235236 -0.000784153263687 0.00053505303192 -0.00100272331481 0.00405931939419 0.0703759876939 0.0016202827335 0.00164071074769 -0.000109303674728 0.00105264414186 0.00104566127569 -0.0010323529374 0.00276784981851 -0.000203381307821 0.00226467622071 0.000823216604524 0.00403662970916 0.00135442498658 
0.000890826896897 0.00110789764959 0.0019296619402 0.000907260081939 0.00209958566405 0.000560840327444 0.00326158436457 0.0016202827335 0.0125417387074 0.00464760692201 0.00123283895402 0.000412609895192 0.000658914991544 0.00262470684408 0.00171512042086 0.00190709630025 0.000775621657391 0.000118436865357 0.000860631434902 0.00124349652355 
0.000864008997011 0.00209107613154 0.00250871485827 0.00455933594142 0.00128693536647 0.000410773888482 0.00429876328974 0.00164071074769 0.00464760692201 0.0233574413774 0.000891655802139 0.0011075441354 8.83877952312e-06 0.00484523074344 0.000136330376219 0.00227448648422 0.00118012041959 0.00197345656533 0.00164374416542 0.000746572056315 
-3.11843978317e-05 0.00348419954015 0.00341803763709 0.00262365943177 0.00114764151669 0.0010591438646 0.00102850675083 -0.000109303674728 0.00123283895402 0.000891655802139 0.023309067388 0.00164300373404 0.00235536437463 0.0034840318801 0.00157544255359 0.00314050407613 -0.000115849818133 0.00111341935534 0.0021433486002 0.00240429650957 
-3.51555681167e-05 0.000934539758942 0.00254083929561 0.00161963736354 4.58176166442e-06 0.00129386493385 0.00125772129037 0.00105264414186 0.000412609895192 0.0011075441354 0.00164300373404 0.0148370864337 0.00114520571737 -0.00132332554577 0.00137015166506 0.00265439020356 0.00103792092437 0.000842578058888 0.00128559653801 0.00131020362661 
-0.000514206822138 0.00213532466999 0.000867092421147 0.00107939647574 -0.000496318066077 0.000483572161157 0.00115903598065 0.00104566127569 0.000658914991544 8.83877952307e-06 0.00235536437463 0.00114520571737 0.0327849886695 -0.000768331323124 -0.00067938125502 0.00167851511876 -0.000592359658262 0.00272218993716 -0.000553538643634 -0.00020997320243 
0.00091532881969 0.00223619465409 0.000286036143319 0.00034602121199 -0.000112341705059 -0.000365615812526 0.00331983427824 -0.0010323529374 0.00262470684408 0.00484523074344 0.0034840318801 -0.00132332554577 -0.000768331323124 0.0350697608404 0.00218662766736 0.00260020728173 0.00175992525295 0.00156945810112 -3.99126119608e-05 0.000594521603699 
0.000716659285559 0.00108466154565 0.00302370447108 0.00275619079146 0.000607110082232 0.000928454419596 0.003439614138 0.00276784981851 0.00171512042086 0.000136330376219 0.00157544255359 0.00137015166506 -0.00067938125502 0.00218662766736 0.016303852284 -0.00144630698794 -0.000168901381746 0.00110994103997 0.00182157984838 0.00254681859671 
-0.00127352807719 0.00154119691697 0.0032090050444 0.0017573091749 0.00327884719592 0.00229310754067 0.00212119324027 -0.000203381307821 0.00190709630025 0.00227448648422 0.00314050407613 0.00265439020356 0.00167851511876 0.00260020728173 -0.00144630698794 0.0543815755549 0.00188475662195 0.0022578221843 0.0015621504622 0.00389505678809 
0.00145398907731 0.00275426493502 0.00205247163785 0.00352441686116 0.00359445526859 -0.00105499917587 0.00181259765254 0.00226467622071 0.000775621657391 0.00118012041959 -0.000115849818133 0.00103792092437 -0.000592359658262 0.00175992525295 -0.000168901381746 0.00188475662195 0.0883374268071 0.00739145022981 2.81450211224e-05 -0.00104241307574 
0.000225087888758 0.00020436953032 0.00341525711352 0.0024308844887 0.00146922359978 0.00086025351853 0.000321833165606 0.000823216604524 0.000118436865357 0.00197345656533 0.00111341935534 0.000842578058888 0.00272218993716 0.00156945810112 0.00110994103997 0.0022578221843 0.00739145022981 0.0539525447178 0.00246117341229 0.0027439173975 
0.000301063020217 0.00255275457616 0.0021360852901 0.00145609117009 0.00196196965133 0.00161095747013 0.00298234052741 0.00403662970916 0.000860631434902 0.00164374416542 0.0021433486002 0.00128559653801 -0.000553538643634 -3.99126119608e-05 0.00182157984838 0.0015621504622 2.81450211224e-05 0.00246117341229 0.0172899774166 0.00269661266231 
-0.00053595998488 0.00221540317458 0.00309537280211 0.00223623769073 -0.000887505301734 0.00167925798875 0.000285468528612 0.00135442498658 0.00124349652355 0.000746572056315 0.00240429650957 0.00131020362661 -0.00020997320243 0.0005945216037 0.00254681859671 0.00389505678809 -0.00104241307574 0.0027439173975 0.00269661266231 0.0412483336676 

['CZN', 'SHLD', 'HIG', 'INTU', 'EK', 'MCO', 'UST', 'DRI', 'DTE', 'PPL', 'CCL', 'WWY', 'FRX', 'APC', 'SEE', 'DJ', 'CIEN', 'BMC', 'ZION', 'MON']