60
0.134016582451 0.0328492958576 -0.00953493093171 0.0300114281637 0.0408230851415 0.0498180241401 0.00753480783794 0.0771685990004 0.134581744136 0.0301615681032 0.0658076634161 0.0451759103614 0.0172523696575 0.0262084488718 0.135848421796 0.0315088302779 0.104921073146 0.0170349265424 0.105790735219 0.00646873977314 0.399937027552 0.0594275332512 0.171628318037 0.143553651187 0.0213104348082 0.00326137985962 0.0384658872101 0.0861575830063 0.128291051585 0.191301962015 0.0170913584406 0.0335790413719 0.0649337142294 0.117315051398 0.149701567326 0.0495038718221 0.0461662895592 0.0283464571838 0.099400173405 0.0403512104362 0.0360508970818 0.025637758891 0.00851722536111 0.0206658862902 0.105790500039 0.0381517477001 0.234257183995 0.0437038130991 0.0526772687529 0.0247676168055 0.0905877796438 0.110374427341 0.0214629747746 0.101218808556 0.18030920859 -0.00694067656108 0.0172601721071 0.131188957491 0.0482129600444 0.332832739506 
0.21218127932 -0.00739371898887 -0.00824480369823 0.0117968478779 0.0240244831539 -0.0108302525503 0.0158100167697 0.0143326549915 0.0203961932946 0.0183842409686 0.00363185373191 0.00634092809192 0.0222731414359 0.018659253637 0.0111942254671 0.0123779148818 0.0381745231112 0.0280329865207 0.00364515497373 0.0289349819951 0.0373601107295 0.0139082644527 0.00619967939159 0.0327222238441 0.0155609581755 0.01238627519 0.0352268080611 0.012970473505 0.0270704050958 0.0201984428364 0.0171816012546 -0.0059784521739 0.0202196709359 0.00393884507323 0.0247127534012 -0.00292739749898 0.0142770279602 0.00633665758596 0.00671381584821 0.00848286490864 0.0305016204684 0.0128045552547 0.0213011103224 0.0193122118327 0.0226996060915 -0.00117805772817 0.000712986605587 0.00101411641335 0.00290180635165 0.00459977774475 0.0126486943199 0.0187239143819 0.0109763665885 0.0127332214175 -0.00153465419764 -0.00301546475407 0.00850196150631 0.0343376699784 -0.00169292817348 0.0130268490483 
-0.00739371898887 0.312673820785 0.0267618007748 0.0330278469928 0.0160889016156 0.00943560970359 -0.00694262892288 0.0226639317068 0.00147962496286 0.0157582056781 0.0215798813396 0.0186337994798 0.0162362835295 0.0269283283027 0.017586935418 0.0124253790514 0.00525385562852 -0.00528449425028 -0.00866106011315 0.0159504650226 0.0832160241544 0.00405506885274 0.00114404506573 0.0716241413844 0.0303235579264 0.0060828997856 0.00658188812052 0.00411202271385 0.0125511311271 0.00803782198698 0.00304068192208 0.0201770777895 0.0106982277319 0.0216632871643 0.0390813635619 0.0127154713204 0.00685904983215 0.0224727696491 0.00546114209386 0.0112740450339 0.0197416370946 -0.00026339276672 0.0043882786385 0.0139728388879 -0.011166029272 0.00636973405318 0.0299724102973 0.0128248897149 -0.0102252986012 0.00980377386985 0.0248546144855 0.0023865975353 -0.0135655894207 0.0254277174728 0.019924173708 -0.00228083730613 0.0189273368729 0.0273156855043 -0.00639431829115 0.00841041015434 
-0.00824480369823 0.0267618007748 0.210601888235 0.0217048190246 -0.00301356948863 -0.0190414275305 0.0161901511001 0.0133494082903 0.0147437030695 0.00841848113125 0.0255974344701 0.0397108441541 0.0133227955361 0.0332831872533 -0.0177941659428 0.032870313688 -0.000807590298774 0.0109713313234 0.00866103253907 0.0124942598603 0.00238854994021 -0.000862917823605 0.0141466025169 -0.00052118667087 -0.00436778573966 0.0180885592531 0.0261258131616 0.00538564086756 0.00166767832788 0.0178872003693 0.0335599117179 0.0038825192966 0.0232912506398 0.0102126337536 -0.0117255389107 0.01035957061 0.0118690756058 0.0223470670783 0.0117708322321 0.014032253744 0.00518518933685 0.020343445269 -0.00907718253066 0.00213935257896 0.0417118081116 0.00533621894689 0.012859213567 -0.00132684105638 -0.00468408495495 0.0133818975111 0.0225769949174 0.000785419871463 0.014553747021 0.016679608428 -0.00357756148753 0.00984877446573 -0.008087239977 -4.05158720254e-05 0.0107783373885 0.0156807222747 
0.0117968478779 0.0330278469928 0.0217048190246 0.194142531518 0.0258641400878 0.00634859824865 0.0215932939509 0.0441149816926 0.0181554332987 0.0125905602027 0.00767194946057 0.00650710411136 0.00337405110892 0.0132944072103 0.0213809821812 0.0439066027079 0.0172531711259 0.0253973726394 -0.00162053481039 0.0409662143325 0.00801929238936 0.0131478019782 0.0229809331841 0.0239340726137 0.0306863087294 0.0137993267773 0.0338549621437 0.017048737634 0.0014786710336 0.0101582039065 0.0426343343343 0.00575082596805 0.0156192772342 0.0048841860502 0.00203828179517 -0.000459336888499 0.0103115746071 0.0210271499837 -0.00423350495792 0.0104467097836 0.0369028308897 0.0240873266419 0.0142804175084 0.0220397484074 0.00723610519272 0.00656593290974 0.0214279789638 0.0134691381767 0.0104121448037 0.00137262085837 0.0171311236253 -0.0102078133456 0.0165340716123 0.0148005744706 0.0100484147009 0.0101512405625 0.00999982148617 0.0178051542583 0.0147886765939 0.0229905494524 
0.0240244831539 0.0160889016156 -0.00301356948863 0.0258641400878 0.183636443142 0.0187645805438 0.0196229694335 0.0221433110407 0.0395327692429 0.0114630316605 -0.0085607728223 0.0335385542584 0.00268381778594 0.0314046938522 0.0184536151326 0.0250199831633 0.0226186953722 0.005852895622 -0.00371631752565 0.0375287529029 0.00607229201747 -0.0051394671192 0.014052379726 0.0199816339862 0.0238985754171 0.0121914199984 0.00656143502984 -0.0132680986477 -0.00689156070495 0.0216047984715 0.0308002716223 0.00833932406694 0.0173930535105 0.00420218253275 0.0575579411809 0.00745212234884 -0.000802029632397 0.0122977242494 0.0177681087908 0.00916317938674 0.0215035974048 0.0265141088853 0.0114873782575 0.0180416783695 0.0283633904202 0.0113820599762 0.0297963497148 0.0127662653407 0.0116333498664 0.0124409690874 0.00689658025382 0.00412846438866 -0.000775387868485 0.0175201693793 0.0336321542382 -0.00588270198199 0.004342856098 0.0111629594254 0.0166031426407 -0.00502331459812 
-0.0108302525503 0.00943560970359 -0.0190414275305 0.00634859824865 0.0187645805438 0.356157080352 0.00478821904181 0.018280159402 -0.0249736973395 0.00580110718127 -0.0169178483471 0.0155869276928 -0.00781160891693 0.00444383324918 -0.0195409087534 0.0188565126829 0.0408853479326 -0.0162535077603 0.0116684256329 -0.00339125892077 0.00828653847505 -0.00544370525626 0.000165920105973 0.0541456228943 -0.00955058165054 0.00737937160971 0.0042516534088 -0.00111762416161 -0.0140877670575 0.0356527760176 0.0153537277254 -0.0204670168786 0.0387008281845 -0.00317215445409 0.0145269524463 -0.0192614211396 0.00458686985977 0.00147676832769 0.0214467853046 0.0208614914883 0.006764152084 0.0210016444765 0.00474103490823 0.0286085298207 -0.0199718640123 0.0197376716057 0.0507625960316 -0.00889481259268 0.0130945586432 0.00353461614291 0.0324360833437 0.172820886355 0.0220644206456 -0.0183251917291 -0.00774617152974 0.0327646759973 0.0117235241119 -0.00459491747419 0.0294368693062 0.0143645452263 
0.0158100167697 -0.00694262892288 0.0161901511001 0.0215932939509 0.0196229694335 0.00478821904181 0.286378074662 0.00775314304399 0.00471513182563 0.00745577461267 -0.00276049579499 0.0100404022565 0.00299982444849 -0.00543444411604 -0.00066315854257 0.0271264730126 0.0025496242279 0.0204377110904 0.0160926831153 0.0161940589006 0.0180277680337 0.00111077643077 0.00991358915692 0.0113782529167 0.0143493677274 0.01262367587 0.0141629102352 -0.00286519539515 0.0401403853524 0.0342462261093 0.00969036481782 0.0234414934163 0.0158577745875 0.00328183751597 0.016557641285 0.0395128663802 -0.00536690349671 0.0184330055955 0.0622522565386 0.0176544381785 0.0207163044275 0.00583589428451 0.0142916532425 0.00923661020914 0.039013894049 0.0559667934189 -0.0383481629782 -0.00662582068436 -0.00135413451892 0.012466503113 0.0131392482171 0.00220065660963 0.0114491674624 -0.0144377489029 0.00695504077212 0.0250673182283 0.0295652273147 0.0315701944648 0.00302761644412 0.0153720599382 
0.0143326549915 0.0226639317068 0.0133494082903 0.0441149816926 0.0221433110407 0.018280159402 0.00775314304399 0.182108474299 0.0121820428973 0.0614121540519 0.00405543580509 0.0200595546098 0.00283641498134 0.037285450493 0.0157643252203 0.0250681547695 0.0414362913733 0.0268834096051 0.0218051573028 0.0113963952028 0.030183203482 0.0177385962485 0.0266055283577 0.0585808275142 0.0146274838948 0.0249426606619 0.0244153431087 -0.00446355811986 -0.0153280362167 0.0468845794622 0.0382602608453 0.0198341538916 0.0229203868507 0.0193225521448 0.0156159045983 0.0146479266106 0.00906259911852 0.0273574714395 0.0265946099788 0.0176456508367 0.0173908963249 0.00777134903545 0.0178823976662 0.0617874062858 0.0176571146336 0.0152495338636 0.0154366996775 0.0353890772684 0.0205816387549 0.00838911824065 0.0239596237718 0.0306284149935 0.0228007336194 0.0176996946539 0.00144263364151 0.024088483005 0.00862247501696 0.0292863672719 0.0253708997075 0.0137896993352 
0.0203961932946 0.00147962496286 0.0147437030695 0.0181554332987 0.0395327692429 -0.0249736973395 0.00471513182563 0.0121820428973 0.356745028575 0.0098576954561 0.00752358979856 0.0184405462533 0.0270235304441 0.0429935076656 0.00402367521895 0.0259077316676 0.0212846606239 0.00484884973939 0.0233391178083 0.00997640215932 0.0500277496373 -0.00964007646655 0.0131828938128 0.0247985970789 0.0407930332985 0.0114152540993 0.0705685703813 0.0220453049293 0.00358703609633 -0.018991861478 0.0203995130457 0.0157181697215 0.000696446749191 0.00519051048271 0.0577799522916 -0.0129446866511 0.0462122662837 0.0118669999171 0.0805054555482 0.00897984363106 0.0123061601949 0.0238543226417 0.00380770052209 0.01547347597 0.0223218317158 0.0198824054359 -0.0101353816902 0.0239781647938 0.0333874052936 0.0097930078339 -0.00330304283005 -0.0104591225982 -0.0119010536443 0.0577325756449 0.0335243442678 0.0447209168176 -0.00863025889991 0.0207677932696 0.0219887762955 0.014374049174 
0.0183842409686 0.0157582056781 0.00841848113125 0.0125905602027 0.0114630316605 0.00580110718127 0.00745577461267 0.0614121540519 0.0098576954561 0.189679552509 0.00762907382848 -0.00485696260707 0.00658305849307 0.0376310243194 0.0231951765125 0.0306955952717 0.024371333188 0.0171667136525 0.0247973261105 0.0199403375862 0.00767451389676 0.0156198316682 0.0305184318425 0.0352287679855 0.0156830293348 0.0159390291058 0.00970720029232 3.83640424582e-05 -0.0154697477638 0.027365137225 0.0464511176839 0.00944627749622 0.018115728178 0.0149993558089 0.0223673642425 -7.99308486002e-05 0.0287162680469 0.0263244650725 0.00672631988109 0.0189753813411 0.0199005825259 0.0154357191233 0.029956640088 0.0749618847665 -0.00404616358493 0.00563264477666 -0.0312017013701 0.0234227823512 0.0183912925785 0.0103115078003 0.0154063594183 0.0251814283499 0.0134100440107 0.025676686423 -0.0357376427215 0.0180410816733 0.0256624296237 0.0150522095359 0.0157175507229 0.0111395460894 
0.00363185373191 0.0215798813396 0.0255974344701 0.00767194946057 -0.0085607728223 -0.0169178483471 -0.00276049579499 0.00405543580509 0.00752358979856 0.00762907382848 0.224887699777 0.0085348733796 0.0208704372405 -0.00100162466592 0.0944403156883 0.0138148709442 0.0055361283611 0.0211366517584 0.0133747014065 0.0283404580118 0.0133099054526 0.00532621800918 0.00811478052548 0.011786997588 -0.00746283291718 0.0114550155692 0.0130906147272 0.0288692115047 0.0544934047982 -0.00931967800064 0.000781485589292 0.00399941921715 0.0282066661453 0.017578296149 0.0134112980772 -0.0144125467287 -0.00832069165807 0.0294524101025 0.0130093673674 0.00499164143504 0.000924099171221 0.00780509106024 0.00480113717651 0.00265267110402 0.00611761083827 0.00754281719035 -0.00975259011681 -0.00164866237307 0.00618391662986 0.0197601321553 0.0289297556288 0.000514883496385 0.000503466183953 0.0328460147691 0.00673980894936 -0.00870610891609 0.00326008946512 -0.00154013593247 -0.0010480753122 -0.0164194921306 
0.00634092809192 0.0186337994798 0.0397108441541 0.00650710411136 0.0335385542584 0.0155869276928 0.0100404022565 0.0200595546098 0.0184405462533 -0.00485696260707 0.0085348733796 0.353814092274 0.0123054837448 0.0595110198054 0.00809294351314 0.0253398370091 0.0293689805124 0.00438411749579 -0.0474551265636 0.00702753396842 0.0179080482318 0.00138330268943 0.011161682274 0.033014909956 0.00759923258955 0.0132149129316 0.0197037862647 0.00891371609666 0.0126524112917 0.0268978314035 -0.00174220658798 0.0207018130042 0.0089440097975 -0.00880017994823 0.00679918931758 0.0378059908111 0.00587357143869 -0.0087992290471 0.0611334403084 0.0141080706258 0.0191097380846 0.0212239318198 0.0204655386889 0.0166565750616 -0.00127477930599 0.0453949787617 -0.00675300215156 0.0226273418951 -0.00582824830879 0.0125045789127 0.0250637775957 0.0235363081609 -0.00311758974495 0.0299694513532 0.0671721030609 0.0244905700409 0.0123964340538 -0.00207256130288 0.00614090700299 0.0439045708603 
0.0222731414359 0.0162362835295 0.0133227955361 0.00337405110892 0.00268381778594 -0.00781160891693 0.00299982444849 0.00283641498134 0.0270235304441 0.00658305849307 0.0208704372405 0.0123054837448 0.186434175827 0.010468098922 0.0145913035852 0.00341935687852 0.00852874832501 0.0112442445955 0.0262519658037 0.0161387515581 -0.000552947240939 -0.00106121710216 0.00758526717739 0.0181924495466 0.0113716912642 0.00119144759337 0.0204645840754 -0.00188509671135 0.0137863813742 0.00580321820386 0.0290787869478 0.0231663063483 0.00640069161955 0.0113962147804 -0.00704566838615 -0.0127781460595 -0.00535946845553 0.00892927110393 0.00402109122009 0.0100533621247 0.0115276826067 0.017530714151 0.0125759998607 0.0198383802474 0.0062969018277 0.00232473028438 -0.0325874879978 0.0108916674952 0.0323811096801 0.00587691310439 0.0125363172211 0.0156536655364 0.0186248782965 0.0124221239254 0.00209245841775 0.0187039121982 0.00302141224737 0.0145304573691 0.00883913983083 0.0153072913671 
0.018659253637 0.0269283283027 0.0332831872533 0.0132944072103 0.0314046938522 0.00444383324918 -0.00543444411604 0.037285450493 0.0429935076656 0.0376310243194 -0.00100162466592 0.0595110198054 0.010468098922 0.28889651362 0.0297017442354 0.0338114451493 -0.00805077676313 0.0205679645812 0.0100058965412 0.0219072276052 0.0567415075587 0.020230832195 0.0602581992231 0.0326123561592 0.0171620874663 0.0298852396722 0.0140609189726 0.00779989068359 -0.000492095013708 0.0225776849166 0.0465708592383 0.0226747237024 0.00456595029169 0.00825430069905 0.00132809380845 0.00422269084005 0.0345126962157 0.0103758841796 0.0280204794475 0.0104278016345 0.0140319339571 0.0228464929385 0.0163452346469 0.0485055501871 0.0165611311455 -0.0540095663601 0.0101735034813 0.0399970890156 0.0128787645231 0.00480882269757 0.023985194048 0.0202284461096 0.0117717024726 0.0443742758357 0.00920347652481 0.00844217078713 0.0279276763643 0.0137018470544 0.0171731202963 0.0317398791834 
0.0111942254671 0.017586935418 -0.0177941659428 0.0213809821812 0.0184536151326 -0.0195409087534 -0.00066315854257 0.0157643252203 0.00402367521895 0.0231951765125 0.0944403156883 0.00809294351314 0.0145913035852 0.0297017442354 0.611418316567 0.0242198282199 0.0152777582613 0.0236301129096 0.0125208014996 0.000394750299814 -0.0176626762313 0.00990969720099 0.0166912949147 0.00631907167955 0.0315795848677 -0.000119275160942 0.0114092662547 0.0107058484993 0.126701855607 0.0147852534664 0.00342311475201 0.00294651828032 0.00233303397068 0.0160851199077 0.0322364222675 -0.000298424901408 -0.0130511996815 0.00742750134276 0.000324713953762 -0.00137144880668 0.0115524751119 0.0018873298053 -0.000792967893679 0.0239943383798 -0.000904675376057 0.0136767978217 -0.0038068105655 0.00651523034661 0.00947216366239 0.00927706675025 0.00604840574345 -0.013120728045 0.0079825260997 -0.0147336162495 0.00827064233619 -0.0188780246269 0.0134636249581 0.0506440682346 0.00723891751079 0.0106070746487 
0.0123779148818 0.0124253790514 0.032870313688 0.0439066027079 0.0250199831633 0.0188565126829 0.0271264730126 0.0250681547695 0.0259077316676 0.0306955952717 0.0138148709442 0.0253398370091 0.00341935687852 0.0338114451493 0.0242198282199 0.203625492829 0.0214530093301 0.00670296641689 -0.00987933938961 0.0187663892507 0.0184953669674 0.00273197031599 0.0211763584512 0.0529715040868 0.0228022201108 0.0140647850244 0.0405937498426 0.00664130489854 0.0182778735436 0.0281726901039 0.0317305083211 0.00886343456653 0.0290494296068 0.0358906766683 -0.0298929042879 0.011457959274 0.00421139403049 0.0330670984816 0.0270520573517 0.00924249944151 0.0356479297635 0.0215136487469 0.016924282863 0.0316936305734 0.019672735145 -0.0052576331376 -0.0224165929549 0.00302887615619 0.00429694710275 0.0159481303449 0.00426900428076 0.0331824936036 0.0178959274281 0.0333823467211 0.0293961874416 0.0177036270238 0.0186934516818 0.00151006083519 0.0213124566664 0.0345358501273 
0.0381745231112 0.00525385562852 -0.000807590298775 0.0172531711259 0.0226186953722 0.0408853479326 0.0025496242279 0.0414362913733 0.0212846606239 0.024371333188 0.0055361283611 0.0293689805124 0.00852874832501 -0.00805077676313 0.0152777582613 0.0214530093301 0.229142979549 0.0344482187861 0.0275456340617 0.033757974139 -0.0131411586686 -0.00788655542385 -0.00901872338525 0.0104852849961 0.00103380234487 0.0226100273101 0.0199055441567 0.0419734229551 0.00658409032241 0.0244939108587 0.0362077337538 0.0173326487128 0.0309330629298 0.0167100281321 0.0305044330011 0.00939075282029 -0.00468797786299 0.015192436771 0.0348147982785 0.0327218996693 0.0393309894042 0.030496570425 -0.00634502735146 0.0209424075483 0.0293864751531 0.0354211326592 0.0712000063859 0.0204533574303 0.0131404470967 0.0254083383675 0.0377924250578 0.025146329212 0.00422940095211 0.0247651579771 0.0160754960124 0.0313399593536 0.00991917352295 0.0630069713746 -0.00662404701148 0.0337934152226 
0.0280329865207 -0.00528449425028 0.0109713313234 0.0253973726394 0.005852895622 -0.0162535077603 0.0204377110904 0.0268834096051 0.00484884973939 0.0171667136525 0.0211366517584 0.00438411749579 0.0112442445955 0.0205679645812 0.0236301129096 0.00670296641689 0.0344482187861 0.178232545394 0.0361450775818 0.0519697621071 0.016776539308 0.00266224051111 -8.38923975762e-05 0.0150393135444 0.00524924524767 0.0110103183595 0.0298169923401 0.0165571698376 0.00764390571717 -0.00964497339346 0.0343591378176 -0.0058570458267 0.0142187206371 0.0116139364215 -0.012029623254 -0.000388171104162 0.00484919275643 0.00654855232463 0.00799429467593 0.013102487235 0.0185930340598 0.0192271776777 0.0197537475172 0.0172215038996 0.0269452896522 0.02408416657 -0.010720741481 0.0128216828797 0.00480701656053 0.0184859577766 0.0107424650385 0.00959027864158 0.00379613906271 0.0114638910821 -0.00320555402254 0.00312865388727 0.0144798130627 0.0570443292681 0.0109718425502 0.0228312567511 
0.00364515497373 -0.00866106011315 0.00866103253907 -0.00162053481039 -0.00371631752565 0.0116684256329 0.0160926831153 0.0218051573028 0.0233391178083 0.0247973261105 0.0133747014065 -0.0474551265636 0.0262519658037 0.0100058965412 0.0125208014996 -0.00987933938961 0.0275456340617 0.0361450775818 0.336107917442 0.0134480125006 -0.0270745163185 -0.0167938358005 0.00140961953861 0.054776424403 0.00174392846253 0.00868614804636 0.0124878184729 0.0059179502854 0.00851483105182 0.0176508305549 0.010649178773 -0.0110814209912 0.0192296375113 0.0107825402876 0.0235686230075 0.0346011363712 0.0491768614588 0.0333629827033 0.0143296554501 0.0223537863427 -9.66810204325e-06 0.0218074433337 0.0256644186007 0.0310054662668 0.0146843132369 0.0220443922243 0.0561149518173 0.0188155001905 0.0156185203034 0.00850791169647 0.0346333791101 0.00832736117088 -0.00934333558898 0.0176065134496 0.00944337299246 0.000791443830683 0.0163821725973 0.059545745371 0.0160050884839 -0.00672952363525 
0.0289349819951 0.0159504650226 0.0124942598603 0.0409662143325 0.0375287529029 -0.00339125892077 0.0161940589006 0.0113963952028 0.00997640215932 0.0199403375862 0.0283404580118 0.00702753396842 0.0161387515581 0.0219072276052 0.000394750299815 0.0187663892507 0.033757974139 0.0519697621071 0.0134480125006 0.154897486456 0.00784211284703 0.000537516692803 0.0206800379113 0.0300285756974 0.0192451304008 0.0208995769904 0.0360534431573 0.0212084886374 0.0239306957959 -0.00450098128256 0.0527822314235 0.00171716519588 0.0194731707953 0.0237759971039 0.00170684082345 -0.00932868944397 0.0157967890681 0.00796889026767 0.0138179435409 0.00749338132437 0.0425435486493 0.0291623738403 0.0284305823271 0.0177517529871 0.0329979727814 0.00158698500652 0.0218332000628 0.00279308852118 0.0277853710966 0.0320656390639 0.0212811714543 0.0149928542263 0.00589867835103 0.00407471842038 0.0110925833653 0.00673346541558 0.0182682567433 0.044186246259 0.0204610624194 -0.00296489832531 
0.0373601107295 0.0832160241544 0.00238854994021 0.00801929238936 0.00607229201747 0.00828653847505 0.0180277680337 0.030183203482 0.0500277496373 0.00767451389676 0.0133099054526 0.0179080482318 -0.000552947240939 0.0567415075587 -0.0176626762313 0.0184953669674 -0.0131411586686 0.016776539308 -0.0270745163185 0.00784211284703 1.30549915428 -0.0109505256719 0.0358868711296 0.040064600492 0.0764004268078 0.000917968995725 0.00480676151938 0.0923682190097 -0.00440737030627 0.0923783696291 -0.00745294056501 0.0328491884463 0.0285821092692 -0.0225132723952 0.0298035349285 0.0300588096164 0.0400124317323 0.0361355877997 0.0525380493434 0.0199344286406 0.0275428567003 -0.0289318114492 0.0222622430613 0.0437751802328 -0.0462113040697 0.0470122658289 -0.0142442121488 0.0075220328701 0.0107252149819 0.00403071261648 0.038431157135 0.0405366346972 0.00850942804032 0.0359926123804 0.0391646520222 0.0814815680042 0.015358274943 0.00843823702129 0.0135922883914 0.0221557876031 
0.0139082644527 0.00405506885274 -0.000862917823604 0.0131478019782 -0.0051394671192 -0.00544370525626 0.00111077643077 0.0177385962485 -0.00964007646655 0.0156198316682 0.00532621800918 0.00138330268943 -0.00106121710216 0.020230832195 0.00990969720099 0.00273197031599 -0.00788655542385 0.00266224051111 -0.0167938358005 0.000537516692803 -0.0109505256719 0.228807399875 0.0191204234723 -0.00482682459 0.00286599337766 0.026090403947 0.00685327360681 0.0089187261245 0.00378592677212 0.0318748198458 0.0023266966097 0.0070177161419 0.0124966735814 0.0171786242442 -0.00446867345819 -0.00813090636981 0.00271466562515 0.0102954109032 0.0309714456561 0.00842941677168 0.0101808060396 0.00780352187715 -0.0036771352579 0.0173460838335 0.00881015708092 -0.0046054905551 -0.00471051140798 0.00242869338453 0.0131456378949 0.0111972453132 -0.0016065266164 0.0158046989992 0.00917046429434 0.0282198188742 0.00735157110575 -0.0184032514756 0.0105103026516 -0.0198788677214 0.0185189197737 0.00151661678116 
0.00619967939159 0.00114404506573 0.0141466025169 0.0229809331841 0.014052379726 0.000165920105973 0.00991358915692 0.0266055283577 0.0131828938128 0.0305184318425 0.00811478052548 0.011161682274 0.00758526717739 0.0602581992231 0.0166912949147 0.0211763584512 -0.00901872338525 -8.3892397576e-05 0.00140961953861 0.0206800379113 0.0358868711296 0.0191204234723 0.261635780798 0.00198500892764 -0.00125151612312 0.00855198800526 0.0287578599975 -0.0305893327126 0.0116500556336 0.00838039368222 0.0144568360465 0.0195911714455 0.0240426182018 0.00794362180303 0.00118816327192 -0.000894407718365 -0.00211212678779 0.0165447465699 0.0288441308869 0.0309816273117 0.010111203369 0.0398332368879 0.0228345168664 0.0210796244947 0.0136981580604 -0.0197618563964 0.00306259200041 -0.00724999507174 0.0287212938311 0.0128663638285 0.0181463873477 0.0275712471073 0.0187850812692 0.000409698524916 0.0140176682429 -0.00016595132021 0.0274838366665 0.0302613882442 0.0553579858556 0.00157111032388 
0.0327222238441 0.0716241413844 -0.000521186670869 0.0239340726137 0.0199816339862 0.0541456228943 0.0113782529167 0.0585808275142 0.0247985970789 0.0352287679855 0.011786997588 0.033014909956 0.0181924495466 0.0326123561592 0.00631907167955 0.0529715040868 0.0104852849961 0.0150393135444 0.054776424403 0.0300285756974 0.040064600492 -0.00482682459 0.00198500892764 0.879666187089 0.0397965350433 0.018636675771 0.0183579535481 0.0421511867289 0.02122572718 0.0343476707505 0.0047992207353 0.0262704594912 0.0516792805743 0.0275824190086 -0.0137616593662 0.00703090966427 -0.00718236832563 0.0061424359076 0.0161137939213 0.0534674830907 0.0150590106002 -0.0216773661489 0.0263925623664 0.042756044995 0.0235913498795 0.00069306178993 -0.00287388549798 0.035559402036 0.049957808595 0.00185522252724 0.0549919772798 0.0316013694203 0.0144422565837 -0.0108143542309 -0.0029887768434 0.030578513981 0.038897476372 -0.00463953251031 0.00956289347376 0.0155294022562 
0.0155609581755 0.0303235579264 -0.00436778573966 0.0306863087294 0.0238985754171 -0.00955058165054 0.0143493677274 0.0146274838948 0.0407930332985 0.0156830293348 -0.00746283291718 0.00759923258955 0.0113716912642 0.0171620874663 0.0315795848677 0.0228022201108 0.00103380234487 0.00524924524767 0.00174392846253 0.0192451304008 0.0764004268078 0.00286599337766 -0.00125151612312 0.0397965350433 0.306702880022 0.0123970028813 0.0212651248247 0.026199655351 0.0100742275293 0.0577811018646 0.0357752745977 -0.000858349947833 0.00921140494362 0.00397032167758 0.111519683045 0.0256579051414 0.0133472652213 0.00352875429485 0.00762190259266 0.0136936635728 0.0123538420057 0.0223298467241 0.0036718003785 0.0247681564461 -0.0127563138099 0.0782298521049 -0.00621178351772 0.0116886490997 0.00968250487546 -0.0148008932112 0.0131596522204 -0.00764812949147 -0.0074341091851 0.0106989353764 -0.00508717935493 0.0327214918066 0.0190416515432 0.0320479572429 0.0139964420569 0.0263017884014 
0.01238627519 0.0060828997856 0.0180885592531 0.0137993267773 0.0121914199984 0.00737937160971 0.01262367587 0.0249426606619 0.0114152540993 0.0159390291058 0.0114550155692 0.0132149129316 0.00119144759337 0.0298852396722 -0.000119275160942 0.0140647850244 0.0226100273101 0.0110103183595 0.00868614804636 0.0208995769904 0.000917968995725 0.026090403947 0.00855198800526 0.018636675771 0.0123970028813 0.157698344792 0.0215402841384 0.0204737532674 -0.00611557773277 0.00835580711538 0.00784614225138 0.0184714597482 0.0228181868195 0.0114835128224 0.00199694340885 -0.0047691955141 0.0213916585632 0.0226404954851 0.0177852106647 0.0100385883407 -0.00436254937189 0.0147086654483 0.0133449769084 0.00924110248664 -0.00222859290762 0.0088870887838 0.011145019662 0.00661878867379 0.00222145437623 0.00652065683141 -0.00506195522676 -0.00904420260887 0.0157938304427 0.0187986247251 -0.00166119176764 0.0122023164056 0.0140600309646 0.00887064549793 -0.0121907378544 0.00578629152796 
0.0352268080611 0.00658188812052 0.0261258131616 0.0338549621437 0.00656143502984 0.0042516534088 0.0141629102352 0.0244153431087 0.0705685703813 0.00970720029232 0.0130906147272 0.0197037862647 0.0204645840754 0.0140609189726 0.0114092662547 0.0405937498426 0.0199055441567 0.0298169923401 0.0124878184729 0.0360534431573 0.00480676151938 0.00685327360682 0.0287578599975 0.0183579535481 0.0212651248247 0.0215402841384 0.207151656604 0.0158913956513 -0.00338996115824 0.0118943244796 0.0360377648662 0.000639000626522 0.0224746788032 0.00643823882508 -0.00782110134453 -0.0063690136126 0.0265141762302 0.0211475509471 0.0251728475136 0.0134680820416 0.0246980142617 0.0238622323682 0.0265828226957 0.0449725477516 0.0220973731994 0.00418320259177 -5.45235007824e-05 0.00348846674729 0.0347255475089 0.0186015642943 -0.00370380967907 -0.00731873870363 0.0135152074993 0.028378211329 0.0488865904584 0.0188766044508 0.00382104447722 0.0172100718858 0.0195226112795 0.0216555002491 
0.012970473505 0.00411202271385 0.00538564086756 0.017048737634 -0.0132680986477 -0.00111762416161 -0.00286519539515 -0.00446355811986 0.0220453049293 3.83640424583e-05 0.0288692115047 0.00891371609666 -0.00188509671135 0.00779989068359 0.0107058484993 0.00664130489854 0.0419734229551 0.0165571698376 0.0059179502854 0.0212084886374 0.0923682190097 0.0089187261245 -0.0305893327126 0.0421511867289 0.026199655351 0.0204737532674 0.0158913956513 0.550612790202 -0.00481332288391 0.00842016196633 -0.00389326947748 0.00305744426853 6.1839106333e-05 0.0228645103764 -0.0267697501203 -0.0116181367669 0.00602948027824 0.00389047674349 0.0317685171552 0.0241883625158 0.0171108983106 0.0692021643811 -0.0109087993758 0.00308076867055 0.0174430366985 0.0419629831531 0.00790780606569 0.0267900336563 0.0273543144134 0.0220879596941 -0.0274191756943 0.0111316169913 0.00711825321639 0.0379552135682 -0.00609692265364 0.00974819901624 0.0135099345683 0.0458955484098 -0.0298651594712 0.0347529534953 
0.0270704050958 0.0125511311271 0.00166767832788 0.0014786710336 -0.00689156070495 -0.0140877670575 0.0401403853524 -0.0153280362167 0.00358703609633 -0.0154697477638 0.0544934047982 0.0126524112917 0.0137863813742 -0.000492095013708 0.126701855607 0.0182778735436 0.00658409032241 0.00764390571717 0.00851483105182 0.0239306957959 -0.00440737030627 0.00378592677211 0.0116500556336 0.02122572718 0.0100742275293 -0.00611557773277 -0.00338996115824 -0.00481332288391 0.468808013461 0.0480325974839 0.00851959453429 0.0242558333184 0.00347529245313 0.0669706903106 -0.0109997572281 0.0222042170914 0.044059599077 0.0289198875417 0.00404235296181 0.00707760578643 0.019296088067 -0.0056931682799 0.0173733134692 -0.00536762005951 0.0352705321529 0.0066749961913 0.00164166300567 0.0317742944552 0.0205497775012 0.00210293037759 0.0222960887544 -0.0177481179034 -0.00169534114277 0.0487883544308 0.046584629199 0.0243025906135 0.0120749221868 0.00417616047436 0.0220692593309 0.0131958717576 
0.0201984428364 0.00803782198698 0.0178872003693 0.0101582039065 0.0216047984715 0.0356527760176 0.0342462261093 0.0468845794622 -0.018991861478 0.027365137225 -0.00931967800064 0.0268978314035 0.00580321820386 0.0225776849166 0.0147852534664 0.0281726901039 0.0244939108587 -0.00964497339346 0.0176508305549 -0.00450098128256 0.0923783696291 0.0318748198458 0.00838039368222 0.0343476707505 0.0577811018646 0.00835580711538 0.0118943244796 0.00842016196633 0.0480325974839 0.426619874705 0.0144063637922 0.0161706722301 0.0332257256329 -0.0105514014513 0.077579949398 0.0270622658171 0.00410825574407 0.00270720053206 0.00724385817611 0.0236373593335 0.0279161924223 0.00647570897414 0.025899990262 0.0323716566434 -0.0146879583727 0.0450253933638 0.014025524474 0.00616085392419 0.0231054050589 0.00710184385317 0.0445979795591 0.0475824950592 0.0227228612294 0.0183936460151 0.062389217463 -0.000180853427313 0.00767109067251 0.0559172275635 0.0147431780223 0.0544260457219 
0.0171816012546 0.00304068192208 0.0335599117179 0.0426343343343 0.0308002716223 0.0153537277254 0.00969036481782 0.0382602608453 0.0203995130457 0.0464511176839 0.000781485589293 -0.00174220658798 0.0290787869478 0.0465708592383 0.00342311475201 0.0317305083211 0.0362077337538 0.0343591378176 0.010649178773 0.0527822314235 -0.00745294056501 0.0023266966097 0.0144568360465 0.0047992207353 0.0357752745977 0.00784614225138 0.0360377648662 -0.00389326947748 0.00851959453429 0.0144063637922 0.192087377879 0.0209899844562 0.0109772582144 0.00502665265783 0.00322781838372 0.0150508533737 0.0286194469744 0.00200562504966 0.00927783729199 0.002204010239 0.053474977511 0.0157179927908 0.0232221509584 0.0353165702702 -0.0105732179424 0.00249731287979 0.0119129298328 0.01619045098 0.0113190587583 0.00937053629358 0.00248504552761 0.0120231876835 0.0173786389982 0.0160871988128 0.0230491225169 0.012994015858 0.00355082416309 0.0309904782686 0.0200749110537 0.0265060170608 
-0.0059784521739 0.0201770777895 0.0038825192966 0.00575082596805 0.00833932406694 -0.0204670168786 0.0234414934163 0.0198341538916 0.0157181697215 0.00944627749622 0.00399941921715 0.0207018130042 0.0231663063483 0.0226747237024 0.00294651828032 0.00886343456653 0.0173326487128 -0.0058570458267 -0.0110814209912 0.00171716519588 0.0328491884463 0.0070177161419 0.0195911714455 0.0262704594912 -0.000858349947833 0.0184714597482 0.000639000626521 0.00305744426853 0.0242558333184 0.0161706722301 0.0209899844562 0.236448134507 0.0283288825199 0.0171922153335 0.0189293949765 -0.0160401582233 0.000391091481629 0.00867787044637 0.0293456987437 0.0175963297615 0.000252519060754 0.0128678364688 0.0040169257756 0.00169611095218 0.0168652230134 0.00517514018538 0.00759035971391 -0.00229347679776 0.00382169330552 0.00280417004741 0.00581623385644 -0.0259220790612 0.0102043987405 0.0180993134393 0.00111815270832 -0.0011800656669 0.00638296796754 0.0274713916792 0.00674565797848 0.00963809816301 
0.0202196709359 0.0106982277319 0.0232912506398 0.0156192772342 0.0173930535105 0.0387008281845 0.0158577745875 0.0229203868507 0.000696446749191 0.018115728178 0.0282066661453 0.0089440097975 0.00640069161955 0.00456595029169 0.00233303397068 0.0290494296068 0.0309330629298 0.0142187206371 0.0192296375113 0.0194731707953 0.0285821092692 0.0124966735814 0.0240426182018 0.0516792805743 0.00921140494362 0.0228181868195 0.0224746788032 6.1839106333e-05 0.00347529245313 0.0332257256329 0.0109772582144 0.0283288825199 0.178915335844 0.00995630343808 0.0198866621945 0.00199600633513 0.0214367167859 0.0166579482437 0.0353351858481 0.0241888900366 0.0163174547912 0.0111890876928 0.00885189743501 0.0218720480195 0.00703534256696 0.0278867741521 0.0141778158715 0.0204553003303 0.0238936709793 0.0143980416086 0.00273446331324 0.0279634279097 0.021434074627 0.0231798246551 0.0101877470009 0.0313725781069 0.0328296989854 0.0121105619702 0.0206083831096 0.0152412460388 
0.00393884507323 0.0216632871643 0.0102126337536 0.0048841860502 0.00420218253275 -0.00317215445409 0.00328183751597 0.0193225521448 0.00519051048271 0.0149993558089 0.017578296149 -0.00880017994823 0.0113962147804 0.00825430069905 0.0160851199077 0.0358906766683 0.0167100281321 0.0116139364215 0.0107825402876 0.0237759971039 -0.0225132723952 0.0171786242442 0.00794362180303 0.0275824190086 0.00397032167758 0.0114835128224 0.00643823882508 0.0228645103764 0.0669706903106 -0.0105514014513 0.00502665265783 0.0171922153335 0.00995630343808 0.351929914685 0.011351231844 0.000937618784363 0.0143096099624 0.00315673558811 0.0273168150314 0.0242613180651 0.0177221471871 0.0153489065033 0.00797710305591 0.0138325325918 0.00774538606216 -0.000913681378435 -0.0614541598559 0.00452218175433 0.0142159512117 0.0153719678639 0.00543096652326 0.000179992595846 -0.00737328318024 0.06373459917 0.030861711088 0.00446578828448 0.00902972916405 0.00102956074471 -0.00763180929159 -0.0403103000521 
0.0247127534012 0.0390813635619 -0.0117255389107 0.00203828179517 0.0575579411809 0.0145269524463 0.016557641285 0.0156159045983 0.0577799522916 0.0223673642425 0.0134112980772 0.00679918931758 -0.00704566838615 0.00132809380845 0.0322364222675 -0.0298929042879 0.0305044330011 -0.012029623254 0.0235686230075 0.00170684082345 0.0298035349285 -0.00446867345819 0.00118816327192 -0.0137616593662 0.111519683045 0.00199694340885 -0.00782110134453 -0.0267697501203 -0.0109997572281 0.077579949398 0.00322781838372 0.0189293949765 0.0198866621945 0.011351231844 0.446029902114 0.0314101644075 0.00555511844429 0.00936365079427 0.013127492511 0.016921344189 0.00932594212394 0.0210609675958 0.0121577904259 0.0166873661335 -0.00262480679133 0.0342733231915 0.0554792928055 0.0138030793331 0.00725429335828 -0.0114393737592 0.0534255707731 0.00436335461392 0.00991778387871 0.010485315537 -0.0150491326987 -0.0109182473767 0.00848140552636 0.0423335301802 0.0140863779672 0.000945652440114 
-0.00292739749898 0.0127154713204 0.01035957061 -0.000459336888499 0.00745212234884 -0.0192614211396 0.0395128663802 0.0146479266106 -0.0129446866511 -7.99308486004e-05 -0.0144125467287 0.0378059908111 -0.0127781460595 0.00422269084005 -0.000298424901408 0.011457959274 0.00939075282029 -0.000388171104162 0.0346011363712 -0.00932868944397 0.0300588096164 -0.00813090636981 -0.000894407718365 0.00703090966426 0.0256579051414 -0.0047691955141 -0.0063690136126 -0.0116181367669 0.0222042170914 0.0270622658171 0.0150508533737 -0.0160401582233 0.00199600633513 0.000937618784363 0.0314101644075 0.31513304691 0.011948056496 0.00359111532683 -0.000317521850281 0.0128659929034 0.0100482472681 0.0251401633021 0.0301945375047 0.019210468223 0.00767731875366 0.0326177132477 0.0305297445595 0.00743466416163 0.00120285869952 -0.00105868068635 0.0262005939655 -0.00998894855203 0.00802854862466 -0.00541832734276 0.00440562920245 -0.00513301727282 0.0428535924598 0.00139739121676 0.0195329622211 -0.00177044662134 
0.0142770279602 0.00685904983215 0.0118690756058 0.0103115746071 -0.000802029632396 0.00458686985977 -0.00536690349671 0.00906259911852 0.0462122662837 0.0287162680469 -0.00832069165807 0.00587357143869 -0.00535946845553 0.0345126962157 -0.0130511996815 0.00421139403049 -0.00468797786299 0.00484919275643 0.0491768614588 0.0157967890681 0.0400124317323 0.00271466562515 -0.00211212678778 -0.00718236832563 0.0133472652213 0.0213916585632 0.0265141762302 0.00602948027824 0.044059599077 0.00410825574407 0.0286194469744 0.000391091481629 0.0214367167859 0.0143096099624 0.00555511844429 0.011948056496 0.31083563128 0.0208213939854 0.0534918341839 0.0117532701744 0.0232458188767 0.00246857273889 0.0172824611878 0.02999533879 0.00725175269536 0.00912484726109 0.119054347263 0.0236757026483 0.0193520210434 0.00903755172282 0.00658584371909 -0.0105314836977 0.0154754764455 0.0511605741367 0.0135437896971 0.0302956614655 0.0156986570198 0.0161056133421 0.0115129584313 0.0371970269559 
0.00633665758596 0.0224727696491 0.0223470670783 0.0210271499837 0.0122977242494 0.00147676832769 0.0184330055955 0.0273574714395 0.0118669999171 0.0263244650725 0.0294524101025 -0.0087992290471 0.00892927110393 0.0103758841796 0.00742750134276 0.0330670984816 0.015192436771 0.00654855232463 0.0333629827033 0.00796889026767 0.0361355877997 0.0102954109032 0.0165447465699 0.0061424359076 0.00352875429485 0.0226404954851 0.0211475509471 0.00389047674349 0.0289198875417 0.00270720053206 0.00200562504966 0.00867787044637 0.0166579482437 0.00315673558811 0.00936365079427 0.00359111532683 0.0208213939854 0.171789530573 0.021325961147 0.0311518821318 0.00652372943244 0.019926373926 0.0129665161796 0.00504359839749 0.00223320102139 0.016581243742 0.0208810105905 0.0167475839867 0.0098720643503 0.0119426682265 0.000488836535525 0.00124086517805 0.00835227441234 0.0203825916481 -0.00843677715309 0.0172567575627 0.00843498901478 0.0162773038327 -0.0014863397405 0.023287219557 
0.00671381584821 0.00546114209386 0.0117708322321 -0.00423350495792 0.0177681087908 0.0214467853046 0.0622522565386 0.0265946099788 0.0805054555482 0.00672631988109 0.0130093673674 0.0611334403084 0.00402109122009 0.0280204794475 0.000324713953762 0.0270520573517 0.0348147982785 0.00799429467593 0.0143296554501 0.0138179435409 0.0525380493434 0.0309714456561 0.0288441308869 0.0161137939213 0.00762190259266 0.0177852106647 0.0251728475136 0.0317685171552 0.00404235296181 0.00724385817611 0.00927783729199 0.0293456987437 0.0353351858481 0.0273168150314 0.013127492511 -0.000317521850281 0.0534918341839 0.021325961147 0.320217475981 0.00883415306596 0.0186492977958 0.0102681412109 0.0120664732348 0.0112478300263 0.00476001309308 0.025247596699 -0.0183607928059 0.0391472591389 0.0289473565613 0.0296243839794 0.0107370441103 0.0533478797775 0.00568203480984 0.0719678852397 0.0208210181164 0.0652951574833 -0.00624947401222 0.0138687578795 0.0218524949415 0.0132350435903 
