40
0.099400173405 0.0566217234647 0.0300114281637 0.00859756350963 0.144106781955 0.0625636206577 0.0445346556631 0.0422860283868 0.106356452037 0.0160420823192 -0.00694067656108 0.00753480783794 0.0965978414643 0.0181340887913 0.101801748802 0.0202129727645 0.109959402945 0.190895055806 0.0623269012124 0.0946597506959 0.0755027876102 0.00839736130492 0.0256858872149 0.0797862135264 0.0756818342608 0.070293401022 0.0716337087719 0.0345230729479 0.0842142990337 0.0617018630506 0.0913653440874 0.0160922749751 0.0571643700905 0.0559799775446 0.0916609470377 0.0904248988876 0.00154943769328 0.0798623823862 0.104550469133 -0.00953493093171 
0.336215178274 0.00481105013444 0.000598930844193 0.0308137005809 0.00620724567409 0.0568642155392 -0.00313127057808 -0.00853575313688 0.0386246415682 0.0230786642422 0.0674414755839 0.0517592727651 0.0209165501758 0.0268031971628 0.0255332704324 0.0430593091609 0.0410220984267 0.0693068536473 0.0314027519434 0.0383544315313 0.0299520087371 0.0261387875826 0.00154378875162 0.0225162753039 0.00689202213093 -0.00153182814416 0.0204011426328 0.0182327598282 0.0597370592373 0.0170737301522 0.0342025084797 -0.0105815676119 0.0350878868906 0.00663801738981 0.00923653538315 0.0212326245536 0.0256511530786 0.0296140707233 0.0538620466305 0.0198679562483 
0.00481105013444 0.175109395551 0.0417524634239 0.0269110008366 -0.00739408696329 0.0147684867459 0.0494333979751 0.0157168296723 0.0581423252879 0.0327412294861 0.022499876634 -0.00237234834386 0.0480189721243 0.0500728772597 0.0137774982573 0.0323244950543 0.0267348368241 0.0189551549396 0.0387074417882 0.0152231089476 0.0194459687343 0.035179524392 0.00404755016549 0.0142548882913 0.0274691362578 0.0265958093364 0.0235405379557 0.0294610413335 0.0103416693947 0.0316206531475 0.0255508347622 0.00718498970702 0.021684403975 0.00600773897352 -0.0036036380204 0.0333346751875 0.0175214079448 0.011045077595 0.0180730374235 0.0132199657544 
0.000598930844193 0.0417524634239 0.21475470428 0.0207823301613 0.0140647442077 0.0284717251363 0.0300458512054 0.0227016401625 0.00606218806226 0.0367680569063 0.0169259289015 0.0228567496124 0.0219908131629 0.010356985371 0.0146538829466 0.0166970569349 0.0141725379691 0.0274069027451 0.0183755448754 0.0090520495545 0.0323955015521 0.0286201369214 0.0158696601495 0.0175271089098 0.0233958129914 0.0111614455884 0.0137003698108 0.00384040451235 0.00816869251465 0.0227342578898 0.0122837981244 0.000567404294191 0.0135941069061 0.00213880471983 0.00618128393293 0.0134608525451 0.00863076471608 0.00982854267957 0.000988980186406 0.0292316185366 
0.0308137005809 0.0269110008366 0.0207823301613 0.216864258954 0.0195734707011 0.013456336466 -0.0216960748461 0.0123053044014 -0.00315672228463 0.0128767615205 0.0262382121464 -0.000987969827834 0.03187290218 0.0350746411112 0.00539787817818 0.031047644647 0.0191823826214 0.022294280051 0.0176199456574 0.0248354161326 -0.0383356139887 0.0363815916124 -0.00731844763964 0.0189178017103 0.0222090988287 -0.0131221283755 -0.00408182687955 -0.00589822081766 0.00915069221098 0.01836839774 0.0286901162463 0.0160079251127 0.0289607828501 0.0158196837573 0.00674631726085 -0.0118850609225 -0.0132300334142 -0.00987135057843 0.0198926092026 0.0114596474145 
0.00620724567409 -0.00739408696329 0.0140647442077 0.0195734707011 0.327536230489 -0.00330987405529 -0.0234463845784 0.00161050432282 0.0036732846056 0.02077772015 -0.0182713622038 -0.0125893654749 0.0149650947906 0.0212527129653 -0.00294826013054 0.030044955544 0.0235743601883 0.00983668030666 0.0124214367576 0.0252052544052 0.00232709392623 0.0105164768462 0.0299821254832 0.00800233410513 0.0208570395243 0.0175123109597 0.00701625235854 0.00692048752938 0.0127266037861 0.00359203898173 -0.00371880012325 0.0054821893381 0.0278774569318 0.0272855150786 0.0585170663561 0.00334507381196 -0.00611706771184 -0.00585351464358 0.0710614344157 -0.00806306130589 
0.0568642155392 0.0147684867459 0.0284717251363 0.013456336466 -0.00330987405529 0.292386938146 0.00708200578625 0.0336641108212 0.0251365635744 0.0288745900568 0.00466625790908 0.0187021165056 0.0199845504845 0.0107465323589 0.00677313138882 0.0358265088478 0.0320154067421 0.0209690330233 0.0443777863074 0.0192033901812 0.0152832296142 0.038021431646 0.0217244471163 0.0188433294352 0.0159271351849 0.0669059643004 0.0288916873875 0.00856453063475 0.0218876409046 0.0244255463383 0.0532280586878 -0.0228874388748 0.0221040891699 0.0111248574628 0.0260835717802 0.000750144653034 0.00306650477259 -0.0134417521649 0.0197852071586 0.0263585227 
-0.00313127057808 0.0494333979751 0.0300458512054 -0.0216960748461 -0.0234463845784 0.00708200578625 0.612529208006 0.0173184779494 0.0694898788007 0.0283931499796 -0.0197801840844 0.0176040852008 0.0440576984132 0.024291346316 -0.00505360965331 -0.00280947677843 0.0271318627021 0.0636323972659 0.0109967995281 -0.0176974246157 0.000431888334638 0.0140703220013 0.055261443216 -0.00339362512345 0.0196845041011 -0.0112806511965 -0.0131567356727 0.0350196310151 3.60876519821e-05 -0.00630476161778 0.0296387833288 0.0131024586967 0.0362519642812 0.00358010344604 -0.0108257023143 0.0142613156759 0.00390447326712 0.0375464883811 0.047250212531 0.047402344229 
-0.00853575313688 0.0157168296723 0.0227016401625 0.0123053044014 0.00161050432282 0.0336641108212 0.0173184779494 0.24323082058 -0.00364859196235 0.0117756105144 0.00569081019628 0.0221663307759 0.0356416022301 0.0103681038963 -0.0107683551549 0.0207988932329 0.0252159499028 0.00600746780801 -0.00617525919141 0.0116549890234 0.0104417954916 0.0228030705582 0.00660395019704 0.0227397242811 -0.00303617653419 0.0235055968346 0.0195630697338 0.00306507395291 0.0238019073266 0.0136817112333 0.0378640511779 -0.00140787595911 0.021721828815 -0.00255849759119 0.0118149068167 -0.0154525598187 -0.00406817128771 -0.00278422929969 5.07952031628e-06 -0.0101272799515 
0.0386246415682 0.0581423252879 0.00606218806226 -0.00315672228463 0.0036732846056 0.0251365635744 0.0694898788007 -0.00364859196235 0.490629479308 0.0127222850648 0.0181380689756 0.0171177560855 0.0220963033593 0.0333015895399 0.0165624803454 0.018343439498 0.0221120185292 0.0644261833671 0.0308539590981 0.0485258598304 -0.0202564565727 0.0153602195718 0.0129603160178 0.006342836961 0.0299262425758 0.0410239519695 -0.00361770274245 0.0537364188085 0.0324082591528 0.0268162754917 0.0525941458147 0.00446508530128 0.0123479588544 0.013320920586 0.0125289382367 0.152356228973 0.0231148675174 0.159700633577 0.035796334825 0.00598995759231 
0.0230786642422 0.0327412294861 0.0367680569063 0.0128767615205 0.02077772015 0.0288745900568 0.0283931499796 0.0117756105144 0.0127222850648 0.172517572174 0.0201527673193 0.0189528383672 0.0242249669498 0.0352840082179 0.00143114164999 0.014729138238 0.0420876173452 0.0141788397041 0.0488409048607 0.00474873660266 0.0192274117808 0.029244422912 0.034571641702 0.0480234311772 0.0225729154461 0.0131812378667 0.024696514905 0.0268126147838 0.00929680520217 0.0299530402079 0.0289743523872 0.00181080880441 0.0317917305115 -0.000182120765995 0.0127420123421 0.0206322276823 0.00843038745031 0.0191136624692 0.00996690542617 0.0182178465854 
0.0674414755839 0.022499876634 0.0169259289015 0.0262382121464 -0.0182713622038 0.00466625790908 -0.0197801840844 0.00569081019628 0.0181380689756 0.0201527673193 0.375054120514 0.026530895509 0.0287664234791 0.00631269581274 0.0254416675766 0.027507299803 0.0149726102534 0.0471786874419 0.0119411304292 -0.00740189855266 0.0240064465333 0.00109054671184 0.019199708504 0.0286058969218 0.0194127931279 0.0221186977579 0.00300100148281 0.0140025898609 0.00249006969784 0.0192105129158 0.0396478083182 -0.00111313588713 0.0325683170775 0.0207980133543 -0.000366567586497 -0.00640956467389 -0.00200365521575 0.00384880280981 0.113657546467 0.0166385256809 
0.0517592727651 -0.00237234834386 0.0228567496124 -0.000987969827834 -0.0125893654749 0.0187021165056 0.0176040852008 0.0221663307759 0.0171177560855 0.0189528383672 0.026530895509 0.296453388123 0.0229510490468 0.00367558671016 0.0527759652156 0.0186954728341 0.0448396697402 0.00272305272413 0.0165408667785 0.0191502148964 -0.00359399593347 0.0132679055113 0.0057879443477 0.0294082299131 0.0182225179531 0.000328352239019 0.0167145559723 -0.00128542863828 0.0330661331153 0.00663381595043 -0.00540856195414 -0.00643726671712 0.0105959589241 0.0107075905272 0.0189680925978 0.00790580856005 0.0258077289981 -0.00542040031558 0.0477162049045 0.0197340876809 
0.0209165501758 0.0480189721243 0.0219908131629 0.03187290218 0.0149650947906 0.0199845504845 0.0440576984132 0.0356416022301 0.0220963033593 0.0242249669498 0.0287664234791 0.0229510490468 0.436445649123 0.0275150463885 0.0317274176797 0.0231344719925 0.025702095035 0.0327921868343 0.018754135551 0.0465695494653 0.0324250177383 0.0318452165114 0.0157668890356 0.0114789385867 0.0103490555238 0.00201167658921 0.0117716411095 0.0126982186159 -0.0253253073804 0.0185402283515 0.0414905406308 0.011071134294 0.0317479682228 0.0305742004771 0.000214838611256 -0.0294822480275 0.00600040692414 -0.00153151893474 0.0369422497678 0.0110712131603 
0.0268031971628 0.0500728772597 0.010356985371 0.0350746411112 0.0212527129653 0.0107465323589 0.024291346316 0.0103681038963 0.0333015895399 0.0352840082179 0.00631269581274 0.00367558671016 0.0275150463885 0.27810816115 0.0380819068936 0.035601953822 0.0191391251171 -0.00578977601967 0.0233041272256 0.06218496271 0.0533817171126 0.0232264812447 -0.00441568798675 0.015905429507 0.0183832796012 -0.0146208054737 0.0159963722825 0.00188687306092 -0.0107340953313 0.0011950049001 0.029036488824 0.00491331407466 0.0121710814233 0.0451171175507 0.0168440529138 0.0323372293361 -0.012268980921 0.0238805184592 0.00968732708365 0.0154366144332 
0.0255332704324 0.0137774982573 0.0146538829466 0.00539787817818 -0.00294826013055 0.00677313138882 -0.00505360965331 -0.0107683551549 0.0165624803454 0.00143114164999 0.0254416675766 0.0527759652156 0.0317274176797 0.0380819068936 0.30334911638 0.0040047072606 0.0362757347085 0.0129580370572 0.011259357163 0.00251098407505 0.00476237066733 0.0180026532951 0.0161952901176 0.0132899441805 0.00291985185641 0.0190299773689 0.000877930177842 0.0063427721479 0.0223120851789 0.0203360351971 0.0145532155365 -0.00297026311054 0.0060503077053 0.0172289900029 0.00433177066853 0.0352889312068 0.00695590800485 0.0350059563889 0.0274265633819 -0.0050248538227 
0.0430593091609 0.0323244950543 0.0166970569349 0.031047644647 0.030044955544 0.0358265088478 -0.00280947677843 0.0207988932329 0.018343439498 0.014729138238 0.027507299803 0.0186954728341 0.0231344719925 0.035601953822 0.0040047072606 0.198590748407 0.0304544601572 0.0271696735452 0.0231667301092 0.0319548818011 0.0145991012582 0.0196079939411 0.0183964468 0.0142028966053 0.022979582872 0.0307298608827 0.00204567312341 0.0270167770409 -0.00246868649495 0.0212990119053 0.0312497166718 0.0154107277388 0.022930934966 0.0211316179302 0.0350044129592 0.0313831397811 0.0140305462805 0.0144617445145 0.0233948216668 0.0301705796176 
0.0410220984267 0.0267348368241 0.0141725379691 0.0191823826214 0.0235743601883 0.0320154067421 0.0271318627021 0.0252159499028 0.0221120185292 0.0420876173452 0.0149726102534 0.0448396697402 0.025702095035 0.0191391251171 0.0362757347085 0.0304544601572 0.403736031466 0.0296545632719 0.0217757937817 0.0288961096959 0.0343944713683 0.0249078422213 0.0206173665957 0.0132862240284 -0.00706717439086 0.022590764978 0.0315939219307 0.0304992892826 0.0416799482753 0.0148784962412 0.041913024875 0.0146521005509 0.0318927421442 0.0070439227663 0.0491183599708 0.0195661248081 0.0125662825805 0.0172567154382 0.0351626051118 -0.00711399991451 
0.0693068536473 0.0189551549396 0.0274069027451 0.022294280051 0.00983668030666 0.0209690330233 0.0636323972659 0.00600746780801 0.0644261833671 0.0141788397041 0.0471786874419 0.00272305272413 0.0327921868343 -0.00578977601967 0.0129580370572 0.0271696735452 0.0296545632719 0.552588290575 0.0305959146466 0.0106812972516 0.0186781009632 0.033237181857 0.0170973720269 0.00549169075228 0.00467496264769 0.0317974028563 -0.00709484021175 0.0158670809206 0.038958454993 0.0273261188693 0.0374661373413 0.00489556515052 0.0113006201215 0.0284260932334 0.0165265614632 0.0440988950066 -0.0152763370223 0.0833533714901 0.0475206921449 0.00672734360305 
0.0314027519434 0.0387074417882 0.0183755448754 0.0176199456574 0.0124214367576 0.0443777863074 0.0109967995281 -0.00617525919141 0.0308539590981 0.0488409048607 0.0119411304292 0.0165408667785 0.018754135551 0.0233041272256 0.011259357163 0.0231667301092 0.0217757937817 0.0305959146466 0.248867195024 -0.00809285662816 0.0617619861096 0.0258566177774 0.0447175753086 0.0354474715618 0.0377876410198 0.0129412918881 0.0181876456624 0.0113146631447 0.0143966627669 -0.00288486263507 0.00494353293447 0.000749237764471 0.0298368584054 0.0353497567174 0.0131511126016 0.00985353209937 0.0221493166588 0.0453666227749 0.0103603229187 0.0250682402726 
0.0383544315313 0.0152231089476 0.0090520495545 0.0248354161326 0.0252052544052 0.0192033901812 -0.0176974246157 0.0116549890234 0.0485258598304 0.00474873660266 -0.00740189855266 0.0191502148964 0.0465695494653 0.06218496271 0.00251098407506 0.0319548818011 0.0288961096959 0.0106812972516 -0.00809285662816 0.449390007367 0.0376282962597 0.0235460942065 0.0157666911971 0.00663522538485 0.00828310821142 0.000542753454793 0.00822634183694 0.00562186245922 0.0198109373761 -0.0262673535098 0.0572398024145 -0.00161098192406 0.0343524355204 0.0164994245939 0.0133663931544 0.0178696012461 0.0110621339038 0.0191882668954 0.00834901296732 -0.015344352006 
0.0299520087371 0.0194459687343 0.0323955015521 -0.0383356139887 0.00232709392623 0.0152832296142 0.000431888334637 0.0104417954916 -0.0202564565727 0.0192274117808 0.0240064465333 -0.00359399593347 0.0324250177383 0.0533817171126 0.00476237066733 0.0145991012582 0.0343944713683 0.0186781009632 0.0617619861096 0.0376282962597 0.722707192459 0.00382080699985 0.0207291062479 0.0172176012861 0.0018713387815 0.0269746868291 0.00307717496522 0.00262213597148 0.0329775543907 0.00247772857575 0.101485610237 0.00964012592719 -0.00927215111783 0.0211558373826 0.00407758110459 -0.0210987553724 -0.00308643161301 -0.0189422636656 0.0030219881169 -0.00486792068647 
0.0261387875826 0.035179524392 0.0286201369214 0.0363815916124 0.0105164768462 0.038021431646 0.0140703220013 0.0228030705582 0.0153602195718 0.029244422912 0.00109054671184 0.0132679055113 0.0318452165114 0.0232264812447 0.0180026532951 0.0196079939411 0.0249078422213 0.033237181857 0.0258566177774 0.0235460942065 0.00382080699985 0.137925639572 0.0175680665142 0.0242561287858 0.0246651033723 0.00135506716784 0.00495001551664 0.0155577127434 0.00469041300716 0.0161282822754 0.0272584911851 0.00339614913668 0.0135445961422 0.023003721567 0.00985840335487 0.00246036160118 0.0081520793087 -0.00530235000155 0.0189471360859 0.0207354325226 
0.00154378875162 0.00404755016549 0.0158696601495 -0.00731844763964 0.0299821254832 0.0217244471163 0.055261443216 0.00660395019704 0.0129603160178 0.034571641702 0.019199708504 0.0057879443477 0.0157668890356 -0.00441568798675 0.0161952901175 0.0183964468 0.0206173665957 0.0170973720269 0.0447175753086 0.0157666911971 0.0207291062479 0.0175680665142 0.208198136789 0.0227897607782 0.0170798756085 0.00375007228338 0.00519898148867 0.010670382323 0.0178744156551 0.0102386059136 0.0124841082677 0.000972509237397 0.0543484767152 0.0172622087457 0.0143459709909 -0.0107817723979 0.00839388114141 -0.000664038434387 0.00146841760891 0.0205215609308 
0.0225162753039 0.0142548882913 0.0175271089098 0.0189178017103 0.00800233410513 0.0188433294352 -0.00339362512345 0.0227397242811 0.006342836961 0.0480234311772 0.0286058969218 0.0294082299131 0.0114789385867 0.015905429507 0.0132899441805 0.0142028966053 0.0132862240284 0.00549169075228 0.0354474715618 0.00663522538485 0.0172176012861 0.0242561287858 0.0227897607782 0.242277192426 0.0106929865416 0.00235553422722 0.02242692507 0.0100746265199 0.0116220561637 0.0205237538853 0.0240374542524 0.00884134230066 0.0333143478334 0.0209996259961 -4.39193989347e-05 -0.00693849077705 0.0128807310964 0.00219395714833 0.0267219831018 0.0191520140693 
0.00689202213092 0.0274691362578 0.0233958129914 0.0222090988287 0.0208570395243 0.0159271351849 0.0196845041011 -0.00303617653419 0.0299262425758 0.0225729154461 0.0194127931279 0.0182225179531 0.0103490555238 0.0183832796012 0.00291985185641 0.022979582872 -0.00706717439086 0.00467496264769 0.0377876410198 0.00828310821142 0.0018713387815 0.0246651033723 0.0170798756085 0.0106929865416 0.217342169553 0.0235220353596 0.0304670311663 0.0269382237755 0.00652691850204 0.0280060553362 0.0171978107062 0.0186837336981 0.00846130641197 0.0129064812283 0.00174047427649 0.00679311331635 0.00246942875764 -0.00460155618798 -0.00486041790983 0.00730400317665 
-0.00153182814416 0.0265958093364 0.0111614455884 -0.0131221283755 0.0175123109597 0.0669059643004 -0.0112806511965 0.0235055968346 0.0410239519695 0.0131812378667 0.0221186977579 0.000328352239019 0.00201167658921 -0.0146208054737 0.0190299773689 0.0307298608827 0.022590764978 0.0317974028563 0.0129412918881 0.000542753454794 0.0269746868291 0.00135506716784 0.00375007228338 0.00235553422722 0.0235220353596 0.323301932393 0.0157315534863 0.0342210893926 0.0104814420446 0.0414876650242 0.0517298274779 0.0214265101583 -0.00237227778409 0.0111963164781 0.0094318808045 0.0149678596276 0.0238818477069 0.0116326595244 0.0342797112697 0.00953240806417 
0.0204011426328 0.0235405379557 0.0137003698108 -0.00408182687955 0.00701625235854 0.0288916873875 -0.0131567356727 0.0195630697338 -0.00361770274245 0.024696514905 0.00300100148281 0.0167145559723 0.0117716411095 0.0159963722825 0.000877930177841 0.00204567312341 0.0315939219307 -0.00709484021175 0.0181876456624 0.00822634183694 0.00307717496522 0.00495001551664 0.00519898148867 0.02242692507 0.0304670311663 0.0157315534863 0.179374096012 0.00100066234378 -1.18965244286e-05 0.00018065515966 0.0218788661623 -0.0110260845318 0.0111722872495 -0.00409377813909 0.00452742919329 0.0155124000777 0.00885216219923 0.0159076520872 -0.00254737573826 0.0151532654491 
0.0182327598282 0.0294610413335 0.00384040451235 -0.00589822081766 0.00692048752938 0.00856453063475 0.0350196310151 0.00306507395291 0.0537364188085 0.0268126147838 0.0140025898609 -0.00128542863828 0.0126982186159 0.00188687306092 0.0063427721479 0.0270167770409 0.0304992892826 0.0158670809206 0.0113146631447 0.00562186245922 0.00262213597148 0.0155577127434 0.010670382323 0.0100746265199 0.0269382237755 0.0342210893926 0.00100066234378 0.183364969211 0.00651360265251 0.0612140594661 0.0209764468839 0.0119730961614 0.0137183460352 0.000977560936574 -0.00133248888067 0.0182582772954 0.00777611104614 0.029360964251 0.0152383635802 0.0256512202745 
0.0597370592373 0.0103416693947 0.00816869251465 0.00915069221098 0.0127266037861 0.0218876409046 3.60876519822e-05 0.0238019073266 0.0324082591528 0.00929680520217 0.00249006969784 0.0330661331153 -0.0253253073804 -0.0107340953313 0.0223120851789 -0.00246868649495 0.0416799482753 0.038958454993 0.0143966627669 0.0198109373761 0.0329775543907 0.00469041300716 0.0178744156551 0.0116220561637 0.00652691850204 0.0104814420446 -1.18965244287e-05 0.00651360265251 0.531235968173 0.0210190234411 -0.0156208495926 0.00578893124707 0.0314031244074 0.025950011744 0.0256235966169 0.0309013537265 0.00689750087214 0.013734363196 0.043670612207 0.0213400787387 
0.0170737301522 0.0316206531475 0.0227342578898 0.01836839774 0.00359203898173 0.0244255463383 -0.00630476161778 0.0136817112333 0.0268162754917 0.0299530402079 0.0192105129158 0.00663381595043 0.0185402283515 0.0011950049001 0.0203360351971 0.0212990119053 0.0148784962412 0.0273261188693 -0.00288486263507 -0.0262673535098 0.00247772857575 0.0161282822754 0.0102386059136 0.0205237538853 0.0280060553362 0.0414876650242 0.00018065515966 0.0612140594661 0.0210190234411 0.265578481433 0.00248861082512 0.0234080664499 0.0176124607483 0.0319778163213 0.00151664383524 0.0265550825261 0.013421000865 0.0188213660336 0.0122064829482 -0.000672926395596 
0.0342025084797 0.0255508347622 0.0122837981244 0.0286901162463 -0.00371880012325 0.0532280586878 0.0296387833288 0.0378640511779 0.0525941458147 0.0289743523872 0.0396478083182 -0.00540856195414 0.0414905406308 0.029036488824 0.0145532155365 0.0312497166718 0.041913024875 0.0374661373413 0.00494353293447 0.0572398024145 0.101485610237 0.0272584911851 0.0124841082677 0.0240374542524 0.0171978107062 0.0517298274779 0.0218788661623 0.0209764468839 -0.0156208495926 0.00248861082512 0.35103843408 0.0184906056509 0.0448367492949 0.0158905172744 -0.00699452793953 0.00241767100349 0.000792114166822 0.0328687052005 0.019240610222 0.0105756393099 
-0.0105815676119 0.00718498970702 0.000567404294191 0.0160079251127 0.0054821893381 -0.0228874388748 0.0131024586967 -0.00140787595911 0.00446508530128 0.00181080880441 -0.00111313588713 -0.00643726671712 0.011071134294 0.00491331407466 -0.00297026311054 0.0154107277388 0.0146521005509 0.00489556515052 0.000749237764471 -0.00161098192406 0.00964012592719 0.00339614913668 0.000972509237397 0.00884134230066 0.0186837336981 0.0214265101583 -0.0110260845318 0.0119730961614 0.00578893124707 0.0234080664499 0.0184906056509 0.214220427826 0.0053073534703 -0.00127744489764 0.0761211878762 0.00588483414996 -0.00713699520232 0.00752346792791 -0.000214365529388 0.00593240457321 
0.0350878868906 0.021684403975 0.0135941069061 0.0289607828501 0.0278774569318 0.0221040891699 0.0362519642812 0.021721828815 0.0123479588544 0.0317917305115 0.0325683170775 0.0105959589241 0.0317479682228 0.0121710814233 0.0060503077053 0.022930934966 0.0318927421442 0.0113006201215 0.0298368584054 0.0343524355204 -0.00927215111783 0.0135445961422 0.0543484767152 0.0333143478334 0.00846130641197 -0.00237227778409 0.0111722872495 0.0137183460352 0.0314031244074 0.0176124607483 0.0448367492949 0.0053073534703 0.192519369677 0.0355845018377 -0.00459996165371 0.00321728936659 0.0023718092207 -0.00160403413717 0.0330412216858 0.013178426591 
0.00663801738981 0.00600773897352 0.00213880471983 0.0158196837573 0.0272855150786 0.0111248574628 0.00358010344604 -0.00255849759119 0.013320920586 -0.000182120765995 0.0207980133543 0.0107075905272 0.0305742004771 0.0451171175507 0.0172289900029 0.0211316179302 0.0070439227663 0.0284260932334 0.0353497567174 0.0164994245939 0.0211558373826 0.023003721567 0.0172622087457 0.0209996259961 0.0129064812283 0.0111963164781 -0.00409377813909 0.000977560936574 0.025950011744 0.0319778163213 0.0158905172744 -0.00127744489764 0.0355845018377 0.247293800084 -0.000785761034556 0.00587874702748 0.00306330115978 0.0119271003049 0.0355357448242 0.00237383368203 
0.00923653538315 -0.0036036380204 0.00618128393293 0.00674631726085 0.0585170663561 0.0260835717802 -0.0108257023143 0.0118149068167 0.0125289382367 0.0127420123421 -0.000366567586497 0.0189680925978 0.000214838611256 0.0168440529138 0.00433177066853 0.0350044129592 0.0491183599708 0.0165265614632 0.0131511126016 0.0133663931544 0.00407758110459 0.00985840335487 0.0143459709909 -4.39193989345e-05 0.00174047427649 0.0094318808045 0.00452742919329 -0.00133248888067 0.0256235966169 0.00151664383524 -0.00699452793953 0.0761211878762 -0.00459996165371 -0.000785761034556 0.427963752312 0.012084277037 0.00251876991066 0.0242576148633 0.0162335630113 -0.00433556612802 
0.0212326245536 0.0333346751875 0.0134608525451 -0.0118850609225 0.00334507381196 0.000750144653034 0.0142613156759 -0.0154525598187 0.152356228973 0.0206322276823 -0.00640956467389 0.00790580856005 -0.0294822480275 0.0323372293361 0.0352889312068 0.0313831397811 0.0195661248081 0.0440988950066 0.00985353209937 0.0178696012461 -0.0210987553724 0.00246036160118 -0.0107817723979 -0.00693849077705 0.00679311331635 0.0149678596276 0.0155124000777 0.0182582772954 0.0309013537265 0.0265550825261 0.00241767100349 0.00588483414996 0.00321728936659 0.00587874702748 0.012084277037 0.328607264172 0.0266144989522 0.170182937647 0.0248961972378 -0.0116230246313 
0.0256511530786 0.0175214079448 0.00863076471608 -0.0132300334142 -0.00611706771184 0.00306650477259 0.00390447326712 -0.00406817128771 0.0231148675174 0.00843038745031 -0.00200365521575 0.0258077289981 0.00600040692414 -0.012268980921 0.00695590800485 0.0140305462805 0.0125662825805 -0.0152763370223 0.0221493166588 0.0110621339038 -0.00308643161301 0.0081520793087 0.00839388114141 0.0128807310964 0.00246942875764 0.0238818477069 0.00885216219923 0.00777611104614 0.00689750087214 0.013421000865 0.000792114166822 -0.00713699520232 0.0023718092207 0.00306330115978 0.00251876991066 0.0266144989522 0.295915854283 0.0209532657645 0.0171633038765 0.00355513925428 
0.0296140707233 0.011045077595 0.00982854267957 -0.00987135057843 -0.00585351464358 -0.0134417521649 0.0375464883811 -0.00278422929969 0.159700633577 0.0191136624692 0.00384880280981 -0.00542040031558 -0.00153151893474 0.0238805184592 0.0350059563889 0.0144617445145 0.0172567154382 0.0833533714901 0.0453666227749 0.0191882668954 -0.0189422636656 -0.00530235000155 -0.000664038434387 0.00219395714833 -0.00460155618798 0.0116326595244 0.0159076520872 0.029360964251 0.013734363196 0.0188213660336 0.0328687052005 0.00752346792791 -0.00160403413717 0.0119271003049 0.0242576148633 0.170182937647 0.0209532657645 0.349218857071 0.0207623226691 0.002478233908 
0.0538620466305 0.0180730374235 0.000988980186406 0.0198926092026 0.0710614344157 0.0197852071586 0.047250212531 5.07952031603e-06 0.035796334825 0.00996690542617 0.113657546467 0.0477162049045 0.0369422497678 0.00968732708365 0.0274265633819 0.0233948216668 0.0351626051118 0.0475206921449 0.0103603229187 0.00834901296732 0.0030219881169 0.0189471360859 0.00146841760891 0.0267219831018 -0.00486041790983 0.0342797112697 -0.00254737573826 0.0152383635802 0.043670612207 0.0122064829482 0.019240610222 -0.000214365529388 0.0330412216858 0.0355357448242 0.0162335630113 0.0248961972378 0.0171633038765 0.0207623226691 0.52176836135 -0.0112003191515 
0.0198679562483 0.0132199657544 0.0292316185366 0.0114596474145 -0.00806306130589 0.0263585227 0.047402344229 -0.0101272799515 0.00598995759231 0.0182178465854 0.0166385256809 0.0197340876809 0.0110712131603 0.0154366144332 -0.0050248538227 0.0301705796176 -0.00711399991451 0.00672734360305 0.0250682402726 -0.015344352006 -0.00486792068647 0.0207354325226 0.0205215609308 0.0191520140693 0.00730400317665 0.00953240806417 0.0151532654491 0.0256512202745 0.0213400787387 -0.000672926395596 0.0105756393099 0.0059324045732 0.013178426591 0.00237383368203 -0.00433556612802 -0.0116230246313 0.00355513925428 0.002478233908 -0.0112003191515 0.222406629045 
0.0291170885523 0.00041664916353 5.18689326181e-05 0.00266854474877 0.000537563244129 0.00492458552232 -0.000271175986674 -0.000739217905697 0.00334499208101 0.00199867095192 0.00584060311244 0.00448248450959 0.00181142638118 0.00232122496457 0.00221124608361 0.00372904556028 0.0035526179354 0.00600214959149 0.00271955809317 0.00332159120538 0.00259392004607 0.00226368540706 0.000133696027698 0.00194996664118 0.000596866624883 -0.000132660208707 0.00176679077862 0.00157900331923 0.00517338108469 0.00147862840492 0.00296202412166 -0.000916390636374 0.00303870014124 0.000574869169034 0.000799907428476 0.00183879922524 0.00222145502024 0.00256465375558 0.00466459006819 0.00172061548323 
0.00041664916353 0.0151649184989 0.00361586939957 0.00233056103657 -0.0006403467148 0.00127898846974 0.00428105784418 0.00136111737632 0.00503527307344 0.00283547364861 0.00194854647471 -0.00020545139324 0.00415856497232 0.00433643837474 0.00119316634914 0.00279938338815 0.00231530478557 0.00164156457104 0.00335216279041 0.00131835990732 0.00168407029251 0.00304663618165 0.00035052812664 0.00123450953884 0.00237889698193 0.00230326465196 0.00203867038884 0.00255140102167 0.000895614841335 0.002738428891 0.0022127671992 0.000622238361221 0.00187792447083 0.000520285457038 -0.000312084207171 0.00288686755393 0.00151739843903 0.000956531778406 0.00156517095323 0.00114488261804 
5.18689326181e-05 0.00361586939957 0.0185983029489 0.00179980258696 0.00121804257816 0.00246572372576 0.00260204704222 0.00196601970883 0.000525000886443 0.00318420713287 0.00146582844114 0.00197945258123 0.0019044602849 0.000896941243787 0.00126906348958 0.00144600754741 0.00122737779174 0.00237350740163 0.00159136886704 0.000783930487052 0.00280553273124 0.00247857656338 0.00137435288389 0.00151789215708 0.00202613683927 0.000966609542252 0.00118648682974 0.000332588786851 0.000707429523339 0.00196884448688 0.00106380812307 4.91386532986e-05 0.00117728419225 0.000185225922111 0.000535314891392 0.00116574402606 0.000747446149821 0.000851176764269 8.56481965267e-05 0.00253153242465 
0.00266854474877 0.00233056103657 0.00179980258696 0.0187809957427 0.00169511228674 0.00116535292214 -0.00187893519791 0.0010656706213 -0.000273380169118 0.00111516025952 0.00227229582687 -8.55606969077e-05 0.00276027429802 0.00303755302309 0.000467469962884 0.0026888048992 0.00166124306553 0.00193074128832 0.00152593205526 0.00215081012844 -0.00331996155839 0.00315073825665 -0.000633796157219 0.00163832968649 0.00192336437808 -0.00113640965249 -0.000353496577154 -0.000510800906522 0.000792473191692 0.00159074990697 0.00248463695068 0.00138632698095 0.00250807736617 0.00137002480137 0.000584248212989 -0.00102927646844 -0.00114575450296 -0.000854884037058 0.0017227504917 0.000992434577937 
0.000537563244129 -0.0006403467148 0.00121804257816 0.00169511228674 0.0283654696264 -0.000286643501521 -0.00203051646718 0.000139473765647 0.000318115778378 0.00179940334826 -0.00158234638303 -0.00109027103188 0.00129601522587 0.00184053893273 -0.000255326817002 0.00260196947567 0.0020415994801 0.000851881503448 0.00107572797836 0.00218283906237 0.000201532245711 0.000910753610715 0.00259652823279 0.000693022462461 0.00180627260758 0.00151661061701 0.000607625278186 0.000599331800702 0.00110215621827 0.000311079700956 -0.000322057537833 0.000474771523515 0.00241425858959 0.00236299492134 0.00506772660193 0.000289691889869 -0.000529753603513 -0.000506929238276 0.00615410074333 -0.000698281592318 
0.00492458552232 0.00127898846974 0.00246572372576 0.00116535292214 -0.000286643501521 0.0253214516169 0.000613319692064 0.0029153975167 0.00217689026193 0.0025006128513 0.000404109788987 0.00161965079984 0.00173071284028 0.000930677002541 0.000586570384589 0.00310266667911 0.00277261555511 0.0018159715291 0.00384322903059 0.00166306237357 0.00132356650977 0.00329275256937 0.00188139230859 0.00163188019827 0.00137933036797 0.00579422647488 0.00250209352358 0.000741710110119 0.00189552530523 0.00211531436303 0.00460968510178 -0.00198211034931 0.00191427027487 0.000963440917628 0.00225890357831 6.49644326041e-05 0.000265567103389 -0.00116408988462 0.00171344920185 0.00228271502644 
-0.000271175986674 0.00428105784418 0.00260204704222 -0.00187893519791 -0.00203051646718 0.000613319692064 0.0530465854693 0.0014998241859 0.00601800003473 0.00245891891758 -0.00171301419086 0.00152455849943 0.00381550860581 0.00210369230018 -0.000437655434057 -0.000243307826147 0.0023496882352 0.0055107272536 0.000952350775163 -0.00153264192987 3.74026269394e-05 0.00121852562925 0.00478578136749 -0.000293896556783 0.00170472806124 -0.000976933050738 -0.00113940673234 0.00303278900903 3.12528233794e-06 -0.00054600837258 0.00256679393 0.00113470620834 0.00313951220046 0.000310046053245 -0.000937533321797 0.00123506616667 0.000338137303772 0.00325162127609 0.00409198843861 0.00410516343012 
-0.000739217905697 0.00136111737632 0.00196601970883 0.0010656706213 0.000139473765647 0.0029153975167 0.0014998241859 0.0210644069606 -0.000315977332744 0.00101979778506 0.000492838619809 0.00191966055606 0.00308665329629 0.000897904136326 -0.00093256691211 0.00180123699103 0.00218376531963 0.000520261973415 -0.000534793133471 0.00100935165751 0.000904286015684 0.00197480383876 0.000571918863596 0.00196931789025 -0.000262940600898 0.00203564439899 0.00169421153655 0.000265443190769 0.00206130564033 0.00118487094953 0.00327912302102 -0.000121925634596 0.00188116555705 -0.000221572390949 0.00102320094466 -0.00133823093565 -0.00035231396821 -0.000241121330349 4.39899363294e-07 -0.000877048170922 
0.00334499208101 0.00503527307344 0.000525000886443 -0.000273380169118 0.000318115778378 0.00217689026193 0.00601800003473 -0.000315977332744 0.0424897592926 0.00110178220603 0.00157080285084 0.00148244116258 0.00191359600389 0.0028840022528 0.00143435287288 0.0015885884598 0.00191495697752 0.00557947114648 0.00267203123862 0.00420246273536 -0.00175426059826 0.00133023403569 0.00112239629125 0.000549305794029 0.00259168863104 0.00355277845692 -0.000313302247831 0.00465371037966 0.00280663757187 0.00232235758107 0.00455478663659 0.000386687730097 0.00106936460528 0.00115362556292 0.00108503787954 0.0131944364716 0.00200180624752 0.0138304805678 0.00310005353208 0.000518745544253 
0.00199867095192 0.00283547364861 0.00318420713287 0.00111516025952 0.00179940334826 0.0025006128513 0.00245891891758 0.00101979778506 0.00110178220603 0.0149404600102 0.00174528084551 0.00164136394998 0.00209794367844 0.0030556847464 0.000123940502531 0.001275580789 0.00364489458057 0.001227923538 0.00422974643531 0.000411252653378 0.00166514270512 0.00253264131608 0.00299399199644 0.00415895113764 0.00195487182138 0.00114152868459 0.00213878092926 0.00232204055446 0.000805126947911 0.00259400937406 0.00250925252255 0.000156820642602 0.00275324462533 -1.57721209908e-05 0.00110349063836 0.00178680333095 0.000730092969571 0.00165529172577 0.000863159329618 0.00157771179452 
0.00584060311244 0.00194854647471 0.00146582844114 0.00227229582687 -0.00158234638303 0.000404109788987 -0.00171301419086 0.00049283861981 0.00157080285084 0.00174528084551 0.0324806396159 0.00229764294959 0.00249124535089 0.00054669549402 0.0022033130436 0.00238220204189 0.00129666608404 0.00408579418419 0.00103413223016 -0.000641023218284 0.00207901925524 9.44441156469e-05 0.00166274353097 0.00247734334323 0.00168119720071 0.0019155354157 0.000259894352091 0.00121265985383 0.000215646361552 0.00166367922048 0.00343360092079 -9.64003956115e-05 0.00282049899476 0.00180116079131 -3.1745684211e-05 -0.000555084583479 -0.000173521631726 0.000333316100746 0.00984303225723 0.00144093859212 
0.00448248450959 -0.00020545139324 0.00197945258123 -8.55606969077e-05 -0.00109027103188 0.00161965079984 0.00152455849943 0.00191966055606 0.00148244116258 0.00164136394998 0.00229764294959 0.0256736165152 0.0019876191518 0.000318315146481 0.0045705326586 0.00161907544101 0.00388322930924 0.000235823283494 0.00143248108308 0.00165845725882 -0.000311249177949 0.00114903432278 0.00050125068408 0.00254682741851 0.00157811634683 2.8436138038e-05 0.0014475230085 -0.00011132138555 0.00286361112828 0.00057450531371 -0.000468395205022 -0.000557483650796 0.000917636960569 0.000927304540985 0.00164268500511 0.000684663105046 0.00223501489263 -0.000469420437198 0.00413234456194 0.00170902212521 
0.00181142638118 0.00415856497232 0.0019044602849 0.00276027429802 0.00129601522587 0.00173071284028 0.00381550860581 0.00308665329629 0.00191359600389 0.00209794367844 0.00249124535089 0.0019876191518 0.0377973019512 0.00238287291588 0.00274767497071 0.00200350404487 0.00222586672308 0.00283988668442 0.00162415578132 0.00403304128797 0.00280808890796 0.00275787664879 0.00136545264435 0.000994105242453 0.000896254498876 0.000174216303045 0.00101945402451 0.00109969799042 -0.00219323595501 0.00160563087444 0.00359318622031 0.000958788354732 0.00274945469995 0.00264780343136 1.86055695061e-05 -0.00255323757525 0.000519650482935 -0.000132633430386 0.00319929267719 0.000958795184753 
0.00232122496457 0.00433643837474 0.000896941243787 0.00303755302309 0.00184053893273 0.000930677002541 0.00210369230018 0.000897904136326 0.0028840022528 0.0030556847464 0.00054669549402 0.000318315146481 0.00238287291588 0.0240848732556 0.00329798987944 0.00308321964342 0.00165749685577 -0.000501409311525 0.00201819661904 0.00538537574403 0.00462299231171 0.00201147227984 -0.000382409797171 0.00137745060111 0.00159203871395 -0.00126619889641 0.0013853264765 0.000163408000448 -0.000929599924352 0.000103490460114 0.00251463369583 0.000425505480543 0.00105404657041 0.00390725699445 0.0014587377726 0.0028004862093 -0.00106252491561 0.00206811356412 0.000838947134921 0.00133685002476 
0.00221124608361 0.00119316634914 0.00126906348958 0.000467469962884 -0.000255326817002 0.000586570384589 -0.000437655434057 -0.00093256691211 0.00143435287288 0.000123940502531 0.0022033130436 0.0045705326586 0.00274767497071 0.00329798987944 0.0262708041001 0.00034681782224 0.00314157077985 0.00112219892747 0.000975088933345 0.00021745759975 0.000412433398014 0.00155907550891 0.00140255326635 0.00115094292752 0.000252866588294 0.00164804438349 7.6030983676e-05 0.00054930018105 0.00193228325763 0.0017611523093 0.00126034543614 -0.000257232330965 0.00052397201735 0.0014920743024 0.000375142344231 0.00305611108975 0.000602399303859 0.00303160475166 0.00237521006272 -0.000435165106076 
0.00372904556028 0.00279938338815 0.00144600754741 0.0026888048992 0.00260196947567 0.00310266667911 -0.000243307826147 0.00180123699103 0.0015885884598 0.001275580789 0.00238220204189 0.00161907544101 0.00200350404487 0.00308321964342 0.00034681782224 0.0171984633077 0.00263743361546 0.00235296275027 0.00200629767972 0.00276737394146 0.0012643192562 0.00169810208702 0.00159317902682 0.00123000692675 0.00199009025355 0.00266128401791 0.000177160489271 0.00233972152458 -0.000213794521861 0.00184454853855 0.00270630484989 0.00133460817126 0.00198587722131 0.00183005179506 0.00303147108673 0.0027178596301 0.00121508095079 0.00125242381326 0.00202605098805 0.00261284883958 
0.0035526179354 0.00231530478557 0.00122737779174 0.00166124306553 0.0020415994801 0.00277261555511 0.0023496882352 0.00218376531963 0.00191495697752 0.00364489458057 0.00129666608404 0.00388322930924 0.00222586672308 0.00165749685577 0.00314157077985 0.00263743361546 0.0349645659673 0.00256816051316 0.00188583906025 0.00250247650672 0.00297864859547 0.00215708241171 0.0017855163231 0.00115062075289 -0.000612035255546 0.00195641763619 0.00273611389972 0.00264131593161 0.00360958940348 0.0012885155715 0.00362977442912 0.00126890912959 0.00276199248933 0.000610021605791 0.0042537747527 0.00169447611375 0.00108827199458 0.00149447539553 0.00304517092901 -0.000616090464848 
0.00600214959149 0.00164156457104 0.00237350740163 0.00193074128832 0.000851881503448 0.0018159715291 0.0055107272536 0.000520261973415 0.00557947114648 0.001227923538 0.00408579418419 0.000235823283494 0.00283988668442 -0.000501409311525 0.00112219892747 0.00235296275027 0.00256816051316 0.0478555497472 0.0026496839336 0.000925027476525 0.00161757099286 0.00287842438383 0.00148067585133 0.00047559437012 0.000404863641464 0.00275373586479 -0.000614431185917 0.00137412951611 0.00337390117161 0.00236651131277 0.00324466267193 0.000423968378623 0.000978662410374 0.00246177188705 0.00143124220643 0.00381907633545 -0.00132296959381 0.00721861372015 0.00411541266029 0.000582605046022 
0.00271955809317 0.00335216279041 0.00159136886704 0.00152593205526 0.00107572797836 0.00384322903059 0.000952350775163 -0.000534793133471 0.00267203123862 0.00422974643531 0.00103413223016 0.00143248108308 0.00162415578132 0.00201819661904 0.000975088933345 0.00200629767972 0.00188583906025 0.0026496839336 0.0215525313059 -0.000700861942917 0.00534874489591 0.00223924878512 0.00387265562129 0.00306984108725 0.00327250570723 0.00112074875328 0.00157509631787 0.000979878571855 0.00124678756858 -0.00024983643284 0.00042812251057 6.48858937506e-05 0.00258394773482 0.00306137873349 0.0011389197601 0.000853340911506 0.0019181870903 0.0039288647807 0.000897230283897 0.00217097329042 
