20
0.259768981863 0.0662185328213 0.0381517477001 0.0896896089949 -0.00662659235152 0.165275344352 0.0665048210348 -0.00168409401267 0.151795006465 0.0524263551757 0.0766259396051 0.125568601155 0.0861575830063 0.0914492870129 0.0363676427781 0.139274044211 0.0422860283868 0.12993100308 0.0135435889675 0.0242911243805 
0.612516855686 0.0451356506856 0.0320534321992 0.0092773930104 0.009125533877 0.00151205904338 0.0105546164991 0.0310771866958 0.0461461962271 -0.0143947741636 -0.00136795374769 0.0802502410647 0.0334253376827 0.0256332908114 0.024292645466 0.111096580801 0.00567623040676 0.0460932530956 0.0323186092734 0.0399317917817 
0.0451356506856 0.407420982854 0.0362594794079 -0.00740689134823 0.0162733446091 -0.00167238535739 0.0190142347935 0.0100165910445 0.00168053360457 0.0457572686336 0.0145250417107 0.00845889233313 0.0107633540366 0.0229748264897 0.0161806698094 0.0695603813764 0.0137121048077 -0.00282659101021 0.0246081581222 0.0162001539996 
0.0320534321992 0.0362594794079 0.314197205554 0.0227848070961 0.0100630552898 -0.0200784919007 0.0142247899356 0.0159530403817 0.00433645172296 0.108987350408 0.00946084880754 0.0296194088079 0.0417513127546 0.0247575467246 0.0177163209596 0.118075349787 0.00304581893801 0.0104832240585 0.00564393868582 0.010687634294 
0.0092773930104 -0.00740689134823 0.0227848070961 0.424446018758 0.00254754152169 -0.0126210508408 0.0167137104276 0.00448949043096 0.0180047772385 0.042621241076 0.0793276399701 0.0279873155839 0.128975762754 0.0260672738035 0.00502114745422 0.038374208376 0.029606995681 0.00343800195084 0.0297103565189 0.0140460481921 
0.009125533877 0.0162733446091 0.0100630552898 0.00254754152169 0.184819428859 -0.000385793105026 0.00578932345569 0.00993144422352 0.0516203385314 0.00290851984937 0.0212794738426 0.0107884935396 -0.00140212613699 0.0396660710539 0.0322900514275 0.0220005441245 0.0129533153923 0.0367305944087 0.00466996059033 0.0386206696289 
0.00151205904338 -0.00167238535739 -0.0200784919007 -0.0126210508408 -0.000385793105026 1.37719747124 0.00713666101883 0.00821511305895 -0.0329732085221 0.000638059720077 -0.00486675684449 -0.00313781657023 0.00585136635955 -0.0025779313022 0.0108680505881 -0.0296418171289 -0.00931420658642 0.00546016166737 -0.0144875436153 -0.000143877381438 
0.0105546164991 0.0190142347935 0.0142247899356 0.0167137104276 0.00578932345569 0.00713666101883 0.256356665187 0.0165399984641 0.000313729125248 0.00676738382778 0.0663709151045 0.0223940628607 0.0210599510969 0.0389163807318 0.0379287941025 0.0199081739905 0.0194889392341 0.0208554537896 0.0170825013358 0.0531951098596 
0.0310771866958 0.0100165910445 0.0159530403817 0.00448949043096 0.00993144422352 0.00821511305895 0.0165399984641 0.113354591439 0.0065952512959 0.0210220663634 0.0193375195844 0.0219964191381 0.0171379834177 0.0196251662008 0.0174763397654 0.0157117688525 0.0118159835191 0.0118639754681 0.0174484002381 0.0425036056032 
0.0461461962271 0.00168053360457 0.00433645172296 0.0180047772385 0.0516203385314 -0.0329732085221 0.000313729125248 0.0065952512959 0.439591220623 0.000410611722735 0.0185211271993 0.0187540500583 0.0213277331064 0.105180466715 0.002460311505 0.0563255869013 -0.00708206500793 0.245177165926 0.0307814303672 0.0309650902865 
-0.0143947741636 0.0457572686336 0.108987350408 0.042621241076 0.00290851984937 0.000638059720077 0.00676738382778 0.0210220663634 0.000410611722735 0.270504116617 0.0106805333176 0.0405130419238 0.0201991619207 0.0103582202223 0.0032945099963 0.121729245486 0.0196961500705 -0.00430257919848 -0.00628250743678 0.0168893054736 
-0.00136795374769 0.0145250417107 0.00946084880754 0.0793276399701 0.0212794738426 -0.00486675684449 0.0663709151045 0.0193375195844 0.0185211271993 0.0106805333176 0.259470655789 0.000243064791217 0.0322740677832 0.056529780031 0.0251350506053 0.0145419995995 0.0110595236143 0.016402710731 0.0136547780055 0.025565535242 
0.0802502410647 0.00845889233313 0.0296194088079 0.0279873155839 0.0107884935396 -0.00313781657023 0.0223940628607 0.0219964191381 0.0187540500583 0.0405130419238 0.000243064791217 0.830894279357 -0.0347341512789 0.0373642277372 0.000811225833377 0.0809140726714 -0.000708273728333 -0.00683590868654 0.0415669752046 0.0249803294918 
0.0334253376827 0.0107633540366 0.0417513127546 0.128975762754 -0.00140212613699 0.00585136635955 0.0210599510969 0.0171379834177 0.0213277331064 0.0201991619207 0.0322740677832 -0.0347341512789 0.557544270777 0.0053040746425 0.00552362435727 0.0615142091349 -0.00544403787512 -0.0173967663513 0.0374200215387 0.0100748619977 
0.0256332908114 0.0229748264897 0.0247575467246 0.0260672738035 0.0396660710539 -0.0025779313022 0.0389163807318 0.0196251662008 0.105180466715 0.0103582202223 0.056529780031 0.0373642277372 0.0053040746425 0.473878681301 0.0593346517842 0.0754886651602 0.0485193034179 0.10399844552 0.0231476021848 0.085731641788 
0.024292645466 0.0161806698094 0.0177163209596 0.00502114745422 0.0322900514275 0.0108680505881 0.0379287941025 0.0174763397654 0.002460311505 0.0032945099963 0.0251350506053 0.000811225833377 0.00552362435727 0.0593346517842 0.209804986681 0.0279886224065 0.0255302374416 0.0106264200096 0.0383512030703 0.0150321366412 
0.111096580801 0.0695603813764 0.118075349787 0.038374208376 0.0220005441245 -0.0296418171289 0.0199081739905 0.0157117688525 0.0563255869013 0.121729245486 0.0145419995995 0.0809140726714 0.0615142091349 0.0754886651602 0.0279886224065 0.624167804037 0.0150470902132 0.0368894425114 0.011831207886 0.020992695079 
0.00567623040676 0.0137121048077 0.00304581893801 0.029606995681 0.0129533153923 -0.00931420658642 0.0194889392341 0.0118159835191 -0.00708206500793 0.0196961500705 0.0110595236143 -0.000708273728333 -0.00544403787512 0.0485193034179 0.0255302374416 0.0150470902132 0.252871689886 0.00556918975307 0.0188104219913 0.0177864669178 
0.0460932530956 -0.00282659101021 0.0104832240585 0.00343800195084 0.0367305944087 0.00546016166737 0.0208554537896 0.0118639754681 0.245177165926 -0.00430257919848 0.016402710731 -0.00683590868654 -0.0173967663513 0.10399844552 0.0106264200096 0.0368894425114 0.00556918975307 0.627312144625 0.0142730994025 0.0642799183487 
0.0323186092734 0.0246081581222 0.00564393868582 0.0297103565189 0.00466996059033 -0.0144875436153 0.0170825013358 0.0174484002381 0.0307814303672 -0.00628250743678 0.0136547780055 0.0415669752046 0.0374200215387 0.0231476021848 0.0383512030703 0.011831207886 0.0188104219913 0.0142730994025 0.25520775567 0.0282949345911 
0.0399317917817 0.0162001539996 0.010687634294 0.0140460481921 0.0386206696289 -0.000143877381438 0.0531951098596 0.0425036056032 0.0309650902865 0.0168893054736 0.025565535242 0.0249803294918 0.0100748619977 0.085731641788 0.0150321366412 0.020992695079 0.0177864669178 0.0642799183487 0.0282949345911 0.243383879643 
0.053045515727 0.003908862011 0.0027759086563 0.00080344580279 0.000790294416058 0.000130948154359 0.000914056601539 0.00269136331567 0.00399637782207 -0.00124662401074 -0.00011846826967 0.00694987474218 0.00289471915633 0.00221990810253 0.00210380480987 0.00962124612474 0.000491575972999 0.00399179281238 0.00279887366457 0.00345819461015 
0.003908862011 0.0352836921186 0.00314016302953 -0.000641455607064 0.0014093129836 -0.000144832820442 0.00164668103647 0.000867462230386 0.000145538479347 0.00396269570445 0.00125790551125 0.000732561564837 0.000932133802558 0.00198967833876 0.00140128711052 0.00602410573689 0.00118750311028 -0.000244789962095 0.00213112900741 0.00140297449088 
0.0027759086563 0.00314016302953 0.0272102761808 0.00197322217655 0.000871486152065 -0.00173884840556 0.00123190294477 0.00138157382381 0.000375547735437 0.00943858141444 0.000819333540869 0.00256511604727 0.00361576974869 0.00214406643989 0.00153427840126 0.0102256252476 0.000263775657565 0.000907873834821 0.000488779427932 0.000925576280498 
0.00080344580279 -0.000641455607064 0.00197322217655 0.036758103478 0.000220623567498 -0.00109301506506 0.00144744978218 0.000388801276326 0.00155925944781 0.00369110775126 0.00686997514364 0.00242377262794 0.0111696287018 0.00225749213212 0.00043484412515 0.00332330393038 0.00256404103894 0.000297739702768 0.00257299235008 0.00121642345571 
0.000790294416058 0.0014093129836 0.000871486152065 0.000220623567498 0.0160058320505 -3.34106629557e-05 0.000501370118336 0.000860088299384 0.00447045245201 0.000251885207697 0.00184285649268 0.000934310947389 -0.000121427685394 0.0034351825201 0.00279640048257 0.00190530301089 0.0011217900193 0.00318096278541 0.00040443045059 0.00334464810098 
0.000130948154359 -0.000144832820442 -0.00173884840556 -0.00109301506506 -3.34106629557e-05 0.119268799612 0.000618052974051 0.000711449660401 -0.00285556362244 5.52575926718e-05 -0.000421473506137 -0.000271742886223 0.000506743191422 -0.000223255399691 0.000941200789887 -0.00256705666479 -0.000806633951994 0.000472863871271 -0.00125465808093 -1.24601467355e-05 
0.000914056601539 0.00164668103647 0.00123190294477 0.00144744978218 0.000501370118336 0.000618052974051 0.0222011384482 0.00143240588485 2.71697392372e-05 0.000586072631202 0.00574788985529 0.00193938273313 0.00182384526524 0.00337025743371 0.00328472992277 0.00172409844188 0.00168779164696 0.00180613527893 0.0014793880117 0.00460683164956 
0.00269136331567 0.000867462230386 0.00138157382381 0.000388801276326 0.000860088299384 0.000711449660401 0.00143240588485 0.00981679558219 0.000571165516659 0.00182056435108 0.00167467832063 0.00190494577659 0.00148419290094 0.00169958924834 0.0015134954202 0.00136067909647 0.00102329418982 0.00102745041452 0.00151107578616 0.00368092022048 
0.00399637782207 0.000145538479347 0.000375547735437 0.00155925944781 0.00447045245201 -0.00285556362244 2.71697392372e-05 0.000571165516659 0.038069716434 3.5560018298e-05 0.00160397666613 0.00162414837743 0.00184703586753 0.00910889561573 0.000213069226455 0.00487793891396 -0.000613324820812 0.021232965412 0.00266575006628 0.00268165548186 
-0.00124662401074 0.00396269570445 0.00943858141444 0.00369110775126 0.000251885207697 5.52575926718e-05 0.000586072631202 0.00182056435108 3.5560018298e-05 0.0234263436818 0.000924961317898 0.00350853234906 0.00174929873585 0.000897048185053 0.000285312934982 0.0105420618974 0.00170573663178 -0.000372614288768 -0.000544081103971 0.00146265675924 
-0.00011846826967 0.00125790551125 0.000819333540869 0.00686997514364 0.00184285649268 -0.000421473506137 0.00574788985529 0.00167467832063 0.00160397666613 0.000924961317898 0.022470817945 2.1050028396e-05 0.00279501625837 0.00489562255772 0.00217675923496 0.0012593741075 0.000957782840369 0.0014205164184 0.00118253846358 0.00221404029809 
0.00694987474218 0.000732561564837 0.00256511604727 0.00242377262794 0.000934310947389 -0.000271742886223 0.00193938273313 0.00190494577659 0.00162414837743 0.00350853234906 2.1050028396e-05 0.0719575553783 -0.00300806573864 0.00323583704132 7.0254217991e-05 0.00700736424571 -6.1338304157e-05 -0.000592007058049 0.00359980564856 0.00216335999348 
0.00289471915633 0.000932133802558 0.00361576974869 0.0111696287018 -0.000121427685394 0.000506743191422 0.00182384526524 0.00148419290094 0.00184703586753 0.00174929873585 0.00279501625837 -0.00300806573864 0.0482847502227 0.000459346338397 0.000478359901435 0.00532728678045 -0.000471467509902 -0.00150660416039 0.00324066892626 0.000872508642959 
0.00221990810253 0.00198967833876 0.00214406643989 0.00225749213212 0.0034351825201 -0.000223255399691 0.00337025743371 0.00169958924834 0.00910889561573 0.000897048185053 0.00489562255772 0.00323583704132 0.000459346338397 0.0410390976319 0.00513853157699 0.00653751017265 0.00420189493338 0.00900652957741 0.00200464115287 0.00742457796965 
0.00210380480987 0.00140128711052 0.00153427840126 0.00043484412515 0.00279640048257 0.000941200789887 0.00328472992277 0.0015134954202 0.000213069226455 0.000285312934982 0.00217675923496 7.0254217991e-05 0.000478359901435 0.00513853157699 0.0181696448307 0.0024238858021 0.00221098341891 0.000920274967957 0.00332131161245 0.00130182122044 
0.00962124612474 0.00602410573689 0.0102256252476 0.00332330393038 0.00190530301089 -0.00256705666479 0.00172409844188 0.00136067909647 0.00487793891396 0.0105420618974 0.0012593741075 0.00700736424571 0.00532728678045 0.00653751017265 0.0024238858021 0.054054517452 0.00130311623777 0.00319471943463 0.00102461265868 0.00181802072323 
0.000491575972999 0.00118750311028 0.000263775657565 0.00256404103895 0.0011217900193 -0.000806633951994 0.00168779164696 0.00102329418982 -0.000613324820812 0.00170573663178 0.000957782840369 -6.1338304157e-05 -0.000471467509902 0.00420189493338 0.00221098341891 0.00130311623777 0.0218993307339 0.000482305980465 0.00162903033004 0.00154035321944 
0.00399179281238 -0.000244789962095 0.000907873834821 0.000297739702768 0.00318096278541 0.000472863871271 0.00180613527893 0.00102745041452 0.021232965412 -0.000372614288768 0.0014205164184 -0.000592007058049 -0.00150660416039 0.00900652957741 0.000920274967957 0.00319471943463 0.000482305980465 0.0543268253348 0.00123608666733 0.00556680422432 
0.00279887366457 0.00213112900741 0.000488779427932 0.00257299235008 0.00040443045059 -0.00125465808093 0.0014793880117 0.00151107578616 0.00266575006628 -0.000544081103971 0.00118253846358 0.00359980564856 0.00324066892626 0.00200464115287 0.00332131161245 0.00102461265868 0.00162903033004 0.00123608666733 0.0221016399653 0.00245041321543 
0.00345819461015 0.00140297449088 0.000925576280498 0.00121642345571 0.00334464810098 -1.24601467355e-05 0.00460683164956 0.00368092022048 0.00268165548186 0.00146265675924 0.00221404029809 0.00216335999348 0.000872508642959 0.00742457796965 0.00130182122044 0.00181802072323 0.00154035321944 0.00556680422432 0.00245041321543 0.0210776622643 

['ATI', 'ROH', 'MXIM', 'CVS', 'DUK', 'GT', 'STT', 'KO', 'MRO', 'LLTC', 'WAG', 'GM', 'BDX', 'KBH', 'ABK', 'LSI', 'AT', 'NOV', 'NYT', 'PCL']