40
0.0831393543584 0.0316717201181 0.046041615311 0.05514883533 0.0963264580192 0.0444735285872 0.162419244675 0.134016582451 0.0172601721071 0.0773544805674 0.0493934577213 0.103166553638 0.0385950792128 0.0755027876102 0.0751688044393 0.100886603299 0.123331646141 0.0114549593271 0.0422860283868 0.0360508970818 0.0170349265424 0.0203567883068 0.0756818342608 0.00108215816497 0.087070388143 0.0826231173305 0.0251356843311 0.00326137985962 0.0485945029431 0.0101927526284 0.0176197090425 0.0524452719686 0.0905831054983 0.0616353203302 0.0430779984078 0.0135435889675 -0.00953493093171 0.0771685990004 0.0345230729479 0.0705908558691 
0.299325409707 0.00312308038274 0.000685921037578 -0.00332586451854 0.0042647486559 0.0149131331499 0.0134907383403 0.00846474124703 0.011028278851 0.0345817291308 0.00459338525754 0.0301889341637 0.00778557562901 0.0214678770054 0.0158118639146 0.00376028975415 0.0446516611858 0.00488656302982 0.0279219423109 0.00728604861839 0.00719749026107 0.0079301663593 0.0024387100367 0.000572564099819 0.0763045944892 0.023826302963 -0.00356814316383 -0.00149237574737 0.00358998818328 0.00640966711156 0.00985409345644 0.0256705648016 0.0162301682512 -0.00361780638345 0.0482540601213 0.0363790228749 0.0153826402827 0.0203423397579 0.0196116310741 0.0151907187801 
0.00312308038274 0.282287476424 0.0276340723111 0.0235966207307 0.0128889888275 0.0120173063116 0.0185571964617 0.00624421020865 0.0124210098711 0.00660553781856 0.038787540894 0.00350520604722 0.00905087684504 -0.00773991141237 0.00763657594517 0.00462425330418 0.00982313527685 0.00226187718731 0.0113410523669 0.0361437925799 0.0218181889674 0.0159013139851 -0.00900930506472 0.0409314136439 0.00974131632016 -9.8436284986e-05 0.0188853712535 0.00716147901451 0.0169578244737 0.021522078994 0.000148723620929 0.0189994589994 -0.00638686399059 0.0301814118369 0.00485242666481 0.0136078475832 0.0158216635679 0.0433915119138 0.0100965655803 0.0285344994855 
0.000685921037578 0.0276340723111 0.289569244219 0.00670818498333 -0.00231767160504 0.0140905845566 0.0148048513679 0.0362462818278 0.00770875040768 0.0246578157388 0.0261988941158 0.011147303186 0.0143571489099 0.00883220240597 0.0741587603152 0.00187996477496 0.0611108238531 0.0249815768994 0.00203489494309 0.0571782824626 0.0265886084198 0.0240114016528 0.0238604437246 0.00554736598377 0.0146341041521 0.0279610031096 0.0246797702874 0.0231220832089 0.0224389816129 0.00842801744036 0.0102227407233 0.0195670943401 0.0199039056919 0.0207158242585 0.0134754734254 0.00926781974278 0.0241908210984 0.0504107006269 0.0186302145925 -0.000452880134979 
-0.00332586451854 0.0235966207307 0.00670818498333 0.430077076727 0.00270925192859 0.0164762595272 0.0202301998986 0.0128396995698 0.0287692202484 -0.0110861532207 0.00982239268556 -0.0222993225848 0.0467319622728 -0.0276308580931 -0.00959318858474 -0.00925362313451 0.0138774229565 0.015630184104 -0.00116104534244 0.00880868003884 0.00748532385614 -0.0184245752254 0.0110650199122 0.0135980577791 0.0137899853643 0.0213532327089 0.00165716382203 -0.0105351702657 0.0053721745395 -0.00191918897874 0.00580587079103 0.0233346421649 0.0255905458059 -0.00357374596364 -0.0163828920057 0.0207690926608 -0.000270118291616 0.0343621059182 0.0405077568888 -7.9812631499e-05 
0.0042647486559 0.0128889888275 -0.00231767160504 0.00270925192859 0.454966266558 0.00975558282246 0.0486975796059 0.0218948982622 0.0132183636001 0.0382728103587 0.0197636403237 0.0206031245067 0.0351636477346 0.0182207764952 0.0405973504171 -0.00380595376669 0.0697200596586 0.00687617673404 0.000247715802958 0.0301489907645 0.0235122469861 0.00897228474294 0.0195338173909 0.0188713831012 0.0252882126171 0.0193512073702 0.0142814507022 -0.00212572974011 0.0337988757119 0.0176633253128 0.0311119344584 0.0385914512781 0.0031538980695 0.0450074406589 0.0113209958108 0.0137535765395 0.0343201335643 0.0263642349526 0.0542586634904 0.0354124725601 
0.0149131331499 0.0120173063116 0.0140905845566 0.0164762595272 0.00975558282246 0.337561080137 0.0243148060633 0.0257576884518 0.0215978185511 0.0548437887869 0.0220257822069 0.00426326392887 0.0290554236413 0.00693181403914 0.0578239452857 -0.00551019490383 0.0387511425622 0.00851707768422 0.0172170958461 0.0248135043123 0.0127892159739 -0.0160504188227 0.00939848245087 0.0288312019025 0.0253608950161 0.000574154404086 0.00891819573336 0.0278491006053 0.0107953869408 0.0177150395853 0.0219537527914 0.0428557073366 0.0263493984515 0.0181166201287 0.0515781683379 0.0211969690336 0.00991645777058 0.0185743733656 0.00609907497836 0.0109262508209 
0.0134907383403 0.0185571964617 0.0148048513679 0.0202301998986 0.0486975796059 0.0243148060633 1.30173844247 0.0188412925254 0.018554175718 0.0405152856852 0.000975059642306 0.000118526928583 -0.0211380443214 0.015818126617 0.00709685378566 0.0199039002452 0.00932742745762 -0.0111457484999 0.00705014901991 0.0132043191417 -0.00591793419107 0.0122567139754 0.0194924091695 0.0134189720443 0.0160982839986 0.0170509036769 0.000497864529346 0.0146282831522 0.0144101941517 0.0157537325602 0.0224389035885 0.0222509133182 0.0212731110372 0.0289691966747 0.0349712546737 -0.0254771282972 0.0112857687596 0.0272453066355 0.00572125089321 -0.0155608538151 
0.00846474124703 0.00624421020865 0.0362462818278 0.0128396995698 0.0218948982622 0.0257576884518 0.0188412925254 0.222461112678 0.00956515381464 0.00886420012779 0.0103249864654 0.0135692807133 0.0268510369729 0.0272175261324 0.0293553265005 -0.0086567289723 0.0172696390969 0.0135849792575 0.00920802293294 0.0345251977771 0.0342962985776 0.0207563091506 0.0111093209328 -0.00471327267971 0.0261744563909 0.0174128235897 0.00743334226445 0.0176931927781 0.033846322406 0.0180017002457 0.0259017961094 0.00555921959991 -0.000985453517416 0.0150405439856 0.0167431176564 0.000545583549891 -0.00657113733942 0.0215089941469 0.00623498300444 -0.00225714409317 
0.011028278851 0.0124210098711 0.00770875040768 0.0287692202484 0.0132183636001 0.0215978185511 0.018554175718 0.00956515381464 0.187829177822 0.0141410043566 0.00614992578531 0.0129682558337 0.0126329754198 0.0104379456662 0.0155195277194 -0.00734872103708 0.0172892528458 0.0234706480844 0.0190009515783 0.0113160928402 0.0144134263618 0.0108774878013 0.0154606060246 0.0206257557458 0.0487197250272 0.0501322312107 0.017642175692 0.0138017278962 0.0090070788793 0.00484746035428 0.0249784475035 0.0284648827727 0.00943771548302 0.0360047745304 -0.0111368523783 0.00514333387145 -0.00522732176356 0.016277054255 0.0163909611295 0.0109668040722 
0.0345817291308 0.00660553781856 0.0246578157388 -0.0110861532207 0.0382728103587 0.0548437887869 0.0405152856852 0.00886420012779 0.0141410043566 0.280232605383 0.00987216740494 0.0140793226159 0.0405755274584 0.0162171338911 0.0199193721577 0.0104317570414 0.0591457495826 0.025000695811 -0.00022965592533 0.0135540623668 0.0194393127605 -0.00485497530658 0.0151447196392 0.036162643654 0.0374435325997 0.0240257660604 0.0208039378929 0.0209953801138 0.0134063480575 0.0343653203384 0.00524494380354 0.036691106608 0.0305277995084 0.0367922815606 0.0607536172255 0.00851715742688 0.0232245069391 0.0379827381204 0.0138642403077 0.0119345158141 
0.00459338525754 0.038787540894 0.0261988941158 0.00982239268556 0.0197636403237 0.0220257822069 0.000975059642305 0.0103249864654 0.00614992578531 0.00987216740494 0.164530073141 0.0129641476272 0.0330115594306 0.000857896327563 0.0316483861737 -0.0122956393115 0.0191025749761 0.016460363688 0.00304596464322 0.0087252050528 0.0297902270317 0.012936894059 0.00381916383421 0.004723900911 0.0164969663111 0.00371606784284 0.0133877886992 0.0274591130607 0.0260134616589 0.00822072972299 -0.00011642970837 0.00847639699735 0.0247770526614 0.0154724818779 0.0215394284942 0.00540954042172 0.0244689183874 0.0250010400848 0.00391083796927 0.0115532823142 
0.0301889341637 0.00350520604723 0.011147303186 -0.0222993225848 0.0206031245067 0.00426326392887 0.000118526928583 0.0135692807133 0.0129682558337 0.0140793226159 0.0129641476272 0.377308494592 0.00854214831711 0.0439664906752 0.0387906515472 0.011554972118 0.0228169863451 0.0120152683571 0.0487079142644 0.0102557973562 0.0172885726119 -0.00589569412837 -0.0065166661048 -0.0124140888329 0.0370658736431 0.01063985627 -0.000124884540701 -0.0077307848599 0.0122152563401 0.0074861168342 0.0129604065953 0.020250037465 0.00553514043477 0.0128873314749 -0.00902315838432 0.00335348013553 0.00999552151419 0.0283865523227 -0.0029090342826 0.0338323286781 
0.00778557562901 0.00905087684504 0.0143571489099 0.0467319622728 0.0351636477346 0.0290554236413 -0.0211380443214 0.0268510369729 0.0126329754198 0.0405755274584 0.0330115594306 0.00854214831711 0.193194898133 0.0573778800621 0.0241428302942 0.00503444040338 0.0186889465022 0.0265550901341 0.0102048275714 0.0309042056793 0.028014061719 0.00786345248671 0.0138816196518 0.017448214588 0.0280270065593 0.00967484792527 0.0160397745428 0.0156828053629 0.0226735210748 0.0141383843558 -0.00565741892294 0.0191225160587 0.00738693714093 0.0142493356627 0.0174164826401 0.0133584855319 0.00141367350537 0.0168321298271 0.0405574442919 0.0183942481797 
0.0214678770054 -0.00773991141237 0.00883220240597 -0.0276308580931 0.0182207764952 0.00693181403914 0.015818126617 0.0272175261324 0.0104379456662 0.0162171338911 0.000857896327563 0.0439664906752 0.0573778800621 0.727131158978 -0.0111763505496 -0.0045598541903 -0.00143301287508 0.0513374581831 0.0134370555281 0.0371667711478 0.0061757384668 0.0120313929001 0.00451341708234 0.0112630361848 0.0150635264912 0.0338009633141 0.00747110725118 -0.021406932967 0.00412189464894 0.013457541362 0.000851731034769 0.0534742891252 -0.00319801758593 -0.0165393884766 -0.00382068169196 0.0673471524789 -0.00635079213544 0.0371721834254 0.00191837895187 0.0126209695993 
0.0158118639146 0.00763657594517 0.0741587603152 -0.00959318858474 0.0405973504171 0.0578239452857 0.00709685378566 0.0293553265005 0.0155195277194 0.0199193721577 0.0316483861737 0.0387906515472 0.0241428302942 -0.0111763505496 0.317067905322 0.00449604760522 0.0430589520791 0.0403477542366 0.0598586771323 0.0358053117067 0.039961809618 0.0535016879413 0.017190659591 0.00499312881123 0.00940367405227 0.00502834496212 0.0182689840821 0.0247238809228 0.03992686064 0.0047158317775 0.0069390582011 0.0328250675771 0.0234433743645 0.0280829792315 0.0181243583969 0.0160974697293 0.0229541151008 0.014098828033 0.00751552562181 -0.00788358185353 
0.00376028975415 0.00462425330418 0.00187996477496 -0.00925362313451 -0.00380595376669 -0.00551019490383 0.0199039002452 -0.0086567289723 -0.00734872103708 0.0104317570414 -0.0122956393115 0.011554972118 0.00503444040338 -0.0045598541903 0.00449604760522 0.375069735866 -0.000110765045215 -0.00274922520021 0.0318687818011 0.000576617921653 -0.00272296199047 -0.00263945384604 0.00916803109452 -0.00943887439696 0.0303578506443 -0.00436042853013 0.00841250790241 0.00700307818011 -0.00845703354986 -0.0107895099573 0.00848058036087 0.00418152545614 0.0240460770541 0.0337608931479 -0.00540038509487 0.0235200840319 0.0104682512797 0.0106854496257 0.0163271958347 -0.00060747994664 
0.0446516611858 0.00982313527685 0.0611108238531 0.0138774229565 0.0697200596586 0.0387511425622 0.00932742745762 0.0172696390969 0.0172892528458 0.0591457495826 0.0191025749761 0.0228169863451 0.0186889465022 -0.00143301287508 0.0430589520791 -0.000110765045215 0.446902871682 0.0191428032033 0.0232993582073 0.0369425900183 0.0242108748547 0.00824436522569 0.013534367129 -0.00524789096752 0.0237692420009 0.0446613156768 0.018790097208 0.0150053242453 0.0126866319849 0.0256875218536 0.0135752455447 0.0284196139221 0.00253622045155 0.0313073228554 0.0906194041294 0.0210188015154 0.00604578900015 0.0454757684344 0.0241490508104 0.0390275748406 
0.00488656302982 0.00226187718731 0.0249815768994 0.015630184104 0.00687617673404 0.00851707768422 -0.0111457484999 0.0135849792575 0.0234706480844 0.025000695811 0.016460363688 0.0120152683571 0.0265550901341 0.0513374581831 0.0403477542366 -0.00274922520021 0.0191428032033 0.156840505782 0.013833846588 0.0162662530516 0.0321404905525 0.0172524301024 0.0107932080046 0.00715060578562 0.0106625259106 0.0112838515072 0.0258775891362 0.00115241050087 0.0203484053564 0.0192221868905 0.0133124323209 0.0185153648002 0.0257314490639 0.0137050271717 0.01291414218 0.0342754386944 0.0237928317646 0.0197728272139 0.0056287030079 0.00289614564283 
0.0279219423109 0.0113410523669 0.00203489494309 -0.00116104534244 0.000247715802958 0.0172170958461 0.00705014901991 0.00920802293294 0.0190009515783 -0.00022965592533 0.00304596464322 0.0487079142644 0.0102048275714 0.0134370555281 0.0598586771323 0.0318687818011 0.0232993582073 0.013833846588 0.237866894413 0.0163804985493 -0.00531577614383 0.018625902451 0.000333972185587 -0.00831730824711 0.00419547825911 0.023875959695 0.0162857128144 -0.000840856692369 0.0239950722856 0.0140227566146 0.00533693596255 0.0199832495884 0.00923477605257 0.0295976227799 0.00160615331361 0.0122629627976 -0.00984527644205 0.00419160849461 0.00648610852487 0.00499953021854 
0.00728604861839 0.0361437925799 0.0571782824626 0.00880868003884 0.0301489907645 0.0248135043123 0.0132043191417 0.0345251977771 0.0113160928402 0.0135540623668 0.0087252050528 0.0102557973562 0.0309042056793 0.0371667711478 0.0358053117067 0.000576617921653 0.0369425900183 0.0162662530516 0.0163804985493 0.177198449501 0.0223259830676 0.0322393790169 0.0102742573452 -0.00232789164518 0.00742330509628 0.0171784078429 0.0270842592709 0.000956221084487 0.0296735250117 0.0205314475074 0.00828654496013 0.0164272830981 0.0134682973449 0.0279449613681 0.0162853754486 0.0262321888079 0.0127604037544 0.0258527458686 0.026547828655 0.00688132235441 
0.00719749026107 0.0218181889674 0.0265886084198 0.00748532385614 0.0235122469861 0.0127892159739 -0.00591793419107 0.0342962985776 0.0144134263618 0.0194393127605 0.0297902270317 0.0172885726119 0.028014061719 0.0061757384668 0.039961809618 -0.00272296199047 0.0242108748547 0.0321404905525 -0.00531577614383 0.0223259830676 0.192009809621 0.0419712747683 0.0138296279531 0.0168958575103 0.0133237858232 0.0227005121587 0.0286347952599 0.00943391398693 0.02984227796 0.0262435332753 0.0167267040486 -0.00186538187481 0.0138564971906 0.0128216890309 -0.00850120404426 0.0023048964761 0.0107099563617 0.0287322919928 0.0125270347561 0.00765673322252 
0.0079301663593 0.0159013139851 0.0240114016528 -0.0184245752254 0.00897228474294 -0.0160504188227 0.0122567139754 0.0207563091506 0.0108774878013 -0.00485497530658 0.012936894059 -0.00589569412837 0.00786345248671 0.0120313929001 0.0535016879413 -0.00263945384604 0.00824436522569 0.0172524301024 0.018625902451 0.0322393790169 0.0419712747683 0.26306593168 0.00272915258685 0.0263148236235 0.0368888057631 -0.00276448499776 0.027681112676 0.0163179186056 0.0385498182211 0.0426531037163 0.0123926043788 0.0111097165856 0.0233792974341 0.0047514078332 0.0129337620194 0.0188014782704 0.0138444755872 0.01818614445 0.0181943790522 0.02314789042 
0.0024387100367 -0.00900930506472 0.0238604437246 0.0110650199122 0.0195338173909 0.00939848245087 0.0194924091695 0.0111093209328 0.0154606060246 0.0151447196392 0.00381916383421 -0.0065166661048 0.0138816196518 0.00451341708234 0.017190659591 0.00916803109452 0.013534367129 0.0107932080046 0.000333972185587 0.0102742573452 0.0138296279531 0.00272915258685 0.218496137804 0.0107211700735 0.00808281348539 0.00113992120356 0.0131951805173 0.0299303011885 0.0206236943375 -0.00178984672688 0.0135112983778 0.0334708911387 0.0372250751254 0.0137085597974 0.0294467373694 0.0152402965953 0.0115819872172 0.0321128351739 0.0306240719786 0.0307276094925 
0.000572564099819 0.0409314136439 0.00554736598377 0.0135980577791 0.0188713831012 0.0288312019025 0.0134189720443 -0.00471327267971 0.0206257557458 0.036162643654 0.004723900911 -0.0124140888329 0.017448214588 0.0112630361848 0.00499312881123 -0.00943887439696 -0.00524789096752 0.00715060578562 -0.00831730824711 -0.00232789164518 0.0168958575103 0.0263148236235 0.0107211700735 0.240490830781 -0.0136660817777 0.0149450315674 0.0176852554474 0.0177472455133 0.00937651054703 0.0206085675674 0.0188350928384 0.0283926513896 -0.00724930828697 0.0280749128827 -0.000377349545965 -0.00247877426212 -0.00686588333331 0.00920444173912 0.0144520311798 0.0285656559544 
0.0763045944892 0.00974131632016 0.0146341041521 0.0137899853643 0.0252882126171 0.0253608950161 0.0160982839986 0.0261744563909 0.0487197250272 0.0374435325997 0.0164969663111 0.0370658736431 0.0280270065593 0.0150635264912 0.00940367405227 0.0303578506443 0.0237692420009 0.0106625259106 0.00419547825911 0.00742330509628 0.0133237858232 0.0368888057631 0.00808281348539 -0.0136660817777 0.615838571448 -0.000609290217698 -0.00489733508538 0.0210549456668 -0.00111149498909 0.0257626120763 -0.00664723479394 0.0234701627826 0.0265464851017 -0.00857812333791 -0.00679396058543 0.0382948804785 0.00480858769903 0.0258259214144 0.00514691410154 0.0217665701728 
0.023826302963 -9.8436284986e-05 0.0279610031096 0.0213532327089 0.0193512073702 0.000574154404086 0.0170509036769 0.0174128235897 0.0501322312107 0.0240257660604 0.00371606784284 0.01063985627 0.00967484792527 0.0338009633141 0.00502834496212 -0.00436042853013 0.0446613156768 0.0112838515072 0.023875959695 0.0171784078429 0.0227005121587 -0.00276448499776 0.00113992120356 0.0149450315674 -0.000609290217698 0.198242715204 0.0127045344768 0.0147229757691 0.0115040881493 0.0176960441509 0.0116718084769 0.022084015479 0.0151434364539 0.0230912674938 3.86970453122e-05 0.015083838147 0.0164329968109 0.0147037989427 0.00206653108031 0.0154777362662 
-0.00356814316383 0.0188853712535 0.0246797702874 0.00165716382203 0.0142814507022 0.00891819573336 0.000497864529346 0.00743334226445 0.017642175692 0.0208039378929 0.0133877886992 -0.000124884540701 0.0160397745428 0.00747110725118 0.0182689840821 0.00841250790241 0.018790097208 0.0258775891362 0.0162857128144 0.0270842592709 0.0286347952599 0.027681112676 0.0131951805173 0.0176852554474 -0.00489733508538 0.0127045344768 0.122015426342 0.0187442588765 0.0448878548552 0.0302173356868 0.00944603110488 0.00625230900883 0.010331308279 0.00895939987787 0.00525473298398 0.0129526179179 0.0136933539808 0.0183719477202 0.0112155227666 0.0258021402303 
-0.00149237574737 0.00716147901451 0.0231220832089 -0.0105351702657 -0.00212572974011 0.0278491006053 0.0146282831522 0.0176931927781 0.0138017278962 0.0209953801138 0.0274591130607 -0.0077307848599 0.0156828053629 -0.021406932967 0.0247238809228 0.00700307818011 0.0150053242453 0.00115241050087 -0.000840856692369 0.000956221084487 0.00943391398693 0.0163179186056 0.0299303011885 0.0177472455133 0.0210549456668 0.0147229757691 0.0187442588765 0.158177954599 0.013081365783 0.0210375143417 -0.000165726899559 0.0231458343261 0.0235245148515 0.0169045718348 -0.00632410776622 0.0107846306634 0.0202223095323 0.0326272570183 0.00506856975112 0.00607561466869 
0.00358998818328 0.0169578244737 0.0224389816129 0.0053721745395 0.0337988757119 0.0107953869408 0.0144101941517 0.033846322406 0.0090070788793 0.0134063480575 0.0260134616589 0.0122152563401 0.0226735210748 0.00412189464894 0.03992686064 -0.00845703354986 0.0126866319849 0.0203484053564 0.0239950722856 0.0296735250117 0.02984227796 0.0385498182211 0.0206236943375 0.00937651054703 -0.00111149498909 0.0115040881493 0.0448878548552 0.013081365783 0.12697266946 0.0143605505071 0.0124335863886 0.0205114681391 0.0142536406856 0.0101977839149 0.0140404945447 0.0105380033354 0.0146309697368 0.01862498388 0.00796144000608 0.0098113729713 
0.00640966711156 0.021522078994 0.00842801744036 -0.00191918897874 0.0176633253128 0.0177150395853 0.0157537325602 0.0180017002457 0.00484746035428 0.0343653203384 0.00822072972299 0.0074861168342 0.0141383843558 0.013457541362 0.0047158317775 -0.0107895099573 0.0256875218536 0.0192221868905 0.0140227566146 0.0205314475074 0.0262435332753 0.0426531037163 -0.00178984672688 0.0206085675674 0.0257626120763 0.0176960441509 0.0302173356868 0.0210375143417 0.0143605505071 0.257399818484 -0.00594393258151 0.0252657622008 0.0138737337168 0.0185964541032 0.0140304233158 0.0122978978063 0.0200726046174 0.0319225635127 0.0229948981164 0.0156165374333 
0.00985409345644 0.000148723620929 0.0102227407233 0.00580587079103 0.0311119344584 0.0219537527914 0.0224389035885 0.0259017961094 0.0249784475035 0.00524494380354 -0.00011642970837 0.0129604065953 -0.00565741892294 0.000851731034769 0.0069390582011 0.00848058036087 0.0135752455447 0.0133124323209 0.00533693596255 0.00828654496013 0.0167267040486 0.0123926043788 0.0135112983778 0.0188350928384 -0.00664723479394 0.0116718084769 0.00944603110488 -0.000165726899559 0.0124335863886 -0.00594393258151 0.191422008938 0.00135436220246 0.00670108567781 0.0150637983864 -0.00258824069418 0.00924007255699 0.0177250403762 0.0239866775665 0.00735499275394 -0.000141414273603 
0.0256705648016 0.0189994589994 0.0195670943401 0.0233346421649 0.0385914512781 0.0428557073366 0.0222509133182 0.00555921959991 0.0284648827727 0.036691106608 0.00847639699735 0.020250037465 0.0191225160587 0.0534742891252 0.0328250675771 0.00418152545614 0.0284196139221 0.0185153648002 0.0199832495884 0.0164272830981 -0.00186538187481 0.0111097165856 0.0334708911387 0.0283926513896 0.0234701627826 0.022084015479 0.00625230900883 0.0231458343261 0.0205114681391 0.0252657622008 0.00135436220246 0.261566152325 0.0255412527872 0.0373396634829 0.0173271321203 0.0114224708961 0.0115723379403 0.0354120746076 0.0204311088665 0.0181193170537 
0.0162301682512 -0.00638686399059 0.0199039056919 0.0255905458059 0.0031538980695 0.0263493984515 0.0212731110372 -0.000985453517415 0.00943771548302 0.0305277995084 0.0247770526614 0.00553514043477 0.00738693714093 -0.00319801758593 0.0234433743645 0.0240460770541 0.00253622045155 0.0257314490639 0.00923477605257 0.0134682973449 0.0138564971906 0.0233792974341 0.0372250751254 -0.00724930828697 0.0265464851017 0.0151434364539 0.010331308279 0.0235245148515 0.0142536406856 0.0138737337168 0.00670108567781 0.0255412527872 0.317451952638 0.0234653444322 0.00907277615761 0.0539851052568 -0.000972436847224 0.0230188939033 -0.0010861316289 -0.000521962292388 
-0.00361780638345 0.0301814118369 0.0207158242585 -0.00357374596364 0.0450074406589 0.0181166201287 0.0289691966747 0.0150405439856 0.0360047745304 0.0367922815606 0.0154724818779 0.0128873314749 0.0142493356627 -0.0165393884766 0.0280829792315 0.0337608931479 0.0313073228554 0.0137050271717 0.0295976227799 0.0279449613681 0.0128216890309 0.0047514078332 0.0137085597974 0.0280749128827 -0.00857812333791 0.0230912674938 0.00895939987787 0.0169045718348 0.0101977839149 0.0185964541032 0.0150637983864 0.0373396634829 0.0234653444322 0.283543382015 0.0163927416308 0.0214654493937 0.00777909796299 0.0219932958479 -0.012295893624 0.0112694834745 
0.0482540601213 0.00485242666481 0.0134754734254 -0.0163828920057 0.0113209958108 0.0515781683379 0.0349712546737 0.0167431176564 -0.0111368523783 0.0607536172255 0.0215394284942 -0.00902315838432 0.0174164826401 -0.00382068169196 0.0181243583969 -0.00540038509487 0.0906194041294 0.01291414218 0.00160615331361 0.0162853754486 -0.00850120404426 0.0129337620194 0.0294467373694 -0.000377349545965 -0.00679396058543 3.86970453122e-05 0.00525473298398 -0.00632410776622 0.0140404945447 0.0140304233158 -0.00258824069418 0.0173271321203 0.00907277615761 0.0163927416308 0.314174717574 0.0191213007706 -0.00624939128703 0.0157572669217 0.0181889158679 0.0529299215717 
0.0363790228749 0.0136078475832 0.00926781974278 0.0207690926608 0.0137535765395 0.0211969690336 -0.0254771282972 0.000545583549891 0.00514333387145 0.00851715742688 0.00540954042172 0.00335348013553 0.0133584855319 0.0673471524789 0.0160974697293 0.0235200840319 0.0210188015154 0.0342754386944 0.0122629627976 0.0262321888079 0.0023048964761 0.0188014782704 0.0152402965953 -0.00247877426212 0.0382948804785 0.015083838147 0.0129526179179 0.0107846306634 0.0105380033354 0.0122978978063 0.00924007255699 0.0114224708961 0.0539851052568 0.0214654493937 0.0191213007706 0.233209504994 0.0557813043699 0.0142632855794 0.00425034640164 0.0195222551991 
0.0153826402827 0.0158216635679 0.0241908210984 -0.000270118291616 0.0343201335643 0.00991645777058 0.0112857687596 -0.00657113733942 -0.00522732176356 0.0232245069391 0.0244689183874 0.00999552151419 0.00141367350537 -0.00635079213544 0.0229541151008 0.0104682512797 0.00604578900015 0.0237928317646 -0.00984527644205 0.0127604037544 0.0107099563617 0.0138444755872 0.0115819872172 -0.00686588333331 0.00480858769903 0.0164329968109 0.0136933539808 0.0202223095323 0.0146309697368 0.0200726046174 0.0177250403762 0.0115723379403 -0.000972436847224 0.00777909796299 -0.00624939128703 0.0557813043699 0.220597555237 0.0153007948388 0.0240440867794 0.0178261554188 
0.0203423397579 0.0433915119138 0.0504107006269 0.0343621059182 0.0263642349526 0.0185743733656 0.0272453066355 0.0215089941469 0.016277054255 0.0379827381204 0.0250010400848 0.0283865523227 0.0168321298271 0.0371721834254 0.014098828033 0.0106854496257 0.0454757684344 0.0197728272139 0.00419160849461 0.0258527458686 0.0287322919928 0.01818614445 0.0321128351739 0.00920444173912 0.0258259214144 0.0147037989427 0.0183719477202 0.0326272570183 0.01862498388 0.0319225635127 0.0239866775665 0.0354120746076 0.0230188939033 0.0219932958479 0.0157572669217 0.0142632855794 0.0153007948388 0.211735307465 0.02935889568 0.0302680325804 
0.0196116310741 0.0100965655803 0.0186302145925 0.0405077568888 0.0542586634904 0.00609907497836 0.00572125089321 0.00623498300444 0.0163909611295 0.0138642403077 0.00391083796927 -0.0029090342826 0.0405574442919 0.00191837895187 0.00751552562181 0.0163271958347 0.0241490508104 0.0056287030079 0.00648610852487 0.026547828655 0.0125270347561 0.0181943790522 0.0306240719786 0.0144520311798 0.00514691410154 0.00206653108031 0.0112155227666 0.00506856975112 0.00796144000608 0.0229948981164 0.00735499275394 0.0204311088665 -0.0010861316289 -0.012295893624 0.0181889158679 0.00425034640164 0.0240440867794 0.02935889568 0.192544379732 0.0119102929056 
0.0151907187801 0.0285344994855 -0.000452880134979 -7.98126314988e-05 0.0354124725601 0.0109262508209 -0.0155608538151 -0.00225714409317 0.0109668040722 0.0119345158141 0.0115532823142 0.0338323286781 0.0183942481797 0.0126209695993 -0.00788358185353 -0.00060747994664 0.0390275748406 0.00289614564283 0.00499953021854 0.00688132235441 0.00765673322252 0.02314789042 0.0307276094925 0.0285656559544 0.0217665701728 0.0154777362662 0.0258021402303 0.00607561466869 0.0098113729713 0.0156165374333 -0.000141414273603 0.0181193170537 -0.000521962292388 0.0112694834745 0.0529299215717 0.0195222551991 0.0178261554188 0.0302680325804 0.0119102929056 0.482931842647 
0.0259223408805 0.000270466694951 5.94025043533e-05 -0.00028802831626 0.000369338067676 0.00129151521579 0.00116833221185 0.000733068095639 0.000955076964502 0.00299486559341 0.00039779883224 0.00261443838989 0.000674250627781 0.0018591726852 0.00136934758313 0.000325650645268 0.00386694729081 0.000423188772102 0.00241811113642 0.000630990319673 0.000623320940958 0.000686772552339 0.000211198484424 4.95855055738e-05 0.00660817172531 0.00206341836442 -0.000309010262422 -0.000129243530921 0.000310902096601 0.000555093454841 0.000853389526454 0.00222313612477 0.00140557380132 -0.000313311223404 0.00417892419008 0.00315051579745 0.00133217572621 0.00176169830028 0.00169841707198 0.00131555483653 
0.000270466694951 0.0244468125753 0.00239318086314 0.00204352729963 0.00111621917537 0.00104072925509 0.00160710035589 0.000540764466726 0.0010756910089 0.000572056355654 0.00335909957645 0.00030355974824 0.000783828927433 -0.000670295990615 0.000661346876644 0.000400472083495 0.000850708469457 0.000195884310445 0.000982163945538 0.00313014425633 0.00188951059103 0.00137709418646 -0.000780228705649 0.00354476440284 0.000843622739956 -8.5248323452e-06 0.00163552112654 0.000620202275523 0.00146859067872 0.00186386671511 1.28798433868e-05 0.00164540141517 -0.000553118646636 0.00261378693729 0.000420232476173 0.00117847416979 0.00137019625799 0.0037578151626 0.000874388228354 0.00247116014388 
5.94025043533e-05 0.00239318086314 0.0250774321648 0.000580945860885 -0.00020071624876 0.00122028041802 0.00128213773839 0.00313902008556 0.000667597368449 0.00213542948316 0.00226889078554 0.000965384774278 0.00124336556819 0.000764891165494 0.00642233703461 0.000162809725334 0.0052923525903 0.00216346802215 0.000176227071474 0.00495178451574 0.00230264103428 0.00207944838118 0.00206637504111 0.000480415986603 0.00126735059573 0.00242149390082 0.00213733080284 0.00200243114474 0.00194327281118 0.000729887720689 0.000885315316271 0.00169456007768 0.00172372879637 0.00179404300682 0.00116701023144 0.000802616733494 0.00209498656097 0.00436569473654 0.00161342391151 -3.92205701762e-05 
-0.00028802831626 0.00204352729963 0.000580945860885 0.0372457674031 0.000234628099541 0.00142688593099 0.00175198670359 0.00111195060044 0.00249148755822 -0.000960089031933 0.000850644159164 -0.00193117798456 0.00404710664969 -0.0023929025037 -0.000830794501768 -0.000801387271153 0.00120182008194 0.00135361364999 -0.00010054947615 0.000762854068745 0.000648248061497 -0.00159561501991 0.000958258833736 0.00117762634788 0.00119424776433 0.00184924419788 0.000143514596811 -0.00091237250833 0.000465243962477 -0.000166206641025 0.000502803159612 0.0020208392903 0.00221620627647 -0.000309495479118 -0.00141880006644 0.00179865618578 -2.33929302567e-05 0.00297584566527 0.0035080746516 -6.9119766421e-06 
0.000369338067676 0.00111621917537 -0.00020071624876 0.000234628099541 0.0394012344704 0.000844858255298 0.00421733410415 0.00189615381084 0.00114474386741 0.00331452260449 0.00171158145916 0.00178428292201 0.00304526122279 0.00157796553215 0.00351583367875 -0.000329605264758 0.00603793428177 0.000595494373259 2.1452817828e-05 0.00261097919005 0.002036220319 0.000777022651737 0.00169167820934 0.00163430971702 0.00219002345427 0.00167586371765 0.0012368099111 -0.000184093595652 0.00292706849858 0.00152968884362 0.00269437256018 0.00334211771758 0.000273135584913 0.00389775869699 0.000980426996827 0.00119109466761 0.0029722107528 0.00228320972203 0.0046989380958 0.00306681008478 
0.00129151521579 0.00104072925509 0.00122028041802 0.00142688593099 0.000844858255298 0.0292336470728 0.00210572397389 0.0022306812542 0.00187042595316 0.00474961143293 0.00190748869294 0.000369209486544 0.00251627349911 0.00060031270522 0.00500770055644 -0.000477196876652 0.00335594738846 0.000737600564054 0.00149104423821 0.00214891250913 0.00110757859279 -0.00139000704418 0.000813932455947 0.00249685532692 0.00219631793467 4.97232299633e-05 0.000772338406101 0.00241180285967 0.000934907933443 0.001534167431 0.00190125076257 0.00371141312507 0.00228192484334 0.00156894532622 0.00446680040612 0.00183571136663 0.000858790434488 0.00160858791939 0.000528195387084 0.000946241077898 
0.00116833221185 0.00160710035589 0.00128213773839 0.00175198670359 0.00421733410415 0.00210572397389 0.112733856026 0.00163170379671 0.00160683875181 0.0035087266645 8.44426420442e-05 1.02647331185e-05 -0.00183060833687 0.00136988994906 0.000614605566533 0.00172372832467 0.000807778913025 -0.000965250134515 0.000610560815171 0.00114352758164 -0.000512508134739 0.00106146256696 0.00168809215217 0.00116211706831 0.00139415229001 0.00147665157417 4.31163330057e-05 0.00126684648235 0.00124795942089 0.00136431326016 0.00194326605407 0.0019269856191 0.00184230545757 0.00250880602475 0.00302859949497 -0.00220638403208 0.000977376244702 0.00235951276802 0.000495474861494 -0.00134760947085 
0.000733068095639 0.000540764466726 0.00313902008556 0.00111195060044 0.00189615381084 0.0022306812542 0.00163170379671 0.0192656974933 0.000828366619458 0.000767662249489 0.00089417005728 0.00117513418088 0.00232536801365 0.00235710690588 0.00254224584858 -0.000749694720369 0.00149559461721 0.00117649371469 0.000797438177856 0.00298996983456 0.0029701465824 0.00179754910132 0.000962095414659 -0.000408181387559 0.00226677441648 0.00150799475803 0.000643746323604 0.00153227544199 0.00293117750283 0.00155899297241 0.00224316134344 0.000481442539874 -8.53427780331e-05 0.00130254931783 0.0014499965229 4.72489214092e-05 -0.00056907718677 0.0018627335341 0.000539965367401 -0.000195474412468 
0.000955076964502 0.0010756910089 0.000667597368449 0.00249148755822 0.00114474386741 0.00187042595316 0.00160683875181 0.000828366619458 0.0162664839566 0.00122464690078 0.000532599196147 0.00112308389947 0.0010940477639 0.000903952611024 0.00134403052597 -0.000636417910344 0.00149729321769 0.00203261774843 0.00164553067629 0.000980002387117 0.00124823933849 0.000942018076525 0.00133892775752 0.00178624284481 0.0042192519539 0.00434157857769 0.00152785723273 0.00119526469743 0.000780035912337 0.000419802381065 0.00216319700851 0.00246513115969 0.000817330136199 0.00311810494009 -0.000964479707781 0.000445425779282 -0.0004526993441 0.00140963424836 0.00141949887306 0.000949753092485 
0.00299486559341 0.000572056355654 0.00213542948316 -0.000960089031933 0.00331452260449 0.00474961143293 0.0035087266645 0.000767662249489 0.00122464690078 0.0242688555231 0.000854954776309 0.00121930510535 0.00351394375509 0.00140444499263 0.0017250682316 0.000903416660394 0.00512217216644 0.00216512376846 -1.98887865465e-05 0.00117381623342 0.00168349386827 -0.000420453195025 0.00131157119408 0.00313177680724 0.00324270504387 0.00208069237537 0.0018016738714 0.00181825325407 0.00116102379897 0.00297612404222 0.000454225457529 0.00317754304155 0.00264378498959 0.00318630504946 0.00526141758891 0.000737607469971 0.00201130129996 0.00328940161175 0.00120067843107 0.00103355938768 
0.00039779883224 0.00335909957645 0.00226889078554 0.000850644159164 0.00171158145916 0.00190748869294 8.44426420441e-05 0.00089417005728 0.000532599196147 0.000854954776309 0.0142487223027 0.00112272811836 0.00285888490855 7.42960013483e-05 0.00274083064152 -0.00106483359995 0.0016543315207 0.00142550931094 0.000263788276006 0.000755624922896 0.00257990933939 0.00112036789012 0.000330749290164 0.000409101819389 0.00142867919108 0.000321820915408 0.0011594165114 0.0023780289476 0.0022528318637 0.000711936077776 -1.00831085204e-05 0.000734077513227 0.00214575570356 0.00133995623658 0.00186536922589 0.000468479942801 0.00211907049266 0.00216515358345 0.000338688503147 0.00100054359812 
0.00261443838989 0.00030355974824 0.000965384774278 -0.00193117798456 0.00178428292201 0.000369209486544 1.02647331185e-05 0.00117513418088 0.00112308389947 0.00121930510535 0.00112272811836 0.0326758741381 0.000739771744552 0.003807609784 0.00335936896692 0.00100068993942 0.00197600898127 0.00104055276305 0.00421822911183 0.000888178104657 0.00149723430771 -0.000510582088811 -0.000564359839474 -0.00107509162941 0.00320999881884 0.000921438582243 -1.08153184787e-05 -0.000669505607987 0.00105787223042 0.000648316735411 0.00112240413549 0.00175370468723 0.000479357223002 0.00111607564442 -0.00078142843832 0.000290419898846 0.000865637555536 0.00245834754373 -0.000251929758921 0.00292996561044 
0.000674250627781 0.000783828927433 0.00124336556819 0.00404710664969 0.00304526122279 0.00251627349911 -0.00183060833687 0.00232536801365 0.0010940477639 0.00351394375509 0.00285888490855 0.000739771744552 0.0167311689665 0.00496907017491 0.0020908304354 0.000435995328316 0.00161851024409 0.00229973826559 0.000883763991808 0.00267638272021 0.00242608891118 0.000680994961494 0.00120218352641 0.00151105970839 0.00242720996724 0.000837866408103 0.0013890852225 0.00135817078469 0.00196358452441 0.00122442000206 -0.000489946850711 0.00165605846912 0.00063972752202 0.0012340286671 0.00150831164109 0.00115687878267 0.000122427716831 0.00145770520301 0.00351237770694 0.00159298862071 
0.0018591726852 -0.000670295990615 0.000764891165494 -0.0023929025037 0.00157796553215 0.00060031270522 0.00136988994906 0.00235710690588 0.000903952611024 0.00140444499263 7.42960013483e-05 0.003807609784 0.00496907017491 0.0629714055558 -0.000967900349755 -0.000394894956635 -0.000124102555377 0.00444595429523 0.00116368314394 0.00321873679907 0.000534834639938 0.00104194918944 0.000390873385118 0.000975407545981 0.00130453966119 0.00292724929024 0.000647016867392 -0.00185389477665 0.000356966547771 0.00116545726919 7.37620713302e-05 0.00463100928317 -0.000276956447116 -0.00143235305838 -0.000330880740501 0.00583243449192 -0.000549994732344 0.00321920551606 0.00016613649064 0.00109300802934 
0.00136934758313 0.000661346876644 0.00642233703461 -0.000830794501768 0.00351583367875 0.00500770055644 0.000614605566533 0.00254224584858 0.00134403052597 0.0017250682316 0.00274083064152 0.00335936896692 0.0020908304354 -0.000967900349755 0.0274588860733 0.000389369144275 0.00372901463608 0.00349421801545 0.00518391350335 0.00310083095284 0.00346079423104 0.00463338209025 0.00148875479136 0.000432417639489 0.000814382061817 0.000435467447618 0.00158214043164 0.00214115089593 0.00345776756076 0.000408403011929 0.000600940068049 0.00284273424027 0.00203025577501 0.00243205734284 0.0015696154799 0.00139408177222 0.00198788467987 0.00122099432401 0.000650863611128 -0.000682738215797 
0.000325650645268 0.000400472083495 0.000162809725334 -0.000801387271153 -0.000329605264758 -0.000477196876652 0.00172372832467 -0.000749694720369 -0.000636417910344 0.000903416660394 -0.00106483359995 0.00100068993942 0.000435995328316 -0.000394894956635 0.000389369144275 0.0324819919451 -9.59253430073e-06 -0.00023808988641 0.00275991746274 4.99365768429e-05 -0.000235815425729 -0.000228583408279 0.000793974783054 -0.00081743050109 0.00262906698622 -0.000377624187848 0.000728544555302 0.000606484360866 -0.000732400589484 -0.000934398971738 0.000734439803135 0.000362130727158 0.00208245135902 0.00292377911205 -0.000467687068237 0.00203689902708 0.000906577154146 0.000925387082675 0.00141397663654 -5.2609306608e-05 
0.00386694729081 0.000850708469457 0.0052923525903 0.00120182008194 0.00603793428177 0.00335594738846 0.000807778913025 0.00149559461721 0.00149729321769 0.00512217216644 0.0016543315207 0.00197600898127 0.00161851024409 -0.000124102555377 0.00372901463608 -9.59253430074e-06 0.0387029239901 0.00165781538737 0.00201778360994 0.00319932214374 0.0020967232672 0.000713982972352 0.00117211057579 -0.000454480689416 0.00205847674015 0.00386778339426 0.00162727015217 0.00129949919885 0.00109869455874 0.00222460464855 0.00117565075043 0.00246121076223 0.000219643134064 0.00271129369172 0.00784787060519 0.00182028160694 0.000523580686005 0.00393831707208 0.00209136914791 0.00337988712601 
0.000423188772102 0.000195884310445 0.00216346802215 0.00135361364999 0.000595494373259 0.000737600564054 -0.000965250134515 0.00117649371469 0.00203261774843 0.00216512376846 0.00142550931094 0.00104055276305 0.00229973826559 0.00444595429523 0.00349421801545 -0.00023808988641 0.00165781538737 0.013582786235 0.00119804625773 0.00140869883671 0.00278344813086 0.00149410427457 0.00093471923203 0.000619260626279 0.000923401830708 0.000977210205779 0.00224106495807 9.98016769341e-05 0.00176222359651 0.00166469021635 0.00115289045761 0.00160347762773 0.00222840885655 0.00118689016903 0.00111839751959 0.00296834006352 0.00206051967361 0.00171237706719 0.00048745997952 0.000250813569975 
