20
0.0665048210348 0.0662185328213 0.0485945029431 0.16701162673 0.00413185853021 0.102864057578 0.144106781955 0.142251168296 0.0121413644826 0.204332601919 0.0136100125143 0.12993100308 0.0916953774684 0.0649972461493 0.00851722536111 0.0506132512338 0.0678408515538 0.0291549562933 0.025637758891 0.00646873977314 
0.246096594615 0.0132657921468 0.0477988631884 0.025405656264 0.0182684186027 0.0191022032428 0.0216469900966 0.0195560804611 0.0173296910148 -0.0175266769921 0.00377182175934 0.0196101126274 0.0547496891254 0.00245377181174 0.0392363056188 0.0455556336638 0.0299968752888 0.022555648581 0.0288023456651 0.0680512884546 
0.0132657921468 0.397700959166 0.0143210253776 0.0245612760522 0.0247100209883 0.0177123326868 0.0182391349268 -0.0190943660925 0.0587984232974 -0.0277809318725 0.0255185834531 0.00171773265098 0.0124078736305 0.0562876368705 0.0124697752494 0.0137901348859 0.0766368628459 0.0187981393017 0.0589549569303 0.0170329058057 
0.0477988631884 0.0143210253776 0.138988343317 0.0140904774415 0.0152019198562 -0.00421433001394 0.0152556919154 0.0169004170635 0.007680707622 -0.00646085425092 0.0138482533632 0.0129583329875 0.0418795063299 0.00974784761587 0.0284466180325 0.0398544372127 0.0282087011902 0.0176114549434 0.0258814523622 0.054339938521 
0.025405656264 0.0245612760522 0.0140904774415 0.513938625016 0.0157706161255 0.0113563956768 0.0113966134879 -0.00850481668228 -0.00410298336144 -0.0223546741005 0.00831107244175 0.0233065623849 0.0197528945173 0.045571541079 0.00373675302615 0.036344741724 -0.0173492345776 0.0229637696301 0.00840170556168 0.0247145761398 
0.0182684186027 0.0247100209883 0.0152019198562 0.0157706161255 0.202907311648 0.0358366969783 0.0175193660645 0.0256380610045 0.0111507105232 0.00821902317612 0.00821568586635 0.0652009830813 0.0163403557932 0.0298046132091 0.0264025571483 0.00624991047477 0.0327683395706 0.00641029033029 0.00899460159072 0.0102194544385 
0.0191022032428 0.0177123326868 -0.00421433001394 0.0113563956768 0.0358366969783 0.621825404756 0.0877476268557 -0.00101061373688 0.00584763911673 0.0185241773422 0.00828520567969 0.0376216723732 0.00545790025397 0.0330829174493 0.0196729146189 -0.00302989735925 0.00810608738657 0.014203469056 0.018809971425 -0.0125582308822 
0.0216469900966 0.0182391349268 0.0152556919154 0.0113966134879 0.0175193660645 0.0877476268557 0.32883117295 -0.0160505693411 -0.0082277356669 0.0292713627893 0.0212268648945 -0.0162054615031 -0.00713342419944 0.0159139153203 -0.00243525715851 0.0264457847506 -0.00484641166094 0.0328623608692 0.0577105265919 0.0111822531446 
0.0195560804611 -0.0190943660925 0.0169004170635 -0.00850481668228 0.0256380610045 -0.00101061373688 -0.0160505693411 0.810577224189 0.000491971429737 0.0159142737988 0.078798842473 0.0100373928131 0.0318433829078 0.0188951107922 0.0180258651855 0.0253874815275 0.0128677281256 -0.00449953564069 -0.000519975884668 0.0301293950101 
0.0173296910148 0.0587984232974 0.007680707622 -0.00410298336144 0.0111507105232 0.00584763911673 -0.0082277356669 0.000491971429737 0.252153313155 -0.0233610509825 0.0133156018344 0.018374867733 0.0232321792919 0.0270445808894 0.0347730419344 0.00895076549394 0.0910634642927 -0.000826499943903 0.00455569380777 0.0337974428464 
-0.0175266769921 -0.0277809318725 -0.00646085425092 -0.0223546741005 0.00821902317612 0.0185241773422 0.0292713627893 0.0159142737988 -0.0233610509825 1.41914599129 0.000689023225664 0.0259511533405 0.0119632353072 -0.0671387397806 0.0225203379834 -0.00694125274791 0.00867793080749 0.174397244654 -0.00580014710478 -0.0037792349839 
0.00377182175935 0.0255185834531 0.0138482533632 0.00831107244175 0.00821568586635 0.00828520567969 0.0212268648945 0.078798842473 0.0133156018344 0.000689023225664 0.144112637533 -0.0248365869007 0.00196827043069 0.00773634182199 0.0187859217049 0.0146192345317 -0.00449105908474 0.00817496782112 0.0231666566815 0.0117868775427 
0.0196101126274 0.00171773265098 0.0129583329875 0.0233065623849 0.0652009830813 0.0376216723732 -0.0162054615031 0.0100373928131 0.018374867733 0.0259511533405 -0.0248365869007 0.674688532196 0.0975214672227 0.00893241090359 0.0342966570592 0.0100093955433 0.00724588983627 0.0113742312368 -0.00317529037151 0.0107043505808 
0.0547496891254 0.0124078736305 0.0418795063299 0.0197528945173 0.0163403557932 0.00545790025397 -0.00713342419944 0.0318433829078 0.0232321792919 0.0119632353072 0.00196827043069 0.0975214672227 0.535132007943 0.0277972457763 0.0301993844172 0.0452608195233 0.0649157671956 0.0331642564731 0.0449597840796 0.063050640063 
0.00245377181174 0.0562876368705 0.00974784761587 0.045571541079 0.0298046132091 0.0330829174493 0.0159139153203 0.0188951107922 0.0270445808894 -0.0671387397806 0.00773634182199 0.0089324109036 0.0277972457763 0.280409177715 0.0103117508699 0.023773996093 0.0178179918966 0.0183493690315 0.0352983459357 0.0170629614388 
0.0392363056188 0.0124697752494 0.0284466180325 0.00373675302615 0.0264025571483 0.0196729146189 -0.00243525715851 0.0180258651855 0.0347730419344 0.0225203379834 0.0187859217049 0.0342966570592 0.0301993844172 0.0103117508699 0.151461559533 0.0184346174251 0.0282638241312 0.0237254374142 0.019067032533 0.0298858406045 
0.0455556336638 0.0137901348859 0.0398544372127 0.036344741724 0.00624991047478 -0.00302989735925 0.0264457847506 0.0253874815275 0.00895076549394 -0.00694125274791 0.0146192345317 0.0100093955433 0.0452608195233 0.023773996093 0.0184346174251 0.155965110207 0.0253004891914 0.0171990460177 0.0346031719322 0.0573406731212 
0.0299968752888 0.0766368628459 0.0282087011902 -0.0173492345776 0.0327683395706 0.00810608738657 -0.00484641166094 0.0128677281256 0.0910634642927 0.00867793080749 -0.00449105908474 0.00724588983627 0.0649157671956 0.0178179918966 0.0282638241312 0.0253004891914 0.347883941364 -0.00149704968747 0.00458257236845 0.0228221894132 
0.022555648581 0.0187981393017 0.0176114549434 0.0229637696301 0.0064102903303 0.014203469056 0.0328623608692 -0.00449953564069 -0.000826499943902 0.174397244654 0.00817496782112 0.0113742312368 0.0331642564731 0.0183493690315 0.0237254374142 0.0171990460177 -0.00149704968747 0.18741775022 0.0265464148062 0.0314985629387 
0.0288023456651 0.0589549569303 0.0258814523622 0.00840170556168 0.00899460159072 0.018809971425 0.0577105265919 -0.000519975884668 0.00455569380777 -0.00580014710478 0.0231666566815 -0.00317529037151 0.0449597840796 0.0352983459357 0.019067032533 0.0346031719322 0.00458257236845 0.0265464148062 0.271615133409 0.0397785297046 
0.0680512884546 0.0170329058057 0.054339938521 0.0247145761398 0.0102194544385 -0.0125582308822 0.0111822531446 0.0301293950101 0.0337974428464 -0.0037792349839 0.0117868775427 0.0107043505808 0.063050640063 0.0170629614388 0.0298858406045 0.0573406731212 0.0228221894132 0.0314985629387 0.0397785297046 0.179325457381 
0.0213125902721 0.00114885130005 0.00413950297932 0.00220019437245 0.00158209145969 0.00165429932765 0.00187468433392 0.00169360624778 0.00150079526586 -0.00151785475191 0.000326649346214 0.00169828557064 0.00474146216319 0.000212502872406 0.00339796374166 0.00394523360384 0.00259780560343 0.001953376467 0.00249435630346 0.0058934144562 
0.00114885130005 0.0344419133747 0.00124023717853 0.00212706890105 0.00213995059039 0.0015339330067 0.00157955541897 -0.00165362061052 0.0050920928278 -0.00240589927424 0.00220997415389 0.000148760011266 0.0010745533771 0.00487465234489 0.00107991421455 0.00119426071328 0.00663694700909 0.00162796661791 0.00510564903807 0.0014750929128 
0.00413950297932 0.00124023717853 0.0120367436142 0.00122027114158 0.00131652487818 -0.0003649716852 0.0013211816751 0.00146361905115 0.00066516879197 -0.000559526391145 0.00119929392106 0.00112222455579 0.00362687163796 0.000844188366756 0.00246354938679 0.00345149550797 0.00244294518385 0.00152519673786 0.00224139952325 0.00470597671992 
0.00220019437245 0.00212706890105 0.00122027114158 0.0445083905249 0.0013657754198 0.000983492715153 0.000986975679762 -0.000736538730138 -0.000355328782231 -0.00193597156644 0.000719759986725 0.00201840751002 0.00171065084503 0.0039466112264 0.000323612304831 0.0031475469627 -0.00150248778804 0.00198872078663 0.000727609045153 0.00214034507809 
0.00158209145969 0.00213995059039 0.00131652487818 0.0013657754198 0.01757228865 0.00310354899709 0.00151722160701 0.00222032121337 0.000965679858332 0.000711788286481 0.000711499266977 0.00564657077001 0.00141511632238 0.0025811552189 0.00228652852153 0.000541258124253 0.0028378214508 0.000555147427167 0.000778955347448 0.000885030715654 
0.00165429932765 0.0015339330067 -0.0003649716852 0.000983492715153 0.00310354899709 0.0538516597237 0.00759916739788 -8.75217169551e-05 0.000506420402725 0.00160424081626 0.000717519859419 0.0032581324008 0.000472668027126 0.00286506469424 0.00170372438265 -0.000262396808397 0.000702007760206 0.00123005650244 0.00162899130985 -0.00108757469706 
0.00187468433392 0.00157955541897 0.0013211816751 0.000986975679762 0.00151722160701 0.00759916739788 0.0284776149331 -0.00139002007946 -0.000712542810316 0.00253497437789 0.00183830042414 -0.00140343413417 -0.000617772657269 0.00137818549411 -0.000210899456402 0.0022902721417 -0.000419711561557 0.00284596393411 0.00499787820944 0.00096841152948 
0.00169360624778 -0.00165362061052 0.00146361905115 -0.000736538730138 0.00222032121337 -8.75217169551e-05 -0.00139002007946 0.0701980467877 4.26059756088e-05 0.00137821653925 0.00682417993704 0.000869263716387 0.00275771785406 0.00163636459534 0.00156108571758 0.00219862039409 0.00111437794458 -0.000389671217007 -4.50312325477e-05 0.00260928214794 
0.00150079526586 0.0050920928278 0.00066516879197 -0.000355328782231 0.000965679858332 0.000506420402725 -0.000712542810316 4.26059756089e-05 0.021837117484 -0.00202312636099 0.00115316494553 0.0015913102248 0.00201196574521 0.0023421294085 0.0030114337682 0.000775159030107 0.00788632734341 -7.15769947646e-05 0.000394534656939 0.00292694440879 
-0.00151785475191 -0.00240589927424 -0.000559526391145 -0.00193597156644 0.000711788286481 0.00160424081626 0.00253497437789 0.00137821653925 -0.00202312636099 0.122901648014 5.96711617223e-05 0.00224743580503 0.00103604656875 -0.00581438542281 0.00195031847954 -0.000601130121378 0.000751530853157 0.0151032444221 -0.000502307473843 -0.000327291350293 
0.000326649346214 0.00220997415389 0.00119929392106 0.000719759986725 0.000711499266978 0.000717519859419 0.00183830042414 0.00682417993704 0.00115316494553 5.96711617223e-05 0.012480520511 -0.00215091151993 0.00017045721945 0.00066998685502 0.00162690854299 0.00126606284884 -0.000388937125728 0.000707972980821 0.00200629132069 0.00102077353833 
0.00169828557064 0.000148760011266 0.00112222455579 0.00201840751002 0.00564657077001 0.0032581324008 -0.00140343413417 0.000869263716387 0.0015913102248 0.00224743580503 -0.00215091151993 0.0584297408524 0.00844560680292 0.000773569475955 0.00297017762782 0.0008668390817 0.000627512467123 0.000985037319959 -0.000274988212612 0.000927023953395 
0.00474146216319 0.0010745533771 0.00362687163796 0.00171065084503 0.00141511632238 0.000472668027126 -0.000617772657269 0.00275771785406 0.00201196574521 0.00103604656875 0.00017045721945 0.00844560680292 0.0463437913257 0.00240731209975 0.00261534340839 0.00391970195033 0.00562187034975 0.00287210886034 0.00389363151616 0.00546034560194 
0.000212502872406 0.00487465234489 0.000844188366756 0.0039466112264 0.0025811552189 0.00286506469424 0.00137818549411 0.00163636459534 0.0023421294085 -0.00581438542281 0.00066998685502 0.000773569475955 0.00240731209975 0.0242841471355 0.000893023821087 0.0020588884566 0.00154308336269 0.00158910197247 0.00305692642919 0.00147769580698 
0.00339796374166 0.00107991421455 0.00246354938679 0.000323612304831 0.00228652852153 0.00170372438265 -0.000210899456402 0.00156108571758 0.00301143376821 0.00195031847954 0.00162690854299 0.00297017762782 0.00261534340839 0.000893023821087 0.0131169558252 0.00159648469992 0.00244771897057 0.00205468315166 0.00165125345484 0.0025881897177 
0.00394523360384 0.00119426071328 0.00345149550797 0.0031475469627 0.000541258124253 -0.000262396808397 0.0022902721417 0.00219862039409 0.000775159030107 -0.000601130121378 0.00126606284884 0.0008668390817 0.00391970195033 0.0020588884566 0.00159648469992 0.0135069747543 0.00219108663679 0.00148948107722 0.00299672259448 0.00496584795931 
0.00259780560343 0.00663694700909 0.00244294518385 -0.00150248778804 0.0028378214508 0.000702007760206 -0.000419711561557 0.00111437794458 0.00788632734341 0.000751530853157 -0.000388937125728 0.000627512467123 0.00562187034975 0.00154308336269 0.00244771897057 0.00219108663679 0.030127633079 -0.000129648306008 0.000396862408576 0.00197645958018 
0.001953376467 0.00162796661791 0.00152519673786 0.00198872078663 0.000555147427167 0.00123005650244 0.00284596393411 -0.000389671217007 -7.15769947645e-05 0.0151032444221 0.000707972980821 0.000985037319959 0.00287210886034 0.00158910197247 0.00205468315166 0.00148948107722 -0.000129648306008 0.0162308532811 0.00229898696016 0.00272785556876 
0.00249435630346 0.00510564903807 0.00224139952325 0.000727609045153 0.000778955347448 0.00162899130985 0.00499787820944 -4.50312325477e-05 0.000394534656939 -0.000502307473843 0.00200629132069 -0.000274988212612 0.00389363151616 0.00305692642919 0.00165125345484 0.00299672259448 0.000396862408576 0.00229898696016 0.0235225605584 0.00344492172493 
0.0058934144562 0.0014750929128 0.00470597671992 0.00214034507809 0.000885030715654 -0.00108757469706 0.00096841152948 0.00260928214794 0.00292694440879 -0.000327291350293 0.00102077353833 0.000927023953395 0.00546034560194 0.00147769580698 0.0025881897177 0.00496584795931 0.00197645958018 0.00272785556876 0.00344492172493 0.0155300401637 

['STT', 'ROH', 'WFC', 'PKI', 'PNW', 'IGT', 'NSC', 'DRI', 'HSY', 'UIS', 'SLE', 'NOV', 'PHM', 'SHW', 'PBI', 'JPM', 'WEN', 'AVY', 'AA', 'BBT']