50
0.0301615681032 0.103166553638 0.0807794462486 0.13534553156 0.0201569416701 0.0213104348082 0.107494880462 0.39235550597 0.0998681056981 0.101670797752 0.0716337087719 0.0385950792128 0.087070388143 0.00859756350963 0.138189015222 0.119808933935 0.0674926048947 0.0839491815724 0.00194148072761 -0.00773505516991 0.10431458653 0.0824662750087 0.131188957491 0.0511719962834 0.0913653440874 0.0485380268731 0.00633581846688 0.070293401022 0.0328492958576 0.109959402945 0.0270606760034 0.0453963667668 0.05514883533 0.00496789573306 0.0680936188342 0.0831393543584 0.025637758891 0.067616439087 0.0617018630506 0.0795042219188 0.105790500039 0.0665048210348 0.0571643700905 0.110057805124 0.0088766616328 0.16701162673 0.0539269159384 0.13190386478 0.191301962015 0.0636277148901 
0.211399548457 0.00602281673687 -0.0170500618537 0.0233106474867 0.0212361645737 0.027080131986 0.018938828956 -0.00299346321035 0.0325187086089 -0.00308895095959 0.0140850198082 0.0105115208689 0.0518404436907 0.0131494183601 0.0214684153424 -0.00129780744818 0.0355839833334 0.0337011806786 0.0217838454307 0.0234880047176 0.00329036133292 0.0292731127991 0.00812504280718 0.0164405018227 0.0309580769654 0.00854674834553 0.00787410087469 0.0262903061214 0.0216898983024 0.0216570556323 0.024861655741 0.00492420858173 0.00777173113604 0.0260693725092 0.0158671758163 0.0174263243607 0.0200620848895 0.0315238351833 0.0376920938766 0.033601808902 -0.000477836765092 0.0222236671813 0.0205004398196 0.0305625094215 0.00209988480616 -0.0237733619078 0.0202664554787 -0.0134808869206 0.0254521732036 0.0106255607167 
0.00602281673687 0.370203868195 -0.00799322299688 0.00120932851039 0.0242521121714 0.0124262262112 0.00681354211781 -0.026308509434 0.0374449173987 0.00462738302657 0.0107933267628 0.00539267310611 0.0406872424958 0.0155088182271 -0.00137365643081 -0.011018631085 0.0350926515231 0.0152549713983 0.0193785024968 0.0110876645431 0.0362310955748 -0.0186503892267 0.0328821150383 -0.00619501972285 0.040904159509 0.0225551650485 0.0179649864971 -0.0101768918114 0.024358307534 0.0369977724692 -0.00595238752384 0.0199551988406 -0.0226794454086 0.00861350125744 0.00646434129762 0.0260824494995 0.0158989370163 0.0256211742449 0.0157900298865 0.0233705630702 -0.00510299640582 0.0177609429171 -0.00377344562377 0.0213433450764 0.0176322105678 0.00677218086891 0.0117855499488 0.0258891821761 0.00305968784372 0.00963522126224 
-0.0170500618537 -0.00799322299688 0.490456202712 0.01793946652 0.000195064143541 0.0258465789598 0.0128197932348 0.00107981754912 0.0196795114986 0.0401316500226 0.00481817711318 0.0404973224009 0.0156868172789 0.0239369106681 -0.0268921679485 0.0232837606175 0.0141552950369 -0.0519452706173 0.0190200632979 0.00799706957884 0.0489194225566 0.0297277861556 0.00964833606458 0.0125255504839 0.0113069695326 -0.00266643656222 -0.00549861072392 -0.0114464900886 -0.00642073682134 0.0160252567656 0.00862797336653 -0.000436581957193 0.0107517515926 0.00449885360677 0.000595921079315 0.00498728865573 0.00590538403589 0.0206356960588 0.0381070391538 0.0068686691865 0.00793084512113 -0.00721523527761 0.0320825253681 0.0169733970788 0.0212729132854 0.0378182950071 -0.000148439437318 0.00761275169431 0.00378629627606 0.0164393290042 
0.0233106474867 0.00120932851038 0.01793946652 0.21115761752 0.0414130529099 0.0129256106897 0.0297312087753 0.0633905121483 0.000404318037545 0.00649954330778 0.0234087808413 0.0269217590888 0.00673147848967 0.012925282175 0.0299038430502 -0.00753998130638 0.0219510248713 0.0174073419402 0.037525187638 0.0195862873794 0.0228203197964 0.0318018354519 0.0394143734246 0.000960614415021 0.0166279697437 0.0102754847625 0.0238154853278 0.0148789346676 0.0159915499253 0.0502735031752 0.0473677341708 0.0166879788748 0.0216244422023 0.0179547946746 0.019421098323 0.0112385689753 0.0200101377107 0.00108567477291 0.0174777275065 0.017626748095 0.0078672061801 0.0419240284553 0.0371750763513 0.0530364289097 0.00950134931907 -0.00346769711069 0.0140920391602 -0.0109743719761 0.0299464154925 0.000633574435726 
0.0212361645737 0.0242521121714 0.00019506414354 0.0414130529099 0.17285038363 0.00778184386459 0.0315815706175 0.069033145161 -0.00153005061409 -0.00412266552036 0.0154034893766 0.0200263206724 0.0253244652111 0.0189069027533 0.0309243993781 0.000654918152616 0.019669845574 0.0141861369353 0.0200566374138 0.0155726063694 -0.0149985360416 0.0226062198006 0.015624578546 -0.0102722402143 -0.00405672191326 0.0153986829129 0.0107763018545 -0.00239153337375 0.0173224514143 0.000462566709476 0.0233925759374 0.0173464132918 0.00185612365453 0.0138873974313 0.000414916709384 0.0209624351597 0.0196544984566 0.0241653331394 0.0263384273855 0.0126006886808 0.011364205789 0.02439652095 0.00156784813651 0.0159073700685 -0.00347449785302 0.0074737745793 0.0266520321524 -0.0141878937767 0.0068735486227 0.0138470142166 
0.027080131986 0.0124262262112 0.0258465789598 0.0129256106897 0.00778184386459 0.252398941878 0.0126618140712 0.0419246685474 0.0844569193637 0.00785752439979 0.00237534525976 -0.00799891652435 0.02645378102 0.0156926929279 0.0158477430679 -0.0119290662398 0.0264516740406 0.0458854760713 0.00314100190548 0.00123319780972 0.0309793145048 -0.00477991604184 0.012527565421 0.00566282139925 0.0244479372846 0.0288897603264 0.0165240865516 0.0245232086487 0.0305048855046 0.0227805581399 0.0274972909386 0.0258215909803 -0.0115360964459 -0.0195605987378 0.010544554466 -0.00665955545598 0.026797299079 0.0725743076389 0.000633632522338 0.0194400966466 -0.0179952180332 0.0149211737037 0.0150576331388 0.0432410312429 0.033112009936 0.0314546998261 0.0435613538672 0.193159134644 0.0662220630355 0.0016803609488 
0.018938828956 0.00681354211781 0.0128197932348 0.0297312087753 0.0315815706175 0.0126618140712 0.442639765082 0.0838131394384 0.0101643163074 0.0349669182846 0.0138739460443 0.0537721333691 0.0110070097869 -0.00336878505505 0.0522778455868 0.0110185454181 0.013247319017 0.0085113145348 0.0364178890303 0.0151572848215 0.0498030055385 0.0555413027481 0.0460981681017 0.0549680466413 0.0554759601759 0.0145195994693 0.0190380440818 0.0788816202906 0.0101584574254 0.0163040973813 0.0265188288591 -0.001086022374 0.0433349340362 0.0325424484693 0.00611007924462 0.00361630585321 0.0747580097605 -0.00538464852188 0.0710120735564 0.021146574217 0.0252809077285 0.0267838809828 0.0190828701171 0.0506733085207 0.0386960071357 -0.00426550128776 0.0136260265133 0.0219021676931 0.0321510525859 -0.00129606362461 
-0.00299346321035 -0.026308509434 0.00107981754912 0.0633905121483 0.069033145161 0.0419246685474 0.0838131394384 3.18850278181 0.0790960971764 0.00124892879117 0.0150359717126 0.0367686310848 0.170926725752 0.00201036464671 0.132276855895 -0.0449968488901 -0.0447326120351 0.125820027935 0.0502672067057 -0.00720252014512 -0.00471558394791 -0.0204281788914 0.104269953908 0.0130883305214 0.00379700177886 0.0275238984513 0.00689329997833 -0.0129557099144 0.0168524553101 0.0169951707046 -0.00857131264308 -0.00804202778871 0.00407516915739 -0.0181279979252 -0.00841580025602 -0.0111883196177 0.0793623684596 0.072524241743 0.0163955119577 0.00407538951623 0.0121750063083 0.0295735510621 0.0581497060616 0.010169824551 0.0395840245029 0.0477260229836 -0.0124434377181 -0.0181988741719 0.0775286755094 0.00430642904988 
0.0325187086089 0.0374449173987 0.0196795114986 0.000404318037544 -0.0015300506141 0.0844569193637 0.0101643163074 0.0790960971764 0.352457206702 0.00859126281042 0.0129566818481 0.00183409993847 0.0832161697725 0.0166604752891 0.0187677745623 0.00389444360203 -0.0155186088234 0.104743761299 0.00773060936201 0.0113474409776 0.0161516354308 0.000455779732054 0.0652469130082 0.0248033230553 0.00457208885171 0.0130010774424 0.0117635768524 0.0155234597303 0.0162233230341 0.0633608015071 0.0204391209031 -0.00578267733476 0.012941735784 0.00948445554523 0.0609044674112 0.0188229034916 -0.00874289302497 0.0988264948576 0.0266785696215 0.0159604976996 -0.0127102391872 0.0171193161047 0.01386903161 0.024304170951 0.0350337920335 0.0196828794977 0.0212322917856 0.0499582900052 0.0786258966827 0.00525793859263 
-0.00308895095959 0.00462738302656 0.0401316500226 0.00649954330777 -0.00412266552036 0.0078575243998 0.0349669182846 0.00124892879117 0.00859126281042 0.292311902883 0.00357663242714 0.020639702176 0.00106171585485 -0.0115649641214 0.0262076224947 0.0263644258498 0.000658008116595 -0.00458089646396 0.00957244228115 0.00951712769197 -0.00978655671062 -0.0156431687746 0.00376353104201 0.00719749878373 0.0200664919082 0.012240605653 -0.0144663752314 0.0145943066343 0.0503855097589 0.010069770987 -0.0148959558644 -0.00590209122766 0.0278678368543 0.000165525448135 0.0148076535341 -0.00631787006208 0.0217118106008 0.00966302642817 0.0226486338181 -0.0237965866347 0.0134826554856 0.0143897500103 0.0218947749237 0.0266724745495 -0.002289360823 -0.00222324589505 0.00630724246202 8.33324307081e-05 0.0227101830486 -0.0127371983297 
0.0140850198082 0.0107933267628 0.00481817711318 0.0234087808413 0.0154034893766 0.00237534525975 0.0138739460443 0.0150359717126 0.0129566818481 0.00357663242714 0.183130681291 0.00128643817761 -0.00513174542375 -0.00255367444205 0.00493921140334 0.0120559423511 0.0137637022291 0.0234098185673 0.0153327594979 0.0144729808815 0.0060032809994 0.00183195704874 0.0226666896956 -0.00419501899077 0.0208424963767 0.00481706783441 0.0209715448973 0.0179491244925 0.00298401485053 0.022681481843 0.00130394806775 -0.00730381086398 0.00695779721793 0.0131658356726 0.00102629475157 0.0118746701564 0.00675357388041 0.00386188775184 -0.00325951279868 -0.0025177220272 -0.00941597357147 0.0252309762768 0.00814145371034 0.0161436378558 0.00557283362208 0.00617546976605 0.00399823673065 -0.00176749054537 0.0141544760576 0.00750638548411 
0.0105115208689 0.00539267310611 0.0404973224009 0.0269217590888 0.0200263206724 -0.00799891652435 0.0537721333691 0.0367686310848 0.00183409993847 0.020639702176 0.00128643817761 0.182201813622 0.0190128164774 0.010933379667 0.0106075564576 -0.0051563843356 0.019013410345 0.0101155618112 0.0267774260009 0.0171127272383 0.0234895661488 0.0282370634364 0.0286146719572 0.0213318959661 0.0395836074818 0.0419650296388 0.00837160489403 0.00857707065926 0.0287269462081 0.0306203557716 0.00556592224171 0.0166458703422 0.0278085629011 0.0137101698993 0.0116258120627 0.00973993424148 0.0148223174826 0.00984495351659 0.0214713838269 0.0207239154043 0.014379356876 0.0252816392333 0.0234335058926 0.0472379730552 0.034077775503 -0.00404381868566 0.0227225827727 0.00788028345584 0.00393090816778 0.0060671625483 
0.0518404436907 0.0406872424958 0.0156868172789 0.00673147848967 0.0253244652111 0.02645378102 0.0110070097869 0.170926725752 0.0832161697725 0.00106171585485 -0.00513174542375 0.0190128164774 0.5734955269 0.0214332207436 0.0369545963233 0.0541316938886 0.0284186011643 -0.0266008184 0.0105789543462 -0.00522094748973 0.0354602674839 0.0350410834952 0.0749360396567 0.0222377590468 -0.0248527646043 0.0157992721571 -0.00631015337038 0.00823362153599 0.00521224829446 0.0224863433776 0.0100935103517 0.00399269603473 0.00377841063475 -0.0118347638761 0.00524406051802 0.0833538930424 0.00681356091554 0.00705177413751 0.0437138192232 0.0259295558925 0.0123018029446 0.0121333823397 0.0238040760288 -0.00501366812324 0.0509672229625 -0.0145060126882 0.00890279414412 -0.00833079091825 0.0340731193518 0.00542991572414 
0.0131494183601 0.0155088182271 0.0239369106681 0.012925282175 0.0189069027533 0.0156926929279 -0.00336878505505 0.00201036464671 0.0166604752891 -0.0115649641214 -0.00255367444205 0.010933379667 0.0214332207436 0.222995639494 0.0293173248549 0.00922048529907 0.0158219934137 0.00366886438396 0.0129261350555 0.0148413904789 0.00577695010834 -0.0141951891504 0.0301868139625 -0.0092007274693 0.025267393735 0.0172410447405 0.0180882797702 -0.0146654510559 0.0199090731535 0.00930643170469 -0.00487932967558 -0.0140699556502 -0.0095214309492 0.015611475804 0.0241665618904 0.0115175254447 0.0191958447363 0.0119375989354 0.0166529699696 0.029366379972 -0.000647595282041 0.0104560839259 0.0324475057624 0.0296042929632 0.0335469369207 0.00387383035299 4.86527049658e-05 -0.00741999004651 0.00310963690512 0.0162665471683 
0.0214684153424 -0.0013736564308 -0.0268921679485 0.0299038430502 0.0309243993781 0.0158477430679 0.0522778455868 0.132276855895 0.0187677745623 0.0262076224947 0.00493921140334 0.0106075564576 0.0369545963233 0.0293173248549 0.25531669442 0.0509854749328 0.0174598369389 0.0161103340279 0.0432933339858 0.0186961830358 0.0411435559647 0.0304585403507 0.0384384877681 -0.0410909458584 0.0337014735627 0.01425606093 0.0217127844331 0.0547543020827 0.0152726305461 0.0273396986876 0.00637440244226 0.00211781052453 -0.000705034082726 0.0151429580583 0.0327469511133 0.0207376918615 0.0300151411384 0.0318069588087 0.0339641717792 0.0235512709261 0.0179671470369 -0.00464237249575 0.0159059568606 0.0584077346518 0.0309667166814 0.0202651861807 0.0488692121604 -0.0214257265968 0.0327942646463 0.00872387879667 
-0.00129780744818 -0.011018631085 0.0232837606175 -0.00753998130638 0.000654918152616 -0.0119290662398 0.0110185454181 -0.0449968488901 0.00389444360203 0.0263644258498 0.0120559423511 -0.0051563843356 0.0541316938886 0.00922048529907 0.0509854749328 0.636949679682 0.0176133589687 -0.025507406546 -0.00637729412464 0.0150575723492 -0.0146438703586 0.0279079965214 0.0141847321599 -0.0013708240204 -0.005183089084 -0.0204430497738 -0.00141955777511 -0.00112991024169 0.0340444286724 0.00570304160275 -0.000794107753277 -0.00632026918576 0.0107290746305 0.0276193114879 -0.000227554515516 0.0121235506432 -0.0111297565091 -0.00981233439418 0.00674314671663 -0.0140757790663 -0.00934170606475 -0.0254732467618 0.0176088589752 -0.0367047551158 0.0142587552693 -0.00135866111764 -0.0238508957628 -0.0196264345961 0.0469716052992 -0.0160684956619 
0.0355839833334 0.0350926515231 0.0141552950369 0.0219510248713 0.019669845574 0.0264516740406 0.013247319017 -0.0447326120351 -0.0155186088234 0.000658008116596 0.0137637022291 0.019013410345 0.0284186011643 0.0158219934137 0.0174598369389 0.0176133589687 0.33788088086 -0.017344244394 0.0137400871943 0.00365696147688 -0.0110514412357 0.0334644771921 0.0270504807747 0.000249951657275 0.0119141629892 0.0128274536409 0.0141437262281 -0.000406261248513 0.00300618467486 0.0162783098505 0.0274559963002 0.0152149878839 0.0133973547123 0.0063672420185 0.0275968364272 -0.00919007244502 0.0127779581532 0.0257308855044 0.0332274883826 0.00637200238248 0.0280089149817 0.0145616637935 0.0242419845357 0.0299312263267 0.022034618288 0.0179671714631 0.012916399225 -0.0439532794017 -0.0156147199143 0.00402231106193 
0.0337011806786 0.0152549713983 -0.0519452706173 0.0174073419402 0.0141861369353 0.0458854760713 0.00851131453481 0.125820027935 0.104743761299 -0.00458089646396 0.0234098185673 0.0101155618112 -0.0266008184 0.00366886438396 0.0161103340279 -0.025507406546 -0.017344244394 0.559385122054 0.0208505175417 -0.00693423390412 0.051177489404 0.005555631435 0.0477560903543 -0.0055409727563 -0.000326628151167 0.0499530063627 0.0135922488025 0.00800689472292 -0.0202844372643 0.106713789118 0.00204153552579 0.00610716646878 -0.0121273054048 0.00531250246577 0.00826954024484 0.00761616642639 0.0316980400139 0.0303680292137 0.0393927888988 0.0112640466376 0.0109390659955 0.0340053294447 -0.000898240096684 0.0423693715665 0.0348345267691 0.000461457227776 0.0116170540442 -0.00704214313496 0.02247351571 0.0157698711248 
0.0217838454307 0.0193785024968 0.0190200632979 0.037525187638 0.0200566374138 0.00314100190548 0.0364178890303 0.0502672067057 0.00773060936201 0.00957244228115 0.0153327594979 0.0267774260009 0.0105789543462 0.0129261350555 0.0432933339858 -0.00637729412464 0.0137400871944 0.0208505175417 0.200677042997 0.0203758728407 0.00965440479831 0.0033329102727 0.0431640521066 0.0100255213004 0.0137840073419 0.0139064751689 0.0222147064413 -0.0111614271622 0.0256926465129 0.028569847896 0.0228250860103 -0.00648021995129 0.0211754829298 0.0119061492449 0.0100462035815 0.033354249485 0.00877445980374 0.0323783320493 0.0140843829818 -0.0140736239551 -0.000600799888875 0.0294633485781 0.0310327961319 0.0511340536162 0.0376920391768 0.00100643876516 0.032271774798 -0.00039409530451 0.0245084166133 0.00632044718728 
0.0234880047176 0.0110876645431 0.00799706957884 0.0195862873794 0.0155726063694 0.00123319780972 0.0151572848215 -0.00720252014512 0.0113474409776 0.00951712769197 0.0144729808815 0.0171127272383 -0.00522094748973 0.0148413904789 0.0186961830358 0.0150575723492 0.00365696147688 -0.00693423390412 0.0203758728407 0.133573697908 0.00361731798719 0.0242681256835 0.0138588491596 0.00641455665272 0.0238712628996 0.0161459378946 0.000857641266356 -0.00563831989864 0.00641274543215 0.00792960758076 0.0186199153921 0.0114863126729 0.0191788280698 0.042439899799 0.00720856538871 0.00858695978403 0.00573586364929 0.0152888782929 0.00771259137842 0.0132095711673 0.0186797992941 0.00424750698341 0.0170820171639 0.00865262370159 0.0316312970637 0.0111128501116 0.0200379673643 -0.000897719911033 0.0264660498185 -0.00663060541864 
0.00329036133292 0.0362310955748 0.0489194225566 0.0228203197964 -0.0149985360416 0.0309793145048 0.0498030055385 -0.00471558394791 0.0161516354308 -0.00978655671061 0.00600328099939 0.0234895661488 0.0354602674839 0.00577695010834 0.0411435559647 -0.0146438703586 -0.0110514412357 0.051177489404 0.00965440479831 0.00361731798719 0.540850529975 0.00298566900477 0.0430735996816 -0.0404650095127 0.0198030888288 0.0129696596915 0.046126127671 0.0217124690881 0.007552673488 0.0620928560528 0.00895173153048 -0.0151211023143 -0.0034764315659 0.0174486407081 0.0300693723782 0.0532257736833 0.0444654601475 0.0319058838205 0.0163448656172 -0.00984004540696 -0.00558195950597 0.0181610718372 0.0347677503386 0.0146623464958 0.0275552276619 0.148325437109 0.0122990032149 0.0378118435124 0.0136525297282 0.0108443982783 
0.0292731127991 -0.0186503892267 0.0297277861556 0.0318018354519 0.0226062198006 -0.00477991604184 0.0555413027481 -0.0204281788914 0.000455779732055 -0.0156431687746 0.00183195704875 0.0282370634364 0.0350410834952 -0.0141951891504 0.0304585403507 0.0279079965214 0.0334644771921 0.005555631435 0.0033329102727 0.0242681256835 0.00298566900477 0.411958215153 -0.000151922385507 -0.0211702795756 0.00993984596566 0.00126777118733 -0.00383438434244 0.0129913361268 -0.00915875967172 0.0300240465112 0.0976666057779 0.0292731049275 0.165116433946 0.0503490443075 0.0153803920428 0.000950903170869 0.0249625496772 0.00268310115087 0.0336008994349 0.0243044752963 0.0089505112761 -0.0111190301661 -0.00186239420462 0.0409180501328 0.00901523774996 0.00973748941703 -0.00223792376202 -0.0358645923043 0.0174516079044 -0.000381459525336 
0.00812504280718 0.0328821150383 0.00964833606458 0.0394143734246 0.015624578546 0.012527565421 0.0460981681017 0.104269953908 0.0652469130082 0.00376353104201 0.0226666896956 0.0286146719572 0.0749360396567 0.0301868139625 0.0384384877681 0.0141847321599 0.0270504807747 0.0477560903543 0.0431640521066 0.0138588491596 0.0430735996816 -0.000151922385507 0.361948164665 0.025508037492 -0.00165587724843 0.0162573767571 0.00563325779873 0.0122445044321 0.0233603031729 0.0746848898665 0.00325296705946 0.00857237539099 0.0314605348154 0.0132829526204 -0.00114533220571 0.00624186479766 0.0305878607885 0.0200870445051 0.0160605297638 0.0133376152524 0.0130989120872 0.0407785690176 0.0267847314876 0.0516112921412 0.0412309692647 0.0405411300024 0.0115975881941 0.0252084468149 0.0453326147046 0.0157921808141 
0.0164405018227 -0.00619501972285 0.0125255504839 0.000960614415023 -0.0102722402143 0.00566282139925 0.0549680466413 0.0130883305214 0.0248033230554 0.00719749878373 -0.00419501899076 0.0213318959661 0.0222377590468 -0.0092007274693 -0.0410909458584 -0.0013708240204 0.000249951657274 -0.00554097275629 0.0100255213004 0.00641455665271 -0.0404650095127 -0.0211702795756 0.025508037492 0.309109909576 0.00662431443066 0.0108153970033 0.0063493757872 0.00893544801358 0.00105014059942 0.00239661501205 -0.00148049403921 -0.00188652661783 -0.00414669509942 0.00540621644924 0.008774028497 -0.0219249066979 -0.0121494574885 0.00411677475115 0.0116620113682 0.00300554958858 -0.0117504532052 0.0260725223421 0.0314075761704 0.0188644120069 -0.00577231617931 -0.0194225408634 0.0242460800785 -0.0169225252354 -0.00322074212111 -0.00745799029972 
0.0309580769654 0.040904159509 0.0113069695326 0.0166279697437 -0.00405672191326 0.0244479372846 0.0554759601759 0.00379700177886 0.00457208885172 0.0200664919082 0.0208424963767 0.0395836074818 -0.0248527646043 0.025267393735 0.0337014735627 -0.00518308908399 0.0119141629892 -0.000326628151167 0.0137840073419 0.0238712628996 0.0198030888288 0.00993984596566 -0.00165587724843 0.00662431443065 0.35661399046 0.0303026567038 0.0398142692264 0.0549260788999 0.0467328454702 0.0420651157774 0.00751961813429 5.06096089802e-05 0.0286309336669 0.0225379352481 0.00523712196582 0.0263974147463 -0.013164976705 0.0287579928456 0.00423238114763 0.0303617747978 0.00533136324629 0.0184384532596 0.0470180342615 0.0924810859101 -0.00310374892085 0.0154334893916 0.0180565622078 0.0054736278808 0.0356503398099 0.00405953423831 
0.00854674834553 0.0225551650485 -0.00266643656222 0.0102754847625 0.0153986829129 0.0288897603264 0.0145195994693 0.0275238984513 0.0130010774424 0.012240605653 0.00481706783441 0.0419650296388 0.0157992721571 0.0172410447405 0.01425606093 -0.0204430497738 0.0128274536409 0.0499530063627 0.0139064751689 0.0161459378946 0.0129696596915 0.00126777118733 0.0162573767571 0.0108153970033 0.0303026567038 0.180650312533 0.0106261763139 0.00186293595082 -0.00216035379381 0.0222662751258 -0.00402914209436 0.0249014627195 -0.0016510631744 0.00917958456512 0.00679474584136 -0.0115759795518 0.0196706799543 0.0290304245231 0.0043434480657 0.00872288262826 0.0324546344049 0.0255075299005 0.0254635464823 0.0225068625332 0.0234578159485 0.011926308179 0.0149587941748 -0.00254415549674 0.00939064001387 0.0101700493526 
0.00787410087469 0.0179649864971 -0.00549861072392 0.0238154853278 0.0107763018545 0.0165240865516 0.0190380440818 0.00689329997833 0.0117635768524 -0.0144663752314 0.0209715448973 0.00837160489403 -0.00631015337038 0.0180882797702 0.0217127844331 -0.00141955777511 0.0141437262281 0.0135922488025 0.0222147064413 0.000857641266355 0.046126127671 -0.00383438434244 0.00563325779873 0.0063493757872 0.0398142692264 0.0106261763139 0.184999566858 0.0296398681646 0.0339313918499 0.0106461305456 -0.00821690284262 0.0118936731745 -0.00872372193605 -0.0073370219356 -0.00735345882582 0.0334124711163 0.00997013881697 0.0133606552938 0.0155776228983 0.0182952714549 0.0176735454848 0.0105653406834 0.0163907659519 0.0565547196423 0.0122762111956 0.043682156853 -0.00585195751182 -0.00355023627703 0.00563486514191 0.00292468530599 
0.0262903061214 -0.0101768918114 -0.0114464900886 0.0148789346676 -0.00239153337375 0.0245232086487 0.0788816202906 -0.0129557099144 0.0155234597303 0.0145943066343 0.0179491244925 0.00857707065926 0.00823362153599 -0.0146654510559 0.0547543020827 -0.00112991024169 -0.000406261248516 0.00800689472292 -0.0111614271622 -0.00563831989864 0.0217124690881 0.0129913361268 0.0122445044321 0.00893544801358 0.0549260788999 0.00186293595082 0.0296398681646 0.31734860764 0.0104125291651 0.0205099328754 0.0152900218916 0.00843263904507 0.0321846267958 -0.00470291325284 0.0199746246666 0.00357136076195 0.0256946896336 0.00127049122069 0.0444386677864 0.03047450957 -0.00663452889987 0.00580583173407 -0.000105278228293 0.0125483848844 0.0420140091048 0.000900606014801 0.0226411858215 -0.00363269492382 0.0168385272217 -0.000436296268959 
0.0216898983024 0.024358307534 -0.00642073682133 0.0159915499253 0.0173224514143 0.0305048855046 0.0101584574254 0.0168524553101 0.0162233230341 0.0503855097589 0.00298401485054 0.0287269462081 0.00521224829446 0.0199090731535 0.0152726305461 0.0340444286724 0.00300618467486 -0.0202844372643 0.0256926465129 0.00641274543215 0.007552673488 -0.00915875967172 0.0233603031729 0.00105014059942 0.0467328454702 -0.00216035379381 0.0339313918499 0.0104125291651 0.317413357714 0.0127433069007 0.0109804742651 0.0101557825469 0.00228707244963 0.0158415633096 0.0340988543517 0.0125619007873 -0.00134467449606 -0.00503966017192 -0.00599198062073 0.0241000346368 -0.0150541688239 0.0138801496684 -0.00313604432979 0.0575448907522 0.0185577812191 0.0147889489064 0.0106525412973 0.0589393827722 0.0132834839609 0.011769096734 
0.0216570556323 0.0369977724692 0.0160252567656 0.0502735031752 0.000462566709477 0.0227805581399 0.0163040973813 0.0169951707046 0.0633608015071 0.010069770987 0.022681481843 0.0306203557716 0.0224863433776 0.00930643170469 0.0273396986876 0.00570304160275 0.0162783098505 0.106713789118 0.028569847896 0.00792960758076 0.0620928560528 0.0300240465112 0.0746848898665 0.00239661501206 0.0420651157774 0.0222662751258 0.0106461305456 0.0205099328754 0.0127433069007 0.365535736953 0.0565565606812 -0.00875633443012 -0.00224218156749 0.00577216234267 0.0311328607464 0.010920221784 0.015055114725 0.04963018221 0.00628563368301 0.0184977486181 0.0180003053685 0.0338000211051 0.022183854647 0.0645923712847 0.0413899625 0.0211612109551 0.0261409423067 -0.0415046829359 0.0551924148386 -0.000423394991848 
0.024861655741 -0.00595238752384 0.00862797336653 0.0473677341708 0.0233925759374 0.0274972909386 0.0265188288591 -0.00857131264308 0.0204391209031 -0.0148959558644 0.00130394806775 0.00556592224171 0.0100935103517 -0.00487932967558 0.00637440244226 -0.000794107753277 0.0274559963002 0.00204153552579 0.0228250860103 0.0186199153921 0.00895173153048 0.0976666057779 0.00325296705946 -0.00148049403921 0.00751961813429 -0.00402914209436 -0.00821690284262 0.0152900218916 0.0109804742651 0.0565565606812 0.184682163601 -0.0209376137752 0.0769887010277 0.0362093071942 0.0221808702012 -0.00578757437874 0.0207105391566 0.0130981974173 0.00725048422111 0.0190643900925 0.00227748833126 0.00756323046188 0.0133960095248 0.0281556540947 0.0173898222811 0.00609766275234 0.038472445252 -0.00943482763556 0.04676637767 -0.000925541822841 
0.00492420858174 0.0199551988406 -0.000436581957194 0.0166879788748 0.0173464132918 0.0258215909803 -0.001086022374 -0.00804202778871 -0.00578267733476 -0.00590209122765 -0.00730381086398 0.0166458703422 0.00399269603473 -0.0140699556502 0.00211781052453 -0.00632026918576 0.0152149878839 0.00610716646878 -0.00648021995129 0.0114863126729 -0.0151211023143 0.0292731049276 0.00857237539099 -0.00188652661783 5.06096089809e-05 0.0249014627196 0.0118936731745 0.00843263904507 0.0101557825469 -0.00875633443012 -0.0209376137752 0.366808423286 0.00964253320344 -0.0026659842748 0.00597941654444 0.0354024670815 0.0132028708631 0.00909668197667 0.0191022666286 -0.000379477585755 -0.0193549544451 0.00547784679755 -0.00869743624655 0.0186674364499 0.0160648355438 0.0478637539083 0.0239306763434 -0.00103124526902 -0.00787674147602 -0.00218586767069 
0.00777173113604 -0.0226794454086 0.0107517515926 0.0216244422023 0.00185612365453 -0.0115360964459 0.0433349340362 0.00407516915739 0.012941735784 0.0278678368543 0.00695779721793 0.0278085629011 0.00377841063475 -0.0095214309492 -0.000705034082726 0.0107290746305 0.0133973547123 -0.0121273054048 0.0211754829298 0.0191788280698 -0.0034764315659 0.165116433946 0.0314605348154 -0.00414669509942 0.0286309336669 -0.0016510631744 -0.00872372193605 0.0321846267958 0.00228707244962 -0.00224218156749 0.0769887010277 0.00964253320344 0.379999729833 0.031655174944 0.0142825203636 -0.00431583673658 -0.002661044312 -0.0179013756745 -0.00144184409692 0.00406535119601 0.00745510667839 -0.00823405971778 0.00862647744361 0.043781973079 0.0618638229204 0.024269771904 0.00435917261411 -0.0187520572833 0.0481955646934 0.0109239596164 
0.0260693725092 0.00861350125744 0.00449885360677 0.0179547946746 0.0138873974313 -0.0195605987378 0.0325424484693 -0.0181279979252 0.00948445554522 0.000165525448136 0.0131658356726 0.0137101698993 -0.0118347638761 0.015611475804 0.0151429580583 0.0276193114879 0.0063672420185 0.00531250246577 0.0119061492449 0.042439899799 0.0174486407081 0.0503490443075 0.0132829526204 0.00540621644924 0.0225379352481 0.00917958456512 -0.0073370219356 -0.00470291325284 0.0158415633096 0.00577216234267 0.0362093071942 -0.0026659842748 0.031655174944 0.164200664936 0.00384190094714 0.00137612641062 0.000849609449201 0.0161515762253 0.0296996454279 0.0134159956918 0.0119246393409 0.00316586576821 0.0230287445759 0.0163332708245 0.0062376479384 -0.00694298125325 0.017290580132 -0.0137470673421 0.0349053210014 0.000947764466363 
0.0158671758163 0.00646434129762 0.000595921079314 0.019421098323 0.000414916709384 0.010544554466 0.00611007924462 -0.00841580025602 0.0609044674112 0.0148076535341 0.00102629475158 0.0116258120627 0.00524406051802 0.0241665618904 0.0327469511133 -0.000227554515515 0.0275968364272 0.00826954024484 0.0100462035815 0.0072085653887 0.0300693723782 0.0153803920428 -0.00114533220571 0.00877402849699 0.00523712196582 0.00679474584136 -0.00735345882582 0.0199746246666 0.0340988543517 0.0311328607464 0.0221808702012 0.00597941654444 0.0142825203636 0.00384190094714 0.283727584886 -0.00926336893035 0.00477875703476 0.0434553230634 0.0252634406386 0.0436049279196 0.0317677031936 0.0142206498447 0.0159621873276 0.00354243200597 0.00552636398553 0.0269390591027 0.033841503166 -0.0143001731709 0.0663448418614 0.00636120862557 
0.0174263243607 0.0260824494995 0.00498728865573 0.0112385689753 0.0209624351597 -0.00665955545598 0.00361630585321 -0.0111883196177 0.0188229034916 -0.00631787006208 0.0118746701564 0.00973993424148 0.0833538930424 0.0115175254447 0.0207376918615 0.0121235506432 -0.00919007244502 0.00761616642639 0.033354249485 0.00858695978402 0.0532257736833 0.000950903170869 0.00624186479766 -0.0219249066979 0.0263974147463 -0.0115759795518 0.0334124711163 0.00357136076195 0.0125619007873 0.010920221784 -0.00578757437874 0.0354024670815 -0.00431583673658 0.00137612641061 -0.00926336893034 0.29288686529 0.0106952937612 -0.00100511416471 0.0196482219281 -0.000108211976624 -0.0075897305772 0.0301075503194 0.0139849526613 0.0389317542401 0.00446627408307 -0.001146955743 0.00788229122907 0.00422732829597 0.0151102284335 0.0296838864747 
0.0200620848895 0.0158989370163 0.00590538403589 0.0200101377107 0.0196544984566 0.026797299079 0.0747580097605 0.0793623684596 -0.00874289302497 0.0217118106008 0.00675357388041 0.0148223174826 0.00681356091554 0.0191958447363 0.0300151411384 -0.0111297565091 0.0127779581532 0.0316980400139 0.00877445980374 0.00573586364929 0.0444654601475 0.0249625496772 0.0305878607885 -0.0121494574885 -0.013164976705 0.0196706799543 0.00997013881697 0.0256946896336 -0.00134467449606 0.015055114725 0.0207105391566 0.0132028708631 -0.002661044312 0.000849609449196 0.00477875703476 0.0106952937612 0.246182924427 0.0481413037965 0.0177756296323 -0.00300437532313 0.00650070059052 0.0208084835494 0.0191449245426 0.0276302784153 0.00691453909846 -0.00184269429839 0.0246995199076 -0.0169157816251 -0.00245484002182 0.0303843681903 
0.0315238351833 0.0256211742449 0.0206356960588 0.00108567477291 0.0241653331394 0.0725743076389 -0.00538464852188 0.072524241743 0.0988264948576 0.00966302642817 0.00386188775184 0.00984495351659 0.00705177413751 0.0119375989354 0.0318069588087 -0.00981233439418 0.0257308855044 0.0303680292137 0.0323783320493 0.0152888782929 0.0319058838205 0.00268310115087 0.0200870445051 0.00411677475115 0.0287579928456 0.0290304245231 0.0133606552938 0.00127049122069 -0.00503966017192 0.04963018221 0.0130981974173 0.00909668197666 -0.0179013756745 0.0161515762253 0.0434553230634 -0.00100511416471 0.0481413037965 0.385269453378 0.00976649855798 0.00346770217906 -0.0201640833783 0.0226157283533 0.0129521834514 0.0128188246567 0.0430016324393 0.0397838609432 0.0335499355866 -0.00909373808942 0.0530986134818 0.00328300229 
0.0376920938766 0.0157900298865 0.0381070391538 0.0174777275065 0.0263384273855 0.000633632522338 0.0710120735564 0.0163955119577 0.0266785696215 0.0226486338181 -0.00325951279868 0.0214713838269 0.0437138192232 0.0166529699696 0.0339641717792 0.00674314671662 0.0332274883826 0.0393927888988 0.0140843829818 0.00771259137842 0.0163448656172 0.0336008994349 0.0160605297638 0.0116620113682 0.00423238114763 0.0043434480657 0.0155776228983 0.0444386677864 -0.00599198062072 0.00628563368302 0.00725048422111 0.0191022666286 -0.00144184409692 0.0296996454279 0.0252634406386 0.0196482219281 0.0177756296323 0.00976649855798 0.248959147721 0.000256582629648 0.00871727122903 0.0224695582573 0.0102534062331 0.0153352166363 -0.00120323753996 -0.0272160085746 0.00944166787246 -0.00238280692836 -0.0332911988424 0.00723648149675 
0.033601808902 0.0233705630702 0.0068686691865 0.017626748095 0.0126006886808 0.0194400966466 0.021146574217 0.00407538951623 0.0159604976996 -0.0237965866347 -0.00251772202721 0.0207239154043 0.0259295558925 0.029366379972 0.0235512709261 -0.0140757790663 0.00637200238248 0.0112640466376 -0.0140736239551 0.0132095711673 -0.00984004540696 0.0243044752963 0.0133376152524 0.00300554958858 0.0303617747978 0.00872288262826 0.0182952714549 0.03047450957 0.0241000346368 0.0184977486181 0.0190643900925 -0.000379477585755 0.00406535119601 0.0134159956918 0.0436049279196 -0.000108211976623 -0.00300437532313 0.00346770217906 0.000256582629655 0.263122232996 0.00954928488078 0.0162139609931 0.0127737387853 0.0243536304788 0.0166158036654 0.0144803318546 0.0458727632544 -0.00520504373999 0.000957165022811 0.0427912773204 
-0.000477836765093 -0.00510299640582 0.00793084512113 0.0078672061801 0.011364205789 -0.0179952180332 0.0252809077285 0.0121750063083 -0.0127102391872 0.0134826554856 -0.00941597357147 0.014379356876 0.0123018029446 -0.000647595282041 0.0179671470369 -0.00934170606475 0.0280089149817 0.0109390659955 -0.000600799888874 0.0186797992941 -0.00558195950597 0.0089505112761 0.0130989120872 -0.0117504532052 0.00533136324629 0.0324546344049 0.0176735454848 -0.00663452889987 -0.0150541688239 0.0180003053685 0.00227748833126 -0.0193549544451 0.00745510667839 0.0119246393409 0.0317677031936 -0.0075897305772 0.00650070059052 -0.0201640833783 0.00871727122903 0.00954928488078 0.546273037195 0.0254168130534 0.0409448907964 0.0411702543651 0.0224993958949 0.00299036564029 0.0214047644818 0.00571502026528 -0.0168539994588 -0.0142670509124 
0.0222236671814 0.0177609429171 -0.00721523527761 0.0419240284553 0.02439652095 0.0149211737037 0.0267838809828 0.0295735510621 0.0171193161047 0.0143897500103 0.0252309762768 0.0252816392333 0.0121333823397 0.0104560839259 -0.00464237249575 -0.0254732467618 0.0145616637935 0.0340053294447 0.0294633485781 0.00424750698341 0.0181610718372 -0.0111190301661 0.0407785690176 0.0260725223421 0.0184384532595 0.0255075299005 0.0105653406834 0.00580583173407 0.0138801496684 0.0338000211051 0.00756323046188 0.00547784679755 -0.00823405971778 0.00316586576822 0.0142206498447 0.0301075503194 0.0208084835494 0.0226157283533 0.0224695582573 0.0162139609931 0.0254168130534 0.234671891322 0.0381372967858 0.0492154360109 0.0147243278108 0.0221545899311 0.0312164882264 0.00335326789975 0.00150625561051 0.0135867065922 
0.0205004398196 -0.00377344562377 0.0320825253681 0.0371750763513 0.00156784813651 0.0150576331388 0.0190828701171 0.0581497060616 0.01386903161 0.0218947749237 0.00814145371034 0.0234335058926 0.0238040760288 0.0324475057624 0.0159059568606 0.0176088589752 0.0242419845357 -0.000898240096683 0.0310327961319 0.0170820171639 0.0347677503386 -0.00186239420462 0.0267847314876 0.0314075761704 0.0470180342615 0.0254635464823 0.0163907659519 -0.000105278228294 -0.00313604432979 0.022183854647 0.0133960095248 -0.00869743624655 0.00862647744361 0.0230287445759 0.0159621873276 0.0139849526613 0.0191449245426 0.0129521834514 0.0102534062331 0.0127737387853 0.0409448907964 0.0381372967858 0.183705616409 0.033382521686 0.00997797274821 0.0295149223138 0.0111750998934 -0.0271950720472 0.010675252446 0.00231816709569 
0.0305625094215 0.0213433450764 0.0169733970788 0.0530364289097 0.0159073700685 0.0432410312429 0.0506733085207 0.010169824551 0.024304170951 0.0266724745495 0.0161436378558 0.0472379730552 -0.00501366812324 0.0296042929632 0.0584077346518 -0.0367047551158 0.0299312263267 0.0423693715665 0.0511340536162 0.00865262370159 0.0146623464958 0.0409180501328 0.0516112921412 0.0188644120069 0.0924810859101 0.0225068625332 0.0565547196423 0.0125483848844 0.0575448907522 0.0645923712847 0.0281556540947 0.0186674364499 0.043781973079 0.0163332708245 0.00354243200597 0.0389317542401 0.0276302784153 0.0128188246567 0.0153352166363 0.0243536304788 0.0411702543651 0.0492154360109 0.033382521686 0.437898894498 -0.00134275590787 0.0143800739271 0.0345212719169 0.00330727602276 0.0851312325414 0.00449738751248 
0.00209988480616 0.0176322105678 0.0212729132854 0.00950134931907 -0.00347449785302 0.033112009936 0.0386960071357 0.0395840245029 0.0350337920335 -0.002289360823 0.00557283362208 0.034077775503 0.0509672229625 0.0335469369207 0.0309667166814 0.0142587552693 0.022034618288 0.0348345267691 0.0376920391768 0.0316312970637 0.0275552276619 0.00901523774996 0.0412309692647 -0.00577231617931 -0.00310374892085 0.0234578159485 0.0122762111956 0.0420140091048 0.0185577812191 0.0413899625 0.0173898222811 0.0160648355438 0.0618638229204 0.0062376479384 0.00552636398553 0.00446627408307 0.00691453909847 0.0430016324393 -0.00120323753996 0.0166158036654 0.0224993958949 0.0147243278108 0.00997797274821 -0.00134275590787 0.254230150226 0.023855282033 0.0181806910542 -0.000751535115804 0.0394084618084 0.00994631734978 
-0.0237733619078 0.00677218086891 0.0378182950071 -0.00346769711069 0.0074737745793 0.0314546998261 -0.00426550128776 0.0477260229836 0.0196828794977 -0.00222324589506 0.00617546976605 -0.00404381868567 -0.0145060126882 0.00387383035299 0.0202651861807 -0.00135866111764 0.0179671714631 0.000461457227778 0.00100643876516 0.0111128501116 0.148325437109 0.00973748941704 0.0405411300024 -0.0194225408634 0.0154334893916 0.011926308179 0.043682156853 0.000900606014803 0.0147889489064 0.0211612109551 0.00609766275234 0.0478637539083 0.024269771904 -0.00694298125325 0.0269390591027 -0.001146955743 -0.00184269429838 0.0397838609432 -0.0272160085746 0.0144803318546 0.00299036564029 0.0221545899311 0.0295149223138 0.0143800739271 0.023855282033 0.478202048799 0.0137507154473 0.0318237355534 0.0046004923317 -0.0180494965008 
0.0202664554787 0.0117855499488 -0.000148439437319 0.0140920391602 0.0266520321524 0.0435613538672 0.0136260265133 -0.0124434377181 0.0212322917856 0.00630724246202 0.00399823673065 0.0227225827727 0.00890279414412 4.86527049642e-05 0.0488692121604 -0.0238508957628 0.012916399225 0.0116170540442 0.032271774798 0.0200379673643 0.0122990032149 -0.00223792376202 0.0115975881941 0.0242460800785 0.0180565622078 0.0149587941748 -0.00585195751182 0.0226411858215 0.0106525412973 0.0261409423067 0.038472445252 0.0239306763434 0.00435917261412 0.017290580132 0.033841503166 0.00788229122907 0.0246995199076 0.0335499355866 0.00944166787246 0.0458727632544 0.0214047644818 0.0312164882264 0.0111750998934 0.0345212719169 0.0181806910542 0.0137507154473 0.213540698945 -0.00510374880221 0.0292594683479 0.00233554160455 
