40
0.128291051585 0.158066549078 0.0415957971797 0.00535997805058 0.0916609470377 0.0507347996455 0.0825599502725 0.126841392599 0.0224960645228 0.0800542827641 0.0243185800675 0.106465020668 0.0861150338972 0.138189015222 0.101022755506 0.0571643700905 0.065309734793 0.0437038130991 0.0444735285872 0.0824662750087 0.0433119494187 0.0623269012124 0.0534982218633 0.0431815223905 0.0826231173305 0.0578888041786 0.0256858872149 0.0703179731329 0.105790500039 0.144106781955 0.136929250297 0.0616353203302 -0.00277796207049 0.0493061267197 0.119808933935 0.0202129727645 0.00792878112812 0.165275344352 0.0861575830063 0.275152850517 
0.497599572106 0.0110697226214 0.0270505308778 0.00618968918546 -0.0172495088984 0.0269634997072 0.00534267927168 -0.00392579067476 0.0249477787513 0.0240094175857 0.0069457568872 0.0104006049188 -0.00241724234166 0.0282555885558 0.0145054908382 0.0163300434008 0.00841633403469 0.0300780953038 0.0106797499135 -0.00785905452203 0.00977470865538 0.011663717691 0.0190203766504 0.049960513417 0.0254399740756 -0.0231576067577 0.0251480671337 0.000914127648437 0.0335358227413 0.00488822404542 0.027654316562 0.0529770791899 -0.00138390377658 0.00976716573473 0.0370564789572 0.0262366229458 0.00625917799722 0.0143371284728 -0.000867336367199 0.00710464602077 
0.0110697226214 0.687272189789 -0.00439634997311 -0.00679695613199 -0.0010286132201 -0.00830326228101 -0.019135069653 -0.0121128058784 -0.00553324780565 -0.00236801110103 0.0176444739767 -0.00449160665827 -0.0207087787072 -0.0027110971372 0.0466858692022 0.0171853049509 0.00705971702759 -0.00785049559922 0.0180031359358 -0.0206526864301 -0.000891559230872 0.0150208207581 0.00142207398345 0.0242872290601 -0.0183346061535 -0.0379161022717 0.00449610745603 -0.0164849098696 -0.000314744206636 0.0130273278906 -0.0072695434218 -0.00109279625096 0.00656723469118 -0.000837376627921 0.0123532112569 0.000680893887723 0.00223119668857 -0.0227679706357 0.00798216084135 -0.0184169575114 
0.0270505308778 -0.00439634997311 0.242558888428 0.0124414662289 0.00581041573529 0.0282642958579 0.0365371757852 0.0215968459639 0.0225772697384 0.009844655328 0.033538716603 0.0250049337038 0.0380146586523 0.0223976689184 0.0321899554076 0.043117367141 0.0300012751493 0.0168678266606 0.0195315786494 0.00447613262995 0.0202298988994 0.043589239226 0.0286448363581 0.0117392585404 0.0262271589578 0.0139520996351 0.0366377689396 0.045906344842 0.0172374659085 0.0119117103928 0.00328763866581 0.0133808295844 0.00735213508946 0.0132588800867 -0.0104640098395 0.0308004059692 0.0308176928871 -0.0112904772553 0.0261435092162 0.000772759921144 
0.00618968918546 -0.00679695613199 0.0124414662289 0.140170552171 -0.00178844805597 0.0202816485237 0.0206023413725 0.0277106504999 0.00919623521225 0.00926908099807 0.0227132236113 0.0140181189386 0.0111761540547 0.012697773482 0.0114553478479 0.0309112254135 0.00280281451893 0.0124318994263 0.011572708446 0.0313529314514 0.0210493243416 0.0210588370023 0.0146774752665 0.0117412161939 0.0067137523316 0.0365920617495 0.0164234692362 0.0193252922191 0.0121656100733 0.0197429055015 0.0199160146694 0.0183293251625 0.00916630063774 0.00592277986074 0.0116012503799 0.0108692877828 0.0215841669293 -0.00628128345104 -0.0146025188718 0.0101186237055 
-0.0172495088984 -0.0010286132201 0.00581041573529 -0.00178844805597 0.431445169335 0.0377374253818 0.0251215787147 -0.0082503942972 0.0325395492246 0.0198621829988 0.0228434788987 0.00708395907188 0.0135828598792 0.0228014976313 0.0201906875597 -0.00769275623447 0.0138544796831 -0.00208832153129 0.00291771380839 0.0205708722512 0.00318920631843 0.0120604850882 0.0187367414604 0.00687675281872 0.00694537808895 0.0172707847826 0.0104531294145 -0.011362417459 0.0242749739162 0.0640032614959 0.0154711654274 0.00283160113262 0.0270922932187 -0.00102909506199 -0.013926920047 0.0334029260504 0.00539496965401 -0.0180823937097 0.00313955778082 0.00329833774538 
0.0269634997072 -0.00830326228101 0.0282642958579 0.0202816485237 0.0377374253818 0.263301847134 -0.00954987925032 0.0573813284442 0.0212317547962 0.0241323426925 0.0122540192642 0.0227607750324 0.0187405230462 0.0381170450129 0.020771334145 0.0427373247725 0.00412622967925 0.0242315024284 0.0119572526432 0.0198199429304 0.0285820097462 0.0137239604 0.0364636688263 0.0255353529797 0.0255713132037 0.026425633778 0.0404174645473 0.0277917708388 0.00697816849284 -0.0118736942251 0.0341642472684 0.0245230669558 -0.00930814885036 -0.00683073384635 0.00778571790141 0.0385950922511 0.0113348254371 0.0106652985672 0.0165907059692 -0.0136620494542 
0.00534267927168 -0.019135069653 0.0365371757852 0.0206023413725 0.0251215787147 -0.00954987925032 0.35342712965 0.0771743946578 0.0271699671973 0.0329933010923 0.0202647772028 0.0394517689995 0.0187339825903 0.00131489606994 -0.00167242932715 0.0292633625722 -0.00413786933623 0.00301389215284 0.0335859707376 -0.0257445320966 0.0274763118332 0.0333389216005 0.00887364436028 -0.00910012480299 0.01562072138 -0.0152113620433 0.0135530246586 0.0549798920174 -0.020712731307 0.00428289031877 -0.00149498651743 0.0235415694053 0.024747083804 0.0169088973774 -0.0092696555665 0.016165664967 0.0200176723455 -0.0105525202605 -0.000231710016235 -0.0378174192658 
-0.00392579067476 -0.0121128058784 0.0215968459639 0.0277106504999 -0.0082503942972 0.0573813284442 0.0771743946578 0.874056540451 0.00976638591499 0.0195288826852 0.00126456300397 0.00947327372648 0.018510959035 0.00958309667015 0.0194608991746 0.0126898582387 -0.0155767621869 0.00333276083635 -0.00274458089353 0.00764515989522 -0.0114255894903 0.0016540920402 -0.00707703399558 0.0197126378991 -0.0187695740507 0.0208297368463 0.0130458614778 0.0450339614353 -0.000300542834255 -0.0174171159628 0.00629788066813 0.0207613541825 -0.00760101279384 -7.33320718994e-05 0.0443713900365 0.00987980322653 -0.0143180448251 0.00182657457413 0.00365084033315 -0.0184121118833 
0.0249477787513 -0.00553324780565 0.0225772697384 0.00919623521225 0.0325395492246 0.0212317547962 0.0271699671973 0.00976638591499 0.20313787757 0.0101479258431 0.0168086749187 0.0102417983728 0.0166935178642 0.0232514292305 0.0292478194287 0.029899797272 0.0321436246817 0.021029298635 0.00598150862637 0.00949401850357 0.0249377973518 0.017054035538 0.0352549266637 0.0103921890558 0.0299573795998 0.00886018305318 0.0186850945555 -0.00390320373342 0.0230860792955 0.0270466038487 0.0126820973267 0.0192205829003 0.00833613822216 0.0109415829161 -0.0070912284664 0.0215319179392 0.00928062571787 -0.00142696825736 0.0226774474478 0.00191719123208 
0.0240094175857 -0.00236801110102 0.00984465532801 0.00926908099807 0.0198621829988 0.0241323426925 0.0329933010923 0.0195288826852 0.0101479258431 0.345030879103 0.0268105778811 0.0125843142438 0.00785645956606 0.0357103206539 -0.0165331760433 0.0268817388511 0.000131636193801 -0.00602530066817 0.0363454301239 -0.00557451646882 0.0163933431386 0.0359052533723 0.030761942454 0.0307311142552 0.000620195671334 0.00842212010336 0.0217207976364 0.00895911743287 0.0314849339218 -0.0131416513146 0.00433342561531 -0.00249799826155 0.0278355443307 0.0113482830678 0.00237185355438 0.0170507215156 0.019171383222 0.00101687298559 -0.00388022461918 0.00178799597594 
0.0069457568872 0.0176444739767 0.033538716603 0.0227132236113 0.0228434788987 0.0122540192642 0.0202647772028 0.00126456300397 0.0168086749186 0.0268105778811 0.225411299911 0.00470474739666 0.0122024762292 -0.0013497909079 0.0125969166238 0.0236180481019 0.0107036244713 -0.000922929796278 -0.00555703638214 0.00107784887121 0.00654822212372 0.0200603794362 0.0249931489933 0.00881647363186 0.0196022098682 0.00297351183179 0.0331336520206 -0.00584595849419 0.0102288269649 0.00766512201477 0.0395844177106 0.0027287953263 0.0167241579496 -0.00171426873141 0.0270858221496 0.0141779403893 -0.00409125714425 -0.00655288634007 -0.0260306805139 -0.00745904296019 
0.0104006049188 -0.00449160665827 0.0250049337038 0.0140181189386 0.00708395907188 0.0227607750324 0.0394517689995 0.00947327372648 0.0102417983728 0.0125843142438 0.00470474739666 0.262432178928 0.0295604239784 0.0332035537199 0.0202464448764 0.0271937540098 0.0193955894143 0.0152044681714 0.00470897859319 0.00822978902943 0.0379603494142 0.0245790983527 0.0416986595994 0.0130418942442 0.00527704415106 0.0361515071975 0.0128371121141 0.0103572221514 0.00197522632563 0.0195255678006 0.0152474181194 0.0207681478791 0.0251779960903 0.00747671220106 -0.00708061496272 0.0415829912583 0.0158014471606 0.00252226398074 0.0319620308545 -0.0163633522326 
-0.00241724234166 -0.0207087787072 0.0380146586523 0.0111761540547 0.0135828598792 0.0187405230462 0.0187339825903 0.018510959035 0.0166935178642 0.00785645956606 0.0122024762292 0.0295604239784 0.23688925771 0.0275075031077 0.0105503668577 0.0166759344777 0.00581118285506 0.0473607987601 0.013740066506 -0.000652243942538 0.0122299626554 0.0105951833506 0.0421206687629 0.0182591055148 0.0205522095574 0.000484421635172 0.018143806023 -0.00113116323655 -0.00019554807412 0.0269474436584 0.022312704965 0.0220028296808 0.0195026694871 0.0357259052228 0.025532954071 0.0308220475156 1.42044361181e-05 -0.00163737531169 0.0331681954502 -0.00046977879236 
0.0282555885558 -0.0027110971372 0.0223976689184 0.012697773482 0.0228014976313 0.0381170450129 0.00131489606994 0.00958309667015 0.0232514292305 0.0357103206539 -0.0013497909079 0.0332035537199 0.0275075031077 0.292994538619 -0.00751407915141 0.027761727883 0.0252085512346 0.0443286844317 0.00913267139215 0.0253298369862 0.0274806954935 0.0282971152603 0.0304641879168 0.052177560166 0.0299560921525 0.0456689787574 0.0244331884918 -0.00623702871812 0.0151283191524 0.0236829076537 0.071841826459 0.0327678210015 0.0132203022962 0.0234684118879 0.0439785672108 0.048777494191 -0.00134148990424 0.012010493475 0.074820399401 0.00101466828303 
0.0145054908382 0.0466858692022 0.0321899554077 0.0114553478479 0.0201906875597 0.020771334145 -0.00167242932715 0.0194608991746 0.0292478194287 -0.0165331760433 0.0125969166238 0.0202464448764 0.0105503668577 -0.00751407915141 0.401165972742 0.0247270636502 0.000431097532582 0.0151086532023 0.00810846723879 0.0049284169017 0.0281488407532 0.00933095965652 0.0191359647938 0.00175094678406 -0.000166042369465 -0.000460170955383 0.0159084560124 0.0178926814092 -0.0114304311449 -0.0010604724098 0.0205716801457 0.00929786671842 -0.000286938213208 0.0107119371281 -0.00718294386982 0.00309933123528 0.00377572258295 0.240143390779 -0.00484374498089 -0.0287718124076 
0.0163300434008 0.0171853049509 0.043117367141 0.0309112254135 -0.00769275623447 0.0427373247725 0.0292633625722 0.0126898582387 0.029899797272 0.0268817388511 0.0236180481019 0.0271937540098 0.0166759344777 0.027761727883 0.0247270636502 0.191535557953 0.0108968782349 0.00400146671858 0.0314585243197 0.00412455872416 0.013626611632 0.0246329344652 0.0305442188277 0.00447201648335 0.0119307312231 0.0228300496196 0.0422270116009 0.0123721257099 0.038869649573 0.0284878496622 0.0157457152121 0.0368089365713 -0.000611987505938 0.0203604974831 0.0138942461393 0.0258186791936 0.0117655549741 0.026825804668 0.0401972258987 -0.00630746397941 
0.00841633403469 0.00705971702759 0.0300012751493 0.00280281451893 0.0138544796831 0.00412622967925 -0.00413786933623 -0.0155767621869 0.0321436246817 0.000131636193801 0.0107036244713 0.0193955894143 0.00581118285506 0.0252085512346 0.000431097532582 0.0108968782349 0.30564122556 0.0457532240896 0.0299736499119 0.0266795232823 0.0187110029318 0.0235964566508 0.0116323233817 0.0106895179599 0.00923935958052 -0.00348552162385 0.00740165996369 -0.00529590042737 -0.00163924046425 0.0219677522752 0.0604294114711 0.0355673001566 0.0144482522757 0.0306686545878 0.0176673442771 0.0350856222418 0.018312634549 -0.0534880091392 0.0386650640218 -0.0145538863652 
0.0300780953038 -0.00785049559922 0.0168678266606 0.0124318994263 -0.00208832153129 0.0242315024284 0.00301389215284 0.00333276083635 0.021029298635 -0.00602530066817 -0.000922929796279 0.0152044681714 0.0473607987601 0.0443286844317 0.0151086532023 0.00400146671858 0.0457532240896 0.19348573876 0.0363683668282 0.0196469114555 0.0118105470959 0.0349994995275 0.0317940457274 0.00458945216255 0.0122908564307 0.0101831470426 0.0160367262454 0.000725356594796 0.00876627485223 0.0112583809279 0.0656717968847 0.0070813716074 0.0109125425372 0.00283130744811 0.0163489030991 0.023785005996 0.00378660642393 -0.0223188871745 0.0243984433589 -0.0127948000001 
0.0106797499135 0.0180031359358 0.0195315786494 0.011572708446 0.00291771380839 0.0119572526432 0.0335859707376 -0.00274458089353 0.00598150862637 0.0363454301239 -0.00555703638214 0.00470897859319 0.013740066506 0.00913267139215 0.00810846723879 0.0314585243197 0.0299736499119 0.0363683668282 0.347629047392 0.0156845066381 0.0223594738563 0.0420827016631 0.0229328241259 0.0107222717538 0.00704223861455 0.0158412836167 -0.00519919936029 0.00588838571113 0.0103409137032 0.0030867298054 0.0349868397612 0.0242992991047 0.000445426847281 0.0356331262672 0.0120993309866 0.0355006628107 0.0134417666004 -0.0201352684877 0.0203564179024 -0.00339133927224 
-0.00785905452203 -0.0206526864301 0.00447613262995 0.0313529314514 0.0205708722512 0.0198199429304 -0.0257445320966 0.00764515989522 0.00949401850357 -0.00557451646882 0.00107784887121 0.00822978902943 -0.000652243942536 0.0253298369862 0.0049284169017 0.00412455872416 0.0266795232823 0.0196469114555 0.0156845066381 0.432577810224 -0.00483411114175 0.0149880286012 0.0146778570625 0.00115762643688 0.0133728152071 0.176949546858 -0.00349536780251 0.0225127489685 0.00887386090483 0.000258267652599 0.0135949943318 -0.00415963788967 -0.0011482581018 0.0413559076829 0.0321293919934 0.0252855603019 0.0270508860355 -0.0277349734645 0.0194794448878 0.0234852801525 
0.00977470865538 -0.000891559230872 0.0202298988994 0.0210493243416 0.00318920631842 0.0285820097462 0.0274763118332 -0.0114255894903 0.0249377973518 0.0163933431386 0.00654822212372 0.0379603494142 0.0122299626554 0.0274806954935 0.0281488407532 0.013626611632 0.0187110029318 0.0118105470959 0.0223594738563 -0.00483411114175 0.184603975669 0.0365318443927 0.0279993449318 0.0162523814982 0.0241566921362 0.010346201487 0.0146065561018 0.0102388974526 0.0163699425423 0.04378021004 0.0258772646848 0.0179057227334 0.023035220232 0.00240676184228 -0.0147029361059 0.00659325211613 0.0114647030692 0.000832124375465 0.0134520272907 0.00643148989662 
0.011663717691 0.0150208207581 0.043589239226 0.0210588370023 0.0120604850882 0.0137239604 0.0333389216005 0.0016540920402 0.017054035538 0.0359052533723 0.0200603794362 0.0245790983527 0.0105951833506 0.0282971152603 0.00933095965652 0.0246329344652 0.0235964566508 0.0349994995275 0.0420827016631 0.0149880286012 0.0365318443927 0.255318064061 0.0412495325568 0.0274132602751 0.00717157212486 0.0426132144907 0.047434079023 0.041272140412 0.015328745934 0.0146886448948 0.018337349825 0.00204608710747 0.0083704917711 0.0314921310846 -0.0121325519878 0.0239650443326 0.00342443892618 -0.0139239925447 0.00421080856214 0.0121998789718 
0.0190203766504 0.00142207398345 0.0286448363581 0.0146774752665 0.0187367414604 0.0364636688263 0.00887364436028 -0.00707703399558 0.0352549266637 0.030761942454 0.0249931489933 0.0416986595994 0.0421206687629 0.0304641879168 0.0191359647938 0.0305442188277 0.0116323233817 0.0317940457274 0.0229328241259 0.0146778570625 0.0279993449318 0.0412495325568 0.231357601032 0.0169665946385 0.0506276440208 -0.00283726835123 0.020830963301 0.0358341974107 0.0261594096082 -0.0162232642008 0.0163496995938 0.0157125232541 0.00047500443471 0.0164736398224 -0.0159733411189 0.0317286145076 0.00507060295723 -0.0187396269529 0.010620582808 -0.0141593802609 
0.049960513417 0.0242872290601 0.0117392585403 0.0117412161939 0.00687675281872 0.0255353529797 -0.00910012480299 0.0197126378991 0.0103921890558 0.0307311142552 0.00881647363186 0.0130418942442 0.0182591055148 0.052177560166 0.00175094678406 0.00447201648335 0.0106895179599 0.00458945216255 0.0107222717538 0.00115762643688 0.0162523814982 0.0274132602751 0.0169665946385 0.203123685838 0.016050899222 0.00937268331315 -0.00687126307641 -0.000217359583712 0.0142711811612 0.0211511169847 0.00890580844981 0.00704472195886 0.0101043779951 0.0195888857754 0.0194882569058 0.0396201485054 0.0178515894939 -0.0119545273462 -0.00561048868775 -0.0145592842212 
0.0254399740756 -0.0183346061535 0.0262271589578 0.0067137523316 0.00694537808895 0.0255713132038 0.01562072138 -0.0187695740507 0.0299573795998 0.000620195671332 0.0196022098682 0.00527704415106 0.0205522095574 0.0299560921525 -0.000166042369465 0.0119307312231 0.00923935958052 0.0122908564307 0.00704223861455 0.0133728152071 0.0241566921362 0.00717157212486 0.0506276440208 0.016050899222 0.195830322089 0.0310214294283 0.0102425936025 -0.000840601216476 0.0231055144899 0.00432111887583 0.0438363547396 0.0221151295114 -0.00180313072337 0.00771931809579 -0.00231209212209 0.0280393494191 0.00377814881198 -0.00611699503656 -0.0191944781466 0.0106069566977 
-0.0231576067577 -0.0379161022717 0.0139520996351 0.0365920617495 0.0172707847826 0.026425633778 -0.0152113620433 0.0208297368463 0.00886018305318 0.00842212010336 0.00297351183179 0.0361515071975 0.00048442163517 0.0456689787574 -0.000460170955384 0.0228300496196 -0.00348552162385 0.0101831470426 0.0158412836167 0.176949546858 0.010346201487 0.0426132144907 -0.00283726835123 0.00937268331316 0.0310214294283 0.414968924745 0.0186086297711 0.00814234565623 0.0195962350431 -0.0152401661096 0.0220686042779 0.00618240493433 0.00483914817941 0.0132709182333 0.00689796755693 0.0115200021328 -0.00118822659683 -0.0179213827325 0.0133884217649 0.0686902389535 
0.0251480671337 0.00449610745603 0.0366377689396 0.0164234692362 0.0104531294145 0.0404174645473 0.0135530246586 0.0130458614778 0.0186850945554 0.0217207976364 0.0331336520206 0.0128371121141 0.018143806023 0.0244331884918 0.0159084560124 0.0422270116009 0.00740165996369 0.0160367262454 -0.00519919936029 -0.00349536780251 0.0146065561018 0.047434079023 0.020830963301 -0.00687126307641 0.0102425936025 0.0186086297711 0.187649111616 0.0104478289374 0.0618796276754 0.0215661947752 0.0291113726847 0.00080058587975 0.00686425771354 0.0222264267284 -0.00929108371884 0.0116761691923 0.0080425101836 0.0667325854804 0.0281350062013 -0.0200254115176 
0.000914127648436 -0.0164849098696 0.045906344842 0.0193252922191 -0.011362417459 0.0277917708388 0.0549798920174 0.0450339614353 -0.00390320373342 0.00895911743286 -0.00584595849419 0.0103572221514 -0.00113116323655 -0.00623702871812 0.0178926814092 0.0123721257099 -0.00529590042737 0.000725356594795 0.00588838571113 0.0225127489685 0.0102388974526 0.041272140412 0.0358341974107 -0.00021735958371 -0.000840601216473 0.00814234565623 0.0104478289374 0.270581444275 0.0358559556843 0.00320291502656 -0.0327847512905 0.00754176559972 0.0166617778088 0.0189805736309 0.00490483506685 0.0161626326496 0.00673553622745 0.00330292034568 0.00467239063747 -0.00738753801093 
0.0335358227413 -0.000314744206636 0.0172374659085 0.0121656100733 0.0242749739162 0.00697816849284 -0.020712731307 -0.000300542834255 0.0230860792955 0.0314849339218 0.0102288269649 0.00197522632563 -0.00019554807412 0.0151283191524 -0.0114304311449 0.038869649573 -0.00163924046425 0.00876627485223 0.0103409137032 0.00887386090483 0.0163699425423 0.015328745934 0.0261594096082 0.0142711811612 0.0231055144899 0.0195962350431 0.0618796276754 0.0358559556843 0.545121146429 -0.00661850625116 0.002870351566 0.000668713562878 -0.00229633836318 0.0135587338899 -0.0110141748698 0.0166001534239 0.00281257772658 -0.00167027279347 0.0148092917867 0.0242143720962 
0.00488822404542 0.0130273278906 0.0119117103928 0.0197429055015 0.0640032614959 -0.0118736942251 0.00428289031877 -0.0174171159628 0.0270466038487 -0.0131416513146 0.00766512201477 0.0195255678006 0.0269474436584 0.0236829076537 -0.0010604724098 0.0284878496622 0.0219677522752 0.0112583809279 0.0030867298054 0.000258267652598 0.04378021004 0.0146886448948 -0.0162232642008 0.0211511169847 0.00432111887583 -0.0152401661096 0.0215661947752 0.00320291502656 -0.00661850625116 0.316676925392 0.00941909777652 -0.00448862851776 0.0134555778775 -0.01270838038 0.00294100546439 0.0358648227086 0.0020333193706 0.0561809887604 0.0764436029739 0.0277318982082 
0.027654316562 -0.0072695434218 0.00328763866581 0.0199160146694 0.0154711654274 0.0341642472684 -0.00149498651743 0.00629788066813 0.0126820973267 0.00433342561531 0.0395844177106 0.0152474181194 0.022312704965 0.071841826459 0.0205716801457 0.0157457152121 0.0604294114711 0.0656717968847 0.0349868397612 0.0135949943318 0.0258772646848 0.018337349825 0.0163496995938 0.00890580844981 0.0438363547396 0.0220686042779 0.0291113726847 -0.0327847512905 0.002870351566 0.00941909777652 0.678740554758 0.0845351706089 0.0120888184814 0.0370431353742 -0.0299090719364 0.0285424727725 0.0297196334157 -0.00554802996116 0.0356817986585 -0.0302457301696 
0.0529770791899 -0.00109279625096 0.0133808295844 0.0183293251625 0.00283160113262 0.0245230669558 0.0235415694053 0.0207613541825 0.0192205829003 -0.00249799826155 0.0027287953263 0.0207681478791 0.0220028296808 0.0327678210015 0.00929786671842 0.0368089365713 0.0355673001566 0.0070813716074 0.0242992991047 -0.00415963788967 0.0179057227334 0.00204608710747 0.0157125232541 0.00704472195886 0.0221151295114 0.00618240493433 0.000800585879749 0.00754176559972 0.000668713562877 -0.00448862851776 0.0845351706089 0.278137281867 0.0321023374573 0.0191475080867 -0.000253113906931 0.0253058981304 0.0282112581967 -0.016670798049 -0.000448500223673 -0.016676069891 
-0.00138390377658 0.00656723469118 0.00735213508946 0.00916630063774 0.0270922932187 -0.00930814885036 0.024747083804 -0.00760101279384 0.00833613822216 0.0278355443307 0.0167241579496 0.0251779960903 0.0195026694871 0.0132203022962 -0.000286938213208 -0.000611987505936 0.0144482522757 0.0109125425372 0.000445426847281 -0.0011482581018 0.023035220232 0.0083704917711 0.000475004434708 0.0101043779951 -0.00180313072337 0.00483914817941 0.00686425771354 0.0166617778088 -0.00229633836318 0.0134555778775 0.0120888184814 0.0321023374573 0.265431163476 0.00546177960115 -0.0163197231671 0.0262797634239 -0.00393813607422 -0.000182830012528 0.0325824420697 -0.00449340479591 
0.00976716573473 -0.000837376627921 0.0132588800868 0.00592277986074 -0.00102909506199 -0.00683073384635 0.0169088973774 -7.33320718997e-05 0.0109415829161 0.0113482830678 -0.00171426873141 0.00747671220106 0.0357259052228 0.0234684118879 0.0107119371281 0.0203604974831 0.0306686545878 0.00283130744811 0.0356331262672 0.0413559076829 0.00240676184228 0.0314921310846 0.0164736398224 0.0195888857754 0.00771931809579 0.0132709182333 0.0222264267284 0.0189805736309 0.0135587338899 -0.01270838038 0.0370431353742 0.0191475080867 0.00546177960115 0.218868524016 0.00348374474963 0.00300676419363 0.0149939442901 -0.0205081896599 0.0472147278042 -0.011270773332 
0.0370564789572 0.0123532112569 -0.0104640098395 0.0116012503799 -0.013926920047 0.00778571790141 -0.0092696555665 0.0443713900365 -0.0070912284664 0.00237185355438 0.0270858221496 -0.00708061496272 0.025532954071 0.0439785672108 -0.00718294386982 0.0138942461393 0.0176673442771 0.0163489030991 0.0120993309866 0.0321293919934 -0.0147029361059 -0.0121325519878 -0.0159733411189 0.0194882569058 -0.00231209212209 0.00689796755693 -0.00929108371884 0.00490483506685 -0.0110141748698 0.00294100546439 -0.0299090719364 -0.000253113906931 -0.0163197231671 0.00348374474963 0.643727999596 -0.00332210704649 0.0195403013367 -0.000710934911598 -0.00730140303214 -0.00433569086296 
0.0262366229458 0.000680893887723 0.0308004059692 0.0108692877828 0.0334029260504 0.0385950922511 0.016165664967 0.00987980322653 0.0215319179392 0.0170507215156 0.0141779403893 0.0415829912583 0.0308220475156 0.048777494191 0.00309933123528 0.0258186791936 0.0350856222418 0.023785005996 0.0355006628107 0.0252855603019 0.00659325211613 0.0239650443326 0.0317286145076 0.0396201485054 0.0280393494191 0.0115200021328 0.0116761691923 0.0161626326496 0.0166001534239 0.0358648227086 0.0285424727725 0.0253058981304 0.0262797634239 0.00300676419363 -0.00332210704649 0.198410968119 0.00882560730694 -0.00459407445758 -0.0112276593918 -0.00601327846156 
0.00625917799722 0.00223119668857 0.0308176928871 0.0215841669293 0.00539496965401 0.0113348254371 0.0200176723455 -0.0143180448251 0.00928062571787 0.019171383222 -0.00409125714425 0.0158014471606 1.42044361168e-05 -0.00134148990424 0.00377572258295 0.0117655549741 0.018312634549 0.00378660642393 0.0134417666004 0.0270508860355 0.0114647030692 0.00342443892618 0.00507060295723 0.0178515894939 0.00377814881198 -0.00118822659683 0.0080425101836 0.00673553622744 0.00281257772658 0.0020333193706 0.0297196334157 0.0282112581967 -0.00393813607422 0.0149939442901 0.0195403013367 0.00882560730694 0.241234699132 -0.0200894025792 -0.0168459589189 -0.0335603740665 
0.0143371284728 -0.0227679706357 -0.0112904772553 -0.00628128345104 -0.0180823937097 0.0106652985672 -0.0105525202605 0.00182657457413 -0.00142696825736 0.0010168729856 -0.00655288634007 0.00252226398074 -0.00163737531169 0.012010493475 0.240143390779 0.026825804668 -0.0534880091392 -0.0223188871745 -0.0201352684877 -0.0277349734645 0.000832124375466 -0.0139239925447 -0.0187396269529 -0.0119545273462 -0.00611699503656 -0.0179213827325 0.0667325854804 0.00330292034568 -0.00167027279347 0.0561809887604 -0.00554802996115 -0.016670798049 -0.000182830012528 -0.0205081896599 -0.000710934911597 -0.00459407445758 -0.0200894025792 1.35058477821 0.00144213668507 -0.0370150564468 
-0.000867336367198 0.00798216084135 0.0261435092162 -0.0146025188718 0.00313955778082 0.0165907059692 -0.000231710016234 0.00365084033315 0.0226774474478 -0.00388022461918 -0.0260306805139 0.0319620308545 0.0331681954502 0.074820399401 -0.00484374498089 0.0401972258987 0.0386650640218 0.0243984433589 0.0203564179024 0.0194794448878 0.0134520272907 0.00421080856214 0.010620582808 -0.00561048868775 -0.0191944781466 0.0133884217649 0.0281350062013 0.00467239063747 0.0148092917867 0.0764436029739 0.0356817986585 -0.000448500223673 0.0325824420697 0.0472147278042 -0.00730140303214 -0.0112276593918 -0.0168459589189 0.00144213668507 0.558262715407 -0.0293976636074 
0.00710464602077 -0.0184169575114 0.000772759921144 0.0101186237055 0.00329833774538 -0.0136620494542 -0.0378174192658 -0.0184121118833 0.00191719123208 0.00178799597594 -0.00745904296019 -0.0163633522326 -0.00046977879236 0.00101466828303 -0.0287718124076 -0.00630746397941 -0.0145538863652 -0.0127948000001 -0.00339133927224 0.0234852801525 0.00643148989662 0.0121998789718 -0.0141593802609 -0.0145592842212 0.0106069566977 0.0686902389535 -0.0200254115176 -0.00738753801093 0.0242143720962 0.0277318982082 -0.0302457301696 -0.016676069891 -0.00449340479591 -0.011270773332 -0.00433569086296 -0.00601327846156 -0.0335603740665 -0.0370150564468 -0.0293976636074 2.71798150352 
0.0430933870356 0.000958666100295 0.0023426446926 0.000536042807613 -0.00149385129088 0.00233510757214 0.000462689597355 -0.000339983445428 0.00216054101666 0.00207927655593 0.000601520191283 0.000900718807439 -0.000209339327498 0.00244700574882 0.00125621235603 0.001414223243 0.000728875908078 0.00260483946306 0.000924893473118 -0.000680614086581 0.000846514601015 0.0010101075823 0.00164721293688 0.00432670738052 0.00220316638211 -0.0020055075743 0.00217788649939 7.91657765848e-05 0.00290428744308 0.000423332620272 0.0023949340667 0.00458794963967 -0.000119849582691 0.000845861364925 0.00320918521517 0.00227215819806 0.00054206071524 0.00124163174747 -7.5113532762e-05 0.000615280393888 
0.000958666100295 0.0595195175672 -0.000380735076064 -0.000588633667872 -8.90805179275e-05 -0.000719083606964 -0.00165714564227 -0.00104899976018 -0.000479193316513 -0.000205075776993 0.00152805627003 -0.000388984546987 -0.00179343284418 -0.000234787899294 0.00404311487269 0.00148829106592 0.000611389428942 -0.000679872862122 0.00155911730682 -0.00178857511048 -7.72112942914e-05 0.00130084123622 0.000123155219573 0.00210333573536 -0.00158782346973 -0.00328363077798 0.000389374327506 -0.00142763507262 -2.72576478641e-05 0.00112819968967 -0.00062956092772 -9.46389314489e-05 0.000568739207518 -7.25189432315e-05 0.00106981947668 5.89671404049e-05 0.000193227301314 -0.00197176409631 0.00069127540657 -0.00159495530653 
0.0023426446926 -0.000380735076064 0.0210062159293 0.00107746258146 0.000503196763331 0.0024477598233 0.00316421224125 0.00187034172463 0.00195524891416 0.000852572160555 0.00290453805885 0.00216549078074 0.00329216601091 0.00193969502689 0.00278773191297 0.00373407352884 0.00259818664252 0.00146079663947 0.00169148432864 0.000387644456825 0.00175196063628 0.00377493885014 0.00248071559734 0.00101664961175 0.00227133859266 0.00120828727201 0.00317292386397 0.0039756060828 0.00149280833736 0.00103158438027 0.000284717860306 0.00115881383438 0.000636713575953 0.00114825269809 -0.000906209834644 0.00266739340162 0.00266889049263 -0.000977784012397 0.00226409431253 6.69229722737e-05 
0.000536042807613 -0.000588633667872 0.00107746258146 0.0121391259043 -0.000154884144982 0.00175644228522 0.0017842151006 0.00239981272883 0.000796417331299 0.000802725961407 0.00196702286492 0.00121400471141 0.000967883332797 0.00109965944069 0.000992062224544 0.00267699064702 0.000242730857549 0.00107663407205 0.00100222595049 0.002715243512 0.00182292496123 0.00182374878182 0.00127110664442 0.00101681914953 0.000581428007388 0.00316896550519 0.00142231415768 0.00167361939973 0.0010535727376 0.00170978577089 0.00172477746458 0.00158736612249 0.000793824921101 0.000512927782042 0.00100469775446 0.000941307934095 0.00186924368803 -0.000543975103697 -0.00126461523022 0.000876298518033 
-0.00149385129088 -8.90805179274e-05 0.000503196763331 -0.000154884144982 0.0373642476984 0.00326815690541 0.00217559253501 -0.000714505105261 0.00281800762562 0.00172011550516 0.0019783033037 0.000613488851562 0.00117631017114 0.00197466761931 0.00174856483466 -0.000666212232417 0.00119983313618 -0.000180853949737 0.000252681427903 0.00178148979475 0.000276193368967 0.00104446864684 0.00162264940889 0.000595544263656 0.000601487386392 0.0014956938365 0.000905267562199 -0.000984014216786 0.00210227440876 0.00554284503805 0.00133984222863 0.000245223851423 0.00234626141742 -8.91222466596e-05 -0.00120610665572 0.00289277825204 0.000467218077302 -0.00156598123138 0.000271893679484 0.000285644427776 
0.00233510757214 -0.000719083606964 0.0024477598233 0.00175644228522 0.00326815690541 0.0228026088482 -0.000827043803385 0.00496936881356 0.00183872390204 0.00208992218246 0.00106122919813 0.00197114093879 0.00162297690382 0.00330103292984 0.001798850304 0.00370116089428 0.000357341972408 0.00209850966749 0.00103552845485 0.00171645740793 0.00247527465314 0.0011885298347 0.00315784635187 0.0022114264375 0.00221454068426 0.00228852701628 0.00350025510545 0.00240683795626 0.000604327118668 -0.00102829208357 0.00295871060356 0.00212375989624 -0.000806109336662 -0.000591558903743 0.000674262948932 0.00334243303508 0.000981624677601 0.000923641949813 0.0014367972836 -0.00118316818951 
0.000462689597355 -0.00165714564227 0.00316421224125 0.0017842151006 0.00217559253501 -0.000827043803385 0.0306076872663 0.00668349862953 0.00235298818128 0.00285730369006 0.00175498118596 0.00341662341778 0.00162241048372 0.00011387333999 -0.000144836628335 0.00253428153877 -0.000358349996272 0.000261010716863 0.00290863038695 -0.00222954188042 0.00237951840499 0.00288723530408 0.000768480144015 -0.0007880939257 0.00135279415405 -0.00131734259557 0.00117372636525 0.00476139831844 -0.00179377514936 0.000370909181768 -0.000129469630241 0.002038759715 0.00214316032438 0.00146435346789 -0.000802775720492 0.00139998765305 0.00173358127758 -0.000913875061958 -2.00666760371e-05 -0.00327508457898 
-0.000339983445428 -0.00104899976018 0.00187034172463 0.00239981272883 -0.000714505105261 0.00496936881356 0.00668349862953 0.0756955168374 0.000845793830554 0.00169125085129 0.000109514368613 0.000820409570413 0.00160309607727 0.000829920516327 0.00168536330657 0.00109897396052 -0.00134898717626 0.000288625554902 -0.000237687677654 0.000662090268525 -0.000989485075183 0.000143248572701 -0.000612889122362 0.00170716451962 -0.00162549279461 0.0018039081263 0.0011298047454 0.0039000554636 -2.6027772939e-05 -0.00150836648844 0.00054541246486 0.0017979860139 -0.000658267017396 -6.3507437177e-06 0.00384267509729 0.000855616057857 -0.0012399790551 0.00015818599831 0.000316172047367 -0.00159453566282 
0.00216054101666 -0.000479193316513 0.00195524891416 0.000796417331299 0.00281800762562 0.00183872390204 0.00235298818128 0.000845793830554 0.0175922562447 0.000878836157584 0.00145567394835 0.000886965757132 0.0014457010549 0.00201363283879 0.00253293546306 0.00258939840055 0.0027837195544 0.00182119068416 0.000518013842339 0.00082220612081 0.00215967660211 0.0014769228013 0.00305316620993 0.000899989972329 0.00259438517643 0.000767314360623 0.00161817665571 -0.000338027358929 0.00199931311437 0.00234230460191 0.00109830184582 0.00166455130672 0.000721930746985 0.000947568876292 -0.000614118399594 0.00186471879276 0.000803725763469 -0.000123579076127 0.00196392455828 0.000166033631089 
0.00207927655593 -0.000205075776993 0.000852572160555 0.000802725961407 0.00172011550516 0.00208992218246 0.00285730369006 0.00169125085129 0.000878836157584 0.0298805506393 0.00232186415351 0.00108983358243 0.000680389356801 0.00309260448636 -0.00143181504588 0.0023280268743 1.14000287889e-05 -0.000521806344408 0.00314760657988 -0.000482767287581 0.0014197051611 0.00310948615497 0.00266406236349 0.00266139256316 5.37105206692e-05 0.000729376996323 0.00188107625436 0.000775882329235 0.00272667526128 -0.00113810038861 0.000375285666827 -0.000216332995311 0.00241062885186 0.000982790142607 0.000205408543215 0.00147663579854 0.00166029048959 8.80637837947e-05 -0.00033603730926 0.000154844993703 
0.000601520191283 0.00152805627003 0.00290453805885 0.00196702286492 0.0019783033037 0.00106122919813 0.00175498118596 0.000109514368613 0.00145567394835 0.00232186415351 0.0195211912023 0.000407443076389 0.00105676544035 -0.000116895321604 0.00109092498056 0.00204538296441 0.000926961070468 -7.99280649486e-05 -0.000481253467669 9.33444503909e-05 0.000567092670876 0.00173727982013 0.00216447019487 0.000763529013698 0.00169760117161 0.000257513678479 0.002869458437 -0.000506274856544 0.000885842400249 0.00066381903879 0.00342811113314 0.00023632060743 0.00144835456412 -0.000148460027031 0.0023457010064 0.00122784565505 -0.000354313262033 -0.000567496603861 -0.00225432306028 -0.000645972069145 
0.000900718807439 -0.000388984546987 0.00216549078074 0.00121400471141 0.000613488851562 0.00197114093879 0.00341662341778 0.000820409570413 0.000886965757132 0.00108983358243 0.000407443076389 0.0227272933722 0.0025600078112 0.00287551210173 0.00175339355993 0.00235504817968 0.00167970731541 0.00131674556875 0.000407809508758 0.000712720636728 0.00328746269292 0.00212861235756 0.00361120985169 0.00112946117289 0.000457005429171 0.00313081236181 0.00111172652021 0.000896961749576 0.000171059617622 0.00169096377386 0.00132046514335 0.00179857436529 0.00218047842306 0.000647502270291 -0.000613199243213 0.0036011926795 0.00136844546576 0.000218434468237 0.00276799306766 -0.00141710787245 
-0.000209339327498 -0.00179343284418 0.00329216601091 0.000967883332797 0.00117631017114 0.00162297690382 0.00162241048372 0.00160309607727 0.0014457010549 0.000680389356801 0.00105676544035 0.0025600078112 0.020515211506 0.00238221964859 0.000913688571799 0.00144417828896 0.000503263197852 0.00410156548698 0.00118992466439 -5.64859823702e-05 0.00105914583469 0.000917569793935 0.0036477569173 0.00158128492262 0.00177987355806 4.19521442201e-05 0.00157129969373 -9.79616098678e-05 -1.69349599849e-05 0.00233371707753 0.00193233693268 0.00190550094587 0.00168898072174 0.00309395414962 0.00221121868591 0.00266926761452 1.23014025247e-06 -0.000141800861545 0.00287244998575 -4.06840368343e-05 
0.00244700574882 -0.000234787899294 0.00193969502689 0.00109965944069 0.00197466761931 0.00330103292984 0.00011387333999 0.000829920516327 0.00201363283879 0.00309260448636 -0.000116895321604 0.00287551210173 0.00238221964859 0.0253740713614 -0.000650738343117 0.00240423615996 0.00218312457618 0.00383897668342 0.000790912543002 0.00219362823038 0.0023798980411 0.00245060206692 0.00263827606416 0.00451870926113 0.00259427368021 0.00395504957688 0.00211597619294 -0.000540142531403 0.00131015087025 0.00205099996635 0.00622168467677 0.0028377765414 0.00114491176342 0.00203242408814 0.00380865564266 0.00422425491024 -0.000116176433599 0.00104013924613 0.00647963666026 8.78728509514e-05 
0.00125621235603 0.00404311487269 0.00278773191297 0.000992062224544 0.00174856483466 0.001798850304 -0.000144836628335 0.00168536330657 0.00253293546306 -0.00143181504588 0.00109092498056 0.00175339355993 0.000913688571799 -0.000650738343117 0.0347419923529 0.00214142652821 3.73341414724e-05 0.00130844774901 0.000702213861454 0.000426813423731 0.00243776111793 0.000808084810423 0.00165722316374 0.000151636439567 -1.43796910061e-05 -3.98519737445e-05 0.00137771270417 0.00154955166422 -0.000989904374772 -9.18396046903e-05 0.00178155976047 0.000805218877916 -2.48495781955e-05 0.000927680967664 -0.000622061186522 0.000268409958449 0.000326987167448 0.0207970276966 -0.00041948062029 -0.00249171204579 
0.001414223243 0.00148829106592 0.00373407352884 0.00267699064702 -0.000666212232417 0.00370116089428 0.00253428153877 0.00109897396052 0.00258939840055 0.0023280268743 0.00204538296441 0.00235504817968 0.00144417828896 0.00240423615996 0.00214142652821 0.0165874658915 0.00094369733734 0.000346537183069 0.00272438812265 0.000357197263453 0.00118009918408 0.00213327470166 0.00264520694435 0.000387287988072 0.00103323163249 0.00197714029402 0.00365696647722 0.00107145751636 0.00336621039664 0.00246712015066 0.00136361893744 0.0031877474157 -5.29996726941e-05 0.00176327080541 0.00120327701231 0.00223596320738 0.00101892694972 0.00232318283195 0.00348118187899 -0.000546242403962 
0.000728875908078 0.000611389428942 0.00259818664252 0.000242730857549 0.00119983313618 0.000357341972408 -0.000358349996272 -0.00134898717626 0.0027837195544 1.1400028789e-05 0.000926961070468 0.00167970731541 0.000503263197852 0.00218312457618 3.73341414725e-05 0.00094369733734 0.0264693065779 0.00396234543667 0.00259579422678 0.00231051449233 0.00162042038692 0.00204351308989 0.00100738875536 0.000925739410751 0.000800152011143 -0.000301855027169 0.000641002555873 -0.000458638430601 -0.000141962388495 0.00190246315344 0.00523334054697 0.00308021854797 0.00125125535111 0.0026559833973 0.00153003689614 0.0030385040169 0.00158592067296 -0.00463219747124 0.00334849276819 -0.0012604035316 
0.00260483946306 -0.000679872862122 0.00146079663947 0.00107663407205 -0.000180853949737 0.00209850966749 0.000261010716863 0.000288625554902 0.00182119068416 -0.000521806344408 -7.99280649487e-05 0.00131674556875 0.00410156548698 0.00383897668342 0.00130844774901 0.000346537183069 0.00396234543667 0.0167563565036 0.00314959295673 0.00170147244264 0.00102282338176 0.00303104557106 0.00275344512891 0.000397458216222 0.00106441939032 0.000881886402935 0.00138882123221 6.28177237896e-05 0.000759181671859 0.000975004388902 0.00568734444143 0.000613264770565 0.000945053905709 0.000245198417599 0.00141585654079 0.00205984194217 0.000327929735726 -0.00193287232774 0.00211296717616 -0.00110806218365 
