40
0.00643120824938 0.0623269012124 0.0573021249509 0.0172523696575 0.0695206157777 0.0385950792128 0.0519302207626 0.0887704215167 0.0649337142294 0.399937027552 0.0826231173305 0.110057805124 0.0176756211385 0.106465020668 0.102922334335 0.0940944116816 0.0585004976968 0.00413185853021 0.115739319126 0.0571686925308 0.0431320253577 0.0414486045552 0.0475630895173 0.0350054865441 -0.00277796207049 0.0146033592013 0.0861575830063 0.10431458653 0.0594275332512 0.131188957491 0.143358946574 0.0301217617298 0.0398839612709 0.0300114281637 0.0723018126246 0.106356452037 0.158066549078 0.122670110856 0.073470583658 0.0472299451056 
0.203703145797 0.0082401548069 0.0358890817433 -0.00173898589561 0.00912754898037 0.0129443892805 0.0220350098681 0.00938136754994 0.0222702110977 0.004963991071 0.0186048459004 0.0323720142548 0.0153017539588 0.025375573849 0.0218779674481 0.0170569842056 0.025024213711 0.0270753916286 0.00475024577486 -0.00375364925518 0.0245299709998 0.0138128677245 0.007441368985 0.0126387979336 0.000497971458064 0.0101076932211 0.00664296371872 0.0452601920961 0.0139919603667 0.0560763820159 0.023043077322 0.00559594805849 0.0208423961043 0.0376225085333 0.0185013100797 0.00271979131561 -0.0121290707227 0.0130519585606 0.000486358851851 0.0126554252444 
0.0082401548069 0.254149031508 0.0235722032768 0.0251060410561 0.0102097128907 0.0345119253546 0.0277529297125 0.0199634800184 0.0313660806178 0.0152013748902 0.00757828702313 0.0269296545839 0.0380177048017 0.0238337722906 0.0178485283165 0.0146204359921 0.0140006646527 0.0274525955008 0.0381943515912 0.0289822879868 0.0378350411102 0.0225638032054 0.0078697801267 0.00949695643046 0.00563378708743 0.00531601986283 0.00201018730667 0.0393740431555 0.0128287366988 0.026173109437 0.051554834672 0.0341650288444 0.0173286977737 0.0175688330482 0.0497397098019 0.0309723647752 0.0144349136378 0.0168311534685 0.0266792316281 -0.0117168140516 
0.0358890817433 0.0235722032768 0.314069169136 -0.00133988137734 0.00205950893145 0.0220163523298 0.00497756974544 0.0243644687103 0.0347076247517 -0.0231252365522 0.0230157921603 0.0535716105737 -0.000506699792673 0.0195442868806 0.0462459303944 -0.00682459406743 0.0274667018488 0.00265506426675 0.0350138042163 0.0663568718936 0.0537592795069 0.000723143108636 0.0174865905693 0.0177945091295 -0.0125186558078 -0.0030971199583 0.0105654223309 0.0272135439425 0.00277689986412 0.0329014385347 0.00833384500588 0.0191211911887 0.0127324558982 0.012224561111 0.00160633970153 0.0183661009035 -0.00541468645567 0.00717168992421 -8.11683986411e-05 0.019528570039 
-0.0017389858956 0.0251060410561 -0.00133988137734 0.196801075093 0.0124193042684 0.0212336604011 0.0193909299319 0.00621548608601 0.0129849115022 0.000965053394854 0.0048394450061 0.0389816180646 0.0186719837513 -0.0127382989 0.0168140374373 -0.00451519426304 0.0054106570055 0.00737933991984 0.0247182238828 0.0158991083958 0.0225002794514 -5.98012818516e-05 -0.00721956462359 0.0126824858635 0.00654316308435 0.001348564941 0.00258476466633 -0.00886550014909 -0.00118855001001 0.0189637596336 0.0106485180798 0.00437264922795 -0.00268195329566 0.00820148931124 0.0270386439627 0.00462309096133 0.00335697307944 0.0187136519658 0.0221984201418 -0.00106811365119 
0.00912754898036 0.0102097128907 0.00205950893144 0.0124193042684 0.806292009596 0.00378334763788 0.00424928447157 -0.00596993774092 0.0151562412903 0.0346985479398 0.00930705717151 0.0139877786999 -0.0314425847205 -0.00484135762326 0.0163174361312 0.0444340023209 0.0062133426897 0.0211315659436 0.0112283089132 0.00684949256686 -0.0182959386564 -0.0101441637921 0.00223457710341 0.00253959032204 -0.0354584570634 0.0103200577626 0.00950180210006 0.0070961183357 0.00395028135215 0.0490285110097 -0.00600607276849 -0.00751983779639 0.00211886869982 0.0183745375609 0.00888645055413 -0.0080701471275 -0.00519423890475 0.0124367156324 0.00020799435218 -0.0131975605587 
0.0129443892805 0.0345119253546 0.0220163523298 0.0212336604011 0.00378334763788 0.191408209917 0.00495730417367 0.035378570373 0.0326199703071 0.0345084327872 0.00911965016124 0.0517152573746 0.0286171485414 0.0232024773936 0.0116326815538 0.0162526434342 0.000170335638911 0.00869907329726 0.023078832737 0.0140509530901 0.0048042344017 0.0124240569694 0.00382963957506 0.0297130009673 0.0202544565463 0.0015845934762 0.0402265186036 0.019825087881 0.00179916664105 0.0377292819654 0.0427740001479 0.0115550792874 0.0183902300506 0.00928186953475 0.0359702158349 0.0360627755438 -0.0202389384375 -0.000599968414276 0.0208698779806 0.0195922730583 
0.0220350098681 0.0277529297125 0.00497756974544 0.0193909299319 0.00424928447157 0.00495730417367 0.26153357127 0.0539098638355 0.0179764396148 0.00848771845712 0.0107482101202 0.0180888508288 0.0167864259503 0.0322272977403 -0.0119538735649 0.0211323506857 2.49730646019e-05 0.0608533379871 0.028142011663 -0.000946888718436 0.0319878693455 0.00725370460818 0.0133430170152 0.0108586333384 0.0033088322916 0.00423949575388 0.0231322976479 -0.0171336623821 0.0298041543151 0.0324951771505 0.0348018731071 0.00951990005587 0.0132215467898 0.0375052990068 0.00676283674383 0.062599215561 -0.00933886309411 -0.00714505195945 0.0618683117824 0.0221919982874 
0.00938136754994 0.0199634800184 0.0243644687103 0.00621548608601 -0.00596993774092 0.035378570373 0.0539098638355 0.309414389221 0.0203107246613 0.00804833627888 0.0217206742391 0.0518785786706 0.0160806698129 0.0231620858595 0.0286987859046 0.00713308979797 0.0153324949319 0.0106592204442 0.0851302794783 0.0243840776984 0.0323386800371 0.0285239402936 -0.0111553524011 0.0215882556916 0.0125093228228 -0.000466428074482 -0.000262623382776 0.00853768032688 0.0281956318811 0.00955623637389 0.0146214731595 -0.00368854301879 0.0179538278228 0.00551157081642 0.000438385998171 0.0140193356306 0.00496114066776 -0.00435779802255 0.0468310321487 0.103644147732 
0.0222702110977 0.0313660806178 0.0347076247517 0.0129849115022 0.0151562412903 0.0326199703071 0.0179764396148 0.0203107246613 0.189085175006 0.0268525185096 0.0204847541351 0.0271343385195 0.0118092354273 0.0252314867414 0.0195078430832 0.0356591834351 0.0296627947927 0.0304776147602 0.0289585385521 0.0214394743647 0.0141088931177 0.01032711304 -0.0135928497751 0.0158186527408 0.0134836163915 0.0151083607026 0.00528892078486 0.0345165926634 0.00849073168796 0.00807761151839 0.0204000885029 0.0099258373704 0.0142593117839 0.0217637245959 0.0217553729032 0.0573275852995 0.0149741102104 0.00823867801229 0.047347020366 0.0158063148073 
0.004963991071 0.0152013748902 -0.0231252365522 0.000965053394854 0.0346985479398 0.0345084327872 0.00848771845712 0.00804833627888 0.0268525185096 1.30983614689 -0.0066996223134 0.00653483153751 0.00529949954924 0.04340598906 0.0382372407145 0.0579630090717 0.11551627467 0.0264793503455 0.0540051211401 0.022380814747 0.0071879014088 0.0213609433988 -0.00409441543447 0.0322274372924 0.0225578280564 0.0217487925346 0.0882103172679 0.0306517433777 -0.0127556342092 0.00828364844108 0.0480016341746 0.00453056528096 0.012352870875 0.00864355091202 0.0690634589556 0.0845576935762 -0.0351265203365 -0.0082514946116 0.0887486804719 0.041924573903 
0.0186048459004 0.00757828702313 0.0230157921603 0.0048394450061 0.00930705717151 0.00911965016124 0.0107482101202 0.0217206742391 0.0204847541351 -0.0066996223134 0.196688358563 0.0497834317237 0.0150475850175 0.00672450705606 0.0343646710122 0.0285118123715 0.0155844173274 0.00869447949036 0.0143259046293 0.0164449051508 0.0204871629964 0.0244869675042 0.000280501031163 -0.000414233601603 0.00218579348506 0.00480660740517 -0.0171336684718 0.0233588398174 0.0069744663962 -0.00194522980344 0.0483823577755 0.00166492207957 0.00956130675837 0.0175687601368 0.0118586921742 0.00720117047071 -0.019914505464 0.00797890151587 0.0191431194591 0.0370197587051 
0.0323720142548 0.0269296545839 0.0535716105737 0.0389816180646 0.0139877786999 0.0517152573746 0.0180888508288 0.0518785786706 0.0271343385195 0.00653483153751 0.0497834317237 0.438668725 0.0283989854178 0.0360965908525 0.0151207433788 0.0677389238713 0.0436986272011 -0.00229989643782 0.0388368234742 0.0380062527569 0.0769720236253 0.00213924763773 0.0594435849401 0.039916750903 -0.00173013592516 0.013601884702 0.000833826065202 0.0221451410752 -0.00221562379742 0.0552979327198 0.0277315292399 0.0191320057163 0.0236266876846 0.0285837827551 0.108542048382 0.0975933394331 0.0223294842165 0.00384059512228 0.028553380737 0.0415457086915 
0.0153017539588 0.0380177048017 -0.000506699792672 0.0186719837513 -0.0314425847205 0.0286171485414 0.0167864259503 0.0160806698129 0.0118092354273 0.00529949954924 0.0150475850175 0.0283989854178 0.180923565146 0.00243560795908 -0.00543330008832 0.0141282232461 0.0182743287368 0.0110626301767 -0.00137692883965 0.0198487786525 0.0135645861486 0.0308587731385 0.00388507085638 0.0165864957003 0.0168036455058 0.0187307830617 0.0270445711683 0.0409375060307 -0.000592525615981 0.0183994251728 0.0180016958633 0.0131697990964 0.0115920409531 0.0179113154461 0.0322688401353 0.00513803918237 0.0113274433572 0.0153049060072 0.019042769449 0.00613122543806 
0.025375573849 0.0238337722906 0.0195442868806 -0.0127382989 -0.00484135762326 0.0232024773936 0.0322272977403 0.0231620858595 0.0252314867414 0.04340598906 0.00672450705606 0.0360965908525 0.00243560795908 0.252508252438 0.0139747557957 0.0287607261444 0.00827858891806 0.0216464562241 0.0199506431176 0.0158102332313 0.046133163351 0.0145316624303 0.000154658875341 0.00463040110539 0.0238100372109 0.000806076939902 0.0286002629023 0.00323806581357 0.0005679424169 0.0695660835031 0.016223203197 0.0101345929904 0.0173146789138 0.0112714853112 0.0370318151755 0.0152521682431 -0.00409550494946 0.00483683652698 0.0254972528737 0.0367181285306 
0.0218779674481 0.0178485283165 0.0462459303944 0.0168140374373 0.0163174361312 0.0116326815538 -0.0119538735649 0.0286987859046 0.0195078430832 0.0382372407145 0.0343646710122 0.0151207433788 -0.00543330008832 0.0139747557957 0.360089729398 0.0433567345625 0.000531808238574 0.0048074597815 0.0373784591537 0.0461871100424 0.0464134681703 0.00106905737037 0.0412381838586 0.0114148565468 0.00606871083129 -0.00530376787041 0.000554773013897 0.0226849410014 0.0204737667541 0.022939043044 -0.0104819107273 0.0134814508962 -0.0197397214473 0.0126196642856 0.0388388925119 0.00857651820886 -0.0400127257518 0.0301616637566 0.00292840313309 0.0293199147133 
0.0170569842056 0.0146204359921 -0.00682459406743 -0.00451519426304 0.0444340023209 0.0162526434342 0.0211323506857 0.00713308979797 0.0356591834351 0.0579630090717 0.0285118123715 0.0677389238713 0.0141282232461 0.0287607261444 0.0433567345625 0.354337209221 0.044817292996 0.0466057894979 0.0166065319057 0.00545952315964 -0.00175998886344 0.0279233156069 -0.00375887388262 0.0226836697427 0.0196807354057 0.0278211716731 0.0138499988835 0.070074098335 0.00731805837177 0.0638188374602 0.00686329410314 0.0162281535452 -0.0207492995665 0.0103392629898 0.0525327200783 0.0327611487571 -0.0178506723394 0.00980690934865 0.0124762403386 0.0357555934654 
0.025024213711 0.0140006646527 0.0274667018488 0.0054106570055 0.0062133426897 0.000170335638911 2.49730646015e-05 0.0153324949319 0.0296627947927 0.11551627467 0.0155844173274 0.0436986272011 0.0182743287368 0.00827858891806 0.000531808238575 0.044817292996 0.339829767393 0.0187852189351 0.0128949483142 0.0304019280073 0.018403206632 0.0234197657171 0.0200959311933 0.0266389917338 0.00994602470465 0.00999652111457 0.0431500081115 0.00142423347728 3.32391749649e-05 0.0174239342984 -0.00832444520363 -0.00480922152533 0.00404391862572 0.00340988884582 0.0383424082835 0.04831826749 0.00884304117064 -0.00298432284078 0.00976318932079 -0.00331610629414 
0.0270753916286 0.0274525955008 0.00265506426675 0.00737933991984 0.0211315659436 0.00869907329726 0.0608533379871 0.0106592204442 0.0304776147602 0.0264793503455 0.00869447949036 -0.00229989643782 0.0110626301767 0.0216464562241 0.0048074597815 0.0466057894979 0.0187852189351 0.186462980966 0.0066295655322 -0.0110412629512 -0.00332473734745 0.00839446262334 -0.012351983664 0.0170211573772 0.0133608754626 0.00924834866589 -0.0216299392478 0.0170786179546 0.00903324589397 0.0344359857089 0.0310877667307 0.00267499990927 0.0101726908309 0.0196165122528 0.014421619753 0.0362183316495 -0.00516627599745 -0.00298942634163 0.0289418884024 0.014319456011 
0.00475024577486 0.0381943515912 0.0350138042163 0.0247182238828 0.0112283089132 0.023078832737 0.028142011663 0.0851302794783 0.0289585385521 0.0540051211401 0.0143259046293 0.0388368234742 -0.00137692883965 0.0199506431176 0.0373784591537 0.0166065319057 0.0128949483142 0.0066295655322 0.34161227838 0.018775876784 0.0533582661283 0.0487106126974 0.00370995301184 0.0255408345359 0.0367863105321 -0.0126089421384 0.00518615427029 0.0047750513861 0.0337241501883 0.0225406892095 0.0333969910449 0.00231809437248 0.0180955965548 0.0411396266073 -0.00357478899959 0.0397183026771 0.00281223542025 0.0077426475874 0.0412890355121 0.0671020585478 
-0.00375364925518 0.0289822879868 0.0663568718936 0.0158991083958 0.00684949256686 0.0140509530901 -0.000946888718436 0.0243840776984 0.0214394743647 0.022380814747 0.0164449051508 0.0380062527569 0.0198487786525 0.0158102332313 0.0461871100424 0.00545952315964 0.0304019280073 -0.0110412629512 0.018775876784 0.365461405805 0.0126718294373 0.0133142800025 0.00972281295414 0.00192015454026 0.00733150848943 0.00416126452512 0.00365067224481 0.0388570974447 -0.00856170213586 0.0305687523228 0.00997968838629 0.00328070362474 0.016173077714 0.0212018379493 0.0271144116353 0.0141602969691 0.00168295022235 -0.0113417690482 -0.00632164592663 0.0242246733452 
0.0245299709998 0.0378350411102 0.0537592795069 0.0225002794514 -0.0182959386564 0.0048042344017 0.0319878693455 0.0323386800371 0.0141088931177 0.0071879014088 0.0204871629964 0.0769720236253 0.0135645861486 0.046133163351 0.0464134681703 -0.00175998886344 0.018403206632 -0.00332473734745 0.0533582661283 0.0126718294373 0.380801319483 0.0138273319452 0.0036863338484 0.00351386495229 0.0223092793496 0.00271947629682 0.0388163353929 -0.000728584914134 0.00592094782191 0.0268799216269 0.0127019549917 -0.0110228109656 0.0160104802383 0.021350990459 0.0698161309643 0.01761274226 -0.00060017821724 0.0162248895067 0.0440170990247 0.0331307577762 
0.0138128677245 0.0225638032054 0.000723143108636 -5.98012818512e-05 -0.0101441637921 0.0124240569694 0.00725370460818 0.0285239402936 0.01032711304 0.0213609433988 0.0244869675042 0.00213924763773 0.0308587731385 0.0145316624303 0.00106905737037 0.0279233156069 0.0234197657171 0.00839446262334 0.0487106126974 0.0133142800025 0.0138273319452 0.300631312354 0.0075359807586 0.0143033904814 0.0044331818956 -0.00354146543738 0.109332137764 -0.0174665387868 0.0191516215869 0.0258427737812 0.0190234907958 0.00118966987413 0.0186700486332 0.0160457299688 0.0328230107582 -0.00235552019596 0.0273654213652 0.00190452739233 0.0184902837596 0.0237138769794 
0.007441368985 0.0078697801267 0.0174865905693 -0.00721956462359 0.00223457710341 0.00382963957506 0.0133430170152 -0.0111553524011 -0.0135928497751 -0.00409441543447 0.000280501031163 0.0594435849401 0.00388507085638 0.00015465887534 0.0412381838586 -0.00375887388262 0.0200959311933 -0.012351983664 0.00370995301184 0.00972281295414 0.0036863338484 0.0075359807586 0.309054841312 0.00224170055402 -0.00823306040908 0.00104888301904 0.00961665116703 0.0241489678259 -0.00513329015022 -0.00448155426069 -0.0230807664063 0.00983211591359 0.00896519854869 0.00749521830915 0.0222383851503 0.0254796691258 -0.000220809858149 -0.00742051618392 -0.00745671382726 0.00532284495268 
0.0126387979336 0.00949695643046 0.0177945091295 0.0126824858635 0.00253959032204 0.0297130009673 0.0108586333384 0.0215882556916 0.0158186527408 0.0322274372924 -0.000414233601603 0.039916750903 0.0165864957003 0.00463040110539 0.0114148565468 0.0226836697427 0.0266389917338 0.0170211573772 0.0255408345359 0.00192015454026 0.00351386495229 0.0143033904814 0.00224170055402 0.135044105255 0.0157585641016 -0.00231330965024 0.0130193506933 0.0198951068113 -0.00875850469411 0.0193760179095 0.0263721091202 0.00166534335282 0.0118038410959 0.0186791127357 0.0124810612747 0.0235973162294 -0.00475956297009 -0.00452351202877 0.0144510301596 0.0214864974167 
0.000497971458064 0.00563378708743 -0.0125186558078 0.00654316308435 -0.0354584570634 0.0202544565463 0.0033088322916 0.0125093228228 0.0134836163915 0.0225578280564 0.00218579348506 -0.00173013592516 0.0168036455058 0.0238100372109 0.00606871083129 0.0196807354057 0.00994602470465 0.0133608754626 0.0367863105321 0.00733150848943 0.0223092793496 0.0044331818956 -0.00823306040908 0.0157585641016 0.262968779238 0.0024793989932 0.0283506425137 0.0206537510348 0.0108457084211 0.0311414144065 0.000532121127427 0.00708725585137 0.0166127335208 0.00812879626717 0.015612386402 0.00359199924326 0.0068426306114 0.0117161736635 0.0136536431306 -0.014819810157 
0.0101076932211 0.00531601986283 -0.0030971199583 0.001348564941 0.0103200577626 0.0015845934762 0.00423949575388 -0.000466428074482 0.0151083607026 0.0217487925346 0.00480660740517 0.013601884702 0.0187307830617 0.000806076939902 -0.00530376787041 0.0278211716731 0.00999652111457 0.00924834866589 -0.0126089421384 0.00416126452512 0.00271947629682 -0.00354146543738 0.00104888301904 -0.00231330965024 0.0024793989932 0.17430493895 0.00724484729772 0.00316157686537 0.00639529767257 0.0229249851645 0.00911625383905 -0.00229406561719 -0.00158304660445 0.00883272459664 0.0398837025521 0.0200265901148 0.0284516452936 -0.00859401427201 0.012441288684 -0.00772402495821 
0.00664296371872 0.00201018730667 0.0105654223309 0.00258476466633 0.00950180210006 0.0402265186036 0.0231322976479 -0.000262623382776 0.00528892078486 0.0882103172679 -0.0171336684718 0.000833826065202 0.0270445711683 0.0286002629023 0.000554773013897 0.0138499988835 0.0431500081115 -0.0216299392478 0.00518615427029 0.00365067224481 0.0388163353929 0.109332137764 0.00961665116703 0.0130193506933 0.0283506425137 0.00724484729772 0.551075636128 0.0162095423307 0.0088228658446 0.040966292305 0.00318186464924 0.00566711471001 -0.00431877785147 0.0186758794228 0.011484331946 0.0144610565984 0.00779454404197 0.0614340327828 0.0210492052615 -0.00961788277401 
0.0452601920961 0.0393740431555 0.0272135439425 -0.00886550014909 0.0070961183357 0.019825087881 -0.0171336623821 0.00853768032688 0.0345165926634 0.0306517433777 0.0233588398174 0.0221451410752 0.0409375060307 0.00323806581357 0.0226849410014 0.070074098335 0.00142423347728 0.0170786179546 0.0047750513861 0.0388570974447 -0.000728584914134 -0.0174665387868 0.0241489678259 0.0198951068113 0.0206537510348 0.00316157686537 0.0162095423307 0.56717342883 -0.00684562844642 0.0529826752493 0.0706483776323 0.032478891088 -0.00107328412565 0.0197836763779 0.020921238214 -0.00367262207612 -0.00473416398289 0.02912967465 0.0227897612765 -0.00473906313872 
0.0139919603667 0.0128287366988 0.00277689986412 -0.00118855001001 0.00395028135215 0.00179916664105 0.0298041543151 0.0281956318811 0.00849073168796 -0.0127556342092 0.0069744663962 -0.00221562379742 -0.000592525615982 0.000567942416901 0.0204737667541 0.00731805837177 3.3239174965e-05 0.00903324589397 0.0337241501883 -0.00856170213586 0.00592094782191 0.0191516215869 -0.00513329015022 -0.00875850469411 0.0108457084211 0.00639529767257 0.0088228658446 -0.00684562844642 0.228833270333 -0.0219712777122 0.0412328887042 0.00348739428551 0.013126806432 0.0067929572864 0.0148932753157 0.0386711953997 -0.0030839641096 0.00314429234246 0.0143872318057 0.00884989712209 
0.0560763820159 0.026173109437 0.0329014385347 0.0189637596336 0.0490285110097 0.0377292819654 0.0324951771505 0.00955623637389 0.00807761151839 0.00828364844108 -0.00194522980344 0.0552979327198 0.0183994251728 0.0695660835031 0.022939043044 0.0638188374602 0.0174239342984 0.0344359857089 0.0225406892095 0.0305687523228 0.0268799216269 0.0258427737812 -0.00448155426069 0.0193760179095 0.0311414144065 0.0229249851645 0.040966292305 0.0529826752493 -0.0219712777122 0.387423906693 0.0259764752885 0.00739164954189 0.0102726525774 0.0216796074627 0.0342496038831 0.0266239796734 0.00832298361367 0.00718731178892 0.0363761340381 0.0269154880702 
0.023043077322 0.051554834672 0.00833384500588 0.0106485180798 -0.00600607276849 0.0427740001479 0.0348018731071 0.0146214731595 0.0204000885029 0.0480016341746 0.0483823577755 0.0277315292399 0.0180016958633 0.016223203197 -0.0104819107273 0.00686329410314 -0.00832444520363 0.0310877667307 0.0333969910449 0.00997968838629 0.0127019549917 0.0190234907958 -0.0230807664063 0.0263721091202 0.000532121127426 0.00911625383905 0.00318186464924 0.0706483776323 0.0412328887042 0.0259764752885 0.657430416396 0.0015670244419 -0.0118337510407 0.0538773788544 0.0245571968087 0.0350422427724 -0.0018914832061 -0.000664877678174 0.094819304178 0.0281200615951 
0.00559594805849 0.0341650288444 0.0191211911887 0.00437264922795 -0.00751983779639 0.0115550792874 0.00951990005587 -0.00368854301879 0.0099258373704 0.00453056528096 0.00166492207957 0.0191320057163 0.0131697990964 0.0101345929904 0.0134814508962 0.0162281535452 -0.00480922152533 0.00267499990927 0.00231809437248 0.00328070362474 -0.0110228109656 0.00118966987413 0.00983211591359 0.00166534335282 0.00708725585137 -0.00229406561719 0.00566711471001 0.032478891088 0.00348739428551 0.00739164954189 0.0015670244419 0.190714156836 0.00709271327521 0.0130740472717 0.014947055693 0.00930086468479 0.00544661913271 0.00895265475923 0.0159762672249 -0.000948811336065 
0.0208423961043 0.0173286977737 0.0127324558982 -0.00268195329566 0.00211886869982 0.0183902300506 0.0132215467898 0.0179538278228 0.0142593117839 0.012352870875 0.00956130675837 0.0236266876846 0.0115920409531 0.0173146789138 -0.0197397214473 -0.0207492995665 0.00404391862572 0.0101726908309 0.0180955965548 0.016173077714 0.0160104802383 0.0186700486332 0.00896519854869 0.0118038410959 0.0166127335208 -0.00158304660445 -0.00431877785147 -0.00107328412565 0.013126806432 0.0102726525774 -0.0118337510407 0.00709271327521 0.135335291173 0.0101628652137 -0.00251880567845 -0.00394397986078 -0.00923233685741 0.00710319231166 0.0131030787115 0.00730860968912 
0.0376225085333 0.0175688330482 0.012224561111 0.00820148931124 0.0183745375609 0.00928186953474 0.0375052990068 0.00551157081642 0.0217637245959 0.00864355091202 0.0175687601368 0.0285837827551 0.0179113154461 0.0112714853112 0.0126196642856 0.0103392629898 0.00340988884582 0.0196165122528 0.0411396266073 0.0212018379493 0.021350990459 0.0160457299688 0.00749521830915 0.0186791127357 0.00812879626717 0.00883272459664 0.0186758794228 0.0197836763779 0.0067929572864 0.0216796074627 0.0538773788544 0.0130740472717 0.0101628652137 0.209679374212 0.0237146210346 0.00268846984643 -0.0106673562506 0.0146537020916 0.0279796918147 0.027874359433 
0.0185013100797 0.0497397098019 0.00160633970153 0.0270386439627 0.00888645055413 0.0359702158349 0.00676283674383 0.000438385998171 0.0217553729032 0.0690634589556 0.0118586921742 0.108542048382 0.0322688401353 0.0370318151755 0.0388388925119 0.0525327200783 0.0383424082835 0.014421619753 -0.00357478899959 0.0271144116353 0.0698161309643 0.0328230107582 0.0222383851503 0.0124810612747 0.015612386402 0.0398837025521 0.011484331946 0.020921238214 0.0148932753157 0.0342496038831 0.0245571968087 0.014947055693 -0.00251880567845 0.0237146210346 0.449718128187 0.0288239207009 0.0149345850896 0.00140552623897 0.0213719355314 0.0171592704573 
0.00271979131561 0.0309723647752 0.0183661009035 0.00462309096133 -0.0080701471275 0.0360627755438 0.062599215561 0.0140193356306 0.0573275852995 0.0845576935762 0.00720117047071 0.0975933394331 0.00513803918237 0.0152521682431 0.00857651820886 0.0327611487571 0.04831826749 0.0362183316495 0.0397183026771 0.0141602969691 0.01761274226 -0.00235552019596 0.0254796691258 0.0235973162294 0.00359199924326 0.0200265901148 0.0144610565984 -0.00367262207612 0.0386711953997 0.0266239796734 0.0350422427724 0.00930086468479 -0.00394397986078 0.00268846984643 0.0288239207009 0.522290288489 -0.0184881434418 0.0228764035877 0.100638537271 0.00678504733505 
-0.0121290707227 0.0144349136378 -0.00541468645567 0.00335697307944 -0.00519423890475 -0.0202389384375 -0.00933886309411 0.00496114066776 0.0149741102104 -0.0351265203365 -0.019914505464 0.0223294842165 0.0113274433572 -0.00409550494946 -0.0400127257518 -0.0178506723394 0.00884304117064 -0.00516627599745 0.00281223542025 0.00168295022235 -0.00060017821724 0.0273654213652 -0.000220809858149 -0.00475956297009 0.0068426306114 0.0284516452936 0.00779454404197 -0.00473416398289 -0.0030839641096 0.00832298361367 -0.0018914832061 0.00544661913271 -0.00923233685741 -0.0106673562506 0.0149345850896 -0.0184881434418 0.687713856595 0.010141782611 -0.0179501893681 0.0067177405534 
0.0130519585606 0.0168311534685 0.00717168992421 0.0187136519658 0.0124367156324 -0.000599968414276 -0.00714505195945 -0.00435779802255 0.00823867801229 -0.0082514946116 0.00797890151587 0.00384059512228 0.0153049060072 0.00483683652698 0.0301616637566 0.00980690934865 -0.00298432284078 -0.00298942634163 0.0077426475874 -0.0113417690482 0.0162248895067 0.00190452739233 -0.00742051618392 -0.00452351202877 0.0117161736635 -0.00859401427201 0.0614340327828 0.02912967465 0.00314429234246 0.00718731178892 -0.000664877678174 0.00895265475923 0.00710319231166 0.0146537020916 0.00140552623897 0.0228764035877 0.010141782611 0.400164376335 0.00954548214929 -0.000643756622302 
0.00048635885185 0.0266792316281 -8.11683986408e-05 0.0221984201418 0.00020799435218 0.0208698779806 0.0618683117824 0.0468310321487 0.047347020366 0.0887486804719 0.0191431194591 0.028553380737 0.019042769449 0.0254972528737 0.00292840313309 0.0124762403386 0.00976318932079 0.0289418884024 0.0412890355121 -0.00632164592663 0.0440170990247 0.0184902837596 -0.00745671382726 0.0144510301596 0.0136536431306 0.012441288684 0.0210492052615 0.0227897612765 0.0143872318057 0.0363761340381 0.094819304178 0.0159762672249 0.0131030787115 0.0279796918147 0.0213719355314 0.100638537271 -0.0179501893681 0.00954548214929 0.446343447562 0.0184819679296 
0.0126554252444 -0.0117168140516 0.019528570039 -0.00106811365119 -0.0131975605587 0.0195922730583 0.0221919982874 0.103644147732 0.0158063148073 0.041924573903 0.0370197587051 0.0415457086915 0.00613122543806 0.0367181285306 0.0293199147133 0.0357555934654 -0.00331610629414 0.014319456011 0.0671020585478 0.0242246733452 0.0331307577762 0.0237138769794 0.00532284495268 0.0214864974167 -0.014819810157 -0.00772402495821 -0.00961788277401 -0.00473906313872 0.00884989712209 0.0269154880702 0.0281200615951 -0.000948811336065 0.00730860968912 0.027874359433 0.0171592704573 0.00678504733505 0.0067177405534 -0.000643756622302 0.0184819679296 0.260784636772 
0.0176412099091 0.000713618339389 0.00310808565082 -0.000150600596242 0.000790468929128 0.00112101699534 0.00190828783184 0.000812450262049 0.00192865685583 0.000429894237165 0.00161122691832 0.00280349867164 0.00132517076508 0.00219758915888 0.00189468755932 0.0014771781634 0.00216716047835 0.00234479769678 0.000411383351525 -0.000325075561188 0.00212435780399 0.00119622943485 0.000644441457994 0.00109455200838 4.31255933043e-05 0.000875351910313 0.000575297533683 0.00391964761353 0.00121173931263 0.00485635713781 0.00199558903422 0.000484623317691 0.0018050044502 0.0032582048144 0.00160226045323 0.000235540837231 -0.00105040833702 0.00113033276827 4.21199121058e-05 0.00109599197573 
0.000713618339389 0.0220099517633 0.00204141268609 0.0021742469343 0.000884187072871 0.00298882040906 0.00240347421605 0.00172888808439 0.00271638226322 0.00131647768274 0.00065629890792 0.00233217649848 0.00329242981519 0.00206406522717 0.00154572789423 0.00126616689836 0.00121249312591 0.00237746451035 0.0033077278759 0.00250993976563 0.00327661067547 0.00195408267819 0.000681542951192 0.000822460552741 0.000487900273723 0.000460380824823 0.000174087327394 0.00340989216223 0.00111100118797 0.00226665776685 0.00446477965139 0.00295877829003 0.00150070924866 0.00152150557346 0.00430758522653 0.00268228547106 0.00125010019118 0.00145762064787 0.00231048923434 -0.00101470586201 
0.00310808565082 0.00204141268609 0.0271991879017 -0.000116037131084 0.000178358705395 0.00190667204163 0.000431070184866 0.00211002488529 0.003005768474 -0.00200270423227 0.0019932260699 0.00463943756785 -4.38814892547e-05 0.00169258489375 0.00400501505432 -0.000591027183291 0.00237868615592 0.000229935310369 0.00303228439345 0.00574667367756 0.00465569017421 6.26260302651e-05 0.00151438316586 0.0015410496954 -0.00108414739508 -0.000268218456246 0.000914992414024 0.00235676203812 0.000240486582609 0.00284934815921 0.00072173214863 0.001655943732 0.00110266302604 0.00105867804722 0.000139113098863 0.00159055099509 -0.000468925602414 0.000621086566243 -7.02938952077e-06 0.00169122377534 
-0.000150600596242 0.0021742469343 -0.000116037131084 0.0170434730523 0.00107554329937 0.00183888893227 0.0016793037924 0.000538276884735 0.00112452632268 8.35760755952e-05 0.00041910823155 0.00337590715245 0.00161704122676 -0.00110316904484 0.00145613835608 -0.000391027293481 0.000468576641793 0.000639069583374 0.00214066098189 0.00137690317683 0.00194858135972 -5.17894292624e-06 -0.000625232636829 0.00109833549409 0.000566654545215 0.000116789149756 0.000223847186384 -0.000767774834637 -0.000102931450233 0.00164230975939 0.000922188716976 0.000378682531324 -0.000232263968581 0.00071026980924 0.00234161525556 0.000400371421652 0.000290722396661 0.0016206498 0.00192243957667 -9.25013556056e-05 
0.000790468929128 0.000884187072871 0.000178358705395 0.00107554329937 0.0698269363178 0.000327647516575 0.000367998830028 -0.000517011774265 0.00131256899833 0.00300498239903 0.0008060147945 0.00121137716966 -0.00272300771286 -0.000419273869055 0.00141313142143 0.00384809748017 0.00053809126117 0.00183004729289 0.000972400076037 0.000593183456594 -0.00158447476625 -0.000878510354414 0.000193520053827 0.000219934973409 -0.00307079245959 0.000893743219094 0.000822880200038 0.000614541874697 0.000342104400306 0.00424599360441 -0.000520141159449 -0.000651237056401 0.000183499412133 0.00159128163105 0.000769589192935 -0.000698895242469 -0.000449834284484 0.00107705116773 1.80128392832e-05 -0.00114294227118 
0.00112101699534 0.00298882040906 0.00190667204163 0.00183888893227 0.000327647516575 0.0165764372281 0.000429315134869 0.00306387406926 0.00282497229567 0.00298851794385 0.000789784871326 0.00447867266496 0.00247831776207 0.00200939348536 0.00100741977397 0.00140752020926 1.47514990467e-05 0.000753361846481 0.00199868554399 0.00121684823234 0.000416058903761 0.00107595489536 0.000331656515934 0.00257322136603 0.0017540873909 0.000137229820506 0.00348371870165 0.00171690297372 0.000155812401679 0.00326745166486 0.00370433707496 0.00100069922056 0.00159264064053 0.00080383348117 0.00311511206926 0.00312312797519 -0.00175274348325 -5.19587888231e-05 0.00180738445051 0.00169674061863 
0.00190828783184 0.00240347421605 0.000431070184866 0.0016793037924 0.000367998830028 0.000429315134869 0.0226494716662 0.00466873115961 0.0015568053376 0.000735057980404 0.000930822300935 0.0015665404343 0.00145374713117 0.00279096585384 -0.00103523581808 0.00183011525355 2.16273083556e-06 0.00527005366019 0.00243716970138 -8.20029684722e-05 0.00277023074662 0.000628189246223 0.00115553916983 0.000940385232142 0.000286553282139 0.00036715110221 0.0020033157411 -0.00148381868827 0.00258111547752 0.00281416489128 0.003013930621 0.000824447528987 0.00114501953973 0.00324805417164 0.00058567884218 0.00542125109328 -0.000808769268197 -0.000618779650824 0.00535795296928 0.00192188342776 
0.000812450262049 0.00172888808439 0.00211002488529 0.000538276884735 -0.000517011774265 0.00306387406926 0.00466873115961 0.0267960721362 0.0017589603526 0.000697006367571 0.00188106556783 0.0044928167041 0.00139262685678 0.0020058954759 0.00248538776512 0.000617743697252 0.00132783301144 0.000923115568918 0.00737249846595 0.00211172307347 0.00280061184369 0.00247024569103 -0.000966081856752 0.00186959778523 0.00108333913487 -4.0393856154e-05 -2.27438521111e-05 0.000739384805247 0.00244181334848 0.000827594346436 0.00126625671968 -0.000319437195722 0.00155484709897 0.000477316034177 3.7965341108e-05 0.00121411008003 0.000429647385003 -0.000377396379209 0.00405568635262 0.00897584648896 
0.00192865685583 0.00271638226322 0.003005768474 0.00112452632268 0.00131256899833 0.00282497229567 0.0015568053376 0.0017589603526 0.0163752565034 0.00232549631849 0.00177403174713 0.00234990264728 0.00102270978794 0.00218511084933 0.00168942876831 0.0030881758733 0.00256887338378 0.00263943886291 0.00250788300426 0.00185671294436 0.00122186598592 0.000894354224035 -0.0011771753215 0.00136993551272 0.00116771543299 0.0013084224178 0.00045803397583 0.00298922460986 0.000735318933849 0.000699541677682 0.00176669948829 0.00085960273166 0.00123489262453 0.0018847938381 0.0018840705603 0.0049647145207 0.00129679598413 0.000713490445225 0.00410037224304 0.00136886701633 
0.000429894237165 0.00131647768274 -0.00200270423227 8.35760755952e-05 0.00300498239903 0.00298851794385 0.000735057980404 0.000697006367571 0.00232549631849 0.1134351378 -0.000580204311916 0.000565933012094 0.000458950123698 0.00375906892023 0.00331144218294 0.00501974383359 0.0100040028415 0.00229317900749 0.00467698068418 0.00193823541283 0.000622490521992 0.00184991196321 -0.00035458677799 0.00279097793941 0.0019535652151 0.00188350068366 0.00763923756299 0.00265451884353 -0.00110467032665 0.0007173849986 0.00415706346183 0.000392358462682 0.00106978999874 0.000748553466871 0.00598107099287 0.00732291107224 -0.0030420458958 -0.000714600395284 0.0076858611841 0.00363077460428 
0.00161122691832 0.00065629890792 0.0019932260699 0.00041910823155 0.0008060147945 0.000789784871326 0.000930822300935 0.00188106556783 0.00177403174713 -0.000580204311916 0.0170337115144 0.00431137165603 0.00130315908907 0.000582359393847 0.00297606780893 0.00246919538217 0.00134965013087 0.000752964011134 0.00124065973411 0.00142417056234 0.00177424036063 0.00212063359203 2.42921018775e-05 -3.58736822089e-05 0.000189295268549 0.000416264411889 -0.00148381921566 0.00202293486848 0.000604006507695 -0.000168461842598 0.00419003509286 0.000144186481623 0.000828033454613 0.00152149925914 0.00102699286785 0.000623639656461 -0.00172464676357 0.000690993140704 0.00165784277593 0.00320600514806 
0.00280349867164 0.00233217649848 0.00463943756785 0.00337590715245 0.00121137716966 0.00447867266496 0.0015665404343 0.0044928167041 0.00234990264728 0.000565933012094 0.00431137165603 0.0379898259696 0.00245942428135 0.00312605646683 0.00130949478902 0.00586636288975 0.00378441212666 -0.000199176874123 0.00336336757309 0.00329143803901 0.00666597278402 0.000185264279926 0.00514796546501 0.00345689203185 -0.000149834166319 0.00117795776913 7.22114554802e-05 0.00191782547415 -0.00019187864938 0.00478894145121 0.00240162088076 0.00165688029756 0.00204613117422 0.00247542820022 0.00940001712773 0.00845183111892 0.00193379005849 0.000332605294154 0.00247279530822 0.0035979639145 
0.00132517076508 0.00329242981519 -4.38814892547e-05 0.00161704122676 -0.00272300771286 0.00247831776207 0.00145374713117 0.00139262685678 0.00102270978794 0.000458950123698 0.00130315908907 0.00245942428135 0.015668440356 0.000210929836622 -0.000470537590287 0.00122354002415 0.00158260329232 0.00095805187657 -0.000119245535434 0.00171895465472 0.00117472761965 0.00267244814675 0.000336457005713 0.00143643266362 0.00145523838842 0.00162213339642 0.00234212856662 0.00354529201901 -5.13142235833e-05 0.00159343696146 0.00155899259288 0.00114053805802 0.00100390019471 0.00155116541915 0.00279456353078 0.000444967245757 0.000980985370727 0.00132544374048 0.00164915221013 0.000530979698569 
0.00219758915888 0.00206406522717 0.00169258489375 -0.00110316904484 -0.000419273869055 0.00200939348536 0.00279096585384 0.0020058954759 0.00218511084933 0.00375906892023 0.000582359393847 0.00312605646683 0.000210929836622 0.0218678561276 0.00121024935307 0.00249075194724 0.000716946831053 0.0018746380992 0.00172777637616 0.00136920636181 0.00399524914189 0.00125847888239 1.33938514966e-05 0.000401004498698 0.00206200970897 6.9808310736e-05 0.00247685542283 0.000280424725368 4.91852560922e-05 0.00602459955555 0.00140497060994 0.000877681498672 0.00149949517977 0.000976139261791 0.00320704926902 0.00132087651613 -0.000354681132756 0.000418882330632 0.00220812687153 0.00317988320869 
0.00189468755932 0.00154572789423 0.00400501505432 0.00145613835608 0.00141313142143 0.00100741977397 -0.00103523581808 0.00248538776512 0.00168942876831 0.00331144218294 0.00297606780893 0.00130949478902 -0.000470537590287 0.00121024935307 0.0311846853301 0.00375480335563 4.60559444547e-05 0.000416338229845 0.00323706951814 0.00399992106241 0.00401952425133 9.25830840845e-05 0.00357133148274 0.000988555575008 0.000525565774812 -0.000459319771155 4.80447523369e-05 0.00196457351906 0.00177308021202 0.00198657940146 -0.000907760097005 0.0011675278956 -0.0017095100237 0.00109289498585 0.00336354675701 0.00074274826449 -0.00346520369757 0.00261207670336 0.000253607150578 0.00253917909785 
0.0014771781634 0.00126616689836 -0.000591027183291 -0.000391027293481 0.00384809748017 0.00140752020926 0.00183011525355 0.000617743697252 0.0030881758733 0.00501974383359 0.00246919538217 0.00586636288975 0.00122354002415 0.00249075194724 0.00375480335563 0.0306865024692 0.00388129142634 0.00403617976686 0.00143816784991 0.00047280857488 -0.000152419506612 0.00241823006734 -0.000325528027197 0.00196446342482 0.00170440168265 0.0024093841432 0.00119944508755 0.00606859493054 0.000633762445633 0.00552687344806 0.000594378704696 0.00140539932266 -0.00179694205354 0.000895406440553 0.00454946701177 0.00283719870808 -0.00154591357206 0.000849303262854 0.0010804741077 0.00309652522684 
0.00216716047835 0.00121249312591 0.00237868615592 0.000468576641793 0.00053809126117 1.47514990467e-05 2.16273083553e-06 0.00132783301144 0.00256887338378 0.0100040028415 0.00134965013087 0.00378441212666 0.00158260329232 0.000716946831053 4.60559444548e-05 0.00388129142634 0.0294301211525 0.00162684768134 0.00111673528206 0.00263288419784 0.00159376444544 0.00202821120617 0.00174035869261 0.00230700435727 0.000861351006089 0.000865724123469 0.0037369003198 0.000123342237225 2.87859699204e-06 0.00150895697363 -0.000720918101876 -0.000416490801336 0.000350213626071 0.000295305036456 0.00332054996158 0.00418448471132 0.000765829830048 -0.000258449939321 0.000845516997376 -0.000287183229238 
0.00234479769678 0.00237746451035 0.000229935310369 0.000639069583374 0.00183004729289 0.000753361846481 0.00527005366019 0.000923115568918 0.00263943886291 0.00229317900749 0.000752964011134 -0.000199176874123 0.00095805187657 0.0018746380992 0.000416338229845 0.00403617976686 0.00162684768134 0.0161481678382 0.000574137216694 -0.000956201420559 -0.00028793070038 0.000726981788293 -0.00106971316401 0.00147407546904 0.00115708575674 0.000800930488772 -0.00187320768709 0.00147905170102 0.000782302042281 0.00298224384283 0.00269227957357 0.000231661787655 0.00088098086844 0.00169883979446 0.00124894890698 0.00313659952911 -0.000447412625675 -0.000258891915459 0.00250644105899 0.00124010126739 
