50
0.0678116165217 0.102568127786 0.0637259516476 0.10643743266 0.0507347996455 0.0609589558998 0.00792878112812 0.119808933935 0.112605751981 0.00610402508206 0.0324129219316 0.0230030392576 -0.00168409401267 0.022553065058 0.0833786368315 0.139274044211 0.0408960175479 0.0861575830063 0.101218808556 0.00640420781163 0.0571686925308 0.075466134778 0.109959402945 0.0907505897935 0.123331646141 0.0521298167044 0.0411806556966 0.0566217234647 0.0451759103614 0.0657027666716 0.0519302207626 0.0283464571838 0.0277880817415 0.100220943784 0.025637758891 0.0262084488718 0.0038222736377 0.0674926048947 0.0791171504464 0.0994766710856 0.357744060202 0.104921073146 -0.0142899737039 0.088181568025 0.0823962853659 0.0731585002716 0.0403512104362 0.0176197090425 0.0161964684659 0.185813705736 
0.234134341733 0.00366708659986 0.000228690313769 -0.00822265181695 0.0110702137006 -0.00010653176169 0.00738078236856 0.0319236309954 -0.0047753461603 0.00884589792062 -0.00788005960043 0.0011513163286 -0.00195146721616 0.0340978537144 0.0138646585881 0.00227819775806 0.0256701688584 0.0145248212191 0.0247105469406 0.00675745434982 -0.00115288612949 0.00538644316523 0.044240657709 0.0168210816171 0.0308423202632 0.00624560767561 -0.00651481637804 -0.000413390127161 0.00189624917135 -0.0169718434882 0.0451257765078 0.00564856731564 0.000150205916308 0.0111283800545 0.00118871487313 0.00741759932878 0.00386475500879 0.00858379292317 -0.00818626632609 0.0106966360235 -0.00959335249572 0.00399022726703 0.0285492344227 0.00485947057834 -0.00078350681582 0.00651221819119 0.0114289119842 0.0186204093136 0.0124439953999 0.0118479242108 
0.00366708659986 0.27349419938 0.0288272595821 0.0151551072588 0.0207385861328 0.0484417749225 -0.0215910938692 -0.0151214623838 0.0108780894462 0.014451437918 0.000885568704464 0.0276852605255 0.0108080904154 0.0319467795077 0.0290791690116 0.0574385421982 0.0226598433717 -0.00139260764029 0.0897077705182 0.0118534241574 0.0188508509458 0.00172595584668 0.00885099343457 0.0421466802916 0.0393584383102 0.0279625429969 0.0297136390668 0.037213637195 0.028150809515 0.00201386042828 0.0135346395036 0.0489133282975 0.00664588148823 0.0229472207959 -0.00177196998029 0.0571210817716 0.0085393047166 0.0112733503036 0.0105551488591 -0.00367058364291 0.0118383841509 0.0168665457931 0.0275246081461 0.0290396345713 0.0125023008591 0.0267410269381 0.0239789264524 0.0200626370282 0.0420712025361 0.0621389904564 
0.00022869031377 0.0288272595821 0.189502402615 0.0090750876034 0.0105314890066 0.0249301739505 0.00653589649507 -0.00839493851973 0.0307093346239 0.00226249868903 0.0112031319292 0.0208738390176 0.0089452818602 -0.000104819921445 0.0295674116376 0.0220388766718 0.000918507691421 0.00373318531908 0.00995203052845 -0.00204551609105 0.0168058284095 0.00692530148642 0.0160962423646 0.00763838591394 -0.01963491844 -0.00591206694952 0.00310170291135 0.0272293760448 0.019079053377 0.0177098997592 0.0412747564939 0.00818962285517 0.00157157489619 0.0106674553549 0.0164689747091 0.0289135598277 0.00805665896761 0.0159972700916 0.0253594737027 0.0132517438635 -0.013918310658 0.00840164296947 0.0152627310766 0.0327027661495 0.0272171710676 0.00943698718672 0.00345468807206 0.00598799730643 -0.00355175954161 0.0352049514595 
-0.00822265181695 0.0151551072588 0.0090750876034 0.465262734186 0.0395303707206 -0.0265460358354 0.00844088926752 0.0120829598991 0.217651923329 -0.00803388591345 0.00551792272099 -0.00108740637383 0.00372269003462 0.0052488516885 0.00396144783514 0.0375393965085 0.0146706433597 0.0174245692976 0.000780204319987 0.0532452115025 0.00928005606024 -0.0230787215656 0.0337722243799 -0.0104955562253 0.0280779123813 0.00467631355139 0.0117734706811 0.0304819884612 0.0152425714932 0.0142793310199 0.0426212598335 0.00499787012256 0.0541919790018 0.0156976185829 0.00637122824651 0.0335618790812 0.0139471819768 -0.0138301866194 0.0325716444484 -0.000399142737094 0.0387079836416 0.036989564736 -0.00324880877306 0.0258059931383 -0.00843622556996 -0.0144053886284 0.0103607251118 0.0101640815439 0.00376487538317 0.0362800448991 
0.0110702137006 0.0207385861328 0.0105314890066 0.0395303707206 0.243977416881 0.0237633443726 0.00948750006562 0.00196026379117 0.0369681470614 0.0362037206463 0.00582141947083 0.0124707270759 0.0254824709274 0.0169705793805 0.0233057987597 0.0285745275696 0.00546069344751 0.00717848445778 0.0324435934924 0.0413798729311 0.015303705342 0.0167434047144 0.0259238979238 0.0265423419543 0.0133777981386 0.0187198981872 0.0120408120006 0.0401824807459 0.0252684444123 0.0199616411124 0.010769395259 0.00406032363146 0.0157390094591 0.0510916735001 0.0333164057528 0.0422078746662 0.0144506409992 0.00610722702856 0.0488810376997 0.015735188441 0.072175096472 0.0199352123126 0.00991424972845 0.0207061469416 0.0264037549214 0.00425876329297 0.0273251334095 0.00189162862991 0.010918967615 0.044899984124 
-0.00010653176169 0.0484417749225 0.0249301739505 -0.0265460358354 0.0237633443726 0.41130418401 0.029490418668 0.0881277530996 0.00635576511256 0.0143900069761 0.00163339256714 0.0127226330638 0.0221171140862 0.0113575610651 0.0178466688149 0.048936855768 0.0189089908601 0.00555883890111 0.0830486143679 0.0126768191428 0.0484476906477 0.00404007355048 0.0492377777936 0.00386463920823 0.0751448737478 0.00211202126763 0.0209715087746 -0.00629449332049 0.0159557528307 0.000256543460873 0.0073815153204 0.0143634946648 0.0213177384688 0.0315792470824 0.0150333721626 0.0427743506177 0.0213265688711 0.0217396023365 0.0331875664309 0.0169944534754 0.0332407656909 0.0184293850264 0.00332723924525 0.0220655073723 -0.01474863123 0.0140946047231 0.0291589437363 0.00794933597454 0.00823817379683 0.0529984618729 
0.00738078236856 -0.0215910938692 0.00653589649507 0.00844088926752 0.00948750006562 0.029490418668 0.226357210243 0.0209244140801 0.029962770315 3.48870321811e-05 0.0126641691738 0.0126274824101 -0.00237124100553 0.0119493403374 0.0533198401709 0.00779404710299 -0.0019070485448 -0.0196360284376 -0.0121814746095 0.0192337533509 -0.00367870327584 0.0192120753223 0.0162593336859 0.0294246405629 0.00619417943706 0.0260678965802 0.0158291975747 0.00901515668359 -0.000637450669864 -0.00729757704248 0.00406567843183 0.0158582348177 0.0125277889016 0.000576787777803 -0.00968912529002 0.0183161229006 0.0268838563559 0.0309029729368 0.0150003557915 -0.0176340085726 -0.0352313420384 -0.00717655250205 0.00412074945018 0.0234730411187 0.014808142886 0.0163387690605 0.00715015307052 0.00162083605485 0.0172374984679 0.0232956125663 
0.0319236309954 -0.0151214623838 -0.00839493851973 0.0120829598991 0.00196026379117 0.0881277530996 0.0209244140801 0.631844021953 0.00672610012506 0.00130548903212 -0.000741932369828 -0.00962362022112 -0.00410072117763 0.00466027576215 0.00717019105269 -0.00405008316971 0.00459203335783 -0.00782979811741 0.0645220402246 0.00895541928794 -0.0227620032093 0.00284194730725 0.00108839859902 -0.00398624754017 0.00328787855996 -0.00837260305138 0.0042931661233 -0.0164532951925 0.0122821787057 0.00681470143797 0.0164228657283 0.00733527524924 0.0102151939739 0.0154747074819 -0.0199754243447 -0.0170885648928 0.00709579733786 0.0192838844968 0.00408552096267 0.0240241580009 0.083378457663 0.0059209725769 -0.000799852235123 -0.0227539512274 0.0281257940937 -0.0185146221927 0.0127106306144 -0.00589030088283 -0.00586697062853 -0.0315776919158 
-0.0047753461603 0.0108780894462 0.0307093346239 0.217651923329 0.0369681470614 0.00635576511256 0.029962770315 0.00672610012506 0.520601315322 0.00079672214392 -0.0263982638831 0.00879910430288 0.0102676630635 -0.0040707975541 0.0259882635687 0.059539067322 0.0374086292964 0.0243857929166 -0.00316191247162 0.0617924714502 0.0188785192396 0.0220482873499 0.0616504416799 -0.00197763787532 0.0101182959936 0.00108137818595 -0.0109617423535 0.0429232851558 0.0168690854254 0.00425928959597 0.073011581321 0.000816767603109 0.00232228610432 -0.00588214675893 0.0165963820069 0.025859294641 0.00916296885563 0.0484905562326 0.0173251670219 0.0276269564567 -0.00429882686048 0.0209950097341 -0.00532269016123 0.0497283165281 0.0257028931573 0.0175899564414 0.0299261075938 0.0127295148039 0.00928597030987 0.0852769460493 
0.00884589792062 0.014451437918 0.00226249868903 -0.00803388591345 0.0362037206463 0.0143900069761 3.48870321801e-05 0.00130548903212 0.00079672214392 0.167317382964 0.0112536800003 0.0306991014624 0.0213990524336 0.0198936911977 0.0104605451952 0.0339713335997 0.00324776349282 0.0238787354074 0.0120200877428 0.0351200587243 0.0220110467544 0.0198038912565 0.0149375358989 0.0265683209797 0.00299670606416 0.0325221152899 0.00673855767845 0.0300138750696 0.0231938096302 0.03026699515 0.0120062100827 0.00062522869537 0.0300967526136 0.0353110657088 0.0141624984233 0.0371146304448 0.0111183751868 0.00938841780037 0.00142689739415 0.0184154385321 -0.0123219474079 -0.00445029891562 0.00660381236045 -0.00812813420916 -0.000231715086299 0.00654709200981 0.00617144106951 0.0133456045011 0.0124842673727 0.03817114883 
-0.00788005960043 0.000885568704464 0.0112031319292 0.00551792272099 0.00582141947084 0.00163339256714 0.0126641691738 -0.000741932369828 -0.0263982638831 0.0112536800003 0.28178307118 0.00809174222679 0.0215001997676 -0.0106163989753 0.0118427733955 0.00259592249885 0.0153168740952 0.0143022162601 0.0188738694213 0.0021404231644 0.0130501956115 -0.0170195589817 0.00398122335366 -0.00470729587139 0.0321817402797 0.000901674580076 0.0181404482532 0.00769730513576 0.0110853021974 0.0191933450589 4.38517131248e-05 0.00734967776542 0.00225817219241 0.0369540871104 0.00789564318249 0.00688005280575 0.00908524545286 -0.00237845972327 0.0312535720284 0.00718851258781 0.0398807376304 0.00758235716889 0.00351415628075 0.019291340019 -0.00542281907795 0.00473542176329 -0.00436763638799 0.00229443269037 0.00456991236755 0.0306839602101 
0.0011513163286 0.0276852605255 0.0208738390176 -0.00108740637383 0.0124707270759 0.0127226330638 0.0126274824101 -0.00962362022112 0.00879910430288 0.0306991014624 0.00809174222679 0.125946311806 0.0176561080151 0.0155956633674 0.010537777413 0.00520020952404 0.00440213230781 0.00595387879261 0.0202711943086 0.0178335323025 0.00325401875668 -0.00140319470263 0.0266323795989 0.0257218097018 0.0122247949918 0.0318525409464 0.00747705756724 0.0191762097903 0.00600046398814 0.0159669280075 0.0239512733267 0.0208334604897 0.0316280814127 0.00562039407207 0.0256389284309 0.013578519785 0.0161645651304 0.0195056111885 0.00565103516818 0.0070373993055 -0.00377817518629 0.0313652866149 0.0145626012451 0.0132031707857 0.0158890138999 0.00330078988748 0.0141416446825 0.0145228275685 0.02134850865 0.0221803557257 
-0.00195146721616 0.0108080904154 0.0089452818602 0.00372269003462 0.0254824709274 0.0221171140862 -0.00237124100553 -0.00410072117763 0.0102676630635 0.0213990524336 0.0215001997676 0.0176561080151 0.101562699089 0.00944039158183 -0.0128294139668 0.014627756262 0.0146118839766 0.0122207939447 0.0125002652006 0.0107776319677 0.0118715647214 0.0018002333486 0.0083603631821 0.00726542792378 0.0151896201615 0.00763281118314 0.00893279009624 0.0272354990345 -0.00186642611713 0.0253074352867 0.0130337301936 0.00434711306808 0.0183080218103 0.0135861642342 0.0116485788912 0.0207726603082 0.00481049805098 0.00386037404905 0.0163521619823 0.00815720912588 0.0233860403772 0.0100637361196 5.06232898532e-05 0.00925640333023 0.0228549512813 0.00527965329303 0.0164961456495 0.00479835570612 0.0117496821452 0.00885162991743 
0.0340978537144 0.0319467795077 -0.000104819921445 0.0052488516885 0.0169705793805 0.0113575610651 0.0119493403374 0.00466027576215 -0.0040707975541 0.0198936911977 -0.0106163989753 0.0155956633674 0.00944039158183 0.219890619142 0.00514890173236 0.000858401095135 0.00612583429052 0.0611566128228 0.0439056051065 -0.00593785170613 0.0156391710437 0.00844367262163 0.0346339198265 0.0853433269256 0.0269330296404 0.0272362838931 0.00604429786795 0.00524682164414 0.0266280692596 0.0248798704825 -0.00223090842523 0.012394590935 0.0188489143754 0.00298457896604 0.00562677327595 0.0174155045101 0.0115526606426 -0.0204537581987 0.0128859110103 -0.00160629353696 -0.0134431700715 0.0154415314861 0.0101024746648 0.0202067452396 0.0172588995443 0.00121751296776 -0.00340501026209 0.00472211333232 0.0325611693929 0.0285833858999 
0.0138646585881 0.0290791690116 0.0295674116376 0.00396144783514 0.0233057987597 0.0178466688149 0.0533198401709 0.00717019105269 0.0259882635687 0.0104605451952 0.0118427733955 0.010537777413 -0.0128294139668 0.00514890173236 0.367898654676 0.00194405581827 0.0271399217933 0.0226807596764 0.021192912533 0.00539386864204 0.00485981132509 0.026270961089 0.0355693346143 0.0199539210081 -0.00406167688559 0.00673644091018 0.0211542627954 0.029002673662 0.0310617866526 0.032864735687 0.020801255539 0.00613627171513 0.00546554683539 -0.00421872488889 0.00305451407811 0.0328218489816 0.0149347591243 0.0153902474917 0.0254488898699 0.010903808462 -0.00233604571998 0.0355402521209 0.0243293236785 0.0220714299991 -0.012352182509 0.0173125429857 -0.0108157736647 -0.00145178562378 0.0316734842054 0.0750068951983 
0.00227819775806 0.0574385421982 0.0220388766718 0.0375393965085 0.0285745275696 0.048936855768 0.00779404710299 -0.00405008316971 0.059539067322 0.0339713335997 0.00259592249885 0.00520020952404 0.014627756262 0.000858401095134 0.00194405581827 0.626068014128 0.0162445025593 0.0544978871505 0.013960755223 0.0136374644014 0.052461098928 0.0210501203988 0.0601656343251 0.00606076743761 0.0819832589459 0.0201418454036 0.00596473175793 0.0327527489588 0.00332913687729 0.0702027232296 0.00182585143273 0.0303158123806 0.0173034768795 -0.00816392921086 0.0715446272447 0.023112812334 0.0305450624518 -0.00910543235163 0.0170900145239 0.0260079508364 -0.0132209127428 0.0484863626562 0.023985531476 0.104870360536 0.0633168098129 0.0042160849572 0.0372612854324 0.0161287977727 0.0300852902206 0.0521838978226 
0.0256701688584 0.0226598433717 0.00091850769142 0.0146706433597 0.0054606934475 0.0189089908601 -0.0019070485448 0.00459203335783 0.0374086292964 0.00324776349282 0.0153168740952 0.00440213230781 0.0146118839766 0.00612583429052 0.0271399217933 0.0162445025593 0.184972492785 0.0359187809666 0.0141448837046 0.0119928421299 0.0162733027284 -0.0283677647439 0.0416371366762 0.0169691267717 0.0434297207086 0.0042751742767 -0.00240868404093 0.00658673582618 0.00381333269975 0.00128718163608 -0.0034412905796 0.0055052109924 0.00474791338871 0.0106195413026 0.0203521655798 0.0146516876767 -0.00213393253278 0.0334850162991 0.00717249839633 0.0130016059299 0.0814925722604 0.0123852520133 0.0241300106761 0.0271980588663 0.0126375993149 0.00154709329077 0.0196605895074 0.00355194487177 0.00261125473973 0.053757879291 
0.0145248212191 -0.00139260764029 0.00373318531908 0.0174245692976 0.00717848445778 0.00555883890111 -0.0196360284376 -0.0078297981174 0.0243857929166 0.0238787354074 0.0143022162601 0.00595387879261 0.0122207939447 0.0611566128228 0.0226807596764 0.0544978871505 0.0359187809666 0.552624212402 0.0383566373707 -0.00644735561152 -2.84097482467e-05 -0.0112674244644 0.00167109056352 0.0175262677884 0.0200301160233 0.0012040290815 0.00712138333489 -0.0150568902103 0.00787773522237 -0.00755073936866 0.0224251855406 0.00711899745138 0.00330483476887 0.00759556342862 0.0603708967784 0.0121102975364 -0.0248967915633 0.0433617314699 0.0354680724509 -0.00164189359124 -0.00962025301401 0.0414430779888 -0.00142194925581 0.0636757451179 0.0727070749147 -0.00743122232577 0.0239927455981 -0.0126346963789 0.0196367122308 0.0159131045418 
0.0247105469406 0.0897077705182 0.00995203052845 0.000780204319987 0.0324435934924 0.0830486143679 -0.0121814746095 0.0645220402246 -0.00316191247162 0.0120200877428 0.0188738694213 0.0202711943086 0.0125002652006 0.0439056051065 0.021192912533 0.013960755223 0.0141448837046 0.0383566373707 0.303430293193 0.00701604679829 0.0322463748178 0.00961335242423 0.00213871275156 0.0316650148487 0.0803957805675 0.0232106215639 0.0171327550919 0.00966323243012 0.0314730509875 0.00213577792683 0.0161451597274 0.0195040866364 0.014331890413 0.0062085249368 0.0123808092916 0.0458145989001 0.0195326497254 0.0346253397839 0.0299059512714 0.008136883336 0.0153184060402 0.0252664418108 0.0247209428681 0.00710717087849 0.00934112220164 -0.00419837894357 0.00623174536112 -0.00820496381298 0.0133341680223 0.0276091654547 
0.00675745434982 0.0118534241574 -0.00204551609105 0.0532452115025 0.0413798729311 0.0126768191428 0.0192337533509 0.00895541928794 0.0617924714502 0.0351200587243 0.0021404231644 0.0178335323025 0.0107776319677 -0.00593785170613 0.00539386864204 0.0136374644014 0.0119928421299 -0.00644735561152 0.00701604679829 0.15520604663 0.00941794168331 0.0278434153061 0.0138224848676 -0.00058665298101 0.0150311497955 0.00792349439183 0.0175392829682 0.0308526655703 0.0199758484425 0.00918131059616 0.0323828121566 0.015983874268 0.0115349914181 0.0190417602705 0.0220245099506 0.00986722168956 0.0252180374773 0.0177068699674 0.0161541231059 0.0177492757747 0.0767232420469 0.0223510036126 0.0253877339928 0.00625035714022 0.0041547797074 0.0203185944048 0.0191938472993 0.0280311973925 0.000661677589482 0.0437775591752 
-0.00115288612949 0.0188508509458 0.0168058284095 0.00928005606024 0.015303705342 0.0484476906477 -0.00367870327584 -0.0227620032093 0.0188785192396 0.0220110467544 0.0130501956115 0.00325401875668 0.0118715647214 0.0156391710437 0.00485981132509 0.052461098928 0.0162733027284 -2.8409748247e-05 0.0322463748178 0.00941794168331 0.363243788705 0.0331747331351 -0.00619739206681 0.00582021425772 0.036287693886 0.0295691946183 0.031144708025 -0.00800432223094 0.0151508663661 0.0179531529932 -0.0042368136833 0.0300468457127 0.0128793285294 0.00312691545334 0.0230910889427 0.0280407280024 0.0170283972048 -0.002636647058 0.0205927988928 -0.00744137161164 0.000720470019452 0.0154304483219 0.00113618766838 0.0141099210012 -0.00293881532926 0.00274809635809 0.0196893399724 0.0172431212405 0.0197913064803 0.0362192737137 
0.00538644316523 0.00172595584668 0.00692530148642 -0.0230787215656 0.0167434047144 0.00404007355048 0.0192120753223 0.00284194730725 0.0220482873499 0.0198038912565 -0.0170195589817 -0.00140319470263 0.0018002333486 0.00844367262163 0.026270961089 0.0210501203988 -0.0283677647439 -0.0112674244644 0.00961335242423 0.0278434153061 0.0331747331351 0.453368691346 0.000708261779446 0.0373976490243 0.0151236683154 0.0211067041794 0.00475281831709 0.0146201112987 0.0253244127894 0.0124714973591 0.0301356805689 -0.00340787522783 0.0131362464636 0.00948179579838 0.0138284405598 0.0286896944891 -0.00380801074263 -0.00528656096626 -0.00969535627927 0.0219958536308 -0.0155379564463 0.0246847258553 0.0163835181566 0.0397337311088 0.0208418100833 -0.00612736657185 -0.018532834695 0.00766311574889 -0.00941463006555 0.0144639055439 
0.044240657709 0.00885099343457 0.0160962423646 0.0337722243799 0.0259238979238 0.0492377777936 0.0162593336859 0.00108839859902 0.0616504416799 0.0149375358989 0.00398122335366 0.0266323795989 0.0083603631821 0.0346339198265 0.0355693346143 0.0601656343251 0.0416371366762 0.00167109056352 0.00213871275156 0.0138224848676 -0.00619739206681 0.000708261779446 0.38879077962 0.0304360555264 0.0501186794888 0.00781471373475 0.0516482135078 0.0159971646068 0.0066497888191 0.00117691210473 0.0168391762095 0.000958651560219 0.0195338614651 -0.0059279190761 0.0272966461489 0.0064159139334 0.0276542492416 0.0158463351078 0.0255921208171 0.00198796802506 0.00393622874107 0.0372621384979 0.0307612342382 0.0339984980888 0.0110645193433 0.0318843655498 0.0236299986241 0.0318371195631 0.00533395180385 0.0812296977054 
0.0168210816171 0.0421466802916 0.00763838591394 -0.0104955562253 0.0265423419543 0.00386463920823 0.0294246405629 -0.00398624754017 -0.00197763787532 0.0265683209797 -0.00470729587139 0.0257218097018 0.00726542792378 0.0853433269256 0.0199539210081 0.00606076743761 0.0169691267717 0.0175262677884 0.0316650148487 -0.000586652981011 0.00582021425772 0.0373976490243 0.0304360555264 0.326872096039 0.00631403559946 0.0384871003801 0.0218849267743 0.0241544711281 -0.00705326824467 0.0187633881377 0.0147923230972 0.0155211459283 0.00807671346572 0.0161731338962 -0.0056474369877 0.0355403635985 0.0166289345669 0.00951505439664 0.0189377521089 -0.00388501465889 0.00796986451207 0.0111759473299 0.0165837316349 0.00716133078562 0.0197666632596 0.0205454379186 0.00942305175568 -0.00593403996264 0.00375553317925 0.0134837519849 
0.0308423202632 0.0393584383102 -0.01963491844 0.0280779123813 0.0133777981386 0.0751448737478 0.00619417943706 0.00328787855996 0.0101182959936 0.00299670606416 0.0321817402797 0.0122247949918 0.0151896201615 0.0269330296404 -0.00406167688559 0.0819832589459 0.0434297207086 0.0200301160233 0.0803957805675 0.0150311497955 0.036287693886 0.0151236683154 0.0501186794888 0.00631403559946 0.428634101092 0.0194394296358 0.0645057565042 0.0409037147954 0.0356536837725 0.0126976126008 0.00844647435757 0.00992095796759 0.0146041086575 -0.00988005965269 -0.00211306705803 0.0257094842841 0.0133248532795 0.0362398149813 0.0430743395861 0.00974547189545 0.0345449796349 0.0364549043527 0.0125803310965 0.0113237118305 -0.00176154762859 0.00235744938055 -0.0024852638265 0.0120871385567 0.0132877834098 0.102943354677 
0.00624560767561 0.0279625429969 -0.00591206694952 0.00467631355139 0.0187198981872 0.00211202126763 0.0260678965802 -0.00837260305138 0.00108137818595 0.0325221152899 0.000901674580075 0.0318525409464 0.00763281118314 0.0272362838931 0.00673644091018 0.0201418454036 0.0042751742767 0.0012040290815 0.0232106215639 0.00792349439183 0.0295691946183 0.0211067041794 0.00781471373475 0.0384871003801 0.0194394296358 0.147415737636 0.00744946511065 0.0283414281145 0.00735287331619 0.0183285110856 -0.00138745484645 0.0246813377508 0.0315986522685 0.00739532003862 0.0156891194189 0.0329147594086 0.0103700549165 -0.00017303368036 0.0167431517617 0.0119662475235 -0.0100242666237 0.0342382309674 0.0153572687894 0.00775733113969 0.0153839721378 0.0186229431902 0.00861603699232 0.0114195982813 0.00575749204827 0.0205199158161 
-0.00651481637804 0.0297136390668 0.00310170291134 0.0117734706811 0.0120408120006 0.0209715087746 0.0158291975747 0.0042931661233 -0.0109617423535 0.00673855767846 0.0181404482532 0.00747705756724 0.00893279009623 0.00604429786795 0.0211542627954 0.00596473175793 -0.00240868404093 0.00712138333489 0.0171327550919 0.0175392829682 0.031144708025 0.00475281831709 0.0516482135078 0.0218849267743 0.0645057565042 0.00744946511065 0.187215992934 0.0181840320952 0.0314991079665 0.0107525242071 -0.0097433225555 0.0220267046332 0.00524581310999 -0.00828427598593 0.0168580619201 0.0294508516712 0.00690379572566 0.00396205782718 0.00836800593936 -0.00853380284574 -0.00855214906415 0.0394416118138 0.00810105826858 0.00942271007042 0.0187315873198 0.00231162203942 0.00935976346472 0.00943721135037 0.0123926177496 0.0233355539007 
-0.000413390127161 0.037213637195 0.0272293760448 0.0304819884612 0.0401824807459 -0.00629449332049 0.00901515668359 -0.0164532951925 0.0429232851558 0.0300138750696 0.00769730513576 0.0191762097903 0.0272354990345 0.00524682164414 0.029002673662 0.0327527489588 0.00658673582618 -0.0150568902103 0.00966323243012 0.0308526655703 -0.00800432223094 0.0146201112987 0.0159971646068 0.0241544711281 0.0409037147954 0.0283414281145 0.0181840320952 0.161737464387 0.0116439769498 0.0203586783278 0.0380203160766 0.0252641212515 0.0261974477669 0.0259287514183 0.0095175688353 0.0384120290931 0.0424207172061 0.0178920026942 0.0392154362216 0.00620059819013 0.0446698019762 0.0349601178894 0.0148969624203 0.00838463789617 0.00974978439319 0.0128042773537 0.0112630337516 0.0112993318326 0.0153035524977 0.0565621345646 
0.00189624917135 0.028150809515 0.019079053377 0.0152425714932 0.0252684444123 0.0159557528307 -0.000637450669864 0.0122821787057 0.0168690854254 0.0231938096302 0.0110853021974 0.00600046398814 -0.00186642611713 0.0266280692596 0.0310617866526 0.00332913687729 0.00381333269975 0.00787773522237 0.0314730509875 0.0199758484425 0.0151508663661 0.0253244127894 0.0066497888191 -0.00705326824467 0.0356536837725 0.00735287331619 0.0314991079665 0.0116439769498 0.365791709015 0.00234270439875 0.00675474739924 -0.00940619269131 0.015220072585 0.0166250930882 0.0236874507922 0.0562343890477 0.0228814579844 -0.00273771134182 0.00436797585416 0.0137725475178 0.0105639461864 0.0233707229148 0.0103579522912 0.0393135712265 0.0242016284245 0.0309419260764 0.0156847607103 -0.000961600670482 0.0235542244418 0.0800173229504 
-0.0169718434882 0.00201386042828 0.0177098997592 0.0142793310199 0.0199616411124 0.000256543460873 -0.00729757704248 0.00681470143797 0.00425928959597 0.03026699515 0.0191933450589 0.0159669280075 0.0253074352867 0.0248798704825 0.032864735687 0.0702027232296 0.00128718163608 -0.00755073936866 0.00213577792683 0.00918131059616 0.0179531529932 0.0124714973591 0.00117691210473 0.0187633881377 0.0126976126008 0.0183285110856 0.0107525242071 0.0203586783278 0.00234270439875 0.174999923703 0.0018143287458 0.00913852672628 0.0202938395236 0.0211595243767 0.00906639571929 0.0336302797653 0.0166853196778 0.0165725820684 -0.00452918198122 0.0106861594974 0.0236415221119 0.0169174291847 -0.0081813148154 -0.0141810426246 0.0207375782453 -0.00553724933899 0.020155509001 0.0146449768651 0.0250030965241 0.0182641197162 
0.0451257765078 0.0135346395036 0.0412747564939 0.0426212598335 0.010769395259 0.0073815153204 0.00406567843183 0.0164228657283 0.073011581321 0.0120062100827 4.38517131249e-05 0.0239512733267 0.0130337301936 -0.00223090842523 0.020801255539 0.00182585143273 -0.0034412905796 0.0224251855406 0.0161451597274 0.0323828121566 -0.0042368136833 0.0301356805689 0.0168391762095 0.0147923230972 0.00844647435757 -0.00138745484645 -0.0097433225555 0.0380203160766 0.00675474739924 0.0018143287458 0.260951595332 0.0141095453781 0.0185178635865 -0.00141163253611 0.0162678543857 0.0189489895053 0.0205754863963 0.0494749408933 0.0206031508204 0.0175068297992 0.00540973436976 0.0309679323042 0.0150940407748 -0.00936117354596 -0.0108043897627 0.0284081183191 0.024498341159 0.0321216092227 0.016408121475 0.0310408984398 
0.00564856731564 0.0489133282975 0.00818962285517 0.00499787012256 0.00406032363146 0.0143634946648 0.0158582348177 0.00733527524924 0.000816767603109 0.00062522869537 0.00734967776542 0.0208334604897 0.00434711306808 0.012394590935 0.00613627171513 0.0303158123806 0.0055052109924 0.00711899745138 0.0195040866364 0.015983874268 0.0300468457127 -0.00340787522783 0.000958651560219 0.0155211459283 0.00992095796759 0.0246813377508 0.0220267046332 0.0252641212515 -0.00940619269131 0.00913852672628 0.0141095453781 0.176769162908 0.0188406749731 0.0168920122781 0.0222994217911 0.0127940307095 0.0121711917647 0.0164404242002 0.0218126849806 0.0151959588515 0.00468023509292 0.0163271034903 0.0255445973314 0.0202214977398 0.0234029168871 0.00385693064242 0.033157704335 0.0119226803661 0.0250539533498 0.00989906310229 
0.000150205916309 0.00664588148823 0.00157157489618 0.0541919790018 0.0157390094591 0.0213177384688 0.0125277889016 0.0102151939739 0.00232228610432 0.0300967526136 0.00225817219241 0.0316280814127 0.0183080218103 0.0188489143754 0.00546554683539 0.0173034768795 0.00474791338871 0.00330483476887 0.014331890413 0.0115349914181 0.0128793285294 0.0131362464636 0.0195338614651 0.00807671346572 0.0146041086575 0.0315986522685 0.00524581310999 0.0261974477669 0.015220072585 0.0202938395236 0.0185178635866 0.0188406749731 0.162570053623 -0.00130464767487 0.0308154976058 0.0149983081758 0.005705217339 0.0105729670242 0.0225720507217 -0.00327980462548 -0.0159919714355 0.0152410529788 0.00755866494795 0.00517797287967 7.93153575109e-05 0.00589511151424 0.0128972771258 0.017985414583 0.0187519096337 0.0362651582948 
0.0111283800545 0.0229472207959 0.0106674553549 0.0156976185829 0.0510916735001 0.0315792470824 0.000576787777803 0.0154747074819 -0.00588214675893 0.0353110657088 0.0369540871104 0.00562039407207 0.0135861642342 0.00298457896604 -0.00421872488889 -0.00816392921086 0.0106195413026 0.00759556342862 0.0062085249368 0.0190417602705 0.00312691545334 0.00948179579838 -0.0059279190761 0.0161731338962 -0.00988005965269 0.00739532003862 -0.00828427598593 0.0259287514183 0.0166250930882 0.0211595243767 -0.0014116325361 0.0168920122781 -0.00130464767487 0.652978553819 0.025867837928 0.0556175308412 0.00932009766191 -0.00396987223832 -0.017728533134 0.15009892303 0.889416097566 0.0040731339458 -0.0132792404625 -0.0192740218255 -0.0154631449936 0.029358370164 0.0263847638421 0.0191338879711 -0.00977547797132 0.0661425594319 
0.00118871487313 -0.00177196998029 0.0164689747091 0.00637122824651 0.0333164057528 0.0150333721626 -0.00968912529002 -0.0199754243447 0.0165963820069 0.0141624984233 0.00789564318249 0.0256389284309 0.0116485788912 0.00562677327595 0.00305451407811 0.0715446272447 0.0203521655798 0.0603708967784 0.0123808092916 0.0220245099506 0.0230910889427 0.0138284405598 0.0272966461489 -0.0056474369877 -0.00211306705803 0.0156891194189 0.0168580619201 0.0095175688353 0.0236874507922 0.00906639571929 0.0162678543857 0.0222994217911 0.0308154976058 0.025867837928 0.258012048694 0.0239217311595 0.00207745990396 0.0118606961648 0.0109410851896 0.0145719249077 0.0218312951172 0.044361472999 0.0144360127035 0.0156775220497 0.020846362683 0.00277242423824 0.0177517243206 0.0133545118987 0.018930086728 0.00518757257371 
0.00741759932878 0.0571210817716 0.0289135598277 0.0335618790812 0.0422078746662 0.0427743506177 0.0183161229006 -0.0170885648928 0.025859294641 0.0371146304448 0.00688005280575 0.013578519785 0.0207726603082 0.0174155045101 0.0328218489816 0.023112812334 0.0146516876767 0.0121102975364 0.0458145989001 0.00986722168956 0.0280407280024 0.0286896944891 0.0064159139334 0.0355403635985 0.0257094842841 0.0329147594086 0.0294508516712 0.0384120290931 0.0562343890477 0.0336302797653 0.0189489895053 0.0127940307095 0.0149983081758 0.0556175308412 0.0239217311595 0.298193111838 0.0191370856823 0.0193272449698 0.0249980936068 0.00536080001801 -0.0235217741995 -0.0107499565985 0.00931442512051 -0.0218308436317 -0.0151585598514 0.0146756093116 0.0120635888322 0.0130805250345 0.0234598476852 0.0468417951698 
0.00386475500879 0.0085393047166 0.00805665896761 0.0139471819768 0.0144506409992 0.0213265688711 0.0268838563559 0.00709579733786 0.00916296885563 0.0111183751868 0.00908524545286 0.0161645651304 0.00481049805098 0.0115526606426 0.0149347591243 0.0305450624518 -0.00213393253278 -0.0248967915633 0.0195326497254 0.0252180374773 0.0170283972048 -0.00380801074263 0.0276542492416 0.0166289345669 0.0133248532795 0.0103700549165 0.00690379572566 0.0424207172061 0.0228814579844 0.0166853196778 0.0205754863963 0.0121711917647 0.005705217339 0.00932009766191 0.00207745990396 0.0191370856823 0.207899984585 0.041749595563 0.00421104512423 0.00668944564748 0.0189222215019 0.020814119357 0.028173868361 0.0243788101349 0.0180657564822 -0.000963461699387 0.00815482363034 0.013348784061 0.00546853202369 0.00344700837506 
0.00858379292317 0.0112733503036 0.0159972700916 -0.0138301866194 0.00610722702856 0.0217396023365 0.0309029729368 0.0192838844968 0.0484905562326 0.00938841780037 -0.00237845972327 0.0195056111885 0.00386037404905 -0.0204537581987 0.0153902474917 -0.00910543235163 0.0334850162991 0.0433617314699 0.0346253397839 0.0177068699674 -0.002636647058 -0.00528656096626 0.0158463351078 0.00951505439664 0.0362398149813 -0.00017303368036 0.00396205782718 0.0178920026942 -0.00273771134182 0.0165725820684 0.0494749408933 0.0164404242002 0.0105729670242 -0.00396987223832 0.0118606961648 0.0193272449698 0.041749595563 0.338168494492 0.00204563890401 0.0144804370656 -0.0142831027 0.00716874093171 0.0143967464678 0.0288896027825 -0.00497340445374 -0.00702641676061 0.0148298064027 -0.00256494356526 0.0273876831764 0.0330162346323 
-0.00818626632609 0.0105551488591 0.0253594737027 0.0325716444484 0.0488810376997 0.0331875664309 0.0150003557915 0.00408552096267 0.0173251670219 0.00142689739415 0.0312535720284 0.00565103516818 0.0163521619823 0.0128859110103 0.0254488898699 0.0170900145239 0.00717249839633 0.0354680724509 0.0299059512714 0.0161541231059 0.0205927988928 -0.00969535627927 0.0255921208171 0.0189377521089 0.0430743395861 0.0167431517617 0.00836800593936 0.0392154362216 0.00436797585416 -0.00452918198122 0.0206031508204 0.0218126849806 0.0225720507217 -0.017728533134 0.0109410851896 0.0249980936068 0.00421104512423 0.00204563890401 0.376834370012 0.0023503656592 -0.0345693336135 -0.00822521630905 0.025349476404 0.0268469088829 -0.0100579232406 0.00412338881859 0.0147804804954 0.00528387680569 -0.00732650883738 0.0413258370578 
0.0106966360235 -0.00367058364291 0.0132517438635 -0.000399142737094 0.015735188441 0.0169944534754 -0.0176340085726 0.0240241580009 0.0276269564567 0.0184154385321 0.00718851258781 0.0070373993055 0.00815720912588 -0.00160629353696 0.010903808462 0.0260079508364 0.0130016059299 -0.00164189359124 0.008136883336 0.0177492757747 -0.00744137161164 0.0219958536308 0.00198796802506 -0.00388501465889 0.00974547189545 0.0119662475235 -0.00853380284574 0.00620059819013 0.0137725475178 0.0106861594974 0.0175068297992 0.0151959588515 -0.00327980462548 0.15009892303 0.0145719249077 0.00536080001801 0.00668944564748 0.0144804370656 0.0023503656592 0.224905444863 0.357722692343 0.0133988412747 0.00241133821663 0.031875640741 0.00347929331904 0.00825193475554 0.0060504588208 -0.00195720524333 -0.00368760337846 0.0326984096833 
-0.00959335249572 0.0118383841509 -0.013918310658 0.0387079836416 0.072175096472 0.0332407656909 -0.0352313420384 0.083378457663 -0.00429882686048 -0.0123219474079 0.0398807376304 -0.00377817518629 0.0233860403772 -0.0134431700715 -0.00233604571998 -0.0132209127428 0.0814925722604 -0.00962025301401 0.0153184060402 0.0767232420469 0.000720470019452 -0.0155379564463 0.00393622874107 0.00796986451207 0.0345449796349 -0.0100242666237 -0.00855214906415 0.0446698019762 0.0105639461864 0.0236415221119 0.00540973436976 0.00468023509292 -0.0159919714355 0.889416097566 0.0218312951172 -0.0235217741995 0.0189222215019 -0.0142831027 -0.0345693336135 0.357722692343 2.72308069101 -0.000112855765832 -0.00213702378485 0.0300166829383 0.0292836074113 0.000364093582103 0.00175856199592 -0.0014916988596 -0.00522260339813 0.0241862210964 
0.00399022726703 0.0168665457931 0.00840164296947 0.036989564736 0.0199352123126 0.0184293850264 -0.00717655250205 0.0059209725769 0.0209950097341 -0.00445029891562 0.00758235716889 0.0313652866149 0.0100637361196 0.0154415314861 0.0355402521209 0.0484863626562 0.0123852520133 0.0414430779888 0.0252664418108 0.0223510036126 0.0154304483219 0.0246847258553 0.0372621384979 0.0111759473299 0.0364549043527 0.0342382309674 0.0394416118138 0.0349601178894 0.0233707229148 0.0169174291847 0.0309679323042 0.0163271034903 0.0152410529788 0.0040731339458 0.044361472999 -0.0107499565985 0.020814119357 0.00716874093171 -0.00822521630905 0.0133988412747 -0.000112855765832 0.253559223475 0.0151070230558 0.017472085307 0.020226369438 0.0305168036076 0.0336679250376 -0.00155574619396 0.0327508618776 0.0509596740481 
0.0285492344227 0.0275246081461 0.0152627310766 -0.00324880877306 0.00991424972845 0.00332723924525 0.00412074945018 -0.000799852235123 -0.00532269016123 0.00660381236045 0.00351415628075 0.0145626012451 5.06232898535e-05 0.0101024746648 0.0243293236785 0.023985531476 0.0241300106761 -0.00142194925581 0.0247209428681 0.0253877339928 0.00113618766838 0.0163835181566 0.0307612342382 0.0165837316349 0.0125803310965 0.0153572687894 0.00810105826858 0.0148969624203 0.0103579522912 -0.0081813148154 0.0150940407748 0.0255445973314 0.00755866494795 -0.0132792404625 0.0144360127035 0.00931442512051 0.028173868361 0.0143967464678 0.025349476404 0.00241133821663 -0.00213702378485 0.0151070230558 0.181292523232 0.00679597010293 0.0186127311507 0.0204725862786 -0.0011223315898 0.00426621408933 -0.00513438823869 0.0182612148321 
0.00485947057834 0.0290396345713 0.0327027661495 0.0258059931383 0.0207061469416 0.0220655073723 0.0234730411187 -0.0227539512274 0.0497283165281 -0.00812813420916 0.019291340019 0.0132031707857 0.00925640333023 0.0202067452396 0.0220714299991 0.104870360536 0.0271980588663 0.0636757451179 0.00710717087849 0.00625035714022 0.0141099210012 0.0397337311088 0.0339984980888 0.00716133078562 0.0113237118305 0.00775733113969 0.00942271007042 0.00838463789617 0.0393135712265 -0.0141810426246 -0.00936117354596 0.0202214977398 0.00517797287967 -0.0192740218255 0.0156775220497 -0.0218308436317 0.0243788101349 0.0288896027825 0.0268469088829 0.031875640741 0.0300166829383 0.017472085307 0.00679597010293 0.327845600529 0.11362527132 0.0622797944672 0.00951546894158 -0.00253249441922 0.00685584952842 0.0446276344131 
-0.000783506815822 0.0125023008591 0.0272171710676 -0.00843622556996 0.0264037549214 -0.01474863123 0.014808142886 0.0281257940937 0.0257028931573 -0.000231715086301 -0.00542281907795 0.0158890138999 0.0228549512813 0.0172588995443 -0.012352182509 0.0633168098129 0.0126375993149 0.0727070749147 0.00934112220164 0.00415477970739 -0.00293881532926 0.0208418100833 0.0110645193433 0.0197666632596 -0.00176154762859 0.0153839721378 0.0187315873198 0.00974978439319 0.0242016284245 0.0207375782453 -0.0108043897627 0.0234029168871 7.93153575102e-05 -0.0154631449936 0.020846362683 -0.0151585598514 0.0180657564822 -0.00497340445374 -0.0100579232406 0.00347929331904 0.0292836074113 0.020226369438 0.0186127311507 0.11362527132 0.304100650863 0.0379844467391 0.0107395791604 0.000381524340264 -9.36535881792e-06 0.0105536531084 
0.00651221819119 0.0267410269381 0.00943698718672 -0.0144053886284 0.00425876329297 0.0140946047231 0.0163387690605 -0.0185146221927 0.0175899564414 0.00654709200981 0.00473542176329 0.00330078988748 0.00527965329303 0.00121751296776 0.0173125429857 0.0042160849572 0.00154709329077 -0.00743122232577 -0.00419837894357 0.0203185944048 0.00274809635809 -0.00612736657185 0.0318843655498 0.0205454379186 0.00235744938055 0.0186229431902 0.00231162203942 0.0128042773537 0.0309419260764 -0.00553724933899 0.0284081183191 0.00385693064242 0.00589511151424 0.029358370164 0.00277242423825 0.0146756093116 -0.000963461699387 -0.00702641676061 0.00412338881859 0.00825193475554 0.000364093582103 0.0305168036076 0.0204725862786 0.0622797944672 0.0379844467391 0.332467183676 0.0185242480703 0.0213474449164 0.0056491558572 0.0459622007928 
0.0114289119842 0.0239789264524 0.00345468807206 0.0103607251118 0.0273251334095 0.0291589437363 0.00715015307052 0.0127106306144 0.0299261075938 0.00617144106951 -0.00436763638799 0.0141416446825 0.0164961456495 -0.00340501026209 -0.0108157736647 0.0372612854324 0.0196605895074 0.0239927455981 0.00623174536112 0.0191938472993 0.0196893399724 -0.018532834695 0.0236299986241 0.00942305175568 -0.0024852638265 0.00861603699232 0.00935976346473 0.0112630337517 0.0156847607103 0.020155509001 0.024498341159 0.033157704335 0.0128972771258 0.0263847638421 0.0177517243206 0.0120635888322 0.00815482363034 0.0148298064027 0.0147804804954 0.00605045882079 0.00175856199592 0.0336679250376 -0.0011223315898 0.00951546894158 0.0107395791604 0.0185242480703 0.168542278801 0.00973240210802 0.0147128102475 0.0497787650007 
