60
-0.00305157485537 0.16701162673 0.0493870590102 0.234070828585 0.0697795953642 0.0336878097659 0.0431815223905 0.187838769987 0.00108215816497 0.144106781955 0.0887704215167 0.0070666509449 0.0170349265424 0.12993100308 0.0737969483193 0.0590120409917 0.0415474718814 0.0444205393046 0.0217130314185 0.0169596300077 0.0560151075184 0.131188957491 0.00646873977314 0.0339335468557 0.0088766616328 0.0262084488718 0.0283013122104 0.00413185853021 0.0358059899839 0.0331605059077 0.176756138136 -0.0142899737039 0.0723841835345 0.39235550597 0.142595623168 0.112605751981 0.0268374832388 0.0637387331612 0.0251356843311 0.106465020668 0.0766259396051 0.0833786368315 0.0444735285872 0.126255379542 0.10431458653 0.0538940625226 0.0526772687529 0.0916953774684 0.126514999345 0.275152850517 0.0194782181544 0.0269248151276 0.0810581507116 0.0203567883068 0.134627172929 0.0464034886179 0.0166595463284 0.0524718958424 0.0176756211385 0.0430779984078 
0.209622146405 0.00314272942434 0.0108893377185 0.0386387395771 0.0205530865784 0.0311497439396 0.0167964691442 -0.00346580408854 0.00464584861339 0.00191359214501 0.00890673740445 0.00803707059061 -0.0142579601671 -0.0100453908769 0.00870786570348 0.0200121101127 0.00396415138505 0.0295211278291 0.0191550043957 0.0169438942918 0.010691941826 -0.00958081110455 0.00898443742338 0.00452562719227 0.0114426622388 0.0335603866326 0.0152994064477 0.00485207234747 0.0134616519034 0.00403255542526 0.0149612970754 0.0122346790038 0.00214336717979 -0.0115728986382 0.0275545430597 1.71909594215e-05 0.00427795229038 -0.0117390512481 0.00236504724827 0.0211675292528 0.0115317729251 0.0357584508276 0.0312124020207 0.0177830912223 0.00123274400685 0.00147768653995 -0.00729160790399 0.0341997324333 0.0295525179832 -0.00659100807955 0.0144908508453 0.0182143703191 0.0352811070383 0.000434483670032 0.0293068242045 0.00598025430114 0.0172575227922 0.00573222991283 0.0108948618364 0.010489016288 
0.00314272942434 0.477833246496 -0.000291198504617 0.0249881810204 0.0279932870691 -0.00215370408566 0.0128893767058 0.0332342747292 0.0142728364167 0.00265905560596 -0.0333785887653 0.0142212616171 0.0136541590807 0.0147921014003 0.0198635712824 -0.00123308683297 0.00263689674675 0.00778684441612 0.00493667149975 -0.00176735718236 -0.00500057726168 0.0349398273581 0.0222552398999 0.000511175263994 0.0251695184163 -0.0157425713924 0.00593831938251 0.00508767089792 0.00895134246191 0.0152773790072 -0.0213653805704 0.00799904530822 -0.00848557380769 0.0453754293467 0.0372320002511 0.0379603610248 0.00238538665053 -0.0112719560995 0.0182698009156 -0.00401158366803 0.0103759412714 0.00804331191831 -0.0188828074746 0.0172115712533 0.149631311449 0.0525164846197 0.010169120026 0.0132263244978 0.00987585678917 -0.0309386886725 0.00391066746094 -0.00245750024829 0.00750238982872 0.0330911539184 0.0247718495179 0.00625733390689 0.0202832118327 -0.00114106545358 0.0152946664751 -0.0205566850869 
0.0108893377185 -0.000291198504613 0.204556690814 -0.00499293953015 0.039420604022 0.0103820872437 0.0139820785176 0.0256346610768 0.028004853533 -0.00272655152985 0.0186404524071 0.00493641543775 0.0262963243084 0.00759747568648 0.0165897348609 0.0117469958848 0.0149459958263 0.0140862682216 0.0165511570799 0.0188967189228 0.021577405836 -0.000260742254 0.0146061240065 -0.0199197937199 -0.0110935163415 0.0159274646571 -0.00253206037845 0.00487223257998 0.0086867428397 0.0168975463525 0.0061300824639 0.00407829858529 0.0263224042333 -0.00942954048093 -0.00739671857233 0.0184346407122 -0.0104806416402 0.0188378853599 0.0171736133267 0.0182902260417 0.0214082858317 -0.00864838394672 0.00591447294759 0.0159353872238 0.000626901167797 0.00768528674975 0.0172117617321 0.038605775421 0.0103056363761 -0.00599312550863 0.0314856563634 0.00527785873178 0.00580920165333 -0.00119471713721 0.0157316612548 0.00664129859469 0.0213901908311 -0.002274036368 0.010751353244 0.000312649469929 
0.0386387395771 0.0249881810204 -0.00499293953015 0.986311976737 0.0539399056345 0.0242656570239 0.0583557723967 0.0380538299394 0.0154291194141 0.0169311547387 0.00835382207381 0.0134404205942 0.0128111705273 -0.00401620311365 0.0284292099419 -0.0113403033292 0.0276699176877 0.0139031946368 0.0257532269314 -0.0156983091911 0.014039881981 0.0536197178722 -0.00114136489475 0.0462796035273 0.00468627671555 0.00232363707017 0.00520977226737 0.0302385531544 0.064739308362 -0.00188693809922 -0.0287691949263 0.0361774755552 0.0281088417579 -0.0388908128003 0.117773479663 0.0404308148246 -0.0124942438261 0.0274313356926 -0.00521839136352 0.00501282464353 0.0361915205382 -0.0104521755399 0.00152972095796 0.109260873558 0.0973786469352 0.0428678531172 0.0231036295373 0.114849080343 0.0307354921786 -0.0337125227425 -0.0030348419577 0.00614438786265 0.0266572112707 0.0154952395898 0.0983127153197 0.0181160022091 0.0447308280113 0.0281596711109 -0.0114076493242 0.0713247539276 
0.0205530865784 0.0279932870691 0.039420604022 0.0539399056345 0.455890085651 -0.00314151465063 0.0185647482777 0.0242173722849 0.00498027091326 0.0181145054559 0.019281017072 -0.00284527164327 0.0106011912654 0.0346061493859 -0.00399166341859 0.00580088851518 0.00201956668515 0.0278555658556 0.0149574313889 0.0325989912114 -0.00512584241186 0.0281896307665 0.00351491302734 0.00338692153494 0.0231823048879 -0.0109925058557 0.0345245428582 0.0547230911189 0.0591645691942 0.0348362065025 0.0630881002587 0.0225624491377 0.00578946353907 -0.0174913872087 0.0152735204704 0.0229934578005 0.0167631271863 0.0345177969838 0.00330031540339 -0.00264642882633 0.0151834372996 -0.0112432679903 0.0145337204347 0.0241021949802 0.0181594921354 -0.0118825544067 -0.022533928998 0.0530136717296 0.0526689066043 0.0144660038109 0.0011699581197 0.0577746779592 0.0107920417435 0.00210612318864 0.0101345377284 0.0125069803574 0.0269912163132 -0.00673450458443 0.0007000800786 -0.00166047986928 
0.0311497439396 -0.00215370408566 0.0103820872437 0.0242656570239 -0.00314151465063 0.314062026468 0.0194534239942 0.01772766528 0.00564722907329 0.00306896403969 0.0371134613577 0.00986824427525 0.03432752694 0.0174525844356 0.0178359062049 0.0156990178714 0.0190132238496 0.0219128954128 0.000403059565526 0.0385413123146 0.000710783570404 0.0492910007738 0.0343398107172 0.0298393543122 0.0236976990097 0.0473249218373 -0.00190083376704 0.0129311209725 0.0105068506169 0.00551727765337 0.0359373625411 0.0152655224459 0.0132799378936 0.0651002906384 0.0150822156733 0.001076579112 0.0319630328085 0.00564960358328 0.0182375579802 0.035592431159 0.042624645075 0.0358747293673 0.0798700762174 0.0240293108141 0.0225182505378 0.0144456755259 0.0214246177562 0.0819881948852 0.00681568568471 0.00362362972471 0.0268634207339 0.000420545334776 0.0212762135265 0.0132877806208 0.036295824064 0.000715566770812 0.0231262108601 -0.00463688695445 0.0122207939588 0.0159861400387 
0.0167964691442 0.0128893767058 0.0139820785176 0.0583557723967 0.0185647482777 0.0194534239942 0.198831037671 0.0129974415516 0.00161780154034 0.0146993715333 0.000554017021462 -0.00247934164586 -0.000861965199326 0.00515725147108 -0.010188711743 0.00772139030575 0.00264127801097 0.0185949895682 0.0130971973491 -0.00373310967928 0.00780389906298 0.0222792286067 0.00312898572625 0.012600181284 0.00563775281443 0.0286209595235 0.0211756975006 0.0150742222518 0.00786868882057 0.00812852451408 -0.0186577772662 0.0108291380717 0.0284198526765 0.000574593177985 0.0254159370428 0.00623158258011 0.0107838651835 -0.00324245171883 0.0224243292441 0.00653463771389 0.00939684824323 0.0119120462643 0.00745402087008 0.0282688510697 0.0150437814363 0.00785767138756 0.0270244664053 0.0403113705202 0.0182206017578 -0.013716885724 -0.00297746185193 -0.0052136757043 0.0157281623711 0.0163857744574 -0.00241607959963 -0.00787462333397 0.01107504288 0.0211662571378 -0.010163086169 0.00753785001346 
-0.00346580408854 0.0332342747292 0.0256346610768 0.0380538299394 0.0242173722849 0.01772766528 0.0129974415516 0.580323889861 0.0215605561416 -0.00714630974455 0.00112015982664 0.00554703327835 0.00643573850618 0.212490468285 0.0193423604348 0.00542461871122 -0.00560203528851 0.0283615022053 0.013895670096 0.0316103994577 0.00567860560444 0.0156153952086 0.00493170743351 0.019292724615 0.0101745469059 0.0229400795404 0.0248272268933 0.0200321471454 0.0490927220952 0.0284383609844 0.0364336381572 -0.00328041095695 0.0128372227052 0.0239931546476 0.0289526597366 0.147279197562 0.0109224537748 0.111048553325 0.00538532058124 0.0170369632879 0.00140483573632 0.0152970556623 -0.0150367774181 0.0297442414345 -0.00437076193213 0.0173544537692 0.0345791911508 0.0597029611531 0.0606321619557 0.0273718447722 0.00436654660058 0.0654407798294 0.0231833626803 -0.0243371948 -0.00914155107753 -0.00264596330109 0.0240949121954 -0.00873359082257 0.00720419578971 -0.0339176987862 
0.00464584861339 0.0142728364167 0.028004853533 0.0154291194141 0.00498027091326 0.00564722907329 0.00161780154034 0.0215605561416 0.228803706314 -0.0159986869612 0.0244967987828 0.00987222171662 0.0115235525526 0.00973303843118 -0.0216446534198 0.00116062145985 0.0130033256189 0.0114581904241 -0.00650772980325 0.00558669681396 0.0150579729856 -8.3077404704e-05 -0.00170211853261 0.0303873504119 0.0144608239374 0.0136502278548 0.00270751759401 0.00766389884468 0.00905575764972 0.016482061877 0.000248641696712 0.0302547372764 0.0183103834232 0.0137588554805 0.0357507655256 0.0171574024486 0.0253468396693 -0.0190745438232 0.0183438610535 0.00696092990958 0.00236848177871 0.00300248840472 0.0269129714701 0.0518992205658 -0.0106037709278 0.0263910474301 -0.0124737868107 0.00365413623359 0.0313494468922 -0.00954390536842 -0.00103649782287 0.00887080931854 0.0142083789154 0.0230705482616 0.00621799584813 0.00375426494384 -0.0148708044014 0.0183974882654 0.00746798608335 0.00686624002849 
0.00191359214501 0.00265905560596 -0.00272655152985 0.0169311547387 0.0181145054559 0.00306896403969 0.0146993715333 -0.00714630974455 -0.0159986869612 0.307475267884 0.0168403652873 -0.00333456691215 0.00161325825578 -0.0253039783424 0.00443604828636 -0.0128521202642 0.0191121609733 0.000302406113473 0.00688008874983 -0.00309063899417 0.0205487258031 0.00777113650318 0.00256446046528 -0.00890666108521 0.0119704610618 0.0141397358598 0.0306646574483 0.0151249002574 0.000417556521337 0.0127132970581 -0.0158628940668 -0.0208398893809 0.0518434249002 0.117829542655 0.0166793392054 0.0166827493856 -0.00254634502579 0.00726142321159 0.00926132001334 0.0209243193936 -0.00110389586271 0.0203677938047 0.00396828701409 0.0295737134536 0.023914144127 0.0200527428136 0.0111111379083 -0.0122881167094 0.00288991597545 0.0276327511865 0.00486949418138 0.0024632450821 -0.00786837634554 0.00206092421366 0.0452727405293 -0.019137793455 0.00933878950481 0.0304881056087 0.00213154142522 0.00368078768779 
0.00890673740445 -0.0333785887653 0.0186404524071 0.00835382207381 0.019281017072 0.0371134613577 0.000554017021461 0.00112015982664 0.0244967987828 0.0168403652873 0.308742633435 0.0136372583507 0.0236041357039 0.0366283698004 0.0233513357206 0.041436555138 0.0246654698536 0.00866304951494 0.0274160725377 0.0292142684085 0.0082001434392 0.0103449988002 0.0355328752702 0.00437397067279 -0.0172297122647 0.0695579534252 -0.0212253509814 0.00939217153824 0.0106680840799 0.0349524120152 0.0501815854688 0.00663352604724 0.0227501681285 -0.00420876760042 0.000332218118785 0.00523027260825 0.00708020289175 -0.016964969119 0.00814011109517 0.0219078627826 0.0415813381729 0.0113331545875 0.0279437682815 0.0368210059201 0.011906167863 -0.017606615975 0.016978074984 0.0208165739793 0.0304918679988 -0.04589086346 0.0335489288541 0.0233074824774 0.0222209064629 0.0134023797657 0.0162586211855 -0.0115200829454 0.031479375963 0.0150536050431 0.0227195544353 0.0227686472375 
0.0080370705906 0.0142212616171 0.00493641543775 0.0134404205942 -0.00284527164327 0.00986824427525 -0.00247934164586 0.00554703327835 0.00987222171662 -0.00333456691215 0.0136372583507 0.167581776018 0.00248579530147 -0.00900329832505 0.00357570252445 0.00799246963386 0.0173559896106 0.0212813017167 0.00737866535153 -0.013717819608 0.00961511201256 0.00882980979521 0.00590709495879 0.0263635542381 0.0232740855605 -0.00465124309807 0.00763585063672 -0.00337577510799 0.00291354429228 -0.00215826319082 0.0140923470711 0.0187315595567 0.00372473251373 -0.00281459471391 -0.0218093136317 0.00533150812721 0.00277996181613 -0.00139048638771 0.00727532531536 0.0124019619281 0.0217559697858 -0.00114260265388 0.0158145858623 0.0388494206721 0.00218539108572 0.0279093947971 0.0134155395723 0.00216253621518 -0.00650319145719 -0.00165701893935 -0.00744383180211 0.00798688909228 0.0235179243531 0.0159477769237 0.0252244455281 -0.00702828276635 0.00563389733827 0.00636781789792 0.0158693274069 0.00409496503724 
-0.0142579601671 0.0136541590807 0.0262963243084 0.0128111705273 0.0106011912654 0.03432752694 -0.000861965199327 0.00643573850618 0.0115235525526 0.00161325825578 0.0236041357039 0.00248579530147 0.162088569492 0.00550651015074 0.0146549256858 0.0152220267107 0.0131749270434 0.0275130981924 -0.0219091245981 0.0235338031586 0.00822298204558 0.0402666591122 0.0427851595909 0.0364092990858 0.0187989158624 0.0174793669487 0.00495506848773 0.00874238881511 0.0286966305293 0.00996408760215 0.00297308248569 0.0252241053914 0.0127228053698 0.0734834997073 0.0286740690437 -0.0147140115214 0.0029540124494 -0.00546554668173 0.0182006819222 0.0185730403987 0.0210485560701 -0.00586190721051 0.0140721433027 -0.00890153579141 0.000821853114391 7.87389630091e-07 0.00920374456887 0.0253573711984 0.00957965705714 -0.0118360746151 0.0455172781577 0.0189041581389 0.0266954963377 0.0357416558976 0.0119008581528 0.0126465580038 0.00364790766125 0.0263224347096 0.00703545146766 -0.00729609567027 
-0.0100453908769 0.0147921014003 0.00759747568648 -0.00401620311365 0.0346061493859 0.0174525844356 0.00515725147108 0.212490468285 0.00973303843118 -0.0253039783424 0.0366283698004 -0.00900329832505 0.00550651015074 0.539977284221 -0.000848984053007 0.0278804166543 -0.000761539492142 0.0200013718429 0.0312174228169 0.0492375312613 0.0212113660553 0.0066478981469 -0.00375349827621 0.00811545273859 0.0359622325365 0.0416442023805 -0.00323637867987 0.0388177308614 0.0433765154281 0.0137831680455 0.0992789850739 -0.00906941766859 0.0138907019242 0.00274874299561 0.0393021178398 0.251812972112 -0.00927307633663 0.171585970207 0.000240844606879 0.0112527046288 0.0115063794801 0.0298597875303 0.00177157379334 0.00686501941475 -0.0167892618813 0.0437972401438 0.0389827647537 0.0694583028301 0.0471214532578 0.0248727605822 0.0159217467401 0.0448490019431 0.0365896999056 -0.00752898428665 0.0103170260076 -0.00994643855206 0.0363370388464 0.0106589856286 -0.00468320631963 -0.00108250062705 
0.00870786570348 0.0198635712824 0.0165897348609 0.0284292099419 -0.00399166341859 0.0178359062049 -0.010188711743 0.0193423604348 -0.0216446534198 0.00443604828636 0.0233513357206 0.00357570252445 0.0146549256858 -0.000848984053007 0.321927350512 0.00250617197538 0.00444876385469 -0.00319090555775 0.0185398152129 0.0100285350828 -0.00165676882238 0.0388231878363 0.0106635028195 0.0148552511389 0.0299121146515 0.00277144085136 0.0181930331058 0.00539280931595 0.000833714819687 0.00114963033154 0.00159608343485 0.0196635523116 0.0180881169589 0.107217033863 0.0174887137256 0.0155943203452 0.014812496915 0.0103949458834 0.012479237142 -1.13898285352e-05 0.0245646866157 0.0176284158837 0.0174995279532 0.0129488118943 0.0114252736118 0.0206431848319 0.0189507274579 0.00126183364043 0.00164049311778 -0.00505664403152 0.0139228913334 -0.00446693062654 0.00548306348913 0.01213811996 0.0522444987845 0.0194076327268 0.0245499288171 0.0108856155517 0.0107831937271 -0.000392764467001 
0.0200121101127 -0.00123308683298 0.0117469958848 -0.0113403033292 0.00580088851518 0.0156990178714 0.00772139030575 0.00542461871122 0.00116062145985 -0.0128521202642 0.041436555138 0.00799246963386 0.0152220267107 0.0278804166543 0.00250617197538 0.273245464199 -0.00139115395346 0.00573328936687 0.0124971779931 0.0158788553596 0.0347371900055 0.0104006999254 0.0224246393294 0.00476712001857 0.000174794412138 0.0104778033032 0.00981961693499 0.00743107196867 0.017828937485 0.0190797836858 0.00281818371131 0.000982819168484 0.00626641849952 -0.00629863727814 0.0249108196285 -0.00276023792942 0.00963806154209 0.0170648226852 0.00597837024888 0.0485474519858 0.0176350125045 -0.0190661139003 0.0225546667131 0.0196391759908 0.0119650056541 0.011093912353 0.0185881994667 0.0125174590931 0.0185058042312 0.00915362276725 9.82522223577e-05 0.0178276804998 0.0106408443109 0.0116291293668 -0.00786170342292 0.00585850344039 0.0584596244063 -0.00659775494898 0.0118216757903 0.0106271017692 
0.00396415138505 0.00263689674675 0.0149459958263 0.0276699176877 0.00201956668515 0.0190132238496 0.00264127801097 -0.00560203528851 0.0130033256189 0.0191121609733 0.0246654698536 0.0173559896106 0.0131749270434 -0.000761539492142 0.00444876385469 -0.00139115395346 0.169725717929 0.0197607897775 0.0100163711893 0.0149809931563 0.00904379027579 -0.00316496373962 0.0275418889861 0.00836287907039 0.0325565446875 0.0168426614381 0.0194360828398 0.0161160356127 0.0105588550658 0.0117037084242 0.00807236192878 0.00183599390088 0.0326097200151 -0.0104640054718 0.0453354807144 -0.00176388553966 0.0196505459836 -0.00269553388793 0.0207836190927 0.00819425486404 0.0133788172372 0.0171550717596 0.0177892541853 0.0332439178964 0.0085914801979 0.0163957325378 0.0012254569467 0.0308066607139 0.0131444324229 0.00227095834461 0.0167913325527 0.0164752214867 0.0305101012782 -0.00597563489237 -0.00505127119714 0.00473787184239 0.00149139552316 0.0137383268725 0.0214629905788 0.0167396412968 
0.0295211278291 0.00778684441612 0.0140862682216 0.0139031946368 0.0278555658556 0.0219128954128 0.0185949895682 0.0283615022053 0.0114581904241 0.000302406113474 0.00866304951494 0.0212813017167 0.0275130981924 0.0200013718429 -0.00319090555774 0.00573328936687 0.0197607897775 0.162197230819 0.0034609777962 0.0148967637908 0.0194338125506 0.0178472226385 0.0195461346379 0.00645565934128 0.0154104064359 0.0336820945861 0.00282314566875 0.00117739632486 -0.000605658513559 -0.00808381053011 -0.012942741207 0.00567244750592 -0.00645999160895 -0.014473909349 0.0160980223153 0.0234250667007 0.0206515341909 0.00965036728464 0.0117898319978 0.0179470580244 0.0263108260826 0.0139747665963 0.00920580395019 0.0177605323584 0.0423119051103 0.00453834152265 0.0103312701649 0.00902188780035 0.0069838363213 0.00365463686634 0.0213030351048 0.00810908747065 0.0231014206666 0.0229701469792 -0.00034165109703 0.015364303396 0.0112673979288 0.0207442320633 0.0141885596917 0.0044393618743 
0.0191550043957 0.00493667149974 0.0165511570799 0.0257532269314 0.0149574313889 0.000403059565527 0.0130971973491 0.013895670096 -0.00650772980325 0.00688008874983 0.0274160725377 0.00737866535153 -0.0219091245981 0.0312174228169 0.0185398152129 0.0124971779931 0.0100163711893 0.00346097779621 0.259910825622 0.0167036725741 0.0198423787758 -0.0181592721036 -0.00541208634075 0.0162141511445 0.00412969794895 0.00870498036345 0.015543759973 0.00802146388762 -0.00925947009229 0.0104510395805 0.0187322296043 0.00401339605509 0.0240437057005 0.0212347776151 0.0175972113044 0.0255231088882 0.0145127136218 0.00643884394324 0.0159182791905 0.00792989283937 0.00980346869692 0.0338998113523 0.0344456110651 0.0438027285482 0.0139452748191 -0.0224265491547 0.013575003161 0.0462479049002 0.00354770741877 -0.00622322294793 0.0108853860259 0.0107491016741 0.0193394745783 0.0260632470174 -0.00549387028605 0.00681152799616 -0.00328159236849 0.021566461276 0.012620126186 0.0117136330582 
0.0169438942918 -0.00176735718236 0.0188967189228 -0.0156983091911 0.0325989912114 0.0385413123146 -0.00373310967928 0.0316103994577 0.00558669681396 -0.00309063899417 0.0292142684085 -0.013717819608 0.0235338031586 0.0492375312613 0.0100285350828 0.0158788553596 0.0149809931563 0.0148967637908 0.0167036725741 0.174422581953 0.0171092954622 0.0221866037809 0.0262498877423 0.00321105972481 0.0316687403958 0.0208743202949 0.00159709937487 0.0357033008722 0.0447141688518 0.015916499759 0.00335242636685 0.0098090050018 0.0107949966147 0.0136871034559 0.0173988690571 0.0606057245187 0.0267093393918 0.0385767708234 0.0173803740613 0.012586661298 0.0195450440723 0.0203466250827 0.0211265367136 0.00600729592128 0.00576552855373 -0.0100753958831 0.0158986537537 0.0468011158781 0.0357724509177 -0.000590922017703 0.020564067681 0.0369493227345 0.0299363108593 0.0141617672481 0.0175269593876 0.00952686478756 0.0234696671927 0.00722548368037 0.0103791096671 -0.00092193422105 
0.010691941826 -0.00500057726168 0.021577405836 0.014039881981 -0.00512584241186 0.000710783570404 0.00780389906298 0.00567860560444 0.0150579729856 0.0205487258031 0.0082001434392 0.00961511201256 0.00822298204558 0.0212113660553 -0.00165676882238 0.0347371900055 0.00904379027579 0.0194338125506 0.0198423787758 0.0171092954622 0.349297655378 0.0185131958257 0.0040200863816 0.00413031018682 0.00576206545308 0.0207610427354 0.00741767814501 0.017613440378 0.0120182290134 0.0223783165619 -0.00848184874177 0.0127658622897 -0.0144961696383 -0.014787852645 0.0355174651802 0.0559711208335 -0.000214431012467 0.0214673389658 0.0157327293107 0.021339301746 0.0043701171339 0.00661620754802 -0.00299119125497 0.0264764272371 -0.00971788370058 0.0403813863478 -0.00295028598289 0.000130967011153 0.0140388213322 -0.000802959721377 0.0144281016663 -0.00035318362796 0.0274370570305 0.0384350843099 -0.0139027670052 -0.0137655866306 0.0250089045555 -0.00538239684245 0.0137406641266 -0.000147242378593 
-0.00958081110455 0.0349398273581 -0.000260742254001 0.0536197178722 0.0281896307665 0.0492910007738 0.0222792286067 0.0156153952086 -8.3077404705e-05 0.00777113650318 0.0103449988002 0.00882980979521 0.0402666591122 0.0066478981469 0.0388231878363 0.0104006999254 -0.00316496373961 0.0178472226385 -0.0181592721036 0.0221866037809 0.0185131958257 0.352156412328 0.0364775854675 0.0328343491678 0.0563585787417 0.00855214073616 -0.00622201677326 0.0297981022676 0.0122907085305 0.0143843330641 0.0640973135536 0.0195349838638 0.0533852375487 0.111636231938 0.0230694953394 0.0321720161114 0.00835889336108 0.00978094373474 0.00695669074993 0.0674948312104 -0.00263783980153 0.0581451460246 0.000404219961032 0.017552465681 0.0499770727845 0.0474424331658 0.0267841467011 0.0564928282525 0.0231163646777 -0.0241804323264 0.0323005194172 0.00677646248909 0.0360811350516 0.0320718822252 0.00219876916254 0.00644203656419 0.0411500841535 0.0134874524431 0.0161030762064 0.0226189285347 
0.00898443742338 0.0222552398999 0.0146061240065 -0.00114136489475 0.00351491302734 0.0343398107172 0.00312898572625 0.00493170743351 -0.00170211853261 0.00256446046528 0.0355328752702 0.00590709495879 0.0427851595909 -0.00375349827621 0.0106635028195 0.0224246393294 0.0275418889861 0.0195461346379 -0.00541208634075 0.0262498877423 0.0040200863816 0.0364775854675 0.15373163618 0.0209137986575 0.0229137827725 0.0191721190944 -0.00199209476586 0.00238975217481 0.00721596247349 0.0177928397238 0.00952346344361 0.0215140229347 0.0182151942543 0.0412629324437 0.0196795134913 0.0110982495475 0.0194527632862 0.00300531303672 0.03153508226 0.0140753814895 0.0379690739149 0.0085451012183 0.0163584611729 0.00737777631287 0.0107687894885 0.008555654548 0.0364005302474 0.0578143428166 0.0121154337438 0.00665945326964 0.0685778199797 0.0105745168425 0.0243930039815 0.0433031831302 0.010272562348 0.0163074086902 0.0110214868219 0.0137140759956 0.0262755659739 0.0184143956119 
0.00452562719227 0.000511175263994 -0.0199197937199 0.0462796035273 0.00338692153494 0.0298393543122 0.012600181284 0.019292724615 0.0303873504119 -0.00890666108521 0.00437397067279 0.0263635542381 0.0364092990858 0.00811545273859 0.0148552511389 0.00476712001857 0.00836287907039 0.00645565934128 0.0162141511445 0.00321105972481 0.00413031018682 0.0328343491678 0.0209137986575 0.282788811488 0.0155978854467 -0.000301956490739 0.00966789286928 -0.00146266663013 -0.00689131963794 0.0153306787919 -0.0210617285039 0.0121123224164 0.0127928253015 0.00250721798948 0.0207040677126 0.0192179720633 0.0101701919146 0.0114737856935 0.0360348917245 0.0245691666549 0.00128584534413 0.00622275504562 0.0512279409877 0.0374504342456 0.00389588365915 -0.00458396474417 -0.00460777630228 0.0459161282358 0.00477907465947 -0.0111390772646 0.0241571853409 0.005497936216 0.0115361750558 0.0260381069825 0.0306283912083 0.0220864537166 0.021712188527 0.0185260712675 0.0111263639803 0.00349289344619 
0.0114426622388 0.0251695184163 -0.0110935163415 0.00468627671555 0.0231823048879 0.0236976990097 0.00563775281444 0.0101745469059 0.0144608239373 0.0119704610618 -0.0172297122647 0.0232740855605 0.0187989158624 0.0359622325365 0.0299121146515 0.000174794412139 0.0325565446875 0.0154104064359 0.00412969794895 0.0316687403958 0.00576206545308 0.0563585787417 0.0229137827725 0.0155978854467 0.243480014288 0.00486167800116 0.0344357907709 0.0302890187767 0.0132268865313 0.0156865728325 -0.0130814237538 0.0257742866152 0.0344967314733 0.0442793414282 0.0359047180771 0.0440506608955 0.0205564191114 0.0398207721177 0.0210403148654 0.0135768866735 -0.00518924812173 0.022932138936 0.0293556337478 0.0535138928746 0.034219538068 0.0124279543149 0.0182016548727 0.0108095454596 0.00973349177284 0.0716435705122 0.0195267878666 0.0130073180291 0.0329276439487 -0.00208040314778 0.0186452162815 0.0240488558867 0.0145779778931 0.00429648390236 0.00939217338471 0.0145961896537 
0.0335603866326 -0.0157425713924 0.0159274646571 0.00232363707017 -0.0109925058557 0.0473249218373 0.0286209595235 0.0229400795404 0.0136502278548 0.0141397358598 0.0695579534252 -0.00465124309807 0.0174793669487 0.0416442023805 0.00277144085136 0.0104778033032 0.0168426614381 0.0336820945861 0.00870498036345 0.0208743202949 0.0207610427354 0.00855214073616 0.0191721190944 -0.000301956490741 0.00486167800116 0.303800337389 -0.0287737686883 -0.00244893978016 0.00578187856288 0.0101027366289 0.0306935298199 0.0151579155142 0.00753115307279 0.00257907951495 0.0517478438921 0.0196462683764 0.0147599099941 0.0132611535458 0.0203393116171 0.035015750317 0.0104420912222 0.0321302352408 0.0134979702567 -0.00955061564359 0.0410172281499 -0.011817615832 0.0212790748824 0.0432554376079 0.0299695287496 -0.0213863877129 0.0369053862021 0.000628472342151 0.0338836440678 0.0356585898031 0.0225927966577 0.00755471331883 0.00913811843999 0.00417459637544 0.0163134489001 0.0257303873255 
0.0152994064477 0.00593831938251 -0.00253206037845 0.00520977226737 0.0345245428582 -0.00190083376704 0.0211756975006 0.0248272268933 0.00270751759401 0.0306646574483 -0.0212253509814 0.00763585063672 0.00495506848773 -0.00323637867987 0.0181930331058 0.00981961693499 0.0194360828398 0.00282314566875 0.015543759973 0.00159709937487 0.007417678145 -0.00622201677326 -0.00199209476585 0.00966789286928 0.0344357907709 -0.0287737686883 0.191411545251 0.0159518925188 0.00705207900561 0.000430214283767 -0.00897840156626 0.00788553035285 0.00274995992038 0.0687337942561 0.00336891841689 -0.00955761227535 0.00595600753084 0.00845706325441 0.0170939657047 0.00908862747561 0.0128532231285 0.00460969617481 -0.00186638274413 -0.0110388466844 0.00597295100827 -0.0118944936282 0.0170760419408 0.0141867490682 0.000781039003208 -0.00194524234231 0.000539375191723 0.00176852400905 0.00336127808134 0.0072677749287 0.0140231344014 0.0193720028303 0.00250585295385 0.0167017307494 0.0116693971925 0.0196900246808 
0.00485207234746 0.00508767089792 0.00487223257998 0.0302385531544 0.0547230911189 0.0129311209725 0.0150742222518 0.0200321471454 0.00766389884468 0.0151249002574 0.00939217153825 -0.00337577510799 0.00874238881511 0.0388177308614 0.00539280931595 0.00743107196867 0.0161160356127 0.00117739632486 0.00802146388762 0.0357033008722 0.017613440378 0.0297981022676 0.00238975217481 -0.00146266663013 0.0302890187767 -0.00244893978016 0.0159518925188 0.1656107756 0.0454899178484 0.0315793664702 0.0169190843105 0.0121810785731 0.0204829802421 -0.00917349358151 0.0453768847861 0.0284202721619 -0.00465646266557 0.0288574431723 0.00823451805507 0.0206710960609 0.0044375993601 0.0164284098272 -0.00480290468162 0.00602450837052 0.0164895675427 0.00995636596368 0.0138873244179 -0.00379826752111 0.042337495465 0.00508681636047 0.00486642765636 0.0385233145206 0.0222397006872 0.000857948979147 0.011784976946 0.00575237924264 0.0309710514313 0.00473613322855 0.0110804035317 0.00750984202666 
0.0134616519034 0.00895134246191 0.0086867428397 0.064739308362 0.0591645691942 0.0105068506169 0.00786868882057 0.0490927220952 0.00905575764972 0.000417556521336 0.0106680840799 0.00291354429228 0.0286966305293 0.0433765154281 0.000833714819686 0.017828937485 0.0105588550658 -0.000605658513559 -0.00925947009229 0.0447141688518 0.0120182290134 0.0122907085305 0.00721596247349 -0.00689131963794 0.0132268865313 0.00578187856288 0.00705207900561 0.0454899178484 0.189114510766 0.0306777515691 -0.00143488145669 0.011973099012 0.0117903189263 0.00480185946539 -0.00586048339555 0.0345037255157 -2.15825810627e-06 0.0238970817804 0.0257605831804 0.0164659879028 0.00373045691352 -0.0066328672814 0.00435551406957 0.00555416334266 0.00154953262857 -0.00744814777659 0.0182571131115 0.0240818524151 0.0485514818008 0.0041992321152 0.0187434335517 0.0355808101352 0.0106438904843 0.0088893935327 -0.00325970877036 -0.00188655964673 0.0220873522298 0.00142505513663 0.0187903220007 0.0223493252419 
0.00403255542526 0.0152773790072 0.0168975463525 -0.00188693809922 0.0348362065025 0.00551727765337 0.00812852451408 0.0284383609844 0.016482061877 0.0127132970581 0.0349524120152 -0.00215826319082 0.00996408760215 0.0137831680455 0.00114963033154 0.0190797836858 0.0117037084242 -0.00808381053011 0.0104510395805 0.015916499759 0.0223783165619 0.0143843330641 0.0177928397238 0.0153306787919 0.0156865728325 0.0101027366289 0.000430214283767 0.0315793664702 0.0306777515691 0.142558608045 0.0257954340437 0.0166511734665 0.00804999278697 0.0030545842066 -0.0109329911131 0.0116053777898 0.00129861323436 0.0168589953385 0.00931928664193 0.00822394097871 0.0046642739435 0.0132516855617 0.000512496928278 0.0158843207615 0.00965699559256 0.00556929154153 0.0156147290115 0.0170494186918 0.0265587693545 -0.00223850317966 0.0144775238071 0.0399243867485 0.00694883842628 0.00312848358564 0.0140952770357 -0.0041666689153 0.015039350001 0.0109644482669 -0.00633465166329 0.00653878745905 
0.0149612970754 -0.0213653805704 0.0061300824639 -0.0287691949263 0.0630881002587 0.0359373625411 -0.0186577772662 0.0364336381572 0.000248641696712 -0.0158628940668 0.0501815854688 0.0140923470711 0.00297308248569 0.0992789850739 0.00159608343485 0.00281818371131 0.00807236192878 -0.012942741207 0.0187322296043 0.00335242636686 -0.00848184874177 0.0640973135536 0.00952346344361 -0.0210617285039 -0.0130814237538 0.0306935298199 -0.00897840156626 0.0169190843105 -0.00143488145669 0.0257954340437 1.47918313284 -0.00743828266207 0.0597753783797 0.0017327054517 0.0778409528048 0.016119534021 0.00126228446731 -0.0285567823749 0.00660777825871 0.0102890007876 0.00482114016026 0.0595373028387 0.00430284237575 0.0276864573283 -0.011878299837 -0.0161456587074 -0.00327732454164 -0.0122686921659 0.00747670746033 -0.0214184411046 0.0287019386751 0.0219185497238 0.0199905293075 0.00320845807519 0.0013668796187 -0.0173427302744 0.0194708731635 0.0479206442814 -0.00560546662261 0.00971230517156 
0.0122346790038 0.00799904530822 0.00407829858529 0.0361774755552 0.0225624491377 0.0152655224459 0.0108291380717 -0.00328041095695 0.0302547372764 -0.0208398893809 0.00663352604724 0.0187315595567 0.0252241053914 -0.00906941766859 0.0196635523116 0.000982819168486 0.00183599390088 0.00567244750592 0.00401339605509 0.0098090050018 0.0127658622897 0.0195349838638 0.0215140229347 0.0121123224164 0.0257742866152 0.0151579155142 0.00788553035285 0.0121810785731 0.011973099012 0.0166511734665 -0.00743828266207 0.175121232761 -0.00127575386183 -0.00393333871417 0.0136157335447 -0.00366586888364 0.0103976537125 0.000967377906427 0.0202475910994 0.00180772715472 0.0287961275148 0.0280583554061 0.0113759310686 0.0233544647102 -0.0035499017427 0.0117814504795 0.0106238110702 0.0346223770753 0.0116613335819 0.00048153772422 0.0156843308772 0.0109672758467 0.0233763053401 -0.00503786277908 0.0224318914541 0.00195840562992 0.00222065893218 0.00831513849926 0.00853574276545 0.00375359959954 
0.0021433671798 -0.00848557380769 0.0263224042333 0.0281088417579 0.00578946353907 0.0132799378936 0.0284198526765 0.0128372227052 0.0183103834232 0.0518434249002 0.0227501681285 0.00372473251373 0.0127228053698 0.0138907019242 0.0180881169589 0.00626641849952 0.0326097200151 -0.00645999160895 0.0240437057005 0.0107949966147 -0.0144961696383 0.0533852375487 0.0182151942543 0.0127928253015 0.0344967314733 0.00753115307279 0.00274995992038 0.0204829802421 0.0117903189263 0.00804999278697 0.0597753783797 -0.00127575386183 0.318619989554 -0.0148575803088 0.0526811598625 0.0549244941484 0.0102917077635 0.0331333181106 -0.0180258236728 0.00496805410996 0.0185815023279 0.00611338919068 0.0376849174115 0.0184694948893 0.0407145369784 -0.01818060922 0.00952754380174 0.0096656435104 0.000538708575292 -0.0340759657322 0.00368049353252 -0.00186819605338 0.00407866848616 0.00445629354638 0.00204232328065 0.00618928313174 0.00771213318099 0.02918191112 0.0239723435313 -0.00410497588173 
-0.0115728986382 0.0453754293467 -0.00942954048093 -0.0388908128003 -0.0174913872087 0.0651002906384 0.000574593177985 0.0239931546476 0.0137588554805 0.117829542655 -0.00420876760042 -0.00281459471391 0.0734834997073 0.00274874299561 0.107217033863 -0.00629863727814 -0.0104640054718 -0.014473909349 0.0212347776151 0.0136871034559 -0.014787852645 0.111636231938 0.0412629324437 0.00250721798948 0.0442793414282 0.00257907951495 0.0687337942561 -0.00917349358151 0.00480185946539 0.0030545842066 0.0017327054517 -0.00393333871417 -0.0148575803088 3.19461061867 0.0592853062274 -0.00952022298352 -0.0131611968661 0.0186354814358 0.0339237491478 0.030027370396 0.0246746690318 0.0395638889538 -0.00718874974079 0.0766486418685 0.00268192837748 0.049363992625 0.00937774489802 -0.00938596102719 0.00705618069092 -0.0347229187542 0.0254559460834 -0.0263854057498 -0.0227362064517 0.0456926723845 -0.0252823808814 -0.00605048301834 0.05268442628 0.0878608660895 0.0326381509804 0.00360129814669 
0.0275545430597 0.0372320002511 -0.00739671857233 0.117773479663 0.0152735204704 0.0150822156733 0.0254159370428 0.0289526597366 0.0357507655256 0.0166793392054 0.000332218118784 -0.0218093136317 0.0286740690437 0.0393021178398 0.0174887137256 0.0249108196285 0.0453354807144 0.0160980223153 0.0175972113044 0.0173988690571 0.0355174651802 0.0230694953394 0.0196795134913 0.0207040677126 0.0359047180771 0.0517478438921 0.00336891841689 0.0453768847861 -0.00586048339555 -0.0109329911131 0.0778409528048 0.0136157335447 0.0526811598625 0.0592853062274 0.410610886247 0.0490634543062 -0.00475456561065 -0.0195879079565 0.0176063826394 0.0204193330176 -0.00964738671114 0.00756349062783 0.0403513348492 0.0955899987281 0.0414419895946 0.0222736960675 0.0208200703064 0.0466311090833 0.0300641744428 0.000761063421041 0.026901411803 0.00954966772456 0.0326165170159 0.0328685472047 0.000182294200475 0.0208093582963 0.0113988335948 0.00909675402742 0.0256821140802 -0.0150775955669 
1.7190959422e-05 0.0379603610248 0.0184346407122 0.0404308148246 0.0229934578005 0.001076579112 0.00623158258011 0.147279197562 0.0171574024486 0.0166827493856 0.00523027260825 0.00533150812721 -0.0147140115214 0.251812972112 0.0155943203452 -0.00276023792943 -0.00176388553966 0.0234250667007 0.0255231088882 0.0606057245187 0.0559711208335 0.0321720161114 0.0110982495475 0.0192179720633 0.0440506608955 0.0196462683764 -0.00955761227535 0.0284202721619 0.0345037255157 0.0116053777898 0.016119534021 -0.00366586888364 0.0549244941484 -0.00952022298352 0.0490634543062 0.452678029001 -0.00313137791132 0.158197393434 -0.00157213614771 0.0193352065481 0.0260328119942 0.0222936047739 0.0247313312147 0.0446071942802 0.0192421392907 -0.0102547505282 0.0320010120264 0.044608791335 0.0252164710359 0.0782125746696 0.0203055970848 0.0343717220467 0.0407857055868 -0.00825708410856 0.0205377474827 0.0101348466668 0.0511277811163 -0.0114003010972 0.030795244897 0.00134914658839 
0.00427795229038 0.00238538665053 -0.0104806416402 -0.0124942438261 0.0167631271863 0.0319630328085 0.0107838651835 0.0109224537748 0.0253468396693 -0.00254634502579 0.00708020289175 0.00277996181613 0.0029540124494 -0.00927307633663 0.014812496915 0.00963806154209 0.0196505459836 0.0206515341909 0.0145127136218 0.0267093393918 -0.000214431012466 0.00835889336109 0.0194527632862 0.0101701919146 0.0205564191114 0.0147599099941 0.00595600753084 -0.00465646266557 -2.15825810663e-06 0.00129861323436 0.00126228446731 0.0103976537125 0.0102917077635 -0.0131611968661 -0.00475456561065 -0.00313137791132 0.149066759449 -0.00634545072349 0.00867334215519 0.00703983479732 0.0124896756992 0.00846173615454 0.0393264586486 0.0279502587494 0.0244371874663 0.00623221238338 0.00195430348025 0.00441300302253 0.00405144656346 -0.00302013445111 0.004824801291 0.00292184288421 0.0129600651665 0.01141341707 0.00167361099347 0.0174170444266 0.00986933145955 0.00483849336515 -0.00166053461704 0.0114060793091 
-0.0117390512481 -0.0112719560995 0.0188378853599 0.0274313356926 0.0345177969838 0.00564960358328 -0.00324245171883 0.111048553325 -0.0190745438232 0.00726142321159 -0.016964969119 -0.00139048638771 -0.00546554668173 0.171585970207 0.0103949458834 0.0170648226852 -0.00269553388793 0.00965036728464 0.00643884394325 0.0385767708234 0.0214673389658 0.00978094373474 0.00300531303672 0.0114737856935 0.0398207721177 0.0132611535458 0.00845706325441 0.0288574431723 0.0238970817804 0.0168589953385 -0.0285567823749 0.000967377906428 0.0331333181106 0.0186354814358 -0.0195879079565 0.158197393434 -0.00634545072349 0.35714176707 -0.00614044840078 0.0184009564209 -0.00124964704433 0.00881319279721 -0.00233018333013 -0.0383215320729 0.0169983034929 0.0152846379567 0.00554204259942 0.0652031178733 0.0384969754079 0.0704020464524 -7.3015244809e-05 0.0371180055718 0.00253217242979 -0.0141443950332 0.0112587024407 -0.00428593390102 0.0265480415755 -0.0123503930237 0.0035079992495 -0.0116539378541 
0.00236504724827 0.0182698009156 0.0171736133267 -0.00521839136352 0.00330031540339 0.0182375579802 0.0224243292441 0.00538532058124 0.0183438610535 0.00926132001334 0.00814011109517 0.00727532531536 0.0182006819222 0.000240844606879 0.012479237142 0.00597837024888 0.0207836190927 0.0117898319978 0.0159182791905 0.0173803740613 0.0157327293107 0.00695669074993 0.03153508226 0.0360348917245 0.0210403148654 0.0203393116171 0.0170939657047 0.00823451805507 0.0257605831805 0.00931928664193 0.00660777825871 0.0202475910994 -0.0180258236728 0.0339237491478 0.0176063826394 -0.00157213614771 0.00867334215519 -0.00614044840078 0.109473452216 0.00851895435668 0.0238490308535 0.00281823490292 0.00479099604656 0.0139185626931 0.0229323904508 -0.000762877689583 0.000852473887098 0.022360822301 -0.00214166692473 0.00434274700968 0.0264759378583 0.0121212089135 0.00813122189351 0.024812920309 0.0124674174816 0.0141066155965 0.00537337036447 0.0227937115821 0.0126418928556 0.0101970855239 
