40
0.0339335468557 0.124759587163 0.0283464571838 0.0571643700905 0.0482129600444 0.046041615311 0.10643743266 0.0114549593271 0.126514999345 0.0598638009539 0.070293401022 0.0916953774684 0.0795042219188 0.0695206157777 0.070995024039 0.168192385625 0.399937027552 0.134627172929 0.144106781955 0.0609589558998 0.0697795953642 0.0946597506959 0.0256858872149 -0.0014382556632 0.0704328117516 0.424855775916 0.0413132452317 0.101670797752 0.0493061267197 0.0896896089949 0.0524718958424 0.148588071013 0.187838769987 0.134581744136 0.0288411222523 0.13190386478 0.0132966740539 -0.00773505516991 0.0507347996455 0.088181568025 
0.292806753425 -0.0093244483385 0.032900864794 0.0114262616007 0.00146894158018 0.00301809859626 0.0109441327659 0.0183344254122 0.0126415767175 0.0168113184756 0.0124875202392 0.0523245033728 0.0178494106852 -1.42773268915e-06 0.00438644224288 0.0198275315322 0.000216675451255 0.032473749172 -0.00650623247954 0.00310001906669 0.00498818439952 0.00631088108937 0.0132857392285 0.00554799708657 0.0303108135321 0.00209609225124 0.0102764252894 0.0235661262185 0.0267699090363 0.0215094393686 0.0238143519653 0.0481821413608 0.0220586531319 0.0226981675684 0.0233710552781 -0.00831102546615 0.0487049517762 0.00740550260767 -0.0074158138358 0.0320823672677 
-0.00932444833849 0.30719093744 -0.00240762588631 0.0181585593063 0.0517340432591 0.0125055591157 0.0490320738279 0.0285702729315 0.0137035723157 0.0134519215825 0.0357953261099 0.0442039752365 0.0176510674022 -0.00114522089421 0.025564146813 -0.00956081713288 0.0519758505165 0.0453303298499 0.106167502941 0.0504358378558 0.0200037955493 0.0362664915793 0.0125030138738 0.00763938849383 0.0105614112755 -0.0243271793139 0.0100975037038 0.0119654198442 0.0143097111062 0.0224695577288 0.0286292307417 0.0175497030677 0.00110939121741 0.0188309972649 0.00722645229643 0.039894064693 0.0175909307282 0.00814193077342 -0.007627523144 0.0086678417094 
0.032900864794 -0.00240762588631 0.182124774467 0.0265999342174 0.00835799794273 0.0169355660335 0.00584603936709 0.005111717485 0.0322491238605 0.0222538530463 0.0237307011225 0.0135614995105 0.0314057349701 0.00684929447737 0.0124011978112 -0.00855240256379 0.0368835257825 0.0379227537774 0.0113879863681 0.0208856900363 0.000105917335612 0.0168589767414 0.026601962586 -0.00627075292855 0.00845635653129 0.0157746373576 0.00407268957651 -0.00775152925588 0.0222390414394 0.00991177798004 0.0106562376717 0.00572185795242 0.00153689087917 0.0211757322461 0.0221821247918 -0.0114022791914 0.0112380363519 0.00928978764452 0.0121487267614 0.0200532708444 
0.0114262616007 0.0181585593063 0.0265999342174 0.165962986425 0.00327478269035 0.025425301079 0.0225854229323 0.0225657664854 0.0198072443076 0.0237862521532 0.00478265818301 0.0314816040363 0.0190719036051 0.00129596800026 0.00344383879746 0.0460599659918 0.0239568068804 0.0146957840967 0.034241594178 0.0298117294537 0.0256449845421 0.0235951280755 0.049141436216 0.00595828063363 0.0223148275838 0.100488661011 0.0230262138862 0.0213896616434 0.0176206531076 0.00874857541069 0.0348340450379 0.0301929824406 0.0229594135565 0.0261241053055 0.032014539792 -0.0274333729172 0.00605480994114 0.0183308171798 0.0397470383189 0.0181538762722 
0.00146894158018 0.0517340432591 0.00835799794273 0.00327478269035 0.277903086388 0.011308432135 0.03951291392 0.0257740137138 0.0107673501875 0.0364907344437 0.0190915396729 0.0346073162959 0.00177495995106 -0.0015873615634 0.022674572627 0.0154482453153 0.0151288489192 0.00369779585647 0.0254553332192 0.0201235199195 0.00470943095116 -0.00597943214247 0.0019311564779 0.0377687254472 0.00398043867734 0.00960654601035 0.0112866500254 0.0184353573688 -0.0166053624095 -0.00819502190076 0.0169104289123 -0.00338189518 0.0263991308588 0.0279839289584 0.0169380395129 0.0159570003284 0.0302276708865 0.0153141956826 0.0395593781935 0.0158967459651 
0.00301809859626 0.0125055591157 0.0169355660335 0.025425301079 0.011308432135 0.274500094387 0.0333026613813 0.0263046208086 0.0227541985269 0.031780897011 0.0109171173451 0.0374484762449 0.0264993734772 0.00660807720581 0.140886865135 0.0148029538815 0.0108961799038 0.0142829021996 0.0130346938648 0.023516077218 0.0172319591673 -0.000634603264633 0.0265095214521 -0.00322303866723 0.0133906186731 0.00472678257496 0.0137454050941 -0.00213876769376 0.0260853592651 0.0145525610031 0.0210203922726 0.0464736822829 0.00304030254442 0.025842064885 0.0323865559998 0.009222702386 0.00360940913973 0.00965006845971 0.0202699640457 0.0207568910598 
0.0109441327659 0.0490320738279 0.00584603936709 0.0225854229323 0.03951291392 0.0333026613813 0.491246103362 -0.00103494003954 0.0164348540777 0.0311779369759 0.01900783784 0.0576456786222 0.0164370350515 -0.00934940361951 0.0499922517249 0.0279123457869 0.0460739305961 0.00883109281095 0.030660138632 -0.0187062147415 0.0470623537849 0.0206963359 0.0130869047968 -0.00378117305474 -0.0154498105448 -0.0386173092476 0.00360086374974 -0.00869884455378 0.014964757613 0.00649718059277 0.00468306129974 -0.0111873005974 0.146373887733 0.00390327162925 -0.0016530579136 -0.0195376489992 0.00460337567398 0.00811439796066 0.0440864883682 0.0278619924033 
0.0183344254122 0.0285702729315 0.005111717485 0.0225657664854 0.0257740137138 0.0263046208086 -0.00103494003954 0.157131938467 0.0015823222645 0.02859187609 0.00151337201905 0.036261073843 0.00363990605412 0.00244692763621 0.0292209527873 0.0229530816121 0.0280459032671 0.0030744328269 0.000342059629838 0.020709195061 0.00389199276596 0.00295558946223 0.0332505681294 0.0261846677911 -0.0218100983999 -0.00253398434539 0.0248093365702 0.00554662860852 0.0276135675288 0.0315922335651 0.011972591767 0.0249595521859 0.0085822094711 0.0129156059052 0.0312667110493 0.0017804224328 0.0155650659615 0.0264961049871 0.00454499429361 0.00794033016172 
0.0126415767175 0.0137035723157 0.0322491238605 0.0198072443076 0.0107673501875 0.0227541985269 0.0164348540777 0.0015823222645 0.25438443179 0.0225563743243 -0.00674650386698 0.00987620889229 0.0113389003991 0.0103501733804 0.0320640233201 0.000852323370502 0.0509191620211 0.018668621792 0.000177146760292 0.0246605333487 0.0617147512243 0.0578485728668 -0.0060805204165 0.0208342285165 0.0303280251207 0.0032562599286 0.0108440727384 0.00494303505004 0.00957630936501 0.0132051222975 0.0119106865806 0.0171770579801 0.080559039741 -0.011940073166 0.000189877366916 -0.00577346663904 0.00157021092299 0.0508551105439 0.0380683065068 0.00580832321055 
0.0168113184756 0.0134519215825 0.0222538530463 0.0237862521532 0.0364907344437 0.031780897011 0.0311779369759 0.02859187609 0.0225563743243 0.192910891286 0.0226958550788 0.0608083155783 0.029810450339 0.011125834269 0.03747450164 0.0115979457005 0.0214888772091 0.0103872727976 0.00408361394558 0.0141904969874 0.0368640092447 0.00895454275543 0.0169876802583 0.00607865405044 -0.00469307475923 0.0143882437807 0.00172175087166 0.0037444082929 0.00769590710046 0.0093422155031 0.0128429376883 0.0393016219422 0.038179273205 0.0132518069216 0.043045718199 -0.0154268816026 0.00889799989318 0.0423650424146 0.0522196684189 0.0255268363988 
0.0124875202392 0.0357953261099 0.0237307011225 0.00478265818301 0.0190915396729 0.0109171173451 0.01900783784 0.00151337201905 -0.00674650386698 0.0226958550788 0.328229243315 0.0242617340375 0.0303221056924 -0.00568459803046 0.0327802568273 -0.000838082953752 0.0259448975282 0.00680716487125 0.0131100274165 0.0483837155555 0.00450752039868 0.00202561435019 0.00423484233522 0.00317612929621 0.00401930436807 -0.0266958270744 0.00404769372116 0.0196621471343 -0.00796445208582 0.0417363940433 0.00333732040686 0.0123090506023 0.0657577214029 -0.0196473773633 0.00818898316057 -0.000870595389483 0.00158728673863 -0.00173130253904 0.033025818107 0.0248141566976 
0.0523245033728 0.0442039752365 0.0135614995105 0.0314816040363 0.0346073162959 0.0374484762449 0.0576456786222 0.036261073843 0.00987620889229 0.0608083155783 0.0242617340375 0.503569898116 0.0346524438921 0.0109810815035 0.037492794556 0.00492014461981 -0.0122224522504 0.0237783058281 -0.0220783566683 0.0544910250368 0.0604581851235 0.0505735482892 0.0413180700839 0.00248769339788 0.0229607352805 -0.00203411537082 0.0237511392504 0.0549750560055 0.0174903031677 0.0401062756534 0.0176188656468 0.0655687913938 0.0753631965149 0.0423108642254 0.0478831152621 0.0110801040275 0.0733864787361 0.0114693637614 0.0683516472132 0.0403483878927 
0.0178494106852 0.0176510674022 0.0314057349701 0.0190719036051 0.00177495995106 0.0264993734772 0.0164370350515 0.00363990605412 0.0113389003991 0.029810450339 0.0303221056924 0.0346524438921 0.265252764679 -0.0272143561244 0.0450072737837 -0.0237502808531 0.0290610025354 0.00550941256476 0.00779494454831 0.0384572374552 0.00655242304894 0.0235349020564 0.00873980482535 0.0148730882117 0.00214231986336 -0.0256883939396 0.0190802813992 -0.0242614677135 0.0206504594648 0.00371503298326 0.00457389075695 0.0415219354418 0.0195159282085 0.0260777299702 0.00444331291555 -0.00638177317134 0.00708335914003 0.0160019792499 0.0108212182341 -0.000508240590521 
-1.42773268846e-06 -0.00114522089421 0.00684929447737 0.00129596800026 -0.0015873615634 0.00660807720581 -0.00934940361951 0.00244692763621 0.0103501733804 0.011125834269 -0.00568459803046 0.0109810815035 -0.0272143561244 0.804876519822 0.00757023133652 -0.00497516930185 0.0324836448634 0.0461810012005 0.00723337747972 -0.0310828121775 0.0134282740944 0.0111269654618 0.00100360787928 -0.0149506259971 0.0153649541666 0.0144184499419 0.0214676341534 0.0417056187919 0.00516985654296 0.00411949178962 0.00737314533432 0.00847292306816 -0.00338407920109 0.00103867137037 0.021821846926 0.00799667506255 0.033399475106 0.0350053017418 0.0340666426839 0.0250994897557 
0.00438644224288 0.025564146813 0.0124011978112 0.00344383879746 0.022674572627 0.140886865135 0.0499922517249 0.0292209527873 0.0320640233201 0.03747450164 0.0327802568273 0.037492794556 0.0450072737837 0.00757023133651 0.352031283833 0.00858444631021 0.0166358325573 0.0136345646584 -0.0080310111876 0.00402471529579 0.0249628218485 0.0018856787107 -0.0167366299888 0.00304050903066 -0.00573615118603 -0.00316330384138 -0.000258051525474 0.00692044414066 0.0243820830988 0.0104457057056 0.0138244472351 0.0301606923834 0.0178365130303 0.0483612873561 -0.0017964331678 -0.000137017594695 0.0180196922155 0.0231625580361 0.0268834649814 -0.0184453653285 
0.0198275315322 -0.00956081713288 -0.00855240256379 0.0460599659918 0.0154482453153 0.0148029538815 0.0279123457869 0.0229530816121 0.000852323370502 0.0115979457005 -0.000838082953752 0.00492014461981 -0.0237502808531 -0.00497516930185 0.00858444631021 0.708324473743 -0.0132240796263 -0.0227822190171 -0.0318055109924 0.00415527646131 0.0229559173413 0.0285759576456 0.0346854320745 0.00891774034474 0.0107797214692 0.0243041735264 0.000425067024508 -0.00389145869671 0.0760743923855 -0.021375818714 0.0119249231423 -0.0148357730074 0.00667625601981 0.0010758930159 0.0233661327359 -0.00261579406104 0.0083101855396 0.0142301218554 0.029236143081 0.0342092635445 
0.000216675451255 0.0519758505165 0.0368835257825 0.0239568068804 0.0151288489192 0.0108961799038 0.0460739305961 0.0280459032671 0.0509191620211 0.0214888772091 0.0259448975282 -0.0122224522504 0.0290610025354 0.0324836448634 0.0166358325573 -0.0132240796263 1.31716442572 0.0379483073272 0.03409612812 -0.0118131727619 0.0056469074378 0.0301533005541 -0.0145235890245 -0.0164976005204 0.0216536329925 -0.01283051243 -7.30788739484e-05 0.0334830135547 0.030323992399 0.0919014213699 0.00960823979615 0.0282327531431 0.0130533434615 0.0546845192599 0.00928675619188 0.0672114323515 0.014888388611 0.0190670863309 0.023329844736 0.082405858881 
0.032473749172 0.0453303298499 0.0379227537774 0.0146957840967 0.00369779585647 0.0142829021996 0.00883109281095 0.0030744328269 0.018668621792 0.0103872727976 0.00680716487125 0.0237783058281 0.00550941256476 0.0461810012005 0.0136345646584 -0.0227822190171 0.0379483073272 0.730716263568 0.0325948746469 0.071728654743 0.0157868177248 0.0458842632678 0.0137459301423 0.0389096209796 0.00549992666419 0.00370117985651 0.00435317240434 -0.00862294572582 0.0196353277326 0.0572683182019 0.0027186060201 0.0339940207253 -0.00430960817732 0.0357031366176 -0.00511615631932 0.00745685825066 0.0425112857002 0.00325094906152 0.0235983212618 0.0314920097216 
-0.00650623247954 0.106167502941 0.0113879863681 0.034241594178 0.0254553332192 0.0130346938648 0.030660138632 0.000342059629838 0.000177146760294 0.00408361394558 0.0131100274165 -0.0220783566683 0.00779494454831 0.00723337747972 -0.0080310111876 -0.0318055109924 0.03409612812 0.0325948746469 0.311404742419 0.00902444708674 0.0131995515871 0.0241255194751 0.0262355499968 0.0119082017327 0.0425220731048 -0.0220072265768 0.00174348818649 0.0289288841893 -0.00833243246327 0.0115921242578 0.0420462016589 0.033197724965 -0.00940685157186 0.0164150668519 -0.00491145398669 0.00214471489182 -0.0125901067651 -0.00618741192061 -0.00571881772493 0.0289281430693 
0.00310001906669 0.0504358378558 0.0208856900363 0.0298117294537 0.0201235199195 0.023516077218 -0.0187062147415 0.020709195061 0.0246605333487 0.0141904969874 0.0483837155555 0.0544910250368 0.0384572374552 -0.0310828121775 0.00402471529579 0.00415527646131 -0.0118131727619 0.071728654743 0.00902444708674 0.432912269283 -0.024823725907 0.0230708007271 0.0316758799238 0.0299698796191 0.0105175907962 -0.00102487555378 -9.61456269274e-05 0.0161101899069 0.0293159626474 0.0236283869602 0.0159855314841 0.000675029814489 0.0133847321162 0.0390592732051 0.0142912110551 0.0215389348677 0.011653444799 0.0115224112056 0.0374572581638 0.0229198091711 
0.00498818439952 0.0200037955493 0.000105917335613 0.0256449845421 0.00470943095116 0.0172319591673 0.0470623537849 0.00389199276596 0.0617147512243 0.0368640092447 0.00450752039868 0.0604581851235 0.00655242304894 0.0134282740944 0.0249628218485 0.0229559173413 0.0056469074378 0.0157868177248 0.0131995515871 -0.024823725907 0.473725474669 0.0267654136201 0.00191179926918 0.0381116632399 0.00677678696026 0.00108873250911 0.00948153502802 0.00781939949307 0.0118963413854 0.0178125683325 -0.00228716740216 0.0130616354977 0.0362694908618 0.00343435133478 0.00265566895658 -0.028762951936 0.00391838744945 0.0534329271132 0.0331823226744 0.00578257772065 
0.00631088108937 0.0362664915793 0.0168589767414 0.0235951280755 -0.00597943214247 -0.000634603264634 0.0206963359 0.00295558946223 0.0578485728668 0.00895454275543 0.00202561435019 0.0505735482892 0.0235349020564 0.0111269654618 0.0018856787107 0.0285759576456 0.0301533005541 0.0458842632678 0.0241255194751 0.0230708007271 0.0267654136201 0.445844886333 0.00758996661396 0.0262366235528 0.0243732792998 0.0503801395565 0.025055111996 0.00884127157332 0.00407742902074 -0.0151225858257 0.00470859454451 0.0455130064744 0.0361985601845 0.00345288271946 0.00545349985716 0.0210461137031 0.00215799963679 0.0241199046767 -0.00891881098015 0.0553053572664 
0.0132857392285 0.0125030138738 0.026601962586 0.049141436216 0.0019311564779 0.0265095214521 0.0130869047968 0.0332505681294 -0.0060805204165 0.0169876802583 0.00423484233522 0.0413180700839 0.00873980482535 0.00100360787927 -0.0167366299888 0.0346854320745 -0.0145235890245 0.0137459301423 0.0262355499968 0.0316758799238 0.00191179926918 0.00758996661396 0.197292097573 -0.000388160560767 0.0472606871975 0.00492482494138 0.021880908388 0.0431963538474 0.0209355530566 -0.0108139332531 0.0350063166767 0.0157534374185 0.0169149849186 0.000151545134736 0.0208338504668 -0.00459153391914 0.00110501133346 0.00514666305129 0.0434658095399 0.025989078967 
0.00554799708657 0.00763938849383 -0.00627075292855 0.00595828063363 0.0377687254472 -0.00322303866723 -0.00378117305474 0.0261846677911 0.0208342285165 0.00607865405044 0.00317612929621 0.00248769339788 0.0148730882117 -0.0149506259971 0.00304050903066 0.00891774034474 -0.0164976005204 0.0389096209796 0.0119082017327 0.0299698796191 0.0381116632399 0.0262366235528 -0.000388160560767 0.214215616383 -0.00839927939273 -0.00180295841605 0.00544726578201 -0.0122297907209 0.0177181839261 0.0237119855285 0.0153455140413 0.0181281616562 0.00917021067266 0.0106715637274 -0.0083792130976 0.00935903802999 0.00515264998465 0.0195261058663 0.0102763874136 0.0312585810576 
0.0303108135321 0.0105614112755 0.00845635653128 0.0223148275838 0.00398043867734 0.0133906186731 -0.0154498105448 -0.0218100983999 0.0303280251207 -0.00469307475923 0.00401930436807 0.0229607352805 0.00214231986336 0.0153649541666 -0.00573615118603 0.0107797214692 0.0216536329925 0.00549992666419 0.0425220731048 0.0105175907962 0.00677678696026 0.0243732792998 0.0472606871975 -0.00839927939273 0.275472020659 -0.0103362164492 -0.00573402420896 0.0770242762493 0.0156909715955 0.0210244022943 0.026416446418 0.00960982973633 -0.00230863169375 0.024191993905 -0.000595961108201 -0.0113986535076 0.0177459510399 0.00131108899769 0.00817322706508 0.0420917944795 
0.00209609225124 -0.0243271793139 0.0157746373576 0.100488661011 0.00960654601035 0.00472678257496 -0.0386173092476 -0.00253398434539 0.0032562599286 0.0143882437807 -0.0266958270744 -0.00203411537082 -0.0256883939396 0.0144184499419 -0.00316330384138 0.0243041735264 -0.01283051243 0.00370117985651 -0.0220072265768 -0.00102487555378 0.00108873250911 0.0503801395565 0.00492482494138 -0.00180295841605 -0.0103362164492 3.74739652131 0.00795877029587 0.00248120171056 -0.00774008666999 0.0396773200571 0.010224209834 0.0570019229001 -0.0551617547293 0.036302791118 -0.00743400750649 -0.00791085599158 0.0120516020156 0.00146081793382 0.0145425166172 -0.000953045697271 
0.0102764252894 0.0100975037038 0.00407268957651 0.0230262138862 0.0112866500254 0.0137454050941 0.00360086374974 0.0248093365702 0.0108440727384 0.00172175087166 0.00404769372116 0.0237511392504 0.0190802813992 0.0214676341534 -0.000258051525474 0.000425067024508 -7.30788739485e-05 0.00435317240434 0.00174348818649 -9.61456269271e-05 0.00948153502802 0.025055111996 0.021880908388 0.00544726578201 -0.00573402420897 0.00795877029587 0.143307374909 0.00374867854057 0.000763304278765 0.0119329207845 0.00431173767902 0.0245585820498 0.010958421134 0.0240286538923 0.0265957829586 -0.000694483675878 0.0116738904448 0.00820562345417 0.023813621981 0.0176663945177 
0.0235661262185 0.0119654198442 -0.00775152925588 0.0213896616434 0.0184353573688 -0.00213876769376 -0.00869884455378 0.00554662860852 0.00494303505004 0.0037444082929 0.0196621471343 0.0549750560055 -0.0242614677135 0.0417056187919 0.00692044414066 -0.00389145869671 0.0334830135547 -0.00862294572582 0.0289288841893 0.0161101899069 0.00781939949307 0.00884127157332 0.0431963538474 -0.0122297907209 0.0770242762493 0.00248120171056 0.00374867854057 0.283983251428 -0.0217484669221 -0.00894791005372 -0.00763074057283 0.0139586705887 0.00183050650963 -0.00580740863086 -0.00554885085795 0.000785822768686 0.00370361072709 0.0106175407218 0.0193237733777 0.00235843800078 
0.0267699090363 0.0143097111062 0.0222390414394 0.0176206531076 -0.0166053624095 0.0260853592651 0.014964757613 0.0276135675288 0.00957630936501 0.00769590710046 -0.00796445208582 0.0174903031677 0.0206504594648 0.00516985654296 0.0243820830988 0.0760743923855 0.030323992399 0.0196353277326 -0.00833243246327 0.0293159626474 0.0118963413854 0.00407742902074 0.0209355530566 0.0177181839261 0.0156909715955 -0.00774008666999 0.000763304278764 -0.0217484669221 0.203703400366 0.0436479897195 0.000122511852926 0.00179987646908 0.0336123310888 0.0308549050139 0.00819312590163 -0.0118020452096 0.0133467683451 0.00864765864625 -0.0120951545448 0.0444588775 
0.0215094393686 0.0224695577288 0.00991177798004 0.00874857541069 -0.00819502190076 0.0145525610031 0.00649718059277 0.0315922335651 0.0132051222975 0.0093422155031 0.0417363940433 0.0401062756534 0.00371503298326 0.00411949178962 0.0104457057056 -0.021375818714 0.0919014213699 0.0572683182019 0.0115921242578 0.0236283869602 0.0178125683325 -0.0151225858257 -0.0108139332531 0.0237119855285 0.0210244022943 0.0396773200571 0.0119329207845 -0.00894791005372 0.0436479897195 0.428959905256 0.00741016233136 -0.00763975117486 -0.0125780141161 0.0201522130183 0.00698255984753 -0.0131561000328 0.0160174465634 -0.00738773718343 0.0129832023776 0.0378634680327 
0.0238143519653 0.0286292307417 0.0106562376717 0.0348340450379 0.0169104289123 0.0210203922726 0.00468306129974 0.011972591767 0.0119106865806 0.0128429376883 0.00333732040686 0.0176188656468 0.00457389075695 0.00737314533432 0.0138244472351 0.0119249231423 0.00960823979615 0.0027186060201 0.0420462016589 0.0159855314841 -0.00228716740216 0.00470859454452 0.0350063166767 0.0153455140413 0.026416446418 0.010224209834 0.00431173767902 -0.00763074057283 0.000122511852925 0.00741016233136 0.194981652208 0.0237932152638 -0.00340100411669 0.00917180643399 0.0321031262397 -0.0137799798416 0.00276890074871 -0.00166360417964 0.0226019274643 0.0272024417953 
0.0481821413608 0.0175497030677 0.00572185795242 0.0301929824406 -0.00338189518 0.0464736822829 -0.0111873005974 0.0249595521859 0.0171770579801 0.0393016219422 0.0123090506023 0.0655687913938 0.0415219354418 0.00847292306816 0.0301606923834 -0.0148357730074 0.0282327531431 0.0339940207253 0.033197724965 0.000675029814489 0.0130616354977 0.0455130064744 0.0157534374185 0.0181281616562 0.00960982973633 0.0570019229001 0.0245585820498 0.0139586705887 0.00179987646908 -0.00763975117486 0.0237932152638 0.47176679668 0.0100859429091 0.0298799142255 0.0137757692006 0.00132133868921 0.00828779737427 0.00875287719368 -0.000367949192957 0.00854629356922 
0.0220586531319 0.00110939121741 0.00153689087917 0.0229594135565 0.0263991308588 0.00304030254442 0.146373887733 0.0085822094711 0.080559039741 0.038179273205 0.0657577214029 0.0753631965149 0.0195159282085 -0.00338407920109 0.0178365130303 0.00667625601981 0.0130533434615 -0.00430960817732 -0.00940685157186 0.0133847321162 0.0362694908618 0.0361985601845 0.0169149849186 0.00917021067266 -0.00230863169375 -0.0551617547293 0.010958421134 0.00183050650963 0.0336123310888 -0.0125780141161 -0.00340100411669 0.0100859429091 0.62834932895 -0.0128083241457 0.0149618483799 -0.0326017959329 -0.0175966270692 0.03276405394 0.0467053781827 0.0244796256426 
0.0226981675684 0.0188309972649 0.0211757322461 0.0261241053055 0.0279839289584 0.025842064885 0.00390327162925 0.0129156059052 -0.011940073166 0.0132518069216 -0.0196473773633 0.0423108642254 0.0260777299702 0.00103867137037 0.0483612873561 0.0010758930159 0.0546845192599 0.0357031366176 0.0164150668519 0.0390592732051 0.00343435133478 0.00345288271946 0.000151545134736 0.0106715637274 0.024191993905 0.036302791118 0.0240286538923 -0.00580740863086 0.0308549050139 0.0201522130183 0.00917180643399 0.0298799142255 -0.0128083241457 0.380715832161 0.0203981649507 0.0592153626961 0.00826933337298 -0.00869673076629 0.0279656474837 0.0322612367118 
0.0233710552781 0.00722645229643 0.0221821247918 0.032014539792 0.0169380395129 0.0323865559998 -0.0016530579136 0.0312667110493 0.000189877366916 0.043045718199 0.00818898316057 0.0478831152621 0.00444331291555 0.021821846926 -0.0017964331678 0.0233661327359 0.00928675619188 -0.00511615631932 -0.00491145398669 0.0142912110551 0.00265566895658 0.00545349985716 0.0208338504668 -0.0083792130976 -0.000595961108201 -0.00743400750649 0.0265957829586 -0.00554885085794 0.00819312590163 0.00698255984753 0.0321031262397 0.0137757692006 0.0149618483799 0.0203981649507 0.182940815145 -0.0113799835938 0.0116556296974 0.0219886711912 0.00917549091309 -0.0118045628873 
-0.00831102546615 0.039894064693 -0.0114022791914 -0.0274333729172 0.0159570003284 0.009222702386 -0.0195376489992 0.0017804224328 -0.00577346663904 -0.0154268816026 -0.000870595389482 0.0110801040275 -0.00638177317134 0.00799667506255 -0.000137017594694 -0.00261579406104 0.0672114323515 0.00745685825066 0.00214471489182 0.0215389348677 -0.028762951936 0.0210461137031 -0.00459153391914 0.00935903802999 -0.0113986535076 -0.00791085599158 -0.000694483675878 0.000785822768686 -0.0118020452096 -0.0131561000328 -0.0137799798416 0.00132133868921 -0.0326017959329 0.0592153626961 -0.0113799835938 1.06541605905 -0.0068971448081 -0.000838301219748 0.0165384698772 0.0128442769581 
0.0487049517762 0.0175909307282 0.0112380363519 0.00605480994114 0.0302276708865 0.00360940913973 0.00460337567398 0.0155650659615 0.00157021092299 0.00889799989318 0.00158728673863 0.0733864787361 0.00708335914003 0.033399475106 0.0180196922155 0.0083101855396 0.014888388611 0.0425112857002 -0.0125901067651 0.011653444799 0.00391838744945 0.00215799963679 0.00110501133346 0.00515264998465 0.0177459510399 0.0120516020156 0.0116738904448 0.00370361072709 0.0133467683451 0.0160174465634 0.00276890074871 0.00828779737427 -0.0175966270692 0.00826933337298 0.0116556296974 -0.0068971448081 0.290738413452 0.00385548953564 0.0160484701602 0.0201625536187 
0.00740550260767 0.00814193077342 0.00928978764452 0.0183308171798 0.0153141956826 0.00965006845971 0.00811439796066 0.0264961049871 0.0508551105439 0.0423650424146 -0.00173130253904 0.0114693637614 0.0160019792499 0.0350053017418 0.0231625580361 0.0142301218554 0.0190670863309 0.00325094906152 -0.00618741192061 0.0115224112056 0.0534329271132 0.0241199046767 0.00514666305129 0.0195261058663 0.00131108899769 0.00146081793382 0.00820562345417 0.0106175407218 0.00864765864625 -0.00738773718343 -0.00166360417964 0.00875287719368 0.03276405394 -0.00869673076629 0.0219886711912 -0.000838301219748 0.00385548953564 0.120291650519 0.0131682598937 0.0119752312501 
-0.0074158138358 -0.007627523144 0.0121487267614 0.0397470383189 0.0395593781935 0.0202699640457 0.0440864883682 0.00454499429361 0.0380683065068 0.0522196684189 0.033025818107 0.0683516472132 0.0108212182341 0.0340666426839 0.0268834649814 0.029236143081 0.023329844736 0.0235983212618 -0.00571881772493 0.0374572581638 0.0331823226744 -0.00891881098015 0.0434658095399 0.0102763874136 0.00817322706508 0.0145425166172 0.023813621981 0.0193237733777 -0.0120951545448 0.0129832023776 0.0226019274643 -0.000367949192956 0.0467053781827 0.0279656474837 0.00917549091309 0.0165384698772 0.0160484701602 0.0131682598937 0.251697315236 0.0264789761117 
0.0320823672677 0.0086678417094 0.0200532708444 0.0181538762722 0.0158967459651 0.0207568910598 0.0278619924033 0.00794033016172 0.00580832321055 0.0255268363988 0.0248141566976 0.0403483878927 -0.000508240590521 0.0250994897557 -0.0184453653285 0.0342092635445 0.082405858881 0.0314920097216 0.0289281430693 0.0229198091711 0.00578257772065 0.0553053572664 0.025989078967 0.0312585810576 0.0420917944795 -0.000953045697272 0.0176663945177 0.00235843800078 0.0444588775 0.0378634680327 0.0272024417953 0.00854629356922 0.0244796256426 0.0322612367118 -0.0118045628873 0.0128442769581 0.0201625536187 0.0119752312501 0.0264789761117 0.360874372398 
0.0253578086866 -0.000807520913741 0.0028492984718 0.000989543281646 0.000127214072511 0.000261375005548 0.000947789699762 0.00158780781707 0.00109479265812 0.00145590288709 0.00108145097574 0.00453143491613 0.0015458043096 -1.23645277861e-07 0.000379877041457 0.00171711460012 1.87646445163e-05 0.00281230917391 -0.000563456261021 0.000268469526397 0.000431989440875 0.000546538334365 0.001150578768 0.000480470641709 0.00262499345282 0.000181526913825 0.00088996453607 0.0020408863974 0.00231834212824 0.00186277209144 0.00206238337766 0.00417269584272 0.00191033539855 0.00196571897336 0.00202399275841 -0.000719755918518 0.00421797255282 0.000641335338603 -0.000642228317154 0.00277841450673 
-0.000807520913741 0.0266035155636 -0.000208506518035 0.00157257736554 0.00448029957029 0.00108301318827 0.00424630215352 0.00247425821517 0.0011867641748 0.00116497058202 0.00309996617479 0.00382817655031 0.00152862727742 -9.91790387329e-05 0.00221392005661 -0.000827991051801 0.00450124069306 0.00392572172119 0.00919437546036 0.00436787168443 0.00173237951178 0.00314077030138 0.00108279276386 0.000661590450504 0.000914645046438 -0.00210679552882 0.000874469472233 0.0010362357552 0.00123925733388 0.00194592078049 0.00247936411131 0.00151984886855 9.60760977012e-05 0.001630812201 0.000625829126795 0.00345492734844 0.00152341928868 0.000705111888563 -0.000660562881065 0.000750657111632 
0.0028492984718 -0.000208506518035 0.0157724681347 0.00230362187713 0.000723823854318 0.00146666304125 0.000506281860342 0.000442687719898 0.0027928560513 0.00192724020702 0.00205513900217 0.00117446030895 0.00271981643086 0.00059316630154 0.00107397523418 -0.000740659788363 0.00319420703087 0.00328420681527 0.00098622854927 0.0018087538147 9.17271033415e-06 0.00146003021398 0.002303797539 -0.000543063133698 0.000732341957955 0.00136612366872 0.000352705263499 -0.000671302125377 0.00192595748424 0.000858385152739 0.000922857253245 0.000495527434364 0.000133098654421 0.00183387220689 0.00192102835796 -0.000987466344083 0.000973242496942 0.000804519209592 0.0010521105999 0.00173666419803 
0.000989543281646 0.00157257736554 0.00230362187713 0.0143728162332 0.000283604500171 0.00220189566333 0.00195595500146 0.00195425270322 0.00171535767493 0.00205994986255 0.00041419034841 0.00272638688473 0.00165167530205 0.000112234121071 0.000298245188514 0.00398891006464 0.00207472033519 0.00127269223562 0.00296540904243 0.00258177150376 0.00222092080931 0.00204339803189 0.00425577321415 0.00051600223916 0.00193252075686 0.00870257332279 0.00199412861784 0.00185239903615 0.00152599332224 0.000757648855258 0.00301671679194 0.00261478898096 0.0019883435396 0.00226241388457 0.00277254047504 -0.00237579978578 0.000524361922411 0.00158749533498 0.00344219449094 0.00157217180289 
0.000127214072511 0.00448029957029 0.000723823854318 0.000283604500171 0.0240671132602 0.000979338950584 0.00342191872322 0.00223209506336 0.000932479879381 0.0031601903031 0.00165337583541 0.0029970815069 0.000153716040832 -0.000137469543889 0.00196367559149 0.0013378572887 0.00131019674941 0.000320238514971 0.00220449652297 0.00174274794639 0.000407848684107 -0.000517834013559 0.000167243056854 0.00327086757059 0.000344716101278 0.000831951288759 0.000977452564564 0.00159654878092 -0.00143806656857 -0.000709709715063 0.0014644861027 -0.000292880713882 0.00228623179615 0.00242347933757 0.00146687725085 0.00138191676526 0.0026177930885 0.00132624824997 0.00342594264735 0.00137669858432 
0.000261375005548 0.00108301318827 0.00146666304125 0.00220189566333 0.000979338950584 0.023772405508 0.00288409507698 0.00227804698571 0.0019705713967 0.00275230641666 0.000945450095696 0.00324313317611 0.00229491306156 0.00057227627304 0.0122011604267 0.00128197341124 0.000943636860085 0.00123693561447 0.00112883760174 0.00203655202681 0.00149233143959 -5.49582548497e-05 0.00229579190197 -0.00027912333632 0.00115966159433 0.000409351378808 0.00119038699968 -0.000185222715559 0.00225905837904 0.00126028875188 0.00182041937056 0.00402473894644 0.000263297923866 0.00223798846767 0.00280475802369 0.000798709455782 0.000312584000766 0.000835720443436 0.00175543037974 0.00179759949613 
0.000947789699762 0.00424630215352 0.000506281860342 0.00195595500146 0.00342191872322 0.00288409507698 0.0425431605022 -8.96284365631e-05 0.00142330011388 0.00270008854587 0.00164612704405 0.00499226221052 0.00142348899175 -0.000809682104473 0.00432945599862 0.00241728005307 0.00399011943484 0.000764795071746 0.00265524589388 -0.00162000571748 0.00407571939396 0.00179235526546 0.0011333592011 -0.000327459192151 -0.00133799284154 -0.00334435708343 0.000311843948285 -0.000753342036715 0.00129598602543 0.000562672344631 0.000405565005305 -0.000968848651712 0.0126763505227 0.00033803323888 -0.00014315901471 -0.00169201003635 0.000398664027683 0.000702727477035 0.00381800188905 0.00241291932213 
0.00158780781707 0.00247425821517 0.000442687719898 0.00195425270322 0.00223209506336 0.00227804698571 -8.96284365631e-05 0.0136080250458 0.000137033127803 0.00247612910358 0.000131061861387 0.00314030111166 0.000315225111026 0.000211910149418 0.00253060874366 0.00198779517712 0.00242884647014 0.000266253693032 2.96232329049e-05 0.00179346890148 0.000337056460667 0.000255961555745 0.00287958366903 0.00226765874968 -0.00188880992733 -0.00021944948159 0.00214855157208 0.000480352128034 0.00239140509691 0.00273596768297 0.00103685686193 0.00216156062601 0.000743241142258 0.00111852428192 0.00270777660614 0.000154189105627 0.00134797425342 0.00229463000202 0.000393608051832 0.000687652763449 
0.00109479265812 0.0011867641748 0.0027928560513 0.00171535767493 0.000932479879381 0.0019705713967 0.00142330011388 0.000137033127803 0.0220303380257 0.00195343931821 -0.000584264373554 0.00085530477938 0.000981977579656 0.000896351308103 0.00277682587428 7.38133691094e-05 0.00440972878497 0.00161675007256 1.53413594611e-05 0.00213566483509 0.00534465423485 0.00500983336753 -0.000526588514892 0.00180429711635 0.00262648402011 0.000282000381949 0.000939124247196 0.000428079392513 0.00082933271846 0.00114359713697 0.00103149571553 0.0014875768573 0.00697661749202 -0.00103404066848 1.64438623353e-05 -0.000499996877731 0.000135984254861 0.00440418176433 0.0032968120514 0.000503015545372 
0.00145590288709 0.00116497058202 0.00192724020702 0.00205994986255 0.0031601903031 0.00275230641666 0.00270008854587 0.00247612910358 0.00195343931821 0.016706573252 0.00196551870589 0.00526615460522 0.00258166072918 0.000963525511521 0.00324538704144 0.00100441156083 0.00186099135619 0.000899564211877 0.000353651341612 0.00122893308835 0.00319251684913 0.000775486150548 0.00147117626551 0.00052642688285 -0.000406432196335 0.00124605846299 0.000149107999384 0.000324275270379 0.000666485105416 0.000809059595331 0.00111223102973 0.00340362030119 0.00330642204936 0.00114764014401 0.00372786854845 -0.00133600713691 0.000770589395037 0.00366892029635 0.00452235594279 0.00221068887996 
0.00108145097574 0.00309996617479 0.00205513900217 0.00041419034841 0.00165337583541 0.000945450095696 0.00164612704405 0.000131061861387 -0.000584264373554 0.00196551870589 0.0284254862976 0.00210112780164 0.00262597138258 -0.000492300630468 0.00283885351551 -7.25801128428e-05 0.0022468940358 0.000589517770625 0.0011353616787 0.00419015268006 0.000390362717333 0.000175423348553 0.000366748104333 0.000275060865622 0.000348081968829 -0.00231192644215 0.000350540558927 0.00170279189113 -0.000689741783354 0.00361447775038 0.000289020425291 0.00106599505181 0.00569478572299 -0.00170151279144 0.000709186744822 -7.5395772371e-05 0.000137463063874 -0.000149935198045 0.00286011974614 0.00214896900736 
0.00453143491613 0.00382817655031 0.00117446030895 0.00272638688473 0.0029970815069 0.00324313317611 0.00499226221052 0.00314030111166 0.00085530477938 0.00526615460522 0.00210112780164 0.0436104324349 0.00300098967138 0.000950989554304 0.00324697125444 0.000426097023105 -0.00105849541454 0.00205926169061 -0.00191204177486 0.00471906119601 0.00523583241836 0.0043797977578 0.0035782498328 0.000215440567939 0.00198845800425 -0.000176159558536 0.00205690899597 0.00476097950752 0.00151470468631 0.0034733053567 0.0015258385236 0.00567842390425 0.00652664426923 0.00366422832753 0.00414679942293 0.000959565156442 0.00635545548797 0.000993276038258 0.00591942628772 0.00349427289168 
0.0015458043096 0.00152862727742 0.00271981643086 0.00165167530205 0.000153716040832 0.00229491306156 0.00142348899175 0.000315225111026 0.000981977579656 0.00258166072918 0.00262597138258 0.00300098967138 0.0229715632636 -0.00235683237513 0.00389774424518 -0.00205683465658 0.00251675664551 0.000477129124101 0.000675061999993 0.00333049445955 0.000567456481673 0.00203818230564 0.000756889300287 0.00128804722241 0.000185530342471 -0.00222468017341 0.00165240084031 -0.0021011047373 0.00178838224963 0.00032173129394 0.000396110558965 0.00359590509069 0.0016901289607 0.00225839766272 0.000384802186183 -0.000552677768757 0.000613436895939 0.00138581205412 0.000937144989063 -4.40149262625e-05 
-1.23645277802e-07 -9.91790387329e-05 0.00059316630154 0.000112234121071 -0.000137469543889 0.00057227627304 -0.000809682104473 0.000211910149418 0.000896351308103 0.000963525511521 -0.000492300630468 0.000950989554305 -0.00235683237513 0.0697043513075 0.000655601264995 -0.000430862300353 0.00281316616592 0.00399939202118 0.00062642886526 -0.00269185049668 0.00116292264947 0.000963623475695 8.69149918891e-05 -0.0012947621916 0.00133064406362 0.00124867439329 0.0018591516536 0.00361181253544 0.000447722710013 0.000356758454049 0.000638533116532 0.000733776662134 -0.000293069855656 8.99515792925e-05 0.00188982737954 0.000692532374998 0.00289247939149 0.00303154805756 0.00295025779859 0.00217367957505 
0.000379877041457 0.00221392005661 0.00107397523418 0.000298245188514 0.00196367559149 0.0122011604267 0.00432945599862 0.00253060874366 0.00277682587428 0.00324538704144 0.00283885351551 0.00324697125444 0.00389774424518 0.000655601264995 0.0304868034726 0.000743434858206 0.00144070536077 0.00118078793637 -0.000695505970654 0.000348550568916 0.00216184378709 0.000163304566684 -0.00144943467441 0.000263315806099 -0.000496765264705 -0.000273950148652 -2.23479176545e-05 0.000599328043128 0.00211155033608 0.00090462465015 0.00119723224988 0.00261199257998 0.00154468733992 0.00418821034101 -0.000155575675951 -1.18660717771e-05 0.0015605511227 0.00200593636759 0.00232817636157 -0.00159741549565 
0.00171711460012 -0.000827991051801 -0.000740659788363 0.00398891006464 0.0013378572887 0.00128197341124 0.00241728005307 0.00198779517712 7.38133691094e-05 0.00100441156083 -7.25801128428e-05 0.000426097023105 -0.00205683465658 -0.000430862300353 0.000743434858206 0.0613426988384 -0.0011452388898 -0.00197299804234 -0.00275443804998 0.000359857497525 0.00198804075847 0.00247475052585 0.00300384653177 0.00077229896829 0.000933551263807 0.00210480316919 3.68118841535e-05 -0.000337010208913 0.00658823563833 -0.0018512002033 0.00103272863794 -0.00128481563092 0.000578180731532 9.31750683528e-05 0.00202356645375 -0.000226534410793 0.000719683178745 0.00123236470257 0.00253192426168 0.00296260912743 
1.87646445163e-05 0.00450124069306 0.00319420703087 0.00207472033519 0.00131019674941 0.000943636860085 0.00399011943484 0.00242884647014 0.00440972878497 0.00186099135619 0.0022468940358 -0.00105849541454 0.00251675664551 0.00281316616592 0.00144070536077 -0.0011452388898 0.114069785364 0.0032864198176 0.00295281131227 -0.00102305077111 0.000489036529395 0.00261135242878 -0.00125777970493 -0.00142873411521 0.00187525962558 -0.0011111549708 -6.32881613193e-06 0.00289971403336 0.00262613477617 0.00795889655503 0.000832097974912 0.00244502814407 0.0011304527042 0.00473581828728 0.000804256678092 0.00582068078411 0.00128937227586 0.00165125811387 0.00202042382077 0.00713655672116 
0.00281230917391 0.00392572172119 0.00328420681527 0.00127269223562 0.000320238514971 0.00123693561447 0.000764795071746 0.000266253693032 0.00161675007256 0.000899564211877 0.000589517770625 0.00205926169061 0.000477129124101 0.00399939202118 0.00118078793637 -0.00197299804234 0.0032864198176 0.0632818847208 0.00282279894774 0.00621188371867 0.00136717851946 0.00397369376239 0.00119043247019 0.00336967202199 0.000476307621014 0.000320531577971 0.000376995788921 -0.000746769005401 0.00170046926281 0.00495958183948 0.000235438187629 0.00294396855249 -0.000373223016192 0.00309198233056 -0.000443072134227 0.000645782867749 0.00368158533639 0.000281540447368 0.00204367456994 0.00272728804352 
