30
0.0315088302779 0.134581744136 0.0256858872149 0.0451759103614 0.0697795953642 0.0146303634135 0.0979044774238 -0.00277796207049 0.162419244675 0.0205902908148 0.0801839086902 0.0946915784272 0.0300310371189 0.0464034886179 0.0213104348082 0.0431320253577 0.0482129600444 0.0300827450696 0.0414486045552 0.185813705736 0.0737969483193 0.0520830917934 -0.00168409401267 0.102864057578 0.0038222736377 0.39235550597 0.0181340887913 0.0797862135264 0.424855775916 0.0795042219188 
0.230444554812 0.0278414958756 0.0173840214449 0.0331235687929 0.0193581758165 0.0118525139587 0.0114093170424 0.00641529435522 0.00751810712191 0.0121097612295 0.019380670344 0.0193600566789 0.0167710871704 0.0155582408779 0.0231227383622 0.0624409969037 0.0295765208934 0.00286546628326 0.0132428440538 0.0835397361873 0.007073961813 0.0161841320477 0.0236856977224 -0.0144586473069 0.035167503852 -0.0143448544618 0.0164165291832 0.0231760565231 0.0399086998206 0.0263906831066 
0.0278414958756 0.378511087268 0.00662917686909 0.0299267874547 -0.000918580466204 0.0196299002728 0.0160149311397 0.00797719741582 0.0430507202395 0.015337250513 0.0289528934494 0.0884610962008 -0.0150786045182 0.013974928562 0.0507714436759 0.0571253028328 0.0266627809501 -0.005773043263 0.00961002476072 0.0443658965391 0.0262058101126 -0.011750210243 0.0163726091101 0.0197723086933 0.00551846280522 -0.01309850199 0.0277311023424 0.0355941652399 0.0364211709463 0.0251697103314 
0.0173840214449 0.00662917686909 0.217234372295 0.00312763381329 0.00841759628769 0.0187747267643 0.0341409156963 0.00851319900842 0.00561274486644 0.0153969446029 0.0228814379665 0.00360584237667 -0.00926948003821 0.000982236990493 0.00214067962336 0.0128667375524 0.0198324804421 0.0242085741063 0.00782613265888 0.0356181120797 0.023640212554 0.012877739006 0.022153332271 -0.0111767401022 0.021990202378 0.0702845997626 0.00640232971618 0.0247326765051 0.00546552982834 0.00813520433738 
0.0331235687929 0.0299267874547 0.00312763381329 0.371977957009 0.0270493339936 0.0100641922802 0.0216383450083 -0.00673910968684 0.00854551537335 0.00290993898597 0.00957730694663 -0.00761270848973 0.00800486791096 0.0271783518148 0.0160354413158 0.0582030109843 0.0146645374896 -0.00734424444647 0.0268700457 0.0881136846084 0.0303157891746 0.0133075666635 0.00399503738051 -0.00216377506965 0.0226985060684 -0.0025502975384 0.0538389245906 0.011488773764 -0.0112010157516 -0.00428618952403 
0.0193581758165 -0.000918580466203 0.00841759628769 0.0270493339936 0.473741346915 0.0106598402562 0.00258718381144 0.00485439353827 8.63762607679e-05 0.0271345158 0.0112256995375 0.00545151735412 0.0221180186336 0.0180499504988 -0.00613672723568 0.00746464515149 0.00704814582858 0.00846827205077 0.0229963281846 0.0538803658108 -0.00223723327059 0.0687359411968 0.0007399250302 0.0258467926139 0.0167563179891 -0.0180564334075 0.0992981676056 0.0387240085699 0.00064429835687 0.0059962255583 
0.0118525139587 0.0196299002728 0.0187747267643 0.0100641922802 0.0106598402562 0.162592903652 -0.0095696280232 0.0143380648394 0.0175733617672 -0.00486514857193 0.0202592594067 0.0193385287575 0.00810036687726 0.0212609711224 0.00140272950119 0.0197292958606 0.00508879639047 0.0015862604978 0.0121196202764 0.0281321644002 0.00125467197675 0.0248964802281 0.01032788572 -0.00477856533059 0.0103894213655 0.0318092936103 0.01020128893 0.00825574431809 0.0102579376497 0.00669832023849 
0.0114093170424 0.0160149311397 0.0341409156963 0.0216383450083 0.00258718381144 -0.0095696280232 0.512378604886 -0.0070891864245 -0.00326303368762 0.00499752538356 0.0021465735997 0.00949983951753 -0.000388792636173 0.0516130660778 0.0146164038044 0.00352978435737 0.0107797860944 -0.00898617753757 0.0189065379087 0.0833867577277 0.00250113395024 -0.010505999371 0.0177150967251 0.0205436490256 0.00792286778826 -0.0167940912955 0.01783278625 0.0471241615288 0.0697635444587 0.0126906827628 
0.00641529435522 0.00797719741582 0.00851319900842 -0.00673910968684 0.00485439353826 0.0143380648394 -0.00708918642449 0.264182524669 -0.00340845380011 0.0208642942135 0.0116193128517 0.0466715558087 0.00676321088634 0.00513603859266 0.0141917852605 0.0235242215083 0.00341884018588 0.012178654627 0.00511425313082 0.0109336497585 0.010082293006 0.0133778745092 0.0169218749523 0.0116852928348 0.00854577328624 0.0247293518695 0.0510179066465 -0.00359258747741 0.00496658053844 0.0325011108677 
0.00751810712191 0.0430507202395 0.00561274486644 0.00854551537335 8.63762607707e-05 0.0175733617672 -0.00326303368762 -0.00340845380011 1.30109262268 0.0421578216493 -0.00164464362321 0.0756267746508 0.00126022134895 0.00389152990312 0.0148975031531 0.0264747085332 0.0240641077617 0.0179480949393 0.0372308375652 0.0346916545936 0.00737564596186 0.021849208259 0.0088466164216 0.0132070417192 0.0240032024489 0.021194378639 0.02505385179 0.0100217327035 0.0107658790555 0.00787364641973 
0.0121097612296 0.015337250513 0.0153969446029 0.00290993898597 0.0271345158 -0.00486514857193 0.00499752538356 0.0208642942135 0.0421578216493 0.301239017018 -0.00649398896215 0.0439661140938 0.00336705242533 -0.0147787281905 0.0275500976096 0.0112207726767 0.0209223280447 -0.00426254156781 0.0132042905205 0.0327631270762 0.0261786973767 0.0123327559917 0.0108858236267 0.0524104137348 0.0187784069165 -0.0107061425311 0.0209973324886 0.0155002447454 0.0476392635041 0.00997932595461 
0.019380670344 0.0289528934494 0.0228814379665 0.00957730694663 0.0112256995375 0.0202592594067 0.0021465735997 0.0116193128517 -0.00164464362321 -0.00649398896216 0.302934576143 0.012284067807 -0.00702824551768 -0.00827599430844 0.0544723118103 0.0152952907149 0.00464027627751 0.0085161003373 0.0628015153162 0.0311239413403 0.0267734455584 0.0225926522505 0.0134099356997 -0.00313911843758 -0.0147727380192 0.48862195243 -0.000471299454362 0.0106990658093 -0.018857060551 0.0320462282241 
0.0193600566789 0.0884610962008 0.00360584237667 -0.00761270848973 0.00545151735412 0.0193385287575 0.00949983951754 0.0466715558087 0.0756267746508 0.0439661140938 0.012284067807 0.347522279741 -0.00156848086689 0.00806482297702 0.0315895797406 0.00111547612843 0.0457887235435 0.0191222256082 0.0138286690358 0.0250814673728 0.0342257734378 0.000556398538706 0.012861736287 0.0775183368531 -0.00809446174512 0.0182103731304 0.0135098651617 0.000332232048661 0.0157813345074 0.0224851651963 
0.0167710871704 -0.0150786045182 -0.00926948003821 0.00800486791095 0.0221180186336 0.00810036687726 -0.000388792636174 0.00676321088634 0.00126022134895 0.00336705242533 -0.00702824551769 -0.00156848086689 0.256066494812 0.000256800150787 0.0149351062569 0.0117369448438 0.0855116812831 -0.00910720372433 0.0208794561319 -0.00789908519273 0.0107131259418 0.00753208623829 0.00884546610513 0.0163215101663 0.0289851329065 -0.00165603464214 0.00352692716715 0.0104257926608 -0.00380628974168 0.00490346862426 
0.0155582408779 0.013974928562 0.000982236990498 0.0271783518147 0.0180499504988 0.0212609711224 0.0516130660778 0.00513603859266 0.00389152990312 -0.0147787281905 -0.00827599430844 0.00806482297702 0.000256800150787 0.180992355021 0.0182814722169 -0.00685964835462 0.00269246095691 0.0144702034987 0.00276009912954 0.0146064628003 0.0278071061573 -0.0074520785868 0.0175184650522 -0.0032875853417 0.0156278413273 -0.00368249698188 -0.0100736351109 0.00416349179646 0.0294585300935 -0.000389680453296 
0.0231227383622 0.050771443676 0.00214067962337 0.0160354413158 -0.00613672723568 0.00140272950119 0.0146164038044 0.0141917852605 0.0148975031531 0.0275500976096 0.0544723118103 0.0315895797406 0.0149351062569 0.0182814722169 0.345964260434 0.0240056774395 0.0198703927355 0.00571886802964 0.0217588290034 0.0585837546989 0.0372064728134 -0.0167666300965 0.0323892408956 0.0373479980115 0.0123421902142 0.0407185264639 0.0145356601754 0.0118856511782 0.00612236954925 0.0171747135084 
0.0624409969037 0.0571253028328 0.0128667375524 0.0582030109843 0.00746464515149 0.0197292958606 0.00352978435736 0.0235242215083 0.0264747085332 0.0112207726767 0.0152952907149 0.00111547612843 0.0117369448438 -0.00685964835462 0.0240056774395 0.383221306875 0.00300079604437 0.00611248817774 0.0163441308025 0.0992885284765 0.0296243902727 0.00747054949637 0.0169891423689 0.0109890366083 0.0229191581937 0.0330651775947 0.0478356995444 0.0465398593375 -0.0225904326544 0.0353278878272 
0.0295765208934 0.0266627809501 0.0198324804421 0.0146645374896 0.00704814582858 0.00508879639047 0.0107797860944 0.00341884018588 0.0240641077617 0.0209223280448 0.00464027627751 0.0457887235435 0.0855116812831 0.00269246095691 0.0198703927355 0.00300079604437 0.277930397851 -0.00389936775518 0.0178718053123 0.030214732315 0.00744293744928 0.0190569707079 0.0317424075083 0.00380181900861 0.00855641537339 -0.031873499901 0.0271353863716 -0.00158128929678 0.00755661529537 0.00482169393251 
0.00286546628325 -0.005773043263 0.0242085741064 -0.00734424444647 0.00846827205077 0.00158626049781 -0.00898617753757 0.012178654627 0.0179480949393 -0.00426254156781 0.0085161003373 0.0191222256082 -0.00910720372434 0.0144702034987 0.00571886802964 0.00611248817775 -0.00389936775517 0.163207497377 0.0159304692272 0.0141984864436 0.00691397582617 0.00806046171045 0.0120303902455 -0.015552591488 0.0115045169077 0.0105877706744 9.94386059981e-05 0.0201332031879 0.00534393801453 0.0112748470595 
0.0132428440538 0.00961002476072 0.00782613265887 0.0268700457 0.0229963281846 0.0121196202764 0.0189065379087 0.00511425313082 0.0372308375652 0.0132042905205 0.0628015153162 0.0138286690358 0.0208794561319 0.00276009912954 0.0217588290034 0.0163441308025 0.0178718053123 0.0159304692272 0.238134995595 0.00548021655842 0.02112706419 0.0258018795013 0.00561508614507 0.000106796561342 0.0389029764824 0.21410191456 0.019392613125 0.00467245283853 0.0250101867605 0.0121923290568 
0.0835397361873 0.0443658965391 0.0356181120797 0.0881136846084 0.0538803658108 0.0281321644002 0.0833867577277 0.0109336497585 0.0346916545936 0.0327631270762 0.0311239413403 0.0250814673728 -0.00789908519273 0.0146064628003 0.0585837546989 0.0992885284765 0.030214732315 0.0141984864436 0.00548021655842 0.610260854792 0.0135338162281 0.0291869594626 0.0154961084253 0.0108952261196 0.0157663125161 0.0209382733031 0.0500453824472 0.0473541625561 -0.00694013439392 0.0622973983551 
0.007073961813 0.0262058101126 0.023640212554 0.0303157891746 -0.00223723327058 0.00125467197675 0.00250113395024 0.010082293006 0.00737564596186 0.0261786973767 0.0267734455584 0.0342257734378 0.0107131259418 0.0278071061573 0.0372064728134 0.0296243902727 0.00744293744928 0.00691397582617 0.02112706419 0.0135338162281 0.328907613381 0.0213396973347 -0.00656325145643 0.0315630430088 0.0118800775222 0.106583513177 0.0192617007794 0.0141444867911 0.00483057070686 -0.0125198249549 
0.0161841320477 -0.011750210243 0.012877739006 0.0133075666635 0.0687359411968 0.0248964802281 -0.010505999371 0.0133778745092 0.021849208259 0.0123327559917 0.0225926522505 0.000556398538711 0.0075320862383 -0.0074520785868 -0.0167666300965 0.00747054949637 0.0190569707079 0.00806046171045 0.0258018795013 0.0291869594626 0.0213396973347 0.224154735181 0.017781764532 0.0120213820157 0.0273539307705 -0.00330757158939 0.0340368233445 0.0269822601689 0.0121648851551 0.00627129797212 
0.0236856977224 0.0163726091101 0.022153332271 0.00399503738051 0.000739925030201 0.01032788572 0.0177150967251 0.0169218749523 0.0088466164216 0.0108858236267 0.0134099356997 0.012861736287 0.00884546610513 0.0175184650522 0.0323892408956 0.0169891423689 0.0317424075083 0.0120303902455 0.00561508614507 0.0154961084253 -0.00656325145643 0.017781764532 0.111828258345 0.0060086055703 0.0104888162064 0.018843804107 0.0128498031372 0.0121070996106 -0.00815167317338 0.0109208113323 
-0.0144586473069 0.0197723086933 -0.0111767401022 -0.00216377506965 0.0258467926139 -0.00477856533059 0.0205436490256 0.0116852928348 0.0132070417192 0.0524104137348 -0.00313911843758 0.0775183368531 0.0163215101663 -0.0032875853417 0.0373479980115 0.0109890366083 0.00380181900861 -0.015552591488 0.000106796561342 0.0108952261196 0.0315630430088 0.0120213820157 0.0060086055703 0.619792082922 0.027187728271 0.00617479308566 0.00607830001976 0.0134137492449 0.0148189769434 0.031904617533 
0.035167503852 0.00551846280522 0.021990202378 0.0226985060684 0.0167563179891 0.0103894213655 0.00792286778826 0.00854577328624 0.0240032024489 0.0187784069165 -0.0147727380192 -0.00809446174512 0.0289851329065 0.0156278413273 0.0123421902142 0.0229191581937 0.0085564153734 0.0115045169077 0.0389029764824 0.0157663125161 0.0118800775222 0.0273539307705 0.0104888162064 0.027187728271 0.218253195735 0.00473476972188 0.0296610217423 0.00793166370784 -0.00631110112309 0.0184900010955 
-0.0143448544618 -0.01309850199 0.0702845997626 -0.0025502975384 -0.0180564334075 0.0318092936103 -0.0167940912955 0.0247293518695 0.021194378639 -0.0107061425311 0.48862195243 0.0182103731304 -0.00165603464214 -0.00368249698188 0.0407185264639 0.0330651775947 -0.031873499901 0.0105877706744 0.21410191456 0.0209382733031 0.106583513177 -0.00330757158939 0.018843804107 0.00617479308567 0.00473476972188 3.16090849068 -0.0235262362658 0.0321370559315 -0.0118478614428 0.00296652485639 
0.0164165291832 0.0277311023424 0.00640232971618 0.0538389245906 0.0992981676056 0.01020128893 0.01783278625 0.0510179066465 0.02505385179 0.0209973324886 -0.000471299454358 0.0135098651617 0.00352692716715 -0.0100736351109 0.0145356601754 0.0478356995444 0.0271353863716 9.94386059965e-05 0.019392613125 0.0500453824472 0.0192617007794 0.0340368233445 0.0128498031372 0.00607830001976 0.0296610217423 -0.0235262362658 0.274898218691 0.0124302614448 0.00233730329632 0.0254562043626 
0.0231760565231 0.0355941652399 0.0247326765051 0.011488773764 0.0387240085699 0.00825574431809 0.0471241615288 -0.00359258747741 0.0100217327035 0.0155002447454 0.0106990658093 0.00033223204866 0.0104257926608 0.00416349179646 0.0118856511782 0.0465398593375 -0.00158128929678 0.0201332031879 0.00467245283853 0.0473541625561 0.0141444867911 0.0269822601689 0.0121070996106 0.0134137492448 0.00793166370785 0.0321370559315 0.0124302614448 0.241306199876 0.017564771348 0.0236812803154 
0.0399086998206 0.0364211709463 0.00546552982834 -0.0112010157516 0.00064429835687 0.0102579376497 0.0697635444587 0.00496658053844 0.0107658790555 0.0476392635041 -0.018857060551 0.0157813345074 -0.00380628974168 0.0294585300935 0.00612236954925 -0.0225904326544 0.00755661529537 0.00534393801453 0.0250101867605 -0.00694013439392 0.00483057070686 0.0121648851551 -0.00815167317338 0.0148189769434 -0.00631110112309 -0.0118478614428 0.00233730329632 0.017564771348 3.74917458837 -0.0256745475501 
0.0263906831066 0.0251697103314 0.00813520433738 -0.00428618952403 0.0059962255583 0.00669832023849 0.0126906827628 0.0325011108678 0.00787364641973 0.0099793259546 0.0320462282241 0.0224851651963 0.00490346862426 -0.000389680453283 0.0171747135084 0.0353278878272 0.0048216939325 0.0112748470595 0.0121923290568 0.0622973983551 -0.0125198249548 0.00627129797211 0.0109208113323 0.031904617533 0.0184900010955 0.00296652485639 0.0254562043626 0.0236812803154 -0.0256745475501 0.273397619234 
0.0199570838631 0.00241114427076 0.00150550041912 0.00286858520387 0.0016764672028 0.00102645781869 0.000988075839856 0.000555580788438 0.000651087175595 0.00104873608586 0.00167841528602 0.00167663009026 0.00145241875386 0.00134738318385 0.00200248788267 0.00540754895562 0.00256140184493 0.000248156659499 0.0011468639369 0.00723475337637 0.000612623063545 0.00140158694915 0.0020512415934 -0.00125215558721 0.00304559517236 -0.00124230083775 0.00142171313146 0.00200710537085 0.00345619478766 0.00228550019935 
0.00241114427076 0.0327800217188 0.000574103557482 0.00259173581895 -7.95514019153e-05 0.001699999231 0.00138693372068 0.00069084556131 0.00372830173786 0.00132824485684 0.00250739412402 0.00766095565565 -0.00130584545664 0.00121026431508 0.00439693600102 0.00494719634521 0.00230906456383 -0.000499960212291 0.000832252557378 0.00384219934645 0.00226948972842 -0.00101759805703 0.00141790954156 0.00171233216199 0.000477912897916 -0.00113436354748 0.00240158391035 0.00308254513242 0.00315416592751 0.00217976085529 
0.00150550041912 0.000574103557481 0.0188130484982 0.000270861033605 0.000728985222394 0.0016259390327 0.00295669003014 0.000737264660877 0.00048607796393 0.00133341451668 0.00198159065541 0.000312275110024 -0.000802760519296 8.50642186304e-05 0.00018538829352 0.00111429215842 0.00171754318829 0.00209652401655 0.000677762969597 0.00308461898959 0.00204730246227 0.00111524491225 0.00191853485252 -0.000967934085996 0.00190440738937 0.00608682488893 0.000554458017762 0.0021419126157 0.000473328767648 0.000704529362114 
0.00286858520387 0.00259173581895 0.000270861033605 0.0322142360418 0.00234254103939 0.000871584618325 0.00187393564731 -0.00058362401877 0.000740063340175 0.000252008108531 0.000829419111562 -0.000659279894371 0.000693241896483 0.00235371431046 0.00138870995404 0.00504052860892 0.00126998620008 -0.000636030226224 0.0023270142177 0.00763086892919 0.0026254243561 0.00115246907931 0.000345980386059 -0.000187388417839 0.00196574828832 -0.000220862245546 0.00466258764079 0.0009949569938 -0.000970036418905 -0.000371194901325 
0.0016764672028 -7.95514019152e-05 0.000728985222394 0.00234254103939 0.0410272041251 0.000923169246217 0.000224056690496 0.00042040281241 7.48040361089e-06 0.00234991800022 0.000972174097476 0.000472115251784 0.00191547660181 0.0015631715669 -0.000531456168219 0.000646457233143 0.000610387333713 0.000733373872212 0.00199154044017 0.00466617655573 -0.000193750084652 0.00595270712295 6.40793873049e-05 0.002238397901 0.00145113970525 -0.00156373300326 0.00859947356957 0.00335359751579 5.57978744666e-05 0.000519288366031 
0.00102645781869 0.001699999231 0.0016259390327 0.000871584618325 0.000923169246217 0.0140809585037 -0.000828754097286 0.0012417128392 0.00152189777203 -0.000421334225648 0.00175450333081 0.00167476571758 0.000701512349568 0.00184125411012 0.000121479938267 0.00170860714141 0.000440702694883 0.000137374188812 0.00104958990436 0.0024363169034 0.000108657780528 0.00215609843424 0.00089442114009 -0.000413835896994 0.000899750283313 0.00275476563429 0.000883457536475 0.000714968430661 0.000888363459509 0.000580091548921 
0.000988075839856 0.00138693372068 0.00295669003014 0.00187393564731 0.000224056690496 -0.000828754097286 0.0443732888187 -0.000613941553578 -0.000282587006688 0.000432798393822 0.000185898726843 0.000822710235406 -3.36704299731e-05 0.00446982263906 0.00126581770066 0.000305688292336 0.000933556860508 -0.000778225803045 0.00163735421266 0.00722150505314 0.000216604553918 -0.000909846234742 0.00153417237945 0.00177913219426 0.000686140477546 -0.00145441096954 0.00154436459128 0.0040810721016 0.00604170017593 0.0010990453664 
0.000555580788437 0.00069084556131 0.000737264660876 -0.00058362401877 0.00042040281241 0.0012417128392 -0.000613941553578 0.02287887776 -0.000295180757852 0.0018069008821 0.00100626201041 0.00404187529645 0.000585711243872 0.000444793989606 0.00122904465606 0.00203725734304 0.000296080245246 0.00105470242909 0.000442907313267 0.000946881844695 0.000873152187163 0.00115855791736 0.00146547735883 0.00101197604456 0.000740085676087 0.00214162469381 0.00441828032037 -0.000311127202076 0.000430118491623 0.00281467876627 
0.000651087175595 0.00372830173786 0.00048607796393 0.000740063340175 7.48040361113e-06 0.00152189777203 -0.000282587006688 -0.000295180757852 0.112677926392 0.00365097445165 -0.000142430315787 0.00654947080538 0.000109138370258 0.000337016375569 0.00129016161836 0.00229277701476 0.0020840128641 0.00155435061669 0.00322428511357 0.00300438541774 0.000638749677229 0.00189219694049 0.000766139455864 0.00114376336376 0.00207873830929 0.00183548703188 0.00216972721128 0.000867907511121 0.000932352475615 0.00068187778199 
0.00104873608586 0.00132824485684 0.00133341451668 0.000252008108532 0.00234991800022 -0.000421334225648 0.000432798393822 0.0018069008821 0.00365097445165 0.0260880641348 -0.000562395941312 0.00380757717109 0.000291595293621 -0.00127987540486 0.00238590844066 0.000971747418811 0.00181192675931 -0.000369146928241 0.00114352510297 0.00283737003554 0.00226714169662 0.00106804799875 0.000942739980185 0.00453887497172 0.00162625774323 -0.000927179140843 0.00181842233469 0.00134236057144 0.00412568124121 0.000864234978934 
0.00167841528602 0.00250739412402 0.00198159065541 0.000829419111562 0.000972174097476 0.00175450333081 0.000185898726843 0.00100626201041 -0.000142430315788 -0.000562395941312 0.0262349038624 0.00106383147826 -0.000608663916235 -0.000716722131268 0.00471744058306 0.00132461103174 0.00040185971369 0.000737515923328 0.005438770766 0.00269541238666 0.00231864840004 0.00195658107878 0.00116133449791 -0.000271855631244 -0.00127935664081 0.0423159023651 -4.08157300267e-05 0.00092656627876 -0.00163306934779 0.00277528477376 
0.00167663009026 0.00766095565565 0.000312275110024 -0.000659279894371 0.000472115251784 0.00167476571758 0.000822710235406 0.00404187529645 0.00654947080538 0.00380757717109 0.00106383147826 0.0300963122637 -0.000135834427608 0.000698434157512 0.00273573785503 9.66030664538e-05 0.00396541977955 0.00165603331536 0.00119759786855 0.0021721187909 0.00296403892613 4.81855269148e-05 0.00111385903613 0.00671328489739 -0.000701000950123 0.00157706457433 0.00116998864318 2.87721394092e-05 0.0013667036589 0.00194727242683 
0.00145241875386 -0.00130584545664 -0.000802760519296 0.000693241896483 0.00191547660181 0.000701512349568 -3.36704299731e-05 0.000585711243872 0.000109138370258 0.000291595293621 -0.000608663916235 -0.000135834427608 0.0221760089565 2.22395454277e-05 0.00129341814267 0.00101644923975 0.00740552883114 -0.000788706978271 0.00180821394274 -0.000684080844356 0.000927783921957 0.000652297802586 0.000766039835536 0.00141348424322 0.00251018614291 -0.000143416806964 0.000305440852405 0.000902900129882 -0.000329634361046 0.000424652839527 
0.00134738318385 0.00121026431508 8.50642186308e-05 0.00235371431046 0.0015631715669 0.00184125411012 0.00446982263906 0.000444793989606 0.000337016375569 -0.00127987540486 -0.000716722131268 0.000698434157512 2.22395454277e-05 0.0156743977339 0.00158322193584 -0.000594062973613 0.000233173958738 0.00125315638278 0.000239031596314 0.00126495678445 0.00240816603379 -0.000645368936717 0.00151714357705 -0.000284713242302 0.00135341075958 -0.000318913593566 -0.00087240239145 0.000360568966418 0.00255118354191 -3.37473171913e-05 
0.00200248788267 0.00439693600102 0.00018538829352 0.00138870995404 -0.000531456168219 0.000121479938266 0.00126581770066 0.00122904465606 0.00129016161836 0.00238590844066 0.00471744058306 0.00273573785503 0.00129341814267 0.00158322193584 0.0299613838338 0.00207895264977 0.00172082648921 0.000495268499456 0.00188436986735 0.00507350198183 0.00322217506416 -0.00145203275994 0.00280499054249 0.00323443150584 0.00106886502638 0.00352632783224 0.00125882509727 0.00102932758609 0.000530212756101 0.0014873738201 
0.00540754895562 0.00494719634521 0.00111429215842 0.00504052860892 0.000646457233143 0.00170860714141 0.000305688292336 0.00203725734304 0.00229277701476 0.000971747418812 0.00132461103174 9.66030664537e-05 0.00101644923975 -0.000594062973613 0.00207895264977 0.0331879387025 0.0002598765606 0.000529357004226 0.00141544324777 0.0085986387965 0.00256554745478 0.000646968564409 0.001471302888 0.000951678486587 0.00198485732291 0.00286352837776 0.00414269310133 0.00403047004748 -0.00195638885612 0.00305948483204 
0.00256140184493 0.00230906456383 0.00171754318829 0.00126998620008 0.000610387333713 0.000440702694883 0.000933556860508 0.000296080245245 0.0020840128641 0.00181192675931 0.00040185971369 0.00396541977955 0.00740552883115 0.000233173958738 0.00172082648921 0.0002598765606 0.0240694785022 -0.000337695153468 0.00154774374119 0.00261667257534 0.000644577290985 0.00165038207522 0.00274897312795 0.000329247184205 0.000741007307869 -0.00276032606218 0.00234999339393 -0.000136943670174 0.000654422081241 0.000417570943483 
0.000248156659499 -0.000499960212291 0.00209652401655 -0.000636030226224 0.000733373872212 0.000137374188812 -0.000778225803045 0.00105470242909 0.00155435061669 -0.000369146928241 0.000737515923328 0.00165603331536 -0.000788706978271 0.00125315638278 0.000495268499456 0.000529357004226 -0.000337695153468 0.0141341838816 0.0013796191045 0.00122962499554 0.000598767870662 0.000698056460748 0.001041862357 -0.00134689393233 0.000996320390036 0.000916927837344 8.61163589113e-06 0.00174358654203 0.000462798607683 0.000976430397728 
0.0011468639369 0.000832252557378 0.000677762969597 0.0023270142177 0.00199154044017 0.00104958990436 0.00163735421266 0.000442907313268 0.00322428511357 0.00114352510297 0.005438770766 0.00119759786855 0.00180821394274 0.000239031596314 0.00188436986735 0.00141544324777 0.00154774374119 0.0013796191045 0.0206230955715 0.000474600675783 0.0018296574296 0.00223450831135 0.000486280724607 9.24885351591e-06 0.00336909659166 0.0185417697008 0.0016794495612 0.000404646285615 0.0021659457088 0.00105588666945 
0.00723475337637 0.00384219934645 0.00308461898959 0.00763086892919 0.00466617655573 0.0024363169034 0.00722150505314 0.000946881844695 0.00300438541774 0.00283737003554 0.00269541238666 0.0021721187909 -0.000684080844356 0.00126495678445 0.00507350198183 0.0085986387965 0.00261667257534 0.00122962499554 0.000474600675783 0.0528501403185 0.00117206286637 0.00252766483538 0.00134200235561 0.000943554259951 0.0013654027163 0.00181330765918 0.00433405725414 0.00410099077485 -0.000601033269082 0.00539511295652 
0.000612623063546 0.00226948972842 0.00204730246226 0.0026254243561 -0.000193750084652 0.000108657780528 0.000216604553918 0.000873152187164 0.000638749677229 0.00226714169662 0.00231864840004 0.00296403892613 0.000927783921957 0.00240816603379 0.00322217506416 0.00256554745478 0.000644577290985 0.000598767870662 0.0018296574296 0.00117206286637 0.0284842348686 0.0018480720001 -0.000568394249269 0.00273343970663 0.00102884489332 0.00923040300358 0.0016681122195 0.00122494848846 0.000418339694692 -0.00108424864618 
0.00140158694915 -0.00101759805703 0.00111524491225 0.00115246907931 0.00595270712295 0.00215609843424 -0.000909846234742 0.00115855791736 0.00189219694049 0.00106804799875 0.00195658107878 4.81855269153e-05 0.000652297802586 -0.000645368936717 -0.00145203275994 0.000646968564409 0.00165038207522 0.000698056460748 0.00223450831135 0.00252766483538 0.0018480720001 0.0194123695046 0.00153994598089 0.00104108222142 0.00236891989406 -0.000286444102125 0.00294767536804 0.00233673227578 0.00105350995785 0.000543110335856 
0.0020512415934 0.00141790954156 0.00191853485252 0.000345980386059 6.4079387305e-05 0.000894421140091 0.00153417237945 0.00146547735883 0.000766139455864 0.000942739980185 0.00116133449791 0.00111385903613 0.000766039835536 0.00151714357705 0.00280499054249 0.001471302888 0.00274897312795 0.001041862357 0.000486280724607 0.00134200235561 -0.000568394249269 0.00153994598089 0.00968461125873 0.00052036050652 0.000908358129036 0.00163192130606 0.00111282559504 0.0010485055829 -0.000705955605149 0.000945770004369 
-0.00125215558721 0.00171233216199 -0.000967934085996 -0.000187388417839 0.002238397901 -0.000413835896994 0.00177913219426 0.00101197604456 0.00114376336376 0.00453887497172 -0.000271855631243 0.00671328489739 0.00141348424322 -0.000284713242302 0.00323443150584 0.000951678486587 0.000329247184205 -0.00134689393233 9.24885351588e-06 0.000943554259952 0.00273343970663 0.00104108222142 0.00052036050652 0.0536755688875 0.00235452633539 0.00053475276753 0.000526396222893 0.0011616647606 0.00128336104911 0.00276302092816 
0.00304559517236 0.000477912897916 0.00190440738937 0.00196574828831 0.00145113970525 0.000899750283313 0.000686140477546 0.000740085676087 0.00207873830929 0.00162625774323 -0.00127935664081 -0.000701000950124 0.00251018614291 0.00135341075958 0.00106886502638 0.00198485732291 0.000741007307869 0.000996320390037 0.00336909659166 0.0013654027163 0.00102884489332 0.00236891989406 0.000908358129036 0.00235452633539 0.0189012811963 0.000410043086021 0.0025687198331 0.000686902226527 -0.000546557389845 0.00160128106647 
-0.00124230083775 -0.00113436354748 0.00608682488893 -0.000220862245546 -0.00156373300326 0.00275476563429 -0.00145441096954 0.00214162469381 0.00183548703188 -0.000927179140843 0.0423159023651 0.00157706457433 -0.000143416806964 -0.000318913593567 0.00352632783224 0.00286352837776 -0.00276032606218 0.000916927837344 0.0185417697008 0.00181330765918 0.00923040300358 -0.000286444102125 0.00163192130606 0.00053475276753 0.000410043086022 0.273742705197 -0.00203743182616 0.00278315068395 -0.001026054899 0.000256908588659 
0.00142171313146 0.00240158391035 0.000554458017762 0.00466258764079 0.00859947356957 0.000883457536474 0.00154436459128 0.00441828032037 0.00216972721128 0.00181842233469 -4.08157300264e-05 0.00116998864318 0.000305440852405 -0.000872402391451 0.00125882509727 0.00414269310133 0.00234999339393 8.61163589099e-06 0.0016794495612 0.00433405725414 0.0016681122195 0.00294767536804 0.00111282559504 0.000526396222893 0.0025687198331 -0.00203743182616 0.0238068840841 0.00107649221868 0.000202416403096 0.00220457196619 
0.00200710537085 0.00308254513242 0.0021419126157 0.0009949569938 0.00335359751579 0.000714968430661 0.0040810721016 -0.000311127202076 0.000867907511121 0.00134236057144 0.00092656627876 2.87721394091e-05 0.000902900129882 0.000360568966418 0.00102932758609 0.00403047004748 -0.000136943670174 0.00174358654203 0.000404646285616 0.00410099077485 0.00122494848846 0.00233673227578 0.0010485055829 0.0011616647606 0.000686902226527 0.00278315068395 0.00107649221868 0.0208977299183 0.0015211538199 0.00205085903473 
0.00345619478766 0.00315416592751 0.000473328767648 -0.000970036418905 5.57978744666e-05 0.000888363459509 0.00604170017593 0.000430118491623 0.000932352475615 0.00412568124121 -0.00163306934779 0.0013667036589 -0.000329634361046 0.00255118354191 0.000530212756101 -0.00195638885612 0.000654422081241 0.000462798607683 0.0021659457088 -0.000601033269082 0.000418339694692 0.00105350995785 -0.000705955605149 0.00128336104911 -0.000546557389845 -0.001026054899 0.000202416403096 0.0015211538199 0.324688043675 -0.0022234810409 
0.00228550019935 0.00217976085529 0.000704529362115 -0.000371194901325 0.000519288366031 0.000580091548921 0.0010990453664 0.00281467876627 0.00068187778199 0.000864234978933 0.00277528477375 0.00194727242683 0.000424652839527 -3.37473171901e-05 0.0014873738201 0.00305948483204 0.000417570943482 0.000976430397729 0.00105588666945 0.00539511295652 -0.00108424864618 0.000543110335855 0.000945770004369 0.00276302092816 0.00160128106647 0.000256908588659 0.00220457196619 0.00205085903473 -0.0022234810409 0.023676928359 

['MAS', 'FDO', 'MET', 'AZO', 'CEG', 'RRD', 'TEK', 'IPG', 'HUM', 'EMC', 'TXT', 'JBL', 'OMC', 'LLY', 'ADI', 'CFC', 'BMS', 'HCR', 'COL', 'DHI', 'CMVT', 'CNP', 'KO', 'IGT', 'TWX', 'TLAB', 'UST', 'COF', 'SANM', 'ITT']