30
0.149701567326 0.0147816990943 0.0605665428979 0.0277880817415 0.0136100125143 0.00643120824938 0.0590120409917 0.00791209609274 0.112278324126 0.399937027552 0.0444205393046 -0.00660692339257 0.0301615681032 0.0952470994091 0.134360436546 0.0493961611292 0.0316717201181 0.126255379542 0.05514883533 0.0408960175479 0.107494880462 0.0422860283868 0.0538940625226 0.034888990542 0.0431320253577 0.0950879331279 0.110057805124 0.165275344352 0.0160420823192 0.0584521455196 
0.482349035051 0.013672194188 -0.000967333050966 -0.00627966594838 -0.000256562740138 0.0284917864228 -0.00459432445914 0.00555620835284 0.053233192417 0.0385108952881 0.00626312718157 0.0246358490812 0.0292203528454 0.0162874968121 -0.0042795572977 0.0181256535844 0.0394863614012 0.0279747288086 0.0157036534217 0.0150918472751 0.0116409400944 -0.00308869566555 0.0381287727135 0.00366114869815 -0.0182590555343 0.0184704226316 0.0158072476129 -0.0333155773873 0.017263409941 -0.00076691099194 
0.013672194188 0.213248358518 0.00688498034248 0.0336788099161 0.000502186417475 0.0163495904396 0.0247452141986 0.0115777929121 0.0397438769835 0.0279313940797 0.0161392569612 0.0109087927626 0.00752642330741 0.0604993880767 -0.000106800231431 -0.00324004571917 0.00785209354497 -0.00122198562948 0.00360623099848 0.00998381908399 0.018391387601 0.00932950000262 0.0133947398092 0.0201707238742 0.0199234996062 0.0185287237839 0.0326841826436 0.00441932273957 0.0539760801761 0.00547326812772 
-0.000967333050966 0.00688498034248 0.236435924687 0.0234069228595 0.00255412105785 0.0271960363579 0.00567231298384 0.0221013780809 0.0137881038512 0.0409963013484 0.0249533601878 0.00932523974476 0.015200286837 -0.00803802097313 0.0204218849537 0.0186890127623 0.0359856948855 0.0047977091129 -0.00362184439364 -0.00217379004035 0.0286987070382 0.0368491094003 -0.0153769634584 0.0238777329013 0.0554841264254 0.0105007358967 0.0517157002935 0.0741880349871 0.0387223668772 0.0307949047428 
-0.00627966594838 0.0336788099161 0.0234069228595 0.165569261308 0.0189736933134 0.045075153436 0.0106800389907 0.0141175362951 0.0191929518108 0.00902488505715 0.00870066113523 0.0299566272859 0.0215628382561 0.0314450651604 0.0225330105108 0.0033751050424 0.0114296575161 0.00852829444728 -0.00453580522812 0.000532047215945 0.039186489962 0.00175381484937 0.000452850724526 0.00746870044647 0.0223241087236 0.0395125957613 0.0357963998483 0.0149960398084 0.0413789667249 -0.00281939728761 
-0.000256562740138 0.000502186417475 0.00255412105785 0.0189736933134 0.156224186078 0.0142919742537 0.0168957888793 0.0169307768662 0.032638743668 0.00780268211703 0.0138248716325 0.0126737322325 0.00886046444727 0.013366279993 -0.00662417485683 0.00358745463163 0.00226435049053 0.0131485333963 -0.0244976704639 0.0173777055852 0.00206432274839 -0.0017282334968 0.00440640094326 0.00551688272091 0.00841438214338 0.0359605497098 -0.0127519119728 -0.0124225579206 0.011582716663 0.0196210051063 
0.0284917864228 0.0163495904396 0.0271960363579 0.045075153436 0.0142919742537 0.206290618119 -0.00646725495033 0.0106541870722 0.0324512726247 0.00834811866929 0.0222022521778 0.0261659045384 0.0271416819798 0.0300527179973 0.0148409879505 0.0121433648011 0.0219976029886 0.00250916033668 0.0086334405122 0.022136107678 0.0206110911713 0.025485870134 0.0171292992264 0.020709841036 0.0178787109927 0.0354835251658 0.0285267688724 0.0036200597693 0.0332669179945 0.031334004622 
-0.00459432445914 0.0247452141986 0.00567231298384 0.0106800389907 0.0168957888793 -0.00646725495033 0.260709668234 0.00660721610048 0.000885805905044 0.0142504921651 0.0122619695647 0.0107591283309 0.0294560408246 0.0182424833196 0.0269236413463 0.125855998227 0.00572947614798 0.0186672148032 0.0155476049576 0.00443055190495 0.0240134698209 -0.0102787880147 0.00972774813161 0.00241318912408 0.0500352908168 0.0144815007255 0.0288668542751 -0.00776464242283 0.00842845270573 0.00803217967915 
0.00555620835284 0.0115777929121 0.0221013780809 0.0141175362951 0.0169307768662 0.0106541870722 0.00660721610048 0.175047435527 0.00363845452825 -0.00271915800933 0.0161186195259 0.0123152525231 0.0228630688596 0.0139330781726 0.0142942084536 0.00694921435991 0.00364609325158 0.0129365740295 0.0222658217765 0.0049099762619 0.0320066544489 0.0213264982537 0.016863601096 0.0118956559819 0.0468464320314 0.0178839377131 0.0287643376614 0.00610577197764 0.0015126653335 -0.000244660189298 
0.053233192417 0.0397438769835 0.0137881038512 0.0191929518108 0.032638743668 0.0324512726247 0.000885805905043 0.00363845452825 0.259907147619 0.0375890541846 0.0106922212068 0.0233079257713 0.00150551769705 0.0093016946177 0.00571587186422 0.0192839135862 0.00469170751924 0.0416219687935 0.00579156769766 0.0199100004212 0.0208967482014 0.0203302804742 0.0292819910063 0.0185981799087 -0.00046633724045 0.0437961556497 0.0398137471656 -0.00369337367545 0.0238599029913 0.01290768438 
0.0385108952881 0.0279313940797 0.0409963013484 0.00902488505715 0.00780268211703 0.00834811866929 0.0142504921651 -0.00271915800933 0.0375890541846 1.32294353959 0.0219049825481 0.0186343152198 0.0166368670933 -0.00765756497267 0.0209538399678 -0.011152484243 -0.0463249337353 0.110104844295 0.0346208324191 0.00671275524365 0.0382465407351 -0.00711759312464 0.0575821664165 0.0114884687898 0.014568775213 0.00948474469068 0.0177218421897 -0.0230354296745 0.0221906431353 0.0332522525894 
0.00626312718157 0.0161392569612 0.0249533601878 0.00870066113523 0.0138248716325 0.0222022521778 0.0122619695647 0.0161186195259 0.0106922212068 0.0219049825481 0.179422390729 0.0178487247938 0.0211527775999 0.0242579893893 0.0311528178056 -0.0069356418452 0.0151511623976 0.0203254298101 0.020217879692 0.028883715796 0.0301285778 0.00117030473776 0.00792699766754 0.0184482659098 0.0305703251677 0.0272594112175 0.0170067211121 0.0105855836575 0.0173459006507 0.021044181214 
0.0246358490812 0.0109087927626 0.00932523974476 0.0299566272859 0.0126737322325 0.0261659045384 0.0107591283309 0.0123152525231 0.0233079257713 0.0186343152198 0.0178487247938 0.170535981523 0.033827555665 0.0125461593821 0.00944210901332 0.0101938068014 0.00814597806325 0.0222237709995 -0.0155294619873 0.0141186724215 0.0587105719721 0.0187699009469 0.0253487015401 0.00392278959125 0.0445178366359 0.0188391882357 0.0446125286783 0.00874086139258 0.0258848253273 0.00976855914344 
0.0292203528454 0.00752642330741 0.015200286837 0.0215628382561 0.00886046444727 0.0271416819798 0.0294560408246 0.0228630688596 0.00150551769705 0.0166368670933 0.0211527775999 0.033827555665 0.225374527639 0.0156114157513 0.0352194453409 0.0122732944054 0.0420742290008 0.0335447738765 0.0120833559322 0.022061208163 0.021123956973 0.00960217721423 0.00675218077067 0.0136413289568 0.0443278227313 0.0377185395657 0.0368576290264 0.00743416169376 0.0286963816384 0.0280686210711 
0.0162874968121 0.0604993880767 -0.00803802097313 0.0314450651604 0.013366279993 0.0300527179973 0.0182424833196 0.0139330781726 0.0093016946177 -0.00765756497267 0.0242579893893 0.0125461593821 0.0156114157513 0.455746768392 0.00862478190358 0.0147027951596 0.0134532518207 0.0411005577021 0.0438181672627 0.0642774811214 0.0518616599895 0.0269935493133 0.0235642733815 0.0179174437071 0.0155844325135 0.034464291461 0.109739582246 0.0227268416499 0.0451501770451 -0.0129137635937 
-0.0042795572977 -0.000106800231431 0.0204218849537 0.0225330105108 -0.00662417485683 0.0148409879505 0.0269236413463 0.0142942084536 0.00571587186422 0.0209538399678 0.0311528178056 0.00944210901332 0.0352194453409 0.00862478190358 0.568454815292 -0.012480870872 0.0352587604456 -0.0118828480674 0.0434688432098 -0.00101085670209 0.0394029115539 -0.0087491502527 0.00349358932458 0.00914788959853 0.0303094403579 0.001810040644 0.0282159727819 -0.00796983710496 0.0284757808839 0.0171757212418 
0.0181256535844 -0.00324004571917 0.0186890127623 0.0033751050424 0.00358745463163 0.0121433648011 0.125855998227 0.00694921435991 0.0192839135862 -0.011152484243 -0.0069356418452 0.0101938068014 0.0122732944054 0.0147027951596 -0.012480870872 0.408657498611 0.0138492003918 0.0207083526301 0.00750132305581 -0.00646655677509 0.00517568154884 0.0106478641099 0.0128578663368 0.00465380158032 0.0586405079221 -0.000221037846574 0.0160397186957 0.0191275112155 0.00187567361665 -0.00488740424108 
0.0394863614012 0.00785209354497 0.0359856948855 0.0114296575161 0.00226435049053 0.0219976029886 0.00572947614798 0.00364609325158 0.00469170751924 -0.0463249337353 0.0151511623976 0.00814597806325 0.0420742290008 0.0134532518207 0.0352587604456 0.0138492003918 0.276066091514 0.0452841347436 0.0242697155368 -0.00622111422244 0.0283269843441 0.00869768017006 0.0348710412334 0.0108923394884 0.0265530939684 0.0104133505124 -0.0126850817973 -0.0195758921575 0.0321204152323 0.023838538675 
0.0279747288086 -0.00122198562948 0.0047977091129 0.00852829444728 0.0131485333963 0.00250916033668 0.0186672148032 0.0129365740295 0.0416219687935 0.110104844295 0.0203254298101 0.0222237709995 0.0335447738765 0.0411005577021 -0.0118828480674 0.0207083526301 0.0452841347436 0.523520781938 0.0227319552223 0.0310951561306 0.0528977292634 0.0288018733073 0.0131651744972 0.0154354329348 0.0360703707586 0.0408299380052 0.0269644165993 -0.0137418514709 0.023607663793 0.0253840918453 
0.0157036534217 0.00360623099848 -0.00362184439364 -0.00453580522812 -0.0244976704639 0.0086334405122 0.0155476049576 0.0222658217765 0.00579156769766 0.0346208324191 0.020217879692 -0.0155294619873 0.0120833559322 0.0438181672627 0.0434688432098 0.00750132305581 0.0242697155368 0.0227319552223 0.426444774237 0.0273206447452 0.054797762016 -0.00776030718394 -0.00698013362897 0.0131618424991 0.000670654190371 0.00433380240656 0.0498189718555 -0.00440228081185 0.0173740875424 0.0215800218641 
0.0150918472751 0.00998381908399 -0.00217379004035 0.000532047215945 0.0173777055852 0.022136107678 0.00443055190495 0.0049099762619 0.0199100004212 0.00671275524365 0.028883715796 0.0141186724215 0.022061208163 0.0642774811214 -0.00101085670209 -0.00646655677509 -0.00622111422244 0.0310951561306 0.0273206447452 0.210134322927 0.0305257778467 -0.012565630381 0.0182697712064 0.022995147793 0.00782256372832 0.0109579704509 0.0467355527282 0.006567897848 0.00780630275064 0.0414515423103 
0.0116409400944 0.018391387601 0.0286987070382 0.039186489962 0.00206432274839 0.0206110911713 0.0240134698209 0.0320066544489 0.0208967482014 0.0382465407351 0.0301285778 0.0587105719721 0.021123956973 0.0518616599895 0.0394029115539 0.00517568154884 0.0283269843441 0.0528977292634 0.054797762016 0.0305257778467 0.472678599179 0.0279170578166 -0.00268383778772 0.0246330004171 0.0259491701938 0.02689321693 0.0569079034196 -0.000489674462433 0.0559321936971 0.0455485927205 
-0.00308869566555 0.00932950000262 0.0368491094003 0.00175381484937 -0.0017282334968 0.025485870134 -0.0102787880147 0.0213264982537 0.0203302804742 -0.00711759312464 0.00117030473776 0.0187699009469 0.00960217721423 0.0269935493133 -0.0087491502527 0.0106478641099 0.00869768017006 0.0288018733073 -0.00776030718394 -0.012565630381 0.0279170578166 0.244698226648 -0.00680595842341 0.00911038983991 0.035729995792 0.0165559092289 0.0440769701391 -0.0124838992274 0.00896552129097 0.0145034310011 
0.0381287727135 0.0133947398092 -0.0153769634584 0.000452850724526 0.00440640094326 0.0171292992264 0.00972774813161 0.016863601096 0.0292819910063 0.0575821664165 0.00792699766754 0.0253487015401 0.00675218077067 0.0235642733815 0.00349358932458 0.0128578663368 0.0348710412334 0.0131651744972 -0.00698013362897 0.0182697712064 -0.00268383778772 -0.00680595842341 0.42055663149 -0.00598699868505 0.0240947934336 0.0323880889841 0.0178953689202 -0.021115189693 -0.0147094234166 -0.0159291750861 
0.00366114869815 0.0201707238742 0.0238777329013 0.00746870044647 0.00551688272091 0.020709841036 0.00241318912408 0.0118956559819 0.0185981799087 0.0114884687898 0.0184482659098 0.00392278959125 0.0136413289568 0.0179174437071 0.00914788959853 0.00465380158032 0.0108923394884 0.0154354329348 0.0131618424991 0.022995147793 0.0246330004171 0.00911038983991 -0.00598699868505 0.157576786098 0.0252147971564 0.0227780019507 0.0166778960653 0.00470022620488 0.00921593231052 0.0212170294836 
-0.0182590555343 0.0199234996062 0.0554841264254 0.0223241087236 0.00841438214338 0.0178787109927 0.0500352908168 0.0468464320314 -0.00046633724045 0.014568775213 0.0305703251677 0.0445178366359 0.0443278227313 0.0155844325135 0.0303094403579 0.0586405079221 0.0265530939684 0.0360703707586 0.000670654190371 0.00782256372832 0.0259491701938 0.035729995792 0.0240947934336 0.0252147971564 0.364842303611 0.119690128213 0.0761780436935 0.0243357044562 0.0361850704279 0.0170076030472 
0.0184704226316 0.0185287237839 0.0105007358967 0.0395125957613 0.0359605497098 0.0354835251658 0.0144815007255 0.0178839377131 0.0437961556497 0.00948474469068 0.0272594112175 0.0188391882357 0.0377185395657 0.034464291461 0.001810040644 -0.000221037846574 0.0104133505124 0.0408299380052 0.00433380240656 0.0109579704509 0.02689321693 0.0165559092289 0.0323880889841 0.0227780019507 0.119690128213 0.27019772592 0.0708046286721 0.0203497695698 0.0461539599051 0.0339931109943 
0.0158072476129 0.0326841826436 0.0517157002935 0.0357963998483 -0.0127519119728 0.0285267688724 0.0288668542751 0.0287643376614 0.0398137471656 0.0177218421897 0.0170067211121 0.0446125286783 0.0368576290264 0.109739582246 0.0282159727819 0.0160397186957 -0.0126850817973 0.0269644165993 0.0498189718555 0.0467355527282 0.0569079034196 0.0440769701391 0.0178953689202 0.0166778960653 0.0761780436935 0.0708046286721 0.454812699384 -0.0192197887556 0.0572787389955 0.04475086409 
-0.0333155773873 0.00441932273957 0.0741880349871 0.0149960398084 -0.0124225579206 0.0036200597693 -0.00776464242283 0.00610577197764 -0.00369337367545 -0.0230354296745 0.0105855836575 0.00874086139258 0.00743416169376 0.0227268416499 -0.00796983710496 0.0191275112155 -0.0195758921575 -0.0137418514709 -0.00440228081185 0.006567897848 -0.000489674462433 -0.0124838992274 -0.021115189693 0.00470022620488 0.0243357044562 0.0203497695698 -0.0192197887556 1.37413310639 0.01034355201 -0.00200959553908 
0.017263409941 0.0539760801761 0.0387223668772 0.0413789667249 0.011582716663 0.0332669179945 0.00842845270573 0.0015126653335 0.0238599029913 0.0221906431353 0.0173459006507 0.0258848253273 0.0286963816384 0.0451501770451 0.0284757808839 0.00187567361665 0.0321204152323 0.023607663793 0.0173740875424 0.00780630275064 0.0559321936971 0.00896552129097 -0.0147094234166 0.00921593231052 0.0361850704279 0.0461539599051 0.0572787389955 0.01034355201 0.166245798488 0.0105530617218 
-0.00076691099194 0.00547326812772 0.0307949047428 -0.00281939728761 0.0196210051063 0.031334004622 0.00803217967915 -0.000244660189297 0.01290768438 0.0332522525894 0.021044181214 0.00976855914344 0.0280686210711 -0.0129137635937 0.0171757212418 -0.00488740424108 0.023838538675 0.0253840918453 0.0215800218641 0.0414515423103 0.0455485927205 0.0145034310011 -0.0159291750861 0.0212170294836 0.0170076030472 0.0339931109943 0.04475086409 -0.00200959553908 0.0105530617218 0.333757654351 
0.0417726517845 0.00118404674922 -8.37734996057e-05 -0.000543835023858 -2.22189850624e-05 0.00246746108413 -0.000397880169484 0.000481181758228 0.00461012969577 0.0033351413642 0.000542402724637 0.00213352711482 0.00253055678716 0.00141053860033 -0.000370620533676 0.00156972764643 0.00341961920765 0.00242268258123 0.00135997627954 0.00130699231303 0.00100813498457 -0.000267488891093 0.0033020485785 0.000317064777963 -0.00158128059418 0.00159958552176 0.00136894779967 -0.00288521363591 0.00149505515649 -6.64164401462e-05 
0.00118404674922 0.0184678495792 0.000596256788114 0.00291667049566 4.34906194969e-05 0.00141591606622 0.00214299841181 0.00100266627816 0.00344192071126 0.00241892968361 0.00139770065266 0.000944729165702 0.000651807378385 0.00523940069878 -9.24917135493e-06 -0.000280596190223 0.000680011248284 -0.000105827059819 0.00031230876566 0.000864624095352 0.00159274088733 0.000807958400688 0.00116001849518 0.00174683592878 0.00172542567912 0.00160463454965 0.00283053324713 0.000382724575999 0.00467446566292 0.000473998924033 
-8.37734996057e-05 0.000596256788114 0.0204759517146 0.00202709898207 0.000221193372044 0.00235524583682 0.000491236714223 0.00191403548767 0.00119408482051 0.00355038384289 0.00216102438324 0.000807589451535 0.00131638345457 -0.000696113035888 0.00176858711631 0.00161851598238 0.00311645259437 0.000415493797174 -0.000313660925344 -0.000188255739744 0.00248538093508 0.00319122648475 -0.00133168409881 0.00206787232773 0.00480506629912 0.000909390404497 0.00447871102287 0.00642487229557 0.00335345534103 0.00266691698144 
-0.000543835023858 0.00291667049566 0.00202709898207 0.0143387186379 0.0016431700413 0.00390362279551 0.000924918507938 0.00122261450704 0.00166215838417 0.000781577972573 0.000753499357283 0.00259432002413 0.00186739657075 0.00272322252526 0.00195141595261 0.000292292670716 0.000989837376553 0.00073857196423 -0.000392812255417 4.60766405021e-05 0.00339364957922 0.000151884821309 3.92180231562e-05 0.00064680843199 0.00193332452715 0.00342189116987 0.00310005916326 0.00129869514302 0.00358352363661 -0.000244166967443 
-2.22189850624e-05 4.34906194968e-05 0.000221193372044 0.0016431700413 0.0135294113829 0.0012377212774 0.00146321823865 0.00146624828719 0.00282659811641 0.0006757320931 0.00119726900378 0.00109757740741 0.000767338730067 0.0011575538028 -0.000573670370513 0.000310682684592 0.000196098504787 0.00113869639437 -0.00212156049553 0.00150495344963 0.000178775594171 -0.00014966941119 0.000381605515612 0.0004777760586 0.000728706869332 0.00311427495827 -0.00110434797153 -0.00107582507392 0.0010030926875 0.00169922888698 
0.00246746108413 0.00141591606622 0.00235524583682 0.00390362279551 0.0012377212774 0.0178652915853 -0.000560080707974 0.000922679666118 0.00281036264781 0.000722968284142 0.00192277144072 0.00226603380433 0.0023505386096 0.00260264172384 0.00128526725824 0.00105164624052 0.00190504830105 0.000217299659373 0.000747677880562 0.001917043159 0.0017849728554 0.00220714109736 0.00148344082791 0.00179352484455 0.00154834179066 0.00307296342094 0.00247049065314 0.000313506372343 0.00288099960889 0.00271360440049 
-0.000397880169484 0.00214299841181 0.000491236714223 0.000924918507938 0.00146321823865 -0.000560080707974 0.0225781195703 0.000572201699131 7.6713041659e-05 0.00123412882314 0.00106191771434 0.000931767845714 0.0025509679649 0.00157984539828 0.00233165573683 0.0108994491683 0.000496187189453 0.00161662822375 0.00134646208613 0.000383697050247 0.00207962748979 -0.000890169154086 0.000842447700359 0.000208988308559 0.00433318329331 0.00125413475132 0.00249994291296 -0.000672437758947 0.000729925415776 0.000695607164991 
0.000481181758228 0.00100266627816 0.00191403548767 0.00122261450704 0.00146624828719 0.000922679666118 0.000572201699131 0.0151595526033 0.000315099405198 -0.000235485991299 0.00139591339834 0.0010665321539 0.00197999984409 0.00120663996504 0.00123791476478 0.000601819617202 0.000315760938044 0.00112034017475 0.00192827672946 0.000425216417479 0.00277185758429 0.00184692892615 0.00146043069484 0.0010301940275 0.00405702002159 0.00154879443793 0.00249106471378 0.000528775364235 0.000131000660624 -2.11881939226e-05 
0.00461012969577 0.00344192071126 0.00119408482051 0.00166215838417 0.00282659811641 0.00281036264781 7.6713041659e-05 0.000315099405198 0.0225086192463 0.00325530758281 0.0009259735188 0.00201852558275 0.000130381657149 0.000805550383717 0.000495009023919 0.001670035905 0.000406313789879 0.00360456823307 0.000501564475391 0.00172425661541 0.00180971147989 0.00176065393567 0.00253589480848 0.00161064962651 -4.0385989696e-05 0.00379285833808 0.00344797164653 -0.000319855542861 0.00206632821223 0.00111783825771 
0.0033351413642 0.00241892968361 0.00355038384289 0.000781577972573 0.0006757320931 0.000722968284142 0.00123412882314 -0.000235485991299 0.00325530758281 0.114570271306 0.00189702713561 0.00161377903625 0.00144079495422 -0.000663164579746 0.0018146557719 -0.000965833466973 -0.00401185694434 0.00953535922394 0.00299825203751 0.000581341657039 0.00331224758835 -0.000616401645974 0.00498676189216 0.000994930582259 0.00126169294365 0.000821402985054 0.00153475655381 -0.00199492672852 0.00192176606814 0.00287972954755 
0.000542402724637 0.00139770065266 0.00216102438324 0.000753499357283 0.00119726900378 0.00192277144072 0.00106191771434 0.00139591339834 0.0009259735188 0.00189702713561 0.0155384348379 0.00154574490966 0.00183188427621 0.00210080350559 0.00269791316191 -0.000600644202949 0.00131212915332 0.00176023385584 0.00175091974239 0.00250140316351 0.00260921137547 0.000101351363307 0.000686498135583 0.00159766669336 0.00264746781971 0.00236073426065 0.00147282525181 0.000916738436124 0.0015021990615 0.00182247955332 
0.00213352711482 0.000944729165702 0.000807589451534 0.00259432002413 0.00109757740741 0.00226603380433 0.000931767845714 0.0010665321539 0.00201852558275 0.00161377903625 0.00154574490966 0.0147688492258 0.00292955225538 0.00108652927448 0.000817710627083 0.000882809565125 0.000705462394145 0.00192463502534 -0.00134489085881 0.00122271289847 0.00508448467986 0.00162552110465 0.00219526194866 0.000339723543972 0.00385535774482 0.00163152155988 0.00386355831625 0.000756980801693 0.0022416916306 0.000845982037659 
0.00253055678716 0.000651807378385 0.00131638345457 0.00186739657075 0.000767338730067 0.0023505386096 0.0025509679649 0.00197999984409 0.000130381657149 0.00144079495422 0.00183188427621 0.00292955225538 0.0195180066301 0.00135198826297 0.00305009343724 0.00106289847432 0.00364373511594 0.00290506263413 0.00104644932002 0.00191055667073 0.0018293883367 0.000831572939916 0.000584756007835 0.00118137374179 0.00383890205797 0.00326652134575 0.00319196430601 0.000643817288263 0.00248517954955 0.00243081388968 
0.00141053860033 0.00523940069878 -0.000696113035888 0.00272322252526 0.0011575538028 0.00260264172384 0.00157984539828 0.00120663996504 0.000805550383717 -0.000663164579746 0.00210080350559 0.00108652927448 0.00135198826297 0.039468827912 0.00074692802306 0.00127329941149 0.00116508578402 0.00355941270797 0.00379476459968 0.00556659315424 0.00449135150334 0.00233770994436 0.00204072593701 0.00155169614212 0.00134965144603 0.00298469519287 0.0095037266026 0.00196820222166 0.00391012003065 -0.00111836473306 
-0.000370620533676 -9.2491713549e-06 0.00176858711631 0.00195141595261 -0.000573670370513 0.00128526725824 0.00233165573683 0.00123791476478 0.000495009023919 0.0018146557719 0.00269791316191 0.000817710627083 0.00305009343724 0.00074692802306 0.0492296310946 -0.00108087512365 0.00305349822519 -0.00102908482957 0.00376451224928 -8.75427583598e-05 0.00341239223888 -0.000757698638036 0.000302553710547 0.000792230478334 0.00262487453244 0.000156754117959 0.00244357492216 -0.000690208139692 0.0024660749638 0.00148746109237 
0.00156972764643 -0.000280596190223 0.00161851598238 0.000292292670716 0.000310682684592 0.00105164624052 0.0108994491683 0.000601819617202 0.001670035905 -0.000965833466973 -0.000600644202949 0.000882809565125 0.00106289847432 0.00127329941149 -0.00108087512365 0.0353907775244 0.00119937593614 0.00179339594482 0.000649633632832 -0.000560020244224 0.000448227170319 0.000922132081521 0.00111352388861 0.000403031039273 0.00507841695513 -1.91424390331e-05 0.001389080386 0.00165649106238 0.000162438100122 -0.000423261623134 
0.00341961920765 0.000680011248284 0.00311645259437 0.000989837376553 0.000196098504787 0.00190504830105 0.000496187189453 0.000315760938044 0.000406313789879 -0.00401185694434 0.00131212915332 0.000705462394145 0.00364373511594 0.00116508578402 0.00305349822519 0.00119937593614 0.0239080248375 0.00392172110764 0.00210181901975 -0.000538764295648 0.00245318880546 0.000753241198126 0.00301992075645 0.000943304270356 0.00229956539257 0.000901822608221 -0.00109856030855 -0.00169532199101 0.00278170955713 0.00206447800816 
0.00242268258123 -0.000105827059819 0.000415493797174 0.00073857196423 0.00113869639437 0.000217299659373 0.00161662822375 0.00112034017475 0.00360456823307 0.00953535922394 0.00176023385584 0.00192463502534 0.00290506263413 0.00355941270797 -0.00102908482957 0.00179339594482 0.00392172110764 0.0453382296567 0.00196864507002 0.00269291951437 0.00458107773447 0.00249431539607 0.00114013755598 0.001336747704 0.00312378574009 0.00353597635474 0.00233518697732 -0.00119007924688 0.00204448365688 0.002198326839 
0.00135997627954 0.00031230876566 -0.000313660925344 -0.000392812255417 -0.00212156049553 0.000747677880562 0.00134646208613 0.00192827672946 0.000501564475391 0.00299825203751 0.00175091974239 -0.00134489085881 0.00104644932002 0.00379476459968 0.00376451224928 0.000649633632832 0.00210181901975 0.00196864507002 0.0369312007801 0.00236603723971 0.00474562539764 -0.000672062316246 -0.00060449730445 0.00113984899648 5.80803566016e-05 0.000375318297906 0.00431444952173 -0.000381248701765 0.00150464011793 0.00186888471486 
0.00130699231303 0.000864624095352 -0.000188255739744 4.60766405021e-05 0.00150495344963 0.001917043159 0.000383697050247 0.000425216417479 0.00172425661541 0.000581341657038 0.00250140316351 0.00122271289847 0.00191055667073 0.00556659315424 -8.75427583598e-05 -0.000560020244224 -0.000538764295648 0.00269291951437 0.00236603723971 0.0181981661862 0.00264360990855 -0.00108821551245 0.0015822085986 0.00199143821525 0.000677453891145 0.000948988078438 0.00404741759225 0.000568796638582 0.000676045649169 0.00358980886667 
0.00100813498457 0.00159274088733 0.00248538093508 0.00339364957922 0.000178775594171 0.0017849728554 0.00207962748979 0.00277185758429 0.00180971147989 0.00331224758835 0.00260921137547 0.00508448467986 0.0018293883367 0.00449135150334 0.00341239223888 0.000448227170319 0.00245318880546 0.00458107773447 0.00474562539764 0.00264360990855 0.0409351674715 0.00241768812681 -0.00023242717038 0.00213328041327 0.00224726405949 0.00232902090509 0.00492836900375 -4.24070524052e-05 0.00484387006311 0.00394462384026 
-0.000267488891093 0.000807958400688 0.00319122648475 0.000151884821309 -0.00014966941119 0.00220714109736 -0.000890169154086 0.00184692892615 0.00176065393567 -0.000616401645974 0.000101351363307 0.00162552110465 0.000831572939916 0.00233770994436 -0.000757698638036 0.000922132081521 0.000753241198126 0.00249431539607 -0.000672062316246 -0.00108821551245 0.00241768812681 0.0211914880538 -0.000589413289177 0.000788982903974 0.0030943084033 0.00143378379749 0.00381717758623 -0.00108113738692 0.000776436919615 0.0012560339689 
0.0033020485785 0.00116001849518 -0.00133168409881 3.92180231561e-05 0.000381605515612 0.00148344082791 0.000842447700359 0.00146043069484 0.00253589480848 0.00498676189216 0.000686498135583 0.00219526194866 0.000584756007835 0.00204072593701 0.000302553710547 0.00111352388861 0.00301992075645 0.00114013755598 -0.00060449730445 0.0015822085986 -0.00023242717038 -0.000589413289177 0.03642127266 -0.000518489295368 0.00208667032125 0.00280489078403 0.0015497844095 -0.00182862906798 -0.00127387343538 -0.00137950702859 
0.000317064777963 0.00174683592878 0.00206787232773 0.00064680843199 0.0004777760586 0.00179352484455 0.000208988308559 0.0010301940275 0.00161064962651 0.000994930582259 0.00159766669336 0.000339723543972 0.00118137374179 0.00155169614212 0.000792230478334 0.000403031039273 0.000943304270356 0.001336747704 0.00113984899648 0.00199143821525 0.00213328041327 0.000788982903974 -0.000518489295368 0.0136465499808 0.00218366548887 0.00197263283368 0.00144434816742 0.000407051529696 0.000798123150047 0.00183744865256 
-0.00158128059418 0.00172542567912 0.00480506629912 0.00193332452715 0.000728706869332 0.00154834179066 0.00433318329331 0.00405702002159 -4.0385989696e-05 0.00126169294365 0.00264746781971 0.00385535774482 0.00383890205797 0.00134965144603 0.00262487453244 0.00507841695513 0.00229956539257 0.00312378574009 5.80803566016e-05 0.000677453891145 0.00224726405949 0.0030943084033 0.00208667032125 0.00218366548887 0.0315962703302 0.0103654691615 0.00659721210492 0.00210753382781 0.00313371902283 0.00147290162963 
0.00159958552176 0.00160463454965 0.000909390404497 0.00342189116987 0.00311427495827 0.00307296342094 0.00125413475132 0.00154879443793 0.00379285833808 0.000821402985054 0.00236073426065 0.00163152155988 0.00326652134575 0.00298469519287 0.000156754117959 -1.91424390331e-05 0.000901822608221 0.00353597635474 0.000375318297906 0.000948988078438 0.00232902090509 0.00143378379749 0.00280489078403 0.00197263283368 0.0103654691615 0.0233998094692 0.00613186071356 0.00176234174086 0.00399705017631 0.00294388976747 
0.00136894779967 0.00283053324713 0.00447871102287 0.00310005916326 -0.00110434797153 0.00247049065314 0.00249994291296 0.00249106471378 0.00344797164653 0.00153475655381 0.00147282525181 0.00386355831625 0.00319196430601 0.0095037266026 0.00244357492216 0.001389080386 -0.00109856030855 0.00233518697732 0.00431444952173 0.00404741759225 0.00492836900375 0.00381717758623 0.0015497844095 0.00144434816742 0.00659721210492 0.00613186071356 0.039387935163 -0.00166448253177 0.00496048430668 0.00387553851432 
-0.00288521363591 0.000382724575999 0.00642487229557 0.00129869514302 -0.00107582507392 0.000313506372343 -0.000672437758947 0.000528775364235 -0.000319855542861 -0.00199492672852 0.000916738436124 0.000756980801693 0.000643817288263 0.00196820222166 -0.000690208139692 0.00165649106238 -0.00169532199101 -0.00119007924688 -0.000381248701765 0.000568796638582 -4.24070524052e-05 -0.00108113738692 -0.00182862906798 0.000407051529696 0.00210753382781 0.00176234174086 -0.00166448253177 0.119003417831 0.000895777880599 -0.000174036078818 
0.00149505515649 0.00467446566292 0.00335345534103 0.00358352363661 0.0010030926875 0.00288099960889 0.000729925415776 0.000131000660624 0.00206632821223 0.00192176606814 0.0015021990615 0.0022416916306 0.00248517954955 0.00391012003065 0.0024660749638 0.000162438100122 0.00278170955713 0.00204448365688 0.00150464011793 0.000676045649169 0.00484387006311 0.000776436919615 -0.00127387343538 0.000798123150047 0.00313371902283 0.00399705017631 0.00496048430668 0.000895777880599 0.0143973084763 0.000913921953882 
-6.64164401462e-05 0.000473998924033 0.00266691698144 -0.000244166967443 0.00169922888698 0.00271360440049 0.000695607164991 -2.11881939226e-05 0.00111783825771 0.00287972954755 0.00182247955332 0.000845982037659 0.00243081388968 -0.00111836473306 0.00148746109237 -0.000423261623134 0.00206447800816 0.002198326839 0.00186888471486 0.00358980886667 0.00394462384026 0.0012560339689 -0.00137950702859 0.00183744865256 0.00147290162963 0.00294388976747 0.00387553851432 -0.000174036078818 0.000913921953882 0.0289042607375 

['CTXS', 'SAFC', 'WMI', 'KEY', 'SLE', 'SNV', 'MO', 'CPB', 'CSX', 'JDSU', 'ITW', 'PPG', 'EOP', 'YHOO', 'TXU', 'NWL', 'ORCL', 'TER', 'NBR', 'FISV', 'NUE', 'AT', 'AV', 'PG', 'CFC', 'GDW', 'CTX', 'GT', 'HBAN', 'BMET']