30
0.0564449965361 0.0136100125143 0.0824662750087 0.0979044774238 0.0176197090425 -0.00694067656108 0.330982708656 0.0172601721071 0.162419244675 0.00791209609274 0.0731585002716 0.0407864154506 0.00265371642944 0.0524263551757 0.0658076634161 0.0392369654355 0.0464034886179 0.0316717201181 0.0324129219316 0.0360508970818 0.0493961611292 0.114977551813 0.0277880817415 0.0243185800675 0.0566217234647 0.09797045465 0.0798623823862 0.0160420823192 0.0147816990943 0.0262084488718 
0.268902266973 0.00844701211135 0.0783750157615 -0.00569828043481 0.0330159732297 0.00792899585693 0.034647223568 0.017359330229 0.0102001552817 0.0230538086572 -0.00058945400978 0.0188276708022 -0.00936632068705 -0.00961970989815 -0.00584351161095 0.0172154456007 -0.00120675330592 0.0191878966405 -0.00717926001797 0.02950118592 0.0157178298242 0.0133263291147 0.0280901281612 0.0235704366762 0.042885169283 -0.0037781384262 0.0528236534845 0.0318428203121 0.0248359914953 0.0348952850018 
0.00844701211135 0.163956171275 -0.000716556526468 0.000735629019575 0.00374364725052 0.0112590096183 0.0175894718207 0.00115973166257 0.0114986111301 0.0135111828947 0.0044223469602 0.0168818526476 -0.00250946217071 0.0213888117242 0.012094937642 0.0211463667744 0.0124281850035 0.00155695183655 0.0126355812169 0.00631811767089 0.00530013925535 0.000576285219471 0.020116782262 0.00581825226489 0.0147583164966 0.0190686541851 -0.00852708503014 0.00989894448164 0.00282655290164 -0.003561457655 
0.0783750157615 -0.000716556526469 0.419267018407 -0.0208965889343 0.00372946638208 0.00735482188563 0.025961112138 0.0330041145002 0.0168102581552 0.0256330748193 -0.00887779621544 0.0168400871308 -0.00518941257877 0.00177799551371 -0.00266819431351 0.00521209770596 -0.00152284679737 0.020785964255 0.0137714126412 0.00668637071704 0.00831053841534 0.0270003907326 0.00186761547281 -0.00317516320716 0.0256368704797 -0.0177368326976 0.204602852803 0.0123437534423 0.00520498361404 0.0297156435241 
-0.00569828043481 0.000735629019575 -0.0208965889343 0.51568917137 0.00294664390792 0.0346979996024 -0.0034075577404 0.0173588308411 -0.00228077931734 0.0161650300444 0.0163007223758 0.00875150142624 -0.000967406092053 0.02713364818 0.0395068574119 0.0183410994492 0.0480060415944 -0.0117586564156 0.0828465838956 0.0267721299171 0.0322478564937 -0.0215095440108 0.0149823115296 0.0112081209759 0.00553197912375 -0.00946109388824 -0.00126406795792 0.0247652237625 0.0124880230387 0.00725898378059 
0.0330159732297 0.00374364725051 0.00372946638208 0.00294664390792 0.192106975355 0.0197973718919 -0.0130715869834 0.0253136524174 0.0230884825645 0.0119522590544 0.0264524886205 0.00932348418261 0.000803021749354 0.0160788887827 0.0180623826021 0.0135857593553 3.79373877929e-05 0.000243548486219 0.00424803313883 0.00850459362681 0.00941063429636 0.0115653136223 0.0200382479044 -0.00410150525682 0.0167318215769 -0.0089977636537 0.0151910330216 0.0191957184252 0.0158704128248 0.0161718533879 
0.00792899585693 0.0112590096183 0.00735482188563 0.0346979996024 0.0197973718919 0.394570796963 0.000844303481643 0.0226162553243 0.0287337895081 3.72006414013e-05 0.028696926202 0.0387549727571 0.0568546820571 0.0581093923565 -0.00902495388303 0.00964576288453 0.0279730564697 -0.000125294328155 -0.00216247656856 0.0256504304102 0.00707134249758 0.0213335349448 0.01559641764 0.00236074928143 0.026331390152 0.0357696951806 0.0157176855139 0.0223043408923 0.00652411062312 0.0207993333171 
0.034647223568 0.0175894718207 0.025961112138 -0.0034075577404 -0.0130715869834 0.000844303481643 1.01129844141 0.0134121427684 0.00886533523088 0.00910255048533 0.0247296747952 0.035253608187 0.0322723890215 0.0259363090531 0.0339161215912 -0.00213450128837 -0.00246684520653 -0.00451306532647 0.043274567182 -0.0147562442158 0.0231337415592 0.0807963448284 0.00116911772468 0.0139020886323 0.00853483021009 0.124310509778 0.0117513796008 0.00107212506229 0.0172164215559 0.0160117720731 
0.017359330229 0.00115973166258 0.0330041145002 0.0173588308411 0.0253136524174 0.0226162553243 0.0134121427684 0.199062277504 0.0191493749892 0.00696866958263 0.0119123763861 0.0226573943334 0.0182029254576 0.0145466721956 0.00679492920532 0.0104122329425 -0.0101197197548 0.0149117278912 0.00408491657015 0.0134349376814 0.0172870420377 0.0182498085403 0.0194622382387 0.0226073484865 0.024982604591 0.0227750484324 0.00524129052714 0.0207254001924 0.0258964741605 0.0350640499383 
0.0102001552817 0.0114986111301 0.0168102581552 -0.00228077931734 0.0230884825645 0.0287337895081 0.00886533523088 0.0191493749892 1.30402297492 0.0139096788369 -0.010142733392 0.0354544844164 0.00210776621077 0.0213585202537 0.0303063369358 0.0188802576189 0.00351169184648 0.0186942959345 0.00346201385358 0.0135619881055 0.0111541937764 -0.00642355091798 0.0100261092444 0.0164839110984 0.0138721771764 -0.0121576781583 0.0218759956783 0.0269483174845 0.0259613419375 0.0206314993575 
0.0230538086572 0.0135111828947 0.0256330748193 0.0161650300444 0.0119522590544 3.72006414012e-05 0.00910255048533 0.00696866958263 0.0139096788369 0.181914543424 0.00773339836849 0.0285461604161 -0.00436343079689 0.012940840457 0.0120884662733 0.0240888861462 0.00828684953557 0.00803688194021 0.00936054974578 0.0098921774851 0.00991041836336 0.00549347457865 0.0193128582553 0.0155245279971 0.0116937671291 -0.00338649929958 0.0206987264982 0.00891756850251 0.0101026419469 0.0229514611979 
-0.000589454009779 0.0044223469602 -0.00887779621544 0.0163007223758 0.0264524886205 0.028696926202 0.0247296747952 0.0119123763861 -0.010142733392 0.00773339836849 0.34785238813 0.0249242752126 0.00917136752142 0.0180047851948 -0.00330294727869 0.0196853771459 0.0217360695538 0.0176050319814 0.00460153888172 0.0162621009298 0.0194420327682 0.0104815192767 0.00642067413171 0.0141266796213 0.0214160936426 -0.00526240616032 0.0125106250374 0.0132592965869 0.00913646367478 0.0197413001846 
0.0188276708022 0.0168818526476 0.0168400871308 0.00875150142624 0.00932348418261 0.0387549727571 0.035253608187 0.0226573943334 0.0354544844164 0.0285461604161 0.0249242752126 0.221619816197 0.0405893868299 0.0402509989379 0.0132013689473 0.0362442293404 -0.00463949933388 0.0161959254386 0.0157557456263 0.0406445081053 0.0263351014459 0.0309490143962 0.0173886371844 0.0200040987919 0.0243817944854 0.0120730325532 0.016007318242 0.0231027716605 0.0189944684698 0.0244053721171 
-0.00936632068705 -0.00250946217071 -0.00518941257877 -0.000967406092053 0.000803021749354 0.0568546820571 0.0322723890215 0.0182029254576 0.00210776621077 -0.00436343079689 0.00917136752142 0.0405893868299 0.234728298601 0.0048451730341 0.000503370860387 0.0114964170725 0.00527893245301 0.0082603235353 0.00220926734648 0.0164605219897 -0.018616151868 -0.0160794769702 0.0108138669821 0.00563543148616 0.0185161029584 -0.0187799672437 -0.0109443063118 0.0225290925686 0.0164841994653 0.00285524809329 
-0.00961970989815 0.0213888117242 0.00177799551371 0.02713364818 0.0160788887827 0.0581093923565 0.0259363090531 0.0145466721956 0.0213585202537 0.012940840457 0.0180047851948 0.0402509989379 0.0048451730341 0.301970170095 -0.00425555015687 0.00402919042228 0.030490422711 0.0498922946095 0.00285605235874 0.0280374485292 0.027046673341 -0.019955995747 0.00450009724603 0.00324393393831 0.0241332404404 0.0312417059006 -0.0211356292306 0.0128454410158 -0.00738219466862 -0.0166314911511 
-0.00584351161095 0.012094937642 -0.00266819431351 0.0395068574119 0.0180623826021 -0.00902495388303 0.0339161215912 0.00679492920532 0.0303063369358 0.0120884662733 -0.00330294727869 0.0132013689473 0.000503370860388 -0.00425555015687 0.249008348892 0.0239705644717 0.0221511952943 -0.0128599079244 0.0535883619795 0.00748938130749 0.00488705291925 -0.00576492837201 0.0039067116378 0.0154278629987 0.0166570163644 0.0120392649161 0.0103254339007 0.018813054554 0.0404770508007 0.00777902492149 
0.0172154456007 0.0211463667744 0.00521209770596 0.0183410994492 0.0135857593553 0.00964576288453 -0.00213450128837 0.0104122329425 0.0188802576189 0.0240888861462 0.0196853771459 0.0362442293404 0.0114964170725 0.00402919042228 0.0239705644717 0.168200200549 0.00617831008512 0.0254250394513 0.0205824245229 0.0483828501303 0.0123615564225 0.0159605371391 0.0466805345338 0.0142578485494 0.0466531279402 0.0538706478746 0.00486416414897 0.058340009961 0.0537916595092 0.0410204816892 
-0.00120675330592 0.0124281850035 -0.00152284679737 0.0480060415944 3.79373877938e-05 0.0279730564697 -0.00246684520653 -0.0101197197548 0.00351169184648 0.00828684953557 0.0217360695538 -0.00463949933388 0.00527893245301 0.030490422711 0.0221511952943 0.00617831008512 0.180358706608 0.0167441984522 0.0388036700792 0.022092855705 -0.00976720361443 -0.00636298925586 0.010477381132 0.00177757448338 0.0138103892515 -0.00494685482073 -0.00857129160549 0.00850035057609 0.00941982070274 0.00795603842193 
0.0191878966405 0.00155695183655 0.020785964255 -0.0117586564156 0.000243548486219 -0.000125294328155 -0.00451306532647 0.0149117278912 0.0186942959345 0.00803688194021 0.0176050319814 0.0161959254386 0.0082603235353 0.0498922946095 -0.0128599079244 0.0254250394513 0.0167441984522 0.286013512155 -0.00845362917413 0.0367337928467 0.0157167450362 0.018621258724 0.00913097109166 0.0173825679274 0.0418278212907 -0.00329423048259 0.0209347467537 0.0303752006211 0.00530596764066 0.0178848404112 
-0.00717926001797 0.0126355812169 0.0137714126412 0.0828465838956 0.00424803313883 -0.00216247656855 0.043274567182 0.00408491657015 0.00346201385358 0.00936054974578 0.00460153888172 0.0157557456263 0.00220926734648 0.00285605235874 0.0535883619795 0.0205824245229 0.0388036700792 -0.00845362917413 0.27297078382 0.0245675528965 0.000472395073406 -0.000506782929387 0.000533710979284 0.00350903626621 0.0175093279929 0.00255968369855 -0.0141249799399 0.00871189340502 0.00662486542927 0.0131093282777 
0.02950118592 0.00631811767089 0.00668637071704 0.0267721299171 0.00850459362681 0.0256504304102 -0.0147562442158 0.0134349376814 0.0135619881055 0.0098921774851 0.0162621009298 0.0406445081053 0.0164605219897 0.0280374485292 0.00748938130749 0.0483828501303 0.022092855705 0.0367337928467 0.0245675528965 0.187826170488 0.0100361658298 0.00796794238398 0.0345014821404 0.0129236422989 0.0353839126655 0.0185681602588 0.0112856474715 0.0435632265214 0.0269943947032 0.0288952623234 
0.0157178298242 0.00530013925535 0.00831053841534 0.0322478564937 0.00941063429636 0.00707134249759 0.0231337415592 0.0172870420377 0.0111541937764 0.00991041836336 0.0194420327682 0.0263351014459 -0.018616151868 0.027046673341 0.00488705291925 0.0123615564225 -0.00976720361443 0.0157167450362 0.000472395073406 0.0100361658298 0.428388790175 0.022525190871 0.00603327100713 0.0124023670925 0.00838744531317 -0.0182890654966 -0.00071554752319 0.00549932429956 0.00191730405707 0.00722411502201 
0.0133263291147 0.000576285219471 0.0270003907326 -0.0215095440108 0.0115653136223 0.0213335349448 0.0807963448284 0.0182498085403 -0.00642355091798 0.00549347457865 0.0104815192767 0.0309490143962 -0.0160794769702 -0.019955995747 -0.00576492837201 0.0159605371391 -0.00636298925586 0.018621258724 -0.000506782929387 0.00796794238398 0.022525190871 0.609364369445 0.00891593344679 -0.00949192328828 0.0370613435305 0.0206353097019 0.037088019035 0.0025196740329 -0.00687167052995 0.053559897966 
0.0280901281612 0.020116782262 0.00186761547281 0.0149823115296 0.0200382479044 0.01559641764 0.00116911772468 0.0194622382387 0.0100261092444 0.0193128582553 0.00642067413171 0.0173886371844 0.0108138669821 0.00450009724603 0.0039067116378 0.0466805345338 0.010477381132 0.00913097109166 0.000533710979284 0.0345014821404 0.00603327100713 0.00891593344679 0.173525292363 0.0072146458364 0.0297797728968 0.0108603597287 0.0024071143358 0.0483853846904 0.0330320901004 0.0252934286484 
0.0235704366762 0.00581825226489 -0.00317516320716 0.0112081209759 -0.00410150525682 0.00236074928143 0.0139020886323 0.0226073484865 0.0164839110984 0.0155245279971 0.0141266796213 0.0200040987919 0.00563543148616 0.00324393393831 0.0154278629987 0.0142578485494 0.00177757448338 0.0173825679274 0.00350903626621 0.0129236422989 0.0124023670925 -0.00949192328828 0.0072146458364 0.237360188331 0.0333834941231 0.0138919037824 0.00823087580614 0.00680687726197 0.0248983070614 -0.0119943430272 
0.042885169283 0.0147583164966 0.0256368704797 0.00553197912375 0.0167318215769 0.026331390152 0.00853483021009 0.024982604591 0.0138721771764 0.0116937671291 0.0214160936426 0.0243817944854 0.0185161029584 0.0241332404404 0.0166570163644 0.0466531279402 0.0138103892515 0.0418278212907 0.0175093279929 0.0353839126655 0.00838744531317 0.0370613435305 0.0297797728968 0.0333834941231 0.194169833358 -0.00905823878933 0.0311462718433 0.0399676687669 0.00845977130809 0.0498137751335 
-0.0037781384262 0.0190686541851 -0.0177368326976 -0.00946109388824 -0.0089977636537 0.0357696951806 0.124310509778 0.0227750484324 -0.0121576781583 -0.00338649929958 -0.00526240616032 0.0120730325532 -0.0187799672437 0.0312417059006 0.0120392649161 0.0538706478746 -0.00494685482073 -0.00329423048259 0.00255968369855 0.0185681602588 -0.0182890654966 0.0206353097019 0.0108603597287 0.0138919037824 -0.00905823878933 0.958430000995 -0.0151016924369 0.0264133683288 0.00409469587843 0.00102843783386 
0.0528236534845 -0.00852708503014 0.204602852803 -0.00126406795792 0.0151910330216 0.0157176855139 0.0117513796008 0.00524129052714 0.0218759956783 0.0206987264982 0.0125106250374 0.016007318242 -0.0109443063118 -0.0211356292306 0.0103254339007 0.00486416414897 -0.00857129160549 0.0209347467537 -0.0141249799399 0.0112856474715 -0.00071554752319 0.037088019035 0.0024071143358 0.00823087580614 0.0311462718433 -0.0151016924369 0.378245459596 0.0284129963977 -0.00141075373246 0.0391845049057 
0.0318428203121 0.00989894448164 0.0123437534423 0.0247652237625 0.0191957184252 0.0223043408923 0.00107212506229 0.0207254001924 0.0269483174845 0.00891756850251 0.0132592965869 0.0231027716605 0.0225290925686 0.0128454410158 0.018813054554 0.058340009961 0.00850035057609 0.0303752006211 0.00871189340502 0.0435632265214 0.00549932429956 0.0025196740329 0.0483853846904 0.00680687726197 0.0399676687669 0.0264133683288 0.0284129963977 0.175439387101 0.0526003226686 0.0482103496181 
0.0248359914953 0.00282655290164 0.00520498361404 0.0124880230387 0.0158704128248 0.00652411062312 0.0172164215559 0.0258964741605 0.0259613419375 0.0101026419469 0.00913646367478 0.0189944684698 0.0164841994653 -0.00738219466862 0.0404770508007 0.0537916595092 0.00941982070274 0.00530596764066 0.00662486542927 0.0269943947032 0.00191730405707 -0.00687167052995 0.0330320901004 0.0248983070614 0.00845977130809 0.00409469587843 -0.00141075373246 0.0526003226686 0.213994446001 0.0288580611283 
0.0348952850018 -0.003561457655 0.0297156435241 0.00725898378059 0.0161718533879 0.0207993333171 0.0160117720731 0.0350640499383 0.0206314993575 0.0229514611979 0.0197413001846 0.0244053721171 0.00285524809329 -0.0166314911511 0.00777902492149 0.0410204816892 0.00795603842193 0.0178848404112 0.0131093282777 0.0288952623234 0.00722411502201 0.053559897966 0.0252934286484 -0.0119943430272 0.0498137751335 0.00102843783386 0.0391845049057 0.0482103496181 0.0288580611283 0.326922064618 
0.0232876194334 0.00073153270745 0.00678747546715 -0.000493485561443 0.00285926715476 0.00068667118386 0.00300053757805 0.0015033620971 0.000883359359651 0.00199651839511 -5.10482146832e-05 0.00163052412088 -0.000811147165498 -0.000833091314883 -0.00050606295024 0.00149090132277 -0.000104507901903 0.00166172059359 -0.000621742155594 0.00255487764485 0.00136120399201 0.00115409395525 0.00243267645832 0.00204125969399 0.00371396460447 -0.00032719638561 0.00457466258383 0.00275766913184 0.00215085995631 0.00302202032839 
0.00073153270745 0.0141990209432 -6.20556155169e-05 6.37073418713e-05 0.000324209362175 0.000975058835087 0.00152329294359 0.000100435708136 0.000995808934694 0.0011701027622 0.000382986481188 0.00146201132558 -0.000217325798967 0.00185232543099 0.00104745232552 0.00183132908244 0.00107631239359 0.000134835984292 0.00109427343254 0.000547165040709 0.000459005523873 4.99077639887e-05 0.00174216444813 0.000503875426702 0.00127810770031 0.00165139389403 -0.000738467225633 0.000857273739175 0.000244786661796 -0.000308431280373 
0.00678747546715 -6.2055615517e-05 0.036309588891 -0.00180969768696 0.000322981262945 0.000636946259326 0.0022482982622 0.00285824015866 0.00145581106065 0.00221988939707 -0.000768839705219 0.00145839432572 -0.000449416312393 0.000153978928268 -0.000231072405774 0.000451380902037 -0.000131882401259 0.0018001173087 0.00119263931933 0.000579056690008 0.000719713738681 0.00233830242865 0.000161740244396 -0.000274977199856 0.0022202181109 -0.00153605476988 0.0177191268214 0.00106900040591 0.000450764803604 0.00257345021817 
-0.000493485561443 6.37073418713e-05 -0.00180969768696 0.0446599922863 0.000255186848017 0.00300493491162 -0.000295103156805 0.00150331884884 -0.000197521282924 0.00139993266714 0.00141168396775 0.000757902255638 -8.37798251493e-05 0.00234984286212 0.00342139421424 0.00158838580563 0.00415744515559 -0.00101832951703 0.00717472462704 0.00231853446216 0.00279274629411 -0.00186278115372 0.00129750623921 0.000970651749384 0.000479083445437 -0.00081935476548 -0.000109471496367 0.00214473129087 0.00108149451946 0.000628646435965 
0.00285926715476 0.000324209362175 0.000322981262945 0.000255186848017 0.0166369520902 0.00171450269866 -0.00113203263954 0.0021922266056 0.00199952124357 0.00103509599738 0.00229085271386 0.000807437415393 6.95437234732e-05 0.00139247261504 0.00156424821863 0.00117656127314 3.28547415819e-06 2.10919176119e-05 0.000367890461434 0.000736519412968 0.000814984836638 0.00100158553996 0.00173536317325 -0.000355200774616 0.00144901825372 -0.000779229190135 0.00131558205065 0.00166239798001 0.00137441806749 0.00140052358602 
0.00068667118386 0.000975058835087 0.000636946259326 0.00300493491162 0.00171450269866 0.0341708333762 7.31188263607e-05 0.00195862516493 0.0024884191661 3.22167004906e-06 0.00248522671014 0.00335627909307 0.00492375989856 0.00503242099792 -0.000781583933068 0.000835347569689 0.00242253775242 -1.08508071132e-05 -0.000187275964346 0.00222139243532 0.000612396224177 0.00184753832147 0.00135068938842 0.000204446884968 0.00228036527886 0.00309774647121 0.00136119149437 0.00193161258274 0.000565004553672 0.00180127510344 
0.00300053757805 0.00152329294359 0.0022482982622 -0.000295103156805 -0.00113203263954 7.31188263607e-05 0.0875810141069 0.00116152563566 0.000767760552301 0.000788303995953 0.00214165266 0.0030530520265 0.00279487087334 0.00224615025204 0.00293722228958 -0.000184853234014 -0.000213635061606 -0.000390842922167 0.00374768745174 -0.00127792823553 0.00200344078749 0.00699716871544 0.000101248564959 0.00120395619213 0.000739137977893 0.0107656059425 0.00101769932638 9.28487539974e-05 0.00149098584296 0.00138666013749 
0.0015033620971 0.000100435708136 0.00285824015866 0.00150331884884 0.0021922266056 0.00195862516493 0.00116152563566 0.0172392989254 0.00165838452072 0.000603504488914 0.00103164205698 0.00196218790762 0.00157641958695 0.00125977876619 0.000588458130872 0.000901725823833 -0.000876393438682 0.00129139351681 0.000353764152209 0.00116349973304 0.0014971017561 0.00158047978101 0.00168547927292 0.00195785381015 0.00216355702285 0.00197237705149 0.000453909074512 0.00179487230702 0.00224270044915 0.00303663580061 
0.000883359359651 0.000995808934694 0.00145581106065 -0.000197521282924 0.00199952124357 0.0024884191661 0.000767760552301 0.00165838452072 0.11293170234 0.00120461352312 -0.00087838647813 0.00307044841827 0.000182537908377 0.00184970211269 0.00262460576821 0.0016350782728 0.000304121434931 0.00161897351852 0.000299819194545 0.00117450262252 0.000965981516908 -0.000556295827747 0.00086828653068 0.0014275485765 0.00120136578406 -0.00105288581361 0.00189451679905 0.00233379275308 0.00224831816342 0.00178674025617 
0.00199651839511 0.0011701027622 0.00221988939707 0.00139993266714 0.00103509599738 3.22167004905e-06 0.000788303995953 0.000603504488914 0.00120461352312 0.0157542615923 0.00066973194447 0.00247217001008 -0.000377884191776 0.00112070965821 0.00104689188855 0.00208615873514 0.000717662221514 0.000696014392744 0.000810647387323 0.000856687700084 0.00085826740648 0.000475748854016 0.00167254258688 0.00134446356272 0.00101270993997 -0.000293279442333 0.00179256229735 0.000772284086316 0.000874914457134 0.00198765484514 
-5.10482146831e-05 0.000382986481188 -0.000768839705219 0.00141168396775 0.00229085271386 0.00248522671014 0.00214165266 0.00103164205698 -0.00087838647813 0.00066973194447 0.0301249004888 0.0021585055505 0.000794263726099 0.00155926013684 -0.00028604362507 0.00170480366914 0.0018823988412 0.00152464049304 0.000398504956807 0.00140833925241 0.00168372942785 0.000907726196386 0.000556046690748 0.00122340634231 0.00185468811443 -0.000455737741987 0.00108345190996 0.00114828876806 0.000791240964311 0.00170964674636 
0.00163052412088 0.00146201132558 0.00145839432572 0.000757902255638 0.000807437415393 0.00335627909307 0.0030530520265 0.00196218790762 0.00307044841827 0.00247217001008 0.0021585055505 0.0191928390808 0.00351514401187 0.00348583876079 0.00114327208731 0.00313884233494 -0.000401792428398 0.00140260828676 0.0013644875968 0.00351991765435 0.00228068668634 0.00268026326892 0.00150590015388 0.00173240577336 0.00211152534142 0.00104555528918 0.0013862744244 0.00200075871558 0.00164496922262 0.00211356722422 
-0.000811147165498 -0.000217325798967 -0.000449416312393 -8.37798251493e-05 6.95437234732e-05 0.00492375989856 0.00279487087334 0.00157641958695 0.000182537908377 -0.000377884191776 0.000794263726099 0.00351514401187 0.0203280669576 0.000419604293327 4.3593195262e-05 0.000995618923725 0.000457168960917 0.000715365002505 0.00019132816458 0.00142552302026 -0.00161220604384 -0.00139252355358 0.000936508351961 0.00048804268283 0.0016035415541 -0.00162639287153 -0.000947804729277 0.00195107664886 0.0014275735498 0.000247271738289 
-0.000833091314883 0.00185232543099 0.000153978928268 0.00234984286212 0.00139247261504 0.00503242099792 0.00224615025204 0.00125977876619 0.00184970211269 0.00112070965821 0.00155926013684 0.00348583876079 0.000419604293327 0.0261513838487 -0.000368541454293 0.000348938126238 0.00264054806399 0.00432079945849 0.000247341389721 0.00242811426836 0.00234231062012 -0.00172823992747 0.000389719853457 0.000280932919877 0.0020899999297 0.00270561109675 -0.00183039918387 0.00111244782425 -0.000639316811871 -0.00144032938397 
-0.00050606295024 0.00104745232552 -0.000231072405774 0.00342139421424 0.00156424821863 -0.000781583933068 0.00293722228958 0.000588458130872 0.00262460576821 0.00104689188855 -0.00028604362507 0.00114327208731 4.35931952621e-05 -0.000368541454293 0.0215647555894 0.00207591177756 0.0019183497849 -0.00111370069529 0.00464088828214 0.000648599447092 0.000423231197771 -0.000499257442116 0.000338331152359 0.0013360921283 0.00144253993228 0.00104263092602 0.000894208806309 0.00162925831665 0.00350541542637 0.000673683319868 
0.00149090132277 0.00183132908244 0.000451380902037 0.00158838580563 0.00117656127314 0.000835347569689 -0.000184853234014 0.000901725823833 0.0016350782728 0.00208615873514 0.00170480366914 0.00313884233494 0.000995618923725 0.000348938126238 0.00207591177756 0.0145665646597 0.000535057348617 0.0022018730057 0.00178249025083 0.00419007773203 0.00107054218922 0.00138222306205 0.00404265287685 0.00123476590471 0.00404027939622 0.00466533495778 0.000421248972119 0.00505239306833 0.00465849436467 0.00355247792183 
-0.000104507901903 0.00107631239359 -0.000131882401259 0.00415744515559 3.28547415826e-06 0.00242253775242 -0.000213635061606 -0.000876393438682 0.000304121434931 0.000717662221514 0.0018823988412 -0.000401792428398 0.000457168960917 0.00264054806399 0.0019183497849 0.000535057348617 0.0156195221717 0.00145009012256 0.00336049640487 0.00191329742827 -0.000845864645403 -0.000551051033958 0.000907367822547 0.000153942465972 0.00119601479279 -0.000428410194358 -0.00074229562736 0.000736151953996 0.000815780402766 0.000689013138688 
0.00166172059359 0.000134835984292 0.0018001173087 -0.00101832951703 2.10919176119e-05 -1.08508071132e-05 -0.000390842922167 0.00129139351681 0.00161897351852 0.000696014392744 0.00152464049304 0.00140260828676 0.000715365002505 0.00432079945849 -0.00111370069529 0.0022018730057 0.00145009012256 0.0247694967351 -0.000732105761897 0.00318123977826 0.00136111004661 0.00161264831054 0.00079076529266 0.00150537454082 0.00362239558227 -0.000285288728384 0.00181300225105 0.00263056953829 0.000459510276847 0.00154887261387 
-0.000621742155594 0.00109427343254 0.00119263931933 0.00717472462704 0.000367890461434 -0.000187275964346 0.00374768745174 0.000353764152209 0.000299819194545 0.000810647387323 0.000398504956807 0.0013644875968 0.00019132816458 0.000247341389721 0.00464088828214 0.00178249025083 0.00336049640487 -0.000732105761897 0.0236399633279 0.00212761249172 4.09106134193e-05 -4.38886891054e-05 4.62207266339e-05 0.000303891454934 0.00151635228451 0.000221675110859 -0.00122325914559 0.000754472100381 0.00057373017584 0.0011353011315 
0.00255487764485 0.000547165040709 0.000579056690008 0.00231853446216 0.000736519412968 0.00222139243532 -0.00127792823553 0.00116349973304 0.00117450262252 0.000856687700084 0.00140833925241 0.00351991765435 0.00142552302026 0.00242811426836 0.000648599447092 0.00419007773203 0.00191329742827 0.00318123977826 0.00212761249172 0.0162662235138 0.000869157456524 0.000690044052042 0.00298791600018 0.00111922025403 0.00306433672536 0.00160804984856 0.000977365740846 0.00377268608383 0.00233778315727 0.00250240312211 
0.00136120399201 0.000459005523873 0.000719713738681 0.00279274629411 0.000814984836638 0.000612396224177 0.00200344078749 0.0014971017561 0.000965981516908 0.00085826740648 0.00168372942785 0.00228068668634 -0.00161220604384 0.00234231062012 0.000423231197771 0.00107054218922 -0.000845864645403 0.00136111004661 4.09106134193e-05 0.000869157456524 0.0370995574988 0.00195073875194 0.000522496596009 0.00107407649691 0.000726374071406 -0.00158387953315 -6.19682332697e-05 0.000476255454707 0.000166043402021 0.000625626712893 
0.00115409395525 4.99077639887e-05 0.00233830242865 -0.00186278115372 0.00100158553996 0.00184753832147 0.00699716871544 0.00158047978101 -0.000556295827747 0.000475748854016 0.000907726196387 0.00268026326892 -0.00139252355358 -0.00172823992747 -0.000499257442116 0.00138222306205 -0.000551051033958 0.00161264831054 -4.38886891054e-05 0.000690044052042 0.00195073875194 0.05277250241 0.000772142486337 -0.000822024669842 0.00320960649958 0.00178707024168 0.00321191666604 0.000218210172175 -0.000595104124537 0.00463842322627 
0.00243267645832 0.00174216444813 0.000161740244396 0.00129750623921 0.00173536317325 0.00135068938842 0.000101248564959 0.00168547927292 0.00086828653068 0.00167254258688 0.000556046690748 0.00150590015388 0.000936508351961 0.000389719853457 0.000338331152359 0.00404265287685 0.000907367822547 0.00079076529266 4.62207266339e-05 0.00298791600018 0.000522496596009 0.000772142486337 0.0150277311386 0.000624806657363 0.00257900398476 0.000940534741925 0.000208462216462 0.00419029723137 0.0028606629167 0.00219047517583 
0.00204125969399 0.000503875426702 -0.000274977199856 0.000970651749384 -0.000355200774616 0.000204446884968 0.00120395619213 0.00195785381015 0.0014275485765 0.00134446356272 0.00122340634231 0.00173240577336 0.00048804268283 0.000280932919877 0.0013360921283 0.00123476590471 0.000153942465972 0.00150537454082 0.000303891454934 0.00111922025403 0.00107407649691 -0.000822024669842 0.000624806657363 0.0205559952942 0.00289109539777 0.00120307415825 0.000712814754351 0.000589492862931 0.00215625664264 -0.00103874057633 
0.00371396460447 0.00127810770031 0.0022202181109 0.000479083445437 0.00144901825372 0.00228036527886 0.000739137977893 0.00216355702285 0.00120136578406 0.00101270993997 0.00185468811443 0.00211152534142 0.0016035415541 0.0020899999297 0.00144253993228 0.00404027939622 0.00119601479279 0.00362239558227 0.00151635228451 0.00306433672536 0.000726374071406 0.00320960649958 0.00257900398476 0.00289109539777 0.0168156008337 -0.000784466490511 0.00269734626495 0.00346130164822 0.000732637686301 0.0043139994724 
-0.00032719638561 0.00165139389403 -0.00153605476988 -0.00081935476548 -0.000779229190135 0.00309774647121 0.0107656059425 0.00197237705149 -0.00105288581361 -0.000293279442333 -0.000455737741987 0.00104555528918 -0.00162639287153 0.00270561109675 0.00104263092602 0.00466533495778 -0.000428410194358 -0.000285288728384 0.000221675110859 0.00160804984856 -0.00158387953315 0.00178707024168 0.000940534741925 0.00120307415825 -0.000784466490511 0.0830024728611 -0.00130784492905 0.00228746479722 0.000354611065149 8.90653290339e-05 
0.00457466258383 -0.000738467225633 0.0177191268214 -0.000109471496367 0.00131558205065 0.00136119149437 0.00101769932638 0.000453909074512 0.00189451679905 0.00179256229735 0.00108345190996 0.0013862744244 -0.000947804729277 -0.00183039918387 0.000894208806309 0.000421248972119 -0.00074229562736 0.00181300225105 -0.00122325914559 0.000977365740846 -6.19682332697e-05 0.00321191666604 0.000208462216462 0.000712814754351 0.00269734626495 -0.00130784492905 0.0327570176877 0.0024606376678 -0.00012217485708 0.00339347766831 
0.00275766913184 0.000857273739175 0.00106900040591 0.00214473129087 0.00166239798001 0.00193161258274 9.28487539974e-05 0.00179487230702 0.00233379275308 0.000772284086316 0.00114828876806 0.00200075871558 0.00195107664886 0.00111244782425 0.00162925831665 0.00505239306833 0.000736151953997 0.00263056953829 0.000754472100381 0.00377268608383 0.000476255454707 0.000218210172175 0.00419029723137 0.000589492862931 0.00346130164822 0.00228746479722 0.0024606376678 0.0151934966053 0.00455532156782 0.00417513874946 
0.00215085995631 0.000244786661796 0.000450764803604 0.00108149451946 0.00137441806749 0.000565004553672 0.00149098584296 0.00224270044915 0.00224831816342 0.000874914457134 0.000791240964311 0.00164496922262 0.0014275735498 -0.000639316811871 0.00350541542637 0.00465849436467 0.000815780402766 0.000459510276847 0.00057373017584 0.00233778315727 0.000166043402021 -0.000595104124537 0.0028606629167 0.00215625664264 0.000732637686301 0.000354611065149 -0.00012217485708 0.00455532156782 0.0185324626505 0.00249918140411 
0.00302202032839 -0.000308431280373 0.00257345021817 0.000628646435965 0.00140052358602 0.00180127510344 0.00138666013749 0.00303663580061 0.00178674025617 0.00198765484514 0.00170964674636 0.00211356722422 0.000247271738289 -0.00144032938397 0.000673683319868 0.00355247792183 0.000689013138688 0.00154887261387 0.0011353011315 0.00250240312211 0.000625626712893 0.00463842322627 0.00219047517583 -0.00103874057633 0.0043139994724 8.90653290339e-05 0.00339347766831 0.00417513874946 0.00249918140411 0.0283122813017 

['EIX', 'SLE', 'DVN', 'TEK', 'KR', 'JNY', 'CIEN', 'WY', 'HUM', 'CPB', 'STJ', 'PX', 'ADP', 'LLTC', 'WYE', 'WB', 'LLY', 'ORCL', 'SGP', 'ASO', 'NWL', 'ADM', 'KEY', 'WPI', 'ASN', 'ANDW', 'APA', 'HBAN', 'SAFC', 'BDK']