40
0.0170349265424 0.0370780174455 0.109746753301 0.101670797752 0.0146033592013 -0.00305157485537 0.0823962853659 0.00839736130492 0.00535997805058 0.0498180241401 0.0315903614714 0.0445346556631 0.0669670800901 0.0315088302779 0.00633581846688 0.036872425502 0.0680936188342 0.05514883533 0.0810581507116 0.0585004976968 0.151795006465 0.0381517477001 0.0519302207626 0.022553065058 0.0506400072768 0.0475630895173 0.275152850517 0.0347685991573 0.0905877796438 0.0716337087719 0.161692830297 0.0560151075184 0.1366928931 0.00788248566947 0.080702843163 0.0472299451056 0.0384658872101 0.0444735285872 0.0636277148901 0.0453963667668 
0.196756561033 0.0259506858346 -0.01180715289 -0.0040050770539 0.00167847404117 -0.0110891416429 0.020502775135 0.0257808232369 0.0199819523707 -0.0118465491937 0.033269926903 0.0172001614491 0.0235726104017 0.019777258182 0.003884878471 0.0180648672627 0.00289023475953 0.0215669369816 0.0239533927613 0.00360112434202 -0.00388978441331 0.0289756476443 0.017038007908 0.0382321481161 0.0137584926703 0.012545635664 -0.0136694636128 -0.000794764911531 0.0162235443954 0.0199324390246 0.0199653320716 0.00763445338495 0.00584274724745 0.0412432031347 -0.0101056983065 0.0278817072121 0.0390405515116 0.0156620866204 0.00197071800114 0.00582142053883 
0.0259506858346 0.195047235256 0.022399983019 0.0163965094708 -0.0119359763314 0.00762170828644 0.00642492425715 0.00860527051922 0.012829718905 -0.000804112154529 0.0225121741046 0.00127967781366 0.0287023529751 0.0339213500912 0.0227148648226 0.0496714926892 0.00595973658972 0.00396631118319 0.0174642067473 0.00938242264923 0.0329690009269 0.009861550857 0.0172349637226 0.0178828586803 0.0116151780913 0.00780914834987 -0.00368922292995 0.0125463488423 0.0113878862058 0.0149526773011 0.0419600809666 -0.0106206076773 0.0104906553923 0.0239802364926 -0.00739072162446 0.030645576987 0.0218838782524 0.0223793735368 0.00906330660446 0.00927220513711 
-0.01180715289 0.022399983019 0.396594808358 0.0164949956851 0.0126001680685 0.0152247559743 0.00345725094554 0.0225923119042 0.0279031486212 0.00426841918502 0.0143686697663 -0.0264290974187 0.0154427728783 0.0191994668984 0.0103777284857 0.0143928158868 0.0770014792317 0.0102506165755 0.000415340404774 0.0302680308493 0.00318654617283 0.0236247901482 0.0091098861833 0.0104753287904 0.00733225153916 -0.0036424901148 0.00932913608314 -0.00214485671889 0.0155881785308 0.0132103592437 0.0136708619156 0.00960146299618 0.0062938883863 0.0164974050381 0.097446884476 0.00560691817987 0.00103984827053 0.0203024368508 0.00639664768726 0.00779707421403 
-0.0040050770539 0.0163965094708 0.0164949956851 0.301019369953 0.0325302784394 -0.00569293440922 0.0175709444108 0.0134295563456 0.00404982365595 0.00687538510004 0.00480642512412 0.0104688424428 -0.00656228243588 0.00887268735341 -0.00989035027804 0.00703427538376 0.0170018199288 0.0245764808296 0.00326838925323 -0.0110668702588 0.00790404236868 0.0211979766501 0.00848366414694 0.0156179165089 0.0298642829852 -0.0166430345761 0.0109251893935 0.0139327220085 -0.00362588405173 0.0028572280859 -0.0147305482558 0.0219988780259 0.00972016144814 0.0264966792861 -0.00864078104883 0.0381647135005 0.00984097898448 0.0014058112771 -0.0146361161977 -0.00416460359975 
0.00167847404117 -0.0119359763314 0.0126001680685 0.0325302784394 0.165646755137 0.0232229032196 0.0128939478738 -0.00283945411671 0.0114090295004 0.00821291338291 0.00516889203847 -0.0214551321394 -0.00875812261966 0.00849307995093 0.0170936655733 -0.00242992767295 0.015369420927 0.00898526948804 -0.0116758500114 0.0183402787775 0.0260796814612 0.0251522518989 0.00589374731093 0.0206186989098 0.0178649240896 0.00170348734952 0.0403160994869 -0.00926221756594 0.0238001656532 0.0141696257461 0.00701972068615 0.00301327118451 0.00235266977728 0.012212159673 0.0163459354785 -0.00439253652241 0.0180645836054 -0.0089507247948 0.00463702634406 0.0077096673802 
-0.0110891416429 0.00762170828644 0.0152247559743 -0.00569293440922 0.0232229032196 0.206762255017 0.00705132277812 0.0284066656583 0.0125459804929 -0.00269619438325 0.0157975634797 0.00896002942253 0.0226218477123 0.0490295680873 0.0243242241393 0.00824771596134 0.0104332408594 -0.0109565279496 0.0394484854006 0.0589012645312 0.00774038761558 0.0127321605149 0.0336498546431 -0.000911914252776 0.0275827673974 0.023748499482 -0.0050098982244 0.00703115299091 0.00746858800952 0.0146367697641 0.0229318159575 0.0134851911106 0.0157144565225 0.0137430588295 -0.0124386706316 0.00816176951203 0.0106859225394 0.0332243974385 0.0468860968462 0.00235968661833 
0.020502775135 0.00642492425715 0.00345725094554 0.0175709444108 0.0128939478738 0.00705132277812 0.318724970837 0.00751173195719 0.00129967492329 0.0118412518276 0.0124448549054 0.0298105741888 0.00476030943353 0.0180132258103 0.0125110302894 0.0190288508705 0.0123655188666 -0.0192947065898 0.010733495223 0.0650878752078 -0.00137798379742 0.101561089668 -0.00466033653571 0.0251556341926 0.0553764700631 -0.00313504848148 0.0146326408316 0.0102637931328 0.00655722144595 0.0338294631363 0.00306551400665 0.0188237747535 0.012074809591 0.0114984046237 0.0132400825984 -0.0226329134364 0.00381751034159 0.0309443114799 -0.00407713498204 0.0169880661036 
0.0257808232369 0.00860527051923 0.0225923119042 0.0134295563456 -0.00283945411671 0.0284066656583 0.00751173195719 0.145251397451 0.0252687044191 0.00982946561741 0.0286291520384 0.0188956222614 0.0246942640529 0.0134654160341 0.0349305033362 0.0166778333216 0.0257817890758 -0.00103022629515 0.0305625584129 0.0311706772508 0.0208172339295 0.0111592714429 0.0233025754882 0.00913609368454 0.0224268464953 0.00914072253944 -0.00679014862546 4.66979985107e-06 0.0342606420743 0.00925184104484 0.00538907799931 0.0151023717242 0.0134428652016 0.0240943577106 -0.0119923420842 0.0236741650266 0.0313107851802 0.00292073739087 0.0159513816884 0.0122639238003 
0.0199819523707 0.012829718905 0.0279031486212 0.00404982365595 0.0114090295004 0.0125459804929 0.00129967492329 0.0252687044191 0.125398539047 0.00419936396306 0.0267895932052 0.0158016662931 0.00562654243876 0.00533980785308 0.00681209110401 0.00209987840545 0.0288628838377 0.02623660939 0.0145499890107 0.00495295080668 0.0379762162265 0.00627509232054 0.0609016479306 0.00782165344379 0.00136586503368 0.00158193183459 0.00859037937579 0.0270205814334 0.0239182632837 0.0150557597526 0.0369162545649 0.0196218324747 0.00859629853705 0.0135231984987 0.00807192979401 0.0219778155338 0.0179826372318 0.00832354257423 -0.00831800479289 -0.00456337935661 
-0.0118465491937 -0.000804112154529 0.00426841918502 0.00687538510004 0.00821291338291 -0.00269619438325 0.0118412518276 0.0098294656174 0.00419936396306 0.352349697908 0.0108376641129 0.0174564593795 -0.017423358472 0.0169964229306 0.00877901092976 -0.00953133903179 0.00995009208845 0.108423501312 0.0160170902794 0.0046225150917 0.13485585206 0.0212929443505 0.0295218909986 -0.00341603996341 0.0246695959789 0.0221708791693 0.0439787028752 0.076690964467 0.0319053825047 0.00278085133273 0.0156050841151 0.00854847290806 -0.0137530109926 0.00430597075881 0.105579153764 0.0069719321678 0.00120204970049 -0.00687754930377 -0.0161402143812 0.0122659226421 
0.033269926903 0.0225121741046 0.0143686697663 0.00480642512411 0.00516889203847 0.0157975634797 0.0124448549054 0.0286291520384 0.0267895932052 0.0108376641129 0.154285983724 0.0406211928447 0.00687198183579 0.0380319093633 0.00881846915007 0.0187085634007 0.0247567503672 0.0111206362824 0.0342563958912 0.0163881038746 0.0391956441355 0.0210819904917 0.0237995095907 0.00805115309759 0.0116407362553 -0.000322847735519 -0.0118589490192 0.014930918482 0.0148077035326 0.0247342695005 0.0272411939195 0.0375135669299 0.0275199954474 0.0309407889127 0.0186918808252 0.0337765953933 0.0390609714512 0.0212018132036 0.00937351543725 0.00960902395843 
0.0172001614491 0.00127967781366 -0.0264290974187 0.0104688424428 -0.0214551321394 0.00896002942253 0.0298105741888 0.0188956222614 0.0158016662931 0.0174564593795 0.0406211928447 0.605819218275 0.0172234904777 0.0574311462035 -0.0139831598595 -0.0104273417294 0.000790838640598 0.0333223697497 0.00847680129442 0.0534949921329 0.113883237826 0.0236355189426 0.0172457328776 0.0309609101511 0.0359294434024 -0.00848932135191 -0.00134173734183 0.0531387751696 -0.00599174283787 -0.0124926693214 0.0321131568406 0.00360430894042 -0.0242074552943 0.0417345898707 0.0564157355176 -0.00235187147248 0.0389785091364 -0.0197127962488 0.0115486222356 -0.00594992727401 
0.0235726104017 0.0287023529751 0.0154427728783 -0.00656228243588 -0.00875812261966 0.0226218477123 0.00476030943353 0.0246942640529 0.00562654243876 -0.017423358472 0.00687198183579 0.0172234904777 0.250553626147 0.0350071214492 0.0447152029597 0.00315396158641 0.00447894298408 -0.0331095503917 0.0234057621233 -0.0198263451502 0.00665479806966 -0.01555909946 0.0109315245461 0.0112840313171 0.0222427259986 0.0281075055287 -0.00659911858248 -0.010060628705 0.0134367742374 0.0149567032693 -0.0126647355147 0.00619620277723 0.0253089220734 0.027950888282 -0.0182958128827 0.0507794259092 0.0321264608816 0.0325885561538 0.0113769067823 0.0172433637559 
0.019777258182 0.0339213500912 0.0191994668984 0.0088726873534 0.00849307995093 0.0490295680873 0.0180132258103 0.0134654160341 0.00533980785308 0.0169964229306 0.0380319093633 0.0574311462035 0.0350071214492 0.221057296785 0.0434409142025 0.0147107391212 0.00789949536008 0.0149841829602 0.00674191095042 0.024768039971 0.048760203654 -0.0060173882605 0.0336059798349 0.00741942187668 0.0276074583861 0.00871318879919 -0.000173143441997 0.0193506705907 0.0110790445744 0.0184367712889 0.0149672944427 0.0237150615522 0.00173766789822 0.0226010501737 0.00379492985699 0.0250989239814 0.0548898519604 0.039904427438 0.0133856213003 0.0188965102432 
0.003884878471 0.0227148648226 0.0103777284857 -0.00989035027804 0.0170936655733 0.0243242241393 0.0125110302894 0.0349305033362 0.00681209110401 0.00877901092976 0.00881846915007 -0.0139831598595 0.0447152029597 0.0434409142025 0.195008267346 0.0106192477947 0.00048577271124 -0.000623142742572 0.0106180638547 0.0148657211542 0.0193735216855 0.0297237103412 0.00102868673862 0.0369956468071 0.0215968199984 0.0291916140611 -0.00975328041434 -0.0162642038143 0.00303095155662 0.0192457217711 -0.00198755405692 0.0110418491379 0.0162932660527 0.0108517060743 -0.00411609929606 0.0135118197408 0.0273613844324 0.0307320570478 0.00243190524652 0.0138120095054 
0.0180648672627 0.0496714926892 0.0143928158868 0.00703427538376 -0.00242992767295 0.00824771596134 0.0190288508705 0.0166778333216 0.00209987840545 -0.00953133903179 0.0187085634007 -0.0104273417294 0.00315396158642 0.0147107391212 0.0106192477947 0.177248067352 0.00678942669273 0.0058981288874 0.0217531739254 0.0140523793383 0.0101599688175 0.000938700165233 0.0309706316474 0.0145220330105 0.0117995624381 -0.00611806340118 -0.0222851431518 0.00143564236986 -0.00246267643945 0.0120178184005 0.00345398682913 0.0295282438938 0.00663000700948 0.017753897522 -0.0131785724452 0.0336036056656 0.0205464663527 0.0300224064119 -0.000708527723595 0.0106429627984 
0.00289023475953 0.00595973658972 0.0770014792317 0.0170018199288 0.015369420927 0.0104332408594 0.0123655188666 0.0257817890758 0.0288628838377 0.00995009208845 0.0247567503672 0.000790838640598 0.00447894298408 0.00789949536008 0.000485772711239 0.00678942669273 0.299550051634 0.0156707163735 0.0126058737348 0.0340342397114 0.0106905186626 0.0186389347193 0.0273643855578 0.00609521227177 0.0222147308577 0.0059651826814 -0.00120256274834 0.00641321519074 0.0235529243183 -0.000631671077248 0.0229993546123 -0.0012277551737 0.0243765777704 0.0120211143324 0.0151331798208 0.0238146376946 0.0127313200296 0.0154765435628 0.00681048363141 0.00558276975148 
0.0215669369816 0.0039663111832 0.0102506165755 0.0245764808296 0.00898526948804 -0.0109565279496 -0.0192947065898 -0.00103022629515 0.02623660939 0.108423501312 0.0111206362824 0.0333223697497 -0.0331095503917 0.0149841829602 -0.000623142742572 0.00589812888739 0.0156707163735 0.316995155469 0.0201643449621 0.00110664695656 0.121281501988 -0.00142130217923 0.0449736335055 -0.000330100012341 0.0228154468138 0.0198369236808 0.160714036966 0.0766615268575 0.0344305012225 0.010589660991 0.00529451745251 0.0266144692452 0.0312021286381 0.015114945216 0.163058365727 0.0138181225953 -0.00686530138057 0.0135950927378 0.0135465855601 0.0125675644759 
0.0239533927613 0.0174642067473 0.000415340404776 0.00326838925323 -0.0116758500114 0.0394484854006 0.010733495223 0.0305625584129 0.0145499890107 0.0160170902794 0.0342563958912 0.00847680129442 0.0234057621233 0.00674191095042 0.0106180638547 0.0217531739254 0.0126058737348 0.0201643449621 0.210268624695 0.0190568561422 0.0169579347505 0.0234778945047 0.0392467199949 -0.00112927914489 0.0314811129597 0.0109043231006 -0.0230534684169 0.0274669339503 0.0645339506814 0.00238529978407 0.0255744386568 0.0346476554271 0.00735880907203 0.0105540341348 0.0305824699979 0.048071582822 0.02553096938 0.00957573884538 0.0217871641695 -0.00784418626724 
0.00360112434203 0.00938242264923 0.0302680308493 -0.0110668702588 0.0183402787775 0.0589012645312 0.0650878752078 0.0311706772508 0.00495295080667 0.0046225150917 0.0163881038746 0.0534949921329 -0.0198263451502 0.024768039971 0.0148657211542 0.0140523793383 0.0340342397114 0.00110664695656 0.0190568561422 0.327140189888 0.0464388886135 0.0673005603102 -0.00307448206935 0.0427210785682 0.0575048079019 0.0191440832497 -0.067096201777 0.0101427321168 0.0379264331314 -0.0177829118905 -0.00389118035889 0.00651231140639 0.0169887894877 0.0248947961405 0.0347641457727 0.0083527388732 0.00980375983035 0.04093075226 -0.0135139080514 0.00558757367134 
-0.00388978441332 0.0329690009269 0.00318654617283 0.00790404236868 0.0260796814612 0.00774038761558 -0.00137798379742 0.0208172339295 0.0379762162265 0.13485585206 0.0391956441355 0.113883237826 0.00665479806966 0.048760203654 0.0193735216855 0.0101599688175 0.0106905186626 0.121281501988 0.0169579347505 0.0464388886135 0.426044819035 -0.00100975419313 0.056131520206 -0.00545853230317 0.0344545636122 0.0108615896059 0.0198118770068 0.117871507042 0.00200876468876 0.0155110923772 0.0177527486148 0.0209372254367 0.0321816249106 -0.0102007517547 0.13030374388 -0.00260329057206 0.0253130514015 0.0156275591786 0.00188158225616 0.00442234403609 
0.0289756476443 0.009861550857 0.0236247901482 0.0211979766502 0.0251522518989 0.0127321605149 0.101561089668 0.0111592714429 0.00627509232054 0.0212929443505 0.0210819904917 0.0236355189426 -0.01555909946 -0.0060173882605 0.0297237103412 0.000938700165231 0.0186389347193 -0.00142130217923 0.0234778945047 0.0673005603102 -0.00100975419313 0.31944846966 -0.00376255936868 -0.00783112892982 0.0279834680683 0.00864988266306 0.00194640199272 0.0193499146615 0.0484425126201 0.00436782402503 0.0336551011667 0.0128134619291 -0.0162386627443 0.0234568141946 0.0400005678966 0.00560775764849 0.0149479775663 0.035886015334 -0.00583636876071 0.00181635492671 
0.017038007908 0.0172349637226 0.0091098861833 0.00848366414694 0.00589374731093 0.0336498546431 -0.00466033653571 0.0233025754882 0.0609016479306 0.0295218909986 0.0237995095907 0.0172457328776 0.0109315245461 0.0336059798349 0.00102868673862 0.0309706316474 0.0273643855578 0.0449736335055 0.0392467199949 -0.00307448206935 0.056131520206 -0.00376255936868 0.262288029016 0.00188035714862 0.0149409718438 0.00447934602837 0.00251591895446 0.0319572922637 0.0397735604685 0.00697225975712 0.0288401346393 0.0225006966692 -0.000298099317636 0.0251530158838 0.0403326955309 0.0278565242649 0.00450293685451 0.0360579550555 0.0158819616582 -0.0216536868581 
0.0382321481161 0.0178828586803 0.0104753287904 0.0156179165088 0.0206186989098 -0.000911914252776 0.0251556341926 0.00913609368454 0.00782165344379 -0.00341603996341 0.00805115309759 0.0309609101511 0.0112840313171 0.00741942187668 0.0369956468071 0.0145220330105 0.00609521227177 -0.00033010001234 -0.00112927914489 0.0427210785682 -0.00545853230317 -0.00783112892982 0.00188035714862 0.238309501072 0.0284903776628 -0.00803273333429 -0.021026285426 0.00308728685779 0.0137794056156 0.00821920313634 0.00615587230441 0.0238745696725 9.32788839756e-05 0.0626482871813 -0.0105976106633 0.0401997848555 0.0261899674741 0.0168233992722 0.0145065427756 0.0153259663311 
0.0137584926703 0.0116151780913 0.00733225153917 0.0298642829852 0.0178649240896 0.0275827673974 0.0553764700631 0.0224268464953 0.00136586503367 0.0246695959789 0.0116407362553 0.0359294434024 0.0222427259986 0.0276074583861 0.0215968199984 0.0117995624381 0.0222147308577 0.0228154468138 0.0314811129597 0.0575048079019 0.0344545636122 0.0279834680683 0.0149409718438 0.0284903776628 0.512884516384 0.0229097143487 -0.0230497272141 0.0260721245032 0.0612182172692 0.03041984031 0.0257496489516 0.00494560196892 0.019420982508 0.0573324592296 0.0201413624301 -0.00068234529377 0.0367292927464 0.0185027404579 -0.00479916839681 -0.00723602511001 
0.012545635664 0.00780914834987 -0.0036424901148 -0.0166430345761 0.00170348734952 0.023748499482 -0.00313504848148 0.00914072253944 0.00158193183459 0.0221708791693 -0.00032284773552 -0.00848932135191 0.0281075055287 0.00871318879919 0.0291916140611 -0.00611806340117 0.0059651826814 0.0198369236808 0.0109043231006 0.0191440832497 0.0108615896059 0.00864988266306 0.00447934602837 -0.00803273333428 0.0229097143487 0.314683470239 -0.0141378840266 0.00711298027355 -0.00859819940665 0.00785333275019 -0.0138135493125 0.00350677602746 0.00548658237851 0.00915603982291 0.0120171167932 0.00383924663515 0.00641029468983 0.0118919625966 -0.00865942692245 0.00205429376221 
-0.0136694636128 -0.00368922292995 0.00932913608314 0.0109251893935 0.0403160994869 -0.0050098982244 0.0146326408316 -0.00679014862546 0.00859037937579 0.0439787028752 -0.0118589490192 -0.00134173734183 -0.00659911858248 -0.000173143441997 -0.00975328041434 -0.0222851431518 -0.00120256274834 0.160714036966 -0.0230534684169 -0.067096201777 0.0198118770068 0.00194640199272 0.00251591895446 -0.021026285426 -0.0230497272141 -0.0141378840266 2.71206210189 0.0183332089188 -0.00663029665485 -0.000513476961824 -0.00917824647882 -0.000553009313393 0.0200773534376 0.00722546816004 0.0966852540273 -0.029448123559 0.000330318654215 -0.00399230864362 -0.00258656351033 -0.00622458007562 
-0.000794764911533 0.0125463488423 -0.00214485671889 0.0139327220085 -0.00926221756594 0.00703115299091 0.0102637931328 4.66979984991e-06 0.0270205814334 0.076690964467 0.014930918482 0.0531387751696 -0.010060628705 0.0193506705907 -0.0162642038143 0.00143564236985 0.00641321519074 0.0766615268575 0.0274669339503 0.0101427321168 0.117871507042 0.0193499146614 0.0319572922638 0.00308728685778 0.0260721245032 0.00711298027354 0.0183332089188 0.212055109321 0.0124737657705 0.0121788480971 0.0100098035266 0.0331102071808 0.010194959108 0.00216624919843 0.0871609585361 0.00413356273839 0.00825181248923 0.0266495734342 0.0039521669486 -0.00157746163696 
0.0162235443954 0.0113878862058 0.0155881785308 -0.00362588405173 0.0238001656532 0.00746858800952 0.00655722144595 0.0342606420743 0.0239182632837 0.0319053825047 0.0148077035326 -0.00599174283787 0.0134367742374 0.0110790445744 0.00303095155662 -0.00246267643945 0.0235529243183 0.0344305012225 0.0645339506814 0.0379264331314 0.00200876468876 0.0484425126201 0.0397735604685 0.0137794056156 0.0612182172692 -0.00859819940665 -0.00663029665485 0.0124737657705 0.437044287178 0.023729893145 0.0542009124545 0.0117359982267 -0.0129495451441 0.0116485672537 0.0343168778272 0.0319920394612 -0.00164005889862 -0.00263016653853 0.013376696962 0.021998064817 
0.0199324390246 0.0149526773011 0.0132103592437 0.0028572280859 0.0141696257461 0.0146367697641 0.0338294631363 0.00925184104483 0.0150557597526 0.00278085133274 0.0247342695005 -0.0124926693214 0.0149567032693 0.0184367712889 0.0192457217711 0.0120178184005 -0.000631671077247 0.010589660991 0.00238529978408 -0.0177829118905 0.0155110923772 0.00436782402503 0.00697225975712 0.00821920313635 0.03041984031 0.00785333275019 -0.000513476961824 0.0121788480971 0.023729893145 0.179959710836 0.00339217599038 0.000166795971356 0.00993727578538 0.0119432042169 -0.00779737163331 0.00904889114127 0.0132998009828 0.0277887546277 0.00587629220598 -0.00744824415968 
0.0199653320716 0.0419600809666 0.0136708619156 -0.0147305482558 0.00701972068615 0.0229318159575 0.00306551400665 0.00538907799931 0.0369162545649 0.0156050841151 0.0272411939195 0.0321131568406 -0.0126647355147 0.0149672944427 -0.00198755405692 0.00345398682913 0.0229993546123 0.00529451745251 0.0255744386568 -0.00389118035889 0.0177527486148 0.0336551011667 0.0288401346393 0.00615587230441 0.0257496489516 -0.0138135493125 -0.00917824647882 0.0100098035266 0.0542009124545 0.00339217599039 0.895768909045 0.00386340560801 0.00596323997382 0.0190598471041 0.00613952522919 0.0352291365759 0.00919640706187 0.0279472710272 0.0181311390956 -0.019948228601 
0.00763445338496 -0.0106206076773 0.00960146299618 0.0219988780259 0.00301327118451 0.0134851911106 0.0188237747535 0.0151023717242 0.0196218324747 0.00854847290806 0.0375135669299 0.00360430894042 0.00619620277722 0.0237150615522 0.0110418491379 0.0295282438938 -0.0012277551737 0.0266144692452 0.0346476554271 0.00651231140639 0.0209372254367 0.0128134619291 0.0225006966692 0.0238745696725 0.00494560196892 0.00350677602746 -0.000553009313393 0.0331102071808 0.0117359982267 0.000166795971354 0.00386340560801 0.360180734072 -0.00525169474536 0.0037046410671 0.0345047814646 0.0102223062677 0.00703697518146 -0.00492069452366 0.00138423042854 0.000447438904446 
0.00584274724745 0.0104906553923 0.0062938883863 0.00972016144814 0.00235266977728 0.0157144565225 0.012074809591 0.0134428652016 0.00859629853705 -0.0137530109926 0.0275199954474 -0.0242074552943 0.0253089220734 0.00173766789822 0.0162932660527 0.00663000700948 0.0243765777704 0.0312021286381 0.00735880907203 0.0169887894877 0.0321816249106 -0.0162386627443 -0.000298099317636 9.32788839757e-05 0.019420982508 0.00548658237851 0.0200773534376 0.010194959108 -0.0129495451441 0.00993727578538 0.00596323997381 -0.00525169474536 0.527174643911 0.00890079238322 3.15934091397e-05 0.024749343153 0.0251178026679 0.0133736118046 0.00349096722623 0.0111832184649 
0.0412432031347 0.0239802364926 0.0164974050381 0.0264966792861 0.012212159673 0.0137430588295 0.0114984046237 0.0240943577106 0.0135231984988 0.00430597075881 0.0309407889127 0.0417345898707 0.027950888282 0.0226010501737 0.0108517060743 0.017753897522 0.0120211143324 0.0151149452161 0.0105540341348 0.0248947961406 -0.0102007517548 0.0234568141946 0.0251530158838 0.0626482871813 0.0573324592296 0.00915603982291 0.00722546816004 0.00216624919843 0.0116485672537 0.0119432042169 0.0190598471041 0.0037046410671 0.00890079238322 0.224805453548 0.0235010513926 0.0217559964886 0.0214692378823 0.0131228139651 0.0126172072732 -0.00921183808981 
-0.0101056983065 -0.00739072162446 0.097446884476 -0.00864078104883 0.0163459354785 -0.0124386706316 0.0132400825984 -0.0119923420842 0.008071929794 0.105579153764 0.0186918808252 0.0564157355176 -0.0182958128827 0.00379492985699 -0.00411609929606 -0.0131785724452 0.0151331798208 0.163058365727 0.0305824699979 0.0347641457726 0.13030374388 0.0400005678966 0.0403326955309 -0.0105976106633 0.0201413624301 0.0120171167932 0.0966852540273 0.0871609585361 0.0343168778272 -0.00779737163331 0.00613952522919 0.0345047814646 3.15934091392e-05 0.0235010513926 0.357065961973 -0.00261475832816 -0.00153570362565 0.0234086171445 -0.00243912812245 0.025817236241 
0.0278817072121 0.030645576987 0.00560691817987 0.0381647135005 -0.00439253652241 0.00816176951203 -0.0226329134364 0.0236741650266 0.0219778155338 0.0069719321678 0.0337765953933 -0.00235187147248 0.0507794259092 0.0250989239814 0.0135118197408 0.0336036056656 0.0238146376946 0.0138181225953 0.048071582822 0.0083527388732 -0.00260329057206 0.00560775764849 0.0278565242649 0.0401997848555 -0.00068234529377 0.00383924663516 -0.029448123559 0.00413356273839 0.0319920394612 0.00904889114127 0.0352291365759 0.0102223062677 0.024749343153 0.0217559964886 -0.00261475832816 0.278103868743 0.029706288041 0.0311773358816 0.0178220418489 0.00489408935354 
0.0390405515116 0.0218838782524 0.00103984827053 0.00984097898448 0.0180645836054 0.0106859225394 0.00381751034159 0.0313107851802 0.0179826372318 0.00120204970049 0.0390609714512 0.0389785091364 0.0321264608816 0.0548898519604 0.0273613844324 0.0205464663527 0.0127313200296 -0.00686530138057 0.02553096938 0.00980375983035 0.0253130514015 0.0149479775663 0.00450293685452 0.0261899674741 0.0367292927464 0.00641029468983 0.000330318654216 0.00825181248922 -0.00164005889862 0.0132998009828 0.00919640706187 0.00703697518146 0.0251178026679 0.0214692378823 -0.00153570362565 0.029706288041 0.235679473539 0.0180410378835 0.0281476558649 0.000559678594322 
0.0156620866204 0.0223793735368 0.0203024368508 0.0014058112771 -0.0089507247948 0.0332243974385 0.0309443114799 0.00292073739087 0.00832354257423 -0.00687754930377 0.0212018132036 -0.0197127962488 0.0325885561538 0.039904427438 0.0307320570478 0.0300224064119 0.0154765435628 0.0135950927378 0.00957573884538 0.04093075226 0.0156275591786 0.035886015334 0.0360579550555 0.0168233992722 0.0185027404579 0.0118919625966 -0.00399230864362 0.0266495734342 -0.00263016653853 0.0277887546277 0.0279472710272 -0.00492069452366 0.0133736118046 0.0131228139651 0.0234086171445 0.0311773358816 0.0180410378835 0.342858114393 0.0110736500642 0.0211590348719 
0.00197071800115 0.00906330660446 0.00639664768726 -0.0146361161977 0.00463702634406 0.0468860968462 -0.00407713498204 0.0159513816884 -0.0083180047929 -0.0161402143812 0.00937351543725 0.0115486222356 0.0113769067822 0.0133856213003 0.00243190524652 -0.000708527723594 0.00681048363141 0.0135465855601 0.0217871641695 -0.0135139080514 0.00188158225617 -0.00583636876072 0.0158819616582 0.0145065427756 -0.00479916839681 -0.00865942692244 -0.00258656351033 0.0039521669486 0.013376696962 0.00587629220598 0.0181311390956 0.00138423042854 0.00349096722623 0.0126172072732 -0.00243912812246 0.0178220418489 0.0281476558649 0.0110736500642 0.243157819888 0.00065973647235 
0.00582142053883 0.00927220513711 0.00779707421403 -0.00416460359975 0.0077096673802 0.00235968661833 0.0169880661036 0.0122639238003 -0.00456337935661 0.0122659226421 0.00960902395843 -0.00594992727401 0.0172433637559 0.0188965102432 0.0138120095054 0.0106429627984 0.00558276975148 0.0125675644759 -0.00784418626724 0.00558757367134 0.00442234403609 0.00181635492671 -0.0216536868581 0.0153259663311 -0.00723602511001 0.00205429376221 -0.00622458007562 -0.00157746163696 0.021998064817 -0.00744824415968 -0.019948228601 0.000447438904447 0.0111832184649 -0.00921183808981 0.025817236241 0.00489408935354 0.000559678594321 0.0211590348719 0.000659736472351 0.375064963929 
0.0170396180216 0.00224739531784 -0.00102252943491 -0.000346849847279 0.000145360115924 -0.000960347836891 0.0017755924115 0.00223268478536 0.00173048783702 -0.00102594125489 0.002881260188 0.00148957767641 0.00204144794414 0.00171276080028 0.00033644034465 0.00156446339655 0.000250301672465 0.00186775153079 0.00207442466381 0.000311866516238 -0.000336865211718 0.00250936469511 0.00147553476782 0.00331100115098 0.00119152041703 0.00108648391917 -0.00118381027448 -6.88286603423e-05 0.00140500015858 0.00172619985547 0.0017290484769 0.000661163057538 0.000505996754418 0.00357176616481 -0.000875179145643 0.00241462667466 0.00338101093868 0.00135637648895 0.000170669185269 0.000504149807274 
0.00224739531784 0.0168915860669 0.00193989543388 0.00141997937351 -0.0010336858722 0.000660059299629 0.000556414762408 0.000745238287608 0.00111108624952 -6.96381553314e-05 0.0019496114669 0.000110823349529 0.00248569668248 0.00293767509097 0.00196716499799 0.00430167745127 0.000516128328656 0.000343492624396 0.00151244467001 0.000812541636327 0.00285519923401 0.000854035356287 0.00149259164171 0.00154870099094 0.00100590392966 0.000676292085291 -0.000319496077756 0.00108654568222 0.000986219874959 0.00129493983973 0.0036338496062 -0.000919771605213 0.000908517407211 0.00207674939914 -0.000640055267908 0.00265398481844 0.00189519944999 0.00193811060037 0.000784905376175 0.000802996519784 
-0.00102252943491 0.00193989543388 0.0343461179047 0.00142850852986 0.00109120656392 0.00131850254401 0.00029940671461 0.00195655160393 0.00241648355516 0.000369655944823 0.00124436330362 -0.00228882697637 0.00133738336175 0.00166272260731 0.000898737650217 0.001246454419 0.00666852371436 0.000887729435883 3.59695341752e-05 0.0026212883638 0.000275962993601 0.00204596684274 0.000788939286033 0.000907190084545 0.000634991609985 -0.000315448897245 0.000807926884336 -0.000185750040604 0.00134997586064 0.00114405066981 0.00118393137105 0.000831511086819 0.000545066723112 0.00142871718595 0.00843914774759 0.000485573358071 9.00535018359e-05 0.00175824260715 0.000553965939622 0.000675246434454 
-0.000346849847279 0.00141997937351 0.00142850852986 0.0260690421411 0.00281720475207 -0.000493022582046 0.00152168842282 0.00116303369568 0.00035072501669 0.000595425815744 0.000416248625887 0.000906628350366 -0.000568310329628 0.000768397264789 -0.000856529459311 0.000609186117955 0.00147240079689 0.0021283856734 0.000283050812275 -0.000958419078448 0.000684510148387 0.00183579862879 0.000734706866843 0.00135255124508 0.0025863227731 -0.0014413290739 0.000946149155594 0.00120660912033 -0.000314010769997 0.000247443210679 -0.00127570290012 0.00190515872252 0.000841790674297 0.00229467973777 -0.000748313589682 0.00330516114196 0.000852253779867 0.000121746827889 -0.00126752484399 -0.000360665251408 
0.000145360115924 -0.0010336858722 0.00109120656392 0.00281720475207 0.0143454298003 0.00201116241378 0.00111664864138 -0.000245903939795 0.00098805093799 0.000711259162868 0.000447639181474 -0.00185806894743 -0.000758475667808 0.000735522299388 0.00148035486303 -0.000210437909413 0.00133103089642 0.000778147163649 -0.00101115827206 0.00158831473338 0.0022585666668 0.00217824891069 0.000510413489475 0.00178563170489 0.00154714780983 0.000147526331971 0.00349147663372 -0.000802131570748 0.002061154807 0.00122712558582 0.000607925644168 0.000260956939428 0.000203747179384 0.00105760405119 0.0014155995373 -0.000380404821546 0.00156443883111 -0.000775155505458 0.000401578261197 0.000667676780598 
-0.000960347836891 0.000660059299629 0.00131850254401 -0.000493022582046 0.00201116241378 0.0179061365388 0.000610662465613 0.00246008940969 0.00108651378222 -0.000233497282944 0.00136810912914 0.000775961309857 0.00195910947994 0.00424608515001 0.0021065396032 0.000714273154571 0.000903545162805 -0.00094886315416 0.00341633904977 0.0051009991399 0.000670337231023 0.0011026374451 0.00291416289546 -7.89740908977e-05 0.00238873772728 0.00205668038532 -0.00043386991327 0.000608915710802 0.000646798694665 0.00126758144451 0.00198595351741 0.00116785180766 0.00136091185551 0.0011901838072 -0.00107722047563 0.000706829973725 0.000925428038198 0.00287731722071 0.00406045509531 0.000204354855645 
0.0017755924115 0.000556414762408 0.00029940671461 0.00152168842282 0.00111664864138 0.000610662465614 0.0276023921565 0.000650535070134 0.000112555150023 0.00102548248953 0.00107775604945 0.00258167145489 0.000412254889931 0.00155999111559 0.00108348700581 0.00164794682587 0.00107088534694 -0.00167097060653 0.000929547953449 0.00563677534083 -0.000119336897457 0.00879544836885 -0.000403596983011 0.00217854182591 0.00479574298465 -0.000271503162706 0.00126722386847 0.000888870559216 0.000567872035043 0.00292971744724 0.000265481300541 0.00163018671317 0.00104570918516 0.000995791050712 0.00114662478785 -0.00196006779976 0.000330606093503 0.00267985598442 -0.000353090246911 0.00147120968069 
0.00223268478536 0.000745238287609 0.00195655160393 0.00116303369568 -0.000245903939795 0.00246008940969 0.000650535070134 0.0125791400128 0.00218833399477 0.00085125669303 0.00247935729541 0.00163640888987 0.00213858599975 0.0011661392358 0.00302507032562 0.00144434273366 0.00223276842947 -8.92202143249e-05 0.00264679519902 0.00269945983523 0.00180282534195 0.000966421255725 0.00201806223464 0.000791208922216 0.00194222187917 0.00079160979281 -0.000588044120512 4.04416530161e-07 0.00296705863863 0.00080123293766 0.000466707845038 0.00130790375705 0.00116418627642 0.00208663258652 -0.00103856728958 0.00205024283264 0.00271159353785 0.000252943277828 0.00138143017676 0.00106208695611 
0.00173048783702 0.00111108624952 0.00241648355516 0.00035072501669 0.00098805093799 0.00108651378222 0.000112555150023 0.00218833399477 0.0108598320412 0.000363675587174 0.00232004682727 0.0013684644432 0.000487272868744 0.000462440925209 0.000589944394896 0.000181854804397 0.002499599063 0.00227215702409 0.0012600660108 0.000428938122228 0.00328883679918 0.000543438936068 0.00527423742402 0.000677375058192 0.00011828738173 0.000136999315581 0.000743948676758 0.00234005099463 0.00207138236181 0.0013038670419 0.00319704142658 0.00169930053919 0.00074446129116 0.00117114334403 0.000699049625917 0.0019033346572 0.00155734206698 0.000720839931877 -0.000720360345945 -0.000395200244993 
-0.00102594125489 -6.96381553314e-05 0.000369655944822 0.000595425815744 0.000711259162868 -0.000233497282944 0.00102548248953 0.00085125669303 0.000363675587174 0.0305143789404 0.000938569243944 0.00151177372827 -0.0015089071056 0.00147193340314 0.000760284648527 -0.000825438173362 0.000861703251859 0.00938975065034 0.00138712070767 0.000400321549879 0.0116788593733 0.00184402307289 0.00255667075725 -0.000295837738866 0.00213644968189 0.00192005445849 0.00380866739154 0.00664163234692 0.00276308717665 0.00024082878983 0.00135143992719 0.000740319470194 -0.00119104568981 0.000372908006508 0.00914342292695 0.000603787037077 0.000104100557723 -0.000595613241284 -0.00139778356767 0.00106226006089 
0.002881260188 0.0019496114669 0.00124436330362 0.000416248625887 0.000447639181474 0.00136810912914 0.00107775604945 0.00247935729541 0.00232004682727 0.000938569243944 0.0133615581353 0.00351789849356 0.000595131084414 0.0032936599663 0.000763701830645 0.00162020911733 0.00214399747332 0.000963075352676 0.00296669090839 0.00141925142753 0.0033944423539 0.00182575393282 0.00206109799032 0.000697250311227 0.00100811733159 -2.79594340514e-05 -0.00102701511128 0.00129305547072 0.00128238474309 0.00214205057314 0.00235915659637 0.00324877019478 0.00238330151695 0.00267955092115 0.00161876436391 0.00292513896639 0.00338277935732 0.00183613088406 0.000811770249143 0.000832165885358 
0.00148957767641 0.000110823349529 -0.00228882697637 0.000906628350366 -0.00185806894743 0.000775961309857 0.00258167145489 0.00163640888987 0.0013684644432 0.00151177372827 0.00351789849356 0.0524654833127 0.00149159802955 0.00497368315807 -0.00121097716635 -0.000903034283159 6.84886353052e-05 0.00288580187175 0.00073411252638 0.00463280221624 0.00986257770228 0.00204689598359 0.00149352427789 0.00268129347151 0.00311158107303 -0.000735196795164 -0.000116197862323 0.00460195292229 -0.000518900151054 -0.00108189689934 0.00278108096197 0.000312142310549 -0.00209642712458 0.00361432150446 0.00488574601314 -0.00020367804416 0.00337563791137 -0.00170717823311 0.00100014002348 -0.000515278816996 
0.00204144794414 0.00248569668249 0.00133738336175 -0.000568310329628 -0.000758475667808 0.00195910947994 0.000412254889931 0.00213858599975 0.000487272868744 -0.0015089071056 0.000595131084414 0.00149159802955 0.0216985805254 0.00303170564884 0.00387245016985 0.000273141085639 0.000387887840631 -0.00286737117471 0.00202699845937 -0.00171701185643 0.000576322418538 -0.00134745753924 0.000946697795903 0.000977225777768 0.00192627657642 0.00243418138248 -0.000571500433502 -0.000871276003659 0.00116365878345 0.00129528849881 -0.0010967982688 0.000536606901208 0.0021918169458 0.00242061793106 -0.00158446387393 0.0043976272827 0.00278223312572 0.00282225175019 0.000985269028992 0.00149331910593 
0.00171276080028 0.00293767509097 0.00166272260731 0.000768397264788 0.000735522299388 0.00424608515001 0.00155999111559 0.0011661392358 0.000462440925209 0.00147193340314 0.0032936599663 0.00497368315807 0.00303170564884 0.0191441234708 0.0037620935263 0.00127398737874 0.00068411636589 0.00129766830985 0.000583866615311 0.00214497518168 0.00422275750581 -0.000521121109803 0.00291036322561 0.00064254078266 0.00239087602963 0.000754584284807 -1.49946619268e-05 0.00167581723118 0.00095947340511 0.00159667122999 0.00129620572133 0.00205378457566 0.00015048645432 0.00195730836026 0.000328650566173 0.00217363057756 0.00475360062077 0.00345582478848 0.00115922880915 0.00163648579135 
0.00033644034465 0.00196716499799 0.000898737650217 -0.000856529459311 0.00148035486303 0.0021065396032 0.00108348700581 0.00302507032562 0.000589944394896 0.000760284648527 0.000763701830645 -0.00121097716635 0.00387245016985 0.0037620935263 0.0168882113469 0.000919653835929 4.20691508399e-05 -5.39657445251e-05 0.000919551303718 0.00128740921651 0.00167779619404 0.00257414882502 8.90868848183e-05 0.00320391699644 0.00187033947596 0.00252806793544 -0.000844658860905 -0.00140852136755 0.000262488104568 0.00166672839679 -0.000172127230469 0.000956252185821 0.00141103823123 0.000939785313477 -0.000356464655489 0.00117015791469 0.00236956540012 0.00266147421139 0.000210609172308 0.0011961551109 
0.00156446339655 0.00430167745127 0.001246454419 0.000609186117955 -0.000210437909413 0.000714273154572 0.00164794682587 0.00144434273366 0.000181854804398 -0.000825438173361 0.00162020911733 -0.000903034283158 0.00027314108564 0.00127398737874 0.000919653835929 0.0153501329099 0.000587981599303 0.000510792945128 0.00188388012323 0.00121697174906 0.000879879109762 8.12938189628e-05 0.00268213537779 0.00125764495017 0.00102187208249 -0.000529839832738 -0.00192995000964 0.000124330276304 -0.000213274035786 0.00104077360329 0.000299124033836 0.00255722093411 0.000574175449748 0.00153753262702 -0.00114129785231 0.00291015761652 0.00177937618195 0.00260001666354 -6.13603007919e-05 0.000921707615495 
0.000250301672465 0.000516128328656 0.00666852371436 0.00147240079689 0.00133103089642 0.000903545162805 0.00107088534694 0.00223276842947 0.002499599063 0.000861703251859 0.00214399747332 6.84886353052e-05 0.000387887840631 0.00068411636589 4.20691508398e-05 0.000587981599303 0.025941795442 0.0013571238475 0.00109170068913 0.00294745161886 0.000925826074141 0.00161417909664 0.0023698253052 0.000527860866881 0.0019238521261 0.00051659997403 -0.000104144988971 0.000555400727512 0.00203974307931 -5.47043199732e-05 0.00199180253649 -0.000106326717006 0.00211107356065 0.00104105903937 0.00131057181649 0.00206240812254 0.00110256465693 0.00134030798881 0.000589805183686 0.000483482042826 
0.00186775153079 0.000343492624396 0.000887729435883 0.0021283856734 0.000778147163649 -0.00094886315416 -0.00167097060653 -8.9220214325e-05 0.00227215702409 0.00938975065034 0.000963075352676 0.00288580187175 -0.00286737117471 0.00129766830985 -5.39657445251e-05 0.000510792945128 0.0013571238475 0.0274525857513 0.00174628349878 9.58384377404e-05 0.0105032861731 -0.000123088379367 0.00389483091163 -2.85874996477e-05 0.00197587565394 0.00171792798405 0.0139182438757 0.00663908297515 0.00298176887237 0.000917091543563 0.000458518661466 0.00230488064746 0.00270218360528 0.00130899265339 0.0141212687019 0.00119668452001 -0.000594552540021 0.00117736956777 0.00117316872296 0.00108838300998 
