20
0.0203567883068 0.00792878112812 0.0916609470377 0.0324129219316 0.0038222736377 0.102568127786 0.00787829448736 0.0678408515538 0.109959402945 0.0444525953717 0.0172601721071 -0.00648668223639 0.100072423231 0.259768981863 0.0413413845105 0.0407864154506 0.025042174885 0.0123351660469 0.0593939882808 0.151477321577 
0.279957449298 0.0200575423423 0.006856962354 0.0182747345809 0.00515416618705 0.0232903413238 0.00635628729941 0.00487612389724 0.0157725342817 -0.0140418467134 0.013577023016 0.00341491122647 0.00758841659925 0.013514349506 0.0321560101455 0.0360481433724 0.05730931247 0.026933859636 0.0172649205588 0.0115932983548 
0.0200575423423 0.245491427882 0.00774942603611 0.00716680511349 0.0314461230482 -0.00756497511741 -0.00616135376778 0.0285086988594 0.0272076919811 0.0288756975424 0.0286962412675 0.00635299465452 -0.0206766337934 -0.00495114392662 0.0117547659192 0.0174020865398 0.0202074521304 0.0237234506971 0.00904631113803 0.0176533694861 
0.006856962354 0.00774942603611 0.436401079855 0.00326433632653 0.0020999380351 0.0163465227504 -0.0144635737136 -0.013884975158 0.0547662579413 0.00691516374887 0.0108513652824 0.0193858589832 0.0474238187563 0.0459845824998 0.0111496858804 0.00923879203101 0.0163078615364 0.0107108685603 -0.0107811842491 0.0327676408598 
0.0182747345809 0.00716680511349 0.00326433632653 0.286935424843 0.010792040534 0.00765192135628 -0.00741169391094 0.0268396212213 0.00321151599462 0.00171986043621 0.0054756968248 0.0128039403432 0.0543264018347 0.0188622120999 -0.0120786156693 0.0173651931844 0.0216172153907 0.0465074207075 0.000499908174229 0.00972437713842 
0.00515416618705 0.0314461230482 0.0020999380351 0.010792040534 0.226846587478 0.0257893911562 0.0126329320549 0.0194820470321 0.0358082250325 0.0304301673791 0.0128776677714 0.0199708371099 0.0118629884447 0.0173201733142 0.0147015999133 0.0135668063154 0.0153822067427 0.0163466205116 0.0144610797871 0.0180496682759 
0.0232903413238 -0.00756497511741 0.0163465227504 0.00765192135627 0.0257893911562 0.318231647295 0.0271569546233 0.0403114344648 0.0284454908087 0.0088336880285 0.0234269618591 0.0281540346355 0.0456549557084 0.00544024218071 0.0424928688372 0.0492244475391 0.043910946616 0.00741417337288 0.0484142961112 0.0123770972483 
0.00635628729941 -0.00616135376778 -0.0144635737136 -0.00741169391094 0.0126329320549 0.0271569546233 0.164473192173 0.033011540154 0.00551629503879 0.00774477302202 0.0127083030485 0.00533941163255 -0.00265527222385 -0.00525040898477 0.0186661180787 0.00429104663618 0.010025335919 0.00663441949449 -0.00340642821791 -0.00994281809223 
0.00487612389724 0.0285086988594 -0.013884975158 0.0268396212213 0.0194820470321 0.0403114344648 0.033011540154 0.365460467971 0.0603731998612 0.00327416454299 0.00892903236025 0.0187169213106 0.0120371441124 0.0259437618588 0.0111726863192 0.0193617123636 0.0205198866185 0.00475705661305 0.0248721921974 0.0174813385959 
0.0157725342817 0.0272076919811 0.0547662579413 0.00321151599462 0.0358082250325 0.0284454908087 0.00551629503879 0.0603731998612 0.417258770299 0.0300676024577 0.0177532004149 0.0103002460158 0.0378424589022 0.0190500839517 0.0188254465379 0.0470043175353 0.0524650498623 0.016096450523 0.0211914245406 0.0170076058923 
-0.0140418467134 0.0288756975424 0.00691516374887 0.00171986043621 0.0304301673791 0.0088336880285 0.00774477302202 0.00327416454299 0.0300676024577 0.279432931403 0.021589375663 0.0152116784665 0.0125542579646 0.0407851948775 0.0203511320577 0.0101139568481 0.0141254405898 0.0133384577681 0.02109441022 0.0664149987992 
0.013577023016 0.0286962412675 0.0108513652824 0.0054756968248 0.0128776677714 0.0234269618591 0.0127083030485 0.00892903236025 0.0177532004149 0.021589375663 0.19656802228 0.0498221972438 0.00270983112884 0.0450393244186 0.0442181825372 0.0246691011641 0.0196828607389 0.0185141864509 0.0179235324767 0.0172598159899 
0.00341491122647 0.00635299465452 0.0193858589832 0.0128039403432 0.0199708371099 0.0281540346355 0.00533941163255 0.0187169213106 0.0103002460158 0.0152116784665 0.0498221972438 0.266265479706 0.00364388647133 0.0391450349639 0.0371389827315 0.0177049847771 0.00825238676043 0.00663525794583 -0.00733525633081 0.0331863698501 
0.00758841659925 -0.0206766337934 0.0474238187563 0.0543264018347 0.0118629884447 0.0456549557084 -0.00265527222385 0.0120371441124 0.0378424589022 0.0125542579646 0.00270983112884 0.00364388647133 0.492655158205 0.0419891239231 -0.0171034544982 0.0175745118395 -0.0108276660112 0.0110944268934 -0.0104365461042 0.0621941062973 
0.013514349506 -0.00495114392662 0.0459845824998 0.0188622120999 0.0173201733142 0.00544024218071 -0.00525040898477 0.0259437618588 0.0190500839517 0.0407851948775 0.0450393244186 0.0391450349639 0.0419891239232 0.60959651314 0.0332972903979 0.0335664687072 0.0174488543368 -0.000980265192942 0.0204698048805 0.148815208868 
0.0321560101455 0.0117547659192 0.0111496858804 -0.0120786156693 0.0147015999133 0.0424928688372 0.0186661180787 0.0111726863192 0.0188254465379 0.0203511320577 0.0442181825372 0.0371389827315 -0.0171034544982 0.0332972903979 0.245106669066 0.0374941885587 0.0405889652432 0.00242962036907 0.0155404757183 0.024938976028 
0.0360481433724 0.0174020865398 0.00923879203101 0.0173651931844 0.0135668063154 0.0492244475391 0.00429104663618 0.0193617123636 0.0470043175353 0.0101139568481 0.0246691011641 0.0177049847771 0.0175745118395 0.0335664687072 0.0374941885587 0.227865924339 0.0202022441074 0.0167125802454 0.0341825532588 0.0555861994508 
0.05730931247 0.0202074521304 0.0163078615364 0.0216172153907 0.0153822067427 0.043910946616 0.010025335919 0.0205198866185 0.0524650498623 0.0141254405898 0.0196828607389 0.00825238676043 -0.0108276660112 0.0174488543368 0.0405889652432 0.0202022441074 0.174532214527 0.0267034398862 0.0168824353595 0.000308436813817 
0.026933859636 0.0237234506971 0.0107108685603 0.0465074207075 0.0163466205116 0.00741417337288 0.00663441949449 0.00475705661305 0.016096450523 0.0133384577681 0.0185141864509 0.00663525794583 0.0110944268934 -0.000980265192942 0.00242962036907 0.0167125802454 0.0267034398862 0.229778304404 0.0138345106254 0.0176619211347 
0.0172649205588 0.00904631113803 -0.0107811842491 0.000499908174228 0.0144610797871 0.0484142961112 -0.00340642821791 0.0248721921974 0.0211914245406 0.02109441022 0.0179235324767 -0.00733525633081 -0.0104365461042 0.0204698048805 0.0155404757183 0.0341825532588 0.0168824353595 0.0138345106254 0.238816529633 0.0237980456316 
0.0115932983548 0.0176533694861 0.0327676408598 0.00972437713842 0.0180496682759 0.0123770972483 -0.00994281809223 0.0174813385959 0.0170076058923 0.0664149987992 0.0172598159899 0.0331863698501 0.0621941062973 0.148815208868 0.024938976028 0.0555861994508 0.000308436813817 0.0176619211347 0.0237980456316 0.559469628919 
0.0242450263071 0.00173703412059 0.000593830359136 0.00158263843945 0.000446363885331 0.00201700272492 0.000550470627504 0.000422284716701 0.001365941537 -0.00121605959698 0.00117580468396 0.000295739987379 0.000657176154945 0.00117037699879 0.00278479216704 0.00312186079198 0.00496313204725 0.00233254066668 0.00149518597983 0.00100400908889 
0.00173703412059 0.0212601812957 0.000671119981202 0.000620663529226 0.00272331414103 -0.000655146063068 -0.00053358888846 0.00246892574411 0.00235625524339 0.00250070876237 0.00248516739308 0.000550185476092 -0.00179064901299 -0.000428781641824 0.00101799259016 0.00150706490223 0.00175001668907 0.00205451109691 0.000783433525607 0.00152882664374 
0.000593830359136 0.000671119981202 0.0377934421394 0.000282699818527 0.000181859968477 0.00141565039654 -0.00125258222655 -0.00120247412178 0.00474289706474 0.000598870747785 0.000939755800027 0.00167886463536 0.00410702317875 0.00398238166273 0.000965591121662 0.000800102859914 0.00141230223719 0.000927588426982 -0.000933677944258 0.00283776094067 
0.00158263843945 0.000620663529226 0.000282699818527 0.0248493367159 0.000934618126116 0.00066267582823 -0.000641871521195 0.00232437938056 0.0002781254436 0.000148944282872 0.00047420925537 0.00110885376057 0.0047048044085 0.00163351548501 -0.00104603880122 0.00150386984393 0.00187210576875 0.00402766077972 4.32933178442e-05 0.000842155763785 
0.000446363885331 0.00272331414103 0.000181859968477 0.000934618126116 0.0196454907517 0.00223342678894 0.00109404400838 0.00168719476475 0.00310108325426 0.00263532979917 0.00111523874315 0.0017295252272 0.00102736493579 0.0014999710088 0.00127319590012 0.00117491989173 0.00133213818055 0.0014156588629 0.00125236624618 0.00156314712568 
0.00201700272492 -0.000655146063068 0.00141565039654 0.000662675828229 0.00223342678894 0.0275596690845 0.00235186125932 0.00349107263095 0.00246345176635 0.000765019824179 0.00202883441035 0.00243821092134 0.00395383514521 0.000471138793123 0.00367999038927 0.00426296220562 0.00380279952737 0.000642086248898 0.00419280103386 0.00107188806421 
0.000550470627504 -0.00053358888846 -0.00125258222655 -0.000641871521195 0.00109404400838 0.00235186125932 0.0142437962663 0.00285888323914 0.000477725163836 0.000670717018362 0.0011005713279 0.000462406611505 -0.000229953319982 -0.000454698756107 0.00161653324462 0.000371615539576 0.000868219558729 0.000574557582159 -0.000295005337288 -0.000861073305308 
0.000422284716701 0.00246892574411 -0.00120247412178 0.00232437938056 0.00168719476475 0.00349107263095 0.00285888323914 0.0316498049342 0.00522847247876 0.00028355096704 0.000773276885519 0.00162093293356 0.00104244725904 0.00224679568394 0.000967583018091 0.00167677347676 0.00177707430944 0.000411973187414 0.00215399502908 0.00151392833162 
0.001365941537 0.00235625524339 0.00474289706474 0.0002781254436 0.00310108325426 0.00246345176635 0.000477725163836 0.00522847247876 0.0361356695031 0.00260393075593 0.00153747225578 0.000892027471489 0.00327725307509 0.00164978566464 0.00163033149394 0.00407069330732 0.00454360659916 0.00139399350637 0.00183523119946 0.00147290187603 
-0.00121605959698 0.00250070876237 0.000598870747785 0.000148944282872 0.00263532979917 0.000765019824179 0.000670717018362 0.00028355096704 0.00260393075593 0.0241996017249 0.0018696947776 0.00131736999862 0.0010872306323 0.00353210148622 0.00176245973577 0.000875894356323 0.00122329903904 0.00115514432744 0.00182682951284 0.00575170761524 
0.00117580468396 0.00248516739308 0.000939755800027 0.00047420925537 0.00111523874315 0.00202883441035 0.0011005713279 0.000773276885519 0.00153747225578 0.0018696947776 0.0170232900866 0.00431472884855 0.000234678259754 0.00390051991158 0.00382940693864 0.00213640682966 0.00170458574191 0.00160337557969 0.00155222344504 0.00149474391119 
0.000295739987379 0.000550185476092 0.00167886463536 0.00110885376057 0.0017295252272 0.00243821092134 0.000462406611505 0.00162093293356 0.000892027471489 0.00131736999862 0.00431472884855 0.0230592669576 0.000315569825268 0.00339005947107 0.00321633025162 0.00153329665906 0.000714677657639 0.000574630194175 -0.000635251832575 0.00287402393495 
0.000657176154945 -0.00179064901299 0.00410702317875 0.0047048044085 0.00102736493579 0.00395383514521 -0.000229953319982 0.00104244725904 0.00327725307509 0.0010872306323 0.000234678259754 0.000315569825268 0.0426651882311 0.00363636480001 -0.00148120260879 0.00152199737121 -0.000937703382943 0.000960805553012 -0.000903831405402 0.00538616760191 
0.00117037699879 -0.000428781641824 0.00398238166273 0.00163351548501 0.0014999710088 0.000471138793123 -0.000454698756107 0.00224679568394 0.00164978566464 0.00353210148622 0.00390051991158 0.00339005947107 0.00363636480001 0.0527926066437 0.00288362993618 0.00290694146158 0.00151111511226 -8.48934559534e-05 0.0017727371037 0.0128877751349 
0.00278479216704 0.00101799259016 0.000965591121662 -0.00104603880122 0.00127319590012 0.00367999038927 0.00161653324462 0.000967583018091 0.00163033149394 0.00176245973577 0.00382940693864 0.00321633025162 -0.00148120260879 0.00288362993618 0.0212268602049 0.00324709197861 0.0035151075014 0.000210411296117 0.00134584467589 0.00215977867846 
0.00312186079198 0.00150706490223 0.000800102859914 0.00150386984393 0.00117491989173 0.00426296220562 0.000371615539576 0.00167677347676 0.00407069330732 0.000875894356323 0.00213640682966 0.00153329665906 0.00152199737121 0.00290694146158 0.00324709197861 0.0197337679135 0.00174956566105 0.00144735190553 0.00296029594883 0.00481390608243 
0.00496313204725 0.00175001668907 0.00141230223719 0.00187210576875 0.00133213818055 0.00380279952737 0.000868219558729 0.00177707430944 0.00454360659916 0.00122329903904 0.00170458574191 0.000714677657639 -0.000937703382943 0.00151111511226 0.0035151075014 0.00174956566105 0.0151149331559 0.00231258573098 0.00146206178991 2.67114116228e-05 
0.00233254066668 0.00205451109691 0.000927588426982 0.00402766077972 0.0014156588629 0.000642086248898 0.000574557582159 0.000411973187414 0.00139399350637 0.00115514432744 0.00160337557969 0.000574630194175 0.000960805553012 -8.48934559534e-05 0.000210411296117 0.00144735190553 0.00231258573098 0.0198993848853 0.00119810376505 0.00152956723823 
0.00149518597983 0.000783433525608 -0.000933677944258 4.32933178441e-05 0.00125236624618 0.00419280103386 -0.000295005337288 0.00215399502908 0.00183523119946 0.00182682951284 0.00155222344504 -0.000635251832575 -0.000903831405402 0.0017727371037 0.00134584467589 0.00296029594883 0.00146206178991 0.00119810376505 0.0206821181506 0.00206097120774 
0.00100400908889 0.00152882664374 0.00283776094067 0.000842155763785 0.00156314712568 0.00107188806421 -0.000861073305308 0.00151392833162 0.00147290187603 0.00575170761524 0.00149474391119 0.00287402393495 0.00538616760191 0.0128877751349 0.00215977867846 0.00481390608243 2.67114116228e-05 0.00152956723823 0.00206097120774 0.048451491129 

['FITB', 'RX', 'FDX', 'SGP', 'TWX', 'HOT', 'TAP', 'WEN', 'EBAY', 'XOM', 'WY', 'TIN', 'LU', 'ATI', 'IP', 'PX', 'CBSS', 'JNJ', 'MHP', 'PD']