50
0.0797862135264 0.00851722536111 0.102864057578 0.0345230729479 0.0534982218633 0.161692830297 0.00194148072761 0.00839736130492 0.165506763093 0.0413413845105 0.0703179731329 0.0269248151276 0.0321720089654 0.00535997805058 0.0511719962834 0.0433119494187 0.0283013122104 0.0242911243805 0.0625194128962 0.00642009941462 0.025637758891 0.0358419118375 0.125568601155 0.0368602928082 0.0176197090425 0.0785253906611 0.0940944116816 0.0070666509449 0.0963264580192 0.155431064381 0.0979044774238 0.142595623168 0.0384658872101 0.143553651187 0.0336878097659 0.0166595463284 0.0524452719686 0.0695206157777 0.234070828585 0.101022755506 0.0347685991573 0.0916953774684 0.234257183995 0.0205902908148 0.105790500039 0.109959402945 0.13190386478 0.330982708656 0.034888990542 0.00643120824938 
0.214001015762 0.00493691372419 0.0117683910175 0.0113996885177 0.0157681488107 0.0259897476849 0.0303486440626 0.018617319196 0.00623148267201 0.0107956631295 0.0263889878395 0.00519465824004 0.00961443998559 0.0141712786168 0.0524370306404 0.0175499341281 0.00883114253758 0.0147469156147 0.0202343677051 0.0213804787546 0.00645070813237 0.0152900729338 0.0100638850444 0.000772811576862 0.0149212363958 0.0279553878515 0.0125839245448 0.00654986860247 0.00805518093519 0.000342195814586 0.0430776567622 0.0266932565933 0.0513527390178 0.028813833785 0.0231906994542 0.00553387893565 -0.0021808158634 0.0858068860773 0.02546447491 0.0201963864623 -0.00480815944892 0.0287166622083 0.0170539482037 0.0151867736776 0.0324040404765 0.00856574705686 -0.00918308474743 0.0164066085541 0.000876259791869 0.0178152738094 
0.00493691372419 0.142343228368 0.0132498164426 0.00415421270967 0.031494768989 0.0245907848121 0.0339956726793 0.0234980717347 0.0156793683659 0.0133160212485 0.0174706446232 0.0129544629718 0.00677876174935 0.0171106577002 0.0163221003969 0.0152099509147 -0.00245447453369 0.0189666051382 0.00895380661293 0.0163469512608 0.0130964941248 0.0121382392978 0.0106160713471 0.0185670051423 0.00515020286087 0.012185025087 0.0214137094771 0.0213336244419 0.0163583118545 0.0261444212081 0.00279530601965 0.0269375095569 0.0285796784396 0.020518087724 0.0163266630653 0.0139686336199 0.00610844354273 0.00944147592979 0.0122865700093 0.00804428537877 0.0169143230243 0.0218261904018 -0.00974651179047 0.0135768538984 0.00331248330395 0.0221619775607 -0.0125018933652 0.012307151636 0.0104936979928 0.0177151993626 
0.0117683910175 0.0132498164426 0.609287051983 0.0082945252457 -0.00215951399056 0.000215064152963 0.0176693331976 0.00916249336386 0.00518975696847 -0.0097536607844 0.0042573768424 0.00218417303915 0.000488849603779 0.0127086244747 0.0141362559988 0.00850141642864 0.0257751217366 0.0207682531835 -0.0212001978431 0.0215985811023 0.0177581911089 0.0432553562617 -0.00974382576033 0.0241150194437 0.0154574263376 0.00194216303534 0.0541674011343 -0.0111267960395 0.0173557043531 0.0111135600669 0.0209995250743 0.0288195782804 -0.00224799316505 0.0021271705361 0.00578844878028 0.00712475217015 0.0252914909601 -0.0206250436621 0.0301121001837 0.0382448869591 0.000496100816147 -0.0119242848964 0.00655444819621 0.051451040177 0.000791293622029 0.0938028733656 -0.00622427640007 0.0184876183533 -0.00639445763489 0.0509055047738 
0.0113996885177 0.00415421270967 0.0082945252457 0.182865237816 0.0151058469518 0.0173542342872 0.0211504965218 0.0114336475252 0.0699674621202 0.0116227552862 0.00713604907713 0.00476959954003 0.0115814988636 0.00935288390224 0.00747247130236 -0.00114393862014 0.00577962211792 0.0213417615197 -0.0101414669403 0.00378661432453 0.0274368215419 0.0172900671299 0.0100686460306 0.00397227704709 0.0014915122667 0.00567753768065 0.0150341314122 0.00550312651943 0.0522569362065 0.0032585633164 -0.0064087840071 -0.00204831837746 0.0110177129303 0.0149286652686 0.0160285168778 0.0072466441671 0.0142345774486 -0.00233933077568 0.00802054606293 -0.011029720495 0.0192343872767 0.0480562506685 0.0226881844191 0.00180073252099 0.0126543490592 0.0225229746912 -0.00732780302475 0.0253188715768 0.0165069064728 0.0224541540649 
0.0157681488107 0.031494768989 -0.00215951399056 0.0151058469518 0.221796986351 0.00423701810998 0.0311702436748 0.034979947868 0.00215981968402 0.0253886033816 0.0311076193635 0.0180398262664 0.0191363584301 0.0113985219295 0.000714913913758 0.0178441270332 -0.00382490742755 0.0360317292948 0.0317199166501 0.00596673244919 0.0209600772417 0.0183893409862 -0.0162722543359 0.00478891054693 0.0150500120513 0.0352792771874 0.0175268102766 0.0112663545662 0.0309507912032 0.00841359941427 0.0158323038777 -0.00573808646563 0.0366007946736 0.0402295952849 0.0536660125435 0.0168559850619 0.0287202136416 0.0125742308271 0.00255412128605 0.0115153112597 -0.0079676242127 0.0657167854868 0.0284002667432 0.0132815414845 0.0251421270746 0.0237258587415 0.0343805394831 0.0143803360946 0.00769506963746 0.0199293932625 
0.0259897476849 0.0245907848121 0.000215064152965 0.0173542342872 0.00423701810998 0.894775489314 0.0380277041423 0.00563083935302 0.0413863270034 0.00490897632211 0.0365268276273 0.0205428140873 0.00128631869843 0.038167981579 0.0343944278664 0.0341290353868 0.0202109581459 0.0259946383536 0.00567486731313 0.0257313383094 0.0167743680228 0.0163360247759 0.00357023410141 0.0246024587115 0.0175439652678 0.00316337568513 0.00379703242379 0.0129314414937 -0.00996139859218 -0.022742422534 0.02277909098 0.0100653347227 0.0103417328912 0.00329507963582 0.0236910123815 0.0079425081105 0.0194996645685 -0.0178055464322 -0.0104204021974 -0.00309065063392 0.0125267025802 0.00548057490416 0.0263850246429 0.019313671868 -0.00928008607577 0.0116209775503 0.00266354338439 0.0105549109146 -0.0137654768495 0.033930237145 
0.0303486440626 0.0339956726793 0.0176693331976 0.0211504965218 0.0311702436748 0.0380277041423 0.202548068003 0.0154092386749 0.0307913664276 0.0178922987939 -0.00109682247828 0.00548475463146 0.0332966186517 0.0205253121072 0.00237873207981 0.0198752473985 0.0141835120151 0.0221119067098 0.0178680555194 0.0234299857103 0.0165690802712 0.03171779865 -0.000112971302335 0.0111748297862 0.0146160141942 0.00255225606231 0.0472227475057 0.0119916185947 0.0195989611837 0.00381416740794 0.00970234661237 0.0207881116544 0.0284555193453 0.00206649546249 0.0466554297331 0.0204880702787 -0.00435020992173 0.0237707567353 0.00631172521608 0.0245038191609 0.0228081232514 0.0473147750768 0.0385014229132 -0.00823062930177 -9.85279558066e-05 0.0345096908285 7.47354186365e-05 0.0307768315175 0.0112586860478 0.00618601615134 
0.018617319196 0.0234980717347 0.00916249336386 0.0114336475252 0.034979947868 0.00563083935302 0.0154092386749 0.123466635459 0.0264321932703 0.0180914262412 0.0158052716147 0.00749215677445 0.0172121027781 0.0162502062481 0.0104934207967 0.0216597464567 0.00732292117813 0.0366638502692 0.033995922108 0.0140760980285 0.0211135584868 0.00956905690876 0.00970222160235 0.000592536521951 0.0117496375534 0.0224126248303 0.0239869569426 0.0147022786144 0.0223597184558 0.026750804765 0.00772252975281 0.0243656654376 0.0181701359638 0.0560174518865 0.0249146918347 0.0213231724627 0.018388987677 0.00568240771112 0.033954808946 0.0187730589353 -0.00581962151549 0.0235687228627 0.031747742338 0.00911386435644 0.0108504278178 0.010074887251 0.00934048535711 0.00647524735468 0.0176009338392 0.0245029495698 
0.00623148267201 0.0156793683659 0.00518975696847 0.0699674621202 0.00215981968402 0.0413863270034 0.0307913664276 0.0264321932703 0.368203350111 0.0159306501709 0.0565904684822 0.00248730378672 0.0219968732075 0.00858133412264 -0.0171252545815 0.00596940145175 0.00430475279787 0.0158602440908 0.0115856973245 0.00793372976074 0.0342718333231 0.0249571254802 0.0323678942684 0.0186568308546 0.00962209765358 -0.000722312109663 0.00367383036572 -0.000451225519289 0.0268409689564 0.0127760816507 0.00372989274731 0.0399436045131 0.0256139347845 0.0304238595824 0.0265508865995 -0.00233276436221 0.0657776508539 -0.00245354864726 0.0595575038197 0.00827773809462 0.0017975426415 0.0225264127581 0.0283341458611 0.0209943479216 0.0264898467331 0.0103142342374 -0.00748358758578 0.0193278613556 0.0252580079396 0.0095759410622 
0.0107956631295 0.0133160212485 -0.0097536607844 0.0116227552862 0.0253886033816 0.00490897632211 0.0178922987939 0.0180914262412 0.0159306501709 0.237325437592 -0.00099832464479 0.0033403824532 0.00669877974293 -0.00134085546678 0.00771659656038 0.0139461450347 0.0021447979074 0.0248986155611 0.0251665693101 0.000584161993354 0.0466095019539 0.0397598186104 0.0148767780022 -0.0112658144745 0.00354920690705 0.0160871901847 0.0159729479254 0.0179220347172 0.0264208232148 0.00237083819384 -0.0044361447522 0.056476518986 0.0173493345239 0.0159764864553 0.018871813942 0.0234612484181 0.0314365903697 -0.0150558802722 0.018238310919 0.0164421104336 0.0222459526974 0.0198816871259 0.0109396470956 -0.00277646982041 0.0100241612172 0.00836347716514 0.000593406524083 -0.00644728344486 -0.0012183399122 0.00888315176356 
0.0263889878395 0.0174706446232 0.0042573768424 0.00713604907713 0.0311076193635 0.0365268276273 -0.00109682247828 0.0158052716147 0.0565904684822 -0.000998324644789 0.270786884191 0.0172377665631 0.0235390317726 0.0164437919699 0.0310274599239 0.00518136080745 -0.00691483706659 0.0253321452385 0.0355829635402 0.0208826746162 0.00323990967167 0.0187475176458 -0.00609741785106 -0.00465925140912 0.00377543481978 0.00500556187724 -0.0127181722205 -0.00704696983842 0.0153082253503 -0.0318916810232 0.0145449828771 -0.00217605970865 0.0128361923964 -0.00416588277409 0.0233922332446 0.00820441753475 0.00686711431858 0.0122248901705 0.00768744077246 0.0134336638068 0.013830204683 0.0137101763707 0.0087292646649 -0.0018817102684 0.0322136361621 -0.00445148864427 -0.00918285979041 0.0094977574956 0.0114456632006 0.0119526302226 
0.00519465824004 0.0129544629718 0.00218417303915 0.00476959954003 0.0180398262664 0.0205428140873 0.00548475463146 0.00749215677445 0.00248730378672 0.0033403824532 0.0172377665631 0.205104614167 0.0133293088382 0.0500366003518 0.00797051637428 0.0108383285825 -0.000777056090867 0.0195040817354 0.00443417204342 0.0579166235229 -0.00425564086925 0.00387647398191 0.00170512740514 0.0119901310915 0.0139521358495 0.00282061245352 0.0200753444633 0.00265816097873 -0.00145653734928 0.0139399332877 0.00330574159467 0.0109297552317 0.00945449196172 0.0181372323485 0.00183876842461 0.0225689969613 0.0108427763057 0.021446914377 0.00968191855209 -0.00298476480624 0.0661943481222 0.0233800379362 -0.00720868726672 0.0187223375873 -0.00342471597719 -0.00169074670702 -0.0250976517975 0.00764478881968 0.0360821031319 0.0146873925541 
0.00961443998559 0.00677876174935 0.000488849603779 0.0115814988636 0.0191363584301 0.00128631869843 0.0332966186517 0.0172121027781 0.0219968732075 0.00669877974293 0.0235390317726 0.0133293088382 0.138816135893 0.0114389177923 0.00809676572948 0.0138205587776 0.0116685598478 0.00623660406799 0.0277326217614 0.00890344773457 0.0212202959249 0.022343629195 0.00321733611053 0.00661473528692 0.00737675798712 0.0101442162897 0.020200485435 0.0100777972066 0.0316917326159 0.0211400928172 0.00556439216055 0.0582710600346 0.021222517596 0.0201700134302 0.0302152029261 0.0266278321839 0.0143134404982 0.0143276791791 0.00672767453642 0.0225056428607 0.00733901221671 0.0138801047658 0.019179718133 0.0105987694985 0.0231948367478 0.02682148327 -0.0115226268172 0.00949081085037 0.00163216442237 0.0265965088601 
0.0141712786168 0.0171106577002 0.0127086244747 0.00935288390224 0.0113985219295 0.038167981579 0.0205253121072 0.0162502062481 0.00858133412264 -0.00134085546678 0.0164437919699 0.0500366003518 0.0114389177923 0.113174713202 0.0183536521546 0.0087257060721 0.0128449506694 0.0349823957793 0.0204608166604 0.0412710581518 -0.00406306421905 0.0170623024915 0.024597673158 -0.00638580513251 0.0227431715792 0.00243536438188 0.0366609042128 -0.0055094815431 0.00112205411746 0.0131280226491 0.00661159514985 0.0144291891397 0.00634012227848 0.0204073705957 0.0153749002612 0.0313468103041 -0.00656262571226 0.00807357093858 0.0205754264042 0.00884760788439 0.0303687952459 0.00647778149288 0.00371847508658 0.0179565609715 0.0121565396255 0.0154313833613 0.00354916189157 0.00238963329303 0.0213288697069 0.0176178741807 
0.0524370306404 0.0163221003969 0.0141362559988 0.00747247130236 0.000714913913758 0.0343944278664 0.0023787320798 0.0104934207967 -0.0171252545815 0.00771659656038 0.0310274599239 0.00797051637428 0.00809676572948 0.0183536521546 0.307739066693 0.00644644623678 0.00264868308678 0.00522012343274 -0.00190096873369 0.00886719371255 -0.00892585842073 0.00590411596474 -0.0053625530829 0.0198617737359 -0.000231300903309 -0.00287392230642 -0.00452152973981 0.0110179191922 0.0246520605651 0.00114188447437 0.00683047544242 0.0264169627624 0.015782740986 -0.0108155099152 0.016743817272 0.0162741991023 -0.00457557880536 -0.00198942760408 -0.0460529480487 0.0567562800756 -0.000374603619614 0.0103634534432 -0.00536638031849 0.000275385504533 -0.00914227576257 0.00223612113439 -0.0126493224773 0.0211017275463 0.000401563321949 -0.00422181431145 
0.0175499341281 0.0152099509147 0.00850141642864 -0.00114393862014 0.0178441270332 0.0341290353868 0.0198752473985 0.0216597464567 0.00596940145175 0.0139461450347 0.00518136080745 0.0108383285825 0.0138205587777 0.0087257060721 0.00644644623678 0.173343695904 0.0225290983146 0.0386645643309 0.0367924279768 0.00684495377063 0.0269955306165 0.0144729609462 0.020517162395 -0.0131500230563 0.00575852193439 0.0302260753283 0.0189254668795 0.00860272345367 0.0184888793025 0.00633878752215 0.016043269175 0.00652893410817 0.0431415357812 0.0292572417415 0.0319071944936 0.0146891822694 0.0282291033576 -0.00205126100321 0.0227332080777 0.025004990518 -0.00559621914859 0.0112743873755 0.00910181597251 0.0242730132853 0.0140914859955 0.024664611781 0.0201715122745 -0.000263383077681 0.0206980396524 0.0259322940704 
0.00883114253758 -0.00245447453369 0.0257751217366 0.00577962211792 -0.00382490742755 0.0202109581459 0.0141835120151 0.00732292117813 0.00430475279787 0.0021447979074 -0.00691483706659 -0.000777056090868 0.0116685598478 0.0128449506694 0.00264868308678 0.0225290983146 0.204902501589 0.0149593743278 -0.00295202868692 0.00676463736975 0.029904844645 0.0191383646309 0.00436994506539 -0.00659443008356 0.000577566965774 -0.00442608976649 0.0184450092984 0.00993550583666 0.00586136477378 0.0134248577817 0.0407183620924 -0.000719452640757 0.0206757359091 0.0366950264709 0.0030977734161 0.00676222971006 -0.00928867604234 0.0174661897424 0.00394641288593 -0.0100914247429 -0.00193742165104 0.00822979347927 0.00312397301587 0.00379507011004 -0.0115727099455 0.00967552398507 -0.0244190267699 -0.00322756821801 0.0245282803376 0.00432505595142 
0.0147469156147 0.0189666051382 0.0207682531835 0.0213417615197 0.0360317292948 0.0259946383536 0.0221119067098 0.0366638502692 0.0158602440908 0.0248986155611 0.0253321452385 0.0195040817354 0.00623660406799 0.0349823957793 0.00522012343274 0.0386645643309 0.0149593743278 0.212002973034 0.0411045195879 0.0326508562594 0.0137221873191 0.0132958525124 0.0271074286936 0.00163397360161 0.0345769612585 0.0179444946506 0.0278635886493 0.00841212337518 0.00685816928292 0.0549288796526 -0.000839055694479 0.0217245123973 0.0162696060613 0.0973737209122 0.0395364766698 0.0299601067414 0.00801810996484 0.0083558250103 0.0171291412058 0.0122267717581 0.0237375856979 0.0479412761414 0.0158890435589 -0.00221326024689 0.0209524858331 0.0307266461401 0.00809435849329 0.0177588348342 0.015492149771 0.0251969465295 
0.0202343677051 0.00895380661293 -0.0212001978431 -0.0101414669403 0.0317199166501 0.00567486731313 0.0178680555194 0.033995922108 0.0115856973245 0.0251665693101 0.0355829635402 0.00443417204342 0.0277326217614 0.0204608166604 -0.00190096873369 0.0367924279768 -0.00295202868692 0.0411045195879 0.312900351195 0.0452752816075 0.0212256573618 0.0413259578957 0.0528227323907 -0.0171039228132 0.020298664808 0.036736875312 0.0246481923839 0.00624639275118 0.0483955670849 0.00703225348002 0.00206244760717 0.0414835956917 0.0244895436424 0.0154123052663 0.0447688840597 0.0314027072023 0.0354216145618 -0.0190897599468 0.0204301768578 0.00774818408464 0.0196000901757 0.002654051653 0.112570557762 0.0221675919808 -0.00547878621941 0.0214541407089 0.0219053220039 0.0112820842396 0.00948509216875 0.0243036966394 
0.0213804787547 0.0163469512608 0.0215985811022 0.00378661432453 0.00596673244919 0.0257313383094 0.0234299857103 0.0140760980285 0.00793372976074 0.000584161993354 0.0208826746162 0.0579166235229 0.00890344773457 0.0412710581518 0.00886719371255 0.00684495377063 0.00676463736975 0.0326508562594 0.0452752816075 0.142110718143 0.00951764107899 0.0121002603862 0.0161234841417 0.014088835711 0.0181187078348 0.00714502004814 0.0302590904322 -0.00532981611738 0.00278463217848 0.0195118834065 -0.00434999856978 0.0117610297101 0.0169852476503 0.0121258382968 -0.0057612526108 0.0276436945699 0.00132154144614 0.0136490382703 0.00447661895508 0.012264798593 0.0338940821296 -0.000484891361277 0.0177261874978 0.0181515890222 0.0155424476763 0.0110661920894 -0.00279582868873 0.0198225564858 0.0114282302171 0.0224336961812 
0.00645070813237 0.0130964941248 0.0177581911089 0.0274368215419 0.0209600772417 0.0167743680228 0.0165690802712 0.0211135584868 0.0342718333231 0.0466095019539 0.00323990967167 -0.00425564086926 0.0212202959249 -0.00406306421905 -0.00892585842073 0.0269955306165 0.029904844645 0.0137221873191 0.0212256573618 0.00951764107899 0.261681274039 0.0139536280951 0.0239839345995 -0.00188615737641 0.010908945484 0.0196505701599 0.0156830923089 0.0103211921343 0.00378160566678 -0.0114484724802 0.0404495386221 0.0486491492161 0.0308080239548 -0.0181558733754 0.00838370198485 0.0173774161633 0.0200746595737 0.00875165918297 0.027722026792 -0.000980621789036 0.0128025803876 0.0281045282443 0.0338022422355 0.00817371918751 0.00492629654454 0.0211569924083 -0.0144417206948 0.0205130127987 0.0210937565986 0.0214639784247 
0.0152900729338 0.0121382392978 0.0432553562617 0.0172900671299 0.0183893409862 0.0163360247759 0.03171779865 0.00956905690875 0.0249571254802 0.0397598186104 0.0187475176458 0.00387647398191 0.022343629195 0.0170623024915 0.00590411596474 0.0144729609462 0.0191383646309 0.0132958525124 0.0413259578957 0.0121002603862 0.0139536280951 0.198415853414 0.0184639678413 -0.00325255630671 0.0162367238065 0.020036083266 0.0233317019898 0.0100660915228 0.029111518265 -0.00292781384719 -0.0021585139291 0.041551844815 0.0307627863435 -0.0180123825094 0.0113896334459 -0.00254307573254 0.0303430063816 -0.00174960577909 0.0156866717941 0.0131162729291 0.0272592469495 0.00123318095719 0.0263847614869 0.0238593737749 0.00726030461527 0.0041127582427 0.022805023578 0.000481562741624 0.0179207044142 0.0098232283551 
0.0100638850444 0.0106160713471 -0.00974382576033 0.0100686460306 -0.0162722543359 0.00357023410141 -0.000112971302335 0.00970222160236 0.0323678942684 0.0148767780022 -0.00609741785106 0.00170512740514 0.00321733611053 0.024597673158 -0.0053625530829 0.020517162395 0.00436994506539 0.0271074286936 0.0528227323907 0.0161234841417 0.0239839345995 0.0184639678413 0.826682248291 0.023953061071 0.00177308168068 0.0284378655435 -0.00107566849779 0.00635786287601 0.0123912679462 -0.00200831020072 0.0641364657358 0.0219271071405 0.00173190511442 -0.00790856568704 0.000340510142547 0.0176852187221 0.0435145060028 -0.0261379060228 0.0652977726142 -0.0207952913706 0.017103035764 0.0478571074235 0.0321208787596 0.0412454910376 -0.0266968259963 0.0169257621783 0.0327961359953 0.0175726846967 -0.00636294197562 0.0190088068589 
0.000772811576862 0.0185670051423 0.0241150194437 0.00397227704709 0.00478891054693 0.0246024587115 0.0111748297862 0.000592536521951 0.0186568308546 -0.0112658144745 -0.00465925140912 0.0119901310915 0.00661473528692 -0.00638580513251 0.0198617737359 -0.0131500230563 -0.00659443008356 0.00163397360161 -0.0171039228132 0.014088835711 -0.00188615737641 -0.00325255630671 0.023953061071 0.325977579303 0.0192668672474 -0.00333707274874 0.00737154276004 0.0319973801673 0.00500739453325 -0.0037421890281 0.0114991888189 -0.0122420450571 -0.0217539169458 0.0154895384052 0.0106381808573 -0.022620630472 0.0139884937097 0.000452461386965 0.0336577255113 -0.0147128308453 0.00823099045836 0.00898440881437 -0.00497784342775 0.0053319330464 -0.0203149861371 0.0340375597023 -0.00503746146858 0.00212667166062 0.010226851674 0.0165472660286 
0.0149212363958 0.00515020286087 0.0154574263376 0.0014915122667 0.0150500120513 0.0175439652678 0.0146160141942 0.0117496375534 0.00962209765358 0.00354920690705 0.00377543481978 0.0139521358495 0.00737675798712 0.0227431715792 -0.000231300903309 0.00575852193439 0.000577566965772 0.0345769612585 0.020298664808 0.0181187078348 0.010908945484 0.0162367238065 0.00177308168068 0.0192668672474 0.179754308761 0.0172150228891 -0.000566054898743 -0.00481748206199 0.027189979315 0.00643775327362 -0.00141239712541 0.029963986544 0.0048152833022 0.0183897250681 0.00822151554204 0.0201847510553 -0.00698147396674 -8.65477930265e-05 0.032988690011 -0.0224201505223 0.00684517375755 0.0198122035378 0.00450191693573 -0.00377765941228 0.0215259675116 0.0219811696845 -0.0015077603831 -0.0130559856177 0.00389842524945 0.0169582648999 
0.0279553878515 0.012185025087 0.00194216303534 0.00567753768065 0.0352792771874 0.00316337568513 0.00255225606231 0.0224126248303 -0.000722312109662 0.0160871901847 0.00500556187724 0.00282061245352 0.0101442162897 0.00243536438188 -0.00287392230642 0.0302260753283 -0.00442608976649 0.0179444946506 0.036736875312 0.00714502004814 0.0196505701599 0.020036083266 0.0284378655435 -0.00333707274874 0.0172150228891 0.295125888948 0.0177089565986 0.0141859466029 0.0119800005402 0.0235875621191 0.00750502558568 0.02777100592 0.0215295108049 0.0513341775268 0.0767608085472 -0.00223895037806 0.0440806783067 0.0729568302593 0.0964365973216 -0.0158529330654 -0.00510071415838 0.0494614414588 0.0326251177621 0.016664101439 -0.0063135550926 0.0299808702395 0.00421017446152 0.0136214191742 0.0232808805427 0.0280547920179 
0.0125839245448 0.0214137094771 0.0541674011343 0.0150341314122 0.0175268102766 0.00379703242379 0.0472227475057 0.0239869569426 0.00367383036572 0.0159729479254 -0.0127181722205 0.0200753444633 0.020200485435 0.0366609042128 -0.00452152973981 0.0189254668795 0.0184450092984 0.0278635886493 0.0246481923839 0.0302590904322 0.0156830923089 0.0233317019898 -0.00107566849779 0.00737154276004 -0.000566054898742 0.0177089565986 0.333387585729 0.0137461943241 0.0242554460098 0.00849962422988 0.0182175477749 0.0594103570045 0.0245288996462 0.00177744194486 0.0305646889704 0.0205220363705 0.0171687424755 0.0389946155644 0.127468012873 0.00141693417112 0.0113312646767 0.0679394003386 0.00585860259504 0.0608497937039 0.0151429904233 0.063164330123 0.0166746456901 0.0419591258154 -0.00617164907553 0.0138186857798 
0.00654986860247 0.0213336244419 -0.0111267960395 0.00550312651943 0.0112663545662 0.0129314414937 0.0119916185947 0.0147022786144 -0.00045122551929 0.0179220347172 -0.00704696983842 0.00265816097873 0.0100777972066 -0.0055094815431 0.0110179191922 0.00860272345367 0.00993550583666 0.00841212337519 0.00624639275118 -0.00532981611737 0.0103211921343 0.0100660915228 0.00635786287601 0.0319973801673 -0.00481748206199 0.0141859466029 0.0137461943241 0.172123815224 0.0184994389606 0.000485220399056 -0.014122620601 -0.0163131830662 0.00427205050735 0.0130144917943 0.0110774294063 0.00448628346937 0.0141451927688 0.000970517331093 0.01749902146 0.0181913983109 0.0177820291149 -0.00211499509354 0.00197935967707 0.0101866484221 0.0254145787827 0.0104494180505 -0.0184472141273 0.0335549498596 -0.00203735438963 -0.000864725896261 
0.00805518093519 0.0163583118545 0.0173557043531 0.0522569362065 0.0309507912032 -0.00996139859218 0.0195989611837 0.0223597184558 0.0268409689564 0.0264208232148 0.0153082253503 -0.00145653734928 0.0316917326159 0.00112205411746 0.0246520605651 0.0184888793025 0.00586136477378 0.00685816928292 0.0483955670849 0.00278463217848 0.00378160566678 0.029111518265 0.0123912679462 0.00500739453325 0.027189979315 0.0119800005402 0.0242554460098 0.0184994389606 0.452459291242 7.47422558857e-05 0.00765228832748 0.0122802867475 0.0291906844985 0.0292205292159 0.0204258434844 0.0283148356138 0.0347298499374 0.02573935959 0.0619708846948 0.00509395295203 0.00827814243779 0.0586609177505 0.0211278735479 0.00184829930585 0.00499779366595 0.0523008824206 -0.00859420869234 -0.0148396272166 0.0174116124305 0.0382443280913 
0.000342195814587 0.0261444212081 0.0111135600669 0.0032585633164 0.00841359941427 -0.022742422534 0.00381416740794 0.026750804765 0.0127760816507 0.00237083819384 -0.0318916810232 0.0139399332877 0.0211400928172 0.0131280226491 0.00114188447437 0.00633878752215 0.0134248577817 0.0549288796526 0.00703225348002 0.0195118834065 -0.0114484724802 -0.00292781384718 -0.00200831020072 -0.0037421890281 0.00643775327362 0.0235875621191 0.00849962422988 0.000485220399056 7.47422558859e-05 0.631369749607 0.00121571745704 0.0401112425331 0.0181951356729 0.316026800805 0.00156634636073 0.00340043930211 0.0210972190472 0.0114230941169 0.0079908482188 0.0105316368022 -0.00694442562531 0.0495777721809 0.00813785049731 0.00716390705956 0.0129582346959 0.0244182080897 0.0287050220355 0.0579192675395 0.0170324305819 0.0284291702628 
0.0430776567622 0.00279530601965 0.0209995250743 -0.0064087840071 0.0158323038777 0.02277909098 0.00970234661237 0.00772252975281 0.00372989274731 -0.0044361447522 0.0145449828771 0.00330574159467 0.00556439216055 0.00661159514985 0.00683047544242 0.016043269175 0.0407183620923 -0.000839055694479 0.00206244760717 -0.00434999856978 0.0404495386221 -0.0021585139291 0.0641364657358 0.0114991888189 -0.00141239712541 0.00750502558568 0.0182175477749 -0.014122620601 0.00765228832748 0.00121571745704 0.509930348596 0.0253753109128 0.0117049919403 0.0305523092582 0.00283512442306 -0.0061946744467 0.0309978827837 0.0317786012622 0.0393884495883 -0.0127175141964 -0.0115984876268 0.064130433682 -0.0170338467646 0.00324388399308 0.0228517068883 -0.00561495304701 0.00676246289468 -0.0040790830949 0.0325170624714 0.0132836665652 
0.0266932565933 0.0269375095569 0.0288195782804 -0.00204831837746 -0.00573808646563 0.0100653347227 0.0207881116544 0.0243656654376 0.0399436045131 0.056476518986 -0.00217605970865 0.0109297552317 0.0582710600346 0.0144291891397 0.0264169627624 0.00652893410817 -0.000719452640757 0.0217245123973 0.0414835956917 0.0117610297101 0.0486491492161 0.041551844815 0.0219271071405 -0.0122420450571 0.029963986544 0.02777100592 0.0594103570045 -0.0163131830662 0.0122802867475 0.0401112425331 0.0253753109128 0.431947188966 0.0248528366249 0.0692521752315 0.024234795977 0.0169677488464 0.0349569685427 0.0162529474761 0.111892103478 -0.000937513097139 0.0195683543128 0.040436779024 0.00388502044022 0.0193961780358 0.00485774089088 0.0457304282971 -0.00835963626736 0.038554743101 -0.00217300618106 0.0175786962501 
0.0513527390178 0.0285796784396 -0.00224799316505 0.0110177129303 0.0366007946736 0.0103417328912 0.0284555193453 0.0181701359638 0.0256139347845 0.0173493345239 0.0128361923964 0.00945449196172 0.021222517596 0.00634012227848 0.015782740986 0.0431415357812 0.0206757359091 0.0162696060613 0.0244895436424 0.0169852476503 0.0308080239548 0.0307627863435 0.00173190511442 -0.0217539169458 0.0048152833022 0.0215295108049 0.0245288996462 0.00427205050736 0.0291906844985 0.0181951356729 0.0117049919403 0.0248528366249 0.221904120788 0.0154375972923 0.0289520436395 0.0173937496142 0.0166338598858 0.00769208336903 0.0308323565095 0.0285831545218 0.00877507406184 0.0442246084701 -0.00763597816729 -0.0209444749025 0.0205178347704 0.0194020441366 -0.00132184422431 -0.0071868750123 0.0411959977935 0.016853648166 
0.028813833785 0.020518087724 0.00212717053611 0.0149286652686 0.0402295952849 0.00329507963582 0.00206649546249 0.0560174518865 0.0304238595824 0.0159764864553 -0.00416588277409 0.0181372323485 0.0201700134302 0.0204073705957 -0.0108155099152 0.0292572417415 0.0366950264709 0.0973737209122 0.0154123052663 0.0121258382968 -0.0181558733754 -0.0180123825094 -0.00790856568704 0.0154895384052 0.0183897250681 0.0513341775268 0.00177744194486 0.0130144917943 0.0292205292159 0.316026800805 0.0305523092582 0.0692521752315 0.0154375972923 0.825839637141 0.0422326546063 0.0230316577114 0.0478222072315 0.0331397150493 0.026630163372 -0.00711182829429 0.0295599332927 0.0672960927323 -0.00954719525003 0.00649303029785 0.0183723492845 0.0424308964044 -0.00158907773743 0.0189973609109 0.000661309397387 0.0236637268065 
0.0231906994542 0.0163266630653 0.00578844878028 0.0160285168778 0.0536660125435 0.0236910123815 0.0466554297331 0.0249146918347 0.0265508865995 0.018871813942 0.0233922332446 0.00183876842461 0.0302152029261 0.0153749002612 0.016743817272 0.0319071944936 0.0030977734161 0.0395364766698 0.0447688840597 -0.0057612526108 0.00838370198485 0.0113896334459 0.000340510142547 0.0106381808573 0.00822151554204 0.0767608085472 0.0305646889704 0.0110774294063 0.0204258434844 0.00156634636073 0.00283512442306 0.024234795977 0.0289520436395 0.0422326546063 0.322772196497 0.0334985934285 0.0428514793968 -0.0198117395719 0.0154921431891 0.0117302303768 0.0102514138716 0.0779727370544 0.0174869188804 0.0371928799416 0.0136915204312 0.0504502824696 0.0095362290122 0.0144902622953 0.0133517485388 0.00374124270265 
0.00553387893565 0.0139686336199 0.00712475217015 0.0072466441671 0.0168559850619 0.0079425081105 0.0204880702787 0.0213231724627 -0.00233276436221 0.0234612484181 0.00820441753475 0.0225689969613 0.0266278321839 0.0313468103041 0.0162741991023 0.0146891822694 0.00676222971006 0.0299601067414 0.0314027072023 0.0276436945699 0.0173774161633 -0.00254307573255 0.0176852187221 -0.022620630472 0.0201847510553 -0.00223895037806 0.0205220363705 0.00448628346937 0.0283148356138 0.00340043930211 -0.0061946744467 0.0169677488464 0.0173937496142 0.0230316577114 0.0334985934285 0.192112818345 0.00731263779614 0.000322838217635 0.0403459026932 -0.00261141610709 0.0363688221356 0.0437058723189 0.0455745632495 0.019031356679 0.0286424177232 0.0371784015544 -0.0338564531598 0.0203767212822 0.0158155312532 0.00737936332153 
-0.0021808158634 0.00610844354273 0.0252914909601 0.0142345774486 0.0287202136416 0.0194996645685 -0.00435020992173 0.018388987677 0.0657776508539 0.0314365903697 0.00686711431858 0.0108427763057 0.0143134404982 -0.00656262571226 -0.00457557880536 0.0282291033576 -0.00928867604233 0.00801810996484 0.0354216145618 0.00132154144614 0.0200746595737 0.0303430063816 0.0435145060028 0.0139884937097 -0.00698147396674 0.0440806783067 0.0171687424755 0.0141451927688 0.0347298499374 0.0210972190472 0.0309978827837 0.0349569685427 0.0166338598858 0.0478222072315 0.0428514793968 0.00731263779614 0.239293278251 0.00240159876396 0.0501101678838 0.0143024251143 0.0168894340847 0.0651032073328 0.0017954938108 0.029636880377 0.0296567456079 0.00893391212755 0.0220774628127 -0.0213316473772 0.0212894705744 0.00199976973494 
0.0858068860773 0.00944147592979 -0.0206250436621 -0.00233933077568 0.0125742308271 -0.0178055464322 0.0237707567353 0.00568240771112 -0.00245354864726 -0.0150558802722 0.0122248901705 0.021446914377 0.0143276791791 0.00807357093858 -0.00198942760408 -0.00205126100321 0.0174661897424 0.0083558250103 -0.0190897599468 0.0136490382703 0.00875165918297 -0.00174960577909 -0.0261379060228 0.000452461386965 -8.65477930267e-05 0.0729568302593 0.0389946155644 0.000970517331093 0.02573935959 0.0114230941169 0.0317786012622 0.0162529474761 0.00769208336903 0.0331397150493 -0.0198117395719 0.000322838217635 0.00240159876396 0.793776134675 0.0662962750386 -0.0238760937771 -0.0229557304396 0.00473511270881 0.00283413947667 0.00093862039869 -0.0186710374613 -0.00642606804933 0.00989907098417 0.0549079303594 0.00505304356245 0.00954580433301 
0.02546447491 0.0122865700093 0.0301121001837 0.00802054606293 0.00255412128605 -0.0104204021974 0.00631172521608 0.033954808946 0.0595575038197 0.018238310919 0.00768744077246 0.00968191855209 0.00672767453642 0.0205754264042 -0.0460529480487 0.0227332080777 0.00394641288593 0.0171291412058 0.0204301768578 0.00447661895508 0.027722026792 0.0156866717941 0.0652977726142 0.0336577255113 0.032988690011 0.0964365973216 0.127468012873 0.01749902146 0.0619708846948 0.0079908482188 0.0393884495883 0.111892103478 0.0308323565095 0.026630163372 0.0154921431891 0.0403459026932 0.0501101678838 0.0662962750386 0.989689770014 0.0224077308362 -0.00240350356029 0.105838326069 0.068541558111 0.0389827214946 -0.0102380379417 0.0820412378425 -0.011076943375 0.0232713125819 0.0069693802239 0.012226821205 
0.0201963864623 0.00804428537877 0.0382448869591 -0.011029720495 0.0115153112597 -0.00309065063392 0.0245038191609 0.0187730589353 0.00827773809462 0.0164421104336 0.0134336638068 -0.00298476480624 0.0225056428607 0.00884760788439 0.0567562800756 0.025004990518 -0.0100914247429 0.0122267717581 0.00774818408464 0.012264798593 -0.000980621789037 0.0131162729291 -0.0207952913706 -0.0147128308453 -0.0224201505223 -0.0158529330654 0.00141693417112 0.0181913983109 0.00509395295203 0.0105316368022 -0.0127175141964 -0.000937513097138 0.0285831545218 -0.00711182829429 0.0117302303768 -0.00261141610709 0.0143024251143 -0.0238760937771 0.0224077308362 0.45846363622 0.000662384545803 0.0533949811179 -0.025018890982 -0.00861055937036 -0.0121603607913 0.019865442216 -0.0234488332781 0.0375099746523 0.00959571536858 0.0167039256814 
-0.00480815944892 0.0169143230243 0.000496100816147 0.0192343872767 -0.0079676242127 0.0125267025802 0.0228081232514 -0.00581962151549 0.0017975426415 0.0222459526974 0.013830204683 0.0661943481222 0.00733901221671 0.0303687952459 -0.000374603619614 -0.00559621914859 -0.00193742165105 0.0237375856979 0.0196000901757 0.0338940821296 0.0128025803876 0.0272592469495 0.017103035764 0.00823099045836 0.00684517375755 -0.00510071415838 0.0113312646767 0.0177820291149 0.00827814243779 -0.00694442562531 -0.0115984876268 0.0195683543128 0.00877507406184 0.0295599332927 0.0102514138716 0.0363688221356 0.0168894340847 -0.0229557304396 -0.00240350356029 0.000662384545803 0.260946029969 0.0469978167385 0.0228004174068 0.0143078729908 0.0186378409173 0.0283098131657 -0.0345482771105 0.0163346981571 0.0108364636803 -0.0111378564293 
0.0287166622083 0.0218261904018 -0.0119242848964 0.0480562506685 0.0657167854868 0.00548057490416 0.0473147750768 0.0235687228627 0.0225264127581 0.0198816871259 0.0137101763707 0.0233800379362 0.0138801047658 0.00647778149288 0.0103634534432 0.0112743873755 0.00822979347927 0.0479412761414 0.002654051653 -0.000484891361278 0.0281045282443 0.00123318095719 0.0478571074235 0.00898440881436 0.0198122035378 0.0494614414588 0.0679394003386 -0.00211499509354 0.0586609177505 0.0495777721809 0.064130433682 0.040436779024 0.0442246084701 0.0672960927323 0.0779727370544 0.0437058723189 0.0651032073328 0.00473511270881 0.105838326069 0.0533949811179 0.0469978167385 0.483863992769 0.0584279284105 0.0207919395669 0.0377423434285 0.0633272817903 0.0108965309378 -0.030432809344 0.0291583482123 0.0179823353051 
0.0170539482037 -0.00974651179047 0.00655444819621 0.0226881844191 0.0284002667432 0.0263850246429 0.0385014229132 0.031747742338 0.0283341458611 0.0109396470956 0.0087292646649 -0.00720868726672 0.019179718133 0.00371847508658 -0.00536638031849 0.00910181597251 0.00312397301587 0.0158890435589 0.112570557762 0.0177261874978 0.0338022422355 0.0263847614869 0.0321208787596 -0.00497784342775 0.00450191693573 0.0326251177621 0.00585860259504 0.00197935967707 0.0211278735479 0.00813785049731 -0.0170338467646 0.00388502044022 -0.00763597816729 -0.00954719525003 0.0174869188804 0.0455745632495 0.0017954938108 0.00283413947667 0.068541558111 -0.025018890982 0.0228004174068 0.0584279284105 1.25179669584 -0.00644908505273 0.0214417169827 0.0292204493592 -0.0112215314978 0.00326454834098 -0.0166281910856 -0.000490077843285 
0.0151867736776 0.0135768538984 0.051451040177 0.00180073252099 0.0132815414845 0.019313671868 -0.00823062930177 0.00911386435644 0.0209943479216 -0.00277646982041 -0.00188171026841 0.0187223375873 0.0105987694985 0.0179565609715 0.000275385504533 0.0242730132853 0.00379507011004 -0.00221326024689 0.0221675919808 0.0181515890222 0.00817371918751 0.0238593737749 0.0412454910376 0.0053319330464 -0.00377765941228 0.016664101439 0.0608497937039 0.0101866484221 0.00184829930585 0.00716390705956 0.00324388399308 0.0193961780358 -0.0209444749025 0.00649303029785 0.0371928799416 0.019031356679 0.029636880377 0.00093862039869 0.0389827214946 -0.00861055937036 0.0143078729908 0.0207919395669 -0.00644908505273 0.290965469169 0.012914521323 0.036598152491 0.00745339938121 0.0379325507089 0.00155836307496 0.00193662963245 
0.0324040404765 0.00331248330395 0.000791293622029 0.0126543490592 0.0251421270746 -0.00928008607577 -9.85279558067e-05 0.0108504278178 0.0264898467331 0.0100241612172 0.0322136361621 -0.00342471597719 0.0231948367478 0.0121565396255 -0.00914227576257 0.0140914859955 -0.0115727099455 0.0209524858331 -0.00547878621941 0.0155424476763 0.00492629654454 0.00726030461527 -0.0266968259963 -0.0203149861371 0.0215259675116 -0.0063135550926 0.0151429904233 0.0254145787827 0.00499779366595 0.0129582346959 0.0228517068883 0.00485774089088 0.0205178347704 0.0183723492845 0.0136915204312 0.0286424177232 0.0296567456079 -0.0186710374613 -0.0102380379417 -0.0121603607913 0.0186378409173 0.0377423434285 0.0214417169827 0.012914521323 0.542115642107 0.0135343275467 0.000351321025768 -0.0290301111971 0.0139171491014 0.0514273154954 
0.00856574705685 0.0221619775607 0.0938028733656 0.0225229746912 0.0237258587415 0.0116209775503 0.0345096908285 0.010074887251 0.0103142342374 0.00836347716514 -0.00445148864427 -0.00169074670702 0.02682148327 0.0154313833613 0.00223612113439 0.024664611781 0.00967552398507 0.0307266461401 0.0214541407089 0.0110661920894 0.0211569924083 0.0041127582427 0.0169257621783 0.0340375597023 0.0219811696845 0.0299808702395 0.063164330123 0.0104494180505 0.0523008824206 0.0244182080897 -0.00561495304701 0.0457304282971 0.0194020441366 0.0424308964044 0.0504502824696 0.0371784015544 0.00893391212755 -0.00642606804933 0.0820412378425 0.019865442216 0.0283098131657 0.0633272817903 0.0292204493592 0.036598152491 0.0135343275467 0.372401719675 -0.034268321548 0.0185607715255 0.0152214536197 0.0650795837258 
-0.00918308474743 -0.0125018933652 -0.00622427640007 -0.00732780302475 0.0343805394831 0.00266354338439 7.47354186366e-05 0.00934048535711 -0.00748358758578 0.000593406524083 -0.00918285979041 -0.0250976517975 -0.0115226268172 0.00354916189157 -0.0126493224773 0.0201715122745 -0.0244190267699 0.00809435849329 0.0219053220039 -0.00279582868873 -0.0144417206948 0.022805023578 0.0327961359953 -0.00503746146858 -0.0015077603831 0.00421017446152 0.0166746456901 -0.0184472141273 -0.00859420869234 0.0287050220355 0.00676246289468 -0.00835963626736 -0.00132184422431 -0.00158907773743 0.0095362290122 -0.0338564531598 0.0220774628127 0.00989907098417 -0.011076943375 -0.0234488332781 -0.0345482771105 0.0108965309378 -0.0112215314978 0.00745339938121 0.000351321025768 -0.034268321548 1.06683242323 -0.00943872506673 -0.00604966317916 0.00642722455538 
