20
0.0571686925308 0.0870955077299 0.133040507733 0.0559799775446 0.022553065058 0.0368602928082 0.0288411222523 0.0423549004831 0.0402434153999 0.0181340887913 0.0315088302779 0.0437038130991 0.107494880462 0.0373342989671 0.110057805124 0.165506763093 0.0300310371189 0.00646873977314 0.0398839612709 0.0755027876102 
0.379623349716 0.00275862050321 0.00269662220012 0.00038918407185 0.0199797649586 0.0119742491114 0.0110168201772 0.0228255163715 0.0232652913273 0.0226944169341 0.0345277705979 0.0113519636803 0.0250533654459 0.0167002774999 0.0504109954823 0.0199267234598 0.00435366129707 0.0238067968626 0.0142632765584 -0.00461875256851 
0.00275862050321 0.456892783828 0.10829759546 0.0320201760205 -0.0149706870667 0.0101876820285 -0.000713036039366 0.0146455842869 0.00332232936694 0.0192974330065 0.0316826869049 0.00333377080216 0.0479652092197 0.0413465065108 0.0502799927995 0.0370104710193 0.0197728230235 0.0223822251005 0.00843625820619 -0.0167461662351 
0.00269662220012 0.10829759546 0.491657372922 0.00531791964514 -0.0241004162052 -0.0118651105384 -0.000939119615804 -0.00551919474448 0.00017098126914 0.0186703764867 0.0267971732913 0.0219237646325 0.0758799476542 0.0576873769304 0.0597027730845 0.0107201897941 0.0301788686885 0.00984167004464 0.00149043606563 -0.0120607080825 
0.000389184071851 0.0320201760205 0.00531791964514 0.251674423736 0.0555574452398 0.0106183869692 0.00202330449351 0.00844560882553 0.0292108447009 0.0498246757037 0.00731452285525 0.0346031129408 0.0335217448199 0.0141601471642 -0.000503522252093 0.0328293186807 0.0178400245431 0.00975094214016 0.0149891349775 0.0244188488779 
0.0199797649586 -0.0149706870667 -0.0241004162052 0.0555574452398 0.245916196984 0.0100907263375 0.0301281579781 0.0111444434317 0.0383567488936 0.0161735312956 0.0186357736341 0.023296905396 0.0263966522192 -0.00761332015058 0.0512550452237 -0.00279459851109 -0.00780062046745 0.0431327509658 0.0144097833462 -0.0102553658065 
0.0119742491114 0.0101876820285 -0.0118651105384 0.0106183869692 0.0100907263375 0.338324756092 -0.0135268026337 -0.00308941286013 0.012149982736 -0.00562458958636 0.00313275338747 0.0169324615256 0.014948882547 0.00811468818459 0.00437015103107 0.0199088036172 0.00429357070088 0.00224432581623 0.00685704295679 0.0266716271179 
0.0110168201772 -0.000713036039366 -0.000939119615804 0.00202330449351 0.0301281579781 -0.0135268026337 0.186285795744 0.0136443793207 0.00781691425798 -0.00152808053191 0.0207805980939 0.0253766786409 0.0455203835727 0.0241079026477 0.0495892099984 0.0115028515548 0.015062167146 0.0685738003659 0.0176755252549 0.00702193339676 
0.0228255163715 0.0146455842869 -0.00551919474448 0.00844560882553 0.0111444434317 -0.00308941286013 0.0136443793207 0.227010535421 0.0174722457964 0.0202662256799 0.00655688618993 -0.00739824774497 0.0218837551276 0.029606284492 -0.00697423010786 0.0437811802227 0.0125952663387 0.0185332430119 0.00593652762317 0.0155904276596 
0.0232652913273 0.00332232936694 0.00017098126914 0.0292108447009 0.0383567488936 0.012149982736 0.00781691425798 0.0174722457964 0.141190340008 0.00706007574013 0.0291733531256 0.0170836891613 -0.00132554010356 0.0132033275809 0.0204714116518 0.0117998717188 0.00587136009447 0.0272746192966 0.034679821194 0.00891700783732 
0.0226944169341 0.0192974330065 0.0186703764867 0.0498246757037 0.0161735312956 -0.00562458958636 -0.00152808053191 0.0202662256799 0.00706007574013 0.29586015951 0.0263877730673 0.0219229936176 0.0152567276482 0.0549052582388 0.0597755881413 0.0077022360989 0.00923792076132 0.0197748894487 0.0100177552087 0.0569686343302 
0.0345277705979 0.0316826869049 0.0267971732913 0.00731452285525 0.0186357736341 0.00313275338747 0.0207805980939 0.00655688618993 0.0291733531256 0.0263877730673 0.244324489504 0.0182254564397 0.0403214365216 0.0334696512637 0.0718172346866 0.0191904422299 0.0163389029831 0.035047639116 0.016479654238 0.0110193290764 
0.0113519636803 0.00333377080216 0.0219237646325 0.0346031129408 0.023296905396 0.0169324615256 0.0253766786409 -0.00739824774497 0.0170836891613 0.0219229936176 0.0182254564397 0.214994487921 0.0457579872564 0.0303374873703 0.0481624894031 0.0299397630551 -0.000782713247002 0.014976738673 0.0064562223627 0.0309115828896 
0.0250533654459 0.0479652092197 0.0758799476542 0.0335217448199 0.0263966522192 0.014948882547 0.0455203835727 0.0218837551276 -0.00132554010356 0.0152567276482 0.0403214365216 0.0457579872564 0.467625962689 0.0230346861814 0.0653937915997 0.0974572675214 0.0233507134121 0.0312727906753 0.0166321108457 0.0775277063631 
0.0167002774999 0.0413465065108 0.0576873769304 0.0141601471642 -0.00761332015058 0.00811468818459 0.0241079026477 0.029606284492 0.0132033275809 0.0549052582388 0.0334696512637 0.0303374873703 0.0230346861814 0.269918375519 0.0323044013147 0.0198391956982 0.0176496213166 0.0161896535151 0.0204508123481 -0.00839152125781 
0.0504109954823 0.0502799927995 0.0597027730845 -0.000503522252093 0.0512550452237 0.00437015103107 0.0495892099984 -0.00697423010786 0.0204714116518 0.0597755881413 0.0718172346866 0.0481624894031 0.0653937915997 0.0323044013147 0.473675309627 0.0272118057336 -0.0100010525926 0.0650906796028 0.0214514867118 0.0268143102979 
0.0199267234598 0.0370104710193 0.0107201897941 0.0328293186807 -0.00279459851109 0.0199088036172 0.0115028515548 0.0437811802227 0.0117998717188 0.0077022360989 0.0191904422299 0.0299397630551 0.0974572675214 0.0198391956982 0.0272118057336 0.385631659945 0.0257142287964 0.0343415150998 0.00489905103587 0.0251359684781 
0.00435366129707 0.0197728230235 0.0301788686885 0.0178400245431 -0.00780062046745 0.00429357070088 0.015062167146 0.0125952663387 0.00587136009447 0.00923792076132 0.0163389029831 -0.000782713247002 0.0233507134121 0.0176496213166 -0.0100010525926 0.0257142287964 0.268175271485 0.0146269514916 0.0170722281084 0.0116086950388 
0.0238067968626 0.0223822251005 0.00984167004464 0.00975094214016 0.0431327509658 0.00224432581623 0.0685738003659 0.0185332430119 0.0272746192966 0.0197748894487 0.035047639116 0.014976738673 0.0312727906753 0.0161896535151 0.0650906796028 0.0343415150998 0.0146269514916 0.192165427734 0.0179344313191 0.00352549508836 
0.0142632765584 0.00843625820619 0.00149043606563 0.0149891349775 0.0144097833462 0.00685704295679 0.0176755252549 0.00593652762317 0.034679821194 0.0100177552087 0.016479654238 0.0064562223627 0.0166321108457 0.0204508123481 0.0214514867118 0.00489905103587 0.0170722281084 0.0179344313191 0.14350003076 0.000890359847132 
-0.00461875256851 -0.0167461662351 -0.0120607080825 0.0244188488779 -0.0102553658065 0.0266716271179 0.00702193339676 0.0155904276596 0.00891700783732 0.0569686343302 0.0110193290764 0.0309115828896 0.0775277063631 -0.00839152125781 0.0268143102979 0.0251359684781 0.0116086950388 0.00352549508836 0.000890359847132 0.734134270659 
0.0328763464723 0.000238903543518 0.000233534332972 3.37043292971e-05 0.00173029840158 0.00103700039217 0.000954084614241 0.00197674770322 0.00201483333158 0.0019653941589 0.00299019264738 0.000983108893 0.00216968509265 0.00144628645651 0.00436572027177 0.00172570487304 0.000377038128274 0.00206172908657 0.00123523598408 -0.000399995705812 
0.000238903543518 0.0395680757601 0.00937884688375 0.00277302858674 -0.00129649953119 0.00088227914424 -6.17507323905e-05 0.00126834480457 0.000287722163151 0.00167120672115 0.00274380117198 0.000288713020506 0.00415390896821 0.00358071249961 0.00435437510665 0.00320520081087 0.00171237670429 0.00193835755303 0.000730601391945 -0.00145026053756 
0.000233534332972 0.00937884688375 0.0425787774909 0.000460545350797 -0.00208715726754 -0.0010275487145 -8.13301444478e-05 -0.000477976285715 1.48074122647e-05 0.00161690203357 0.00232070328199 0.00189865371183 0.00657139623063 0.00499587338994 0.00517041181676 0.000928395669512 0.00261356669417 0.000852313627433 0.000129075549556 -0.00104448795871 
3.37043292971e-05 0.00277302858674 0.000460545350797 0.0217956444438 0.0048114158947 0.00091957928625 0.000175223309097 0.000731411179334 0.0025297333577 0.00431494348948 0.000633456260921 0.00299671748568 0.00290306825932 0.00122630471655 -4.36063061683e-05 0.00284310239664 0.00154499144584 0.000844456360421 0.00129809716713 0.00211473434595 
0.00173029840158 -0.00129649953119 -0.00208715726754 0.0048114158947 0.021296967379 0.000873882535092 0.00260917501782 0.000965137112285 0.00332179189484 0.00140066889709 0.00161390533863 0.00201757119025 0.00228601713967 -0.000659332865754 0.00443881712358 -0.000242019330399 -0.000675553549009 0.00373540580715 0.00124792384409 -0.000888140731349 
0.00103700039217 0.00088227914424 -0.0010275487145 0.00091957928625 0.000873882535092 0.0292997833505 -0.00117145547128 -0.000267551001965 0.00105221937049 -0.000487103746765 0.000271304401734 0.00146639418297 0.00129461120439 0.000702752611165 0.000378466181128 0.00172415296915 0.000371834129991 0.000194364317122 0.000593837339542 0.00230983066444 
0.000954084614241 -6.17507323905e-05 -8.13301444478e-05 0.000175223309097 0.00260917501782 -0.00117145547128 0.0161328231478 0.00118163791106 0.000676964632661 -0.000132335655966 0.00179965258552 0.00219768483667 0.00394218085639 0.00208780561248 0.00429455156122 0.00099617616624 0.00130442193845 0.00593866531509 0.0015307453896 0.000608117270528 
0.00197674770322 0.00126834480457 -0.000477976285715 0.000731411179334 0.000965137112285 -0.000267551001965 0.00118163791106 0.0196596890602 0.00151314087209 0.00175510662776 0.000567843001021 -0.000640707049064 0.00189518878707 0.00256397944817 -0.000603986044524 0.00379156142805 0.00109078206167 0.00160502592628 0.000514118373193 0.00135017064091 
0.00201483333158 0.000287722163151 1.48074122647e-05 0.0025297333577 0.00332179189484 0.00105221937049 0.000676964632661 0.00151314087209 0.0122274421216 0.00061142049436 0.00252648649203 0.0014794908804 -0.000114795140342 0.00114344170996 0.00177287625418 0.00102189886699 0.000508474699658 0.00236205131894 0.00300336061527 0.000772235531286 
0.0019653941589 0.00167120672115 0.00161690203357 0.00431494348948 0.00140066889709 -0.000487103746765 -0.000132335655966 0.00175510662776 0.00061142049436 0.0256222414103 0.00228524818256 0.00189858693999 0.0013212713722 0.00475493484362 0.00517671778565 0.00066703321276 0.000800027405745 0.00171255566196 0.000867563049965 0.00493362845489 
0.00299019264738 0.00274380117198 0.00232070328199 0.000633456260921 0.00161390533863 0.000271304401734 0.00179965258552 0.000567843001021 0.00252648649203 0.00228524818256 0.0211591214677 0.00157837082724 0.00349193883448 0.00289855682502 0.00621955496682 0.0016619410481 0.00141499050533 0.00303521458171 0.00142717992157 0.000954301891278 
0.000983108893 0.000288713020506 0.00189865371183 0.00299671748568 0.00201757119025 0.00146639418297 0.00219768483667 -0.000640707049064 0.0014794908804 0.00189858693999 0.00157837082724 0.0186190688213 0.00396275793901 0.00262730347497 0.00417099393326 0.0025928595389 -6.77849555782e-05 0.00129702361567 0.000559125257858 0.00267702160536 
0.00216968509265 0.00415390896821 0.00657139623063 0.00290306825932 0.00228601713967 0.00129461120439 0.00394218085639 0.00189518878707 -0.000114795140342 0.0013212713722 0.00349193883448 0.00396275793901 0.0404975963158 0.00199486234013 0.00566326847751 0.00844004694569 0.00202223110114 0.00270830311721 0.00144038305109 0.00671409632075 
0.00144628645651 0.00358071249961 0.00499587338994 0.00122630471655 -0.000659332865754 0.000702752611165 0.00208780561248 0.00256397944817 0.00114344170996 0.00475493484362 0.00289855682502 0.00262730347497 0.00199486234013 0.0233756170147 0.00279764321926 0.00171812474653 0.00152850204273 0.00140206512226 0.00177109230215 -0.000726727058566 
0.00436572027177 0.00435437510665 0.00517041181676 -4.36063061684e-05 0.00443881712358 0.000378466181128 0.00429455156122 -0.000603986044524 0.00177287625418 0.00517671778565 0.00621955496682 0.00417099393326 0.00566326847751 0.00279764321926 0.0410214851282 0.00235661150482 -0.000866116560978 0.00563701820856 0.00185775324413 0.00232218739029 
0.00172570487304 0.00320520081087 0.000928395669512 0.00284310239664 -0.000242019330399 0.00172415296915 0.00099617616624 0.00379156142805 0.00102189886699 0.00066703321276 0.0016619410481 0.0025928595389 0.00844004694569 0.00171812474653 0.00235661150482 0.0333966814016 0.00222691753764 0.00297406244809 0.00042427026515 0.00217683872508 
0.000377038128274 0.00171237670429 0.00261356669417 0.00154499144584 -0.000675553549009 0.000371834129991 0.00130442193845 0.00109078206167 0.000508474699658 0.000800027405745 0.00141499050533 -6.77849555782e-05 0.00202223110114 0.00152850204273 -0.000866116560978 0.00222691753764 0.0232246597773 0.00126673115716 0.00147849832411 0.00100534248084 
0.00206172908657 0.00193835755303 0.000852313627433 0.000844456360421 0.00373540580715 0.000194364317122 0.00593866531509 0.00160502592628 0.00236205131894 0.00171255566196 0.00303521458171 0.00129702361567 0.00270830311721 0.00140206512226 0.00563701820856 0.00297406244809 0.00126673115716 0.0166420142147 0.00155316731248 0.000305316830744 
0.00123523598408 0.000730601391945 0.000129075549556 0.00129809716713 0.00124792384409 0.000593837339542 0.0015307453896 0.000514118373193 0.00300336061527 0.000867563049965 0.00142717992157 0.000559125257858 0.00144038305109 0.00177109230215 0.00185775324413 0.00042427026515 0.00147849832411 0.00155316731248 0.0124274672082 7.71074246126e-05 
-0.000399995705812 -0.00145026053756 -0.00104448795871 0.00211473434595 -0.000888140731349 0.00230983066444 0.000608117270528 0.00135017064091 0.000772235531286 0.00493362845489 0.000954301891278 0.00267702160536 0.00671409632075 -0.000726727058566 0.00232218739029 0.00217683872508 0.00100534248084 0.000305316830744 7.71074246126e-05 0.063577892818 

['WHR', 'EP', 'XTO', 'HON', 'ALL', 'NCR', 'USB', 'MKC', 'HNZ', 'UST', 'MAS', 'LLL', 'NUE', 'PPL', 'CTX', 'CMI', 'OMC', 'BBT', 'K', 'LXK']