20
0.176756138136 0.148588071013 0.072987431854 0.0414486045552 0.0616353203302 0.0636277148901 -0.0142899737039 0.0952470994091 0.0449819155318 0.00753480783794 0.0839491815724 0.0451759103614 0.0123351660469 0.0431194173031 0.0499403633474 0.0181340887913 0.0413413845105 0.00859756350963 0.0243185800675 0.025637758891 
1.49170599611 0.0561316363113 -0.0379471719421 -0.00125724948891 0.0459325142363 0.00346339621178 -0.00637136339278 0.00797655073071 0.0391549042138 0.0165571674378 0.00140764509685 -0.000940961230473 0.00173002279252 0.00223170066343 0.0533323184797 0.0177232160711 0.0235602852968 -0.0181497387817 0.00834262200549 -0.00258040019951 
0.0561316363113 0.474624866629 0.0859794279427 0.0126983531251 0.0299575677949 0.0292934160735 0.0311495657552 0.0404575190206 0.0371215568337 -0.000540336722946 0.00389643877142 0.041286661731 0.00086415038184 0.00738511743925 0.00999420023274 0.0556720593238 0.0274791270808 0.0156577929165 0.0377322807883 0.0347356795148 
-0.0379471719421 0.0859794279427 0.47469550627 0.0092907756043 -0.024778994934 0.0609955926274 0.00626466132059 -0.00458589518426 0.0095522977833 0.0538329205569 0.0187556830531 -0.00504847607287 0.0339150000166 0.0118766441424 -0.00201068897907 0.0107823997577 -0.00845880333748 0.0110015313541 -0.00332598540128 0.0339573594924 
-0.00125724948891 0.0126983531251 0.0092907756043 0.325657751803 0.0367573811087 0.00820751313558 0.00966141145496 0.0245544443054 0.0271508210719 0.0301334577102 0.0257077351961 0.0238150638518 0.0286304641116 0.0192593575929 0.0151218221314 0.0114843965459 0.0207090249608 0.0225991157474 0.0218316992812 0.0413881381966 
0.0459325142363 0.0299575677949 -0.024778994934 0.0367573811087 0.290704370334 0.00327160118746 0.0239616800111 0.0309059707664 0.0219069230147 0.0397374470502 0.00497351780369 0.0275468297014 0.0101320978071 0.0355331733394 0.0120699341156 0.0260549342756 0.0464356100075 0.0389836759914 0.00637026171542 0.00257412634359 
0.00346339621178 0.0292934160735 0.0609955926274 0.00820751313558 0.00327160118746 0.242450325841 0.012058300506 0.00217076973075 0.00810183102765 -0.00731594201473 0.0180544161817 0.00937866480005 0.0156279991989 -0.0102982608775 0.0226788346698 0.0097229225069 0.00830656210303 0.020998117547 -0.00694685821577 0.025191910935 
-0.00637136339278 0.0311495657552 0.00626466132059 0.00966141145496 0.0239616800111 0.012058300506 0.19083850982 0.0539392502448 0.0187992770636 0.0253499819026 0.0214439610799 0.0152519350927 0.00704278449873 0.0182873971347 0.0211493604199 0.0190280582594 0.00281058913962 0.0183154474775 0.0199939512089 0.0150999697746 
0.00797655073071 0.0404575190206 -0.00458589518426 0.0245544443054 0.0309059707664 0.00217076973075 0.0539392502448 0.475451025968 0.0531330473447 0.0273286148146 0.0484737626126 0.0196958106876 0.0218937949785 0.0202211496446 0.0379599837932 0.0195361616402 0.0353009090443 0.00817870023905 0.0265636416241 0.0290722497927 
0.0391549042138 0.0371215568337 0.0095522977833 0.0271508210719 0.0219069230147 0.00810183102765 0.0187992770636 0.0531330473447 0.233768682865 0.0141650737691 0.024386182459 0.00724479573385 0.0180951889239 0.0212864320431 0.0340298566069 0.0302247689602 0.020708103719 0.0125185358877 0.0179194545466 0.0390695001133 
0.0165571674378 -0.000540336722946 0.0538329205569 0.0301334577102 0.0397374470502 -0.00731594201473 0.0253499819026 0.0273286148146 0.0141650737691 0.307061500504 0.0172936224452 0.0264296713595 0.0572288659054 0.010812207825 0.0118820930572 0.00976227410827 0.0196021069724 0.00351136942878 0.0154450826448 0.0126499722728 
0.00140764509685 0.00389643877142 0.0187556830531 0.0257077351961 0.00497351780369 0.0180544161817 0.0214439610799 0.0484737626126 0.024386182459 0.0172936224452 0.608229937737 0.0114465761473 0.000542662456778 0.00903149526377 0.00325408087601 0.00405849398444 0.0183769024303 0.011230919968 0.00534305078739 0.0496656311499 
-0.000940961230473 0.041286661731 -0.00504847607287 0.0238150638518 0.0275468297014 0.00937866480005 0.0152519350927 0.0196958106876 0.00724479573385 0.0264296713595 0.0114465761473 0.385007205429 -0.00021815088189 0.0241728678504 0.0224206242854 0.0616854727292 0.0223406043246 0.0164261160186 -0.0246768037835 0.0285534937115 
0.00173002279252 0.00086415038184 0.0339150000166 0.0286304641116 0.0101320978071 0.0156279991989 0.00704278449873 0.0218937949785 0.0180951889239 0.0572288659054 0.000542662456778 -0.00021815088189 0.227979859358 -0.004052129148 0.00730839939873 0.00357611658875 0.00476897918674 0.0227717721212 0.0106637237069 0.00611588336854 
0.00223170066343 0.00738511743925 0.0118766441424 0.0192593575929 0.0355331733394 -0.0102982608775 0.0182873971347 0.0202211496446 0.0212864320431 0.010812207825 0.00903149526377 0.0241728678504 -0.004052129148 0.188170089017 0.0183321853194 0.0368040465905 0.042624651497 0.0273667106726 0.0163307817127 0.0149893273703 
0.0533323184797 0.00999420023274 -0.00201068897907 0.0151218221314 0.0120699341156 0.0226788346698 0.0211493604199 0.0379599837932 0.0340298566069 0.0118820930572 0.00325408087601 0.0224206242854 0.00730839939873 0.0183321853194 0.294283524693 0.0501174451949 0.0150511622936 0.0263302312655 0.0166996634417 0.0267706151822 
0.0177232160711 0.0556720593238 0.0107823997577 0.0114843965459 0.0260549342756 0.0097229225069 0.0190280582594 0.0195361616402 0.0302247689602 0.00976227410827 0.00405849398444 0.0616854727292 0.00357611658875 0.0368040465905 0.0501174451949 0.295808754046 0.0185618080274 0.0357342643568 0.0276578954367 0.0104520784906 
0.0235602852968 0.0274791270808 -0.00845880333748 0.0207090249608 0.0464356100075 0.00830656210303 0.00281058913962 0.0353009090443 0.020708103719 0.0196021069724 0.0183769024303 0.0223406043246 0.00476897918674 0.042624651497 0.0150511622936 0.0185618080274 0.246319504581 0.0126342334681 0.0216011687254 0.0528363646302 
-0.0181497387817 0.0156577929165 0.0110015313541 0.0225991157474 0.0389836759914 0.020998117547 0.0183154474775 0.00817870023905 0.0125185358877 0.00351136942878 0.011230919968 0.0164261160186 0.0227717721212 0.0273667106726 0.0263302312655 0.0357342643568 0.0126342334681 0.235855580218 0.0155994559933 0.0176971712578 
0.00834262200549 0.0377322807883 -0.00332598540128 0.0218316992812 0.00637026171542 -0.00694685821577 0.0199939512089 0.0265636416241 0.0179194545466 0.0154450826448 0.00534305078739 -0.0246768037835 0.0106637237069 0.0163307817127 0.0166996634417 0.0276578954367 0.0216011687254 0.0155994559933 0.236319925922 -0.000120640091665 
-0.00258040019951 0.0347356795148 0.0339573594924 0.0413881381966 0.00257412634359 0.025191910935 0.0150999697746 0.0290722497927 0.0390695001133 0.0126499722728 0.0496656311499 0.0285534937115 0.00611588336854 0.0149893273703 0.0267706151822 0.0104520784906 0.0528363646302 0.0176971712578 -0.000120640091665 0.274533060333 
0.12918552876 0.00486114230016 -0.00328632149036 -0.00010888099963 0.00397787241883 0.000299938910277 -0.000551776255489 0.000690789556737 0.00339091417319 0.00143389276159 0.000121905641338 -8.14896329566e-05 0.000149824368745 0.000193270946817 0.00461871426462 0.00153487553543 0.00204038055875 -0.0015718134857 0.000722492259093 -0.000223469212471 
0.00486114230016 0.0411037191768 0.00744603688012 0.00109970963926 0.0025944014746 0.00253688424833 0.00269763152608 0.00350372392459 0.00321482112461 -4.67945328669e-05 0.000337441496034 0.00357552978965 7.48376183363e-05 0.000639569931232 0.000865523129206 0.00482134176554 0.00237976221258 0.00135600464329 0.00326771137054 0.00300819808775 
-0.00328632149036 0.00744603688012 0.0411098367492 0.000804604769419 -0.0021459239093 0.00528237327342 0.000542535584974 -0.000397150172866 0.000827253254485 0.00466206767622 0.00162428979893 -0.00043721085295 0.00293712515838 0.00102854755391 -0.000174130773499 0.000933783210391 -0.000732553857587 0.000952760563315 -0.000288038785012 0.00294079359659 
-0.00010888099963 0.00109970963926 0.000804604769419 0.0282027886001 0.00318328258167 0.000710791487731 0.000836702775641 0.00212647725443 0.00235133007819 0.00260963398809 0.00222635517536 0.00206244502884 0.00247947092428 0.0016679092936 0.00130958821173 0.000994577915587 0.00179345417036 0.00195714083403 0.00189068061853 0.00358431790936 
0.00397787241883 0.0025944014746 -0.0021459239093 0.00318328258167 0.02517573697 0.000283328973939 0.0020751423607 0.00267653558123 0.00189719518495 0.0034413638627 0.000430719276417 0.00238562543151 0.000877465409456 0.0030772630789 0.00104528695661 0.00225642349766 0.00402144179067 0.00337608537415 0.000551680847431 0.00022292588061 
0.000299938910277 0.00253688424833 0.00528237327342 0.000710791487731 0.000283328973939 0.0209968141334 0.00104427945647 0.00018799417326 0.000701639148712 -0.000633579163737 0.00156355830638 0.000812216197042 0.00135342443165 -0.000891855553472 0.00196404469523 0.000842029789 0.000719369379934 0.00181849032274 -0.000601615569135 0.00218168348396 
-0.000551776255489 0.00269763152608 0.000542535584974 0.000836702775641 0.0020751423607 0.00104427945647 0.0165270997525 0.00467127609731 0.00162806515098 0.00219537283131 0.0018571015053 0.00132085632472 0.000609923028928 0.00158373504877 0.00183158833974 0.00164787818374 0.000243404159451 0.00158616427972 0.00173152696689 0.00130769574212 
0.000690789556737 0.00350372392459 -0.000397150172866 0.00212647725443 0.00267653558123 0.00018799417326 0.00467127609731 0.0411752666744 0.0046014568781 0.00236672746797 0.00419795098396 0.00170570724035 0.00189605826366 0.00175120292859 0.00328743102921 0.00169188122728 0.00305714840091 0.000708296217696 0.00230047884635 0.00251773068656 
0.00339091417319 0.00321482112461 0.000827253254485 0.00235133007819 0.00189719518495 0.000701639148712 0.00162806515098 0.0046014568781 0.020244961797 0.00122673137305 0.00211190535108 0.000627417715074 0.00156708932944 0.00184345909053 0.00294707203087 0.0026175417743 0.00179337438849 0.0010841370097 0.00155187028594 0.00338351796113 
0.00143389276159 -4.67945328669e-05 0.00466206767622 0.00260963398809 0.0034413638627 -0.000633579163737 0.00219537283131 0.00236672746797 0.00122673137305 0.0265923059961 0.0014976716361 0.0022888766811 0.00495616517038 0.000936364664743 0.00102901944377 0.000845437737647 0.00169759226058 0.00030409351274 0.00133758339339 0.00109551973454 
0.000121905641338 0.000337441496034 0.00162428979893 0.00222635517536 0.000430719276417 0.00156355830638 0.0018571015053 0.00419795098396 0.00211190535108 0.0014976716361 0.0526742577422 0.000991302572992 4.6995947325e-05 0.000782150433258 0.00028181167046 0.000351475889163 0.00159148643475 0.000972626200012 0.000462721771559 0.00430116982708 
-8.14896329566e-05 0.00357552978965 -0.00043721085295 0.00206244502884 0.00238562543151 0.000812216197042 0.00132085632472 0.00170570724035 0.000627417715075 0.0022888766811 0.000991302572992 0.0333426020542 -1.88924205575e-05 0.00209343176408 0.00194168301999 0.00534211864279 0.0019347530881 0.00142254337576 -0.00213707389607 0.00247280509209 
0.000149824368745 7.48376183363e-05 0.00293712515838 0.00247947092428 0.000877465409456 0.00135342443165 0.000609923028928 0.00189605826366 0.00156708932944 0.00495616517038 4.6995947325e-05 -1.88924205575e-05 0.0197436349755 -0.000350924678159 0.00063292595403 0.000309700781276 0.000413005712584 0.00197209331461 0.000923505562915 0.000529651036373 
0.000193270946817 0.000639569931232 0.00102854755391 0.0016679092936 0.0030772630789 -0.000891855553472 0.00158373504877 0.00175120292859 0.00184345909053 0.000936364664743 0.000782150433258 0.00209343176408 -0.000350924678159 0.0162960077321 0.00158761381935 0.00318732393094 0.00369140310238 0.00237002666605 0.00141428718269 0.00129811382883 
0.00461871426462 0.000865523129206 -0.000174130773499 0.00130958821173 0.00104528695661 0.00196404469523 0.00183158833974 0.00328743102921 0.00294707203087 0.00102901944377 0.00028181167046 0.00194168301999 0.00063292595403 0.00158761381935 0.0254857008299 0.00434029807116 0.00130346889027 0.00228026491634 0.00144623327752 0.00231840328227 
0.00153487553543 0.00482134176554 0.000933783210391 0.000994577915587 0.00225642349766 0.000842029789 0.00164787818374 0.00169188122728 0.0026175417743 0.000845437737647 0.000351475889163 0.00534211864279 0.000309700781276 0.00318732393094 0.00434029807116 0.0256177895666 0.00160749972919 0.00309467807186 0.00239524400634 0.000905176549523 
0.00204038055875 0.00237976221258 -0.000732553857587 0.00179345417036 0.00402144179067 0.000719369379934 0.000243404159451 0.00305714840091 0.00179337438849 0.00169759226058 0.00159148643475 0.0019347530881 0.000413005712584 0.00369140310238 0.00130346889027 0.00160749972919 0.0213318948415 0.00109415671407 0.00187071608676 0.00457576340134 
-0.0015718134857 0.00135600464329 0.000952760563315 0.00195714083403 0.00337608537415 0.00181849032274 0.00158616427972 0.000708296217696 0.0010841370097 0.00030409351274 0.000972626200012 0.00142254337576 0.00197209331461 0.00237002666605 0.00228026491634 0.00309467807186 0.00109415671407 0.0204256924093 0.00135095251755 0.00153261998844 
0.000722492259093 0.00326771137054 -0.000288038785012 0.00189068061853 0.000551680847431 -0.000601615569135 0.00173152696689 0.00230047884635 0.00155187028594 0.00133758339339 0.000462721771559 -0.00213707389607 0.000923505562915 0.00141428718269 0.00144623327752 0.00239524400634 0.00187071608676 0.00135095251755 0.0204659059269 -1.04477384096e-05 
-0.000223469212471 0.00300819808775 0.00294079359659 0.00358431790936 0.00022292588061 0.00218168348396 0.00130769574212 0.00251773068656 0.00338351796113 0.00109551973454 0.00430116982708 0.00247280509209 0.000529651036373 0.00129811382883 0.00231840328227 0.000905176549523 0.00457576340134 0.00153261998844 -1.04477384096e-05 0.0237752604427 

['RHI', 'CC', 'PFE', 'COL', 'ASD', 'CLX', 'CCU', 'YHOO', 'MEL', 'DELL', 'FNM', 'AZO', 'JNJ', 'SEE', 'EXC', 'UST', 'IP', 'TSN', 'WPI', 'AA']