40
0.0716337087719 0.0283464571838 0.0466490289559 0.0413413845105 0.0636277148901 0.109746753301 0.0248803539628 0.135848421796 0.0571643700905 0.0521298167044 0.116406698245 0.00633581846688 0.05514883533 0.099400173405 0.0407864154506 0.165275344352 0.151795006465 0.0230030392576 0.0414486045552 0.0370780174455 0.00642009941462 0.0759168136047 0.0905831054983 0.0495038718221 0.0601344650096 0.0415474718814 0.399937027552 0.0345230729479 0.0150252709272 0.191301962015 0.0914492870129 0.275152850517 0.110955558587 0.105904751354 0.0506132512338 0.0807794462486 0.0677272644226 0.0538940625226 0.133040507733 0.00851722536111 
0.18159727674 -0.00170159971624 0.0133838664137 0.0200057521064 0.00749198074701 0.00801133975268 0.0182967338494 -0.0026177114982 0.0101809973847 0.00329458268056 0.0226982188518 0.0185143715368 0.00723367153912 0.0175165588041 0.00514948865957 -0.0156484071457 0.00642102359518 0.0217145370932 0.0246307755708 0.0195411817115 0.0160762577842 -0.00602357155108 -0.00325823828279 0.0186893092044 0.0171374212405 0.00153691454118 -0.00571107290117 -0.00095829366544 0.00109890274194 0.0195225480523 0.0359828644666 0.000412060771373 0.0154293701416 0.0225155706799 0.0119331978641 0.00105234404221 -0.0087243307235 -0.00636913279711 0.00521882468507 0.00620737853737 
-0.00170159971624 0.17728914005 0.0192519920073 0.0172938570894 0.0229608752877 0.0249940774134 0.0282052564434 0.0142871324182 0.0268255896532 0.0250228523073 0.0121536456656 0.0312788401197 -0.00573116838206 0.0228882829975 0.0230039880425 -0.0195627708776 0.0100324560494 0.0262498329506 0.0192081334914 0.0142752740855 0.0133672395635 0.0419036916064 0.0206309688708 0.00544082766221 0.013229346432 0.0058590454265 0.0345753591878 -0.00121746485615 0.0067941855983 0.0102428788072 0.0174159467115 -0.0175520245207 0.0217042044136 0.00961575068328 0.0216146474853 -0.00500909653103 0.0122797421907 0.0255860242456 0.0118595112171 0.0131395033599 
0.0133838664137 0.0192519920073 0.230057792548 0.0170299672736 0.00418516524157 0.0099134477327 0.00781172828568 0.00553171177206 0.0250972356701 0.0254219313068 0.00593036646067 0.0325499525275 -0.0259125485065 0.0303975570863 0.0480528267947 0.0287484822873 0.00116862980859 0.0226196901523 -0.0112520414005 0.0118491479784 0.00718306651871 0.0211599633714 0.0227118340108 0.00473326054227 0.0199020277378 0.0135446943618 0.00271674668071 -0.0181920199149 0.0202262549608 -0.00351414175961 0.016911578841 -0.0104239197537 0.0387685587135 0.00794257349094 0.023460401227 0.000751167779256 0.0146280410222 0.0354295676855 0.00122252553415 0.01070496086 
0.0200057521064 0.0172938570894 0.0170299672736 0.244629952117 0.00545027032641 0.00787010073376 0.0208777795118 0.034331239211 0.0198402812103 0.0210973891984 -0.00187596458853 0.0143932769763 0.029845996494 0.022883373147 0.0355584682208 -0.00524511847564 0.0207992223291 0.00106959924028 0.0197255680019 -0.00196756908428 -0.00357733522584 0.0139684834154 0.0314752437559 0.00793943984539 0.000254147175635 0.0277485640554 0.0167635963954 0.0142993096082 0.0170108180152 0.00606513861474 0.0280667175131 -0.0206736952001 0.0202666219502 0.00669371424137 0.017118896289 -0.0014560709708 0.0272860305748 0.00923158057145 0.0197186154292 0.0170922011587 
0.00749198074701 0.0229608752877 0.00418516524157 0.00545027032641 0.248100198339 0.00616739955531 0.00887838401835 0.00697565359847 -0.00180990556261 0.0235232440069 -0.00155195064056 -0.000104581942477 0.0130936795016 0.0192004068373 0.00425399707503 -0.0105065008908 0.00516677338501 0.00379633388851 0.00796278534232 0.0084305878313 0.0142679194715 0.00157292064176 0.016721936439 -0.0104769093484 0.0201762882607 0.00415105408467 0.00348089697173 0.0100127092492 0.0104620568218 -0.00345871277099 0.00233200247199 -0.00230842092658 0.0120718792355 0.015938608879 0.0176746573271 0.0119229529338 -0.000455055579317 -0.00300253488961 -0.0157797507718 0.0124944246125 
0.00801133975268 0.0249940774134 0.0099134477327 0.00787010073376 0.00616739955531 0.395702849619 -0.00480229537016 0.029055167281 0.0265619282887 -0.0265130289414 0.0397342911996 0.00559816531379 0.0233273477412 0.0132817949018 0.0505308054688 -0.000241720522732 0.00177979535267 0.00784342921195 0.00122872895871 0.0182581441203 0.0251104830067 0.00698601332003 0.0133514185395 0.0450389529516 0.0103014565121 0.0161899975459 0.0478992229614 0.0146216643934 -0.00236014629068 0.0800714189022 0.0232281361488 0.0122931388922 0.00771406956936 0.0185683089684 0.00743732027994 0.0361700731769 0.0109740369852 0.0290003725184 0.00229618107052 0.00512201123829 
0.0182967338494 0.0282052564434 0.00781172828568 0.0208777795118 0.00887838401835 -0.00480229537016 0.241875857231 -0.0013811329704 0.0233580937578 0.0187484562383 0.0315724267894 0.0366404910628 0.0149121738316 0.0165140447014 -0.00266110219177 0.00047101400254 0.0229942530126 0.00320162179637 0.0138815794848 0.011976656895 0.00958399930412 0.0267180578163 0.0259575157499 0.00729161068854 0.00430079999753 0.0200654126358 -1.7442418071e-06 0.0535411616042 -0.00305422503664 0.0155613215501 0.0305329753691 -0.0197264383987 0.0263256226409 0.0427590014778 0.013786827409 0.00777952035926 -0.00397598242324 0.0329409781295 -0.0109193882601 0.00663163882731 
-0.0026177114982 0.0142871324182 0.00553171177206 0.034331239211 0.00697565359847 0.029055167281 -0.0013811329704 0.633314110904 -0.0132061190804 0.0100018092354 0.0244234789798 0.0214595536999 -0.00970098332492 -0.00371322077711 0.0115079631197 -0.00125932564177 0.00282807600747 0.0233314802579 0.00736486879408 0.0268027768444 0.0293947229931 -0.0100999247308 -0.00380148621211 0.00347054217245 0.0323387269937 -0.00236701068241 -0.0158443545589 0.0228268583429 0.0154294866888 0.0238746116568 0.0226599658078 -0.0382161981814 0.00615522838269 0.0105298230922 0.0225105514098 -0.00351024766971 0.00610237857746 -0.00415335800562 0.0165734205342 0.00627673741596 
0.0101809973847 0.0268255896532 0.0250972356701 0.0198402812103 -0.00180990556261 0.0265619282887 0.0233580937578 -0.0132061190804 0.192909402994 0.0315937597642 0.0274711754855 0.0192634774678 0.0132634797589 0.0391041905055 0.0416496361513 0.0313556091725 0.0243175888018 0.0310584299842 0.0375855907123 0.00623601075143 0.0240003869297 -0.00324762584356 0.0308296405166 0.00961061165755 0.0102035441693 0.0154035140358 0.0180082621324 0.0125781418277 0.0294650189341 0.020120707443 0.0358512006023 -0.00699180338584 0.031451538712 0.0123767387527 0.0374957449276 0.0364743832504 0.0382516753256 0.0107184611205 0.000497279578958 0.0133487972187 
0.00329458268056 0.0250228523073 0.0254219313068 0.0210973891984 0.0235232440069 -0.0265130289414 0.0187484562383 0.0100018092354 0.0315937597642 0.147436182626 0.0357837391909 0.0134466116675 -0.00558577350957 0.0225920634764 0.0238914753646 -0.00169382301874 0.00408605110266 0.0311169281024 0.0109689423149 0.0149500841788 0.0111227235258 0.0156344648463 0.0122463752756 0.00852797778092 0.0202601251759 0.0215174428272 0.0283388267126 0.00909532842093 0.0332796503779 0.000821415664458 0.0289156472155 -0.00105403791487 0.0282960616024 0.0144745684421 0.0404298437297 -0.0200102864421 0.018119459337 0.00262048183856 -0.00563740779104 0.0264620005562 
0.0226982188518 0.0121536456656 0.00593036646067 -0.00187596458853 -0.00155195064056 0.0397342911996 0.0315724267894 0.0244234789798 0.0274711754855 0.0357837391909 0.544400605771 0.00682385811514 0.0251604771007 0.0611331678384 0.0282183136935 0.00457494512935 0.0592715283039 0.0215545215351 0.000386566118607 0.00794364771008 0.0156624681533 0.00272293953963 0.01365722927 0.0292758064705 0.0225474646337 0.0134850219265 0.0568814126124 0.0522702891023 0.0196869139884 0.0743081919914 0.0376223008866 -0.040371950261 -0.01574192276 -0.00466259828801 0.0135334598797 -0.00915784806734 0.0304328640232 0.0253499895321 0.0209504443591 0.0340489879344 
0.0185143715368 0.0312788401197 0.0325499525275 0.0143932769763 -0.000104581942477 0.00559816531379 0.0366404910628 0.0214595536999 0.0192634774678 0.0134466116675 0.00682385811514 0.182170579071 -0.00689372471579 0.0481969644293 0.0315694974199 -0.0506576862547 0.00683181779413 0.00827292234101 0.0125656265025 0.0146593760305 -0.0104518922634 0.0110513149196 0.0177196645462 0.00443469789505 0.0372151903739 0.0132559502445 0.0320122702925 0.0211693843818 0.0144534900276 0.0040427071484 0.0574493648297 -0.00849882842493 0.0172235549084 0.0147585197907 0.0170227013739 -0.00646575503751 0.0111743999422 0.015626795083 -3.50442207636e-05 0.000954933012083 
0.00723367153912 -0.00573116838206 -0.0259125485065 0.029845996494 0.0130936795016 0.0233273477412 0.0149121738316 -0.00970098332492 0.0132634797589 -0.00558577350957 0.0251604771007 -0.00689372471579 0.340701136269 0.0186108762353 0.0160395733662 0.00299412659799 0.129475566872 -0.00222873005582 0.00211195296921 -0.00110016875516 0.0320327042303 -0.0237277032066 0.01653937961 -0.0136975727818 -0.00643145639162 -0.00263062369744 0.0315563808126 0.029550351952 0.00478178665037 0.0458393198936 0.0539042739245 0.163811414313 -0.0192724702237 -0.00217799628125 0.0102732907926 0.0138600517196 -0.0120450965817 -0.00287054128584 0.155528502948 0.000603062909474 
0.0175165588041 0.0228882829975 0.0303975570863 0.022883373147 0.0192004068373 0.0132817949018 0.0165140447014 -0.00371322077711 0.0391041905055 0.0225920634764 0.0611331678384 0.0481969644293 0.0186108762353 0.351253756554 0.0229457280788 -0.0144450833164 0.0331395929595 0.00775708840078 0.0238820322441 0.036886711259 0.0068828797937 0.0118702280322 0.0104089992548 0.00013320482721 0.0555204091496 0.0140720172499 0.0604407271372 0.0171984781842 0.0138378360925 0.0113558029489 0.0636337170748 -0.0255889713006 0.0161794929447 0.00775778504841 0.0155707190658 0.0191452235454 0.00693339502908 0.0227381904721 0.028945215924 0.0159266386387 
0.00514948865957 0.0230039880425 0.0480528267947 0.0355584682208 0.00425399707503 0.0505308054688 -0.00266110219177 0.0115079631197 0.0416496361513 0.0238914753646 0.0282183136935 0.0315694974199 0.0160395733662 0.0229457280788 0.202650833081 0.0153381823748 0.00392579030547 0.0225850954347 0.0311248970489 0.0141331511972 0.0218230020252 0.0110055381573 0.0480759280805 0.0252052704577 -0.0110195395925 0.0206697477195 0.0341288031062 0.0122937476158 0.0212769406593 0.0101111114512 0.0157410615118 0.0136768225102 0.0580331879437 0.0189973591261 0.0100349112342 0.0277745111125 0.0134229518789 0.0180192722067 0.0210952926861 0.0355707108595 
-0.0156484071457 -0.0195627708776 0.0287484822873 -0.00524511847564 -0.0105065008908 -0.000241720522732 0.00047101400254 -0.00125932564177 0.0313556091725 -0.00169382301874 0.00457494512935 -0.0506576862547 0.00299412659799 -0.0144450833164 0.0153381823748 1.37315334973 -0.0304831351055 0.00905119910658 -0.0146403310193 0.00398564590197 0.00356044878214 -0.00133323834446 0.0250835591698 -0.00831371818415 -0.0276841105611 -0.0163375441459 -0.0223648206157 0.00263353036721 0.0399023378649 0.000944297615885 -0.00221970160503 -0.0379225102547 -0.0121947363771 0.00536216483462 0.00977064942807 -0.0221417452533 -0.00363982562249 -0.0211070303084 -0.0294431280636 -0.00739642307962 
0.00642102359518 0.0100324560494 0.00116862980859 0.0207992223291 0.00516677338501 0.00177979535267 0.0229942530126 0.00282807600747 0.0243175888018 0.00408605110266 0.0592715283039 0.00683181779413 0.129475566872 0.0331395929595 0.00392579030547 -0.0304831351055 0.436040552881 0.0207431384028 0.0111724119206 0.0219156854709 0.0371802583917 0.0168633870715 0.0248496091792 -0.000678900982808 -0.0366888979443 -0.00432920397175 0.0614186153444 0.0479343163328 -0.00974112683132 0.0667516224499 0.107440858189 0.022930816993 -0.00963384091189 0.0206540073654 0.0083958886141 0.00226127831443 -0.0208194318853 0.00990652002346 0.183904615694 0.0200011876546 
0.0217145370932 0.0262498329506 0.0226196901523 0.00106959924028 0.00379633388851 0.00784342921195 0.00320162179637 0.0233314802579 0.0310584299842 0.0311169281024 0.0215545215351 0.00827292234101 -0.00222873005582 0.00775708840078 0.0225850954347 0.00905119910658 0.0207431384028 0.123645242906 0.0153642281181 0.0295632696189 0.0266541537957 0.011694137405 0.00869288432041 0.0247598798405 0.0226637095128 0.0160784444709 0.00534781475537 0.013993069846 0.0265428995493 0.0077870411477 0.0341134281543 -0.00437426257496 0.024454825454 0.0224030855065 0.043033472724 0.00141543741606 0.00759383913487 -0.00695941908168 0.00669187805579 0.0152084964297 
0.0246307755708 0.0192081334914 -0.0112520414005 0.0197255680019 0.00796278534232 0.00122872895871 0.0138815794848 0.00736486879408 0.0375855907123 0.0109689423149 0.000386566118607 0.0125656265025 0.00211195296921 0.0238820322441 0.0311248970489 -0.0146403310193 0.0111724119206 0.0153642281181 0.314119376897 0.0197621640807 0.0125908086422 0.0175605972589 0.0352455288964 0.011397316353 0.00731624814139 0.016197426866 0.0256880846365 -0.00231696821395 0.00861435332609 0.0303936332329 0.0164734310224 -0.00104454598068 -0.00113753165924 0.0255407955714 0.0273178078099 0.0169042418322 0.0717589132555 0.0137609881946 -0.00541690077752 0.0123124911715 
0.0195411817115 0.0142752740855 0.0118491479784 -0.00196756908428 0.0084305878313 0.0182581441203 0.011976656895 0.0268027768444 0.00623601075143 0.0149500841788 0.00794364771008 0.0146593760305 -0.00110016875516 0.036886711259 0.0141331511972 0.00398564590197 0.0219156854709 0.0295632696189 0.0197621640807 0.192934859456 0.0195213423208 0.0309259128731 0.0291436652941 0.00129160077221 0.0149647605634 0.0196493394116 0.0319450537363 0.0270360743884 0.0253770512561 8.42751213798e-05 0.047293633873 -0.00376512145208 -0.00398960326175 0.0144014036667 0.0309419378373 0.00785019197706 0.0221668658595 -0.0178616230457 0.0149878734429 0.0171888667359 
0.0160762577842 0.0133672395635 0.00718306651871 -0.00357733522584 0.0142679194715 0.0251104830067 0.00958399930412 0.0293947229931 0.0240003869297 0.0111227235258 0.0156624681533 -0.0104518922634 0.0320327042303 0.0068828797937 0.0218230020252 0.00356044878215 0.0371802583917 0.0266541537957 0.0125908086422 0.0195213423208 0.159805876998 0.0193716332317 0.0172689231041 0.0112641612829 0.00171304666047 0.0191597643611 0.0160659369623 -0.00458937053238 0.0244747545097 0.0359180692121 0.0151712726612 0.00390630225295 0.0106291758378 0.004503080614 0.0132703761384 0.0136443311032 0.00861415102346 0.0118446715877 0.0368080210451 0.019715580803 
-0.00602357155108 0.0419036916064 0.0211599633714 0.0139684834154 0.00157292064176 0.00698601332003 0.0267180578163 -0.0100999247308 -0.00324762584356 0.0156344648463 0.00272293953963 0.0110513149196 -0.0237277032066 0.0118702280322 0.0110055381573 -0.00133323834446 0.0168633870715 0.011694137405 0.0175605972589 0.0309259128731 0.0193716332317 0.341889304799 -0.0006171476855 0.014966898088 0.00580322453789 0.0199688328028 0.0348975351801 0.0047350786424 0.0133919891571 0.0188886211216 0.0419314219446 -0.0038415303129 0.0294056169399 0.040529093158 0.0172460104021 -0.00493961667007 0.0082617541581 -0.00507556983639 0.0323324527822 0.0155545359474 
-0.00325823828279 0.0206309688708 0.0227118340108 0.0314752437559 0.016721936439 0.0133514185395 0.0259575157499 -0.00380148621211 0.0308296405166 0.0122463752756 0.01365722927 0.0177196645462 0.01653937961 0.0104089992548 0.0480759280805 0.0250835591698 0.0248496091792 0.00869288432041 0.0352455288964 0.0291436652941 0.0172689231041 -0.0006171476855 0.309031465617 -0.0173285282838 0.0259457908491 0.0187233775581 0.0432522394554 -0.00838966211163 0.0260838914327 0.00396083195637 0.0261181950081 0.00947485093044 0.0281493341713 0.0218780198566 0.00185639182029 0.0470137170827 0.0156421703741 -0.0181082144297 0.0102037452667 0.023131987362 
0.0186893092044 0.00544082766221 0.00473326054227 0.00793943984539 -0.0104769093484 0.0450389529516 0.00729161068854 0.00347054217245 0.00961061165755 0.00852797778092 0.0292758064705 0.00443469789505 -0.0136975727818 0.00013320482721 0.0252052704577 -0.00831371818415 -0.000678900982808 0.0247598798405 0.011397316353 0.00129160077221 0.0112641612829 0.014966898088 -0.0173285282838 0.324591339886 -0.00185882510047 0.0371797696687 0.028373855402 0.00154340762938 0.00248401900262 0.0347199001156 -0.0016014332592 0.0179451180277 0.0200283980748 0.00716268075125 -0.00157426677104 0.0188203609835 -0.0196487196894 0.00799075710232 -0.0112779123519 0.031293472128 
0.0171374212405 0.013229346432 0.0199020277378 0.000254147175635 0.0201762882607 0.0103014565121 0.00430079999753 0.0323387269937 0.0102035441693 0.0202601251759 0.0225474646337 0.0372151903739 -0.00643145639162 0.0555204091496 -0.0110195395925 -0.0276841105611 -0.0366888979443 0.0226637095128 0.00731624814139 0.0149647605634 0.00171304666047 0.00580322453789 0.0259457908491 -0.00185882510047 0.278483799278 0.029001665443 -0.0260088045505 -0.00369130626354 0.00811985336766 0.004377025049 0.0471066621049 -0.0198206178791 0.00126041303915 0.00584848567087 0.0329132706662 0.00284685664217 -0.00105139216975 -0.00686017469591 -0.0423011507207 0.0137635585532 
0.00153691454118 0.0058590454265 0.0135446943618 0.0277485640554 0.00415105408467 0.0161899975459 0.0200654126358 -0.00236701068241 0.0154035140358 0.0215174428272 0.0134850219265 0.0132559502445 -0.00263062369744 0.0140720172499 0.0206697477195 -0.0163375441459 -0.00432920397175 0.0160784444709 0.016197426866 0.0196493394116 0.0191597643611 0.0199688328028 0.0187233775581 0.0371797696687 0.029001665443 0.171909360688 0.0520619348058 0.0105904592163 0.0283294570676 -0.00416137694119 0.0359306808034 0.00393159511822 0.0143400831381 0.0191452485515 0.0130715357784 0.0271069960935 0.0297231543984 0.0104103529091 0.00470353931999 0.0298625848494 
-0.00571107290117 0.0345753591878 0.00271674668071 0.0167635963954 0.00348089697173 0.0478992229614 -1.74424180734e-06 -0.0158443545589 0.0180082621324 0.0283388267126 0.0568814126124 0.0320122702925 0.0315563808126 0.0604407271372 0.0341288031062 -0.0223648206157 0.0614186153444 0.00534781475537 0.0256880846365 0.0319450537363 0.0160659369623 0.0348975351801 0.0432522394554 0.028373855402 -0.0260088045505 0.0520619348058 1.31747231239 0.0138824853823 0.0446802063708 0.0956743406288 0.0116498905016 -0.0248483538128 -0.00708193720627 0.0178100356132 0.00486953996673 0.0017180798775 0.0204544364461 0.0538827748795 0.0109635089754 0.0210580063061 
-0.00095829366544 -0.00121746485615 -0.0181920199149 0.0142993096082 0.0100127092492 0.0146216643934 0.0535411616042 0.0228268583429 0.0125781418277 0.00909532842093 0.0522702891023 0.0211693843818 0.029550351952 0.0171984781842 0.0122937476158 0.00263353036721 0.0479343163328 0.013993069846 -0.00231696821395 0.0270360743884 -0.00458937053238 0.0047350786424 -0.00838966211163 0.00154340762938 -0.00369130626354 0.0105904592163 0.0138824853823 0.183076180854 0.0172818944795 0.0286818992907 0.0304865092961 -0.00348175455036 0.0185871679925 0.0232754078578 0.0171702981 0.0345045940622 0.018548790811 0.0114666716477 0.016058509969 0.00664310301221 
0.00109890274194 0.0067941855983 0.0202262549608 0.0170108180152 0.0104620568218 -0.00236014629068 -0.00305422503664 0.0154294866888 0.0294650189341 0.0332796503779 0.0196869139884 0.0144534900276 0.00478178665037 0.0138378360925 0.0212769406593 0.0399023378649 -0.00974112683132 0.0265428995493 0.00861435332609 0.0253770512561 0.0244747545097 0.0133919891571 0.0260838914327 0.00248401900262 0.00811985336766 0.0283294570676 0.0446802063708 0.0172818944795 0.166162412061 0.0109126160357 0.043404073165 -0.0241820112033 0.0497687424523 0.0328995918501 0.0350914076191 0.0284294448693 0.0386705910488 -0.00497192677038 0.00662918994369 0.0146493633803 
0.0195225480523 0.0102428788072 -0.00351414175961 0.00606513861474 -0.00345871277099 0.0800714189022 0.0155613215501 0.0238746116568 0.020120707443 0.000821415664458 0.0743081919914 0.0040427071484 0.0458393198936 0.0113558029489 0.0101111114512 0.000944297615885 0.0667516224499 0.0077870411477 0.0303936332329 8.42751213799e-05 0.0359180692121 0.0188886211216 0.00396083195637 0.0347199001156 0.004377025049 -0.00416137694119 0.0956743406288 0.0286818992907 0.0109126160357 0.440619041948 0.0869067876024 0.00463767247139 -0.0098857982443 0.0342685374532 0.00756534412412 0.00534625914673 0.00740679654769 0.0223950366444 0.0073103125665 0.033173160587 
0.0359828644666 0.0174159467115 0.016911578841 0.0280667175131 0.00233200247199 0.0232281361488 0.0305329753691 0.0226599658078 0.0358512006023 0.0289156472155 0.0376223008866 0.0574493648297 0.0539042739245 0.0636337170748 0.0157410615118 -0.00221970160503 0.107440858189 0.0341134281543 0.0164734310224 0.047293633873 0.0151712726612 0.0419314219446 0.0261181950081 -0.0016014332592 0.0471066621049 0.0359306808034 0.0116498905016 0.0304865092961 0.043404073165 0.0869067876024 0.456316761413 -0.0303355510803 0.0643362730702 0.0689859054194 0.0433877943187 0.000647036257552 -0.00743073833235 0.00977970869191 0.0753542036162 0.0148136332915 
0.000412060771373 -0.0175520245207 -0.0104239197537 -0.0206736952001 -0.00230842092658 0.0122931388922 -0.0197264383987 -0.0382161981814 -0.00699180338584 -0.00105403791487 -0.040371950261 -0.00849882842493 0.163811414313 -0.0255889713006 0.0136768225102 -0.0379225102547 0.022930816993 -0.00437426257496 -0.00104454598068 -0.00376512145208 0.00390630225295 -0.0038415303129 0.00947485093044 0.0179451180277 -0.0198206178791 0.00393159511822 -0.0248483538128 -0.00348175455036 -0.0241820112033 0.00463767247139 -0.0303355510803 2.71312455549 -0.00239966861277 -0.0143726346544 -0.0034537899571 0.00243063396305 -0.000317583241923 -0.0164980708963 0.0657984474907 0.0293409661872 
0.0154293701416 0.0217042044136 0.0387685587135 0.0202666219502 0.0120718792355 0.00771406956936 0.0263256226409 0.00615522838269 0.031451538712 0.0282960616024 -0.01574192276 0.0172235549084 -0.0192724702237 0.0161794929447 0.0580331879437 -0.0121947363771 -0.00963384091189 0.024454825454 -0.00113753165924 -0.00398960326175 0.0106291758378 0.0294056169399 0.0281493341713 0.0200283980748 0.00126041303915 0.0143400831381 -0.00708193720627 0.0185871679925 0.0497687424523 -0.0098857982443 0.0643362730702 -0.00239966861277 0.48756840563 0.01514435504 0.0222758194485 0.0353515176597 0.0106264811839 0.035070778055 -0.00298050123612 0.0177557510984 
0.0225155706799 0.00961575068328 0.00794257349094 0.00669371424137 0.015938608879 0.0185683089684 0.0427590014778 0.0105298230922 0.0123767387527 0.0144745684421 -0.00466259828801 0.0147585197907 -0.00217799628125 0.00775778504841 0.0189973591261 0.00536216483462 0.0206540073654 0.0224030855065 0.0255407955714 0.0144014036667 0.004503080614 0.040529093158 0.0218780198566 0.00716268075125 0.00584848567087 0.0191452485515 0.0178100356132 0.0232754078578 0.0328995918501 0.0342685374532 0.0689859054194 -0.0143726346544 0.01514435504 0.416766820396 0.0174709007097 0.0456095435164 0.0160222938127 -0.00936243105146 0.0174891874215 0.0207219602176 
0.0119331978641 0.0216146474853 0.023460401227 0.017118896289 0.0176746573271 0.00743732027994 0.013786827409 0.0225105514098 0.0374957449276 0.0404298437297 0.0135334598797 0.0170227013739 0.0102732907926 0.0155707190658 0.0100349112342 0.00977064942807 0.0083958886141 0.043033472724 0.0273178078099 0.0309419378373 0.0132703761384 0.0172460104021 0.00185639182029 -0.00157426677104 0.0329132706662 0.0130715357784 0.00486953996673 0.0171702981 0.0350914076191 0.00756534412412 0.0433877943187 -0.0034537899571 0.0222758194485 0.0174709007097 0.146651308345 0.00644448240101 0.0393884853925 0.00946195220343 0.00230762856514 0.0166385393779 
0.00105234404221 -0.00500909653103 0.000751167779256 -0.0014560709708 0.0119229529338 0.0361700731769 0.00777952035926 -0.00351024766971 0.0364743832504 -0.0200102864421 -0.00915784806734 -0.00646575503751 0.0138600517196 0.0191452235454 0.0277745111125 -0.0221417452533 0.00226127831443 0.00141543741606 0.0169042418322 0.00785019197706 0.0136443311032 -0.00493961667007 0.0470137170827 0.0188203609835 0.00284685664217 0.0271069960935 0.0017180798775 0.0345045940622 0.0284294448693 0.00534625914673 0.000647036257552 0.00243063396305 0.0353515176597 0.0456095435164 0.00644448240101 0.493675303706 -0.00681240936891 0.0307462450917 0.0429276983087 0.00650038081623 
-0.0087243307235 0.0122797421907 0.0146280410222 0.0272860305748 -0.000455055579317 0.0109740369852 -0.00397598242324 0.00610237857746 0.0382516753256 0.018119459337 0.0304328640232 0.0111743999422 -0.0120450965817 0.00693339502908 0.0134229518789 -0.00363982562249 -0.0208194318853 0.00759383913487 0.0717589132555 0.0221668658595 0.00861415102346 0.0082617541581 0.0156421703741 -0.0196487196894 -0.00105139216975 0.0297231543984 0.0204544364462 0.018548790811 0.0386705910488 0.00740679654769 -0.00743073833235 -0.000317583241923 0.0106264811839 0.0160222938127 0.0393884853925 -0.00681240936891 0.292203010903 -0.00630816745753 -0.0206161083117 0.0237552584185 
-0.00636913279711 0.0255860242456 0.0354295676855 0.00923158057145 -0.00300253488961 0.0290003725184 0.0329409781295 -0.00415335800562 0.0107184611205 0.00262048183856 0.0253499895321 0.015626795083 -0.00287054128584 0.0227381904721 0.0180192722067 -0.0211070303084 0.00990652002346 -0.00695941908168 0.0137609881946 -0.0178616230457 0.0118446715877 -0.00507556983639 -0.0181082144297 0.00799075710232 -0.00686017469591 0.0104103529091 0.0538827748795 0.0114666716477 -0.00497192677038 0.0223950366444 0.00977970869191 -0.0164980708963 0.035070778055 -0.00936243105146 0.00946195220343 0.0307462450917 -0.00630816745753 0.419007797468 -0.00689484942259 0.0147258251254 
0.00521882468507 0.0118595112171 0.00122252553415 0.0197186154292 -0.0157797507718 0.00229618107052 -0.0109193882601 0.0165734205342 0.000497279578959 -0.00563740779104 0.0209504443591 -3.50442207631e-05 0.155528502948 0.028945215924 0.0210952926861 -0.0294431280636 0.183904615694 0.0066918780558 -0.00541690077752 0.0149878734429 0.0368080210451 0.0323324527822 0.0102037452667 -0.0112779123519 -0.0423011507207 0.00470353931999 0.0109635089754 0.016058509969 0.00662918994369 0.0073103125665 0.0753542036162 0.0657984474907 -0.00298050123612 0.0174891874215 0.00230762856514 0.0429276983087 -0.0206161083117 -0.00689484942259 0.435825128551 0.00839233881691 
0.00620737853737 0.0131395033599 0.01070496086 0.0170922011587 0.0124944246125 0.00512201123829 0.00663163882731 0.00627673741596 0.0133487972187 0.0264620005562 0.0340489879344 0.000954933012083 0.000603062909473 0.0159266386387 0.0355707108595 -0.00739642307962 0.0200011876546 0.0152084964297 0.0123124911715 0.0171888667359 0.019715580803 0.0155545359474 0.023131987362 0.031293472128 0.0137635585532 0.0298625848494 0.0210580063061 0.00664310301221 0.0146493633803 0.033173160587 0.0148136332915 0.0293409661872 0.0177557510984 0.0207219602176 0.0166385393779 0.00650038081623 0.0237552584185 0.0147258251254 0.00839233881691 0.143166333196 
0.0157267854915 -0.000147362858134 0.00115907683151 0.0017325489546 0.000648824565157 0.000693802374417 0.00158454363199 -0.000226700465722 0.000881700237101 0.000285319229624 0.00196572341463 0.0016033916086 0.000626454331551 0.00151697849113 0.000445958799569 -0.0013551918117 0.000556076955172 0.00188053407542 0.00213308773592 0.00169231597822 0.00139224476389 -0.000521656598475 -0.000282171712448 0.00161854165502 0.00148414421496 0.000133100703611 -0.000494593421528 -8.29906658557e-05 9.5167769081e-05 0.00169070225599 0.0031162074729 3.56855095912e-05 0.0013362226507 0.00194990561895 0.00103344524987 9.11356674078e-05 -0.000755549203757 -0.000551583080237 0.000451963475516 0.000537574750427 
-0.000147362858134 0.0153536899099 0.00166727141518 0.00149769195689 0.00198847012923 0.00216455059842 0.00244264686003 0.00123730196214 0.00232316421112 0.00216704257733 0.0010525365895 0.00270882701446 -0.000496333741223 0.00198218345249 0.00199220380332 -0.00169418565484 0.000868836180114 0.00227330221803 0.00166347315629 0.0012362750004 0.00115763690405 0.00362896614435 0.00178669431468 0.000471189497309 0.00114569500856 0.000507408218128 0.00299431394016 -0.000105435549364 0.000588393732615 0.00088705932549 0.00150826522832 -0.00152004991228 0.00187963923911 0.000832748436818 0.00187188338161 -0.000433800484588 0.00106345686891 0.00221581469785 0.00102706379904 0.00113791437028 
0.00115907683151 0.00166727141518 0.0199235892685 0.00147483842846 0.000362445941823 0.000858529757561 0.000676515514286 0.000479060292102 0.00217348436551 0.0022016038325 0.000513584800869 0.00281890857808 -0.00224409252835 0.00263250566497 0.00416149687279 0.0024896915981 0.000101206310186 0.00195892262976 -0.000974455369726 0.00102616631625 0.000622071808227 0.00183250658228 0.00196690252199 0.000409912387233 0.00172356616078 0.00117300494038 0.000235277164114 -0.00157547513925 0.00175164506195 -0.000304333603632 0.00146458568944 -0.000902737931369 0.0033574556714 0.000687847041458 0.00203173034455 6.5053037934e-05 0.00126682551328 0.00306829056608 0.000105873816935 0.000927076805124 
0.0017325489546 0.00149769195689 0.00147483842846 0.021185575306 0.000472007256016 0.000681570716578 0.00180806874318 0.00297317253002 0.00171821875463 0.00182708749993 -0.000162463299026 0.00124649435052 0.00258473911651 0.00198175824696 0.00307945367988 -0.000454240584576 0.00180126549159 9.26300113948e-05 0.00170828429937 -0.000170396481068 -0.000309806318343 0.00120970614901 0.00272583606829 0.000687575659792 2.200979104e-05 0.00240309613905 0.00145177003372 0.00123835653773 0.00147318005403 0.000525256411784 0.00243064903672 -0.00179039452334 0.00175514094578 0.00057969265787 0.0014825399071 -0.000126099445042 0.00236303956462 0.000799478329196 0.00170768218891 0.001480228041 
0.000648824565157 0.00198847012923 0.000362445941823 0.000472007256016 0.0214861074446 0.000534112469019 0.000768890610444 0.000604109322427 -0.000156742419567 0.00203717268894 -0.000134402868015 -9.05706189622e-06 0.00113394590774 0.00166280400841 0.00036840695346 -0.000909889667632 0.000447455700702 0.00032877215887 0.000689597439133 0.000730110323074 0.00123563807215 0.00013621892339 0.00144816217567 -0.00090732696489 0.00174731781878 0.000359491828981 0.000301454520547 0.000867126057047 0.000906040698352 -0.000299533312407 0.000201957338243 -0.000199915116505 0.00104545540893 0.00138032401902 0.00153067022485 0.00103255801288 -3.94089691822e-05 -0.000260027149015 -0.00136656650338 0.00108204891201 
0.000693802374417 0.00216455059842 0.000858529757561 0.000681570716578 0.000534112469019 0.034268872012 -0.000415890978703 0.00251625129766 0.00230033046715 -0.00229609565945 0.00344109055802 0.000484815337632 0.00202020757468 0.00115023717928 0.00437609612097 -2.09336113302e-05 0.000154134798895 0.000679260895033 0.000106411049261 0.00158120166341 0.00217463161851 0.000605006500632 0.00115626676318 0.0039004877416 0.000892132303543 0.0014020949162 0.00414819439061 0.00126627328103 -0.000204394664438 0.00693438828863 0.00201161559874 0.00106461705729 0.000668058021363 0.0016080627272 0.000644090829851 0.0031324202228 0.000950379481129 0.00251150593202 0.000198855113876 0.000443579185083 
0.00158454363199 0.00244264686003 0.000676515514286 0.00180806874318 0.000768890610444 -0.000415890978703 0.0209470636924 -0.000119609623837 0.00202287025782 0.00162366393841 0.00273425236587 0.00317315960675 0.00129143213638 0.00143015822306 -0.000230458210014 4.07910091738e-05 0.00199136072499 0.000277268580897 0.00120218004785 0.00103720891234 0.000829998686722 0.00231385168087 0.00224798680586 0.000631472009078 0.000372460205446 0.001737715708 -1.51055771529e-07 0.00463680060974 -0.000264503647061 0.00134764997788 0.00264423323228 -0.00170835967795 0.00227986579774 0.00370303815202 0.00119397427738 0.000673726226038 -0.000344330178352 0.00285277238856 -0.0009456467627 0.000574316769318 
-0.000226700465722 0.00123730196214 0.000479060292101 0.00297317253002 0.000604109322427 0.00251625129766 -0.000119609623837 0.0548466108618 -0.0011436834609 0.00086618208817 0.00211513532453 0.0018584518658 -0.000840129800107 -0.000321574352284 0.000996618840751 -0.000109060799741 0.00024491856663 0.00202056546113 0.000637816347121 0.00232118856392 0.00254565768492 -0.000874679139315 -0.000329218363182 0.000300557768625 0.00280061591026 -0.0002049891382 -0.00137216135545 0.00197686392136 0.00133623274398 0.00206760202003 0.00196241060385 -0.00330961984612 0.000533058414551 0.000911909429521 0.00194947093741 -0.000303996365554 0.000528481487159 -0.000359691354388 0.00143530032102 0.000543581405511 
0.000881700237101 0.00232316421112 0.00217348436551 0.00171821875463 -0.000156742419567 0.00230033046715 0.00202287025782 -0.0011436834609 0.0167064443622 0.00273609985569 0.00237907358423 0.00166826608523 0.00114865104138 0.00338652223722 0.00360696429654 0.00271547540946 0.00210596496612 0.0026897389368 0.00325500763731 0.000540054372901 0.00207849447818 -0.000281252648251 0.0026699251877 0.000832303384134 0.000883652845926 0.00133398344626 0.00155956124846 0.00108929903552 0.00255174549199 0.00174250437878 0.00310480504778 -0.00060550793504 0.00272378315127 0.00107185701759 0.00324722676411 0.00315877424822 0.00331269225693 0.000928245961987 4.30656748161e-05 0.00115603975013 
0.000285319229624 0.00216704257733 0.0022016038325 0.00182708749993 0.00203717268894 -0.00229609565945 0.00162366393841 0.00086618208817 0.00273609985569 0.0127683479591 0.00309896271817 0.00116451072989 -0.000483742175908 0.00195653008945 0.00206906245996 -0.000146689376374 0.000353862405607 0.00269480502244 0.000949938269739 0.00129471526876 0.000963256113259 0.00135398437314 0.00106056720929 0.000738544540119 0.00175457830862 0.00186346521129 0.00245421438465 0.000787678546828 0.00288210226564 7.11366832487e-05 0.00250416850555 -9.12823610826e-05 0.00245051081747 0.00125353439797 0.0035013271741 -0.00173294163959 0.00156919120887 0.000226940384235 -0.000488213835853 0.00229167647166 
0.00196572341463 0.0010525365895 0.000513584800869 -0.000162463299026 -0.000134402868015 0.00344109055802 0.00273425236587 0.00211513532453 0.00237907358423 0.00309896271817 0.0471464754433 0.000590963447953 0.00217896123405 0.00529428763619 0.00244377765105 0.000396201870294 0.00513306492323 0.00186667632158 3.34776078956e-05 0.000687940071564 0.00135640953067 0.000235813481429 0.00118275074931 0.00253535921198 0.00195266771637 0.00116783715589 0.00492607483255 0.00452673982257 0.00170493676361 0.00643527819738 0.00325818683166 -0.00349631345264 -0.00136329050146 -0.000403792856506 0.00117203200569 -0.000793092907031 0.0026355633354 0.00219537349205 0.00181436170356 0.00294872885243 
0.0016033916086 0.00270882701446 0.00281890857808 0.00124649435052 -9.05706189624e-06 0.000484815337632 0.00317315960675 0.0018584518658 0.00166826608523 0.00116451072989 0.000590963447953 0.0157764349298 -0.000597014073057 0.00417397955811 0.00273399867503 -0.00438708431935 0.000591652776375 0.000716456091085 0.00108821517656 0.0012695392046 -0.00090516042177 0.000957071946561 0.00153456796436 0.000384056103522 0.00322293002705 0.00114799896631 0.00277234393061 0.00183332246571 0.00125170895372 0.000350108709057 0.00497526093738 -0.00073602013184 0.00149160360941 0.0012781253061 0.00147420918308 -0.000559950811713 0.000967731422203 0.00135332015216 -3.03491854371e-06 8.26996247376e-05 
0.000626454331551 -0.000496333741223 -0.00224409252835 0.00258473911651 0.00113394590774 0.00202020757468 0.00129143213638 -0.000840129800107 0.00114865104138 -0.000483742175908 0.00217896123405 -0.000597014073057 0.0295055839107 0.00161174916065 0.0013890678001 0.000259298969601 0.011212913008 -0.000193013684652 0.000182900492293 -9.52774090421e-05 0.00277411356153 -0.00205487937504 0.00143235229051 -0.00118624459993 -0.000556980461848 -0.000227818694978 0.00273286274352 0.00255913554812 0.000414114871469 0.003969801552 0.00466824705912 0.0141864846225 -0.00166904488074 -0.000188620010891 0.000889693080685 0.0012003156887 -0.00104313596308 -0.000248596167615 0.0134691634565 5.22267799684e-05 
0.00151697849113 0.00198218345249 0.00263250566497 0.00198175824696 0.00166280400841 0.00115023717928 0.00143015822306 -0.000321574352284 0.00338652223722 0.00195653008945 0.00529428763619 0.00417397955811 0.00161174916065 0.0304194676351 0.00198715834246 -0.00125098091118 0.0028699729374 0.000671783561448 0.00206824466174 0.00319448290123 0.000596074875254 0.00102799190246 0.000901445778261 1.15358764271e-05 0.0048082084752 0.00121867244209 0.0052343205124 0.00148943190139 0.00119839175895 0.000983441383415 0.0055108415524 -0.00221606992031 0.00140118519105 0.000671843892902 0.00134846382662 0.00165802499514 0.000600449622966 0.00196918505849 0.00250672923082 0.0013792873658 
0.000445958799569 0.00199220380332 0.00416149687279 0.00307945367988 0.00036840695346 0.00437609612097 -0.000230458210014 0.000996618840751 0.00360696429654 0.00206906245996 0.00244377765105 0.00273399867503 0.0013890678001 0.00198715834246 0.0175500769547 0.00132832555845 0.000339983413447 0.00195592663934 0.00269549515346 0.00122396679723 0.00188992741407 0.000953107562655 0.00416349750282 0.00218284045256 -0.000954320122515 0.00179005266149 0.00295564104907 0.0010646697743 0.00184263711258 0.000875647937722 0.00136321591518 0.00118444757369 0.00502582150218 0.00164521956081 0.000869048805353 0.00240534322011 0.00116246173209 0.00156051474887 0.00182690593664 0.0030805139235 
-0.0013551918117 -0.00169418565484 0.0024896915981 -0.000454240584576 -0.000909889667632 -2.09336113302e-05 4.07910091738e-05 -0.000109060799741 0.00271547540946 -0.000146689376374 0.000396201870294 -0.00438708431935 0.000259298969601 -0.00125098091118 0.00132832555845 0.118918568416 -0.00263991693884 0.000783856836101 -0.00126788985825 0.00034516706016 0.000308343909421 -0.00011546182756 0.00217229994584 -0.000719989114738 -0.00239751430271 -0.00141487282658 -0.00193685028043 0.000228070419964 0.00345564382614 8.17785724089e-05 -0.000192231797878 -0.00328418572559 -0.0010560951495 0.000464377096606 0.000846163061618 -0.00191753138735 -0.000315218145443 -0.00182792244456 -0.002549849687 -0.000640549028409 
0.000556076955172 0.000868836180114 0.000101206310186 0.00180126549159 0.000447455700702 0.000154134798895 0.00199136072499 0.00024491856663 0.00210596496612 0.000353862405607 0.00513306492323 0.000591652776375 0.011212913008 0.0028699729374 0.000339983413447 -0.00263991693884 0.0377622195875 0.0017964084811 0.000967559254481 0.00189795403591 0.00321990482865 0.00146041215978 0.00215203928233 -5.87945497766e-05 -0.00317735176566 -0.00037492006177 0.00531900811536 0.00415123356572 -0.000843606329741 0.00578086007854 0.0093046512596 0.00198586700454 -0.000834315096572 0.00178868950684 0.000727105282715 0.000195832446532 -0.0018030156905 0.000857929800341 0.0159266069064 0.00173215366147 
0.00188053407542 0.00227330221803 0.00195892262976 9.26300113948e-05 0.00032877215887 0.000679260895033 0.000277268580897 0.00202056546113 0.0026897389368 0.00269480502244 0.00186667632158 0.000716456091085 -0.000193013684652 0.000671783561448 0.00195592663934 0.000783856836101 0.0017964084811 0.0107079921414 0.00133058118598 0.00256025425089 0.00230831743034 0.0010127420068 0.000752825865363 0.00214426849365 0.00196273481821 0.00139243413651 0.000463134343288 0.00121183539635 0.00229868252998 0.000674377545422 0.00295430953918 -0.000378822251274 0.00211785000883 0.00194016411718 0.0037268080592 0.000122580475978 0.000657645760305 -0.000602703372032 0.000579533639535 0.00131709442614 
