50
0.110057805124 0.0833786368315 0.16701162673 0.0422860283868 0.0759168136047 0.0623269012124 0.0762578269544 0.0524718958424 0.0422457423554 0.101670797752 0.00194148072761 0.0431815223905 0.0307338128464 0.101218808556 0.0605665428979 0.0172523696575 0.0571686925308 0.0350054865441 0.126514999345 0.0669670800901 0.082081594572 0.0408960175479 0.0994766710856 0.100886603299 0.0316067218978 0.102922334335 0.025637758891 0.100220943784 -0.00648668223639 0.0723018126246 -0.00773505516991 0.0662185328213 0.0905877796438 0.073470583658 0.0300764430792 0.0472299451056 0.0170349265424 0.0450347688147 0.0269248151276 0.0729384759615 0.0541634245192 0.0637387331612 0.185813705736 0.00388664565626 0.0429486266904 0.00154943769328 0.0639224219563 0.424855775916 0.0283464571838 0.0756818342608 
0.377262986123 0.0686692229188 0.0218634965619 0.0377671537273 0.0290290163457 0.0207352014072 0.0489056243363 0.0109560823152 0.0194242262549 0.0207125990529 0.0512016637959 0.0240165983735 -0.00188953091582 0.0276339638726 0.0383697044548 0.0288592780869 0.0398474274416 0.0336446375688 0.0105014936857 0.0302316758578 0.0305323650271 0.02945222079 0.00883905364708 -0.0126054551538 0.0368878614096 0.022108418621 0.0313210732945 0.0518684670887 0.0052367608525 0.102174840989 0.0071820247034 -0.00261258010289 0.0335361575899 0.0285416895807 0.0497477941714 0.042479856796 0.0254736335254 0.011707976535 0.0117394136273 0.0155094830213 0.0272062127884 0.0435999201512 0.260868266718 0.00893914652644 0.0180244269421 -0.00545539767627 0.0135592657689 0.0164349283679 0.0140514250155 0.0201020142204 
0.0686692229188 0.363650927674 0.0131051023956 0.0704132661658 -0.0160845511375 -0.00477589840142 -0.00541941353039 0.0288300220603 0.0123250336653 0.011223002768 0.00955810670143 0.00619739126263 0.0153030596898 0.0209421419671 0.0124515106639 -0.00384501022146 -0.000439270639026 0.0216992481689 0.0324432291577 0.0258168805758 0.0188635358344 0.0277253237865 0.0151315336028 0.0111344137262 0.00417591534428 0.010102760512 0.00432964882287 -0.00788788300499 0.0204607408881 0.0394017935214 0.00372898357396 0.0233974790096 0.0491711831331 0.00835561204335 0.021150665846 0.0213786520303 -0.00141341186452 0.031054840534 0.0183274887555 0.0053496041673 0.0108178401956 0.0149604514529 0.0646862611568 0.0132775826599 0.0214202993307 0.029753740896 0.0186857062691 -0.00680459202392 0.0100478649617 0.000643162563472 
0.0218634965619 0.0131051023956 0.504916309214 0.00238425915652 0.0264536655437 0.0227292211326 0.00834763682737 -0.00141778577061 0.0283775458093 0.00281822034986 0.00869426345718 0.0204291015449 0.00961574276002 -0.0133551459759 -0.00844113636256 -0.0188375781499 0.0155011488078 0.019248451708 0.0140503817282 0.00117052209328 0.0136317356326 0.018413474375 -0.0101926958477 0.00262203189664 0.0110860134888 0.0216490011418 0.00981789910123 -0.0503218999518 0.0204511499718 0.0241838449696 0.0117648088698 0.019606605109 0.0254837695477 0.0275962403904 0.00140435624828 -0.026264431259 0.0196486402727 5.74299740911e-05 -0.000990500824432 0.0446385104779 -0.00605371001914 0.00189583887578 0.0218916393483 -0.0132152063753 -0.0031122822736 0.0377184489198 0.00792222409177 0.0037995835174 0.0270381269214 0.0102346392859 
0.0377671537273 0.0704132661658 0.00238425915652 0.227907477208 0.00746747670434 -0.0037107810575 -0.00961238504929 0.0319865678759 0.0236621575261 0.00141146515513 0.00823148700229 0.00900866520211 -0.00575790222374 0.0044144876357 0.0331668895011 -0.00575017097716 0.0275692700062 -0.00233483137499 0.0248646698823 0.0351777770664 -0.00731161212648 -0.00721708301394 -0.00718315678587 0.0293329723929 0.0141240915734 0.0130338391112 0.00923439863935 -0.00148023741977 0.00505364371413 0.0133898224141 0.00880459171136 0.00918719872041 0.029265675977 0.00649305493611 0.0283710680046 0.0143731370919 -0.00109916379039 0.0114018583167 0.016752529439 -0.00172500331811 -0.0107318580254 -0.00750251797583 0.0305590742869 -0.0120860078407 0.015624289599 -0.0107156246762 0.0215893706332 0.00750551014485 -0.00342592070575 0.00168971577285 
0.0290290163457 -0.0160845511375 0.0264536655437 0.00746747670434 0.342049729019 0.0347327527894 0.00362558311636 -0.00834452056158 -0.000356929828526 0.0025867871672 0.00812938991869 0.0105517614447 0.0147412511679 0.0099446345979 0.00918168907335 0.0112481916553 0.0111944264029 0.0122997733736 0.0321761715296 0.0126300907282 0.031476648931 0.0108636480425 0.00870747462954 0.0226963969546 0.0217714310734 0.017541201126 0.00581907947741 0.0161690554493 0.0134351898336 0.0209088047906 0.0180147936764 0.0158314549614 0.0225272925936 0.0107780096286 0.015926381781 0.00703857873731 -0.00268847659637 0.00544133041104 -0.00315275757078 0.0178486682018 -0.0129921040125 0.0166709766998 0.0279794226362 0.00505334969887 -0.0197726956665 0.0127934638664 0.014944887985 -0.0209782541489 0.0426300711951 -0.000786086468365 
0.0207352014072 -0.00477589840142 0.0227292211326 -0.0037107810575 0.0347327527894 0.249787520217 0.0385299719995 0.0163529692134 0.00930203872943 0.00619671078982 0.0449576144654 0.0257496550255 0.00982947672958 0.0330106028528 0.023392373274 0.023610851779 0.031171944625 0.0107643469079 0.00134440948888 0.0181938314789 0.016250149626 0.00539843710949 0.014944682104 -0.000922680495433 0.0422483914032 0.0153611580763 0.0418395424367 -0.00254498021967 0.019900991412 0.0524413257435 0.0178594739525 -0.00621621711106 0.00887216409975 0.03024370483 0.0241012584068 -0.00614766121397 0.0233293793082 0.00876276273607 0.020859977587 0.0210147318373 0.018257017894 0.0211504043064 0.0427641617025 0.0204270787029 -0.00400725034255 0.0204818230932 0.00992851713556 -0.0114164579399 0.0336595593489 0.0357398409871 
0.0489056243363 -0.00541941353039 0.00834763682738 -0.00961238504929 0.00362558311637 0.0385299719995 0.439971824964 0.00805557941521 -0.0117556166874 0.0110050695048 0.0175806021199 -0.000452986632606 -0.0021965913633 0.00911612264487 0.0112804293307 0.0296087624917 -0.0131941887771 0.0145640419107 0.0457542686815 -0.0162911129849 0.0196190362564 0.0142105348962 0.0269991422624 0.0071976575387 0.0139866217027 -0.00513843205789 0.0288035145117 0.00787460701288 -0.009255425996 -0.0271445416511 0.0233939330843 0.0332182817416 0.0200444143582 0.132372006118 0.0059018044037 0.00722396169902 0.00384785677174 0.0225811204579 0.0596205026055 -0.00135463190628 -0.00423572764724 0.162630742522 0.0634837752849 0.0103406889209 -0.0154905252358 0.0290687567353 0.0988441702325 -0.0277475146327 0.00446566561152 -9.42075351017e-05 
0.0109560823152 0.0288300220603 -0.00141778577061 0.0319865678759 -0.00834452056158 0.0163529692134 0.00805557941521 0.190668559738 0.0148627258668 0.00193664953469 0.0288893282103 0.0205263546093 0.0169560993583 0.00682039645175 0.0129015190422 0.00114426415323 0.0195229496364 0.00365106810593 0.00461405589383 -0.00788325815006 0.00842210125435 -0.00671711143089 0.0143910863956 0.0122506238099 0.0263231392711 0.00672335362577 0.0310658925123 0.00525963431051 -0.00313852445516 0.0284420358287 -0.00133326721943 0.00805112722421 0.00801472021709 0.0134109907371 0.0387834262159 0.000861083614499 0.0380863362738 -0.00165932274477 0.00147211802422 0.0182185016316 0.0333442699139 -0.01255371353 0.0129591586657 0.00293108712508 0.00601055281333 0.0116155405362 0.015113999969 0.011046633935 0.00872086670649 0.0220968496367 
0.0194242262549 0.0123250336653 0.0283775458093 0.0236621575261 -0.000356929828526 0.00930203872943 -0.0117556166874 0.0148627258668 0.180810050709 -0.00163862096902 0.00111328614352 0.0102056424008 0.00861024398254 0.00361073006944 0.0145971196616 -0.00982978025295 0.0115035941084 0.0113125630427 0.0343683273886 0.000319162594967 0.0179485070101 -0.00173239229093 0.0144508481431 -0.00237750162996 0.0238713497319 0.0005404185392 0.0285356568281 -0.00334567102098 0.00904285212667 -0.00137557419757 0.0102888677838 0.0374073053956 0.0247350531212 0.0144793511063 0.0173674582815 0.0271056626955 0.015448903815 0.00631338311646 0.00395339731739 0.0188456849029 -0.00016100600991 -0.0211538189728 0.049498244784 0.0083280107819 0.00460085917146 0.0149690684291 0.0324271607895 -0.0114354861717 0.0052201054345 0.016605880974 
0.0207125990529 0.011223002768 0.00281822034986 0.00141146515513 0.0025867871672 0.00619671078982 0.0110050695048 0.00193664953469 -0.00163862096902 0.295350706542 0.00991000047394 0.014124400919 0.0148996164733 0.011598710571 0.0268261394407 -0.00399563558433 -0.000985533185443 0.00651002184605 0.00243136795349 -0.00729438249354 0.0139910294497 0.0143320016008 0.0555348911013 -0.00258919886241 0.00426632650502 -0.0173083525444 0.016852761579 0.0436780994275 0.00456300048792 0.0285158250685 0.00871896523853 -0.000823921476381 -0.00659901512423 0.0325919107358 -0.000125201828312 0.0298933924618 -0.00163764264177 0.0138594232243 -0.000985534488412 -0.00623989367571 -0.0101875241246 0.0131826915619 0.0276028966166 -0.00612342507363 -0.000261507736015 -0.0113587457324 0.00851593296082 0.00287613427073 -0.00580805480446 -0.00163981401698 
0.0512016637959 0.00955810670143 0.00869426345718 0.00823148700229 0.00812938991869 0.0449576144654 0.0175806021199 0.0288893282103 0.00111328614353 0.00991000047394 0.196147860402 0.00316272063315 0.0117505973587 0.0305165015893 0.00134025265012 -0.00173171797921 -9.84297645505e-06 0.0206661565227 0.0242234057628 0.0198834062583 0.0365227080022 0.035316982706 0.00758555133286 0.0310539089391 0.02206824504 0.00689818640667 0.0152998451536 0.0248209767353 -0.0105750370404 0.0569395354246 0.0172122163399 0.0170588291791 0.0359860276881 0.0281811110208 0.034407901156 0.0396679239931 0.0324702588564 0.01525210604 0.00545404366354 0.00166761386236 0.0193135050351 0.022082385764 0.0309332226599 0.00655844838372 0.00587822912694 0.0100230109191 0.0491873607185 -0.00626356575669 0.0254993161033 0.0111050382774 
0.0240165983735 0.00619739126263 0.0204291015449 0.0090086652021 0.0105517614447 0.0257496550255 -0.000452986632608 0.0205263546093 0.0102056424008 0.014124400919 0.00316272063315 0.201980194829 0.0204592853011 0.00411012418354 0.0221456737246 0.00353233545822 0.0118710547174 0.0127516108081 0.0225128719521 0.00147729662373 0.0261861150015 0.0138619826559 0.0392371341885 -0.000411873275321 -0.00646469771089 0.0248328246004 0.0209779729279 0.0373212654679 0.0120865398403 0.011649139763 0.0131610862108 0.0102793314355 0.0109733216488 -0.0088449328959 0.0153812013674 0.0121478324219 -0.00141808474373 0.00717288268115 -0.00350389411619 0.0136485599803 0.019505961473 -0.000958960310784 0.0565380663938 0.0131977493852 0.00822097139226 0.0082213860057 0.00370487261321 0.00194381530747 0.0256185589984 0.0017829323024 
-0.00188953091583 0.0153030596898 0.00961574276002 -0.00575790222374 0.0147412511679 0.00982947672958 -0.0021965913633 0.0169560993583 0.00861024398254 0.0148996164733 0.0117505973587 0.0204592853011 0.160739170634 0.0166180903563 0.018440345957 0.0134857002691 0.0130720140325 0.000339364115374 0.00772892947846 0.00767106725446 0.0164124258687 0.00892936066038 0.0216228158253 -0.00297709212492 0.0153848984801 0.0238046585755 0.0110623723624 0.0526775415124 0.0172695361482 0.00704562005711 0.00851503664346 0.007685477577 0.0148672166666 0.0165696015645 -0.00692136774522 0.0130831721808 0.0092853121886 0.0158451376908 0.0271418927755 0.00954299113035 0.0466137020603 -0.00417461702209 0.0132839100756 0.00597704020056 0.00917205033411 0.0086192964415 0.00669061321873 -0.00245557990411 0.00296546442573 0.0324721886172 
0.0276339638726 0.0209421419671 -0.0133551459759 0.0044144876357 0.0099446345979 0.0330106028528 0.00911612264486 0.00682039645175 0.00361073006944 0.011598710571 0.0305165015893 0.00411012418354 0.0166180903563 0.32607366338 0.0179890954947 0.014712084603 0.0348160162471 0.0164385721872 0.0213587347683 0.0437967093593 0.0413056865663 0.0246722423209 0.013368293592 0.0300774703156 0.0168806642425 0.0547607277362 0.0113550805787 0.0130837969302 0.0362775729562 0.0436392861089 0.00266184245205 0.0122581554696 0.0305876527342 0.00262147531223 0.00722651563719 0.0466797101716 0.00914781608098 0.0215976144524 -0.00125627561316 0.0326374614167 0.0278661137015 -0.00214552409214 0.0325566884346 0.0334141414467 0.0127048501999 0.00340451821066 0.0209724584075 0.0572743258341 0.0223896071197 0.00577132088367 
0.0383697044548 0.0124515106639 -0.00844113636256 0.0331668895011 0.00918168907335 0.023392373274 0.0112804293307 0.0129015190422 0.0145971196617 0.0268261394407 0.00134025265012 0.0221456737246 0.018440345957 0.0179890954947 0.246783924345 0.0134269112275 0.0162333685039 0.0120028123976 0.0193971991319 0.0116183652991 0.0290586904168 -0.00549769511975 -0.0111591120317 0.0151079962895 0.031443652029 0.0184034530863 0.00781477595464 0.00734792284482 0.00570675740288 0.0454362084229 0.0329967816077 0.012840344076 -0.00472489401729 -0.00161471067562 0.0171959162351 0.0347337996391 0.0177234681796 0.0142912793644 0.01240693585 0.0027643857763 0.00912767320519 -0.0175038264679 0.035248056751 0.0157309434861 -0.00345583323918 0.0132196056106 0.0375035324674 0.00427016983332 0.00325306799449 -0.00179534595912 
0.0288592780869 -0.00384501022146 -0.0188375781499 -0.00575017097716 0.0112481916553 0.023610851779 0.0296087624917 0.00114426415323 -0.00982978025295 -0.00399563558433 -0.00173171797921 0.00353233545822 0.0134857002691 0.014712084603 0.0134269112275 0.187206145217 0.0133639298788 0.012015390017 0.00877316979012 0.00647336177029 0.00485308794882 0.00857804830048 0.0111789016894 0.000841588520462 0.0232709821544 0.0138371563143 0.0133031051756 0.032759992442 0.0119311505784 0.026666653531 0.0105714918477 0.0148694729162 0.00987218361485 0.0179387743715 0.00906298141729 -0.00939446664932 0.0210123070868 0.0052120455831 0.00658190744739 0.00891068997677 0.0124031606607 -0.0253466656304 0.0338108574078 0.00649021072006 0.0202223864902 -0.0136351983934 0.0206220090455 -0.00296547808255 0.00578499434159 0.016583888969 
0.0398474274416 -0.000439270639025 0.0155011488078 0.0275692700062 0.0111944264029 0.031171944625 -0.0131941887771 0.0195229496364 0.0115035941084 -0.000985533185442 -9.84297645551e-06 0.0118710547174 0.0130720140325 0.0348160162471 0.0162333685039 0.0133639298788 0.365402776044 0.00536912275761 0.0228539019039 0.0274249646537 0.0209649683212 0.0165195154675 -0.000994094528735 0.0115151846038 0.015092972766 0.0447665401248 0.0259262766543 0.00194906140891 0.00497158806299 0.0243560842792 3.12597270315e-05 0.0411372423924 -0.00202272702651 -0.00473539599827 0.018381632765 0.0245670687023 0.0143343631965 -0.0141826508295 -0.00508585190047 0.0181982344542 -0.00588821965344 0.0108224442941 0.0370851562859 0.00276026204586 0.0162051710109 0.0200380855872 0.0178683302655 -0.00741715460153 0.0273480680663 0.00821568425638 
0.0336446375688 0.0216992481689 0.019248451708 -0.00233483137499 0.0122997733736 0.0107643469079 0.0145640419107 0.00365106810593 0.0113125630427 0.00651002184605 0.0206661565227 0.0127516108081 0.000339364115373 0.0164385721872 0.0120028123976 0.012015390017 0.00536912275761 0.133501168697 -0.000799596055282 0.00700008831212 0.0246823480762 0.0284395004453 0.0135688084496 -0.00911449918384 0.0116912590897 0.0106187973594 0.00785627183514 0.00329681709105 0.00166871374937 0.0118453877224 0.0203343609939 0.0183682334645 0.0343073684663 0.0212055635214 0.00412946552926 0.0248868354337 0.0207212469235 0.00649663419013 0.00479383077053 0.0107387781569 -2.18840065345e-05 0.00749414530876 0.0346554049116 0.0158926277016 -0.00742457816873 0.017535505884 0.0200476671266 -0.0103498321076 0.0132333522953 0.000814612457033 
0.0105014936857 0.0324432291577 0.0140503817282 0.0248646698823 0.0321761715296 0.00134440948888 0.0457542686815 0.00461405589383 0.0343683273886 0.00243136795349 0.0242234057628 0.0225128719521 0.00772892947845 0.0213587347683 0.0193971991319 0.00877316979012 0.0228539019039 -0.000799596055282 0.242544912901 -0.00433025539758 0.0247918170912 -0.00980066583758 0.00646037768305 0.0238422658888 0.0135457287374 0.0165887111499 0.00814941101815 0.0140918299815 -0.0013334461165 0.0231042519216 0.0436593073456 0.014508603321 0.0183138237504 0.0670024788133 0.0170413496772 0.0202055986243 0.0133060137974 0.055845597698 0.0665621033628 0.00248518423745 -0.00121117561165 0.0431332371926 0.0274516813621 0.0537408223061 0.0140742451875 0.00766980081787 0.0284418984373 0.00425643108977 0.0260762281362 0.00568490213393 
0.0302316758578 0.0258168805758 0.00117052209328 0.0351777770664 0.0126300907282 0.0181938314789 -0.0162911129849 -0.00788325815006 0.000319162594966 -0.00729438249354 0.0198834062583 0.00147729662373 0.00767106725447 0.0437967093593 0.0116183652991 0.0064733617703 0.0274249646537 0.00700008831212 -0.00433025539758 0.249599651504 0.000590515328581 0.018541028449 -0.00922713213605 0.0145629136048 0.0176273355988 0.0577309290959 0.0157927062297 0.00137571301539 -0.00457996146026 0.0310916864535 0.00457601136568 0.000305144281159 -0.00119465921119 0.00610620136237 0.0151964720039 0.0469641937635 0.0212266644602 -0.0122374465571 -0.0121011324993 0.00575446266887 0.0202764309705 0.00166671683603 0.0271866510991 -0.00957071134879 0.006050364177 0.00147382534812 0.0166554762845 0.0119657222805 0.0279077289816 0.0201776165928 
0.0305323650271 0.0188635358344 0.0136317356326 -0.00731161212649 0.031476648931 0.016250149626 0.0196190362564 0.00842210125435 0.0179485070101 0.0139910294497 0.0365227080022 0.0261861150015 0.0164124258687 0.0413056865663 0.0290586904168 0.00485308794883 0.0209649683212 0.0246823480762 0.0247918170912 0.000590515328576 0.23774191713 0.0180420341587 0.00580904017202 -0.0130373019065 0.0140757936917 0.0196606419171 0.0188510109814 0.0375063527993 0.0304577182763 0.022300452603 0.0241063094408 0.0254394059268 0.0414901276478 0.05986802994 -0.00535781053407 0.0393130019683 -0.000374614519691 0.00764388584975 0.0204269821559 0.0197108696897 0.0119405383977 0.0403567056629 0.0324289906975 0.0255795256736 0.0193434609733 0.0219958454546 0.122242125289 -0.00749701249253 0.017964673617 -0.00417311083915 
0.02945222079 0.0277253237865 0.018413474375 -0.00721708301393 0.0108636480425 0.00539843710949 0.0142105348962 -0.00671711143089 -0.00173239229093 0.0143320016008 0.035316982706 0.0138619826559 0.00892936066037 0.0246722423209 -0.00549769511976 0.00857804830048 0.0165195154675 0.0284395004453 -0.00980066583759 0.018541028449 0.0180420341587 0.200064789549 0.0365524078951 -0.0207252630495 0.00718013995738 0.00739421348112 0.0242670018605 0.0540129923631 0.0208151377889 0.0134500788706 0.0195955643341 0.0201807509699 0.0111399135473 0.00521944758787 -0.0118584012534 0.0106332028876 0.0112037759348 0.0112695382055 -0.00830091476856 0.00812923367731 0.0185379724696 0.0159740249947 0.0583789909356 0.0140393301344 -0.005996870249 0.0175808931413 0.00869274725373 -0.00182075273191 0.00713165479916 0.0190637514892 
0.00883905364708 0.0151315336028 -0.0101926958477 -0.00718315678588 0.00870747462954 0.014944682104 0.0269991422624 0.0143910863956 0.0144508481431 0.0555348911013 0.00758555133286 0.0392371341885 0.0216228158253 0.013368293592 -0.0111591120317 0.0111789016894 -0.000994094528735 0.0135688084496 0.00646037768305 -0.00922713213605 0.00580904017202 0.0365524078951 0.296468372329 0.00487231313693 0.00816722230832 -0.0128984866374 0.0123778578922 0.325568742203 0.011332783315 0.008431824494 0.00935041906993 0.0132993994824 -0.0115977814057 0.0275584243717 -0.00106848022011 0.0149812104388 0.0094188266321 0.0108433603489 0.00417858108525 0.0061818731456 -0.0137397140918 0.0298662377952 0.031371249232 0.0083217589162 -0.00394727921752 -0.026463739571 -0.0155443958741 0.0209290028094 0.00795632744643 0.034497729556 
-0.0126054551538 0.0111344137262 0.00262203189664 0.0293329723929 0.0226963969546 -0.000922680495433 0.0071976575387 0.0122506238099 -0.00237750162996 -0.00258919886241 0.0310539089391 -0.00041187327532 -0.00297709212492 0.0300774703156 0.0151079962895 0.000841588520463 0.0115151846038 -0.00911449918384 0.0238422658888 0.0145629136048 -0.0130373019065 -0.0207252630495 0.00487231313693 0.370550493792 -0.0129992144966 0.0110298661156 0.0100081177763 0.00208295430047 -0.012158204545 0.00505949618273 0.00363217092298 -0.00866620070434 0.0152524808354 0.00955242320069 0.00980755253058 0.009465042037 -0.00900546356354 0.0136786031493 -0.000165461768059 0.0405331404058 0.0173062218802 -0.00452853589735 0.00417554293073 0.0232816868955 -0.00385648396986 -0.00620952577946 0.00745357127711 0.00938148835683 0.00650196934651 0.00779575048691 
0.0368878614096 0.00417591534428 0.0110860134888 0.0141240915734 0.0217714310734 0.0422483914032 0.0139866217027 0.0263231392711 0.0238713497319 0.00426632650502 0.02206824504 -0.00646469771089 0.0153848984801 0.0168806642425 0.031443652029 0.0232709821544 0.015092972766 0.0116912590897 0.0135457287374 0.0176273355988 0.0140757936917 0.00718013995738 0.00816722230832 -0.0129992144966 0.12496950026 0.012292163197 0.0257489632685 0.00486391030823 -0.00081688225401 0.0211784804294 0.0251317576899 0.0204466019832 0.00903786775631 0.0312682812408 0.0293595990998 0.0223995310063 0.0401938429585 0.00397528586564 0.0249084416393 0.0295175602266 0.0270130389204 -0.00257691200856 0.0394681278893 0.014195149894 0.0206968366582 0.000597595184248 0.0123871303562 0.00907558521859 0.0134421939274 0.0114044141013 
0.022108418621 0.010102760512 0.0216490011418 0.0130338391112 0.017541201126 0.0153611580763 -0.00513843205789 0.00672335362576 0.000540418539201 -0.0173083525444 0.00689818640667 0.0248328246004 0.0238046585755 0.0547607277362 0.0184034530863 0.0138371563143 0.0447665401248 0.0106187973594 0.0165887111499 0.0577309290959 0.0196606419171 0.00739421348112 -0.0128984866374 0.0110298661156 0.012292163197 0.364519511624 0.00407488955973 -0.0102730588259 0.0285031918503 0.037974555776 0.00626783069752 0.00252812176443 0.0152401603563 0.00960851532596 0.00669870127774 0.030713653926 0.0263296015578 -0.00440955637667 0.00554119923539 0.00796824426793 0.0299590721538 -0.0148304120479 0.0236039416048 0.0257983413447 0.0105992872229 0.0242825883713 0.0164678718002 0.0084377784035 0.0125657500274 0.00254695973276 
0.0313210732945 0.00432964882287 0.00981789910123 0.00923439863935 0.00581907947741 0.0418395424367 0.0288035145117 0.0310658925123 0.0285356568281 0.016852761579 0.0152998451536 0.0209779729279 0.0110623723624 0.0113550805787 0.00781477595465 0.0133031051756 0.0259262766543 0.00785627183514 0.00814941101815 0.0157927062297 0.0188510109814 0.0242670018605 0.0123778578922 0.0100081177763 0.0257489632685 0.00407488955973 0.260764980238 0.028666206485 0.0259059660223 0.0244959643408 0.00359457033034 0.0549407387988 0.00469376452192 0.0537123911755 0.0320351511805 0.00870201930091 0.0267114885992 -0.00241584814629 -0.00618313734446 0.0192520632352 0.0319067282553 0.0051726997214 0.00284762984188 0.00143148084159 -0.00991543184877 -0.01831773056 0.00972170544994 -0.00795977229761 0.0154719882149 0.0151043278566 
0.0518684670887 -0.00788788300498 -0.0503218999518 -0.00148023741977 0.0161690554493 -0.00254498021967 0.00787460701288 0.00525963431051 -0.00334567102098 0.0436780994275 0.0248209767353 0.0373212654679 0.0526775415124 0.0130837969302 0.00734792284482 0.032759992442 0.00194906140891 0.00329681709105 0.0140918299815 0.0013757130154 0.0375063527993 0.0540129923631 0.325568742203 0.00208295430047 0.00486391030823 -0.0102730588259 0.028666206485 1.06137235813 -0.00594746675671 0.0197138916223 -0.000934771291739 -0.00904361602089 0.00498232243032 0.0255674001565 0.00926229414224 0.017260828065 0.00287185644671 -0.00187926044062 0.00224704684441 -0.00962782761766 0.00578039673843 0.0412333502752 0.0489486389338 0.000631415834459 0.0183506025778 0.0244138905986 0.0103820948267 -0.000124207357781 0.013021091342 0.0580767902762 
0.0052367608525 0.0204607408881 0.0204511499718 0.00505364371413 0.0134351898336 0.019900991412 -0.009255425996 -0.00313852445516 0.00904285212667 0.00456300048792 -0.0105750370404 0.0120865398403 0.0172695361482 0.0362775729562 0.00570675740288 0.0119311505784 0.00497158806299 0.00166871374937 -0.00133344611651 -0.00457996146026 0.0304577182763 0.0208151377889 0.011332783315 -0.012158204545 -0.00081688225401 0.0285031918503 0.0259059660223 -0.00594746675671 0.255966425649 0.0173830155962 -0.00432713245831 0.0265802781578 0.014192699906 0.0400953000723 0.00855505625942 0.0343651035819 -0.000821884874894 0.00620468691587 0.0186201903308 0.0207853266834 -0.0156711848534 0.018997895609 0.00879505196697 0.0116632848532 0.0227819332321 0.0057387082109 0.0144817225088 -0.0253441070673 0.0257090343941 0.0124061631913 
0.102174840989 0.0394017935214 0.0241838449696 0.0133898224141 0.0209088047906 0.0524413257435 -0.0271445416511 0.0284420358287 -0.00137557419757 0.0285158250685 0.0569395354246 0.011649139763 0.00704562005712 0.0436392861089 0.0454362084229 0.026666653531 0.0243560842792 0.0118453877224 0.0231042519216 0.0310916864535 0.022300452603 0.0134500788706 0.008431824494 0.00505949618273 0.0211784804294 0.037974555776 0.0244959643408 0.0197138916223 0.0173830155962 0.448084247958 0.0173432526792 0.0111588569092 0.0548354037464 0.0346383794398 -0.011501201062 0.0107740024768 0.0240188514578 -0.01254371617 0.00133393734259 0.0238471131346 -0.00112520021152 0.0180966626373 0.0745354541576 -0.00355301461092 0.0155119930451 0.0108465863782 0.00790337504454 0.0291493873985 0.0176002486591 0.00679951466295 
0.0071820247034 0.00372898357396 0.0117648088698 0.00880459171136 0.0180147936764 0.0178594739525 0.0233939330843 -0.00133326721943 0.0102888677838 0.00871896523853 0.0172122163399 0.0131610862108 0.00851503664346 0.00266184245205 0.0329967816077 0.0105714918477 3.12597270318e-05 0.0203343609939 0.0436593073456 0.00457601136568 0.0241063094408 0.0195955643341 0.00935041906993 0.00363217092298 0.0251317576899 0.00626783069752 0.00359457033034 -0.00093477129174 -0.00432713245831 0.0173432526792 0.117885928883 0.00893606521325 0.0149558165687 0.0105894346935 0.0113174368489 0.00910228336983 0.0185038919972 0.0434466029418 0.0454330503948 -0.00046233308544 -0.00865908428696 0.0186571937454 0.0191462695552 0.042421695851 0.00905266692269 0.00657967941829 0.0140382647391 0.00213157113838 0.0059658957204 0.00260819700706 
-0.00261258010289 0.0233974790096 0.019606605109 0.00918719872041 0.0158314549614 -0.00621621711106 0.0332182817416 0.00805112722421 0.0374073053956 -0.000823921476382 0.0170588291791 0.0102793314355 0.00768547757699 0.0122581554696 0.012840344076 0.0148694729162 0.0411372423924 0.0183682334645 0.014508603321 0.000305144281159 0.0254394059268 0.0201807509699 0.0132993994824 -0.00866620070434 0.0204466019832 0.00252812176443 0.0549407387988 -0.00904361602089 0.0265802781578 0.0111588569092 0.00893606521325 0.393947750926 0.0180981655438 0.0317614375614 0.031728281142 0.0174204177951 0.00833190737542 0.0102181109542 0.00161816929733 0.0386412029329 0.0117089642082 -0.0405300136148 0.012095479058 0.00312935174134 -0.00892440198787 0.0131393563136 0.0611038593346 -0.00150157373378 0.0297245742166 -0.0119167628819 
0.0335361575899 0.0491711831331 0.0254837695477 0.029265675977 0.0225272925936 0.00887216409975 0.0200444143582 0.00801472021709 0.0247350531212 -0.00659901512423 0.0359860276881 0.0109733216488 0.0148672166666 0.0305876527342 -0.00472489401729 0.00987218361485 -0.00202272702651 0.0343073684663 0.0183138237504 -0.00119465921119 0.0414901276478 0.0111399135473 -0.0115977814057 0.0152524808354 0.00903786775631 0.0152401603563 0.00469376452192 0.00498232243032 0.014192699906 0.0548354037464 0.0149558165687 0.0180981655438 0.425281444938 0.00791711139915 -0.0226143660723 0.0236874247497 0.0132193110701 0.0223056685052 0.0116562769213 0.0128401545844 0.00142063217123 0.0401698946435 0.0727821944766 0.0268783953325 0.0264369786174 0.00251168947907 0.0953338324341 0.016130560389 -4.85194968661e-05 0.00118723176172 
0.0285416895807 0.00835561204335 0.0275962403904 0.00649305493611 0.0107780096286 0.03024370483 0.132372006118 0.0134109907371 0.0144793511063 0.0325919107358 0.0281811110208 -0.0088449328959 0.0165696015645 0.00262147531224 -0.00161471067562 0.0179387743715 -0.00473539599826 0.0212055635214 0.0670024788133 0.00610620136237 0.05986802994 0.00521944758787 0.0275584243717 0.00955242320069 0.0312682812408 0.00960851532596 0.0537123911755 0.0255674001565 0.0400953000723 0.0346383794398 0.0105894346935 0.0317614375614 0.00791711139915 0.440835329095 0.00836969905306 0.027762531966 0.00819938163709 0.0289974632336 0.0464305732091 0.0196439032237 -0.00918268384873 0.0527342958811 0.0303823325943 0.0351758868563 0.0154259415428 0.00114448303762 0.0455777389137 -0.0325757815328 0.0193147551919 0.0179254118159 
0.0497477941714 0.021150665846 0.00140435624827 0.0283710680046 0.015926381781 0.0241012584068 0.0059018044037 0.0387834262159 0.0173674582815 -0.000125201828313 0.034407901156 0.0153812013674 -0.00692136774522 0.00722651563719 0.0171959162351 0.0090629814173 0.0183816327649 0.00412946552926 0.0170413496772 0.0151964720039 -0.00535781053407 -0.0118584012534 -0.00106848022011 0.00980755253058 0.0293595990998 0.00669870127774 0.0320351511805 0.00926229414224 0.00855505625942 -0.011501201062 0.0113174368489 0.031728281142 -0.0226143660723 0.00836969905306 0.36650137299 0.00991779879298 0.0119478543548 -0.00755579807534 -0.001215950262 0.00554539510534 0.0139196413233 -0.0118695717689 0.0318699068129 0.00611481260404 0.0165494028792 0.0164435132104 0.0258963410291 -0.00181309808675 0.0409473426592 0.0108315419472 
0.042479856796 0.0213786520303 -0.026264431259 0.0143731370919 0.00703857873731 -0.00614766121397 0.00722396169902 0.000861083614499 0.0271056626955 0.0298933924618 0.0396679239931 0.0121478324219 0.0130831721808 0.0466797101716 0.0347337996391 -0.00939446664932 0.0245670687023 0.0248868354337 0.0202055986243 0.0469641937635 0.0393130019683 0.0106332028876 0.0149812104388 0.009465042037 0.0223995310063 0.030713653926 0.00870201930091 0.017260828065 0.0343651035819 0.0107740024768 0.00910228336983 0.0174204177951 0.0236874247497 0.027762531966 0.00991779879298 0.268951099575 0.0324177159763 0.0115602750613 0.0127795352982 -0.0227336983695 0.0077976232728 -0.00974912912118 0.0323245465948 0.016148738227 0.0408242011269 -0.00865856298353 0.0381379819813 0.00916059478002 0.00818637092808 0.00831822889991 
0.0254736335254 -0.00141341186452 0.0196486402727 -0.00109916379038 -0.00268847659637 0.0233293793082 0.00384785677174 0.0380863362738 0.015448903815 -0.00163764264177 0.0324702588564 -0.00141808474373 0.0092853121886 0.00914781608099 0.0177234681796 0.0210123070868 0.0143343631965 0.0207212469235 0.0133060137974 0.0212266644602 -0.000374614519692 0.0112037759348 0.0094188266321 -0.00900546356354 0.0401938429585 0.0263296015578 0.0267114885992 0.00287185644671 -0.000821884874894 0.0240188514578 0.0185038919972 0.00833190737542 0.0132193110701 0.00819938163709 0.0119478543548 0.0324177159763 0.193660066825 0.019085929125 0.0155054304622 0.00630673771726 0.0341604356597 -0.0010982115391 0.0192247572302 0.0127612116339 0.00843548949135 0.0263043955179 0.0210360387222 0.0109885928905 0.014105991367 0.00757976918735 
0.011707976535 0.031054840534 5.74299740908e-05 0.0114018583167 0.00544133041104 0.00876276273608 0.0225811204579 -0.00165932274478 0.00631338311647 0.0138594232243 0.01525210604 0.00717288268115 0.0158451376908 0.0215976144524 0.0142912793644 0.0052120455831 -0.0141826508295 0.00649663419013 0.055845597698 -0.0122374465571 0.00764388584975 0.0112695382055 0.0108433603489 0.0136786031493 0.00397528586564 -0.00440955637666 -0.00241584814629 -0.00187926044062 0.00620468691587 -0.01254371617 0.0434466029418 0.0102181109542 0.0223056685052 0.0289974632336 -0.00755579807534 0.0115602750613 0.019085929125 0.187208311708 0.0478037911885 0.0147767928197 -0.0269172077942 0.0126779112702 0.0239053721688 0.0495574301885 0.0199493761736 0.0202585990199 0.0143936491687 0.00499118103213 -0.00635601400009 0.0114471228099 
0.0117394136273 0.0183274887555 -0.00099050082443 0.016752529439 -0.00315275757078 0.020859977587 0.0596205026055 0.00147211802423 0.00395339731739 -0.000985534488414 0.00545404366354 -0.00350389411619 0.0271418927755 -0.00125627561315 0.01240693585 0.0065819074474 -0.00508585190047 0.00479383077053 0.0665621033628 -0.0121011324993 0.0204269821559 -0.00830091476857 0.00417858108525 -0.000165461768057 0.0249084416393 0.00554119923539 -0.00618313734445 0.00224704684441 0.0186201903308 0.00133393734259 0.0454330503948 0.00161816929733 0.0116562769213 0.0464305732091 -0.001215950262 0.0127795352982 0.0155054304622 0.0478037911885 0.191069071239 0.00621164459486 -0.0102207284032 0.048452138418 0.0161007908582 0.0413620420314 0.0147361181753 0.00728353892482 0.000463795308679 0.00194144045951 0.00363318970942 0.0104714905302 
0.0155094830213 0.0053496041673 0.0446385104779 -0.0017250033181 0.0178486682018 0.0210147318373 -0.00135463190629 0.0182185016316 0.0188456849029 -0.00623989367571 0.00166761386236 0.0136485599803 0.00954299113035 0.0326374614167 0.00276438577629 0.00891068997677 0.0181982344542 0.0107387781569 0.00248518423745 0.00575446266888 0.0197108696897 0.00812923367731 0.0061818731456 0.0405331404058 0.0295175602266 0.00796824426793 0.0192520632352 -0.00962782761766 0.0207853266834 0.0238471131346 -0.00046233308544 0.0386412029329 0.0128401545844 0.0196439032237 0.00554539510534 -0.0227336983695 0.00630673771726 0.0147767928197 0.00621164459486 0.313712240387 0.0139732621314 0.00834192664565 0.0157295365818 0.00347686341521 0.0132560659652 0.0308289589875 0.0185180290811 0.0156208136374 0.037637699208 0.029363667244 
0.0272062127884 0.0108178401956 -0.00605371001914 -0.0107318580254 -0.0129921040125 0.0182570178939 -0.00423572764724 0.033344269914 -0.000161006009912 -0.0101875241246 0.0193135050351 0.019505961473 0.0466137020603 0.0278661137015 0.00912767320518 0.0124031606607 -0.00588821965344 -2.18840065351e-05 -0.00121117561165 0.0202764309705 0.0119405383977 0.0185379724696 -0.0137397140917 0.0173062218802 0.0270130389204 0.0299590721538 0.0319067282553 0.00578039673843 -0.0156711848534 -0.00112520021152 -0.00865908428696 0.0117089642082 0.00142063217123 -0.00918268384874 0.0139196413233 0.00779762327281 0.0341604356597 -0.0269172077942 -0.0102207284032 0.0139732621314 0.299157626341 -0.0199518427674 0.0405065034121 -0.00303480157095 0.023851866972 0.0114065543671 0.0337652444745 -0.00321869086942 0.00486192474218 0.0422339592865 
0.0435999201512 0.0149604514529 0.00189583887578 -0.00750251797583 0.0166709766998 0.0211504043064 0.162630742522 -0.01255371353 -0.0211538189728 0.0131826915619 0.022082385764 -0.000958960310786 -0.0041746170221 -0.00214552409214 -0.0175038264679 -0.0253466656304 0.0108224442941 0.00749414530876 0.0431332371926 0.00166671683603 0.0403567056629 0.0159740249947 0.0298662377952 -0.00452853589735 -0.00257691200856 -0.0148304120479 0.0051726997214 0.0412333502752 0.018997895609 0.0180966626373 0.0186571937454 -0.0405300136148 0.0401698946435 0.0527342958811 -0.0118695717689 -0.00974912912118 -0.0010982115391 0.0126779112702 0.048452138418 0.00834192664565 -0.0199518427674 0.410203647306 0.0526474857875 0.016094590902 0.00995169206568 0.00203443812423 0.0382466784418 -0.0263579949068 0.0030580944862 0.0171739803859 
0.260868266718 0.0646862611568 0.0218916393483 0.0305590742869 0.0279794226362 0.0427641617025 0.0634837752849 0.0129591586657 0.049498244784 0.0276028966166 0.0309332226599 0.0565380663938 0.0132839100756 0.0325566884346 0.035248056751 0.0338108574078 0.0370851562859 0.0346554049116 0.0274516813621 0.0271866510991 0.0324289906975 0.0583789909356 0.031371249232 0.00417554293073 0.0394681278893 0.0236039416048 0.00284762984188 0.0489486389338 0.00879505196697 0.0745354541576 0.0191462695552 0.012095479058 0.0727821944766 0.0303823325943 0.0318699068129 0.0323245465948 0.0192247572302 0.0239053721688 0.0161007908582 0.0157295365818 0.0405065034121 0.0526474857875 0.546042946528 0.0299846502751 0.037431795578 0.0186814486263 0.0313738937374 -0.00565791206866 0.00808176861107 0.0532074672791 
0.00893914652644 0.0132775826599 -0.0132152063753 -0.0120860078407 0.00505334969887 0.0204270787029 0.0103406889209 0.00293108712509 0.0083280107819 -0.00612342507363 0.00655844838372 0.0131977493852 0.00597704020058 0.0334141414467 0.0157309434861 0.00649021072006 0.00276026204586 0.0158926277016 0.0537408223061 -0.00957071134878 0.0255795256736 0.0140393301344 0.0083217589162 0.0232816868955 0.014195149894 0.0257983413447 0.0014314808416 0.000631415834457 0.0116632848532 -0.00355301461092 0.042421695851 0.00312935174134 0.0268783953325 0.0351758868563 0.00611481260404 0.016148738227 0.0127612116339 0.0495574301885 0.0413620420314 0.00347686341521 -0.00303480157096 0.016094590902 0.0299846502751 0.223257650784 0.00815090202865 -0.000586469276415 0.0155021151662 -0.0111936455019 0.0145885072812 0.0209303086047 
0.0180244269421 0.0214202993307 -0.00311228227361 0.015624289599 -0.0197726956665 -0.00400725034255 -0.0154905252358 0.00601055281333 0.00460085917146 -0.000261507736013 0.00587822912694 0.00822097139226 0.00917205033411 0.0127048501999 -0.00345583323918 0.0202223864902 0.0162051710109 -0.00742457816873 0.0140742451875 0.006050364177 0.0193434609733 -0.005996870249 -0.00394727921752 -0.00385648396986 0.0206968366582 0.0105992872229 -0.00991543184877 0.0183506025778 0.0227819332321 0.0155119930451 0.0090526669227 -0.00892440198787 0.0264369786174 0.0154259415428 0.0165494028792 0.0408242011269 0.00843548949135 0.0199493761736 0.0147361181753 0.0132560659652 0.023851866972 0.00995169206568 0.037431795578 0.00815090202865 0.203151105133 0.0232611114942 0.0237579051256 0.00427422675678 0.0144806644694 0.0106678923725 
-0.00545539767627 0.029753740896 0.0377184489198 -0.0107156246762 0.0127934638664 0.0204818230932 0.0290687567353 0.0116155405362 0.0149690684291 -0.0113587457324 0.0100230109191 0.0082213860057 0.00861929644151 0.00340451821066 0.0132196056106 -0.0136351983934 0.0200380855872 0.017535505884 0.00766980081787 0.00147382534812 0.0219958454546 0.0175808931413 -0.026463739571 -0.00620952577946 0.000597595184248 0.0242825883713 -0.01831773056 0.0244138905986 0.0057387082109 0.0108465863782 0.00657967941829 0.0131393563136 0.00251168947907 0.00114448303762 0.0164435132104 -0.00865856298353 0.0263043955179 0.0202585990199 0.00728353892482 0.0308289589875 0.0114065543671 0.00203443812423 0.0186814486263 -0.000586469276417 0.0232611114942 0.285215540903 0.0148059130927 -0.00148935646656 -0.0112525219073 0.000956753310839 
0.0135592657689 0.0186857062691 0.00792222409177 0.0215893706332 0.014944887985 0.00992851713555 0.0988441702325 0.015113999969 0.0324271607895 0.00851593296082 0.0491873607185 0.00370487261321 0.00669061321873 0.0209724584075 0.0375035324674 0.0206220090455 0.0178683302655 0.0200476671266 0.0284418984373 0.0166554762845 0.122242125289 0.00869274725373 -0.0155443958741 0.00745357127712 0.0123871303562 0.0164678718002 0.00972170544994 0.0103820948267 0.0144817225088 0.00790337504455 0.0140382647391 0.0611038593346 0.0953338324341 0.0455777389137 0.0258963410291 0.0381379819813 0.0210360387222 0.0143936491687 0.000463795308681 0.0185180290811 0.0337652444745 0.0382466784418 0.0313738937374 0.0155021151662 0.0237579051256 0.0148059130927 0.416918405193 0.00316038772676 0.0267481654618 0.0100997169871 
