30
0.0950879331279 0.106465020668 0.00642009941462 0.0146303634135 0.110955558587 -0.00773505516991 0.0538940625226 0.0422457423554 0.0283464571838 0.0181340887913 0.105904751354 0.0242911243805 0.0948967479515 0.088181568025 0.0506400072768 0.171372180847 0.059162885268 0.136929250297 0.0493870590102 0.0506132512338 0.0147816990943 0.0831393543584 0.134016582451 0.0423549004831 0.0825599502725 0.0449819155318 0.0759168136047 0.0437038130991 0.110374427341 0.0566217234647 
0.273515190067 0.0432085090718 0.0050578580534 0.0316563776787 0.0972082659518 0.00484559404926 0.0320583422925 0.0232835016283 0.0152759888244 0.0399045867376 0.0377831174707 0.0344564496226 0.00670325135808 0.0139403843017 0.0536318921273 0.0224037932417 0.00958538873163 0.0460085231185 0.0310956607194 0.0475235475794 0.0208484648787 0.0389245537132 0.0379763115474 0.0152799369547 0.0204590203638 0.0541792402308 0.0211980723087 0.0145658973724 0.0274229354725 0.0323981979952 
0.0432085090718 0.265668970734 0.0267101667737 0.0111933593906 0.0458576101521 0.0204234872782 0.031963549481 0.0219243026411 0.0165745978251 0.0149387272396 0.00932166179419 0.027894326412 0.0096990847252 0.0167053173674 0.0445124535358 0.0218634251608 0.00126468079644 0.0126750265924 0.0184010702588 0.0275279968422 0.0131821044571 0.0117642964754 0.0184662632576 0.00958373325188 0.0395505548625 0.0187014493611 0.00689735538859 0.0197383561316 0.0146056345362 0.026385642208 
0.0050578580534 0.0267101667737 0.152390661129 0.00973451307154 0.0100203115019 0.0498277351566 0.0112624781216 0.00902219916706 0.0162327144028 0.0359477676662 0.00425444456051 0.0356103210138 0.0233892641628 -0.00051731998493 0.0285286864603 0.0437056365379 0.027659469979 0.0202439058025 0.00986183687988 0.0176898258598 0.0150946000617 -0.0123627780652 0.0244653378135 0.0195713878705 0.0061633883615 0.0163915782636 0.0179800553938 0.015281773852 0.0361996814018 0.0321485588098 
0.0316563776787 0.0111933593906 0.00973451307154 0.162582086335 0.00891036431862 0.0127604574253 0.0194871406516 0.00454594694298 0.0320836019083 0.00819898737584 0.0154577087236 0.00967666591904 0.0144858260349 0.00495580437859 0.0165282631948 0.0044674323635 0.0108954350835 0.0193765081078 0.00185304623777 0.0160630391476 0.0233406878511 0.0219575566444 0.00555757954512 0.0115092401734 0.020277675248 -0.00101447915723 0.0136477581821 0.0112227830099 0.00426947102476 0.00832608836997 
0.0972082659518 0.0458576101521 0.0100203115019 0.00891036431862 0.485457036354 0.00805645496161 0.0332640694364 0.0288980673352 0.0221412019753 -0.00692913674586 0.0156581544228 0.0250012534844 -0.00895255885137 0.0218423846519 0.0133627065126 -0.0132386776469 0.0174403857819 0.0560332446439 0.0233196440564 0.0196953742379 0.00865817135639 0.00878496800992 0.0124320788595 0.0168082167981 0.0229331661956 0.0325574248565 0.0264561700354 0.023910311692 -0.0212377437675 0.040123920369 
0.00484559404926 0.0204234872782 0.0498277351566 0.0127604574253 0.00805645496161 0.133972731012 0.000653837487745 0.0106701634934 0.00905824704856 0.0347982228838 0.00954962009589 0.0204624670062 0.0168533506767 0.00961501911861 0.0205467898619 0.0408407280551 0.0142702214979 0.0258205980515 0.0145245851174 0.00752160876158 0.0111820775333 0.00783789255098 0.0121543762736 0.0149097504247 -0.00514197195086 0.0273696723163 0.017465816654 0.0195186564477 0.0171712522662 0.0256535636616 
0.0320583422925 0.031963549481 0.0112624781216 0.0194871406516 0.0332640694364 0.000653837487745 0.42353197185 -0.000959245688192 0.0289510587703 -0.00940919735602 -0.0111734160808 0.0106106176716 0.0528539822556 0.0291577875509 0.0213555458011 0.00995115957497 -0.00783075113378 0.0232617788752 0.00676191173159 0.00357498875736 0.0184365457789 0.00517509917769 -0.00543129109496 0.00831059237555 -0.0043873316137 -0.00953200144466 -0.00352426484677 -0.00339517303493 -0.00219388367668 0.0119290108467 
0.0232835016283 0.0219243026411 0.00902219916706 0.00454594694298 0.0288980673352 0.0106701634934 -0.000959245688193 0.191781472499 0.0123941773285 0.0238487082515 0.0277395196704 0.0273208594759 0.0205522344265 0.0167896379163 -0.00709857051885 0.00471963435327 0.00570639353063 0.0581239200372 0.0112827311629 0.0118760251736 0.00874137758011 0.00175580754669 -0.00384649737906 0.00271488611163 0.010111266036 0.0272012514359 -0.00411201559513 0.0208969835184 -0.00110789760585 0.027561275044 
0.0152759888244 0.0165745978251 0.0162327144028 0.0320836019083 0.0221412019753 0.00905824704856 0.0289510587703 0.0123941773285 0.186608981945 0.006315576508 0.0108273787507 0.0238770654183 0.0155533537179 0.0289427352083 0.00880648079477 -0.00610698340721 0.00133348525127 0.0105639628035 0.0122112270376 0.024302557052 0.0257093104697 0.0141142333274 0.0128062402419 0.0139889063734 0.0214753991333 0.0151656065466 0.0447425711026 0.0241802056228 0.00793152377259 0.0277200953034 
0.0399045867376 0.0149387272396 0.0359477676662 0.00819898737584 -0.00692913674586 0.0347982228838 -0.00940919735602 0.0238487082515 0.006315576508 0.288234507875 0.00903404420728 0.0352444715923 -0.0087722460366 0.00670146002315 0.043052408729 0.0362025910516 0.0245520159507 0.058346796313 0.0108201986405 -0.00343386402484 0.00687474806985 0.0326383113562 0.0156101621586 0.0187009797306 0.0369559879742 0.0211438184876 0.0214673781384 0.0148131550577 0.0234363672314 0.0467165405978 
0.0377831174707 0.00932166179419 0.00425444456051 0.0154577087236 0.0156581544228 0.00954962009589 -0.0111734160808 0.0277395196704 0.0108273787507 0.00903404420728 0.416438074673 0.0306477860248 0.0598642295407 0.0250227679167 0.0167233719388 0.0248551534135 0.0161394574363 0.0619465603995 0.0179884749935 0.0168152230868 0.0361370977559 0.000960796664579 0.0134508842389 0.017606911396 0.000861309536071 0.0408902635364 0.0405423681832 0.0330264501917 -0.00738243239325 0.0228549630527 
0.0344564496226 0.027894326412 0.0356103210138 0.00967666591904 0.0250012534844 0.0204624670062 0.0106106176716 0.0273208594759 0.0238770654183 0.0352444715923 0.0306477860248 0.234343699008 0.00221259893748 0.00665664157467 0.0238441767084 0.0314929215418 0.0161589488828 0.0772955064217 0.0234184233883 0.0371848074088 0.0257882057539 0.0310648614466 0.027867764889 0.021142692547 0.0161697981496 0.0370178450456 0.0109304644375 0.0200045362404 0.0395071522525 0.0646527761246 
0.00670325135808 0.0096990847252 0.0233892641628 0.0144858260349 -0.00895255885137 0.0168533506767 0.0528539822556 0.0205522344265 0.0155533537179 -0.0087722460366 0.0598642295407 0.00221259893748 0.5560207934 0.0285472055464 0.00566509380445 0.0676214533439 -0.0340771903133 0.0101939395536 -0.00688385545665 0.0218649726627 0.0113088943418 0.0189737100299 0.0143756558476 0.00438835252671 0.0188877517178 0.0178080925221 0.00520797053716 0.00118601183782 0.000968938081017 0.00526001726536 
0.0139403843017 0.0167053173674 -0.000517319984929 0.00495580437859 0.0218423846519 0.00961501911861 0.0291577875509 0.0167896379163 0.0289427352083 0.00670146002315 0.0250227679167 0.00665664157467 0.0285472055464 0.371763312712 0.0876578240336 0.0345169711477 6.3140157701e-05 0.0770770168416 -0.00566540907043 0.0301899250005 0.000623118318349 0.00261480453145 0.0130188724589 0.0187283666337 -0.0152384226107 0.0264310245426 0.0233910448545 0.0191146888324 0.0290701283187 0.0174941493027 
0.0536318921273 0.0445124535358 0.0285286864603 0.0165282631948 0.0133627065126 0.0205467898619 0.0213555458011 -0.00709857051885 0.00880648079477 0.043052408729 0.0167233719388 0.0238441767084 0.00566509380445 0.0876578240336 0.515350041014 0.0228154013157 0.0146277155955 0.0401281522398 0.00343149470655 0.0165189013652 0.0132763988631 0.0202466921753 0.0322982924207 0.00525150387929 0.0341362659235 0.0105954934714 0.0262388898696 0.0390082726665 0.0489887173038 0.0285133796099 
0.0224037932417 0.0218634251608 0.0437056365379 0.0044674323635 -0.0132386776469 0.0408407280551 0.00995115957497 0.00471963435327 -0.00610698340721 0.0362025910516 0.0248551534135 0.0314929215418 0.0676214533439 0.0345169711477 0.0228154013157 0.587789161397 0.0167599452818 0.0107445558428 0.035601865177 -0.0020586781726 0.00702094389613 -0.000455591507384 0.0127387154805 -0.00985707993796 -0.0344618285659 0.0166798943712 -0.00942091436914 0.0205273167674 0.224505890039 0.0421425921894 
0.00958538873163 0.00126468079644 0.027659469979 0.0108954350835 0.0174403857819 0.0142702214979 -0.00783075113378 0.00570639353063 0.00133348525127 0.0245520159507 0.0161394574363 0.0161589488828 -0.0340771903133 6.3140157701e-05 0.0146277155955 0.0167599452818 0.352474166604 0.00889773016636 -0.00226360052686 0.000234082065834 0.00435845740606 0.0403218468984 0.00454374450539 -0.00727304167586 0.013775210148 -0.00292588005353 -0.0150518697499 0.0258253133244 -0.00920176012273 0.0200605694514 
0.0460085231185 0.0126750265924 0.0202439058025 0.0193765081078 0.0560332446439 0.0258205980515 0.0232617788752 0.0581239200372 0.0105639628035 0.058346796313 0.0619465603995 0.0772955064217 0.0101939395536 0.0770770168416 0.0401281522398 0.0107445558428 0.00889773016636 0.674669831699 0.0118168171683 0.0269815947261 -0.00398469704339 -0.00316006072259 0.0195500617803 0.0159312031222 -0.00224866943533 0.0302774263418 0.0669655315901 0.0647324979727 0.0216526736407 0.0395059375231 
0.0310956607194 0.0184010702588 0.00986183687988 0.00185304623777 0.0233196440564 0.0145245851174 0.00676191173159 0.0112827311629 0.0122112270376 0.0108201986405 0.0179884749935 0.0234184233883 -0.00688385545665 -0.00566540907043 0.00343149470655 0.035601865177 -0.00226360052686 0.0118168171683 0.218450182252 0.0197690517739 0.0267836651599 -0.00218563258438 0.0219366873621 -0.00441489777009 0.000169938218573 0.0269519017741 -0.00258363659924 0.0075871776115 0.0373886734494 0.0168757854306 
0.0475235475794 0.0275279968422 0.0176898258598 0.0160630391476 0.0196953742379 0.00752160876158 0.00357498875736 0.0118760251736 0.024302557052 -0.00343386402484 0.0168152230868 0.0371848074088 0.0218649726627 0.0301899250005 0.0165189013652 -0.0020586781726 0.000234082065834 0.0269815947261 0.0197690517739 0.155866737453 0.0463939141502 0.00989254690756 0.0257759330206 -0.00743354007193 0.0270916080002 0.0355943938816 0.01735240595 0.0198477066341 0.0115134413947 0.0194252012841 
0.0208484648787 0.0131821044571 0.0150946000617 0.0233406878511 0.00865817135639 0.0111820775333 0.0184365457789 0.00874137758011 0.0257093104697 0.00687474806985 0.0361370977559 0.0257882057539 0.0113088943418 0.000623118318349 0.0132763988631 0.00702094389613 0.00435845740606 -0.00398469704339 0.0267836651599 0.0463939141502 0.21785743104 0.0126297039632 0.0347706616965 0.0168943987385 0.0353111683657 0.0389099721431 0.00177395570438 0.0070253248758 0.0171672612514 0.0111297813967 
0.0389245537132 0.0117642964754 -0.0123627780652 0.0219575566444 0.00878496800992 0.00783789255098 0.00517509917769 0.00175580754669 0.0141142333274 0.0326383113562 0.000960796664579 0.0310648614466 0.0189737100299 0.00261480453145 0.0202466921753 -0.000455591507384 0.0403218468984 -0.00316006072259 -0.00218563258438 0.00989254690756 0.0126297039632 0.313423947989 0.0114827467927 -0.00883802242395 0.0228753484251 0.0111350764502 0.02016642792 0.0333227650642 -0.00614761453984 0.0227696741343 
0.0379763115474 0.0184662632576 0.0244653378135 0.00555757954512 0.0124320788595 0.0121543762736 -0.00543129109496 -0.00384649737906 0.0128062402419 0.0156101621586 0.0134508842389 0.027867764889 0.0143756558476 0.0130188724589 0.0322982924207 0.0127387154805 0.00454374450539 0.0195500617803 0.0219366873621 0.0257759330206 0.0347706616965 0.0114827467927 0.22234924367 0.00727397368478 0.0445520859984 0.0530937583141 -0.00183040264347 0.00866837827638 0.0168940074155 0.0166748130446 
0.0152799369547 0.00958373325188 0.0195713878705 0.0115092401734 0.0168082167981 0.0149097504247 0.00831059237555 0.00271488611163 0.0139889063734 0.0187009797306 0.017606911396 0.021142692547 0.00438835252671 0.0187283666337 0.00525150387929 -0.00985707993796 -0.00727304167586 0.0159312031222 -0.00441489777009 -0.00743354007193 0.0168943987385 -0.00883802242395 0.00727397368478 0.227873180046 0.0348971975205 0.0157658961529 0.00992705414085 -0.00614753417968 0.000931679425245 0.00768586874949 
0.0204590203638 0.0395505548625 0.0061633883615 0.020277675248 0.0229331661956 -0.00514197195086 -0.0043873316137 0.010111266036 0.0214753991333 0.0369559879742 0.000861309536071 0.0161697981496 0.0188877517178 -0.0152384226107 0.0341362659235 -0.0344618285659 0.013775210148 -0.00224866943533 0.000169938218573 0.0270916080002 0.0353111683657 0.0228753484251 0.0445520859984 0.0348971975205 0.363460445531 0.0559939211571 -0.0138220401147 0.00275985579097 -0.00225551773448 0.0314034031243 
0.0541792402308 0.0187014493611 0.0163915782636 -0.00101447915723 0.0325574248565 0.0273696723163 -0.00953200144466 0.0272012514359 0.0151656065466 0.0211438184876 0.0408902635364 0.0370178450456 0.0178080925221 0.0264310245426 0.0105954934714 0.0166798943712 -0.00292588005353 0.0302774263418 0.0269519017741 0.0355943938816 0.0389099721431 0.0111350764502 0.0530937583141 0.0157658961529 0.0559939211571 0.208814361901 0.0316628162196 0.0195721559783 0.00467468231504 0.0339377971764 
0.0211980723087 0.00689735538859 0.0179800553938 0.0136477581821 0.0264561700354 0.017465816654 -0.00352426484677 -0.00411201559513 0.0447425711026 0.0214673781384 0.0405423681832 0.0109304644375 0.00520797053716 0.0233910448545 0.0262388898696 -0.00942091436914 -0.0150518697499 0.0669655315901 -0.00258363659924 0.01735240595 0.00177395570438 0.02016642792 -0.00183040264347 0.00992705414085 -0.0138220401147 0.0316628162196 0.339441699839 0.026494162288 0.0201407333141 0.0347736879285 
0.0145658973724 0.0197383561316 0.015281773852 0.0112227830099 0.023910311692 0.0195186564477 -0.00339517303493 0.0208969835184 0.0241802056228 0.0148131550577 0.0330264501917 0.0200045362404 0.00118601183782 0.0191146888324 0.0390082726665 0.0205273167674 0.0258253133244 0.0647324979727 0.0075871776115 0.0198477066341 0.0070253248758 0.0333227650642 0.00866837827638 -0.00614753417968 0.00275985579097 0.0195721559783 0.026494162288 0.204871421245 0.0334748804147 0.0197946682799 
0.0274229354725 0.0146056345362 0.0361996814018 0.00426947102476 -0.0212377437675 0.0171712522662 -0.00219388367668 -0.00110789760585 0.00793152377259 0.0234363672314 -0.00738243239325 0.0395071522525 0.000968938081016 0.0290701283187 0.0489887173038 0.224505890039 -0.00920176012273 0.0216526736407 0.0373886734494 0.0115134413947 0.0171672612514 -0.00614761453984 0.0168940074155 0.000931679425245 -0.00225551773448 0.00467468231504 0.0201407333141 0.0334748804147 0.481322228936 0.0249553994852 
0.0323981979952 0.026385642208 0.0321485588098 0.00832608836997 0.040123920369 0.0256535636616 0.0119290108467 0.027561275044 0.0277200953034 0.0467165405978 0.0228549630527 0.0646527761246 0.00526001726536 0.0174941493027 0.0285133796099 0.0421425921894 0.0200605694514 0.0395059375231 0.0168757854306 0.0194252012841 0.0111297813967 0.0227696741343 0.0166748130446 0.00768586874949 0.0314034031243 0.0339377971764 0.0347736879285 0.0197946682799 0.0249553994852 0.185645087269 
0.0236871102919 0.00374196665158 0.000438023356298 0.00274152272615 0.00841848277721 0.000419640754308 0.00277633388285 0.00201641038992 0.00132293943899 0.00345583858423 0.00327211395638 0.00298401606974 0.000580518596405 0.00120727269438 0.00464465810353 0.00194022540884 0.000830119014674 0.00398445498112 0.00269296321305 0.00411565994817 0.00180553002148 0.00337096523466 0.00328884505421 0.0013232813571 0.00177180313716 0.00469205983976 0.00183580691306 0.00126144371534 0.00237489587656 0.00280576625007 
0.00374196665158 0.0230076077653 0.00231316829653 0.000969373358598 0.00397138553486 0.00176872588168 0.00276812458456 0.00189870030475 0.0014354022774 0.00129373172897 0.000807279591926 0.00241571952943 0.000839965376548 0.00144672292185 0.00385489155468 0.0018934281603 0.00010952456974 0.00109768950227 0.0015935794301 0.00238399445807 0.00114160373352 0.00101881796053 0.00159922530941 0.000829975645922 0.00342517852447 0.00161959302343 0.000597328498544 0.0017093917839 0.00126488505468 0.00228506364473 
0.000438023356298 0.00231316829653 0.0131974183837 0.000843033561343 0.000867784431447 0.00431520844587 0.000975359216288 0.000781345367668 0.00140579430452 0.00311316800083 0.000368445706839 0.00308394426349 0.00202556969408 -4.48012248834e-05 0.00247065672112 0.00378501915304 0.0023953803657 0.00175317366968 0.000854060126595 0.00153198385831 0.00130723071134 -0.00107064798658 0.00211876040586 0.00169493190831 0.000533765089445 0.00141955231844 0.00155711847325 0.00132344043707 0.00313498437029 0.00278414686243 
0.00274152272615 0.000969373358598 0.000843033561343 0.0140800216967 0.00077166018569 0.00110508802942 0.00168763588514 0.000393690553688 0.00277852142975 0.000710053135278 0.0013386768439 0.000838023850982 0.00125450933411 0.000429185248805 0.00143138958071 0.000386890991648 0.000943572356758 0.0016780548258 0.00016047851163 0.00139109999638 0.00202136286208 0.00190158018591 0.000481300506962 0.000996729436838 0.00175609818944 -8.78564721773e-05 0.00118193052904 0.000971921518774 0.000369747036816 0.000721060404255 
0.00841848277721 0.00397138553486 0.000867784431447 0.00077166018569 0.0420418125929 0.00069770946612 0.00288075291652 0.00250264604325 0.00191748433809 -0.000600080844821 0.00135603595065 0.00216517206439 -0.000775314339417 0.00189160599878 0.00115724433032 -0.00114650311547 0.00151038171389 0.0048526213318 0.002019540416 0.00170566944271 0.000749819634495 0.000760800546802 0.00107664961142 0.00145563427395 0.00198607045146 0.00281955570075 0.00229117153375 0.00207069373377 -0.00183924256217 0.0034748334339 
0.000419640754308 0.00176872588168 0.00431520844587 0.00110508802942 0.00069770946612 0.0116023788471 5.66239874333e-05 0.000924063264782 0.000784467205781 0.00301361450239 0.000827021359953 0.00177210162515 0.00145954298249 0.000832685081459 0.00177940419866 0.00353691080048 0.00123583743348 0.00223612938535 0.00125786596911 0.000651390426486 0.000968396321089 0.000678781406129 0.00105259986201 0.00129122226319 -0.000445307833499 0.00237028315192 0.00151258409202 0.00169036523314 0.00148707406773 0.00222166378286 
0.00277633388285 0.00276812458456 0.000975359216288 0.00168763588514 0.00288075291652 5.66239874333e-05 0.0366789446937 -8.30731134445e-05 0.00250723523615 -0.000814860393954 -0.0009676462173 0.000918906445347 0.00457728913245 0.00252513847372 0.00184944451754 0.000861795698904 -0.000678162941257 0.00201452914432 0.000585598733771 0.000309603108211 0.00159665170026 0.000448176735498 -0.000470363606358 0.000719718411773 -0.000379954063229 -0.000825495539998 -0.000305210288696 -0.000294030609849 -0.000189995899695 0.00103308264352 
0.00201641038992 0.00189870030475 0.000781345367668 0.000393690553688 0.00250264604325 0.000924063264782 -8.30731134445e-05 0.0166087627159 0.00107336724255 0.00206535871933 0.00240231287233 0.00236605583593 0.00177987571179 0.00145402529559 -0.000614754239988 0.000408732324651 0.000494188176152 0.00503367913197 0.000977113181117 0.00102849394963 0.000757025504845 0.000152057393959 -0.000333116444586 0.000235116034106 0.000875661325157 0.00235569747582 -0.000356110996614 0.00180973185894 -9.5946747146e-05 0.00238687643488 
0.00132293943899 0.0014354022774 0.00140579430452 0.00277852142975 0.00191748433809 0.000784467205781 0.00250723523615 0.00107336724255 0.0161608118939 0.000546944969547 0.000937678505447 0.00206781452201 0.00134695994338 0.00250651439454 0.000762663608621 -0.000528880277113 0.000115483210317 0.000914866015245 0.00105752328259 0.0021046631784 0.00222649159805 0.00122232846164 0.00110905293764 0.00121147482906 0.00185982412058 0.00131338005332 0.00387482032055 0.00209406723381 0.000686890107778 0.00240063067281 
0.00345583858423 0.00129373172897 0.00311316800083 0.000710053135278 -0.000600080844821 0.00301361450239 -0.000814860393954 0.00206535871933 0.000546944969547 0.0249618406067 0.000782371178242 0.00305226077419 -0.000759698791594 0.00058036346225 0.00372844796535 0.00313523635335 0.00212626695275 0.00505298078365 0.000937056689663 -0.000297381347865 0.000595370647311 0.00282656067711 0.00135187969865 0.00161955235224 0.00320048244076 0.00183110839433 0.00185912948205 0.00128285685901 0.00202964893948 0.00404577109346 
0.00327211395638 0.000807279591926 0.000368445706839 0.0013386768439 0.00135603595065 0.000827021359953 -0.0009676462173 0.00240231287233 0.000937678505447 0.000782371178242 0.036064595177 0.00265417612672 0.00518439435603 0.00216703526889 0.0014482864936 0.00215251942711 0.00139771801431 0.0053647294983 0.00155784763197 0.00145624103634 0.00312956446757 8.32074319397e-05 0.00116488074542 0.00152480325511 7.45915938759e-05 0.003541200699 0.00351107207763 0.00286017448628 -0.000639337399427 0.00197929786062 
0.00298401606974 0.00241571952943 0.00308394426349 0.000838023850982 0.00216517206439 0.00177210162515 0.000918906445347 0.00236605583593 0.00206781452201 0.00305226077419 0.00265417612672 0.0202947596558 0.000191616688825 0.000576482070755 0.00206496627618 0.00272736700946 0.00139940602309 0.00669398721596 0.00202809495708 0.00322029878509 0.00223332413009 0.00269029591778 0.00241341923406 0.00183101088501 0.00140034559716 0.00320583942028 0.000946605987801 0.00173244365751 0.00342141974818 0.00559909465491 
0.000580518596405 0.000839965376548 0.00202556969408 0.00125450933411 -0.000775314339417 0.00145954298249 0.00457728913245 0.00177987571179 0.00134695994338 -0.000759698791594 0.00518439435603 0.000191616688825 0.0481528132117 0.00247226052102 0.000490611514948 0.00585618964367 -0.00295117125009 0.000882821061806 -0.000596159370144 0.00189356217789 0.000979378978869 0.00164317148899 0.001244968316 0.000380042476889 0.0016357272808 0.00154222605171 0.000451023478735 0.000102711638074 8.39124992854e-05 0.000455530857615 
0.00120727269438 0.00144672292185 -4.48012248834e-05 0.000429185248805 0.00189160599878 0.000832685081459 0.00252513847372 0.00145402529559 0.00250651439454 0.00058036346225 0.00216703526889 0.000576482070755 0.00247226052102 0.0321956473003 0.00759139024535 0.00298925738756 5.4680980568e-06 0.00667506546328 -0.000490638817782 0.00261452419888 5.39636293253e-05 0.000226448715017 0.0011274674278 0.00162192412761 -0.00131968610945 0.00228899387019 0.0020257239065 0.00165538061143 0.00251754696153 0.00151503777137 
0.00464465810353 0.00385489155468 0.00247065672112 0.00143138958071 0.00115724433032 0.00177940419866 0.00184944451754 -0.000614754239988 0.000762663608621 0.00372844796535 0.0014482864936 0.00206496627618 0.000490611514948 0.00759139024535 0.0446306227359 0.0019758717137 0.00126679733051 0.00347519992466 0.000297176158882 0.00143057882248 0.00114976986862 0.00175341497664 0.00279711417352 0.000454793576753 0.00295628734801 0.000917596651189 0.00227235451942 0.00337821550869 0.00424254736839 0.00246933110899 
0.00194022540884 0.0018934281603 0.00378501915304 0.000386890991648 -0.00114650311547 0.00353691080048 0.000861795698904 0.000408732324651 -0.000528880277113 0.00313523635335 0.00215251942711 0.00272736700946 0.00585618964367 0.00298925738756 0.0019758717137 0.0509040345839 0.00145145383801 0.000930505831221 0.00308321196654 -0.000178286759568 0.000608031577259 -3.94553819143e-05 0.00110320512177 -0.000853648163341 -0.00298448189989 0.00144452122579 -0.000815875117055 0.00177771777921 0.0194427804073 0.00364965554174 
0.000830119014674 0.00010952456974 0.0023953803657 0.000943572356758 0.00151038171389 0.00123583743348 -0.000678162941257 0.000494188176152 0.000115483210317 0.00212626695275 0.00139771801431 0.00139940602309 -0.00295117125009 5.4680980568e-06 0.00126679733051 0.00145145383801 0.0305251582457 0.000770566036009 -0.000196033556028 2.02721015583e-05 0.000377453483496 0.00349197437415 0.000393499816997 -0.000629863885408 0.00119296819306 -0.000253388645478 -0.00130353015779 0.00223653773997 -0.000796895802582 0.00173729627593 
0.00398445498112 0.00109768950227 0.00175317366968 0.0016780548258 0.0048526213318 0.00223612938535 0.00201452914432 0.00503367913197 0.000914866015245 0.00505298078365 0.0053647294983 0.00669398721596 0.000882821061806 0.00667506546328 0.00347519992466 0.000930505831221 0.000770566036009 0.0584281213418 0.00102336638596 0.00233667464674 -0.000345084886596 -0.000273669286327 0.00169308501473 0.00137968266167 -0.000194740485571 0.00262210203732 0.00579938515349 0.00560599876948 0.00187517654327 0.00342131454953 
0.00269296321305 0.0015935794301 0.000854060126595 0.00016047851163 0.002019540416 0.00125786596911 0.000585598733771 0.000977113181117 0.00105752328259 0.000937056689663 0.00155784763197 0.00202809495708 -0.000596159370144 -0.000490638817782 0.000297176158882 0.00308321196654 -0.000196033556028 0.00102336638596 0.0189183407291 0.00171205010449 0.00231953344349 -0.000189281334141 0.00189977285304 -0.000382341362401 1.47170814358e-05 0.00233410316166 -0.000223749492909 0.000657068855459 0.0032379541021 0.00146148588917 
0.00411565994817 0.00238399445807 0.00153198385831 0.00139109999638 0.00170566944271 0.000651390426486 0.000309603108211 0.00102849394963 0.0021046631784 -0.000297381347865 0.00145624103634 0.00322029878509 0.00189356217789 0.00261452419888 0.00143057882248 -0.000178286759568 2.02721015583e-05 0.00233667464674 0.00171205010449 0.0134984554239 0.00401783082351 0.000856719693007 0.0022322612802 -0.000643763454234 0.00234620207575 0.00308256493338 0.00150276243695 0.0017188618152 0.000997093273276 0.00168227177857 
0.00180553002148 0.00114160373352 0.00130723071134 0.00202136286208 0.000749819634495 0.000968396321089 0.00159665170026 0.000757025504845 0.00222649159805 0.000595370647311 0.00312956446757 0.00223332413009 0.000979378978869 5.39636293253e-05 0.00114976986862 0.000608031577259 0.000377453483496 -0.000345084886596 0.00231953344349 0.00401783082351 0.0188670069684 0.00109376444744 0.00301122763356 0.00146309784892 0.0030580368842 0.00336970243364 0.000153629070518 0.000608410981229 0.00148672843571 0.000963867342812 
0.00337096523466 0.00101881796053 -0.00107064798658 0.00190158018591 0.000760800546802 0.000678781406129 0.000448176735498 0.000152057393959 0.00122232846164 0.00282656067711 8.32074319397e-05 0.00269029591778 0.00164317148899 0.000226448715017 0.00175341497664 -3.94553819143e-05 0.00349197437415 -0.000273669286327 -0.000189281334141 0.000856719693007 0.00109376444744 0.0271433101113 0.000994435042768 -0.000765395193836 0.00198106328565 0.000964325907899 0.00174646388823 0.00288583610699 -0.000532399036418 0.00197191162362 
0.00328884505421 0.00159922530941 0.00211876040586 0.000481300506962 0.00107664961142 0.00105259986201 -0.000470363606358 -0.000333116444586 0.00110905293764 0.00135187969865 0.00116488074542 0.00241341923406 0.001244968316 0.0011274674278 0.00279711417352 0.00110320512177 0.000393499816997 0.00169308501473 0.00189977285304 0.0022322612802 0.00301122763356 0.000994435042768 0.019256009353 0.000629944599748 0.00385832382662 0.00459805434824 -0.00015851751884 0.000750703579696 0.00146306395935 0.00144408117 
0.0013232813571 0.000829975645922 0.00169493190831 0.000996729436838 0.00145563427395 0.00129122226319 0.000719718411773 0.000235116034106 0.00121147482906 0.00161955235224 0.00152480325511 0.00183101088501 0.000380042476889 0.00162192412761 0.000454793576753 -0.000853648163341 -0.000629863885408 0.00137968266167 -0.000382341362401 -0.000643763454234 0.00146309784892 -0.000765395193836 0.000629944599748 0.0197343962761 0.00302218595736 0.00136536665818 0.000859708107072 -0.000532392077023 8.06858050445e-05 0.000665615758721 
0.00177180313716 0.00342517852447 0.000533765089445 0.00175609818944 0.00198607045146 -0.000445307833499 -0.000379954063229 0.000875661325157 0.00185982412058 0.00320048244076 7.45915938759e-05 0.00140034559716 0.0016357272808 -0.00131968610945 0.00295628734801 -0.00298448189989 0.00119296819306 -0.000194740485571 1.47170814358e-05 0.00234620207575 0.0030580368842 0.00198106328565 0.00385832382662 0.00302218595736 0.0314765979101 0.00484921581796 -0.00119702378714 0.000239010522576 -0.000195333565675 0.00271961448709 
0.00469205983976 0.00161959302343 0.00141955231844 -8.78564721773e-05 0.00281955570075 0.00237028315192 -0.000825495539998 0.00235569747582 0.00131338005332 0.00183110839433 0.003541200699 0.00320583942028 0.00154222605171 0.00228899387019 0.000917596651189 0.00144452122579 -0.000253388645478 0.00262210203732 0.00233410316166 0.00308256493338 0.00336970243364 0.000964325907899 0.00459805434824 0.00136536665818 0.00484921581796 0.0180838542082 0.00274208032015 0.0016949984284 0.000404839363944 0.00293909945032 
0.00183580691306 0.000597328498544 0.00155711847325 0.00118193052904 0.00229117153375 0.00151258409202 -0.000305210288696 -0.000356110996614 0.00387482032055 0.00185912948205 0.00351107207763 0.000946605987801 0.000451023478735 0.0020257239065 0.00227235451942 -0.000815875117055 -0.00130353015779 0.00579938515349 -0.000223749492909 0.00150276243695 0.000153629070518 0.00174646388823 -0.00015851751884 0.000859708107072 -0.00119702378714 0.00274208032015 0.0293965135164 0.00229446175934 0.00174423867008 0.00301148971293 
0.00126144371534 0.0017093917839 0.00132344043707 0.000971921518774 0.00207069373377 0.00169036523314 -0.000294030609849 0.00180973185894 0.00209406723381 0.00128285685901 0.00286017448628 0.00173244365751 0.000102711638074 0.00165538061143 0.00337821550869 0.00177771777921 0.00223653773997 0.00560599876948 0.000657068855458 0.0017188618152 0.000608410981229 0.00288583610699 0.000750703579696 -0.000532392077023 0.000239010522576 0.0016949984284 0.00229446175934 0.0177423855308 0.00289900968278 0.00171426855899 
0.00237489587656 0.00126488505468 0.00313498437029 0.000369747036816 -0.00183924256217 0.00148707406773 -0.000189995899695 -9.5946747146e-05 0.000686890107778 0.00202964893948 -0.000639337399427 0.00342141974818 8.39124992854e-05 0.00251754696153 0.00424254736839 0.0194427804073 -0.000796895802582 0.00187517654327 0.0032379541021 0.000997093273276 0.00148672843571 -0.000532399036418 0.00146306395935 8.06858050445e-05 -0.000195333565675 0.000404839363944 0.00174423867008 0.00289900968278 0.0416837277664 0.00216120099157 
0.00280576625006 0.00228506364473 0.00278414686243 0.000721060404255 0.0034748334339 0.00222166378286 0.00103308264352 0.00238687643488 0.00240063067281 0.00404577109346 0.00197929786062 0.00559909465491 0.000455530857615 0.00151503777137 0.00246933110899 0.00364965554174 0.00173729627593 0.00342131454953 0.00146148588917 0.00168227177857 0.000963867342812 0.00197191162362 0.00144408117 0.000665615758721 0.00271961448709 0.00293909945032 0.00301148971293 0.00171426855899 0.00216120099157 0.0160773361663 

['GDW', 'BSC', 'AEE', 'RRD', 'HSP', 'DTE', 'AV', 'ECL', 'IFF', 'UST', 'TSG', 'PCL', 'SUNW', 'KLAC', 'ERTS', 'EOG', 'STZ', 'VMC', 'CIT', 'JPM', 'SAFC', 'TJX', 'PNC', 'MKC', 'LUV', 'MEL', 'DE', 'LLL', 'RIG', 'ASN']