20
0.0283013122104 0.105790735219 0.0498631258667 0.0415957971797 0.0288411222523 0.0914492870129 0.00154943769328 0.170228010564 0.00642009941462 0.10004428458 0.101218808556 0.0445332570478 0.0493870590102 0.00859756350963 0.0756818342608 0.104550469133 0.134627172929 0.0309991269713 0.0573021249509 0.0482129600444 
0.217108753162 0.0137326652803 0.015041179819 0.0133146077501 0.0120295625608 0.0197546597644 0.0171935876312 0.00960622392907 0.0102730872271 -0.0217014407528 0.0162994101411 0.0113928471202 -0.00243123996571 0.0137149655558 0.0197546934657 0.0267310411607 0.0120794742564 0.0274370607518 0.00186731458156 0.0181536933596 
0.0137326652803 0.362681212942 0.0175138317516 0.0283065044418 0.0275770775241 0.0377375768269 0.0204166989734 0.0454950139451 0.0266550808972 0.0091483118748 0.0196214709529 0.00256900384698 0.0140212673282 0.0255715636304 0.0183762555155 0.0274825575391 -0.0165706350861 0.0353279938756 0.0487790618989 0.0152500695426 
0.015041179819 0.0175138317516 0.311922401028 0.0189741622609 0.0401110967528 0.0525485057199 0.00924790995302 0.0362616977524 0.0411084259296 -0.0359914603916 0.027955725147 -0.000403674538335 0.0187474963191 0.0238134012093 0.0234702034043 0.00514068336316 0.0288271657509 -0.0184396210695 0.0244868923369 0.0214685356209 
0.0133146077501 0.0283065044418 0.0189741622609 0.260834298546 0.0274514244557 0.0514951723638 0.00885791654391 0.0334534203973 0.0190498448011 0.042888057645 0.0356868440136 0.0145645156758 0.0260822993707 0.0204841355523 0.010992861798 0.0255682891572 0.0339295262554 0.0275353794599 0.0188097990644 0.0252186536946 
0.0120295625608 0.0275770775241 0.0401110967528 0.0274514244557 0.196899917738 0.0472729023089 0.0072990331723 -0.00642655583134 0.0188494173157 0.0207781950351 0.0177989639711 0.0214095010051 0.0257544777017 0.0074046275106 0.0220790751143 -0.00196270052496 -0.00125367368267 0.00323496468763 0.0169451428584 0.0185367917342 
0.0197546597644 0.0377375768269 0.0525485057199 0.0514951723638 0.0472729023089 0.484073607443 0.0282047088219 0.054199283408 0.0292107248869 0.0660965482711 0.0652573677798 0.0194730323872 0.0570254886456 0.0288981225513 0.055052347311 0.0350812739492 0.0315974673304 0.0365477052952 0.0883014284609 0.0268466478584 
0.0171935876312 0.0204166989734 0.00924790995302 0.00885791654391 0.0072990331723 0.0282047088219 0.291234691195 -0.0147420243615 0.0160405270667 0.0634655004854 0.000245928184671 0.00227133589477 0.0117004521911 -0.0212468349863 0.00511020099442 0.0139279846043 0.0245033782198 0.0128658847142 0.0414772306742 -0.00287249756233 
0.00960622392907 0.0454950139451 0.0362616977524 0.0334534203973 -0.00642655583134 0.054199283408 -0.0147420243615 0.587980903539 0.00352635341815 0.0049483285154 0.00868628002852 -0.0015663731282 0.00359353363262 -0.0112582941889 0.00252639714567 0.0565579484973 0.0347547291611 0.0257809328848 0.0236370042758 0.0371496818573 
0.0102730872271 0.0266550808972 0.0411084259296 0.0190498448011 0.0188494173157 0.0292107248869 0.0160405270667 0.00352635341815 0.18010945795 0.0227182214846 0.0205726653458 0.00681934908509 0.015812372492 0.021737818095 0.0173807134879 0.00840639687398 0.00226951819823 0.00291550682726 0.00805962175963 0.0130346337763 
-0.0217014407528 0.0091483118748 -0.0359914603916 0.042888057645 0.0207781950351 0.0660965482711 0.0634655004854 0.0049483285154 0.0227182214846 0.508976758928 0.0626918575212 0.0210320167867 0.0361561693095 0.0356894469404 -0.00570990581605 0.0953238514884 -0.00510578372439 0.0504563904384 0.0446046555615 0.0564766147435 
0.0162994101411 0.0196214709529 0.027955725147 0.0356868440136 0.0177989639711 0.0652573677798 0.000245928184671 0.00868628002852 0.0205726653458 0.0626918575212 0.344382459869 0.0177335288 0.021516249326 0.0299168574579 0.0128109914816 0.0120118520246 0.0491166348564 0.00876285081907 0.0449554713745 0.0233744477117 
0.0113928471202 0.00256900384698 -0.000403674538335 0.0145645156758 0.0214095010051 0.0194730323872 0.00227133589477 -0.0015663731282 0.00681934908509 0.0210320167867 0.0177335288 0.192688075658 -0.00468445690003 0.0350624995338 -0.00398264850355 0.0207019569848 0.00722648437104 -0.00294438241515 0.0163665627764 0.00540404729283 
-0.00243123996571 0.0140212673282 0.0187474963191 0.0260822993707 0.0257544777017 0.0570254886456 0.0117004521911 0.00359353363262 0.015812372492 0.0361561693095 0.021516249326 -0.00468445690003 0.218347442268 0.0012066503722 0.016012247075 0.00924024245954 0.0158082833362 0.0187364261633 0.0281827464223 0.00526644747189 
0.0137149655558 0.0255715636304 0.0238134012093 0.0204841355523 0.0074046275106 0.0288981225513 -0.0212468349863 -0.0112582941889 0.021737818095 0.0356894469404 0.0299168574579 0.0350624995338 0.0012066503722 0.232811510249 0.0253619495818 0.0236654336749 0.0269974105513 0.0122081235417 0.0152440131624 0.00568956311988 
0.0197546934657 0.0183762555155 0.0234702034043 0.010992861798 0.0220790751143 0.055052347311 0.00511020099442 0.00252639714567 0.0173807134879 -0.00570990581605 0.0128109914816 -0.00398264850355 0.016012247075 0.0253619495818 0.226072114472 0.00421713732089 0.0216094490527 0.0377649450518 0.00236348404944 0.0229860151023 
0.0267310411607 0.0274825575391 0.00514068336316 0.0255682891572 -0.00196270052496 0.0350812739492 0.0139279846043 0.0565579484973 0.00840639687398 0.0953238514884 0.0120118520246 0.0207019569848 0.00924024245954 0.0236654336749 0.00421713732089 0.53990334807 0.0781284420942 0.0254483017144 -0.00105234988762 0.0127974292835 
0.0120794742564 -0.0165706350861 0.0288271657509 0.0339295262554 -0.00125367368267 0.0315974673304 0.0245033782198 0.0347547291611 0.00226951819823 -0.00510578372439 0.0491166348564 0.00722648437104 0.0158082833362 0.0269974105513 0.0216094490527 0.0781284420942 0.740937754473 0.00605949698286 0.00191126208748 0.00878107261687 
0.0274370607518 0.0353279938756 -0.0184396210695 0.0275353794599 0.00323496468763 0.0365477052952 0.0128658847142 0.0257809328848 0.00291550682726 0.0504563904384 0.00876285081907 -0.00294438241515 0.0187364261633 0.0122081235417 0.0377649450518 0.0254483017144 0.00605949698286 0.482421844279 0.0437695080046 0.0257134516027 
0.00186731458156 0.0487790618989 0.0244868923369 0.0188097990644 0.0169451428584 0.0883014284609 0.0414772306742 0.0236370042758 0.00805962175963 0.0446046555615 0.0449554713745 0.0163665627764 0.0281827464223 0.0152440131624 0.00236348404944 -0.00105234988762 0.00191126208748 0.0437695080046 0.318214124529 0.0245730811356 
0.0181536933596 0.0152500695426 0.0214685356209 0.0252186536946 0.0185367917342 0.0268466478584 -0.00287249756233 0.0371496818573 0.0130346337763 0.0564766147435 0.0233744477117 0.00540404729283 0.00526644747189 0.00568956311988 0.0229860151023 0.0127974292835 0.00878107261687 0.0257134516027 0.0245730811356 0.291472851159 
0.0188021695623 0.00118928369944 0.00130260438262 0.0011530788553 0.0010417906774 0.00171080371991 0.00148900836708 0.000831923395702 0.0008896754514 -0.00187939989907 0.00141157032489 0.000986649502749 -0.0002105515573 0.00118775085834 0.00171080663853 0.00231497607148 0.00104611315704 0.00237611916163 0.000161714186449 0.0015721559622 
0.00118928369944 0.0314091143883 0.00151674232145 0.0024514151939 0.0023882449698 0.00326817002094 0.00176813799724 0.0039399837822 0.00230839771969 0.000792267048532 0.00169926923048 0.00022248225939 0.00121427736995 0.00221456237185 0.00159143041028 0.00238005929899 -0.00143505909414 0.0030594940161 0.00422439067772 0.00132069476334 
0.00130260438262 0.00151674232145 0.02701327233 0.00164321065335 0.00347372287615 0.00455083408843 0.000800892495123 0.00314035514379 0.00356009411646 -0.00311695190184 0.00242103681585 -3.49592405059e-05 0.00162358080697 0.00206230103978 0.00203257923801 0.000445196238531 0.00249650578594 -0.00159691802823 0.00212062708235 0.00185922972298 
0.0011530788553 0.0024514151939 0.00164321065335 0.0225889128719 0.00237736309487 0.00445961274393 0.000767118075163 0.00289715119076 0.00164976495359 0.00371421474395 0.00309057134967 0.00126132405691 0.00225879338441 0.00177397817629 0.000952009757736 0.00221427879414 0.00293838316755 0.00238463381152 0.00162897638298 0.00218399947488 
0.0010417906774 0.0023882449698 0.00347372287615 0.00237736309487 0.0170520330764 0.00409395343101 0.000632114815028 -0.000556556060878 0.00163240742419 0.00179944447451 0.00154143549601 0.00185411717528 0.00223040319508 0.000641259552974 0.0019121039941 -0.000169974851464 -0.000108571325725 0.000280156159983 0.00146749241861 0.00160533325465 
0.00171080371991 0.00326817002094 0.00455083408843 0.00445961274393 0.00409395343101 0.0419220041347 0.00244259943461 0.00469379562983 0.0025297229815 0.00572412899052 0.00565145382814 0.0016864140736 0.00493855218303 0.00250265082511 0.00476767313093 0.00303812744372 0.00273642094034 0.00316512412357 0.00764712802376 0.00232498790518 
0.00148900836708 0.00176813799724 0.000800892495123 0.000767118075163 0.000632114815028 0.00244259943461 0.0252216641038 -0.00127669676002 0.00138915039298 0.00549627356842 2.12980055431e-05 0.00019670345854 0.00101328888333 -0.00184002988482 0.000442556387961 0.00120619884909 0.00212205480169 0.00111421830047 0.00359203354425 -0.000248765586129 
0.000831923395702 0.0039399837822 0.00314035514379 0.00289715119076 -0.000556556060878 0.00469379562983 -0.00127669676002 0.0509206399405 0.000305391164284 0.00042853782006 0.000752253916909 -0.000135651892083 0.000311209141521 -0.000974996877086 0.00021879241082 0.00489806201846 0.00300984783551 0.00223269428115 0.00204702461722 0.0032172568231 
0.0008896754514 0.00230839771969 0.00356009411646 0.00164976495359 0.00163240742419 0.0025297229815 0.00138915039298 0.000305391164284 0.0155979366047 0.00196745569345 0.0017816450813 0.000590572954496 0.00136939162721 0.00188255026931 0.00150521394164 0.000728015324716 0.000196546041402 0.000252490297731 0.000697983718874 0.00112883239793 
-0.00187939989907 0.000792267048532 -0.00311695190184 0.00371421474395 0.00179944447451 0.00572412899052 0.00549627356842 0.00042853782006 0.00196745569345 0.0440786803167 0.00542927412238 0.00182142608301 0.00313121611255 0.00309079676974 -0.000494492348992 0.00825528769755 -0.000442173841155 0.0043696515903 0.00386287648433 0.00489101830876 
0.00141157032489 0.00169926923048 0.00242103681585 0.00309057134967 0.00154143549601 0.00565145382814 2.12980055431e-05 0.000752253916909 0.0017816450813 0.00542927412238 0.0298243958865 0.00153576864396 0.00186336185104 0.00259087585599 0.00110946440707 0.00104025689998 0.0042536253534 0.000758885141889 0.00389325802495 0.00202428655178 
0.000986649502749 0.00022248225939 -3.49592405059e-05 0.00126132405691 0.00185411717528 0.0016864140736 0.00019670345854 -0.000135651892083 0.000590572954496 0.00182142608301 0.00153576864396 0.0166872768526 -0.000405685867836 0.00303650153164 -0.000344907477842 0.00179284206569 0.000625831904537 -0.000254990996998 0.0014173859137 0.000468004223885 
-0.0002105515573 0.00121427736995 0.00162358080697 0.00225879338441 0.00223040319508 0.00493855218303 0.00101328888333 0.000311209141521 0.00136939162721 0.00313121611255 0.00186336185104 -0.000405685867836 0.0189094431856 0.000104498987581 0.00138670127386 0.000800228470709 0.00136903749594 0.00162262210336 0.00244069743501 0.000456087729835 
0.00118775085834 0.00221456237185 0.00206230103978 0.00177397817629 0.000641259552974 0.00250265082511 -0.00184002988482 -0.000974996877086 0.00188255026931 0.00309079676974 0.00259087585599 0.00303650153164 0.000104498987581 0.0201620682169 0.00219640926273 0.0020494866754 0.00233804433738 0.00105725451197 0.00132017026543 0.000492730619825 
0.00171080663853 0.00159143041028 0.00203257923801 0.000952009757736 0.0019121039941 0.00476767313093 0.000442556387961 0.00021879241082 0.00150521394164 -0.000494492348992 0.00110946440707 -0.000344907477841 0.00138670127386 0.00219640926273 0.019578419422 0.000365214805114 0.00187143318414 0.00327054017874 0.000204683722825 0.00199064730103 
0.00231497607148 0.00238005929899 0.000445196238531 0.00221427879414 -0.000169974851464 0.00303812744372 0.00120619884909 0.00489806201846 0.000728015324716 0.00825528769755 0.00104025689998 0.00179284206569 0.000800228470709 0.0020494866754 0.000365214805114 0.0467570015017 0.00676612156117 0.00220388757679 -9.1136173635e-05 0.00110828988627 
0.00104611315704 -0.00143505909414 0.00249650578594 0.00293838316755 -0.000108571325725 0.00273642094034 0.00212205480169 0.00300984783551 0.000196546041402 -0.000442173841155 0.0042536253534 0.000625831904537 0.00136903749594 0.00233804433738 0.00187143318414 0.00676612156117 0.0641670917996 0.000524767832131 0.000165520152105 0.000760463195869 
0.00237611916163 0.0030594940161 -0.00159691802823 0.00238463381152 0.000280156159983 0.00316512412357 0.00111421830047 0.00223269428115 0.000252490297731 0.0043696515903 0.000758885141889 -0.000254990996998 0.00162262210336 0.00105725451197 0.00327054017874 0.00220388757679 0.000524767832131 0.0417789572486 0.00379055058431 0.00222685023069 
0.000161714186449 0.00422439067772 0.00212062708235 0.00162897638298 0.00146749241861 0.00764712802376 0.00359203354425 0.00204702461722 0.000697983718874 0.00386287648433 0.00389325802495 0.0014173859137 0.00244069743501 0.00132017026543 0.000204683722825 -9.1136173635e-05 0.000165520152105 0.00379055058431 0.0275581515685 0.00212809125127 
0.0015721559622 0.00132069476334 0.00185922972298 0.00218399947488 0.00160533325465 0.00232498790518 -0.000248765586129 0.0032172568231 0.00112883239793 0.00489101830876 0.00202428655178 0.000468004223885 0.000456087729835 0.000492730619825 0.00199064730103 0.00110828988627 0.000760463195869 0.00222685023069 0.00212809125127 0.0252422893618 

['BMY', 'SYMC', 'PRU', 'MTG', 'USB', 'KBH', 'SYY', 'GLW', 'AEE', 'BC', 'HET', 'DGX', 'CIT', 'TSN', 'CAH', 'NSM', 'DDS', 'ZMH', 'GPS', 'BMS']