60
0.080702843163 0.0998681056981 0.05514883533 0.022775665512 0.0463620133958 0.0301217617298 0.0423549004831 0.0247676168055 0.0243185800675 0.0070666509449 0.0842142990337 0.0370780174455 0.171628318037 0.0797862135264 0.0979044774238 0.0994766710856 0.399937027552 -0.00660692339257 0.204332601919 0.121962687623 0.0826231173305 0.106356452037 0.0571643700905 0.136929250297 0.0615160923796 0.0277880817415 0.100072423231 0.0169596300077 0.134627172929 0.123331646141 0.0422457423554 0.00633581846688 0.11775000089 0.0962618702605 0.0965978414643 0.134360436546 0.0534982218633 0.0444205393046 0.104550469133 0.12260521459 0.0571686925308 0.0363676427781 0.0697795953642 0.0415957971797 0.0594275332512 0.0800542827641 0.161692830297 0.025637758891 0.101670797752 0.0485945029431 0.0213104348082 0.0444525953717 0.0901624306535 0.0907505897935 0.0771685990004 0.035272852014 0.0917148498368 0.0194782181544 0.142595623168 0.0436793340255 
0.344349923729 0.0143872542584 0.165852264344 0.0198079377411 0.0239514164999 0.0123829014259 -0.0158748217342 0.00740818842924 0.0026533205084 0.00675311472622 0.0415039475714 -0.0110220055351 -0.00473035013646 -0.0125030171654 -0.0327897833703 -0.00482478927708 0.0413892086679 -0.00342036966146 0.089803337494 0.0753750825345 -0.00878496514669 0.167378054084 0.00852584684153 0.0266933117464 0.013087806388 0.00983057842301 -0.0154596953609 0.0377475499786 0.00177956331296 0.0103897414623 0.013637582851 -0.00862192891232 -0.0269861225213 0.0760046120428 -0.014447320875 0.00770389087646 0.00160009236963 0.0146618498334 0.079986604371 0.0267076437063 0.00628974677076 -0.00367778175753 0.034997904015 0.024865267704 -0.00897882159999 0.0102897161918 0.00528171307542 0.0200593346867 -0.00793786498196 -0.00195299186094 0.00637285110484 0.0931443988221 0.00498685304902 -0.0124089322496 0.0190039352595 -0.00814400740899 0.013650600751 0.00130986426604 0.0147762040675 0.0178245954067 
0.0143872542584 0.371311367305 0.0106036595244 0.0365758551427 0.0279333482622 -0.00943571108335 0.0315981456357 -0.00266749980183 0.0107310877 0.0101926090657 0.0204752624866 -0.0150587739434 0.0235933332789 0.0267806455923 -0.000339945493501 0.032891349164 0.0711519921919 0.0292307559352 0.00446202135587 0.00242671086962 0.00316208434456 -0.00897476067406 0.00660733819666 0.0297826045077 0.0186801669224 0.0188318551717 0.0468172146608 0.0218939843992 0.0335414691096 0.0778563746726 0.00058463324414 0.000877448519502 0.0149834899677 0.0410881596264 0.0352351951268 -0.0222781154409 0.00440109171634 0.00533252897766 0.0651184507478 0.00916732445703 0.00422198613126 0.0013746394855 0.0425606081391 0.0231242275088 -0.00476660518992 0.0660315585829 -0.000835886055291 0.00514244352885 0.00198942939801 0.0173631450864 0.0981272479768 0.003267704437 -0.00454976992067 0.0208065530391 0.0429480775744 -0.00153214349332 0.0221799360792 0.0246048842131 0.0840316871282 -0.000243785547994 
0.165852264344 0.0106036595244 0.317399380547 0.022583286635 0.0114460492646 0.00166746098195 -0.011691917891 0.00675551923135 0.0235552754088 -0.0124953133629 -0.0169201795954 0.00045468422626 0.0153433389464 0.00708264771031 -0.000541068880941 0.02476756695 0.0208103428922 -0.00534413506778 0.142126669344 0.0944238026304 0.0198575894362 0.139268378443 0.0073229584258 0.0138534245381 0.0116607405971 -0.0131248535216 -0.00874417233075 0.0308131623652 -0.00981403545226 -0.00045302794281 0.0086527566044 -0.00779535454949 0.0323021053504 0.0169084057529 -0.015697717923 0.028040457488 -0.00616671446968 0.0151132220158 0.0172417369658 0.0177805545113 0.0145704976609 0.00717309081536 0.0430057892298 0.0114848155689 0.00951034715008 0.00716391159033 0.00434791416759 0.000329689157198 0.0203631785584 -0.00101700003197 -0.0167896953983 0.0872733192158 0.000352663571515 -0.00277089340346 0.00973929672675 0.0180069067428 0.00305409547363 0.0177463003924 0.022419375789 0.019998487786 
0.0198079377411 0.0365758551427 0.022583286635 0.197734709145 -0.0189914874223 0.00921975080807 0.0144078571304 0.0243199035083 0.012961726379 0.014438227287 0.0168706746571 0.0184093188915 0.0193985001172 0.0184908545591 0.00360065303352 0.0341893655269 0.0206328155775 0.0277104775763 0.0708751604414 0.0192320672382 0.0186821136331 0.0448925220367 0.0214751762505 0.0382440479274 0.0201330485813 0.00966019345872 0.0228332124959 0.0325476119069 0.0176158561034 0.0377685242086 0.0128266835372 0.0146074504663 0.0548301288495 0.0297737336913 0.0346268630455 0.0290995634603 0.0194913415327 0.0404060082001 0.0176010783719 0.02507330509 0.00706865968101 0.0203512936274 0.0227563602032 0.0206080003559 0.0139812037357 0.0170127159847 0.0183586598779 0.0202382599196 0.0015171329085 0.0186573981927 0.0141992388485 0.0110109661833 0.0265747594833 0.0219706265402 0.0274593689135 0.0238038527588 0.0164866995749 0.0207268550389 0.0289962728865 0.01925914666 
0.0239514164999 0.0279333482622 0.0114460492646 -0.0189914874223 0.393825117048 -0.0099604841726 -0.0117109031522 0.013439836803 0.0120452587947 0.0217146717602 0.0103049241941 -0.000687212019774 0.00112135875718 0.0122661261164 -0.0122952627705 -0.00201013585133 0.00679578692729 0.00856056315776 -0.00877920536657 0.041107309955 0.0118723839321 0.000876056795217 0.0168352914649 0.0151003121268 0.0218907283069 0.00477478104005 -0.00141540567578 0.0158785854186 -0.00459775883112 0.0131485629886 0.0159777965053 0.0226506034477 -0.0139631720949 0.0434343166504 0.0535172039184 0.00818094321562 -0.00818748895335 0.0122168842692 -0.0109470800595 0.0171569612792 0.00651177747675 0.0205917090764 0.0113338826431 0.0165472858274 -0.00348794192118 0.00882859245114 -0.00121544478471 0.00473150189362 0.000684913819689 0.0359419982013 0.00257918534306 -0.00339001558376 0.0103143771892 0.0289002617164 0.0134796863725 0.000926981653219 0.0046593965104 0.0122580753727 0.00467443139206 0.0191284944683 
0.0123829014259 -0.00943571108335 0.00166746098195 0.00921975080807 -0.0099604841726 0.179573158343 -0.0288903381578 0.0120951106862 0.0123363849373 0.000219042206557 0.0111880242805 0.00888975064075 0.0217037920604 -0.000134216267797 0.0160411981687 -0.0167704631804 0.00593397342707 0.00964322448187 -0.0067279100463 0.0123801981071 -0.00180436150567 0.00676632814803 0.0189322597561 -0.00212375978459 0.0178146990917 0.0140847976293 0.00273450497036 -0.00407404390924 0.0123427585268 0.0135243048677 0.0073055004738 0.0266809540862 0.00279910995694 0.0113107709134 0.0201463472398 -0.0139413652478 0.0199500534519 0.00324558525169 -0.00702573032823 0.0158851022404 0.00216332250206 0.014358853393 0.00664797598457 0.00558094862784 0.00192447115175 0.0283086770275 -0.00759302530321 0.0156706507006 -0.0115816596528 0.0204639800678 -0.0105942950791 0.0100990892408 0.00565045521649 0.003821772999 0.0148734387216 0.00071835074705 0.0193460115388 0.00960135434178 0.00742567838575 0.00604618617084 
-0.0158748217342 0.0315981456357 -0.011691917891 0.0144078571304 -0.0117109031522 -0.0288903381578 0.205241079995 0.0165040834687 0.00180474497648 0.00685258907804 0.0128266873508 -0.00213405081958 0.0294076817201 0.0309255724795 0.00501075637265 0.0191926869162 0.0162678680103 0.0136866077807 -0.00302222493076 0.00955502581778 0.0111389344935 -0.00332064755329 0.0177833048583 0.01678615522 0.00744915760722 0.0190322004411 0.0204150551271 0.00205119414676 0.00147076880676 -0.0283608958169 -0.000655829743944 -0.0116068737081 0.0378302741636 0.0231775885648 0.0134481574843 0.00353668102884 -0.0237555644304 0.0117566919551 0.0322393549495 0.00351176278049 0.0172966780475 0.00773193314908 0.0161859623873 0.00788623481226 -0.00445602910162 0.0190220593084 0.0122723565945 0.013506525064 0.000781049249049 0.00832726047073 0.00929610100335 -0.00355000548606 -0.0134149670752 -0.000296841168121 0.00166124868881 0.0134575486855 -0.000617146085073 0.0124708939613 0.0280281999695 0.0188454879633 
0.00740818842924 -0.00266749980183 0.00675551923135 0.0243199035083 0.013439836803 0.0120951106862 0.0165040834687 0.10825800303 -0.0034370763656 0.00699776484838 0.0180724400464 0.0224019759907 0.0118325503857 0.0149613133164 0.00231631901024 -0.0100650751703 0.00174673269238 0.0196969477885 -0.0184696276986 0.0109440901669 0.00579293586836 0.00530624770657 0.00730871756837 0.00579463506407 0.023570784621 0.0166150059913 0.00344459403263 0.00740507166621 0.0106267983829 0.0186734390667 0.0141261614075 0.0151387172033 0.00892462285938 0.0231981268386 0.0134825301909 0.00528520043046 0.0242187922296 0.0125357617775 0.00560652244724 0.0327549573169 -0.0021698551541 0.00837065455188 0.00672245858873 0.0247895488884 0.0107782974303 0.0031303471652 -0.00229390255912 0.0401526339507 0.0111851623821 0.0223192133473 -0.0207813473833 0.00902982723407 0.0155785877292 0.00723577372879 0.00880864021092 0.0187069897222 0.00275311746096 0.0270652590521 0.0158459701471 0.0120398516324 
0.00265332050839 0.0107310877 0.0235552754088 0.012961726379 0.0120452587947 0.0123363849373 0.00180474497648 -0.0034370763656 0.209117543565 0.0109911337981 -0.0193392795358 -0.00148887961261 -0.00925631093718 -0.0121545315135 0.00968999462189 -0.00256322925495 0.0190255346206 0.00524477148967 -0.00560882152123 0.0182069204525 0.0222128036122 0.0257558317378 0.0234115510627 0.0257751218562 0.00928042658895 0.00952874172113 0.0123168907415 -0.0010530425512 0.0295535634197 0.0228083181652 0.00247117426397 0.0227132658566 -0.0434021600981 0.0269219432048 0.021030405774 -0.0138794098396 0.0239625670059 -0.00213866048514 0.000594662541017 0.0173488484131 -0.00613503431545 0.00255284844028 0.0359388186113 0.0319164107608 0.0268482336781 0.0269981444043 0.00448766628151 0.00175002850064 0.035926495642 0.00444717629302 0.0115232080032 0.00354816313479 -0.00305685468383 0.0136758181909 0.0260898614289 0.0108357453647 0.0270027357982 0.00745278949773 -0.00620835372078 -0.00661429532137 
0.00675311472622 0.0101926090657 -0.0124953133629 0.014438227287 0.0217146717602 0.000219042206558 0.00685258907804 0.00699776484838 0.0109911337981 0.164174167158 0.051473367659 -0.003255287209 0.0134900885245 0.00943528796092 -0.0173201251871 -0.00193393554566 0.00628314781494 0.00803672025482 -0.00174504539712 0.00559118622404 0.00664016030878 0.00119887340214 0.0105988981818 0.0170295105842 0.000503767561091 -0.00231511633232 0.0122303282032 -0.0128871992751 0.0224028058146 0.0247838246101 0.0165874612328 0.00359988055708 -0.0193390101351 -0.00305110415888 0.0115150497298 0.0117155098834 0.0102930229802 0.0243665849304 0.00434262214188 0.0032251874067 0.00140954041074 0.0183782237937 -0.00455553331483 0.0258032025368 -0.0036842836731 0.0248446815678 0.0122085430322 0.00972970260591 0.0164872367418 0.0172132937466 -0.00834191440096 0.00680056222209 0.00397571118275 -0.00217627908827 -0.00379366037585 0.0101160864951 0.00804295636674 -0.00292951613659 -0.0140844766878 0.0106766319141 
0.0415039475714 0.0204752624866 -0.0169201795954 0.0168706746571 0.0103049241941 0.0111880242805 0.0128266873508 0.0180724400464 -0.0193392795358 0.051473367659 0.506526355546 0.020450412931 0.0133779622397 0.00500773437302 0.0244319690194 0.0078944667873 0.0932303820051 -0.00217247856919 0.00535285871972 0.0713616213981 -0.0217482252428 0.0235225938916 0.0257389353716 -0.00493484240027 0.0323446514249 -0.000416286098661 0.0220632043752 0.00131992913744 0.0431292702113 0.0193964242754 0.0227339320463 0.0105494904418 -0.0493567688511 0.0210365465139 -0.0280880417865 0.0058572733759 0.0163069887827 0.0146112190091 0.0318336506614 0.0191998562772 0.000495148112173 0.00184988034446 -0.000225557521822 0.0347801748194 0.0063513325577 0.0426715336203 0.00305657470103 0.0242986681776 -0.00583099325988 0.00579143454751 0.030203513944 0.0401246297396 0.0492485207937 0.0436085203872 0.000476542565995 0.0217607194297 0.00403979542925 0.0265611138259 0.0113759278524 0.0350106870697 
-0.0110220055351 -0.0150587739434 0.000454684226259 0.0184093188915 -0.000687212019774 0.00888975064075 -0.00213405081958 0.0224019759907 -0.00148887961261 -0.003255287209 0.020450412931 0.171033584769 0.018476666953 0.0273138192743 0.0182818960052 0.0358706208106 0.0289338543894 0.00969241819832 -0.00364181883179 0.0292309782067 0.0182115703471 0.0077122487237 0.00964075749561 0.00490354268936 0.0141218355591 0.0201457788155 0.00356898901685 0.0163235901294 0.0129283348928 0.0298959279481 -0.000679420182863 0.00803887063597 0.0309282352942 0.0200110623273 0.000871823560581 -0.00131505538859 0.026759471656 0.0179038169885 8.08794106618e-05 0.0210001337375 0.0131174540872 0.00178274348339 0.0200068716933 0.0163979277992 0.0113367698932 0.008700308226 0.0355207720708 0.0224253073757 0.00742752400948 0.0196112794516 0.0207123662834 0.0153455348422 0.0720779698082 0.00102561231957 0.0223370696216 0.01598451818 0.0236782200194 0.0332570606961 -0.0175499940707 0.0209240542046 
-0.00473035013646 0.0235933332789 0.0153433389464 0.0193985001172 0.00112135875718 0.0217037920604 0.0294076817201 0.0118325503857 -0.00925631093718 0.0134900885245 0.0133779622397 0.018476666953 0.243238748339 -0.000984042087215 0.00293665026583 -0.000639616137341 0.0236386922054 0.0545393901317 0.0319901055922 0.0207011816139 0.019105618033 0.0271919551205 0.00379942196816 -0.0188870528926 0.00213874026023 0.026917963745 -0.0073435618284 0.0166474406642 0.0133600387565 -0.0193001753063 0.0189527224457 0.00785010086711 0.10475124076 0.0448891949954 0.0223986588531 0.013290361204 0.00202017726236 0.0264371279547 -0.000167051703095 0.00750023736998 0.0255949152102 0.024416795835 -0.00171786326739 0.0119510931934 0.0174165213342 0.0281116103134 0.026026825305 0.0326119021147 0.0325414105909 0.0173019651486 -0.00907566353047 0.0253329908747 0.0055031560179 0.0195151541462 0.0296367888934 0.00298324172348 0.0173133053791 0.0183525164814 0.0155688852163 0.00870813038685 
-0.0125030171654 0.0267806455923 0.00708264771031 0.0184908545591 0.0122661261164 -0.000134216267798 0.0309255724795 0.0149613133164 -0.0121545315135 0.00943528796092 0.00500773437302 0.0273138192743 -0.000984042087215 0.224958538385 0.0441386814291 0.00632162602924 0.0134263694665 0.0186719143897 -0.0268341443976 0.0127302364897 0.00961409073367 -0.000502758668606 0.0284733464953 0.0210045533954 0.0323226780602 0.0277002673079 -0.000837662889564 0.0173602369983 0.0406727339121 0.016223747664 0.00948575651774 0.0214226996739 0.018075197977 0.0136545753695 0.00867639815715 -0.00298015667264 0.0169151724006 -0.00146723244162 0.0205833795291 0.0298702574561 0.0142597054664 0.012994055682 0.0357195144667 0.0282284243391 -0.0066369789163 0.0119673997354 0.0218260682807 0.00400946947569 0.00726581569058 0.017033061256 0.00496425905833 -0.00616480793026 0.0122915781408 0.0198334615914 0.0249615934939 0.00715032534849 0.0184926211566 0.0294677467571 0.0263400506058 0.0334990225669 
-0.0327897833703 -0.000339945493502 -0.000541068880941 0.00360065303352 -0.0122952627705 0.0160411981687 0.00501075637265 0.00231631901023 0.00968999462189 -0.0173201251871 0.0244319690194 0.0182818960052 0.00293665026583 0.0441386814291 0.513096781529 0.0092869051231 0.0020648113711 0.0278341144672 0.0137064991249 0.0245843659867 0.0158671725426 -0.024862452697 0.0148429451353 0.0113534627614 0.0206543727338 0.0111015642773 0.0108009676574 0.0103536875642 0.023685233093 0.0215163674111 0.000757569526475 0.0292945445601 0.00840765185101 -0.0103816614195 0.0199434386427 -0.0231475221272 0.0109499643237 -0.00155823800367 0.0216834841371 0.0139703542519 0.00679490137189 0.0094803457672 0.00714332208634 0.0153618801679 -0.0046334461057 0.0445704905387 0.0202884087748 0.0390851329861 0.0125987688212 0.0244516524862 0.0113432212992 0.00852040322703 0.0421368152439 -0.00252838466185 -0.000853381112604 -0.00946737858715 0.00582296913602 0.0166182154236 0.0310269113738 -0.00310210907083 
-0.00482478927708 0.032891349164 0.02476756695 0.0341893655269 -0.00201013585133 -0.0167704631804 0.0191926869162 -0.0100650751703 -0.00256322925495 -0.00193393554566 0.0078944667873 0.0358706208106 -0.000639616137341 0.00632162602924 0.0092869051231 0.423799626647 0.00737954909216 0.00469651473801 0.0285631856613 0.00284112898749 -0.0159517097473 0.0733777149101 -0.00515483577932 0.00783779785309 -0.00771960460461 -0.0178701457744 0.0635769602276 0.00690027419928 0.00817512818732 0.0174176902994 0.00936472127054 0.0201638912763 -0.00516086351423 -0.0153162954263 0.0075815080605 -0.0047315839029 0.0006300445317 0.0280045877481 0.00699853644086 0.0129189701099 -0.00435400699672 0.00258841110922 0.0319436598035 0.00540735141302 0.0421988163883 0.0131099029795 0.0277600120229 0.0299256330118 0.0668780866167 0.00378585124067 0.0149745736926 0.0293242480462 0.00390036242872 0.00517907586203 0.032695212747 -0.00503777043723 0.0227870306857 0.0057835735296 7.74811373465e-05 0.0100854408648 
0.0413892086679 0.0711519921919 0.0208103428922 0.0206328155775 0.00679578692729 0.00593397342707 0.0162678680103 0.00174673269238 0.0190255346206 0.00628314781494 0.0932303820051 0.0289338543894 0.0236386922054 0.0134263694665 0.0020648113711 0.00737954909216 1.294665352 0.00886044200233 -0.00512070762593 0.0311200177647 -0.00964975689108 0.0813133586014 0.0107996864724 0.035204560492 0.00439613125897 -0.00181616950048 0.0291447159497 0.0149311012237 0.0343749325904 0.0030134228192 -0.0037058574221 0.028632288889 0.129777065996 0.0129715160578 0.0256464214332 0.0116081283063 -4.11728943176e-05 0.014578713986 0.114777834486 0.0172542494095 0.0151383482761 0.00380985116509 -0.00209096550072 0.0352294455962 -0.0131768251096 0.00229679823074 0.0827126669836 -0.0300842261261 0.0356606535713 0.00568242804744 0.071960347363 0.0202912437879 0.0451162924779 0.0811801684384 0.0227143522234 0.0320901083904 0.0144844123829 0.019194649261 0.118444768121 0.0347256345015 
-0.00342036966146 0.0292307559352 -0.00534413506778 0.0277104775763 0.00856056315776 0.00964322448187 0.0136866077807 0.0196969477885 0.00524477148967 0.00803672025482 -0.00217247856919 0.00969241819832 0.0545393901317 0.0186719143897 0.0278341144672 0.00469651473801 0.00886044200233 0.151511792722 -0.0194437232985 -0.00358073466425 0.0217294314565 0.00819802811308 0.0182712811928 0.00958459311311 0.00683135298056 0.0236464960981 0.00575883842643 0.00644033114765 0.0113344733996 0.0198524448491 0.0195300740554 0.0272132557328 0.041288130158 -0.000399940488663 0.00517836531875 0.0111402787988 0.0267810221101 0.0123837491148 0.0183660251726 0.0139735742984 0.018085358951 0.0236135045019 -0.0234612290372 0.0370950004334 -0.00663566057084 0.005392962342 0.0157169076145 0.0375412979158 0.00524159761482 0.0154643879464 0.0373110343403 0.00670311498177 0.0214972294267 0.0253393236949 0.0150225371565 0.00474130540434 0.0138581508471 0.0194544046657 0.0191517818811 0.00361278623933 
0.089803337494 0.00446202135587 0.142126669344 0.0708751604414 -0.00877920536657 -0.0067279100463 -0.00302222493076 -0.0184696276986 -0.00560882152123 -0.00174504539712 0.00535285871972 -0.00364181883179 0.0319901055922 -0.0268341443976 0.0137064991249 0.0285631856613 -0.00512070762593 -0.0194437232985 1.41272482284 -0.00745118841645 0.0161755706242 -0.057726547776 -0.00233537987354 -0.0308478369913 -0.00781180202509 -0.00755750716783 -0.00233933880773 -0.00591400843398 -0.0155158279391 -0.0137609485092 -0.0213228955094 -0.00389845537091 -0.0239388878338 0.0205273372556 0.00560762457832 -0.00678066026329 -0.0190568524587 -0.000811379500799 -0.0159313293846 -0.00668516556879 -0.00442711145981 -0.0107948150999 0.015480333121 -0.000775560591599 -0.0223829822645 0.0134576386878 -0.0011814140042 -0.00671175375965 0.0125554473739 -0.00253654540603 0.000420989922697 0.000616357888985 0.109600215229 -0.00984040357792 -0.0110981992861 -0.00997088020388 0.00518249211185 -0.00908058452445 0.0116609178187 -0.00586898186564 
0.0753750825345 0.00242671086962 0.0944238026304 0.0192320672382 0.041107309955 0.0123801981071 0.00955502581778 0.0109440901669 0.0182069204525 0.00559118622404 0.0713616213981 0.0292309782067 0.0207011816139 0.0127302364897 0.0245843659867 0.00284112898749 0.0311200177647 -0.00358073466425 -0.00745118841645 0.382178658837 0.00958894244957 0.128371113523 0.0051932854858 0.0629356380404 0.00608041857196 -0.00724818951493 0.0333269821354 0.0428647746803 0.0443501744182 0.0181020476373 0.0123214863423 0.00821121687137 0.0396759022459 0.0442298189845 -0.0244128092149 0.0701754687934 0.00654359099128 0.00308567422017 0.0216887025011 0.0224600620765 0.00480787665386 -0.0126394091477 0.0644084434428 -0.0125221680254 0.00375389694807 -0.00695487047916 0.0502510071955 0.0170570938727 0.00397335402241 0.0112584911227 0.00748386526692 0.084801189562 -0.00429614951638 -0.0312354968671 0.0250645663016 0.0245768866603 0.00887405131944 0.0129325453132 -0.0136131900709 0.0271973519715 
-0.00878496514669 0.00316208434456 0.0198575894362 0.0186821136331 0.0118723839321 -0.00180436150567 0.0111389344935 0.00579293586836 0.0222128036122 0.00664016030878 -0.0217482252428 0.0182115703471 0.019105618033 0.00961409073367 0.0158671725426 -0.0159517097473 -0.00964975689108 0.0217294314565 0.0161755706242 0.00958894244957 0.176176687419 0.0105672744367 0.00443316382387 0.0427825490502 0.00985732317776 0.00934756530904 0.00774951664543 0.00199642383385 0.0410372784782 0.0389001086855 0.0270260989719 0.0182860676974 0.0322895849977 0.0027949242051 0.0204129492274 0.0381808920222 0.0456197563623 0.0185755293103 0.0224178636012 -0.00289464915081 0.011053204391 0.0186173762691 -0.000405119600316 0.0253140631554 0.011463767367 0.0012373356347 -0.0147807029848 0.0216491033995 0.00322588952621 0.00602031987174 0.00567689232096 0.00139174900633 0.040479793777 0.01982988845 0.00853320262415 -7.67892685049e-05 0.0210410964352 0.00847886273781 0.0279788733094 -0.018239968264 
0.167378054084 -0.00897476067406 0.139268378443 0.0448925220367 0.000876056795217 0.00676632814803 -0.00332064755329 0.00530624770657 0.0257558317378 0.00119887340214 0.0235225938916 0.0077122487237 0.0271919551205 -0.000502758668606 -0.024862452697 0.0733777149101 0.0813133586014 0.00819802811308 -0.057726547776 0.128371113523 0.0105672744367 0.446421432563 0.00867375707261 0.0352129681678 0.0125464092301 0.0372247877819 0.0357581861524 0.0377373901073 0.0256167162541 0.0636250741951 -0.00658368147221 0.0101429486794 0.0720091646063 0.0229084281 0.0238994184242 0.0635378332214 0.0139046395621 0.00586176680478 0.0223063132259 0.0267405135633 0.00899784566163 0.0121783682567 0.0303507951049 0.0285069211348 0.0315288457297 0.0279216298634 0.0129780823869 -0.00937517649163 0.0175737838461 -0.00252006133378 0.00863286718007 0.0911453440587 -0.0174213209655 -0.0156195334711 0.04781858225 0.00837163161217 0.0353587404611 -0.00507229734355 0.0132849352224 0.0358132201994 
0.00852584684153 0.00660733819666 0.0073229584258 0.0214751762505 0.0168352914649 0.0189322597561 0.0177833048583 0.00730871756837 0.0234115510627 0.0105988981818 0.0257389353716 0.00964075749561 0.00379942196816 0.0284733464953 0.0148429451353 -0.00515483577932 0.0107996864724 0.0182712811928 -0.00233537987354 0.0051932854858 0.00443316382387 0.0086737570726 0.185229566875 0.0112008193221 0.0308615117115 0.0160068042854 0.0157725188483 0.0194127109062 0.0114048527785 0.0290272638445 0.00929644688018 0.0130891720946 0.0253816883692 0.0364154282809 0.0355990669515 0.0240744181852 0.0246207709478 0.0218927425023 0.0389718322255 0.0397889558083 0.0117963953662 0.031017997971 0.0251770116599 0.0366706647749 -0.00826922718997 0.0240473257944 0.00508927731285 0.0189538938381 0.0266026995181 0.0180299232382 0.00261844517408 0.0169796713371 0.00326486511315 0.051405565517 0.00920704840988 0.00899524534007 0.00583632325967 0.0349068702001 0.0282899994672 0.0146689020274 
0.0266933117464 0.0297826045077 0.0138534245381 0.0382440479274 0.0151003121268 -0.00212375978459 0.01678615522 0.00579463506406 0.0257751218562 0.0170295105842 -0.00493484240027 0.00490354268936 -0.0188870528926 0.0210045533954 0.0113534627614 0.00783779785309 0.035204560492 0.00958459311311 -0.0308478369913 0.0629356380404 0.0427825490502 0.0352129681678 0.0112008193221 0.656367977951 0.0142070330585 0.0291687118026 0.00321558265136 0.0294784839112 0.00279289326363 0.0297226891112 0.057403276113 0.0257766817549 -0.0347822195627 0.00910361729099 0.118844036531 -0.00530832424476 0.0156536463356 0.0239973587769 0.0243036314199 0.0219522781175 0.00911992401178 0.0245885863288 0.0890270889688 -0.00224082118125 -0.0132176924363 -0.00268230693449 0.00429795904531 -0.00267859133073 0.00397771476571 0.02862313913 0.0413388981984 0.0271091325484 0.0370091542101 0.00409576372554 0.0450841084902 0.0624476422306 0.0393968884761 0.0183589414707 0.0927867074278 -0.014366976049 
0.013087806388 0.0186801669224 0.0116607405971 0.0201330485813 0.0218907283069 0.0178146990917 0.00744915760722 0.023570784621 0.00928042658895 0.000503767561091 0.0323446514249 0.0141218355591 0.00213874026022 0.0323226780602 0.0206543727338 -0.00771960460461 0.00439613125897 0.00683135298056 -0.00781180202509 0.00608041857196 0.00985732317776 0.0125464092301 0.0308615117115 0.0142070330585 0.169066916634 0.0156409416371 0.00250052150601 0.0366510510309 0.0141397288677 0.0363659398484 0.017367468234 0.00449776705648 0.00668228203847 0.0201822219522 0.0225282773273 0.00613996315849 0.041156805263 0.0157201082769 0.0115418910817 0.0528075509193 0.0241007687879 0.0228497752607 0.00992172542344 0.0255745378469 0.00423975904368 0.0115904609564 0.0211632664311 0.0343879150968 0.00780926959571 0.0237599584892 0.00984394855599 -0.000165156759214 0.0323552696551 0.0200931288944 0.0236080434273 0.0245381184055 0.0141490205818 0.0293939559965 0.011468668687 0.00730127338715 
0.00983057842301 0.0188318551717 -0.0131248535216 0.00966019345872 0.00477478104005 0.0140847976293 0.0190322004411 0.0166150059913 0.00952874172113 -0.00231511633232 -0.000416286098661 0.0201457788155 0.026917963745 0.0277002673079 0.0111015642773 -0.0178701457744 -0.00181616950048 0.0236464960981 -0.00755750716783 -0.00724818951493 0.00934756530904 0.0372247877819 0.0160068042854 0.0291687118026 0.0156409416371 0.15439205142 0.00137982809115 0.0309532955935 0.0171658920663 0.0156054678792 0.0146226153861 0.00931903647911 0.0280154416142 0.0124702951291 0.0199668332567 0.0187104290607 0.0121096463524 0.0113800820324 0.000465550314472 0.00162661579095 0.0129636428973 0.0209208369608 -0.00208616622092 0.00715859493145 0.0125344323408 -0.00753379820937 0.0343560742152 0.0247457511948 0.00967121014542 0.0340676586914 0.0118293482576 0.010240013329 0.0157882835958 0.00543597582446 0.0224130200847 0.00282774039592 0.0168563287656 0.0359166767551 0.0260917536327 0.00399538317587 
-0.0154596953609 0.0468172146608 -0.00874417233075 0.0228332124959 -0.00141540567578 0.00273450497036 0.0204150551271 0.00344459403263 0.0123168907415 0.0122303282032 0.0220632043752 0.00356898901685 -0.0073435618284 -0.000837662889564 0.0108009676574 0.0635769602276 0.0291447159497 0.00575883842643 -0.00233933880773 0.0333269821354 0.00774951664543 0.0357581861524 0.0157725188483 0.00321558265136 0.00250052150601 0.00137982809115 0.482821396062 -1.48458483751e-05 0.0658129830479 0.0104155226056 -0.00694226842629 0.0103562318479 0.0158325321551 0.0498827691365 0.000245526108286 0.0143312284075 -0.00501707506885 0.00474958742338 0.027851415566 0.0165229009295 0.00847132016688 -0.00676366211583 0.0113914715643 -0.00689836351896 0.00724975663589 0.011700450508 0.0375336647441 0.0160890718397 0.00971283202582 -0.00693721640914 0.00546308116406 0.00481004426643 0.0367163288284 -0.00245398781446 0.00157599038539 0.0153147405594 0.0113623702456 -0.0233186299089 0.00145905691682 0.0226267456878 
0.0377475499786 0.0218939843992 0.0308131623652 0.0325476119069 0.0158785854186 -0.00407404390924 0.00205119414676 0.00740507166621 -0.00105304255121 -0.0128871992751 0.00131992913744 0.0163235901294 0.0166474406642 0.0173602369983 0.0103536875642 0.00690027419928 0.0149311012237 0.00644033114765 -0.00591400843398 0.0428647746803 0.00199642383385 0.0377373901073 0.0194127109062 0.0294784839112 0.0366510510309 0.0309532955935 -1.48458483748e-05 0.183012276976 0.0115724810468 0.00518030822316 -0.0031696657299 -0.00659349934347 0.0470550721542 0.0169135120561 0.0194435878117 0.0235726779121 0.023091116499 0.0172032898299 0.0187522182409 0.0295169098352 0.00522654498865 0.0148282128242 0.035647309765 0.024911706094 0.00391803298972 -0.00655150243363 0.0290502954227 0.00560335002748 0.0149211368706 0.0290672769658 0.00849320923 0.0434090946865 0.0238791055317 0.00625682827136 0.0208161939293 0.00799156871987 0.0309747925563 0.0205990865432 0.0156551109657 0.0458565420968 
0.00177956331296 0.0335414691096 -0.00981403545226 0.0176158561034 -0.00459775883112 0.0123427585268 0.00147076880676 0.0106267983829 0.0295535634197 0.0224028058146 0.0431292702113 0.0129283348928 0.0133600387565 0.0406727339121 0.023685233093 0.00817512818732 0.0343749325904 0.0113344733996 -0.0155158279391 0.0443501744182 0.0410372784782 0.0256167162541 0.0114048527785 0.00279289326363 0.0141397288677 0.0171658920663 0.0658129830479 0.0115724810468 0.726295570164 0.0486180997957 -0.00159779824785 0.0497940078076 0.00865821384768 0.0175044615691 0.017972301297 -0.00342083972749 0.031830229079 0.00109535120982 0.0697877364461 0.00962837194093 0.0304653085067 0.0069452311678 0.0125406281245 0.0272725829799 0.0131757413098 0.000828519197642 0.0063515374828 0.0130827370523 -0.0061151513363 0.00240538016405 0.0135569131287 0.0230780301698 0.0520420018118 -0.00864644757384 0.0179045189401 -0.017040955765 0.0119660902467 0.00308228586073 -0.00473317253359 0.00917142772911 
0.0103897414623 0.0778563746726 -0.000453027942809 0.0377685242086 0.0131485629886 0.0135243048677 -0.0283608958169 0.0186734390667 0.0228083181652 0.0247838246101 0.0193964242754 0.0298959279481 -0.0193001753063 0.016223747664 0.0215163674111 0.0174176902994 0.0030134228192 0.0198524448491 -0.0137609485092 0.0181020476373 0.0389001086855 0.0636250741951 0.0290272638445 0.0297226891112 0.0363659398484 0.0156054678792 0.0104155226056 0.00518030822316 0.0486180997957 0.436145364786 0.0107863712596 0.0343757094311 0.0555768800341 0.0310167366932 0.0230318424899 0.0111932506825 0.0428022168172 0.00244820634591 0.0125711889157 0.0326467751889 0.0423110308065 0.0236217967916 -0.00134321984729 0.0119921925275 0.0113986839565 0.0370987811566 -0.00269468056471 0.00393622158004 0.00682123079059 0.0147544096926 0.0357520435977 -0.00557292761914 0.0861418803805 0.0119585651547 0.037968012163 0.00802993698287 0.0326199464228 0.0318652222583 0.00280296670576 0.00946020347274 
0.013637582851 0.000584633244142 0.0086527566044 0.0128266835372 0.0159777965053 0.00730550047379 -0.000655829743945 0.0141261614075 0.00247117426397 0.0165874612328 0.0227339320463 -0.000679420182862 0.0189527224457 0.00948575651774 0.000757569526475 0.00936472127054 -0.0037058574221 0.0195300740554 -0.0213228955094 0.0123214863423 0.0270260989719 -0.00658368147221 0.00929644688018 0.057403276113 0.017367468234 0.0146226153861 -0.00694226842629 -0.0031696657299 -0.00159779824785 0.0107863712596 0.175654655669 0.0213007957743 0.0277073301672 0.0144269319549 0.00347733033028 -0.0098470737385 0.0280659577368 0.0221976762224 0.0127285672848 0.018414087451 0.00928920192776 -0.00203748464162 0.0303791502029 0.00318204292382 0.00270292756791 -0.00578544312742 0.0207042889169 0.0239002335242 0.00289495679208 0.0143858436048 0.0130742390496 -0.0111832278731 0.0248285318354 0.0223454950468 0.0138669335912 0.00900526852058 0.0152448141368 0.00740200079722 0.0337096394892 0.00498835175305 
-0.00862192891232 0.000877448519501 -0.00779535454949 0.0146074504663 0.0226506034477 0.0266809540862 -0.0116068737081 0.0151387172033 0.0227132658566 0.00359988055708 0.0105494904418 0.00803887063597 0.00785010086711 0.0214226996739 0.0292945445601 0.0201638912763 0.028632288889 0.0272132557328 -0.00389845537091 0.00821121687137 0.0182860676974 0.0101429486794 0.0130891720946 0.0257766817549 0.00449776705649 0.00931903647911 0.0103562318479 -0.00659349934347 0.0497940078076 0.0343757094311 0.0213007957743 0.17479687163 0.0210377175157 -0.0026035236639 0.00609986916149 -0.00824682279055 0.0493028576542 0.0114395005029 0.0114969292911 0.0310705096887 0.02028618724 0.0295181892773 0.00677306891289 0.0262553230667 0.00433642750295 0.0185708464373 -0.00738652157362 0.00885842455495 -0.0192335988441 0.0101620637059 0.010842950606 0.0018656668961 0.0487809885823 0.0220545835423 0.0106876162628 0.00991420510014 0.00247634454208 0.00301420730808 0.0187952255695 8.0241549947e-05 
-0.0269861225213 0.0149834899677 0.0323021053504 0.0548301288495 -0.0139631720949 0.00279910995694 0.0378302741636 0.00892462285938 -0.0434021600981 -0.0193390101351 -0.0493567688511 0.0309282352942 0.10475124076 0.018075197977 0.00840765185101 -0.00516086351423 0.129777065996 0.041288130158 -0.0239388878338 0.0396759022459 0.0322895849977 0.0720091646063 0.0253816883692 -0.0347822195627 0.00668228203846 0.0280154416142 0.0158325321551 0.0470550721542 0.00865821384768 0.0555768800341 0.0277073301672 0.0210377175157 0.865967985586 0.0113343165364 0.0338762657035 0.0396686179497 0.0525998745777 0.0363667623966 0.0270435519099 0.0246815701602 0.0468958056828 0.0298825589397 -0.00280730694723 0.0088709554139 0.045312602807 0.017865608603 -0.00779706551558 0.0138395508644 -0.0260377015988 0.0298442934112 0.0355844435692 0.00243822306367 0.00249157341828 0.0295057125341 0.039002238441 0.0456599653604 0.0533210456849 0.0459024255519 0.0184020316585 0.0619358391546 
0.0760046120428 0.0410881596264 0.0169084057529 0.0297737336913 0.0434343166504 0.0113107709134 0.0231775885648 0.0231981268386 0.0269219432048 -0.00305110415888 0.0210365465139 0.0200110623273 0.0448891949954 0.0136545753695 -0.0103816614195 -0.0153162954263 0.0129715160578 -0.000399940488662 0.0205273372556 0.0442298189845 0.0027949242051 0.0229084281 0.0364154282809 0.00910361729099 0.0201822219522 0.0124702951291 0.0498827691365 0.0169135120561 0.0175044615691 0.0310167366932 0.0144269319549 -0.0026035236639 0.0113343165364 0.379529295365 0.00970678853463 -0.0049141959087 0.011123492302 0.000830382281582 0.0158960290451 0.0300099746977 0.0146670512259 0.00166375383289 0.0351266418984 -0.0045625395896 0.0124574340277 0.0103574718542 0.0184759266789 0.00414202433956 0.0112884530566 -0.0122178325186 0.0105836905598 0.0165269839954 -0.00658080280355 0.00270029855686 0.022270066568 0.0213398913545 0.0276343269076 0.0149313930065 0.0316478340948 0.0299335471976 
-0.014447320875 0.0352351951268 -0.015697717923 0.0346268630455 0.0535172039184 0.0201463472398 0.0134481574843 0.0134825301909 0.021030405774 0.0115150497298 -0.0280880417865 0.000871823560581 0.0223986588531 0.00867639815715 0.0199434386427 0.0075815080605 0.0256464214332 0.00517836531875 0.00560762457832 -0.0244128092149 0.0204129492274 0.0238994184242 0.0355990669515 0.118844036531 0.0225282773273 0.0199668332567 0.000245526108286 0.0194435878117 0.017972301297 0.0230318424899 0.00347733033028 0.00609986916149 0.0338762657035 0.00970678853463 0.411704999029 0.0516976841289 0.0119035506745 -0.00780623102326 0.0370535341517 0.0214561617004 0.00532396904217 0.0208254901858 -0.00783691727891 0.0293116523182 0.0145523174525 0.0221635001093 0.0220724640539 0.016656462166 -8.09391093202e-05 -0.000825029645671 0.0273759103825 -0.00584879554212 0.0408487704805 0.0106974923669 0.0286726359096 0.0742390010746 0.0317556151721 0.0110852010584 0.0206580669138 0.00258402740995 
0.00770389087646 -0.0222781154409 0.028040457488 0.0290995634603 0.00818094321562 -0.0139413652478 0.00353668102884 0.00528520043046 -0.0138794098396 0.0117155098834 0.0058572733759 -0.00131505538859 0.013290361204 -0.00298015667264 -0.0231475221272 -0.0047315839029 0.0116081283063 0.0111402787988 -0.00678066026329 0.0701754687934 0.0381808920222 0.0635378332214 0.0240744181852 -0.00530832424476 0.00613996315849 0.0187104290607 0.0143312284075 0.0235726779121 -0.00342083972749 0.0111932506825 -0.0098470737385 -0.00824682279055 0.0396686179497 -0.0049141959087 0.0516976841289 0.545678823289 0.022717140722 0.0299325736884 -0.0106469591128 0.00907153217581 -0.00728546212665 0.00165431022152 0.0357786862377 0.00376405806175 0.0216407472647 -0.0125448439805 0.022869415765 0.0399515713854 -0.0182044664626 0.00531967758816 -0.0115733403418 0.0533605448845 -0.00428183614966 -0.00116573336746 0.0368256182036 -0.00712823551116 0.0203124813997 0.00553068466459 0.0650122020203 0.0510690249805 
0.00160009236963 0.00440109171634 -0.00616671446968 0.0194913415327 -0.00818748895335 0.0199500534519 -0.0237555644304 0.0242187922296 0.0239625670059 0.0102930229802 0.0163069887827 0.026759471656 0.00202017726235 0.0169151724006 0.0109499643237 0.0006300445317 -4.11728943178e-05 0.0267810221101 -0.0190568524587 0.00654359099128 0.0456197563623 0.0139046395621 0.0246207709478 0.0156536463356 0.041156805263 0.0121096463524 -0.00501707506885 0.023091116499 0.031830229079 0.0428022168172 0.0280659577368 0.0493028576542 0.0525998745777 0.011123492302 0.0119035506745 0.022717140722 0.213751368892 0.0215540002276 -0.0112841469691 0.0361813775508 0.018824790848 0.0204377201697 0.0037011279422 0.029765714631 0.00187620708912 0.0327289233744 0.00410391786831 0.0119257592696 0.0224212492493 0.0353420770172 0.0292925331689 0.00690036267416 0.0280953165822 0.0207992339434 0.0389069149076 0.0243438201509 0.0242544317763 0.0215716058873 -0.000248127975766 -0.00111119679183 
0.0146618498334 0.00533252897766 0.0151132220158 0.0404060082001 0.0122168842692 0.00324558525169 0.0117566919551 0.0125357617775 -0.00213866048514 0.0243665849304 0.0146112190091 0.0179038169885 0.0264371279547 -0.00146723244162 -0.00155823800367 0.0280045877481 0.014578713986 0.0123837491148 -0.0008113795008 0.00308567422017 0.0185755293103 0.00586176680478 0.0218927425023 0.0239973587769 0.0157201082769 0.0113800820324 0.00474958742338 0.0172032898299 0.00109535120982 0.00244820634591 0.0221976762224 0.0114395005029 0.0363667623966 0.000830382281583 -0.00780623102326 0.0299325736884 0.0215540002276 0.160008836154 0.00995600358876 0.00590114810043 0.0509471859839 0.00634508788248 0.0231318097164 0.0139522533079 0.000510232054864 0.0113274289596 0.0064171911325 -0.00153848956897 -0.00121193344451 0.00991187960537 0.00671591927506 0.0191578889274 -0.000769141189859 0.0230379246908 0.0247136123597 0.0161548996159 0.0218457448066 0.0191404102317 0.0132771770704 0.00149772576583 
0.079986604371 0.0651184507478 0.0172417369658 0.0176010783719 -0.0109470800595 -0.00702573032823 0.0322393549495 0.00560652244724 0.000594662541016 0.00434262214188 0.0318336506614 8.08794106615e-05 -0.000167051703095 0.0205833795291 0.0216834841371 0.00699853644086 0.114777834486 0.0183660251726 -0.0159313293846 0.0216887025011 0.0224178636012 0.0223063132259 0.0389718322255 0.0243036314199 0.0115418910817 0.000465550314471 0.027851415566 0.0187522182409 0.0697877364461 0.0125711889157 0.0127285672848 0.0114969292911 0.0270435519099 0.0158960290451 0.0370535341517 -0.0106469591128 -0.0112841469691 0.00995600358876 0.49711510856 0.00343924266695 0.0157894560955 0.00711935714046 0.027242551269 0.0135195622947 -0.00373308192438 0.0106683358828 -0.00294671080327 0.0318909884398 -0.0111157508166 0.00176222390749 0.0920602574686 0.0215221292102 0.0034131307899 0.00340262165887 0.0243364384192 0.0221565419981 0.0174756847409 0.00285395609405 0.120281885717 0.00552928400887 
