30
0.0637259516476 0.0176756211385 0.0398839612709 0.142595623168 0.0585004976968 0.036872425502 0.28152338764 0.0571643700905 0.125568601155 0.128291051585 0.0940944116816 0.0573021249509 0.0566217234647 0.122670110856 0.022775665512 0.0773544805674 0.0994766710856 0.0729384759615 0.259768981863 0.10004428458 0.275152850517 -0.00168409401267 0.13588321519 -0.00139328324831 0.110578936942 0.144106781955 0.256023639664 0.104550469133 0.0916609470377 0.0135435889675 
0.195736096391 0.0378588622047 0.0183715020978 0.0470783824857 0.0276112805209 0.00929073704442 0.00221965337967 0.0108008873828 -0.00841852234068 0.00620204382656 0.0226061786685 0.0189871909773 0.035277727256 -0.00428195514811 0.00183735144122 0.0221632273733 0.00380721521625 0.0218703179798 0.0317459707109 0.0360422501738 -0.0049830670145 0.0101065158187 0.0075188266759 0.0151313728961 0.0292084192623 -0.00570191862997 -0.0123276668043 0.0218119110729 0.0123766431506 0.0133256483844 
0.0378588622046 0.173661543239 0.0116977542667 0.0267676200465 0.0223976486511 0.022927883711 0.00662116801521 0.0294185449248 -0.00621514804636 0.0181184273218 0.0146599835781 0.00120968145258 0.0214713178023 0.0189972546333 0.0357104865142 0.0352661480579 -0.00179940638873 0.0280133273659 0.0161136152193 0.0251979677208 0.0698985320112 0.0168695823605 -0.0129343891854 0.0131156658382 0.0156780916486 0.012740466988 0.0185335702226 -0.0017984176011 0.0245869199273 0.0113588720153 
0.0183715020978 0.0116977542667 0.138179591578 -0.00464039659036 0.00442364559146 0.0100094823663 -0.00200714494334 0.01516082758 0.0141105023639 0.00758352305869 -0.0154430107968 0.0150124397355 0.0337535508337 0.00280842389731 0.0142997471954 0.0281416265293 0.0010578482223 0.00612640847198 0.0102497566622 0.0200807484345 0.0039971928001 0.023271894965 -0.00264831705338 0.0179303016718 0.0087209516515 -0.000706689639795 -0.0163573731316 0.016100851952 -0.0122891454803 0.0105221705491 
0.0470783824857 0.0267676200465 -0.00464039659036 0.431545100572 0.0867090103301 0.0182133075032 -0.010970263203 0.0350276031114 0.0257520680826 0.0102192857579 0.0692079628178 0.00851849401802 0.020431709252 -0.0152537771067 0.0322883199618 0.0408860106552 0.00209612082942 0.021690120593 0.0312710344905 0.0868763226762 0.00181188540899 0.0099311766014 0.0169633712331 0.0287769521177 0.0760228096775 0.0194636451588 0.0306460717541 0.122574776003 0.0229497521807 0.0251950610451 
0.0276112805209 0.0223976486511 0.00442364559146 0.0867090103301 0.31555879093 0.00947333778524 -0.0194385409227 0.0249874412473 -0.00276965938058 0.044812506551 0.0374999803144 0.0237586967879 0.0224300021618 -0.00596251608393 0.0389121808574 0.0533453906125 0.0323322602363 0.0312659854761 -0.00838798737712 0.0399598229796 -0.0657860361865 0.00240552157111 -0.0198009438684 0.00075632421374 0.0353284212237 0.000622082328987 0.0629359692339 0.117527228927 0.00421191299562 0.0163739223116 
0.00929073704442 0.022927883711 0.0100094823663 0.0182133075032 0.00947333778524 0.180611164265 -0.00881458559347 0.0244031217531 0.00605598363048 0.00395650873746 0.00838319839849 0.0218133236132 0.0212657497817 0.00186826819844 0.025006211568 0.0440334159548 -0.00130018093723 0.0117229389331 0.0150673305396 0.0358711006161 -0.0247173276953 0.0107882813249 0.0382556869743 0.000206445535379 -0.0161619638775 0.0168694576855 0.00803151158945 0.00439201229581 -0.00980282030956 0.0171474329117 
0.00221965337967 0.00662116801521 -0.00200714494334 -0.010970263203 -0.0194385409227 -0.00881458559347 1.93597942736 0.0277103345531 -0.0377262530103 0.0069444150753 -0.00629092405776 -0.0130204790785 -0.00586032426032 -0.0105302061915 -0.0231097954328 -0.0140790995396 0.0195401173364 -0.0339866049182 -0.025377206405 -0.0309144414027 -0.0322433155315 0.00405603944524 0.0279770146593 -0.0120738589564 -0.0184484178808 0.0523407050659 -0.029278419155 -0.0139246132253 -0.0060839402721 -0.0209585726703 
0.0108008873828 0.0294185449248 0.01516082758 0.0350276031114 0.0249874412473 0.0244031217531 0.0277103345531 0.206746446655 -0.000529176486552 0.0211021236431 0.0527803040313 0.0247863481289 0.0296936302773 0.00472057632443 0.0407610918624 0.0470051979086 0.00103329204418 0.0276488010019 0.00870730680807 0.0128770911304 -0.00776489379984 0.0121055440557 -0.0133800519459 0.0133785397632 0.0108869179272 0.0285245634631 0.019401010206 0.0345401897216 -0.00144533756079 0.0295402650834 
-0.00841852234068 -0.00621514804636 0.0141105023639 0.0257520680826 -0.00276965938058 0.00605598363048 -0.0377262530103 -0.000529176486552 0.822476001395 -0.0029538016861 0.00802250359918 -0.000279712877944 0.0496977033856 -0.0083879416606 0.0218082613203 0.00158915440535 0.0289290028904 0.0960822562197 0.0723528617025 0.0366151655385 -0.0122100751051 0.0201799550715 0.0879053131406 0.0120008736922 -0.00833578472567 0.0465996337758 -0.0171670291869 0.0472518762259 0.015525436549 0.033647273968 
0.00620204382656 0.0181184273218 0.00758352305869 0.0102192857579 0.044812506551 0.00395650873746 0.0069444150753 0.0211021236431 -0.0029538016861 0.502626615234 0.0337613353462 0.0278068358736 -0.00666109268496 -0.0018840826703 0.0166578304364 0.0502700660182 -0.0013144588952 0.0188759437427 0.0145677094712 0.0217987151683 0.00625523311716 0.00719597756497 0.00759737387494 0.0485802361319 0.0198386627743 0.00756643217627 0.0232246554644 0.00936183853519 -0.0176301408639 -0.00621473660179 
0.0226061786685 0.0146599835781 -0.0154430107968 0.0692079628178 0.0374999803144 0.00838319839849 -0.00629092405776 0.0527803040313 0.00802250359918 0.0337613353462 0.363721292212 1.15201651881e-06 0.0377666058045 0.0118047571955 0.0406069412993 0.0197678489054 -0.0110620383848 0.0179297271339 0.0296935376188 0.0104392989867 -0.00142180587749 0.00424735178023 0.0398477026375 0.0214080803795 0.0640099740184 0.0332068118349 0.0711496866932 0.0511280272469 0.0302374048727 0.00832216492034 
0.0189871909773 0.00120968145258 0.0150124397355 0.00851849401802 0.0237586967879 0.0218133236132 -0.0130204790785 0.0247863481289 -0.000279712877944 0.0278068358736 1.1520165208e-06 0.332735502707 0.0373745111886 0.00990045529591 0.0276725174226 0.0284519078938 0.00882038033688 0.0106518594251 0.038306309621 0.0501670095492 -0.00449347875374 0.0170283670792 0.0134607322419 0.0162660469523 0.00197639848407 -0.00596509436157 0.025273656002 -0.00194582539773 0.00596986175423 0.0130548427762 
0.035277727256 0.0214713178024 0.0337535508337 0.020431709252 0.0224300021618 0.0212657497817 -0.00586032426032 0.0296936302772 0.0496977033856 -0.00666109268496 0.0377666058045 0.0373745111886 0.19342704794 0.0108058707847 0.0535269833827 0.0377108621542 0.0362149405377 0.00842817431411 0.0275452934517 0.0447080364666 -0.00126331280537 0.0294170494135 0.00236730662919 0.00467590369061 0.00571495195885 -0.00471037002936 0.0314194573851 0.0140481975955 -0.00289612490471 0.0213004234745 
-0.00428195514811 0.0189972546333 0.00280842389731 -0.0152537771067 -0.00596251608393 0.00186826819844 -0.0105302061915 0.00472057632443 -0.0083879416606 -0.0018840826703 0.0118047571955 0.00990045529591 0.0108058707847 0.402757493914 0.0278192575011 0.00643457560523 0.0195158760256 0.00253893369742 0.014712265623 0.00472961866276 -0.0106683998903 0.0328564984215 -0.00726952094869 -0.00980452307581 0.041338786507 0.00150987611128 0.00444796155045 0.0145418167476 0.00987551902515 0.0306927619576 
0.00183735144122 0.0357104865142 0.0142997471954 0.0322883199618 0.0389121808574 0.025006211568 -0.0231097954328 0.0407610918624 0.0218082613203 0.0166578304364 0.0406069412993 0.0276725174226 0.0535269833827 0.0278192575011 0.206956672774 0.0299692786563 0.0377174723197 0.0285344981156 0.0552879396348 0.055412328963 0.0715694177968 0.0253639858888 0.0443393118678 0.0199047570653 0.0324263596572 0.0149223173736 0.0183819392752 0.0213858651841 0.0338057844772 0.00871882954502 
0.0221632273733 0.0352661480579 0.0281416265293 0.0408860106552 0.0533453906125 0.0440334159548 -0.0140790995396 0.0470051979086 0.00158915440535 0.0502700660182 0.0197678489054 0.0284519078938 0.0377108621542 0.00643457560523 0.0299692786563 0.288039184525 0.0256171101878 -0.000628282388529 0.0086964680084 0.0453226882891 -0.0187560588109 0.0159271551603 0.0148177267047 0.0335668421826 -0.00305584698189 -0.0021916584162 0.0453164160906 0.0458225116976 0.0111077263195 0.0180238181881 
0.00380721521625 -0.00179940638873 0.0010578482223 0.00209612082943 0.0323322602363 -0.00130018093723 0.0195401173364 0.00103329204418 0.0289290028904 -0.0013144588952 -0.0110620383848 0.00882038033688 0.0362149405377 0.0195158760256 0.0377174723197 0.0256171101878 0.44001551581 -0.00204784566474 0.091886106672 0.00718515532177 0.020157516748 0.0185778840279 0.0156558516745 0.0105728219597 0.0133761341149 -0.00853909386741 0.0151668179998 0.0112307602216 0.000474590849259 -0.000307210038003 
0.0218703179798 0.0280133273659 0.00612640847197 0.021690120593 0.0312659854761 0.0117229389331 -0.0339866049182 0.0276488010019 0.0960822562197 0.0188759437427 0.0179297271339 0.0106518594251 0.00842817431412 0.00253893369742 0.0285344981156 -0.000628282388528 -0.00204784566474 0.306148104756 0.0259402637139 0.00513131652958 -0.0240028326311 0.0151883311304 -0.0158337285171 0.00843598790448 -0.00937665084719 0.0245700515569 0.0376675644745 0.0349548748699 0.019699070347 0.0320263264347 
0.0317459707109 0.0161136152193 0.0102497566622 0.0312710344905 -0.00838798737712 0.0150673305396 -0.025377206405 0.00870730680807 0.0723528617025 0.0145677094712 0.0296935376188 0.038306309621 0.0275452934517 0.014712265623 0.0552879396348 0.0086964680084 0.091886106672 0.0259402637139 0.595384594773 0.0312224795584 0.0495075031578 0.0269351719252 0.138515337092 0.00546651321349 -0.0130967420599 0.0473790740859 0.00961917176482 0.00810165202571 0.0469611188505 0.0274602363457 
0.0360422501738 0.0251979677208 0.0200807484345 0.0868763226762 0.0399598229796 0.0358711006161 -0.0309144414027 0.0128770911304 0.0366151655385 0.0217987151683 0.0104392989867 0.0501670095492 0.0447080364666 0.00472961866276 0.055412328963 0.0453226882891 0.00718515532177 0.00513131652958 0.0312224795584 0.509368979129 0.00274868289817 0.0206120652343 -0.0049338154903 -0.00281906499606 0.0137997837957 -0.009611039165 0.0388442642633 0.0790844626671 0.0280504803367 0.0256004074596 
-0.0049830670145 0.0698985320112 0.0039971928001 0.00181188540899 -0.0657860361865 -0.0247173276953 -0.0322433155315 -0.00776489379984 -0.0122100751051 0.00625523311716 -0.00142180587749 -0.00449347875374 -0.00126331280537 -0.0106683998903 0.0715694177968 -0.0187560588109 0.020157516748 -0.0240028326311 0.0495075031578 0.00274868289817 2.71647948071 0.00468181941695 0.0255633126722 -0.036932399841 0.0115804772849 0.0259872777996 -0.0290496239069 -0.0287723072275 0.00142011974283 0.00528753042615 
0.0101065158187 0.0168695823605 0.023271894965 0.0099311766014 0.00240552157111 0.0107882813249 0.00405603944524 0.0121055440557 0.0201799550715 0.00719597756497 0.00424735178023 0.0170283670792 0.0294170494135 0.0328564984215 0.0253639858888 0.0159271551603 0.0185778840279 0.0151883311304 0.0269351719252 0.0206120652343 0.00468181941695 0.107629263987 0.0145277141663 0.00960179024771 0.0127828674934 0.0167826489007 0.0131428371039 0.0149133311618 -2.72886854803e-05 0.0140998208027 
0.0075188266759 -0.0129343891854 -0.00264831705338 0.0169633712331 -0.0198009438684 0.0382556869743 0.0279770146593 -0.0133800519459 0.0879053131406 0.00759737387494 0.0398477026375 0.0134607322419 0.00236730662919 -0.00726952094869 0.0443393118678 0.0148177267047 0.0156558516745 -0.0158337285171 0.138515337092 -0.0049338154903 0.0255633126722 0.0145277141663 1.19722112872 0.00356805869246 0.0186194643831 0.00333595470536 0.00335943397028 -0.00568285087845 0.010782520954 0.0679761530212 
0.0151313728961 0.0131156658382 0.0179303016718 0.0287769521177 0.00075632421374 0.000206445535378 -0.0120738589564 0.0133785397632 0.0120008736922 0.0485802361319 0.0214080803795 0.0162660469523 0.00467590369061 -0.00980452307581 0.0199047570653 0.0335668421826 0.0105728219597 0.00843598790448 0.00546651321349 -0.00281906499606 -0.036932399841 0.00960179024771 0.00356805869246 0.364251030416 0.0197319586688 0.00571388625727 0.038915331746 -0.00924803581311 0.0116811855805 0.0413402739268 
0.0292084192623 0.0156780916486 0.0087209516515 0.0760228096775 0.0353284212237 -0.0161619638775 -0.0184484178808 0.0108869179272 -0.00833578472567 0.0198386627743 0.0640099740184 0.00197639848407 0.00571495195885 0.041338786507 0.0324263596572 -0.00305584698189 0.0133761341149 -0.00937665084719 -0.0130967420599 0.0137997837957 0.0115804772849 0.0127828674934 0.0186194643831 0.0197319586688 0.842617246117 -0.00973190516487 0.015684969572 0.0222620090706 0.0393621262147 0.0111642952584 
-0.00570191862998 0.012740466988 -0.000706689639795 0.0194636451588 0.000622082328986 0.0168694576855 0.0523407050659 0.0285245634631 0.0465996337758 0.00756643217627 0.0332068118349 -0.00596509436157 -0.00471037002936 0.00150987611128 0.0149223173736 -0.0021916584162 -0.00853909386741 0.0245700515569 0.0473790740859 -0.009611039165 0.0259872777996 0.0167826489007 0.00333595470536 0.00571388625727 -0.00973190516487 0.322547835412 -0.00370927819566 0.0697719419008 0.0600301341018 0.010048253979 
-0.0123276668043 0.0185335702226 -0.0163573731316 0.030646071754 0.0629359692339 0.00803151158945 -0.029278419155 0.019401010206 -0.0171670291869 0.0232246554644 0.0711496866932 0.025273656002 0.0314194573851 0.00444796155045 0.0183819392752 0.0453164160906 0.0151668179998 0.0376675644745 0.00961917176482 0.0388442642633 -0.0290496239069 0.0131428371039 0.00335943397028 0.038915331746 0.015684969572 -0.00370927819566 0.708975256106 0.0786759619159 -0.00752772965104 0.00256667869426 
0.0218119110729 -0.0017984176011 0.016100851952 0.122574776003 0.117527228927 0.00439201229581 -0.0139246132253 0.0345401897215 0.0472518762259 0.00936183853519 0.0511280272469 -0.00194582539773 0.0140481975955 0.0145418167476 0.0213858651841 0.0458225116976 0.0112307602216 0.0349548748699 0.00810165202571 0.0790844626671 -0.0287723072275 0.0149133311618 -0.00568285087845 -0.00924803581311 0.0222620090706 0.0697719419008 0.0786759619159 0.506035101129 0.0143964662396 0.00535405921919 
0.0123766431506 0.0245869199273 -0.0122891454803 0.0229497521807 0.00421191299562 -0.00980282030956 -0.0060839402721 -0.00144533756079 0.015525436549 -0.0176301408639 0.0302374048727 0.00596986175423 -0.00289612490471 0.00987551902515 0.0338057844772 0.0111077263195 0.000474590849259 0.019699070347 0.0469611188505 0.0280504803367 0.00142011974283 -2.72886854802e-05 0.010782520954 0.0116811855805 0.0393621262147 0.0600301341018 -0.00752772965104 0.0143964662396 0.431911913492 -0.0293184510131 
0.0133256483844 0.0113588720153 0.0105221705491 0.0251950610451 0.0163739223116 0.0171474329117 -0.0209585726703 0.0295402650834 0.033647273968 -0.00621473660179 0.00832216492034 0.0130548427762 0.0213004234745 0.0306927619576 0.00871882954502 0.0180238181881 -0.000307210038003 0.0320263264347 0.0274602363457 0.0256004074596 0.00528753042615 0.0140998208027 0.0679761530212 0.0413402739268 0.0111642952584 0.010048253979 0.00256667869426 0.00535405921919 -0.0293184510131 0.245121212585 
0.0169512431912 0.00327867364276 0.00159101875223 0.00407710752017 0.00239120703621 0.000804601430035 0.000192227621439 0.000935384285694 -0.000729065420935 0.000537112750918 0.00195775250094 0.00164433897329 0.00305514079915 -0.000370828193613 0.000159119302378 0.00191939179351 0.000329714509495 0.00189402509593 0.00274928171035 0.003121350426 -0.000431546262331 0.000875249944278 0.000651149490798 0.00131041533222 0.00252952330856 -0.000493800638387 -0.00106760726219 0.00188896690942 0.0010718487382 0.00115403500228 
0.00327867364276 0.0150395308105 0.00101305523622 0.00231814389591 0.00193969327169 0.00198561297488 0.000573409970389 0.00254772072472 -0.000538247609643 0.00156910183373 0.00126959181977 0.000104761486842 0.00185947066696 0.00164521051146 0.00309261885028 0.00305413801117 -0.000155833164438 0.00242602531434 0.00139548001267 0.00218220801699 0.0060533904409 0.00146094868754 -0.0011201509617 0.00113584998034 0.00135776256506 0.00110335680676 0.00160505426356 -0.000155747532917 0.00212928972579 0.000983707172357 
0.00159101875224 0.00101305523622 0.0119667036591 -0.000401870133089 0.000383098945955 0.000866846600792 -0.000173823851001 0.00131296618267 0.00122200535073 0.000656752361901 -0.00133740396609 0.00130011541837 0.00292314324899 0.000243216643967 0.00123839443389 0.00243713634782 9.16123433858e-05 0.000530562537069 0.000887654965205 0.00173904382713 0.000346167050871 0.00201540522339 -0.00022935098455 0.00155280967453 0.000755256567538 -6.12011180654e-05 -0.00141659006712 0.0013943746813 -0.00106427121768 0.000911246699843 
0.00407710752017 0.00231814389591 -0.000401870133089 0.0373729019974 0.00750922056829 0.00157731869847 -0.000950052662003 0.00303347941281 0.00223019451595 0.000885016107487 0.00599358539444 0.000737723222159 0.0017694379255 -0.00132101584781 0.00279625053325 0.00354083238868 0.000181529388768 0.00187841954447 0.00270815102714 0.00752371024249 0.000156913879293 0.000860065122628 0.00146907104217 0.00249215715774 0.00658376844478 0.00168560111578 0.00265402766652 0.0106152869882 0.0019875068399 0.0021819562915 
0.00239120703621 0.00193969327169 0.000383098945954 0.00750922056829 0.0273281929332 0.000820415118065 -0.00168342702516 0.00216397588958 -0.000239859538342 0.00388087690804 0.00324759355937 0.00205756349791 0.0019424951679 -0.000516369039915 0.00336989371391 0.00461984634452 0.00280005587264 0.00270771376966 -0.000726421015521 0.00346062218311 -0.00569723785518 0.000208324278993 -0.00171481204089 6.54995982597e-05 0.00305953102553 5.38739100148e-05 0.00545041481683 0.0101781565887 0.000364762365273 0.00141802326815 
0.000804601430035 0.00198561297488 0.000866846600791 0.00157731869847 0.000820415118065 0.015641385646 -0.000763365504778 0.00211337233698 0.00052446356689 0.000342643707694 0.000726006277806 0.001889089239 0.00184166795414 0.000161796772093 0.00216560144703 0.00381340568322 -0.000112598972116 0.0010152362923 0.00130486910145 0.00310652843952 -0.00214058336978 0.00093429256905 0.0033130396759 1.78787078136e-05 -0.00139966712929 0.00146093789037 0.000695549306725 0.000380359422191 -0.000848949141681 0.00148501125112 
0.000192227621439 0.000573409970389 -0.000173823851001 -0.000950052662003 -0.00168342702516 -0.000763365504778 0.16766073653 0.00239978536703 -0.00326718934965 0.000601403986963 -0.00054481000473 -0.00112760656515 -0.000507518968385 -0.000911942606889 -0.0020013669921 -0.00121928578637 0.00169222380063 -0.00294332632476 -0.00219773054238 -0.00267726915985 -0.00279235303525 0.000351263319833 0.0024228805417 -0.00104562685779 -0.00159767985444 0.00453283802391 -0.00253558547709 -0.0012059068791 -0.000526884683075 -0.00181506563595 
0.000935384285695 0.00254772072472 0.00131296618267 0.00303347941281 0.00216397588958 0.00211337233698 0.00239978536703 0.0179047674945 -4.5828028044e-05 0.00182749751487 0.00457090841106 0.00214656071467 0.00257154381507 0.000408813901746 0.00353001410389 0.00407076954987 8.94857159791e-05 0.00239445640518 0.000754074889433 0.00111518880458 -0.000672459528835 0.00104837086789 -0.00115874648891 0.00115861553005 0.000942834749388 0.00247029965909 0.00168017676975 0.00299126817504 -0.000125169904469 0.00255826199968 
-0.000729065420935 -0.000538247609643 0.00122200535073 0.00223019451595 -0.000239859538342 0.00052446356689 -0.00326718934965 -4.5828028044e-05 0.0712285111211 -0.000255806729791 0.000694769191884 -2.42238458065e-05 0.00430394736417 -0.000726417056354 0.00188865083157 0.000137624808557 0.00250532514093 0.00832096747392 0.00626594162709 0.00317096635201 -0.00105742352231 0.00174763537392 0.00761282343074 0.0010393061485 -0.00072190013329 0.00403564666569 -0.00148670833833 0.00409213251881 0.00134454224563 0.00291393940244 
0.000537112750918 0.00156910183373 0.000656752361901 0.000885016107487 0.00388087690804 0.000342643707694 0.000601403986963 0.00182749751487 -0.000255806729791 0.0435287417411 0.00292381740755 0.00240814262654 -0.000576867548214 -0.000163166345531 0.00144261043298 0.00435351542217 -0.000113835479548 0.00163470468016 0.0012616006477 0.00188782411056 0.000541719078605 0.000623189937632 0.000657951877775 0.00420717186121 0.00171807859396 0.000655272248066 0.00201131416263 0.000810758999761 -0.00152681498604 -0.000538211977498 
0.00195775250094 0.00126959181977 -0.00133740396609 0.00599358539444 0.00324759355937 0.000726006277806 -0.00054481000473 0.00457090841106 0.000694769191884 0.00292381740755 0.0314991878952 9.97675570866e-08 0.00327068400414 0.00102232196168 0.00351666427352 0.00171194593302 -0.000958000625886 0.00155275991809 0.00257153579061 0.000904069812014 -0.000123132000916 0.000367831454049 0.00345091227665 0.00185399414549 0.00554342635955 0.00287579426277 0.00616174361476 0.00442781704412 0.00261863607643 0.00072072062355 
0.00164433897329 0.000104761486842 0.00130011541837 0.000737723222159 0.00205756349791 0.001889089239 -0.00112760656515 0.00214656071467 -2.42238458065e-05 0.00240814262654 9.97675572591e-08 0.0288157398086 0.00323672761434 0.000857404579529 0.00239651030747 0.00246400750222 0.000763867344278 0.00092247808597 0.0033174237257 0.00434459047015 -0.00038914667521 0.00147469984756 0.0011657336075 0.00140868098798 0.000171161129521 -0.000516592325309 0.00218876281442 -0.000168513422576 0.000517005193624 0.00113058254866 
0.00305514079915 0.00185947066696 0.00292314324899 0.0017694379255 0.0019424951679 0.00184166795414 -0.000507518968385 0.00257154381507 0.00430394736417 -0.000576867548214 0.00327068400414 0.00323672761434 0.0167512737295 0.000935815860955 0.00463557273974 0.00326585646241 0.00313630585022 0.000729901306355 0.00238549238838 0.00387182953334 -0.000109406098237 0.00254759120965 0.000205014767943 0.000404945138172 0.000494929357777 -0.000407930010665 0.00272100482686 0.0012166095995 -0.000250811774001 0.00184467078403 
-0.000370828193612 0.00164521051146 0.000243216643966 -0.00132101584781 -0.000516369039915 0.000161796772093 -0.000911942606889 0.000408813901746 -0.000726417056354 -0.000163166345531 0.00102232196168 0.000857404579529 0.000935815860955 0.0348798221294 0.00240921837104 0.00055725059367 0.00169012444153 0.000219878108049 0.00127411957767 0.000409596991216 -0.000923910532276 0.00284545623124 -0.000629558981491 -0.000849096605564 0.00358004392767 0.000130759106893 0.000385204769775 0.00125935827206 0.000855245035133 0.00265807115676 
0.000159119302378 0.00309261885028 0.00123839443389 0.00279625053325 0.00336989371391 0.00216560144703 -0.0020013669921 0.00353001410389 0.00188865083157 0.00144261043298 0.00351666427352 0.00239651030747 0.00463557273974 0.00240921837104 0.0179229736105 0.00259541566495 0.00326642891954 0.00247116002523 0.00478807602466 0.00479884845648 0.00619809339461 0.00219658561209 0.00383989704638 0.00172380252747 0.00280820512154 0.00129231059288 0.00159192263831 0.00185207025314 0.00292766681521 0.000755072787726 
0.00191939179351 0.00305413801117 0.00243713634782 0.00354083238868 0.00461984634452 0.00381340568322 -0.00121928578637 0.00407076954987 0.000137624808557 0.00435351542217 0.00171194593302 0.00246400750222 0.00326585646241 0.00055725059367 0.00259541566495 0.0249449251084 0.00221850681941 -5.44108509216e-05 0.000753136221847 0.00392505994262 -0.00162432234051 0.00137933209788 0.00128325277526 0.00290697380549 -0.000264644111639 -0.000189803186485 0.00392451675429 0.00396834591953 0.000961957317099 0.00156090844241 
0.000329714509495 -0.000155833164438 9.16123433859e-05 0.000181529388768 0.00280005587264 -0.000112598972116 0.00169222380063 8.94857159792e-05 0.00250532514093 -0.000113835479548 -0.000958000625886 0.000763867344278 0.00313630585022 0.00169012444153 0.00326642891954 0.00221850681941 0.0381064614751 -0.000177348636869 0.00795757026328 0.000622252703879 0.00174569215809 0.00160889195167 0.0013558365268 0.000915633240681 0.00115840719479 -0.000739507221448 0.00131348496824 0.000972612365576 4.11007731862e-05 -2.66051697209e-05 
0.00189402509593 0.00242602531434 0.000530562537069 0.00187841954447 0.00270771376966 0.0010152362923 -0.00294332632476 0.00239445640518 0.00832096747392 0.00163470468016 0.00155275991809 0.00092247808597 0.000729901306355 0.000219878108049 0.00247116002523 -5.44108509216e-05 -0.000177348636869 0.0265132036039 0.00224649273571 0.000444385046947 -0.00207870628213 0.00131534806 -0.00137124111325 0.000730577983129 -0.000812041783608 0.00212782888206 0.00326210677336 0.00302718096234 0.00170598953514 0.00277356122823 
0.00274928171035 0.00139548001267 0.000887654965205 0.00270815102714 -0.000726421015521 0.00130486910145 -0.00219773054238 0.000754074889433 0.00626594162709 0.0012616006477 0.00257153579061 0.0033174237257 0.00238549238838 0.00127411957767 0.00478807602466 0.000753136221847 0.00795757026328 0.00224649273571 0.0515618184095 0.00270394604667 0.00428747554126 0.00233265431425 0.0119957800735 0.000473413931301 -0.00113421113307 0.00410314817662 0.00083304471117 0.000701623646688 0.00406695219147 0.00237812622693 
0.003121350426 0.00218220801699 0.00173904382713 0.00752371024249 0.00346062218311 0.00310652843952 -0.00267726915985 0.00111518880458 0.00317096635201 0.00188782411056 0.000904069812014 0.00434459047015 0.00387182953334 0.000409596991216 0.00479884845648 0.00392505994262 0.000622252703879 0.000444385046947 0.00270394604667 0.0441126475825 0.000238042921676 0.00178505721173 -0.000427280955218 -0.000244138190151 0.00119509633338 -0.000832340407366 0.00336401196433 0.00684891537144 0.002429242856 0.00221706032073 
-0.000431546262331 0.0060533904409 0.000346167050871 0.000156913879293 -0.00569723785518 -0.00214058336978 -0.00279235303525 -0.000672459528835 -0.00105742352231 0.000541719078605 -0.000123132000916 -0.00038914667521 -0.000109406098237 -0.000923910532276 0.00619809339461 -0.00162432234051 0.00174569215809 -0.00207870628213 0.00428747554126 0.000238042921676 0.235254023915 0.000405457455101 0.0022138478179 -0.00319843964851 0.00100289875166 0.00225056427497 -0.00251577122738 -0.00249175489845 0.000122985977371 0.000457913567233 
0.000875249944278 0.00146094868754 0.00201540522339 0.000860065122628 0.000208324278993 0.00093429256905 0.000351263319833 0.00104837086789 0.00174763537392 0.000623189937632 0.000367831454049 0.00147469984756 0.00254759120965 0.00284545623124 0.00219658561209 0.00137933209788 0.00160889195167 0.00131534806 0.00233265431425 0.00178505721173 0.000405457455101 0.00932096768032 0.00125813695269 0.000831539427632 0.00110702879825 0.00145342002908 0.00113820308097 0.00129153236412 -2.36326948618e-06 0.0012210803004 
0.000651149490799 -0.0011201509617 -0.00022935098455 0.00146907104217 -0.00171481204089 0.0033130396759 0.0024228805417 -0.00115874648891 0.00761282343074 0.000657951877775 0.00345091227665 0.0011657336075 0.000205014767943 -0.000629558981491 0.00383989704638 0.00128325277526 0.0013558365268 -0.00137124111325 0.0119957800735 -0.000427280955218 0.0022138478179 0.00125813695269 0.103682391142 0.000309002946987 0.00161249291607 0.000288902152072 0.00029093551606 -0.000492149322666 0.000933793706302 0.00588690753679 
0.00131041533222 0.00113584998034 0.00155280967453 0.00249215715774 6.54995982596e-05 1.78787078136e-05 -0.00104562685779 0.00115861553005 0.0010393061485 0.00420717186121 0.00185399414549 0.00140868098798 0.000404945138172 -0.000849096605564 0.00172380252747 0.00290697380549 0.000915633240681 0.000730577983129 0.000473413931301 -0.000244138190151 -0.00319843964851 0.000831539427632 0.000309002946987 0.0315450645695 0.00170883774736 0.000494837065313 0.00337016658887 -0.000800903394926 0.00101162034591 0.003580172742 
0.00252952330856 0.00135776256506 0.000755256567538 0.00658376844478 0.00305953102553 -0.00139966712929 -0.00159767985444 0.000942834749388 -0.00072190013329 0.00171807859396 0.00554342635955 0.000171161129521 0.000494929357778 0.00358004392767 0.00280820512154 -0.000264644111639 0.00115840719479 -0.000812041783608 -0.00113421113307 0.00119509633338 0.00100289875166 0.00110702879825 0.00161249291607 0.00170883774736 0.0729727940805 -0.00084280771 0.00135835821069 0.00192794653944 0.00340886012489 0.000966856330909 
-0.000493800638387 0.00110335680676 -6.12011180654e-05 0.00168560111578 5.38739100148e-05 0.00146093789037 0.00453283802391 0.00247029965909 0.00403564666569 0.000655272248066 0.00287579426277 -0.000516592325309 -0.000407930010665 0.000130759106893 0.00129231059288 -0.000189803186485 -0.000739507221448 0.00212782888206 0.00410314817662 -0.000832340407366 0.00225056427497 0.00145342002908 0.000288902152072 0.000494837065313 -0.00084280771 0.0279334619402 -0.000321232914714 0.00604242741575 0.00519876211247 0.000870204320954 
-0.00106760726219 0.00160505426356 -0.00141659006712 0.00265402766652 0.00545041481683 0.000695549306725 -0.00253558547709 0.00168017676975 -0.00148670833833 0.00201131416263 0.00616174361476 0.00218876281442 0.00272100482686 0.000385204769775 0.00159192263831 0.00392451675429 0.00131348496824 0.00326210677336 0.00083304471117 0.00336401196433 -0.00251577122738 0.00113820308097 0.00029093551606 0.00337016658887 0.00135835821069 -0.000321232914714 0.0613990582442 0.00681353816864 -0.000651920511062 0.000222280895258 
0.00188896690942 -0.000155747532917 0.0013943746813 0.0106152869882 0.0101781565887 0.000380359422191 -0.0012059068791 0.00299126817504 0.00409213251881 0.000810758999761 0.00442781704412 -0.000168513422576 0.0012166095995 0.00125935827206 0.00185207025314 0.00396834591953 0.000972612365576 0.00302718096234 0.000701623646688 0.00684891537144 -0.00249175489845 0.00129153236412 -0.000492149322666 -0.000800903394926 0.00192794653944 0.00604242741575 0.00681353816864 0.0438239252784 0.00124677054882 0.000463675129718 
0.0010718487382 0.00212928972579 -0.00106427121768 0.0019875068399 0.000364762365273 -0.000848949141681 -0.000526884683075 -0.000125169904469 0.00134454224563 -0.00152681498604 0.00261863607643 0.000517005193624 -0.000250811774001 0.000855245035133 0.00292766681521 0.000961957317099 4.11007731862e-05 0.00170598953514 0.00406695219147 0.002429242856 0.000122985977371 -2.36326948617e-06 0.000933793706302 0.00101162034591 0.00340886012489 0.00519876211247 -0.000651920511062 0.00124677054882 0.0374046689282 -0.00253905233769 
0.00115403500228 0.000983707172357 0.000911246699844 0.0021819562915 0.00141802326815 0.00148501125112 -0.00181506563595 0.00255826199968 0.00291393940244 -0.000538211977498 0.00072072062355 0.00113058254866 0.00184467078403 0.00265807115676 0.000755072787726 0.00156090844241 -2.66051697208e-05 0.00277356122823 0.00237812622693 0.00221706032073 0.000457913567233 0.0012210803004 0.00588690753679 0.003580172742 0.000966856330909 0.000870204320954 0.000222280895258 0.000463675129718 -0.00253905233769 0.0212281197105 

['BAX', 'DD', 'K', 'FSL.B', 'TXN', 'NOC', 'ESRX', 'HIG', 'GM', 'AW', 'MOT', 'GPS', 'ASN', 'MRK', 'PCAR', 'MAR', 'MIL', 'JCI', 'ATI', 'BC', 'PTV', 'KO', 'WAT', 'RSH', 'UVN', 'NSC', 'AAPL', 'NSM', 'FDX', 'NYT']