60
0.00194148072761 0.0307338128464 0.0300764430792 0.330982708656 0.0913653440874 0.0269248151276 0.0493061267197 0.0160922749751 0.0590120409917 0.0277880817415 0.0415474718814 0.0336878097659 0.0114549593271 0.0205902908148 0.0905877796438 0.0214629747746 0.00643120824938 0.20394989535 0.399937027552 0.0798623823862 0.0901624306535 0.0289140833203 0.100886603299 0.0578888041786 0.112605751981 0.106465020668 0.168192385625 0.0896896089949 0.0479071153807 0.059162885268 0.0773544805674 0.134016582451 0.0147816990943 0.191301962015 0.0275413533974 0.0316717201181 0.0498180241401 0.0807794462486 0.0431320253577 0.0737969483193 0.0372282541949 0.0963264580192 0.0524263551757 0.0585004976968 0.332832739506 0.0669670800901 0.034888990542 -0.00953493093171 0.0566217234647 0.13588321519 0.00640420781163 -0.00694067656108 0.0605665428979 0.0524452719686 0.0541634245192 0.190895055806 0.126514999345 0.0166595463284 0.201887649263 0.00859756350963 
0.19491598319 0.0111689877396 0.0387686025995 0.0285152557739 0.0192216342372 0.00140583857407 0.00972741974285 0.00790063915003 0.0201221690104 0.0147953496485 0.0163355287513 0.0462981143861 0.0167517440239 -0.00951611725151 0.0374054351044 0.0126398534648 0.00963623913716 -0.0131404601124 0.0198071327998 0.0417167817389 0.00988751809594 0.0107930654298 0.0282683734968 0.0327619908983 0.0202190122303 0.0353002756578 0.0172030494955 -0.0300893766345 0.0153388621337 0.0192196732294 0.0517020360635 0.0230282166112 0.0408711410249 0.0374169729164 0.00323932754371 0.00724557575257 0.0049446254501 0.011408439879 0.0169466879413 0.0177736935409 0.0222166721738 0.0203083095485 0.0217527521822 -0.00137608986061 0.0124973065633 0.0254829553653 0.00874358125482 0.00456235540432 0.0301758983608 0.00480314445358 0.0217152784821 0.0239024045232 0.00483029411492 -0.0017873174638 0.0267047487769 0.0105378585526 0.0263017175523 0.0206794289598 -0.00210824158115 0.0166025999479 
0.0111689877396 0.156561272657 -0.00903699595804 -0.000103092240799 -0.0033018162589 0.0192193006452 -0.00986974849397 0.0188143318757 0.0151346243428 0.0124944357525 0.0158675957368 0.0107802123868 -0.00391834192244 0.0295326143809 0.0172024819589 0.0102570600912 0.0179973899508 -0.0109598940021 0.0152665381439 0.000678403946107 0.0143405025294 0.0227869640114 -0.0014342550555 0.00675787259491 0.00641906234727 0.00751395814013 -0.00221471105382 0.00412998966905 0.0312503201147 0.0025949065728 0.0259874655274 0.00546697315034 0.00781751916231 0.00985221884821 0.0104690963172 0.0147752829152 -0.0014445038911 0.014377593049 0.00728364487768 -0.00838559118856 0.0137581147866 0.0167504134096 -0.00265055125305 -0.0123387011065 0.00418224307661 0.000678206048691 0.038769490651 0.0126766497041 0.0231319742311 -0.0136333481038 0.0233059367723 0.0103824522082 0.015115142428 0.0359562489947 0.0441116019266 0.0140591619172 0.00871068410826 0.0080753967786 -0.00991635705781 0.00723802607855 
0.0387686025995 -0.00903699595804 0.36556678128 0.00140281918542 0.0198317431394 0.00209022098298 0.0104308517978 0.00289298572317 -0.00741713024019 0.0207143012645 -0.000138910511764 0.0144940091211 0.00297644735296 0.0256427349935 -0.0186027993653 0.00518827353968 0.00286393767957 0.0132360191066 0.0195602489276 -0.00985677101465 0.0234524670304 0.00962806287097 0.00913590270562 0.0118790352075 -0.00629280978459 0.00692276395454 0.00752955253104 0.00904920733534 0.00314951103918 -0.0296398583494 0.0147733627581 0.019404040652 0.00261476148193 0.00138188289562 0.0229581189568 0.0190981442173 0.0216931074291 0.00433363663225 0.0243109360215 0.014199383463 0.0064107067715 0.0118656366169 0.0359521299338 0.0039307132632 0.0297941558858 0.0162902162771 0.000596114363589 0.0119711580874 0.0222904917252 -0.00987681183511 0.0174303832863 0.0583776027466 0.0217387832452 0.029291875676 0.0199902280225 0.00444397231706 0.0163199921376 0.00560102159327 0.00730989186166 0.0186934290655 
0.0285152557739 -0.000103092240799 0.00140281918542 0.984831324906 0.0235256014643 0.0040087932129 0.00207820121175 0.0130865315385 0.0130995242541 0.00167974656484 0.0236962234107 0.00816864329219 -0.000464238225308 0.0297897397674 0.0418786233468 -0.0069825672693 -0.00438749686466 0.0108419379065 0.130813036274 0.00594724506461 0.0147485068011 0.0157858678008 -0.0102081079953 -0.0148772168291 0.0149024915637 0.0195031651233 -0.0132195719396 0.0259958732995 0.0393274555981 0.0257934106619 0.0227738261132 -0.0177723449274 0.0127881263584 0.0572067651701 0.00676459905816 0.00125900374561 0.0117796803776 0.194243420059 -0.00631469729243 0.0386979766656 0.00889171339566 -0.0208406572011 0.0147832378466 0.0320124808463 0.0406790760299 -0.0118225237714 0.0091613765528 -0.00586078251071 0.0043103611513 0.0947594811709 -0.00903116836201 -0.00873962062246 0.0126410352079 -0.0262741528846 0.00957475474194 0.0239001660172 0.0186914306585 0.0191956579453 0.000280805713459 0.0167542529565 
0.0192216342372 -0.0033018162589 0.0198317431394 0.0235256014643 0.33171312991 0.0205554244663 -0.00233642511792 0.0130529903549 0.00990502371054 0.0242495770725 0.0135311046827 0.0571083074494 0.00229663556846 0.0215652119602 0.0478210305489 0.00726597056591 0.00762598162592 0.100345534993 0.0267865045233 0.0209049929638 0.064322479554 0.00372285927958 0.0109327774598 -0.0164219559987 0.0262450590598 0.0369281940619 0.0216238121197 0.0181388747827 0.0211675785917 0.00618025208991 0.0299045243808 0.0187535802778 0.00138212456422 0.0316047166504 0.0145362562111 0.0311374168855 0.0283109992335 0.00115385533402 0.0367269841175 -0.0230100590076 0.0276230866966 0.0314246552678 0.000536994508744 0.031129098041 0.012218457705 0.0290751909318 0.0176033115092 0.0100376607857 0.0228297443004 0.104011984279 0.0174933847602 0.0359920640774 0.0381297801231 0.031130160369 -0.00599418001274 0.0295567271407 0.0251029566262 0.0141193101718 0.0137196055574 0.0340790897695 
0.00140583857407 0.0192193006452 0.00209022098298 0.0040087932129 0.0205554244663 0.183404886338 0.0064057560162 0.00370880891624 0.0208125709114 0.00372010821704 0.0150121585139 0.00324232272583 0.0154888012291 0.016815064035 0.0121239516625 0.0278044004157 0.00940798320733 0.0265865015755 0.00669197651092 0.0420406983771 -0.0100353184145 0.0662924351373 -0.000119675692574 0.0525747065398 0.0409722399294 0.0239948224907 -0.00203495460716 0.00048373956309 0.00200821791925 0.0203459166015 -0.00322222432506 0.00427379286252 0.0176467576745 0.0149247099943 0.0030668066695 0.018061404347 0.0340510188258 0.0180843773396 -0.00271698158904 -0.00720974254666 0.00733004532835 -0.00238426428781 -0.00912617067473 0.015049797585 0.0126044768547 -0.0116880742975 0.0317924100815 0.000573332619429 0.0252453063734 0.00272454956572 0.0299821063332 -0.0205428366276 0.0107666939823 0.00698782237857 -0.00715461356992 0.0212135815283 0.06330287049 0.0196840113595 -0.00254582955833 0.00296904994608 
0.00972741974285 -0.00986974849397 0.0104308517978 0.00207820121175 -0.00233642511792 0.0064057560162 0.192254318084 -0.00928094023223 0.00971563854238 0.00284712145663 0.00760449474628 0.0181666165228 0.0322349272844 0.0134396399187 0.014955102228 0.00736079434086 0.0145500027962 0.0304273006022 0.0231656651218 0.0160483544174 0.00861448918342 0.00613387613968 0.0187173516457 0.00516905286069 0.0223111553277 0.00795700514381 0.0734667063539 0.0394351114823 -0.0145252467207 -0.000328446349343 0.0252051971979 0.0101304607844 0.0175307295077 0.00554254451451 -0.0166000873683 0.0170681473606 0.0309969150873 0.000805389610631 0.0108447277951 0.0368517645937 0.0203167055961 0.000715683372793 0.0313247088227 0.0325650614017 -0.00250322889582 -0.00868834760155 0.000983300717976 0.00662724224175 0.0132511110608 0.00111450774997 -0.00252137513146 0.0429483110764 -0.0099286632814 0.0314045187104 -0.00924798775835 0.0471928884339 0.0079183908474 0.0221058024267 0.0137731846871 0.0255971300559 
0.00790063915003 0.0188143318757 0.00289298572317 0.0130865315385 0.0130529903549 0.00370880891624 -0.00928094023223 0.214608334315 -0.00512208090039 0.00435840087633 -0.00409784025926 -0.0187849616045 0.00713390902633 0.00897887281983 0.00168473907636 0.011552354976 0.015593974128 0.0282592561379 0.00215930157235 0.00572988572745 0.00607939307123 0.0240199566863 0.00857217810089 0.0163076489335 -0.0022433472067 0.0196543805258 -0.00343013949951 -0.00328309761293 0.00738479008027 -0.0260234520322 -2.54623336994e-05 0.00876945608736 -0.00387179546662 -0.010996522 0.0105845694615 -0.00654276765489 0.00310666846552 0.0485251152873 -0.00074358893085 -0.0222496079484 -3.18987879485e-05 0.0059211741814 -0.00900041422327 -0.00477153944375 -0.00492103908759 0.00249973561286 0.0220030720632 0.0119203016816 0.0110042320359 0.0147282143085 0.00902127081895 -0.000923116461821 -0.0017543817549 0.00758905174908 0.0143098317026 0.00416092798002 0.000290060848574 -0.00858012380177 0.00565159226345 0.0174580264173 
0.0201221690104 0.0151346243428 -0.00741713024019 0.0130995242541 0.00990502371054 0.0208125709114 0.00971563854238 -0.00512208090039 0.275075587419 0.0109192381105 0.00116565137917 0.0113883244263 0.0120585782647 0.015720366389 0.0230347884726 0.0200164549712 -0.00514133859147 0.014881308937 0.0121236856555 0.0194030969807 0.0155585869591 0.00540635787958 -0.00148850112551 0.0178447693275 -0.000549829242952 0.0464031944475 0.00979950949819 0.00286209087588 0.0150475646731 0.00531845268852 0.00628947656819 0.0011212103648 0.0173140676328 0.00279971170049 0.0160186292072 0.00631049373491 0.0148473943246 -0.00495460829013 0.0595504476599 -0.000365573306788 -0.00833167915022 0.00289457410295 0.000216684462709 -0.00919767595215 -0.00740472246398 0.00396294684079 0.000243815134733 0.000193784459532 0.0218704412229 -0.0198541348974 0.00324742369352 0.0133024576435 0.0058340493677 0.0203490470726 0.00597291692044 0.00869734454092 0.0180347347981 0.0564363528207 0.00497878708903 0.00837842273791 
0.0147953496485 0.0124944357525 0.0207143012645 0.00167974656484 0.0242495770725 0.00372010821704 0.00284712145663 0.00435840087633 0.0109192381105 0.157977026449 0.0135856267134 0.0104996537989 0.0214362289869 -0.00085145207481 0.00759974388149 0.0195839058707 0.0409811481196 0.00360441092836 0.000197090067657 3.12582786078e-05 0.0137207770943 0.00344998663692 0.00595868101598 0.00918433633346 0.0221144917543 0.0230712885461 0.00462854538809 0.00393460218471 0.00261071925078 -0.0119971516104 0.00810271363424 0.0642514854189 0.0350170780911 0.00915512990343 0.0155600391122 0.00574649179188 -0.0119266722342 0.0052823410779 0.0284924305662 3.86736494136e-06 0.00544594120423 0.0321301683656 -0.000481867882584 0.0106555226052 0.0107172267149 0.00783582644936 0.00467795497064 0.0142710495824 0.0281955765707 0.0143868235265 0.0142577509349 0.0176691293538 0.0229792996855 0.00942531739307 0.0152802802756 0.00427250048794 0.01328556339 0.0171876897696 0.0125314968451 0.00756701866096 
0.0163355287513 0.0158675957368 -0.000138910511764 0.0236962234107 0.0135311046827 0.0150121585139 0.00760449474628 -0.00409784025926 0.00116565137917 0.0135856267134 0.16347525106 0.0118389030484 0.0235153105382 0.00679149616641 0.0466183537357 -0.00309351381233 0.023362023445 0.0081073117153 0.0494462100938 -0.00122333193292 0.0147553118208 0.0236783067362 0.00609177568471 -0.0015456929416 -0.00042058529485 0.00522737971277 0.00100804262479 -0.00771857685466 0.0238422958444 0.0153877046269 0.0296232524823 0.0223072281492 0.0300830255774 -0.00945175421251 0.00430079542721 0.0228609841733 0.00225777690727 0.0227874448484 0.0063413169621 -0.00536924134916 0.0258517150136 0.0134186898201 0.00722743036668 0.0222047467364 0.00723799299583 0.0143046973069 0.0189670116994 0.0149019170892 0.0141163822024 0.00072587638427 0.00402542379904 0.0275131523744 0.0173895032694 0.0217893735546 0.0229613973382 0.00984232079715 0.00716427698437 0.00256526515856 0.0216187166198 0.0313841689835 
0.0462981143861 0.0107802123868 0.0144940091211 0.00816864329219 0.0571083074494 0.00324232272583 0.0181666165228 -0.0187849616045 0.0113883244263 0.0104996537989 0.0118389030484 0.314194832088 0.0243653668545 0.0361694609952 0.0349213469002 0.00223879955188 0.0105311077586 0.0192390186145 0.0296517163791 0.0120720147918 0.0696289738547 0.00127110268964 0.0324878591518 0.0229128162388 -0.000596946113312 0.0350356432844 -0.00111867102028 0.0421289951731 0.00291474184654 0.0327194603052 0.0480583462008 0.027807695791 0.0252550596975 0.00686945425312 0.0223060103539 0.0224435258592 0.00214795728123 0.0127498247914 0.0603386786989 0.025274861452 0.0349593964519 0.0196626427383 0.0088287897057 0.0221658001942 0.0183909500475 0.0596351237663 0.0137945415229 0.0154701937285 0.033287241753 -0.00740439744469 0.0229218618978 0.0280542654413 0.0417422317146 0.0407508688541 0.0204332566588 0.0193150824384 0.00371686024499 0.0330986924821 0.00389475109892 0.0270771173052 
0.0167517440239 -0.00391834192244 0.00297644735296 -0.000464238225308 0.00229663556846 0.0154888012291 0.0322349272844 0.00713390902633 0.0120585782647 0.0214362289869 0.0235153105382 0.0243653668545 0.145842506737 0.00579826621968 0.014648021696 0.0032305395594 0.0305402184588 -0.00397723560892 0.0234474192999 0.00103094733904 0.0442681683911 0.0177499038681 -0.00416462285671 0.00526653250855 0.00337331647489 0.0279079453701 0.0186351151281 0.0218250890757 -0.0145041068465 0.0132783167495 0.0163694333024 0.00974329127428 0.0381762313669 -0.00226854191377 0.017200570011 0.00914823770519 0.00356287138203 0.0163913997611 0.0290048468358 0.0199211202479 0.0215711722422 0.00337478957301 -0.00624858932822 0.0136117275011 0.0141042927192 0.0209014356344 0.00551988929437 0.0264133682782 0.0191124811985 0.0472274768264 0.0142023807423 0.00348702211907 0.0012008806609 0.0149596039859 0.00617476771906 -0.00420363788941 -0.00126553168491 0.00884503821047 0.0224063048389 0.00389488610391 
-0.00951611725151 0.0295326143809 0.0256427349935 0.0297897397674 0.0215652119602 0.016815064035 0.0134396399187 0.00897887281983 0.015720366389 -0.00085145207481 0.00679149616641 0.0361694609952 0.00579826621968 0.285989013027 0.00531620509154 0.00134688046085 0.00356525923612 0.00915517667899 0.00576710642459 0.00180349691905 0.0233196482334 0.0231087172916 0.0179088535661 0.00165456692768 0.0234069335039 0.0374667380208 0.0150830562257 0.0334036052999 0.0128442327337 -0.0143516432399 0.0274002949599 0.00868402068513 0.0214567142547 0.0385252979616 0.0155386236581 0.0281547110567 -0.00885161103701 0.0317073712338 0.00362334220541 0.0193208493099 0.0201057244881 0.00101226210146 0.025250063277 0.028185411588 0.0081909386796 0.0153037265331 -0.0054836938617 -0.0139459968409 0.00496025511415 0.0515767843654 0.0116745682999 0.00632895490266 -0.00855158256516 0.0271321546687 0.0141895504599 -0.0202214657169 0.0295767662026 0.020338027423 0.0290841321276 0.0125690047044 
0.0374054351044 0.0172024819589 -0.0186027993653 0.0418786233468 0.0478210305489 0.0121239516625 0.014955102228 0.00168473907636 0.0230347884726 0.00759974388149 0.0466183537357 0.0349213469002 0.014648021696 0.00531620509154 0.421361383239 0.00612832690554 0.0231500686911 0.0328593495205 0.034727592347 0.0209322834364 0.0252855226403 0.012344640807 0.0148016297659 0.0190506519451 0.0287158510176 0.0117317163567 0.0655052551684 -0.0116808199194 -0.0101200847408 0.0486866436717 0.041066934294 0.0147291664468 0.0145573164035 0.050882557132 0.0220199516689 0.009133386685 0.0267650778257 0.0146826790934 0.0280867030039 0.0434005626213 0.0472859831017 0.02742491828 0.0146753230055 0.0232945992382 -0.0278716084213 0.00329229659828 -0.000795397251834 0.0204837296087 0.0254148884558 -0.00378021193907 -0.0034206864264 -0.00649847345255 -0.00293430782632 -0.0016894275722 0.00525110306875 -0.00419534268478 0.0257606919695 0.00943547382571 0.0400962771922 0.015540716816 
0.0126398534648 0.0102570600912 0.00518827353968 -0.0069825672693 0.00726597056591 0.0278044004157 0.00736079434086 0.011552354976 0.0200164549712 0.0195839058707 -0.00309351381233 0.00223879955188 0.0032305395594 0.00134688046085 0.00612832690554 0.149592898804 0.0222551201078 1.81156469923e-05 0.00316875559949 0.0221937490027 -0.00217476932752 0.0164615818205 0.000826199842321 0.0382537097148 0.044560360554 0.0227403825342 0.00143594126528 0.0111352017003 0.00328700388836 0.00508472188496 0.00801522307506 0.00843165842072 0.000714909933306 0.0248089262758 -0.00230214979143 0.00687554187042 0.0133951358754 -0.00482848408834 0.00546111510328 0.000362690099638 0.00214958608594 0.0286068411588 0.00261314331947 0.0136964596336 0.00912030187294 0.000209911452051 0.0196350010812 0.0128088857644 0.0260016897837 0.0143670231501 0.0431449307972 0.00454258986458 0.0277083520979 0.00998152055221 -0.00956822846211 0.0296003298398 0.0262402265519 0.000629332681842 0.000883178021207 0.0165576130602 
0.00963623913716 0.0179973899508 0.00286393767957 -0.00438749686466 0.00762598162592 0.00940798320732 0.0145500027962 0.015593974128 -0.00514133859147 0.0409811481196 0.023362023445 0.0105311077586 0.0305402184588 0.00356525923612 0.0231500686911 0.0222551201078 0.188218274214 -0.00862130485192 -0.00142934445493 -0.00737519824664 0.0153863776677 0.0282857792693 -0.020373145349 -0.00456192355406 0.0295212127323 0.0264422947774 0.0303182096009 0.00657632636168 0.0178059696953 0.0107723458748 -0.002865722519 0.0328879584799 0.0177914709916 0.0374721145845 0.0141782996949 0.0157858207566 -0.00207874217799 0.00393276985931 0.0197251009232 0.0204352020141 0.0250868941983 0.0385592890216 0.0380703965926 0.0154759750654 0.00553036692714 0.0191261081153 0.0197847364903 0.0111234683784 0.0265412643274 0.0256455369219 0.0290893980202 0.00723846612822 0.0289421463636 0.00605032287167 0.00457768501305 0.00384756091796 0.0120176408118 0.0134223734287 0.00642993883339 0.0264213872472 
-0.0131404601124 -0.0109598940021 0.0132360191066 0.0108419379065 0.100345534993 0.0265865015755 0.0304273006022 0.0282592561379 0.014881308937 0.00360441092836 0.0081073117153 0.0192390186145 -0.00397723560892 0.00915517667899 0.0328593495205 1.81156469922e-05 -0.00862130485192 0.699764222894 0.00875344460188 0.095109259674 0.00831834374811 -0.0029304688121 0.012828593543 0.131993621248 0.177428961832 -0.00932022485922 -0.0102379175785 -0.00550358661454 0.022113419297 0.0189573301363 -0.018224759575 0.00639528102545 -0.0104143165931 0.0599948549008 6.37502276405e-05 0.00154971299117 0.151326000606 0.0243624937281 0.0145918715204 -0.00237074552636 0.0474092308812 0.037456938376 -0.00475008011176 0.0355897292792 0.00311141698538 -0.0129551578788 -0.00693804091141 -0.013821898178 0.0190585785144 -0.0180772292719 0.0399508991136 0.0349040011064 -0.0100972855489 0.0388485640059 -0.0129561570309 0.0719315927194 0.0546251963612 0.0322602803346 0.0451026504117 0.00177353766243 
0.0198071327998 0.0152665381439 0.0195602489276 0.130813036274 0.0267865045233 0.00669197651092 0.0231656651218 0.00215930157235 0.0121236856555 0.000197090067657 0.0494462100938 0.0296517163791 0.0234474192999 0.00576710642459 0.034727592347 0.00316875559949 -0.00142934445493 0.00875344460188 1.29631353421 0.0119582210296 0.0332049040026 0.0103835851532 -0.00640406591253 0.0123480789645 0.085691055503 0.0427852975792 -0.0207908839858 0.0842186566485 0.00674282029636 -0.0393065288611 0.0423735099566 0.0366903657304 0.0255186661435 0.0871665536018 0.0118980103362 -0.05029748736 0.00797476358555 -0.0122931625749 0.00668597209012 0.0224903169949 0.0199891302255 0.0498878146692 0.0600345854986 0.103848342876 0.0235281584927 -0.0190015569469 0.00543298651637 0.0025891544047 0.0231455658065 0.0726267173988 0.0153295323807 0.0808050375345 0.0323660059192 0.00783036008499 -0.00816537765559 0.0532662873369 0.046321219743 0.0066968649488 0.0582984068367 0.0251857353998 
0.0417167817389 0.000678403946107 -0.00985677101465 0.00594724506461 0.0209049929638 0.0420406983771 0.0160483544174 0.00572988572745 0.0194030969807 3.12582786081e-05 -0.00122333193292 0.0120720147918 0.00103094733904 0.00180349691905 0.0209322834364 0.0221937490027 -0.00737519824664 0.095109259674 0.0119582210296 0.334825252291 -0.0023263835467 0.0273999854647 -0.00849769390498 0.115102801291 0.145147418488 -0.0067709394433 -0.0376241146766 0.0109505832655 0.0233583837802 0.0168660806883 0.00876874514001 0.00614051226875 -0.00195416158386 0.036453641471 0.0234665696526 0.0148316827329 0.114868687876 0.0187289224883 0.0214855742931 -0.00336873443547 0.017934951932 0.00263747070728 -0.0315873294429 -0.000291357353376 -0.00792582789748 -0.0228033080652 0.020121860884 0.00794788368421 0.0136074911493 -0.00235221625743 0.0474032067802 0.00735605271066 0.0188055180728 0.00856360099186 -0.0191429466006 0.0791129615705 0.0381064491297 0.0187808047878 -0.0384464800936 -0.0106021162029 
0.00988751809594 0.0143405025294 0.0234524670304 0.0147485068011 0.064322479554 -0.0100353184145 0.00861448918342 0.00607939307123 0.0155585869591 0.0137207770943 0.0147553118208 0.0696289738547 0.0442681683911 0.0233196482334 0.0252855226403 -0.00217476932752 0.0153863776677 0.00831834374811 0.0332049040026 -0.0023263835467 0.444220606923 -0.0100340511706 -0.0149152477224 0.00838864815641 0.0350251361958 0.0161132671699 0.0104650660401 0.0652649727676 0.00295404205967 0.00598047812184 0.0612515044212 0.01298592878 0.00241877309214 -0.0262399086413 0.0125708394951 -0.0129612834157 -0.00197155861643 -0.00350672850131 0.00543503756411 0.0077377690335 0.0142073625978 0.0158422042701 0.0118821578289 -0.0034686999798 0.0663886234065 0.0669572651529 0.00321968711844 -0.0049259395892 0.0135335140802 0.292462415607 0.0152697665962 0.0410920226416 0.0108204531895 0.052970884368 0.022057550771 0.0280647630177 -0.0112918173985 0.0061863978585 -0.00710609911418 -0.00357228231697 
0.0107930654298 0.0227869640114 0.00962806287097 0.0157858678008 0.00372285927958 0.0662924351373 0.00613387613968 0.0240199566863 0.00540635787958 0.00344998663692 0.0236783067362 0.00127110268964 0.0177499038681 0.0231087172916 0.012344640807 0.0164615818205 0.0282857792693 -0.0029304688121 0.0103835851532 0.0273999854647 -0.0100340511706 0.198343973472 0.00591433695379 0.0170238974215 0.0088274226207 0.0191065635961 0.00551187873873 -0.00351935652697 0.0080625637647 -0.00387994748335 0.00176327591122 0.012851015926 0.0200224337369 0.0365255790961 0.0230013708155 0.0221954706034 0.0147567738103 0.0583930157756 -0.0113080769174 0.0129252269051 0.0196160967875 -0.000605127295361 0.0163522034512 0.0109582746336 0.0147961103632 -0.015157315878 0.0240051173877 -0.00586776267486 0.0231861519156 -0.0062498872558 0.0415466006928 -0.00955467682964 0.0205474129483 -0.00308740434117 -0.00678398113085 0.0221514589461 0.0526265716517 0.0243723536209 0.0323153787082 0.00989801296115 
0.0282683734968 -0.0014342550555 0.00913590270562 -0.0102081079953 0.0109327774598 -0.000119675692574 0.0187173516457 0.00857217810089 -0.00148850112551 0.00595868101598 0.00609177568471 0.0324878591518 -0.00416462285671 0.0179088535661 0.0148016297659 0.000826199842322 -0.020373145349 0.012828593543 -0.00640406591253 -0.00849769390498 -0.0149152477224 0.00591433695379 0.370130088087 -0.00660789605628 -0.0142721142512 -0.00501095492644 0.000113811587721 0.0165756001449 0.0103696220079 0.0298743992092 0.00559751073872 -0.013406697927 0.00706566010693 -0.00229763024781 -0.00039157978226 -0.00271507580691 0.0113544248578 0.0134995594787 0.00453462626394 0.010601059487 0.00816462432809 -0.00447197786547 0.0246833756159 0.0170214193628 -0.00573638707444 0.0154686415303 0.0018694290737 0.0104236808792 0.00672290005512 -0.000435694531405 0.00325310196766 0.00823280773883 0.0163030754279 -0.000899764699913 0.0160016281547 0.0170546673056 0.0290396949472 0.0226121702527 -0.00858703091269 0.0020144460573 
0.0327619908983 0.00675787259491 0.0118790352075 -0.0148772168291 -0.0164219559987 0.0525747065398 0.00516905286069 0.0163076489335 0.0178447693275 0.00918433633346 -0.0015456929416 0.0229128162388 0.00526653250855 0.00165456692768 0.0190506519451 0.0382537097148 -0.00456192355406 0.131993621248 0.0123480789645 0.115102801291 0.00838864815641 0.0170238974215 -0.00660789605628 0.376079529529 0.144202326722 0.0297929860266 0.00566546686412 0.00506528735631 0.0173296038543 0.0100195111914 0.000309428464203 0.0233806287238 0.00454856988103 0.00122029206433 0.0103763261039 0.010135535684 0.0901050036662 0.0168247940108 0.00435683956203 0.0107141979243 0.0128765894583 0.0139679275635 -0.0225109862785 0.000557702585353 0.0212228449818 -0.00330094637303 0.0113639483526 -0.00512147872424 0.0218140487209 -0.0168798769778 0.0448856823351 0.0107950011438 0.00885907267567 0.00748759155825 -0.00395818756164 0.0546097233739 0.0434921801602 0.0303398336443 -0.0343564145158 0.00430873772967 
0.0202190122303 0.00641906234727 -0.00629280978459 0.0149024915637 0.0262450590598 0.0409722399294 0.0223111553277 -0.0022433472067 -0.000549829242952 0.0221144917543 -0.00042058529485 -0.000596946113312 0.00337331647489 0.0234069335039 0.0287158510176 0.044560360554 0.0295212127323 0.177428961832 0.085691055503 0.145147418488 0.0350251361958 0.0088274226207 -0.0142721142512 0.144202326722 0.483471802672 0.0193488752446 0.0271822029708 0.0360458110008 0.015441520918 -0.0100925364496 0.0178316969777 0.0249168000905 0.0157368379073 0.061000962555 0.0187145994625 0.035694866963 0.111192179238 -0.0105147841942 0.0247909589548 0.00897258796643 0.0247302632357 0.00139116774629 0.0256708410124 0.0410121467044 0.00909821763298 -0.0100560627301 -0.00473187660932 0.00612814504759 0.0349786725685 -0.000618846414234 0.0456446892722 0.0131715031992 0.00703778770139 0.0277837917128 -0.0101594166651 0.0565082105317 0.0215930195696 0.0581138080438 0.0227821936347 -0.00909223279548 
0.0353002756578 0.00751395814013 0.00692276395454 0.0195031651233 0.0369281940619 0.0239948224907 0.00795700514381 0.0196543805258 0.0464031944475 0.0230712885461 0.00522737971277 0.0350356432844 0.0279079453701 0.0374667380208 0.0117317163567 0.0227403825342 0.0264422947774 -0.00932022485922 0.0427852975792 -0.0067709394433 0.0161132671699 0.0191065635961 -0.00501095492644 0.0297929860266 0.0193488752446 0.243449874601 0.00562441094528 0.0235226776507 0.0108722250214 0.00166042286205 0.0187100659967 0.0126432093789 0.000400694865111 0.0132256413677 0.0159787588332 0.0276300110653 0.000109426365618 0.00737841214535 0.0434978005429 0.00458713654461 0.0223268222086 0.051416558804 0.00973434213165 0.000656500584077 0.0205942915605 0.0225174679469 -0.00663811645347 -0.00178833861893 0.0169455353973 -0.0071213936877 0.0104988100522 0.00350112712871 0.0148720640892 0.0233201998318 0.00702644788154 0.0178090357162 0.0379168742353 0.0113102323541 0.0156166689293 0.00580397282307 
0.0172030494955 -0.00221471105382 0.00752955253104 -0.0132195719396 0.0216238121197 -0.00203495460716 0.0734667063539 -0.00343013949951 0.00979950949819 0.00462854538809 0.00100804262479 -0.00111867102028 0.0186351151281 0.0150830562257 0.0655052551684 0.00143594126528 0.0303182096009 -0.0102379175785 -0.0207908839858 -0.0376241146766 0.0104650660401 0.00551187873873 0.000113811587721 0.00566546686412 0.0271822029708 0.00562441094528 0.695385726913 -0.0211644733527 -0.0148743724441 0.0264853614447 -0.0201566138232 0.0165252324373 0.0283839705745 0.0181899558842 -0.0290349024949 0.00265261489515 0.0463363974953 0.0116331245815 0.00366604163499 0.000794237884747 0.0153971790741 0.00912985237757 -0.00556087487572 0.00129997988588 0.0490130584904 -0.0119774993334 -0.00426379964156 0.012943649386 0.0293713787294 0.0284988645323 0.0141817595845 0.101709306348 0.0185892053332 0.0109699751421 0.00354833087516 -0.0142950706285 -0.00156514705208 0.00281866522569 0.0173747448881 -0.0123370626054 
-0.0300893766345 0.00412998966905 0.00904920733534 0.0259958732995 0.0181388747827 0.00048373956309 0.0394351114823 -0.00328309761293 0.00286209087588 0.00393460218471 -0.00771857685466 0.0421289951731 0.0218250890757 0.0334036052999 -0.0116808199194 0.0111352017003 0.00657632636168 -0.00550358661454 0.0842186566485 0.0109505832655 0.0652649727676 -0.00351935652697 0.0165756001449 0.00506528735631 0.0360458110008 0.0235226776507 -0.0211644733527 0.418503942098 0.0169604879254 -0.00527455560889 0.0139577111255 0.00998167955765 0.0059982285341 -0.0128933351143 0.0115332057398 -4.45671979188e-05 0.0078085526101 0.0140353800156 0.0488372549651 0.0409311228689 -0.000407038515382 -0.0100298283073 0.0358224519975 0.0534199758622 -0.00215446176162 0.0220827155975 0.0176695322528 0.0247709598463 0.0103528595406 0.0227643045649 0.0126190629679 0.0121103810702 0.00293687721228 0.0357625113746 0.0142734325904 0.0193000713517 0.0105574279185 0.00691308992024 0.0184503751179 0.02173495686 
0.0153388621337 0.0312503201147 0.00314951103918 0.0393274555981 0.0211675785917 0.00200821791925 -0.0145252467207 0.00738479008027 0.0150475646731 0.00261071925078 0.0238422958444 0.00291474184654 -0.0145041068465 0.0128442327337 -0.0101200847408 0.00328700388836 0.0178059696953 0.022113419297 0.00674282029636 0.0233583837802 0.00295404205967 0.0080625637647 0.0103696220079 0.0173296038543 0.015441520918 0.0108722250214 -0.0148743724441 0.0169604879254 0.225046878691 0.00371611648472 0.0150802906011 0.0190646426356 0.0154997519818 0.0436464016018 0.0336918848893 0.0121495268332 0.0170141400484 0.0346413410964 0.0223558260212 0.00993988572164 0.0131143973262 0.0266517885951 -0.000605624004543 0.00451437864436 0.0074463085525 0.00704749299433 0.0127521182776 0.0125997194623 0.0327867737098 -0.0088954375867 0.0224953534042 0.00282893856795 0.0146051642747 -0.00452760255075 0.0107651264368 0.0234366390052 0.0238410467766 -0.00198450018106 -0.0190761242492 0.00786091499657 
0.0192196732294 0.0025949065728 -0.0296398583494 0.0257934106619 0.00618025208991 0.0203459166015 -0.000328446349343 -0.0260234520322 0.00531845268852 -0.0119971516104 0.0153877046269 0.0327194603052 0.0132783167495 -0.0143516432399 0.0486866436717 0.00508472188496 0.0107723458748 0.0189573301363 -0.0393065288611 0.0168660806883 0.00598047812184 -0.00387994748335 0.0298743992092 0.0100195111914 -0.0100925364496 0.00166042286205 0.0264853614447 -0.00527455560889 0.00371611648472 0.34063236294 -0.000640388025958 0.00626355159582 -0.00251080816135 0.00842246526902 0.018644182316 -0.00238625518766 -0.0051665717021 0.00339952908688 0.0213817305333 0.00325715645902 0.0174712023137 0.00786502015201 -0.00923272303807 0.00606817637909 0.00419189460003 0.029045734249 -0.00368815524723 0.00535231002669 0.0198899620951 0.00111380942251 0.0228305542232 -0.00646810047776 0.0137667374914 0.00619034177341 0.00887648020058 -0.00336756259858 0.0154077157032 0.0110724966053 -0.0112209079646 0.0177206944877 
0.0517020360635 0.0259874655274 0.0147733627581 0.0227738261132 0.0299045243808 -0.00322222432506 0.0252051971979 -2.54623336994e-05 0.00628947656819 0.00810271363424 0.0296232524823 0.0480583462008 0.0163694333024 0.0274002949599 0.041066934294 0.00801522307506 -0.002865722519 -0.018224759575 0.0423735099566 0.00876874514001 0.0612515044212 0.00176327591122 0.00559751073872 0.000309428464203 0.0178316969777 0.0187100659967 -0.0201566138232 0.0139577111255 0.0150802906011 -0.000640388025958 0.259612918776 0.00816466363504 0.0265098287561 -0.00157400403774 0.0196482934314 0.00801772132161 -0.00709471963736 0.0114286514152 0.0428383364261 0.0270300641853 0.0176066937995 0.0410104269264 0.0122930568093 0.0548533749398 0.011770598386 0.0361706626888 0.0194018560427 0.0179860049432 0.033595221755 0.000284144284455 0.00304405332678 0.0646037204724 0.022432313396 0.0309956633663 0.0263178257106 0.0154596974709 -0.00978124751862 0.016476487871 0.054465281784 0.030206527487 
0.0230282166112 0.00546697315034 0.019404040652 -0.0177723449274 0.0187535802778 0.00427379286252 0.0101304607844 0.00876945608736 0.0011212103648 0.0642514854189 0.0223072281492 0.027807695791 0.00974329127428 0.00868402068513 0.0147291664468 0.00843165842072 0.0328879584799 0.00639528102545 0.0366903657304 0.00614051226875 0.01298592878 0.012851015926 -0.013406697927 0.0233806287238 0.0249168000905 0.0126432093789 0.0165252324373 0.00998167955765 0.0190646426356 0.00626355159582 0.00816466363504 0.207132680945 0.0343440776329 0.0276090932626 0.0246872694092 0.00839794859731 -0.0127082710351 -0.00359567044743 0.0357759294337 0.0213073609541 0.00863761414798 0.0136600908758 0.0127861127542 0.0118299766403 0.0118465312793 0.0299915903352 0.00859110462188 -0.0114349834169 0.0112074752623 0.0181417134241 0.0147246118646 -0.000571431432837 0.00217121125621 0.00226607377026 0.00721132719847 0.0132924165671 0.00538527329675 0.0137637775115 -0.0163773616884 0.00654902672045 
0.0408711410249 0.00781751916231 0.00261476148193 0.0127881263584 0.00138212456422 0.0176467576745 0.0175307295077 -0.00387179546662 0.0173140676328 0.0350170780911 0.0300830255774 0.0252550596975 0.0381762313669 0.0214567142547 0.0145573164035 0.000714909933306 0.0177914709916 -0.0104143165931 0.0255186661435 -0.00195416158386 0.00241877309214 0.0200224337369 0.00706566010693 0.00454856988103 0.0157368379073 0.000400694865111 0.0283839705745 0.0059982285341 0.0154997519818 -0.00251080816135 0.0265098287561 0.0343440776329 0.193618392788 0.00500853643778 0.0282139904485 0.00202918865469 -0.00962921533324 0.0346897940224 0.0156854301973 0.00700451302762 0.00518828862597 0.043859474088 -0.0138903432887 0.0132371218159 0.008205288561 0.0273904613092 0.0188869758873 0.0120397702239 0.00327878152539 -0.047025713528 0.0107597251869 -0.00206062387144 0.00664471039323 0.0039921462497 0.0221612159839 -0.006444394838 0.0168355743159 0.0315937978295 0.00330343346564 0.000759402724633 
0.0374169729164 0.00985221884821 0.00138188289562 0.0572067651701 0.0316047166504 0.0149247099943 0.00554254451451 -0.010996522 0.00279971170049 0.00915512990343 -0.00945175421251 0.00686945425312 -0.00226854191377 0.0385252979616 0.050882557132 0.0248089262758 0.0374721145845 0.0599948549008 0.0871665536018 0.036453641471 -0.0262399086413 0.0365255790961 -0.00229763024781 0.00122029206433 0.061000962555 0.0132256413677 0.0181899558842 -0.0128933351143 0.0436464016018 0.00842246526902 -0.00157400403774 0.0276090932626 0.00500853643778 0.425737692735 0.0182021312507 0.00281727504822 0.0282376001399 -0.0055034271279 0.018552529024 0.0322475572278 0.00286343852309 0.037134431203 0.0572934253515 0.0697900248077 0.0591969402222 -0.0117165549553 0.00876388515427 0.0175923614294 0.0438113375725 0.0169346359923 0.0237702769393 0.00349690224388 0.0120828794923 0.0143728645746 0.0199504547766 0.00671444156623 0.042840162665 0.0288632708158 0.0377553046603 0.00669580522353 
0.00323932754371 0.0104690963172 0.0229581189568 0.00676459905816 0.0145362562111 0.0030668066695 -0.0166000873683 0.0105845694615 0.0160186292072 0.0155600391122 0.00430079542721 0.0223060103539 0.017200570011 0.0155386236581 0.0220199516689 -0.00230214979143 0.0141782996949 6.37502276406e-05 0.0118980103362 0.0234665696526 0.0125708394951 0.0230013708155 -0.00039157978226 0.0103763261039 0.0187145994625 0.0159787588332 -0.0290349024949 0.0115332057398 0.0336918848893 0.018644182316 0.0196482934314 0.0246872694092 0.0282139904485 0.0182021312507 0.173883285516 0.00092183057703 0.00259346538957 0.0071724805693 0.0235674474003 -0.000508491177599 0.0171207912809 0.0521044123447 0.00323262202229 0.00975824989445 0.026824057756 0.0167165409441 0.00706216933959 0.0114439911833 0.038364638207 0.0225502502838 0.0311787549568 0.00480441995711 0.0208628680188 0.0372299738322 0.0382073931095 0.0246707934589 0.0085283093959 0.00983821544111 0.011649718227 0.00308948270705 
0.00724557575257 0.0147752829152 0.0190981442173 0.00125900374561 0.0311374168855 0.018061404347 0.0170681473606 -0.00654276765489 0.00631049373491 0.00574649179188 0.0228609841733 0.0224435258592 0.00914823770519 0.0281547110567 0.009133386685 0.00687554187042 0.0157858207566 0.00154971299117 -0.05029748736 0.0148316827329 -0.0129612834157 0.0221954706034 -0.00271507580691 0.010135535684 0.035694866963 0.0276300110653 0.00265261489515 -4.45671979188e-05 0.0121495268332 -0.00238625518766 0.00801772132161 0.00839794859731 0.00202918865469 0.00281727504822 0.00092183057703 0.26712222842 0.0246720074534 -0.00949818094324 0.017586581107 0.00603223562865 0.0235726245358 0.0187786202272 0.0541238360113 0.0191926362945 0.0328895913705 0.0153040250732 0.00485495848595 0.0195679857922 0.0406635500726 -0.0216632174953 0.0144476098951 -0.000376923506605 0.0266035708937 0.014642799396 0.0117965297229 0.0127740704417 0.0320629675347 0.00559837859965 0.00755061751393 0.0014028047516 
0.0049446254501 -0.0014445038911 0.0216931074291 0.0117796803776 0.0283109992335 0.0340510188258 0.0309969150873 0.00310666846552 0.0148473943246 -0.0119266722342 0.00225777690727 0.00214795728123 0.00356287138203 -0.00885161103701 0.0267650778257 0.0133951358754 -0.00207874217799 0.151326000606 0.00797476358555 0.114868687876 -0.00197155861643 0.0147567738103 0.0113544248578 0.0901050036662 0.111192179238 0.000109426365618 0.0463363974953 0.0078085526101 0.0170141400484 -0.0051665717021 -0.00709471963736 -0.0127082710351 -0.00962921533324 0.0282376001399 0.00259346538957 0.0246720074534 0.317685738681 0.0366179133309 -0.00283152908536 0.0234758876256 0.0181499984659 -0.00253765953162 -0.000612611917474 -0.00276279687797 0.0125195936806 -0.0156101395359 8.64349840159e-05 -0.0151001149292 0.0299494925226 -0.0417930976098 0.0274488560768 0.0262548132692 -0.0215589664937 0.0168373678468 -0.0240893760228 0.040652831197 0.0357203428853 0.00257570941063 -0.0295453150449 -0.0214827645516 
0.011408439879 0.014377593049 0.00433363663225 0.194243420059 0.00115385533402 0.0180843773396 0.000805389610631 0.0485251152873 -0.00495460829013 0.0052823410779 0.0227874448484 0.0127498247914 0.0163913997611 0.0317073712338 0.0146826790934 -0.00482848408834 0.00393276985931 0.0243624937281 -0.0122931625749 0.0187289224883 -0.00350672850131 0.0583930157756 0.0134995594787 0.0168247940108 -0.0105147841942 0.00737841214535 0.0116331245815 0.0140353800156 0.0346413410964 0.00339952908688 0.0114286514152 -0.00359567044743 0.0346897940224 -0.0055034271279 0.0071724805693 -0.00949818094324 0.0366179133309 0.451925568751 0.00281628240168 -0.0034761349711 0.00534175357582 0.00189456026434 0.00785643099948 0.00493157623433 -0.01185564834 0.0122009482508 0.0141517196518 -0.0208821374241 -0.00218974118731 0.015910343807 0.000932020808314 0.0284312983215 -0.0020178683389 0.00167508899649 -0.033742433428 0.000294020515472 0.00960145093073 0.00135912141071 0.0206898051215 0.0219602687081 
0.0169466879413 0.00728364487768 0.0243109360215 -0.00631469729243 0.0367269841175 -0.00271698158904 0.0108447277951 -0.00074358893085 0.0595504476599 0.0284924305662 0.0063413169621 0.0603386786989 0.0290048468358 0.00362334220541 0.0280867030039 0.00546111510328 0.0197251009232 0.0145918715204 0.00668597209012 0.0214855742931 0.00543503756411 -0.0113080769174 0.00453462626394 0.00435683956203 0.0247909589548 0.0434978005429 0.00366604163499 0.0488372549651 0.0223558260212 0.0213817305333 0.0428383364261 0.0357759294337 0.0156854301973 0.018552529024 0.0235674474003 0.017586581107 -0.00283152908536 0.00281628240168 0.370460267951 0.0268182767584 0.0430671936987 0.0284797926149 0.0133593647128 0.0140316226588 0.0454780159508 0.0485627368012 0.0264948661855 0.0207226795835 0.030635448645 0.00246228119211 0.00201666013144 -0.017398537256 0.0595932892448 0.0316377502568 0.00468872529143 0.0349806673887 0.019029089601 0.037976734569 -0.0201577721011 0.00481754521012 
