20
0.104550469133 0.332832739506 0.234257183995 0.0256858872149 0.0176197090425 0.0477990277318 0.0704328117516 0.0321720089654 0.131188957491 0.0070666509449 0.0749299903321 0.190895055806 0.0269248151276 0.0331605059077 -0.00139328324831 0.0904248988876 0.0948967479515 0.0678408515538 0.0413299620627 0.0526772687529 
0.550308079217 0.0404138154161 -0.0160427285529 0.0145988525309 0.0106881658351 0.00237497879843 0.0320876651313 0.0234346637089 0.0356676975674 0.00673262176724 0.0131873899797 0.0640537620685 0.0202060755558 0.000945953728233 -0.00237384745177 0.0344000939372 0.0375580133369 0.000243062640213 0.0104756473642 0.0151186878316 
0.0404138154161 0.534189885337 -0.024993936534 0.0235375962406 0.0110146182744 -0.00116209643049 0.0190047675589 0.0183491040778 0.0143485971528 -0.0033963806103 0.0468731506153 0.0274304763966 0.0156468945559 0.0345934147442 -0.0105202539543 -0.000640369996697 0.0200890713561 0.0175997868512 0.00628350099688 0.000613404954886 
-0.0160427285529 -0.024993936534 1.26029252695 0.0650362549159 0.0119049158063 -0.00256566940923 0.0501159942137 0.0224875707257 0.0746936763468 0.00374354310472 0.0131704819906 0.0329049877653 -0.00404993422846 -0.000785620405895 0.0121251948533 0.00985271309924 0.0264220039373 0.00700830974379 0.0216191519222 0.0137840881105 
0.0145988525309 0.0235375962406 0.0650362549159 0.212084744952 -0.00561759473194 0.0217653989643 0.0451158834182 0.0349784785879 0.0524220640057 0.0105621189459 0.0329089110242 0.0218589600026 0.00769873306917 0.00849166200512 0.0229369435662 -0.00559370339443 0.00386805793483 6.91677136637e-05 0.0311595621129 0.0160021059105 
0.0106881658351 0.0110146182744 0.0119049158063 -0.00561759473194 0.196634793935 0.0112256195104 -0.00381530600489 0.0188406511943 0.019755420738 -0.00195101128307 0.018250494799 0.0356879400456 0.0162547202401 0.0206933395248 0.0233139794193 0.0166009051571 -0.00095861164486 0.0214984608717 0.0112160448376 0.00130584992081 
0.00237497879843 -0.00116209643049 -0.00256566940923 0.0217653989643 0.0112256195104 0.287009308331 0.0405562842613 0.0170971187216 0.0419480689316 0.0177247837333 0.040411496167 0.0218028987157 0.0192494844236 0.0278389031822 0.0062020333086 0.0231554345414 -0.00778605963626 0.0281328618946 0.00105895946648 0.0102186100734 
0.0320876651313 0.0190047675589 0.0501159942137 0.0451158834182 -0.00381530600489 0.0405562842613 0.286421874657 0.0126017001197 0.042141809739 0.0096654184718 0.0126379150649 0.0406210800491 -0.0133616244329 0.00494837082796 0.00408885430306 -0.0206069880932 0.043549218315 -0.00574464533064 0.00286073594368 0.00177750827498 
0.0234346637089 0.0183491040778 0.0224875707257 0.0349784785879 0.0188406511943 0.0170971187216 0.0126017001197 0.159259499125 0.0415634534446 0.0139674625323 0.0297783346381 0.0142196868364 0.0182223256903 -0.00136637559278 0.0376257931475 0.00877748071038 0.00754876462501 0.0297526552623 0.0386262369728 0.028915592973 
0.0356676975674 0.0143485971528 0.0746936763468 0.0524220640057 0.019755420738 0.0419480689316 0.042141809739 0.0415634534446 0.406274955608 0.016840467684 0.0401076315451 -0.00341889784347 0.0152334386046 0.0289916739354 0.0174736778964 0.0183346525104 0.0134059566969 0.0434248162074 0.0454766056079 0.0397908880428 
0.00673262176724 -0.0033963806103 0.00374354310472 0.0105621189459 -0.00195101128307 0.0177247837333 0.00966541847179 0.0139674625323 0.016840467684 0.187274678529 0.031664376815 0.0147267411186 0.00425350199139 0.00420057301702 0.0164177135724 0.00694644074236 0.0127636939902 -0.00826375601267 -0.00415720391669 0.0150364091102 
0.0131873899797 0.0468731506153 0.0131704819906 0.0329089110242 0.018250494799 0.040411496167 0.0126379150649 0.0297783346381 0.0401076315451 0.031664376815 0.44371142694 0.0240117930465 0.0173817822678 0.0264464851745 0.0492510888644 0.0250222373207 0.0216887856607 0.0602742459156 0.029363594413 0.013811820313 
0.0640537620685 0.0274304763966 0.0329049877653 0.0218589600026 0.0356879400456 0.0218028987157 0.0406210800491 0.0142196868364 -0.00341889784347 0.0147267411186 0.0240117930465 0.561213133924 0.0288270697635 0.0351619642217 0.0399124797827 0.0623905986236 0.0427267180431 0.0401494046332 0.0121720298157 0.0971404681892 
0.0202060755558 0.0156468945559 -0.00404993422846 0.00769873306917 0.0162547202401 0.0192494844236 -0.0133616244329 0.0182223256903 0.0152334386046 0.00425350199139 0.0173817822678 0.0288270697635 0.216503615316 0.0554259595853 0.0113070279463 0.0784914504295 0.0196244527323 0.0125844337249 0.0145541869759 0.00950612052754 
0.000945953728233 0.0345934147442 -0.000785620405895 0.00849166200512 0.0206933395248 0.0278389031822 0.00494837082796 -0.00136637559278 0.0289916739354 0.00420057301702 0.0264464851745 0.0351619642217 0.0554259595853 0.158822497103 0.00595340976264 0.0288371617398 0.00909407306734 0.0117874106165 0.0233114007446 0.0148509163543 
-0.00237384745177 -0.0105202539543 0.0121251948533 0.0229369435662 0.0233139794193 0.0062020333086 0.00408885430305 0.0376257931475 0.0174736778964 0.0164177135724 0.0492510888644 0.0399124797827 0.0113070279463 0.00595340976264 0.361067691153 0.00715647940706 0.0814991249865 0.0114785235327 0.0149643989647 0.000412033571144 
0.0344000939372 -0.000640369996697 0.00985271309924 -0.00559370339443 0.0166009051571 0.0231554345414 -0.0206069880932 0.00877748071038 0.0183346525104 0.00694644074236 0.0250222373207 0.0623905986236 0.0784914504295 0.0288371617398 0.00715647940706 0.398070992724 0.0204191284079 0.00665733707004 -0.0206611202024 0.0284176430808 
0.0375580133369 0.0200890713561 0.0264220039373 0.00386805793483 -0.00095861164486 -0.00778605963626 0.043549218315 0.00754876462501 0.0134059566969 0.0127636939902 0.0216887856607 0.0427267180431 0.0196244527323 0.00909407306734 0.0814991249865 0.0204191284079 0.555982873175 0.0407169390873 -0.00399521325808 0.0264423841444 
0.000243062640213 0.0175997868512 0.00700830974379 6.91677136639e-05 0.0214984608717 0.0281328618946 -0.00574464533064 0.0297526552623 0.0434248162074 -0.00826375601267 0.0602742459156 0.0401494046332 0.0125844337249 0.0117874106165 0.0114785235327 0.00665733707004 0.0407169390873 0.362876259649 0.0388070500286 0.0114220535533 
0.0104756473642 0.00628350099688 0.0216191519222 0.0311595621129 0.0112160448376 0.00105895946648 0.00286073594368 0.0386262369728 0.0454766056079 -0.00415720391669 0.029363594413 0.0121720298157 0.0145541869759 0.0233114007446 0.0149643989647 -0.0206611202024 -0.00399521325808 0.0388070500286 0.297267850947 0.0216055701604 
0.0151186878316 0.000613404954886 0.0137840881105 0.0160021059105 0.00130584992081 0.0102186100734 0.00177750827498 0.028915592973 0.0397908880428 0.0150364091102 0.013811820313 0.0971404681892 0.00950612052754 0.0148509163543 0.000412033571144 0.0284176430808 0.0264423841444 0.0114220535533 0.0216055701604 0.246809008931 
0.047658077651 0.00349993908142 -0.00138934104728 0.00126429771579 0.000925622313303 0.000205679197289 0.00277887331519 0.0020295014101 0.00308891321879 0.00058306214845 0.00114206147321 0.00554721851593 0.00174989747421 8.19219959454e-05 -0.000205581219794 0.00297913552422 0.00325261936654 2.10498421135e-05 0.000907217673852 0.00130931677341 
0.00349993908142 0.0462622011146 -0.00216453839791 0.00203841562883 0.000953893923862 -0.000100640503045 0.00164586114991 0.0015890790268 0.0012426249643 -0.000294135188944 0.00405933391882 0.00237554893974 0.00135506081757 0.00299587759722 -0.000911080717865 -5.54576684961e-05 0.00173976461328 0.00152418625143 0.0005441671488 5.31224273739e-05 
-0.00138934104728 -0.00216453839791 0.109144534454 0.00563230489242 0.00103099595182 -0.00022219348861 0.0043401724125 0.00194748075179 0.00646866212184 0.000324200342885 0.00114059719839 0.00284965553159 -0.00035073459255 -6.80367229237e-05 0.00105007267688 0.000853269984014 0.00228821266286 0.000606937427571 0.00187227347729 0.00119373704717 
0.00126429771579 0.00203841562883 0.00563230489242 0.0183670776884 -0.000486497974602 0.00188493884266 0.00390715011543 0.00302922510429 0.00453988391478 0.000914706332494 0.00284999529579 0.00189304146625 0.000666729841486 0.000735399501679 0.00198639758135 -0.000484428924082 0.000334983643487 5.99009971544e-06 0.00269849723606 0.00138582302325 
0.000925622313303 0.000953893923862 0.00103099595182 -0.000486497974602 0.0170290726816 0.000972167166924 -0.000330415192345 0.00163164825581 0.00171086962216 -0.000168962533421 0.00158053921276 0.00309066626882 0.00140770006593 0.00179209577176 0.00201904984404 0.00143768055918 -8.30182036812e-05 0.00186182132572 0.000971337975935 0.000113089920495 
0.000205679197289 -0.000100640503045 -0.00022219348861 0.00188493884266 0.000972167166924 0.0248557352137 0.00351227724534 0.00148065391444 0.00363280933345 0.00153501129896 0.00349973822855 0.0018881864164 0.00166705425206 0.00241091973692 0.000537111840037 0.00200531945486 -0.000674292544038 0.00243637730819 9.17085799552e-05 0.000884957591496 
0.00277887331519 0.00164586114991 0.0043401724125 0.00390715011543 -0.000330415192345 0.00351227724534 0.0248048619652 0.00109133924345 0.00364958777954 0.000837049793478 0.00109447554971 0.00351788872517 -0.00115715061947 0.000428541484436 0.000354105169882 -0.00178461751842 0.00377147293758 -0.000497500879206 0.000247747000075 0.000153936732157 
0.0020295014101 0.0015890790268 0.00194748075179 0.00302922510429 0.00163164825581 0.00148065391444 0.00109133924345 0.0137922772036 0.0035995006552 0.00120961773794 0.00257887942789 0.00123146100342 0.00157809969638 -0.000118331597446 0.00325848927033 0.000760152127642 0.000653742193245 0.00257665552872 0.0033451302471 0.00250416380801 
0.00308891321879 0.0012426249643 0.00646866212184 0.00453988391478 0.00171086962216 0.00363280933345 0.00364958777954 0.0035995006552 0.0351844432478 0.0014584272826 0.00347342278037 -0.000296085238539 0.00131925448185 0.00251075261263 0.00151326489558 0.00158782748436 0.00116098990616 0.00376069939903 0.00393838957343 0.00344599198842 
0.00058306214845 -0.000294135188944 0.000324200342885 0.000914706332494 -0.000168962533421 0.00153501129896 0.000837049793478 0.00120961773794 0.0014584272826 0.0162184629092 0.00274221547168 0.00127537319237 0.000368364077959 0.000363780294319 0.00142181570257 0.000601579414877 0.00110536832417 -0.000715662263765 -0.000360024420057 0.00130219122711 
0.00114206147321 0.00405933391882 0.00114059719839 0.00284999529579 0.00158053921276 0.00349973822855 0.00109447554971 0.00257887942789 0.00347342278037 0.00274221547168 0.038426536768 0.00207948227687 0.00150530650069 0.00229033280019 0.00426526941206 0.00216698931792 0.00187830393594 0.00521990281569 0.0025429618708 0.00119613872635 
0.00554721851593 0.00237554893974 0.00284965553159 0.00189304146625 0.00309066626882 0.0018881864164 0.00351788872517 0.00123146100342 -0.000296085238539 0.00127537319237 0.00207948227687 0.0486024830916 0.00249649747319 0.00304511542629 0.00345652214198 0.00540318433653 0.00370024232457 0.00347704043592 0.0010541287036 0.00841261131874 
0.00174989747421 0.00135506081757 -0.00035073459255 0.000666729841486 0.00140770006593 0.00166705425206 -0.00115715061947 0.00157809969638 0.00131925448185 0.000368364077959 0.00150530650069 0.00249649747319 0.0187497630875 0.004800028903 0.000979217344282 0.00679755900518 0.00169952746015 0.0010898439298 0.00126042956525 0.000823254186828 
8.19219959454e-05 0.00299587759722 -6.80367229237e-05 0.000735399501679 0.00179209577176 0.00241091973692 0.000428541484436 -0.000118331597446 0.00251075261263 0.000363780294319 0.00229033280019 0.00304511542629 0.004800028903 0.0137544317183 0.000515580409359 0.00249737146397 0.000787569830018 0.00102081970387 0.00201882652426 0.00128612708323 
-0.000205581219794 -0.000911080717865 0.00105007267688 0.00198639758135 0.00201904984404 0.000537111840037 0.000354105169882 0.00325848927033 0.00151326489558 0.00142181570257 0.00426526941206 0.00345652214198 0.000979217344282 0.000515580409359 0.0312693793024 0.000619769296818 0.00705803126245 0.000994069297724 0.00129595496558 3.56831539823e-05 
0.00297913552422 -5.54576684961e-05 0.000853269984014 -0.000484428924081 0.00143768055918 0.00200531945486 -0.00178461751842 0.000760152127642 0.00158782748436 0.000601579414877 0.00216698931792 0.00540318433653 0.00679755900518 0.00249737146397 0.000619769296818 0.0344739592209 0.00176834839243 0.000576542302421 -0.00178930549659 0.00246104008237 
0.00325261936654 0.00173976461328 0.00228821266286 0.000334983643487 -8.30182036812e-05 -0.000674292544038 0.00377147293758 0.000653742193245 0.00116098990616 0.00110536832417 0.00187830393594 0.00370024232457 0.00169952746015 0.000787569830018 0.00705803126245 0.00176834839243 0.0481495292239 0.00352619036139 -0.000345995617504 0.00228997764057 
2.10498421135e-05 0.00152418625143 0.000606937427571 5.99009971546e-06 0.00186182132572 0.00243637730819 -0.000497500879206 0.00257665552872 0.00376069939903 -0.000715662263765 0.00521990281569 0.00347704043592 0.0010898439298 0.00102081970387 0.000994069297724 0.000576542302421 0.00352619036139 0.0314260059286 0.00336078911707 0.000989178854059 
0.000907217673852 0.0005441671488 0.00187227347729 0.00269849723606 0.000971337975935 9.17085799552e-05 0.000247747000075 0.0033451302471 0.00393838957343 -0.000360024420057 0.0025429618708 0.0010541287036 0.00126042956525 0.00201882652426 0.00129595496558 -0.00178930549659 -0.000345995617504 0.00336078911707 0.0257441510648 0.00187109726221 
0.00130931677341 5.31224273739e-05 0.00119373704717 0.00138582302325 0.000113089920495 0.000884957591496 0.000153936732157 0.00250416380801 0.00344599198842 0.00130219122711 0.00119613872635 0.00841261131874 0.000823254186828 0.00128612708323 3.56831539822e-05 0.00246104008237 0.00228997764057 0.000989178854059 0.00187109726221 0.0213742871617 

['NSM', 'EK', 'CSC', 'MET', 'KR', 'WLP', 'EDS', 'CINF', 'ET', 'IBM', 'SHLD', 'GILD', 'D', 'XEL', 'RSH', 'APC', 'SUNW', 'WEN', 'CB', 'GENZ']