50
0.123331646141 0.0309991269713 0.0598638009539 0.0824662750087 0.12993100308 0.0331605059077 0.0316067218978 0.142251168296 0.176385145314 0.0571686925308 0.0279461936292 0.00643120824938 0.025637758891 0.00535997805058 0.00792878112812 0.0697795953642 0.28152338764 0.18030920859 0.0422860283868 0.135547989167 0.20394989535 0.0429486266904 0.00753480783794 0.0751688044393 0.0402434153999 0.0615160923796 0.0038222736377 0.103166553638 0.0870955077299 -0.00694067656108 0.0729384759615 0.087070388143 -0.00168409401267 0.0283464571838 0.0147816990943 0.0662185328213 0.0994766710856 0.0737969483193 0.115739319126 0.0756818342608 0.101218808556 0.0493934577213 0.0328492958576 0.142595623168 0.0998681056981 0.110955558587 0.0649337142294 0.0300310371189 0.124759587163 0.114977551813 
0.441484841292 0.000543049535106 0.0492742701339 0.015147632513 0.0171915878269 0.00940914738596 0.0204729457657 0.0203441721543 0.0473516165779 0.0468486627105 -0.000642137399052 0.0169235731977 0.00973437862215 0.0115678755749 0.00147219944372 -0.00190139444156 -0.0287800978832 0.0248759622408 0.0196435593704 0.0217998478454 0.0459467666013 0.0100588193005 0.018143308884 0.0503809192667 0.0170668396745 0.0404860845148 0.015828525342 0.0239164998596 0.00529233731708 0.00804997081818 0.0156420149441 0.0150743435992 0.015630491481 0.00993389220579 0.024243793966 -0.0180977060093 0.0206550218719 0.0384373905377 0.0555784932145 0.0147195178535 0.0872914517107 0.0212360346213 0.0272481740211 0.0055393060302 0.0741752010064 0.0585402816888 0.0221375448912 -0.0193799120285 0.03970352198 -0.0136333071872 
0.000543049535106 0.471454521037 0.02424194277 -0.00886025474657 -0.0136475613006 0.000614129039622 0.00894074072134 0.0454875381593 0.00807660982604 0.0136419096814 -0.00393502943701 0.00951506352077 0.00191796844252 0.00927627217289 0.0103691672334 0.0219123542383 -0.0176051466289 -0.00431822413793 0.0023720283482 0.041370111701 0.0259465274025 0.0612287387879 0.0133158728711 0.0116097616724 0.00670733457762 0.0120124923256 0.0105016242547 -0.00390964622442 -0.0139951169942 0.034071137464 0.0252896700511 0.00644269723349 0.0147983162928 0.0291824370279 0.0036342740929 0.0122721183447 0.081158654405 -0.00868961201697 0.00359111465944 0.0268906522522 0.0106202771609 -0.0046635784361 0.0105235977499 0.0115449243202 0.0128316082012 0.0204705615715 0.0165387509176 0.0144374816684 -0.0159392714826 0.0079889266979 
0.0492742701339 0.02424194277 0.187255794789 0.0135103043817 0.0576201611405 0.0106583373349 0.0394946253195 0.0175822969566 0.0252652061368 0.0129013201517 0.002196641335 0.0251851341559 0.0318205686391 0.0317231435653 -6.24488756912e-05 0.0376576304106 -0.0100611053037 0.0187842413907 0.0193079574933 -0.00727933654331 0.0186882139218 0.01001650327 0.0207877449367 0.0195279622146 0.00481330029101 0.0225106247973 0.0230845756643 0.0262236603844 0.0151080840971 0.00649876278625 0.00587834143236 0.0149433637517 0.0278720856065 0.0186307251669 0.0211538637305 0.0107369205021 0.0255487431648 0.0135356695474 0.0362556589675 0.0154432662767 0.0165899159584 0.0202618208121 0.0155829075182 0.0507539195523 0.0290205940848 0.0317878055047 0.0216041527099 0.0114219723674 0.0100173872293 0.0278529698998 
0.015147632513 -0.00886025474657 0.0135103043817 0.398770005606 0.182443301191 0.0282326899534 0.0115309409623 -0.0238284790976 0.00879790629888 0.0100346073188 0.0126293613465 0.00379514763079 0.0324800594746 0.0217372593566 0.0110611770982 0.0390875993457 -0.0339819063313 0.00778784269195 -0.0135350752515 -0.00959766876491 0.129126848197 0.0161973253943 0.00744362709285 -0.00524378548148 0.000134990837326 0.00160007457674 0.00921522466839 -0.012922085518 0.0821472670207 0.0036280697484 0.00364182269284 0.0273447376085 0.00580934599024 -0.0037392824219 -0.00218539354464 0.0180059719278 0.00122121095203 0.0138402508188 0.0497234510715 -0.000996007577217 -0.00558416858908 0.0142014357898 -0.0123006245289 -0.0174869842643 -0.00364588655069 -0.0220403543697 0.0198494099129 0.0107491498786 0.0326941027378 0.0319547688117 
0.0171915878269 -0.0136475613006 0.0576201611405 0.182443301191 0.57943559525 0.0238648368166 0.0169137652786 0.017785389187 0.0381814689553 0.00169906825478 0.00737315812628 0.0127351683816 -0.0150738735331 0.0371659084623 0.0505507095995 0.0371726737764 -0.00793438419362 0.0166145814284 0.00884147457608 -0.00397803150695 0.276137357827 0.0202783327893 -0.00166739124961 -0.0125653174942 -0.0130001207534 0.0122021385868 0.0128522091911 -0.0161933538615 0.0658344824778 -0.000417664261602 -0.00230967228646 0.0393503078571 0.0141559495967 -0.00182195199912 0.0264954802328 -0.0158589368821 0.0196933585929 0.00129954279206 0.0185419001656 0.0173865842128 0.0010917445232 0.0113930837293 0.0196909270851 0.0460387972287 0.0358836170685 -0.0148481997781 0.0459351911295 0.0309053693281 0.0168386086542 0.0181182160476 
0.00940914738596 0.000614129039622 0.0106583373349 0.0282326899534 0.0238648368166 0.141717272974 0.0209300524925 0.00709295556957 0.0298944299407 -0.0178305037836 -0.000497536510137 0.00706981316231 0.0155454304342 0.0465164413639 0.0101271734334 0.0383611221855 -0.023442898322 0.0207921649695 0.00716868262294 -0.00203880665279 0.0112702847564 0.00835827037739 -0.00874569200039 0.00614958539676 0.0115573030932 0.0118044855526 0.011366985237 -0.00157431382716 0.0338120681844 0.0104372273544 0.0059973776093 0.00504753456415 -0.00239393841702 0.0207573446208 0.0154756558501 0.00724706251311 0.0183084629363 -0.00248470136158 0.0375931040969 0.0181566279423 0.0131849613865 0.000343363177484 0.0170630611173 -0.0019600223672 0.017661807414 0.0124011291171 0.0137250310242 0.0132241716971 0.0156758194997 0.0252387298089 
0.0204729457657 0.00894074072134 0.0394946253195 0.0115309409623 0.0169137652786 0.0209300524925 0.128126477417 0.0282247009634 0.0176733363345 0.013943747447 0.0165312421319 0.0431076184583 0.0315718178812 0.0156039448992 0.0133747338434 0.0149405354345 0.00072302259729 0.00366801619246 0.00934459288441 0.00687351921993 0.00307662662546 0.0152503168448 0.0188125198779 0.0469098410697 0.0186059642459 0.0283155183662 0.00306170064267 0.01599375955 0.0104599946135 0.0154509420289 0.0225613729789 0.00972817435365 0.0186794637399 0.0119207608988 0.0274585957544 0.0214728007813 0.00478101144363 0.0101324032997 0.0250291077417 0.0116021774105 0.0161907552675 0.0156307334597 0.017364382902 0.0304184300315 0.021967221937 0.0337379112707 0.0183604917406 0.0104126528389 0.0110620256816 0.00987509586465 
0.0203441721543 0.0454875381593 0.0175822969566 -0.0238284790976 0.017785389187 0.00709295556957 0.0282247009634 0.801363667881 0.0686103154585 0.0271993034868 0.033927285837 0.0151276786196 -0.00432263499924 0.0126302825693 0.0122668200393 0.0232061318034 -0.0263246071855 0.0232535706364 -0.011751084178 -2.41449852122e-05 -0.0467880585731 0.00749371861579 -0.00272138280801 0.00640881157164 0.0164957630259 0.00854618525811 0.0251795011401 0.015606001402 0.00894941323464 0.0114279627895 0.0209809821196 0.0060492965121 0.0167818738368 0.0389430529615 0.00173847477754 -0.0196320178379 -0.00138861350869 0.00303702556495 0.0196304938546 0.0504580580471 0.0407042401495 0.0264562265013 0.0109799865602 0.0199538496436 0.0103979138159 0.000995329241493 0.00929945991893 0.0156695768411 0.00665669968668 0.0242324126751 
0.0473516165779 0.00807660982604 0.0252652061368 0.00879790629889 0.0381814689553 0.0298944299407 0.0176733363345 0.0686103154585 0.616938853681 -0.0014260499057 0.0131910005324 0.0161127683688 0.010524114831 0.0116994407973 -0.00761701463276 0.0238865178253 -0.0279364358313 0.0284732078668 0.00654728039665 0.0209927864417 0.0180957088894 0.0304300111788 0.00325342988683 0.00659662154133 0.0279720814994 0.0308449927355 -0.00745125468578 0.0167685115043 0.00777804268151 0.00468004735473 0.0178373192301 -0.00230538012853 0.0160392893751 0.0152223057384 0.0206062656034 -0.00716751596033 -0.0141793652587 0.0449017840363 0.0139812576604 0.00625055297661 0.0728156963523 0.0352992841237 0.0443679814922 0.0388319189652 0.0214763311023 0.0111009798304 0.0431285769374 0.00763903136566 2.71223305901e-05 0.039169218576 
0.0468486627105 0.0136419096814 0.0129013201517 0.0100346073188 0.00169906825478 -0.0178305037836 0.013943747447 0.0271993034868 -0.0014260499057 0.361559038304 0.0134036148339 -0.000138249410943 0.0232630350584 -0.0196268153431 -0.00648847190149 0.0172497176136 -0.0155608233596 0.0202972487815 0.0277861721809 -0.0116173780691 -0.00768153894863 0.016693856081 0.021608108538 0.0398220089693 0.0162365414359 0.0269713281942 0.0161146466168 0.00390109007902 0.00371785614999 0.0438160256478 0.0174511466528 0.00576518113254 0.0145558015475 0.029075782659 0.00569755253903 0.0362128793522 -0.00443481953121 -0.00116590890764 0.0236990079917 0.00693548588208 0.0333519174329 0.0165212752469 0.000296294500191 0.0538929533667 0.0145293681477 0.00952809546149 0.022633374103 0.00469091431705 0.0197153072688 0.0153398864757 
-0.000642137399052 -0.00393502943701 0.002196641335 0.0126293613465 0.00737315812628 -0.000497536510138 0.0165312421319 0.033927285837 0.0131910005324 0.0134036148339 0.182275571056 0.00763889623973 0.0035925510035 0.00746581072918 0.00600683946544 0.00566245443473 0.00515073991188 -0.00885585112349 -0.00452199535159 0.00185420100073 0.0140479688115 0.0180598307739 0.0267809995827 0.0192450633922 0.00870580605001 -0.0020793860207 -0.00989116878786 0.0108843310046 0.00369287075046 -0.00324765959533 0.0388063887672 0.023296076582 0.0117176775062 0.00499980057018 0.0027268102354 0.0146723530981 -0.00348207450902 -0.00420081115678 -0.00374617609416 0.0117519314073 -0.010117794435 0.0134274839844 0.00590357381685 0.00419279089222 -0.00215818659217 0.0120758651365 0.0192449839503 0.0191576872485 -0.004757036774 0.00250775961398 
0.0169235731977 0.00951506352077 0.0251851341559 0.00379514763079 0.0127351683816 0.00706981316231 0.0431076184583 0.0151276786196 0.0161127683688 -0.000138249410942 0.00763889623973 0.198061384869 0.0212440701723 0.0216305625692 0.0221587121704 0.0166456946177 -0.000572555966305 0.0228463052476 0.0216869834911 0.0355897152755 -0.00756244556754 0.0147595285794 0.023205166775 0.0285513236574 0.0227867536575 0.0223959479344 0.0211255713975 0.0154476026584 0.0265797081119 0.00385788354821 0.0263610002076 0.0142383042155 0.0267886937896 -0.0019022715175 0.0149155640753 0.017284280065 0.0112401026094 0.017944804057 0.00448824419075 0.0142138968327 -0.00366784797273 0.0131682490618 0.00933886637635 0.0196922038889 0.0230131647885 0.0420441263743 0.0172468497099 0.0171146776208 0.0342984738006 0.00304122650221 
0.00973437862215 0.00191796844252 0.0318205686391 0.0324800594746 -0.0150738735331 0.0155454304342 0.0315718178812 -0.00432263499924 0.010524114831 0.0232630350584 0.0035925510035 0.0212440701723 0.253065458189 -0.00349185352518 -0.00865511308993 0.00836005834216 0.0121766526771 -0.00831826688854 0.0130469158374 0.0312446505685 -0.000490197254621 -0.0111325097657 0.00745057180741 0.00704392196743 -0.00431157415293 0.0353498886394 0.0072373755674 0.00386348517282 0.025005720167 0.0356312921371 0.020629605972 0.0163623420186 0.0199493945291 0.0220897423041 0.0151751202088 0.0520102431752 0.0260679202992 0.0407375758961 0.0146417428785 0.0240521334964 0.0143529144519 0.021256786408 0.000935742434119 0.0496197798417 0.00142152131408 0.00229657003355 0.0109090978728 -0.0100234753994 0.0418066111056 0.0615819816635 
0.0115678755749 0.00927627217289 0.0317231435653 0.0217372593566 0.0371659084623 0.0465164413639 0.0156039448992 0.0126302825693 0.0116994407973 -0.0196268153431 0.00746581072918 0.0216305625693 -0.00349185352518 0.120559121791 0.0128238336484 0.041976198896 -0.003168244049 0.00413992712121 0.0146181035428 0.00413841435572 0.0173903367814 0.0214208052101 0.00817172591388 0.00755147791743 -0.00184612216597 0.0146031278095 0.0186181618745 0.00297080008097 0.0210848132211 -0.00804439958006 0.0154906510081 -0.00397738442185 0.00953269657244 0.0111586542685 0.020715984272 0.0118406160272 0.00832604513547 0.00576901367705 0.0311525119587 0.0150140542455 0.0108998915505 0.0114290941426 0.0090945286214 0.02375985655 0.0263103743892 0.00403370310075 0.0143904757724 0.022983258149 0.0255775807897 0.00595308709038 
0.00147219944372 0.0103691672334 -6.24488756915e-05 0.0110611770982 0.0505507095995 0.0101271734334 0.0133747338434 0.0122668200393 -0.00761701463276 -0.00648847190149 0.00600683946544 0.0221587121704 -0.00865511308993 0.0128238336485 0.220412715152 -0.00417878803762 -0.0282828547157 0.0326443421393 0.0167247404412 0.0160546206806 0.0378698994881 0.0254454167342 0.0315839797429 0.0407750960099 0.0093579214052 -0.000618811652981 0.0267783914626 0.00690992812194 -0.0304935134327 -0.00286511474809 0.0243085092597 -0.00279445472948 -0.00871693985991 0.0122636493726 0.0192390871069 0.0120429857592 -0.0261387055356 -0.000540313885827 0.00913446298045 0.00312152749715 -0.00820751205978 0.0181980965792 0.00865885438303 0.0309759897263 0.011385368935 0.00826044813468 0.040892531636 -0.0074220188929 0.0159783415138 -0.00457120685712 
-0.00190139444156 0.0219123542383 0.0376576304106 0.0390875993456 0.0371726737764 0.0383611221855 0.0149405354345 0.0232061318034 0.0238865178253 0.0172497176136 0.00566245443473 0.0166456946177 0.00836005834216 0.041976198896 -0.00417878803762 0.41968362397 0.00377135008521 0.213864501615 0.00884800160121 0.00527253332272 0.0409590098912 -0.0100239348906 0.0350125863689 -0.0224830101172 0.0186616789402 0.00599064447968 0.00820846732816 -0.00967272980696 0.0801032280771 0.00185446603122 -0.0139302136591 -0.0137331072992 -0.00267519225277 0.00303515195189 0.00509483594939 0.0040780903313 0.0336903505212 -0.00676248415358 0.00190499759653 0.0227405583998 -0.00339607613113 0.0156557370496 -0.00530115366692 0.0367239720089 0.0359270659238 0.008029324355 0.0195817838296 0.0114408404877 0.0161586517821 0.00786260316287 
-0.0287800978832 -0.0176051466289 -0.0100611053037 -0.0339819063313 -0.00793438419362 -0.023442898322 0.00072302259729 -0.0263246071855 -0.0279364358313 -0.0155608233596 0.00515073991188 -0.000572555966305 0.0121766526771 -0.003168244049 -0.0282828547157 0.00377135008521 1.9357252251 -0.0280274231658 -0.0065167511659 -0.0143003010822 -0.0207452936286 0.00634112065184 -0.0143127139402 0.00308263169424 -0.0116932796029 -0.00330045898353 0.0107823053163 -0.00114681360714 -0.0252621534722 -0.0325734094374 -0.0336786502988 -0.0121190076539 0.00450274084648 -0.0279081947129 -0.00175492801672 -0.0119381634885 0.0194079961597 -0.00257762172967 -0.0132126309834 -0.0208084985151 -0.0126053987446 0.0254682360683 -0.016749484911 -0.0101177344966 -0.00185133764498 -0.00833785078139 -0.00800330890021 -0.00165756023309 -0.0182421617197 -0.019586754437 
0.0248759622408 -0.00431822413793 0.0187842413907 0.00778784269195 0.0166145814284 0.0207921649695 0.00366801619246 0.0232535706364 0.0284732078668 0.0202972487815 -0.00885585112349 0.0228463052476 -0.00831826688854 0.00413992712121 0.0326443421393 0.213864501615 -0.0280274231658 0.952586922942 0.0465688290584 0.0243165839029 -0.0344600198755 -0.01160474129 0.00659707884175 0.0308031389905 0.00907384852769 0.0315881181486 0.0311887922426 0.0166575397992 0.0296101986864 0.0233427549853 0.00545967350929 0.0207833573414 0.00135005675369 -0.00892305662812 0.0111863932216 -0.0111573269667 -0.0207578284554 0.00125621975898 0.0293776413771 0.00881954695738 0.0535093103901 0.0186107835056 0.0248043632712 -0.0262659604714 0.0383896563431 -0.00603357456564 0.00968167759754 0.0111557133416 0.0232445427581 0.0241755392801 
0.0196435593704 0.0023720283482 0.0193079574933 -0.0135350752515 0.00884147457608 0.00716868262294 0.0093445928844 -0.011751084178 0.00654728039665 0.0277861721809 -0.00452199535159 0.0216869834911 0.0130469158374 0.0146181035428 0.0167247404412 0.00884800160121 -0.0065167511659 0.0465688290584 0.232611290219 -0.00460370533061 0.00929094963027 0.0175713082707 0.0177455183922 0.0608085549116 0.00529334147116 0.026628625974 0.00557986619281 0.0474301444466 -0.00545227974053 0.00435328063154 -0.00278421068098 0.00334447112448 0.0133575445972 0.00243229358402 0.0014105917717 0.0139284581158 -0.00284028511113 -0.0056722724689 0.00429588404667 -0.000752844636779 0.00676675077788 0.00107896018042 0.0040208478207 0.000259120719148 0.0355433699842 0.0132492299772 -0.0185264394993 0.010652993058 0.0199813343877 0.0191591531576 
0.0217998478454 0.041370111701 -0.00727933654331 -0.00959766876491 -0.00397803150695 -0.00203880665279 0.00687351921993 -2.41449852116e-05 0.0209927864417 -0.0116173780691 0.00185420100073 0.0355897152755 0.0312446505685 0.00413841435572 0.0160546206806 0.00527253332272 -0.0143003010822 0.0243165839029 -0.00460370533061 0.465750844447 -0.0305715172572 -0.0266653761239 0.0191203881698 -0.0178563052028 0.0064119101566 0.0340825748336 0.0243637977123 0.0252225970513 0.00215460144682 0.0239507781126 0.0272722197121 0.0792106671916 0.00773337696602 0.0238102600915 -0.00849092839924 0.0252771063841 0.00592608212022 0.05726452229 0.00757729550318 -0.00162457022925 0.00829657383684 -0.0112325591085 -0.00648750295822 0.0659752403679 0.102266600853 -0.00512862178795 0.00206019074709 0.00895560454886 0.0530476708321 -0.0211929884119 
0.0459467666013 0.0259465274025 0.0186882139218 0.129126848197 0.276137357827 0.0112702847564 0.00307662662546 -0.0467880585731 0.0180957088894 -0.00768153894863 0.0140479688115 -0.00756244556754 -0.000490197254621 0.0173903367814 0.0378698994881 0.0409590098912 -0.0207452936286 -0.0344600198755 0.00929094963027 -0.0305715172572 0.694987949847 0.0204955248727 0.0179097119319 -0.0264096184299 0.00392113250846 -0.01026993021 0.0124462306654 -0.0159398919024 0.0829146875086 0.0382173806487 0.0063474916124 0.00941889237136 0.00638294754705 0.00811159694468 -0.0154845914466 0.0449862738675 0.0269783518722 0.000708833412391 0.024268151772 0.016554823807 -0.0244406706482 -0.0171545250194 0.0223311969623 0.0800171312033 0.0150947404183 0.0119402661225 0.0525082593009 0.00109448717589 0.0151915535009 -0.0074649057825 
0.0100588193005 0.0612287387879 0.01001650327 0.0161973253943 0.0202783327893 0.00835827037739 0.0152503168448 0.00749371861579 0.0304300111788 0.016693856081 0.0180598307739 0.0147595285794 -0.0111325097657 0.0214208052101 0.0254454167342 -0.0100239348906 0.00634112065184 -0.01160474129 0.0175713082707 -0.0266653761239 0.0204955248727 0.193712080853 0.0170473664406 0.0282002169051 0.00602687249861 0.00619939359691 0.00775635536229 0.0242128933854 -0.00433037022765 -0.00337379692905 0.00703533773246 0.037464326531 -0.00190156122428 0.00640646011516 -0.00417857658078 -0.00640721565439 -0.00160022613322 0.0176877642637 0.0235127726252 0.0150894031088 0.0195894610946 0.00764392235886 0.0138163744388 0.0219850108225 0.0145905616906 0.0188747634674 0.0120858313128 -0.00135853483021 0.0192677257928 0.00988718305548 
0.018143308884 0.0133158728711 0.0207877449367 0.00744362709285 -0.00166739124961 -0.00874569200039 0.0188125198779 -0.00272138280801 0.00325342988683 0.021608108538 0.0267809995827 0.023205166775 0.00745057180741 0.00817172591388 0.0315839797429 0.0350125863689 -0.0143127139402 0.00659707884175 0.0177455183922 0.0191203881698 0.0179097119319 0.0170473664406 0.29635029229 0.0163989297471 0.0292544168075 0.00772090707926 0.0295957206065 0.0101040624759 0.00788508206726 0.0250838549014 0.0188652168369 0.0281707956479 0.00910373717545 0.02118430546 0.0206731306493 0.0243135604342 0.00720303765269 0.0202415985419 -0.009734921597 0.0135083626144 -0.00292021528837 -0.00673755497236 -0.00560427873681 0.0516831743366 0.0488992362557 0.00743351994458 0.0183838676087 0.00545271893923 0.0133422039817 -0.00964835742233 
0.0503809192667 0.0116097616724 0.0195279622146 -0.00524378548148 -0.0125653174942 0.00614958539676 0.0469098410697 0.00640881157164 0.00659662154133 0.0398220089693 0.0192450633922 0.0285513236574 0.00704392196744 0.00755147791743 0.0407750960099 -0.0224830101172 0.00308263169424 0.0308031389905 0.0608085549116 -0.0178563052028 -0.0264096184299 0.0282002169051 0.0163989297471 0.318664758824 0.0158177133773 0.029427597509 0.0149249896512 0.0333068612542 0.00655203727876 0.0237280137571 0.0269314796144 0.00957401177286 -0.0032765879604 0.0201129777325 0.0630209240849 0.00456691590676 -0.00727622772496 -0.0113919262121 0.0479270323262 0.0221496306668 0.0289666211089 0.0354568925199 0.00555193362123 0.0151912540439 0.00676418556258 0.050902415891 0.0219769771067 0.0108618894518 0.00814459419773 0.0100929848887 
0.0170668396745 0.00670733457762 0.00481330029101 0.000134990837326 -0.0130001207534 0.0115573030932 0.0186059642459 0.0164957630259 0.0279720814994 0.0162365414359 0.00870580605001 0.0227867536575 -0.00431157415293 -0.00184612216598 0.00935792140519 0.0186616789402 -0.0116932796029 0.00907384852769 0.00529334147116 0.0064119101566 0.00392113250846 0.00602687249862 0.0292544168075 0.0158177133773 0.133555264575 0.00668182472513 0.0129540427857 -0.0164645246906 0.000540892444085 0.0184608334189 0.006307727737 0.00881636837105 0.0163506386037 0.0198415036009 0.0138584087254 0.00787861712082 0.00310063876567 0.000390417963067 0.0217900852452 0.017219750029 0.0226014971739 0.00576014907042 0.00778994724943 0.0170025699636 0.010964436093 0.0155881588413 0.0189628412734 0.00537845125486 0.00224727150987 0.0190321412508 
0.0404860845148 0.0120124923256 0.0225106247973 0.00160007457674 0.0122021385868 0.0118044855526 0.0283155183662 0.00854618525811 0.0308449927355 0.0269713281942 -0.0020793860207 0.0223959479344 0.0353498886394 0.0146031278095 -0.00061881165298 0.00599064447968 -0.00330045898353 0.0315881181486 0.026628625974 0.0340825748336 -0.01026993021 0.00619939359691 0.00772090707926 0.029427597509 0.00668182472513 0.176188082094 0.0159645045365 0.0197787929854 0.0210744471362 0.0108370992207 0.00907240495842 0.0345874058806 0.0118229153551 0.0141413661993 0.0307737389595 0.0173634616228 -0.00715778049335 0.027527477944 0.012813907275 0.0257017445241 0.020901842806 0.0360210978926 0.00958516011251 0.0171127480626 0.00756144552006 0.0323417304518 0.0324818063369 0.00774852382989 0.0269411970598 0.00802780788149 
0.015828525342 0.0105016242547 0.0230845756643 0.00921522466839 0.0128522091911 0.011366985237 0.00306170064267 0.0251795011401 -0.00745125468578 0.0161146466168 -0.00989116878786 0.0211255713975 0.0072373755674 0.0186181618745 0.0267783914626 0.00820846732816 0.0107823053163 0.0311887922426 0.00557986619281 0.0243637977123 0.0124462306654 0.00775635536229 0.0295957206065 0.0149249896512 0.0129540427857 0.0159645045365 0.212153605728 0.00359338800113 0.0228809394844 0.00601930778381 0.0154068127465 -0.00307050291629 0.00686533542443 0.012918585448 0.0181804333439 0.000775401680946 0.0105479872098 0.0104086763268 0.031880185725 0.0172207991029 0.0217653795777 0.00831641085977 0.00314550029671 0.00807221031203 0.0161073445884 0.0229420099954 0.0281341958337 0.0284769917063 0.0113831253714 0.00101866378948 
0.0239164998596 -0.00390964622442 0.0262236603844 -0.012922085518 -0.0161933538615 -0.00157431382716 0.01599375955 0.015606001402 0.0167685115043 0.00390109007902 0.0108843310046 0.0154476026584 0.00386348517282 0.00297080008097 0.00690992812194 -0.00967272980696 -0.00114681360713 0.0166575397992 0.0474301444466 0.0252225970513 -0.0159398919024 0.0242128933854 0.0101040624759 0.0333068612542 -0.0164645246906 0.0197787929854 0.00359338800113 0.362136443469 -0.0183820948763 0.00936131055978 0.0147461265545 0.0256733648924 -0.00209829470572 0.0157189392666 0.0268920315724 0.0051613691734 -0.0295792443168 0.00822762665596 0.0264039445519 -0.00474716980321 0.00534528533026 0.0115988128556 0.0316447370109 0.0331786987197 0.0370613546151 -0.0066668140039 0.000158946025613 -0.00824608922707 0.0228147058717 0.0936327328975 
0.00529233731708 -0.0139951169942 0.0151080840971 0.0821472670207 0.0658344824778 0.0338120681843 0.0104599946135 0.00894941323464 0.00777804268151 0.00371785614999 0.00369287075046 0.0265797081119 0.025005720167 0.0210848132211 -0.0304935134327 0.0801032280771 -0.0252621534722 0.0296101986864 -0.00545227974053 0.00215460144682 0.0829146875086 -0.00433037022765 0.00788508206726 0.00655203727876 0.000540892444086 0.0210744471362 0.0228809394844 -0.0183820948763 0.434505413411 0.0297541285157 -0.00551623179951 0.00718687357725 -0.00930790599464 0.0207770268751 0.0260522165282 0.0173964083668 0.0665719570164 0.0523249609768 0.00976179606737 0.00820623916901 0.00249901970028 0.0224804758467 -0.00171873248535 -0.00656314510024 -0.0137122672526 -0.00308500612721 0.0309536383471 0.0177292410976 0.0047033406282 0.0054020537374 
0.00804997081818 0.034071137464 0.00649876278625 0.0036280697484 -0.000417664261602 0.0104372273544 0.0154509420289 0.0114279627895 0.00468004735473 0.0438160256478 -0.00324765959533 0.00385788354821 0.0356312921371 -0.00804439958006 -0.00286511474809 0.00185446603122 -0.0325734094374 0.0233427549853 0.00435328063154 0.0239507781126 0.0382173806487 -0.00337379692905 0.0250838549014 0.0237280137571 0.0184608334189 0.0108370992207 0.00601930778381 0.00936131055978 0.0297541285157 0.368590382638 0.00688068765489 0.00917232108497 0.0114205771436 0.0196568535501 0.00184868742434 0.0805828144476 0.0221642508466 0.00271167236058 0.000396523351674 0.0189836133245 0.0147130332164 -0.0054189333868 0.00667138762674 0.123810525085 0.0163715571431 0.0237605804498 0.0376371489464 -0.00894377070646 -0.00147077623296 0.0121474181071 
0.0156420149441 0.0252896700511 0.00587834143236 0.00364182269284 -0.00230967228646 0.0059973776093 0.0225613729789 0.0209809821196 0.0178373192301 0.0174511466528 0.0388063887672 0.0263610002076 0.020629605972 0.0154906510081 0.0243085092597 -0.0139302136591 -0.0336786502988 0.00545967350929 -0.00278421068098 0.0272722197121 0.0063474916124 0.00703533773246 0.0188652168369 0.0269314796144 0.006307727737 0.00907240495842 0.0154068127465 0.0147461265545 -0.00551623179951 0.00688068765489 0.312214271716 0.00766809311438 0.0137780591867 0.0367600794714 0.0275776500769 0.0364398158986 -0.000183485415931 0.00592542206103 -0.00361712050369 0.0263194154033 0.0327842476034 0.0211605180355 -0.00204261385531 0.0225477476655 0.0239012696804 -0.00365381894608 0.0349021881517 -0.000701465239601 0.0184026269942 -0.00188458205242 
0.0150743435992 0.00644269723349 0.0149433637517 0.0273447376085 0.0393503078571 0.00504753456415 0.00972817435365 0.0060492965121 -0.00230538012853 0.00576518113254 0.023296076582 0.0142383042155 0.0163623420186 -0.00397738442185 -0.00279445472948 -0.0137331072992 -0.0121190076539 0.0207833573414 0.00334447112448 0.0792106671916 0.00941889237136 0.037464326531 0.0281707956479 0.00957401177286 0.00881636837105 0.0345874058806 -0.00307050291629 0.0256733648924 0.00718687357725 0.00917232108497 0.00766809311438 0.595827979029 0.00639730940905 0.0119897097618 0.0328305241527 -0.00769823635616 -0.0119975781696 0.0683691709623 0.0409424720449 0.0065931158606 0.014000106799 0.0169748021351 0.00839702907887 0.0307486823766 0.0861497005129 0.0728409342853 0.0245434386768 0.0132718410645 0.0152685833768 0.0964492686375 
0.015630491481 0.0147983162928 0.0278720856065 0.00580934599024 0.0141559495967 -0.00239393841704 0.01867946374 0.0167818738368 0.0160392893751 0.0145558015475 0.0117176775062 0.0267886937896 0.0199493945291 0.00953269657247 -0.00871693985991 -0.00267519225277 0.00450274084648 0.00135005675369 0.0133575445972 0.00773337696602 0.00638294754705 -0.00190156122428 0.00910373717545 -0.0032765879604 0.0163506386037 0.0118229153551 0.00686533542444 -0.00209829470572 -0.00930790599464 0.0114205771436 0.0137780591867 0.00639730940905 0.102589678763 0.00524589516822 0.008008187164 0.0107753121754 0.018627280054 -0.00292623756953 0.0172350911417 0.0286837749296 0.0156110118675 0.0168178905306 0.0199288542774 0.00573007624706 0.0187090793382 0.0194339016772 0.0107090616805 0.00830901942123 0.0139118516009 -0.00384403421642 
0.00993389220579 0.0291824370279 0.0186307251669 -0.00373928242189 -0.00182195199912 0.0207573446208 0.0119207608988 0.0389430529615 0.0152223057384 0.029075782659 0.00499980057018 -0.0019022715175 0.0220897423041 0.0111586542685 0.0122636493726 0.00303515195189 -0.0279081947129 -0.00892305662812 0.00243229358402 0.0238102600915 0.00811159694468 0.00640646011516 0.02118430546 0.0201129777325 0.0198415036009 0.0141413661993 0.012918585448 0.0157189392666 0.0207770268751 0.0196568535501 0.0367600794714 0.0119897097618 0.00524589516822 0.170094539078 0.0204615558183 0.0320201605613 0.00775803832628 0.0168093681477 0.0364891434142 0.0229745416372 0.020196455657 0.0147112629249 0.029703196951 0.00550729914535 0.00520457561083 0.0215895042331 0.0186773102236 0.00722310129619 -0.000227901953656 0.0161391242991 
0.024243793966 0.0036342740929 0.0211538637305 -0.00218539354464 0.0264954802328 0.0154756558501 0.0274585957544 0.00173847477754 0.0206062656034 0.00569755253903 0.0027268102354 0.0149155640753 0.0151751202088 0.020715984272 0.0192390871069 0.0050948359494 -0.00175492801672 0.0111863932216 0.0014105917717 -0.00849092839924 -0.0154845914466 -0.00417857658078 0.0206731306493 0.0630209240849 0.0138584087254 0.0307737389595 0.0181804333439 0.0268920315724 0.0260522165282 0.00184868742434 0.0275776500769 0.0328305241527 0.008008187164 0.0204615558183 0.202095508449 0.0125769108686 -0.0150714664142 0.00820422951484 0.0240347093469 0.0222225260587 0.0386805520065 0.022433441987 0.0114454676441 0.0185138868863 0.00275232664405 0.00181857927151 0.0171760471135 0.00490519161325 0.0161763348595 -0.0173855176212 
-0.0180977060093 0.0122721183447 0.0107369205021 0.0180059719278 -0.0158589368821 0.00724706251311 0.0214728007813 -0.0196320178379 -0.00716751596033 0.0362128793522 0.0146723530981 0.017284280065 0.0520102431752 0.0118406160272 0.0120429857592 0.0040780903313 -0.0119381634885 -0.0111573269667 0.0139284581158 0.0252771063841 0.0449862738675 -0.00640721565439 0.0243135604342 0.00456691590676 0.00787861712082 0.0173634616228 0.000775401680946 0.0051613691734 0.0173964083668 0.0805828144476 0.0364398158986 -0.00769823635616 0.0107753121754 0.0320201605613 0.0125769108686 0.389726638154 0.000305255414501 0.000515023442281 0.00132638262511 -0.0122273275936 0.0255552850678 0.0136450007367 0.00851158818787 0.0596521532632 0.0350586882948 0.0146147784995 0.0231745860611 -0.000579369056734 0.0141832987421 0.00482374863896 
0.0206550218719 0.081158654405 0.0255487431648 0.00122121095203 0.0196933585929 0.0183084629363 0.00478101144363 -0.00138861350869 -0.0141793652587 -0.00443481953121 -0.00348207450902 0.0112401026094 0.0260679202992 0.00832604513547 -0.0261387055356 0.0336903505212 0.0194079961597 -0.0207578284554 -0.00284028511113 0.00592608212022 0.0269783518722 -0.00160022613322 0.00720303765269 -0.00727622772496 0.00310063876567 -0.00715778049335 0.0105479872098 -0.0295792443168 0.0665719570164 0.0221642508466 -0.000183485415931 -0.0119975781696 0.018627280054 0.00775803832628 -0.0150714664142 0.0003052554145 0.423513004561 0.00222697910852 0.0415484216029 0.0513139792784 0.0193463170636 -0.00232107048745 0.00372006103781 -0.000323532883735 0.0393212038404 0.0216686834718 0.0563634260949 0.0277771611799 0.00852297997125 0.0125804312472 
0.0384373905377 -0.00868961201697 0.0135356695474 0.0138402508188 0.00129954279206 -0.00248470136158 0.0101324032997 0.00303702556495 0.0449017840363 -0.00116590890764 -0.00420081115678 0.017944804057 0.0407375758961 0.00576901367705 -0.000540313885827 -0.00676248415358 -0.00257762172967 0.00125621975898 -0.0056722724689 0.05726452229 0.000708833412391 0.0176877642637 0.0202415985419 -0.0113919262121 0.000390417963068 0.027527477944 0.0104086763268 0.00822762665596 0.0523249609768 0.00271167236058 0.00592542206103 0.0683691709623 -0.00292623756952 0.0168093681477 0.00820422951484 0.000515023442281 0.00222697910853 0.328877458466 0.00647905618749 0.00695340762228 0.0173355156836 0.00600525021308 0.0200069953889 0.0207743826143 0.0366204104452 0.0152509202669 0.00852339363246 0.00812164081214 0.013351192115 0.0197247109076 
0.0555784932145 0.00359111465944 0.0362556589675 0.0497234510715 0.0185419001656 0.0375931040969 0.0250291077417 0.0196304938546 0.0139812576604 0.0236990079917 -0.00374617609416 0.00448824419075 0.0146417428785 0.0311525119587 0.00913446298045 0.00190499759653 -0.0132126309834 0.0293776413771 0.00429588404667 0.00757729550318 0.024268151772 0.0235127726252 -0.009734921597 0.0479270323262 0.0217900852452 0.012813907275 0.031880185725 0.0264039445519 0.00976179606737 0.000396523351675 -0.00361712050369 0.0409424720449 0.0172350911417 0.0364891434142 0.0240347093469 0.00132638262511 0.0415484216029 0.00647905618749 0.346958427844 0.0251545428872 0.0600046056034 0.0238726324049 0.0166828491293 -0.000194716412654 0.0417820009086 0.0426521600522 0.0290693130018 -0.00427126687322 0.00636489795652 0.0500711246909 
0.0147195178535 0.0268906522522 0.0154432662767 -0.000996007577217 0.0173865842128 0.0181566279423 0.0116021774105 0.0504580580471 0.00625055297661 0.00693548588208 0.0117519314073 0.0142138968327 0.0240521334964 0.0150140542455 0.00312152749715 0.0227405583998 -0.0208084985151 0.00881954695738 -0.000752844636778 -0.00162457022925 0.016554823807 0.0150894031088 0.0135083626144 0.0221496306668 0.017219750029 0.0257017445241 0.0172207991029 -0.00474716980321 0.00820623916901 0.0189836133245 0.0263194154033 0.0065931158606 0.0286837749296 0.0229745416372 0.0222225260587 -0.0122273275936 0.0513139792784 0.00695340762228 0.0251545428872 0.207553458804 0.00283275772141 0.00448273214664 0.00601202855116 -0.00659745546662 0.00667762242051 0.00834950090923 0.0219289935183 0.0100783054653 0.0169267694951 0.00785004536702 
0.0872914517107 0.0106202771609 0.0165899159584 -0.00558416858908 0.0010917445232 0.0131849613865 0.0161907552675 0.0407042401495 0.0728156963523 0.0333519174329 -0.010117794435 -0.00366784797273 0.0143529144519 0.0108998915505 -0.00820751205978 -0.00339607613113 -0.0126053987446 0.0535093103901 0.00676675077788 0.00829657383684 -0.0244406706482 0.0195894610946 -0.00292021528837 0.0289666211089 0.0226014971739 0.020901842806 0.0217653795777 0.00534528533026 0.00249901970028 0.0147130332164 0.0327842476034 0.014000106799 0.0156110118675 0.020196455657 0.0386805520065 0.0255552850678 0.0193463170636 0.0173355156836 0.0600046056034 0.00283275772141 0.318346651785 0.0220149990163 0.0273030744924 -0.00153998209268 -0.000651297862972 0.0360738480534 0.0239412390594 -0.0020015983009 0.0232508980531 0.0170276231858 
0.0212360346213 -0.0046635784361 0.0202618208121 0.0142014357898 0.0113930837293 0.000343363177488 0.0156307334596 0.0264562265013 0.0352992841237 0.0165212752469 0.0134274839844 0.0131682490618 0.021256786408 0.0114290941426 0.0181980965792 0.0156557370496 0.0254682360683 0.0186107835056 0.00107896018042 -0.0112325591085 -0.0171545250194 0.00764392235886 -0.00673755497236 0.0354568925199 0.00576014907042 0.0360210978926 0.00831641085977 0.0115988128556 0.0224804758467 -0.0054189333868 0.0211605180355 0.0169748021351 0.0168178905306 0.0147112629249 0.022433441987 0.0136450007367 -0.00232107048745 0.00600525021308 0.0238726324049 0.00448273214664 0.0220149990163 0.156383261301 0.0145738445351 0.0244387763683 0.0119180704988 0.00970875957418 0.0234167552405 0.0159937430505 -0.00416746465315 -0.0086422545126 
0.0272481740211 0.0105235977499 0.0155829075182 -0.0123006245289 0.0196909270851 0.0170630611173 0.017364382902 0.0109799865602 0.0443679814922 0.000296294500191 0.00590357381685 0.00933886637635 0.000935742434119 0.0090945286214 0.00865885438302 -0.00530115366692 -0.016749484911 0.0248043632712 0.0040208478207 -0.00648750295822 0.0223311969623 0.0138163744388 -0.00560427873681 0.00555193362123 0.00778994724943 0.0095851601125 0.00314550029671 0.0316447370109 -0.00171873248535 0.00667138762674 -0.00204261385531 0.00839702907887 0.0199288542774 0.029703196951 0.0114454676441 0.00851158818787 0.00372006103781 0.0200069953889 0.0166828491293 0.00601202855116 0.0273030744924 0.0145738445351 0.333412775425 0.0307103040439 0.0192244387526 0.0281670157694 0.0180247998981 0.000933935682732 0.0266128554993 -0.0126958094814 
0.0055393060302 0.0115449243202 0.0507539195523 -0.0174869842643 0.0460387972287 -0.0019600223672 0.0304184300315 0.0199538496436 0.0388319189652 0.0538929533667 0.00419279089222 0.0196922038889 0.0496197798417 0.02375985655 0.0309759897263 0.0367239720089 -0.0101177344966 -0.0262659604714 0.000259120719147 0.0659752403679 0.0800171312033 0.0219850108225 0.0516831743366 0.0151912540439 0.0170025699636 0.0171127480626 0.00807221031203 0.0331786987197 -0.00656314510024 0.123810525085 0.0225477476655 0.0307486823766 0.00573007624707 0.00550729914535 0.0185138868863 0.0596521532632 -0.000323532883735 0.0207743826143 -0.000194716412654 -0.00659745546662 -0.00153998209268 0.0244387763683 0.0307103040439 0.416466616643 0.0918684242634 0.0161346692024 0.0229935978384 0.00869883138457 0.0338997323954 0.0290907678609 
0.0741752010064 0.0128316082012 0.0290205940848 -0.00364588655069 0.0358836170685 0.017661807414 0.021967221937 0.0103979138159 0.0214763311023 0.0145293681477 -0.00215818659217 0.0230131647885 0.00142152131408 0.0263103743892 0.011385368935 0.0359270659238 -0.00185133764498 0.0383896563431 0.0355433699842 0.102266600853 0.0150947404183 0.0145905616906 0.0488992362557 0.00676418556258 0.010964436093 0.00756144552006 0.0161073445884 0.0370613546151 -0.0137122672526 0.0163715571431 0.0239012696804 0.0861497005129 0.0187090793382 0.00520457561083 0.00275232664405 0.0350586882948 0.0393212038404 0.0366204104452 0.0417820009086 0.00667762242051 -0.000651297862972 0.0119180704988 0.0192244387526 0.0918684242634 0.376788509039 0.0373641802812 0.0106276713507 0.0121869702663 0.00472317702127 0.00961113910901 
0.0585402816888 0.0204705615715 0.0317878055047 -0.0220403543697 -0.0148481997781 0.0124011291171 0.0337379112707 0.000995329241493 0.0111009798304 0.00952809546149 0.0120758651365 0.0420441263743 0.00229657003355 0.00403370310074 0.00826044813468 0.008029324355 -0.00833785078139 -0.00603357456564 0.0132492299772 -0.00512862178795 0.0119402661225 0.0188747634674 0.00743351994458 0.050902415891 0.0155881588413 0.0323417304518 0.0229420099954 -0.0066668140039 -0.00308500612721 0.0237605804498 -0.00365381894608 0.0728409342853 0.0194339016772 0.0215895042331 0.00181857927151 0.0146147784995 0.0216686834718 0.0152509202669 0.0426521600522 0.00834950090923 0.0360738480534 0.00970875957418 0.0281670157694 0.0161346692024 0.0373641802812 0.483231652725 0.0110088410618 0.00469982569362 -0.00469820963202 0.00955806300767 
0.0221375448912 0.0165387509176 0.0216041527099 0.0198494099129 0.0459351911295 0.0137250310242 0.0183604917406 0.00929945991893 0.0431285769374 0.022633374103 0.0192449839503 0.0172468497099 0.0109090978728 0.0143904757724 0.040892531636 0.0195817838296 -0.00800330890021 0.00968167759754 -0.0185264394993 0.00206019074709 0.0525082593009 0.0120858313128 0.0183838676087 0.0219769771067 0.0189628412734 0.0324818063369 0.0281341958337 0.000158946025613 0.0309536383471 0.0376371489464 0.0349021881517 0.0245434386768 0.0107090616805 0.0186773102236 0.0171760471135 0.0231745860611 0.0563634260949 0.00852339363247 0.0290693130018 0.0219289935183 0.0239412390594 0.0234167552405 0.0180247998981 0.0229935978384 0.0106276713507 0.0110088410618 0.166051170191 -0.00260589979909 0.0413468209683 0.0228419313369 
