30
0.0905877796438 0.122670110856 0.0449819155318 0.0283013122104 0.126841392599 0.0566217234647 0.234257183995 0.0749299903321 0.0524452719686 0.00640420781163 0.0485380268731 0.106356452037 0.110057805124 0.128291051585 0.171372180847 0.0639224219563 0.0300114281637 0.0566389432936 0.0810581507116 0.0560151075184 0.126514999345 0.0493061267197 0.0170913584406 0.0498631258667 0.0161964684659 0.259768981863 0.05514883533 0.0649337142294 0.0451759103614 0.12825177486 
0.433871901296 0.00257949120752 0.0184110351246 0.00592098185032 0.0618677680295 0.0304550552726 0.0173118413329 0.035903040814 -0.000851136469583 -0.00103630955397 0.0172869790032 0.0216296991553 0.0537378368596 0.025355894494 0.0267756346472 0.099115903962 0.0206126841742 -0.00518746186254 0.0613800459147 0.00823935464034 0.0281155434358 0.0253941210825 0.00562648419281 0.00972968772509 0.00779879594127 -0.00348626269119 0.0335789835142 0.0106225609303 0.0304565298496 -0.00792067258593 
0.00257949120751 0.401348439328 0.00346025882074 0.052291387924 0.0157338360766 0.00858233490208 0.0356843586938 -0.0077495181406 -0.00854925527131 0.0180017605464 0.00581292349952 0.014572102929 0.00478882675756 -0.0040167424307 0.0178100136103 -0.00546114811399 0.0131959140518 -0.00398257252961 -0.00649254774406 -0.00861088975973 0.0106812200362 0.0110262565773 0.0198889900249 0.035774317705 0.00336351876012 0.0127938741343 -0.00427264661429 0.00937892986918 0.0125965536415 -0.0049608839654 
0.0184110351246 0.00346025882074 0.221661078684 0.0166706453938 0.0130179352327 0.0386794950434 -0.0125812611647 0.0030923004609 0.0306319795696 0.0163283347639 0.0361956023702 0.00583021858726 0.0329457787463 0.0100859844884 0.00963920734543 0.040621148501 0.0413772591227 0.00382627958007 0.0258581020777 0.00437257753578 0.0142435356759 0.0182764888051 0.0505136010308 0.0424017811273 0.0266636017184 0.0398408941239 -0.0138257328955 0.0242333006742 0.00550784260748 0.0275576390282 
0.00592098185032 0.052291387924 0.0166706453938 0.212416475413 0.0181510518812 0.0135028998286 0.00341789247422 0.00948819248895 -0.00350541847481 0.012679164039 0.0175710627044 0.00517832662297 0.00216427435497 0.0315168514435 -0.00611248087345 0.0127394729567 0.0164935182001 -0.00307306549025 -0.000881318494099 0.00338114438458 0.00121022123047 0.0041357217986 -0.00541478714106 0.0145491463371 -0.00878062202213 0.010822528274 0.0055759723521 0.0210526931069 -0.00171223573002 0.0210021207849 
0.0618677680295 0.0157338360766 0.0130179352327 0.0181510518812 0.872980024212 0.0357418524668 0.0222038257011 0.0132385261743 0.01116139255 0.0491878363075 0.00363249887373 0.0668965616872 0.0145857129636 -0.00188630765242 -0.0202136789808 0.0182613088649 -0.00240230558997 0.00618927799644 -0.00815059068151 0.00211494034279 0.00114260470831 -0.0013690182607 0.00158418520292 0.00284356815329 -0.0129280162107 0.0748703041117 0.0194028824622 0.0140077690187 -0.00545034998274 0.0213722980983 
0.0304550552726 0.00858233490208 0.0386794950434 0.0135028998286 0.0357418524668 0.181129895713 0.0171453204889 0.0207839499442 0.0290170591777 0.0405778218789 0.0124950498361 0.0543803546392 0.0485868905272 -0.00598343293465 0.024352745064 0.0433962733252 0.0394495198061 0.0105164481884 0.0315935529833 0.0264631039379 0.0301754560491 0.0157752110394 0.0531022696923 0.0284121017893 0.0165370081505 0.0237189939405 0.00984283303289 0.0351252646483 0.0221776859675 0.0157798697406 
0.0173118413329 0.0356843586938 -0.0125812611647 0.00341789247422 0.0222038257011 0.0171453204889 1.25926287089 0.0112752533942 0.00822203402246 0.00213347224873 0.0212181811712 0.0549082267942 0.0600449792387 -0.00200481046458 0.000886248347909 0.00589815338153 0.0209533643528 -0.00671691466422 0.0324969079857 0.00670265929929 0.00817818579074 0.0476712096259 0.011381332063 0.0139149357183 0.0638054635807 0.00930820149331 0.0250484889789 0.0141900095109 -0.0105366511625 -0.0142143627822 
0.035903040814 -0.0077495181406 0.0030923004609 0.00948819248895 0.0132385261743 0.0207839499442 0.0112752533942 0.415102162561 0.0500524571511 0.0123425778228 0.0131616415569 0.019761395374 0.102191772419 0.0601043713122 0.0431285983391 0.0511171426327 0.0151169778901 0.0163579835464 0.0214237077647 0.0417908959523 0.0337279821423 0.0161069779699 0.000390164584881 0.007125376391 0.0266231631237 0.0173734542842 -0.00529770438508 0.0232592336039 0.117967756024 0.00538236451044 
-0.000851136469583 -0.00854925527131 0.0306319795696 -0.00350541847481 0.01116139255 0.0290170591777 0.00822203402246 0.0500524571511 0.258802468028 0.0299228233934 0.0189623696759 0.0206239989204 0.0551307612048 0.0153725963435 0.0189676415996 0.0403862433149 0.0223989344273 0.0129253636913 0.030264394446 -0.00675604291632 0.00747827875064 0.0380976838905 0.0199920774283 0.0255850326489 0.0108060094402 0.0693547111841 0.00999667532182 0.064633034725 0.0209934755874 -0.00257492307492 
-0.00103630955397 0.0180017605464 0.0163283347639 0.012679164039 0.0491878363075 0.0405778218789 0.00213347224873 0.0123425778228 0.0299228233934 0.168319167688 0.0164330139889 0.0483373457584 0.0351634827451 0.0114077561902 0.0622858256327 0.0174823962648 0.0241531167021 0.00697354918779 0.0226605197021 0.0235104416807 0.0511506003599 0.00374702391568 0.0202406343311 0.02197089178 0.00181447414074 0.0184868209027 0.0409814733203 0.0381408671757 0.0267657701147 0.0346575715738 
0.0172869790032 0.00581292349952 0.0361956023702 0.0175710627044 0.00363249887373 0.0124950498361 0.0212181811712 0.0131616415569 0.0189623696759 0.0164330139889 0.199355875134 0.00207289162892 0.0336690435705 0.0215810800279 -0.00115092820498 0.0107953427621 0.016986944451 -0.00561789724801 0.0181675906774 0.00535834679092 0.000349823173956 0.0219586958673 0.0348363903893 0.0286787309888 0.0265992165793 0.0218089967366 -0.000450119648207 0.024914354071 0.0121382034071 0.0074150876959 
0.0216296991553 0.014572102929 0.00583021858726 0.00517832662297 0.0668965616872 0.0543803546392 0.0549082267942 0.019761395374 0.0206239989204 0.0483373457584 0.00207289162892 0.484736918938 0.0889063439197 0.0018749453189 0.178917268002 0.0452304504571 0.00666079132745 0.00499496747518 0.0127928237518 0.0256725530215 0.0592574647846 0.0289765178252 0.0044358071553 0.049487971282 0.0189391199459 0.0405557386568 0.129523858315 0.0494249797968 0.035377987829 0.0504032742059 
0.0537378368596 0.00478882675756 0.0329457787463 0.00216427435497 0.0145857129636 0.0485868905272 0.0600449792387 0.102191772419 0.0551307612048 0.0351634827451 0.0336690435705 0.0889063439197 0.450042832933 0.057461481462 0.0524499803005 0.0207903112621 0.0321867653732 0.0121213689993 0.0325232549135 0.0324807939926 0.0132252864141 0.0125665174155 0.0632937551172 0.0284984992481 0.0388379461204 -0.00122945201647 0.034597663032 0.0296871789598 0.0757538315726 0.0216406782872 
0.025355894494 -0.00401674243069 0.0100859844884 0.0315168514435 -0.00188630765242 -0.00598343293465 -0.00200481046458 0.0601043713122 0.0153725963435 0.0114077561902 0.0215810800279 0.0018749453189 0.057461481462 0.500703077949 0.00696909587664 0.0112315106408 0.0086350358618 -0.0314772520805 0.00710426714368 -0.0128934440005 0.0284904079409 0.0109715296402 0.0126070987081 0.0144908475859 0.0100077167372 0.0162161775688 -0.018042003333 0.0129950193856 0.0113590515342 -0.0379438719827 
0.0267756346472 0.0178100136103 0.00963920734543 -0.00611248087345 -0.0202136789808 0.024352745064 0.000886248347909 0.0431285983391 0.0189676415996 0.0622858256327 -0.00115092820498 0.178917268002 0.0524499803005 0.00696909587664 0.551763994411 0.0516932948092 0.00215999716718 0.00504452264609 0.0175914349483 0.013436624306 0.0556200519855 0.0149746627417 0.00781422174565 0.0563462980175 -0.0119737782717 0.0528251590819 0.175409264429 0.0340985632372 0.0144398683813 0.15298068311 
0.099115903962 -0.00546114811399 0.040621148501 0.0127394729567 0.0182613088649 0.0433962733252 0.00589815338153 0.0511171426327 0.0403862433149 0.0174823962648 0.0107953427621 0.0452304504571 0.0207903112621 0.0112315106408 0.0516932948092 0.43992417974 0.011075163775 0.00484191467074 0.0847141321452 0.0449088646999 0.0339494849695 0.0193978838121 0.0143490357797 0.00591841832553 0.0249922288912 0.0358177704888 0.0165995696364 0.0359628416984 0.00194999206386 0.0277453532843 
0.0206126841742 0.0131959140518 0.0413772591227 0.0164935182001 -0.00240230558997 0.0394495198061 0.0209533643528 0.0151169778901 0.0223989344273 0.0241531167021 0.016986944451 0.00666079132745 0.0321867653732 0.0086350358618 0.00215999716718 0.011075163775 0.210450761394 0.000131379226836 0.0133153968064 0.0159775032648 0.0375326083812 0.0105540906583 0.055520133156 0.0137350540458 0.0065509107493 0.0564424232921 -0.000305571096546 0.0204437001735 0.0146758521233 -0.0018267066705 
-0.00518746186254 -0.00398257252961 0.00382627958007 -0.00307306549025 0.00618927799644 0.0105164481884 -0.00671691466422 0.0163579835464 0.0129253636913 0.00697354918779 -0.00561789724801 0.00499496747518 0.0121213689993 -0.0314772520805 0.00504452264609 0.00484191467074 0.000131379226836 0.207987284551 -0.00830088781466 -0.0157109721443 0.013012998146 0.013435316915 -0.000166377642043 0.00776733960986 0.0218615754221 0.0337204406424 0.020217830523 0.0158184154456 -0.000766116844851 -0.0113452549895 
0.0613800459147 -0.00649254774406 0.0258581020777 -0.000881318494099 -0.00815059068151 0.0315935529833 0.0324969079857 0.0214237077647 0.030264394446 0.0226605197021 0.0181675906774 0.0127928237518 0.0325232549135 0.00710426714368 0.0175914349483 0.0847141321452 0.0133153968064 -0.00830088781466 0.206949358301 0.0322922609184 0.0294364339928 0.0236460786965 0.0424819760876 0.0223316064192 0.0131273021801 0.0123316766618 0.0178654240702 0.0328420188089 0.00262336289898 0.0026728726083 
0.00823935464034 -0.00861088975973 0.00437257753578 0.00338114438458 0.00211494034279 0.0264631039379 0.00670265929929 0.0417908959523 -0.00675604291632 0.0235104416807 0.00535834679092 0.0256725530215 0.0324807939926 -0.0128934440005 0.013436624306 0.0449088646999 0.0159775032648 -0.0157109721443 0.0322922609184 0.359787908307 0.0183192745028 -0.00555650380128 0.0190193340637 0.0153895622294 0.0130455738431 0.00958698936292 0.0300673172523 0.0071210955983 -0.0141750899378 0.017461847623 
0.0281155434358 0.0106812200362 0.0142435356759 0.00121022123047 0.00114260470831 0.0301754560491 0.00817818579074 0.0337279821423 0.00747827875064 0.0511506003599 0.000349823173956 0.0592574647846 0.0132252864141 0.0284904079409 0.0556200519855 0.0339494849695 0.0375326083812 0.013012998146 0.0294364339928 0.0183192745028 0.263963644149 0.011683268801 0.0303608735444 0.00590190353183 0.0243363884077 0.0323451079099 0.0345869892887 0.0281229047987 0.0134884144825 0.0316692949196 
0.0253941210825 0.0110262565773 0.0182764888051 0.0041357217986 -0.0013690182607 0.0157752110394 0.0476712096259 0.0161069779699 0.0380976838905 0.00374702391568 0.0219586958673 0.0289765178252 0.0125665174155 0.0109715296402 0.0149746627417 0.0193978838121 0.0105540906583 0.013435316915 0.0236460786965 -0.00555650380128 0.011683268801 0.2235495611 0.0155526634817 0.0503132078555 0.00965149735562 -0.000706530206479 0.0192533324149 0.0277482950448 0.0151131609039 -0.0148540293915 
0.00562648419281 0.0198889900249 0.0505136010308 -0.00541478714106 0.00158418520292 0.0531022696923 0.011381332063 0.000390164584881 0.0199920774283 0.0202406343311 0.0348363903893 0.0044358071553 0.0632937551172 0.0126070987081 0.00781422174565 0.0143490357797 0.055520133156 -0.000166377642043 0.0424819760876 0.0190193340637 0.0303608735444 0.0155526634817 0.218749260684 0.0289739052869 0.0117578239312 0.0241656689161 0.0125625354665 0.0170696729611 0.0126347543456 0.0103634644952 
0.00972968772509 0.035774317705 0.0424017811273 0.0145491463371 0.00284356815329 0.0284121017893 0.0139149357183 0.007125376391 0.0255850326489 0.02197089178 0.0286787309888 0.049487971282 0.0284984992481 0.0144908475859 0.0563462980175 0.00591841832553 0.0137350540458 0.00776733960986 0.0223316064192 0.0153895622294 0.00590190353183 0.0503132078555 0.0289739052869 0.302519115585 0.0164523041723 0.0327841914556 0.0172438166946 0.0230479362176 0.00495071817562 0.0161940286791 
0.00779879594127 0.00336351876012 0.0266636017184 -0.00878062202213 -0.0129280162107 0.0165370081505 0.0638054635807 0.0266231631237 0.0108060094402 0.00181447414074 0.0265992165793 0.0189391199459 0.0388379461204 0.0100077167372 -0.0119737782717 0.0249922288912 0.0065509107493 0.0218615754221 0.0131273021801 0.0130455738431 0.0243363884077 0.00965149735562 0.0117578239312 0.0164523041723 0.170035176845 0.00443668346709 -0.00396367156891 0.0221950238923 0.0261363795656 0.00447206935624 
-0.00348626269119 0.0127938741343 0.0398408941239 0.010822528274 0.0748703041117 0.0237189939405 0.00930820149331 0.0173734542842 0.0693547111841 0.0184868209027 0.0218089967366 0.0405557386568 -0.00122945201647 0.0162161775688 0.0528251590819 0.0358177704888 0.0564424232921 0.0337204406424 0.0123316766618 0.00958698936292 0.0323451079099 -0.000706530206479 0.0241656689161 0.0327841914556 0.00443668346709 0.613244183458 0.0293411812924 0.0455448084601 0.00955180247912 0.0365771467953 
0.0335789835142 -0.00427264661429 -0.0138257328955 0.0055759723521 0.0194028824622 0.00984283303289 0.0250484889789 -0.00529770438508 0.00999667532182 0.0409814733203 -0.000450119648207 0.129523858315 0.034597663032 -0.018042003333 0.175409264429 0.0165995696364 -0.000305571096546 0.020217830523 0.0178654240702 0.0300673172523 0.0345869892887 0.0192533324149 0.0125625354665 0.0172438166946 -0.00396367156891 0.0293411812924 0.370388830912 0.0207388596934 0.0119424761117 0.0443730124959 
0.0106225609303 0.00937892986918 0.0242333006742 0.0210526931069 0.0140077690187 0.0351252646483 0.0141900095109 0.0232592336039 0.064633034725 0.0381408671757 0.024914354071 0.0494249797968 0.0296871789598 0.0129950193856 0.0340985632372 0.0359628416984 0.0204437001735 0.0158184154456 0.0328420188089 0.0071210955983 0.0281229047987 0.0277482950448 0.0170696729611 0.0230479362176 0.0221950238923 0.0455448084601 0.0207388596934 0.184703749566 0.0156992053718 0.0338374281765 
0.0304565298496 0.0125965536415 0.00550784260748 -0.00171223573002 -0.00545034998274 0.0221776859675 -0.0105366511625 0.117967756024 0.0209934755874 0.0267657701147 0.0121382034071 0.035377987829 0.0757538315726 0.0113590515342 0.0144398683813 0.00194999206387 0.0146758521233 -0.000766116844852 0.00262336289898 -0.0141750899378 0.0134884144825 0.0151131609039 0.0126347543456 0.00495071817562 0.0261363795656 0.00955180247912 0.0119424761117 0.0156992053718 0.363999656959 0.0313263299168 
-0.00792067258593 -0.0049608839654 0.0275576390282 0.0210021207849 0.0213722980983 0.0157798697406 -0.0142143627822 0.00538236451044 -0.00257492307492 0.0346575715738 0.0074150876959 0.0504032742059 0.0216406782872 -0.0379438719827 0.15298068311 0.0277453532843 -0.0018267066705 -0.0113452549895 0.0026728726083 0.017461847623 0.0316692949196 -0.0148540293915 0.0103634644952 0.0161940286791 0.00447206935624 0.0365771467953 0.0443730124959 0.0338374281765 0.0313263299168 0.523652626059 
0.037574408851 0.000223390491455 0.00159444241278 0.000512772069772 0.0053579058789 0.00263748515397 0.00149924943805 0.0031092945418 -7.37105804747e-05 -8.97470399927e-05 0.00149709629715 0.00187318689447 0.00465383318648 0.00219588487675 0.0023188379807 0.00858368907502 0.0017851108135 -0.000449247375412 0.00531566790476 0.000713549042932 0.00243487748566 0.00219919539642 0.000487267824496 0.000842615674082 0.000675395540407 -0.000301919205483 0.00290802527566 0.000919940761887 0.00263761285609 -0.000685950367448 
0.000223390491455 0.0347577944228 0.000299667204243 0.00452856703414 0.00136259017414 0.000743252004898 0.00309035611466 -0.000671127957685 -0.000740387224839 0.0015589981946 0.000503413942084 0.00126198113231 0.000414724562637 -0.000347860098544 0.00154239242282 -0.000472949300054 0.00114279967951 -0.000344900898306 -0.000562271128164 -0.000745724928111 0.000925020789477 0.000954901830456 0.00172243706171 0.00309814679356 0.000291289269237 0.00110798200131 -0.000370022050937 0.000812239152702 0.00109089354536 -0.000429625153927 
0.00159444241278 0.000299667204243 0.019196412517 0.00144372024085 0.00112738626163 0.00334974253132 -0.00108956917803 0.000267801075527 0.00265280724755 0.00141407527071 0.00313463111579 0.000504911740618 0.00285318813417 0.00087347187891 0.000834779843348 0.00351789465327 0.00358337575392 0.000331365531833 0.00223937732929 0.0003786763226 0.00123352637351 0.00158279035972 0.00437460617293 0.0036721019622 0.00230913564445 0.00345032264208 -0.00119734359135 0.00209866540014 0.000476993161812 0.00238656154667 
0.000512772069772 0.00452856703414 0.00144372024085 0.018395806389 0.00157192720345 0.00116938542764 0.000295998171008 0.000821701573143 -0.000303578145008 0.00109804781565 0.00152169866735 0.000448456240459 0.000187431657217 0.00272943939973 -0.000529356371655 0.00110327072113 0.00142838057591 -0.000266135278205 -7.63244204715e-05 0.000292815693091 0.000104808232978 0.000358164014058 -0.000468934322024 0.00125999303313 -0.000760424173219 0.000937258441845 0.000482893370772 0.00182321670486 -0.000148283963946 0.00181883701331 
0.0053579058789 0.00136259017414 0.00112738626163 0.00157192720345 0.0756022877964 0.00309533522145 0.00192290771183 0.00114648999757 0.000966604948989 0.00425979157995 0.000314583630386 0.0057934121847 0.00126315979588 -0.000163359034635 -0.00175055595014 0.00158147573834 -0.000208045766857 0.0005360071976 -0.000705861858604 0.000183159206434 9.8952470388e-05 -0.000118560459201 0.000137194463002 0.000246260225814 -0.0011195990459 0.00648395853498 0.00168033891189 0.00121310838205 -0.000472014154457 0.00185089530904 
0.00263748515397 0.000743252004898 0.00334974253132 0.00116938542764 0.00309533522145 0.0156863091072 0.00148482830994 0.00179994286427 0.0025129510391 0.00351414245774 0.00108210305796 0.00470947685843 0.00420774814875 -0.000518180492325 0.00210900958773 0.00375822751292 0.00341642863192 0.000910751128874 0.00273608194793 0.00229177202732 0.00261327115093 0.00136617335102 0.00459879145522 0.00246056019244 0.00143214691609 0.00205412513047 0.000852414345169 0.00304193715001 0.0019206439445 0.00136657680638 
0.00149924943805 0.00309035611466 -0.00108956917803 0.000295998171008 0.00192290771183 0.00148482830994 0.109055363624 0.000976465587345 0.000712049033423 0.000184764116567 0.00183754839164 0.00475519192805 0.00520004773904 -0.00017362167921 7.67513583351e-05 0.000510795066382 0.00181461458243 -0.000581701873427 0.00281431478601 0.00058046732261 0.000708251665165 0.00412844785652 0.000985652269545 0.00120506878241 0.00552571523611 0.000806113895675 0.00216926277821 0.00122889087163 -0.000912500757753 -0.0012309999268 
0.0031092945418 -0.000671127957685 0.000267801075527 0.000821701573143 0.00114648999757 0.00179994286427 0.000976465587345 0.0359489017943 0.00433466994147 0.00106889859427 0.00113983159438 0.00171138704082 0.00885006709727 0.00520519124349 0.00373504617913 0.00442687440888 0.00130916868813 0.00141664293059 0.00185534751675 0.00361919775416 0.00292092893536 0.00139490521001 3.37892442164e-05 0.000617075696613 0.00230563355942 0.00150458527616 -0.000458794657922 0.00201430871736 0.0102163073544 0.000466126439847 
-7.37105804747e-05 -0.000740387224839 0.00265280724755 -0.000303578145008 0.000966604948989 0.0025129510391 0.000712049033423 0.00433466994147 0.0224129511874 0.00259139252116 0.00164218938553 0.00178609069927 0.00477446397333 0.00133130589556 0.00164264594752 0.00349755126742 0.00193980462317 0.00111936933098 0.00262097344204 -0.000585090479459 0.000647637937463 0.00329935620745 0.00173136469273 0.00221572882306 0.000935827868871 0.00600629417576 0.000865737478208 0.00559738499955 0.00181808831724 -0.000222994879567 
-8.97470399927e-05 0.0015589981946 0.00141407527071 0.00109804781565 0.00425979157995 0.00351414245774 0.000184764116567 0.00106889859427 0.00259139252116 0.0145768675162 0.00142314075752 0.00418613693783 0.00304524693428 0.000987940666093 0.00539411072936 0.00151401992844 0.00209172126446 0.000603927075117 0.0019624585725 0.00203606397497 0.00442977193305 0.000324501789956 0.00175289035195 0.00190273504253 0.000157138070039 0.0016010056537 0.00354909969799 0.00330309598965 0.00231798368712 0.00300143374164 
0.00149709629715 0.000503413942084 0.00313463111579 0.00152169866735 0.000314583630386 0.00108210305796 0.00183754839164 0.00113983159438 0.00164218938553 0.00142314075752 0.017264725226 0.000179517680994 0.00291582470532 0.00186897635453 -9.96733063447e-05 0.000934904107458 0.00147111254272 -0.000486524173262 0.00157335950522 0.000464046444322 3.02955755478e-05 0.0019016788455 0.00301691990533 0.00248365095846 0.00230355972785 0.0018887145205 -3.8981505009e-05 0.00215764635444 0.00105119925069 0.000642165431594 
0.00187318689447 0.00126198113231 0.000504911740618 0.000448456240459 0.0057934121847 0.00470947685843 0.00475519192805 0.00171138704082 0.00178609069927 0.00418613693783 0.000179517680994 0.0419794485953 0.0076995152392 0.000162375027687 0.0154946899266 0.00391707191205 0.000576841449888 0.000432576872458 0.00110789103552 0.00222330830966 0.00513184698673 0.00250944005498 0.000384152168277 0.0042857840312 0.00164017589985 0.0035122299946 0.0112170951697 0.00428032880856 0.00306382361947 0.00436505158963 
0.00465383318648 0.000414724562637 0.00285318813417 0.000187431657217 0.00126315979588 0.00420774814875 0.00520004773904 0.00885006709727 0.00477446397333 0.00304524693428 0.00291582470532 0.0076995152392 0.0389748526111 0.00497631026852 0.00454230153682 0.00180049377056 0.00278745564788 0.0010497413482 0.00281659649688 0.00281291927327 0.00114534340069 0.00108829233189 0.00548139998324 0.00246804243186 0.0033634647971 -0.0001064736679 0.00299624550973 0.00257098511459 0.00656047425759 0.00187413771518 
0.00219588487675 -0.000347860098544 0.00087347187891 0.00272943939973 -0.000163359034635 -0.000518180492325 -0.00017362167921 0.00520519124349 0.00133130589556 0.000987940666093 0.00186897635453 0.000162375027687 0.00497631026852 0.0433621585257 0.000603541407058 0.000972677353781 0.000747816041891 -0.0027260099943 0.00061524758217 -0.00111660500467 0.0024673417041 0.000950162338683 0.00109180677492 0.00125494421318 0.00086669369283 0.00140436217269 -0.00156248332215 0.00112540169106 0.000983722719154 -0.0032860357055 
0.0023188379807 0.00154239242282 0.000834779843348 -0.000529356371655 -0.00175055595014 0.00210900958773 7.67513583351e-05 0.00373504617913 0.00164264594752 0.00539411072936 -9.96733063447e-05 0.0154946899266 0.00454230153682 0.000603541407058 0.0477841636053 0.00447677065101 0.000187061241888 0.000436868476148 0.00152346295543 0.00116364579901 0.00481683779792 0.00129684383474 0.000676731454254 0.00487973254924 -0.00103695961626 0.00457479297239 0.0151908879055 0.0029530221996 0.00125052928455 0.0132485157862 
0.00858368907502 -0.000472949300054 0.00351789465327 0.00110327072113 0.00158147573834 0.00375822751292 0.000510795066382 0.00442687440888 0.00349755126742 0.00151401992844 0.000934904107458 0.00391707191205 0.00180049377056 0.000972677353781 0.00447677065101 0.0380985515394 0.000959137318023 0.000419322110782 0.00733645904973 0.00388922176853 0.0029401116429 0.00167990601609 0.0012426629505 0.000512550062014 0.0021643905117 0.00310190991502 0.0014375648997 0.00311447345031 0.000168874266449 0.00240281807812 
0.0017851108135 0.00114279967951 0.00358337575392 0.00142838057591 -0.000208045766857 0.00341642863192 0.00181461458243 0.00130916868813 0.00193980462317 0.00209172126446 0.00147111254272 0.000576841449888 0.00278745564788 0.000747816041891 0.000187061241888 0.000959137318023 0.0182255705613 1.1377774797e-05 0.00115314718958 0.00138369237164 0.00325041923284 0.000914011062397 0.00480818457346 0.0011894905726 0.000567325512681 0.00488805724221 -2.64632332271e-05 0.00177047636976 0.0012709660761 -0.000158197438192 
-0.000449247375412 -0.000344900898306 0.000331365531832 -0.000266135278205 0.0005360071976 0.000910751128874 -0.000581701873427 0.00141664293059 0.00111936933098 0.000603927075117 -0.000486524173262 0.000432576872458 0.0010497413482 -0.0027260099943 0.000436868476148 0.000419322110782 1.1377774797e-05 0.0180122272085 -0.000718877972146 -0.00136061009951 0.00112695869738 0.00116353257563 -1.44087264631e-05 0.000672671342196 0.00189326796823 0.00292027582231 0.00175091548423 0.00136991496235 -6.63476649908e-05 -0.000982527903333 
0.00531566790476 -0.000562271128164 0.00223937732929 -7.63244204715e-05 -0.000705861858604 0.00273608194793 0.00281431478601 0.00185534751675 0.00262097344204 0.0019624585725 0.00157335950522 0.00110789103552 0.00281659649688 0.00061524758217 0.00152346295543 0.00733645904973 0.00115314718958 -0.000718877972146 0.0179223401585 0.0027965918301 0.00254926996346 0.0020478104851 0.00367904704948 0.00193397384664 0.00113685771711 0.00106795452604 0.00154719110942 0.00284420226 0.000227189891386 0.000231477557987 
0.000713549042932 -0.000745724928111 0.0003786763226 0.000292815693091 0.000183159206434 0.00229177202732 0.00058046732261 0.00361919775416 -0.000585090479459 0.00203606397497 0.000464046444322 0.00222330830966 0.00281291927327 -0.00111660500467 0.00116364579901 0.00388922176853 0.00138369237164 -0.00136061009951 0.0027965918301 0.0311585468569 0.00158649570983 -0.000481207344814 0.00164712264622 0.00133277518438 0.00112977983551 0.00083025763341 0.00260390605642 0.000616704969091 -0.0012275987987 0.00151224036385 
0.00243487748566 0.000925020789477 0.00123352637351 0.000104808232978 9.8952470388e-05 0.00261327115093 0.000708251665165 0.00292092893536 0.000647637937463 0.00442977193305 3.02955755478e-05 0.00513184698673 0.00114534340069 0.0024673417041 0.00481683779792 0.0029401116429 0.00325041923284 0.00112695869738 0.00254926996346 0.00158649570983 0.0228599221509 0.00101180075809 0.00262932877705 0.000511119838925 0.00210759305974 0.00280116851381 0.00299532113645 0.00243551499838 0.00116813095987 0.00274264139204 
0.00219919539642 0.000954901830456 0.00158279035972 0.000358164014058 -0.000118560459201 0.00136617335102 0.00412844785652 0.00139490521001 0.00329935620745 0.000324501789956 0.0019016788455 0.00250944005498 0.00108829233189 0.000950162338683 0.00129684383474 0.00167990601609 0.000914011062397 0.00116353257563 0.0020478104851 -0.000481207344814 0.00101180075809 0.0193599598918 0.00134690016717 0.00435725161487 0.000835844189452 -6.11873107352e-05 0.00166738749788 0.00240307284205 0.00130883812743 -0.00128639668016 
0.000487267824496 0.00172243706171 0.00437460617293 -0.000468934322024 0.000137194463002 0.00459879145522 0.000985652269545 3.37892442164e-05 0.00173136469273 0.00175289035195 0.00301691990533 0.000384152168277 0.00548139998324 0.00109180677492 0.000676731454254 0.0012426629505 0.00480818457346 -1.44087264631e-05 0.00367904704948 0.00164712264622 0.00262932877705 0.00134690016717 0.0189442416811 0.00250921380253 0.00101825742177 0.00209280831808 0.00108794748499 0.00147827704186 0.00109420182338 0.00089750235241 
0.000842615674082 0.00309814679356 0.0036721019622 0.00125999303313 0.000246260225814 0.00246056019244 0.00120506878241 0.000617075696613 0.00221572882306 0.00190273504253 0.00248365095846 0.0042857840312 0.00246804243186 0.00125494421318 0.00487973254924 0.000512550062014 0.0011894905726 0.000672671342196 0.00193397384664 0.00133277518438 0.000511119838925 0.00435725161487 0.00250921380253 0.0261989239227 0.0014248113364 0.0028391942643 0.00149335833158 0.00199600982692 0.000428744770706 0.00140244402257 
0.000675395540407 0.000291289269237 0.00230913564445 -0.000760424173219 -0.0011195990459 0.00143214691609 0.00552571523611 0.00230563355942 0.000935827868871 0.000157138070039 0.00230355972785 0.00164017589985 0.0033634647971 0.00086669369283 -0.00103695961626 0.0021643905117 0.000567325512681 0.00189326796823 0.00113685771711 0.00112977983551 0.00210759305974 0.000835844189452 0.00101825742177 0.0014248113364 0.0147254782685 0.000384228059105 -0.000343264027093 0.00192214545283 0.00226347686668 0.000387292566999 
-0.000301919205483 0.00110798200131 0.00345032264208 0.000937258441845 0.00648395853498 0.00205412513047 0.000806113895675 0.00150458527616 0.00600629417576 0.0016010056537 0.0018887145205 0.0035122299946 -0.0001064736679 0.00140436217269 0.00457479297239 0.00310190991502 0.00488805724221 0.00292027582231 0.00106795452604 0.00083025763341 0.00280116851381 -6.11873107352e-05 0.00209280831808 0.0028391942643 0.000384228059105 0.0531085041598 0.00254102083763 0.00394429611369 0.000827210359885 0.00316767383227 
0.00290802527566 -0.000370022050937 -0.00119734359135 0.000482893370772 0.00168033891189 0.000852414345169 0.00216926277821 -0.000458794657922 0.000865737478208 0.00354909969799 -3.8981505009e-05 0.0112170951697 0.00299624550973 -0.00156248332215 0.0151908879055 0.0014375648997 -2.64632332271e-05 0.00175091548423 0.00154719110942 0.00260390605642 0.00299532113645 0.00166738749788 0.00108794748499 0.00149335833158 -0.000343264027093 0.00254102083763 0.0320766136848 0.001796037934 0.00103424876969 0.00384281560639 
0.000919940761887 0.000812239152702 0.00209866540014 0.00182321670486 0.00121310838205 0.00304193715001 0.00122889087163 0.00201430871736 0.00559738499955 0.00330309598965 0.00215764635444 0.00428032880856 0.00257098511459 0.00112540169106 0.0029530221996 0.00311447345031 0.00177047636976 0.00136991496235 0.00284420226 0.000616704969091 0.00243551499838 0.00240307284205 0.00147827704186 0.00199600982692 0.00192214545283 0.00394429611369 0.001796037934 0.0159958139298 0.00135959106712 0.00293040723996 
0.00263761285609 0.00109089354536 0.000476993161812 -0.000148283963946 -0.000472014154457 0.0019206439445 -0.000912500757753 0.0102163073544 0.00181808831724 0.00231798368712 0.00105119925069 0.00306382361947 0.00656047425759 0.000983722719154 0.00125052928455 0.000168874266449 0.0012709660761 -6.63476649909e-05 0.000227189891386 -0.0012275987987 0.00116813095987 0.00130883812743 0.00109420182338 0.000428744770706 0.00226347686668 0.000827210359885 0.00103424876969 0.00135959106712 0.0315232949895 0.00271293975153 
-0.000685950367448 -0.000429625153927 0.00238656154667 0.00181883701331 0.00185089530904 0.00136657680638 -0.0012309999268 0.000466126439847 -0.000222994879567 0.00300143374164 0.000642165431594 0.00436505158963 0.00187413771518 -0.0032860357055 0.0132485157862 0.00240281807812 -0.000158197438192 -0.000982527903333 0.000231477557987 0.00151224036385 0.00274264139204 -0.00128639668016 0.00089750235241 0.00140244402257 0.000387292566999 0.00316767383227 0.00384281560639 0.00293040723996 0.00271293975153 0.0453496476925 

['ADSK', 'MRK', 'MEL', 'BMY', 'ACS', 'ASN', 'CSC', 'SHLD', 'IR', 'PGL', 'MI', 'HAL', 'CTX', 'AW', 'EOG', 'ASH', 'NCC', 'LH', 'GWW', 'SVU', 'AYE', 'CA', 'FHN', 'PRU', 'RTN', 'ATI', 'NBR', 'DOV', 'AZO', 'NEM']