40
0.0833786368315 0.0519302207626 0.106465020668 0.0948967479515 0.0166595463284 0.0444205393046 0.0825599502725 0.0637259516476 0.00194148072761 0.0807794462486 0.00643120824938 0.161692830297 0.0665048210348 0.0415474718814 0.162419244675 0.0795042219188 0.0321720089654 0.0161964684659 0.110955558587 0.0288411222523 0.0360508970818 -0.00139328324831 0.0038222736377 0.107494880462 0.121962687623 0.13588321519 0.0430779984078 0.0939670182087 0.0402434153999 0.0345230729479 0.0088766616328 0.0677272644226 0.00326137985962 0.0594275332512 0.165275344352 0.0950879331279 0.0824662750087 0.0578888041786 0.109746753301 0.0566389432936 
0.372039579501 0.0213711637024 0.0309391037164 -0.00836076337495 0.0221274302867 0.0143560860426 0.0404472009158 0.0358293062858 0.0200794303848 0.035091142052 0.0242922231256 -0.0022055838926 0.0421986787341 0.0137738607156 0.0226089482312 0.0137692734931 0.015825387136 0.0275921358091 0.00745691850325 0.0123912004502 0.0229214181829 -0.00745920247224 0.0145248161092 0.0437443552278 0.0695886726345 0.0136325868807 0.0195898206966 0.0288250808004 -0.00410076782963 0.0100663843164 0.0256432193025 0.0231709746749 0.0142641083325 0.00100199137032 -0.0070759738534 0.00877135442596 -0.00493263292243 -0.0140030878556 0.04106283885 -0.00341380630685 
0.0213711637024 0.259447565493 0.0342289405871 0.0415885246162 0.0505295404531 -0.00269940300121 0.0234590171927 0.0389028279686 0.0171703868729 0.00356800940076 0.0178544527284 0.0292504525785 0.0175270697221 0.0183152125585 0.0443164601587 0.0222216462435 0.0145300901724 0.0142113160302 -0.000525447273421 0.0137268010721 0.0236626108849 0.0278626242463 0.0157224026404 0.0410109821499 0.0536823027309 -0.00256256563379 0.00180698734305 0.0383241086676 0.00923809855717 -1.24000377851e-05 0.0262702456638 0.00491437677335 0.0182061876863 0.0316617036397 0.00759567350842 0.00221393970101 0.0566821733686 0.0454858020528 0.00673963577759 0.0100133043184 
0.0309391037164 0.0342289405871 0.257724500669 0.0110181636611 0.0149199203594 0.0205346138836 0.0326473734287 0.00889957690083 0.0298524696912 0.00745137741899 0.0211070905529 0.0340248030872 0.0278703079455 0.00698893790458 0.0163842093669 0.0224609873617 0.021585089686 0.0220270404183 0.0446055039636 0.0258987318391 0.0264045539445 0.00465087719876 0.0091440765286 0.0306124456554 0.02357362916 0.00346151237459 0.00658133664956 0.0260912098663 0.0138964887122 0.0182853934316 0.0116260333057 0.02028668274 0.0104881646586 -0.000925419608999 0.00649642848117 0.0394649611963 0.00234955848046 0.0294568570663 0.0430183512224 0.00255581599232 
-0.00836076337495 0.0415885246162 0.0110181636611 0.55309404744 0.0128052524066 -0.01032328923 0.0125034630041 0.0053317037575 -0.00597239003472 0.0193956338286 0.015887445024 0.0158173020037 0.0149283557412 0.00715322584471 0.0197796887756 0.0335655187554 0.0109349386619 0.000583035426261 -0.0103296609502 0.0145186114915 0.015616448614 0.0812660543302 0.000886385800282 -0.0214340885316 0.0492003466954 -0.00493679588068 0.0453870681404 0.00654141917183 -0.000812222006372 0.000305414381879 0.0357197220352 -0.000577934616085 0.0120777711117 0.00463794394586 0.00648019115001 0.00578609086846 0.0291213251147 0.00307355171734 0.0182739194671 0.0140508114526 
0.0221274302867 0.0505295404531 0.0149199203594 0.0128052524066 0.205787937773 0.0102687710545 0.00985078123881 0.00768980342177 0.0252264377974 0.0027402260885 0.0126412097424 0.00401816021369 0.0159817666895 1.33005767524e-05 0.0132508357443 0.0320276215202 0.0328903474211 0.0191826649889 0.0167779967718 0.0232782744999 0.0165339024423 0.0392300564099 0.0170532132223 0.0280360846769 0.0383739777027 -0.00678613844333 0.0179199731233 0.0222753573036 0.00481329970992 0.0107641455167 0.0191164006804 0.0130042204661 0.00508748996403 0.00876876436647 -0.0107191910439 0.033779185487 0.0265656049943 0.0401559784975 0.0192105392976 0.0208004357897 
0.0143560860426 -0.00269940300121 0.0205346138836 -0.01032328923 0.0102687710545 0.176525425734 0.0129307813375 0.0257431878668 0.000869985431926 0.0156661130373 0.020139948552 0.00672445111419 0.0214364908606 0.0199639643542 0.0114750979181 0.0254928991021 0.0181268129508 0.0121123006961 0.0134264815434 0.0198317736434 0.0195999036857 0.00831527874906 0.0103242874289 0.0292014181261 0.0098960852438 -0.00108251510073 0.00501493386717 0.0303567629786 0.0145772884423 0.030619924194 0.0219583873827 0.0188148175097 0.0156021438032 -0.000588282963437 0.0143646342577 0.0258871103476 0.0237492416171 0.0264456183434 0.0129457575817 0.00727428618784 
0.0404472009158 0.0234590171927 0.0326473734287 0.0125034630041 0.00985078123881 0.0129307813375 0.353569375012 0.0142945938517 0.0146259293746 0.00355364287353 0.0029136674817 0.10330538079 0.0379586187519 0.0145580398776 0.0108653888258 0.0303551387164 0.0224256660916 -0.00464001060063 0.0190567510801 0.0176980976519 0.00202484285333 0.0230766183118 0.0245507568652 0.035851746242 -0.00902870843883 -0.000734931264274 0.0252964811162 0.0293961384619 0.00882908005894 -0.00250364736185 0.0184604127898 0.0235410607623 0.0144480189625 -0.00607847069535 -0.00749394378589 0.0210316060501 -0.0243468778675 -0.0206725637524 0.000265459277077 -0.00493428240421 
0.0358293062858 0.0389028279686 0.00889957690083 0.0053317037575 0.00768980342177 0.0257431878668 0.0142945938517 0.199761781778 0.00834368369408 0.00384588411997 0.0108935112604 -0.00399141391194 0.0234133727183 0.0171038419138 0.016281733609 0.0189428617095 0.00532166347885 -0.0012646030851 0.00700561649596 0.0124806125273 0.0161593378685 0.0118174173544 0.013969730335 0.0117793994896 0.0115852245875 0.00947435976713 -0.000369803155246 0.0187593295748 0.0317714258704 0.00395562966093 0.0232661459622 0.00318200662397 0.0288766089106 0.0158946649293 -0.00447898109986 0.0100517271318 0.0181336721185 0.0164388755841 0.0238788568117 0.0120996268734 
0.0200794303848 0.0171703868729 0.0298524696912 -0.00597239003472 0.0252264377974 0.000869985431926 0.0146259293746 0.00834368369408 0.208410641491 0.0164588669524 0.00327129867732 0.0373620073618 0.0351752781084 0.0218592273622 0.0210776925627 -0.0158199984958 0.035564069216 0.027997738917 0.0491583993105 0.0269399650815 0.0133846511897 0.0263041350149 0.0238590409286 0.039997728162 0.00250528222593 0.00588130093977 0.0248319680351 0.0292898051695 0.00499417510901 0.022595707564 0.042259103243 0.0294553679426 0.0183065106457 -0.00749548273867 -0.0099526990492 0.043897371331 0.00981862027253 0.0388149827023 0.0188123860323 0.00997329197343 
0.035091142052 0.00356800940076 0.00745137741899 0.0193956338286 0.0027402260885 0.0156661130373 0.00355364287353 0.00384588411997 0.0164588669524 0.494597451208 0.000222243103989 0.00506171507467 -0.00319378677825 0.0297279968929 -0.034469455711 -0.00049685742825 0.0108234397106 0.0288804917554 0.0413037280007 -0.00656178982216 -0.00465682376198 0.00207888742262 0.0155903169816 0.0130538207171 0.059710713233 0.0230164565314 -0.00271219184856 -0.0145225401225 0.0162529214672 0.0349421841237 0.0175678024731 -0.00569373769855 0.0125785422646 0.00792608961683 -0.0198799949881 0.0117497808668 0.0220718647695 0.0106024093165 0.0387796176921 0.00168813121835 
0.0242922231256 0.0178544527284 0.0211070905529 0.015887445024 0.0126412097424 0.020139948552 0.0029136674817 0.0108935112604 0.00327129867732 0.000222243103989 0.192989408309 0.0299988623966 0.0324166933366 0.0203835594215 0.0167972940324 0.00707783413898 0.0270779611543 0.0124278491456 0.0388757455248 0.0202972516733 0.0525708253776 0.0121664040392 0.0218333085364 0.0185443693383 -0.00333564251869 0.0264458603046 -1.08051840643e-05 0.0359275055838 0.0204504474127 0.0207778477617 0.0551825135858 0.0091062031993 -0.00155963879352 0.00922379974805 0.00673643196628 0.0309132879523 0.00785276469293 -0.000495942692724 0.0494246235615 0.0070717221197 
-0.0022055838926 0.0292504525785 0.0340248030872 0.0158173020037 0.00401816021369 0.00672445111419 0.10330538079 -0.00399141391194 0.0373620073618 0.00506171507467 0.0299988623966 0.8839427026 0.0316020163201 0.00715997036697 0.00362316282225 0.0669990475716 0.000830381201417 0.00176426887818 0.00719430749222 0.00937541527561 0.0154329424173 -0.0595535636411 0.0511055457539 0.0416146149077 0.0522373864984 0.0215687699592 0.00507221712627 0.0206966098063 0.0153307002942 0.0184635675348 0.0357664209887 0.0233960799726 0.0217316284321 -0.00120078515401 -0.0336972865131 0.0245939398561 -0.00444147435991 0.0356992023323 0.00951885197363 -0.00277382338667 
0.0421986787341 0.0175270697221 0.0278703079455 0.0149283557412 0.0159817666895 0.0214364908606 0.0379586187519 0.0234133727183 0.0351752781084 -0.00319378677825 0.0324166933366 0.0316020163201 0.23526485249 0.0209616437443 0.00818497917332 0.0160163135794 0.0297196098828 0.0244597760352 0.0128127770615 0.0560636142312 0.0365574189202 0.00524997079205 0.00672104224358 0.0284952943886 -0.00902539646684 0.00471188821695 0.0332958094402 0.0254755109948 0.00723689451888 0.0113350139937 0.013233901335 0.0369633255009 0.00942051799832 0.0129220682746 0.00740665564828 0.0538332121211 -0.00577465620782 -0.000433434382661 0.0205597866562 0.0159288229131 
0.0137738607156 0.0183152125585 0.00698893790458 0.00715322584471 1.33005767522e-05 0.0199639643542 0.0145580398776 0.0171038419138 0.0218592273622 0.0297279968929 0.0203835594215 0.00715997036697 0.0209616437443 0.181822518409 0.0231011536266 0.0257465073203 0.0197302310045 0.0247510535556 0.0155415408304 0.0195703210043 0.027546292269 0.0200825409259 -0.00498982953857 0.0197623880798 0.0158730631528 0.00433778876362 0.0164637221837 0.0222419909605 0.0292858145026 0.0102986270663 0.0317348998794 0.0294931032652 0.0089078689598 0.00115527465721 -0.0153222419508 0.00881970426636 0.00102714652156 -0.00223440914981 0.0159094588587 0.00018316594763 
0.0226089482312 0.0443164601587 0.0163842093669 0.0197796887756 0.0132508357443 0.0114750979181 0.0108653888258 0.016281733609 0.0210776925627 -0.034469455711 0.0167972940324 0.00362316282225 0.00818497917332 0.0231011536266 1.30122777153 0.00696227573051 0.005764336843 0.0140213910168 0.0124721288747 0.0257178884582 0.0105816483912 0.0344730014252 0.0222614727395 0.00241966104209 0.0151300583695 0.019763335587 0.0341468354256 0.0426756367077 0.0189314084638 0.00637662615358 0.00128570339963 0.00199235202501 0.0140472337763 0.0222034363908 0.00695012891515 0.021963902055 0.0156381843067 0.0241858374551 0.0364016479437 0.00136930312876 
0.0137692734931 0.0222216462435 0.0224609873617 0.0335655187554 0.0320276215202 0.0254928991021 0.0303551387164 0.0189428617095 -0.0158199984958 -0.00049685742825 0.00707783413898 0.0669990475716 0.0160163135794 0.0257465073203 0.00696227573051 0.260672334317 0.00680807636201 -0.0012452610355 0.040266974361 0.000497237123042 0.00388345170622 0.0177708536754 0.00986992932746 0.0199625691661 0.00919820725948 0.0167164919717 0.00712037716655 0.0280837237844 0.0196668443008 -0.00868119986199 0.011665307113 0.0131925743698 0.0241686875279 0.0140005631309 -0.0449138532304 0.0265317905813 0.0286407036294 0.0077504644647 0.0249113714832 8.96267435947e-05 
0.015825387136 0.0145300901724 0.021585089686 0.0109349386619 0.0328903474211 0.0181268129508 0.0224256660916 0.00532166347885 0.035564069216 0.0108234397106 0.0270779611543 0.000830381201417 0.0297196098828 0.0197302310045 0.005764336843 0.00680807636201 0.152832462082 0.0187707239116 0.0338188744632 0.0161329776634 0.024038047688 0.031927066023 0.0171039444532 0.0179130529495 -0.00110715780213 0.00718144335191 0.0100671525266 0.0154064426121 0.0122088621586 0.0129195984354 0.0282323427825 0.00996765557792 0.010080051833 0.0120531057977 0.0161795657943 0.02932330062 0.00886069366088 0.00380424248865 0.00622300075358 0.00279999593085 
0.0275921358091 0.0142113160302 0.0220270404183 0.000583035426261 0.0191826649889 0.0121123006961 -0.00464001060063 -0.0012646030851 0.027997738917 0.0288804917554 0.0124278491456 0.00176426887818 0.0244597760352 0.0247510535556 0.0140213910168 -0.0012452610355 0.0187707239116 0.170421492068 0.023664619613 0.0204034965917 0.0152219039051 0.00977022335921 0.00996073479746 0.0361674416048 0.0256789466553 0.0197482364675 0.0133312047763 0.0100886584581 0.0158579886486 0.00337219536938 -0.0053053693417 0.0271362908422 0.0239681182561 0.0101873669866 -0.0103709940315 0.0199696951391 0.00595265671892 -0.00850111461085 0.0253536660857 0.0132325886781 
0.00745691850325 -0.000525447273421 0.0446055039636 -0.0103296609502 0.0167779967718 0.0134264815434 0.0190567510801 0.00700561649596 0.0491583993105 0.0413037280007 0.0388757455248 0.00719430749222 0.0128127770615 0.0155415408304 0.0124721288747 0.040266974361 0.0338188744632 0.023664619613 0.479966756236 0.0223588140772 0.0252666083536 0.0226572448433 0.0205214732982 0.005317014376 -0.00847810544862 -0.00814780252772 0.00900209734472 0.0650887124897 0.0160918776783 0.00991205975877 0.023209047681 0.00235165632608 0.0306713491928 0.00168058116069 -0.0101656998544 0.0943307270316 -0.0218956385943 -0.00171598682952 0.000339973313052 0.0275272041146 
0.0123912004502 0.0137268010721 0.0258987318391 0.0145186114915 0.0232782744999 0.0198317736434 0.0176980976519 0.0124806125273 0.0269399650815 -0.00656178982216 0.0202972516733 0.00937541527561 0.0560636142312 0.0195703210043 0.0257178884582 0.000497237123042 0.0161329776634 0.0204034965917 0.0223588140772 0.177688504044 0.0205630268838 0.00878628036111 -0.000900846635368 0.0412144656074 -0.00637071858746 0.00173016672545 0.0173250312139 0.0394119881537 0.00597107264469 0.014091680721 0.0113726120126 0.0205215600209 0.0202145695326 0.00180405147903 -0.0040677668947 0.0390098079469 0.00153994551871 0.00370567771106 -0.00943328870123 -0.00326624878002 
0.0229214181829 0.0236626108849 0.0264045539445 0.015616448614 0.0165339024423 0.0195999036857 0.00202484285333 0.0161593378685 0.0133846511897 -0.00465682376198 0.0525708253776 0.0154329424173 0.0365574189202 0.027546292269 0.0105816483912 0.00388345170622 0.024038047688 0.0152219039051 0.0252666083536 0.0205630268838 0.181638809473 0.0161159719013 0.0246019303528 0.032549197853 0.00909234285044 0.0317050018677 0.0216615253887 0.0231171891456 0.0225796519706 0.0256167204637 0.0186976226583 0.0263001198166 0.00700965613688 0.00536835539683 0.00666527273017 0.0459392982297 0.00242471161861 0.0224361328114 0.0248685411288 -0.00761225808869 
-0.00745920247224 0.0278626242463 0.00465087719876 0.0812660543302 0.0392300564099 0.00831527874906 0.0230766183118 0.0118174173544 0.0263041350149 0.00207888742262 0.0121664040392 -0.0595535636411 0.00524997079205 0.0200825409259 0.0344730014252 0.0177708536754 0.031927066023 0.00977022335921 0.0226572448433 0.00878628036111 0.0161159719013 0.349693583632 0.00541539937952 -0.00113723739493 0.0151283177857 0.00800449988788 0.0171237440932 0.00118266135527 0.0170426710483 0.0199822739708 0.0167270812479 -0.0075218441084 0.0214299507865 0.0168879840328 -0.00568303064531 0.0468442215039 0.00199814060985 -0.00571176578561 -0.000998116512623 0.00346745055714 
0.0145248161092 0.0157224026404 0.0091440765286 0.000886385800282 0.0170532132223 0.0103242874289 0.0245507568652 0.013969730335 0.0238590409286 0.0155903169816 0.0218333085364 0.0511055457539 0.00672104224358 -0.00498982953857 0.0222614727395 0.00986992932746 0.0171039444532 0.00996073479746 0.0205214732982 -0.000900846635368 0.0246019303528 0.00541539937952 0.210159553947 0.00338147949691 0.0253518328307 0.015203949397 0.0313476701951 0.0277291656404 0.0138813874737 0.0186140713763 0.0219028425715 0.00285305444762 0.0214405764012 0.0211668211204 0.00738674256777 0.0148687222754 0.00521462388951 0.0238540333723 0.0219492066471 -0.0247009212568 
0.0437443552278 0.0410109821499 0.0306124456554 -0.0214340885316 0.0280360846769 0.0292014181261 0.035851746242 0.0117793994896 0.039997728162 0.0130538207171 0.0185443693383 0.0416146149077 0.0284952943886 0.0197623880798 0.00241966104209 0.0199625691661 0.0179130529495 0.0361674416048 0.005317014376 0.0412144656074 0.032549197853 -0.00113723739493 0.00338147949691 0.453215937003 0.0359783890062 0.093107141602 0.0420970140195 0.0433419263203 0.000322864295954 0.0734173187634 0.0448280568072 0.0207179182035 0.00674707262536 0.0354123131555 0.00429171218921 0.0302769143186 0.0518567357585 0.0881518088297 0.0233283966602 -0.0015328666287 
0.0695886726345 0.0536823027309 0.02357362916 0.0492003466954 0.0383739777027 0.0098960852438 -0.00902870843883 0.0115852245875 0.00250528222593 0.059710713233 -0.00333564251869 0.0522373864984 -0.00902539646684 0.0158730631528 0.0151300583695 0.00919820725948 -0.00110715780213 0.0256789466553 -0.00847810544862 -0.00637071858746 0.00909234285044 0.0151283177857 0.0253518328307 0.0359783890062 0.39201186502 -0.00528993317539 -0.0119174432303 0.0363433644103 0.00907058902551 -0.000429780414528 0.0332642556676 -0.00321175921027 0.029569988254 0.00763786251498 -0.0225358373128 0.03268951855 0.171937141139 0.122425392858 0.00935809211245 -0.00139361740554 
0.0136325868807 -0.00256256563379 0.00346151237459 -0.00493679588068 -0.00678613844333 -0.00108251510073 -0.000734931264274 0.00947435976713 0.00588130093977 0.0230164565314 0.0264458603046 0.0215687699592 0.00471188821695 0.00433778876362 0.019763335587 0.0167164919717 0.00718144335191 0.0197482364675 -0.00814780252772 0.00173016672545 0.0317050018677 0.00800449988788 0.015203949397 0.093107141602 -0.00528993317539 1.20721886249 -0.000363934938493 -0.00011302223853 0.0105533548822 -0.00488882050813 0.00856877142416 -0.000792524356457 -0.0210722247676 0.0320570502473 0.021256264341 -0.00368434843921 -0.0151003205487 -0.0209611786612 0.011702456915 0.0234922095261 
0.0195898206966 0.00180698734305 0.00658133664956 0.0453870681404 0.0179199731233 0.00501493386717 0.0252964811162 -0.000369803155246 0.0248319680351 -0.00271219184856 -1.08051840643e-05 0.00507221712627 0.0332958094402 0.0164637221837 0.0341468354256 0.00712037716655 0.0100671525266 0.0133312047763 0.00900209734472 0.0173250312139 0.0216615253887 0.0171237440932 0.0313476701951 0.0420970140195 -0.0119174432303 -0.000363934938493 0.334006564826 0.0174000173665 0.0214401406527 0.0184953200261 0.00959346276292 0.0234408787239 -0.000277248783736 0.0271603228059 -0.0146989667807 0.0057872004008 -0.00454338754035 -0.0125056978952 0.00309141850332 -0.00413828465341 
0.0288250808004 0.0383241086676 0.0260912098663 0.00654141917183 0.0222753573036 0.0303567629786 0.0293961384619 0.0187593295748 0.0292898051695 -0.0145225401225 0.0359275055838 0.0206966098063 0.0254755109948 0.0222419909605 0.0426756367077 0.0280837237844 0.0154064426121 0.0100886584581 0.0650887124897 0.0394119881537 0.0231171891456 0.00118266135527 0.0277291656404 0.0433419263203 0.0363433644103 -0.00011302223853 0.0174000173665 0.224878161427 0.0174743039802 0.0299283176259 0.0235803753236 -0.00587417158312 0.0123848812316 0.0275797632161 -0.0028135677033 0.0449791162531 0.0270117013169 0.0190938937326 0.0239005804819 0.0128758291286 
-0.00410076782963 0.00923809855717 0.0138964887122 -0.000812222006372 0.00481329970992 0.0145772884423 0.00882908005894 0.0317714258704 0.00499417510901 0.0162529214672 0.0204504474127 0.0153307002942 0.00723689451888 0.0292858145026 0.0189314084638 0.0196668443008 0.0122088621586 0.0158579886486 0.0160918776783 0.00597107264469 0.0225796519706 0.0170426710483 0.0138813874737 0.000322864295954 0.00907058902551 0.0105533548822 0.0214401406527 0.0174743039802 0.138636901221 -0.00597430367158 0.0136175696541 0.0138211177423 0.0106314221426 0.00419796126725 -0.00763689722742 0.0213389927441 -0.00110650256967 -0.0112516167813 0.00622234055258 0.00258526795189 
0.0100663843164 -1.24000377851e-05 0.0182853934316 0.000305414381879 0.0107641455167 0.030619924194 -0.00250364736185 0.00395562966093 0.022595707564 0.0349421841237 0.0207778477617 0.0184635675348 0.0113350139937 0.0102986270663 0.00637662615358 -0.00868119986199 0.0129195984354 0.00337219536938 0.00991205975877 0.014091680721 0.0256167204637 0.0199822739708 0.0186140713763 0.0734173187634 -0.000429780414529 -0.00488882050813 0.0184953200261 0.0299283176259 -0.00597430367158 0.185286048151 0.0151436602834 0.0110255486885 0.0049026269885 0.0302267997441 0.00155378819309 0.0251052246626 0.0307330464008 0.0205152046352 0.0149761351181 0.0246968633377 
0.0256432193025 0.0262702456638 0.0116260333057 0.0357197220352 0.0191164006804 0.0219583873827 0.0184604127898 0.0232661459622 0.042259103243 0.0175678024731 0.0551825135858 0.0357664209887 0.013233901335 0.0317348998794 0.00128570339963 0.011665307113 0.0282323427825 -0.0053053693417 0.023209047681 0.0113726120126 0.0186976226583 0.0167270812479 0.0219028425715 0.0448280568072 0.0332642556676 0.00856877142416 0.00959346276292 0.0235803753236 0.0136175696541 0.0151436602834 0.271512587088 0.022260736028 0.0153542563241 -0.0137912883052 -0.0398469126307 0.0120028030535 0.0139495524228 0.0284870135042 0.0402688744399 0.0121443509866 
0.0231709746749 0.00491437677335 0.02028668274 -0.000577934616085 0.0130042204661 0.0188148175097 0.0235410607623 0.00318200662397 0.0294553679426 -0.00569373769855 0.0091062031993 0.0233960799726 0.0369633255009 0.0294931032652 0.00199235202501 0.0131925743698 0.00996765557792 0.0271362908422 0.00235165632608 0.0205215600209 0.0263001198166 -0.0075218441084 0.00285305444762 0.0207179182035 -0.00321175921027 -0.000792524356457 0.0234408787239 -0.00587417158312 0.0138211177423 0.0110255486885 0.022260736028 0.299705572251 0.0223668316847 -0.0032555473131 -0.000889897711865 0.0488259597045 -0.00749264487615 -0.0106314550774 0.00567206320547 0.0186748423419 
0.0142641083325 0.0182061876863 0.0104881646586 0.0120777711117 0.00508748996403 0.0156021438032 0.0144480189625 0.0288766089106 0.0183065106457 0.0125785422646 -0.00155963879352 0.0217316284321 0.00942051799832 0.0089078689598 0.0140472337763 0.0241686875279 0.010080051833 0.0239681182561 0.0306713491928 0.0202145695326 0.00700965613688 0.0214299507865 0.0214405764012 0.00674707262536 0.029569988254 -0.0210722247676 -0.000277248783736 0.0123848812316 0.0106314221426 0.0049026269885 0.0153542563241 0.0223668316847 0.16048121573 0.0273264124269 0.00802562647446 0.00983627002058 -0.00974259215459 0.0041762542435 -0.00376716995404 0.011389592195 
0.00100199137032 0.0316617036397 -0.000925419608999 0.00463794394586 0.00876876436647 -0.000588282963437 -0.00607847069535 0.0158946649293 -0.00749548273867 0.00792608961683 0.00922379974805 -0.00120078515401 0.0129220682746 0.00115527465721 0.0222034363908 0.0140005631309 0.0120531057977 0.0101873669866 0.00168058116069 0.00180405147903 0.00536835539683 0.0168879840328 0.0211668211204 0.0354123131555 0.00763786251498 0.0320570502473 0.0271603228059 0.0275797632161 0.00419796126725 0.0302267997441 -0.0137912883052 -0.0032555473131 0.0273264124269 0.227934236551 0.00702270405648 0.00347079564493 0.013417059206 0.00775763755149 -0.00964760753736 0.0132417435523 
-0.0070759738534 0.00759567350842 0.00649642848117 0.00648019115001 -0.0107191910439 0.0143646342577 -0.00749394378589 -0.00447898109986 -0.0099526990492 -0.0198799949881 0.00673643196628 -0.0336972865131 0.00740665564828 -0.0153222419508 0.00695012891515 -0.0449138532304 0.0161795657943 -0.0103709940315 -0.0101656998544 -0.0040677668947 0.00666527273017 -0.00568303064531 0.00738674256777 0.00429171218921 -0.0225358373128 0.021256264341 -0.0146989667807 -0.0028135677033 -0.00763689722742 0.00155378819309 -0.0398469126307 -0.000889897711865 0.00802562647446 0.00702270405648 1.37460708517 0.0247340548595 -0.0273117248802 -0.0172133215462 0.000367332201963 -0.0209778614874 
0.00877135442596 0.00221393970101 0.0394649611963 0.00578609086846 0.033779185487 0.0258871103476 0.0210316060501 0.0100517271318 0.043897371331 0.0117497808668 0.0309132879523 0.0245939398561 0.0538332121211 0.00881970426636 0.021963902055 0.0265317905813 0.02932330062 0.0199696951391 0.0943307270316 0.0390098079469 0.0459392982297 0.0468442215039 0.0148687222754 0.0302769143186 0.03268951855 -0.00368434843921 0.0057872004008 0.0449791162531 0.0213389927441 0.0251052246626 0.0120028030535 0.0488259597045 0.00983627002058 0.00347079564493 0.0247340548595 0.271443762957 0.0108180062639 0.00744753843388 0.0245141060407 0.0286071674124 
-0.00493263292243 0.0566821733686 0.00234955848046 0.0291213251147 0.0265656049943 0.0237492416171 -0.0243468778675 0.0181336721185 0.00981862027253 0.0220718647695 0.00785276469293 -0.00444147435991 -0.00577465620782 0.00102714652156 0.0156381843067 0.0286407036294 0.00886069366088 0.00595265671892 -0.0218956385943 0.00153994551871 0.00242471161861 0.00199814060985 0.00521462388951 0.0518567357585 0.171937141139 -0.0151003205487 -0.00454338754035 0.0270117013169 -0.00110650256967 0.0307330464008 0.0139495524228 -0.00749264487615 -0.00974259215459 0.013417059206 -0.0273117248802 0.0108180062639 0.401927437877 0.156294900149 0.0226376682624 0.0144858953683 
-0.0140030878556 0.0454858020528 0.0294568570663 0.00307355171734 0.0401559784975 0.0264456183434 -0.0206725637524 0.0164388755841 0.0388149827023 0.0106024093165 -0.000495942692724 0.0356992023323 -0.000433434382661 -0.00223440914981 0.0241858374551 0.0077504644647 0.00380424248865 -0.00850111461085 -0.00171598682952 0.00370567771106 0.0224361328114 -0.00571176578561 0.0238540333723 0.0881518088297 0.122425392858 -0.0209611786612 -0.0125056978952 0.0190938937326 -0.0112516167813 0.0205152046352 0.0284870135042 -0.0106314550774 0.0041762542435 0.00775763755149 -0.0172133215462 0.00744753843388 0.156294900149 0.402839886105 -0.00352882714952 -0.00305961953335 
0.04106283885 0.0067396357776 0.0430183512224 0.0182739194671 0.0192105392976 0.0129457575817 0.000265459277077 0.0238788568117 0.0188123860323 0.0387796176921 0.0494246235615 0.00951885197363 0.0205597866562 0.0159094588587 0.0364016479437 0.0249113714832 0.00622300075358 0.0253536660857 0.000339973313052 -0.00943328870123 0.0248685411288 -0.000998116512623 0.0219492066471 0.0233283966602 0.00935809211245 0.011702456915 0.00309141850332 0.0239005804819 0.00622234055258 0.0149761351181 0.0402688744399 0.00567206320547 -0.00376716995404 -0.00964760753736 0.000367332201963 0.0245141060407 0.0226376682624 -0.00352882714952 0.402571415542 0.0136940392476 
-0.00341380630685 0.0100133043184 0.00255581599232 0.0140508114526 0.0208004357897 0.00727428618784 -0.00493428240421 0.0120996268734 0.00997329197343 0.00168813121835 0.0070717221197 -0.00277382338667 0.0159288229131 0.00018316594763 0.00136930312876 8.96267435948e-05 0.00279999593085 0.0132325886781 0.0275272041146 -0.00326624878002 -0.00761225808869 0.00346745055714 -0.0247009212568 -0.0015328666287 -0.00139361740554 0.0234922095261 -0.00413828465341 0.0128758291286 0.00258526795189 0.0246968633377 0.0121443509866 0.0186748423419 0.011389592195 0.0132417435523 -0.0209778614874 0.0286071674124 0.0144858953683 -0.00305961953335 0.0136940392476 0.203798309251 
0.0322195727061 0.00185079706747 0.00267940497887 -0.000724063347774 0.00191629167488 0.00124327352118 0.0035028303505 0.00310290894434 0.00173892968068 0.00303898204648 0.00210376823412 -0.000191009168117 0.00365451277899 0.00119285132879 0.0019579923521 0.00119245406367 0.00137051872845 0.00238954905554 0.000645788085776 0.00107310943733 0.00198505304372 -0.000645985883293 0.00125788597359 0.00378837228994 0.00602655583172 0.0011806166558 0.00169652823789 0.00249632522393 -0.000355136911548 0.000871774454224 0.00222076793508 0.00200666526989 0.00123530801783 8.67749981067e-05 -0.000612797311356 0.000759621575848 -0.000427178541837 -0.00121270298144 0.00355614615956 -0.000295644298534 
0.00185079706747 0.0224688182667 0.0029643132093 0.00360167188236 0.00437598656739 -0.00023377515741 0.00203161048367 0.00336908372999 0.00148699912247 0.0003089986782 0.00154624096335 0.00253316350052 0.00151788876332 0.00158614393514 0.00383791803032 0.00192445101608 0.00125834272086 0.00123073607034 -4.55050687132e-05 0.00118877584411 0.00204924221462 0.00241297404134 0.00136160000951 0.00355165523759 0.00464902378986 -0.000221924693773 0.00015648969434 0.00331896516835 0.000800042803317 -1.07387477298e-06 0.00227507001085 0.000425597512949 0.00157670210424 0.00274198396791 0.000657804621715 0.000191732802352 0.00490882020789 0.00393918600893 0.000583669579565 0.000867177591553 
0.00267940497887 0.0029643132093 0.0223195964757 0.000954200963353 0.00129210300537 0.00177834972801 0.00282734547561 0.000770725967905 0.00258529971183 0.000645308213803 0.00182792766188 0.00294663438323 0.00241363946921 0.000605259777084 0.00141891415327 0.00194517856493 0.00186932360111 0.00190759765724 0.00386294995811 0.00224289596985 0.00228670144916 0.000402777780401 0.000791900256792 0.00265111556095 0.00204153617119 0.000299775765191 0.000569960472938 0.00225956505597 0.00120347122481 0.00158356152299 0.0010068440188 0.00175687826114 0.000908301703343 -8.01436890553e-05 0.000562607209856 0.00341776589554 0.000203477733175 0.0025510386535 0.00372549849875 0.000221340157675 
-0.000724063347774 0.00360167188236 0.000954200963353 0.0478993495765 0.0011089673886 -0.000894023072381 0.00108283165968 0.000461739089945 -0.000517224149137 0.0016797111618 0.0013758930992 0.00136981853546 0.00129283353086 0.000619487530052 0.00171297129586 0.00290685919334 0.000946993466999 5.04923490448e-05 -0.000894574879535 0.00125734863793 0.00135242412166 0.00703784675153 7.67632620598e-05 -0.00185624651753 0.00426087501132 -0.000427539064597 0.00393063540129 0.000566503517961 -7.03404891031e-05 2.64496613389e-05 0.00309341866986 -5.00506059256e-05 0.00104596566038 0.000401657727844 0.000561201015729 0.000501090168069 0.00252198073412 0.000266177386706 0.00158256784852 0.00121683596617 
0.00191629167488 0.00437598656739 0.00129210300537 0.0011089673886 0.0178217581904 0.000889301659883 0.000853102679993 0.000665956511336 0.00218467359795 0.000237310540476 0.00109476087715 0.000347982882153 0.00138406159504 1.15186373526e-06 0.00114755603759 0.00277367338593 0.0028483876406 0.00166126751927 0.0014530171429 0.00201595770731 0.00143187795387 0.00339742254429 0.00147685158667 0.00242799615528 0.00332328395348 -0.000587696828552 0.00155191519599 0.00192910253033 0.000416843982482 0.000932202346753 0.00165552886182 0.001126198528 0.000440589555035 0.000759397270116 -0.000928309175207 0.00292536327509 0.0023006488792 0.00347760974926 0.00166368150522 0.00180137058036 
0.00124327352118 -0.00023377515741 0.00177834972801 -0.000894023072381 0.000889301659883 0.0152875503099 0.00111983851291 0.0022294254667 7.53429484971e-05 0.00135672518689 0.0017441707077 0.000582354549139 0.00185645456533 0.0017289300291 0.000993772630801 0.00220774982386 0.0015698280505 0.00104895601011 0.00116276741 0.00171748197773 0.00169740145036 0.000720124263623 0.00089410951894 0.00252891699237 0.000857026121914 -9.37485577214e-05 0.000434306012727 0.00262897279161 0.00126243021093 0.00265176322139 0.00190165212995 0.00162941099309 0.00135118528871 -5.0946799095e-05 0.00124401381832 0.00224188951916 0.0020567446561 0.00229025773042 0.0011211354937 0.000629971663307 
0.0035028303505 0.00203161048367 0.00282734547561 0.00108283165968 0.000853102679993 0.00111983851291 0.030620006076 0.00123794814123 0.00126664263924 0.000307754500445 0.000252331005733 0.00894650841114 0.00328731281318 0.00126076323633 0.000940970274511 0.00262883212638 0.00194211965321 -0.000401836705397 0.00165036305489 0.00153270021652 0.000175356534966 0.00199849376915 0.00212615791274 0.00310485230156 -0.000781909087139 -6.36469144896e-05 0.0021907395273 0.00254578026812 0.000764620762309 -0.000216822221748 0.00159871864403 0.00203871566522 0.00125123514559 -0.000526411003833 -0.000648994569311 0.00182139051218 -0.00210850147361 -0.00179029653709 2.29894477619e-05 -0.000427321391149 
0.00310290894434 0.00336908372999 0.000770725967905 0.000461739089945 0.000665956511336 0.0022294254667 0.00123794814123 0.0172998777725 0.000722584204022 0.00033306333479 0.000943405748791 -0.000345666584475 0.00202765755623 0.00148123615997 0.0014100394923 0.00164049994608 0.000460869576308 -0.00010951783974 0.000606704185467 0.00108085275035 0.00139943971025 0.0010234183636 0.00120981413541 0.00102012591993 0.00100330988013 0.000820503624293 -3.20258926843e-05 0.00162460559698 0.00275148619182 0.000342567577433 0.00201490734514 0.000275569857136 0.00250078768917 0.00137651836134 -0.000387891141555 0.000870505104803 0.00157042207186 0.00142364838655 0.00206796966123 0.00104785842487 
0.00173892968068 0.00148699912247 0.00258529971183 -0.000517224149137 0.00218467359795 7.53429484971e-05 0.00126664263924 0.000722584204022 0.018048890995 0.00142537968983 0.000283302775793 0.00323564475117 0.0030462684427 0.00189306462027 0.00182538172125 -0.00137005205852 0.0030799387403 0.00242467531506 0.00425724226122 0.00233306941376 0.00115914479511 0.00227800491475 0.00206625355541 0.0034639048682 0.000216963805131 0.000509335602114 0.00215051151443 0.00253657153486 0.000432508251535 0.00195684567669 0.00365974569495 0.00255090969161 0.00158539032738 -0.000649127846531 -0.000861929021283 0.0038016238732 0.000850317458612 0.00336147610677 0.00162920042097 0.000863712420835 
0.00303898204648 0.0003089986782 0.000645308213803 0.0016797111618 0.000237310540476 0.00135672518689 0.000307754500445 0.00033306333479 0.00142537968983 0.0428333957393 1.9246817387e-05 0.000438357384138 -0.000276590048424 0.00257452005128 -0.00298514243003 -4.30291154923e-05 0.000937337374575 0.0025011239534 0.00357700777196 -0.000568267668028 -0.000403292767882 0.00018003693196 0.00135016105592 0.00113049403575 0.00517109945379 0.00199328360613 -0.000234882704079 -0.00125768886736 0.00140754428763 0.00302608191148 0.00152141632303 -0.000493092148943 0.00108933371437 0.000686419496085 -0.00172165806868 0.00101756087195 0.00191147955993 0.000918195580937 0.00335841340704 0.000146196452001 
0.00210376823412 0.00154624096335 0.00182792766188 0.0013758930992 0.00109476087715 0.0017441707077 0.000252331005733 0.000943405748791 0.000283302775793 1.9246817387e-05 0.0167133730257 0.002597977692 0.00280736799362 0.00176526802786 0.00145468833469 0.000612958416813 0.00234502022423 0.00107628330745 0.00336673832155 0.0017577935576 0.00455276702749 0.00105364149707 0.00189081998412 0.00160598949441 -0.000288875115913 0.00229027868487 -9.35756389221e-07 0.00311141325302 0.00177106069781 0.00179941439976 0.004778945861 0.000788620330262 -0.000135068681591 0.000798804490123 0.000583392121366 0.00267716926812 0.000680069371402 -4.2949897072e-05 0.00428029795768 0.000612429100416 
-0.000191009168117 0.00253316350052 0.00294663438323 0.00136981853546 0.000347982882153 0.000582354549139 0.00894650841114 -0.000345666584475 0.00323564475117 0.000438357384138 0.002597977692 0.0765516835941 0.0027368148944 0.000620071622814 0.000313775104611 0.00580228772264 7.19131215252e-05 0.000152790166761 0.00062304530509 0.000811934779971 0.00133653201885 -0.00515748989991 0.00442587008971 0.00360393136788 0.00452389037349 0.0018679102713 0.000439266888486 0.00179237898645 0.00132767759126 0.00159899185296 0.00309746291787 0.00202615996053 0.00188201422878 -0.000103991044786 -0.00291827061589 0.00212989766946 -0.000384642962594 0.00309164161147 0.000824356762403 -0.000240220151847 
0.00365451277899 0.00151788876332 0.00241363946921 0.00129283353086 0.00138406159504 0.00185645456533 0.00328731281318 0.00202765755623 0.0030462684427 -0.000276590048424 0.00280736799362 0.0027368148944 0.0203745338874 0.00181533159876 0.000708839989354 0.00138705344347 0.0025737937149 0.00211827874174 0.00110961904283 0.00485525141522 0.00316596534816 0.000454660807504 0.000582059332284 0.00246776488288 -0.000781622261951 0.000408061489567 0.00288350168148 0.00220624396959 0.000626733449786 0.000981641007081 0.00114608947473 0.00320111788922 0.000815840790335 0.00111908393953 0.000641435194849 0.00466209292642 -0.000500099897409 -3.75365186258e-05 0.00178052975406 0.00137947652951 
0.00119285132879 0.00158614393514 0.000605259777084 0.000619487530052 1.15186373523e-06 0.0017289300291 0.00126076323633 0.00148123615997 0.00189306462027 0.00257452005128 0.00176526802786 0.000620071622814 0.00181533159876 0.0157462919922 0.00200061858974 0.00222971293981 0.00170868812724 0.00214350411496 0.00134593691731 0.00169483951499 0.0023855788885 0.00173919906144 -0.000432131914096 0.00171147301166 0.00137464759262 0.000375663526554 0.00142580016519 0.00192621292025 0.00253622593298 0.000891887266356 0.00274832294821 0.00255417766641 0.000771444081277 0.000100049720149 -0.00132694507723 0.000763808794854 8.89534981078e-05 -0.000193505508619 0.00137779955321 1.58626363756e-05 
0.0019579923521 0.00383791803032 0.00141891415327 0.00171297129586 0.00114755603759 0.000993772630801 0.000940970274511 0.0014100394923 0.00182538172125 -0.00298514243003 0.00145468833469 0.000313775104611 0.000708839989354 0.00200061858974 0.112689630625 0.000602950765077 0.000499206214201 0.0012142880817 0.00108011804447 0.00222723447365 0.000916397632073 0.00298544949789 0.0019279000918 0.0002095487931 0.00131030149087 0.00171155506819 0.00295720269374 0.00369581855116 0.00163950806591 0.000552232023944 0.000111345180582 0.000172542746694 0.00121652613032 0.00192287399657 0.00060189882001 0.00190212971459 0.00135430648787 0.00209455496479 0.00315247518588 0.000118585129499 
0.00119245406367 0.00192445101608 0.00194517856493 0.00290685919334 0.00277367338593 0.00220774982386 0.00262883212638 0.00164049994608 -0.00137005205852 -4.30291154923e-05 0.000612958416813 0.00580228772264 0.00138705344347 0.00222971293981 0.000602950765077 0.0225748863582 0.000589596708041 -0.000107842769109 0.00348722227302 4.30619980259e-05 0.000336316783195 0.00153900107298 0.000854760953114 0.00172880920226 0.000796588115598 0.00144769067096 0.000616642751076 0.00243212182302 0.00170319867767 -0.000751813961581 0.00101024523028 0.00114251045455 0.00209306973753 0.00121248433386 -0.00388965378793 0.00229772046513 0.00248035769254 0.000671209911756 0.00215738805475 7.76190368115e-06 
0.00137051872845 0.00125834272086 0.00186932360111 0.000946993466999 0.0028483876406 0.0015698280505 0.00194211965321 0.000460869576308 0.0030799387403 0.000937337374575 0.00234502022423 7.19131215252e-05 0.0025737937149 0.00170868812724 0.000499206214201 0.000589596708041 0.0132356794686 0.00162559237549 0.00292880044126 0.00139715684952 0.00208175599552 0.00276496502442 0.00148124504014 0.00155131589136 -9.58826782642e-05 0.00062193123786 0.000871840983181 0.0013342370684 0.00105731847807 0.00111887004517 0.0024449926058 0.000863224294665 0.000872958095883 0.00104382958153 0.00140119150001 0.00253947232597 0.000767358580548 0.000329457063733 0.000538927674037 0.000242486760661 
0.00238954905554 0.00123073607034 0.00190759765724 5.04923490448e-05 0.00166126751927 0.00104895601011 -0.000401836705397 -0.00010951783974 0.00242467531506 0.0025011239534 0.00107628330745 0.000152790166761 0.00211827874174 0.00214350411496 0.0012142880817 -0.000107842769109 0.00162559237549 0.0147589341482 0.00204941617557 0.00176699463744 0.00131825554758 0.000846126162972 0.000862624937496 0.00313219232197 0.00222386201459 0.00171024744608 0.00115451619993 0.000873703451481 0.00137334210226 0.000292040685641 -0.000459458462637 0.00235007172338 0.00207569992907 0.000882251860803 -0.000898154429376 0.00172942632963 0.000515515193859 -0.000736218121348 0.00219569189092 0.00114597579531 
