40
0.0704328117516 0.0415097954764 0.00610402508206 0.0461662895592 0.0189508527873 0.0948967479515 0.0413299620627 0.116406698245 0.00633581846688 0.112278324126 0.0526772687529 0.0166595463284 0.0498180241401 0.0217130314185 0.0292815331214 0.0413413845105 0.0524263551757 0.035272852014 0.0540494724418 0.0398839612709 0.110374427341 0.0176756211385 0.0485380268731 0.087070388143 0.0431815223905 0.0826231173305 0.0493870590102 0.0256858872149 0.0729597235382 0.139274044211 0.0172523696575 0.109959402945 0.0541634245192 0.121962687623 0.0677272644226 -0.00660692339257 0.022775665512 0.107494880462 0.134581744136 0.0201569416701 
0.283776723664 -0.0100769699306 0.0144986735911 0.0260594574984 0.0347981230987 0.0395089942794 0.0021366950311 0.0181901905574 -0.00477122856074 0.0247638109421 0.00219379084481 0.0113980531642 -0.000117112999113 0.0274625401527 0.0120360396987 0.0201821961536 0.0176810080933 0.00881013371602 0.00357625134455 0.00258619743025 -0.0102797474505 0.0141021851328 0.0115386696627 0.0320387594327 0.000896136981028 -0.00834377339578 -0.0144030666595 0.0491572150244 -0.00539645084626 0.0560945724931 -0.000498008696409 0.0138639328357 0.00131964617613 0.0112278889946 0.00495787124732 0.0192774926907 0.00113454918323 0.0227278117417 0.0147220703804 0.0125872875181 
-0.0100769699306 0.392051935776 0.00367013245123 -0.00655295681759 -0.00308330459736 0.0103034538307 -0.0124914577487 0.0284456399972 -0.0195587575928 0.0107001828781 0.00661169264045 0.0221903470773 0.0988805074726 0.026717614141 0.007832440938 0.0104717716903 0.0140192877594 0.0100484222037 0.0236119932029 0.00369408352162 0.174678249979 0.0278608141825 0.00275180682892 0.0261410803286 -0.00718152464667 0.00095769743304 0.0159872393962 0.0123900756787 0.168912817128 0.0344592254126 0.0038923553809 0.019545005642 -0.023083016386 0.0931779180637 -0.0139143821575 -0.0024205442488 0.0408556416504 0.0389216993388 -0.0164743899422 0.00463109204935 
0.0144986735911 0.00367013245123 0.177358334842 0.023579750217 0.004374908861 0.0122773637937 0.0136842981713 0.0347974684122 0.0225177718871 0.0111916850914 0.000264046726828 0.0147899996439 -0.0115608149543 0.0154878769718 0.0249843961947 0.0116515315106 -0.00360759382501 0.00853090412036 0.0181066827419 0.0262776847386 -0.00250521083491 0.0148480163651 0.029670762353 0.025324782339 -0.00154288581291 0.0242356028687 0.0182567269375 0.0112167012137 -0.0205777166758 0.0291475221388 0.0150163605331 0.0188014318033 -0.00245024401247 0.0211784104314 0.0167016214848 0.0265564416923 0.0430887118143 0.0317995693859 0.0317290645505 0.00399775660985 
0.0260594574984 -0.00655295681759 0.023579750217 0.336249801874 -0.00575425917973 -0.0129327518856 0.0107184740758 0.0400964563806 0.00922352992957 0.026353437031 0.0217833573376 0.0298157222813 0.0154278917232 0.0296639596121 0.0339451714293 0.019762135523 0.0172709252011 0.0448920334649 0.0186935322577 0.0170820898949 -0.00420145672829 -0.0178810951123 0.0183255886928 0.0431355276752 0.0290554508258 0.0162317461278 0.0117677654609 0.0263637239525 0.005503213665 0.0429332908772 -0.00595896386086 0.0173877439206 -0.00963898724484 -0.012983994859 0.0162273979615 0.0295877281901 0.0405462808352 0.032948447831 0.0537438084767 3.27709801357e-05 
0.0347981230987 -0.00308330459736 0.004374908861 -0.00575425917973 0.390284730901 0.0232108281771 -0.0184428917787 0.0267015214758 0.0102547389696 0.0158498173731 -0.000923660378094 0.00120655016431 0.00622754227169 0.00577891060783 0.0221494863602 0.0195666347015 0.0289286263114 0.0298094859168 -0.00299967092234 0.00225763978621 0.00568217119572 0.0240907660184 0.00407426323639 0.00900535621346 0.00882994978834 0.00589580622982 -0.025422728321 0.0142354389844 0.0175839327552 0.0582037832031 -0.0019365215153 0.0328758099784 0.00786295501366 -0.00284592902942 0.0091443253477 0.025583230031 0.00277320349207 0.0334569571179 0.0384881110312 0.0259062286922 
0.0395089942794 0.0103034538307 0.0122773637937 -0.0129327518856 0.0232108281771 0.546401949732 -0.000688978275904 -0.00277053765154 0.00896472067377 0.0181876476919 0.0260512622451 0.0161997939276 0.0144710777623 -0.0310029295152 -0.0055593669415 -0.00568748337002 0.0438262541577 -0.0113241776176 0.017725748618 -0.00568988204667 0.00672430179246 0.000462106618907 0.0239481480845 0.00509316160861 0.0141245157803 -0.00880411781653 -0.0016725717444 0.00771671026388 0.000983074175219 0.107655438632 0.0130810250683 0.05342047753 0.0240280068915 0.0501714253883 -0.00477002630258 -0.00426259423292 0.0154365884028 -0.0226021933539 0.0197941554297 0.0159017678709 
0.0021366950311 -0.0124914577487 0.0136842981713 0.0107184740758 -0.0184428917787 -0.000688978275904 0.289594274911 0.0258403875516 0.0473780879513 0.00582805059892 0.0173737783717 0.0179428930882 0.0244195377897 0.0167802496615 0.0194161886591 0.0394261534647 -0.00750715146454 0.010119205575 0.0232973176279 0.0135173733787 -0.00416366342202 0.0326498833776 0.0236137790632 0.0148284398564 0.0169831058287 0.0174681198561 -0.00151760399755 0.0332536093684 0.00278904194916 0.0120193511138 0.01049557937 0.0322745952692 -0.00585315148233 -0.00953252499094 0.0119706564737 0.0173937017952 0.0220686027607 0.00788399912156 0.0124328936672 -0.000429877729159 
0.0181901905574 0.0284456399972 0.0347974684122 0.0400964563806 0.0267015214758 -0.00277053765154 0.0258403875516 0.551924250038 0.014045762876 0.0153166631888 0.0153917004323 0.0367832547436 0.016062168058 0.0305643078613 0.0299188589744 -0.000743808225611 0.0505866757433 -0.00173779758581 0.00689720865994 0.000919517558973 0.0368659357004 -0.0124141190695 0.0119219588208 0.0400169217902 0.0417158035638 -0.00639083028793 0.00946992026309 -0.00906313181378 0.0343020070409 0.017134465289 0.0100321106371 0.0363495370891 0.00779433449039 0.0378403523893 0.0290546390168 0.0124771336764 0.0249899950918 0.0520065624796 0.0272047018028 0.0286328503759 
-0.00477122856074 -0.0195587575928 0.0225177718871 0.00922352992957 0.0102547389696 0.00896472067377 0.0473780879513 0.014045762876 0.196788714117 0.0255440754813 0.00297889695526 0.0180662704432 0.00792277640199 0.0193374661309 0.0123788257252 0.0108032222612 0.0117911086792 0.0139744741309 0.016534272803 0.00727977634649 -0.00113090817793 0.0179616339079 0.0084785240605 -0.00593923413187 0.0125597345498 0.0324192873635 0.0271138140776 0.00848264579802 -0.00689989411237 0.0390656873569 0.0149457445467 0.0226142560321 0.0137287615695 0.012252639544 0.0073464315422 0.0329297664545 0.017031665794 0.0252315057275 0.0330843042493 0.00900335989966 
0.0247638109421 0.0107001828781 0.0111916850914 0.026353437031 0.0158498173731 0.0181876476919 0.00582805059892 0.0153166631888 0.0255440754813 0.259585956677 0.00160558888526 0.0262763384108 0.00588721256685 0.0169821066551 0.0173960094239 0.0221366749667 0.0234381095877 0.000832876725403 0.0192449967288 -0.00231502833905 -0.0148190588046 0.0298655257709 0.01217838155 0.0208491176774 0.0163856723411 0.020733732867 0.0212603025473 0.0212082318467 0.000144992690592 0.0364149954579 -0.0141025139196 0.0389414584464 0.0465198097681 0.014318660854 0.0357035645945 0.0208696746482 0.0272158052342 0.0206324147182 0.029319074951 0.00995058695729 
0.00219379084481 0.00661169264045 0.000264046726828 0.0217833573376 -0.000923660378094 0.0260512622451 0.0173737783717 0.0153917004323 0.00297889695526 0.00160558888526 0.239311282113 0.0102432084489 0.0141305972315 0.0122297418588 0.0121497437725 0.010386511782 -0.0037250948205 0.0062094699604 0.0165738430555 -0.00246853246699 0.0489317695739 0.0208082436927 0.0234241877737 0.0517602149659 0.0239913080627 0.012424779032 0.0109460155012 0.00942088528709 0.0294365775753 0.0298338882718 0.0324769688971 0.0289612084831 0.0232450364039 0.0235752377687 0.00572653144751 0.0129491506929 0.0229838775391 0.045258637635 0.0397823374083 0.0148829088425 
0.0113980531642 0.0221903470773 0.0147899996439 0.0298157222813 0.00120655016431 0.0161997939276 0.0179428930882 0.0367832547436 0.0180662704432 0.0262763384108 0.0102432084489 0.198769076302 0.00461024447225 0.00107970653885 0.0346957131171 0.0233662665737 -0.00851824585455 0.0138221031692 0.0169449954382 0.0120110892348 0.0465309271445 0.00523427640733 0.00281390177682 0.0378212994974 0.0151415201884 0.0025625644991 0.0188382297966 0.0393925364663 0.0448092526963 0.0323192615768 0.0163800388961 0.0471559151496 0.0118130923101 0.036045399866 0.0112624765835 0.0107541990582 0.0211790956045 0.0210796393862 0.00771697626177 0.0157566679501 
-0.000117112999113 0.0988805074726 -0.0115608149543 0.0154278917232 0.00622754227169 0.0144710777623 0.0244195377897 0.016062168058 0.00792277640199 0.00588721256685 0.0141305972315 0.00461024447225 0.338200495504 0.00699130484006 -0.00501536866145 0.035297837048 -0.00416360315162 0.00160292548335 0.0185037647764 -0.00629547394728 0.126929280671 0.00361335205933 -0.01556251777 -0.0186366786655 0.00146802593551 0.0206858720563 0.0059378520487 -0.000349618337671 0.112273963424 0.0262729189054 -0.0102171680644 0.0192303017886 -0.0243812551602 0.133037085297 0.00496464746339 -0.00395682116303 0.0265414340156 0.0321332492259 -0.0242149623782 -0.0191704150019 
0.0274625401527 0.026717614141 0.0154878769718 0.0296639596121 0.00577891060783 -0.0310029295152 0.0167802496615 0.0305643078613 0.0193374661309 0.0169821066551 0.0122297418588 0.00107970653885 0.00699130484006 0.264153107938 0.0196019978508 0.0129520179376 0.046234064849 0.0113902140968 0.0104635299485 0.00205787077077 0.0206213356483 0.0127809123854 0.0117021629226 0.0216175077375 0.0154449301275 0.00858923171193 0.0181857879172 0.0205735380476 0.0310218083995 0.051089519703 0.0116536206984 -0.00980590999878 0.0156378282838 0.0367904811728 -0.00400815064549 0.010831864542 0.0111169880051 0.0146579786982 0.00914722189268 0.0147794998158 
0.0120360396987 0.007832440938 0.0249843961947 0.0339451714293 0.0221494863602 -0.0055593669415 0.0194161886591 0.0299188589744 0.0123788257252 0.0173960094239 0.0121497437725 0.0346957131171 -0.00501536866145 0.0196019978508 0.144146377557 0.0240011043484 -0.00193914092372 0.0333062926286 0.0219395341156 0.0185310876279 0.0200227014828 0.0256510741923 0.0180541266206 0.00611291488417 0.00924456054018 0.0101204860223 0.00586586392097 0.0292517443738 -0.000930855091906 0.0212174731816 0.0221717980693 0.0290720391562 -0.0093266560137 -3.54486075642e-05 0.00388648152663 0.0151858319368 0.027391859446 0.0142162131754 0.029451522525 0.00622719659957 
0.0201821961536 0.0104717716903 0.0116515315106 0.019762135523 0.0195666347015 -0.00568748337002 0.0394261534647 -0.000743808225611 0.0108032222612 0.0221366749667 0.010386511782 0.0233662665737 0.035297837048 0.0129520179376 0.0240011043484 0.23438550372 0.0148596483326 0.0158980228772 0.0136660976833 0.00983719330694 0.0241047450089 0.0318470367783 0.0150635948173 0.0135306531101 0.00276236260401 0.0529598898866 0.0187923810764 0.014548974199 0.00937801576974 0.0364810631161 0.00524368720679 0.00931167077302 0.00063552082478 0.00650524110128 0.0210285387238 0.0326059454374 0.0169461697813 0.0342087535951 0.0332020601324 0.0214685298481 
0.0176810080933 0.0140192877594 -0.00360759382501 0.0172709252011 0.0289286263114 0.0438262541577 -0.00750715146454 0.0505866757433 0.0117911086792 0.0234381095877 -0.0037250948205 -0.00851824585455 -0.00416360315162 0.046234064849 -0.00193914092372 0.0148596483326 0.271525461075 0.00666018690504 0.0137177036857 0.00523002497546 -0.0178408919745 0.0113292630099 0.0189186287066 0.0256290052942 0.0134875237552 -0.0111662257524 -0.00645145428645 0.0178742076768 0.0134332085636 0.123336310682 -0.00286599048928 0.0704793363985 -0.0137083436627 -0.00251332143136 -0.00133285969345 0.0170577392101 0.0158696940752 -0.00711092889638 0.0249796302537 -0.0158637910854 
0.00881013371602 0.0100484222037 0.00853090412036 0.0448920334649 0.0298094859168 -0.0113241776176 0.010119205575 -0.00173779758581 0.0139744741309 0.000832876725404 0.0062094699604 0.0138221031692 0.00160292548335 0.0113902140968 0.0333062926286 0.0158980228772 0.00666018690504 0.258618828423 0.0175352796845 0.0499573074862 0.00689132331424 0.0173186139186 0.0177623601162 0.0312768387112 0.0162900198776 0.00654958816182 0.00276121937623 0.0079103408273 0.000429149378445 0.0320837128114 -0.0131634089104 0.00302387318486 -0.00511267904003 0.0295107319364 0.0383480486476 0.00123857503619 0.030326779527 0.0116898048249 0.0263832103875 0.0581583270424 
0.00357625134455 0.0236119932029 0.0181066827419 0.0186935322577 -0.00299967092234 0.017725748618 0.0232973176279 0.00689720865994 0.016534272803 0.0192449967288 0.0165738430555 0.0169449954382 0.0185037647764 0.0104635299485 0.0219395341156 0.0136660976833 0.0137177036857 0.0175352796845 0.27514423969 0.00975028394786 0.00690499089836 -0.00457040340189 0.0166492231979 0.0128566676813 0.0105703219991 0.0159402066161 0.0147209494689 0.00820117131479 0.000989780257467 0.00866210170049 0.0209430318956 0.0108078752493 0.0377868836632 0.0518615570834 -0.0172310947969 0.014464871847 0.0233049864774 0.0197633517338 0.0190633629959 0.0142880177639 
0.00258619743025 0.00369408352162 0.0262776847386 0.0170820898949 0.00225763978621 -0.00568988204667 0.0135173733787 0.000919517558973 0.00727977634649 -0.00231502833905 -0.00246853246699 0.0120110892348 -0.00629547394728 0.00205787077077 0.0185310876279 0.00983719330694 0.00523002497546 0.0499573074862 0.00975028394786 0.1352157318 -0.001723990858 0.0112120022476 0.00304689208536 0.0185960931942 -0.00291036500885 0.00683036409792 0.00942526691071 0.00538976053179 -0.00072701584364 0.0213369031944 0.00180185390261 0.0156544647537 0.0190866174588 0.0145106605671 0.00403558239856 0.00232749285102 0.00673166757262 0.0162216440255 -0.00186675662358 0.00424824965837 
-0.0102797474505 0.174678249979 -0.00250521083491 -0.00420145672829 0.00568217119572 0.00672430179246 -0.00416366342202 0.0368659357004 -0.00113090817793 -0.0148190588046 0.0489317695739 0.0465309271445 0.126929280671 0.0206213356483 0.0200227014828 0.0241047450089 -0.0178408919745 0.00689132331424 0.00690499089836 -0.001723990858 0.410069040634 0.0156901809796 0.00225880242581 -0.00303578460983 -0.000101906275272 0.00227343539672 0.0350650416809 0.0118853357231 0.215672432798 0.0305934842655 0.0142014429973 0.0236907518658 -0.0293287826533 0.123238776581 -0.0204294499841 0.00321312977969 0.0239064144058 0.0694020965449 -0.00355954155619 0.0278901652845 
0.0141021851328 0.0278608141825 0.0148480163651 -0.0178810951123 0.0240907660184 0.000462106618907 0.0326498833776 -0.0124141190695 0.0179616339079 0.0298655257709 0.0208082436927 0.00523427640733 0.00361335205933 0.0127809123854 0.0256510741923 0.0318470367783 0.0113292630099 0.0173186139186 -0.00457040340189 0.0112120022476 0.0156901809796 0.175749542127 0.0297380040669 0.00137046154511 -0.00972746969346 0.00739393875962 0.00934375168654 0.0212850115652 0.0184353176953 0.0197087404207 0.0156308872584 0.0179215684988 0.0167698798883 0.0148865484796 0.0213794605033 0.0203453621053 0.0441351015065 0.0304884133971 0.0320025934929 0.0171090562627 
0.0115386696627 0.00275180682892 0.029670762353 0.0183255886928 0.00407426323639 0.0239481480845 0.0236137790632 0.0119219588208 0.0084785240605 0.01217838155 0.0234241877737 0.00281390177682 -0.01556251777 0.0117021629226 0.0180541266206 0.0150635948173 0.0189186287066 0.0177623601162 0.0166492231979 0.00304689208536 0.00225880242581 0.0297380040669 0.189427056642 0.0106967991777 -0.000437100494873 0.0101753425175 0.00777188312633 0.0355611798404 0.00365642669376 0.0320695723409 0.029539008221 0.0372241291021 0.0156297060446 0.00739730985977 0.0172581347904 0.023631452294 0.0300267055012 0.0186225469342 0.0201471046214 0.0173637046577 
0.0320387594327 0.0261410803286 0.025324782339 0.0431355276752 0.00900535621346 0.00509316160861 0.0148284398564 0.0400169217902 -0.00593923413187 0.0208491176774 0.0517602149659 0.0378212994974 -0.0186366786655 0.0216175077375 0.00611291488417 0.0135306531101 0.0256290052942 0.0312768387112 0.0128566676813 0.0185960931942 -0.00303578460983 0.00137046154511 0.0106967991777 0.609586455906 -0.00700072051634 0.000913131073269 -0.00696016549481 0.0194751671688 0.0420943222179 0.0906727434849 0.00629061145238 0.0272118359909 0.0130679534275 0.0257968227321 0.0353178894706 0.0230238476935 0.0381734025872 0.0231350612235 0.0187241760555 0.0342139658254 
0.000896136981028 -0.00718152464667 -0.00154288581291 0.0290554508258 0.00882994978834 0.0141245157803 0.0169831058287 0.0417158035638 0.0125597345498 0.0163856723411 0.0239913080627 0.0151415201884 0.00146802593551 0.0154449301275 0.00924456054018 0.00276236260401 0.0134875237552 0.0162900198776 0.0105703219991 -0.00291036500885 -0.000101906275272 -0.00972746969346 -0.000437100494872 -0.00700072051634 0.206412520045 0.0183870234376 0.0154209821321 -4.1060558039e-05 0.00251049638199 0.0600506262538 0.0100487878149 0.0218588497168 0.0191603409511 0.0147121505288 0.00249211115563 0.0106051134523 0.0274056932239 0.0365123268967 0.0156930435507 0.0123206593149 
-0.00834377339578 0.00095769743304 0.0242356028687 0.0162317461278 0.00589580622982 -0.00880411781653 0.0174681198561 -0.00639083028793 0.0324192873635 0.020733732867 0.012424779032 0.0025625644991 0.0206858720563 0.00858923171193 0.0101204860223 0.0529598898866 -0.0111662257524 0.00654958816182 0.0159402066161 0.00683036409792 0.00227343539672 0.00739393875962 0.0101753425175 0.000913131073269 0.0183870234376 0.201572378891 0.0091386719053 0.013339269821 0.0235174407906 0.0234320160874 0.00667416342631 0.0254061347681 0.0112740258689 0.0102120027855 0.0171868074761 0.0284089450186 0.0279254383994 0.0287861434597 0.0115710520276 0.0176907153792 
-0.0144030666595 0.0159872393962 0.0182567269375 0.0117677654609 -0.025422728321 -0.0016725717444 -0.00151760399755 0.00946992026309 0.0271138140776 0.0212603025473 0.0109460155012 0.0188382297966 0.0059378520487 0.0181857879172 0.00586586392097 0.0187923810764 -0.00645145428645 0.00276121937623 0.0147209494689 0.00942526691071 0.0350650416809 0.00934375168654 0.00777188312633 -0.00696016549481 0.0154209821321 0.0091386719053 0.214968908929 0.00768580390783 0.025681613696 -0.00936840994679 0.00915666029944 0.0210070410867 0.0197623459899 0.0204076010686 0.00559465462571 0.00489498765913 0.0217882622948 0.0240439354014 0.027270944353 0.0197013257458 
0.0491572150244 0.0123900756787 0.0112167012137 0.0263637239525 0.0142354389844 0.00771671026388 0.0332536093684 -0.00906313181378 0.00848264579802 0.0212082318467 0.00942088528709 0.0393925364663 -0.000349618337671 0.0205735380476 0.0292517443738 0.014548974199 0.0178742076768 0.0079103408273 0.00820117131479 0.00538976053179 0.0118853357231 0.0212850115652 0.0355611798404 0.0194751671688 -4.10605580389e-05 0.013339269821 0.00768580390783 0.206928702545 0.0232702800341 0.0152035965297 0.00296060911931 0.0177900949931 0.0149543449854 0.00633118125102 0.0342789072871 0.0232535219726 0.0156991416437 0.0485288564635 -0.0020408867058 0.0119212349219 
-0.00539645084626 0.168912817128 -0.0205777166758 0.005503213665 0.0175839327552 0.000983074175219 0.00278904194916 0.0343020070409 -0.00689989411237 0.000144992690592 0.0294365775753 0.0448092526963 0.112273963424 0.0310218083995 -0.000930855091906 0.00937801576974 0.0134332085636 0.000429149378445 0.000989780257467 -0.00072701584364 0.215672432798 0.0184353176953 0.00365642669376 0.0420943222179 0.00251049638199 0.0235174407906 0.025681613696 0.0232702800341 0.408803856155 0.028794349258 -0.00182121986174 0.0716145765678 0.00712092992969 0.0815963208379 -0.00573470021913 0.00980126067686 0.0239221363026 0.0579150750294 0.00974784618346 0.0206417734522 
0.0560945724931 0.0344592254126 0.0291475221388 0.0429332908772 0.0582037832031 0.107655438632 0.0120193511138 0.017134465289 0.0390656873569 0.0364149954579 0.0298338882718 0.0323192615768 0.0262729189054 0.051089519703 0.0212174731816 0.0364810631161 0.123336310682 0.0320837128114 0.00866210170049 0.0213369031944 0.0305934842655 0.0197087404207 0.0320695723409 0.0906727434849 0.0600506262538 0.0234320160874 -0.00936840994679 0.0152035965297 0.028794349258 0.614707368372 0.00286479767324 0.0525751510383 0.0344969883184 0.0472038484113 0.0518716176186 0.0286627653649 0.0638175097411 0.036827563718 0.0470390009349 0.0346486391966 
-0.000498008696409 0.0038923553809 0.0150163605331 -0.00595896386086 -0.0019365215153 0.0130810250683 0.01049557937 0.0100321106371 0.0149457445467 -0.0141025139196 0.0324769688971 0.0163800388961 -0.0102171680644 0.0116536206984 0.0221717980693 0.00524368720679 -0.00286599048928 -0.0131634089104 0.0209430318956 0.00180185390261 0.0142014429973 0.0156308872584 0.029539008221 0.00629061145238 0.0100487878149 0.00667416342631 0.00915666029944 0.00296060911931 -0.00182121986174 0.00286479767324 0.193206367609 -0.0109754263138 0.0199494268853 0.0228761421857 0.00354267511982 0.0250805988868 0.0279767980102 0.0245744361924 0.0324458766816 0.00594904952815 
0.0138639328357 0.019545005642 0.0188014318033 0.0173877439206 0.0328758099784 0.05342047753 0.0322745952692 0.0363495370891 0.0226142560321 0.0389414584464 0.0289612084831 0.0471559151496 0.0192303017886 -0.00980590999878 0.0290720391562 0.00931167077302 0.0704793363985 0.00302387318486 0.0108078752493 0.0156544647537 0.0236907518658 0.0179215684988 0.0372241291021 0.0272118359909 0.0218588497168 0.0254061347681 0.0210070410867 0.0177900949931 0.0716145765678 0.0525751510383 -0.0109754263138 0.397518946835 0.024715286969 0.012046701044 -0.00706111179453 0.0184045181376 0.03150987818 0.0264677976347 0.00846042468481 0.0108000585674 
0.00131964617613 -0.023083016386 -0.00245024401247 -0.00963898724484 0.00786295501366 0.0240280068915 -0.00585315148233 0.00779433449039 0.0137287615695 0.0465198097681 0.0232450364039 0.0118130923101 -0.0243812551602 0.0156378282838 -0.0093266560137 0.00063552082478 -0.0137083436627 -0.00511267904003 0.0377868836632 0.0190866174588 -0.0293287826533 0.0167698798883 0.0156297060446 0.0130679534275 0.0191603409511 0.0112740258689 0.0197623459899 0.0149543449854 0.00712092992969 0.0344969883184 0.0199494268853 0.024715286969 0.306730083626 -0.0169183453622 0.0289017636602 0.0111684452115 0.00978529932118 0.0290641884292 0.0168864253242 0.0131915281213 
0.0112278889946 0.0931779180637 0.0211784104314 -0.012983994859 -0.00284592902942 0.0501714253883 -0.00953252499094 0.0378403523893 0.012252639544 0.014318660854 0.0235752377687 0.036045399866 0.133037085297 0.0367904811728 -3.54486075642e-05 0.00650524110128 -0.00251332143136 0.0295107319364 0.0518615570834 0.0145106605671 0.123238776581 0.0148865484796 0.00739730985978 0.0257968227321 0.0147121505288 0.0102120027855 0.0204076010686 0.00633118125102 0.0815963208379 0.0472038484113 0.0228761421857 0.012046701044 -0.0169183453622 0.398337244552 -0.00134301699632 -0.00367722993791 0.0201330514787 0.0353150249178 0.013233209881 0.012683653115 
0.00495787124733 -0.0139143821575 0.0167016214848 0.0162273979615 0.0091443253477 -0.00477002630258 0.0119706564737 0.0290546390168 0.0073464315422 0.0357035645945 0.00572653144751 0.0112624765835 0.00496464746339 -0.00400815064549 0.00388648152663 0.0210285387238 -0.00133285969345 0.0383480486476 -0.0172310947969 0.00403558239856 -0.0204294499841 0.0213794605033 0.0172581347904 0.0353178894706 0.00249211115563 0.0171868074761 0.00559465462571 0.0342789072871 -0.00573470021913 0.0518716176186 0.00354267511982 -0.00706111179453 0.0289017636602 -0.00134301699632 0.294446796455 0.0128736565026 0.0177253890826 0.0202729450448 0.00566977976888 0.0482309696936 
0.0192774926907 -0.0024205442488 0.0265564416923 0.0295877281901 0.025583230031 -0.00426259423292 0.0173937017952 0.0124771336764 0.0329297664545 0.0208696746482 0.0129491506929 0.0107541990582 -0.00395682116303 0.010831864542 0.0151858319368 0.0326059454374 0.0170577392101 0.00123857503619 0.014464871847 0.00232749285102 0.00321312977969 0.0203453621053 0.023631452294 0.0230238476935 0.0106051134523 0.0284089450186 0.00489498765913 0.0232535219726 0.00980126067686 0.0286627653649 0.0250805988868 0.0184045181376 0.0111684452115 -0.00367722993791 0.0128736565026 0.167598601702 0.0210067205062 0.0552481421936 0.0339062321994 0.0221593257542 
0.00113454918323 0.0408556416504 0.0430887118143 0.0405462808352 0.00277320349207 0.0154365884028 0.0220686027607 0.0249899950918 0.017031665794 0.0272158052342 0.0229838775391 0.0211790956045 0.0265414340156 0.0111169880051 0.027391859446 0.0169461697813 0.0158696940752 0.030326779527 0.0233049864774 0.00673166757262 0.0239064144058 0.0441351015065 0.0300267055012 0.0381734025872 0.0274056932239 0.0279254383994 0.0217882622948 0.0156991416437 0.0239221363026 0.0638175097411 0.0279767980103 0.03150987818 0.00978529932118 0.0201330514787 0.0177253890826 0.0210067205062 0.215598365622 0.0590705365437 0.0151877571167 0.00222136046672 
0.0227278117417 0.0389216993388 0.0317995693859 0.032948447831 0.0334569571179 -0.0226021933539 0.00788399912156 0.0520065624796 0.0252315057275 0.0206324147182 0.045258637635 0.0210796393862 0.0321332492259 0.0146579786982 0.0142162131754 0.0342087535951 -0.00711092889638 0.0116898048249 0.0197633517338 0.0162216440255 0.0694020965449 0.0304884133971 0.0186225469342 0.0231350612235 0.0365123268967 0.0287861434597 0.0240439354014 0.0485288564635 0.0579150750294 0.036827563718 0.0245744361924 0.0264677976347 0.0290641884292 0.0353150249178 0.0202729450448 0.0552481421936 0.0590705365437 0.463180885645 0.00676937636533 0.0334441781859 
0.0147220703804 -0.0164743899422 0.0317290645505 0.0537438084767 0.0384881110312 0.0197941554297 0.0124328936672 0.0272047018028 0.0330843042493 0.029319074951 0.0397823374083 0.00771697626177 -0.0242149623782 0.00914722189268 0.029451522525 0.0332020601324 0.0249796302537 0.0263832103875 0.0190633629959 -0.00186675662358 -0.00355954155619 0.0320025934929 0.0201471046214 0.0187241760555 0.0156930435507 0.0115710520276 0.027270944353 -0.0020408867058 0.00974784618346 0.0470390009349 0.0324458766816 0.00846042468481 0.0168864253242 0.013233209881 0.00566977976888 0.0339062321994 0.0151877571167 0.00676937636533 0.383983206663 0.0201266684761 
0.0125872875181 0.00463109204935 0.00399775660985 3.27709801357e-05 0.0259062286922 0.0159017678709 -0.000429877729159 0.0286328503759 0.00900335989966 0.00995058695729 0.0148829088425 0.0157566679501 -0.0191704150019 0.0147794998158 0.00622719659957 0.0214685298481 -0.0158637910854 0.0581583270424 0.0142880177639 0.00424824965837 0.0278901652845 0.0171090562627 0.0173637046577 0.0342139658254 0.0123206593149 0.0176907153792 0.0197013257458 0.0119212349219 0.0206417734522 0.0346486391966 0.00594904952815 0.0108000585674 0.0131915281213 0.012683653115 0.0482309696936 0.0221593257542 0.00222136046672 0.0334441781859 0.0201266684761 0.178994419734 
0.0245757851696 -0.000872691195311 0.00125562196511 0.00225681522024 0.00301360586075 0.00342157927239 0.000185043217707 0.00157531671224 -0.000413200514086 0.00214460893703 0.000189987860219 0.000987100359385 -1.01422832345e-05 0.00237832574247 0.001042351614 0.00174782945732 0.00153122021733 0.000762979960881 0.00030971245147 0.00022397126738 -0.000890252243661 0.00122128505739 0.000999278105376 0.00277463795745 7.76077390841e-05 -0.000722591972416 -0.00124734216195 0.00425713969905 -0.000467346352314 0.00485793247935 -4.31288182396e-05 0.00120065180321 0.000114284711254 0.000972363710017 0.000429364244888 0.00166947983914 9.82548414522e-05 0.00196828623408 0.00127496869457 0.00109009107554 
-0.000872691195311 0.0339526935985 0.000317842793802 -0.000567502707394 -0.000267022010892 0.000892305276409 -0.00108179197407 0.00246346468645 -0.00169383809418 0.00092666301976 0.000572589378864 0.00192174042877 0.00856330314104 0.00231381325747 0.000678309282595 0.000906882030644 0.00121410593426 0.000870218889634 0.00204485859477 0.000319917017342 0.015127580197 0.00241281728521 0.000238313462015 0.0022638839647 -0.000621938278192 8.29390306152e-05 0.00138453554535 0.00107301202925 0.0146282790658 0.00298425646021 0.000337087864042 0.00169264714031 -0.00199904785863 0.00806944441149 -0.00120502084264 -0.000209625281044 0.00353820235571 0.00337071803859 -0.00142672402018 0.0004010643362 
0.00125562196511 0.000317842793802 0.0153596823546 0.00204206627028 0.000378878221286 0.00106325089368 0.00118509498493 0.00301354916324 0.00195009624908 0.000969228360034 2.28671173219e-05 0.00128085154136 -0.00100119594388 0.00134128949082 0.00216371218029 0.00100905222812 -0.000312426789899 0.000738797968548 0.00156808472327 0.00227571425362 -0.000216957622487 0.0012858759368 0.00256956339473 0.00219319048509 -0.000133617830912 0.00209886477603 0.00158107893178 0.000971394819775 -0.00178208253931 0.00252424946296 0.00130045496941 0.00162825175692 -0.000212197356027 0.00183410414454 0.00144640284903 0.00229985531397 0.00373159190475 0.00275392349176 0.00274781759391 0.000346215878228 
0.00225681522024 -0.000567502707394 0.00204206627028 0.029120087044 -0.000498333462961 -0.00112000916738 0.000928247083948 0.00347245498274 0.000798781123157 0.00228227459459 0.00188649408341 0.00258211729278 0.00133609461591 0.00256897426009 0.00293973807936 0.0017114511396 0.0014957059971 0.00388776414081 0.00161890738217 0.00147935237987 -0.00036385682596 -0.00154854826148 0.00158704253473 0.00373564627724 0.00251627585335 0.00140571044945 0.00101911838349 0.00228316546813 0.000476592283635 0.00371813205677 -0.000516061408373 0.00150582279497 -0.000834760782078 -0.00112444693905 0.0014053338872 0.00256237242529 0.00351141092323 0.00285341928369 0.00465435034369 2.83805013045e-06 
0.00301360586075 -0.000267022010892 0.000378878221286 -0.000498333462961 0.033799649167 0.00201011668443 -0.00159720127996 0.00231241959178 0.000888086445688 0.00137263444904 -7.99913351898e-05 0.000104490309323 0.000539320981043 0.000500468339258 0.00191820178687 0.0016945202718 0.00250529252822 0.00258157720777 -0.000259779122174 0.000195517340745 0.000492090460414 0.00208632153685 0.000352841546442 0.000779886725099 0.000764696083084 0.000510591797082 -0.00220167285595 0.00123282517945 0.00152281324645 0.00504059548502 -0.000167707682723 0.00284712866113 0.000680951879064 -0.000246464683684 0.000791921805158 0.00221557271177 0.000240166467399 0.00289745747974 0.00333316818967 0.00224354521637 
0.00342157927239 0.000892305276409 0.00106325089368 -0.00112000916738 0.00201011668443 0.0473197969145 -5.96672689589e-05 -0.000239935598838 0.000776367584132 0.00157509649363 0.00225610549049 0.00140294330774 0.00125323209623 -0.00268493245519 -0.00048145530003 -0.000492550508204 0.00379546494532 -0.000980702549382 0.00153509486043 -0.000492758239695 0.000582341617499 4.00196071231e-05 0.00207397046148 0.000441080733863 0.00122321894819 -0.000762458968703 -0.00014484896203 0.000668286712217 8.51367209544e-05 0.00932323447111 0.00113285000167 0.00462634906233 0.00208088643704 0.00434497289304 -0.000413096395475 -0.000369151489173 0.00133684777046 -0.00195740736257 0.00171422414486 0.00137713349413 
0.000185043217707 -0.00108179197407 0.00118509498493 0.000928247083948 -0.00159720127996 -5.96672689589e-05 0.0250795998864 0.00223784320633 0.00410306277485 0.000504723987321 0.00150461334296 0.00155390012317 0.00211479400746 0.00145321224887 0.00168149126234 0.00341440504739 -0.000650138387835 0.000876348909405 0.00201760689058 0.00117063887384 -0.000360583829628 0.00282756284356 0.00204501325481 0.00128418056141 0.00147078010828 0.00151278355518 -0.000131428361476 0.00287984704805 0.000241538118019 0.00104090634016 0.000908943836182 0.00279506193999 -0.00050689778759 -0.000825540880436 0.00103668926062 0.00150633876205 0.00191119706168 0.000682774352269 0.00107672017583 -3.72285033973e-05 
0.00157531671224 0.00246346468645 0.00301354916324 0.00347245498274 0.00231241959178 -0.000239935598838 0.00223784320633 0.0477980421498 0.00121639874661 0.00132646194227 0.00133296035818 0.00318552330419 0.00139102455781 0.0026469467057 0.00259104919241 -6.44156818923e-05 0.00438093462867 -0.000150497685595 0.000597315791471 7.96325565297e-05 0.00319268368509 -0.00107509424798 0.00103247192017 0.00346556708516 0.00361269456255 -0.000553462138063 0.000820119151964 -0.000784890238858 0.00297064094982 0.00148388822205 0.000868806266534 0.0031479622535 0.000675009167427 0.00327707064573 0.00251620554864 0.00108055147302 0.00216419705899 0.00450390042708 0.00235599628636 0.00247967758083 
-0.000413200514086 -0.00169383809418 0.00195009624908 0.000798781123157 0.000888086445688 0.000776367584132 0.00410306277485 0.00121639874661 0.0170424025603 0.0022121818283 0.000257980043851 0.00156458491554 0.000686132563263 0.00167467369142 0.00107203775471 0.000935586492094 0.0010211399655 0.00121022496019 0.00143191002805 0.000630447124993 -9.79395211434e-05 0.00155552312577 0.000734261722299 -0.000514352763722 0.00108770491849 0.00280759264294 0.00234812517847 0.000734618675239 -0.000597548358474 0.00338318776673 0.00129433944559 0.00195845202115 0.00118894562817 0.00106110971086 0.000636219634271 0.00285180142903 0.00147498552464 0.00218511249357 0.00286518479464 0.000779713839252 
0.00214460893703 0.00092666301976 0.000969228360034 0.00228227459459 0.00137263444904 0.00157509649363 0.000504723987321 0.00132646194227 0.0022121818283 0.0224808032948 0.000139048076267 0.00227559765822 0.000509847564037 0.00147069357731 0.00150653860856 0.00191709228765 0.00202979983196 7.2129240242e-05 0.00166666560629 -0.00020048733521 -0.00128336813849 0.0025864304015 0.00105467877993 0.00180558655551 0.00141904085054 0.00179559393781 0.00184119620981 0.00183668675486 1.25567353416e-05 0.00315363111452 -0.00122131353116 0.0033724292275 0.00402873370384 0.00124003240477 0.00309201939445 0.0018073668414 0.00235695787173 0.00178681952873 0.0025391063723 0.000861746108758 
0.000189987860219 0.000572589378864 2.28671173219e-05 0.00188649408341 -7.99913351899e-05 0.00225610549049 0.00150461334296 0.00133296035818 0.000257980043851 0.000139048076267 0.0207249649722 0.000887087873301 0.00122374561731 0.00105912671315 0.00105219867565 0.000899498305993 -0.000322602674606 0.000537755872974 0.00143533691244 -0.000213781182648 0.00423761555031 0.0018020467646 0.00202859416751 0.00448256610658 0.00207770822523 0.00107601742782 0.000947952749425 0.000815872598476 0.00254928239807 0.0025836905137 0.00281258801028 0.00250811422707 0.00201307920377 0.0020416754808 0.000495932170912 0.00112142934574 0.00199046218263 0.00391951299326 0.00344525148175 0.00128889771399 
0.000987100359385 0.00192174042877 0.00128085154136 0.00258211729278 0.000104490309323 0.00140294330774 0.00155390012317 0.00318552330419 0.00156458491554 0.00227559765822 0.000887087873301 0.0172139069564 0.000399258883063 9.35053291278e-05 0.00300473689618 0.00202357804444 -0.000737701730572 0.00119702924783 0.00146747965165 0.00104019084044 0.00402969649688 0.000453301633918 0.000243691042248 0.00327542061689 0.0013112941135 0.000221924595505 0.00163143855662 0.00341149372993 0.00388059511596 0.0027989301557 0.0014185529799 0.00408382204583 0.00102304380378 0.00312162319735 0.000975359083083 0.000931340958175 0.00183416348227 0.0018255503211 0.000668309748309 0.00136456747238 
-1.01422832345e-05 0.00856330314104 -0.00100119594388 0.00133609461591 0.000539320981043 0.00125323209623 0.00211479400746 0.00139102455781 0.000686132563263 0.000509847564037 0.00122374561731 0.000399258883063 0.0292890220679 0.00060546475971 -0.000434343667016 0.00305688235822 -0.000360578610058 0.000138817418896 0.0016024730362 -0.000545204036721 0.0109923981545 0.00031292546762 -0.00134775357357 -0.00161398371665 0.000127134775357 0.00179144907002 0.000514233071809 -3.02778362052e-05 0.0097232104509 0.00227530152037 -0.000884832709851 0.00166539298713 -0.00211147863449 0.0115213495513 0.000429951082413 -0.000342670764541 0.00229855561104 0.00278282101357 -0.00209707725712 -0.00166020663928 
0.00237832574247 0.00231381325747 0.00134128949082 0.00256897426009 0.000500468339258 -0.00268493245519 0.00145321224887 0.0026469467057 0.00167467369142 0.00147069357731 0.00105912671315 9.35053291278e-05 0.00060546475971 0.0228763301963 0.00169758281038 0.00112167765642 0.00400398746795 0.000986421476233 0.000906168274865 0.000178216836519 0.00178586005314 0.00110685948093 0.00101343703702 0.00187213108672 0.00133757018501 0.000743849286152 0.00157493543242 0.0017817206595 0.00268656741453 0.00442448219299 0.00100923315709 -0.000849216716617 0.00135427565538 0.00318614913131 -0.000347116028119 0.000938066986371 0.000962759402598 0.00126941819208 0.000792172653311 0.00127994222958 
0.001042351614 0.000678309282595 0.00216371218029 0.00293973807936 0.00191820178687 -0.00048145530003 0.00168149126234 0.00259104919241 0.00107203775471 0.00150653860856 0.00105219867565 0.00300473689618 -0.000434343667016 0.00169758281038 0.0124834424828 0.00207855660846 -0.000167934530146 0.00288440955223 0.00190001938913 0.00160483926456 0.00173401681365 0.00222144818849 0.00156353322966 0.000529393958086 0.000800602427462 0.000876459799392 0.00050799871707 0.00253327537327 -8.06144156833e-05 0.00183748707794 0.00192013403756 0.00251771244491 -0.000807712104023 -3.06993946794e-06 0.00033657917334 0.00131513162348 0.00237220461371 0.00123116017555 0.00255057666867 0.000539291044959 
0.00174782945732 0.000906882030644 0.00100905222812 0.0017114511396 0.0016945202718 -0.000492550508204 0.00341440504739 -6.44156818923e-05 0.000935586492094 0.00191709228765 0.000899498305993 0.00202357804444 0.00305688235822 0.00112167765642 0.00207855660846 0.02029838005 0.00128688329473 0.00137680916816 0.00118351877644 0.000851925930575 0.00208753215295 0.00275803428852 0.00130454557841 0.00117178893232 0.000239227618954 0.00458646100235 0.00162746794097 0.00125997812553 0.000812159989369 0.00315935274156 0.000454116633058 0.000806414344111 5.50377178894e-05 0.000563370405145 0.00182112487393 0.00282375770632 0.00146758135274 0.00296256496451 0.00287538275326 0.00185922922303 
0.00153122021733 0.00121410593426 -0.000312426789899 0.0014957059971 0.00250529252822 0.00379546494532 -0.000650138387835 0.00438093462867 0.0010211399655 0.00202979983196 -0.000322602674606 -0.000737701730572 -0.000360578610058 0.00400398746795 -0.000167934530146 0.00128688329473 0.0235147947065 0.000576789105371 0.00118798798734 0.000452933449117 -0.00154506656761 0.000981142957272 0.00163840130647 0.00221953696585 0.00116805382061 -0.000967023516597 -0.000558712330342 0.00154795179206 0.00116334998704 0.0106812378259 -0.000248202057072 0.0061036895763 -0.00118717738557 -0.000217660020744 -0.000115429035421 0.0014772435487 0.00137435582194 -0.000615824506877 0.00216329943768 -0.00137384460803 
0.000762979960881 0.000870218889634 0.000738797968548 0.00388776414081 0.00258157720777 -0.000980702549382 0.000876348909405 -0.000150497685595 0.00121022496019 7.2129240242e-05 0.000537755872974 0.00119702924783 0.000138817418896 0.000986421476233 0.00288440955223 0.00137680916816 0.000576789105371 0.0223970475311 0.00151859976692 0.00432642973877 0.000596806105582 0.00149983596118 0.00153826550918 0.00270865368739 0.00141075710422 0.000567210973246 0.000239128612524 0.000685055610903 3.71654263752e-05 0.00277853103424 -0.00113998465168 0.000261875099591 -0.000442770993006 0.00255570435412 0.00332103843144 0.000107263744583 0.00262637614854 0.00101236679437 0.0022848530429 0.00503665886604 
