20
0.0384658872101 0.082081594572 0.00194148072761 0.0729384759615 0.09797045465 0.0169596300077 0.0466490289559 0.0292815331214 0.102568127786 0.0948967479515 0.0723241103927 0.0242911243805 0.0121413644826 0.0283013122104 0.085684238521 0.0896896089949 0.0559799775446 0.0731585002716 0.0905877796438 0.00753480783794 
0.246204013463 0.0185996084066 0.0431508047042 0.0201357790792 0.0160856163364 0.0370846086761 0.0404798337234 0.0341652825003 0.0360869123622 0.0313233063399 0.0250491369552 0.0338140297767 0.0269468053363 0.0238952232061 0.00997403259495 0.0164927853662 0.0225241150419 0.0258092370305 -0.00231634895864 0.0221331213505 
0.0185996084066 0.282434804111 0.0492694066253 0.0256580099044 0.0161198128566 0.038489472462 0.021721122677 0.011584703792 0.0464845238386 0.0084444440524 0.0167382221024 0.0399753945013 0.0102539449677 0.00385657868594 0.0394821684282 0.0227481678224 0.0428541706153 0.0462904355313 0.0605542337914 0.015838132731 
0.0431508047042 0.0492694066253 0.215757653585 0.0100808072714 0.0494221443234 0.0398457828714 0.00440712159084 0.0259457246689 0.0541014671995 -0.00121820810257 0.0262945739036 0.0337904453048 0.0221020994441 0.0147381274613 0.0420956866743 -0.0189062863288 0.0156946903382 0.0402002075482 0.0464814296034 0.0138497895481 
0.0201357790792 0.0256580099044 0.0100808072714 0.329685680029 0.00235109742526 0.0121186063513 0.030128707608 0.0145442997587 0.0135266283094 0.0278324229572 0.0280056708716 0.0241103811469 0.0230394714404 -0.00127099660985 0.0106737835007 0.00401824548598 0.0167785919379 0.0222882830182 0.017876049006 0.0284995130904 
0.0160856163364 0.0161198128566 0.0494221443234 0.00235109742526 0.958103744892 -0.00356342018668 -0.00888750548235 0.0169928027509 0.0236103529995 0.0152331246246 0.110690760792 0.0112434418373 -0.0182236589087 0.0534182789839 0.0304520085289 0.0178326715805 0.0682847191665 -0.00600273099553 -0.016901057883 0.000750344321275 
0.0370846086761 0.038489472462 0.0398457828714 0.0121186063513 -0.00356342018668 0.221871718763 0.0162162243471 0.0334681720787 0.0271474791052 0.0213276877251 0.0195068214115 0.0569542370825 0.0294574273544 0.00556033458865 0.00928909783583 0.0235048204792 0.0238217022663 0.0185835839417 0.0115609060706 0.00596707776179 
0.0404798337234 0.021721122677 0.00440712159084 0.030128707608 -0.00888750548235 0.0162162243471 0.243504508966 0.0220848192755 0.0386270819191 0.0365476263356 -0.00153957054897 0.028324874793 0.00647940530566 0.0123463886406 0.0236691605423 0.0142002635096 0.00905416905601 -0.00717235220406 0.0196558813033 0.00770310007821 
0.0341652825003 0.011584703792 0.0259457246689 0.0145442997587 0.0169928027509 0.0334681720787 0.0220848192755 0.158312269753 0.03988759064 -0.00396041004581 0.0341198687839 0.0283749990319 0.0229940211148 0.0142722333404 0.0215909436743 0.000663077647135 0.0293716474822 0.0121902198079 0.0183043352223 0.0223014027875 
0.0360869123622 0.0464845238386 0.0541014671995 0.0135266283094 0.0236103529995 0.0271474791052 0.0386270819191 0.03988759064 0.299480772639 0.0125752804627 0.0344001738256 0.0424195652097 0.0295256333237 -0.00390854078768 0.100963538213 0.0120690225377 0.0266729261645 0.0276227509041 0.0420098870698 0.00549501136215 
0.0313233063399 0.0084444440524 -0.00121820810257 0.0278324229572 0.0152331246246 0.0213276877251 0.0365476263356 -0.00396041004581 0.0125752804627 0.561568219097 -0.0179319846572 0.00521989702894 0.0447921489422 0.00983712497026 0.00712047833578 0.0542309460509 -0.000718155990314 -0.00324597352554 0.00997286929464 0.0354928930888 
0.0250491369552 0.0167382221024 0.0262945739036 0.0280056708716 0.110690760792 0.0195068214115 -0.00153957054897 0.0341198687839 0.0344001738256 -0.0179319846572 0.372803226371 0.0316696818343 0.0121290879462 0.00684675647788 0.0287128380442 0.0106081683644 0.0183776661642 0.0348728561777 0.0285474267611 0.00467977823274 
0.0338140297767 0.0399753945013 0.0337904453048 0.0241103811469 0.0112434418373 0.0569542370825 0.028324874793 0.0283749990319 0.0424195652097 0.00521989702894 0.0316696818343 0.256056505761 0.0225409621906 0.0257276538959 0.00753206416049 0.0227329430701 -0.00209957494958 0.0162543824991 0.054134552326 0.025323840492 
0.0269468053363 0.0102539449677 0.0221020994441 0.0230394714404 -0.0182236589087 0.0294574273544 0.00647940530566 0.0229940211148 0.0295256333237 0.0447921489422 0.0121290879462 0.0225409621906 0.268757805549 0.0052839691684 -0.0125878424945 0.0115116988716 -0.00524460136644 0.0144934297091 0.0158351551122 0.0229370071405 
0.0238952232061 0.00385657868594 0.0147381274613 -0.00127099660985 0.0534182789839 0.00556033458865 0.0123463886406 0.0142722333404 -0.00390854078768 0.00983712497026 0.00684675647788 0.0257276538959 0.0052839691684 0.211603372882 0.0273328680496 0.00385225991639 0.0361443602614 -0.00695162014299 0.0084890480488 0.0171745966639 
0.00997403259495 0.0394821684282 0.0420956866743 0.0106737835007 0.0304520085289 0.00928909783583 0.0236691605423 0.0215909436743 0.100963538213 0.00712047833578 0.0287128380442 0.00753206416049 -0.0125878424945 0.0273328680496 0.460122591079 0.0536594260684 0.0237669164799 0.0205730575958 0.0503083716538 0.0159903830563 
0.0164927853662 0.0227481678224 -0.0189062863288 0.00401824548598 0.0178326715805 0.0235048204792 0.0142002635096 0.000663077647135 0.0120690225377 0.0542309460509 0.0106081683644 0.0227329430701 0.0115116988716 0.00385225991639 0.0536594260684 0.447937822294 0.0349406266341 -0.00453001448654 -0.00155428188395 0.0201674584793 
0.0225241150419 0.0428541706153 0.0156946903382 0.0167785919379 0.0682847191665 0.0238217022663 0.00905416905601 0.0293716474822 0.0266729261645 -0.000718155990314 0.0183776661642 -0.00209957494958 -0.00524460136644 0.0361443602614 0.0237669164799 0.0349406266341 0.249639843297 0.00295753141937 0.00642295814755 0.0173586880798 
0.0258092370305 0.0462904355313 0.0402002075482 0.0222882830182 -0.00600273099553 0.0185835839417 -0.00717235220406 0.0121902198079 0.0276227509041 -0.00324597352554 0.0348728561777 0.0162543824991 0.0144934297091 -0.00695162014299 0.0205730575958 -0.00453001448654 0.00295753141937 0.340407056825 0.0551927984418 0.0305025531491 
-0.00231634895864 0.0605542337914 0.0464814296034 0.017876049006 -0.016901057883 0.0115609060706 0.0196558813033 0.0183043352223 0.0420098870698 0.00997286929464 0.0285474267611 0.054134552326 0.0158351551122 0.0084890480488 0.0503083716538 -0.00155428188395 0.00642295814755 0.0551927984418 0.445675887962 0.0221034672478 
0.0221331213505 0.015838132731 0.0138497895481 0.0284995130904 0.000750344321275 0.00596707776179 0.00770310007821 0.0223014027875 0.00549501136215 0.0354928930888 0.00467977823274 0.025323840492 0.0229370071405 0.0171745966639 0.0159903830563 0.0201674584793 0.0173586880798 0.0305025531491 0.0221034672478 0.315462595935 
0.0213218930172 0.00161077333805 0.00373696930676 0.00174380962075 0.00139305523829 0.00321162132029 0.00350565643455 0.00295880025727 0.00312521828498 0.00271267790209 0.00216931889461 0.0029283808791 0.00233366179721 0.00206938703256 0.00086377656054 0.00142831711063 0.0019506455824 0.00223514549207 -0.000200601704221 0.00191678453546 
0.00161077333805 0.0244595715273 0.00426685577669 0.00222204883878 0.0013960167438 0.00333328609304 0.0018811044037 0.00100326477792 0.00402567785271 0.000731310307022 0.00144957255549 0.00346197071644 0.000888017683106 0.000333989511372 0.00341925608553 0.00197004912238 0.00371128004109 0.00400886931223 0.005244150477 0.00137162252935 
0.00373696930676 0.00426685577669 0.0186851609065 0.000873023518773 0.00428008324936 0.00345074602003 0.000381667925523 0.00224696566828 0.00468532449768 -0.000105499916392 0.00227717689822 0.00292633840391 0.00191409795956 0.00127635927857 0.00364559340497 -0.0016373324252 0.00135920005374 0.00348144009741 0.00402540988407 0.00119942695857 
0.00174380962075 0.00222204883878 0.000873023518773 0.0285516174169 0.000203611009705 0.00104950209587 0.00260922261717 0.00125957330713 0.00117144037435 0.00241035853298 0.00242536224248 0.00208802025682 0.00199527675571 -0.000110071535225 0.00092437676661 0.00034799026695 0.0014530686858 0.00193022193005 0.00154811125585 0.00246813023318 
0.00139305523829 0.0013960167438 0.00428008324936 0.000203611009705 0.0829742182537 -0.000308601240602 -0.000769680552399 0.00147161988638 0.00204471654899 0.00131922729039 0.00958610108097 0.000973710625707 -0.00157821515648 0.00462615866265 0.00263722129823 0.0015443546606 0.00591363014885 -0.000519851753421 -0.00146367454775 6.4981724381e-05 
0.00321162132029 0.00333328609304 0.00345074602003 0.00104950209587 -0.000308601240602 0.019214654483 0.0014043662238 0.00289842872384 0.00235104065538 0.00184703193739 0.00168934028895 0.00493238161666 0.0025510880419 0.000481539100731 0.000804459470407 0.00203557716464 0.0020630199324 0.00160938557869 0.00100120383479 0.000516764092807 
0.00350565643455 0.0018811044037 0.000381667925523 0.00260922261717 -0.000769680552399 0.0014043662238 0.0210881090701 0.00191260145306 0.0033452034216 0.00316511728546 -0.000133330720633 0.00245300611297 0.000561132959612 0.00106922862077 0.00204980943159 0.00122977889398 0.000784114041266 -0.00062114392136 0.00170224925424 0.000667108035563 
0.00295880025727 0.00100326477792 0.00224696566828 0.00125957330713 0.00147161988638 0.00289842872384 0.00191260145306 0.0137102447337 0.003454366679 -0.000342981570907 0.00295486731406 0.0024573469994 0.00199134064206 0.00123601166415 0.00186983057136 5.742420871e-05 0.00254365928706 0.00105570400313 0.00158520193019 0.0019313581354 
0.00312521828498 0.00402567785271 0.00468532449768 0.00117144037435 0.00204471654899 0.00235104065538 0.0033452034216 0.003454366679 0.025935795705 0.00108905123404 0.00297914244276 0.00367364210891 0.00255699485212 -0.000338489561386 0.00874369889484 0.00104520801165 0.00230994316517 0.00239220040054 0.00363816294125 0.000475881943371 
0.00271267790209 0.000731310307022 -0.000105499916392 0.00241035853298 0.00131922729039 0.00184703193739 0.00316511728546 -0.000342981570907 0.00108905123404 0.0486332343696 -0.00155295542534 0.00045205634322 0.00387911388741 0.000851920012445 0.000616651512588 0.00469653769514 -6.21941331492e-05 -0.000281109553313 0.000863675815778 0.00307377470687 
0.00216931889461 0.00144957255549 0.00227717689822 0.00242536224248 0.00958610108097 0.00168934028895 -0.000133330720633 0.00295486731406 0.00297914244276 -0.00155295542534 0.032285706465 0.00274267489983 0.00105040982861 0.000592946504337 0.0024866047161 0.000918694329118 0.00159155257605 0.00302007793524 0.00247227967878 0.000405280683363 
0.0029283808791 0.00346197071644 0.00292633840391 0.00208802025682 0.000973710625707 0.00493238161666 0.00245300611297 0.0024573469994 0.00367364210891 0.00045205634322 0.00274267489983 0.0221751438794 0.00195210458828 0.00222808018536 0.000652295890592 0.00196873062015 -0.000181828524349 0.00140767081671 0.00468818975368 0.00219310891875 
0.00233366179721 0.000888017683106 0.00191409795956 0.00199527675571 -0.00157821515648 0.0025510880419 0.000561132959612 0.00199134064206 0.00255699485212 0.00387911388741 0.00105040982861 0.00195210458828 0.0232751087071 0.000457605153265 -0.00109013913791 0.000996942366351 -0.000454195801606 0.0012551678316 0.00137136466 0.00198640308704 
0.00206938703256 0.000333989511372 0.00127635927857 -0.000110071535225 0.00462615866265 0.000481539100731 0.00106922862077 0.00123601166415 -0.000338489561386 0.000851920012445 0.000592946504337 0.00222808018536 0.000457605153265 0.0183253896442 0.00236709580892 0.000333615494958 0.00313019341899 -0.000602027964129 0.000735173126421 0.00148736370107 
0.00086377656054 0.00341925608553 0.00364559340497 0.00092437676661 0.00263722129823 0.000804459470407 0.00204980943159 0.00186983057136 0.00874369889484 0.000616651512588 0.0024866047161 0.000652295890592 -0.00109013913791 0.00236709580892 0.039847785273 0.00464704261277 0.00205827534412 0.00178167905115 0.00435683278752 0.0013848077943 
0.00142831711063 0.00197004912238 -0.0016373324252 0.00034799026695 0.0015443546606 0.00203557716464 0.00122977889398 5.742420871e-05 0.00104520801165 0.00469653769514 0.000918694329118 0.00196873062015 0.000996942366351 0.000333615494958 0.00464704261277 0.0387925533422 0.00302594702893 -0.000392310762485 -0.000134604759614 0.00174655313728 
0.0019506455824 0.00371128004109 0.00135920005374 0.0014530686858 0.00591363014885 0.0020630199324 0.000784114041266 0.00254365928706 0.00230994316517 -6.21941331492e-05 0.00159155257605 -0.000181828524349 -0.000454195801606 0.00313019341899 0.00205827534412 0.00302594702893 0.0216194446092 0.000256129734167 0.000556244492322 0.00150330648535 
0.00223514549207 0.00400886931223 0.00348144009741 0.00193022193005 -0.000519851753421 0.00160938557869 -0.00062114392136 0.00105570400313 0.00239220040054 -0.000281109553313 0.00302007793524 0.00140767081671 0.0012551678316 -0.000602027964129 0.00178167905115 -0.000392310762485 0.000256129734167 0.0294801158838 0.00477983655566 0.00264159859074 
-0.000200601704221 0.005244150477 0.00402540988407 0.00154811125585 -0.00146367454775 0.00100120383479 0.00170224925424 0.00158520193019 0.00363816294125 0.000863675815778 0.00247227967878 0.00468818975368 0.00137136466 0.000735173126421 0.00435683278752 -0.000134604759614 0.000556244492322 0.00477983655566 0.0385966640829 0.00191421641483 
0.00191678453546 0.00137162252935 0.00119942695857 0.00246813023318 6.4981724381e-05 0.000516764092807 0.000667108035563 0.0019313581354 0.000475881943371 0.00307377470687 0.000405280683363 0.00219310891875 0.00198640308704 0.00148736370107 0.0013848077943 0.00174655313728 0.00150330648535 0.00264159859074 0.00191421641483 0.0273198622024 

['WM', 'PH', 'CMCSA', 'JCI', 'ANDW', 'GAS', 'DOW', 'AIG', 'HOT', 'SUNW', 'UNM', 'PCL', 'HSY', 'BMY', 'HLT', 'CVS', 'HON', 'STJ', 'ADSK', 'DELL']