50
0.022775665512 0.0363676427781 0.0963264580192 0.0946597506959 0.0415957971797 0.0842142990337 0.0538940625226 0.11775000089 0.0594275332512 0.0731585002716 0.0248803539628 0.0129348444485 0.0534982218633 0.0433119494187 0.0785253906611 0.110955558587 0.073470583658 0.125840316239 0.168192385625 0.0402434153999 0.134627172929 0.105904751354 0.0625636206577 0.0372282541949 0.00154943769328 0.0479071153807 0.070995024039 0.0384658872101 0.126841392599 0.0498631258667 0.0601344650096 0.101801748802 0.0962618702605 0.0403512104362 0.0205855922537 0.256023639664 0.0466490289559 0.0716337087719 0.0398839612709 0.0520830917934 0.0300764430792 0.0482129600444 0.0300827450696 0.12825177486 0.0161964684659 0.0381517477001 0.0749299903321 0.0477990277318 0.0566389432936 0.0540494724418 
0.212381765109 0.0137804630581 0.0202343517315 0.0340056133245 0.0237192811439 0.0164736958515 0.00149756674031 0.0612881913701 0.0106034497039 0.00634093156992 0.0265627026029 0.018766299246 0.0185112057274 0.0231363705973 0.0190877065722 0.0432889458419 0.042830877812 0.0413773542942 0.0113435230413 0.00554081627096 0.0191372501087 0.01319764897 0.0292127999825 0.0330816065286 0.02297384873 0.0193213751539 0.0175906902754 0.0206449237172 0.033527897861 0.0361203384215 -0.0121859523422 0.0116329023173 0.0385791580931 0.0208963245546 -0.00300260785826 0.0179207738522 0.00995439836375 0.0154237606464 0.00907772281643 0.0357200222212 0.0182074342161 0.0635142070849 0.0116274958562 -0.00514132079838 0.0185772557872 0.0355780555407 0.0173226110311 -0.00324987030214 0.00854948234749 0.0194950489871 
0.0137804630581 0.183069555256 0.0223580241929 0.0364267039563 0.0545820418253 0.00215404182864 0.00966283467586 0.0317786228644 0.00517110374439 0.0236007714017 0.0244935366822 0.0087835781576 0.0181655121168 0.0425036818713 0.0114226886445 0.0553379295336 0.0183514278611 0.0295001007311 0.00363243134398 -2.45261867465e-05 0.00215950963223 0.0202872815649 0.00974752418829 0.0297324395524 -0.00250054308984 0.016691445296 0.0128038296125 0.0314089084025 -0.00225859757612 -0.00241941844723 0.0367031268061 0.0058353745031 -0.00155427683168 0.0140781316028 0.0123933995319 0.0270003833569 0.0105495652362 0.0106763370554 0.0079084352633 0.0167471847238 -0.00149671454318 0.0248983020655 0.00888162343007 0.00780829994345 0.0106857938415 0.0110541971079 0.0329206501125 0.00655237081416 0.00372989414045 0.0108351391158 
0.0202343517315 0.0223580241929 0.433988416166 0.0237086414014 0.0243267698138 -0.0270147488085 0.060088995603 0.0563266983532 0.0180852666964 0.0372004598005 0.0219708155409 0.0290511913916 0.0251093950677 0.0194863600432 0.0200717854542 0.036846540578 0.0128356824536 0.0267876377466 0.00290781316587 0.0202203607669 0.00150386546127 0.0201807819229 0.0342514650064 0.0490998622882 0.0398707890514 0.0291907054418 -0.000324656039401 0.0268192284581 0.0289933032263 0.0208060619864 0.009782909883 0.00314110996536 0.0421882414197 0.0124426304365 0.0124021669887 0.133055032051 0.024973908177 0.000511297210097 0.0258852818442 0.00526831727902 0.00899433777175 0.0282362011329 0.00954164315911 0.00645089447988 0.00990488325394 -0.00851850320905 0.00119545456824 0.015976822599 -0.0171105453079 0.0126628903126 
0.0340056133245 0.0364267039563 0.0237086414014 0.45314615337 0.0176487276185 0.0146128080629 0.0377217776113 -0.0018428215533 0.0165781300893 0.0304909558518 0.000527363785422 0.00730952152836 0.0225105515092 0.0207608942001 0.0390802197159 0.00622745457227 0.0110747995667 0.0208213600874 0.0265144916757 0.00117636652616 0.0466940989549 0.0161943476223 0.0176079851783 0.0256250825584 0.00709095957156 0.00238837487129 0.00139203608725 0.0292148821479 -0.00275052610673 0.0131451162456 -0.00337113236983 0.00735600786369 0.0329709855783 0.010793885909 -0.00385948119621 0.0247965638934 -0.00974140457411 0.00879300367441 -0.0164022594328 0.00154408468983 -0.00440264744793 -0.00237480671915 0.00501654052209 -0.00231434608001 0.00136465300147 0.0211297375651 0.0102562255103 0.0210935893291 0.0457462752012 0.0294969978259 
0.0237192811439 0.0545820418253 0.0243267698138 0.0176487276185 0.23617905873 0.0368742703456 0.0274708225638 0.0172683818916 -0.00097142401961 0.0472823368813 0.0252656553225 0.0172741249026 0.0289371173163 0.0166592378167 0.00685369458655 0.0285958187812 0.0361036215492 0.0350855946677 0.0426767736001 0.0182700088992 0.0238414395218 0.0195195200098 0.0194252013007 0.0165637685193 0.00821784473097 0.0080760035717 0.00976703059145 0.0241507691134 0.0197885128439 0.00630677916445 0.0080804033653 -0.0107242619812 0.000690469573609 0.0106949736349 0.0201063555382 0.0409767819575 0.0213848442865 0.0106978684648 0.0110661431073 0.0143979273393 0.0159004946148 0.0250839072115 0.00798241599639 0.0177933709911 0.0181352288362 0.0255084616241 0.0366212967526 0.0142139418638 0.00315493781343 0.0061674919598 
0.0164736958515 0.00215404182864 -0.0270147488085 0.0146128080629 0.0368742703456 0.50971636209 -0.0151052560365 -0.0250167464489 0.000839074629272 0.0239721343507 0.00593874025764 0.0157937591299 0.0122327480225 0.0210387359884 -0.000372887132613 0.0338518760609 0.0357877202111 -0.00793762387384 0.0243351338272 0.00764517011452 0.050580272258 0.0650556711686 0.0259977177689 0.015380761976 0.0144770715071 -0.00921675136338 0.00345549687709 0.0113051057151 0.0580175969254 0.10756248682 -0.0195367503874 0.0192531820669 0.0361513296349 -0.00226602820855 0.00919939377036 0.0597321754233 0.00956542871134 -0.00236819804173 0.00649315715154 -0.0134604953804 -0.0195542008383 -0.00904326811132 0.0170954089445 -0.00307392052708 0.00207274673993 0.0659384714737 0.0207112346495 0.00651866106938 0.0201385062603 -0.00158071704969 
0.00149756674031 0.00966283467586 0.060088995603 0.0377217776113 0.0274708225638 -0.0151052560365 0.406527423483 -0.0058322502116 -0.0177312043434 0.00390070742283 0.0272635708551 0.0149331918076 0.0040519543177 0.00395783689022 -0.0160653115781 0.0309137710294 0.0320407151448 0.0192831548335 0.0251812296275 0.00748037382895 0.0156404642655 -0.00660214575905 0.00542073026081 0.0177048801796 0.017410007278 0.00838055262894 -0.00369982011506 0.0191422569305 -0.000194238099257 -0.0113130043387 -0.00952249382545 0.00334761217087 0.059948135469 0.00148169813132 0.0169561156923 0.074747048217 0.0304662855413 -0.00392494567616 -0.00272681899784 6.17562093023e-05 0.00969670775095 -0.00498357368844 -0.000363136547297 -0.00628289795746 0.00756871566266 0.0177445817032 0.0249298625445 -0.0239308749043 0.00141136006265 0.00312054276394 
0.0612881913701 0.0317786228644 0.0563266983532 -0.0018428215533 0.0172683818916 -0.0250167464489 -0.0058322502116 0.886913004195 0.043574773389 -0.00429195392754 0.0120770164909 0.0228752787038 0.0526119775054 0.0259822124232 0.0502702034202 -0.000735812556291 0.0482826013679 0.0393143618376 -0.0279973899261 0.0208470186318 0.0123575281395 0.0296729718108 0.0398622822889 0.0247008963305 0.0304433894854 0.0521315087878 0.0625033528475 0.0517248338607 -0.00248313666323 -0.00985024559935 0.0135968236187 0.0163224352606 0.0140705483927 0.042523511664 0.00034564489624 -0.0331951140598 0.0174800243335 0.00957557441852 0.026157246272 0.0611762243525 0.0304042118505 0.0308777210426 -0.0105734917965 0.000938877194789 0.0544193851764 -0.047144648466 0.0312433392869 0.0242812086387 -0.0135946639106 0.024529650027 
0.0106034497039 0.00517110374439 0.0180852666964 0.0165781300893 -0.00097142401961 0.000839074629272 -0.0177312043434 0.043574773389 0.222848779135 0.00199763151705 0.00868138098263 0.00388905730676 0.00515305116433 0.0181190416894 0.00306114445745 0.00473866925633 0.0164212502847 0.0203843576206 -0.0250153750991 0.00517699746683 0.0135466734362 0.0105484764075 0.00916459511525 -0.0172826004619 0.0027015143135 0.0403635553738 0.00202565130269 0.00427369919115 0.0268193168217 0.0297020678123 0.0267975704886 0.00764178056658 0.00924523809595 0.00297881598915 0.0138329365916 -0.00660850444001 -0.00648230513264 0.0249531490993 0.00351463575206 0.00616613148617 -0.00655915884277 0.0141785574577 0.0143012700533 0.0245310564786 0.0114866716946 -0.0088572231145 0.0011766591978 -0.00519136214603 0.0151381441438 -0.00069385680407 
0.00634093156992 0.0236007714017 0.0372004598005 0.0304909558518 0.0472823368813 0.0239721343507 0.00390070742283 -0.00429195392754 0.00199763151705 0.327511195935 0.0222297680761 0.0127398052368 0.00423042513632 0.00291016559714 0.0244923909069 0.0449169917655 0.0121269866493 -0.00606054334133 0.0368716306923 0.0101183982748 0.0333804433817 0.00512100019441 -0.0135401707036 0.0251052006957 0.00821975080356 -0.0172143680414 0.0262505763788 0.0149782796643 -0.0103307648855 -0.00552874212941 -0.00296259232812 0.0100823985252 -0.00853584467571 0.0234530670346 -0.0153814299262 0.0324499079379 -0.0157953955279 0.0102956561866 -0.00570322215114 -0.00105480217428 0.0150624354905 -0.010863920284 0.017681516183 0.0134473087859 0.0045364200227 0.0373572684494 0.0377826483214 0.0148756840459 0.00431946103106 0.0255067928091 
0.0265627026029 0.0244935366822 0.0219708155409 0.000527363785422 0.0252656553225 0.00593874025764 0.0272635708551 0.0120770164909 0.00868138098263 0.0222297680761 0.234925696987 0.0241714630726 0.0117730858858 0.00322415619719 0.00488413520445 0.0210570486496 0.023581263332 0.0303442936172 0.0204953362671 0.0109211475953 0.00639051777749 0.0407967354882 0.0308030548459 0.0221195326167 0.00543775382782 0.0205416908365 0.0229311842783 0.0185424860296 0.0583492760687 0.00833582677704 0.00778571652998 -0.0034974892966 0.00440687153379 0.0212818364982 0.0205882908265 0.024983312118 0.00211674861491 0.0159540369537 0.0129955219057 0.0171779087242 -0.00457783886512 0.00790654595258 0.0108679850945 0.0199128348601 0.0130934750715 0.0209741824362 0.032938821332 -0.0178271316787 0.00727182214277 0.00554743538321 
0.018766299246 0.0087835781576 0.0290511913916 0.00730952152836 0.0172741249026 0.0157937591299 0.0149331918076 0.0228752787038 0.00388905730676 0.0127398052368 0.0241714630726 0.151012362115 0.0215892302537 0.0191426129077 0.00267360414403 0.0278984748679 0.00255116274756 -0.00279344993266 -0.00246087826721 0.0159005586374 0.0522749138903 0.00563495572669 0.0156130203527 0.0276009445334 0.0170256463922 0.00900109334696 0.0177791469874 0.0266215943172 -0.0066970568635 0.00630020887654 0.0166463676851 0.00150894327159 0.00798511364611 0.0141122727321 0.00917343684724 0.0143670214891 0.0101998703782 0.0091662386697 0.0235518195382 0.0133832469114 0.0292558655405 0.00117905067307 0.00467425443683 0.0233921502272 0.00510271368636 0.00185444237336 -0.0116803868648 0.0196635984707 0.00538695289213 0.00304908075931 
0.0185112057274 0.0181655121168 0.0251093950677 0.0225105515092 0.0289371173163 0.0122327480225 0.0040519543177 0.0526119775054 0.00515305116433 0.00423042513632 0.0117730858858 0.0215892302537 0.214481555472 0.0161333827486 0.0274450600196 0.0298550124636 0.0173356150192 0.0447728021582 0.0272837024176 0.00944813347682 0.0250910199719 0.0309321258587 0.084907499393 0.015718276547 0.00308045712298 0.00568891454377 0.0206863019617 0.027406080325 -0.00723774398647 0.0289747476605 0.0320664927582 0.0183270195048 0.00684374516319 0.0148527577606 0.00347649054621 0.0470635794737 0.0183539627409 0.0242983343295 0.00971353823475 0.0111544885237 0.017119152723 0.0108910048164 0.00638210362036 0.0046375568335 0.0230604698895 -0.000948834095365 0.0345398684154 0.0362695149775 0.0204644048695 0.0235485118547 
0.0231363705973 0.0425036818713 0.0194863600432 0.0207608942001 0.0166592378167 0.0210387359884 0.00395783689022 0.0259822124232 0.0181190416894 0.00291016559714 0.00322415619719 0.0191426129077 0.0161333827486 0.171551522777 0.0324230989222 0.0232707460435 0.0229704492858 0.0324501528962 0.00444635971606 0.011933308723 0.00599505308848 0.00357535540605 0.023290476494 0.00648471670585 0.000464654645277 0.0170922858048 0.018968770578 0.0424216831548 -0.0157670529539 0.0280884579695 0.019499225141 0.0141277165079 0.00460354052793 0.0157788172992 0.0106475510741 0.00498410434245 0.0399860646082 0.0167444464047 0.0218227310241 -5.49375114149e-06 0.0193717248795 0.0462461911883 0.00043651144653 0.0102180820021 0.00965873364842 0.0165795350899 0.0138831652363 0.0233636746112 0.00393580091964 0.0147309495575 
0.0190877065722 0.0114226886445 0.0200717854542 0.0390802197159 0.00685369458655 -0.000372887132613 -0.0160653115781 0.0502702034202 0.00306114445745 0.0244923909069 0.00488413520445 0.00267360414403 0.0274450600196 0.0324230989222 0.313188917053 -0.00591292634729 0.00702883108833 0.0533920216548 0.0171463225206 0.0207192993357 0.0347379602071 0.0306052243047 0.0602490221175 0.0334842475429 0.00558524587676 -0.00435525934159 0.035002427825 0.0209902359636 -0.00629761208523 0.00803942842455 0.0279802293667 -0.00126403037516 0.0246599097135 0.0122150926824 0.0191911975008 0.0370480671827 0.0247187139719 0.0248822359878 0.00238087610531 0.00922955311632 0.0407792843929 0.0261550874334 -0.00957370129743 0.0109007237046 0.0163231135326 0.0279005709047 0.0437213791745 0.00747875081317 0.0166703713651 0.0180258501676 
0.0432889458419 0.0553379295336 0.036846540578 0.00622745457227 0.0285958187812 0.0338518760609 0.0309137710294 -0.000735812556291 0.00473866925633 0.0449169917655 0.0210570486496 0.0278984748679 0.0298550124636 0.0232707460435 -0.00591292634729 0.476216731671 0.0053282043218 0.0396914192304 0.00727113166206 0.0165041649587 -0.00178517078698 0.0138624497238 0.0173387706105 0.0165933737853 0.001295223361 -0.00968727740346 0.0159528905998 0.0561445175102 0.017574626592 0.00775915153466 0.00270752999643 0.0139319871125 0.0215278918761 0.0038611665821 0.0300174627471 0.0103767587305 0.0416120804275 0.0119671591733 0.0280612078654 0.01569494468 0.0220072670086 0.00173788100393 0.0175338672671 -0.0246228564063 0.0239164791262 0.0207372654793 -0.014736150308 0.0458335851138 0.0293630904217 0.0639824780243 
0.042830877812 0.0183514278611 0.0128356824536 0.0110747995667 0.0361036215492 0.0357877202111 0.0320407151448 0.0482826013679 0.0164212502847 0.0121269866493 0.023581263332 0.00255116274756 0.0173356150192 0.0229704492858 0.00702883108833 0.0053282043218 0.427103746603 0.0431049271961 0.0111905897041 0.000395868523756 -0.0067363408737 0.00255219063659 0.0121425246076 0.03775421711 0.00026246747924 0.0425837846609 0.0291634894159 0.0173665700326 0.0432239839794 0.0342883129674 -0.0182180233657 0.0662121695997 0.038444081912 0.028084429068 0.00949639915794 0.0667427860297 -0.00143084996031 -0.0043420313285 0.0106126592188 0.0262969028165 0.0150720908297 0.0324587218339 0.0185693262375 0.171877319447 0.0139490103422 0.00870748808894 0.00823462367053 0.0303899452033 0.0151834613307 0.04028344874 
0.0413773542942 0.0295001007311 0.0267876377466 0.0208213600874 0.0350855946677 -0.00793762387384 0.0192831548335 0.0393143618376 0.0203843576206 -0.00606054334133 0.0303442936172 -0.00279344993266 0.0447728021582 0.0324501528962 0.0533920216548 0.0396914192304 0.0431049271961 0.379980360577 0.0147691492019 0.0197784850744 0.0299469085067 0.0236578832702 0.0489053809558 0.0397170790877 0.0187891542156 0.0109061237458 -0.00261807239337 0.0150759008405 0.0302228101382 3.55662555561e-05 0.021812149235 0.0247059497582 0.00171766249995 0.0461946548463 0.00275151579963 0.0442720356997 0.0456332367909 0.00246945452794 -0.00425616361173 0.0225648200531 0.0196939770074 0.0220108772187 0.0130745756131 0.00203797156803 0.022066726969 0.0172140164664 0.0859392680061 0.0263012567433 -0.0167137782224 0.00057883376776 
0.0113435230413 0.00363243134398 0.00290781316587 0.0265144916757 0.0426767736001 0.0243351338272 0.0251812296275 -0.0279973899261 -0.0250153750991 0.0368716306923 0.0204953362671 -0.00246087826721 0.0272837024176 0.00444635971606 0.0171463225206 0.00727113166206 0.0111905897041 0.0147691492019 0.706636582619 -0.00199260432193 -0.0295278472341 0.00998143718398 -0.0183790261359 0.0184811457882 -0.00109561860937 -0.0124405575026 0.00903261585561 0.0282510195704 0.0153946576215 0.0418981832196 0.00261191212612 -0.00586050759365 0.0107096433979 0.0148804154078 0.0485172253785 0.0280228762265 0.0469696151304 0.0112828477116 -0.00582032557358 0.00558292181535 0.013507443113 0.0150965764403 0.000140073255021 -0.0255299521455 0.00904989011491 0.0215885375931 0.0131655582475 -0.0359623989673 0.00106919307095 0.000529126583786 
0.00554081627096 -2.45261867465e-05 0.0202203607669 0.00117636652616 0.0182700088992 0.00764517011452 0.00748037382895 0.0208470186318 0.00517699746683 0.0101183982748 0.0109211475953 0.0159005586374 0.00944813347682 0.011933308723 0.0207192993357 0.0165041649587 0.000395868523756 0.0197784850744 -0.00199260432193 0.135718286388 -0.00396720030515 0.0127356630455 0.0213395931587 0.00900703915536 0.0112979784436 0.0120182471336 0.0220430882071 0.00157602792888 -0.00650952958636 0.00571363776795 0.00624413930283 0.0172765821354 0.00681450082838 0.00315515722756 0.0266052046576 -0.00394648151676 0.0185898090289 0.00888347849978 0.0281776995826 0.0110255370878 0.017585626066 0.00496014012045 0.00408203324374 -0.00223481211916 0.0102054072702 0.0181027312501 0.0167341198498 0.0253900454389 0.00375626025262 0.00260434708374 
0.0191372501087 0.00215950963223 0.00150386546127 0.0466940989549 0.0238414395218 0.050580272258 0.0156404642655 0.0123575281395 0.0135466734362 0.0333804433817 0.00639051777749 0.0522749138903 0.0250910199719 0.00599505308848 0.0347379602071 -0.00178517078698 -0.0067363408737 0.0299469085067 -0.0295278472341 -0.00396720030515 0.716167253138 -0.00445276693713 0.0399042294539 0.0100049019107 0.0175205454488 0.0219572732382 0.0116140935156 0.0447147457155 -0.0110622528347 0.0226966636184 0.045042943899 0.0235780109303 0.0195739050599 0.0199401615673 0.0117563248416 0.0551898232136 0.0249927874756 -0.00309468245799 -0.00238905550575 0.00496343155228 0.120113603836 0.00519506936019 -0.0098193039738 0.0217616595001 0.00614449479009 0.0411348462608 0.0862918849655 0.0265112930233 0.0144569164936 -0.00369065005398 
0.01319764897 0.0202872815649 0.0201807819229 0.0161943476223 0.0195195200098 0.0650556711686 -0.00660214575905 0.0296729718108 0.0105484764075 0.00512100019441 0.0407967354882 0.00563495572669 0.0309321258587 0.00357535540605 0.0306052243047 0.0138624497238 0.00255219063659 0.0236578832702 0.00998143718398 0.0127356630455 -0.00445276693713 0.413837840653 0.0193769946485 0.00404408306616 0.00307306618753 0.0403745164535 0.0295866190617 0.0442207089402 0.0221018871722 0.0285575987708 0.00817498214281 0.0389185375365 0.0103430973781 0.0262230533119 0.0144626447828 -0.00559673354768 0.00960491781397 0.0208900380278 0.0157553317051 0.0239081329265 0.0109342726128 -0.000194000960288 -0.00171562920409 0.0132054246115 0.00607603465282 0.0162547795293 -0.000827952885731 0.00506880852313 0.00497257073434 0.0232280202612 
0.0292127999825 0.00974752418829 0.0342514650064 0.0176079851783 0.0194252013007 0.0259977177689 0.00542073026081 0.0398622822889 0.00916459511525 -0.0135401707036 0.0308030548459 0.0156130203527 0.084907499393 0.023290476494 0.0602490221175 0.0173387706105 0.0121425246076 0.0489053809558 -0.0183790261359 0.0213395931587 0.0399042294539 0.0193769946485 0.274460272451 0.0302547346957 -0.000498745225876 0.0229598775547 0.0191284413477 0.0148961637148 -0.0133647582991 0.0400332550225 0.0393520244528 0.000129675437865 -0.000909176008483 0.0204065051786 0.0114436358906 0.0224221765474 0.00143852015185 0.0254267063713 -4.75344821712e-05 0.00254944536331 0.00843782386512 0.0106449078457 0.00512757831717 -0.0011997382246 0.0213797293178 0.000838807812287 0.0730385326479 0.0367210461934 0.0177134456145 0.0123064709491 
0.0330816065286 0.0297324395524 0.0490998622882 0.0256250825584 0.0165637685193 0.015380761976 0.0177048801796 0.0247008963305 -0.0172826004619 0.0251052006957 0.0221195326167 0.0276009445334 0.015718276547 0.00648471670585 0.0334842475429 0.0165933737853 0.03775421711 0.0397170790877 0.0184811457882 0.00900703915536 0.0100049019107 0.00404408306616 0.0302547346957 0.169471605947 0.0414406920411 0.00979904112291 0.0170039538524 0.0114716537282 0.0149950711818 0.0284484648912 0.00676115459238 0.016380364121 0.0231023102155 0.01983312934 0.00578142708749 0.00745686285034 0.0158979819597 0.00248970825075 0.000143805116897 0.00999027723988 0.0063030417144 0.0111809769541 0.011562364034 0.0132598142467 0.0235673343578 0.0283089714022 0.0353259773731 0.0265126113053 0.0012991007542 0.0107081552223 
0.02297384873 -0.00250054308984 0.0398707890514 0.00709095957156 0.00821784473097 0.0144770715071 0.017410007278 0.0304433894854 0.0027015143135 0.00821975080356 0.00543775382782 0.0170256463922 0.00308045712298 0.000464654645277 0.00558524587676 0.001295223361 0.00026246747924 0.0187891542156 -0.00109561860937 0.0112979784436 0.0175205454488 0.00307306618753 -0.000498745225876 0.0414406920411 0.291066515754 -0.00393966669676 0.0113193834677 0.00108462183454 -0.0163119098504 -0.000810506454037 0.00841901107852 0.0111114973326 0.0067104207271 0.0148866949451 -0.00288871845574 0.0104529872221 0.0183088933262 0.0123657579495 0.0181458056184 0.00842804105914 0.0125042610437 -0.00129684886217 0.000476251147446 0.00920730354465 0.00542106441076 0.00266895827194 0.00113754737998 0.00900886611599 -0.00426752918541 0.027224945451 
0.0193213751539 0.016691445296 0.0291907054418 0.00238837487129 0.0080760035717 -0.00921675136338 0.00838055262894 0.0521315087878 0.0403635553738 -0.0172143680414 0.0205416908365 0.00900109334696 0.00568891454377 0.0170922858048 -0.00435525934159 -0.00968727740346 0.0425837846609 0.0109061237458 -0.0124405575026 0.0120182471336 0.0219572732382 0.0403745164535 0.0229598775547 0.00979904112291 -0.00393966669676 0.216594403601 0.0188752382681 0.00506020900273 0.0403065023362 0.0245023381676 0.00226912022166 0.015557350358 0.0208561367563 0.0154720180564 0.0120718699174 -0.0143886440613 -0.00860909518921 0.0240661009134 0.00593649785934 0.0178407082689 2.67897679835e-05 0.0215374000549 0.0066552202464 0.0380786488359 0.0171078841384 0.0223610155481 0.00615510686016 0.0451231120261 0.0163824259439 -0.000427982013202 
0.0175906902754 0.0128038296125 -0.000324656039401 0.00139203608725 0.00976703059145 0.00345549687709 -0.00369982011506 0.0625033528475 0.00202565130269 0.0262505763788 0.0229311842783 0.0177791469874 0.0206863019617 0.018968770578 0.035002427825 0.0159528905998 0.0291634894159 -0.00261807239337 0.00903261585561 0.0220430882071 0.0116140935156 0.0295866190617 0.0191284413477 0.0170039538524 0.0113193834677 0.0188752382681 0.376129348824 0.0166772116032 0.0292345970883 0.030806050224 0.0168245700235 0.0170553020358 0.0292876675048 -0.0054847919045 0.00821605611077 0.0251116655417 0.009187982363 0.00713666531282 0.00624969871349 0.029821403973 0.0283663552711 0.0268885470508 0.0189540848895 -0.00686870730155 0.00714150050953 0.000725408869415 -0.00679441439386 0.046610954414 0.00666556661568 0.0241136635454 
0.0206449237172 0.0314089084025 0.0268192284581 0.0292148821479 0.0241507691134 0.0113051057151 0.0191422569305 0.0517248338607 0.00427369919115 0.0149782796643 0.0185424860296 0.0266215943172 0.027406080325 0.0424216831548 0.0209902359636 0.0561445175102 0.0173665700326 0.0150759008405 0.0282510195704 0.00157602792888 0.0447147457155 0.0442207089402 0.0148961637148 0.0114716537282 0.00108462183454 0.00506020900273 0.0166772116032 0.220656235751 0.00393081050089 0.0087029671772 0.0234238181975 0.0159258238368 0.00102503569955 0.0138231029558 0.0160946726796 0.0278636197123 0.0275234127124 0.012474619221 0.00449615087034 0.0206230138686 0.0283831102386 0.0257623829093 0.0104063603255 0.0181353328184 0.0121902446481 0.00604753861186 0.0121152636622 0.0058003290829 0.00984501140768 0.0200869815635 
0.033527897861 -0.00225859757612 0.0289933032263 -0.00275052610673 0.0197885128439 0.0580175969254 -0.000194238099257 -0.00248313666323 0.0268193168217 -0.0103307648855 0.0583492760687 -0.0066970568635 -0.00723774398647 -0.0157670529539 -0.00629761208523 0.017574626592 0.0432239839794 0.0302228101382 0.0153946576215 -0.00650952958636 -0.0110622528347 0.0221018871722 -0.0133647582991 0.0149950711818 -0.0163119098504 0.0403065023362 0.0292345970883 0.00393081050089 0.868734137856 0.000514275231927 -0.01584859081 0.0144565332914 -0.00177001824196 -0.0212107403707 0.0178510147972 -0.0241662766825 0.00768842191033 0.0128627676496 0.0106958329256 -0.000353202830522 0.0386819093544 0.010929487057 0.0502714584025 0.0196772498717 -0.0143464360711 0.0363451131181 0.0138821912836 0.0539173801354 0.00600864844942 -0.00397399070498 
0.0361203384215 -0.00241941844723 0.0208060619864 0.0131451162456 0.00630677916446 0.10756248682 -0.0113130043387 -0.00985024559935 0.0297020678123 -0.00552874212941 0.00833582677704 0.00630020887654 0.0289747476605 0.0280884579695 0.00803942842455 0.00775915153465 0.0342883129674 3.5566255556e-05 0.0418981832196 0.00571363776795 0.0226966636184 0.0285575987708 0.0400332550225 0.0284484648912 -0.000810506454037 0.0245023381676 0.030806050224 0.0087029671772 0.000514275231927 0.285197432184 -0.00552641826517 0.0097780221444 0.0196790095136 0.0251897241132 -0.00196298746316 0.0380675490898 0.0014256125545 0.0124577781298 0.00608098457446 0.0183047059947 0.00859962854131 0.013977564221 0.00401976708633 0.0245423027237 0.0176538221374 -0.00889392279118 0.00458799912607 0.012531373069 -0.00252754506349 0.0257739419077 
-0.0121859523422 0.0367031268061 0.009782909883 -0.00337113236983 0.0080804033653 -0.0195367503874 -0.00952249382545 0.0135968236187 0.0267975704886 -0.00296259232812 0.00778571652998 0.0166463676851 0.0320664927582 0.019499225141 0.0279802293667 0.00270752999643 -0.0182180233657 0.021812149235 0.00261191212612 0.00624413930283 0.045042943899 0.00817498214281 0.0393520244528 0.00676115459238 0.00841901107852 0.00226912022166 0.0168245700235 0.0234238181975 -0.01584859081 -0.00552641826517 0.284144049503 -0.00513650803849 0.0174469100123 0.00189478393469 0.0179609358695 0.00427348189097 0.0167780036531 0.0147585865578 0.00130426224054 0.00227550914259 -0.0105533603564 0.0125634544805 -0.00232244888454 -0.0107858942872 0.00593618694155 0.00193995504489 0.0423991344453 0.0184572938257 -0.0125947516329 0.0260834132581 
0.0116329023173 0.0058353745031 0.00314110996536 0.00735600786369 -0.0107242619812 0.0192531820669 0.00334761217087 0.0163224352606 0.00764178056658 0.0100823985252 -0.0034974892966 0.00150894327159 0.0183270195048 0.0141277165079 -0.00126403037516 0.0139319871125 0.0662121695997 0.0247059497582 -0.00586050759365 0.0172765821354 0.0235780109303 0.0389185375365 0.000129675437865 0.016380364121 0.0111114973326 0.015557350358 0.0170553020358 0.0159258238368 0.0144565332914 0.0097780221444 -0.00513650803849 0.297898283744 0.00604705392872 0.025290351255 -0.00800992463885 0.00360686651955 -0.0102272536718 0.00157512395457 0.0143650909137 0.00937415125344 0.0113880806635 0.0180431515596 0.000360471106502 0.00797424242687 0.00353919872911 0.0351359711316 0.0663032673882 0.0112730280276 0.00872942827825 0.00250060466459 
0.0385791580931 -0.00155427683168 0.0421882414197 0.0329709855783 0.000690469573609 0.0361513296349 0.059948135469 0.0140705483927 0.00924523809595 -0.00853584467571 0.00440687153379 0.00798511364611 0.00684374516319 0.00460354052793 0.0246599097135 0.0215278918761 0.038444081912 0.00171766249995 0.0107096433979 0.00681450082838 0.0195739050599 0.0103430973781 -0.000909176008482 0.0231023102155 0.0067104207271 0.0208561367563 0.0292876675048 0.00102503569955 -0.00177001824196 0.0196790095136 0.0174469100123 0.00604705392872 0.392501075072 0.0231648125932 0.0207986239423 -0.0260483294473 0.00933752801762 0.014868838336 0.00431857038569 0.0271386541028 0.0128090456187 0.0162684322095 0.00334723596528 0.0220128431035 0.0175777008037 0.00822736142105 0.0383227029229 0.0254188549345 0.017211458177 0.0361889411954 
0.0208963245546 0.0140781316028 0.0124426304365 0.010793885909 0.0106949736349 -0.00226602820855 0.00148169813132 0.042523511664 0.00297881598915 0.0234530670346 0.0212818364982 0.0141122727321 0.0148527577606 0.0157788172992 0.0122150926824 0.0038611665821 0.028084429068 0.0461946548463 0.0148804154078 0.00315515722756 0.0199401615673 0.0262230533119 0.0204065051786 0.01983312934 0.0148866949451 0.0154720180564 -0.0054847919045 0.0138231029558 -0.0212107403707 0.0251897241132 0.00189478393469 0.025290351255 0.0231648125932 0.172712850966 -0.00847201643484 0.0138532200801 -0.0038750331627 -0.00635826773516 0.00911804168464 0.0184205682271 0.00973230623121 0.0127876933199 0.00606817442682 0.0097215883689 0.0125471340135 0.0194477437309 0.0243260362168 -0.00153446516508 0.00658338007074 0.0301272402692 
-0.00300260785826 0.0123933995319 0.0124021669887 -0.00385948119621 0.0201063555382 0.00919939377036 0.0169561156923 0.00034564489624 0.0138329365916 -0.0153814299262 0.0205882908265 0.00917343684724 0.00347649054621 0.0106475510741 0.0191911975008 0.0300174627471 0.00949639915794 0.00275151579963 0.0485172253785 0.0266052046576 0.0117563248416 0.0144626447828 0.0114436358906 0.00578142708749 -0.00288871845574 0.0120718699174 0.00821605611077 0.0160946726796 0.0178510147972 -0.00196298746316 0.0179609358695 -0.00800992463885 0.0207986239423 -0.00847201643484 0.151338833554 -0.00993440234461 0.0176658965221 -0.00526398159233 0.0356176585868 0.00606477962752 0.0107886374535 -0.00595025860985 0.00378936272288 0.00791327326951 -6.53254025769e-05 -0.0057790025666 0.00866988836494 0.0140654228611 0.00487400183786 0.0090746751861 
0.0179207738522 0.0270003833569 0.133055032051 0.0247965638934 0.0409767819575 0.0597321754233 0.074747048217 -0.0331951140598 -0.00660850444 0.0324499079379 0.024983312118 0.0143670214891 0.0470635794737 0.00498410434245 0.0370480671827 0.0103767587305 0.0667427860297 0.0442720356997 0.0280228762265 -0.00394648151676 0.0551898232136 -0.00559673354768 0.0224221765474 0.00745686285034 0.0104529872221 -0.0143886440613 0.0251116655417 0.0278636197123 -0.0241662766825 0.0380675490898 0.00427348189097 0.00360686651955 -0.0260483294473 0.0138532200801 -0.00993440234461 0.686313187205 -0.00396861484467 -0.00426766504076 -0.017684743005 -0.00857232494954 -0.0049450666089 0.00999385940206 0.00266151944527 0.0231567524748 0.0117878772109 0.0512339370201 0.0588460625838 0.0082840721214 0.0114254136028 0.027327833776 
0.00995439836375 0.0105495652362 0.024973908177 -0.00974140457411 0.0213848442865 0.00956542871134 0.0304662855413 0.0174800243335 -0.00648230513264 -0.0157953955279 0.00211674861491 0.0101998703782 0.0183539627409 0.0399860646082 0.0247187139719 0.0416120804275 -0.00143084996031 0.0456332367909 0.0469696151304 0.0185898090289 0.0249927874756 0.00960491781397 0.00143852015185 0.0158979819597 0.0183088933262 -0.00860909518921 0.009187982363 0.0275234127124 0.00768842191033 0.0014256125545 0.0167780036531 -0.0102272536718 0.00933752801762 -0.0038750331627 0.0176658965221 -0.00396861484467 0.217714219198 0.00690159038618 0.00828138977211 -0.0107461240573 0.0352571371824 0.0130902231237 0.0316734130633 -0.00187517042765 0.0253202271049 0.00545111167312 0.0429959066118 0.0222691663473 -0.00826499714865 -0.00819882600994 
0.0154237606464 0.0106763370554 0.000511297210097 0.00879300367441 0.0106978684648 -0.00236819804173 -0.00392494567616 0.00957557441852 0.0249531490993 0.0102956561866 0.0159540369537 0.0091662386697 0.0242983343295 0.0167444464047 0.0248822359878 0.0119671591733 -0.0043420313285 0.00246945452794 0.0112828477116 0.00888347849978 -0.00309468245799 0.0208900380278 0.0254267063713 0.00248970825075 0.0123657579495 0.0240661009134 0.00713666531282 0.012474619221 0.0128627676496 0.0124577781298 0.0147585865578 0.00157512395457 0.014868838336 -0.00635826773516 -0.00526398159233 -0.00426766504076 0.00690159038618 0.178808535251 0.003739882977 -0.000179873307325 0.00765928301763 0.00428346887151 -0.000204657939843 0.00851392519734 0.00785514925683 0.00758277417111 0.0349287164502 0.0213535113337 0.00768976323281 0.01862091853 
0.00907772281643 0.0079084352633 0.0258852818442 -0.0164022594328 0.0110661431073 0.00649315715154 -0.00272681899784 0.026157246272 0.00351463575206 -0.00570322215114 0.0129955219057 0.0235518195382 0.00971353823475 0.0218227310241 0.00238087610531 0.0280612078654 0.0106126592188 -0.00425616361173 -0.00582032557358 0.0281776995826 -0.00238905550575 0.0157553317051 -4.75344821712e-05 0.000143805116897 0.0181458056184 0.00593649785934 0.00624969871349 0.00449615087034 0.0106958329256 0.00608098457446 0.00130426224054 0.0143650909137 0.00431857038569 0.00911804168464 0.0356176585868 -0.017684743005 0.00828138977211 0.003739882977 0.12548540067 0.0129484934496 0.0174180777597 0.00888395394056 0.0116399343703 0.00938382249939 0.0128968801802 0.0114190694711 0.00817539403692 0.0172902359827 0.00475586061684 0.00813351484387 
0.0357200222212 0.0167471847238 0.00526831727902 0.00154408468983 0.0143979273393 -0.0134604953804 6.17562093021e-05 0.0611762243525 0.00616613148617 -0.00105480217428 0.0171779087242 0.0133832469114 0.0111544885237 -5.49375114172e-06 0.00922955311632 0.01569494468 0.0262969028165 0.0225648200531 0.00558292181535 0.0110255370878 0.00496343155228 0.0239081329265 0.00254944536331 0.00999027723988 0.00842804105914 0.0178407082689 0.029821403973 0.0206230138686 -0.000353202830522 0.0183047059947 0.00227550914259 0.00937415125344 0.0271386541028 0.0184205682271 0.00606477962752 -0.00857232494954 -0.0107461240573 -0.000179873307325 0.0129484934496 0.223722620732 -0.0106379937831 0.0106853754814 0.00912590275515 -0.00254693081475 0.017117447616 0.0063007379072 0.0105437958381 0.014815800361 0.00191698302005 0.0229380557984 
0.0182074342161 -0.00149671454318 0.00899433777175 -0.00440264744793 0.0159004946148 -0.0195542008383 0.00969670775095 0.0304042118505 -0.00655915884278 0.0150624354905 -0.00457783886512 0.0292558655405 0.017119152723 0.0193717248795 0.0407792843929 0.0220072670086 0.0150720908297 0.0196939770074 0.013507443113 0.017585626066 0.120113603836 0.0109342726128 0.00843782386512 0.0063030417144 0.0125042610437 2.67897679835e-05 0.0283663552711 0.0283831102386 0.0386819093544 0.00859962854131 -0.0105533603564 0.0113880806635 0.0128090456187 0.00973230623121 0.0107886374535 -0.0049450666089 0.0352571371824 0.00765928301763 0.0174180777597 -0.0106379937831 0.352350895855 0.00123346613937 0.0207924004552 -0.01046865102 0.00977871054682 0.00680481224974 -0.00434818040021 0.00224684729372 0.00286374885441 0.00779657591316 
0.0635142070849 0.0248983020655 0.0282362011329 -0.00237480671915 0.0250839072115 -0.00904326811132 -0.00498357368844 0.0308777210426 0.0141785574577 -0.010863920284 0.00790654595258 0.00117905067307 0.0108910048164 0.0462461911883 0.0261550874334 0.00173788100393 0.0324587218339 0.0220108772187 0.0150965764403 0.00496014012045 0.00519506936019 -0.000194000960288 0.0106449078457 0.0111809769541 -0.00129684886217 0.0215374000549 0.0268885470508 0.0257623829093 0.010929487057 0.013977564221 0.0125634544805 0.0180431515596 0.0162684322095 0.0127876933199 -0.00595025860985 0.00999385940206 0.0130902231237 0.00428346887151 0.00888395394056 0.0106853754814 0.00123346613937 0.278940172066 -0.00906252021676 0.0228856857655 -0.00342218430904 0.0212791496721 0.00703297697002 -0.00163937906053 0.000936290200386 -0.00622995705392 
0.0116274958562 0.00888162343007 0.00954164315911 0.00501654052209 0.00798241599639 0.0170954089445 -0.000363136547297 -0.0105734917965 0.0143012700533 0.017681516183 0.0108679850945 0.00467425443683 0.00638210362036 0.00043651144653 -0.00957370129743 0.0175338672671 0.0185693262375 0.0130745756131 0.000140073255021 0.00408203324374 -0.0098193039738 -0.00171562920409 0.00512757831717 0.011562364034 0.000476251147446 0.0066552202464 0.0189540848895 0.0104063603255 0.0502714584025 0.00401976708633 -0.00232244888454 0.000360471106502 0.00334723596528 0.00606817442682 0.00378936272288 0.00266151944527 0.0316734130633 -0.000204657939843 0.0116399343703 0.00912590275515 0.0207924004552 -0.00906252021676 0.141637235098 -0.013738244376 0.0152313704322 0.0147089481105 0.00485153530549 0.0457950802183 0.0120597626219 0.0044126508387 
-0.00514132079838 0.00780829994345 0.00645089447988 -0.00231434608001 0.0177933709911 -0.00307392052708 -0.00628289795746 0.000938877194789 0.0245310564786 0.0134473087859 0.0199128348601 0.0233921502272 0.0046375568335 0.0102180820021 0.0109007237046 -0.0246228564063 0.171877319447 0.00203797156803 -0.0255299521455 -0.00223481211916 0.0217616595001 0.0132054246115 -0.0011997382246 0.0132598142467 0.00920730354465 0.0380786488359 -0.00686870730155 0.0181353328184 0.0196772498717 0.0245423027237 -0.0107858942872 0.00797424242687 0.0220128431035 0.0097215883689 0.00791327326951 0.0231567524748 -0.00187517042765 0.00851392519734 0.00938382249939 -0.00254693081475 -0.01046865102 0.0228856857655 -0.013738244376 0.522158927178 0.000171685214376 0.0318393966886 0.0101403020274 -0.00012902315963 -0.00880032037534 0.0247086480486 
0.0185772557872 0.0106857938415 0.00990488325394 0.00136465300147 0.0181352288362 0.00207274673993 0.00756871566266 0.0544193851764 0.0114866716946 0.0045364200227 0.0130934750715 0.00510271368636 0.0230604698895 0.00965873364842 0.0163231135326 0.0239164791262 0.0139490103422 0.022066726969 0.00904989011491 0.0102054072702 0.00614449479009 0.00607603465282 0.0213797293178 0.0235673343578 0.00542106441076 0.0171078841384 0.00714150050953 0.0121902446481 -0.0143464360711 0.0176538221374 0.00593618694155 0.00353919872911 0.0175777008037 0.0125471340135 -6.53254025769e-05 0.0117878772109 0.0253202271049 0.00785514925683 0.0128968801802 0.017117447616 0.00977871054682 -0.00342218430904 0.0152313704322 0.000171685214376 0.170376372264 0.0203004907271 0.023196178034 0.0247133103239 0.0167671097916 -0.000926349429688 
0.0355780555407 0.0110541971079 -0.00851850320905 0.0211297375651 0.0255084616241 0.0659384714737 0.0177445817032 -0.047144648466 -0.0088572231145 0.0373572684494 0.0209741824362 0.00185444237336 -0.000948834095364 0.0165795350899 0.0279005709047 0.0207372654793 0.00870748808894 0.0172140164664 0.0215885375931 0.0181027312501 0.0411348462608 0.0162547795293 0.000838807812287 0.0283089714022 0.00266895827194 0.0223610155481 0.000725408869415 0.00604753861186 0.0363451131181 -0.00889392279118 0.00193995504489 0.0351359711316 0.00822736142105 0.0194477437309 -0.0057790025666 0.0512339370201 0.00545111167312 0.00758277417111 0.0114190694711 0.0063007379072 0.00680481224974 0.0212791496721 0.0147089481105 0.0318393966886 0.0203004907271 0.322970060221 0.0471481564913 0.00489763882934 -0.0106170347518 0.0126317357683 
0.0173226110311 0.0329206501125 0.00119545456824 0.0102562255103 0.0366212967526 0.0207112346495 0.0249298625445 0.0312433392869 0.0011766591978 0.0377826483214 0.032938821332 -0.0116803868648 0.0345398684154 0.0138831652363 0.0437213791745 -0.014736150308 0.00823462367053 0.0859392680061 0.0131655582475 0.0167341198498 0.0862918849655 -0.00082795288573 0.0730385326479 0.0353259773731 0.00113754737998 0.00615510686016 -0.00679441439386 0.0121152636622 0.0138821912836 0.00458799912607 0.0423991344453 0.0663032673882 0.0383227029229 0.0243260362168 0.00866988836494 0.0588460625838 0.0429959066118 0.0349287164502 0.00817539403692 0.0105437958381 -0.00434818040021 0.00703297697002 0.00485153530549 0.0101403020274 0.023196178034 0.0471481564913 0.40365631524 0.030267410842 0.010345862482 0.0235826380105 
