20
0.0381517477001 0.100220943784 0.0524452719686 0.0498180241401 0.0114549593271 0.0677272644226 0.037281538924 0.0142076594304 0.0963264580192 0.0331605059077 0.0560151075184 0.0887704215167 0.00610402508206 0.0703179731329 0.0657027666716 0.0110311255814 0.0449819155318 0.0669670800901 0.00642009941462 0.0463620133958 
0.350262979663 0.0307387937065 0.0303295783473 0.0300569159555 0.00947166170609 0.0336338247672 0.0492633426975 0.00924878735732 0.00440653852816 0.00370925375095 0.020376510116 -0.0186215477332 0.00940738289308 -0.00362909845782 0.0219572067895 -0.00515232091635 0.0364946776063 -0.0135136899184 0.00844646912807 0.0103126053447 
0.0307387937065 1.1180117107 0.0492061470109 0.0357215814827 0.00754377604734 -0.00390717878931 -0.00586738536007 0.0269279415958 0.046696472357 0.020327903971 0.0106479772024 0.0398656824748 0.0207863590973 0.0170791718707 0.0328663648643 0.0120295375825 -0.01893319436 0.00184329791914 -0.00136827496465 -0.00229595839408 
0.0303295783473 0.0492061470109 0.277361351046 0.0294395587715 0.0325684530733 -0.00246149470048 0.0290179663146 0.0162711102003 0.0478482021072 0.0139695190735 0.000860774355587 0.0339951983438 0.0198027360677 0.0126199789604 0.0234962439305 0.0145380278657 0.0424641180862 0.0467839902722 0.00611160601438 0.00609153001268 
0.0300569159555 0.0357215814827 0.0294395587715 0.413804528937 0.00127661874902 -0.0016053704248 0.0102108714063 -0.0114495105168 0.00672686265458 0.0376838770306 0.0228711322664 -0.00623364900245 -0.0072695334436 0.00926818118942 -0.00275963811574 0.0332433415126 0.000679210534923 -0.0223129165842 0.0366386776111 0.00233514321661 
0.00947166170609 0.00754377604734 0.0325684530733 0.00127661874902 0.176731068136 0.0290521350739 0.00140702159794 0.0133146010917 0.016360002812 0.0114644684286 0.0178077188555 0.0111871045673 0.0326457119122 0.0320672952038 0.0162065635796 0.0222618353613 0.0405852127859 0.0298625726935 0.0179361191703 0.0140313745526 
0.0336338247672 -0.00390717878931 -0.00246149470048 -0.0016053704248 0.0290521350739 0.309161032317 0.00907125875177 0.00171183011821 -0.00236727733071 0.0106496672318 0.00346401524536 0.0112299995133 0.0210699093391 0.0101151568298 0.0237312498993 0.00592373018512 0.0497525719856 0.0258011414808 0.00698522796046 0.0294735406439 
0.0492633426975 -0.00586738536007 0.0290179663146 0.0102108714063 0.00140702159794 0.00907125875177 0.395592251308 0.0139175227894 0.0293239473522 0.0183137500379 0.0101902854693 0.0368878609448 -0.00207555302599 0.0152148341654 0.036169420605 0.018955585364 0.0192368583202 0.0210563336815 0.0233214630281 0.0296013383789 
0.00924878735732 0.0269279415958 0.0162711102003 -0.0114495105168 0.0133146010917 0.00171183011821 0.0139175227894 0.130191967894 0.020696300384 -0.00702854908772 0.0100339259499 0.0257778614556 0.0213479635192 0.0175661777571 0.00440325547868 0.00261792712509 0.0154928570361 0.0155078986919 0.0180474962159 -0.00804820631309 
0.00440653852816 0.046696472357 0.0478482021072 0.00672686265458 0.016360002812 -0.0023672773307 0.0293239473522 0.020696300384 0.471717350054 0.000994625646096 0.0244033732711 0.0460923182578 0.0200495856209 0.0208216086512 0.0231399373864 0.0053063666905 0.0314274417065 0.0331333811611 0.00898434936787 0.0408592154724 
0.00370925375095 0.020327903971 0.0139695190735 0.0376838770306 0.0114644684286 0.0106496672318 0.0183137500379 -0.00702854908772 0.000994625646096 0.15837015408 0.0240491998366 0.0434147786504 0.020029359046 0.010989488889 0.0125469073853 0.0384921161867 0.0251213726172 0.0074876838879 0.0453071017868 0.0180293967338 
0.020376510116 0.0106479772024 0.000860774355587 0.0228711322664 0.0178077188555 0.00346401524536 0.0101902854693 0.0100339259499 0.0244033732711 0.0240491998366 0.369511188399 0.0158031285655 0.0165979909544 0.00833821729736 0.00269102562111 0.0181836751427 0.00889171664414 0.00516952612949 0.0267030576474 0.00189137587948 
-0.0186215477332 0.0398656824748 0.0339951983438 -0.00623364900245 0.0111871045673 0.0112299995133 0.0368878609448 0.0257778614556 0.0460923182578 0.0434147786504 0.0158031285655 0.34211860304 0.0352400652849 0.0144068223503 0.0208659355247 0.029020030386 0.031324496311 0.0285490721759 0.024373744525 0.00656685039466 
0.00940738289308 0.0207863590973 0.0198027360677 -0.0072695334436 0.0326457119122 0.0210699093391 -0.00207555302599 0.0213479635192 0.0200495856209 0.020029359046 0.0165979909544 0.0352400652849 0.188611436977 0.0149843027837 0.0430544485462 0.0254851630049 0.0419467291777 0.032384679385 0.0222313069504 0.00327412526271 
-0.00362909845782 0.0170791718707 0.0126199789604 0.00926818118942 0.0320672952038 0.0101151568298 0.0152148341654 0.0175661777571 0.0208216086512 0.010989488889 0.00833821729736 0.0144068223503 0.0149843027837 0.288539859746 0.0207518199115 0.0170963069088 0.0302251070246 0.0289189934671 0.0278645080896 -0.0145396880278 
0.0219572067895 0.0328663648643 0.0234962439305 -0.00275963811574 0.0162065635796 0.0237312498993 0.036169420605 0.00440325547868 0.0231399373864 0.0125469073853 0.00269102562111 0.0208659355247 0.0430544485462 0.0207518199115 0.20081392934 0.0140542362047 0.0125792518414 0.00233329093752 0.0161644127025 0.0112516025679 
-0.00515232091635 0.0120295375825 0.0145380278657 0.0332433415126 0.0222618353613 0.00592373018512 0.018955585364 0.00261792712509 0.0053063666905 0.0384921161867 0.0181836751427 0.029020030386 0.0254851630049 0.0170963069088 0.0140542362047 0.1515257671 0.025306934802 0.0106343543931 0.0558532572209 0.00330390220687 
0.0364946776063 -0.01893319436 0.0424641180862 0.000679210534923 0.0405852127859 0.0497525719856 0.0192368583202 0.0154928570361 0.0314274417065 0.0251213726172 0.00889171664414 0.031324496311 0.0419467291777 0.0302251070246 0.0125792518414 0.025306934802 0.228254955307 0.0329238684204 0.0260816052068 -0.000704768974477 
-0.0135136899184 0.00184329791914 0.0467839902722 -0.0223129165842 0.0298625726935 0.0258011414808 0.0210563336815 0.0155078986919 0.0331333811611 0.0074876838879 0.00516952612949 0.0285490721759 0.032384679385 0.0289189934671 0.00233329093752 0.0106343543931 0.0329238684204 0.265622688614 -4.24789835109e-05 0.0173034653987 
0.00844646912807 -0.00136827496466 0.00611160601438 0.0366386776111 0.0179361191703 0.00698522796046 0.0233214630281 0.0180474962159 0.00898434936787 0.0453071017868 0.0267030576474 0.024373744525 0.0222313069504 0.0278645080896 0.0161644127025 0.0558532572209 0.0260816052068 -4.2478983511e-05 0.162598877183 0.0348196043823 
0.0103126053447 -0.00229595839408 0.00609153001268 0.00233514321661 0.0140313745526 0.0294735406439 0.0296013383789 -0.00804820631309 0.0408592154724 0.0180293967338 0.00189137587948 0.00656685039466 0.00327412526271 -0.0145396880278 0.0112516025679 0.00330390220687 -0.000704768974477 0.0173034653987 0.0348196043823 0.407670374804 
0.0303336638394 0.00266205762315 0.00262661853348 0.00260300527769 0.000820269965353 0.00291277466749 0.00426633062514 0.000800968480564 0.000381617430814 0.00032123079774 0.00176465754009 -0.00161267333948 0.000814703256853 -0.000314289145731 0.00190154988759 -0.000446204080201 0.003160531791 -0.00117031987682 0.000731485683719 0.000893097820774 
0.00266205762315 0.0968226543199 0.00426137733338 0.00309357970274 0.000653310169746 -0.000338371608867 -0.000508130477561 0.00233202814936 0.00404403313283 0.00176044812446 0.000922141875617 0.00345246937624 0.00180015150304 0.00147909967157 0.00284631069025 0.00104178851423 -0.00163966272906 0.000159634282472 -0.000118496087875 -0.000198835829531 
0.00262661853348 0.00426137733338 0.0240201976033 0.00254954057724 0.00282051077235 -0.000213171694189 0.00251302959946 0.00140911947812 0.00414377585502 0.00120979583963 7.45452458865e-05 0.00294407053724 0.0017149672499 0.00109292223749 0.00203483441373 0.00125903014527 0.00367750050119 0.00405161240661 0.000529280606638 0.000527541973889 
0.00260300527769 0.00309357970274 0.00254954057724 0.0358365234261 0.00011055842676 -0.000139029157036 0.000884287403262 -0.000991556696847 0.000582563394663 0.00326351948216 0.0019806981556 -0.00053984983944 -0.000629560063582 0.000802648035691 -0.000238991671348 0.00287895782566 5.88213577761e-05 -0.00193235525944 0.00317300255722 0.000202229334706 
0.000820269965353 0.000653310169745 0.00282051077235 0.00011055842676 0.0153053594644 0.00251598870082 0.000121851644749 0.00115307827867 0.00141681780412 0.000992852090004 0.00154219369123 0.000968831675006 0.00282720158406 0.00277710922771 0.0014035295768 0.00192793149577 0.00351478252905 0.00258617465749 0.00155331348468 0.00121515268126 
0.00291277466749 -0.000338371608867 -0.000213171694189 -0.000139029157036 0.00251598870082 0.0267741307847 0.000785594052334 0.000148248836933 -0.000205012230619 0.000922288236456 0.000299992520158 0.000972546486298 0.00182470767431 0.000875998277783 0.00205518652763 0.000513010082548 0.00430869912432 0.0022344443969 0.000604938486498 0.00255248349371 
0.00426633062514 -0.000508130477561 0.00251302959946 0.000884287403263 0.000121851644749 0.000785594052334 0.0342592939173 0.00120529282934 0.00253952833463 0.00158601727714 0.000882504608826 0.00319458246695 -0.000179748164741 0.00131764329016 0.00313236370841 0.00164160184689 0.00166596079943 0.00182353198788 0.00201969794358 0.00256355110221 
0.000800968480564 0.00233202814936 0.00140911947812 -0.000991556696847 0.00115307827867 0.000148248836933 0.00120529282934 0.0112749551565 0.00179235218969 -0.000608690206171 0.000868963477234 0.00223242828757 0.00184878787267 0.0015212756185 0.000381333110389 0.000226719139559 0.00134172077705 0.00134302342265 0.00156295901977 -0.000696995112203 
0.000381617430814 0.00404403313283 0.00414377585502 0.000582563394663 0.00141681780412 -0.000205012230619 0.00253952833463 0.00179235218969 0.0408519208553 8.61371076775e-05 0.00211339411908 0.00399171185306 0.0017363450483 0.00180320420396 0.00200397736186 0.000459544835577 0.00272169628938 0.00286943497988 0.000778067478905 0.00353851185778 
0.00032123079774 0.00176044812446 0.00120979583963 0.00326351948216 0.000992852090004 0.000922288236456 0.00158601727714 -0.000608690206171 8.61371076775e-05 0.0137152576635 0.00208272179992 0.00375983012109 0.00173459337554 0.00095171765525 0.00108659405346 0.00333351504631 0.00217557468644 0.000648452446243 0.00392371011192 0.00156139155863 
0.00176465754009 0.000922141875617 7.45452458865e-05 0.0019806981556 0.00154219369123 0.000299992520158 0.000882504608826 0.000868963477234 0.00211339411908 0.00208272179992 0.0320006076136 0.0013685910797 0.00143742818183 0.000722110800179 0.000233049655012 0.00157475246077 0.000770045249708 0.000447694095366 0.00231255262814 0.000163797955974 
-0.00161267333948 0.00345246937624 0.00294407053724 -0.000539849839439 0.000968831675006 0.000972546486299 0.00319458246695 0.00223242828757 0.00399171185306 0.00375983012109 0.0013685910797 0.029628340134 0.00305187917677 0.00124766741432 0.00180704302381 0.00251320835329 0.00271278095661 0.00247242217588 0.0021108281944 0.000568705926463 
0.000814703256853 0.00180015150304 0.0017149672499 -0.000629560063582 0.00282720158406 0.00182470767431 -0.000179748164741 0.00184878787267 0.0017363450483 0.00173459337554 0.00143742818183 0.00305187917677 0.0163342295866 0.00129767868687 0.00372862461869 0.00220707985818 0.00363269330736 0.00280459550408 0.00192528765784 0.000283547565268 
-0.000314289145731 0.00147909967157 0.00109292223749 0.000802648035691 0.00277710922771 0.000875998277783 0.00131764329016 0.0015212756185 0.00180320420396 0.00095171765525 0.000722110800179 0.00124766741432 0.00129767868687 0.0249882848544 0.00179716032181 0.0014805836094 0.00261757105154 0.00250445829944 0.00241313718696 -0.00125917391952 
0.00190154988759 0.00284631069025 0.00203483441373 -0.000238991671348 0.0014035295768 0.00205518652763 0.00313236370841 0.000381333110389 0.00200397736186 0.00108659405346 0.000233049655012 0.00180704302381 0.00372862461869 0.00179716032181 0.0173909964242 0.00121713255841 0.00108939516553 0.000202068922631 0.00139987920376 0.000974417365709 
-0.000446204080201 0.00104178851423 0.00125903014527 0.00287895782566 0.00192793149577 0.000513010082548 0.00164160184689 0.000226719139559 0.000459544835577 0.00333351504631 0.00157475246077 0.00251320835329 0.00220707985818 0.0014805836094 0.00121713255841 0.0131225163637 0.00219164484304 0.000920962105729 0.00483703396374 0.000286126324277 
0.003160531791 -0.00163966272906 0.00367750050119 5.88213577761e-05 0.00351478252905 0.00430869912432 0.00166596079943 0.00134172077705 0.00272169628938 0.00217557468644 0.000770045249708 0.00271278095661 0.00363269330736 0.00261757105154 0.00108939516553 0.00219164484304 0.0197674589836 0.00285129064429 0.00225873326806 -6.10347835697e-05 
-0.00117031987682 0.000159634282472 0.00405161240661 -0.00193235525944 0.00258617465749 0.0022344443969 0.00182353198788 0.00134302342265 0.00286943497988 0.000648452446243 0.000447694095366 0.00247242217588 0.00280459550408 0.00250445829944 0.000202068922631 0.000920962105729 0.00285129064429 0.0230035996161 -3.67878788474e-06 0.00149852406088 
0.000731485683719 -0.000118496087875 0.000529280606638 0.00317300255722 0.00155331348468 0.000604938486498 0.00201969794358 0.00156295901977 0.000778067478905 0.00392371011192 0.00231255262814 0.0021108281944 0.00192528765784 0.00241313718696 0.00139987920376 0.00483703396374 0.00225873326806 -3.67878788474e-06 0.0140814758267 0.00301546619448 
0.000893097820774 -0.000198835829531 0.000527541973889 0.000202229334706 0.00121515268126 0.00255248349371 0.00256355110221 -0.000696995112203 0.00353851185778 0.00156139155863 0.000163797955974 0.000568705926463 0.000283547565268 -0.00125917391952 0.000974417365709 0.000286126324277 -6.10347835696e-05 0.00149852406088 0.00301546619448 0.0353052900951 

['MXIM', 'SYK', 'IR', 'MUR', 'PFG', 'FDC', 'QLGC', 'PEP', 'MON', 'XEL', 'SVU', 'AET', 'CMA', 'BF.B', 'VZ', 'PGN', 'MEL', 'COST', 'AEE', 'HMA']