40
0.037281538924 -0.0148687542544 0.112278324126 0.099400173405 0.143828325424 0.134016582451 0.05514883533 0.0948967479515 0.0524718958424 0.0791171504464 0.0590120409917 0.0605665428979 0.0566389432936 0.134627172929 0.0315903614714 0.357744060202 0.00194148072761 0.0797862135264 0.0617018630506 0.0172601721071 0.0194782181544 0.0350054865441 0.0896854693356 0.0658076634161 0.107494880462 0.073470583658 0.0669670800901 0.0826231173305 0.110955558587 0.171628318037 0.162419244675 0.101670797752 0.00477989818121 0.0430779984078 0.176756138136 0.112605751981 0.131188957491 0.155431064381 0.0798623823862 0.0367129888202 
0.377315287089 0.0195315268181 0.0562836484184 0.0443744628411 -0.00462549688501 0.011593705712 0.00714996278716 0.0199540729888 0.0184428514116 0.0395245949805 0.00457127627555 0.0237299400649 0.0113785425989 0.00354190952937 0.028665242711 0.00192939620928 0.0264019181767 0.00277265258082 0.0167350848243 0.00964305335795 8.28884525701e-05 0.0221507850459 0.0344811681033 -0.0113630355234 -0.00247862196164 -0.0332282480932 0.0156147562391 0.00603896836253 0.0431511904195 0.0230732246571 0.00215546482039 0.0255208035562 -0.00222806214442 0.0191810909083 -0.00569241753161 0.0631110097906 0.0142779326119 0.0434217879255 -0.00578883824733 0.0345380780907 
0.0195315268181 0.155300953532 0.00278955367735 0.000534264296231 -0.01124586754 0.00815011775216 0.0336368521835 0.016181592457 -0.00280736531625 0.0202025471448 0.0260366615808 0.0200219839449 0.00772570856052 0.011792211667 0.0296073425976 0.010522480989 0.0152796125684 0.0190633862247 0.0115633322219 0.00369506872887 0.0110887976547 0.00700396811739 -0.00480599920301 0.00448514291474 0.0114223746971 0.0296525720305 0.00458959994999 0.0181602489638 0.0191922315345 0.013012501358 0.0258917643796 0.0101091386894 0.00898753683032 0.00267642690003 -0.00683542730223 0.0225716506057 0.0330656582724 0.0082572674468 0.0180275400868 0.00754030231906 
0.0562836484184 0.00278955367735 0.25896618056 0.025047988099 -0.00425979112566 0.00343460992501 0.0105459269465 0.0197468282765 0.0337782075767 0.033755401444 0.00473259110034 0.0119259716786 0.0130039615277 0.0449931959706 0.0188880700958 -0.00929815157873 0.0199086136755 0.0194727882278 0.0152173229209 0.0277354835096 0.0139765796843 0.00636518876559 0.0111520763331 0.012302273133 0.0314337793087 0.0071945554224 0.0187011797077 0.0150064118068 0.0143964916242 0.0161600868788 0.0163461601973 0.0267200124429 0.0109032746468 0.0241684353471 -0.0107756406286 -0.0015262641164 0.0479591362859 0.0115695350925 0.00113949680627 0.0249437071624 
0.0443744628411 0.000534264296229 0.025047988099 0.348678028415 0.0406239862864 0.00931342719542 0.00772956210695 0.0115282077007 0.00732462762324 0.016773873621 0.0161771122461 0.00612283842656 0.00956859983821 0.0719243702229 0.0221097128947 -0.0149486816237 0.017887866315 0.0303479983488 0.0203802899475 0.00395666115476 0.0347101347924 0.0388817827147 0.0461127411202 0.0122047328284 0.0199496305731 0.0542076541607 0.0463526725268 0.0193874529458 0.015289515483 0.022724462507 0.0132791714207 0.00131751752375 0.0169562630067 0.0505650741301 0.00222713416717 0.0489908365223 0.0206674764652 0.00298294218267 0.0371633258307 0.0257724766589 
-0.00462549688502 -0.01124586754 -0.00425979112566 0.0406239862864 0.597492698478 0.0096314043881 -0.0126782813518 0.0116029727545 0.0158606192277 0.01424135581 -0.0153922702704 0.0174337249956 -0.00994585747557 0.013074019097 0.0067709122742 0.0248119318346 -0.00538688867224 -0.000613455595272 0.0204355045915 -1.41568854574e-05 0.0367817274667 0.00324269638027 0.025222345722 0.0378435486354 0.00787941539695 0.00264110054097 0.0677461685681 0.000471922639639 0.00317262687403 0.0175376214119 0.0254303761528 -0.0221374868852 -0.00320277847941 0.0136513432022 0.0167023640486 0.0225407337601 0.0180738180954 -0.00163597726159 -0.0183200134373 0.0251680084598 
0.011593705712 0.00815011775216 0.00343460992501 0.00931342719542 0.0096314043881 0.223085056722 -0.000734167016561 0.0121570135976 0.013270114743 0.0217337417126 0.00496361274474 0.00962500511076 0.00544732501935 0.017306169382 0.0275938058036 -0.0168391605518 0.0260420197864 0.0376268925044 0.00353334268339 0.0117540798277 0.044194847543 0.0146270574492 0.000446370070172 0.00916558551295 0.0267515231241 0.00969449328809 0.0309355052306 0.0172628164074 0.0127625853117 0.0084966034442 0.0186413053705 -0.00154868179072 0.0125308776138 0.0186011154249 0.0229881399955 0.03335213271 0.0363103523383 0.00650188158239 0.0126704147197 0.0165916696578 
0.00714996278716 0.0336368521835 0.0105459269465 0.00772956210695 -0.0126782813518 -0.000734167016561 0.35285713168 -0.00597560054464 0.00496638430015 0.0127130258931 0.00942762148447 -0.00424605552896 0.0177829288065 -0.00699237930193 0.00713029822012 0.0285552291905 0.0167206049288 0.000932744550409 -0.00524041117141 0.0174379205875 0.0112020969749 0.0057702012992 0.0253901167912 0.00211181995569 0.0253904041513 0.0642049503561 -0.0249209972106 0.0184914235032 -0.022267267294 0.0162186105152 0.0139549085447 0.02066195429 0.00844648018683 -0.0103149197127 0.0208603062099 0.196792781853 0.027274850709 0.0337220337557 0.143111546924 0.00799363261675 
0.0199540729888 0.016181592457 0.0197468282765 0.0115282077007 0.0116029727545 0.0121570135976 -0.00597560054464 0.554170310336 0.0241407965433 0.0295969733057 0.00473157349622 -0.00480316050919 0.0153795688912 0.050153783116 0.0145916981145 -0.0275333814399 -0.0105363312271 0.0161234863546 0.0297399369429 -0.0167180576228 0.0109375087171 0.0150404348091 0.0398941884651 0.0370645290011 -0.0206645011959 0.0333378645089 0.00198250094073 -0.0126729545333 -0.00942649844637 0.0258567451625 0.0199176265147 0.00425810807638 -0.00418873547394 0.0442657602418 -0.00134806401408 0.0324997631517 0.016148599129 0.0113308659204 0.0327737828782 0.0120510178928 
0.0184428514116 -0.00280736531624 0.0337782075767 0.00732462762324 0.0158606192277 0.013270114743 0.00496638430015 0.0241407965433 0.191920424489 0.00700705935064 -0.00515935223513 0.0172093840193 -0.00662600269759 0.00660253340245 0.017042405308 0.00583381301906 0.0328085064974 0.0263828704681 0.0107327533571 0.00984705886643 0.0217623783584 -0.00144147674898 0.0125127709547 0.0189370695256 0.0415295209269 0.0121529818001 -0.0103273325454 0.0122631850537 0.0100001439288 -0.00649769069714 0.0132073727228 0.000499684119371 0.00724590329331 0.0125696480286 0.0444082641418 -0.00968636845245 0.0304738446028 0.0216331340936 -0.0134097140067 0.0296818935055 
0.0395245949805 0.0202025471448 0.033755401444 0.016773873621 0.01424135581 0.0217337417126 0.0127130258931 0.0295969733057 0.00700705935064 0.382362112881 0.0160914723271 0.00528457110619 -0.0148929429721 0.0202117879089 0.0365156331418 -0.0343063139999 -0.0136270116666 0.00691314164761 -0.00620723043131 0.0369183036886 0.0256171443012 0.00858230582591 0.0161242874345 0.00704741197086 0.0141608841269 0.0112289017872 0.00828691541285 0.0378059322071 0.0331470768007 0.00612210297031 0.0162635272475 -0.00966419887833 0.0112829067491 0.00975813170116 -0.0125990500814 0.030335568804 0.0190241882277 0.0503436131033 -0.018226148308 0.00513508842906 
0.00457127627555 0.0260366615808 0.00473259110034 0.0161771122461 -0.0153922702704 0.00496361274474 0.00942762148447 0.00473157349623 -0.00515935223513 0.0160914723271 0.286458951156 0.00958535460919 -0.00652625578117 -0.00925890033118 0.0191447682643 0.0197833467369 0.0208733764135 0.0125189534516 0.0165496452808 0.0112933264793 0.00714788855657 0.00797611391426 0.00709398661763 0.0191902849268 0.0128184712176 0.049717121749 0.00902251843109 0.00684503198533 0.0181558755666 0.0271497844559 0.0217214684545 0.00575438017353 0.0298409485552 0.010115578193 0.0064378963873 0.00850098440247 0.0117600501866 0.00350791590796 0.0195017778795 0.0185530239668 
0.0237299400649 0.0200219839449 0.0119259716786 0.00612283842656 0.0174337249956 0.00962500511076 -0.00424605552896 -0.00480316050919 0.0172093840193 0.00528457110619 0.00958535460919 0.24950341672 -0.0282489578787 0.00960470930231 0.0281186088461 -0.0131078226968 0.0173918397496 0.013542842912 0.0285944601884 0.0323788692482 0.0339893479305 0.0187032694847 -0.0044727047612 0.00528770370939 0.0320192971094 -0.00429006079249 0.0146511818838 0.0159627323151 -0.00211266624186 0.0483979307261 0.00497637036434 0.0321881834863 0.0271051529715 0.0198757613358 0.0264482984486 0.0101374602454 -0.00567840525967 0.0178139983003 0.0210517427368 0.043515786013 
0.0113785425989 0.00772570856052 0.0130039615277 0.00956859983821 -0.00994585747557 0.00544732501935 0.0177829288065 0.0153795688912 -0.00662600269759 -0.0148929429721 -0.00652625578117 -0.0282489578787 0.199624155021 0.0168762237938 0.0122573593575 0.0342830050769 0.00789894461644 0.00456760549404 0.0226115011537 0.0146626054756 0.00451045023531 -0.00469189145411 -0.0100096452745 8.07368738418e-05 -0.00609578584975 0.0112374765986 0.00953379175871 0.0144906835478 0.0294819673328 0.00292323043375 0.00118221158134 0.00811172592005 0.0141988679729 -0.00698576806975 -0.0132457134664 0.0246514571569 0.0302253446888 -0.0157510036594 -0.00795006385529 0.00760606025464 
0.00354190952937 0.011792211667 0.0449931959706 0.0719243702229 0.013074019097 0.017306169382 -0.00699237930193 0.050153783116 0.00660253340245 0.0202117879089 -0.00925890033118 0.00960470930231 0.0168762237938 0.735698431106 0.0268265986774 0.014528665238 0.0368122223119 0.0455485491047 -0.0118855214908 0.00496059050105 0.00449585893596 -0.0046738515579 0.0121940983798 0.0175205505216 -0.0137660041143 0.00468592522152 0.0213328063923 0.0477107692235 0.00474340425257 0.0136898874257 -0.00491794935509 -0.00294590018512 0.0139248683584 0.0348218973609 0.000498895719224 0.0247658744386 0.00791733451485 -0.0171945888648 0.0129048208058 0.0325154536773 
0.028665242711 0.0296073425976 0.0188880700958 0.0221097128947 0.0067709122742 0.0275938058036 0.00713029822012 0.0145916981145 0.017042405308 0.0365156331418 0.0191447682643 0.0281186088461 0.0122573593575 0.0268265986774 0.155458289939 0.0119321253762 0.0251241402992 0.0326710155581 0.0294397649097 0.014644928369 0.034050899666 0.0177655134447 0.016558081603 0.00331777599815 0.0298644678856 0.0229740288816 0.00745651239741 0.0212093320909 0.034506759987 0.0255233642546 0.0236948569317 0.00165451280084 0.0244486968474 0.00714145256565 0.00495447837265 0.0412212657213 0.027763780126 0.0296533684043 0.0212086269657 -0.00400016111514 
0.00192939620928 0.010522480989 -0.00929815157873 -0.0149486816237 0.0248119318346 -0.0168391605518 0.0285552291905 -0.0275333814399 0.00583381301906 -0.0343063139999 0.0197833467369 -0.0131078226968 0.0342830050769 0.014528665238 0.0119321253762 2.88125841447 0.025798574995 0.00591379360223 0.108136392382 0.0105329462476 -0.00157927295907 0.0138305184562 -0.00442855761812 0.0221106298481 0.184236705654 0.0213994138763 -0.0115196300063 -0.027154231372 0.0238599778807 0.00904296385257 0.0254746681179 0.0784385180649 -0.00158986147015 0.0614624184018 -0.0726917778423 -0.00608702248915 0.0305385645894 0.00269939918062 0.0446631013342 0.0132564448271 
0.0264019181767 0.0152796125684 0.0199086136755 0.017887866315 -0.00538688867224 0.0260420197864 0.0167206049288 -0.0105363312271 0.0328085064974 -0.0136270116666 0.0208733764135 0.0173918397496 0.00789894461644 0.0368122223119 0.0251241402992 0.025798574995 0.201137817407 0.032101690285 0.0114463634156 0.00194271558704 0.033465808251 0.0274095626263 0.030441332678 0.0362092618939 0.038742857634 0.0350069867912 0.0252617022681 0.0113585398178 0.0524568024138 0.00596321062375 0.0200489316597 0.00991207691802 0.00935417937496 0.0231787636173 -0.0155491155201 0.0185061534088 0.0586555514245 0.00302075762818 0.0357062263667 0.0396506133888 
0.00277265258082 0.0190633862247 0.0194727882278 0.0303479983488 -0.000613455595272 0.0376268925044 0.000932744550408 0.0161234863546 0.0263828704681 0.00691314164761 0.0125189534516 0.013542842912 0.00456760549404 0.0455485491047 0.0326710155581 0.00591379360223 0.032101690285 0.228408442185 0.0205381073731 0.0151340199279 0.0338423688011 0.0178391500928 0.027935323735 0.00560047734908 0.0154982863882 -0.00602585164165 0.0219838818427 0.00985963419496 0.0479965223721 0.00675740857986 0.0109178069282 0.00906696629342 0.0203052934564 -0.0191321213838 0.0594960649976 -0.00642551815017 0.0388098330585 0.0121373656645 0.00492261478959 0.0176176152667 
0.0167350848243 0.0115633322219 0.0152173229209 0.0203802899475 0.0204355045915 0.00353334268339 -0.00524041117141 0.0297399369429 0.0107327533571 -0.00620723043131 0.0165496452808 0.0285944601884 0.0226115011537 -0.0118855214908 0.0294397649097 0.108136392382 0.0114463634156 0.020538107373 0.246688401041 0.0244428246828 0.0253325905651 0.0085625220646 0.000990561793939 0.00375420370389 0.0488380083725 0.0306681747606 0.0326119258707 0.0155288110186 0.0165715043715 0.0427158178331 0.0256496373213 0.00755920681416 0.0162852935104 0.022108998914 0.0129805359264 0.0158412461585 0.0180898517111 0.00161227608354 0.0211984200553 0.0139122690496 
0.00964305335795 0.00369506872888 0.0277354835096 0.00395666115476 -1.41568854577e-05 0.0117540798277 0.0174379205875 -0.0167180576228 0.00984705886643 0.0369183036886 0.0112933264793 0.0323788692482 0.0146626054756 0.00496059050105 0.014644928369 0.0105329462476 0.00194271558704 0.0151340199279 0.0244428246828 0.185367545006 0.0198327146529 0.00972980097875 -0.00353611155693 0.011404410012 0.0303253445254 0.0373596099502 0.000373586850481 0.0459285154768 0.0239596660138 0.0206588651539 0.0170971049102 0.0037838654628 0.0124927607867 -0.0078103876104 0.0119585391353 0.027145608249 0.0261841900824 0.0361264761663 0.00488069770365 0.0219756853103 
8.28884525703e-05 0.0110887976547 0.0139765796843 0.0347101347924 0.0367817274667 0.044194847543 0.0112020969749 0.0109375087171 0.0217623783584 0.0256171443012 0.00714788855657 0.0339893479305 0.00451045023531 0.00449585893597 0.034050899666 -0.00157927295907 0.033465808251 0.0338423688011 0.0253325905651 0.0198327146529 0.160531888467 0.0188934344269 0.0150627281692 0.0341813662954 0.0237796092445 0.0263951020112 0.0258891682343 0.00873299961853 0.0300894121021 0.0251870706242 0.0266751410458 0.0141964020778 0.0190344241076 0.0232078192881 0.0287074085134 0.0168891864195 0.0392885572018 0.0154619859473 0.0156490250512 0.0251940442739 
0.0221507850459 0.00700396811739 0.00636518876559 0.0388817827147 0.00324269638027 0.0146270574492 0.0057702012992 0.0150404348091 -0.00144147674898 0.00858230582591 0.00797611391426 0.0187032694847 -0.00469189145411 -0.0046738515579 0.0177655134447 0.0138305184562 0.0274095626263 0.0178391500928 0.0085625220646 0.00972980097875 0.0188934344269 0.140707808542 0.0133544772746 0.000685477774008 0.0334605793309 0.0186388840923 0.0069666409439 0.00751221022044 0.0273985643674 -0.00150323240857 0.0102676820295 0.00571923001054 0.00598561945759 0.00367930676334 0.00389404060135 0.0177586752049 0.0254388096081 0.029263891898 0.0206243515805 0.00792814898863 
0.0344811681033 -0.00480599920301 0.0111520763331 0.0461127411202 0.025222345722 0.000446370070169 0.0253901167912 0.0398941884651 0.0125127709547 0.0161242874345 0.00709398661763 -0.0044727047612 -0.0100096452745 0.0121940983798 0.016558081603 -0.00442855761812 0.030441332678 0.027935323735 0.000990561793938 -0.00353611155693 0.0150627281692 0.0133544772746 0.250782594738 0.0267720479214 0.019789803601 0.0105581338147 0.0333090644513 0.0125405900445 0.0309571380925 0.00238915204351 0.0056921033561 0.0148254961227 0.0214422305529 0.0189736142072 0.013323240202 0.0255432905763 0.0268679579858 0.0131309469276 0.0513451392806 0.0442835311428 
-0.0113630355234 0.00448514291474 0.012302273133 0.0122047328284 0.0378435486354 0.00916558551295 0.00211181995569 0.0370645290011 0.0189370695256 0.00704741197086 0.0191902849268 0.00528770370939 8.07368738429e-05 0.0175205505216 0.00331777599815 0.0221106298481 0.0362092618939 0.00560047734907 0.00375420370389 0.011404410012 0.0341813662954 0.000685477774009 0.0267720479214 0.248718045152 0.00528916809367 0.00343411776205 0.0214152118089 0.00703531960569 0.00145597391656 0.00866937625896 0.0275788718244 -0.0136265932464 0.0186987063743 0.0191539652255 -0.0320404026671 -0.00306107200099 0.009637361098 0.000695701353017 0.000120449804058 0.00843089293361 
-0.00247862196164 0.0114223746971 0.0314337793087 0.0199496305731 0.00787941539695 0.0267515231241 0.0253904041513 -0.0206645011959 0.0415295209269 0.0141608841269 0.0128184712176 0.0320192971094 -0.00609578584975 -0.0137660041143 0.0298644678856 0.184236705654 0.038742857634 0.0154982863882 0.0488380083725 0.0303253445254 0.0237796092445 0.0334605793309 0.019789803601 0.00528916809367 0.402078478326 0.118113112667 0.029770423755 0.0436458733778 0.000146921666474 0.0523346421163 -0.000670120132223 0.0209420370096 0.00543260973732 0.032023377486 0.107202408632 0.0866005244887 0.0508401482834 0.0232723403231 0.0373865917943 0.0562773711522 
-0.0332282480932 0.0296525720305 0.0071945554224 0.0542076541607 0.00264110054097 0.00969449328809 0.0642049503561 0.0333378645089 0.0121529818001 0.0112289017872 0.049717121749 -0.00429006079249 0.0112374765986 0.00468592522152 0.0229740288816 0.0213994138763 0.0350069867912 -0.00602585164165 0.0306681747606 0.0373596099502 0.0263951020112 0.0186388840923 0.0105581338147 0.00343411776205 0.118113112667 0.424540026891 0.00269267197589 0.0168095107888 0.016127706599 0.0812562039413 0.0634508125242 0.0367130385355 0.0077324878615 -0.0244550655854 0.0511841305327 0.108683051431 0.0292651649362 0.0150442041675 0.0826397454903 0.016475227379 
0.0156147562391 0.00458959994999 0.0187011797077 0.0463526725268 0.0677461685681 0.0309355052306 -0.0249209972106 0.00198250094073 -0.0103273325454 0.00828691541285 0.00902251843109 0.0146511818838 0.00953379175871 0.0213328063923 0.00745651239741 -0.0115196300063 0.0252617022681 0.0219838818427 0.0326119258707 0.000373586850477 0.0258891682343 0.0069666409439 0.0333090644513 0.0214152118089 0.029770423755 0.00269267197589 0.245736503428 0.0143875358925 0.0269431356348 0.0157627306365 0.00927478180094 -0.00405516703905 0.0203465433261 0.0330009701315 0.00828464359023 -0.017650335272 0.00966337210859 0.010390531214 -0.0178721710267 0.0383644862264 
0.00603896836253 0.0181602489638 0.0150064118068 0.0193874529458 0.000471922639639 0.0172628164074 0.0184914235033 -0.0126729545333 0.0122631850537 0.0378059322071 0.00684503198533 0.0159627323151 0.0144906835478 0.0477107692235 0.0212093320909 -0.027154231372 0.0113585398178 0.00985963419496 0.0155288110186 0.0459285154768 0.00873299961853 0.00751221022044 0.0125405900445 0.00703531960568 0.0436458733778 0.0168095107888 0.0143875358925 0.19126867191 0.00555037643011 0.0178889676678 0.0170233090827 0.00235805648712 0.0178757915709 0.00589750525781 0.00470014272604 -0.000623014016048 0.00286304266685 0.0425642418857 0.00837338689378 0.0366702774093 
0.0431511904195 0.0191922315345 0.0143964916242 0.015289515483 0.00317262687403 0.0127625853117 -0.022267267294 -0.00942649844637 0.0100001439288 0.0331470768007 0.0181558755666 -0.00211266624186 0.0294819673328 0.00474340425257 0.034506759987 0.0238599778807 0.0524568024138 0.0479965223721 0.0165715043715 0.0239596660138 0.0300894121021 0.0273985643674 0.0309571380925 0.00145597391656 0.000146921666473 0.016127706599 0.0269431356348 0.00555037643011 0.488094577531 -0.00283443683441 0.0120828279297 0.0161911895264 0.0215093603533 0.00742020640319 0.0191741853325 -0.0125549790181 0.0528686002593 0.0360615167563 -0.0139231988985 0.0217764403167 
0.0230732246571 0.013012501358 0.0161600868788 0.022724462507 0.0175376214119 0.0084966034442 0.0162186105152 0.0258567451625 -0.00649769069714 0.00612210297031 0.0271497844559 0.0483979307261 0.00292323043376 0.0136898874257 0.0255233642546 0.00904296385257 0.00596321062375 0.00675740857986 0.0427158178331 0.0206588651539 0.0251870706242 -0.00150323240857 0.00238915204351 0.00866937625896 0.0523346421163 0.0812562039413 0.0157627306364 0.0178889676678 -0.00283443683441 0.262472505604 0.0194777466156 0.0208027573862 0.0187510993598 0.0142502283253 0.000780474537739 0.0282698912723 0.0254590249587 -0.0109826326062 0.0235184366103 0.0434630375151 
0.00215546482039 0.0258917643796 0.0163461601973 0.0132791714207 0.0254303761528 0.0186413053705 0.0139549085447 0.0199176265147 0.0132073727228 0.0162635272475 0.0217214684545 0.00497637036434 0.00118221158134 -0.00491794935509 0.0236948569317 0.0254746681179 0.0200489316597 0.0109178069282 0.0256496373213 0.0170971049102 0.0266751410458 0.0102676820295 0.0056921033561 0.0275788718244 -0.000670120132222 0.0634508125242 0.00927478180094 0.0170233090827 0.0120828279297 0.0194777466156 1.30099696572 0.00190232121418 0.0254058731402 0.0346924115026 -0.0162745284678 0.0103247917855 0.0221753823714 0.0358633694191 0.0187968748439 -0.000174368790745 
0.0255208035562 0.0101091386894 0.0267200124429 0.00131751752375 -0.0221374868852 -0.00154868179072 0.02066195429 0.00425810807638 0.00049968411937 -0.00966419887833 0.00575438017353 0.0321881834863 0.00811172592005 -0.00294590018512 0.00165451280084 0.0784385180649 0.00991207691802 0.00906696629342 0.00755920681416 0.0037838654628 0.0141964020778 0.00571923001054 0.0148254961227 -0.0136265932464 0.0209420370096 0.0367130385355 -0.00405516703905 0.00235805648712 0.0161911895264 0.0208027573862 0.00190232121418 0.290915926228 -0.00154269877006 -0.00116237820149 -0.0189511871505 0.00964608487915 0.00644777014159 0.0341907199193 -0.0112379996851 0.0175686336559 
-0.00222806214442 0.00898753683033 0.0109032746468 0.0169562630067 -0.00320277847941 0.0125308776138 0.00844648018684 -0.00418873547394 0.00724590329331 0.0112829067491 0.0298409485552 0.0271051529715 0.0141988679729 0.0139248683584 0.0244486968474 -0.00158986147015 0.00935417937496 0.0203052934564 0.0162852935104 0.0124927607867 0.0190344241076 0.00598561945759 0.0214422305529 0.0186987063743 0.00543260973732 0.0077324878615 0.0203465433261 0.0178757915709 0.0215093603533 0.0187510993598 0.0254058731402 -0.00154269877006 0.170417432017 0.0113041294528 -0.000337394263806 0.019001921384 0.0194526981009 -0.00521666410909 -0.000921294702898 0.00365203391316 
0.0191810909083 0.00267642690003 0.0241684353471 0.0505650741301 0.0136513432022 0.0186011154249 -0.0103149197127 0.0442657602418 0.0125696480286 0.00975813170116 0.010115578193 0.0198757613358 -0.00698576806975 0.0348218973609 0.00714145256565 0.0614624184018 0.0231787636173 -0.0191321213838 0.022108998914 -0.0078103876104 0.0232078192881 0.00367930676334 0.0189736142072 0.0191539652255 0.032023377486 -0.0244550655854 0.0330009701315 0.00589750525781 0.00742020640319 0.0142502283252 0.0346924115026 -0.00116237820149 0.0113041294528 0.322815657919 0.0101922249479 -0.000310532397661 0.0191485142621 0.020098485018 -0.0210158194909 0.031440672598 
-0.00569241753161 -0.00683542730223 -0.0107756406286 0.00222713416717 0.0167023640486 0.0229881399955 0.0208603062099 -0.00134806401408 0.0444082641418 -0.0125990500814 0.0064378963873 0.0264482984486 -0.0132457134664 0.000498895719223 0.00495447837265 -0.0726917778423 -0.0155491155201 0.0594960649976 0.0129805359264 0.0119585391353 0.0287074085134 0.00389404060135 0.013323240202 -0.0320404026671 0.107202408632 0.0511841305327 0.00828464359023 0.00470014272604 0.0191741853325 0.000780474537739 -0.0162745284678 -0.0189511871505 -0.000337394263806 0.0101922249479 1.48217704893 0.0249072842566 0.062922147891 -0.00896970198881 -0.0211648811847 0.0689152724723 
0.0631110097906 0.0225716506057 -0.0015262641164 0.0489908365223 0.0225407337601 0.03335213271 0.196792781853 0.0324997631517 -0.00968636845245 0.030335568804 0.00850098440247 0.0101374602454 0.0246514571569 0.0247658744386 0.0412212657213 -0.00608702248915 0.0185061534088 -0.00642551815017 0.0158412461585 0.027145608249 0.0168891864195 0.0177586752049 0.0255432905763 -0.00306107200099 0.0866005244887 0.108683051431 -0.017650335272 -0.000623014016048 -0.0125549790181 0.0282698912723 0.0103247917855 0.00964608487915 0.019001921384 -0.000310532397661 0.0249072842566 0.507333506251 0.0368132075373 0.0373508402926 0.156787454719 0.0196930751925 
0.0142779326119 0.0330656582724 0.0479591362859 0.0206674764652 0.0180738180954 0.0363103523383 0.027274850709 0.016148599129 0.0304738446028 0.0190241882277 0.0117600501866 -0.00567840525967 0.0302253446888 0.00791733451485 0.027763780126 0.0305385645894 0.0586555514245 0.0388098330585 0.0180898517111 0.0261841900824 0.0392885572018 0.0254388096081 0.0268679579858 0.009637361098 0.0508401482834 0.0292651649362 0.00966337210859 0.00286304266685 0.0528686002593 0.0254590249587 0.0221753823714 0.00644777014159 0.0194526981009 0.0191485142621 0.062922147891 0.0368132075373 0.394462181009 0.0114406140016 -0.0113364698536 0.0251828790825 
0.0434217879255 0.0082572674468 0.0115695350925 0.00298294218267 -0.00163597726159 0.00650188158239 0.0337220337557 0.0113308659204 0.0216331340936 0.0503436131033 0.00350791590796 0.0178139983003 -0.0157510036594 -0.0171945888648 0.0296533684043 0.00269939918062 0.00302075762818 0.0121373656645 0.00161227608354 0.0361264761663 0.0154619859473 0.029263891898 0.0131309469276 0.000695701353017 0.0232723403231 0.0150442041675 0.010390531214 0.0425642418857 0.0360615167563 -0.0109826326062 0.0358633694191 0.0341907199193 -0.00521666410909 0.020098485018 -0.00896970198881 0.0373508402926 0.0114406140016 0.705287170603 -0.00106496439399 0.039615272706 
-0.00578883824733 0.0180275400868 0.00113949680627 0.0371633258307 -0.0183200134373 0.0126704147197 0.143111546924 0.0327737828782 -0.0134097140067 -0.018226148308 0.0195017778795 0.0210517427368 -0.00795006385529 0.0129048208058 0.0212086269658 0.0446631013342 0.0357062263667 0.00492261478959 0.0211984200553 0.00488069770365 0.0156490250512 0.0206243515805 0.0513451392806 0.000120449804057 0.0373865917943 0.0826397454903 -0.0178721710267 0.00837338689378 -0.0139231988985 0.0235184366103 0.0187968748439 -0.0112379996851 -0.000921294702894 -0.0210158194909 -0.0211648811847 0.156787454719 -0.0113364698536 -0.00106496439399 0.357258465024 0.0180942891919 
0.0345380780907 0.00754030231906 0.0249437071624 0.025772476659 0.0251680084598 0.0165916696578 0.00799363261675 0.0120510178928 0.0296818935055 0.00513508842906 0.0185530239668 0.043515786013 0.00760606025464 0.0325154536773 -0.00400016111514 0.0132564448271 0.0396506133888 0.0176176152667 0.0139122690496 0.0219756853103 0.0251940442739 0.00792814898863 0.0442835311428 0.00843089293361 0.0562773711522 0.016475227379 0.0383644862264 0.0366702774093 0.0217764403167 0.0434630375151 -0.000174368790745 0.0175686336559 0.00365203391316 0.031440672598 0.0689152724723 0.0196930751925 0.0251828790825 0.039615272706 0.0180942891919 0.276894649738 
0.0326764623855 0.00169147983991 0.0048743069348 0.00384294120996 -0.000400579780755 0.00100404436706 0.000619204940979 0.00172807341173 0.00159719778407 0.00342293033274 0.000395884138235 0.00205507309265 0.000985410694865 0.000306738363034 0.00248248283934 0.00016709061312 0.00228647318497 0.000240118757086 0.00144930085924 0.000835112917803 7.17835056061e-06 0.00191831425635 0.00298615675296 -0.000984067742741 -0.000214654958516 -0.00287765069719 0.0013522775577 0.00052299000146 0.00373700271069 0.00199819987003 0.000186668729142 0.00221016642046 -0.000192955841828 0.00166113119989 -0.000492977819132 0.00546557377371 0.00123650523554 0.00376043714212 -0.000501328098059 0.00299108530244 
0.00169147983991 0.0134494570991 0.00024158243498 4.62686452871e-05 -0.000973920697721 0.00070582090172 0.00291303684942 0.00140136701414 -0.000243124968157 0.00174959190486 0.00225484103587 0.00173395467304 0.000669065987564 0.00102123548704 0.00256407108281 0.000911273584729 0.00132325326442 0.00165093767527 0.00100141394566 0.000320002338793 0.000960318046642 0.000606561431695 -0.000416211740037 0.000388424770377 0.000989206665925 0.0025679880666 0.00039747101499 0.00157272369417 0.00166209600642 0.00112691567428 0.00224229257016 0.000875477091536 0.000778343521251 0.00023178536868 -0.000591965368945 0.00195476228299 0.00286357000568 0.000715100337477 0.00156123076829 0.000653009336052 
0.0048743069348 0.00024158243498 0.0224271291086 0.00216921940074 -0.000368908732964 0.000297445944715 0.000913304064217 0.00171012549316 0.00292527858557 0.00292330351654 0.000409854411862 0.00103281944385 0.00112617610329 0.0038965250708 0.00163575485314 -0.000805243547542 0.00172413651971 0.00168639292878 0.00131785882271 0.00240196333056 0.00121040730646 0.000551241517088 0.000965798140939 0.00106540810575 0.00272224514183 0.000623066776473 0.00161956967076 0.00129959338443 0.00124677274719 0.00139950457644 0.00141561899852 0.0023140209565 0.000944251282853 0.00209304789803 -0.000933197852639 -0.000132178349769 0.00415338303672 0.00100195113001 9.86833181757e-05 0.00216018840672 
0.00384294120996 4.62686452869e-05 0.00216921940074 0.0301964030348 0.0035181404127 0.000806566454753 0.000669399714475 0.000998372072891 0.000634331359498 0.00145266006757 0.0014009790165 0.000530253362067 0.000828665053854 0.00622883317642 0.00191475730372 -0.00129459380392 0.00154913466482 0.0026282137524 0.00176498488311 0.000342656907419 0.0030059858499 0.00336726115753 0.00399348052483 0.00105696086758 0.00172768868724 0.00469452055827 0.00401425919415 0.00167900267657 0.00132411088198 0.00196799618184 0.00115000997916 0.00011410036455 0.00146845545171 0.00437906387409 0.000192875476641 0.0042427308981 0.0017898559651 0.000258330370821 0.00321843842585 0.00223196195051 
-0.000400579780755 -0.000973920697721 -0.000368908732964 0.0035181404127 0.0517443855458 0.000834104087422 -0.0010979713727 0.00100484691648 0.00137356991709 0.00123333759158 -0.00133300970761 0.00150980487288 -0.000861336523626 0.00113224326676 0.000586378203625 0.00214877632857 -0.000466518243752 -5.31268129599e-05 0.00176976661154 -1.22602224446e-06 0.00318539103813 0.000280825744208 0.00218431921383 0.00327734744876 0.000682377390072 0.000228726016243 0.00586699029891 4.08696994549e-05 0.000274757546964 0.00151880256646 0.00220233517761 -0.00191716260185 -0.000277368752586 0.00118224100089 0.00144646715694 0.00195208480562 0.0015652385614 -0.000141679786855 -0.00158655970344 0.00217961346888 
0.00100404436706 0.000705820901721 0.000297445944715 0.000806566454753 0.000834104087422 0.0193197326326 -6.35807286962e-05 0.00105282826096 0.00114922564785 0.00188219724424 0.000429861473149 0.000833549893747 0.000471752184942 0.0014987582327 0.0023896936813 -0.00145831408163 0.00225530507008 0.00325858447743 0.000305996452409 0.00101793317289 0.00382738606886 0.00126674033336 3.86567820258e-05 0.000793762989477 0.00231674986154 0.00083956774643 0.00267909334086 0.00149500375496 0.00110527230979 0.000735827442856 0.00161438440106 -0.000134119777315 0.00108520583452 0.00161090384967 0.00199083132219 0.00288837941972 0.00314456875453 0.000563079462275 0.00109729010238 0.00143688074149 
0.000619204940979 0.00291303684942 0.000913304064216 0.000669399714475 -0.0010979713727 -6.35807286963e-05 0.0305583239941 -0.000517502187453 0.000430101496889 0.00110098033824 0.000816455970281 -0.000367719195396 0.00154004681001 -0.000605557810837 0.000617501939519 0.00247295538898 0.0014480468635 8.07780475896e-05 -0.000453832920072 0.00151016822179 0.000970130055594 0.000499714091005 0.00219884861463 0.000182888972985 0.00219887350074 0.00556031180571 -0.0021582216672 0.0016014042506 -0.00192840191495 0.00140457287202 0.00120853053072 0.0017893777307 0.000731486641436 -0.000893298250922 0.00180655551085 0.0170427548366 0.00236207135984 0.00292041378997 0.0123938235211 0.000692268891463 
0.00172807341173 0.00140136701414 0.00171012549316 0.000998372072891 0.00100484691648 0.00105282826096 -0.000517502187453 0.0479925566774 0.00209065430741 0.00256317307579 0.00040976628476 -0.000415965901941 0.0013319097359 0.00434344502743 0.00126367812515 -0.0023844607779 -0.000912473050535 0.00139633487806 0.00257555408995 -0.00144782626033 0.000947216040309 0.00130253986286 0.00345493806741 0.00320988236942 -0.00178959829922 0.00288714375727 0.00017168961777 -0.00109751005668 -0.000816358712329 0.00223925981699 0.00172491705448 0.000368762976621 -0.000362755133017 0.00383352728873 -0.000116745768212 0.00281456205063 0.00139850970812 0.000981281773392 0.00283829285506 0.00104364876366 
0.00159719778407 -0.000243124968157 0.00292527858557 0.000634331359498 0.00137356991709 0.00114922564785 0.000430101496889 0.00209065430741 0.0166207963113 0.000606829140348 -0.000446813010269 0.00149037637442 -0.000573828666166 0.000571796165586 0.00147591559383 0.000505223027544 0.00284130000869 0.00228482360501 0.000929483705978 0.000852780313089 0.00188467725051 -0.000124835548358 0.00108363775185 0.00163999832824 0.00359656201297 0.00105247909706 -0.000894373233768 0.00106202297878 0.000866037868388 -0.000562716520966 0.00114379202952 4.32739141243e-05 0.000627513632537 0.00108856345094 0.00384586848848 -0.000838864115024 0.0026391123577 0.00187348436885 -0.00116131529873 0.00257052738081 
0.00342293033274 0.00174959190486 0.00292330351654 0.00145266006757 0.00123333759158 0.00188219724424 0.00110098033824 0.00256317307579 0.000606829140348 0.03311353032 0.00139356238196 0.000457657282607 -0.0012897666951 0.0017503921785 0.0031623465936 -0.00297101394341 -0.0011801338281 0.000598695628679 -0.000537561924066 0.00319721888589 0.00221850977372 0.000743249486829 0.00139640425362 0.00061032377977 0.00122636853939 0.000972451420427 0.000717667926654 0.00327408977051 0.00287062105706 0.000530189669687 0.00140846277515 -0.000836944173586 0.000977128387324 0.000845078994668 -0.00109110974341 0.00262713732225 0.00164754302916 0.00435988478658 -0.00157843074479 0.000444711703025 
0.000395884138235 0.00225484103587 0.000409854411862 0.0014009790165 -0.00133300970761 0.000429861473149 0.000816455970281 0.00040976628476 -0.000446813010269 0.00139356238196 0.0248080728843 0.000830116059584 -0.000565190329808 -0.000801844289791 0.00165798556665 0.0017132880846 0.00180768742369 0.00108417317179 0.00143324132368 0.000978030762435 0.000619025307341 0.000690751727322 0.000614357262497 0.00166192742524 0.00111011217121 0.00430562904377 0.000781373016744 0.000592797158902 0.00157234494686 0.00235124030461 0.00188113434891 0.000498343941331 0.00258430195219 0.000876034768913 0.000557538181834 0.000736206844971 0.00101845022114 0.000303794429063 0.00168890350626 0.00160673900723 
0.00205507309265 0.00173395467304 0.00103281944385 0.000530253362067 0.00150980487288 0.000833549893747 -0.000367719195396 -0.000415965901941 0.00149037637442 0.000457657282607 0.000830116059584 0.0216076297211 -0.00244643151534 0.000831792225177 0.00243514295798 -0.00113517074437 0.00150617750417 0.00117284460013 0.00247635289307 0.00280409233148 0.00294356387659 0.00161975065076 -0.000387347594683 0.000457928574002 0.00277295247081 -0.000371530163008 0.00126882957069 0.00138241316987 -0.000182962263517 0.00419138374994 0.000430966315416 0.00278757846008 0.00234737510468 0.00172129142363 0.00229048983433 0.000877929810236 -0.000491764320785 0.0015427375071 0.0018231344004 0.00376857761529 
0.000985410694865 0.000669065987564 0.00112617610329 0.000828665053854 -0.000861336523626 0.000471752184942 0.00154004681001 0.0013319097359 -0.000573828666166 -0.0012897666951 -0.000565190329809 -0.00244643151534 0.0172879589457 0.00146152385254 0.00106151845869 0.00296899533147 0.000684068670093 0.00039556623923 0.00195821344168 0.00126981888275 0.000390616448629 -0.000406329719105 -0.000866860709058 6.99201837692e-06 -0.000527910540191 0.000973194020883 0.000825650585743 0.00125493000706 0.00255321326638 0.000253159181675 0.000102382526209 0.00070249607153 0.00122965803695 -0.000604985261335 -0.00114711243532 0.00213487881382 0.00261759163386 -0.00136407693042 -0.000688495726039 0.000658704140324 
0.000306738363034 0.00102123548704 0.0038965250708 0.00622883317642 0.00113224326676 0.0014987582327 -0.000605557810837 0.00434344502743 0.000571796165586 0.0017503921785 -0.000801844289791 0.000831792225176 0.00146152385254 0.0637133530862 0.00232325159518 0.00125821931792 0.00318803196919 0.00394462006302 -0.00102931635482 0.000429599739168 0.000389352805038 -0.000404767418266 0.00105603989731 0.001517324184 -0.00119217092716 0.000405813028207 0.00184747522698 0.00413187381816 0.000410790858315 0.00118557902856 -0.000425906907603 -0.000255122439733 0.00120592897427 0.00301566477225 4.32056366687e-05 0.00214478764108 0.000685661282012 -0.00148909507645 0.00111759026491 0.00281592089001 
0.00248248283934 0.00256407108281 0.00163575485314 0.00191475730372 0.000586378203625 0.0023896936813 0.000617501939519 0.00126367812515 0.00147591559383 0.0031623465936 0.00165798556665 0.00243514295798 0.00106151845869 0.00232325159518 0.0134630828316 0.00103335236969 0.00217581437473 0.00282939294407 0.00254955842933 0.00126828800041 0.00294889441325 0.00153853859544 0.00143397193062 0.000287327829846 0.00258633878594 0.00198960926388 0.000645752915979 0.0018367820388 0.00298837307511 0.00221038818345 0.00205203480419 0.000143285011642 0.00211731925592 0.000618467934177 0.000429070413322 0.00356986632908 0.00240441388942 0.00256805703459 0.00183672097317 -0.000346424114494 
0.00016709061312 0.000911273584729 -0.000805243547542 -0.00129459380392 0.00214877632857 -0.00145831408163 0.00247295538898 -0.0023844607779 0.000505223027544 -0.00297101394341 0.0017132880846 -0.00113517074437 0.00296899533147 0.00125821931792 0.00103335236969 0.24952429818 0.00223422213271 0.000512149549227 0.00936488628762 0.000912179902714 -0.000136769050206 0.00119775803305 -0.000383524339942 0.00191483671421 0.0159553667406 0.0018532436043 -0.000997629222769 -0.00235162541884 0.00206633469784 0.000783143642183 0.00220617097431 0.00679297492794 -0.000137686042165 0.0053228015714 -0.00629529262577 -0.000527151610901 0.00264471727295 0.000233774826537 0.00386793803672 0.00114804179842 
0.00228647318497 0.00132325326442 0.00172413651971 0.00154913466482 -0.000466518243752 0.00225530507008 0.0014480468635 -0.000912473050535 0.00284130000869 -0.0011801338281 0.00180768742369 0.00150617750417 0.000684068670093 0.00318803196919 0.00217581437473 0.00223422213271 0.0174190459536 0.00278008792912 0.000991284149887 0.00016824410507 0.00289822401036 0.0023737377541 0.00263629674242 0.00313581406524 0.00335522989262 0.00303169398711 0.0021877275907 0.000983678403213 0.00454289234916 0.000516429188828 0.00173628841361 0.000858411041527 0.000810095697027 0.00200733981209 -0.00134659290468 0.00160267989783 0.00507971976066 0.000261605284468 0.00309224991068 0.00343384384703 
0.000240118757086 0.00165093767527 0.00168639292878 0.0026282137524 -5.31268129599e-05 0.00325858447743 8.07780475895e-05 0.00139633487806 0.00228482360501 0.000598695628679 0.00108417317179 0.00117284460013 0.00039556623923 0.00394462006302 0.00282939294407 0.000512149549227 0.00278008792912 0.0197807513371 0.00177865227307 0.0013106445719 0.0029308351106 0.00154491571623 0.00241927000174 0.000485015565762 0.00134219097273 -0.00052185406011 0.00190386001496 0.000853869368485 0.00415662076675 0.000585208749391 0.000945509815345 0.000785222314536 0.00175848999645 -0.00165689031467 0.00515251037131 -0.000556466195052 0.00336103013453 0.00105112670004 0.000426310946083 0.0015257302375 
