60
0.0277285522359 0.0413413845105 0.110578936942 0.0431815223905 0.0328492958576 0.0205855922537 0.0142076594304 0.0705908558691 0.12260521459 0.00859756350963 0.100886603299 0.39235550597 0.0482129600444 0.0403512104362 0.0206658862902 0.0771685990004 0.00643120824938 0.025042174885 0.0703179731329 0.176756138136 0.0472299451056 0.0680936188342 0.0560151075184 0.0431194173031 0.0431320253577 0.0205902908148 0.070293401022 0.0649972461493 0.259768981863 0.0429486266904 0.0723241103927 0.0321720089654 0.00496789573306 0.0916953774684 0.144106781955 0.0479071153807 0.0823962853659 0.142595623168 0.0521298167044 0.0415957971797 0.0695206157777 0.134627172929 0.0372282541949 0.0381517477001 0.0217130314185 0.0946915784272 0.0766259396051 0.0414486045552 0.034888990542 0.204332601919 0.0189508527873 0.0729597235382 0.0585004976968 0.0402434153999 0.107494880462 0.0269248151276 0.067616439087 0.0110311255814 0.00108215816497 0.0172523696575 
0.194344403831 0.00876455374213 -0.00376796819453 0.00727786574463 0.00452872521112 0.00724031989273 0.000676927369522 0.00603950857591 0.0244044293166 0.024497261042 0.0100956605917 0.000503718949133 0.00164821518936 0.021637514294 0.0207866204088 0.0219612332758 0.0317748547469 0.0058686758621 0.0220563539617 0.0381315334254 0.017447017212 0.0200807198494 0.00822045668023 0.00666118924994 0.0179799653884 0.029439192986 -0.00129058185071 0.0213503834361 0.010232974082 0.0142382693597 -0.00460975185761 0.00979070663746 0.0615964304583 0.00663641230988 0.00713949480799 0.014713797182 -0.012451185782 0.0228315682648 0.0122611773636 0.0129810858621 0.00871217879029 0.0129551901792 0.018974098589 0.0101853795249 0.0144160194982 0.00411379770252 0.00395630676359 0.00788751251045 0.00658333286727 -0.000224556139121 0.00291672858774 0.0429314482405 0.00132724848521 0.0153790422874 0.0178044094206 0.0549170432673 0.0214628370194 0.0421173279428 0.0163398985655 0.000984674917918 
0.00876455374214 0.229069222738 -0.0130468207082 -0.000866763344018 0.0232769144752 -0.00239893942307 0.00119984700354 0.0123205575588 0.0108596164085 0.005641695496 -0.00145283416112 0.0034010585473 0.0334001016427 0.0195913573956 0.0198534955233 0.0186699463545 0.00516565533875 0.0351068747356 0.00115109072516 0.0214236844854 0.0181045207453 0.0180209248169 0.0193647987956 0.0334744769092 0.0209069131153 -0.00580379539429 0.0169506931996 0.0180417437825 0.0243198096735 0.0245091911652 0.0272033127992 0.00630028743267 -0.00233809162356 0.0235137359912 -0.00563265318527 0.00724336771207 0.00462656339148 0.0474150875135 0.0117057851251 0.0323452946899 -0.0140702511434 0.00730727797113 0.0312391787268 0.016743097433 0.0135846962548 0.0298983159974 0.00228942787361 0.0199029891715 -0.000694498098442 -0.0231405933908 0.0176429053405 0.0164104867744 0.0194295608149 5.86427804812e-05 0.0282511690256 0.00112762789598 0.0306347545395 -0.00057165545461 0.0192331432474 0.00261412127552 
-0.00376796819452 -0.0130468207082 0.824117427548 0.0166466928877 -0.00876619321165 -0.0179733065349 0.0151924228855 0.0358631576157 0.0196739061918 0.0101558583949 0.00548929170966 0.0431606215919 -4.56087990323e-05 -0.00236952545778 0.00285823384794 0.0191001152127 0.00795309066899 0.00285718056855 0.0183559515944 0.088482088866 -0.0102326000811 0.025509017532 0.00369163888886 -0.00122842290317 0.0280401632503 0.0141142757596 -0.040403092508 0.0245441161278 -0.0161440838767 0.0372069481414 0.00235225661924 0.0189131045517 0.00506523907946 0.0628649548453 -0.0142056385936 0.0246045233884 0.052971161036 0.0625817264235 0.0114623540373 0.00408239291136 0.0857348871156 0.0159927907563 0.0363220977752 0.0680602979288 0.0116760834386 0.000762523638851 0.00799810268375 0.00634723041929 0.00623767480201 0.014036976931 0.029425892225 0.0285749118631 0.0243417466675 0.0264062032142 -0.01710745907 0.0105587114555 0.0518518857518 0.00277394051645 0.0107905194293 -0.00634529787697 
0.00727786574463 -0.000866763344019 0.0166466928877 0.195781740719 0.0199296616762 -0.0108468465322 0.0024010273365 0.0107163281352 0.0136152900034 0.0124898557895 0.00397312839577 -0.0016858768727 0.0129930388876 0.0196607816652 0.0159694914041 0.0236305613124 0.00840605397958 0.00136639334593 -0.00275579221447 -0.0194335244765 0.00542801399068 0.0378385936539 0.00518880502745 0.00682795263527 0.0282706409988 0.0320340519637 0.0276676122592 0.018917059216 0.0419548597011 0.00628289948062 -0.00601456454346 0.00980233511796 0.0246518092416 0.0438469858456 0.01287487894 0.0200640868154 0.0296159044792 0.0321503774455 0.00911043812579 0.0123762593241 0.0100603580463 -0.00212065326302 0.00971373604243 0.0162966203106 0.0138587580865 0.011997180387 0.0105858342305 -0.00244156836501 0.00596259721024 -0.00993400148935 0.00717096455289 -0.0066121263426 0.0135980114961 0.0185268298134 0.0286444368992 -0.00501538839076 0.0129648218428 0.00973263991989 0.00421769311367 0.00955013000092 
0.00452872521112 0.0232769144752 -0.00876619321165 0.0199296616762 0.326155776381 0.0095128484139 -0.0051815194585 0.0203699956309 0.0283165606853 0.0148866489907 0.00136199812872 0.0162673973912 -0.00231039302759 0.0191755358339 0.018017766934 0.0285771615159 0.00926481630325 0.0148997657257 0.0177667674774 -0.0048699298287 0.0278846494185 0.0306471468906 0.0496918569803 0.00729742183138 0.021866496094 -0.00135912755939 0.0111805151906 0.0190719391381 -0.0167341921798 0.0154761537758 0.00719892714062 0.0137592293595 0.00729412087529 0.0457888176158 0.0129839059812 0.00494320715139 0.0129745037024 0.024769470395 -0.00553294597468 0.0463746180617 0.0117161555697 0.00888429486017 0.00635251664377 0.017065870571 0.000520598705383 0.0240728552789 0.00331223497708 0.00158302481542 -0.000390878704401 -0.0171722327849 0.000285754007849 0.00672082597652 -0.00186461804148 0.00786737638529 0.0143901432269 0.0124271743633 -0.00799610939094 0.00813222348669 0.0200924585485 0.0117384373431 
0.00724031989274 -0.00239893942307 -0.0179733065349 -0.0108468465322 0.0095128484139 0.155557945387 0.0143365120122 -0.00434859087327 -0.00113846612493 0.00822196384242 0.0163598937797 0.0100528763466 0.00810937431963 -0.00570644362584 0.0147893042067 0.0155442117802 0.018730859759 0.0150113976407 0.00636294477319 0.0252032726425 0.0122791083987 0.00566484904764 -0.0154579911485 0.0153704435283 -0.000454431138788 0.0107390778627 0.00760726031507 0.0148282228621 -0.0116659904191 0.0109046805613 0.00593617252061 -0.000830165651383 -0.00112675307618 0.00239736412117 -0.0122930871278 0.015396422567 -0.00634961328339 0.00715573962415 0.0233653833304 0.0284614754768 0.00802931442952 0.00986169721132 0.00752322825145 0.000877825752037 0.00026975079964 0.00669775002386 0.022347754376 0.00109485799473 0.0221561527267 -0.0182679899184 -0.0136704909596 0.00173491902842 0.0130538882692 0.0281482445443 -0.00376354143907 0.0194907054034 0.00577012608956 0.0112823973251 0.0187342906221 -0.000167984234063 
0.000676927369521 0.00119984700354 0.0151924228855 0.0024010273365 -0.0051815194585 0.0143365120122 0.11954290189 -0.00340949212508 0.00225423959978 0.0134569660928 -0.00690381200575 -0.0103168390614 0.0131745839303 0.0108749129628 0.0209244947433 0.0030028858421 0.0256296317882 0.0204358514952 0.0179491156281 -0.00344001571173 0.0129744900872 -0.00579635888808 0.0103696881271 -0.000720778541343 0.00834314718479 -0.000466866331408 0.00411907499789 0.00650535360591 0.0073979844872 0.00265656027382 0.0225838369479 0.010875650043 0.00397233305471 0.000667758444362 -0.00794163725234 0.0108729185712 0.00933332712278 0.00188948413747 0.0103494606623 0.0154648397761 -0.000992274056298 0.00869876381668 0.00928112900186 0.00417440448574 0.00786268095488 0.0118453044921 0.0220199318131 0.00181492937486 0.00446461862163 0.00216363346171 0.00500447155716 -0.0152555488188 0.0107474130654 0.0243749075724 0.00786199469495 0.00422594642446 0.00236261519656 0.00145678872411 0.016971503968 0.0131433420889 
0.00603950857591 0.0123205575588 0.0358631576157 0.0107163281352 0.0203699956309 -0.00434859087327 -0.00340949212508 0.439080341634 0.0194661051973 0.0297939303225 -0.00644688592249 0.0148584900898 0.0244324395467 0.0261314990798 0.0158451285718 0.027553097201 0.00492914093397 -0.00213784439517 0.000570178016498 -0.0187837237454 -0.0322055879676 0.0255332045787 0.069927828256 0.0056158674048 -0.000408655234971 0.0128082886217 0.000407935220509 0.0204454497989 0.0649250402118 0.0219952292676 0.0064333432774 0.00730831638254 0.00626223148916 0.0316087265342 0.0457063706182 0.0071082018873 0.0174110741027 0.0130052417837 0.00944644893134 0.0270726836433 -0.0197339632556 0.164346519145 -0.000116825406018 0.0179654195401 0.000736395735725 -0.00206210834155 -0.0150792269065 -0.0156566969801 0.00477024971947 0.014955033134 0.0279301362181 -0.00681327449606 0.0247579091348 0.00229518926933 -0.00101400851533 -0.00666653120725 0.0441428093903 0.022800833615 0.0285730912176 0.00338007048128 
0.0244044293166 0.0108596164085 0.0196739061918 0.0136152900034 0.0283165606853 -0.00113846612493 0.00225423959978 0.0194661051973 0.190502397497 0.0177475159359 0.0242483677499 0.0623813470177 0.013548701793 0.0171916991418 0.0179150012661 0.0332668543399 0.00448852820087 0.0320558277152 0.0186804668353 0.00162186188783 0.0332341616642 0.0201565401253 0.0246507953369 0.0128853936123 0.0344726514016 0.0368617820499 0.0293811484019 0.0255605088859 0.00778554831386 0.000654882974834 0.022424224592 0.0188377545706 0.0156767756104 0.0418393280971 0.0234368282755 -0.00172397877109 -0.0103232249827 0.0194327964108 0.0188649558706 0.0371110827357 0.0142740200737 0.0145091442508 0.0339746587451 0.0186888700193 0.0117575086201 0.0193200677009 0.0311474069696 0.0126127084951 0.0152382618044 -0.00368946868425 0.0019395367524 0.0313220037125 0.000791273440243 0.00703900267904 0.0427621135467 0.0262779153063 -0.00201350930156 0.0177759076233 0.0209472331369 0.0193959679332 
0.024497261042 0.005641695496 0.0101558583949 0.0124898557895 0.0148866489907 0.00822196384242 0.0134569660928 0.0297939303225 0.0177475159359 0.216986924988 0.011362880547 0.00363951566183 0.00572322189691 0.00756773202208 0.0214436824818 0.0186836339288 0.0167034211262 0.0223514664975 0.00980379564906 -0.0209717921006 0.0384758509143 0.0183852851827 0.0237495356005 0.0251644781548 0.00685792486687 0.0118793040335 -0.0147104463686 0.0245850137302 -0.0100101592166 0.0268199928462 0.00248089247725 -0.00618595205726 0.00714242147081 0.0143696917915 0.0228171396352 0.00861601064951 0.00776452804676 0.0440938300021 0.0113408908037 0.0153097084444 0.00841185539218 0.0197841430994 0.00935838724003 0.00419313235753 -0.0011247856811 0.0141504311079 0.00855978889021 0.0221607044255 0.0120204136178 -0.0097183604626 0.00564180999677 -0.0153846471407 0.0291320264044 0.0198821515385 0.00217678372095 0.00228002053555 -0.000316853528715 0.0128255988449 0.0129028512048 0.0133675270584 
0.0100956605917 -0.00145283416112 0.00548929170966 0.00397312839577 0.00136199812872 0.0163598937797 -0.00690381200575 -0.00644688592249 0.0242483677499 0.011362880547 0.367900955854 0.0248518070497 0.00409400126589 0.00911089692146 -0.00133647005427 0.0110638899044 -0.015469585813 -0.0128179456439 -0.00186738365372 0.0473495202599 0.00997400412779 0.00562369689242 0.00098940803592 -0.00665097194515 0.00943549681949 0.0147176833538 -7.444309538e-05 0.011580768682 -0.0100023519151 0.000865277763328 0.0139574655408 0.0164702307006 -0.00252964164903 0.000288077851421 0.0114210158536 0.00796525607951 -0.00555170068468 -0.0191965001712 -0.00617494156213 -0.0354404996448 -0.0158026814609 0.0332627790924 0.0109058964576 0.0246066551461 0.00591934634664 -0.00102853735201 0.0163907401093 0.0100521601775 0.0036649493307 -0.0178326073397 0.0168197764789 -0.0104551038534 0.0159169238911 -0.00280585356996 0.0162441161095 0.000695737104864 0.000306460159542 0.0131732125303 -0.0107391034686 0.00168214541853 
0.000503718949133 0.0034010585473 0.0431606215919 -0.0016858768727 0.0162673973912 0.0100528763466 -0.0103168390614 0.0148584900898 0.0623813470177 0.00363951566183 0.0248518070497 3.18690267926 -0.0355832311376 0.0283794921756 0.00507539614052 0.00159602265459 0.0246355565271 0.0131501400802 -0.0150234975235 0.00197494441562 -0.00839849504936 -0.00934634069722 -0.0148003955029 -0.00205952463794 0.0313346096329 -0.0152341620775 -0.0111356633233 0.0894504331523 0.076562930703 -0.022030460657 0.114447586459 0.0260731442276 -0.0179422470316 -0.0114204668034 0.117840722283 0.0477615437217 0.0937077071772 0.0518309636878 0.0110066628274 0.0221717059591 0.00288931960471 -0.0286138940952 0.0374563104885 0.0750952062784 0.0182006684858 0.0126795489587 0.024075840855 0.216416360196 0.00974488405938 -0.0441408869658 0.0719244938537 0.00929680635576 0.0201689903267 0.0207836377421 0.0853159503105 -0.0277041637988 0.070800196642 -0.0034484988669 0.011741719004 0.00400154749923 
0.00164821518936 0.0334001016427 -4.56087990329e-05 0.0129930388876 -0.00231039302759 0.00810937431963 0.0131745839303 0.0244324395467 0.013548701793 0.00572322189691 0.00409400126589 -0.0355832311376 0.19410969622 0.0103546652156 0.0286236718657 0.0290565618768 0.0140461360133 0.0179810138965 0.0191717374378 -0.0216199775519 0.0157581854121 0.00761443351843 0.010734343705 0.0342200361484 0.00637088619213 0.016715367849 0.00398358202678 0.0088859597238 0.0652861143774 -0.00835701801363 0.0147181387247 0.00813384772962 -0.00239277748871 0.0315836753751 0.0248484924039 0.0298667290622 -0.00189006994349 0.0101979742592 0.0280845766303 0.0208508142621 0.000902984255711 3.38283152444e-05 0.0199310271452 0.0082238861343 0.00943633798728 0.0356673208379 0.0185781729548 0.0156200574392 0.0205669886986 0.180698777268 0.00924127032493 0.0273606435553 0.00762000504761 0.0106200611849 0.0522124510567 -0.00749353117632 0.0249846978083 0.00270459817147 0.00149571444518 0.0169278227981 
0.021637514294 0.0195913573956 -0.00236952545778 0.0196607816652 0.0191755358339 -0.00570644362584 0.0108749129628 0.0261314990798 0.0171916991418 0.00756773202208 0.00911089692146 0.0283794921756 0.0103546652156 0.16734787885 0.0144323688018 0.031610455609 0.00978584867209 0.010627520684 0.0222770460449 -0.0408983589021 0.000267587814298 0.00271149798242 0.00462287333098 0.0199083344042 0.0186600238174 0.0152944915983 0.0148487125319 0.0197224998369 0.0180678656291 -0.0020523644385 0.00902573237727 0.0208974704619 0.0198295743254 0.0305553083888 0.00786584173689 0.00945193452474 0.00959956126333 0.0326535731341 0.00966620475318 0.00827656767404 -0.0134606479638 0.0206631026981 0.019058291449 0.0017966274589 0.0179603837121 0.014388051204 0.0170661723406 0.0112392991497 0.00666768816828 -0.00715068817781 0.0327469133272 0.0222502034979 0.0234342562003 0.00286220056751 0.0154602881467 0.00349499371024 0.0191874231222 0.0124817412533 0.00163592455776 0.0122278192573 
0.0207866204088 0.0198534955233 0.00285823384794 0.0159694914041 0.018017766934 0.0147893042067 0.0209244947433 0.0158451285718 0.0179150012661 0.0214436824818 -0.00133647005427 0.00507539614052 0.0286236718657 0.0144323688018 0.195247192196 0.0696148771719 0.032563269125 0.0184268493887 0.0125792910485 0.0230411983791 0.0541053922452 0.00943280623342 0.0311648560123 0.0162655077993 0.0502372217926 -0.00387605036762 0.00950237424468 0.0189464210023 0.0189470902745 0.00615694700774 0.00502129660167 0.0110306249916 0.0328172696767 0.0439836652324 0.000331450186977 0.0361972963939 0.0138183815797 0.0165375945457 0.0210053187627 0.0127873504125 0.0221279082256 0.0275531750269 0.0213317663654 0.00166248597597 0.0224481319 0.0420560219505 0.0207435501462 0.00792792159965 0.0279876206457 0.00827011111601 -0.00557663409871 0.0194131816779 0.0308493821253 0.00859524940579 0.046144136319 0.0242023095792 0.0251858010312 0.0335332878283 0.00713695350694 0.0209169959745 
0.0219612332758 0.0186699463545 0.0191001152127 0.0236305613124 0.0285771615159 0.0155442117802 0.0030028858421 0.027553097201 0.0332668543399 0.0186836339288 0.0110638899044 0.00159602265459 0.0290565618768 0.031610455609 0.0696148771719 0.194394681903 0.0239643648849 0.0205104855998 0.0217211453526 0.0234714267972 0.0367962178002 0.0217108059538 0.0223576060153 0.0197851933102 0.0228217474323 0.00836418490357 0.0139368224313 0.0256282981522 0.0401005676437 0.0140559762396 0.0286535417319 0.0115941034962 0.0301272762912 0.046618368759 0.00552605775669 0.01992893642 0.012158434087 0.0344845330239 0.0366938766159 0.0130909063901 0.0344699924837 0.0150367763766 0.0135011631511 0.0134917648126 0.0106151437077 0.0234403747002 0.0124796129276 0.0134030850022 0.00988072688577 -0.0120246442876 -0.0125619884766 0.0299274947775 0.0187653222613 0.00385636123179 0.0287730674742 0.0241360116884 0.0330912035845 0.0245570135833 0.00791466282482 0.00602929684247 
0.0317748547469 0.00516565533875 0.00795309066899 0.00840605397958 0.00926481630325 0.018730859759 0.0256296317882 0.00492914093397 0.00448852820087 0.0167034211262 -0.015469585813 0.0246355565271 0.0140461360133 0.00978584867209 0.032563269125 0.0239643648849 0.199034782993 0.0410038511886 0.0129544586665 -0.00293930555255 0.00658646317133 0.01508417521 0.00472072300878 0.0240898915571 0.0220593391079 0.00978942595861 0.0093976527427 0.0142574754001 0.0117260471929 0.0208323529028 0.0025864693179 0.0301140741603 0.0145040148818 0.0271649520714 0.0314782834045 0.00978733405511 0.00822923548851 0.0158957463671 0.0194455420101 0.0258137520388 0.00826494689061 0.000217891380007 0.0257821489552 0.0082400560955 0.001453223537 -0.012894404281 0.0194745791023 -0.002028989013 0.0184867603372 0.0128174225869 -0.00675611260587 0.00614389621888 0.0214595302422 0.0202805422914 0.0247677497503 0.0099705635296 0.0336862197042 0.0162433178524 -0.00168421635679 -0.00498162732048 
0.0058686758621 0.0351068747356 0.00285718056855 0.00136639334593 0.0148997657257 0.0150113976407 0.0204358514952 -0.00213784439517 0.0320558277152 0.0223514664975 -0.0128179456439 0.0131501400802 0.0179810138965 0.010627520684 0.0184268493887 0.0205104855998 0.0410038511886 0.160822803483 0.000796786985658 0.00706185063853 0.0265289076718 0.0149890440352 0.00173094910976 0.01505589094 0.0194724167737 0.0122651242739 0.00625166797044 0.00225001902102 0.0103392558752 0.0122898033117 0.0113516787822 0.0189791138085 0.000520030948 0.048808606 -0.00845430283064 0.00657909222885 -0.000557585162586 0.0269858088717 0.0348013754524 0.0182402033061 0.00870638044168 0.0215173144678 0.0100685619286 0.012775538664 -0.00402598873399 0.0143370044878 0.0318856479503 0.00482609806946 0.0115591352001 -0.0157363006767 -0.00279201512175 0.0118356503031 0.0137982385435 0.0137376484764 0.0112465493445 0.00317988961956 0.0151258929011 0.0149787108384 0.0214742392022 0.0195161443499 
0.0220563539617 0.00115109072516 0.0183559515944 -0.00275579221447 0.0177667674774 0.00636294477319 0.0179491156281 0.000570178016497 0.0186804668353 0.00980379564906 -0.00186738365372 -0.0150234975235 0.0191717374378 0.0222770460449 0.0125792910485 0.0217211453526 0.0129544586665 0.000796786985658 0.265176049553 0.0575575958645 0.00513933561851 0.025718150131 0.00217714299738 -0.00300394549526 0.0454546308374 0.00137666096425 -0.00520902108033 -0.00454954577975 -0.00777612271982 0.00237277328165 -0.00546858305387 0.0213596729068 0.0178522091965 0.00664886873637 0.0040847715376 0.0144269240352 -0.0103652924818 -0.00105076010428 0.0240614312556 0.0500740587302 0.0109204733477 0.0120331733334 0.0082015472996 0.00266029711593 0.0224423301788 -0.0311017366612 0.0323028537604 -0.0037798269124 0.0158382515016 -0.00552997333051 -0.0130761266216 0.00893432900523 -0.00237413166241 0.00492584556572 0.018079066257 0.0103102170583 -0.0210743159577 0.0144810170697 0.0145572525877 0.0251640947134 
0.0381315334254 0.0214236844854 0.088482088866 -0.0194335244765 -0.0048699298287 0.0252032726425 -0.00344001571173 -0.0187837237454 0.00162186188783 -0.0209717921006 0.0473495202599 0.00197494441561 -0.0216199775519 -0.0408983589021 0.0230411983791 0.0234714267972 -0.00293930555255 0.00706185063853 0.0575575958645 1.47966875701 0.0106510234457 0.0238782357107 -0.00988434257659 0.00137167119439 0.0274772192971 0.0204933833847 0.0187790881948 0.00969911133895 0.0146709657178 0.0178954365776 0.00915293647399 0.0126986373197 0.02051222187 -0.0111572006816 -0.0124999926853 -0.00838062852511 -0.00396953103125 0.0760644147297 0.0211651165041 0.0247604302198 -0.0153525796875 0.000164624162513 0.0195827484134 0.00405016192733 0.0190180032248 -0.0103018073841 0.00575327582212 -0.00402405489559 -0.0104044831631 -0.0247518983058 -0.0135097024675 0.0270903378184 0.0501763085337 0.00468021528455 0.104909290392 0.0247499351534 0.000969709590467 0.00919282157581 0.00062258750749 0.0156261342209 
0.017447017212 0.0181045207454 -0.0102326000811 0.00542801399068 0.0278846494185 0.0122791083987 0.0129744900872 -0.0322055879676 0.0332341616642 0.0384758509143 0.00997400412779 -0.00839849504937 0.0157581854121 0.0002675878143 0.0541053922452 0.0367962178002 0.00658646317133 0.0265289076718 0.00513933561851 0.0106510234457 0.263995554167 0.0198949246113 0.0102549566914 0.0221632095065 0.0310525712353 0.00614154585844 0.0200751152161 0.0159212753578 0.0258286495015 0.0407381049988 -0.00101458591297 0.0150052795484 0.019890566213 0.042155368301 6.01522211487e-05 0.0397961768843 -0.0206252959549 0.0237199935379 0.0279226377599 0.0328540512889 -0.0134684221115 0.0183329626673 0.0264128488353 0.00370610365474 0.00134057906777 0.0289185668896 0.0224857705649 0.0344886181706 0.00713530262216 -0.0321221990792 -0.00545450031319 0.00709115511267 -0.00272682380104 0.0208931080873 0.0412017223261 0.00754810016366 0.0146854945124 0.00586586390003 0.00807955264309 -0.010001780793 
0.0200807198494 0.0180209248169 0.025509017532 0.0378385936539 0.0306471468906 0.00566484904764 -0.00579635888808 0.0255332045787 0.0201565401253 0.0183852851827 0.00562369689242 -0.00934634069722 0.00761443351843 0.00271149798242 0.00943280623342 0.0217108059538 0.01508417521 0.0149890440352 0.025718150131 0.0238782357107 0.0198949246113 0.288797578362 -0.00625738416799 0.012375581215 0.0122147825495 0.0261220012824 0.0206765193109 0.0247571005103 0.0179471579863 0.0203944106841 0.0285619204372 -0.00124757391975 0.00710042643518 0.0175855050411 0.039509562091 0.00796364928964 0.00280234504369 0.0347759947351 0.00227415184198 0.00768285787902 0.0120120919899 0.00816138963496 0.00441104231365 0.00745400987397 0.0194542825605 0.0117393358658 0.00377852974501 0.0301757689409 0.00840605620401 0.0129507672822 0.0143485849805 0.03161468437 0.0240494613719 0.00839768532408 0.00157314960918 0.015693668186 0.0479350871545 0.00483792976969 0.00646461617803 -0.0235513621725 
0.00822045668023 0.0193647987956 0.00369163888886 0.00518880502745 0.0496918569803 -0.0154579911485 0.0103696881271 0.069927828256 0.0246507953369 0.0237495356005 0.00098940803592 -0.0148003955029 0.010734343705 0.00462287333098 0.0311648560123 0.0223576060153 0.00472072300878 0.00173094910976 0.00217714299738 -0.00988434257659 0.0102549566914 -0.00625738416799 0.34408933596 0.0101617010861 0.0166353016683 -0.00458018216003 0.00728427642223 -0.0043304006718 0.00061870695405 0.00097424804025 0.00648358645318 0.0208745638084 0.0245681524029 -0.00288466656763 0.0150689730335 -0.0105461469046 0.0158189632425 0.0356440016035 0.00572169199086 0.0284408926715 0.0105707103892 -0.027253582341 0.00416993322223 0.0108638259161 0.0201248593299 -0.00394525902854 0.0120953785319 -0.00752782365474 -0.00438228395698 -0.00651066475403 -0.0109373036195 0.0390627338836 0.00174262187408 0.00215815160054 0.0514024969014 0.00524413979732 0.0190267963738 0.0132621874839 0.0152042780525 0.012816391655 
0.00666118924994 0.0334744769092 -0.00122842290317 0.00682795263527 0.00729742183138 0.0153704435283 -0.000720778541343 0.0056158674048 0.0128853936123 0.0251644781548 -0.00665097194515 -0.00205952463794 0.0342200361484 0.0199083344042 0.0162655077993 0.0197851933102 0.0240898915571 0.01505589094 -0.00300394549526 0.00137167119439 0.0221632095065 0.012375581215 0.0101617010861 0.1720976577 -0.000612593241655 0.00203828902362 0.0173823940339 0.0309484472597 0.0190239504526 0.00390865911813 0.0158746567754 0.0142237553665 0.0100416287503 0.00865644107062 0.0160250074585 0.00119365083356 -0.0019931594223 0.0249578682169 0.0164893409493 0.0224580474677 0.0039286427257 0.0135430046291 0.0217224057031 0.00598543566505 0.0253963631976 0.0202943347138 0.00631619633236 0.0204636920881 0.00505191350656 0.0229090333263 0.00481524665614 0.019245922342 -0.00177226985635 0.00302342498545 0.0216745405639 -0.00387022056579 0.0172719907109 0.011358615391 0.0130727492262 -0.010408572776 
0.0179799653884 0.0209069131153 0.0280401632503 0.0282706409988 0.021866496094 -0.000454431138788 0.00834314718479 -0.000408655234971 0.0344726514016 0.00685792486687 0.00943549681949 0.0313346096329 0.00637088619213 0.0186600238174 0.0502372217926 0.0228217474323 0.0220593391079 0.0194724167737 0.0454546308374 0.0274772192971 0.0310525712353 0.0122147825495 0.0166353016683 -0.000612593241656 0.380054652407 0.00919030484363 0.028094160362 0.00148536330341 0.0233028278109 0.0192712413412 0.031108017367 0.0350220088373 0.0206748982918 0.0755860999958 0.0095736218266 0.0186167123082 0.0296734543054 0.0209830514167 0.0396406783335 0.0237805113058 -0.0239527706804 0.0109660406835 0.0388800369765 -0.0186222279152 0.0152901256988 0.00294417958718 0.0276243375547 0.0113826871384 0.0265714429258 -0.034985764701 0.00725872347629 0.0133778340961 0.00971006383638 0.0105392691361 0.0194065249238 -0.00232777310837 0.0175554207959 0.00730713921738 0.0156633312424 0.0231515492569 
0.029439192986 -0.00580379539429 0.0141142757596 0.0320340519637 -0.00135912755939 0.0107390778627 -0.000466866331408 0.0128082886217 0.0368617820499 0.0118793040334 0.0147176833538 -0.0152341620775 0.016715367849 0.0152944915983 -0.00387605036762 0.00836418490357 0.00978942595861 0.0122651242739 0.00137666096425 0.0204933833847 0.00614154585844 0.0261220012824 -0.00458018216003 0.00203828902362 0.00919030484363 0.294311247998 0.0196124490732 0.012973935294 0.0151056613667 0.0133964582749 0.00672519081627 0.0114636798153 0.0231372903206 0.0234484637725 0.036163764368 0.0111378357137 0.00495008924124 0.0195257730424 -0.00975905764902 -0.0145936432103 0.0035777990385 0.0161051414734 0.0204048756496 0.0195701515765 0.0169719851573 0.050366263969 0.0305795063754 0.012589737568 -0.00505289414441 0.0098121714878 2.18476441485e-05 0.0259298756529 0.0283186474043 0.00930914858224 0.0147463722154 0.0144867295059 0.0390311002738 0.0177006586694 0.000933272228597 -0.00259707607557 
-0.00129058185071 0.0169506931997 -0.040403092508 0.0276676122592 0.0111805151906 0.00760726031507 0.00411907499789 0.000407935220507 0.0293811484019 -0.0147104463686 -7.44430953783e-05 -0.0111356633233 0.00398358202678 0.0148487125319 0.00950237424468 0.0139368224313 0.0093976527427 0.00625166797044 -0.00520902108033 0.0187790881948 0.0200751152161 0.0206765193109 0.00728427642223 0.0173823940339 0.028094160362 0.0196124490732 0.315113161549 0.0405140447775 0.0686072268343 0.0177727619005 0.0101319530536 0.0125432055126 -0.00650344829172 0.0242041657688 0.01338065926 0.0351005836382 -0.00695823855816 0.0228754959319 0.00651071157896 0.0218549911244 -0.00530168271367 0.0116370647667 0.0206773973945 0.0107738004409 0.0343792028441 0.0242661552642 0.0128887240767 -0.0153278117832 0.0118707813739 0.00802990404677 -0.00285386198023 0.0153601511742 0.0335945452443 0.0138016464443 0.0706879497265 0.00840807546053 0.000267462117835 0.00667479789037 0.00811883786424 0.000573175631323 
0.0213503834361 0.0180417437825 0.0245441161278 0.018917059216 0.0190719391381 0.0148282228621 0.00650535360591 0.0204454497989 0.0255605088859 0.0245850137302 0.011580768682 0.0894504331523 0.0088859597238 0.0197224998369 0.0189464210023 0.0256282981522 0.0142574754001 0.00225001902102 -0.00454954577975 0.00969911133895 0.0159212753578 0.0247571005103 -0.0043304006718 0.0309484472597 0.00148536330341 0.012973935294 0.0405140447775 0.253764677123 0.0369401211131 -0.0203953585209 -0.0029176642304 0.0196664946932 0.022055933633 0.0182066322124 -0.00553559563255 0.0213791095894 0.00432212346038 0.0118866831845 0.0106220365517 0.00167707466895 -0.000661750353917 0.0124613886214 0.00985785678928 0.012177876607 0.0109740455307 0.0171013733823 0.0140408495397 0.0229989849763 0.00385288695717 -0.0664091731285 0.018356069197 -0.000774634348284 0.00450699837943 0.0134217770867 0.0418162625585 0.000761045586072 0.0331725422285 0.0198008937875 0.00245229539721 0.00613488270979 
0.010232974082 0.0243198096735 -0.0161440838767 0.0419548597011 -0.0167341921798 -0.0116659904191 0.0073979844872 0.0649250402118 0.00778554831386 -0.0100101592166 -0.0100023519151 0.076562930703 0.0652861143774 0.0180678656291 0.0189470902745 0.0401005676437 0.0117260471929 0.0103392558752 -0.00777612271982 0.0146709657178 0.0258286495015 0.0179471579862 0.000618706954049 0.0190239504526 0.0233028278109 0.0151056613667 0.0686072268343 0.0369401211131 0.576826195536 0.0295826628805 0.0308389535123 0.00545197575054 0.00510117874968 0.0159532001981 0.0301092238555 0.0428389659946 0.0284616959035 0.0161119927987 0.00567674193835 0.019279956883 0.0195553234284 0.011494258612 0.0254124585429 0.0301112942645 -0.0183695532903 0.0455054319149 -0.00576400241784 0.0391440153943 0.0145014443638 0.0686808445772 0.0134981184642 0.0238454061979 -0.0197764602727 0.00906787820577 0.162932238531 0.0121716563125 0.0218970495288 0.0045904200788 0.0218283501983 0.00559385407525 
0.0142382693597 0.0245091911652 0.0372069481414 0.00628289948062 0.0154761537758 0.0109046805613 0.00265656027382 0.0219952292676 0.000654882974832 0.0268199928462 0.000865277763329 -0.022030460657 -0.00835701801363 -0.0020523644385 0.00615694700774 0.0140559762396 0.0208323529028 0.0122898033117 0.00237277328165 0.0178954365776 0.0407381049988 0.0203944106841 0.000974248040253 0.00390865911813 0.0192712413412 0.0133964582749 0.0177727619005 -0.0203953585209 0.0295826628805 0.196832089883 0.0212729836803 0.00921808088943 0.0218940335821 0.0205233949726 0.00482907452003 0.00603995887591 -0.00351840369158 0.0157492643118 0.013390907977 0.0217772522361 0.0131494160195 0.0171045851742 0.0176739256208 -0.00502736355164 0.000931224770095 0.0273450125221 -0.00613684826081 0.01371775103 -0.00979481617485 -0.00775741506564 0.00502562382202 0.00787304396245 -0.0027756295961 0.00660920451751 0.00238227670379 0.0138735136541 -0.0156047544591 0.000327032097564 0.00892938922511 0.0221827180016 
-0.00460975185761 0.0272033127992 0.00235225661924 -0.00601456454346 0.00719892714062 0.00593617252061 0.0225838369479 0.0064333432774 0.022424224592 0.00248089247725 0.0139574655408 0.114447586459 0.0147181387247 0.00902573237727 0.00502129660167 0.0286535417319 0.0025864693179 0.0113516787822 -0.00546858305387 0.00915293647399 -0.00101458591297 0.0285619204372 0.00648358645318 0.0158746567754 0.031108017367 0.00672519081627 0.0101319530536 -0.0029176642304 0.0308389535123 0.0212729836804 0.350676289394 0.0306269555047 0.00152721999256 0.0591987607203 0.0339412291522 0.0146349469617 0.00826924690359 0.0633596332147 0.0092994800489 0.0488241475578 0.00129433440042 0.0135583786416 0.00930734392507 0.00870288255517 0.0030020624175 0.017866625026 -0.0173378617896 0.0267491684633 0.0159929545394 -0.0152707279281 0.0161373716266 0.00828785351151 0.0495906716051 -0.00448844041579 0.0126497214472 0.0132739330755 0.010187713302 0.0106871432165 0.00456726552405 0.00403675048982 
0.00979070663746 0.00630028743267 0.0189131045517 0.00980233511796 0.0137592293595 -0.000830165651383 0.010875650043 0.00730831638254 0.0188377545706 -0.00618595205726 0.0164702307006 0.0260731442276 0.00813384772962 0.0208974704619 0.0110306249916 0.0115941034962 0.0301140741603 0.0189791138085 0.0213596729068 0.0126986373197 0.0150052795484 -0.00124757391975 0.0208745638084 0.0142237553665 0.0350220088373 0.0114636798153 0.0125432055126 0.0196664946932 0.00545197575054 0.00921808088943 0.0306269555047 0.135743192793 0.014654098664 0.0199512958954 0.0151116367272 0.00421062702846 0.0166553385337 0.0529546181602 0.0204432504238 0.0377278935489 0.0133508894154 0.0205181877313 0.0377030032854 0.00567433180181 -0.000474490171635 0.00729670096445 0.0195732094028 0.00894040283185 0.00550358013942 -0.00887583812062 0.00555146997356 0.00787132747343 0.0103572190286 0.00780824698273 0.00907128690275 0.0136937524598 0.0144565572915 0.00843380724512 0.0119367999027 0.0171746395325 
0.0615964304583 -0.00233809162356 0.00506523907946 0.0246518092416 0.00729412087529 -0.00112675307618 0.00397233305471 0.00626223148916 0.0156767756104 0.00714242147081 -0.00252964164903 -0.0179422470316 -0.00239277748871 0.0198295743254 0.0328172696767 0.0301272762912 0.0145040148818 0.000520030948 0.0178522091965 0.02051222187 0.019890566213 0.00710042643518 0.0245681524029 0.0100416287503 0.0206748982918 0.0231372903206 -0.00650344829172 0.022055933633 0.00510117874968 0.0218940335821 0.00152721999256 0.014654098664 0.156396801874 0.00323668760315 0.0068082571708 0.0299407616618 -0.00250540374008 0.00671528403186 -0.00596546614509 0.00827109649499 -0.00539244048925 0.00316335673881 0.00962124063672 -0.0102455863728 0.00579405178493 0.00426996129482 0.00195721935037 0.00366678347938 0.0219944911811 -0.00108595070906 0.000358894785984 0.0321933249449 -0.00549957036825 0.00882566339243 0.0336761838923 0.0435345399915 0.0146074907442 0.03419491594 0.0109424342312 0.0189938758408 
0.00663641230989 0.0235137359912 0.0628649548453 0.0438469858456 0.0457888176158 0.00239736412117 0.000667758444361 0.0316087265342 0.0418393280971 0.0143696917915 0.000288077851421 -0.0114204668034 0.0315836753751 0.0305553083888 0.0439836652324 0.046618368759 0.0271649520714 0.048808606 0.00664886873636 -0.0111572006816 0.042155368301 0.0175855050411 -0.00288466656763 0.00865644107062 0.0755860999958 0.0234484637725 0.0242041657688 0.0182066322124 0.0159532001981 0.0205233949726 0.0591987607203 0.0199512958954 0.00323668760315 0.504528847084 -0.0160345795539 0.0174839265631 -0.000614918153063 0.0485081399019 0.0229274566419 0.0335917308671 0.00957943561675 0.0249769717786 0.0329850001619 0.0199087844019 0.0487271801116 -0.00308385160758 0.0681728304761 0.0114973994853 0.0327434436599 0.0143315984276 0.0207603157651 0.0795726292993 0.0377674201812 0.0141324213643 0.0587117662064 0.0184070915652 0.0145948406273 0.0180999170375 0.00669158339471 0.0285675050085 
0.00713949480799 -0.00563265318527 -0.0142056385936 0.01287487894 0.0129839059812 -0.0122930871278 -0.00794163725234 0.0457063706182 0.0234368282755 0.0228171396352 0.0114210158536 0.117840722283 0.0248484924039 0.00786584173689 0.000331450186977 0.00552605775669 0.0314782834045 -0.00845430283064 0.0040847715376 -0.0124999926853 6.01522211482e-05 0.039509562091 0.0150689730335 0.0160250074585 0.0095736218266 0.036163764368 0.01338065926 -0.00553559563255 0.0301092238555 0.00482907452003 0.0339412291522 0.0151116367272 0.0068082571708 -0.0160345795539 0.301470376843 0.0111482368019 -0.0064595453335 0.0187515305902 -0.0152676539723 0.00753579560417 0.00871534345931 0.0369570573846 -0.000841751845176 0.0030588937576 0.0104684279022 0.0445688869759 0.00381060861709 0.00640561170974 0.017875532616 0.0309083576934 0.00839334872671 -0.00167705038854 -0.00462805319866 -0.000601048220353 0.0208161380094 0.000470150981963 0.0192681513578 0.0135054169273 -0.0172376443098 -0.0243459645363 
0.014713797182 0.00724336771207 0.0246045233884 0.0200640868154 0.00494320715139 0.015396422567 0.0108729185712 0.0071082018873 -0.00172397877109 0.00861601064951 0.00796525607951 0.0477615437217 0.0298667290622 0.00945193452474 0.0361972963939 0.01992893642 0.00978733405512 0.00657909222885 0.0144269240352 -0.00838062852511 0.0397961768843 0.00796364928964 -0.0105461469046 0.00119365083356 0.0186167123082 0.0111378357137 0.0351005836382 0.0213791095894 0.0428389659946 0.00603995887591 0.0146349469617 0.00421062702846 0.0299407616618 0.0174839265631 0.0111482368019 0.221932576999 0.00207546626333 -5.27736567346e-05 -0.00443528580837 0.0024166202456 -0.0027761153259 0.0169726144205 0.000312637771488 -0.00106948198336 0.00497014462148 0.00431678519415 0.0136664069757 0.0289710904331 0.010918203925 -0.00944721753919 0.00512578968915 0.0177687773809 0.0033835558231 0.00875859804339 0.0398356136618 0.0114643565327 0.0362532012478 0.0168098401025 -0.0012823317363 -0.00035898638828 
-0.012451185782 0.00462656339148 0.052971161036 0.0296159044792 0.0129745037024 -0.00634961328339 0.00933332712278 0.0174110741027 -0.0103232249827 0.00776452804676 -0.00555170068468 0.0937077071772 -0.00189006994349 0.00959956126333 0.0138183815797 0.012158434087 0.00822923548851 -0.000557585162585 -0.0103652924818 -0.00396953103125 -0.0206252959549 0.00280234504369 0.0158189632425 -0.0019931594223 0.0296734543054 0.00495008924124 -0.00695823855816 0.00432212346038 0.0284616959035 -0.00351840369158 0.00826924690359 0.0166553385337 -0.00250540374008 -0.000614918153063 -0.0064595453335 0.00207546626333 0.292948607377 0.0562671859075 0.0156694838301 0.0204928267988 0.0511237039018 0.00767441331594 -0.00498232445474 0.0809759753061 0.0248518554216 0.0114220500607 0.00883155814593 0.0381602425727 0.0023791595648 0.0232375013289 0.0262888081864 0.0276433860306 0.0585713437167 0.0200884855513 0.00265936992471 -0.00128376627982 0.0573026471774 -0.010263050831 0.0129720942232 -0.0140660500665 
0.0228315682648 0.0474150875135 0.0625817264235 0.0321503774455 0.024769470395 0.00715573962415 0.00188948413747 0.0130052417837 0.0194327964108 0.0440938300021 -0.0191965001712 0.0518309636878 0.0101979742592 0.0326535731341 0.0165375945457 0.0344845330239 0.0158957463671 0.0269858088717 -0.00105076010428 0.0760644147297 0.0237199935379 0.0347759947351 0.0356440016035 0.0249578682169 0.0209830514167 0.0195257730424 0.0228754959319 0.0118866831845 0.0161119927987 0.0157492643118 0.0633596332147 0.0529546181602 0.00671528403186 0.0485081399019 0.0187515305902 -5.27736567337e-05 0.0562671859075 0.411804705177 0.0246744298405 0.0132919898534 0.0208405013745 -0.00488302547636 0.0405567023366 0.0468660166857 0.0150384602918 0.0404421588605 -0.0035732623689 0.0275520546213 -0.00594244334857 0.0182798906145 0.0322432072905 0.0373540333465 0.0828600905484 0.0113394692473 0.0220590595955 0.00824835835624 0.095308672894 0.0124470285065 0.0408112945214 0.0243174300556 
0.0122611773636 0.0117057851251 0.0114623540373 0.00911043812579 -0.00553294597468 0.0233653833304 0.0103494606623 0.00944644893135 0.0188649558706 0.0113408908037 -0.00617494156213 0.0110066628274 0.0280845766303 0.00966620475318 0.0210053187627 0.0366938766159 0.0194455420101 0.0348013754524 0.0240614312556 0.0211651165041 0.0279226377599 0.00227415184198 0.00572169199086 0.0164893409493 0.0396406783335 -0.00975905764902 0.00651071157896 0.0106220365517 0.00567674193835 0.013390907977 0.0092994800489 0.0204432504238 -0.00596546614509 0.0229274566419 -0.0152676539723 -0.00443528580837 0.0156694838301 0.0246744298405 0.144532730219 0.0346550315758 0.00699901744926 0.00784993895612 0.00782388131445 0.0060965662357 0.00938056934387 0.0194561828616 0.0307431172174 0.00940495196849 0.0144023132219 -0.00707742115649 0.0142505959603 -0.0103369957786 0.00739063335621 0.0095068333979 0.017688759967 0.00119329908345 0.014623409144 0.0120588835038 0.00640736610317 0.0275332419834 
