30
0.0307338128464 0.0729597235382 0.00326137985962 0.0205855922537 0.0914492870129 0.046041615311 0.0136100125143 -0.00773505516991 0.105904751354 0.0593939882808 0.0217130314185 0.0373342989671 0.0540494724418 0.0408230851415 0.0331605059077 0.0324129219316 0.0723018126246 0.00388664565626 0.102864057578 0.0917148498368 0.0524718958424 0.119808933935 0.161692830297 0.0316067218978 0.00610402508206 0.022775665512 0.0216083944488 0.0214629747746 0.070995024039 0.0498180241401 
0.174874478723 0.00165665440044 0.0227936080395 0.0155167322483 0.0172650257205 0.0190409137356 0.00421940870537 0.00474524564962 0.0147060449812 0.00951090333868 -0.00422006080397 0.0273416735301 0.0182593793426 0.0139996457792 0.0141897622039 0.0225809884661 0.0143948076123 0.00290756055997 0.0222806571057 0.0247319016069 0.022364316081 0.0343535123442 0.0144550509671 0.0160802397939 0.0115067649453 0.021353074365 0.00362877055649 0.0160140845217 0.0243399201771 -0.00524359726569 
0.00165665440044 0.483029894648 -0.00786334936295 -0.000671350814564 0.0899287206529 0.0281407132159 -0.0139119227091 0.0230255936689 0.00452380485105 0.0156606218906 0.0351237979903 0.017934379135 0.00512452033143 0.0189362533708 0.0261453381101 -0.000525090963 0.0167184500714 0.0241974286181 0.0756057529755 0.0296102477589 -9.97208378393e-05 0.0183290077573 0.0136341110945 0.0128957585199 -0.0171081226953 0.0378110662354 -0.010295184246 0.0379465162311 0.0424741679636 0.151468687124 
0.0227936080395 -0.00786334936295 0.167284580928 0.0118414251219 0.0188356296521 0.0277043889526 0.0101565140085 0.00517330289585 0.041213113726 0.0139074432703 0.0195290984274 0.0157962180455 0.0315194137383 0.0152367004159 0.0138440604304 0.0053446909096 0.0221755475608 0.0150063952705 -0.000808504473117 0.01370029412 0.00424012047219 -0.00903971910698 0.020065379919 0.0148385271095 0.0129734989654 0.0152700561291 0.00136703659179 0.0114376113791 0.0140051169833 0.00615943612735 
0.0155167322483 -0.000671350814564 0.0118414251219 0.171974863241 0.00989419932683 0.0237292094788 0.0092016418635 0.00360498530504 0.0179998037345 0.0245211998332 0.00396171889152 0.00995628245638 0.00794398351285 -0.00197378279522 0.0215192320081 0.00553836436479 0.00916256335001 0.00305187481554 0.0130728959509 0.0212396539799 0.00652941905563 0.000686353067269 0.00642130941297 0.023542148218 0.0146594861515 -0.00180124375254 0.0126148722485 -7.71489024985e-05 0.00598453918091 0.00308218443443 
0.0172650257205 0.0899287206529 0.0188356296521 0.00989419932683 0.471946812312 0.0328191361234 0.0106515481202 0.0204899219939 0.074854233145 0.0275209497055 0.0691608907085 0.0444824314572 0.0488709257828 0.0464599878835 0.0278774621838 0.0259236207841 0.0947506121357 0.0266290893567 0.00890540110207 0.0503207106634 0.00987539957055 0.00474261174494 0.0125102257864 0.0463698679284 0.0466468545459 0.0428353371688 0.0201695726506 0.0222769802782 0.0366012879354 0.057476935573 
0.0190409137356 0.0281407132159 0.0277043889526 0.0237292094788 0.0328191361234 0.264940102413 0.0152713068787 0.00731370312764 0.0185890832639 0.0168087742554 -0.0118364490851 0.0255093143164 0.0118854121143 0.0471728465544 0.0147016623284 0.0239200385621 0.0432875756118 0.0148772826019 0.0182867701423 0.0389809270827 0.0244037916028 -0.010474652338 0.0736938683714 0.0337663727792 0.0159470308762 0.0279012626348 0.042874600331 0.00447658660067 0.133456355943 0.0200655442376 
0.00421940870537 -0.0139119227091 0.0101565140085 0.0092016418635 0.0106515481202 0.0152713068787 0.152233321909 0.00425835268002 0.0163478092087 0.0210322222138 0.00120055486537 -0.00196362987187 0.00968940508646 0.0132677961829 0.00328056555465 0.0120843030227 -0.00159559727791 0.0223019836636 0.0106670664067 0.00295842063527 0.0117481133198 0.0141597881153 0.0623847380213 0.0168678710522 0.0132960124614 0.0121782441948 0.00524509032496 0.00884801985093 0.00384907995634 -0.00383196420212 
0.00474524564962 0.0230255936689 0.00517330289585 0.00360498530505 0.0204899219939 0.00731370312764 0.00425835268002 0.128782917127 0.0117123390202 0.0122067480044 0.00118705958712 0.0448951291537 0.0252153096919 0.00441353742731 0.0251892412995 -0.00287404324526 0.021717222019 0.042288361073 0.00107628769115 0.0312002415698 7.94433750362e-05 0.0155390730518 0.0187779887905 0.024750192548 0.0268654659286 0.0353086514797 -0.00419657773653 0.0384263174929 0.0186814670404 0.0083361679105 
0.0147060449812 0.00452380485105 0.041213113726 0.0179998037345 0.074854233145 0.0185890832639 0.0163478092087 0.0117123390202 0.41945526301 0.0125874756148 0.00782618332523 0.0190009987491 0.0204097699801 0.0128274676518 0.00797120512255 0.0193502853407 0.0149120008613 0.023928912799 -0.0135994806133 0.0167206244742 0.0234094893209 0.0562024919479 -0.00354811625049 0.0252972262641 0.0203377466846 0.0174615822018 0.0163938955433 0.0182562073944 0.0301756383471 0.0122261537344 
0.00951090333868 0.0156606218906 0.0139074432703 0.0245211998332 0.0275209497055 0.0168087742554 0.0210322222138 0.0122067480044 0.0125874756148 0.234430975737 -0.00215834247813 0.00291067570643 0.00161921030605 0.0112058888836 0.0200412163586 -0.00238956441196 0.0354738414881 0.0207899615538 0.0158123742835 0.025052936128 0.0275109314183 -0.0301590443842 -0.00354215846242 0.0176848573848 0.0156549129801 0.0269039660066 0.00996913872891 0.0251471944049 0.015725900794 0.00529816070327 
-0.00422006080397 0.0351237979903 0.0195290984274 0.00396171889152 0.0691608907085 -0.0118364490851 0.00120055486537 0.00118705958712 0.00782618332523 -0.00215834247813 0.272008733994 0.010900648618 0.00963835551872 0.0171751467258 0.0102928950902 0.00905449409655 0.0145884702512 0.0144415995569 0.0318080575813 0.0262961892585 0.0337480878937 0.0166978555937 0.0247500705476 0.0139921772267 0.0152744819562 0.0193847303927 0.0122265898823 0.0151078964737 -0.00102912915924 0.0119590388822 
0.0273416735301 0.017934379135 0.0157962180455 0.00995628245638 0.0444824314572 0.0255093143164 -0.00196362987187 0.0448951291537 0.0190009987491 0.00291067570643 0.010900648618 0.259786614398 0.0197624306287 0.0151897070391 0.0405936255119 0.00728636991111 -0.01416332183 0.043351228014 0.032193648762 0.0375168263162 0.00832321914621 0.0205234645436 0.0276359712647 0.0210968513881 0.020235272961 0.030907966437 -0.00800806251709 0.0461903778278 0.0334324876321 0.0307257536314 
0.0182593793426 0.00512452033143 0.0315194137383 0.00794398351285 0.0488709257828 0.0118854121143 0.00968940508646 0.0252153096919 0.0204097699801 0.00161921030605 0.00963835551872 0.0197624306287 0.269621124779 0.0135941886027 0.0201676417057 0.0445923582643 0.0131485811113 0.0447567068269 0.0118192130123 0.028150391637 0.0037943832533 -0.00061622293385 0.0408131003316 0.0333580813494 0.0114414871992 0.0220313169125 0.0201773265484 0.00969280837967 0.0177842129688 0.0225856272779 
0.0139996457792 0.0189362533708 0.0152367004159 -0.00197378279522 0.0464599878835 0.0471728465544 0.0132677961829 0.00441353742731 0.0128274676518 0.0112058888836 0.0171751467258 0.0151897070391 0.0135941886027 0.20604516363 0.00567922760699 0.000297284349504 0.0317642670975 -0.00197320543935 0.0317349229348 0.021179843635 -0.00571667750336 -0.000129588151747 0.0212222556988 0.0226183231622 0.00917790973712 0.0309175501555 0.0368153918002 0.00462278219474 0.0401167942153 0.0137461685469 
0.0141897622039 0.0261453381101 0.0138440604304 0.0215192320081 0.0278774621838 0.0147016623284 0.00328056555465 0.0251892412995 0.00797120512255 0.0200412163586 0.0102928950902 0.0405936255119 0.0201676417057 0.00567922760699 0.154878136462 -0.0053208978372 0.00653373492626 0.0415381837214 0.00969572949406 0.0172585266716 0.0152306839033 0.0183701854044 0.0219967770361 0.0202966101679 0.0174788713935 0.00805164633046 0.00153039250225 0.0219658629662 0.0190759203465 0.027332773901 
0.0225809884661 -0.000525090963 0.0053446909096 0.00553836436479 0.0259236207841 0.0239200385621 0.0120843030227 -0.00287404324526 0.0193502853407 -0.00238956441196 0.00905449409655 0.00728636991111 0.0445923582643 0.000297284349504 -0.0053208978372 0.288422252499 0.00514842433864 0.000489929463482 0.0194707062898 0.0127480248556 0.0163577914312 0.00153510484711 0.0131151761456 0.0173639615775 0.00768646085386 0.0224981642253 0.000378366706558 0.00730224201834 0.0231563290214 -0.0145234506774 
0.0143948076123 0.0167184500714 0.0221755475608 0.00916256335001 0.0947506121357 0.0432875756118 -0.00159559727791 0.021717222019 0.0149120008613 0.0354738414881 0.0145884702512 -0.01416332183 0.0131485811113 0.0317642670975 0.00653373492626 0.00514842433864 0.474141080076 0.0042332652125 0.00196314320401 0.0377722013503 0.0325287931103 -0.0121090973587 0.00955877168746 0.0297112562394 0.0303069355989 0.0380004211076 0.0196964699538 0.0178556738196 0.0049432011048 -0.00509222142031 
0.00290756055997 0.0241974286181 0.0150063952705 0.00305187481554 0.0266290893567 0.0148772826019 0.0223019836636 0.042288361073 0.023928912799 0.0207899615538 0.0144415995569 0.043351228014 0.0447567068269 -0.00197320543935 0.0415381837214 0.000489929463482 0.0042332652125 0.21764520412 -0.0131312922432 0.027214875321 0.0021489951208 0.051912415935 0.0577321993489 0.00995827080731 0.012722874196 0.0165799995242 0.00347732471234 0.0258986196887 0.0440005688235 0.0277071816521 
0.0222806571057 0.0756057529755 -0.000808504473117 0.0130728959509 0.00890540110207 0.0182867701423 0.0106670664067 0.00107628769115 -0.0135994806133 0.0158123742835 0.0318080575813 0.032193648762 0.0118192130123 0.0317349229348 0.00969572949406 0.0194707062898 0.00196314320401 -0.0131312922432 0.622451702735 0.0297659782996 0.0101974840891 -0.00779672653045 0.00252718874497 0.00416051196368 -0.000874939262285 0.0291098183089 0.00616854571513 0.00402468054702 -0.00281571136712 0.00384378938164 
0.0247319016069 0.0296102477589 0.01370029412 0.0212396539799 0.0503207106634 0.0389809270827 0.00295842063527 0.0312002415698 0.0167206244742 0.025052936128 0.0262961892585 0.0375168263162 0.028150391637 0.021179843635 0.0172585266716 0.0127480248556 0.0377722013503 0.027214875321 0.0297659782996 0.18476435573 0.0135738367822 -0.00764340366221 0.0310691261141 0.0354994535456 0.0253853502436 0.0358196563272 0.0183042449319 0.0128527514162 0.0476436749488 0.0104387012036 
0.022364316081 -9.97208378391e-05 0.00424012047219 0.00652941905563 0.00987539957055 0.0244037916028 0.0117481133198 7.94433750361e-05 0.0234094893209 0.0275109314183 0.0337480878937 0.00832321914621 0.0037943832533 -0.00571667750336 0.0152306839033 0.0163577914312 0.0325287931103 0.00214899512081 0.0101974840891 0.0135738367822 0.203545024992 -0.0173673582023 0.0152172000116 0.0309458096615 0.0211438335353 0.0262100257859 0.0193903893068 -0.00332906811898 0.0101745205084 -0.00147649643205 
0.0343535123442 0.0183290077573 -0.00903971910698 0.000686353067269 0.00474261174494 -0.010474652338 0.0141597881153 0.0155390730518 0.0562024919479 -0.0301590443842 0.0166978555937 0.0205234645436 -0.00061622293385 -0.000129588151747 0.0183701854044 0.00153510484711 -0.0121090973587 0.051912415935 -0.00779672653045 -0.00764340366221 -0.0173673582023 0.643885538442 -0.0154347786294 -0.0115587501782 -0.000979909299414 0.0219758361507 -0.00598413073418 -0.0131141098209 0.00465125414193 0.0246261113548 
0.0144550509671 0.0136341110945 0.020065379919 0.00642130941297 0.0125102257864 0.0736938683714 0.0623847380213 0.0187779887905 -0.00354811625049 -0.00354215846242 0.0247500705476 0.0276359712647 0.0408131003316 0.0212222556988 0.0219967770361 0.0131151761456 0.00955877168746 0.0577321993489 0.00252718874497 0.0310691261141 0.0152172000116 -0.0154347786294 0.889894121416 0.0244049297738 0.0322355164236 0.0197217330925 0.0345090213657 0.0269469174493 0.0666194941329 0.0132130578615 
0.0160802397939 0.0128957585199 0.0148385271095 0.023542148218 0.0463698679284 0.0337663727792 0.0168678710522 0.024750192548 0.0252972262641 0.0176848573848 0.0139921772267 0.0210968513881 0.0333580813494 0.0226183231622 0.0202966101679 0.0173639615775 0.0297112562394 0.00995827080731 0.00416051196368 0.0354994535456 0.0309458096615 -0.0115587501782 0.0244049297738 0.135109915173 0.0425612531028 0.0380942245612 0.0319305248152 0.0180642878247 0.0113038269182 -0.00874485752593 
0.0115067649453 -0.0171081226953 0.0129734989654 0.0146594861515 0.0466468545459 0.0159470308762 0.0132960124614 0.0268654659286 0.0203377466846 0.0156549129801 0.0152744819562 0.020235272961 0.0114414871992 0.00917790973712 0.0174788713935 0.00768646085386 0.0303069355989 0.012722874196 -0.000874939262285 0.0253853502436 0.0211438335353 -0.000979909299414 0.0322355164236 0.0425612531028 0.179890372362 0.0484479186672 0.0214309115827 0.0201319813891 0.0113006343278 -0.0113376544036 
0.021353074365 0.0378110662354 0.0152700561291 -0.00180124375254 0.0428353371688 0.0279012626348 0.0121782441948 0.0353086514797 0.0174615822018 0.0269039660066 0.0193847303927 0.030907966437 0.0220313169125 0.0309175501555 0.00805164633046 0.0224981642253 0.0380004211076 0.0165799995242 0.0291098183089 0.0358196563272 0.0262100257859 0.0219758361507 0.0197217330925 0.0380942245612 0.0484479186672 0.234956312815 0.0115057614882 0.0279880039833 0.0176116037727 0.0322073430985 
0.00362877055649 -0.010295184246 0.00136703659179 0.0126148722485 0.0201695726506 0.042874600331 0.00524509032496 -0.00419657773653 0.0163938955433 0.00996913872891 0.0122265898823 -0.00800806251709 0.0201773265484 0.0368153918002 0.00153039250225 0.000378366706558 0.0196964699538 0.00347732471234 0.00616854571513 0.0183042449319 0.0193903893068 -0.00598413073418 0.0345090213657 0.0319305248152 0.0214309115827 0.0115057614882 0.268756796581 0.00837847773644 0.0144126808424 -0.00245663426133 
0.0160140845217 0.0379465162311 0.0114376113791 -7.71489024985e-05 0.0222769802782 0.00447658660067 0.00884801985093 0.0384263174929 0.0182562073944 0.0251471944049 0.0151078964737 0.0461903778278 0.00969280837967 0.00462278219474 0.0219658629662 0.00730224201834 0.0178556738196 0.0258986196887 0.00402468054702 0.0128527514162 -0.00332906811898 -0.0131141098209 0.0269469174493 0.0180642878247 0.0201319813891 0.0279880039833 0.00837847773644 0.161985167558 0.00602117702905 0.0204099854289 
0.0243399201771 0.0424741679636 0.0140051169833 0.00598453918091 0.0366012879354 0.133456355943 0.00384907995634 0.0186814670404 0.0301756383471 0.015725900794 -0.00102912915924 0.0334324876321 0.0177842129688 0.0401167942153 0.0190759203465 0.0231563290214 0.0049432011048 0.0440005688235 -0.00281571136712 0.0476436749488 0.0101745205084 0.00465125414193 0.0666194941329 0.0113038269182 0.0113006343278 0.0176116037727 0.0144126808424 0.00602117702905 0.353516730712 0.040729344289 
-0.00524359726569 0.151468687124 0.00615943612735 0.00308218443443 0.057476935573 0.0200655442376 -0.00383196420212 0.0083361679105 0.0122261537344 0.00529816070327 0.0119590388822 0.0307257536314 0.0225856272779 0.0137461685469 0.027332773901 -0.0145234506774 -0.00509222142031 0.0277071816521 0.00384378938164 0.0104387012036 -0.00147649643205 0.0246261113548 0.0132130578615 -0.00874485752593 -0.0113376544036 0.0322073430985 -0.00245663426133 0.0204099854289 0.040729344289 0.380645000011 
0.0151445741048 0.000143470479607 0.00197398436061 0.00134378843107 0.00149519508709 0.00164899150063 0.00036541151278 0.000410950327977 0.00127358085429 0.000823668390424 -0.000365467986175 0.00236785838591 0.00158130863681 0.00121240488887 0.00122886945422 0.00195557096542 0.00124662690748 0.000251802130797 0.00192956150665 0.00214184550754 0.00193680658644 0.00297510143993 0.00125184413505 0.00139258961604 0.000996515075803 0.0018492304849 0.000314260748643 0.00138686040141 0.00210789891994 -0.00045410884393 
0.000143470479607 0.0418316159552 -0.000680986030715 -5.81406860264e-05 0.00778805566153 0.00243705725255 -0.00120480784816 0.00199407490545 0.000391772992278 0.00135624963963 0.0030418101337 0.0015531627932 0.000443796478923 0.00163992764716 0.00226425269939 -4.54742113256e-05 0.00144786024737 0.00209555878896 0.0065476502749 0.00256432267716 -8.63607788555e-06 0.00158733863439 0.00118074865659 0.00111680544793 -0.00148160688652 0.0032745343904 -0.000891589109366 0.00328626470413 0.00367837084611 0.0131175730927 
0.00197398436061 -0.000680986030715 0.0144872696745 0.00102549749725 0.0016312133775 0.00239927046293 0.000879579914526 0.000448021172928 0.00356916034558 0.00120441991737 0.00169126953512 0.00136799261111 0.00272966130097 0.001319536963 0.00119893080243 0.000462863810309 0.00192045875305 0.00129959195235 -7.00185412792e-05 0.00118648027472 0.000367205204402 -0.000782862638972 0.00173771287464 0.00128505414316 0.00112353796801 0.0013224256525 0.000118388841639 0.000990526201294 0.00121287870905 0.000533422815927 
0.00134378843107 -5.81406860264e-05 0.00102549749725 0.0148934600379 0.000856862796714 0.00205500982204 0.000796885561032 0.000312200885444 0.00155882872972 0.00212359819869 0.000343094920271 0.000862239353448 0.000687969152937 -0.000170934604221 0.00186362015889 0.000479636423532 0.000793501262489 0.000264300111942 0.00113214599945 0.00183940799142 0.000565464277413 5.9439919222e-05 0.000556101707719 0.00203880984165 0.00126954874137 -0.00015599228481 0.00109247998327 -6.68129094378e-06 0.000518276296061 0.000266925001936 
0.00149519508709 0.00778805566153 0.0016312133775 0.000856862796714 0.0408717928697 0.00284222056132 0.000922451126169 0.00177447929683 0.00648256674843 0.00238338415813 0.00598950883019 0.0038522915664 0.00423234632344 0.00402355297666 0.00241425904442 0.00224505141571 0.00820564371336 0.00230614678626 0.000771230358528 0.0043579013771 0.000855234690062 0.000410722225141 0.00108341733381 0.00401574835961 0.00403973610434 0.00370964901679 0.00174673622989 0.00192924308405 0.00316976451633 0.00497764863379 
0.00164899150063 0.00243705725255 0.00239927046293 0.00205500982204 0.00284222056132 0.0229444859171 0.00132253397059 0.000633385270427 0.00160986183396 0.00145568255117 -0.00102506655983 0.00220917142311 0.00102930688254 0.00408528834849 0.00127320130542 0.00207153610543 0.0037488140148 0.00128841046725 0.00158368074964 0.00337584731166 0.00211343034767 -0.000907131502048 0.00638207621128 0.00292425366205 0.00138105338537 0.00241632022394 0.00371304930638 0.000387683771842 0.0115576594543 0.00173772710505 
0.00036541151278 -0.00120480784816 0.000879579914526 0.000796885561032 0.000922451126169 0.00132253397059 0.0131837924076 0.000368784159917 0.00141576180709 0.00182144387352 0.000103971101204 -0.000170055335267 0.000839127095243 0.00114902485466 0.000284105310911 0.00104653134047 -0.000138182777688 0.00193140844075 0.000923795049205 0.000256206742522 0.00101741645815 0.001226273622 0.00540267679349 0.00146080048389 0.00115146845606 0.00105466688462 0.000454238146656 0.000766260996409 0.000333340102339 -0.000331857834543 
0.000410950327977 0.00199407490545 0.000448021172928 0.000312200885444 0.00177447929683 0.000633385270427 0.000368784159917 0.0111529277806 0.00101431831292 0.00105713538694 0.000102802375825 0.00388803223533 0.00218370987575 0.000382223553261 0.00218145228675 -0.000248899446197 0.00188076659681 0.00366227949736 9.3209248232e-05 0.00270202018036 6.87999809437e-06 0.00134572320141 0.00162622153246 0.00214342954952 0.00232661759787 0.00305781891548 -0.000363434292879 0.00332781671227 0.0016178625037 0.000721933318071 
0.00127358085429 0.000391772992278 0.00356916034558 0.00155882872972 0.00648256674843 0.00160986183396 0.00141576180709 0.00101431831292 0.0363258913518 0.00109010736519 0.000677767357432 0.0016455347614 0.00176753792882 0.00111089128527 0.000690326613491 0.00167578386755 0.00129141715672 0.00207230463688 -0.00117774956894 0.00144804855618 0.00202732124415 0.00486727857828 -0.00030727588085 0.002190804059 0.00176130052846 0.0015122173777 0.00141975300075 0.00158103393803 0.0026132869384 0.00105881597246 
0.000823668390424 0.00135624963963 0.00120441991737 0.00212359819869 0.00238338415813 0.00145568255117 0.00182144387352 0.00105713538694 0.00109010736519 0.0203023180422 -0.000186917941613 0.000252071910394 0.000140227725911 0.00097045844452 0.00173562024893 -0.000206942348473 0.00307212478985 0.00180046348493 0.00136939178236 0.00216964791262 0.002382516549 -0.00261184985905 -0.000306759921269 0.00153155357575 0.00135575523348 0.00232995180243 0.000863352739309 0.00217781091886 0.0013619029585 0.000458834176237 
-0.000365467986175 0.0030418101337 0.00169126953512 0.000343094920271 0.00598950883019 -0.00102506655983 0.000103971101204 0.000102802375825 0.000677767357432 -0.000186917941613 0.023556647369 0.000944023862088 0.000834706072991 0.00148741133783 0.000891390862659 0.000784142190603 0.00126339858399 0.00125067920876 0.00275465859105 0.00227731679206 0.00292267014451 0.00144607671328 0.00214341898397 0.00121175809326 0.00132280894038 0.00167876689656 0.00105885374397 0.0013083822144 -8.91251995681e-05 0.00103568314768 
0.00236785838591 0.0015531627932 0.00136799261111 0.000862239353448 0.0038522915664 0.00220917142311 -0.000170055335267 0.00388803223533 0.0016455347614 0.000252071910394 0.000944023862088 0.0224981807631 0.0017114766965 0.00131546721719 0.0035155110925 0.000631018144439 -0.00122657965068 0.00375432647454 0.00278805176684 0.00324905246592 0.000720811922189 0.00177738416684 0.00239334531735 0.0018270409242 0.00175242604367 0.00267670841138 -0.000693518557489 0.00400020406093 0.00289533836011 0.00266092831953 
0.00158130863681 0.000443796478923 0.00272966130097 0.000687969152937 0.00423234632344 0.00102930688254 0.000839127095243 0.00218370987575 0.00176753792882 0.000140227725911 0.000834706072991 0.0017114766965 0.0233498743456 0.00117729126738 0.00174656900516 0.00386181150716 0.00113870052661 0.00387604451018 0.00102357387214 0.00243789542841 0.000328603228905 -5.33664715108e-05 0.00353451816944 0.00288889458701 0.00099086185716 0.0019079680125 0.00174740773714 0.000839421829081 0.00154015802173 0.00195597269831 
0.00121240488887 0.00163992764716 0.001319536963 -0.000170934604221 0.00402355297666 0.00408528834849 0.00114902485466 0.000382223553261 0.00111089128527 0.00097045844452 0.00148741133783 0.00131546721719 0.00117729126738 0.0178440346031 0.000491835538153 2.57455798818e-05 0.0027508662239 -0.000170884603736 0.00274832494486 0.00183422826361 -0.000495078794315 -1.12226631442e-05 0.00183790125608 0.00195880424494 0.000794830298598 0.00267753838574 0.00318830645493 0.000400344681681 0.00347421629088 0.00119045311663 
0.00122886945422 0.00226425269939 0.00119893080243 0.00186362015889 0.00241425904442 0.00127320130542 0.000284105310911 0.00218145228675 0.000690326613491 0.00173562024893 0.000891390862659 0.0035155110925 0.00174656900516 0.000491835538153 0.0134128400667 -0.000460803269796 0.000565838042773 0.00359731223298 0.000839674805008 0.00149463225295 0.00131901591772 0.00159090472324 0.00190497677146 0.00175773800161 0.00151371466563 0.000697293026447 0.000132535878471 0.00190229953448 0.00165202316206 0.00236708765542 
0.00195557096542 -4.54742113256e-05 0.000462863810309 0.000479636423532 0.00224505141571 0.00207153610543 0.00104653134047 -0.000248899446197 0.00167578386755 -0.000206942348473 0.000784142190603 0.000631018144439 0.00386181150716 2.57455798818e-05 -0.000460803269796 0.0249780997681 0.000445866626672 4.24291361438e-05 0.00168621262766 0.00110401133731 0.00141662629292 0.000132943979507 0.00113580757172 0.00150376318365 0.000665667036464 0.00194839817576 3.27675179825e-05 0.000632392709246 0.00200539691909 -0.00125776772373 
0.00124662690748 0.00144786024737 0.00192045875305 0.000793501262489 0.00820564371336 0.0037488140148 -0.000138182777688 0.00188076659681 0.00129141715672 0.00307212478985 0.00126339858399 -0.00122657965068 0.00113870052661 0.0027508662239 0.000565838042773 0.000445866626672 0.0410618220323 0.000366611521498 0.000170013188594 0.00327116859262 0.00281707611879 -0.00104867859296 0.000827813911032 0.00257307026817 0.00262465761395 0.00329093300337 0.00170576433449 0.00154634671295 0.000428093773278 -0.000440999311168 
0.000251802130797 0.00209555878896 0.00129959195235 0.000264300111943 0.00230614678626 0.00128841046725 0.00193140844075 0.00366227949736 0.00207230463688 0.00180046348493 0.00125067920876 0.00375432647454 0.00387604451018 -0.000170884603736 0.00359731223298 4.24291361438e-05 0.000366611521498 0.018848627578 -0.00113720326671 0.00235687733888 0.000186108436723 0.00449574709716 0.00499975512525 0.000862411549689 0.00110183322629 0.00143587007827 0.000301145153809 0.00224288625734 0.00381056103821 0.0023995123178 
0.00192956150665 0.0065476502749 -7.00185412792e-05 0.00113214599945 0.000771230358528 0.00158368074964 0.000923795049205 9.32092482319e-05 -0.00117774956894 0.00136939178236 0.00275465859105 0.00278805176684 0.00102357387214 0.00274832494486 0.000839674805008 0.00168621262766 0.000170013188594 -0.00113720326671 0.0539058987198 0.0025778093376 0.000883128027582 -0.000675216324173 0.00021886096533 0.00036031090533 -7.57719627907e-05 0.0025209842155 0.00053421172937 0.000348547559584 -0.000243847757365 0.000332881925129 
0.00214184550754 0.00256432267716 0.00118648027472 0.00183940799142 0.0043579013771 0.00337584731166 0.000256206742522 0.00270202018036 0.00144804855618 0.00216964791262 0.00227731679206 0.00324905246592 0.00243789542841 0.00183422826361 0.00149463225295 0.00110401133731 0.00327116859262 0.00235687733888 0.0025778093376 0.0160010625776 0.00117552874802 -0.000661938174286 0.00269066524882 0.0030743428591 0.00219843581949 0.00310207323342 0.00158519411081 0.0011130809235 0.00412606328353 0.000904018042487 
0.00193680658644 -8.63607788554e-06 0.000367205204402 0.000565464277413 0.000855234690062 0.00211343034767 0.00101741645815 6.87999809436e-06 0.00202732124415 0.002382516549 0.00292267014451 0.000720811922189 0.000328603228905 -0.000495078794315 0.00131901591772 0.00141662629292 0.00281707611879 0.000186108436723 0.000883128027582 0.00117552874802 0.0176275162457 -0.00150405733998 0.00131784817845 0.00267998573075 0.0018311096975 0.00226985481645 0.00167925697289 -0.000288305756196 0.000881139323162 -0.000127868341875 
0.00297510143993 0.00158733863439 -0.000782862638972 5.9439919222e-05 0.000410722225141 -0.000907131502048 0.001226273622 0.00134572320141 0.00486727857828 -0.00261184985905 0.00144607671328 0.00177738416684 -5.33664715108e-05 -1.12226631442e-05 0.00159090472324 0.000132943979507 -0.00104867859296 0.00449574709716 -0.000675216324173 -0.000661938174286 -0.00150405733998 0.055762123342 -0.00133669103948 -0.00100101712903 -8.48626346697e-05 0.00190316323759 -0.000518240923537 -0.00113571522529 0.000402810424637 0.00213268380297 
0.00125184413505 0.00118074865659 0.00173771287464 0.000556101707719 0.00108341733381 0.00638207621128 0.00540267679349 0.00162622153246 -0.00030727588085 -0.000306759921269 0.00214341898397 0.00239334531735 0.00353451816944 0.00183790125608 0.00190497677146 0.00113580757172 0.000827813911032 0.00499975512525 0.00021886096533 0.00269066524882 0.00131784817845 -0.00133669103948 0.0770670915825 0.00211352891617 0.00279167761269 0.00170795218648 0.00298856891625 0.00233367150648 0.00576941743063 0.00114428437697 
0.00139258961604 0.00111680544793 0.00128505414316 0.00203880984165 0.00401574835961 0.00292425366205 0.00146080048389 0.00214342954952 0.002190804059 0.00153155357575 0.00121175809326 0.0018270409242 0.00288889458701 0.00195880424494 0.00175773800161 0.00150376318365 0.00257307026817 0.000862411549689 0.00036031090533 0.0030743428591 0.00267998573075 -0.00100101712903 0.00211352891617 0.0117008618843 0.00368591264039 0.00329905662075 0.00276526456461 0.00156441321575 0.000978940127113 -0.000757326876993 
0.000996515075803 -0.00148160688652 0.00112353796801 0.00126954874137 0.00403973610434 0.00138105338537 0.00115146845606 0.00232661759787 0.00176130052846 0.00135575523348 0.00132280894038 0.00175242604367 0.00099086185716 0.000794830298598 0.00151371466563 0.000665667036464 0.00262465761395 0.00110183322629 -7.57719627907e-05 0.00219843581949 0.0018311096975 -8.48626346697e-05 0.00279167761269 0.00368591264039 0.0155789632362 0.00419571283263 0.00185597138569 0.00174348073115 0.000978663640677 -0.000981869673286 
0.0018492304849 0.0032745343904 0.0013224256525 -0.00015599228481 0.00370964901679 0.00241632022394 0.00105466688462 0.00305781891548 0.0015122173777 0.00232995180243 0.00167876689656 0.00267670841138 0.0019079680125 0.00267753838574 0.000697293026447 0.00194839817576 0.00329093300337 0.00143587007827 0.0025209842155 0.00310207323342 0.00226985481645 0.00190316323759 0.00170795218648 0.00329905662075 0.00419571283263 0.0203478135678 0.000996428173869 0.00242383224508 0.00152520962686 0.00278923773117 
0.000314260748643 -0.000891589109366 0.000118388841639 0.00109247998327 0.00174673622989 0.00371304930638 0.000454238146656 -0.000363434292879 0.00141975300075 0.000863352739309 0.00105885374397 -0.000693518557489 0.00174740773714 0.00318830645493 0.000132535878471 3.27675179825e-05 0.00170576433449 0.000301145153809 0.00053421172937 0.00158519411081 0.00167925697289 -0.000518240923537 0.00298856891625 0.00276526456461 0.00185597138569 0.000996428173869 0.0232750213279 0.00072559745648 0.00124817477462 -0.000212750767812 
0.00138686040141 0.00328626470413 0.000990526201294 -6.68129094378e-06 0.00192924308405 0.000387683771842 0.000766260996409 0.00332781671227 0.00158103393803 0.00217781091886 0.0013083822144 0.00400020406093 0.000839421829081 0.000400344681681 0.00190229953448 0.000632392709246 0.00154634671295 0.00224288625734 0.000348547559584 0.0011130809235 -0.000288305756196 -0.00113571522529 0.00233367150648 0.00156441321575 0.00174348073115 0.00242383224508 0.00072559745648 0.0140283270142 0.000521449226784 0.00176755658723 
0.00210789891994 0.00367837084611 0.00121287870905 0.000518276296061 0.00316976451633 0.0115576594543 0.000333340102339 0.0016178625037 0.0026132869384 0.0013619029585 -8.91251995681e-05 0.00289533836011 0.00154015802173 0.00347421629088 0.00165202316206 0.00200539691909 0.000428093773278 0.00381056103821 -0.000243847757365 0.00412606328353 0.000881139323162 0.000402810424637 0.00576941743063 0.000978940127113 0.000978663640677 0.00152520962686 0.00124817477462 0.000521449226784 0.030615446946 0.00352726468338 
-0.00045410884393 0.0131175730927 0.000533422815927 0.000266925001936 0.00497764863379 0.00173772710505 -0.000331857834543 0.000721933318071 0.00105881597246 0.000458834176237 0.00103568314768 0.00266092831953 0.00195597269831 0.00119045311663 0.00236708765542 -0.00125776772373 -0.000440999311168 0.0023995123178 0.000332881925129 0.000904018042487 -0.000127868341875 0.00213268380297 0.00114428437697 -0.000757326876993 -0.000981869673286 0.00278923773117 -0.000212750767812 0.00176755658723 0.00352726468338 0.0329648239833 

['CL', 'NE', 'KMB', 'WWY', 'KBH', 'RF', 'SLE', 'DTE', 'TSG', 'MHP', 'TYC', 'PPL', 'SWY', 'UPS', 'XEL', 'SGP', 'MBI', 'CMS', 'IGT', 'EQR', 'BLS', 'DYN', 'ADBE', 'MTB', 'CMA', 'PCAR', 'FRE', 'KSE', 'SWK', 'MUR']