30
0.0288411222523 -0.0142899737039 0.0678116165217 0.0766259396051 0.072987431854 0.119808933935 0.0680936188342 0.100886603299 0.12993100308 0.0360508970818 0.282509070746 0.0824662750087 0.00326137985962 0.035272852014 0.0372282541949 0.0038222736377 0.00792878112812 -0.00648668223639 0.025042174885 0.275152850517 0.136929250297 0.0485380268731 0.00108215816497 0.0413413845105 0.0677272644226 0.101670797752 0.0100273700484 0.0445346556631 0.0315088302779 0.033790820858 
0.190721510594 0.0145741900981 0.00753654453414 0.0363443226005 0.00788814546849 -0.00490706669239 0.0157563437972 0.00684289836088 0.0132530661132 0.0271724474348 0.00452081905083 -0.00175763967271 0.0212972319139 0.0124987486944 0.0166582327929 0.00302675041665 0.0172620011532 -0.00867830552416 0.0452310448653 -0.000212038109805 0.0101787023784 0.0460344263093 0.00664196596309 0.0239072036017 0.0274995618487 0.00142972794974 0.0260475619226 0.011901248438 0.022860504305 0.015564110535 
0.0145741900981 0.185684380002 0.0307459423337 0.0347426727207 0.0105199010043 0.00364442603815 0.029145967504 0.00299392144785 -0.00548903352327 0.0221461593738 -0.00980490226052 0.000691500277407 0.0136460722423 0.0149404439792 0.0217038340531 0.0296339295744 0.00538925370332 0.0106099305412 0.0222072151042 0.000905747742502 0.0156590315924 0.00325298582803 0.0323655908929 0.00514437779409 0.0137884879328 -0.00161465952519 0.00412383771257 0.0199336325731 0.0383302811912 0.0283097898359 
0.00753654453414 0.0307459423337 0.243587648083 0.014308859666 -0.0177895888038 0.0323666370694 0.0275646731081 0.0160026501106 -0.00894286137276 0.019766733227 0.0036997241089 0.0161216909617 0.00745370425247 0.010465175097 0.025631047217 0.00489537839032 0.00726289370606 0.0126119724767 0.010856133401 -0.0180091281239 -0.0053771004608 0.00931922561982 0.00424799876807 0.00834374278329 0.0331734706967 0.00113336290726 0.0170360671522 0.00721307093012 0.00905193425572 0.0114516010248 
0.0363443226005 0.0347426727207 0.014308859666 0.262043186921 -0.0165425924467 -0.00647733818555 0.00272913166337 0.0211519929168 0.0074934061318 0.0371761074562 0.0210992175653 0.0302317578155 0.0170832818912 0.036572807311 0.0303280551721 0.0120300007622 0.0160217965122 -0.00248293401867 0.0401439082879 -0.00561995478103 0.0391638376669 0.0174449201166 0.00368783590929 -0.00116480884881 0.0213021641296 0.00982769555272 0.00871877352007 0.031722706096 0.0496719284486 0.0206077664816 
0.00788814546849 0.0105199010043 -0.0177895888038 -0.0165425924467 0.486060154097 0.00597580495878 0.0125262427453 -0.00127634293565 -0.0101492373376 0.0162957420115 0.0390135833176 0.0061943465247 0.0232691522142 0.0102170067896 0.017604868952 0.0201844033196 0.00274506244364 0.00807636547013 -0.00258172333619 0.00779968875083 0.0151448075297 0.029183237578 0.00374713883901 -0.00886266832784 -0.0155616776573 0.00653047477702 0.00226979889657 0.0400544457124 0.0327106544503 -0.00143539975825 
-0.00490706669239 0.00364442603815 0.0323666370694 -0.00647733818555 0.00597580495878 0.645771515414 1.50032377656e-05 0.0340508639324 -0.000295821417272 0.0112282588132 0.0264427518414 0.0352684949245 -0.00472434219261 0.00103311967405 -0.00302700611698 0.0140754187033 0.0219530197802 0.0160740088255 -0.0190688589362 -0.00433045729762 -0.0230814181596 -0.0225303019284 -0.0175843040386 -0.0125167968565 -0.0155547071891 0.0319509149007 0.00987524671309 -0.0271518684903 -0.00229784249254 -0.021188538593 
0.0157563437972 0.029145967504 0.0275646731081 0.00272913166337 0.0125262427453 1.5003237766e-05 0.291493281603 0.00986507626204 0.0105893851269 0.0193418887833 0.099770381373 0.0228883536876 0.0133090851203 0.0131855513015 0.00901563877654 0.0455973740322 0.0320161430223 0.0249033308364 0.0143181822599 0.000568837346492 0.0298582002717 0.0120715485026 0.0123666188799 0.0224198923923 0.0246291554662 0.0227040317744 0.00177371309255 -0.00403304111546 0.00631411768944 0.00482818987598 
0.00684289836088 0.00299392144786 0.0160026501106 0.0211519929168 -0.00127634293566 0.0340508639324 0.00986507626204 0.37756481481 -0.00432359880778 0.000212761380107 -0.00427175291636 -0.00547850672498 0.00937739454932 0.0104916646344 0.0174864454934 0.00919621177268 -0.00923113884133 -0.0100500737675 -0.0105497792874 -0.024582758751 0.00950384972004 0.00746286092329 -0.00984735537562 0.000694500050078 0.00724960266371 -0.00408211234757 0.00691876175964 0.023792467708 -0.00729830399329 0.00785788564209 
0.0132530661132 -0.00548903352327 -0.00894286137275 0.0074934061318 -0.0101492373376 -0.000295821417272 0.0105893851269 -0.00432359880778 0.611082465744 0.00493362327634 0.10589272793 0.211525048912 -0.000325242070486 0.00236197676061 0.0414697754459 0.0104036431126 0.0538862837886 0.0237915762825 0.0125631402572 0.0338739004367 0.1045206963 -0.00203916599405 0.016201144587 0.0166908441731 -0.0256017040652 0.0184127727949 0.00648025935753 0.150249908889 0.0418606715591 0.0413998404229 
0.0271724474348 0.0221461593738 0.019766733227 0.0371761074562 0.0162957420115 0.0112282588132 0.0193418887833 0.000212761380106 0.00493362327634 0.185108254697 0.0473996781697 0.00689311074371 0.00620704097988 0.0175954783572 0.0295489393696 0.0251383024899 0.0142004341564 0.0120822838968 0.0404110450496 -0.00617579473084 0.0266560304313 0.0461437486216 0.00419422784526 0.0144926249886 0.0287056827312 0.0193820132548 0.0241160853306 0.0352042459306 0.0504508185712 0.00479120343649 
0.00452081905083 -0.00980490226052 0.0036997241089 0.0210992175653 0.0390135833176 0.0264427518414 0.099770381373 -0.00427175291636 0.10589272793 0.0473996781697 0.874179255983 0.0257169427559 -0.0193874919621 0.00114667209233 0.024544734294 0.0272979998054 0.0204214266135 0.0255509079528 0.0185344384632 0.004575624907 0.0499807351122 0.00869512510117 -0.00801959542073 0.0235535714571 0.0279457032867 0.00421127090555 0.0139876593334 0.0488978067242 0.0179337190801 0.0156656767851 
-0.00175763967271 0.000691500277405 0.0161216909617 0.0302317578155 0.0061943465247 0.0352684949245 0.0228883536876 -0.00547850672497 0.211525048912 0.00689311074371 0.0257169427559 0.420571806255 0.00285955648069 0.0249075201115 0.0376210253209 0.0105112687992 0.00777818939859 0.027764492418 0.000508333898497 0.0256207087023 -0.0029557188048 0.00686379159835 0.00426428177491 0.0252280222138 -0.00585287165027 -0.0115687703393 0.00673590828761 0.0113001518184 0.0265075146739 0.0140254592171 
0.0212972319139 0.0136460722423 0.00745370425247 0.0170832818912 0.0232691522142 -0.00472434219261 0.0133090851203 0.00937739454932 -0.000325242070486 0.00620704097988 -0.0193874919621 0.00285955648069 0.163589100031 0.0342415427609 0.00410384246458 0.0234050059161 0.0198777379078 0.0267219680929 0.0224352520099 -0.0270742084448 0.0173992074821 0.007089491208 0.0160909652397 0.0253328346259 0.0220834810058 0.0125332375064 0.0233117517192 -0.00613683344445 0.0267400828636 0.00673734256244 
0.0124987486944 0.0149404439792 0.010465175097 0.036572807311 0.0102170067896 0.00103311967405 0.0131855513015 0.0104916646344 0.00236197676061 0.0175954783572 0.00114667209233 0.0249075201115 0.0342415427609 0.264669431028 0.0164004715589 0.0370434795227 -0.00641821213756 0.0197140384369 -0.00054661460424 -0.00317991322465 0.0668406921674 0.0167580954116 0.0242092762051 0.0205321833791 0.040860706012 0.0111560821734 0.0261401484922 0.00513318138948 0.0126383998106 0.029991012298 
0.0166582327929 0.0217038340531 0.025631047217 0.0303280551721 0.017604868952 -0.00302700611698 0.00901563877654 0.0174864454934 0.0414697754459 0.0295489393696 0.024544734294 0.0376210253209 0.00410384246458 0.0164004715589 0.184729789638 0.00805370623298 0.020354529823 0.0165873006061 0.0209460386867 -0.0138682978466 0.0523033057564 0.0317236202046 0.026547507731 0.0406953834414 0.0201731025404 0.0167942693541 0.0321262200061 0.0123886593194 0.0212092617098 0.0226651290909 
0.00302675041665 0.0296339295744 0.00489537839032 0.0120300007622 0.0201844033196 0.0140754187033 0.0455973740322 0.00919621177268 0.0104036431126 0.0251383024899 0.0272979998054 0.0105112687992 0.0234050059161 0.0370434795227 0.00805370623298 0.215029109804 0.0263718470906 0.0159950564274 0.0145868499473 -0.00644347637412 0.0419796667078 0.014760386636 0.00533558437618 0.0111179716488 0.00188775053719 0.00308535443355 0.0019192463521 0.0248599699695 0.0264103605919 0.0117833073921 
0.0172620011532 0.00538925370332 0.00726289370606 0.0160217965122 0.00274506244364 0.0219530197802 0.0320161430223 -0.00923113884133 0.0538862837886 0.0142004341564 0.0204214266135 0.00777818939859 0.0198777379078 -0.00641821213756 0.020354529823 0.0263718470906 0.236910215987 0.00235004446098 0.0177824737507 -0.0338448827531 0.0217797350984 0.0111276209465 0.0166036781804 0.00778195446063 0.00788849050319 -0.0185064649717 -0.00116365971951 0.0151134476174 0.0190507414321 0.0219411095014 
-0.00867830552416 0.0106099305412 0.0126119724767 -0.00248293401867 0.00807636547013 0.0160740088255 0.0249033308364 -0.0100500737675 0.0237915762825 0.0120822838968 0.0255509079528 0.027764492418 0.0267219680929 0.0197140384369 0.0165873006061 0.0159950564274 0.00235004446098 0.267508220074 0.0102982249147 -0.0146740214115 0.0259936202587 0.00770233124186 0.0125852419351 0.0380133603918 0.0154823704854 0.00841504719311 0.00198743376625 -0.00406512762315 0.0256136987956 -0.0021147233148 
0.0452310448653 0.0222072151042 0.010856133401 0.0401439082879 -0.00258172333619 -0.0190688589362 0.0143181822599 -0.0105497792874 0.0125631402572 0.0404110450496 0.0185344384632 0.000508333898498 0.0224352520099 -0.00054661460424 0.0209460386867 0.0145868499473 0.0177824737507 0.0102982249147 0.171221765599 -0.0117377695846 0.0309394119845 0.0473552008002 0.0251393810645 0.0407519431458 0.0178818081162 0.00375237714202 0.01606749108 0.00723275088088 0.0124984481546 0.00649284117621 
-0.000212038109805 0.000905747742501 -0.0180091281239 -0.00561995478103 0.00779968875083 -0.00433045729762 0.000568837346492 -0.024582758751 0.0338739004367 -0.00617579473084 0.004575624907 0.0256207087023 -0.0270742084448 -0.00317991322465 -0.0138682978466 -0.00644347637412 -0.0338448827531 -0.0146740214115 -0.0117377695846 2.71958337268 -0.031111125189 -0.0173467564616 -0.00888171663282 -0.0184307377585 -0.00070263019312 0.0127140680687 -0.0252145750936 0.00027677945176 0.000715191033661 0.0046480055148 
0.0101787023784 0.0156590315924 -0.0053771004608 0.0391638376669 0.0151448075297 -0.0230814181596 0.0298582002717 0.00950384972004 0.1045206963 0.0266560304313 0.0499807351122 -0.0029557188048 0.0173992074821 0.0668406921674 0.0523033057564 0.0419796667078 0.0217797350984 0.0259936202587 0.0309394119845 -0.031111125189 0.680620824796 0.0311350940738 0.0264856988347 0.035253912947 0.0226849611602 0.00746828278928 0.0172209094822 0.0182974669381 0.0377942930433 0.0370354397054 
0.0460344263093 0.00325298582803 0.00931922561982 0.0174449201166 0.029183237578 -0.0225303019284 0.0120715485026 0.00746286092329 -0.00203916599405 0.0461437486216 0.00869512510117 0.00686379159835 0.007089491208 0.0167580954116 0.0317236202046 0.014760386636 0.0111276209465 0.00770233124186 0.0473552008002 -0.0173467564616 0.0311350940738 0.189988753899 0.00289445581207 0.0168742409176 0.0185879550118 0.0161721657994 0.0191028111898 0.0215880572466 0.0227679795904 0.0103675951489 
0.00664196596309 0.0323655908929 0.00424799876807 0.00368783590929 0.00374713883901 -0.0175843040386 0.0123666188799 -0.00984735537562 0.016201144587 0.00419422784526 -0.00801959542073 0.00426428177491 0.0160909652397 0.0242092762051 0.026547507731 0.00533558437618 0.0166036781804 0.0125852419351 0.0251393810645 -0.00888171663282 0.0264856988347 0.00289445581207 0.246267116983 0.0249181015386 0.000798681031993 0.00447851769712 0.0183482761473 0.000271803254941 0.016126335197 0.0464232100964 
0.0239072036017 0.00514437779409 0.00834374278329 -0.00116480884881 -0.00886266832784 -0.0125167968565 0.0224198923923 0.000694500050076 0.0166908441731 0.0144926249886 0.0235535714571 0.0252280222138 0.0253328346259 0.0205321833791 0.0406953834414 0.0111179716488 0.00778195446063 0.0380133603918 0.0407519431458 -0.0184307377585 0.035253912947 0.0168742409176 0.0249181015386 0.245403128214 0.0247698546813 0.00647367378925 0.00215084900101 0.0116177004327 0.0282215111997 0.00654118825447 
0.0274995618487 0.0137884879328 0.0331734706967 0.0213021641296 -0.0155616776573 -0.0155547071891 0.0246291554662 0.00724960266371 -0.0256017040652 0.0287056827312 0.0279457032867 -0.00585287165027 0.0220834810058 0.040860706012 0.0201731025404 0.00188775053719 0.00788849050319 0.0154823704854 0.0178818081162 -0.00070263019312 0.0226849611602 0.0185879550118 0.000798681031993 0.0247698546813 0.301771000804 -0.00231862652559 0.0375986122539 0.00116326756662 0.00527846058312 0.00287261714517 
0.00142972794975 -0.00161465952519 0.00113336290726 0.00982769555272 0.00653047477702 0.0319509149007 0.0227040317744 -0.00408211234758 0.0184127727949 0.0193820132548 0.00421127090555 -0.0115687703393 0.0125332375064 0.0111560821734 0.0167942693541 0.00308535443355 -0.0185064649717 0.00841504719311 0.00375237714202 0.0127140680687 0.00746828278928 0.0161721657994 0.00447851769712 0.00647367378925 -0.00231862652559 0.308864308852 0.00658267156693 0.0108287838339 0.00976717879455 0.0129275398256 
0.0260475619226 0.00412383771257 0.0170360671522 0.00871877352007 0.00226979889657 0.00987524671309 0.00177371309255 0.00691876175964 0.00648025935753 0.0241160853306 0.0139876593334 0.00673590828761 0.0233117517192 0.0261401484922 0.0321262200061 0.0019192463521 -0.00116365971951 0.00198743376625 0.01606749108 -0.0252145750936 0.0172209094823 0.0191028111898 0.0183482761473 0.00215084900101 0.0375986122539 0.00658267156693 0.193863802318 0.00904278472695 0.0138101026666 0.00789280998606 
0.011901248438 0.0199336325731 0.00721307093012 0.031722706096 0.0400544457124 -0.0271518684903 -0.00403304111546 0.023792467708 0.150249908889 0.0352042459306 0.0488978067242 0.0113001518184 -0.00613683344445 0.00513318138948 0.0123886593194 0.0248599699695 0.0151134476174 -0.00406512762315 0.00723275088088 0.00027677945176 0.0182974669381 0.0215880572466 0.000271803254941 0.0116177004327 0.00116326756662 0.0108287838339 0.00904278472695 0.609575697684 0.0557096737676 0.00700611944541 
0.022860504305 0.0383302811912 0.00905193425572 0.0496719284486 0.0327106544503 -0.00229784249254 0.00631411768944 -0.00729830399329 0.0418606715591 0.0504508185712 0.0179337190801 0.0265075146739 0.0267400828636 0.0126383998106 0.0212092617098 0.0264103605919 0.0190507414321 0.0256136987956 0.0124984481546 0.000715191033661 0.0377942930433 0.0227679795904 0.016126335197 0.0282215111997 0.00527846058312 0.00976717879455 0.0138101026666 0.0557096737676 0.233070616506 0.0237051616743 
0.015564110535 0.0283097898359 0.0114516010248 0.0206077664816 -0.00143539975825 -0.021188538593 0.00482818987598 0.00785788564209 0.0413998404229 0.00479120343649 0.0156656767851 0.0140254592171 0.00673734256244 0.029991012298 0.0226651290909 0.0117833073921 0.0219411095014 -0.0021147233148 0.00649284117621 0.0046480055148 0.0370354397054 0.0103675951489 0.0464232100964 0.00654118825448 0.00287261714517 0.0129275398256 0.00789280998606 0.00700611944541 0.0237051616743 0.17959712582 
0.0165169673222 0.00126216188646 0.000652683902332 0.00314751066554 0.000683133436446 -0.000424964441367 0.00136453939991 0.000592612381603 0.00114774919321 0.00235320297616 0.000391514414393 -0.000152216060726 0.00184439438677 0.00108242338848 0.00144264527808 0.000262124275173 0.00149493315188 -0.000751563304572 0.00391712338931 -1.83630389662e-05 0.000881501483724 0.00398669826325 0.000575211125511 0.00207042456526 0.00238153191539 0.000123818072498 0.00225578503316 0.00103067834841 0.00197977774714 0.00134789151106 
0.00126216188646 0.0160807390167 0.00266267671243 0.00300880371715 0.000911050151501 0.000315616553125 0.00252411482763 0.000259281203078 -0.000475364247338 0.00191791366139 -0.000849129443924 5.98856806958e-05 0.00118178452237 0.00129388040298 0.00187960716495 0.00256637358254 0.000466723061451 0.000918846938104 0.00192320124275 7.84400554427e-05 0.00135611191577 0.000281716836523 0.00280294239218 0.000445516185635 0.00119411808296 -0.000139833616728 0.000357134822017 0.0017263032198 0.00331949972458 0.00245169971737 
0.000652683902332 0.00266267671243 0.0210953091288 0.00123918359699 -0.0015406235827 0.00280303299371 0.00238717071586 0.00138587015237 -0.000774474513133 0.00171184931244 0.00032040550653 0.00139617939248 0.000645509723494 0.000906310748908 0.00221971380155 0.000423952204715 0.000628985045444 0.00109222885567 0.000940168731218 -0.00155963624553 -0.000465670559775 0.000807068613036 0.000367887484839 0.000722589321298 0.0028729068355 9.81521069394e-05 0.00147536669344 0.000624670266479 0.000783920501884 0.000991737740151 
0.00314751066554 0.00300880371715 0.00123918359699 0.0226936056763 -0.00143263053033 -0.000560953941759 0.000236349735075 0.00183181632066 0.000648948007101 0.00321954534709 0.00182724584115 0.00261814702692 0.00147945560978 0.00316729802191 0.00262648662264 0.00104182862676 0.00138752827938 -0.000215028393609 0.00347656443845 -0.000486702360849 0.00339168783293 0.00151077439879 0.000319375958244 -0.000100875405362 0.00184482152918 0.000851103400931 0.000755067935823 0.00274726693559 0.00430171518914 0.00178468492884 
0.000683133436446 0.000911050151501 -0.0015406235827 -0.00143263053033 0.0420940441216 0.000517519890236 0.00108480444314 -0.000110534540621 -0.000878949736337 0.00141125265555 0.00337867542457 0.000536446145023 0.0020151676942 0.000884818743045 0.00152462637427 0.0017480206035 0.000237729381117 0.000699433766738 -0.000223583799468 0.000675472859983 0.00131157880562 0.00252734251072 0.000324511742609 -0.000767529591722 -0.00134768081767 0.000565555705568 0.000196570350591 0.00346881675214 0.00283282577284 -0.000124309265523 
-0.000424964441367 0.000315616553125 0.00280303299371 -0.000560953941759 0.000517519890236 0.0559254537389 1.29931850441e-06 0.00294889131863 -2.56188862341e-05 0.000972395737254 0.00229000948406 0.00305434125578 -0.000409140035497 8.94707882881e-05 -0.000262146419472 0.0012189670166 0.00190118728194 0.00139204999836 -0.00165141162599 -0.000375028602975 -0.00199890944816 -0.0019511813825 -0.00152284540053 -0.00108398640518 -0.00134707715742 0.00276703039782 0.000855221452218 -0.00235142078728 -0.000198998997243 -0.00183498126906 
0.00136453939991 0.00252411482763 0.00238717071586 0.000236349735075 0.00108480444314 1.29931850444e-06 0.02524405869 0.00085434066532 0.000917067653037 0.00167505670435 0.00864036848143 0.00198218957443 0.00115260058153 0.001141902239 0.000780777221183 0.00394884842577 0.00277267931885 0.00215669171432 0.00123999095731 4.92627592684e-05 0.00258579599466 0.00104542676663 0.00107098061089 0.00194161963618 0.00213294743075 0.0019662268285 0.000153608059718 -0.00034927160605 0.000546818632154 0.000418133508689 
0.000592612381603 0.000259281203078 0.00138587015237 0.00183181632066 -0.000110534540622 0.00294889131863 0.00085434066532 0.03269807212 -0.000374434640331 1.84256760117e-05 -0.000369944654426 -0.000474452599864 0.000812106190102 0.000908604810136 0.00151437060192 0.000796415301372 -0.000799440074245 -0.000870361919259 -0.00091363768672 -0.00212892935735 0.00082305752913 0.000646302714448 -0.000852805991538 6.01454686297e-05 0.000627834007412 -0.00035352129941 0.000599182344658 0.00206048814538 -0.000632051666273 0.000680512858608 
0.00114774919321 -0.000475364247337 -0.000774474513133 0.000648948007101 -0.000878949736337 -2.56188862341e-05 0.000917067653037 -0.000374434640331 0.0529212939142 0.000427264309001 0.00917057924631 0.0183186065895 -2.8166789542e-05 0.000204553187783 0.00359138790254 0.000900981922744 0.00466668906765 0.00206041094567 0.00108799986141 0.00293356583035 0.00905175782174 -0.000176596955338 0.00140306027827 0.00144546950645 -0.00221717261006 0.00159459289945 0.000561206922673 0.0130120238014 0.00362524049896 0.00358533135188 
0.00235320297616 0.00191791366139 0.00171184931244 0.00321954534709 0.00141125265555 0.000972395737254 0.00167505670435 1.84256760116e-05 0.000427264309001 0.0160308451018 0.00410493254262 0.000596960901515 0.000537545517091 0.00152381312491 0.00255901321489 0.00217704085642 0.00122979367242 0.00104635647903 0.00349969916065 -0.000534839512546 0.00230847995175 0.00399616585322 0.000363230786326 0.00125509814076 0.00248598504782 0.00167853158552 0.00208851425361 0.0030487771297 0.00436916905243 0.00041493038907 
0.000391514414393 -0.000849129443924 0.00032040550653 0.00182724584115 0.00337867542457 0.00229000948406 0.00864036848143 -0.000369944654426 0.00917057924631 0.00410493254262 0.0757061443143 0.00222715257343 -0.00167900605549 9.93047161771e-05 0.00212563634278 0.0023640761304 0.00176854742288 0.00221277353769 0.0016051294554 0.000396260740765 0.0043284586307 0.00075301992267 -0.000694517336242 0.00203979912317 0.00242016889729 0.000364706758642 0.00121136683222 0.00423467428125 0.00155310563077 0.00135668740634 
-0.000152216060726 5.98856806956e-05 0.00139617939248 0.00261814702692 0.000536446145023 0.00305434125578 0.00198218957443 -0.000474452599863 0.0183186065895 0.000596960901515 0.00222715257343 0.0364225868332 0.000247644855584 0.00215705451618 0.00325807636443 0.000910302580612 0.000673610961463 0.00240447557572 4.40230069703e-05 0.00221881845991 -0.00025597275714 0.000594421789045 0.000369297634596 0.00218481081244 -0.000506873553423 -0.00100188490044 0.000583346769463 0.000978621854138 0.00229561810988 0.00121464039818 
0.00184439438677 0.00118178452237 0.000645509723494 0.00147945560978 0.0020151676942 -0.000409140035497 0.00115260058153 0.000812106190102 -2.8166789542e-05 0.000537545517091 -0.00167900605549 0.000247644855584 0.0141672316409 0.00296540458957 0.000355403182746 0.00202693296991 0.00172146259979 0.00231419032076 0.00194294981809 -0.00234469523006 0.00150681556852 0.000613967948603 0.0013935184669 0.00219388783359 0.0019124855555 0.00108541020722 0.00201885691955 -0.000531465366168 0.00231575910591 0.000583470981307 
0.00108242338848 0.00129388040298 0.000906310748908 0.00316729802191 0.000884818743045 8.9470788288e-05 0.001141902239 0.000908604810136 0.000204553187783 0.00152381312491 9.9304716177e-05 0.00215705451618 0.00296540458957 0.0229210450875 0.00142032250041 0.00320805943113 -0.000555833475801 0.00170728580976 -4.73382133352e-05 -0.000275388563438 0.00578857374235 0.00145129363455 0.00209658482009 0.00177813924014 0.00353864094229 0.000966145056887 0.00226380326529 0.000444546548552 0.00109451752992 0.00259729785353 
0.00144264527808 0.00187960716495 0.00221971380155 0.00262648662264 0.00152462637427 -0.000262146419472 0.000780777221183 0.00151437060192 0.00359138790254 0.00255901321489 0.00212563634278 0.00325807636443 0.000355403182746 0.00142032250041 0.0159980690662 0.000697471419238 0.00176275399088 0.00143650237051 0.00181398016113 -0.00120102982424 0.00452959914869 0.00274734609972 0.00229908161022 0.0035243235877 0.00174704192732 0.00145442638987 0.00278221226528 0.00107288936894 0.00183677594362 0.00196285775728 
0.000262124275173 0.00256637358254 0.000423952204715 0.00104182862676 0.0017480206035 0.0012189670166 0.00394884842577 0.000796415301372 0.000900981922744 0.00217704085642 0.0023640761304 0.000910302580612 0.00202693296991 0.00320805943113 0.000697471419238 0.0186220671644 0.00228386895252 0.00138521252011 0.00126325826156 -0.000558021422868 0.00363554578113 0.00127828697964 0.000462075161381 0.000962844588642 0.000163483992121 0.000267199531914 0.000166211609704 0.00215293655309 0.00228720431957 0.00102046435421 
0.00149493315188 0.000466723061452 0.000628985045444 0.00138752827938 0.000237729381117 0.00190118728194 0.00277267931885 -0.000799440074245 0.00466668906765 0.00122979367242 0.00176854742288 0.000673610961463 0.00172146259979 -0.000555833475801 0.00176275399088 0.00228386895252 0.020517026546 0.000203519820323 0.00154000740102 -0.00293105282523 0.00188618038829 0.000963680242333 0.00143792071005 0.0006739370254 0.000683163317327 -0.00160270687997 -0.000100775887846 0.00130886295754 0.00164984260411 0.00190015582155 
-0.000751563304573 0.000918846938104 0.00109222885567 -0.000215028393609 0.000699433766738 0.00139204999836 0.00215669171432 -0.000870361919259 0.00206041094567 0.00104635647903 0.00221277353769 0.00240447557572 0.00231419032076 0.00170728580976 0.00143650237051 0.00138521252011 0.000203519820323 0.0231668914305 0.000891852439005 -0.0012708075318 0.00225111354804 0.000667041452381 0.00108991392286 0.00329205357825 0.00134081261512 0.000728764464328 0.000172116812991 -0.000352050379128 0.00221821138418 -0.000183140411259 
0.00391712338931 0.00192320124275 0.000940168731217 0.00347656443845 -0.000223583799468 -0.00165141162599 0.00123999095731 -0.00091363768672 0.00108799986141 0.00349969916065 0.0016051294554 4.40230069704e-05 0.00194294981809 -4.73382133351e-05 0.00181398016113 0.00126325826156 0.00154000740102 0.000891852439005 0.0148282398689 -0.00101652066441 0.00267943167567 0.00410108068943 0.00217713426372 0.00352922180178 0.00154861000943 0.000324965392957 0.00139148554503 0.000626374600209 0.00108239736098 0.000562296540134 
-1.83630389662e-05 7.84400554426e-05 -0.00155963624553 -0.000486702360849 0.000675472859983 -0.000375028602975 4.92627592684e-05 -0.00212892935735 0.00293356583035 -0.000534839512546 0.000396260740765 0.00221881845991 -0.00234469523006 -0.000275388563438 -0.00120102982424 -0.000558021422868 -0.00293105282523 -0.0012708075318 -0.00101652066441 0.235522828845 -0.0026943024754 -0.0015022731769 -0.000769179223324 -0.00159614871093 -6.08495596708e-05 0.0011010705933 -0.00218364625767 2.3969803647e-05 6.19373603709e-05 0.000402529085275 
0.000881501483724 0.00135611191577 -0.000465670559775 0.00339168783293 0.00131157880562 -0.00199890944816 0.00258579599466 0.00082305752913 0.00905175782174 0.00230847995175 0.0043284586307 -0.00025597275714 0.00150681556852 0.00578857374235 0.00452959914869 0.00363554578113 0.00188618038829 0.00225111354804 0.00267943167567 -0.0026943024754 0.0589434924618 0.00269637824171 0.00229372880278 0.00305307841949 0.00196457526486 0.000646772261816 0.00149137450879 0.00158460711933 0.00327308178935 0.00320736316252 
0.00398669826325 0.000281716836523 0.000807068613036 0.00151077439879 0.00252734251072 -0.0019511813825 0.00104542676663 0.000646302714448 -0.000176596955338 0.00399616585322 0.00075301992267 0.000594421789045 0.000613967948603 0.00145129363455 0.00274734609972 0.00127828697964 0.000963680242333 0.000667041452381 0.00410108068943 -0.0015022731769 0.00269637824171 0.016453508731 0.000250667226338 0.00146135213042 0.00160976412446 0.00140055064165 0.0016543519774 0.00186958059939 0.00197176487182 0.00089786007751 
0.000575211125511 0.00280294239218 0.000367887484839 0.000319375958244 0.000324511742609 -0.00152284540053 0.00107098061089 -0.000852805991538 0.00140306027827 0.000363230786326 -0.000694517336242 0.000369297634597 0.0013935184669 0.00209658482009 0.00229908161022 0.000462075161381 0.00143792071005 0.00108991392286 0.00217713426372 -0.000769179223324 0.00229372880278 0.000250667226338 0.0213273579424 0.00215797089465 6.91678063226e-05 0.000387851009701 0.00158900732592 2.3538852361e-05 0.00139658159506 0.00402036792687 
0.00207042456526 0.000445516185634 0.000722589321297 -0.000100875405362 -0.000767529591722 -0.00108398640518 0.00194161963618 6.01454686296e-05 0.00144546950645 0.00125509814076 0.00203979912317 0.00218481081244 0.00219388783359 0.00177813924014 0.0035243235877 0.000962844588642 0.0006739370254 0.00329205357825 0.00352922180178 -0.00159614871093 0.00305307841949 0.00146135213042 0.00215797089465 0.0212525343201 0.0021451323402 0.00056063659573 0.000186268987458 0.00100612237083 0.00244405456321 0.000566483519931 
0.00238153191539 0.00119411808296 0.0028729068355 0.00184482152918 -0.00134768081767 -0.00134707715742 0.00213294743075 0.000627834007412 -0.00221717261006 0.00248598504782 0.00242016889729 -0.000506873553423 0.0019124855555 0.00353864094229 0.00174704192732 0.000163483992121 0.000683163317327 0.00134081261512 0.00154861000943 -6.08495596708e-05 0.00196457526486 0.00160976412446 6.91678063227e-05 0.0021451323402 0.0261341352822 -0.000200798947305 0.00325613533589 0.000100741926409 0.000457128095786 0.000248775942306 
0.000123818072498 -0.000139833616728 9.81521069394e-05 0.000851103400931 0.000565555705568 0.00276703039782 0.0019662268285 -0.000353521299411 0.00159459289945 0.00167853158552 0.000364706758642 -0.00100188490044 0.00108541020722 0.000966145056887 0.00145442638987 0.000267199531914 -0.00160270687997 0.000728764464328 0.000324965392957 0.0011010705933 0.000646772261816 0.00140055064165 0.000387851009701 0.00056063659573 -0.000200798947305 0.0267484337789 0.000570076080173 0.000937800189222 0.000845862495938 0.00111955778974 
0.00225578503316 0.000357134822017 0.00147536669344 0.000755067935823 0.000196570350591 0.000855221452218 0.000153608059718 0.000599182344658 0.000561206922673 0.00208851425361 0.00121136683222 0.000583346769463 0.00201885691955 0.00226380326529 0.00278221226528 0.000166211609704 -0.000100775887846 0.000172116812991 0.00139148554503 -0.00218364625767 0.00149137450879 0.0016543519774 0.00158900732592 0.000186268987458 0.00325613533589 0.000570076080173 0.0167890977681 0.000783128129449 0.00119598997382 0.000683537395517 
0.00103067834841 0.0017263032198 0.000624670266479 0.00274726693559 0.00346881675214 -0.00235142078728 -0.00034927160605 0.00206048814538 0.0130120238014 0.0030487771297 0.00423467428125 0.000978621854138 -0.000531465366168 0.000444546548552 0.00107288936894 0.00215293655309 0.00130886295754 -0.000352050379128 0.000626374600209 2.3969803647e-05 0.00158460711933 0.00186958059939 2.3538852361e-05 0.00100612237083 0.000100741926409 0.000937800189222 0.000783128129449 0.0527908039724 0.00482459927193 0.000606747742167 
0.00197977774714 0.00331949972458 0.000783920501884 0.00430171518914 0.00283282577284 -0.000198998997243 0.000546818632154 -0.000632051666273 0.00362524049896 0.00436916905243 0.00155310563077 0.00229561810988 0.00231575910591 0.00109451752992 0.00183677594362 0.00228720431957 0.00164984260411 0.00221821138418 0.00108239736098 6.19373603709e-05 0.00327308178935 0.00197176487182 0.00139658159506 0.00244405456321 0.000457128095786 0.000845862495938 0.00119598997382 0.00482459927193 0.020184507477 0.00205292722107 
0.00134789151106 0.00245169971737 0.000991737740151 0.00178468492884 -0.000124309265523 -0.00183498126906 0.000418133508689 0.000680512858608 0.00358533135188 0.00041493038907 0.00135668740634 0.00121464039818 0.000583470981307 0.00259729785353 0.00196285775728 0.00102046435421 0.00190015582155 -0.000183140411259 0.000562296540134 0.000402529085275 0.00320736316252 0.00089786007751 0.00402036792687 0.000566483519931 0.000248775942306 0.00111955778974 0.000683537395517 0.000606747742167 0.00205292722107 0.0155535673407 

['USB', 'CCU', 'HCA', 'WAG', 'PFE', 'DYN', 'A', 'FRX', 'NOV', 'ASO', 'AMD', 'DVN', 'KMB', 'BA', 'DHR', 'TWX', 'RX', 'TIN', 'CBSS', 'PTV', 'VMC', 'MI', 'CCE', 'IP', 'FDC', 'ABI', 'GD', 'DJ', 'MAS', 'PBG']