50
0.087070388143 0.0601344650096 0.072987431854 0.0917148498368 -0.00139328324831 0.070293401022 0.0161964684659 0.0181340887913 0.123331646141 0.100220943784 0.0637259516476 0.0170349265424 0.0716337087719 0.0142076594304 0.0324129219316 0.0217130314185 0.0373342989671 0.151795006465 0.00194148072761 0.191301962015 0.0392369654355 0.105790500039 0.0242911243805 0.0166595463284 0.0966324757555 0.124759587163 0.0940944116816 0.0430779984078 0.0170913584406 0.0331605059077 0.00388664565626 -0.0148687542544 0.190895055806 0.13588321519 0.0372282541949 0.0695206157777 0.0625636206577 0.0270606760034 0.143828325424 0.0766259396051 0.101801748802 0.00477989818121 0.0203567883068 0.0756818342608 0.0423549004831 0.0678116165217 0.0147816990943 0.114977551813 0.088181568025 0.022553065058 
0.608012648161 -0.00882733340011 0.0535344693683 0.0145386527793 0.0114117474246 0.007861067013 0.0128489147842 -0.00492398160518 0.0247562961848 -0.0130097633028 0.0197585598792 0.010734504559 0.000347537620147 -0.0041447859199 0.0161151486298 0.0282189621881 0.0107250901314 0.0104065800887 0.023107989116 0.0471612272227 0.0209355588628 0.0103636939995 0.022512747677 0.0418055849687 0.0175288911308 0.0194627154719 0.0272126876125 0.00127651745399 0.0150486962888 0.00589658789329 0.00428261813194 0.0133127947206 0.0382754215967 -0.000190413688435 0.0253594260297 0.0162839335932 0.0184073960504 0.00776100617818 0.0432217466556 -0.00398346728848 0.0211571457195 0.00879028414741 0.0330640469765 0.0104108282797 0.0493783422224 0.00143123436884 0.0290508426883 0.0975748172036 0.014968175056 0.0185678701147 
-0.00882733340011 0.273754614103 0.00560292327084 0.0233044150302 0.0218713939099 0.00429362996001 0.0062565800745 0.0190674077633 0.0330088421249 -0.0161337120706 -0.000121773727808 0.0222051748859 0.015706874328 -0.0032591066176 0.00552203823432 0.00451049303376 -0.0222928368341 -0.0372915222254 0.0182202295965 0.00255418123377 0.0149956995318 0.00320816755032 0.010510568439 0.00672184921809 0.0578583031688 0.0239180108321 0.0205227168365 0.0451538846173 0.022036477442 0.0122721349517 0.000177452077203 0.00218404852254 -0.0043063550802 -0.00750656192301 0.0113533777505 0.00854260590036 0.0416743429658 -0.028465982046 0.0496216728836 0.0177072676799 0.00498246658481 0.00289103332639 0.00227267605492 0.0252404804815 -0.00957776516639 -0.0114459759218 0.0392581789201 0.00843509844066 -0.0151383220438 0.00513150105181 
0.0535344693683 0.00560292327084 0.464717635315 -0.000878532705218 -0.00248877732369 0.00192392707123 -0.0079336179872 0.0118877815219 0.023269836862 0.0653199529644 0.00790038945911 0.00718880379345 -0.0056548238371 0.00128147171416 0.108809740051 0.000991317887801 0.0116927500214 0.020364817313 0.00818270926009 0.0347889501614 0.0146238654003 -0.0134231217797 0.0108135722333 -0.00714141598102 0.00375691800388 7.71230003177e-05 0.0196412648517 0.00836994444471 0.0113037833953 -0.0160236220608 -0.0158842242505 0.0131648401439 0.0144984890179 -0.0185099076066 0.0125250579976 0.0267775442414 -0.00164058569497 0.00848850661972 0.00917786029524 -0.0164618320407 0.0413203695804 0.0149943652644 0.007507808958 -0.0121164120707 0.0227235175386 -0.019154096312 0.0110850277169 -0.00392194528305 0.0139748566941 -0.00577426021358 
0.0145386527793 0.0233044150302 -0.000878532705218 0.171617436831 0.00171196965381 0.0234378158743 0.0196872938729 0.0319369086996 0.0384410656534 0.0372991518822 0.0188066405616 0.0275325358904 0.0150892364624 0.00625737615804 0.00944353675582 0.0266720787305 0.0391899060856 0.0276527717247 0.025406886898 0.0364849727797 0.0359184253086 0.00527347836757 0.0619009943076 0.00331834824597 0.0171149226517 -0.00147430126841 0.0155728489404 0.0224945533387 0.0452505553136 0.0146058309597 0.0272794356902 0.00444783835816 0.0227852206295 0.00956144059261 0.014429189662 0.0224661029383 0.0169228893354 0.0280182816296 0.0173627434478 0.0230946153896 0.00700353275243 0.0230361051963 0.0249805130017 0.00787283310467 0.00317824907574 0.00319118341151 0.0109679745634 0.020169259958 0.0220855835196 0.00906149207174 
0.0114117474246 0.0218713939099 -0.00248877732369 0.00171196965381 0.35363546735 -0.0136024816711 0.00848715310544 0.00591099903558 0.0491342431811 0.026978053386 0.0132935361314 0.010835673417 0.016244816688 0.00498270490029 -0.0118625086353 -0.0248572053895 -0.00731576521121 0.0352395288811 0.0160880347596 -0.00209639036401 0.00387916664218 0.00795467286897 0.0187387436065 0.0313073171293 0.0454588133041 -0.00333111144369 0.0183016792757 0.0141190237582 0.0011050576627 0.00263291519719 0.00374380089763 0.00664123802622 0.0365384951359 0.00557094040845 0.0370869829705 -0.0100088115307 0.0352958116559 0.00879893030245 0.0181988710029 0.0285657498742 0.0199759868283 0.0134322168171 0.0026670722707 0.0206137439598 0.0151479001265 0.0391106953572 0.0199182563102 0.00284092133905 0.00676390644069 0.0186791636848 
0.007861067013 0.00429362996001 0.00192392707122 0.0234378158743 -0.0136024816711 0.310961550686 -0.00488523680446 -0.0108014909606 0.0226331453156 0.108069134242 0.00813222115646 -0.000240343419629 0.0175449397194 0.000705151374571 0.00529171629834 0.0326596030321 -0.00438178615279 0.0415907312001 -0.00876334958921 0.0171503275562 0.00877338069014 -0.00713842030673 0.0290579723514 0.0107190056148 0.0129955941926 0.0393686317306 0.00027421951019 -0.00154777168824 -0.00356450534874 0.02070724326 0.00310468589041 0.00988484221114 0.0269614190233 0.0266801596248 0.0250128853477 -0.0125844189049 0.0723459271877 0.0224915066514 0.00440297021931 0.00795493382154 0.0156103218493 0.0125160629355 -0.000451596961643 0.0136224576226 0.0151327699492 -0.00551011533263 0.0108068175394 0.0170398104002 0.023425774732 0.00394705035863 
0.0128489147842 0.0062565800745 -0.0079336179872 0.0196872938729 0.00848715310544 -0.00488523680446 0.170888462105 0.0186341709862 0.0161488904808 -0.00663170265827 0.00341435147042 0.0119057368234 0.013178397921 -0.0014997692345 0.0063678876239 0.0197783083905 0.0235146652993 0.0048660818267 0.0307684866529 0.00313266158999 0.019900067415 0.0208578322646 0.00605556044945 0.0154131526655 0.00504501005703 0.0298482017245 0.0116997218547 0.0136570662307 0.00787174918028 0.00483367941122 -0.00386229874392 0.00347701018719 -0.000137732041939 0.0211993121385 0.0274916309337 -0.00404468707132 0.0327889585779 0.0160753150962 -0.000886993589699 0.00786306479085 0.0078691955788 0.00542811065944 0.0364733888837 0.0107267079208 0.00443935233485 0.00932121688759 0.030974747741 0.00648968318103 0.0138811695236 0.0305262898501 
-0.00492398160518 0.0190674077633 0.0118877815219 0.0319369086996 0.00591099903558 -0.0108014909606 0.0186341709862 0.278500502036 0.0238857563065 -0.0235659169988 0.0230226617923 0.00713984914439 0.0144891219509 0.0129101144315 0.0143317066462 -0.00435171139587 0.0416639758605 0.0398804321421 0.0167930601495 0.0494002549924 0.00765046125892 0.00943109074916 0.0379823893054 0.0294997725126 0.030265934633 0.0318599402541 0.0318084251247 -0.000267215019294 0.0394260261283 0.0140316254832 0.0381356377848 0.0260319843396 -0.00470162334856 0.0463603606677 0.0182128384525 -0.00870031072481 0.00971467911472 0.0171295947201 -0.00462820499675 0.00153915338598 0.0348051303468 0.0180246293169 0.0178218732355 0.0212223258846 0.0195148968635 0.0143818574391 0.00117834235933 0.0198954730048 0.00588686893789 0.0178581620273 
0.0247562961848 0.0330088421249 0.023269836862 0.0384410656534 0.0491342431811 0.0226331453156 0.0161488904808 0.0238857563065 0.436058876644 0.0157969091795 -0.0163580692299 0.0235993272895 0.0154871036229 -0.00184595210499 0.0301296657519 0.0181614539285 0.00270317516802 0.0056846232156 0.0120219505222 0.0384443076522 0.0267486405996 0.00275333157053 0.0550077461466 0.0446041365653 0.0469904880552 0.035475178517 0.0697446697749 0.0934242135741 0.0406812552353 0.014612475331 0.0101010813376 -0.000186510684294 0.020221856666 -0.00889670087061 0.0235126424454 0.0117321574339 0.0848781979383 0.0195808760147 0.0270628858217 0.0438481002608 -0.00013767167117 0.00580154928259 0.00926273296925 0.0116615262171 -0.0231663711579 0.0295696149131 0.018052290933 -0.00800845280575 0.0236274629298 0.0258487440797 
-0.0130097633028 -0.0161337120706 0.0653199529644 0.0372991518822 0.026978053386 0.108069134242 -0.00663170265827 -0.0235659169988 0.0157969091795 1.10324020841 -0.00224223940829 0.00614474098756 0.00851912450368 0.0271455424571 0.046975877277 -0.00522064392085 0.00933105948651 0.0680313105772 0.0328588440505 0.0340038049075 0.0188127425268 -0.0133998698325 0.0105136281344 -0.0112843661467 -0.00945278133559 -0.00574372295436 -0.0359537664764 0.052354221775 0.00787987271246 0.018534235374 0.00389492364315 0.0127269329837 0.0273366222507 -0.00370249096471 0.015230642812 0.0326374620442 -0.00654414843351 -0.0156796813096 0.0222156238127 -0.000582224806854 0.0265170385709 0.00587493406882 0.0198893455639 0.0672543881522 0.0125559134734 0.00381739403863 -0.0145762362298 0.0328783121846 0.00496369860899 -0.00458910059205 
0.0197585598792 -0.000121773727808 0.00790038945911 0.0188066405616 0.0132935361314 0.00813222115646 0.00341435147042 0.0230226617923 -0.0163580692299 -0.00224223940829 0.193642843694 -0.00266124836789 0.0125403726975 0.019994269255 0.00761344436694 0.00698986500265 0.0119461982348 0.0218364046726 0.0030588827903 0.0379832728142 0.0139962593613 -0.00381146070363 0.0368573574062 0.00473265289063 0.00445216941184 0.00746697694615 0.018412766034 0.005334221767 0.00876321663831 0.0174086330784 0.0117313343352 0.0187593957499 0.0219788176963 0.00675751594183 0.0198894595597 -0.00491685275573 0.0259022785483 0.0189236961529 0.0125635416865 0.0142055653566 0.00897253472229 0.0379496466514 0.00749719398367 0.0101062905652 0.0120480344997 -0.00133566982969 0.00826719899324 0.0178863873231 0.0387706225439 0.00159686443988 
0.010734504559 0.0222051748859 0.00718880379345 0.0275325358904 0.010835673417 -0.000240343419629 0.0119057368234 0.00713984914439 0.0235993272895 0.00614474098756 -0.00266124836789 0.184777900938 0.0168552618481 0.00906273681593 0.012422983848 -0.0146191761996 0.00840762854306 -0.00431116871562 0.0333786176588 -0.00423753831646 0.0452928362459 0.0311140784802 0.0346976395507 0.0147375448876 -0.00648306962956 0.00314998161112 0.0214508867129 -0.00835013149807 0.0367919377124 0.0126333919602 0.0148555563034 0.0149082466583 0.00081352766889 0.00469310635352 0.0213747055979 0.0257451185391 0.0221977733528 0.005315986779 0.0212669327816 0.0215805176819 0.0153227598871 0.0142337725106 0.0450447777708 0.011650849359 0.00493155207364 0.0181034529001 0.0383222538312 0.0126252446488 0.008048523724 0.0329894130776 
0.000347537620147 0.015706874328 -0.0056548238371 0.0150892364624 0.016244816688 0.0175449397194 0.013178397921 0.0144891219509 0.0154871036229 0.00851912450368 0.0125403726975 0.0168552618481 0.177140256442 -0.00626262024147 -0.00693858531421 -0.0047773117945 0.0162878289459 0.00974161826586 0.0183680914924 0.0147384217755 0.0205416750426 -0.0109368266588 0.034504987723 0.00884440385744 0.0178374967818 -0.000683229038997 0.0113505382053 0.00499457459425 0.00675459151333 0.00346896815979 0.0154331681357 0.00929933647959 -0.0059951458178 0.00657590598546 0.00607770492542 0.0319275093166 0.0281058574347 0.00394954777602 0.0141530935441 0.0158994429297 0.00319491430169 0.00242056430404 -0.0064705107656 0.0256956233444 0.0026397348686 0.00373732387547 0.0119652137442 -0.0100352218337 0.0133494984451 0.00433812090614 
-0.0041447859199 -0.0032591066176 0.00128147171416 0.00625737615804 0.00498270490029 0.000705151374571 -0.0014997692345 0.0129101144315 -0.00184595210499 0.0271455424571 0.019994269255 0.00906273681593 -0.00626262024147 0.123317188937 0.000962304042491 0.00801563433918 -0.00205676207152 -0.00817623819792 0.0120701682745 0.00759545011056 0.0200119000915 0.00736651839342 0.0129561143758 0.00119683544016 0.0143319028157 -0.0118863389115 0.000122054067694 0.0154197507654 0.0124578412897 -0.00722270030876 0.0082750845311 0.0189890078079 0.00587175054154 0.0175784684338 0.0113740018846 -0.00284280320168 0.0144154387196 -0.00305867877751 0.00904702796822 0.0214669967902 0.0139069114632 0.0169239452099 0.0133243174241 0.00842068011031 0.0151703950755 -0.00238794741048 0.00104491652936 0.00302666123438 0.0120954718879 0.0125472890607 
0.0161151486298 0.00552203823432 0.108809740051 0.00944353675582 -0.0118625086353 0.00529171629834 0.0063678876239 0.0143317066462 0.0301296657519 0.046975877277 0.00761344436694 0.012422983848 -0.00693858531421 0.000962304042491 0.264198363127 0.00748012306611 0.0086976270811 -0.00674294685683 -0.00122629278028 0.015043577123 0.0142956455151 0.000747169952792 0.0176840046834 -0.00616864865851 0.0103908609058 0.00270899859917 0.0138055418806 0.0115883412493 0.0178004778158 -0.00120835675413 0.0077933544096 0.00192458819022 0.00375291072987 -0.00941334491373 0.00460637033664 0.0115916767702 0.0200471960268 0.00147472912265 0.00376584698437 0.025287909615 0.000978195881481 0.014806033564 0.0121944686464 0.0249697024203 0.00126376712941 -0.0051732656685 0.0105105107278 -0.00328667269144 0.0148968769793 -0.00955805690064 
0.0282189621881 0.00451049303376 0.000991317887801 0.0266720787305 -0.0248572053895 0.0326596030321 0.0197783083905 -0.00435171139587 0.0181614539285 -0.00522064392085 0.00698986500265 -0.0146191761996 -0.0047773117945 0.00801563433918 0.00748012306611 0.255739475636 0.0141573401907 0.039204214507 0.00779592227204 0.0525854298826 0.00682874606575 0.025653750765 -0.000402894056134 0.00299860458905 0.0229578133207 0.0168985928847 0.0120836683965 0.0117239388436 0.0108832227 0.0109669907027 0.0158487228665 0.00776074327684 0.0589206148927 0.00374110081609 0.00703963925606 -0.0177682405737 0.026878871686 -0.00744816741665 -0.0210383339846 0.0177938650982 0.0126057229811 0.0110190577256 0.0237061836899 0.0231106946277 0.0168095810596 -0.0165954901403 0.0144333986226 -0.0109188843255 0.0461410371609 0.0177219603739 
0.0107250901314 -0.0222928368341 0.0116927500214 0.0391899060856 -0.00731576521121 -0.00438178615279 0.0235146652993 0.0416639758605 0.00270317516802 0.00933105948651 0.0119461982348 0.00840762854306 0.0162878289459 -0.00205676207152 0.0086976270811 0.0141573401907 0.248137799569 0.0573477698058 0.00303686373164 0.0350544720612 0.0180374709778 0.0015219751711 0.0217710506519 0.0304089061289 0.00402788761202 0.0104379624736 0.035313532432 -0.00198500978834 0.0353906001092 0.0408502027433 0.0430553935878 0.0358610402002 0.0237940008453 -0.0151103884815 0.017690831282 0.0103534115766 0.00233885781894 0.0405423549543 0.0122309527426 0.00724876180638 0.0251074687331 0.00556175225501 0.00786636276355 0.012243636346 0.0259904035854 0.0155876358107 0.00676983039193 0.048224636737 -0.00686732487651 -0.0132462448476 
0.0104065800887 -0.0372915222254 0.020364817313 0.0276527717247 0.0352395288811 0.0415907312001 0.0048660818267 0.0398804321421 0.0056846232156 0.0680313105772 0.0218364046726 -0.00431116871562 0.00974161826586 -0.00817623819792 -0.00674294685683 0.039204214507 0.0573477698058 0.467040996953 0.016545842562 0.0741591750658 0.023836736422 0.0187287352127 0.0399741171519 0.0531758503618 0.0212513209393 0.00634069658958 0.0255201455734 -0.00659345610249 0.0133987258755 0.0334326632802 0.0262984804575 0.0386135416032 0.0905926558507 0.00230359227504 0.0353265993601 -0.0290775090546 0.0231193354002 0.103600146072 -0.0127135943341 0.0174504003989 0.0350652401158 0.0222537978437 -0.0140638627758 0.0238075808153 -0.00867459300497 -0.00471513146363 0.0145874702989 0.0109610107345 0.0249838906304 -0.00476624815228 
0.023107989116 0.0182202295965 0.00818270926009 0.025406886898 0.0160880347596 -0.00876334958921 0.0307684866529 0.0167930601495 0.0120219505222 0.0328588440505 0.0030588827903 0.0333786176588 0.0183680914924 0.0120701682745 -0.00122629278028 0.00779592227204 0.00303686373164 0.016545842562 0.212218647613 0.0310090433155 0.0406211707923 0.00194233298397 0.0292998686445 0.0235217309653 0.0244569765255 0.0233320386916 0.0454086717769 0.0236246477464 0.0188365337822 0.0209389982058 0.0106828198768 0.0151694906134 0.0133920212481 0.0037695702103 0.0254688805811 0.0170111537291 0.00412578068476 0.0273051889586 -0.00678400814978 0.0282666418887 0.0122984467781 0.01453051894 0.0143494836209 0.011040753322 0.00566068006736 0.0111932356882 0.0345345328768 0.0231367236994 0.0291553843475 0.0320830534192 
0.0471612272227 0.00255418123377 0.0347889501614 0.0364849727797 -0.00209639036401 0.0171503275562 0.00313266158999 0.0494002549924 0.0384443076522 0.0340038049075 0.0379832728142 -0.00423753831646 0.0147384217755 0.00759545011056 0.015043577123 0.0525854298826 0.0350544720612 0.0741591750658 0.0310090433155 0.426068839949 0.00500328453659 -0.0138080490562 0.0214533610199 0.028697959236 0.0270152796079 0.0487478000001 0.0900484358337 0.0271573559222 0.020150656358 0.00314130392762 0.0289608210796 0.0196133875345 0.0107243278334 0.0117598875173 0.0114600567721 0.0920786821391 0.0043903032957 0.0477869999098 0.006082297598 -0.00883423478363 0.0123487275561 -0.00141359126257 0.0148871966984 0.00806714217787 -0.0034869462321 0.0137373762189 0.00717329455436 0.00875554699114 0.0885088554689 0.0138614715585 
0.0209355588628 0.0149956995318 0.0146238654003 0.0359184253086 0.00387916664218 0.00877338069014 0.019900067415 0.00765046125892 0.0267486405996 0.0188127425268 0.0139962593613 0.0452928362459 0.0205416750426 0.0200119000915 0.0142956455151 0.00682874606575 0.0180374709778 0.023836736422 0.0406211707923 0.00500328453659 0.15400075705 0.0155699342359 0.027612865576 0.0286528039039 0.0202857761922 0.0108762325318 0.0309791604869 0.030011543158 0.0490807632878 0.0283060301336 0.0104152526482 0.0156997907973 0.0138636415763 0.0190217439059 0.0244960167456 0.0148568799407 0.0279808223158 -0.00346167486182 0.0269408656703 0.0472697638091 0.00980390831721 0.0154149850122 0.0438190924507 0.0176762695038 0.00369496263089 0.00942771654547 0.0457607678327 0.00930410292614 0.012307240357 0.0342062273271 
0.0103636939995 0.00320816755032 -0.0134231217797 0.00527347836757 0.00795467286897 -0.00713842030673 0.0208578322646 0.00943109074916 0.00275333157053 -0.0133998698325 -0.00381146070363 0.0311140784802 -0.0109368266588 0.00736651839342 0.000747169952791 0.025653750765 0.0015219751711 0.0187287352127 0.00194233298397 -0.0138080490562 0.0155699342359 0.544179671146 0.0217876322108 0.0280618625999 0.00636834931927 0.0146673471462 0.016333066237 0.0124353241669 -0.001730522949 0.0119919390786 0.00996385649394 0.0167708245378 0.0361692838342 0.00402876604921 0.0200139465596 -0.0145701448998 0.0330383150354 0.00153212618404 0.0246258303889 0.0326366216331 -0.000979289078375 0.0219117707633 0.0175514864255 0.0167107755227 0.0348759335565 -0.00988101180161 0.0379220778066 -0.0392745452413 0.00452260143091 -0.000637462408711 
0.022512747677 0.010510568439 0.0108135722333 0.0619009943076 0.0187387436065 0.0290579723514 0.00605556044945 0.0379823893054 0.0550077461466 0.0105136281344 0.0368573574062 0.0346976395507 0.034504987723 0.0129561143758 0.0176840046834 -0.000402894056134 0.0217710506519 0.0399741171519 0.0292998686445 0.0214533610199 0.027612865576 0.0217876322108 0.225237574575 0.0326029830206 0.00500958687844 0.0220075315732 0.0282659078007 0.0139496265146 0.0305254486862 0.0239720746814 0.0295750073841 0.0221341120556 0.0335542245902 0.0110209708676 0.0145625220028 0.00906356826108 0.0412731231748 0.0305844842134 0.00855930058992 0.0153784364972 0.007034761412 0.0188666322688 0.0213061183003 0.04015311969 0.0191172753219 -0.00987555124221 0.0180581059908 -0.0126973407091 0.00597242892631 0.00807328458948 
0.0418055849687 0.00672184921809 -0.00714141598102 0.00331834824597 0.0313073171293 0.0107190056148 0.0154131526655 0.0294997725126 0.0446041365653 -0.0112843661467 0.00473265289063 0.0147375448876 0.00884440385744 0.00119683544016 -0.00616864865851 0.00299860458905 0.0304089061289 0.0531758503618 0.0235217309653 0.028697959236 0.0286528039039 0.0280618625999 0.0326029830206 0.191394220078 0.0131397141236 0.0112972993065 0.0215262637582 0.014060557953 0.00259390754374 0.0185405204825 0.0224610980803 0.0193730612237 0.0204387292864 -0.00866350212972 0.0303508641365 -0.000195255360151 0.0273060841784 0.0266919852723 0.0119755544202 0.0176015470816 0.045311273095 0.0183685200588 0.00625677648592 0.0142928365949 -0.00032446450682 0.0234384885216 0.0265325240777 0.0100439413919 0.0145489641399 0.0166317577025 
0.0175288911308 0.0578583031688 0.00375691800388 0.0171149226517 0.0454588133041 0.0129955941926 0.00504501005703 0.030265934633 0.0469904880552 -0.00945278133559 0.00445216941184 -0.00648306962956 0.0178374967818 0.0143319028157 0.0103908609058 0.0229578133207 0.00402788761202 0.0212513209393 0.0244569765255 0.0270152796079 0.0202857761922 0.00636834931927 0.00500958687844 0.0131397141236 0.399302567446 0.0169919997035 0.0428616850485 0.0274625388594 0.0271634158999 0.0136612336807 0.0318822837298 0.00273871554315 0.0287666010119 0.0208129880162 0.0156846719541 0.21994011939 0.0432095032942 0.00596456458209 0.0947785572985 0.0445825324726 -0.00496072651523 0.0209902555396 0.00834603874283 0.0181051522547 0.0111473165234 -0.00192511662152 0.00575041963318 0.0256701839967 0.0318594709381 0.0156708091955 
0.0194627154719 0.0239180108321 7.71230003178e-05 -0.00147430126841 -0.00333111144369 0.0393686317306 0.0298482017245 0.0318599402541 0.035475178517 -0.00574372295436 0.00746697694615 0.00314998161112 -0.000683229038997 -0.0118863389115 0.00270899859917 0.0168985928847 0.0104379624736 0.00634069658958 0.0233320386916 0.0487478000001 0.0108762325318 0.0146673471462 0.0220075315732 0.0112972993065 0.0169919997035 0.314726552593 0.0569510188764 0.0306411335065 -0.00018476324816 0.014143164213 0.00566208681776 -0.00219348830532 0.0106990104663 0.0982595653837 0.0282967278624 -0.00733733974151 0.00967405106213 0.0529044116163 -0.00697604632277 0.0373845582266 0.0111693651434 0.00534715114121 -0.00721344832488 0.0148277726078 0.0262223607732 -0.000301289178582 0.0191036808428 0.0215568957018 0.0151194951902 0.013349174081 
0.0272126876125 0.0205227168365 0.0196412648517 0.0155728489404 0.0183016792757 0.000274219510191 0.0116997218547 0.0318084251247 0.0697446697749 -0.0359537664764 0.018412766034 0.0214508867129 0.0113505382053 0.000122054067694 0.0138055418806 0.0120836683965 0.035313532432 0.0255201455734 0.0454086717769 0.0900484358337 0.0309791604869 0.016333066237 0.0282659078007 0.0215262637582 0.0428616850485 0.0569510188764 0.344973246401 0.0031670363025 0.0197320042167 0.0197980647505 0.00487716281993 0.0178950629423 0.0191807034309 0.0380176049418 0.0383005902735 0.0344146219549 -0.00499323683586 0.0318658243808 -0.0102640064991 0.02600393285 0.00610978388414 0.0113313659848 0.0205034388076 0.00340533938324 -0.00418619736412 0.026332314737 0.0323026283107 0.0347153155536 0.0591528780782 0.0264774368696 
0.00127651745399 0.0451538846173 0.00836994444471 0.0224945533387 0.0141190237582 -0.00154777168824 0.0136570662307 -0.000267215019294 0.0934242135741 0.052354221775 0.005334221767 -0.00835013149807 0.00499457459425 0.0154197507654 0.0115883412493 0.0117239388436 -0.00198500978834 -0.00659345610249 0.0236246477464 0.0271573559222 0.030011543158 0.0124353241669 0.0139496265146 0.014060557953 0.0274625388594 0.0306411335065 0.0031670363025 0.316795452275 0.00224014776157 0.00482458662109 0.0127005900793 0.00522757464267 -0.0019676662303 0.00298018678453 -0.00230395299243 -0.0379181763358 0.022160214089 -0.00418747252961 0.0141903239086 0.0216012069399 -0.00975170028319 0.0125257347392 0.0136158977447 0.0248300975184 -0.0266380966906 0.00362316979524 0.0274756535875 -0.0098099701169 0.00416685853914 0.00925479010547 
0.0150486962888 0.022036477442 0.0113037833953 0.0452505553136 0.0011050576627 -0.00356450534874 0.00787174918028 0.0394260261283 0.0406812552353 0.00787987271246 0.00876321663831 0.0367919377124 0.00675459151333 0.0124578412897 0.0178004778158 0.0108832227 0.0353906001092 0.0133987258755 0.0188365337822 0.020150656358 0.0490807632878 -0.001730522949 0.0305254486862 0.00259390754374 0.0271634158999 -0.00018476324816 0.0197320042167 0.00224014776157 0.216545539108 0.0124889841179 0.0167698441361 0.0218741247249 0.0126036762622 0.0293514801441 0.0182552102093 0.00133670156506 0.0178757441017 0.0161528048326 0.0123697798232 0.0169409012301 0.00930293609046 0.0106359128168 0.0372613020164 0.0155395628766 0.0102218747364 0.0228666043422 0.0282494271684 0.0168600569483 0.00647373174158 0.0153312597858 
0.00589658789329 0.0122721349517 -0.0160236220608 0.0146058309597 0.00263291519719 0.02070724326 0.00483367941122 0.0140316254832 0.014612475331 0.018534235374 0.0174086330784 0.0126333919602 0.00346896815979 -0.00722270030876 -0.00120835675413 0.0109669907027 0.0408502027433 0.0334326632802 0.0209389982058 0.00314130392762 0.0283060301336 0.0119919390786 0.0239720746814 0.0185405204825 0.0136612336807 0.014143164213 0.0197980647505 0.00482458662109 0.0124889841179 0.138190563196 0.0378127817177 0.0347457074513 0.0298075054212 0.008514830825 -0.0102052105641 0.0269379331513 0.00146541232524 0.0267005536647 -0.0241889277928 0.00251542633497 0.010498170449 -0.00240141744679 0.00508125709923 0.0164442422744 0.0202734061617 0.00942861380435 0.0128583160283 0.0231474533627 -0.0121899679357 0.0166453243969 
0.00428261813194 0.000177452077203 -0.0158842242505 0.0272794356902 0.00374380089763 0.00310468589041 -0.00386229874392 0.0381356377848 0.0101010813376 0.00389492364315 0.0117313343352 0.0148555563034 0.0154331681357 0.0082750845311 0.0077933544096 0.0158487228665 0.0430553935878 0.0262984804575 0.0106828198768 0.0289608210796 0.0104152526482 0.00996385649394 0.0295750073841 0.0224610980803 0.0318822837298 0.00566208681776 0.00487716281993 0.0127005900793 0.0167698441361 0.0378127817177 0.220491994256 0.0477390081627 0.0408860399321 0.0190908094712 0.00310830145159 0.032427936935 0.00590954727496 0.0275822458777 -0.0158072095854 0.0145415333753 0.010566543937 0.00111531009342 -0.00960527731044 0.0142892276366 0.0077808529226 0.034470071067 0.0146936850085 0.0122649625518 -0.0121096442044 -0.00852352105816 
0.0133127947206 0.00218404852254 0.0131648401439 0.00444783835816 0.00664123802622 0.00988484221114 0.00347701018719 0.0260319843396 -0.000186510684294 0.0127269329837 0.0187593957499 0.0149082466583 0.00929933647959 0.0189890078079 0.00192458819022 0.00776074327684 0.0358610402002 0.0386135416032 0.0151694906134 0.0196133875345 0.0156997907973 0.0167708245378 0.0221341120556 0.0193730612237 0.00273871554315 -0.00219348830532 0.0178950629423 0.00522757464267 0.0218741247249 0.0347457074513 0.0477390081627 0.142177021817 0.00600355180184 0.019144375473 0.0124244287258 0.0146775478095 0.00544622712216 0.0159370125951 -0.0116014942192 0.0125442639007 0.019633235424 0.0103688768657 -0.00200172812177 0.0108125832736 0.00641627066119 0.0110243177279 0.0103773711316 0.0228412660457 0.00397854550626 0.006741961657 
0.0382754215967 -0.0043063550802 0.0144984890179 0.0227852206295 0.0365384951359 0.0269614190233 -0.000137732041939 -0.00470162334856 0.020221856666 0.0273366222507 0.0219788176963 0.00081352766889 -0.0059951458178 0.00587175054154 0.00375291072987 0.0589206148927 0.0237940008453 0.0905926558507 0.0133920212481 0.0107243278334 0.0138636415763 0.0361692838342 0.0335542245902 0.0204387292864 0.0287666010119 0.0106990104663 0.0191807034309 -0.0019676662303 0.0126036762622 0.0298075054212 0.0408860399321 0.00600355180184 0.549854000752 0.0434584626163 0.0308421702068 -0.0180541976071 0.0206776453366 0.0413898073322 0.00696230056867 0.0174101576629 0.0136797681218 0.00840145924862 0.0108793604046 0.00206101570412 0.0175410048947 0.0154133361543 -0.00948373278498 0.0850218167165 0.0655575064257 0.0120135130076 
-0.000190413688435 -0.00750656192301 -0.0185099076066 0.00956144059261 0.00557094040845 0.0266801596248 0.0211993121385 0.0463603606677 -0.00889670087061 -0.00370249096471 0.00675751594183 0.00469310635352 0.00657590598546 0.0175784684338 -0.00941334491373 0.00374110081609 -0.0151103884815 0.00230359227504 0.0037695702103 0.0117598875173 0.0190217439059 0.00402876604921 0.0110209708676 -0.00866350212972 0.0208129880162 0.0982595653837 0.0380176049418 0.00298018678453 0.0293514801441 0.008514830825 0.0190908094712 0.019144375473 0.0434584626163 1.20251309383 0.0139246645965 0.0349061498287 0.031236173507 -0.0203931410567 0.0191349360338 0.0202725644146 0.00729309890972 -0.0274706960874 -0.0151066145424 0.00672811345155 0.00349100601805 -0.00158329325097 -0.0421692249841 0.0145630190445 0.0266433242709 -0.0166055555996 
0.0253594260297 0.0113533777505 0.0125250579976 0.014429189662 0.0370869829705 0.0250128853477 0.0274916309337 0.0182128384525 0.0235126424454 0.015230642812 0.0198894595597 0.0213747055979 0.00607770492542 0.0113740018846 0.00460637033664 0.00703963925606 0.017690831282 0.0353265993601 0.0254688805811 0.0114600567721 0.0244960167456 0.0200139465596 0.0145625220028 0.0303508641365 0.0156846719541 0.0282967278624 0.0383005902735 -0.00230395299243 0.0182552102093 -0.0102052105641 0.00310830145159 0.0124244287258 0.0308421702068 0.0139246645965 0.181801575592 -0.00706270509618 0.0326377318037 0.0136558384538 0.0096033882848 0.0230392071407 0.0156334885509 0.0180137281953 0.0186243904438 -0.00269540068395 0.00975876639329 0.0210987796472 0.00485970978788 0.0163993663344 0.0198594125676 0.0203046907756 
0.0162839335932 0.00854260590036 0.0267775442414 0.0224661029383 -0.0100088115307 -0.0125844189049 -0.00404468707132 -0.00870031072481 0.0117321574339 0.0326374620442 -0.00491685275573 0.0257451185391 0.0319275093166 -0.00284280320168 0.0115916767702 -0.0177682405737 0.0103534115766 -0.0290775090546 0.0170111537291 0.0920786821391 0.0148568799407 -0.0145701448998 0.00906356826108 -0.000195255360151 0.21994011939 -0.00733733974151 0.0344146219549 -0.0379181763358 0.00133670156506 0.0269379331513 0.032427936935 0.0146775478095 -0.0180541976071 0.0349061498287 -0.00706270509618 0.767766576138 -0.00260667258044 -0.0122260667246 -0.023671635004 -0.00717755145622 0.0178787342662 -0.000813877962165 0.0103750061991 -0.00696817770995 0.0115028791947 -0.00456370350022 -0.00465967455525 -0.000361397730092 0.0183508965882 0.00902372829431 
0.0184073960504 0.0416743429658 -0.00164058569497 0.0169228893354 0.0352958116559 0.0723459271877 0.0327889585779 0.00971467911472 0.0848781979383 -0.00654414843351 0.0259022785483 0.0221977733528 0.0281058574347 0.0144154387196 0.0200471960268 0.026878871686 0.00233885781894 0.0231193354002 0.00412578068476 0.0043903032957 0.0279808223158 0.0330383150354 0.0412731231748 0.0273060841784 0.0432095032942 0.00967405106213 -0.00499323683586 0.022160214089 0.0178757441017 0.00146541232524 0.00590954727496 0.00544622712216 0.0206776453366 0.031236173507 0.0326377318037 -0.00260667258044 0.277731066979 0.00475385425604 0.0450352403221 0.0409129502805 0.0109296134347 0.0190668850643 -0.0017606254869 0.0136837608273 0.00227165897824 -0.00378044899351 0.0106275569081 0.00697151225685 0.0224480530468 0.0275057169622 
0.00776100617818 -0.028465982046 0.00848850661972 0.0280182816296 0.00879893030245 0.0224915066514 0.0160753150962 0.0171295947201 0.0195808760147 -0.0156796813096 0.0189236961529 0.005315986779 0.00394954777602 -0.0030586787775 0.00147472912265 -0.00744816741665 0.0405423549543 0.103600146072 0.0273051889586 0.0477869999098 -0.00346167486182 0.00153212618404 0.0305844842134 0.0266919852723 0.00596456458209 0.0529044116163 0.0318658243808 -0.00418747252961 0.0161528048326 0.0267005536647 0.0275822458777 0.0159370125951 0.0413898073322 -0.0203931410567 0.0136558384538 -0.0122260667246 0.00475385425604 0.19232519748 -0.00497521776115 0.0197751548715 0.0288054305944 0.0093082309707 -0.0168854590161 0.00743164943341 0.00307387916936 0.0165189586623 0.0179563407188 0.00940625394868 0.0161393371923 -0.0176439348836 
0.0432217466556 0.0496216728836 0.00917786029524 0.0173627434478 0.0181988710029 0.00440297021931 -0.000886993589699 -0.00462820499675 0.0270628858217 0.0222156238127 0.0125635416865 0.0212669327816 0.0141530935441 0.00904702796822 0.00376584698437 -0.0210383339846 0.0122309527426 -0.0127135943341 -0.00678400814978 0.006082297598 0.0269408656703 0.0246258303889 0.00855930058992 0.0119755544202 0.0947785572985 -0.00697604632277 -0.0102640064991 0.0141903239086 0.0123697798232 -0.0241889277928 -0.0158072095854 -0.0116014942192 0.00696230056867 0.0191349360338 0.0096033882848 -0.023671635004 0.0450352403221 -0.00497521776115 0.588058241471 0.0383460072907 -0.0135336577213 -0.00294622839815 0.00640494863195 -0.0149051778172 0.0204486082701 -0.00647219820358 0.0123518861699 0.0158710136124 0.0283791205345 0.028400560636 
-0.00398346728848 0.0177072676799 -0.0164618320407 0.0230946153896 0.0285657498742 0.00795493382154 0.00786306479085 0.00153915338598 0.0438481002608 -0.000582224806854 0.0142055653566 0.0215805176819 0.0158994429297 0.0214669967902 0.025287909615 0.0177938650982 0.00724876180638 0.0174504003989 0.0282666418887 -0.00883423478363 0.0472697638091 0.0326366216331 0.0153784364972 0.0176015470816 0.0445825324726 0.0373845582266 0.02600393285 0.0216012069399 0.0169409012301 0.00251542633497 0.0145415333753 0.0125442639007 0.0174101576629 0.0202725644146 0.0230392071407 -0.00717755145622 0.0409129502805 0.0197751548715 0.0383460072907 0.245223335574 0.0224784471886 0.0111155381731 0.006406692114 0.0335428067665 -0.00228185144269 0.013048447289 0.0332848969381 0.0281485459996 0.00468009621294 0.0218714086546 
0.0211571457195 0.00498246658481 0.0413203695804 0.00700353275243 0.0199759868283 0.0156103218493 0.0078691955788 0.0348051303468 -0.00013767167117 0.0265170385709 0.00897253472229 0.0153227598871 0.00319491430169 0.0139069114632 0.000978195881481 0.0126057229811 0.0251074687331 0.0350652401158 0.0122984467781 0.0123487275561 0.00980390831721 -0.000979289078375 0.007034761412 0.045311273095 -0.00496072651523 0.0111693651434 0.00610978388414 -0.00975170028319 0.00930293609046 0.010498170449 0.010566543937 0.019633235424 0.0136797681218 0.00729309890972 0.0156334885509 0.0178787342662 0.0109296134347 0.0288054305944 -0.0135336577213 0.0224784471886 0.302538781438 0.0242225428837 0.00867593113762 -0.000904243951279 0.0250602222612 0.0174683706007 0.000811748018937 0.0157002475017 0.0197901944803 -0.00262145478977 
0.00879028414741 0.00289103332639 0.0149943652644 0.0230361051964 0.0134322168171 0.0125160629355 0.00542811065944 0.0180246293169 0.00580154928259 0.00587493406882 0.0379496466514 0.0142337725106 0.00242056430404 0.0169239452099 0.014806033564 0.0110190577256 0.00556175225501 0.0222537978437 0.01453051894 -0.00141359126257 0.0154149850122 0.0219117707633 0.0188666322688 0.0183685200588 0.0209902555396 0.00534715114121 0.0113313659848 0.0125257347392 0.0106359128168 -0.00240141744679 0.00111531009342 0.0103688768657 0.00840145924862 -0.0274706960874 0.0180137281953 -0.000813877962165 0.0190668850643 0.0093082309707 -0.00294622839815 0.0111155381731 0.0242225428837 0.158817578297 0.0501842554315 0.00109006147516 -0.00140148572062 0.0275578426114 0.00167164250465 0.00478841567755 0.00710431889254 0.00218159426437 
0.0330640469765 0.00227267605492 0.007507808958 0.0249805130017 0.0026670722707 -0.000451596961643 0.0364733888837 0.0178218732355 0.00926273296925 0.0198893455639 0.00749719398367 0.0450447777708 -0.0064705107656 0.0133243174241 0.0121944686464 0.0237061836899 0.00786636276355 -0.0140638627758 0.0143494836209 0.0148871966984 0.0438190924507 0.0175514864255 0.0213061183003 0.00625677648592 0.00834603874283 -0.00721344832488 0.0205034388076 0.0136158977447 0.0372613020164 0.00508125709923 -0.00960527731044 -0.00200172812177 0.0108793604046 -0.0151066145424 0.0186243904438 0.0103750061991 -0.0017606254869 -0.0168854590161 0.00640494863195 0.006406692114 0.00867593113762 0.0501842554315 0.264020490463 0.0058937931689 0.027111055822 0.00720542342065 0.0087907566019 0.00452664667537 0.0130395282476 0.0176632943201 
0.0104108282797 0.0252404804815 -0.0121164120707 0.00787283310467 0.0206137439598 0.0136224576226 0.0107267079208 0.0212223258846 0.0116615262171 0.0672543881522 0.0101062905652 0.011650849359 0.0256956233444 0.00842068011031 0.0249697024203 0.0231106946277 0.012243636346 0.0238075808153 0.011040753322 0.00806714217787 0.0176762695038 0.0167107755227 0.04015311969 0.0142928365949 0.0181051522547 0.0148277726078 0.00340533938324 0.0248300975184 0.0155395628766 0.0164442422744 0.0142892276366 0.0108125832736 0.00206101570412 0.00672811345155 -0.00269540068395 -0.00696817770995 0.0136837608273 0.00743164943341 -0.0149051778172 0.0335428067665 -0.000904243951279 0.00109006147516 0.0058937931689 0.207267009702 0.0178960446094 0.00398535521046 0.0173215329213 0.00993605514184 0.0049049936456 0.0151995089408 
0.0493783422224 -0.00957776516639 0.0227235175386 0.00317824907574 0.0151479001265 0.0151327699492 0.00443935233485 0.0195148968635 -0.0231663711579 0.0125559134734 0.0120480344997 0.00493155207364 0.0026397348686 0.0151703950755 0.00126376712941 0.0168095810596 0.0259904035854 -0.00867459300497 0.00566068006736 -0.0034869462321 0.00369496263089 0.0348759335565 0.0191172753219 -0.00032446450682 0.0111473165234 0.0262223607732 -0.00418619736412 -0.0266380966906 0.0102218747364 0.0202734061617 0.0077808529226 0.00641627066119 0.0175410048947 0.00349100601805 0.00975876639329 0.0115028791947 0.00227165897824 0.00307387916936 0.0204486082701 -0.00228185144269 0.0250602222612 -0.00140148572062 0.027111055822 0.0178960446094 0.210618034592 -0.00062549615862 0.0178720507362 0.0107262535327 0.0162243426997 0.00548828865894 
0.00143123436884 -0.0114459759218 -0.019154096312 0.00319118341151 0.0391106953572 -0.00551011533263 0.00932121688759 0.0143818574391 0.0295696149131 0.00381739403863 -0.00133566982969 0.0181034529001 0.00373732387547 -0.00238794741048 -0.0051732656685 -0.0165954901403 0.0155876358107 -0.00471513146363 0.0111932356882 0.0137373762189 0.00942771654547 -0.00988101180161 -0.00987555124221 0.0234384885216 -0.00192511662152 -0.000301289178581 0.026332314737 0.00362316979524 0.0228666043422 0.00942861380434 0.034470071067 0.0110243177279 0.0154133361543 -0.00158329325097 0.0210987796472 -0.00456370350021 -0.00378044899351 0.0165189586623 -0.00647219820358 0.013048447289 0.0174683706007 0.0275578426114 0.00720542342065 0.00398535521046 -0.000625496158621 0.234791742589 0.0151683617747 -0.00212858473813 0.00344806293966 0.0369617420265 
0.0290508426883 0.0392581789201 0.0110850277169 0.0109679745634 0.0199182563102 0.0108068175394 0.030974747741 0.00117834235933 0.018052290933 -0.0145762362298 0.00826719899324 0.0383222538312 0.0119652137442 0.00104491652936 0.0105105107278 0.0144333986226 0.00676983039193 0.0145874702989 0.0345345328768 0.00717329455436 0.0457607678327 0.0379220778066 0.0180581059908 0.0265325240777 0.00575041963318 0.0191036808428 0.0323026283107 0.0274756535875 0.0282494271684 0.0128583160283 0.0146936850085 0.0103773711316 -0.00948373278498 -0.0421692249841 0.00485970978788 -0.00465967455525 0.0106275569081 0.0179563407188 0.0123518861699 0.0332848969381 0.000811748018937 0.00167164250465 0.0087907566019 0.0173215329213 0.0178720507362 0.0151683617747 0.190622330828 -0.00935932581428 -0.00269602723052 0.0558759262194 
