20
0.0963264580192 0.0498180241401 0.0243185800675 0.0704328117516 0.0966324757555 0.088181568025 0.0301217617298 0.0415097954764 0.0485380268731 0.102922334335 0.0256858872149 0.101670797752 0.00413185853021 0.126841392599 0.0315903614714 0.0697795953642 0.0309991269713 0.0524452719686 0.0594275332512 0.0756818342608 
0.468253496505 0.00339821676133 0.0160530567209 0.00797042307977 0.0427487746493 0.0404797455847 0.0147298602262 0.0139373463403 0.0434566899794 0.0626137666409 0.0274316531274 0.0171434970795 0.0204318842284 0.025331513041 0.0353527293324 -0.0126644742735 0.0268570487551 0.0459128518256 0.0178859886739 0.0249792512175 
0.00339821676133 0.390219056143 0.01274115046 -0.00224851472555 -0.00082540067817 0.0295406263005 0.0160082887167 0.147589320298 -0.0126833644287 0.00827933163254 0.00566313882607 0.0126056950539 0.0234735292146 0.0266731433228 0.01517034318 0.0411047188777 0.013093636542 0.0212726988239 -0.00541770544693 0.00518111394786 
0.0160530567209 0.01274115046 0.232240402851 -0.00348974883554 -0.000415850235884 0.00917969012834 0.0178084930558 0.015752034776 0.00431577490977 0.00830755204082 0.0358760162967 0.0408711013034 0.0242174517514 0.000158866251195 0.0307897305533 0.0382822021335 0.00310927054841 0.0120486946426 0.0192150714478 0.0276929336266 
0.00797042307977 -0.00224851472555 -0.00348974883554 0.284937341794 0.0207469855336 0.0505836093388 -0.0145358528566 -0.00830076286488 0.0179924332353 0.0204926588559 0.0500524374876 0.0806189590905 0.00584196221339 0.0282245149134 0.0149604216144 0.0093987201678 -0.00334407397598 0.02171267666 -0.00546373909138 0.0107155452954 
0.0427487746493 -0.00082540067817 -0.000415850235884 0.0207469855336 0.47748012045 0.0435806944735 0.0165157696737 0.00530739671354 0.00732701808752 0.0778463184635 0.00576478955026 0.00938177300721 0.0145599494181 -0.00243013822582 0.0329693668234 0.0164630623532 0.0102308543842 0.0478328834596 0.000373752905719 0.0204999880276 
0.0404797455847 0.0295406263005 0.00917969012834 0.0505836093388 0.0435806944735 0.385165679827 -0.00235196383789 0.0319510922081 0.0342047250907 0.00839731260324 0.0315805670337 0.00761594688354 0.0233474835938 0.0116132835786 0.0223235925423 0.0120419052594 0.0241864546764 0.0375829202242 0.00121382498028 0.00261218518909 
0.0147298602262 0.0160082887167 0.0178084930558 -0.0145358528566 0.0165157696737 -0.00235196383789 0.197361519553 0.00606193178646 0.011860610959 0.0159737639786 0.0207708425741 -0.00529360618367 0.00694879257368 -0.00179115738637 0.0141629372759 0.00628492667751 -0.00805597185636 0.01074877377 0.00284878137506 0.0152491843851 
0.0139373463403 0.147589320298 0.015752034776 -0.00830076286488 0.00530739671354 0.0319510922081 0.00606193178646 0.460259369057 0.00675910723164 -0.0245979176155 0.0194271590095 0.00734169381744 0.0387327876853 0.0119894725217 0.0437798293281 0.0421860912367 -0.00568384216619 0.0307611475916 0.0138671340093 0.0120299466563 
0.0434566899794 -0.0126833644287 0.00431577490977 0.0179924332353 0.00732701808752 0.0342047250907 0.011860610959 0.00675910723164 0.203895549354 0.0171380151794 0.0425442474657 0.0116002529965 0.0111366326461 0.00424545572193 0.0297126351441 0.0164227347815 0.0165731669813 0.025850583097 0.00440887414593 0.0130930316023 
0.0626137666409 0.00827933163254 0.00830755204082 0.0204926588559 0.0778463184635 0.00839731260324 0.0159737639786 -0.0245979176155 0.0171380151794 0.37291893314 -0.00157162445757 -0.0193594727381 0.00808550742885 0.00333710681157 0.0311150048897 0.012241986491 0.0175717131398 0.0366801756674 0.0201686695306 0.00334375669292 
0.0274316531274 0.00566313882607 0.0358760162967 0.0500524374876 0.00576478955026 0.0315805670337 0.0207708425741 0.0194271590095 0.0425442474657 -0.00157162445757 0.219371231061 0.0417150175496 0.0198333306488 0.0127964372129 0.0223785525486 0.00403406343342 0.0125185168374 0.0158405396776 0.00151555149164 0.0227024937214 
0.0171434970795 0.0126056950539 0.0408711013034 0.0806189590905 0.00938177300721 0.00761594688354 -0.00529360618367 0.00734169381744 0.0116002529965 -0.0193594727381 0.0417150175496 0.294685253279 0.00570982782237 0.0240569466913 0.00626107253566 0.00873987982987 -0.0186005397829 0.0178876360086 0.0244057874389 0.00186394493958 
0.0204318842284 0.0234735292146 0.0242174517514 0.00584196221339 0.0145599494181 0.0233474835938 0.00694879257368 0.0387327876853 0.0111366326461 0.00808550742885 0.0198333306488 0.00570982782237 0.201031623422 0.012595681231 0.0444482325068 0.0711213293637 0.00282292725407 0.0108568056317 0.0140719456885 0.0102993694537 
0.025331513041 0.0266731433228 0.000158866251195 0.0282245149134 -0.00243013822582 0.0116132835786 -0.00179115738637 0.0119894725217 0.00424545572193 0.00333710681157 0.0127964372129 0.0240569466913 0.012595681231 0.878317521066 0.00817658206708 0.0555656537234 0.0556745539411 0.0128094129812 0.0258322016773 0.0408706463546 
0.0353527293324 0.01517034318 0.0307897305533 0.0149604216144 0.0329693668234 0.0223235925423 0.0141629372759 0.0437798293281 0.0297126351441 0.0311150048897 0.0223785525486 0.00626107253566 0.0444482325068 0.00817658206708 0.176136238412 0.020630222929 0.00883147757177 0.0297830242711 0.0266744986091 0.0319603092814 
-0.0126644742735 0.0411047188777 0.0382822021335 0.0093987201678 0.0164630623532 0.0120419052594 0.00628492667751 0.0421860912367 0.0164227347815 0.012241986491 0.00403406343342 0.00873987982986 0.0711213293637 0.0555656537234 0.020630222929 0.481497731974 0.0194482797102 0.0304381859106 0.00636291490247 0.0244893318896 
0.0268570487551 0.013093636542 0.00310927054841 -0.00334407397598 0.0102308543842 0.0241864546764 -0.00805597185636 -0.00568384216619 0.0165731669813 0.0175717131398 0.0125185168374 -0.0186005397829 0.00282292725407 0.0556745539411 0.00883147757177 0.0194482797102 0.486633230449 0.0351379529423 0.0135307557279 0.0354058671627 
0.0459128518256 0.0212726988239 0.0120486946426 0.02171267666 0.0478328834596 0.0375829202242 0.01074877377 0.0307611475916 0.025850583097 0.0366801756674 0.0158405396776 0.0178876360086 0.0108568056317 0.0128094129812 0.0297830242711 0.0304381859106 0.0351379529423 0.277343442211 0.00934929529676 0.038367409075 
0.0178859886739 -0.00541770544693 0.0192150714478 -0.00546373909138 0.000373752905719 0.00121382498028 0.00284878137506 0.0138671340093 0.00440887414593 0.0201686695306 0.00151555149164 0.0244057874389 0.0140719456885 0.0258322016773 0.0266744986091 0.00636291490247 0.0135307557279 0.00934929529676 0.236306100025 0.0448436782444 
0.0249792512175 0.00518111394786 0.0276929336266 0.0107155452954 0.0204999880276 0.00261218518909 0.0152491843851 0.0120299466563 0.0130930316023 0.00334375669292 0.0227024937214 0.00186394493958 0.0102993694537 0.0408706463546 0.0319603092814 0.0244893318896 0.0354058671627 0.038367409075 0.0448436782444 0.220783934843 
0.0405519423385 0.000294294204288 0.00139023549287 0.000690258886599 0.0037021524827 0.00350564880151 0.00127564331501 0.0012070095992 0.00376345974866 0.00542251125376 0.00237565084761 0.00148467039805 0.0017694530789 0.00219377338098 0.0030616361695 -0.00109677564465 0.00232588864926 0.00397616960412 0.00154897205634 0.00216326661219 
0.000294294204288 0.0337939615661 0.00110341599718 -0.000194727087311 -7.14817955596e-05 0.002558293282 0.00138635846998 0.0127816100705 -0.00109841158007 0.000717011152014 0.000490442208853 0.0010916852149 0.00203286726164 0.00230996197164 0.0013137902578 0.00355977307635 0.00113394218733 0.00184226975885 -0.000469187054726 0.000448697629875 
0.00139023549287 0.00110341599718 0.0201126088654 -0.000302221114441 -3.60136868445e-05 0.000794984485001 0.00154226073895 0.00136416622773 0.000373757070887 0.000719455111061 0.00310695414996 0.00353954120094 0.00209729284317 1.37582209339e-05 0.00266646888348 0.00331533595604 0.000269270728216 0.0010434475643 0.00166407400094 0.0023982784026 
0.000690258886599 -0.000194727087311 -0.000302221114441 0.024676297648 0.0017967416524 0.00438066907025 -0.00125884178395 -0.000718867151178 0.00155819042576 0.00177471631603 0.00433466823856 0.00698180665991 0.000505928768475 0.00244431469245 0.00129561051694 0.000813953042837 -0.000289605301533 0.00188037295717 -0.000473173685279 0.000927993444125 
0.0037021524827 -7.14817955596e-05 -3.60136868446e-05 0.0017967416524 0.0413509914111 0.00377419885286 0.00143030761005 0.000459634038189 0.000634538379778 0.00674168893805 0.000499245419799 0.000812485375679 0.00126092860739 -0.000210456143826 0.00285523092157 0.00142574302219 0.000886017979914 0.00414244922123 3.2367951109e-05 0.00177535104092 
0.00350564880151 0.002558293282 0.000794984485001 0.00438066907025 0.00377419885286 0.0333563263396 -0.00020368604324 0.00276704575309 0.0029622160858 0.000727228603792 0.00273495733171 0.000659560347502 0.00202195139067 0.00100573986004 0.00193327982454 0.00104285958646 0.00209460841772 0.00325477636625 0.000105120326867 0.000226221873314 
0.00127564331501 0.00138635846998 0.00154226073895 -0.00125884178395 0.00143030761005 -0.00020368604324 0.0170920089662 0.000524978692308 0.00102715903949 0.00138336853995 0.00179880773272 -0.000458439743269 0.000601783089444 -0.000155118779878 0.00122654634731 0.000544290616364 -0.000697667627978 0.000930871114434 0.000246711704063 0.00132061810645 
0.0012070095992 0.0127816100705 0.00136416622773 -0.000718867151178 0.000459634038189 0.00276704575309 0.000524978692308 0.0398596305933 0.00058535585695 -0.00213024215353 0.00168244132256 0.000635809335271 0.00335435780949 0.00103831877817 0.00379144443715 0.00365342266974 -0.000492235170702 0.00266399352639 0.00120092903298 0.00104182394106 
0.00376345974866 -0.00109841158007 0.000373757070887 0.00155819042576 0.000634538379778 0.0029622160858 0.00102715903949 0.00058535585695 0.0176578725459 0.00148419565158 0.00368443990901 0.00100461137853 0.000964460678412 0.000367667250583 0.00257318968482 0.00142225055204 0.0014352783627 0.00223872616647 0.000381819701247 0.00113388979801 
0.00542251125376 0.000717011152014 0.000719455111061 0.00177471631603 0.00674168893805 0.000727228603792 0.00138336853995 -0.00213024215353 0.00148419565158 0.0322957269651 -0.000136106670546 -0.0016765795195 0.000700225483588 0.000289001927396 0.00269463846733 0.0010601871294 0.00152175499671 0.00317659639432 0.0017466580174 0.000289577824014 
0.00237565084761 0.000490442208853 0.00310695414996 0.00433466823856 0.000499245419799 0.00273495733171 0.00179880773272 0.00168244132256 0.00368443990901 -0.000136106670546 0.0189981058958 0.00361262649173 0.00171761681835 0.00110820397043 0.0019380395007 0.000349360141382 0.00108413535989 0.00137183097704 0.00013125060925 0.0019660936292 
0.00148467039805 0.0010916852149 0.00353954120094 0.00698180665991 0.000812485375679 0.000659560347502 -0.000458439743269 0.000635809335271 0.00100461137853 -0.0016765795195 0.00361262649173 0.0255204915461 0.000494485594541 0.00208339269721 0.000542224787081 0.000756895795869 -0.00161085399761 0.00154911471971 0.00211360319215 0.000161422366894 
0.0017694530789 0.00203286726164 0.00209729284317 0.000505928768475 0.00126092860739 0.00202195139067 0.000601783089444 0.00335435780949 0.000964460678412 0.000700225483588 0.00171761681835 0.000494485594541 0.0174098492847 0.00109081799241 0.00384932985042 0.00615928779799 0.000244472671506 0.000940226948101 0.00121866624469 0.00089195155899 
0.00219377338098 0.00230996197164 1.37582209339e-05 0.00244431469245 -0.000210456143826 0.00100573986004 -0.000155118779878 0.00103831877817 0.000367667250583 0.000289001927396 0.00110820397043 0.00208339269721 0.00109081799241 0.0760645285832 0.000708112778622 0.00481212677024 0.00482155780574 0.00110932770493 0.00223713428882 0.00353950180122 
0.0030616361695 0.0013137902578 0.00266646888348 0.00129561051694 0.00285523092157 0.00193327982454 0.00122654634731 0.00379144443715 0.00257318968482 0.00269463846733 0.0019380395007 0.000542224787081 0.00384932985042 0.000708112778622 0.0152538456992 0.00178662971423 0.00076482839301 0.00257928556203 0.00231007934287 0.00276784397505 
-0.00109677564465 0.00355977307635 0.00331533595604 0.000813953042837 0.00142574302219 0.00104285958646 0.000544290616364 0.00365342266974 0.00142225055204 0.0010601871294 0.000349360141382 0.000756895795869 0.00615928779799 0.00481212677024 0.00178662971423 0.0416989267754 0.00168427042889 0.00263602422437 0.000551044594766 0.00212083835381 
0.00232588864926 0.00113394218733 0.000269270728216 -0.000289605301533 0.000886017979914 0.00209460841772 -0.000697667627978 -0.000492235170702 0.0014352783627 0.00152175499671 0.00108413535989 -0.00161085399761 0.000244472671506 0.00482155780574 0.00076482839301 0.00168427042889 0.0421436739894 0.0030430359885 0.00117179781928 0.00306623804059 
0.00397616960412 0.00184226975885 0.0010434475643 0.00188037295717 0.00414244922123 0.00325477636625 0.000930871114434 0.00266399352639 0.00223872616647 0.00317659639432 0.00137183097704 0.00154911471971 0.000940226948101 0.00110932770493 0.00257928556203 0.00263602422437 0.0030430359885 0.0240186466528 0.000809672723448 0.00332271509364 
0.00154897205634 -0.000469187054726 0.00166407400094 -0.000473173685279 3.23679511091e-05 0.000105120326867 0.000246711704063 0.00120092903298 0.000381819701247 0.0017466580174 0.000131250609251 0.00211360319215 0.00121866624469 0.00223713428882 0.00231007934287 0.000551044594766 0.00117179781928 0.000809672723448 0.0204647085691 0.00388357645588 
0.00216326661219 0.000448697629875 0.0023982784026 0.000927993444125 0.00177535104092 0.000226221873314 0.00132061810645 0.00104182394106 0.00113388979801 0.000289577824014 0.0019660936292 0.000161422366894 0.00089195155899 0.00353950180122 0.00276784397505 0.00212083835381 0.00306623804059 0.00332271509364 0.00388357645588 0.0191204496321 

['MON', 'MUR', 'WPI', 'EDS', 'FD', 'KLAC', 'MDP', 'BJS', 'MI', 'KSS', 'MET', 'ABI', 'PNW', 'ACS', 'VNO', 'CEG', 'ZMH', 'IR', 'ABC', 'CAH']