40
0.0680936188342 -0.00694067656108 0.0194782181544 0.0431320253577 0.123331646141 0.106465020668 0.0169596300077 0.00535997805058 0.0493061267197 -0.00660692339257 0.0538940625226 0.0791171504464 0.025637758891 0.101801748802 0.102864057578 -0.00648668223639 0.122670110856 0.00642009941462 0.0559799775446 0.0415957971797 0.0593939882808 0.0336878097659 0.065309734793 0.00646873977314 0.0716337087719 0.0901624306535 0.107494880462 0.0678116165217 -0.0014382556632 0.0907505897935 0.28152338764 0.0301217617298 0.0609589558998 0.0408960175479 0.0594362545722 0.0205855922537 0.0940944116816 0.0714432896303 0.0431815223905 0.0172601721071 
0.291998061968 0.00175827342352 0.0175251375821 0.0171553973783 0.0353988848432 0.000544794587608 0.00812530724878 0.0287286602031 0.0101832258565 0.0129668668143 0.0222320252897 0.0325773627027 0.00373021344716 0.0172115800385 0.067709060159 0.0265502579925 -0.0132184078725 0.0166198397523 0.0208442588616 0.0198097814858 0.0201275271609 -0.000934676188185 -0.000583481414079 0.0194149354234 -0.00154362147036 -0.00207650333054 0.013365996085 0.0258499731997 0.00778485848793 0.000618596033416 -0.0110730364055 0.00569887676414 0.0226875076522 -0.00461861623761 0.0172266892994 0.00372353840431 0.0637757684118 -0.00578575758138 0.0394796557988 0.0153367516051 
0.00175827342352 0.38921077429 0.0142052367304 -0.00890922752187 -0.000330862439626 0.00983946553205 0.00532898369905 -0.00567015265177 0.0638558016294 0.0261949837104 -0.00977158471779 0.0155245681627 0.0446436772105 0.0351347268798 0.00106945614437 0.00594357637945 0.0127340435638 -0.0103958471881 0.0261894338831 0.0187677516672 0.0126557668339 0.0380242510557 0.0146140179148 0.010710704562 0.00372714110621 0.0423540601859 0.0285209588272 0.00885382467407 -0.0109977557031 0.0137169551895 -0.033462676478 0.0131959452556 0.0424395496932 0.0265058638656 0.0213704844472 0.0297404653138 0.0235764403799 0.0126335292575 0.0224674715464 0.0215165573131 
0.0175251375821 0.0142052367304 0.155282189461 0.0576412617815 0.0336296078099 0.0289970083416 0.0300689258221 0.0209930482286 0.0168345303593 0.0246564244114 0.00485408342817 0.0211253516066 0.0294177762482 -0.00622323610932 -0.00230522532459 0.000484663634026 -0.00318415564282 0.0219962825685 0.00381135239265 0.0313040730727 0.0205325913049 0.0372413033413 0.00495878409638 0.0771914881829 0.021994449086 0.0218889402862 0.0289704921344 0.0099712557211 -0.00239106719562 0.0329035433184 0.0170076765632 0.0138831529414 0.0209455246831 0.0186811056615 0.0147457167832 0.0188227858935 0.0241103715195 0.00210222500902 -0.00254863341925 0.0183034962907 
0.0171553973783 -0.00890922752187 0.0576412617815 0.380065412415 0.0298865284323 0.04935041202 0.0394823261454 0.00582945343078 0.0147738131933 0.0458001494435 0.0245277715662 0.0234045517694 0.0276094126426 0.0581772371096 0.0105206069902 0.0258605181048 0.0199005950983 0.00811134229289 0.0122193638677 0.0286200917242 0.0343290413305 0.06964960733 0.0460988566437 0.0385841239016 0.0364679796298 0.0180259792703 0.0288500007506 0.0100375893747 0.00885458899797 0.0282110105805 0.0263270280729 -0.00565383220904 0.0113861847837 0.0023118826646 0.0202230695283 0.00289657078423 -0.00566060357851 0.00153317023509 0.0352829352061 0.0346687142614 
0.0353988848432 -0.000330862439626 0.0336296078099 0.0298865284323 0.441182616372 0.0254934650594 0.0117560713581 0.0122301526953 0.028184029608 0.021228066283 0.0189371478911 0.0448287043347 0.00526536526688 0.00171995720329 0.016340817323 0.0503316467898 0.0365762643145 0.00191589983155 0.010454871744 0.0133705589741 0.0201513011326 0.0805349161263 0.00448508738119 0.0407092521522 0.0187165948032 0.082981429036 0.0115218893869 0.028028594338 -0.00173901314721 0.00886787789819 -0.0291987479578 0.0187121373721 0.0829181030947 0.0500508354286 0.0218050664411 0.0026874426251 0.0676775680673 0.0277131699287 0.0314991017084 0.0131641770746 
0.000544794587609 0.00983946553205 0.0289970083416 0.04935041202 0.0254934650594 0.261621917383 0.0200273252145 0.011406147585 0.00723320506413 0.0134490524981 0.027206519989 0.0317441065414 0.0156096310139 0.0102771373773 0.034957265093 0.0126157932115 0.00396300565274 0.0271991234239 0.0286248059807 0.0246539079906 0.0158879124803 0.0394950718029 0.0174568712279 0.0236838398192 0.00378977554643 0.0149715397064 0.0349921371359 0.00802570758637 0.00315035616948 0.0232387291681 -0.00616464764166 0.0100852423114 0.0220828209099 0.0175003860763 0.0287020491125 0.00529462706783 0.0308948974731 0.00734701670345 0.0100213314628 0.0149465700933 
0.00812530724878 0.00532898369905 0.0300689258221 0.0394823261454 0.0117560713581 0.0200273252145 0.202330432899 0.0388134711437 0.0167713280183 0.0058863721871 -0.00760694155354 0.0256339221221 0.00656992907733 0.0190342382891 0.00489435315797 0.00535358947925 0.014312914498 0.0506667144671 0.0169542468212 0.0265591625628 0.0119226955598 0.0466050160188 0.00410490027128 0.0320945597745 0.0130775562023 0.0164907270062 0.0600879649808 0.0208553681756 0.0171514119834 0.00466357581187 0.00925361096941 0.00220843973547 0.00814696668037 0.0180494102496 0.0403154491339 0.0249369363232 0.0198018019883 0.020747939888 -0.00359116345639 0.0111515255768 
0.0287286602031 -0.00567015265177 0.0209930482286 0.00582945343078 0.0122301526953 0.011406147585 0.0388134711437 0.132623949601 0.00632153396904 0.00830805915141 0.00102149286224 0.0083743708955 -0.00285436687572 0.0299825649224 0.014980004607 0.00595852547125 -3.56349062872e-05 0.0554258334353 0.00957174028176 0.0163977998198 0.0135264701459 0.0192752102443 0.00126003033295 0.013895237738 0.0130158659049 0.00662624801709 0.0325361498456 0.0205716048422 0.0153910756283 0.0105220313893 -0.0047219776186 0.00329957420336 0.0116711535646 0.00497104137841 0.0192585389657 0.0120991748331 0.0384085478963 0.00445671416568 0.00904371641409 0.01385784355 
0.0101832258565 0.0638558016294 0.0168345303593 0.0147738131933 0.028184029608 0.00723320506413 0.0167713280183 0.00632153396904 0.221670942501 0.00728304809269 -0.00570663666156 0.0109366256077 0.00870324650605 0.0122719747964 0.0164978882293 0.00123305618782 0.0122868680132 0.0201649998864 0.020052789295 0.0143518668753 0.0101858821078 0.018465861088 0.0352614708714 0.0237710258074 0.00938730415389 0.00725826458708 -0.00744012196113 -0.00314399925148 0.0186003905613 0.016263968674 -0.0253137307842 0.00805319554238 0.0228988855247 0.0162254976696 0.0233607713595 0.0115839119447 0.0177446566503 0.00822983070863 0.0138310953103 0.0184199666773 
0.0129668668143 0.0261949837104 0.0246564244114 0.0458001494435 0.021228066283 0.0134490524981 0.0058863721871 0.00830805915141 0.00728304809269 0.164311865418 0.0264962350571 0.00739143874797 0.03637890115 0.0145753439445 0.00335586799279 0.0306200383319 0.0223303452034 0.00157667848273 0.00866095249212 0.0373221613543 0.0222693251291 0.0160245207827 0.00342210427277 0.0244706768646 0.00846114669862 0.0178562106172 0.0526989718372 0.0124127858151 -0.000634080357036 0.0273464337248 0.00407998828098 0.012102569941 0.0379410596883 0.00716294481246 0.0131297516449 -5.82867900703e-05 0.0288518982753 0.00444092328354 0.00843224398479 0.0222804541738 
0.0222320252897 -0.00977158471779 0.00485408342817 0.0245277715662 0.0189371478911 0.027206519989 -0.00760694155354 0.00102149286224 -0.00570663666156 0.0264962350571 0.414928187268 0.0345013733703 -0.0170736677519 0.00699060856944 0.034619617108 0.00769816011398 -0.0166290166255 0.00628311510119 0.0234578523323 0.0327413109922 0.0127409929298 0.0163392539761 0.0267275830145 0.0131674396808 -0.00736437166346 -0.0380038968114 0.00107439847674 0.0146545003055 0.012466327609 0.0266911455633 -0.0442498709189 0.00290573462085 0.00613478744708 0.0185546222819 0.00310949881068 0.0182827772261 0.0548574758182 -0.00734001659482 0.00832407145364 0.00948065272366 
0.0325773627027 0.0155245681627 0.0211253516066 0.0234045517694 0.0448287043347 0.0317441065414 0.0256339221221 0.0083743708955 0.0109366256077 0.00739143874797 0.0345013733703 0.385048159346 0.0165657644276 -0.00416812058916 -0.00311785107365 0.019301402422 0.017711130351 0.0171983967362 0.00678112223183 0.0172386454077 0.0153612079138 0.0149786651425 0.00672381176681 0.0218572094085 -0.00636915392176 0.0184086400076 -0.000948956709257 -0.00643497914875 0.0133470722643 0.0177174699797 -0.0387565990479 0.0092201670819 0.0351625742846 0.00831538100694 0.00555060443207 0.0307499634493 0.0262117444814 -0.00778410972491 0.0105996496466 0.0375584522568 
0.00373021344716 0.0446436772105 0.0294177762482 0.0276094126426 0.00526536526688 0.0156096310139 0.00656992907733 -0.00285436687572 0.00870324650605 0.03637890115 -0.0170736677519 0.0165657644276 0.26076019405 0.0254730123423 0.023163166096 0.0277932323975 0.0351958906121 0.00841968971913 0.0273802180234 0.0220292066321 0.0196349873361 0.00983376769706 0.00683247655263 0.0416067732465 0.00841810077734 0.00796648084053 0.0811072811021 0.00378997275252 -0.00141340651319 -0.0073708060991 0.010118790442 0.0181900330121 0.0135314922179 0.0222960670234 0.0051589639144 -0.0132962638791 0.0302047277888 0.000486313464001 0.0198273636239 0.0153829895388 
0.0172115800385 0.0351347268798 -0.00622323610932 0.0581772371096 0.00171995720329 0.0102771373773 0.0190342382891 0.0299825649224 0.0122719747964 0.0145753439445 0.00699060856944 -0.00416812058916 0.0254730123423 0.306073226735 -0.00304044924199 0.02165873295 0.0187011111964 0.0191953202427 0.0206312794117 -0.00377273211845 -0.014462379525 0.00582016166829 0.0309335007489 0.0125569559943 0.00322238776771 0.0100877196941 0.0131243376577 0.0176401076908 0.0129430956422 -0.00562299231823 0.00156512635219 -0.00795575819544 0.0104190987149 -0.0062582682583 0.0327427677654 -0.0036313168664 0.0131903785959 0.00617497712193 0.0219107464758 0.0147244434018 
0.067709060159 0.00106945614437 -0.00230522532459 0.0105206069902 0.016340817323 0.034957265093 0.00489435315797 0.014980004607 0.0164978882293 0.00335586799279 0.034619617108 -0.00311785107365 0.023163166096 -0.00304044924199 0.618385252727 0.0294022948339 -0.00818945270197 0.02334144776 0.00797667829967 -0.000525712024266 0.0138196954408 0.0102417710744 -0.0289869530913 -0.0172781520571 0.00998575961889 0.0220926735959 0.0107208778357 -0.0160365651342 0.0134236198617 0.00215046946243 -0.00818199858315 0.00919369645382 0.010234907125 0.00903080840085 0.0223721149444 0.0136745880272 0.0611031945191 -0.0104112073924 0.0190586498389 0.0202714237215 
0.0265502579925 0.00594357637945 0.000484663634026 0.0258605181048 0.0503316467898 0.0126157932115 0.00535358947925 0.00595852547125 0.00123305618782 0.0306200383319 0.00769816011398 0.019301402422 0.0277932323975 0.02165873295 0.0294022948339 0.252143251909 -0.00119001451918 0.0116258705073 0.00748725000033 0.0344873745193 -0.0146213618389 0.027331938079 0.0269655495844 0.00389023456039 0.00904804451026 0.0178327222146 0.020797095539 0.0142436331522 0.00531527936019 0.00195009600485 -0.0255322623799 -0.019172136535 0.0246352718277 0.0153655138055 0.0186742075238 0.00549348126134 -0.0214324747136 0.0127540651273 0.00378165003514 0.0462129241632 
-0.0132184078725 0.0127340435638 -0.00318415564282 0.0199005950983 0.0365762643145 0.00396300565274 0.014312914498 -3.56349062872e-05 0.0122868680132 0.0223303452034 -0.0166290166255 0.017711130351 0.0351958906121 0.0187011111964 -0.00818945270197 -0.00119001451918 0.401432682973 0.00155481120249 0.0284585026667 0.0151354538094 -0.00127148580528 0.00349172736678 -0.0143943275349 0.00392810056655 -0.00445698432435 -0.00833911758839 0.0186278550737 -0.00997114219045 0.000304715837246 -0.0135608829524 -0.0111582448692 0.0107806326348 0.00693867910264 0.0177813036809 0.00401540957384 0.00258315811634 0.0128940600317 -0.00267047159496 0.00439725077107 0.00589923777106 
0.0166198397523 -0.0103958471881 0.0219962825685 0.00811134229289 0.00191589983155 0.0271991234239 0.0506667144671 0.0554258334353 0.0201649998864 0.00157667848273 0.00628311510119 0.0171983967362 0.00841968971913 0.0191953202427 0.02334144776 0.0116258705073 0.00155481120249 0.151808306207 0.0261647141733 0.0157379550038 0.0235714964164 -0.00297981122722 0.0186361306954 0.0156402659069 0.0152688364308 -0.00401321947442 0.0272622227354 0.0229500032984 0.0136859737483 0.0010110135716 -0.00240971855721 0.0139858204121 0.00569831520706 0.00882320825583 0.0343826528687 0.00425792931536 0.0317750378872 -0.0195979332665 0.0133499629299 0.00276425944462 
0.0208442588616 0.0261894338831 0.00381135239265 0.0122193638677 0.010454871744 0.0286248059807 0.0169542468212 0.00957174028176 0.020052789295 0.00866095249212 0.0234578523323 0.00678112223183 0.0273802180234 0.0206312794117 0.00797667829967 0.00748725000033 0.0284585026667 0.0261647141733 0.249592302745 0.0225563192329 0.0108996108361 0.00238308574806 0.0480820949507 0.00540467237278 -0.00209757507731 0.0210905639646 0.0303105284678 0.0131783860292 -4.18252958851e-05 0.0369217103671 -0.00379757990688 0.00290142886074 5.92858952466e-05 0.00458164784647 0.0076025816473 0.0173398892966 0.0155848366479 0.0156748838576 0.0154781975211 0.0114420153785 
0.0198097814858 0.0187677516672 0.0313040730727 0.0286200917242 0.0133705589741 0.0246539079906 0.0265591625628 0.0163977998198 0.0143518668753 0.0373221613543 0.0327413109922 0.0172386454077 0.0220292066321 -0.00377273211845 -0.000525712024267 0.0344873745193 0.0151354538094 0.0157379550038 0.0225563192329 0.236604343087 0.0214862520344 0.0333171259129 0.0241184927396 0.0212925209519 0.0119358699294 0.010199103631 0.0282120644821 -0.0195164889968 0.0252714059597 0.0612534250501 -0.00926994040591 0.0121500380958 0.018280689565 0.0187660669617 0.0354229116896 0.0231988030045 0.0339781427163 0.0586261902575 0.010209361846 0.0260633897961 
0.0201275271609 0.0126557668339 0.0205325913049 0.0343290413305 0.0201513011326 0.0158879124803 0.0119226955598 0.0135264701459 0.0101858821078 0.0222693251291 0.0127409929298 0.0153612079138 0.0196349873361 -0.014462379525 0.0138196954408 -0.0146213618389 -0.00127148580528 0.0235714964164 0.0108996108361 0.0214862520344 0.226188582431 0.0330671004135 0.00878407838539 0.0213659759544 -0.00226801543179 0.034023413544 0.0363516666971 0.0233666420525 0.0082197010917 0.0229516156336 -0.0152611671896 0.0205570877047 0.0117653202511 0.0177202396468 0.0104375629768 0.0218729829187 0.0144390851929 -0.00207981349261 -0.0148637923598 0.0116938581428 
-0.000934676188185 0.0380242510557 0.0372413033413 0.06964960733 0.0805349161263 0.0394950718029 0.0466050160188 0.0192752102443 0.018465861088 0.0160245207827 0.0163392539761 0.0149786651425 0.00983376769706 0.00582016166829 0.0102417710744 0.027331938079 0.00349172736678 -0.00297981122722 0.00238308574806 0.0333171259129 0.0330671004135 0.327039497706 0.0371655884277 0.0456239837569 0.0358986820241 0.061553582641 0.0345053545731 0.01166212481 0.0149027441902 0.0212653876053 -0.0169654311091 0.00403793566733 0.0269965080587 0.0327250983843 0.0248296555118 0.00168660521075 0.0345588726415 0.00944215923816 0.0189948486047 0.0232547541704 
-0.000583481414079 0.0146140179148 0.00495878409638 0.0460988566437 0.00448508738119 0.0174568712279 0.00410490027128 0.00126003033295 0.0352614708714 0.00342210427277 0.0267275830145 0.00672381176681 0.00683247655263 0.0309335007489 -0.0289869530913 0.0269655495844 -0.0143943275349 0.0186361306954 0.0480820949507 0.0241184927396 0.00878407838539 0.0371655884277 0.305599422805 0.00789421205203 -0.00139805822597 0.0229841818321 0.0112193989285 0.00439994531948 0.0333366502686 0.0198391309191 -0.0708043118031 0.0147784043295 0.0175292397168 0.00327226929356 0.00921492775159 -0.00398211453372 0.0330241470212 0.0132628855893 0.0117190646709 0.0194176597974 
0.0194149354234 0.010710704562 0.0771914881829 0.0385841239016 0.0407092521522 0.0236838398192 0.0320945597745 0.013895237738 0.0237710258074 0.0244706768646 0.0131674396808 0.0218572094085 0.0416067732465 0.0125569559943 -0.0172781520571 0.00389023456039 0.00392810056655 0.0156402659069 0.00540467237278 0.0212925209519 0.0213659759544 0.0456239837569 0.00789421205203 0.174266095975 0.0191311898446 0.0221221413302 0.0270139566271 0.0228386029188 0.00862321674285 0.0256246699783 0.0136338415806 0.018883991908 0.0167194200628 0.0223720521851 0.023416888559 0.0168508364342 0.0215085300644 0.000296846702755 0.00514194957901 0.0173003767115 
-0.00154362147036 0.00372714110621 0.021994449086 0.0364679796298 0.0187165948032 0.00378977554643 0.0130775562023 0.0130158659049 0.00938730415389 0.00846114669862 -0.00736437166346 -0.00636915392176 0.00841810077734 0.00322238776771 0.00998575961889 0.00904804451026 -0.00445698432435 0.0152688364308 -0.00209757507731 0.0119358699294 -0.00226801543179 0.0358986820241 -0.00139805822597 0.0191311898446 0.182469796569 0.0129842149318 0.0160046071259 0.00465517393937 0.0144605065579 0.00429933200055 -0.0113750384856 0.00569603393014 0.00897572754306 0.0174571405976 0.00228300228065 0.00548854422738 0.0170408160049 -0.007087598503 0.0140146916052 0.0256072124278 
-0.00207650333054 0.0423540601859 0.0218889402862 0.0180259792703 0.082981429036 0.0149715397064 0.0164907270062 0.00662624801709 0.00725826458708 0.0178562106172 -0.0380038968114 0.0184086400076 0.00796648084053 0.0100877196941 0.0220926735959 0.0178327222146 -0.00833911758839 -0.00401321947442 0.0210905639646 0.010199103631 0.034023413544 0.061553582641 0.0229841818321 0.0221221413302 0.0129842149318 0.540990363442 0.0702999761034 0.00993998738572 0.0162851237869 0.0155632737866 -0.0150739424696 0.0075037400045 0.057532959448 0.0218516856476 0.0339886749895 0.0168258286925 0.04464654428 0.00620134605781 0.00640614564006 0.00489800040879 
0.013365996085 0.0285209588272 0.0289704921344 0.0288500007506 0.0115218893869 0.0349921371359 0.0600879649808 0.0325361498456 -0.00744012196113 0.0526989718372 0.00107439847674 -0.000948956709257 0.0811072811021 0.0131243376577 0.0107208778357 0.020797095539 0.0186278550737 0.0272622227354 0.0303105284678 0.0282120644821 0.0363516666971 0.0345053545731 0.0112193989285 0.0270139566271 0.0160046071259 0.0702999761034 0.464715070107 -0.00435910222473 -0.0135299880011 0.0330178558173 -0.0142515170696 0.0144621324311 0.0498863839547 0.0319208986961 0.0297551499748 -0.000724301415948 0.0252840758532 0.0470437419151 0.0371311003698 0.0392651791032 
0.0258499731997 0.00885382467407 0.0099712557211 0.0100375893747 0.028028594338 0.00802570758637 0.0208553681756 0.0205716048422 -0.00314399925148 0.0124127858151 0.0146545003055 -0.00643497914875 0.00378997275252 0.0176401076908 -0.0160365651342 0.0142436331522 -0.00997114219045 0.0229500032984 0.0131783860292 -0.0195164889968 0.0233666420525 0.01166212481 0.00439994531948 0.0228386029188 0.00465517393937 0.00993998738572 -0.00435910222473 0.23992048058 0.000236622704427 0.0246113063612 -0.00420015490189 -0.00923930201086 0.00932917508013 0.0262166468228 0.0257549711214 0.00241067485551 0.0266738077783 -0.00715711466857 0.00563849369306 -0.0106854611196 
0.00778485848793 -0.0109977557031 -0.00239106719562 0.00885458899797 -0.00173901314721 0.00315035616948 0.0171514119834 0.0153910756283 0.0186003905613 -0.000634080357036 0.012466327609 0.0133470722643 -0.00141340651319 0.0129430956422 0.0134236198617 0.00531527936019 0.000304715837246 0.0136859737483 -4.18252958851e-05 0.0252714059597 0.0082197010917 0.0149027441902 0.0333366502686 0.00862321674285 0.0144605065579 0.0162851237869 -0.0135299880011 0.000236622704428 0.22420615524 0.00445910067127 -0.02150155836 -0.00656636037621 0.0364023009313 0.0185525441981 0.0010420210284 0.00997223916635 0.0151504538754 0.00754567305333 0.00221975569466 0.00594114587392 
0.000618596033416 0.0137169551895 0.0329035433184 0.0282110105805 0.00886787789819 0.0232387291681 0.00466357581187 0.0105220313893 0.016263968674 0.0273464337248 0.0266911455633 0.0177174699797 -0.0073708060991 -0.00562299231823 0.00215046946243 0.00195009600485 -0.0135608829524 0.0010110135716 0.0369217103671 0.0612534250501 0.0229516156336 0.0212653876053 0.0198391309191 0.0256246699783 0.00429933200055 0.0155632737866 0.0330178558173 0.0246113063612 0.00445910067127 0.335589170313 -0.0062396373544 0.00566992438095 0.00776275998757 0.0125610452669 0.0116449338104 0.032450647561 0.0371375856254 0.0113520477113 0.0192308618352 0.0319109571904 
-0.0110730364055 -0.033462676478 0.0170076765632 0.0263270280729 -0.0291987479578 -0.00616464764166 0.00925361096941 -0.0047219776186 -0.0253137307842 0.00407998828098 -0.0442498709189 -0.0387565990479 0.010118790442 0.00156512635219 -0.00818199858315 -0.0255322623799 -0.0111582448692 -0.00240971855721 -0.00379757990688 -0.00926994040592 -0.0152611671896 -0.0169654311091 -0.0708043118031 0.0136338415806 -0.0113750384856 -0.0150739424696 -0.0142515170696 -0.00420015490189 -0.02150155836 -0.0062396373544 1.93485286617 -0.0240371691547 -0.0147204496649 0.00270042481336 -0.0285859901766 -0.01581427526 -0.00281872515778 0.0288402931604 -0.0113608354225 -0.00353175837025 
0.00569887676415 0.0131959452556 0.0138831529414 -0.00565383220904 0.0187121373721 0.0100852423114 0.00220843973547 0.00329957420336 0.00805319554238 0.012102569941 0.00290573462085 0.0092201670819 0.0181900330121 -0.00795575819544 0.00919369645382 -0.019172136535 0.0107806326348 0.0139858204121 0.00290142886074 0.0121500380958 0.0205570877047 0.00403793566733 0.0147784043295 0.018883991908 0.00569603393013 0.0075037400045 0.0144621324311 -0.00923930201086 -0.00656636037621 0.00566992438095 -0.0240371691547 0.190333967638 0.0229220209838 -0.00829486354901 0.00767710360498 0.0111120448906 0.0144568694549 -8.15187102042e-05 -0.00738324682703 0.000993428211675 
0.0226875076522 0.0424395496932 0.0209455246831 0.0113861847837 0.0829181030947 0.0220828209099 0.00814696668037 0.0116711535646 0.0228988855247 0.0379410596883 0.00613478744708 0.0351625742846 0.0135314922179 0.0104190987149 0.010234907125 0.0246352718277 0.00693867910265 0.00569831520706 5.92858952466e-05 0.018280689565 0.0117653202511 0.0269965080587 0.0175292397168 0.0167194200628 0.00897572754306 0.057532959448 0.0498863839547 0.00932917508012 0.0364023009313 0.00776275998757 -0.0147204496649 0.0229220209838 0.434713564545 0.0252377202575 0.0266732074648 0.008336714479 0.023490284493 0.0170423151865 0.0176432058519 0.0213604021866 
-0.00461861623761 0.0265058638656 0.0186811056615 0.0023118826646 0.0500508354286 0.0175003860763 0.0180494102496 0.00497104137841 0.0162254976696 0.00716294481246 0.0185546222819 0.00831538100694 0.0222960670234 -0.0062582682583 0.00903080840085 0.0153655138055 0.0177813036809 0.00882320825583 0.00458164784647 0.0187660669617 0.0177202396468 0.0327250983843 0.00327226929356 0.0223720521851 0.0174571405976 0.0218516856476 0.0319208986961 0.0262166468228 0.0185525441981 0.0125610452669 0.00270042481336 -0.00829486354901 0.0252377202575 0.213592568642 0.00792555849738 -0.00452877365434 0.0208759186613 -0.00552200161558 0.023309113905 0.0211977120248 
0.0172266892994 0.0213704844472 0.0147457167832 0.0202230695283 0.0218050664411 0.0287020491125 0.0403154491339 0.0192585389657 0.0233607713595 0.0131297516449 0.00310949881068 0.00555060443207 0.0051589639144 0.0327427677654 0.0223721149444 0.0186742075238 0.00401540957384 0.0343826528687 0.0076025816473 0.0354229116896 0.0104375629768 0.0248296555118 0.00921492775159 0.023416888559 0.00228300228065 0.0339886749895 0.0297551499748 0.0257549711214 0.0010420210284 0.0116449338104 -0.0285859901766 0.00767710360498 0.0266732074648 0.00792555849738 0.286220021224 0.00460671944682 0.0349447645347 0.032498125678 0.0259108883049 0.0187820266937 
0.00372353840431 0.0297404653138 0.0188227858935 0.00289657078423 0.0026874426251 0.00529462706783 0.0249369363232 0.0120991748331 0.0115839119447 -5.8286790071e-05 0.0182827772261 0.0307499634493 -0.0132962638791 -0.0036313168664 0.0136745880272 0.00549348126134 0.00258315811634 0.00425792931536 0.0173398892966 0.0231988030045 0.0218729829187 0.00168660521075 -0.00398211453372 0.0168508364342 0.00548854422738 0.0168258286925 -0.000724301415948 0.00241067485551 0.00997223916635 0.032450647561 -0.01581427526 0.0111120448906 0.008336714479 -0.00452877365434 0.00460671944682 0.162704594895 -0.00115456811269 -0.00169438844334 -0.00913628266569 -0.0067070849764 
0.0637757684118 0.0235764403799 0.0241103715195 -0.00566060357851 0.0676775680673 0.0308948974731 0.0198018019883 0.0384085478963 0.0177446566503 0.0288518982753 0.0548574758182 0.0262117444814 0.0302047277888 0.0131903785959 0.0611031945191 -0.0214324747136 0.0128940600317 0.0317750378872 0.0155848366479 0.0339781427163 0.0144390851929 0.0345588726415 0.0330241470212 0.0215085300644 0.0170408160049 0.04464654428 0.0252840758532 0.0266738077783 0.0151504538754 0.0371375856254 -0.00281872515778 0.0144568694549 0.023490284493 0.0208759186613 0.0349447645347 -0.00115456811269 0.356107099922 0.0323263021649 0.0261315198735 0.00425804157363 
-0.00578575758138 0.0126335292575 0.00210222500902 0.00153317023509 0.0277131699287 0.00734701670345 0.020747939888 0.00445671416568 0.00822983070863 0.00444092328354 -0.00734001659482 -0.00778410972491 0.000486313464001 0.00617497712193 -0.0104112073924 0.0127540651273 -0.00267047159496 -0.0195979332665 0.0156748838576 0.0586261902575 -0.00207981349261 0.00944215923816 0.0132628855893 0.000296846702755 -0.007087598503 0.00620134605781 0.0470437419151 -0.00715711466857 0.00754567305333 0.0113520477113 0.0288402931604 -8.15187102042e-05 0.0170423151865 -0.00552200161558 0.032498125678 -0.00169438844334 0.0323263021649 0.370560610368 0.0137648825955 -0.00398727745084 
0.0394796557988 0.0224674715464 -0.00254863341925 0.0352829352061 0.0314991017084 0.0100213314628 -0.00359116345639 0.00904371641409 0.0138310953103 0.00843224398478 0.00832407145364 0.0105996496466 0.0198273636239 0.0219107464758 0.0190586498389 0.00378165003513 0.00439725077107 0.0133499629299 0.0154781975211 0.010209361846 -0.0148637923598 0.0189948486047 0.0117190646709 0.00514194957901 0.0140146916052 0.00640614564006 0.0371311003698 0.00563849369306 0.00221975569466 0.0192308618352 -0.0113608354225 -0.00738324682703 0.0176432058519 0.023309113905 0.0259108883049 -0.00913628266569 0.0261315198735 0.0137648825955 0.208875453828 0.0154337830253 
0.0153367516051 0.0215165573131 0.0183034962907 0.0346687142614 0.0131641770746 0.0149465700933 0.0111515255768 0.01385784355 0.0184199666773 0.0222804541738 0.00948065272366 0.0375584522568 0.0153829895388 0.0147244434018 0.0202714237215 0.0462129241632 0.00589923777106 0.00276425944462 0.0114420153785 0.0260633897961 0.0116938581428 0.0232547541704 0.0194176597974 0.0173003767115 0.0256072124278 0.00489800040879 0.0392651791032 -0.0106854611196 0.00594114587392 0.0319109571904 -0.00353175837025 0.000993428211675 0.0213604021866 0.0211977120248 0.0187820266937 -0.0067070849764 0.00425804157363 -0.00398727745084 0.0154337830253 0.185724754161 
0.025287773952 0.000152270945157 0.00151772143509 0.00148570099416 0.00306563335398 4.71805952713e-05 0.000703672249099 0.00248797495526 0.000881893228423 0.00112296360687 0.00192534986785 0.00282128236888 0.000323045960678 0.00149056655526 0.00586377661641 0.00229931978986 -0.00114474770151 0.00143932034324 0.00180516576972 0.00171557740101 0.00174309498367 -8.09453323281e-05 -5.05309727229e-05 0.00168138272895 -0.000133681540716 -0.000179830463529 0.00115752921565 0.00223867334781 0.000674188521541 5.35719879619e-05 -0.00095895308242 0.000493537205079 0.00196479579754 -0.00039998389921 0.00149187505564 0.00032246788501 0.00552314355905 -0.000501061304561 0.00341903848544 0.00132820165015 
0.000152270945157 0.0337066417962 0.00123020958753 -0.000771561736204 -2.86535277874e-05 0.000852122711042 0.000461503525973 -0.000491049623977 0.005530074639 0.0022685521345 -0.000846244060084 0.00134446704117 0.00386625585826 0.00304275660329 9.26176189255e-05 0.000514728813394 0.00110280052192 -0.000900306775872 0.00226807150535 0.00162533497158 0.00109602155826 0.00329299673741 0.00126561107656 0.000927574224316 0.000322779888147 0.00366796920744 0.00246998748846 0.00076676370884 -0.000952433582351 0.00118792316567 -0.00289795279086 0.00114280238183 0.00367537281594 0.00229547514569 0.00185073824224 0.00257559984821 0.00204177962998 0.00109409572765 0.00194574011179 0.00186338852352 
0.00151772143509 0.00123020958753 0.0134478320829 0.0049918797009 0.00291240946826 0.00251121458576 0.00260404536264 0.00181805130688 0.0014579130952 0.00213530899067 0.000420375956089 0.00182950911552 0.00254765415538 -0.000538948056442 -0.000199638369254 4.19731019357e-05 -0.000275755967629 0.00190493394931 0.000330072799481 0.00271101225229 0.00177817456756 0.00322519147636 0.000429443299935 0.00668497897223 0.00190477516507 0.00189563783498 0.00250891821486 0.000863536076211 -0.000207072493356 0.00284953043883 0.00147290799631 0.00120231631319 0.00181393564712 0.00161783120736 0.00127701653312 0.00163010107538 0.00208801942306 0.000182058026228 -0.000220718128601 0.00158512927659 
0.00148570099416 -0.000771561736204 0.0049918797009 0.0329146302251 0.00258824928533 0.00427387104965 0.00341926974424 0.000504845476123 0.00127944975362 0.00396640929152 0.00212416732746 0.00202689363965 0.00239104527321 0.00503829652589 0.00091111129167 0.00223958656338 0.00172344209056 0.000702462848443 0.00105822795275 0.00247857264918 0.00297298218798 0.00603183293114 0.00399227809388 0.00334148314816 0.00315821967841 0.00156109559761 0.00249848335493 0.000869280739125 0.000766829901231 0.00244314518291 0.00227998751172 -0.000489636232176 0.00098607252749 0.000200214911812 0.0017513691954 0.000250850388301 -0.000490222649974 0.000132776437192 0.00305559182086 0.0030023987267 
0.00306563335398 -2.86535277874e-05 0.00291240946826 0.00258824928533 0.0382075353486 0.00220779883719 0.00101810564448 0.00105916229263 0.00244080856215 0.00183840446743 0.00164000511489 0.00388227967726 0.000455994008132 0.000148952663147 0.00141515629203 0.00435884847342 0.00316759740719 0.000165921792523 0.000905418452365 0.00115792437344 0.00174515387001 0.0069745283257 0.00038841996103 0.00352552465329 0.00162090465719 0.00718640255875 0.000997824890863 0.00242734747291 -0.000150602956299 0.000767980753749 -0.00252868574901 0.00162051863234 0.00718091837137 0.00433452949618 0.00188837414692 0.000232739358455 0.00586104932127 0.00240003091777 0.00272790222759 0.00114005117665 
4.71805952713e-05 0.000852122711042 0.00251121458576 0.00427387104965 0.00220779883719 0.0226571226641 0.00173441724056 0.000987801356788 0.000626413933632 0.00116472211202 0.0023561537459 0.00274912026853 0.00135183370018 0.000890026204694 0.00302738796173 0.00109255974101 0.000343206357062 0.00235551318457 0.00247898091577 0.00213509106224 0.0013759335821 0.00342037355056 0.00151180939539 0.00205108069426 0.000328204189785 0.00129657337195 0.00303040796924 0.000695046665314 0.000272828847374 0.00201253298112 -0.000533874146305 0.000873407604499 0.00191242838952 0.00151557789181 0.00248567036721 0.000458528154431 0.0026755766059 0.000636270310721 0.00086787276265 0.00129441094003 
0.000703672249099 0.000461503525973 0.00260404536264 0.00341926974424 0.00101810564448 0.00173441724056 0.0175223294849 0.00336134520195 0.00145243961191 0.000509774785016 -0.000658780463047 0.00221996277563 0.000568972548203 0.00164841339001 0.000423863416989 0.000463634449046 0.00123953475575 0.00438786618548 0.00146828084492 0.00230009094826 0.00103253572364 0.00403611278161 0.000355494791493 0.0027794704088 0.00113254958906 0.00142813885143 0.00520377041351 0.00180612786453 0.00148535584884 0.000403877512555 0.000801386217625 0.000191256491364 0.000705548010899 0.00156312477995 0.00349142031149 0.00215960203484 0.00171488635626 0.00179682430192 -0.000311003878238 0.000965750444044 
0.00248797495526 -0.000491049623977 0.00181805130688 0.000504845476123 0.00105916229263 0.000987801356788 0.00336134520195 0.0114855709505 0.000547460900807 0.000719499028126 8.84638768488e-05 0.000725241793622 -0.000247195422609 0.00259656628934 0.00129730645385 0.00051602344272 -3.08607341062e-06 0.00480001797809 0.000828937024243 0.00142009112101 0.00117142667699 0.00166928217349 0.000109121827788 0.00120336288727 0.00112720705259 0.000573849911458 0.00281771323077 0.00178155323899 0.00133290624857 0.000911234648253 -0.000408935257381 0.000285751508178 0.00101075154784 0.000430504811697 0.00166783839841 0.00104781927703 0.00332627782007 0.000385962768488 0.000783208815922 0.0012001244556 
0.000881893228423 0.005530074639 0.0014579130952 0.00127944975362 0.00244080856215 0.000626413933632 0.00145243961191 0.000547460900807 0.0191972667486 0.000630730466525 -0.000494209231908 0.000947139560796 0.000753723256964 0.00106278419283 0.00142875903154 0.000106785798294 0.00106407398324 0.00174634021689 0.00173662249462 0.00124290813057 0.000882123266533 0.0015991904805 0.00305373295494 0.00205863122233 0.000812964387032 0.00062858415198 -0.000644333462559 -0.000272278322126 0.00161084107464 0.0014085010038 -0.00219223339236 0.000697427192134 0.00198310165827 0.00140516931709 0.00202310214493 0.00100319620193 0.00153673234406 0.000712724246252 0.00119780799009 0.00159521590794 
0.00112296360687 0.0022685521345 0.00213530899067 0.00396640929152 0.00183840446743 0.00116472211202 0.000509774785016 0.000719499028126 0.000630730466525 0.0142298249595 0.00229464126641 0.000640117372626 0.00315050525576 0.00126226181248 0.00029062669335 0.00265177310603 0.00193386462214 0.000136544361965 0.000750060487915 0.0032321939857 0.00192858012869 0.00138776420813 0.000296362923462 0.00211922278126 0.000732756798615 0.00154639320099 0.00456386483643 0.00107497878476 -5.49129697234e-05 0.00236827063086 0.000353337349847 0.001048113302 0.00328579215366 0.000620329217349 0.00113706984699 -5.04778409059e-06 0.00249864768539 0.000384595237981 0.000730253750173 0.00192954393224 
0.00192534986785 -0.000846244060084 0.000420375956089 0.00212416732746 0.00164000511489 0.0023561537459 -0.000658780463047 8.84638768488e-05 -0.000494209231908 0.00229464126641 0.035933835092 0.00298790658041 -0.00147862300089 0.000605404460904 0.00299814678848 0.000666680222111 -0.00144011508376 0.000544133729254 0.0020315096038 0.00283548070724 0.00110340235466 0.00141502090222 0.00231467658723 0.00114033372664 -0.000637773294346 -0.00329123400814 9.30456374647e-05 0.00126911695443 0.00107961564013 0.00231152101139 -0.003832151233 0.000251643999831 0.000531288177599 0.00160687742537 0.000269290496309 0.00158333495295 0.0047507967646 -0.000635664083531 0.000720885734177 0.000821048610315 
0.00282128236888 0.00134446704117 0.00182950911552 0.00202689363965 0.00388227967726 0.00274912026853 0.00221996277563 0.000725241793622 0.000947139560796 0.000640117372626 0.00298790658041 0.0333461487674 0.00143463728274 -0.000360969831625 -0.0002700138235 0.00167155048261 0.00153382888137 0.0014894248478 0.000587262411893 0.00149291048499 0.00133031962861 0.00129719045282 0.000582299180033 0.00189288986036 -0.000551584909686 0.00159423498957 -8.21820617308e-05 -0.000557285541564 0.00115589036471 0.00153437790932 -0.00335641993398 0.000798489892006 0.00304516825929 0.000720133119416 0.000480696444453 0.00266302495125 0.00227000365984 -0.000674123676762 0.000917956586515 0.00325265737813 
0.000323045960678 0.00386625585826 0.00254765415538 0.00239104527321 0.000455994008132 0.00135183370018 0.000568972548203 -0.000247195422609 0.000753723256964 0.00315050525576 -0.00147862300089 0.00143463728274 0.0225824952343 0.00220602757994 0.00200598902712 0.00240696453095 0.00304805353789 0.000729166518875 0.00237119643694 0.00190778525686 0.00170043978361 0.000851629264057 0.000591709826534 0.0036032522601 0.000729028912479 0.000689917478666 0.00702409658663 0.000328221268333 -0.00012240459463 -0.000638330532819 0.000876312957833 0.00157530306841 0.00117186160118 0.00193089604468 0.000446779380708 -0.00115149022947 0.00261580615795 4.21159814027e-05 0.00171710005883 0.00133220597267 
0.00149056655526 0.00304275660329 -0.000538948056442 0.00503829652589 0.000148952663147 0.000890026204694 0.00164841339001 0.00259656628934 0.00106278419283 0.00126226181248 0.000605404460904 -0.000360969831625 0.00220602757994 0.0265067189771 -0.000263310628248 0.00187570129485 0.00161956373751 0.0016623634964 0.00178672120831 -0.000326728185625 -0.00125247880678 0.000504040785888 0.00267891974765 0.00108746428853 0.000279066966768 0.000873622152137 0.00113660098194 0.00152767813858 0.00112090496297 -0.000486965419287 0.000135543918113 -0.000688988870362 0.000902320417168 -0.000541981929538 0.00283560686751 -0.000314481265549 0.00114232029496 0.000534768705538 0.00189752630639 0.00127517420426 
0.00586377661641 9.26176189255e-05 -0.000199638369254 0.00091111129167 0.00141515629203 0.00302738796173 0.000423863416989 0.00129730645385 0.00142875903154 0.00029062669335 0.00299814678848 -0.0002700138235 0.00200598902712 -0.000263310628248 0.0535537338187 0.00254631342557 -0.0007092274083 0.00202142867212 0.000690800604533 -4.55279968089e-05 0.00119682073243 0.00088696339302 -0.00251034377554 -0.00149633186119 0.000864792150605 0.00191328165715 0.000928455255662 -0.00138880727957 0.00116251958109 0.000186236118453 -0.000708581862674 0.000796197468369 0.000886368957562 0.000782090949185 0.00193748198783 0.00118425406178 0.00529169187059 -0.000901637008587 0.00165052749224 0.00175555679137 
0.00229931978986 0.000514728813394 4.19731019357e-05 0.00223958656338 0.00435884847342 0.00109255974101 0.000463634449046 0.00051602344272 0.000106785798294 0.00265177310603 0.000666680222111 0.00167155048261 0.00240696453095 0.00187570129485 0.00254631342557 0.0218362461546 -0.000103058280449 0.00100682992004 0.000648414870477 0.00298669424435 -0.00126624707905 0.00236701527111 0.00233528509671 0.000336904195598 0.000783583640046 0.00154435904565 0.00180108130617 0.0012335348152 0.000460316695414 0.000168883268002 -0.0022111587837 -0.00166035572841 0.00213347712319 0.00133069252977 0.00161723381111 0.000475749432754 -0.00185610675679 0.00110453444018 0.000327500499865 0.00400215663085 
-0.00114474770151 0.00110280052192 -0.000275755967629 0.00172344209056 0.00316759740719 0.000343206357062 0.00123953475575 -3.08607341062e-06 0.00106407398324 0.00193386462214 -0.00144011508376 0.00153382888137 0.00304805353789 0.00161956373751 -0.0007092274083 -0.000103058280449 0.0347650901364 0.000134650599945 0.00246457862631 0.00131076874968 -0.000110113900792 0.000302392460272 -0.00124658533156 0.000340183487925 -0.000385986164916 -0.000722188767669 0.00161321957118 -0.000863526244168 2.63891655991e-05 -0.00117440691345 -0.000966332351839 0.000933630173058 0.00060090723716 0.00153990607001 0.000347744669755 0.000223708055074 0.00111665835453 -0.000231269624132 0.000380813087456 0.00051088897727 
0.00143932034324 -0.000900306775872 0.00190493394931 0.000702462848443 0.000165921792523 0.00235551318457 0.00438786618548 0.00480001797809 0.00174634021689 0.000136544361965 0.000544133729254 0.0014894248478 0.000729166518875 0.0016623634964 0.00202142867212 0.00100682992004 0.000134650599945 0.0131469849681 0.00226593071569 0.00136294688369 0.00204135147018 -0.000258059222125 0.00161393626105 0.00135448675973 0.00132232002353 -0.000347555001581 0.00236097774525 0.00198752858733 0.00118524009415 8.7556343658e-05 -0.000208687748651 0.00121120757697 0.000493488572809 0.000764112249243 0.00297762508338 0.000368747495462 0.00275179900165 -0.00169723080705 0.00115614070369 0.000239391890169 
