60
0.0328562524986 0.0170349265424 0.0370780174455 0.0621428512979 0.101670797752 0.025637758891 0.00642009941462 0.00633581846688 0.0423549004831 0.0560151075184 0.0408230851415 0.0662185328213 0.39235550597 0.190895055806 0.0905877796438 0.0917148498368 0.082081594572 0.0315088302779 0.143828325424 0.0437038130991 0.149701567326 0.0385950792128 0.0901624306535 0.0519302207626 0.0798623823862 0.0431194173031 0.0283013122104 0.0279461936292 0.0181340887913 -0.0148687542544 0.123331646141 0.101218808556 0.10431458653 0.12993100308 0.143358946574 0.20394989535 0.0413299620627 0.0795042219188 0.0657027666716 0.036872425502 0.00535997805058 0.0289140833203 0.0695206157777 0.0590120409917 0.0609589558998 0.0358419118375 0.0524263551757 0.0540494724418 0.0475630895173 0.0205902908148 0.0916953774684 0.121962687623 0.170228010564 0.0135435889675 0.142251168296 0.046041615311 0.00194148072761 0.0723841835345 0.165275344352 0.0160420823192 
0.304008718355 0.0208755230551 -0.009342796945 0.0143013758574 0.00802408829672 0.00973962494546 0.0152850807666 0.0146016472048 0.0115021818405 0.000781949406802 0.0234536489921 -0.0187763893858 -0.0203361887579 0.0114123614027 0.0309453249819 0.00376689379898 0.0468571832487 0.00595514956915 -0.00220586429665 0.00245395428732 0.0248190285858 0.00601959807996 -0.0115170019751 0.00813298549985 0.0321994508329 0.00989851165569 0.00529460239649 0.00770046514135 0.0285858810588 0.00869802878422 -0.00622015010933 0.0207651234462 0.0408591582042 0.0395971070021 0.00615462766034 0.0229521576418 -0.0124421871749 0.00146407196114 0.0653691453769 0.00511494153676 0.00935196714586 0.0260859688426 0.00275465499994 -0.000301225813948 0.00623571117967 0.00819706533649 0.0258385960158 -0.000750874123096 0.0318070300569 0.0192875811743 0.0241024312877 0.0214892941099 0.0697113561007 0.0175194761475 0.026581116381 0.0162581312027 0.0152103343427 0.0334835359367 -0.0036839534516 0.0236048513376 
0.0208755230551 0.180244531038 0.0183085584089 0.0226072822205 -0.0116434838776 0.0142357285059 0.010315243721 0.00555574726912 0.00945548715741 0.00660951165659 0.0121178648013 0.012559929678 0.075547064225 -0.00357918674294 0.0172737114934 0.0287055765109 0.00436383150932 0.017844893802 0.0179886849886 0.0131400663921 -0.0116870755245 0.0251103213337 0.00943522132518 0.011079761933 0.000674583801444 0.0187651812412 0.00162263958257 -0.0026554850793 0.0090656948468 0.0181572272356 0.026541474895 0.00518051895715 0.00010695031818 0.00518879392682 0.0133602828907 -0.0121350834691 0.0206944293227 -0.00281625457958 0.0133637487603 0.00855319779753 0.0172599935331 0.0119774618296 0.0223651253568 0.0183363285174 0.000297311858852 0.00980321323596 0.000205497718133 0.0235330233857 0.0106345477387 0.0156430305244 0.0276222795133 -0.00202349103729 0.0142225193534 0.00244912947615 0.0069840239873 0.0269448212155 0.0258236907671 0.0132569050458 0.0105386015736 0.0533831129027 
-0.009342796945 0.0183085584089 0.166575084148 0.0177974862165 0.00923357211533 0.00771608975445 0.0125405967794 0.0132190301262 0.00599876825621 -0.0122358574976 0.0198816088952 0.0199246628791 0.0142004417287 0.0194381361413 0.00223294705157 0.0203156230865 0.0184515079214 0.0227317651074 0.018054823643 0.0169538903206 -0.00182430184699 0.031114169268 0.0611125086987 0.010342153274 0.0184779154857 0.00493437259342 0.0150115083785 0.0160673037684 0.0159065220572 0.00235141079191 0.0283318562687 0.0262162393207 0.0187888055401 0.00688426523872 0.0394080883778 -0.0202456035091 -0.00698475433958 0.00219176121015 -0.000154358741374 0.0370023786438 0.0114069077162 0.00558574685671 0.033650820601 0.0102686107038 0.0191436720564 0.0182738245291 -0.0125899356133 0.0107900283706 0.000142626656008 0.0274204564662 0.0303276786704 0.0379918141331 0.00699884031415 0.01057356324 0.0320137732013 0.0383440947857 0.0213164394296 0.00336260110623 0.0038775609096 0.029464029882 
0.0143013758574 0.0226072822205 0.0177974862165 0.153869197549 0.00214252244202 0.034183653598 0.0248225800977 0.0188634920965 0.00522679809743 0.0367066886576 0.0137555863826 0.0162154598895 0.0249794321824 0.0164484522265 0.00423246615878 0.030809062162 0.0244153572564 0.0254857507427 0.00531268466782 0.00901889563298 0.0318771567069 0.016826557636 0.0068948618546 0.0269251473377 0.0134841545902 0.0112232969534 0.0104860511378 0.00497711411777 0.0132589074522 0.00692731795968 0.0150916083628 -0.00253114054427 0.0290747210498 0.020086798776 0.00589079548355 -0.00350941396575 0.01597155655 0.0130579316158 0.0100378603772 0.0139947877199 0.0268251513875 0.0311295441481 -0.0127050464931 0.0122874129682 0.0138741592786 0.023691160063 0.0247995260396 0.0315049809371 -0.00478020450599 0.0417838073272 0.0275333635475 0.0134906250453 0.0317938617362 0.0245953042913 0.0294075615646 0.0134958275881 0.0196409694973 0.0253875318963 -0.0117850124889 0.0365968467595 
0.00802408829672 -0.0116434838777 0.00923357211533 0.00214252244202 0.234245568727 0.0145256154488 -0.00677390943132 0.00903163797606 0.00662424068803 0.0230960036016 0.00711615098016 -0.00210836296012 0.00395710975213 0.00346268068729 -0.000737311373488 -0.0016691381353 0.0178948044947 -0.00208630339944 -0.0163516566742 -0.00416011274365 0.0147512110222 0.0336791583599 0.00220376539041 0.00640059552637 0.00571028904678 -0.0134993096731 0.00108296339514 -0.00146264866993 -0.0130006082195 0.00761002821754 0.00604894017302 0.0112359420471 -0.011568058936 0.00416787565962 0.0329572012187 0.014380148243 -0.00859357525838 -0.00797125512921 0.0307870121213 0.00997245895246 0.00357488852514 0.0258059776898 0.0439902680577 0.0175268428914 0.00879042220749 0.0166282570895 0.00257558226618 0.0182752253393 -0.0135818174666 0.0131695794873 0.0534537996089 0.00162094428975 0.0439753708091 0.00556707463431 -0.0286871501412 -0.00400153827127 0.0151156690799 0.00703602311596 0.169057455263 0.0054470679327 
0.00973962494546 0.0142357285059 0.00771608975446 0.034183653598 0.0145256154488 0.237114266757 -0.00111697683154 0.0082674664973 0.0163931958336 0.0242849476579 0.0251945871871 0.0434717043647 0.0832929177147 0.0545993810758 0.00224881623864 0.00711794751741 0.0125866196745 0.0212142317586 -0.0014512030144 0.0138059147762 0.020558882813 0.0127681843537 0.00285876214018 0.0124661620193 0.0356720274005 0.0095736217508 0.0242611366935 0.00723330987191 0.0104379546956 0.000993717061382 0.00866114572735 0.00581044829192 0.0415325556523 -0.0201340955425 0.0620208659726 -0.00688108067621 -0.000243732032273 -0.00358831457808 0.00575417054115 0.0131592848862 -0.00499499715457 0.00722148902572 0.0101987601118 0.00861862029008 0.0105907699567 0.0123098884721 0.018494819704 0.00470840380464 -0.0188460388124 0.0143260783562 0.0378568698495 0.0181045113286 -0.00151204646959 0.0326969410459 -0.00275937984251 0.0425724731506 0.0109300378394 0.0321019310559 0.00781368391962 0.0401463782578 
0.0152850807666 0.010315243721 0.0125405967794 0.0248225800977 -0.00677390943133 -0.00111697683154 0.130374390347 -0.00703803201463 0.0109278955328 0.0202724914296 0.0134267991932 0.00507215821869 0.0059569811621 0.0164102223399 0.0211671668737 0.0200659649041 0.0170661099987 0.00998765665841 -0.0123218961766 0.0155697657275 0.0206979070857 0.0221502683754 -0.00291434091827 0.0503497999568 0.0277556948312 0.00991477678585 0.00453626840524 0.00532800864686 0.0308274159762 0.0378052932014 0.00050533486137 0.0155089438715 0.0038391312362 0.0250847812456 0.02017429594 0.00879107646805 0.0124419373054 0.0133847502681 0.00589505396858 0.0169636141859 0.0367282676663 0.0479702577289 0.0161931281358 0.0158796128227 0.00535376253837 0.0146966855701 0.000345854049495 0.0149494548228 0.00593142354677 0.0122860031705 -0.00447032733305 0.0511555735993 -0.00112345707235 0.0119260413052 0.00786500488226 0.023916971767 0.0198712285758 0.0185679098999 0.00728024634143 0.0205026621662 
0.0146016472048 0.00555574726912 0.0132190301262 0.0188634920965 0.00903163797606 0.00826746649729 -0.00703803201463 0.173035170772 -0.0102672606415 0.0132242377473 0.0173179234179 0.00810592432018 0.0100373649542 0.0155569536829 -0.00348395500346 0.00566230037588 0.0050990666569 0.0386172511211 0.00886425173606 0.0120164074616 -0.0146558858655 0.00343111920334 0.0466176902002 0.00412730138961 -0.00571378238564 0.0191745198628 0.00779836875608 0.0131232202561 0.00587290004369 0.00500120396676 0.0345461909338 0.0168107767549 0.0461267118996 -0.0123388821222 0.00819567279746 0.00887155157251 0.0411054029921 0.0100060664886 0.0166011026457 0.00766239035131 0.00185873959983 0.00448454321983 0.00923154128542 0.00144591581017 0.0464672424662 0.0240995129698 0.0156670850316 0.010698491578 0.0254887821272 -0.00316377421859 0.0479708698123 0.00878800006401 0.00737890738966 0.0137320775648 0.0122793912455 0.0118337255696 0.0218954573221 0.00659841399568 -0.0537331366798 0.00486063719511 
0.0115021818405 0.00945548715742 0.00599876825621 0.00522679809743 0.00662424068803 0.0163931958336 0.0109278955328 -0.0102672606415 0.206993731574 0.034017544773 0.0120691635768 0.00805081479492 0.000955038863913 0.0238049558869 0.0129563878674 0.00268571410982 0.000644238067651 0.00887944965233 0.0249570209309 -0.00426091563594 0.0131521415516 0.0153463260158 -0.0118675385857 -0.00849250109247 -0.0123442587937 0.000128900420001 -0.0162737418521 0.00237798943139 0.0204890608758 0.0136164415765 -0.0202675356452 -0.00419632485315 0.0102981107993 -0.00833515672463 0.00891400849754 0.00804981849808 0.00987452265509 0.0149635708044 0.046609906614 0.0110051340306 0.0156972916938 0.0181526791048 0.0135013529638 0.0186880631343 -0.018221809738 0.0049559867651 0.0309567586032 0.0146392572993 0.00421837692836 0.0239927525169 -0.0107308877601 0.00764731136051 -0.0189649320969 0.0114299459704 -0.00369230635032 0.011341134601 0.00778624822526 0.0406667311196 -0.00841093649037 0.0165019362632 
0.000781949406801 0.00660951165659 -0.0122358574976 0.0367066886576 0.0230960036016 0.0242849476579 0.0202724914296 0.0132242377473 0.034017544773 0.350488965491 -0.00145242554658 0.017909821763 -0.012953309807 0.00585676683612 0.01187653113 0.0236193902717 0.0343583823742 0.0168129657984 0.00316341637595 0.0146759869915 -0.0347120987022 0.0196199014176 -0.0148247069349 0.0187202488721 0.00812668947869 0.0158497302796 0.00296482286189 0.00177214958824 0.0213848815272 0.0118610652026 0.00554097156215 0.0161985959198 -0.00460084162554 0.0308064785504 0.0242586151682 0.0250495251323 -0.000662258370091 0.0302169879538 -0.000678562541005 0.0227661258736 0.018017312188 -0.00756824150095 0.00984841481467 0.0348918689269 -0.0128288586959 0.0158967095329 0.0114656974241 0.028326333246 0.00692333364352 -0.00249736403084 0.00319832274651 0.00750708619697 -0.00157300439053 0.0115776880497 -5.67854771951e-05 -0.00452967165628 0.0129738426241 -0.00946388761144 0.00213800015358 0.0174472493233 
0.0234536489921 0.0121178648013 0.0198816088952 0.0137555863826 0.00711615098015 0.0251945871871 0.0134267991932 0.0173179234179 0.0120691635768 -0.00145242554658 0.185637031643 0.0128669114872 -0.0218931162944 0.00942270752717 0.0053594694229 0.023672884138 0.00526365534465 0.0295694395552 -0.00168405093976 0.0197528975082 0.0576508975704 0.0219527146313 0.0326288510228 0.00398555415207 0.0107285669426 0.0129896581293 0.00465330683744 0.00044937083754 0.0163089493546 -0.0019373036773 0.0247184446454 0.0127413498099 0.0326042099652 -0.00213698853667 -0.000616806405632 -0.00100534326191 -0.00871563514772 0.00338269220364 0.0132465497941 -0.00116920541663 0.00433429771358 0.00432222419016 0.000331139542258 0.00999420676903 0.0274432680824 0.0050617964047 0.0222675815952 0.0103789961038 0.00166310431086 0.0148451711794 0.0382899429046 0.0361681765029 -0.000760791704746 0.00229813064805 0.00943538666442 0.0464913916434 0.0265697692094 0.0345615694167 -0.00344193697996 0.0246636237493 
-0.0187763893858 0.012559929678 0.0199246628791 0.0162154598895 -0.00210836296012 0.0434717043647 0.00507215821869 0.00810592432018 0.00805081479492 0.017909821763 0.0128669114872 0.379552398291 0.0329988117526 0.0663491923576 0.022583653007 0.00491307585792 0.0274496057028 0.0533421167654 0.0182748703554 0.0138364189267 0.0277096142446 0.00980162898515 0.00899759779018 0.0182240541639 0.00615982871856 0.0175853048238 0.00344152166142 0.0163109946737 0.00939016369592 0.00236492114496 -0.0198964697769 0.0137425424137 0.0455724438313 -0.0212226077514 0.0459948420115 0.0474422400148 0.0252924228085 0.0112828504251 -0.00792794840377 0.00548253949377 0.00698553992619 0.000479144789211 0.00879801692407 0.0130851068413 0.0337208767543 0.0693865109352 0.0468978945766 0.00886045948941 -0.00265592623196 -0.0219907395881 0.00719975527745 0.000936730924404 -0.0140414034093 0.0141256179721 -0.0222642109458 0.02148925888 0.0137494159679 0.0184023149995 -0.00071291839867 0.0105785400867 
-0.0203361887579 0.075547064225 0.0142004417287 0.0249794321824 0.00395710975213 0.0832929177147 0.0059569811621 0.0100373649542 0.000955038863913 -0.012953309807 -0.0218931162944 0.0329988117526 3.20200692795 0.0439572563591 -0.0166077409027 0.00433931716862 0.0122784185796 -0.0142560386387 0.0798440761957 0.0495535836668 0.000612530576444 0.0403604670462 0.00722664103912 -0.00699170658211 -0.0250015635299 0.0013197064418 0.0704248647705 -0.00770097465842 -0.0222518954219 0.00687316365832 0.019857791186 0.0370174024091 0.00461033864301 0.00521042867743 0.0395274780265 0.0205717106668 -0.00207969876129 0.00694933301431 0.0253271232343 0.026159382631 -0.00733004778513 -0.010832424771 0.00396806711003 -0.0040800881124 0.018514642945 -0.0145648888394 0.0365855770528 -0.011330969126 -0.00172521173329 -0.0111278670069 -0.0072777586109 -0.00328228336669 -0.0232618538722 0.0264826558281 -0.00798856376193 0.0236181617838 0.0578523938102 -0.00967492804049 0.0205871885245 0.0311035626483 
0.0114123614027 -0.00357918674294 0.0194381361413 0.0164484522265 0.00346268068729 0.0545993810758 0.0164102223399 0.0155569536829 0.0238049558869 0.00585676683612 0.00942270752717 0.0663491923576 0.0439572563591 0.540141941442 -0.00246359975759 0.0232722597089 0.0366681363648 0.0346564653963 0.00985575139412 0.0571375727217 0.0192390372531 0.0179582258262 0.0356742760178 0.0549994463247 0.0834578604571 0.00336765775761 0.0264705697255 0.00222777880354 -0.00365315041339 0.00779906974657 0.0180748392098 0.00331867403015 0.0113540826778 0.0369566144688 0.0646783492109 0.0771535107299 0.0109960899448 0.0594038696592 0.0275073785239 0.0171007225668 0.0119147719569 0.0215776661116 -0.0121720116872 0.00889226716465 0.0103269039781 0.024612729124 0.0327066081755 0.0155286436579 0.000439206866169 -0.0173829679695 0.0218241804523 0.0383676057632 0.00901719193089 0.0223675277667 -0.0212575480386 0.0151535367001 0.00975828045268 0.0110630651952 -0.0252612296471 0.013688708252 
0.0309453249819 0.0172737114934 0.00223294705157 0.00423246615878 -0.000737311373489 0.00224881623864 0.0211671668737 -0.00348395500346 0.0129563878674 0.01187653113 0.0053594694229 0.022583653007 -0.0166077409027 -0.00246359975759 0.425508528967 0.0300022046522 0.0451986890475 -0.00281714957642 -0.00350752457664 0.0031400463105 0.0527956537933 0.0281592747759 0.0137900698928 0.035148466684 0.0139093268251 0.0222808737766 0.00505946856269 0.0216570727727 0.0294608578646 0.0030712219324 0.0369065542882 0.0341258151403 0.0159120536283 0.0471352415128 0.0262425120618 0.0393396795178 0.0234091243619 0.0162334004496 0.00467374646819 -0.00680711165803 0.0158878093281 0.0111920373935 0.00464275143054 0.0206523495176 0.0085158034317 0.0151693211342 0.0156650580964 0.0144494842158 -0.00992577822976 0.00607763894497 0.0573799275845 0.00637114291731 0.0117144593165 0.0122313678109 0.0790288602688 0.0299253126059 0.0382859126157 0.0388792857487 -0.0194638497563 0.0060384383072 
0.00376689379898 0.0287055765109 0.0203156230865 0.030809062162 -0.00166913813531 0.00711794751741 0.0200659649041 0.00566230037589 0.00268571410982 0.0236193902717 0.023672884138 0.00491307585792 0.00433931716862 0.0232722597089 0.0300022046522 0.169459699098 0.036392906296 0.0349224875781 0.0219323128488 0.0338011784923 0.0137598692377 0.0052649687862 0.0247470197871 0.0187974042469 0.00759771491459 0.0186822255967 0.0196165985479 0.00410410164003 0.0240070861702 0.00848193130418 0.0343764776316 0.0252548176137 0.0130097160625 0.0507089379779 0.0125557091644 0.00420921409698 0.0253259677251 0.0152601229056 0.0271031892152 0.0235338536096 0.0178795252745 0.024118449815 0.0266826913592 0.0228431072339 0.0108650923213 0.0271981295151 0.00743060416682 0.0240095478177 0.00121456698575 0.0100419014932 0.0262046888654 0.0139706577624 0.0164147751715 0.0128831244581 0.0286120771179 0.0432879655634 0.0200065881102 0.0159731198385 -0.00131491241345 0.0148517362022 
0.0468571832487 0.00436383150932 0.0184515079214 0.0244153572564 0.0178948044947 0.0125866196745 0.0170661099987 0.0050990666569 0.000644238067652 0.0343583823742 0.00526365534465 0.0274496057028 0.0122784185796 0.0366681363648 0.0451986890475 0.036392906296 0.249125100287 0.00592655258799 0.00254701211134 0.0340881331675 0.0297558764141 0.0270868680586 0.0282484583202 0.00677075906657 0.0203091506185 0.0285148026506 0.0014669346516 0.0183646432627 0.0106958901793 0.0199887077841 0.0167018419436 0.0342843183875 0.0296767897245 0.0488387019324 0.0442691405089 0.0385559874664 0.00421101633587 0.0205155902499 0.00370701197622 0.0246884835272 -0.00207670079562 0.00876017839598 0.00766661863444 0.0113704224788 0.0423639956805 0.0347266080113 0.0198525793037 0.00457445706904 0.00140364220385 0.00790905019137 0.0216373646885 0.0152391098427 0.0278908790253 0.0249107303756 0.0548034048958 0.0272209808082 0.0402827299369 0.0201781456312 0.0101922985327 0.0147170834839 
0.00595514956915 0.017844893802 0.0227317651074 0.0254857507427 -0.00208630339945 0.0212142317586 0.00998765665841 0.0386172511211 0.00887944965234 0.0168129657984 0.0295694395552 0.0533421167654 -0.0142560386387 0.0346564653963 -0.00281714957642 0.0349224875781 0.00592655258799 0.202513832509 0.035706310608 0.00258731293924 -0.0268702056152 0.0292364041943 0.021371514347 0.0261620391969 0.0180428929544 0.00476193408304 0.0133767242996 0.00461932725369 0.0186863441612 0.0240430110163 0.0178910978927 0.0388192700752 -0.00219475766855 0.0393050344245 0.0147521953814 0.0395636376599 0.0131694973198 0.00963677564517 0.0130736691793 0.0147070490034 0.00448516198756 0.0173771361457 0.00827485456255 0.0185997874433 0.0480732552711 0.0105206661 0.0179285260567 0.0171360068925 0.00639517218561 0.0141184606998 0.066936285513 0.0224346658065 -0.00202730195604 0.0278389472198 0.0314768171956 0.0363192210132 0.000462109905832 -0.00929106656145 0.0155553503904 0.0224690275228 
-0.00220586429665 0.0179886849886 0.018054823643 0.00531268466782 -0.0163516566742 -0.0014512030144 -0.0123218961766 0.00886425173606 0.0249570209309 0.00316341637595 -0.00168405093976 0.0182748703554 0.0798440761957 0.00985575139412 -0.00350752457664 0.0219323128488 0.00254701211134 0.035706310608 0.591001966108 -0.0111377755402 -0.00770018060341 0.0165079568612 0.0501811251953 -0.00698973349264 -0.00779884871656 -0.0163346869411 -0.0212163857388 0.0144419522084 -0.000819124443849 -0.00950858481115 0.0278928095973 0.022738326621 0.0168628674582 0.0099538874069 -0.0169505415665 -0.0172329724008 0.00413185138413 0.035379458955 0.00643459710939 0.00802528666204 -0.0169590037156 -0.00986497924333 -0.00718543009654 -0.0147752681515 0.0323684220148 -0.000234452205936 -0.00165641152569 0.00211507207103 0.0111917678331 0.0152438138602 0.0348230224056 -0.0278589041163 -0.0127920487314 0.024631152724 0.0187969141651 0.00389760674209 -0.00483265969956 0.00496927044278 -0.0232552315169 0.0140870806578 
0.00245395428732 0.0131400663921 0.0169538903206 0.00901889563298 -0.00416011274365 0.0138059147762 0.0155697657275 0.0120164074616 -0.00426091563594 0.0146759869915 0.0197528975082 0.0138364189267 0.0495535836668 0.0571375727217 0.0031400463105 0.0338011784923 0.0340881331675 0.00258731293924 -0.0111377755402 0.182831188636 0.0132187328657 0.0152146690229 0.0435447201511 0.0224406016077 0.0223655300456 0.0237063934245 -0.0010791031237 0.00423507758068 0.0206124725657 0.0130673118803 0.0183855282207 0.0389468246703 -0.00572264880959 0.0312145154163 0.0275008670924 0.0189143464526 0.00288013667589 0.0156218309999 -0.000884066856543 0.0300582047828 0.00374528977932 -0.00106253092228 -0.00202339246002 0.007293627911 0.0309769144341 0.00694783076737 0.00227136211759 0.0128624225682 0.00862624563303 0.0209386977277 0.0384539388759 -0.0159076719267 -0.00628379357689 0.0199228425707 0.0022797882614 0.0104187829696 0.0209407882773 0.00742596383021 -0.0187725887178 0.00827780926091 
0.0248190285858 -0.0116870755245 -0.001824301847 0.0318771567069 0.0147512110222 0.020558882813 0.0206979070857 -0.0146558858655 0.0131521415516 -0.0347120987022 0.0576508975704 0.0277096142446 0.000612530576444 0.0192390372531 0.0527956537933 0.0137598692377 0.0297558764141 -0.0268702056152 -0.00770018060341 0.0132187328657 0.445876353323 0.00382241518052 -0.0141374865609 0.00689606187621 0.00272471463407 0.019518685586 0.0100760184192 -0.0108269064018 0.0279872709752 -0.00616286815037 0.0462833144228 0.0149113261117 0.0860852289065 0.0373672576215 -0.0165333432319 -0.00631612170009 -0.00929974775236 0.0237660461365 0.0117218889386 -0.0133099262781 0.0205891257512 0.0235302229813 -0.014645365472 -0.0089765536436 0.0168558365478 0.0284371515644 0.0847864213308 0.0230273837717 -0.00914394754326 0.0576473109365 0.00891851721934 -0.00174737130533 0.0192812487372 -0.00798065581839 0.0153589730046 0.0224760726965 0.0240408603408 0.0598776493108 -0.0363470917663 0.00685109596363 
0.00601959807996 0.0251103213337 0.031114169268 0.016826557636 0.0336791583599 0.0127681843537 0.0221502683754 0.00343111920334 0.0153463260158 0.0196199014176 0.0219527146313 0.00980162898515 0.0403604670462 0.0179582258262 0.0281592747759 0.0052649687862 0.0270868680586 0.0292364041943 0.0165079568612 0.0152146690229 0.00382241518052 0.184206354118 0.0484853792397 0.000341268073395 0.0249042407509 0.010899553398 0.00723481297791 0.0178112147047 0.00192591797205 0.0065113551035 0.0148640885953 0.0220065403395 0.0191943464975 0.0333952795821 0.032518632035 0.000598199605036 0.0141866453196 0.0190906047182 0.00934310185544 0.0225273293789 0.0105446195169 0.0168096879601 0.00138191297165 0.00271834073264 0.0243552882098 0.0154771049181 -0.0047112532168 0.0116305510164 0.00359355622349 0.0303210578276 0.0324186134084 0.0210997004886 -0.000214004229337 0.0155794713572 0.0138524171473 0.00561514796298 0.0311221522887 0.0284172359218 -0.00495287948008 0.0347145622896 
-0.0115170019751 0.00943522132518 0.0611125086987 0.0068948618546 0.00220376539041 0.00285876214018 -0.00291434091827 0.0466176902002 -0.0118675385857 -0.0148247069349 0.0326288510228 0.00899759779018 0.00722664103912 0.0356742760178 0.0137900698928 0.0247470197871 0.0282484583202 0.021371514347 0.0501811251953 0.0435447201511 -0.0141374865609 0.0484853792397 0.516689034057 0.0120517741033 -0.0104319901985 0.0227697694626 -0.0234783348523 0.0141993485844 0.026634039317 0.00113181733654 0.0784414854204 0.0420873679499 0.0719865308291 0.00552566049739 0.09726089284 0.00443938441923 -0.00722635710874 0.0179785047237 -0.0141421107182 0.0114753348888 0.0122628974957 -0.0178462378481 0.00458763094059 0.00602915999254 0.0475925071701 0.0108309868537 0.0145269092044 -0.0157590604092 0.0325733589989 0.0390997922908 0.0631264404964 -0.00293601513234 0.0278307904077 0.0462241287956 0.0163267357509 0.0320027642128 0.00864849232502 -0.0156655762503 -0.0057154583602 0.0257107114172 
0.00813298549985 0.011079761933 0.010342153274 0.0269251473377 0.00640059552637 0.0124661620193 0.0503497999568 0.00412730138961 -0.00849250109247 0.0187202488721 0.00398555415207 0.0182240541639 -0.00699170658211 0.0549994463247 0.035148466684 0.0187974042469 0.00677075906657 0.0261620391969 -0.00698973349264 0.0224406016077 0.0068960618762 0.000341268073397 0.0120517741033 0.235879076195 0.0326723032602 0.00649876639228 0.000638907383722 0.00948518843568 0.0274264215083 0.0478976575767 0.0075291261303 0.0189100872913 -0.0226355376516 0.0717129246694 0.0339812550974 0.0227179098347 0.0234197954712 0.0207496466941 -0.00311196653986 0.0200613326392 0.0514505112641 0.0273770167445 0.005492236513 0.0666246168501 0.00428045509134 -0.00204991981361 -0.00403599152827 0.0231860315343 0.00685505167114 0.0294051857898 0.00528485470372 0.0504313151938 -0.000667386006885 0.0158667564396 0.00755242016213 0.0372797832968 0.0155371196791 0.0407265057595 0.00783535589322 0.0211739951709 
0.0321994508329 0.000674583801446 0.0184779154857 0.0134841545902 0.00571028904678 0.0356720274005 0.0277556948312 -0.00571378238564 -0.0123442587937 0.00812668947869 0.0107285669426 0.00615982871856 -0.0250015635299 0.0834578604571 0.0139093268251 0.0075977149146 0.0203091506185 0.0180428929544 -0.00779884871656 0.0223655300456 0.00272471463407 0.0249042407509 -0.0104319901985 0.0326723032602 0.347059659655 -0.00397322388272 -0.00975389247453 5.93643762587e-05 0.0209178504672 0.0126691944731 -0.00259178550642 0.0166051897872 7.53186376167e-05 0.14668035855 0.042303107711 0.0992946359942 -0.0173463066466 -0.0144194002358 -0.00313921559744 0.00534017969913 0.0175108354943 0.0235533003094 -0.0133374562422 0.0168176660953 0.00586932905468 0.0228078896543 -0.0313239163059 0.00913849211332 0.0468045066311 -0.0162955142094 0.055968665671 0.117929083821 -0.00300613940954 -0.00441610952723 -0.0118313143675 0.00990146010969 0.040257908831 0.0267171555375 -0.0296427165251 0.015252072193 
0.00989851165569 0.0187651812412 0.00493437259341 0.0112232969534 -0.0134993096731 0.0095736217508 0.00991477678585 0.0191745198628 0.000128900419995 0.0158497302796 0.0129896581293 0.0175853048238 0.0013197064418 0.00336765775762 0.0222808737766 0.0186822255967 0.0285148026506 0.00476193408304 -0.0163346869411 0.0237063934245 0.019518685586 0.010899553398 0.0227697694626 0.00649876639228 -0.00397322388272 0.168297366502 0.0203485135615 0.0063872301943 0.0281911063813 0.00333976029095 0.0183733840485 0.0207824870514 0.0561314122448 0.0133110317965 0.0132919245849 0.0174751561449 0.0214583215186 0.00115739519658 0.0130230952496 0.0115814202827 0.0111043483335 0.0075013020869 0.00323744660747 0.00605292251341 0.00572948475198 0.0216520536812 0.00845443624247 -0.00625727979962 0.0132502129211 -0.00240826026898 0.00863716904587 0.0168712858407 0.000478783193548 -0.00295151904312 0.0268836218228 0.0188316104576 0.0193084462396 0.0247558318021 0.00446509458612 0.00463401566993 
0.00529460239649 0.00162263958257 0.0150115083785 0.0104860511378 0.00108296339514 0.0242611366935 0.00453626840524 0.00779836875607 -0.0162737418521 0.00296482286189 0.00465330683744 0.00344152166142 0.0704248647705 0.0264705697255 0.00505946856269 0.0196165985479 0.0014669346516 0.0133767242996 -0.0212163857388 -0.0010791031237 0.0100760184192 0.00723481297791 -0.0234783348523 0.000638907383723 -0.00975389247453 0.0203485135615 0.195295652966 0.00863945840568 0.0041788738898 0.00415244364259 0.00857109631711 0.0130926426986 0.00479166320633 -0.00791330538109 -0.0154993673318 0.0171064407169 0.00928539875301 0.00149734933834 0.0115823067084 -0.0171444554532 0.0171176320293 0.0202751314968 0.0174759443919 0.0058620078305 0.000717457759486 0.0182769339919 0.0198740633947 0.0259103432324 0.00035402883378 0.0082089468377 0.0131287829018 0.00729769429037 0.0107707989403 -0.00620826799411 0.017198559312 0.000617590535532 0.00588531136702 0.00171489666738 0.00514171532929 0.00305564762674 
0.00770046514135 -0.0026554850793 0.0160673037684 0.00497711411777 -0.00146264866993 0.00723330987192 0.00532800864686 0.0131232202561 0.0023779894314 0.00177214958824 0.000449370837543 0.0163109946737 -0.00770097465842 0.00222777880354 0.0216570727727 0.00410410164003 0.0183646432627 0.00461932725368 0.0144419522084 0.00423507758068 -0.0108269064018 0.0178112147047 0.0141993485844 0.00948518843568 5.93643762554e-05 0.0063872301943 0.00863945840568 0.184923619912 -0.015261051838 0.0156476336444 -0.00198032758222 -0.0119280538952 -0.00768516016702 0.00738100474478 -0.00884967000078 0.0138280769121 -0.000695519174741 0.0118464519892 0.0109167885859 0.00972743360504 0.00791471562345 -0.0040787734604 0.0221318289869 0.00335232425852 -0.00725239845928 0.0117260134285 -0.00247696342556 0.0164570709709 -0.00650411056887 -0.00235611712221 0.0124841531039 0.0128571776607 -0.00628390435582 -0.00138853398403 0.0315249630159 0.0125373858808 0.0111877223101 0.004150711512 0.0108999089504 0.00870660845123 
0.0285858810588 0.0090656948468 0.0159065220572 0.0132589074522 -0.0130006082195 0.0104379546956 0.0308274159762 0.00587290004369 0.0204890608758 0.0213848815272 0.0163089493546 0.00939016369592 -0.0222518954219 -0.00365315041339 0.0294608578646 0.0240070861702 0.0106958901793 0.0186863441612 -0.00081912444385 0.0206124725657 0.0279872709752 0.00192591797205 0.026634039317 0.0274264215083 0.0209178504672 0.0281911063813 0.00417887388979 -0.015261051838 0.275605400057 0.0345745777326 0.0168644299971 0.0203753031024 0.0370101237434 0.0327819720557 0.0110623528854 0.00723073993648 0.0115930436597 0.0192767206256 0.00810501121571 0.0265493978449 0.0263366808378 0.0086846260477 0.00210746839389 0.0222475761596 -0.0215856158235 0.0125422226967 -0.0104870420968 -0.00302747326124 0.019821672774 0.0162369504351 0.0402534975987 0.0224883369075 0.0285505401925 0.0367963917526 0.0385427928557 0.0444829841528 0.014427332735 -0.00106437347503 -0.0194782447714 0.0269626026398 
0.00869802878422 0.0181572272356 0.00235141079191 0.00692731795968 0.00761002821754 0.000993717061386 0.0378052932014 0.00500120396676 0.0136164415765 0.0118610652026 -0.0019373036773 0.00236492114496 0.00687316365832 0.00779906974657 0.0030712219324 0.00848193130419 0.0199887077841 0.0240430110163 -0.00950858481115 0.0130673118803 -0.00616286815037 0.00651135510349 0.00113181733654 0.0478976575767 0.0126691944731 0.00333976029095 0.00415244364259 0.0156476336444 0.0345745777326 0.134287355887 -0.000423589696893 0.0134999224333 0.00860096761308 0.0249445857141 0.0280250520007 0.0147325706861 0.0093658151647 0.0119194182656 0.00563453028192 0.00570689450093 0.0386261892219 0.0406287644058 0.0166678232586 0.0193043515058 0.0190900146814 -0.00783874953371 0.00789133138471 0.0173663743721 0.00403928539145 0.00740692369493 0.0233037216502 0.0273460207526 0.00567865411819 0.0124323394626 0.0045434166121 -0.00439359819993 0.0173713591358 -0.00474190687076 0.0103032753675 0.006461492196 
-0.00622015010933 0.026541474895 0.0283318562687 0.0150916083628 0.00604894017302 0.00866114572735 0.00050533486137 0.0345461909338 -0.0202675356452 0.00554097156215 0.0247184446454 -0.0198964697768 0.019857791186 0.0180748392098 0.0369065542882 0.0343764776316 0.0167018419436 0.0178910978927 0.0278928095973 0.0183855282207 0.0462833144228 0.0148640885953 0.0784414854204 0.0075291261303 -0.00259178550642 0.0183733840485 0.00857109631711 -0.00198032758221 0.0168644299971 -0.000423589696893 0.427612572537 0.0817681295325 0.0139952451017 0.01500740256 -0.0278237043892 0.0388456143301 0.0176707685764 0.040041539081 0.0203452866375 0.0279818904566 0.0130997472329 0.00894582063808 0.0172116740096 0.0148661873648 0.0799848647049 -0.000229759174233 0.0132909918339 0.0260401296778 0.0209877626716 0.0224176694085 0.101309968229 0.0190963798745 0.0502912516898 0.0191068577385 0.0136342478543 0.0561018331999 0.0114889214144 0.0015204156791 -0.0213573825402 0.0276376091822 
0.0207651234462 0.00518051895715 0.0262162393207 -0.00253114054427 0.0112359420471 0.00581044829192 0.0155089438715 0.0168107767549 -0.00419632485315 0.0161985959198 0.0127413498099 0.0137425424137 0.0370174024091 0.00331867403015 0.0341258151403 0.0252548176137 0.0342843183875 0.0388192700752 0.022738326621 0.0389468246703 0.0149113261116 0.0220065403395 0.0420873679499 0.0189100872913 0.0166051897872 0.0207824870514 0.0130926426986 -0.0119280538952 0.0203753031024 0.0134999224333 0.0817681295325 0.309510155508 -0.00196623519476 -0.00909346739373 0.0169918299555 -0.0356920701598 7.75916923554e-05 0.0172760259626 0.0041262441504 0.0275159949588 0.00722888697531 0.0041216224799 0.0408195331874 0.0112546520466 0.0960230794332 0.0201699818637 0.00310970754168 0.00664969337034 -0.0025352335423 0.00532720305127 0.0332548401035 0.0108300206031 0.00700544952302 0.0288876776163 0.0403284694252 0.0275621390672 0.0286748589289 -0.0121677596333 0.0015689188105 0.0166869489813 
0.0408591582042 0.000106950318178 0.0187888055401 0.0290747210498 -0.011568058936 0.0415325556523 0.0038391312362 0.0461267118996 0.0102981107993 -0.00460084162554 0.0326042099652 0.0455724438313 0.00461033864301 0.0113540826778 0.0159120536283 0.0130097160625 0.0296767897245 -0.00219475766856 0.0168628674582 -0.00572264880958 0.0860852289065 0.0191943464975 0.0719865308291 -0.0226355376516 7.53186376163e-05 0.0561314122448 0.00479166320633 -0.00768516016702 0.0370101237434 0.00860096761308 0.0139952451017 -0.00196623519476 0.535065804523 -0.0153373021951 0.0663645846979 -0.000699666727015 0.140857633464 -0.00481416350933 0.0323182664223 0.00884387242196 0.00315927514619 0.0183621962146 0.0128725038342 0.00926142351846 0.0313587700036 0.0620589205694 0.0217470534932 0.00512487289369 0.0206598883943 0.0279786651563 0.00411299248997 0.00135299795476 -0.0106873029393 0.021068738235 0.00755533735098 0.0174094919368 0.0111756191966 0.0348746524165 0.0157195933706 0.0175524021856 
0.0395971070021 0.00518879392682 0.00688426523872 0.020086798776 0.00416787565962 -0.0201340955425 0.0250847812456 -0.0123388821222 -0.00833515672463 0.0308064785504 -0.00213698853667 -0.0212226077514 0.00521042867743 0.0369566144688 0.0471352415128 0.0507089379779 0.0488387019324 0.0393050344245 0.0099538874069 0.0312145154163 0.0373672576215 0.0333952795821 0.00552566049739 0.0717129246694 0.14668035855 0.0133110317965 -0.00791330538109 0.00738100474478 0.0327819720557 0.0249445857141 0.01500740256 -0.00909346739373 -0.0153373021951 0.572591631293 0.0445745834861 0.272539345158 0.0129483424893 0.0350752021732 0.0163576184509 -0.00503754638506 0.0325595575872 0.0242255992879 -0.0109962455612 0.023088366053 -0.00290638131135 0.00705895405524 -0.004497996727 0.00616390111778 -0.00454889045404 0.0174529191281 0.0647157724387 0.111243139914 0.0123990316593 0.0165708277129 0.0103718155264 -0.00852622264692 0.0177777748597 0.0242431347446 0.00621788213351 0.0285193952119 
0.00615462766033 0.0133602828907 0.0394080883778 0.00589079548355 0.0329572012187 0.0620208659726 0.02017429594 0.00819567279746 0.00891400849754 0.0242586151682 -0.000616806405633 0.0459948420115 0.0395274780265 0.0646783492109 0.0262425120618 0.0125557091644 0.0442691405089 0.0147521953814 -0.0169505415665 0.0275008670924 -0.0165333432319 0.032518632035 0.09726089284 0.0339812550974 0.042303107711 0.0132919245849 -0.0154993673318 -0.00884967000078 0.0110623528854 0.0280250520007 -0.0278237043892 0.0169918299555 0.0663645846979 0.0445745834861 0.642365427999 0.0467394756178 0.00623143121987 0.0314636551358 0.0129873119142 0.0331469734018 0.0192491354442 0.00974451832646 -0.00557540968776 -0.0129293723621 0.061186653108 0.0371828072165 0.0111373339167 0.0184806559027 -0.0273070766193 0.015267054382 0.0279917094427 0.0237410856023 -0.00950173250593 0.0455049443031 0.00873921600308 0.00859599496376 0.0065068141662 0.0189453785189 -0.00923694718482 0.0261119001527 
0.0229521576418 -0.0121350834691 -0.0202456035091 -0.00350941396575 0.014380148243 -0.00688108067621 0.00879107646805 0.00887155157251 0.00804981849808 0.0250495251323 -0.00100534326191 0.0474422400148 0.0205717106668 0.0771535107299 0.0393396795178 0.00420921409698 0.0385559874664 0.0395636376599 -0.0172329724008 0.0189143464526 -0.00631612170009 0.000598199605037 0.00443938441923 0.0227179098347 0.0992946359942 0.0174751561449 0.0171064407169 0.0138280769121 0.00723073993648 0.0147325706861 0.0388456143301 -0.0356920701598 -0.000699666727012 0.272539345158 0.0467394756178 0.686486293306 -0.0118606516925 0.0255850074504 -0.0100142452576 -0.020329003483 0.0201703017892 -0.0029591276922 -0.0103433403805 0.0107301981629 0.0529362502652 -0.0107235714989 0.000698965433488 0.0474742106168 0.00347682047419 0.012991366231 0.0698353776392 0.14245081333 0.0213737493153 0.00527964268774 -0.0457822042139 -0.0185674432389 -0.00666152255312 0.0115562708596 -0.00329834331212 -0.00239403884201 
-0.0124421871748 0.0206944293227 -0.00698475433958 0.01597155655 -0.00859357525837 -0.000243732032275 0.0124419373054 0.0411054029921 0.00987452265509 -0.000662258370091 -0.00871563514772 0.0252924228085 -0.00207969876129 0.0109960899448 0.0234091243619 0.0253259677251 0.00421101633587 0.0131694973198 0.00413185138413 0.00288013667589 -0.00929974775236 0.0141866453196 -0.00722635710874 0.0234197954712 -0.0173463066466 0.0214583215186 0.00928539875301 -0.000695519174747 0.0115930436597 0.0093658151647 0.0176707685764 7.75916923543e-05 0.140857633464 0.0129483424893 0.00623143121987 -0.0118606516925 0.254499836207 4.75716124685e-05 0.0193719458968 0.00766362280872 0.00897073391982 0.011886021698 -0.00644994897305 0.0189906041489 0.0135065425816 0.0271036150773 -0.00746089407982 0.0199172868981 0.0113347398429 0.00892401606922 0.0318355507108 -0.00670768594952 0.00883807813005 0.0118813946052 0.000109849701275 0.0232527398617 0.0174995244404 0.00860274468879 -0.00295309183707 0.0291762451711 
0.00146407196114 -0.00281625457958 0.00219176121015 0.0130579316158 -0.00797125512921 -0.00358831457808 0.0133847502681 0.0100060664886 0.0149635708044 0.0302169879538 0.00338269220364 0.0112828504251 0.00694933301431 0.0594038696592 0.0162334004496 0.0152601229056 0.0205155902499 0.00963677564518 0.035379458955 0.0156218309999 0.0237660461365 0.0190906047182 0.0179785047237 0.0207496466941 -0.0144194002358 0.00115739519658 0.00149734933834 0.0118464519892 0.0192767206256 0.0119194182656 0.040041539081 0.0172760259626 -0.00481416350933 0.0350752021732 0.0314636551358 0.0255850074504 4.7571612467e-05 0.239190341189 0.00202612627012 -0.00375317485384 0.0139267773709 0.00408948856398 -0.0277454350364 0.00497341062573 0.0331040726554 0.0154261390597 0.00909250056642 0.0317887711667 -0.0078180069325 0.0061357951905 0.030826968252 0.0140965942928 0.00847573722098 0.00991037756201 0.0881357558759 0.0307415439793 -0.0182025456045 -0.000571177426248 -0.0445080546077 0.00991008432321 
0.0653691453769 0.0133637487603 -0.000154358741378 0.0100378603772 0.0307870121213 0.00575417054116 0.00589505396858 0.0166011026457 0.046609906614 -0.000678562541006 0.0132465497941 -0.00792794840378 0.0253271232343 0.0275073785239 0.00467374646819 0.0271031892152 0.00370701197622 0.0130736691793 0.00643459710939 -0.000884066856547 0.0117218889386 0.00934310185544 -0.0141421107182 -0.00311196653986 -0.00313921559744 0.0130230952496 0.0115823067084 0.0109167885859 0.00810501121571 0.00563453028192 0.0203452866375 0.0041262441504 0.0323182664223 0.0163576184509 0.0129873119142 -0.0100142452576 0.0193719458968 0.00202612627012 0.169346354843 0.00867808517218 0.0069397953127 0.0253107852978 0.0127060986262 0.00526853605928 0.0099961138236 0.0107699537754 0.0101654193285 0.0085001811903 -0.0129674556547 0.0195094956873 0.0212526237241 0.00962607421973 0.0255726231159 0.0090015058354 0.0103531490605 0.0134832115504 0.0230192265165 0.0362043579342 0.00952219879138 0.0265861193467 
