40
0.165506763093 0.0392369654355 0.0201569416701 0.0136100125143 0.067616439087 0.087070388143 0.0723841835345 0.171372180847 0.103166553638 0.0625636206577 0.0979044774238 0.0436793340255 0.0678408515538 0.0262084488718 0.0714432896303 0.0593939882808 0.0275413533974 0.0962618702605 0.0493934577213 0.134016582451 0.126841392599 0.0697795953642 0.088181568025 0.034888990542 0.0146303634135 0.0160922749751 0.0939670182087 0.0279461936292 0.0176197090425 0.0948967479515 0.0415097954764 0.0560151075184 0.0169596300077 0.0283464571838 0.082081594572 0.0810581507116 0.0461662895592 0.0479071153807 0.0493961611292 0.28152338764 
0.362150653978 0.0100515835805 0.0188750305481 0.00580252140699 0.0127184838144 0.0771504856741 0.0461936925924 0.00503893694395 -0.00184817231782 0.0244827880184 0.0142940551053 0.00736778167758 0.0107259108342 0.0500712585118 0.0188939823798 -0.0138743905056 0.0253097720548 0.0336336087013 0.0134977749579 0.00488471896792 0.0906990304704 0.0185832773599 0.0107630529542 0.0231941090015 0.0210136541584 0.0314308531366 0.0231073787725 0.00832242208548 0.0181491704353 0.0163294307556 0.015861521538 0.00130247178522 0.019009013825 0.0305031251844 0.0765201928663 0.0133187669426 0.0353434446055 0.0432299672897 0.00402906951614 0.0148918499283 
0.0100515835805 0.177814449251 0.0279217812511 0.0218045518513 0.0250727831878 0.024899901458 -0.00261689040975 0.00382493648253 0.0128601105992 0.0357634334913 0.0204335911307 0.0170099027306 0.0341274192528 0.0358389050014 0.00574041512632 0.0349687040214 0.0291040379708 0.013480187491 0.0297313070175 0.0358386568005 0.0227045963889 0.0116759235839 0.0149441507409 0.0158592102 0.0267740609852 0.00225763619073 0.047256077943 0.0218623368812 0.0123297215949 0.0110273078908 0.00598371334264 0.0218011164877 0.0344312450576 0.0263883921478 0.018562798384 0.0132494178546 0.0291793475835 0.021207815826 0.00786934632785 0.00799446260888 
0.0188750305481 0.0279217812511 0.184410312336 0.00282130773882 0.0276280107059 0.0377321005215 0.0188607193268 0.0152567088559 0.017125300551 0.0339064106514 -0.0124946596367 0.0251080153581 0.0320187076471 0.0385566123814 -0.0136487018397 0.0131445152225 0.0196303207487 0.0156360137284 0.0290945343074 0.0133124495657 -0.0308490876287 0.00138549921931 0.00978452978863 0.00837729219032 0.0101517371932 -0.0139073897797 0.0111889836961 0.00829386230346 0.0168178713224 0.00791800452016 0.006689675774 0.0114349794339 0.0198576225838 0.0105374374769 0.033375807911 0.0218955237108 0.00439942244685 0.0237444092557 0.00860905008305 -0.000482236720444 
0.00580252140699 0.0218045518513 0.00282130773882 0.158921666397 0.0138897130328 0.014610797224 0.00400926161953 -0.0075847879539 -0.00620685487778 0.0135832828148 0.00139392697339 0.0110220598425 -0.00476488462194 -0.00469758745281 -0.0184417046032 0.0160237013969 0.0133258923974 0.0038511219276 0.00292672354765 0.00508646384906 -0.00204712291263 0.01958878827 0.0143952493798 0.00524295631147 0.0112660565179 0.0043755834602 0.0178188515842 0.0127573841229 0.000794110833771 0.0238817765443 -0.0166754453821 0.00124505572414 0.0026135235342 0.0210626126061 0.0065730736253 0.00650827245996 0.0124942787855 0.0044796007509 0.0069219137199 -0.018723307 
0.0127184838144 0.0250727831878 0.0276280107059 0.0138897130328 0.397579933577 0.0249360794856 0.0340075134169 -0.00157987203246 0.0302533382626 0.0129913455494 0.0308494923069 0.0232055377338 0.00363240069365 0.00235410728121 -0.0041221845992 0.0218002466149 0.00497534467875 0.0234025329948 0.00470362371618 0.0256906366903 -0.00307247476947 0.0258007625816 0.125547632809 0.0174099602334 0.00794937980853 -0.0133807858253 0.02013899442 0.000331094361603 -0.000510301452858 0.0595391232564 0.0126943238628 0.0152900870814 0.0292897928652 0.0308498335555 0.0234180501108 0.0214076275525 0.0302816932298 0.0465212947621 0.0474596622524 0.00522091485457 
0.0771504856741 0.024899901458 0.0377321005215 0.014610797224 0.0249360794856 0.609709007401 0.0419548486933 5.18622744625e-05 0.0399310978516 0.0193721343383 0.0169827092681 0.00810002605607 -0.000533384406779 0.027146738706 -0.0023292355067 0.0105268719584 0.00666332376919 0.0851500164328 0.013738554108 0.0208882832887 0.00572005775295 -0.00879374435531 0.0178572679168 0.0116061258631 0.000887209936557 -0.00714817691575 0.0263750093876 0.0227614402934 -0.00889163373916 0.00914757279321 0.0312376059411 -0.0213870040125 0.0111805977359 0.0127926610331 0.0478748046174 -0.00223476678442 0.0505077529008 0.0277316348219 0.00421016765953 -0.0147707332028 
0.0461936925924 -0.00261689040975 0.0188607193268 0.00400926161953 0.0340075134169 0.0419548486933 0.330895391761 0.0130655195213 0.0101120499431 0.00737373377653 0.0308924818903 0.0143912479206 -0.00264396493103 0.0154040199875 0.0120269601395 0.00670816608199 0.0044241886315 0.054291559998 0.0203585830026 0.0597545942898 0.0663489829557 0.0124200366692 0.0199773677297 0.000349351573672 0.0160863729388 0.0158711977027 0.00909194482174 0.00429757373368 0.0271836544435 0.0126595910634 0.0394337473489 -0.00954804435754 0.0125388373406 0.0143444955975 0.020841785863 0.0153754680762 0.0217061529381 0.00789199703649 0.0200006971782 -0.0105134175952 
0.00503893694395 0.00382493648253 0.0152567088559 -0.0075847879539 -0.00157987203246 5.18622744601e-05 0.0130655195213 0.580648499008 -0.0174932444911 0.0167301341935 -0.00246566264028 0.0483445324351 0.0199123309277 0.0338260567191 0.0326804246087 0.00245988003679 0.027822025211 0.0601455362798 0.0100653594811 0.00799265211104 -0.00730193766609 0.06924870526 0.0359733240881 0.0314638001309 0.000889342186113 0.0197463383715 0.00781305037849 0.00778796497863 0.0121837666888 0.0644593566842 0.21570151663 0.0173036367279 0.0708121242466 -0.0102908824093 0.0400062406961 0.022973738134 -0.00444271425226 0.0347658324442 0.0242934883654 -0.0120627042648 
-0.00184817231783 0.0128601105992 0.017125300551 -0.00620685487778 0.0302533382626 0.0399310978516 0.0101120499431 -0.0174932444911 0.380137042359 0.0170557350307 -0.00173416615313 0.00968650674684 -0.00413736819173 0.0240638757883 0.00632224171091 -0.00625470740436 0.0187363846062 0.021778938234 0.0122145543628 0.0156030519956 -0.0132531610535 -0.00717979057598 0.0189460697287 8.25480152687e-06 0.0059135288303 -0.00484365031672 0.0146671892625 0.0102208829438 0.0135213618988 0.0515580105674 -0.0165614618895 0.0239887934258 0.0244275436428 0.0168392579111 0.0100438322742 0.0347874343664 0.00156307937605 0.000256449718376 -0.000922911207792 -0.00318176066159 
0.0244827880184 0.0357634334913 0.0339064106514 0.0135832828148 0.0129913455494 0.0193721343383 0.00737373377653 0.0167301341935 0.0170557350307 0.306890651024 0.0201896769765 -0.00701353128877 0.0373501461753 0.0481934764577 -0.00486000256455 0.0211080107146 0.0405951349809 0.00791950354986 0.0185255944967 0.0292899415769 -0.0124504988768 0.00803073206621 0.0321331096343 0.0229835433263 0.017516448124 -0.0154185538757 0.0258254526244 0.0162993152159 0.0145453564765 -0.00280936658993 -0.000498091157012 0.000264828473453 0.0274431322068 0.0255463621506 0.0139718494883 0.0228855924236 0.0169676655583 0.0300954588215 0.0178938385527 -0.0228904558143 
0.0142940551053 0.0204335911307 -0.0124946596367 0.00139392697339 0.0308494923069 0.0169827092681 0.0308924818903 -0.00246566264028 -0.00173416615313 0.0201896769765 0.521852607992 -0.00243546238995 0.0276288605733 0.00651852340162 -0.00170690142258 -0.0100601331612 0.0216160369913 -0.0114635607698 0.0167684125077 0.0183142345891 -0.0129285844163 0.00970524192478 0.0357273407281 0.0344339226241 -0.00745594085109 0.0123018477911 0.00481407546007 0.0252641349112 0.00494912909214 0.00448275585985 -0.0227592418713 0.00269540507328 0.0130083273379 0.0165329835502 0.00230276885271 0.00196603940813 0.0143274960794 -0.0203914347598 0.0298460587743 -0.00394760436949 
0.00736778167758 0.0170099027306 0.0251080153581 0.0110220598425 0.0232055377338 0.00810002605607 0.0143912479206 0.0483445324351 0.00968650674684 -0.00701353128877 -0.00243546238995 0.198492126144 0.0200933932163 0.0340648169295 -0.01724928305 0.016870076158 0.0100624451745 0.0294281918328 0.0284537413357 0.00548672531447 0.035870576351 0.038038680797 0.013045539887 0.0146703376737 0.00126147117981 0.00631202395559 0.0366003453641 -0.00094132482425 0.0262308871827 0.0402706615323 0.0257467340495 0.0323438635954 0.0481332853611 0.00669372226849 0.00855466676863 0.0139128432861 0.0103615131573 0.0194264182503 0.00101224077765 0.00249630033675 
0.0107259108342 0.0341274192528 0.0320187076471 -0.00476488462194 0.00363240069365 -0.000533384406779 -0.00264396493103 0.0199123309277 -0.00413736819173 0.0373501461753 0.0276288605733 0.0200933932163 0.350675477566 0.0359914803052 0.0182355933805 0.0171516550949 0.01284398209 0.0277163767355 0.0341862925325 0.0218825594178 0.0370361759021 0.0181100428335 0.0198359965206 0.0380089965939 0.0156425845193 -0.00891758160138 0.0252066900032 0.00920315511269 0.0166157926841 0.0414452167829 -0.01409188145 0.0083613247206 0.0288286741642 0.00543607590729 0.0236252360381 0.012932329422 0.0229780158903 -0.00537797971067 0.0352385554596 -0.0463422959786 
0.0500712585118 0.0358389050014 0.0385566123815 -0.00469758745281 0.00235410728121 0.027146738706 0.0154040199875 0.0338260567191 0.0240638757883 0.0481934764577 0.00651852340162 0.0340648169295 0.0359914803052 0.314159407021 0.0361334194499 0.0249834965344 0.0431397097893 -0.00476057895177 0.0115684752889 0.0249783307747 0.00800870756593 -0.0046028458158 -0.0115377223002 0.00840699738583 0.0265383318343 0.0258994889368 0.0493631763561 -0.00143330403059 0.0122290871788 -0.0135824647898 0.00682059458625 0.0209904203857 0.0228119589289 0.0161928581456 0.0347681620662 0.0397788513114 0.0379920085978 0.0359556608251 0.00607563525042 -0.00982964578238 
0.0188939823798 0.00574041512632 -0.0136487018397 -0.0184417046032 -0.0041221845992 -0.0023292355067 0.0120269601395 0.0326804246087 0.00632224171091 -0.00486000256454 -0.00170690142258 -0.01724928305 0.0182355933805 0.0361334194499 0.365596433354 -0.00246707932014 0.0198384789596 -0.00593860906561 0.000581194158109 -0.00589147965849 0.00576796444416 -0.00868463364211 0.0311718004525 -0.000825952879515 0.0386743469857 -0.00178902917595 -0.0129029047007 -0.00740129319134 -0.00313625331756 -0.0302660701564 0.00220911574744 0.0128091873082 0.0227338568337 0.00397369698435 0.0313982875314 0.00685415472227 0.0701573835446 0.0138307170535 0.00259859234889 0.0278764256623 
-0.0138743905056 0.0349687040214 0.0131445152225 0.0160237013969 0.0218002466149 0.0105268719584 0.00670816608199 0.00245988003679 -0.00625470740436 0.0211080107146 -0.0100601331612 0.016870076158 0.0171516550949 0.0249834965344 -0.00246707932014 0.22883854002 0.00404430373455 0.0201218316786 0.0108880182657 0.00532510211857 0.036410095243 -0.000891172520354 0.021677633268 0.0185929156316 0.0160216516604 -0.00320075596654 0.0231776613108 0.0222162090315 0.0199839741483 0.00884833177058 0.00284654575972 -0.00741038246727 0.020200345655 0.0212389823219 0.0320078523824 0.0152175783471 0.0328154385348 0.0157992148584 -0.00948839411447 -0.0154427034753 
0.0253097720548 0.0291040379708 0.0196303207487 0.0133258923974 0.00497534467875 0.00666332376919 0.0044241886315 0.027822025211 0.0187363846062 0.0405951349809 0.0216160369913 0.0100624451745 0.01284398209 0.0431397097893 0.0198384789596 0.00404430373455 0.187604614856 0.023565792656 0.0154157197896 0.0255615777 0.0407455055355 0.000756274648328 -0.00300580098693 0.0145547471973 0.0119079517285 0.0102944709509 0.0358073681152 0.0128113274443 0.0164554015818 0.0120269373669 0.0214184300502 0.0176004501451 0.0249702178101 0.0173858989785 0.0274976923094 0.0144420970286 0.0121702494491 0.0316583859555 0.0134772030156 0.00132365685308 
0.0336336087013 0.013480187491 0.0156360137284 0.00385112192761 0.0234025329948 0.0851500164328 0.054291559998 0.0601455362798 0.021778938234 0.00791950354986 -0.0114635607698 0.0294281918328 0.0277163767355 -0.00476057895177 -0.00593860906561 0.0201218316786 0.023565792656 0.379742150598 0.00799794314106 0.0157859731723 -0.00304423936964 0.0401221044891 0.00138650742613 0.0106844464173 0.00722751483315 0.0380727365763 0.0291325932051 0.00761577742241 0.0207214427471 0.0526355501743 0.0476381434494 0.00234421270194 0.0150723433183 0.0141841468296 0.0481034916363 0.0201969777928 0.00818606171282 0.0173548682218 0.0142017123732 -0.0158980476867 
0.0134977749579 0.0297313070175 0.0290945343074 0.00292672354765 0.00470362371618 0.013738554108 0.0203585830026 0.0100653594811 0.0122145543628 0.0185255944967 0.0167684125077 0.0284537413357 0.0341862925325 0.0115684752889 0.000581194158108 0.0108880182657 0.0154157197896 0.00799794314106 0.162948208164 0.0122111645362 0.0129790786806 0.0168277841718 0.00766934669524 0.00662007566343 0.00617272323338 -0.00082253263002 0.0161630388723 0.0140533048839 -0.00152856299966 0.019198809182 0.00601809692002 0.0132235219098 0.011325464902 0.0182002557309 0.0419570399026 0.0411868955846 0.0252647294669 0.00213792499469 -0.00511028831016 0.0245262932857 
0.00488471896792 0.0358386568005 0.0133124495657 0.00508646384906 0.0256906366903 0.0208882832887 0.0597545942898 0.00799265211104 0.0156030519956 0.0292899415769 0.0183142345891 0.00548672531447 0.0218825594178 0.0249783307747 -0.00589147965848 0.00532510211857 0.0255615777 0.0157859731723 0.0122111645362 0.220622741648 0.0120827239107 0.0078447001874 0.0110500971632 0.00838390504004 0.00534984027375 0.00622450466522 0.0353796564407 0.00156397381621 0.0226007596508 0.0116587331821 0.0258378532136 -0.00992071602699 0.0303911543438 0.0103651007254 0.0117672089993 0.0114874251462 0.0162877324535 0.0151932272101 0.000668882676601 -8.73764962398e-05 
0.0906990304704 0.0227045963889 -0.0308490876287 -0.00204712291263 -0.00307247476947 0.00572005775295 0.0663489829557 -0.00730193766609 -0.0132531610535 -0.0124504988768 -0.0129285844163 0.035870576351 0.0370361759021 0.00800870756593 0.00576796444416 0.036410095243 0.0407455055355 -0.00304423936964 0.0129790786806 0.0120827239107 0.867904584135 0.0559090681348 0.0156217892112 0.0147617626742 0.00969647859073 0.0176037832228 0.0485598386992 -0.0125082829083 -0.00168187262995 -0.0283144782597 0.0119985850538 0.00517640988166 0.009577173981 -0.0057326901727 -0.00417618539745 -0.00425679143213 0.0121248950258 0.04187342966 0.000327763973889 0.0025047312144 
0.0185832773599 0.0116759235839 0.00138549921931 0.01958878827 0.0258007625816 -0.00879374435531 0.0124200366692 0.06924870526 -0.00717979057598 0.00803073206621 0.00970524192478 0.038038680797 0.0181100428335 -0.0046028458158 -0.00868463364211 -0.000891172520353 0.000756274648328 0.0401221044891 0.0168277841718 0.0078447001874 0.0559090681348 0.477270039299 0.00732051178976 0.0401342782112 0.0129105382126 0.00967217327194 0.0195291451242 0.00429993509429 0.015172155748 0.0175525097086 0.032802474398 -0.00187355924463 0.0396475879739 0.00242900265477 0.0278678786129 0.018807972948 0.00734818423566 -0.000376446933225 0.0170849944322 -0.00105152382778 
0.0107630529542 0.0149441507409 0.00978452978863 0.0143952493798 0.125547632809 0.0178572679168 0.0199773677297 0.0359733240881 0.0189460697287 0.0321331096343 0.0357273407281 0.013045539887 0.0198359965206 -0.0115377223002 0.0311718004525 0.021677633268 -0.00300580098693 0.00138650742613 0.00766934669524 0.0110500971632 0.0156217892112 0.00732051178976 0.362226024451 0.0174567870228 0.00575587734534 -0.00547556969265 -0.00501642233785 0.0163635032598 0.00249604795155 0.0244415217495 0.0282683333784 0.0152156354392 0.00770620058827 0.0226278261505 0.0534430062452 0.0219423265619 0.0273056903094 0.00454221342004 -0.00438337042816 -0.0121660387063 
0.0231941090015 0.0158592102 0.00837729219032 0.00524295631147 0.0174099602334 0.0116061258631 0.00034935157367 0.0314638001309 8.25480152706e-06 0.0229835433263 0.0344339226241 0.0146703376737 0.0380089965939 0.00840699738583 -0.000825952879514 0.0185929156316 0.0145547471973 0.0106844464173 0.00662007566343 0.00838390504004 0.0147617626742 0.0401342782112 0.0174567870228 0.141952680764 0.0208248942242 0.0242387037129 0.0161014117152 -0.00256654269429 0.00519951742946 0.00758481990158 -0.000138394617947 -0.0027308340718 0.0249206954055 0.0208659594634 0.003322280133 0.00444742905415 0.00123773635252 0.0168828671474 0.000262420803236 0.0109942763901 
0.0210136541584 0.0267740609852 0.0101517371932 0.0112660565179 0.00794937980853 0.000887209936557 0.0160863729388 0.000889342186113 0.0059135288303 0.017516448124 -0.00745594085109 0.0012614711798 0.0156425845193 0.0265383318343 0.0386743469857 0.0160216516604 0.0119079517285 0.00722751483315 0.00617272323338 0.00534984027375 0.00969647859074 0.0129105382126 0.00575587734534 0.0208248942242 0.155494830753 0.00195317076329 0.0127757282507 0.0129896700635 0.0184212942249 0.0180588919696 -0.00197526221143 0.0117955470485 0.00994947532321 0.0302280856846 0.00427598830567 0.0030946503003 0.0200084463936 0.017106537044 -0.00907219860433 -0.00854215595395 
0.0314308531366 0.00225763619073 -0.0139073897797 0.00437558346019 -0.0133807858253 -0.00714817691575 0.0158711977027 0.0197463383715 -0.00484365031672 -0.0154185538757 0.0123018477911 0.00631202395559 -0.00891758160138 0.0258994889368 -0.00178902917595 -0.00320075596654 0.0102944709509 0.0380727365763 -0.000822532630019 0.00622450466522 0.0176037832228 0.00967217327194 -0.00547556969265 0.0242387037129 0.00195317076329 0.221325582632 -0.00595663595875 0.00283239753043 0.00517753003099 0.000728808473256 -0.0137610039034 0.00681036695012 0.00543310305658 0.00358103301152 0.00188122503454 0.015661559187 0.00473065301876 0.0134317164388 -0.0148760310631 0.000584989663261 
0.0231073787725 0.047256077943 0.0111889836961 0.0178188515842 0.02013899442 0.0263750093876 0.00909194482175 0.00781305037849 0.0146671892625 0.0258254526244 0.00481407546007 0.0366003453641 0.0252066900032 0.0493631763561 -0.0129029047007 0.0231776613108 0.0358073681152 0.0291325932051 0.0161630388723 0.0353796564407 0.0485598386992 0.0195291451242 -0.00501642233785 0.0161014117152 0.0127757282507 -0.00595663595876 0.225212788403 0.00469210416606 0.0284396690605 0.00582101364972 0.0387141203077 0.0327335146273 0.0392282924876 0.0305361473089 0.0423842978401 0.0419202488423 0.0270390434857 0.0432644477425 0.0048631139038 -0.0111009824287 
0.00832242208548 0.0218623368812 0.00829386230346 0.0127573841229 0.000331094361603 0.0227614402934 0.00429757373368 0.00778796497864 0.0102208829438 0.0162993152159 0.0252641349112 -0.000941324824248 0.00920315511269 -0.00143330403059 -0.00740129319135 0.0222162090315 0.0128113274443 0.00761577742241 0.0140533048839 0.00156397381621 -0.0125082829083 0.00429993509429 0.0163635032598 -0.00256654269429 0.0129896700635 0.00283239753043 0.00469210416606 0.189117180629 -0.00138970329342 -0.00316232309214 0.0160399440524 0.00456204644562 -0.00400265646544 0.0106359059427 0.0150730854099 0.0269150025245 -0.00968411199563 -0.00414910500856 -0.00164102550334 0.00446983622832 
0.0181491704353 0.0123297215949 0.0168178713224 0.000794110833767 -0.000510301452858 -0.00889163373916 0.0271836544435 0.0121837666888 0.0135213618988 0.0145453564765 0.00494912909214 0.0262308871827 0.0166157926841 0.0122290871788 -0.00313625331756 0.0199839741483 0.0164554015818 0.0207214427471 -0.00152856299966 0.0226007596508 -0.00168187262995 0.015172155748 0.00249604795155 0.00519951742946 0.0184212942249 0.00517753003099 0.0284396690605 -0.00138970329342 0.186682170379 -0.00175982088617 0.0028657500659 0.0160163648864 0.0193446309527 0.00862335131203 0.000957764470619 0.0131889521145 0.00680639750071 0.00178005511636 0.010212048281 -0.0380452740252 
0.0163294307556 0.0110273078908 0.00791800452016 0.0238817765443 0.0595391232564 0.00914757279321 0.0126595910634 0.0644593566842 0.0515580105674 -0.00280936658993 0.00448275585985 0.0402706615323 0.0414452167829 -0.0135824647898 -0.0302660701564 0.00884833177058 0.0120269373669 0.0526355501743 0.019198809182 0.0116587331821 -0.0283144782597 0.0175525097086 0.0244415217495 0.00758481990158 0.0180588919696 0.000728808473256 0.00582101364972 -0.00316232309214 -0.00175982088617 0.550247026617 0.00174679377699 -0.0154177459051 0.0101298316354 0.0152622109154 -0.000707378931948 0.0157223812366 -0.00977965329689 0.0258380346336 0.00891776504429 -0.00562065300684 
0.015861521538 0.00598371334264 0.006689675774 -0.0166754453821 0.0126943238628 0.0312376059411 0.0394337473489 0.21570151663 -0.0165614618895 -0.000498091157012 -0.0227592418713 0.0257467340495 -0.01409188145 0.00682059458625 0.00220911574744 0.00284654575972 0.0214184300502 0.0476381434494 0.00601809692002 0.0258378532136 0.0119985850538 0.032802474398 0.0282683333784 -0.000138394617949 -0.00197526221143 -0.0137610039034 0.0387141203077 0.0160399440524 0.0028657500659 0.00174679377699 0.419215736035 0.0570973848997 0.0551035015376 0.0107872248997 0.0253835280691 0.0125945133807 -0.00752000384591 0.0148967362385 -0.0126930354601 -0.0245894363221 
0.00130247178522 0.0218011164877 0.0114349794339 0.00124505572414 0.0152900870814 -0.0213870040125 -0.00954804435754 0.0173036367279 0.0239887934258 0.000264828473454 0.00269540507328 0.0323438635954 0.0083613247206 0.0209904203857 0.0128091873082 -0.00741038246727 0.0176004501451 0.00234421270194 0.0132235219098 -0.00992071602699 0.00517640988166 -0.00187355924463 0.0152156354392 -0.0027308340718 0.0117955470485 0.00681036695012 0.0327335146273 0.00456204644562 0.0160163648864 -0.0154177459051 0.0570973848997 0.351844299653 0.0144623106577 0.0377148276933 0.0355551763405 0.0304636518266 0.0222244355674 -0.00810375079028 0.0521106027426 -0.014857679329 
0.019009013825 0.0344312450576 0.0198576225838 0.00261352353421 0.0292897928652 0.0111805977359 0.0125388373406 0.0708121242466 0.0244275436428 0.0274431322068 0.0130083273379 0.0481332853611 0.0288286741642 0.0228119589289 0.0227338568337 0.020200345655 0.0249702178101 0.0150723433183 0.011325464902 0.0303911543438 0.009577173981 0.0396475879739 0.00770620058827 0.0249206954055 0.00994947532321 0.00543310305658 0.0392282924876 -0.00400265646544 0.0193446309527 0.0101298316354 0.0551035015376 0.0144623106577 0.188121699461 0.0128753626016 0.0212143967906 0.0352339916394 0.0289509852438 0.0119745854023 0.021469691977 0.00964840721042 
0.0305031251844 0.0263883921478 0.0105374374769 0.0210626126061 0.0308498335555 0.0127926610331 0.0143444955975 -0.0102908824093 0.0168392579111 0.0255463621506 0.0165329835502 0.00669372226849 0.00543607590729 0.0161928581456 0.00397369698435 0.0212389823219 0.0173858989785 0.0141841468296 0.0182002557309 0.0103651007254 -0.0057326901727 0.00242900265477 0.0226278261505 0.0208659594634 0.0302280856846 0.00358103301152 0.0305361473089 0.0106359059427 0.00862335131203 0.0152622109154 0.0107872248997 0.0377148276933 0.0128753626016 0.180140639553 0.02100620366 0.00383973514047 0.028977902236 0.00434150075171 0.00774995333979 -0.0305383956182 
0.0765201928663 0.018562798384 0.033375807911 0.00657307362529 0.0234180501108 0.0478748046174 0.020841785863 0.0400062406961 0.0100438322742 0.0139718494883 0.00230276885271 0.00855466676863 0.0236252360381 0.0347681620662 0.0313982875314 0.0320078523824 0.0274976923094 0.0481034916363 0.0419570399026 0.0117672089993 -0.00417618539745 0.0278678786129 0.0534430062452 0.003322280133 0.00427598830567 0.00188122503454 0.0423842978401 0.0150730854099 0.000957764470618 -0.000707378931948 0.0253835280691 0.0355551763405 0.0212143967906 0.02100620366 0.254165657412 0.0676268718543 0.0244231061421 0.00478774523197 -0.00411687965326 -0.00900169754846 
0.0133187669426 0.0132494178546 0.0218955237108 0.00650827245996 0.0214076275525 -0.00223476678442 0.0153754680762 0.022973738134 0.0347874343664 0.0228855924236 0.00196603940813 0.0139128432861 0.012932329422 0.0397788513114 0.00685415472227 0.0152175783471 0.0144420970286 0.0201969777928 0.0411868955846 0.0114874251462 -0.00425679143213 0.018807972948 0.0219423265619 0.00444742905415 0.00309465030029 0.015661559187 0.0419202488423 0.0269150025245 0.0131889521145 0.0157223812366 0.0125945133807 0.0304636518266 0.0352339916394 0.00383973514047 0.0676268718543 0.212427830569 0.0380185872786 -0.000390673793855 0.033201961565 -0.00558725536857 
0.0353434446055 0.0291793475835 0.00439942244685 0.0124942787855 0.0302816932298 0.0505077529008 0.0217061529381 -0.00444271425226 0.00156307937605 0.0169676655583 0.0143274960794 0.0103615131573 0.0229780158903 0.0379920085978 0.0701573835446 0.0328154385348 0.0121702494491 0.00818606171282 0.0252647294669 0.0162877324535 0.0121248950258 0.00734818423566 0.0273056903094 0.00123773635252 0.0200084463936 0.00473065301876 0.0270390434857 -0.00968411199563 0.00680639750071 -0.00977965329689 -0.00752000384591 0.0222244355674 0.0289509852438 0.028977902236 0.0244231061421 0.0380185872786 0.339070363155 -0.00301617096016 -0.0035006249479 -0.0142612296294 
0.0432299672897 0.021207815826 0.0237444092557 0.00447960075091 0.0465212947621 0.0277316348219 0.00789199703649 0.0347658324442 0.000256449718377 0.0300954588215 -0.0203914347598 0.0194264182503 -0.00537797971067 0.0359556608251 0.0138307170535 0.0157992148584 0.0316583859555 0.0173548682218 0.00213792499469 0.0151932272101 0.04187342966 -0.000376446933225 0.00454221342004 0.0168828671474 0.017106537044 0.0134317164388 0.0432644477425 -0.00414910500856 0.00178005511636 0.0258380346336 0.0148967362385 -0.00810375079028 0.0119745854023 0.00434150075171 0.00478774523197 -0.000390673793855 -0.00301617096016 0.226342730089 0.01097906963 0.0125640690962 
0.00402906951614 0.00786934632785 0.00860905008305 0.00692191371989 0.0474596622524 0.00421016765953 0.0200006971782 0.0242934883654 -0.000922911207792 0.0178938385527 0.0298460587743 0.00101224077765 0.0352385554596 0.00607563525042 0.00259859234889 -0.00948839411447 0.0134772030156 0.0142017123732 -0.00511028831016 0.000668882676601 0.000327763973889 0.0170849944322 -0.00438337042816 0.000262420803236 -0.00907219860433 -0.0148760310631 0.0048631139038 -0.00164102550334 0.010212048281 0.00891776504429 -0.0126930354601 0.0521106027426 0.021469691977 0.00774995333979 -0.00411687965326 0.033201961565 -0.0035006249479 0.01097906963 0.421208901626 0.0265436222318 
0.0148918499283 0.00799446260888 -0.000482236720445 -0.018723307 0.00522091485457 -0.0147707332028 -0.0105134175952 -0.0120627042648 -0.00318176066159 -0.0228904558143 -0.00394760436949 0.00249630033675 -0.0463422959786 -0.00982964578238 0.0278764256623 -0.0154427034753 0.00132365685308 -0.0158980476867 0.0245262932857 -8.73764962398e-05 0.0025047312144 -0.00105152382778 -0.0121660387063 0.0109942763901 -0.00854215595395 0.000584989663261 -0.0111009824287 0.00446983622832 -0.0380452740252 -0.00562065300684 -0.0245894363221 -0.014857679329 0.00964840721042 -0.0305383956182 -0.00900169754846 -0.00558725536857 -0.0142612296294 0.0125640690962 0.0265436222318 1.93672115602 
0.0313631666342 0.000870492672895 0.00163462559519 0.000502513094445 0.00110145300809 0.00668142805081 0.00400049112796 0.000436384740153 -0.000160056417781 0.00212027163794 0.00123790148443 0.000638068610232 0.000928891126118 0.00433629818707 0.00163626687195 -0.00120155746399 0.00219189055634 0.00291275595563 0.00116894160081 0.000423029071656 0.0078547664486 0.00160935902793 0.000932107728057 0.00200866876134 0.00181983583275 0.00272199172789 0.00200115770319 0.000720742894704 0.00157176426545 0.00141417018637 0.00137364805946 0.000112797365372 0.00164622888734 0.00264164813045 0.00662684309247 0.00115343905193 0.00306083208856 0.00374382498777 0.000348927655459 0.00128967203473 
0.000870492672895 0.0153991830211 0.00241809718824 0.00188832958214 0.00217136671842 0.00215639472143 -0.000226629357376 0.000331249216173 0.00111371824744 0.00309720419301 0.00176960090098 0.00147310078806 0.00295552120385 0.0031037402175 0.000497134532766 0.003028378602 0.00252048362354 0.0011674184815 0.00257480671649 0.00310371872268 0.00196627572554 0.00101116464363 0.00129420141796 0.00137344789171 0.00231870169756 0.000195517029368 0.00409249639819 0.00189333391252 0.00106778521228 0.000954992876878 0.000518204776369 0.00188803207092 0.00298183329038 0.0022853017965 0.00160758549659 0.00114743324474 0.00252700562732 0.00183665072641 0.00068150538311 0.000692340770889 
0.00163462559519 0.00241809718824 0.0159704015203 0.000244332417371 0.00239265591274 0.00326769575897 0.00163338620707 0.00132126974473 0.00148309453246 0.00293638129752 -0.0010820692657 0.00217441791387 0.00277290142187 0.00333910058062 -0.00118201225218 0.00113834841031 0.00170003564528 0.00135411851027 0.00251966058215 0.00115289195105 -0.002671609357 0.000119987752085 0.000847365136104 0.000725494785174 0.000879166230188 -0.00120441528495 0.000968994412331 0.000718269545029 0.00145647038028 0.000685719306174 0.000579342916337 0.000990298268148 0.00171972056163 0.000912568854578 0.00289042975227 0.00189620797628 0.000381001160095 0.00205632616133 0.000745565607437 -4.17629250543e-05 
0.000502513094445 0.00188832958214 0.000244332417371 0.0137630200311 0.00120288443377 0.00126533215655 0.000347212241293 -0.00065686190504 -0.000537529400176 0.00117634679844 0.000120717616998 0.000954538382566 -0.00041265111287 -0.000406823007063 -0.00159709846755 0.00138769324723 0.00115405613442 0.000333516942238 0.000253461694212 0.000440500690871 -0.0001772860447 0.00169643882712 0.00124666516567 0.000454053335666 0.0009756691145 0.000378936643291 0.00154315781382 0.00110482187362 6.87720155466e-05 0.00206822251749 -0.00144413593203 0.000107824988623 0.000226337777401 0.0018240757587 0.000569244874045 0.000563632928507 0.00108203628302 0.00038794480491 0.000599455312423 -0.00162148595048 
0.00110145300809 0.00217136671842 0.00239265591274 0.00120288443377 0.0344314322513 0.00215952783053 0.00294513705386 -0.000136820931484 0.00262001594847 0.00112508352751 0.00267164440317 0.00200965851859 0.000314575127742 0.000203871670877 -0.0003569916582 0.00188795673772 0.000430877488438 0.00202671880864 0.000407345762806 0.00222487440132 -0.000266084120285 0.00223441158326 0.0108727439397 0.0015077467841 0.000688436485852 -0.00115881004473 0.00174408807744 2.86736128198e-05 -4.41934021763e-05 0.00515623932591 0.0010993606949 0.00132416038386 0.00253657046928 0.00267167395616 0.0020280626303 0.00185395492953 0.00262247156066 0.0040288623081 0.00411012731656 0.000452144489505 
0.00668142805081 0.00215639472143 0.00326769575897 0.00126533215655 0.00215952783053 0.0528023489325 0.00363339647803 4.49140471826e-06 0.00345813451405 0.00167767604625 0.00147074576513 0.000701482833587 -4.61924446253e-05 0.00235097653493 -0.00020171771202 0.000911653853837 0.000577060765776 0.00737420773634 0.00118979368688 0.00180897839695 0.000495371532517 -0.000761560600608 0.00154648476582 0.0010051199837 7.68346343548e-05 -0.000619050279979 0.00228414281547 0.00197119855208 -0.000770038069926 0.000792203042188 0.00270525602984 -0.00185216887856 0.000968268166882 0.00110787694366 0.00414607969999 -0.000193536480684 0.00437409971002 0.00240163002442 0.000364611214734 -0.00127918301862 
0.00400049112796 -0.000226629357376 0.00163338620707 0.000347212241293 0.00294513705386 0.00363339647803 0.028656381526 0.00113150718191 0.000875729213504 0.000638584077121 0.00267536741029 0.00124631862914 -0.000228974079698 0.00133402726296 0.00104156530111 0.000580944223981 0.000383145974602 0.00470178701694 0.00176310500653 0.00517489966478 0.00574599047549 0.00107560672715 0.00173009079546 3.02547337652e-05 0.00139312076198 0.00137448603991 0.000787385518544 0.0003721808028 0.00235417353158 0.00109635274624 0.00341506269705 -0.000826884897009 0.00108589516709 0.00124226975919 0.00180495160176 0.00133155459491 0.00187980798628 0.000683466992019 0.00173211118497 -0.000910488671805 
0.000436384740153 0.000331249216173 0.00132126974473 -0.00065686190504 -0.000136820931483 4.49140471805e-06 0.00113150718191 0.050285635081 -0.00151495941239 0.00144887212203 -0.000213532648364 0.00418675932228 0.00172445844319 0.00292942244286 0.00283020779176 0.000213031860212 0.00240945806174 0.00520875623425 0.000871685700888 0.000692183977177 -0.000632366351568 0.00599711379343 0.00311538125189 0.00272484502129 7.70192925831e-05 0.00171008306614 0.000676630010882 0.000674457551528 0.00105514514663 0.00558234404002 0.0186802993036 0.00149853889842 0.00613250984935 -0.000891216559381 0.00346464207528 0.00198958408439 -0.000384750340422 0.00301080940804 0.00210387780709 -0.00104466083316 
-0.000160056417781 0.00111371824744 0.00148309453246 -0.000537529400176 0.00262001594847 0.00345813451405 0.000875729213504 -0.00151495941239 0.0329208335602 0.00147706998168 -0.0001501831943 0.000838876091669 -0.000358306595884 0.00208399277462 0.000547522193051 -0.000541673550542 0.0016226185044 0.00188611137781 0.00105781143741 0.00135126394047 -0.00114775741528 -0.000621788103265 0.00164077776869 7.14886782547e-07 0.000512126619305 -0.000419472422133 0.00127021585035 0.00088515442784 0.00117098428981 0.004465054692 -0.00143426467202 0.00207749045128 0.00211548733467 0.00145832251319 0.000869821390085 0.00301268018938 0.000135366644779 2.22091970907e-05 -7.99264551385e-05 -0.00027554855617 
0.00212027163794 0.00309720419301 0.00293638129752 0.00117634679844 0.00112508352751 0.00167767604625 0.000638584077122 0.00144887212203 0.00147706998168 0.0265775099971 0.00174847731558 -0.000607389626631 0.00323461754228 0.0041736774909 -0.000420888568335 0.00182800735022 0.00351564181635 0.000685849125954 0.00160436354543 0.0025365833481 -0.00107824483171 0.000695481798032 0.00278280892459 0.00199043323896 0.00151696890594 -0.00133528593459 0.0022365498037 0.00141156210412 0.00125966482157 -0.000243298283542 -4.31359595373e-05 2.29348185656e-05 0.00237664496505 0.00221237985967 0.00120999765947 0.00198195044195 0.00146944294164 0.0026063431878 0.00154965187578 -0.00198237162394 
0.00123790148443 0.00176960090098 -0.0010820692657 0.000120717616997 0.00267164440317 0.00147074576513 0.00267536741029 -0.000213532648364 -0.0001501831943 0.00174847731558 0.0451937615552 -0.000210917229966 0.00239272951341 0.000564520686096 -0.000147821999371 -0.000871233088302 0.00187200371636 -0.00099277348445 0.00145218712128 0.0015860592405 -0.00111964825395 0.000840498605673 0.00309407846802 0.00298206517444 -0.000645703418616 0.00106537127006 0.000416911164416 0.00218793826377 0.00042860715204 0.00038821804536 -0.00197100816314 0.000233428926695 0.00112655419354 0.00143179837549 0.000199425632549 0.000170264007228 0.00124079755773 -0.00176595005216 0.00258474451014 -0.000341872566807 
0.000638068610232 0.00147310078806 0.00217441791387 0.000954538382566 0.00200965851859 0.000701482833587 0.00124631862914 0.00418675932228 0.000838876091669 -0.000607389626631 -0.000210917229966 0.0171899223692 0.00174013889735 0.00295009968362 -0.00149383173184 0.00146099145166 0.000871433314528 0.00254855617146 0.00246416628295 0.000475164350592 0.00310648303684 0.00329424638967 0.00112977689482 0.00127048851075 0.000109246608785 0.000546637309484 0.00316968288726 -8.15211211014e-05 0.00227166146641 0.00348754159142 0.00222973257513 0.00280106075302 0.00416846478903 0.000579693353039 0.000740855874255 0.00120488757246 0.000897333361584 0.00168237717093 8.76626228194e-05 0.00021618595071 
0.000928891126118 0.00295552120385 0.00277290142187 -0.00041265111287 0.000314575127742 -4.61924446253e-05 -0.000228974079698 0.00172445844319 -0.000358306595884 0.00323461754228 0.00239272951341 0.00174013889735 0.0303693872056 0.00311695362641 0.00157924871206 0.00148537690291 0.00111232147757 0.00240030863538 0.00296061977943 0.00189508523556 0.00320742691903 0.00156837571574 0.00171784768962 0.00329167566227 0.00135468755745 -0.000772285220711 0.00218296338881 0.000797016612256 0.00143896985684 0.00358926105994 -0.00122039273228 0.000724111961733 0.00249663641837 0.000470777983261 0.00204600545794 0.00111997258096 0.00198995454896 -0.000465746705047 0.00305174842207 -0.00401336055872 
0.00433629818707 0.0031037402175 0.00333910058062 -0.000406823007063 0.000203871670877 0.00235097653493 0.00133402726296 0.00292942244286 0.00208399277462 0.0041736774909 0.000564520686096 0.00295009968362 0.00311695362641 0.0272070027318 0.00312924591692 0.00216363426741 0.00373600845894 -0.000412278230895 0.00100185934833 0.0021631868995 0.000693574420357 -0.000398618140618 -0.000999196061381 0.000728067330568 0.00229828695426 0.00224296153643 0.00427497647359 -0.000124127770184 0.00105907001619 -0.0011762759554 0.000590680818061 0.00181782372902 0.00197557359425 0.0014023426514 0.00301101115922 0.00344494957691 0.00329020445865 0.00311385156844 0.000526165447099 -0.000851272295774 
0.00163626687195 0.000497134532766 -0.00118201225218 -0.00159709846755 -0.0003569916582 -0.00020171771202 0.00104156530111 0.00283020779176 0.000547522193051 -0.000420888568335 -0.000147821999371 -0.00149383173184 0.00157924871206 0.00312924591692 0.0316615798817 -0.000213655336439 0.00171806267514 -0.000514298631397 5.03328905454e-05 -0.000510217105013 0.000499520373677 -0.000752111335663 0.00269955710735 -7.15296175989e-05 0.00334929669644 -0.000154934471448 -0.00111742432535 -0.000640970792456 -0.000271607504571 -0.00262111856281 0.000191315035718 0.00110930816107 0.0019688097544 0.000344132253539 0.00271917146375 0.000593587211095 0.00607580764127 0.00119777523209 0.000225044698822 0.00241416927902 
-0.00120155746399 0.003028378602 0.00113834841031 0.00138769324723 0.00188795673772 0.000911653853837 0.000580944223981 0.000213031860212 -0.000541673550542 0.00182800735022 -0.000871233088302 0.00146099145166 0.00148537690291 0.00216363426741 -0.000213655336439 0.0198179989022 0.000350246977474 0.00174260174043 0.000942930041496 0.000461167371243 0.00315320674346 -7.71778041781e-05 0.0018773381104 0.00161019372674 0.00138751573485 -0.000277193597834 0.00200724434955 0.00192398013971 0.0017306629281 0.000766288009444 0.000246518094096 -0.000641757946842 0.00174940125025 0.00183934982413 0.00277196132838 0.00131788094326 0.00284190034075 0.00136825214272 -0.000821719034425 -0.00133737735127 
0.00219189055634 0.00252048362354 0.00170003564528 0.00115405613442 0.000430877488438 0.000577060765776 0.000383145974602 0.00240945806174 0.0016226185044 0.00351564181635 0.00187200371636 0.000871433314528 0.00111232147757 0.00373600845894 0.00171806267514 0.000350246977474 0.0162470362333 0.00204085751004 0.00133504049554 0.0022136975649 0.00352866428838 6.5495305769e-05 -0.00026031000134 0.00126047808185 0.00103125887039 0.000891527336201 0.00310100904304 0.0011094935023 0.00142507957993 0.00104156332894 0.00185489045326 0.00152424369437 0.00216248429616 0.0015056630183 0.00238137000854 0.00125072229107 0.00105397451933 0.00274169664802 0.00116716001835 0.000114632046066 
0.00291275595563 0.0011674184815 0.00135411851027 0.000333516942238 0.00202671880864 0.00737420773634 0.00470178701694 0.00520875623425 0.00188611137781 0.000685849125954 -0.00099277348445 0.00254855617146 0.00240030863538 -0.000412278230895 -0.000514298631397 0.00174260174043 0.00204085751004 0.0328866349305 0.000692642193818 0.00136710537907 -0.000263638862931 0.00347467617409 0.000120075065356 0.000925300202279 0.000625921145173 0.00329719570666 0.00252295657937 0.000659545671737 0.00179452958221 0.00455837235931 0.00412558424163 0.000203014775175 0.00130530322082 0.00122838314855 0.00416588457678 0.00174910958483 0.000708933740025 0.00150297567595 0.00122990436924 -0.00137681131672 
