30
0.059162885268 0.0723241103927 0.0477990277318 0.0861150338972 0.0176756211385 0.0328492958576 0.20394989535 0.0101927526284 0.12260521459 0.11775000089 0.0558285331973 0.0121413644826 0.125840316239 0.0415957971797 0.0729597235382 0.0142076594304 0.080702843163 0.0444525953717 0.0657027666716 0.0524452719686 0.0431194173031 0.0345230729479 0.0110311255814 0.0321720089654 0.158066549078 0.110578936942 0.0170913584406 0.126255379542 0.09797045465 0.0251356843311 
0.352762552167 0.0106901129982 0.00689323993965 0.0160093505843 -0.0101975456339 0.0129794796843 0.0186862341546 -0.011207365812 0.0216523559599 -0.0142312216934 0.00767770695922 0.00526219187478 0.0438499570885 0.0405292762372 0.0121757587434 0.00660995697727 -2.90902461029e-05 0.0017208915295 -0.00676482649603 0.00262265948813 0.0296654190026 0.00405254874462 0.0123324734007 0.0230298261407 -0.0127085260696 0.000847217062488 0.00687164504505 4.30397441608e-05 0.00155790859071 -0.00352151176215 
0.0106901129982 0.367141324112 0.00445417323788 0.0312401224375 0.026402497654 0.00998722050143 0.0103950738533 0.0525980973114 0.0255813164948 0.000153177965035 0.025315501279 0.0110470450841 0.036276414687 0.0481098692983 0.0178750527293 0.0145317206589 0.000244992832782 0.0197575790916 0.0138727649119 0.0114415541879 0.0185037296586 0.0309225108335 0.010526546614 0.035580714085 0.00491540525243 0.0100742017574 0.0209369620471 0.0201554566624 0.108080116431 0.00104245202724 
0.00689323993965 0.00445417323788 0.281935590271 0.0135004866143 0.0111260946802 0.00679649885867 0.00737279568947 0.00216345597268 0.0172581332099 0.0294391061109 0.0544541649117 0.0349174141923 0.0341439936676 0.0194546276321 0.0140673518657 0.0153240667105 -0.0143356832695 0.00798471182732 0.0129078175299 0.0148227460248 0.0107490754104 0.0113977070939 0.0181862282579 0.00823826990313 0.00596273593566 -0.00278252786589 0.0273100560329 0.0332148614095 0.034220378993 0.0113796086648 
0.0160093505843 0.0312401224375 0.0135004866143 0.229156508173 0.00722420880998 0.0334969337752 0.00708990382217 0.00967081171734 0.0205799763916 0.0360313216729 0.062619408353 -0.00382428140443 0.047319724296 0.0288631030867 0.0277522551048 0.0058761867355 0.0192320577111 -0.00880519740988 0.00442076755276 0.0219183506134 0.028346406226 0.0147188987028 0.0137887921175 0.0290547397239 -0.018198464353 0.0272465550088 0.0269388028091 0.0312590724803 0.05203976346 0.0158722338091 
-0.0101975456339 0.026402497654 0.0111260946802 0.00722420880998 0.189916391077 0.0131009373608 -4.6781695806e-05 0.0226525620559 0.0328313910933 0.0276757457999 0.0126750738597 0.009186503159 0.0247767009887 0.0373492718367 0.0234822744691 0.0163761350975 0.0259762535348 0.0108064124459 0.0217509976323 0.0226443379683 0.0251076294925 0.00114382243738 0.00536725759553 0.0126993216083 0.0141539142962 0.01562707874 0.00906487375042 0.022098980955 0.0154321917357 0.0220581761859 
0.0129794796843 0.00998722050143 0.00679649885867 0.0334969337752 0.0131009373608 0.333610494514 0.022991631205 0.00422040059464 0.0314770508429 0.029779940871 0.0331229524602 0.0132708141061 0.0552861041301 0.0504578837404 0.0113424309582 -0.00388393308876 -0.00113071503897 0.00926488984282 0.00693050381057 0.00905963559281 0.00722858959865 0.0107770093464 0.0108255608202 0.0141813636005 -0.00265002170256 -0.00564891837436 0.0102293832964 0.0369633183548 0.019511548777 0.0176075256765 
0.0186862341546 0.0103950738533 0.00737279568947 0.00708990382217 -4.67816958058e-05 0.022991631205 0.741377775477 0.0245774557617 0.0238794905486 0.00655119001454 -0.0330802444991 0.0225370681812 0.0474669755856 -0.0171762748658 0.13745462811 -0.00749849909585 0.140443699172 0.105532567834 -0.00179418079745 0.045158100352 0.0151423263989 0.0159162082697 0.0212216959504 0.0181952008976 -0.00370419141413 0.0043175416636 0.00151990235293 0.0656114593621 0.00754851767326 0.00871066887151 
-0.011207365812 0.0525980973114 0.00216345597268 0.00967081171734 0.0226525620559 0.00422040059464 0.0245774557617 0.252634094257 0.0033723583137 0.0387868833268 0.0333550377757 0.019471378124 0.0326160648514 0.0437301593613 0.00755476481308 0.0248751425302 -0.00453896795649 0.00467639934913 0.0143239158938 0.0276861545253 0.00810592637455 0.0194861708026 0.0106846187852 0.00850163808149 -0.000302224040494 0.0243997712618 0.0237607534159 0.0395534209504 0.0274015902289 0.0320339169871 
0.0216523559599 0.0255813164948 0.0172581332099 0.0205799763916 0.0328313910933 0.0314770508429 0.0238794905486 0.0033723583137 0.203065928382 0.0303297730919 0.0553840643059 0.0326539079305 0.0453999596737 0.037275847217 0.029919547987 0.00303854166857 0.02864001272 0.0389832925369 0.0193810874877 0.0324169283095 0.0145703998412 0.0208614756992 0.0265331110876 0.022021651601 0.0134655963151 0.0221635726841 0.0302516787505 0.0295731837094 0.0590302300532 0.026496053882 
-0.0142312216934 0.000153177965035 0.0294391061109 0.0360313216729 0.0276757457999 0.029779940871 0.00655119001454 0.0387868833268 0.0303297730919 0.896946251926 0.0766931059306 0.0433152393539 0.0474292738587 0.0163728487875 0.0286827917266 0.0115848662846 -0.0131437207784 0.0147885963557 0.0681301040352 0.00246190490569 0.020331449778 0.0477793179163 0.0396614994407 0.0291655229444 -0.0483080687613 0.0433838607459 0.0580481274158 -0.0151375972093 -0.0140835637374 0.0153342560985 
0.00767770695922 0.025315501279 0.0544541649117 0.062619408353 0.0126750738597 0.0331229524602 -0.0330802444991 0.0333550377757 0.0553840643059 0.0766931059306 0.290154186938 0.0216136478575 0.0426935288069 0.0308567381207 0.0151255245476 -0.00111916002205 -0.0148654958554 0.00103620030137 0.00456262248769 0.0577384221692 0.0256258311847 0.0253576388676 0.0118779670972 0.0307868603862 -0.00921762174618 -0.0134895119548 0.0382154336812 0.0334358278922 -0.0135814160601 0.019996021636 
0.00526219187478 0.0110470450841 0.0349174141923 -0.00382428140443 0.009186503159 0.0132708141061 0.0225370681812 0.019471378124 0.0326539079305 0.0433152393539 0.0216136478575 0.26672606537 0.0198340100151 0.00171630420545 -0.00322441971804 0.0103135509479 -0.0196719393097 0.00833270100984 -0.00917278623844 0.0144662626529 0.000261947333791 -0.00330711106402 0.0242112070032 0.030116571704 0.00558141671458 -0.00149105615691 0.0147266829772 0.0105962178118 -0.0194900566317 0.0111998497201 
0.0438499570885 0.036276414687 0.0341439936676 0.047319724296 0.0247767009887 0.0552861041301 0.0474669755856 0.0326160648514 0.0453999596737 0.0474292738587 0.0426935288069 0.0198340100151 0.396281614842 0.038928613079 0.00263396909854 0.0126912213067 0.0218166440334 0.00574433964618 0.0134113200508 0.051529528067 0.0265149866629 0.00959270739743 0.0165204948424 0.0320929252628 -0.00783384575004 0.0300086906696 0.00672370049401 0.025075285703 0.0349368576424 0.0228519145086 
0.0405292762372 0.0481098692983 0.0194546276321 0.0288631030867 0.0373492718367 0.0504578837404 -0.0171762748658 0.0437301593613 0.037275847217 0.0163728487875 0.0308567381207 0.00171630420545 0.038928613079 0.241951853831 0.0388787296184 0.0205356711228 0.0248392970144 0.0230225545935 0.0124581874446 0.0161821940676 0.0271330654959 0.0168101458963 0.00364645480425 0.0416829604061 -0.00240749541675 0.0109348595645 0.0202035904105 0.0248480825496 0.0225036671749 0.0229670582394 
0.0121757587434 0.0178750527293 0.0140673518657 0.0277522551048 0.0234822744691 0.0113424309582 0.13745462811 0.00755476481308 0.029919547987 0.0286827917266 0.0151255245476 -0.00322441971804 0.00263396909854 0.0388787296184 0.44642944969 -0.0105636269516 0.209654657193 0.0986276040759 -0.000874965533345 0.0174581469854 0.0164574499427 0.0272127787632 0.0242096591965 0.0119973901949 -0.00231147014466 0.0343823485697 0.0193034985182 0.0279315697812 0.003666777099 -0.000609925366582 
0.00660995697727 0.0145317206589 0.0153240667105 0.0058761867355 0.0163761350975 -0.00388393308876 -0.00749849909585 0.0248751425302 0.00303854166857 0.0115848662846 -0.00111916002205 0.0103135509479 0.0126912213067 0.0205356711228 -0.0105636269516 0.13081630446 -0.00791312513876 0.00909515224145 0.00294863230322 0.0192445788923 0.00419848600772 0.0151850847835 0.00546365708289 0.0141735606231 0.00079842826961 0.0136546351739 0.0157922763131 0.0163771140557 -0.00163007403735 0.0135391003956 
-2.90902461032e-05 0.000244992832782 -0.0143356832695 0.0192320577111 0.0259762535348 -0.00113071503897 0.140443699172 -0.00453896795649 0.02864001272 -0.0131437207784 -0.0148654958554 -0.0196719393097 0.0218166440334 0.0248392970144 0.209654657193 -0.00791312513876 0.377565297552 0.0984018572764 0.00904222250728 0.0191414364069 0.0289490440191 0.0284493930047 0.00852776992922 0.000754776272155 -0.0150421742845 0.0181053963246 0.00530889091431 0.0368250237652 0.0129289143301 -0.00709050273603 
0.0017208915295 0.0197575790916 0.00798471182732 -0.00880519740988 0.0108064124459 0.00926488984282 0.105532567834 0.00467639934913 0.0389832925369 0.0147885963557 0.00103620030137 0.00833270100984 0.00574433964618 0.0230225545935 0.0986276040759 0.00909515224145 0.0984018572764 0.225215181025 0.00523570437163 0.0291614785746 -0.00798437813355 0.0340987630698 0.0350507233885 0.016165570707 -0.0172559092279 0.0131504609034 0.0205783754024 0.0125416901371 -0.0068555505156 0.0153611639268 
-0.00676482649603 0.0138727649119 0.0129078175299 0.00442076755276 0.0217509976323 0.00693050381057 -0.00179418079745 0.0143239158938 0.0193810874877 0.0681301040352 0.00456262248769 -0.00917278623844 0.0134113200508 0.0124581874446 -0.000874965533345 0.00294863230322 0.00904222250728 0.00523570437163 0.181902104919 0.0253236661557 0.0171350663918 0.0316404443272 0.0125267211026 0.0221025616609 0.0155052134047 0.0678567183412 0.0214420977514 0.022333248598 0.01680067281 0.0168855725726 
0.00262265948813 0.0114415541879 0.0148227460248 0.0219183506134 0.0226443379683 0.00905963559281 0.045158100352 0.0276861545253 0.0324169283095 0.00246190490569 0.0577384221692 0.0144662626529 0.051529528067 0.0161821940676 0.0174581469854 0.0192445788923 0.0191414364069 0.0291614785746 0.0253236661557 0.263116213743 0.0372075753219 0.022816048087 0.0110784988666 0.0213518241851 -0.00833518156972 0.0131854669402 0.0290915107694 0.0635270969625 -0.0331494774599 0.0103025001488 
0.0296654190026 0.0185037296586 0.0107490754104 0.028346406226 0.0251076294925 0.00722858959865 0.0151423263989 0.00810592637455 0.0145703998412 0.020331449778 0.0256258311847 0.000261947333792 0.0265149866629 0.0271330654959 0.0164574499427 0.00419848600772 0.0289490440191 -0.00798437813355 0.0171350663918 0.0372075753219 0.184303519684 0.0101602939127 0.0155873438221 0.0139966693474 0.00480887326646 -0.00190569943065 0.0196194764462 0.0169318289806 -0.00513505844951 0.0121601338018 
0.00405254874462 0.0309225108335 0.0113977070939 0.0147188987028 0.00114382243738 0.0107770093464 0.0159162082697 0.0194861708026 0.0208614756992 0.0477793179163 0.0253576388676 -0.00330711106402 0.00959270739743 0.0168101458963 0.0272127787632 0.0151850847835 0.0284493930047 0.0340987630698 0.0316404443272 0.022816048087 0.0101602939127 0.199625508111 0.00873756457125 0.0132152477666 0.000678224560197 0.00668843733969 0.0106774451744 0.0211917899631 0.00348165890615 0.0166211972165 
0.0123324734007 0.010526546614 0.0181862282579 0.0137887921175 0.00536725759553 0.0108255608202 0.0212216959504 0.0106846187852 0.0265331110876 0.0396614994407 0.0118779670972 0.0242112070032 0.0165204948424 0.00364645480425 0.0242096591965 0.00546365708289 0.00852776992922 0.0350507233885 0.0125267211026 0.0110784988666 0.0155873438221 0.00873756457125 0.156810952219 0.0130581435823 0.00629391977052 0.0041579938493 0.0263743277 -0.00233116216324 -0.00341710002155 0.0148239123665 
0.0230298261407 0.035580714085 0.00823826990313 0.0290547397239 0.0126993216083 0.0141813636005 0.0181952008976 0.00850163808149 0.022021651601 0.0291655229444 0.0307868603862 0.030116571704 0.0320929252628 0.0416829604061 0.0119973901949 0.0141735606231 0.000754776272155 0.016165570707 0.0221025616609 0.0213518241851 0.0139966693474 0.0132152477666 0.0130581435823 0.150690009531 0.000593852674297 0.0251233906179 0.0221586386592 0.0186762212306 0.024640769716 0.024146976672 
-0.0127085260696 0.00491540525243 0.00596273593566 -0.018198464353 0.0141539142962 -0.00265002170256 -0.00370419141413 -0.000302224040494 0.0134655963151 -0.0483080687613 -0.00921762174618 0.00558141671458 -0.00783384575004 -0.00240749541675 -0.00231147014466 0.00079842826961 -0.0150421742845 -0.0172559092279 0.0155052134047 -0.00833518156972 0.00480887326646 0.000678224560197 0.00629391977052 0.000593852674297 0.689921113816 -0.0144971641116 -0.00436245828762 0.0261982463981 0.00993477322098 0.0102632289185 
0.000847217062488 0.0100742017574 -0.00278252786589 0.0272465550088 0.01562707874 -0.00564891837436 0.0043175416636 0.0243997712618 0.0221635726841 0.0433838607459 -0.0134895119548 -0.00149105615691 0.0300086906696 0.0109348595645 0.0343823485697 0.0136546351739 0.0181053963246 0.0131504609034 0.0678567183412 0.0131854669402 -0.00190569943065 0.00668843733969 0.0041579938493 0.0251233906179 -0.0144971641116 0.845476520452 0.0243147089216 0.0384165760313 0.0219978077264 0.0144716693009 
0.00687164504505 0.0209369620471 0.0273100560329 0.0269388028091 0.00906487375042 0.0102293832964 0.00151990235293 0.0237607534159 0.0302516787505 0.0580481274158 0.0382154336812 0.0147266829772 0.00672370049402 0.0202035904105 0.0193034985182 0.0157922763131 0.00530889091431 0.0205783754024 0.0214420977514 0.0290915107694 0.0196194764462 0.0106774451744 0.0263743277 0.0221586386592 -0.00436245828762 0.0243147089216 0.23182239473 0.00798894348223 0.0045442552559 0.0367256460701 
4.30397441595e-05 0.0201554566624 0.0332148614095 0.0312590724803 0.022098980955 0.0369633183548 0.0656114593621 0.0395534209504 0.0295731837094 -0.0151375972093 0.0334358278922 0.0105962178118 0.025075285703 0.0248480825496 0.0279315697812 0.0163771140557 0.0368250237652 0.0125416901371 0.022333248598 0.0635270969625 0.0169318289806 0.0211917899631 -0.00233116216324 0.0186762212306 0.0261982463981 0.0384165760313 0.00798894348224 0.52635729899 0.0690364836454 0.020837056565 
0.00155790859071 0.108080116431 0.034220378993 0.05203976346 0.0154321917357 0.019511548777 0.00754851767326 0.0274015902289 0.0590302300532 -0.0140835637374 -0.0135814160601 -0.0194900566317 0.0349368576424 0.0225036671749 0.003666777099 -0.00163007403735 0.0129289143301 -0.0068555505156 0.01680067281 -0.0331494774599 -0.00513505844951 0.00348165890615 -0.00341710002155 0.024640769716 0.00993477322098 0.0219978077264 0.0045442552559 0.0690364836454 0.955367036125 0.0237952667119 
-0.00352151176215 0.00104245202724 0.0113796086648 0.0158722338091 0.0220581761859 0.0176075256765 0.00871066887151 0.0320339169871 0.026496053882 0.0153342560985 0.019996021636 0.0111998497201 0.0228519145086 0.0229670582394 -0.000609925366582 0.0135391003956 -0.00709050273603 0.0153611639268 0.0168855725726 0.0103025001488 0.0121601338018 0.0166211972165 0.0148239123665 0.024146976672 0.0102632289185 0.0144716693009 0.0367256460701 0.020837056565 0.0237952667119 0.132957621839 
0.030550133168 0.000925790942581 0.000596972090211 0.00138645043041 -0.000883133357519 0.00112405591345 0.00161827534789 -0.000970586350271 0.00187514903131 -0.00123245995133 0.000664908926949 0.000455719184315 0.00379751767935 0.00350993828184 0.00105445163822 0.000572439066024 -2.51928921274e-06 0.000149033578171 -0.000585851159775 0.00022712897422 0.00256910064702 0.000350961016291 0.00106802352565 0.00199444144826 -0.00110059064209 7.33711498634e-05 0.000595101917481 3.72735118156e-06 0.000134918841633 -0.000304971864574 
0.000925790942581 0.031795371346 0.000385742717686 0.00270547396482 0.00228652336917 0.000864918666743 0.000900239803113 0.00455512884624 0.00221540699467 1.3265600902e-05 0.00219238672171 0.000956702167962 0.00314162966771 0.00416643689851 0.00154802497575 0.00125848392513 2.12170016934e-05 0.00171105654106 0.00120141668345 0.000990867658552 0.00160246999491 0.00267796799306 0.000911625678184 0.00308138022824 0.00042568658185 0.000872451464475 0.00181319410109 0.00174551374945 0.00936001264729 9.02789937817e-05 
0.000596972090211 0.000385742717686 0.0244163383406 0.00116917643714 0.000963548063792 0.00058859406684 0.0006385028364 0.000187360783231 0.00149459817817 0.00254950137567 0.00471586901554 0.0030239367725 0.00295695659028 0.00168482017505 0.00121826840797 0.00132710310606 -0.0012415065892 0.000691496328436 0.00111784978883 0.00128368746113 0.000930897237263 0.000987070388824 0.00157497356704 0.000713455101934 0.000516388079634 -0.00024097398186 0.00236512023033 0.00287649137638 0.00296357175351 0.000985503018881 
0.00138645043041 0.00270547396482 0.00116917643714 0.019845535752 0.000625634835169 0.00290091955982 0.000614003682039 0.000837516862243 0.00178227823644 0.00312040399007 0.00542299984036 -0.000331192484746 0.00409800833404 0.00249961805052 0.00240341579331 0.000508892699032 0.00166554505449 -0.00076255246423 0.000382849700492 0.00189818484402 0.00245487078977 0.00127469401924 0.00119414442613 0.00251621427013 -0.00157603324396 0.00235962088032 0.00233296875802 0.00270711508667 0.00450677571633 0.00137457576935 
-0.000883133357519 0.00228652336917 0.000963548063792 0.000625634835169 0.0164472419268 0.00113457445678 -4.05141370001e-06 0.00196176942012 0.00284328187284 0.00239678989314 0.00109769359574 0.000795574510764 0.00214572524781 0.00323454182234 0.00203362462289 0.00141821490103 0.00224960954563 0.000935862770189 0.00188369165072 0.00196105719324 0.00217438449693 9.90579288188e-05 0.000464818142638 0.00109979351236 0.00122576493435 0.00135334471758 0.000785041094996 0.00191382789047 0.00133646700792 0.00191029409381 
0.00112405591345 0.000864918666743 0.00058859406684 0.00290091955982 0.00113457445678 0.0288915163218 0.0019911336698 0.00036549741291 0.00272599256662 0.00257901853175 0.00286853182789 0.00114928621448 0.00478791706529 0.00436978091404 0.000982283335044 -0.000336358472146 -9.7922794819e-05 0.000802362996714 0.000600199236098 0.00078458745724 0.000626014222596 0.000933316387076 0.00093752106805 0.00122814211383 -0.0002294986115 -0.00048921068161 0.000885890579976 0.00320111727034 0.00168974969081 0.00152485645336 
0.00161827534789 0.000900239803113 0.0006385028364 0.000614003682039 -4.0514137e-06 0.0019911336698 0.0642051987365 0.002128470105 0.00206802454445 0.000567349697761 -0.00286483320996 0.00195176735718 0.00411076066979 -0.00148750903762 0.0119039199811 -0.000649389070726 0.0121627811285 0.00913938846708 -0.000155380614957 0.00391080620915 0.00131136393338 0.00137838406934 0.00183785278044 0.00157575062043 -0.000320792386512 0.000373910076258 0.000131627404891 0.0056821190587 0.000653720806596 0.000754366052668 
-0.000970586350271 0.00455512884624 0.000187360783231 0.000837516862243 0.00196176942012 0.00036549741291 0.002128470105 0.0218787543489 0.000292054797033 0.00335904262946 0.0028886310058 0.00168627081021 0.00282463407328 0.00378714289184 0.000654261824775 0.00215425053539 -0.000393086155729 0.000404988063459 0.00124048750457 0.0023976913152 0.000701993816156 0.00168755189376 0.000925315129774 0.000736263455235 -2.61733696702e-05 0.00211308217593 0.00205774160712 0.00342542673496 0.00237304732423 0.00277421858935 
0.00187514903131 0.00221540699467 0.00149459817817 0.00178227823644 0.00284328187284 0.00272599256662 0.00206802454445 0.000292054797033 0.0175860252622 0.00262663539886 0.00479640066538 0.00282791138006 0.00393175184082 0.00322818306375 0.00259110886265 0.000263145427544 0.00248029785802 0.00337605216601 0.00167845141173 0.00280738834287 0.00126183364058 0.0018066567916 0.00229783482433 0.00190713097198 0.0011661548486 0.00191942169831 0.00261987223051 0.00256111283631 0.00511216788173 0.00229462557618 
-0.00123245995133 1.3265600902e-05 0.00254950137567 0.00312040399007 0.00239678989314 0.00257901853175 0.000567349697761 0.00335904262946 0.00262663539886 0.0776778239997 0.00664181780311 0.00375120976515 0.00410749560447 0.00141793029823 0.00248400262867 0.00100327885019 -0.00113827960943 0.00128073001304 0.0059002400857 0.000213207219003 0.00176075520035 0.0041378103091 0.00343478660678 0.00252580837845 -0.00418360147551 0.00375715255202 0.00502711529842 -0.00131095437355 -0.00121967239724 0.00132798553295 
0.000664908926949 0.00219238672171 0.00471586901554 0.00542299984036 0.00109769359574 0.00286853182789 -0.00286483320996 0.0028886310058 0.00479640066538 0.00664181780311 0.0251280896902 0.0018717968113 0.0036973680524 0.00267227190904 0.00130990885038 -9.69221009992e-05 -0.00128738970506 8.97375784396e-05 0.000395134698222 0.0050002940373 0.0022192620799 0.00219603594393 0.00102866212515 0.00266622031972 -0.000798269459467 -0.00116822600375 0.00330955363846 0.00289562763512 -0.00117618513274 0.00173170627114 
0.000455719184315 0.000956702167962 0.0030239367725 -0.000331192484746 0.000795574510764 0.00114928621448 0.00195176735718 0.00168627081021 0.00282791138006 0.00375120976515 0.0018717968113 0.0230991548462 0.0017176756532 0.000148636304254 -0.000279242938828 0.000893179712414 -0.00170363991839 0.000721633075666 -0.000794386590597 0.00125281509552 2.26853045517e-05 -0.000286404219458 0.0020967520321 0.00260817161706 0.000483364866394 -0.000129129251036 0.00127536815717 0.000917659380904 -0.00168788841642 0.000969935437619 
0.00379751767935 0.00314162966771 0.00295695659028 0.00409800833404 0.00214572524781 0.00478791706529 0.00411076066979 0.00282463407328 0.00393175184082 0.00410749560447 0.0036973680524 0.0017176756532 0.0343189945506 0.00337131678605 0.000228108415212 0.00109909200567 0.00188937679583 0.000497474406156 0.00116145438623 0.00446258803511 0.00229626520311 0.000830752829725 0.00143071682166 0.00277932885594 -0.000678430942886 0.00259882884542 0.000582289543525 0.00217158344259 0.00302562062467 0.00197903384896 
0.00350993828184 0.00416643689851 0.00168482017505 0.00249961805052 0.00323454182234 0.00436978091404 -0.00148750903762 0.00378714289184 0.00322818306375 0.00141793029823 0.00267227190904 0.000148636304254 0.00337131678605 0.020953645191 0.00336699675164 0.00177844128761 0.00215114622266 0.00199381171379 0.00107891068121 0.00140141911515 0.0023497924002 0.00145580133876 0.000315792249423 0.00360985026166 -0.00020849521904 0.000946986616963 0.00174968225431 0.00215190707232 0.00194887474517 0.00198900558855 
0.00105445163822 0.00154802497575 0.00121826840797 0.00240341579331 0.00203362462289 0.000982283335044 0.0119039199811 0.000654261824775 0.00259110886265 0.00248400262867 0.00130990885038 -0.000279242938828 0.000228108415212 0.00336699675164 0.0386619244429 -0.000914836929615 0.0181566259151 0.00854140106442 -7.57742379313e-05 0.00151191987924 0.00142525697319 0.00235669577165 0.00209661798812 0.00103900446879 -0.000200179186536 0.00297759873031 0.00167173200987 0.00241894489981 0.000317552211775 -5.28210861872e-05 
0.000572439066024 0.00125848392513 0.00132710310606 0.000508892699032 0.00141821490103 -0.000336358472146 -0.000649389070726 0.00215425053539 0.000263145427544 0.00100327885019 -9.69221009992e-05 0.000893179712414 0.00109909200567 0.00177844128761 -0.000914836929615 0.0113290242892 -0.000685296739349 0.000787663289238 0.0002553590481 0.00166662942059 0.000363599554012 0.00131506691812 0.000473166583135 0.00122746635617 6.91459164582e-05 0.001182526094 0.00136765124707 0.00141829968129 -0.000141168552639 0.0011725204887 
-2.51928921277e-06 2.12170016934e-05 -0.0012415065892 0.00166554505449 0.00224960954563 -9.7922794819e-05 0.0121627811285 -0.000393086155729 0.00248029785802 -0.00113827960943 -0.00128738970506 -0.00170363991839 0.00188937679583 0.00215114622266 0.0181566259151 -0.000685296739349 0.0326981139268 0.00852185081809 0.000783079439798 0.00165769701933 0.00250706075358 0.00246378970643 0.000738526539633 6.5365542586e-05 -0.00130269050586 0.00156797331627 0.000459763439771 0.00318914060756 0.00111967682532 -0.000614055549501 
0.000149033578171 0.00171105654106 0.000691496328436 -0.00076255246423 0.000935862770189 0.000802362996714 0.00913938846708 0.000404988063459 0.00337605216601 0.00128073001304 8.97375784396e-05 0.000721633075666 0.000497474406156 0.00199381171379 0.00854140106442 0.000787663289238 0.00852185081809 0.0195042068086 0.000453425299254 0.00252545812575 -0.000691467429707 0.00295303950561 0.00303548168755 0.00139997948989 -0.00149440557567 0.00113886332138 0.00178213958671 0.00108614222651 -0.000593708090344 0.00133031581923 
-0.000585851159775 0.00120141668345 0.00111784978883 0.000382849700492 0.00188369165072 0.000600199236098 -0.000155380614957 0.00124048750457 0.00167845141173 0.0059002400857 0.000395134698222 -0.000794386590597 0.00116145438623 0.00107891068121 -7.57742379313e-05 0.0002553590481 0.000783079439798 0.000453425299254 0.0157531843862 0.00219309382078 0.00148394027908 0.00274014285744 0.0010848458701 0.00191413798871 0.00134279086996 0.00587656419009 0.00185694013631 0.00193411606349 0.00145498094542 0.00146233348053 
0.00022712897422 0.000990867658552 0.00128368746113 0.00189818484402 0.00196105719324 0.00078458745724 0.00391080620915 0.0023976913152 0.00280738834287 0.000213207219003 0.0050002940373 0.00125281509552 0.00446258803511 0.00140141911515 0.00151191987924 0.00166662942059 0.00165769701933 0.00252545812575 0.00219309382078 0.0227865325249 0.0032222705442 0.00197592772573 0.000959426145428 0.00184912221615 -0.000721847898453 0.0011418949331 0.00251939873607 0.00550160797982 -0.00287082896025 0.000892222685135 
0.00256910064702 0.00160246999491 0.000930897237263 0.00245487078977 0.00217438449693 0.000626014222596 0.00131136393338 0.000701993816156 0.00126183364058 0.00176075520035 0.0022192620799 2.26853045517e-05 0.00229626520311 0.0023497924002 0.00142525697319 0.000363599554012 0.00250706075358 -0.000691467429707 0.00148394027908 0.0032222705442 0.0159611530053 0.000879907263833 0.00134990357275 0.00121214712232 0.000416460641234 -0.000165038411892 0.00169909650114 0.00146633940297 -0.000444709106719 0.00105309847858 
0.000350961016291 0.00267796799306 0.000987070388824 0.00127469401924 9.90579288188e-05 0.000933316387076 0.00137838406934 0.00168755189376 0.0018066567916 0.0041378103091 0.00219603594393 -0.000286404219458 0.000830752829725 0.00145580133876 0.00235669577165 0.00131506691812 0.00246378970643 0.00295303950561 0.00274014285744 0.00197592772573 0.000879907263833 0.0172880761267 0.000756695288591 0.00114447402832 5.87359698601e-05 0.000579235664779 0.00092469387685 0.00183526284597 0.000301520506004 0.00143943790308 
0.00106802352565 0.000911625678184 0.00157497356704 0.00119414442613 0.000464818142638 0.00093752106805 0.00183785278044 0.000925315129774 0.00229783482433 0.00343478660678 0.00102866212515 0.0020967520321 0.00143071682166 0.000315792249423 0.00209661798812 0.000473166583135 0.000738526539633 0.00303548168755 0.0010848458701 0.000959426145428 0.00134990357275 0.000756695288591 0.0135802268214 0.00113086840686 0.000545069441065 0.000360092830227 0.00228408377959 -0.000201884565371 -0.000295929542593 0.00128378846929 
0.00199444144826 0.00308138022824 0.000713455101934 0.00251621427013 0.00109979351236 0.00122814211383 0.00157575062043 0.000736263455235 0.00190713097198 0.00252580837845 0.00266622031972 0.00260817161706 0.00277932885594 0.00360985026166 0.00103900446879 0.00122746635617 6.5365542586e-05 0.00139997948989 0.00191413798871 0.00184912221615 0.00121214712232 0.00114447402832 0.00113086840686 0.0130501376351 5.14291502046e-05 0.00217574945043 0.00191899439921 0.00161740820324 0.00213395325429 0.00209118952225 
-0.00110059064209 0.00042568658185 0.000516388079634 -0.00157603324396 0.00122576493435 -0.0002294986115 -0.000320792386512 -2.61733696702e-05 0.0011661548486 -0.00418360147551 -0.000798269459467 0.000483364866394 -0.000678430942886 -0.00020849521904 -0.000200179186536 6.91459164582e-05 -0.00130269050586 -0.00149440557567 0.00134279086996 -0.000721847898453 0.000416460641234 5.87359698601e-05 0.000545069441065 5.14291502046e-05 0.0597489211172 -0.00125549124035 -0.000377799970003 0.00226883469154 0.000860376599021 0.000888821696831 
7.33711498634e-05 0.000872451464475 -0.00024097398186 0.00235962088032 0.00135334471758 -0.00048921068161 0.000373910076258 0.00211308217593 0.00191942169831 0.00375715255202 -0.00116822600375 -0.000129129251036 0.00259882884542 0.000946986616963 0.00297759873031 0.001182526094 0.00156797331627 0.00113886332138 0.00587656419009 0.0011418949331 -0.000165038411892 0.000579235664779 0.000360092830227 0.00217574945043 -0.00125549124035 0.0732204145014 0.00210571556117 0.00332697307695 0.00190506603186 0.00125328332497 
0.000595101917481 0.00181319410109 0.00236512023033 0.00233296875802 0.000785041094996 0.000885890579976 0.000131627404891 0.00205774160712 0.00261987223051 0.00502711529842 0.00330955363846 0.00127536815717 0.000582289543525 0.00174968225431 0.00167173200987 0.00136765124707 0.000459763439771 0.00178213958671 0.00185694013631 0.00251939873607 0.00169909650114 0.00092469387685 0.00228408377959 0.00191899439921 -0.000377799970003 0.00210571556117 0.0200764083002 0.000691862800501 0.000393544049289 0.00318053424671 
3.72735118145e-06 0.00174551374945 0.00287649137638 0.00270711508667 0.00191382789047 0.00320111727034 0.0056821190587 0.00342542673496 0.00256111283631 -0.00131095437355 0.00289562763512 0.000917659380904 0.00217158344259 0.00215190707232 0.00241894489981 0.00141829968129 0.00318914060756 0.00108614222651 0.00193411606349 0.00550160797982 0.00146633940297 0.00183526284597 -0.000201884565371 0.00161740820324 0.00226883469154 0.00332697307695 0.000691862800501 0.0455838792393 0.00597873486249 0.00180454203254 
0.000134918841633 0.00936001264729 0.00296357175351 0.00450677571633 0.00133646700792 0.00168974969081 0.000653720806596 0.00237304732423 0.00511216788173 -0.00121967239724 -0.00117618513274 -0.00168788841642 0.00302562062467 0.00194887474517 0.000317552211775 -0.000141168552639 0.00111967682532 -0.000593708090344 0.00145498094542 -0.00287082896025 -0.000444709106719 0.000301520506004 -0.000295929542593 0.00213395325429 0.000860376599021 0.00190506603186 0.000393544049289 0.00597873486249 0.0827372123223 0.00206073054623 
-0.000304971864574 9.02789937817e-05 0.000985503018881 0.00137457576935 0.00191029409381 0.00152485645336 0.000754366052668 0.00277421858935 0.00229462557618 0.00132798553295 0.00173170627114 0.000969935437619 0.00197903384896 0.00198900558855 -5.28210861872e-05 0.0011725204887 -0.000614055549501 0.00133031581923 0.00146233348053 0.000892222685135 0.00105309847858 0.00143943790308 0.00128378846929 0.00209118952225 0.000888821696831 0.00125328332497 0.00318053424671 0.00180454203254 0.00206073054623 0.011514467814 

['STZ', 'UNM', 'WLP', 'SPLS', 'DD', 'HAS', 'VLO', 'INTC', 'GS', 'AVP', 'TGT', 'HSY', 'ODP', 'MTG', 'NE', 'PEP', 'BHI', 'XOM', 'VZ', 'IR', 'SEE', 'MSFT', 'PGN', 'CINF', 'MYL', 'UVN', 'FHN', 'TER', 'ANDW', 'C']