30
0.0413413845105 0.0415957971797 0.0615160923796 0.00859756350963 0.332832739506 0.126255379542 0.101022755506 0.070995024039 0.155431064381 0.00238062118955 0.059162885268 0.0466490289559 0.0315088302779 0.282509070746 0.131188957491 0.080702843163 0.204332601919 0.0731585002716 0.00413185853021 0.0584521455196 0.0539269159384 0.0172601721071 0.0979044774238 0.0392369654355 0.0665048210348 0.104550469133 0.0831393543584 0.125568601155 0.0994766710856 0.0704328117516 
0.242936808107 0.0371274643105 0.0144308292888 0.0102533359019 0.0132883734693 0.0425650015662 0.0118346612095 0.0148612231156 0.00679488308768 0.00727574723701 0.018569228343 0.0195738828346 0.0270937686512 0.0139260218993 0.0375809200151 0.0215125451205 -0.0224150747549 0.0110742712321 0.00863335909648 0.0184705028084 0.0199600633343 0.0441758187172 -0.00198609862632 0.0127765370671 0.0248370291841 0.0411816976107 0.0151426575744 0.0165081350503 0.00167730716878 0.019411837202 
0.0371274643105 0.242048091319 0.0305785567986 0.02432989988 0.0309104652829 0.0234437366866 0.0239361221969 0.0131159109265 -0.0221880652396 0.0201600519892 0.0387875521333 0.0360642573348 0.0285092794523 0.0213667441852 0.0567348288995 0.0269086498795 3.00099755073e-05 0.0502607910744 0.0185184332408 0.0175651903066 0.0158504637527 0.0348131295239 0.0214337417486 0.0330025738661 0.0434457714222 0.0232649294978 0.0286714695803 -0.00978965815657 0.0125429254395 0.00924240736094 
0.0144308292888 0.0305785567986 0.183773565961 0.0248689822552 0.0324804918102 0.0362304992184 0.0113008925258 0.0300254052349 0.0130129863832 0.017555419693 0.0246537498402 0.0129726298907 0.0266432548235 0.0295922111524 0.0649538566284 0.0179062866073 -0.00753624345271 0.0113658074446 0.0152320541784 0.00303949508704 0.0145090095281 0.00748293332677 0.0270472422684 0.0393035335702 0.0505822428394 0.00949796730042 0.0241810849019 0.0109670823138 -0.00404197438242 0.0190015157745 
0.0102533359019 0.02432989988 0.0248689822552 0.220799648644 0.000677429824151 0.0349107988463 -0.00116900807784 0.0285804780034 0.0687812744947 0.0266787326069 0.0135179853755 0.023643464289 0.00714717181257 -0.0154645854906 0.0334751305268 -0.0197758075847 -0.0120606384195 0.00869739106334 0.0220379165228 0.0116855203647 0.010113099542 -0.00990948805624 0.0160612101284 0.0062505529776 0.014883307848 0.0311279463772 0.0203468923624 0.0120780614499 0.00289601271274 0.0229076351829 
0.0132883734693 0.0309104652829 0.0324804918102 0.000677429824151 0.524626975859 0.0263026127203 -0.0357656661789 0.0107169648893 -0.00333939043225 0.01414509526 0.00612099932713 -0.00137616349107 0.0427232391928 0.0268935608089 0.00493516195834 0.00227762329941 0.00489564138556 0.0377981542998 0.012834315102 0.0212399180076 0.0076527371675 0.00406533967417 0.0587308252046 0.0433201100554 0.016857127154 0.0317914037632 0.019420225474 0.0439089683755 0.0262399980538 0.0192491963046 
0.0425650015662 0.0234437366866 0.0362304992184 0.0349107988463 0.0263026127203 0.507024123507 0.0319110943525 0.0297586919736 0.0452911288672 0.00531899569995 0.00316733926993 0.00781533140467 0.0198717439859 0.0922033890437 0.0356559681226 0.0253412753207 0.0537162014737 0.0281657610272 0.007597494858 0.0195675921009 0.0385358595961 0.0206283270992 0.0218166823625 0.0213869881017 0.00945884355043 0.12210703522 -0.014941239301 0.0316846552175 0.043852812087 0.0618026215027 
0.0118346612095 0.0239361221969 0.0113008925258 -0.00116900807784 -0.0357656661789 0.0319110943525 0.459298738438 0.0151789089074 0.00956854630328 0.0154730943023 0.0283506456308 0.0434234457342 0.0111989892607 -0.0298474844303 0.00853016169492 -0.0019609285226 -0.0337900181489 0.0282688959613 -0.000191143522808 0.0225802521231 0.0154058364908 0.00756335640841 -0.00873125915976 0.028391972057 0.0287206535485 0.00527844754727 0.00076549800496 -0.0196416305635 0.00992782004052 0.0792295923137 
0.0148612231156 0.0131159109265 0.0300254052349 0.0285804780034 0.0107169648893 0.0297586919736 0.0151789089074 0.379102485527 0.0405038984866 0.0193239302497 0.0243342843598 0.0118142209334 0.0437778571776 -0.0209744723734 0.029552011271 0.026029841742 -0.016200091425 0.0178246708654 0.0103902983726 0.0243630963017 0.0429598690984 0.0270653688104 -0.00747818403628 0.0202562337021 0.0169878901032 0.0172510725125 0.0100927662918 0.0632751369079 0.024781735124 -0.0119758474996 
0.00679488308768 -0.0221880652396 0.0130129863832 0.0687812744947 -0.00333939043225 0.0452911288672 0.00956854630328 0.0405038984866 0.705513635448 0.0244353831859 0.0214278673206 0.00347559081667 0.0363941458114 0.0251066920707 0.0123873241398 0.00835101747828 0.0460295407507 0.0258586070647 0.0243664709248 0.013930665648 0.0108590846025 0.0425204267315 0.00990860635057 0.0192896621432 0.0194341251328 -0.00322534349108 0.00629442766426 -0.00434404386875 0.0369191271584 0.0222205343482 
0.00727574723701 0.0201600519892 0.017555419693 0.0266787326069 0.01414509526 0.00531899569995 0.0154730943023 0.0193239302497 0.0244353831859 0.128302760848 0.00688911009039 0.00306188743354 0.0152495142134 0.0156806177595 0.0285757571613 0.0192591940573 -0.0124095448947 0.00173647312706 0.0601812609918 0.0327937740152 0.0296342101024 0.0152085309822 0.00860060170352 0.023284207797 0.0127049729038 0.000444073746863 -0.000537637244112 0.0107394925395 0.0231766563288 0.00565394364443 
0.018569228343 0.0387875521333 0.0246537498402 0.0135179853755 0.00612099932713 0.00316733926993 0.0283506456308 0.0243342843598 0.0214278673206 0.00688911009039 0.34830221571 -0.0117183529955 -4.58172626878e-05 -0.012737300947 0.0210001323136 0.00905644166124 0.00318971395583 0.0377366635794 0.0111780737699 0.023111410695 -0.0191907282393 0.0259135815056 0.00862767935054 -0.00162655774193 -0.0070180401127 -0.0140540330795 0.0395205705947 0.00230081102955 -0.00979942095045 -0.0115705381189 
0.0195738828346 0.0360642573348 0.0129726298907 0.023643464289 -0.00137616349107 0.00781533140467 0.0434234457342 0.0118142209334 0.00347559081667 0.00306188743354 -0.0117183529955 0.233347949231 0.0361375170692 0.0291780463479 0.0286988900086 -0.02167843092 -0.00752036905221 -0.00742139319182 0.0142005341387 -0.00861276305803 -0.00357210186523 0.00359895027973 0.00254074625715 0.0339373639168 0.0278590102121 -0.00693535514172 0.0172543860533 0.0491997221739 -0.0181258616288 0.0180827903662 
0.0270937686512 0.0285092794523 0.0266432548235 0.00714717181257 0.0427232391928 0.0198717439859 0.0111989892607 0.0437778571776 0.0363941458114 0.0152495142134 -4.58172626877e-05 0.0361375170692 0.238987501229 0.0177421852551 0.00373207650116 0.0231739835917 0.0016899244934 -0.00154536747836 0.0205115007089 0.0294597693316 0.0238441899957 0.023851945113 0.0218726610749 0.0573266771508 0.0262172125928 0.0173975270185 0.0134147449628 0.019478738336 0.0193457187237 -0.000680310949656 
0.0139260218993 0.0213667441852 0.0295922111524 -0.0154645854906 0.0268935608089 0.0922033890437 -0.0298474844303 -0.0209744723734 0.0251066920707 0.0156806177595 -0.012737300947 0.0291780463479 0.0177421852551 0.849714662707 0.0370391494813 0.116133900516 0.0371254590327 -0.0141199263263 0.0681497796456 0.0132917107508 0.0603778014973 0.034634843198 0.0165778606874 0.0105858469522 0.0424576837384 0.186002664521 0.0277769230795 0.0337381381469 -0.0034409647 0.00571831662591 
0.0375809200151 0.0567348288995 0.0649538566284 0.0334751305268 0.00493516195834 0.0356559681226 0.00853016169492 0.029552011271 0.0123873241398 0.0285757571613 0.0210001323136 0.0286988900086 0.00373207650116 0.0370391494813 0.398439218416 0.0395104962506 -0.0246581815307 0.0334082929155 0.0371639351503 0.0250262593089 0.019066305819 0.0282851045388 -0.00532193827716 0.0530945423738 0.0491416813896 0.0162980698972 0.0180953693855 0.0272408480424 0.0160772160979 0.0442026945368 
0.0215125451205 0.0269086498795 0.0179062866073 -0.0197758075847 0.00227762329941 0.0253412753207 -0.0019609285226 0.026029841742 0.00835101747828 0.0192591940573 0.00905644166124 -0.02167843092 0.0231739835917 0.116133900516 0.0395104962506 0.432904300017 0.0908770725758 0.0154701327681 0.033986499455 0.00218477301814 0.0217316425644 0.0206691727751 -0.0354252565931 -0.000318340934945 0.00661612927133 0.06451130012 -0.0025477920482 0.0278429517723 0.014565811376 0.00694552242252 
-0.0224150747549 3.00099755075e-05 -0.00753624345271 -0.0120606384195 0.00489564138556 0.0537162014737 -0.0337900181489 -0.016200091425 0.0460295407507 -0.0124095448947 0.00318971395583 -0.00752036905221 0.0016899244934 0.0371254590327 -0.0246581815307 0.0908770725758 1.42527484023 -0.0165290810771 0.00638432144192 0.047729825066 0.0081511251336 -0.0090048345899 0.0143963988744 -0.0129827266883 -0.0138429941016 -0.021710070387 0.00975200190133 0.0208169634701 0.02359397412 -0.0142296420639 
0.0110742712321 0.0502607910744 0.0113658074446 0.00869739106334 0.0377981542998 0.0281657610272 0.0282688959613 0.0178246708654 0.0258586070647 0.00173647312706 0.0377366635794 -0.00742139319182 -0.00154536747836 -0.0141199263263 0.0334082929155 0.0154701327681 -0.0165290810771 0.335226929597 0.0280142935225 0.00984700601074 0.0214644271767 0.00379247777051 0.0149039371379 0.00958185900515 0.041104720182 0.0371421770394 0.0173715902944 0.0245427511227 0.0110004567293 -0.00238639331702 
0.00863335909648 0.0185184332408 0.0152320541784 0.0220379165228 0.012834315102 0.007597494858 -0.000191143522808 0.0103902983726 0.0243664709248 0.0601812609918 0.0111780737699 0.0142005341387 0.0205115007089 0.0681497796456 0.0371639351503 0.033986499455 0.00638432144192 0.0280142935225 0.190146015639 0.00192426357345 0.0205871084312 0.00601707848548 0.00294348931364 0.0128186557857 0.010010095645 0.0182720088164 -0.00310777400687 0.0264666801265 0.0128749710632 0.00307021611491 
0.0184705028084 0.0175651903066 0.00303949508704 0.0116855203647 0.0212399180076 0.0195675921009 0.0225802521231 0.0243630963017 0.013930665648 0.0327937740152 0.023111410695 -0.00861276305803 0.0294597693316 0.0132917107508 0.0250262593089 0.00218477301814 0.047729825066 0.00984700601074 0.00192426357345 0.32609858903 0.00891223692621 0.0160270362541 -0.00836818415922 0.0287150814146 0.00137719404825 0.0340599360846 0.0282416120695 -0.00112052294882 0.0904120276544 0.0217551583835 
0.0199600633343 0.0158504637527 0.0145090095281 0.010113099542 0.0076527371675 0.0385358595961 0.0154058364908 0.0429598690984 0.0108590846025 0.0296342101024 -0.0191907282393 -0.00357210186523 0.0238441899957 0.0603778014973 0.019066305819 0.0217316425644 0.0081511251336 0.0214644271767 0.0205871084312 0.00891223692621 0.231306371841 0.0289162071521 0.00600401454219 0.0268969407436 0.0370245356324 0.0273971147384 0.0129217505207 -0.00494089071058 0.00545502631943 0.00700517796164 
0.0441758187172 0.0348131295239 0.00748293332677 -0.00990948805624 0.00406533967417 0.0206283270992 0.00756335640841 0.0270653688104 0.0425204267315 0.0152085309822 0.0259135815056 0.00359895027973 0.023851945113 0.034634843198 0.0282851045388 0.0206691727751 -0.0090048345899 0.00379247777051 0.00601707848548 0.0160270362541 0.0289162071521 0.191310263532 0.0172576890964 0.0138223992858 0.0220914655267 0.0227117286687 0.0172811701475 0.00261037209942 0.00174224885195 -0.00827692253533 
-0.00198609862632 0.0214337417486 0.0270472422684 0.0160612101284 0.0587308252046 0.0218166823625 -0.00873125915976 -0.00747818403628 0.00990860635057 0.00860060170352 0.00862767935054 0.00254074625715 0.0218726610749 0.0165778606874 -0.00532193827716 -0.0354252565931 0.0143963988744 0.0149039371379 0.00294348931364 -0.00836818415922 0.00600401454219 0.0172576890964 0.518847360241 0.0186513032071 0.0165222124317 0.0231228421756 0.000753112133776 0.0646082956856 0.0100555430623 0.026784743206 
0.0127765370671 0.0330025738661 0.0393035335702 0.0062505529776 0.0433201100554 0.0213869881017 0.028391972057 0.0202562337021 0.0192896621432 0.023284207797 -0.00162655774193 0.0339373639168 0.0573266771508 0.0105858469522 0.0530945423738 -0.000318340934945 -0.0129827266883 0.00958185900515 0.0128186557857 0.0287150814146 0.0268969407436 0.0138223992858 0.0186513032071 0.174237545321 0.0641535115999 -0.000537406072725 0.0229556811829 0.00697403184088 0.0133216818015 0.00766070072492 
0.0248370291841 0.0434457714222 0.0505822428394 0.014883307848 0.016857127154 0.00945884355043 0.0287206535485 0.0169878901032 0.0194341251328 0.0127049729038 -0.0070180401127 0.0278590102121 0.0262172125928 0.0424576837384 0.0491416813896 0.00661612927133 -0.0138429941016 0.041104720182 0.010010095645 0.00137719404825 0.0370245356324 0.0220914655267 0.0165222124317 0.0641535115999 0.238314145962 -0.00248826470185 0.029308931026 0.0204884200442 -0.0163698181518 0.00713881818257 
0.0411816976107 0.0232649294978 0.00949796730042 0.0311279463772 0.0317914037632 0.12210703522 0.00527844754727 0.0172510725125 -0.00322534349108 0.000444073746863 -0.0140540330795 -0.00693535514172 0.0173975270185 0.186002664521 0.0162980698972 0.06451130012 -0.021710070387 0.0371421770394 0.0182720088164 0.0340599360846 0.0273971147384 0.0227117286687 0.0231228421756 -0.000537406072725 -0.00248826470185 0.498743075238 0.00668282690227 0.0439972161824 0.00637814604349 0.0232145170479 
0.0151426575744 0.0286714695803 0.0241810849019 0.0203468923624 0.019420225474 -0.014941239301 0.00076549800496 0.0100927662918 0.00629442766426 -0.000537637244112 0.0395205705947 0.0172543860533 0.0134147449628 0.0277769230795 0.0180953693855 -0.0025477920482 0.00975200190133 0.0173715902944 -0.00310777400687 0.0282416120695 0.0129217505207 0.0172811701475 0.000753112133776 0.0229556811829 0.029308931026 0.00668282690227 0.315070343245 0.0104831691882 0.0104508564366 -0.000516832634324 
0.0165081350503 -0.00978965815657 0.0109670823138 0.0120780614499 0.0439089683755 0.0316846552175 -0.0196416305635 0.0632751369079 -0.00434404386875 0.0107394925395 0.00230081102955 0.0491997221739 0.019478738336 0.0337381381469 0.0272408480424 0.0278429517723 0.0208169634701 0.0245427511227 0.0264666801265 -0.00112052294882 -0.00494089071058 0.00261037209942 0.0646082956856 0.00697403184088 0.0204884200442 0.0439972161824 0.0104831691882 0.830683206295 0.0316022248125 0.0130485205654 
0.00167730716878 0.0125429254395 -0.00404197438242 0.00289601271274 0.0262399980538 0.043852812087 0.00992782004052 0.024781735124 0.0369191271584 0.0231766563288 -0.00979942095045 -0.0181258616288 0.0193457187237 -0.0034409647 0.0160772160979 0.014565811376 0.02359397412 0.0110004567293 0.0128749710632 0.0904120276544 0.00545502631943 0.00174224885195 0.0100555430623 0.0133216818015 -0.0163698181518 0.00637814604349 0.0104508564366 0.0316022248125 0.438393556906 0.0216128861088 
0.019411837202 0.00924240736094 0.0190015157745 0.0229076351829 0.0192491963046 0.0618026215027 0.0792295923137 -0.0119758474996 0.0222205343482 0.00565394364443 -0.0115705381189 0.0180827903662 -0.000680310949656 0.00571831662591 0.0442026945368 0.00694552242252 -0.0142296420639 -0.00238639331702 0.00307021611491 0.0217551583835 0.00700517796164 -0.00827692253533 0.026784743206 0.00766070072492 0.00713881818257 0.0232145170479 -0.000516832634324 0.0130485205654 0.0216128861088 0.27975891677 
0.0210389447335 0.0032153327271 0.00124974647618 0.000887964936456 0.00115080689994 0.00368623726685 0.00102491172526 0.00128701967494 0.000588454136967 0.000630098193876 0.00160814234737 0.00169514797855 0.00234638919362 0.00120602887385 0.00325460314306 0.00186304105744 -0.00194120241655 0.000959060021543 0.000747670829755 0.00159959246527 0.00172859219086 0.00382573812421 -0.000172001186481 0.00110648056725 0.0021509498228 0.00356643963019 0.00131139261402 0.00142964643226 0.000145259061811 0.0016811144151 
0.0032153327271 0.020961979602 0.00264818069987 0.00210703113676 0.00267692481778 0.00203028715303 0.00207292898906 0.00113587120561 -0.00192154281583 0.00174591171643 0.00335910054981 0.00312325630206 0.00246897602493 0.00185041432605 0.00491338031064 0.00233035743772 2.59894011563e-06 0.00435271218848 0.00160374336248 0.00152119010278 0.00137269042716 0.00301490545529 0.00185621648524 0.00285810673583 0.00376251417387 0.00201480199623 0.00248302210204 -0.000847809265796 0.00108624920684 0.00080041595667 
0.00124974647618 0.00264818069987 0.0159152576666 0.00215371703993 0.0028128931035 0.00313765327149 0.000978686001278 0.00260027636924 0.0011269576787 0.00152034394282 0.00213507736602 0.00112346270392 0.00230737355167 0.00256276066121 0.0056251689914 0.00155072990894 -0.000652657827915 0.000984307798152 0.00131913458703 0.000263227996006 0.00125651708351 0.000648041035581 0.00234235989068 0.00340378585303 0.00438055072793 0.000822548096648 0.00209414338161 0.000949777188914 -0.000350045249662 0.00164557953712 
0.000887964936456 0.00210703113676 0.00215371703993 0.0191218104873 5.86671436996e-05 0.00302336386673 -0.000101239069264 0.00247514200033 0.00595663310171 0.00231044601784 0.00117069187432 0.00204758407077 0.00061896323549 -0.00133927238938 0.00289903134312 -0.00171263517487 -0.00104448192572 0.00075321616075 0.00190853955552 0.00101199574922 0.000875820111435 -0.00085818683952 0.00139094159867 0.00054131376663 0.00128893226887 0.00269575923303 0.00176209256739 0.00104599080441 0.000250802057891 0.0019838594009 
0.00115080689994 0.00267692481778 0.0028128931035 5.86671436996e-05 0.0454340288605 0.00227787308017 -0.00309739754942 0.00092811638456 -0.000289199694749 0.00122500118341 0.000530094091384 -0.000119179254303 0.00369994104729 0.00232905068587 0.000427397562771 0.000197247963754 0.000423974980771 0.00327341618398 0.00111148429185 0.00183943085689 0.000662746479554 0.000352068743284 0.00508623866124 0.00375163158027 0.00145987003502 0.00275321632809 0.00168184086077 0.00380262820671 0.00227245049099 0.00166702930022 
0.00368623726685 0.00203028715303 0.00313765327149 0.00302336386673 0.00227787308017 0.0439095771289 0.00276358183719 0.00257717832326 0.00392232681651 0.000460638539878 0.000274299627016 0.000676827553544 0.00172094351093 0.00798504772268 0.00308789741907 0.0021946188192 0.0046519595071 0.00243922645665 0.000657962355215 0.00169460318503 0.00333730333669 0.00178646553055 0.00188938011522 0.00185216750065 0.000819159880509 0.0105747794481 -0.00129394927987 0.00274397163285 0.00379776492947 0.00535226402418 
0.00102491172526 0.00207292898906 0.000978686001278 -0.000101239069264 -0.00309739754942 0.00276358183719 0.0397764375413 0.00131453207155 0.000828660417593 0.00134000927409 0.002455237933 0.00376058071256 0.000969860919647 -0.00258486797557 0.000738733672619 -0.000169821391558 -0.00292630141113 0.00244815820394 -1.6553514652e-05 0.00195550719625 0.00133418457676 0.000655005878755 -0.000756149223938 0.00245881690649 0.00248728155863 0.000457126966848 6.62940718841e-05 -0.00170101510397 0.000859774435929 0.00686148396752 
0.00128701967494 0.00113587120561 0.00260027636924 0.00247514200033 0.00092811638456 0.00257717832326 0.00131453207155 0.0328312383104 0.00350774050417 0.00167350144972 0.00210741084385 0.00102314154543 0.00379127364391 -0.00181644259063 0.00255927924936 0.00225425042051 -0.00140296907177 0.00154366177836 0.000899826234354 0.00210990603121 0.00372043379824 0.00234392969526 -0.000647629734959 0.0017542412971 0.0014711944386 0.00149398670383 0.000874059200312 0.00547978759902 0.00214616121672 -0.00103713881665 
0.000588454136967 -0.00192154281583 0.0011269576787 0.00595663310171 -0.000289199694748 0.00392232681651 0.000828660417593 0.00350774050417 0.0610992731014 0.00211616625902 0.00185570774486 0.000300994994039 0.00315182548217 0.00217430331382 0.001072773739 0.000723219328364 0.00398627516146 0.00223942106245 0.00211019828214 0.00120643103428 0.000940424312764 0.00368237697292 0.00085811048157 0.00167053374464 0.00168304460654 -0.00027932293992 0.000545113425954 -0.000376205234549 0.00319729020047 0.00192435472312 
0.000630098193876 0.00174591171643 0.00152034394282 0.00231044601784 0.00122500118341 0.000460638539878 0.00134000927409 0.00167350144972 0.00211616625902 0.011111345027 0.000596614434775 0.000265167230097 0.00132064667042 0.00135798133268 0.0024747331634 0.00166789513101 -0.00107469811282 0.000150382984102 0.00521185008507 0.00284002413831 0.00256639787698 0.00131709741849 0.000744833956308 0.00201647154592 0.00110028292891 3.84579145937e-05 -4.65607511422e-05 0.000930067336298 0.00200715731555 0.000489645882765 
0.00160814234737 0.00335910054981 0.00213507736602 0.00117069187432 0.000530094091384 0.000274299627016 0.002455237933 0.00210741084385 0.00185570774486 0.000596614434775 0.0301638566999 -0.00101483913846 -3.96789134195e-06 -0.00110308261958 0.00181866480664 0.000784310854653 0.000276237331656 0.00326809093138 0.000968049585013 0.00200150687791 -0.00166196581723 0.00224418198869 0.000747178949328 -0.000140864032523 -0.000607780102237 -0.00121711496725 0.00342258181071 0.00019925608009 -0.000848654748547 -0.00100203799464 
0.00169514797855 0.00312325630206 0.00112346270392 0.00204758407077 -0.000119179254303 0.000676827553544 0.00376058071256 0.00102314154543 0.000300994994039 0.000265167230097 -0.00101483913846 0.0202085251955 0.00312960078116 0.002526892937 0.00248539678078 -0.00187740718909 -0.000651283064505 -0.000642711503559 0.00122980233114 -0.000745887160503 -0.000309353096019 0.00031167823692 0.000220035080326 0.00293906192894 0.0024126610568 -0.0006006193737 0.00149427366489 0.00426082092617 -0.0015697456636 0.00156601558285 
0.00234638919362 0.00246897602493 0.00230737355167 0.00061896323549 0.00369994104729 0.00172094351093 0.000969860919647 0.00379127364391 0.00315182548217 0.00132064667042 -3.96789134194e-06 0.00312960078116 0.0206969247251 0.00153651831496 0.000323207305887 0.00200692584973 0.000146351754176 -0.000133832749445 0.00177634806836 0.00255129086308 0.0020649674269 0.00206563903975 0.00189422801392 0.00496463587271 0.00227047721218 0.0015066700361 0.00116175099231 0.00168690822327 0.00167538838692 -5.89166564875e-05 
0.00120602887385 0.00185041432605 0.00256276066121 -0.00133927238938 0.00232905068587 0.00798504772268 -0.00258486797557 -0.00181644259063 0.00217430331382 0.00135798133268 -0.00110308261958 0.002526892937 0.00153651831496 0.0735874483872 0.00320768443854 0.0100574908087 0.00321515906495 -0.00122282148981 0.00590194404354 0.001151095917 0.00522887099213 0.00299946540656 0.00143568484957 0.000916761238122 0.00367694327033 0.0161083032646 0.00240555210258 0.00292180847116 -0.000297996284373 0.000495220746492 
0.00325460314306 0.00491338031064 0.0056251689914 0.00289903134312 0.000427397562771 0.00308789741907 0.000738733672619 0.00255927924936 0.001072773739 0.0024747331634 0.00181866480664 0.00248539678078 0.000323207305887 0.00320768443854 0.0345058485012 0.00342170934691 -0.00213546116167 0.00289324303619 0.00321849119447 0.00216733763232 0.00165119051956 0.00244956190793 -0.000460893374539 0.0045981222498 0.00425579444681 0.00141145425636 0.00156710495787 0.00235912664253 0.00139232775629 0.00382806563846 
0.00186304105744 0.00233035743772 0.00155072990894 -0.00171263517487 0.000197247963754 0.0021946188192 -0.000169821391558 0.00225425042051 0.000723219328364 0.00166789513101 0.000784310854653 -0.00187740718909 0.00200692584973 0.0100574908087 0.00342170934691 0.0374906121222 0.00787018534722 0.00133975279771 0.00294331719138 0.000189206893521 0.00188201545267 0.00179000286984 -0.00306791721452 -2.75691336727e-05 0.000572973602369 0.00558684247351 -0.00022064526373 0.00241127035512 0.00126143626784 0.000601499886046 
-0.00194120241655 2.59894011564e-06 -0.000652657827915 -0.00104448192572 0.000423974980771 0.0046519595071 -0.00292630141113 -0.00140296907177 0.00398627516146 -0.00107469811282 0.000276237331656 -0.000651283064505 0.000146351754176 0.00321515906495 -0.00213546116167 0.00787018534722 0.123432421901 -0.0014314604114 0.000552898455463 0.00413352410253 0.000705908143513 -0.000779841551173 0.00124676471482 -0.00112433711224 -0.00119883845564 -0.00188014724731 0.000844548138431 0.00180280191948 0.00204329809642 -0.00123232315141 
0.000959060021543 0.00435271218848 0.000984307798152 0.00075321616075 0.00327341618398 0.00243922645665 0.00244815820394 0.00154366177836 0.00223942106245 0.000150382984102 0.00326809093138 -0.000642711503559 -0.000133832749445 -0.00122282148981 0.00289324303619 0.00133975279771 -0.0014314604114 0.0290315037064 0.00242610898595 0.000852775735652 0.00185887392127 0.000328438209255 0.00129071881778 0.000829813331394 0.00355977318931 0.0032166068868 0.00150442384991 0.0021254645951 0.000952667498078 -0.000206667723596 
0.000747670829755 0.00160374336248 0.00131913458703 0.00190853955552 0.00111148429185 0.000657962355215 -1.6553514652e-05 0.000899826234354 0.00211019828214 0.00521185008507 0.000968049585013 0.00122980233114 0.00177634806836 0.00590194404354 0.00321849119447 0.00294331719138 0.000552898455463 0.00242610898595 0.0164671279972 0.000166646113818 0.00178289588919 0.000521094282499 0.000254913652138 0.00111012815528 0.000866899712285 0.00158240238132 -0.000269141123917 0.00229208173434 0.00111500520137 0.000265888515062 
0.00159959246527 0.00152119010278 0.000263227996006 0.00101199574922 0.00183943085689 0.00169460318503 0.00195550719625 0.00210990603121 0.00120643103428 0.00284002413831 0.00200150687791 -0.000745887160503 0.00255129086308 0.001151095917 0.00216733763232 0.000189206893521 0.00413352410253 0.000852775735652 0.000166646113818 0.0282409662238 0.000771822358264 0.00138798205434 -0.000724706006543 0.00248679899768 0.000119268503172 0.00294967699005 0.0024457953496 -9.70401339204e-05 0.00782991127564 0.00188405198235 
0.00172859219086 0.00137269042716 0.00125651708351 0.000875820111435 0.000662746479554 0.00333730333669 0.00133418457676 0.00372043379824 0.000940424312764 0.00256639787698 -0.00166196581723 -0.000309353096019 0.0020649674269 0.00522887099213 0.00165119051956 0.00188201545267 0.000705908143513 0.00185887392127 0.00178289588919 0.000771822358264 0.0200317194071 0.00250421699748 0.000519962911823 0.0023293433968 0.0032064188421 0.00237265973539 0.00111905642123 -0.000427893687268 0.000472419137094 0.000606666207281 
0.00382573812421 0.00301490545529 0.000648041035581 -0.00085818683952 0.000352068743284 0.00178646553055 0.000655005878755 0.00234392969526 0.00368237697292 0.00131709741849 0.00224418198869 0.00031167823692 0.00206563903975 0.00299946540656 0.00244956190793 0.00179000286984 -0.000779841551173 0.000328438209255 0.000521094282499 0.00138798205434 0.00250421699748 0.0165679548223 0.00149455971681 0.00119705489227 0.0019131770353 0.0019668933991 0.00149659323548 0.000226064855143 0.00015088317655 -0.000716802518076 
-0.000172001186482 0.00185621648524 0.00234235989068 0.00139094159867 0.00508623866124 0.00188938011522 -0.000756149223938 -0.000647629734959 0.00085811048157 0.000744833956308 0.000747178949328 0.000220035080326 0.00189422801392 0.00143568484957 -0.000460893374539 -0.00306791721452 0.00124676471482 0.00129071881778 0.000254913652138 -0.000724706006543 0.000519962911823 0.00149455971681 0.0449334994655 0.0016152502391 0.00143086556926 0.00200249687317 6.52214239748e-05 0.00559524253589 0.000870835574081 0.00231962680503 
0.00110648056725 0.00285810673583 0.00340378585303 0.00054131376663 0.00375163158027 0.00185216750065 0.00245881690649 0.0017542412971 0.00167053374464 0.00201647154592 -0.000140864032523 0.00293906192894 0.00496463587271 0.000916761238122 0.0045981222498 -2.75691336727e-05 -0.00112433711224 0.000829813331394 0.00111012815528 0.00248679899768 0.0023293433968 0.00119705489227 0.0016152502391 0.0150894140541 0.00555585707875 -4.65407311128e-05 0.00198802030656 0.0006039688741 0.00115369148612 0.000663436143857 
0.0021509498228 0.00376251417387 0.00438055072793 0.00128893226887 0.00145987003502 0.000819159880509 0.00248728155863 0.0014711944386 0.00168304460654 0.00110028292891 -0.000607780102237 0.0024126610568 0.00227047721218 0.00367694327033 0.00425579444681 0.000572973602369 -0.00119883845564 0.00355977318931 0.000866899712285 0.000119268503172 0.0032064188421 0.0019131770353 0.00143086556926 0.00555585707875 0.0206386104484 -0.000215490044315 0.00253822788263 0.00177434922417 -0.00141766783748 0.000618239789911 
0.00356643963019 0.00201480199623 0.000822548096648 0.00269575923303 0.00275321632809 0.0105747794481 0.000457126966848 0.00149398670383 -0.00027932293992 3.84579145937e-05 -0.00121711496725 -0.0006006193737 0.0015066700361 0.0161083032646 0.00141145425636 0.00558684247351 -0.00188014724731 0.0032166068868 0.00158240238132 0.00294967699005 0.00237265973539 0.0019668933991 0.00200249687317 -4.65407311128e-05 -0.000215490044315 0.0431924173118 0.000578749786646 0.00381027069098 0.000552363650271 0.00201043615 
0.00131139261402 0.00248302210204 0.00209414338161 0.00176209256739 0.00168184086077 -0.00129394927987 6.62940718841e-05 0.000874059200312 0.000545113425954 -4.65607511422e-05 0.00342258181071 0.00149427366489 0.00116175099231 0.00240555210258 0.00156710495787 -0.00022064526373 0.000844548138431 0.00150442384991 -0.000269141123917 0.0024457953496 0.00111905642123 0.00149659323548 6.52214239748e-05 0.00198802030656 0.00253822788263 0.000578749786646 0.0272858921229 0.000907869082919 0.00090507071654 -4.47590190829e-05 
0.00142964643226 -0.000847809265796 0.000949777188914 0.00104599080441 0.00380262820671 0.00274397163285 -0.00170101510397 0.00547978759902 -0.000376205234549 0.000930067336298 0.00019925608009 0.00426082092617 0.00168690822327 0.00292180847116 0.00235912664253 0.00241127035512 0.00180280191948 0.0021254645951 0.00229208173434 -9.70401339204e-05 -0.000427893687268 0.000226064855143 0.00559524253589 0.0006039688741 0.00177434922417 0.00381027069098 0.000907869082919 0.0719392759149 0.00273683295037 0.00113003502914 
0.000145259061811 0.00108624920684 -0.000350045249662 0.000250802057891 0.00227245049099 0.00379776492947 0.000859774435929 0.00214616121672 0.00319729020047 0.00200715731555 -0.000848654748547 -0.0015697456636 0.00167538838692 -0.000297996284373 0.00139232775629 0.00126143626784 0.00204329809642 0.000952667498078 0.00111500520137 0.00782991127564 0.000472419137094 0.00015088317655 0.000870835574081 0.00115369148612 -0.00141766783748 0.000552363650271 0.00090507071654 0.00273683295037 0.0379659957136 0.00187173084193 
0.0016811144151 0.00080041595667 0.00164557953712 0.0019838594009 0.00166702930022 0.00535226402418 0.00686148396752 -0.00103713881665 0.00192435472312 0.000489645882765 -0.00100203799464 0.00156601558285 -5.89166564875e-05 0.000495220746492 0.00382806563846 0.000601499886046 -0.00123232315141 -0.000206667723596 0.000265888515062 0.00188405198235 0.000606666207281 -0.000716802518076 0.00231962680503 0.000663436143857 0.000618239789911 0.00201043615 -4.47590190829e-05 0.00113003502914 0.00187173084193 0.0242278328858 

['IP', 'MTG', 'TROW', 'TSN', 'EK', 'TER', 'CMX', 'SWK', 'MEDI', 'ED', 'STZ', 'DOW', 'MAS', 'AMD', 'ET', 'BHI', 'UIS', 'STJ', 'PNW', 'BMET', 'CBE', 'WY', 'TEK', 'WB', 'STT', 'NSM', 'TJX', 'GM', 'MIL', 'EDS']