40
0.0637259516476 0.109959402945 0.0430779984078 0.0607700526619 0.110955558587 0.12993100308 0.104550469133 0.138189015222 -0.00773505516991 0.00496789573306 0.05514883533 0.0114549593271 0.0283464571838 0.0431815223905 0.0328492958576 0.0121413644826 0.0896854693356 0.0431320253577 0.0498180241401 0.0833786368315 0.0437038130991 0.0300310371189 0.0524263551757 0.122670110856 0.0413299620627 0.0413413845105 0.168192385625 0.0415474718814 0.0213104348082 0.0598638009539 0.0773544805674 0.0224960645228 0.39235550597 0.0450347688147 0.0172523696575 0.0243185800675 0.148588071013 0.171628318037 0.00108215816497 0.0965978414643 
0.196314575743 0.0190079963264 -0.00192137626823 0.0273353339673 0.00491339105307 0.0277539653186 0.0260564201431 0.0094092308451 0.00603990924539 0.0185670755099 0.00601712659672 5.14094069943e-05 0.0105429700378 0.0209739482947 0.0186452861661 0.0132124407065 0.0213958829613 0.0329165791634 -0.00831513603468 0.0355695880058 0.0119337403713 0.0148978763735 0.00707477279963 -0.000346885595548 0.0181361875184 0.0182170566856 0.0194400075063 0.0135830093403 0.0238288050509 0.0243603985911 0.0210724127091 0.0197531739016 -0.00722339741126 0.0112039827791 0.00952663937042 0.0106510526391 0.00620029157173 0.0241128421033 0.0291032290173 -0.00168290533398 
0.0190079963264 0.401456375704 0.026637295315 0.00381906453082 0.0433313762593 0.0508703073631 0.0348107832288 0.0449812530825 0.0148855109374 0.0162896470425 0.00940335462156 0.0255509496767 0.00307589598248 0.0224034860826 0.0118392375652 0.0466598060758 0.0295117136782 0.0417241703596 0.0245652269279 0.0399808057617 0.00794168464918 -0.0120631642646 0.0742438694273 0.00355216967817 0.0189144649164 0.00824858344076 0.0379142287814 0.0216376369831 0.0261879603434 0.035212717027 0.0193879686316 0.0265489940644 0.0268593997978 0.00960385177288 -0.0114250561617 0.0127226367552 0.0296122601473 0.0251967836607 -0.00329491390283 0.0279391620103 
-0.00192137626823 0.026637295315 0.3327723652 0.0200969497076 0.006363379008 -0.00350853152186 0.00203889039393 0.0226160958218 -0.0116207242676 0.0130916139487 -0.00692131235079 0.0141358848002 0.0141227393921 0.0112315409705 0.0125757656872 0.00802178985176 0.0207891601923 -0.00298133838443 -0.0336958102447 0.0208633283943 0.0324070640947 0.00478608194398 0.0187185065377 0.00675198099646 -0.0011880106485 -0.00146455080316 -0.0142462874261 0.0131883874642 0.020632052454 0.0187330365905 0.0695457694363 0.013935445621 0.00207700041032 0.00912135069419 0.0237744224002 0.0237208009745 0.00333108329495 0.0207618904461 0.00396550842809 0.0259341461224 
0.0273353339673 0.00381906453082 0.0200969497076 0.264138498124 -0.00446776584449 0.0118265963089 0.0776127637742 0.0382562950278 0.0318469402824 -0.00982895176366 0.0187436214149 0.0352425908731 0.0084102993356 0.0275362873465 0.00962275395879 0.00777055080355 0.0162950843198 0.00928583077836 0.0145040320815 0.0156373734319 0.0160232302362 0.00710534151317 0.0457008333398 0.0113076019915 -0.000441850409323 0.0263931337116 0.0189457441597 0.0423137279584 0.0461770952564 0.0237105427828 0.0420750711643 0.0114265304064 0.0033630725209 -0.00513940078038 0.0105043639475 -0.00456085979652 0.0159517153591 0.0186236642469 0.0393707403733 -0.00286497602504 
0.00491339105307 0.0433313762593 0.006363379008 -0.00446776584449 0.480457979073 -0.0103290415975 0.0165519681638 0.0308754504874 0.00947905207682 -0.0126142514481 -0.0178151556739 0.0373007463157 0.0206667476211 0.0043803746324 0.0252146218742 -0.0041759445988 0.0247423093442 0.0662750446929 0.00339707736707 0.00417444744447 0.0247390252073 0.00870289262119 0.0369288132653 0.0200097460834 0.0594805660242 0.0156517940693 0.00817511881367 0.0120831775768 0.0220387554738 0.0312307061686 0.0530434990024 0.0324548962612 0.0119270546437 -0.00172490256237 -0.00448005115904 0.0139667164978 0.0764791405308 -0.00640992328186 0.0208367231021 0.0303809543979 
0.0277539653186 0.0508703073631 -0.00350853152186 0.0118265963089 -0.0103290415975 0.619648341774 0.0625067946427 0.0126786011141 0.0228282019942 0.0462872016475 0.202410782873 0.00129383754253 -0.000772022005946 0.00420095347095 0.0197880802815 0.0147335382609 0.0225843760854 0.0386863898211 0.156384157071 0.0399153431201 0.04559255944 0.0152924112518 -0.0120552549968 -0.00545275024321 0.000899271203873 0.0119944438539 0.0121182713308 0.00101924932034 0.0259648545554 0.0589727507107 0.000194378172786 0.00716959176773 0.00311705064195 0.0408663512093 0.0157616956441 0.022885499011 0.00237049986635 0.0394004364055 0.0127147700686 0.0034684580609 
0.0260564201431 0.0348107832288 0.00203889039393 0.0776127637742 0.0165519681638 0.0625067946427 0.512569360183 0.0105215618772 0.0109307747026 0.0134514276467 0.0285687436844 -0.00941884712754 0.0330610581802 0.0313914215139 0.00220397992261 0.00152519162246 0.00621494472735 -0.00585630488627 0.0211379914075 0.00041204820884 0.00706888664209 -0.00285977746459 0.118925108655 0.0113663479958 0.00458619427268 0.0419835367667 0.00378276436921 0.028031048931 0.0947243483469 0.0284018470167 0.0544838381849 0.0141423048307 0.0679005178204 -0.0213529997832 -0.00867479504836 0.00219294071089 0.00651824868785 0.011674536101 0.00807607519 0.0397707971323 
0.0094092308451 0.0449812530825 0.0226160958218 0.0382562950278 0.0308754504874 0.0126786011141 0.0105215618772 0.279072793007 0.0214057019798 0.021324814695 0.0167839023893 0.00944283191032 0.0361454499479 0.0574988136657 0.0219947205456 0.0160839116808 0.0168362376217 0.0341166501806 0.0417005784149 0.0109762932978 0.0423933108926 -0.00771502363911 0.00959595048081 -0.00178354253725 0.0163298815449 0.0218767625818 0.0152930991016 0.0333807108566 0.0174333062571 0.0233661191174 0.0356588796219 0.0209731805054 0.137869512943 0.0128236230194 0.019637432698 0.00121952433505 0.00540583814995 0.0529200341376 0.000161658554824 0.041345794134 
0.00603990924539 0.0148855109374 -0.0116207242676 0.0318469402824 0.00947905207682 0.0228282019942 0.0109307747026 0.0214057019798 0.124680729215 0.0430552905718 0.0220551315847 0.0246120055627 0.0104137177112 0.0110963477073 0.00820182981583 0.018929901427 0.0100385593628 0.0093146331043 0.00950198267901 0.0071090662165 0.0245689714688 0.019442312508 0.00337700883714 -0.00804925447472 -0.00161352802473 -0.00346605816117 0.0178717608298 0.0130094890497 0.00451150852987 0.0437077046952 0.010500940121 0.00963185453781 -0.00507682495981 0.0527643069601 0.0119295542851 0.0118486896796 0.0115525163538 0.0119408207344 0.0150634177505 0.0151458229482 
0.0185670755099 0.0162896470425 0.0130916139487 -0.00982895176366 -0.0126142514481 0.0462872016475 0.0134514276467 0.021324814695 0.0430552905718 0.164089583728 0.0326069586217 0.000250478850427 0.0168462066135 0.0231287037221 0.0123514886306 0.0310300871294 -0.000799691723758 0.024851068825 0.0212829339074 0.0148842393483 0.0182032708666 0.0200281003336 -0.00388975898208 -0.00937267114582 0.00982642951709 -0.00173840892927 0.011424438285 0.00987110361478 -0.0150560948088 0.0285593900019 0.0137735131528 0.0047563477325 -0.0158595665671 0.0540940781368 0.0187068704036 0.00850440463599 0.0136481985229 0.0327946040499 0.00986922713425 -0.00077558055295 
0.00601712659672 0.00940335462156 -0.00692131235078 0.0187436214149 -0.0178151556739 0.202410782873 0.0285687436844 0.0167839023893 0.0220551315847 0.0326069586217 0.356504779747 0.015883443973 -0.0105420563492 0.00487872376717 0.00402680911242 -0.00740062059061 0.0332447175955 -0.000400000932079 0.11885434597 0.0211730593517 0.00577429602482 0.077619709829 -0.0159639920529 0.00723629984111 0.00356449499668 0.0227184068546 0.00252716253272 -0.00592576545003 -0.0134965898262 0.0147452147099 -0.00677596936145 0.00123558356024 0.00633375395875 0.0360317834833 0.00102262038887 0.0247406704408 0.00396481477963 0.024704587113 0.00768706054239 -0.0129464935664 
5.14094069945e-05 0.0255509496767 0.0141358848002 0.0352425908731 0.0373007463157 0.00129383754253 -0.00941884712754 0.00944283191032 0.0246120055627 0.000250478850427 0.015883443973 0.164898616182 0.00800299985102 -0.00539331631067 0.0126338557521 0.0157929917059 0.0244790698836 0.0296204292306 -0.00540302410573 0.0148865078944 0.0228572467593 0.0246940556437 -0.000940931625251 -0.00402477921709 0.0322155037281 0.0106453701394 0.0210675513476 0.0239008169303 0.0133469661351 0.0319582990153 0.0220585803907 0.0174433160283 0.0113601474696 0.00868840596148 0.0113784181946 0.00795001173741 0.0218118481623 0.00791415063207 0.0053167045589 0.00162978356386 
0.0105429700378 0.00307589598248 0.0141227393921 0.0084102993356 0.0206667476211 -0.000772022005947 0.0330610581802 0.0361454499479 0.0104137177112 0.0168462066135 -0.0105420563492 0.00800299985102 0.181343290521 0.0239897620026 0.0256533589506 0.0130327134046 0.0270204674585 0.00881058241014 0.00741719400438 0.00739705517827 0.0178536041367 0.0111853803417 0.0194610959197 0.00642841703713 0.0231368363728 0.0158418341369 -0.0102291991627 0.00783249713174 0.00429259347197 0.0190815219288 0.0336128486073 0.019703582746 0.017882799145 -0.0014356264174 0.0129089187137 0.0374897686694 0.00571717084635 0.0262143965952 0.0193730400235 0.0243705046203 
0.0209739482947 0.0224034860826 0.0112315409705 0.0275362873465 0.0043803746324 0.00420095347095 0.0313914215139 0.0574988136657 0.0110963477073 0.0231287037221 0.00487872376717 -0.00539331631067 0.0239897620026 0.209083651269 0.0219148874198 0.0074912905235 0.00241859183597 0.0338116672015 0.00229264715121 0.0138701060376 0.0120348482438 0.00207313487804 0.017069968098 0.00845260417402 0.0146945955346 0.000911107112813 0.0133361895628 0.00539932255953 0.0218879404837 0.0204007326985 0.015441488163 0.0103059623462 -0.000434353763972 0.00883430319078 0.00787751104496 0.0131771816265 0.012561045865 0.0166764824848 0.00830838888225 -0.00209268341923 
0.0186452861661 0.0118392375652 0.0125757656872 0.00962275395879 0.0252146218742 0.0197880802815 0.00220397992261 0.0219947205456 0.00820182981583 0.0123514886306 0.00402680911242 0.0126338557521 0.0256533589506 0.0219148874198 0.332330815949 0.0126846228774 0.0142938886006 0.0223959100004 0.00954499101024 0.0259069223112 0.0151206647334 0.00107766736884 0.00821059283873 0.00375966198637 0.00186379415875 0.0247176473586 0.009383916546 0.023772403897 0.046093276587 0.0118584396234 0.0193471097556 0.00424932527159 0.0157254534655 0.00504634432811 0.0116561474152 0.0462095163561 0.0419373791488 0.00709995103909 0.0190462635876 0.0209374884184 
0.0132124407065 0.0466598060758 0.00802178985176 0.00777055080355 -0.0041759445988 0.0147335382609 0.00152519162246 0.0160839116808 0.018929901427 0.0310300871294 -0.00740062059061 0.0157929917059 0.0130327134046 0.0074912905235 0.0126846228774 0.263021168387 0.0137250637674 0.0423805097713 0.00331155274097 -0.00690899004831 0.00844073849203 0.00139834935748 0.000487906479926 0.00423471486931 0.0316473138972 0.0117468887842 -0.0111827421642 0.0124547753902 0.00390507143215 0.00650102952442 0.0148270711293 0.00530154601124 -0.0156049076445 0.0318045190669 0.0155797912239 0.00650152625465 0.0101570220276 0.0117241235009 0.019057903605 0.0234639213425 
0.0213958829613 0.0295117136782 0.0207891601923 0.0162950843198 0.0247423093442 0.0225843760854 0.00621494472735 0.0168362376217 0.0100385593628 -0.000799691723759 0.0332447175955 0.0244790698836 0.0270204674585 0.00241859183597 0.0142938886006 0.0137250637674 0.257628699966 0.0219488301328 0.0312115157776 0.024688349269 0.0247446562377 0.0106997737615 0.0159076626495 0.0192579813473 0.022101493617 0.00185076145328 -0.00141764601581 0.0338422065509 0.0133401784806 0.0186722324183 0.0460143283589 0.00271926037098 -0.00411515162143 -0.00453917315546 0.0226990094767 0.00572191243225 0.0260000899131 0.00696934959522 0.0228632719585 0.0301591775604 
0.0329165791634 0.0417241703596 -0.00298133838443 0.00928583077837 0.0662750446929 0.0386863898211 -0.00585630488627 0.0341166501806 0.0093146331043 0.024851068825 -0.00040000093208 0.0296204292306 0.00881058241014 0.0338116672015 0.0223959100004 0.0423805097713 0.0219488301328 0.382528957711 0.00257678286535 0.0314227491572 0.0177528284397 0.00900816414841 0.00822326680774 0.01424108079 0.0169632151247 0.0244855698412 0.00178559893331 0.00373146742638 0.0308127579261 0.0310944785417 0.0431398363145 0.0307284345785 0.034239646955 0.00492135205312 0.0243087687137 -0.0234958327848 0.0666986603376 0.0592764618316 0.0152582075844 0.00382630055198 
-0.00831513603468 0.0245652269279 -0.0336958102447 0.0145040320815 0.00339707736707 0.156384157071 0.0211379914075 0.0417005784149 0.00950198267901 0.0212829339074 0.11885434597 -0.00540302410573 0.00741719400438 0.00229264715121 0.00954499101024 0.00331155274097 0.0312115157776 0.00257678286535 0.361330769692 0.0139879669357 -0.00103590465931 0.0196349346357 0.00331282832423 0.00433684169597 0.010102294669 0.0352241218795 0.0415447210591 0.000674856090013 -0.00547020138673 0.00297846879116 -0.00796303915402 -0.00511783970057 0.00469421418321 0.00797795883878 -0.00664102107023 0.0109344943428 0.00130332585175 -0.00434883415742 0.0219972707768 -0.00278904171612 
0.0355695880058 0.0399808057617 0.0208633283943 0.0156373734319 0.00417444744447 0.0399153431201 0.00041204820884 0.0109762932978 0.0071090662165 0.0148842393483 0.0211730593517 0.0148865078944 0.00739705517827 0.0138701060376 0.0259069223112 -0.00690899004831 0.024688349269 0.0314227491572 0.0139879669357 0.375541527396 0.00943864454725 0.00675735763787 0.0123207938109 -0.0211300965233 0.033446655697 0.0170668545361 0.0071975937319 0.0165119187501 0.0183618372244 0.0247533854135 0.0262501604128 0.0111944497205 0.0432082975352 0.0342987760158 -0.00320137526209 0.00946848217071 0.0404847944039 0.017467033816 0.00185501792585 0.0530667462154 
0.0119337403713 0.00794168464918 0.0324070640947 0.0160232302362 0.0247390252073 0.04559255944 0.00706888664209 0.0423933108926 0.0245689714688 0.0182032708666 0.00577429602482 0.0228572467593 0.0178536041367 0.0120348482438 0.0151206647334 0.00844073849203 0.0247446562377 0.0177528284397 -0.00103590465931 0.00943864454725 0.197171388977 -0.00499274175683 0.00202321896656 0.000997674146999 -0.000756728799798 0.0123646108326 -0.0101216766652 0.0156067475103 0.0136673691763 0.0246757579354 0.0408299061868 0.0242785536587 0.0486311643267 0.0134119204067 0.0159845734748 -0.00282922437832 -0.00105103228431 0.00175388285666 0.0132216322274 0.0579474234677 
0.0148978763735 -0.0120631642646 0.00478608194398 0.00710534151317 0.00870289262119 0.0152924112518 -0.00285977746459 -0.00771502363911 0.019442312508 0.0200281003336 0.077619709829 0.0246940556437 0.0111853803417 0.00207313487804 0.00107766736884 0.00139834935748 0.0106997737615 0.00900816414841 0.0196349346357 0.00675735763787 -0.00499274175683 0.254425862305 0.00839108686083 0.0058732340773 0.00496496345503 -0.00628723103223 0.00518459324858 0.0205432996735 0.0159016080455 0.0123107362905 0.00436446344005 9.57885283189e-05 -0.00172309865502 0.00216134998981 0.0152380033569 -0.0122951755675 -0.00944953878778 0.0132598856027 -0.00331302080848 0.0347852463836 
0.00707477279963 0.0742438694273 0.0187185065377 0.0457008333398 0.0369288132653 -0.0120552549968 0.118925108655 0.00959595048081 0.00337700883714 -0.00388975898208 -0.0159639920529 -0.00094093162525 0.0194610959197 0.017069968098 0.00821059283873 0.000487906479926 0.0159076626495 0.00822326680774 0.00331282832423 0.0123207938109 0.00202321896656 0.00839108686083 0.265649760933 0.000362477331033 -0.00574679160876 0.0059090311497 0.00206994509794 0.00766410437382 0.0959145620917 0.0127975034651 0.012703737331 0.00802248811808 0.0331458900583 0.000500163653706 -0.00265101439392 0.00345754094398 0.00227725484014 -0.00434032079725 0.0232827239381 0.0140787316501 
-0.000346885595549 0.00355216967817 0.00675198099646 0.0113076019915 0.0200097460834 -0.00545275024321 0.0113663479958 -0.00178354253725 -0.00804925447473 -0.00937267114582 0.00723629984111 -0.00402477921709 0.00642841703713 0.00845260417402 0.00375966198637 0.00423471486931 0.0192579813473 0.01424108079 0.00433684169597 -0.0211300965233 0.000997674146998 0.0058732340773 0.000362477331034 0.397513339444 -0.00588360661059 -0.00107470565572 0.00757945225899 -0.00350047089325 -0.000386069038046 0.0175742275837 0.000516087667566 -0.00488600416088 0.0406950086208 -0.00167151549721 0.0161969382684 -0.0134439595231 0.0801138253594 0.00584872838954 -0.00042910064657 0.000274788610182 
0.0181361875184 0.0189144649164 -0.0011880106485 -0.000441850409323 0.0594805660242 0.000899271203872 0.00458619427268 0.0163298815449 -0.00161352802473 0.00982642951709 0.00356449499668 0.0322155037281 0.0231368363728 0.0146945955346 0.00186379415875 0.0316473138972 0.022101493617 0.0169632151247 0.010102294669 0.033446655697 -0.000756728799798 0.00496496345503 -0.00574679160876 -0.00588360661059 0.23908711416 0.0277286086527 0.163047033116 0.00282349023171 0.00613437588148 0.0177852307995 0.0250405652575 0.0212301232776 -0.00152361060543 0.000752038334508 0.01172568242 0.0055376081098 0.00432976129831 0.0223159151661 0.000395106205657 0.0438107545683 
0.0182170566856 0.00824858344076 -0.00146455080316 0.0263931337116 0.0156517940693 0.0119944438539 0.0419835367667 0.0218767625818 -0.00346605816117 -0.00173840892927 0.0227184068546 0.0106453701394 0.0158418341369 0.000911107112813 0.0247176473586 0.0117468887842 0.00185076145328 0.0244855698412 0.0352241218795 0.0170668545361 0.0123646108326 -0.00628723103223 0.0059090311497 -0.00107470565572 0.0277286086527 0.23238511792 0.0383927788573 0.0201269837742 0.0225995314888 0.0296506887838 0.0265893713603 0.0390855747592 0.00657553545421 0.00349297314959 0.00703027580727 0.0147940744764 0.0243755029702 0.0347205654443 0.0231713255335 0.0526173226328 
0.0194400075063 0.0379142287814 -0.0142462874261 0.0189457441597 0.00817511881368 0.0121182713308 0.0037827643692 0.0152930991016 0.0178717608298 0.011424438285 0.00252716253272 0.0210675513476 -0.0102291991627 0.0133361895628 0.009383916546 -0.0111827421642 -0.00141764601581 0.00178559893331 0.0415447210591 0.0071975937319 -0.0101216766652 0.00518459324858 0.00206994509794 0.00757945225899 0.163047033116 0.0383927788573 0.697111663697 0.00707746698078 0.0134522620603 0.0104571525906 -0.0108830582933 0.0139569475739 -0.00892057761781 0.00234209894299 0.00779282675838 0.00473032226848 -0.0156410041843 0.0125508260743 -0.00991465907742 0.00278133148096 
0.0135830093403 0.0216376369831 0.0131883874642 0.0423137279584 0.0120831775768 0.00101924932034 0.028031048931 0.0333807108566 0.0130094890497 0.00987110361478 -0.00592576545003 0.0239008169303 0.00783249713174 0.00539932255953 0.023772403897 0.0124547753902 0.0338422065509 0.00373146742638 0.000674856090012 0.0165119187501 0.0156067475103 0.0205432996735 0.00766410437382 -0.00350047089325 0.00282349023171 0.0201269837742 0.00707746698078 0.173255691475 0.00752110720317 0.034611256153 0.033490395989 0.0234452523602 -0.0102706084335 0.0125358718181 0.00990474108922 0.0162418523048 0.045981573782 0.0106401086662 0.0165605540924 0.0271278809274 
0.0238288050509 0.0261879603434 0.020632052454 0.0461770952564 0.0220387554738 0.0259648545554 0.0947243483469 0.0174333062571 0.00451150852987 -0.0150560948088 -0.0134965898262 0.0133469661351 0.00429259347197 0.0218879404837 0.046093276587 0.00390507143215 0.0133401784806 0.0308127579261 -0.00547020138673 0.0183618372244 0.0136673691763 0.0159016080455 0.0959145620917 -0.000386069038046 0.00613437588148 0.0225995314888 0.0134522620603 0.00752110720317 0.325314345334 0.0277137018794 0.0220424405678 0.0176362498419 0.0456587004137 -0.00908079372697 0.0176207524829 0.00973070964863 0.00802526553902 0.00486360984341 -0.000711306333009 0.0327038537683 
0.0243603985911 0.035212717027 0.0187330365905 0.0237105427828 0.0312307061686 0.0589727507107 0.0284018470167 0.0233661191174 0.0437077046952 0.0285593900019 0.0147452147099 0.0319582990153 0.0190815219288 0.0204007326985 0.0118584396234 0.00650102952442 0.0186722324183 0.0310944785417 0.00297846879115 0.0247533854135 0.0246757579354 0.0123107362905 0.0127975034651 0.0175742275837 0.0177852307995 0.0296506887838 0.0104571525906 0.034611256153 0.0277137018794 0.193365276575 0.0337720236877 0.0270223280616 0.000657050430897 0.0217649204604 0.0188339822272 0.0317692682696 0.0345263003836 0.0236464473267 0.00593138857185 0.0311079682744 
0.0210724127091 0.0193879686316 0.0695457694363 0.0420750711643 0.0530434990024 0.000194378172785 0.0544838381849 0.0356588796219 0.010500940121 0.0137735131528 -0.00677596936145 0.0220585803907 0.0336128486073 0.015441488163 0.0193471097556 0.0148270711293 0.0460143283589 0.0431398363145 -0.00796303915402 0.0262501604128 0.0408299061868 0.00436446344005 0.012703737331 0.000516087667566 0.0250405652575 0.0265893713603 -0.0108830582933 0.033490395989 0.0220424405678 0.0337720236877 0.275962574039 0.0161776729556 0.0271890214004 0.00495343203132 0.0132891474817 0.0154612454026 0.0429220394204 0.00526059401802 0.0295860862322 0.0375032637387 
0.0197531739016 0.0265489940644 0.013935445621 0.0114265304064 0.0324548962612 0.00716959176773 0.0141423048307 0.0209731805054 0.00963185453781 0.0047563477325 0.00123558356024 0.0174433160283 0.019703582746 0.0103059623462 0.00424932527159 0.00530154601124 0.00271926037098 0.0307284345785 -0.00511783970057 0.0111944497205 0.0242785536587 9.57885283189e-05 0.00802248811809 -0.00488600416087 0.0212301232776 0.0390855747592 0.0139569475739 0.0234452523602 0.0176362498419 0.0270223280616 0.0161776729556 0.204920157151 0.026737252811 0.0108604920822 0.0272254972957 0.0211118985671 0.0244285760689 0.0366106739315 0.0153382032627 0.0103285447237 
-0.00722339741126 0.0268593997978 0.00207700041032 0.0033630725209 0.0119270546437 0.00311705064195 0.0679005178204 0.137869512943 -0.00507682495981 -0.0158595665671 0.00633375395875 0.0113601474696 0.017882799145 -0.000434353763972 0.0157254534655 -0.0156049076445 -0.00411515162143 0.034239646955 0.00469421418321 0.0432082975352 0.0486311643267 -0.00172309865502 0.0331458900583 0.0406950086208 -0.00152361060543 0.00657553545421 -0.0089205776178 -0.0102706084335 0.0456587004137 0.000657050430897 0.0271890214004 0.026737252811 3.20239441933 -0.0118995718061 0.00308495270798 0.0062020687448 0.0628891064002 -0.0566272697558 0.0138494482159 0.0397416636608 
0.0112039827791 0.00960385177288 0.00912135069419 -0.00513940078038 -0.00172490256237 0.0408663512093 -0.0213529997832 0.0128236230194 0.0527643069601 0.0540940781368 0.0360317834833 0.00868840596148 -0.0014356264174 0.00883430319078 0.00504634432811 0.0318045190669 -0.00453917315546 0.00492135205312 0.00797795883878 0.0342987760158 0.0134119204067 0.00216134998982 0.000500163653706 -0.00167151549721 0.000752038334508 0.00349297314959 0.00234209894299 0.0125358718181 -0.00908079372698 0.0217649204604 0.00495343203132 0.0108604920822 -0.0118995718061 0.196951656782 0.00446723905548 0.0128688592405 0.0187153411211 0.0149065691172 0.0219023634651 0.0279401609632 
0.00952663937043 -0.0114250561617 0.0237744224002 0.0105043639475 -0.00448005115904 0.0157616956441 -0.00867479504836 0.019637432698 0.0119295542851 0.0187068704036 0.00102262038887 0.0113784181946 0.0129089187137 0.00787751104496 0.0116561474152 0.0155797912239 0.0226990094767 0.0243087687137 -0.00664102107023 -0.00320137526209 0.0159845734748 0.0152380033569 -0.00265101439392 0.0161969382684 0.01172568242 0.00703027580727 0.00779282675838 0.00990474108922 0.0176207524829 0.0188339822272 0.0132891474817 0.0272254972957 0.00308495270798 0.00446723905548 0.197164571419 0.000381165775201 0.033866155526 0.0100389913191 -0.0051819958224 0.00196352642663 
0.0106510526391 0.0127226367552 0.0237208009745 -0.00456085979652 0.0139667164978 0.022885499011 0.00219294071089 0.00121952433505 0.0118486896796 0.00850440463599 0.0247406704408 0.00795001173741 0.0374897686694 0.0131771816265 0.0462095163561 0.00650152625465 0.00572191243225 -0.0234958327848 0.0109344943428 0.00946848217071 -0.00282922437832 -0.0122951755675 0.00345754094398 -0.0134439595231 0.0055376081098 0.0147940744764 0.00473032226848 0.0162418523048 0.00973070964863 0.0317692682696 0.0154612454026 0.0211118985671 0.0062020687448 0.0128688592405 0.000381165775201 0.223770372144 0.0352077440277 -0.0128965254806 0.0179504588787 0.025480101952 
0.00620029157173 0.0296122601473 0.00333108329495 0.0159517153591 0.0764791405308 0.00237049986635 0.00651824868786 0.00540583814995 0.0115525163538 0.0136481985229 0.00396481477963 0.0218118481623 0.00571717084635 0.012561045865 0.0419373791488 0.0101570220276 0.0260000899131 0.0666986603376 0.00130332585174 0.0404847944039 -0.00105103228431 -0.00944953878778 0.00227725484015 0.0801138253594 0.00432976129831 0.0243755029702 -0.0156410041843 0.045981573782 0.00802526553903 0.0345263003836 0.0429220394204 0.0244285760689 0.0628891064002 0.0187153411211 0.033866155526 0.0352077440277 0.46129099733 0.0135291284767 0.0234963260611 0.0136123127238 
0.0241128421033 0.0251967836607 0.0207618904461 0.0186236642469 -0.00640992328186 0.0394004364055 0.011674536101 0.0529200341376 0.0119408207344 0.0327946040499 0.024704587113 0.00791415063207 0.0262143965952 0.0166764824848 0.00709995103909 0.0117241235009 0.00696934959522 0.0592764618316 -0.00434883415742 0.017467033816 0.00175388285666 0.0132598856027 -0.00434032079725 0.00584872838954 0.0223159151661 0.0347205654443 0.0125508260743 0.0106401086662 0.00486360984341 0.0236464473267 0.00526059401802 0.0366106739315 -0.0566272697558 0.0149065691172 0.0100389913191 -0.0128965254806 0.0135291284767 0.268280473716 0.00416090983926 0.0251748445936 
0.0291032290173 -0.00329491390283 0.00396550842809 0.0393707403733 0.0208367231021 0.0127147700686 0.00807607519 0.000161658554823 0.0150634177505 0.00986922713425 0.00768706054239 0.00531670455889 0.0193730400235 0.00830838888225 0.0190462635876 0.019057903605 0.0228632719585 0.0152582075844 0.0219972707768 0.00185501792585 0.0132216322274 -0.00331302080848 0.0232827239381 -0.00042910064657 0.000395106205658 0.0231713255335 -0.00991465907742 0.0165605540924 -0.00071130633301 0.00593138857185 0.0295860862322 0.0153382032627 0.0138494482159 0.0219023634651 -0.0051819958224 0.0179504588787 0.0234963260611 0.00416090983926 0.243359225224 0.00508594656661 
-0.00168290533398 0.0279391620103 0.0259341461224 -0.00286497602504 0.0303809543979 0.0034684580609 0.0397707971323 0.041345794134 0.0151458229482 -0.000775580552949 -0.0129464935664 0.00162978356386 0.0243705046203 -0.00209268341923 0.0209374884184 0.0234639213425 0.0301591775604 0.00382630055199 -0.00278904171612 0.0530667462154 0.0579474234677 0.0347852463836 0.0140787316501 0.000274788610183 0.0438107545683 0.0526173226328 0.00278133148096 0.0271278809274 0.0327038537683 0.0311079682744 0.0375032637387 0.0103285447237 0.0397416636608 0.0279401609632 0.00196352642663 0.025480101952 0.0136123127238 0.0251748445936 0.00508594656661 0.434209885534 
0.0170013409726 0.00164614076937 -0.000166396065852 0.00236730936366 0.000425512147069 0.00240356390216 0.00225655217756 0.000814863294193 0.000523071484306 0.00160795590656 0.000521098449055 4.45218524506e-06 0.000913047988407 0.00181639720409 0.00161472914807 0.00114423092978 0.00185293781809 0.00285065937612 -0.000720111904196 0.00308041668152 0.00103349223237 0.00129019394019 0.000612693297048 -3.00411737952e-05 0.00157063991187 0.00157764338719 0.00168355403503 0.00117632311486 0.00206363505159 0.00210967240262 0.00182492447251 0.00171067504041 -0.000625564565978 0.000970293371027 0.000825031170748 0.000922408216252 0.000536961001199 0.00208823338189 0.00252041356611 -0.000145743877139 
0.00164614076937 0.0347671419871 0.00230685744309 0.000330740690238 0.00375260726215 0.00440549784747 0.00301470226017 0.00389549078635 0.00128912306201 0.00141072481575 0.000814354398307 0.00221277715109 0.000266380406022 0.00194019880809 0.00102530804929 0.00404085773973 0.00255578937545 0.00361341914833 0.00212741105692 0.00346243934534 0.000687770065503 -0.00104470067032 0.00642970769993 0.000307626917985 0.00163804071166 0.000714348280494 0.00328346852896 0.00187387433052 0.00226794389307 0.00304951074817 0.00167904733627 0.00229921033047 0.00232609225553 0.000831717960949 -0.000989438887571 0.00110181266331 0.00256449695511 0.00218210547438 -0.000285347914313 0.00241960240613 
-0.000166396065852 0.00230685744309 0.0288189321941 0.00174044689854 0.000551084787484 -0.000303847742791 0.000176573087667 0.00195861135161 -0.00100638424261 0.00113376702561 -0.000599403232331 0.0012242035342 0.00122306510846 0.000972679980406 0.00108909325571 0.000694707379544 0.00180039408499 -0.000258191477819 -0.0029181427673 0.0018068172397 0.00280653407681 0.000414486854808 0.00162107021825 0.000584738706881 -0.000102884740157 -0.000126833820067 -0.00123376468206 0.00114214785789 0.00178678815574 0.00162232855774 0.00602284030575 0.00120684499208 0.000179873511901 0.000789932141799 0.00205892537589 0.00205428162421 0.000288480275555 0.00179803245569 0.000343423103765 0.00224596293674 
0.00236730936366 0.000330740690238 0.00174044689854 0.0228750649493 -0.000386919871949 0.00102421328438 0.00672146250863 0.00331309233488 0.00275802593173 -0.00085121219199 0.00162324523043 0.00305209789913 0.000728353287807 0.0023847124368 0.000833354938268 0.000672949439727 0.00141119569778 0.000804176534931 0.00125608602399 0.00135423626405 0.00138765244352 0.000615340625297 0.00395780826464 0.000979267058055 -3.82653679146e-05 0.00228571242797 0.00164074957359 0.00366447633408 0.0039990537565 0.00205339323874 0.00364380804943 0.000989566560907 0.000291250623787 -0.000445085163604 0.000909704602912 -0.000394982044689 0.0013814590735 0.00161285663494 0.00340960613291 -0.000248114201891 
0.000425512147069 0.00375260726215 0.000551084787484 -0.000386919871949 0.0416088815328 -0.000894521242018 0.00143344249125 0.00267389244754 0.000820909990232 -0.00109242622038 -0.0015428377386 0.00323033938895 0.00178979284534 0.000379351570975 0.00218365030899 -0.000361647410735 0.00214274684404 0.0057395872341 0.000294195529851 0.000361517753367 0.00214246242944 0.000753692609636 0.00319812904194 0.00173289484315 0.00515116812084 0.00135548512788 0.00070798605716 0.001046433874 0.00190861221081 0.00270465849202 0.00459370176417 0.00281067646394 0.00103291323137 -0.000149380943807 -0.000387983811398 0.00120955312946 0.00662328785592 -0.00055511563984 0.00180451315381 0.00263106782998 
0.00240356390216 0.00440549784747 -0.000303847742791 0.00102421328438 -0.000894521242018 0.0536631205389 0.00541324720697 0.00109799906492 0.00197698028497 0.00400858924968 0.0175292879968 0.00011204961802 -6.68590669429e-05 0.000363813242596 0.00171369802159 0.00127596184216 0.00195586434186 0.00335033963658 0.0135432652773 0.00345677011428 0.00394843146986 0.00132436166292 -0.00104401570763 -0.000472222023111 7.78791707446e-05 0.00103874930817 0.00104947308224 8.82695804209e-05 0.00224862236505 0.00510719002465 1.68336435574e-05 0.000620904860562 0.000269944504082 0.00353912983073 0.00136500288345 0.00198194235218 0.000205291310393 0.00341217788474 0.00110113138827 0.00030037727927 
0.00225655217756 0.00301470226017 0.000176573087667 0.00672146250863 0.00143344249125 0.00541324720697 0.044389808712 0.000911193987318 0.000946632857549 0.00116492780592 0.00247412577849 -0.000815696088681 0.002863171626 0.00271857684919 0.000190870260241 0.000132085469069 0.0005382300017 -0.000507170880382 0.00183060375439 3.56844216439e-05 0.000612183540853 -0.00024766399335 0.0102992165243 0.000984354611263 0.000397176074683 0.00363588093806 0.000327597004026 0.0024275600469 0.00820336920253 0.00245967210309 0.00471843879638 0.00122475952515 0.00588035733625 -0.00184922402593 -0.00075125928845 0.000189914236463 0.000564496895187 0.00101104448409 0.000699408627741 0.00344425206454 
0.000814863294193 0.00389549078635 0.00195861135161 0.00331309233488 0.00267389244754 0.00109799906492 0.000911193987318 0.0241684128249 0.00185378817003 0.00184678312569 0.00145352858437 0.0008177732318 0.00313028778861 0.0049795433322 0.00190479867417 0.00139290761078 0.00145806094845 0.00295458857485 0.00361137602598 0.000950574883525 0.00367136841835 -0.000668140646227 0.000831033688984 -0.000154459314598 0.00141420922587 0.00189458321484 0.00132442123245 0.00289085435982 0.00150976860906 0.00202356527435 0.00308814956231 0.00181633071158 0.0119398500616 0.00111055833033 0.00170065155815 0.000105613905468 0.000468159316661 0.00458300939323 1.40000415216e-05 0.00358065080597 
0.000523071484306 0.00128912306201 -0.00100638424261 0.00275802593173 0.000820909990232 0.00197698028497 0.000946632857549 0.00185378817003 0.0107976678863 0.00372869754025 0.00191003042362 0.00213146220554 0.000901854408575 0.000960971900378 0.000710299297802 0.00163937755269 0.000869364742557 0.000806670889526 0.000822895838634 0.000615663194067 0.00212773534369 0.00168375365402 0.000292457544177 -0.000697085885664 -0.000139735625913 -0.000300169441857 0.0015477398889 0.00112665480073 0.000390708099626 0.00378519826071 0.000909408090842 0.00083414307153 -0.000439665938576 0.00456952302405 0.00103312970667 0.00102612662641 0.00100047726401 0.0010341054098 0.00130453024398 0.00131166674343 
0.00160795590656 0.00141072481575 0.00113376702561 -0.00085121219199 -0.00109242622038 0.00400858924968 0.00116492780592 0.00184678312569 0.00372869754025 0.0142105748005 0.00282384545066 2.16921047581e-05 0.00145892428847 0.00200300449799 0.00106967029286 0.00268728437357 -6.92553347971e-05 0.00215216569136 0.00184315614309 0.00128901293916 0.00157644950025 0.00173448436784 -0.000336863009308 -0.00081169713136 0.00085099375903 -0.000150550629492 0.000989385377874 0.000854862649379 -0.00130389605862 0.00247331572582 0.00119282122897 0.000411911796558 -0.00137347875401 0.00468468458608 0.00162006249948 0.000736503045883 0.00118196866367 0.00284009602143 0.000854700141398 -6.71672461535e-05 
0.000521098449055 0.000814354398307 -0.000599403232331 0.00162324523043 -0.0015428377386 0.0175292879968 0.00247412577849 0.00145352858437 0.00191003042362 0.00282384545066 0.0308742195831 0.00137554659802 -0.000912968860651 0.000422509872042 0.000348731898754 -0.000640912543524 0.00287907699793 -3.46410968718e-05 0.0102930882961 0.00183364072744 0.000500068704646 0.00672206405463 -0.00138252226636 0.00062668194918 0.000308694321879 0.00196747174696 0.000218858695283 -0.000513186341659 -0.00116883896539 0.00127697305231 -0.000586816160228 0.000107004675167 0.00054851918296 0.00312044398402 8.85615235185e-05 0.00214260491084 0.000343363032046 0.00213948000299 0.000665718971014 -0.00112119923185 
4.45218524507e-06 0.00221277715109 0.0012242035342 0.00305209789913 0.00323033938895 0.00011204961802 -0.000815696088681 0.0008177732318 0.00213146220554 2.16921047581e-05 0.00137554659802 0.0142806390662 0.000693080117747 -0.000467074893568 0.0010941240029 0.00136771320191 0.00211994963802 0.00256520441847 -0.000467915613282 0.00128920940102 0.00197949563541 0.00213856795099 -8.14870690691e-05 -0.000348556104662 0.00278994446243 0.00092191609734 0.00182450346625 0.00206987146329 0.00115588117364 0.0027676698809 0.00191032909898 0.00151063548068 0.000983817629941 0.000752438028103 0.00098539992114 0.000688491212499 0.0018889614612 0.000685385549675 0.000460440121242 0.000141143396897 
0.000913047988407 0.000266380406022 0.00122306510846 0.000728353287806 0.00178979284534 -6.6859066943e-05 0.002863171626 0.00313028778861 0.000901854408575 0.00145892428847 -0.000912968860651 0.000693080117746 0.0157047896397 0.0020775743325 0.00222164605436 0.00112866608886 0.00234004112412 0.000763018818932 0.000642347843259 0.000640603769757 0.00154616747315 0.000968682352688 0.00168538034519 0.000556717246027 0.0020037088062 0.00137194308051 -0.000885874633527 0.000678314149116 0.000371749499484 0.00165250827332 0.00291095807875 0.00170638032036 0.00154869583503 -0.000124328894781 0.00111794515414 0.00324670920497 0.000495121519071 0.00227023333963 0.00167775448089 0.00211054761042 
0.00181639720409 0.00194019880809 0.000972679980406 0.0023847124368 0.000379351570975 0.000363813242596 0.00271857684919 0.0049795433322 0.000960971900378 0.00200300449799 0.000422509872042 -0.000467074893568 0.0020775743325 0.0181071753515 0.00189788492266 0.000648764790048 0.000209456197133 0.00292817627408 0.000198549067486 0.00120118641817 0.00104224843098 0.000179538746985 0.00147830260147 0.000732016994283 0.00127258930313 7.89041905264e-05 0.00115494789511 0.000467595049978 0.00189555124954 0.00176675527727 0.00133727210214 0.000892522520228 -3.76161393829e-05 0.000765073098795 0.000682212468352 0.00114117740388 0.00108781848172 0.00144422574776 0.000719527583655 -0.000181231700313 
0.00161472914807 0.00102530804929 0.00108909325571 0.000833354938268 0.00218365030899 0.00171369802159 0.000190870260241 0.00190479867417 0.000710299297802 0.00106967029286 0.000348731898754 0.0010941240029 0.00222164605436 0.00189788492266 0.0287806929073 0.00109852056493 0.0012378870647 0.00193954270012 0.000826620469376 0.00224360528554 0.00130948797813 9.33287318246e-05 0.000711058197847 0.000325596278984 0.00016140930889 0.00214061105344 0.000812671011583 0.00205875056838 0.0039917948468 0.00102697099631 0.00167550885382 0.000368002363414 0.00136186421871 0.000437026238439 0.00100945197718 0.0040018615061 0.0036318835711 0.000614873796548 0.0016494548114 0.00181323968617 
0.00114423092978 0.00404085773973 0.000694707379544 0.000672949439727 -0.000361647410735 0.00127596184216 0.000132085469069 0.00139290761078 0.00163937755269 0.00268728437357 -0.000640912543524 0.00136771320191 0.00112866608886 0.000648764790048 0.00109852056493 0.0227783013556 0.00118862538911 0.00367025980873 0.000286788879965 -0.000598336089633 0.00073098939608 0.000121100606695 4.22539406287e-05 0.000366737065461 0.00274073777965 0.00101731041026 -0.000968453879817 0.00107861518864 0.000338189106383 0.00056300567189 0.00128406202617 0.000459127352506 -0.00135142464439 0.00275435214671 0.00134924949856 0.00056304868999 0.000879623910271 0.00101533887889 0.00165046286648 0.0020320351955 
0.00185293781809 0.00255578937545 0.00180039408499 0.00141119569778 0.00214274684404 0.00195586434186 0.0005382300017 0.00145806094845 0.000869364742557 -6.92553347972e-05 0.00287907699793 0.00211994963802 0.00234004112412 0.000209456197133 0.0012378870647 0.00118862538911 0.0223112998914 0.00190082444784 0.0027029965554 0.00213807376444 0.00214295009098 0.000926627589218 0.00137764399693 0.00166779010724 0.00191404549339 0.000160280643489 -0.000122771746326 0.00293082105932 0.00115529334552 0.00161706276196 0.00398495772969 0.000235494856078 -0.000356382584458 -0.000393103926481 0.00196579188476 0.000495532152456 0.00225167383655 0.000603563379731 0.00198001743297 0.00261186139246 
0.00285065937612 0.00361341914833 -0.000258191477819 0.000804176534931 0.0057395872341 0.00335033963658 -0.000507170880382 0.00295458857485 0.000806670889526 0.00215216569136 -3.46410968719e-05 0.00256520441847 0.000763018818932 0.00292817627408 0.00193954270012 0.00367025980873 0.00190082444784 0.0331279795061 0.000223155942143 0.00272128990269 0.00153744004178 0.000780129899398 0.00071215579576 0.00123331377414 0.00146905752279 0.00212051255086 0.000154637403721 0.000323154558464 0.00266846311247 0.00269286083345 0.00373601941635 0.00266116049635 0.00296524040797 0.000426201589897 0.00210520112408 -0.00203479880747 0.00577627342507 0.00513349217926 0.00132139953843 0.000331367348053 
