30
0.0101927526284 0.135547989167 0.0176756211385 0.161692830297 0.037281538924 0.204332601919 0.0415097954764 0.0979044774238 0.0146033592013 0.0723018126246 0.0336878097659 0.142251168296 0.0407864154506 0.0952470994091 0.0521298167044 0.0495038718221 0.0594362545722 0.0657027666716 0.0773544805674 0.0861150338972 0.0161964684659 0.101670797752 0.0833786368315 0.00787829448736 0.0609589558998 0.259768981863 0.00792878112812 0.0129348444485 0.0729597235382 0.0464034886179 
0.257507282792 0.0196551745873 0.0233732273242 0.0105979912308 0.0256751180316 0.0109396778122 0.0200348243205 0.0150897944918 0.0137443255862 0.0523939043608 0.0194831526367 0.00752430654388 0.0154406585855 0.0262940664567 0.0323636033786 0.0125972780322 0.00963017399365 0.0161712820929 0.0359936881351 0.0130509393429 0.00658943170164 0.00116769169347 0.0330574329995 0.00348679820715 0.0370189329438 0.026651749386 0.0236903054322 0.0184404268458 0.00317835314139 0.0229203213512 
0.0196551745873 0.491412118385 -0.00305864062613 -0.00464273961499 0.0767329372045 0.000217017433729 0.00610642005661 0.0266634357844 0.00974576575253 0.0309284643823 0.0121800709756 0.00620599848614 0.0279601394691 -8.25026447315e-05 -0.00257565388802 0.0444937867356 -0.000591655769784 0.00972796193269 0.0206100426453 0.0495923938323 0.0146859437571 -0.0198225001268 0.00704472207858 -0.0086335323118 -0.000470934265065 0.0367292020859 0.0144452644251 0.0120927242983 0.0278765980737 0.00434208973679 
0.0233732273242 -0.00305864062613 0.179650268081 0.00427211278131 -0.00961474235882 0.0555723101963 0.0224564643836 0.00518423620967 0.0124531252741 0.0390804550048 0.0237113416881 0.00331193263766 0.0408406149052 0.0232654040189 0.0200773976343 0.0126177841678 0.00815700584236 0.0216111898853 0.0316945616121 0.00908890652483 0.030038421296 0.0102312401912 0.0182804612323 -0.000514187190864 0.0323323956759 0.0116219039324 -0.0106350680648 0.0193275880333 0.024246580106 0.0134946992041 
0.0105979912308 -0.00464273961499 0.00427211278131 0.842789056868 -0.00963590633487 -0.00462007276057 0.0289438150769 0.0262097223414 0.00428529569945 0.00545230618138 0.0239099783245 0.316590852986 0.0203084497487 0.0335305172012 0.0329973341885 0.0212046441221 0.0398856565248 0.0149121013024 0.00433553776161 -0.0129738313179 0.00541142059164 -0.00464036397413 0.0122914804005 0.000156878093468 -0.0248392932463 0.0256011640381 0.0186750627749 0.0037517229868 0.0118487069836 0.0136977482866 
0.0256751180316 0.0767329372045 -0.00961474235882 -0.00963590633487 0.379619681645 0.030804896313 0.0199758424332 0.0184603886171 -0.0014716368355 0.0399155475471 0.0446172904257 0.0245185911575 0.0335217675771 0.00530291070658 0.00172093702081 0.040306115897 0.0189950542199 0.031573089107 0.0380608172176 0.0226190462662 0.0118127115677 0.0309006301943 0.0188559167142 -0.0100615919844 -0.00225870763995 -0.00450938144681 0.0216159273237 0.0115668949326 0.0405791540975 0.0182849002473 
0.0109396778122 0.000217017433728 0.0555723101963 -0.00462007276057 0.030804896313 1.42431579442 0.0938137960732 0.0143144932535 0.0431824603261 -0.013149384415 -0.00975606099686 0.0174048803072 0.0102496139767 -0.0137684168972 -0.00719544200279 0.0293631319585 0.0109106534268 0.022150212418 -0.0130083003658 -0.00381342700725 -0.0353192424908 0.0108815607569 -0.0145923659349 -0.00247010682005 0.0111281737237 0.0670340014046 -0.0255443607535 -0.00971099094674 0.0266206991685 -0.0111667859291 
0.0200348243205 0.00610642005661 0.0224564643836 0.0289438150769 0.0199758424332 0.0938137960732 0.421094635373 -0.0211369196434 0.00910306486941 0.00384157871989 0.0163861855204 -0.0382281053105 0.0185126877221 0.0495019275022 -0.00367907327408 -0.01278527266 0.0216120488004 0.0145920442971 0.00210219507156 0.0122133305678 0.00285381450954 0.0060920716333 0.0155232208649 -0.0163004009496 -0.00421526288683 0.0400640650037 0.0213538949415 -0.00624135148037 0.214249025469 0.00209157481104 
0.0150897944918 0.0266634357844 0.00518423620967 0.0262097223414 0.0184603886171 0.0143144932535 -0.0211369196434 0.523548183557 0.00428962750134 0.0303107832205 0.0106460858365 -0.00710577713696 0.0102145127115 0.00698483445955 0.0180327341693 0.0203817376593 0.0240072328637 0.021958451588 0.0156593189677 0.00478589692632 0.0053446064337 0.0139331649053 -0.00936447777676 0.00681354762046 0.0112221518775 0.0104031113711 0.0138934771398 0.00203533987963 -0.0133828930856 0.0543786023833 
0.0137443255862 0.00974576575253 0.0124531252741 0.00428529569945 -0.0014716368355 0.0431824603261 0.00910306486941 0.00428962750134 0.173585235495 0.045388897482 0.00159683718345 0.0129825198158 0.00809876718138 0.00581420821169 -0.00919007902713 0.00692314945267 0.0029378353355 0.0154667014899 -0.000496422220666 0.00347921214408 0.00755541032996 0.0292855173284 0.0168604572992 0.011655249376 -0.00304634292067 0.0135723471145 0.00812644752418 0.00756683849953 0.00784643354756 0.00149462084704 
0.0523939043608 0.0309284643823 0.0390804550048 0.00545230618138 0.0399155475471 -0.013149384415 0.00384157871989 0.0303107832205 0.045388897482 0.464986783751 0.0601805284897 0.0344729751304 0.0249903395384 0.0282259283613 0.038026670031 0.0249502823168 0.0301115574852 0.0273339063833 0.0452101519908 0.0456721927879 0.0234671891856 0.0305718795205 0.0471440179983 0.0348342362763 0.031158132159 0.0146267740324 0.00706128423521 0.0186616219703 0.0164659398975 -9.09390076773e-05 
0.0194831526367 0.0121800709756 0.0237113416881 0.0239099783245 0.0446172904257 -0.00975606099686 0.0163861855204 0.0106460858365 0.00159683718345 0.0601805284897 0.3440489215 0.0258728713917 0.0133729173977 0.0565960453654 0.0377156130284 0.00841958762389 0.0305754027155 0.021747210898 0.0646286924709 0.0453146012783 0.026249266727 0.00190958599414 0.0474383351764 0.00767144710573 0.0386178833934 0.0211004401222 0.0067637860962 0.0125965757905 0.0225113955048 0.00493002977825 
0.00752430654388 0.00620599848614 0.00331193263766 0.316590852986 0.0245185911575 0.0174048803072 -0.0382281053105 -0.00710577713696 0.0129825198158 0.0344729751304 0.0258728713917 0.745432366148 0.00122559879174 0.0337825189697 0.00912852748591 -0.000417046554168 0.0455985737113 0.00989753029742 0.0423323568701 0.00115543617875 0.000359108163928 -0.0300303970972 -0.0145244253359 0.0203547312622 0.00917864490532 0.0249149616417 0.0103925918111 0.0237563669293 0.0122550113657 0.0188429399195 
0.0154406585855 0.0279601394691 0.0408406149052 0.0203084497487 0.0335217675771 0.0102496139767 0.0185126877221 0.0102145127115 0.00809876718138 0.0249903395384 0.0133729173977 0.00122559879174 0.225844414735 0.0310453921677 0.0303886326133 0.0259588987253 0.0263284307732 0.0183444739671 0.0255594923558 0.0333848070511 0.0276212439614 0.0171660009083 0.0371158523573 0.00122048381077 0.0318929652197 0.0385142059965 0.0144217279576 0.0212652579275 0.0179826846713 -0.00115010735591 
0.0262940664567 -8.25026447315e-05 0.0232654040189 0.0335305172012 0.00530291070658 -0.0137684168972 0.0495019275022 0.00698483445955 0.00581420821169 0.0282259283613 0.0565960453654 0.0337825189697 0.0310453921677 0.459235990965 0.0243673454542 0.0119260554273 0.0165880241297 0.00653863660997 0.0491584063006 0.0343199129226 0.0221711808064 0.0312498578374 0.0730602414221 0.0162116364894 0.035568940988 0.0212098214891 0.0131744050779 0.0226917855593 0.0888151633822 0.0032841886826 
0.0323636033786 -0.00257565388802 0.0200773976343 0.0329973341885 0.00172093702081 -0.00719544200279 -0.00367907327408 0.0180327341693 -0.00919007902713 0.038026670031 0.0377156130284 0.00912852748591 0.0303886326133 0.0243673454542 0.159556634987 0.00519564353954 0.0195137006964 0.0254590475991 0.025490106247 0.0206222532146 0.0137480675461 -0.0085355693431 0.00769754902671 0.033539418575 0.0063059714415 0.0174513006878 0.0292673875502 0.0266636889429 -0.000739501099481 0.00666710100927 
0.0125972780322 0.0444937867356 0.0126177841678 0.0212046441221 0.040306115897 0.0293631319585 -0.01278527266 0.0203817376593 0.00692314945267 0.0249502823168 0.00841958762389 -0.000417046554167 0.0259588987253 0.0119260554273 0.00519564353954 0.323979971427 0.0514886820893 0.00441325489973 0.00765267949561 0.0226763127897 0.021309455265 0.0204999109209 0.00224119582481 0.0115146974438 0.00226915750502 -0.00910968523442 0.0222457973901 -0.0121478931064 0.00893319170363 0.00512979132279 
0.00963017399365 -0.000591655769784 0.00815700584236 0.0398856565248 0.0189950542199 0.0109106534268 0.0216120488004 0.0240072328637 0.0029378353355 0.0301115574852 0.0305754027155 0.0455985737113 0.0263284307732 0.0165880241297 0.0195137006964 0.0514886820893 0.284385307996 0.0327119898941 0.028539952426 0.0266349925414 0.0244160133024 0.0192333225666 0.00802471510642 0.0248524076033 0.035233676044 0.010163818516 0.00286377807221 0.0223668459077 0.0527775918259 0.00574406040201 
0.0161712820929 0.00972796193269 0.0216111898853 0.0149121013024 0.031573089107 0.022150212418 0.0145920442971 0.021958451588 0.0154667014899 0.0273339063833 0.021747210898 0.00989753029742 0.0183444739671 0.00653863660997 0.0254590475991 0.00441325489973 0.0327119898941 0.192747982058 0.016581119476 0.0088348023635 0.0303184591616 0.0290209182618 0.0286972167539 0.00767521625571 0.00556721238042 0.0363778767974 -0.00175013691291 0.0181407138596 -0.00166528688344 0.00550485439162 
0.0359936881351 0.0206100426453 0.0316945616121 0.00433553776161 0.0380608172176 -0.0130083003658 0.00210219507156 0.0156593189677 -0.000496422220666 0.0452101519908 0.0646286924709 0.0423323568701 0.0255594923558 0.0491584063006 0.025490106247 0.00765267949561 0.028539952426 0.016581119476 0.288759740807 0.0290339061652 0.0361396643582 0.0040243227881 0.0277924760713 0.0202686994277 0.0600164679969 0.010443471693 -0.0159666906285 0.0344866047192 0.0196035316437 0.00638346818822 
0.0130509393429 0.0495923938323 0.00908890652482 -0.0129738313179 0.0226190462662 -0.00381342700725 0.0122133305678 0.00478589692632 0.00347921214408 0.0456721927879 0.0453146012783 0.00115543617875 0.0333848070511 0.0343199129226 0.0206222532146 0.0226763127897 0.0266349925414 0.0088348023635 0.0290339061652 0.236006835893 0.00558362041456 0.0152207580453 0.0206792223234 0.00564581052547 0.0495462891218 0.0362635033615 -0.00229710063233 0.00603690372877 0.0262764137147 0.000648699729003 
0.00658943170164 0.0146859437571 0.030038421296 0.00541142059164 0.0118127115677 -0.0353192424908 0.00285381450954 0.0053446064337 0.00755541032996 0.0234671891856 0.026249266727 0.000359108163928 0.0276212439614 0.0221711808064 0.0137480675461 0.021309455265 0.0244160133024 0.0303184591616 0.0361396643582 0.00558362041456 0.176724386174 0.00715123268813 0.0300920120987 0.0064262576991 0.0135238885799 0.00787738960793 0.014549295583 0.0108421509738 0.0163479096842 -0.00344168735586 
0.00116769169347 -0.0198225001268 0.0102312401912 -0.00464036397413 0.0309006301943 0.0108815607569 0.0060920716333 0.0139331649053 0.0292855173284 0.0305718795205 0.00190958599414 -0.0300303970972 0.0171660009083 0.0312498578374 -0.0085355693431 0.0204999109209 0.0192333225666 0.0290209182618 0.0040243227881 0.0152207580453 0.00715123268813 0.30021196131 0.0109476303174 0.0189480245094 0.0111728487504 0.0331330024858 -0.0152037128765 0.0077638409538 0.00304570539213 0.00195689723161 
0.0330574329995 0.00704472207858 0.0182804612323 0.0122914804005 0.0188559167142 -0.0145923659349 0.0155232208649 -0.00936447777676 0.0168604572992 0.0471440179983 0.0474383351764 -0.0145244253359 0.0371158523573 0.0730602414221 0.00769754902671 0.00224119582481 0.00802471510642 0.0286972167539 0.0277924760713 0.0206792223234 0.0300920120987 0.0109476303174 0.375075839337 0.00020411775177 0.0223023091566 0.0101710393012 0.0558874549205 0.00794172889126 0.0164007114384 0.00459519003 
0.00348679820715 -0.0086335323118 -0.000514187190864 0.000156878093468 -0.0100615919844 -0.00247010682005 -0.0163004009496 0.00681354762046 0.011655249376 0.0348342362763 0.00767144710573 0.0203547312622 0.00122048381077 0.0162116364894 0.033539418575 0.0115146974438 0.0248524076033 0.00767521625571 0.0202686994277 0.00564581052547 0.0064262576991 0.0189480245094 0.00020411775177 0.156270247469 0.0114786140107 -0.00917377951076 -0.00489233564629 -0.00393589754374 0.00689416533241 0.0149696830871 
0.0370189329438 -0.000470934265065 0.0323323956759 -0.0248392932463 -0.00225870763995 0.0111281737237 -0.00421526288683 0.0112221518775 -0.00304634292067 0.031158132159 0.0386178833934 0.00917864490532 0.0318929652197 0.035568940988 0.0063059714415 0.00226915750502 0.035233676044 0.00556721238042 0.0600164679969 0.0495462891218 0.0135238885799 0.0111728487504 0.0223023091566 0.0114786140107 0.437210013318 0.0790941983395 0.0346416715884 0.0257136340343 0.00261126010535 0.0304317309859 
0.026651749386 0.0367292020859 0.0116219039324 0.0256011640381 -0.00450938144681 0.0670340014046 0.0400640650037 0.0104031113711 0.0135723471145 0.0146267740324 0.0211004401222 0.0249149616417 0.0385142059965 0.0212098214891 0.0174513006878 -0.00910968523442 0.010163818516 0.0363778767974 0.010443471693 0.0362635033615 0.00787738960793 0.0331330024858 0.0101710393012 -0.00917377951076 0.0790941983395 0.619171385373 -0.00172907962096 -0.0045990301871 0.0325287906939 -0.000492256637715 
0.0236903054322 0.0144452644251 -0.0106350680648 0.0186750627749 0.0216159273237 -0.0255443607535 0.0213538949415 0.0138934771398 0.00812644752418 0.00706128423521 0.0067637860962 0.0103925918111 0.0144217279576 0.0131744050779 0.0292673875502 0.0222457973901 0.00286377807221 -0.0017501369129 -0.0159666906285 -0.00229710063233 0.014549295583 -0.0152037128765 0.0558874549205 -0.00489233564629 0.0346416715884 -0.00172907962096 0.237758441656 0.0153928686127 0.0216035020773 0.00845600397349 
0.0184404268458 0.0120927242983 0.0193275880333 0.0037517229868 0.0115668949326 -0.00971099094674 -0.00624135148037 0.00203533987963 0.00756683849953 0.0186616219703 0.0125965757905 0.0237563669293 0.0212652579275 0.0226917855593 0.0266636889429 -0.0121478931064 0.0223668459077 0.0181407138596 0.0344866047192 0.00603690372877 0.0108421509738 0.0077638409538 0.00794172889126 -0.00393589754374 0.0257136340343 -0.0045990301871 0.0153928686127 0.170809946078 0.00804192082751 0.0230177098096 
0.00317835314139 0.0278765980737 0.024246580106 0.0118487069836 0.0405791540975 0.0266206991685 0.214249025469 -0.0133828930856 0.00784643354756 0.0164659398975 0.0225113955048 0.0122550113657 0.0179826846713 0.0888151633822 -0.000739501099481 0.00893319170363 0.0527775918259 -0.00166528688344 0.0196035316437 0.0262764137147 0.0163479096842 0.00304570539213 0.0164007114384 0.00689416533241 0.00261126010535 0.0325287906939 0.0216035020773 0.00804192082751 0.465564127827 0.000574412821072 
0.0229203213512 0.00434208973679 0.0134946992041 0.0136977482866 0.0182849002473 -0.0111667859291 0.00209157481104 0.0543786023833 0.00149462084704 -9.09390076774e-05 0.00493002977825 0.0188429399195 -0.00115010735591 0.0032841886826 0.00666710100927 0.00512979132279 0.00574406040201 0.00550485439162 0.00638346818822 0.000648699729002 -0.00344168735586 0.00195689723161 0.00459519003 0.0149696830871 0.0304317309859 -0.000492256637715 0.00845600397349 0.0230177098096 0.000574412821072 0.185170766092 
0.0223007848557 0.00170218805085 0.00202418086312 0.000917812963495 0.00222353044605 0.00094740388946 0.00173506668219 0.00130681453678 0.00119029351155 0.00453744521799 0.00168729051292 0.000651624061286 0.00133720025862 0.00227713295203 0.00280277026839 0.00109095627944 0.000833997532137 0.00140047411042 0.00311714483009 0.00113024450142 0.000570661525013 0.000101125067033 0.00286285767615 0.000301965582526 0.00320593363503 0.00230810920236 0.00205164063277 0.00159698781051 0.000275253456265 0.00198495805531 
0.00170218805085 0.0425575378249 -0.000264886048328 -0.000402073044974 0.00664526729261 1.87942610673e-05 0.00052883148952 0.00230912127414 0.000844008072102 0.00267848358551 0.00105482508848 0.000537455234484 0.00242141910736 -7.14493862169e-06 -0.000223058169838 0.00385327496236 -5.12388926929e-05 0.000842466216076 0.00178488205039 0.00429482728933 0.00127184003722 -0.00171667886763 0.000610090828265 -0.000747685830641 -4.07841037059e-05 0.00318084220671 0.00125099659566 0.00104726064433 0.00241418421029 0.000376036001757 
0.00202418086312 -0.000264886048328 0.0155581695955 0.000369975819645 -0.000832661113358 0.0048127032377 0.00194478686353 0.000448968025679 0.00107847228439 0.00338446668256 0.00205346242597 0.000286821779983 0.00353690100141 0.00201484309096 0.00173875363932 0.00109273216288 0.00070641742783 0.00187158394467 0.00274482955179 0.000787122394312 0.00260140359319 0.000886051391779 0.001583134382 -4.45299169589e-05 0.00280006760205 0.00100648640458 -0.000921023911509 0.00167381822308 0.00209981543267 0.00116867523272 
0.000917812963495 -0.000402073044974 0.000369975819645 0.0729876733279 -0.000834493967448 -0.000400110037799 0.0025066079139 0.00226982853737 0.000371117493845 0.000472183566228 0.00207066486329 0.0274175721291 0.00175876333938 0.00290382796983 0.00285765296644 0.0018363760488 0.00345419917971 0.00129142585517 0.000375468584062 -0.00112356675058 0.000468642770292 -0.00040186730844 0.0010644734277 1.3586041424e-05 -0.00215114589633 0.00221712584234 0.00161730787803 0.000324908741453 0.00102612812498 0.00118625979909 
0.00222353044605 0.00664526729261 -0.000832661113358 -0.000834493967448 0.0328760288081 0.0026677822768 0.00172995870092 0.00159871655061 -0.000127447488469 0.00345678781817 0.00386397069567 0.00212337228074 0.00290307023016 0.00045924553859 0.000149037517833 0.00349061202947 0.00164501995007 0.00273430972426 0.00329616345992 0.00195886686759 0.00102301083052 0.00267607307412 0.00163297028862 -0.000871359426099 -0.000195609819592 -0.000390523888829 0.00187199421887 0.00100172248545 0.00351425783125 0.00158351881198 
0.00094740388946 1.87942610673e-05 0.0048127032377 -0.000400110037799 0.0026677822768 0.123349366098 0.00812451306249 0.00123967147998 0.00373971076403 -0.00113877009476 -0.000844899666415 0.00150730684958 0.000887642608284 -0.00119237988029 -0.000623143556588 0.00254292182107 0.00094489030395 0.00191826466532 -0.00112655185769 -0.000330252466375 -0.00305873612395 0.000942370804829 -0.00126373596009 -0.000213917525623 0.000963728114242 0.00580531481337 -0.00221220653359 -0.00084099648558 0.00230542017464 -0.000967072029322 
0.00173506668219 0.00052883148952 0.00194478686353 0.0025066079139 0.00172995870092 0.00812451306249 0.0364678651631 -0.00183051093689 0.000788348542921 0.000332690476206 0.00141908529318 -0.00331065103374 0.00160324578597 0.00428699267532 -0.000318617091774 -0.00110723709179 0.0018716583289 0.00126370810544 0.000182055433568 0.00105770545365 0.000247147586295 0.000527588879611 0.00134435036175 -0.00141165613143 -0.000365052474363 0.00346964980721 0.00184930154891 -0.000540516893595 0.0185545098792 0.000181135692028 
0.00130681453678 0.00230912127414 0.000448968025679 0.00226982853737 0.00159871655061 0.00123967147998 -0.00183051093689 0.0453406027066 0.000371492638893 0.00262499082776 0.00092197807853 -0.000615378351424 0.000884602749547 0.00060490440832 0.00156168058903 0.00176511025862 0.00207908735345 0.0019016576903 0.0013561368032 0.000414470831809 0.000462856494482 0.00120664747631 -0.000810987564785 0.000590070532922 0.000971866861108 0.000900935872577 0.00120321041499 0.000176265604109 -0.00115899253882 0.00470932510862 
0.00119029351155 0.000844008072102 0.00107847228439 0.000371117493845 -0.000127447488469 0.00373971076403 0.000788348542921 0.000371492638893 0.0150329223661 0.00393079382692 0.000138290156658 0.00112431919656 0.000701373811841 0.000503525201421 -0.000795884190028 0.000599562330021 0.000254424003267 0.0013394556403 -4.299142541e-05 0.000301308610193 0.000654317728176 0.00253620019693 0.00146015843406 0.00100937420471 -0.000263821035794 0.00117539973902 0.000703770999846 0.000655307436693 0.000679521078129 0.000129437962256 
0.00453744521799 0.00267848358551 0.00338446668256 0.000472183566228 0.00345678781817 -0.00113877009476 0.000332690476206 0.00262499082776 0.00393079382692 0.0402690367152 0.00521178664852 0.0029854472207 0.00216422688894 0.00244443710063 0.00329320622682 0.00216075783179 0.00260773737297 0.00236718573126 0.00391531401329 0.00395532792008 0.00203231819902 0.00264760243062 0.0040827917223 0.00301673335367 0.00269837339842 0.00126671578875 0.000611525153103 0.00161614387021 0.00142599222484 -7.87554908435e-06 
0.00168729051292 0.00105482508848 0.00205346242597 0.00207066486329 0.00386397069567 -0.000844899666415 0.00141908529318 0.00092197807853 0.000138290156658 0.00521178664852 0.0297955106163 0.00224065638941 0.00115812861891 0.00490136130401 0.00326626790019 0.000729157677168 0.00264790754826 0.00188336370992 0.00559700894931 0.00392435958694 0.00227325318163 0.000165374998163 0.0041082803376 0.000664366807735 0.00334440680591 0.00182735171769 0.000585761058507 0.00109089546353 0.00194954403818 0.000426953102938 
0.000651624061286 0.000537455234484 0.000286821779983 0.0274175721291 0.00212337228074 0.00150730684958 -0.00331065103374 -0.000615378351424 0.00112431919656 0.0029854472207 0.00224065638941 0.0645563365887 0.000106139968849 0.00292565196316 0.000790553670194 -3.6117291047e-05 0.00394895232104 0.00085715126723 0.00366608964516 0.000100063708325 3.10996792668e-05 -0.00260070867719 -0.00125785213163 0.00176277143603 0.000794893966032 0.0021576989716 0.000900024851962 0.00205736172624 0.00106131511664 0.00163184646523 
0.00133720025862 0.00242141910736 0.00353690100141 0.00175876333938 0.00290307023016 0.000887642608284 0.00160324578597 0.000884602749547 0.000701373811841 0.00216422688894 0.00115812861891 0.000106139968849 0.0195587000463 0.00268860982877 0.00263173278294 0.00224810657503 0.00228010898914 0.00158867804746 0.0022135169688 0.00289120910067 0.00239206989547 0.0014866192868 0.00321432710246 0.000105696998504 0.00276201180823 0.00333542807995 0.00124895827778 0.00184162535832 0.00155734617536 -9.96022187295e-05 
0.00227713295203 -7.14493862169e-06 0.00201484309096 0.00290382796983 0.00045924553859 -0.00119237988029 0.00428699267532 0.00060490440832 0.000503525201421 0.00244443710063 0.00490136130401 0.00292565196316 0.00268860982877 0.0397710034508 0.00211027401861 0.0010328266967 0.00143656502949 0.000566262541035 0.00425724286659 0.00297219164466 0.00192008058102 0.00270631707519 0.00632720250781 0.00140396890367 0.00308036064813 0.00183682442193 0.00114093694772 0.00196516627516 0.00769161877302 0.000284419082995 
0.00280277026839 -0.000223058169838 0.00173875363932 0.00285765296644 0.000149037517833 -0.000623143556588 -0.000318617091774 0.00156168058903 -0.000795884190028 0.00329320622682 0.00326626790019 0.000790553670194 0.00263173278294 0.00211027401861 0.0138180099241 0.000449955929425 0.0016899360525 0.0022048181977 0.00220750795551 0.00178593951671 0.00119061757479 -0.000739201988689 0.000666627300401 0.00290459885141 0.000546113146388 0.00151132697247 0.00253463011209 0.00230914319832 -6.40426738277e-05 0.000577387884362 
0.00109095627944 0.00385327496236 0.00109273216288 0.0018363760488 0.00349061202947 0.00254292182107 -0.00110723709179 0.00176511025862 0.000599562330021 0.00216075783179 0.000729157677168 -3.6117291047e-05 0.00224810657503 0.0010328266967 0.000449955929425 0.0280574885573 0.00445905066967 0.000382199085654 0.000662741485022 0.001963826294 0.00184545296003 0.00177534436328 0.000194093251914 0.000997202050322 0.000196514804454 -0.000788921883348 0.00192654256673 -0.00105203840326 0.000773637095222 0.000444252960165 
0.000833997532137 -5.12388926928e-05 0.000706417427831 0.00345419917971 0.00164501995007 0.00094489030395 0.0018716583289 0.00207908735345 0.000254424003267 0.00260773737297 0.00264790754826 0.00394895232104 0.00228010898914 0.00143656502949 0.0016899360525 0.00445905066967 0.0246284901187 0.00283294142566 0.00247163238237 0.00230665801705 0.0021144887779 0.00166565459418 0.000694960714029 0.00215228163297 0.00305132585228 0.000880212503429 0.000248010456133 0.00193702567586 0.00457067352718 0.000497450222901 
0.00140047411042 0.000842466216076 0.00187158394467 0.00129142585517 0.00273430972426 0.00191826466532 0.00126370810544 0.0019016576903 0.0013394556403 0.00236718573126 0.00188336370992 0.00085715126723 0.00158867804746 0.000566262541035 0.0022048181977 0.000382199085654 0.00283294142566 0.016692464899 0.00143596706894 0.000765116328421 0.00262565558376 0.00251328524559 0.00248525187268 0.000664693225698 0.00048213473497 0.00315041654423 -0.000151566302668 0.00157103190452 -0.000144218074565 0.000476734374728 
0.00311714483009 0.00178488205039 0.00274482955179 0.000375468584062 0.00329616345992 -0.00112655185769 0.000182055433568 0.0013561368032 -4.299142541e-05 0.00391531401329 0.00559700894931 0.00366608964516 0.0022135169688 0.00425724286659 0.00220750795551 0.000662741485022 0.00247163238237 0.00143596706894 0.0250073271129 0.00251441003101 0.00312978674184 0.000348516576752 0.00240689903118 0.0017553208606 0.00519757859308 0.000904431178986 -0.00138275596986 0.00298662757771 0.00169771564073 0.000552824561525 
0.00113024450142 0.00429482728933 0.000787122394312 -0.00112356675058 0.00195886686759 -0.000330252466375 0.00105770545365 0.000414470831809 0.000301308610193 0.00395532792008 0.00392435958694 0.000100063708325 0.00289120910067 0.00297219164466 0.00178593951671 0.001963826294 0.00230665801705 0.000765116328421 0.00251441003101 0.0204387915351 0.00048355571241 0.00131815631321 0.00179087318626 0.000488941534001 0.00429083450427 0.00314051151413 -0.000198934750265 0.000522811198932 0.00227560417972 5.61790444745e-05 
0.000570661525013 0.00127184003722 0.00260140359319 0.000468642770292 0.00102301083052 -0.00305873612395 0.000247147586295 0.000462856494482 0.000654317728176 0.00203231819902 0.00227325318163 3.10996792668e-05 0.00239206989547 0.00192008058102 0.00119061757479 0.00184545296003 0.0021144887779 0.00262565558376 0.00312978674184 0.00048355571241 0.0153047807895 0.00061931491763 0.00260604469285 0.000556530241869 0.00117120310681 0.000682201951598 0.00126000595821 0.000938957817496 0.00141577050853 -0.000298058868205 
0.000101125067033 -0.00171667886763 0.000886051391779 -0.00040186730844 0.00267607307412 0.000942370804829 0.000527588879611 0.00120664747631 0.00253620019693 0.00264760243062 0.000165374998163 -0.00260070867719 0.0014866192868 0.00270631707519 -0.000739201988689 0.00177534436328 0.00166565459418 0.00251328524559 0.000348516576752 0.00131815631321 0.00061931491763 0.0259991185015 0.000948092596613 0.00164094705767 0.000967597085053 0.00286940218563 -0.00131668015829 0.000672368349693 0.000263765824202 0.000169472271517 
0.00286285767615 0.000610090828265 0.001583134382 0.0010644734277 0.00163297028862 -0.00126373596009 0.00134435036175 -0.000810987564785 0.00146015843406 0.0040827917223 0.0041082803376 -0.00125785213163 0.00321432710246 0.00632720250781 0.000666627300401 0.000194093251914 0.000694960714029 0.00248525187268 0.00240689903118 0.00179087318626 0.00260604469285 0.000948092596613 0.0324825205212 1.76771158396e-05 0.00193143662927 0.000880837841773 0.0048399955714 0.00068777389698 0.00142034327458 0.00039795513012 
0.000301965582526 -0.000747685830641 -4.45299169589e-05 1.3586041424e-05 -0.000871359426099 -0.000213917525623 -0.00141165613143 0.000590070532922 0.00100937420471 0.00301673335367 0.000664366807735 0.00176277143603 0.000105696998504 0.00140396890367 0.00290459885141 0.000997202050322 0.00215228163297 0.000664693225698 0.0017553208606 0.000488941534001 0.000556530241869 0.00164094705767 1.76771158396e-05 0.0135334004164 0.000994077133352 -0.000794472610504 -0.000423688695353 -0.000340858725957 0.000597052231576 0.00129641258401 
0.00320593363503 -4.07841037059e-05 0.00280006760205 -0.00215114589633 -0.000195609819592 0.000963728114242 -0.000365052474363 0.000971866861108 -0.000263821035794 0.00269837339842 0.00334440680591 0.000794893966032 0.00276201180823 0.00308036064813 0.000546113146388 0.000196514804454 0.00305132585228 0.00048213473497 0.00519757859308 0.00429083450427 0.00117120310681 0.000967597085053 0.00193143662927 0.000994077133352 0.0378634978322 0.0068497585054 0.00300005676251 0.00222686602974 0.000226141758712 0.00263546521149 
0.00230810920236 0.00318084220671 0.00100648640458 0.00221712584234 -0.000390523888829 0.00580531481337 0.00346964980721 0.000900935872577 0.00117539973902 0.00126671578875 0.00182735171769 0.0021576989716 0.00333542807995 0.00183682442193 0.00151132697247 -0.000788921883348 0.000880212503429 0.00315041654423 0.000904431178986 0.00314051151413 0.000682201951598 0.00286940218563 0.000880837841773 -0.000794472610504 0.0068497585054 0.0536218149029 -0.000149742687691 -0.00039828769748 0.00281707590953 -4.26306753443e-05 
0.00205164063277 0.00125099659566 -0.000921023911509 0.00161730787803 0.00187199421887 -0.00221220653359 0.00184930154891 0.00120321041499 0.000703770999846 0.000611525153103 0.000585761058507 0.000900024851962 0.00124895827778 0.00114093694772 0.00253463011209 0.00192654256673 0.000248010456133 -0.000151566302668 -0.00138275596986 -0.000198934750265 0.00126000595821 -0.00131668015829 0.0048399955714 -0.000423688695353 0.00300005676251 -0.000149742687691 0.0205904850438 0.00133306152557 0.00187091816097 0.000732311425554 
0.00159698781051 0.00104726064433 0.00167381822308 0.000324908741453 0.00100172248545 -0.00084099648558 -0.000540516893595 0.000176265604109 0.000655307436693 0.00161614387021 0.00109089546353 0.00205736172624 0.00184162535832 0.00196516627516 0.00230914319832 -0.00105203840326 0.00193702567586 0.00157103190452 0.00298662757771 0.000522811198932 0.000938957817496 0.000672368349693 0.00068777389698 -0.000340858725957 0.00222686602974 -0.00039828769748 0.00133306152557 0.0147925752523 0.000696450773185 0.0019933921432 
0.000275253456265 0.00241418421029 0.00209981543267 0.00102612812498 0.00351425783125 0.00230542017464 0.0185545098792 -0.00115899253882 0.000679521078129 0.00142599222484 0.00194954403818 0.00106131511664 0.00155734617536 0.00769161877302 -6.40426738277e-05 0.000773637095222 0.00457067352718 -0.000144218074565 0.00169771564073 0.00227560417972 0.00141577050853 0.000263765824202 0.00142034327458 0.000597052231576 0.000226141758712 0.00281707590953 0.00187091816097 0.000696450773185 0.0403190361789 4.97456095308e-05 
0.00198495805531 0.000376036001757 0.00116867523272 0.00118625979909 0.00158351881199 -0.000967072029322 0.000181135692028 0.00470932510862 0.000129437962256 -7.87554908436e-06 0.000426953102938 0.00163184646523 -9.96022187295e-05 0.000284419082995 0.000577387884362 0.000444252960165 0.000497450222901 0.000476734374728 0.000552824561525 5.61790444744e-05 -0.000298058868206 0.000169472271517 0.00039795513012 0.00129641258401 0.00263546521149 -4.26306753443e-05 0.000732311425554 0.0019933921432 4.97456095308e-05 0.0160362587474 

['INTC', 'NVLS', 'DD', 'ADBE', 'QLGC', 'UIS', 'BJS', 'TEK', 'CZN', 'MBI', 'BBBY', 'DRI', 'PX', 'YHOO', 'BK', 'DIS', 'BOL', 'VZ', 'MAR', 'SPLS', 'RTN', 'ABI', 'INTU', 'TAP', 'NAV', 'ATI', 'RX', 'GE', 'NE', 'LLY']