50
0.112605751981 0.0839491815724 0.106356452037 0.16701162673 0.0948967479515 0.0887704215167 0.05514883533 0.046041615311 0.0339335468557 0.0593939882808 0.0498180241401 0.0363676427781 0.0482129600444 0.187838769987 0.0472299451056 0.0370780174455 0.13588321519 0.0594275332512 0.138189015222 0.0541634245192 -0.00953493093171 0.0842142990337 0.0916953774684 0.0826231173305 0.0637387331612 0.105790735219 0.0444735285872 0.0172523696575 0.0121413644826 0.0913653440874 0.126514999345 0.0408960175479 0.39235550597 0.0649972461493 0.09797045465 0.105904751354 0.0100273700484 0.0674926048947 0.332832739506 -0.0014382556632 0.022553065058 0.00477989818121 0.0444205393046 0.116406698245 0.151477321577 0.1366928931 0.0907505897935 0.0751688044393 0.125568601155 0.148588071013 
0.46982606083 0.0230302831938 0.150978495224 0.0371029682195 0.0300761441257 0.0159498524424 0.172880853437 0.0130773766332 0.0164917713319 0.0143075440104 0.102371359208 0.00869194606534 0.0389335948023 0.153428010472 0.00982821614624 0.00861125941192 0.00682146168486 0.00190320669662 0.00578902263506 -0.00870735313775 0.00130925134889 0.0754782613115 0.0558748127615 0.00664553587299 0.159202491375 0.00357276867008 0.0227205169929 0.00223196264817 -0.000318256977493 0.0416779096176 0.0310306102077 0.0344148604004 -0.0103422381376 0.00218460736104 0.00717886594122 -0.00973071842061 0.0194897435435 0.038786068363 0.0095559762665 -0.00480440653833 0.00830361659487 0.0177060928289 0.0298347277387 0.0533755096766 0.0417932980959 0.0255303923937 0.00466026897702 -0.0342320124494 0.0151277196034 -0.00684928775525 
0.0230302831938 0.571130175477 -0.00859424742596 0.00713330241929 0.077699373724 0.0126893704938 -0.00695769419722 0.0438715145739 0.0407109260879 0.000272607706872 0.00191104002523 0.0138593459368 0.00995916508344 -0.0126649763901 0.00994487504761 0.00350261941918 0.00534161550243 -0.012674670079 0.0229471432001 0.0173121692808 -0.0187187304872 -0.00359660550018 0.0393061592343 0.0126324606093 -0.00232978212651 0.0457637733379 0.0103952918444 0.00831993117904 0.00877732156309 0.00592687319602 -0.0157475332974 0.0362666413967 0.123181942337 0.0442371765685 0.0532649287732 0.0370631153357 -0.00270147655604 -0.015319418502 -0.00279727570629 0.0128707223484 0.0288705986322 0.00561086076828 0.0140993759995 0.0379032012537 -0.0280431702547 -0.00460919940447 0.0255271648942 0.0241529410683 0.087231158747 -0.00642047644215 
0.150978495224 -0.00859424742597 0.446909435859 0.0177166531697 0.00402084118564 0.0296374192177 0.10109340797 0.018832129781 0.0248676195602 -0.00155467221708 0.101567272427 0.0109691560233 -0.00801482244915 0.158842375849 0.0113606866781 0.0197065950004 -0.0171596365123 0.0372656209387 0.0337808844692 -0.0456745513013 0.00616299832263 0.027766434338 0.079743514249 0.00477627786087 0.152807498712 0.00661402307487 0.0309430280966 0.0161148334937 0.000714513422007 0.0404049064187 0.0512769270145 0.0213411741363 0.0125354963646 0.0199327154618 0.0193092957138 0.0175883137831 0.00863478790282 0.0196871459216 0.0189960062033 -0.00460177660951 0.0119807153065 0.00029523021893 0.00958152638565 0.061703868176 0.065842168487 0.0180871880542 -0.0101645050547 0.00720698119971 0.0165198436746 0.0106442094195 
0.0371029682195 0.00713330241929 0.0177166531697 0.5055709192 0.0233865207594 -0.0292568989151 0.0128330838082 0.0183517346367 0.009241212378 0.00561932005397 0.0418202936846 0.00346923522547 0.00686498812773 0.0277349310186 -0.0265209899043 0.00106501340621 0.0121674681213 -0.00704952752034 0.0246741298526 -0.00468588983905 0.0155864993316 -0.011797789338 0.0164311968904 0.0160098157824 -0.0142814943662 0.014342417155 -0.0171411248279 -0.0179870006896 -0.000945417443984 0.0189488369507 0.0105193446652 0.0119546895654 0.0447942624907 0.0437482171925 0.0176145701627 -0.00033597490395 0.000939747519141 0.0179969701957 0.000496875153394 0.00704877784112 0.0284144017913 0.0104455116663 0.0186680769893 0.00918884612536 0.00206217136486 -0.00513685594065 0.0177704518605 0.0165534215045 0.000946919956632 -0.000423182577268 
0.0300761441257 0.077699373724 0.00402084118564 0.0233865207594 0.544035947708 0.0010867100982 -0.00449314550475 0.0248968279676 0.03098324668 0.00909162843984 0.00890279405139 0.00857561425211 -0.00357046936199 0.0347247430384 -0.00171851443782 0.014209473137 -0.0105081394479 0.0101182420036 0.00758127452707 0.0246044715693 0.00597829710678 0.0569514478507 0.00443680961377 -0.00919322942324 0.00712908424042 0.0126341793873 0.0173324810215 0.01375751882 0.0430862458768 -0.00377065791456 0.0635499646568 0.000619490621287 -0.0218365967245 -0.00433136156654 0.0333772091219 0.0556827639427 0.0120178676826 0.0355236067647 0.0183420744034 0.00768974387332 -0.0192233023413 -0.00360025418872 -0.0168983893466 -0.00687350802945 0.0205563795152 -0.00725410273487 -0.0061919547435 0.0055303173127 0.0246502777182 -0.0144829667692 
0.0159498524424 0.0126893704938 0.0296374192177 -0.0292568989151 0.00108671009819 0.314868304043 0.00968109906735 0.0204969177845 0.00606295878439 0.0212405269923 -0.0102325112897 0.0136789406804 0.00440822485895 0.00644761567089 0.103601220584 0.0310428906835 0.0327800909234 0.0301241828236 0.0260698817975 0.00755530396379 0.0046805287943 -0.00602270536251 0.0237876199968 0.0264226099807 -0.0196446168625 0.0208955790394 0.0343099053653 0.00863378122978 0.0346421782381 0.0261921959239 0.0344627828711 -0.000679511555823 -0.000906480452048 0.0170989176317 -0.0082966851037 0.000556227915626 0.0165975212872 0.0324561523753 -0.00816057402753 0.0171879377268 0.0244606756409 0.03459999462 0.0105231264551 0.0421363859991 0.0279384035837 0.0192768041131 0.0153458767166 0.0231481410932 -0.00288902883177 0.0259052484792 
0.172880853437 -0.00695769419722 0.10109340797 0.0128330838082 -0.00449314550475 0.00968109906735 0.331478322462 -0.0055596880402 0.0238629478741 0.00716871571853 0.0998316519338 -0.00311696082278 0.0540549580175 0.104683783937 0.00194960915047 0.00554501811861 -0.0173049283611 0.000104395391521 -0.00321723520754 -0.0221217021867 0.0011292289768 -0.0152759065018 0.0335868015525 0.0139518287855 0.119359397871 0.0155259057892 0.0182158378745 0.00428427522889 0.00394402529966 0.0123185966055 0.0359678003989 0.0192593205984 0.00722107631435 -0.0215433975763 0.0019256136041 -0.000269667519777 -0.00166655785726 0.0105681424578 -0.0108901806952 0.0144329412147 -0.00785559148089 0.00693669652866 0.0101645207746 0.0130659569733 0.0441163001446 0.0244790637198 -0.00262278351041 0.00341437149 -0.00825549688051 0.00452199463144 
0.0130773766332 0.0438715145739 0.018832129781 0.0183517346367 0.0248968279676 0.0204969177845 -0.0055596880402 0.284976872745 -5.85959328385e-06 0.0131377475466 0.0335238816454 0.0109919389647 0.0156009750482 0.000298295678851 0.0576576823994 0.0537036922347 -0.0117049263858 0.00461306842901 0.0234600246765 0.00949256024062 0.027503888906 0.00925079087827 0.0316947463598 0.0280297838629 0.0210877503404 0.0177372122046 0.0176671048878 0.0104768561344 0.00953044724327 0.00620952383781 0.0173543881066 0.00238563063112 0.0217627240733 0.00919969622952 0.00270457907449 0.0160871895898 0.0187304612105 0.0119504448667 0.0121984677797 0.00523431383613 0.00791203667067 0.0145301258525 0.0171877030813 0.0291379583896 0.0150904001534 -0.00151456919838 0.0279243618152 0.0762889845776 0.0268766547476 0.0499333563279 
0.0164917713319 0.0407109260879 0.0248676195602 0.009241212378 0.03098324668 0.00606295878439 0.0238629478741 -5.8595932845e-06 0.285290471526 0.018775649825 -0.00606126128581 0.0264293620734 -0.00156967866571 0.0139086702046 0.00899530536997 0.00414131008927 0.00811652824869 0.00275769477398 0.0160741385888 0.00070430465716 0.0105874554859 0.0178873299701 0.049916413597 0.00413987096603 0.00238745419357 0.019616969077 0.0507935497969 0.00916436149618 0.015576456451 0.0164894359459 0.00325144508748 0.0155857785083 -0.000673669144813 0.013820244659 0.0163481521374 -0.00138936985655 0.0156051133738 0.0202756645347 0.0662215489731 0.00628801878158 -0.0111309658853 0.0152283639047 0.0131640961819 0.0111027459737 0.00956590738264 0.0177337568794 -0.0076630886594 0.0229498884757 -0.00493792623841 0.0495316060796 
0.0143075440104 0.00027260770687 -0.00155467221708 0.00561932005397 0.00909162843984 0.0212405269923 0.00716871571853 0.0131377475466 0.018775649825 0.218052934443 0.00708743244556 0.0241688636131 0.0197591541485 -0.00438816827614 0.00626461530125 0.0172778680395 0.0131746702359 -0.00993290562456 0.00857716914958 0.00486276340032 0.0228502811626 0.0358239315514 0.0260105497283 0.00629959454039 0.0117482897955 -0.000169250364738 0.02833358052 -0.00440901522071 0.0165457801138 0.0161211234351 0.019071777579 0.0134073467235 0.0360145164276 0.056142850355 -0.00214726862077 0.00118726009527 0.0114802456248 0.0173729343926 0.00572933202674 0.0109846617829 0.0133575450801 0.0146973629944 0.0248116069578 -0.00459092264774 0.0203801006969 -0.00298864528657 0.0215159282742 0.0363002704337 -0.0118775394806 0.0365631210137 
0.102371359208 0.00191104002523 0.101567272427 0.0418202936846 0.00890279405139 -0.0102325112897 0.0998316519338 0.0335238816454 -0.00606126128581 0.00708743244556 0.323668320685 0.00577282782265 0.0165833949091 0.152228386113 -0.000204908804848 0.00286799191053 -0.040584383157 -0.0115593178446 0.0207589613243 -0.0281306180323 -0.01946553181 0.0149201547704 0.0236954433534 0.020600565355 0.0764831522653 0.0034129918476 9.02178727037e-05 -0.00780980764141 0.00658247978967 0.031072718026 0.0362034625061 0.00873685724669 0.00590041417076 0.026333410802 -0.00634848124623 0.0162044011147 -0.0136991578054 0.00316540357399 0.00999932033828 0.00359092509459 -0.00678913740905 -0.0126094332094 0.0127324353741 0.0106931306894 0.0386428244212 -0.0158910193024 -0.0151363079389 -0.0235774560901 0.0146686809446 0.00249707398598 
0.00869194606534 0.0138593459368 0.0109691560233 0.00346923522547 0.00857561425211 0.0136789406804 -0.00311696082278 0.0109919389647 0.0264293620734 0.0241688636131 0.00577282782265 0.184270929049 0.0247354601161 -0.00852463820107 0.0284456151384 0.00303651003175 -0.000988676823271 0.0125779114152 0.0199405874869 0.0115055126662 0.0181942883285 -0.00108339627738 0.0569965095504 0.0174407324723 0.00655173340724 0.0111955463061 0.00443193065465 0.010218629795 0.000737689430388 0.051580251218 0.0154437171574 0.0101780820593 0.00303771703707 -0.0107686904334 0.016200341641 0.0173288476423 0.0150650056713 0.0123563087617 0.0169562764162 0.0299811410209 0.0293012602691 0.00390659527315 0.00838991183138 0.00994884328677 0.0296567828454 0.0170220433455 0.0505403978993 0.0456288492081 0.000128813742269 0.0319530677213 
0.0389335948023 0.00995916508344 -0.00801482244915 0.00686498812773 -0.00357046936199 0.00440822485894 0.0540549580175 0.0156009750482 -0.00156967866571 0.0197591541485 0.0165833949091 0.0247354601161 0.264346885585 0.0127607487595 0.0127970243312 0.0227363100315 0.0356282427175 0.015796876288 0.0357765166587 0.0459205591846 0.00815428127224 -0.0184389313014 0.0291034519725 0.0325303329313 0.0282876153754 0.0201633246251 0.00606763207 0.0137470047182 -0.0163359242616 0.0234344633384 0.00487106771818 0.0308228307466 -0.0311841533979 -0.00811177392854 -0.00640659798517 0.00211286511132 -0.0158315985396 0.0256785154757 0.00947270048036 0.034450973914 0.00674966113945 0.0199693132491 0.0253173223149 0.0151968400728 0.0346676370337 0.0281585542968 0.0174907348562 0.00426209277554 0.0287055959926 -1.46536868289e-06 
0.153428010472 -0.0126649763901 0.158842375849 0.0277349310186 0.0347247430384 0.00644761567089 0.104683783937 0.000298295678849 0.0139086702046 -0.00438816827614 0.152228386113 -0.00852463820107 0.0127607487595 0.570406215866 0.0102384569235 -0.000416638276564 -0.00643054922538 0.00826599088256 0.0488214847999 0.0130259223141 -0.00365625793952 0.0109701716053 0.0616377812949 0.0283570784284 0.104041943143 0.0486836028031 -0.0171049332482 0.00644999553265 -0.00172359508205 0.0478040071632 0.057236392486 0.000462334188753 0.0257762394772 -0.00484391068233 -0.00497368291703 0.00146905015639 -0.00240546442002 0.019603317399 0.0344139232628 0.0115570740029 -0.0268502798171 0.0130607169189 0.027300663953 0.0178243608828 0.0883800599841 0.0177023042311 -0.0146306733937 -0.00663712877491 -0.00828162457923 0.00854278720762 
0.00982821614624 0.00994487504761 0.0113606866781 -0.0265209899043 -0.00171851443783 0.103601220584 0.00194960915047 0.0576576823994 0.00899530536997 0.00626461530125 -0.000204908804848 0.0284456151384 0.0127970243312 0.0102384569235 0.249825965043 0.0244929030137 0.00185024891033 0.00829000941987 0.044823542581 0.0129488230258 -0.00520603210249 -0.0132551744902 0.0393691372537 0.0332882778314 -0.00594617951767 0.0295685098774 0.022916862002 -0.00641738304597 0.0250080087107 0.0434428981868 0.0237785325655 0.012967704036 -0.00987870573793 0.025552545614 0.00559864805588 0.00721848345527 0.0237810588266 0.0134754504454 -0.0015475162512 -0.0106606055274 0.0350653578467 0.0152371305114 0.0105857543581 0.0354620605233 0.0219010295257 0.0228403420803 0.0277888929 0.0528505282022 -0.0393419615451 0.018250389109 
0.00861125941192 0.00350261941918 0.0197065950004 0.00106501340621 0.014209473137 0.0310428906835 0.00554501811861 0.0537036922347 0.00414131008927 0.0172778680395 0.00286799191053 0.00303651003175 0.0227363100315 -0.000416638276564 0.0244929030137 0.16948986925 0.0825713147432 0.0120875607741 0.039571355411 0.0336329622449 0.00571187708415 0.0202289126089 0.0320567491319 0.00743523486655 0.00742243631804 0.0147317503233 0.0186056768959 0.0241235989805 0.0179234849958 0.017807740138 0.00562507389574 0.0351163226812 0.0156855796031 0.0153865686455 -0.00614475558454 0.013174975648 0.0132358608062 0.027002196813 0.0162104014421 -0.0102808097369 0.0218848960262 0.00449617559625 0.0190091475329 0.0109560439937 0.0183609126321 -0.000194178119136 0.00270750577653 0.0266545692526 -0.00212730299317 0.00841956508577 
0.00682146168486 0.00534161550243 -0.0171596365123 0.0121674681213 -0.0105081394479 0.0327800909234 -0.0173049283611 -0.0117049263858 0.00811652824869 0.0131746702359 -0.040584383157 -0.000988676823271 0.0356282427175 -0.00643054922539 0.00185024891033 0.0825713147432 1.18981021071 0.0322955731347 0.00693866270732 -0.0156028996097 0.000619762179343 0.0672760475168 0.0220721611881 0.0289405201871 -0.0178870473612 -0.0509634570253 0.00542728825249 -0.00118445234066 0.0161986242093 0.111129632422 0.0054703167802 0.00196464116534 -0.0101656970471 0.0290115567216 0.0230140622426 0.0135765516571 0.0186883032747 7.37748913375e-05 0.0411128177862 0.015249738374 -0.0178705626332 -0.0306369218476 -0.00160445283051 -0.0281832398418 0.0590430318674 0.0683543639399 -0.00883041638754 -0.0323103657151 0.0891201787866 0.0199817257852 
0.00190320669662 -0.012674670079 0.0372656209387 -0.00704952752034 0.0101182420036 0.0301241828236 0.000104395391518 0.00461306842901 0.00275769477398 -0.00993290562456 -0.0115593178446 0.0125779114152 0.015796876288 0.00826599088256 0.00829000941987 0.0120875607741 0.0322955731347 0.226214087787 -2.06426696212e-05 0.0223108166971 0.00245328868251 -0.00579375135425 0.00492923994658 0.0130737128466 0.0323647326817 -0.0136618511165 0.00220289918514 0.00134874797115 0.00732162754783 0.0102832798413 0.00837281882862 -0.00319214666356 0.0123289429695 0.00455842361579 -0.0118813552848 0.0150137858808 0.000243026486633 0.0290326868614 -0.00175756622834 -0.00571350451992 -0.00165647791554 0.00872097341865 0.0059440533079 0.0256917668509 0.0302609551546 0.0213930102537 0.00575793354447 -0.00623337746273 -0.00520596554775 -0.00746094808082 
0.00578902263505 0.0229471432001 0.0337808844692 0.0246741298526 0.00758127452707 0.0260698817975 -0.00321723520754 0.0234600246765 0.0160741385888 0.00857716914958 0.0207589613243 0.0199405874869 0.0357765166587 0.0488214847999 0.044823542581 0.039571355411 0.00693866270732 -2.06426696241e-05 0.262653875087 0.0334263897293 0.0275124249509 0.0109208948886 0.0551985970602 0.028218747478 0.0187361486008 0.0424432055942 0.0102214007561 0.0131013157933 0.0149476653573 0.0295659356074 0.0432143305495 0.046456472195 0.129959075861 0.0537374270352 0.0396791062932 0.0371497189355 0.0232371683012 0.0167643959832 0.0180212499473 0.000263444215441 0.00880682809507 0.00727492580507 0.0343596595013 0.0342060036365 0.0498966912813 0.0141442869764 0.0013241924661 0.0134198627169 0.0126946417624 0.00474143930024 
-0.00870735313775 0.0173121692808 -0.0456745513013 -0.00468588983905 0.0246044715693 0.00755530396378 -0.0221217021867 0.00949256024062 0.000704304657161 0.00486276340032 -0.0281306180323 0.0115055126662 0.0459205591846 0.0130259223141 0.0129488230258 0.0336329622449 -0.0156028996097 0.0223108166971 0.0334263897293 0.293956939174 0.0157258371596 0.0191638041155 0.0460640991211 0.0111934927327 -0.0119186288265 0.01525691299 0.00919417949189 0.0138495351542 0.00475369109632 -0.00583344312706 -0.00534140873157 0.00861700354917 0.0526977896699 0.00709955409111 0.0262992151572 0.0022464804355 0.0119661472582 0.0191360030258 3.10365109914e-05 0.00256069424154 -0.00779116375238 -2.32830433144e-05 0.0189957054337 0.0025150572923 0.0255777532258 0.0209185293959 0.0193364723436 0.0218137333614 0.0449614905268 0.0187924477624 
0.00130925134889 -0.0187187304872 0.00616299832263 0.0155864993316 0.00597829710678 0.0046805287943 0.0011292289768 0.027503888906 0.0105874554859 0.0228502811626 -0.01946553181 0.0181942883285 0.00815428127225 -0.00365625793952 -0.00520603210249 0.00571187708415 0.000619762179343 0.0024532886825 0.0275124249509 0.0157258371596 0.219017766973 0.0119131600285 0.0367472505719 0.0114876584772 0.0194973701794 0.00818721308542 0.00473399061691 0.0192380097449 -0.00269388849367 0.00678322342497 -0.00810772180528 0.00465357170165 -0.0166674321169 0.0107272823427 0.00121380833238 0.0473262663966 0.0117000493351 0.0129863027723 0.020381760674 0.013308637917 0.0185681532398 0.0114713411582 0.0173023620853 0.0290067264794 0.00257632172743 0.00288962173418 0.000823380973847 0.0210299878223 -0.00283997081085 0.0253321507966 
0.0754782613115 -0.00359660550018 0.027766434338 -0.011797789338 0.0569514478507 -0.00602270536251 -0.0152759065018 0.00925079087827 0.0178873299701 0.0358239315514 0.0149201547704 -0.00108339627738 -0.0184389313014 0.0109701716053 -0.0132551744902 0.0202289126089 0.0672760475168 -0.00579375135425 0.0109208948886 0.0191638041155 0.0119131600285 0.509923532436 0.0158283801093 -0.0190312872984 0.013451732017 0.0125458790425 0.0604654280673 -0.00298810354679 -0.00646798517012 -0.019241113456 -0.00234416528958 0.0215056512283 -0.00096494955583 -0.00781357570854 -0.00211393360762 0.0599776286537 0.00405036953918 0.0829559233964 0.00191427823021 0.0314257056426 0.0205234020852 0.0110756969679 0.0131218109824 0.0360568375378 0.0494853817744 0.0174868179203 0.0480703404296 0.00699604773741 0.00234460564471 0.0214102368482 
0.0558748127615 0.0393061592343 0.079743514249 0.0164311968904 0.00443680961377 0.0237876199968 0.0335868015525 0.0316947463598 0.049916413597 0.0260105497283 0.0236954433534 0.0569965095504 0.0291034519725 0.0616377812949 0.0393691372537 0.0320567491319 0.0220721611881 0.00492923994658 0.0551985970602 0.0460640991211 0.0367472505719 0.0158283801093 0.491800612835 0.0432401798318 0.0638327626654 0.0268239087059 0.0430234054957 0.0284275692474 0.0190094000694 0.07458382942 0.00358294651328 0.0481742669147 -0.00871784427693 0.0144824673006 -0.00831675748465 0.0791706517591 0.00434183013418 0.0303963783815 0.0402574703125 0.00736250085224 0.03649900586 0.0132454907301 0.00992453183539 0.0318547235499 0.00427149912036 0.0107511173207 0.00727463771927 0.065581700858 0.0518490797912 0.0654310896415 
0.00664553587299 0.0126324606093 0.00477627786086 0.0160098157824 -0.00919322942324 0.0264226099807 0.0139518287855 0.0280297838629 0.00413987096603 0.00629959454039 0.020600565355 0.0174407324723 0.0325303329313 0.0283570784284 0.0332882778314 0.00743523486656 0.0289405201871 0.0130737128466 0.028218747478 0.0111934927327 0.0114876584772 -0.0190312872984 0.0432401798318 0.186255238469 -0.00230837832752 0.00901863962449 0.00629219347133 0.00516157654747 0.0162704991602 0.0393589409387 0.00796824972045 0.0108102572191 -0.00445828317891 0.0252583213162 0.00414492730957 0.0325910757469 0.00574720794752 0.00701080979435 0.0275680792607 0.0173777085344 0.0178566927392 0.0166740303032 0.015670786061 -0.0112031832225 -0.0142772623781 0.0303860744531 0.0179639026695 0.00522410984649 0.00498581906535 0.0305731485828 
0.159202491375 -0.0023297821265 0.152807498712 -0.0142814943663 0.00712908424042 -0.0196446168625 0.119359397871 0.0210877503404 0.00238745419357 0.0117482897955 0.0764831522653 0.00655173340724 0.0282876153754 0.104041943143 -0.00594617951768 0.00742243631804 -0.0178870473612 0.0323647326817 0.0187361486008 -0.0119186288265 0.0194973701794 0.013451732017 0.0638327626654 -0.00230837832752 0.358514773473 0.0171345851527 -0.0140042646798 -0.0159655949043 -0.0077115535228 0.0133756365402 0.0322196146646 0.00912700894741 0.0122103214895 0.00503003982425 0.0146662982563 0.0127826962531 0.00699882189208 0.000849357520455 0.0321749948301 0.00992509942745 0.00312992520025 -0.00405265481353 0.00597955615516 0.020523085242 0.0180896875723 0.0193259696594 -0.0081427610153 -0.0089484162125 -0.011978039619 -0.0199857452325 
0.00357276867008 0.0457637733379 0.00661402307487 0.014342417155 0.0126341793873 0.0208955790394 0.0155259057892 0.0177372122046 0.019616969077 -0.000169250364739 0.0034129918476 0.0111955463061 0.0201633246251 0.0486836028031 0.0295685098774 0.0147317503233 -0.0509634570253 -0.0136618511165 0.0424432055942 0.01525691299 0.00818721308542 0.0125458790425 0.0268239087059 0.00901863962449 0.0171345851527 0.348330609315 0.0192064388755 0.0258246972579 -0.00506014066042 -0.0149310840999 0.0172355062991 0.0338806908942 0.0402989184649 0.0112616097835 0.0274151277153 0.0272306104324 0.0155121690919 -0.00267831671551 -0.0145863181037 0.00721833706384 -0.00355325445013 0.0135623047236 0.0173771951793 0.0140718003344 -0.0160147784853 0.00788409643912 0.0247054214076 0.00400465954453 0.0247589411841 0.0256793015043 
0.0227205169929 0.0103952918444 0.0309430280966 -0.0171411248279 0.0173324810215 0.0343099053653 0.0182158378745 0.0176671048878 0.0507935497969 0.02833358052 9.02178726989e-05 0.00443193065466 0.00606763207 -0.0171049332482 0.022916862002 0.0186056768958 0.00542728825249 0.00220289918514 0.0102214007561 0.00919417949189 0.00473399061691 0.0604654280673 0.0430234054957 0.00629219347133 -0.0140042646798 0.0192064388755 0.325669167477 0.0160007791828 0.0460362385835 0.0223750387846 0.0018467700628 0.0155452036691 -0.00764420855326 0.0314073909418 0.00883981080569 0.0265765055432 0.018861153753 0.0352137056497 0.0388170647043 -0.00996301905172 0.0183590508898 0.0201109225675 0.00955239459739 0.0506562560076 -0.0034571786091 0.0108208097365 -0.0144098356699 0.0586018608817 0.0290462414941 -0.00104282872391 
0.00223196264817 0.00831993117904 0.0161148334937 -0.0179870006896 0.01375751882 0.00863378122978 0.00428427522889 0.0104768561344 0.00916436149618 -0.00440901522071 -0.00780980764141 0.010218629795 0.0137470047182 0.00644999553265 -0.00641738304597 0.0241235989805 -0.00118445234066 0.00134874797115 0.0131013157933 0.0138495351542 0.0192380097449 -0.00298810354679 0.0284275692474 0.00516157654747 -0.0159655949043 0.0258246972579 0.0160007791828 0.192724127033 0.0172558984038 0.0185758879079 0.0107379196249 0.0122573043645 0.00473561491017 0.00721148002944 -0.00572921096747 -0.0123794453825 0.00261970302945 -0.0111188321745 0.0172601477881 0.00587961482399 -0.00567015917331 0.0163240502926 0.0127322465216 0.00576954653104 0.0294068743169 0.00255866155224 -0.000291795411468 0.0226326642232 0.0179127093127 0.0313270333005 
-0.000318256977492 0.00877732156309 0.000714513422009 -0.000945417443983 0.0430862458768 0.0346421782381 0.00394402529966 0.00953044724327 0.015576456451 0.0165457801138 0.00658247978967 0.000737689430387 -0.0163359242616 -0.00172359508205 0.0250080087107 0.0179234849958 0.0161986242093 0.00732162754783 0.0149476653573 0.00475369109632 -0.00269388849367 -0.00646798517012 0.0190094000694 0.0162704991602 -0.0077115535228 -0.00506014066042 0.0460362385835 0.0172558984038 0.25266959692 0.0153953842185 0.016081561991 -0.00254866533536 -0.0137419004557 0.0300890341471 -0.0120906528771 0.0560257365945 0.0130173420311 0.00577991553226 -0.00245199281961 0.0141640497797 0.0100972809957 0.0213597125328 0.0117511621268 0.0281435518554 0.00438562835924 -0.00965959054232 0.00295689762142 -0.00449810663009 0.0310897987683 0.0152223787454 
0.0416779096176 0.00592687319602 0.0404049064187 0.0189488369507 -0.00377065791456 0.0261921959239 0.0123185966055 0.00620952383781 0.0164894359459 0.0161211234351 0.031072718026 0.051580251218 0.0234344633384 0.0478040071632 0.0434428981868 0.017807740138 0.111129632422 0.0102832798413 0.0295659356074 -0.00583344312706 0.00678322342497 -0.019241113456 0.07458382942 0.0393589409387 0.0133756365402 -0.0149310840999 0.0223750387846 0.0185758879079 0.0153953842185 0.346891676524 0.0312442169285 0.0220424647372 0.003899987278 0.0375724145286 0.00178149388354 0.0187059118407 0.0260034993731 0.0121162610812 0.0151716629402 0.0151132548492 0.0141430639346 0.00531496191079 0.00697232064382 0.0310671936919 0.0109200036923 0.00312514374955 0.00803818678236 0.0378017032455 0.0189255026275 0.0493600366287 
0.0310306102077 -0.0157475332974 0.0512769270145 0.0105193446652 0.0635499646568 0.0344627828711 0.0359678003989 0.0173543881066 0.00325144508748 0.019071777579 0.0362034625061 0.0154437171574 0.00487106771818 0.057236392486 0.0237785325655 0.00562507389574 0.0054703167802 0.00837281882862 0.0432143305495 -0.00534140873157 -0.00810772180528 -0.00234416528958 0.00358294651328 0.00796824972045 0.0322196146646 0.0172355062991 0.0018467700628 0.0107379196249 0.016081561991 0.0312442169285 0.251289654752 -0.0108858732141 0.0043608153831 0.0241827425707 0.0103303405876 0.0134224461849 0.0222750733127 0.0185296329955 0.0372915136428 0.0287723280189 0.00955781892936 0.00966274766126 0.012985251723 0.0291485428266 0.0369815535885 0.000642868157769 0.0169556800497 0.0175209292461 0.0261671032966 0.0226695647125 
0.0344148604004 0.0362666413967 0.0213411741363 0.0119546895654 0.000619490621286 -0.000679511555826 0.0192593205984 0.00238563063112 0.0155857785083 0.0134073467235 0.0087368572467 0.0101780820593 0.0308228307466 0.000462334188754 0.012967704036 0.0351163226812 0.00196464116534 -0.00319214666356 0.046456472195 0.00861700354917 0.00465357170165 0.0215056512283 0.0481742669147 0.0108102572191 0.00912700894741 0.0338806908942 0.0155452036691 0.0122573043645 -0.00254866533536 0.0220424647372 -0.0108858732141 0.197799747183 0.0335878898492 0.014493705713 0.00868111675934 0.0154762908908 0.0141451375987 0.0349365542944 -0.0137312835066 0.0187529854027 0.000644637332905 0.0110131005573 0.0252532503717 0.013185869027 0.0232972869556 0.0245858833754 0.0141524432511 5.41796005722e-05 0.00199619457766 0.022305014223 
-0.0103422381376 0.123181942337 0.0125354963646 0.0447942624907 -0.0218365967245 -0.000906480452048 0.00722107631435 0.0217627240733 -0.000673669144813 0.0360145164276 0.00590041417076 0.00303771703707 -0.0311841533979 0.0257762394772 -0.00987870573793 0.0156855796031 -0.0101656970471 0.0123289429695 0.129959075861 0.0526977896699 -0.0166674321169 -0.00096494955583 -0.00871784427693 -0.00445828317891 0.0122103214895 0.0402989184649 -0.00764420855326 0.00473561491017 -0.0137419004557 0.003899987278 0.0043608153831 0.0335878898492 3.0996863323 0.0907274394253 0.779352926004 0.0271063546127 0.100467193123 -0.0317520630196 0.0714259121566 -0.0215754693585 0.0955532334705 0.000488807702743 -0.019526634662 0.00454588042361 0.0171822310868 0.0271671550047 0.023069118122 0.00203324709781 -0.0370776536614 0.0583981341533 
0.00218460736104 0.0442371765685 0.0199327154618 0.0437482171925 -0.00433136156654 0.0170989176317 -0.0215433975763 0.00919969622952 0.013820244659 0.056142850355 0.026333410802 -0.0107686904334 -0.00811177392854 -0.00484391068233 0.025552545614 0.0153865686455 0.0290115567216 0.00455842361578 0.0537374270352 0.00709955409111 0.0107272823427 -0.00781357570854 0.0144824673006 0.0252583213162 0.00503003982425 0.0112616097835 0.0314073909418 0.00721148002944 0.0300890341471 0.0375724145286 0.0241827425707 0.014493705713 0.0907274394253 0.253837854173 0.0120693191535 0.00337193361269 0.0118339746153 0.00849845998024 0.00264298271574 -0.015584706249 0.0113106372336 -0.00152276988868 0.0173820004263 0.0207977422464 0.0181662857538 0.00980717855325 0.0229789362515 0.00273068626585 0.0324840174256 -0.00504782251251 
0.00717886594122 0.0532649287732 0.0193092957138 0.0176145701627 0.0333772091219 -0.0082966851037 0.0019256136041 0.00270457907449 0.0163481521374 -0.00214726862077 -0.00634848124623 0.016200341641 -0.00640659798517 -0.00497368291703 0.00559864805588 -0.00614475558455 0.0230140622426 -0.0118813552848 0.0396791062932 0.0262992151572 0.00121380833238 -0.00211393360762 -0.00831675748465 0.00414492730957 0.0146662982563 0.0274151277153 0.00883981080569 -0.00572921096747 -0.0120906528771 0.00178149388354 0.0103303405876 0.00868111675934 0.779352926004 0.0120693191535 0.560450454284 -0.025968669564 0.0224305846772 -0.0463174153492 0.0622775751774 0.042050772413 0.0317586614178 -0.0118285106003 0.0152209224685 0.00335252830742 -0.0132834423405 0.0124414254967 0.0083587248272 -0.00296928936467 -0.0215919074219 0.0331999778794 
-0.00973071842061 0.0370631153357 0.0175883137831 -0.000335974903949 0.0556827639427 0.00055622791563 -0.000269667519777 0.0160871895898 -0.00138936985655 0.00118726009527 0.0162044011147 0.0173288476423 0.00211286511132 0.00146905015639 0.00721848345527 0.013174975648 0.0135765516571 0.0150137858808 0.0371497189355 0.00224648043549 0.0473262663966 0.0599776286537 0.0791706517591 0.0325910757469 0.0127826962531 0.0272306104324 0.0265765055432 -0.0123794453825 0.0560257365945 0.0187059118407 0.0134224461849 0.0154762908908 0.0271063546127 0.00337193361269 -0.025968669564 0.401730624852 0.0136410962816 0.0240336706106 0.0088625676344 0.0147091304369 0.0169048914813 0.0110859391312 0.0312978941028 -0.00603770445404 0.0396996755976 0.0123347132602 0.0126089305835 0.0125405421711 -0.0141154074262 -0.00693759875661 
0.0194897435435 -0.00270147655604 0.00863478790282 0.000939747519141 0.0120178676826 0.0165975212872 -0.00166655785726 0.0187304612105 0.0156051133738 0.0114802456248 -0.0136991578054 0.0150650056713 -0.0158315985396 -0.00240546442002 0.0237810588266 0.0132358608062 0.0186883032747 0.000243026486632 0.0232371683011 0.0119661472582 0.0117000493351 0.00405036953918 0.00434183013418 0.00574720794752 0.00699882189208 0.0155121690919 0.018861153753 0.00261970302945 0.0130173420311 0.0260034993731 0.0222750733127 0.0141451375987 0.100467193123 0.0118339746153 0.0224305846772 0.0136410962816 0.155747886196 0.0298438231517 0.000216642199474 -0.0109678935998 0.0239778054953 0.0115473069698 0.00909226962209 0.0154926750916 0.0263209091322 0.0102621250968 0.0101754084481 0.0303742039304 -0.00988405763221 0.00450981844829 
0.038786068363 -0.015319418502 0.0196871459216 0.0179969701957 0.0355236067647 0.0324561523752 0.0105681424578 0.0119504448667 0.0202756645347 0.0173729343926 0.00316540357399 0.0123563087617 0.0256785154757 0.019603317399 0.0134754504454 0.027002196813 7.37748913369e-05 0.0290326868614 0.0167643959832 0.0191360030258 0.0129863027723 0.0829559233964 0.0303963783815 0.00701080979435 0.000849357520456 -0.00267831671551 0.0352137056497 -0.0111188321745 0.00577991553226 0.0121162610812 0.0185296329955 0.0349365542944 -0.0317520630196 0.00849845998024 -0.0463174153492 0.0240336706106 0.0298438231517 0.328466638245 -0.0210910911481 -0.00156841308068 -0.00610718322139 0.0247629155568 -0.000816743542001 0.011383771521 0.0243224410492 0.0104196544338 0.00831246985321 0.0249434855045 -0.00532899304998 -0.0169142567135 
0.0095559762665 -0.00279727570629 0.0189960062033 0.000496875153394 0.0183420744034 -0.00816057402754 -0.0108901806952 0.0121984677797 0.0662215489731 0.00572933202674 0.00999932033829 0.0169562764162 0.00947270048036 0.0344139232628 -0.0015475162512 0.0162104014421 0.0411128177862 -0.00175756622834 0.0180212499473 3.10365109923e-05 0.020381760674 0.00191427823021 0.0402574703125 0.0275680792607 0.0321749948301 -0.0145863181037 0.0388170647043 0.0172601477881 -0.00245199281961 0.0151716629402 0.0372915136428 -0.0137312835066 0.0714259121566 0.00264298271574 0.0622775751774 0.0088625676344 0.000216642199473 -0.0210910911481 0.508111987845 0.00564820413127 0.0153774385242 0.0132102391507 0.0131442260021 0.0548468188577 0.0162586213128 0.0395818965179 0.0387822163295 0.00766058850713 0.0470281412703 0.0196222024851 
-0.00480440653833 0.0128707223484 -0.00460177660951 0.00704877784112 0.00768974387332 0.0171879377268 0.0144329412147 0.00523431383612 0.00628801878158 0.0109846617829 0.00359092509459 0.0299811410209 0.034450973914 0.0115570740029 -0.0106606055274 -0.0102808097369 0.015249738374 -0.00571350451992 0.000263444215439 0.00256069424154 0.013308637917 0.0314257056426 0.00736250085224 0.0173777085344 0.00992509942745 0.00721833706384 -0.00996301905172 0.00587961482399 0.0141640497797 0.0151132548492 0.0287723280189 0.0187529854027 -0.0215754693585 -0.015584706249 0.042050772413 0.014709130437 -0.0109678935998 -0.00156841308068 0.00564820413127 0.214113039324 -0.00702544771321 0.0016819518457 0.0231294196617 0.010188893762 -0.00935325992313 0.0226296591555 0.00623710864173 -0.0122756426731 0.0102256309481 0.0171050294292 
0.00830361659488 0.0288705986322 0.0119807153065 0.0284144017913 -0.0192233023413 0.0244606756409 -0.00785559148089 0.00791203667067 -0.0111309658853 0.0133575450801 -0.00678913740906 0.0293012602691 0.00674966113945 -0.0268502798171 0.0350653578467 0.0218848960262 -0.0178705626332 -0.00165647791554 0.00880682809507 -0.00779116375238 0.0185681532398 0.0205234020852 0.03649900586 0.0178566927392 0.00312992520025 -0.00355325445013 0.0183590508898 -0.00567015917331 0.0100972809957 0.0141430639346 0.00955781892936 0.000644637332907 0.0955532334705 0.0113106372336 0.0317586614178 0.0169048914813 0.0239778054953 -0.00610718322139 0.0153774385242 -0.00702544771321 0.203263937566 0.0035491539565 0.0136715422261 0.0036009953792 0.0256988599718 -0.00559125903345 0.0825927631382 0.0472291310475 -0.0056834713101 0.033164849131 
0.0177060928289 0.00561086076828 0.000295230218932 0.0104455116663 -0.00360025418872 0.03459999462 0.00693669652866 0.0145301258526 0.0152283639047 0.0146973629944 -0.0126094332094 0.00390659527315 0.0199693132491 0.0130607169189 0.0152371305114 0.00449617559625 -0.0306369218476 0.00872097341865 0.00727492580507 -2.32830433122e-05 0.0114713411582 0.0110756969679 0.0132454907301 0.0166740303032 -0.00405265481353 0.0135623047236 0.0201109225675 0.0163240502926 0.0213597125328 0.00531496191079 0.00966274766126 0.0110131005573 0.000488807702743 -0.00152276988867 -0.0118285106003 0.0110859391312 0.0115473069698 0.0247629155569 0.0132102391507 0.0016819518457 0.0035491539565 0.163631821685 0.0309448441522 0.0145869926809 -0.00414102178873 0.0182284665805 0.0200286596168 -0.00292869769755 0.0219134067359 0.0285191986139 
0.0298347277387 0.0140993759995 0.00958152638565 0.0186680769893 -0.0168983893466 0.0105231264551 0.0101645207746 0.0171877030813 0.0131640961819 0.0248116069578 0.0127324353741 0.00838991183138 0.0253173223149 0.027300663953 0.0105857543581 0.0190091475329 -0.00160445283051 0.0059440533079 0.0343596595013 0.0189957054337 0.0173023620853 0.0131218109824 0.00992453183539 0.015670786061 0.00597955615516 0.0173771951793 0.00955239459739 0.0127322465216 0.0117511621268 0.00697232064382 0.012985251723 0.0252532503717 -0.019526634662 0.0173820004263 0.0152209224685 0.0312978941028 0.00909226962209 -0.000816743542002 0.0131442260021 0.0231294196617 0.0136715422261 0.0309448441522 0.165229254922 0.0359454332561 0.0198607206694 0.00782624062968 0.0232018644146 0.0236411968254 0.00565919986731 0.00895309935655 
0.0533755096767 0.0379032012537 0.061703868176 0.00918884612536 -0.00687350802945 0.0421363859991 0.0130659569734 0.0291379583896 0.0111027459737 -0.00459092264774 0.0106931306894 0.00994884328677 0.0151968400728 0.0178243608828 0.0354620605233 0.0109560439937 -0.0281832398418 0.0256917668509 0.0342060036365 0.0025150572923 0.0290067264794 0.0360568375378 0.0318547235499 -0.0112031832225 0.020523085242 0.0140718003344 0.0506562560076 0.00576954653104 0.0281435518554 0.0310671936919 0.0291485428266 0.013185869027 0.00454588042361 0.0207977422464 0.00335252830742 -0.00603770445404 0.0154926750916 0.011383771521 0.0548468188577 0.010188893762 0.0036009953792 0.0145869926809 0.0359454332561 0.544867555238 0.0273785113127 0.00552027485218 0.0289357499522 0.0415405577445 0.0327203598439 0.0126781215523 
0.0417932980959 -0.0280431702547 0.065842168487 0.00206217136486 0.0205563795153 0.0279384035837 0.0441163001446 0.0150904001534 0.00956590738265 0.0203801006969 0.0386428244212 0.0296567828454 0.0346676370337 0.0883800599841 0.0219010295257 0.0183609126321 0.0590430318674 0.0302609551546 0.0498966912813 0.0255777532258 0.00257632172743 0.0494853817744 0.00427149912036 -0.0142772623781 0.0180896875723 -0.0160147784853 -0.00345717860911 0.0294068743169 0.00438562835924 0.0109200036923 0.0369815535885 0.0232972869556 0.0171822310868 0.0181662857538 -0.0132834423405 0.0396996755976 0.0263209091322 0.0243224410492 0.0162586213128 -0.00935325992313 0.0256988599718 -0.00414102178873 0.0198607206694 0.0273785113127 0.544232560907 0.0393308127853 0.0547773477981 0.00949234327812 0.0936373722105 0.00927711795253 
0.0255303923937 -0.00460919940448 0.0180871880542 -0.00513685594065 -0.00725410273487 0.0192768041131 0.0244790637198 -0.00151456919838 0.0177337568794 -0.00298864528657 -0.0158910193024 0.0170220433455 0.0281585542968 0.0177023042311 0.0228403420803 -0.000194178119137 0.0683543639399 0.0213930102537 0.0141442869764 0.0209185293959 0.00288962173418 0.0174868179203 0.0107511173207 0.0303860744531 0.0193259696594 0.00788409643912 0.0108208097365 0.00255866155224 -0.00965959054232 0.00312514374955 0.000642868157769 0.0245858833754 0.0271671550047 0.00980717855325 0.0124414254967 0.0123347132602 0.0102621250968 0.0104196544338 0.0395818965179 0.0226296591555 -0.00559125903344 0.0182284665805 0.00782624062968 0.00552027485218 0.0393308127853 0.516533335913 0.0182548237458 0.0245208796402 0.0360472983077 -0.00344438079385 
0.00466026897702 0.0255271648942 -0.0101645050547 0.0177704518605 -0.00619195474351 0.0153458767166 -0.00262278351041 0.0279243618152 -0.0076630886594 0.0215159282742 -0.0151363079389 0.0505403978993 0.0174907348562 -0.0146306733937 0.0277888929 0.00270750577653 -0.00883041638754 0.00575793354447 0.0013241924661 0.0193364723436 0.000823380973847 0.0480703404296 0.00727463771927 0.0179639026695 -0.0081427610153 0.0247054214075 -0.0144098356699 -0.000291795411468 0.00295689762142 0.00803818678236 0.0169556800497 0.0141524432511 0.023069118122 0.0229789362515 0.0083587248272 0.0126089305835 0.0101754084481 0.00831246985322 0.0387822163295 0.00623710864173 0.0825927631382 0.0200286596168 0.0232018644146 0.0289357499522 0.0547773477981 0.0182548237458 0.318334988007 0.0584640995231 0.00199169899922 0.013348368975 
