20
0.116406698245 0.0373342989671 0.142595623168 0.126841392599 0.046041615311 0.0499403633474 0.0161964684659 0.00839736130492 0.100072423231 0.0214629747746 0.0540494724418 0.187838769987 0.101670797752 0.0189508527873 0.11775000089 0.0372282541949 0.072987431854 0.0861150338972 0.0965978414643 0.0411806556966 
0.55094563575 0.0293800025073 0.034133015687 0.0559149706118 0.0395519041612 0.0426460583273 0.0151079819557 0.00974602620415 0.0271784581133 0.0199417256291 0.00872255178753 0.0353284076235 0.010553675126 0.0330586660904 0.122568980583 0.0149858975659 0.0047090793543 0.00899297656915 0.0138111073138 0.0237151433177 
0.0293800025073 0.252023224448 0.021169223318 0.0207980488651 0.0299120298505 0.0614662502197 0.0146074221039 0.0108881039923 0.026328745037 0.0423811062113 0.0249917632938 0.0645759156329 0.00947803466132 -0.00945847890441 0.0710311810456 0.0121912649351 0.00916532152518 -0.00331095102208 0.0693871528612 0.0195584567128 
0.034133015687 0.021169223318 0.467090131739 0.01899215955 0.0282259136041 0.0314157119132 0.0235714928128 0.0390625571705 0.00964712151449 0.0129360349462 0.0305675877135 0.0498686469066 0.0155018205708 0.0493749474313 0.0337804561851 0.0570723793396 0.0336421050751 0.0486282643944 0.0471741528683 0.0196586150962 
0.0559149706118 0.0207980488651 0.01899215955 0.877818112683 0.0210918825266 0.0421372222128 -0.0104376734894 0.0144730329629 0.0456922743343 0.0193514322016 -0.00720800572334 0.0316652698999 0.0243990258403 -0.0202028094258 -0.00557025853716 0.0181329283169 0.0281133427224 0.021573612902 0.0181246671833 -0.0088110354945 
0.0395519041612 0.0299120298505 0.0282259136041 0.0210918825266 0.313823196209 0.0534627846552 0.0267282291455 0.0294126119699 0.00232031114382 0.0111420371572 0.0276007100649 0.0106376933916 0.00242232996772 -0.000761457430419 0.0241960203165 0.0272651398833 0.00240038655496 0.0210568071279 0.0335065551533 0.0202588535773 
0.0426460583273 0.0614662502197 0.0314157119132 0.0421372222128 0.0534627846552 0.28062680675 0.0193187563359 0.0275877424891 0.00819688488302 0.045145872223 0.0332615171599 0.04370072373 0.0146057244842 -0.00437693899374 0.0410891066632 0.0249478277118 -0.00935650392665 -0.00111781961948 0.00988732042138 -0.00163361263501 
0.0151079819557 0.0146074221039 0.0235714928128 -0.0104376734894 0.0267282291455 0.0193187563359 0.180488188607 0.019071526152 0.00826015493834 0.00938258359605 0.0079720493133 -0.00323213767927 0.01436104295 0.0199239201174 0.0570940059059 0.0335098272167 -0.0119179929439 0.0107491205415 0.0273166680629 0.0197711051961 
0.00974602620415 0.0108881039923 0.0390625571705 0.0144730329629 0.0294126119699 0.0275877424891 0.019071526152 0.146362369175 0.00699090268666 0.017105297905 0.0349810404406 0.0164156378745 0.0140351579583 0.0157793428324 0.0574702431086 0.0350920500656 0.00838702849265 0.0327664022548 0.040653139632 0.0373099791066 
0.0271784581133 0.026328745037 0.00964712151449 0.0456922743343 0.00232031114382 0.00819688488302 0.00826015493834 0.00699090268666 0.498227637043 -0.00451890324243 0.0328501358331 0.0197366961264 0.0131872575404 0.0384630892631 0.0179317596836 0.000552844678596 0.057271309466 0.00436424584083 0.00678737772609 0.0110091239813 
0.0199417256291 0.0423811062113 0.0129360349462 0.0193514322016 0.0111420371572 0.045145872223 0.00938258359605 0.017105297905 -0.00451890324243 0.166546738001 0.01574512754 0.0354513990522 0.00251800977728 0.00677274670394 0.0353038129505 0.00586658911856 0.0326359472337 0.0154028963834 0.0308897922061 -0.0101625124859 
0.00872255178753 0.0249917632938 0.0305675877135 -0.00720800572334 0.0276007100649 0.0332615171599 0.0079720493133 0.0349810404406 0.0328501358331 0.01574512754 0.279640599609 0.0394684053635 0.016620446042 -0.00397620950318 0.0254574691958 0.0194535166397 0.0308451409308 0.0179192796107 0.00585339855995 0.0121481934499 
0.0353284076235 0.0645759156329 0.0498686469066 0.0316652698999 0.0106376933916 0.04370072373 -0.00323213767927 0.0164156378745 0.0197366961264 0.0354513990522 0.0394684053635 0.657075925049 0.00448475660103 0.0108182748829 0.0139345629771 0.0611700164975 0.0054421006891 -0.00178603984433 0.00423743955385 0.0102100866042 
0.010553675126 0.00947803466132 0.0155018205708 0.0243990258403 0.00242232996772 0.0146057244842 0.01436104295 0.0140351579583 0.0131872575404 0.00251800977728 0.016620446042 0.00448475660103 0.310895555865 0.0058433716828 -0.0175224954936 0.0151029232045 0.00708386004968 0.0220993635405 0.00458186884821 0.00328065177543 
0.0330586660904 -0.0094584789044 0.0493749474313 -0.0202028094258 -0.000761457430419 -0.00437693899374 0.0199239201174 0.0157793428324 0.0384630892631 0.00677274670394 -0.00397620950318 0.0108182748829 0.0058433716828 0.398252119253 -0.00078190531766 0.0361669781419 0.0239908350254 0.0216670119621 0.0359188000533 0.0116920379076 
0.122568980583 0.0710311810456 0.0337804561851 -0.00557025853716 0.0241960203165 0.0410891066632 0.0570940059059 0.0574702431086 0.0179317596836 0.0353038129505 0.0254574691958 0.0139345629771 -0.0175224954936 -0.00078190531766 0.894999232036 0.0288488240806 0.043856056398 0.0413979182956 0.037485474142 0.0307695738892 
0.0149858975659 0.0121912649351 0.0570723793396 0.0181329283169 0.0272651398833 0.0249478277118 0.0335098272167 0.0350920500656 0.000552844678596 0.00586658911856 0.0194535166397 0.0611700164975 0.0151029232045 0.0361669781419 0.0288488240806 0.187574463657 0.0122885964557 0.0258887836794 0.0290968220049 0.0363955802992 
0.0047090793543 0.00916532152518 0.0336421050751 0.0281133427224 0.00240038655496 -0.00935650392665 -0.0119179929439 0.00838702849265 0.057271309466 0.0326359472337 0.0308451409308 0.0054421006891 0.00708386004968 0.0239908350254 0.043856056398 0.0122885964557 0.483122440397 0.00123544906988 0.0152836093143 0.0279549734265 
0.00899297656915 -0.00331095102208 0.0486282643944 0.021573612902 0.0210568071279 -0.00111781961948 0.0107491205415 0.0327664022548 0.00436424584083 0.0154028963834 0.0179192796107 -0.00178603984433 0.0220993635405 0.0216670119621 0.0413979182956 0.0258887836794 0.00123544906988 0.248499243652 0.0191338515766 0.0540402675859 
0.0138111073138 0.0693871528612 0.0471741528683 0.0181246671833 0.0335065551533 0.00988732042138 0.0273166680629 0.040653139632 0.00678737772609 0.0308897922061 0.00585339855995 0.00423743955385 0.00458186884821 0.0359188000533 0.037485474142 0.0290968220049 0.0152836093143 0.0191338515766 0.447169307479 0.0348786970757 
0.0237151433177 0.0195584567128 0.0196586150962 -0.0088110354945 0.0202588535773 -0.00163361263501 0.0197711051961 0.0373099791066 0.0110091239813 -0.0101625124859 0.0121481934499 0.0102100866042 0.00328065177543 0.0116920379076 0.0307695738892 0.0363955802992 0.0279549734265 0.0540402675859 0.0348786970757 0.205447012072 
0.0477132916663 0.00254438285345 0.00295600586928 0.00484237850017 0.00342529537716 0.00369325698827 0.00130838961735 0.000844030627874 0.00235372351618 0.00172700409901 0.000755395143383 0.00305952984772 0.000913975076242 0.00286296446495 0.01061478509 0.00129781679906 0.000407818234926 0.000778814616452 0.00119607697882 0.00205379165675 
0.00254438285345 0.0218258514715 0.00183330851718 0.00180116386664 0.00259045777293 0.00532313341657 0.00126503986258 0.000942937465642 0.00228013620518 0.00367031146195 0.00216435018978 0.00559243834107 0.000820821879465 -0.000819128301237 0.00615148072463 0.0010557945138 0.000793740127466 -0.00028673676958 0.00600910370741 0.00169381203721 
0.00295600586928 0.00183330851718 0.0404511919943 0.0016447692643 0.00244443582262 0.00272068045948 0.0020413511581 0.00338291668464 0.000835465230494 0.00112029348877 0.00264723074923 0.00431875150735 0.00134249704193 0.0042759958786 0.00292547332077 0.00494261303625 0.00291349176318 0.00421133123075 0.0040854014786 0.00170248600765 
0.00484237850017 0.00180116386664 0.0016447692643 0.0760212785486 0.00182661060817 0.00364919048812 -0.000903929039824 0.00125340142156 0.00395706703302 0.00167588318862 -0.000624231606704 0.0027422928151 0.00211301762053 -0.00174961461906 -0.000482398539883 0.00157035765674 0.00243468689829 0.00186832968245 0.00156964222159 -0.000763058057188 
0.00342529537716 0.00259045777293 0.00244443582262 0.00182661060817 0.0271778860214 0.00463001296685 0.00231473254381 0.00254720691575 0.000200944839523 0.0009649287228 0.00239029160787 0.000921251271476 0.00020977992884 -6.59441478643e-05 0.00209543682646 0.00236123037767 0.000207879573549 0.00182357298954 0.00290175279561 0.00175446818495 
0.00369325698827 0.00532313341657 0.00272068045948 0.00364919048812 0.00463001296685 0.0243029943628 0.00167305337564 0.00238916858286 0.000709871054059 0.00390974722211 0.00288053188289 0.0037845936914 0.0012648928444 -0.00037905403594 0.00355842101892 0.00216054525677 -0.000810297009109 -9.68060187318e-05 0.000856267066027 -0.000141475004186 
0.00130838961735 0.00126503986258 0.0020413511581 -0.000903929039824 0.00231473254381 0.00167305337564 0.0156307356416 0.00165164261366 0.00071535040158 0.000812555574731 0.000690399722554 -0.000279911333878 0.00124370280195 0.00172546209646 0.00494448595183 0.00290203616461 -0.00103212846516 0.00093090114573 0.00236569284892 0.00171222793607 
0.000844030627874 0.000942937465642 0.00338291668464 0.00125340142156 0.00254720691575 0.00238916858286 0.00165164261366 0.0126753529864 0.000605429932203 0.0014813622525 0.00302944696724 0.00142163594186 0.0012154803338 0.00136653117478 0.00497706904937 0.00303906068277 0.00072633797369 0.00283765367432 0.00352066516649 0.0032311389721 
0.00235372351618 0.00228013620518 0.000835465230494 0.00395706703302 0.000200944839523 0.000709871054059 0.00071535040158 0.000605429932203 0.0431477790547 -0.000391348500519 0.00284490521493 0.00170924802323 0.00114205000363 0.00333100124098 0.00155293594206 4.78777536011e-05 0.00495984089056 0.000377954776652 0.000587804153588 0.000953418104126 
0.00172700409901 0.00367031146195 0.00112029348877 0.00167588318862 0.0009649287228 0.00390974722211 0.000812555574731 0.0014813622525 -0.000391348500519 0.0144233706027 0.00136356804354 0.00307018121789 0.00021806604341 0.000586537069901 0.00305739988656 0.000508061521024 0.00282635593809 0.00133392995599 0.00267513447681 -0.00088009939791 
0.000755395143383 0.00216435018978 0.00264723074923 -0.000624231606704 0.00239029160787 0.00288053188289 0.000690399722554 0.00302944696724 0.00284490521493 0.00136356804354 0.0242175863191 0.00341806416917 0.00143937284946 -0.000344349844052 0.00220468150396 0.00168472396029 0.00267126756294 0.00155185513604 0.000506919185139 0.00105206441377 
0.00305952984772 0.00559243834107 0.00431875150735 0.0027422928151 0.000921251271477 0.0037845936914 -0.000279911333878 0.00142163594186 0.00170924802323 0.00307018121789 0.00341806416917 0.0569044443307 0.000388391314628 0.000936890087371 0.00120676855288 0.00529747882368 0.000471299744671 -0.000154675587736 0.000366973030064 0.000884219437409 
0.000913975076242 0.000820821879465 0.00134249704193 0.00211301762053 0.00020977992884 0.0012648928444 0.00124370280195 0.0012154803338 0.00114205000363 0.00021806604341 0.00143937284946 0.000388391314628 0.0269243449303 0.000506050832106 -0.00151749262352 0.00130795151665 0.000613480275987 0.00191386102336 0.000396801481936 0.000284112777849 
0.00286296446495 -0.000819128301237 0.0042759958786 -0.00174961461906 -6.59441478643e-05 -0.00037905403594 0.00172546209646 0.00136653117478 0.00333100124098 0.000586537069901 -0.000344349844052 0.000936890087371 0.000506050832106 0.0344896452384 -6.77149868448e-05 0.0031321521849 0.002077667259 0.00187641827833 0.00311065933196 0.001012560185 
0.01061478509 0.00615148072463 0.00292547332077 -0.000482398539883 0.00209543682646 0.00355842101892 0.00494448595183 0.00497706904937 0.00155293594206 0.00305739988656 0.00220468150396 0.00120676855288 -0.00151749262352 -6.77149868448e-05 0.0775092071311 0.00249838145231 0.00379804589505 0.00358516489078 0.00324633728799 0.00266472326517 
0.00129781679906 0.0010557945138 0.00494261303625 0.00157035765674 0.00236123037767 0.00216054525677 0.00290203616461 0.00303906068277 4.78777536011e-05 0.000508061521024 0.00168472396029 0.00529747882368 0.00130795151665 0.0031321521849 0.00249838145231 0.0162444250628 0.00106422367075 0.00224203443395 0.00251985870256 0.00315194971246 
0.000407818234926 0.000793740127466 0.00291349176318 0.00243468689829 0.000207879573549 -0.000810297009109 -0.00103212846516 0.00072633797369 0.00495984089056 0.00282635593809 0.00267126756294 0.000471299744671 0.000613480275987 0.002077667259 0.00379804589505 0.00106422367075 0.0418396306522 0.00010699302796 0.00132359939277 0.00242097171495 
0.000778814616452 -0.00028673676958 0.00421133123075 0.00186832968245 0.00182357298954 -9.68060187318e-05 0.00093090114573 0.00283765367432 0.000377954776652 0.00133392995599 0.00155185513604 -0.000154675587736 0.00191386102336 0.00187641827833 0.00358516489078 0.00224203443395 0.00010699302796 0.0215206657824 0.00165704015376 0.00468002445567 
0.00119607697882 0.00600910370741 0.0040854014786 0.00156964222159 0.00290175279561 0.000856267066027 0.00236569284892 0.00352066516649 0.000587804153588 0.00267513447681 0.000506919185139 0.000366973030064 0.000396801481936 0.00311065933196 0.00324633728799 0.00251985870256 0.00132359939277 0.00165704015376 0.038725998007 0.00302058377185 
0.00205379165675 0.00169381203721 0.00170248600765 -0.000763058057188 0.00175446818495 -0.000141475004186 0.00171222793607 0.0032311389721 0.000953418104126 -0.00088009939791 0.00105206441377 0.000884219437409 0.000284112777849 0.001012560185 0.00266472326517 0.00315194971246 0.00242097171495 0.00468002445567 0.00302058377185 0.0177922331586 

['NTAP', 'PPL', 'FSL.B', 'ACS', 'RF', 'EXC', 'RTN', 'GPC', 'LU', 'KSE', 'SWY', 'SUN', 'ABI', 'SLR', 'AVP', 'DHR', 'PFE', 'SPLS', 'HPC', 'WMT']