50
0.357744060202 0.0339335468557 0.0625636206577 0.103166553638 0.0598638009539 0.0316067218978 0.0176756211385 0.0994766710856 0.0678116165217 0.0247676168055 0.0413413845105 0.0194782181544 0.0824662750087 0.0749299903321 0.088181568025 0.0723841835345 0.12260521459 0.165275344352 0.0403512104362 0.13588321519 0.10431458653 0.125568601155 0.0328562524986 0.0649972461493 0.0482129600444 0.10643743266 0.0132966740539 0.0146033592013 0.0217130314185 0.101022755506 0.0415474718814 0.00154943769328 0.0206658862902 0.155431064381 0.0181340887913 0.0593939882808 0.0370780174455 0.0422860283868 0.0573021249509 0.0408960175479 0.036872425502 0.115739319126 0.0731585002716 0.037281538924 -0.00694067656108 0.131188957491 0.0288411222523 0.110374427341 0.0833786368315 0.143828325424 
2.86067457811 -0.00113552817064 -0.00519047856428 -0.0501440054715 0.0370683490036 -0.00549915962824 -0.00672836997246 0.384827168537 -0.00732696703937 -0.0094994138353 -0.00272568548376 -0.00332440321056 0.00778807878264 0.0210118446914 0.0211609390906 0.0404090519028 0.0183136830205 0.0320543397056 0.0069430435531 0.0172498913543 0.0387758351533 0.0636365328275 -0.017422138621 0.0515753739297 0.0368270818346 0.0380237015678 0.00282650737556 0.0509790077213 -0.00766243413956 -0.00991368472615 0.00694380669036 0.00840888607182 0.0716287235791 -0.00267617912098 -0.0374683212991 0.0100756016083 0.0464334701273 -0.0138634145518 0.0320971160264 0.0807473899415 -0.00251351446442 0.0497720329223 0.00822083872369 -0.00422722663964 0.0236751186889 0.0296631298445 0.00956213863875 0.0249801394033 -0.00515110899045 0.0223803562152 
-0.00113552817064 0.289587045416 0.0350102584924 0.0194726529192 0.0161696249253 0.0192882187888 0.00781857680104 0.0277360372843 -0.0213922684576 0.0124255688508 0.0171471677916 0.0215151142132 -0.00130697256647 0.0507633197743 0.0257222824708 0.0132358525533 0.0213407087273 0.0183475454986 0.015246065743 0.0090825723294 0.00393955148934 0.000431587724907 0.00984130991465 0.00618699180487 -0.00215524704179 0.00743639436429 0.0475926520969 -0.000810113673415 0.0138629308298 0.0256003897532 0.0112369458495 0.00986847122022 0.0132006661711 0.0119610601846 -0.00890541093753 0.0215280034571 0.00568517986148 0.0119715442111 0.0106191472995 0.019402291848 -0.0067615757973 0.0170049532458 0.0255731645545 0.0254179303545 0.0365211864969 0.0350432201247 0.019675526497 0.0294610787239 0.00232090233673 0.0194173663951 
-0.00519047856428 0.0350102584924 0.285155760043 0.00269580864174 0.0205959099737 0.0230472695947 0.0132446550746 0.00690604464314 -0.00293342348703 0.02759100922 0.0411933765177 0.0243851027391 0.0122074618945 0.0740104070991 0.0223439928591 0.00309231728382 0.0363959769692 -0.0124823814047 0.0263069648357 0.031411636431 0.00641899204767 -0.0091883025721 0.0033208898612 0.026071543353 0.00946493681184 0.0166649984247 0.0343831977049 0.00566514887965 0.0267003867487 0.00031266840248 0.0222301362914 0.000299291080171 0.0303014730449 0.0177852789754 0.00618995322107 0.0128773010719 0.0350750968432 0.0317558111135 0.0499965642631 0.03025871694 0.0240426347881 0.0534440926485 -0.00744437430774 0.012428505273 0.00792271450893 0.0217295255842 0.0182745457389 -0.00173285779645 0.0167289806967 0.0464414383397 
-0.0501440054715 0.0194726529192 0.00269580864174 0.36342169145 0.029438990348 0.0119038038171 0.00181428916013 -0.0180674804161 -0.000172607871212 0.0172491604552 0.000621946527246 0.0224402551717 -0.0151117219764 0.0375384818083 0.0199695528358 0.0151181392164 0.00988677178631 -0.00341963879884 0.0154032672035 0.0619607578968 0.0382974754673 0.00699801911099 0.00987552439468 0.00235460342711 0.00833700011151 -0.0213485360073 -0.00908543942391 0.00491402328805 0.00479554111588 -0.00838551633553 0.0251417676281 -0.0248470990569 0.0148771250562 0.0253319672473 0.000681919204942 -0.0110612062919 0.014340051904 0.0435269265522 0.00286959259666 0.0219755087711 0.020743150902 0.0353914943292 0.00923836578767 -0.0166684871756 0.00577686963564 0.0360892609371 0.0251895472009 -0.00971666263665 0.037747836291 0.0281199312017 
0.0370683490036 0.0161696249253 0.0205959099737 0.029438990348 0.180061236382 0.0389206043507 0.02600125119 0.0103392735434 0.0198024684916 -0.00140597106464 0.0304103440048 0.033455729653 0.0167255058639 0.0245890449922 0.0184995087664 0.0135591246694 0.0157468143097 -0.0171370196942 0.0131902989628 0.00400790725312 0.0163051738472 0.0312690568866 0.0165229254228 0.0163475086273 0.0275874854533 0.0359747870839 0.00640718752527 0.00564778119103 0.0217385216458 0.0122410813794 0.0339439826691 0.0142109136911 0.0676232471933 0.0326338041029 0.0480661863426 0.00979700501614 0.0127787777855 0.0219568739382 0.0213549469418 0.0157270290144 0.0188277963581 0.0324271838564 0.0191078607846 0.0350746262802 0.00342851670622 0.0279460780319 0.0355081388397 0.023469747433 0.0175812390023 0.0187456868032 
-0.00549915962824 0.0192882187888 0.0230472695947 0.0119038038171 0.0389206043507 0.123836323516 0.0215255547655 0.0174597187641 0.00195500572076 0.025655839195 0.0131519757178 0.0509913001932 0.01041793117 0.0104011896042 0.0230524784375 0.0178693568223 0.0286600399314 0.00435470948852 0.0183258618021 0.0135697076205 0.024628106483 0.0131852716131 0.017510099081 0.00280117031919 0.0172834676472 0.00947751054365 0.00717895495361 0.00439541792405 0.0130029529151 0.0143142509848 0.0258339848848 0.00476041298959 0.0419485873512 0.0167851725412 0.0173568601697 0.016026651017 0.0309902928899 0.0141308273189 0.00761168013395 0.00360440788246 0.00877273586454 0.0294186039692 0.0200669153821 0.00131824152926 0.0160940637089 0.0272565997056 0.0504516481041 0.00248066970141 -0.000555440612152 0.0206371988544 
-0.00672836997246 0.00781857680104 0.0132446550746 0.00181428916013 0.02600125119 0.0215255547655 0.174768388085 0.00824814098925 -0.0104135838501 0.0127796231892 0.0290262123264 0.0257844883038 0.0106504833954 0.0211747747233 0.030054363235 0.0181083274011 0.0324775995357 0.000475669360101 0.0219100235105 -0.0133724072549 0.042028288745 -0.00883786881972 0.000673923948909 0.0114781161285 0.051812268684 0.0220428712067 0.0110428866071 0.0194636404042 0.0102190471701 0.0139684878156 0.0199770347766 0.00731806350065 0.0133127228546 0.00849451255209 0.00334571524198 0.0225832206256 0.00801562311026 0.0064273532436 -0.00331682692697 0.0198360110408 0.0171079500913 0.00370494090625 0.000540032148664 -0.0131981231606 0.0164778842848 0.0177038344639 0.0157349339656 0.0187090705186 0.0178719165291 0.000586564040556 
0.384827168537 0.0277360372843 0.00690604464314 -0.0180674804161 0.0103392735434 0.0174597187641 0.00824814098924 0.224085184794 0.013383756801 -0.0011198812048 0.00517274150435 0.0124593819913 0.0139016880544 0.0129852633093 0.0305454622796 0.00576825922673 0.00891823345712 0.0100942185326 0.0138665052973 0.0230200981413 -0.0116222010371 0.0152848119398 -0.0162971454132 0.00741966260924 0.02350398839 0.00499033780171 0.00381321184526 0.0165771186069 0.00754217105704 0.0115044449877 -0.00137306243159 -0.0249429468275 0.0208022010793 0.0474589277463 0.0194923720953 0.00509518396752 0.0109150549111 0.000741509849571 -0.00471016185588 0.00637111405251 -0.00345516603809 0.0294189924773 0.0106391779974 0.0138508087675 0.0155805348751 0.00369132230109 -0.000644543304474 0.018137429266 0.00951009189089 0.00821650968968 
-0.00732696703937 -0.0213922684576 -0.00293342348703 -0.000172607871212 0.0198024684916 0.00195500572076 -0.0104135838501 0.013383756801 0.238311991577 0.00781841659939 0.010271266902 0.0136115659456 0.0122662750914 0.011850782697 0.00559716020806 -0.0106577604093 0.0110920936496 0.00370463423726 0.0133517461277 -0.00347014490529 -0.0196135385673 0.0213839678482 0.00615868736419 0.021183343571 0.00692011596998 -0.00743821414048 0.0121853381171 -0.00573838043415 -0.0191927356017 0.00623682901625 0.0185148523071 0.0125387434238 0.0148527569602 -0.00326352455986 0.0172773968687 0.0240564770208 0.0255875572274 -0.0144526315876 -0.0126165676071 0.0299336106713 0.00742603029588 0.0317679423607 0.00859173564894 0.0150924681215 0.0120965841925 0.0207090409936 0.00760525065107 0.00537126200959 0.0173977781442 -0.00611325304814 
-0.0094994138353 0.0124255688508 0.02759100922 0.0172491604552 -0.00140597106464 0.025655839195 0.0127796231892 -0.0011198812048 0.00781841659939 0.117557126955 0.0108205986569 0.0249908740965 0.0116622535844 0.0186518175431 0.00814766018466 0.018168864723 0.0367859434355 0.00747521481537 0.0177325069954 0.00880239404958 0.00698449540113 0.00705393263013 0.00668828692285 0.0080380704618 0.00505310911308 0.00964830745471 0.00431158006794 0.0124465538362 -4.19915849376e-05 0.0182921490333 0.00937881282893 0.00774744598573 -0.00144257600929 0.00313187072089 0.0140701076822 0.0134675111856 0.020783529605 0.00188428941543 0.0141740527422 0.014506515544 0.0270439800495 0.0140639362627 0.00652432467555 0.011545737418 0.0140542293553 0.0244906987515 0.0320222619101 0.0201668961561 0.0147341938307 -0.0105771488479 
-0.00272568548376 0.0171471677916 0.0411933765177 0.000621946527245 0.0304103440048 0.0131519757178 0.0290262123264 0.00517274150434 0.010271266902 0.0108205986569 0.226208693517 0.0171007313289 0.0198057191646 0.0201516233593 0.0344374844541 0.0282815190518 0.00879721114113 -0.005412831268 0.0185153657253 -0.0146032452303 0.0285121461595 0.0152213697517 0.00228205111073 0.0210472925036 0.0318435974636 5.86383684852e-05 -0.0111376216131 0.00290473688953 0.0105033468453 0.0215021734598 0.022715432454 0.0200467357131 0.0241916348237 0.00165459469243 0.0187324653658 0.00928121271742 -0.000693178112875 0.0137665307865 0.0257933540464 0.00852066374837 0.0136845999949 0.0100205681125 0.0139602642148 -0.0243442622512 0.0681523111266 0.0358140713175 0.0183814029128 0.0243158199974 0.0179146691849 0.00286140095947 
-0.00332440321056 0.0215151142132 0.0243851027391 0.0224402551717 0.033455729653 0.0509913001932 0.0257844883038 0.0124593819913 0.0136115659456 0.0249908740965 0.0171007313289 0.148569781235 0.00153738314323 0.0144767800645 0.0151202404141 0.0119277105283 0.0317142321093 0.0201385695812 0.00475159951534 0.0016998917865 0.0065787660668 0.00022969780956 0.0233083840546 0.00483414430696 0.0157564775158 0.0164182587578 0.00831358494535 -0.00084832033295 0.0141664684948 0.0248679987993 0.0177495098348 0.0200334434223 0.027215609232 0.0140914443987 0.0195914703897 0.0243324211438 0.0377893415996 0.0105655904448 0.0210125710646 0.01747909763 0.0238644855207 0.0374329575424 0.0153398559879 -0.00298238557074 0.0120784017866 0.0392590203591 0.0649912114721 0.0243448521514 0.0175511033676 0.0360832194577 
0.00778807878264 -0.00130697256647 0.0122074618945 -0.0151117219764 0.0167255058639 0.01041793117 0.0106504833954 0.0139016880544 0.0122662750914 0.0116622535844 0.0198057191646 0.00153738314323 0.40371146049 0.0302661028873 -0.0028142585992 0.0195979185974 0.0195025451592 -0.0305355159549 0.0193843033449 -0.0114941389294 0.0125202554372 -0.00339010511689 0.039974775635 -0.00773402119692 0.0116367800062 0.106038834572 -0.00833857570144 -0.00667240539469 0.0224855609485 0.00336513946844 0.00748109666146 0.0343570244635 0.0412075678479 0.0110894637984 0.00422701541254 0.00812640980364 0.0211175491241 -0.00100393547746 0.0158064865656 0.0311684528304 0.00362150282863 0.0502087597428 -0.00666073772114 -0.00140989909706 -0.00355150625631 0.000341794034312 -0.00446145661351 0.203749696522 -0.0016423444292 -0.0153628866399 
0.0210118446914 0.0507633197743 0.0740104070991 0.0375384818083 0.0245890449922 0.0104011896042 0.0211747747233 0.0129852633093 0.011850782697 0.0186518175431 0.0201516233593 0.0144767800645 0.0302661028873 0.413882503807 0.0354824868661 0.00720991247534 0.0533668837485 -0.0228722302174 0.0292978994548 0.0108634293923 0.0254640076005 0.0678629156395 -0.00245528008405 0.0444310898783 0.00502998566066 0.00615251268591 0.044664592307 -0.0102984097832 0.0126224214056 0.00600336007116 0.0157098983242 -0.00155526265733 0.0126535404012 -0.00502749739582 0.0405836845561 0.0104179109997 0.0262973256402 0.0407927693064 0.0434291323617 0.0131146167306 0.0136162141465 0.0327054780252 0.039805445692 0.0265699996193 0.0207893393623 0.0216780254898 0.0104227292607 0.0363538006434 0.0368552680295 0.0476634024584 
0.0211609390906 0.0257222824708 0.0223439928591 0.0199695528358 0.0184995087664 0.0230524784375 0.030054363235 0.0305454622796 0.00559716020806 0.00814766018466 0.0344374844541 0.0151202404141 -0.0028142585992 0.0354824868661 0.36084495776 0.0139096177639 0.00692376676637 -0.00465300505166 0.0146736978492 0.0290688257117 0.0119177624262 0.00943432666227 0.00777721820999 0.0200921622331 0.0114568024599 0.0304561565121 0.0140074126042 0.0304125904093 0.0508969186064 0.0063553932001 0.0183778557349 0.00481474891172 0.00895953894151 0.0200483757158 0.00667208478327 0.0180247120834 0.00443960262427 0.00168619394999 -0.00237079211834 0.0339549065459 0.0101608140786 -0.0114130813104 0.0624877898333 0.0500458052422 0.0782708950536 0.0142542737165 -0.00915329895015 0.030182913402 0.0212137346947 0.0266734173216 
0.0404090519028 0.0132358525533 0.00309231728382 0.0151181392164 0.0135591246694 0.0178693568223 0.0181083274011 0.00576825922673 -0.0106577604093 0.018168864723 0.0282815190518 0.0119277105283 0.0195979185974 0.00720991247534 0.0139096177639 0.328861111575 0.0203387928906 -0.011682931621 0.0243279134154 0.000142804410444 0.0312405470736 0.014941665939 0.0442091535287 0.0191060021417 -0.00899571469196 0.0791697300578 0.0037171721085 0.0180305452876 0.0251197474901 0.00557446808391 0.0388856585775 0.00447665333885 0.000115510755849 0.00490667241172 0.000900226059055 0.00698022966049 0.00299754301382 0.00171125721604 0.0151264012695 0.00213608058485 0.0138734034293 0.00172568252071 0.00328559269445 0.0472393876714 0.0356866687877 0.0520469175871 0.00819017695932 0.0210854720754 0.0105883728427 -0.00233994048999 
0.0183136830205 0.0213407087273 0.0363959769692 0.00988677178631 0.0157468143097 0.0286600399314 0.0324775995357 0.00891823345712 0.0110920936496 0.0367859434355 0.00879721114113 0.0317142321093 0.0195025451592 0.0533668837485 0.00692376676637 0.0203387928906 0.199841741506 -0.00627727541993 0.0210115232516 -0.00364625006342 0.0275252748475 0.0256513999999 0.0184437569754 0.0316814601505 0.0134663923216 0.0215222355904 0.0147716147891 0.0209494156551 0.0158306715995 -2.54258996826e-05 0.0172918852805 0.0153111120095 0.0201226172609 0.0197528019853 0.0010367613558 0.0167809661292 0.0253241083965 0.0164959406595 0.00510248993602 0.00305973315654 0.0257897164052 0.0208816244245 0.0289470081354 0.0304773029473 0.0182979637572 0.0565327371409 0.0256197473082 0.0322635157228 0.0243242269038 0.0270994745705 
0.0320543397056 0.0183475454986 -0.0124823814047 -0.00341963879884 -0.0171370196942 0.00435470948852 0.000475669360101 0.0100942185326 0.00370463423726 0.00747521481537 -0.005412831268 0.0201385695812 -0.0305355159549 -0.0228722302174 -0.00465300505166 -0.011682931621 -0.00627727541993 1.35250554681 0.0461294865859 0.01860961651 0.0119600490588 -0.00398780082534 0.00409172499249 0.0103740883998 -0.00308778137622 0.00618614099089 -0.0281647196773 -0.00603116234494 0.0174425979392 0.24075871049 -0.0184375888899 -0.00315806863544 0.00363633914673 0.00558068986779 -0.0203073540492 -0.0101366011499 0.00301035805722 -0.00844370398972 -0.0165186595842 0.00488442630952 -0.00484346423348 -0.0196089921208 0.000653134387175 0.0299239835694 -0.0256183006192 -0.0184684111174 -0.00481812748599 -0.018384890401 -0.00743323981537 -0.0236825450567 
0.0069430435531 0.015246065743 0.0263069648357 0.0154032672035 0.0131902989628 0.0183258618021 0.0219100235105 0.0138665052973 0.0133517461277 0.0177325069954 0.0185153657253 0.00475159951534 0.0193843033449 0.0292978994548 0.0146736978492 0.0243279134154 0.0210115232516 0.0461294865859 0.167154263748 -0.00674261332096 0.0235996957177 0.0282686590502 0.031009878641 0.0261130833202 0.0129877348492 0.0160328159813 0.00522845239268 -0.000893778058644 0.0163421113238 -0.000475382855319 0.0054053657128 0.0162759164661 0.0127795708761 0.0304060762722 0.0137133343471 -0.00937683754151 0.0107658693197 -0.0171270792133 0.0308509519288 0.0217769174337 0.0128496929757 0.0200253323759 0.0256006283756 0.0132263114896 0.0274514940164 0.0127637828749 0.00709416927172 0.0138214739273 -0.00976935978417 0.00270521071558 
0.0172498913543 0.0090825723294 0.031411636431 0.0619607578968 0.00400790725312 0.0135697076205 -0.0133724072549 0.0230200981413 -0.00347014490529 0.00880239404958 -0.0146032452303 0.0016998917865 -0.0114941389294 0.0108634293923 0.0290688257117 0.000142804410444 -0.00364625006342 0.01860961651 -0.00674261332096 1.1967428328 0.101041871332 0.0894943302583 -0.00520829070405 0.0266072206767 0.0347163097226 -0.0347111137643 0.0247186617143 -0.0050069856946 0.00237465595053 0.0320295471449 0.00143195752269 -0.0071794123099 0.000831605989801 0.00400342352614 0.0452109216974 0.01343486723 0.0799848629011 0.0115733472914 0.0117553064672 0.00107746918012 0.0355553144855 0.00348150914007 0.0162861708904 -0.0073490678879 -0.00158668260802 -0.00144672754613 -0.00114514080566 -0.00739142351188 0.0114895320261 0.0171860996803 
0.0387758351533 0.00393955148934 0.00641899204767 0.0382974754673 0.0163051738472 0.024628106483 0.042028288745 -0.0116222010371 -0.0196135385673 0.00698449540113 0.0285121461595 0.0065787660668 0.0125202554372 0.0254640076005 0.0119177624262 0.0312405470736 0.0275252748475 0.0119600490588 0.0235996957177 0.101041871332 0.549148685509 0.0358827427655 0.0384144264359 0.0684064358707 0.0291496359812 0.05096087875 0.0361254836217 0.00564564123757 0.00744647391669 -0.0183498340826 0.00793553512784 0.00275400941413 0.0188292369072 -0.00713148409065 0.0368111989574 0.0170987564567 0.0126796931542 0.0208283237532 0.0258498703284 0.022189766171 0.00878211147835 0.000926084691261 -0.00578968673876 0.0241871587588 0.0920626864504 0.0505453046056 0.0161698049643 -0.0290147649968 0.021337361761 0.0114504156679 
0.0636365328275 0.000431587724907 -0.0091883025721 0.00699801911099 0.0312690568866 0.0131852716131 -0.00883786881972 0.0152848119398 0.0213839678482 0.00705393263013 0.0152213697517 0.00022969780956 -0.00339010511689 0.0678629156395 0.00943432666227 0.014941665939 0.0256513999999 -0.00398780082534 0.0282686590502 0.0894943302583 0.0358827427655 0.821404176882 0.028304439641 0.0241579211906 0.0329353798167 -0.00697939984655 0.0228472994279 0.0054462946596 0.0375248773009 -0.0224461789655 -0.0021633982321 0.0505466498813 0.0317967728908 -0.00562003521003 0.0333544796083 -0.0120289078607 -0.00167402701975 -0.00205162543185 -0.00213175723845 0.00032410835499 0.00810406960123 0.00764043170906 0.0209665979286 0.0191226638126 0.0470966428431 0.0253343985981 -0.0124274937726 -0.012747003646 0.033734853053 -0.036404955491 
-0.017422138621 0.00984130991465 0.0033208898612 0.00987552439468 0.0165229254228 0.017510099081 0.00067392394891 -0.0162971454132 0.00615868736419 0.00668828692285 0.00228205111073 0.0233083840546 0.039974775635 -0.00245528008405 0.00777721820999 0.0442091535287 0.0184437569754 0.00409172499249 0.031009878641 -0.00520829070405 0.0384144264359 0.028304439641 0.310271257862 0.00961146792487 0.0135189756781 0.0185364149861 0.0735673691495 0.0105359825286 0.00981837766962 -0.00485878272687 0.0175680916765 0.00864633266175 0.0258655630667 0.0226261654282 0.0359415223365 0.0133169065551 -0.00311959908171 0.0258873852785 -0.000274402316271 -0.0222715435975 0.00161888668984 0.0284752105794 0.0303779912562 0.0383041288229 -0.0174314446003 0.0348243287975 8.46392555045e-05 0.022442790389 0.0326285195838 -0.00490667592551 
0.0515753739297 0.00618699180487 0.026071543353 0.00235460342711 0.0163475086273 0.00280117031919 0.0114781161285 0.00741966260924 0.021183343571 0.0080380704618 0.0210472925036 0.00483414430696 -0.00773402119692 0.0444310898783 0.0200921622331 0.0191060021417 0.0316814601505 0.0103740883998 0.0261130833202 0.0266072206767 0.0684064358707 0.0241579211906 0.00961146792487 0.260820536348 -0.0201163062543 0.00705351116236 0.0160761589064 -0.0178510465512 0.0118179575782 -0.0159363408326 0.000334798800784 0.0105684581281 0.0153065347551 0.0343735341203 0.00421825583687 0.0578106075284 0.0122600011396 0.0156668797417 0.0135146468609 0.00885176752872 0.0112340905493 0.0456194636186 -0.0107454684623 0.0163246819944 0.0289255552048 0.0318763489539 0.0157017074654 0.00234404348671 0.019248734973 -0.00606942091315 
0.0368270818346 -0.00215524704179 0.00946493681185 0.00833700011151 0.0275874854533 0.0172834676472 0.051812268684 0.02350398839 0.00692011596998 0.00505310911307 0.0318435974636 0.0157564775158 0.0116367800062 0.00502998566066 0.0114568024599 -0.00899571469196 0.0134663923216 -0.00308778137622 0.0129877348492 0.0347163097226 0.0291496359812 0.0329353798167 0.0135189756781 -0.0201163062543 0.270526393063 0.0438854817943 0.027386006536 0.0126091334427 0.00676592025757 0.00352544895197 0.0330802512563 -0.00413232812073 0.0269305392582 0.0273933447456 0.0205448307065 0.0157657577049 0.0197051239075 0.00282364967649 0.0277906181488 0.0328552962473 0.0016269783249 0.00299594790921 -0.0127534810961 0.034182803264 0.00862399948164 -0.00621487122356 0.0153224022656 0.0116520123678 0.00675761560284 0.00550267995788 
0.0380237015678 0.00743639436429 0.0166649984247 -0.0213485360073 0.0359747870839 0.00947751054365 0.0220428712067 0.00499033780171 -0.00743821414048 0.00964830745471 5.86383684852e-05 0.0164182587578 0.106038834572 0.00615251268591 0.0304561565121 0.0791697300578 0.0215222355904 0.00618614099089 0.0160328159813 -0.0347111137643 0.05096087875 -0.00697939984655 0.0185364149861 0.00705351116236 0.0438854817943 0.466016464991 0.00431782964528 0.00199359244782 0.0181329724418 -0.0230681533516 -0.0101576345053 0.0118014772862 0.0417952027205 0.00415220052507 0.0465238475267 0.00499432831536 0.0153901694357 -0.0177334432589 0.00833045077153 0.0182823044828 -0.00443135327944 -0.0207944320538 -0.0040224275501 0.0576880844408 0.0028639122795 0.0183516994655 0.00243581149447 0.176776449924 0.0133026030709 0.00866382898247 
0.00282650737556 0.0475926520969 0.0343831977049 -0.00908543942391 0.00640718752527 0.00717895495361 0.0110428866071 0.00381321184526 0.0121853381171 0.00431158006794 -0.0111376216131 0.00831358494535 -0.00833857570144 0.044664592307 0.0140074126042 0.0037171721085 0.0147716147891 -0.0281647196773 0.00522845239268 0.0247186617143 0.0361254836217 0.0228472994279 0.0735673691495 0.0160761589064 0.027386006536 0.00431782964528 0.277807948525 0.00629362004796 0.034685357181 0.00202996482887 0.0246897425206 0.0145778176636 0.00292842454174 0.01134099175 -0.0040268462395 0.0156953224721 0.0140178308868 0.00548009757572 -0.000697165236417 0.00866176387777 -0.000547311601314 0.0116915803861 0.0242535203797 0.0385351271944 0.0317527914054 0.0199541385475 0.0136569546853 -0.00579008795137 -0.0120182042934 0.00886953771821 
0.0509790077213 -0.000810113673414 0.00566514887965 0.00491402328805 0.00564778119103 0.00439541792405 0.0194636404042 0.0165771186069 -0.00573838043415 0.0124465538362 0.00290473688953 -0.00084832033295 -0.00667240539469 -0.0102984097832 0.0304125904093 0.0180305452876 0.0209494156551 -0.00603116234494 -0.000893778058645 -0.0050069856946 0.00564564123757 0.0054462946596 0.0105359825286 -0.0178510465512 0.0126091334427 0.00199359244782 0.00629362004796 0.165679136267 0.00958553931472 0.0172634299453 0.00669655692194 -0.00288241612913 0.00670477594638 0.0131878791519 0.025245950605 0.00461725790241 -0.0111840229569 0.0219839947179 -0.00809961226062 -0.00641544773758 -0.00254002255769 -0.0134647276909 0.0171467874925 0.00149874331433 0.00668172967574 0.021689920429 -0.000639582108145 0.0130169442894 0.0131937300027 -0.00380924503529 
-0.00766243413956 0.0138629308298 0.0267003867487 0.00479554111587 0.0217385216458 0.0130029529151 0.0102190471701 0.00754217105704 -0.0191927356017 -4.19915849388e-05 0.0105033468453 0.0141664684948 0.0224855609485 0.0126224214056 0.0508969186064 0.0251197474901 0.0158306715995 0.0174425979392 0.0163421113238 0.00237465595053 0.00744647391669 0.0375248773009 0.00981837766962 0.0118179575782 0.00676592025757 0.0181329724418 0.034685357181 0.00958553931472 0.260497076617 0.00929479371515 0.0104405940461 0.00548854860728 0.0250785288064 0.0147498140668 -0.00230339766078 -0.00392194850806 0.016863481867 0.0109446923992 0.0165579184555 0.0114475538416 0.0241125147928 0.0156708021424 -0.00612826976142 0.0215280039803 0.0467480737755 -0.0128346402731 0.00790787224286 0.0283548634184 0.0399412691931 -0.0187786234293 
-0.00991368472615 0.0256003897532 0.000312668402481 -0.00838551633553 0.0122410813794 0.0143142509848 0.0139684878156 0.0115044449877 0.00623682901625 0.0182921490333 0.0215021734598 0.0248679987993 0.00336513946844 0.00600336007116 0.0063553932001 0.00557446808391 -2.54258996828e-05 0.24075871049 -0.000475382855318 0.0320295471449 -0.0183498340826 -0.0224461789655 -0.00485878272687 -0.0159363408326 0.00352544895197 -0.0230681533516 0.00202996482887 0.0172634299453 0.00929479371515 0.394647024698 0.0134572093278 -0.00779059006349 0.0385498722349 0.00558016501218 0.00789570613137 0.0254358253473 0.00232932680191 0.00990526731391 0.0373018444565 0.00979246589864 -0.00343082724081 0.0404526537977 0.0319792797597 0.0498821103651 0.00234555635824 0.0212324395557 0.00947138781557 0.00299351541878 0.00598391250126 -0.00209235862859 
0.00694380669036 0.0112369458495 0.0222301362914 0.0251417676281 0.0339439826691 0.0258339848848 0.0199770347766 -0.00137306243159 0.0185148523071 0.00937881282893 0.022715432454 0.0177495098348 0.00748109666146 0.0157098983242 0.0183778557349 0.0388856585775 0.0172918852805 -0.0184375888899 0.0054053657128 0.00143195752269 0.00793553512784 -0.0021633982321 0.0175680916765 0.000334798800784 0.0330802512563 -0.0101576345053 0.0246897425206 0.00669655692194 0.0104405940461 0.0134572093278 0.167794053361 0.000969873455189 0.0113707691801 0.0475928757339 0.0231430622666 0.0172792520379 0.0264291527726 0.00452037198665 0.0158975413339 -0.00269951134221 0.0176059799654 0.0210241764683 0.0170867308509 0.0296019318126 0.0296379943998 -0.000700538283973 0.0161401305852 -0.0083712401863 0.0124951437545 -0.00347192790955 
0.00840888607182 0.00986847122022 0.000299291080171 -0.0248470990569 0.0142109136911 0.00476041298959 0.00731806350065 -0.0249429468275 0.0125387434238 0.00774744598573 0.0200467357131 0.0200334434223 0.0343570244635 -0.00155526265733 0.00481474891172 0.00447665333886 0.0153111120095 -0.00315806863544 0.0162759164661 -0.0071794123099 0.00275400941413 0.0505466498813 0.00864633266175 0.0105684581281 -0.00413232812073 0.0118014772862 0.0145778176636 -0.00288241612913 0.00548854860728 -0.00779059006349 0.00096987345519 0.28399027867 0.00930195535096 0.0029421559156 -0.0153569086545 0.0179000547213 0.0171434245256 -0.00559603860871 0.0468537693381 0.0166344975144 -0.00278941881842 0.0293017298024 0.0159961204827 0.00372710619937 -0.00482726990975 -0.00216040765776 0.00657894442248 0.0198315319624 0.0286839191061 0.010948300516 
0.0716287235791 0.0132006661711 0.0303014730449 0.0148771250562 0.0676232471933 0.0419485873512 0.0133127228546 0.0208022010793 0.0148527569602 -0.00144257600929 0.0241916348237 0.027215609232 0.0412075678479 0.0126535404012 0.00895953894151 0.000115510755849 0.0201226172609 0.00363633914673 0.0127795708761 0.0008316059898 0.0188292369072 0.0317967728908 0.0258655630667 0.0153065347551 0.0269305392582 0.0417952027205 0.00292842454174 0.00670477594638 0.0250785288064 0.0385498722349 0.0113707691801 0.00930195535096 0.19195827965 0.03311852128 0.0346588815034 0.0239477554449 0.0212223505883 0.0196778847313 0.026646756053 0.0128016184623 0.0242062399017 0.0518432560482 0.0266364847231 0.0408537935938 0.0164578922215 0.0253708834235 0.0298542372973 0.0122026296603 0.011861365873 0.0186856015177 
-0.00267617912098 0.0119610601846 0.0177852789754 0.0253319672473 0.0326338041029 0.0167851725412 0.00849451255209 0.0474589277463 -0.00326352455986 0.00313187072089 0.00165459469243 0.0140914443987 0.0110894637984 -0.00502749739582 0.0200483757158 0.00490667241172 0.0197528019853 0.00558068986779 0.0304060762722 0.00400342352614 -0.00713148409065 -0.00562003521003 0.0226261654282 0.0343735341203 0.0273933447456 0.00415220052507 0.0113409917499 0.0131878791519 0.0147498140669 0.00558016501218 0.0475928757339 0.0029421559156 0.03311852128 0.69896919669 0.0171242914881 0.000719333291252 0.00376789941234 0.0322070055298 0.0102573070671 0.0474576723447 0.00630850515982 0.0142700166557 0.0215821511931 0.0435371497068 0.0341975926425 0.00517787450221 0.00635889639173 -0.0038602653007 0.0946374689057 -0.00527989855277 
-0.0374683212991 -0.00890541093753 0.00618995322107 0.000681919204942 0.0480661863426 0.0173568601697 0.00334571524198 0.0194923720953 0.0172773968687 0.0140701076822 0.0187324653658 0.0195914703897 0.00422701541254 0.0405836845561 0.00667208478327 0.000900226059055 0.0010367613558 -0.0203073540492 0.0137133343471 0.0452109216974 0.0368111989574 0.0333544796083 0.0359415223365 0.00421825583687 0.0205448307065 0.0465238475267 -0.0040268462395 0.025245950605 -0.00230339766078 0.00789570613137 0.0231430622666 -0.0153569086545 0.0346588815034 0.0171242914881 0.278965237784 0.00595495822518 0.0248305031883 0.0049966299722 0.0289624003906 0.000141687844086 0.0207242287487 0.0419033806741 0.0187902429372 0.0224088977874 0.00585180978239 0.0295886352293 -0.00671685953956 0.0288074579844 0.0156043297477 -0.00423370733889 
0.0100756016083 0.0215280034571 0.0128773010719 -0.0110612062919 0.00979700501614 0.016026651017 0.0225832206256 0.00509518396751 0.0240564770208 0.0134675111856 0.00928121271742 0.0243324211438 0.00812640980364 0.0104179109997 0.0180247120834 0.00698022966049 0.0167809661292 -0.0101366011499 -0.00937683754151 0.01343486723 0.0170987564567 -0.0120289078607 0.0133169065551 0.0578106075284 0.0157657577049 0.00499432831536 0.0156953224721 0.00461725790241 -0.00392194850806 0.0254358253473 0.0172792520379 0.0179000547213 0.0239477554449 0.000719333291252 0.00595495822518 0.220991361578 0.0205400134147 0.0224124856286 0.00549337113943 0.0156701816711 0.00673187881286 0.00544314623979 0.0187613117969 0.0143062743922 0.00959072169644 0.0208663283693 0.0205615220353 0.0121944001823 0.0371717227214 0.0323078996699 
0.0464334701273 0.00568517986148 0.0350750968432 0.014340051904 0.0127787777855 0.0309902928899 0.00801562311026 0.0109150549111 0.0255875572274 0.020783529605 -0.000693178112877 0.0377893415996 0.0211175491241 0.0262973256402 0.00443960262427 0.00299754301382 0.0253241083965 0.00301035805722 0.0107658693197 0.0799848629011 0.0126796931542 -0.00167402701975 -0.00311959908171 0.0122600011396 0.0197051239075 0.0153901694357 0.0140178308868 -0.0111840229569 0.016863481867 0.00232932680191 0.0264291527726 0.0171434245256 0.0212223505883 0.00376789941234 0.0248305031883 0.0205400134147 0.165515508138 -0.0071686298175 0.0146179900573 0.0267889860007 0.0369368738821 0.0304249282619 -0.0187418552155 -0.00417084452278 0.00405956560811 0.0131390583605 0.0391814491366 0.0166856230312 0.00356110037561 0.0146995900456 
-0.0138634145518 0.0119715442111 0.0317558111135 0.0435269265522 0.0219568739382 0.0141308273189 0.0064273532436 0.000741509849571 -0.0144526315876 0.00188428941542 0.0137665307865 0.0105655904448 -0.00100393547746 0.0407927693064 0.00168619394999 0.00171125721604 0.0164959406595 -0.00844370398972 -0.0171270792133 0.0115733472914 0.0208283237532 -0.00205162543185 0.0258873852785 0.0156668797417 0.00282364967649 -0.0177334432589 0.00548009757572 0.0219839947179 0.0109446923992 0.00990526731392 0.00452037198665 -0.00559603860871 0.0196778847313 0.0322070055298 0.0049966299722 0.0224124856286 -0.0071686298175 0.224878066032 0.0291025222647 -0.0121483833188 -0.0133132862811 0.00658515363067 -0.00166362626985 -0.00654194694693 0.00425472203674 0.0413294027135 0.00956528145387 -0.0177301375902 0.0673908183763 0.0215467821316 
0.0320971160264 0.0106191472995 0.0499965642631 0.00286959259666 0.0213549469418 0.00761168013395 -0.00331682692697 -0.00471016185588 -0.0126165676071 0.0141740527422 0.0257933540464 0.0210125710646 0.0158064865656 0.0434291323617 -0.00237079211834 0.0151264012695 0.00510248993602 -0.0165186595842 0.0308509519288 0.0117553064672 0.0258498703284 -0.00213175723845 -0.00027440231627 0.0135146468609 0.0277906181488 0.00833045077153 -0.000697165236416 -0.00809961226062 0.0165579184555 0.0373018444565 0.0158975413339 0.0468537693381 0.026646756053 0.0102573070671 0.0289624003906 0.00549337113943 0.0146179900573 0.0291025222647 0.313013142219 0.00741608874251 0.0193667766975 0.0285394866738 -0.0120419003478 0.0143173760915 -0.000104281966833 0.0351932941717 0.0126356021985 0.0106056241268 0.00840935932092 0.0605034925032 
0.0807473899415 0.019402291848 0.03025871694 0.0219755087711 0.0157270290144 0.00360440788246 0.0198360110408 0.00637111405251 0.0299336106713 0.014506515544 0.00852066374837 0.01747909763 0.0311684528304 0.0131146167306 0.0339549065459 0.00213608058485 0.00305973315654 0.00488442630952 0.0217769174337 0.00107746918012 0.022189766171 0.000324108354991 -0.0222715435975 0.00885176752872 0.0328552962473 0.0182823044828 0.00866176387777 -0.00641544773758 0.0114475538416 0.00979246589864 -0.00269951134221 0.0166344975144 0.0128016184623 0.0474576723447 0.000141687844086 0.0156701816711 0.0267889860007 -0.0121483833188 0.00741608874251 0.185589759701 0.0162919523471 0.0271618303083 0.00802529291206 0.0151877330335 0.0157434169836 0.0453132683563 0.000376259895879 0.0183217482153 0.0213809236547 0.0233174364676 
-0.00251351446442 -0.0067615757973 0.0240426347881 0.020743150902 0.0188277963581 0.00877273586454 0.0171079500913 -0.00345516603809 0.00742603029588 0.0270439800495 0.0136845999949 0.0238644855207 0.00362150282863 0.0136162141465 0.0101608140786 0.0138734034293 0.0257897164052 -0.00484346423348 0.0128496929757 0.0355553144855 0.00878211147835 0.00810406960123 0.00161888668984 0.0112340905493 0.0016269783249 -0.00443135327944 -0.000547311601316 -0.0025400225577 0.0241125147928 -0.00343082724081 0.0176059799654 -0.00278941881842 0.0242062399017 0.00630850515982 0.0207242287487 0.00673187881286 0.0369368738821 -0.0133132862811 0.0193667766975 0.0162919523471 0.166425618964 0.0611143530235 0.0084256396444 0.00483839715534 0.00159166248827 0.00261211799069 0.024177973908 0.0162706154278 0.00397286637192 0.00786000802131 
0.0497720329223 0.0170049532458 0.0534440926485 0.0353914943292 0.0324271838564 0.0294186039692 0.00370494090625 0.0294189924773 0.0317679423607 0.0140639362627 0.0100205681125 0.0374329575424 0.0502087597428 0.0327054780252 -0.0114130813104 0.00172568252071 0.0208816244245 -0.0196089921208 0.0200253323759 0.00348150914007 0.000926084691261 0.00764043170906 0.0284752105794 0.0456194636186 0.00299594790921 -0.0207944320538 0.0116915803861 -0.0134647276909 0.0156708021424 0.0404526537977 0.0210241764683 0.0293017298024 0.0518432560482 0.0142700166557 0.0419033806741 0.00544314623979 0.0304249282619 0.00658515363067 0.0285394866738 0.0271618303083 0.0611143530235 0.342108201048 -0.0257136146351 0.0361899361876 0.00346893047276 0.0212283493372 0.0240538615878 0.0184696592084 0.0368003867913 0.00308022356397 
0.00822083872369 0.0255731645545 -0.00744437430774 0.00923836578767 0.0191078607846 0.0200669153821 0.000540032148665 0.0106391779974 0.00859173564894 0.00652432467555 0.0139602642148 0.0153398559879 -0.00666073772114 0.039805445692 0.0624877898333 0.00328559269445 0.0289470081354 0.000653134387175 0.0256006283756 0.0162861708904 -0.00578968673876 0.0209665979286 0.0303779912562 -0.0107454684623 -0.0127534810961 -0.0040224275501 0.0242535203797 0.0171467874925 -0.00612826976142 0.0319792797597 0.0170867308509 0.0159961204827 0.0266364847231 0.0215821511931 0.0187902429372 0.0187613117969 -0.0187418552155 -0.00166362626985 -0.0120419003478 0.00802529291206 0.0084256396444 -0.0257136146351 0.330476903182 -0.00665630535671 0.0216174649765 0.0348822473448 0.00730483043472 0.00393008268301 0.0189171000267 -0.00121208434382 
-0.00422722663964 0.0254179303545 0.012428505273 -0.0166684871756 0.0350746262802 0.00131824152926 -0.0131981231606 0.0138508087675 0.0150924681215 0.011545737418 -0.0243442622512 -0.00298238557074 -0.00140989909706 0.0265699996193 0.0500458052422 0.0472393876714 0.0304773029473 0.0299239835694 0.0132263114896 -0.0073490678879 0.0241871587588 0.0191226638126 0.0383041288229 0.0163246819943 0.034182803264 0.0576880844408 0.0385351271944 0.00149874331433 0.0215280039803 0.0498821103651 0.0296019318126 0.00372710619937 0.0408537935938 0.0435371497068 0.0224088977874 0.0143062743922 -0.00417084452278 -0.00654194694693 0.0143173760915 0.0151877330335 0.00483839715534 0.0361899361876 -0.00665630535671 0.369487765084 0.0139630758341 0.0148825657251 0.00417466227174 -0.00282497519226 0.0138772013331 -0.00335003940382 
0.0236751186889 0.0365211864969 0.00792271450893 0.00577686963564 0.00342851670622 0.0160940637089 0.0164778842848 0.0155805348751 0.0120965841925 0.0140542293553 0.0681523111266 0.0120784017866 -0.0035515062563 0.0207893393623 0.0782708950536 0.0356866687877 0.0182979637572 -0.0256183006192 0.0274514940164 -0.00158668260802 0.0920626864504 0.0470966428431 -0.0174314446003 0.0289255552048 0.00862399948164 0.0028639122795 0.0317527914054 0.00668172967574 0.0467480737755 0.00234555635824 0.0296379943998 -0.00482726990975 0.0164578922215 0.0341975926425 0.00585180978239 0.00959072169644 0.00405956560811 0.00425472203674 -0.000104281966834 0.0157434169836 0.00159166248827 0.00346893047276 0.0216174649765 0.0139630758341 0.367880847383 0.0204520061351 -0.00303737867403 0.0349801297466 0.00331054206934 0.0166105512582 
0.0296631298445 0.0350432201247 0.0217295255842 0.0360892609371 0.0279460780319 0.0272565997056 0.0177038344639 0.00369132230109 0.0207090409936 0.0244906987515 0.0358140713174 0.0392590203591 0.000341794034312 0.0216780254898 0.0142542737165 0.0520469175871 0.0565327371409 -0.0184684111174 0.0127637828749 -0.00144672754613 0.0505453046056 0.0253343985981 0.0348243287975 0.0318763489539 -0.00621487122356 0.0183516994655 0.0199541385475 0.021689920429 -0.0128346402731 0.0212324395557 -0.000700538283972 -0.00216040765776 0.0253708834235 0.00517787450221 0.0295886352293 0.0208663283693 0.0131390583605 0.0413294027135 0.0351932941717 0.0453132683563 0.00261211799069 0.0212283493372 0.0348822473448 0.0148825657251 0.0204520061351 0.385736391325 0.0414969861071 0.035962017742 0.0670337428469 0.0110915118354 
0.00956213863875 0.019675526497 0.0182745457389 0.0251895472009 0.0355081388397 0.0504516481041 0.0157349339656 -0.000644543304474 0.00760525065107 0.0320222619101 0.0183814029128 0.0649912114721 -0.00446145661351 0.0104227292607 -0.00915329895015 0.00819017695932 0.0256197473082 -0.00481812748599 0.00709416927171 -0.00114514080566 0.0161698049643 -0.0124274937726 8.4639255505e-05 0.0157017074654 0.0153224022656 0.00243581149447 0.0136569546853 -0.000639582108145 0.00790787224286 0.00947138781557 0.0161401305852 0.00657894442248 0.0298542372973 0.00635889639173 -0.00671685953956 0.0205615220353 0.0391814491366 0.00956528145387 0.0126356021985 0.000376259895879 0.024177973908 0.0240538615878 0.00730483043472 0.00417466227174 -0.00303737867403 0.0414969861071 0.165161693726 0.00506092010595 0.0114753620481 0.0221608845148 
