20
0.0336878097659 0.0493961611292 0.131188957491 0.0431194173031 0.0123351660469 0.070995024039 0.0607700526619 0.00792878112812 0.0485945029431 0.0373342989671 0.0665048210348 0.139274044211 0.0121413644826 0.125568601155 0.13534553156 0.0135435889675 0.0540494724418 0.0498180241401 0.0205902908148 0.046041615311 
0.35046998051 0.0159995343839 0.0699049993183 0.0274098179727 0.0110754613384 0.0287266438888 0.0272019797167 0.00782929895169 0.0390506704434 0.0227452186276 0.044980322994 0.034936042957 0.0208361790088 0.00290170817844 0.0670298374366 0.0368764989595 0.0221172833455 0.00939142425125 0.0380644939883 0.0300025804812 
0.0159995343839 0.410706249314 0.0087557864046 0.018270554886 -0.00226278427586 -0.000763578768959 0.0126439118568 -0.00354321827811 0.00958264532304 0.0175079864215 0.0112729958867 0.0165588965289 0.0930685935961 0.0992095979073 0.0247509843251 0.00312105283192 -0.00562966456636 -0.00195218541457 0.0237253772182 -0.00247386536806 
0.0699049993183 0.0087557864046 0.40122135977 0.0315445031542 0.0112496086821 0.0277695920661 -0.00356724823383 0.017772903302 0.0343937372212 0.0344216660404 0.0550957304579 0.089142725235 -0.0116424249911 0.0229899345002 0.0534660517829 0.0183947496871 0.0237468297679 0.00818784405838 0.0468373393201 0.0406697069583 
0.0274098179727 0.018270554886 0.0315445031542 0.191279847526 -0.00148736572014 0.0295598716276 0.0252471014333 0.0197293511497 0.0209602277787 0.00411141408409 0.0171698113444 0.0240231528776 -0.000493079172987 0.0211584236227 0.0143263872028 0.00383806526117 0.00349200746783 0.0299787473876 0.00525923882526 0.0242103268516 
0.0110754613384 -0.00226278427586 0.0112496086821 -0.00148736572014 0.230734089467 0.0100572635811 0.00694864164585 0.0277272823004 0.0189211611107 0.00652505077243 0.0266453336763 0.0361611826672 0.00867400393179 -0.0232298441202 0.00471090700093 0.0109246957744 0.0334040488543 -0.0156905753721 0.00502542968106 0.0150795982236 
0.0287266438888 -0.000763578768959 0.0277695920661 0.0295598716276 0.0100572635811 0.359591316666 0.0343580557821 0.00585429906051 0.0101830126986 0.0404992168699 0.0148693989442 0.0118206313952 0.0156660715353 0.0607384035891 0.0262446080296 0.0157656906704 0.0248440920666 0.049390740953 0.019373799825 0.141378768111 
0.0272019797167 0.0126439118568 -0.00356724823383 0.0252471014333 0.00694864164585 0.0343580557821 0.269125710503 0.0349399336324 0.0173521705849 -0.00850027548074 0.0219848187967 0.115005506328 0.00575777826507 0.0294457970687 0.00830615519282 0.0400883782517 0.0287133540246 0.0151570227637 0.0245053221205 0.0250265925057 
0.00782929895169 -0.00354321827811 0.017772903302 0.0197293511497 0.0277272823004 0.00585429906051 0.0349399336324 0.245171526906 0.0252198809115 0.0298796274596 0.0297382703116 0.00401724656963 0.019747913217 0.0260314438265 0.00657691383248 0.00457633465175 0.0109324022059 0.0157286920271 0.0230676272522 -0.000134860473782 
0.0390506704434 0.00958264532304 0.0343937372212 0.0209602277787 0.0189211611107 0.0101830126986 0.0173521705849 0.0252198809115 0.1443887975 0.0149758831947 0.0525091016995 0.00685965767773 0.0143904661078 0.0122601280081 0.0282744213033 0.0158485561846 0.030627308009 -0.00253815913872 0.00416553729707 0.0363930395272 
0.0227452186276 0.0175079864215 0.0344216660404 0.00411141408409 0.00652505077243 0.0404992168699 -0.00850027548074 0.0298796274596 0.0149758831947 0.271155557501 0.0071806188473 0.0286703709142 0.0380476243407 0.0262635889934 0.0318258712188 0.00626636053296 0.0306459276348 0.0396519106192 0.0493132218384 0.0280066354239 
0.044980322994 0.0112729958867 0.0550957304579 0.0171698113444 0.0266453336763 0.0148693989442 0.0219848187967 0.0297382703116 0.0525091016995 0.0071806188473 0.247118058677 0.017469590906 0.023739112869 0.0188599740985 0.0515526379084 0.0190963882443 0.0204234960729 -0.0319313525254 0.0279276285286 0.0399265983442 
0.034936042957 0.0165588965289 0.089142725235 0.0240231528776 0.0361611826672 0.0118206313952 0.115005506328 0.00401724656963 0.00685965767773 0.0286703709142 0.017469590906 0.647427212614 0.0071814850221 0.0857447901515 0.0372453921271 0.0172672788512 0.0159356112487 0.036813745916 0.0554059354262 0.0505701166237 
0.0208361790088 0.0930685935961 -0.0116424249911 -0.000493079172987 0.00867400393179 0.0156660715353 0.00575777826507 0.019747913217 0.0143904661078 0.0380476243407 0.023739112869 0.0071814850221 0.257212933948 0.024000924488 0.0222073676384 0.0106753067281 0.0229596665539 0.00494228061691 0.0177592660176 0.0162657723007 
0.00290170817844 0.0992095979073 0.0229899345002 0.0211584236227 -0.0232298441202 0.0607384035891 0.0294457970687 0.0260314438265 0.0122601280081 0.0262635889934 0.0188599740985 0.0857447901515 0.024000924488 0.826535470728 0.0129141550381 0.0415652527337 0.0219024277677 0.00901686833992 0.0389362435826 0.0188290625706 
0.0670298374366 0.0247509843251 0.0534660517829 0.0143263872028 0.00471090700093 0.0262446080296 0.00830615519282 0.00657691383248 0.0282744213033 0.0318258712188 0.0515526379084 0.0372453921271 0.0222073676384 0.0129141550381 0.235236394171 0.0161314831392 0.0320839117352 0.0312895964163 0.0461628132053 0.0354237646572 
0.0368764989595 0.00312105283192 0.0183947496871 0.00383806526117 0.0109246957744 0.0157656906704 0.0400883782517 0.00457633465175 0.0158485561846 0.00626636053296 0.0190963882443 0.0172672788512 0.0106753067281 0.0415652527337 0.0161314831392 0.262363991314 0.0187629989936 0.0060005684909 -0.00855593567695 0.0161220446645 
0.0221172833455 -0.00562966456636 0.0237468297679 0.00349200746783 0.0334040488543 0.0248440920666 0.0287133540246 0.0109324022059 0.030627308009 0.0306459276348 0.0204234960729 0.0159356112487 0.0229596665539 0.0219024277677 0.0320839117352 0.0187629989936 0.280881625158 0.0263896089859 -0.00232490371617 0.0198011542113 
0.00939142425125 -0.00195218541457 0.00818784405838 0.0299787473876 -0.0156905753721 0.049390740953 0.0151570227637 0.0157286920271 -0.00253815913872 0.0396519106192 -0.0319313525254 0.036813745916 0.00494228061691 0.00901686833992 0.0312895964163 0.0060005684909 0.0263896089859 0.411190422984 -0.00366196117767 0.0237176866615 
0.0380644939883 0.0237253772182 0.0468373393201 0.00525923882526 0.00502542968106 0.019373799825 0.0245053221205 0.0230676272522 0.00416553729707 0.0493132218384 0.0279276285286 0.0554059354262 0.0177592660176 0.0389362435826 0.0461628132053 -0.00855593567695 -0.00232490371617 -0.00366196117767 0.300283648201 0.009676189473 
0.0300025804812 -0.00247386536806 0.0406697069583 0.0242103268516 0.0150795982236 0.141378768111 0.0250265925057 -0.000134860473782 0.0363930395272 0.0280066354239 0.0399265983442 0.0505701166237 0.0162657723007 0.0188290625706 0.0354237646572 0.0161220446645 0.0198011542113 0.0237176866615 0.009676189473 0.278414984927 
0.0303515906385 0.00138560032252 0.00605395052612 0.00237375986775 0.000959163087772 0.00248780033732 0.00235576054679 0.000678037178599 0.00338188726388 0.00196979371461 0.00389541023832 0.00302555007085 0.00180446603394 0.00025129529969 0.00580495420316 0.00319359849015 0.00191541292399 0.00081332119793 0.00329648187761 0.00259829968758 
0.00138560032252 0.0355682045399 0.000758273345649 0.00158227646726 -0.000195962866618 -6.61278611709e-05 0.00109499488712 -0.000306851704 0.000829881428521 0.00151623610101 0.000976270081465 0.00143404250527 0.00805997663487 0.0085918032087 0.00214349811942 0.0002702911039 -0.000487543252926 -0.000169064216191 0.00205467793853 -0.000214243025428 
0.00605395052612 0.000758273345649 0.0347467890101 0.00273183410813 0.000974244690131 0.0024049172182 -0.00030893275921 0.00153917857585 0.00297858501647 0.00298100372315 0.00477143022166 0.00771998646161 -0.0010082635804 0.00199098673085 0.0046302959084 0.00159303205252 0.00205653578384 0.000709088095678 0.00405623256969 0.00352209993903 
0.00237375986775 0.00158227646726 0.00273183410813 0.016565320719 -0.000128809649836 0.00255995997621 0.00218646312131 0.00170861192958 0.00181520897255 0.00035605890423 0.00148694928025 0.0020804660671 -4.27019089884e-05 0.00183237323613 0.00124070152621 0.000332386201755 0.000302416717734 0.00259623568113 0.000455463442725 0.00209667580874 
0.000959163087772 -0.000195962866618 0.000974244690131 -0.000128809649836 0.0199821582998 0.000870984575375 0.00060177001871 0.002401253085 0.0016386206191 0.000565085972991 0.0023075535856 0.00313165028207 0.000751190775745 -0.0020117635134 0.000407976513767 0.000946106406929 0.00289287548971 -0.00135884368722 0.000435214976873 0.00130593151405 
0.00248780033732 -6.61278611709e-05 0.0024049172182 0.00255995997621 0.000870984575375 0.0311415215213 0.00297549491319 0.000506997170776 0.000881874768402 0.00350733506427 0.00128772772246 0.0010236967077 0.00135672159271 0.00526010004935 0.0022728497266 0.00136534886288 0.00215156148636 0.00427736363771 0.00167782028163 0.012243760474 
0.00235576054679 0.00109499488712 -0.00030893275921 0.00218646312131 0.00060177001871 0.00297549491319 0.0233069702108 0.00302588701322 0.00150274205373 -0.000736145450549 0.00190394115755 0.00995976900556 0.000498638224691 0.00255008082961 0.000719334140476 0.00347175539625 0.00248664940132 0.00131263667591 0.00212222314843 0.00216736648801 
0.000678037178599 -0.000306851704 0.00153917857585 0.00170861192958 0.002401253085 0.000506997170776 0.00302588701322 0.0212324770585 0.00218410575498 0.00258765164357 0.00257540975545 0.000347903758257 0.00171021945176 0.0022543891651 0.000569577445743 0.000396322206464 0.000946773803468 0.00136214468638 0.00199771512054 -1.16792596262e-05 
0.00338188726388 0.000829881428521 0.00297858501647 0.00181520897255 0.0016386206191 0.000881874768402 0.00150274205373 0.00218410575498 0.0125044366657 0.00129694952908 0.00454742160017 0.000594063781018 0.00124625092217 0.00106175823087 0.00244863671259 0.00137252522692 0.00265240267854 -0.000219811029298 0.000360746111968 0.00315172967514 
0.00196979371461 0.00151623610101 0.00298100372315 0.00035605890423 0.000565085972991 0.00350733506427 -0.000736145450549 0.00258765164357 0.00129694952908 0.0234827601173 0.000621859833666 0.00248292695476 0.00329502092327 0.00227449352629 0.00275620129731 0.000542682741082 0.00265401518543 0.00343395619048 0.00427065028545 0.00242544577516 
0.00389541023832 0.000976270081465 0.00477143022166 0.00148694928025 0.0023075535856 0.00128772772246 0.00190394115755 0.00257540975545 0.00454742160017 0.000621859833666 0.0214010516548 0.00151291095183 0.00205586748079 0.0016333216684 0.00446458940608 0.00165379573401 0.00176872664332 -0.00276533624642 0.00241860357732 0.00345774484527 
0.00302555007085 0.00143404250527 0.00771998646161 0.0020804660671 0.00313165028207 0.0010236967077 0.00995976900556 0.000347903758257 0.000594063781018 0.00248292695476 0.00151291095183 0.0560688413225 0.000621934846604 0.00742571665134 0.0032255455756 0.00149539021394 0.00138006441662 0.00318816391718 0.00479829475996 0.00437950056684 
0.00180446603394 0.00805997663487 -0.0010082635804 -4.27019089884e-05 0.000751190775745 0.00135672159271 0.000498638224691 0.00171021945176 0.00124625092217 0.00329502092327 0.00205586748079 0.000621934846604 0.0222752934981 0.00207854103209 0.0019232144526 0.000924508681976 0.00198836544981 0.000428014056688 0.00153799755238 0.00140865720246 
0.00025129529969 0.0085918032087 0.00199098673085 0.00183237323613 -0.0020117635134 0.00526010004935 0.00255008082961 0.0022543891651 0.00106175823087 0.00227449352629 0.0016333216684 0.00742571665134 0.00207854103209 0.0715800714779 0.00111839863314 0.00359965647821 0.00189680588514 0.000780883704495 0.00337197760704 0.00163064465156 
0.00580495420316 0.00214349811942 0.0046302959084 0.00124070152621 0.000407976513767 0.0022728497266 0.000719334140476 0.000569577445743 0.00244863671259 0.00275620129731 0.00446458940608 0.0032255455756 0.0019232144526 0.00111839863314 0.0203720693247 0.00139702741993 0.00277854826155 0.00270975853707 0.00399781689459 0.00306778800908 
0.00319359849015 0.0002702911039 0.00159303205252 0.000332386201755 0.000946106406929 0.00136534886288 0.00347175539625 0.000396322206464 0.00137252522692 0.000542682741082 0.00165379573401 0.00149539021394 0.000924508681976 0.00359965647821 0.00139702741993 0.0227213881516 0.00162492337797 0.000519664475027 -0.000740965764938 0.00139621002404 
0.00191541292399 -0.000487543252926 0.00205653578384 0.000302416717734 0.00289287548971 0.00215156148636 0.00248664940132 0.000946773803468 0.00265240267854 0.00265401518543 0.00176872664332 0.00138006441662 0.00198836544981 0.00189680588514 0.00277854826155 0.00162492337796 0.0243250622843 0.00228540717777 -0.000201342567956 0.00171483025713 
0.00081332119793 -0.000169064216191 0.000709088095678 0.00259623568113 -0.00135884368722 0.00427736363771 0.00131263667591 0.00136214468638 -0.000219811029298 0.00343395619048 -0.00276533624642 0.00318816391718 0.000428014056688 0.000780883704495 0.00270975853707 0.000519664475027 0.00228540717777 0.0356101352097 -0.000317135140753 0.00205401191678 
0.00329648187761 0.00205467793853 0.00405623256969 0.000455463442725 0.000435214976873 0.00167782028163 0.00212222314843 0.00199771512054 0.000360746111968 0.00427065028545 0.00241860357732 0.00479829475996 0.00153799755238 0.00337197760704 0.00399781689459 -0.000740965764938 -0.000201342567956 -0.000317135140753 0.0260053267683 0.000837982589545 
0.00259829968758 -0.000214243025428 0.00352209993903 0.00209667580874 0.00130593151405 0.012243760474 0.00216736648801 -1.16792596262e-05 0.00315172967514 0.00242544577516 0.00345774484527 0.00437950056684 0.00140865720246 0.00163064465156 0.00306778800908 0.00139621002404 0.00171483025713 0.00205401191678 0.000837982589545 0.0241114449741 

['BBBY', 'NWL', 'ET', 'SEE', 'JNJ', 'SWK', 'ROK', 'RX', 'WFC', 'PPL', 'STT', 'LSI', 'HSY', 'GM', 'LEH', 'NYT', 'SWY', 'MUR', 'EMC', 'RF']