20
0.0444735285872 0.0539269159384 0.037281538924 0.0917148498368 0.0277285522359 0.0665048210348 0.0716337087719 0.28152338764 0.0571686925308 0.0485380268731 0.0861575830063 0.0704328117516 0.123331646141 0.399937027552 0.0100273700484 0.0392369654355 0.0485945029431 -0.00648668223639 0.126514999345 0.135547989167 
0.350448194992 0.0333475155268 0.0338079715924 0.0289301636352 0.00866621586073 0.0347136674689 0.0305066650805 -0.0277426961927 0.0416175537068 0.0171339986152 0.0201532280576 0.0251830035232 0.047099999123 0.0339384796221 0.0227789223923 0.0222401012372 0.0180032683533 0.0208617703561 0.0079337693917 0.00513472180181 
0.0333475155268 0.237490046522 0.0512851715675 0.0381271818412 0.0253070949349 0.0405772479185 0.00515379148187 -0.00476144936758 0.0179887979847 0.0289489172657 -0.00815273565568 0.00970706666882 0.0246110605225 0.0449511442026 0.0120034057377 0.0276865422535 0.00211887890181 0.0121553791006 0.0196099096107 0.0143702367703 
0.0338079715924 0.0512851715675 0.377918397003 0.0370473288855 0.0178137742 0.0191416299316 -5.66328652604e-05 0.0405850688198 0.00145325614182 0.00192687546964 -0.0241787252108 0.0232049265495 0.0620737005801 0.0586685845601 0.00418372415685 0.0179477676337 0.00873245586236 0.0126652650072 0.0300934406092 0.0822844663824 
0.0289301636352 0.0381271818412 0.0370473288855 0.199826153437 0.0306353295794 0.0391562544358 0.0243535563297 -0.00977026039845 0.0256776282712 0.0167230536556 -0.00206342604144 -0.00280775944841 0.0481623136651 0.0299705138671 0.00972394704359 0.0509347741429 0.0337752937215 0.0229080393185 0.0312056292231 0.00914647820359 
0.00866621586073 0.0253070949349 0.0178137742 0.0306353295794 0.219200879221 0.00529862819108 0.0146501902733 0.0107624811715 0.0083879733483 0.0180628900365 0.000307602219207 0.0126699764414 0.0215805781782 0.0176725489504 0.0350513580694 0.0265489427658 0.0173430367561 0.022124676486 0.078454536999 0.00832750320606 
0.0347136674689 0.0405772479185 0.0191416299316 0.0391562544357 0.00529862819108 0.248803452692 0.028702197086 0.0114328012207 0.0256656835018 0.0328465647394 0.0186914642151 0.00835952241677 0.0390965961384 0.0307695499086 0.020545276118 0.0646180152959 0.0527598045672 0.00179793178968 0.00650677531323 0.00415245101917 
0.0305066650805 0.00515379148187 -5.66328652605e-05 0.0243535563297 0.0146501902733 0.028702197086 0.187723299191 -0.0102417810541 0.0143876970454 0.00696527519751 -0.0077473510209 -0.0085625764291 0.0237604016712 -0.004506098906 0.0125816841624 0.0255053210392 0.0178147490633 0.0144863330095 0.0133040703895 0.0209309439237 
-0.0277426961927 -0.00476144936758 0.0405850688198 -0.00977026039845 0.0107624811715 0.0114328012207 -0.0102417810541 1.93196467336 -0.0187905901707 0.00788338087121 -0.0132330170128 0.145948232439 -0.0331762638074 -0.0434178140606 -0.00333676712986 0.00584663937552 0.00103588838826 -0.0266973618326 -0.0190477917917 -0.0180738312008 
0.0416175537068 0.0179887979847 0.00145325614182 0.0256776282712 0.0083879733483 0.0256656835018 0.0143876970454 -0.0187905901707 0.376951666692 0.0283927463721 0.00538582291579 0.0297964118262 0.0507635496962 0.0253565419025 0.00876371022245 0.0188234211701 0.0126852519255 0.0106671201147 0.0240558359165 -0.00451974985475 
0.0171339986152 0.0289489172657 0.00192687546964 0.0167230536556 0.0180628900365 0.0328465647394 0.00696527519751 0.00788338087121 0.0283927463721 0.198842695682 0.0209944131265 0.0179733727725 0.0212342423493 0.0227299288424 0.0181776028039 0.0520288664579 0.0400574637902 0.00847352731302 0.00360605741935 0.0175561611255 
0.0201532280576 -0.00815273565568 -0.0241787252108 -0.00206342604144 0.000307602219207 0.0186914642151 -0.0077473510209 -0.0132330170128 0.00538582291579 0.0209944131265 0.554682110182 0.0469387983069 0.0304076097862 0.0884937117863 0.073308624264 0.0372453521144 0.0108940073727 -0.000515782182621 0.0105752875382 0.110853273974 
0.0251830035232 0.00970706666882 0.0232049265495 -0.00280775944841 0.0126699764414 0.00835952241677 -0.0085625764291 0.145948232439 0.0297964118262 0.0179733727725 0.0469387983069 0.255610088396 0.0225777169863 0.0253543933514 0.0224184349391 0.0119302609693 0.0110636047355 0.00799943649341 0.0355407078869 0.034363610766 
0.047099999123 0.0246110605225 0.0620737005801 0.0481623136651 0.0215805781782 0.0390965961384 0.0237604016712 -0.0331762638074 0.0507635496962 0.0212342423493 0.0304076097862 0.0225777169863 0.466772470615 0.0145535476523 0.0044921239356 0.0438444757582 0.0226436079923 0.05511664379 0.00913975141835 0.0230774118948 
0.0339384796221 0.0449511442026 0.0586685845601 0.0299705138671 0.0176725489504 0.0307695499086 -0.004506098906 -0.0434178140606 0.0253565419025 0.0227299288424 0.0884937117863 0.0253543933514 0.0145535476523 1.32217991825 0.0240940614081 0.00325934470293 0.0117077424499 0.0332367286338 0.0519592333803 0.0876863850577 
0.0227789223923 0.0120034057377 0.00418372415685 0.00972394704359 0.0350513580694 0.020545276118 0.0125816841624 -0.00333676712986 0.00876371022245 0.0181776028039 0.073308624264 0.0224184349391 0.0044921239356 0.0240940614081 0.184073812224 0.0293282136822 0.0206597424073 0.00426170010577 0.0224448706 0.0211564449078 
0.0222401012372 0.0276865422535 0.0179477676337 0.0509347741429 0.0265489427658 0.0646180152959 0.0255053210392 0.00584663937552 0.0188234211701 0.0520288664579 0.0372453521144 0.0119302609693 0.0438444757582 0.00325934470293 0.0293282136822 0.173618880777 0.0659743048502 0.00180272920028 0.0248466929428 0.0150843734766 
0.0180032683533 0.00211887890181 0.00873245586236 0.0337752937216 0.0173430367561 0.0527598045672 0.0178147490633 0.00103588838826 0.0126852519255 0.0400574637902 0.0108940073727 0.0110636047355 0.0226436079923 0.0117077424499 0.0206597424073 0.0659743048502 0.13919557685 0.0121977267087 0.0171650346349 0.00239292369995 
0.0208617703561 0.0121553791006 0.0126652650072 0.0229080393185 0.022124676486 0.00179793178968 0.0144863330095 -0.0266973618326 0.0106671201147 0.00847352731302 -0.000515782182621 0.00799943649341 0.05511664379 0.0332367286338 0.00426170010577 0.00180272920028 0.0121977267087 0.269952418025 0.00936931580854 0.013290642638 
0.0079337693917 0.0196099096107 0.0300934406092 0.0312056292231 0.078454536999 0.00650677531323 0.0133040703895 -0.0190477917917 0.0240558359165 0.00360605741935 0.0105752875382 0.0355407078869 0.00913975141835 0.0519592333803 0.0224448706 0.0248466929428 0.0171650346349 0.00936931580854 0.278614639623 -0.00765784760411 
0.00513472180181 0.0143702367703 0.0822844663824 0.00914647820359 0.00832750320606 0.00415245101917 0.0209309439237 -0.0180738312008 -0.00451974985475 0.0175561611255 0.110853273974 0.034363610766 0.0230774118948 0.0876863850577 0.0211564449078 0.0150843734766 0.00239292369995 0.013290642638 -0.00765784760411 0.477371676182 
0.0303497039574 0.00288797955993 0.00292785622494 0.00250542566437 0.000750516309007 0.00300629178866 0.00264195469444 -0.00240258796724 0.00360418587534 0.00148384780692 0.00174532074661 0.00218091207947 0.00407897957588 0.00293915855186 0.00197271254626 0.00192604926541 0.00155912877451 0.00180668230963 0.000687084584098 0.000444679952173 
0.00288797955993 0.0205672413434 0.00444142614149 0.00330191080492 0.00219165871096 0.00351409275131 0.00044633143491 -0.000412353611115 0.00155787560383 0.00250704977641 -0.000706047618816 0.000840656633143 0.00213138036266 0.00389288328086 0.00103952543008 0.00239772489345 0.000183500295651 0.00105268670937 0.00169826798888 0.00124449901015 
0.00292785622494 0.00444142614149 0.0327286932362 0.00320839279572 0.00154271809945 0.00165771377906 -4.90455000046e-06 0.00351477006122 0.000125855673702 0.000166872310664 -0.00209393902636 0.00200960558848 0.00537574016093 0.00508084846331 0.000362321140225 0.0015543222712 0.000756252861423 0.00109684412419 0.00260616840548 0.0071260438224 
0.00250542566437 0.00330191080492 0.00320839279572 0.0173054525217 0.0026530973669 0.00339103110584 0.0021090798454 -0.000846129370664 0.00222374783918 0.00144825892946 -0.000178697937072 -0.000243159101004 0.0041709787139 0.00259552263734 0.00084211851648 0.00441108083438 0.00292502623831 0.00198389440007 0.00270248676483 0.000792108247947 
0.000750516309007 0.00219165871096 0.00154271809945 0.0026530973669 0.0189833529937 0.000458874661869 0.0012687436947 0.000932058210227 0.000726419800589 0.00156429216374 2.66391336093e-05 0.00109725214636 0.00186893289307 0.00153048763407 0.00303553665253 0.00229920588788 0.00150195104095 0.00191605318874 0.00679436220833 0.000721182932654 
0.00300629178866 0.00351409275131 0.00165771377906 0.00339103110584 0.000458874661869 0.021547011058 0.00248568318209 0.000990109629356 0.0022227133918 0.00284459594914 0.00161872828442 0.000723955877643 0.00338586454574 0.00266472118838 0.0017792731046 0.00559608427883 0.00456913310539 0.000155705460413 0.000563503271797 0.000359612807057 
0.00264195469444 0.00044633143491 -4.90455000047e-06 0.0021090798454 0.0012687436947 0.00248568318209 0.0162573145982 -0.000886964257281 0.00124601111433 0.000603210526539 -0.000670940279614 -0.000741540870945 0.00205771114514 -0.000390239612456 0.0010896058107 0.00220882559517 0.00154280252508 0.00125455323939 0.00115216629311 0.00181267291631 
-0.00240258796724 -0.000412353611115 0.00351477006122 -0.000846129370664 0.000932058210227 0.000990109629356 -0.000886964257281 0.167313048635 -0.001627312844 0.000682720810218 -0.00114601289018 0.012639487693 -0.00287314872598 -0.00376009299533 -0.000288972510097 0.000506333822597 8.9710565972e-05 -0.00231205935611 -0.00164958715776 -0.00156523969636 
0.00360418587534 0.00155787560383 0.000125855673702 0.00222374783918 0.000726419800589 0.0022227133918 0.00124601111433 -0.001627312844 0.0326449719354 0.00245888396415 0.000466425946536 0.00258044495831 0.00439625236232 0.00219594094397 0.000758959568405 0.00163015609194 0.00109857504209 0.000923799700456 0.00208329650129 -0.000391421819296 
0.00148384780692 0.00250704977641 0.000166872310664 0.00144825892946 0.00156429216374 0.00284459594914 0.000603210526539 0.000682720810218 0.00245888396415 0.0172202825817 0.00181816951051 0.00155653974127 0.00183893933046 0.00196846958037 0.00157422658081 0.00450583200827 0.00346907812535 0.000733828991274 0.000312293733267 0.00152040815276 
0.00174532074661 -0.000706047618816 -0.00209393902636 -0.000178697937072 2.66391336093e-05 0.00161872828442 -0.000670940279614 -0.00114601289018 0.000466425946536 0.00181816951051 0.0480368798443 0.00406501917569 0.00263337625432 0.00766378024821 0.00634871309291 0.00322554211039 0.000943448713379 -4.46680472969e-05 0.00091584676604 0.00960017513538 
0.00218091207947 0.000840656633143 0.00200960558848 -0.000243159101004 0.00109725214636 0.000723955877643 -0.000741540870945 0.012639487693 0.00258044495831 0.00155653974127 0.00406501917569 0.0221364830015 0.00195528764696 0.00219575487398 0.00194149341703 0.00103319090732 0.000958136275836 0.000692771521926 0.00307791558986 0.00297597598891 
0.00407897957588 0.00213138036266 0.00537574016093 0.0041709787139 0.00186893289307 0.00338586454574 0.00205771114514 -0.00287314872598 0.00439625236232 0.00183893933046 0.00263337625432 0.00195528764696 0.040423681734 0.00126037419821 0.000389029344517 0.00379704298222 0.00196099397546 0.00477324136935 0.000791525691256 0.00199856249545 
0.00293915855186 0.00389288328086 0.00508084846331 0.00259552263734 0.00153048763407 0.00266472118838 -0.000390239612456 -0.00376009299533 0.00219594094397 0.00196846958037 0.00766378024821 0.00219575487398 0.00126037419821 0.114504139758 0.00208660692598 0.000282267531243 0.00101392023826 0.00287838513356 0.00449980160685 0.0075938637026 
0.00197271254626 0.00103952543008 0.000362321140225 0.00084211851648 0.00303553665253 0.0017792731046 0.0010896058107 -0.000288972510097 0.000758959568405 0.00157422658081 0.00634871309291 0.00194149341703 0.000389029344517 0.00208660692598 0.0159412597558 0.00253989780964 0.00178918617603 0.000369074055491 0.00194378281242 0.00183220187439 
0.00192604926541 0.00239772489345 0.0015543222712 0.00441108083438 0.00229920588788 0.00559608427883 0.00220882559517 0.000506333822597 0.00163015609194 0.00450583200827 0.00322554211039 0.00103319090732 0.00379704298222 0.000282267531243 0.00253989780964 0.0150358361329 0.00571354239973 0.000156120928359 0.00215178672885 0.00130634506309 
0.00155912877451 0.000183500295651 0.000756252861423 0.00292502623831 0.00150195104095 0.00456913310539 0.00154280252508 8.9710565972e-05 0.00109857504209 0.00346907812535 0.000943448713379 0.000958136275836 0.00196099397546 0.00101392023825 0.00178918617603 0.00571354239973 0.0120546905646 0.00105635411981 0.00148653560506 0.000207233271347 
0.00180668230963 0.00105268670937 0.00109684412419 0.00198389440007 0.00191605318874 0.000155705460413 0.00125455323939 -0.00231205935611 0.000923799700456 0.000733828991274 -4.46680472969e-05 0.000692771521926 0.00477324136935 0.00287838513356 0.000369074055491 0.000156120928359 0.00105635411981 0.0233785651823 0.000811406550627 0.00115100341572 
0.000687084584098 0.00169826798888 0.00260616840548 0.00270248676483 0.00679436220833 0.000563503271797 0.00115216629311 -0.00164958715776 0.00208329650129 0.000312293733267 0.00091584676604 0.00307791558986 0.000791525691256 0.00449980160685 0.00194378281242 0.00215178672885 0.00148653560506 0.000811406550627 0.024128735578 -0.000663189056347 
0.000444679952173 0.00124449901015 0.0071260438224 0.000792108247947 0.000721182932654 0.000359612807057 0.00181267291631 -0.00156523969636 -0.000391421819296 0.00152040815276 0.00960017513538 0.00297597598891 0.00199856249545 0.0075938637026 0.00183220187439 0.00130634506309 0.000207233271347 0.00115100341572 -0.000663189056347 0.0413415998621 

['MCD', 'CBE', 'QLGC', 'EQR', 'TE', 'STT', 'FII', 'ESRX', 'WHR', 'MI', 'BDX', 'EDS', 'JWN', 'JDSU', 'GD', 'WB', 'WFC', 'TIN', 'AYE', 'NVLS']