20
0.00388664565626 0.0444205393046 0.0132966740539 0.0729597235382 0.165506763093 0.0413413845105 0.0335790413719 0.149701567326 0.121962687623 0.0566217234647 0.0539269159384 0.0307338128464 0.134016582451 0.0121413644826 0.00326137985962 0.0422457423554 0.1366928931 0.022553065058 0.0940944116816 0.0723241103927 
0.241544946562 0.0168529739094 0.003266864085 0.025726676886 0.0177795074433 0.0100656169432 0.0184053085242 -0.0030715111972 0.0627145436739 0.0401532949253 0.0392214629973 0.0110192255488 0.00985809613302 0.0274742047123 0.0192612749627 0.0115890239436 0.00576872753197 -0.000627366457514 0.0208739341218 0.00524341175895 
0.0168529739094 0.183898791627 0.0117481676334 0.0272124055415 0.0372185947854 0.0321956164419 0.0107567124862 0.00343140327179 0.0163502136314 0.0376475166537 0.026601578866 0.0297889044979 0.0154637058053 0.0151078545927 0.0138537591352 0.0296254213494 0.0122294095097 0.0182562317662 0.00811963099438 0.0194045264415 
0.003266864085 0.0117481676334 0.30464041719 0.0137568329261 0.0270135768838 0.00033999565657 0.0363854112542 -0.00326183652483 0.00310180079704 0.00316094212119 0.0101117435457 0.0168663116932 0.0213091857744 0.0172043937993 0.0223920578243 0.00543808701553 0.0139974346752 0.0211394863191 0.0519683477865 0.00929274497596 
0.025726676886 0.0272124055415 0.0137568329261 0.497915211473 0.0121843973793 0.0239500061393 -0.0127239831473 0.0597173202272 0.135221413301 0.0354926387609 0.0295520152687 0.000764901755482 0.0298676009452 -0.00471141976101 -0.0097116657572 0.00643008184343 0.0268854480768 0.00753659065722 0.0732326744975 0.0215491786319 
0.0177795074433 0.0372185947854 0.0270135768838 0.0121843973793 0.388418127123 0.024873970183 0.0469958913547 0.0419287224927 0.0197082354015 0.0442206314336 0.0313015136531 0.0456317313131 0.0163973619203 0.0145639449051 0.0278211820782 0.00502803590757 0.0550502355857 0.00213600251276 0.0150205628017 0.0271249964561 
0.0100656169432 0.0321956164419 0.00033999565657 0.0239500061393 0.024873970183 0.249611100976 -0.00205182585094 0.0135957244113 0.0188504917337 0.0348867453933 0.0206222141688 0.00688540959108 0.0119397874456 0.0145467391003 0.0262163274651 0.0532538447076 0.0107714431786 0.0231280786242 0.0221977344811 0.0393753995412 
0.0184053085242 0.0107567124862 0.0363854112542 -0.0127239831473 0.0469958913547 -0.00205182585094 0.250630954614 0.0222622164283 0.0126709442592 0.0106515336491 0.0185118340513 0.0166432933802 0.00641278050699 0.00264516117725 0.0219557265336 0.01630930309 0.0111350663849 0.00125404664962 0.0184377524248 0.00700160341671 
-0.0030715111972 0.00343140327179 -0.00326183652483 0.0597173202272 0.0419287224927 0.0135957244113 0.0222622164283 0.478785720573 0.00550354033865 0.0220361470636 0.0492126397034 0.0172074709401 0.0285623991562 -0.0035966888996 0.00732319533384 0.0128200283236 0.00349679266605 -0.0187391131005 0.0822598416595 0.0160980482996 
0.0627145436739 0.0163502136314 0.00310180079704 0.135221413301 0.0197082354015 0.0188504917337 0.0126709442592 0.00550354033865 0.443170101392 0.0440505295929 0.00955647947751 0.0194568292919 0.0233630166776 0.0193522741859 0.0321291203 0.0196801089141 0.0219493635822 -0.0127111204203 0.0248035204753 -0.011902857879 
0.0401532949253 0.0376475166537 0.00316094212119 0.0354926387609 0.0442206314336 0.0348867453933 0.0106515336491 0.0220361470636 0.0440505295929 0.203461241308 0.0373954865692 0.030881665875 0.0272322846067 0.0223546814875 0.025112445258 0.0335950049181 0.0119651328029 0.0172912169336 0.0327261685854 0.0274122646068 
0.0392214629973 0.026601578866 0.0101117435457 0.0295520152687 0.0313015136531 0.0206222141688 0.0185118340513 0.0492126397034 0.00955647947751 0.0373954865692 0.235308286085 0.0100718005553 0.0186449118421 0.0233297288886 0.0204816946105 0.0272303142321 0.0100926905535 0.01473168644 0.0494352838276 0.019188746494 
0.0110192255488 0.0297889044979 0.0168663116932 0.000764901755482 0.0456317313131 0.00688540959108 0.0166432933802 0.0172074709401 0.0194568292919 0.030881665875 0.0100718005553 0.178946833956 0.0104869563855 0.0150177349912 0.0222360726438 0.0106387503189 0.0233510858941 -0.000319417830756 0.0190978317132 -0.00136042871979 
0.00985809613302 0.0154637058053 0.0213091857744 0.0298676009452 0.0163973619203 0.0119397874456 0.00641278050699 0.0285623991562 0.0233630166776 0.0272322846067 0.0186449118421 0.0104869563855 0.236230038041 0.0187295856601 0.0201705051296 0.00233072383608 0.00723599973618 0.0281935675571 0.0335223130299 0.0172824973164 
0.0274742047123 0.0151078545927 0.0172043937993 -0.00471141976101 0.0145639449051 0.0145467391003 0.00264516117725 -0.0035966888996 0.0193522741859 0.0223546814875 0.0233297288886 0.0150177349912 0.0187295856601 0.275435333903 0.0107227756321 0.0271276420008 -0.00605071155537 0.00956320828161 -0.00156704101478 0.0115208826329 
0.0192612749627 0.0138537591352 0.0223920578243 -0.0097116657572 0.0278211820782 0.0262163274651 0.0219557265336 0.00732319533384 0.0321291203 0.025112445258 0.0204816946105 0.0222360726438 0.0201705051296 0.0107227756321 0.169453339164 0.0212781477437 0.00736603401674 0.0222080432776 0.00122461585623 0.0187679744375 
0.0115890239436 0.0296254213494 0.00543808701553 0.00643008184343 0.00502803590757 0.0532538447076 0.01630930309 0.0128200283236 0.0196801089141 0.0335950049181 0.0272303142321 0.0106387503189 0.00233072383608 0.0271276420008 0.0212781477437 0.198162309605 0.00494051658029 0.0164638653461 0.0140487204004 0.00270518676739 
0.00576872753197 0.0122294095097 0.0139974346752 0.0268854480768 0.0550502355857 0.0107714431786 0.0111350663849 0.00349679266605 0.0219493635822 0.0119651328029 0.0100926905535 0.0233510858941 0.00723599973618 -0.00605071155537 0.00736603401674 0.00494051658029 0.529537996233 0.00185109765532 0.0308360775917 0.0152832717033 
-0.000627366457514 0.0182562317662 0.0211394863191 0.00753659065722 0.00213600251276 0.0231280786242 0.00125404664962 -0.0187391131005 -0.0127111204203 0.0172912169336 0.01473168644 -0.000319417830757 0.0281935675571 0.00956320828161 0.0222080432776 0.0164638653461 0.00185109765532 0.254035736271 0.0401701162 0.062744078011 
0.0208739341218 0.00811963099438 0.0519683477865 0.0732326744975 0.0150205628017 0.0221977344811 0.0184377524248 0.0822598416595 0.0248035204753 0.0327261685854 0.0494352838276 0.0190978317132 0.0335223130299 -0.00156704101478 0.00122461585623 0.0140487204004 0.0308360775917 0.0401701162 0.370367707675 0.0507190143798 
0.00524341175895 0.0194045264415 0.00929274497596 0.0215491786319 0.0271249964561 0.0393753995412 0.00700160341671 0.0160980482996 -0.011902857879 0.0274122646068 0.019188746494 -0.00136042871979 0.0172824973164 0.0115208826329 0.0187679744375 0.00270518676739 0.0152832717033 0.062744078011 0.0507190143798 0.385809004753 
0.0209184059879 0.00145951035349 0.000282918728832 0.00222799557382 0.00153975051127 0.000871707997755 0.00159394647465 -0.000266000672478 0.00543123880084 0.0034773773451 0.00339667833292 0.000954292925533 0.000853736168415 0.00237933592296 0.0016680753427 0.00100363891402 0.00049958645902 -5.43315289689e-05 0.00180773572264 0.000454092778576 
0.00145951035349 0.0159261025275 0.00101742116184 0.0023566634497 0.00322322485773 0.00278822217292 0.000931558627423 0.0002971682404 0.00141597003621 0.00326037058115 0.00230376430787 0.00257979480461 0.00133919620641 0.0013083785874 0.0011997707349 0.00256563674864 0.00105909793087 0.00158103604869 0.000703180671049 0.00168048128467 
0.000282918728832 0.00101742116184 0.0263826340306 0.00119137667896 0.00233944438284 2.94444875766e-05 0.00315106904733 -0.00028248332935 0.000268623828772 0.000273745617684 0.000875702678711 0.00146066543944 0.00184542962146 0.00148994420869 0.00193920909189 0.000470952150344 0.00121221340165 0.00183073321753 0.00450059093758 0.000804775322008 
0.00222799557382 0.0023566634497 0.00119137667896 0.0431207222066 0.00105519976603 0.00207413137374 -0.00110192926429 0.00517167163627 0.0117105179054 0.00307375268143 0.00255927959557 6.62424351647e-05 0.00258661011687 -0.000408020920093 -0.000841054925879 0.000556861422482 0.00232834810266 0.000652687896708 0.00634213565019 0.00186621361259 
0.00153975051127 0.00322322485773 0.00233944438284 0.00105519976603 0.0336379965379 0.00215414900714 0.00406996357866 0.00363113388269 0.00170678325215 0.00382961901929 0.00271079060005 0.00395182385359 0.0014200531978 0.00126127462671 0.0024093850443 0.00043544068271 0.00476749025015 0.000184983243859 0.00130081889654 0.00234909360085 
0.000871707997755 0.00278822217292 2.94444875766e-05 0.00207413137374 0.00215414900714 0.0216169554511 -0.000177693331105 0.0011774242723 0.00163250047153 0.00302128077659 0.00178593613524 0.000596293962134 0.00103401592436 0.0012597845603 0.00227040055787 0.0046119182366 0.000932834342805 0.00200295036293 0.00192238019671 0.00341000962869 
0.00159394647465 0.000931558627423 0.00315106904733 -0.00110192926429 0.00406996357866 -0.000177693331105 0.0217052773671 0.00192796449715 0.00109733596184 0.000922449872936 0.0016031718559 0.00144135148699 0.000555363082795 0.00022907767766 0.00190142169367 0.00141242707939 0.000964325036212 0.00010860362561 0.00159675619886 0.000606356642609 
-0.000266000672478 0.0002971682404 -0.00028248332935 0.00517167163627 0.00363113388269 0.0011774242723 0.00192796449715 0.0414640596986 0.000476620574402 0.00190838631586 0.00426193961704 0.0014902106969 0.00247357632623 -0.000311482395656 0.000634207319598 0.00111024702054 0.000302831128057 -0.00162285479894 0.00712391125884 0.00139413187788 
0.00543123880084 0.00141597003621 0.000268623828772 0.0117105179054 0.00170678325215 0.00163250047153 0.00109733596184 0.000476620574402 0.0383796566003 0.00381488776776 0.000827615399827 0.00168501084439 0.00202329659518 0.0016759561066 0.0027824634381 0.00170434742689 0.0019008706459 -0.00110081531946 0.00214804788349 -0.00103081773008 
0.0034773773451 0.00326037058115 0.000273745617684 0.00307375268143 0.00382961901929 0.00302128077659 0.000922449872936 0.00190838631586 0.00381488776776 0.0176202603658 0.00323854413558 0.0026744307159 0.00235838502725 0.00193597220617 0.00217480155445 0.00290941276994 0.0010362108967 0.00149746331268 0.00283416933635 0.00237397175248 
0.00339667833292 0.00230376430787 0.000875702678711 0.00255927959557 0.00271079060005 0.00178593613524 0.0016031718559 0.00426193961704 0.000827615399827 0.00323854413558 0.0203782953471 0.000872243514271 0.00161469673066 0.00202041378809 0.00177376678452 0.0023582143878 0.000874052641186 0.00127580146976 0.0042812211638 0.00166179419306 
0.000954292925533 0.00257979480461 0.00146066543944 6.62424351647e-05 0.00395182385359 0.000596293962134 0.00144135148699 0.0014902106969 0.00168501084439 0.0026744307159 0.000872243514271 0.0154972504133 0.000908197063824 0.00130057400097 0.00192570037899 0.000921342804069 0.00202226335903 -2.76623955857e-05 0.00165392074209 -0.000117816583138 
0.000853736168415 0.00133919620641 0.00184542962146 0.00258661011687 0.0014200531978 0.00103401592436 0.000555363082795 0.00247357632623 0.00202329659518 0.00235838502725 0.00161469673066 0.000908197063824 0.020458121408 0.0016220296984 0.00174681698494 0.000201846605125 0.000626655959331 0.00244163457278 0.00290311746775 0.00149670817168 
0.00237933592296 0.0013083785874 0.00148994420869 -0.000408020920093 0.00126127462671 0.0012597845603 0.00022907767766 -0.000311482395656 0.0016759561066 0.00193597220617 0.00202041378809 0.00130057400097 0.0016220296984 0.023853399626 0.000928619609652 0.00234932271174 -0.000524006991793 0.000828198131355 -0.000135709732757 0.000997737703415 
0.0016680753427 0.0011997707349 0.00193920909189 -0.000841054925879 0.0024093850443 0.00227040055787 0.00190142169367 0.000634207319598 0.0027824634381 0.00217480155445 0.00177376678452 0.00192570037899 0.00174681698494 0.000928619609652 0.0146750896473 0.00184274164915 0.000637917258364 0.00192327296468 0.000106054844137 0.00162535426404 
0.00100363891402 0.00256563674864 0.000470952150344 0.000556861422482 0.00043544068271 0.0046119182366 0.00141242707939 0.00111024702054 0.00170434742689 0.00290941276994 0.0023582143878 0.000921342804069 0.000201846605125 0.00234932271174 0.00184274164915 0.017161359419 0.000427861286635 0.00142581256342 0.00121665487574 0.000234276046254 
0.00049958645902 0.00105909793087 0.00121221340165 0.00232834810266 0.00476749025015 0.000932834342805 0.000964325036212 0.000302831128057 0.0019008706459 0.0010362108967 0.000874052641186 0.00202226335903 0.000626655959331 -0.000524006991793 0.000637917258364 0.000427861286635 0.0458593357007 0.000160309759439 0.00267048265475 0.0013235701548 
-5.43315289689e-05 0.00158103604869 0.00183073321753 0.000652687896708 0.000184983243859 0.00200295036293 0.00010860362561 -0.00162285479894 -0.00110081531946 0.00149746331268 0.00127580146976 -2.76623955857e-05 0.00244163457278 0.000828198131355 0.00192327296468 0.00142581256342 0.000160309759439 0.022000140108 0.00347883411022 0.00543379654946 
0.00180773572264 0.000703180671049 0.00450059093758 0.00634213565019 0.00130081889654 0.00192238019671 0.00159675619886 0.00712391125884 0.00214804788349 0.00283416933635 0.0042812211638 0.00165392074209 0.00290311746775 -0.000135709732757 0.000106054844137 0.00121665487574 0.00267048265475 0.00347883411022 0.0320747843588 0.00439239549078 
0.000454092778576 0.00168048128467 0.000804775322008 0.00186621361259 0.00234909360085 0.00341000962869 0.000606356642609 0.00139413187788 -0.00103081773008 0.00237397175248 0.00166179419306 -0.000117816583138 0.00149670817168 0.000997737703415 0.00162535426404 0.000234276046254 0.0013235701548 0.00543379654946 0.00439239549078 0.0334120399125 

['CMS', 'ITW', 'VFC', 'NE', 'CMI', 'IP', 'TMO', 'CTXS', 'WMB', 'ASN', 'CBE', 'CL', 'PNC', 'HSY', 'KMB', 'ECL', 'OMX', 'ALL', 'MOT', 'UNM']