30
0.0594275332512 0.168192385625 0.0328562524986 0.070293401022 0.0520830917934 0.0485945029431 0.0566217234647 0.0477990277318 0.20394989535 0.0731585002716 0.0907505897935 0.0601344650096 0.0649337142294 0.0703179731329 0.0300310371189 0.10004428458 0.28152338764 0.0429486266904 0.117315051398 0.0578888041786 0.0493934577213 0.00194148072761 0.0368602928082 0.0413132452317 0.201887649263 0.39235550597 0.143358946574 0.0413413845105 0.0966324757555 0.0288411222523 
0.233561155943 -0.0276199690848 0.0197805292512 0.0118812963765 0.0105621947773 0.00356214614732 0.0246325765614 0.00116403762157 0.000883297825028 -0.00163153550478 0.00636501468044 0.030443053867 0.0143993057232 0.020735325163 0.00519554230201 0.0178025795433 0.0139384243588 0.0106438138529 0.0193067367378 0.0128585507444 -0.000992920950608 -0.00280830185804 -0.0135619242593 0.00675377126737 -0.00237304331262 0.00881699838474 0.0441350005656 0.00171366230588 0.00218039817682 0.00777175281765 
-0.0276199690848 0.711872346174 0.0054521652736 -0.00626480660506 0.00399174902907 0.0102319130933 0.0332396880411 -0.0381528523545 0.00209025202591 0.0367326345297 0.0381227760447 0.00623513970751 0.0205533183938 1.51653613791e-05 0.0072404212809 -0.0125420124406 0.0427804171852 -0.013074067006 -0.00131373544441 0.00820396930708 0.0249797345082 0.0219012998165 0.00855384348688 0.000972781573367 0.0181910707171 -0.00918244313785 0.0400094933238 0.0430793719676 -0.00549461555563 0.0256671380266 
0.0197805292512 0.0054521652736 0.328761291556 -0.0154277570485 0.0261602401312 0.0198911818254 0.0182982099391 -0.000880849710389 0.0332366897553 0.0280918710932 0.0194715302528 0.0112855801343 0.0206439485319 0.0122334374102 -0.00368658625309 0.0657316655635 -0.0047459075431 0.0309134322767 -0.000760598850973 0.0230892976034 0.0307348600355 0.0255623203827 0.0202359055282 0.0108601625801 0.0197734617577 -0.0182318271597 0.0108105492697 0.000512442486109 0.0163134266745 0.00813890177355 
0.0118812963765 -0.00626480660506 -0.0154277570485 0.322779775905 0.00247232580584 0.0225247906243 0.0239108944299 0.0372758541517 0.0856466600873 0.0214452505993 0.0228287517616 0.00612469065918 0.0582026044062 0.00153551904627 0.014201182969 0.0187480552713 -0.011641922645 0.0139515940502 0.00616089971617 0.0161751289288 0.00613711198748 -0.00231823013583 0.0128344609798 0.00176781214909 0.02683065873 -0.00704637175139 0.0697285002706 0.0225848492364 0.0151587279176 0.00816445118035 
0.0105621947773 0.00399174902907 0.0261602401312 0.00247232580584 0.226131874395 0.0167160793771 0.0303082023994 0.0188645484692 0.0115693326466 -0.00340664246762 0.0172846382435 0.00631512629451 0.0284776921744 0.0281379955911 0.00733800171189 0.0332693952861 -0.0167751350266 -0.00781006895722 0.0227072169828 0.0519706423095 0.014589894562 0.0404470916694 0.0151234573995 -0.00213489108217 0.010195690027 0.00139336116831 0.0265890046789 -0.0145132013453 -0.000306245508559 0.0220614262598 
0.00356214614733 0.0102319130933 0.0198911818254 0.0225247906243 0.0167160793771 0.142416550599 0.0329488032459 0.012325387714 0.00698599224522 0.0153789597019 0.0307145857722 0.0229164958852 0.0225745819096 0.0145296348759 0.0141713059965 0.0224172915013 0.00183343934182 0.00226015399891 0.0190283280378 0.00325444807142 0.0283530454434 0.0173908254166 0.00517523843879 0.0204517873613 0.00694025037581 0.022634067994 0.013325503408 0.0152006726751 0.0198799908242 0.0539833518329 
0.0246325765614 0.0332396880411 0.0182982099391 0.0239108944299 0.0303082023994 0.0329488032459 0.19310171175 0.0398445791349 0.0327673002504 0.0137673201295 0.0265275513258 -0.00569826040879 0.0413275182549 0.0297479827167 0.0238490530739 0.0441933485915 -0.00858829254662 0.0173943337798 0.0077230460587 0.0316846984867 0.0256076859193 0.0404130671542 0.0111215549581 0.00809522565537 0.0325326933559 -0.00373122872299 0.0265238692052 0.0309544465494 0.0300633662613 0.0292718364433 
0.00116403762157 -0.0381528523545 -0.000880849710391 0.0372758541517 0.0188645484692 0.012325387714 0.0398445791349 0.265956184381 0.00161455608259 0.0193597075706 0.0343391266007 0.0315045217493 0.0106420371582 0.0101926897391 0.0022475759176 0.0309511825323 0.0568853976411 0.0248160209098 0.0433399418218 0.0224643050135 0.0141982172782 0.0353587423124 0.0101815529921 0.00905986310052 -0.0064534877619 0.0488508368085 0.0277524107774 0.0225018869248 0.000666675242837 0.0283348279588 
0.000883297825028 0.00209025202591 0.0332366897553 0.0856466600873 0.0115693326466 0.00698599224522 0.0327673002504 0.00161455608259 0.747895180513 0.0260272537178 -0.0153203948085 -0.0319383229756 0.0631250966814 -0.0138931144708 0.00560897367826 0.053080309617 -0.0235457645117 0.0278962799137 0.0213500409643 0.164305700458 -0.0126782242156 -0.00126495545361 -0.0173160328827 0.00528256556527 0.0450450506876 0.0202723368793 0.0517711344641 0.0316072457914 -0.0124155729765 -0.0114405011067 
-0.00163153550478 0.0367326345297 0.0280918710932 0.0214452505993 -0.00340664246761 0.0153789597019 0.0137673201295 0.0193597075706 0.0260272537178 0.337917651482 0.0210193326112 -0.000421618712176 0.0152622499901 -0.00911019905097 -0.00755078736778 0.0127268299549 -0.00192758485936 0.0218156708622 -0.0172652160149 0.015321647301 0.0260810366497 0.0488010732906 0.00311342749999 0.0274391532157 0.045083220331 -0.019517369101 0.031978804038 0.0127412857207 0.0244436056701 0.00571828521456 
0.00636501468044 0.0381227760447 0.0194715302528 0.0228287517616 0.0172846382435 0.0307145857722 0.0265275513258 0.0343391266007 -0.0153203948085 0.0210193326112 0.339939095998 0.00135015563511 0.0269449642226 0.0362956658654 -0.00223816915672 0.0448499586743 -0.00961371359793 0.0247272471357 0.00499665161614 -0.020268372661 0.032927183758 0.0177112439703 0.0167729591353 0.0192298248082 0.0132040966525 0.0306715447383 0.0053431655066 0.0193868605065 0.0150681980025 0.0223574414645 
0.030443053867 0.00623513970751 0.0112855801343 0.00612469065918 0.0063151262945 0.0229164958852 -0.00569826040879 0.0315045217493 -0.0319383229756 -0.000421618712175 0.00135015563511 0.287148771869 0.0190771779959 0.0178063640851 -0.0133846303447 0.0417890296855 -0.031253579009 0.00851892171546 0.0109527893104 -0.0300504069326 0.0170448332416 0.0220282334523 0.0238876016227 -0.000731481097345 0.00171774317902 -0.0116420536134 -0.00517737951898 0.00469201657725 0.0629147891779 0.0167223819074 
0.0143993057232 0.0205533183938 0.0206439485319 0.0582026044062 0.0284776921744 0.0225745819096 0.0413275182549 0.0106420371582 0.0631250966814 0.0152622499901 0.0269449642226 0.0190771779959 0.189133109203 0.020135946994 0.00309868931383 0.040875580642 -0.0114437007432 0.0210617062951 0.0180513373712 0.0253483630712 0.0279126938786 0.0345954450851 0.0228878986627 0.0168984349692 0.0236143226121 0.003000996328 0.0252022490346 0.0198464112172 0.038275827144 0.0122973665949 
0.020735325163 1.51653613793e-05 0.0122334374102 0.00153551904627 0.0281379955911 0.0145296348759 0.0297479827167 0.0101926897391 -0.0138931144708 -0.00911019905097 0.0362956658654 0.0178063640851 0.020135946994 0.282708310545 0.0307328883324 0.0227167395809 0.00552059885455 0.00691501474142 0.0339406304212 0.0164330928269 0.0234002305674 0.00875632341781 -0.00376901714365 0.0212639647046 -0.0139727985732 -0.0142567052798 0.00246735472359 0.00291540879908 0.0197160640051 0.0180464469211 
0.00519554230201 0.0072404212809 -0.00368658625309 0.014201182969 0.00733800171189 0.0141713059965 0.0238490530739 0.0022475759176 0.00560897367826 -0.00755078736778 -0.00223816915672 -0.0133846303447 0.00309868931383 0.0307328883324 0.26758011895 0.0163427660183 -0.00179089478952 0.00490387442886 -0.00103887056264 0.0313598699937 0.0159992719455 0.014321071102 0.00487027095135 0.0106779976346 -0.00880070211107 -0.00178834293318 0.0175703337645 -0.00284893193558 0.0174180740538 0.0118190688074 
0.0178025795433 -0.0125420124406 0.0657316655635 0.0187480552713 0.0332693952861 0.0224172915013 0.0441933485915 0.0309511825323 0.053080309617 0.0127268299549 0.0448499586743 0.0417890296856 0.040875580642 0.0227167395809 0.0163427660183 0.507128650643 -0.0333776032168 0.0242181985743 0.0194560127261 0.0449944458374 0.0169067943706 0.0402974846347 -0.00576391586247 -0.0075311016923 0.0177782507977 -0.0738811498033 0.0439723982743 0.0600018519089 0.0466262848864 0.0177918438801 
0.0139384243588 0.0427804171852 -0.0047459075431 -0.011641922645 -0.0167751350266 0.00183343934182 -0.00858829254662 0.0568853976411 -0.0235457645117 -0.00192758485936 -0.00961371359793 -0.031253579009 -0.0114437007432 0.00552059885455 -0.00179089478952 -0.0333776032168 1.93319067024 0.00326837123126 0.108394459966 -0.0268636632584 0.0214382690454 -0.015973378042 -0.0126843687581 0.00181544812478 -0.0185259787556 -0.0120358057962 -0.00267340840949 -0.00196303465502 -0.0418331256468 -0.0134386070109 
0.0106438138529 -0.013074067006 0.0309134322767 0.0139515940502 -0.00781006895722 0.00226015399891 0.0173943337798 0.0248160209098 0.0278962799137 0.0218156708622 0.0247272471357 0.00851892171547 0.0210617062951 0.00691501474142 0.00490387442887 0.0242181985743 0.00326837123126 0.213784747922 0.0158412058175 0.00288503151826 0.0096568970191 0.016921245854 -0.0113239147819 0.0160812010356 -0.00302770273216 -0.0193028662231 0.00789414437255 0.0260072530963 0.0224457136379 0.0130112429938 
0.0193067367378 -0.00131373544441 -0.000760598850972 0.00616089971617 0.0227072169828 0.0190283280378 0.0077230460587 0.0433399418218 0.0213500409643 -0.0172652160149 0.00499665161614 0.0109527893104 0.0180513373712 0.0339406304212 -0.00103887056264 0.0194560127261 0.108394459966 0.0158412058175 0.358771035522 -0.0109229661715 0.0346485803725 0.00263457695365 -0.00399821808594 0.0214392799883 -0.0100874156434 0.0185156351476 0.00363094137566 0.0150578871406 -5.72035719708e-05 0.013710097876 
0.0128585507444 0.00820396930708 0.0230892976034 0.0161751289288 0.0519706423095 0.00325444807142 0.0316846984867 0.0224643050135 0.164305700458 0.015321647301 -0.020268372661 -0.0300504069326 0.0253483630712 0.0164330928269 0.0313598699937 0.0449944458374 -0.0268636632584 0.00288503151826 -0.0109229661715 0.418285274815 0.0124517432679 0.0387347786008 0.0053817417894 0.00172799568148 -0.0358130387584 0.00877226706016 0.0757188284245 0.0294938153655 0.00562070749004 0.00691168495878 
-0.000992920950609 0.0249797345082 0.0307348600355 0.00613711198748 0.014589894562 0.0283530454434 0.0256076859193 0.0141982172782 -0.0126782242156 0.0260810366497 0.032927183758 0.0170448332416 0.0279126938786 0.0234002305674 0.0159992719455 0.0169067943706 0.0214382690454 0.0096568970191 0.0346485803725 0.0124517432679 0.164926377222 0.0277093436495 0.00583263185253 0.0224780005433 -0.0035816502676 0.00585036872368 0.0116035571756 0.0240425316116 0.0134497863525 0.0235262611257 
-0.00280830185805 0.0219012998165 0.0255623203827 -0.00231823013583 0.0404470916694 0.0173908254166 0.0404130671542 0.0353587423124 -0.00126495545361 0.0488010732906 0.0177112439703 0.0220282334523 0.0345954450851 0.00875632341781 0.014321071102 0.0402974846347 -0.015973378042 0.016921245854 0.00263457695365 0.0387347786008 0.0277093436495 0.212810997903 0.0109502111461 0.0229181637096 0.000891829551005 0.0596679385973 0.0139580911623 0.0198937600817 0.035699485902 0.032368094582 
-0.0135619242593 0.00855384348688 0.0202359055282 0.0128344609798 0.0151234573995 0.00517523843879 0.0111215549581 0.0101815529921 -0.0173160328827 0.00311342749999 0.0167729591353 0.0238876016227 0.0228878986627 -0.00376901714365 0.00487027095135 -0.00576391586247 -0.0126843687581 -0.0113239147819 -0.00399821808594 0.0053817417894 0.00583263185253 0.0109502111461 0.328774355302 -0.0126099061517 0.0469413605314 -0.00705800650825 0.0423047250471 -0.0141935688353 0.0304390770353 -0.0154878608915 
0.00675377126737 0.000972781573367 0.0108601625801 0.00176781214909 -0.00213489108217 0.0204517873613 0.00809522565537 0.00905986310052 0.00528256556527 0.0274391532157 0.0192298248082 -0.000731481097345 0.0168984349692 0.0212639647046 0.0106779976346 -0.0075311016923 0.00181544812478 0.0160812010356 0.0214392799883 0.00172799568148 0.0224780005433 0.0229181637096 -0.0126099061517 0.1448860515 4.9435225157e-05 0.0286502962111 0.0210753945362 0.0134801074591 0.0247823533232 0.0246774134325 
-0.00237304331262 0.0181910707171 0.0197734617577 0.02683065873 0.010195690027 0.00694025037581 0.0325326933559 -0.0064534877619 0.0450450506876 0.045083220331 0.0132040966525 0.00171774317902 0.0236143226121 -0.0139727985732 -0.00880070211107 0.0177782507977 -0.0185259787556 -0.00302770273216 -0.0100874156434 -0.0358130387584 -0.0035816502676 0.000891829551005 0.0469413605314 4.94352251569e-05 0.784520790341 0.0205837008867 -0.00114818055951 0.0124438755819 -0.00861448783321 -0.00322899137004 
0.00881699838474 -0.00918244313785 -0.0182318271597 -0.00704637175139 0.00139336116831 0.022634067994 -0.00373122872299 0.0488508368085 0.0202723368793 -0.019517369101 0.0306715447383 -0.0116420536134 0.003000996328 -0.0142567052798 -0.00178834293318 -0.0738811498033 -0.0120358057962 -0.0193028662231 0.0185156351476 0.00877226706016 0.00585036872368 0.0596679385973 -0.00705800650825 0.0286502962111 0.0205837008867 3.20642415033 0.0430433922441 0.0102475191535 -0.0358486115693 0.0318557343771 
0.0441350005656 0.0400094933238 0.0108105492697 0.0697285002706 0.0265890046789 0.013325503408 0.0265238692052 0.0277524107774 0.0517711344641 0.031978804038 0.0053431655066 -0.00517737951898 0.0252022490346 0.00246735472359 0.0175703337645 0.0439723982744 -0.00267340840949 0.00789414437255 0.00363094137567 0.0757188284245 0.0116035571756 0.0139580911623 0.0423047250471 0.0210753945362 -0.00114818055951 0.0430433922441 0.664740244614 0.0363773552178 -0.0118975252919 0.0216708632245 
0.00171366230588 0.0430793719676 0.000512442486109 0.0225848492364 -0.0145132013453 0.0152006726751 0.0309544465494 0.0225018869248 0.0316072457914 0.0127412857207 0.0193868605065 0.00469201657725 0.0198464112172 0.00291540879908 -0.00284893193558 0.0600018519089 -0.00196303465503 0.0260072530963 0.0150578871406 0.0294938153655 0.0240425316116 0.0198937600817 -0.0141935688353 0.0134801074591 0.0124438755819 0.0102475191535 0.0363773552178 0.241297202976 0.0150453181722 0.020706004192 
0.00218039817682 -0.00549461555563 0.0163134266745 0.0151587279176 -0.00030624550856 0.0198799908242 0.0300633662613 0.000666675242836 -0.0124155729765 0.0244436056701 0.0150681980025 0.0629147891779 0.038275827144 0.0197160640051 0.0174180740538 0.0466262848864 -0.0418331256468 0.0224457136379 -5.72035719724e-05 0.00562070749004 0.0134497863525 0.035699485902 0.0304390770353 0.0247823533232 -0.00861448783321 -0.0358486115693 -0.0118975252919 0.0150453181722 0.473963665445 0.0179265717362 
0.00777175281765 0.0256671380266 0.00813890177355 0.00816445118035 0.0220614262598 0.0539833518329 0.0292718364433 0.0283348279588 -0.0114405011067 0.00571828521456 0.0223574414645 0.0167223819074 0.0122973665949 0.0180464469211 0.0118190688074 0.0177918438801 -0.0134386070109 0.0130112429938 0.013710097876 0.00691168495878 0.0235262611257 0.032368094582 -0.0154878608915 0.0246774134325 -0.00322899137004 0.0318557343771 0.0216708632245 0.020706004192 0.0179265717362 0.186310205658 
0.0202269894384 -0.00239195948792 0.00171304408319 0.00102895044919 0.000914712899687 0.000308490905558 0.00213324370628 0.000100808615124 7.64958355582e-05 -0.000141295119432 0.000551226440872 0.00263644580176 0.00124701645531 0.00179573183469 0.000449947161997 0.00154174861374 0.00120710295835 0.000921781318979 0.00167201244791 0.00111358316005 -8.59894767176e-05 -0.000243206075056 -0.00117449709327 0.000584893748889 -0.000205511579301 0.000763574458631 0.00382220316859 0.00014840750904 0.000188828021149 0.000673053537202 
-0.00239195948792 0.0616499536038 0.000472171363257 -0.000542548166978 0.000345695606471 0.000886109666807 0.00287864142575 -0.00330413393658 0.000181021135475 0.00318113946507 0.00330152925175 0.000539978938285 0.00177996958611 1.31335882119e-06 0.000627038876336 -0.00108617013881 0.00370489280669 -0.00113224741579 -0.000113772826871 0.00071048458318 0.00216330846638 0.0018967082017 0.000740784575964 8.42453554869e-05 0.00157539293631 -0.000795222902619 0.0034649237611 0.0037307830503 -0.00047584766552 0.00222283935734 
0.00171304408319 0.000472171363257 0.0284715630268 -0.00133608295275 0.00226554325228 0.00172262687721 0.0015846714651 -7.62838226113e-05 0.00287838176658 0.00243282740066 0.00168628398494 0.000977359909277 0.0017878183863 0.00105944675729 -0.000319267734842 0.00569252922111 -0.000411007649634 0.00267718176698 -6.58697927031e-05 0.00199959182801 0.00266171695725 0.00221376188311 0.0017524808256 0.00094051766836 0.00171243202029 -0.00157892254777 0.00093622102964 4.43788210949e-05 0.00141278419229 0.00070484956948 
0.00102895044919 -0.000542548166978 -0.00133608295275 0.0279535485762 0.000214109695429 0.00195070408956 0.00207074420035 0.00322818366432 0.00741721833849 0.00185721318095 0.00197702789622 0.000530413770117 0.00504049339822 0.000132979850206 0.0012298585215 0.00162362921365 -0.00100822007595 0.00120824348708 0.000533549566437 0.00140080725618 0.000531489488702 -0.000200764618944 0.00111149692524 0.000153097023023 0.00232360320604 -0.000610233694121 0.00603866526021 0.00195590531794 0.00131278434657 0.000707062213014 
0.000914712899687 0.000345695606471 0.00226554325228 0.000214109695429 0.0195835947832 0.00144765493923 0.00262476732209 0.00163371782052 0.00100193359768 -0.000295023891857 0.00149689358141 0.000546905979915 0.00246624048641 0.00243682189935 0.000635489589551 0.00288121414863 -0.00145276930849 -0.000676371812226 0.00196650267564 0.0045007896491 0.00126352193292 0.00350282088949 0.0013097298301 -0.000184886991147 0.000882972657249 0.00012066861684 0.00230267535133 -0.00125688010553 -2.65216390207e-05 0.00191057555847 
0.000308490905558 0.000886109666807 0.00172262687721 0.00195070408956 0.00144765493923 0.0123336350738 0.00285345006352 0.00106740988718 0.0006050046755 0.00133185697856 0.00265996115455 0.00198462676023 0.00195501614135 0.00125830329102 0.00122727109978 0.00194139439242 0.000158780504631 0.000195735077952 0.00164790154722 0.000281843470515 0.00245544576286 0.00150608966036 0.000448188795863 0.00177117674077 0.000601043313408 0.00196016778738 0.00115402244695 0.00131641686912 0.00172165770807 0.00467509540687 
0.00213324370628 0.00287864142575 0.0015846714651 0.00207074420035 0.00262476732209 0.00285345006352 0.016723098789 0.0034506417734 0.00283773144303 0.00119228489742 0.00229735333484 -0.000493483827139 0.00357906806841 0.0025762508744 0.00206538858182 0.00382725625585 -0.000743767952051 0.00150639349352 0.000668835408143 0.00274397538007 0.00221769065382 0.00349987428004 0.000963154912328 0.000701067106691 0.00281741388997 -0.000323133886144 0.00229703445383 0.00268073370719 0.00260356389055 0.00253501539753 
0.000100808615124 -0.00330413393658 -7.62838226114e-05 0.00322818366432 0.00163371782052 0.00106740988718 0.0034506417734 0.0230324811968 0.000139824658336 0.0016765998566 0.002973855598 0.0027283716169 0.000921627452701 0.0008827128247 0.000194645784157 0.00268045103502 0.00492641994616 0.00214913045288 0.00375334906162 0.00194546588201 0.00122960168514 0.00306215690884 0.000881748354113 0.000784607159986 -0.000558888434481 0.00423060656723 0.00240342927494 0.001948720571 5.77357696371e-05 0.00245386808242 
7.64958355582e-05 0.000181021135475 0.00287838176658 0.00741721833849 0.00100193359768 0.0006050046755 0.00283773144303 0.000139824658336 0.0647696225692 0.00225402629104 -0.00132678511002 -0.00276593990511 0.00546679373425 -0.00120317900694 0.000485751369453 0.00459688965691 -0.00203912302186 0.00241588870764 0.00184896778469 0.0142292910583 -0.00109796642456 -0.000109548355748 -0.00149961243692 0.000457483597668 0.00390101582102 0.00175563587316 0.00448351176287 0.0027372677799 -0.00107522016002 -0.000990776459041 
-0.000141295119432 0.00318113946507 0.00243282740066 0.00185721318095 -0.000295023891857 0.00133185697856 0.00119228489742 0.0016765998566 0.00225402629104 0.0292645270571 0.00182032760119 -3.65132515455e-05 0.00132174962103 -0.000788966381167 -0.000653917367907 0.00110217580506 -0.000166933745616 0.00188929251673 -0.00149521156708 0.00132689357905 0.00225868402957 0.00422629692016 0.000269630730783 0.00237630037432 0.00390432140911 -0.00169025374565 0.00276944566795 0.0011034277111 0.00211687834704 0.00049521802619 
0.000551226440872 0.00330152925175 0.00168628398494 0.00197702789622 0.00149689358141 0.00265996115455 0.00229735333484 0.002973855598 -0.00132678511002 0.00182032760119 0.0294395892874 0.000116926907907 0.00233350235208 0.00314329686867 -0.000193831134768 0.00388412035706 -0.000832572020052 0.00214144241851 0.000432722723343 -0.00175529256178 0.00285157776095 0.00153383872109 0.00145258087078 0.00166535167942 0.00114350831351 0.00265623369167 0.000462731706534 0.00167895136982 0.00130494422594 0.00193621122719 
0.00263644580176 0.000539978938285 0.000977359909277 0.000530413770117 0.000546905979915 0.00198462676023 -0.000493483827139 0.0027283716169 -0.00276593990511 -3.65132515455e-05 0.000116926907907 0.0248678131104 0.0016521320777 0.00154207636468 -0.00115914298988 0.00361903613072 -0.0027066393381 0.000737760261844 0.000948539378512 -0.00260244157977 0.00147612585905 0.00190770097702 0.00206872698407 -6.33481212689e-05 0.000148760923021 -0.00100823141814 -0.000448374218847 0.000406340555088 0.00544858057018 0.00144820075436 
0.00124701645531 0.00177996958611 0.0017878183863 0.00504049339822 0.00246624048642 0.00195501614135 0.00357906806841 0.000921627452701 0.00546679373425 0.00132174962103 0.00233350235208 0.0016521320777 0.0163794077267 0.00174382416261 0.000268354366421 0.00353992912304 -0.000991053555688 0.00182399726986 0.00156329167358 0.0021952326364 0.00241731019869 0.0029960534299 0.00198215016812 0.00146344739675 0.00204506032752 0.000259893905671 0.00218257878965 0.0017187496288 0.00331478386575 0.00106498318708 
0.00179573183469 1.31335882121e-06 0.00105944675729 0.000132979850206 0.00243682189935 0.00125830329102 0.0025762508744 0.000882712824699 -0.00120317900694 -0.000788966381167 0.00314329686867 0.00154207636468 0.00174382416261 0.0244832578793 0.00266154620275 0.00196732735682 0.000478097885214 0.000598857843362 0.00293934481652 0.00142314758508 0.00202651941257 0.000758319852357 -0.00032640645937 0.00184151336194 -0.00121007985263 -0.00123466689466 0.000213679187077 0.000252481808242 0.0017074612291 0.00156286814817 
0.000449947161997 0.000627038876336 -0.000319267734842 0.0012298585215 0.000635489589551 0.00122727109978 0.00206538858182 0.000194645784158 0.000485751369453 -0.000653917367907 -0.000193831134768 -0.00115914298988 0.000268354366421 0.00266154620275 0.0231731180558 0.00141532505399 -0.000155096038323 0.000424687983237 -8.99688298493e-05 0.00271584440739 0.00138557759469 0.00124024113838 0.000421777836718 0.000924741721315 -0.000762163159933 -0.000154875041081 0.0015216355393 -0.000246724742987 0.00150844946156 0.00102356138363 
0.00154174861374 -0.00108617013881 0.00569252922111 0.00162362921365 0.00288121414863 0.00194139439242 0.00382725625585 0.00268045103502 0.00459688965691 0.00110217580506 0.00388412035706 0.00361903613072 0.00353992912304 0.00196732735682 0.00141532505399 0.0439186294444 -0.00289058523032 0.00209735751992 0.00168494012772 0.00389663331243 0.00146417134215 0.00348986454022 -0.000499169756218 -0.000652212538401 0.00153964168257 -0.00639829525905 0.00380812139709 0.00519631280273 0.00403795471957 0.00154081887804 
0.00120710295835 0.00370489280669 -0.000411007649634 -0.00100822007595 -0.00145276930849 0.000158780504631 -0.000743767952051 0.00492641994616 -0.00203912302186 -0.000166933745616 -0.000832572020052 -0.0027066393381 -0.000991053555688 0.000478097885214 -0.000155096038323 -0.00289058523032 0.167419223079 0.000283049251527 0.00938723559601 -0.00232646148205 0.00185660856065 -0.00138333511686 -0.00109849855754 0.000157222419531 -0.00160439682324 -0.00104233135745 -0.000231523959731 -0.000170003787976 -0.00362285495298 -0.00116381750629 
0.000921781318978 -0.00113224741579 0.00267718176698 0.00120824348708 -0.000676371812226 0.000195735077952 0.00150639349352 0.00214913045288 0.00241588870764 0.00188929251673 0.00214144241851 0.000737760261845 0.00182399726986 0.000598857843361 0.000424687983237 0.00209735751992 0.000283049251527 0.0185143022642 0.00137188866645 0.000249851058553 0.000836311814027 0.00146542287732 -0.00098067978714 0.00139267286202 -0.000262206748115 -0.00167167725151 0.000683652956777 0.00225229418641 0.00194385582165 0.00112680669674 
0.00167201244791 -0.000113772826871 -6.58697927031e-05 0.000533549566437 0.00196650267564 0.00164790154722 0.000668835408143 0.00375334906162 0.00184896778469 -0.00149521156708 0.000432722723344 0.000948539378512 0.00156329167358 0.00293934481652 -8.99688298493e-05 0.00168494012772 0.00938723559601 0.00137188866645 0.0310704830905 -0.000945956618918 0.00300065508077 0.000228161057009 -0.000346255843229 0.00185669611087 -0.000873595820569 0.0016035010405 0.000314448747098 0.00130405127911 -4.9539746514e-06 0.0011873293049 
0.00111358316005 0.00071048458318 0.00199959182801 0.00140080725618 0.0045007896491 0.000281843470515 0.00274397538007 0.00194546588201 0.0142292910583 0.00132689357905 -0.00175529256178 -0.00260244157977 0.0021952326364 0.00142314758508 0.00271584440739 0.00389663331243 -0.00232646148205 0.000249851058553 -0.000945956618918 0.0362245674018 0.00107835259914 0.00335453022783 0.000466072510623 0.000149648815779 -0.00310150013515 0.000759700612288 0.00655744289604 0.00255423933611 0.000486767547361 0.000598569475726 
-8.59894767177e-05 0.00216330846638 0.00266171695725 0.000531489488703 0.00126352193292 0.00245544576286 0.00221769065382 0.00122960168514 -0.00109796642456 0.00225868402957 0.00285157776095 0.00147612585905 0.00241731019869 0.00202651941257 0.00138557759469 0.00146417134215 0.00185660856065 0.000836311814027 0.00300065508077 0.00107835259914 0.0142830432428 0.00239969955227 0.000505120735522 0.00194665194968 -0.000310180011921 0.000506656793621 0.00100489752884 0.00208214431469 0.00116478566568 0.00203743397909 
-0.000243206075056 0.0018967082017 0.00221376188311 -0.000200764618944 0.00350282088949 0.00150608966036 0.00349987428004 0.00306215690884 -0.000109548355748 0.00422629692016 0.00153383872109 0.00190770097702 0.0029960534299 0.000758319852357 0.00124024113838 0.00348986454022 -0.00138333511686 0.00146542287732 0.000228161057009 0.00335453022783 0.00239969955227 0.0184299730389 0.000948316102934 0.00198477119806 7.72347047016e-05 0.00516739506167 0.00120880615349 0.00172285016076 0.00309166616932 0.00280315921801 
-0.00117449709327 0.000740784575963 0.0017524808256 0.00111149692524 0.0013097298301 0.000448188795863 0.000963154912328 0.000881748354113 -0.00149961243692 0.000269630730783 0.00145258087078 0.00206872698407 0.00198215016812 -0.00032640645937 0.000421777836718 -0.000499169756218 -0.00109849855754 -0.000980679787139 -0.000346255843229 0.000466072510623 0.000505120735522 0.000948316102934 0.0284726943805 -0.00109204990667 0.00406524107084 -0.000611241293622 0.00366369665909 -0.00122919911817 0.00263610139804 -0.00134128809823 
0.000584893748889 8.42453554869e-05 0.00094051766836 0.000153097023023 -0.000184886991147 0.00177117674077 0.000701067106692 0.000784607159986 0.000457483597668 0.00237630037432 0.00166535167942 -6.33481212689e-05 0.00146344739675 0.00184151336194 0.000924741721315 -0.000652212538401 0.000157222419531 0.00139267286202 0.00185669611087 0.000149648815779 0.00194665194968 0.00198477119806 -0.00109204990667 0.0125475001253 4.28121608278e-06 0.00248118843447 0.00182518270632 0.00116741155053 0.00214621475435 0.00213712669322 
-0.000205511579301 0.00157539293631 0.00171243202029 0.00232360320604 0.000882972657249 0.000601043313408 0.00281741388997 -0.000558888434481 0.00390101582102 0.00390432140911 0.00114350831351 0.000148760923021 0.00204506032752 -0.00121007985263 -0.000762163159933 0.00153964168257 -0.00160439682324 -0.000262206748115 -0.000873595820569 -0.00310150013515 -0.000310180011921 7.72347047016e-05 0.00406524107084 4.28121608276e-06 0.0679414934233 0.00178260078718 -9.94353532671e-05 0.00107767123754 -0.000746036530415 -0.000279638855506 
0.000763574458631 -0.000795222902619 -0.00157892254777 -0.000610233694121 0.00012066861684 0.00196016778738 -0.000323133886144 0.00423060656723 0.00175563587316 -0.00169025374565 0.00265623369167 -0.00100823141814 0.000259893905671 -0.00123466689466 -0.000154875041081 -0.00639829525905 -0.00104233135745 -0.00167167725151 0.0016035010405 0.000759700612288 0.000506656793621 0.00516739506167 -0.000611241293622 0.00248118843447 0.00178260078718 0.277684476949 0.00372766711485 0.000887461191272 -0.00310458083094 0.00275878752268 
0.00382220316859 0.0034649237611 0.00093622102964 0.00603866526021 0.00230267535133 0.00115402244695 0.00229703445383 0.00240342927494 0.00448351176287 0.00276944566795 0.000462731706534 -0.000448374218847 0.00218257878965 0.000213679187077 0.0015216355393 0.00380812139709 -0.000231523959731 0.000683652956777 0.000314448747098 0.00655744289604 0.00100489752884 0.00120880615349 0.00366369665909 0.00182518270632 -9.9435353267e-05 0.00372766711485 0.0575681938753 0.00315037137411 -0.0010303559145 0.00187675180743 
0.00014840750904 0.0037307830503 4.43788210949e-05 0.00195590531794 -0.00125688010553 0.00131641686912 0.00268073370719 0.001948720571 0.0027372677799 0.0011034277111 0.00167895136982 0.000406340555088 0.0017187496288 0.000252481808242 -0.000246724742987 0.00519631280273 -0.000170003787976 0.00225229418641 0.00130405127911 0.00255423933611 0.00208214431469 0.00172285016076 -0.00122919911817 0.00116741155053 0.00107767123754 0.000887461191272 0.00315037137411 0.020896950764 0.00130296277451 0.00179319256411 
0.000188828021149 -0.000475847665521 0.00141278419229 0.00131278434657 -2.65216390208e-05 0.00172165770807 0.00260356389055 5.7735769637e-05 -0.00107522016002 0.00211687834704 0.00130494422594 0.00544858057018 0.00331478386575 0.0017074612291 0.00150844946156 0.00403795471957 -0.00362285495298 0.00194385582165 -4.95397465153e-06 0.000486767547361 0.00116478566568 0.00309166616932 0.00263610139804 0.00214621475435 -0.000746036530415 -0.00310458083094 -0.0010303559145 0.00130296277451 0.0410464574746 0.00155248665263 
0.000673053537202 0.00222283935734 0.00070484956948 0.000707062213014 0.00191057555847 0.00467509540687 0.00253501539753 0.00245386808242 -0.000990776459041 0.00049521802619 0.00193621122719 0.00144820075436 0.00106498318708 0.00156286814817 0.00102356138363 0.00154081887804 -0.00116381750629 0.00112680669674 0.0011873293049 0.000598569475726 0.00203743397909 0.00280315921801 -0.00134128809823 0.00213712669322 -0.000279638855506 0.00275878752268 0.00187675180743 0.00179319256411 0.00155248665263 0.0161349371084 

['ABC', 'JNS', 'HPQ', 'LPX', 'CNP', 'WFC', 'ASN', 'WLP', 'VLO', 'STJ', 'ACE', 'DG', 'DOV', 'BF.B', 'OMC', 'BC', 'ESRX', 'BCR', 'MHS', 'COP', 'AFL', 'CMCSA', 'NCR', 'BUD', 'MU', 'TLAB', 'X', 'IP', 'FD', 'USB']