40
0.0331605059077 0.0136100125143 -0.00277796207049 0.0493934577213 0.0616353203302 0.0658076634161 0.0485945029431 0.073470583658 -0.0148687542544 0.00633581846688 0.00851722536111 0.0437038130991 0.0979044774238 0.0216083944488 0.13588321519 0.0430779984078 0.0593939882808 0.424855775916 0.101670797752 0.036872425502 0.121962687623 0.0206658862902 0.128291051585 0.116406698245 0.0605665428979 0.022775665512 0.234257183995 -0.0290439391383 0.0110311255814 0.135547989167 0.125840316239 0.0475630895173 0.00859756350963 0.282509070746 0.0445346556631 0.155431064381 0.0292815331214 0.126255379542 0.138189015222 0.170228010564 
0.150666042306 0.00944622730962 -0.0104554980161 0.00570895619146 0.00472326979715 0.0103690922666 0.0111633555651 0.0500867118535 0.0420546619634 0.00616530761969 0.0128836662092 0.0198462390542 0.00184612877221 0.0018127506996 0.00978809858812 0.00462612274007 0.0216953582469 0.00996480245284 0.00229702975318 0.0109288361353 0.0402716842156 0.0211502099672 0.00662010392185 0.0310213518994 -0.00304274660915 0.00765703926875 -0.00160113187737 0.00358955097266 0.0414562133962 -3.36047119524e-05 0.0137560491821 0.0133042773457 0.0160927444754 0.0111833269545 -0.000270901400143 0.00700277961668 0.00752567729332 0.0132673285251 0.0232441110533 -0.0106736754651 
0.00944622730962 0.155633841961 0.0222809307229 0.00606762713233 0.0081356787615 0.00937673744785 0.0156483897494 -0.00217230436472 0.00873471398049 0.00921318700294 0.0125290628025 -0.00850168679146 0.00631559155252 0.01375528944 -0.00732000125814 0.0153294598308 0.013604730004 -0.0133146618205 -0.000312735300377 0.00241828490905 0.00926019936521 0.0135531074685 0.00964634861116 -0.00864325493459 -0.000800388262511 0.0100859973899 -0.00874850347329 0.0357840448007 0.00181018294452 0.00832606385459 0.0265304521359 0.0107171152989 0.0216409791719 0.00619539914985 0.00596175781053 0.00441774286886 0.00685288104645 0.0114456686448 0.0227321078276 -0.0104600834782 
-0.0104554980161 0.0222809307229 0.258756631758 -0.00766524732903 0.0288613606861 0.0336559173115 -0.00574159006215 0.0150072176447 0.0124671322758 0.00692490195411 -0.000111581327693 0.00678814026878 -0.010807487405 0.00766258638987 0.0266370945222 0.0269887778735 0.00950162107562 0.00468653013122 -0.0141183543341 0.0037350768311 -0.00259431094036 0.00740943418417 -0.00929803724806 0.0126098985328 0.009940215719 0.0251348424497 0.0381525592161 0.0169232102793 0.00774576936863 0.02486136974 0.0215648954779 -0.0127126072633 0.0267986065724 0.0118110102399 0.0252900363535 -0.000653324382235 -0.00546923112144 0.0327257492146 0.0101767591661 0.0213007970439 
0.00570895619146 0.00606762713233 -0.00766524732903 0.164527168362 0.0184318872728 0.0195289225079 0.0310720103892 0.0207699254436 0.0183467897552 0.00215775106878 0.0198380478151 0.0241817175383 0.0138482231222 0.0242394989595 -0.00961992334302 0.0212487902917 0.0177830892823 0.012032136956 0.0128473068466 0.0206245190338 0.0118489626921 0.0200887267552 0.00803097424568 0.015696031145 0.0187068266923 0.0241630038142 0.0349673321186 -0.00330551296098 0.00245415872499 -0.00626146667925 0.0219164806073 0.0109274232186 0.013891883199 -0.000990976903792 -0.00447235691981 -0.0105355150649 0.0176176434881 0.0169458496121 0.0120668392017 0.0416036097665 
0.00472326979714 0.0081356787615 0.0288613606861 0.0184318872728 0.275479177672 0.00236826582104 0.0142233309613 0.0120628732586 0.0119611750137 0.0253956767475 0.0242544104236 0.0155292232796 0.00443694424383 -0.00625386673191 -0.0185811004481 0.0135954568285 0.0230128974712 0.0508945839693 -0.0146882687373 0.00197366376844 0.00993878751937 0.0297878691519 0.0504580906895 0.0262172913365 0.039163939604 0.0319779245993 0.0025266036243 0.0288441119432 0.0183899188743 0.0236004922262 0.0421029631621 0.0143539946554 0.0188848729527 0.000959550607884 0.00539586408108 0.0493473137369 0.0177197435364 0.0479273455187 0.0266288990106 0.00988387359576 
0.0103690922666 0.00937673744785 0.0336559173115 0.0195289225079 0.00236826582104 0.244819490523 0.0174672415769 0.010746496103 -0.00111694628338 0.0163096693709 0.000919920038154 0.00172600754555 0.0439884438428 0.00814037047232 -0.00776527234301 0.0230401783274 0.0165387592175 0.0186248321511 -0.00710397635504 0.023421094524 0.00602545538776 0.00565203282074 0.0682194248676 0.0134921847025 -0.00243319661779 0.015580830427 -0.0126180788979 0.0122402311305 0.00698162494722 -0.00389286252014 0.00186490111623 0.0117653297301 0.0188326391851 -0.00824626964644 0.0327007127284 0.000145070456541 0.0128113633089 0.00323078469723 0.0133315607133 -0.00304424410435 
0.0111633555651 0.0156483897494 -0.00574159006215 0.0310720103892 0.0142233309613 0.0174672415769 0.135744386008 0.0127177408051 0.0109710731401 0.0195751183976 0.0245654088938 0.00961493713518 0.0275296133893 0.0500206802046 -0.000842961626627 0.0160544062338 0.0178091271165 0.00668149363194 0.00929102791196 0.0141615228664 0.0146100611555 0.0253287782152 0.0148873983293 0.0310832721676 0.0255680969077 0.0223945878839 0.00708374851952 -0.00441540894262 0.0191209156498 0.00700757615218 0.0210401527799 0.00302068178677 0.00795935612254 -0.0060853584958 0.0216653881724 0.0240533850975 0.0274429762755 0.0092101836574 0.0123297861667 0.0103020326914 
0.0500867118535 -0.00217230436472 0.0150072176447 0.0207699254436 0.0120628732586 0.010746496103 0.0127177408051 0.449604960024 0.0262580866668 0.0167471537865 0.0110585467347 0.0279694719801 -0.0153930812341 0.00734083013045 0.0458369232534 -0.0120018356466 0.0118766660821 -0.0323279193672 0.0296103706398 0.0240831810982 0.0996320056211 0.0307691873166 -0.0400829275055 0.0239010606841 0.00200243174384 0.0394341407435 0.0287561680652 0.0171708782362 0.0164899768438 -0.00983098468123 0.0404969383057 -0.0120252036341 0.00344018116812 0.0266409715755 0.0813488861149 0.0139180714447 0.0327529547035 0.0658079893178 0.0632696976499 0.0366173433828 
0.0420546619634 0.00873471398049 0.0124671322758 0.0183467897552 0.0119611750137 -0.00111694628338 0.0109710731401 0.0262580866668 0.150128454348 0.00430387695792 0.0174583587345 0.0137864475223 0.0148626174504 0.00613303059288 0.0182823713257 0.00116623123579 0.0123932687797 0.0108514615965 0.0153268996682 0.0107829355727 0.039388444876 0.0309062732401 0.00445862571453 0.00414438367428 0.011733150835 0.0219524687727 -0.0107798562419 0.0109449601695 0.0336076565307 -0.00379601324894 0.00861881263683 0.00563459680914 0.0139240274279 0.0112094583704 0.0319357544903 0.00697061183975 0.013937317947 0.0116529372708 0.025384468754 0.0046388683748 
0.00616530761969 0.00921318700294 0.00692490195411 0.00215775106878 0.0253956767475 0.0163096693709 0.0195751183976 0.0167471537865 0.00430387695792 0.197199878042 0.00659376961159 0.0134652487285 0.03734672421 0.0142366155257 0.0259583793964 0.0272224514286 0.0230741209002 0.0263767757374 -0.0104142475878 0.00838185611368 0.00878931662097 0.0183517456518 0.0310289676717 0.0165365988125 0.006509741155 0.0170321985113 0.0155648656726 0.00578278652492 0.00161693988459 0.00327961548718 0.0467939812515 0.0322325574831 0.0153760310224 0.0107476956554 -0.0141474598087 0.0132322729153 0.01698280811 0.0220489952315 0.0271031416543 -0.0018291633289 
0.0128836662092 0.0125290628025 -0.000111581327693 0.0198380478151 0.0242544104236 0.000919920038153 0.0245654088938 0.0110585467347 0.0174583587345 0.00659376961159 0.140733086041 0.0163892268479 0.0074726869131 0.0229853968974 0.00660663963547 0.0140379947153 0.0163414115611 -0.0176726912252 0.00781383279443 0.0196336550726 0.0133133566899 0.0379596261117 0.0197001630563 0.0313526493982 0.00948559208801 0.0258923263111 -0.00622879173665 0.018211219571 0.0114743770255 -0.00703428249635 0.0178480638649 -0.00766083081181 0.0180105748805 0.026942016314 0.0357057246888 0.0288756167053 0.0264871459322 0.0305453917763 0.0129174759511 0.012333517939 
0.0198462390542 -0.00850168679146 0.00678814026878 0.0241817175383 0.0155292232796 0.00172600754555 0.00961493713518 0.0279694719801 0.0137864475223 0.0134652487285 0.0163892268479 0.196863862863 0.000933273153197 -0.00330481329695 0.0369808680093 0.0339171416415 0.0143373413793 -0.0185044813245 -0.00821474705553 0.0362483038306 0.00270171992567 0.0255928314179 0.0308709791878 0.00557474168877 0.00982843494382 0.0188714095757 0.00379447052192 0.00225433692216 0.00818517694924 0.01342079184 0.0545503497174 0.0122446792804 0.0258589217766 0.0243024232483 0.0245298396116 0.0345851754316 0.0185048316037 0.0271157086688 0.0483041611741 -0.00979062767672 
0.00184612877221 0.00631559155252 -0.010807487405 0.0138482231222 0.00443694424383 0.0439884438428 0.0275296133893 -0.0153930812341 0.0148626174504 0.03734672421 0.0074726869131 0.000933273153198 0.51123020363 0.0134166845021 0.0558715882972 0.00264213948187 -0.0108295132161 0.0697044594469 0.00871053300656 0.00835535153029 0.0250403879764 -0.000383625238473 0.0207702760247 -0.00139254081569 0.0197393782662 0.0086613119497 -0.0100841803745 0.00366170139088 0.00143724642174 0.0226566895733 -0.0192189960436 -0.00201352286807 0.0198196358802 0.0141063096707 0.0182453283237 0.00835676804566 0.023133428627 0.0197603545751 0.00685804314921 0.0688228972359 
0.0018127506996 0.01375528944 0.00766258638987 0.0242394989595 -0.0062538667319 0.00814037047232 0.0500206802046 0.00734083013045 0.00613303059288 0.0142366155257 0.0229853968974 -0.00330481329695 0.0134166845021 0.263868743748 0.00608383319182 0.0217190036823 0.0125352639352 0.027727892006 0.00596823321516 0.00789417421599 -0.00425171372142 0.0264503749462 -0.0148367712495 0.0358922057448 0.00281303257555 0.00867700644436 0.0151371775742 -0.00250866600756 0.00400077168522 0.012379687045 0.00691977878524 -0.00354526530127 0.00489225631262 0.00362072402206 -0.0153618334612 7.77015822335e-05 0.0337528504816 0.0277247197106 0.0104537999314 0.0271039819328 
0.00978809858812 -0.00732000125814 0.0266370945222 -0.00961992334302 -0.0185811004481 -0.00776527234301 -0.000842961626627 0.0458369232534 0.0182823713257 0.0259583793964 0.00660663963547 0.0369808680093 0.0558715882972 0.00608383319182 1.20239719859 0.000799558036415 0.0158276182622 -0.0247338205582 0.0265696277652 0.038095884154 -0.0121807400229 0.00280342286573 0.00634334565689 -0.0261371673486 0.0204202238632 0.0475081358507 -0.0107756563067 -0.0156263557552 0.0133176203447 0.0261832551277 0.0152236295095 0.0133558229825 -0.0406037681661 0.0444404804543 -0.00200945124224 0.00542512756693 0.000371356752746 0.0789184248002 0.00534007121734 0.0357493852784 
0.00462612274007 0.0153294598308 0.0269887778735 0.0212487902917 0.0135954568285 0.0230401783274 0.0160544062338 -0.0120018356466 0.00116623123578 0.0272224514286 0.0140379947153 0.0339171416415 0.00264213948186 0.0217190036823 0.000799558036416 0.330317090326 0.0214233020047 0.0363060218208 0.00880318156403 0.0232727801624 -0.00788700453214 0.020188837802 0.0427988893948 0.0179294721388 0.0140044194337 0.0303464434154 0.0114302787883 0.0208181501502 0.00186818398994 -0.00944495912157 0.0303974481095 0.0103380546126 0.0108715933014 0.0469928967494 -0.0188465457815 0.0177136004847 0.0140589222072 0.000299767595126 0.0169989382042 0.00121072077342 
0.0216953582469 0.013604730004 0.00950162107562 0.0177830892823 0.0230128974712 0.0165387592175 0.0178091271165 0.0118766660821 0.0123932687797 0.0230741209002 0.0163414115611 0.0143373413793 -0.0108295132161 0.0125352639352 0.0158276182622 0.0214233020047 0.235193272969 -0.00303616223432 -0.0102285172319 0.00589455537676 0.0027708514294 0.0278233082975 0.015054649556 -0.000293532748288 0.0138580241002 0.0203910084772 0.00699951410921 0.0252648514874 0.0140188866183 0.0144590541929 0.0151353946792 0.0030953860366 0.0127921999875 0.00319103946171 0.0256256711692 0.0070171419419 0.0143202942337 0.0206599938003 0.021143634538 -0.0112048605804 
0.00996480245284 -0.0133146618205 0.00468653013122 0.012032136956 0.0508945839693 0.0186248321511 0.00668149363194 -0.0323279193672 0.0108514615965 0.0263767757374 -0.0176726912252 -0.0185044813245 0.0697044594469 0.027727892006 -0.0247338205582 0.0363060218208 -0.00303616223432 3.74807869044 0.00306550920585 0.0191224475086 -0.038885349246 -0.00566864614818 0.0288941035634 -0.0113927458274 0.00405944542187 -0.00583103123324 0.00197070823721 -0.0315104522404 -0.00670721768852 0.0170231673985 -0.0274380018425 0.0120144697777 0.0333571507794 0.0051037379883 -0.00111094828779 0.0320321521675 0.00350451432286 0.0459949356679 -0.00468728486605 -0.00970412349906 
0.00229702975318 -0.000312735300375 -0.0141183543341 0.0128473068466 -0.0146882687373 -0.00710397635504 0.00929102791196 0.0296103706398 0.0153268996682 -0.0104142475878 0.00781383279443 -0.00821474705553 0.00871053300656 0.00596823321517 0.0265696277652 0.00880318156403 -0.0102285172319 0.00306550920585 0.285084112489 0.00303134856671 -0.00329475303548 0.0129474810592 -0.00379942022302 0.00408847160013 0.0296135142411 0.00204396842574 0.0510988585552 0.0133787251229 0.00404969309437 -0.021453811459 0.00893797795149 -0.0182509658906 -0.0110298280086 0.00137139853299 0.00994648511496 0.0375461847141 0.0250908272187 0.0473950066327 0.0217301895365 0.0762803228864 
0.0109288361353 0.00241828490905 0.0037350768311 0.0206245190338 0.00197366376844 0.023421094524 0.0141615228664 0.0240831810982 0.0107829355727 0.00838185611368 0.0196336550726 0.0362483038306 0.00835535153029 0.00789417421599 0.038095884154 0.0232727801624 0.00589455537676 0.0191224475086 0.00303134856671 0.17151429999 0.0162243420113 0.026638024601 0.00257615471675 0.0224626505479 0.038033469916 0.00943842401156 0.032264002011 0.00178545440839 0.011761048569 0.0195949720892 -0.000800544454791 -0.00737647346121 0.0204717888004 -0.0020203936663 -0.0137991619127 0.00354418975928 0.0196794275527 0.0213698189339 0.0325957392639 0.000226889447676 
0.0402716842156 0.00926019936522 -0.00259431094036 0.0118489626921 0.00993878751937 0.00602545538776 0.0146100611555 0.0996320056211 0.039388444876 0.00878931662098 0.0133133566899 0.00270171992567 0.0250403879764 -0.00425171372142 -0.0121807400229 -0.00788700453215 0.0027708514294 -0.038885349246 -0.00329475303549 0.0162243420113 0.439071566146 0.0333644778068 -0.00353680791672 0.0458502359516 0.00870962105808 0.035235974766 0.0364694885886 -0.0112070827141 0.0424223897608 -0.0236646081048 0.0198002501704 0.0443752088057 0.00678112225075 0.00432907213069 0.0136585348641 0.0563763714264 0.00131781677896 0.0387647445514 0.0230208255792 0.0204336274139 
0.0211502099672 0.0135531074685 0.00740943418417 0.0200887267552 0.0297878691519 0.00565203282074 0.0253287782152 0.0307691873166 0.0309062732401 0.0183517456518 0.0379596261117 0.0255928314179 -0.000383625238473 0.0264503749462 0.00280342286573 0.020188837802 0.0278233082975 -0.00566864614818 0.0129474810592 0.026638024601 0.0333644778068 0.212518319724 -0.00364134044065 0.0507848968726 0.0425015395833 0.0578561258154 -0.00566116977381 0.000263718119051 0.0349969831581 0.00174883805064 0.0292611666198 0.00109978249633 0.0272917422717 0.0456884551673 0.0341617259452 0.0329484375642 0.0202651433569 0.0299792842445 0.0358746369534 0.0224447823036 
0.00662010392185 0.00964634861116 -0.00929803724806 0.00803097424568 0.0504580906895 0.0682194248676 0.0148873983293 -0.0400829275055 0.00445862571453 0.0310289676717 0.0197001630563 0.0308709791878 0.0207702760247 -0.0148367712495 0.00634334565689 0.0427988893948 0.015054649556 0.0288941035634 -0.00379942022302 0.00257615471675 -0.00353680791672 -0.00364134044065 0.487559150807 -0.00493244227019 0.0325756230348 0.0155640609435 0.000866710521364 0.017256089372 0.00390080978067 0.0243717941878 0.0245202739285 0.0164826693127 0.00488046457837 0.0277561869532 0.0479692306945 0.00371344001859 0.0127640262647 0.0102344853197 0.0360460962178 0.0683019859151 
0.0310213518994 -0.00864325493459 0.0126098985328 0.015696031145 0.0262172913365 0.0134921847025 0.0310832721676 0.0239010606841 0.00414438367428 0.0165365988125 0.0313526493982 0.00557474168877 -0.00139254081569 0.0358922057448 -0.0261371673486 0.0179294721388 -0.000293532748288 -0.0113927458274 0.00408847160013 0.0224626505479 0.0458502359516 0.0507848968726 -0.00493244227019 0.547937748351 0.0458448978736 0.0259592558469 -0.0140143605972 0.0461415452363 0.0128775509853 0.0513328374275 0.0340591372724 0.0051033091966 0.0191729562291 0.0547682286533 0.0366584354156 0.00628899888113 0.0278336692329 0.0175438357013 0.0362220775777 0.0538175300815 
-0.00304274660916 -0.000800388262512 0.009940215719 0.0187068266923 0.039163939604 -0.00243319661779 0.0255680969077 0.00200243174384 0.011733150835 0.006509741155 0.00948559208801 0.00982843494383 0.0197393782662 0.00281303257554 0.0204202238632 0.0140044194337 0.0138580241002 0.00405944542187 0.0296135142411 0.038033469916 0.00870962105808 0.0425015395833 0.0325756230348 0.0458448978736 0.248281547924 0.0177725407575 0.00176541826516 -0.0111201778635 0.0155274052525 -0.00544880028638 0.0538450898461 0.00980540040966 0.00600908593826 0.0287365622662 0.0313417829189 0.0167478976951 0.0152909691488 0.00363886597876 0.0118782206645 0.00837452294457 
0.00765703926875 0.0100859973899 0.0251348424497 0.0241630038142 0.0319779245993 0.015580830427 0.0223945878839 0.0394341407435 0.0219524687727 0.0170321985113 0.0258923263111 0.0188714095757 0.0086613119497 0.00867700644435 0.0475081358507 0.0303464434154 0.0203910084772 -0.00583103123324 0.00204396842575 0.00943842401156 0.035235974766 0.0578561258154 0.0155640609435 0.0259592558469 0.0177725407575 0.216901689779 0.0508184337266 0.00766081580315 0.0327785096252 0.0343678674482 0.0370177009377 0.00906473454875 0.0212728078596 0.0358453835382 0.0222279336144 0.00927994512954 0.031398352058 0.0352606144587 0.0546392414042 0.00776227242303 
-0.00160113187737 -0.00874850347329 0.0381525592161 0.0349673321186 0.0025266036243 -0.0126180788979 0.00708374851952 0.0287561680652 -0.0107798562419 0.0155648656726 -0.00622879173665 0.00379447052192 -0.0100841803745 0.0151371775742 -0.0107756563067 0.0114302787883 0.00699951410921 0.00197070823721 0.0510988585552 0.032264002011 0.0364694885886 -0.00566116977381 0.000866710521364 -0.0140143605972 0.00176541826516 0.0508184337266 1.25725593519 -0.0358763521128 0.00946446190078 0.0117124277551 0.0832052272462 0.00990934497835 0.0225228409452 0.00415306555354 0.0192197097465 0.0045062578268 0.0178163168789 0.0221474375089 0.0329511107204 -0.0213301492095 
0.00358955097266 0.0357840448007 0.0169232102793 -0.00330551296098 0.0288441119432 0.0122402311305 -0.00441540894262 0.0171708782362 0.0109449601695 0.00578278652492 0.018211219571 0.00225433692216 0.00366170139088 -0.00250866600756 -0.0156263557552 0.0208181501502 0.0252648514874 -0.0315104522404 0.0133787251229 0.00178545440839 -0.0112070827141 0.000263718119053 0.017256089372 0.0461415452363 -0.0111201778634 0.00766081580315 -0.0358763521128 0.327879792374 -0.00214516353771 0.0233289865147 0.00610264960785 -0.00550614957497 0.0201557463638 0.00235017596583 0.0036182815586 -0.0139503026327 0.00386213564038 0.0678042878338 0.0491740987027 0.029048580343 
0.0414562133962 0.00181018294452 0.00774576936863 0.00245415872499 0.0183899188743 0.00698162494722 0.0191209156498 0.0164899768438 0.0336076565307 0.00161693988459 0.0114743770255 0.00818517694924 0.00143724642174 0.00400077168521 0.0133176203447 0.00186818398994 0.0140188866183 -0.00670721768852 0.00404969309437 0.011761048569 0.0424223897608 0.0349969831581 0.00390080978067 0.0128775509853 0.0155274052525 0.0327785096252 0.00946446190078 -0.00214516353771 0.144451605963 -0.00333941778756 0.0121848672996 0.00409317746239 0.0204084258186 0.0309414232826 0.0092789235826 0.0223029835791 0.0120626113968 -0.0133205356058 0.0190244362435 -0.00348955720375 
-3.36047119518e-05 0.00832606385459 0.02486136974 -0.00626146667925 0.0236004922262 -0.00389286252014 0.00700757615218 -0.00983098468123 -0.00379601324894 0.00327961548718 -0.00703428249635 0.01342079184 0.0226566895733 0.012379687045 0.0261832551277 -0.00944495912157 0.0144590541929 0.0170231673985 -0.021453811459 0.0195949720892 -0.0236646081048 0.00174883805064 0.0243717941878 0.0513328374275 -0.00544880028639 0.0343678674482 0.0117124277551 0.0233289865147 -0.00333941778756 0.449375109553 0.00752808063815 0.00297068924812 -0.00214033714137 0.193861139536 0.0237147005192 -0.0209027554321 0.011181971089 0.0654141108861 0.0466460861346 0.0375398686026 
0.0137560491821 0.0265304521359 0.0215648954779 0.0219164806073 0.0421029631621 0.00186490111624 0.0210401527799 0.0404969383057 0.00861881263683 0.0467939812515 0.0178480638649 0.0545503497174 -0.0192189960436 0.00691977878524 0.0152236295095 0.0303974481095 0.0151353946792 -0.0274380018425 0.00893797795148 -0.000800544454792 0.0198002501704 0.0292611666198 0.0245202739285 0.0340591372724 0.0538450898461 0.0370177009377 0.0832052272462 0.00610264960785 0.0121848672996 0.00752808063814 0.38602617143 0.00574161116744 0.0219151418041 0.0701565686974 0.0288568642844 0.00955732304912 0.0333570691933 0.0211219432876 0.0492061864805 0.00316979294336 
0.0133042773457 0.0107171152989 -0.0127126072633 0.0109274232186 0.0143539946554 0.0117653297301 0.00302068178677 -0.0120252036341 0.00563459680914 0.0322325574831 -0.00766083081181 0.0122446792804 -0.00201352286807 -0.00354526530127 0.0133558229825 0.0103380546126 0.0030953860366 0.0120144697777 -0.0182509658906 -0.00737647346121 0.0443752088057 0.00109978249633 0.0164826693127 0.0051033091966 0.00980540040966 0.00906473454875 0.00990934497835 -0.00550614957497 0.00409317746239 0.00297068924812 0.00574161116744 0.313912350328 0.0133047903747 -0.00367204783075 -0.00267668090135 0.0105072388793 -0.00572440614972 0.00534023781682 -0.00324876133411 0.0246787411704 
0.0160927444754 0.0216409791719 0.0267986065724 0.013891883199 0.0188848729527 0.0188326391851 0.00795935612254 0.00344018116812 0.0139240274279 0.0153760310224 0.0180105748805 0.0258589217766 0.0198196358802 0.00489225631262 -0.0406037681661 0.0108715933014 0.0127921999875 0.0333571507794 -0.0110298280086 0.0204717888005 0.00678112225075 0.0272917422717 0.00488046457837 0.0191729562291 0.00600908593826 0.0212728078596 0.0225228409452 0.0201557463638 0.0204084258186 -0.00214033714137 0.0219151418041 0.0133047903747 0.212737892845 -0.0117352459171 -0.019767073058 0.0652884068978 0.0188935211003 0.0369785273162 0.0203903298809 -0.00395592086857 
0.0111833269545 0.00619539914985 0.0118110102399 -0.000990976903791 0.000959550607888 -0.00824626964644 -0.0060853584958 0.0266409715755 0.0112094583704 0.0107476956554 0.026942016314 0.0243024232483 0.0141063096707 0.00362072402206 0.0444404804542 0.0469928967494 0.00319103946171 0.0051037379883 0.001371398533 -0.0020203936663 0.00432907213069 0.0456884551673 0.0277561869532 0.0547682286533 0.0287365622662 0.0358453835382 0.00415306555354 0.00235017596583 0.0309414232826 0.193861139536 0.0701565686974 -0.00367204783075 -0.0117352459171 0.852596408766 0.0532083097668 0.0267841058914 0.00912852644288 0.0982102793062 0.0137635897521 0.0475379124851 
-0.000270901400143 0.00596175781053 0.0252900363535 -0.00447235691981 0.00539586408108 0.0327007127284 0.0216653881724 0.0813488861149 0.0319357544903 -0.0141474598087 0.0357057246888 0.0245298396116 0.0182453283237 -0.0153618334612 -0.00200945124224 -0.0188465457815 0.0256256711692 -0.00111094828779 0.00994648511496 -0.0137991619127 0.0136585348641 0.0341617259452 0.0479692306945 0.0366584354156 0.0313417829189 0.0222279336144 0.0192197097465 0.0036182815586 0.0092789235826 0.0237147005192 0.0288568642844 -0.00267668090135 -0.019767073058 0.0532083097668 0.617471689007 -0.0034531067298 0.0326747500307 -0.000456267122782 -0.00916956427124 0.00179323358316 
0.00700277961668 0.00441774286886 -0.000653324382235 -0.0105355150649 0.0493473137369 0.000145070456541 0.0240533850975 0.0139180714447 0.00697061183975 0.0132322729153 0.0288756167053 0.0345851754316 0.00835676804566 7.77015822338e-05 0.00542512756693 0.0177136004847 0.0070171419419 0.0320321521675 0.0375461847141 0.00354418975928 0.0563763714264 0.0329484375642 0.00371344001859 0.00628899888113 0.0167478976951 0.00927994512954 0.0045062578268 -0.0139503026327 0.0223029835791 -0.0209027554321 0.00955732304912 0.0105072388793 0.0652884068978 0.0267841058914 -0.0034531067298 0.703072365108 0.00825963857567 0.0434266631465 0.050523658472 -0.010388344378 
0.00752567729332 0.00685288104645 -0.00546923112144 0.0176176434881 0.0177197435364 0.0128113633089 0.0274429762755 0.0327529547035 0.013937317947 0.01698280811 0.0264871459322 0.0185048316037 0.023133428627 0.0337528504816 0.000371356752746 0.0140589222072 0.0143202942337 0.00350451432286 0.0250908272187 0.0196794275527 0.00131781677896 0.0202651433569 0.0127640262647 0.0278336692329 0.0152909691488 0.031398352058 0.0178163168789 0.00386213564038 0.0120626113968 0.011181971089 0.0333570691933 -0.00572440614972 0.0188935211003 0.00912852644288 0.0326747500307 0.00825963857567 0.148769736718 0.0163952083646 0.00935963063809 -0.000572485489807 
0.0132673285251 0.0114456686448 0.0327257492146 0.0169458496121 0.0479273455187 0.00323078469723 0.0092101836574 0.0658079893178 0.0116529372708 0.0220489952315 0.0305453917763 0.0271157086688 0.0197603545751 0.0277247197106 0.0789184248002 0.000299767595126 0.0206599938003 0.0459949356679 0.0473950066327 0.0213698189339 0.0387647445514 0.0299792842445 0.0102344853197 0.0175438357013 0.00363886597876 0.0352606144587 0.0221474375089 0.0678042878338 -0.0133205356058 0.0654141108861 0.0211219432876 0.00534023781682 0.0369785273162 0.0982102793061 -0.000456267122781 0.0434266631465 0.0163952083646 0.503374180048 0.0480933822867 0.0137293792834 
0.0232441110533 0.0227321078276 0.0101767591661 0.0120668392017 0.0266288990106 0.0133315607133 0.0123297861667 0.0632696976499 0.025384468754 0.0271031416543 0.0129174759511 0.0483041611741 0.00685804314921 0.0104537999314 0.00534007121734 0.0169989382042 0.021143634538 -0.00468728486605 0.0217301895365 0.0325957392639 0.0230208255792 0.0358746369534 0.0360460962178 0.0362220775777 0.0118782206645 0.0546392414042 0.0329511107204 0.0491740987027 0.0190244362435 0.0466460861346 0.0492061864805 -0.00324876133411 0.0203903298809 0.0137635897521 -0.00916956427124 0.050523658472 0.00935963063809 0.0480933822867 0.298193012533 0.0234495347956 
-0.0106736754651 -0.0104600834782 0.0213007970439 0.0416036097665 0.00988387359577 -0.00304424410435 0.0103020326914 0.0366173433828 0.0046388683748 -0.0018291633289 0.012333517939 -0.00979062767672 0.0688228972359 0.0271039819328 0.0357493852784 0.00121072077342 -0.0112048605804 -0.00970412349906 0.0762803228864 0.000226889447676 0.0204336274139 0.0224447823036 0.0683019859151 0.0538175300815 0.00837452294457 0.00776227242303 -0.0213301492095 0.029048580343 -0.00348955720375 0.0375398686026 0.00316979294336 0.0246787411704 -0.00395592086857 0.0475379124851 0.00179323358316 -0.010388344378 -0.000572485489807 0.0137293792834 0.0234495347956 0.573309009469 
0.0130480620125 0.000818067282005 -0.000905472689118 0.00049441010909 0.000409047163326 0.000897989731705 0.000966774951088 0.00433763648572 0.00364204056079 0.00053393130208 0.0011157582231 0.00171873471906 0.000159879441539 0.000156988815658 0.000847674203206 0.000400633981392 0.0018788731386 0.000862977206785 0.00019892861195 0.000946464972698 0.00348763015839 0.00183166191269 0.000573317817202 0.00268652788046 -0.000263509586081 0.000663119052451 -0.000138662088061 0.00031086423305 0.00359021339458 -2.91025342376e-06 0.00119130880474 0.00115218421604 0.00139367255323 0.000968504524143 -2.34607494445e-05 0.000606458504515 0.00065174277167 0.00114898435431 0.00201299906606 -0.000924367410454 
0.000818067282005 0.0134782860827 0.0019295852026 0.000525471923729 0.000704570448449 0.000812049283446 0.00135519030513 -0.00018812707646 0.000756448420189 0.000797885399436 0.00108504866726 -0.000736267673642 0.000546946272441 0.00119124300915 -0.000633930704529 0.00132757016398 0.00117820417951 -0.00115308353794 -2.70836714787e-05 0.000209429616483 0.000801956789438 0.00117373353679 0.000835398295102 -0.000748527834474 -6.93156568225e-05 0.000873472996214 -0.000757642625297 0.00309898918476 0.000156766441546 0.000721058281161 0.00229760455236 0.000928129410411 0.00187416377256 0.000536537305035 0.000516303371513 0.000382587755182 0.000593476907534 0.00099122398097 0.00196865828603 -0.000905869801779 
-0.000905472689118 0.0019295852026 0.02240898165 -0.000663829891323 0.0024994671542 0.00291468793794 -0.000497236285194 0.00129966317205 0.00107968532632 0.000599714101097 -9.66322643703e-06 0.000587870191721 -0.000935955864384 0.000663599447232 0.00230684005392 0.00233729672555 0.000822864522862 0.000405865414924 -0.00122268535129 0.000323467142082 -0.000224673917967 0.000641675823116 -0.000805233646216 0.00109204924686 0.000860847933175 0.00217674120815 0.00330410855005 0.00146559300155 0.000670803304509 0.00215305777677 0.00186757473138 -0.00110094408383 0.00232082740777 0.00102286349121 0.00219018139447 -5.65795511927e-05 -0.000473649309033 0.00283413301777 0.000881333196604 0.00184470313608 
0.00049441010909 0.000525471923729 -0.000663829891323 0.0142484707414 0.00159624826179 0.00169125430004 0.00269091503437 0.00179872830689 0.00158887860059 0.000186866724061 0.00171802533694 0.00209419816953 0.00119929130211 0.0020992021874 -0.000833109799752 0.00184019921923 0.00154006070762 0.00104201362657 0.00111260940993 0.00178613574241 0.00102615026998 0.00173973476996 0.00069550277139 0.00135931617102 0.00162005871397 0.00209257751348 0.00302825979172 -0.000286265819675 0.000212536380076 -0.000542258920918 0.00189802289675 0.000946342610524 0.00120307237567 -8.58211173248e-05 -0.000387317470735 -0.000912402368812 0.00152573268155 0.00146755362528 0.0010450189292 0.00360297829469 
0.000409047163325 0.000704570448448 0.0024994671542 0.00159624826179 0.0238571966077 0.000205097836393 0.00123177659389 0.00104467546846 0.0010358681421 0.00219933012096 0.00210049355807 0.00134487018611 0.000384250643034 -0.000541600746172 -0.00160917050183 0.00117740109895 0.00199297538248 0.00440760026325 -0.00127204138641 0.0001709242962 0.000860724247459 0.00257970514102 0.00436979883635 0.00227048403158 0.00339169666093 0.00276936950633 0.000218810292393 0.00249797336924 0.00159261369187 0.00204386258097 0.0036462235673 0.00124309240174 0.00163547797243 8.30995202645e-05 0.000467295536959 0.00427360273046 0.00153457480511 0.00415062987552 0.0023061303018 0.000855968562173 
0.000897989731705 0.000812049283445 0.00291468793794 0.00169125430004 0.000205097836393 0.0212019898134 0.00151270749397 0.000930673862688 -9.67303856066e-05 0.00141245880026 7.96674122491e-05 0.000149476638157 0.00380951098408 0.000704976762524 -0.000672492311635 0.00199533797393 0.00143229856294 0.00161295777841 -0.000615222399135 0.00202832628422 0.000521819743517 0.000489480400579 0.00590797549669 0.00116845747049 -0.000210721008341 0.00134933949618 -0.00109275768726 0.00106003511072 0.000604626456399 -0.000337131783588 0.00016150517422 0.00101890744302 0.00163095439546 -0.000714147900027 0.00283196479447 1.25634700703e-05 0.00110949660827 0.000279794162196 0.00115454702498 -0.000263639272969 
0.000966774951088 0.00135519030513 -0.000497236285194 0.00269091503437 0.00123177659389 0.00151270749397 0.0117558086704 0.0011013886616 0.000950122804613 0.00169525498144 0.00212742681564 0.000832677981485 0.00238413445515 0.00433191797718 -7.30026183074e-05 0.00139035236412 0.00154231565022 0.000578634322049 0.000804626619903 0.00122642385586 0.00126526841115 0.00219353653812 0.00128928651495 0.00269189033299 0.00221426214485 0.00193942820147 0.000613470617193 -0.000382385631241 0.00165591986964 0.000606873896674 0.00182213068069 0.000261598716409 0.000689300459988 -0.00052700750485 0.00187627765402 0.00208308425415 0.002376631461 0.000797625302083 0.00106779080436 0.000892182202141 
0.00433763648572 -0.00018812707646 0.00129966317205 0.00179872830689 0.00104467546846 0.000930673862688 0.0011013886616 0.0389369317048 0.00227401701082 0.00145034606202 0.000957698240122 0.00242222732652 -0.00133307993913 0.000635734537783 0.00396959399687 -0.0010393894562 0.00102854945393 -0.00279967994235 0.00256433331895 0.0020856646635 0.00862838478979 0.002664689787 -0.00347128334778 0.00206989257298 0.000173415675951 0.00341509676603 0.00249035720599 0.00148704167579 0.00142807388546 -0.000851388247816 0.00350713773482 -0.00104141318328 0.000297928428521 0.00230717581659 0.00704502019451 0.00120534034428 0.00283648908222 0.00569913905212 0.00547931654546 0.00317115495886 
0.00364204056079 0.000756448420189 0.00107968532632 0.00158887860059 0.0010358681421 -9.67303856066e-05 0.000950122804613 0.00227401701082 0.0130015055297 0.000372726678032 0.00151193821725 0.00119394137822 0.00128714042788 0.000531136029562 0.00158329980095 0.000100998587688 0.00107328855992 0.000939764141075 0.00132734844739 0.000933829613336 0.00341113938782 0.00267656177622 0.000386128313475 0.000358914154496 0.00101612066896 0.0019011395633 -0.000933562935461 0.000947861355018 0.00291050843172 -0.000328744390668 0.000746411069396 0.00048797039768 0.00120585614756 0.000970767571141 0.00276571746777 0.000603672693314 0.00120700714027 0.00100917397052 0.00219835948025 0.000401737785739 
0.00053393130208 0.000797885399436 0.000599714101097 0.000186866724061 0.00219933012096 0.00141245880026 0.00169525498144 0.00145034606202 0.000372726678032 0.0170780104008 0.000571037199034 0.00116612474671 0.0032343211914 0.00123292707092 0.00224806159984 0.00235753344904 0.00199827748695 0.00228429578585 -0.000901900297234 0.000725890032531 0.000761177147567 0.00158930779382 0.00268718742569 0.00143211146638 0.000563760121229 0.00147503165931 0.0013479569079 0.000500804003525 0.000140031101645 0.000284023032654 0.0040524776508 0.00279142136093 0.00133160334748 0.000930777746971 -0.00122520595934 0.00114594844945 0.00147075432509 0.00190949899984 0.0023472009195 -0.00015841019105 
0.0011157582231 0.00108504866726 -9.66322643704e-06 0.00171802533694 0.00210049355807 7.96674122491e-05 0.00212742681564 0.000957698240122 0.00151193821725 0.000571037199034 0.0121878427664 0.00141934867987 0.000647153670127 0.00199059376292 0.000572151775797 0.00121572600416 0.00141520775456 -0.00153049995542 0.00067669777009 0.0017003244062 0.00115297051031 0.00328740005309 0.00170608416654 0.00271521908548 0.000821476371816 0.00224234123485 -0.000539429187882 0.00157713787824 0.000993710199665 -0.000609186733923 0.00154568767153 -0.000663447409712 0.00155976153833 0.00233324705571 0.0030922064641 0.00250070176167 0.00229385412511 0.00264530852469 0.00111868623264 0.00106811398532 
0.00171873471906 -0.000736267673642 0.000587870191721 0.00209419816953 0.00134487018611 0.000149476638157 0.000832677981485 0.00242222732652 0.00119394137822 0.00116612474671 0.00141934867987 0.0170489106326 8.08238259339e-05 -0.000286205226992 0.00320263711501 0.00293731062853 0.00124165018572 -0.00160253509109 -0.000711417963575 0.00313919519614 0.000233975808954 0.00221640421627 0.00267350522164 0.000482786792201 0.000851167434079 0.00163431200978 0.000328610786589 0.000195231304328 0.000708857117251 0.00116227466723 0.00472419886406 0.0010604203318 0.00223944831731 0.00210465159065 0.00212434642544 0.00299516405181 0.00160256542616 0.00234828925488 0.00418326306853 -0.000847893228703 
0.000159879441539 0.000546946272441 -0.000935955864384 0.00119929130211 0.000384250643034 0.00380951098408 0.00238413445515 -0.00133307993913 0.00128714042788 0.0032343211914 0.000647153670127 8.08238259339e-05 0.0442738343525 0.00116191896134 0.00483862148151 0.000228815991164 -0.000937863355576 0.00603658326381 0.000754354286419 0.000723594668278 0.00216856121082 -3.32229202051e-05 0.0017987586681 -0.000120597572219 0.00170948030334 0.000750091617854 -0.000873315638067 0.000317112642558 0.000124469191272 0.00196212687361 -0.0016644138809 -0.000174376195485 0.0017164308166 0.00122164225285 0.00158009178287 0.000723717342108 0.00200341368676 0.00171129690498 0.000593923958746 0.00596023773683 
0.000156988815658 0.00119124300915 0.000663599447232 0.0020992021874 -0.000541600746171 0.000704976762525 0.00433191797718 0.000635734537784 0.000531136029562 0.00123292707092 0.00199059376292 -0.000286205226992 0.00116191896134 0.022851703535 0.00052687540965 0.00188092089338 0.0010855857011 0.00240130588706 0.000516864158004 0.000683655541294 -0.000368209209237 0.0022906696643 -0.00128490208122 0.00310835619729 0.00024361576721 0.000751450800961 0.00131091803209 -0.000217256849215 0.000346476991414 0.00107211234718 0.000599270421658 -0.000307028981405 0.000423681824856 0.00031356389832 -0.00133037380261 6.72915441285e-06 0.00292308259672 0.00240103115821 0.000905325630668 0.00234727368975 
0.000847674203206 -0.000633930704529 0.00230684005392 -0.000833109799752 -0.00160917050183 -0.000672492311635 -7.30026183075e-05 0.00396959399687 0.00158329980095 0.00224806159984 0.000572151775797 0.00320263711501 0.00483862148151 0.00052687540965 0.104130651942 6.92437571335e-05 0.00137071194964 -0.0021420116936 0.00230099726137 0.0032992003457 -0.00105488302967 0.000242783541928 0.000549349848385 -0.00226354509068 0.00176844326165 0.00411432525331 -0.000933199210407 -0.00135328210526 0.00115333975365 0.00226753640944 0.0013184049893 0.00115664819913 -0.00351638947212 0.00384865850298 -0.000174023582345 0.000469829829173 3.21604381745e-05 0.00683453607037 0.000462463733224 0.00309598758208 
0.000400633981392 0.00132757016398 0.00233729672555 0.00184019921923 0.00117740109895 0.00199533797393 0.00139035236412 -0.0010393894562 0.000100998587688 0.00235753344904 0.00121572600416 0.00293731062853 0.000228815991164 0.00188092089338 6.92437571336e-05 0.0286062991526 0.0018553123769 0.00314419372072 0.000762377886857 0.00201548188373 -0.00068303462846 0.00174840464094 0.00370649254697 0.00155273783487 0.00121281829948 0.00262807909122 0.000989891180296 0.00180290468899 0.000161789479423 -0.000817957453698 0.0026324962273 0.00089530179202 0.000941507597866 0.00406970423824 -0.00163215874203 0.00153404280123 0.00121753837813 2.59606352611e-05 0.00147215123222 0.000104851494667 
0.0018788731386 0.00117820417951 0.000822864522862 0.00154006070762 0.00199297538248 0.00143229856294 0.00154231565022 0.00102854945394 0.00107328855992 0.00199827748695 0.00141520775456 0.00124165018572 -0.000937863355576 0.0010855857011 0.00137071194964 0.0018553123769 0.0203683349191 -0.000262939362493 -0.000885815576588 0.000510483470029 0.000239962772797 0.0024095691803 0.00130377089606 -2.5420681686e-05 0.0012001400917 0.001765913135 0.000606175703272 0.00218800032109 0.00121407119442 0.00125219082458 0.00131076362885 0.000268068294221 0.00110783701595 0.000276352123832 0.00221924822215 0.000607702318365 0.00124017385961 0.00178920794731 0.00183109246383 -0.000970369390846 
0.000862977206785 -0.00115308353793 0.000405865414924 0.00104201362657 0.00440760026325 0.00161295777841 0.000578634322049 -0.00279967994235 0.000939764141075 0.00228429578585 -0.00153049995542 -0.00160253509109 0.00603658326381 0.00240130588706 -0.0021420116936 0.00314419372072 -0.000262939362493 0.32459313613 0.00026548088478 0.0016560525325 -0.0033675700282 -0.000490919156938 0.00250230277055 -0.000986640730542 0.000351558286062 -0.000504982117825 0.000170668339687 -0.00272888521249 -0.000580862090697 0.001474249542 -0.00237620066247 0.00104048360405 0.00288881399728 0.000441996675213 -9.62109439521e-05 0.0027740657515 0.000303499843152 0.00398327827338 -0.000405930776878 -0.000840401747165 
