50
0.752636600207 0.114977551813 0.0839491815724 0.0475630895173 0.0946597506959 0.0160922749751 0.0230030392576 0.10431458653 0.0723018126246 0.0493870590102 0.0269248151276 0.13190386478 0.080702843163 0.112605751981 0.070293401022 0.0038222736377 0.00642009941462 0.0289140833203 0.0132966740539 0.332832739506 0.0415097954764 0.0773544805674 0.00496789573306 0.0392369654355 0.0411806556966 0.0413132452317 0.0414486045552 0.0609589558998 0.0205855922537 0.0564449965361 0.0070666509449 0.0129348444485 0.0540494724418 0.0905831054983 0.143828325424 0.0477990277318 0.0110311255814 0.0300827450696 0.0800542827641 0.0636277148901 0.121962687623 0.099400173405 0.00108215816497 0.0824662750087 0.0571686925308 0.082081594572 0.0966324757555 0.0445346556631 0.0578888041786 0.0123351660469 
7.41709330067 -0.021164927904 -0.0203697429951 0.028738411421 0.00482521913519 -0.00558169012115 -0.00351609624787 0.0190629095605 -0.04128091264 0.00467411346304 -0.0068041113233 -0.0221217716719 0.0331381567672 0.108145414112 -0.0109496317571 -0.0185670721992 -0.00401753594393 -0.0156662914544 0.0156165309648 -0.0207153400531 0.00463494682419 0.0382297636171 -0.0192889107704 -0.0144325917516 -0.00607582412417 0.0163324832065 -0.0130948118622 0.0292147529124 0.00251623453617 -0.010333397422 0.0477080487407 0.0089935675011 -0.000108218185292 -0.00356770921918 0.0287621544035 -0.0190626828026 -0.0138727360658 -0.00202122210321 -0.0137950834839 0.0103762055574 0.113837499167 0.09763114339 -0.0153441990987 0.0776618739969 0.00159800159831 -0.00448583202138 0.0610023962319 -0.0338270467485 0.0348735659173 -0.000355238181611 
-0.021164927904 0.609272613067 -5.7199119539e-05 -0.0284738141739 -0.00515506000268 0.0131369581812 -0.00767463491286 0.0391204413496 0.00403519931729 -0.0129575407086 0.0218889932212 -0.0191021264658 0.0138169899085 0.0178638333882 0.0191461364062 -0.0034695556341 0.0200472443661 0.0349503223579 0.0108231723116 0.016205885941 -0.00699773142428 0.0144403234305 0.0265089742425 0.0151188546164 0.0111974850859 -0.00093340380535 0.0207003497383 -0.0112393222652 0.00326615235395 0.0152962862838 0.000679526231759 -0.00021912918197 -0.00562765306168 0.0203294061274 0.0149640851329 0.0398817994549 0.0143638527623 -0.00359576865448 0.00996407845663 0.0527909379033 0.0159660561066 0.0177329197115 0.00791176776699 0.033595846034 0.0132414745355 0.0320845021917 0.0270846388048 -0.0051797441836 0.00820208977235 0.000457585754074 
-0.0203697429951 -5.71991195405e-05 0.600001385744 -0.00163602683147 -0.00725531877204 -0.0104240569201 0.0303427706812 0.057391635646 0.0337794830491 0.0036925185006 -0.0321661878037 -0.00250086410286 0.00508198409781 0.022941190706 0.0144108471791 0.0238072631013 0.00198229452627 0.0114403004425 0.015896052642 0.0128822090145 -0.00990957148846 0.00867298792212 0.00605747071579 0.0353882303943 0.00848521937481 0.00361577818094 0.0251354054983 0.0386972376856 0.000663636423118 0.0039518120387 0.017470360664 0.0251629525327 0.00981533077513 0.00347571689677 0.0284753619194 0.0211810879454 0.0116818524239 0.0142756117758 0.039012271377 0.0166014016207 -0.00596032788843 -0.0106076253276 0.0172090769505 0.00680233901105 0.00996979059926 -0.00146865421272 -0.00737980736812 -0.012889502288 0.0200986076697 -0.0015102773286 
0.028738411421 -0.0284738141739 -0.00163602683148 0.302755991083 0.0112446151354 -0.0033043616734 0.00280573237751 0.0186692780927 0.0294059809547 0.0324583664312 0.0218153108023 0.0169207885995 0.00694446322174 -0.0127104425439 -0.00924022425724 0.00800035454556 0.00495634724712 -0.00768991073069 0.0284467388596 0.002953496391 0.0360443069741 0.0190538610699 -0.00193755746033 -0.00648542987156 0.0286178839094 -0.00569857172756 0.00526333587225 -0.00166057279535 0.0160590868285 0.00088225101702 -0.00385444833643 0.00949890493951 -0.00569824082724 0.0106417124571 0.0121859714618 -6.86490381249e-05 0.00354680117428 -0.00412935508326 0.00731728702692 -0.00804949368133 0.0376335279673 0.0201115406703 -0.00666257517366 0.0329648721797 0.0113786841443 0.000521418535863 0.0201512242553 -0.00516017132876 -0.0172183439773 -0.0203671794792 
0.00482521913519 -0.00515506000268 -0.00725531877204 0.0112446151354 0.452173185967 0.00386447521352 0.0049105084535 0.00989119763141 0.0410436200157 0.000182645920881 0.0272028419657 0.0237020730755 0.0289286963859 0.0371424251639 0.00199990020694 0.00111918724328 0.0181641179819 0.00703915011216 0.00573400688589 0.0188219228847 0.00395862024189 0.0350157663242 0.0242586273979 0.0225673693693 0.0565640791512 0.0259250516318 0.0326210537059 0.0226078487761 0.00109032400135 0.0288629665447 0.0167226384912 0.0115116211019 0.0309652034923 -0.026450911533 0.00144146334606 0.0170628560208 0.0104973541195 0.00556635266009 0.009297855361 0.000492022288771 0.0134217743488 0.0391591565433 0.0158257473717 -0.00159374603533 -0.00278571553074 0.0298431305715 0.00211014433175 -0.0154914148984 0.0253224003516 -0.0213770226753 
-0.00558169012115 0.0131369581812 -0.0104240569201 -0.0033043616734 0.00386447521352 0.223632929209 -0.0054788175766 0.0152634921303 -0.000733692905241 -0.00408039818475 0.0035131170456 -0.00874681206437 -0.00589462603443 0.00652842002505 0.0201448079686 0.00760148953416 -0.00188613983846 0.0246344200232 -0.00912925616582 -0.00494554779468 -0.0123510205073 0.00241816386684 0.00911112187512 0.00295385807845 -0.0138009376962 -0.00242147625012 -0.0168705180259 0.0120934578959 0.0127464645699 0.00568150439736 -0.00164444569758 0.00450780108795 0.0239200362447 0.0160677117609 -0.00974246240817 0.00239647703693 0.00696063555989 0.00263720107491 0.000563278943109 -0.00346039071674 0.0297020260347 -0.00772154824914 0.00302491292908 -0.00606700309993 1.32883031507e-05 0.0056299085376 0.00776581816257 0.0140507991434 0.0201733463349 0.0128214953221 
-0.00351609624787 -0.00767463491286 0.0303427706812 0.00280573237751 0.0049105084535 -0.0054788175766 0.121376259298 0.0228083964325 0.0384334728967 0.024721184344 0.0144579045745 0.00281577397564 -0.0089213248773 0.012053872241 0.012047138454 0.0149224774157 0.0291094202537 0.0144916876279 0.00467802227834 0.0159595980569 0.0108103884916 0.0281924644498 0.0192290857599 0.059109159054 0.0112163323376 0.0151280720952 0.0127212507291 0.013213983268 0.00832782998654 0.0101479613293 -9.01404589224e-05 0.0220346354556 0.0279569108419 0.0103225179953 0.00321149170941 0.0159284712943 0.0165340135885 0.0034002480676 0.0152286355147 0.00623176811807 0.0144273423505 0.0110403672973 0.0121028688626 -0.00476069303241 0.00901170749544 -0.00227929179393 0.0064058161785 0.0295422572548 0.000574035139071 0.0142039229087 
0.0190629095605 0.0391204413496 0.057391635646 0.0186692780927 0.00989119763141 0.0152634921303 0.0228083964325 0.567404843849 0.0259903430907 -0.000679987944858 -0.00583847664088 0.0439814200222 0.0277086389544 0.0242045466005 0.0278165055288 0.0142599280554 0.0112703915352 0.022184741713 0.0390166464157 0.0154651601223 -0.00958299352764 0.00130004918369 0.0149068285835 0.0122057893949 0.057477476025 0.000439666014405 -0.0108864638612 0.037538907662 0.0510404118952 0.000139569751299 0.00491116737744 0.00466433253502 0.00813346656985 0.0197012765253 0.0092094776903 -0.0164994252304 0.0193602936563 -0.00861946519967 0.0391522779078 0.00465569943204 -0.00403894941023 0.0418819693753 -0.00660396725478 0.00612376349616 0.0335299976411 0.0382923532107 0.0290428616436 -0.0165396673053 0.0104400976686 -0.00608876082757 
-0.04128091264 0.00403519931729 0.0337794830491 0.0294059809547 0.0410436200157 -0.00073369290524 0.0384334728967 0.0259903430907 0.46017850823 0.0251495346918 0.0044249892796 -0.00847277553964 0.00731164904794 0.0266025896523 0.00666257755608 0.0359959598365 0.0123052997056 0.015463004064 0.0267816672889 0.0641040111493 0.00373045308464 0.0498700998397 0.0135183621268 0.0391205726063 0.0183248425297 0.0228641740788 0.0290150685544 0.0305427441771 0.00322961426024 0.000789790444008 0.00216392492456 0.0148848079267 0.0148250752997 0.0185320061538 0.0260395586399 0.001856752325 0.0125775733375 0.00353573777006 0.00643233194937 0.0100660586604 -0.0212092283842 0.0623777349406 0.0169187947164 -0.0113826981843 0.0277407063533 0.0304163546019 0.0535121955228 0.0402243920554 -0.0115601931015 0.00322956065592 
0.00467411346304 -0.0129575407086 0.00369251850059 0.0324583664312 0.000182645920881 -0.00408039818475 0.024721184344 -0.000679987944859 0.0251495346918 0.214851124309 0.0112246172365 -0.00659174389832 0.0168585771613 0.018449429117 0.00548574045076 -0.00753396304739 0.0120481521698 0.00429161069869 -0.00319091513619 -0.00239095924059 0.0126832993804 0.0178228436129 0.00276553911822 0.0264794090492 0.0133685328243 0.00597810894176 0.000556879622974 0.020581382327 0.00722722301586 0.0300541778014 0.00312720488432 0.0105903769877 0.0133213297606 0.00460228570787 0.00836197913788 0.00784929327589 0.0158608686628 0.020434794445 -0.00917490994104 -0.00218072145876 0.0206436884675 0.0165485420529 0.0226821021651 0.0244274301698 0.00203241934209 0.0272052326334 0.0157640407528 0.00825246927967 0.00635841693757 0.0118463171318 
-0.0068041113233 0.0218889932212 -0.0321661878037 0.0218153108023 0.0272028419657 0.0035131170456 0.0144579045745 -0.00583847664088 0.0044249892796 0.0112246172365 0.174637768356 -0.020185511754 0.0212197846182 0.0320081830596 0.00769363379259 0.0163813746655 0.0381220419109 0.0648844031016 0.00515006209813 0.0133378949409 0.0381512558756 -0.0100566576661 0.0315460894321 0.0079159614299 0.0155025936367 0.0101583119357 0.00340537340829 -0.00348855164719 0.0259403830321 0.0471819118663 0.00115887195592 0.00876020757584 0.0275068995076 0.0141966816606 -0.0102106617485 0.0135512423297 0.0349099623993 0.012612505081 0.0099801397635 0.00950917125456 0.0473957924424 0.00334602090769 0.0105580642019 0.0599885442416 -0.00630006612119 0.0154098489478 0.0169282148781 0.0290622799221 0.0493083105123 0.00218205184282 
-0.0221217716719 -0.0191021264658 -0.00250086410286 0.0169207885995 0.0237020730755 -0.00874681206437 0.00281577397564 0.0439814200222 -0.00847277553964 -0.00659174389832 -0.020185511754 1.06641202443 -0.0238633459482 -0.00452519471661 -0.000367132081215 -0.0197225948551 -0.000503543831225 -0.0203515297433 -0.0048891279465 0.0329386807587 -0.0126686963254 -0.0033091533824 -0.0156306654502 -0.0024296942338 -0.00280795404068 0.00223890215254 -0.00797231330646 0.0249575628811 -0.00301112731046 -0.0206442013936 -0.0169501400642 -0.0190954867564 0.0113831741526 0.000901247273614 -0.017209040428 0.00907749424425 0.0139785217422 -0.00441723138183 -0.00794639422634 -0.0194119127019 -0.00808787156124 -0.0120310461368 -0.00706317987618 -0.0330419429592 0.0311998858395 0.00425791346957 -0.00915437303963 -0.0147820079267 -0.0340770541024 -0.0048141197016 
0.0331381567672 0.0138169899085 0.00508198409781 0.00694446322174 0.0289286963859 -0.00589462603443 -0.0089213248773 0.0277086389544 0.00731164904794 0.0168585771613 0.0212197846182 -0.0238633459482 0.339178944155 0.213025955636 0.0261323609974 0.00918276211249 0.0157070309451 0.0183087325083 -0.00475381628428 0.00320061970853 0.179581282473 -0.00134801431478 0.0125241388234 -0.00736343921837 0.000309762653392 0.00455531028827 -0.00953586953478 -0.00522660181797 -0.0011740540493 6.75345670411e-05 0.00995222881317 -0.00387606240462 0.00675097753438 0.00540992946511 -0.00693229235098 -0.0138183106975 0.00184963408372 -0.0123560929352 0.014927501132 -0.0039616097554 0.0715566635041 0.0196823364958 0.01322325441 0.0941130561746 0.0135597600279 0.0479845559557 -0.00153325235436 0.0470085320683 0.0730910090604 -0.00461848500984 
0.108145414112 0.0178638333882 0.022941190706 -0.0127104425439 0.0371424251639 0.00652842002505 0.012053872241 0.0242045466005 0.0266025896523 0.018449429117 0.0320081830596 -0.00452519471661 0.213025955636 0.439663660923 0.0344141186568 0.0101646296202 0.0317657443257 0.00786646522685 0.0014993306374 0.0200623870919 0.184360268058 0.0213397542194 0.0345874259689 0.0125564804492 -0.00622320410683 0.00628142244552 -0.00693189296461 0.000710232706609 -0.00790602668656 0.0576004232024 -0.00923941460997 0.0155252589971 0.00584502568494 -0.00591708606845 0.0181976154474 0.00528358589724 0.0201607067161 0.00897404246424 0.0170924660841 0.00244895767878 0.0876973578687 0.0374053658213 0.0151250695901 0.14093744462 0.0189457097547 0.0578291930511 0.0254893092459 0.109898201429 0.129918051422 0.0147032651689 
-0.0109496317571 0.0191461364062 0.0144108471791 -0.00924022425724 0.00199990020694 0.0201448079686 0.012047138454 0.0278165055288 0.00666257755608 0.00548574045076 0.00769363379259 -0.000367132081216 0.0261323609974 0.0344141186568 0.33540262993 0.0174546071887 -0.0121007221174 0.00584715818543 0.00571591226552 0.0172502530249 0.0225275463814 0.015808383267 -0.00142141480506 0.0131144260734 0.00293634617389 0.00789892547487 -0.00774703581627 0.0495406968524 0.00978950573872 -0.000924617996913 0.00804846816908 -0.00646968209189 0.0200161851373 0.00619860781441 0.0110702699075 0.0362913719082 0.00829715234163 -0.00104277061712 -0.00225055078827 9.39228784865e-05 0.0309013693885 0.00900018056928 0.00906044384014 0.0120821852079 0.00216366678034 0.0379120494787 0.0126670890112 -0.00888635107502 0.024635064605 -0.00315273930225 
-0.0185670721992 -0.0034695556341 0.0238072631013 0.00800035454556 0.00111918724328 0.00760148953416 0.0149224774157 0.0142599280554 0.0359959598365 -0.00753396304739 0.0163813746655 -0.0197225948551 0.00918276211249 0.0101646296202 0.0174546071887 0.209712393203 0.0309547488475 0.0148220488922 0.00409430186599 0.00440654698924 0.00636597423392 0.00341581681348 0.0164300039594 0.0206806926937 0.0112988369787 -0.00204692976906 0.0288385986046 0.025568737195 0.00345725849235 0.0153005745073 -0.00140269692256 0.0232896914413 0.0143280486158 0.015380878204 0.00236339013969 0.0219680049202 0.0149895325827 0.00281780288765 0.0242935913609 0.0242077098044 0.0312222336877 0.0204165893187 0.00510022112289 -0.00210773467079 0.0129660480954 0.0309273848662 0.014589942908 0.023292268652 0.0190238017301 0.0111316711607 
-0.00401753594393 0.0200472443661 0.00198229452627 0.00495634724711 0.0181641179819 -0.00188613983846 0.0291094202537 0.0112703915352 0.0123052997056 0.0120481521698 0.0381220419109 -0.000503543831226 0.0157070309451 0.0317657443257 -0.0121007221174 0.0309547488475 0.136553346567 0.0460182288588 -0.00450099501806 0.0139150346753 0.0240474207178 0.000745040448622 0.0462707375551 0.0176948932164 0.00596182354237 0.0171071876801 0.017072937801 0.00728347728565 0.00652473393384 0.0381262817823 0.00272547536072 0.0109219718272 0.0194268791562 0.0121486843853 -0.01690349123 0.00632004027148 0.0390134240662 0.00727607690351 0.0058235429408 0.0159956244263 0.0487562198376 0.00729319567533 0.00363669694184 0.0102854432281 0.0066684106486 0.0242991984739 0.00756869779313 0.0083743538637 0.0301080073926 -0.0032776358189 
-0.0156662914544 0.0349503223579 0.0114403004425 -0.00768991073069 0.00703915011216 0.0246344200232 0.0144916876279 0.022184741713 0.015463004064 0.00429161069869 0.0648844031016 -0.0203515297433 0.0183087325083 0.00786646522685 0.00584715818543 0.0148220488922 0.0460182288588 0.204655862412 0.00589772473952 0.0148028189794 0.0119618472602 0.00657179517672 0.039790260943 0.00716256597866 0.0125699768153 -0.00107279740738 0.006170776135 0.00921489066553 0.00801177697948 0.04259995576 0.0081782948808 0.00970019564954 0.038166309944 0.041573077803 -0.0100983158313 0.00880737078935 0.0390712540125 0.000182827527349 0.0296092840237 0.00571318489926 0.0479337721835 -0.000387068873748 0.00873386470658 0.0312688918442 -0.00328809584763 0.00724721241463 0.0121219637207 0.00674190855272 0.00711073143639 0.00422877653782 
0.0156165309648 0.0108231723116 0.015896052642 0.0284467388596 0.00573400688589 -0.00912925616582 0.00467802227834 0.0390166464157 0.0267816672889 -0.00319091513619 0.00515006209813 -0.0048891279465 -0.00475381628428 0.0014993306374 0.00571591226552 0.00409430186599 -0.00450099501806 0.00589772473952 0.273026327095 0.0175066142669 -0.0093847169032 0.0133681586353 -0.00285741096857 0.00922223533277 0.00473351991819 0.012704842386 0.0184888656241 0.00962384036406 -0.0127690399903 0.0174030237957 0.0125215000036 0.0229962546288 0.00715479356725 0.020113312157 -0.00156024757272 0.00237631003827 0.00757392698971 -0.00260752655849 0.111691780981 0.00491140892104 0.00210605454896 0.0531826063606 -0.000102687205667 -0.00269232789879 0.0375771634323 0.019477162879 0.0326678059775 -0.00226108108264 0.00115110409023 0.0249585149188 
-0.0207153400531 0.016205885941 0.0128822090145 0.002953496391 0.0188219228847 -0.00494554779468 0.0159595980569 0.0154651601223 0.0641040111493 -0.00239095924059 0.0133378949409 0.0329386807587 0.00320061970853 0.0200623870919 0.0172502530249 0.00440654698924 0.0139150346753 0.0148028189794 0.0175066142669 0.520794223892 0.00445913760501 0.0129894067125 0.00749734923982 0.0378284133891 0.022860199151 0.0106735626009 0.0322396391627 0.01211197571 -0.00128257346822 0.0145129414357 -0.00437534991015 -0.00416035843628 0.00905907622116 0.0274335662508 0.00244360311034 -0.0045901822839 0.00300065828001 -0.00970247879915 0.0287301394938 -0.0149999704116 0.000426245769365 0.0200727968192 0.0356641482703 -0.0211004920083 0.0146459944782 0.0206843146485 0.0651611692999 0.03362637827 0.0268702316797 -0.00691739928899 
0.00463494682419 -0.00699773142428 -0.00990957148845 0.0360443069741 0.00395862024189 -0.0123510205073 0.0108103884916 -0.00958299352763 0.00373045308464 0.0126832993804 0.0381512558756 -0.0126686963254 0.179581282473 0.184360268058 0.0225275463814 0.00636597423392 0.0240474207178 0.0119618472602 -0.00938471690319 0.00445913760501 0.354114696036 0.00609980756433 0.0167554168619 0.00986895830899 0.00622688318646 0.00177307762179 -0.0058154372605 -7.23278931702e-05 0.00198602879767 0.0414133532381 -0.0097391775049 -0.0115120687449 0.0170337930927 0.0128310561888 -0.0122838408767 -0.00714486608978 0.0156929015137 -0.0106207799415 0.009468124753 -0.00939922901 0.0860520575626 0.0143844258907 0.0184558744905 0.137242404457 -0.00271945266783 0.0126558889039 -0.00190850327961 0.0672348274206 0.103790623556 0.0206056572534 
0.0382297636171 0.0144403234305 0.00867298792211 0.0190538610699 0.0350157663242 0.00241816386684 0.0281924644498 0.00130004918369 0.0498700998397 0.0178228436129 -0.0100566576661 -0.0033091533824 -0.00134801431478 0.0213397542194 0.015808383267 0.00341581681348 0.000745040448621 0.00657179517672 0.0133681586353 0.0129894067125 0.00609980756433 0.28054478995 0.0179444174284 0.0335667183859 0.0117193179232 0.00866133122741 0.038123079442 0.0547341801135 0.0235234794464 0.00407746592308 0.00609436634958 0.0311211985159 0.0217908526488 0.034944055401 0.0355681128678 0.0545907546234 0.00352055014344 0.0188092004725 0.0080383480126 -0.0101278156114 0.00963357421655 0.0546849712133 0.0328170433021 -0.0188954290064 0.0170073734128 0.0477004888712 0.0394506172253 0.00669222623416 -0.00156799078814 0.00713363694845 
-0.0192889107704 0.0265089742425 0.00605747071579 -0.00193755746033 0.0242586273979 0.00911112187512 0.0192290857599 0.0149068285835 0.0135183621268 0.00276553911822 0.0315460894321 -0.0156306654502 0.0125241388234 0.0345874259689 -0.00142141480506 0.0164300039594 0.0462707375551 0.039790260943 -0.00285741096857 0.00749734923982 0.0167554168619 0.0179444174284 0.157020118709 0.0123629369308 0.00169186984936 0.00260053261034 -0.00725004462483 0.0188645770509 0.00214556067072 0.0509307468992 -0.00206643287875 -0.0074511106287 0.00543440242694 0.0130739369008 -0.0147030803011 0.0193965853897 0.0340332986102 -0.00256867554561 0.00527036735817 0.00213995228424 0.0362957443697 0.00966968013486 0.0082047233241 0.0461560059841 -0.00147240183001 0.0225808073033 -0.00198495418223 0.000245597787137 0.018092619649 0.0105080480079 
-0.0144325917516 0.0151188546164 0.0353882303943 -0.00648542987156 0.0225673693693 0.00295385807845 0.059109159054 0.0122057893949 0.0391205726063 0.0264794090492 0.00791596142989 -0.0024296942338 -0.00736343921837 0.0125564804492 0.0131144260734 0.0206806926937 0.0176948932164 0.00716256597866 0.00922223533277 0.0378284133891 0.009868958309 0.0335667183859 0.0123629369308 0.163159830552 0.0316795099796 0.034088077199 0.0304236301132 0.0290956432701 0.0172402694578 0.0114401287698 0.0166375010149 0.0268735002046 0.0231904378009 0.0123761028973 0.0266841024216 0.0353115983955 0.0192544664437 0.0156797139489 0.0176945947498 0.00277468867511 0.0133391161252 0.0341339505251 0.0161044956697 0.000368880032721 0.00887791832582 0.0184337123989 0.0254992039095 0.0378071599796 0.00755797562088 0.021874706533 
-0.00607582412417 0.0111974850859 0.00848521937481 0.0286178839094 0.0565640791512 -0.0138009376962 0.0112163323376 0.057477476025 0.0183248425297 0.0133685328243 0.0155025936367 -0.00280795404068 0.000309762653391 -0.00622320410683 0.00293634617389 0.0112988369787 0.00596182354237 0.0125699768153 0.00473351991819 0.022860199151 0.00622688318646 0.0117193179232 0.00169186984936 0.0316795099796 0.181182178298 0.0249745075431 0.00467154646443 0.0277895909034 0.000356082816969 0.00155593344795 0.0185334258114 0.0140335767994 0.00958264758925 0.00880923934125 0.0264717335617 0.0292417875346 0.0126470908688 -0.00895529638398 0.0302114653826 0.00165533486159 0.00146831730182 0.0511216306661 0.00139950995785 0.00977368396935 0.0230538557279 0.015573966948 0.0389806479217 -0.0105083183836 -0.00600471560774 0.00858379315472 
0.0163324832065 -0.000933403805351 0.00361577818094 -0.00569857172756 0.0259250516318 -0.00242147625012 0.0151280720952 0.000439666014404 0.0228641740788 0.00597810894176 0.0101583119357 0.00223890215254 0.00455531028827 0.00628142244552 0.00789892547487 -0.00204692976906 0.0171071876801 -0.00107279740738 0.012704842386 0.0106735626009 0.00177307762179 0.00866133122741 0.00260053261034 0.034088077199 0.0249745075431 0.141707871596 0.0136081871061 1.74346070665e-05 0.00557805040855 0.00138140145384 0.0118171429612 0.0234551643374 0.0152538339081 0.0152836831238 0.0180216289882 0.0115769650728 0.00863362063908 0.00970494442181 0.0123956462627 0.00955338096108 -0.0050163442789 0.0131253368483 -0.005788779704 0.00160248694902 -0.00655577464417 0.0192839531671 0.0120676347211 0.0257030897041 0.000197884248846 0.0117273750837 
-0.0130948118622 0.0207003497383 0.0251354054983 0.00526333587224 0.0326210537059 -0.0168705180259 0.0127212507291 -0.0108864638612 0.0290150685544 0.000556879622973 0.00340537340829 -0.00797231330646 -0.00953586953478 -0.00693189296461 -0.00774703581627 0.0288385986046 0.017072937801 0.006170776135 0.0184888656241 0.0322396391627 -0.0058154372605 0.038123079442 -0.00725004462483 0.0304236301132 0.00467154646443 0.0136081871061 0.311635245529 0.0180241184393 0.00513594186421 0.0117041308474 0.00191704637569 0.0162533991181 0.00118693766115 0.0373723473046 0.0341052218323 0.0467517150729 0.0171281123937 0.00834301265988 0.0177222818065 0.00178864780601 0.0115092324521 0.0224518274864 0.0081282091612 0.0178743478075 0.00476833729282 0.0253798984733 -0.0105143141309 0.0288057028015 0.00446211788509 0.0283138540053 
0.0292147529124 -0.0112393222652 0.0386972376856 -0.00166057279535 0.0226078487761 0.0120934578959 0.013213983268 0.037538907662 0.0305427441771 0.020581382327 -0.00348855164719 0.0249575628811 -0.00522660181797 0.000710232706609 0.0495406968524 0.025568737195 0.00728347728565 0.00921489066553 0.00962384036406 0.01211197571 -7.2327893171e-05 0.0547341801135 0.0188645770509 0.0290956432701 0.0277895909034 1.74346070671e-05 0.0180241184393 0.43337773083 0.00535889483623 0.0314877660289 -0.00204083221329 0.0238265643516 0.011950748018 -0.00534771331353 0.0252132627171 0.0347202697342 0.0170806099151 0.0274954054989 0.00427153691325 0.0110657488955 0.0012316357889 0.0516191441551 0.0245166102065 0.019792904708 0.0499333598646 0.0464137934125 0.0086685594394 0.00323402964684 0.00222267908483 0.0113867476639 
0.00251623453617 0.00326615235395 0.000663636423116 0.0160590868285 0.00109032400135 0.0127464645699 0.00832782998654 0.0510404118952 0.00322961426024 0.00722722301586 0.0259403830321 -0.00301112731046 -0.0011740540493 -0.00790602668656 0.00978950573872 0.00345725849235 0.00652473393384 0.00801177697948 -0.0127690399903 -0.00128257346822 0.00198602879767 0.0235234794464 0.00214556067072 0.0172402694578 0.000356082816967 0.00557805040855 0.00513594186421 0.00535889483622 0.151074717809 0.00967807404066 0.00703015096619 0.0112019818353 0.00592041837238 0.0292777944122 0.0305884721202 0.0160915613645 0.0142573088692 0.00809051279864 -0.0147632861192 0.0163578992843 0.00699896575045 0.00043452122212 0.0207715992116 -0.00594463634563 0.0024659441023 0.00969964257672 0.0277068847728 0.0340389746464 -0.0186206884938 0.00486048255955 
-0.010333397422 0.0152962862838 0.0039518120387 0.000882251017019 0.0288629665447 0.00568150439736 0.0101479613293 0.0001395697513 0.000789790444007 0.0300541778014 0.0471819118663 -0.0206442013936 6.75345670403e-05 0.0576004232024 -0.000924617996912 0.0153005745073 0.0381262817823 0.04259995576 0.0174030237957 0.0145129414357 0.0414133532381 0.00407746592308 0.0509307468992 0.0114401287698 0.00155593344795 0.00138140145384 0.0117041308474 0.0314877660289 0.00967807404066 0.24541964346 0.00715126241744 0.00460266229487 0.0238183200139 0.0218369045479 0.00411898518953 0.020712094732 0.0424638708449 0.0147580948453 -0.00105099061468 -0.00935059115494 0.0603435360505 0.00867398004038 0.0203397190043 0.0519085408257 0.00619483810581 0.0304255121926 0.0183641800026 0.0254617771685 0.0492890262886 0.0160567541267 
0.0477080487407 0.000679526231759 0.017470360664 -0.00385444833643 0.0167226384912 -0.00164444569758 -9.01404589231e-05 0.00491116737744 0.00216392492456 0.00312720488432 0.00115887195591 -0.0169501400642 0.00995222881317 -0.00923941460997 0.00804846816908 -0.00140269692256 0.00272547536072 0.0081782948808 0.0125215000036 -0.00437534991015 -0.0097391775049 0.00609436634958 -0.00206643287875 0.0166375010149 0.0185334258114 0.0118171429612 0.0019170463757 -0.00204083221329 0.00703015096619 0.00715126241744 0.169746039114 0.0232303592864 0.00570285327285 0.0102155145775 -0.0086845256112 0.0155487371731 -0.00720775976041 0.0195846768981 0.0240594163622 0.0026612434632 0.00024041700134 0.0238502731652 0.0188131108958 0.0162827845889 0.00252296050294 0.0278147474655 0.0124639391476 -0.00540881163687 0.00940489783945 0.020244452884 
0.0089935675011 -0.000219129181972 0.0251629525327 0.00949890493951 0.0115116211019 0.00450780108795 0.0220346354556 0.00466433253502 0.0148848079267 0.0105903769877 0.00876020757584 -0.0190954867564 -0.00387606240462 0.0155252589971 -0.0064696820919 0.0232896914413 0.0109219718272 0.00970019564954 0.0229962546288 -0.00416035843628 -0.0115120687449 0.0311211985159 -0.0074511106287 0.0268735002046 0.0140335767994 0.0234551643374 0.0162533991181 0.0238265643516 0.0112019818353 0.00460266229487 0.0232303592864 0.159333553953 0.00692484792774 0.0192045215832 0.00675940408126 0.0219355205901 0.0189301877737 -0.00223608698235 0.0166561377596 0.0143204223501 0.00526151208284 0.018708780248 0.0181310001355 0.00112796148167 0.00407842602603 0.0117593882859 0.0228373446966 0.0143149112997 -0.00388160851234 0.0183411484095 
-0.000108218185293 -0.00562765306168 0.00981533077513 -0.00569824082724 0.0309652034923 0.0239200362447 0.0279569108419 0.00813346656985 0.0148250752997 0.0133213297606 0.0275068995076 0.0113831741526 0.00675097753438 0.00584502568494 0.0200161851373 0.0143280486158 0.0194268791562 0.038166309944 0.00715479356725 0.00905907622116 0.0170337930927 0.0217908526488 0.00543440242694 0.0231904378009 0.00958264758925 0.0152538339081 0.00118693766115 0.011950748018 0.00592041837238 0.0238183200139 0.00570285327285 0.00692484792774 0.265628160618 0.0241284379611 -0.00755675392096 0.0152253593838 0.0257965679482 0.00273614486263 -0.0177301713541 0.0256093510943 0.0434113534221 0.00498660792772 0.0194211473226 0.0203238918758 0.0257569662094 0.0147930901773 0.0321716037629 -0.00676857842302 0.0285697330158 0.0344648370788 
-0.00356770921918 0.0203294061274 0.00347571689677 0.0106417124571 -0.026450911533 0.0160677117609 0.0103225179953 0.0197012765253 0.0185320061538 0.00460228570786 0.0141966816606 0.000901247273613 0.00540992946511 -0.00591708606845 0.00619860781441 0.015380878204 0.0121486843853 0.041573077803 0.020113312157 0.0274335662508 0.0128310561888 0.034944055401 0.0130739369008 0.0123761028973 0.00880923934125 0.0152836831238 0.0373723473046 -0.00534771331352 0.0292777944122 0.0218369045479 0.0102155145775 0.0192045215832 0.0241284379611 0.312123256019 -0.00980209051584 0.0302270731535 0.0102142828355 0.0117400809639 0.00838769598922 0.0177766323508 0.0494632768878 0.0194616380282 -0.00899789652829 0.0151663038633 0.0309219325229 0.0167054840218 0.0090369256064 0.0269412582586 0.00109530984614 0.00270303417852 
0.0287621544035 0.0149640851329 0.0284753619193 0.0121859714618 0.00144146334606 -0.00974246240817 0.00321149170941 0.00920947769029 0.0260395586399 0.00836197913788 -0.0102106617485 -0.017209040428 -0.00693229235098 0.0181976154474 0.0110702699075 0.00236339013969 -0.01690349123 -0.0100983158313 -0.00156024757272 0.00244360311034 -0.0122838408767 0.0355681128678 -0.0147030803011 0.0266841024216 0.0264717335617 0.0180216289882 0.0341052218323 0.0252132627171 0.0305884721202 0.00411898518953 -0.0086845256112 0.00675940408126 -0.00755675392096 -0.00980209051584 0.560361166101 0.0184447996701 -0.0101150584279 -0.00513491559576 0.00566762711254 0.0895170962669 -0.0320411696771 0.0279985634683 -0.000705689421077 -0.0117317951286 0.175792608595 -0.00366881182404 0.0753936549019 0.0344991779088 -0.000325187961563 0.022223089492 
-0.0190626828026 0.0398817994549 0.0211810879454 -6.86490381243e-05 0.0170628560208 0.00239647703693 0.0159284712943 -0.0164994252304 0.001856752325 0.00784929327589 0.0135512423297 0.00907749424425 -0.0138183106975 0.00528358589724 0.0362913719082 0.0219680049202 0.00632004027148 0.00880737078935 0.00237631003827 -0.0045901822839 -0.00714486608978 0.0545907546234 0.0193965853897 0.0353115983955 0.0292417875346 0.0115769650728 0.0467517150729 0.0347202697342 0.0160915613645 0.020712094732 0.0155487371731 0.0219355205901 0.0152253593838 0.0302270731535 0.0184447996701 0.262008636397 0.00996021568968 0.050393235604 -0.00550570418814 0.00422422346791 0.0200713500281 0.0183339471374 0.0111560187314 0.0288116305287 0.0186930964405 0.0155008401048 -0.00527963428997 -0.0105678710808 0.0183658758154 0.00623550983831 
-0.0138727360658 0.0143638527623 0.011681852424 0.00354680117428 0.0104973541195 0.00696063555989 0.0165340135885 0.0193602936563 0.0125775733375 0.0158608686628 0.0349099623993 0.0139785217422 0.00184963408372 0.0201607067161 0.00829715234163 0.0149895325827 0.0390134240662 0.0390712540125 0.00757392698971 0.00300065828001 0.0156929015137 0.00352055014344 0.0340332986102 0.0192544664437 0.0126470908688 0.00863362063908 0.0171281123937 0.0170806099151 0.0142573088692 0.0424638708449 -0.00720775976041 0.0189301877737 0.0257965679482 0.0102142828355 -0.0101150584279 0.00996021568968 0.133200330813 0.00475592303711 -0.00941652815341 0.000508627434348 0.0308266544348 0.0020808394508 -0.000182147324593 0.0159984121585 0.00597138520561 0.00402529306946 0.0127874492116 0.00775310424071 0.0266688601405 0.00267208013916 
-0.00202122210321 -0.00359576865448 0.0142756117758 -0.00412935508326 0.00556635266009 0.00263720107491 0.0034002480676 -0.00861946519967 0.00353573777006 0.020434794445 0.012612505081 -0.00441723138183 -0.0123560929352 0.00897404246424 -0.00104277061712 0.00281780288765 0.00727607690351 0.000182827527349 -0.00260752655849 -0.00970247879915 -0.0106207799415 0.0188092004725 -0.00256867554561 0.0156797139489 -0.00895529638398 0.00970494442181 0.00834301265989 0.0274954054989 0.00809051279864 0.0147580948453 0.0195846768981 -0.00223608698235 0.00273614486263 0.0117400809639 -0.00513491559576 0.050393235604 0.00475592303711 0.148922463711 0.0086406512996 0.00120956329642 0.00429696662268 0.00381339709358 0.01043270664 0.00557176984635 0.0072428396594 0.0348351578785 -0.00408286673827 0.012817630574 0.00150560245087 0.0130642915784 
-0.0137950834839 0.00996407845663 0.039012271377 0.00731728702692 0.009297855361 0.00056327894311 0.0152286355147 0.0391522779078 0.00643233194937 -0.00917490994104 0.0099801397635 -0.00794639422634 0.014927501132 0.0170924660841 -0.00225055078827 0.0242935913609 0.0058235429408 0.0296092840237 0.111691780981 0.0287301394938 0.009468124753 0.0080383480126 0.00527036735817 0.0176945947498 0.0302114653826 0.0123956462627 0.0177222818065 0.00427153691325 -0.0147632861192 -0.00105099061468 0.0240594163622 0.0166561377596 -0.0177301713541 0.00838769598922 0.00566762711254 -0.00550570418814 -0.00941652815341 0.0086406512996 0.324226681167 0.00279116549128 0.0108291834994 0.0261830175557 0.00718108055849 -0.0128430163256 0.032360349444 0.0239134063191 0.0248656855413 0.0168698806286 0.00537598151655 0.0469086440574 
0.0103762055574 0.0527909379033 0.0166014016207 -0.00804949368133 0.000492022288772 -0.00346039071674 0.00623176811806 0.00465569943204 0.0100660586604 -0.00218072145876 0.00950917125457 -0.0194119127019 -0.0039616097554 0.00244895767878 9.39228784862e-05 0.0242077098044 0.0159956244263 0.00571318489926 0.00491140892104 -0.0149999704116 -0.00939922901 -0.0101278156114 0.00213995228424 0.00277468867511 0.00165533486159 0.00955338096108 0.00178864780601 0.0110657488955 0.0163578992843 -0.00935059115495 0.0026612434632 0.0143204223501 0.0256093510943 0.0177766323508 0.0895170962669 0.00422422346791 0.000508627434349 0.00120956329642 0.00279116549128 0.213348410423 0.00144203476721 0.00939816807423 -0.000529225616164 0.000496967422092 0.0685250732169 0.00312374334507 0.0243665747704 0.0109459452059 0.011458265964 0.00991553555314 
0.113837499167 0.0159660561066 -0.00596032788843 0.0376335279673 0.0134217743488 0.0297020260347 0.0144273423505 -0.00403894941023 -0.0212092283842 0.0206436884675 0.0473957924424 -0.00808787156124 0.0715566635041 0.0876973578687 0.0309013693885 0.0312222336877 0.0487562198376 0.0479337721835 0.00210605454896 0.000426245769365 0.0860520575626 0.00963357421655 0.0362957443697 0.0133391161252 0.00146831730182 -0.0050163442789 0.0115092324521 0.0012316357889 0.00699896575045 0.0603435360505 0.000240417001341 0.00526151208284 0.0434113534221 0.0494632768878 -0.0320411696771 0.0200713500281 0.0308266544348 0.00429696662268 0.0108291834994 0.00144203476721 0.37065282033 0.0203048736714 -0.00237880645274 0.137510148026 0.0180406149404 0.0111746236734 0.0029014246685 0.00331869654542 0.102524496491 -0.0025265384985 
0.09763114339 0.0177329197115 -0.0106076253276 0.0201115406703 0.0391591565433 -0.00772154824914 0.0110403672973 0.0418819693753 0.0623777349407 0.0165485420529 0.00334602090769 -0.0120310461368 0.0196823364958 0.0374053658213 0.00900018056928 0.0204165893187 0.00729319567533 -0.000387068873749 0.0531826063606 0.0200727968192 0.0143844258907 0.0546849712133 0.00966968013486 0.0341339505251 0.0511216306661 0.0131253368483 0.0224518274864 0.0516191441551 0.00043452122212 0.00867398004037 0.0238502731652 0.018708780248 0.00498660792772 0.0194616380282 0.0279985634683 0.0183339471374 0.0020808394508 0.00381339709358 0.0261830175557 0.00939816807424 0.0203048736714 0.324985778257 0.0216259999353 0.023243551461 0.0333612817622 0.0401795080547 0.0723648525436 -0.000809936817652 0.0314179832552 0.0216080838351 
-0.0153441990987 0.00791176776699 0.0172090769505 -0.00666257517366 0.0158257473717 0.00302491292908 0.0121028688626 -0.00660396725478 0.0169187947164 0.0226821021651 0.0105580642019 -0.00706317987618 0.01322325441 0.0151250695901 0.00906044384014 0.00510022112289 0.00363669694184 0.00873386470657 -0.000102687205666 0.0356641482703 0.0184558744905 0.0328170433021 0.0082047233241 0.0161044956697 0.00139950995785 -0.005788779704 0.0081282091612 0.0245166102065 0.0207715992116 0.0203397190043 0.0188131108958 0.0181310001355 0.0194211473226 -0.00899789652829 -0.000705689421076 0.0111560187314 -0.000182147324593 0.01043270664 0.00718108055849 -0.000529225616165 -0.00237880645274 0.0216259999353 0.244195011734 0.00092464373792 0.0142685776084 0.0167424970399 0.0161137758288 -0.00312871158515 0.00565823031389 0.000526643469032 
0.0776618739969 0.033595846034 0.00680233901105 0.0329648721797 -0.00159374603533 -0.00606700309993 -0.00476069303241 0.00612376349617 -0.0113826981843 0.0244274301698 0.0599885442416 -0.0330419429592 0.0941130561745 0.14093744462 0.0120821852079 -0.00210773467079 0.0102854432281 0.0312688918442 -0.00269232789879 -0.0211004920083 0.137242404457 -0.0188954290064 0.0461560059841 0.000368880032721 0.00977368396936 0.00160248694902 0.0178743478075 0.019792904708 -0.00594463634563 0.0519085408258 0.0162827845889 0.00112796148167 0.0203238918758 0.0151663038633 -0.0117317951286 0.0288116305287 0.0159984121585 0.00557176984635 -0.0128430163256 0.000496967422094 0.137510148026 0.023243551461 0.000924643737921 0.350434062648 0.00334345928502 0.0311432203112 -0.00589817226637 0.0136935687099 0.126077035922 0.0133612809223 
0.00159800159831 0.0132414745355 0.00996979059926 0.0113786841443 -0.00278571553074 1.32883031507e-05 0.00901170749544 0.0335299976411 0.0277407063533 0.00203241934209 -0.00630006612119 0.0311998858395 0.0135597600279 0.0189457097547 0.00216366678034 0.0129660480954 0.0066684106486 -0.00328809584763 0.0375771634323 0.0146459944782 -0.00271945266783 0.0170073734128 -0.00147240183001 0.00887791832582 0.0230538557279 -0.00655577464417 0.00476833729282 0.0499333598646 0.0024659441023 0.00619483810581 0.00252296050294 0.00407842602603 0.0257569662094 0.0309219325229 0.175792608595 0.0186930964405 0.00597138520561 0.0072428396594 0.032360349444 0.0685250732169 0.0180406149404 0.0333612817622 0.0142685776084 0.00334345928502 0.312735104405 0.0213108230202 0.0569255458073 -0.0229275955553 0.0217781438192 0.0123541513774 
-0.00448583202138 0.0320845021917 -0.00146865421272 0.000521418535863 0.0298431305715 0.0056299085376 -0.00227929179393 0.0382923532107 0.0304163546019 0.0272052326334 0.0154098489478 0.00425791346957 0.0479845559557 0.0578291930511 0.0379120494787 0.0309273848662 0.0242991984739 0.00724721241463 0.019477162879 0.0206843146485 0.0126558889039 0.0477004888712 0.0225808073033 0.0184337123989 0.015573966948 0.0192839531671 0.0253798984733 0.0464137934125 0.00969964257672 0.0304255121926 0.0278147474655 0.0117593882859 0.0147930901773 0.0167054840218 -0.00366881182404 0.0155008401048 0.00402529306946 0.0348351578785 0.0239134063191 0.00312374334507 0.0111746236734 0.0401795080547 0.0167424970399 0.0311432203112 0.0213108230202 0.261463419476 0.0140667801199 0.0110285212049 0.035044052841 0.0186460283136 
0.0610023962319 0.0270846388048 -0.00737980736813 0.0201512242553 0.00211014433175 0.00776581816256 0.0064058161785 0.0290428616436 0.0535121955228 0.0157640407528 0.0169282148781 -0.00915437303963 -0.00153325235436 0.0254893092459 0.0126670890112 0.014589942908 0.00756869779313 0.0121219637207 0.0326678059775 0.0651611692999 -0.0019085032796 0.0394506172253 -0.00198495418223 0.0254992039095 0.0389806479217 0.0120676347211 -0.0105143141309 0.00866855943939 0.0277068847728 0.0183641800026 0.0124639391476 0.0228373446966 0.0321716037629 0.0090369256064 0.0753936549019 -0.00527963428997 0.0127874492116 -0.00408286673827 0.0248656855413 0.0243665747703 0.0029014246685 0.0723648525436 0.0161137758288 -0.00589817226637 0.0569255458072 0.0140667801199 0.449886283184 0.0371234215365 -0.00782492659248 0.0172503877958 
