30
0.0147816990943 0.0270606760034 0.0966324757555 0.073470583658 0.100072423231 0.0384658872101 0.168192385625 0.0422457423554 0.126255379542 0.185813705736 0.087070388143 0.10643743266 0.170228010564 0.0268374832388 0.0948967479515 0.0437038130991 0.022775665512 0.0431194173031 0.0444735285872 0.0831393543584 0.201887649263 0.00108215816497 0.0403512104362 0.282509070746 0.0723018126246 0.0367129888202 0.00753480783794 0.0372282541949 0.135848421796 0.0269248151276 
0.222239653767 0.0174212008007 0.00880707468861 0.0234925220218 0.0111304554881 0.0378765322303 0.025639686435 0.00584711085453 0.0016766345291 0.0187961425757 0.0292583279305 0.022709160455 0.0170985967661 0.0118332488852 0.012428331234 0.00639606791905 0.0136485075457 0.0124084193244 0.0384547977774 0.00419178723062 0.00713407687064 0.00606032841754 0.00561540293414 0.00352989233615 0.0370077093417 0.0275995115692 0.0215273959669 0.0115295760794 0.0184961337409 0.0177656576518 
0.0174212008007 0.195613192892 0.00196574081355 0.0625349139293 0.0186219577925 0.0042523567554 -0.00443215843937 0.00887501249317 0.0200723953981 0.0476321711085 0.00373526775649 0.103486574108 0.0138096441787 0.00298418376272 0.0292200554015 0.0103253375774 0.020727410077 0.00391157046027 0.0173041711768 -0.00874696845143 -0.0118682341933 -0.00249774886794 0.0226788843537 0.0824602757571 -0.00582597470477 0.0131442720996 0.00957902026197 0.0165513626559 0.0176938966343 0.051290571583 
0.00880707468861 0.00196574081355 0.470909127104 0.0145078104975 0.0189563230928 0.0298095021143 -0.00859435088176 -0.00825960082784 0.0203850655103 0.0438157977223 0.0239526887601 0.0173369043169 0.0278651975629 0.0315786769521 0.037534876238 0.016564991733 0.0155167696223 0.0211401826514 0.0488578694436 0.0445644622173 -0.0144663983127 0.0184207669296 0.00223977891247 0.0143739398102 0.0577889254916 0.0465839675211 0.0327561796519 0.0149984254609 0.00390634209485 0.0179557604847 
0.0234925220218 0.0625349139293 0.0145078104975 0.456049014206 0.0090219958356 0.0209626287313 0.010233446896 0.017631918098 0.0728801356856 0.0402719532216 0.0916901587114 0.0604367912392 0.0311957304553 0.0101468868574 0.0270949481422 0.029159931964 0.0405728159268 0.00237356371605 0.00182037827861 0.0373117425498 -0.0197762717194 0.0389681900539 0.0309846780905 0.016933059933 0.0318123947141 0.0264460224671 -0.0119207603144 0.0358983991057 0.00342231451361 0.0659911237934 
0.0111304554881 0.0186219577925 0.0189563230928 0.0090219958356 0.491505155856 0.0133828064418 -0.0391418368311 -0.00715984376005 0.0465896747378 0.0164852840995 0.0470691154219 -0.000496914178158 -0.0411986752606 0.00261114798 0.0485415282254 0.0147021580183 0.0291223054903 -0.0104067693504 0.00455178124502 0.000686890611837 0.0283041626083 0.0215386281482 0.0192127202486 0.048800450025 -0.00122150156626 0.0150411222104 0.00491705367378 -0.0017167166706 0.0223517033957 0.00549443004601 
0.0378765322303 0.0042523567554 0.0298095021143 0.0209626287313 0.0133828064418 0.241559982409 0.029525280143 0.0256991520606 0.0228709724133 0.0604721058735 0.0274971402797 0.00971114011473 0.0159325207295 0.0100681261064 0.0297250252414 0.0160280251736 0.0337192641102 0.0213987483251 0.0124639238673 0.0276132931226 -0.0009461499262 0.00629046723155 0.0175412700827 0.000577906866329 0.0381673108452 0.0230006201048 0.016452312824 0.0139018115581 0.0132284410841 0.0143533129153 
0.025639686435 -0.00443215843937 -0.00859435088176 0.010233446896 -0.0391418368311 0.029525280143 0.711104123389 0.034416602848 -0.0018272910913 0.00817434395654 -0.00356387018836 0.0252835264786 0.0460541842604 0.011365947056 -0.0137561593868 -0.0132592061348 0.0137005823872 0.0449459388961 0.00944375955248 0.0221922092392 0.0146775219211 -0.00818476655248 0.0114375520998 0.0495111876358 0.0371259277532 -0.0115634301319 0.0136538381247 0.0210445750365 -0.0177800301415 0.00014966754371 
0.00584711085453 0.00887501249317 -0.00825960082784 0.017631918098 -0.00715984376005 0.0256991520606 0.034416602848 0.1840222387 0.0332028759916 0.0530065212292 0.00262083423283 -0.010830695391 -0.00679950445983 0.00914914886037 0.0185835450599 0.0229343739232 0.0140761072077 0.0368008851113 0.0248454730648 -0.0022156666707 0.0101969993374 0.023340714443 0.0117601169597 0.0291538772458 -0.00412309962144 0.040559861794 0.0130383278964 0.0235409425607 0.0139461795292 0.00501839077515 
0.0016766345291 0.0200723953981 0.0203850655103 0.0728801356856 0.0465896747378 0.0228709724133 -0.0018272910913 0.0332028759916 0.513576245794 0.0413153250582 0.0164138938071 -0.00423613240837 0.0234660999743 0.026323254523 0.0352706742426 0.0300381481676 0.042601254767 0.0145368813107 0.053122760223 -0.0202834330852 0.0412616626135 0.0590192368499 0.00495390353885 0.103134968106 0.0323934308225 0.0308228792198 0.0500940737701 0.0408187184777 -0.00720330953176 -0.00667662935002 
0.0187961425757 0.0476321711085 0.0438157977223 0.0402719532216 0.0164852840995 0.0604721058735 0.00817434395654 0.0530065212292 0.0413153250582 0.612207885956 0.0186405910158 0.0580041710157 0.0881020576923 0.00220736002426 0.0101451348809 0.0485141688802 0.0353999386499 0.018276924875 0.0537971083497 0.0336516178833 0.0402715382273 0.0115252260585 0.053860259036 0.0181839424436 0.0946975244856 0.0452789864847 0.0315976358154 0.0550545412986 0.0272536621541 0.0266114664607 
0.0292583279305 0.00373526775649 0.0239526887601 0.0916901587114 0.0470691154219 0.0274971402797 -0.00356387018836 0.00262083423283 0.0164138938071 0.0186405910158 0.608703929979 0.0213515268644 0.0438418243641 0.0126494063668 0.00500009168645 0.0208034842379 0.042231967454 0.00637360905312 0.026404337899 0.0738599003709 0.0464134834865 -0.0156469990105 0.02402140258 0.0528000365823 0.00197268248513 0.00892871931885 0.0312980808862 0.0267265142612 0.0218551665784 -0.00545185630013 
0.022709160455 0.103486574108 0.0173369043169 0.0604367912392 -0.000496914178158 0.00971114011473 0.0252835264786 -0.010830695391 -0.00423613240837 0.0580041710157 0.0213515268644 0.498326393327 -0.00948483731935 0.00198126516556 0.00562697936566 0.0229367228971 0.0522534167636 0.0312459271964 0.0196796185869 0.00115913753183 -0.0214310599892 0.00142317528026 0.0164162957377 0.114144340538 0.0120992409553 0.0113325115259 0.0213874897258 0.0236197527768 -0.00720835507035 0.0276093512515 
0.0170985967661 0.0138096441787 0.0278651975629 0.0311957304553 -0.0411986752606 0.0159325207295 0.0460541842604 -0.00679950445983 0.0234660999743 0.0881020576923 0.0438418243641 -0.00948483731935 0.575567201697 0.000194931798298 0.0550008168371 -0.0102225979615 0.0085714282699 0.00263298942666 -0.0211365453495 0.0192338861638 0.0449149291546 -0.0267892735497 0.0293025442041 0.047673287969 0.0318211897421 0.013474980449 0.023241926996 0.0048774655538 0.0341525328756 -0.00371592262321 
0.0118332488852 0.00298418376272 0.0315786769521 0.0101468868574 0.00261114798 0.0100681261064 0.011365947056 0.00914914886037 0.026323254523 0.00220736002426 0.0126494063668 0.00198126516556 0.000194931798298 0.159678810991 -0.0015955884744 0.00639854453571 0.0135417008075 0.0210872572736 0.0439016924673 0.0225155333216 0.00940741922748 0.02353379371 0.0140061938489 0.0028436664556 0.00456799198709 0.0282559706372 0.00110403970467 0.0108697972593 -0.00182252770227 0.0065794767292 
0.012428331234 0.0292200554015 0.037534876238 0.0270949481422 0.0485415282254 0.0297250252414 -0.0137561593868 0.0185835450599 0.0352706742426 0.0101451348809 0.00500009168645 0.00562697936566 0.0550008168371 -0.0015955884744 0.553017745636 -0.000685452506365 0.014484226697 -0.0205045464739 0.0220904043915 0.0127991420804 0.016129694663 0.0351165505706 0.0295300274104 0.0360635146739 -0.0197951790856 0.0115770357279 0.029754049132 0.0187019525573 0.045103996753 0.0163841405741 
0.00639606791905 0.0103253375774 0.016564991733 0.029159931964 0.0147021580183 0.0160280251736 -0.0132592061348 0.0229343739232 0.0300381481676 0.0485141688802 0.0208034842379 0.0229367228971 -0.0102225979615 0.00639854453571 -0.000685452506365 0.210653508412 0.027558362087 0.0244207286604 0.0344889174706 0.0270243471234 0.0175485756988 0.0129477423258 0.0225923404594 0.0259460639392 0.0316989648948 0.0158399831433 -0.00426738967373 0.0234249820906 0.0122787822226 0.00589737984606 
0.0136485075457 0.020727410077 0.0155167696223 0.0405728159268 0.0291223054903 0.0337192641102 0.0137005823872 0.0140761072077 0.042601254767 0.0353999386499 0.042231967454 0.0522534167636 0.0085714282699 0.0135417008075 0.014484226697 0.027558362087 0.230554066514 0.0355085401413 0.0158322349638 0.00668330060396 0.0263520376344 0.0238028941809 0.0265964297693 0.0340284996086 0.031051771417 0.0444046194075 0.0220558718046 0.0357078255596 0.0223057389386 0.0214975723131 
0.0124084193244 0.00391157046027 0.0211401826514 0.00237356371605 -0.0104067693504 0.0213987483251 0.0449459388961 0.0368008851113 0.0145368813107 0.018276924875 0.00637360905312 0.0312459271964 0.00263298942666 0.0210872572736 -0.0205045464739 0.0244207286604 0.0355085401413 0.176924900481 0.0161107630789 0.0110386666667 0.0187758253303 0.0188884772692 0.0241644645865 0.0317490154255 0.0124220258987 0.0210821453618 0.00675340853433 0.022545529423 0.00987121468263 0.00154156896254 
0.0384547977774 0.0173041711768 0.0488578694436 0.00182037827861 0.00455178124502 0.0124639238673 0.00944375955248 0.0248454730648 0.053122760223 0.0537971083497 0.026404337899 0.0196796185869 -0.0211365453495 0.0439016924673 0.0220904043915 0.0344889174706 0.0158322349638 0.0161107630789 0.339707430016 0.0208190148005 -0.00127372179626 0.0244439304146 0.0203653959207 0.0276931800064 0.0309943011453 0.0335579775259 0.0311227581284 0.00950201207426 -0.000953433098011 0.00302094531293 
0.00419178723062 -0.00874696845143 0.0445644622173 0.0373117425498 0.000686890611837 0.0276132931226 0.0221922092392 -0.0022156666707 -0.0202834330852 0.0336516178833 0.0738599003709 0.00115913753183 0.0192338861638 0.0225155333216 0.0127991420804 0.0270243471234 0.00668330060396 0.0110386666667 0.0208190148005 0.299632887696 0.0346527490968 -0.000733873277095 0.0193351406486 0.0204680226132 0.039681506784 0.024477174191 -0.00130162286242 0.0179124739182 0.0119647674309 0.00315727499358 
0.00713407687064 -0.0118682341933 -0.0144663983127 -0.0197762717194 0.0283041626083 -0.000946149926201 0.0146775219211 0.0101969993374 0.0412616626135 0.0402715382273 0.0464134834865 -0.0214310599892 0.0449149291546 0.00940741922748 0.016129694663 0.0175485756988 0.0263520376344 0.0187758253303 -0.00127372179626 0.0346527490968 0.777189082088 0.0124623986942 0.0261930290278 0.0951545917457 0.0215301307524 0.00492951098589 0.0298403731771 0.00993776592718 0.00126067781394 0.00198913734033 
0.00606032841754 -0.00249774886795 0.0184207669296 0.0389681900539 0.0215386281482 0.00629046723155 -0.00818476655248 0.023340714443 0.0590192368499 0.0115252260585 -0.0156469990105 0.00142317528026 -0.0267892735497 0.02353379371 0.0351165505706 0.0129477423258 0.0238028941809 0.0188884772692 0.0244439304146 -0.000733873277096 0.0124623986942 0.237387016739 0.00617310663435 -0.0134036848618 0.0258418973226 -0.00126694885085 0.012137185321 0.0259492100467 -0.00807745695605 0.0133915417174 
0.00561540293414 0.0226788843537 0.00223977891247 0.0309846780905 0.0192127202486 0.0175412700827 0.0114375520998 0.0117601169597 0.00495390353885 0.053860259036 0.02402140258 0.0164162957377 0.0293025442041 0.0140061938489 0.0295300274104 0.0225923404594 0.0265964297693 0.0241644645865 0.0203653959207 0.0193351406486 0.0261930290278 0.00617310663435 0.179282087848 0.0202061743457 0.0268462106428 0.0137973672824 0.0159115895851 0.0229233218337 -0.00273063757589 0.000443590295545 
0.00352989233615 0.0824602757571 0.0143739398102 0.016933059933 0.048800450025 0.000577906866329 0.0495111876358 0.0291538772458 0.103134968106 0.0181839424436 0.0528000365823 0.114144340538 0.047673287969 0.0028436664556 0.0360635146739 0.0259460639392 0.0340284996086 0.0317490154255 0.0276931800064 0.0204680226132 0.0951545917457 -0.0134036848618 0.0202061743457 0.85895752899 0.043791266513 0.0130541055328 0.0267306102295 0.0185339791243 0.05121298612 0.0280284222353 
0.0370077093417 -0.00582597470477 0.0577889254916 0.0318123947141 -0.00122150156626 0.0381673108452 0.0371259277532 -0.00412309962144 0.0323934308225 0.0946975244856 0.00197268248514 0.0120992409553 0.0318211897421 0.00456799198709 -0.0197951790856 0.0316989648948 0.031051771417 0.0124220258987 0.0309943011453 0.039681506784 0.0215301307524 0.0258418973226 0.0268462106428 0.043791266513 0.458619219777 0.0776781049616 0.0144165773781 0.0361790200944 0.0240486407553 0.000187927939927 
0.0275995115692 0.0131442720996 0.0465839675211 0.0264460224671 0.0150411222104 0.0230006201048 -0.0115634301319 0.040559861794 0.0308228792198 0.0452789864847 0.00892871931885 0.0113325115259 0.013474980449 0.0282559706372 0.0115770357279 0.0158399831433 0.0444046194075 0.0210821453618 0.0335579775259 0.024477174191 0.00492951098589 -0.00126694885085 0.0137973672824 0.0130541055328 0.0776781049616 0.288273195084 0.0236559947858 0.047060867248 -0.00492685147867 0.0169994449297 
0.0215273959669 0.00957902026197 0.0327561796519 -0.0119207603144 0.00491705367378 0.016452312824 0.0136538381247 0.0130383278964 0.0500940737701 0.0315976358154 0.0312980808862 0.0213874897258 0.023241926996 0.00110403970467 0.029754049132 -0.00426738967373 0.0220558718046 0.00675340853433 0.0311227581284 -0.00130162286242 0.0298403731771 0.012137185321 0.0159115895851 0.0267306102295 0.0144165773781 0.0236559947858 0.304230004841 0.0319403851783 0.00519960029549 0.0179302398153 
0.0115295760794 0.0165513626559 0.0149984254609 0.0358983991057 -0.0017167166706 0.0139018115581 0.0210445750365 0.0235409425607 0.0408187184777 0.0550545412986 0.0267265142612 0.0236197527768 0.0048774655538 0.0108697972593 0.0187019525573 0.0234249820906 0.0357078255596 0.022545529423 0.00950201207426 0.0179124739182 0.00993776592718 0.0259492100467 0.0229233218337 0.0185339791243 0.0361790200944 0.047060867248 0.0319403851783 0.182369861489 0.0204902690014 0.0140634268895 
0.0184961337409 0.0176938966343 0.00390634209485 0.00342231451361 0.0223517033957 0.0132284410841 -0.0177800301415 0.0139461795292 -0.00720330953176 0.0272536621541 0.0218551665784 -0.00720835507035 0.0341525328756 -0.00182252770227 0.045103996753 0.0122787822226 0.0223057389386 0.00987121468263 -0.000953433098011 0.0119647674309 0.00126067781394 -0.00807745695605 -0.00273063757589 0.05121298612 0.0240486407553 -0.00492685147867 0.00519960029549 0.0204902690014 0.633777446814 0.0151197855392 
0.0177656576518 0.051290571583 0.0179557604847 0.0659911237934 0.00549443004601 0.0143533129153 0.000149667543709 0.00501839077515 -0.00667662935002 0.0266114664607 -0.00545185630013 0.0276093512515 -0.00371592262321 0.0065794767292 0.0163841405741 0.00589737984606 0.0214975723131 0.00154156896254 0.00302094531293 0.00315727499358 0.00198913734033 0.0133915417174 0.000443590295545 0.0280284222353 0.000187927939927 0.0169994449297 0.0179302398153 0.0140634268895 0.0151197855392 0.219221445396 
0.019246518589 0.00150872024579 0.000762715041336 0.00203451208698 0.000963925720837 0.00328020391187 0.00222046197978 0.000506374653877 0.000145200809507 0.00162779369637 0.002533845526 0.00196667098527 0.00148078191685 0.00102478941439 0.00107632505753 0.000553915730223 0.00118199542584 0.00107460063557 0.00333028317726 0.000363019422897 0.000617829180252 0.000524839836486 0.000486308159345 0.000305697643573 0.00320496164257 0.00239018781509 0.00186432717847 0.00099849057796 0.00160181216914 0.00153855108414 
0.00150872024579 0.016940599436 0.000170238148179 0.00541568240862 0.00161270885165 0.000368264897613 -0.000383836180209 0.000768598627799 0.00173832043295 0.00412506702174 0.000323483676706 0.00896220021284 0.0011959502676 0.000258437894808 0.00253053102777 0.000894200464471 0.00179504636814 0.000338751938729 0.00149858518305 -0.000757509688504 -0.00102781923095 -0.000216311397191 0.00196404899798 0.00714126936087 -0.000504544209614 0.00113832735525 0.000829567489023 0.00143339005273 0.00153233639772 0.00444189379655 
0.000762715041336 0.000170238148179 0.0407819266946 0.00125641324441 0.00164166573607 0.00258157861052 -0.000744292619264 -0.000715302414203 0.00176539845898 0.00379455939146 0.00207436369552 0.00150141995614 0.00241319689709 0.00273479364584 0.003250615635 0.00143457036543 0.00134379166775 0.00183079352168 0.00423121561129 0.00385939563862 -0.001252826844 0.00159528521182 0.000193970543706 0.00124481970281 0.00500466775332 0.00403428992824 0.00283676837094 0.00129890174659 0.000338299149002 0.00155501447241 
0.00203451208698 0.00541568240862 0.00125641324441 0.0394950031674 0.000781327758647 0.00181541690114 0.000886242498017 0.00152696889903 0.0063116048935 0.00348765345499 0.00794060067211 0.00523397965364 0.00270162950639 0.000878746178783 0.00234649134053 0.00252532418534 0.00351370892957 0.00020555664756 0.000157649383378 0.00323129169076 -0.00171267537011 0.00337474425262 0.00268335183544 0.00146644600658 0.00275503419776 0.00229029272855 -0.00103236812647 0.00310889255807 0.000296381130853 0.00571499896293 
0.000963925720837 0.00161270885165 0.00164166573607 0.000781327758647 0.0425655951062 0.00115898503526 -0.00338978250465 -0.000620060658333 0.0040347841877 0.00142766748187 0.0040763049689 -4.30340301786e-05 -0.0035679099378 0.000226132048372 0.00420381965817 0.00127324423343 0.00252206563714 -0.000901252662876 0.000394195819065 5.94864719472e-05 0.00245121238516 0.0018652999139 0.00166387038111 0.00422624294377 -0.000105785138715 0.00130259939356 0.000425829339326 -0.000148672024784 0.00193571429585 0.000475831599916 
0.00328020391187 0.000368264897613 0.00258157861052 0.00181541690114 0.00115898503526 0.0209197081304 0.00255696426577 0.00222561185402 0.00198068431192 0.00523703799068 0.00238132220136 0.000841009403906 0.00137979676981 0.000871925297662 0.00257426269872 0.00138806769729 0.00292017393163 0.00185318596588 0.00107940747 0.00239138133264 -8.19389871878e-05 0.000544770442419 0.00151911855062 5.00482027262e-05 0.00330538607861 0.00199191213136 0.00142481208566 0.00120393219679 0.00114561660313 0.00124303336131 
0.00222046197978 -0.000383836180209 -0.000744292619264 0.000886242498017 -0.00338978250465 0.00255696426577 0.0615834235591 0.00298056523784 -0.000158248050517 0.000707918952563 -0.000308640211891 0.00218961762278 0.00398840935201 0.00098431988886 -0.00119131834875 -0.00114828093467 0.0011865052394 0.0038924324881 0.000817853567968 0.00192190169673 0.00127111068483 -0.000708821575849 0.000990521067551 0.00428779462642 0.00321519965734 -0.00100142242492 0.00118245706752 0.00182251365935 -0.00153979577826 1.29615894974e-05 
0.000506374653877 0.000768598627799 -0.000715302414203 0.00152696889903 -0.000620060658333 0.00222561185402 0.00298056523784 0.0159367933576 0.00287545340874 0.00459049939507 0.000226970902474 -0.000937965734929 -0.000588854359536 0.000792339533608 0.00160938221142 0.00198617504374 0.00121902664283 0.00318705013882 0.00215168108432 -0.000191882362315 0.000883086046853 0.00202136516501 0.00101845600386 0.00252479983137 -0.00035707090145 0.00351258706876 0.00112915231811 0.00203870542866 0.00120777457581 0.00043460538974 
0.000145200809507 0.00173832043295 0.00176539845898 0.0063116048935 0.0040347841877 0.00198068431192 -0.000158248050517 0.00287545340874 0.0444770075638 0.0035780121066 0.00142148490119 -0.000366859827945 0.00203222387055 0.00227966071272 0.00305452999027 0.00260137993958 0.00368937688613 0.00125893085068 0.00460056598723 -0.00175659683277 0.00357336480257 0.0051112158424 0.000429020631254 0.00893175023979 0.0028053534008 0.00266933964221 0.0043382740464 0.00353500471516 -0.000623824904582 -0.000578213062877 
0.00162779369637 0.00412506702174 0.00379455939146 0.00348765345499 0.00142766748187 0.00523703799068 0.000707918952563 0.00459049939507 0.0035780121066 0.0530187581635 0.00161432253612 0.00502330856251 0.00762986200872 0.000191162985631 0.000878594453166 0.00420145026937 0.00306572461633 0.00158282812448 0.0046589662481 0.00291431559654 0.00348761751543 0.0009981138551 0.00466443525796 0.00157477560971 0.008201046188 0.00392127525534 0.00273643553157 0.00476786313583 0.00236023637716 0.00230462059869 
0.002533845526 0.000323483676706 0.00207436369552 0.00794060067211 0.0040763049689 0.00238132220136 -0.000308640211891 0.000226970902474 0.00142148490119 0.00161432253612 0.0527153066745 0.00184909646741 0.00379681336475 0.00109547072564 0.000433020642171 0.00180163458372 0.0036573956667 0.000551970735379 0.00228668273907 0.00639645500422 0.00401952557775 -0.00135506986361 0.00208031448688 0.0045726173001 0.000170839314573 0.000773249775338 0.00271049331372 0.00231458403048 0.00189271294609 -0.000472144605369 
0.00196667098527 0.00896220021284 0.00150141995614 0.00523397965364 -4.30340301786e-05 0.000841009403906 0.00218961762278 -0.000937965734929 -0.000366859827945 0.00502330856251 0.00184909646741 0.0431563315997 -0.000821411006932 0.0001715825965 0.000487310707723 0.00198637847084 0.00452527863518 0.00270597667169 0.0017043049633 0.000100384254904 -0.00185598423807 0.000123250594675 0.00142169291449 0.00988518986042 0.00104782500338 0.000981424287012 0.00185221094257 0.00204553059358 -0.000624261861042 0.00239103995658 
0.00148078191685 0.0011959502676 0.00241319689709 0.00270162950639 -0.0035679099378 0.00137979676981 0.00398840935201 -0.000588854359536 0.00203222387055 0.00762986200872 0.00379681336475 -0.000821411006932 0.0498455818254 1.68815889331e-05 0.00476321046098 -0.00088530295273 0.000742307462845 0.000228023573139 -0.00183047852209 0.00166570340313 0.00388974696571 -0.0023200191443 0.00253767476763 0.00412862784631 0.00275579586953 0.00116696753843 0.00201280992115 0.000422400907567 0.00295769610738 -0.00032180833902 
0.00102478941439 0.000258437894808 0.00273479364584 0.000878746178783 0.000226132048372 0.000871925297662 0.00098431988886 0.000792339533608 0.00227966071272 0.000191162985631 0.00109547072564 0.0001715825965 1.68815889331e-05 0.0138285906764 -0.000138182015282 0.000554130211517 0.00117274569098 0.00182621004951 0.00380199809458 0.00194990238363 0.000814706403505 0.00203808632002 0.00121297196835 0.000246268739044 0.00039559971051 0.00244703883804 9.56126431033e-05 0.000941352056054 -0.000157835528927 0.000569799399109 
0.00107632505753 0.00253053102777 0.003250615635 0.00234649134053 0.00420381965817 0.00257426269872 -0.00119131834875 0.00160938221142 0.00305452999027 0.000878594453166 0.000433020642171 0.000487310707723 0.00476321046098 -0.000138182015282 0.0478927416465 -5.93619283599e-05 0.00125437082738 -0.00177574581395 0.00191308513829 0.00110843821883 0.00139687253335 0.00304118248874 0.00255737539119 0.00312319198573 -0.00171431279606 0.00100260070409 0.00257677624138 0.0016196366015 0.00390612070003 0.00141890819563 
0.000553915730223 0.000894200464471 0.00143457036543 0.00252532418534 0.00127324423343 0.00138806769729 -0.00114828093467 0.00198617504374 0.00260137993958 0.00420145026937 0.00180163458372 0.00198637847084 -0.00088530295273 0.000554130211517 -5.93619283599e-05 0.0182431289681 0.00238662416541 0.00211489713989 0.00298682786786 0.00234037711296 0.00151975123554 0.00112130737758 0.00195655407687 0.00224699504995 0.00274521088726 0.00137178277976 -0.00036956678653 0.00202866295737 0.00106337373323 0.000510728076246 
0.00118199542584 0.00179504636814 0.00134379166775 0.00351370892957 0.00252206563714 0.00292017393163 0.0011865052394 0.00121902664283 0.00368937688613 0.00306572461633 0.0036573956667 0.00452527863518 0.000742307462845 0.00117274569098 0.00125437082738 0.00238662416541 0.0199665678547 0.00307512978137 0.00137111176773 0.000578790810416 0.00228215340329 0.00206139110442 0.00230331838301 0.00294695451137 0.00268916228796 0.00384555284522 0.00191009452854 0.00309238840485 0.0019317336571 0.00186174437429 
0.00107460063557 0.000338751938729 0.00183079352168 0.00020555664756 -0.000901252662875 0.00185318596588 0.0038924324881 0.00318705013882 0.00125893085068 0.00158282812448 0.000551970735379 0.00270597667169 0.000228023573139 0.00182621004951 -0.00177574581395 0.00211489713989 0.00307512978137 0.0153221458378 0.00139523301006 0.000955976575729 0.0016260341713 0.00163579011539 0.00209270402008 0.00274954539037 0.00107577899947 0.00182576734496 0.000584862335286 0.0019525001222 0.000854872268137 0.000133503788324 
0.00333028317726 0.00149858518305 0.00423121561129 0.000157649383378 0.000394195819065 0.00107940747 0.000817853567968 0.00215168108432 0.00460056598723 0.0046589662481 0.00228668273907 0.0017043049633 -0.00183047852209 0.00380199809458 0.00191308513829 0.00298682786786 0.00137111176773 0.00139523301006 0.0294195264248 0.0018029795699 -0.000110307543291 0.00211690647074 0.00176369502255 0.00239829973971 0.00268418521643 0.00290620610371 0.00269530991751 0.000822898384338 -8.25697283686e-05 0.000261621538444 
0.000363019422897 -0.000757509688504 0.00385939563862 0.00323129169076 5.94864719472e-05 0.00239138133264 0.00192190169673 -0.000191882362315 -0.00175659683277 0.00291431559654 0.00639645500422 0.000100384254904 0.00166570340313 0.00194990238363 0.00110843821883 0.00234037711296 0.000578790810416 0.000955976575729 0.0018029795699 0.0259489692554 0.00300101610288 -6.35552901123e-05 0.00167447229874 0.00177258275483 0.00343651929354 0.00211978546622 -0.0001127238465 0.00155126574578 0.00103617925455 0.000273428035117 
0.000617829180252 -0.00102781923095 -0.001252826844 -0.00171267537011 0.00245121238516 -8.19389871878e-05 0.00127111068483 0.000883086046853 0.00357336480257 0.00348761751543 0.00401952557775 -0.00185598423807 0.00388974696571 0.000814706403505 0.00139687253335 0.00151975123554 0.00228215340329 0.0016260341713 -0.000110307543291 0.00300101610288 0.0673065488632 0.00107927538613 0.00226838285402 0.00824062937385 0.00186456401784 0.000426908174201 0.00258425212297 0.000860635774981 0.000109177901286 0.000172264346834 
0.000524839836486 -0.000216311397191 0.00159528521182 0.00337474425262 0.0018652999139 0.000544770442419 -0.000708821575849 0.00202136516501 0.0051112158424 0.0009981138551 -0.00135506986361 0.000123250594675 -0.0023200191443 0.00203808632002 0.00304118248874 0.00112130737758 0.00206139110442 0.00163579011539 0.00211690647074 -6.35552901123e-05 0.00107927538613 0.0205583187025 0.000534606716561 -0.00116079315946 0.00223797395634 -0.000109720989013 0.00105111108184 0.00224726751086 -0.000699528292191 0.00115974153231 
0.000486308159345 0.00196404899798 0.000193970543706 0.00268335183544 0.00166387038111 0.00151911855062 0.000990521067551 0.00101845600386 0.000429020631254 0.00466443525796 0.00208031448688 0.00142169291449 0.00253767476763 0.00121297196835 0.00255737539119 0.00195655407687 0.00230331838301 0.00209270402008 0.00176369502255 0.00167447229874 0.00226838285402 0.000534606716561 0.015526284252 0.00174990602967 0.0023249500412 0.00119488705719 0.00137798407953 0.00198521790472 -0.000236480150925 3.84160464814e-05 
0.000305697643573 0.00714126936087 0.00124481970281 0.00146644600658 0.00422624294377 5.00482027262e-05 0.00428779462642 0.00252479983137 0.00893175023979 0.00157477560971 0.0045726173001 0.00988518986042 0.00412862784631 0.000246268739044 0.00312319198573 0.00224699504995 0.00294695451137 0.00274954539037 0.00239829973971 0.00177258275483 0.00824062937385 -0.00116079315946 0.00174990602967 0.0743879040878 0.00379243492641 0.00113051870151 0.00231493875174 0.00160508967549 0.00443517469836 0.00242733256838 
0.00320496164257 -0.000504544209614 0.00500466775332 0.00275503419776 -0.000105785138715 0.00330538607861 0.00321519965734 -0.00035707090145 0.0028053534008 0.008201046188 0.000170839314573 0.00104782500338 0.00275579586953 0.00039559971051 -0.00171431279606 0.00274521088726 0.00268916228796 0.00107577899947 0.00268418521643 0.00343651929354 0.00186456401784 0.00223797395634 0.0023249500412 0.00379243492641 0.039717589499 0.00672712122146 0.00124851222451 0.00313319504858 0.00208267338206 1.62750370058e-05 
0.00239018781509 0.00113832735525 0.00403428992824 0.00229029272855 0.00130259939356 0.00199191213136 -0.00100142242492 0.00351258706876 0.00266933964221 0.00392127525534 0.000773249775338 0.000981424287012 0.00116696753843 0.00244703883804 0.00100260070409 0.00137178277976 0.00384555284522 0.00182576734496 0.00290620610371 0.00211978546622 0.000426908174201 -0.000109720989013 0.00119488705719 0.00113051870151 0.00672712122146 0.0249651910172 0.00204866924363 0.00407559065609 -0.000426677854121 0.00147219511593 
0.00186432717847 0.000829567489023 0.00283676837094 -0.00103236812647 0.000425829339326 0.00142481208566 0.00118245706752 0.00112915231811 0.0043382740464 0.00273643553157 0.00271049331372 0.00185221094257 0.00201280992115 9.56126431032e-05 0.00257677624138 -0.00036956678653 0.00191009452854 0.000584862335286 0.00269530991751 -0.0001127238465 0.00258425212297 0.00105111108184 0.00137798407953 0.00231493875174 0.00124851222451 0.00204866924363 0.0263470912786 0.00276611849711 0.000450298594542 0.0015528043176 
0.00099849057796 0.00143339005273 0.00129890174659 0.00310889255807 -0.000148672024784 0.00120393219679 0.00182251365935 0.00203870542866 0.00353500471516 0.00476786313583 0.00231458403048 0.00204553059358 0.000422400907567 0.000941352056054 0.0016196366015 0.00202866295737 0.00309238840485 0.0019525001222 0.000822898384338 0.00155126574578 0.000860635774981 0.00224726751086 0.00198521790472 0.00160508967549 0.00313319504858 0.00407559065609 0.00276611849711 0.0157936932934 0.00177450934856 0.00121792849506 
0.00160181216914 0.00153233639772 0.000338299149002 0.000296381130853 0.00193571429585 0.00114561660313 -0.00153979577826 0.00120777457581 -0.000623824904582 0.00236023637716 0.00189271294609 -0.000624261861042 0.00295769610738 -0.000157835528927 0.00390612070003 0.00106337373323 0.0019317336571 0.000854872268137 -8.25697283686e-05 0.00103617925455 0.000109177901286 -0.000699528292191 -0.000236480150925 0.00443517469836 0.00208267338206 -0.000426677854121 0.000450298594542 0.00177450934856 0.0548867369286 0.00130941183767 
0.00153855108414 0.00444189379655 0.00155501447241 0.00571499896293 0.000475831599916 0.00124303336131 1.29615894974e-05 0.00043460538974 -0.000578213062877 0.00230462059869 -0.000472144605369 0.00239103995658 -0.00032180833902 0.000569799399109 0.00141890819563 0.000510728076246 0.00186174437429 0.000133503788324 0.000261621538444 0.000273428035117 0.000172264346834 0.00115974153231 3.84160464814e-05 0.00242733256838 1.62750370058e-05 0.00147219511593 0.0015528043176 0.00121792849506 0.00130941183767 0.0189851340767 

['SAFC', 'KMI', 'FD', 'FCX', 'LU', 'WM', 'JNS', 'ECL', 'TER', 'DHI', 'BMC', 'SLB', 'GLW', 'GIS', 'SUNW', 'LLL', 'PCAR', 'SEE', 'MCD', 'TJX', 'MU', 'CCE', 'AN', 'AMD', 'MBI', 'S', 'DELL', 'DHR', 'NOVL', 'D']