20
0.122670110856 0.0110311255814 0.104550469133 0.0521298167044 0.0444525953717 0.00791209609274 0.0403512104362 0.0114549593271 0.0170349265424 0.0300827450696 0.148588071013 -0.0148687542544 0.0729384759615 0.0363676427781 0.0625636206577 0.171372180847 0.0482129600444 -0.00305157485537 0.0289140833203 0.0524263551757 
0.401107366685 -0.00418600063061 0.0110261928029 0.00671137483381 0.0106138666003 0.0151682359632 0.0140627810658 -0.0034094691808 0.00440812802099 0.0033806219263 0.0821907316851 -0.00235759782212 0.00477925460776 0.00190293622454 0.00620852238602 0.0194088224197 0.00876157876954 0.0159485025064 0.00217743308208 0.00259841971361 
-0.00418600063061 0.152796882453 0.00855431026438 0.0172994287869 0.0291845075493 0.0195602427951 0.0200391036105 0.0202529213352 0.0235636451912 0.00671602938576 0.0172261423763 0.0355112478128 0.00905247959819 0.00798662466741 0.0203979387817 0.0345435740114 0.0119820933832 0.0189875252577 0.0532231122992 0.0041989464317 
0.0110261928029 0.00855431026438 0.534375528932 0.012798050781 0.0286797500139 0.00938590681008 0.0368868814859 -0.00453980245605 0.00930458461472 0.00194027864074 0.0173897289206 0.00436750616475 0.0478913147019 0.0138825380478 0.0284241956912 0.0649924292357 0.0177562809089 0.0272517744929 0.0299090639342 0.132259988527 
0.00671137483381 0.0172994287869 0.012798050781 0.16796866993 0.0155349803309 0.0118045042898 0.0192171058121 0.0334205623189 0.0563955407002 0.0135316343139 0.0301443729861 0.00649173767044 0.0139250034392 0.0406041049555 0.0246968107362 -0.00367190027582 0.0292258156785 0.013570225568 -0.00235237661875 0.00850560240163 
0.0106138666003 0.0291845075493 0.0286797500139 0.0155349803309 0.238222350094 0.0280196763864 0.017048424187 0.0159021713554 0.00543032623298 0.0059530958942 0.0152053732234 0.0271346947672 0.021880698705 0.0142590897972 0.0189161326289 0.160829275934 0.00791041820397 0.012445829302 0.033158028078 0.00704226357858 
0.0151682359632 0.0195602427951 0.00938590681008 0.0118045042898 0.0280196763864 0.182364449491 0.0125682414734 0.0168359487023 0.0101110197274 0.0204736363686 0.0223491824724 0.0100732344361 0.0065538504104 0.0141263472452 0.0213131191664 0.0396223388195 0.00192627309073 0.0161006012938 0.013718156825 0.012774543145 
0.0140627810658 0.0200391036105 0.0368868814859 0.0192171058121 0.017048424187 0.0125682414734 0.193009949533 0.000292175458403 0.0201896491484 0.00467826853841 0.00277978850084 0.0172127222661 0.0366526615685 0.0262286194142 0.0332332558932 0.0270783481769 0.0192219986402 0.0179317070692 0.0102377628436 0.0169922165087 
-0.0034094691808 0.0202529213352 -0.00453980245605 0.0334205623189 0.0159021713554 0.0168359487023 0.000292175458403 0.174821396084 0.0409761417654 0.00850766854979 0.0305207585456 0.0131766368348 0.0201482186425 0.0287838254728 0.0360323272831 0.00239322311854 0.0334175034769 0.0213804741229 0.0224937625027 0.00916980085568 
0.00440812802099 0.0235636451912 0.00930458461472 0.0563955407002 0.00543032623298 0.0101110197274 0.0201896491484 0.0409761417654 0.207918714946 0.0145006190115 0.0300172366971 0.0229404854919 0.0139297654679 0.0306510167723 0.0317027674895 0.00539877199072 0.0150611463583 -0.00758310223067 0.0160766345847 0.00924307002568 
0.0033806219263 0.00671602938576 0.00194027864074 0.0135316343139 0.0059530958942 0.0204736363686 0.00467826853841 0.00850766854979 0.0145006190115 0.169299323733 0.0142769584194 0.0124476201677 0.00225830398897 0.0130265139949 0.0080797749441 0.00230457770432 -0.00454771233885 0.0120694632224 0.0040922778042 0.00926247208118 
0.0821907316851 0.0172261423763 0.0173897289206 0.0301443729861 0.0152053732234 0.0223491824724 0.00277978850084 0.0305207585456 0.0300172366971 0.0142769584194 0.483563663565 0.0140649794602 -0.00813270449017 0.044554684814 0.0389370653106 -0.0170169890956 0.00484783752181 0.0287492149223 0.0198618908774 0.0121677773748 
-0.00235759782212 0.0355112478128 0.00436750616475 0.00649173767044 0.0271346947672 0.0100732344361 0.0172127222661 0.0131766368348 0.0229404854919 0.0124476201677 0.0140649794602 0.159733910457 0.015971000527 0.0165514828711 0.0105011830955 0.045897951529 0.0112348842208 0.0193918038279 0.0473449574451 0.00858149855416 
0.00477925460776 0.00905247959819 0.0478913147019 0.0139250034392 0.021880698705 0.0065538504104 0.0366526615685 0.0201482186425 0.0139297654679 0.00225830398897 -0.00813270449017 0.015971000527 0.327556306101 0.019225245316 0.0293238208433 0.0031711487766 0.0184625443264 0.0328862219837 0.0130945986195 0.0227001503361 
0.00190293622454 0.00798662466741 0.0138825380478 0.0406041049555 0.0142590897972 0.0141263472452 0.0262286194142 0.0287838254728 0.0306510167723 0.0130265139949 0.044554684814 0.0165514828711 0.019225245316 0.212647549009 0.0261516768375 0.0153580236202 0.0328134097765 0.0251663984057 0.00912049081249 0.00782459525648 
0.00620852238602 0.0203979387817 0.0284241956912 0.0246968107362 0.0189161326289 0.0213131191664 0.0332332558932 0.0360323272831 0.0317027674895 0.0080797749441 0.0389370653106 0.0105011830955 0.0293238208433 0.0261516768375 0.318300719805 0.018320668891 0.0193977061195 0.0472244393406 -0.0003040713322 0.0131709839902 
0.0194088224197 0.0345435740114 0.0649924292357 -0.00367190027582 0.160829275934 0.0396223388195 0.0270783481769 0.00239322311854 0.00539877199072 0.00230457770432 -0.0170169890956 0.045897951529 0.0031711487766 0.0153580236202 0.018320668891 0.610893275791 0.0579817696343 0.00302227716553 0.0458349309118 -0.00935981558027 
0.00876157876954 0.0119820933832 0.0177562809089 0.0292258156785 0.00791041820397 0.00192627309073 0.0192219986402 0.0334175034769 0.0150611463583 -0.00454771233885 0.00484783752181 0.0112348842208 0.0184625443264 0.0328134097765 0.0193977061195 0.0579817696343 0.293752763285 0.0175411599585 0.000798293154576 0.0018159979283 
0.0159485025064 0.0189875252577 0.0272517744929 0.013570225568 0.012445829302 0.0161006012938 0.0179317070692 0.0213804741229 -0.00758310223067 0.0120694632224 0.0287492149223 0.0193918038279 0.0328862219837 0.0251663984057 0.0472244393406 0.00302227716553 0.0175411599585 0.228471007879 0.0240027861425 0.0234579584005 
0.00217743308208 0.0532231122992 0.0299090639342 -0.00235237661875 0.033158028078 0.013718156825 0.0102377628436 0.0224937625027 0.0160766345847 0.0040922778042 0.0198618908774 0.0473449574451 0.0130945986195 0.00912049081249 -0.0003040713322 0.0458349309118 0.000798293154576 0.0240027861425 0.233476526648 0.020793475624 
0.00259841971361 0.0041989464317 0.132259988527 0.00850560240163 0.00704226357858 0.012774543145 0.0169922165087 0.00916980085568 0.00924307002568 0.00926247208118 0.0121677773748 0.00858149855416 0.0227001503361 0.00782459525648 0.0131709839902 -0.00935981558027 0.0018159979283 0.0234579584005 0.020793475624 0.2951341955 
0.0347369169194 -0.000362518288637 0.000954896307434 0.00058122211004 0.00091918781082 0.00131360776747 0.00121787256508 -0.0002952686924 0.000381755084931 0.000292770446877 0.0071179261595 -0.000204173960586 0.000413895590147 0.000164799111223 0.000537673810626 0.0016808533273 0.000758774979168 0.00138118083229 0.000188571236412 0.000225029748168 
-0.000362518288637 0.0132325981824 0.00074082500008 0.00149817448004 0.00252745249346 0.00169396671647 0.00173543727957 0.00175395443771 0.00204067153413 0.000581625206063 0.00149182769071 0.0030753642726 0.000783967729927 0.000691661985247 0.00176651331698 0.00299156126314 0.00103767972604 0.00164436792281 0.00460925673195 0.000363639427898 
0.000954896307434 0.00074082500008 0.0462782783216 0.00110834370953 0.00248373920862 0.000812843373509 0.00319449764332 -0.00039315842551 0.000805800664801 0.00016803305933 0.00150599470101 0.000378237128986 0.00414750951525 0.00120226306184 0.00246160755507 0.00562850947718 0.00153773903439 0.00236007290091 0.00259020091704 0.0114540509968 
0.00058122211004 0.00149817448004 0.00110834370953 0.0145465135199 0.00134536876138 0.0010223000594 0.00166425018205 0.0028943055977 0.00488399709065 0.00117187390706 0.00261057927872 0.000562200973731 0.00120594067261 0.00351641863894 0.002138806549 -0.000317995891902 0.00253102988239 0.0011752160077 -0.000203721791111 0.00073660677543 
0.00091918781082 0.00252745249346 0.00248373920862 0.00134536876138 0.0206306606931 0.00242657515564 0.00147643684404 0.00137716843691 0.00047028004686 0.000515553227555 0.00131682394855 0.00234993349924 0.00189492409311 0.00123487339992 0.0016381851398 0.0139282238631 0.000685062311919 0.00107784043467 0.0028715694655 0.00060987791592 
0.00131360776747 0.00169396671647 0.000812843373509 0.0010223000594 0.00242657515564 0.0157932246007 0.00108844163969 0.0014580359273 0.000875639994213 0.00177306892031 0.00193549597749 0.000872367691991 0.000567580094801 0.0012233775577 0.0018457702632 0.00343139519751 0.00016682014312 0.00139435297366 0.00118802723035 0.00110630788854 
0.00121787256508 0.00173543727957 0.00319449764332 0.00166425018205 0.00147643684404 0.00108844163969 0.0167151519479 2.5303136934e-05 0.0017484749056 0.000405149939999 0.000240736745888 0.00149066547508 0.00317421360347 0.00227146507189 0.0028780843854 0.00234505374137 0.00166467391339 0.00155293138552 0.000886616270044 0.00147156911632 
-0.0002952686924 0.00175395443771 -0.00039315842551 0.0028943055977 0.00137716843691 0.0014580359273 2.5303136934e-05 0.0151399770133 0.00354863797179 0.00073678570911 0.00264317522433 0.00114113022354 0.00174488691854 0.00249275240775 0.00312049107847 0.000207259201758 0.0028940406942 0.00185160337354 0.0019480169754 0.000794128048866 
0.000381755084931 0.00204067153413 0.000805800664801 0.00488399709065 0.00047028004686 0.000875639994213 0.0017484749056 0.00354863797179 0.0180062889065 0.00125579044345 0.00259956895311 0.00198670432112 0.0012063530764 0.00265445591766 0.00274554020162 0.000467547369321 0.00130433353564 -0.000656715917126 0.00139227739577 0.00080047334512 
0.000292770446877 0.000581625206063 0.00016803305933 0.00117187390706 0.000515553227555 0.00177306892031 0.000405149939999 0.00073678570911 0.00125579044345 0.0146617515196 0.001236420868 0.00107799552819 0.000195574862392 0.00112812920423 0.000699729035845 0.000199582283693 -0.000393843441455 0.00104524617607 0.000354401653778 0.000802153612415 
0.0071179261595 0.00149182769071 0.00150599470101 0.00261057927872 0.00131682394855 0.00193549597749 0.000240736745888 0.00264317522433 0.00259956895311 0.001236420868 0.0418778416994 0.00121806295163 -0.000704312868996 0.00385854889065 0.00337204877078 -0.00147371448527 0.000419835044731 0.00248975504616 0.0017200902067 0.00105376043142 
-0.000204173960586 0.0030753642726 0.000378237128986 0.000562200973731 0.00234993349924 0.000872367691991 0.00149066547508 0.00114113022354 0.00198670432112 0.00107799552819 0.00121806295163 0.0138333624302 0.00138312921802 0.00143340046366 0.000909429133049 0.00397487920058 0.000972969514383 0.00167937947402 0.00410019358885 0.000743179575044 
0.000413895590147 0.000783967729927 0.00414750951525 0.00120594067261 0.00189492409311 0.000567580094801 0.00317421360347 0.00174488691854 0.0012063530764 0.000195574862392 -0.000704312868996 0.00138312921802 0.0283672082253 0.00166495508377 0.00253951737863 0.000274629539972 0.00159890324052 0.00284803036724 0.00113402550568 0.00196589068608 
0.000164799111223 0.000691661985247 0.00120226306184 0.00351641863894 0.00123487339992 0.0012233775577 0.00227146507189 0.00249275240775 0.00265445591766 0.00112812920423 0.00385854889065 0.00143340046366 0.00166495508377 0.0184158179494 0.00226480164929 0.00133004386071 0.00284172464512 0.00217947403411 0.00078985767386 0.000677629826644 
0.000537673810626 0.00176651331698 0.00246160755507 0.002138806549 0.0016381851398 0.0018457702632 0.0028780843854 0.00312049107847 0.00274554020162 0.000699729035845 0.00337204877078 0.000909429133049 0.00253951737863 0.00226480164929 0.0275656509394 0.00158661646739 0.00167989062747 0.00408975641485 -2.63333498248e-05 0.00114064067284 
0.0016808533273 0.00299156126314 0.00562850947718 -0.000317995891902 0.0139282238631 0.00343139519751 0.00234505374137 0.000207259201758 0.000467547369321 0.000199582283693 -0.00147371448527 0.00397487920058 0.000274629539972 0.00133004386071 0.00158661646739 0.0529049095836 0.00502136854597 0.000261736880262 0.00396942145503 -0.000810583806725 
0.000758774979168 0.00103767972604 0.00153773903439 0.00253102988239 0.000685062311919 0.00016682014312 0.00166467391339 0.0028940406942 0.00130433353564 -0.000393843441455 0.000419835044731 0.000972969514383 0.00159890324052 0.00284172464512 0.00167989062747 0.00502136854597 0.0254397355437 0.00151910901359 6.9134215153e-05 0.000157270033913 
0.00138118083229 0.00164436792281 0.00236007290091 0.0011752160077 0.00107784043467 0.00139435297366 0.00155293138552 0.00185160337354 -0.000656715917126 0.00104524617607 0.00248975504616 0.00167937947402 0.00284803036724 0.00217947403411 0.00408975641485 0.000261736880262 0.00151910901359 0.0197861696852 0.0020787022561 0.00203151878957 
0.000188571236412 0.00460925673195 0.00259020091704 -0.000203721791111 0.0028715694655 0.00118802723035 0.000886616270044 0.0019480169754 0.00139227739577 0.000354401653778 0.0017200902067 0.00410019358885 0.00113402550568 0.00078985767386 -2.63333498248e-05 0.00396942145503 6.9134215153e-05 0.0020787022561 0.0202196603265 0.00180076781233 
0.000225029748168 0.000363639427898 0.0114540509968 0.00073660677543 0.00060987791592 0.00110630788854 0.00147156911632 0.000794128048866 0.00080047334512 0.000802153612415 0.00105376043142 0.000743179575044 0.00196589068608 0.000677629826644 0.00114064067284 -0.000810583806725 0.000157270033913 0.00203151878957 0.00180076781233 0.0255593710828 

['MRK', 'PGN', 'NSM', 'BK', 'XOM', 'CPB', 'AN', 'PFG', 'NTRS', 'HCR', 'CC', 'FE', 'JCI', 'ABK', 'LOW', 'EOG', 'BMS', 'FO', 'FPL', 'LLTC']