60
0.0498180241401 0.110578936942 0.128291051585 0.201678989994 0.0524452719686 0.0251356843311 0.0146303634135 0.0519302207626 0.0826231173305 0.00791209609274 0.0413132452317 0.00194148072761 0.158066549078 0.102864057578 0.0230030392576 0.00265371642944 0.0360508970818 0.0328492958576 0.101801748802 0.0590120409917 0.155431064381 0.0625194128962 0.134360436546 0.036872425502 0.0336878097659 0.0669670800901 0.0101927526284 0.0309991269713 0.0905831054983 0.0998681056981 0.0703179731329 0.0566217234647 0.0038222736377 0.0279461936292 0.0181340887913 0.0300827450696 0.0607700526619 0.0662185328213 0.0316067218978 0.13534553156 0.0169596300077 0.0905877796438 0.0450347688147 0.0615160923796 -0.00694067656108 0.0385950792128 0.0414486045552 0.0328562524986 0.0621428512979 0.0737969483193 0.0331605059077 0.073470583658 0.0594275332512 0.0946915784272 0.0616353203302 0.0256858872149 0.149701567326 0.082081594572 0.0363676427781 -0.00953493093171 
0.385724615263 0.00207002681927 -0.0202863993833 0.0167655846392 0.0174432283413 0.00159261780839 0.00801700794773 0.0366460346547 0.0183666114429 0.0111673282897 -0.00876752767737 0.0135724015273 -0.00660286418446 0.013478571746 -0.0118948548221 0.0156533739284 0.00698859875957 0.00303724848735 0.0256377542504 0.00765825955716 0.0451563426492 0.00283132129769 0.0528413051574 -0.0194841016439 0.00466427575749 -0.0266012746081 0.0202583074097 0.0147179283834 0.0104014821326 -0.0165813665835 0.0033392639019 0.0314370059626 0.0188401008442 0.0041249742424 0.00372313229516 -0.00320086763972 0.00794021357177 0.0197629973788 -0.0101650806464 0.0265120509335 0.0305367035958 0.0335226590402 0.0064748470429 0.00237950295279 0.0337164159816 0.00952165178068 -0.0108196832491 0.0167078355959 0.00141264496529 0.0216504917585 0.0270334792275 0.100374674611 -0.00710692696959 -0.0115694903759 -0.00485590785886 0.00285956998746 0.0155080570697 0.029732777017 0.000518865287611 -0.0195603270429 
0.00207002681927 0.827912463401 0.0170928812852 0.0228671512035 0.0103803805184 0.0155059803978 -0.00636060527817 0.00225059754684 -0.0180533257698 -0.00331203068359 0.0158428713689 0.0100195168719 -0.0121794589449 -9.0862535684e-05 0.0107172484709 0.0280359944404 0.00984550068156 -0.0063853538154 0.0741293638337 0.00163049989436 -0.0195854318017 0.0224903592271 0.0199756097142 -0.0195688319758 0.0116322968943 0.0143053416837 0.0195982894824 0.0218881256237 0.00165765987351 0.0798629495742 0.0195451000672 0.0012997091228 0.0129962311548 0.0196724844722 0.00314215741313 0.00797781477197 0.0393437259032 -0.00231662672064 0.012288874061 0.00912784485122 0.000623461346618 0.054237292196 -0.0158270234888 0.0136291198798 0.0218900300779 0.0189994042154 0.016655829464 0.125342162918 0.00687048226468 0.0362265130234 -0.00173735549902 -0.0126124286252 0.00503195331354 0.000105437540487 -0.00957441012886 0.00839491359015 0.0157630651038 0.00187880211524 -0.00328707135507 0.0469682357482 
-0.0202863993833 0.0170928812852 0.482828559404 0.0394519822406 0.0132542550432 0.00843556911118 0.0141923913969 0.0111878037947 0.0290655587804 0.014686564765 0.00680824667215 0.0241619233981 0.0143598479693 -0.00831888559716 0.0143345932111 -0.00239140635241 0.027377089943 0.0170457883099 0.00826696585211 -0.00184596065828 0.000726449565165 0.0146593226913 -0.0247092758124 -0.000561274895085 0.0198026062966 0.0128267612776 0.0193560525094 0.113286496057 0.00401505777978 -0.00849706872823 -0.000608737739694 -0.0115596465243 0.00799520307658 -0.00310619121558 -0.00838924809557 0.0117342795807 0.0234575601908 -0.00318000919714 0.0160741273768 0.0332065741441 0.0152099210447 0.0272948925765 0.0110310082904 0.0156325729611 0.0127756326987 0.0187434107351 0.0411381693789 0.0159990204298 0.0104730432546 0.00194394160372 0.00632817847761 -0.0378644793172 0.00728269341266 0.0104563527226 0.0468064662153 0.0263029924599 -0.00343992425602 0.0172052193317 0.0206582697646 -0.000331336205339 
0.0167655846392 0.0228671512035 0.0394519822406 1.2320392245 0.0274511997878 0.000659077971161 -0.00511137608995 -0.00435075761568 0.00403190000918 0.0156184581324 0.00253660215426 0.0269777396983 0.000113844495148 0.0236072188163 -0.00243851546523 0.0176783424053 0.0180856387129 0.0155994078871 0.0377435156389 0.0126098185876 0.0151320225549 0.0190200180174 0.0121579897047 0.0261908231155 0.0142797711982 -0.01244410659 0.0226710987005 -0.0193443990113 0.0391644692587 0.0277426051343 -0.0245773811617 0.0417548968646 0.0918017173619 -0.00508524688139 0.0223552495984 0.0306545916452 -0.00142784251674 0.0228652094424 0.00762043995749 -0.00919467812556 0.0171557718578 -0.00647471052146 0.0107662046627 0.0180480753922 0.0313037858132 0.00445665935693 0.0902520066007 0.0023481829742 -0.00801812295945 0.0166852427222 0.00589053685403 0.0163363150965 0.00460700521631 -0.00740132669113 0.060666600314 0.0147219703022 0.0282402313359 0.0539741190263 0.00296439864795 -0.00953977773829 
0.0174432283413 0.0103803805184 0.0132542550432 0.0274511997878 0.251517029741 0.00557309047237 0.00084665389401 0.00110914244098 0.0209414556976 0.0131113643472 -0.000995809656277 -0.0103379209665 -0.00246671934775 0.0200690880436 0.0130795093442 0.00888449186141 0.0137346560735 0.00450751583477 0.0280481489745 0.0147329666378 0.0289525711908 0.0337961689192 0.00282710336342 -0.00137466858483 0.0503350672316 0.0420476025298 0.0205481064696 0.0287812246672 0.0219585505678 0.0132909024095 0.0141501462798 0.027310045259 0.015901323501 0.0272727027718 0.0188304938467 0.00603520261628 0.047118088273 0.029119448008 0.021568878012 0.0142030017797 0.0122499597451 -0.00432449454836 -0.00789442715417 0.0243748261427 0.0454965357364 0.0230051609006 -0.00879512179778 0.0139618240191 0.0218530063553 -0.00240478999871 0.0130512547629 0.0294630773056 0.0141620010773 0.0357288245224 0.0311342722479 0.0136995270479 0.0161432870944 0.0477943068771 0.0172891336911 0.0118964196601 
0.00159261780839 0.0155059803978 0.00843556911118 0.000659077971161 0.00557309047237 0.117125417253 0.00923668512632 -0.00327517896794 0.0140240589631 0.00789482198106 0.0105543151371 0.0134758609683 0.0115964579851 0.000614020636753 0.0421589416998 0.0207027715683 0.025056965198 0.0193297672609 -0.00056903691002 0.00538580431027 0.0183466581764 0.0225707871089 0.0179520478409 0.0062731212751 0.0186879967254 0.0187697249503 0.0290108454044 0.00190892544598 0.0103231423741 0.0180263670345 0.0123860504341 0.0216783921748 0.0114654894585 0.0043927166167 0.00244613617429 0.00446148012851 0.0117694209684 0.0167046328167 0.026735657041 0.0279599654819 0.0131546358384 0.00591640981933 0.000211041928508 0.0258560595833 0.0122264529012 0.0118372845677 0.00498400548809 -0.00598609750567 0.0193487797602 0.0187410526592 0.0150563427375 0.00706809761483 0.00490644595734 0.000552319942748 0.0113807269209 0.0199435188433 -0.0107146492761 0.00314612561695 0.015217887064 0.0107050605367 
0.00801700794773 -0.00636060527817 0.0141923913969 -0.00511137608995 0.000846653894011 0.00923668512632 0.150131177711 -0.00530379965383 0.00965905611873 0.0244418928263 0.00538586915074 0.0312289452375 0.00540468400448 -0.00581092289333 0.0103442307884 -0.00907997588694 0.00904985967572 0.0137712343497 0.00410676749364 0.00131035690517 0.0226511844072 0.0159396558869 -0.00799842874487 0.0182887465912 0.0147213756192 0.0160734912883 0.00773374156556 0.0171968080981 0.00578778112137 0.00266489961416 0.0140486272308 0.00562785619414 0.00976897908087 0.00974314226003 0.00853106079082 -0.00222639336085 -0.00359928125505 0.0181062015872 0.0162636359415 0.00649671129265 0.00791968863968 0.0248351871174 0.00382646778896 0.0123938184531 0.0137577260782 0.00760085038629 0.0226261210473 0.0171497587416 0.0123613861238 0.0026964044466 0.00855954862946 0.0208952684046 0.0027806981206 0.0164590439042 0.0221569844222 0.0135035614841 -0.00239906371443 -0.000297911072088 0.0210131982553 0.0252469639785 
0.0366460346547 0.00225059754684 0.0111878037947 -0.00435075761568 0.00110914244098 -0.00327517896794 -0.00530379965383 0.248860940111 0.00260442039362 0.00370291314431 0.00683559800235 0.0124500249963 -0.00803724986254 0.00696187491837 0.019907336939 -0.00789561034552 0.0184167372195 0.00835505539569 0.0404623542783 0.0608149261043 0.0318864016791 0.022447257799 0.0419281322473 0.0231528883097 0.0114086610205 0.0125428939546 0.000698118054595 -0.00421689000793 0.0293970905491 0.0152725076857 0.0283194484571 0.0321278926006 0.0159125475473 0.0152029380042 0.0274666290516 0.0117315111016 0.0166355741702 0.0179363537191 0.00963762865311 0.0320752788554 0.0469516426259 0.03666557004 0.0591791774069 0.0155155538132 0.000295831189264 0.00710059960869 0.0140518085601 0.00853643115746 0.0260532173826 0.00252224597231 0.0472133932313 0.0590477631222 0.0329090254205 -0.000917470205236 0.00642860173848 0.0127141207929 0.00973944690428 0.0128325663765 0.0040382881799 0.00124287415813 
0.0183666114429 -0.0180533257698 0.0290655587804 0.00403190000918 0.0209414556976 0.0140240589631 0.00965905611872 0.00260442039362 0.193676726218 0.0174962431218 0.00598284627464 0.00829968036658 -0.0169787466649 -0.00604399695981 -0.00012427828306 0.00312016706213 0.0145456711301 0.0226622942894 0.0146663003932 0.00212480372441 0.0386579018055 0.00771595223838 0.0379390130453 0.0194307158955 0.0276510168316 0.0186702053985 0.0134034502199 0.0102390881614 0.0106168719419 0.0102584116356 -0.00294993163656 0.0162444712416 9.42784491312e-06 0.0113338310905 0.0216032335648 0.00426182236171 0.0249722981694 0.027864211429 0.0177942352723 0.00371612980475 0.000903923915897 0.0295936029784 0.00828205147906 0.0140786695829 0.0216395750808 0.00539837624534 0.0149690053583 0.0129933493366 0.00173113734803 0.0064661385042 0.0139900040597 0.0127409582886 0.0130727740651 0.0153130707098 0.0116897085298 0.0152648013489 0.000840975160061 0.0253440238931 0.0203767688293 0.0119151538166 
0.0111673282897 -0.00331203068359 0.014686564765 0.0156184581324 0.0131113643472 0.00789482198106 0.0244418928263 0.00370291314431 0.0174962431218 0.169920728344 0.00777559299488 0.0138076006428 0.00225488932804 0.0176656869158 0.00915548991429 -0.00634503353799 0.00554839654076 0.0102482495866 0.010745946255 0.00559074650178 0.00203371316355 0.00770903529761 0.0151454543747 0.0120651770573 0.00855829924104 0.00455129890545 0.00574330344732 -0.0002093778591 0.0481447783503 0.0154102355322 0.00182318597324 0.00812428877487 0.00155424285533 0.00274620516609 -0.000135027514387 0.0139767233499 -0.00162806813143 0.00177264025707 0.0174187817733 0.0322275951222 0.0128504050851 0.0240155106926 0.0272536332622 0.00890146059182 -0.00212638236752 0.0100748036181 0.00739855282088 0.0087955095054 0.0183648648362 0.0116489931277 -0.00338450304811 0.0126988781667 0.00900963920715 0.00280163879963 0.0117401422367 0.000189251672095 -0.00509023381997 0.0118706119393 0.00774562538476 0.00934274745613 
-0.00876752767737 0.0158428713689 0.00680824667215 0.00253660215426 -0.000995809656278 0.0105543151371 0.00538586915074 0.00683559800235 0.00598284627464 0.00777559299488 0.135127211888 0.0185472203557 -0.00873866265534 0.00360445044389 0.00833114335051 0.000607449520442 0.0215239316096 -0.000642946663648 0.0189516739547 0.00815721984105 -0.0111947991747 -0.000838558084818 0.00289990511032 0.0103675630473 0.0105179799859 0.0280109084305 0.0208758593136 -0.00586734911515 0.0132641558926 0.00385490199312 0.014359943054 0.00365248075022 0.00213637934131 0.023098051993 0.0131669538874 0.00673834390372 0.00345928751435 0.0165180882533 0.0185004508398 0.00651360625579 0.0174868445984 0.0259421296161 -0.00342047660689 0.0179035890891 -0.0216564458405 0.0154049540678 0.0146907840329 -3.25257888423e-05 0.0106096902524 0.0128176601478 7.77680585231e-06 0.0164681211269 0.00733089780212 0.0155281991048 0.0108247722592 0.0200701582052 -0.00673622059818 0.0180179215151 0.021909905724 0.0128988998485 
0.0135724015273 0.0100195168719 0.0241619233981 0.0269777396983 -0.0103379209665 0.0134758609683 0.0312289452375 0.0124500249963 0.00829968036658 0.0138076006428 0.0185472203557 0.195377955585 0.022182932291 0.0133802773575 0.0290773310755 0.00460509487525 0.00598132471615 0.0207106339079 0.00923740095658 0.0172075803523 -0.00200771382027 0.0158579059844 -0.0266790562301 0.0161220347431 0.0427123962927 0.0243191118844 0.0102084924694 0.0170557268065 0.0159534696709 0.0170285775438 0.00291109634378 0.033751459693 0.0211556348794 0.0127751318762 0.015619072923 0.0145416501612 0.012800478333 0.0132428413738 0.0248682612956 0.0427407796404 0.0221274804394 0.041558527785 0.018146687523 0.036808224124 0.0265148272203 0.031250806846 0.0323002846266 0.0190100471206 0.0178041395151 0.012508555533 0.0242932118632 0.0337547551419 -0.00222853986022 0.0143621380483 0.0045863172937 0.0234472028387 0.0262850289514 0.0397653907633 0.037437060912 0.00878265823879 
-0.00660286418446 -0.0121794589449 0.0143598479693 0.000113844495148 -0.00246671934775 0.0115964579851 0.00540468400448 -0.00803724986254 -0.0169787466649 0.00225488932804 -0.00873866265534 0.022182932291 0.684421821838 -0.00481437539911 0.00558534264184 0.0259754365549 -0.00545390316131 -0.00172514422239 -0.00304323263724 0.00370008167451 0.0163901074456 0.00772181709096 -0.0198568397107 0.0160845534642 -0.0115968314372 -0.0329700295849 0.000378239375506 -0.0170229519464 -0.000792782074871 0.0137586696393 -0.0128240540641 -0.0150607367374 0.0303408124871 -0.0147118083562 -0.0110034171611 0.012670186651 -0.0160861188996 -0.0378153275534 -0.00671619075604 -0.000591227033385 -0.005704400021 -0.0260596998788 0.00760209020732 0.00257951506064 0.0188016862744 -0.0175127562053 0.0282054109075 -0.0267721590589 0.0168223322912 -0.0170473171708 0.00728808349266 -0.017181666348 -0.00364018970545 -0.0221347975915 0.00141463265932 0.00225880864633 0.00942018580365 0.00174804671188 -0.005622189695 0.00653611868546 
0.013478571746 -9.08625356844e-05 -0.00831888559716 0.0236072188163 0.0200690880436 0.000614020636753 -0.00581092289333 0.00696187491837 -0.00604399695981 0.0176656869158 0.00360445044389 0.0133802773575 -0.00481437539911 0.588368388353 0.00428322266814 0.0316950161471 0.0376813917294 0.0232202673008 -0.00385382464205 -0.00429206527012 0.0111759363512 -0.018727953687 -0.0361281312279 -0.00112516260797 0.00451548925623 0.0157789390848 -0.0110339719181 -0.00390665927433 0.00644397587999 0.0329132700109 0.00657684405039 0.0102132549986 0.0237762465919 0.00809553065036 0.00282998335716 -0.0180635009089 -0.00205096438697 0.0141009207661 0.00500949643662 0.0553976995687 0.00625386904359 0.0266098744485 -0.0146495661434 0.0129903355454 -0.000386003781779 0.00989696154364 0.00118998073935 0.0434153626249 0.0469115864435 0.0245790843182 0.0114149070074 -0.0291336466889 -0.00200796454633 0.0701448810201 -0.0181316247273 -0.0116963844547 0.162641683466 0.0518856097172 0.000793906046958 -0.0207614072658 
-0.0118948548221 0.0107172484709 0.0143345932111 -0.00243851546523 0.0130795093442 0.0421589416998 0.0103442307884 0.019907336939 -0.00012427828306 0.00915548991429 0.00833114335051 0.0290773310755 0.00558534264184 0.00428322266814 0.108425162592 0.016033984129 0.0221835973359 0.00933413778261 -0.00138390283763 0.0124805231092 -0.00429446482321 0.0343799037034 0.0125238006686 0.0240418486689 0.0118628256176 0.0239578575699 0.0278228949473 0.00538144242536 0.0103436471634 0.0081314032955 0.0148853735438 0.0229821359508 0.0201651643973 0.015099540072 0.00639049203026 0.00230563817548 0.0158899323632 0.0150343517819 0.035393772293 0.0268292170501 0.031703997137 0.00982188573135 0.0156478833364 0.0251265509031 -0.00815689347799 0.0190644923363 0.0139061031201 0.00767612025443 0.0258631320049 0.000845588749122 0.0109254161616 0.0059277685223 0.0164460769687 0.0132588957721 0.00934411236613 0.0288592988899 0.00771012018062 -0.00956855060926 0.02682774628 0.0111750066773 
0.0156533739284 0.0280359944404 -0.00239140635241 0.0176783424053 0.00888449186141 0.0207027715683 -0.00907997588694 -0.00789561034552 0.00312016706213 -0.00634503353799 0.000607449520442 0.00460509487525 0.0259754365549 0.0316950161471 0.016033984129 0.226644145159 0.0108424265447 -0.00378442137449 -0.0101517080144 -0.00206963644036 -0.00578324635641 0.0198659163122 -0.0154734953692 0.0174064124132 -0.0103682444136 0.000847324075932 0.00656638994021 -0.00336019761597 0.018735462727 -0.0034637547645 -0.00160512592461 0.0150994667279 0.00757135879363 0.0100634078361 0.0202951447847 -0.00661209588852 -0.000544753233585 0.0142441744905 0.0154577704676 0.00295291474406 -0.00167463991465 0.0142730902989 -0.00520263990818 0.0167204123132 0.0554066000473 0.0147821473449 -0.0171947714041 -0.0032995473063 0.0136386092889 0.0028569181047 -0.0020164711099 0.00722051423628 -0.00540222948109 0.00125589238072 -0.00608669876378 0.0305583790249 0.0208140509179 0.00820476099977 0.00479050204431 0.0131507945787 
0.00698859875957 0.00984550068156 0.027377089943 0.0180856387129 0.0137346560735 0.025056965198 0.00904985967572 0.0184167372195 0.0145456711301 0.00554839654076 0.0215239316096 0.00598132471615 -0.00545390316131 0.0376813917294 0.0221835973359 0.0108424265447 0.17610808627 0.0181279246094 0.00528248722918 0.007884685618 0.0174279154391 0.0213953322707 0.0103888460567 0.0175945517201 0.0305176231379 0.0231658626787 0.0186106216309 0.00265688071658 0.00770964244909 0.0262379647082 0.00312582838345 0.0266056613855 0.0217752078421 0.0123345619452 0.029340527898 0.0107294225191 0.0136733688225 0.0304353371091 0.0433147344906 0.0190913399779 0.0253251625412 0.0137315661625 0.0097222320144 0.018282644127 0.0207160416829 0.0280351908015 0.0171107575384 0.00854070652258 0.0273280261173 0.00649515308919 0.0182719439874 0.0161561782825 0.0105367661737 0.00635652700541 0.0206138638432 0.019436338142 0.00493661894459 0.0166826988623 0.0305505596598 0.0187138921358 
0.00303724848735 -0.0063853538154 0.0170457883099 0.0155994078871 0.00450751583477 0.0193297672609 0.0137712343497 0.00835505539569 0.0226622942894 0.0102482495866 -0.000642946663648 0.0207106339079 -0.00172514422239 0.0232202673008 0.00933413778261 -0.00378442137449 0.0181279246094 0.324968953192 -0.0103570942641 0.0115183444254 0.0392054006937 0.028153836651 0.0145179036486 0.0120982016935 0.0201290762686 0.0167367060289 0.00527328142127 0.00850223306991 -0.0109963417055 0.0193679111856 0.0204708704005 0.0165597390483 -0.0047521666532 0.00261448272506 0.00349338711214 0.00718264131886 0.0071095300766 -1.51382582701e-05 0.0128684604619 0.0106944024421 0.00492834410151 0.024865192279 0.004833424969 0.00568156491811 0.00683455820134 0.0262524333421 0.000514732527798 0.0190347621656 0.0195626866439 0.0162098167309 0.0124234493412 0.0403746824972 -9.30657615839e-05 0.0140011323341 0.0136926583252 -0.00245082743129 0.0402592114509 0.0631062854801 0.0128276689115 0.0260909871814 
0.0256377542504 0.0741293638337 0.00826696585211 0.0377435156389 0.0280481489745 -0.00056903691002 0.00410676749364 0.0404623542783 0.0146663003932 0.010745946255 0.0189516739547 0.00923740095658 -0.00304323263724 -0.00385382464205 -0.00138390283763 -0.0101517080144 0.00528248722918 -0.0103570942641 0.263510640103 0.119660512864 0.0012007649356 0.0013618939087 0.0186454079632 0.0201152040956 0.00392553104404 -0.012634418186 0.0164154086532 0.0195379518616 0.0176834728361 0.0438917962886 0.000548918588497 0.00358881282302 0.00587151800174 0.00723615611547 0.0334220242736 -0.00188042582016 0.00848625327928 0.0314513387126 -0.00796042205163 0.019610933232 0.00944668580355 0.0113203144226 0.0118680718277 0.00954169721805 0.0253234541895 -0.00455086027626 0.0105012139583 0.0104636795659 0.00884090343252 -0.00891470801947 0.00466858113769 0.0575611217387 0.00764086395292 0.00464929753289 0.00335291542407 0.00828256423781 0.0207127216127 -0.00136694573997 0.0136969264458 -0.00664646613186 
0.00765825955716 0.00163049989436 -0.00184596065828 0.0126098185876 0.0147329666378 0.00538580431027 0.00131035690517 0.0608149261043 0.00212480372441 0.00559074650178 0.00815721984105 0.0172075803523 0.00370008167451 -0.00429206527012 0.0124805231092 -0.00206963644036 0.007884685618 0.0115183444254 0.119660512864 0.251003687206 0.000892013628011 0.0220494801068 0.0155043786661 0.0236870139911 0.0184009960605 0.00844858984253 0.0328190259215 0.0231860952419 0.0249826485314 0.0115377919893 0.0110560229268 0.016041672928 0.0224791258334 0.00316840024076 0.0189451971745 0.00209667705954 -0.0154247632006 0.00480097270846 0.0019228737566 0.0341400215988 0.0121846656406 0.025457013416 0.00418397897447 0.00568725238626 0.00465118072517 0.00469243799973 0.00796254321338 -0.0022909295722 0.0115528856321 0.00103352567938 0.0128874396875 0.0404711943945 0.00364215179203 0.00240184031627 0.0156911799672 0.00833797047753 -0.0117640606203 0.0107383359655 -0.0011073972638 -0.000628192687871 
0.0451563426492 -0.0195854318017 0.000726449565164 0.0151320225549 0.0289525711908 0.0183466581764 0.0226511844072 0.0318864016791 0.0386579018055 0.00203371316355 -0.0111947991747 -0.00200771382027 0.0163901074456 0.0111759363512 -0.00429446482321 -0.00578324635641 0.0174279154391 0.0392054006937 0.0012007649356 0.000892013628011 0.699326176652 0.00772487462034 -0.026092992774 0.00545111110067 0.0122838293656 0.0115951362529 0.0191651877948 -0.00287745148319 0.0375048803171 0.0272805853385 -0.0313612589735 0.0320751319262 0.0162553731273 0.0109981866098 0.015226300072 0.0013564914596 0.0434721113978 0.0285592706305 0.0172735042399 0.011579328855 0.00284926918105 0.0655591680082 0.0220063381867 0.0131441104001 0.0267835166688 0.013577433518 0.0237878295071 0.0277923849219 0.0078724130384 -0.00244625200664 0.0085948337528 0.00962516987467 0.0200971248049 0.0221938424755 0.0457954195838 0.0103869678252 -0.00738544045868 0.0102945504854 0.0105704330664 -0.00330064788994 
0.00283132129769 0.0224903592271 0.0146593226913 0.0190200180174 0.0337961689192 0.0225707871089 0.0159396558869 0.022447257799 0.00771595223838 0.00770903529761 -0.000838558084818 0.0158579059844 0.00772181709096 -0.018727953687 0.0343799037034 0.0198659163122 0.0213953322707 0.028153836651 0.0013618939087 0.0220494801068 0.00772487462034 0.327789527918 0.0579788421155 0.0428148230631 0.0419608320619 0.0280064146832 0.00762145385751 0.0110377088978 0.0284131723021 0.0127893248866 0.0293299670253 0.0207995976449 0.0226758840391 -0.00281704726529 0.0326167580798 0.0210836307444 0.00542580095969 0.0497617874292 0.0245110376528 0.0270372297471 0.0416596122189 0.028045505546 0.0169015856083 0.0198354166639 0.018363829426 0.0175085924425 0.0133358652375 0.036624029848 0.0258197308394 0.00421786669631 0.00608446447191 0.0363204993094 0.00420128992525 0.00222493876867 0.033463215194 0.0335636096327 0.0268373611168 0.030587805194 0.0162357358236 0.00920469222542 
0.0528413051574 0.0199756097142 -0.0247092758124 0.0121579897047 0.00282710336342 0.0179520478409 -0.00799842874487 0.0419281322473 0.0379390130453 0.0151454543747 0.00289990511032 -0.0266790562301 -0.0198568397107 -0.0361281312279 0.0125238006686 -0.0154734953692 0.0103888460567 0.0145179036486 0.0186454079632 0.0155043786661 -0.026092992774 0.0579788421155 0.544601447149 -0.0103528884402 0.0292093242467 -0.00729316561258 0.0180868838323 0.0174834149828 -0.0147350078251 -0.0207809598493 0.0223047402468 0.0385313444414 0.0207033047675 -0.0252234406875 0.037429911123 -0.00416133469416 0.0194220865959 -0.00470941243439 0.0140729398078 0.0212454850575 0.0237510687739 0.0168216368267 0.0615548886972 0.00533433852474 0.00524305015272 0.012830747982 0.00509817013898 0.011125100792 0.0319869678425 -0.00849408723398 0.0383337269673 0.0604565755367 0.0201621504362 -0.0192316958689 0.0333274767525 -0.00513193272029 -0.000379647141305 0.0245074236207 0.00096569210224 0.0498951136281 
-0.0194841016439 -0.0195688319758 -0.000561274895084 0.0261908231155 -0.00137466858483 0.0062731212751 0.0182887465912 0.0231528883097 0.0194307158955 0.0120651770573 0.0103675630473 0.0161220347431 0.0160845534642 -0.00112516260797 0.0240418486689 0.0174064124132 0.0175945517201 0.0120982016935 0.0201152040956 0.0236870139911 0.00545111110067 0.0428148230631 -0.0103528884402 0.161962759479 0.0108966013735 0.00415422030046 0.0115777624143 -0.00413551499685 0.00729143901065 -0.00464574299854 0.00642953475263 0.0183976465523 0.0052792508097 0.00600856626106 0.0236392093114 0.000997400382557 0.0163708022941 0.00622024016248 0.014309707225 0.0373452770545 0.0140758490709 -0.0049944432369 0.0060720119969 0.0165718385295 0.000199783929217 0.0315971533956 0.0319843249692 0.00663012503317 0.0137742281512 0.0201468477825 0.0151525862547 0.0178348926825 0.00868146912882 0.0189205728395 0.00302885640795 0.0083008819751 -0.0163971523481 0.0282959286925 -0.0115816284485 0.0127858739064 
0.00466427575748 0.0116322968943 0.0198026062966 0.0142797711982 0.0503350672316 0.0186879967254 0.0147213756192 0.0114086610205 0.0276510168316 0.00855829924104 0.0105179799859 0.0427123962927 -0.0115968314372 0.00451548925623 0.0118628256176 -0.0103682444136 0.0305176231379 0.0201290762686 0.00392553104404 0.0184009960605 0.0122838293656 0.0419608320619 0.0292093242467 0.0108966013735 0.322989674483 0.0705417214083 0.0173673144824 0.00534938815109 0.00693421996264 0.0355659167957 0.0210225054403 0.0341948247971 0.0126793150698 0.00914084078391 0.00516962551236 0.00426643831632 0.0141968663523 0.0218170486153 0.0157724352193 0.0572117507677 0.0434718199751 0.0372302780152 0.00128176211017 0.0526418411054 0.0349509940713 0.0523404235731 0.0328228259892 0.0107973842906 0.0173678882388 0.0271153254647 0.00725613879549 -0.000376139961214 -0.00316420015811 0.0168594897781 0.0337939325892 0.00636952848653 0.0163007331072 0.0163534781437 0.0409937394783 0.0148961082921 
-0.0266012746081 0.0143053416837 0.0128267612776 -0.01244410659 0.0420476025298 0.0187697249503 0.0160734912883 0.0125428939546 0.0186702053985 0.00455129890545 0.0280109084305 0.0243191118844 -0.0329700295849 0.0157789390848 0.0239578575699 0.000847324075932 0.0231658626787 0.0167367060289 -0.012634418186 0.00844858984253 0.0115951362529 0.0280064146832 -0.00729316561258 0.00415422030046 0.0705417214083 0.243691050752 0.0131503475953 0.010780445612 -0.00854506368843 -0.012093719831 0.0221588348546 0.00658975759973 0.006686858375 0.00621850771657 0.0105677858617 -0.00323680108457 -0.000917726261964 -0.00142476310735 0.0119205154055 0.0322146493399 0.00263532428998 -0.00238239768582 -0.012109522753 0.0289962807408 -0.0106647580656 0.0158893409357 0.012854647882 0.00521510270064 0.0173958655488 0.0137111946888 0.00872433156195 0.00360075841195 0.00721843415006 0.0203794511549 0.00787702895355 0.00377933025111 -0.0025355976406 0.00304187175136 0.0362079082236 0.0281049474041 
0.0202583074097 0.0195982894824 0.0193560525094 0.0226710987005 0.0205481064696 0.0290108454044 0.00773374156556 0.000698118054595 0.0134034502199 0.00574330344732 0.0208758593136 0.0102084924694 0.000378239375506 -0.0110339719181 0.0278228949473 0.00656638994021 0.0186106216309 0.00527328142127 0.0164154086532 0.0328190259215 0.0191651877948 0.00762145385751 0.0180868838323 0.0115777624143 0.0173673144824 0.0131503475953 0.248908405683 0.0299430070493 0.00748949054009 0.0443392106072 0.0116099102211 0.0298210246613 0.0190585917081 -0.00902682528091 -0.00122828764161 0.00189611981614 0.0285651703967 0.00837107730834 0.0269938366067 0.00803714117162 0.0153113100658 0.000168274750805 -0.00732416021226 0.00462860797912 0.030902929241 0.0130391572865 0.0181291244707 0.017376393096 0.0102100785473 0.0173656351844 0.00577020012575 0.00747407453062 0.011633785955 0.0289909147229 0.00662199628243 0.0107748050915 0.00476288129621 0.0206412371934 0.0225459526827 0.0171834194422 
0.0147179283834 0.0218881256237 0.113286496057 -0.0193443990113 0.0287812246672 0.00190892544598 0.0171968080981 -0.00421689000793 0.0102390881614 -0.0002093778591 -0.00586734911515 0.0170557268065 -0.0170229519464 -0.00390665927433 0.00538144242536 -0.00336019761597 0.00265688071658 0.00850223306991 0.0195379518616 0.0231860952419 -0.00287745148319 0.0110377088978 0.0174834149828 -0.00413551499685 0.00534938815109 0.010780445612 0.0299430070493 0.469072119388 0.0107599872982 0.0223421079161 0.0238560657021 0.0339240958506 0.0156545884023 0.00140089466934 0.00220509923837 -2.43292212921e-05 0.0142039834109 0.010806727799 0.00900479018028 -0.0116993292676 0.0100564383571 -0.00104753238969 -0.0115080443411 0.0098173769557 0.0341337921504 0.0088004570216 0.00105231218728 -0.00155656527545 0.0177316115034 -0.00828514734983 0.0028409535848 -0.00298686371554 0.0152582336536 0.0222006988091 0.0295452821634 0.00696316113447 0.00406044758632 0.0112942056071 -0.00132560993998 0.0243702390871 
0.0104014821326 0.00165765987351 0.00401505777978 0.0391644692587 0.0219585505678 0.0103231423741 0.00578778112137 0.0293970905491 0.0106168719419 0.0481447783503 0.0132641558926 0.0159534696709 -0.000792782074871 0.00644397587999 0.0103436471634 0.018735462727 0.00770964244909 -0.0109963417055 0.0176834728361 0.0249826485314 0.0375048803171 0.0284131723021 -0.0147350078251 0.00729143901065 0.00693421996264 -0.00854506368843 0.00748949054009 0.0107599872982 0.310143496224 0.0105871513259 0.00908683835188 0.015593361086 0.0121184308508 0.000670669349302 0.0229749414518 0.00718047319656 0.0181476401729 0.0251711782472 0.0150169077832 0.00225361138578 0.0201854879297 -0.00891683032534 0.0199915803081 0.00853165278959 0.0175225580479 0.00454374223521 0.0305445198864 0.00174501696214 0.0157635264598 0.0248038719234 0.0242711694793 0.0277018438755 0.00576664323976 0.0368296446865 0.0171951710106 0.0143709999354 0.00722502032256 0.0102556362465 0.0211825385352 0.0115923852108 
-0.0165813665835 0.0798629495742 -0.00849706872823 0.0277426051343 0.0132909024095 0.0180263670345 0.00266489961416 0.0152725076857 0.0102584116356 0.0154102355322 0.00385490199312 0.0170285775438 0.0137586696393 0.0329132700109 0.0081314032955 -0.0034637547645 0.0262379647082 0.0193679111856 0.0438917962886 0.0115377919893 0.0272805853385 0.0127893248866 -0.0207809598493 -0.00464574299854 0.0355659167957 -0.012093719831 0.0443392106072 0.0223421079161 0.0105871513259 0.395725194159 -0.00394884465242 0.0416113224506 0.0180462574018 0.00194586682514 0.00504093764342 0.0240428011704 0.0315229994689 0.0266389948654 0.0286457725785 0.00914407547081 0.0237422018602 0.0377690179747 0.0113307422298 0.0171863865937 0.0226700578176 0.00731907298507 0.0344022957233 0.0167071426717 0.0193815016978 0.0422396879839 0.0210402212532 0.0267856083888 -0.00635171329172 0.0334476842733 0.0444097644876 0.0128466778806 0.0710034375453 0.0229963613859 0.00669179123742 -0.00923452366803 
0.0033392639019 0.0195451000672 -0.000608737739694 -0.0245773811617 0.0141501462798 0.0123860504341 0.0140486272308 0.0283194484571 -0.00294993163656 0.00182318597324 0.014359943054 0.00291109634378 -0.0128240540641 0.00657684405039 0.0148853735438 -0.00160512592461 0.00312582838345 0.0204708704005 0.000548918588497 0.0110560229268 -0.0313612589735 0.0293299670253 0.0223047402468 0.00642953475263 0.0210225054403 0.0221588348546 0.0116099102211 0.0238560657021 0.00908683835188 -0.00394884465242 0.271221961999 0.0263034033238 0.0150932837733 0.0167063997546 0.010822168936 0.00773593935164 0.0111754555121 0.00159561049699 0.0133287286609 0.00987522417868 0.0291394504493 0.0279456722333 -0.0097695153724 0.0288568372639 -0.0185563086764 0.0173096301148 -0.00564627951233 0.00449460894583 0.0138636290862 0.0107269696315 0.00885778323688 0.0196833596782 0.0219465901896 -0.0349976744709 0.00534591811507 0.0150702612811 0.0114690925862 -0.0025240120084 0.025381790755 0.0142439482127 
0.0314370059626 0.0012997091228 -0.0115596465243 0.0417548968646 0.027310045259 0.0216783921748 0.00562785619414 0.0321278926006 0.0162444712416 0.00812428877487 0.00365248075022 0.033751459693 -0.0150607367374 0.0102132549986 0.0229821359508 0.0150994667279 0.0266056613855 0.0165597390483 0.00358881282302 0.016041672928 0.0320751319262 0.0207995976449 0.0385313444414 0.0183976465523 0.0341948247971 0.00658975759973 0.0298210246613 0.0339240958506 0.015593361086 0.0416113224506 0.0263034033238 0.16514451603 0.0330118497474 0.0148861476093 0.0462377755429 0.0084581759613 0.00497622998048 0.00574339045812 0.0284754755768 0.0237446450778 0.0416555565182 0.0269411458863 0.0149140826491 0.0207860548076 0.0170690596841 0.0111569708101 -0.00812034113979 0.0109575965734 0.0360772607805 0.00233529474593 0.0201538285139 0.0269403428246 0.0168868979749 0.0160279477683 0.0110790105199 0.00639669492459 0.0145403546237 0.0333787983535 0.0122088711089 0.0170238283231 
0.0188401008442 0.0129962311548 0.00799520307658 0.0918017173619 0.015901323501 0.0114654894585 0.00976897908088 0.0159125475473 9.42784491253e-06 0.00155424285533 0.00213637934131 0.0211556348794 0.0303408124871 0.0237762465919 0.0201651643973 0.00757135879363 0.0217752078421 -0.0047521666532 0.00587151800174 0.0224791258334 0.0162553731273 0.0226758840391 0.0207033047675 0.0052792508097 0.0126793150698 0.006686858375 0.0190585917081 0.0156545884023 0.0121184308508 0.0180462574018 0.0150932837733 0.0330118497474 0.192666151066 -0.00333254529693 0.024701594722 -0.00218210458457 0.0104898498227 -0.00144218798837 0.00464230794535 0.0138795653525 0.0152106545243 -0.00590208900183 0.0187538631832 0.0114954463933 0.000507170827828 0.00406435093841 0.0145249651402 0.0184848540716 0.0152019082357 0.00949409159503 0.00531393838966 0.0140537984232 0.0208830697448 -0.00601387512221 0.0101714541326 0.0100497824178 0.0099782188838 0.0220101945314 0.00373172839595 0.0145161468983 
0.0041249742424 0.0196724844722 -0.00310619121558 -0.00508524688139 0.0272727027718 0.0043927166167 0.00974314226002 0.0152029380042 0.0113338310905 0.00274620516609 0.023098051993 0.0127751318762 -0.0147118083562 0.00809553065036 0.015099540072 0.0100634078361 0.0123345619452 0.00261448272506 0.00723615611547 0.00316840024076 0.0109981866098 -0.00281704726529 -0.0252234406875 0.00600856626106 0.00914084078391 0.00621850771657 -0.00902682528091 0.00140089466935 0.000670669349302 0.00194586682514 0.0167063997546 0.0148861476093 -0.00333254529693 0.182418120238 -0.0102665872161 -0.00619749082547 0.0211384558645 0.0111016226961 0.0236287827721 0.000371256385998 -0.00181536699048 0.022725354313 0.000419701744233 -0.00254122381722 -0.00453595901519 0.0158039580845 0.0072334736348 0.00276978543577 0.00608243744196 -0.00495699241849 0.00130834313346 0.00690991252114 -0.00865792371405 -0.00173135700202 -0.00295258268886 0.00292025650716 -0.0141723451531 0.0211752927769 -0.0151539227318 0.0123636083658 
0.00372313229516 0.00314215741312 -0.00838924809557 0.0223552495984 0.0188304938467 0.00244613617429 0.00853106079082 0.0274666290516 0.0216032335648 -0.000135027514387 0.0131669538874 0.015619072923 -0.0110034171611 0.00282998335716 0.00639049203026 0.0202951447847 0.029340527898 0.00349338711214 0.0334220242736 0.0189451971745 0.015226300072 0.0326167580798 0.037429911123 0.0236392093114 0.00516962551236 0.0105677858617 -0.00122828764161 0.00220509923837 0.0229749414518 0.00504093764342 0.010822168936 0.0462377755429 0.024701594722 -0.0102665872161 0.284304107289 -0.00705165330634 0.0189810658696 -0.000916120109691 0.0187498244269 0.0179230683059 0.0318926097798 0.0372056172859 0.0322596462944 0.0311466831345 0.00801001026558 0.00484839718675 0.0108260430793 0.0355492583398 0.0150324496818 0.0121655428002 0.0151544506507 0.0137697132331 0.0129600100312 0.0156702605103 0.0187569948415 -0.00420024187233 0.0301912042121 0.0134601572772 0.0288578472949 0.00843322416267 
-0.00320086763972 0.00797781477197 0.0117342795807 0.0306545916452 0.00603520261628 0.00446148012851 -0.00222639336085 0.0117315111016 0.00426182236171 0.0139767233499 0.00673834390372 0.0145416501612 0.012670186651 -0.0180635009089 0.00230563817548 -0.00661209588852 0.0107294225191 0.00718264131886 -0.00188042582016 0.00209667705954 0.0013564914596 0.0210836307444 -0.00416133469416 0.000997400382556 0.00426643831632 -0.00323680108457 0.00189611981614 -2.43292212919e-05 0.00718047319656 0.0240428011704 0.00773593935164 0.0084581759613 -0.00218210458457 -0.00619749082547 -0.00705165330634 0.15014210714 -0.00618502296136 0.00671454557645 0.00939006309913 0.00517219557922 0.0124127336128 0.0280248872517 0.0240369255125 0.0113445146771 0.00868024636096 0.0134878535973 0.00627889377788 0.00469053026638 -0.00266527597058 0.00206344970246 0.000809605650194 0.0128477800089 0.0129442237446 0.0157135219616 0.00881386190072 0.0169992589949 -0.00706719931219 0.0298612884493 0.00473307603536 0.00530372064117 
0.00794021357177 0.0393437259032 0.0234575601908 -0.00142784251674 0.047118088273 0.0117694209684 -0.00359928125505 0.0166355741702 0.0249722981694 -0.00162806813143 0.00345928751435 0.012800478333 -0.0160861188996 -0.00205096438697 0.0158899323632 -0.000544753233587 0.0136733688225 0.0071095300766 0.00848625327928 -0.0154247632006 0.0434721113978 0.00542580095969 0.0194220865959 0.0163708022941 0.0141968663523 -0.000917726261965 0.0285651703967 0.0142039834109 0.0181476401729 0.0315229994689 0.0111754555121 0.00497622998048 0.0104898498227 0.0211384558645 0.0189810658696 -0.00618502296136 0.256407333921 0.040701965293 0.0145957503564 0.00843259394866 0.00793370722124 0.00585822606389 -0.00566271097488 0.00888539751529 0.0814527183519 0.0140828854144 0.0164604297499 0.0217807396774 0.0126781801107 0.0116893350376 -0.014361550603 0.0327350154622 -0.00256541797137 0.0232169541726 0.0417165363584 0.00996224032183 0.000326688890812 0.0463117853097 0.0178348541181 0.0241561414436 
0.0197629973788 -0.00231662672064 -0.00318000919714 0.0228652094424 0.029119448008 0.0167046328167 0.0181062015872 0.0179363537191 0.027864211429 0.00177264025708 0.0165180882533 0.0132428413738 -0.0378153275534 0.0141009207661 0.0150343517819 0.0142441744905 0.0304353371091 -1.513825827e-05 0.0314513387126 0.00480097270846 0.0285592706305 0.0497617874292 -0.00470941243439 0.00622024016248 0.0218170486153 -0.00142476310735 0.00837107730834 0.010806727799 0.0251711782472 0.0266389948654 0.00159561049699 0.00574339045812 -0.00144218798837 0.0111016226961 -0.000916120109691 0.00671454557645 0.040701965293 0.385832115467 0.0172992627237 -0.00512618920988 0.0161834592534 0.0138611882371 0.0117263347098 0.0116107327918 0.0804290222558 0.00795306027087 0.017936732895 -0.0236365340747 0.0169652955415 -0.00341264367687 0.000847399902974 0.0267418702565 -0.0132056340611 0.0526331253133 0.0382329993558 0.00782847711462 0.0256760711679 0.0248397049434 0.00840882701204 0.000946820608206 
-0.0101650806464 0.012288874061 0.0160741273768 0.00762043995749 0.021568878012 0.026735657041 0.0162636359415 0.00963762865311 0.0177942352723 0.0174187817733 0.0185004508398 0.0248682612956 -0.00671619075604 0.00500949643662 0.035393772293 0.0154577704676 0.0433147344906 0.0128684604619 -0.00796042205163 0.0019228737566 0.0172735042399 0.0245110376528 0.0140729398078 0.014309707225 0.0157724352193 0.0119205154055 0.0269938366067 0.00900479018028 0.0150169077832 0.0286457725785 0.0133287286609 0.0284754755768 0.00464230794535 0.0236287827721 0.0187498244269 0.00939006309913 0.0145957503564 0.0172992627237 0.124995567447 0.0159033352124 0.0257099818596 0.00583775536202 0.00211707329643 0.0249276074634 0.0144221200213 0.02546713732 0.0135804693219 0.0165199132659 0.0349662246924 0.0093244787283 0.0194983162253 0.0325857235015 0.00604242389542 0.00996568597759 0.0240866297945 0.0181320613139 -0.00355360751205 0.00838257637929 0.0213523888897 0.00750011368517 
