40
0.0705908558691 0.126255379542 0.0963264580192 0.00646873977314 0.10004428458 0.00326137985962 0.088181568025 0.0966324757555 0.357744060202 0.0335790413719 0.101022755506 0.0336878097659 0.0539269159384 0.0135435889675 0.0367129888202 0.0279461936292 0.0723241103927 0.0594275332512 0.138189015222 0.0493961611292 0.10431458653 0.18030920859 0.0939670182087 0.00535997805058 0.0495038718221 0.144106781955 0.148588071013 0.00851722536111 0.332832739506 0.0998681056981 0.0749299903321 0.191301962015 0.0100273700484 0.00477989818121 -0.0014382556632 0.0275413533974 0.104550469133 0.0759168136047 0.0205855922537 0.110057805124 
0.473679479523 0.00467299102114 0.0376263617001 0.00571944912367 -0.00711329394966 0.00609626324819 0.0283899545475 0.0133816763948 0.0049207002034 0.0308721280009 -0.0212023299759 0.0128587651206 0.000157537100664 0.0208780551348 0.0227848329873 0.00735128247761 0.00778892095565 0.00585686304265 0.0126296938425 0.00197765117929 0.0257932651705 0.0101945072468 0.00939682222631 0.0286359681917 -0.0124293684261 0.050929776626 0.0110514965868 0.00287835661996 0.0279992284683 0.0780569037644 0.0386771520371 0.0213944994378 -0.00709918546484 0.0165857789341 0.0266489818447 0.00790565972479 0.0591023672395 0.0213550029885 -0.0126844391647 0.0186741504044 
0.00467299102114 0.502855400973 0.0218638123283 0.0164266495598 0.0701832028089 0.00647816001439 0.109268069057 0.0130885846685 0.032124478656 0.0299467560609 0.0307747836759 0.0282025025426 0.0344713596824 0.00706205451887 0.025129601166 0.012347342219 0.0130109036124 -0.00328384032176 0.0544663957455 0.0163304632027 0.0114309543236 0.0137223573467 0.00842209029347 0.00930555921604 0.0187958437642 0.0306092858718 0.0260175091808 0.031039982199 0.0245978716669 0.07556942607 0.0351134155063 0.0253913176602 0.022855710157 0.00561575048521 0.0212970032536 0.00712386008258 0.115454894341 0.0167103051251 0.00192990598092 0.0191102642342 
0.0376263617001 0.0218638123283 0.456170803379 0.0257201651005 0.0440893699351 -0.00215682126958 0.0300188062362 0.04104754757 0.0346748606016 0.00786050918921 0.00913813696435 0.0264213474741 0.0161655733076 0.0143735513718 0.00881159584779 0.0350798525194 0.0204223181727 0.0186982383111 0.0327838547544 -0.0129585672501 0.0133788987724 -0.00673356019463 0.0494593482583 0.00276364942958 0.0238194221322 0.00561805821147 0.0388233018911 0.0167649812782 -0.0230445494455 0.0219832328264 0.00767769827324 0.0333667219968 0.00134552614768 0.0155519353338 -0.00126832313563 0.0528730227422 0.0314263239684 0.0158190703472 0.0150271762909 0.0616423532896 
0.00571944912367 0.0164266495598 0.0257201651005 0.181789789756 0.00948044476105 0.0216987684621 0.0106543152368 0.0115739027892 -0.00372751908899 0.00660223329011 0.0181073771672 0.0452174463899 0.0275945902206 0.0100321313753 0.0459194507405 0.0228465112059 0.0144662922644 0.00673656180736 0.0423125060885 0.0037290565802 0.0210969157764 0.0118284632985 0.029724123083 0.0186823716318 -0.0046033456854 0.011248823377 0.0344278524828 0.0331499527438 -0.0012288984754 0.0359318484211 0.0131968924739 -0.00369632500942 0.025661505672 0.0252446197675 0.00622412697232 0.0303773756542 -0.0128791694463 0.0129064173126 0.0141410252857 0.059744410086 
-0.00711329394966 0.0701832028089 0.0440893699351 0.00948044476105 0.504632835636 0.0153648495741 0.005925479092 0.0375493586972 0.0034258683658 0.0137810297357 0.0067313590167 0.0346944510102 0.0468705206276 0.0192558003226 0.0638694150926 -0.0108986771353 0.00939504034854 0.0239461373534 0.015567255259 0.0210912972547 0.0258223366836 0.0340963805386 0.0510300615134 0.0181307576763 0.0259045752441 -0.0112768828386 -0.00254637750954 0.0289383589422 0.0229500472638 0.0195549138654 0.0297220316759 0.0241421765793 0.00165409772691 0.0325364478264 -0.00601208354372 0.0313521910992 0.0860899477533 0.0211405831321 0.00628242953817 0.0653528643957 
0.00609626324819 0.00647816001439 -0.00215682126958 0.0216987684621 0.0153648495741 0.163894972435 0.022966136694 0.036131278265 0.0118634367294 0.0194920739701 0.0214685316072 0.0221051748771 0.0168342059579 0.00503768844971 0.0213094170744 0.017746545573 0.0114512440122 0.0287388272084 0.0280976768572 0.00151822531177 0.00437450961655 -0.00219411347797 0.0163157199728 0.0100336658499 -0.00373539289325 0.000904903386498 0.0146569759741 0.0108272934472 0.0091548555811 0.0161298540292 0.00343021388174 0.00455980314891 0.0171998832841 0.0216723250589 -0.00934712157169 0.00410535156003 0.0112102012333 0.00373582320601 0.0125456876008 0.0161158064035 
0.0283899545475 0.109268069057 0.0300188062362 0.0106543152368 0.005925479092 0.022966136694 0.313187533541 0.0279686503587 0.0233735156328 -0.00426550452966 0.0139849513741 0.00777965886092 0.0171341665254 0.0187020978146 0.0306232801892 0.0226271768653 0.086697371438 -0.00175266305175 0.0202413625776 -0.00584544044452 0.0125481905415 -0.01429968339 -0.00972454600453 -0.00638843544936 0.0489742513804 0.0139318013053 0.00377039824071 0.00410353136929 0.0335159948524 0.0544328923782 0.0388332304285 0.07692050995 0.0129227304611 0.0109473232088 0.0277601054128 -0.0126854745685 0.141631046424 0.0328796372546 0.00962069105245 0.0300922193597 
0.0133816763948 0.0130885846685 0.04104754757 0.0115739027892 0.0375493586972 0.036131278265 0.0279686503587 0.459509959875 0.012126716365 0.0400468016182 -0.0188849275773 0.043454620849 0.014218480246 0.0538717126866 0.0421504224792 0.0096210424537 0.0105522630564 -0.00166413256325 -0.00399065488397 0.0161854732922 0.0309740324156 0.0420465413463 0.020097508632 0.00257939418746 0.0179427293645 0.00635515675348 0.0154882505577 0.0232746587305 0.060281573511 0.0222359649047 0.054412819844 0.0424251542591 0.0101852201703 0.0130518596393 0.0135045777941 0.0126126510883 0.0298467427221 0.00253082591478 0.031157307407 0.0351887740081 
0.0049207002034 0.032124478656 0.0346748606016 -0.00372751908899 0.0034258683658 0.0118634367294 0.0233735156328 0.012126716365 2.88899302961 0.00591668661401 -0.00503125770872 0.0133091376628 0.000153246684028 -0.0222718955153 0.0135545969206 -0.00514717903306 0.0211725420311 0.0454541443045 0.0821013772803 -0.0153991099269 0.039084821005 -0.0211964624267 0.0585217153752 0.00990955795018 0.0175360121516 -0.0168030792333 -0.000196990791596 0.00200399636189 0.0128035698709 0.0375942725343 0.0217870187241 0.054464219281 -0.00539330690194 -0.00130067960481 0.00491320700907 0.0577716396166 -0.00592202455753 0.0261721169354 -9.80775908707e-06 0.030549232773 
0.0308721280009 0.0299467560609 0.00786050918921 0.00660223329011 0.0137810297357 0.0194920739701 -0.00426550452966 0.0400468016182 0.00591668661401 0.243462695801 0.0103466205323 0.0235525332918 0.016730270951 0.0190272320766 0.0310019373595 0.0235454205046 -0.000873768555008 0.0099305798091 0.0102588234334 0.0118823424884 0.00581365903785 0.0035690295865 0.00711233428514 -0.00134569960663 -0.0119466006486 0.0146537855401 0.0257778093128 0.00286166435858 0.00807561488529 0.00908902211203 0.00678787957715 0.0220803346546 0.0121790643097 0.00783623292276 0.0185806966107 0.0191980938611 0.0169158352641 -0.00506347974064 0.000596261003227 0.00125255432885 
-0.0212023299759 0.0307747836759 0.00913813696435 0.0181073771672 0.0067313590167 0.0214685316072 0.0139849513741 -0.0188849275773 -0.00503125770872 0.0103466205323 0.464943702559 0.015361003 0.0132799969434 -0.00187708538824 0.00120948044148 0.0117976400136 0.0158950365321 0.022170997914 -0.00139966111367 0.0168460896917 -0.00917822863771 0.0175747918558 0.0378842761045 0.00960074618755 -0.00142072773416 0.0217670325291 0.0405526825564 0.0148989685889 -0.0331472400415 0.0143528380334 -0.000298169719134 -0.043831432175 0.00881997658011 0.0193393833554 0.00311159852767 0.00361148097338 0.00114447823419 0.00531758090807 0.00933906622461 0.0290368937521 
0.0128587651207 0.0282025025426 0.0264213474741 0.0452174463899 0.0346944510102 0.0221051748771 0.00777965886092 0.043454620849 0.0133091376628 0.0235525332918 0.015361003 0.324651200875 0.0265721047615 0.0216211872703 0.0637599521726 0.00722138447074 0.0222080581025 -0.0024531128441 0.0498840141857 0.00477465058532 0.0224751572354 0.0395061096648 0.0361594114682 0.0144616980185 0.00863343240989 0.00791003403005 0.0453027658005 0.0188338024605 0.0197646267152 0.0290734983373 0.090489460841 -0.00414236856651 0.0428136398634 0.013260311683 0.0143956574888 0.0238974000131 0.018112971709 0.0217828343967 -0.00171156038966 0.061702814242 
0.000157537100663 0.0344713596824 0.0161655733076 0.0275945902206 0.0468705206276 0.0168342059579 0.0171341665254 0.014218480246 0.000153246684028 0.016730270951 0.0132799969434 0.0265721047615 0.22575064061 0.0166485019537 0.0076898459545 0.0178650283307 0.0144786724378 -0.0106855898258 0.0446295127497 -0.0107892453169 0.0154488593477 0.00409474391985 0.0136108707304 0.0208837921695 0.0353034190775 0.00104232113444 0.028098461608 0.029838112921 0.00238811895475 0.0233829319427 0.0161651889592 0.0300503501262 0.00282527344542 0.0100192816416 0.00411008704463 0.0271258640596 0.0314852347899 0.00784201392585 0.0120390038605 0.0394489485455 
0.0208780551348 0.00706205451887 0.0143735513718 0.0100321313753 0.0192558003226 0.00503768844971 0.0187020978146 0.0538717126866 -0.0222718955153 0.0190272320766 -0.00187708538824 0.0216211872703 0.0166485019537 0.246344771009 0.0323361210381 -0.00139745942506 0.0331991956741 0.0200359579292 0.0134418470248 0.00466706700629 0.0276877384241 0.0124251171786 0.00917080208185 0.000105716847025 0.0081458279983 -0.00101384795383 0.0363627633443 0.0138288285551 0.0437494862317 0.00301195595937 0.0182563732551 0.0140190999381 0.0139513930863 0.0138184939326 0.0186230101715 0.0135107900012 0.00279836455002 0.0110209051965 0.012860991549 0.0243826212415 
0.0227848329873 0.025129601166 0.0088115958478 0.0459194507405 0.0638694150926 0.0213094170744 0.0306232801892 0.0421504224792 0.0135545969206 0.0310019373595 0.00120948044148 0.0637599521726 0.0076898459545 0.0323361210381 0.279707073858 0.0314759550039 0.036206302656 -0.00370048050816 0.0309775411157 0.0147576910718 0.016278835565 0.00525931053691 0.0113680599758 0.0238144221536 0.00838055142149 0.0181480455779 0.0402654119237 0.012865165978 0.00634420835248 0.0164399798071 0.0370050122193 0.017395759081 0.0249244975219 5.98918651805e-05 0.0150664256939 0.0106093597176 0.00932828283551 0.0281817059156 0.00833402136183 0.0443072481122 
0.00735128247761 0.012347342219 0.0350798525194 0.0228465112059 -0.0108986771353 0.017746545573 0.0226271768653 0.0096210424537 -0.00514717903306 0.0235454205046 0.0117976400136 0.00722138447074 0.0178650283307 -0.00139745942506 0.0314759550039 0.184677284509 -0.0230905919869 -0.00544319201872 0.00247160128667 0.00160044333134 -0.00265495303805 -0.00649101796944 0.00718765009322 0.0116778828963 -0.00639637850961 -0.0202729898445 0.0031469690212 0.0140634196854 -0.00276030818361 0.00137504348532 -0.00327512913538 0.00123798807345 0.0183735985119 0.00810761158108 0.000846882766785 0.0131535834805 0.00480923134518 -0.00151695873106 -0.0081050818327 0.00387855788045 
0.00778892095565 0.0130109036124 0.0204223181727 0.0144662922644 0.00939504034854 0.0114512440122 0.086697371438 0.0105522630564 0.0211725420311 -0.000873768555008 0.0158950365321 0.0222080581025 0.0144786724378 0.0331991956741 0.036206302656 -0.0230905919869 0.357535504055 0.0312069334797 0.028752101523 -0.00795724011834 0.00778935790234 0.0199808640624 -0.00561844921818 0.010517942175 -0.0117802634415 0.0449281343105 0.036564701819 -0.0105631203001 0.0513612756149 0.00789491463633 0.0191782133242 0.0707859612253 0.0179255719779 0.0031293291952 0.0211614589613 0.00584001406561 0.0235401574092 0.0190907351037 0.00753487642861 0.0661040360655 
0.00585686304265 -0.00328384032176 0.0186982383111 0.00673656180736 0.0239461373534 0.0287388272084 -0.00175266305175 -0.00166413256325 0.0454541443045 0.0099305798091 0.022170997914 -0.0024531128441 -0.0106855898258 0.0200359579292 -0.00370048050816 -0.00544319201872 0.0312069334797 0.227431899586 0.00225387479567 0.0123123146817 -0.00756130314901 0.00756327032527 0.0262502570422 0.021038148154 -0.00925705140222 0.0153101858005 -0.0111177929461 -0.00118007484448 0.00130904429109 -0.0103304650243 0.007371123374 0.0284209479495 0.00885923554576 0.004934821213 -0.00433962448075 0.0232989110568 -0.00818265460534 0.014519946432 0.0128634403445 -0.00470579587198 
0.0126296938425 0.0544663957455 0.0327838547544 0.0423125060885 0.015567255259 0.0280976768573 0.0202413625776 -0.00399065488397 0.0821013772803 0.0102588234334 -0.00139966111367 0.0498840141857 0.0446295127497 0.0134418470248 0.0309775411157 0.00247160128667 0.028752101523 0.00225387479567 0.289624577876 -0.00182642024175 0.0441907678156 0.00702846166624 0.0241445175931 0.0102086067525 -0.0127811945429 0.0327155821821 0.0127393245138 0.016339693414 0.0296975853795 0.0307329114562 0.0353295044189 0.0479336304181 0.05479929351 0.0113539168795 0.000300804976977 0.0196407945874 0.0151527635431 0.0555615018019 -0.00932722462003 0.050575111628 
0.00197765117929 0.0163304632027 -0.0129585672501 0.0037290565802 0.0210912972547 0.00151822531177 -0.00584544044452 0.0161854732922 -0.0153991099269 0.0118823424884 0.0168460896917 0.00477465058532 -0.0107892453169 0.00466706700629 0.0147576910718 0.00160044333135 -0.00795724011834 0.0123123146817 -0.00182642024175 0.41370075478 0.00540080231373 0.00152943053657 0.00584470773884 0.0252380686428 0.0235259644392 0.0265126755915 0.013079412078 0.0187963142077 -0.00646725450209 0.0407757711416 0.100082430063 0.0142426408977 -0.00169680732805 0.0394003157449 0.0086922149691 0.0123955949522 0.005521633863 0.00504170809451 -0.00653984824015 0.0126065143889 
0.0257932651705 0.0114309543236 0.0133788987724 0.0210969157764 0.0258223366836 0.00437450961655 0.0125481905415 0.0309740324156 0.039084821005 0.00581365903785 -0.00917822863771 0.0224751572354 0.0154488593477 0.0276877384241 0.016278835565 -0.00265495303805 0.00778935790234 -0.00756130314901 0.0441907678156 0.00540080231373 0.575309662666 -0.00381196992548 0.0178068020684 0.00763908115261 0.0481106567768 0.0289543345689 -0.00260542537213 0.00200819364333 0.0157368696773 0.0319043682102 0.0322919756161 0.0148529630424 0.00868073533864 -0.0015096590093 0.00811106392119 -0.00723903665544 0.0468073617314 0.0299828938664 0.0480235938728 0.0274239717608 
0.0101945072468 0.0137223573467 -0.00673356019463 0.0118284632985 0.0340963805386 -0.00219411347797 -0.01429968339 0.0420465413463 -0.0211964624267 0.0035690295865 0.0175747918558 0.0395061096648 0.00409474391985 0.0124251171786 0.00525931053691 -0.00649101796944 0.0199808640624 0.00756327032527 0.00702846166624 0.00152943053658 -0.00381196992548 0.976039970327 0.0187833154495 0.0107520169204 0.00587940117604 0.0255663878541 0.0325013593439 0.0109286482455 0.0252908552755 0.0392704242054 0.0356408915939 0.0646919763595 0.0153268377452 0.0193395869273 0.0251921133264 0.00857474149179 0.00449862790587 0.025422475081 0.0139871092728 0.0779685230023 
0.00939682222631 0.00842209029347 0.0494593482583 0.029724123083 0.0510300615134 0.0163157199728 -0.00972454600453 0.020097508632 0.0585217153752 0.00711233428514 0.0378842761045 0.0361594114682 0.0136108707304 0.00917080208185 0.0113680599758 0.00718765009321 -0.00561844921818 0.0262502570422 0.0241445175931 0.00584470773883 0.0178068020684 0.0187833154495 0.226725249219 0.0395341438351 0.00628834670627 0.00858656384469 0.033297971544 0.0371930588229 0.0156052803255 0.0364405191106 0.000225957893785 0.034233026595 0.0175973730254 0.0248341061034 0.00911578683549 0.035486449612 0.0130717365414 0.0349418972383 0.02199145261 0.047732719085 
0.0286359681917 0.00930555921604 0.00276364942958 0.0186823716318 0.0181307576763 0.0100336658499 -0.00638843544936 0.00257939418746 0.00990955795018 -0.00134569960663 0.00960074618755 0.0144616980185 0.0208837921695 0.000105716847026 0.0238144221536 0.0116778828963 0.010517942175 0.021038148154 0.0102086067525 0.0252380686428 0.00763908115261 0.0107520169204 0.0395341438351 0.14136507378 0.0136962384398 0.00716727012852 0.0121692900165 0.0209664947175 0.0141081970761 0.0211584866133 0.0241382253287 0.030703085956 0.0166418355958 0.00718960970414 0.0160334764437 0.0189068318202 0.0147101421898 0.00580008494905 0.0122300204098 0.0110147450793 
-0.0124293684261 0.0187958437642 0.0238194221322 -0.0046033456854 0.0259045752441 -0.00373539289325 0.0489742513804 0.0179427293645 0.0175360121516 -0.0119466006486 -0.00142072773416 0.00863343240988 0.0353034190775 0.0081458279983 0.00838055142149 -0.00639637850961 -0.0117802634415 -0.00925705140222 -0.0127811945429 0.0235259644392 0.0481106567768 0.00587940117604 0.00628834670627 0.0136962384398 0.32099620437 0.00591969305582 0.0139347494485 0.0312870859467 -0.00172959497074 0.0218877251802 0.018232026191 0.032067502087 0.00562557298269 -8.20243494328e-05 0.0249662739602 0.00895904861676 0.0126893914969 0.0148839922982 -0.0165520106055 -0.00113329455909 
0.050929776626 0.0306092858718 0.00561805821147 0.011248823377 -0.0112768828386 0.000904903386498 0.0139318013053 0.00635515675348 -0.0168030792333 0.0146537855401 0.0217670325291 0.00791003403005 0.00104232113444 -0.00101384795383 0.0181480455779 -0.0202729898445 0.0449281343105 0.0153101858005 0.0327155821821 0.0265126755915 0.0289543345689 0.0255663878541 0.00858656384469 0.00716727012852 0.00591969305582 0.324320599128 0.0301404282133 -0.00122332447736 0.0302210758603 0.00685289761908 -0.00597211412961 0.0398168923054 0.0227378343695 -0.00602405570596 0.0102232959255 -0.000176836249492 0.0594783418756 -0.0095374181365 -0.0137557178095 -0.0103808363324 
0.0110514965868 0.0260175091808 0.0388233018911 0.0344278524828 -0.00254637750954 0.0146569759741 0.00377039824071 0.0154882505577 -0.000196990791597 0.0257778093128 0.0405526825564 0.0453027658005 0.028098461608 0.0363627633443 0.0402654119237 0.0031469690212 0.036564701819 -0.0111177929461 0.0127393245138 0.013079412078 -0.00260542537213 0.0325013593439 0.033297971544 0.0121692900165 0.0139347494485 0.0301404282133 0.475233022017 0.00923159024784 0.0260834974167 0.0237756198148 0.0340051070729 0.0179632519537 0.0109615256254 0.0242060506013 0.0134455062495 -0.00375723082516 0.00688293379873 0.005021753457 0.0176024331548 0.0556008676358 
0.00287835661996 0.031039982199 0.0167649812782 0.0331499527438 0.0289383589422 0.0108272934472 0.00410353136929 0.0232746587305 0.00200399636189 0.00286166435858 0.0148989685889 0.0188338024605 0.029838112921 0.0138288285551 0.012865165978 0.0140634196854 -0.0105631203001 -0.00118007484448 0.016339693414 0.0187963142077 0.00200819364332 0.0109286482455 0.0371930588229 0.0209664947175 0.0312870859467 -0.00122332447736 0.00923159024784 0.142512108115 0.0183805517062 0.0250570116372 0.0151991053198 0.0324934147085 0.0103354253404 0.0180402728656 0.0137275918083 0.0164773277688 0.00424732690326 0.0184606767265 0.0121240969934 0.0221729974259 
0.0279992284683 0.0245978716669 -0.0230445494455 -0.0012288984754 0.0229500472638 0.0091548555811 0.0335159948524 0.060281573511 0.0128035698709 0.00807561488529 -0.0331472400415 0.0197646267152 0.00238811895475 0.0437494862317 0.00634420835248 -0.00276030818361 0.0513612756149 0.00130904429109 0.0296975853795 -0.00646725450209 0.0157368696773 0.0252908552755 0.0156052803255 0.0141081970761 -0.00172959497074 0.0302210758603 0.0260834974167 0.0183805517062 0.519241689084 0.00717805401578 0.0320924123992 0.0450098592986 0.00995716431292 0.0112205453367 0.00446395710539 0.0264775000982 0.0267212090206 0.00949366858035 -2.96746549734e-05 0.0468129621209 
0.0780569037644 0.07556942607 0.0219832328264 0.0359318484211 0.0195549138654 0.0161298540292 0.0544328923782 0.0222359649047 0.0375942725343 0.00908902211203 0.0143528380334 0.0290734983373 0.0233829319427 0.00301195595937 0.0164399798071 0.00137504348532 0.00789491463633 -0.0103304650243 0.0307329114562 0.0407757711416 0.0319043682102 0.0392704242054 0.0364405191106 0.0211584866133 0.0218877251802 0.00685289761908 0.0237756198148 0.0250570116372 0.00717805401578 0.385928059821 0.0515474195541 0.0921014596212 -0.00358243759542 0.00614746952991 0.0267114256399 0.0190876368754 0.0734174731943 -0.00908042337773 0.0207577888223 0.0175148496513 
0.0386771520371 0.0351134155063 0.00767769827324 0.013196892474 0.0297220316759 0.00343021388174 0.0388332304285 0.054412819844 0.0217870187241 0.00678787957715 -0.000298169719134 0.090489460841 0.0161651889592 0.0182563732551 0.0370050122193 -0.00327512913538 0.0191782133242 0.007371123374 0.0353295044189 0.100082430063 0.0322919756161 0.0356408915939 0.000225957893784 0.0241382253287 0.018232026191 -0.00597211412961 0.0340051070729 0.0151991053198 0.0320924123992 0.0515474195541 0.404545424187 0.0181963259764 0.0177292167268 0.014069232603 0.0186923587966 0.0353777738759 -0.00929925525988 0.0243088144029 0.00903762960263 0.100110703946 
0.0213944994378 0.0253913176602 0.0333667219968 -0.00369632500942 0.0241421765793 0.00455980314891 0.07692050995 0.0424251542591 0.054464219281 0.0220803346546 -0.043831432175 -0.00414236856651 0.0300503501262 0.0140190999381 0.017395759081 0.00123798807345 0.0707859612253 0.0284209479495 0.0479336304181 0.0142426408977 0.0148529630424 0.0646919763595 0.034233026595 0.030703085956 0.032067502087 0.0398168923054 0.0179632519537 0.0324934147085 0.0450098592986 0.0921014596212 0.0181963259764 0.425270543447 0.00481110998256 0.00235282710815 0.00718232832297 0.0147384052992 0.0669291560651 0.014636898868 -0.0068544505746 0.0797828911314 
-0.00709918546484 0.022855710157 0.00134552614767 0.025661505672 0.00165409772691 0.0171998832841 0.0129227304611 0.0101852201703 -0.00539330690194 0.0121790643097 0.00881997658011 0.0428136398634 0.00282527344542 0.0139513930863 0.0249244975219 0.0183735985119 0.0179255719779 0.00885923554576 0.05479929351 -0.00169680732805 0.00868073533864 0.0153268377452 0.0175973730254 0.0166418355958 0.00562557298269 0.0227378343695 0.0109615256254 0.0103354253404 0.00995716431292 -0.00358243759541 0.0177292167268 0.00481110998256 0.183154349759 0.00832970945109 -0.0202671682481 0.00621252068241 0.0105616580813 -0.00561467766586 0.0276268963225 0.00832041063872 
0.0165857789341 0.00561575048521 0.0155519353338 0.0252446197675 0.0325364478264 0.0216723250589 0.0109473232088 0.0130518596393 -0.00130067960481 0.00783623292276 0.0193393833554 0.013260311683 0.0100192816416 0.0138184939326 5.98918651805e-05 0.00810761158107 0.0031293291952 0.00493482121301 0.0113539168795 0.0394003157449 -0.0015096590093 0.0193395869273 0.0248341061034 0.00718960970414 -8.20243494318e-05 -0.00602405570596 0.0242060506013 0.0180402728656 0.0112205453367 0.00614746952991 0.014069232603 0.00235282710815 0.00832970945109 0.169736949998 0.00405716499519 0.0178712959169 0.0136068667441 -0.00584695902874 0.00466124440352 0.0201806431484 
0.0266489818447 0.0212970032536 -0.00126832313563 0.00622412697231 -0.00601208354372 -0.00934712157169 0.0277601054128 0.0135045777941 0.00491320700907 0.0185806966107 0.00311159852767 0.0143956574888 0.00411008704463 0.0186230101715 0.0150664256939 0.000846882766785 0.0211614589613 -0.00433962448075 0.000300804976977 0.0086922149691 0.00811106392119 0.0251921133264 0.00911578683549 0.0160334764437 0.0249662739602 0.0102232959255 0.0134455062495 0.0137275918083 0.00446395710538 0.0267114256399 0.0186923587966 0.00718232832297 -0.0202671682481 0.00405716499519 0.22304680717 -0.0016525308719 0.000347265794941 -0.00226325659639 0.013467562966 0.00880613990181 
0.0079056597248 0.00712386008258 0.0528730227422 0.0303773756542 0.0313521910992 0.00410535156003 -0.0126854745685 0.0126126510883 0.0577716396166 0.0191980938611 0.00361148097338 0.0238974000131 0.0271258640596 0.0135107900012 0.0106093597176 0.0131535834805 0.00584001406561 0.0232989110568 0.0196407945874 0.0123955949522 -0.00723903665544 0.00857474149179 0.035486449612 0.0189068318202 0.00895904861676 -0.000176836249492 -0.00375723082516 0.0164773277688 0.0264775000982 0.0190876368754 0.0353777738759 0.0147384052992 0.00621252068241 0.0178712959169 -0.0016525308719 0.177848659621 0.0176885075082 -0.00641548373263 0.0109543080954 0.0606047176089 
0.0591023672395 0.115454894341 0.0314263239684 -0.0128791694463 0.0860899477533 0.0112102012333 0.141631046424 0.0298467427221 -0.00592202455753 0.0169158352641 0.00114447823419 0.018112971709 0.0314852347899 0.00279836455002 0.00932828283551 0.00480923134518 0.0235401574092 -0.00818265460534 0.0151527635431 0.005521633863 0.0468073617314 0.00449862790587 0.0130717365414 0.0147101421898 0.0126893914969 0.0594783418756 0.00688293379873 0.00424732690327 0.0267212090206 0.0734174731943 -0.00929925525988 0.0669291560651 0.0105616580813 0.0136068667441 0.000347265794941 0.0176885075082 0.498261409478 -0.0120099717313 0.0118773761206 0.016910180243 
0.0213550029885 0.0167103051251 0.0158190703472 0.0129064173126 0.0211405831321 0.00373582320601 0.0328796372546 0.00253082591478 0.0261721169354 -0.00506347974064 0.00531758090807 0.0217828343967 0.00784201392585 0.0110209051965 0.0281817059156 -0.00151695873106 0.0190907351037 0.014519946432 0.0555615018019 0.00504170809451 0.0299828938664 0.025422475081 0.0349418972383 0.00580008494906 0.0148839922982 -0.0095374181365 0.005021753457 0.0184606767265 0.00949366858035 -0.00908042337773 0.0243088144029 0.014636898868 -0.00561467766586 -0.00584695902874 -0.00226325659639 -0.00641548373263 -0.0120099717313 0.342909888669 0.0205716574945 0.0239976062373 
-0.0126844391647 0.00192990598092 0.0150271762909 0.0141410252857 0.00628242953817 0.0125456876008 0.00962069105244 0.031157307407 -9.80775908708e-06 0.000596261003225 0.00933906622461 -0.00171156038966 0.0120390038606 0.0128609915491 0.00833402136182 -0.00810508183269 0.00753487642861 0.0128634403445 -0.00932722462003 -0.00653984824014 0.0480235938728 0.0139871092728 0.02199145261 0.0122300204098 -0.0165520106055 -0.0137557178095 0.0176024331548 0.0121240969934 -2.96746549729e-05 0.0207577888223 0.00903762960263 -0.0068544505746 0.0276268963225 0.0046612444035 0.013467562966 0.0109543080954 0.0118773761206 0.0205716574945 0.158392318013 0.000852559543166 
0.0186741504044 0.0191102642342 0.0616423532896 0.059744410086 0.0653528643957 0.0161158064035 0.0300922193597 0.0351887740081 0.030549232773 0.00125255432885 0.0290368937521 0.061702814242 0.0394489485455 0.0243826212415 0.0443072481122 0.00387855788046 0.0661040360655 -0.00470579587198 0.050575111628 0.0126065143889 0.0274239717608 0.0779685230023 0.0477327190851 0.0110147450793 -0.00113329455909 -0.0103808363324 0.0556008676358 0.0221729974259 0.0468129621209 0.0175148496513 0.100110703946 0.0797828911314 0.00832041063872 0.0201806431484 0.00880613990181 0.0606047176089 0.016910180243 0.0239976062373 0.000852559543164 0.439002875686 
0.0410218462519 0.000404692893596 0.00325853850843 0.000495318823675 -0.000616029326499 0.000527951884109 0.00245864218504 0.00115888717031 0.000426145138055 0.00267360471176 -0.00183617563786 0.00111360172558 1.36431131213e-05 0.00180809261284 0.0019732244188 0.000636639737601 0.000674540341566 0.000507219218142 0.00109376357096 0.000171269616109 0.00223376228842 0.000882870225478 0.000813788676283 0.0024799475916 -0.001076414881 0.00441064803672 0.000957087679401 0.000249272995403 0.00242480431399 0.00675992616007 0.00334953962101 0.00185281800144 -0.000614807495873 0.00143637058984 0.00230786952625 0.000684650215535 0.00511841514532 0.00184939750859 -0.00109850465494 0.00161722886443 
0.000404692893596 0.0435485551673 0.00189346168999 0.00142258958179 0.00607804365515 0.000561025114224 0.00946289236255 0.00113350468225 0.00278206145994 0.00259346515096 0.00266517444593 0.00244240836521 0.00298530731879 0.000611591861625 0.00217628729968 0.00106931120309 0.00112677730546 -0.000284388914061 0.00471692823682 0.00141425959891 0.00098994968337 0.0011883910062 0.000729374414711 0.000805885067751 0.00162776781854 0.00265084191567 0.00225318238937 0.00268814131173 0.00213023817426 0.0065445042726 0.00304091098421 0.00219895261293 0.00197936256175 0.00048633825815 0.00184437458421 0.000616944380452 0.00999868714905 0.00144715487433 0.000167134760639 0.00165499742999 
0.00325853850843 0.00189346168999 0.0395055504191 0.00222743163666 0.00381825144007 -0.000186786201088 0.00259970487918 0.00355482189587 0.00300293101537 0.000680740064453 0.000791385875439 0.00228815581147 0.00139997971511 0.00124478606306 0.000763106585207 0.00303800434429 0.00176862463417 0.00161931493834 0.00283916510513 -0.00112224484352 0.00115864662116 -0.000583143418646 0.00428330520463 0.000239339061317 0.00206282246699 0.000486538113107 0.00336219656965 0.00145188996809 -0.00199571652386 0.0019038038085 0.000664908174722 0.00288964288902 0.000116525982534 0.00134683710771 -0.000109840005566 0.00457893808697 0.00272159949042 0.00136997167849 0.0013013916415 0.00533838438978 
0.000495318823675 0.00142258958179 0.00222743163666 0.0157434576077 0.000821030600224 0.0018791684719 0.000922690765499 0.00100232938363 -0.000322812622415 0.000571770175095 0.00156814486227 0.00391594572679 0.00238976161381 0.000868808062507 0.00397674108691 0.00197856590922 0.00125281765996 0.000583403365934 0.00366437051704 0.00032294577306 0.00182704650039 0.00102437497042 0.00257418456951 0.00161794084361 -0.000398661430596 0.000974176680715 0.00298153948478 0.00287087012104 -0.000106425729837 0.00311178935376 0.00114288441335 -0.00032011113588 0.00222235158113 0.00218624820275 0.000539025207441 0.00263075790169 -0.00111536879201 0.00111772852645 0.00122464871329 0.00517401768686 
-0.000616029326499 0.00607804365515 0.00381825144007 0.000821030600224 0.0437024855245 0.00133063500565 0.000513161542327 0.00325186985276 0.00029668890348 0.00119347218415 0.000582952791046 0.00300462759452 0.00405910615521 0.00166760122495 0.0055312535995 -0.000943853126682 0.000813634361141 0.00207379632705 0.00134816385215 0.00182655992213 0.00223627995531 0.00295283317235 0.00441933296273 0.00157016967375 0.00224340202357 -0.00097660670137 -0.000220522761089 0.00250613539878 0.00198753239485 0.00169350521762 0.00257400344834 0.00209077382203 0.000143249065185 0.00281773903665 -0.000520661707853 0.00271517939562 0.00745560817649 0.00183082820432 0.000544074357754 0.00565972407768 
0.000527951884109 0.000561025114224 -0.000186786201088 0.0018791684719 0.00133063500565 0.0141937209681 0.00198892578038 0.00312906048487 0.00102740375839 0.00168806312305 0.00185922937538 0.00191436429986 0.00145788500121 0.00043627661738 0.00184544965263 0.00153689592957 0.000991706821949 0.00248885544374 0.00243333019457 0.000131482168866 0.000378843645703 -0.000190015801071 0.00141298279775 0.00086894095191 -0.000323494513867 7.83669320678e-05 0.00126933135363 0.000937671117948 0.000792833750121 0.00139688633486 0.0002970652362 0.000394890536321 0.00148955358661 0.00187687840601 -0.000809484473335 0.000355533874245 0.000970831904956 0.000323531780045 0.00108648841703 0.00139566977479 
0.00245864218504 0.00946289236255 0.00259970487918 0.000922690765499 0.000513161542327 0.00198892578038 0.0271228360195 0.00242215617202 0.00202420583137 -0.000369403528265 0.00121113231607 0.000673738220634 0.00148386234837 0.00161964918115 0.0026520538591 0.00195957099813 0.00750821261067 -0.000151785072709 0.00175295341994 -0.000506229992126 0.00108670517805 -0.00123838890818 -0.000842170388019 -0.000553254738958 0.00424129458267 0.00120652938509 0.000326526065884 0.000355376241103 0.00290257029753 0.0047140267601 0.00336305640621 0.00666151156887 0.00111914128655 0.000948066000225 0.00240409564992 -0.00109859432354 0.0122656084167 0.00284746011297 0.000833176285338 0.00260606264218 
0.00115888717031 0.00113350468225 0.00355482189587 0.00100232938363 0.00325186985276 0.00312906048487 0.00242215617202 0.0397947298544 0.00105020444366 0.00346815475416 -0.00163548270306 0.00376328055671 0.00123135650963 0.0046654271732 0.00365033366473 0.000833206717579 0.000913852787429 -0.000144118107504 -0.000345600850725 0.00140170310433 0.00268242989296 0.00364133729471 0.00174049530281 0.000223382089271 0.00155388594429 0.000550372719354 0.00134132184431 0.0020156445725 0.00522053740406 0.00192569104852 0.00471228842764 0.00367412613479 0.000882065941065 0.00113032420143 0.0011695307437 0.00109228762516 0.00258480374175 0.000219175953475 0.0026983019728 0.00304743722191 
0.000426145138055 0.00278206145994 0.00300293101537 -0.000322812622415 0.00029668890348 0.00102740375839 0.00202420583137 0.00105020444366 0.2501941355 0.000512400091396 -0.000435719698874 0.00115260513185 1.32715521414e-05 -0.00192880273066 0.00117386252713 -0.000445758780045 0.00183359592617 0.0039364443675 0.00711018784104 -0.00133360203923 0.00338484478927 -0.00183566749319 0.00506812921879 0.000858192892513 0.00151866320044 -0.00145518934779 -1.70599029834e-05 0.000173551175849 0.00110882167674 0.00325575950515 0.00188681116878 0.00471673974947 -0.000467074078749 -0.000112642157995 0.00042549620839 0.00500317075263 -0.000512862370866 0.00226657181369 -8.4937685236e-07 0.00264564116475 
0.00267360471176 0.00259346515096 0.000680740064453 0.000571770175095 0.00119347218415 0.00168806312305 -0.000369403528265 0.00346815475416 0.000512400091396 0.0210844879437 0.000896043622426 0.00203970921542 0.00144888396558 0.0016478066342 0.00268484653198 0.00203909322998 -7.56705765665e-05 0.000860013438899 0.000888440170628 0.00102904104514 0.000503477641572 0.000309087028877 0.000615946217114 -0.000116541004521 -0.00103460596505 0.00126905505394 0.00223242377188 0.000247827403164 0.000699368764184 0.000787132404458 0.000587847615164 0.00191221307349 0.00105473790865 0.000678637678108 0.00160913552849 0.00166260369879 0.00146495430649 -0.000438510208694 5.1637717608e-05 0.000108474386841 
-0.00183617563786 0.00266517444593 0.000791385875439 0.00156814486227 0.000582952791046 0.00185922937538 0.00121113231607 -0.00163548270306 -0.000435719698874 0.000896043622426 0.0402653057746 0.00133030188256 0.00115008147151 -0.000162560363129 0.00010474407877 0.00102170559565 0.00137655054309 0.00192006474208 -0.000121214208113 0.00145891416275 -0.0007948579162 0.00152202162133 0.00328087455105 0.000831449009371 -0.000123038630965 0.00188508031352 0.00351196532855 0.00129028852882 -0.00287063519413 0.00124299223533 -2.5822255141e-05 -0.00379591337478 0.000763832377916 0.00167483972793 0.000269472337134 0.000312763426823 9.91147224883e-05 0.000460516015307 0.000808786859814 0.00251466876363 
0.00111360172558 0.00244240836521 0.00228815581147 0.00391594572679 0.00300462759452 0.00191436429986 0.000673738220634 0.00376328055671 0.00115260513185 0.00203970921542 0.00133030188256 0.0281156187327 0.00230121177555 0.00187244974361 0.00552177383255 0.000625390240215 0.00192327424855 -0.000212445804134 0.00432008235275 0.000413496870108 0.00194640571199 0.00342132945744 0.00313149689173 0.00125241978658 0.000747677178882 0.000685029041482 0.00392333460449 0.00163105513807 0.00171166688317 0.0025178388137 0.00783661718631 -0.000358739641043 0.00370776997502 0.00114837667796 0.00124670050895 0.00206957554957 0.0015686293638 0.0018864487954 -0.000148225477755 0.00534362046185 
1.36431131213e-05 0.00298530731879 0.00139997971511 0.00238976161381 0.00405910615521 0.00145788500121 0.00148386234837 0.00123135650963 1.32715521414e-05 0.00144888396558 0.00115008147151 0.00230121177555 0.0195505789689 0.00144180256268 0.000665960194779 0.00154715683737 0.00125388981442 -0.000925399224352 0.00386502917998 -0.000934376053208 0.00133791046546 0.000354615225658 0.00117873598202 0.00180858945461 0.00305736577615 9.02676581328e-05 0.00243339815598 0.00258405637905 0.000206817168208 0.00202502130774 0.00139994642957 0.00260243666019 0.000244675857637 0.000867695242931 0.000355943979241 0.00234916873752 0.00272670131722 0.000679138327662 0.00104260831795 0.0034163791593 
0.00180809261284 0.000611591861625 0.00124478606306 0.000868808062507 0.00166760122495 0.00043627661738 0.00161964918115 0.0046654271732 -0.00192880273066 0.0016478066342 -0.000162560363129 0.00187244974361 0.00144180256268 0.0213340829783 0.00280039022788 -0.000121023536286 0.0028751346839 0.00173516485558 0.00116409809973 0.000404179858861 0.00239782848486 0.00107604671216 0.000794214757596 9.15534751312e-06 0.000705449398139 -8.7801808359e-05 0.00314910768079 0.00119761168333 0.00378881664792 0.00026084303759 0.00158104830199 0.00121408966846 0.00120822608309 0.00119671667876 0.00161279999034 0.00117006873662 0.000242345478937 0.000954438387287 0.00111379453993 0.0021115969406 
0.0019732244188 0.00217628729968 0.000763106585207 0.00397674108691 0.0055312535995 0.00184544965263 0.0026520538591 0.00365033366473 0.00117386252713 0.00268484653198 0.00010474407877 0.00552177383255 0.000665960194779 0.00280039022788 0.024223343158 0.00272589766417 0.00313555778772 -0.000320471012627 0.00268273375529 0.00127805353694 0.00140978851433 0.000455469653136 0.000984502873075 0.00206238945615 0.000725777042874 0.00157166684995 0.00348708696198 0.00111415605608 0.000549424560015 0.00142374401506 0.00320472806493 0.00150651692822 0.00215852480306 5.18678767263e-06 0.00130479073952 0.000918797503329 0.000807852990924 0.00244060732449 0.000721747421502 0.00383712024369 
0.000636639737601 0.00106931120309 0.00303800434429 0.00197856590922 -0.000943853126682 0.00153689592957 0.00195957099813 0.000833206717579 -0.000445758780045 0.00203909322998 0.00102170559565 0.000625390240215 0.00154715683737 -0.000121023536286 0.00272589766417 0.0159935219887 -0.00199970392491 -0.000471394256589 0.000214046950228 0.000138602458226 -0.000229925677681 -0.000562138645796 0.000622468757424 0.00101133432506 -0.000553942628154 -0.0017556924216 0.000272535511728 0.00121792787117 -0.000239049700928 0.00011908225896 -0.000283634503191 0.000107212912119 0.00159120030702 0.000702139759323 7.33421990063e-05 0.00113913374449 0.00041649165176 -0.000131372479759 -0.000701920676687 0.000335892965452 
0.000674540341566 0.00112677730546 0.00176862463417 0.00125281765996 0.000813634361141 0.000991706821949 0.00750821261067 0.000913852787429 0.00183359592617 -7.56705765665e-05 0.00137655054309 0.00192327424855 0.00125388981442 0.0028751346839 0.00313555778772 -0.00199970392491 0.0309634829266 0.00270259971677 0.00249000503311 -0.000689117208649 0.00067457818226 0.00173039358676 -0.000486571975282 0.000910880511912 -0.00102020074036 0.00389089056575 0.00316659606571 -0.000914793052313 0.00444801694533 0.000683719663577 0.00166088199379 0.00613024406524 0.00155240007103 0.000271007857985 0.00183263610416 0.000505760053928 0.00203863743254 0.00165330615767 0.000652539440155 0.00572477745254 
0.000507219218142 -0.000284388914061 0.00161931493834 0.000583403365934 0.00207379632705 0.00248885544374 -0.000151785072709 -0.000144118107504 0.0039364443675 0.000860013438899 0.00192006474208 -0.000212445804134 -0.000925399224353 0.00173516485558 -0.000320471012628 -0.000471394256588 0.00270259971677 0.0196961802672 0.000195191283 0.00106627772938 -0.000654828061276 0.000654998423738 0.00227333894545 0.00182195707499 -0.000801684167846 0.00132590098399 -0.000962829112537 -0.000102197479369 0.000113366561077 -0.000894644514398 0.000638358009632 0.00246132629239 0.000767232304073 0.00042736805336 -0.000375822504322 0.00201774488557 -0.000708638675862 0.00125746424717 0.00111400661184 -0.000407533877016 
