40
0.0798623823862 0.0321720089654 0.13534553156 0.0665048210348 0.0270606760034 0.0392369654355 0.025042174885 0.162419244675 0.0566217234647 0.0358059899839 0.0283013122104 0.0479071153807 0.0292815331214 0.0571686925308 0.0485945029431 0.1366928931 0.034888990542 0.0962618702605 0.126841392599 0.0609589558998 0.0373342989671 0.0433119494187 0.0088766616328 0.143828325424 0.11775000089 -0.00648668223639 0.0350054865441 0.0277880817415 0.39235550597 0.0795042219188 0.176756138136 0.112278324126 0.0658076634161 0.0913653440874 0.0181340887913 0.0328492958576 0.259768981863 0.0950879331279 0.142595623168 0.0636277148901 
0.404557691843 0.011236049219 0.0426587319549 -0.0223059914129 0.0998348178187 0.00275330520387 0.00160105897733 0.0185328800379 0.0248789162327 0.0589699028349 -0.00521336859193 0.0314482662686 0.00483660526279 0.0060923778584 0.00378404330386 0.0126859932718 0.0179452512778 0.0220717477389 0.0111251633273 0.00818352371686 0.0365104444598 -0.0114046389433 0.0167726480715 -0.0151953797576 0.0642746309806 0.0111264314961 0.0243408825417 -0.00154762053327 -0.0244915133574 0.00270068092341 -0.0196294224108 -0.00271313116308 0.00230928989016 0.0352037738252 0.0229701005374 0.00173536001663 0.0553440140545 0.0181749032503 0.0117462002048 0.0194069024244 
0.011236049219 0.145965875981 0.0211969072734 0.0294794393282 -0.00483111895745 0.0312664805874 0.0140933984745 0.00549439261637 0.00840998436556 0.0126682772815 0.0089034304265 0.00459650130732 0.0261497071584 0.0168224246569 0.0159309502648 0.0144260232157 0.00894978383294 0.0163212002445 0.00459922683045 0.0233075722422 -0.00237332535267 0.0124683179345 0.026598502564 -0.0100035551222 0.0296860444774 0.0169703091429 0.00979951758959 0.0165416503953 0.0279672436102 0.00147849162498 0.0153585951839 0.019249983028 0.00710613235049 0.0304243346971 0.0200201850186 0.0151082255406 0.00507094074356 0.0347985273609 0.0590218433705 0.00423064358468 
0.0426587319549 0.0211969072734 0.213327088712 0.04494537484 0.0484710666348 0.0385846425647 0.0152610758953 0.0131865815656 0.0281165409041 0.0134673333198 0.0101723070614 0.00818504722461 0.00643542479498 0.0317393407989 0.0226693071244 -0.0241128552704 -0.00408102569606 0.0460565974914 -0.00671061294091 0.0386659828456 0.0281075116917 0.0230905301378 0.0178561670893 0.0134589072379 0.0494681702549 0.00996916527572 0.0238920795686 0.00619588330101 0.0668506239964 0.0134765737234 0.0107630322087 0.0348002722417 0.0249261387914 0.0246724636638 0.0224437019812 0.0154267669939 0.0149258026323 0.0426143921055 0.022501215721 -0.00449374498106 
-0.0223059914129 0.0294794393282 0.04494537484 0.224211550848 0.00963104817836 0.0509102907893 0.0732965591333 0.00932649872496 0.0330078916644 0.00296040165958 0.000184743501624 0.0170179659338 0.0189266464905 0.0118176503561 0.0433244456984 0.0163198021714 0.0121710582105 0.0399158245852 -0.00855460765827 0.00300914519671 0.00279574408353 0.0384144444571 0.0144645712502 0.0372773501569 0.0161141966947 -0.00153648341352 0.0116125950373 0.039949699659 0.0317110307284 0.0115902786491 0.022862239985 0.032820513963 0.0257004346837 0.0223488110818 0.0110312624337 0.0130800910762 0.00618550360938 0.0446986105149 0.0259974287103 0.00888967742001 
0.0998348178187 -0.00483111895745 0.0484710666348 0.00963104817837 0.195854166392 0.000220175811206 0.00857220125546 0.0142413437516 0.0181135342572 0.0367663438148 0.00963447825382 0.0120103264611 0.000192886029862 -0.00316440839845 -0.00431877999121 0.00944100014493 0.00767308896527 0.067577577459 -0.0116360365389 -0.000291534812245 0.0388582994834 0.00937178129469 0.0316151065239 -0.0104677704438 0.0624426375761 0.0277547157421 0.00376909464809 0.0103085178015 -0.00540980436737 0.0216878971629 0.0211446955812 0.00949121244878 0.00993037703574 0.00847620887373 0.0147478066129 0.00624406709777 0.0125852522541 0.0256575860121 0.0405212356032 -0.00404673752215 
0.00275330520387 0.0312664805874 0.0385846425647 0.0509102907893 0.000220175811206 0.151150846613 0.0320135871345 0.0136020320867 0.0361563989494 0.0184578644357 0.0145248330783 0.013263185545 0.0373026994798 0.0089662037603 0.0523164067923 0.00497114310964 0.0136302551747 0.0121337860797 0.0177729338903 0.0322561958514 0.0196622444572 0.0369520094734 0.0168684293296 0.0229367079697 0.0409595948128 -0.0036552875656 0.0163870454895 0.0388808101611 0.0557626633048 0.00441223702878 0.019881069883 0.0136193304637 0.0231261817719 0.0298248720445 0.0124719118618 0.0154816761341 0.0269318104997 0.0549909889987 0.0080809954943 0.00359258357743 
0.00160105897733 0.0140933984745 0.0152610758953 0.0732965591333 0.00857220125546 0.0320135871345 0.161411282173 0.00698548286306 0.0257707016498 0.0204295057451 -0.00676553194117 0.00674349098812 0.0211251720418 0.0294117104264 0.0291003302705 -0.00130810934041 0.0110056654432 0.0113223434256 0.00298707717588 0.0202536293923 0.00740511905239 0.0267399863482 0.028557284377 0.00377919539939 0.0200751668182 0.00600922220276 0.0132819008074 0.0277182222849 0.0119580737773 0.0103942032948 0.00663374970228 0.0185428199433 0.0193040355638 0.0216409765547 0.0176260491329 0.0170059851798 0.00932634891292 0.0336165842976 0.0338185099607 0.00496467869874 
0.0185328800379 0.00549439261637 0.0131865815656 0.00932649872496 0.0142413437516 0.0136020320867 0.00698548286306 1.29792392187 0.00962392519585 -0.000177060712295 0.0128815960027 0.0621195348053 0.0479218706582 0.0165597600904 0.0126856158843 0.0124905478113 0.00976817365786 0.0281238434299 0.0538484831094 0.074738368911 0.0290632766348 0.0116666126662 -0.000202604662502 0.0214295754597 0.0347675024388 -0.000240955066139 0.00990332218155 0.00834647886655 0.0196233676652 0.00735836711181 -0.0230160682949 0.0135193149289 0.0271268203244 0.0179329359053 0.025596710321 0.0214954527333 0.0318608017822 0.0208046826444 0.00558800756813 0.0125052546196 
0.0248789162327 0.00840998436556 0.0281165409041 0.0330078916644 0.0181135342572 0.0361563989494 0.0257707016498 0.00962392519585 0.178544289965 0.0308934098774 0.0114932630561 0.0283559129528 0.022929099427 0.00209524908892 0.0205968500316 0.00659239035909 0.0144991929334 0.0212234178425 0.0411032731901 0.00512395920872 0.0507433441401 0.0230753988306 0.0345875543242 -0.00764593300704 0.0551853181906 0.0159102898137 0.0156168509334 0.0221714508735 -0.00791637264517 0.0263256139215 0.0147617653803 0.00848555871427 0.0112699031092 0.0328326690295 0.0448971465336 0.0283003120657 0.0288979588602 0.0438330647822 0.0236860467028 0.0118128882947 
0.0589699028349 0.0126682772815 0.0134673333198 0.00296040165958 0.0367663438148 0.0184578644357 0.0204295057451 -0.000177060712295 0.0308934098774 0.213434630328 0.0109416297053 0.0139587149595 0.015460590614 0.00032877041779 0.0208958940196 -0.00437053344433 0.0228705451765 0.0254019958578 0.00615632703075 0.032201404266 0.0553924526581 0.0192804483583 0.0172830697267 -0.0214419079331 0.0231657070343 0.00507288186654 0.0132118056469 0.0256230222623 0.00417598604975 0.0139019912549 0.00223616883972 0.00912890898996 0.0108314843488 0.0241881511297 0.0330018084401 0.000970169350617 0.0342952041767 0.0202734913045 0.0114828384888 0.00448796940928 
-0.00521336859193 0.0089034304265 0.0101723070614 0.000184743501623 0.00963447825382 0.0145248330783 -0.00676553194117 0.0128815960027 0.0114932630561 0.0109416297053 0.196514128466 0.0125835330739 0.0111641329808 0.000163059036083 0.0223871077226 -0.0101811661035 0.0210729184818 -0.0030858501279 0.0266375604209 -0.00122293806899 0.0101182795813 0.0255710397994 0.0315068731516 -0.0272022468609 -0.0224766661398 -0.00456601997953 0.00972602357401 0.00390906448681 0.0687606511965 0.00779043600382 -0.0153454366945 0.023956974848 0.0296480815987 0.000233076294597 0.00329770597588 0.0023450454022 0.00293487339796 0.0210075590136 0.00902080510072 0.0188785736909 
0.0314482662686 0.00459650130732 0.00818504722461 0.0170179659338 0.0120103264611 0.013263185545 0.00674349098812 0.0621195348053 0.0283559129528 0.0139587149595 0.0125835330739 0.219920558011 0.00456801074767 0.00729704034471 0.0117485350801 0.0133776338655 0.00998206313841 0.0216412728418 0.0492344224284 0.0219132131504 0.0238912247276 0.0159208391631 0.0105624674952 0.00307168708318 0.0549116890572 0.0204965075906 0.0028105658356 0.000510772565484 0.0504190802009 -0.00127501526846 -0.0138800637623 0.0101008781077 0.0069319353757 0.020052028553 0.0159895645757 0.00261035638322 0.0453376486898 0.0109368373713 0.00823605252897 0.00557116466607 
0.00483660526279 0.0261497071584 0.00643542479498 0.0189266464905 0.000192886029862 0.0373026994798 0.0211251720418 0.0479218706582 0.022929099427 0.015460590614 0.0111641329808 0.00456801074767 0.148898451271 0.00653823923946 0.0267539043981 0.00406219300173 0.0150890717953 -0.000595214645001 0.0145840830333 0.00457605103789 0.0118442896215 0.0109430278684 0.024479805102 0.0111660952613 0.0253078571284 0.00321269348555 0.0156631604345 0.0140306814032 0.0215578254625 0.0120772137433 0.0027683641318 0.016444554367 0.0116855487517 0.00942901035504 0.0273310000439 0.0157851210414 0.0023501848951 0.0321984703558 0.0306679260628 0.00594882145684 
0.0060923778584 0.0168224246569 0.0317393407989 0.0118176503561 -0.00316440839845 0.0089662037603 0.0294117104264 0.0165597600904 0.00209524908892 0.00032877041779 0.000163059036083 0.00729704034471 0.00653823923946 0.31893465237 0.00739428515725 -0.00943625256562 0.00342222475448 0.011885533227 -0.00698553153573 0.0490545526264 0.0112816925874 0.0120269818465 0.00421590789014 0.175371594794 0.0518203102029 0.015138818369 0.00888716129086 0.0124837849786 -0.00499734917387 0.0300978798401 0.0162555785763 0.0265270911841 0.0152908169749 0.00302289245559 0.0178182960057 -0.000495743238059 0.0235776667318 0.0202764537939 0.0533338011103 0.0679179876564 
0.00378404330386 0.0159309502648 0.0226693071244 0.0433244456984 -0.0043187799912 0.0523164067923 0.0291003302705 0.0126856158843 0.0205968500316 0.0208958940196 0.0223871077226 0.0117485350801 0.0267539043981 0.00739428515725 0.122654145556 -0.00264393684204 0.0170704147587 -0.00879295998193 0.00497133317443 0.0095950030555 0.00947568691778 0.0347495949947 0.0287753809594 0.0118497062171 0.0325189955939 0.00879647507193 0.00880491786605 0.0304622882666 0.0177267825416 0.00857860555013 0.0086262458302 0.0148114267722 0.0151014779056 0.0193233621102 0.00177894215475 0.0163854666505 0.00562799699604 0.0436421037168 0.00634901847528 0.00647511473673 
0.0126859932718 0.0144260232157 -0.0241128552704 0.0163198021714 0.00944100014493 0.00497114310964 -0.00130810934041 0.0124905478113 0.00659239035909 -0.00437053344433 -0.0101811661035 0.0133776338655 0.00406219300173 -0.00943625256562 -0.00264393684204 0.510625334693 0.00131224796377 0.025978377674 -0.0125413662208 0.0160982974811 -0.00610617163635 0.0156554607841 0.0278395451702 0.00781894627592 0.0607643400402 0.0251095387262 -0.00294006351926 -0.00355497361245 0.025985740411 0.0140126624226 -0.000679118072686 0.00795063869194 0.0015943592472 0.0109016017455 0.0131015449478 0.0104891077056 0.121817248277 0.0390851690972 0.0216676030887 0.00274109892903 
0.0179452512778 0.00894978383294 -0.00408102569606 0.0121710582105 0.00767308896527 0.0136302551747 0.0110056654432 0.00976817365786 0.0144991929334 0.0228705451765 0.0210729184818 0.00998206313841 0.0150890717953 0.00342222475448 0.0170704147587 0.00131224796377 0.147518808543 0.0142265472827 0.0252881760223 -0.00145791167242 0.0216593952785 0.0209498200892 0.0226128514534 0.0174224773765 0.0281338098532 0.0137251552968 0.0181653403557 0.00543455546812 0.0115646548987 0.00120660151396 -0.0140205928305 0.0183018091793 0.0154631662467 0.0172627829807 0.0204102332928 0.00126123042615 0.019194228869 0.0230785849618 0.00291045301173 0.0258182548709 
0.0220717477389 0.0163212002445 0.0460565974914 0.0399158245852 0.067577577459 0.0121337860797 0.0113223434256 0.0281238434299 0.0212234178425 0.0254019958578 -0.0030858501279 0.0216412728418 -0.000595214645001 0.011885533227 -0.00879295998193 0.025978377674 0.0142265472827 0.388286304989 0.00363709865292 0.0339274231018 0.0571715000928 0.00129347309786 0.0438863699156 0.0224076673457 0.00917647958638 0.00672456100547 0.0289585550462 0.0124270497433 -0.00923240665099 0.0319403311776 0.00123913129803 0.0453641225834 0.0118756348442 0.0140892592362 0.022918770006 0.00803888205608 0.0243022753748 0.0158578831534 0.0297340236073 0.00470113042413 
0.0111251633273 0.00459922683045 -0.0067106129409 -0.00855460765827 -0.0116360365389 0.0177729338903 0.00298707717588 0.0538484831094 0.0411032731901 0.00615632703075 0.0266375604209 0.0492344224284 0.0145840830333 -0.00698553153573 0.00497133317443 -0.0125413662208 0.0252881760223 0.00363709865292 0.785793835798 0.0140349945981 0.015507770579 -0.020452880633 0.0211860626738 0.0236071826126 -0.00338932517202 -0.00338676052163 0.0100726911733 -0.00133589311901 0.0213717589043 -0.0292752477103 0.381236188005 -0.0112807412838 0.0136170889501 0.012578364251 -0.0189514213299 -0.0194534439899 0.0798754415366 0.00678978469529 -0.00100264267479 0.0153153856619 
0.00818352371686 0.0233075722422 0.0386659828456 0.00300914519671 -0.000291534812245 0.0322561958514 0.0202536293923 0.074738368911 0.00512395920873 0.032201404266 -0.00122293806899 0.0219132131504 0.00457605103789 0.0490545526264 0.0095950030555 0.0160982974811 -0.00145791167242 0.0339274231018 0.0140349945981 0.430321730549 -0.00262247829249 0.0250933520229 0.0304705106576 0.0280695658203 0.0149143409946 0.0288398059449 0.0186340819149 0.0200757416964 0.0170170582388 0.0345802192176 -0.0119260821955 0.0382652756644 0.0154760899698 0.0302047076157 -0.0206044532793 0.0395569152383 0.0699712012493 0.011982080997 0.0344645844579 0.00619589796219 
0.0365104444598 -0.00237332535267 0.0281075116917 0.00279574408353 0.0388582994834 0.0196622444572 0.00740511905239 0.0290632766348 0.0507433441401 0.0553924526581 0.0101182795813 0.0238912247276 0.0118442896215 0.0112816925874 0.00947568691778 -0.00610617163634 0.0216593952785 0.0571715000928 0.015507770579 -0.00262247829249 0.249994491828 0.00989421046435 0.0124722539121 0.00286955425622 0.0674496005687 0.012570473843 0.00588544974714 0.0196749690391 -0.016882247575 0.0174833621764 0.0329687003877 0.0129094734278 -0.0114406357503 0.0195909740657 0.0374420034614 0.000388797968667 0.00668147815961 0.0176529902069 0.0206663089864 0.0123519627358 
-0.0114046389433 0.0124683179345 0.0230905301378 0.0384144444571 0.00937178129469 0.0369520094734 0.0267399863482 0.0116666126662 0.0230753988306 0.0192804483583 0.0255710397994 0.0159208391631 0.0109430278684 0.0120269818465 0.0347495949947 0.0156554607841 0.0209498200892 0.00129347309786 -0.020452880633 0.0250933520229 0.00989421046435 0.170621792796 0.0202412775664 0.00298105152905 0.0302926238135 0.0101993678538 0.0066578133604 0.0286525134223 0.0131433193227 0.0249691609411 0.0129385254204 0.0364701967738 0.00754614885489 0.027188547866 0.0246455915262 0.00568953016702 0.0529710706992 0.0416374913839 0.0127315721896 0.0128247724913 
0.0167726480715 0.026598502564 0.0178561670893 0.0144645712502 0.0316151065239 0.0168684293296 0.028557284377 -0.000202604662502 0.0345875543242 0.0172830697267 0.0315068731516 0.0105624674952 0.024479805102 0.00421590789014 0.0287753809594 0.0278395451702 0.0226128514534 0.0438863699156 0.0211860626738 0.0304705106576 0.0124722539121 0.0202412775664 0.272187644301 -0.00487217212646 -0.0146727444599 0.0244980593243 0.0380314531957 0.0112691878763 0.0454781401719 0.0174535817479 -0.0129542391231 0.026714946783 -0.00106286717201 0.00451929748272 0.0139578592694 0.0184056290856 0.050429021239 0.00859665769719 0.0485439422394 0.0114903831617 
-0.0151953797576 -0.0100035551222 0.0134589072379 0.0372773501569 -0.0104677704438 0.0229367079697 0.00377919539939 0.0214295754597 -0.00764593300704 -0.0214419079331 -0.0272022468609 0.00307168708318 0.0111660952613 0.175371594794 0.0118497062171 0.00781894627592 0.0174224773765 0.0224076673457 0.0236071826126 0.0280695658203 0.00286955425622 0.00298105152905 -0.00487217212646 0.559638853208 0.040464316945 -0.0218888731126 -0.00132903099304 0.00840946056355 0.0796375629259 0.031133926859 0.0118834122355 -0.0131340663733 0.0363651696249 0.0387538379507 -0.00626058700303 -0.00612936669103 -0.0095939175335 0.0268850455579 0.0297816634614 0.0907648899438 
0.0642746309806 0.0296860444774 0.0494681702549 0.0161141966947 0.0624426375761 0.0409595948128 0.0200751668182 0.0347675024388 0.0551853181906 0.0231657070343 -0.0224766661398 0.0549116890572 0.0253078571284 0.0518203102029 0.0325189955939 0.0607643400402 0.0281338098532 0.00917647958639 -0.00338932517202 0.0149143409946 0.0674496005687 0.0302926238135 -0.0146727444599 0.040464316945 0.889637993808 0.00823407314263 0.0318773090595 0.033258922188 0.00866276203716 0.0142076170091 0.0155455936031 0.01560615749 0.0177973201422 0.0410795884332 0.0561163494355 0.0283686895717 -0.0227067209334 0.0100357484038 0.0292429572162 0.0169367374842 
0.0111264314961 0.0169703091429 0.00996916527572 -0.00153648341352 0.0277547157421 -0.0036552875656 0.00600922220276 -0.000240955066139 0.0159102898137 0.00507288186654 -0.00456601997953 0.0204965075906 0.00321269348555 0.015138818369 0.00879647507193 0.0251095387262 0.0137251552968 0.00672456100547 -0.00338676052163 0.0288398059449 0.012570473843 0.0101993678538 0.0244980593243 -0.0218888731126 0.00823407314262 0.258257440887 0.00562111771563 0.00184258854439 0.00201866632082 0.0447836697917 0.0209410192218 0.0306272405731 0.0118502739289 0.0230151107108 0.0210005201261 0.0397920181178 0.0380458403521 0.0162290244785 0.0140693450802 0.0132969447978 
0.0243408825417 0.00979951758959 0.0238920795686 0.0116125950373 0.00376909464809 0.0163870454895 0.0132819008074 0.00990332218155 0.0156168509334 0.0132118056469 0.00972602357401 0.0028105658356 0.0156631604345 0.00888716129086 0.00880491786605 -0.00294006351926 0.0181653403557 0.0289585550462 0.0100726911733 0.0186340819149 0.00588544974714 0.0066578133604 0.0380314531957 -0.00132903099304 0.0318773090595 0.00562111771563 0.139340070133 0.010124335142 0.0202803595014 0.0251939667561 0.0034891123089 0.00049220438211 0.000881514137946 0.0208220892945 0.000242922901827 0.0195004176261 0.0151084898174 0.0075250326368 0.0349388944869 -0.00712057030367 
-0.00154762053326 0.0165416503953 0.00619588330101 0.039949699659 0.0103085178015 0.0388808101611 0.0277182222849 0.00834647886655 0.0221714508735 0.0256230222623 0.00390906448681 0.000510772565484 0.0140306814032 0.0124837849786 0.0304622882666 -0.00355497361245 0.00543455546812 0.0124270497433 -0.00133589311901 0.0200757416964 0.0196749690391 0.0286525134223 0.0112691878763 0.00840946056355 0.033258922188 0.00184258854439 0.010124335142 0.165748717325 0.0165883069891 0.0243437168879 0.0130732428358 0.0156674296921 0.00454080364506 0.024171756635 0.0116277916099 0.00151297458018 0.0257054924062 0.0372766216841 0.0273006066724 0.00398315430194 
-0.0244915133574 0.0279672436102 0.0668506239964 0.0317110307284 -0.00540980436737 0.0557626633048 0.0119580737773 0.0196233676652 -0.00791637264517 0.00417598604975 0.0687606511965 0.0504190802009 0.0215578254625 -0.00499734917387 0.0177267825416 0.025985740411 0.0115646548987 -0.00923240665099 0.0213717589043 0.0170170582388 -0.016882247575 0.0131433193227 0.0454781401719 0.0796375629259 0.00866276203716 0.00201866632082 0.0202803595014 0.0165883069891 3.20153271494 0.0053868130144 0.00283835708509 0.0593702318075 0.00702950085835 0.00317736451207 -0.0249487380884 0.0164975431379 0.0816360300243 0.0878817748944 0.0596152032003 0.00436403110942 
0.00270068092341 0.00147849162498 0.0134765737234 0.0115902786491 0.0216878971629 0.00441223702878 0.0103942032948 0.00735836711181 0.0263256139215 0.0139019912549 0.00779043600383 -0.00127501526846 0.0120772137433 0.0300978798401 0.00857860555013 0.0140126624226 0.00120660151396 0.0319403311776 -0.0292752477103 0.0345802192176 0.0174833621764 0.0249691609411 0.0174535817479 0.031133926859 0.0142076170091 0.0447836697917 0.0251939667561 0.0243437168879 0.0053868130144 0.264851651787 0.03178159104 0.0148655388843 0.0103165469174 0.0309585672453 0.0204805348996 0.0205884891025 0.0252739129597 0.0245415256514 0.0251851299579 0.0360852937097 
-0.0196294224108 0.0153585951839 0.0107630322087 0.022862239985 0.0211446955812 0.019881069883 0.00663374970228 -0.0230160682949 0.0147617653803 0.00223616883972 -0.0153454366945 -0.0138800637623 0.0027683641318 0.0162555785763 0.0086262458302 -0.000679118072685 -0.0140205928305 0.00123913129803 0.381236188005 -0.0119260821955 0.0329687003877 0.0129385254204 -0.0129542391231 0.0118834122355 0.0155455936031 0.0209410192218 0.0034891123089 0.0130732428358 0.00283835708509 0.03178159104 1.44087002834 -0.00531142138133 -0.0345045936794 0.0199919060693 0.0217359253778 0.000244746645559 0.0055356900314 0.020724678254 0.08052378773 -0.000985249956662 
-0.00271313116308 0.019249983028 0.0348002722417 0.032820513963 0.00949121244878 0.0136193304637 0.0185428199433 0.0135193149289 0.00848555871427 0.00912890898996 0.023956974848 0.0101008781077 0.016444554367 0.0265270911841 0.0148114267722 0.00795063869194 0.0183018091793 0.0453641225834 -0.0112807412838 0.0382652756644 0.0129094734278 0.0364701967738 0.026714946783 -0.0131340663733 0.01560615749 0.0306272405731 0.00049220438211 0.0156674296921 0.0593702318075 0.0148655388843 -0.00531142138133 0.252809055312 0.00984377279269 -0.0120095501325 0.0250816201189 0.0340593405116 0.029049756651 0.0335109149987 0.0254023982832 -0.00554209428304 
0.00230928989016 0.00710613235049 0.0249261387914 0.0257004346837 0.00993037703574 0.0231261817719 0.0193040355638 0.0271268203244 0.0112699031092 0.0108314843488 0.0296480815987 0.0069319353757 0.0116855487517 0.0152908169749 0.0151014779056 0.0015943592472 0.0154631662467 0.0118756348442 0.0136170889501 0.0154760899698 -0.0114406357503 0.00754614885489 -0.00106286717201 0.0363651696249 0.0177973201422 0.0118502739289 0.000881514137946 0.00454080364506 0.00702950085835 0.0103165469174 -0.0345045936794 0.00984377279269 0.249999149259 0.00491923540689 0.0116542740387 0.0267226494135 -0.00512124148678 0.00781554936146 -0.0123052929791 0.0312058821422 
0.0352037738252 0.0304243346971 0.0246724636638 0.0223488110818 0.00847620887373 0.0298248720445 0.0216409765547 0.0179329359053 0.0328326690295 0.0241881511297 0.000233076294597 0.020052028553 0.00942901035504 0.00302289245559 0.0193233621102 0.0109016017455 0.0172627829807 0.0140892592362 0.012578364251 0.0302047076157 0.0195909740657 0.027188547866 0.00451929748272 0.0387538379507 0.0410795884332 0.0230151107108 0.0208220892945 0.024171756635 0.00317736451207 0.0309585672453 0.0199919060693 -0.0120095501325 0.00491923540689 0.374882715054 0.0397639778686 0.0550734629069 0.0339909988185 0.0250815889951 0.0557978226181 -0.0055610856558 
0.0229701005374 0.0200201850186 0.0224437019812 0.0110312624337 0.0147478066129 0.0124719118618 0.0176260491329 0.025596710321 0.0448971465336 0.0330018084401 0.00329770597588 0.0159895645757 0.0273310000439 0.0178182960057 0.00177894215475 0.0131015449478 0.0204102332928 0.022918770006 -0.0189514213299 -0.0206044532793 0.0374420034614 0.0246455915262 0.0139578592694 -0.00626058700303 0.0561163494355 0.0210005201261 0.000242922901827 0.0116277916099 -0.0249487380884 0.0204805348996 0.0217359253778 0.0250816201189 0.0116542740387 0.0397639778687 0.283508703837 0.00441120685021 0.0235614663831 0.0428227659041 0.0442481659894 0.00922995999778 
0.00173536001663 0.0151082255406 0.0154267669939 0.0130800910762 0.00624406709777 0.0154816761341 0.0170059851798 0.0214954527333 0.0283003120657 0.000970169350618 0.0023450454022 0.00261035638322 0.0157851210414 -0.000495743238059 0.0163854666505 0.0104891077056 0.00126123042615 0.00803888205608 -0.0194534439899 0.0395569152383 0.000388797968668 0.00568953016702 0.0184056290856 -0.00612936669103 0.0283686895717 0.0397920181178 0.0195004176261 0.00151297458018 0.0164975431379 0.0205884891025 0.000244746645559 0.0340593405116 0.0267226494135 0.0550734629069 0.00441120685022 0.331409654813 -0.0128936061519 0.0199235319286 0.0290281230474 0.00947765881154 
0.0553440140545 0.00507094074356 0.0149258026323 0.00618550360938 0.0125852522541 0.0269318104997 0.00932634891292 0.0318608017822 0.0288979588602 0.0342952041767 0.00293487339796 0.0453376486898 0.0023501848951 0.0235776667318 0.00562799699604 0.121817248277 0.019194228869 0.0243022753748 0.0798754415366 0.0699712012493 0.00668147815961 0.0529710706992 0.050429021239 -0.0095939175335 -0.0227067209334 0.0380458403521 0.0151084898174 0.0257054924062 0.0816360300243 0.0252739129597 0.0055356900314 0.029049756651 -0.00512124148678 0.0339909988185 0.0235614663831 -0.0128936061519 0.592833899339 0.0144666740981 0.024565825745 0.00314620845015 
0.0181749032503 0.0347985273609 0.0426143921055 0.0446986105149 0.0256575860121 0.0549909889987 0.0336165842976 0.0208046826444 0.0438330647822 0.0202734913045 0.0210075590136 0.0109368373713 0.0321984703558 0.0202764537939 0.0436421037168 0.0390851690972 0.0230785849618 0.0158578831534 0.00678978469529 0.011982080997 0.0176529902069 0.0416374913839 0.00859665769719 0.0268850455579 0.0100357484038 0.0162290244785 0.0075250326368 0.0372766216841 0.0878817748944 0.0245415256514 0.020724678254 0.0335109149987 0.00781554936146 0.0250815889951 0.0428227659041 0.0199235319286 0.0144666740981 0.273120423755 0.00570795881862 0.00688303561643 
0.0117462002048 0.0590218433705 0.022501215721 0.0259974287103 0.0405212356032 0.0080809954943 0.0338185099607 0.00558800756813 0.0236860467028 0.0114828384888 0.00902080510072 0.00823605252897 0.0306679260628 0.0533338011103 0.00634901847528 0.0216676030887 0.00291045301173 0.0297340236073 -0.00100264267479 0.034464584458 0.0206663089864 0.0127315721896 0.0485439422394 0.0297816634614 0.0292429572162 0.0140693450802 0.0349388944869 0.0273006066724 0.0596152032003 0.0251851299579 0.08052378773 0.0254023982832 -0.0123052929791 0.0557978226181 0.0442481659894 0.0290281230474 0.024565825745 0.00570795881862 0.448445242296 -0.000810073576715 
0.0194069024244 0.00423064358468 -0.00449374498106 0.00888967742001 -0.00404673752215 0.00359258357743 0.00496467869874 0.0125052546196 0.0118128882947 0.00448796940927 0.0188785736909 0.00557116466607 0.00594882145684 0.0679179876564 0.00647511473673 0.00274109892903 0.0258182548709 0.00470113042413 0.0153153856619 0.00619589796219 0.0123519627358 0.0128247724913 0.0114903831617 0.0907648899438 0.0169367374842 0.0132969447978 -0.00712057030367 0.00398315430194 0.00436403110942 0.0360852937097 -0.000985249956662 -0.00554209428304 0.0312058821422 -0.0055610856558 0.00922995999778 0.00947765881154 0.00314620845016 0.00688303561643 -0.000810073576715 0.218099342362 
0.0350357238432 0.000973070406185 0.00369435455662 -0.00193175552202 0.00864594884132 0.000238443225092 0.000138655774733 0.00160499449181 0.00215457734761 0.00510694339138 -0.00045149096399 0.00272349974936 0.000418862302565 0.000527615399483 0.000327707763016 0.00109863924456 0.00155410434839 0.00191146942478 0.000963467406268 0.000708713943128 0.00316189724057 -0.000987670704593 0.00145255393186 -0.00131595848903 0.0055663463248 0.000963577232906 0.00210798226317 -0.000134027869723 -0.00212102727447 0.000233885828719 -0.00169995784694 -0.000234964051103 0.000199990370958 0.00304873624417 0.00198926905929 0.000150286585911 0.00479293221186 0.00157399279261 0.00101725077753 0.00168068705083 
0.000973070406186 0.0126410156686 0.00183570601804 0.00255299433476 -0.000418387174586 0.00270775664756 0.00122052411045 0.000475828358414 0.0007283260106 0.00109710499479 0.000771059693018 0.000398068690067 0.00226463107007 0.00145686471061 0.00137966076357 0.00124933025804 0.00077507401577 0.0014134574032 0.000398304727294 0.00201849496623 -0.000205536004686 0.00107978800737 0.00230349789231 -0.000866333286399 0.00257088686553 0.00146967188278 0.000848663117742 0.00143254894628 0.00242203434403 0.000128041130652 0.00133009335957 0.00166709743247 0.000615409113818 0.00263482467409 0.00173379888146 0.00130841071243 0.0004391563505 0.00301364087089 0.00511144157371 0.000366384481869 
0.00369435455662 0.00183570601804 0.018474667814 0.0038923836394 0.00419771750543 0.0033415280657 0.00132164794144 0.00114199146249 0.00243496386895 0.00116630527762 0.000880947633026 0.000708845882769 0.00055732413566 0.00274870754312 0.00196321958559 -0.00208823452219 -0.000353427192629 0.00398861834394 -0.000581156128179 0.00334857234066 0.00243418191622 0.00199969856862 0.00154638943135 0.00116557555752 0.00428406921194 0.00086335503833 0.00206911478556 0.000536579233756 0.00578943386397 0.00116710552005 0.000932105931448 0.003013791982 0.00215866694116 0.00213669803068 0.00194368160707 0.0013359972115 0.00129261242515 0.00369051461302 0.00194866244304 -0.000389169731173 
-0.00193175552202 0.00255299433476 0.00389238363941 0.0194172898856 0.000834073238754 0.00440896051376 0.00634766822194 0.000807698482418 0.00285856727068 0.00025637830426 1.5999256559e-05 0.00147379908194 0.00163909566692 0.00102343854214 0.00375200705797 0.00141333632651 0.00105404456013 0.00345681181038 -0.000740850755147 0.000260599618403 0.000242118539882 0.00332678847721 0.00125266861575 0.00322831322217 0.00139553036992 -0.00013306336686 0.00100568023062 0.00345974547782 0.0027462558191 0.0010037475747 0.00197992806144 0.00284233988572 0.00222572293244 0.00193546381412 0.000955335350338 0.00113276911558 0.000535680326092 0.00387101322197 0.00225144336962 0.000769868647718 
0.00864594884132 -0.000418387174586 0.00419771750543 0.000834073238754 0.0169614683533 1.90677845803e-05 0.000742374405358 0.00123333654729 0.0015686780819 0.00318405877479 0.000834370292002 0.0010401247823 1.67044201895e-05 -0.0002740458061 -0.000374017318574 0.000817614596264 0.000664508996942 0.00585238988057 -0.00100771032421 -2.52476553492e-05 0.00336522745005 0.000811620067992 0.0027379485393 -0.00090653551253 0.00540769104202 0.00240362889075 0.000326413171451 0.000892743829145 -0.000468502801164 0.00187822698977 0.00183118435286 0.000821963109336 0.000859995878211 0.000734061221243 0.00127719751769 0.00054075207296 0.00108991481651 0.00222201212863 0.00350924194251 -0.000350457749663 
0.000238443225092 0.00270775664756 0.0033415280657 0.00440896051376 1.90677845803e-05 0.013090047297 0.00277245797247 0.00117797053302 0.00313123599995 0.00159849795009 0.00125788744316 0.00114862556171 0.00323050853792 0.000776496023193 0.00453073373168 0.00043051362188 0.00118041472414 0.00105081669891 0.00153918122488 0.00279346850368 0.00170280031953 0.00320013789249 0.00146084883214 0.0019863771781 0.00354720496366 -0.000316557188995 0.00141915976869 0.00336717693193 0.00482918830047 0.000382110935444 0.00172175115731 0.00117946861641 0.0020027860907 0.00258290968552 0.00108009925061 0.00134075248253 0.00233236320626 0.00476235934521 0.000699834738593 0.000311126864327 
0.000138655774733 0.00122052411045 0.00132164794144 0.00634766822194 0.000742374405358 0.00277245797247 0.013978627082 0.000604960561711 0.0022318082302 0.0017692470962 -0.000585912253117 0.000584003450591 0.00182949356475 0.0025471288398 0.00252016252728 -0.000113285591972 0.000953118585939 0.000980543703698 0.000258688471738 0.00175401575726 0.000641302121742 0.00231575074744 0.00247313337336 0.000327287922174 0.00173856044498 0.000520413908458 0.00115024635097 0.00240046846465 0.00103559956714 0.000900164410544 0.000574499576452 0.00160585531287 0.00167177851938 0.00187416354591 0.00152646063174 0.00147276151821 0.000807685508315 0.00291128159902 0.00292876887441 0.000429953787473 
0.00160499449181 0.000475828358414 0.00114199146249 0.000807698482418 0.00123333654729 0.00117797053302 0.000604960561711 0.112403508852 0.000833456370373 -1.5333907486e-05 0.00111557893797 0.00537970952127 0.00415015573868 0.00143411729189 0.00109860656184 0.00108171317117 0.000845948653628 0.00243559628624 0.0046634154328 0.00647253261144 0.00251695358829 0.0010103582945 -1.75460784652e-05 0.00185585567404 0.00301095403382 -2.08673208447e-05 0.000857652859109 0.000722826273058 0.00169943349059 0.00063725328492 -0.00199324998386 0.00117080701702 0.00234925155248 0.00155303780584 0.00221674013913 0.00186156081329 0.00275922637283 0.00180173836878 0.000483935651054 0.00108298681814 
0.00215457734762 0.0007283260106 0.00243496386895 0.00285856727068 0.0015686780819 0.00313123599995 0.0022318082302 0.000833456370373 0.015462389081 0.00267544777633 0.000995345777898 0.00245569409646 0.00198571825897 0.000181453893826 0.00178373953653 0.000570917752263 0.00125566694147 0.00183800190067 0.00355964787613 0.000443747884271 0.00439450250983 0.00199838815898 0.00299537006995 -0.000662157221973 0.0047791887469 0.00137787151602 0.00135245896355 0.00192010396952 -0.000685577981654 0.00227986504263 0.0012784063824 0.000734870941186 0.000976002239074 0.00284339254536 0.00388820694555 0.00245087891839 0.00250263664904 0.00379605476271 0.00205127181599 0.00102302613553 
0.00510694339138 0.00109710499479 0.00116630527762 0.00025637830426 0.00318405877479 0.00159849795009 0.0017692470962 -1.53339074859e-05 0.00267544777633 0.0184839811911 0.000947572928358 0.00120886017591 0.00133892642292 2.84723533819e-05 0.00180963750557 -0.000378499299088 0.00198064731213 0.00219987737197 0.000533153560263 0.00278872341319 0.00479712711798 0.00166973580746 0.00149675774387 -0.00185692369757 0.00200620907884 0.000439324456682 0.00114417593201 0.00221901882009 0.000361651000493 0.00120394775899 0.000193657902235 0.000790586709414 0.000938034060671 0.00209475533489 0.002858040448 8.40191303607e-05 0.0029700518045 0.00175573584931 0.000994442983886 0.000388669551984 
-0.00045149096399 0.000771059693018 0.000880947633026 1.5999256559e-05 0.000834370292002 0.00125788744316 -0.000585912253117 0.00111557893797 0.000995345777899 0.000947572928358 0.0170186227454 0.00108976593113 0.00096684227726 1.41213267564e-05 0.0019387804005 -0.000881714848579 0.00182496827371 -0.000267242460303 0.00230688040193 -0.0001059095435 0.000876268716 0.00221451700674 0.00272857525431 -0.00235578368215 -0.00194653638694 -0.000395428929646 0.00084229834929 0.000338534915061 0.00595484707169 0.000674671548587 -0.00132895380096 0.00207473488162 0.0025675991838 2.01849992141e-05 0.000285589714932 0.000203086889133 0.000254167491952 0.00181930797772 0.000781224637981 0.00163493244035 
0.00272349974936 0.000398068690067 0.000708845882769 0.00147379908194 0.0010401247823 0.00114862556171 0.000584003450591 0.00537970952127 0.00245569409646 0.00120886017591 0.00108976593113 0.0190456790052 0.000395601335224 0.000631942231096 0.00101745298367 0.00115853707701 0.000864472026004 0.00187418920512 0.00426382605636 0.00189773992668 0.00206904075416 0.00137878511648 0.000914736517753 0.000266015904651 0.00475549176883 0.00177504962623 0.000243402141264 4.42342017265e-05 0.00436642042894 -0.00011041956127 -0.00120204878243 0.000874761704182 0.000600323213275 0.00173655661243 0.0013847369118 0.00022606349408 0.00392635555132 0.000947157900063 0.000713263071699 0.000482477012949 
0.000418862302565 0.00226463107007 0.00055732413566 0.00163909566692 1.67044201896e-05 0.00323050853792 0.00182949356475 0.00415015573868 0.00198571825897 0.00133892642292 0.00096684227726 0.000395601335224 0.0128949841384 0.000566228127739 0.00231695608592 0.000351796233457 0.00130675194943 -5.15471003275e-05 0.00126301863978 0.000396297644783 0.0010257455702 0.000947694012838 0.0021200133098 0.000967012215734 0.00219172471886 0.000278227417306 0.00135646948399 0.00121509265276 0.00186696245009 0.00104591739087 0.000239747366506 0.00142414018358 0.00101199820761 0.000816576250001 0.00236693403489 0.00136703158236 0.000203531982274 0.00278846932911 0.00265592030518 0.00051518305042 
0.000527615399483 0.00145686471061 0.00274870754312 0.00102343854214 -0.0002740458061 0.000776496023193 0.0025471288398 0.00143411729189 0.000181453893826 2.84723533819e-05 1.41213267564e-05 0.000631942231096 0.000566228127739 0.02762055111 0.0006403638789 -0.000817203443835 0.000296373357484 0.00102931737121 -0.000604964776888 0.00424824887457 0.000977023237835 0.00104156718099 0.000365108333288 0.0151876256194 0.00448777050677 0.00131106012909 0.000769650744541 0.00108112749268 -0.000432783133615 0.00260655285416 0.00140777440003 0.0022973134854 0.00132422359449 0.000261790165945 0.00154310969931 -4.29326237913e-05 0.00204188583517 0.00175599240841 0.00461884266419 0.00588187026844 
0.000327707763016 0.00137966076357 0.00196321958559 0.00375200705797 -0.000374017318574 0.00453073373168 0.00252016252728 0.00109860656184 0.00178373953653 0.00180963750557 0.0019387804005 0.00101745298367 0.00231695608592 0.0006403638789 0.0106221605931 -0.000228971647121 0.00147834128342 -0.000761492671881 0.000430530081973 0.000830951639545 0.00082061855891 0.00300940320367 0.00249202109144 0.00102621466114 0.00281622762899 0.000761797087605 0.000762528255023 0.00263811154963 0.00153518440084 0.000742929033546 0.000747054802825 0.0012827071851 0.0013078263501 0.0016734522474 0.000154060909787 0.00141902303722 0.0004873988371 0.00377951704933 0.000549841128869 0.000560761385442 
0.00109863924456 0.00124933025804 -0.00208823452219 0.00141333632651 0.000817614596264 0.00043051362188 -0.000113285591972 0.00108171317117 0.000570917752263 -0.000378499299088 -0.000881714848579 0.00115853707701 0.000351796233457 -0.000817203443835 -0.000228971647121 0.044221451166 0.000113644007269 0.00224979350148 -0.00108611417454 0.00139415345764 -0.000528809975694 0.00135580267469 0.00241097533472 0.000677140610577 0.0052623462119 0.00217454984142 -0.000254616969642 -0.000307869745817 0.00225043113321 0.00121353216326 -5.88133503115e-05 0.000688545508353 0.000138075561084 0.000944106405351 0.00113462707536 0.000908383373607 0.0105496831627 0.00338487493494 0.0018764694714 0.000237386130683 
0.00155410434839 0.00077507401577 -0.000353427192629 0.00105404456013 0.000664508996942 0.00118041472414 0.000953118585939 0.000845948653628 0.00125566694147 0.00198064731213 0.00182496827371 0.000864472026004 0.00130675194943 0.000296373357484 0.00147834128342 0.000113644007269 0.0127755035734 0.00123205513549 0.00219002028507 -0.000126258854479 0.00187575865418 0.0018143076402 0.00195833038106 0.00150883080049 0.00243645940381 0.00118863331579 0.00157316462164 0.000470646309366 0.00100152849282 0.000104494756333 -0.00121421895673 0.00158498316845 0.00133914947926 0.00149500086013 0.00176757805287 0.000109225758907 0.00166226898066 0.00199866408603 0.000252052624468 0.00223592645996 
0.00191146942478 0.0014134574032 0.00398861834394 0.00345681181038 0.00585238988057 0.00105081669891 0.000980543703698 0.00243559628624 0.00183800190067 0.00219987737197 -0.000267242460303 0.00187418920512 -5.15471003276e-05 0.00102931737121 -0.000761492671881 0.00224979350148 0.00123205513549 0.0336265804062 0.00031498198295 0.00293820102911 0.00495119714528 0.000112018056186 0.00380067112268 0.0019405609161 0.000794706443912 0.000582364066004 0.00250788443269 0.00107621407718 -0.000799549869783 0.00276611382051 0.000107311918272 0.00392864825776 0.00102846014611 0.0012201656419 0.00198482370487 0.000696187607859 0.00210463878443 0.00137333296611 0.00257504198007 0.00040712983738 
0.000963467406268 0.000398304727294 -0.000581156128179 -0.000740850755147 -0.00100771032421 0.00153918122487 0.000258688471738 0.0046634154328 0.00355964787613 0.000533153560263 0.00230688040193 0.00426382605636 0.00126301863978 -0.000604964776888 0.000430530081973 -0.00108611417454 0.00219002028507 0.00031498198295 0.0680517423938 0.00121546618639 0.00134301232775 -0.00177127142087 0.00183476684817 0.00204444198543 -0.000293524170065 -0.000293302064827 0.000872320644052 -0.000115691737781 0.00185084861347 -0.00253531082192 0.0330160223655 -0.000976940852529 0.00117927449564 0.00108931829794 -0.00164124123095 -0.00168471766864 0.00691741615092 0.000588012603235 -8.68314027288e-05 0.0013263513052 
