30
0.0414486045552 0.142251168296 0.0979044774238 0.259768981863 0.128291051585 0.00633581846688 0.201887649263 0.0300827450696 0.00413185853021 0.0289140833203 0.0524452719686 -0.00139328324831 0.18030920859 0.0637259516476 0.0224960645228 0.0347685991573 0.0321720089654 0.0315088302779 0.0136100125143 0.0495038718221 0.12993100308 0.0146033592013 0.0825599502725 0.0350054865441 -0.00648668223639 0.151477321577 0.0169596300077 0.0657027666716 0.171372180847 0.0963264580192 
0.323282745627 0.000564155343011 0.0126784955284 0.0552187167465 0.0456733725728 0.0202234175024 0.0348091166474 0.014738483344 0.0057500118166 0.00835805502969 -0.00239247407173 0.00790832209669 0.0290981036437 0.015239814565 0.0188016382834 -0.00894383153429 0.0248644618011 0.00661119247897 0.00544241504615 0.00514192859148 0.00308288847545 0.000891973915527 -0.00318935817403 0.0203182303237 0.00784813522215 0.0103274842306 0.0173751275822 0.0167437848761 0.0240416732932 0.0126953910264 
0.000564155343011 0.806910614683 0.000142890094473 0.0260105486888 0.0280766560746 0.0139320197845 0.0299558975516 0.0208096649196 0.0246255371926 0.0230620329689 0.0314263770091 -0.019407707694 0.0292591465224 0.00554192668103 0.00224234138677 -0.0153065741837 0.00604410267545 0.0325746536174 0.0769221478963 0.00526429479735 0.0172558433521 0.011366973077 0.042188915268 0.0149180079497 -0.00481825691646 0.0141516274732 0.00775643344615 0.0114602223465 -0.0359348347926 0.0123715882563 
0.0126784955284 0.000142890094473 0.523891900395 0.00810235437471 0.0302808090129 0.0360230086209 0.0110432061711 -0.00687269178229 0.00790865457383 0.00863247850134 0.0421307638946 -0.0155192128498 0.0112619808011 0.00195170678136 0.0107254391475 -0.00320498891571 0.00882645757874 0.0236414891929 0.00242465218921 0.0248002252991 -0.0384570641168 0.00536740098283 0.0164782653901 -0.00376116632674 0.0157324156234 0.0142083938339 0.0162718623707 0.0234787851496 0.00344540223954 0.0135277281406 
0.0552187167465 0.0260105486888 0.00810235437471 0.603695222811 0.013861197042 0.0211327939554 0.0157548857187 0.0300399744945 0.0160390640901 -0.00204642708405 0.0653319995025 0.00529933824461 -0.0115032551262 0.0253153520436 0.033365926746 0.0195693397609 0.00908783649267 0.0260590935908 0.017517072238 -0.00474061663557 0.0386049018094 0.0116506191658 0.0206265899604 0.016365628836 0.0389086642038 0.145655004455 -0.00654152974108 0.0324468301868 0.0535388748569 0.028536996309 
0.0456733725728 0.0280766560746 0.0302808090129 0.013861197042 0.499212241883 0.0289297463336 0.0190611886417 0.016736817705 0.00206474972271 0.0143899905881 0.0159643014986 0.0475651382955 0.0500975703699 0.00877803179643 0.0260335779291 0.00506368297419 0.0173175947348 0.027504217681 0.00610581600537 0.0198025802142 -0.0155201942938 -0.0186600282859 0.00346425598934 -0.00309597084131 -0.00190337909363 -0.0150298881985 0.01351905505 0.00881530693803 0.00745513830167 0.0458001366443 
0.0202234175024 0.0139320197845 0.0360230086209 0.0211327939554 0.0289297463336 0.196175385136 -0.00181439567308 0.00341891697558 0.000641617956979 0.00840746990048 0.0491022272282 0.0420329187955 0.0121982102078 0.0117705537185 0.0241230835352 -0.00917315446651 0.0292698830558 0.0440371507594 0.00941800388538 0.00441452775844 -0.00199626371502 0.0178867544762 0.018448207905 0.0185461418421 0.0128150236264 0.0172522202475 0.00241858741656 0.0137178356842 -0.0089073845324 0.0388148532359 
0.0348091166474 0.0299558975516 0.0110432061711 0.0157548857187 0.0190611886417 -0.00181439567308 0.774743366649 -0.000121747313101 0.00658571079243 0.0333873907465 0.0378489068813 0.0246691473314 -0.0127696468613 0.00695315683025 0.0222090164397 0.002082396465 0.0297628129991 0.0221125708593 0.0145395897147 0.126113941629 0.00520452231831 0.0297027445917 0.009662898701 0.0296562065189 0.00682455074526 -0.0180759673236 0.0145954296825 0.0151578368262 -0.0296067657895 0.0113540749808 
0.014738483344 0.0208096649196 -0.00687269178229 0.0300399744945 0.016736817705 0.00341891697558 -0.000121747313101 0.161482642713 0.00836528908899 0.00055123333858 0.00488866138003 -4.85247180112e-05 0.014244650267 0.00872362281044 0.00995594992232 0.013346961204 0.00491463003462 -0.00175809565714 0.00929255096917 0.00205966556761 0.00161678183812 0.0051285713294 0.00950288196355 0.0150665093987 0.00882687642025 0.0242344160858 0.0245760792989 0.00168566935616 -0.00551365812773 0.0123503189646 
0.0057500118166 0.0246255371926 0.00790865457383 0.0160390640901 0.00206474972271 0.000641617956979 0.00658571079243 0.00836528908899 0.189386933539 0.0548569864316 0.00732818963803 0.00764707127663 0.0322715029774 0.0267206113401 0.00774303513629 0.0253516588257 0.0217110333832 0.0101211269952 0.00606987666172 0.030479012388 0.0465392260386 0.0109052127009 0.0100905241777 0.0169370632849 0.0140403878608 0.0368648825232 0.0408312775446 0.00957903211028 0.0474178256907 0.0156615046235 
0.00835805502969 0.0230620329689 0.00863247850134 -0.00204642708405 0.0143899905881 0.00840746990048 0.0333873907465 0.000551233338579 0.0548569864316 0.224422649977 -0.00501269719456 0.0123138708912 0.0270391441131 0.0128616871187 0.0148456927937 0.0235146259455 0.0166545425746 0.0189679327775 0.00941642250688 0.0365192746633 0.0226892466853 0.0198305654554 -0.00212247259677 0.019270477859 -0.000991329685784 0.0408161306916 0.0321576962802 0.0355695685574 0.0426039741667 0.00195494901381 
-0.00239247407173 0.0314263770091 0.0421307638946 0.0653319995025 0.0159643014986 0.0491022272282 0.0378489068813 0.00488866138003 0.00732818963803 -0.00501269719456 0.263451736305 0.0120958388007 0.0230578867217 0.0278708809915 0.0294719129398 0.0119022850085 0.0225604368384 0.0377234627358 0.00360976763575 -0.00107375600969 0.0237232025611 0.0112625246376 0.00931168362835 0.0142195035985 0.0208093055336 0.0500969337935 0.0217886489099 0.0168772692579 0.0255770619701 0.0440690545285 
0.00790832209669 -0.019407707694 -0.0155192128498 0.00529933824461 0.0475651382955 0.0420329187955 0.0246691473314 -4.85247180112e-05 0.00764707127663 0.0123138708912 0.0120958388007 0.365121604922 0.0216765340196 0.0149862918008 0.00641911339002 0.0167465793398 0.034775276227 0.0124193921709 0.0135758848523 0.0105625923506 -0.000878696172287 0.0047194500955 0.0197873799705 0.0176376111569 0.0169537321276 0.00230179885408 0.0131332591847 0.0034804941269 0.0332362797359 0.0313121907462 
0.0290981036437 0.0292591465224 0.0112619808011 -0.0115032551262 0.0500975703699 0.0121982102078 -0.0127696468613 0.014244650267 0.0322715029774 0.0270391441131 0.0230578867217 0.0216765340196 0.980677329188 0.0132138078612 0.0188168367554 0.0144496381839 0.0153530102585 0.0354732119233 0.0140516914195 0.00689214171126 0.0150608907924 0.0227773421805 0.0282979837112 0.0096507099037 0.00769434743303 -0.0249991341587 0.0502364506457 0.0166810649479 0.0222614585915 -0.002847317794 
0.015239814565 0.00554192668103 0.00195170678136 0.0253153520436 0.00877803179643 0.0117705537185 0.00695315683025 0.00872362281044 0.0267206113401 0.0128616871187 0.0278708809915 0.0149862918008 0.0132138078612 0.207538967622 0.0236788058805 0.0113623527967 0.00685425534444 0.0339040924913 0.00884449889667 0.00915971276801 0.025010530217 0.00626122055578 0.0182671608806 0.0144697624337 0.00828797670569 0.017831058394 0.0122877298268 0.0178097753976 0.0236551425819 0.00431290585263 
0.0188016382834 0.00224234138677 0.0107254391475 0.033365926746 0.0260335779291 0.0241230835352 0.0222090164397 0.00995594992232 0.00774303513629 0.0148456927937 0.0294719129398 0.00641911339002 0.0188168367554 0.0236788058805 0.210611206783 -0.00508137467133 0.0191787536071 0.0316508309864 0.0329283900268 0.00349818193694 0.00886197853527 0.0165302100896 0.0271236866315 0.0151458110738 0.0236126802875 0.00675133485062 0.0142970691053 0.024984424407 0.0103793878487 0.0312212873043 
-0.00894383153429 -0.0153065741837 -0.00320498891571 0.0195693397609 0.00506368297419 -0.00917315446652 0.002082396465 0.013346961204 0.0253516588257 0.0235146259455 0.0119022850085 0.0167465793398 0.0144496381839 0.0113623527967 -0.00508137467133 0.216619087288 0.0136941863295 0.0222725245236 0.00724347011989 0.0144306976671 0.116173660016 -0.00179579361069 -0.00847634214874 0.0178517006448 0.0175414260495 0.0617154846539 0.0396511427166 -0.00230693284034 0.136541867416 0.00695643011537 
0.0248644618011 0.00604410267545 0.00882645757874 0.00908783649267 0.0173175947348 0.0292698830558 0.0297628129991 0.00491463003462 0.0217110333832 0.0166545425746 0.0225604368384 0.034775276227 0.0153530102585 0.00685425534444 0.0191787536071 0.0136941863295 0.155354151606 0.014212412799 0.0108526470486 0.0340835181245 0.0253467926591 0.019060247746 0.0257247025277 0.0156350701477 0.0167288914074 0.0200265783898 0.02358077557 0.0232661329583 0.0018369000418 0.0373670740217 
0.00661119247897 0.0325746536174 0.0236414891929 0.0260590935908 0.027504217681 0.0440371507594 0.0221125708593 -0.00175809565714 0.0101211269952 0.0189679327775 0.0377234627358 0.0124193921709 0.0354732119233 0.0339040924913 0.0316508309864 0.0222725245236 0.014212412799 0.235677950668 0.0118643350158 0.00551651828168 0.0460917296621 0.00763643906309 0.00642201557175 0.0106093861138 0.0231108504242 0.0220581461066 0.0453625065099 0.0104442980864 0.0320441017409 0.0398726210915 
0.00544241504615 0.0769221478963 0.00242465218921 0.017517072238 0.00610581600537 0.00941800388538 0.0145395897147 0.00929255096917 0.00606987666172 0.00941642250688 0.00360976763575 0.0135758848523 0.0140516914195 0.00884449889667 0.0329283900268 0.00724347011989 0.0108526470486 0.0118643350158 0.143595307749 -0.00103521853744 -0.0317789722849 0.006128851194 0.0105677763509 0.00552787860919 0.00412676839628 0.0111755326281 0.00634833884497 0.00097596937154 0.00233925190608 0.00154351139175 
0.00514192859148 0.00526429479735 0.0248002252991 -0.00474061663557 0.0198025802142 0.00441452775844 0.126113941629 0.00205966556761 0.030479012388 0.0365192746633 -0.00107375600969 0.0105625923506 0.00689214171126 0.00915971276801 0.00349818193694 0.0144306976671 0.0340835181245 0.00551651828168 -0.00103521853744 0.307968048382 0.00150077418444 0.00652416831723 -0.00563581166586 0.0145669004273 0.00961134625926 -0.0077349095088 0.0226301461896 0.00769065530134 -0.00155314164524 0.0257064109819 
0.00308288847545 0.0172558433521 -0.0384570641168 0.0386049018094 -0.0155201942938 -0.00199626371502 0.00520452231831 0.00161678183812 0.0465392260386 0.0226892466853 0.0237232025611 -0.000878696172287 0.0150608907924 0.025010530217 0.00886197853527 0.116173660016 0.0253467926591 0.0460917296621 -0.0317789722849 0.00150077418444 0.617189447802 0.00746341333901 0.0137820049094 0.0206944637307 0.0227221404784 0.0651073113239 0.0674814460525 0.0200951047866 0.239739634803 0.0367157627653 
0.000891973915526 0.011366973077 0.00536740098283 0.0116506191658 -0.0186600282859 0.0178867544762 0.0297027445917 0.0051285713294 0.0109052127009 0.0198305654554 0.0112625246376 0.0047194500955 0.0227773421805 0.00626122055578 0.0165302100896 -0.0017957936107 0.019060247746 0.00763643906309 0.006128851194 0.00652416831723 0.00746341333901 0.176870094401 0.0144766963496 -0.000669747244354 0.00139985150837 0.031777235292 -0.0091378033334 0.0165377570974 0.00977872061537 -0.0106820709854 
-0.00318935817403 0.042188915268 0.0164782653901 0.0206265899604 0.00346425598934 0.018448207905 0.009662898701 0.00950288196355 0.0100905241777 -0.00212247259677 0.00931168362835 0.0197873799705 0.0282979837112 0.0182671608806 0.0271236866315 -0.00847634214874 0.0257247025277 0.00642201557175 0.0105677763509 -0.00563581166586 0.0137820049094 0.0144766963496 0.370866710198 -0.00221774837054 0.0417985375836 0.0391179846271 0.00745245597763 0.0316144046928 -0.0371165632415 0.0203619542258 
0.0203182303237 0.0149180079497 -0.00376116632674 0.016365628836 -0.00309597084131 0.0185461418421 0.0296562065189 0.0150665093987 0.0169370632849 0.019270477859 0.0142195035985 0.0176376111569 0.0096507099037 0.0144697624337 0.0151458110738 0.0178517006448 0.0156350701477 0.0106093861138 0.00552787860919 0.0145669004273 0.0206944637307 -0.000669747244355 -0.00221774837054 0.147470428835 0.00888454596848 0.0163413919814 0.0258120288909 0.0116486638918 0.0241027021561 0.0333662312182 
0.00784813522215 -0.00481825691646 0.0157324156234 0.0389086642038 -0.00190337909363 0.0128150236264 0.00682455074526 0.00882687642025 0.0140403878608 -0.000991329685784 0.0208093055336 0.0169537321276 0.00769434743303 0.00828797670569 0.0236126802875 0.0175414260495 0.0167288914074 0.0231108504242 0.00412676839628 0.00961134625926 0.0227221404784 0.00139985150837 0.0417985375836 0.00888454596848 0.267152116598 0.0295071944006 0.00697550801217 0.00234090459869 0.0154199029645 0.0231085398298 
0.0103274842306 0.0141516274732 0.0142083938339 0.145655004455 -0.0150298881985 0.0172522202475 -0.0180759673236 0.0242344160858 0.0368648825232 0.0408161306916 0.0500969337935 0.00230179885408 -0.0249991341587 0.017831058394 0.00675133485062 0.0617154846539 0.0200265783898 0.0220581461066 0.0111755326281 -0.0077349095088 0.0651073113239 0.031777235292 0.0391179846271 0.0163413919814 0.0295071944006 0.547548133326 0.0318004894807 0.0383546984328 0.0835300861891 0.0212382976297 
0.0173751275822 0.00775643344615 0.0162718623707 -0.00654152974108 0.01351905505 0.00241858741656 0.0145954296825 0.0245760792989 0.0408312775446 0.0321576962802 0.0217886489099 0.0131332591847 0.0502364506457 0.0122877298268 0.0142970691053 0.0396511427166 0.02358077557 0.0453625065099 0.00634833884497 0.0226301461896 0.0674814460525 -0.0091378033334 0.00745245597763 0.0258120288909 0.00697550801217 0.0318004894807 0.196567125248 0.0157745604373 0.0653248551663 0.0208482096529 
0.0167437848761 0.0114602223465 0.0234787851496 0.0324468301868 0.00881530693803 0.0137178356842 0.0151578368262 0.00168566935616 0.00957903211028 0.0355695685574 0.0168772692579 0.0034804941269 0.0166810649479 0.0178097753976 0.024984424407 -0.00230693284034 0.0232661329583 0.0104442980864 0.00097596937154 0.00769065530134 0.0200951047866 0.0165377570974 0.0316144046928 0.0116486638918 0.00234090459869 0.0383546984328 0.0157745604373 0.196316881869 -0.010583079392 0.0218355060631 
0.0240416732932 -0.0359348347926 0.00344540223954 0.0535388748569 0.00745513830167 -0.0089073845324 -0.0296067657895 -0.00551365812773 0.0474178256907 0.0426039741667 0.0255770619701 0.0332362797359 0.0222614585915 0.0236551425819 0.0103793878487 0.136541867416 0.0018369000418 0.0320441017409 0.00233925190608 -0.00155314164524 0.239739634803 0.00977872061537 -0.0371165632415 0.0241027021561 0.0154199029645 0.0835300861891 0.0653248551663 -0.010583079392 0.558370272477 0.0196763676411 
0.0126953910264 0.0123715882563 0.0135277281406 0.028536996309 0.0458001366443 0.0388148532359 0.0113540749808 0.0123503189646 0.0156615046235 0.00195494901381 0.0440690545285 0.0313121907462 -0.002847317794 0.00431290585263 0.0312212873043 0.00695643011537 0.0373670740217 0.0398726210915 0.00154351139175 0.0257064109819 0.0367157627653 -0.0106820709854 0.0203619542258 0.0333662312182 0.0231085398298 0.0212382976297 0.0208482096529 0.0218355060631 0.0196763676411 0.46714818552 
0.0279971070319 4.88572858729e-05 0.00109798992094 0.00478208114668 0.00395543009245 0.00175139933084 0.00301455793 0.00127639009892 0.000497965630523 0.000723828798194 -0.000207194332401 0.000684880783705 0.00251996969574 0.00131980665623 0.00162826963862 -0.000774558531586 0.00215332555712 0.00057254606361 0.00047132696879 0.000445304078466 0.000266985973678 7.72472070359e-05 -0.000276206520048 0.00175961036202 0.000679668447471 0.000894386370092 0.00150473018802 0.00145005430582 0.00208206998214 0.00109945311398 
4.88572858729e-05 0.0698805090899 1.23746451763e-05 0.00225257959309 0.00243150974139 0.00120654830594 0.00259425682728 0.00180216984646 0.00213263407906 0.0019972306414 0.00272160408388 -0.00168075678922 0.00253391641814 0.000479944929168 0.00019419246049 -0.0013255882088 0.000523434646002 0.00282104775522 0.00666165341919 0.000455901302752 0.00149439987067 0.000984408744883 0.00365366723802 0.00129193738583 -0.000417273289161 0.00122556688966 0.000671726840713 0.000992484368509 -0.00311204798112 0.00107141097151 
0.00109798992094 1.23746451763e-05 0.0453703694579 0.000701684471897 0.00262239498523 0.00311968405864 0.000956369708343 -0.000595192567585 0.000684909577069 0.000747594567979 0.00364863118136 -0.00134400325747 0.000975316147069 0.000169022765339 0.000928850276851 -0.000277560181985 0.000764393648861 0.00204741302243 0.00020998103912 0.00214776251286 -0.00333047944801 0.000464830560343 0.00142705964381 -0.000325726558682 0.00136246715927 0.00123048300071 0.001409184618 0.00203332243896 0.00029838058657 0.00117153562252 
0.00478208114668 0.00225257959309 0.000701684471897 0.0522815399098 0.00120041487652 0.00183015364183 0.00136441312661 0.00260153810413 0.0013890236955 -0.000177225784178 0.00565791712492 0.000458936154308 -0.000996211116548 0.00219237379755 0.00288957401828 0.00169475453682 0.000787029726809 0.00225678370492 0.00151702295581 -0.0004105494436 0.00334328256775 0.00100897321674 0.00178631508991 0.00141730503209 0.00336958916278 0.0126140934046 -0.000566513093539 0.0028099779214 0.00463660257161 0.00247137637513 
0.00395543009245 0.00243150974139 0.00262239498523 0.00120041487652 0.0432330483351 0.002505389525 0.001650747359 0.0014494509311 0.000178812571233 0.00124620974095 0.00138254906514 0.00411926180985 0.00433857686082 0.000760199853094 0.0022545739838 0.000438527809236 0.00149974769728 0.0023819351223 0.000528779177148 0.0017149537526 -0.00134408825301 -0.0016160058531 0.000300013369198 -0.000268118939795 -0.000164837464811 -0.00130162649959 0.00117078451084 0.000763427975049 0.000645633915797 0.00396640818307 
0.00175139933084 0.00120654830594 0.00311968405864 0.00183015364183 0.002505389525 0.0169892867125 -0.00015713127454 0.000296086895428 5.55657450268e-05 0.000728108251537 0.0042523776162 0.00364015754721 0.00105639599207 0.00101935985369 0.00208912031591 -0.000794418480084 0.00253484622921 0.00381372912679 0.000815623061768 0.000382309318452 -0.000172881508986 0.00154903837676 0.00159766167 0.00160614299775 0.00110981360106 0.0014940861006 0.000209455814402 0.00118799941874 -0.000771402128633 0.00336146489465 
0.00301455793 0.00259425682728 0.000956369708343 0.00136441312661 0.001650747359 -0.00015713127454 0.0670947436932 -1.05436265988e-05 0.000570339284822 0.00289143285525 0.00327781148647 0.00213641082787 -0.00110588385792 0.000602161045149 0.00192335724299 0.000180340823944 0.00257753521453 0.00191500481072 0.00125916540535 0.0109217877222 0.000450724854222 0.00257233313785 0.000836831574926 0.00256830282253 0.000591023431481 -0.00156542469002 0.00126400128842 0.00131270717579 -0.00256402112976 0.000983291736981 
0.00127639009892 0.00180216984646 -0.000595192567585 0.00260153810413 0.0014494509311 0.000296086895428 -1.05436265988e-05 0.013984807086 0.000724455286107 4.77382074623e-05 0.00042337049456 -4.20236385092e-06 0.00123362289992 0.000755487896687 0.000862210555153 0.0011558807466 0.000425619446019 -0.000152255550137 0.000804758520526 0.000178372270485 0.000140017414419 0.000444147305638 0.00082297371896 0.00130479798857 0.0007644299216 0.00209876199762 0.00212835089983 0.000145983248481 -0.000477496800639 0.00106956899681 
0.000497965630523 0.00213263407906 0.000684909577069 0.0013890236955 0.000178812571233 5.55657450268e-05 0.000570339284822 0.000724455286107 0.0164013895589 0.00475075438249 0.000634639839029 0.000662255799011 0.00279479413967 0.00231407282252 0.000670566513042 0.00219551805711 0.00188023064522 0.000876515309281 0.000525666738689 0.00263955990103 0.00403041520219 0.000944419123263 0.000873865027543 0.00146679270702 0.00121593325665 0.00319259247726 0.00353609236226 0.000829568515117 0.00410650416403 0.00135632608654 
0.000723828798194 0.0019972306414 0.000747594567979 -0.000177225784178 0.00124620974095 0.000728108251537 0.00289143285525 4.77382074623e-05 0.00475075438249 0.0194355716065 -0.000434112311197 0.00106641250107 0.00234165856985 0.00111385477804 0.00128567470962 0.00203642634293 0.0014423256958 0.00164267116426 0.000815486110372 0.00316266195862 0.00196494640222 0.00171737734558 -0.000183811518764 0.0016688723369 -8.58516691414e-05 0.00353478060631 0.00278493819059 0.00308041499724 0.00368961239306 0.000169303550906 
-0.000207194332401 0.00272160408388 0.00364863118136 0.00565791712492 0.00138254906514 0.0042523776162 0.00327781148647 0.00042337049456 0.000634639839029 -0.000434112311197 0.0228155896311 0.00104753036815 0.00199687156585 0.00241368909645 0.0025523425304 0.00103076811805 0.00195379114225 0.00326694770479 0.000312615047431 -9.2989998186e-05 0.00205448960771 0.000975363244687 0.000806415457415 0.00123144513455 0.00180213872272 0.00433852173169 0.00188695234701 0.00146161439239 0.00221503854203 0.00381649207424 
0.000684880783705 -0.00168075678922 -0.00134400325747 0.000458936154308 0.00411926180985 0.00364015754721 0.00213641082787 -4.20236385092e-06 0.000662255799011 0.00106641250107 0.00104753036815 0.0316204585333 0.00187724291269 0.0012978509408 0.000555911526553 0.00145029631347 0.00301162726362 0.00107555091196 0.00117570611609 0.00091474733054 -7.60973207409e-05 0.000408716367459 0.00171363737288 0.0015274619324 0.00146823627114 0.000199341628203 0.00113737360884 0.000301419633162 0.00287834625786 0.00271171526343 
0.00251996969574 0.00253391641814 0.000975316147069 -0.000996211116548 0.00433857686082 0.00105639599207 -0.00110588385792 0.00123362289992 0.00279479413967 0.00234165856985 0.00199687156585 0.00187724291269 0.0849291479993 0.00114434932885 0.00162958586491 0.00125137537428 0.00132960969084 0.00307207026794 0.00121691217354 0.000596876980843 0.00130431140299 0.0019725756959 0.00245067727698 0.000835775994116 0.000666350034255 -0.00216498852541 0.00435060424552 0.00144462260071 0.00192789886656 -0.000246584954225 
0.00131980665623 0.000479944929168 0.000169022765339 0.00219237379755 0.000760199853094 0.00101935985369 0.000602161045149 0.000755487896687 0.00231407282252 0.00111385477804 0.00241368909645 0.0012978509408 0.00114434932885 0.0179734018236 0.00205064474238 0.000984008616867 0.000593595925231 0.00293618053897 0.000765956072826 0.000793254394846 0.002165975453 0.000542237606 0.00158198253776 0.00125311818543 0.00071775983731 0.00154421495455 0.00106414861848 0.001542371793 0.00204859544061 0.000373508603251 
0.00162826963862 0.00019419246049 0.000928850276851 0.00288957401828 0.0022545739838 0.00208912031591 0.00192335724299 0.000862210555153 0.000670566513042 0.00128567470961 0.0025523425304 0.000555911526553 0.00162958586491 0.00205064474238 0.0182394655396 -0.000440059955152 0.00166092878367 0.00274104236851 0.00285168222689 0.000302951442445 0.000767469853934 0.00143155818675 0.00234898016671 0.00131166571508 0.00204491809804 0.000584682749009 0.00123816250449 0.00216371462354 0.000898881355267 0.00270384279444 
-0.000774558531586 -0.0013255882088 -0.000277560181985 0.00169475453682 0.000438527809236 -0.000794418480084 0.000180340823944 0.0011558807466 0.00219551805711 0.00203642634293 0.00103076811805 0.00145029631347 0.00125137537428 0.000984008616867 -0.000440059955152 0.0187597632536 0.00118595132455 0.00192885720439 0.000627302913537 0.00124973507741 0.0100609340824 -0.000155520288681 -0.000734072763198 0.00154600262592 0.00151913205775 0.00534471775172 0.00343388968816 -0.000199786244456 0.0118248725862 0.000602444519956 
0.00215332555712 0.000523434646002 0.000764393648861 0.000787029726809 0.00149974769728 0.00253484622921 0.00257753521453 0.000425619446019 0.00188023064522 0.0014423256958 0.00195379114225 0.00301162726362 0.00132960969084 0.000593595925231 0.00166092878367 0.00118595132455 0.0134540641874 0.0012308310533 0.000939866804235 0.00295171925462 0.00219509663472 0.00165066587504 0.00222782458938 0.00135403679379 0.0014487644936 0.00173435256365 0.00204215506846 0.00201490621897 0.000159080210041 0.00323608353679 
0.00057254606361 0.00282104775522 0.00204741302243 0.00225678370492 0.0023819351223 0.00381372912679 0.00191500481072 -0.000152255550137 0.000876515309281 0.00164267116426 0.00326694770479 0.00107555091196 0.00307207026794 0.00293618053897 0.00274104236851 0.00192885720439 0.0012308310533 0.020410309239 0.00102748155227 0.000477744497238 0.00399166087918 0.000661335022309 0.000556162862864 0.000918799789311 0.00200145835704 0.00191029148887 0.00392850830169 0.000904502746751 0.00277510061491 0.00345307027807 
0.00047132696879 0.00666165341919 0.00020998103912 0.00151702295581 0.000528779177148 0.000815623061768 0.00125916540535 0.000804758520526 0.000525666738689 0.000815486110372 0.000312615047432 0.00117570611609 0.00121691217354 0.000765956072826 0.00285168222689 0.000627302913537 0.000939866804235 0.00102748155227 0.0124357184375 -8.96525551892e-05 -0.00275213973049 0.000530774083002 0.000915196278141 0.000478728330459 0.000357388626672 0.000967829515673 0.000549782271158 8.45214269069e-05 0.000202585157651 0.000133672007629 
0.000445304078466 0.000455901302752 0.00214776251286 -0.0004105494436 0.0017149537526 0.000382309318452 0.0109217877222 0.000178372270485 0.00263955990103 0.00316266195862 -9.2989998186e-05 0.00091474733054 0.000596876980843 0.000793254394846 0.000302951442445 0.00124973507741 0.00295171925462 0.000477744497238 -8.96525551892e-05 0.0266708153453 0.000129970856907 0.000565009550129 -0.000488075607358 0.00126153058244 0.000832367002509 -0.000669862813059 0.00195982814916 0.000666030286271 -0.000134506012045 0.00222624049504 
0.000266985973678 0.00149439987067 -0.00333047944801 0.00334328256775 -0.00134408825301 -0.000172881508986 0.000450724854222 0.000140017414419 0.00403041520219 0.00196494640222 0.00205448960771 -7.60973207409e-05 0.00130431140299 0.002165975453 0.000767469853934 0.0100609340824 0.00219509663472 0.00399166087918 -0.00275213973049 0.000129970856907 0.0534501740744 0.000646350555053 0.00119355663666 0.00179219313085 0.00196779508827 0.00563845855786 0.00584406465656 0.00174028712369 0.0207620614034 0.0031796783274 
7.72472070359e-05 0.000984408744883 0.000464830560343 0.00100897321674 -0.0016160058531 0.00154903837676 0.00257233313785 0.000444147305638 0.000944419123263 0.00171737734558 0.000975363244687 0.000408716367459 0.0019725756959 0.000542237606 0.00143155818675 -0.000155520288682 0.00165066587504 0.000661335022309 0.000530774083002 0.000565009550129 0.000646350555053 0.0153173994921 0.00125371868016 -5.80018127725e-05 0.000121230696777 0.00275198930249 -0.000791356982151 0.0014322117768 0.000846862046942 -0.000925094483841 
-0.000276206520048 0.00365366723802 0.00142705964381 0.00178631508991 0.000300013369198 0.00159766167 0.000836831574926 0.00082297371896 0.000873865027543 -0.000183811518764 0.000806415457415 0.00171363737288 0.00245067727698 0.00158198253776 0.00234898016671 -0.000734072763198 0.00222782458938 0.000556162862864 0.000915196278141 -0.000488075607358 0.00119355663666 0.00125371868016 0.0321179992449 -0.000192062642809 0.00361985953884 0.00338771684319 0.000645401619722 0.00273788775895 -0.00321438866684 0.00176339696302 
0.00175961036202 0.00129193738583 -0.000325726558682 0.00141730503209 -0.000268118939795 0.00160614299775 0.00256830282253 0.00130479798857 0.00146679270702 0.0016688723369 0.00123144513455 0.0015274619324 0.000835775994116 0.00125311818543 0.00131166571508 0.00154600262592 0.00135403679379 0.000918799789311 0.000478728330459 0.00126153058244 0.00179219313085 -5.80018127726e-05 -0.000192062642809 0.0127713137678 0.00076942425098 0.00141520605891 0.00223538727427 0.00100880388504 0.0020873552367 0.00288960038635 
0.000679668447471 -0.000417273289161 0.00136246715927 0.00336958916278 -0.000164837464811 0.00110981360106 0.000591023431481 0.0007644299216 0.00121593325665 -8.58516691414e-05 0.00180213872272 0.00146823627114 0.000666350034255 0.00071775983731 0.00204491809804 0.00151913205775 0.0014487644936 0.00200145835704 0.000357388626672 0.000832367002509 0.00196779508827 0.000121230696777 0.00361985953884 0.00076942425098 0.0231360519649 0.00255539799453 0.000604096714284 0.00020272828503 0.00133540276911 0.0020012582537 
0.000894386370092 0.00122556688966 0.00123048300071 0.0126140934046 -0.00130162649959 0.0014940861006 -0.00156542469002 0.00209876199762 0.00319259247726 0.00353478060631 0.00433852173169 0.000199341628203 -0.00216498852541 0.00154421495455 0.000584682749009 0.00534471775172 0.00173435256365 0.00191029148887 0.000967829515673 -0.000669862813059 0.00563845855786 0.00275198930249 0.00338771684319 0.00141520605891 0.00255539799453 0.0474190593255 0.00275400317431 0.00332161431973 0.00723391766201 0.00183929052804 
0.00150473018802 0.000671726840713 0.001409184618 -0.000566513093539 0.00117078451084 0.000209455814402 0.00126400128842 0.00212835089983 0.00353609236226 0.00278493819059 0.00188695234701 0.00113737360884 0.00435060424552 0.00106414861848 0.00123816250449 0.00343388968816 0.00204215506846 0.00392850830169 0.000549782271158 0.00195982814916 0.00584406465656 -0.000791356982151 0.000645401619722 0.00223538727427 0.000604096714284 0.00275400317431 0.0170232124013 0.00136611700722 0.00565729840726 0.00180550791828 
0.00145005430582 0.000992484368509 0.00203332243896 0.0028099779214 0.000763427975049 0.00118799941874 0.00131270717579 0.000145983248481 0.000829568515117 0.00308041499724 0.00146161439239 0.000301419633162 0.00144462260071 0.001542371793 0.00216371462354 -0.000199786244456 0.00201490621897 0.000904502746751 8.45214269069e-05 0.000666030286271 0.00174028712369 0.0014322117768 0.00273788775895 0.00100880388504 0.00020272828503 0.00332161431973 0.00136611700722 0.0170015406891 -0.00091652156037 0.00189101029551 
0.00208206998214 -0.00311204798112 0.00029838058657 0.00463660257161 0.000645633915797 -0.000771402128633 -0.00256402112976 -0.000477496800639 0.00410650416403 0.00368961239306 0.00221503854203 0.00287834625786 0.00192789886656 0.00204859544061 0.000898881355267 0.0118248725862 0.000159080210041 0.00277510061491 0.000202585157651 -0.000134506012045 0.0207620614034 0.000846862046942 -0.00321438866684 0.0020873552367 0.00133540276911 0.00723391766201 0.00565729840726 -0.00091652156037 0.0483562840683 0.00170402342314 
0.00109945311398 0.00107141097151 0.00117153562252 0.00247137637513 0.00396640818307 0.00336146489465 0.000983291736981 0.00106956899681 0.00135632608654 0.000169303550906 0.00381649207424 0.00271171526343 -0.000246584954225 0.000373508603251 0.00270384279444 0.000602444519956 0.00323608353679 0.00345307027807 0.000133672007629 0.00222624049504 0.0031796783274 -0.000925094483841 0.00176339696302 0.00288960038635 0.0020012582537 0.00183929052804 0.00180550791828 0.00189101029551 0.00170402342314 0.0404562195992 

['COL', 'DRI', 'TEK', 'ATI', 'AW', 'LIZ', 'MU', 'HCR', 'PNW', 'FPL', 'IR', 'RSH', 'ADCT', 'BAX', 'LNC', 'CVX', 'CINF', 'MAS', 'SLE', 'DIS', 'NOV', 'CZN', 'LUV', 'SIAL', 'TIN', 'PD', 'GAS', 'VZ', 'EOG', 'MON']