20
0.0538940625226 0.0907505897935 0.0300764430792 0.0372282541949 0.0370780174455 0.0662185328213 0.0593939882808 0.0321720089654 0.10431458653 0.0571643700905 0.424855775916 0.0766259396051 0.0403512104362 0.0123351660469 0.101218808556 -0.00953493093171 0.100886603299 0.126514999345 0.070995024039 0.0413299620627 
0.429365793869 0.0342423506692 0.0139540022394 0.0285104326897 -0.0148962121978 -0.00463176014228 0.0166093504441 0.0153239896564 0.0146695940053 0.0140617166862 0.00785299433347 0.0102845810787 0.0078814036399 0.0250669382825 0.00969607744768 0.0143263376425 -0.00712927021167 0.0292399971832 -0.00180059524226 0.00672263999466 
0.0342423506692 0.339444452425 0.00795097294043 0.0179797659679 0.0102768956127 0.00488898004492 0.0264868122918 0.0423342936371 0.0153691039299 0.0515244239955 0.0195790684815 0.0341040401885 0.011448594218 0.00566898945715 0.0414023099165 0.00536998918971 -0.020848214988 0.016562749123 0.0317355892542 0.0615349569359 
0.0139540022394 0.00795097294043 0.379804967547 0.0099458480355 0.00234193261796 0.0351437448075 0.0162309885155 0.0226048652796 0.0435691773957 0.0298188154609 -0.00250246492066 0.02497925192 0.0128893741035 0.00865690979375 0.0101836161805 0.0126915062396 0.0124541820885 0.0208612138195 0.0357147025081 0.00517716545579 
0.0285104326897 0.0179797659679 0.0099458480355 0.194334755318 0.0176343134495 0.0299260913786 0.0386242576751 0.0503594189132 0.0348547750572 0.0388785921395 0.0105022889996 0.0335417763827 0.0329595309936 0.00553639572459 0.0175806040605 0.015930373578 0.0142601737519 0.0373232572167 0.026629128948 0.014031070744 
-0.0148962121978 0.0102768956127 0.00234193261796 0.0176343134495 0.204972440736 0.0237385981604 0.0246729488602 0.0106099566098 0.030859677004 0.0163470938156 0.00523580333247 0.0497102578089 0.0176440535486 0.0128284415382 0.0472724700375 0.0144935334168 -0.00375824998989 0.0165102219406 0.0472438703189 0.000724661976198 
-0.00463176014228 0.00488898004492 0.0351437448075 0.0299260913786 0.0237385981604 0.40962303068 0.0466937234079 0.0210945291984 0.055421590769 0.0229850805328 -0.00224564870928 0.0099655186557 0.024717032474 4.91380380425e-05 0.0188705434485 0.000738479596376 -0.00503310483627 0.0230532589381 0.0169013206702 0.0254039883634 
0.0166093504441 0.0264868122918 0.0162309885155 0.0386242576751 0.0246729488602 0.0466937234079 0.231395084368 0.0170925740192 0.0193940077308 0.0236248831968 -0.00387300519117 0.0281796935615 -0.0103005574922 0.0129416107696 0.0406721910421 0.0246476289099 -0.000254289060932 0.0217909307991 0.0157275804317 0.0245812974305 
0.0153239896564 0.0423342936371 0.0226048652796 0.0503594189132 0.0106099566098 0.0210945291984 0.0170925740192 0.156421048226 0.0219856952802 0.0358591624888 -0.00421166334884 0.0233054143893 0.0300322994175 0.00663195198596 0.0231633950962 0.0213285096145 0.0132326473293 0.0267092166512 0.0108181268136 0.0350559516549 
0.0146695940053 0.0153691039299 0.0435691773957 0.0348547750572 0.030859677004 0.055421590769 0.0193940077308 0.0219856952802 0.56692037286 0.0378906981014 -0.0142003937631 0.0148771527111 0.0329848269092 -0.00360433122991 0.0122160673344 0.0120700234056 -0.00240856254322 0.00365731642838 0.0141807029599 0.137248941383 
0.0140617166862 0.0515244239955 0.0298188154609 0.0388785921395 0.0163470938156 0.0229850805328 0.0236248831968 0.0358591624888 0.0378906981014 0.184307751198 0.0997161945204 0.0355756167618 0.023680080466 0.0136913317276 0.0472820597037 0.0157519823383 0.00842967229997 0.0296800684524 0.0107688163909 0.0439671035467 
0.00785299433347 0.0195790684815 -0.00250246492066 0.0105022889996 0.00523580333247 -0.00224564870928 -0.00387300519117 -0.00421166334884 -0.0142003937631 0.0997161945204 3.74923620442 0.0141942423594 0.00492299305592 -0.00568287941272 0.0558992061373 0.011729996683 0.00923975404529 0.00218594291977 -0.00394461439423 -0.00149345145273 
0.0102845810787 0.0341040401885 0.02497925192 0.0335417763827 0.0497102578089 0.0099655186557 0.0281796935615 0.0233054143893 0.0148771527111 0.0355756167618 0.0141942423594 0.269258151719 0.025653287315 0.0246603861328 0.0415555874917 0.0245395770811 0.0196323923599 0.0150947368865 0.0239595688915 0.00694977545386 
0.0078814036399 0.011448594218 0.0128893741034 0.0329595309936 0.0176440535486 0.024717032474 -0.0103005574922 0.0300322994175 0.0329848269092 0.023680080466 0.00492299305592 0.025653287315 0.191957745104 0.0218704278504 0.0195904231052 0.0206869279663 0.00629360023169 0.0420230511629 0.00338060256501 0.00749185780337 
0.0250669382825 0.00566898945716 0.00865690979375 0.00553639572458 0.0128284415382 4.91380380483e-05 0.0129416107696 0.00663195198595 -0.00360433122991 0.0136913317276 -0.00568287941272 0.0246603861329 0.0218704278504 0.234671966843 0.019740331476 0.0331187428415 -0.00898365550837 0.00199026350237 0.00957307196021 0.00268170261389 
0.00969607744767 0.0414023099165 0.0101836161805 0.0175806040605 0.0472724700375 0.0188705434485 0.0406721910421 0.0231633950962 0.0122160673344 0.0472820597037 0.0558992061373 0.0415555874917 0.0195904231052 0.019740331476 0.343413348255 0.0268173307346 0.0349601002691 0.0276686163325 0.0411598506358 -0.000798023011631 
0.0143263376425 0.00536998918972 0.0126915062396 0.015930373578 0.0144935334168 0.000738479596382 0.0246476289099 0.0213285096145 0.0120700234056 0.0157519823383 0.011729996683 0.0245395770811 0.0206869279663 0.0331187428416 0.0268173307346 0.234436353004 0.0107672947336 -0.00213986140791 0.012695713718 0.0152189008866 
-0.00712927021167 -0.020848214988 0.0124541820885 0.0142601737519 -0.0037582499899 -0.00503310483627 -0.00025428906093 0.0132326473293 -0.00240856254322 0.00842967229997 0.00923975404529 0.0196323923599 0.00629360023169 -0.00898365550838 0.0349601002691 0.0107672947336 0.377841238483 0.0295447471572 0.00920707937283 0.0196309190782 
0.0292399971832 0.016562749123 0.0208612138195 0.0373232572167 0.0165102219406 0.0230532589381 0.0217909307991 0.0267092166512 0.00365731642838 0.0296800684524 0.00218594291977 0.0150947368865 0.0420230511629 0.00199026350238 0.0276686163325 -0.0021398614079 0.0295447471572 0.28623196138 0.0395417789954 0.0045318944141 
-0.00180059524225 0.0317355892542 0.0357147025081 0.026629128948 0.0472438703189 0.0169013206702 0.0157275804317 0.0108181268136 0.0141807029599 0.0107688163909 -0.00394461439423 0.0239595688915 0.003380602565 0.00957307196021 0.0411598506358 0.012695713718 0.00920707937283 0.0395417789954 0.391048734359 0.0134007229787 
0.00672263999467 0.061534956936 0.00517716545579 0.014031070744 0.000724661976203 0.0254039883634 0.0245812974305 0.0350559516549 0.137248941383 0.0439671035467 -0.00149345145273 0.00694977545386 0.00749185780337 0.00268170261389 -0.000798023011626 0.0152189008866 0.0196309190782 0.00453189441409 0.0134007229787 0.264266818238 
0.0371841685007 0.00296547455648 0.00120845204238 0.00246907589821 -0.00129004981835 -0.000401122194745 0.00143841194249 0.00132709643298 0.00127042410718 0.00121778038711 0.000680089258856 0.000890670848143 0.000682549576963 0.00217086053477 0.000839704938675 0.00124069723416 -0.000617412911375 0.00253225803672 -0.000155936122173 0.000582197701588 
0.00296547455648 0.0293967518973 0.000688574455122 0.00155709340823 0.000890005267267 0.00042339809175 0.002293825231 0.0036662573741 0.00133100344367 0.00446214600954 0.00169559706874 0.00295349651749 0.000991477343043 0.000490948888368 0.0035855452163 0.000465054705634 -0.00180550838032 0.0014343761497 0.00274838264982 0.00532908359273 
0.00120845204238 0.000688574455122 0.0328920750379 0.000861335706092 0.000202817314111 0.00304353757874 0.0014056448383 0.00195763875813 0.00377320144467 0.00258238516999 -0.000216719819337 0.00216326667303 0.00111625254125 0.000749710379966 0.000881927031466 0.00109911668158 0.0010785638072 0.00180663411215 0.00309298396607 0.000448355680431 
0.00246907589821 0.00155709340823 0.000861335706092 0.0168298834944 0.00152717634256 0.00259167553698 0.00334495883489 0.00436125360986 0.00301851206427 0.00336698484561 0.000909524907151 0.00290480304355 0.00285437911373 0.00047946593429 0.00152252497303 0.00137961082104 0.00123496727315 0.00323228889016 0.00230615021496 0.00121512637066 
-0.00129004981835 0.000890005267267 0.000202817314111 0.00152717634256 0.0177511340754 0.00205582290572 0.00213674004992 0.000918849195714 0.0026725264238 0.00141569985224 0.000453433869513 0.00430503460912 0.00152801985988 0.0011109756263 0.00409391599521 0.00125517681295 -0.000325473996502 0.00142982716227 0.00409143918693 6.27575680544e-05 
-0.000401122194745 0.00042339809175 0.00304353757874 0.00259167553698 0.00205582290572 0.0354743950544 0.00404379506685 0.00182683981666 0.00479965055241 0.00199056636494 -0.000194478883021 0.000863039231773 0.00214055780286 4.2554789237e-06 0.00163423700096 6.39542090638e-05 -0.000435879664812 0.00199647078804 0.00146369730579 0.00220004992802 
0.00143841194249 0.002293825231 0.0014056448383 0.00334495883489 0.00213674004992 0.00404379506685 0.0200394021374 0.00148026033167 0.0016795703376 0.00204597490099 -0.000335412088455 0.00244043304951 -0.000892054446135 0.00112077636924 0.00352231506701 0.0021345472779 -2.20220786671e-05 0.00188714996441 0.00136204841939 0.00212880280328 
0.00132709643298 0.0036662573741 0.00195763875813 0.00436125360986 0.000918849195714 0.00182683981666 0.00148026033167 0.013546460145 0.00190401706325 0.00310549456738 -0.000364740745228 0.00201830809068 0.00260087342296 0.000574343889652 0.00200600885912 0.0018471031151 0.00114598087465 0.00231308601352 0.000936877264192 0.0030359344687 
0.00127042410718 0.00133100344367 0.00377320144467 0.00301851206427 0.0026725264238 0.00479965055241 0.0016795703376 0.00190401706325 0.0490967444819 0.00328143071229 -0.00122979017426 0.00128839921838 0.00285656980428 -0.000312144240876 0.00105794246459 0.00104529468935 -0.000208587634904 0.000316732893666 0.00122808490068 0.011886106988 
0.00121778038711 0.00446214600954 0.00258238516999 0.00336698484561 0.00141569985224 0.00199056636494 0.00204597490099 0.00310549456738 0.00328143071229 0.0159615194652 0.00863567576234 0.0030809387871 0.00205075512473 0.00118570410877 0.00409474648466 0.00136416168649 0.000730031035735 0.00257036932658 0.00093260685632 0.00380766286023 
0.000680089258856 0.00169559706874 -0.000216719819337 0.000909524907151 0.000453433869514 -0.000194478883021 -0.000335412088455 -0.000364740745228 -0.00122979017426 0.00863567576234 0.324693379781 0.00122925744707 0.000426343704908 -0.000492151793806 0.00484101325663 0.00101584751138 0.000800186172794 0.000189308209975 -0.000341613627354 -0.000129336689738 
0.000890670848143 0.00295349651749 0.00216326667303 0.00290480304355 0.00430503460912 0.000863039231772 0.00244043304951 0.00201830809068 0.00128839921838 0.0030809387871 0.00122925744707 0.0233184399565 0.00222163985053 0.00213565208582 0.0035988194437 0.00212518971503 0.00170021505208 0.00130724256072 0.00207495953237 0.000601868209364 
0.000682549576963 0.000991477343043 0.00111625254125 0.00285437911373 0.00152801985988 0.00214055780286 -0.000892054446136 0.00260087342296 0.00285656980428 0.00205075512472 0.000426343704908 0.00222163985053 0.0166240283713 0.00189403461101 0.001696580408 0.0017915405145 0.000545041768191 0.00363930298516 0.000292768770139 0.000648813917926 
0.00217086053477 0.000490948888368 0.000749710379966 0.000479465934289 0.0011109756263 4.25547892419e-06 0.00112077636923 0.000574343889651 -0.000312144240876 0.00118570410877 -0.000492151793806 0.00213565208582 0.00189403461101 0.0203231884842 0.00170956285374 0.00286816726422 -0.00077800738891 0.000172361875328 0.00082905235098 0.000232242258902 
0.000839704938675 0.0035855452163 0.000881927031466 0.00152252497303 0.00409391599521 0.00163423700096 0.00352231506701 0.00200600885912 0.00105794246459 0.00409474648466 0.00484101325663 0.0035988194437 0.001696580408 0.00170956285374 0.0297404683587 0.00232244896778 0.00302763349519 0.00239617246315 0.00356454762666 -6.91108200877e-05 
0.00124069723416 0.000465054705634 0.00109911668158 0.00137961082104 0.00125517681295 6.39542090643e-05 0.0021345472779 0.0018471031151 0.00104529468935 0.00136416168649 0.00101584751138 0.00212518971503 0.0017915405145 0.00286816726422 0.00232244896779 0.0203027837272 0.000932475076936 -0.000185317433983 0.0010994810599 0.00131799547855 
-0.000617412911375 -0.00180550838032 0.0010785638072 0.00123496727315 -0.000325473996502 -0.000435879664812 -2.20220786669e-05 0.00114598087465 -0.000208587634904 0.000730031035735 0.000800186172794 0.00170021505208 0.000545041768191 -0.00077800738891 0.00302763349519 0.000932475076935 0.0327220111124 0.00255865015865 0.000797356463153 0.00170008746214 
0.00253225803672 0.0014343761497 0.00180663411215 0.00323228889016 0.00142982716227 0.00199647078804 0.00188714996441 0.00231308601352 0.000316732893666 0.00257036932658 0.000189308209975 0.00130724256072 0.00363930298516 0.000172361875329 0.00239617246315 -0.000185317433982 0.00255865015865 0.024788414993 0.00342441851209 0.000392473568988 
-0.000155936122173 0.00274838264982 0.00309298396607 0.00230615021496 0.00409143918693 0.00146369730579 0.00136204841939 0.000936877264192 0.00122808490068 0.00093260685632 -0.000341613627354 0.00207495953237 0.000292768770139 0.00082905235098 0.00356454762666 0.0010994810599 0.000797356463153 0.00342441851208 0.0338658138072 0.00116053665286 
0.000582197701588 0.00532908359273 0.000448355680431 0.00121512637066 6.27575680548e-05 0.00220004992802 0.00212880280328 0.0030359344687 0.011886106988 0.00380766286023 -0.000129336689738 0.000601868209364 0.000648813917926 0.000232242258903 -6.91108200873e-05 0.00131799547855 0.00170008746214 0.000392473568987 0.00116053665286 0.0228861777972 

['AV', 'ACE', 'HRB', 'DHR', 'UTX', 'ROH', 'MHP', 'CINF', 'R', 'HIG', 'SANM', 'WAG', 'AN', 'JNJ', 'HET', 'TRB', 'FRX', 'AYE', 'SWK', 'CB']