30
0.0205902908148 0.00640420781163 0.088181568025 0.0594362545722 0.104921073146 0.0540494724418 0.0896896089949 0.103848753038 0.0477990277318 0.0324129219316 0.0571686925308 0.070995024039 0.0291549562933 0.126514999345 -0.0108233812146 0.0385950792128 0.0444735285872 0.0431320253577 0.0358419118375 0.0677272644226 0.0283464571838 0.0952470994091 0.171372180847 0.357744060202 0.105904751354 0.0247676168055 0.0737969483193 0.0270606760034 0.0216083944488 0.0637259516476 
0.306248954325 0.0133976393623 0.00924255998711 0.00052737133555 0.0340835730421 -0.00306844874574 0.0419260730784 0.0121842752807 0.0125938113156 0.0188236595185 0.0147396078881 0.021740179432 0.0112301599168 0.0340353609074 0.0235146715879 0.0315476398453 0.0243605781889 0.00653186429179 0.0307927659368 0.00593517230953 0.00847562247207 0.0315938387782 0.0187721359383 -0.00531138443613 0.00753499398074 0.0137859395357 0.0221413286569 0.0342279283643 0.00380617497307 0.014964004698 
0.0133976393623 0.160692967426 0.0139486105227 0.0144570263931 0.0257972835739 0.0273548831353 0.0159714231545 0.0150826354029 0.0016627999179 0.000876779327742 0.0145387981161 0.0313264147889 0.028351219258 0.0532120098417 0.0519423898144 0.0112057389311 0.0178969575589 0.0155069761338 0.0142727048889 -0.0096724202594 0.0191830857436 0.0319682416691 0.0761047347244 0.0819830258296 0.0149148982502 0.01520474846 0.00858490725433 0.0375557005777 0.0170598551155 0.00561863648067 
0.00924255998711 0.0139486105227 0.375969400603 0.0203961898362 0.0359758662043 0.0145781422773 0.0437591763326 0.0453376309346 0.000582474774091 0.0177611399345 0.0190287223237 -0.0133737953428 0.0230766714226 0.0151159144448 0.0148024879297 0.0108105435852 0.0444538359059 0.00375161290195 0.0470676724272 0.0247345048664 0.0243235796699 0.0243381190287 0.0346897131302 0.0256004565173 0.0280574115925 0.00770140676177 0.0377846374101 0.0215590729021 0.0174569105256 0.0409102483594 
0.00052737133555 0.0144570263931 0.0203961898362 0.282090186861 0.0222686855315 0.0329031580708 0.00239517386108 0.0216090404574 0.0214161030916 0.00317329687121 0.0379836897824 0.0630997271921 0.027528311532 0.0429774531537 0.0391544698187 0.0353738802098 0.0374043349857 0.0232408505526 0.0282241689236 -0.00289076972688 0.0137588334435 0.0223258139654 0.0280563735332 0.0279924832555 0.010127200327 0.00617452945571 0.0230074281994 0.032334790666 -0.00531797990458 0.0266837064591 
0.0340835730421 0.0257972835739 0.0359758662043 0.0222686855315 0.265001138778 0.0293334131735 0.00409385336962 0.018397235953 0.0323887578906 0.00742672248629 0.0206058814617 0.0314868777529 0.018375306026 0.0288999299357 0.0168434109059 0.0315035461159 0.0307991135371 0.0419882005168 0.017192665434 0.0337840191412 0.0227578412448 0.0641148702175 0.028625465447 0.00444563921533 0.00340297699257 0.0321534406515 0.0415383758791 0.0215598469447 0.0415703049426 0.0123693303656 
-0.00306844874574 0.0273548831353 0.0145781422773 0.0329031580708 0.0293334131735 0.271246148462 0.000122772264454 0.00821318629746 0.0183389959622 0.0461477914877 0.0238689906671 0.0218193325237 -0.0136456922546 0.0457336917949 0.037202398787 0.0171874758571 0.00436529284208 0.0169599736031 0.0193070808423 -0.012162030047 0.0211168548437 0.0271158686235 0.0204555336367 0.022432517307 0.0248422670419 0.00888294881466 -0.000134699090324 0.0219224654158 0.0232575927135 0.00519388146496 
0.0419260730784 0.0159714231545 0.0437591763326 0.00239517386108 0.00409385336962 0.000122772264453 0.429458891383 0.0109309763675 0.0116423269159 0.00640148408096 0.0623642812524 0.00997382547154 0.00486806181796 0.0159016347103 -0.0154990766447 0.0267483790331 0.0846015302944 0.0495124257014 -0.0082468136993 0.00616413398778 0.0138381238614 0.00872064205871 -0.0051389529368 0.0310085615648 0.0565787524237 0.0190326157818 0.0477001215565 0.00307288416386 0.00880330067917 0.0218827327459 
0.0121842752807 0.0150826354029 0.0453376309346 0.0216090404574 0.018397235953 0.00821318629746 0.0109309763675 0.357945351578 -0.0226655056726 0.0029794461747 0.0250472255536 0.00663694915282 0.0111718743932 0.00550962763008 0.00615445734043 -0.00450933935571 -0.00543005934962 -0.00632915185803 -0.0132783885588 -0.0138393998615 0.0180518942862 0.00203289134106 0.0298890007383 0.0471362067803 0.0245972945427 0.00712151441933 0.0220034161763 0.0137540278156 -0.0141428259246 0.0079978230485 
0.0125938113156 0.0016627999179 0.000582474774091 0.0214161030916 0.0323887578906 0.0183389959622 0.0116423269159 -0.0226655056726 0.278362190647 8.68428881521e-06 0.0212012240936 0.047466566261 0.0064689092187 0.0249088952054 0.0191448616221 0.0210238449323 0.0261116172757 0.0428631487375 0.0105342052523 0.0303392258116 0.002201405089 0.0408234693803 0.00503877555716 0.0202901909624 0.00823462351023 0.0145294146463 0.0115066132622 0.0159367258699 0.0246525517602 0.0232152847467 
0.0188236595185 0.000876779327742 0.0177611399345 0.00317329687121 0.00742672248629 0.0461477914877 0.00640148408096 0.0029794461747 8.68428881518e-06 0.287095924189 0.0146331666408 0.0260937720036 -0.00162076781506 0.0062294542594 -6.81459410375e-06 0.0214001549342 0.00282090301472 0.0091921665817 0.000740016532367 -0.00609547335302 0.00758201333638 0.00629174333327 -0.00623948927164 0.0490417416187 0.0182464678877 0.0145280195146 0.0157241223728 0.00368196990832 0.000159880783523 0.0124602266784 
0.0147396078881 0.0145387981161 0.0190287223237 0.0379836897824 0.0206058814617 0.0238689906671 0.0623642812524 0.0250472255536 0.0212012240936 0.0146331666408 0.370027741671 0.035909458924 0.0103982340101 0.0188442961264 0.0100710705229 0.0189028388365 0.0359833326835 0.019338103943 0.0322605594223 0.00439025120559 0.0319937333187 0.0264553142206 -0.00485332044639 -0.00113606420075 0.00378525377923 0.00351478766538 -0.00421548847522 -0.000542993157756 0.00478002352987 0.0161807174197 
0.021740179432 0.0313264147889 -0.0133737953428 0.0630997271921 0.0314868777529 0.0218193325237 0.00997382547154 0.00663694915282 0.047466566261 0.0260937720036 0.035909458924 0.37676540839 0.0157644919791 0.0271728944678 0.021786975299 0.0150464401646 0.0186138743433 0.0384154038395 0.00854374470297 0.0342372317004 0.0139186082096 0.0249056553737 0.0183298682852 0.033809303995 0.0315055080997 0.0140085311478 -0.0058393177877 0.0365303663903 0.0218208830282 0.00246964314473 
0.0112301599168 0.028351219258 0.0230766714226 0.027528311532 0.018375306026 -0.0136456922546 0.00486806181796 0.0111718743932 0.0064689092187 -0.00162076781506 0.0103982340101 0.0157644919791 0.253464208521 -0.000929926240418 0.00841027504948 0.0336298270352 0.000830494495297 0.00564590232953 0.0250714773531 0.0229711504004 0.00733946774722 0.0234747290498 0.0404818424223 -0.0181544640411 -0.000776210734472 0.00846404896107 0.00758508548011 0.00347923347841 0.0107679340582 -0.0036574379658 
0.0340353609074 0.0532120098417 0.0151159144448 0.0429774531537 0.0288999299357 0.0457336917949 0.0159016347103 0.00550962763008 0.0249088952054 0.0062294542594 0.0188442961264 0.0271728944678 -0.000929926240418 0.264961326582 0.0547423502072 0.00838254474695 0.00320722774364 0.0226274967871 0.0159136891513 0.00575927267998 0.0325243946058 0.0119456603517 0.0704045813496 0.00841641887419 0.0146808919212 0.00482777345275 0.00391345704651 0.0332323273637 -0.000485642183588 0.0174992587878 
0.0235146715879 0.0519423898144 0.0148024879297 0.0391544698187 0.0168434109059 0.037202398787 -0.0154990766447 0.00615445734043 0.0191448616221 -6.81459410334e-06 0.0100710705229 0.021786975299 0.00841027504948 0.0547423502072 0.208871475442 0.0297614550205 -0.00257803447892 0.0208143621616 0.0259614173109 2.27302008606e-05 0.0121536183278 0.0110065546054 0.0656220992281 -0.0262558877025 0.00800540085908 0.0160844728143 0.012028593788 0.0278567918342 0.0150100939425 0.0205834481147 
0.0315476398453 0.0112057389311 0.0108105435852 0.0353738802098 0.0315035461159 0.0171874758571 0.0267483790331 -0.00450933935571 0.0210238449323 0.0214001549342 0.0189028388365 0.0150464401646 0.0336298270352 0.00838254474695 0.0297614550205 0.199915545747 0.0308776445291 0.0160522090601 0.0219532589384 0.0391306539757 0.0120390800617 0.0600606799758 0.0261019030048 0.0347185385391 0.0183416294875 0.0242902400683 0.0168430324878 0.0165709038677 0.0105528526328 0.0206156809947 
0.0243605781889 0.0178969575589 0.0444538359059 0.0374043349857 0.0307991135371 0.00436529284208 0.0846015302944 -0.00543005934962 0.0261116172757 0.00282090301472 0.0359833326835 0.0186138743433 0.000830494495297 0.00320722774364 -0.00257803447892 0.0308776445291 0.339354463235 0.0500319944585 0.0158230488118 0.0100917471228 0.0220664946727 0.0200433332065 0.0138818527188 0.00135127399562 0.0275956615712 0.0184078089088 0.0120930137198 0.0182075116577 0.0155025156196 0.022815806402 
0.00653186429179 0.0155069761338 0.00375161290195 0.0232408505526 0.0419882005168 0.0169599736031 0.0495124257014 -0.00632915185803 0.0428631487375 0.0091921665817 0.019338103943 0.0384154038395 0.00564590232953 0.0226274967871 0.0208143621616 0.0160522090601 0.0500319944585 0.395013594174 0.0222850204111 0.0176374389857 0.013684466277 0.0233372575928 0.0341307061454 -0.0317123895299 0.0424999714191 0.0301336796729 0.0320534304801 0.0200766018444 0.0408936114051 0.0360769846616 
0.0307927659368 0.0142727048889 0.0470676724272 0.0282241689236 0.017192665434 0.0193070808423 -0.0082468136993 -0.0132783885588 0.0105342052523 0.000740016532367 0.0322605594223 0.00854374470297 0.0250714773531 0.0159136891513 0.0259614173109 0.0219532589384 0.0158230488118 0.0222850204111 0.213169295376 0.00185936133241 0.0322468123954 0.0232451525475 0.024497476725 0.0465608405756 0.000343598281359 0.0141947099012 0.00640962561925 0.0128168845099 0.0143441815669 0.0185287835556 
0.00593517230953 -0.0096724202594 0.0247345048664 -0.00289076972688 0.0337840191412 -0.012162030047 0.00616413398778 -0.0138393998615 0.0303392258116 -0.00609547335302 0.00439025120559 0.0342372317004 0.0229711504004 0.00575927267998 2.27302008601e-05 0.0391306539757 0.0100917471228 0.0176374389857 0.00185936133241 0.30321883796 0.0187559165895 0.0300418201445 -0.0237636961979 -0.0164304525996 0.0185080328538 0.0265372596558 0.0292572127286 0.00331019054483 0.0137395102842 0.00816724183761 
0.00847562247207 0.0191830857436 0.0243235796699 0.0137588334435 0.0227578412448 0.0211168548437 0.0138381238614 0.0180518942862 0.002201405089 0.00758201333638 0.0319937333187 0.0139186082096 0.00733946774722 0.0325243946058 0.0121536183278 0.0120390800617 0.0220664946727 0.013684466277 0.0322468123954 0.0187559165895 0.19204346049 0.0111152588605 -0.0110906154575 0.0105367615131 0.0150930507227 0.0198131663863 0.0212054788506 0.0156356969593 0.00716727035198 0.0153514012581 
0.0315938387782 0.0319682416691 0.0243381190287 0.0223258139654 0.0641148702175 0.0271158686235 0.00872064205872 0.00203289134106 0.0408234693803 0.00629174333327 0.0264553142206 0.0249056553737 0.0234747290498 0.0119456603517 0.0110065546054 0.0600606799758 0.0200433332065 0.0233372575928 0.0232451525475 0.0300418201445 0.0111152588605 0.465671022317 0.0724853634138 -0.00383732694319 0.0368843314337 0.0286787060033 0.0314589672346 0.0143539866244 0.0251046257778 -0.00203542116885 
0.0187721359383 0.0761047347244 0.0346897131302 0.0280563735332 0.028625465447 0.0204555336367 -0.0051389529368 0.0298890007383 0.00503877555716 -0.00623948927164 -0.00485332044639 0.0183298682852 0.0404818424223 0.0704045813496 0.0656220992281 0.0261019030048 0.0138818527187 0.0341307061454 0.024497476725 -0.0237636961979 -0.0110906154575 0.0724853634139 0.606520258308 -0.00245985323085 0.0227537423736 0.0108572685052 0.0134421895957 0.118301351114 -0.0452935439295 0.0284560185057 
-0.00531138443613 0.0819830258296 0.0256004565173 0.0279924832555 0.00444563921533 0.022432517307 0.0310085615648 0.0471362067803 0.0202901909624 0.0490417416187 -0.00113606420075 0.033809303995 -0.0181544640411 0.00841641887419 -0.0262558877025 0.0347185385391 0.00135127399562 -0.0317123895299 0.0465608405756 -0.0164304525996 0.0105367615131 -0.00383732694319 -0.00245985323085 2.88986882595 0.0432036018058 -0.00887755053269 0.000965290596843 -0.0154394368115 0.025683182474 -0.00885589224937 
0.00753499398074 0.0149148982502 0.0280574115925 0.010127200327 0.00340297699257 0.0248422670419 0.0565787524237 0.0245972945427 0.00823462351023 0.0182464678877 0.00378525377923 0.0315055080997 -0.000776210734472 0.0146808919212 0.00800540085908 0.0183416294875 0.0275956615712 0.0424999714191 0.000343598281359 0.0185080328538 0.0150930507227 0.0368843314337 0.0227537423736 0.0432036018058 0.422028038125 0.0278693408292 0.00635703736404 0.0128097480957 0.0148295647079 0.0182845293271 
0.0137859395357 0.01520474846 0.00770140676177 0.00617452945571 0.0321534406515 0.00888294881466 0.0190326157818 0.00712151441933 0.0145294146463 0.0145280195146 0.00351478766538 0.0140085311478 0.00846404896107 0.00482777345275 0.0160844728143 0.0242902400683 0.0184078089088 0.0301336796729 0.0141947099012 0.0265372596558 0.0198131663863 0.0286787060033 0.0108572685052 -0.00887755053269 0.0278693408292 0.127755780354 0.0168264978471 0.0104611965536 0.0245338647329 0.0063502766156 
0.0221413286569 0.00858490725433 0.0377846374101 0.0230074281994 0.0415383758791 -0.000134699090324 0.0477001215565 0.0220034161763 0.0115066132622 0.0157241223728 -0.00421548847522 -0.0058393177877 0.00758508548011 0.00391345704651 0.012028593788 0.0168430324878 0.0120930137198 0.0320534304801 0.00640962561925 0.0292572127286 0.0212054788506 0.0314589672346 0.0134421895957 0.000965290596843 0.00635703736404 0.0168264978471 0.344064277279 0.00562615634579 0.0199001102415 0.00229760582273 
0.0342279283643 0.0375557005777 0.0215590729021 0.032334790666 0.0215598469447 0.0219224654158 0.00307288416386 0.0137540278156 0.0159367258699 0.00368196990832 -0.000542993157756 0.0365303663903 0.00347923347841 0.0332323273637 0.0278567918342 0.0165709038677 0.0182075116577 0.0200766018444 0.0128168845099 0.00331019054483 0.0156356969593 0.0143539866244 0.118301351114 -0.0154394368115 0.0128097480957 0.0104611965536 0.00562615634579 0.209551234674 -0.0019733730274 0.0218796062383 
0.00380617497307 0.0170598551155 0.0174569105256 -0.00531797990458 0.0415703049426 0.0232575927135 0.00880330067918 -0.0141428259246 0.0246525517602 0.000159880783523 0.00478002352987 0.0218208830282 0.0107679340582 -0.000485642183588 0.0150100939425 0.0105528526328 0.0155025156196 0.0408936114051 0.0143441815669 0.0137395102842 0.00716727035198 0.0251046257778 -0.0452935439295 0.025683182474 0.0148295647079 0.0245338647329 0.0199001102415 -0.0019733730274 0.263897310615 0.0104962154905 
0.014964004698 0.00561863648067 0.0409102483594 0.0266837064591 0.0123693303656 0.00519388146496 0.0218827327459 0.0079978230485 0.0232152847467 0.0124602266784 0.0161807174197 0.00246964314473 -0.0036574379658 0.0174992587878 0.0205834481147 0.0206156809947 0.022815806402 0.0360769846616 0.0185287835556 0.00816724183761 0.0153514012581 -0.00203542116885 0.0284560185057 -0.00885589224937 0.0182845293271 0.0063502766156 0.00229760582273 0.0218796062383 0.0104962154905 0.203079721027 
0.0265219374328 0.00116026960385 0.000800429174484 4.56716973814e-05 0.00295172401062 -0.000265735456402 0.00363090443669 0.00105518919198 0.00109065605297 0.00163017673352 0.00127648748729 0.00188275476709 0.000972560377653 0.00294754871728 0.00203643029567 0.00273210575355 0.00210968795624 0.000565676041077 0.00266673175541 0.000514000999589 0.00073401043737 0.0027361066985 0.00162571466059 -0.000459979385095 0.000652549620469 0.00119389738529 0.00191749530905 0.00296422554824 0.000329624421792 0.00129592082108 
0.00116026960385 0.0139164192001 0.00120798510601 0.00125201521196 0.00223411029236 0.00236900237127 0.00138316581864 0.0013061945415 0.000144002697031 7.59313171337e-05 0.0012590968509 0.00271294710166 0.00245528761057 0.00460829523094 0.00449834291126 0.00097044545825 0.00154992198965 0.00134294352677 0.00123605250145 -0.000837656166072 0.0016613039577 0.00276853093998 0.00659086336196 0.00709993830476 0.00129166807795 0.00131676984245 0.000743474777138 0.00325241907573 0.00147742679149 0.000486588192689 
0.000800429174484 0.00120798510601 0.0325599051967 0.00176636185386 0.00311560140561 0.00126250415521 0.00378965583528 0.00392635401368 5.04437951426e-05 0.00153815983834 0.00164793569339 -0.00115820465119 0.00199849836868 0.00130907659107 0.00128193305863 0.000936220537346 0.00384981511902 0.000324899207825 0.0040761800019 0.00214207095643 0.00210648379051 0.00210774293592 0.00300421728207 0.00221706456925 0.00242984312035 0.000666961390057 0.00327224558699 0.00186707048152 0.00151181279867 0.00354293143544 
4.56716973814e-05 0.00125201521196 0.00176636185386 0.024429726798 0.00192852473791 0.0028494970754 0.000207428141017 0.00187139779875 0.00185468893274 0.000274815570422 0.00328948402811 0.00546459667202 0.002384021711 0.0037219566221 0.00339087655347 0.00306346788921 0.00323931043093 0.00201271669841 0.00244428472886 -0.000250348001997 0.00119154992885 0.00193347220542 0.00242975322178 0.00242422016142 0.000877041275237 0.000534729936506 0.00199250172965 0.00280027501428 -0.000460550569418 0.00231087676607 
0.00295172401062 0.00223411029236 0.00311560140561 0.00192852473791 0.0229497718213 0.00254034809879 0.000354538101746 0.00159324736947 0.00280494871303 0.000643173033998 0.00178452168132 0.00272684360199 0.00159134818208 0.00250280734919 0.00145868217309 0.00272828712457 0.00266728147372 0.00363628483067 0.00148892850246 0.00292578188182 0.00197088686533 0.00555251063687 0.00247903802722 0.000385003649654 0.000294706452406 0.00278456964233 0.00359732887433 0.00186713751558 0.00360009401233 0.00107121543244 
-0.000265735456402 0.00236900237127 0.00126250415521 0.0028494970754 0.00254034809879 0.0234906055246 1.06323899897e-05 0.000711282797961 0.00158820363831 0.00399651597569 0.00206711522804 0.00188960962591 -0.00118175161447 0.00396065389033 0.00322182224313 0.00148847907192 0.00037804544962 0.00146877679878 0.00167204224824 -0.00105326269823 0.00182877327427 0.00234830310737 0.00177150117773 0.00194271298587 0.00215140343459 0.000769285933401 -1.16652834087e-05 0.00189854119637 0.00201416661207 0.00044980332929 
0.00363090443669 0.00138316581864 0.00378965583528 0.000207428141017 0.000354538101746 1.06323899897e-05 0.0371922309819 0.000946650322241 0.00100825508683 0.000554384783603 0.00540090518533 0.000863758623127 0.000421586520155 0.00137712196209 -0.00134225941095 0.00231647757527 0.0073267074434 0.00428790184604 -0.000714195016387 0.000533829662575 0.00119841668047 0.000755229756016 -0.000445046379212 0.00268542020499 0.00489986369134 0.00164827287675 0.00413095170316 0.000266119574879 0.000762388202532 0.00189510024622 
0.00105518919198 0.0013061945415 0.00392635401368 0.00187139779875 0.00159324736947 0.000711282797961 0.00094665032224 0.0309989767633 -0.00196289037021 0.00025802760765 0.00216915336237 0.000574776656997 0.000967512703238 0.000477147749304 0.000532991640332 -0.000390520243633 -0.000470256934082 -0.000548120629346 -0.00114994218132 -0.00119852718532 0.00156333990383 0.000176053554449 0.00258846339331 0.00408211525098 0.00213018819383 0.000616741240055 0.00190555173787 0.00119113374927 -0.0012248046532 0.000692631793498 
0.00109065605297 0.000144002697031 5.04437951427e-05 0.00185468893274 0.00280494871303 0.00158820363831 0.00100825508683 -0.00196289037021 0.0241068728553 7.52081472778e-07 0.00183607986564 0.00411072522125 0.000560223971817 0.00215717360281 0.00165799365167 0.00182071837966 0.00226133238947 0.00371205756929 0.000912288935716 0.0026274540284 0.000190647273109 0.0035354161554 0.000436370763647 0.00175718208211 0.000713139315046 0.00125828421858 0.000996501939658 0.00138016094565 0.00213497360924 0.00201050263467 
0.00163017673352 7.59313171337e-05 0.00153815983834 0.000274815570422 0.000643173033998 0.00399651597569 0.000554384783603 0.00025802760765 7.52081472775e-07 0.0248632363671 0.00126726940488 0.00225978694357 -0.000140362610148 0.000539486564035 -5.90161161033e-07 0.0018533077818 0.000244297367236 0.000796064977557 6.40873116251e-05 -0.000527883477181 0.000656621616113 0.00054488095607 -0.000540355621588 0.00424713940876 0.001580190472 0.00125816339664 0.0013617489427 0.000318867947658 1.38460820108e-05 0.00107908728404 
0.00127648748729 0.0012590968509 0.00164793569339 0.00328948402811 0.00178452168132 0.00206711522804 0.00540090518534 0.00216915336237 0.00183607986564 0.00126726940488 0.0320453424392 0.00310985036643 0.000900513480725 0.00163196391619 0.000872180291614 0.0016370338636 0.00311624802167 0.00167472892757 0.0027938464 0.000380206907303 0.00277073858159 0.00229109741801 -0.000420309879928 -9.83860458177e-05 0.000327812593259 0.000304389540712 -0.00036507201089 -4.70245868698e-05 0.000413962180755 0.0014012912337 
0.00188275476709 0.00271294710166 -0.00115820465119 0.00546459667202 0.00272684360199 0.00188960962591 0.000863758623127 0.000574776656997 0.00411072522125 0.00225978694357 0.00310985036643 0.0326288414933 0.00136524505316 0.00235324169034 0.00188680740805 0.00130305994191 0.00161200880442 0.00332687156217 0.000739909995622 0.00296503124078 0.00120538682949 0.00215689302516 0.0015874131583 0.0029279716144 0.00272845703735 0.00121317438437 -0.000505699754492 0.00316362253035 0.00188974390354 0.000213877370162 
0.000972560377653 0.00245528761057 0.00199849836868 0.002384021711 0.00159134818208 -0.00118175161447 0.000421586520155 0.000967512703238 0.000560223971817 -0.000140362610148 0.000900513480725 0.00136524505316 0.0219506443529 -8.05339747847e-05 0.000728351184567 0.00291242845374 7.1922933063e-05 0.000488949484466 0.00217125362982 0.00198935998009 0.000635616551935 0.00203297117041 0.00350583039297 -0.00157222270517 -6.72218214743e-05 0.000733008141916 0.000656887671565 0.0003013104578 0.000932530444065 -0.000316743419115 
0.00294754871728 0.00460829523094 0.00130907659107 0.0037219566221 0.00250280734919 0.00396065389033 0.00137712196209 0.000477147749304 0.00215717360281 0.000539486564035 0.00163196391619 0.00235324169034 -8.05339747848e-05 0.0229463239841 0.00474082659423 0.000725949669922 0.000277754070171 0.00195959870417 0.0013781659073 0.000498767644818 0.00281669519713 0.00103452453296 0.00609721559916 0.000728883255394 0.00127140253539 0.00041809744538 0.000338915321889 0.00287800397238 -4.20578468137e-05 0.00151548026576 
0.00203643029567 0.00449834291126 0.00128193305863 0.00339087655347 0.00145868217309 0.00322182224313 -0.00134225941095 0.000532991640332 0.00165799365167 -5.90161160997e-07 0.000872180291614 0.00188680740805 0.000728351184567 0.00474082659423 0.0180888003858 0.00257741761013 -0.000223264335057 0.00180257663955 0.00224832469095 1.96849313784e-06 0.00105253422197 0.000953195589642 0.00568304049812 -0.00227382657493 0.000693288051144 0.00139295620637 0.00104170677922 0.00241246893964 0.00129991226674 0.00178257889648 
0.00273210575355 0.00097044545825 0.000936220537346 0.00306346788921 0.00272828712457 0.00148847907192 0.00231647757527 -0.000390520243633 0.00182071837966 0.0018533077818 0.0016370338636 0.00130305994191 0.00291242845374 0.000725949669922 0.00257741761013 0.0173131941229 0.00267408245712 0.00139016208329 0.00190120799365 0.00338881404096 0.00104261491716 0.00520140746276 0.00226049110893 0.00300671363571 0.0015884317083 0.00210359649631 0.00145864940112 0.00143508237131 0.000913903846243 0.00178537034577 
0.00210968795624 0.00154992198965 0.00384981511902 0.00323931043093 0.00266728147372 0.00037804544962 0.0073267074434 -0.000470256934082 0.00226133238947 0.000244297367236 0.00311624802167 0.00161200880442 7.19229330631e-05 0.000277754070171 -0.000223264335057 0.00267408245712 0.0293889586049 0.00433289782031 0.00137031622363 0.000873970937691 0.00191101449591 0.00173580357334 0.0012022037106 0.000117023760768 0.00238985439549 0.0015941630143 0.00104728570897 0.00157681676353 0.00134255723492 0.00197590679519 
0.000565676041077 0.00134294352677 0.000324899207825 0.00201271669841 0.00363628483067 0.00146877679878 0.00428790184604 -0.000548120629346 0.00371205756929 0.000796064977557 0.00167472892757 0.00332687156217 0.000488949484466 0.00195959870417 0.00180257663955 0.00139016208329 0.00433289782031 0.0342091807395 0.00192993937999 0.00152744702193 0.00118510954331 0.002021065793 0.0029558058571 -0.00274637349476 0.00368060549091 0.00260965321062 0.00277590850742 0.00173868472189 0.00354149063293 0.00312435852089 
0.00266673175541 0.00123605250145 0.0040761800019 0.00244428472886 0.00148892850246 0.00167204224824 -0.000714195016387 -0.00114994218132 0.000912288935716 6.40873116251e-05 0.0027938464 0.000739909995622 0.00217125362982 0.0013781659073 0.00224832469095 0.00190120799365 0.00137031622363 0.00192993937999 0.0184610025102 0.000161025414869 0.00279265587255 0.0020130892621 0.00212154371725 0.004032287076 2.97564840354e-05 0.00122929793738 0.000555089861502 0.0011099747583 0.00124224256334 0.00160463972604 
0.000514000999589 -0.000837656166072 0.00214207095643 -0.000250348001997 0.00292578188182 -0.00105326269823 0.000533829662575 -0.00119852718532 0.0026274540284 -0.000527883477181 0.000380206907303 0.00296503124078 0.00198935998009 0.000498767644818 1.96849313779e-06 0.00338881404096 0.000873970937691 0.00152744702193 0.000161025414869 0.0262595216579 0.00162431002377 0.0026016979421 -0.00205799645952 -0.0014229189347 0.00160284266254 0.00229819410087 0.00253374894669 0.000286670910319 0.00118987649417 0.000707303891022 
0.00073401043737 0.0016613039577 0.00210648379051 0.00119154992885 0.00197088686533 0.00182877327427 0.00119841668047 0.00156333990383 0.000190647273109 0.000656621616113 0.00277073858159 0.00120538682949 0.000635616551935 0.00281669519713 0.00105253422197 0.00104261491716 0.00191101449591 0.00118510954331 0.00279265587255 0.00162431002377 0.0166314515415 0.000962609654282 -0.000960475472981 0.000912510314393 0.00130709653465 0.001715870542 0.00183644833841 0.00135409107727 0.000620703820061 0.00132947034732 
0.0027361066985 0.00276853093998 0.00210774293592 0.00193347220542 0.00555251063687 0.00234830310737 0.000755229756016 0.000176053554449 0.0035354161554 0.00054488095607 0.00229109741801 0.00215689302516 0.00203297117041 0.00103452453296 0.000953195589642 0.00520140746276 0.00173580357334 0.002021065793 0.0020130892621 0.0026016979421 0.000962609654282 0.0403282935133 0.00627741661189 -0.000332322261543 0.00319427680232 0.00248364879465 0.0027244264802 0.00124309170623 0.00217412436761 -0.000176272643963 
0.00162571466059 0.00659086336196 0.00300421728207 0.00242975322178 0.00247903802722 0.00177150117773 -0.000445046379212 0.00258846339331 0.000436370763647 -0.000540355621588 -0.000420309879928 0.0015874131583 0.00350583039297 0.00609721559916 0.00568304049812 0.00226049110893 0.0012022037106 0.0029558058571 0.00212154371725 -0.00205799645952 -0.000960475472981 0.00627741661189 0.0525261951604 -0.00021302953875 0.00197053189267 0.000940267034124 0.00116412776724 0.0102451975367 -0.00392253596704 0.00246436349165 
-0.000459979385095 0.00709993830476 0.00221706456925 0.00242422016142 0.000385003649654 0.00194271298587 0.00268542020499 0.00408211525098 0.00175718208211 0.00424713940876 -9.83860458177e-05 0.0029279716144 -0.00157222270517 0.000728883255394 -0.00227382657493 0.00300671363571 0.000117023760768 -0.00274637349476 0.004032287076 -0.0014229189347 0.000912510314393 -0.000332322261543 -0.00021302953875 0.250269981688 0.00374154166988 -0.000768818428469 8.35966178901e-05 -0.00133709444989 0.00222422884725 -0.000766942766113 
0.000652549620469 0.00129166807795 0.00242984312035 0.000877041275237 0.000294706452406 0.00215140343459 0.00489986369134 0.00213018819383 0.000713139315046 0.001580190472 0.000327812593259 0.00272845703735 -6.72218214743e-05 0.00127140253539 0.000693288051144 0.0015884317083 0.00238985439549 0.00368060549091 2.97564840353e-05 0.00160284266254 0.00130709653465 0.00319427680232 0.00197053189267 0.00374154166988 0.0365487002125 0.00241355571448 0.000550535585006 0.0011093567267 0.00128427797641 0.00158348668935 
0.00119389738529 0.00131676984245 0.000666961390057 0.000534729936506 0.00278456964233 0.000769285933401 0.00164827287675 0.000616741240055 0.00125828421858 0.00125816339664 0.000304389540713 0.00121317438437 0.000733008141916 0.00041809744538 0.00139295620637 0.00210359649631 0.0015941630143 0.00260965321062 0.00122929793738 0.00229819410087 0.001715870542 0.00248364879465 0.000940267034124 -0.000768818428469 0.00241355571448 0.0110639751267 0.00145721745923 0.000905966196941 0.00212469501117 0.000549950087017 
0.00191749530905 0.000743474777138 0.00327224558699 0.00199250172965 0.00359732887433 -1.16652834087e-05 0.00413095170316 0.00190555173787 0.000996501939658 0.0013617489427 -0.00036507201089 -0.000505699754492 0.000656887671565 0.000338915321889 0.00104170677922 0.00145864940112 0.00104728570897 0.00277590850742 0.000555089861502 0.00253374894669 0.00183644833841 0.0027244264802 0.00116412776724 8.35966178901e-05 0.000550535585006 0.00145721745923 0.0297968404658 0.000487239432112 0.00172340010073 0.000198978501036 
0.00296422554824 0.00325241907572 0.00186707048152 0.00280027501428 0.00186713751558 0.00189854119637 0.000266119574879 0.00119113374927 0.00138016094565 0.000318867947658 -4.70245868698e-05 0.00316362253035 0.0003013104578 0.00287800397238 0.00241246893964 0.00143508237131 0.00157681676353 0.00173868472189 0.0011099747583 0.000286670910319 0.00135409107727 0.00124309170623 0.0102451975367 -0.00133709444989 0.0011093567267 0.000905966196941 0.000487239432112 0.0181476692622 -0.000170899117287 0.00189482948272 
0.000329624421792 0.00147742679149 0.00151181279867 -0.000460550569418 0.00360009401233 0.00201416661207 0.000762388202532 -0.0012248046532 0.00213497360924 1.38460820108e-05 0.000413962180755 0.00188974390354 0.000932530444065 -4.20578468136e-05 0.00129991226674 0.000913903846243 0.00134255723492 0.00354149063293 0.00124224256334 0.00118987649417 0.000620703820061 0.00217412436761 -0.00392253596704 0.00222422884725 0.00128427797641 0.00212469501117 0.00172340010073 -0.000170899117287 0.0228541774983 0.000908998925841 
0.00129592082108 0.000486588192689 0.00354293143544 0.00231087676607 0.00107121543244 0.00044980332929 0.00189510024622 0.000692631793498 0.00201050263467 0.00107908728404 0.0014012912337 0.000213877370162 -0.000316743419115 0.00151548026576 0.00178257889648 0.00178537034577 0.00197590679519 0.00312435852089 0.00160463972604 0.000707303891022 0.00132947034732 -0.000176272643963 0.00246436349165 -0.000766942766113 0.00158348668935 0.000549950087017 0.000198978501036 0.00189482948272 0.000908998925841 0.0175872197402 

['EMC', 'PGL', 'KLAC', 'BOL', 'BEN', 'SWY', 'CVS', 'KG', 'WLP', 'SGP', 'WHR', 'SWK', 'AVY', 'AYE', 'NI', 'CTAS', 'MCD', 'CFC', 'APD', 'FDC', 'IFF', 'YHOO', 'EOG', 'BRCM', 'TSG', 'TMK', 'CMVT', 'KMI', 'FRE', 'BAX']