40
0.0243185800675 0.0965978414643 0.0657027666716 0.100886603299 0.0729597235382 0.0485945029431 -0.0290439391383 0.0861575830063 0.0373342989671 0.0202129727645 0.0833786368315 0.399937027552 0.0392369654355 0.0900156737744 0.170228010564 0.0771685990004 0.0172601721071 0.0511719962834 0.0914492870129 0.13190386478 0.0697795953642 0.131188957491 0.00633581846688 0.128291051585 0.0436793340255 0.10643743266 0.0411806556966 0.0791171504464 0.0300764430792 0.022775665512 0.0540494724418 0.103848753038 0.11775000089 0.0519302207626 0.0160922749751 0.0826231173305 0.082081594572 0.0966324757555 0.0070666509449 0.191301962015 
0.221004728114 0.0247156339044 0.0143257770838 0.00750453378127 0.00609708692355 0.00465503715048 0.0049861017369 -0.0238633092094 0.00696539568147 0.0126132531753 0.012754009716 0.020886864923 0.0178041167946 0.0154848871449 0.017043250571 0.0241011239825 0.0148915278968 -0.00123534722488 0.0298127753313 0.00367810439939 0.035198607309 0.0200695982309 0.0239587390472 0.0101534322491 -0.00464248698481 0.0184756118728 0.00981868570967 0.0180595555674 0.0389003235544 0.0106268797727 0.0194584253694 0.0184024131764 -0.0401222376924 0.0114776224955 0.0190691694239 0.0192073774178 0.0198819764622 -0.0109257543029 0.0135627365978 0.00208503869556 
0.0247156339044 0.434913795009 0.0196779345462 0.0156267222712 -0.0162442430664 0.00753350460223 0.0208734085545 -0.0118226557419 0.0693150767702 0.0244463990458 0.0490794971889 0.0308844617656 0.0341969509912 0.0197391527619 0.026639844844 0.039289597478 -0.00671676958508 0.0243430200993 0.0201900178403 0.00842047508227 -0.000549600598223 0.0203430856805 0.0136151201523 0.0413239877887 -0.000198301347199 0.0045158034215 0.029767362663 0.0235865638101 0.00836915591495 0.0427620710232 0.000431197637757 -0.0124430434335 0.0341267882634 0.00787795874393 0.00865869898977 0.0335396058369 0.0477264546231 0.0344671211038 0.0161989477565 0.0247020159274 
0.0143257770838 0.0196779345462 0.181563198859 0.0175207324407 -0.00372439024366 0.0179541707943 0.0117601756904 -0.00198089239436 0.0141884245625 0.0118981419144 0.0172754342707 0.0232786241373 0.0206580882082 0.0232031232634 0.0292853582707 0.0299097485011 0.0265245432507 0.00918477237993 0.0148037104227 -0.0036709661441 -0.00211961513498 0.0435241822649 0.0121327746214 0.00449085754493 0.00777989035964 0.014704244082 0.00112911727533 -0.00731134194697 0.0148867222079 0.0267289701214 0.0084133866272 0.0100373457352 0.0656127074937 -0.00247747875456 0.0129016716291 0.00640287851719 0.0080750711871 0.013608472436 0.00928378209697 0.033851753984 
0.00750453378127 0.0156267222712 0.0175207324407 0.374150861337 -0.00409555097231 -0.0130826847887 0.0315700414878 0.0199707474325 -0.00359128636507 -0.00882839965417 0.0114444916329 -0.0101814935566 0.0095967376545 0.00588320701878 -0.00621855776782 0.00834594718484 -0.00461422288801 0.0246535803004 0.0090934302717 -0.00275688831868 0.0172778795768 -0.00450246291083 0.00869497819592 0.0237883804645 0.0144859385915 -0.00910186214914 -5.3772446949e-05 0.0231802135399 0.0103642165234 -0.00259479976647 0.0207149555649 -0.00297027175206 0.014197450182 0.0178860821508 0.00650855268777 -0.00685003238021 -0.00553145413515 0.0228472002838 -0.0143561735458 0.00045350571064 
0.00609708692355 -0.0162442430664 -0.00372439024366 -0.00409555097231 0.457025205595 -0.00319158898849 -0.0161810747608 0.0166903975145 0.0164693656279 0.0234559223786 0.0155225956336 0.0442644398666 0.0129021801543 0.010145811042 0.0187884496558 0.0187139834376 0.0184734109308 0.00435550650038 0.0828904744852 -0.0112650215795 0.0331349272865 0.0372533541823 -0.0121764738632 -0.00979488922331 0.0306416000751 0.198940100601 0.00262133279397 0.0166676728458 -0.00192486502615 0.0283387059312 0.00740161839296 0.0142479610055 0.0115062142859 0.0661293077315 -0.0119447631577 0.0220472406526 0.0792869379693 0.0198011093885 0.0158043053139 0.0653629617229 
0.00465503715048 0.00753350460223 0.0179541707943 -0.0130826847887 -0.00319158898849 0.129465823038 -0.00490221277987 0.0112059586105 0.00485289713866 0.0171015039597 0.0289068213529 0.00861248642208 0.0649599725231 0.0199243195051 0.0146140783861 0.0207980384544 0.00764457759044 0.0115635477064 0.0381382087794 -0.00763156621792 0.016076729282 0.0319977485071 0.0139619704481 0.0160108832265 0.00452563679016 0.00454514935045 0.00765116184141 0.0200066064772 0.0156714569299 0.0213915075865 0.0283474204839 -0.0207434984855 0.0337890308737 0.0201126191637 -0.00211935337802 0.0117534543413 0.00540939930678 0.017538308036 0.0180340250088 0.00075309810093 
0.0049861017369 0.0208734085545 0.0117601756904 0.0315700414878 -0.0161810747608 -0.00490221277987 0.331397820644 0.0113981562835 -0.00706987381211 0.0226207364106 0.017268059872 0.0897750770515 0.0136945103673 0.00861296145094 0.0262513770606 0.00377655721839 0.00172940284032 -0.00739529000398 -0.0180757321816 -0.0223028421601 0.00470115111162 0.0245480200583 -0.000215364699131 0.0179643216507 0.00596010610539 0.000530951830554 0.00426846850603 0.00357244314493 0.0209682144919 0.00942355555611 0.0109455420421 0.000196807274884 0.00112555173567 0.00756200464622 -0.0149632430522 0.00809648942354 0.0239260653311 0.0291182642633 -0.000496317170413 0.0221691262701 
-0.0238633092094 -0.0118226557419 -0.00198089239436 0.0199707474325 0.0166903975145 0.0112059586105 0.0113981562835 0.56452191938 -0.0160476950272 0.000390875534894 0.0208093801404 0.0921924803299 0.038692551134 -0.000837186347312 -0.0167402215451 0.0034094131431 0.0152226749491 -0.00244754610663 0.00729067261007 -0.019799020123 -0.0134599129404 0.0490334153341 0.0174188448243 0.00223693485253 0.0168126610798 0.0182809113606 0.0114004591532 0.0318118712806 -0.00236464875041 0.0301164233313 0.00138203746047 -0.000977612128607 0.0122092136851 0.0222527677271 -0.0226794332307 -0.0134450251204 0.0136806965644 0.011334476911 0.0267520964985 0.00975340483552 
0.00696539568147 0.0693150767702 0.0141884245625 -0.00359128636506 0.0164693656279 0.00485289713866 -0.00706987381211 -0.0160476950272 0.23463367748 0.00309570377034 0.0438568912799 0.000677723027142 0.0131567146953 0.00171314491641 0.0145128080761 0.0434054117113 0.000711117263624 0.00653327266497 0.0321368512886 -0.02951574486 0.0682134121845 0.0309313323459 -0.00660180220226 -0.0166821571957 0.0460260733635 0.0303987389147 0.0151131545911 -0.00706109854069 0.0185614527562 0.0244811155245 0.0274414065552 0.00429792233403 0.0705839552244 0.0532501375891 0.0240032636025 -0.00471104940528 0.0212326219109 0.00396660951441 -0.0113457909982 0.0368888734662 
0.0126132531753 0.0244463990458 0.0118981419144 -0.00882839965417 0.0234559223786 0.0171015039597 0.0226207364106 0.000390875534894 0.00309570377034 0.196281307041 0.0356422099695 -0.000297898933673 0.0219617836927 0.016139541689 0.0177090719377 0.0254815967358 0.0212008217171 -0.0200062170975 0.0459079850225 -0.0140611821845 0.0280120369955 0.0333129651671 0.0346572198982 0.0259676458287 0.00980530062916 0.0178520871801 0.0313260468779 0.0203118224532 0.017195943763 0.0322604492827 0.0247419641955 0.0166050402586 0.0325821570298 0.0163858206545 0.0239099361917 0.022251653674 0.0571179421309 0.0376897506199 0.00246059372069 0.0329550396398 
0.012754009716 0.0490794971889 0.0172754342707 0.0114444916329 0.0155225956336 0.0289068213529 0.017268059872 0.0208093801404 0.0438568912799 0.0356422099695 0.368265783389 0.0253998626485 0.021236504621 0.0349940572078 -0.00314827162797 0.0163137593802 0.00850965746039 0.0323821734731 0.0470015859741 0.000802858369795 -0.00866265171788 0.0647605544044 0.0203308078518 -0.000442776640896 0.00798370283828 0.00320948679281 0.0179863166413 0.0235754494219 0.0184816301797 0.00428979792069 0.00166703077221 0.00672485346266 0.0298026822171 0.0229452234571 0.0118663314572 0.0156247179017 0.016715500391 0.0207114960272 0.00584513319423 0.0633218682905 
0.020886864923 0.0308844617656 0.0232786241373 -0.0101814935566 0.0442644398666 0.00861248642208 0.0897750770515 0.0921924803299 0.000677723027142 -0.000297898933673 0.0253998626485 1.30443713926 -0.00353511582315 -0.0181908840686 0.0684749522794 0.0295571135464 0.0184775720963 0.0630105584239 0.0103554932565 0.0713924191678 0.00790223394419 0.0107264405923 0.0329731004843 -0.00504009266471 0.0394106945407 0.0383923844256 0.00162726748542 0.0656733019939 0.0197820425357 0.0262498622487 0.0280792344045 0.015957396517 0.131778777383 0.00897306706359 0.00646986732186 -0.00750329273012 0.041672566498 0.06533886972 0.00978270919312 0.0908283206011 
0.0178041167946 0.0341969509912 0.0206580882082 0.0095967376545 0.0129021801543 0.0649599725231 0.0136945103673 0.038692551134 0.0131567146953 0.0219617836927 0.021236504621 -0.00353511582316 0.163886278994 0.0236706449809 0.00731951135362 0.0337588764416 0.01177545836 0.0264896334083 0.0547753415897 -0.000819826080102 0.00565885187687 0.0461631407511 0.0173319094831 0.0187394779081 0.022991839896 0.00397769391602 0.032959287776 0.0258469138603 0.0221161787526 0.02815248223 0.0185442523685 -0.00990820294598 0.0437753574457 0.019170597076 0.00127031958132 0.00638933432826 0.0196289938998 0.0326088766994 0.0122554181738 0.00774298146206 
0.0154848871449 0.0197391527619 0.0232031232634 0.00588320701878 0.010145811042 0.0199243195051 0.00861296145094 -0.000837186347312 0.00171314491641 0.016139541689 0.0349940572078 -0.0181908840686 0.0236706449809 0.235254263252 0.0107396310538 0.0148455054066 0.0118810564274 0.00764529039411 0.0472370892924 -0.00915818904805 0.00872142711477 0.0459597662812 0.0263276730994 -0.00657891034818 0.00923459492367 0.00811019425842 0.0139463400464 0.0315307877417 -0.00674817502549 0.0150932847531 0.0188428676283 0.000299807007182 -0.0368263491176 0.00711291326109 0.0204334033783 0.0158240801757 0.00402891238766 -0.00487339169588 0.00805948686441 0.0166040432953 
0.017043250571 0.026639844844 0.0292853582707 -0.00621855776782 0.0187884496558 0.0146140783861 0.0262513770606 -0.0167402215451 0.0145128080761 0.0177090719377 -0.00314827162797 0.0684749522794 0.00731951135362 0.0107396310538 0.575684543595 0.0204055417679 -0.00563874449089 0.0242008649018 0.050605675637 0.0069957344852 -0.00547745103045 0.0312024670761 -0.00523027732703 0.063129967758 0.00433148135275 -0.0100576767075 0.0322240524856 -0.0226522412957 0.0107293444595 0.00844298165851 0.00730047007606 0.030184751507 -0.0191207470156 0.00713629637462 0.00279427124576 0.00673227203944 0.027682542064 0.019121990405 -0.00296530410598 0.0863431584045 
0.0241011239825 0.039289597478 0.0299097485011 0.00834594718484 0.0187139834376 0.0207980384544 0.00377655721839 0.0034094131431 0.0434054117113 0.0254815967358 0.0163137593802 0.0295571135464 0.0337588764416 0.0148455054066 0.0204055417679 0.201567937504 0.015580818309 0.00656008913659 0.0621412558181 -0.00454986788328 0.0109957465588 0.0318053707896 0.0152954996994 -0.0112108490116 0.0340789161243 0.0375451097706 0.0177782432402 0.0340616462352 0.0285387719508 0.035616623706 0.0364484419893 0.0247687414265 0.0424765429618 0.0427784628542 0.00278293811211 0.0154326366712 0.0424085968694 0.0383657075371 0.00383513087585 0.0413879700914 
0.0148915278968 -0.00671676958508 0.0265245432507 -0.00461422288801 0.0184734109308 0.00764457759044 0.00172940284032 0.0152226749491 0.000711117263624 0.0212008217171 0.00850965746039 0.0184775720963 0.01177545836 0.0118810564274 -0.00563874449089 0.015580818309 0.189639472304 -0.00106863682616 0.0411492622438 -0.0079114683295 0.0140242225861 0.0271303747996 0.0194519824255 0.0177976565467 -0.00129153754518 0.019679578788 0.0161195188245 0.0325583551653 0.0133796643102 0.0264371414445 0.0328159501359 0.00886708252952 0.0204205962401 0.0161868004618 -0.000652247635403 0.0467882224879 0.0270048041138 -0.0109160202446 0.00493611077769 0.00932764606368 
-0.00123534722488 0.0243430200993 0.00918477237993 0.0246535803004 0.00435550650038 0.0115635477064 -0.00739529000398 -0.00244754610663 0.00653327266497 -0.0200062170975 0.0323821734731 0.0630105584239 0.0264896334083 0.00764529039411 0.0242008649018 0.00656008913659 -0.00106863682616 0.307060606332 0.015744593797 -0.0175826519625 0.0330787785964 0.0236440741958 -0.00399690639959 0.00701492492074 0.0235307500446 -0.0195735357778 -0.00959216117048 0.0040150765001 0.0379293113711 -0.00716301690087 -0.00960475814419 -0.0455611897508 -0.011071364401 0.0204907271514 0.00758832269866 -0.00671805012304 0.00132754041805 -0.00467691350555 0.00960516621871 -0.00216309366625 
0.0298127753313 0.0201900178403 0.0148037104227 0.0090934302717 0.0828904744852 0.0381382087794 -0.0180757321816 0.00729067261007 0.0321368512886 0.0459079850225 0.0470015859741 0.0103554932565 0.0547753415897 0.0472370892924 0.050605675637 0.0621412558181 0.0411492622438 0.015744593797 0.455095271624 0.00481326654361 0.083469278041 0.044861721084 0.058719409995 0.0391315064029 0.00890790558129 0.0477087558462 0.0347316054204 0.0555442007657 0.0351227998702 0.0333941281852 0.04780418582 0.0260440954095 0.0567287639272 0.018191754424 0.0121507888989 0.0500952459773 0.0445456360968 0.0295473328999 -0.00276953750386 0.0714344374917 
0.00367810439939 0.00842047508227 -0.0036709661441 -0.00275688831868 -0.0112650215795 -0.00763156621792 -0.0223028421601 -0.019799020123 -0.02951574486 -0.0140611821845 0.000802858369795 0.0713924191678 -0.000819826080102 -0.00915818904805 0.0069957344852 -0.00454986788328 -0.0079114683295 -0.0175826519625 0.00481326654361 1.06704702871 -0.0268359277207 0.0286077174895 0.0024145039264 -0.0149089020821 -0.0201498556976 -0.0183273679126 0.000899716992256 -0.00926674732347 -0.0236990395369 0.0132402454137 0.00966234107181 -0.0194336658404 0.000764663451966 -0.0113414845467 -0.0089581634294 0.00826045979449 0.001450848866 -0.0102178025374 -0.0191949526291 0.0121804316572 
0.035198607309 -0.000549600598223 -0.00211961513498 0.0172778795768 0.0331349272865 0.016076729282 0.00470115111162 -0.0134599129404 0.0682134121845 0.0280120369955 -0.00866265171788 0.00790223394419 0.00565885187687 0.00872142711477 -0.00547745103045 0.0109957465588 0.0140242225861 0.0330787785964 0.083469278041 -0.0268359277207 0.470311610961 0.0301381885914 0.00463122228619 0.0139841325994 0.0426580624982 0.0469328212154 0.0127412046143 -0.00560172102628 0.00208935392196 0.0326449227944 0.00677276683058 0.0210705391428 -0.00790551521599 0.0382326174985 0.00866289375484 0.00431252221454 0.0211965077651 0.00977062875955 0.00114867955845 0.0183050766648 
0.0200695982309 0.0203430856805 0.0435241822649 -0.00450246291083 0.0372533541823 0.0319977485071 0.0245480200583 0.0490334153341 0.0309313323459 0.0333129651671 0.0647605544044 0.0107264405923 0.0461631407511 0.0459597662812 0.0312024670761 0.0318053707896 0.0271303747996 0.0236440741958 0.044861721084 0.0286077174895 0.0301381885914 0.390015647025 0.0121593665475 0.0184744245631 0.00714853634701 0.0154477908462 0.0354850362486 0.0122398592219 0.0301413695725 0.0381377954485 0.0176477211294 0.0373813940944 -0.00781684517287 0.0351630730155 0.00949005743921 0.000407205142886 0.0332890559076 0.0151188918702 0.0131855469444 0.0528618733977 
0.0239587390472 0.0136151201523 0.0121327746214 0.00869497819592 -0.0121764738632 0.0139619704481 -0.000215364699131 0.0174188448243 -0.00660180220226 0.0346572198982 0.0203308078518 0.0329731004843 0.0173319094831 0.0263276730994 -0.00523027732703 0.0152954996994 0.0194519824255 -0.00399690639959 0.058719409995 0.0024145039264 0.00463122228619 0.0121593665475 0.188137046741 0.0325526153066 0.00150918530386 -0.00642653056357 0.0271542141011 0.00336062563964 0.0313828410706 0.0207686588352 0.0110342274229 0.016637694217 0.0227981718712 0.00552915746924 0.000257472360679 0.0269101145615 0.00997967499737 0.0537298646027 0.00791091137622 -0.00287558472039 
0.0101534322491 0.0413239877887 0.00449085754493 0.0237883804645 -0.00979488922331 0.0160108832265 0.0179643216507 0.00223693485253 -0.0166821571957 0.0259676458287 -0.000442776640896 -0.00504009266471 0.0187394779081 -0.00657891034818 0.063129967758 -0.0112108490116 0.0177976565467 0.00701492492074 0.0391315064029 -0.0149089020821 0.0139841325994 0.0184744245631 0.0325526153066 0.498006464032 -0.00877405669879 0.0106243868576 0.00643439561505 0.0069200508695 0.000245288579075 0.0177128431741 -0.00246824110366 -0.0147233468855 0.0147245324375 0.00846231134972 -0.0024363927308 0.0265467278144 0.018447855377 0.0309986823119 0.00211597530459 0.0450278755554 
-0.00464248698481 -0.000198301347199 0.00777989035964 0.0144859385915 0.0306416000751 0.00452563679016 0.00596010610539 0.0168126610798 0.0460260733635 0.00980530062916 0.00798370283828 0.0394106945407 0.022991839896 0.00923459492367 0.00433148135275 0.0340789161243 -0.00129153754518 0.0235307500446 0.00890790558129 -0.0201498556976 0.0426580624982 0.00714853634701 0.00150918530386 -0.00877405669879 0.194330774134 0.0161784070162 -0.000599602872219 0.0080206973763 -0.00478658911536 0.0284287003948 0.0262803454384 -0.00472085051169 0.0645942535507 0.0641770715085 0.0110021018665 -0.0133094165014 0.0122158321375 0.0190126703469 0.013816890417 0.0165439706191 
0.0184756118728 0.0045158034215 0.014704244082 -0.00910186214914 0.198940100601 0.00454514935045 0.000530951830554 0.0182809113606 0.0303987389147 0.0178520871801 0.00320948679281 0.0383923844256 0.00397769391602 0.00811019425842 -0.0100576767075 0.0375451097706 0.019679578788 -0.0195735357778 0.0477087558462 -0.0183273679126 0.0469328212154 0.0154477908462 -0.00642653056357 0.0106243868576 0.0161784070162 0.474452430795 0.00766638689655 0.0310361932972 -0.00231114791656 0.0461961607885 -0.00507380591317 0.0189779940765 0.0451812557224 0.0401111343052 0.00937024826339 0.00191236574611 0.032708578692 0.0121412121207 -0.0126010387972 0.0623350906371 
0.00981868570967 0.029767362663 0.00112911727533 -5.3772446949e-05 0.00262133279397 0.00765116184141 0.00426846850603 0.0114004591532 0.0151131545911 0.0313260468779 0.0179863166413 0.00162726748542 0.032959287776 0.0139463400464 0.0322240524856 0.0177782432402 0.0161195188245 -0.00959216117048 0.0347316054204 0.000899716992256 0.0127412046143 0.0354850362486 0.0271542141011 0.00643439561505 -0.000599602872219 0.00766638689655 0.194292600066 0.015736959652 0.0124357059738 0.0180683503584 0.00829975520691 0.029167226201 0.0339959125995 -0.0128309519572 -0.0172324477806 0.0243891633359 0.0123934031022 0.0405743801049 0.0257485347331 0.0191616792686 
0.0180595555674 0.0235865638101 -0.00731134194697 0.0231802135399 0.0166676728458 0.0200066064772 0.00357244314493 0.0318118712806 -0.00706109854069 0.0203118224532 0.0235754494219 0.0656733019939 0.0258469138603 0.0315307877417 -0.0226522412957 0.0340616462352 0.0325583551653 0.0040150765001 0.0555442007657 -0.00926674732347 -0.00560172102628 0.0122398592219 0.00336062563964 0.0069200508695 0.0080206973763 0.0310361932971 0.015736959652 0.378337518269 0.0100526561076 0.0189912873163 0.0224338128418 -0.00508258872077 -0.00284620565748 0.0209536993782 -0.0111990357468 0.0403152507209 0.0139120146849 0.00449005319149 0.0037008203768 0.0342035588854 
0.0389003235544 0.00836915591495 0.0148867222079 0.0103642165234 -0.00192486502615 0.0156714569299 0.0209682144919 -0.0023646487504 0.0185614527562 0.017195943763 0.0184816301797 0.0197820425357 0.0221161787526 -0.00674817502549 0.0107293444595 0.0285387719508 0.0133796643102 0.0379293113711 0.0351227998702 -0.0236990395369 0.00208935392196 0.0301413695725 0.0313828410706 0.000245288579074 -0.00478658911536 -0.00231114791656 0.0124357059738 0.0100526561076 0.368488196484 0.0231762809921 0.00247354127607 -0.0164433897519 0.0316754734656 -0.0100187459113 0.003066656154 0.0302556221198 -0.00364299182319 0.0494279676903 0.017473908608 0.00366926872364 
0.0106268797727 0.0427620710232 0.0267289701214 -0.00259479976647 0.0283387059312 0.0213915075865 0.00942355555611 0.0301164233313 0.0244811155245 0.0322604492827 0.00428979792069 0.0262498622487 0.02815248223 0.0150932847531 0.00844298165851 0.035616623706 0.0264371414445 -0.00716301690087 0.0333941281852 0.0132402454137 0.0326449227944 0.0381377954485 0.0207686588352 0.0177128431741 0.0284287003948 0.0461961607885 0.0180683503584 0.0189912873163 0.0231762809921 0.222927280062 0.0227180893494 0.0105357321386 0.0573716696649 0.00678851494204 0.0123740180937 0.0264904566842 0.0435312587666 0.0099183483588 0.0189964859576 0.0347412670689 
0.0194584253694 0.000431197637757 0.0084133866272 0.0207149555649 0.00740161839296 0.0283474204839 0.0109455420421 0.00138203746047 0.0274414065552 0.0247419641955 0.00166703077221 0.0280792344045 0.0185442523685 0.0188428676283 0.00730047007606 0.0364484419893 0.0328159501359 -0.00960475814419 0.04780418582 0.00966234107181 0.00677276683058 0.0176477211294 0.0110342274229 -0.00246824110366 0.0262803454384 -0.00507380591317 0.00829975520691 0.0224338128418 0.00247354127607 0.0227180893494 0.270660143756 0.00422315607971 0.021325414325 0.0329399124105 0.0263803161962 0.0109007986411 0.0132750913791 0.0284678772453 0.00950192840367 0.00728624762929 
0.0184024131764 -0.0124430434335 0.0100373457352 -0.00297027175206 0.0142479610055 -0.0207434984855 0.000196807274884 -0.000977612128607 0.00429792233403 0.0166050402586 0.00672485346266 0.015957396517 -0.00990820294598 0.000299807007182 0.030184751507 0.0247687414265 0.00886708252952 -0.0455611897508 0.0260440954095 -0.0194336658404 0.0210705391428 0.0373813940944 0.016637694217 -0.0147233468855 -0.00472085051169 0.0189779940765 0.029167226201 -0.00508258872077 -0.0164433897519 0.0105357321386 0.00422315607971 0.331988475417 0.0102541099517 -0.00854513965791 0.00678107284581 0.0105341813907 0.0131037048987 0.0828491849294 -0.00441298626649 0.100832549463 
-0.0401222376924 0.0341267882634 0.0656127074937 0.014197450182 0.0115062142859 0.0337890308737 0.00112555173567 0.0122092136851 0.0705839552244 0.0325821570298 0.0298026822171 0.131778777383 0.0437753574457 -0.0368263491176 -0.0191207470156 0.0424765429618 0.0204205962401 -0.011071364401 0.0567287639272 0.000764663451965 -0.00790551521599 -0.00781684517287 0.0227981718712 0.0147245324375 0.0645942535507 0.0451812557224 0.0339959125995 -0.00284620565748 0.0316754734656 0.0573716696649 0.021325414325 0.0102541099517 0.882835806708 0.0343803417718 -0.00365781928567 0.0390043254694 0.0313208169272 0.0214311667368 -0.0195430385952 0.037492131332 
0.0114776224955 0.00787795874393 -0.00247747875456 0.0178860821508 0.0661293077315 0.0201126191637 0.00756200464622 0.0222527677271 0.0532501375891 0.0163858206545 0.0229452234571 0.00897306706359 0.019170597076 0.00711291326109 0.00713629637462 0.0427784628542 0.0161868004618 0.0204907271514 0.018191754424 -0.0113414845467 0.0382326174985 0.0351630730155 0.00552915746924 0.00846231134972 0.0641770715085 0.0401111343052 -0.0128309519572 0.0209536993782 -0.0100187459113 0.00678851494204 0.0329399124105 -0.00854513965791 0.0343803417718 0.264786908764 -0.00560545148216 0.0179383238381 0.0139432160352 0.0102661062009 0.00981129396693 0.0157419279732 
0.0190691694239 0.00865869898977 0.0129016716291 0.00650855268777 -0.0119447631577 -0.00211935337802 -0.0149632430522 -0.0226794332307 0.0240032636025 0.0239099361917 0.0118663314572 0.00646986732186 0.00127031958132 0.0204334033783 0.00279427124576 0.00278293811211 -0.000652247635404 0.00758832269866 0.0121507888989 -0.0089581634294 0.00866289375484 0.00949005743921 0.000257472360679 -0.0024363927308 0.0110021018665 0.00937024826339 -0.0172324477806 -0.0111990357468 0.003066656154 0.0123740180937 0.0263803161962 0.00678107284581 -0.00365781928567 -0.00560545148216 0.224460386175 0.000650032250082 0.0072555008712 0.00627818863365 -0.00120179264708 -0.0104222493154 
0.0192073774178 0.0335396058369 0.00640287851719 -0.00685003238021 0.0220472406526 0.0117534543413 0.00809648942354 -0.0134450251204 -0.00471104940528 0.022251653674 0.0156247179017 -0.00750329273012 0.00638933432826 0.0158240801757 0.00673227203944 0.0154326366712 0.0467882224879 -0.00671805012304 0.0500952459773 0.00826045979449 0.00431252221454 0.000407205142886 0.0269101145615 0.0265467278144 -0.0133094165014 0.00191236574611 0.0243891633359 0.0403152507209 0.0302556221198 0.0264904566842 0.0109007986411 0.0105341813907 0.0390043254694 0.0179383238381 0.000650032250082 0.190337015191 0.0297923437064 0.00932196189959 0.00866071466224 0.00124851900174 
0.0198819764622 0.0477264546231 0.0080750711871 -0.00553145413515 0.0792869379693 0.00540939930678 0.0239260653311 0.0136806965644 0.0212326219109 0.0571179421309 0.016715500391 0.041672566498 0.0196289938998 0.00402891238766 0.027682542064 0.0424085968694 0.0270048041138 0.00132754041805 0.0445456360968 0.001450848866 0.0211965077651 0.0332890559076 0.00997967499737 0.018447855377 0.0122158321375 0.032708578692 0.0123934031022 0.0139120146849 -0.00364299182319 0.0435312587666 0.0132750913791 0.0131037048987 0.0313208169272 0.0139432160352 0.0072555008712 0.0297923437064 0.262249655034 0.0119021944527 0.0326815632032 0.023974206642 
-0.0109257543029 0.0344671211038 0.013608472436 0.0228472002838 0.0198011093885 0.017538308036 0.0291182642633 0.011334476911 0.00396660951441 0.0376897506199 0.0207114960272 0.06533886972 0.0326088766994 -0.00487339169588 0.019121990405 0.0383657075371 -0.0109160202446 -0.00467691350555 0.0295473328999 -0.0102178025374 0.00977062875955 0.0151188918702 0.0537298646027 0.0309986823119 0.0190126703469 0.0121412121207 0.0405743801049 0.00449005319149 0.0494279676903 0.0099183483588 0.0284678772453 0.0828491849294 0.0214311667368 0.0102661062009 0.00627818863365 0.00932196189959 0.0119021944527 0.45835613427 0.0181040925785 0.0372586677731 
0.0135627365978 0.0161989477565 0.00928378209697 -0.0143561735458 0.0158043053139 0.0180340250088 -0.000496317170413 0.0267520964985 -0.0113457909982 0.00246059372069 0.00584513319423 0.00978270919312 0.0122554181738 0.00805948686441 -0.00296530410598 0.00383513087585 0.00493611077769 0.00960516621871 -0.00276953750386 -0.0191949526291 0.00114867955845 0.0131855469444 0.00791091137622 0.00211597530459 0.013816890417 -0.0126010387972 0.0257485347331 0.0037008203768 0.017473908608 0.0189964859576 0.00950192840367 -0.00441298626649 -0.0195430385952 0.00981129396693 -0.00120179264708 0.00866071466224 0.0326815632032 0.0181040925785 0.174996630415 -0.0233977174657 
0.00208503869556 0.0247020159274 0.033851753984 0.00045350571064 0.0653629617229 0.00075309810093 0.0221691262701 0.00975340483552 0.0368888734662 0.0329550396398 0.0633218682905 0.0908283206011 0.00774298146206 0.0166040432953 0.0863431584045 0.0413879700914 0.00932764606368 -0.00216309366625 0.0714344374917 0.0121804316572 0.0183050766648 0.0528618733977 -0.00287558472039 0.0450278755554 0.0165439706191 0.0623350906371 0.0191616792686 0.0342035588854 0.00366926872364 0.0347412670689 0.00728624762929 0.100832549463 0.037492131332 0.0157419279732 -0.0104222493154 0.00124851900174 0.023974206642 0.0372586677731 -0.0233977174657 0.420149640329 
0.0191395708903 0.00214043668318 0.00124064868836 0.000649911689814 0.000528023216487 0.000403138042787 0.000431809077001 -0.00206662319937 0.000603220960756 0.00109233976742 0.00110452964142 0.00180885556287 0.00154188174361 0.00134103056422 0.00147598879575 0.00208721856286 0.00128964414598 -0.000106984207924 0.00258186207942 0.000318533184764 0.00304828881074 0.00173807819117 0.00207488766575 0.000879313026337 -0.000402051166559 0.00160003492323 0.000850323125635 0.00156400339024 0.00336886684135 0.000920314784615 0.00168514906876 0.00159369573017 -0.00347468770983 0.000993991265611 0.00165143851502 0.00166340767839 0.00172182966937 -0.000946198078181 0.00117456744385 0.000180569647823 
0.00214043668318 0.0376646394934 0.0017041591211 0.00135331384648 -0.00140679271607 0.000652420636506 0.00180769020717 -0.00102387202127 0.00600286173483 0.00211712026047 0.00425040913705 0.00267467284712 0.00296154282904 0.00170946077409 0.00230707823878 0.00340257895204 -0.000581689309205 0.00210816738108 0.00174850683526 0.000729234533318 -4.75968079996e-05 0.00176176289907 0.00117910399275 0.00357876232107 -1.71734004279e-05 0.000391080048151 0.00257792922699 0.00204265634476 0.000724790163058 0.00370330398245 3.73428108349e-05 -0.00107759917138 0.00295546655857 0.000682251240221 0.000749865328886 0.00290461506877 0.00413323221362 0.00298494024712 0.00140287002717 0.00213925733178 
0.00124064868836 0.0017041591211 0.0157238342604 0.00151733993866 -0.000322541656462 0.00155487680117 0.00101846109009 -0.000171550313568 0.00122875361108 0.00103040931557 0.00149609649399 0.0020159879868 0.00178904291819 0.00200944941933 0.00253618642213 0.00259026020227 0.00229709282789 0.000795424620899 0.00128203892963 -0.000317914993722 -0.000183564055314 0.00376930475204 0.00105072910406 0.000388919671868 0.000673758269011 0.00127342489185 9.77844244289e-05 -0.000633180786183 0.00128922796111 0.00231479671421 0.000728620655101 0.000869259639329 0.00568222715006 -0.000214555953878 0.00111731753821 0.000554505545323 0.00069932167854 0.00117852828362 0.000803999113917 0.00293164789128 
0.000649911689814 0.00135331384648 0.00151733993866 0.0324024150765 -0.000354685118452 -0.00113299373767 0.0027340457927 0.00172951746091 -0.000311014522441 -0.000764561837528 0.000991122048751 -0.000881743206844 0.000831101860225 0.000509500673398 -0.000538542900183 0.000722780228072 -0.000399603423974 0.00213506268344 0.000787514162284 -0.000238753531937 0.0014963082637 -0.000389924726038 0.000753007200302 0.00206013417972 0.00125451908179 -0.00078824438429 -4.65683050815e-06 0.00200746537907 0.000897567479956 -0.00022471625155 0.00179396777575 -0.000257233079343 0.00122953525266 0.00154898015168 0.000563657196948 -0.000593230205801 -0.00047903798009 0.00197862558511 -0.00124328109918 3.92747466175e-05 
0.000528023216487 -0.00140679271607 -0.000322541656462 -0.000354685118452 0.0395795438215 -0.000276399714247 -0.00140132218034 0.00144543082468 0.0014262889018 0.0020313424649 0.00134429621514 0.00383341294087 0.00111736157778 0.000878653010433 0.00162712746997 0.0016206785063 0.00159984431606 0.000377197927568 0.0071785256636 -0.000975579486201 0.00286956887826 0.00322623510981 -0.0010545135694 -0.000848262289464 0.00265364040777 0.0172287180951 0.000227014079135 0.00144346281064 -0.00016669820115 0.00245420392468 0.000640998955742 0.00123390961829 0.000996467387301 0.00572696604301 -0.00103444683368 0.00190934704885 0.00686645024697 0.00171482637536 0.0013686929891 0.00566059853186 
0.000403138042787 0.000652420636506 0.00155487680117 -0.00113299373767 -0.000276399714247 0.0112120691673 -0.000424544080212 0.000970464483045 0.000420273220403 0.0014810336872 0.00250340416343 0.000745863203127 0.00562569864341 0.00172549668445 0.00126561631352 0.00180116296504 0.000662039839452 0.00100143260717 0.00330286576578 -0.000660913021538 0.0013922855968 0.0027710863071 0.00120914210949 0.00138658316112 0.000391931642858 0.000393621480148 0.000662610052313 0.00173262294527 0.00135718798156 0.00185255889952 0.00245495862708 -0.00179643966518 0.00292621591058 0.00174180391324 -0.000183541386496 0.00101787900418 0.000468467721889 0.00151886202986 0.00156179237901 6.52202086947e-05 
0.000431809077001 0.00180769020717 0.00101846109009 0.0027340457927 -0.00140132218034 -0.000424544080212 0.0286998931436 0.000987109289781 -0.000612269032284 0.00195901323839 0.00149545785232 0.00777474973533 0.00118597938705 0.000745904341833 0.00227343594188 0.000327059448998 0.00014977067931 -0.00064045090118 -0.00156540432613 -0.00193148278873 0.000407131628969 0.00212592089831 -1.86511300526e-05 0.00155575589113 0.000516160329652 4.59817773446e-05 0.000369660216148 0.000309382651708 0.0018159006422 0.000816103850556 0.000947911746668 1.70440099699e-05 9.74756396367e-05 0.000654888812716 -0.00129585486062 0.000701176552225 0.00207205803893 0.00252171565661 -4.29823277912e-05 0.00191990265296 
-0.00206662319937 -0.00102387202127 -0.000171550313568 0.00172951746091 0.00144543082468 0.000970464483045 0.000987109289781 0.0488890323176 -0.00138977115658 3.38508142936e-05 0.00180214518386 0.00798410300036 0.00335087322193 -7.25024644473e-05 -0.00144974571231 0.000295263839392 0.00131832232195 -0.000211963710527 0.000631390769099 -0.00171464543965 -0.00116566265391 0.00424641833137 0.00150851621224 0.00019372424089 0.00145601916004 0.00158317336426 0.000987308724147 0.00275498886709 -0.000204784588888 0.0026081587676 0.000119687954974 -8.46636938421e-05 0.00105734892115 0.00192714621562 -0.00196409653212 -0.00116437333088 0.00118478307663 0.00098159449435 0.00231679951722 0.000844669636096 
0.000603220960756 0.00600286173483 0.00122875361108 -0.000311014522441 0.0014262889018 0.000420273220403 -0.000612269032284 -0.00138977115658 0.0203198725281 0.000268095810771 0.00379811819794 5.86925358234e-05 0.00113940491565 0.000148362701797 0.00125684604742 0.00375901892037 6.15845615368e-05 0.000565798009771 0.00278313296136 -0.00255613848604 0.00590745478306 0.00267873195844 -0.000571732841792 -0.00144471719214 0.00398597487692 0.00263260801431 0.00130883758072 -0.000611509071486 0.0016074689618 0.00212012679572 0.00237649551924 0.000372210992476 0.00611274983239 0.00461159719072 0.00207874360535 -0.000407988846345 0.00183879899638 0.000343518460638 -0.00098257432305 0.00319467015387 
0.00109233976742 0.00211712026047 0.00103040931557 -0.000764561837528 0.0020313424649 0.0014810336872 0.00195901323839 3.38508142936e-05 0.000268095810771 0.0169984598185 0.00308670592806 -2.57988044321e-05 0.00190194625903 0.00139772531081 0.00153365061755 0.00220677101022 0.00183604501881 -0.001732589224 0.0039757481266 -0.00121773409791 0.00242591356498 0.00288498741101 0.00300140328564 0.00224886409641 0.00084916394366 0.00154603610085 0.00271291523964 0.00175905542416 0.00148921241408 0.00279383686163 0.00214271695329 0.00143803866948 0.00282169756979 0.00141905369486 0.00207066121449 0.00192704973579 0.00494655888972 0.00326402814992 0.000213093667051 0.00285399015108 
0.00110452964142 0.00425040913705 0.00149609649399 0.000991122048751 0.00134429621514 0.00250340416343 0.00149545785232 0.00180214518386 0.00379811819794 0.00308670592806 0.031892752376 0.00219969263062 0.00183913524893 0.00303057425235 -0.000272648320784 0.00141281300545 0.000736957953821 0.00280437848575 0.00407045674717 6.95295743883e-05 -0.000750207645182 0.00560842852774 0.00176069960791 -3.83455819218e-05 0.000691408947422 0.000277949709568 0.00155766071319 0.0020416938105 0.00160055612389 0.000371507397642 0.000144369099762 0.000582389393539 0.0025809879901 0.00198711464094 0.00102765444917 0.00135314026299 0.00144760479756 0.001793668171 0.000506203383471 0.00548383465546 
0.00180885556287 0.00267467284712 0.0020159879868 -0.000881743206844 0.00383341294087 0.000745863203127 0.00777474973533 0.00798410300036 5.86925358234e-05 -2.57988044321e-05 0.00219969263062 0.112967570024 -0.000306150010817 -0.00157537677207 0.00593010481969 0.00255972111937 0.00160020468356 0.00545687443017 0.000896812022881 0.0061827648637 0.000684353534232 0.000928937004511 0.00285555426609 -0.000436484828507 0.00341306626531 0.00332487802244 0.000140925498113 0.00568747478771 0.00171317513747 0.00227330475532 0.00243173303131 0.0013819510762 0.0114123768893 0.000777090402693 0.000560306945984 -0.000649804211631 0.00360895012282 0.00565851210321 0.000847207467908 0.00786596330237 
0.00154188174361 0.00296154282904 0.00178904291819 0.000831101860225 0.00111736157778 0.00562569864341 0.00118597938705 0.00335087322193 0.00113940491565 0.00190194625903 0.00183913524893 -0.000306150010817 0.014192968094 0.00204993798774 0.000633888277553 0.00292360446016 0.0010197846081 0.00229406954685 0.00474368373177 -7.09990212054e-05 0.000490070948162 0.00399784526089 0.00150098739085 0.00162288639221 0.00199115174297 0.000344478397975 0.00285435805047 0.00223840840125 0.00191531726343 0.00243807647907 0.00160597936453 -0.000858075545707 0.00379105716077 0.00166022240735 0.000110012902835 0.000553332584155 0.0016999207368 0.00282401156106 0.00106135034725 0.000670561864717 
0.00134103056422 0.00170946077409 0.00200944941933 0.000509500673398 0.000878653010433 0.00172549668445 0.000745904341833 -7.25024644473e-05 0.000148362701797 0.00139772531081 0.00303057425235 -0.00157537677207 0.00204993798774 0.0203736168325 0.000930079331987 0.00128565848141 0.00102892966899 0.000662101570061 0.0040908519328 -0.000793122436827 0.000755297743865 0.00398023251515 0.00228004337266 -0.000569750349075 0.000799739379755 0.000702363425742 0.001207788477 0.00273064631856 -0.000584409100126 0.00130711680228 0.00163184020462 2.59640484452e-05 -0.00318925538645 0.000615996357902 0.00176958464114 0.00137040554237 0.000348914047734 -0.000422048101122 0.000697972036604 0.00143795232992 
0.00147598879575 0.00230707823878 0.00253618642213 -0.000538542900183 0.00162712746997 0.00126561631352 0.00227343594188 -0.00144974571231 0.00125684604742 0.00153365061755 -0.000272648320784 0.00593010481969 0.000633888277553 0.000930079331987 0.0498557439319 0.0017671717549 -0.000488329597456 0.00209585637985 0.00438258006773 0.000605848378231 -0.000474361174035 0.00270221291486 -0.000452955303405 0.00546721558185 0.00037511728875 -0.000871020353174 0.00279068480654 -0.00196174164147 0.000929188486787 0.000731183659996 0.000632239254544 0.00261407616119 -0.00165590526549 0.000618021394936 0.00024199098839 0.000583031861134 0.00239737846688 0.00165601294616 -0.000256802868572 0.00747753686212 
0.00208721856286 0.00340257895204 0.00259026020227 0.000722780228072 0.0016206785063 0.00180116296504 0.000327059448998 0.000295263839392 0.00375901892037 0.00220677101022 0.00141281300545 0.00255972111937 0.00292360446016 0.00128565848141 0.0017671717549 0.0174562954467 0.00134933844674 0.000568120384338 0.00538159061616 -0.000394030117078 0.000952259585347 0.00275442590805 0.00132462913033 -0.000970888004207 0.00295132070971 0.00325150188492 0.00153964102807 0.00294982509344 0.00247153015022 0.00308449009264 0.00315652766911 0.00214503592951 0.00367857652699 0.00370472355666 0.000241009510225 0.00133650554046 0.00367269222277 0.00332256773613 0.000332132076532 0.00358430335102 
0.00128964414598 -0.000581689309205 0.00229709282789 -0.000399603423974 0.00159984431606 0.000662039839452 0.00014977067931 0.00131832232195 6.15845615368e-05 0.00183604501881 0.000736957953821 0.00160020468356 0.0010197846081 0.00102892966899 -0.000488329597456 0.00134933844674 0.0164232600576 -9.2546663887e-05 0.00356363064501 -0.000685153255459 0.00121453330279 0.00234955937906 0.00168459109344 0.00154132226973 -0.000111850432406 0.00170430151662 0.00139599127988 0.00281963626786 0.00115871291867 0.00228952360943 0.0028419446467 0.000767911872802 0.00176847551044 0.00140181804059 -5.64863021818e-05 0.00405197892725 0.00233868463867 -0.000945355084007 0.000427479732938 0.000807797844865 
-0.000106984207924 0.00210816738108 0.000795424620899 0.00213506268344 0.000377197927568 0.00100143260717 -0.00064045090118 -0.000211963710527 0.000565798009771 -0.001732589224 0.00280437848575 0.00545687443017 0.00229406954685 0.000662101570061 0.00209585637985 0.000568120384338 -9.2546663887e-05 0.0265922285585 0.00136352182005 -0.00152270232655 0.00286470625906 0.00204763689025 -0.000346142247859 0.0006075103187 0.00203782273087 -0.00169511792255 -0.000830705525083 0.000347715824723 0.00328477471954 -0.000620335460389 -0.000831796455007 -0.00394571477508 -0.000958808282586 0.00177454902551 0.000657168022915 -0.000581800207045 0.000114968372658 -0.000405032590711 0.000831831795297 -0.000187329406574 
