50
0.0703179731329 0.0939670182087 0.0716337087719 0.0559799775446 0.171372180847 0.0560151075184 0.0900156737744 0.0136100125143 0.00642009941462 0.0585004976968 0.0350054865441 0.0422860283868 0.0621428512979 0.0415957971797 0.0896896089949 0.102864057578 0.134627172929 0.0511719962834 0.143358946574 0.036872425502 0.0658076634161 0.0146033592013 0.0657027666716 0.12825177486 0.0795042219188 0.144106781955 0.259768981863 0.134360436546 0.106465020668 0.0904248988876 0.0495038718221 0.0288411222523 0.0466490289559 0.0521298167044 0.0321720089654 0.10643743266 0.0637259516476 0.0639224219563 0.0571686925308 0.0194782181544 0.0810581507116 0.0268374832388 0.176385145314 0.00265371642944 0.124759587163 0.105790735219 0.234070828585 0.0413132452317 0.13588321519 0.0335790413719 
0.269042350207 0.0226312908604 0.00550047096233 -0.00267867555385 0.0300927034276 0.00704742100215 -0.0154773407975 -0.000606331520885 0.0191292718747 -0.00883459168045 -0.010790092712 -0.00273842918718 0.0143553389176 0.0491469627017 0.0361164835466 0.000420934322104 0.00762846020951 0.0336623842907 -3.74207222212e-05 0.00659017574536 0.01523980551 -0.00789722614734 0.0217185992436 0.0114212765979 0.0165313541586 -0.00433562149455 -0.0132236475889 0.0269862709674 0.00730803449048 0.00969115784525 0.00696793174187 0.0162929304179 0.0208698779578 0.0238063956009 0.0231951872446 0.0162918477671 0.00820439796796 -0.00423206358443 0.0109939727523 0.0172328594096 0.0145931517391 0.0202851290622 0.0221510901497 0.00122180306143 0.00230258732392 0.0097293653683 0.00658049442506 0.0187132214418 0.00559585865803 0.0602638094467 
0.0226312908604 0.223207289689 0.0259557106971 0.00794615166966 -0.0021144683885 0.030035222888 0.01925416669 0.016458003575 0.0351072410135 0.0187754977526 0.0242434136004 0.0189582958776 0.0291981622223 0.0216440831542 0.0151010429527 0.0480376047827 0.0239127392831 0.0263418663242 0.0232306645049 0.0185488194898 0.0152085952216 0.0050213379244 0.0276169328429 0.0148211117082 0.0270740954267 -0.000383643042617 0.0136394203046 0.0394324883842 0.0302675543632 0.0410033106525 0.00240740122143 0.0392500734684 0.0265776752035 0.031529098805 0.0157527197517 0.0408684086603 0.0208871117944 0.0347211682749 0.0101393040011 0.0391057927672 0.0325335389326 0.0154743632025 0.0314112684493 -0.00799375493795 0.00495962864835 0.0412371550576 0.0123820067519 0.00800822996228 0.000589580125786 0.00863700023488 
0.00550047096233 0.0259557106971 0.184035482796 -0.00203476892342 0.0127237890802 -0.00152144997825 0.00630451767503 0.00298729139787 0.00974274421406 -0.00962008296113 0.0108990946785 0.0236756029378 0.0195661580091 0.0143700901756 0.00633237252002 0.0110083747485 0.00626934234569 -0.00513099711842 0.015389312546 0.0146223458026 -0.000988169124873 0.0174450493562 -0.000168720595159 0.0057343530885 -0.00128923682714 0.00784322604285 0.0142343364847 0.0203135304204 0.00530464116404 0.00949259124765 0.0196696735518 0.0165301422305 0.0115581317963 0.00411440928499 0.0110426944121 0.00148379067595 0.0141564936344 -0.00191583991501 0.0156721194677 0.0293342022704 0.00848926692136 0.0108000533896 -0.00158160840797 0.00899366231448 -0.00289205995992 0.0111406445478 -0.000907212129154 0.0105474760783 0.00613024284623 -0.00084885664693 
-0.00267867555385 0.00794615166966 -0.00203476892342 0.246994905499 0.0164312327783 0.00766813952295 -0.00208272880492 0.00672120851998 0.0240577495598 0.0391970816963 0.00388374473721 -0.00178113815749 0.00791742786075 0.0231572112061 0.0301995760172 0.00437631130423 0.00751429871993 0.0174753335778 0.0256467415649 0.0189494967047 -0.0137471436219 0.0206555602398 0.00796945151013 0.00544355116164 0.00627173380872 0.0313963365833 0.02280744772 0.0115043732822 0.0289669055852 0.00558009878717 0.00688888871271 0.000497651949581 0.00609738700959 0.0156519199617 0.0141562745931 0.00543928574836 -0.00628444982285 0.009832966722 -0.0044097550697 0.00429051247278 0.00990046639908 0.0147846053185 0.0484523061833 0.00979215799811 0.0104914601672 0.0244041300836 0.0278728656416 0.0215602453403 0.0234005620703 0.0120286940002 
0.0300927034276 -0.0021144683885 0.0127237890802 0.0164312327783 0.546902014324 0.0111319811333 0.0186268272452 -0.00787090266808 0.0386082588971 0.0220721575692 0.0297437398054 0.00082826723199 0.0189314948629 0.0145588114735 -0.00418233598955 0.0180980024397 -0.0034968918243 -0.0159686529772 0.0727255547529 -0.00472110598609 -0.00451645568296 0.00615371389139 -0.0150658365919 0.155491073545 0.0311047297014 -0.00950201267373 0.0443267037557 0.0944536706229 0.0148074515503 0.185541210582 -0.00494936716985 0.0023646978667 -0.0123949009839 -0.00517241051606 0.00787013242171 0.16206889486 0.0282384115122 0.0543882465956 -0.00730442126283 0.0136576603986 0.0181378302506 0.00593374437634 0.0103627464406 -0.0020496706103 0.0226279494178 -0.0041220899379 0.0430460467426 0.0114397205655 -0.0288500100238 0.00208333567818 
0.00704742100215 0.030035222888 -0.00152144997826 0.00766813952295 0.0111319811333 0.349358166267 0.0371008852523 -0.0033127390476 0.0182255157717 0.00306790978802 0.0247708784569 -0.0154445582222 0.0316159412037 0.0299793035317 0.0017785043219 -0.00774028045254 -0.0116621857834 -0.0063722302377 0.0301807088612 0.0268874402924 0.0138023381699 0.00441285825643 -0.00173630696005 0.0178092919504 0.0280639845513 0.0211769144229 0.00445088720253 0.030961128211 0.0262461288451 0.0273181118575 0.0300959467575 0.00551675071999 0.0165304471996 0.00124621403714 0.0191681654088 0.0209981692599 -0.0026444117297 0.0440507982496 0.00952719311125 0.0145786269878 0.0295769431781 -0.00111342796287 0.00599584218643 -0.0108647017895 -0.0093835800796 0.00399343823706 0.0221763043217 0.00367139116928 -0.0300968536322 -0.0227507976909 
-0.0154773407975 0.01925416669 0.00630451767503 -0.00208272880492 0.0186268272452 0.0371008852523 0.231904331229 0.00121037839484 0.00691780281724 0.00841831054622 -0.00212727861721 0.0266315023858 0.0164291543713 0.0191759966049 -5.74099528261e-05 -0.00174418340971 -0.00113189921953 0.00709311825082 0.0188217851999 -0.0138429105021 0.0109502456136 0.0340461795295 0.016189843112 0.0294395956005 0.0184568803128 -0.00180980015813 0.0111223142243 0.0165705185045 0.0220888769487 -0.0162177477244 -0.0159503276482 0.0183596292024 0.0244200426519 0.0121561834435 0.00739349289403 0.00754735209526 0.0203646755335 0.0105982764651 0.0178448918497 0.0213830637589 0.00835153507295 -0.00841721812829 0.00623085252148 0.052308473442 0.0161638490015 0.00647568457842 0.0208311187763 0.0197481290669 0.0273500498018 0.00535528502278 
-0.000606331520885 0.016458003575 0.00298729139787 0.00672120851998 -0.00787090266808 -0.0033127390476 0.00121037839484 0.154260852498 0.0138802698286 0.00712297253852 0.0053463942397 -0.00576846428911 0.00416775997149 0.00730805933347 0.0272984349306 0.00443382999918 0.024973416049 0.0080304905491 0.00805702730194 -0.000896576653433 0.0110380388313 0.00886547511622 0.00109414221198 -5.50325064688e-05 0.0363641081744 0.0184957143165 0.0196229906918 -0.00906575805684 0.0122432026111 -0.00912801599307 0.00318553277739 0.00984498936496 0.0141411481751 -0.000670391132241 0.00701092188909 -0.0069853451938 0.00670946845013 0.00790661671005 0.00228311190471 -0.000146101586384 0.00145613350012 0.0126348550928 0.0152557841652 0.00400651633592 0.00363787707622 0.0106718279729 0.0215883621396 0.016713098178 -0.0131888952859 0.00675706005279 
0.0191292718747 0.0351072410135 0.00974274421406 0.0240577495598 0.0386082588971 0.0182255157717 0.00691780281724 0.0138802698286 0.14885828523 0.00524341767099 0.0139229591388 0.00696426107857 0.0236497690218 0.00633438362677 -0.00381315744382 0.0210384305653 0.00134168357783 0.0154394823728 0.0196058403291 0.0251363248549 0.0147161120053 0.00687246774388 0.0133994193217 0.0166714772175 0.00685189802433 0.0131489303108 -0.00293956869006 0.0476667318046 0.0197797280381 0.0374214048059 0.00795817499122 0.0117466297069 0.00659467573014 0.00875636914636 0.0148559236856 0.0237650394391 0.0190895721845 0.00813597721809 0.000559670652215 0.013527481832 0.0386927165984 -0.00125103896307 0.0239927873374 0.00831829611171 0.0092784346267 0.0230500672843 0.00856820284817 0.00799497772136 0.01749936722 0.0100168733873 
-0.00883459168045 0.0187754977526 -0.00962008296113 0.0391970816963 0.0220721575692 0.00306790978802 0.00841831054622 0.00712297253852 0.00524341767099 0.337766952119 0.0346621704028 0.0214978591223 0.0175721641343 0.0339663701799 0.0621891328469 0.0139007162152 0.0247947907279 0.0476414621362 0.00485877721717 0.0210024378185 0.0122943203121 0.0128867772797 0.00993630785238 0.0100412682773 0.0113770348253 0.00473217129243 -0.0148304837926 0.00944231302727 0.0137408478385 -0.00742083763342 0.0306680202555 0.0104005148579 0.00881020553006 0.0106751939042 0.0226169429079 0.0245308113085 0.0388045309395 0.0325513592591 0.0237412027896 0.0229372983308 0.0208399791748 0.00837812846843 0.0251241378865 0.00607717130809 0.00595643925622 -0.00348908966584 0.0975109811245 0.00616258539408 -0.0266964605308 -0.00657858179685 
-0.010790092712 0.0242434136004 0.0108990946785 0.00388374473721 0.0297437398054 0.0247708784569 -0.00212727861721 0.0053463942397 0.0139229591388 0.0346621704028 0.135042557864 0.000134019499877 0.0128740998202 0.00679748438865 0.00738710173694 0.0187564226391 -0.00273662821517 0.00509404778048 0.0263233176134 0.0169176661187 0.000702321789992 0.00249778048938 0.0123080884533 0.00675501036402 0.0199547464307 -0.00392197428881 0.0142781966914 0.00327736824067 0.00960989443578 0.00704242408488 0.012709337123 0.0162357396985 0.021223854129 0.0125452106071 0.0166725493141 0.00744949519786 0.00706015271755 0.0188081013727 0.00813954502894 0.0201581874336 0.0274321597331 0.0067316626152 0.0288137827096 0.0103163646093 0.0175844844781 0.0296632442617 0.0100963974224 -0.00357915177912 0.011389823449 -0.00239221763527 
-0.00273842918718 0.0189582958776 0.0236756029378 -0.00178113815749 0.000828267231989 -0.0154445582222 0.0266315023858 -0.00576846428911 0.00696426107857 0.0214978591223 0.000134019499876 0.239139006682 0.0144015412758 0.0134611539179 0.0242259627107 -0.00695410643753 0.0109443880863 0.0371357487535 0.0140716817265 -0.0110245356819 0.00273696578722 0.0155648707612 0.0389704387767 0.00351515157022 0.00674953854043 0.00172554861683 -0.000481718326755 -0.00772509227334 0.0253764282904 -0.013133342543 0.00916321404448 0.01240619542 0.029870122785 0.00726952579303 0.0220978489706 -0.020526946036 0.00665577740619 0.0275885459153 0.0282890453833 0.010503852055 0.00709990862366 0.0150835349123 0.00499103741636 -0.000192274320506 0.0263424132194 0.00113060213455 0.0115701604987 0.00443368960636 0.0109265875792 0.0104956152714 
0.0143553389176 0.0291981622223 0.0195661580091 0.00791742786075 0.0189314948629 0.0316159412037 0.0164291543713 0.00416775997149 0.0236497690218 0.0175721641343 0.0128740998202 0.0144015412758 0.161912338558 0.026016960964 0.0110604819246 0.0473563116817 0.00631664659242 0.00996481833026 0.0112646395537 0.0198493761618 0.0184506396004 0.00168328764715 0.0145102512979 0.0101045770947 0.0162204936397 0.0416303747617 0.0128762654705 0.0301273921635 0.0478285289642 0.0227362034489 0.00705663353119 0.0309012831812 0.0114532358002 0.0190239139554 0.017851532486 0.0167768550518 0.0170193265115 0.0209751972848 0.0127983524501 0.0323897122838 0.0145212153025 0.0202145197999 0.0092709261438 0.0182472590431 0.0364994851436 0.0276888446935 0.0228994179379 0.00688186488858 0.0111572767057 0.0204321569928 
0.0491469627017 0.0216440831542 0.0143700901756 0.0231572112061 0.0145588114735 0.0299793035317 0.0191759966049 0.00730805933347 0.00633438362677 0.0339663701799 0.00679748438865 0.0134611539179 0.026016960964 0.23028482379 0.0124185361526 0.00046431396675 0.0330311792155 0.0232563253791 0.0154642124927 0.00668815197041 0.0219560858968 0.0336450375625 0.00923675313346 0.0134994125763 0.0113723285363 0.0149438864026 0.0296710874401 0.00313775393325 0.027644122246 -0.00146920643811 0.0145810424678 0.0119552132883 0.0216487487947 0.0376689709304 0.0372123021575 0.0178510825242 0.0285692792821 0.0682098989504 0.00821440151131 0.0262146011367 0.0206730396243 0.0156718239071 0.0587708310453 0.00792222427157 0.0125858263759 0.0233303958664 0.00554036583452 0.0321555906829 -0.00436320505621 0.00652953692517 
0.0361164835466 0.0151010429527 0.00633237252002 0.0301995760172 -0.00418233598955 0.0017785043219 -5.74099528255e-05 0.0272984349306 -0.00381315744382 0.0621891328469 0.00738710173695 0.0242259627107 0.0110604819246 0.0124185361526 0.427608761784 0.00632582779803 0.0566604390448 0.0212039839196 -0.00277489773281 0.0164749631136 0.0307768860021 0.0127628356006 -0.00492472861258 -0.0325538644895 -0.00170392500452 0.0112956251529 0.00856430515091 0.0340479594643 0.0286338918939 0.0186686896404 0.00231582048981 0.00142989140352 0.0104589453223 0.00324964808831 -0.000166008547169 0.00831729679504 0.0212704290278 0.0189979924188 0.0593743815596 0.0278406921671 0.00856747305877 0.0183961661717 0.0325734319364 -0.0208129615666 0.0223500689686 -0.0227041291896 0.0306189405337 0.00731078296081 0.0357134869374 0.0342756726298 
0.000420934322104 0.0480376047827 0.0110083747485 0.00437631130423 0.0180980024397 -0.00774028045254 -0.00174418340972 0.00443382999918 0.0210384305653 0.0139007162152 0.0187564226391 -0.00695410643753 0.0473563116817 0.00046431396675 0.00632582779803 0.598351041861 -0.011388044241 0.0209681220222 0.0047892452378 -0.00453978098293 -0.0139339957523 0.00324014509728 0.0139584902366 -0.00752184570466 0.0300971299295 0.0841279390904 -0.0318221495663 -0.0466176360254 0.0334376515171 0.0350355675928 0.0666461670011 -0.00246454359061 0.009778163406 -0.0186214417867 0.00322320834547 0.088306478342 0.0187260613032 0.0092457441092 0.00566711155894 -0.0054363239175 -0.00178444089708 0.0182118798483 0.00831306331852 0.0299287735865 0.0756407840791 0.00988479779155 0.0380817518736 0.00466413406744 -9.35464074913e-05 0.00811059957632 
0.00762846020951 0.0239127392831 0.00626934234569 0.00751429871993 -0.0034968918243 -0.0116621857834 -0.00113189921953 0.024973416049 0.00134168357783 0.0247947907279 -0.00273662821517 0.0109443880863 0.00631664659242 0.0330311792155 0.0566604390448 -0.011388044241 0.729781051879 -0.0139639884064 -0.0284950342218 0.00418489890342 0.0165821840922 0.0073526672399 0.00179902420767 0.0297340669013 0.00686563696101 0.0365207334796 0.00834134696434 7.78209793027e-05 0.000455693897051 0.00551416164703 -0.00386808990342 -0.000621997215874 0.0320913348783 0.011020750523 0.0263977997316 0.0110312242393 0.00672866618725 0.00378641083299 0.0281287608878 0.00758972575686 0.00297624194803 0.00494378378435 0.0469102180026 -0.000327039257559 0.0445031702796 -0.0156905613001 0.100042812493 0.00413878617443 0.0531921112702 0.0337232973124 
0.0336623842907 0.0263418663242 -0.00513099711842 0.0174753335778 -0.0159686529772 -0.0063722302377 0.00709311825082 0.0080304905491 0.0154394823728 0.0476414621362 0.00509404778048 0.0371357487535 0.00996481833026 0.0232563253791 0.0212039839196 0.0209681220222 -0.0139639884064 0.308110245889 0.00516695236734 -0.0160912589938 -0.0177215736169 0.0156170993949 0.00806731372508 0.0156355356575 0.00541753380129 -0.000162180646227 -0.00292413979642 -0.00524299047154 0.0121198799718 -0.00820144000166 -0.0170936076231 0.0238448546954 0.0305381335865 0.0224991763777 0.00953494185734 -0.0148477511928 -0.00245492832906 0.0119645095262 -0.0115560707865 0.0255814468289 0.00971797702683 -0.00107485021261 0.0116664473208 -0.00280421614926 -0.0114979287181 -0.00532398978712 -0.0416140108878 0.0111689629607 -0.00211016342039 -0.00122465796296 
-3.74207222214e-05 0.0232306645049 0.015389312546 0.0256467415649 0.0727255547529 0.0301807088612 0.0188217851999 0.00805702730195 0.0196058403291 0.00485877721717 0.0263233176134 0.0140716817265 0.0112646395537 0.0154642124927 -0.00277489773281 0.0047892452378 -0.0284950342218 0.00516695236734 0.617600535973 0.0340355260524 -0.0186441576242 0.0118098135214 0.013823283868 0.0349074456296 0.034832074186 0.00792224399559 0.152498768746 0.0371704175222 0.0182806953135 0.0493144735544 0.0197662831958 0.0228415966394 0.0169482283136 0.0119484300825 0.0276694689833 0.0169136195486 0.0116539603676 0.0275998434434 0.0145775835296 0.00744428221011 0.0277715572412 -0.00369107309375 -0.01993129521 0.00782332123424 0.0314558078579 -0.0129217615738 0.0123359017811 0.0102020667896 0.20362618438 0.0119606395029 
0.00659017574536 0.0185488194898 0.0146223458026 0.0189494967047 -0.00472110598609 0.0268874402924 -0.0138429105021 -0.000896576653434 0.0251363248549 0.0210024378185 0.0169176661187 -0.0110245356818 0.0198493761618 0.00668815197041 0.0164749631136 -0.00453978098293 0.00418489890342 -0.0160912589938 0.0340355260524 0.171555593654 0.0173755125154 -0.00496589836926 0.0187296490629 0.00239175356796 0.00319802243838 0.00970734481827 0.01225111286 -0.00691721071991 0.0182265307446 0.0117890991618 0.020299349103 0.0298646543179 0.00794771843982 0.01070593257 0.00552673510139 -0.00361054735321 0.00955023545275 0.0125787510824 0.0200691127843 0.0293670613634 0.0159473982901 0.00482264697338 0.0236980107533 0.0144577012756 0.0235267973401 0.0161916097009 -0.00909726593929 0.0126894916541 0.0347572776783 -0.0110050100331 
0.01523980551 0.0152085952216 -0.000988169124872 -0.0137471436219 -0.00451645568296 0.0138023381699 0.0109502456136 0.0110380388313 0.0147161120053 0.0122943203121 0.000702321789992 0.00273696578722 0.0184506396004 0.0219560858968 0.0307768860021 -0.0139339957523 0.0165821840922 -0.0177215736169 -0.0186441576242 0.0173755125154 0.251811113496 -0.0110836977523 0.00309879945928 -0.00381602795834 0.0106118121878 0.00503386041715 -0.000612380728471 -0.0146754768662 0.00808987205618 0.00772888858843 -0.0134982961973 0.0241471710948 0.0078704143127 0.00435500018085 0.00643065172879 -0.00280792830258 0.0134686020348 0.0249754074288 0.0209187376783 0.0315805622495 0.00702951134846 1.04398407407e-05 0.0272601880469 0.0011280163301 0.0219534602871 0.0128268432583 0.0144801824038 0.0103782141158 -0.0057593226286 0.00558170846321 
-0.00789722614734 0.0050213379244 0.0174450493562 0.0206555602398 0.00615371389139 0.00441285825643 0.0340461795295 0.00886547511622 0.00687246774388 0.0128867772797 0.00249778048938 0.0155648707612 0.00168328764715 0.0336450375625 0.0127628356006 0.00324014509728 0.0073526672399 0.0156170993949 0.0118098135214 -0.00496589836926 -0.0110836977523 0.172578397228 0.0187472485294 0.00403321396865 -0.00597368981291 0.0117125376209 0.0134715221653 -0.00347227843197 0.00143670428084 0.00571447869746 0.00984038475425 -0.000553692032968 -0.0102398051926 -0.00852206200113 0.0175502556006 0.00589206462827 0.00558231205818 0.00984676815567 0.00231706891901 -0.0018155474085 -0.0115169332546 -0.0052385110275 0.00578185223091 0.00806733380095 0.0198387480563 0.00414447735632 0.0191006755875 0.00689639337417 -0.00861484646088 0.00807125810177 
0.0217185992436 0.0276169328429 -0.000168720595158 0.00796945151013 -0.0150658365919 -0.00173630696005 0.016189843112 0.00109414221199 0.0133994193217 0.00993630785238 0.0123080884533 0.0389704387767 0.0145102512979 0.00923675313346 -0.00492472861258 0.0139584902366 0.00179902420767 0.00806731372508 0.013823283868 0.0187296490629 0.00309879945928 0.0187472485294 0.180574389231 0.0299045017605 -0.000881715161235 0.0184273391468 0.0373814269991 -0.0119552826678 0.0310430425062 0.00984507832952 0.00886206075929 0.021966070766 0.0154472562264 0.022482010453 0.0197551247569 0.0198372598228 0.0196245777439 0.00168109931648 0.0181021108607 0.0253998595872 0.00182933260805 0.00509800298175 -0.0117260234622 0.0269732960758 0.0134215222103 0.0228643440879 0.0308234685469 -0.0083615024831 -0.0137667955776 0.0290783642939 
0.0114212765979 0.0148211117082 0.0057343530885 0.00544355116164 0.155491073545 0.0178092919504 0.0294395956005 -5.50325064688e-05 0.0166714772175 0.0100412682773 0.00675501036402 0.00351515157022 0.0101045770947 0.0134994125763 -0.0325538644895 -0.00752184570466 0.0297340669013 0.0156355356575 0.0349074456296 0.00239175356796 -0.00381602795834 0.00403321396865 0.0299045017605 0.519340697424 0.0189652252176 0.00537021656004 0.041331316984 0.0384471803353 0.0155942736978 0.0405207362515 -0.0135629565143 0.00782803104218 -0.00872197550281 0.0096958975485 -0.000557324530995 0.0370677705864 0.0025136820528 0.0234887125111 -0.00829307941462 0.0173410074971 0.00160620953421 0.0127489361696 0.0445167355837 -0.00369892413628 0.00834463594261 -0.0207353922741 -0.0367172749509 0.0218368897675 -0.0232987957508 0.00145636880652 
0.0165313541586 0.0270740954267 -0.00128923682714 0.00627173380872 0.0311047297014 0.0280639845513 0.0184568803128 0.0363641081744 0.00685189802433 0.0113770348253 0.0199547464307 0.00674953854043 0.0162204936397 0.0113723285363 -0.00170392500452 0.0300971299295 0.00686563696101 0.00541753380129 0.034832074186 0.00319802243838 0.0106118121878 -0.00597368981291 -0.000881715161235 0.0189652252176 0.260484405101 0.00404658379753 0.0181404536844 0.0108966516786 0.021821059974 0.00272810659103 -0.00603344366978 0.0027504155544 0.0167615878547 0.0229674170573 0.00461350689852 0.014056796176 0.0164768294062 0.00694724354855 0.0379895104072 0.0128722181727 0.0385431280653 0.00726486407049 0.0457728106151 -0.0110779347615 0.017124624413 0.00723646320086 0.0401569891158 0.0128516982417 0.00886089198839 0.0499886018075 
-0.00433562149455 -0.000383643042617 0.00784322604285 0.0313963365833 -0.00950201267373 0.0211769144229 -0.00180980015813 0.0184957143165 0.0131489303108 0.00473217129243 -0.00392197428881 0.00172554861683 0.0416303747617 0.0149438864026 0.0112956251529 0.0841279390904 0.0365207334796 -0.000162180646227 0.00792224399559 0.00970734481827 0.00503386041715 0.0117125376209 0.0184273391468 0.00537021656004 0.00404658379753 0.308096134046 0.0528103821013 0.00195404035768 0.0128054660136 -0.00725562559985 -0.00245357821658 -0.00764732972532 0.0154071909718 -0.00689098489683 0.0227240706378 0.0239696505668 -0.00893668262485 -0.0221748153088 -0.000296182896635 0.00615212188791 -0.00783085419531 -0.00797474118273 0.00983908128509 -0.00718545526706 0.103474602394 -0.00748370199721 0.0076126767203 0.00387909250537 -0.00033898113062 0.0175694533368 
-0.0132236475889 0.0136394203046 0.0142343364847 0.02280744772 0.0443267037557 0.00445088720253 0.0111223142243 0.0196229906918 -0.00293956869006 -0.0148304837926 0.0142781966914 -0.000481718326755 0.0128762654705 0.0296710874401 0.00856430515091 -0.0318221495663 0.00834134696434 -0.00292413979642 0.152498768746 0.01225111286 -0.000612380728471 0.0134715221653 0.0373814269991 0.041331316984 0.0181404536844 0.0528103821013 0.575469309703 0.038176553081 0.0190149669233 0.0587291675899 -0.0176400157471 0.00745794101858 0.0205732426462 0.0108925548535 0.00746665398196 0.0226446202682 0.0320131577233 0.0361130931175 0.0150172255024 0.0133109015614 0.00255618652556 0.0176629924025 0.00659495668333 -0.026221357081 0.0437094489895 0.0312009247128 0.101602677443 0.00872838813105 0.128818455663 0.0130818771567 
0.0269862709674 0.0394324883842 0.0203135304204 0.0115043732822 0.0944536706229 0.030961128211 0.0165705185045 -0.00906575805684 0.0476667318046 0.00944231302727 0.00327736824067 -0.00772509227334 0.0301273921635 0.00313775393325 0.0340479594643 -0.0466176360254 7.78209793023e-05 -0.00524299047154 0.0371704175222 -0.00691721071991 -0.0146754768662 -0.00347227843197 -0.0119552826678 0.0384471803353 0.0108966516786 0.00195404035768 0.038176553081 0.549873236154 0.0367888344653 0.0585082841958 0.0129917632662 0.021188933044 0.00449528272813 0.0126979472305 0.00748308272178 0.0263252347196 0.0235366241745 0.0165665699431 -0.00323004151481 0.00733665613041 0.0122626017171 -0.00143214162256 0.013712029391 -0.0119667322328 -0.0113170077674 0.00753643497865 0.0338299076539 -0.00201920294777 0.00399995796035 -0.0111058964599 
0.00730803449048 0.0302675543632 0.00530464116404 0.0289669055852 0.0148074515503 0.0262461288451 0.0220888769487 0.0122432026111 0.0197797280381 0.0137408478385 0.00960989443578 0.0253764282904 0.0478285289642 0.027644122246 0.0286338918939 0.0334376515171 0.000455693897051 0.0121198799718 0.0182806953135 0.0182265307446 0.00808987205618 0.00143670428084 0.0310430425062 0.0155942736978 0.021821059974 0.0128054660136 0.0190149669233 0.0367888344653 0.258591232671 0.00905341682214 0.0127667057008 0.0274764330611 0.00283922038674 0.012778936484 0.0234860638462 0.00673906311363 0.00683545459483 0.00754320993557 0.016420397472 0.0283649653429 0.0220794777415 0.00714360941521 0.0234621079308 0.00844562695496 0.0289494706328 0.00870394821588 0.00972629359959 0.0173250374758 -0.00103842293383 0.018722174804 
0.00969115784525 0.0410033106525 0.00949259124765 0.00558009878717 0.185541210582 0.0273181118575 -0.0162177477244 -0.00912801599307 0.0374214048059 -0.00742083763342 0.00704242408488 -0.013133342543 0.0227362034489 -0.00146920643811 0.0186686896404 0.0350355675928 0.00551416164703 -0.00820144000166 0.0493144735544 0.0117890991618 0.00772888858843 0.00571447869746 0.00984507832952 0.0405207362515 0.00272810659103 -0.00725562559985 0.0587291675899 0.0585082841958 0.00905341682214 0.318452728531 0.00234709639543 -0.0169490387458 -0.0186297629183 -0.0199284637221 0.0023962602325 0.116769183303 0.00706984063789 0.0451312491608 0.0132035674333 0.00417687828201 0.0315807272537 -0.00174016242048 0.0190389190264 -0.000119838727667 0.0258533792832 0.0247504104128 -0.00727224182411 0.00272807740178 -0.0305476906124 0.00462416535332 
0.00696793174187 0.00240740122143 0.0196696735518 0.00688888871271 -0.00494936716985 0.0300959467575 -0.0159503276482 0.00318553277739 0.00795817499122 0.0306680202555 0.012709337123 0.00916321404447 0.00705663353119 0.0145810424678 0.00231582048981 0.0666461670011 -0.00386808990342 -0.0170936076231 0.0197662831958 0.020299349103 -0.0134982961973 0.00984038475425 0.00886206075929 -0.0135629565143 -0.00603344366978 -0.00245357821658 -0.0176400157471 0.0129917632662 0.0127667057008 0.00234709639543 0.313053762834 0.0024669866898 0.00347298421199 0.00828784753629 0.0372327303725 0.000539718613992 0.00787039497769 0.0138166073187 0.00570466194688 0.000275731698897 0.012808578271 0.0109545050551 0.00766552827361 0.0198886248814 0.0259838672198 0.0332797756165 0.0597497621885 -0.00230650601318 0.0373105896397 -0.0147573860518 
0.0162929304179 0.0392500734684 0.0165301422305 0.00049765194958 0.0023646978667 0.00551675071999 0.0183596292024 0.00984498936496 0.0117466297069 0.0104005148579 0.0162357396985 0.01240619542 0.0309012831812 0.0119552132883 0.00142989140352 -0.00246454359061 -0.000621997215874 0.0238448546954 0.0228415966394 0.0298646543179 0.0241471710948 -0.000553692032968 0.021966070766 0.00782803104218 0.0027504155544 -0.00764732972532 0.00745794101858 0.021188933044 0.0274764330611 -0.0169490387458 0.0024669866898 0.171715788557 0.0186513970276 0.0363964400854 0.0177710921596 0.00550972895422 0.0120508133162 0.0273973616774 0.0096153670873 0.0685743214481 0.00800718656608 0.00570467778424 0.00627930750849 0.00815981510014 0.01164880584 0.022462031265 -0.00253559843632 0.0262122111745 -0.000625497630501 -0.000739012410871 
0.0208698779578 0.0265776752035 0.0115581317963 0.00609738700959 -0.0123949009839 0.0165304471996 0.0244200426519 0.0141411481751 0.00659467573014 0.00881020553006 0.021223854129 0.029870122785 0.0114532358002 0.0216487487947 0.0104589453223 0.009778163406 0.0320913348783 0.0305381335865 0.0169482283136 0.00794771843982 0.0078704143127 -0.0102398051926 0.0154472562264 -0.00872197550281 0.0167615878547 0.0154071909718 0.0205732426462 0.00449528272813 0.00283922038674 -0.0186297629183 0.00347298421199 0.0186513970276 0.23219463577 0.0251289403885 0.0110132522759 -0.0137976218603 0.0105646428172 0.0340547576361 0.00657954567382 0.0116083964981 0.0181189223844 0.0203770325099 0.0267299680599 0.0304000563422 0.0124718963079 0.00556333930797 0.0111192299174 -0.00139772071362 -0.00588537952498 -0.00425424077821 
0.0238063956009 0.031529098805 0.00411440928499 0.0156519199617 -0.00517241051606 0.00124621403714 0.0121561834435 -0.00067039113224 0.00875636914636 0.0106751939042 0.0125452106071 0.00726952579303 0.0190239139554 0.0376689709304 0.00324964808831 -0.0186214417867 0.011020750523 0.0224991763777 0.0119484300825 0.01070593257 0.00435500018084 -0.00852206200113 0.022482010453 0.0096958975485 0.0229674170573 -0.00689098489683 0.0108925548535 0.0126979472305 0.012778936484 -0.0199284637221 0.00828784753629 0.0363964400854 0.0251289403885 0.143929995625 0.0232411869556 0.0128263808595 -0.00309346968743 0.023255028347 0.0325974622346 0.0499217029955 0.021890984616 0.0237692157849 0.0215898256014 0.0110758673425 -0.00484437335114 0.0232982782719 0.026246360103 0.0224339164294 0.00338011627182 0.00141582905862 
0.0231951872446 0.0157527197517 0.0110426944121 0.0141562745931 0.00787013242171 0.0191681654088 0.00739349289403 0.00701092188909 0.0148559236856 0.0226169429079 0.0166725493141 0.0220978489706 0.017851532486 0.0372123021575 -0.000166008547169 0.00322320834547 0.0263977997316 0.00953494185734 0.0276694689833 0.00552673510139 0.00643065172879 0.0175502556006 0.0197551247569 -0.000557324530995 0.00461350689852 0.0227240706378 0.00746665398196 0.00748308272178 0.0234860638462 0.0023962602325 0.0372327303725 0.0177710921596 0.0110132522759 0.0232411869556 0.147749634799 0.0107307056207 0.00771162191208 0.0275336270951 0.0122854441833 0.0316784665261 0.0204321573739 0.0157141308126 -0.00323070032473 0.0110381099031 0.00963925223623 0.0245518444861 0.0155985855712 0.0194681799376 0.00251698537161 0.0103393148497 
0.016291847767 0.0408684086603 0.00148379067595 0.00543928574836 0.16206889486 0.0209981692599 0.00754735209526 -0.0069853451938 0.0237650394391 0.0245308113085 0.00744949519786 -0.020526946036 0.0167768550518 0.0178510825242 0.00831729679504 0.088306478342 0.0110312242393 -0.0148477511928 0.0169136195486 -0.00361054735321 -0.00280792830258 0.00589206462827 0.0198372598228 0.0370677705864 0.014056796176 0.0239696505668 0.0226446202682 0.0263252347196 0.00673906311363 0.116769183303 0.000539718613993 0.00550972895422 -0.0137976218603 0.0128263808595 0.0107307056207 0.471535479481 0.00739054280592 0.0431903417636 0.0138718622001 0.0168868045014 0.011854067199 0.000602846753351 0.03738750221 0.019821792239 0.0473243032938 0.013554360388 0.0261054354518 0.00324841203502 -0.0333536211848 -0.0200921882785 
0.00820439796797 0.0208871117944 0.0141564936344 -0.00628444982285 0.0282384115122 -0.0026444117297 0.0203646755335 0.00670946845013 0.0190895721845 0.0388045309395 0.00706015271755 0.00665577740619 0.0170193265115 0.0285692792821 0.0212704290278 0.0187260613032 0.00672866618725 -0.00245492832906 0.0116539603676 0.00955023545275 0.0134686020348 0.00558231205818 0.0196245777439 0.0025136820528 0.0164768294062 -0.00893668262484 0.0320131577233 0.0235366241745 0.00683545459483 0.00706984063788 0.00787039497769 0.0120508133162 0.0105646428172 -0.00309346968743 0.00771162191208 0.00739054280592 0.194345487399 0.017453811769 0.0150132915103 0.0192981424243 0.0131985724493 -0.00374245554803 0.0418851017095 0.0192626346978 0.009923736726 -0.00222851629906 -0.00356961703238 -0.00411455077575 0.00552905462529 0.0261183007892 
-0.00423206358443 0.0347211682749 -0.00191583991501 0.009832966722 0.0543882465956 0.0440507982496 0.0105982764651 0.00790661671005 0.00813597721809 0.0325513592591 0.0188081013727 0.0275885459153 0.0209751972848 0.0682098989504 0.0189979924188 0.0092457441092 0.00378641083299 0.0119645095262 0.0275998434434 0.0125787510824 0.0249754074288 0.00984676815567 0.00168109931648 0.0234887125111 0.00694724354855 -0.0221748153088 0.0361130931175 0.0165665699431 0.00754320993557 0.0451312491608 0.0138166073187 0.0273973616774 0.0340547576361 0.023255028347 0.0275336270951 0.0431903417636 0.017453811769 0.421123577988 0.0205980757077 0.0172073584162 0.0801788128493 0.0238524741187 0.128709306524 0.0170818904443 -0.0253604783167 0.055599145718 0.00558531382689 0.018128443276 0.0204027757059 0.00302695169687 
0.0109939727523 0.0101393040011 0.0156721194677 -0.0044097550697 -0.00730442126283 0.00952719311125 0.0178448918497 0.00228311190471 0.000559670652215 0.0237412027896 0.00813954502894 0.0282890453833 0.0127983524501 0.00821440151131 0.0593743815596 0.00566711155894 0.0281287608878 -0.0115560707865 0.0145775835296 0.0200691127843 0.0209187376783 0.00231706891901 0.0181021108607 -0.00829307941462 0.0379895104072 -0.000296182896635 0.0150172255024 -0.00323004151481 0.016420397472 0.0132035674333 0.00570466194688 0.0096153670873 0.00657954567382 0.0325974622346 0.0122854441833 0.0138718622001 0.0150132915103 0.0205980757077 0.358796775328 0.0252562052083 0.0334869495644 0.0146178646136 -0.00467442134574 0.0228348247393 0.0142608182036 0.0117292084577 0.0671965868716 0.000828159510366 -0.0111772974602 0.0566660466247 
0.0172328594096 0.0391057927672 0.0293342022704 0.00429051247278 0.0136576603986 0.0145786269878 0.0213830637589 -0.000146101586385 0.013527481832 0.0229372983308 0.0201581874336 0.010503852055 0.0323897122838 0.0262146011367 0.0278406921671 -0.0054363239175 0.00758972575686 0.0255814468289 0.00744428221011 0.0293670613634 0.0315805622495 -0.0018155474085 0.0253998595872 0.0173410074971 0.0128722181727 0.00615212188791 0.0133109015614 0.00733665613041 0.0283649653429 0.00417687828201 0.000275731698896 0.0685743214481 0.0116083964981 0.0499217029955 0.0316784665261 0.0168868045014 0.0192981424243 0.0172073584162 0.0252562052083 0.153964287934 0.0173426304282 0.00809048664827 0.0233382533778 0.0187321383747 0.0228236901886 0.0212285373548 0.00210558699053 0.0194371743721 0.0048904083172 0.0118328092661 
0.0145931517391 0.0325335389326 0.00848926692136 0.00990046639908 0.0181378302506 0.0295769431781 0.00835153507295 0.00145613350012 0.0386927165984 0.0208399791748 0.0274321597331 0.00709990862366 0.0145212153025 0.0206730396243 0.00856747305877 -0.00178444089708 0.00297624194803 0.00971797702683 0.0277715572412 0.0159473982901 0.00702951134845 -0.0115169332546 0.00182933260805 0.00160620953421 0.0385431280653 -0.00783085419531 0.00255618652556 0.0122626017171 0.0220794777415 0.0315807272537 0.012808578271 0.00800718656608 0.0181189223844 0.021890984616 0.0204321573739 0.011854067199 0.0131985724493 0.0801788128493 0.0334869495644 0.0173426304282 0.199467879931 0.0167328575945 0.0555924639241 0.00951284747328 0.00741635380404 0.0384680408018 0.0315372353513 0.00568991589167 0.0184677731472 0.0267686276557 
0.0202851290622 0.0154743632025 0.0108000533896 0.0147846053185 0.00593374437634 -0.00111342796287 -0.00841721812829 0.0126348550928 -0.00125103896307 0.00837812846843 0.0067316626152 0.0150835349123 0.0202145197999 0.0156718239071 0.0183961661717 0.0182118798483 0.00494378378435 -0.00107485021261 -0.00369107309375 0.00482264697338 1.04398407413e-05 -0.0052385110275 0.00509800298175 0.0127489361696 0.00726486407049 -0.00797474118273 0.0176629924025 -0.00143214162256 0.00714360941521 -0.00174016242048 0.0109545050551 0.00570467778424 0.0203770325099 0.0237692157849 0.0157141308126 0.000602846753351 -0.00374245554803 0.0238524741187 0.0146178646136 0.00809048664827 0.0167328575945 0.160509181071 0.000963581400083 0.0152950076364 -0.00264426430119 0.0204666455841 -0.00846984087686 -0.000161135062167 -0.00721893114626 0.0105874670913 
0.0221510901497 0.0314112684493 -0.00158160840797 0.0484523061833 0.0103627464406 0.00599584218643 0.00623085252148 0.0152557841652 0.0239927873374 0.0251241378865 0.0288137827096 0.00499103741636 0.0092709261438 0.0587708310453 0.0325734319364 0.00831306331852 0.0469102180026 0.0116664473208 -0.01993129521 0.0236980107533 0.0272601880469 0.0057818522309 -0.0117260234622 0.0445167355837 0.0457728106151 0.00983908128509 0.00659495668333 0.013712029391 0.0234621079308 0.0190389190264 0.00766552827361 0.00627930750849 0.0267299680599 0.0215898256014 -0.00323070032473 0.03738750221 0.0418851017095 0.128709306524 -0.00467442134574 0.0233382533778 0.0555924639241 0.000963581400083 0.605404480937 0.00772109875638 0.00477938976027 0.0200916261107 0.0494184884399 0.0290100105346 -0.00712273641109 0.0124113575584 
0.00122180306143 -0.00799375493795 0.00899366231448 0.00979215799811 -0.0020496706103 -0.0108647017895 0.052308473442 0.00400651633592 0.00831829611171 0.00607717130809 0.0103163646093 -0.000192274320507 0.0182472590431 0.00792222427157 -0.0208129615666 0.0299287735865 -0.000327039257559 -0.00280421614926 0.00782332123424 0.0144577012756 0.0011280163301 0.00806733380095 0.0269732960758 -0.00369892413628 -0.0110779347615 -0.00718545526706 -0.026221357081 -0.0119667322328 0.00844562695496 -0.000119838727667 0.0198886248814 0.00815981510014 0.0304000563422 0.0110758673425 0.0110381099031 0.019821792239 0.0192626346978 0.0170818904443 0.0228348247393 0.0187321383747 0.00951284747328 0.0152950076364 0.00772109875638 0.227788946706 0.0160365014533 -0.00825540794508 0.0171847658983 -0.00412036659908 0.0259940682615 -0.0102247428691 
0.00230258732392 0.00495962864835 -0.00289205995992 0.0104914601672 0.0226279494178 -0.0093835800796 0.0161638490015 0.00363787707622 0.0092784346267 0.00595643925622 0.0175844844781 0.0263424132194 0.0364994851436 0.0125858263759 0.0223500689686 0.0756407840791 0.0445031702796 -0.0114979287181 0.0314558078579 0.0235267973401 0.0219534602871 0.0198387480563 0.0134215222103 0.00834463594261 0.017124624413 0.103474602394 0.0437094489895 -0.0113170077674 0.0289494706328 0.0258533792832 0.0259838672198 0.01164880584 0.0124718963079 -0.00484437335114 0.00963925223623 0.0473243032938 0.009923736726 -0.0253604783167 0.0142608182036 0.0228236901886 0.00741635380404 -0.00264426430119 0.00477938976027 0.0160365014533 0.288356888979 0.0164274076328 0.0683618359132 0.00351267895433 0.0922725412223 0.0190933818813 
0.0097293653683 0.0412371550576 0.0111406445478 0.0244041300836 -0.0041220899379 0.00399343823706 0.00647568457842 0.0106718279729 0.0230500672843 -0.00348908966584 0.0296632442617 0.00113060213456 0.0276888446935 0.0233303958664 -0.0227041291896 0.00988479779155 -0.0156905613001 -0.00532398978712 -0.0129217615738 0.0161916097009 0.0128268432583 0.00414447735632 0.0228643440879 -0.0207353922741 0.00723646320086 -0.00748370199721 0.0312009247128 0.00753643497865 0.00870394821588 0.0247504104128 0.0332797756165 0.022462031265 0.00556333930797 0.0232982782719 0.0245518444861 0.013554360388 -0.00222851629906 0.055599145718 0.0117292084577 0.0212285373548 0.0384680408018 0.0204666455841 0.0200916261107 -0.00825540794508 0.0164274076328 0.343851143383 0.0652097101442 0.00743685707063 -0.0562925788087 -0.00667583305697 
0.00658049442506 0.0123820067519 -0.000907212129155 0.0278728656416 0.0430460467426 0.0221763043217 0.0208311187763 0.0215883621396 0.00856820284817 0.0975109811245 0.0100963974224 0.0115701604987 0.0228994179379 0.00554036583452 0.0306189405337 0.0380817518736 0.100042812493 -0.0416140108878 0.0123359017811 -0.00909726593929 0.0144801824038 0.0191006755875 0.0308234685469 -0.0367172749509 0.0401569891158 0.0076126767203 0.101602677443 0.0338299076539 0.00972629359959 -0.00727224182411 0.0597497621885 -0.00253559843632 0.0111192299174 0.026246360103 0.0155985855712 0.0261054354518 -0.00356961703238 0.00558531382689 0.0671965868716 0.00210558699053 0.0315372353513 -0.00846984087686 0.0494184884399 0.0171847658983 0.0683618359132 0.0652097101442 1.00039689093 0.0221851585258 0.0828414817394 0.0443713395289 
