60
0.0449819155318 0.0422457423554 0.0170913584406 0.424855775916 -0.0142899737039 0.0791171504464 0.165275344352 0.168192385625 0.133040507733 0.0444205393046 0.0189508527873 0.00496789573306 0.00792878112812 0.0584521455196 0.0963264580192 0.148588071013 0.00642009941462 0.0669670800901 0.022553065058 0.0998681056981 0.0300764430792 0.0493870590102 0.0498631258667 0.099400173405 0.0160922749751 0.0716337087719 0.357744060202 0.13534553156 0.0566217234647 0.0347685991573 0.128291051585 0.12825177486 0.125840316239 0.0623269012124 0.0292815331214 0.0358419118375 0.0038222736377 0.0607700526619 0.0358059899839 0.0511719962834 0.080702843163 0.035272852014 0.00154943769328 0.0289140833203 0.20394989535 0.13588321519 0.0994766710856 0.10431458653 0.16701162673 0.155431064381 0.0321720089654 0.0824662750087 0.1366928931 0.100072423231 0.109746753301 0.0451759103614 0.134016582451 0.00265371642944 0.0370780174455 0.0408230851415 
0.195505668534 0.0262261713094 0.0393090997274 -0.00244068453431 0.0141749841926 0.0247816481582 -0.00108094642444 0.0182420961862 0.0104441223725 0.0214194549575 -0.00628394222711 0.00911907879766 0.0391700852203 0.0156539641544 0.0150840323836 0.0327020621141 0.00853554417778 0.0286365747563 0.0252709449705 0.0210262174272 0.0297944413124 0.0264042057096 0.0349571280779 0.0101303355843 -0.00504132977775 0.0158938190817 -0.0234036494042 0.0258339563705 0.0381914057668 0.0149573821477 0.00573465868547 0.0321826200524 0.00684464251507 0.0226545515599 0.0194257474972 0.016928066234 0.0194216413792 0.0325321827944 0.0228157226046 0.0257049812284 -0.00505536613736 0.0161203628227 0.012505372047 -0.00321618944966 0.00767763212273 0.0579725274704 0.00948751114321 0.00748291059537 -0.00480725340774 0.0150252254253 0.0183472410194 0.000324721010939 0.0149630063758 -0.00389909268044 0.0133471176631 -0.00248004448455 0.0543002189541 0.00946192921762 0.0386785941789 0.0183339119488 
0.0262261713094 0.175436604722 0.0148435062645 -0.0111832273257 0.00481840082026 0.0050602436471 -0.00911598703323 0.0251131049245 0.00880829315391 0.0242233239677 0.0161386994706 0.0161973745443 0.00650650354608 0.00478867123304 0.0081002528752 0.0109593890521 0.0011057875992 -0.000860492525873 0.00557647021698 0.00505164794203 0.0194676071973 0.0141888316842 0.0156512052208 0.0225575667791 0.00471895068334 0.0171844206854 -0.00785325500193 0.0226132747687 0.0268061254811 -0.0109189504161 0.0139262026851 -0.00809248204977 0.0120012075809 0.00415722364462 0.00271380994459 0.0332328568313 -0.00514396559089 0.0164197558831 0.0150559018004 0.0364430241953 -0.00206404321252 0.0208722368619 0.0121587581721 0.01658715007 0.0324961430562 0.0194605954469 0.0161068056948 0.027932386752 0.0170941270916 0.0485155477755 0.0120756763927 0.00662571889684 0.000303636655802 -0.0070650493031 0.0235414273161 0.00742547607199 -0.0077548651655 0.0141939745687 0.00391106129116 0.0090581865253 
0.0393090997274 0.0148435062645 0.209966647606 0.0200342967572 0.0217921873877 0.0327351155826 0.0156596136777 0.0189904602343 0.016350944484 0.0238580283048 -0.0131349400236 0.0107184227376 0.00913000424612 0.014750869325 0.0214017041758 0.0421923053707 0.0256067373265 0.0258789388968 0.0163071936936 0.0207977272175 0.0298144786352 0.0089647409618 0.0213513925901 0.0113470879613 0.00598972039949 0.00541946416212 -0.00758966213522 0.0339374093527 0.0493824764174 0.00953320948979 0.0101884309279 0.0143877382206 0.00465936220798 0.0193084216636 0.0223053873854 0.00499703273299 0.0389742673925 0.0199553789545 0.0124893104139 0.00738570359532 0.00492238132348 0.0142822980831 0.0121011738561 0.011252768131 -0.0059046038919 0.0245827376412 0.0160639913006 0.0278868464889 0.0101057575588 0.0142400688488 0.0159100886519 0.00797797683482 0.00903725508383 -0.0168826555681 -0.00983583711544 0.00854766898644 0.0185324740357 0.0190918880125 0.0256094908606 0.0383745157228 
-0.00244068453431 -0.0111832273257 0.0200342967572 3.74804496657 0.0412029066803 -0.0175020183592 -0.0150969459994 0.0275250640515 -0.0446252155761 -0.0116024884883 0.0167554287266 0.00815408111977 0.00137608096735 -0.00155219532751 0.0139576622684 0.0575452141991 0.00138327317995 0.0119534167963 0.00971248917828 -0.000555553069445 -0.00191502135275 0.0122469502007 -0.0355974769758 0.00398954193968 0.00659435012608 -0.00916688165287 -0.0161470709566 0.00647463063166 -0.0030835227363 -0.0306366394348 0.0301105361124 0.000869161350658 -0.0265651922013 -0.0102677825368 0.00352091760183 -0.01103059642 -0.00502780770698 0.0018667984547 -0.0040567985452 0.0067692375171 -0.0290324404367 -0.00673604208043 -0.000689746882763 0.0135270597819 -0.0412537323934 -0.0239231844612 0.0232100647409 -0.0126143355774 0.0033861737296 0.0345282765256 -0.00308441837691 -0.0548684016236 -0.00729260302185 0.00686538820394 -0.0157813482042 -0.0102527500664 0.00608232603059 0.000368995874957 0.00702850052623 -0.00432195581301 
0.0141749841926 0.00481840082025 0.0217921873877 0.0412029066803 0.176801703775 0.0291521429791 -0.00537682750105 0.00935686474046 -0.00402756438078 0.0097417352029 0.00788738112612 0.0107028466821 0.00395443237665 -0.00982645929982 0.012723465021 0.0255019566121 0.0175937890403 0.0285854886812 0.00916354082602 0.0198582213544 0.0267392690574 0.0104748253669 0.0148890772047 0.0366319824627 0.0134051504284 0.0139129883704 -0.00423353735036 0.00996905173534 0.0191580365203 0.00755185136108 0.0174212710184 -0.00146109869031 -0.00567450285958 0.0127738825559 0.0108249042136 -0.00090280390739 0.0294036099043 0.0296565538058 0.0195433554788 0.000323135733425 0.00200661990311 0.0180947810377 0.0105101502696 0.0113248747148 -0.00643921538176 -0.00450556717673 0.0042212587805 0.00181008039301 0.0104469180857 0.00804039331088 0.0100411504115 0.0050777453868 0.00052809923948 0.00377287386743 -0.0127662855449 0.0129621448252 0.00385170707616 -0.0022589599464 0.0133327012951 0.00780779741871 
0.0247816481582 0.0050602436471 0.0327351155826 -0.0175020183592 0.0291521429791 0.372846768393 -0.026752022394 0.0299994462076 0.0018646110024 0.0236255173506 -0.00948157951754 -0.00456621730904 0.0146852000164 -0.00601368173341 0.0350924819308 0.0195011942267 0.0104760056055 0.00522646363925 0.016490207593 0.0268928058783 0.00789050552807 0.00200232920339 0.0519045448353 0.0108382073139 -0.00958756884754 -0.0058548205516 -0.0350436949628 0.00616383931595 0.0348828729662 -0.0111265950245 0.00682211831473 -0.00669549332588 0.0668119016581 0.0142094552419 0.0115314843747 -0.0139601003595 0.00286611965451 0.0152084112455 0.0195532967001 0.00704269792374 0.0175223328005 0.011200866098 -0.00302418921729 0.00827494539481 0.0387233351247 -0.0120788900216 0.000607605165158 0.0131585145184 -0.0139499945942 0.0484552561363 0.0201178490638 -0.000670083205684 0.000511547678263 0.00972713725688 0.0227181968351 0.0103291083668 0.0184829800419 -0.00014138478465 0.0187292807747 0.0105353365068 
-0.00108094642444 -0.00911598703323 0.0156596136777 -0.0150969459994 -0.00537682750105 -0.026752022394 1.37186073068 0.0645707607881 -0.0309100030445 0.0110834664775 -0.00422523946999 0.00770750927271 -0.0207160445791 -0.00279742318255 0.0254832860314 0.00877135911259 0.00319452911483 -0.0136151590602 0.0147404564756 -0.00098076404734 0.00757857495841 -0.0116762452393 0.0415969098115 -0.0160929044019 -0.00329064746923 -0.017084209391 0.0311256013966 -0.00324310704651 -0.00815195890929 -0.00703084743662 0.0148763902984 -0.00707436802572 -0.0070764735021 -0.0151484863937 3.13997758751e-05 -0.00437639001972 0.00521502444234 -0.0100382169609 0.0110976129304 0.0220714497689 -0.00863006243736 -0.0143012450654 -0.00209864951321 -0.00976236577008 0.00120739928005 0.0208545183968 0.0135662637395 0.000848480472803 -0.022297163044 0.00695542480042 0.0146846868006 -0.0272775948251 -0.0233937265099 -0.0285327388118 0.00111451079659 -0.016355216349 0.00783095262834 0.0230948564348 0.00248272815985 -0.003603122215 
0.0182420961862 0.0251131049245 0.0189904602343 0.0275250640515 0.00935686474046 0.0299994462076 0.0645707607881 0.645189030287 0.000803087106877 0.0318041728374 0.00388236514274 0.0148148676282 0.0170670101717 -0.019778924175 0.00137292927563 -0.0206513242993 0.00757209435304 -0.0156705782754 0.00960741658885 0.000302417815991 0.00513269208464 -0.00685774341169 0.0337450598301 0.00462008034133 -0.00696320620434 0.0120820932462 -0.0172039361372 0.0295795297189 0.0303079996384 -0.0012164209566 0.0107663952837 -0.0201080760897 0.00869978648235 0.0145461540137 0.0200661587701 0.0447236378075 0.0139867650495 0.0137385607177 -0.00812398808373 0.0208784829323 0.0472831115098 -0.0356192937445 -0.00977314640381 0.00437986057743 0.00195638869436 0.0170061753502 -0.0360042932301 0.220685918652 0.138826905418 -0.0119681331899 0.0259771523445 -0.0180063098551 -0.0133246575152 -0.0370131455665 -0.0256158564557 0.0182255726571 0.00808298942398 0.101249974765 -0.0126830471425 -0.018615096059 
0.0104441223725 0.00880829315391 0.016350944484 -0.0446252155761 -0.00402756438078 0.0018646110024 -0.0309100030445 0.00080308710688 0.377184059769 0.0109074403032 -0.0174398445724 0.0464076785082 0.0117614619243 0.018714689887 0.0157052740405 -0.0119989077474 0.0283339744419 -0.0215968885291 -0.0184961845876 -0.0158365524093 0.0150637703968 0.0370898924358 0.0233191686473 0.0181165916429 0.0207088495501 0.010361918719 0.028483279544 0.0290087033123 0.0252949963083 0.0937056326154 -0.00280840458838 0.039649923982 0.0284071772959 0.0276838731914 -0.00827439336451 0.0244070224868 0.0110807661933 0.000880554786092 0.0531673691624 -0.0056683029701 0.12851196069 0.00638544339442 0.0096680894195 0.0245011336982 0.193033691714 -0.00221834863655 0.00864973783338 0.0254191603301 0.019144954828 0.00709633301545 0.000485843194192 0.202375334457 0.0103786795651 0.0110697731454 -0.0152822884711 -0.0136906701535 0.0104213623755 0.00835390717292 0.0160438194882 0.0110647133095 
0.0214194549575 0.0242233239677 0.0238580283048 -0.0116024884883 0.0097417352029 0.0236255173506 0.0110834664775 0.0318041728374 0.0109074403032 0.161661635212 0.00196682989122 0.0096234420248 0.0114973356694 0.0147545703004 0.0345454378952 0.00850444789542 0.0110385865233 0.0249171029741 0.0111162574629 0.00900961933152 0.00904050758309 0.0159729465533 0.025655096953 0.0208206197399 0.0167364207537 0.00234288176815 0.0329555011526 0.00549836060232 0.025607074898 0.0262226083074 0.00862843378465 -0.00528391309721 0.0142687349982 0.0206131545944 0.0145777696276 0.0187915159914 0.00130204964625 0.0196284402501 0.00190508864287 -0.00839203433238 0.00323164763055 0.0224808442331 0.0333054619047 0.00426713403269 0.0167501659348 -0.00766671468313 0.0168963768152 0.0307926255651 0.00435176560963 0.0126460923168 0.0085391681635 0.0192963535872 0.0124585701701 0.00201045002496 0.0141287490711 0.00915831045662 0.0102053479198 0.0180727154152 0.013284814001 0.000993836103064 
-0.00628394222711 0.0161386994706 -0.0131349400236 0.0167554287266 0.00788738112612 -0.00948157951754 -0.00422523946999 0.00388236514275 -0.0174398445724 0.00196682989122 0.380041270303 -0.00949888564802 -0.00309734774259 0.00652931757252 0.0375254118698 0.0118109444904 -0.0038472225252 -0.0166290829912 0.0287709187871 0.0551774299266 -0.0111366150177 -0.0252426034605 -0.0098457797006 0.0071669160665 0.00284961557589 0.00433177248343 -0.0118507038648 0.0160489387132 -0.000558230078702 -0.00289827060144 0.00447363519889 0.0500963773262 0.0450860523448 0.0147655085855 0.0218333493066 0.0167831321234 0.00458827533395 0.0261010295777 0.011315188549 -0.00371664784034 0.0400751463084 0.0330101824053 0.0116269407566 -0.00563577655088 0.0105888391891 0.0227940612296 -0.00363347673867 0.00855705984531 0.022794340552 0.0257648427264 0.00894251649196 -0.00247183185785 -0.0157922337984 0.0381664017013 0.0381571952408 0.034183746535 0.00490358846743 -0.0168731236659 -0.00327426586778 0.00372507070578 
0.00911907879765 0.0161973745443 0.0107184227376 0.00815408111977 0.0107028466821 -0.00456621730904 0.00770750927271 0.0148148676282 0.0464076785082 0.0096234420248 -0.00949888564801 0.1546215994 0.00857903312611 0.0205859046912 -0.00203903439041 0.0113803153867 0.0479681291483 -0.00791005392459 -0.00172141101961 0.00745047511511 -0.00234467985597 0.000330168624205 0.00154224075428 0.00674169024038 0.00994690456585 0.010433619748 0.0163002946987 0.0163830273846 0.030636900277 0.0166546394523 0.00270782786609 0.0232704080276 0.0317783888024 0.00691636354742 0.0164838915373 0.0322715685467 0.0156673307383 -0.011601355907 0.0370526625494 0.00189510795079 0.0141618534999 0.000897792771729 0.00577109253208 0.0439161979692 0.0129047080704 0.021741414236 0.00473765299071 0.00725222484095 -0.0137177958059 0.00554473983188 0.0197948626789 0.0486900649624 -0.00394853503301 0.024142592634 0.0157827960838 0.0115233143493 0.0133559172638 -0.00459615708432 0.0165977538832 -0.00464266705753 
0.0391700852203 0.00650650354607 0.00913000424613 0.00137608096735 0.00395443237665 0.0146852000164 -0.0207160445791 0.0170670101717 0.0117614619243 0.0114973356694 -0.00309734774259 0.00857903312611 0.212368812367 0.00560614719437 0.0423130868927 -0.00945463456489 0.0150966632856 -0.0039476004885 0.0104441834577 0.0203672469916 0.0235074200531 0.0114649967291 0.00236719249356 0.0190381226309 0.0176717520918 0.00784278172661 -0.0329307964372 -0.000466857211994 0.00628680177348 0.012772500901 0.010359760334 0.0128340702718 0.0109330950514 -0.00407366814997 0.00411523822955 0.0131248128532 0.0240419418066 0.0179786657586 0.00876143972213 0.00928451646437 0.0140145148261 -0.00833975617167 0.0752444657534 0.0170625000956 0.0362667945145 0.0168056908701 -0.0125366189709 -0.00715155529124 0.0362306058535 0.0168040323621 0.019308538599 0.00834007429171 0.0271962502061 -0.0235916420537 0.0270026057765 0.00354376107454 0.00692761490429 0.00634111527056 -0.00281840012469 0.00738834708355 
0.0156539641544 0.00478867123304 0.014750869325 -0.00155219532751 -0.00982645929982 -0.00601368173341 -0.00279742318255 -0.019778924175 0.018714689887 0.0147545703004 0.00652931757252 0.0205859046912 0.00560614719437 0.301647904293 0.0219772414591 0.00461418674244 0.0129720278734 0.0174038776289 0.0165272012219 0.0201845015005 0.0394989750988 0.010102243687 0.00395336570502 0.00942569990911 0.0144302984269 -0.0016472136579 0.127426804127 0.0125529296946 0.0252482340698 0.0168117260539 0.0632856507949 0.00879811894121 0.0199329287328 -0.00270177310891 0.011628253909 0.0207202402439 0.0101225668984 0.0359127483257 0.00262648465655 0.00383412114095 0.00180529396515 0.0165834618211 0.0037119516688 0.0139913872804 0.01733513598 -0.00352450032895 0.0393064406703 0.0102397186088 -0.0040553543554 0.0148045634253 0.0297463325215 0.0233951479485 0.027258518962 0.0152304859053 0.00291842715633 0.0258264982851 -0.00441163229958 0.0137633328261 0.0108565087315 0.016055985455 
0.0150840323836 0.0081002528752 0.0214017041758 0.0139576622684 0.012723465021 0.0350924819308 0.0254832860314 0.00137292927563 0.0157052740405 0.0345454378952 0.0375254118698 -0.00203903439041 0.0423130868927 0.0219772414591 0.452479112641 0.0352933120112 0.000358410568747 0.0291123952896 0.0288491849617 0.0295182345176 0.00759865479388 0.0244107369868 0.0149344691891 0.0595040165632 0.00693614948475 0.00184378047885 0.037203990224 0.0219341197792 0.0271311493869 0.00507262505198 0.0436385533165 0.0103776540235 0.0299186836216 0.0221993317445 0.0242025548032 0.0299448596738 0.0216600647494 0.00552433902977 0.0140304885439 0.0170057946341 -0.00105617398907 0.00930403101818 0.0367141812283 -0.00182770177625 0.037659296469 0.0155251680757 0.0123381155427 0.00835768838864 0.0220933468126 -0.00133189427344 0.0312988067089 0.00464029425422 0.00879379436057 -0.00645839625571 0.0263444065058 0.00405140117763 0.0212434095937 0.00651537390665 0.0274846550041 0.00803684239991 
0.0327020621141 0.0109593890521 0.0421923053707 0.0575452141991 0.0255019566121 0.0195011942267 0.00877135911259 -0.0206513242993 -0.0119989077474 0.00850444789542 0.0118109444904 0.0113803153867 -0.00945463456489 0.00461418674244 0.0352933120112 0.468094188833 0.0158468219963 0.0299546140262 0.0331494397046 0.0265047634223 0.0316113065673 0.0148550112829 0.0269493936049 0.0241324131102 -0.00742722794421 0.0151340265656 0.000194452787982 0.0214435537796 0.0302290404322 -0.0049500361593 -0.00179603281808 -0.0160171189086 0.0300571752732 0.0139396093939 0.0416854123773 0.0145794397742 0.00132226737306 0.0113220891643 -0.0075330925146 0.0424637845883 -0.00957087957972 0.00826568492209 0.00632604162452 0.0142720987269 0.0217694953631 0.0203136043886 0.00632797657733 -0.0024468825691 0.00211885108656 0.0534770938626 0.0356367643233 -0.0045557425141 -0.00223515587357 0.0227174218983 0.0168094960791 0.0387177318277 0.0225106904589 0.0170726582721 0.0103748067099 0.0197972741414 
0.00853554417778 0.00110578759919 0.0256067373265 0.00138327317995 0.0175937890403 0.0104760056055 0.00319452911483 0.00757209435304 0.0283339744419 0.0110385865233 -0.0038472225252 0.0479681291483 0.0150966632856 0.0129720278734 0.000358410568747 0.0158468219963 0.136453764316 0.00214787819549 -0.00121677274573 0.0118573769324 -0.00750212974561 0.0113116197619 0.0243022111627 0.0037741324789 -0.0044583331422 0.00524203425777 -0.00437928098931 0.0232574344642 0.0274970262594 0.0260136691157 0.00466480217637 0.0186497400789 0.0219329679198 0.0295084369487 0.00895511506681 0.0170717419274 0.0271709824477 0.000132693884876 0.0500002529215 0.0169149902374 0.0200327217639 0.0170145822953 0.00844135386554 0.0510246525756 0.00706123114369 0.0150316747262 0.00848106439249 0.00374261723164 0.00314134351788 0.0209112855846 0.0133421141913 0.0254132408442 -0.000262123777159 0.0102339063107 0.0278013119096 -0.00552300246116 0.0202516533362 0.00583832826402 0.0163849114673 0.0133256800147 
0.0286365747563 -0.000860492525869 0.0258789388967 0.0119534167963 0.0285854886812 0.00522646363925 -0.0136151590602 -0.0156705782754 -0.0215968885291 0.0249171029741 -0.0166290829912 -0.00791005392459 -0.0039476004885 0.0174038776289 0.0291123952896 0.0299546140262 0.00214787819549 0.24402791989 0.00572873316085 -0.0105540958035 0.0153747216544 0.0164737921421 0.00709727792735 0.0481783541239 0.00476947770142 0.0157771289417 -0.00734644097579 0.0465235585186 0.010536908615 -0.0114726825454 0.0144376802558 0.0112845900913 0.0315298877049 0.0139036577392 0.0136894681304 0.000727741229675 0.000502786158236 -0.00187937943182 -0.0055847808111 0.0140515142572 -0.0196874173237 0.0179985790905 -0.00213787100611 -0.0150185140955 -0.00749127702979 0.00568234980747 -0.00901418234471 0.0245371801235 0.00312029275795 0.0109610261118 0.0214629621076 -0.0150292302839 0.0259559502043 -0.00209350338235 0.0044662137162 0.0257905165821 0.0282355795022 -0.00539344381183 0.0252711288028 0.0451834971377 
0.0252709449705 0.00557647021698 0.0163071936936 0.00971248917828 0.00916354082602 0.016490207593 0.0147404564756 0.00960741658885 -0.0184961845876 0.0111162574629 0.0287709187871 -0.00172141101961 0.0104441834577 0.0165272012219 0.0288491849617 0.0331494397046 -0.00121677274573 0.00572873316085 0.234570976387 0.0130853437605 0.00427131376236 0.0276653904751 0.0186209857367 0.0269472794326 -0.00168952449157 0.00642663806798 -0.0115192490561 0.028612395022 0.00562804128481 0.00688953458438 0.0220840699075 0.00744042069611 0.0252630525665 0.00867518927672 0.0377250633076 0.00920260057881 0.00705099235476 0.0122773527512 0.00948807444253 0.040785572659 -0.00342271945937 0.0255293269925 0.00368121409774 0.0111454563757 -0.0207660499951 -0.0193239200841 -0.00419179496058 0.0156545303066 0.0264753620535 0.0161385468775 0.0334784221944 -0.0162412358854 0.00165155641291 0.0163267247944 -3.4901334505e-05 0.0269556790111 0.0154917291422 0.000129988163595 0.0225568450272 0.00167586533076 
0.0210262174272 0.00505164794203 0.0207977272175 -0.000555553069445 0.0198582213544 0.0268928058783 -0.00098076404734 0.000302417815991 -0.0158365524093 0.00900961933152 0.0551774299266 0.00745047511511 0.0203672469916 0.0201845015005 0.0295182345176 0.0265047634223 0.0118573769325 -0.0105540958035 0.0130853437605 0.407352027592 0.0344311283308 -0.0121211493702 0.00213949258311 0.0116690535995 -0.0123093043628 0.0186321445939 0.0373077665355 0.0194769856337 0.0399917633205 -0.000969276206098 0.000617947125683 -0.013433924169 0.0330048377654 0.0128247006363 0.0185311010038 0.00614435222092 0.0192010713967 0.0378991626022 0.0326143678999 0.0266598425067 0.0238796954874 0.00622245087622 0.00340975887313 0.02818768185 0.0197858902314 -0.0209817705208 0.0262974461721 0.0385204692091 0.0321222339775 0.0256862917922 0.0191480480388 0.0034435437704 0.04539381704 0.0424185047497 0.0226122193463 0.0164389286856 0.0313544845094 0.000286922337087 -0.00405520988435 0.0166285427994 
0.0297944413124 0.0194676071973 0.0298144786352 -0.00191502135275 0.0267392690574 0.00789050552807 0.0075785749584 0.00513269208464 0.0150637703968 0.00904050758309 -0.0111366150177 -0.00234467985597 0.0235074200531 0.0394989750988 0.00759865479388 0.0316113065673 -0.00750212974562 0.0153747216544 0.00427131376236 0.0344311283308 0.363581191136 0.0159126257433 0.000603101266523 0.00683303123235 0.000996254889423 0.00728405946228 -0.0100456395108 0.0168817718636 0.0190130660192 0.0136045991918 0.0022184706176 -0.0047035771534 0.0210158055439 0.0270264080981 0.0158872418963 0.0306071083727 0.0108831894548 0.0199778101875 0.00372656037064 0.0388100738325 -0.0048117368182 -0.0030524824911 0.0114359372202 0.00366702500726 0.014311289446 -0.00907608497063 0.0063589592392 0.0475217069853 -0.00590967928369 0.00327232477561 0.0153726979233 -0.00388154367648 0.0202343488056 0.0395421151972 0.0204182577179 -0.0164163282071 0.0156372412011 -0.00728774383485 0.00130469228611 0.0198158727061 
0.0264042057096 0.0141888316842 0.0089647409618 0.0122469502007 0.0104748253669 0.00200232920339 -0.0116762452393 -0.00685774341168 0.0370898924358 0.0159729465532 -0.0252426034605 0.000330168624203 0.0114649967292 0.010102243687 0.0244107369868 0.0148550112829 0.0113116197619 0.0164737921421 0.0276653904751 -0.0121211493702 0.0159126257434 0.206651025463 0.0106908487574 0.0146674488136 -0.00698108214066 0.0117966245646 0.0315829157285 0.031500992696 0.0158741097897 0.0121635293646 0.0233050848938 0.00261453949605 0.02339347615 0.0249732833925 0.0066762341492 0.000407620794237 -0.00865211386434 0.00480457552868 0.0147805084508 0.00751768704178 0.0178977290835 -0.000422918331162 0.0107252539981 0.00100267698814 0.00422896538632 0.0158683737741 -0.00655444944432 -0.00785789852704 0.0054827319525 -0.00595872877977 0.000192092906319 0.0253879401754 -0.000620100315764 0.00261040116768 0.00671657642348 0.00876277737637 0.0225558007274 0.00603854223763 0.0226809073327 0.00377165050617 
0.0349571280779 0.0156512052208 0.0213513925901 -0.0355974769758 0.0148890772047 0.0519045448353 0.0415969098115 0.0337450598301 0.0233191686473 0.025655096953 -0.0098457797006 0.00154224075428 0.00236719249356 0.00395336570502 0.0149344691891 0.0269493936049 0.0243022111627 0.00709727792735 0.0186209857367 0.00213949258311 0.000603101266521 0.0106908487574 0.282289050703 0.0449043652846 0.00301621522531 0.010573335413 -0.0108729329267 0.0405551864674 0.026961140322 0.0298536550174 0.0137412667512 0.0215998727083 -0.00791816626295 0.0406971579686 0.0113808692381 -0.00872429252322 0.00949007126313 0.0235212830238 0.0285365435451 -0.00622753554416 0.0272799833623 0.0232246525392 -0.00550337952751 0.00843856242311 0.022083631689 0.0123973911678 0.00105147967229 0.0303411779986 0.00676141586029 0.0310814337574 0.0121266809291 0.063358566305 -0.00657336108846 0.0153820789073 0.00530474799758 -2.42932835584e-05 0.0233034624158 0.011853753871 0.0204670315439 0.0169230314629 
0.0101303355843 0.0225575667791 0.0113470879613 0.00398954193968 0.0366319824627 0.0108382073138 -0.0160929044019 0.00462008034133 0.0181165916429 0.0208206197399 0.0071669160665 0.00674169024038 0.0190381226309 0.00942569990911 0.0595040165632 0.0241324131102 0.0037741324789 0.0481783541239 0.0269472794326 0.0116690535995 0.00683303123235 0.0146674488136 0.0449043652846 0.340434880688 -0.00654337377613 0.0171780412653 -0.0145329893791 0.0304470820698 0.00582427226881 0.0292200878413 0.0102945427955 0.00925853247454 0.0588549274416 0.0249917812778 0.0201322777544 0.0259208440584 0.018618712019 0.0607421552304 0.00780798067605 -0.00327886765868 0.0285429538192 0.0178157745086 0.0130602712997 -0.000568987951635 0.0197284940853 0.0339620819831 0.0103887856448 0.0410122259123 0.0201928108092 -0.000502600626714 0.0212790010019 0.03022691234 0.0302437957072 0.0115855707614 0.00760797412651 0.0608854516716 0.0112063273911 0.0062768454384 0.0337213141353 0.0155576640787 
-0.00504132977775 0.00471895068334 0.00598972039949 0.00659435012608 0.0134051504284 -0.00958756884754 -0.00329064746923 -0.00696320620434 0.0207088495501 0.0167364207537 0.00284961557589 0.00994690456585 0.0176717520918 0.0144302984269 0.00693614948475 -0.00742722794421 -0.0044583331422 0.00476947770142 -0.00168952449157 -0.0123093043628 0.000996254889424 -0.00698108214066 0.00301621522531 -0.00654337377613 0.21441732891 -0.0100975213049 0.0329338276583 -0.00818435646138 0.0101007856394 0.00888701403184 -0.00378751581839 0.016843657656 -0.00824555256128 0.00412184390689 -0.00590553209204 0.00144631120607 0.00724738686428 -0.000261332955775 0.0116922242021 0.0147560261231 -0.0124900641756 -0.000369221256955 -0.012202073294 0.0211687428886 0.0240166617686 0.0157492009234 0.00983091814858 0.00890361064803 0.0165634511954 0.0179061523662 -0.00538988953892 -0.00812090312761 0.00459290114813 0.0334185953125 0.020982139543 -0.0278953123982 0.00885588441912 0.0194698295217 0.00558761560031 0.0140980742294 
0.0158938190817 0.0171844206854 0.00541946416212 -0.00916688165287 0.0139129883704 -0.00585482055159 -0.017084209391 0.0120820932462 0.010361918719 0.00234288176815 0.00433177248343 0.010433619748 0.00784278172662 -0.0016472136579 0.00184378047884 0.0151340265656 0.00524203425777 0.0157771289417 0.00642663806798 0.0186321445939 0.00728405946228 0.0117966245646 0.010573335413 0.0171780412653 -0.0100975213049 0.175176972201 0.0167351493829 0.0285945072633 0.0113816712873 0.013371790672 -0.00677996036578 0.00628173010248 0.00656651775471 0.0147406438736 0.00673955298674 0.00952924939806 0.0278426765963 -0.000722053529252 0.0335866737038 -0.00455370677252 -0.00700846432128 0.0138300183528 0.00714192315296 0.00446074188472 -0.014671008951 0.00480300975348 0.00555697776981 0.00187670318965 0.00580876732088 0.0257515966182 0.00845727855288 -0.00137219680811 0.0118256343769 -0.00851953098879 0.00766490607579 0.0298116296508 0.0090036183863 0.00828834197214 0.0140940013494 0.0163168640989 
-0.0234036494042 -0.00785325500193 -0.00758966213522 -0.0161470709566 -0.00423353735036 -0.0350436949628 0.0311256013966 -0.0172039361372 0.028483279544 0.0329555011526 -0.0118507038648 0.0163002946987 -0.0329307964372 0.127426804127 0.037203990224 0.000194452787982 -0.00437928098931 -0.00734644097579 -0.0115192490561 0.0373077665355 -0.0100456395108 0.0315829157285 -0.0108729329267 -0.0145329893791 0.0329338276583 0.0167351493829 2.8575299256 -0.00833210718595 0.0486896046574 0.00295599882357 0.00641008814199 0.00562205208865 -0.00503425350075 0.00251115008818 0.00776426328572 0.0457415820009 0.0211784880343 -0.0132060290007 0.0155644324217 -0.0071306679801 0.0223517363864 -0.0054509607095 0.0122943360784 0.0498541817033 0.0103022192674 0.0173909180781 0.385360570033 0.0443099762409 -0.0548376402914 -0.000797946147247 -0.000710114739723 0.00768503882894 0.00806345208234 0.125323228536 0.0182334860277 0.0153349509672 -0.0158109938375 -0.0054724635241 0.0479120894645 -0.00576318793323 
0.0258339563705 0.0226132747687 0.0339374093528 0.00647463063166 0.00996905173534 0.00616383931595 -0.00324310704651 0.0295795297189 0.0290087033123 0.00549836060232 0.0160489387132 0.0163830273846 -0.000466857211992 0.0125529296946 0.0219341197792 0.0214435537796 0.0232574344642 0.0465235585186 0.028612395022 0.0194769856337 0.0168817718636 0.031500992696 0.0405551864674 0.0304470820698 -0.00818435646138 0.0285945072633 -0.00833210718595 0.21147638504 0.0264432699509 0.0190178639579 0.0297125260869 0.00365785689634 0.0228014579641 0.0347213306241 0.00658833973571 0.0123561565571 0.01090480925 0.0030813101777 0.0144359165764 -0.000179446453657 0.0399108502051 0.0260481306387 0.0227788896888 0.0155774001059 0.0153454762166 -0.0133490109467 0.00693848749774 0.0154425173558 -0.006550898211 0.00955086735009 0.0262969877737 0.0296238237936 -0.0165912851822 0.0275052736164 0.0681774794935 0.0134744399119 0.0253905776214 0.000978853441553 0.0309918800123 0.00777275687989 
0.0381914057668 0.0268061254811 0.0493824764174 -0.0030835227363 0.0191580365203 0.0348828729662 -0.00815195890929 0.0303079996384 0.0252949963083 0.025607074898 -0.000558230078703 0.030636900277 0.00628680177348 0.0252482340698 0.0271311493869 0.0302290404322 0.0274970262594 0.010536908615 0.00562804128482 0.0399917633205 0.0190130660192 0.0158741097897 0.026961140322 0.00582427226881 0.0101007856394 0.0113816712873 0.0486896046574 0.0264432699509 0.16510316583 0.012948026934 -0.00796754895892 0.0204041160413 0.0424916286019 0.0318641923837 0.0179901666552 0.0263765500368 0.0375260914749 0.00850853150002 0.030099418335 0.0129091478007 0.0320326225292 0.0216954352778 0.00760108361835 0.0212721578356 0.020414473498 0.00295679019175 0.00798378680645 0.0201013507037 -0.00715254764003 0.0309772182461 0.00130141976282 0.0126614786554 0.011365158526 0.00175899393767 0.00333895759078 0.023216049348 0.0149627828425 0.00760513252821 0.0160403965087 0.0223866248848 
0.0149573821477 -0.0109189504161 0.00953320948979 -0.0306366394348 0.00755185136108 -0.0111265950245 -0.00703084743662 -0.0012164209566 0.0937056326154 0.0262226083074 -0.00289827060144 0.0166546394523 0.012772500901 0.0168117260539 0.00507262505198 -0.0049500361593 0.0260136691157 -0.0114726825454 0.00688953458438 -0.000969276206098 0.0136045991918 0.0121635293646 0.0298536550174 0.0292200878413 0.00888701403184 0.013371790672 0.00295599882357 0.0190178639579 0.012948026934 0.199226659449 0.00543443335594 0.0469497243324 0.000742205109609 0.0324263767579 0.0261143609416 0.0263013825335 0.0208756825463 0.0234558642941 0.0302064549302 0.00787989556037 0.0897952154513 0.000742545448854 0.00864524847531 0.0287888057879 0.0949386153706 -0.00250029094153 0.0154619890784 -0.0103680809342 -0.00805131173388 -0.0138987380118 0.0146285999748 0.0891821784805 0.00495480155734 -0.00630804296983 -0.00161823226186 0.0174044521111 0.00119338146111 -0.00241749640769 0.00757355922497 0.00598900834866 
0.00573465868547 0.0139262026851 0.0101884309279 0.0301105361124 0.0174212710184 0.00682211831473 0.0148763902984 0.0107663952837 -0.00280840458838 0.00862843378465 0.0044736351989 0.00270782786609 0.010359760334 0.0632856507949 0.0436385533165 -0.00179603281808 0.00466480217637 0.0144376802558 0.0220840699075 0.000617947125684 0.0022184706176 0.0233050848938 0.0137412667512 0.0102945427955 -0.00378751581839 -0.00677996036578 0.00641008814199 0.0297125260869 -0.00796754895892 0.00543443335594 0.496858626172 -0.0360124785716 0.0291892038675 0.0124243336631 0.0119147166181 0.0106761900923 0.0134758869886 0.0251510479977 0.0128965384152 0.00640847008708 -0.0118445801296 0.014838880056 -0.00629101669702 0.0166597299894 -0.00409040361072 0.0052055895138 -0.00590668777523 -0.00903094736406 0.0125099074825 0.00615581827404 0.0149308260779 -0.00762312865868 -0.00766575234687 0.0127672700457 0.00568849224652 0.0189518681482 0.0291412611702 -0.00431169787527 0.0387156822108 0.00017480287863 
0.0321826200524 -0.00809248204977 0.0143877382206 0.000869161350658 -0.00146109869031 -0.00669549332588 -0.00707436802572 -0.0201080760897 0.039649923982 -0.00528391309721 0.0500963773262 0.0232704080276 0.0128340702718 0.00879811894121 0.0103776540235 -0.0160171189086 0.0186497400789 0.0112845900913 0.0074404206961 -0.013433924169 -0.0047035771534 0.00261453949605 0.0215998727083 0.00925853247454 0.016843657656 0.00628173010248 0.00562205208865 0.00365785689634 0.0204041160413 0.0469497243324 -0.0360124785716 0.527429139611 0.00338083061011 0.0187553231391 0.029034367459 0.00494551350229 0.0118825640338 0.0118695353467 0.0315329455225 0.0149707357722 0.0700262062542 0.00354159786076 -0.0018531476466 0.036680709116 0.0612016633519 -0.02162783911 0.0135562650389 -0.0365228501313 0.00910164571668 0.00666110642559 0.000626685097696 0.0724392796843 0.0353942094657 -0.00210819578939 -0.00465651053294 0.034095492515 0.0129490109857 0.00591598383318 0.00657792121394 0.0139432804085 
0.00684464251507 0.0120012075809 0.00465936220798 -0.0265651922013 -0.00567450285958 0.0668119016581 -0.0070764735021 0.00869978648235 0.0284071772959 0.0142687349982 0.0450860523448 0.0317783888024 0.0109330950514 0.0199329287328 0.0299186836216 0.0300571752732 0.0219329679198 0.0315298877049 0.0252630525665 0.0330048377654 0.0210158055439 0.02339347615 -0.00791816626295 0.0588549274416 -0.00824555256128 0.00656651775471 -0.00503425350075 0.0228014579641 0.0424916286019 0.000742205109609 0.0291892038675 0.00338083061011 0.381299117803 0.0576079480909 0.0314657498024 0.0254256508999 0.0215029693187 0.00873252553517 0.0367016479561 0.0239784333242 0.00716260822515 0.00859864950058 0.0159802790329 0.00869075880005 0.042443203983 0.0125897095345 0.0201701317053 0.0367691011777 0.0265645289805 0.00509256259577 0.0313703420103 0.0064912067338 -0.0029920962484 0.0241103522185 0.0225809721096 0.0607857347827 -0.000154097471394 -0.0073418379315 -0.00368620428067 0.0338859315858 
0.0226545515599 0.00415722364462 0.0193084216636 -0.0102677825368 0.0127738825559 0.0142094552419 -0.0151484863937 0.0145461540137 0.0276838731914 0.0206131545944 0.0147655085855 0.00691636354743 -0.00407366814997 -0.00270177310891 0.0221993317445 0.0139396093939 0.0295084369487 0.0139036577392 0.00867518927672 0.0128247006363 0.0270264080981 0.0249732833925 0.0406971579686 0.0249917812778 0.00412184390689 0.0147406438736 0.00251115008818 0.0347213306241 0.0318641923837 0.0324263767579 0.0124243336631 0.0187553231391 0.0576079480909 0.24389553794 0.0315976539271 0.00777568418116 0.0324069325488 0.0261548394858 0.033408374276 0.00195086097416 0.011793875792 0.0234203120201 0.0178565699003 0.0130113583737 -0.00594027083906 0.0497467390835 0.019939586848 0.0311401984498 0.0177254023856 -0.0149464884618 0.0171462981683 0.00387847807875 0.000160655392664 0.00888668430189 0.00567012897766 0.0299851154616 0.0313673358922 0.0147591565722 0.032706235394 0.0320492697466 
0.0194257474972 0.0027138099446 0.0223053873854 0.00352091760183 0.0108249042136 0.0115314843747 3.13997758749e-05 0.0200661587701 -0.00827439336451 0.0145777696276 0.0218333493066 0.0164838915373 0.00411523822955 0.011628253909 0.0242025548032 0.0416854123773 0.00895511506681 0.0136894681304 0.0377250633076 0.0185311010038 0.0158872418963 0.0066762341492 0.0113808692381 0.0201322777544 -0.00590553209204 0.00673955298674 0.00776426328572 0.00658833973571 0.0179901666552 0.0261143609416 0.0119147166181 0.029034367459 0.0314657498024 0.0315976539271 0.137532511608 0.0130435021377 0.0176662898889 0.00722025408474 0.0118916716236 0.0117413783986 -0.00336885018677 0.0381332886088 -0.00666701708771 0.0220114546202 -0.000649959909037 -0.000285327342705 0.014000927625 -0.00431983690404 0.0108022486261 0.00785224534488 0.0189807974525 -0.00893819471011 0.00622035967277 0.00391095870651 -0.00064591091915 0.0150275499198 0.01950884484 0.00888218868879 0.008434722741 0.0177481384429 
0.016928066234 0.0332328568313 0.00499703273299 -0.01103059642 -0.000902803907396 -0.0139601003595 -0.00437639001972 0.0447236378075 0.0244070224868 0.0187915159914 0.0167831321234 0.0322715685467 0.0131248128533 0.0207202402439 0.0299448596738 0.0145794397742 0.0170717419274 0.000727741229677 0.00920260057881 0.00614435222092 0.0306071083727 0.000407620794238 -0.00872429252322 0.0259208440584 0.00144631120607 0.00952924939807 0.0457415820009 0.0123561565571 0.0263765500368 0.0263013825335 0.0106761900923 0.00494551350229 0.0254256508999 0.00777568418116 0.0130435021377 0.183231881266 0.00199047875852 0.0454618485017 0.00850988122163 0.0106967275632 0.0216277106572 0.0150912288371 0.0187333690348 0.0111049087478 -0.0130303067379 0.0368716212199 -0.000245890807363 0.0492036700771 0.03227741979 -0.0064100719698 0.0225740230378 0.0046206965774 0.00582360605116 5.68790480194e-05 0.0354788684481 -0.0039439407179 0.00448961894967 0.0304213964572 0.0155850676084 0.014053762563 
0.0194216413792 -0.0051439655909 0.0389742673925 -0.00502780770698 0.0294036099043 0.00286611965451 0.00521502444234 0.0139867650495 0.0110807661933 0.00130204964625 0.00458827533395 0.0156673307383 0.0240419418066 0.0101225668984 0.0216600647494 0.00132226737306 0.0271709824477 0.000502786158232 0.00705099235475 0.0192010713967 0.0108831894548 -0.00865211386434 0.00949007126313 0.018618712019 0.00724738686428 0.0278426765962 0.0211784880343 0.01090480925 0.0375260914749 0.0208756825463 0.0134758869886 0.0118825640338 0.0215029693187 0.0324069325488 0.017666289889 0.00199047875852 0.203988932194 0.00330227115981 0.0170055741718 -0.000397627373494 0.00327048591051 0.03929132882 0.0253079873597 0.0155791141592 0.00699712249378 0.012139348784 0.00728861073774 0.00333701636912 0.0144170535743 0.0163490228709 0.0105070028566 0.00169320925131 0.00018157802099 0.00692451111372 0.0244621183847 0.0202844881571 0.00801597710621 0.00721859099179 -0.00126749481601 0.0177404405479 
0.0325321827944 0.0164197558831 0.0199553789545 0.0018667984547 0.0296565538058 0.0152084112455 -0.0100382169609 0.0137385607177 0.000880554786095 0.0196284402501 0.0261010295777 -0.011601355907 0.0179786657586 0.0359127483257 0.00552433902977 0.0113220891643 0.000132693884873 -0.00187937943182 0.0122773527512 0.0378991626022 0.0199778101875 0.00480457552868 0.0235212830238 0.0607421552304 -0.000261332955775 -0.00072205352925 -0.0132060290007 0.0030813101777 0.00850853150002 0.0234558642941 0.0251510479977 0.0118695353467 0.00873252553517 0.0261548394858 0.00722025408474 0.0454618485017 0.00330227115981 0.262258667249 0.00704415596027 -0.00659456793245 0.0206362723155 0.00981420291017 0.0238469118623 0.0177186701591 0.0461801601499 0.0352085763916 0.0140872250961 0.0143326190128 0.00807956386509 0.0388027816792 0.0319395248374 0.00251987238936 0.0216721274635 0.00121756098265 0.00506507039216 0.0264407176979 -0.00242511470418 0.00292593248237 0.0223914622099 0.0132557775268 
0.0228157226046 0.0150559018004 0.0124893104139 -0.0040567985452 0.0195433554788 0.0195532967001 0.0110976129304 -0.00812398808373 0.0531673691624 0.00190508864287 0.011315188549 0.0370526625494 0.00876143972213 0.00262648465656 0.0140304885439 -0.0075330925146 0.0500002529215 -0.00558478081109 0.00948807444254 0.0326143678999 0.00372656037064 0.0147805084508 0.0285365435451 0.00780798067606 0.0116922242021 0.0335866737038 0.0155644324217 0.0144359165764 0.030099418335 0.0302064549302 0.0128965384152 0.0315329455225 0.0367016479561 0.033408374276 0.0118916716236 0.00850988122163 0.0170055741718 0.00704415596027 0.19554093803 -0.00866812311233 0.0131066650808 -0.00278918915362 -0.00129315464912 0.0422087522027 0.0494921794238 0.0129498776401 0.0142352532502 0.00533953043177 0.0115494489234 0.00365757173778 0.0116592629392 0.0314372582308 -0.0034352125293 0.0258968056276 -0.0028167730839 -0.00148991471226 0.0256453757966 -0.00282351951035 0.0178837394463 -0.00239956105505 
