40
0.0363676427781 0.234070828585 0.00787829448736 0.0485945029431 0.0737969483193 0.0203567883068 0.191301962015 0.0637259516476 0.0917148498368 0.0678116165217 0.0205855922537 0.00154943769328 0.065309734793 0.0900156737744 0.0415474718814 0.0292815331214 0.0413299620627 0.0662185328213 0.05514883533 0.117315051398 0.0415097954764 0.00194148072761 0.0461662895592 0.0511719962834 0.00640420781163 0.131188957491 0.0202129727645 0.0729384759615 0.0166595463284 0.162419244675 0.0791171504464 0.101218808556 0.110578936942 0.087070388143 0.00535997805058 0.10431458653 0.10004428458 0.176385145314 0.13534553156 0.0436793340255 
0.193923470941 0.0198530093347 0.0259524417899 0.0284893272408 -0.00149507704839 0.0169592174095 0.00695492171081 -0.00263486905004 0.0124749298887 0.00703305684015 0.0149717168369 -0.00172234980571 0.0258005544198 0.0207627698436 0.0219835017187 0.0210159701185 0.0266712698874 0.0128438471415 0.00641008449579 0.00934441339733 0.000286514827447 0.0394543179817 0.0715616687378 -0.00331673427776 0.0129547291949 0.0242456441735 0.0234701858585 0.0104985426313 0.0135256408582 0.00669254476048 0.0167833551646 0.0224825923791 0.000681295463374 0.00802793153145 0.00753352333719 0.00706668179438 0.0436643077334 0.0255908310338 0.018302330486 0.00901906989742 
0.0198530093347 1.00162158443 0.0205676402606 -0.0121787194759 0.0236698457623 0.0115549526897 0.0997590445057 -0.00469627092377 -0.0025136985827 0.0148456832608 -0.00605597778854 -0.0105317823872 0.00854665996099 0.0200078556521 0.0302044740109 0.0114005544332 -0.00172976987569 0.0364321905093 -0.00730519926964 0.0249070418012 0.0246071994764 0.0140775481062 0.06433031203 -0.0447753011729 0.0529738282274 0.0476349331836 0.0463131639473 0.0184556537068 0.0469812208076 0.0294521149572 0.0617413543306 0.0327391167258 0.144305425062 0.0390989642921 0.0233806509873 0.0982998484639 0.0394955030975 0.0464470464126 0.0164851813145 0.00687410159254 
0.0259524417899 0.0205676402606 0.145120995735 0.0116935730647 -0.00929880709761 0.000479236993999 0.0170672197755 -0.00729705038318 0.0233407051687 -0.00496249518939 0.000609534870324 -0.0154891362987 0.0050197649264 0.0150068942939 0.00785816537187 0.0188313321554 0.0303034638765 0.00983929034737 -0.00169173224798 -0.00502906041612 -0.0196216418504 0.00946151343377 0.0329125814017 -0.00950442107503 0.0178145539843 0.0109948377733 0.00928258174687 -0.0140733705638 0.0234307998811 0.0181507032242 -0.00937695648254 0.0291869083347 0.0203790199847 -0.00843343452723 -0.00129767118971 -0.0113925803713 0.00166847518437 0.0127668466464 6.50742029333e-05 -0.0100377667474 
0.0284893272408 -0.0121787194759 0.0116935730647 0.135697314493 0.0106638994983 0.0441556027167 0.00370659647384 0.0106743048337 0.0284056743604 0.00429299286302 0.0110043431225 0.0197064827124 0.00939933547363 0.0181704969466 0.0286182215548 0.0324656483855 0.0116716996637 0.0168955436879 -0.000675273700558 0.0198941981145 0.00750395406422 0.017049855683 0.0181481386726 0.0114123774895 0.0263985054493 0.034526226763 0.0191860023623 0.0175990869343 0.0137245312256 0.0138735002111 0.0218605275219 0.0137800843103 0.00823011847005 -0.00239109573748 0.014097340622 0.00725076057322 0.016416297473 0.0136046249694 0.0283608163237 0.00757559538924 
-0.00149507704839 0.0236698457623 -0.00929880709762 0.0106638994983 0.335559941056 0.0147732037415 0.0336954236166 0.000592585988434 0.0224505064864 0.0105487156989 -0.00305716371844 0.0158139756687 0.0300008418109 0.00872995818598 0.00215505239328 0.0168314584943 -0.000982769705876 0.00704183575671 0.0185622066885 0.0160894378826 -0.00321568162724 0.016665090399 0.0116268234902 0.00553797317157 0.00733190534215 0.044439252291 0.00358033927187 0.00563325124125 0.0322479491554 0.0101806667224 0.00916515211684 0.0174344467316 0.0331392650491 0.0694791231272 0.00392394827353 0.0186601851043 -0.0152001181666 0.0455790894339 0.024508981455 -0.000109947936199 
0.0169592174095 0.0115549526897 0.000479236993998 0.0441556027167 0.0147732037415 0.258364601358 0.00894064828353 0.00280128105859 0.0300373401937 0.0126496359548 -0.00450699314696 0.0198950708072 0.00257720897227 0.0279369524068 -0.00665844070871 0.0253210555083 0.0307279785619 0.000440044448621 -0.0180250628475 0.0142444129719 -0.0223091189135 0.0170646233307 0.0231513447045 0.0191540505126 0.00545517514919 0.0403072142289 0.00996490835083 0.0326340074291 0.00224044293729 0.0119712556361 0.0238691653167 -0.014536219467 0.0387047936626 0.0321747692481 -0.00214836863277 0.0417954821216 0.0547832821379 0.0103311867704 0.0274705364606 -0.00329007149773 
0.00695492171081 0.0997590445057 0.0170672197755 0.00370659647384 0.0336954236166 0.00894064828353 0.442864364717 0.0406872022741 0.0468374152647 0.0146024181876 -0.00128121111442 -0.00312984163978 0.0173160587088 0.01052660949 -0.00194074191391 0.0294095827796 0.00804650428463 0.00215454533318 0.04227028666 -0.00969265174469 0.0651639233771 0.0353073077835 0.00294960081022 0.00656374009459 0.0279595102049 0.0541943673212 0.0367236875406 0.0346010440929 0.0194667234158 0.0512092604979 0.0316078989015 0.0235930878235 0.0493281638433 0.0429471559174 0.0252964228375 0.0127698290402 0.0342829269695 0.0105863324852 0.0363954671668 0.016230044885 
-0.00263486905003 -0.00469627092377 -0.00729705038318 0.0106743048337 0.000592585988433 0.00280128105859 0.0406872022741 0.189348408251 0.015780972746 0.00256868396896 0.0245362570946 0.0079846658877 0.00857200184336 0.0225488595904 0.0148209101955 0.00915843754528 0.0228447223983 0.0225798351561 0.00265498893025 0.0356936715557 0.0275634680632 0.00687974214083 -0.0165850322636 -0.00130402940499 0.00276189010692 0.00579076784011 0.0258280712146 0.0145625153545 0.0129996065624 0.0187763239653 0.0256312798759 0.00548822245048 0.0311361422879 0.0249364625046 0.0139774489963 0.0181424295587 0.0426245568728 0.0430427982492 0.00839286544713 0.0127963731344 
0.0124749298887 -0.0025136985827 0.0233407051687 0.0284056743604 0.0224505064864 0.0300373401937 0.0468374152647 0.015780972746 0.180738804378 0.00573315840236 0.017050264436 0.0256378631161 0.0201689581803 0.0154369023828 0.0251991399117 0.0207260976942 0.0233174691563 0.0134326778696 0.0106017640281 0.00995811305357 0.0206861804054 0.0298347484441 -0.000323030887215 0.0248902418907 0.0324943920981 0.0090313107802 0.0363575883321 -0.00315982704777 0.0143550925405 0.013652096544 0.043295632186 0.0326872422955 -0.00137445727755 0.0201408703992 0.0265353997901 0.0226948316895 0.0412459767432 0.0333776203019 0.0322717726901 0.0381250693761 
0.00703305684015 0.0148456832608 -0.00496249518938 0.00429299286302 0.0105487156989 0.0126496359548 0.0146024181876 0.00256868396896 0.00573315840236 0.240775066032 0.00499041819605 0.0160563316054 0.0076132454382 -0.0018530348676 0.0194126119093 0.00408861702629 -0.00707416845616 0.0138058836312 0.00324924485679 0.0358327531495 -0.0138952381301 0.0151404982862 0.025474943022 0.0107705481951 0.00619699508225 0.0205316559005 -0.00502016797325 0.0120369712457 0.0298707504129 0.0180248207845 -0.00270071003328 0.0266532431005 -0.00624394789548 -0.00256612858208 0.0201395631618 -0.013344839108 0.000897557464067 -0.00783057646934 0.013076159405 0.0364640601997 
0.0149717168369 -0.00605597778854 0.000609534870325 0.0110043431225 -0.00305716371844 -0.00450699314696 -0.00128121111442 0.0245362570946 0.017050264436 0.00499041819605 0.152183132105 0.000695864450067 -0.00406240524939 0.0112676466282 0.0133696856655 0.00814315848166 0.0417086909709 0.00616430335387 -0.0105808496575 0.0127152093297 0.00149428576499 0.00230137433826 0.00738026440786 0.0222529982035 -0.00114439913456 0.00683135858345 -0.00511429141852 0.00191204868226 0.0132590092306 0.0225418155199 0.0294285677456 0.016528099493 -0.0154471743249 0.0118055555405 0.00911384547736 0.0454413244127 0.00866167760191 0.0439175444796 -0.00546963944897 0.0119900940887 
-0.00172234980571 -0.0105317823872 -0.0154891362987 0.0197064827124 0.0158139756687 0.0198950708072 -0.00312984163978 0.0079846658877 0.0256378631161 0.0160563316054 0.000695864450067 0.285964422043 0.051514369874 0.00544266974488 -0.00203314220374 -0.00315754989329 0.00899945870313 0.0124775107066 0.0267062684503 0.00494628143928 0.0198781057326 0.0112493740506 0.00106243752542 -0.00891772585936 0.00516294326497 0.0051148814253 0.00588395172227 0.0322343668548 -0.00161170709114 0.0042448504376 -0.000426198841667 0.00274920411397 0.00911345330344 0.00784537334336 0.00332877248821 0.00215281425017 0.0613122883568 0.00448155481034 0.02298054577 0.0174362948051 
0.0258005544198 0.00854665996099 0.0050197649264 0.00939933547363 0.0300008418109 0.00257720897227 0.0173160587088 0.00857200184336 0.0201689581803 0.0076132454382 -0.00406240524939 0.051514369874 0.314705993275 0.00722785923653 0.0140571654743 0.0219873535851 0.0202032763453 0.0229787870979 0.0052325703261 -0.00342761171355 -0.000653128915917 0.00476005332531 0.00901333067793 0.0093520655826 0.00719525849183 0.0041924333681 0.0419684976061 0.0268582953962 0.0100796033854 0.0106716133558 0.00908169179276 0.0231403609145 -0.00153423880121 0.0393408965694 0.00397937875465 -0.0157953947066 0.0156060025151 0.056811225627 0.0169113106776 0.00992777145367 
0.0207627698436 0.0200078556521 0.0150068942939 0.0181704969466 0.00872995818598 0.0279369524068 0.01052660949 0.0225488595904 0.0154369023828 -0.0018530348676 0.0112676466282 0.00544266974488 0.00722785923653 0.235352907239 0.00805180770238 0.0202128810475 0.0455600526173 0.00702230992505 0.0242561771093 -0.00629490174224 0.0169825519337 0.00323259675253 -0.00796183174103 0.013573323715 0.00883834326814 0.0452217968358 0.018649619099 0.0407434617642 0.0178587794431 -0.00491795217747 0.027141970937 0.0061563946036 0.0173005295807 -0.000384774288436 0.00827826884768 0.0357037472856 -0.015152525389 0.00540503002299 0.00843260027348 0.00118011486025 
0.0219835017187 0.0302044740109 0.00785816537187 0.0286182215548 0.00215505239328 -0.00665844070871 -0.00194074191391 0.0148209101955 0.0251991399117 0.0194126119093 0.0133696856655 -0.00203314220374 0.0140571654743 0.00805180770238 0.17668175277 0.0279228241914 0.00746388814813 0.0290182124357 -0.0023689034066 0.0112090797361 0.00673877824796 0.0206182668665 0.0306154731183 0.00954784788465 0.00520552096843 0.00434980864297 0.0186800573401 0.0096763337805 0.000418568392669 0.0228338258239 0.0260039778775 0.0080731177611 0.0243541392769 0.00495770509022 0.0168268203426 0.0117399615069 0.0329261095348 0.0549162559423 0.0142871621862 0.0126980755229 
0.0210159701185 0.0114005544332 0.0188313321554 0.0324656483855 0.0168314584943 0.0253210555083 0.0294095827796 0.00915843754528 0.0207260976942 0.00408861702629 0.00814315848166 -0.00315754989329 0.0219873535851 0.0202128810475 0.0279228241914 0.142181919588 0.0220378091538 0.00796563199716 0.00559074536489 0.00390369241202 0.00796424075487 0.0222427314367 0.0340171841725 0.0161138407285 0.00711745653133 0.023971293018 0.00970315931877 0.0115736136221 0.0375712589172 0.0473111067897 0.0108922481486 0.0191022751289 0.0177281367402 0.00691324820726 0.00652923335528 0.00253978540549 0.0201471778007 0.0255120707224 0.00328990807358 0.0215545883512 
0.0266712698874 -0.00172976987569 0.0303034638765 0.0116716996637 -0.000982769705876 0.0307279785619 0.00804650428463 0.0228447223983 0.0233174691563 -0.00707416845616 0.0417086909709 0.00899945870312 0.0202032763453 0.0455600526173 0.00746388814813 0.0220378091538 0.252365582912 0.021910661696 0.00532335720686 -0.00184112394807 -0.0126569568729 0.0184264342368 0.0202825524157 0.0263874093216 0.0038300070069 0.0361365283335 0.00529297536279 0.0206631085498 0.022880485837 0.0057763427032 0.0242729054165 -0.0033844280517 0.00237804475355 0.00876314773094 0.0112735659757 0.139752608092 0.0152666917214 -0.0142185094842 0.0168882403561 0.0114758834146 
0.0128438471415 0.0364321905093 0.00983929034737 0.0168955436879 0.00704183575671 0.000440044448621 0.00215454533318 0.0225798351561 0.0134326778696 0.0138058836312 0.00616430335387 0.0124775107066 0.0229787870979 0.00702230992505 0.0290182124357 0.00796563199716 0.021910661696 0.404015597135 -0.00831570826422 0.00253475792972 0.0226013177749 0.0200821926993 0.0214354795944 0.00812162834382 0.00413439972553 0.0259724969576 0.0256349529729 0.0404753390972 0.00432982727166 0.0124387455789 -0.00249407878051 0.0139372253725 -0.0045718781609 -0.00285113494251 0.00869176356258 0.0558359830025 0.0539007715274 -0.0107200107466 0.00123532770171 0.0005191560194 
0.00641008449579 -0.00730519926964 -0.00169173224798 -0.000675273700557 0.0185622066885 -0.0180250628475 0.04227028666 0.00265498893025 0.0106017640281 0.00324924485679 -0.0105808496575 0.0267062684503 0.0052325703261 0.0242561771093 -0.0023689034066 0.00559074536489 0.00532335720686 -0.00831570826422 0.368954556659 -0.0203785862409 0.213745146584 0.0202658184825 -0.00261410965036 -0.00371087369015 0.0536878220407 0.0260134224623 0.020068281049 -0.00921534403847 0.0435775279121 0.0169581559704 0.00912475585201 -0.0058741193547 0.0238095596589 0.00478762146077 0.0307601780772 0.00326012802664 0.0457172221141 -0.00313520235415 0.0215692458185 0.0222845472878 
0.00934441339733 0.0249070418012 -0.00502906041612 0.0198941981145 0.0160894378826 0.0142444129719 -0.00969265174469 0.0356936715557 0.00995811305357 0.0358327531495 0.0127152093297 0.00494628143928 -0.00342761171355 -0.00629490174224 0.0112090797361 0.00390369241202 -0.00184112394807 0.00253475792972 -0.0203785862409 0.367042001813 -0.00598510416353 -0.00245676836846 -0.00130835357211 0.0318092229298 0.0141369172486 0.00286750145322 0.0215854943668 -0.00109587761985 0.0124519698077 0.0030541985774 0.0135649061635 0.0688801858771 -0.0106040451342 0.0286443740167 0.0126466939731 -0.0251765347302 0.0118838636048 0.0195858628228 0.0163870184974 0.012971049722 
0.000286514827447 0.0246071994764 -0.0196216418504 0.00750395406422 -0.00321568162724 -0.0223091189135 0.0651639233771 0.0275634680632 0.0206861804054 -0.0138952381301 0.00149428576499 0.0198781057326 -0.000653128915917 0.0169825519337 0.00673877824796 0.00796424075487 -0.0126569568729 0.0226013177749 0.213745146584 -0.00598510416353 0.418778111336 0.0160112118248 -0.00252174159726 -0.00364152485911 0.0567130035279 0.0203526608479 0.00371277849249 0.0127195319787 0.0317593654501 0.00969699507222 0.0332469693601 -0.0210840776035 0.0194771758928 0.0317592737288 0.0221619789397 -0.00888112731123 0.02491866864 0.0264726650713 0.0429624044506 0.036742531351 
0.0394543179817 0.0140775481062 0.00946151343377 0.017049855683 0.016665090399 0.0170646233307 0.0353073077835 0.00687974214083 0.0298347484441 0.0151404982862 0.00230137433826 0.0112493740506 0.00476005332531 0.00323259675253 0.0206182668665 0.0222427314367 0.0184264342368 0.0200821926993 0.0202658184825 -0.00245676836846 0.0160112118248 0.211434459598 0.0384677644516 0.00676821223088 0.023200497259 0.055029529938 0.0254175527027 0.00549308302899 0.0211732223034 0.0197700911507 -0.0169370547654 0.0334217867878 0.00811892099626 0.0225029888462 0.0234871035825 0.0172221114394 0.0287777159059 0.0484516403083 0.0460671305566 0.0206048736965 
0.0715616687378 0.06433031203 0.0329125814017 0.0181481386726 0.0116268234902 0.0231513447045 0.00294960081022 -0.0165850322636 -0.000323030887215 0.025474943022 0.00738026440786 0.00106243752542 0.00901333067793 -0.00796183174103 0.0306154731183 0.0340171841725 0.0202825524157 0.0214354795944 -0.00261410965036 -0.00130835357211 -0.00252174159726 0.0384677644516 0.321412932078 0.0455935618498 0.00406402479898 0.019336006589 0.0216172719983 0.0275567163737 0.0225836262562 0.0356950296487 -0.00294561706238 0.055929887653 0.00162529799629 0.0537894173963 0.0106187367501 -0.0223761704365 0.0691900796626 0.00801920016662 0.0221395983235 0.00422438829291 
-0.00331673427776 -0.0447753011729 -0.00950442107503 0.0114123774895 0.00553797317157 0.0191540505126 0.00656374009459 -0.00130402940499 0.0248902418907 0.0107705481951 0.0222529982035 -0.00891772585936 0.0093520655826 0.013573323715 0.00954784788465 0.0161138407285 0.0263874093216 0.00812162834382 -0.00371087369015 0.0318092229298 -0.00364152485911 0.00676821223088 0.0455935618498 0.308549377449 0.00367101710133 0.025298235521 -0.0167865586389 -0.0287799613672 0.0111193742243 0.00266958314577 0.0114225212615 0.0309947706902 0.0204452842577 0.017726863808 0.0195695902031 -0.0416325436691 0.0059316370287 0.0134711830743 -0.000119538675337 0.0243178798587 
0.0129547291949 0.0529738282274 0.0178145539843 0.0263985054493 0.00733190534215 0.00545517514919 0.0279595102049 0.00276189010692 0.0324943920981 0.00619699508225 -0.00114439913456 0.00516294326496 0.00719525849183 0.00883834326814 0.00520552096843 0.00711745653133 0.0038300070069 0.00413439972553 0.0536878220407 0.0141369172486 0.0567130035279 0.023200497259 0.00406402479898 0.00367101710133 0.177839529018 0.0285285623704 0.0401286532594 0.00830544183804 0.0106134411328 -0.00094453984676 0.0110776805376 0.00914433354021 -0.00261323188767 -0.0013712956619 0.0401512439999 0.0215306948919 0.0229926646489 0.0247584593332 0.0187678394279 0.0432483512826 
0.0242456441735 0.0476349331836 0.0109948377733 0.034526226763 0.044439252291 0.0403072142289 0.0541943673212 0.00579076784011 0.0090313107802 0.0205316559005 0.00683135858345 0.0051148814253 0.0041924333681 0.0452217968358 0.00434980864297 0.023971293018 0.0361365283335 0.0259724969576 0.0260134224623 0.00286750145322 0.0203526608479 0.055029529938 0.019336006589 0.025298235521 0.0285285623704 0.380734559869 0.0395117918821 0.0124848709432 0.0503646304717 0.0229344813784 0.0135726609116 0.0203137349915 0.063683570668 0.0884587630407 0.0203758248523 0.0477567080391 -0.00477737092827 0.0217916440403 0.0500968713533 0.00510758394155 
0.0234701858585 0.0463131639473 0.00928258174687 0.0191860023623 0.00358033927187 0.00996490835083 0.0367236875406 0.0258280712146 0.0363575883321 -0.00502016797325 -0.00511429141852 0.00588395172227 0.0419684976061 0.018649619099 0.0186800573401 0.00970315931877 0.00529297536279 0.0256349529729 0.020068281049 0.0215854943668 0.00371277849249 0.0254175527027 0.0216172719983 -0.0167865586389 0.0401286532594 0.0395117918821 0.198560822337 0.0344909186551 0.01706610867 0.00986595268285 0.0173744636848 0.0286883054837 -0.000541723098915 0.00130162622873 0.00821636046876 0.0331574699621 0.0470127701182 0.0211841321887 0.0398588652408 0.00737438713905 
0.0104985426313 0.0184556537068 -0.0140733705638 0.0175990869343 0.00563325124125 0.0326340074291 0.0346010440929 0.0145625153545 -0.00315982704777 0.0120369712457 0.00191204868226 0.0322343668548 0.0268582953962 0.0407434617642 0.0096763337805 0.0115736136221 0.0206631085498 0.0404753390972 -0.00921534403847 -0.00109587761985 0.0127195319787 0.00549308302899 0.0275567163737 -0.0287799613672 0.00830544183804 0.0124848709432 0.0344909186551 0.310388505305 0.0263407678235 -0.0181567427779 0.0505760817063 0.036610406464 -0.0125934582972 0.0103895362117 0.0181921499289 0.0299303770781 0.00821939303299 0.019033501208 0.0135559734023 0.00626094658342 
0.0135256408582 0.0469812208076 0.0234307998811 0.0137245312256 0.0322479491554 0.00224044293729 0.0194667234158 0.0129996065624 0.0143550925405 0.0298707504129 0.0132590092306 -0.00161170709114 0.0100796033854 0.0178587794431 0.00041856839267 0.0375712589172 0.022880485837 0.00432982727166 0.0435775279121 0.0124519698077 0.0317593654501 0.0211732223034 0.0225836262562 0.0111193742243 0.0106134411329 0.0503646304717 0.01706610867 0.0263407678235 0.196651738725 0.0131994937921 0.00610048312163 0.00965061405613 0.00911761416153 0.0394789449032 0.03422494007 -0.0102451242836 0.0199557029812 0.00915989054724 0.0443853959726 0.0216648224716 
0.00669254476048 0.0294521149572 0.0181507032242 0.0138735002111 0.0101806667224 0.0119712556361 0.0512092604979 0.0187763239653 0.013652096544 0.0180248207845 0.0225418155199 0.0042448504376 0.0106716133558 -0.00491795217747 0.0228338258239 0.0473111067897 0.0057763427032 0.0124387455789 0.0169581559704 0.0030541985774 0.00969699507222 0.0197700911507 0.0356950296487 0.00266958314577 -0.00094453984676 0.0229344813784 0.00986595268285 -0.0181567427779 0.0131994937921 1.30065451074 0.01666209383 0.0517406266401 -0.0250604601583 0.0150952536966 0.0205030020918 -0.00758577542202 0.0376612622785 -0.00507992724382 0.015615308184 0.0135649112453 
0.0167833551646 0.0617413543306 -0.00937695648254 0.0218605275219 0.00916515211684 0.0238691653167 0.0316078989015 0.0256312798759 0.043295632186 -0.00270071003328 0.0294285677456 -0.000426198841667 0.00908169179276 0.027141970937 0.0260039778775 0.0108922481486 0.0242729054165 -0.00249407878051 0.00912475585201 0.0135649061635 0.0332469693601 -0.0169370547654 -0.00294561706238 0.0114225212615 0.0110776805376 0.0135726609116 0.0173744636848 0.0505760817063 0.00610048312163 0.01666209383 0.380356995242 0.0365445131471 0.00284361873051 0.0111633485244 0.005331404863 0.00779758443348 0.00351706517677 0.0411556656039 0.0120197679746 0.00667428660025 
0.0224825923791 0.0327391167258 0.0291869083347 0.0137800843103 0.0174344467316 -0.014536219467 0.0235930878235 0.00548822245048 0.0326872422955 0.0266532431005 0.016528099493 0.00274920411397 0.0231403609145 0.0061563946036 0.0080731177611 0.0191022751289 -0.0033844280517 0.0139372253725 -0.0058741193547 0.0688801858771 -0.0210840776035 0.0334217867878 0.055929887653 0.0309947706902 0.00914433354021 0.0203137349915 0.0286883054837 0.036610406464 0.00965061405613 0.0517406266401 0.0365445131471 0.319374388007 0.00273408668551 0.0161617668259 0.00174083738696 0.0121311865189 0.0576249485158 0.0738579913953 0.0350125044752 0.027237527295 
0.000681295463374 0.144305425062 0.0203790199847 0.00823011847005 0.0331392650491 0.0387047936626 0.0493281638433 0.0311361422879 -0.00137445727755 -0.00624394789548 -0.0154471743249 0.00911345330344 -0.00153423880121 0.0173005295807 0.0243541392769 0.0177281367402 0.00237804475355 -0.0045718781609 0.0238095596589 -0.0106040451342 0.0194771758928 0.00811892099626 0.00162529799629 0.0204452842577 -0.00261323188767 0.063683570668 -0.000541723098915 -0.0125934582972 0.00911761416153 -0.0250604601583 0.00284361873051 0.00273408668551 0.828561524266 0.0639038606332 0.00365828771161 0.05215167178 0.01582899243 0.0321716408029 0.00551288956021 0.0205101000684 
0.00802793153145 0.0390989642921 -0.00843343452723 -0.00239109573748 0.0694791231272 0.0321747692481 0.0429471559174 0.0249364625046 0.0201408703992 -0.00256612858208 0.0118055555405 0.00784537334336 0.0393408965694 -0.000384774288437 0.00495770509022 0.00691324820725 0.00876314773094 -0.00285113494251 0.00478762146077 0.0286443740167 0.0317592737288 0.0225029888462 0.0537894173963 0.017726863808 -0.0013712956619 0.0884587630407 0.00130162622873 0.0103895362117 0.0394789449032 0.0150952536966 0.0111633485244 0.0161617668259 0.0639038606332 0.607287550008 -0.000784181325984 0.0333848339458 -0.0248680704265 0.00150975726709 0.0163551503205 0.0111082148023 
0.00753352333719 0.0233806509873 -0.00129767118972 0.014097340622 0.00392394827353 -0.00214836863277 0.0252964228375 0.0139774489963 0.0265353997901 0.0201395631618 0.00911384547736 0.00332877248821 0.00397937875465 0.00827826884768 0.0168268203426 0.00652923335528 0.0112735659757 0.00869176356258 0.0307601780772 0.0126466939731 0.0221619789397 0.0234871035825 0.0106187367501 0.0195695902031 0.040151244 0.0203758248523 0.00821636046876 0.0181921499289 0.03422494007 0.0205030020918 0.005331404863 0.00174083738696 0.00365828771161 -0.000784181325984 0.132216574475 0.00793741702434 0.0166992895549 0.0149086376002 0.0227913182678 0.0448460384459 
0.00706668179438 0.0982998484639 -0.0113925803713 0.00725076057322 0.0186601851043 0.0417954821216 0.0127698290402 0.0181424295587 0.0226948316895 -0.013344839108 0.0454413244127 0.00215281425017 -0.0157953947066 0.0357037472856 0.0117399615069 0.00253978540549 0.139752608092 0.0558359830025 0.00326012802664 -0.0251765347302 -0.00888112731123 0.0172221114394 -0.0223761704365 -0.0416325436691 0.0215306948919 0.0477567080391 0.0331574699621 0.0299303770781 -0.0102451242836 -0.00758577542202 0.00779758443348 0.0121311865189 0.05215167178 0.0333848339458 0.00793741702434 0.54613989333 0.028007040005 0.0229701966634 0.0270787460107 0.00461625816912 
0.0436643077334 0.0394955030975 0.00166847518437 0.016416297473 -0.0152001181666 0.0547832821379 0.0342829269695 0.0426245568728 0.0412459767432 0.000897557464067 0.00866167760191 0.0613122883568 0.0156060025151 -0.015152525389 0.0329261095348 0.0201471778007 0.0152666917214 0.0539007715274 0.0457172221141 0.0118838636048 0.02491866864 0.0287777159059 0.0691900796626 0.0059316370287 0.0229926646489 -0.00477737092827 0.0470127701182 0.00821939303299 0.0199557029812 0.0376612622785 0.00351706517677 0.0576249485158 0.01582899243 -0.0248680704265 0.0166992895549 0.028007040005 0.504424144263 0.0228775810817 0.020619559775 0.0391472306192 
0.0255908310338 0.0464470464126 0.0127668466464 0.0136046249694 0.0455790894339 0.0103311867704 0.0105863324852 0.0430427982492 0.0333776203019 -0.00783057646934 0.0439175444796 0.00448155481034 0.056811225627 0.00540503002299 0.0549162559423 0.0255120707224 -0.0142185094842 -0.0107200107466 -0.00313520235415 0.0195858628228 0.0264726650713 0.0484516403083 0.00801920016662 0.0134711830743 0.0247584593332 0.0217916440403 0.0211841321887 0.019033501208 0.00915989054724 -0.00507992724382 0.0411556656039 0.0738579913953 0.0321716408029 0.00150975726709 0.0149086376002 0.0229701966634 0.0228775810817 0.617139279147 0.0384634411627 0.0220715562971 
0.018302330486 0.0164851813145 6.50742029332e-05 0.0283608163237 0.024508981455 0.0274705364606 0.0363954671668 0.00839286544713 0.0322717726901 0.013076159405 -0.00546963944897 0.02298054577 0.0169113106776 0.00843260027348 0.0142871621862 0.00328990807358 0.0168882403561 0.00123532770171 0.0215692458185 0.0163870184974 0.0429624044506 0.0460671305566 0.0221395983235 -0.000119538675337 0.0187678394279 0.0500968713533 0.0398588652408 0.0135559734023 0.0443853959726 0.015615308184 0.0120197679746 0.0350125044752 0.00551288956021 0.0163551503205 0.0227913182678 0.0270787460107 0.020619559775 0.0384634411627 0.2286057659 0.0241543283524 
0.00901906989742 0.00687410159254 -0.0100377667474 0.00757559538924 -0.000109947936199 -0.00329007149773 0.016230044885 0.0127963731344 0.0381250693761 0.0364640601997 0.0119900940887 0.0174362948051 0.00992777145367 0.00118011486025 0.0126980755229 0.0215545883512 0.0114758834146 0.0005191560194 0.0222845472878 0.012971049722 0.036742531351 0.0206048736965 0.00422438829291 0.0243178798587 0.0432483512826 0.00510758394155 0.00737438713905 0.00626094658342 0.0216648224716 0.0135649112453 0.00667428660025 0.027237527295 0.0205101000684 0.0111082148023 0.0448460384459 0.00461625816912 0.0391472306192 0.0220715562971 0.0241543283524 0.207156543552 
0.0167942652225 0.00171932104255 0.00224754738803 0.00246724811272 -0.000129477470452 0.00146871131049 0.000602313888289 -0.000228186353298 0.0010803606194 0.000609080588983 0.0012965887119 -0.000149159868595 0.00223439355593 0.00179810861375 0.00190382709526 0.00182003640078 0.00230979972737 0.00111230979069 0.000555129601376 0.000809249938555 2.4812911913e-05 0.00341684416611 0.00619742230641 -0.000287237614214 0.00112191245819 0.00209973437854 0.0020325777185 0.000909200462143 0.00117135485856 0.000579591377854 0.00145348119332 0.00194704961432 5.90019178765e-05 0.000695239264607 0.000652422259001 0.000611992595439 0.00378143997358 0.00221623097792 0.00158502831494 0.000781074364967 
0.00171932104255 0.0867429737093 0.00178120989616 -0.00105470804517 0.00204986877338 0.00100068825688 0.00863938667992 -0.000406708992304 -0.000217692683007 0.00128567388404 -0.000524463060963 -0.000912079109442 0.000740162464372 0.001732731127 0.00261578418014 0.000987316975635 -0.000149802465504 0.00315512024966 -0.000632648814722 0.0021570130933 0.00213104598625 0.0012191514283 0.00557116844513 -0.00387765482778 0.00458766809806 0.00412530622445 0.0040108376508 0.00159830649535 0.00406869307202 0.00255062797481 0.00534695813143 0.0028352906782 0.0124972164007 0.00338606963386 0.0020248237712 0.00851301659579 0.00342041090177 0.0040224322124 0.00142765858043 0.000595314660733 
0.00224754738803 0.00178120989616 0.0125678468929 0.0010126931335 -0.000805300317143 4.15031411237e-05 0.00147806458976 -0.000631943100453 0.00202136436184 -0.000429764690017 5.27872682193e-05 -0.00134139855174 0.000434724394729 0.00129963516904 0.000680537083918 0.00163084120337 0.00262435695397 0.000852107539603 -0.000146508310316 -0.000435529407752 -0.00169928403064 0.000819391099189 0.0028503131598 -0.000823107009924 0.00154278563075 0.000952180882214 0.000803895160549 -0.00121878964251 0.0020291667928 0.00157189700887 -0.000812068252406 0.00252766040757 0.0017648749011 -0.000730356854174 -0.000112381621605 -0.000986626401622 0.000144494189525 0.0011056413522 5.63559128712e-06 -0.00086929610005 
0.00246724811272 -0.00105470804517 0.0010126931335 0.0117517321576 0.00092352078689 0.0038239873672 0.000321000670792 0.00092442191537 0.00246000356077 0.000371784087764 0.000953004069601 0.00170663146482 0.000814006329886 0.00157361119551 0.00247841068776 0.00281160762522 0.00101079884141 0.00146319700444 -5.8480417919e-05 0.00172288809551 0.000649861484845 0.00147656081523 0.00157167491219 0.000988340882351 0.0022861776341 0.00299005894736 0.00166155654428 0.00152412563685 0.00118857926964 0.00120148036223 0.00189317721741 0.0011933903079 0.000712749167122 -0.000207074965154 0.00122086551044 0.000627934285317 0.00142169306477 0.00117819508325 0.00245611874083 0.000656065805588 
-0.000129477470452 0.00204986877338 -0.000805300317143 0.00092352078689 0.0290603433447 0.00127939697354 0.00291810928433 5.1319451991e-05 0.0019442708945 0.000913545577259 -0.00026475814437 0.00136953046639 0.00259814911431 0.000756036556304 0.000186633011906 0.00145764706388 -8.51103531359e-05 0.000609840865459 0.00160753425425 0.00139338619389 -0.000278486197967 0.00144323916419 0.00100691245079 0.000479602545205 0.000634961628444 0.00384855214092 0.000310066476361 0.000487853868082 0.00279275431885 0.000881671600903 0.000793725456273 0.00150986737705 0.00286994453952 0.00601706856608 0.000339823888802 0.00161601943397 -0.00131636884728 0.00394726493311 0.0021225400561 -9.52177058424e-06 
0.00146871131049 0.00100068825688 4.15031411236e-05 0.0038239873672 0.00127939697354 0.0223750308215 0.000774282853984 0.000242598055988 0.00260130996699 0.00109549060855 -0.000390317055995 0.00172296367291 0.000223192844084 0.00241941104886 -0.000576637880333 0.00219286773208 0.00266112100416 3.810896713e-05 -0.00156101623308 0.00123360234957 -0.00193202637151 0.00147783973104 0.00200496526459 0.00165878943293 0.000472432026129 0.0034907071478 0.000862986377821 0.00282618794609 0.000194028049942 0.0010367411496 0.00206713035314 -0.00125887353334 0.00335193345601 0.00278641675298 -0.000186054181267 0.00361959492807 0.00474437140341 0.000894707019444 0.00237901824305 -0.00028492854973 
0.000602313888289 0.00863938667992 0.00147806458976 0.000321000670792 0.00291810928433 0.000774282853984 0.0383531790276 0.00352361507783 0.00405623914668 0.00126460651071 -0.00011095613727 -0.000271052236987 0.00149961467352 0.000911631123403 -0.000168073179964 0.00254694458018 0.000696847712215 0.000186589099214 0.00366071420728 -0.000839408264094 0.00564336130549 0.00305770254798 0.000255442923267 0.000568436566575 0.00242136461148 0.00469336988422 0.00318036463308 0.00299653831819 0.00168586770065 0.00443485205002 0.00273732434089 0.00204322134089 0.00427194430103 0.00371933280447 0.00219073448022 0.00110589963508 0.00296898856717 0.00091680328651 0.00315193991491 0.00140556311749 
-0.000228186353297 -0.000406708992304 -0.000631943100453 0.00092442191537 5.1319451991e-05 0.000242598055988 0.00352361507783 0.0163980531712 0.00136667232944 0.000222454557141 0.00212490219577 0.000691492349948 0.000742357135764 0.00195278852316 0.00128352847365 0.000793143957319 0.00197841099393 0.00195547108584 0.000229928786036 0.00309116263215 0.00238706635592 0.000595803146544 -0.00143630592629 -0.0001129322592 0.000239186699506 0.000501495205696 0.00223677658026 0.001261150824 0.00112579895222 0.00162607735436 0.0022197339504 0.000475294006373 0.00269646901972 0.00215956100095 0.00121048259109 0.00157118048842 0.00369139490769 0.00372761567338 0.000726843468776 0.00110819842107 
0.0010803606194 -0.000217692683007 0.00202136436184 0.00246000356077 0.0019442708945 0.00260130996699 0.00405623914668 0.00136667232944 0.0156524396041 0.000496506082037 0.00147659621429 0.00222030407573 0.0017466830152 0.00133687496192 0.0021823095317 0.00179493271245 0.00201935206413 0.00116330402759 0.000918139697325 0.000862397887815 0.00179147577383 0.00258376500681 -2.79752954535e-05 0.00215555817837 0.00281409690375 0.000782134456513 0.0031486595116 -0.000273649049493 0.00124318748137 0.00118230624221 0.0037495117346 0.00283079822075 -0.000119031491877 0.001744250542 0.00229803303178 0.00196543007777 0.00357200636635 0.00289058670993 0.00279481749748 0.00330172786008 
0.000609080588983 0.00128567388404 -0.000429764690017 0.000371784087764 0.000913545577259 0.00109549060855 0.00126460651071 0.000222454557141 0.000496506082037 0.0208517323782 0.000432182893329 0.00139051910619 0.000659326395473 -0.000160477526944 0.00168118150673 0.000354084621111 -0.000612640959368 0.00119562459463 0.000281392858909 0.0031032074515 -0.00120336292123 0.00131120561418 0.0022061947817 0.000932756834965 0.000536675516836 0.00177809355916 -0.00043475929961 0.00104243228834 0.00258688286877 0.0015609952698 -0.000233888349708 0.00230823856182 -0.000540741749739 -0.000222233254146 0.00174413733193 -0.00115569696769 7.77307565238e-05 -0.000678147814873 0.00113242862287 0.00315788024581 
0.0012965887119 -0.000524463060963 5.27872682194e-05 0.000953004069601 -0.00026475814437 -0.000390317055995 -0.00011095613727 0.00212490219577 0.00147659621429 0.000432182893329 0.013179445843 6.02636291348e-05 -0.000351814614644 0.000975806822084 0.0011578487427 0.000705218211216 0.00361207859394 0.000533844330109 -0.000916328459704 0.0011011694294 0.0001294089433 0.000199304864055 0.000639149646385 0.00192716617546 -9.91078722599e-05 0.000591613007563 -0.000442910629079 0.000165588273211 0.00114826388227 0.00195217848877 0.00254858872647 0.00143137540372 -0.00133776453821 0.00102239110039 0.000789282170956 0.0039353341323 0.000750123284264 0.00380337091912 -0.000473684671235 0.00103837260746 
-0.000149159868595 -0.000912079109442 -0.00134139855174 0.00170663146482 0.00136953046639 0.00172296367291 -0.000271052236987 0.000691492349948 0.00222030407573 0.00139051910619 6.02636291348e-05 0.0247652454068 0.00446127529708 0.000471349026348 -0.000176075279794 -0.000273451842131 0.000779375985722 0.00108058412479 0.00231283069183 0.000428360538068 0.00172149445435 0.000974224370448 9.20097886946e-05 -0.000772297713819 0.000447124002576 0.000442961725166 0.000509565166613 0.00279157805712 -0.000139577928439 0.000367614831423 -3.69099023947e-05 0.000238088060289 0.000789248207699 0.000679429261752 0.000288280153821 0.000186439183027 0.00530979992811 0.00038811403142 0.00199017364296 0.00151002742491 
0.00223439355593 0.000740162464372 0.000434724394729 0.000814006329886 0.00259814911431 0.000223192844084 0.00149961467352 0.000742357135764 0.0017466830152 0.000659326395473 -0.000351814614644 0.00446127529708 0.0272543384899 0.000625950971381 0.0012173862406 0.00190416067667 0.00174965505547 0.00199002133749 0.000453153882949 -0.000296839881824 -5.6562623313e-05 0.000412232710308 0.00078057733398 0.000809912637239 0.000623127664072 0.000363075380045 0.00363457850856 0.00232599661155 0.000872919259181 0.000924188826548 0.000786497580187 0.00200401404047 -0.000132868977732 0.00340702158367 0.000344624309281 -0.00136792130787 0.00135151946296 0.00491999646131 0.00146456246581 0.000859770228185 
0.00179810861375 0.001732731127 0.00129963516904 0.00157361119551 0.000756036556304 0.00241941104886 0.000911631123403 0.00195278852316 0.00133687496192 -0.000160477526944 0.000975806822084 0.000471349026348 0.000625950971381 0.0203821596523 0.000697307001664 0.00175048684708 0.00394561629643 0.000608149878834 0.00210064655753 -0.000545154482311 0.00147073213957 0.000279951090788 -0.000689514854839 0.0011754843151 0.000765422979757 0.00391632248645 0.00161510439107 0.00352848729259 0.00154661566783 -0.000425907152029 0.00235056363402 0.000533159412244 0.00149826981158 -3.33224308509e-05 0.000716919112145 0.00309203521597 -0.00131224719184 0.000468089330813 0.00073028460568 0.000102200944836 
0.00190382709526 0.00261578418014 0.000680537083918 0.00247841068776 0.000186633011906 -0.000576637880333 -0.000168073179964 0.00128352847365 0.0021823095317 0.00168118150673 0.0011578487427 -0.000176075279794 0.0012173862406 0.000697307001664 0.0153010886284 0.00241818750951 0.000646391674728 0.00251305091417 -0.000205153052922 0.000970734780454 0.00058359531532 0.00178559428884 0.00265137774693 0.000826867881958 0.00045081133986 0.000376704478641 0.00161774042006 0.000837995086941 3.62490861273e-05 0.00197746732291 0.00225201054413 0.000699152506885 0.00210913033011 0.00042934985526 0.00145724538816 0.00101671049044 0.0028514847305 0.00475588727268 0.00123730454012 0.0010996855982 
0.00182003640078 0.000987316975635 0.00163084120337 0.00281160762522 0.00145764706388 0.00219286773208 0.00254694458018 0.000793143957318 0.00179493271245 0.000354084621111 0.000705218211216 -0.000273451842131 0.00190416067667 0.00175048684708 0.00241818750951 0.0123133154322 0.0019085302571 0.000689843966674 0.000484172751209 0.000338069679737 0.000689723481557 0.00192627704737 0.00294597456586 0.00139549954234 0.000616389816646 0.00207597487151 0.000840318246702 0.00100230434103 0.00325376646745 0.0040972620361 0.000943296360099 0.00165430555317 0.00153530167788 0.000598704857015 0.000565448195291 0.000219951868132 0.001744796779 0.00220941013488 0.000284914396784 0.00186668210803 
0.00230979972737 -0.000149802465504 0.00262435695397 0.00101079884141 -8.51103531359e-05 0.00266112100416 0.000696847712215 0.00197841099393 0.00201935206413 -0.000612640959368 0.00361207859394 0.000779375985722 0.00174965505547 0.00394561629643 0.000646391674728 0.0019085302571 0.0218555005843 0.00189751896425 0.000461016257456 -0.000159446011054 -0.00109612461865 0.00159577601502 0.00175652056456 0.00228521668126 0.000331688336465 0.00312951515414 0.000458385112578 0.00178947769253 0.00198150819857 0.000500245952194 0.00210209527143 -0.000293100067005 0.000205944716791 0.000758910855211 0.000976319452621 0.0121029308853 0.00132213428624 -0.00123135904173 0.00146256451736 0.000993840656792 
0.00111230979069 0.00315512024966 0.000852107539603 0.00146319700444 0.000609840865459 3.810896713e-05 0.000186589099214 0.00195547108584 0.00116330402759 0.00119562459463 0.000533844330109 0.00108058412479 0.00199002133749 0.000608149878834 0.00251305091417 0.000689843966674 0.00189751896425 0.0349887770644 -0.000720161460728 0.000219516475958 0.0019573315352 0.00173916890413 0.00185636698711 0.000703353646585 0.000358049519171 0.0022492842165 0.00222005204994 0.00350526718849 0.000374974041125 0.00107722696626 -0.000215993558296 0.00120699912308 -0.000395936263035 -0.000246915528983 0.000752728804888 0.00483553797255 0.00466794374263 -0.000928380163538 0.000106982517168 4.49602301328e-05 
