60
0.0962618702605 0.0194782181544 0.0300310371189 0.424855775916 0.115739319126 -0.0142899737039 0.0729597235382 0.0695206157777 0.0206658862902 0.134360436546 0.088181568025 0.0623269012124 0.0413299620627 0.134581744136 0.0766259396051 0.0135435889675 0.00535997805058 0.0714432896303 0.0381517477001 0.0384658872101 0.0625636206577 0.00792878112812 0.0573021249509 0.13588321519 0.0904248988876 0.149701567326 0.022775665512 0.0463620133958 0.072987431854 0.142251168296 0.0520830917934 0.073470583658 0.0358419118375 0.104550469133 0.00413185853021 0.0524452719686 0.0526772687529 -0.00648668223639 0.0948967479515 0.0917148498368 0.00154943769328 0.0224960645228 0.0321720089654 0.0905831054983 0.0800542827641 0.143358946574 0.00851722536111 0.085684238521 0.0952470994091 0.13534553156 0.0202129727645 0.0433119494187 0.0300764430792 0.0657027666716 0.28152338764 0.0475630895173 0.082081594572 0.0205855922537 0.170228010564 0.0798623823862 
0.361004860972 0.0121649273939 0.0106736265787 0.0184100912538 0.0280473523112 0.0290286682759 0.0758642982607 0.0274419326503 0.0156646396481 -0.00692351406646 -0.00415388770005 -0.0212772020798 0.0176774045582 -0.0128776587263 0.0402424607323 -0.000610488501267 0.0249688747489 -0.0134454339864 -0.00658297726671 -0.000654277942199 0.00277808960969 0.0133331163192 0.00175941642812 -0.00476479829207 0.0390531228043 0.0946461483395 0.0275974652706 0.0413980313566 0.032772367024 0.0419528013528 0.0156088067254 0.0315476149425 0.00670157905463 0.0181148228277 0.0464798731913 0.0159457138902 0.0126993656776 0.00721907243411 0.0575177163689 0.0203423323145 0.00723394471571 0.0178942139144 0.0120300981703 0.0104737360258 0.00961979604531 0.0133498419882 0.0217121436888 0.0292291511086 0.039858168876 0.0361157188072 0.0484049313808 -0.0026321125993 0.010637806125 0.0192072802851 -0.013770088015 -0.00804215313607 0.0389779337229 0.0210155383514 0.0154175156819 0.0149984593834 
0.0121649273939 0.156591337124 0.0191271150563 0.0114638250175 0.0339123206257 0.0167198857832 0.0242409539726 -0.00262550534726 0.0274239634938 0.00845747055317 0.0153066393299 0.038629318054 0.026090067729 0.0285358607444 0.0362265027036 0.0184601792493 0.0189327227412 0.00225645474162 0.00442964181721 0.0445794046288 0.0264179591498 0.0276979199882 0.0169831871229 0.00179054750851 -0.000784862666748 -0.00109213300662 0.0224375230527 0.00988281814495 0.00331819594328 0.0209027361807 0.00697843504186 0.0290203974083 0.00847872771959 0.00794073868603 -0.000807138825069 0.0171257384398 0.0165768272938 0.00159443651917 0.0111280109614 0.0324306636934 0.0122053415488 0.0237112493774 0.0269636879643 0.0104532962263 0.00878714610516 0.00569032638315 0.0168620288381 0.014988368506 0.038511147508 0.038223244037 0.0063364819134 0.0295915781082 0.0094039790124 0.0245274170906 0.0189088822949 -0.00105031141267 0.0160488671454 0.0148433411687 0.00808524171293 0.0106313901745 
0.0106736265787 0.0191271150563 0.254629972354 -0.00299248336348 -0.00951460306449 0.00562895805892 0.0159479762536 -0.0015176857236 0.021988626531 0.0170492219848 0.0110418329129 0.0241781971903 0.00681807240177 -0.0130852484185 -0.00725651114843 0.0115430234606 0.0240449199039 0.0051934192492 0.00540427115796 0.00706744127851 0.0010835154451 -0.00131436822102 0.0106128808828 0.0146234413481 0.0222208206016 0.0155341755343 0.0512439299256 0.00372635511189 0.0173727555689 0.017299453448 0.00310021106237 0.015273097588 0.00672936412038 -0.00225450030691 0.00362864789643 0.00561090843474 -0.000461912822062 0.0110333726138 -0.0154826865688 0.0113348054151 -0.0172050233062 -0.00328997699914 -0.0105718262429 0.0123774692293 0.00525027414999 0.0111624376271 0.0302581077428 0.00720387634143 -0.0143960106687 -0.00475586534805 -0.00390014874635 0.00911829363725 -0.00505885909667 0.0228786099713 -0.000722028479008 -0.00646232817134 0.00475281322367 0.00776730626501 -0.000433700592497 0.0238170692661 
0.0184100912538 0.0114638250175 -0.00299248336347 3.74612206565 0.00572661091214 0.0401887735512 -0.0227160892271 0.0141572591011 -0.00532756352751 -0.021206661005 -0.00122181005604 -0.0126154430517 -0.00175410475593 0.035261166516 0.014542188252 0.00449504362632 0.00316242203635 0.0258743416393 0.0405757961497 0.0163677712058 -0.0101575254805 0.000218946469682 0.0244037628798 -0.0228418107662 -0.0512766609717 -0.0204749427341 -0.0052516409757 0.014034827989 0.0345473794867 0.126568346155 0.0122166953898 -0.0319524699007 -0.0116272496417 0.0129668311434 0.0184075428181 -0.00659569195855 0.00996473097079 -0.0240459662282 -0.00281054441719 -0.00605285173705 -0.0025141967924 0.00740633564052 -0.0034710286502 0.0192788764442 0.047759387116 -0.0303327169921 -0.0181536832689 0.00408140424887 0.0275225807814 0.00583100261241 -0.00870966244144 0.00171376624015 -0.00311404023592 0.00374941192838 -0.00188837312335 0.0124158935146 -0.00895102403916 0.00100079269634 -0.0100598044688 -0.0260086823763 
0.0280473523112 0.0339123206257 -0.00951460306449 0.00572661091214 0.345208377554 0.0141767206599 -0.0192130881177 0.0100789565744 0.0505205573844 0.044771028289 -0.0103491134563 0.0309360335694 0.0109835560791 0.0359519454901 0.0375722445933 0.00793564567031 0.0287345133536 -0.00704306033548 0.00209410766662 0.0261406302055 0.0503178932106 0.00756739140314 0.0280949258765 0.0023131236211 0.0249404501989 0.00822760264564 0.037938953209 0.0214178021958 -0.00487824127799 0.0169304810242 0.0519626981185 0.0493902723314 0.0212836159416 0.00285482814912 -0.00166323223973 0.0167837287907 0.0328439976794 0.0383140876341 0.0105628361018 0.0320911338629 0.0226438428816 0.0209812648655 0.00377379607052 0.0342147912693 0.0124500188352 0.0345675383141 0.0281494757649 0.0171451159208 0.0135322273872 0.0274357848016 0.0216838922514 0.0222023308229 0.00572570389131 0.0203791487094 -0.0140415845856 0.000113155701945 0.0293456115372 0.0180346866591 0.0153151092009 0.0234953021285 
0.0290286682759 0.0167198857832 0.00562895805892 0.0401887735512 0.0141767206599 0.16479243886 0.00400850265527 0.0176423627302 0.00237969817139 0.0384778220762 0.0190834259467 0.0155627285665 0.0116208931595 0.0033913883113 0.0258141517717 0.0133436343317 0.00428728519732 -0.00249518211199 0.0167093520913 0.020429024237 0.000947700453686 -0.00375642386423 0.00477705818528 -0.00362946979174 -0.0118873810852 -0.011870157756 0.00628750568103 0.046418965224 0.00793058539714 0.0211648509285 0.0338581931475 -0.00162504046032 -0.00428781599077 0.00434410721365 0.00584775965461 0.0077620935282 0.00822946732142 0.0121253163875 0.0212062867859 0.0135688541463 0.0138640633774 0.0100518344655 0.0122823213566 0.0137482499527 0.0100294815315 0.00357395150489 0.0153181937797 0.0193405321551 0.0454419112586 0.00554643635017 0.0214028710735 0.00315261496208 0.0242383130923 -0.0108937698041 -0.0135745874222 0.0121041010417 0.00543908350339 0.0183959169656 0.017020909032 0.00224687933036 
0.0758642982607 0.0242409539726 0.0159479762536 -0.0227160892271 -0.0192130881177 0.00400850265527 0.435226195192 0.0157685418701 0.00894559497174 0.0161092885389 0.040432726794 0.017292447361 0.000676533454268 -0.00117375383674 0.0236321053933 0.0175756710638 0.0164168937526 0.0310639970108 0.0261620985647 -0.00577580174982 0.0143213706084 0.0191100567523 0.00727023159499 -0.0197396607807 0.162973328629 0.050807496882 0.0232535654614 0.00352838532704 -0.0126088697694 0.00668517657814 0.0151762916036 0.0761481948085 0.0111342080374 0.0504331989788 0.0317251220319 0.0164785768388 0.0351963586472 0.0108066887557 -0.00602017369564 0.024171562841 -0.0032566815412 0.00649535884886 0.00620188617246 -0.0105823232461 0.0260964350945 0.0293105861926 0.0160332231017 0.0159279494362 0.0879071644134 0.0466706103905 0.0116512701548 0.00988645237257 -0.00310119942426 -0.00506475126452 -0.0361380198496 0.0192438174259 0.0644732165697 0.00476807308414 0.0186734538815 0.135195119833 
0.0274419326503 -0.00262550534726 -0.0015176857236 0.0141572591011 0.0100789565743 0.0176423627302 0.0157685418701 0.804943926799 0.022461222116 -0.0160328420261 0.0257867469107 0.00754795327042 -0.00518386565815 0.00207900444877 -0.00355685334601 0.0158648768801 0.00950924480945 -0.00222029847158 0.00895868185797 0.0110408551418 0.000233375743985 0.00410409968222 0.00379708260613 0.0362811683435 -0.0195728299795 -0.0156350030843 0.000919032674427 0.00710576956336 0.028951343793 -0.00161710455547 0.00104177111989 0.000776422167594 -0.00320086515903 -0.000831653219686 0.0221608681612 -0.000509795642699 0.022548405784 0.00141819027636 -0.00174005315179 0.0260039653983 -0.0123934221881 -0.00235856318121 0.0151881377732 -0.00375382209731 0.0297999345187 -0.0088643666804 0.00836914801702 0.0102344454961 -0.00101120568636 -0.00856154402651 0.0228243220008 -0.0012934218793 0.0346938268869 0.0129857859211 -0.0126167322407 0.00191293951146 0.00485905965624 0.00629534048972 0.0364442659859 -0.0137861524762 
0.0156646396481 0.0274239634937 0.021988626531 -0.00532756352751 0.0505205573844 0.00237969817139 0.00894559497174 0.022461222116 0.190946001732 0.0260762685717 0.00844069164856 0.00811269835091 0.0088675307899 0.0234579647569 0.0176746561358 0.0143380115218 0.025285392485 0.000298485687571 0.00776983220187 0.0455430635002 0.02558257259 -0.00398819336228 0.0324996079079 0.00107107794636 0.0449319545636 0.0186622430238 0.0477394672957 0.00860629617287 0.0154031369489 0.0114537453411 0.0233628379572 0.021403769643 0.0121971596221 0.0405821927251 0.0303673699445 0.0231201809014 0.0317145391071 0.00540154381679 -0.00580552233703 0.072311667848 0.00809771064558 0.0246634328136 0.0122817705558 0.024178651423 -0.00475207868701 0.0268525804419 0.0404071641198 0.0203964367394 0.0307296408468 0.0263177684126 0.0263134100596 0.0144675223035 0.0341293037829 0.0301711543008 0.00825299317805 -0.00156497630782 0.0314194921451 0.0190274869329 0.0158787447972 0.0200357006733 
-0.00692351406645 0.00845747055317 0.0170492219848 -0.021206661005 0.044771028289 0.0384778220762 0.0161092885389 -0.0160328420261 0.0260762685717 0.547745945047 -0.00315966834186 0.0174558355449 0.0141463243196 -0.0168892088929 0.00809505095156 0.0183620011972 0.0331703084946 -0.0258990256027 -0.0237593177445 -0.00166322854749 0.0244981877591 0.0336436238279 0.0538386682648 0.00194152076402 0.0611452551841 -0.00300156855381 0.0295722820132 0.01095001446 -0.00400105093547 -0.00224291467768 0.0481288801154 0.0616919972696 -0.00586393367334 -0.000731893255799 0.0389579492326 0.00311556195843 -0.00901499776139 0.0312248187031 0.0285365402015 0.0237977040553 -0.00405884432599 -0.00644789752526 0.00708638897156 -0.0149605845191 -0.00595269794079 0.0399049786406 -0.000962837423254 0.00774083647679 0.00280304612728 0.0162540169739 0.0180989727655 -0.00191769945066 0.0159756536857 -0.0110447327438 -0.0172341089722 0.018647495676 0.0235931237497 0.00394369966259 -0.0119835737616 0.0563706989084 
-0.00415388770005 0.0153066393299 0.0110418329129 -0.00122181005604 -0.0103491134563 0.0190834259467 0.040432726794 0.0257867469107 0.00844069164856 -0.00315966834186 0.32698187668 0.0186973213796 0.0218030315146 0.0271580459973 0.00571973712444 0.0200024348336 0.000377680215185 0.0250588270086 0.114028848257 0.0123931609777 0.0264586121888 0.0232843439821 -0.00449915405706 0.0289798405499 -0.0020008634841 0.0302487787161 0.0328311158384 0.0185446128912 0.0165034654693 0.000750991850684 -0.0188354685625 0.0139001920954 0.0293676699442 0.142243942819 0.0137261749315 0.0227531292259 0.0294143895152 0.0174229112242 0.0222266935917 0.0226375422056 -0.000564679764675 0.00155727214952 0.0237766474761 0.00868937386395 0.00917342527687 -0.00577637185625 0.00783525214719 0.0537683478965 0.014017599816 0.00896680972187 0.0217831900785 0.00404191145998 0.0015320409189 -0.00795111854797 -0.00964994361965 0.00208306799832 0.0332230608313 0.00856795288344 0.0291643369405 0.014840797829 
-0.0212772020798 0.038629318054 0.0241781971903 -0.0126154430517 0.0309360335694 0.0155627285665 0.017292447361 0.00754795327042 0.00811269835091 0.0174558355449 0.0186973213796 0.236992646265 0.0309837500248 0.0171886069836 0.0340137696913 0.0298003156218 0.0150799731877 -0.0013478948015 0.0300809652763 0.0311156313414 0.0332144963484 0.00028356511029 0.018317435636 0.0467345607183 0.0078611115937 0.0151525732468 0.0329109050811 -0.0165737405279 -0.00667193206087 0.0392534377291 0.0348758552123 0.0245377146826 0.00571467125244 0.00690752863094 0.027257496966 0.025871643071 0.0161674918486 0.0152541205726 0.00264060897863 0.0301988531143 0.0181636610979 0.0149168108871 0.012293156556 0.0251838964067 0.0409311747257 0.0427135036418 0.013897318243 0.0273660543774 0.00608352758915 0.0341792795067 0.022721808071 0.0271814519173 0.0274364648711 0.0154829991956 -0.0211823597715 0.00223165650232 0.00572103867534 0.00489161937931 0.0133101639228 0.0428068550373 
0.0176774045582 0.0260900677289 0.00681807240177 -0.00175410475593 0.0109835560791 0.0116208931594 0.000676533454268 -0.00518386565815 0.0088675307899 0.0141463243196 0.0218030315146 0.0309837500248 0.27979687992 0.00622581278554 -0.0024752450338 0.00971468507529 0.00997008476865 0.0181534626572 -0.00535048401246 0.0372829459937 0.00432289907235 0.0282761512926 0.0255203691106 -0.0141784862149 -0.0273890658378 0.00541819689246 0.0215065221916 0.00847250973232 0.00932134144755 0.00135772918303 0.01340926373 0.0107550436478 0.0415343499669 -0.00176242451053 0.00421911368885 0.0192271583336 0.0147385977728 0.00922944378901 -0.00505399255338 0.0254654836804 0.00248531950677 0.0194593504518 0.0338246401754 0.0256023822335 0.00203164204732 0.0181771667463 0.00198964445668 0.00394384210875 0.0408151165122 0.0176047814388 0.00794983161632 0.00480472339343 0.00734251398205 0.0244618772258 -0.00651719850846 0.0172667002468 0.0031228820793 0.0496832157873 0.00526659725545 -0.0141508243668 
-0.0128776587263 0.0285358607444 -0.0130852484185 0.035261166516 0.0359519454901 0.0033913883113 -0.00117375383674 0.00207900444877 0.0234579647569 -0.0168892088929 0.0271580459973 0.0171886069836 0.00622581278554 0.364512010563 0.0431857118866 0.0197886585308 -0.0231955776675 0.009906307254 0.0126498033591 0.0749216279206 0.0179652315322 0.00248349008854 0.0389717849672 0.00570028601974 -0.0218544675675 0.0572665455705 0.0161694991243 -0.00288188538533 0.00443684355767 0.0386418016988 -0.0155635914208 0.00805336457649 0.02525744179 0.044387614308 -0.0155056004664 0.0365899495188 0.0377112587249 -0.00539699211172 0.0201251904667 0.00966947014782 0.00344674007561 0.0505645092645 0.0171583289776 0.0364786947891 0.000354878709891 0.0064403222108 0.00768276132246 0.0267888527146 0.0199678962414 0.0163836337363 0.0170654375059 0.0354567793645 0.0169715524209 0.00798458199687 -0.036346531698 0.0215343192369 0.010949629506 -0.000932918811749 0.0257626414138 0.00588708912274 
0.0402424607323 0.0362265027036 -0.00725651114843 0.014542188252 0.0375722445933 0.0258141517717 0.0236321053933 -0.00355685334601 0.0176746561358 0.00809505095156 0.00571973712444 0.0340137696913 -0.00247524503381 0.0431857118866 0.2398863423 0.0131885197519 0.00495306679818 -0.00363328546668 0.0105043873272 0.0192474023336 0.045776441884 0.0144604800042 0.0348896319234 0.0232359853383 0.00140206269868 0.0109899956479 0.0148258967934 0.0163613466752 -0.0137920340976 0.0131744277642 0.0176199393979 -0.00183308219917 0.0137872642656 -0.00659200443777 0.00277880425775 0.0313088479733 0.00840220160082 -0.00895404713765 0.011119346471 0.0196075628075 0.015050470747 0.019263672372 0.0218483212266 0.00427320094328 0.00308934610695 -0.0118836224732 0.0293588825799 0.027706831183 0.0638980299661 0.0462404557171 0.0177731473023 0.017498132122 0.0214640783281 -0.000441186616115 -0.00944495627939 0.0131554888244 -0.00391367931884 0.022949195504 0.00514365089823 0.013588522609 
-0.000610488501266 0.0184601792493 0.0115430234606 0.00449504362632 0.00793564567031 0.0133436343317 0.0175756710638 0.0158648768801 0.0143380115218 0.0183620011972 0.0200024348336 0.0298003156218 0.00971468507529 0.0197886585308 0.0131885197519 0.233592100854 -0.00243360585468 0.0290925183947 -0.000875899910844 0.0307655061598 0.0337096790333 -0.00152730725747 0.0106577524307 0.0646135328207 -0.00781968939061 -0.00977443856465 0.00621697607669 0.0070537924743 0.0268787161993 0.0037634647397 -0.000418268108835 0.033160770567 -0.00441872386364 0.00779486427273 0.00961159217751 0.0100339811828 0.0130643340155 0.00929262295015 0.00992504074733 0.0157395761449 0.00428560212495 -0.000422053648358 0.0284438689063 0.0560010914664 0.00643170422458 0.0394351369623 0.011655049367 0.00681770329127 -0.00198046197129 0.0127985719642 0.0120041131235 0.0173170656618 -0.00183744388191 0.00619752047097 -0.0219671866446 -0.00101875345019 0.0264303289759 0.0134940959019 -0.00272721570102 -0.00499044098332 
0.0249688747489 0.0189327227412 0.0240449199039 0.00316242203635 0.0287345133536 0.00428728519732 0.0164168937526 0.00950924480945 0.025285392485 0.0331703084946 0.000377680215186 0.0150799731877 0.00997008476865 -0.0231955776675 0.00495306679818 -0.00243360585468 0.115510573985 0.00837838068007 0.00721360672697 0.0126669281818 0.00667780546984 0.0198725277407 -0.00742016600185 0.0159962653336 0.0252662603596 0.0231945387658 0.0224690303963 0.00942093190454 0.00583306543775 0.0130913604213 0.0287877527393 0.02274843951 0.0148822136295 0.0125954585434 0.057715485039 -0.00329111309676 0.00252070097746 0.000148384997083 0.0176882747584 0.0199262106887 0.00327876775917 0.0152725116966 0.0156822744449 0.0149048110045 0.0105607130659 0.015973895697 0.0162154471981 0.00221920566675 0.0175420606495 0.0214709598459 0.0094516926558 0.0173209676528 0.0079459594163 0.00437128362445 -0.00450846542815 0.00238176918324 -0.0042173289232 0.00813384064277 0.012580659554 0.0189537901253 
-0.0134454339864 0.00225645474162 0.0051934192492 0.0258743416393 -0.00704306033548 -0.00249518211199 0.0310639970108 -0.00222029847158 0.00029848568757 -0.0258990256027 0.0250588270086 -0.0013478948015 0.0181534626572 0.009906307254 -0.00363328546668 0.0290925183947 0.00837838068007 0.360169930363 0.023163074875 0.00123845873892 -0.00222100924869 0.0155580478988 -0.00134909372229 0.0119875861816 -0.0125331991424 0.0158387238591 0.00766164246792 -0.00266524232444 -0.0126816545988 -0.000213360538079 -0.00139471973983 0.0334781618538 0.00368707567286 -0.0135217136863 0.00371342706783 0.000941026034777 0.0115645790104 0.0145646463694 -0.0334530092722 -0.0136967550902 -0.0125183094276 -0.00798216468296 0.0331139244858 0.000410630217188 0.00921575625908 0.0529850468389 -0.0136752127772 0.0106574938815 0.0242542832407 0.0148260342181 0.0293732188633 -0.0057385998236 0.00265925890839 0.00487737591149 0.0270006252737 -0.000424945119256 0.0260855860784 0.00756432022231 0.031162971743 0.0460452414842 
-0.00658297726671 0.00442964181721 0.00540427115796 0.0405757961497 0.00209410766662 0.0167093520913 0.0261620985647 0.00895868185797 0.00776983220187 -0.0237593177445 0.114028848257 0.0300809652763 -0.00535048401246 0.0126498033591 0.0105043873272 -0.000875899910844 0.00721360672697 0.023163074875 0.294351209052 0.00619231262614 -0.00577246951139 -0.0140384017631 0.00480302752396 0.0131715173093 0.00285816936547 0.0460253500608 0.0234728618575 0.00608442958799 0.0108963372632 0.00567848321353 -0.000513783973963 0.0196414873564 0.0227335233629 0.0850176396328 0.00582404647058 0.0109164316279 -0.00770678103687 0.00977938838728 0.0496758990731 0.0106324266009 0.00332720804616 -0.000162006656569 0.0157621838708 0.00350550024528 0.0706830788864 0.0215333568244 0.0249615773583 0.0402753646006 0.0322489533069 0.00389488372254 0.00796746886749 0.0116226913807 0.00421914603834 0.010800002777 -0.033297195228 0.00507557485046 0.0431339582117 -0.00294194179984 0.0251934138813 -0.00890905154404 
-0.000654277942199 0.0445794046288 0.00706744127851 0.0163677712058 0.0261406302055 0.020429024237 -0.00577580174982 0.0110408551418 0.0455430635002 -0.00166322854749 0.0123931609777 0.0311156313414 0.0372829459937 0.0749216279206 0.0192474023336 0.0307655061598 0.0126669281818 0.00123845873892 0.00619231262614 0.206615906353 0.0191119543448 0.0127125904824 0.0156666781733 -0.00822949757519 -0.00609691687791 -0.0110036290442 0.0228943397395 0.0303730121318 0.0408725332325 0.00901667658264 0.0218718600142 0.0205898454922 0.0281041331384 0.0185479955559 0.0204643284778 0.0170198019731 0.030648375635 0.00990614309586 0.0242220024854 0.0203689300665 -0.00146749474315 0.045413653755 0.0182690294305 0.0192625096243 0.00345646624321 0.00717187765316 0.0253930947674 0.0090970100445 0.0216927189195 0.0152107397092 0.00975749527314 0.0384005320004 0.0314587199088 0.0115286409608 9.61469275628e-06 0.00486676273009 0.0099968236658 0.0173859204475 0.0177704349494 0.0203338943153 
0.00277808960969 0.0264179591498 0.0010835154451 -0.0101575254805 0.0503178932106 0.000947700453688 0.0143213706084 0.000233375743987 0.02558257259 0.0244981877591 0.0264586121888 0.0332144963484 0.00432289907236 0.0179652315322 0.045776441884 0.0337096790333 0.00667780546984 -0.00222100924869 -0.0057724695114 0.0191119543448 0.281221568321 -0.0149401676889 0.0512861839756 0.0272246200384 -0.0023811189736 -0.00122440858738 0.0263806726744 0.00428533240493 0.00143092515295 0.024452196302 0.00340570799703 0.00767296953897 -0.00462527120809 0.0229181089485 -0.00523783443289 0.0443465525701 0.0090065174014 0.0672552462341 -0.000515220266056 0.0195978047846 0.000777073039775 0.0359257716987 0.0179783009849 0.0104216896953 0.0324865517833 0.0179354791875 0.0128334831574 0.0440142879411 0.0404356978318 0.0417063087928 0.0340418424577 0.0256280847843 0.0114798407048 0.00823816704244 -0.0207075422141 0.0158110542423 0.00385194734618 0.0115277685449 -0.00273511975873 -0.01020931118 
0.0133331163192 0.0276979199882 -0.00131436822102 0.000218946469682 0.00756739140314 -0.00375642386423 0.0191100567523 0.00410409968222 -0.00398819336229 0.0336436238279 0.0232843439821 0.000283565110293 0.0282761512926 0.00248349008854 0.0144604800042 -0.00152730725747 0.0198725277407 0.0155580478988 -0.0140384017631 0.0127125904824 -0.0149401676889 0.213559084986 0.0290210945145 0.0189492198635 0.00152520209567 -0.0101538099693 0.0103508365341 0.0445599735432 0.00121810633994 0.00964998979627 -0.00302064601223 0.0120854178219 0.0109964954857 0.0322466082695 0.00714324931993 0.0286429138335 0.00693185404273 0.00610703108073 0.0235565874213 -0.00154054948028 0.0781006985583 0.00540806297889 0.0243231823242 -0.00288615664325 0.0185907166499 -0.00643340563595 0.00954007633767 -0.0253100908607 0.00745990273381 0.000961322997733 0.00488455853899 0.00779352775585 0.0215169293027 -0.00622170711583 -0.0302395603795 -0.00486157991967 0.0204088304899 0.00967456716518 0.012659347373 0.00394133753809 
0.00175941642812 0.0169831871229 0.0106128808828 0.0244037628798 0.0280949258765 0.00477705818529 0.00727023159499 0.00379708260613 0.0324996079079 0.0538386682648 -0.00449915405706 0.018317435636 0.0255203691106 0.0389717849672 0.0348896319234 0.0106577524307 -0.00742016600185 -0.00134909372229 0.00480302752396 0.0156666781733 0.0512861839756 0.0290210945145 0.307612394726 0.0113015139805 0.00903592215229 0.0115226764407 0.0194130901848 0.00665674130284 -0.000787881342401 0.0281572164389 0.00757035042166 -0.00542928925865 0.0179331267616 -0.00337840864321 -0.00592352211625 0.0389260314841 -0.023390110928 0.00933536741916 -0.00408597084481 0.0177695109206 0.0419570340084 0.0267799750285 0.00564604160462 0.00211772889193 0.0122576375305 0.00606856521029 0.00437976758728 0.0416976715224 0.0345219292589 0.0222747741626 0.0257418510581 0.0166154174594 -0.0211114938695 0.0100839100655 -0.0127968919143 0.0165690695258 0.0177071379787 0.0165677753202 0.0305992663213 0.0256276082119 
-0.00476479829208 0.00179054750851 0.0146234413481 -0.0228418107662 0.0023131236211 -0.00362946979174 -0.0197396607807 0.0362811683435 0.00107107794636 0.00194152076402 0.0289798405499 0.0467345607183 -0.0141784862149 0.00570028601974 0.0232359853383 0.0646135328207 0.0159962653336 0.0119875861816 0.0131715173093 -0.00822949757519 0.0272246200384 0.0189492198635 0.0113015139805 1.18402709616 -0.0330498976862 -0.0074672460858 0.0435999015154 -0.0269979949683 -0.0168891432761 0.00870731246963 0.00538673096298 0.0387606807711 0.0391650835282 -0.0087449931176 0.0126888502168 0.0518686692576 -0.0163000803689 -0.00520518475885 -0.00791349276051 0.00739337710972 -0.00878168172296 -0.00504797143591 0.000273431736841 -0.00534427687217 0.0169729821711 0.208387477319 0.00536704511768 0.0175256195041 0.0330386671126 -0.012660776306 0.00565982944208 0.0202194806523 -0.00609161301264 -0.0119372852357 0.0247637031363 0.0171326196032 0.0295754339061 0.00251129272997 0.0388229617875 -0.00724584504301 
0.0390531228043 -0.000784862666746 0.0222208206016 -0.0512766609717 0.0249404501989 -0.0118873810852 0.162973328629 -0.0195728299795 0.0449319545636 0.0611452551841 -0.0020008634841 0.00786111159369 -0.0273890658378 -0.0218544675675 0.00140206269868 -0.00781968939061 0.0252662603596 -0.0125331991424 0.00285816936547 -0.00609691687791 -0.0023811189736 0.00152520209567 0.00903592215229 -0.0330498976862 0.290086224242 0.00555630592355 0.0329917398872 0.00598671303538 0.0268414062371 -0.010420351529 0.0240880993422 0.0858726420449 0.0179980571214 0.0173417437408 0.0145973023311 0.0089561260852 0.0119963080226 0.0215361095508 0.0131256187181 0.0220877065042 0.0300447469517 -0.0134447642807 0.000254649467982 0.0145304164359 0.0122941382763 0.0530123149124 0.00531686943547 -0.00734372971027 0.000161319044208 0.0369769446224 0.0220598271703 -0.00601974643753 -0.00623214931478 -0.000832453084409 -0.024560799229 0.0303353800107 0.0440054474826 -0.00894180547939 0.0131282510839 0.164259958665 
0.0946461483395 -0.00109213300662 0.0155341755343 -0.0204749427341 0.00822760264564 -0.011870157756 0.050807496882 -0.0156350030843 0.0186622430238 -0.00300156855381 0.0302487787161 0.0151525732468 0.00541819689246 0.0572665455705 0.0109899956479 -0.00977443856465 0.0231945387658 0.0158387238591 0.0460253500608 -0.0110036290442 -0.00122440858738 -0.0101538099693 0.0115226764407 -0.0074672460858 0.00555630592354 0.457262437179 0.0302626482847 -0.0128783723306 0.0232562210758 0.0188591960461 0.00540250758332 -0.00910290649778 0.035381172512 0.070098639983 0.0333990987827 0.0156871989508 0.00538848472111 0.0355605774079 0.0156312783318 0.015165704237 -0.0149210986679 0.0117652530045 0.00236406744728 0.00856883205192 0.0222154744495 -0.0097860573016 0.00974700071033 0.00760640859561 0.00746730327332 0.0399254732189 0.00826573404011 0.0143922490363 -0.00647503972009 0.0188540357178 -0.0285947232672 -0.00880547785218 0.024677027857 0.0126067183063 0.0159072669192 -0.00365106952996 
0.0275974652706 0.0224375230527 0.0512439299256 -0.0052516409757 0.037938953209 0.00628750568103 0.0232535654614 0.000919032674428 0.0477394672957 0.0295722820132 0.0328311158384 0.0329109050811 0.0215065221916 0.0161694991243 0.0148258967934 0.00621697607669 0.0224690303963 0.00766164246792 0.0234728618575 0.0228943397395 0.0263806726744 0.0103508365341 0.0194130901848 0.0435999015154 0.0329917398872 0.0302626482847 0.203700493126 -0.0141318906044 0.0230649259224 0.0148896982468 0.0315764389807 0.0279879186913 0.0299656093075 0.0150036205387 0.0245498359218 0.0314421684526 0.0246379338917 0.00771655000605 0.0144798401465 0.0221235238044 0.0215366864166 0.028286342694 0.0318192274893 0.000650336550002 0.0172606235068 0.0314705027413 0.0179673803957 0.0215049318873 0.0244216613742 0.00731919755022 0.026374973218 0.0231499957909 0.0219802526845 0.0295171559879 -0.0229111919118 0.00939068559782 0.0349277611944 -0.00535673006725 0.00868698417054 0.0196326161395 
0.0413980313566 0.00988281814495 0.00372635511189 0.014034827989 0.0214178021958 0.046418965224 0.00352838532704 0.00710576956336 0.00860629617287 0.01095001446 0.0185446128912 -0.0165737405279 0.00847250973232 -0.00288188538533 0.0163613466752 0.0070537924743 0.00942093190454 -0.00266524232444 0.00608442958799 0.0303730121318 0.00428533240493 0.0445599735432 0.00665674130284 -0.0269979949683 0.00598671303538 -0.0128783723306 -0.0141318906044 0.385028182611 -0.0115161343819 0.00751040005555 0.00857335783073 -0.0222605767473 0.0124096142667 -0.0103089036953 0.025705684445 -0.000743873234815 -0.0210609907708 0.00644448265534 -0.000460894754204 0.00361448262312 0.0151561733393 0.00425388348727 0.00846729518829 0.0293284160601 0.00669969529145 0.0102263492777 0.0215456238959 -0.00492735804711 0.0856225097578 0.00821394424369 0.0242310891458 0.0138770145757 0.0101714582837 0.0140849670642 -0.0100498065099 0.00969539196703 0.0205458420135 0.0152165264507 0.0235090688005 0.00153375797898 
0.032772367024 0.00331819594328 0.0173727555689 0.0345473794867 -0.00487824127799 0.00793058539714 -0.0126088697694 0.028951343793 0.0154031369489 -0.00400105093547 0.0165034654693 -0.00667193206087 0.00932134144755 0.00443684355767 -0.0137920340976 0.0268787161993 0.00583306543775 -0.0126816545988 0.0108963372632 0.0408725332325 0.00143092515295 0.00121810633994 -0.000787881342401 -0.0168891432761 0.0268414062371 0.0232562210758 0.0230649259224 -0.0115161343819 0.47516606714 -0.00605567065722 0.00389463461018 -0.000154319983161 0.0105017252156 0.0300914339109 0.00335667563232 -0.00172923881597 0.00159529268677 0.0103057037446 0.032338876999 0.00470118228833 0.0107270455134 -0.000254550021613 0.0112944105976 0.0107046551015 0.0679749517641 -0.0182123343044 0.00564957116347 -0.0105205533238 -0.00122693319578 0.000394609203121 0.0210974423417 0.00901315978012 0.00315588350272 0.0298389919214 0.00651103377615 -0.00508330734032 0.00872682489907 -0.00683163810339 -0.00204236750538 0.0146281814647 
0.0419528013528 0.0209027361807 0.017299453448 0.126568346155 0.0169304810242 0.0211648509285 0.00668517657814 -0.00161710455547 0.0114537453411 -0.00224291467768 0.000750991850684 0.0392534377291 0.00135772918303 0.0386418016988 0.0131744277642 0.0037634647397 0.0130913604213 -0.000213360538079 0.00567848321353 0.00901667658264 0.024452196302 0.00964998979627 0.0281572164389 0.00870731246964 -0.010420351529 0.0188591960461 0.0148896982468 0.00751040005555 -0.00605567065722 0.794669212018 0.0113583954121 0.012728205226 0.00302242631145 0.000356950564715 0.0177303454793 0.0240001377767 -0.0146078916886 -0.00589529052808 -0.00964878160452 0.0338613645476 0.00867955576557 -0.000834745700658 0.00440407202476 0.00874041789181 0.00934768332086 0.00864340633624 0.015377111697 0.0234742477702 0.0285500855334 0.00430904657889 0.0261830165636 0.0411274564438 0.0264904440067 0.00991462723534 -0.0274484411811 -0.00111833198337 0.0574740852965 0.00832317471661 0.0137055499324 -0.0121516972609 
0.0156088067254 0.00697843504187 0.00310021106237 0.0122166953898 0.0519626981185 0.0338581931475 0.0151762916036 0.00104177111989 0.0233628379572 0.0481288801154 -0.0188354685625 0.0348758552123 0.01340926373 -0.0155635914208 0.0176199393979 -0.000418268108836 0.0287877527393 -0.00139471973983 -0.000513783973963 0.0218718600142 0.00340570799703 -0.00302064601223 0.00757035042166 0.00538673096298 0.0240880993422 0.00540250758332 0.0315764389807 0.00857335783073 0.00389463461018 0.0113583954121 0.205875936418 0.0103093133316 0.0106494415711 0.0114574175225 0.0398680542677 -0.00573559864435 0.0244772052229 -0.00458479628581 -0.0024352977418 0.020003920887 0.00335332113991 -0.00170881357175 0.0208513479551 0.0207813963963 0.000903498906154 0.0194992512372 0.014757143374 0.0127872994786 0.0275463591687 0.024436948917 0.00977153145435 -0.000313086377426 -0.00960723651512 0.0152581552059 -0.0138769720104 0.0145040275377 0.0266382582579 0.00453030362864 -0.00378708137967 0.031923080227 
0.0315476149425 0.0290203974083 0.015273097588 -0.0319524699007 0.0493902723314 -0.00162504046032 0.0761481948085 0.000776422167595 0.021403769643 0.0616919972696 0.0139001920954 0.0245377146826 0.0107550436478 0.00805336457649 -0.00183308219917 0.033160770567 0.02274843951 0.0334781618538 0.0196414873564 0.0205898454922 0.00767296953897 0.0120854178219 -0.00542928925866 0.0387606807711 0.0858726420449 -0.00910290649778 0.0279879186913 -0.0222605767473 -0.000154319983161 0.012728205226 0.0103093133316 0.429745656462 0.0102104433246 0.0344755819994 0.0257649966529 0.0250509114007 0.0491123334095 0.031869761823 0.0252463511529 0.0105787260577 -0.00229135089142 0.0246913029873 0.0243207904726 0.0328961451376 -0.00254603193003 0.0849073101013 0.0121350725015 -0.00826822802156 0.0626068392589 0.0140159439165 0.0021934207828 0.0234589560175 0.0107105365416 0.036089156029 -0.0134656401748 -0.0166732815591 0.0489076857254 0.0185591375527 0.0326328831891 0.0811176853479 
0.00670157905463 0.00847872771959 0.00672936412038 -0.0116272496417 0.0212836159416 -0.00428781599077 0.0111342080374 -0.00320086515903 0.0121971596221 -0.00586393367333 0.0293676699442 0.00571467125244 0.0415343499669 0.02525744179 0.0137872642656 -0.00441872386363 0.0148822136295 0.00368707567286 0.0227335233629 0.0281041331384 -0.00462527120809 0.0109964954857 0.0179331267616 0.0391650835282 0.0179980571214 0.035381172512 0.0299656093075 0.0124096142667 0.0105017252156 0.00302242631145 0.0106494415711 0.0102104433246 0.192742796828 0.0502231880635 0.0252368084209 0.0191381757017 -0.00196947959127 0.00832902900753 0.00105292802028 0.0204873077358 0.0219956522356 0.0174097824012 0.0220966752052 0.0232086174626 0.00183190486934 0.0366892720167 0.00900026864563 0.0184888371936 0.0158417867745 0.00886641781724 0.028676954882 0.0179531888377 0.0317459743608 0.0123589536808 -0.00268554487578 -0.00394664675813 0.0309944666575 0.00915067017208 0.00701526461938 0.0164494100648 
0.0181148228277 0.00794073868603 -0.00225450030691 0.0129668311434 0.00285482814912 0.00434410721365 0.0504331989788 -0.000831653219685 0.0405821927251 -0.000731893255799 0.142243942819 0.00690752863094 -0.00176242451053 0.044387614308 -0.00659200443777 0.00779486427273 0.0125954585434 -0.0135217136863 0.0850176396328 0.0185479955559 0.0229181089485 0.0322466082695 -0.00337840864321 -0.0087449931176 0.0173417437408 0.070098639983 0.0150036205387 -0.0103089036953 0.0300914339109 0.000356950564714 0.0114574175225 0.0344755819994 0.0502231880635 0.501855980381 0.0259099595992 0.0328115728086 0.00246208224745 0.029358530393 0.0246358079679 0.0140642592007 0.0158736436451 0.0127158845163 0.00737914459129 0.0308870310009 0.00900610023648 -0.00107670114454 0.0045565428952 0.0414969738529 0.00381245460995 0.0200014054856 0.0239979097357 0.0025814443832 0.0542429499834 0.0183581146139 -0.0136323815693 0.020315695266 0.0414648639647 0.01120778634 0.052892860603 0.0231528940435 
0.0464798731913 -0.000807138825073 0.00362864789643 0.0184075428181 -0.00166323223973 0.00584775965461 0.0317251220319 0.0221608681612 0.0303673699445 0.0389579492326 0.0137261749315 0.027257496966 0.00421911368885 -0.0155056004664 0.00277880425775 0.00961159217751 0.057715485039 0.00371342706783 0.00582404647058 0.0204643284778 -0.00523783443289 0.00714324931993 -0.00592352211625 0.0126888502168 0.0145973023311 0.0333990987827 0.0245498359218 0.025705684445 0.00335667563233 0.0177303454793 0.0398680542677 0.0257649966529 0.0252368084209 0.0259099595992 0.166969021178 0.00620811361506 0.00902573187953 0.0107501762315 0.0247483289958 0.019671406504 0.00134965103579 0.00201714501837 0.0192719471278 0.0216814152128 -0.000197037661148 0.0298690929623 0.0187971665663 0.00358955128165 0.0103263032261 0.0135457566858 0.0112674037458 0.0298378294997 -0.00585283431811 0.00734771928923 -0.0127420143447 -0.0195973245335 0.0157797666049 0.0137361553532 0.00883600918827 0.0232477057327 
0.0159457138902 0.0171257384398 0.00561090843474 -0.00659569195855 0.0167837287907 0.00776209352819 0.0164785768388 -0.000509795642698 0.0231201809014 0.00311556195843 0.0227531292259 0.025871643071 0.0192271583336 0.0365899495188 0.0313088479733 0.0100339811828 -0.00329111309676 0.000941026034777 0.0109164316279 0.0170198019731 0.0443465525701 0.0286429138335 0.0389260314841 0.0518686692576 0.0089561260852 0.0156871989508 0.0314421684526 -0.000743873234815 -0.00172923881597 0.0240001377767 -0.00573559864435 0.0250509114007 0.0191381757017 0.0328115728086 0.00620811361506 0.24744326078 0.0278217182196 0.0153969031935 0.0123452895265 0.0141577416112 0.0217024579579 0.0190913262022 0.0128047070029 0.026006898355 0.018797931878 0.0312747517175 0.00588452313509 0.0190414472308 0.0194852711012 0.0074207519581 0.0606379194479 0.0266870286329 0.0325465262621 0.0138659963304 -0.00742448550416 0.016845124969 0.0400856210875 0.00621686140811 0.0306909888253 0.0113162895457 
0.0126993656776 0.0165768272938 -0.000461912822061 0.00996473097079 0.0328439976794 0.00822946732142 0.0351963586472 0.022548405784 0.0317145391071 -0.00901499776139 0.0294143895152 0.0161674918486 0.0147385977728 0.0377112587249 0.00840220160082 0.0130643340155 0.00252070097746 0.0115645790104 -0.00770678103686 0.030648375635 0.0090065174014 0.00693185404273 -0.023390110928 -0.0163000803689 0.0119963080226 0.00538848472111 0.0246379338917 -0.0210609907708 0.00159529268677 -0.0146078916886 0.0244772052229 0.0491123334095 -0.00196947959128 0.00246208224745 0.00902573187953 0.0278217182196 0.226368020691 0.0268700683989 0.0246465465918 0.0149090560641 0.00791061662494 0.0291604103997 0.0159165037148 0.0112671530671 -0.00299941651655 0.0409541083999 0.00957031469204 0.00209502109053 0.0360072923169 0.0101795635823 0.00861844899862 0.0264962535361 0.0124182761427 0.0269487539862 -0.0188341414982 -0.0162572447948 0.0239588858257 -0.00425406957441 0.020344261258 0.0302434712917 
0.00721907243411 0.00159443651917 0.0110333726138 -0.0240459662282 0.0383140876341 0.0121253163875 0.0108066887557 0.00141819027636 0.00540154381679 0.0312248187031 0.0174229112242 0.0152541205726 0.00922944378901 -0.00539699211172 -0.00895404713765 0.00929262295015 0.000148384997083 0.0145646463694 0.00977938838728 0.00990614309586 0.0672552462341 0.00610703108073 0.00933536741916 -0.00520518475885 0.0215361095508 0.0355605774079 0.00771655000605 0.00644448265534 0.0103057037446 -0.00589529052808 -0.00458479628581 0.031869761823 0.00832902900753 0.029358530393 0.0107501762315 0.0153969031935 0.0268700683989 0.247767357047 -0.00187968199317 0.0154364248209 0.00461183934944 0.0225814095761 0.0162470269578 0.00354170648395 -0.0138884525942 0.026537579481 -0.00249521660693 0.0243609699607 0.00675018963977 0.00114237706734 0.00959868337192 0.0155703869003 0.0053473610338 0.00353605028706 -0.0254173784354 0.00623392556088 0.0289567711241 -0.00165233994044 0.00963036539806 0.00223405736119 
0.0575177163689 0.0111280109614 -0.0154826865688 -0.00281054441719 0.0105628361018 0.0212062867859 -0.00602017369564 -0.00174005315179 -0.00580552233703 0.0285365402015 0.0222266935917 0.00264060897863 -0.00505399255338 0.0201251904667 0.011119346471 0.00992504074733 0.0176882747584 -0.0334530092722 0.0496758990731 0.0242220024854 -0.000515220266055 0.0235565874213 -0.00408597084481 -0.00791349276051 0.0131256187181 0.0156312783318 0.0144798401465 -0.000460894754203 0.032338876999 -0.00964878160452 -0.0024352977418 0.0252463511529 0.00105292802028 0.0246358079679 0.0247483289958 0.0123452895265 0.0246465465918 -0.00187968199317 0.550031775909 0.000735397435047 0.0086017569973 0.0152875120318 0.00778114300917 0.00867234186843 0.0241025324627 0.0044317948164 0.0151740773617 0.00539629451679 0.00251568191335 0.0257643490564 0.00425418470753 0.0316427024637 0.0208171376219 0.00226762623303 -0.00669186248432 0.00969326698499 -0.00200068395018 0.0152960568064 0.054570542679 0.0328744027841 
