60
0.11775000089 0.073470583658 0.0905877796438 0.00610402508206 0.0316067218978 0.0669670800901 0.037281538924 0.00108215816497 0.0584521455196 0.0678116165217 0.0962618702605 0.13534553156 0.0560151075184 0.0392369654355 0.0566389432936 0.0677272644226 -0.00660692339257 0.072987431854 0.0283464571838 0.0526772687529 0.0316717201181 0.00326137985962 0.110057805124 0.0372282541949 0.0289140833203 0.134016582451 0.0268374832388 0.0704328117516 0.0449819155318 0.0940944116816 0.0625636206577 0.143553651187 0.0737969483193 0.0598638009539 0.148588071013 0.126514999345 0.0609589558998 0.0621428512979 0.0524718958424 0.0413413845105 0.0540494724418 0.0161964684659 0.0147816990943 0.00633581846688 0.125568601155 0.0328492958576 0.0831393543584 0.0176197090425 -0.0014382556632 0.256023639664 0.0176756211385 0.151795006465 0.0605665428979 0.142595623168 0.0414486045552 0.0493934577213 0.0407864154506 0.0585004976968 0.0292815331214 0.0729597235382 
0.873670871197 0.0379541999985 0.0049502453873 0.057923241997 0.0350247356769 0.0213262020378 0.0450032950804 -0.0022859266961 0.0687085892781 0.0239133700902 0.00772224225685 0.0425218302073 0.0389872507542 0.0311416181711 -0.0133550596148 0.01195769361 0.0459286373872 0.0433633135641 0.0268792116493 0.030795937911 0.0307426509408 0.0310493954375 0.093487807531 0.017228498003 0.032370651889 0.0327324586665 0.00824532869751 -0.0134886389934 0.000333692833156 0.00897095605856 0.0375785818447 0.0500593517055 0.00460628874654 0.0396987027473 -0.00318389895564 0.05988422713 0.00624398302667 0.0423425933815 0.00715778252946 0.0187983733261 0.0159037351867 0.050787871122 0.0355131166265 0.018601226994 0.00988059313019 0.0199774548747 0.0481246404035 0.0375198506868 -0.00728559686606 -0.0384239533622 0.0184841287914 0.0580596018686 0.10622445727 0.0175596450188 0.0290074972742 0.00559469261563 0.0289031571603 0.0272855450446 0.018898874245 0.0112655584658 
0.0379541999985 0.423172628313 0.0129031875183 0.0290910049312 0.0249095208864 -0.000557760655704 -0.0353681665345 0.0306722116629 0.0197148780224 -0.00145105296809 0.0330967397848 0.012315893692 0.0418989579695 0.0178819491792 0.0116245232401 0.0115449357787 0.033403514294 -0.00772543479695 0.0144203367402 0.0595537933278 0.00982918404328 0.00656104230573 0.011876694043 0.0326504525889 0.0259719902637 0.00391215753656 0.0123766893973 0.0293994203482 0.0337436977876 0.00356542214896 0.0097762792261 0.0173226375932 0.00952985450718 0.00790992248006 0.0229890325734 0.0654722804247 0.0148410269114 0.0222005131898 0.0131759337122 0.0265028951715 0.0336897951333 0.00952983100955 0.0155364933193 0.00116048363639 0.0246367867 0.0379239357787 0.0438857357754 0.00950250975388 -0.0113114298475 0.0610452579943 0.0130775050672 0.150703899568 -0.00798701873345 0.0540935961621 0.0195554094466 0.0141016053755 0.030585468674 0.00393903491833 0.0258830332526 0.0841763481348 
0.0049502453873 0.0129031875183 0.417645512721 -0.0122931521863 0.00725700140287 0.00250471742862 0.0277082037548 -0.00154333826257 -0.00781979660442 0.0321393825931 0.036624344284 0.0119387378147 0.0117465921902 0.0145139008844 -0.0109371643375 -0.0085582804549 0.0347009557579 0.0208804011514 0.0046914361806 -0.0139752166267 0.0102280420455 -0.00294931648702 0.0467448585838 0.0451870182801 0.0139552348761 0.0123154037128 0.013852058236 -0.00364238473297 0.0128110251682 0.0494666909232 -0.000278972340159 0.0466183286146 0.0443044854332 0.0237375586305 0.0843298216501 0.0267296074479 0.0131513481866 0.00662199716739 0.00806809252913 0.0310203202321 0.0181982161694 0.00724009976256 0.0146490069085 -0.00113768164899 -0.0288045376561 0.030822341806 0.00120230900952 0.0101334315988 0.0184905405103 0.0119748193938 0.0178807194933 -0.00638477674227 0.00254972025846 0.05903912485 -0.0148845470512 0.0334756996714 0.0240212217783 0.0287743774353 0.00871337722514 0.0804302097541 
0.057923241997 0.0290910049312 -0.0122931521863 0.155281013295 0.0346138486692 0.0236335876132 -0.00857507765326 0.00339403247551 0.0321642557271 0.0119776555017 -0.0142634357605 0.0133791999373 0.0081913035383 0.0306688125586 0.0125806268399 0.014077687162 0.0192928262827 0.0107521341198 -0.00326470040207 -0.00159707703491 0.0104916929807 0.00695072688859 0.0347069072938 0.00518461095858 0.0060809209919 0.0226227270641 0.00607115192139 0.0183005488075 0.0336513328802 0.00572950448233 0.0142686539747 0.0285161879575 0.0130117884483 0.0268189473258 0.0225740645822 0.0144260971669 0.0127525253463 0.0138490607112 0.0174204374693 0.00760671691813 0.0104693375181 0.0104341891138 -0.00584451934741 0.019995134647 0.0146409355593 0.00769688185903 0.0143412010903 0.00903692934697 0.0273979651129 -0.00624213210923 0.0113331714314 0.0220112250532 0.0319358207696 0.0211084056053 0.00951802954039 0.010401205376 0.0326571654402 0.00130038832725 0.0228550809754 -0.0213051326517 
0.0350247356769 0.0249095208864 0.00725700140287 0.0346138486692 0.118596148838 0.00966166950592 0.00307651017016 0.00367953039695 0.0124702313863 -0.000587761628449 0.00946938798225 0.00911166188079 0.00982514337067 0.0464902478395 0.00248036467274 0.0175086791468 0.0158075540558 0.00502762668495 0.0127683561918 0.0176281277814 0.0108416808146 0.0128746210031 0.0342148284599 0.0118358159522 0.018255921549 0.0307682910524 0.00661163339729 0.00428416346631 0.040507699315 0.0110743697713 0.0192096978212 0.0281635404916 0.00816153356007 0.0287505881856 0.0244045825638 0.0141401615906 0.0235241162246 0.0295610419902 0.0205701006723 0.00988877117369 0.0268504572161 0.0052788893135 0.0221878197762 0.00904407347749 0.0111616974139 0.00720051653775 0.0109567526608 0.0129438828588 0.00752027197388 0.0272504569207 0.0219644001789 0.00942512930976 0.0246169307303 0.0260517105685 0.0100270129399 0.0200539176063 0.0206654402933 0.0171996154832 0.0153871199975 0.00114612035611 
0.0213262020378 -0.000557760655704 0.00250471742862 0.0236335876132 0.00966166950592 0.23311787897 0.0159610613592 0.013436819348 0.0136556923799 0.000729034736991 0.0192586872565 0.0305612685069 0.00721041202192 0.0414459641897 -0.00351797303411 0.0172122354614 0.0167176383944 -0.00714529780393 0.0249840586859 0.00259511075693 0.0172763640437 0.012536046759 0.0331970093989 0.0195209936797 -0.0273896234438 0.0255623059756 0.0322095668187 -0.00629013963977 0.0247969022154 0.0212926583846 0.0568677632497 0.0210994194258 0.0160670885499 0.0109299590937 0.0311057758705 -0.00429624100449 0.0213749847062 0.0166666352575 -0.0049794918582 -0.0140317212709 -0.000217899534707 0.00607276256164 0.0248423686755 0.0379276695904 -0.0133954888453 0.0113625459274 0.0682056649426 0.0153461514205 0.0175656722146 0.00319825091738 -0.00164370334872 -0.00761677588326 0.0130426074099 -0.0169020092965 0.00468994647234 0.0196463326731 0.00523183348245 -0.0170793022086 0.0126696186747 -0.0113787161629 
0.0450032950804 -0.0353681665345 0.0277082037548 -0.00857507765326 0.00307651017016 0.0159610613592 0.364718502024 0.0156441210115 0.0102998305527 0.0109715576022 0.0728014200833 0.0353945309181 0.00149650235032 0.0118867008709 0.01378510042 0.0101947782356 0.00511584651048 0.0234694904794 0.0193660724928 0.0073579586902 0.033337530134 -0.00445758465851 0.0154969636392 0.021955569012 0.0354847425234 0.00289367426246 0.0120210832635 0.0329665839332 0.0155857512783 0.0539465872584 0.0156601913649 0.0425293697625 0.0111391705283 0.0286329220552 0.0163258432657 0.013033961648 -0.0111617868499 0.0367455029325 0.00983502301384 -0.020812130026 -0.00153360492546 0.00741505406275 -0.00957976779197 -0.00118741574001 0.0217076020436 0.0246860611257 0.00374462333183 0.0123760416182 0.0123329188666 0.00230828082923 -0.0061287137995 -0.00704325106204 0.013904427135 0.0511145291658 0.00435180546633 0.000165994553672 0.0277369338346 0.0396166506943 0.00514848293422 0.0364533484564 
-0.0022859266961 0.0306722116629 -0.00154333826257 0.00339403247551 0.00367953039695 0.013436819348 0.0156441210115 0.230093234904 0.0235639254458 0.000821261201304 0.0108351456026 0.0132202187711 0.0127050130249 0.0226015342393 0.0268817627553 -0.00331594803052 0.00325105840397 -0.00254931281747 0.0132417309104 -0.0091935859021 0.0402833799525 0.0144180759431 -0.00147840172172 0.0218929247604 0.00576023079573 -0.00215026178267 0.0243049049099 0.0117653641284 0.0095199064619 -0.00802115227989 0.00440018908347 0.00653958479789 -0.0191412680069 0.00358912187624 0.0266678991528 0.0322620663297 0.0245149162026 -0.00503750110853 0.0188732228734 0.0201463457299 0.0128764806091 0.0166979886231 0.0015593200386 0.0143916772092 0.0311743300966 0.0194660333741 -0.0095148832624 0.016479251714 -0.00269807165459 0.0171506436528 0.00859424615571 0.0170306107678 -0.00956376211603 0.0452259179285 0.00835853298387 0.00435760053389 0.0135601770661 0.00489329256348 0.0103449666633 -0.0164842587234 
0.0687085892781 0.0197148780224 -0.00781979660442 0.0321642557271 0.0124702313863 0.0136556923799 0.0102998305527 0.0235639254458 0.321057419824 0.0135835325439 -0.00704003401462 0.00600308294506 -0.00783475698556 0.0151869108148 0.00597384915695 0.0130396024761 0.00757793422348 0.0282205551505 0.0157191428059 0.00246318993064 0.0167586783089 0.0189713510172 0.0353000970969 0.017879594397 0.0230133589951 -0.013003093454 0.00612003723278 0.0240103927507 0.00956534260179 -0.00879701973959 -0.00931104370699 0.029509383812 0.00442867680554 0.0241579916054 0.00039235090008 0.0186285739157 0.0361262173454 0.0167242500555 0.0229245810012 0.0117301019803 0.0151041291611 -0.00924945681104 -0.000219392066838 0.0119453264578 -0.00270666977857 0.00696904542869 0.021998010345 0.0116542233917 0.0205684289918 0.0206995003223 0.0109940880997 0.0505890454016 0.0217974338217 0.0148593726881 0.0175912026994 -0.0120857461327 0.0213251067603 0.02122377271 0.00759207420706 -0.00784973514525 
0.0239133700902 -0.00145105296809 0.0321393825931 0.0119776555017 -0.000587761628449 0.000729034736991 0.0109715576022 0.000821261201304 0.0135835325439 0.231945610605 0.00203288991211 0.00854111349249 -0.00711777087731 0.0139178451711 0.0171499647876 0.0349077751023 0.00709970567446 -0.022126622724 0.00659475646289 0.0179253270463 -0.0205245577739 0.00789176059206 0.0135584761019 0.023687509878 0.0209924033619 -0.000127170045002 0.0017980662572 0.0106880131646 0.00329381748598 0.0244127460898 -0.000197619874899 -0.018701020235 0.00564014948552 0.0177624846435 0.0122477935892 0.031183280902 0.0127455209961 -0.00305686526656 -0.0111048440925 0.00319618827313 0.00253402312965 0.00379090100081 0.0178588390195 -0.00961742213639 0.024361078687 -0.00589096578535 -0.024662661384 0.0194131817862 -0.000489791802016 0.00287022259101 -0.0125972657823 0.00386739327969 -0.00991143466299 0.0233235527858 0.0204879101042 0.00939219269096 0.0177660382231 0.0132477696656 0.00603330875431 0.00290405072904 
0.00772224225685 0.0330967397848 0.036624344284 -0.0142634357605 0.00946938798225 0.0192586872565 0.0728014200833 0.0108351456026 -0.00704003401462 0.00203288991211 0.370082760149 0.0329542231064 -0.000313341241584 0.00581488929218 0.0173938943788 -0.0138219633724 -0.00487280086557 0.0306794916302 0.0168910865694 0.0167867880806 0.00809060688122 0.0102308827183 0.0216384980673 0.0181996593594 0.0534840045135 0.0162311475972 0.018881892836 0.00146872978008 0.0110731112533 0.0634120539139 0.00406742326647 0.011073718356 0.0276721149281 0.0217532033818 0.0104186611648 0.0378592896288 0.0397751792662 0.0270046105761 0.0104733746153 -0.0141834614891 0.0320363833078 0.0166290478151 0.0456297318558 -0.00570648570301 0.0210560948139 0.00719113477873 0.0218655109253 0.0160162259299 0.0182468949753 -0.02265507582 0.00323452755997 0.0308658401494 -0.00198913428705 0.0205898488806 0.0105770948137 0.00787574482538 0.0311292054923 0.0019815481168 -0.00334492356949 0.0802863893989 
0.0425218302073 0.012315893692 0.0119387378147 0.0133791999373 0.00911166188079 0.0305612685068 0.0353945309181 0.0132202187711 0.00600308294506 0.00854111349249 0.0329542231064 0.20542725917 0.0202337649845 0.0342305023522 0.00663203522221 0.0254787599122 0.00686575039628 -0.00321973323306 0.00273336630506 0.0144651783675 0.0215209683718 0.012984064729 0.0508282410622 0.0198661875735 0.00985551247006 0.019453447125 0.00505451139403 0.013354590306 0.0194342697521 0.053881754112 0.0371365028999 0.0149885611073 0.0230620386315 0.0177375802253 0.0196357639594 0.0316305743551 0.0358892677503 0.0613581127225 0.0218199161753 -0.0002570703632 0.0214838296597 0.024013513795 0.0300636601051 0.0147810646314 0.0135300211269 0.00896770019925 0.0054559392823 0.0201906736199 0.000230672829826 0.0169690543594 0.00955859723421 0.0253535518394 0.0105427548578 0.0158690826095 0.02714315982 0.0188009442408 0.0215671264664 -0.000826813168729 -4.81078217497e-05 0.0556104507553 
0.0389872507542 0.0418989579695 0.0117465921902 0.0081913035383 0.00982514337067 0.00721041202192 0.00149650235032 0.0127050130249 -0.00783475698556 -0.00711777087731 -0.000313341241584 0.0202337649845 0.331779154052 0.0190957324352 -0.0125124794255 0.00275283927771 0.0276280871969 -0.00590900205094 0.0361526383503 0.00125527313235 -0.00135306810733 -0.00522615146607 0.0130000742556 0.0059369180582 -0.00487333788747 -0.0107542898656 -0.00126631589946 0.00878344798757 1.59292192462e-05 -0.0134449858578 -0.00206300493113 0.0138390760584 -0.00735016246495 0.0206637734422 0.0111079375499 0.0133965250343 -0.0167720317227 0.0230258850629 -0.014812497093 0.0147186252405 0.0257857945775 0.00369503758163 0.0133503489049 0.000505247047326 0.106002515636 0.0476824244147 -0.0237767179049 0.0129574218496 0.00136045020623 0.0417163802829 0.0111314097628 0.0148899259631 0.0145619750561 0.0341805371801 -0.00858889620705 0.00945438937324 0.0217338321131 0.00263334999555 0.0190508451591 0.039909578688 
0.0311416181711 0.0178819491792 0.0145139008844 0.0306688125586 0.0464902478395 0.0414459641897 0.0118867008709 0.0226015342393 0.0151869108148 0.0139178451711 0.00581488929218 0.0342305023522 0.0190957324352 0.148802064018 0.000854597043593 0.0213400553407 0.0276331865128 0.0134991564437 0.0204182283444 0.0124616147207 0.0193429960412 0.00861195735182 0.0475476280436 0.0183461960679 0.00841804038256 0.0198060332401 0.00114479183349 0.00888215208559 0.0512851752535 0.0282463496415 0.0229842335001 0.0147601564534 0.0126285641022 0.0291727715634 0.0343412303304 0.00590800532623 0.0267928621503 0.0243882169103 0.0320911137058 0.00390914552221 0.0151789410156 0.0144669401249 0.0416305473386 0.0107580588362 0.00512968099641 0.00715705918917 0.0142549391687 0.00282009349348 0.00197408156266 0.0267873282173 0.0154959960254 0.0169985005079 0.0203598651016 0.000734735969259 0.0323773873754 0.0207555650637 0.0209601422997 0.00478271676963 0.0285118298903 0.00673970803142 
-0.0133550596148 0.0116245232401 -0.0109371643375 0.0125806268399 0.00248036467274 -0.00351797303411 0.01378510042 0.0268817627553 0.00597384915695 0.0171499647876 0.0173938943788 0.00663203522221 -0.0125124794255 0.000854597043593 0.195944572262 0.0188428882253 0.015860268496 -0.000391590351395 0.00410168233422 0.00252973941982 -0.0162180863885 0.0119364523623 0.00861193679298 -0.0010444462062 0.000128144458979 0.00516408972403 0.0124759719167 0.000566258315176 -0.00258546245591 0.0130067559891 0.0238740453062 -0.0145901532775 0.024025718538 0.021910501236 0.00811979913607 0.0153537256322 -0.00366230720053 0.0131365054353 -0.00885168674009 0.0119150220513 -0.0027163176279 0.016444889454 -0.00701202135292 0.0197604556571 -0.00706856342757 0.000668023786593 0.0310647578701 -0.00229539494404 -0.0117535776739 0.008051295712 -0.0114999233892 -0.00124518373344 -0.027009190081 0.0012059210097 -0.00170328518612 -0.00561903919061 0.0192390236917 -0.0117953950418 0.00416859808457 0.0155051163982 
0.01195769361 0.0115449357787 -0.0085582804549 0.014077687162 0.0175086791468 0.0172122354614 0.0101947782356 -0.00331594803052 0.0130396024761 0.0349077751023 -0.0138219633724 0.0254787599122 0.00275283927771 0.0213400553407 0.0188428882253 0.285505841793 0.0110782958487 -0.0167099854169 0.00895082599877 0.00323815324376 3.68631843351e-06 0.0208853588315 0.00412502931324 0.0172356974444 -0.00502596303922 0.0245992720361 0.00476635252994 0.00607336014359 0.042155945716 0.0076591765922 0.02018346118 0.00505677293152 0.0221487714716 0.00902901288237 0.0221296511483 -0.00101837184871 0.0160211484464 0.0129797113897 0.0490724276857 0.0205869670653 -0.0175242422638 0.0227873203255 0.0280712509521 0.00463393870699 0.01628931893 0.00730137059364 0.0138822519389 -0.0148631860224 -0.00987562880204 0.00996178306684 0.0224009945515 -0.0262406219078 -0.0122646061338 0.0135698925233 0.0652529604672 0.014405616853 0.0121103309266 0.00651766250147 -5.51123416967e-06 -0.00577174958911 
0.0459286373872 0.033403514294 0.0347009557579 0.0192928262827 0.0158075540558 0.0167176383944 0.00511584651048 0.00325105840397 0.00757793422348 0.00709970567446 -0.00487280086557 0.00686575039628 0.0276280871969 0.0276331865128 0.015860268496 0.0110782958487 0.15364059024 0.00887501649797 0.0295175283579 0.0175050425769 0.00553714501621 0.00761657138113 0.0303795378697 0.0197095302075 -0.00990940595243 0.0225680593465 0.00613363389854 0.0207027779618 0.0174202062485 0.0271790164695 0.0240140813341 0.00586982092581 0.00767223285678 0.0135806240957 0.0229843448935 -0.000769481908624 0.0364054175081 0.0183776013265 0.0135416758333 0.027789647164 0.00613465400048 0.0201084135982 0.00392124618571 0.0239031054966 0.0381555526405 0.0119417103502 0.00670979845884 0.00931265766363 -0.00199562421693 0.0148756863111 0.0190774013166 -0.00509445741196 0.00780552773195 0.0182616541938 0.00419173784445 0.0156348645377 0.0342323284746 0.00904368242648 0.0105524900742 0.00362967151973 
0.0433633135641 -0.00772543479695 0.0208804011514 0.0107521341198 0.00502762668495 -0.00714529780393 0.0234694904794 -0.00254931281747 0.0282205551505 -0.022126622724 0.0306794916302 -0.00321973323306 -0.00590900205094 0.0134991564437 -0.000391590351395 -0.0167099854169 0.00887501649797 0.47329571303 -0.00265244065128 0.00394027885875 0.00164298086562 0.0161206311166 -0.0182027357959 0.00771646636453 0.0243031177629 0.00494882298317 0.0168187527735 0.0176407970404 0.00671423700045 0.0187437881466 -0.00145760810754 0.0123848663765 0.0145551830665 0.015230549597 0.0830939622131 -0.00339282804289 0.0115636971029 0.00999952126971 0.0130401802849 -0.0109758422536 0.0269203818912 -0.0094270445937 0.00784085634771 0.00367805018835 -0.00625842134675 -8.06300795734e-05 0.0240833068071 0.00289419116703 0.005814068659 -0.0217354158368 0.00941564041661 0.0289161021203 -0.0118616347797 0.0335730994519 0.00745110223369 0.00448141822579 -0.00212273906217 -0.000978712930984 0.0134765556327 -0.00617568698343 
0.0268792116493 0.0144203367402 0.0046914361806 -0.00326470040207 0.0127683561918 0.0249840586859 0.0193660724928 0.0132417309104 0.0157191428059 0.00659475646289 0.0168910865694 0.00273336630506 0.0361526383503 0.0204182283444 0.00410168233422 0.00895082599877 0.0295175283579 -0.00265244065128 0.170079144123 0.0119688681677 0.0227891224066 0.0275043260944 0.00997256712843 -0.00317289119748 0.00322858933247 0.00955506842607 0.0231113561827 0.00824751454791 0.0140140657096 0.00125774990081 0.0167414576277 0.00869743612951 0.0178204226132 0.0142024811406 0.00651610056201 0.0278720888118 0.0170050176776 0.0196068694855 0.0101253177839 0.00949972367784 0.0130694292781 0.0216684432793 0.0160537606389 0.0322278399957 0.00750892550461 0.0191054352066 0.0110770640614 0.00883130839312 -0.00471880474557 0.041014439238 0.0172427798732 0.0100177292234 -0.00491246987851 0.00765454077995 0.0190643404671 0.010906910531 0.0230160282321 0.027969342189 0.0115983635625 -0.0108410505807 
0.030795937911 0.0595537933278 -0.0139752166267 -0.00159707703491 0.0176281277814 0.00259511075693 0.0073579586902 -0.0091935859021 0.00246318993064 0.0179253270463 0.0167867880806 0.0144651783675 0.00125527313235 0.0124616147207 0.00252973941982 0.00323815324376 0.0175050425769 0.00394027885875 0.0119688681677 0.239005464147 0.0123077242233 0.00729390346295 0.0166815230079 0.00532927946074 0.00112144473811 0.00715330431945 0.00649514179952 0.00363758736687 0.0269443599074 0.0232846445861 0.00383692860672 0.0504122454187 0.0207625195996 0.0158236162145 0.00830338267796 -0.00585777026879 0.0307992994609 0.00670644415584 0.0147309398773 0.0117775001814 0.0157080378291 0.0110222176553 0.0179046415955 0.00339182076474 -0.00923404270505 -0.0127053950923 0.00546024369587 -0.00231246930395 0.00394434891715 0.0333310620273 0.0207144046773 0.0315830083728 0.00629443000576 0.0166309673234 0.0174102382193 0.014059200461 0.00671124151916 0.0215821384556 0.0102157708111 0.033341828278 
0.0307426509408 0.00982918404328 0.0102280420455 0.0104916929807 0.0108416808146 0.0172763640437 0.033337530134 0.0402833799525 0.0167586783089 -0.0205245577739 0.00809060688122 0.0215209683718 -0.00135306810733 0.0193429960412 -0.0162180863885 3.68631843349e-06 0.00553714501621 0.00164298086562 0.0227891224066 0.0123077242233 0.271866900944 0.0118811027521 -0.0185209946879 0.0242085530729 0.0202665712394 0.00517335917883 0.0327141258545 -0.00298733296519 0.00997505120532 0.016914413918 0.00279979452579 -0.00640603241723 0.00487198549746 0.0361724851836 0.0146930223488 0.0286396180002 0.0142961889278 0.0279581333989 0.0170072801845 0.0110282121099 -0.00369643226531 0.00799304162618 -0.000778405565373 -0.00543363527393 0.0315977493975 -0.010545541441 -0.000888888197271 -0.00261073917073 0.015777292268 -0.00166359042623 0.0209423084584 0.0289398705375 0.020578320246 0.00654702555203 0.00066729242509 0.0403908684172 0.011381210066 0.0167298001677 0.00928724308128 0.0216259955845 
0.0310493954375 0.00656104230573 -0.00294931648702 0.00695072688859 0.0128746210031 0.012536046759 -0.00445758465851 0.0144180759431 0.0189713510172 0.00789176059206 0.0102308827183 0.012984064729 -0.00522615146607 0.00861195735182 0.0119364523623 0.0208853588315 0.00761657138113 0.0161206311166 0.0275043260944 0.00729390346295 0.0118811027521 0.153392259687 0.0115965513954 -0.00235241421179 0.0118950167891 0.0101889066519 0.00908765231536 0.0293925742717 0.0145393321116 -0.000257458954523 0.0352786812334 0.0188389605859 -0.00756241170917 0.00952929759917 0.0123634805456 0.00290260904946 0.000439830223582 0.00933388626277 -0.000400427529306 0.0233651973293 0.033008278786 0.0166935718938 0.015523196472 0.0170732469532 -0.00151436639304 0.00729297860648 -0.00613541207685 -0.00697498184582 -0.00529007057425 -0.00435467040889 0.00177396000697 0.0117469520437 0.00428515974036 0.0264161679622 0.0187730268204 0.0309887347869 0.00200287936069 0.00606220322767 0.00965014734885 -0.00745651875154 
0.093487807531 0.011876694043 0.0467448585838 0.0347069072938 0.0342148284599 0.0331970093989 0.0154969636392 -0.00147840172171 0.0353000970969 0.0135584761019 0.0216384980673 0.0508282410622 0.0130000742556 0.0475476280436 0.00861193679298 0.00412502931324 0.0303795378697 -0.0182027357959 0.00997256712843 0.0166815230079 -0.0185209946879 0.0115965513954 0.425830710077 0.0281928144335 0.0107933005385 0.0164088911284 0.00271797671183 0.0185233546427 0.0169623180571 0.054638599384 0.0519304715489 0.079557940034 -0.00469463591477 0.0410796271853 0.0576963315628 0.00703427813109 0.0357294258385 0.0283803686241 0.0156763888515 0.0234081566333 0.0264970139185 0.0351473127962 0.0288357795413 0.0473749980945 0.0714839630967 0.0466291846215 0.0297856676618 0.0165562839152 0.0115249606149 0.0640804322684 0.0258593077055 0.0710261580616 0.0292880604957 0.0504486663212 0.00278800667178 0.0204718119281 0.0148771253825 0.0329179542814 0.0379780432307 0.0647309371749 
0.017228498003 0.0326504525889 0.0451870182801 0.00518461095858 0.0118358159522 0.0195209936797 0.021955569012 0.0218929247604 0.017879594397 0.023687509878 0.0181996593594 0.0198661875735 0.0059369180582 0.0183461960679 -0.0010444462062 0.0172356974444 0.0197095302075 0.00771646636453 -0.00317289119748 0.00532927946074 0.0242085530729 -0.00235241421179 0.0281928144335 0.161345630489 0.0124467024387 0.00881852779972 0.0115189209412 0.0184386300957 -0.00317753704203 0.0282182149417 0.0296309673422 0.0431420588826 0.0322971974309 0.011057802301 0.0374788050411 0.0191942563831 0.0237020726777 0.00788712434176 0.0182944511539 0.0279595598832 0.00903734611553 0.026582532772 0.00361865888911 0.0304410989399 0.00510704918384 -0.00696402260799 0.01828875198 0.00992072480622 0.0107735170081 0.0143401796981 0.0184155529671 0.0322189191995 0.016788689877 0.0393469780403 0.0220029339017 0.0244662575772 0.0260549277549 0.0183785252723 0.0105694530731 0.0194406313372 
0.032370651889 0.0259719902637 0.0139552348761 0.0060809209919 0.018255921549 -0.0273896234438 0.0354847425234 0.00576023079573 0.0230133589951 0.0209924033619 0.0534840045135 0.00985551247006 -0.00487333788747 0.00841804038256 0.000128144458979 -0.00502596303922 -0.00990940595243 0.0243031177629 0.00322858933247 0.00112144473811 0.0202665712394 0.0118950167891 0.0107933005385 0.0124467024387 0.205951467881 0.00973281337234 0.0166385830423 -0.00688595703198 -0.00627476647701 0.0268108240343 -0.000679779529157 0.0080840369286 0.0116509047509 0.0398840554298 0.00885124123306 0.0539174744934 0.00296937608494 0.0300571398185 0.0121749380414 -0.0136515793319 0.0348416914946 0.00417725137409 0.0241319400248 0.00788452821918 0.0158229157469 0.00273069336029 0.00573705832589 0.0325942378748 0.0264433291382 -0.0158026626564 0.00473011476078 0.0354706365466 0.0183224217271 0.00812227143104 0.00303703532592 0.00879363429784 0.0172351840467 0.0171897196069 0.0190384385504 0.00130589360177 
0.0327324586665 0.00391215753656 0.0123154037128 0.0226227270641 0.0307682910524 0.0255623059756 0.00289367426246 -0.00215026178267 -0.013003093454 -0.000127170045002 0.0162311475972 0.019453447125 -0.0107542898656 0.0198060332401 0.00516408972403 0.0245992720361 0.0225680593465 0.00494882298317 0.00955506842607 0.00715330431945 0.00517335917883 0.0101889066519 0.0164088911284 0.00881852779972 0.00973281337234 0.212540967054 0.00908783042801 0.0165088561742 0.0524064919139 0.0238369250911 0.0200911059023 0.0291379978958 0.016187587242 0.0181158473208 0.021524156879 0.00521113820264 0.0136147793581 0.0272607127581 0.00930431356864 0.00241851164069 0.0101701635519 0.00339929101566 0.0297388008224 0.00700451098204 -0.0123726310516 -0.000332892369929 0.00472940734294 0.0199812581108 0.00400608725693 0.000275140706359 0.011575317309 0.0291673027686 0.00211232538399 0.0221481241201 0.0231458381981 0.0101149499746 0.0074388161264 0.00980823418552 0.0168236972758 0.0241084807311 
0.00824532869751 0.0123766893973 0.013852058236 0.00607115192139 0.00661163339729 0.0322095668187 0.0120210832635 0.0243049049099 0.00612003723278 0.0017980662572 0.018881892836 0.00505451139403 -0.00126631589946 0.00114479183349 0.0124759719167 0.00476635252994 0.00613363389854 0.0168187527735 0.0231113561827 0.00649514179952 0.0327141258545 0.00908765231536 0.00271797671183 0.0115189209412 0.0166385830423 0.00908783042801 0.149816407218 0.00599735679808 0.0298475580726 -0.0253993035939 0.0222916653133 -0.00307656295267 0.00991597159812 0.00525964451741 -0.00174713878667 0.00228189293461 0.00673848778357 0.0157156293144 0.000113464659284 0.0136673827236 -0.00316814864992 0.00919315350476 0.00937722644625 0.0179593799566 0.00340440907799 0.00472467999796 0.0218865535071 -0.000414767640384 0.00439981519145 0.00415672814037 -0.000205538216093 -0.000226949052551 0.0240440477801 -0.00145062995223 -0.000446386349915 0.00249984394617 0.0130485604743 0.00776824384028 0.0206886491431 -0.00325029571185 
-0.0134886389934 0.0293994203482 -0.00364238473297 0.0183005488075 0.00428416346631 -0.00629013963977 0.0329665839332 0.0117653641284 0.0240103927507 0.0106880131646 0.00146872978008 0.013354590306 0.00878344798757 0.00888215208559 0.000566258315176 0.00607336014359 0.0207027779618 0.0176407970404 0.00824751454791 0.00363758736687 -0.00298733296519 0.0293925742717 0.0185233546427 0.0184386300957 -0.00688595703198 0.0165088561742 0.00599735679808 0.280712234232 -0.00485026470283 0.0422200498943 -0.0013705380656 0.00807351479461 0.0216492804738 -0.0129292168928 0.00848100419547 0.026693074804 0.00968646771585 0.00991754015158 0.0214086597128 0.0163687847667 0.000260078430227 0.0115211277746 -0.00201652804263 -0.00761614001367 0.012490466783 -0.00689031221582 -0.0052654728059 -0.00642238264055 -0.0105939535621 0.0201802703689 0.0149408621412 -0.0178911330309 0.0250746876899 0.0419320994416 0.0268775568471 0.0268051720913 0.0244977588424 0.0196407262041 0.0114565829193 -0.00982074404918 
0.000333692833156 0.0337436977876 0.0128110251682 0.0336513328802 0.040507699315 0.0247969022154 0.0155857512783 0.0095199064619 0.00956534260179 0.00329381748598 0.0110731112533 0.0194342697521 1.5929219246e-05 0.0512851752535 -0.00258546245591 0.042155945716 0.0174202062485 0.00671423700045 0.0140140657096 0.0269443599074 0.00997505120532 0.0145393321116 0.0169623180571 -0.00317753704203 -0.00627476647701 0.0524064919139 0.0298475580726 -0.00485026470283 0.205491540748 0.0307115380261 0.0150112951952 0.0240604688851 0.00275757410827 0.0348318861856 0.0291751583228 0.0143815998818 0.00969131786972 0.0238991275557 0.0139117112261 0.0152431264481 0.0145509126261 0.0174553932049 0.0329624882326 0.000788394377718 0.00617793074369 0.00176757919514 0.00591116823326 0.00623789687684 0.00772350382454 0.0212115251292 0.00967036808733 0.0116905986569 0.0132211629936 0.0235911960123 0.015425083261 0.0195308652592 0.0287957998447 0.0139290867949 0.0146106208332 0.0152107657167 
0.00897095605856 0.00356542214896 0.0494666909232 0.00572950448233 0.0110743697713 0.0212926583846 0.0539465872584 -0.00802115227989 -0.00879701973959 0.0244127460898 0.0634120539139 0.053881754112 -0.0134449858578 0.0282463496415 0.0130067559891 0.0076591765922 0.0271790164695 0.0187437881466 0.00125774990081 0.0232846445861 0.016914413918 -0.000257458954523 0.054638599384 0.0282182149417 0.0268108240343 0.0238369250911 -0.0253993035939 0.0422200498943 0.0307115380261 0.338825056803 -0.00251662309297 0.00272668973399 0.0320098606332 0.0242098301965 0.0150801987799 0.0432756521617 0.0259771124651 0.0256710663124 0.0168582482756 0.0101399360826 0.00686203817895 0.0114063330674 0.0214727446796 0.0294662816164 0.00995071242718 0.00751619220366 0.0328545715588 0.00537608322336 0.0116864371443 0.0689177321297 0.0103824424443 0.0212532946034 -0.00873121607028 0.0651630291167 0.0179870833835 0.0106917860496 0.0316529045576 0.0341346823831 0.0209242865246 0.058334624056 
0.0375785818447 0.0097762792261 -0.000278972340159 0.0142686539747 0.0192096978212 0.0568677632497 0.0156601913649 0.00440018908347 -0.00931104370699 -0.000197619874899 0.00406742326647 0.0371365028999 -0.00206300493113 0.0229842335001 0.0238740453062 0.02018346118 0.0240140813341 -0.00145760810754 0.0167414576277 0.00383692860672 0.00279979452579 0.0352786812334 0.0519304715489 0.0296309673422 -0.000679779529157 0.0200911059023 0.0222916653133 -0.0013705380656 0.0150112951952 -0.00251662309297 0.281813730567 0.0565448880207 0.0359805624948 0.0190983375044 0.0244659772549 -0.00151710119129 0.0573997716327 0.0178854469926 0.00622674189233 0.0352019795816 0.0129206078562 0.0226945423991 0.0110263643059 0.0417279332184 -0.00632509925172 0.0300160358693 0.0202160359328 0.0110053532219 0.00826545429752 0.0283031408367 0.0112725764146 0.0190009642429 0.0314263378963 0.000465918604401 0.0259508620206 0.0133922723231 0.00406695318452 0.0332133146443 0.0114778657288 0.0108548093862 
0.0500593517055 0.0173226375932 0.0466183286146 0.0285161879575 0.0281635404916 0.0210994194258 0.0425293697625 0.00653958479789 0.029509383812 -0.018701020235 0.011073718356 0.0149885611073 0.0138390760584 0.0147601564534 -0.0145901532775 0.00505677293152 0.00586982092581 0.0123848663765 0.00869743612951 0.0504122454187 -0.00640603241723 0.0188389605859 0.079557940034 0.0431420588826 0.0080840369286 0.0291379978958 -0.00307656295267 0.00807351479461 0.0240604688851 0.00272668973399 0.0565448880207 0.875574163743 0.0104352431268 0.0458838540263 0.0532412065478 0.0214048007812 0.0591360099259 0.00275119019353 0.00499817718848 0.00948363770286 0.0616861715145 -0.0210296518231 -0.00699937942984 0.0315731796673 -0.00641378153293 0.0669424417737 0.00809825100569 0.0175055969334 0.0143881142735 0.0177363661475 0.00818164280216 0.0689012122776 0.0358314110667 0.068212117912 0.00530434520808 -0.00819490938583 0.0117521982987 0.0317460850165 -4.73425254229e-05 0.0541327057529 
0.00460628874654 0.00952985450718 0.0443044854332 0.0130117884483 0.00816153356007 0.0160670885499 0.0111391705283 -0.0191412680069 0.00442867680554 0.00564014948552 0.0276721149281 0.0230620386315 -0.00735016246495 0.0126285641022 0.024025718538 0.0221487714716 0.00767223285678 0.0145551830665 0.0178204226132 0.0207625195996 0.00487198549746 -0.00756241170917 -0.00469463591477 0.0322971974309 0.0116509047509 0.016187587242 0.00991597159812 0.0216492804738 0.00275757410827 0.0320098606332 0.0359805624948 0.0104352431268 0.330931512644 0.00877845077131 0.0146260575532 -0.00366746494441 0.0151129714434 0.0194055719312 0.0190214543247 0.0342882247203 -0.0040432350419 0.0111847576512 0.00379813759932 -0.000441004911248 0.0192206436593 0.0197123023884 0.00239025714039 0.00541736608122 0.0294705709782 0.0292987985333 0.0137358924392 0.00461474729571 -0.00332998521665 0.0148252855783 0.0501642908315 0.00371361466552 0.000449460277597 0.0341771054458 0.0149471490873 0.0225790878197 
0.0396987027473 0.00790992248006 0.0237375586305 0.0268189473258 0.0287505881856 0.0109299590937 0.0286329220552 0.00358912187624 0.0241579916054 0.0177624846435 0.0217532033818 0.0177375802253 0.0206637734422 0.0291727715634 0.021910501236 0.00902901288237 0.0135806240957 0.015230549597 0.0142024811406 0.0158236162145 0.0361724851836 0.00952929759917 0.0410796271853 0.011057802301 0.0398840554298 0.0181158473208 0.00525964451741 -0.0129292168928 0.0348318861856 0.0242098301965 0.0190983375044 0.0458838540263 0.00877845077131 0.17396985035 0.0308331332114 0.00922378782788 0.00316099252477 0.0202205270259 0.00763508895156 0.0287314554714 0.029556480135 0.00751940480305 0.0167283908293 -0.00249666105889 0.0340428700378 0.00808050582327 0.0250596138288 0.019402535732 0.00221890172494 0.0208736882365 0.0233130886657 0.0468762703579 0.0358748195499 0.0357779282479 0.0179807110888 0.0224346322442 0.0218338172174 0.0287785168323 0.0263594432216 0.0196512528962 
-0.00318389895564 0.0229890325734 0.0843298216501 0.0225740645822 0.0244045825638 0.0311057758705 0.0163258432657 0.0266678991528 0.00039235090008 0.0122477935892 0.0104186611648 0.0196357639594 0.0111079375499 0.0343412303304 0.00811979913607 0.0221296511483 0.0229843448935 0.0830939622131 0.00651610056201 0.00830338267796 0.0146930223488 0.0123634805456 0.0576963315628 0.0374788050411 0.00885124123306 0.021524156879 -0.00174713878667 0.00848100419547 0.0291751583228 0.0150801987799 0.0244659772549 0.0532412065478 0.0146260575532 0.0308331332114 0.455899016718 0.0139637658374 -0.00670381643675 0.01683995532 0.0210945538919 0.0210506874361 0.0407862929431 0.00447362370968 0.0172764201433 0.0150764601714 0.000662041211408 0.0374998303074 0.0116144694521 0.00245358506524 0.0159171977158 0.0388390486749 -0.00269183743828 -0.00714077015903 0.0216617684701 0.0150508421129 0.00856164365931 -0.0127727161024 0.02009878895 -0.00787526854837 0.0381815680006 -0.0220847676064 
0.05988422713 0.0654722804247 0.0267296074479 0.0144260971669 0.0141401615906 -0.00429624100449 0.013033961648 0.0322620663297 0.0186285739157 0.031183280902 0.0378592896288 0.0316305743551 0.0133965250343 0.00590800532623 0.0153537256322 -0.00101837184871 -0.000769481908624 -0.00339282804289 0.0278720888118 -0.00585777026879 0.0286396180002 0.00290260904946 0.00703427813109 0.0191942563831 0.0539174744934 0.00521113820264 0.00228189293461 0.026693074804 0.0143815998818 0.0432756521617 -0.00151710119129 0.0214048007812 -0.00366746494441 0.00922378782788 0.0139637658374 0.242360986242 0.0124038473515 0.0175655379941 0.00396268797342 0.01834172619 0.0422137829496 0.0139064337637 0.00659722293254 0.00804262534897 0.0219213765545 0.0277374962091 0.00858501918981 0.00791392390241 0.0260671842143 -0.00833817637835 -0.00839512594947 0.0623582372312 0.0178855131752 0.0260841870247 0.017927108502 0.0141919354951 0.0118170717285 0.0150858831635 0.00759137973881 0.0184123688518 
0.00624398302667 0.0148410269114 0.0131513481866 0.0127525253463 0.0235241162246 0.0213749847062 -0.0111617868499 0.0245149162026 0.0361262173454 0.0127455209961 0.0397751792662 0.0358892677503 -0.0167720317227 0.0267928621503 -0.00366230720053 0.0160211484464 0.0364054175081 0.0115636971029 0.0170050176776 0.0307992994609 0.0142961889278 0.000439830223583 0.0357294258385 0.0237020726777 0.00296937608494 0.0136147793581 0.00673848778357 0.00968646771585 0.00969131786972 0.0259771124651 0.0573997716327 0.0591360099259 0.0151129714434 0.00316099252477 -0.00670381643675 0.0124038473515 0.428403268433 0.0066890293044 0.0089609473314 0.0271160764162 0.00679235181151 0.00845096365672 0.0202938306698 0.0422726548331 0.0435424892491 0.0360705432452 0.0305709214161 0.00601324196139 0.0321913806892 0.019441826322 0.0279786277544 9.40939438008e-05 0.0089031112354 0.0246087996939 0.0143245626526 0.0137622089319 0.0278623335274 0.0260647481324 0.00523546188367 -0.00391605566588 
0.0423425933815 0.0222005131898 0.00662199716739 0.0138490607112 0.0295610419902 0.0166666352575 0.0367455029325 -0.00503750110853 0.0167242500555 -0.00305686526656 0.0270046105761 0.0613581127225 0.0230258850629 0.0243882169103 0.0131365054353 0.0129797113897 0.0183776013265 0.00999952126971 0.0196068694855 0.00670644415584 0.0279581333989 0.00933388626277 0.0283803686241 0.00788712434176 0.0300571398185 0.0272607127581 0.0157156293144 0.00991754015158 0.0238991275557 0.0256710663124 0.0178854469926 0.00275119019353 0.0194055719312 0.0202205270259 0.01683995532 0.0175655379941 0.0066890293044 0.147005879759 0.0262621774068 0.0225220491231 0.028334673145 0.0127631389583 0.00882290096573 0.0125448630858 0.0362505969468 0.0220870553231 0.00903606633094 0.0253856419682 0.00605306281243 0.0154985479853 0.00228219456067 0.0213747781181 0.00932696931015 0.0375331744498 0.00988235666907 0.0188216958626 0.0219782805956 0.00632420152052 0.0109731424764 0.0197413506097 
0.00715778252946 0.0131759337122 0.00806809252913 0.0174204374693 0.0205701006723 -0.0049794918582 0.00983502301384 0.0188732228734 0.0229245810012 -0.0111048440925 0.0104733746153 0.0218199161753 -0.014812497093 0.0320911137058 -0.00885168674009 0.0490724276857 0.0135416758333 0.0130401802849 0.0101253177839 0.0147309398773 0.0170072801845 -0.000400427529305 0.0156763888515 0.0182944511539 0.0121749380414 0.00930431356864 0.000113464659284 0.0214086597128 0.0139117112261 0.0168582482756 0.00622674189233 0.00499817718848 0.0190214543247 0.00763508895156 0.0210945538919 0.00396268797342 0.0089609473314 0.0262621774068 0.18117642182 0.00615681015828 0.000226338888535 0.0137372089635 0.0221545434001 0.00648813739007 0.0272277437539 -0.0137937269909 -0.019946748115 0.00837239622816 0.0138021743829 0.0175415867548 0.00770045368915 -0.0143622352251 0.0175232408424 0.0204328508747 0.0388099700845 0.0187617164193 0.024436791466 0.0199893508386 0.0111393639133 -0.00254515698658 
