40
0.0160922749751 0.0433119494187 0.0485945029431 0.0801839086902 0.00610402508206 0.0560151075184 0.0407864154506 0.110955558587 0.0132966740539 0.0205855922537 0.00643120824938 0.107494880462 0.0300114281637 0.191301962015 0.144106781955 0.0360508970818 0.103848753038 0.0381517477001 0.0269248151276 0.114977551813 0.0347685991573 0.087070388143 0.00413185853021 0.0994766710856 0.0279461936292 0.0584521455196 0.0301217617298 0.282509070746 0.126841392599 0.105790500039 0.0649972461493 0.125840316239 0.0861575830063 0.123331646141 0.115739319126 0.070293401022 0.0946597506959 0.0114549593271 0.112278324126 0.112605751981 
0.219781342432 0.00685245814334 -0.00380866417529 -0.0242880975344 0.00581072026033 -0.000822913625389 -0.000775695215501 0.0195343269958 -0.00576031163673 0.0185641014193 0.0124641496405 0.0500276772905 -0.00154505577278 -0.00612682443565 0.0188399643524 0.00484974032698 0.00888239965754 -0.0107653702541 0.00970970386311 0.0128941964756 0.00635167497028 -0.00146613286586 0.00906757917592 0.0188269583291 0.00246133994898 0.0166751403797 -0.00858257970865 -0.00778374183132 0.0109415900406 0.00869866884856 -0.00342092585612 -0.0123832937178 -0.0209766855808 -0.00756112786995 0.0155726840768 0.014399114213 0.0037791881473 0.00554051390577 0.0192725567654 0.00419606238852 
0.00685245814334 0.173821953365 0.0408675489284 0.0111187110362 0.0372811451414 -0.00658762952073 0.0145644094045 0.0268175889165 0.0162506101381 0.0153464084256 0.0250024865495 0.0375864407889 0.0336016025917 0.00228946055394 0.0374121394413 0.0271633346378 -0.00899581703398 0.0165568257288 0.00801282641004 0.0105408415616 -0.00142856666101 0.0183551934365 0.029705856108 -0.0121368769908 0.00418082479086 0.00205255024934 0.0223576780071 0.0245244689598 -0.0148688860374 0.0169294529388 0.00772077016342 0.0332353503867 0.0108496122408 0.0474409242469 0.0259529044765 0.0186244388975 0.0201645542287 0.0107935351618 0.0285268289278 0.00887053638955 
-0.00380866417529 0.0408675489284 0.130906994839 0.0162413503873 0.0361418804658 0.0127886235342 0.021192246656 0.019442310781 0.0134933722624 0.0121505653448 0.0400599191616 0.023492789104 0.0359059521325 0.0115044627664 0.0106567815738 0.0319301923153 -0.0127510130332 0.00499380446058 0.00906814079068 0.00265082337604 0.0137577127758 -0.00264023730594 0.00965670921653 -0.0015047262492 0.0251381853848 0.0135907197892 0.0228436947792 -0.00722384310272 0.00638634915061 0.0213534500314 0.00198938140515 0.0181791447192 0.00872554068471 0.0193569154114 0.029316562143 0.0234332976201 0.0107030609544 0.0241422659587 0.0195263274284 0.00756755095897 
-0.0242880975344 0.0111187110362 0.0162413503873 0.511135650127 0.023941553695 -0.0016697197431 0.0177540111542 0.0118733362453 0.00636891932415 0.0184477451956 0.0200942993706 0.0549206253156 0.0193164088131 0.0268967833828 0.0549543905556 0.0132792405023 -0.0157289885512 0.0391869277916 -0.00964282345383 0.00832453530003 -0.0163667188097 0.0807223486244 -0.00344567061907 -0.00989986254272 -0.00949472488553 0.0139943319378 -0.011774289021 0.0552504001045 -0.0099014156407 0.00314718524767 0.067963896745 0.0256823189536 0.226106606367 0.0224855937188 0.0290605954532 8.91011259079e-05 0.0383077676148 0.0153628584229 0.0374598720078 -0.00574553947719 
0.00581072026033 0.0372811451414 0.0361418804658 0.023941553695 0.170104091853 0.0129521784809 0.0317478862829 0.041014573814 0.0307232356591 0.0118000982629 0.0383908701666 0.0262133227898 0.0294668105785 0.0192566740524 0.00828922817634 0.0282473341667 -0.00358105519202 -0.00468918338847 0.0148000188853 0.00961987106069 0.00559332106778 0.0243453026469 0.014409026262 0.00518777044475 0.00330740489626 0.0421361927321 0.00361690891798 0.000146742843376 0.00700649216242 0.00718607978752 7.34850358851e-05 0.0257361115839 0.0152339929133 0.00588498941216 0.0385932593273 0.00836822660218 -0.00367532053698 0.0266097422701 0.00982695029189 0.0035998073902 
-0.000822913625389 -0.00658762952073 0.0127886235342 -0.0016697197431 0.0129521784809 0.356733334426 0.0236093663672 0.0241268315951 5.07584024572e-05 -0.0149709271752 0.00917875116709 0.0448650767148 0.0135632792792 0.00767767577582 0.0158214409068 0.0269724589371 -0.00157970701081 0.016653770626 0.00329984663489 0.0113158969881 0.0298913853049 -0.0234256854917 0.0250226108377 -0.00125036831317 0.00638902271249 -0.0060333726508 -0.0040516788318 -0.00781404261868 0.00109872526758 -0.00633091742799 -0.000375928120552 0.0149290097028 0.00957904048998 0.00287638968931 0.0231527821202 0.00779046534938 -0.0140661131409 0.0142555911235 0.0318419347077 0.0609563516329 
-0.000775695215501 0.0145644094045 0.021192246656 0.0177540111542 0.0317478862829 0.0236093663672 0.202513574956 0.0602095101828 0.00649584121186 0.0262653594488 0.0264526728279 0.0464264377011 0.0141861869501 0.0104133773552 0.0211001945094 0.0295628396883 -0.0256601922078 0.0309813374808 0.00616409600395 0.0296656243855 0.0144678362918 0.00671913246384 0.029548909564 0.00237947043756 0.0322616779938 0.0211885253554 0.00698525882757 0.0598410090728 0.0110728815815 0.0201264426692 0.0391225423414 0.0261372696442 -0.00638437358578 -0.0174297309188 0.0428967252827 0.0101817100602 0.0165784411936 0.0199666568208 0.0284657775008 0.0153371713809 
0.0195343269958 0.0268175889165 0.019442310781 0.0118733362453 0.041014573814 0.0241268315951 0.0602095101828 0.478859448027 0.0145123010102 0.0316457153464 0.0399928515515 -0.00257218772563 0.0335777887214 -0.0168066613012 -0.00536610075775 0.0233539076852 -0.0200591682027 0.023517549633 0.00375821161849 0.0062348706391 0.00382597552506 0.0774493338416 0.00847911729891 0.0233892168378 0.00930297476103 0.0417858061718 -0.00123850707692 0.00328642591489 0.0176043155764 -0.0118089062944 0.0123225907254 0.0410184833267 0.0119881720784 0.0651358945381 0.0392842706866 -0.00397730836111 0.0159525683076 0.0404129333547 0.0129817641766 -0.0148818539856 
-0.00576031163673 0.0162506101381 0.0134933722624 0.00636891932415 0.0307232356591 5.07584024572e-05 0.00649584121186 0.0145123010102 0.294987415274 -0.00820125978262 0.00458168882711 -0.00212042471686 0.0154929682947 0.0259769664264 -0.0103895514082 0.0132073625526 0.0168440899822 0.0621808858802 0.00637292266946 0.0137129868712 -0.00020377249411 0.0176533972022 -0.00400434230865 0.00503148383868 0.00931984259015 0.0212576328092 0.0147813562085 -0.011429635312 -0.0184154477184 0.0109385911205 0.0287760643776 0.00808372259421 0.0015457050799 0.0486019269272 0.0124679614894 0.00545529087822 0.00714228331235 0.0223635295974 0.0143585935902 0.00471287842461 
0.0185641014193 0.0153464084256 0.0121505653448 0.0184477451956 0.0118000982629 -0.0149709271752 0.0262653594488 0.0316457153464 -0.00820125978262 0.163011811289 0.0178815889565 -0.0083074566738 0.0111157673109 -0.0019505795415 -0.0193812497473 0.0186080102321 0.00162404932948 -0.00260282839749 0.0226784315155 0.00532666914941 -0.000163250878698 0.00601990377031 0.0128596904816 -0.0069232478366 -0.00461713730877 -0.00568683994918 0.0149585503413 0.0207949555287 0.023703376987 -0.00537680904698 0.0121826474447 0.00653012355188 0.010939158593 0.00228703709782 0.0192151826382 0.0112121556552 -0.0030740470465 0.0110352750059 0.00671903996497 -0.00151510353755 
0.0124641496405 0.0250024865495 0.0400599191616 0.0200942993706 0.0383908701666 0.00917875116709 0.0264526728279 0.0399928515515 0.00458168882711 0.0178815889565 0.189582373587 0.0167790715457 0.0322237540121 0.0357793679803 0.0204157375122 0.0479582105911 0.000642345923686 0.00794970788963 0.0112261498499 0.00678798953302 -0.0137186136694 0.0160995112615 0.0177651495844 0.00572739243519 0.0132866806522 0.0275387997353 0.00215241686306 0.0494837061919 0.00842215908327 0.0515521856902 0.0140317890364 0.00668893056206 -0.00115615598535 0.0159055051257 0.00726903608883 0.0114478906357 0.0168387180865 0.0293856521419 0.0256010851246 0.0233093908703 
0.0500276772905 0.0375864407889 0.023492789104 0.0549206253156 0.0262133227898 0.0448650767148 0.0464264377011 -0.00257218772563 -0.00212042471686 -0.0083074566738 0.0167790715457 0.421842141313 0.0453061192118 0.0305151342769 0.0352222258323 0.0354076716573 0.00334372993727 0.0236214046098 0.00644966834909 0.0296898825097 0.0466363086082 0.0253515516324 0.0239880675067 0.0832947870481 0.00224631786773 0.0273804766048 0.0213880147236 0.0217429043827 0.159688140005 0.0267055953717 0.0453083145107 0.0511870646053 0.0195652577119 0.0173643912649 0.0559687243691 0.0663524949579 -0.00130026325846 0.029726283273 0.0175249050945 0.0899341727724 
-0.00154505577278 0.0336016025917 0.0359059521325 0.0193164088131 0.0294668105785 0.0135632792792 0.0141861869501 0.0335777887214 0.0154929682947 0.0111157673109 0.0322237540121 0.0453061192118 0.200947239213 0.0236800018753 0.00903752031767 0.0412429865145 -0.0153982423786 0.0160441714525 0.0214452849743 0.00785636776154 0.00313305601612 0.0154162490275 0.0237480349682 0.0277939479926 0.0120876567603 0.0270214111592 0.0109072189391 -0.0154190398063 -0.0100812091666 0.00974374478566 0.0355155932594 0.0273435763559 0.0129692249111 0.0313682645178 0.0354754678258 0.0105432542916 0.00580171430225 0.0259336492517 0.013506484242 0.00675516320365 
-0.00612682443565 0.00228946055394 0.0115044627664 0.0268967833828 0.0192566740524 0.00767767577582 0.0104133773552 -0.0168066613012 0.0259769664264 -0.0019505795415 0.0357793679803 0.0305151342769 0.0236800018753 0.422584190049 0.029699390128 0.0327104632628 0.103948908503 0.0445090773643 0.019017710874 0.00941459737446 0.0200158844277 0.0474486615382 0.0432876650491 0.045647826595 0.00103682678388 0.0252010986216 0.00627702068591 0.145754497098 0.0155731064617 -0.0175059830887 0.0200904409229 0.0441131281898 0.00084605800131 0.040885768295 0.0130080804222 0.0112172455454 0.0407901705451 -0.000383150323106 0.0222170220093 0.0691818054484 
0.0188399643524 0.0374121394413 0.0106567815738 0.0549543905556 0.00828922817634 0.0158214409068 0.0211001945094 -0.00536610075775 -0.0103895514082 -0.0193812497473 0.0204157375122 0.0352222258323 0.00903752031767 0.029699390128 0.290037248436 0.00122577126891 -0.00197672820322 0.00503188046605 -0.00410136552465 0.0134111611643 -0.00510086811523 0.0233565471864 0.00139662926911 0.00391526901575 -0.0145676590836 0.00494373394704 0.00901800683787 0.114371675264 -0.0260829322275 -0.000741701191569 0.00333606377291 0.0102928945698 0.0649088832764 -0.0172351179159 -0.00195213549922 0.0169468201808 0.0207872185917 -0.00307931655073 0.107451396628 -0.0074133100466 
0.00484974032698 0.0271633346378 0.0319301923153 0.0132792405023 0.0282473341667 0.0269724589371 0.0295628396883 0.0233539076852 0.0132073625526 0.0186080102321 0.0479582105911 0.0354076716573 0.0412429865145 0.0327104632628 0.0012257712689 0.171109993688 -0.0144303951039 0.0298604857548 0.0238212514002 0.00531983836415 0.00330590632331 0.00293699549435 0.0235653895431 0.0217043582414 0.0152496836826 0.00629938540644 0.0169499884143 0.0409702723165 -0.0052422724728 0.0437109467146 0.0239553932255 0.0159734080605 0.0212541287403 0.0425107562546 0.023302010868 0.00389904304709 0.0158186646633 0.0228363946198 0.013846402251 0.0180113730386 
0.00888239965754 -0.00899581703398 -0.0127510130332 -0.0157289885512 -0.00358105519202 -0.00157970701081 -0.0256601922078 -0.0200591682027 0.0168440899822 0.00162404932948 0.000642345923686 0.00334372993727 -0.0153982423786 0.103948908503 -0.00197672820322 -0.0144303951039 0.343095906186 0.0263885064877 0.0183453858514 0.00126852792042 -0.00288373553544 0.0259619475488 0.0173987804018 0.0252636054024 0.0184817697834 0.0196734221402 -0.00142115954524 0.0323024306026 -0.0119849024584 0.00652777297779 -0.0156993373299 0.0303574023699 0.00312803851869 0.0221798696438 0.00275387375265 0.0188624429935 -0.00151414226314 0.0177596245766 0.00877251326562 0.021734638272 
-0.0107653702541 0.0165568257288 0.00499380446058 0.0391869277916 -0.00468918338847 0.016653770626 0.0309813374808 0.023517549633 0.0621808858802 -0.00260282839749 0.00794970788963 0.0236214046098 0.0160441714525 0.0445090773643 0.00503188046605 0.0298604857548 0.0263885064877 0.32709846208 -0.00475085904975 -0.0185288019214 0.0250205367721 0.0159065085101 0.0079234281072 0.0367500442173 0.00806299923231 0.0133882886838 0.00704459534883 0.0728657051468 0.033504675946 0.000153426504614 0.0199620457883 0.017658377914 0.0397876073314 0.0159572854991 -0.00239140604506 0.00474083405181 0.0207611346677 -0.000978529507237 0.0166291282185 0.0226285750082 
0.00970970386311 0.00801282641004 0.00906814079068 -0.00964282345383 0.0148000188853 0.00329984663489 0.00616409600395 0.00375821161849 0.00637292266946 0.0226784315155 0.0112261498499 0.00644966834909 0.0214452849743 0.019017710874 -0.00410136552465 0.0238212514002 0.0183453858514 -0.00475085904975 0.209401314316 0.0276348044883 0.0603566742358 -0.000761356848749 0.0535884421451 0.00341293795908 0.00962341610168 0.00989164808883 0.00590593195363 0.0238415145161 0.012576600755 0.000633733193229 -0.00023174260699 0.0141721749599 -0.0103992019686 0.00077280911629 0.0251732004912 0.00570687021361 0.0290971895139 0.0151784934826 0.00311807039652 0.0554974581659 
0.0128941964756 0.0105408415616 0.00265082337604 0.00832453530003 0.00961987106069 0.0113158969881 0.0296656243855 0.0062348706391 0.0137129868712 0.00532666914941 0.00678798953302 0.0296898825097 0.00785636776154 0.00941459737446 0.0134111611643 0.00531983836415 0.00126852792042 -0.0185288019214 0.0276348044883 0.604855918541 -0.0100394510029 0.0971871731944 0.0273671400848 0.00816533897497 0.0024608440711 0.0411247270814 0.00995126774406 0.00309087384553 0.00295063573208 -0.0362422253129 0.0285428551231 0.0312149715582 0.0273881295671 -0.00751722856158 0.0509285765719 0.0174901213314 -0.0043459324934 0.00116996849511 0.00915900168191 0.0202283767563 
0.00635167497028 -0.00142856666101 0.0137577127758 -0.0163667188097 0.00559332106778 0.0298913853049 0.0144678362918 0.00382597552506 -0.00020377249411 -0.000163250878698 -0.0137186136694 0.0466363086082 0.00313305601612 0.0200158844277 -0.00510086811523 0.00330590632331 -0.00288373553544 0.0250205367721 0.0603566742358 -0.0100394510029 0.232131455252 0.00149884264101 0.0358749033893 0.00529738624729 -0.00473383390931 0.0285615496724 -0.000826318194408 0.0187127718659 0.00482800331262 0.0168780717306 0.00668610751046 0.0116525645883 -0.00396961873401 -0.00530862975861 0.0188906894376 0.0154050961364 0.00824673974487 0.0149276840298 0.00188317900799 0.149920357515 
-0.00146613286586 0.0183551934365 -0.00264023730594 0.0807223486244 0.0243453026469 -0.0234256854917 0.00671913246384 0.0774493338416 0.0176533972022 0.00601990377031 0.0160995112615 0.0253515516324 0.0154162490275 0.0474486615382 0.0233565471864 0.00293699549435 0.0259619475488 0.0159065085101 -0.000761356848749 0.0971871731944 0.00149884264101 0.594544191556 0.00666752294202 -0.013384800926 0.0260773729384 0.00543970198608 -0.0053616699744 0.0516023596269 0.00972110543933 0.0165749673959 0.00770009249604 -0.00329588466724 0.107348427462 0.0202781580445 0.0492457385813 0.00861023171662 -0.0135530738813 0.00925482146761 0.0192439963781 0.0407974360967 
0.00906757917592 0.029705856108 0.00965670921653 -0.00344567061907 0.014409026262 0.0250226108377 0.029548909564 0.00847911729891 -0.00400434230865 0.0128596904815 0.0177651495844 0.0239880675067 0.0237480349682 0.0432876650491 0.00139662926911 0.0235653895431 0.0173987804018 0.0079234281072 0.0535884421451 0.0273671400848 0.0358749033893 0.00666752294202 0.176654823484 0.00764788121856 0.00237169405149 -0.00273796920527 -0.00192621921106 0.0606271425169 0.010781801985 0.0147280901016 0.025247225848 0.0288092898189 -0.0179965111296 0.00394648805454 0.00876006468707 0.00332879615689 0.0330279676619 0.0064316853563 0.018303169388 0.0407379654461 
0.0188269583291 -0.0121368769908 -0.00150472624921 -0.00989986254272 0.00518777044475 -0.00125036831317 0.00237947043756 0.0233892168378 0.00503148383868 -0.0069232478366 0.0057273924352 0.0832947870481 0.0277939479926 0.045647826595 0.00391526901575 0.0217043582414 0.0252636054024 0.0367500442173 0.00341293795908 0.00816533897497 0.00529738624729 -0.013384800926 0.00764788121856 0.383580728819 -0.00500347052801 0.0806138768298 -0.0163464623637 -0.0116043280361 0.189102557556 0.0140943999547 0.0228650873758 -0.00301735276227 0.00147813081369 0.0172257011746 0.0326084810742 0.062128001071 0.0143456972212 -0.000498822342306 -0.000466793271194 0.0145343047793 
0.00246133994898 0.00418082479086 0.0251381853848 -0.00949472488553 0.00330740489626 0.00638902271249 0.0322616779938 0.00930297476103 0.00931984259015 -0.00461713730877 0.0132866806522 0.00224631786773 0.0120876567603 0.00103682678388 -0.0145676590836 0.0152496836826 0.0184817697834 0.00806299923231 0.00962341610168 0.0024608440711 -0.00473383390931 0.0260773729384 0.00237169405149 -0.00500347052801 0.18602004455 0.0230829986193 0.00441199388452 -0.0232986859735 -0.0124936524331 0.0100269661382 0.00847216039771 -0.00825924490899 0.0152475776839 0.00371447131642 -0.00473410746877 0.0152859258821 0.00289087436237 0.00721167997472 -0.0118882143948 0.0227224652842 
0.0166751403797 0.00205255024934 0.0135907197892 0.0139943319378 0.0421361927321 -0.0060333726508 0.0211885253554 0.0417858061718 0.0212576328092 -0.00568683994918 0.0275387997353 0.0273804766048 0.0270214111592 0.0252010986216 0.00494373394704 0.00629938540644 0.0196734221402 0.0133882886838 0.00989164808883 0.0411247270814 0.0285615496724 0.00543970198608 -0.00273796920527 0.0806138768298 0.0230829986193 0.320102026808 -0.000639136590202 0.0116384250835 0.0560044007825 0.0182390231663 0.00997174929277 0.0183004779268 0.0271933515341 0.0139148618217 0.0215054624491 0.00219483294906 0.00650641112252 0.00810102038693 0.0171657614447 0.0143556444106 
-0.00858257970865 0.0223576780071 0.0228436947792 -0.011774289021 0.00361690891798 -0.00405167883181 0.00698525882757 -0.00123850707692 0.0147813562085 0.0149585503413 0.00215241686306 0.0213880147236 0.0109072189391 0.00627702068591 0.00901800683787 0.0169499884143 -0.00142115954524 0.00704459534883 0.00590593195363 0.00995126774406 -0.000826318194408 -0.0053616699744 -0.00192621921106 -0.0163464623637 0.00441199388452 -0.000639136590202 0.186466783944 0.0267387846291 -0.000614144990251 0.00703944763669 0.0217142584983 0.0180587090708 0.00784284599043 0.0170461332112 0.00474948126964 -0.0257855020984 0.000997257714353 0.0180323096831 0.0268215889072 0.0129559629898 
-0.00778374183132 0.0245244689598 -0.00722384310272 0.0552504001045 0.000146742843376 -0.00781404261868 0.0598410090728 0.00328642591489 -0.011429635312 0.0207949555287 0.0494837061919 0.0217429043827 -0.0154190398063 0.145754497098 0.114371675264 0.0409702723165 0.0323024306026 0.0728657051468 0.0238415145161 0.00309087384553 0.0187127718659 0.0516023596269 0.0606271425169 -0.0116043280361 -0.0232986859735 0.0116384250835 0.0267387846291 0.840548798414 0.0281859629136 -0.0126399130632 0.0387986953753 0.059984581868 0.0155672720918 0.0555468303637 -0.0216929845544 0.0272007509943 0.0364489327375 0.00387281628916 0.0813995784524 0.118336125202 
0.0109415900406 -0.0148688860374 0.00638634915061 -0.0099014156407 0.00700649216242 0.00109872526758 0.0110728815815 0.0176043155764 -0.0184154477184 0.023703376987 0.00842215908327 0.159688140005 -0.0100812091666 0.0155731064617 -0.0260829322275 -0.0052422724728 -0.0119849024584 0.033504675946 0.012576600755 0.00295063573208 0.00482800331262 0.00972110543933 0.010781801985 0.189102557556 -0.0124936524331 0.0560044007825 -0.000614144990251 0.0281859629136 0.840242818407 -0.00389991838727 0.0254354876204 0.0245658533733 0.00306119654035 0.0126971502164 0.0243278069219 0.0711219865211 -0.00420818066329 0.0140167383799 -0.0158728929611 0.0019638008937 
0.00869866884856 0.0169294529388 0.0213534500314 0.00314718524767 0.00718607978752 -0.00633091742799 0.0201264426692 -0.0118089062944 0.0109385911205 -0.00537680904698 0.0515521856902 0.0267055953717 0.00974374478566 -0.0175059830887 -0.000741701191569 0.0437109467146 0.00652777297779 0.000153426504614 0.000633733193229 -0.0362422253129 0.0168780717306 0.0165749673959 0.0147280901016 0.0140943999547 0.0100269661382 0.0182390231663 0.00703944763669 -0.0126399130632 -0.00389991838727 0.545082870284 0.00557293672504 0.0130073656883 0.0146605153442 0.0114607255347 -0.0313084094942 -0.00514387261552 0.00415940740722 0.0393632779861 0.00614172452995 0.0433818615204 
-0.00342092585612 0.00772077016342 0.00198938140515 0.067963896745 7.34850358848e-05 -0.000375928120551 0.0391225423414 0.0123225907254 0.0287760643776 0.0121826474447 0.0140317890364 0.0453083145107 0.0355155932594 0.0200904409229 0.00333606377291 0.0239553932255 -0.0156993373299 0.0199620457883 -0.000231742606989 0.0285428551231 0.00668610751046 0.00770009249604 0.025247225848 0.0228650873758 0.00847216039771 0.00997174929277 0.0217142584983 0.0387986953753 0.0254354876204 0.00557293672504 0.267616127697 0.0497635142241 0.0248686291333 0.0151869819677 0.0422889585922 0.0363365958583 0.00243742855483 -0.00768155577358 -0.00499952120241 -0.00608238888472 
-0.0123832937178 0.0332353503867 0.0181791447192 0.0256823189536 0.0257361115839 0.0149290097028 0.0261372696442 0.0410184833267 0.00808372259421 0.00653012355188 0.00668893056206 0.0511870646053 0.0273435763559 0.0441131281898 0.0102928945698 0.0159734080605 0.0303574023699 0.017658377914 0.0141721749599 0.0312149715582 0.0116525645883 -0.00329588466724 0.0288092898189 -0.00301735276227 -0.00825924490899 0.0183004779268 0.0180587090708 0.059984581868 0.0245658533733 0.0130073656883 0.0497635142241 0.393102681928 0.0122436324458 0.0681107088102 0.0385125172149 0.0328577256252 0.0199044249922 0.0160120454591 0.0489480122593 0.0217700028084 
-0.0209766855808 0.0108496122408 0.00872554068471 0.226106606367 0.0152339929133 0.00957904048998 -0.00638437358578 0.0119881720784 0.0015457050799 0.010939158593 -0.00115615598535 0.0195652577119 0.0129692249111 0.00084605800131 0.0649088832764 0.0212541287403 0.00312803851869 0.0397876073314 -0.0103992019686 0.0273881295671 -0.00396961873401 0.107348427462 -0.0179965111296 0.00147813081369 0.0152475776839 0.0271933515341 0.00784284599043 0.0155672720918 0.00306119654035 0.0146605153442 0.0248686291333 0.0122436324458 0.511501060323 0.0229332801196 0.00423370605794 -0.00983043073655 0.0355269868458 0.0228794339457 0.0237190786282 0.0348453881971 
-0.00756112786995 0.0474409242469 0.0193569154114 0.0224855937188 0.00588498941216 0.00287638968931 -0.0174297309188 0.0651358945381 0.0486019269272 0.00228703709782 0.0159055051257 0.0173643912649 0.0313682645178 0.040885768295 -0.0172351179159 0.0425107562546 0.0221798696438 0.0159572854991 0.00077280911629 -0.00751722856158 -0.00530862975861 0.0202781580445 0.00394648805454 0.0172257011746 0.00371447131642 0.0139148618217 0.0170461332112 0.0555468303637 0.0126971502164 0.0114607255347 0.0151869819677 0.0681107088102 0.0229332801196 0.452355919717 0.0706712420844 0.0256619809577 0.0407291756142 0.0238724417789 0.0441729132672 0.0238961226146 
0.0155726840768 0.0259529044765 0.029316562143 0.0290605954532 0.0385932593273 0.0231527821202 0.0428967252827 0.0392842706866 0.0124679614894 0.0192151826382 0.00726903608883 0.0559687243691 0.0354754678258 0.0130080804222 -0.00195213549922 0.023302010868 0.00275387375265 -0.00239140604506 0.0251732004912 0.0509285765719 0.0188906894376 0.0492457385813 0.00876006468707 0.0326084810742 -0.00473410746877 0.0215054624491 0.00474948126964 -0.0216929845544 0.0243278069219 -0.0313084094942 0.0422889585922 0.0385125172149 0.00423370605794 0.0706712420844 0.349125224352 0.030390723772 0.0443627881616 0.00122801357562 0.0120453956429 0.0167948914178 
0.014399114213 0.0186244388975 0.0234332976201 8.91011259077e-05 0.00836822660218 0.00779046534938 0.0101817100602 -0.00397730836111 0.00545529087822 0.0112121556552 0.0114478906357 0.0663524949579 0.0105432542916 0.0112172455454 0.0169468201808 0.00389904304709 0.0188624429935 0.00474083405181 0.00570687021361 0.0174901213314 0.0154050961364 0.00861023171662 0.00332879615689 0.062128001071 0.0152859258821 0.00219483294906 -0.0257855020984 0.0272007509943 0.0711219865211 -0.00514387261552 0.0363365958583 0.0328577256252 -0.00983043073655 0.0256619809577 0.030390723772 0.320541182606 0.00298070222416 0.00698506105544 0.0170041616773 0.0356951333675 
0.0037791881473 0.0201645542287 0.0107030609544 0.0383077676148 -0.00367532053698 -0.0140661131409 0.0165784411936 0.0159525683076 0.00714228331235 -0.0030740470465 0.0168387180865 -0.00130026325846 0.00580171430225 0.0407901705451 0.0207872185917 0.0158186646633 -0.00151414226314 0.0207611346677 0.0290971895139 -0.0043459324934 0.00824673974487 -0.0135530738813 0.0330279676619 0.0143456972212 0.00289087436237 0.00650641112252 0.000997257714353 0.0364489327375 -0.00420818066329 0.00415940740722 0.00243742855483 0.0199044249922 0.0355269868458 0.0407291756142 0.0443627881616 0.00298070222416 0.457126705178 0.00751819618697 0.0261357382856 0.0385358672927 
0.00554051390577 0.0107935351618 0.0241422659587 0.0153628584229 0.0266097422701 0.0142555911235 0.0199666568208 0.0404129333547 0.0223635295974 0.0110352750059 0.0293856521419 0.029726283273 0.0259336492517 -0.000383150323106 -0.00307931655073 0.0228363946198 0.0177596245766 -0.000978529507237 0.0151784934826 0.00116996849511 0.0149276840298 0.00925482146761 0.0064316853563 -0.000498822342306 0.00721167997472 0.00810102038693 0.0180323096831 0.00387281628916 0.0140167383799 0.0393632779861 -0.00768155577358 0.0160120454591 0.0228794339457 0.0238724417789 0.00122801357562 0.00698506105544 0.00751819618697 0.165976561937 0.023309139696 0.00511980906004 
0.0192725567654 0.0285268289278 0.0195263274284 0.0374598720078 0.00982695029189 0.0318419347077 0.0284657775008 0.0129817641766 0.0143585935902 0.00671903996497 0.0256010851246 0.0175249050945 0.013506484242 0.0222170220093 0.107451396628 0.013846402251 0.00877251326562 0.0166291282185 0.00311807039652 0.00915900168191 0.00188317900799 0.0192439963781 0.018303169388 -0.000466793271194 -0.0118882143948 0.0171657614447 0.0268215889072 0.0813995784524 -0.0158728929611 0.00614172452995 -0.0049995212024 0.0489480122593 0.0237190786282 0.0441729132672 0.0120453956429 0.0170041616773 0.0261357382856 0.023309139696 0.226159340689 -0.007312434348 
0.00419606238852 0.00887053638955 0.00756755095897 -0.00574553947719 0.0035998073902 0.0609563516329 0.0153371713809 -0.0148818539856 0.00471287842461 -0.00151510353755 0.0233093908703 0.0899341727724 0.00675516320365 0.0691818054484 -0.0074133100466 0.0180113730386 0.021734638272 0.0226285750082 0.0554974581659 0.0202283767563 0.149920357515 0.0407974360967 0.0407379654461 0.0145343047793 0.0227224652842 0.0143556444106 0.0129559629898 0.118336125202 0.0019638008937 0.0433818615204 -0.00608238888472 0.0217700028084 0.0348453881971 0.0238961226146 0.0167948914178 0.0356951333675 0.0385358672927 0.00511980906004 -0.007312434348 0.539470232472 
0.0190336225824 0.00059344028305 -0.000329839993028 -0.00210341094744 0.000503223135973 -7.12664104707e-05 -6.71771762218e-05 0.00169172234242 -0.000498857621112 0.00160769834275 0.00107942702252 0.00433252394259 -0.000133805754949 -0.00053059856058 0.00163158877356 0.000419999832492 0.000769238375 -0.000932308412117 0.000840885020868 0.00111667017093 0.000550071188085 -0.000126970830716 0.000785275391718 0.0016304624189 0.000213158292317 0.00144410951805 -0.000743273205769 -0.000674091816242 0.000947569493293 0.000753326820197 -0.000296260869586 -0.00107242469421 -0.00181663426002 -0.000654812881664 0.00134863400156 0.00124699987005 0.000327287294125 0.000479822579242 0.00166905237547 0.000363389662432 
0.00059344028305 0.015053422735 0.00353923355624 0.000962908621469 0.00322864187747 -0.000570505451567 0.00126131485354 0.002322471327 0.00140734412066 0.00132903795535 0.00216527885096 0.0032550812561 0.00290998414522 0.000198273100068 0.00323998631661 0.00235241378479 -0.000779060607923 0.00143386316872 0.000693931122721 0.00091286365696 -0.000123717501944 0.00158960638074 0.00257260260307 -0.00105108437966 0.000362070047766 0.000177756065847 0.00193623171238 0.00212388131335 -0.00128768330344 0.00146613363171 0.00066863830983 0.00287826577386 0.000939603982178 0.00410850455768 0.00224758745787 0.00161292372165 0.00174630162181 0.000934747564678 0.00247049585409 0.000768210985854 
-0.000329839993028 0.00353923355624 0.0113368783064 0.00140654220272 0.00312997866239 0.00110752728601 0.00183530239673 0.00168375350446 0.0011685603162 0.00105226982589 0.00346929076675 0.00203453521698 0.00310954666938 0.000996315701263 0.000922904356552 0.00276523576928 -0.00110427012108 0.000432476152439 0.000785324028983 0.00022956803846 0.00119145287618 -0.000228651257896 0.000836295549847 -0.000130313115755 0.00217703071482 0.00117699085931 0.00197832199951 -0.000625603163991 0.000553074060187 0.00184926301856 0.000172285483468 0.00157436011459 0.000755653989471 0.00167635804852 0.00253888875674 0.00202938310334 0.000926912268473 0.00209078156251 0.00169102955956 0.00065536913749 
-0.00210341094744 0.000962908621469 0.00140654220272 0.044265645779 0.00207339937059 -0.000144601971473 0.00153754246786 0.00102826108161 0.000551564592937 0.0015976215982 0.00174021737262 0.0047562656715 0.0016728500742 0.00232932976896 0.00475918982706 0.0011500159618 -0.00136217036611 0.00339368749638 -0.000835093007523 0.000720925904453 -0.00141739942658 0.00699076045618 -0.000298403828918 -0.000857353245597 -0.000822267295281 0.00121194469671 -0.00101968334037 0.00478482500597 -0.000857487747828 0.00027255423749 0.00588584611213 0.00222415406419 0.0195814065078 0.00194730953796 0.00251672139116 7.7163838542e-06 0.00331754999167 0.00133046256689 0.00324412007813 -0.000497578314569 
0.000503223135973 0.00322864187747 0.00312997866239 0.00207339937059 0.0147314464832 0.00112169155989 0.00274944760374 0.00355196628483 0.00266071025672 0.00102191848628 0.00332474688377 0.00227014034535 0.00255190065295 0.00166767689218 0.000717868217847 0.00244629089775 -0.000310128476865 -0.000406095193742 0.00128171923311 0.000833105271968 0.000484395813622 0.0021083650555 0.00124785827867 0.000449274099416 0.000286429666076 0.00364910133248 0.000313233500614 1.27083030187e-05 0.000606780020407 0.000622332764962 6.36399078745e-06 0.00222881264263 0.0013193024864 0.000509655033193 0.00334227429923 0.000724709682211 -0.000318292095208 0.0023044712794 0.000851038859451 0.000311752464864 
-7.12664104707e-05 -0.000570505451567 0.00110752728601 -0.000144601971473 0.00112169155989 0.030894012999 0.00204463110413 0.00208944490742 4.39580659835e-06 -0.00129652032519 0.000794903168572 0.00388542961777 0.00117461444144 0.000664906226388 0.00137017697498 0.0023358834642 -0.00013680664019 0.00144225884309 0.000285775101441 0.000979985425828 0.00258866990284 -0.00202872387369 0.00216702166544 -0.00010828507233 0.000553305597437 -0.000522505398609 -0.000350885679632 -0.000676715941403 9.515239935e-05 -0.00054827353219 -3.25563302395e-05 0.0012928901656 0.00082956924082 0.000249102654213 0.00200508974844 0.000674674089987 -0.00121816113125 0.0012345704059 0.00275759243625 0.00527897490361 
-6.71771762218e-05 0.00126131485354 0.00183530239673 0.00153754246786 0.00274944760374 0.00204463110413 0.0175381900523 0.00521429653677 0.000562556350842 0.00227464685222 0.0022908686667 0.00402064744563 0.00122855982817 0.000901824932879 0.00182733044699 0.00256021701781 -0.00222223783179 0.00268306253016 0.000533826373079 0.0025691184337 0.00125295137665 0.000581893940508 0.00255901063366 0.000206068184648 0.00279394327113 0.00183498012265 0.000604941159668 0.00518238340451 0.000958939674263 0.00174300106393 0.00338811155283 0.00226355394974 -0.000552902971253 -0.00150945897568 0.0037149653834 0.000881761956606 0.00143573512288 0.00172916320354 0.00246520864542 0.0013282380038 
0.00169172234242 0.002322471327 0.00168375350446 0.00102826108161 0.00355196628483 0.00208944490742 0.00521429653677 0.0414704446834 0.00125680213422 0.00274059934109 0.00346348254134 -0.00022275799137 0.00290792180356 -0.00145549956397 -0.000464717957548 0.0020225077333 -0.00173717492424 0.00203667954169 0.000325470673441 0.000539955636277 0.000331339199896 0.0067073090613 0.000734313098252 0.00202556559562 0.000805661247382 0.00361875696624 -0.000107257859138 0.000284612832995 0.00152457845054 -0.00102268128419 0.00106716766086 0.00355230485856 0.00103820615648 0.00564093393682 0.00340211763838 -0.00034444500794 0.001381532941 0.00349986269266 0.00112425375628 -0.00128880636069 
-0.000498857621112 0.00140734412066 0.0011685603162 0.000551564592937 0.00266071025672 4.39580659834e-06 0.000562556350842 0.00125680213422 0.0255466595424 -0.000710249931478 0.000396785891652 -0.000183634167161 0.00134173041232 0.00224967128385 -0.00089976154534 0.00114379114875 0.00145874098282 0.00538502268021 0.00055191129281 0.00118757949922 -1.76472156492e-05 0.00152882904402 -0.000346786216474 0.000435739282303 0.000807122044234 0.00184096500371 0.0012801029979 -0.00098983545362 -0.00159482455462 0.000947309779193 0.0024920802772 0.000700070912374 0.000133861986595 0.00420905033918 0.00107975713833 0.000472442048557 0.000618539878952 0.00193673847496 0.00124349068117 0.000408147244066 
0.00160769834275 0.00132903795535 0.00105226982589 0.0015976215982 0.00102191848628 -0.00129652032519 0.00227464685222 0.00274059934109 -0.000710249931478 0.0141172369693 0.00154859102964 -0.000719446852035 0.000962653687376 -0.000168925143504 -0.00167846546383 0.00161150095748 0.000140646797633 -0.000225411551392 0.00196400978104 0.000461303080094 -1.41379408143e-05 0.000521338959343 0.00111368186418 -0.000599570850319 -0.000399855820215 -0.000492494786325 0.00129544845993 0.00180089597584 0.00205277266262 -0.000465645322598 0.00105504821724 0.000565525288578 0.000947358923755 0.000198063222611 0.0016640836303 0.00097100116286 -0.00026622028347 0.000955682849288 0.000581885929871 -0.000131211815288 
0.00107942702252 0.00216527885096 0.00346929076675 0.00174021737262 0.00332474688377 0.000794903168572 0.0022908686667 0.00346348254134 0.000396785891652 0.00154859102964 0.0164183151636 0.00145311022105 0.00279065895798 0.00309858416023 0.00176805473225 0.0041533028692 5.56287887929e-05 0.000688464898509 0.000972213095672 0.000587857137622 -0.00118806679424 0.0013942585741 0.00153850708421 0.000496006734632 0.00115066029768 0.00238493001605 0.000186404768295 0.00428541466356 0.000729380372083 0.00446455024283 0.0012151885766 0.00057927837909 -0.000100126045405 0.00137745714988 0.000629516991395 0.000991416411027 0.00145827576301 0.00254487212616 0.00221711900824 0.00201865246404 
0.00433252394259 0.0032550812561 0.00203453521698 0.0047562656715 0.00227014034535 0.00388542961777 0.00402064744563 -0.00022275799137 -0.000183634167161 -0.000719446852035 0.00145311022105 0.0365326010764 0.00392362501843 0.00264268814837 0.00305033423486 0.00306639431441 0.000289575506907 0.00204567364651 0.000558557663629 0.00257121924888 0.00403882279935 0.0021955087739 0.00207742758485 0.00721354015864 0.000194536833843 0.00237121883075 0.00185225640872 0.00188299075475 0.0138293985927 0.00231277240151 0.00392381513689 0.00443292982934 0.00169440102101 0.00150380039567 0.00484703371211 0.0057462946238 -0.000112606101344 0.00257437164745 0.00151770130107 0.00778852782893 
-0.000133805754949 0.00290998414522 0.00310954666938 0.0016728500742 0.00255190065295 0.00117461444144 0.00122855982817 0.00290792180356 0.00134173041232 0.000962653687376 0.00279065895798 0.00392362501843 0.0174025413978 0.00205074831857 0.000782672218232 0.00357174740495 -0.00133352690735 0.00138946600606 0.00185721615792 0.000680381406297 0.000271330610144 0.00133508632889 0.00205664015724 0.0024070265033 0.00104682178266 0.002340122851 0.000944592868589 -0.00133532801742 -0.000873058323912 0.000843833051237 0.00307574059931 0.00236802317545 0.00112316782404 0.0027165713945 0.00307226563483 0.000913072605512 0.000502443197124 0.00224591990648 0.00116969584694 0.000585014294107 
-0.00053059856058 0.000198273100068 0.000996315701263 0.00232932976896 0.00166767689218 0.000664906226388 0.000901824932879 -0.00145549956397 0.00224967128385 -0.000168925143504 0.00309858416023 0.00264268814837 0.00205074831857 0.036596864382 0.00257204263277 0.00283280921551 0.00900223954593 0.00385459916965 0.00164698207387 0.000815328049268 0.00173342643936 0.00410917462677 0.0037488217603 0.00395321774588 8.97918334168e-05 0.00218247916096 0.000543605937408 0.0126227097203 0.00134867058116 -0.00151606260731 0.00173988322125 0.00382030896528 7.3270772221e-05 0.00354081139967 0.00112653281001 0.000971441960284 0.00353253239168 -3.31817913278e-05 0.00192405054565 0.0059913200998 
0.00163158877356 0.00323998631661 0.000922904356552 0.00475918982707 0.000717868217847 0.00137017697498 0.00182733044699 -0.000464717957548 -0.00089976154534 -0.00167846546383 0.00176805473225 0.00305033423486 0.000782672218232 0.00257204263277 0.0251179625189 0.00010615490581 -0.000171189684037 0.00043577363124 -0.000355188673455 0.00116144062625 -0.000441748136914 0.00202273632081 0.000120951642672 0.000339072243029 -0.001261596284 0.000428139918769 0.000780982301309 0.00990487762524 -0.00225884819142 -6.42332073916e-05 0.000288911597598 0.00089139081759 0.00562127418486 -0.00149260499524 -0.000169059893396 0.00146763767899 0.00180022593744 -0.000266676635922 0.0093055639152 -0.000642011482649 
0.000419999832492 0.00235241378479 0.00276523576928 0.0011500159618 0.00244629089775 0.0023358834642 0.00256021701781 0.0020225077333 0.00114379114875 0.00161150095748 0.0041533028692 0.00306639431441 0.00357174740495 0.00283280921551 0.00010615490581 0.0148185601376 -0.00124970887467 0.0025859939233 0.00206298088626 0.000460711516738 0.000286299885852 0.000254351270891 0.00204082259944 0.00187965256099 0.00132066134688 0.000545542779021 0.00146791205606 0.0035481296626 -0.000453994113501 0.00378547902783 0.00207459790909 0.00138333771654 0.00184066154244 0.00368153948506 0.0020180133371 0.000337667032923 0.00136993654523 0.00197768978716 0.00119913361004 0.00155983066084 
0.000769238375 -0.000779060607923 -0.00110427012108 -0.00136217036611 -0.000310128476865 -0.00013680664019 -0.00222223783179 -0.00173717492423 0.00145874098282 0.000140646797633 5.56287887929e-05 0.000289575506907 -0.00133352690735 0.00900223954593 -0.000171189684037 -0.00124970887467 0.0297129770692 0.00228531169863 0.00158875701896 0.000109857740449 -0.000249738823148 0.00224837061089 0.00150677858228 0.00218789240697 0.00160056821393 0.00170376833528 -0.000123076026901 0.00279747255058 -0.00103792299908 0.000565321722891 -0.00135960249503 0.00262902816452 0.00027089608212 0.00192083305642 0.000238492462861 0.00163353548098 -0.000131128566482 0.0015380286045 0.000759721934306 0.00188227488856 
-0.000932308412117 0.00143386316872 0.000432476152439 0.00339368749638 -0.000406095193742 0.00144225884309 0.00268306253016 0.00203667954169 0.00538502268021 -0.000225411551392 0.000688464898509 0.00204567364651 0.00138946600606 0.00385459916965 0.00043577363124 0.0025859939233 0.00228531169863 0.02832755777 -0.000411436462688 -0.00160464131656 0.00216684204609 0.00137754404553 0.00068618900259 0.00318264718823 0.000698276216587 0.00115945981133 0.000610079853147 0.00631035517218 0.00290159005148 1.3287125061e-05 0.00172876387642 0.00152926038631 0.00344570787048 0.00138194146177 -0.000207101838578 0.0004105682724 0.00179796700336 -8.4743141162e-05 0.001440124748 0.00195969208086 
