40
0.0277285522359 0.0251356843311 0.121962687623 0.0826231173305 0.087070388143 0.0415957971797 0.0833786368315 0.0176197090425 0.0230030392576 0.102568127786 0.114977551813 0.0916953774684 0.104550469133 0.0422457423554 0.191301962015 -0.00660692339257 0.0321720089654 0.0950879331279 0.0429486266904 0.0309991269713 0.0861575830063 0.0160922749751 0.0339335468557 0.0913653440874 0.0142076594304 0.0499403633474 0.0472299451056 0.158066549078 0.075466134778 0.00646873977314 0.0485380268731 0.0825599502725 0.0203567883068 0.0904248988876 0.0411806556966 0.0123351660469 0.100886603299 0.0316067218978 0.0288411222523 0.0445332570478 
0.202237419409 0.0132819660116 0.0559235180842 0.0168880046369 0.0114187961705 0.0139194289906 0.00663838224504 0.0255026873098 0.0188693130513 0.0135357734352 0.0118464527376 0.00129902824535 0.0126572976238 -0.000458363896777 0.0258498088988 0.0130865131566 0.0122755384965 0.0257180959135 0.0187469084855 -0.00187673708515 -0.00186747251791 0.0193063707284 0.00247899943864 0.0434732281437 -0.000706844974153 0.0698339162982 0.0179652335375 0.00108532039195 0.0306887421595 0.0193943553259 0.0137182848537 0.0118135655191 0.0187707864384 0.0394459351779 0.0202833423353 0.00232430782134 0.00867277426706 0.0222782948825 0.00558320013932 0.0161097504175 
0.0132819660116 0.117985123247 0.00113398038479 0.0181005794198 -0.00785926542798 0.0193668482104 0.011049471296 0.00634582710627 0.0417058379278 0.0209229209847 -0.00851784738537 0.0198478815115 0.0193924564551 0.0160493412275 0.00788853456795 0.0113828495198 0.0197367442374 0.0412753822085 -0.000677835762801 0.00464240760582 0.0250057797715 0.00725243298057 0.03278559908 0.00789913967573 0.0107430379951 0.00812209456524 0.0114344972797 0.00820318529419 0.0165981779296 0.0335163182579 0.0183671591041 0.000756353399642 0.0284489968792 -0.00283630349393 0.0166469465717 0.00924358335011 0.00741866219667 0.0262068018331 0.0276329898777 0.00307494490491 
0.0559235180842 0.00113398038479 0.417541691881 0.0114335864443 0.0277508356984 -0.0040771587332 0.061911033206 -0.000535644710059 0.0128430520749 0.00817714323086 0.0163255270662 0.0696912322863 0.0348469133706 0.0166185778878 0.0347044941754 -0.00435645673917 -0.00263448227195 0.0216714181798 0.00748598833344 -0.0124393293511 0.0360751956874 0.0307629455713 0.0186139980282 0.0308459508286 0.00234242135533 0.0622043051106 0.0100562180218 0.00435753142763 0.00645539557259 0.0215217064146 0.0109677350941 -0.00499785178447 -0.0179073734918 0.160836436662 -0.00434270036112 -0.000298908038938 0.0206009497651 0.0126535229131 -0.00433085944052 -0.000844159210612 
0.0168880046369 0.0181005794198 0.0114335864443 0.196923464386 0.0069503978031 0.0209732149511 0.0125372903928 0.0148119071912 -0.00193324496916 0.0343608678086 0.00542401594225 0.0499780598803 0.0230354598337 0.0281318467992 0.00558825649707 0.0286419911355 0.0172754466537 0.0149228911856 0.0201334197457 0.0136357175763 -0.0154720958435 -0.00266211277979 0.00483949735593 0.0467482092489 -0.00285409861563 0.00977325994079 0.0322936404721 -0.0217545383344 0.0120249926369 0.0248227951132 0.00723772897188 0.00399645113274 -0.00270363641184 0.00394094700459 0.0250758862683 0.00144293387806 -0.00346217238119 0.0163012426844 0.0079471594419 0.0138366157673 
0.0114187961705 -0.00785926542798 0.0277508356984 0.0069503978031 0.598820545058 0.0289737742668 0.0225701856516 -0.00469998704423 -0.00667899763027 -0.00442016162593 0.0942167636998 0.00883466299539 0.0476934656904 0.00210526966378 0.0512623241682 0.0240866553098 0.0184551937064 0.0487743442951 0.0372229261609 0.00766120016604 0.117244382649 -0.000180036716937 0.0106330243204 -0.0234102457554 -0.00229259066406 0.000860713571971 0.0181097873801 -0.0224558472793 0.0100981603719 0.027661480234 0.0124510427248 0.0438162370546 0.0310041247211 0.0119012491918 0.018534057281 0.0452021901926 0.0282445076871 0.0115594911065 0.0182153096251 0.0205581165885 
0.0139194289906 0.0193668482104 -0.0040771587332 0.0209732149511 0.0289737742668 0.243238068649 0.0242916315766 -0.00442587967534 0.029128384439 0.0411958752279 0.00943435338488 0.0373281942152 0.0229379096411 0.00411333127107 0.0335455891601 0.0381063992353 0.0400649698582 0.0355358988949 0.0186430512003 0.0295588161049 0.0259852151666 0.00203173326958 0.0223914065774 0.0358870306118 0.0177708176928 0.0209163774211 0.0302016527301 -0.0018517022651 0.0192755709897 0.0176591397703 0.0151234142039 0.0368297156748 0.0180653242175 0.0138675956639 0.0178448422403 0.0102763492009 -0.0318842336713 0.0311774311638 0.0137855057762 0.00576872285562 
0.00663838224504 0.011049471296 0.061911033206 0.0125372903928 0.0225701856516 0.0242916315766 0.369157295626 0.00170232381678 0.0159713733679 0.0327602120049 0.0192206969695 0.0500955702474 0.00166209727856 0.019276577844 0.069292142694 0.0147991636118 0.0118799534428 0.0062212044188 0.0285659067084 -0.0131500164906 0.0208733697396 0.0120540147602 0.00713226553551 0.0599794566554 -0.0134122942357 0.0244578559602 0.0248840826888 -0.00944906949491 0.0256009456317 0.0158068028788 0.00391323115058 0.0381959245672 0.0243353841439 -0.00839561640106 0.0214255493885 0.000489077388957 0.0111836028221 0.0021911572058 0.0150864698009 0.0162404171856 
0.0255026873098 0.00634582710627 -0.000535644710059 0.0148119071912 -0.00469998704423 -0.00442587967534 0.00170232381678 0.188231428877 0.0122444484454 0.0179948148109 0.00988951556949 0.0264305729335 0.00775610900193 0.00933241658417 0.0178294287569 0.0140435826368 0.0156977000819 0.0055264127367 -0.0083628958137 0.0240770555789 -0.0105402192584 0.00527951667045 0.0271530186598 -0.00525096523429 -0.000496898105236 0.0297396071514 0.0116965330295 0.0150891401623 0.00555966073919 0.0149268368111 0.00636878544515 0.0122109060307 0.00826698919767 0.019256010986 0.00988614177181 0.0207424773734 0.0084386881845 0.0226366262591 0.0164341999317 -0.00320801141162 
0.0188693130513 0.0417058379278 0.0128430520749 -0.00193324496916 -0.00667899763027 0.029128384439 0.0159713733679 0.0122444484454 0.119842909226 0.0308963182464 -0.00755988463414 0.0298722118259 0.00939041550267 0.00780291918677 0.00993137201966 0.0207871647595 0.0198847087494 0.0274783024226 -0.00120964999954 0.00973004153104 0.0113525990737 -0.00385778501497 0.0234078384004 0.0095696887466 0.0163815256224 0.0299926294253 0.00827420855765 0.00264937510612 -0.00139630877382 0.0347813244964 0.0340345757968 0.0194023654941 0.0160874440059 0.00111252371086 0.0115337351152 0.0123964266457 -0.000846969704786 0.0338925365937 0.0428128756179 0.00382083825252 
0.0135357734352 0.0209229209847 0.00817714323086 0.0343608678086 -0.00442016162593 0.0411958752279 0.0327602120049 0.0179948148109 0.0308963182464 0.296423164387 0.0127276064857 0.0574285270503 0.0607765917844 0.00913545765511 0.0197759264109 0.0331772457171 0.0213430083445 0.0334072091458 0.0264723228315 0.0380689309078 0.0132948256192 -0.00393379321922 0.0310862093804 0.0410403405087 0.0242488527532 0.0212660950552 0.0647418333381 0.0193737772035 0.000523115335501 0.0166841370909 0.00450801529154 0.0233177613193 0.0143367431854 -0.00102162244509 0.0342931474464 0.00223542573743 2.9420277604e-05 0.0231751063166 0.0258397821416 0.0116957775396 
0.0118464527376 -0.00851784738537 0.0163255270662 0.00542401594225 0.0942167636998 0.00943435338489 0.0192206969695 0.00988951556949 -0.00755988463414 0.0127276064857 0.604924713655 0.00156662923015 0.00524447350111 0.0141634108315 0.0135714668729 0.0293798239275 0.0216373751798 0.0158450856972 0.011353541158 0.00691042420253 0.0272877177253 0.015093353595 0.0064985228101 0.00918175663797 0.00396417404429 0.0286370442347 0.0733071211714 -0.0217056788844 0.0270158638426 -0.00281426562029 0.00257855304502 0.0275259795975 0.00248879243276 0.00996183290715 0.0101703107552 -0.00249165174481 0.0294439444145 0.0145558385607 0.0220228858562 0.0111315631281 
0.00129902824535 0.0198478815115 0.0696912322863 0.0499780598803 0.00883466299539 0.0373281942152 0.0500955702474 0.0264305729335 0.0298722118259 0.0574285270503 0.00156662923015 0.508687232917 0.0149444175644 0.0163924331047 0.0856167656538 0.0318109918762 0.0236387195603 0.0854764273718 0.0207151270152 0.032708525661 -0.00989085597974 0.0163997003412 0.0545805046564 0.0843192462709 0.00303729618559 0.0170431384156 0.0410607103557 0.0307022648002 0.0123406457099 0.0561227370612 0.0267342278448 -0.00434502626489 -0.00253374465996 0.0319653975461 0.0385282227155 0.0330018761065 -0.000501706130958 0.0337126208464 0.0457141116608 0.0208120602639 
0.0126572976238 0.0193924564551 0.0348469133706 0.0230354598337 0.0476934656904 0.0229379096411 0.00166209727856 0.00775610900193 0.00939041550267 0.0607765917844 0.00524447350111 0.0149444175644 0.536704505474 0.018724416103 0.0869439166686 0.0266872094098 0.014185019217 0.0191241931574 0.00420005553869 0.0286523600043 0.0331526500451 0.00479379152081 0.0300539973887 0.0263946821246 -0.000387550051319 -0.00679900250099 0.0174903424993 -0.000129897638878 0.04815065692 -0.00861103910593 0.016333010189 -0.012470115941 0.0162772370182 0.030565756542 0.0119940910325 0.0167091085963 0.000255387363484 0.0192177230843 -0.00754364933231 0.0196985485061 
-0.000458363896777 0.0160493412275 0.0166185778878 0.0281318467992 0.00210526966378 0.00411333127107 0.019276577844 0.00933241658417 0.00780291918677 0.00913545765511 0.0141634108315 0.0163924331047 0.018724416103 0.191603243589 0.00181640974415 0.0209212970236 0.0149943164231 0.0256887067994 0.0102766448294 0.00579950047815 0.00320693917728 0.00676607581849 0.00042525849936 0.0348761009102 0.00341908884598 0.0206645808942 0.0228618760999 0.00551246935073 0.035608022163 0.0200725325903 0.0226025914552 0.00185031424252 0.0318424813901 0.0111958471199 0.0211791845361 -0.00263063075124 -0.00342138241258 0.0232278981108 0.0119038021861 0.00489856747206 
0.0258498088988 0.00788853456795 0.0347044941754 0.00558825649707 0.0512623241682 0.0335455891601 0.069292142694 0.0178294287569 0.00993137201966 0.0197759264109 0.0135714668729 0.0856167656538 0.0869439166686 0.00181640974415 0.451200038349 0.00738206529165 0.0288002503778 0.0177238823018 0.00796931053935 0.0127635826335 0.00967304249886 -0.00930818181761 0.0104889731141 0.0399164259744 0.010922433715 0.0328512893169 -0.0252780906514 0.00886952375953 0.00102230566883 0.00227948658721 0.0162975805469 0.00724336794965 0.0148006772254 0.0394246189868 0.0304021853549 0.0219487820774 0.00113773212046 0.0224087313683 -0.00245418063912 -0.00715695894565 
0.0130865131566 0.0113828495198 -0.00435645673917 0.0286419911355 0.0240866553098 0.0381063992353 0.0147991636118 0.0140435826368 0.0207871647595 0.0331772457171 0.0293798239275 0.0318109918762 0.0266872094098 0.0209212970235 0.00738206529165 0.17138690658 0.0155963716493 0.0256939762154 0.0191012778258 0.0051118122799 0.00494623288473 0.00720409057109 -0.00485663874673 0.0232317787409 0.00867620279292 0.0152191118661 0.0181184896298 -0.00911133482494 0.00832420072803 0.0254679791888 0.0236230165459 0.0252853445714 0.0420500049575 0.00574617130285 0.0207689880575 0.0161962647622 -0.00133576589486 0.018274655752 0.0160475309014 0.00243785659338 
0.0122755384965 0.0197367442374 -0.00263448227195 0.0172754466537 0.0184551937064 0.0400649698582 0.0118799534428 0.015697700082 0.0198847087494 0.0213430083445 0.0216373751798 0.0236387195603 0.014185019217 0.0149943164231 0.0288002503778 0.0155963716493 0.151587604476 0.0310789270021 0.0107567873827 0.0073110490227 0.016071769871 -0.00638768724379 0.0217876700027 0.0293193394752 0.013247869775 0.0203055553343 0.0110893524464 -0.000979828673645 0.0196100694795 0.022135051549 0.0304842032415 0.016957953152 0.0230268882572 0.0101043440636 0.0182772089071 -0.0016357846341 0.0148639504325 0.0196139788028 0.0144353829736 0.00203692834254 
0.0257180959135 0.0412753822085 0.0216714181798 0.0149228911856 0.0487743442951 0.0355358988949 0.0062212044188 0.0055264127367 0.0274783024226 0.0334072091458 0.0158450856972 0.0854764273718 0.0191241931574 0.0256887067994 0.0177238823018 0.0256939762154 0.0310789270021 0.27883266348 0.00447777942807 0.0114671536214 0.0528564616291 0.00140403248194 0.0293406893214 0.0205194747321 0.014116342935 0.0108061592054 0.0309300382363 -0.00254322129387 0.0133028941692 0.0483880903549 0.0234954423272 0.0245799545011 0.0332753527388 0.0128294587751 0.0307745342538 0.00471450988448 0.0233551935919 0.0362190071474 0.0338060508884 0.018661599237 
0.0187469084855 -0.000677835762801 0.00748598833344 0.0201334197457 0.0372229261609 0.0186430512003 0.0285659067084 -0.0083628958137 -0.00120964999954 0.0264723228315 0.011353541158 0.0207151270152 0.00420005553869 0.0102766448294 0.00796931053936 0.0191012778258 0.0107567873827 0.00447777942807 0.198164911167 0.0567204100573 0.00121635294553 0.0101403521064 0.0178599796651 0.01256591102 0.00485815785005 0.0144030703786 0.0343364268189 -9.3675349585e-05 -0.013819760585 0.00110980463149 0.0217896790522 0.042551113939 -0.00076764255223 0.0213291259356 0.00821028851433 0.0244283515065 -0.00120459087866 0.0183216481359 0.00494540352439 0.0132791484151 
-0.00187673708515 0.00464240760582 -0.0124393293511 0.0136357175763 0.00766120016604 0.0295588161049 -0.0131500164906 0.0240770555789 0.00973004153104 0.0380689309078 0.00691042420253 0.032708525661 0.0286523600043 0.00579950047815 0.0127635826335 0.0051118122799 0.0073110490227 0.0114671536214 0.0567204100573 0.483508253355 0.000726755419097 0.0230291032169 0.0119717451099 0.00769627952694 0.010020769521 -0.000467787667436 0.0144704393905 -0.0185815993902 0.00891047336655 0.000995130631665 0.0128125806887 0.0138689924682 0.0235433219492 0.0101784288585 -0.00373653170447 0.00593524264373 0.0157122672911 0.0099308510065 0.00213033864181 -0.00355125517972 
-0.00186747251791 0.0250057797715 0.0360751956874 -0.0154720958435 0.117244382649 0.0259852151666 0.0208733697396 -0.0105402192584 0.0113525990737 0.0132948256192 0.0272877177253 -0.00989085597974 0.0331526500451 0.00320693917728 0.00967304249886 0.00494623288472 0.016071769871 0.0528564616291 0.00121635294553 0.000726755419097 0.559551563106 -0.0254898362465 -0.000888342196256 0.00899991179099 -0.00402872029895 0.0159464858449 -0.00911726786893 0.010974406257 -0.00945466868706 0.0234694814283 0.0229077306402 -0.00439821081504 0.0222263263178 0.00288829462361 0.00961383425737 0.00455099979426 0.0143688294945 0.0180681033835 0.014686995204 0.024662991484 
0.0193063707284 0.00725243298057 0.0307629455713 -0.00266211277979 -0.000180036716937 0.00203173326958 0.0120540147602 0.00527951667045 -0.00385778501497 -0.00393379321922 0.015093353595 0.0163997003412 0.00479379152081 0.00676607581849 -0.00930818181761 0.00720409057109 -0.00638768724379 0.00140403248194 0.0101403521064 0.0230291032169 -0.0254898362465 0.22077374646 -0.0085818007209 0.0164115811293 0.00496310752414 -0.006558637247 0.0165903228126 0.0438815148017 -0.00342866171341 -0.00131726015366 0.00128099355896 0.0207138072511 0.00662060975489 0.00382786313432 -0.0120622265147 0.0119110868155 0.00323235748322 0.0096978581167 -0.00710768298653 -0.00259594413053 
0.00247899943864 0.03278559908 0.0186139980282 0.00483949735593 0.0106330243204 0.0223914065774 0.00713226553551 0.0271530186598 0.0234078384004 0.0310862093804 0.0064985228101 0.0545805046564 0.0300539973887 0.000425258499359 0.0104889731141 -0.00485663874673 0.0217876700027 0.0293406893214 0.0178599796651 0.0119717451099 -0.000888342196256 -0.0085818007209 0.296843184256 0.0209483983685 0.0225435527347 0.0125776887712 0.00383173328068 0.0160360476539 0.00793351234395 0.021574369672 0.0195522605328 0.00132177210992 0.0262984611348 0.000697018715163 0.0240400140232 0.0159105374048 -0.0099545477538 0.0158529715769 0.0166111173247 0.0295932729662 
0.0434732281437 0.00789913967573 0.0308459508286 0.0467482092489 -0.0234102457554 0.0358870306118 0.0599794566554 -0.00525096523429 0.0095696887466 0.0410403405087 0.00918175663797 0.0843192462709 0.0263946821246 0.0348761009102 0.0399164259744 0.0232317787409 0.0293193394752 0.0205194747321 0.01256591102 0.00769627952694 0.00899991179099 0.0164115811293 0.0209483983685 0.366389148176 0.00707597026389 0.0264523426432 0.0428979606426 0.0158605184388 0.0211053879992 0.0175000284831 0.0310944272332 0.00363163574252 0.0135200158369 0.00821681370711 0.0193706054707 -0.013591353223 0.0168694515065 0.0240246401916 0.00460988452568 0.0195776938864 
-0.000706844974153 0.0107430379951 0.00234242135533 -0.00285409861563 -0.00229259066406 0.0177708176928 -0.0134122942357 -0.000496898105236 0.0163815256224 0.0242488527532 0.00396417404429 0.00303729618559 -0.000387550051319 0.00341908884598 0.010922433715 0.00867620279292 0.013247869775 0.014116342935 0.00485815785005 0.010020769521 -0.00402872029895 0.00496310752414 0.0225435527347 0.00707597026389 0.129455846875 0.0121164419797 0.0148541838762 -0.000439626517812 0.00364169041043 0.0150316479598 0.0183875072022 0.00626003338199 0.0128711965039 -0.00643491485345 0.00955304643778 0.0107342327455 -0.00569562760853 0.0175073794286 0.00335045993817 0.0105700670236 
0.0698339162982 0.00812209456524 0.0622043051106 0.00977325994079 0.000860713571971 0.0209163774211 0.0244578559602 0.0297396071514 0.0299926294253 0.0212660950552 0.0286370442347 0.0170431384156 -0.00679900250099 0.0206645808942 0.0328512893169 0.0152191118661 0.0203055553343 0.0108061592054 0.0144030703786 -0.000467787667436 0.0159464858449 -0.006558637247 0.0125776887712 0.0264523426432 0.0121164419797 0.267386392494 0.0297006587324 -0.00994459264473 0.0239863157147 0.0311599354993 -0.00892063162525 0.0361191884423 0.00919780536713 0.075199266078 -0.00970058961331 0.0044766555187 0.013249990407 0.0144429850147 0.013788016874 0.00290633520255 
0.0179652335375 0.0114344972797 0.0100562180218 0.0322936404721 0.0181097873801 0.0302016527301 0.0248840826888 0.0116965330295 0.00827420855765 0.0647418333381 0.0733071211714 0.0410607103557 0.0174903424993 0.0228618760999 -0.0252780906514 0.0181184896298 0.0110893524464 0.0309300382363 0.0343364268189 0.0144704393905 -0.00911726786893 0.0165903228126 0.00383173328068 0.0428979606426 0.0148541838762 0.0297006587324 0.264402645582 0.00429553969409 0.0100925026153 0.0383563361283 0.0141274125589 0.0377770976513 0.00616940557712 0.0279319799871 0.0166008495005 0.00519917015678 0.00990265718754 0.0163669996719 0.0225413325138 0.0499602588583 
0.00108532039195 0.00820318529419 0.00435753142763 -0.0217545383344 -0.0224558472793 -0.00185170226509 -0.00944906949491 0.0150891401623 0.00264937510612 0.0193737772035 -0.0217056788844 0.0307022648002 -0.000129897638879 0.00551246935073 0.00886952375953 -0.00911133482494 -0.000979828673645 -0.00254322129387 -9.36753495849e-05 -0.0185815993902 0.010974406257 0.0438815148017 0.0160360476539 0.0158605184388 -0.000439626517811 -0.00994459264473 0.00429553969409 0.687290628739 -0.0204647220763 0.0180783623685 -0.00286096264181 -0.0161042177043 0.00625994428946 -0.0217185003732 -0.0231916602869 0.00167593979294 0.0203433236861 -0.010411225117 -0.0100126525361 -0.0056416752361 
0.0306887421595 0.0165981779296 0.00645539557259 0.0120249926369 0.0100981603719 0.0192755709897 0.0256009456317 0.00555966073919 -0.00139630877382 0.000523115335501 0.0270158638426 0.0123406457099 0.04815065692 0.035608022163 0.00102230566883 0.00832420072803 0.0196100694795 0.0133028941692 -0.013819760585 0.00891047336655 -0.00945466868705 -0.00342866171341 0.00793351234395 0.0211053879992 0.00364169041043 0.0239863157147 0.0100925026153 -0.0204647220763 0.451562200216 0.00207745505791 0.0057055131364 0.0745643900566 -0.00283941798471 -0.0101621590289 0.00424172910559 0.00547287903798 0.0382516581885 0.0136379982645 0.0274901660157 -0.0132656765756 
0.0193943553259 0.0335163182579 0.0215217064146 0.0248227951132 0.027661480234 0.0176591397703 0.0158068028788 0.0149268368111 0.0347813244964 0.0166841370909 -0.00281426562029 0.0561227370612 -0.00861103910593 0.0200725325903 0.00227948658721 0.0254679791888 0.022135051549 0.0483880903549 0.00110980463149 0.000995130631665 0.0234694814283 -0.00131726015366 0.021574369672 0.0175000284831 0.0150316479598 0.0311599354993 0.0383563361283 0.0180783623685 0.00207745505791 0.163032506356 0.0421019210658 0.0409361687172 0.0411597653287 0.0050126870212 0.00919599412599 0.0221145357826 -0.00420306320625 0.0462532006364 0.0519910106008 0.0254406142759 
0.0137182848537 0.0183671591041 0.0109677350941 0.00723772897188 0.0124510427248 0.0151234142039 0.00391323115058 0.00636878544515 0.0340345757968 0.00450801529154 0.00257855304502 0.0267342278448 0.016333010189 0.0226025914552 0.0162975805469 0.0236230165459 0.0304842032415 0.0234954423272 0.0217896790522 0.0128125806887 0.0229077306402 0.00128099355896 0.0195522605328 0.0310944272332 0.0183875072022 -0.00892063162525 0.0141274125589 -0.00286096264181 0.0057055131364 0.0421019210658 0.181502088095 0.028552043109 0.03194996608 -0.0101719109159 0.00859869914311 0.0245779441143 0.0073293467832 0.0453794396882 0.0351498684194 0.0081949114946 
0.0118135655191 0.000756353399642 -0.00499785178447 0.00399645113274 0.0438162370546 0.0368297156748 0.0381959245672 0.0122109060307 0.0194023654941 0.0233177613193 0.0275259795975 -0.00434502626489 -0.012470115941 0.00185031424252 0.00724336794965 0.0252853445714 0.016957953152 0.0245799545011 0.042551113939 0.0138689924682 -0.00439821081504 0.0207138072511 0.00132177210992 0.00363163574252 0.00626003338199 0.0361191884423 0.0377770976513 -0.0161042177043 0.0745643900566 0.0409361687172 0.028552043109 0.355326022112 0.0277270568855 -0.0156434036977 0.0210222450281 0.00678080028523 -0.000263052455267 0.0175392678285 0.0141608581631 -0.0122078502183 
0.0187707864384 0.0284489968792 -0.0179073734918 -0.00270363641184 0.0310041247211 0.0180653242175 0.0243353841439 0.00826698919767 0.0160874440059 0.0143367431854 0.00248879243276 -0.00253374465996 0.0162772370182 0.0318424813901 0.0148006772254 0.0420500049575 0.0230268882572 0.0332753527388 -0.00076764255223 0.0235433219492 0.0222263263178 0.00662060975489 0.0262984611348 0.0135200158369 0.0128711965039 0.00919780536713 0.00616940557712 0.00625994428946 -0.00283941798471 0.0411597653287 0.03194996608 0.0277270568855 0.263562769794 -0.0168462002618 0.016470309059 0.0217649624366 -0.0015520195083 0.0341490440321 0.0263715180728 0.0220810181109 
0.0394459351779 -0.00283630349393 0.160836436662 0.00394094700459 0.0119012491918 0.0138675956639 -0.00839561640106 0.019256010986 0.00111252371086 -0.00102162244509 0.00996183290715 0.0319653975461 0.030565756542 0.0111958471199 0.0394246189868 0.00574617130285 0.0101043440636 0.0128294587751 0.0213291259356 0.0101784288585 0.00288829462361 0.00382786313432 0.000697018715162 0.00821681370711 -0.00643491485345 0.075199266078 0.0279319799871 -0.0217185003732 -0.0101621590289 0.0050126870212 -0.0101719109159 -0.0156434036977 -0.0168462002618 0.365688855833 0.00696017267637 0.0126731044913 -0.0120755107288 0.00227910045524 -0.00438767555743 0.00166522880617 
0.0202833423353 0.0166469465717 -0.00434270036112 0.0250758862683 0.018534057281 0.0178448422403 0.0214255493885 0.00988614177181 0.0115337351152 0.0342931474464 0.0101703107552 0.0385282227155 0.0119940910325 0.0211791845361 0.0304021853549 0.0207689880575 0.0182772089071 0.0307745342538 0.00821028851433 -0.00373653170447 0.00961383425737 -0.0120622265147 0.0240400140232 0.0193706054707 0.00955304643778 -0.00970058961331 0.0166008495005 -0.0231916602869 0.00424172910559 0.00919599412599 0.00859869914311 0.0210222450281 0.016470309059 0.00696017267637 0.202820199253 0.0047149359539 0.0021037850545 0.0197751477774 0.0112015871609 0.00757792478959 
0.00232430782134 0.00924358335011 -0.000298908038938 0.00144293387806 0.0452021901926 0.0102763492009 0.000489077388956 0.0207424773734 0.0123964266457 0.00223542573743 -0.00249165174481 0.0330018761065 0.0167091085963 -0.00263063075124 0.0219487820774 0.0161962647622 -0.0016357846341 0.00471450988448 0.0244283515065 0.00593524264373 0.00455099979426 0.0119110868155 0.0159105374048 -0.013591353223 0.0107342327455 0.0044766555187 0.00519917015678 0.00167593979294 0.00547287903798 0.0221145357826 0.0245779441143 0.00678080028523 0.0217649624366 0.0126731044913 0.0047149359539 0.221952145304 -0.00797624288177 0.0264561385287 0.0292058955788 0.0108817940019 
0.00867277426706 0.00741866219667 0.0206009497651 -0.00346217238119 0.0282445076871 -0.0318842336713 0.0111836028221 0.0084386881845 -0.000846969704786 2.94202776038e-05 0.0294439444145 -0.000501706130958 0.000255387363484 -0.00342138241258 0.00113773212046 -0.00133576589486 0.0148639504325 0.0233551935919 -0.00120459087866 0.0157122672911 0.0143688294945 0.00323235748322 -0.0099545477538 0.0168694515065 -0.00569562760853 0.013249990407 0.00990265718754 0.0203433236861 0.0382516581885 -0.00420306320625 0.0073293467832 -0.000263052455267 -0.0015520195083 -0.0120755107288 0.0021037850545 -0.00797624288177 0.373508856203 -0.00603514837143 0.0054358982936 -0.00711973161948 
0.0222782948825 0.0262068018331 0.0126535229131 0.0163012426844 0.0115594911065 0.0311774311638 0.0021911572058 0.0226366262591 0.0338925365937 0.0231751063166 0.0145558385607 0.0337126208464 0.0192177230843 0.0232278981108 0.0224087313683 0.018274655752 0.0196139788028 0.0362190071474 0.0183216481359 0.0099308510065 0.0180681033835 0.0096978581167 0.0158529715769 0.0240246401916 0.0175073794286 0.0144429850147 0.0163669996719 -0.010411225117 0.0136379982645 0.0462532006364 0.0453794396882 0.0175392678285 0.0341490440321 0.00227910045524 0.0197751477774 0.0264561385287 -0.00603514837143 0.121048645548 0.0474977639129 0.0122379369673 
0.00558320013932 0.0276329898777 -0.00433085944052 0.0079471594419 0.0182153096251 0.0137855057762 0.0150864698009 0.0164341999317 0.0428128756179 0.0258397821416 0.0220228858562 0.0457141116608 -0.00754364933231 0.0119038021861 -0.00245418063912 0.0160475309014 0.0144353829736 0.0338060508884 0.00494540352439 0.00213033864181 0.014686995204 -0.00710768298653 0.0166111173247 0.00460988452568 0.00335045993817 0.013788016874 0.0225413325138 -0.0100126525361 0.0274901660157 0.0519910106008 0.0351498684194 0.0141608581631 0.0263715180728 -0.00438767555743 0.0112015871609 0.0292058955788 0.0054358982936 0.0474977639129 0.169245685447 0.00873177503004 
0.0161097504175 0.00307494490491 -0.000844159210612 0.0138366157673 0.0205581165885 0.00576872285562 0.0162404171856 -0.00320801141162 0.00382083825252 0.0116957775396 0.0111315631281 0.0208120602639 0.0196985485061 0.00489856747206 -0.00715695894564 0.00243785659338 0.00203692834254 0.018661599237 0.0132791484151 -0.00355125517972 0.024662991484 -0.00259594413053 0.0295932729662 0.0195776938864 0.0105700670236 0.00290633520255 0.0499602588583 -0.0056416752361 -0.0132656765756 0.0254406142759 0.0081949114946 -0.0122078502183 0.0220810181109 0.00166522880617 0.00757792478959 0.0108817940019 -0.00711973161948 0.0122379369673 0.00873177503004 0.178227819247 
0.0175142742804 0.00115025199782 0.00484311873299 0.00146254410348 0.00098889675643 0.0012054579112 0.000574900766423 0.0022085975075 0.00163413044544 0.00117223236547 0.00102593290155 0.000112499146071 0.00109615412855 -3.96954778787e-05 0.00223865911893 0.00113332528406 0.00106309281831 0.00222725243981 0.00162352989909 -0.000162530199197 -0.000161727864138 0.00167198075057 0.000214687648983 0.0037648919957 -6.12145704153e-05 0.006047794556 0.00155583486284 9.3991503067e-05 0.00265772303203 0.00167960044022 0.00118803831797 0.00102308478488 0.00162559779047 0.00341611819401 0.0017565889736 0.000201290961949 0.000751084283656 0.00192935693213 0.000483519315507 0.00139514531102 
0.00115025199782 0.0102178114001 9.8205582062e-05 0.00156755616008 -0.000680632351571 0.00167721825415 0.000956912284073 0.000549564748206 0.00361183151316 0.00181197810941 -0.000737667222129 0.00171887696003 0.00167943599319 0.00138991372171 0.000683167133448 0.00098578368516 0.00170925218976 0.00357455295435 -5.87022990179e-05 0.000402044292137 0.00216556405236 0.000628079120041 0.00283931616816 0.000684085562722 0.000930374381762 0.000703394022544 0.000990256512368 0.000710416685672 0.00143744437436 0.00290259830527 0.00159064263795 6.55021258329e-05 0.00246375540096 -0.000245631087859 0.00144166786265 0.000800517800319 0.000642474992441 0.00226957561394 0.00239308712166 0.000266298040289 
0.00484311873299 9.82055820621e-05 0.0361601712308 0.000990177631716 0.0024032928691 -0.000353092303821 0.00536165275309 -4.63881926314e-05 0.0011122409359 0.000708161376831 0.00141383211695 0.0060354377581 0.00301783122224 0.00143921106256 0.00300549735814 -0.000377280220661 -0.000228152857333 0.00187679986797 0.00064830560692 -0.00107727752241 0.00312420359118 0.00266414923599 0.00161201951584 0.00267133770214 0.000202859640008 0.00538705084506 0.000870894027292 0.000377373291412 0.000559053655734 0.00186383444878 0.000949833721348 -0.00043282666097 -0.0015508240359 0.0139288440004 -0.000376088883375 -2.58861955116e-05 0.00178409458387 0.00109582722901 -0.000375063429571 -7.31063321229e-05 
0.00146254410348 0.00156755616008 0.000990177631716 0.017054072276 0.000601922106389 0.00181633369467 0.00108576119748 0.00128274879061 -0.000167423925503 0.00297573844183 0.000469733559652 0.00432822694882 0.00199492934038 0.00243628939835 0.000483957208932 0.00248046919383 0.00149609756639 0.00129236028646 0.00174360529648 0.00118088778199 -0.00133992280503 -0.000230545729504 0.000419112765178 0.0040485136791 -0.000247172190604 0.000846389138651 0.00279671130295 -0.00188399828452 0.00104139491039 0.00214971711609 0.000626805715535 0.000346102820594 -0.000234141781525 0.000341296022094 0.00217163545308 0.000124961739438 -0.000299832923439 0.0014117290278 0.000688244196461 0.00119828607569 
0.00098889675643 -0.000680632351571 0.0024032928691 0.000601922106389 0.0518593804328 0.00250920245585 0.00195463541424 -0.000407030817776 -0.000578418161963 -0.000382797225689 0.00815941108264 0.000765104258788 0.00413037528824 0.000182321701065 0.00443944749867 0.00208596553905 0.00159826665815 0.00422398212125 0.00322359996585 0.000663479396727 0.0101536613825 -1.55916370482e-05 0.000920846918054 -0.0020273867533 -0.000198544175556 7.45399818709e-05 0.00156835359283 -0.00194473342074 0.000874526341355 0.00239555445889 0.00107829193033 0.00379459743875 0.00268503596306 0.00103067841368 0.00160509644405 0.00391462450135 0.00244604611744 0.00100108129531 0.00157749208731 0.00178038512196 
0.0012054579112 0.00167721825415 -0.000353092303821 0.00181633369467 0.00250920245585 0.0210650346618 0.00210371700447 -0.000383292423294 0.00252259208954 0.00356766744785 0.000817038969959 0.00323271644677 0.00198648124589 0.000356224937492 0.00290513323976 0.00330011097846 0.0034697281699 0.00307749911893 0.00161453559435 0.00255986856527 0.00225038564571 0.000175953262517 0.00193915269225 0.00310790801762 0.0015389979568 0.00181141142018 0.00261553985005 -0.000160362120182 0.00166931341495 0.001529326365 0.00130972608925 0.00318954693886 0.00156450296999 0.00120096901343 0.00154540867066 0.000889957946613 -0.00276125563396 0.00270004474126 0.00119385982062 0.000499586054036 
0.000574900766423 0.000956912284073 0.00536165275309 0.00108576119748 0.00195463541424 0.00210371700447 0.0319699596004 0.00014742556708 0.00138316150699 0.00283711758296 0.0016645611854 0.00433840364514 0.000143941846679 0.00166940061109 0.00600087558557 0.00128164516425 0.00102883414772 0.000538772106882 0.00247388008916 -0.0011388248341 0.00180768684571 0.00104390829999 0.000617672314029 0.00519437331688 -0.00116153875312 0.00211811245837 0.00215502477584 -0.000818313422472 0.0022171069278 0.00136890928457 0.000338895758728 0.00330786409962 0.00210750608795 -0.000727081708375 0.00185550700605 4.23553443253e-05 0.000968528414976 0.000189759780391 0.0013065266101 0.00140646138508 
0.0022085975075 0.000549564748206 -4.63881926314e-05 0.00128274879061 -0.000407030817776 -0.000383292423294 0.00014742556708 0.0163013199198 0.00106040034091 0.00155839667627 0.00085645717143 0.0022889547597 0.00067169874302 0.000808210984059 0.00154407382385 0.00121620993236 0.0013594607052 0.000478601382178 -0.000724248022386 0.00208513417796 -0.000912809763927 0.000457219555632 0.00235152039488 -0.000454746928729 -4.30326382227e-05 0.00257552552917 0.00101294947398 0.00130675787018 0.000481480743656 0.00129270198766 0.000551552998676 0.00105749548258 0.000715942265799 0.00166761946894 0.00085616499198 0.00179635123427 0.000730811834239 0.00196038933963 0.00142324346318 -0.000277821937809 
0.00163413044544 0.00361183151316 0.0011122409359 -0.000167423925503 -0.000578418161963 0.00252259208954 0.00138316150699 0.00106040034091 0.0103787003853 0.00267569964848 -0.000654705214284 0.00258700943085 0.00081323383774 0.000675752623942 0.000860082046346 0.00180022127544 0.00172206629239 0.00237969079509 -0.000104758762929 0.000842646314576 0.000983163919679 -0.000334093982531 0.00202717827024 0.000828759356087 0.00141868173418 0.00259743790086 0.000716567480714 0.000229442614605 -0.000120923886966 0.00301215105911 0.00294748072471 0.00168029414114 0.00139321351911 9.63473795917e-05 0.000998850761026 0.00107356203913 -7.3349728058e-05 0.00293517976888 0.00370770378942 0.000330894299043 
0.00117223236547 0.00181197810941 0.000708161376831 0.00297573844183 -0.000382797225689 0.00356766744785 0.00283711758296 0.00155839667627 0.00267569964848 0.025670999063 0.0011022430546 0.00497345633275 0.00526340724408 0.000791153840452 0.00171264546552 0.00287323376186 0.00184835874195 0.00289314917898 0.00229257040693 0.00329686612611 0.00115136567251 -0.000340676486108 0.00269214470308 0.00355419774605 0.00210001224969 0.00184169785571 0.00560680723583 0.00167781832255 4.53031169653e-05 0.00144488865609 0.000390405576312 0.00201937736619 0.00124159838061 -8.84750990523e-05 0.00296987368643 0.000193593547689 2.54787077915e-06 0.00200702308056 0.00223779077629 0.00101288404663 
0.00102593290155 -0.000737667222129 0.00141383211695 0.000469733559652 0.00815941108264 0.000817038969959 0.0016645611854 0.00085645717143 -0.000654705214284 0.0011022430546 0.0523880169402 0.000135674071162 0.000454184728144 0.00122658735843 0.00117532350785 0.00254436738799 0.0018738516577 0.00137222467389 0.000983245506577 0.000598460291031 0.00236318567614 0.00130712276416 0.000562788584062 0.000795163449984 0.000343307542737 0.00248004077965 0.00634858292128 -0.00187976693203 0.00233964243929 -0.000243722552017 0.000223309244199 0.00238381975955 0.000215535747152 0.000862720036585 0.000880774747838 -0.000215783370839 0.00254992038506 0.0012605725967 0.00190723786161 0.000964021645275 
0.000112499146071 0.00171887696003 0.0060354377581 0.00432822694882 0.000765104258788 0.00323271644677 0.00433840364514 0.0022889547597 0.00258700943085 0.00497345633275 0.000135674071162 0.0440536066287 0.00129422452555 0.00141962634985 0.00741462940461 0.00275491270843 0.00204717316522 0.00740247575287 0.00179398262378 0.00283264141428 -0.000856573254362 0.00142025571099 0.00472681035838 0.00730226092986 0.000263037565554 0.00147597908281 0.00355596182655 0.00265889412707 0.00106873126839 0.00486037160249 0.00231525204642 -0.00037629031255 -0.000219428724223 0.0027682846317 0.00333664196343 0.00285804630808 -4.34490254644e-05 0.00291959860811 0.00395895820097 0.00180237728936 
0.00109615412855 0.00167943599319 0.00301783122224 0.00199492934038 0.00413037528824 0.00198648124589 0.000143941846679 0.00067169874302 0.00081323383774 0.00526340724408 0.000454184728144 0.00129422452555 0.0464799736066 0.00162158200162 0.00752956405395 0.0023111801305 0.00122845869951 0.00165620371012 0.000363735479381 0.00248136716421 0.00287110371419 0.000415154523747 0.00260275252239 0.00228584652447 -3.3562818968e-05 -0.000588810888625 0.00151470809253 -1.1249465516e-05 0.00416996921017 -0.000745737861872 0.0014144801744 -0.00107994371931 0.00140965007612 0.00264707216513 0.00103871875294 0.0014470512519 2.21171944583e-05 0.00166430363939 -0.000653299195902 0.0017059443424 
-3.96954778787e-05 0.00138991372171 0.00143921106256 0.00243628939835 0.000182321701065 0.000356224937492 0.00166940061109 0.000808210984059 0.000675752623942 0.000791153840452 0.00122658735843 0.00141962634985 0.00162158200162 0.0165933276395 0.000157305698212 0.00181183747025 0.00129854589348 0.00222470726786 0.000889983548794 0.000502251474333 0.000277729079591 0.000585959354274 3.68284663621e-05 0.00302035893731 0.000296101779841 0.00178960520129 0.00197989654807 0.000477393849532 0.00308374517717 0.00173833231415 0.00195744183916 0.0001602419139 0.00275763978033 0.00096958880227 0.00183417118397 -0.000227819305855 -0.000296300408536 0.00201159498405 0.00103089950948 0.000424228387296 
0.00223865911893 0.000683167133448 0.00300549735814 0.000483957208932 0.00443944749867 0.00290513323976 0.00600087558557 0.00154407382385 0.000860082046346 0.00171264546552 0.00117532350785 0.00741462940461 0.00752956405395 0.000157305698212 0.0390750695399 0.000639305607496 0.00249417484626 0.0015349332327 0.000690162537773 0.00110535868039 0.00083771005359 -0.000806112191709 0.000908371717646 0.00345686389221 0.000945910506837 0.00284500510955 -0.00218914686633 0.000768123289522 8.85342679644e-05 0.000197409329211 0.00141141187739 0.000627294065335 0.00128177624704 0.00341427215771 0.00263290648479 0.00190082028612 9.85304919016e-05 0.00194065306315 -0.000212538277895 -0.000619810826077 
0.00113332528406 0.000985783685161 -0.000377280220661 0.00248046919383 0.00208596553905 0.00330011097845 0.00128164516425 0.00121620993236 0.00180022127544 0.00287323376186 0.00254436738799 0.00275491270843 0.0023111801305 0.00181183747025 0.000639305607496 0.0148425414974 0.00135068540551 0.00222516361268 0.00165421918419 0.000442695929377 0.000428356333121 0.000623892544573 -0.000420597253167 0.00201193105648 0.000751381202705 0.00131801374991 0.00156910722976 -0.000789064742078 0.000720896929668 0.00220559169605 0.00204581324428 0.00218977507423 0.00364163725225 0.000497633032276 0.00179864712687 0.00140263767305 -0.000115680719846 0.00158263161267 0.00138975694286 0.000211124574065 
0.00106309281831 0.00170925218976 -0.000228152857333 0.00149609756639 0.00159826665815 0.00346972816991 0.00102883414772 0.0013594607052 0.00172206629239 0.00184835874195 0.0018738516577 0.00204717316522 0.00122845869951 0.00129854589348 0.00249417484626 0.00135068540551 0.0131278716375 0.00269151403062 0.000931565113651 0.000633155418197 0.00139185609921 -0.000553189942455 0.00188686757116 0.00253912928077 0.00114729917712 0.00175851267574 0.000960366093012 -8.48556522733e-05 0.00169828183392 0.00191695169555 0.00264000944213 0.00146860182258 0.00199418702009 0.000875061864762 0.00158285272238 -0.000141663104825 0.00128725586751 0.00169862039125 0.00125014083685 0.000176403169033 
0.00222725243981 0.00357455295435 0.00187679986797 0.00129236028646 0.00422398212125 0.00307749911893 0.000538772106882 0.000478601382178 0.00237969079509 0.00289314917898 0.00137222467389 0.00740247575287 0.00165620371012 0.00222470726786 0.0015349332327 0.00222516361268 0.00269151403062 0.0241476169978 0.000387787073726 0.000993084634524 0.0045775038525 0.00012159277971 0.00254097823168 0.00177703863903 0.00122251115903 0.000935840838921 0.00267861988527 -0.000220249424793 0.00115206442944 0.0041905315488 0.00203476499285 0.00212868650218 0.00288173007917 0.0011110637216 0.00266515284535 0.000408288532635 0.00202261909609 0.00313665802895 0.0029276898871 0.00161614190145 
