40
0.0350054865441 0.103848753038 0.0315903614714 0.0422860283868 0.0831393543584 0.0524718958424 0.0170349265424 0.149701567326 0.142251168296 0.0773544805674 0.0493061267197 0.0301217617298 0.158066549078 0.110955558587 0.0136100125143 0.0571686925308 0.234257183995 0.0669670800901 -0.00953493093171 0.0262084488718 0.0665048210348 0.124759587163 0.0998681056981 0.025637758891 0.059162885268 0.0905877796438 0.128291051585 0.0176197090425 0.0861575830063 0.085684238521 0.176756138136 0.126255379542 0.0315088302779 0.101218808556 0.0755027876102 0.0316067218978 0.0637387331612 0.0534982218633 0.0590120409917 0.0482129600444 
0.137991414725 -0.00316154600695 0.0205149730096 0.000674917350514 -0.0031472041694 0.00202177314457 0.0249913270989 0.0226730245353 0.00921009969536 0.0306539874335 0.0184165335479 0.00234766994353 -0.00672787001114 0.0228810694019 0.000658870712794 0.00707062065388 0.028588091108 0.00891075755794 0.00256412450645 0.022613317754 0.0109596863818 0.0139766206647 0.0275498500074 0.00802845346931 -0.0113730399023 0.0401785817746 -0.00087162279314 0.0227273365052 0.0184425573365 0.0239867482787 0.0016503862786 0.0172095059388 0.0153000087879 0.0133101480611 0.0125192596386 0.0150638500722 0.0144690190858 0.015375757745 0.00938623575965 0.00713836967895 
-0.00316154600695 0.352278235014 0.00791847387647 -0.015001069049 0.0172431930504 0.00737075885833 0.00242411022412 0.0181283260424 0.0308165379211 -0.000217934735497 0.0147734303167 -0.00589729618948 0.00919395097334 -0.0249922515305 -0.00228596286262 0.0204167515893 0.0379370990478 -0.0112394871032 0.0334045646118 0.032923267774 -0.0162937911493 0.0227294976853 0.0405440889674 -0.00638712678641 0.0259885864666 0.0102801174582 -0.00580188216725 -0.00331652150376 -0.00105555365152 0.00113575698759 -0.0350204105336 0.0116817295565 0.0123119421006 0.0162727302768 -0.00347330369276 0.00164832464422 0.0390615778634 0.0243345034192 -0.00437059510729 -0.00474310968742 
0.0205149730096 0.00791847387647 0.156179097245 0.00759019310876 0.00419970925079 0.017089152461 0.0298186342175 0.00360107547525 0.0228390572083 0.0359240124691 0.018012629945 0.0099100644849 -0.0122498602499 0.034550631401 0.0147898965727 0.00603011564863 0.00198108309218 0.0015959661368 0.0118508375116 0.033527823113 0.0414608259888 0.00222548561703 0.0380289121881 0.0219969022631 0.00647546010469 0.0103404869778 -0.00215128815909 0.02085016675 0.00046673302744 0.00873151940938 0.00448568444465 0.0335818312827 0.0421874578145 0.0259640883487 0.0251367805432 0.0386953999529 0.0395786834884 0.0303073309997 0.019680284043 0.0276373798038 
0.000674917350514 -0.015001069049 0.00759019310876 0.222749371628 0.0339289463452 0.0273310156493 -0.00155249053473 -0.0109591156574 -0.0128510833842 -0.00600321670821 -0.00400361833323 -0.00338546861334 -0.00171922288951 0.0130527112534 0.00660090366399 0.0259927720838 0.0322313436108 0.0331987866099 -0.00495512512363 0.0264216107682 0.011424420979 0.0238793662946 0.0316735857614 0.00741001367202 0.0231971817337 0.0276239811027 0.0353367641026 0.00422738680919 -0.00372047241794 0.00441050118896 0.0858264018007 0.023471272009 0.0340453845202 0.00549432665913 0.0114236889502 0.0108447934329 -0.00582638003513 0.0254211707483 -0.00689900601313 -0.000410440079042 
-0.0031472041694 0.0172431930504 0.00419970925079 0.0339289463452 0.291902764404 -0.00955993022423 0.0019044527992 0.0138091881054 0.0133082744546 0.0462169669796 0.0167336679548 0.0499399679802 -0.0384386046369 0.00812452477558 -0.0118039415363 0.0392709492555 -0.00892681811487 0.0584805886213 0.00926083959359 0.0454475137145 0.0240508192844 0.00996850794337 0.0334918628307 0.0136302850485 0.036845802552 -0.00209082800438 -0.0105253984732 0.00876760468702 0.00882366823848 0.0253922270357 -0.0120872697471 -0.0180208316306 0.00196516668587 0.0182846041964 0.0266518831132 0.01588130647 0.0123940932586 0.0322986729565 -0.000647619402609 0.019209824184 
0.00202177314457 0.00737075885833 0.017089152461 0.0273310156493 -0.00955993022423 0.181829661706 0.0383338361555 -0.0011325271186 0.0195643248453 0.0200749167891 -0.00193102603743 0.000445508976595 0.0456556503809 0.0118749584207 0.00740158837137 0.0170335058012 0.00636283392396 8.23614881796e-05 0.0139626151199 0.00585594945867 0.0192834002661 0.0303092702934 0.027448615921 0.0313450006799 -0.00188359218922 0.00366552162932 0.03081615504 0.00881635594771 0.0374892925462 -0.000450665908239 0.0479335648154 0.0408949075185 0.00935594727242 0.00366676846655 0.000404902148253 0.0253971875486 -0.00595940763412 0.0136354139317 -0.00445646380559 0.0237783693486 
0.0249913270989 0.00242411022412 0.0298186342175 -0.00155249053473 0.0019044527992 0.0383338361555 0.193395104726 -0.00880848928738 0.00849404698699 0.017955228546 0.0129996533933 0.00797165961459 0.00889402089978 0.0102919915221 0.00426213892186 0.0180155726305 -0.00707215612454 0.0209412896776 0.0136239039609 0.021861708809 0.0587828551148 0.000672648741558 0.0387520894359 0.0267200147208 0.0108805613214 0.0196749700271 0.0127022966508 0.0167269264585 0.0248147433793 0.00279012734736 0.00332588229789 0.00115004779394 0.0118322552538 0.0134396087328 0.0102640120032 0.0414284320328 0.000183455825962 0.0322653822557 0.0189000059825 0.0121575745581 
0.0226730245353 0.0181283260424 0.00360107547525 -0.0109591156574 0.0138091881054 -0.0011325271186 -0.00880848928738 0.464628177237 0.0212638758912 0.0106116447681 0.0264033783766 0.00861003225842 0.00315889710433 0.0258528132345 0.000114166849266 0.0272041640793 0.0533099725099 0.00457588134917 -0.00945258369732 0.00799042117371 0.00989706230714 0.0919109726776 0.080669721352 0.0275537461077 0.000816599148603 0.05719729271 -0.000845906523919 0.0176441931477 -0.0242102988652 0.0157903304482 0.00475475266819 0.0245075600594 -0.0230992252779 0.0166397382884 -0.00445642400754 -0.000659290959038 0.0423706345555 0.0204491866119 -0.00690283269904 0.00998262208452 
0.00921009969536 0.0308165379211 0.0228390572083 -0.0128510833842 0.0133082744546 0.0195643248453 0.00849404698699 0.0212638758912 0.800795122833 0.0339776047132 0.0080719297814 0.0163256913901 0.00731727378506 -0.000802481054699 0.0781433335183 0.0289698477455 -0.00699303467305 0.00160605374926 0.0153213577876 0.0355090143324 0.0151540923504 0.00210065652496 0.0112502957057 -0.00569479086477 0.0039686890347 0.0845080192228 0.0235350861742 0.0118068798956 0.0172553399369 0.0229948513322 0.0102021878316 -0.0270849346628 0.0287156414431 0.0397670802387 0.019880023191 0.0279464823528 -0.0106582976997 0.0213964609813 0.0179274389698 0.0236633800576 
0.0306539874335 -0.000217934735497 0.0359240124691 -0.00600321670821 0.0462169669796 0.0200749167891 0.0179552285459 0.0106116447681 0.0339776047132 0.258881531251 0.0263557346776 0.0137828101327 0.0021387760496 0.0551388117057 0.0131359816146 0.0202715410364 -0.00678896238207 0.0343480620809 0.0219536782718 0.0355824721485 0.0326100950433 0.0131195430264 0.0166844511699 0.00386082425139 -0.0118246845023 0.0429235414088 0.0498538349088 0.00864819150053 0.0330627419899 0.0901989117355 0.0130789193903 0.0701012543873 0.0284810897895 0.0749705455271 0.0117048456944 0.0133289818646 -0.0281208675512 0.0225389393612 0.0120309859758 0.0180580633611 
0.0184165335479 0.0147734303167 0.018012629945 -0.00400361833322 0.0167336679548 -0.00193102603743 0.0129996533933 0.0264033783766 0.0080719297814 0.0263557346776 0.218933436828 0.011124232786 -0.00135752882983 0.032889877582 0.00508486292459 0.0309498827655 0.0471621785037 -0.0132518708979 0.00886670706611 0.0102712673781 0.000803289592925 0.0101677550345 0.0156515693684 0.00399888355535 -0.000449945883893 0.0232336044975 0.014645851238 0.0115856029187 0.0527226949654 0.0167478089872 0.0327004017409 0.0197956769612 0.0203867206298 -0.0135756503831 0.00774346884073 0.0174635037195 0.00862778626983 0.0190108739171 0.0166980698637 -0.00683828750578 
0.00234766994353 -0.00589729618948 0.0099100644849 -0.00338546861334 0.0499399679802 0.000445508976595 0.00797165961459 0.00861003225842 0.0163256913901 0.0137828101327 0.011124232786 0.180179432986 0.00916351126945 -0.00708596299427 0.00391686683064 -0.00113739248325 0.023125336292 0.037790562336 0.0140851476774 -0.00240290243851 0.0237211914303 0.0121107982927 -0.0103736998516 0.0137638492753 0.014723407466 0.016232597914 0.00683116543102 -0.00278648308754 0.00371376076841 0.0176442513766 0.00809369293674 0.00827403145534 0.00960326246869 0.0166164804302 0.0027428995874 0.0187855389844 0.0165306022058 0.0198719924252 -0.00159048845265 0.0170879739484 
-0.00672787001114 0.00919395097334 -0.0122498602499 -0.00171922288951 -0.0384386046369 0.0456556503809 0.00889402089978 0.00315889710433 0.00731727378507 0.0021387760496 -0.00135752882983 0.00916351126945 0.683814291228 0.0204766045752 -0.0296818031536 0.00112999028943 0.0202682333692 -0.0317774194096 0.00355710324529 -0.0321398281999 0.00545801600368 0.0287429390917 0.0105263104834 -0.0064627612727 -0.00956437629488 -0.0265545815169 0.0117508220036 0.0159642121013 0.00526873439031 0.0073930875193 -0.0340924113453 0.025177050929 0.00281097283363 0.00162320489254 -0.0203997708331 -0.00849827575833 -0.0260041441789 0.00386079991458 0.00334098192855 -0.0275787417393 
0.0228810694019 -0.0249922515305 0.034550631401 0.0130527112534 0.00812452477558 0.0118749584207 0.0102919915221 0.0258528132345 -0.000802481054699 0.0551388117057 0.032889877582 -0.00708596299427 0.0204766045752 0.484621973251 0.0374351581413 0.0115667671089 0.061032363289 0.0284459926301 0.0147411120894 0.0106913318135 0.0215844756375 -0.0107104338677 0.0432379422535 0.000894601235208 0.0187104008327 0.0269255015702 0.00263781752723 0.0036417458378 0.0170340154407 0.0438426385063 0.0144496237322 0.026639300847 0.0107612023033 0.0351278586277 0.0359534875035 0.0390762220995 -0.00506220968714 0.0314200990174 0.0191831786277 0.00614436319644 
0.000658870712794 -0.00228596286262 0.0147898965727 0.00660090366399 -0.0118039415363 0.00740158837137 0.00426213892187 0.000114166849266 0.0781433335183 0.0131359816146 0.00508486292459 0.00391686683064 -0.0296818031536 0.0374351581413 0.129878655147 0.00615808598659 -0.00714354619324 0.0116592685497 0.00233495144322 -0.0139404847547 0.000692520689582 0.0142059031043 0.0113329734587 0.0241756784092 -0.00926677457563 0.00299377039197 0.00917399602719 0.00653411891494 0.0421329901059 0.0123438468011 -0.00818108696746 0.0148053702348 0.00729112070602 0.0177116128292 -0.0059815302001 0.0128594531852 -0.0127229528486 0.00213321003994 0.0143018572231 0.00358266460641 
0.00707062065388 0.0204167515893 0.00603011564863 0.0259927720838 0.0392709492555 0.0170335058012 0.0180155726305 0.0272041640793 0.0289698477455 0.0202715410364 0.0309498827655 -0.00113739248325 0.00112999028943 0.0115667671089 0.00615808598659 0.367872076129 0.0316572876307 0.0298560642718 0.0240901699293 0.0316163500698 0.0229127681437 0.0160233041687 0.0143676650995 0.0253937748643 0.00736265175917 -0.00434187496081 0.0148683482332 0.0168945681981 0.0013627797392 0.0197184066795 0.0149728809713 0.0335512098249 0.0301063788692 0.0344914283624 -0.00870266440001 0.0164759203831 0.00375342258584 0.0190519638506 -0.00171598005862 0.0175705167457 
0.028588091108 0.0379370990478 0.00198108309218 0.0322313436108 -0.00892681811487 0.00636283392396 -0.00707215612454 0.0533099725099 -0.00699303467305 -0.00678896238207 0.0471621785037 0.023125336292 0.0202682333692 0.061032363289 -0.00714354619324 0.0316572876307 1.25664530899 -0.000924926068066 0.0119904675115 0.0073504113755 -0.015390456878 0.0290735987519 0.0260373471032 0.0397926175891 -0.00609059279022 0.0168308719067 0.00157423817448 0.010097301721 0.00788344349577 -0.00110906286625 0.0136804669669 0.0222531491921 -0.0278335501042 -0.000961458333081 0.00300336896869 0.00358818500975 0.0683185666111 0.0339312251242 -0.00520279755618 -0.016180024389 
0.00891075755794 -0.0112394871032 0.0015959661368 0.0331987866099 0.0584805886213 8.23614881799e-05 0.0209412896776 0.00457588134917 0.00160605374926 0.0343480620809 -0.0132518708979 0.037790562336 -0.0317774194096 0.0284459926301 0.0116592685497 0.0298560642718 -0.000924926068066 0.239216958561 0.0262948442026 0.0433202369042 0.046837249992 0.0152457492034 -0.011143536796 0.0103854947381 0.026355273213 -0.000259884584913 0.0120360297743 0.016165614528 0.0128329310934 0.0252744642566 0.0102518695416 -0.00255391871157 0.0326914388959 0.0393162334125 0.0182900975675 0.00967097411588 -0.00682479028693 0.0489256376178 0.00930897824538 0.0138704944667 
0.00256412450645 0.0334045646118 0.0118508375116 -0.00495512512363 0.00926083959359 0.0139626151199 0.0136239039609 -0.00945258369732 0.0153213577876 0.0219536782718 0.00886670706611 0.0140851476774 0.00355710324529 0.0147411120894 0.00233495144322 0.0240901699293 0.0119904675115 0.0262948442026 0.221405206245 0.0373542917163 0.0047060723654 -0.0208492528615 0.000641792890721 0.0288350691227 0.00310693590508 0.0242539126223 0.00365434237616 0.0181528360818 0.00672255421467 0.0185233792028 -0.0129995250598 -0.0161123858826 0.0374257645202 0.0189804454132 0.00145351823397 0.0110447302107 0.0142031139427 0.0233308108145 -0.00120498891886 0.0138167111406 
0.022613317754 0.032923267774 0.033527823113 0.0264216107682 0.0454475137145 0.00585594945867 0.021861708809 0.00799042117371 0.0355090143324 0.0355824721485 0.0102712673781 -0.00240290243851 -0.0321398281999 0.0106913318135 -0.0139404847547 0.0316163500698 0.0073504113755 0.0433202369042 0.0373542917163 0.312889204235 0.01688243849 0.0378248705247 0.0110812211115 0.0265492585818 0.0247609714018 0.0163624152085 0.00539895916986 0.017970456135 0.0137377066308 -0.0109361120915 0.0370280992872 0.000404699349594 0.0459834040256 0.0549064147951 0.0178190306617 0.0352752543364 0.0181605767276 0.0411083011152 0.0205404831908 0.0246258289373 
0.0109596863818 -0.0162937911493 0.0414608259888 0.011424420979 0.0240508192844 0.0192834002661 0.0587828551148 0.00989706230714 0.0151540923504 0.0326100950433 0.000803289592925 0.0237211914303 0.00545801600368 0.0215844756375 0.000692520689582 0.0229127681437 -0.015390456878 0.046837249992 0.0047060723654 0.01688243849 0.238739148335 0.0350470652478 0.0330562107267 0.0299222058126 -0.00327409651717 0.0160336965756 0.013150028891 0.0122919394155 0.01778094308 0.00202141319008 0.0192049941321 0.00913211471338 0.0209394998105 0.0193767104444 0.00784827135674 0.0433235742798 0.00608426490747 0.0500362358038 0.000250348380727 0.0221097527703 
0.0139766206647 0.0227294976853 0.00222548561703 0.0238793662946 0.00996850794337 0.0303092702934 0.000672648741558 0.0919109726776 0.00210065652496 0.0131195430264 0.0101677550345 0.0121107982927 0.0287429390917 -0.0107104338677 0.0142059031043 0.0160233041687 0.0290735987519 0.0152457492034 -0.0208492528615 0.0378248705247 0.0350470652478 0.313523838558 0.00987367570534 0.0364057375465 -0.00905236165917 0.0146436541239 0.0176749395726 0.0108061677755 0.030675469507 0.0125936533864 -0.00814255739533 0.0468902888429 0.0177509462123 0.0195431482953 0.0744207586739 0.0142230217854 0.0303192736515 0.0133634958403 0.00618406530219 0.0562599297595 
0.0275498500074 0.0405440889674 0.0380289121881 0.0316735857614 0.0334918628307 0.027448615921 0.0387520894359 0.080669721352 0.0112502957057 0.0166844511699 0.0156515693684 -0.0103736998516 0.0105263104834 0.0432379422535 0.0113329734587 0.0143676650995 0.0260373471032 -0.011143536796 0.000641792890721 0.0110812211115 0.0330562107267 0.00987367570534 0.396442917028 0.00529486940923 -0.00479309581388 0.0360311463056 0.00389380661096 0.0111103472931 0.0312836617351 0.0260003038702 0.0799471524324 0.0909614019797 0.0199679872446 0.00620438967131 -0.0144196729678 0.0291457361401 0.0105191626072 0.00242617731151 0.0224100267474 0.0184751317727 
0.00802845346931 -0.00638712678641 0.0219969022631 0.00741001367202 0.0136302850485 0.0313450006799 0.0267200147208 0.0275537461077 -0.00569479086477 0.00386082425139 0.00399888355535 0.0137638492753 -0.0064627612727 0.000894601235208 0.0241756784092 0.0253937748643 0.0397926175891 0.0103854947381 0.0288350691227 0.0265492585818 0.0299222058126 0.0364057375465 0.00529486940923 0.263733537817 -0.00441745180181 0.010013809578 -0.0019584151913 0.0151694815117 0.0671253434304 0.00269660150036 -0.0040446233152 0.0497415171043 0.0285797955182 0.0113939835095 0.0042347387814 0.0321354954622 0.00490419088153 0.0158225246267 0.0121074566792 0.0265694412436 
-0.0113730399023 0.0259885864666 0.00647546010469 0.0231971817337 0.036845802552 -0.00188359218922 0.0108805613214 0.000816599148603 0.0039686890347 -0.0118246845023 -0.000449945883893 0.014723407466 -0.00956437629488 0.0187104008327 -0.00926677457563 0.00736265175917 -0.00609059279022 0.026355273213 0.00310693590508 0.0247609714018 -0.00327409651717 -0.00905236165917 -0.00479309581388 -0.00441745180181 0.342075203129 0.0553213702872 0.0627004156483 0.0114879480805 0.0103898897124 0.0297697762915 -0.00644173635343 0.00295481336296 -0.0063987812042 0.012250798344 0.00864958527504 -0.00837563024435 0.0233060796823 0.0184513174096 0.0100456774581 0.0129595900091 
0.0401785817746 0.0102801174582 0.0103404869778 0.0276239811027 -0.00209082800438 0.00366552162932 0.0196749700271 0.05719729271 0.0845080192228 0.0429235414088 0.0232336044975 0.016232597914 -0.0265545815169 0.0269255015702 0.00299377039197 -0.00434187496081 0.0168308719067 -0.000259884584913 0.0242539126223 0.0163624152085 0.0160336965756 0.0146436541239 0.0360311463056 0.010013809578 0.0553213702872 0.416856796004 0.02274511729 0.0146061483991 -0.0233894794541 0.0428755570511 0.108157028161 0.0302059018879 0.00707055026827 0.0312259072378 0.00648178218652 0.00916509173761 0.0536158469462 0.00812800932462 0.0252378329221 0.0124783955307 
-0.000871622793139 -0.00580188216725 -0.00215128815909 0.0353367641026 -0.0105253984732 0.03081615504 0.0127022966508 -0.000845906523919 0.0235350861742 0.0498538349088 0.014645851238 0.00683116543102 0.0117508220036 0.00263781752724 0.00917399602719 0.0148683482332 0.00157423817448 0.0120360297743 0.00365434237616 0.00539895916986 0.013150028891 0.0176749395726 0.00389380661096 -0.0019584151913 0.0627004156483 0.02274511729 0.498166599748 0.0156553923771 -0.0025588994787 0.0238609977458 -0.00969538613143 0.00961125742416 0.0282664550575 0.0490815677614 0.00937208837265 0.0207441889075 -0.0149838398198 0.0197766437664 0.00315289789156 0.0224127753857 
0.0227273365052 -0.00331652150376 0.02085016675 0.00422738680919 0.00876760468702 0.00881635594771 0.0167269264585 0.0176441931477 0.0118068798956 0.00864819150053 0.0115856029187 -0.00278648308754 0.0159642121013 0.0036417458378 0.00653411891494 0.0168945681981 0.010097301721 0.016165614528 0.0181528360818 0.017970456135 0.0122919394155 0.0108061677755 0.0111103472931 0.0151694815117 0.0114879480805 0.0146061483991 0.0156553923771 0.191664706671 -0.0149183554814 0.00423445477866 -0.00187401577923 0.00831192043815 0.014722238113 -0.00917810258683 0.00169045128157 0.0250958042763 0.0140241909548 0.0162933711871 0.0152726988779 -0.00944806703718 
0.0184425573365 -0.00105555365152 0.00046673302744 -0.00372047241794 0.00882366823848 0.0374892925462 0.0248147433793 -0.0242102988652 0.0172553399369 0.0330627419899 0.0527226949654 0.00371376076841 0.00526873439031 0.0170340154407 0.0421329901059 0.0013627797392 0.00788344349577 0.0128329310934 0.00672255421467 0.0137377066308 0.01778094308 0.030675469507 0.0312836617351 0.0671253434304 0.0103898897124 -0.0233894794541 -0.0025588994787 -0.0149183554814 0.56198151466 0.040495431792 -0.00282198781449 0.0365901147497 0.0117124468297 0.0410034121058 -0.0102832040629 0.0169594962622 0.0145396161078 0.00993351884211 -0.00884352561261 -0.0348045258225 
0.0239867482787 0.00113575698759 0.00873151940938 0.00441050118896 0.0253922270357 -0.000450665908239 0.00279012734736 0.0157903304482 0.0229948513322 0.0901989117355 0.0167478089872 0.0176442513766 0.0073930875193 0.0438426385063 0.0123438468011 0.0197184066795 -0.00110906286625 0.0252744642566 0.0185233792028 -0.0109361120915 0.00202141319008 0.0125936533864 0.0260003038702 0.00269660150036 0.0297697762915 0.0428755570511 0.0238609977458 0.00423445477866 0.040495431792 0.451433319078 0.0298529910811 0.0516913148891 0.0186891633573 0.0860171219377 0.0097321060954 0.00864182449248 0.00021103078589 0.0153708919809 0.00520066772427 0.0140252297347 
0.0016503862786 -0.0350204105336 0.00448568444465 0.0858264018007 -0.0120872697471 0.0479335648154 0.00332588229789 0.00475475266819 0.0102021878316 0.0130789193903 0.0327004017409 0.00809369293674 -0.0340924113453 0.0144496237322 -0.00818108696746 0.0149728809713 0.0136804669669 0.0102518695416 -0.0129995250598 0.0370280992872 0.0192049941321 -0.00814255739533 0.0799471524324 -0.0040446233152 -0.00644173635343 0.108157028161 -0.00969538613143 -0.00187401577923 -0.00282198781449 0.0298529910811 1.48322493514 0.0256822974033 -0.00226741611718 0.00887786007245 0.0168910689979 0.0207392775857 -0.017679719192 0.013161807721 0.00556303967993 -0.0208325679575 
0.0172095059388 0.0116817295565 0.0335818312827 0.023471272009 -0.0180208316306 0.0408949075185 0.00115004779394 0.0245075600594 -0.0270849346628 0.0701012543873 0.0197956769612 0.00827403145534 0.025177050929 0.026639300847 0.0148053702348 0.0335512098249 0.0222531491921 -0.00255391871157 -0.0161123858826 0.000404699349593 0.00913211471338 0.0468902888429 0.0909614019797 0.0497415171043 0.00295481336296 0.0302059018879 0.00961125742416 0.00831192043815 0.0365901147497 0.0516913148891 0.0256822974033 0.511228049327 0.0239997155306 0.0305186106621 0.0824789650031 0.0179187585088 -0.0166227904871 0.0162985583579 0.0243820112758 0.0477675979779 
0.0153000087879 0.0123119421006 0.0421874578145 0.0340453845202 0.00196516668587 0.00935594727242 0.0118322552538 -0.0230992252779 0.0287156414431 0.0284810897895 0.0203867206298 0.00960326246869 0.00281097283363 0.0107612023033 0.00729112070602 0.0301063788692 -0.0278335501042 0.0326914388959 0.0374257645202 0.0459834040256 0.0209394998105 0.0177509462123 0.0199679872446 0.0285797955182 -0.0063987812042 0.00707055026827 0.0282664550575 0.014722238113 0.0117124468297 0.0186891633573 -0.00226741611718 0.0239997155306 0.224945663621 0.0366768000191 0.00712611170006 0.0305054731964 0.0370811083158 0.0562157680719 0.0258311172566 0.0242060192063 
0.0133101480611 0.0162727302768 0.0259640883487 0.00549432665913 0.0182846041964 0.00366676846655 0.0134396087328 0.0166397382884 0.0397670802387 0.0749705455271 -0.0135756503831 0.0166164804302 0.00162320489254 0.0351278586277 0.0177116128292 0.0344914283624 -0.000961458333082 0.0393162334125 0.0189804454132 0.0549064147951 0.0193767104444 0.0195431482953 0.00620438967131 0.0113939835095 0.012250798344 0.0312259072378 0.0490815677614 -0.00917810258683 0.0410034121058 0.0860171219377 0.00887786007245 0.0305186106621 0.0366768000191 0.319485352474 0.0087822641557 0.0160859040298 0.00458405728325 0.0317136166986 0.0163260629971 0.0197847135047 
0.0125192596386 -0.00347330369276 0.0251367805432 0.0114236889502 0.0266518831132 0.000404902148253 0.0102640120032 -0.00445642400754 0.019880023191 0.0117048456944 0.00774346884073 0.0027428995874 -0.0203997708331 0.0359534875035 -0.0059815302001 -0.00870266440001 0.00300336896869 0.0182900975675 0.00145351823397 0.0178190306617 0.00784827135674 0.0744207586739 -0.0144196729678 0.0042347387814 0.00864958527504 0.00648178218652 0.00937208837265 0.00169045128157 -0.0102832040629 0.0097321060954 0.0168910689979 0.0824789650031 0.00712611170006 0.0087822641557 0.729169361902 0.024240576386 -0.0178577802398 0.0421825838656 -0.00173918263854 0.0202588058129 
0.0150638500722 0.00164832464422 0.0386953999529 0.0108447934329 0.01588130647 0.0253971875486 0.0414284320328 -0.000659290959038 0.0279464823528 0.0133289818646 0.0174635037195 0.0187855389844 -0.00849827575833 0.0390762220995 0.0128594531852 0.0164759203831 0.00358818500975 0.00967097411588 0.0110447302107 0.0352752543364 0.0433235742798 0.0142230217854 0.0291457361401 0.0321354954622 -0.00837563024435 0.00916509173761 0.0207441889075 0.0250958042763 0.0169594962622 0.00864182449248 0.0207392775857 0.0179187585088 0.0305054731964 0.0160859040298 0.024240576386 0.131732213457 0.00677578245978 0.0293725111336 0.00587714574173 0.0196295716878 
0.0144690190858 0.0390615778634 0.0395786834884 -0.00582638003513 0.0123940932586 -0.00595940763412 0.000183455825962 0.0423706345555 -0.0106582976997 -0.0281208675512 0.00862778626983 0.0165306022058 -0.0260041441789 -0.00506220968714 -0.0127229528486 0.00375342258584 0.0683185666111 -0.00682479028693 0.0142031139427 0.0181605767276 0.00608426490747 0.0303192736515 0.0105191626072 0.00490419088153 0.0233060796823 0.0536158469462 -0.0149838398198 0.0140241909548 0.0145396161078 0.00021103078589 -0.017679719192 -0.0166227904871 0.0370811083158 0.00458405728325 -0.0178577802398 0.00677578245978 0.44679945377 0.0108713316696 0.0252339939294 0.0442916809068 
0.015375757745 0.0243345034192 0.0303073309997 0.0254211707483 0.0322986729565 0.0136354139317 0.0322653822557 0.0204491866119 0.0213964609813 0.0225389393612 0.0190108739171 0.0198719924252 0.00386079991458 0.0314200990174 0.00213321003994 0.0190519638506 0.0339312251242 0.0489256376178 0.0233308108145 0.0411083011152 0.0500362358038 0.0133634958403 0.00242617731151 0.0158225246267 0.0184513174096 0.00812800932462 0.0197766437664 0.0162933711871 0.00993351884211 0.0153708919809 0.013161807721 0.0162985583579 0.0562157680719 0.0317136166986 0.0421825838656 0.0293725111336 0.0108713316696 0.226940651275 0.0252788900309 0.0113821171641 
0.00938623575965 -0.00437059510729 0.019680284043 -0.00689900601314 -0.000647619402609 -0.00445646380559 0.0189000059825 -0.00690283269904 0.0179274389698 0.0120309859758 0.0166980698637 -0.00159048845265 0.00334098192855 0.0191831786277 0.0143018572231 -0.00171598005862 -0.00520279755618 0.00930897824538 -0.00120498891886 0.0205404831908 0.000250348380727 0.00618406530219 0.0224100267474 0.0121074566792 0.0100456774581 0.0252378329221 0.00315289789156 0.0152726988779 -0.00884352561261 0.00520066772427 0.00556303967993 0.0243820112758 0.0258311172566 0.0163260629971 -0.00173918263854 0.00587714574173 0.0252339939294 0.0252788900309 0.291514364352 0.00760868504949 
0.00713836967895 -0.00474310968742 0.0276373798038 -0.000410440079042 0.019209824184 0.0237783693486 0.0121575745581 0.00998262208452 0.0236633800576 0.0180580633611 -0.00683828750578 0.0170879739484 -0.0275787417393 0.00614436319644 0.00358266460641 0.0175705167457 -0.016180024389 0.0138704944667 0.0138167111406 0.0246258289373 0.0221097527703 0.0562599297595 0.0184751317727 0.0265694412436 0.0129595900091 0.0124783955307 0.0224127753857 -0.00944806703718 -0.0348045258225 0.0140252297347 -0.0208325679575 0.0477675979779 0.0242060192063 0.0197847135047 0.0202588058129 0.0196295716878 0.0442916809068 0.0113821171641 0.00760868504949 0.275353151556 
0.0119504070656 -0.000273797915725 0.00177664877843 5.84495571e-05 -0.00027255587616 0.000175090690389 0.0021643124142 0.00196354152282 0.000797618030757 0.00265471318447 0.00159491859021 0.00020331418108 -0.000582650634301 0.00198155873678 5.70598775089e-05 0.000612333710679 0.00247580131452 0.000771694241214 0.000222059696105 0.00195837076388 0.000949136682413 0.00121041085547 0.00238588699769 0.000695284465753 -0.000984934147365 0.00347956725049 -7.54847481376e-05 0.00196824507739 0.00159717231642 0.00207731333635 0.000142927644332 0.00149038693296 0.00132501962884 0.00115269263491 0.00108419968836 0.00130456768413 0.00125305380962 0.00133157968096 0.000812871861376 0.000618200948358 
-0.000273797915725 0.0305081900722 0.000685759953623 -0.00129913068803 0.0014933043224 0.000638326441648 0.000209934103566 0.00156995908808 0.00266879046963 -1.88737017307e-05 0.00127941659553 -0.000510720831373 0.000796219510406 -0.00216439247232 -0.000197970191114 0.00176814255391 0.00328544915213 -0.000973368135685 0.00289292015562 0.00285123862678 -0.00141108370593 0.00196843224108 0.0035112211019 -0.000553141405422 0.00225067760885 0.00089028428727 -0.00050245773466 -0.000287219187445 -9.1413627727e-05 9.83594403778e-05 -0.0030328565173 0.00101166745561 0.00106624546291 0.00140925978087 -0.000300796923299 0.000142749101557 0.00338283187416 0.00210742981495 -0.000378504639256 -0.000410765348224 
0.00177664877843 0.000685759953623 0.0135255065754 0.000657330005182 0.000363705489969 0.00147996401604 0.00258236947385 0.000311862284251 0.00197792037409 0.00311111074041 0.00155993951214 0.000858236759707 -0.00106086901692 0.00299217245101 0.00128084261513 0.000522223333947 0.000171566828484 0.000138214721805 0.00102631263412 0.00290359465494 0.00359061285682 0.000192732708011 0.00329340040331 0.00190498761644 0.000560791295186 0.000895512441032 -0.000186307019663 0.00180567740786 4.04202658548e-05 0.000756171762216 0.000388471668243 0.00290827189965 0.00365354101884 0.00224855600961 0.00217690905198 0.00335111993688 0.00342761453493 0.00262469185666 0.0017043625935 0.00239346730041 
5.84495571e-05 -0.00129913068803 0.000657330005182 0.0192906614507 0.00293833294586 0.00236693538635 -0.000134449624221 -0.000949087256235 -0.00111293646769 -0.000519893817373 -0.000346723518363 -0.000293190182287 -0.000148889069709 0.00113039795337 0.000571655026095 0.00225104009393 0.00279131623651 0.0028750992579 -0.0004291264236 0.00228817861342 0.000989383879136 0.00206801378374 0.00274301298983 0.000641726008236 0.00200893486776 0.00239230693886 0.00306025354004 0.000366102436838 -0.000322202362802 0.000381960607306 0.00743278442748 0.00203267178189 0.00294841678761 0.00047582264635 0.000989320483577 0.000939186661166 -0.000504579312252 0.0022015379662 -0.000597471446824 -3.55451535182e-05 
-0.00027255587616 0.0014933043224 0.000363705489969 0.00293833294586 0.0252795209409 -0.000827914243259 0.000164930450442 0.00119591077049 0.00115253037582 0.00400250674902 0.00144917815474 0.00432492809351 -0.00332888081016 0.000703604484933 -0.00102225132353 0.0034009639686 -0.000773085126244 0.00506456753743 0.000802012234842 0.00393587014156 0.00208286204822 0.000863298111679 0.00290048040314 0.00118041731128 0.00319094010329 -0.000181071016674 -0.000911526246271 0.00075929683893 0.000764152084909 0.00219903136716 -0.00104678826634 -0.00156064979894 0.000170188427263 0.00158349317322 0.00230812078348 0.00137536148483 0.00107335996188 0.00279714712888 -5.60854854643e-05 0.00166361957456 
0.000175090690389 0.000638326441648 0.00147996401604 0.00236693538635 -0.000827914243259 0.0157469106199 0.00331980759352 -9.80797255179e-05 0.00169432023239 0.00173853879183 -0.000167231760378 3.85822091345e-05 0.00395389530562 0.00102840156612 0.000640996355796 0.00147514487394 0.000551037581821 7.1327141057e-06 0.00120919793971 0.000507140099448 0.00166999145018 0.00262485980442 0.00237711986863 0.00271455668704 -0.000163123868623 0.000317443484911 0.00266875731116 0.000763518821953 0.00324666797149 -3.90288125155e-05 0.00415116848241 0.00354160287965 0.000810248801438 0.000317551464183 3.50655546434e-05 0.00219946096018 -0.000516099840266 0.0011808614856 -0.000385941086669 0.00205926719165 
0.0021643124142 0.000209934103566 0.00258236947385 -0.000134449624221 0.000164930450442 0.00331980759352 0.0167485073661 -0.000762837549183 0.000735606047168 0.00155496840515 0.0011258030079 0.000690365973656 0.0007702448041 0.000891312611369 0.000369112058079 0.00156019435618 -0.000612466686338 0.00181356888488 0.00117986469288 0.00189327951988 0.00509074458364 5.82530898013e-05 0.00335602939012 0.00231402115377 0.000942284251175 0.00170390238622 0.0011000511586 0.00144859432403 0.00214901981548 0.000241632116261 0.000288029855997 9.95970605118e-05 0.00102470336339 0.00116390425796 0.000888889513956 0.00358780745793 1.58877405756e-05 0.00279426406963 0.00163678853125 0.00105287684157 
0.00196354152282 0.00156995908808 0.000311862284251 -0.000949087256235 0.00119591077049 -9.80797255179e-05 -0.000762837549183 0.0402379804801 0.00184150567047 0.000918995394508 0.00228659964199 0.00074565066632 0.000273568514029 0.00223891930204 9.8871391734e-06 0.00235594971814 0.00461677904686 0.000396282949308 -0.000818617761328 0.000691990772337 0.000857110738082 0.00795972372253 0.0069862028007 0.00238622440987 7.07195607399e-05 0.00495343085146 -7.32576538941e-05 0.00152803194952 -0.00209667338504 0.00136748273023 0.000411773659936 0.00212241695962 -0.00200045158984 0.00144104360701 -0.000385937640056 -5.70962719013e-05 0.00366940458995 0.00177095150926 -0.000597802847544 0.000864520432158 
0.000797618030757 0.00266879046963 0.00197792037409 -0.00111293646769 0.00115253037582 0.00169432023239 0.000735606047168 0.00184150567047 0.06935089196 0.00294254688414 0.000699049624826 0.00141384634782 0.000633694498431 -6.94968979425e-05 0.00676741119633 0.00250886240913 -0.000605614567641 0.00013908833467 0.00132686850646 0.00307517084752 0.00131238289467 0.000181922191524 0.000974304188121 -0.000493183355813 0.000343698552377 0.00731860914704 0.00203819825071 0.00102250579291 0.00149435627363 0.00199141254099 0.000883535383636 -0.00234562414778 0.00248684749757 0.0034439301721 0.00172166051112 0.00242023636639 -0.0009230356569 0.00185298787609 0.00155256175726 0.00204930882693 
0.00265471318447 -1.88737017308e-05 0.00311111074041 -0.000519893817373 0.00400250674902 0.00173853879183 0.00155496840515 0.000918995394508 0.00294254688413 0.0224197982634 0.00228247357662 0.00119362637105 0.000185223439196 0.00477516116716 0.00113760937819 0.00175556695114 -0.000587941388821 0.00297462943329 0.00190124430899 0.00308153248101 0.00282411707273 0.00113618575469 0.00144491585613 0.000334357188125 -0.00102404771707 0.00371728772805 0.00431746875071 0.000748955353625 0.00286331744821 0.00781145489567 0.00113266764461 0.00607094671366 0.00246653472852 0.0064926396962 0.00101366937187 0.00115432369013 -0.00243533856758 0.00195192940612 0.00104191394876 0.00156387416139 
0.00159491859021 0.00127941659553 0.00155993951214 -0.000346723518363 0.00144917815474 -0.000167231760378 0.0011258030079 0.00228659964199 0.000699049624826 0.00228247357662 0.0189601918031 0.00096338681903 -0.000117565445301 0.00284834695134 0.000440362046746 0.00268033847191 0.0040843644682 -0.00114764568452 0.000767879356716 0.000889517847851 6.95669194068e-05 0.000880553415934 0.00135546566821 0.000346313474571 -3.89664565779e-05 0.00201208917163 0.00126836792321 0.00100334264458 0.0045659193196 0.00145040280406 0.00283193786216 0.00171435591335 0.00176554179653 -0.00117568581047 0.000670604072949 0.00151238378602 0.00074718820881 0.00164638997603 0.00144609526962 -0.000592213069839 
0.00020331418108 -0.000510720831373 0.000858236759707 -0.000293190182287 0.00432492809351 3.85822091346e-05 0.000690365973656 0.00074565066632 0.00141384634782 0.00119362637105 0.00096338681903 0.0156039966205 0.000793583354721 -0.000613662396332 0.000339210617858 -9.85010784567e-05 0.00200271287 0.00327275870063 0.00121980957047 -0.000208097455456 0.00205431543867 0.00104882589816 -0.000898388760272 0.00119198431263 0.00127508448958 0.00140578421629 0.000591596280071 -0.000241316514103 0.000321621116902 0.00152803699229 0.000700934369365 0.000716552143204 0.00083166692571 0.0014390294174 0.000237542072272 0.00162687539843 0.00143159214501 0.00172096502641 -0.000137740340442 0.00147986195385 
-0.000582650634301 0.000796219510406 -0.00106086901692 -0.000148889069709 -0.00332888081016 0.00395389530562 0.0007702448041 0.000273568514029 0.000633694498431 0.000185223439196 -0.000117565445301 0.000793583354721 0.0592200547674 0.00177332597454 -0.00257051955612 9.78600296678e-05 0.00175528049876 -0.00275200524754 0.00030805417743 -0.00278339076944 0.000472678051345 0.00248921154328 0.000911605228673 -0.000559691544075 -0.000828299284272 -0.00229969421805 0.00101765103705 0.00138254132311 0.00045628578278 0.000640260160411 -0.00295248943013 0.00218039656969 0.000243437388327 0.000140573667248 -0.00176667197728 -0.000735972269508 -0.00225202494626 0.000334355080496 0.000289337522371 -0.00238838909507 
0.00198155873678 -0.00216439247232 0.00299217245101 0.00113039795337 0.000703604484933 0.00102840156612 0.000891312611369 0.00223891930204 -6.94968979425e-05 0.00477516116716 0.00284834695134 -0.000613662396332 0.00177332597454 0.0419694940067 0.00324197979451 0.0010017114156 0.00528555770612 0.00246349522536 0.00127661775495 0.000925896495078 0.00186927042295 -0.000927550781502 0.00374451563989 7.74747395947e-05 0.00162036824361 0.00233181683695 0.000228441698913 0.000315384440966 0.00147518901001 0.00379688387154 0.00125137412272 0.00230703112726 0.000931947456996 0.00304216179521 0.00311366335327 0.00338410010221 -0.000438400218835 0.00272106039385 0.0016613120017 0.000532117461819 
5.70598775089e-05 -0.000197970191114 0.00128084261513 0.000571655026095 -0.00102225132353 0.000640996355796 0.000369112058079 9.88713917341e-06 0.00676741119633 0.00113760937819 0.000440362046746 0.000339210617858 -0.00257051955612 0.00324197979451 0.0112478214767 0.000533305890308 -0.000618649247645 0.00100972227536 0.000202212726643 -0.00120728139386 5.99740509825e-05 0.0012302672972 0.000981464291563 0.00209367516561 -0.000802526219364 0.000259268121254 0.000794491361376 0.000565871297169 0.00364882397691 0.00106900849102 -0.000708502914439 0.00128218267358 0.000631429575347 0.00153387066521 -0.000518015710679 0.00111366131371 -0.0011018400378 0.00018474140862 0.00123857716765 0.000310267856239 
0.000612333710679 0.00176814255391 0.000522223333947 0.00225104009393 0.0034009639686 0.00147514487394 0.00156019435618 0.00235594971814 0.00250886240913 0.00175556695114 0.00268033847191 -9.85010784567e-05 9.78600296678e-05 0.0010017114156 0.000533305890308 0.031858656327 0.00274160153031 0.00258561101164 0.00208626991403 0.00273805623354 0.00198430392835 0.00138765884627 0.00124427629692 0.00219916541304 0.000637624346266 -0.000376017401612 0.00128763672822 0.00146311252456 0.000118020187391 0.00170766411066 0.0012966895289 0.00290562000361 0.00260728889167 0.00298704531746 -0.000753672845102 0.00142685656025 0.000325055931047 0.00164994846866 -0.000148608232316 0.00152165138594 
0.00247580131452 0.00328544915213 0.000171566828484 0.00279131623651 -0.000773085126244 0.000551037581821 -0.000612466686338 0.00461677904686 -0.000605614567641 -0.000587941388821 0.0040843644682 0.00200271287 0.00175528049876 0.00528555770612 -0.000618649247645 0.00274160153031 0.108828676113 -8.01009471568e-05 0.00103840494682 0.000636564297945 -0.00133285266322 0.00251784750986 0.00225490040385 0.00344614177153 -0.000527460808044 0.00145759626391 0.00013633302507 0.000874451980009 0.000682726233664 -9.60476616565e-05 0.00118476319289 0.00192717925146 -0.00241045614678 -8.32647341129e-05 0.000260099382382 0.000310745937192 0.00591656142353 0.00293853029391 -0.00045057548544 -0.00140123121547 
0.000771694241214 -0.000973368135685 0.000138214721805 0.0028750992579 0.00506456753743 7.13271410573e-06 0.00181356888488 0.000396282949308 0.00013908833467 0.00297462943329 -0.00114764568452 0.00327275870063 -0.00275200524754 0.00246349522536 0.00100972227536 0.00258561101164 -8.01009471568e-05 0.020716796313 0.0022772003068 0.0037516425657 0.00405622483365 0.00132032061099 -0.000965058595333 0.000899410227406 0.00228243361262 -2.25066652587e-05 0.00104235075452 0.0013999832849 0.00111136443319 0.00218883281133 0.000887837945933 -0.000221175848342 0.00283116165701 0.00340488569164 0.00158396891311 0.00083753092637 -0.000591044176398 0.00423708450734 0.000806181164378 0.00120122005712 
