30
0.0521298167044 0.12260521459 0.0716337087719 0.0114549593271 0.0598638009539 0.0166595463284 0.138189015222 0.00640420781163 0.0594362545722 0.035272852014 0.0316717201181 0.0132966740539 0.0463620133958 0.00753480783794 0.00154943769328 0.0449819155318 0.088181568025 0.155431064381 0.0658076634161 0.161692830297 0.00477989818121 0.0444205393046 0.0807794462486 0.0328562524986 0.0571643700905 0.0135435889675 0.09797045465 0.101218808556 0.0917148498368 0.0609589558998 
0.157310377582 0.0215435181606 0.00316855497569 0.0300753628823 0.0311272174329 0.00955682673664 0.0195496856981 0.00674121349449 0.0136307025035 0.00778771850659 0.0232563636742 0.0205246931573 0.015340567902 0.0158725664355 0.00838548545268 0.0481913734488 0.0129110145173 0.00708421995903 0.0074430831586 0.0325474678902 0.0126647476392 0.0332520720562 -0.019864485735 0.0110841728303 0.0326760691094 0.0198591972957 0.0130591656972 0.0301235672601 0.0324203115353 0.00877843950378 
0.0215435181606 0.207182146829 0.0260298515085 0.0283084451524 0.0198350978056 0.0436266156351 0.0574728501904 0.0309452414522 0.0288259868134 0.0102703681153 0.0361179613366 0.0218970423223 0.019138048536 0.0191043460714 0.0157355010041 0.0215545666167 0.0114481696891 0.0204686605296 0.0330682417495 0.0169779129993 0.0194152938222 0.00864235672876 0.0151702088821 0.0253417589347 0.0431735124068 0.0160865389022 0.0558612974089 0.0278350020966 0.0364392297501 0.0346513592155 
0.00316855497569 0.0260298515085 0.187060769476 0.0141767297922 0.0149346995988 0.0147309294831 0.00907945476591 0.0259921291452 0.00450876867272 0.0167484853631 0.0118914409012 0.00140676048656 0.0156693707456 0.0207719256539 0.00840575118155 0.0216189325108 0.0117200197086 0.0204313445497 -0.00341254146859 0.00602844018467 0.00106899879202 0.00631171008363 0.000592841628794 -0.00201584366535 0.00768161763455 0.00332147980721 0.0138034599048 0.0252906836396 0.0219446344829 0.00953801623792 
0.0300753628823 0.0283084451524 0.0141767297922 0.168503977212 0.0292353570289 0.0100941806884 0.0114482555875 0.0150086513203 0.0202840964225 0.0128804226571 0.00239491008599 0.0193755689475 0.0104879148298 0.0149679139965 0.0180032592784 0.038608062812 0.0134106507121 0.00637450299334 0.0109665480203 0.00925376774729 0.00925879253269 0.0213847771302 0.0151084065979 -0.0081642878753 0.0236181233727 0.0461354524951 0.00435154513232 0.00780388305126 0.0302459352309 0.0234813524311 
0.0311272174329 0.0198350978056 0.0149346995988 0.0292353570289 0.189623363618 0.0428660741713 0.0230219854192 0.0474975693639 0.0356499815134 0.0134513393491 0.038582686624 0.0082298291192 0.0210650563194 0.0248508936632 0.0106094068638 0.0389481630314 0.0245636257103 0.0378217451939 0.0158527740418 0.0266781859944 0.032916578249 0.0349681725166 0.0156047881587 0.0218752375764 0.0278580088313 0.0268777518622 0.00371275535382 0.0225275411943 0.0830143284155 0.0108787270445 
0.00955682673664 0.0436266156351 0.0147309294831 0.0100941806884 0.0428660741713 0.21548269475 0.0289446487789 0.0244168691887 0.0254305714448 0.0179526569123 0.0118767693011 0.00615656207899 0.0278168792862 0.0103266628218 0.00158163734193 0.014076781629 0.0149776830743 0.0113438422012 0.0124530318964 0.0112461891873 0.0255798019182 0.0126454279908 0.00437961926782 0.0153897056936 0.0367435422165 0.0349416058771 0.0444450595742 0.012847305865 0.0128627688991 0.0117598570932 
0.0195496856981 0.0574728501904 0.00907945476591 0.0114482555875 0.0230219854192 0.0289446487789 0.292842273005 0.0329398717426 0.0410208377309 0.0285661145906 0.0150860432881 0.0460830211906 0.0204638333912 0.0276018398686 -0.00042322845525 0.0157338010071 0.0296514564633 0.0527073727225 0.0116731772781 0.0301756182061 0.00741455219182 0.0434204459289 -0.0250372940159 0.0284470747147 0.028592516206 0.00902555595405 0.104268631621 0.0269747154504 0.0269317568709 0.0644475501349 
0.00674121349449 0.0309452414522 0.0259921291452 0.0150086513203 0.0474975693639 0.0244168691887 0.0329398717426 0.196037677489 0.0219329926102 -0.00749341984539 0.0232396634926 0.0011623873699 0.0185199681759 0.0293515107011 0.00595117014259 0.0167888790452 0.0224121179419 0.0117784821412 0.00554641237877 0.0420820680812 0.00804868634679 0.0215011197377 0.00624326431125 0.0248023864386 0.0215458947847 0.0175908735588 -0.00991773999376 0.0115898391997 0.0305852185508 0.0232435687672 
0.0136307025035 0.0288259868134 0.00450876867272 0.0202840964225 0.0356499815134 0.0254305714448 0.0410208377309 0.0219329926102 0.276574677986 0.0191722108831 0.0243685834229 0.0634789039707 0.00833944654279 0.0245840239651 0.0145730338782 0.00900493271751 0.0230962584277 0.00255997316746 -0.00211056356305 0.0491359418173 0.0237002219247 0.0202395160645 0.0279504537341 0.0489434462471 0.0192209600355 0.0268302621634 -0.0205815440686 0.0434513529583 0.04005570366 0.0299697973856 
0.00778771850659 0.0102703681153 0.0167484853631 0.0128804226571 0.0134513393491 0.0179526569123 0.0285661145906 -0.00749341984539 0.0191722108831 0.271380854635 0.00701379189099 0.0042467531671 0.00509739755666 0.0167078411048 0.0295917044071 0.0209098632385 0.0260821572325 0.0217914398562 0.00482093007404 0.0077953412432 0.0203107623281 0.0203287753857 0.0436627493156 -0.00089879765306 0.0126732028525 0.015387043781 0.0437165352241 0.0349341857295 0.0239870007368 -0.00329884061628 
0.0232563636742 0.0361179613366 0.0118914409012 0.00239491008599 0.038582686624 0.0118767693011 0.0150860432881 0.0232396634926 0.0243685834229 0.00701379189099 0.287875981746 -0.0067533395427 0.00699449738559 0.02126195902 0.0230742335376 0.0157277966566 0.0201835046302 -0.000458257865716 -0.0158506377539 0.00112521669909 0.0151891247999 0.0130356114226 -0.00654291160504 0.0282449007289 0.034146789958 0.0124325570456 -0.00719606080329 0.00809293414439 0.0261061984461 0.0155035797842 
0.0205246931573 0.0218970423223 0.00140676048656 0.0193755689475 0.0082298291192 0.00615656207899 0.0460830211906 0.0011623873699 0.0634789039707 0.0042467531671 -0.0067533395427 0.277228829971 0.015793171862 0.0975562197322 0.0102653714842 0.0103376447058 0.0198562650271 0.0117068999799 0.0103551552278 -0.00238759651726 0.00511598734968 0.00126624155524 0.0100194066844 0.0635744606552 0.00290460536335 0.0144927663072 -0.00104469593344 0.0267552700928 0.00810022424138 0.00857446385278 
0.015340567902 0.019138048536 0.0156693707456 0.0104879148298 0.0210650563194 0.0278168792862 0.0204638333912 0.0185199681759 0.00833944654279 0.00509739755666 0.00699449738559 0.015793171862 0.403208908542 0.0180550455025 0.0218343378621 -0.00456526502229 0.0111639292949 0.0537696352874 0.0102476790699 0.00490592925639 0.0123148759502 0.00762871151253 0.0088493225857 0.0249348954815 0.0211070460131 0.0016326414534 0.0104564674858 0.0273257887209 0.00595423914049 -0.0119730319151 
0.0158725664355 0.0191043460714 0.0207719256539 0.0149679139965 0.0248508936632 0.0103266628218 0.0276018398686 0.0293515107011 0.0245840239651 0.0167078411048 0.02126195902 0.0975562197322 0.0180550455025 0.290455503076 0.0259055283395 0.012792015795 0.058716502344 0.00366376694036 0.00326857978662 -0.00328624683123 0.0129427287723 0.0167844521584 0.0146194936376 0.0461462852234 0.0188331268788 -0.00526348611918 -0.00330926379948 -0.00964620382816 0.000425177403857 0.0158653730427 
0.00838548545268 0.0157355010041 0.00840575118155 0.0180032592784 0.0106094068638 0.00158163734193 -0.00042322845525 0.00595117014259 0.0145730338782 0.0295917044071 0.0230742335376 0.0102653714842 0.0218343378621 0.0259055283395 0.293811059074 0.014707261626 0.00051599292017 0.000996644003833 0.01092411584 0.0140371152905 0.0212651860945 0.0345414491555 0.00880399155943 0.0124593545767 -0.00327755870939 0.00301487658808 0.00670083890249 0.000611393175292 0.0257534762836 0.0339302035297 
0.0481913734488 0.0215545666167 0.0216189325108 0.038608062812 0.0389481630314 0.014076781629 0.0157338010071 0.0167888790452 0.00900493271751 0.0209098632385 0.0157277966566 0.0103376447058 -0.00456526502229 0.012792015795 0.014707261626 0.222281123691 0.0258401669513 0.0232170832014 0.0156340148159 0.0624578217691 0.0117084856019 0.0223832786603 -0.0012970543192 0.00979740774366 0.0402916907019 0.016120445483 0.0155331106584 0.0215523869491 0.0390196333768 0.0192659342476 
0.0129110145173 0.0114481696891 0.0117200197086 0.0134106507121 0.0245636257103 0.0149776830743 0.0296514564633 0.0224121179419 0.0230962584277 0.0260821572325 0.0201835046302 0.0198562650271 0.0111639292949 0.058716502344 0.00051599292017 0.0258401669513 0.377767276881 0.0261379057531 -0.00567171968238 0.00603726858164 0.0116800676945 0.00776389824139 0.024772918106 0.00663925204012 0.022512436601 0.0235768175202 0.0776567459056 0.0133115868751 0.0266603050637 0.0261152738146 
0.00708421995903 0.0204686605296 0.0204313445497 0.00637450299334 0.0378217451939 0.0113438422012 0.0527073727225 0.0117784821412 0.00255997316746 0.0217914398562 -0.000458257865716 0.0117068999799 0.0537696352874 0.00366376694036 0.000996644003833 0.0232170832014 0.0261379057531 0.705285465415 -0.000415527117765 -0.0211853752105 -0.00562325833236 0.0144616355787 0.0697011184662 0.0256496165324 0.0134973032165 0.0185956675816 0.00363959763116 -0.00241761121402 0.0305731208426 0.0569110131204 
0.0074430831586 0.0330682417495 -0.00341254146859 0.0109665480203 0.0158527740418 0.0124530318964 0.0116731772781 0.00554641237877 -0.00211056356305 0.00482093007404 -0.0158506377539 0.0103551552278 0.0102476790699 0.00326857978662 0.01092411584 0.0156340148159 -0.00567171968238 -0.000415527117765 0.258518193808 0.0212173363481 0.0196401543797 0.0303716163738 0.0161020277773 0.00157994402617 0.0100142316503 0.00519284149954 0.0120896306834 0.0377771520934 0.00737259928332 0.0178233824301 
0.0325474678902 0.0169779129993 0.00602844018467 0.00925376774729 0.0266781859944 0.0112461891873 0.0301756182061 0.0420820680812 0.0491359418173 0.0077953412432 0.00112521669909 -0.00238759651726 0.00490592925639 -0.00328624683123 0.0140371152905 0.0624578217691 0.00603726858164 -0.0211853752105 0.0212173363481 0.896855703212 -0.000805996742523 0.00877947695298 0.0116863741967 0.00270433040769 0.0116315509323 -0.0193912958663 -0.0259695588862 0.00440902230562 0.0377047247065 -0.0208915941604 
0.0126647476392 0.0194152938222 0.00106899879202 0.00925879253269 0.032916578249 0.0255798019182 0.00741455219182 0.00804868634679 0.0237002219247 0.0203107623281 0.0151891247999 0.00511598734968 0.0123148759502 0.0129427287723 0.0212651860945 0.0117084856019 0.0116800676945 -0.00562325833236 0.0196401543797 -0.000805996742523 0.170961557211 0.028024741834 -0.00121966935861 0.00950433120115 0.0186896052134 0.0131226524009 -0.0124174546008 0.0224414032182 0.0210641744719 0.0317744056108 
0.0332520720561 0.00864235672876 0.00631171008363 0.0213847771302 0.0349681725166 0.0126454279908 0.0434204459289 0.0215011197377 0.0202395160645 0.0203287753857 0.0130356114226 0.00126624155524 0.00762871151253 0.0167844521584 0.0345414491555 0.0223832786603 0.00776389824139 0.0144616355787 0.0303716163738 0.00877947695298 0.028024741834 0.174226351069 0.0166389353708 0.0180934406901 0.0256978545048 0.0154451433161 -0.00784986533797 0.00461198636254 0.0239775488707 0.0163133197403 
-0.019864485735 0.0151702088821 0.000592841628795 0.0151084065979 0.0156047881587 0.00437961926782 -0.0250372940159 0.00624326431125 0.0279504537341 0.0436627493156 -0.00654291160504 0.0100194066844 0.0088493225857 0.0146194936376 0.00880399155943 -0.0012970543192 0.024772918106 0.0697011184662 0.0161020277773 0.0116863741967 -0.00121966935861 0.0166389353708 0.497595696649 0.0133514459376 0.0393321592803 0.0163607123588 0.0136619877825 0.0100690609862 0.000845502265148 0.00939922097684 
0.0110841728303 0.0253417589347 -0.00201584366535 -0.0081642878753 0.0218752375764 0.0153897056936 0.0284470747147 0.0248023864386 0.0489434462471 -0.000898797653061 0.0282449007289 0.0635744606552 0.0249348954815 0.0461462852234 0.0124593545767 0.00979740774366 0.00663925204012 0.0256496165324 0.00157994402617 0.00270433040769 0.00950433120115 0.0180934406901 0.0133514459376 0.326327897352 0.017560404718 0.0155432848254 -0.0129358425751 0.017026651003 0.015666919059 0.00389918073259 
0.0326760691094 0.0431735124068 0.00768161763454 0.0236181233727 0.0278580088313 0.0367435422165 0.028592516206 0.0215458947847 0.0192209600355 0.0126732028525 0.034146789958 0.00290460536335 0.0211070460131 0.0188331268788 -0.00327755870939 0.0402916907019 0.022512436601 0.0134973032165 0.0100142316503 0.0116315509323 0.0186896052134 0.0256978545048 0.0393321592803 0.017560404718 0.199988427785 0.0150726956773 0.0478817606116 0.0513987124927 0.0126533477282 0.0231874678942 
0.0198591972957 0.0160865389022 0.00332147980721 0.0461354524951 0.0268777518622 0.0349416058771 0.00902555595405 0.0175908735588 0.0268302621634 0.015387043781 0.0124325570456 0.0144927663072 0.0016326414534 -0.00526348611918 0.00301487658808 0.016120445483 0.0235768175202 0.0185956675816 0.00519284149954 -0.0193912958663 0.0131226524009 0.0154451433161 0.0163607123588 0.0155432848254 0.0150726956773 0.253882802616 0.0235994604921 0.0362676227337 0.0172521623705 0.0224521859222 
0.0130591656972 0.0558612974089 0.0138034599048 0.00435154513232 0.00371275535382 0.0444450595742 0.104268631621 -0.00991773999376 -0.0205815440686 0.0437165352241 -0.00719606080329 -0.00104469593344 0.0104564674858 -0.00330926379948 0.00670083890249 0.0155331106584 0.0776567459056 0.00363959763116 0.0120896306834 -0.0259695588862 -0.0124174546008 -0.00784986533797 0.0136619877825 -0.0129358425751 0.0478817606116 0.0235994604921 0.955617927389 0.0254995516294 0.00607703595966 0.021532260671 
0.0301235672601 0.0278350020966 0.0252906836396 0.00780388305126 0.0225275411943 0.012847305865 0.0269747154504 0.0115898391997 0.0434513529583 0.0349341857295 0.00809293414439 0.0267552700928 0.0273257887209 -0.00964620382816 0.000611393175292 0.0215523869491 0.0133115868751 -0.00241761121402 0.0377771520934 0.00440902230562 0.0224414032182 0.00461198636254 0.0100690609862 0.017026651003 0.0513987124927 0.0362676227337 0.0254995516294 0.329940893881 0.038210004642 0.103735323114 
0.0324203115353 0.0364392297501 0.0219446344829 0.0302459352309 0.0830143284155 0.0128627688991 0.0269317568709 0.0305852185508 0.04005570366 0.0239870007368 0.0261061984461 0.00810022424137 0.00595423914049 0.000425177403857 0.0257534762836 0.0390196333768 0.0266603050637 0.0305731208426 0.00737259928332 0.0377047247065 0.0210641744719 0.0239775488707 0.000845502265148 0.015666919059 0.0126533477282 0.0172521623705 0.00607703595966 0.038210004642 0.179226100874 0.0151849829119 
0.00877843950378 0.0346513592155 0.00953801623792 0.0234813524311 0.0108787270445 0.0117598570932 0.0644475501349 0.0232435687672 0.0299697973856 -0.00329884061628 0.0155035797842 0.00857446385278 -0.0119730319151 0.0158653730427 0.0339302035297 0.0192659342476 0.0261152738146 0.0569110131204 0.0178233824301 -0.0208915941604 0.0317744056108 0.0163133197403 0.00939922097684 0.00389918073259 0.0231874678942 0.0224521859222 0.021532260671 0.103735323114 0.0151849829119 0.433699247935 
0.0136234783265 0.00186572340139 0.000274404910224 0.00260460282841 0.0026956961046 0.000827645473349 0.00169305244506 0.000583806213856 0.00118045346394 0.000674436206423 0.00201406017415 0.00177749056791 0.00132853215117 0.00137460457564 0.000726204342509 0.00417349536499 0.00111812665606 0.000613511445052 0.000644589909782 0.00281869340218 0.00109679931881 0.00287971391291 -0.00172031492796 0.000959917525102 0.00282983059446 0.00171985693569 0.0011309569246 0.00260877744998 0.00280768133881 0.000760235161586 
0.00186572340139 0.0179425002364 0.00225425126631 0.00245158326436 0.00171776985862 0.00377817574211 0.00497729482928 0.00267993652239 0.00249640368696 0.000889439969407 0.00312790720504 0.00189633949189 0.00165740362111 0.00165448490205 0.00136273436108 0.00186668022576 0.00099144057776 0.00177263800001 0.00286379374136 0.00147033039607 0.0016814137672 0.000748450047567 0.00131377862726 0.0021946607014 0.00373893585149 0.00139313513483 0.00483773026444 0.00241058189301 0.00315572986579 0.00300089573563 
0.000274404910224 0.00225425126631 0.0161999378418 0.00122774081426 0.00129338292505 0.00127573591537 0.000786303847979 0.00225098441382 0.000390470821037 0.00145046137994 0.0010298289908 0.00012182903184 0.0013570073127 0.00179890153018 0.000727959406111 0.00187225447571 0.00101498348005 0.00176940634135 -0.000295534760327 0.000522078234512 9.25780110502e-05 0.000546610127374 5.13415910957e-05 -0.000174577182425 0.000665247601367 0.00028764858912 0.00119541469376 0.0021902374511 0.00190046109389 0.000826016436375 
0.00260460282841 0.00245158326436 0.00122774081426 0.0145928724904 0.00253185618757 0.000874181690656 0.000991448016775 0.00129978733199 0.00175665427947 0.00111547732325 0.000207405297425 0.00167797349213 0.000908280067536 0.00129625937626 0.0015591279886 0.00334355631861 0.0011613964198 0.000552048152873 0.000949730917737 0.000801399794987 0.000801834954168 0.00185197602491 0.00130842639245 -0.000707048070382 0.00204538948305 0.00399544738759 0.00037685486303 0.000675836097055 0.00261937482712 0.00203354477206 
0.0026956961046 0.00171776985862 0.00129338292505 0.00253185618757 0.0164218650045 0.00371231091928 0.00199376242186 0.00411341016872 0.0030873789635 0.00116492015913 0.00334135867626 0.000712724108604 0.00182428739047 0.00215215052191 0.000918801586315 0.00337300986159 0.00212727238742 0.00327545921534 0.00137289050407 0.0023103986798 0.00285065929693 0.00302833257233 0.00135141429661 0.00189445114549 0.00241257433467 0.00232768159093 0.000321534045445 0.00195094229591 0.00718925172859 0.000942125398135 
0.000827645473349 0.00377817574211 0.00127573591537 0.000874181690656 0.00371231091928 0.0186613487729 0.00250668011462 0.00211456289983 0.00220235209039 0.00155474569515 0.00102855839297 0.000533173916039 0.00240901241159 0.000894315233998 0.000136973811769 0.00121908504943 0.00129710540321 0.000982405552279 0.00107846419764 0.0009739485532 0.00221527582849 0.00109512618818 0.000379286154484 0.00133278760874 0.00318208409845 0.00302603183386 0.00384905506639 0.00111260932493 0.00111394846296 0.00101843349876 
0.00169305244506 0.00497729482928 0.000786303847979 0.000991448016775 0.00199376242186 0.00250668011462 0.0253608847724 0.00285267657265 0.00355250875595 0.00247389809229 0.00130648967301 0.00399090670342 0.00177221995756 0.00239038945174 -3.66526593851e-05 0.00136258713703 0.00256789145564 0.00456459237444 0.00101092680657 0.00261328519414 0.00064211905558 0.00376032092181 -0.00216829326598 0.00246358893663 0.00247618453925 0.000781636073949 0.0090299283802 0.00233607888399 0.00233235856187 0.00558132156285 
0.000583806213856 0.00267993652239 0.00225098441382 0.00129978733199 0.00411341016872 0.00211456289983 0.00285267657265 0.0169773608805 0.00189945287815 -0.000648949194733 0.002012613896 0.000100665699137 0.00160387629176 0.00254191539066 0.000515386452573 0.00145395957542 0.00194094634903 0.00102004647523 0.000480333401988 0.00364441400021 0.000697036684342 0.00186205159027 0.000540682549608 0.00214794967303 0.00186592922308 0.00152341433767 -0.000858901478272 0.00100370951727 0.00264875762453 0.0020129521027 
0.00118045346394 0.00249640368696 0.000390470821037 0.00175665427947 0.0030873789635 0.00220235209039 0.00355250875595 0.00189945287815 0.023952069718 0.00166036216715 0.00211038122985 0.0054974343443 0.000722217255956 0.00212903892811 0.00126206175487 0.000779850049273 0.00200019465307 0.000221700179602 -0.00018278016619 0.00425529738527 0.00205249942621 0.00175279350722 0.0024205802981 0.00423862677987 0.00166458396759 0.00232356886237 -0.00178241400125 0.00376299754907 0.0034689256936 0.00259546058822 
0.000674436206423 0.000889439969407 0.00145046137994 0.00111547732325 0.00116492015913 0.00155474569515 0.00247389809229 -0.000648949194733 0.00166036216715 0.0235022714215 0.000607412195445 0.000367779612631 0.000441447577726 0.00144694148391 0.00256271677578 0.00181084727542 0.00225878107489 0.00188719405005 0.000417504791399 0.000675096354778 0.00175896361464 0.00176052359119 0.00378130501064 -7.78381600412e-05 0.00109753156176 0.00133255708035 0.00378596300695 0.00302538923023 0.00207733519987 -0.000285687977674 
0.00201406017415 0.00312790720504 0.0010298289908 0.000207405297425 0.00334135867626 0.00102855839297 0.00130648967301 0.002012613896 0.00211038122985 0.000607412195445 0.0249307913331 -0.000584856360436 0.000605741242263 0.00184133966455 0.00199828724164 0.00136206714502 0.00174794277471 -3.96862953194e-05 -0.00137270549611 9.74466246176e-05 0.0013154167938 0.00112891706458 -0.000566632766468 0.00244608015586 0.00295719875614 0.00107669102355 -0.000623197146283 0.000700868656019 0.00226086310505 0.00134264939427 
0.00177749056791 0.00189633949189 0.00012182903184 0.00167797349213 0.000712724108604 0.000533173916039 0.00399090670342 0.000100665699137 0.0054974343443 0.000367779612631 -0.000584856360436 0.0240087209416 0.00136772880388 0.00844861645853 0.000889007248463 0.000895266293054 0.00171960299377 0.00101384727822 0.000896782748739 -0.000206771923793 0.000443057501027 0.000109659735417 0.000867706071958 0.00550570979593 0.000251546203263 0.00125511037932 -9.0473321759e-05 0.00231707435855 0.000701499996938 0.000742570352034 
0.00132853215117 0.00165740362111 0.0013570073127 0.000908280067536 0.00182428739047 0.00240901241159 0.00177221995756 0.00160387629176 0.000722217255956 0.000441447577726 0.000605741242263 0.00136772880388 0.0349189157829 0.00156361280716 0.00189090912634 -0.000395363548431 0.000966824637542 0.00465658701111 0.000887475040437 0.00042486593652 0.00106649954174 0.0006606657968 0.00076637381655 0.00215942529277 0.00182792380462 0.000141390897392 0.000905556647657 0.00236648272107 0.000515652235587 -0.00103689497988 
0.00137460457564 0.00165448490205 0.00179890153018 0.00129625937626 0.00215215052191 0.000894315233998 0.00239038945174 0.00254191539066 0.00212903892811 0.00144694148391 0.00184133966455 0.00844861645853 0.00156361280716 0.0251541844333 0.00224348456405 0.00110782106441 0.00508499826512 0.00031729152439 0.000283067312951 -0.000284597323895 0.00112087319111 0.00145357619577 0.00126608528806 0.00399638552937 0.00163099663098 -0.000455831269167 -0.000286590651817 -0.000835385756527 3.68214432855e-05 0.00137398160955 
0.000726204342509 0.00136273436108 0.000727959406111 0.0015591279886 0.000918801586315 0.000136973811769 -3.66526593851e-05 0.000515386452573 0.00126206175487 0.00256271677578 0.00199828724164 0.000889007248463 0.00189090912634 0.00224348456405 0.0254447841071 0.00127368621882 4.4686297704e-05 8.63119025848e-05 0.000946056183133 0.00121564984374 0.0018416191374 0.00299137724522 0.000762448034517 0.00107901175782 -0.000283844910473 0.000261095971455 0.000580309671622 5.29482021503e-05 0.00223031646973 0.00293844182123 
0.00417349536499 0.00186668022576 0.00187225447571 0.00334355631861 0.00337300986159 0.00121908504943 0.00136258713703 0.00145395957542 0.000779850049273 0.00181084727542 0.00136206714502 0.000895266293054 -0.000395363548431 0.00110782106441 0.00127368621882 0.0192501099898 0.00223782410178 0.00201065838542 0.00135394539937 0.00540900603171 0.00101398459711 0.00193844879398 -0.000112328199052 0.000848480399724 0.00348936277093 0.00139607153086 0.001345206843 0.00186649146102 0.00337919937507 0.00166847884861 
0.00111812665606 0.00099144057776 0.00101498348005 0.0011613964198 0.00212727238742 0.00129710540321 0.00256789145564 0.00194094634903 0.00200019465307 0.00225878107489 0.00174794277471 0.00171960299377 0.000966824637542 0.00508499826512 4.4686297704e-05 0.00223782410178 0.0327156058497 0.00226360903839 -0.000491185332808 0.000522842796117 0.00101152353413 0.000672373310944 0.00214539764057 0.000574976092887 0.00194963419975 0.00204181229129 0.00672527147295 0.00115281723985 0.00230885014578 0.00226164905503 
0.000613511445052 0.00177263800001 0.00176940634135 0.000552048152873 0.00327545921534 0.000982405552279 0.00456459237444 0.00102004647523 0.000221700179602 0.00188719405005 -3.96862953194e-05 0.00101384727822 0.00465658701111 0.00031729152439 8.63119025849e-05 0.00201065838542 0.00226360903839 0.0610795129969 -3.59857039946e-05 -0.0018347073121 -0.000486988456787 0.00125241437915 0.00603629392639 0.00222132195144 0.0011689007468 0.0016104320526 0.000315198400814 -0.000209371272781 0.00264770993226 0.00492863831173 
0.000644589909782 0.00286379374136 -0.000295534760327 0.000949730917737 0.00137289050407 0.00107846419764 0.00101092680657 0.000480333401988 -0.00018278016619 0.000417504791399 -0.00137270549611 0.00089678274874 0.000887475040437 0.000283067312951 0.000946056183133 0.00135394539937 -0.000491185332808 -3.59857039946e-05 0.0223883323178 0.00183747522781 0.00170088726271 0.00263025913337 0.00139447651076 0.000136827166322 0.000867257900853 0.000449713265642 0.00104699272942 0.00327159733955 0.000638485827128 0.00154355019659 
0.00281869340218 0.00147033039607 0.000522078234512 0.000801399794987 0.0023103986798 0.0009739485532 0.00261328519414 0.00364441400021 0.00425529738527 0.000675096354778 9.74466246176e-05 -0.000206771923793 0.00042486593652 -0.000284597323895 0.00121564984374 0.00540900603171 0.000522842796117 -0.0018347073121 0.00183747522781 0.0776699822511 -6.98013654393e-05 0.000760325007322 0.00101206969325 0.000234201883329 0.00100732185928 -0.00167933548325 -0.00224902977205 0.000381832532252 0.00326532494385 -0.00180926512685 
0.00109679931881 0.0016814137672 9.25780110502e-05 0.000801834954168 0.00285065929693 0.00221527582849 0.00064211905558 0.000697036684342 0.00205249942621 0.00175896361464 0.0013154167938 0.000443057501026 0.00106649954174 0.00112087319111 0.0018416191374 0.00101398459711 0.00101152353413 -0.000486988456787 0.00170088726271 -6.98013654393e-05 0.0148057051615 0.00242701383628 -0.000105626464877 0.000823099226618 0.00161856729015 0.00113645503443 -0.00107538311347 0.00194348252835 0.00182421102024 0.00275174424491 
0.00287971391291 0.000748450047567 0.000546610127375 0.00185197602491 0.00302833257233 0.00109512618818 0.00376032092181 0.00186205159027 0.00175279350722 0.00176052359119 0.00112891706458 0.000109659735417 0.0006606657968 0.00145357619577 0.00299137724522 0.00193844879398 0.000672373310944 0.00125241437915 0.00263025913337 0.000760325007322 0.00242701383628 0.0150884446034 0.0014409740723 0.00156693792795 0.00222549948239 0.00133758864768 -0.000679818279897 0.000399409735187 0.00207651664425 0.00141277493152 
-0.00172031492796 0.00131377862726 5.13415910957e-05 0.00130842639245 0.00135141429661 0.000379286154484 -0.00216829326598 0.000540682549608 0.0024205802981 0.00378130501064 -0.000566632766468 0.000867706071958 0.00076637381655 0.00126608528806 0.000762448034517 -0.000112328199052 0.00214539764057 0.00603629392639 0.00139447651076 0.00101206969325 -0.000105626464877 0.0014409740723 0.0430930514111 0.00115626913592 0.00340626491224 0.00141687925268 0.00118316284859 0.000872006260632 7.32226440576e-05 0.000813996414172 
0.000959917525102 0.0021946607014 -0.000174577182425 -0.000707048070382 0.00189445114549 0.00133278760874 0.00246358893663 0.00214794967303 0.00423862677987 -7.78381600412e-05 0.00244608015586 0.00550570979593 0.00215942529277 0.00399638552937 0.00107901175782 0.000848480399724 0.000574976092887 0.00222132195144 0.000136827166322 0.000234201883329 0.000823099226618 0.00156693792795 0.00115626913592 0.0282608249071 0.00152077565865 0.00134608795171 -0.00112027682894 0.00147455123099 0.00135679499041 0.000337678956837 
0.00282983059446 0.00373893585149 0.000665247601367 0.00204538948305 0.00241257433467 0.00318208409845 0.00247618453925 0.00186592922308 0.00166458396759 0.00109753156176 0.00295719875614 0.000251546203263 0.00182792380462 0.00163099663098 -0.000283844910473 0.00348936277093 0.00194963419975 0.0011689007468 0.000867257900853 0.00100732185928 0.00161856729015 0.00222549948239 0.00340626491224 0.00152077565865 0.0173195058924 0.001305333736 0.00414668210676 0.00445125907405 0.00109581205755 0.00200809362458 
0.00171985693569 0.00139313513483 0.00028764858912 0.00399544738759 0.00232768159093 0.00302603183386 0.000781636073949 0.00152341433767 0.00232356886237 0.00133255708035 0.00107669102355 0.00125511037932 0.000141390897392 -0.000455831269167 0.000261095971455 0.00139607153086 0.00204181229129 0.0016104320526 0.000449713265642 -0.00167933548325 0.00113645503443 0.00133758864768 0.00141687925268 0.00134608795171 0.001305333736 0.0219868956649 0.00204377323018 0.00314086826222 0.0014940810883 0.00194441633791 
0.0011309569246 0.00483773026444 0.00119541469376 0.00037685486303 0.000321534045445 0.00384905506639 0.0090299283802 -0.000858901478272 -0.00178241400125 0.00378596300695 -0.000623197146283 -9.0473321759e-05 0.000905556647657 -0.000286590651817 0.000580309671622 0.001345206843 0.00672527147295 0.000315198400814 0.00104699272942 -0.00224902977205 -0.00107538311347 -0.000679818279897 0.00118316284859 -0.00112027682894 0.00414668210676 0.00204377323018 0.0827589401431 0.00220832594961 0.000526286752077 0.0018647484742 
0.00260877744998 0.00241058189301 0.0021902374511 0.000675836097055 0.00195094229591 0.00111260932493 0.00233607888399 0.00100370951727 0.00376299754907 0.00302538923023 0.000700868656019 0.00231707435855 0.00236648272107 -0.000835385756527 5.29482021504e-05 0.00186649146102 0.00115281723985 -0.000209371272781 0.00327159733955 0.000381832532252 0.00194348252835 0.000399409735187 0.000872006260632 0.00147455123099 0.00445125907405 0.00314086826222 0.00220832594961 0.0285737195849 0.00330908346987 0.00898374250861 
0.00280768133881 0.00315572986579 0.00190046109389 0.00261937482712 0.00718925172859 0.00111394846296 0.00233235856187 0.00264875762453 0.0034689256936 0.00207733519987 0.00226086310505 0.000701499996938 0.000515652235587 3.68214432856e-05 0.00223031646973 0.00337919937507 0.00230885014578 0.00264770993226 0.000638485827128 0.00326532494385 0.00182421102024 0.00207651664425 7.32226440576e-05 0.00135679499041 0.00109581205755 0.0014940810883 0.000526286752077 0.00330908346987 0.0155214356378 0.00131505809578 
0.000760235161586 0.00300089573563 0.000826016436375 0.00203354477206 0.000942125398135 0.00101843349876 0.00558132156285 0.0020129521027 0.00259546058822 -0.000285687977674 0.00134264939427 0.000742570352034 -0.00103689497988 0.00137398160955 0.00293844182123 0.00166847884861 0.00226164905503 0.00492863831173 0.00154355019659 -0.00180926512685 0.00275174424491 0.00141277493152 0.000813996414172 0.000337678956837 0.00200809362458 0.00194441633791 0.0018647484742 0.00898374250861 0.00131505809578 0.0375594566314 

['BK', 'GS', 'FII', 'PFG', 'PSA', 'LTR', 'CAT', 'PGL', 'BOL', 'BA', 'ORCL', 'VFC', 'HMA', 'DELL', 'SYY', 'MEL', 'KLAC', 'MEDI', 'WYE', 'ADBE', 'MMM', 'ITW', 'PAYX', 'HPQ', 'HIG', 'NYT', 'ANDW', 'HET', 'EQR', 'NAV']