40
0.0431320253577 0.102864057578 0.0070666509449 0.105790735219 0.0216083944488 0.0445346556631 0.0464034886179 0.0279461936292 0.0839491815724 0.00496789573306 0.0939670182087 0.106356452037 0.0360508970818 0.103848753038 0.0785253906611 -0.00305157485537 0.0678408515538 0.0800542827641 0.0479071153807 0.0507347996455 0.0367129888202 0.165275344352 0.0213104348082 0.0593939882808 0.161692830297 0.332832739506 0.09797045465 0.0275413533974 0.0493061267197 0.0896854693356 0.0637259516476 0.0110311255814 0.00413185853021 0.0453963667668 -0.0108233812146 0.204332601919 0.0147816990943 0.135547989167 0.0520830917934 0.0896896089949 
0.387190533216 0.0135540366469 0.0125033893968 0.0183658649852 0.0356178773953 0.0386626398548 -0.0128771806663 0.00895046957615 0.0413618862391 0.0253211453 0.0414760708904 0.0252158274742 0.0235522552009 -0.0105750433794 0.0304976271646 0.0354464146787 0.040650481177 0.0165778015818 0.0221024683784 0.0243948001485 0.0525916324733 0.0281149436242 0.0289990706777 0.0293562674738 0.00182168580415 0.0470877675181 0.0187646741769 0.0305059804448 0.0148669659662 0.022015142498 0.0335657941284 0.0105802356234 -0.00734539350036 0.0139467213213 0.0240368907532 -0.0344433432136 0.0202754282812 -0.00813377846518 0.00870054200483 0.0480208616244 
0.0135540366469 0.613124580155 -0.00558290516164 0.0156036808567 0.00557561223564 -0.0217040552476 -4.51068908117e-05 0.0084475226518 -0.0142240695871 0.0132603865691 0.0512123184659 0.0215492088389 0.0350011850486 -0.0171576601425 0.00256763697616 -0.00525579184272 0.00434055005711 0.00489133970682 -0.0013182938131 0.0214891110287 0.0103629498062 -0.00526712260542 0.034190382226 0.0144114837305 0.00593234028777 -0.00815042355239 0.0162899527234 -0.00941788751454 0.00914838804595 0.0159392470825 0.0174377265205 0.0105787104958 0.0388078195203 3.1616574384e-05 -0.00341395435351 0.0202051793988 -0.00715752085675 0.11548159521 0.00886119056658 0.00679616662087 
0.0125033893968 -0.00558290516164 0.180796952448 0.0278854265607 0.00925712038634 -0.00861221621042 0.000806015473971 0.00808479745459 0.0129119254807 -0.00132098216596 0.00684751076742 0.00819678122432 0.00812921475601 -0.00839198862019 0.0123587894753 0.0119097706008 -0.00775294945993 0.0266981105616 0.000428939011142 0.00823024653544 -0.00259385534338 0.000885806931269 -0.00323918702961 0.0226180009271 0.0136935411667 -0.00300385663068 0.00187788852158 0.00538983040781 0.00565953956622 0.00433919710854 0.00385610714881 -0.00675005094884 0.00376790801771 0.0138716928467 0.0122178290926 -0.00246910687051 0.00984222578528 -0.00279092905026 -0.0066669948345 0.0371200277244 
0.0183658649852 0.0156036808567 0.0278854265607 0.351985420305 0.0118549171594 -0.0141822957071 -0.00883438651588 0.0057319337016 0.0507747314719 0.0266489443377 0.0448574441639 0.016100042215 0.00631248607944 0.0109902287906 0.0189055303394 -0.00859244780859 0.0232995658695 0.036154630922 -0.00182652472279 0.0115101465895 0.00366057360668 -0.0167127001235 0.0113411790189 0.00105413060467 0.000939025157715 -0.010034105828 0.0439573068392 0.0252779773294 0.0429232667447 0.0185486698998 -0.00123826449071 0.00763360872361 0.0250768460606 0.0173566645214 0.0319745973984 0.0153033009447 0.0367964435581 -0.00636988418626 0.0373367743175 -0.0247095624899 
0.0356178773953 0.00557561223563 0.00925712038634 0.0118549171594 0.237598659474 -0.0161719216464 0.0423208234183 0.00924995524214 0.103435911984 -0.00858812376752 0.0313020933161 -0.0230581992469 0.0363060693407 -0.0129765294368 0.0376039349942 0.00067567578824 0.022861163248 0.0163620429855 0.00935982126236 0.0066447625035 0.00729147542238 0.029466117222 -0.00652741966534 0.0100250900335 0.0417328207457 -0.00576214418324 0.0188237998663 0.0139763862264 0.0190964551445 0.0213321441143 0.00956931439399 0.000686647531975 0.00151500576012 0.00302812022241 0.010680604636 -0.0150801397357 0.0195212684904 0.00889199516397 -0.00746543198059 0.00490209741249 
0.0386626398548 -0.0217040552476 -0.00861221621042 -0.0141822957071 -0.0161719216464 0.610183171907 0.0304765570874 0.000341497970611 -0.0125361893493 0.000398221303898 0.0192982012845 0.0746505486582 0.033495250816 0.00551278216511 -0.0158867754769 0.00470809541228 0.0107361905205 0.014352764448 0.0298687621421 0.103180633325 0.00682558644084 0.0404246145177 0.0287487918885 0.0269084781308 0.0324239772735 0.0296561415949 0.010775717335 0.0272746369481 -0.0188026285935 0.0380478087095 0.0227439802094 0.00638854258175 0.0328531741857 -0.00369967745223 0.0316126811913 0.000282067360289 0.0287420179947 0.0341838817626 0.0135361741801 -0.00792429076877 
-0.0128771806663 -4.51068908119e-05 0.000806015473971 -0.00883438651588 0.0423208234183 0.0304765570874 0.176575780328 0.0216291238722 0.0216177042489 -0.00504261005232 -0.000671842700448 -0.00418485811326 0.0187102377746 0.0213195822383 0.0106890846377 0.00844655710771 0.033449093111 0.0339274356191 -0.00427196029653 0.0207802773203 0.0166181725762 -0.00558448207994 0.0143451986348 -0.00688206888885 0.0153187988935 0.0129768281781 -0.00767585534679 0.00176146530649 0.0156593984013 0.0137132589007 0.00885265023369 0.00177325065543 0.00508749350741 -0.00411601158891 -0.0105678513612 -0.0102715294519 0.00560863692079 0.000511761103393 -0.004666930186 0.017158164129 
0.00895046957615 0.0084475226518 0.00808479745459 0.0057319337016 0.00924995524214 0.000341497970611 0.0216291238722 0.184588914697 -0.010925442778 -0.00365181973643 0.0108860331436 0.000999407907921 0.0140471894549 0.0154880102424 -0.00323807562252 0.0089833140353 0.00751131390863 0.0290450313815 -0.00637756277826 -0.00371404383896 0.0263515093802 0.0106320298829 -0.00982571907022 0.0188077721104 0.0368331201628 -0.00641438854244 -0.00336082672271 0.0168531151676 0.0211319421556 0.00182932633093 0.0233915649257 -0.00164714628367 -0.00442889244609 -0.00578692978856 0.0169160818504 0.0169382699125 0.00557695535917 0.00255777676364 -0.00453905670834 0.0106750941621 
0.0413618862391 -0.0142240695871 0.0129119254807 0.0507747314719 0.103435911984 -0.0125361893493 0.0216177042489 -0.010925442778 0.581084729722 0.00652001557479 0.0377498718688 -0.00627952585659 0.0286366717552 -0.00279947748083 0.0471100259151 -0.0136840675919 0.0137032932123 0.0350521559149 0.012888597944 0.00622807520177 0.0161380289748 0.0156508359836 0.0559354042311 0.00251481643339 0.0110167031977 0.00555313014473 0.0956429059953 0.0231784623592 0.0269910378308 -0.00661208580737 -0.000124566895346 0.0107074923416 0.00832410683041 0.0023174842211 0.007933778718 -0.0153708523775 0.00843389903222 0.0484024416964 0.0115015785755 0.0286176288467 
0.0253211453 0.0132603865691 -0.00132098216596 0.0266489443377 -0.00858812376752 0.000398221303898 -0.00504261005232 -0.00365181973643 0.00652001557479 0.16480454896 0.0410186594487 0.0462742911991 0.018802619082 0.00736059038637 0.00954776635697 0.00500707770371 0.0321813407172 0.00462501408938 0.0300709207622 0.00561987935382 0.0118032711936 0.00911926712771 -0.0158564069736 0.0133172665388 0.0275777868706 0.0102318079551 -0.0180566051185 0.0160261568259 0.00793217537621 0.00151138952651 0.0215440827785 0.0361312201871 0.0438816197512 -0.00203285083205 0.0378554407884 -0.00107889379387 0.00720509055109 -0.000297589290891 0.0415395644876 0.00107342540313 
0.0414760708904 0.0512123184659 0.00684751076742 0.0448574441639 0.0313020933161 0.0192982012845 -0.000671842700448 0.0108860331436 0.0377498718688 0.0410186594487 0.224618662265 0.0565302934916 0.0234384496655 -0.00839878281318 0.0382836108755 0.0202664042314 0.02785743014 -0.00600583189929 0.0426717833965 0.0410301703354 0.0123405778809 -0.0041999004139 0.0207013191253 0.0308806742844 0.0261641679534 0.0165315175304 0.00583610395267 0.0398052417926 0.00677148044981 0.0139296630585 0.0216666067923 0.0280120418313 0.0224309760119 0.0135426079959 0.0272906585964 -0.00969776959822 0.0179009929213 -0.00560730391937 0.032686595273 0.0161702812041 
0.0252158274742 0.0215492088389 0.00819678122432 0.016100042215 -0.0230581992469 0.0746505486582 -0.00418485811326 0.000999407907921 -0.00627952585659 0.0462742911991 0.0565302934916 0.535538564419 0.0158942638983 0.0519785962726 0.0248625856288 0.0119130139849 0.000526248869517 0.0269838604413 0.0374049506181 0.0479086570449 0.0276714403865 -0.0217721366548 0.0129285749923 0.00120262051417 0.0219895125532 0.030320401935 0.016645796131 0.0347514894928 0.0413828523655 0.0385006681329 0.0174312280033 0.0270235412616 0.0356969159253 0.0165493040161 0.0467969478954 -0.0392762626568 0.00605259783019 -0.00214966572974 0.0399341452162 0.0264612563615 
0.0235522552009 0.0350011850486 0.00812921475601 0.00631248607944 0.0363060693407 0.033495250816 0.0187102377746 0.0140471894549 0.0286366717552 0.018802619082 0.0234384496655 0.0158942638983 0.179326002211 -0.0150889848498 0.028152226303 0.0340907793485 0.0311159064757 0.0202836285052 0.00769146109862 0.0384276975045 0.0429012320344 0.00691729203337 0.0232350248238 0.0198285082011 0.0173211481221 0.0227104859161 0.0094236544011 0.0146744115983 0.00743934113328 0.0177071507168 0.012390620118 0.0196845685461 0.0292011110426 -0.00608451083536 0.00815966500227 0.00259147851353 0.03078360202 0.0287471078178 0.0276435670213 0.0205522506414 
-0.0105750433794 -0.0171576601425 -0.00839198862019 0.0109902287906 -0.0129765294368 0.00551278216511 0.0213195822383 0.0154880102424 -0.00279947748083 0.00736059038637 -0.00839878281318 0.0519785962726 -0.0150889848498 0.354787365409 0.0364361672423 0.0228383128062 0.0167245126098 0.0315691199844 -0.00288492612862 0.0186177742116 0.0170166660201 -0.0243868096072 0.0181289656654 -0.0077026641332 0.00948158778022 0.0138543424951 0.0137795631724 0.00759677359927 0.00820178456813 0.0156304888531 0.00676127631286 0.00923685898046 0.0211055278142 0.0249277744701 -0.00123012394087 0.0118717014116 0.00577373192509 0.0226610985789 0.0201108946889 0.0109372568739 
0.0304976271646 0.00256763697616 0.0123587894753 0.0189055303394 0.0376039349942 -0.0158867754769 0.0106890846377 -0.00323807562252 0.0471100259151 0.00954776635697 0.0382836108755 0.0248625856288 0.028152226303 0.0364361672423 0.320096115465 0.0337311100633 0.0288583527346 0.0352554431182 0.000401720529519 0.0336845050646 0.0384914246447 -0.0235344540824 0.0334236656648 0.0129549475285 0.000899717055167 0.0164287220485 0.0111013323529 0.0203214167275 0.0159030058701 0.0304846011828 0.00939900601841 0.0147091114399 0.0250519984845 0.036844604535 0.0269706590233 0.00595222670875 -0.0031623576019 0.0160489556118 0.0105281995344 0.0602977110262 
0.0354464146787 -0.00525579184272 0.0119097706008 -0.00859244780859 0.00067567578824 0.00470809541228 0.00844655710771 0.0089833140353 -0.0136840675919 0.00500707770371 0.0202664042314 0.0119130139849 0.0340907793485 0.0228383128062 0.0337311100633 0.212248090342 0.0153211910036 -0.00289128784137 -0.000970035734229 0.036434286779 0.0305399217653 -0.0065281861972 0.0303886419956 0.0199130187082 0.0242357909431 -0.000906910918597 -0.000469230466326 0.0129481852586 0.0194570194465 0.027551938553 0.0254125431731 0.0168901548479 0.0117426173203 -0.00370504892463 0.0113860983877 -0.00217382930878 -0.00411250866054 0.0287857654145 0.0116358197997 0.0588109528703 
0.040650481177 0.00434055005711 -0.00775294945993 0.0232995658695 0.022861163248 0.0107361905205 0.033449093111 0.00751131390863 0.0137032932123 0.0321813407172 0.02785743014 0.000526248869517 0.0311159064757 0.0167245126098 0.0288583527346 0.0153211910036 0.357479217845 0.0046905650776 -0.000873854766053 0.0217256039627 0.0359906579081 -0.0278767211803 0.0108340717364 0.0188745235404 -0.00291584677437 0.0134404422933 0.00793485895127 0.0208853180036 0.0237136160557 0.0369883979714 0.00741250970194 0.00430378580616 0.0312842744418 0.0095229188904 0.00417424131262 0.00632402349951 0.0379157580571 0.00853620056844 0.0148385951162 0.0198011129526 
0.0165778015818 0.00489133970682 0.0266981105616 0.036154630922 0.0163620429855 0.014352764448 0.0339274356191 0.0290450313815 0.0350521559149 0.00462501408938 -0.00600583189929 0.0269838604413 0.0202836285052 0.0315691199844 0.0352554431182 -0.00289128784137 0.0046905650776 0.342617127056 0.0230407717682 0.020184267064 0.0402093769092 -0.000372615101338 0.0235673631487 0.0140538160623 0.00717582019319 0.0309693809465 0.00970310206056 0.0115694136508 0.00719241199812 0.0124166054076 0.0270364508366 -0.00852220521901 0.00219252421994 0.013825687774 0.00984740877345 0.0151214949247 0.0161724215677 0.022240915412 0.00430793830351 0.0092472466135 
0.0221024683784 -0.0013182938131 0.000428939011142 -0.00182652472279 0.00935982126236 0.0298687621421 -0.00427196029653 -0.00637756277826 0.012888597944 0.0300709207622 0.0426717833965 0.0374049506181 0.00769146109862 -0.00288492612862 0.00040172052952 -0.000970035734229 -0.000873854766053 0.0230407717682 0.231557567764 0.0486738369016 0.0291420633423 0.00564202221765 0.0111496018037 0.0159071293344 0.0272136348197 0.00556797277406 0.0303062236183 0.0329527033859 -0.0141678297497 0.00287334425624 0.026344208582 0.0197154691809 0.00578926296742 -0.00755074009579 0.00356218340808 -0.00582042588283 0.0178000999873 0.00984995057774 0.0247363624293 0.0170467663054 
0.0243948001485 0.0214891110287 0.00823024653544 0.0115101465895 0.0066447625035 0.103180633325 0.0207802773203 -0.00371404383896 0.00622807520177 0.00561987935382 0.0410301703354 0.0479086570449 0.0384276975045 0.0186177742116 0.0336845050646 0.036434286779 0.0217256039627 0.020184267064 0.0486738369016 0.245690475585 0.0348112306988 0.0143506134749 0.0377779597512 -0.0039663583144 0.0333705126192 0.0477737579574 0.0120381744905 0.0391652640711 0.00312712021404 0.0155802453831 0.0115765877852 0.01476652471 0.0252868075691 0.00655663959957 0.0120069972658 -0.00203592872828 0.00935130232912 0.0112344343023 0.0100341940984 0.0105503338874 
0.0525916324733 0.0103629498062 -0.00259385534338 0.00366057360668 0.00729147542238 0.00682558644084 0.0166181725762 0.0263515093802 0.0161380289748 0.0118032711936 0.0123405778809 0.0276714403865 0.0429012320344 0.0170166660201 0.0384914246447 0.0305399217653 0.0359906579081 0.0402093769092 0.0291420633423 0.0348112306988 0.288797497917 -0.00491464039438 0.0158356909017 0.0494022832436 0.0166388227287 0.0129367252266 0.0184008509553 0.0116527283441 0.0120600038658 0.0466257393764 0.0230186835871 0.0182212142273 0.0213007871662 0.0169310787046 0.0172284943269 0.0149988257508 0.0285367453744 0.00614673495204 0.00296682258694 0.0228237605506 
0.0281149436242 -0.00526712260542 0.000885806931269 -0.0167127001235 0.029466117222 0.0404246145177 -0.00558448207994 0.0106320298829 0.0156508359836 0.00911926712771 -0.0041999004139 -0.0217721366548 0.00691729203337 -0.0243868096072 -0.0235344540824 -0.0065281861972 -0.0278767211803 -0.000372615101338 0.00564202221765 0.0143506134749 -0.00491464039438 1.37424002208 -0.0119154696768 -0.00701465262232 -0.0368015123403 -0.0237512690799 0.00663880415689 0.00656207940306 -0.0184024273578 -0.0111607457183 -0.0058623795734 -0.00169636898229 -0.00603999767082 -0.0192573650642 -0.00927998204526 -0.0328206309026 0.00593435293475 -0.00461923384959 -1.05763372403e-05 -0.0118845544051 
0.0289990706777 0.034190382226 -0.00323918702961 0.0113411790189 -0.00652741966534 0.0287487918885 0.0143451986348 -0.00982571907022 0.0559354042311 -0.0158564069736 0.0207013191253 0.0129285749923 0.0232350248238 0.0181289656654 0.0334236656648 0.0303886419956 0.0108340717364 0.0235673631487 0.0111496018037 0.0377779597512 0.0158356909017 -0.0119154696768 0.340062235437 0.00457347075421 0.00378827807427 0.0300464457533 0.0239639102152 0.0249969562608 0.0230486763375 0.0162958172334 0.0300912393927 0.013418416403 0.00478383518658 0.0238608374994 0.00532142545168 -0.000899122666251 0.00588185977639 0.0773474621001 -0.018589770216 0.0326943392414 
0.0293562674738 0.0144114837305 0.0226180009271 0.00105413060467 0.0100250900335 0.0269084781308 -0.00688206888885 0.0188077721104 0.00251481643339 0.0133172665388 0.0308806742844 0.00120262051417 0.0198285082011 -0.0077026641332 0.0129549475285 0.0199130187082 0.0188745235404 0.0140538160623 0.0159071293344 -0.0039663583144 0.0494022832436 -0.00701465262232 0.00457347075421 0.229141694517 0.000711278307819 0.00949717663577 0.0213120962463 0.00868574815871 0.012518705005 0.0273810337263 0.0203416244571 0.0135793463104 0.0127153463726 0.0141951544412 0.00698917881579 0.00522859541135 0.011853763734 0.00906588331763 0.0148726133963 0.0339407113892 
0.00182168580415 0.00593234028777 0.0136935411667 0.000939025157715 0.0417328207457 0.0324239772735 0.0153187988935 0.0368331201628 0.0110167031977 0.0275777868706 0.0261641679534 0.0219895125532 0.0173211481221 0.00948158778022 0.000899717055168 0.0242357909431 -0.00291584677437 0.00717582019319 0.0272136348197 0.0333705126192 0.0166388227287 -0.0368015123403 0.00378827807427 0.000711278307819 0.894706942887 0.00526649577553 -0.0247575462601 0.0458153789877 0.00903771857832 -0.0328240308683 -0.00279288797884 0.0179531875452 0.0273599752031 -0.0209592987276 0.0386971288326 0.000470417738868 0.0202125396101 -0.00275179117625 0.0283362681837 0.0184686558563 
0.0470877675181 -0.00815042355239 -0.00300385663068 -0.010034105828 -0.00576214418324 0.0296561415949 0.0129768281781 -0.00641438854244 0.00555313014473 0.0102318079551 0.0165315175304 0.030320401935 0.0227104859161 0.0138543424951 0.0164287220485 -0.000906910918597 0.0134404422933 0.0309693809465 0.00556797277406 0.0477737579574 0.0129367252266 -0.0237512690799 0.0300464457533 0.00949717663577 0.00526649577553 0.523122020591 0.0800470793039 0.0279906026416 0.00601485641984 0.0104387353839 0.0114478574327 0.00711302666494 0.0165967883141 0.00381139869118 0.0130381789893 0.00832016486594 0.00906123405466 0.0401237124036 -0.00440449844153 0.00464201871539 
0.0187646741769 0.0162899527234 0.00187788852158 0.0439573068392 0.0188237998663 0.010775717335 -0.00767585534679 -0.00336082672271 0.0956429059953 -0.0180566051185 0.00583610395268 0.016645796131 0.0094236544011 0.0137795631724 0.0111013323529 -0.000469230466326 0.00793485895127 0.00970310206056 0.0303062236183 0.0120381744905 0.0184008509553 0.00663880415689 0.0239639102152 0.0213120962463 -0.0247575462601 0.0800470793039 0.943086486119 -0.0121344783963 0.00459486583254 0.00529408785655 -0.00171032997326 -0.00249073117061 -0.0086644099871 0.00514710218938 0.0130235961513 -0.00951024184746 0.00483420627358 0.174956718403 -0.0099959564382 0.0157775744973 
0.0305059804448 -0.00941788751454 0.00538983040781 0.0252779773294 0.0139763862264 0.0272746369481 0.00176146530649 0.0168531151676 0.0231784623592 0.0160261568259 0.0398052417926 0.0347514894928 0.0146744115983 0.00759677359927 0.0203214167275 0.0129481852586 0.0208853180036 0.0115694136508 0.0329527033859 0.0391652640711 0.0116527283441 0.00656207940306 0.0249969562608 0.00868574815871 0.0458153789877 0.0279906026416 -0.0121344783963 0.184984704401 -0.0225422308557 0.0241199077093 0.0146621714385 0.0271550392764 0.00444497292137 0.020438425795 -0.00259194109258 -0.0173414740747 0.0274095017467 0.000293414534875 0.00954132816702 0.0155329284923 
0.0148669659662 0.00914838804595 0.00565953956622 0.0429232667447 0.0190964551445 -0.0188026285935 0.0156593984013 0.0211319421556 0.0269910378308 0.00793217537621 0.00677148044981 0.0413828523655 0.00743934113328 0.00820178456813 0.0159030058701 0.0194570194465 0.0237136160557 0.00719241199812 -0.0141678297497 0.00312712021404 0.0120600038658 -0.0184024273578 0.0230486763375 0.012518705005 0.00903771857832 0.00601485641984 0.00459486583254 -0.0225422308557 0.215783263385 0.0328078158786 0.0203593142316 0.0163226280723 0.00874876849055 0.010798116554 0.0147571243414 -0.0163793291099 0.0180635803632 0.0471972075629 0.00681095683466 0.0433577725963 
0.022015142498 0.0159392470825 0.00433919710854 0.0185486698998 0.0213321441143 0.0380478087095 0.0137132589007 0.00182932633093 -0.00661208580737 0.00151138952651 0.0139296630585 0.0385006681329 0.0177071507168 0.0156304888531 0.0304846011828 0.027551938553 0.0369883979714 0.0124166054076 0.00287334425624 0.0155802453831 0.0466257393764 -0.0111607457183 0.0162958172334 0.0273810337263 -0.0328240308683 0.0104387353839 0.00529408785655 0.0241199077093 0.0328078158786 0.255746734645 0.0195190144294 0.0118058982553 0.00716922785434 0.00362667627174 0.0026119630099 0.0191570046479 0.0287377840504 -0.0083336700646 0.0248006564884 0.0150798091757 
0.0335657941284 0.0174377265205 0.00385610714881 -0.00123826449071 0.00956931439399 0.0227439802094 0.00885265023369 0.0233915649257 -0.000124566895346 0.0215440827785 0.0216666067923 0.0174312280033 0.012390620118 0.00676127631286 0.00939900601841 0.0254125431731 0.00741250970194 0.0270364508366 0.026344208582 0.0115765877852 0.0230186835871 -0.0058623795734 0.0300912393927 0.0203416244571 -0.00279288797884 0.0114478574327 -0.00171032997326 0.0146621714385 0.0203593142316 0.0195190144294 0.198095138981 0.00906505857855 0.0265528649455 -0.0198312090074 0.0234767411336 -0.00260293747546 0.00503167681741 6.76047817315e-05 0.00468291969556 0.0231349196203 
0.0105802356234 0.0105787104958 -0.00675005094884 0.00763360872361 0.000686647531975 0.00638854258175 0.00177325065543 -0.00164714628367 0.0107074923416 0.0361312201871 0.0280120418313 0.0270235412616 0.0196845685461 0.00923685898046 0.0147091114399 0.0168901548479 0.00430378580616 -0.00852220521901 0.0197154691809 0.01476652471 0.0182212142273 -0.00169636898229 0.013418416403 0.0135793463104 0.0179531875452 0.00711302666494 -0.00249073117061 0.0271550392764 0.0163226280723 0.0118058982553 0.00906505857855 0.136962271692 0.0435577684646 0.0151433001762 0.0477085184807 0.00227188984754 0.01450123834 0.000205221358662 0.0488478863064 -0.00124102003662 
-0.00734539350036 0.0388078195203 0.00376790801771 0.0250768460606 0.00151500576012 0.0328531741857 0.00508749350741 -0.00442889244609 0.00832410683041 0.0438816197512 0.0224309760119 0.0356969159253 0.0292011110426 0.0211055278142 0.0250519984845 0.0117426173203 0.0312842744418 0.00219252421994 0.00578926296742 0.0252868075691 0.0213007871662 -0.00603999767082 0.00478383518658 0.0127153463726 0.0273599752031 0.0165967883141 -0.0086644099871 0.00444497292137 0.00874876849055 0.00716922785434 0.0265528649455 0.0435577684646 0.17609477099 -0.0248212717171 0.0608490206583 0.00900430764717 0.00819613437303 0.00960423238531 0.0367769710943 -0.0166935890162 
0.0139467213213 3.16165743842e-05 0.0138716928467 0.0173566645214 0.00302812022241 -0.00369967745223 -0.00411601158891 -0.00578692978856 0.0023174842211 -0.00203285083205 0.0135426079959 0.0165493040161 -0.00608451083536 0.0249277744701 0.036844604535 -0.00370504892463 0.0095229188904 0.013825687774 -0.00755074009579 0.00655663959957 0.0169310787046 -0.0192573650642 0.0238608374994 0.0141951544412 -0.0209592987276 0.00381139869118 0.00514710218938 0.020438425795 0.010798116554 0.00362667627174 -0.0198312090074 0.0151433001762 -0.0248212717171 0.370326141428 0.0133116640951 0.0101165500739 0.00674346668078 -0.0182032322688 0.000873516222426 0.0298779111849 
0.0240368907532 -0.00341395435351 0.0122178290926 0.0319745973984 0.010680604636 0.0316126811913 -0.0105678513612 0.0169160818504 0.007933778718 0.0378554407884 0.0272906585964 0.0467969478954 0.00815966500227 -0.00123012394087 0.0269706590233 0.0113860983877 0.00417424131262 0.00984740877345 0.00356218340808 0.0120069972658 0.0172284943269 -0.00927998204526 0.00532142545168 0.00698917881579 0.0386971288326 0.0130381789893 0.0130235961513 -0.00259194109258 0.0147571243414 0.0026119630099 0.0234767411336 0.0477085184807 0.0608490206583 0.0133116640951 0.206456470302 0.00409414952001 0.0266742341776 -4.83393350336e-05 0.0442940517251 -0.0171279034155 
-0.0344433432136 0.0202051793988 -0.00246910687051 0.0153033009447 -0.0150801397357 0.000282067360289 -0.0102715294519 0.0169382699125 -0.0153708523775 -0.00107889379387 -0.00969776959822 -0.0392762626568 0.00259147851353 0.0118717014116 0.00595222670875 -0.00217382930878 0.00632402349951 0.0151214949247 -0.00582042588283 -0.00203592872828 0.0149988257508 -0.0328206309026 -0.000899122666251 0.00522859541135 0.000470417738868 0.00832016486594 -0.00951024184746 -0.0173414740747 -0.0163793291099 0.0191570046479 -0.00260293747546 0.00227188984754 0.00900430764717 0.0101165500739 0.00409414952001 1.43050840326 -0.0145017147799 0.00357918896776 -0.00586089671944 0.00255106434345 
0.0202754282812 -0.00715752085675 0.00984222578528 0.0367964435581 0.0195212684904 0.0287420179947 0.00560863692079 0.00557695535917 0.00843389903222 0.00720509055109 0.0179009929213 0.00605259783019 0.03078360202 0.00577373192509 -0.0031623576019 -0.00411250866054 0.0379157580571 0.0161724215677 0.0178000999873 0.00935130232912 0.0285367453744 0.00593435293475 0.00588185977639 0.011853763734 0.0202125396101 0.00906123405466 0.00483420627358 0.0274095017467 0.0180635803632 0.0287377840504 0.00503167681741 0.01450123834 0.00819613437303 0.00674346668078 0.0266742341776 -0.0145017147799 0.219456943252 0.00296760418431 0.0231058186528 0.00959982204435 
-0.00813377846518 0.11548159521 -0.00279092905026 -0.00636988418626 0.00889199516397 0.0341838817626 0.000511761103394 0.00255777676364 0.0484024416964 -0.000297589290891 -0.00560730391937 -0.00214966572974 0.0287471078178 0.0226610985789 0.0160489556118 0.0287857654145 0.00853620056844 0.022240915412 0.00984995057774 0.0112344343023 0.00614673495204 -0.00461923384959 0.0773474621001 0.00906588331763 -0.00275179117625 0.0401237124036 0.174956718403 0.000293414534875 0.0471972075629 -0.0083336700646 6.76047817315e-05 0.000205221358662 0.00960423238531 -0.0182032322688 -4.83393350336e-05 0.00357918896776 0.00296760418431 0.443872768138 0.0104321365278 0.0152194845008 
0.00870054200483 0.00886119056658 -0.0066669948345 0.0373367743175 -0.00746543198059 0.0135361741801 -0.004666930186 -0.00453905670834 0.0115015785755 0.0415395644876 0.032686595273 0.0399341452162 0.0276435670213 0.0201108946889 0.0105281995344 0.0116358197997 0.0148385951162 0.00430793830351 0.0247363624293 0.0100341940984 0.00296682258694 -1.05763372403e-05 -0.018589770216 0.0148726133963 0.0283362681837 -0.00440449844153 -0.0099959564382 0.00954132816702 0.00681095683466 0.0248006564884 0.00468291969556 0.0488478863064 0.0367769710943 0.000873516222426 0.0442940517251 -0.00586089671944 0.0231058186528 0.0104321365278 0.215561281091 0.00527342223706 
0.0480208616244 0.00679616662087 0.0371200277244 -0.0247095624899 0.00490209741249 -0.00792429076877 0.017158164129 0.0106750941621 0.0286176288467 0.00107342540313 0.0161702812041 0.0264612563615 0.0205522506414 0.0109372568739 0.0602977110262 0.0588109528703 0.0198011129526 0.0092472466135 0.0170467663054 0.0105503338874 0.0228237605506 -0.0118845544051 0.0326943392414 0.0339407113892 0.0184686558563 0.00464201871539 0.0157775744973 0.0155329284923 0.0433577725963 0.0150798091757 0.0231349196203 -0.00124102003662 -0.0166935890162 0.0298779111849 -0.0171279034155 0.00255106434345 0.00959982204435 0.0152194845008 0.00527342223706 0.433521205473 
0.033531683787 0.001173814006 0.0010828252851 0.00159053056396 0.00308459866532 0.00334828282916 -0.00111519655862 0.000775133402875 0.00358204442315 0.00219287550827 0.00359193310403 0.00218375471701 0.00203968513204 -0.000915825621271 0.00264117198797 0.00306974955848 0.00352043493753 0.00143567973087 0.0019141299102 0.00211265166488 0.00455456897484 0.00243482554045 0.0025113931893 0.00254232733926 0.000157762618411 0.00407792028782 0.00162506845309 0.00264189540325 0.00128751702039 0.00190656726712 0.00290688304134 0.000916275282787 -0.000636129737211 0.00120782149637 0.00208165580203 -0.00298288102143 0.00175590359641 -0.00070440587796 0.000753489040288 0.00415872860783 
0.001173814006 0.0530981462099 -0.00048349376969 0.00135131840144 0.000482862183771 -0.00187962632096 -3.90637133287e-06 0.000731576921551 -0.00123184056076 0.00114838316329 0.00443511687782 0.0018662162286 0.00303119154147 -0.00148589695529 0.000222363884905 -0.00045516492528 0.000375902661586 0.000423602444464 -0.00011416759318 0.00186101160556 0.000897457779028 -0.000456146198114 0.00296097395728 0.00124807110169 0.000513755739311 -0.000705847384798 0.00141075128849 -0.000815612983757 0.000792273645147 0.00138037928907 0.0015101514151 0.000916143202867 0.00336085575701 2.73807565972e-06 -0.00029565711975 0.00174981986474 -0.000619859489006 0.0100009995122 0.000767401613843 0.000588565294202 
0.0010828252851 -0.00048349376969 0.0156574753747 0.0024149487797 0.000801690142046 -0.000745839802111 6.98029876303e-05 0.000700163998012 0.00111820554781 -0.000114400411367 0.000593011827727 0.000709862076953 0.000704010649152 -0.000726767533335 0.00107030256456 0.00103141638935 -0.000671425118656 0.00231212419794 3.71472080323e-05 0.00071276025791 -0.000224634462111 7.67131305327e-05 -0.000280521825525 0.00195877633857 0.00118589545181 -0.000260141615149 0.000162629916517 0.000466773005525 0.000490130503807 0.000375785492802 0.000333948675059 -0.000584571559853 0.000326310406246 0.00120132383988 0.00105809503733 -0.000213830927452 0.000852361755983 -0.000241701545768 -0.000577378689358 0.00321468869985 
0.00159053056396 0.00135131840144 0.0024149487797 0.0304828315746 0.00102666594198 -0.00122822283664 -0.00076508031496 0.00049640001984 0.0043972207325 0.00230786627805 0.00388476861948 0.00139430455602 0.000546677330583 0.000951781732606 0.00163726695459 -0.000744127808293 0.00201780159402 0.00313108288429 -0.000158181681058 0.000996807934782 0.000317014973581 -0.00144736228728 0.000982174913927 9.12903882549e-05 8.13219641374e-05 -0.000868979055132 0.00380681444047 0.00218913705236 0.00371726394143 0.00160636193397 -0.000107236850556 0.00066108990772 0.00217171857353 0.00150313124005 0.00276908136228 0.00132530473798 0.00318666548902 -0.000551648152447 0.00323345950543 -0.00213991088326 
0.00308459866532 0.000482862183771 0.000801690142046 0.00102666594198 0.0205766475009 -0.00140052949738 0.00366509081893 0.000801069622356 0.00895781274417 -0.000743753335352 0.00271084080034 -0.00199689863133 0.00314419783606 -0.00112380041452 0.00325659629872 5.85152397338e-05 0.00197983481328 0.00141699448833 0.000810584298808 0.000575453313014 0.000631460294685 0.00255184060651 -0.000565291125135 0.000868198264424 0.00361416829374 -0.000499016324295 0.001630188888 0.00121039055252 0.00165380152774 0.00184741787201 0.0008287269362 5.94654206137e-05 0.000131203347515 0.000262242903832 0.000924967494257 -0.00130597841038 0.00169059144268 0.000770069370233 -0.000646525374542 0.000424534089105 
0.00334828282916 -0.00187962632096 -0.000745839802111 -0.00122822283664 -0.00140052949738 0.0528434127834 0.00263934726576 2.9574591789e-05 -0.00108566584432 3.44869765504e-05 0.00167127325597 0.00646492715445 0.00290077381128 0.000477420940051 -0.00137583511472 0.000407733023047 0.000929781373059 0.00124298586265 0.00258671067947 0.00893570496383 0.000591113125349 0.00350087431105 0.00248971841035 0.00233034256384 0.00280799880105 0.00256829719994 0.000933204495613 0.00236205284761 -0.00162835540199 0.00329503689007 0.00196968646445 0.000553264016895 0.00284516834398 -0.000320401465944 0.00273773849934 2.44277499589e-05 0.00248913177394 0.00296041100064 0.001172267071 -0.000686263711273 
-0.00111519655862 -3.90637133288e-06 6.98029876302e-05 -0.00076508031496 0.00366509081893 0.00263934726576 0.0152919111457 0.00187313707349 0.0018721481051 -0.000436702840669 -5.81832845935e-05 -0.000362419343732 0.00162035412237 0.00184632998164 0.000925701883943 0.00073149330298 0.00289677643677 0.00293820211314 -0.000369962614076 0.0017996248057 0.00143917596155 -0.00048363033482 0.00124233064401 -0.000596004648834 0.00132664689973 0.00112382628628 -0.00066474857261 0.00015254737033 0.00135614368235 0.00118760305767 0.000766661999319 0.000153568011488 0.000440589861901 -0.000356457059827 -0.000915202774223 -0.00088954054411 0.0004857222054 4.43198116207e-05 -0.000404168009876 0.0014859406018 
0.000775133402875 0.000731576921551 0.000700163998012 0.00049640001984 0.000801069622356 2.9574591789e-05 0.00187313707349 0.0159858689385 -0.000946171099336 -0.000316256866179 0.000942758124881 8.65512637002e-05 0.00121652229197 0.0013413010324 -0.000280425574848 0.000777977816474 0.000650498866068 0.00251537350301 -0.00055231313802 -0.000321645631531 0.00228210765513 0.000920760797237 -0.000850932232526 0.00162880084362 0.00318984177617 -0.00055550234275 -0.000291056131958 0.00145952258681 0.00183007987381 0.00015842430744 0.002025768946 -0.000142647052541 -0.000383553336894 -0.000501162820681 0.0014649756615 0.00146689720404 0.000482978501681 0.000221509965452 -0.000393093841864 0.000924490273216 
0.00358204442315 -0.00123184056076 0.00111820554781 0.0043972207325 0.00895781274417 -0.00108566584432 0.0018721481051 -0.000946171099336 0.050323413769 0.000564649912084 0.0032692348028 -0.000543822891553 0.00248000852198 -0.000242441861572 0.00407984792154 -0.00118507501617 0.00118674000374 0.00303560574797 0.00111618532387 0.000539367134141 0.00139759430592 0.00135540215523 0.00484414810351 0.000217789491717 0.000954074483513 0.000480915177586 0.00828291862837 0.00200731372237 0.0023374924436 -0.000572623428118 -1.0787809584e-05 0.000927296037869 0.000720888797895 0.000200700020835 0.000687085391779 -0.00133115486367 0.000730397081486 0.00419177441142 0.000996065923001 0.00247835935773 
0.00219287550827 0.00114838316329 -0.000114400411367 0.00230786627805 -0.000743753335352 3.44869765504e-05 -0.000436702840669 -0.000316256866179 0.000564649912084 0.0142724926058 0.00355232011117 0.00400747117205 0.00162835457827 0.000637445826145 0.000826860821454 0.000433625649013 0.00278698585889 0.000400537969426 0.00260421812953 0.000486695828661 0.00102219327014 0.000789751699649 -0.00137320512518 0.00115330911316 0.00238830640101 0.00088610056158 -0.00156374787387 0.00138790589363 0.000686946538307 0.000130890172497 0.00186577229875 0.00312905545518 0.00380025974638 -0.000176050046266 0.00327837733942 -9.3434943348e-05 0.000623979145381 -2.57719885806e-05 0.00359743181084 9.29613668178e-05 
0.00359193310403 0.00443511687782 0.000593011827727 0.00388476861948 0.00271084080034 0.00167127325597 -5.81832845935e-05 0.000942758124881 0.0032692348028 0.00355232011117 0.0194525467686 0.00489566702471 0.00202982928357 -0.000727355927708 0.00331545795668 0.00175512209078 0.00241252421854 -0.000520120299565 0.00369548484462 0.0035533169832 0.00106872539423 -0.00036372204518 0.00179278682544 0.00267434484163 0.00226588341165 0.00143167141444 0.000505421428214 0.00344723505962 0.000586427409077 0.00120634420748 0.0018763831896 0.00242591398378 0.0019425795058 0.0011728242558 0.00236344036305 -0.000839851483211 0.00155027146228 -0.000485606764091 0.00283074218697 0.00140038743091 
0.00218375471701 0.0018662162286 0.000709862076953 0.00139430455602 -0.00199689863133 0.00646492715445 -0.000362419343732 8.65512637002e-05 -0.000543822891553 0.00400747117205 0.00489566702471 0.0463790001493 0.00137648363104 0.00450147848251 0.00215316307583 0.00103169727466 4.55744889715e-05 0.00233687086344 0.00323936374626 0.0041490114062 0.0023964170334 -0.00188552234377 0.00111964743781 0.000104149991638 0.00190434764879 0.00262582383287 0.00144156823157 0.00300956727202 0.00358386014296 0.00333425566658 0.001509588627 0.00234030732328 0.00309144360281 0.00143321176929 0.0040527345697 -0.00340142412265 0.000524170347984 -0.00018616651316 0.00345839842357 0.00229161202251 
0.00203968513204 0.00303119154147 0.000704010649152 0.000546677330583 0.00314419783606 0.00290077381128 0.00162035412237 0.00121652229197 0.00248000852198 0.00162835457827 0.00202982928357 0.00137648363104 0.0155300873474 -0.00130674441972 0.00243805431515 0.00295234809506 0.00269471654697 0.00175661375665 0.000666100070363 0.00332793622479 0.00371535567954 0.000599055062629 0.0020122121755 0.00171719918213 0.00150005542965 0.00196678577356 0.000816112410784 0.00127084132297 0.000644265840884 0.00153348423494 0.00107305917908 0.00170473364234 0.00252889039816 -0.000526934095302 0.000706647717834 0.000224428622608 0.00266593813693 0.00248957256555 0.00239400312917 0.00177987711604 
-0.000915825621271 -0.00148589695529 -0.000726767533335 0.000951781732606 -0.00112380041452 0.000477420940051 0.00184632998164 0.0013413010324 -0.000242441861572 0.000637445826145 -0.000727355927708 0.00450147848251 -0.00130674441972 0.0307254871386 0.00315546464484 0.00197785590697 0.0014483852786 0.00273396598816 -0.000249841931542 0.00161234654292 0.00147368650611 -0.00211195966371 0.00157001448106 -0.000667070281617 0.000821129588588 0.00119982125535 0.00119334517603 0.000657899892376 0.000710295379237 0.00135364004203 0.000585543704894 0.000799935452825 0.00182779232474 0.00215880859509 -0.000106531858259 0.00102811950086 0.000500019852177 0.0019625087047 0.00174165456934 0.000947194230054 
0.00264117198797 0.000222363884905 0.00107030256456 0.00163726695459 0.00325659629872 -0.00137583511472 0.000925701883943 -0.000280425574848 0.00407984792154 0.000826860821454 0.00331545795668 0.00215316307583 0.00243805431515 0.00315546464484 0.0277211367645 0.00292119982127 0.00249920665795 0.00305321093621 3.47900183786e-05 0.00291716370999 0.00333345515702 -0.00203814350995 0.00289457435533 0.00112193136644 7.79177825993e-05 0.00142276906458 0.000961403583345 0.00175988631269 0.001377240708 0.00264004390486 0.000813977798226 0.00127384641741 0.00216956671032 0.00319083635197 0.0023357275871 0.000515477953886 -0.00027386820191 0.0013898803264 0.000911768825286 0.00522193495387 
0.00306974955848 -0.00045516492528 0.00103141638935 -0.000744127808293 5.85152397338e-05 0.000407733023047 0.00073149330298 0.000777977816474 -0.00118507501617 0.000433625649013 0.00175512209078 0.00103169727466 0.00295234809506 0.00197785590697 0.00292119982127 0.0183812238141 0.00132685406254 -0.000250392872028 -8.40075588421e-05 0.00315530179194 0.00264483480784 -0.000565357508741 0.00263173359547 0.00172451800673 0.00209888106375 -7.85407894475e-05 -4.06365504068e-05 0.00112134573669 0.00168502731226 0.00238606787104 0.00220079079627 0.00146273031721 0.00101694049063 -0.000320866649099 0.000986065045377 -0.000188259140489 -0.000356153697331 0.00249292041164 0.00100769155404 0.00509317792065 
0.00352043493753 0.000375902661586 -0.000671425118656 0.00201780159402 0.00197983481328 0.000929781373059 0.00289677643677 0.000650498866068 0.00118674000374 0.00278698585889 0.00241252421854 4.55744889715e-05 0.00269471654697 0.0014483852786 0.00249920665795 0.00132685406254 0.0309586083979 0.000406214851531 -7.5678042662e-05 0.00188149249443 0.00311688240474 -0.00241419487164 0.000938258135016 0.00163458168703 -0.000252519738015 0.00116397644641 0.000687178942724 0.00180872159572 0.00205365939198 0.00320328922885 0.000641942170768 0.000372718784058 0.00270929764056 0.000824708967727 0.000361499901826 0.000547676500471 0.00328360096812 0.000739256654407 0.00128506003271 0.00171482668401 
0.00143567973087 0.000423602444464 0.00231212419794 0.00313108288429 0.00141699448833 0.00124298586265 0.00293820211314 0.00251537350301 0.00303560574797 0.000400537969426 -0.000520120299565 0.00233687086344 0.00175661375665 0.00273396598816 0.00305321093621 -0.000250392872028 0.000406214851531 0.0296715135802 0.00199538936741 0.00174800880342 0.00348223418737 -3.22694143592e-05 0.0020409935187 0.00121709617301 0.000621444258029 0.00268202706392 0.000840313287996 0.00100194061285 0.000622881150486 0.00107530957118 0.00234142532526 -0.000738044621593 0.000189878167288 0.00119733968371 0.000852810615925 0.00130955987479 0.00140057279183 0.00192611977502 0.000373078400878 0.000800835048235 
