100
0.0248803539628 0.00610402508206 0.0100273700484 0.134360436546 0.0617018630506 0.135547989167 0.201678989994 0.109746753301 0.0407864154506 0.125840316239 0.0335790413719 0.0350054865441 0.073470583658 0.0482129600444 0.0114549593271 0.0277285522359 0.0637259516476 0.104921073146 0.12825177486 0.110374427341 0.065309734793 0.0479071153807 0.0300114281637 0.0495038718221 0.0560151075184 0.0309991269713 0.0269248151276 0.0268374832388 0.0615160923796 0.256023639664 0.0524263551757 0.067616439087 0.0621428512979 0.0429486266904 0.0345230729479 0.0946597506959 0.0649972461493 0.0669670800901 0.0363676427781 0.082081594572 0.0795042219188 0.112605751981 0.0558285331973 0.0916609470377 0.00194148072761 0.20394989535 0.0896896089949 0.0998681056981 0.0147816990943 0.0649337142294 0.0251356843311 0.158066549078 0.138189015222 0.0678408515538 0.0431815223905 0.00413185853021 0.0408230851415 0.0415474718814 0.0170913584406 0.165275344352 0.0605665428979 0.035272852014 0.0203567883068 0.162419244675 0.00792878112812 0.0896854693356 0.0590120409917 0.0324129219316 0.072987431854 0.0498180241401 0.0833786368315 0.139274044211 0.0415097954764 0.0695206157777 0.0367129888202 0.0292815331214 0.0861150338972 0.0823962853659 0.0242911243805 0.134016582451 0.0321720089654 0.0946915784272 0.0431194173031 0.165506763093 0.122670110856 0.112278324126 0.18030920859 0.00851722536111 0.0444525953717 0.0723841835345 0.0413132452317 0.0201569416701 0.204332601919 0.0979044774238 0.0662185328213 0.0202129727645 0.0411806556966 0.0493870590102 0.0135435889675 0.0217130314185 
0.198617153158 -0.00342342704103 0.0283114186894 0.021635425741 0.00720755339377 -0.000338692169502 0.0369758318649 -0.00227901353193 -0.00929836385889 0.0318728467764 -0.000547197525101 0.0114285392615 0.0143208031031 0.00741394225989 0.0173639941931 0.00500841921804 0.000839162643832 0.0234639519009 0.0283494995161 0.00335051024512 0.0119390932713 0.0187097452217 0.0178224526863 0.00585906342004 0.00603028018172 0.0320265600961 0.0102152341098 0.0368830864469 0.00717922896196 0.0282646029562 0.0116830878244 -0.00969400466208 -0.00340242842667 -0.00272166263084 0.0403176981446 -0.00182446818255 0.0253444257646 0.0227173044506 0.0238025585185 0.0267126460424 -0.00423157315408 0.00314382745449 0.0185681115339 -0.0184765190218 0.016879416789 -0.0106709971243 0.0189480848449 0.0245301411236 0.00519452468596 0.0307807975361 0.00338310918246 0.0151492294096 0.0425831665525 0.0224450429688 -0.000441658052817 0.00110548468385 0.00187234813507 0.00888275319297 0.0116195585691 -0.00200975974859 0.0127290681496 0.00244311238415 0.0133932991558 0.00120248623238 -0.00157073870232 0.0258220938276 0.0011560438279 0.00995725308766 0.0349568247903 0.0110503629637 0.0117385957313 -0.0180817508043 0.00595749430026 0.0188036434391 0.0415695126077 0.0147707465599 0.00543007578749 0.0129818991463 0.0176196218665 -0.0109294154471 0.0140850626507 0.0102570624614 0.0230665125415 0.0663360033663 0.0151601333601 -0.00178217971619 0.00519527548758 0.00364112477063 0.0162529554389 0.00406062733018 0.0089444388494 -0.00478107897928 -0.0224592701489 -0.00741642208081 0.0187112215982 0.0194626312159 0.000223198088523 0.000501832115994 0.0488717877898 -0.0104705991777 
-0.00342342704103 0.135462569677 0.00857316928129 0.0211687350176 0.0291196403773 -0.000677973469264 -0.00412880169981 -0.0187494180031 0.0333746110406 0.0197642149813 0.0103117281999 0.000984867308778 0.0248628953265 0.0136698871721 0.0256162175085 0.0180624772254 0.00166165933529 -0.00201955096372 0.0224912076168 -0.00981445364262 -0.000386266717776 0.0127906762003 0.0319856039315 0.000263955937146 0.00581066714683 0.0209052087721 0.0106771116323 0.00398111104169 0.0188972046727 -0.00388695796169 0.00458741708981 0.0229877493412 0.0205899876766 0.0117514329845 0.0100270393379 -0.00122171996593 0.00897758208548 0.0216004929322 0.0282037881732 -0.000222351521506 0.0149813566524 0.00273184932579 0.0105057577372 0.00619484925582 0.0124684287995 0.00839489259548 0.0129891155719 0.0227013309067 -0.00865016995035 0.00472967371337 0.024163264274 -0.00759310386282 0.00745898125341 0.000375257237098 -0.00605028783922 0.00278219340728 -0.00262019842306 0.00495182192188 0.0391154528927 0.000988754380803 0.0432237033842 0.0105461432916 0.0415703842296 0.0202919004366 -0.00283706113626 -0.00945978365623 0.00967289813176 0.00299330904526 0.00723890075984 -0.0129423975702 0.00668476624397 0.0254647158489 -0.00974909690635 0.0131085329292 0.0205250063449 0.0218183590952 0.0215264195154 -0.00506777534733 0.0191336123364 0.0283423682101 0.015197591359 0.00525932631693 0.0201805352558 0.0191005631761 0.0109327309331 0.00840120808489 0.0430458685395 0.0103105875279 0.00983961988121 -0.00280665080715 0.0170176208147 0.00608830104039 0.0299875773477 0.0281543329924 -0.00437332604929 0.00226147745974 0.00490816887547 0.0154861281945 0.02606569504 0.00532874339852 
0.0283114186894 0.00857316928129 0.153746916213 0.00273317386603 0.0156281920033 0.0345756210305 -0.0072474865397 0.00813534172563 0.013043188757 0.0146491097834 0.0115441747131 0.00369072658223 0.0195256602961 -0.0140545346055 0.0151561822867 0.020412478073 0.00179152397114 0.0289240765487 0.020383868064 0.0105205894109 0.00984427951967 -3.02653091249e-05 -0.000430849705844 -0.00310044339994 -0.00315402797537 -0.0223044920514 0.00926101435523 0.0110320952237 0.00786858421372 -0.00574076447866 -0.00862124094806 -0.000956629423676 0.00602781285759 0.0102905918463 -0.0112800895559 0.0319806670768 0.021857930102 0.0152443917477 0.0119596180955 0.0250043001716 0.020889588587 0.0102969846181 0.0129425082566 -0.00382905143521 0.0235294116799 -0.00885141567405 0.00150628076365 -0.00969970801719 0.0143805371952 0.0144000376586 0.0094131278054 0.0178012124323 0.0423085529378 0.0137893128969 -0.00405356208452 0.0135484245983 -0.00728121852322 0.0137733913873 0.00112512698888 0.00843340783274 0.0228840754612 0.0199737698947 0.016483529681 0.0248379021914 -0.00350910034225 0.00960895564892 0.0154674739704 0.000439930246794 0.00126005233853 -0.0174738582317 0.0241889985973 0.01245512585 0.00229712094263 -0.00264522841204 0.0171930674088 0.0124440046597 0.009856967793 0.0222337711404 0.0144947863377 0.011388761064 0.00258483911215 -0.000460930839263 0.00622196603892 0.000707008442901 0.0115822605681 0.0136752732573 0.0118375891935 0.00755208443 0.00808739376976 0.00808459067628 0.0105282653979 0.0361117061392 -0.025695569091 -0.00682554946472 0.0157307798087 0.00928654744152 -0.00508689711904 0.000986058833157 0.00624278924228 0.00863071791981 
0.021635425741 0.0211687350176 0.00273317386603 0.53599175744 0.00446651537867 -0.026656981516 0.0132893696743 -0.00273918594038 -0.00994393123707 0.044247474372 -0.0120244212565 0.00508346258531 0.04872803571 -0.000689596926628 0.0243546146113 0.0568694319473 0.0223682995548 0.0122532726208 0.0378964759858 0.0406117281902 -0.00567221352267 0.0302284782244 0.0146289129717 0.0126271581506 0.0347654364647 0.0158385036403 0.0615655421622 -0.00684909820427 0.00566092745576 -0.0141870610691 -0.0181657053384 0.0110558666101 0.0263881027362 0.0117258088764 0.010489228545 0.0286551051125 0.00824256071324 -0.00211786342422 0.000329869105617 0.0179040785412 0.0046874320625 0.0159185800319 -0.0153213415989 -0.00783808814819 -0.0269643654897 0.0518349038075 0.0357875608214 -0.0190428411675 -0.00342235278242 0.0034331914596 0.0170270564136 -0.0233074776058 0.0333390330484 0.0340094865659 0.0226635218774 0.0304858958771 -0.00173498074175 0.00944038865575 0.0398348740461 -0.00687764426034 0.0214051826765 -0.00388982291763 -0.0192514546419 0.0160170667606 0.030094681838 0.0233461588352 0.0134406978168 -0.0190049433874 -0.00869287200877 0.0320799378217 0.00151257293869 0.000423532529305 0.0465265046412 -0.0173881970621 -0.00804866234746 0.0076803779805 -0.00191222726 -0.00130415179932 0.0239398982632 0.0137711670411 0.002591937401 -0.0231457789959 0.0103741722072 0.0332452450327 0.0166717052291 0.00259871215868 0.0117447384214 -0.00196817303014 0.043182037892 0.0143993048721 0.000286559200937 0.00281539036725 -0.0107794046003 -0.0179836744515 -0.00463471363858 0.0178861077801 0.0234832679456 0.00799921832841 0.0113367824007 -0.0121379895165 
0.00720755339377 0.0291196403773 0.0156281920033 0.00446651537867 0.230651049501 -0.0159136814305 0.0184444320557 -0.00386415180876 0.0324124969398 -0.00340818598059 0.00454076209677 0.00577842197299 0.0326811823105 0.0272639657056 -0.00122051453757 0.0137529306927 -0.00489990512492 -0.0120582042012 -0.00716693679143 0.0132517030112 -0.000303727733599 0.0562777009622 0.0123543707865 0.0105640976665 0.00508294061093 0.0246483952397 0.00303083028557 0.0181857755217 -0.000218424762313 0.00693370828235 -0.0120733042228 -0.00365713142369 0.0172527181057 0.0157807753374 0.0553137484201 -0.0232345197055 0.0263083702897 0.0292790656148 0.00621770016029 0.0102110918788 0.000823404642534 0.0136143183473 0.020561798411 -0.00148318104559 0.0115223938738 0.0132780999452 0.0347298994728 0.0309342293856 0.0190733320753 0.0247933462686 0.00143457402006 -0.0124589734797 0.0282506023241 0.00212571160407 0.0140712614796 -0.00420171078885 -0.00260526967491 0.0199334286616 0.00784305092644 0.00886835674954 0.0194633816396 0.0265668848182 0.0112731519928 0.0202446215395 -0.00133583512791 0.000887900465347 0.0184583889749 -0.00246991003573 0.00402360791856 -0.00853208616046 -0.00170744278588 0.0399562260303 0.00305787397734 -0.0165659764071 0.0150351712447 0.00682649148155 0.0196949390145 -0.00978759963491 0.017583394356 -0.00914186662643 -0.00837360635482 0.0259657714973 0.0245710422016 0.0513761945021 0.026761486142 0.0152798229193 0.0147393587124 0.0143131652797 0.0153674193373 0.0251828350976 0.00824076224959 0.0234074907219 -0.0365258268784 -0.0150239514816 0.00715821991968 0.015363845133 -0.00380668407935 0.0228412797617 -0.0121259383202 -0.000221560931068 
-0.000338692169502 -0.000677973469265 0.0345756210305 -0.026656981516 -0.0159136814305 0.432181385812 0.0521786889998 0.0897615472681 0.0169680471186 0.00928211330436 0.00540540133014 0.0146856666399 -0.000403156963914 -0.0109517668908 -0.00257317374573 0.010851260225 -0.00318351311659 0.0239370679217 -0.00790128051414 0.000557357142723 0.0164647285688 0.0130792534091 0.00503271877908 0.0320359380081 -0.0264380430487 0.0432343456622 -0.0161578074879 -0.015710381881 0.0289342602324 0.0366470512986 0.0683704277939 0.0701772677855 0.0261780672402 -0.025814378699 0.00672118444061 0.0201236707295 0.0322080117265 -0.00128378824515 -0.0115214368237 0.00415399872205 0.00224162472879 0.0170689223487 -0.00684625149751 0.0141548719285 -0.00168791565258 -0.0336494936308 0.0105301078379 0.0913006509618 -0.000708383476063 -0.00541578327061 0.00951731382067 -0.0137142565248 0.034256493567 0.00638936937428 0.0159292212272 0.00240922508962 -0.0162878145444 -0.00947152150553 0.00528496117699 -0.0031123203623 0.00270891719155 0.00983298183203 -0.0103796680925 0.0112768013635 0.0148054676469 -0.00895490591963 -0.00430021578065 0.0284601888016 0.00180296549077 -0.0135588405504 -0.00306649009312 0.0914590852276 0.0120229169159 0.0101092181596 0.00153891297835 0.00157872600656 0.0431283306182 0.0883811201308 0.000338877952247 0.0104140152637 0.00654005701135 0.0345658993596 0.00620659254458 -0.00253993759364 0.00872221162438 0.0295136516044 0.0200384363381 -0.00898740990735 -0.00868092392631 0.0231092854662 0.0142360002057 0.00737588425745 0.00566662858308 0.0137618216514 0.0127577503224 -0.00113012457001 0.00319412012868 -0.0250840958943 0.0118356617427 0.0329328489012 
0.0369758318649 -0.00412880169981 -0.0072474865397 0.0132893696743 0.0184444320557 0.0521786889998 1.21764046944 -0.0192706724929 0.0199296681709 0.00548017742091 -0.00198527036889 0.00783842459018 0.018190897103 0.0190186454236 0.00239517660417 -0.00569367434575 -0.0150092060903 0.0261803588402 -0.0021426744204 -0.0213403091899 0.0716568111973 0.0141355690185 0.000954635935008 0.00522135035922 0.00916732631235 -0.017249964364 0.00699834497353 0.00550836513432 0.0134773729581 0.018451508556 0.0249238741479 0.107437151755 -0.00632596840045 -0.0149414387781 0.00408688208269 0.0552896994281 0.0485827250419 -0.0162869097552 -0.00266489694595 0.05483751396 0.018470756251 -0.0137577250594 0.00325841712503 -0.0310381640059 0.0247543183234 -0.0127060582489 -0.0012101254402 0.0188849654107 -0.00625320526448 0.00963587113663 -0.001406643649 0.00433603449927 0.0330333816599 0.0179444795549 -0.00295804573491 0.000334175195122 -0.00125859877087 0.0273722225636 0.0321701338679 0.00578767475219 0.00788776414186 0.121128810064 -0.00214735569231 0.00268591604128 0.0167945950702 0.0264722756716 0.0164962434193 -0.0130347162498 0.00866168274278 0.0241953583753 0.0187196388867 0.0863922534218 -0.0455386866362 -0.000765346339907 0.026496958754 0.0321306835801 0.00668939291739 0.0209178414982 0.0131479874214 0.00995639244314 -0.00381107471447 -0.00751368859555 0.0138193210656 0.0522028931474 -0.0041616672119 -0.0243249989439 0.0569498197251 0.0116392713843 -0.00519858990876 0.00560137223974 -0.000284098871787 -0.00412533587952 -0.00958534873773 0.00596247511204 0.017464867348 0.0193097785541 0.00487841502086 -0.00891487802388 0.0091353332037 0.0168980200743 
-0.00227901353193 -0.0187494180031 0.00813534172563 -0.00273918594038 -0.00386415180876 0.0897615472681 -0.0192706724929 0.332017105107 0.0419407541337 0.0135877731505 0.0163322032173 0.000755510711575 -0.0138854988254 -0.000330945776181 -0.0076514439205 0.00625563185883 0.0167115513568 0.0225358919181 -0.00516335766078 -0.00348813138886 -0.0118526647455 0.00131258028794 -0.00624022960874 0.0396337647708 0.0100236406795 -0.00504876461373 0.0112691042008 0.00571476621437 0.0203713625727 -0.00847837514127 0.0644344832099 0.0263867028006 0.0571045062133 0.00886889073506 0.0194475642148 0.0255058793425 0.0284883419313 0.00160029269985 -0.0193393677672 0.0253414405745 0.0225026622053 0.0563436679673 0.0190701680488 0.0618693678634 0.00647196488503 -0.0113172485447 0.0131474163755 0.00549275244815 0.00509090924166 0.0369662592536 -0.0062970120833 0.0128746895007 0.0215999297325 -0.00950340683229 0.0228814388494 0.0230594984384 0.0428531126723 0.0116446985209 -0.00944245992081 0.00198089644783 -0.00399435162474 -0.00155491545615 -0.00581731529615 0.0322114579466 0.0202000294876 -0.000395805440998 0.00382006499952 0.0122840330795 0.0273800874733 0.00777047977018 0.0320542927692 0.0171049849412 0.0465057627132 0.00397904444282 0.0121268820148 -0.00860056626982 0.0111292692948 -0.0191660329529 0.0134263065289 0.00620978533744 -0.00168945631954 0.0520633191045 0.0258005703393 0.0103013762563 -0.00474924349536 0.0993525770106 0.033681144668 0.00552677856742 0.0065289177099 0.0631222796945 0.00125117519628 0.0123125144134 0.0246597513641 0.0204813130171 0.0177753446134 0.0468343074897 0.0416386950502 0.00460047798624 -0.00338848727552 0.0141145859314 
-0.00929836385889 0.0333746110406 0.013043188757 -0.00994393123707 0.0324124969398 0.0169680471186 0.0199296681709 0.0419407541337 0.178684992539 0.017234283249 0.00808611043624 0.0192085831385 0.0244087475423 0.0157358224076 0.0145301484673 0.027261974074 0.0282572396551 0.00934470523591 0.0174076566091 -0.00557856465717 0.0119243299055 0.00977908440096 0.00699546701527 0.0196185689387 0.0172426077889 -0.000114209501971 0.00654850319828 0.00400336188992 0.0181436744094 0.0214593378727 0.0271443301822 0.0354767519676 0.0137591058444 0.0256128897389 0.00801201331122 0.00561786515333 0.0416766626547 -0.00117239418499 0.0238870219031 0.0263972282912 0.0183401427272 0.00734127019501 0.0180187679762 0.00529683876953 0.0328593079353 0.00484350458492 -0.00519884340413 0.00908445806834 0.00891921272369 0.013030207772 0.0208799296107 0.011350291523 1.02976769868e-06 0.00790294345959 0.00476743209501 0.0321167829958 -0.000240298039806 0.0152698531543 0.017251322317 0.0160511856568 0.0087965861279 0.0174252124567 0.0278830177741 0.0278414232179 0.00657934771119 0.0143777359158 0.0119144597929 0.0198896070218 -0.00624400157357 0.00642482409004 0.02435238718 0.00356429647691 0.0146656789544 -0.0149213020647 0.0284475258386 0.0137224241879 0.0261113264132 0.00972118154148 0.0088600923323 0.0090389877244 0.0251467429639 0.0337133648227 0.0248432490189 -0.00229931470501 -7.3248716299e-05 0.0139472207895 0.00911774011482 0.0333754830402 0.0083690592015 0.00459026703187 0.0114720975078 0.00240872351987 0.0162948781166 0.0027403475343 0.0534685082931 0.0319859144428 0.0139906654163 0.00802895171585 0.0146777174339 0.0208780178228 
0.0318728467764 0.0197642149813 0.0146491097834 0.044247474372 -0.00340818598059 0.00928211330436 0.00548017742091 0.0135877731505 0.017234283249 0.353999838605 0.0175872652381 0.00954410406747 0.0276298309967 0.0284518832446 0.00496678923737 0.0250101645062 0.0120256836359 0.0338690872726 -0.00283563223591 0.0228370350163 0.041848731607 0.00394839963775 0.0201199935099 0.0261180278812 0.00245841783099 0.0338603068828 0.00809186365915 0.0182599830067 0.00610277051584 0.0445773708862 -0.00197452470942 0.0230478775727 0.00875381525302 0.00631059707046 0.00324839694781 0.0101296055358 0.0433296507613 0.0193902307174 0.0308323567928 0.0210865620625 0.0461223929503 0.0127941124625 0.0243791136898 0.0329157993224 0.00597741202805 0.0350284114078 0.0212862963257 0.0243776745503 -0.0221196319455 0.00613137793423 0.0198400790013 -0.00695072841953 0.0332462205152 0.0536836140065 0.0321048064846 0.0237096188992 0.0213650987835 0.0142739831817 -0.0056258983565 -0.0066302034921 0.049444061732 -0.00117963381307 0.00980643217996 0.0353849796722 0.00664045500297 0.0286721730254 0.0410399538155 -0.00497411501099 -0.027973061314 0.0239414758996 0.0348108529448 0.0378193652097 0.000121330616856 -0.019321302275 0.0300575036795 0.0288923243924 0.042021377161 -0.00837331769689 0.0282907983732 -0.000280210215187 0.0264245029269 0.0537069554678 0.0140871056603 0.0170825461605 0.0198320703596 0.0486448764589 0.0327565098148 0.0162030427852 -0.00359876548604 0.018545759147 0.00227739965544 0.00972191443451 -0.0280125146267 -0.0288906194541 0.00946648367433 0.011739538629 0.0456857850446 0.0118933886444 0.0195245345615 0.0338934530423 
-0.000547197525101 0.0103117281999 0.0115441747131 -0.0120244212565 0.00454076209677 0.00540540133014 -0.00198527036889 0.0163322032173 0.00808611043624 0.0175872652381 0.213460336311 -0.00881200276567 0.0167946778185 0.00977122499482 0.011382303537 0.0135789182302 0.0209614126197 0.0126964759426 0.00124922995401 -0.0252714426652 0.00873311030956 0.0151330777896 0.00139483572621 -0.0144742469066 -0.0218119923906 -0.00700075179865 0.0100248780299 0.00408177767027 0.021375869062 0.024758891873 0.0176379579092 -0.00423371207415 0.016340796422 0.0163752406367 0.00100498737596 -0.00067780714035 0.00663268218236 0.0103282190917 0.00904023720369 0.0134086822098 0.053377756038 -0.00355385767759 0.00883507650377 0.0164108739895 0.000902116939837 -0.00987639718802 0.0408670107698 0.00764798250107 -0.013762263461 0.0184120622484 0.00186710249875 -0.00223294085457 0.00289530216159 0.008071473359 0.0257168650101 0.0152255490041 0.00663635879099 -0.00153466913243 0.0181589124154 -0.00470218961267 0.0169111476531 0.00913376776143 -0.00682431177116 -0.0191028667973 0.00283770824275 0.0353662284204 -0.0060875517889 0.0022028252966 0.0166992180189 -0.0164949341807 -0.00303514946596 0.0387573882911 -0.0136059490249 0.00761955100369 0.0267172015622 -0.0043725716916 0.00815994730638 -0.0121355472237 0.0143378864064 -0.00365697423518 0.00545517136395 -0.00652596692123 -0.00629992646444 0.0439134499784 0.010744304155 -0.000927977468306 0.00228966280643 0.00609280901797 0.0161482922837 0.017022240438 -0.00703240463029 0.0118473187619 -0.00369215328429 0.035236823485 -0.00292133784429 0.0227341753698 0.00837428765756 -0.000712369879112 0.014962381211 0.0014762371043 
0.0114285392615 0.000984867308777 0.00369072658223 0.00508346258531 0.00577842197299 0.0146856666399 0.00783842459018 0.000755510711575 0.0192085831385 0.00954410406747 -0.00881200276567 0.120976224781 0.0126112844903 0.00475393803743 0.00601297370892 0.00801286171736 0.00648279307824 0.00645498184945 0.00707412517448 0.0184611607285 0.0127962241543 0.00176817141162 0.0154947873013 0.0155538721633 0.0212747798119 -0.0122851814328 0.00406598286988 0.00341740833783 0.0100754555922 0.0131997749688 0.0179558874554 0.00998326993044 0.00862192795618 -0.00176283965756 0.014574669095 0.00480743250901 0.0245903129907 -0.00113643949343 0.00992830920075 0.0227534078421 0.0186277150943 0.0102534109829 0.0290197430823 0.0105540456162 0.0220202353276 0.0150421207792 0.00232255257526 0.0194249916156 0.00774527327379 0.014579705984 0.0100116132899 -0.00671161598595 0.0203043558327 0.0182875416084 0.0102829676299 0.0118546242996 0.015063340253 0.0174466439101 0.0040860522053 -0.00584239728692 0.00982374490951 0.0221857495205 0.0019455844816 0.00571387636573 0.00380582146372 0.0151687313181 0.00616925492282 0.0168557869659 -0.00176306463404 0.00671441951135 0.0206776723307 0.0210080857702 0.00433443689763 0.0024891075957 -0.00133979478169 0.00877581186914 0.0264836756733 0.00927636458089 0.0243594664666 0.00799396717334 0.0035104148372 0.017659854836 0.0086303228229 -0.00187933349961 0.000735175042632 -0.00249359261243 0.00376904265431 0.00973761912534 0.00714711921121 0.0162468006962 -0.00504079689113 0.0166277813477 -0.0151012180608 -0.00939620388894 0.00850617934597 0.00932646339925 0.0035376838489 0.0114515447862 0.00479039554494 0.0130406902917 
0.0143208031031 0.0248628953265 0.0195256602961 0.04872803571 0.0326811823105 -0.000403156963914 0.018190897103 -0.0138854988254 0.0244087475423 0.0276298309967 0.0167946778185 0.0126112844903 0.379825816459 0.023440444876 0.0198337699868 0.0368411524437 0.022511194431 0.0289749237153 0.150218665544 0.0741221838209 0.0367396945217 0.0351165326052 0.0314190811903 -0.0152494164295 0.0435974061687 -0.00628341474844 0.0402087960209 0.00694760479548 0.0168098921108 0.0529827371917 -0.0195006395178 0.00317074754563 0.0237822092117 0.00138264559454 0.023062571362 0.00221814148189 0.0124673731081 -0.00014576546011 0.0142175123239 0.0493871114366 0.0252615296998 0.0768197817732 0.00152516730954 0.0356185052184 0.0276491201567 0.0828933303727 -0.00829850213918 0.0215436579499 0.018372208471 0.0212488586171 -0.00118142283942 -0.0140265686246 0.0393005662264 -0.00768386274073 -0.0126677232282 0.0216167275413 -0.000852642592815 0.0133927643962 0.0126914451415 -0.005790149188 0.000630563786435 0.0109929567883 0.0182268404122 0.0535100225738 0.00562289460876 0.00166977154569 0.046940135694 -0.006696059803 -0.00191606281706 0.0595554736193 0.00746721283063 0.0569268332113 0.073482600316 0.000867034377165 0.0223494207785 0.018292026291 0.00596883247741 -0.00204327747644 0.012872289351 0.00142132347686 0.0233297209101 0.0274229559081 -0.00251634419452 0.0645734485516 0.0118815956662 0.000702895845415 -0.0295034602972 0.00798900830338 0.0470843332967 0.0165603172108 0.0101732944323 0.0215669356164 0.0108422011714 -0.00977478467135 0.0300201434299 -0.00144538620747 0.00208705351369 0.0240776812978 0.0377525274564 0.0052497133857 
0.00741394225989 0.0136698871721 -0.0140545346055 -0.000689596926628 0.0272639657056 -0.0109517668908 0.0190186454236 -0.000330945776181 0.0157358224076 0.0284518832446 0.00977122499482 0.00475393803743 0.023440444876 0.18793648739 0.0130274982382 -0.00219099034774 0.0171745608261 -0.0117839143282 0.0200792449801 0.00756605578787 0.00900802460667 0.0246993496566 0.00888606257846 0.0130318586778 0.0104768784487 0.027985130895 -0.0113395198385 0.00175771738021 0.0110705293657 0.00974671861709 -0.00691424798414 0.014633309406 0.0130944956512 -0.00900823285494 0.0256982487844 -0.00611217487231 0.00371471690272 0.0147786191835 0.0313066778634 0.00589883111309 -0.00225067213905 0.0334384192319 0.0290455327239 0.00283471311278 0.00769505194573 0.0105054801285 -0.0124191505694 0.00646894347227 0.00450185537701 0.0196203847166 0.00543559291614 -0.0204237097963 0.0204974334276 0.00264889235313 0.0211356616788 0.0183971324186 0.0199810091061 0.0316049116483 0.0204553013468 0.00362130502056 0.00841681981529 0.00817023440985 0.00786314903143 0.0177404885253 0.00223522913678 0.0191880579403 -0.0011355659514 0.0147311586529 0.00170277357174 0.0074011906682 0.00681200338827 0.0161747104191 0.0234678639577 0.00321618071613 0.00894317175264 0.00332827883874 0.00660753119015 -0.0044775210483 0.035814000188 0.00585239975753 -0.00318549592682 0.0376121151121 0.0396929982638 0.0309681219671 0.0103291846216 0.0403013775319 0.0150743399604 0.0300664111767 0.00763732870961 -0.0024333020843 0.0108874050582 -0.00062129223117 0.181051711734 0.00620838022449 0.0231105447545 0.0143572647543 0.00755647679733 0.00306587702435 0.0165975679773 0.00582279358374 
0.0173639941931 0.0256162175085 0.0151561822867 0.0243546146113 -0.00122051453757 -0.00257317374573 0.00239517660417 -0.0076514439205 0.0145301484673 0.00496678923737 0.011382303537 0.00601297370892 0.0198337699868 0.0130274982382 0.128830221497 0.00382269847857 0.00157171013078 0.0229180869154 -0.022669834619 0.0132208974626 0.0181281032891 -0.0162852543915 0.0197457303211 0.0241409497003 0.00355026407994 0.00499130409696 0.0104206602261 0.00444627180881 0.0205949371629 0.0269664418123 0.00608900732514 -0.00190569678881 0.0168216662606 0.00864757872843 0.00900221238403 -0.00304330906163 0.001956167377 0.0134465964577 0.0153428701982 -0.00549422081147 0.00591780181358 0.000376757140809 0.0308734560069 0.0087676588904 0.0111034149879 -0.00782691252125 0.0261670401854 -0.0023295864213 0.0234851492628 0.0161262183075 0.0217151086007 0.00921109499527 0.00942284983195 0.0242774919571 -0.00590027880818 0.00214536908915 0.0144974671936 0.0250269980654 0.0285673367262 -0.0158329167399 0.00414362604863 0.010910850538 0.021369630508 -0.0124562294393 0.0179397744773 0.00970121493297 0.00815168806423 -0.00187012851062 -0.0171658881274 -0.00571916008633 0.0165889866935 -0.000838691356302 0.00815465489319 0.00298345529727 0.00701282984127 0.0227662605843 0.024074433408 0.0118623644526 0.0254194685065 0.015840383891 0.0300225630666 -0.000735456958343 0.00449972826032 0.00705147977916 -0.00389473894576 0.0145325855611 -0.00262622193503 0.00901967086808 0.00798427058789 0.00865602000749 0.0244314574624 0.0100289500931 0.0381533037596 0.0107777890969 0.00134890838283 0.011111423375 0.0201503754037 0.0126604725064 0.035695313704 0.00789090343364 
0.00500841921804 0.0180624772254 0.020412478073 0.0568694319473 0.0137529306927 0.010851260225 -0.00569367434575 0.00625563185883 0.027261974074 0.0250101645062 0.0135789182302 0.00801286171736 0.0368411524437 -0.00219099034774 0.00382269847857 0.169451971812 -0.00265106143493 0.028190934162 0.0451866532613 0.0308991272229 0.00490243113841 -0.000551635114108 0.014793162444 0.00606626948111 0.00517369343763 -0.00169013989136 0.0426699581488 0.00825650856728 0.00729354360363 -0.0157587168138 0.00674085718436 0.0214156263737 0.0226369180497 0.0168640589768 0.00268243500209 0.0402652335095 0.0185113340215 -0.00404822937951 0.0100675064301 0.0146835417287 0.0245762446239 0.0303868444871 0.00848246460588 -0.000635191376347 0.00162392808764 0.0136452087526 -0.000562214752959 0.0179310803114 0.0242347760863 0.0106742403152 0.00402045400851 0.00530256445541 0.00661687776944 0.0143941054568 0.00975352080035 0.0558030300866 0.0159274884299 0.00749884382235 0.024992814374 0.0158811907076 0.0126828777141 -0.00243426399532 0.0180481827389 0.0265194258928 0.0114073035695 0.00352432756155 0.0179980583431 -0.00162492301259 0.00997953129184 0.0360479417179 0.0026130759467 0.0126366066479 0.0137795709574 0.00995170394215 0.017066781358 0.0169335393557 -0.00722202747066 -0.0180099059482 0.0230449317179 0.0196802739202 0.00382829463134 -0.000997313686593 0.00475536200304 0.00756478952482 -0.0210330371153 0.00917332809499 0.00852405865692 0.00179633567889 0.0151300385198 0.0225958419588 0.00337664694265 0.00453157690169 -0.00162577015842 -0.00376781087167 0.0109496384843 0.00159008568855 0.00904205983609 0.00477622264857 0.00137040922887 0.00774514929344 
0.000839162643832 0.00166165933529 0.00179152397114 0.0223682995548 -0.00489990512492 -0.00318351311659 -0.0150092060903 0.0167115513568 0.0282572396551 0.0120256836359 0.0209614126197 0.00648279307824 0.022511194431 0.0171745608261 0.00157171013078 -0.00265106143493 0.176902442271 0.00576429536631 0.00166464343857 0.00222880269284 0.0105081942871 0.0164619461855 0.00850749259989 -0.000986166345296 -0.010987938543 0.016699819044 0.0149359884458 -0.00811663779895 0.00318432602607 -0.0132424246275 0.00151577563253 0.020909103046 0.0114334552656 0.0256933582499 0.00036344451002 -0.00285116618176 0.0121229112869 -0.0123614074363 -0.00716973722632 0.0164569865553 0.0167036737761 0.0322210670764 0.00545055803595 0.0127329867814 0.00657395554429 0.00909887173849 0.0238589722132 0.019908745468 0.00288299238505 0.020772064896 0.0188956385724 -0.000725005303714 -0.00196301886758 0.00631244689702 0.021592514001 0.0198054494262 0.0090027570834 0.0136404035266 0.00766415713619 -0.00386562316868 0.016553271964 0.0162715171275 0.00801218309159 0.0156537400396 0.00124983433613 0.0233447086936 0.015929740292 0.00698594607097 0.0085119461082 -0.0120314817154 0.0311265065694 0.0184432799078 0.0231220636428 -0.00300731179442 0.0206187192372 0.0149716510159 -0.00621897528072 0.0326189399494 0.0315631014313 0.00130654889895 0.00263179969523 -0.00121945464276 -0.00312552620221 0.00301923498399 -0.00785627029251 -0.0003566667514 0.00877439443439 0.0119615788711 -0.000370569900329 0.0130282782599 -0.000228866054666 0.0171368065528 -0.00718794660882 -0.00150386803607 0.0166704903013 0.0200635753712 0.00019323208291 0.0197243942728 0.0124336290636 0.00703832801878 
0.0234639519009 -0.00201955096372 0.0289240765487 0.0122532726208 -0.0120582042012 0.0239370679217 0.0261803588402 0.0225358919181 0.00934470523591 0.0338690872726 0.0126964759426 0.00645498184945 0.0289749237153 -0.0117839143282 0.0229180869154 0.028190934162 0.00576429536631 0.215138197054 0.0123345189472 0.0232902975312 0.0257544776427 -0.00432564802426 0.0165547204943 0.0092200090161 -0.00746034848647 0.00275649402136 0.0218886925407 0.0182272555823 0.0785905226949 0.0219967588594 0.00625824415099 0.0271039841971 0.0300341568873 -0.00679832364651 0.0146004761829 0.0238220040001 0.0217493013754 0.0230927124659 0.007522173162 0.0122845306532 -0.00122010416951 0.0175096494975 0.0199299944466 0.00734113943174 0.0244958944607 0.00304161757015 0.0013890622024 0.00980219997953 0.0173370406346 0.0198953457454 0.0279591355351 2.12108403932e-06 0.0424111892015 0.0153382421734 0.0150462251689 0.0259295881868 0.0200731849425 0.00408240167074 0.0334275973204 0.0428666010411 -0.00500282074287 0.0133847166628 0.0218116928441 -0.00186758394744 -0.0122686657839 0.0445888476644 0.00881606585288 0.0139757408075 -0.0234208029459 0.0366931293019 0.0325365488777 0.0439617604441 0.0306693359722 0.00970187783973 0.019624943546 0.00488543996369 0.0145201981938 0.0234125661913 0.0276785932174 0.0313216021997 0.0141320647486 0.00360444608329 0.0125582280002 0.00334550877311 0.0140545262369 0.0132050968785 0.0137128472027 -0.0112053831027 0.0129508531573 0.0319401663071 0.00964025895801 0.0326166885115 -0.0230875611275 0.0190023982743 0.0287051974313 0.0147734878197 0.0308390331409 0.0255368976863 0.00799665293328 0.00831641042236 
0.0283494995161 0.0224912076168 0.020383868064 0.0378964759858 -0.00716693679143 -0.00790128051414 -0.0021426744204 -0.00516335766078 0.0174076566091 -0.00283563223591 0.00124922995401 0.00707412517447 0.150218665544 0.0200792449801 -0.022669834619 0.0451866532613 0.00166464343856 0.0123345189472 0.485610836655 0.064957628919 0.0226812253552 0.0389945706401 -0.0058644534395 -0.0189183156534 0.00807816213911 -0.0247011082783 0.0389797624599 0.00751847609834 0.00744576058029 0.0178667490042 0.00386724861752 0.0254254146385 0.00485204224859 0.00531973892591 0.0223442595219 -0.0120216077007 -0.0161573436025 0.0121437786459 0.00550802830651 -0.00243181853979 0.0188797518949 0.0705640250621 -0.0160978956381 0.0454752354939 0.00670633207145 0.0422138825493 -0.0383002459397 -0.0129607808608 0.00435253341846 0.0334285310782 0.0178668002058 -0.0319915498006 0.000220336003318 -0.00708000425678 -0.0196598682325 0.00594078293622 0.00954227984491 0.00119044156939 0.00232814300979 -0.0105368617734 0.00337260542967 0.00302164223079 -0.00506876496756 0.0542092270104 0.0100781130027 -0.00470053479806 -0.00122491057896 -0.00229818453034 -0.00355045383987 0.0519163086697 0.0164082326784 -0.0032488882805 0.0574115000877 0.0320525632149 -0.00682862986703 0.0179248796526 -0.0311433363965 0.0161050798236 0.0173016453793 0.0104840118755 -0.0021715125213 0.00275055152589 -0.0162967993162 -0.0091150300063 -0.00612865631221 0.00355186129838 -0.00725643933229 0.0108714665732 0.0708324286065 -0.0155306011704 0.020910928896 0.00529159357182 0.00831677657966 0.0186078143925 -0.00572146566231 0.00645785757855 -0.00486083446305 -0.00652697790538 0.0255943342964 0.0577586591114 
0.00335051024512 -0.00981445364262 0.0105205894109 0.0406117281902 0.0132517030112 0.000557357142723 -0.0213403091899 -0.00348813138886 -0.00557856465717 0.0228370350163 -0.0252714426652 0.0184611607285 0.0741221838209 0.00756605578787 0.0132208974626 0.0308991272229 0.00222880269284 0.0232902975312 0.064957628919 0.377268812935 0.0220426988362 0.00319421030299 -0.0107204893233 -0.0110175475147 0.0230008940622 -0.0111816307691 0.0344023007582 -0.0079867923994 -0.000699952804652 0.0440004852334 -0.0148057542515 -0.0137969822401 0.0054086651601 0.0123170597848 0.0148722802891 0.0131518660256 0.00359658628066 -0.0205123901904 -0.00277772600328 0.043477420532 0.0185831185303 0.207677920423 0.0246606274599 -0.00854963048666 0.0166086901832 0.119372925763 0.0196483703115 -0.00890868684539 0.00502549891946 0.00171550135638 -0.00775754892837 0.0524156977035 0.0154025442378 -0.00183156902083 -0.00261185645694 0.0166384582487 0.0125019521072 -0.0183075036497 0.01044863157 -0.0186754104189 0.01124206198 0.00458311632553 -0.0158286171579 0.0270915570585 0.00266335847297 0.0376749192754 0.0231451894087 -0.00253105465559 -0.0242501494057 0.126293366247 0.00267607242971 0.0237251712313 0.16942905879 0.00540848526842 0.0149892987351 0.0192145317519 0.0257099293055 0.00455292060573 0.0185775951616 0.0101649452652 0.00782046340768 0.0113675993588 0.00683644705806 0.0105883976995 -0.0105239383609 -0.0152064196323 0.0343694153857 -0.00202418576324 0.0989201490302 0.0319780922296 -0.00202349036967 0.0286778159362 0.00330543192066 -0.0218428873094 -0.0140169629996 0.0113416695689 -0.0119481600503 0.0299991166651 0.00332324252801 0.0161055493068 
0.0119390932713 -0.000386266717776 0.00984427951967 -0.00567221352267 -0.000303727733598 0.0164647285688 0.0716568111973 -0.0118526647455 0.0119243299055 0.041848731607 0.00873311030956 0.0127962241543 0.0367396945217 0.00900802460667 0.0181281032891 0.00490243113841 0.0105081942871 0.0257544776427 0.0226812253552 0.0220426988362 0.27281708508 -0.012243493528 0.0044029227418 -0.0117913779238 0.00534715356742 0.00123590409498 0.0144373503885 -0.0034252533887 0.0113448692459 0.0325907946435 0.0129750354618 0.0254386313051 -0.00379230642425 0.0172348001394 -0.00569170880234 0.0441375825371 0.000805456265463 0.0160215861391 0.0190178743018 0.013977120133 0.0230146058173 -0.0100571528307 0.0167820186653 0.0075882143055 -0.00811924655552 0.0165972207384 0.0277046884897 -0.0097014745684 -0.00626487564325 0.0412885372674 -0.00110013245998 0.0120242632631 0.0222812032885 0.0162783296417 0.00839052330952 0.00410023887961 0.0341603738404 0.00503239705151 0.00678803745977 -0.0537792158778 -0.00397916370559 0.0255646561848 0.00398388202199 0.00592726290182 0.0126299380999 -0.00224730591315 0.0237456368181 0.0331289394502 -0.019267161885 0.0185551332761 0.00702878196804 0.00815947105637 -0.00551100015443 -0.0109648507444 0.0135679034349 0.0133355604336 0.00249057576469 0.0367153358348 -0.000918541684762 -0.0102757072589 0.0180381020203 0.0328823754998 0.0216656093871 0.011954399348 -0.00997426829522 0.0259130535359 0.0551668144931 -0.0087322290126 0.0210165061136 -0.0117986884858 0.0115359146185 0.0291342995009 -0.0130821749522 -0.0117279109887 0.0109156986304 0.0291878299428 0.00611726884434 0.00927858033422 0.012213504481 0.0153768348562 
0.0187097452217 0.0127906762003 -3.02653091251e-05 0.0302284782244 0.0562777009622 0.0130792534091 0.0141355690185 0.00131258028794 0.00977908440096 0.00394839963775 0.0151330777896 0.00176817141162 0.0351165326052 0.0246993496566 -0.0162852543915 -0.000551635114107 0.0164619461855 -0.00432564802426 0.0389945706401 0.00319421030299 -0.012243493528 0.190172564148 0.0256597275472 -0.0128404466402 -0.012162301938 0.00103418502851 0.00804247091187 0.00427961770052 0.0122499156183 -0.0162603075595 -0.00834392951726 0.0384629185037 0.0100328209959 0.0108485860954 0.0419798700953 0.00185384147542 0.0266777821491 0.00775726731956 0.0170788685504 -0.00431981276804 -0.00153778042361 0.0154251600204 0.00334459812891 0.00849884304312 0.00806501689894 0.0195675747024 0.0150358226973 0.0211863458251 0.0119398051543 0.017422106695 0.0105980607615 0.0357425007655 0.0329262349697 -0.00111362160903 0.0185470781058 0.00768581455432 0.0191001859213 0.0151511051016 0.00277196847897 0.00580272659053 0.0171936301863 0.0189530399648 0.00238143936547 0.0622608011144 0.00103435269893 -0.00157973668832 0.0100427007165 0.01131624543 0.0131410640613 0.0230905760919 0.0354804100069 0.0141741338062 0.018732488952 0.00171047597151 0.0228587461523 0.00174049489535 -0.000577868179654 0.0118578736041 0.023746583776 0.0174041490899 0.00628568455325 0.00481397312405 0.00102095911675 0.0308253049792 0.00910027991637 0.018579419234 0.00214997486337 0.00155553032725 -0.00710145501397 0.0047926346847 0.000612131522376 0.01734917941 -0.00998936739723 -0.0248086122584 -0.00730766459963 0.0229938958537 -0.000429813804814 -0.000331356925998 -0.0137172633014 -0.00343774031705 
0.0178224526863 0.0319856039315 -0.000430849705844 0.0146289129717 0.0123543707865 0.00503271877908 0.000954635935007 -0.00624022960874 0.00699546701527 0.0201199935099 0.00139483572621 0.0154947873013 0.0314190811903 0.00888606257846 0.0197457303211 0.014793162444 0.00850749259989 0.0165547204943 -0.0058644534395 -0.0107204893233 0.0044029227418 0.0256597275472 0.18184535285 0.000258568147181 0.00797407191353 0.0191308790332 0.0172769299185 -0.0123502493942 0.00619431791065 0.013579631325 0.00386182320891 0.0199483455785 0.019534658572 0.0159671264074 0.000308421171463 0.00493142347291 0.0297260856891 0.0243785695026 0.0183779574727 0.0115908597701 0.0186142302611 0.00102326992623 0.0114565305271 0.00106046884966 0.00949396867225 0.00795949686698 0.0100703600858 0.0331211257607 0.0180493943147 0.0147140423148 0.0248127751919 -0.00519561995599 0.0259618906973 0.0261594365947 0.00971963583467 0.0124592463007 0.0347847801781 0.0143232240597 0.0474591786533 0.00748558264569 0.0068597918523 0.0108635196147 0.0126860348593 0.00556230932011 0.0100606733372 0.0096615360347 0.0104414319875 -0.00325019250338 0.00926534140089 0.00418756327572 0.0205824288042 0.0146262713692 0.0029785943989 0.0157689353175 0.0294604542869 0.00494899704436 0.0142026954562 0.00740566293694 0.0386132357841 0.0119965416546 0.00333448345822 0.00969237269685 0.00417084486383 0.00827766958054 0.0122150806477 0.00835200486718 0.0107200541111 0.012162193671 0.0052543027616 0.00689458516153 0.00252434096263 0.0200403250802 0.000317180678549 0.012627105133 0.0556586348578 0.0117867990424 -0.00588762264962 0.00527982588286 0.0272861337158 -0.0132011214651 
