40
0.0205902908148 0.13588321519 0.0946597506959 0.0283013122104 0.0315088302779 0.0665048210348 0.0203567883068 0.0461662895592 0.0824662750087 0.0370780174455 0.0607700526619 0.0472299451056 0.148588071013 0.0625636206577 0.0300764430792 0.0453963667668 0.201887649263 -0.00662659235152 0.0437038130991 0.234070828585 0.00792878112812 0.0598638009539 -0.0014382556632 0.128291051585 0.0616353203302 0.0161964684659 0.0307338128464 0.135547989167 0.0384658872101 0.0870955077299 0.0594275332512 0.0398839612709 0.176756138136 0.00646873977314 0.0773544805674 -0.00277796207049 0.0392369654355 0.0413413845105 0.0564449965361 0.033790820858 
0.296839341374 0.0512467678164 0.00345603967827 0.00855629988099 0.0105051151801 0.0337109201441 0.0138119909822 0.00648040538011 0.0176453746414 0.0261487883015 0.0144771895993 0.0102056357138 -0.00547077121841 0.0166197277168 0.0243313265597 -0.00442249000378 0.0313617349322 0.012059140028 0.013097247329 0.0468265447457 0.02567798927 0.0173674522064 0.0126198969427 0.0100181215509 -0.000417160024547 0.0250274218164 0.0291510632615 0.0236791046105 -0.0193743456046 0.028219226014 -0.0042721123042 0.00114837116624 0.0225882741769 0.0148619106644 0.0295868651358 0.0190334799991 0.0185737596154 -0.0019322940033 0.0396690283359 -0.00439460226873 
0.0512467678164 1.20086626327 0.044636692165 -0.0394313303126 0.0121899047283 0.00409176141521 -0.0155882942132 -0.00223221584363 -0.0194571913227 0.082360435146 0.0375691951105 -0.000787342942167 0.0200061797003 0.0293174886415 -0.00577557170493 0.00600270910991 -0.0166509680416 0.0196217360318 0.0389142250049 0.08848945097 0.0139919343081 0.00704063418578 0.0171919521189 0.00406288058098 -0.0211803915107 0.0205304824764 -0.0111393581893 0.0291169275293 -0.00660481866338 -0.021064578034 0.0329025384808 0.00135616004425 0.0125119228596 -0.0106084618459 0.00841429307944 0.0239888606368 0.0175367209816 -0.0104499236579 0.0152219570002 0.00912179787719 
0.00345603967827 0.044636692165 0.446036232625 0.0210012999774 0.00970761852744 0.0151965328044 -0.00383288281707 0.0256742032194 0.0130208222631 0.00889345303791 0.00128013037523 0.016434253579 0.0467226748455 0.0197424053609 -0.00645660740154 -0.00355309677091 0.0391336307398 0.0215398313798 0.00912256094794 0.0900233235146 0.0193700198266 0.0042609268189 0.0209953004358 0.00531895905491 0.0423269372723 0.00365155281322 0.00241870385657 0.0168639684174 0.0283708775505 0.0300719421636 0.0124776519731 -0.0189222612866 0.0224676813762 0.00414841407351 0.0297395017393 0.0483693982213 0.0220895854011 0.0124266786879 0.0273501353128 0.0134553102555 
0.00855629988099 -0.0394313303126 0.0210012999774 0.201046870008 0.00796763585981 0.00364389457194 0.00535192904949 -0.00276251838654 -0.0108237271502 0.0146422946991 0.0181401408949 -0.0122999507334 0.0310691816291 0.00558677033878 0.0228650244017 0.0100026819204 0.0214922496904 0.00993648090576 0.00949866484187 0.005505001873 -0.00384973089837 0.0251687813604 -0.00109545982199 0.0280814938593 -0.00307005796167 -0.0108484210542 0.0312767077096 0.044035308043 0.0206004233729 0.0156231593099 0.00824916888606 0.0169004442106 -0.0113104271761 0.000223020575904 -0.00275942732856 0.0138294679245 0.0231245455609 0.0022634284957 -0.00675448446878 -0.00471947967828 
0.0105051151801 0.0121899047283 0.00970761852744 0.00796763585981 0.227230931288 0.0219936066942 0.011244470719 0.00192370186272 0.03119177966 0.0277096893897 0.027563615217 0.0201402857067 0.0317014520172 0.0540726935334 0.0234605243101 0.0101126253938 0.0193730302668 0.021796947269 0.0122064496829 0.0106620290164 0.0245623808738 0.0378161671753 0.013613069734 0.0272903410108 0.0333594770938 0.0119075710924 0.0100947684064 -0.00459833185477 0.0533502646021 0.0320240817414 0.01001986311 0.0145531642735 -0.00248723327575 0.0214903917931 0.0274174658301 0.00648454962039 0.0488132486905 0.0182285464719 0.0345095795594 0.0239963532743 
0.0337109201441 0.00409176141521 0.0151965328044 0.00364389457194 0.0219936066942 0.236399489907 0.0419135678798 0.00666206740889 -0.00814930162547 0.0177364579306 0.0198828799947 0.0453098397 0.0248690471298 0.0312937468481 0.0185787833082 0.00914514075 0.00445325115935 0.00475011451592 0.0145727334755 0.0121303929497 0.0286884155841 0.0399091145234 0.0071299196491 0.0120005609803 -0.00306913356174 0.0234612605691 0.0140099831727 0.0100705293594 0.0384203832659 -0.00635556635012 0.0149769981838 0.0159951043149 0.0197795105542 0.0652838740526 0.0318051278374 -0.0129209971812 0.0552367606717 0.023248790624 0.000300566983635 0.000356742798291 
0.0138119909822 -0.0155882942132 -0.00383288281708 0.00535192904949 0.011244470719 0.0419135678798 0.266722425278 0.0261184390142 -0.0274448788278 0.00450924367334 0.0157519767167 0.00879069977805 0.00956521882034 0.00050541836511 0.0361396916824 0.00829859674835 0.0115255619274 0.00119567218455 0.00999921147897 0.0204076456876 0.013401936533 0.026298640498 -0.011033309037 0.014537776588 0.00295350874884 0.0336626794114 0.011754401246 0.00798710457019 0.0426217886043 -0.0123833440032 -0.00229144813212 0.0153043440775 0.00385504328492 0.0469520165908 -0.00634335124456 0.00211601118167 0.0434088586922 0.030677169345 0.00550996257425 0.0131690467208 
0.00648040538011 -0.00223221584363 0.0256742032194 -0.00276251838654 0.00192370186272 0.00666206740889 0.0261184390142 0.335610766213 -0.0192647490797 0.00432068675974 0.0353259345379 0.0546896797093 0.0314743486906 0.0114590147155 0.0217916475486 0.020561565681 -0.0120382681895 0.0114962773282 0.0305572613362 0.0602858344423 0.0134975343074 0.0124333699181 0.0039210856785 0.0345231610021 0.0382547425886 0.0289858289284 0.00638890738193 0.016509502762 0.0279918272751 0.0332971654407 0.00525388348566 0.0213846889645 0.0121966486087 0.0152988623009 0.0586789648709 0.000248904633178 0.0269629299081 0.018016604308 0.0116268743218 0.0246021097023 
0.0176453746414 -0.0194571913227 0.0130208222631 -0.0108237271502 0.03119177966 -0.00814930162547 -0.0274448788278 -0.0192647490797 0.446673157062 0.0296406247717 0.0221236136941 0.0257608295213 -0.0109766155183 0.0164137091397 0.0019352844564 0.0317207178534 -0.0217925555715 0.0464831349123 0.0272837062869 0.0138630845716 0.0252427384848 0.0269919147222 0.00504390616517 -0.0131155154838 -0.00785490015907 0.0113577062697 0.0107443858921 -0.00616628449072 -0.00427332366672 0.102105731222 0.019320855633 0.00463785031116 0.0229245031084 0.00938460041163 -0.00742272047113 0.00257385001927 0.00295272110249 0.026260797872 0.0814429154663 0.0229307391987 
0.0261487883015 0.082360435146 0.00889345303791 0.0146422946991 0.0277096893897 0.0177364579306 0.00450924367334 0.00432068675974 0.0296406247717 0.167822639175 0.0236012437014 0.0345831950979 0.0112973098656 0.0359751955018 0.00483333325022 0.00878722609406 -0.0106348687675 0.0172490483166 0.0139913530372 -0.00191741041364 -0.00042925913653 0.0263560552488 -0.0124171761977 0.0381206409198 0.00775290580787 0.0174792099178 0.0288798999925 0.0149754007551 0.0240952142515 0.0256738385546 0.0123431587188 0.0124229435159 -0.0167461405327 0.0465738198435 0.0440297629066 0.0111828439354 0.0387173174835 -3.72155240865e-05 0.0022450755722 0.000424219798583 
0.0144771895993 0.0375691951105 0.00128013037523 0.0181401408949 0.027563615217 0.0198828799947 0.0157519767167 0.0353259345379 0.0221236136941 0.0236012437014 0.260876599604 0.00547589462447 0.0107037458342 0.0139545238017 0.0175424478779 0.00432994777126 0.0777760238904 0.00223923151938 0.0120280915079 0.0758562132018 0.0302534089497 0.0152712748576 0.0135677186385 0.015095840384 0.0393762386926 -0.000814511106302 0.0241176723746 0.0278647749315 0.0198100706691 0.0189110180599 -0.00577168868495 -0.00196212041884 0.00980998206255 0.018883724972 0.0399034188954 0.00891607624945 0.00041986446108 0.0310608973456 0.0209525073069 0.0160699963517 
0.0102056357138 -0.000787342942167 0.016434253579 -0.0122999507334 0.0201402857067 0.0453098397 0.00879069977805 0.0546896797093 0.0257608295213 0.0345831950979 0.00547589462447 0.276773418259 0.0202967608623 0.0393223287505 0.0111584913218 0.00313432305431 -0.0263968948032 0.0089624522242 0.0387887395538 0.0292887691077 -0.00745894033941 0.0346551897327 -0.00525339863611 0.0111219428509 0.0205161927066 0.0249089210596 0.0157168584005 -0.024907659002 0.0255157244607 0.0018750301013 0.0139512886592 0.00633877115471 0.0145980254613 0.0369816891202 0.0477345247103 -0.00354741649501 0.021533720014 0.0246032903167 0.0258407276523 0.0227687723377 
-0.00547077121841 0.0200061797003 0.0467226748455 0.0310691816291 0.0317014520172 0.0248690471298 0.00956521882034 0.0314743486906 -0.0109766155183 0.0112973098656 0.0107037458342 0.0202967608623 0.475048847039 0.0288628079769 0.0274057022148 -0.00655181157981 0.00596326980408 0.0140410656324 0.00503351533557 0.0370847090513 -0.00607337292398 0.0373064027394 0.0147235384966 -0.00114262398006 0.0194113516384 0.00723104935489 0.0145447192989 0.0204452425863 0.0452097498552 0.00803182855623 -0.0104111408727 0.0172159705467 0.0526732224829 0.0368398688741 0.0461478210175 0.012518034251 0.0397155624058 0.0243298134471 0.00637022352011 0.0219585355887 
0.0166197277168 0.0293174886415 0.0197424053609 0.00558677033878 0.0540726935334 0.0312937468481 0.00050541836511 0.0114590147155 0.0164137091397 0.0359751955018 0.0139545238017 0.0393223287505 0.0288628079769 0.301090059524 0.0127459580379 0.0167394530784 -0.0111003344679 -0.00448725192347 0.0289770316882 0.0265144188045 -0.0114388039631 0.0263497524868 0.011717571492 0.0152878780773 0.0346201580648 0.0299282881042 0.00458627302845 0.0081457067841 0.0198366076602 0.00415803532747 0.0178191484018 0.00350971311459 0.0025846462641 0.0400792195814 0.0492158589924 0.00709556336445 0.0284446865159 0.0387782047397 0.026610850402 0.00456279339245 
0.0243313265597 -0.00577557170493 -0.00645660740154 0.0228650244017 0.0234605243101 0.0185787833082 0.0361396916824 0.0217916475486 0.0019352844564 0.00483333325022 0.0175424478779 0.0111584913218 0.0274057022148 0.0127459580379 0.366052380863 0.00169893462572 0.00678363564718 9.94871287863e-05 -0.00303819969752 0.0562115566243 0.0221153294727 0.0142258088338 0.00633053192439 0.00121379506817 0.00659267176811 0.0121106680858 -0.00934971268577 -0.000882831016172 0.0330944927965 0.00465937413117 0.00014862035565 0.016954160545 0.0678574948687 0.0205564097286 0.0214944583949 0.0184022983685 0.0215447814414 0.0249269707097 0.0055535559889 0.025066236725 
-0.00442249000378 0.00600270910991 -0.00355309677091 0.0100026819204 0.0101126253938 0.00914514075 0.00829859674835 0.020561565681 0.0317207178534 0.00878722609406 0.00432994777126 0.00313432305431 -0.00655181157981 0.0167394530784 0.00169893462572 0.363021771966 0.0683401077334 -0.0061708774199 0.0275370344323 -0.00301822833919 0.0482018203808 0.00485118634077 0.0118897904586 0.0134011559231 0.0294594350575 0.0175015010228 -0.0103053237257 -0.0212338125593 -0.00234928900156 -0.00198763484836 -0.00767421516209 -0.00207948601292 0.00479196481766 -0.00659952783669 -0.00514930585388 0.00552680865503 0.0223117684473 0.00940421664148 -0.0058165462543 0.035579590601 
0.0313617349322 -0.0166509680416 0.0391336307398 0.0214922496904 0.0193730302668 0.00445325115935 0.0115255619274 -0.0120382681895 -0.0217925555715 -0.0106348687675 0.0777760238904 -0.0263968948032 0.00596326980408 -0.0111003344679 0.00678363564718 0.0683401077334 0.765813181533 -0.00126857154678 0.0170808233219 0.0733488269905 -0.00287536211087 0.0667153603374 0.0436599314753 0.0146885468315 0.0578553068498 0.0101966656952 -0.00881040908707 0.0562710044564 -0.00308239140944 0.00459264368669 -0.00241123288358 0.00138063672418 -0.0108555128951 -0.00148299964096 0.0577136355732 0.0549642318179 0.00400894856707 0.00588744280933 0.00602844559759 0.00477733313501 
0.012059140028 0.0196217360318 0.0215398313798 0.00993648090576 0.021796947269 0.00475011451592 0.00119567218454 0.0114962773282 0.0464831349123 0.0172490483166 0.00223923151939 0.0089624522242 0.0140410656324 -0.00448725192347 9.94871287864e-05 -0.0061708774199 -0.00126857154678 0.165351880505 0.0224166268199 0.00765053254192 0.0118191148816 0.0367686773074 0.0248786864531 0.0191447456227 0.00816088090434 0.0278862946898 0.0289539446773 0.00628773832252 0.0282285479207 0.0466006796715 0.0125970747545 0.00415069518113 0.0158698953295 0.018641315358 0.0184774302676 0.0165618169284 0.0137851628566 -0.00117867683795 0.0508082124926 0.0190329563693 
0.013097247329 0.0389142250049 0.00912256094794 0.00949866484187 0.0122064496829 0.0145727334755 0.00999921147897 0.0305572613362 0.0272837062869 0.0139913530372 0.0120280915079 0.0387887395538 0.00503351533557 0.0289770316882 -0.00303819969752 0.0275370344323 0.0170808233219 0.0224166268199 0.206749506427 0.00947963428019 0.0052571892348 0.032216960937 -0.00653644889883 0.0281754750649 0.018129626404 0.0177965268712 0.00350412323183 0.0205000004456 0.0177933018999 0.00558668687522 0.00381097040665 0.0060790300144 -0.00514302429203 0.01257288123 0.0437759558295 0.00899738989777 0.0319786769261 0.0151432085684 0.00216312300143 0.0142167856902 
0.0468265447457 0.08848945097 0.0900233235146 0.005505001873 0.0106620290164 0.0121303929497 0.0204076456876 0.0602858344423 0.0138630845716 -0.00191741041364 0.0758562132018 0.0292887691077 0.0370847090513 0.0265144188045 0.0562115566243 -0.00301822833919 0.0733488269905 0.00765053254192 0.00947963428019 1.01012882434 0.0168620366326 0.0364606610288 0.037453940152 0.044563084959 0.03512467825 -0.00753266966246 0.00653281308547 0.0674525432081 0.0373689830552 0.0312297053845 0.00999765019954 -0.0312428458518 -0.0268635243269 0.00592926924424 0.0257020796848 0.0222244168695 0.00839917736558 0.0254246517059 0.0159493066212 0.0144541045006 
0.02567798927 0.0139919343081 0.0193700198266 -0.00384973089837 0.0245623808738 0.0286884155841 0.013401936533 0.0134975343074 0.0252427384848 -0.00042925913653 0.0302534089497 -0.00745894033941 -0.00607337292398 -0.0114388039631 0.0221153294727 0.0482018203808 -0.00287536211087 0.0118191148816 0.0052571892348 0.0168620366326 0.233686178819 0.00792450542813 0.0114090435327 0.00750774017445 0.0277305051483 0.013976533873 0.00931683034771 0.0163643925526 0.0158989486116 -0.024708374557 0.0172451626762 0.00522564068075 0.0211073757478 0.0149409346132 -0.0121777052668 -0.00764825442987 0.0205275733952 0.0101560544667 0.0130569370111 0.0188248256142 
0.0173674522064 0.00704063418578 0.0042609268189 0.0251687813604 0.0378161671753 0.0399091145234 0.026298640498 0.0124333699181 0.0269919147222 0.0263560552488 0.0152712748576 0.0346551897327 0.0373064027394 0.0263497524868 0.0142258088338 0.00485118634077 0.0667153603374 0.0367686773074 0.032216960937 0.0364606610288 0.00792450542813 0.187442671506 0.00262279394223 -0.00173106320579 0.0171658019408 0.0123048569254 0.0211917919767 -0.0017444828046 0.0285656442144 0.0216095523254 0.0123582765613 0.019357194727 0.0327226784389 0.0211024017614 0.0312674097975 0.00207188307786 0.0368654005761 0.0322182049256 0.0509661807298 0.0124206112807 
0.0126198969427 0.0171919521189 0.0209953004358 -0.00109545982199 0.013613069734 0.0071299196491 -0.011033309037 0.0039210856785 0.00504390616517 -0.0124171761977 0.0135677186385 -0.00525339863611 0.0147235384966 0.011717571492 0.00633053192439 0.0118897904586 0.0436599314753 0.0248786864531 -0.00653644889883 0.037453940152 0.0114090435327 0.00262279394223 0.216767412254 0.0262961169839 0.0212670196726 -0.0182672944395 0.00614854456647 0.0289524325461 0.0216635129924 0.0155681841584 -0.00660741913952 0.00342237409433 0.0241178356076 0.00945539799983 -0.00553395672918 0.00745109942921 0.00536047536655 0.00708147274103 0.0214396182299 -0.00275871795534 
0.0100181215509 0.00406288058098 0.00531895905491 0.0280814938593 0.0272903410108 0.0120005609803 0.014537776588 0.0345231610021 -0.0131155154838 0.0381206409198 0.015095840384 0.0111219428509 -0.00114262398006 0.0152878780773 0.00121379506817 0.0134011559231 0.0146885468315 0.0191447456227 0.0281754750649 0.044563084959 0.00750774017445 -0.00173106320579 0.0262961169839 0.498484751264 0.0487085931272 0.00582937995346 0.00360545198605 0.0279114228174 0.00136723649094 0.0120473784543 0.00901476060465 0.00667936515861 -0.00655885781891 0.0240476266316 0.0465370661607 -0.00502514683675 0.0142208736564 0.024280504151 0.00868459986297 0.00811310479936 
-0.000417160024546 -0.0211803915107 0.0423269372723 -0.00307005796167 0.0333594770938 -0.00306913356174 0.00295350874884 0.0382547425886 -0.00785490015907 0.00775290580787 0.0393762386926 0.0205161927066 0.0194113516384 0.0346201580648 0.00659267176811 0.0294594350575 0.0578553068498 0.00816088090434 0.018129626404 0.03512467825 0.0277305051483 0.0171658019408 0.0212670196726 0.0487085931272 0.268867429582 0.00903994165862 0.00423761372265 0.0203718919106 0.0256175767905 0.00444145694833 -0.00169601146862 0.0101498301759 0.0460238993897 0.0219748981932 0.0270908337687 0.0240341406249 0.0168762047615 0.0415908215378 0.03380851295 0.0288380881454 
0.0250274218164 0.0205304824764 0.00365155281322 -0.0108484210542 0.0119075710924 0.0234612605691 0.0336626794114 0.0289858289284 0.0113577062697 0.0174792099178 -0.000814511106302 0.0249089210596 0.00723104935489 0.0299282881042 0.0121106680858 0.0175015010228 0.0101966656952 0.0278862946898 0.0177965268712 -0.00753266966246 0.013976533873 0.0123048569254 -0.0182672944395 0.00582937995346 0.00903994165862 0.169077569992 0.00937511936875 0.0204097770807 0.0181756419473 9.84479559183e-05 0.012723514045 0.0118512719597 -0.00995517465507 0.0231249635776 0.0327999501861 0.0162169602898 0.0187381712785 0.034130994273 0.00750132727143 0.011072710509 
0.0291510632615 -0.0111393581893 0.00241870385657 0.0312767077096 0.0100947684064 0.0140099831727 0.011754401246 0.00638890738193 0.0107443858921 0.0288798999925 0.0241176723746 0.0157168584005 0.0145447192989 0.00458627302845 -0.00934971268577 -0.0103053237257 -0.00881040908707 0.0289539446773 0.00350412323183 0.00653281308547 0.00931683034771 0.0211917919767 0.00614854456647 0.00360545198605 0.00423761372265 0.00937511936875 0.168785978573 -0.006644426573 0.0238030915691 0.00913252398197 0.0344962847472 0.0253414591761 0.00126265826665 0.0158020238427 0.0283662206213 0.0167460709898 0.0193773165434 0.00608521286742 0.0142839467959 0.00603901823295 
0.0236791046105 0.0291169275293 0.0168639684174 0.044035308043 -0.00459833185477 0.0100705293594 0.00798710457019 0.016509502762 -0.00616628449072 0.0149754007551 0.0278647749315 -0.024907659002 0.0204452425863 0.0081457067841 -0.000882831016172 -0.0212338125593 0.0562710044564 0.00628773832252 0.0205000004456 0.0674525432081 0.0163643925527 -0.0017444828046 0.0289524325461 0.0279114228174 0.0203718919106 0.0204097770807 -0.006644426573 0.488468690512 0.00070484587875 0.00178658985739 0.00414594625054 0.00597286439127 0.0290909368232 0.00627162934166 0.016178906024 0.0243562377697 0.0187885288558 -0.0106462066282 -0.0160456892816 0.00305195295855 
-0.0193743456046 -0.00660481866338 0.0283708775505 0.0206004233729 0.0533502646021 0.0384203832659 0.0426217886043 0.0279918272751 -0.00427332366671 0.0240952142515 0.0198100706691 0.0255157244607 0.0452097498552 0.0198366076602 0.0330944927965 -0.00234928900156 -0.00308239140944 0.0282285479207 0.0177933018999 0.0373689830552 0.0158989486116 0.0285656442144 0.0216635129924 0.00136723649094 0.0256175767905 0.0181756419473 0.0238030915691 0.00070484587875 0.224007348502 0.0196373151587 0.0102328447017 0.0084041065721 -0.00403613908244 0.0393955470541 0.0188458731079 0.0154838656074 0.0464664924032 0.0196576546571 0.0136918428816 0.00777205567407 
0.028219226014 -0.021064578034 0.0300719421636 0.0156231593099 0.0320240817414 -0.00635556635012 -0.0123833440032 0.0332971654407 0.102105731222 0.0256738385546 0.0189110180599 0.0018750301013 0.00803182855623 0.00415803532747 0.00465937413117 -0.00198763484836 0.00459264368669 0.0466006796715 0.00558668687522 0.0312297053845 -0.024708374557 0.0216095523254 0.0155681841584 0.0120473784543 0.00444145694833 9.84479559181e-05 0.00913252398197 0.00178658985739 0.0196373151587 0.453367257682 -0.000742680150092 0.0120074686979 -0.0263141708676 0.0243049943851 0.02392454104 -0.0221541933475 0.00956860249467 0.0230481141436 0.0496467332616 0.00765914436707 
-0.0042721123042 0.0329025384808 0.0124776519731 0.00824916888606 0.01001986311 0.0149769981838 -0.00229144813212 0.00525388348566 0.019320855633 0.0123431587188 -0.00577168868495 0.0139512886592 -0.0104111408727 0.0178191484018 0.00014862035565 -0.00767421516209 -0.00241123288358 0.0125970747545 0.00381097040665 0.00999765019954 0.0172451626762 0.0123582765613 -0.00660741913952 0.00901476060465 -0.00169601146862 0.012723514045 0.0344962847472 0.00414594625054 0.0102328447017 -0.000742680150092 0.235752059547 0.00994887791205 -0.00662656699794 -2.13362976956e-05 -0.00119316905061 0.00951579932221 0.0168575876289 0.0040803248217 0.0184813567806 0.00240555004639 
0.00114837116624 0.00135616004425 -0.0189222612866 0.0169004442106 0.0145531642735 0.0159951043149 0.0153043440775 0.0213846889645 0.00463785031116 0.0124229435159 -0.00196212041884 0.00633877115471 0.0172159705467 0.00350971311459 0.016954160545 -0.00207948601292 0.00138063672418 0.00415069518112 0.0060790300144 -0.0312428458518 0.00522564068075 0.019357194727 0.00342237409433 0.00667936515861 0.0101498301759 0.0118512719597 0.0253414591761 0.00597286439127 0.0084041065721 0.0120074686979 0.00994887791205 0.127896137722 0.0196527471016 0.0138689271071 0.0249110615885 0.0202453208301 0.0130342829716 0.0111171911391 0.017001653085 0.0347036602565 
0.0225882741769 0.0125119228596 0.0224676813762 -0.0113104271761 -0.00248723327575 0.0197795105542 0.00385504328492 0.0121966486087 0.0229245031084 -0.0167461405327 0.00980998206255 0.0145980254613 0.0526732224829 0.0025846462641 0.0678574948687 0.00479196481766 -0.0108555128951 0.0158698953295 -0.00514302429203 -0.0268635243269 0.0211073757478 0.0327226784389 0.0241178356076 -0.00655885781891 0.0460238993897 -0.00995517465507 0.00126265826665 0.0290909368232 -0.00403613908244 -0.0263141708676 -0.00662656699794 0.0196527471016 1.48929315992 0.010693578359 0.0166612893569 0.00918323826415 0.0212689214351 0.0231682206535 0.0169383637732 0.0186695200563 
0.0148619106644 -0.0106084618459 0.00414841407351 0.000223020575903 0.0214903917931 0.0652838740526 0.0469520165908 0.0152988623009 0.00938460041163 0.0465738198435 0.018883724972 0.0369816891202 0.0368398688741 0.0400792195814 0.0205564097286 -0.00659952783669 -0.00148299964096 0.018641315358 0.01257288123 0.00592926924424 0.0149409346132 0.0211024017614 0.00945539799983 0.0240476266316 0.0219748981932 0.0231249635776 0.0158020238427 0.00627162934166 0.0393955470541 0.0243049943851 -2.13362976957e-05 0.0138689271071 0.010693578359 0.171053201119 0.0216200245683 0.00486745079109 0.0617509884258 0.016692491569 0.0197591803742 0.00991924917666 
0.0295868651358 0.00841429307944 0.0297395017393 -0.00275942732856 0.0274174658301 0.0318051278374 -0.00634335124456 0.0586789648709 -0.00742272047113 0.0440297629066 0.0399034188954 0.0477345247103 0.0461478210175 0.0492158589924 0.0214944583949 -0.00514930585388 0.0577136355732 0.0184774302676 0.0437759558295 0.0257020796848 -0.0121777052668 0.0312674097975 -0.00553395672918 0.0465370661607 0.0270908337687 0.0327999501861 0.0283662206213 0.016178906024 0.0188458731079 0.02392454104 -0.00119316905061 0.0249110615885 0.0166612893569 0.0216200245683 0.272612909551 0.0293193215887 0.0331274294137 0.0267488699721 0.000466860211032 0.008955170194 
0.0190334799991 0.0239888606368 0.0483693982213 0.0138294679245 0.00648454962039 -0.0129209971812 0.00211601118167 0.000248904633178 0.00257385001927 0.0111828439354 0.00891607624945 -0.00354741649501 0.012518034251 0.00709556336445 0.0184022983685 0.00552680865503 0.0549642318179 0.0165618169284 0.00899738989777 0.0222244168695 -0.00764825442987 0.00207188307786 0.00745109942921 -0.00502514683675 0.0240341406249 0.0162169602898 0.0167460709898 0.0243562377697 0.0154838656074 -0.0221541933475 0.00951579932221 0.0202453208301 0.00918323826415 0.00486745079109 0.0293193215887 0.257814975186 -0.00277002068093 -0.0102931604188 0.0131309963457 0.0104235598671 
0.0185737596154 0.0175367209816 0.0220895854011 0.0231245455609 0.0488132486905 0.0552367606717 0.0434088586922 0.0269629299081 0.00295272110249 0.0387173174835 0.00041986446108 0.021533720014 0.0397155624058 0.0284446865159 0.0215447814414 0.0223117684473 0.00400894856707 0.0137851628566 0.0319786769261 0.00839917736558 0.0205275733952 0.0368654005761 0.00536047536655 0.0142208736564 0.0168762047615 0.0187381712785 0.0193773165434 0.0187885288558 0.0464664924032 0.00956860249467 0.0168575876289 0.0130342829716 0.0212689214351 0.0617509884258 0.0331274294137 -0.00277002068093 0.15425083745 0.00756299838222 0.0172729065468 0.0230458389027 
-0.0019322940033 -0.0104499236579 0.0124266786879 0.0022634284957 0.0182285464719 0.023248790624 0.030677169345 0.018016604308 0.026260797872 -3.72155240865e-05 0.0310608973456 0.0246032903167 0.0243298134471 0.0387782047397 0.0249269707097 0.00940421664148 0.00588744280933 -0.00117867683795 0.0151432085684 0.0254246517059 0.0101560544667 0.0322182049256 0.00708147274103 0.024280504151 0.0415908215378 0.034130994273 0.00608521286742 -0.0106462066282 0.0196576546571 0.0230481141436 0.0040803248217 0.0111171911391 0.0231682206535 0.016692491569 0.0267488699721 -0.0102931604188 0.00756299838222 0.239535369351 0.00921329725061 0.00371450547877 
0.0396690283359 0.0152219570002 0.0273501353128 -0.00675448446878 0.0345095795594 0.000300566983635 0.00550996257425 0.0116268743218 0.0814429154663 0.0022450755722 0.0209525073069 0.0258407276523 0.00637022352011 0.026610850402 0.0055535559889 -0.0058165462543 0.00602844559759 0.0508082124926 0.00216312300143 0.0159493066212 0.0130569370111 0.0509661807298 0.0214396182299 0.00868459986297 0.03380851295 0.00750132727143 0.0142839467959 -0.0160456892816 0.0136918428816 0.0496467332616 0.0184813567806 0.017001653085 0.0169383637732 0.0197591803742 0.000466860211032 0.0131309963457 0.0172729065468 0.00921329725061 0.261353889695 0.00934439729171 
-0.00439460226872 0.00912179787719 0.0134553102555 -0.00471947967828 0.0239963532743 0.000356742798291 0.0131690467208 0.0246021097023 0.0229307391987 0.000424219798583 0.0160699963517 0.0227687723377 0.0219585355887 0.00456279339245 0.025066236725 0.035579590601 0.00477733313501 0.0190329563693 0.0142167856902 0.0144541045006 0.0188248256142 0.0124206112807 -0.00275871795534 0.00811310479936 0.0288380881454 0.011072710509 0.00603901823295 0.00305195295855 0.00777205567407 0.00765914436707 0.00240555004639 0.0347036602565 0.0186695200563 0.00991924917666 0.008955170194 0.0104235598671 0.0230458389027 0.00371450547877 0.00934439729171 0.181402040914 
0.0257070410472 0.00443810027909 0.000299301815787 0.000740997305933 0.000909769661561 0.00291945132297 0.00119615350675 0.0005612195686 0.00152813426987 0.00226455149473 0.00125376139684 0.000883833978989 -0.000473782685344 0.00143931064067 0.00210715469084 -0.000382998869126 0.0027160059158 0.00104435216121 0.00113425489065 0.00405529773212 0.00222377910259 0.00150406548098 0.00109291513455 0.000867594776129 -3.61271178701e-05 0.00216743830842 0.00252455613318 0.00205067061316 -0.00167786754753 0.00244385666032 -0.000369975778326 9.94518602941e-05 0.00195620192648 0.00128707921841 0.0025622976826 0.00164834772016 0.00160853476707 -0.000167341569444 0.00343543862823 -0.000380583720424 
0.00443810027909 0.103998069054 0.00386565093558 -0.00341485337557 0.00105567671645 0.00035435693318 -0.00134998587903 -0.000193315562732 -0.00168504219718 0.00713262291032 0.00325358773654 -6.81858989407e-05 0.00173258598531 0.00253896899387 -0.000500179181785 0.000519849858071 -0.00144201613216 0.00169929218699 0.00337007074228 0.0076634112507 0.00121173705589 0.000609736806364 0.00148886672756 0.000351855779567 -0.00183427571104 0.00177799193765 -0.000964696717382 0.00252159989205 -0.000571994074988 -0.00182424596975 0.00284944341733 0.000117446904992 0.00108356430466 -0.000918719745363 0.000728699156168 0.00207749627193 0.00151872458691 -0.000904989935534 0.00131826014575 0.000789970868984 
0.000299301815787 0.00386565093558 0.0386278708461 0.00181876592929 0.000840704425501 0.0013160583458 -0.000331937388932 0.00222345122099 0.0011276362858 0.00077019562582 0.00011086254251 0.00142324810917 0.0040463023349 0.00170974245743 -0.000559158603199 -0.000307707206571 0.0033890718363 0.00186540411682 0.000790036952849 0.00779624850968 0.00167749292416 0.000369007086883 0.00181824635375 0.000460635366324 0.00366562029422 0.000316233749951 0.000209465898402 0.00146046250581 0.00245699006864 0.00260430658548 0.00108059635883 -0.00163871589713 0.00194575828359 0.000359263197308 0.00257551640022 0.00418891276254 0.00191301421164 0.00107618194284 0.00236859119779 0.0011652640497 
0.000740997305933 -0.00341485337557 0.00181876592929 0.0174111696779 0.00069001750627 0.000315570526802 0.000463490651611 -0.000239241110117 -0.000937362267567 0.00126805991792 0.00157098228433 -0.00106520698004 0.00269067005656 0.00048382850385 0.001980169199 0.000866257664902 0.00186128342164 0.00086052448886 0.000822608505509 0.00047674714699 -0.000333396475572 0.00217968040404 -9.48696034669e-05 0.00243192870584 -0.00026587481859 -0.00093950082239 0.00270864234232 0.00381356954287 0.00178404899696 0.00135300528498 0.000714398981543 0.00146362140217 -0.000979511726218 1.93141484299e-05 -0.000238973416643 0.00119766705434 0.00200264439067 0.000196018657692 -0.000584955513943 -0.000408718929403 
0.000909769661561 0.00105567671645 0.000840704425501 0.00069001750627 0.0196787759021 0.0019047022118 0.000973799729478 0.000166597468242 0.00270128735748 0.00239972949424 0.0023870790998 0.00174419990615 0.00274542627837 0.00468283262509 0.00203174100387 0.000875779048996 0.00167775363593 0.00188767100599 0.00105710955154 0.000923358798408 0.00212716458142 0.00327497614476 0.00117892642131 0.00236341285933 0.00288901546202 0.00103122590633 0.000874232588526 -0.000398227220127 0.0046202684444 0.00277336683209 0.000867745599572 0.00126034099663 -0.000215400720194 0.00186112252301 0.00237442219163 0.000561578470336 0.00422735134072 0.00157863843187 0.00298861725724 0.00207814515337 
0.00291945132297 0.00035435693318 0.0013160583458 0.000315570526801 0.0019047022118 0.0204727963701 0.00362982145472 0.000576951961782 -0.000705750223076 0.0015360223141 0.00172190791758 0.00392394722216 0.00215372265823 0.002710117975 0.00160896983163 0.000791992421069 0.000385662863343 0.000411371984167 0.00126203573923 0.00105052284524 0.00248448966902 0.00345623070198 0.000617469154306 0.00103927906686 -0.000265794763207 0.00203180476577 0.00121330013342 0.000872133425482 0.00332730279314 -0.000550408191464 0.00129704608996 0.00138521666729 0.00171295586144 0.00565374933871 0.00275440486778 -0.00111899118011 0.00478364379645 0.00201340432877 2.60298643367e-05 3.08948325937e-05 
0.00119615350675 -0.00134998587903 -0.000331937388932 0.000463490651611 0.000973799729478 0.00362982145472 0.023098839605 0.00226192316935 -0.00237679622687 0.000390511957297 0.00136416119965 0.000761296932483 0.000828372249117 4.37705143725e-05 0.00312978910819 0.000718679559983 0.0009981429422 0.000103548248641 0.00086595711586 0.00176735395969 0.00116064174974 0.00227752907563 -0.000955512591389 0.00125900838398 0.000255781360679 0.00291527355297 0.00101796100853 0.000691703546047 0.00369115516861 -0.00107242904906 -0.000198445229387 0.00132539507594 0.000333856541743 0.00406616391265 -0.000549350332291 0.000183251943802 0.00375931743768 0.0026567207969 0.000477176756321 0.00114047290039 
0.0005612195686 -0.000193315562732 0.00222345122099 -0.000239241110117 0.000166597468242 0.000576951961782 0.00226192316935 0.0290647449324 -0.00166837621005 0.000374182449573 0.00305931567223 0.00473626519531 0.00272575855337 0.000992379784594 0.00188721203674 0.00178068382213 -0.00104254460696 0.000995606821516 0.00264633645872 0.00522090641154 0.00116892075986 0.00107676142038 0.000339575980799 0.00298979344467 0.0033129578897 0.00251024642017 0.000553295609518 0.00142976487958 0.00242416335186 0.00288361911457 0.000454999656711 0.00185196838953 0.00105626075361 0.00132492034016 0.0050817474246 2.15557735452e-05 0.00233505822608 0.00156028370207 0.00100691685292 0.00213060519889 
0.00152813426987 -0.00168504219718 0.0011276362858 -0.000937362267567 0.00270128735748 -0.000705750223076 -0.00237679622687 -0.00166837621005 0.0386830301204 0.00256695340363 0.00191596114826 0.0022309532788 -0.000950602788639 0.00142146890853 0.000167600550279 0.00274709474873 -0.00188729067383 0.00402555756816 0.00236283827539 0.00120057834138 0.00218608527889 0.00233756838462 0.000436815087335 -0.00113583695927 -0.000680254308194 0.000983606215828 0.000930491113062 -0.000534015901592 -0.000370080685397 0.00884261571104 0.00167323518011 0.000401649618841 0.0019853202061 0.000812730236084 -0.000642826449319 0.000222901950222 0.000255713148504 0.00227425180808 0.00705316337521 0.00198586026736 
0.00226455149473 0.00713262291032 0.00077019562582 0.00126805991792 0.00239972949424 0.0015360223141 0.000390511957297 0.000374182449573 0.00256695340363 0.0145338668855 0.00204392766063 0.00299499254988 0.000978375733802 0.00311554332107 0.000418578937965 0.000760996102626 -0.000921006651856 0.00149381140333 0.00121168671635 -0.000166052612769 -3.71749317042e-05 0.0022825013389 -0.00107535900305 0.00330134434451 0.000671421338276 0.00151374398269 0.00250107270523 0.00129690774858 0.00208670676514 0.00222341964009 0.00106894890134 0.00107585846745 -0.00145025831166 0.00403341111357 0.00381308931997 0.000968462693458 0.00335301805071 -3.22295892741e-06 0.000194429247894 3.67385122362e-05 
0.00125376139684 0.00325358773654 0.00011086254251 0.00157098228433 0.0023870790998 0.00172190791758 0.00136416119965 0.00305931567223 0.00191596114826 0.00204392766063 0.022592576251 0.000474226385324 0.000926971580805 0.001208497211 0.00151922055068 0.000374984476697 0.00673560124945 0.000193923138074 0.00104166328049 0.00656934076676 0.00262002207015 0.00132253119748 0.00117499890124 0.0013073381264 0.00341008230133 -7.05387309722e-05 0.00208865169565 0.00241316029614 0.00171560244502 0.00163774220513 -0.00049984290239 -0.0001699246128 0.000849569367684 0.00163537855438 0.00345573744612 0.00077215485341 3.63613289442e-05 0.00268995261656 0.00181454036007 0.00139170250793 
0.000883833978989 -6.81858989407e-05 0.00142324810917 -0.00106520698004 0.00174419990615 0.00392394722216 0.000761296932483 0.00473626519531 0.0022309532788 0.00299499254988 0.000474226385324 0.0239692811305 0.00175775105213 0.00340541356339 0.000966353695262 0.00027144033887 -0.00228603814806 0.000776171130636 0.00335920338344 0.00253648180928 -0.000645963181924 0.00300122746815 -0.000454957667508 0.000963188504836 0.00177675440728 0.00215717584184 0.00136111986425 -0.00215706654445 0.0022097265579 0.000162382370058 0.00120821703944 0.000548953684875 0.00126422608946 0.0032027082253 0.00413393110367 -0.000307215280248 0.00186487485701 0.00213070744309 0.00223787265992 0.00197183352574 
-0.000473782685344 0.00173258598531 0.0040463023349 0.00269067005656 0.00274542627837 0.00215372265823 0.000828372249117 0.00272575855337 -0.000950602788639 0.000978375733802 0.000926971580805 0.00175775105213 0.0411404369574 0.00249959249326 0.00237340343266 -0.000567403526892 0.000516434313995 0.00121599195339 0.000435915215095 0.00321163001304 -0.000525969523883 0.00323082924961 0.00127509583716 -9.89541393703e-05 0.00168107236407 0.000626227243736 0.00125960964038 0.00177060994663 0.00391527918733 0.000695576756854 -0.000901631247817 0.00149094678443 0.00456163487694 0.0031904262317 0.00399651853304 0.00108409356668 0.0034394685969 0.00210702365145 0.00055167753962 0.00190166496498 
0.00143931064067 0.00253896899387 0.00170974245743 0.00048382850385 0.00468283262509 0.002710117975 4.37705143725e-05 0.000992379784594 0.00142146890853 0.00311554332107 0.001208497211 0.00340541356339 0.00249959249326 0.0260751640375 0.00110383234564 0.00144967916114 -0.000961317163968 -0.000388607415891 0.00250948455683 0.00229621602513 -0.000990629482098 0.0022819555037 0.00101477145827 0.00132396907849 0.00299819363671 0.002591865779 0.000397182895133 0.000705438900681 0.00171790061587 0.000360096422342 0.00154318351897 0.000303950071723 0.00022383693245 0.00347096223213 0.00426221841565 0.000614493812777 0.00246338211255 0.00335829104178 0.00230456724644 0.000395149499008 
0.00210715469084 -0.000500179181785 -0.000559158603199 0.001980169199 0.00203174100387 0.00160896983163 0.00312978910819 0.00188721203674 0.000167600550279 0.000418578937965 0.00151922055068 0.000966353695262 0.00237340343266 0.00110383234564 0.0317010660943 0.000147132054524 0.000587480080048 8.61583808786e-06 -0.000263115811983 0.00486806360229 0.00191524371364 0.00123199118394 0.000548240146599 0.000105117736402 0.000570942122999 0.00104881462191 -0.000809708870396 -7.64554087254e-05 0.00286606714871 0.000403513636333 1.28709003512e-05 0.00146827337318 0.00587663143935 0.00178023730356 0.00186147470106 0.00159368578752 0.00186583280472 0.0021587389874 0.000480952056773 0.00217079977811 
-0.000382998869126 0.000519849858071 -0.000307707206571 0.000866257664902 0.000875779048996 0.000791992421069 0.000718679559983 0.00178068382213 0.00274709474873 0.000760996102626 0.000374984476697 0.00027144033887 -0.000567403526892 0.00144967916114 0.000147132054524 0.0314386076649 0.00591842693945 -0.000534413660928 0.00238477713633 -0.000261386241616 0.00417440009584 0.00042012506096 0.00102968605828 0.00116057414695 0.0025512619141 0.00151567444901 -0.000892467214064 -0.00183890210955 -0.000203454395618 -0.000172134227213 -0.000664606528447 -0.0001800887714 0.000414996326613 -0.000571535875956 -0.000445942968132 0.000478635669711 0.00193225582787 0.000814429051421 -0.000503727681851 0.00308128293167 
0.0027160059158 -0.00144201613216 0.0033890718363 0.00186128342164 0.00167775363593 0.000385662863343 0.0009981429422 -0.00104254460696 -0.00188729067383 -0.000921006651856 0.00673560124945 -0.00228603814806 0.000516434313995 -0.000961317163968 0.000587480080048 0.00591842693945 0.066321366976 -0.000109861518603 0.00147924269143 0.00635219475116 -0.000249013663309 0.00577771968748 0.00378106097851 0.00127206547008 0.00501041654756 0.000883057152592 -0.000763003808714 0.00487321193557 -0.000266942926498 0.00039773461032 -0.000208818893162 0.000119566647654 -0.000940114993831 -0.000128431536287 0.00499814745512 0.00476004210538 0.000347185130155 0.000509867503621 0.000522078703285 0.000413729185726 
0.00104435216121 0.00169929218699 0.00186540411682 0.00086052448886 0.00188767100599 0.000411371984167 0.000103548248641 0.000995606821516 0.00402555756816 0.00149381140333 0.000193923138074 0.000776171130636 0.00121599195339 -0.000388607415891 8.61583808786e-06 -0.000534413660927 -0.000109861518603 0.0143198929081 0.00194133682932 0.000662555553378 0.00102356537377 0.00318426086117 0.00215455744812 0.00165798360583 0.000706753018042 0.00241502396188 0.00250748516303 0.000544534111965 0.00244466396112 0.00403573724291 0.00109093867508 0.000359460747022 0.00137437325107 0.001614385266 0.00160019240084 0.00143429541928 0.00119383012291 -0.000102076408452 0.00440012027395 0.00164830237249 
