50
0.0950879331279 0.142595623168 0.0422457423554 0.067616439087 0.106356452037 0.0243185800675 0.282509070746 0.00753480783794 0.0637387331612 0.104921073146 0.0755027876102 0.204332601919 0.101801748802 0.0962618702605 0.100220943784 0.0436793340255 0.00610402508206 0.0335790413719 0.0616353203302 0.0172523696575 0.10431458653 0.0795042219188 0.0385950792128 0.0479071153807 0.0408960175479 0.0680936188342 0.0810581507116 0.0946915784272 0.0771685990004 0.168192385625 0.101218808556 0.12825177486 0.110578936942 0.171372180847 0.00108215816497 0.00640420781163 0.0870955077299 0.0482129600444 0.0277285522359 -0.0108233812146 0.104550469133 0.0129348444485 0.123331646141 0.0677272644226 -0.00773505516991 0.0759168136047 0.12993100308 0.0493961611292 0.0472299451056 0.0593939882808 
0.277732836108 0.008567126675 0.0247920762985 0.0374858465217 0.0191304808333 0.00846027089901 0.0385463429974 0.00929018242961 0.0219433392556 0.0614859354191 0.0149471579539 -0.0121220099923 0.027983833192 0.011808797945 0.0201056508943 0.00284332195969 0.0581724617792 0.0081120724563 0.00328656938218 0.0125590899106 0.0142732728167 0.0273026752073 0.0223722980588 0.0128782323385 0.0146594821191 0.00277478031827 0.00533443984792 0.0341448250846 0.0303327877222 0.0204713305399 0.0453193307352 0.0360464554896 0.0136736950317 0.0107130040601 0.00315951490148 0.0192772609427 0.0311245710294 0.0113577280624 0.0136068031048 0.0287736866379 0.0114993050081 0.0518551640223 0.0433175125282 0.0502068902958 0.00706998815799 0.028755356198 0.0117427866939 0.00708453948787 0.0356796295763 0.0279915981377 
0.008567126675 0.41518129202 0.0290613916554 0.0848872937878 0.0180134783841 -0.00675066041825 0.0872611900009 0.0352246184132 -0.011981628664 0.0315981551128 0.00686004525227 0.01333650793 0.0441116886853 0.0194221794039 -0.0104721079601 0.00584470344733 0.0232521925856 0.0228987111625 0.0635733201534 0.0316501183317 0.0279207243156 0.0275985968769 0.02361721324 0.00654480862179 0.0179414434322 0.035580444782 0.0327283287544 0.0456068183358 0.0385326783764 0.05575234001 -0.00734162882841 0.000383813806166 0.0741200328001 0.0118839113898 0.0454139331824 0.0225837867499 -0.00362316542337 0.0109320481242 0.0190993201476 0.0369596034802 0.116998151272 -5.68892731143e-05 0.00977026563952 0.0159599554315 0.0328423549705 0.0118822989337 0.0462748798435 0.0280700177183 0.0291822624395 0.0239524025028 
0.0247920762985 0.0290613916554 0.183601389097 0.0142138865279 0.00134908220344 0.00443229534657 0.0232473996375 0.0208370027289 -0.0253382140099 0.0112052945085 0.0186396717668 -0.0205739901391 0.00524850261472 0.0103428825268 0.0026662253691 0.0035016274927 0.0230154329363 0.00993233514537 0.0225360902624 -0.0085798262248 0.0315282004773 0.0252812739498 0.0203901449224 0.00404267872667 -0.00382012047482 0.00751460031792 0.0230472788093 0.0244725120752 0.0147155260518 0.0266901057281 0.00054411556861 -0.00764259147048 -0.00950981748033 0.0055325399221 0.0207878544833 0.0137896584249 0.0180526748745 0.0196905036571 0.00198333621739 0.0139259719725 0.00509645448369 0.00496432841858 0.0164528121942 0.0222472420182 0.00977526599596 0.00200504337587 0.0229753073822 0.00159428752655 0.0237808886015 0.0227635578934 
0.0374858465217 0.0848872937878 0.0142138865279 0.368607932403 -0.00437887223953 0.0132514533017 0.0837693678225 0.0465048745918 -0.0119324152739 0.0400486141162 0.0248623177288 -0.0512810505309 0.0440008560961 0.0165372734396 -0.0111215545146 0.0260220543884 0.0205201503715 -0.00685256264497 0.0432870718357 -0.00326383785936 0.028372413745 -0.00461969459472 0.0116167405099 0.0419534087483 0.0239493077325 0.0388754271571 0.0171471630322 0.0317631106159 0.0310789464783 -0.00475187374668 -0.0105428094737 0.029009982113 0.0608838805217 -0.00103545510494 0.0234173711713 0.00882060313034 0.00833040396775 0.021511230375 0.0150056999446 0.015713416748 0.108778043374 0.0143583939147 0.0154502644425 0.0312562706647 0.0103311122588 0.0495863032979 0.00126607940132 0.0381845105036 0.0097185840628 0.0162229343763 
0.0191304808333 0.0180134783841 0.00134908220344 -0.00437887223953 0.431941223025 0.0231366351043 0.0379053270767 0.0063148360756 0.15413302461 0.0305939037321 -0.00779321134886 -0.0571327449914 0.0146744469336 0.0175037282134 0.109417737087 0.0392767225847 -0.00403177362671 0.00061917548939 -0.00214094126553 0.00809250260205 0.00669840442975 0.0259120350754 0.0346126787036 0.0183030775475 0.0153066073901 0.0298998923181 0.0150590396684 0.0186402106841 0.0495196354078 -0.0167089612207 0.00836946249014 0.042101520059 0.0584528627666 0.163733503358 0.0160058936324 0.0413629473915 0.0849665625641 0.00792439416322 0.0310055703525 0.0319538391861 0.0365518783381 0.00541595706379 0.0622045409555 0.00359450872401 0.0115180669496 0.0403691667307 0.187094522309 -0.022554500225 0.0024780367404 -0.00752400860081 
0.00846027089901 -0.00675066041825 0.00443229534657 0.0132514533017 0.0231366351043 0.228557442178 0.0166359385894 0.00885792267291 0.0232512655937 0.0216237136165 0.013273108785 -0.00476451679297 0.00918612955402 0.0234176141627 -0.00134526963539 -0.0171567653052 6.02430385375e-05 0.00067716780635 0.00963815997591 0.00488433463975 -0.0158496766054 0.0151264356794 0.0118504601636 0.00590545231533 8.57294749007e-05 0.0142142380132 0.00631242092373 0.0221427792718 0.0251500159165 0.0104557295536 0.0109923192563 0.00153291226463 0.0121292728868 0.00734392034629 0.0242606220541 0.00763010387915 0.0280204845153 0.00731023418306 0.0167148695811 0.0160584079589 0.00317377233764 0.0124414951895 0.0258223099283 0.0022538033942 0.0107658713976 -0.00612856076655 0.0134847421998 0.0125295831244 0.0226277039696 -0.0184869242741 
0.0385463429974 0.0872611900009 0.0232473996375 0.0837693678225 0.0379053270767 0.0166359385894 0.824436144038 0.0224451244287 0.0583964803868 0.0312149348566 0.0445888510404 0.0411673347423 -0.00572684711154 0.114668869418 -0.0219915775906 0.0198078613878 0.000355669924981 0.00913630620736 0.000115095331893 -0.0470963097108 0.101717628231 0.0193820297597 0.0111810554218 -0.00359002049093 -0.00311917818066 0.0887034977852 -0.0222672182959 0.0630787517856 0.0365284032526 0.0365775400691 0.029313277112 0.00397856074243 -0.00660802528552 0.05273342715 -0.0152910607943 0.00783053125358 0.0154979589174 0.0188606349308 0.0200499654987 0.0247492580455 0.182417382672 -0.00125031874111 0.0550541894214 0.0267111224878 0.0097365754132 -0.0128921713495 0.094282382849 0.0267491950465 -0.00248519287629 -0.00163844847916 
0.00929018242961 0.0352246184132 0.0208370027289 0.0465048745918 0.0063148360756 0.00885792267291 0.0224451244287 0.253800668209 -0.00112341117892 0.00897144646992 0.000853567081559 0.000871855448555 0.0339138124627 0.0282363699458 0.00233452995256 0.0081498220566 0.0014822238063 0.0151154098014 0.0395580511163 0.016685377427 0.0152029882621 0.00557265737466 -0.00356131835288 0.00636702840618 0.0102364401631 0.0472238562385 -0.00587156157312 0.00307883200743 0.00724003779781 0.0156282932692 -0.00699821637687 -0.000750656601028 0.158166887638 0.0225323031441 0.0100594709822 0.0330149130388 0.0105222716364 0.0165526733324 6.49663346053e-05 0.0119344694931 0.0422671834507 0.0217709108295 0.0211006963192 0.00315214269248 0.00756570400327 -0.00190697851465 -0.00158281331645 0.0271027347603 -0.00847627138189 0.00227658683622 
0.0219433392556 -0.011981628664 -0.0253382140099 -0.0119324152739 0.15413302461 0.0232512655937 0.0583964803868 -0.00112341117892 0.346383845652 0.0314368140916 -0.016675245657 0.0619305299809 0.00243494090652 0.0375711255385 0.040737126812 0.0182826425956 -0.0142435128561 -0.013203796536 -0.0232583592659 -0.0169514309702 0.00880093512807 0.0157026627997 0.0114751099343 0.0271687311487 0.0126978568323 0.0209975940398 0.0145753807696 0.00359701955315 0.0118243039363 0.0199691408753 0.00236826768021 0.0489147338281 0.0544218093489 0.13504899311 -0.0216096211074 0.0452336705104 0.0433185001916 0.0150222893993 0.0216459129822 0.0273806727834 -0.0211947199657 -0.00733990432462 0.025999921577 -0.0240243363748 0.0147508424259 0.0209407109984 0.170448725202 -0.00970708948195 -0.00834150299509 0.00967907026762 
0.0614859354191 0.0315981551128 0.0112052945085 0.0400486141162 0.0305939037321 0.0216237136165 0.0312149348566 0.00897144646992 0.0314368140916 0.253115585737 0.0165413770423 -0.0250874548912 0.0237604713353 0.0191540293356 0.00163208467949 0.00768907189988 -0.000522749812155 0.0206832141519 0.00960191466572 0.0150714715161 0.043719897506 0.00212093334357 0.0357941411498 0.00459326759592 0.0167581185528 -0.00684397861895 0.019307815439 0.00729605767259 0.0476408989975 0.0484514904564 0.0301657632075 0.0185480283901 0.0085805774106 0.0247025412537 0.0134030316937 0.0221399554592 0.0314995640253 -0.00651514829479 0.0330362709379 0.0104644032781 0.0169384903072 0.0161550915328 0.0444547290351 0.0376599064584 0.0113269590414 0.00147981662789 0.00769865544613 0.0050430522802 0.0199114190041 0.0104077652876 
0.0149471579539 0.00686004525227 0.0186396717668 0.0248623177288 -0.00779321134886 0.013273108785 0.0445888510404 0.000853567081559 -0.016675245657 0.0165413770423 0.718142515823 0.0218776211388 0.0119750083822 -0.014174641604 -0.00746520781615 0.00987774095145 0.0417722274064 0.0475959931347 -0.0203120769579 0.0052112879686 0.109017005153 0.0184404666025 0.0563271196802 -0.00597577753962 -0.0070492639746 0.0105745253357 0.0273247610192 0.0486073037384 0.0323474027306 0.048249036315 0.0121307628817 -0.016420170225 -0.00616232264285 -0.0319278438795 0.0102637121603 0.0136882744432 -0.0097895219431 0.0167649420398 0.0118792957767 0.0152745623464 -0.00147637001891 -0.0075566095282 -0.00117300190683 -0.00110044665883 0.0312077614303 0.0423897993692 -0.00903475927431 -0.00402578535962 0.0131433698137 0.0147955201874 
-0.0121220099923 0.01333650793 -0.0205739901391 -0.0512810505309 -0.0571327449914 -0.00476451679297 0.0411673347423 0.000871855448554 0.0619305299809 -0.0250874548912 0.0218776211388 1.41252504359 0.0131510776802 0.0201796355302 0.015205917624 -0.00707726058648 0.0284345614828 -0.00525720224645 -0.0125325142363 -0.00346521419264 0.00730740493467 -0.0238415953613 0.00881002444387 -0.0119830950567 0.0217991937591 0.00938998582931 -0.0268793171135 0.00394510359625 -0.0135419974546 -0.00548059284577 -0.0187777110957 0.0080646462166 0.0120186979655 0.0686797924409 -0.00769996149602 0.0221675026807 0.0232063017787 0.180662538896 -0.00333181701561 -0.00259431682303 -0.0143735643989 -0.00861707740044 -0.0120531890314 0.00689828019212 0.0176182953013 0.00671280413621 0.0184679039498 0.00372642100545 -0.0331274537234 0.00426195605389 
0.027983833192 0.0441116886853 0.00524850261472 0.0440008560961 0.0146744469336 0.00918612955402 -0.00572684711154 0.0339138124627 0.00243494090651 0.0237604713353 0.0119750083822 0.0131510776802 0.255155876212 0.00696701559527 0.0307697281028 0.0065749948926 0.00345351923567 -0.000727912512194 0.0121454749537 0.00422740508869 0.00917391978773 -0.00129653175368 -0.000305699258799 0.0158070649741 -0.00940030217034 0.00732820397884 0.00811023928079 0.00882637552402 0.00959631236317 -0.00787633839942 0.00370442390503 0.00586683568335 0.0681558935029 0.0502104696705 0.0112530557244 0.00267740225817 0.0077004401008 0.0125590020304 0.0240246248691 0.0128291628643 0.0297078171531 0.00169282695884 0.000687346750548 -0.00641316137401 0.00203855298493 0.0298940034029 0.0314613662525 0.145693062789 0.00889172400993 -0.0222128806226 
0.011808797945 0.0194221794039 0.0103428825268 0.0165372734396 0.0175037282134 0.0234176141627 0.114668869418 0.0282363699458 0.0375711255385 0.0191540293356 -0.014174641604 0.0201796355302 0.00696701559527 0.364277103444 -0.0161145875778 0.028645803011 -0.0165870177165 0.0204720250383 0.00119833435291 -0.000695452260005 0.0439275020197 0.028581974278 0.0270201687245 0.0247024141171 0.0290823450462 0.0476668385452 0.0217686871023 0.029490026578 0.0182421428803 0.00103150779156 0.0370724435413 0.00862229308626 0.00270489425579 0.0407389529531 0.0138358204393 0.0257724356448 0.064097617116 5.94942734406e-05 0.0369717820965 0.0185431469073 -0.000676392691246 0.0119191290625 0.0210110541263 -0.0141755015428 0.0186328250419 -0.00706160229538 0.0567422835366 0.00914547875313 0.0364589374632 0.0164332349751 
0.0201056508943 -0.0104721079601 0.0026662253691 -0.0111215545146 0.109417737087 -0.00134526963539 -0.0219915775906 0.00233452995256 0.040737126812 0.00163208467949 -0.00746520781615 0.015205917624 0.0307697281028 -0.0161145875778 1.10115432057 0.0187611848187 0.0194033398354 0.00333546684002 0.00812979720087 0.0361990438789 0.0323441124059 -0.0369151173132 0.0337793811869 0.0581601137754 0.0617261244334 -0.00530892513752 -0.0264017219489 0.0307508745368 0.0343555586446 -0.0351113970488 0.0157669214803 -0.000424433542035 0.0343148593824 -0.0174184272685 0.0299861292818 0.0676441615883 0.073699119083 0.0350541603091 -0.00810965321432 -0.0281107310324 -0.00346999096618 0.00464299224451 0.0111087347736 -0.00540086638864 0.00291804078536 0.0148396472841 0.00485688583812 -0.0109422866083 0.0257002036873 0.018751511176 
0.00284332195969 0.00584470344733 0.0035016274927 0.0260220543884 0.0392767225847 -0.0171567653052 0.0198078613878 0.0081498220566 0.0182826425956 0.00768907189988 0.00987774095145 -0.00707726058648 0.0065749948926 0.028645803011 0.0187611848187 0.199542249812 0.0184111440902 -0.0044913518516 0.00189752469301 0.01014418768 -0.00175305125431 0.00593055019817 0.0244118581568 0.0201092046844 0.00635052270546 0.00154798849318 0.0163671276067 -0.000418737112228 0.0336631857041 0.00202467194129 0.0325024960739 0.00728579585579 0.0170926111959 0.0416286305039 0.00809389241144 0.0308428455756 0.0271496413289 0.0017551762356 0.0401838562264 0.0450398039917 0.00764749139666 0.0120893672773 0.00755124862621 0.00253744974704 0.0338498444639 0.0212572568158 0.0260484484127 0.00521299131817 0.0207798593054 0.0171333732541 
0.0581724617792 0.0232521925856 0.0230154329363 0.0205201503715 -0.00403177362671 6.02430385387e-05 0.000355669924981 0.0014822238063 -0.0142435128561 -0.000522749812155 0.0417722274064 0.0284345614828 0.00345351923567 -0.0165870177165 0.0194033398354 0.0184111440902 0.164747945016 0.0108933346193 0.0328657161253 0.0176187235477 0.024289340416 0.0165669932046 0.0142122608084 0.0222167169021 0.00295629315617 -0.00545860321026 0.00826282585768 0.00609406431491 0.0271006623112 0.00105911326871 0.0184160330132 0.0243605829907 0.0278146467553 0.00686347595443 0.00687380478261 0.028620191712 0.00173570606773 0.0226420427934 0.0241179852233 0.0240081860371 0.00546718054629 0.0213774395808 0.0150538609964 0.0186779920539 0.0263108950099 -0.00618788371481 0.00843758643348 0.0215873098496 0.0201204259446 0.00993937165268 
0.0081120724563 0.0228987111625 0.00993233514537 -0.00685256264497 0.00061917548939 0.000677167806351 0.00913630620736 0.0151154098014 -0.013203796536 0.0206832141519 0.0475959931347 -0.00525720224645 -0.000727912512194 0.0204720250383 0.00333546684002 -0.0044913518516 0.0108933346193 0.232719458712 0.0138568188339 0.0270654841461 0.00264753115349 0.0506303362262 0.0117713611303 0.0160583347173 0.0017844755695 0.0150578654285 0.025258331684 -0.00706430145155 0.0205377646524 -0.0254787267281 0.0216994357871 0.000212753728399 0.0392376662033 0.00199737953649 0.0191212538194 0.0180965309219 0.0121230410468 0.0109128235915 0.0089926902216 -0.0105594871885 0.0215440708331 0.023062723109 0.0243011669233 0.000132327137829 -0.00161302426117 -0.00696258531818 -0.00841100473073 0.0139757592973 0.00319572650464 0.006092647989 
0.00328656938218 0.0635733201534 0.0225360902624 0.0432870718357 -0.00214094126553 0.00963815997591 0.000115095331893 0.0395580511163 -0.0232583592659 0.00960191466572 -0.0203120769579 -0.0125325142363 0.0121454749537 0.00119833435291 0.00812979720087 0.00189752469301 0.0328657161253 0.0138568188339 0.271223208151 0.0189754094206 0.00857222165293 0.0367216817449 0.0119303442733 -0.00428043641426 0.00604965994021 0.0278094973576 0.0415157407398 0.0188640273401 0.0171338882078 0.00913531920546 0.0553937573897 0.0029200409005 -0.0120697976751 -0.00699241382429 0.0204836523387 0.0205545233983 0.00806243904038 0.00677322300083 0.0291628404009 0.0147920909992 0.0297248043563 -0.000161683108321 0.0338094248846 0.00928645882943 0.0272536447891 0.0278567708958 0.0234844479135 0.00225631518421 0.0142660870115 0.0230288450162 
0.0125590899106 0.0316501183317 -0.0085798262248 -0.00326383785936 0.00809250260205 0.00488433463975 -0.0470963097108 0.016685377427 -0.0169514309702 0.0150714715161 0.0052112879686 -0.00346521419264 0.00422740508869 -0.000695452260005 0.0361990438789 0.01014418768 0.0176187235477 0.0270654841461 0.0189754094206 0.184170106631 -0.0036489479241 0.0104747213353 0.0232278069454 -0.00394191163771 0.00657685468793 -0.0150328019474 0.0157701729395 0.0277315313376 0.0135963936922 0.0124328318206 0.0226236971847 0.0166768014758 -0.00437400272295 0.00443872884446 -0.012115303129 0.0190444854261 0.018041762931 0.0139395617947 0.0030351265464 0.0128796964305 -0.00158001914085 -0.00641049835602 0.017798144848 0.0081058237884 0.0100773984062 0.0151681142176 0.0180399078598 0.0176127085854 -0.00412944106098 -4.36628621601e-05 
0.0142732728167 0.0279207243156 0.0315282004773 0.028372413745 0.00669840442975 -0.0158496766054 0.101717628231 0.0152029882621 0.00880093512807 0.043719897506 0.109017005153 0.00730740493467 0.00917391978773 0.0439275020197 0.0323441124059 -0.00175305125431 0.024289340416 0.00264753115349 0.00857222165293 -0.0036489479241 0.502282234275 0.00583805548825 0.0188086699535 0.0148866079906 0.0340800012417 0.0217186786475 0.0069274288858 0.0306350344073 0.0261742163727 0.230842650139 0.0068642797197 -0.0288971627688 0.0648047751726 0.000315820460774 -0.00361117778761 0.0209378064293 -0.0230401881562 0.0361909237726 0.0145546309611 0.0117020399363 0.0383394783651 0.00727150445293 0.0169236624408 -0.00402490246619 -0.00622194368153 0.0265287704524 -0.024987114498 0.00883284160942 0.00196650745827 0.0184964235708 
0.0273026752073 0.0275985968769 0.0252812739498 -0.00461969459472 0.0259120350754 0.0151264356794 0.0193820297597 0.00557265737466 0.0157026627997 0.00212093334357 0.0184404666025 -0.0238415953613 -0.00129653175368 0.028581974278 -0.0369151173132 0.00593055019817 0.0165669932046 0.0506303362262 0.0367216817449 0.0104747213353 0.00583805548825 0.253725310469 0.0180364818262 -0.00350012731264 0.0123202057299 0.0378987239284 0.0362811104596 0.0206051246844 0.0309844210644 -0.0285634743439 0.0161062502406 0.0215779516893 -0.00491309076513 0.0254801459071 0.0270747023641 -0.000203739789539 -0.0119282755178 0.00500104722428 0.0203283375885 0.01512392173 0.0164181450259 0.0197302390068 0.0420655811643 0.0145246021837 0.00617796339522 0.0166715410786 0.0310664732761 0.00458569384046 0.0210254531341 0.0113170853417 
0.0223722980588 0.02361721324 0.0203901449224 0.0116167405099 0.0346126787036 0.0118504601636 0.0111810554218 -0.00356131835288 0.0114751099343 0.0357941411498 0.0563271196802 0.00881002444387 -0.000305699258798 0.0270201687245 0.0337793811869 0.0244118581568 0.0142122608084 0.0117713611303 0.0119303442733 0.0232278069453 0.0188086699535 0.0180364818262 0.187882859464 0.000784048495329 0.0399898447218 0.00968272873325 0.0253038333421 0.0378057760824 0.0074670953546 0.00248979305498 0.029240990619 -0.00258833629781 0.0174056984562 0.0206802549813 0.0149064355033 0.00820827529136 0.0108382722722 0.0235243331904 0.00869170378749 0.0221198039106 0.00015988050024 0.0190533433008 0.017886747978 0.0416626031624 0.0130558876187 0.00687819558804 0.0330340552876 -0.0101212814327 0.0200982554465 0.0232355725987 
0.0128782323385 0.00654480862179 0.00404267872667 0.0419534087483 0.0183030775475 0.00590545231534 -0.00359002049093 0.00636702840618 0.0271687311487 0.00459326759592 -0.00597577753962 -0.0119830950567 0.0158070649741 0.0247024141171 0.0581601137754 0.0201092046844 0.0222167169021 0.0160583347173 -0.00428043641426 -0.0039419116377 0.0148866079906 -0.00350012731264 0.000784048495329 0.221070822483 0.0206008548904 0.014265066358 -0.00410564174917 0.0119235627115 0.0236165549634 -0.0154586252031 0.0175270430443 0.0412711964429 0.017852149809 0.0188783313126 -0.00374567773091 0.0174252028509 -0.0165978612107 0.027585521153 0.0147580612064 0.00922474268207 0.0151442276612 0.00956036414442 0.01160194014 0.0240166297369 0.000248830847125 0.0187613393997 0.0431520985336 0.00639690337181 0.042923332683 0.0157682477275 
0.0146594821191 0.0179414434322 -0.00382012047482 0.0239493077325 0.0153066073901 8.57294749003e-05 -0.00311917818066 0.0102364401631 0.0126978568323 0.0167581185528 -0.0070492639746 0.0217991937591 -0.00940030217034 0.0290823450462 0.0617261244334 0.00635052270546 0.00295629315617 0.0017844755695 0.00604965994021 0.00657685468793 0.0340800012417 0.0123202057299 0.0399898447218 0.0206008548904 0.193584005113 -0.0069554403577 0.033221197821 0.0265127370828 0.0149884028633 -0.0067167351831 0.0229775526288 -0.0146204716741 -0.0286132759024 0.0246138836693 -0.00319895859664 0.0137225291622 0.0361933148307 0.0223227759706 -0.0073409211397 0.0079257155898 0.0218074700508 0.0138351075711 0.0553834542475 0.0148296967977 0.0161799274613 0.00914160826621 0.0139867330529 -0.000417045960919 0.00515196351596 0.0169639699387 
0.00277478031827 0.035580444782 0.00751460031792 0.0388754271571 0.0298998923181 0.0142142380132 0.0887034977852 0.0472238562385 0.0209975940398 -0.00684397861895 0.0105745253357 0.00938998582931 0.00732820397884 0.0476668385452 -0.00530892513752 0.00154798849318 -0.00545860321026 0.0150578654285 0.0278094973576 -0.0150328019474 0.0217186786475 0.0378987239284 0.00968272873325 0.014265066358 -0.0069554403577 0.275326346159 0.0144478082946 0.0129370720144 0.0233364642538 -0.00472140862426 0.00849371074706 -0.0226339728351 0.0217635290267 0.0381843506383 0.00684545604398 0.0183654324695 -0.00620049319069 0.00948918433971 0.0226058447428 0.00263179213852 0.00718194572738 0.0195860667457 0.0288713738996 0.0293206126362 0.00688747418831 0.0377579522392 -0.00284684414232 0.00955324967211 0.0205783506076 0.0174062041975 
0.00533443984792 0.0327283287544 0.0230472788093 0.0171471630322 0.0150590396684 0.00631242092373 -0.0222672182959 -0.00587156157312 0.0145753807696 0.019307815439 0.0273247610192 -0.0268793171135 0.00811023928079 0.0217686871023 -0.0264017219489 0.0163671276067 0.00826282585768 0.025258331684 0.0415157407398 0.0157701729395 0.0069274288858 0.0362811104596 0.0253038333421 -0.00410564174917 0.033221197821 0.0144478082946 0.195196378761 0.0164873666978 0.0388117538359 0.0439414514781 0.0226613641854 0.00160376954233 0.0167539548982 0.0145166298187 0.0183591015944 0.0223282184681 0.00305744691226 0.034605867077 0.0242319935461 0.0280655614851 0.0279619098403 0.0179237832084 0.0267907215969 0.00570100364857 0.0249312974284 -0.00105364403834 0.0504209802527 0.0346131104772 0.0477448985491 0.0115632547936 
0.0341448250846 0.0456068183358 0.0244725120752 0.0317631106159 0.0186402106841 0.0221427792718 0.0630787517856 0.00307883200743 0.00359701955315 0.00729605767259 0.0486073037384 0.00394510359625 0.00882637552402 0.029490026578 0.0307508745368 -0.000418737112228 0.00609406431491 -0.00706430145155 0.0188640273401 0.0277315313376 0.0306350344073 0.0206051246844 0.0378057760824 0.0119235627115 0.0265127370828 0.0129370720144 0.0164873666978 0.353474119674 0.0199260522354 -0.015395328961 0.0350793638709 0.0173600501744 -0.000589286316907 -0.00952925150156 0.0138279673598 -0.00673025161674 0.0101509195903 0.0423454348668 0.00249193173658 -0.00694670282089 0.0504769398942 0.000148625826668 0.0107086826689 -0.00923486942845 0.00661271051779 -0.00674465304173 0.000509814045985 -0.00149437050273 0.0299959438568 0.0106975249318 
0.0303327877222 0.0385326783764 0.0147155260518 0.0310789464783 0.0495196354078 0.0251500159165 0.0365284032526 0.00724003779781 0.0118243039363 0.0476408989975 0.0323474027306 -0.0135419974546 0.00959631236317 0.0182421428803 0.0343555586446 0.0336631857041 0.0271006623112 0.0205377646524 0.0171338882078 0.0135963936922 0.0261742163727 0.0309844210644 0.0074670953546 0.0236165549634 0.0149884028633 0.0233364642538 0.0388117538359 0.0199260522354 0.197067066332 0.0119679317085 0.0217759114348 -0.0082939133056 0.0213783922643 0.0112913921456 0.00740486812565 0.0270186760272 0.00980955302025 0.0349951825504 0.0205188067456 0.0254128394039 0.0188374023721 0.00971191714298 0.0415413102429 0.00443738431341 0.0307708029736 0.0261244227604 0.0515560832485 0.00556793950915 0.03993106987 0.0141021502349 
0.0204713305399 0.05575234001 0.0266901057281 -0.00475187374668 -0.0167089612207 0.0104557295536 0.0365775400691 0.0156282932692 0.0199691408753 0.0484514904564 0.048249036315 -0.00548059284577 -0.00787633839942 0.00103150779156 -0.0351113970488 0.00202467194129 0.00105911326871 -0.0254787267281 0.00913531920546 0.0124328318206 0.230842650139 -0.0285634743439 0.00248979305498 -0.0154586252031 -0.0067167351831 -0.00472140862426 0.0439414514781 -0.015395328961 0.0119679317085 0.669274041326 -0.0166090801974 -0.0181378230222 -0.00762264048244 -0.00675180801496 -0.00821782867858 0.0115549560247 0.000863601005843 0.0110620917532 0.0155823398241 0.0108218407381 -0.00721815078662 -0.0009090139825 -0.00811288628386 -0.00286592701297 0.0153949989992 0.0253483056688 0.0229665958395 -0.0101283462419 -0.0180407525209 0.00510451182234 
0.0453193307352 -0.00734162882841 0.00054411556861 -0.0105428094737 0.00836946249014 0.0109923192563 0.029313277112 -0.00699821637687 0.00236826768021 0.0301657632075 0.0121307628817 -0.0187777110957 0.00370442390503 0.0370724435413 0.0157669214803 0.0325024960739 0.0184160330132 0.0216994357871 0.0553937573897 0.0226236971847 0.0068642797197 0.0161062502406 0.029240990619 0.0175270430443 0.0229775526288 0.00849371074706 0.0226613641854 0.0350793638709 0.0217759114348 -0.0166090801974 0.326076879603 0.00839815143329 0.00825125178396 0.00392044105404 0.0150928616927 0.00990917742088 -0.00280637032526 0.0304808074018 0.0175620488493 0.0105607709877 0.0164102742957 0.0161015586609 0.0882238682187 0.0111267355593 0.0075869373517 0.012016285671 -0.0178184082188 0.00907693207017 0.0481258142083 0.0380784232151 
0.0360464554896 0.000383813806167 -0.00764259147048 0.029009982113 0.042101520059 0.00153291226463 0.00397856074243 -0.000750656601028 0.0489147338281 0.0185480283901 -0.016420170225 0.0080646462166 0.00586683568335 0.00862229308626 -0.000424433542035 0.00728579585579 0.0243605829907 0.000212753728399 0.0029200409005 0.0166768014758 -0.0288971627688 0.0215779516893 -0.00258833629781 0.0412711964429 -0.0146204716741 -0.0226339728351 0.00160376954233 0.0173600501744 -0.0082939133056 -0.0181378230222 0.00839815143329 0.509865141682 -0.0222833943395 0.139405529271 0.0147808725292 0.037029349222 0.0573194585771 0.0226497611448 0.0475586670083 0.020726816563 0.00855072369267 0.0252856654795 -0.0268045023824 0.0130756321585 0.004594029911 -0.00400365626018 0.104669170412 0.0228794418277 -0.00961414398814 -0.00388556057597 
0.0136736950317 0.0741200328001 -0.00950981748033 0.0608838805217 0.0584528627666 0.0121292728868 -0.00660802528552 0.158166887638 0.0544218093489 0.0085805774106 -0.00616232264285 0.0120186979655 0.0681558935029 0.00270489425579 0.0343148593824 0.0170926111959 0.0278146467553 0.0392376662033 -0.0120697976751 -0.00437400272295 0.0648047751726 -0.00491309076513 0.0174056984562 0.017852149809 -0.0286132759024 0.0217635290267 0.0167539548982 -0.000589286316907 0.0213783922643 -0.00762264048244 0.00825125178396 -0.0222833943395 0.817931355252 0.0053705931368 0.00986270870237 -0.00482022798357 -0.0100191589754 -0.00822582978077 0.000261506836593 0.0168956404007 0.0172172627632 0.0211819372196 0.0152984877166 0.00330559657584 0.00372698771503 -0.0134646235141 -0.00585119006927 0.00450357249276 -0.0103874048362 0.0456554537452 
0.0107130040601 0.0118839113898 0.0055325399221 -0.00103545510494 0.163733503358 0.00734392034629 0.05273342715 0.0225323031441 0.13504899311 0.0247025412537 -0.0319278438795 0.0686797924409 0.0502104696705 0.0407389529531 -0.0174184272685 0.0416286305039 0.00686347595443 0.00199737953649 -0.00699241382429 0.00443872884446 0.000315820460775 0.0254801459071 0.0206802549813 0.0188783313126 0.0246138836693 0.0381843506383 0.0145166298187 -0.00952925150156 0.0112913921456 -0.00675180801496 0.00392044105404 0.139405529271 0.0053705931368 0.519433215128 0.00908283172448 0.0534258473723 0.085115218495 0.0384908763767 0.0334267970507 0.052072725051 0.0509781152356 -0.00424995851501 0.000983560657604 -0.0190794164044 0.0355109012286 -0.0141737773689 0.20075855894 0.0150593718015 0.0253563591697 0.00375832468676 
0.00315951490148 0.0454139331824 0.0207878544833 0.0234173711713 0.0160058936324 0.0242606220541 -0.0152910607943 0.0100594709822 -0.0216096211074 0.0134030316937 0.0102637121603 -0.00769996149602 0.0112530557244 0.0138358204393 0.0299861292818 0.00809389241144 0.00687380478261 0.0191212538194 0.0204836523387 -0.012115303129 -0.00361117778761 0.0270747023641 0.0149064355033 -0.00374567773091 -0.00319895859664 0.00684545604398 0.0183591015944 0.0138279673598 0.00740486812565 -0.00821782867858 0.0150928616927 0.0147808725292 0.00986270870237 0.00908283172448 0.240781873949 0.0145218932175 0.00187298236226 0.00313656496253 0.0123295765567 0.00532038901 0.0102103502967 0.0161128017645 -0.00244881808694 0.0026933284558 0.0138987517599 0.0125886955606 0.0153100678193 0.00343929953605 0.00747388946011 0.0223552394249 
0.0192772609427 0.0225837867499 0.0137896584249 0.00882060313034 0.0413629473915 0.00763010387915 0.00783053125358 0.0330149130388 0.0452336705104 0.0221399554592 0.0136882744432 0.0221675026807 0.00267740225817 0.0257724356448 0.0676441615883 0.0308428455756 0.028620191712 0.0180965309219 0.0205545233983 0.0190444854261 0.0209378064293 -0.000203739789539 0.00820827529136 0.0174252028509 0.0137225291622 0.0183654324695 0.0223282184681 -0.00673025161674 0.0270186760272 0.0115549560247 0.00990917742088 0.037029349222 -0.00482022798357 0.0534258473723 0.0145218932175 0.149148770204 0.0404699383891 0.0161567384481 0.0251486144007 0.0398076899739 0.0191387721186 0.00928272631379 0.0263122842829 -0.0110746720597 0.0333111392387 0.00503056475636 0.0378466809635 0.00335253988357 0.00734336166633 -0.00128017973713 
0.0311245710294 -0.00362316542337 0.0180526748745 0.00833040396775 0.0849665625641 0.0280204845153 0.0154979589174 0.0105222716364 0.0433185001916 0.0314995640253 -0.0097895219431 0.0232063017787 0.0077004401008 0.064097617116 0.073699119083 0.0271496413289 0.00173570606773 0.0121230410468 0.00806243904038 0.018041762931 -0.0230401881562 -0.0119282755178 0.0108382722722 -0.0165978612107 0.0361933148307 -0.00620049319069 0.00305744691226 0.0101509195903 0.00980955302025 0.000863601005843 -0.00280637032526 0.0573194585771 -0.0100191589754 0.085115218495 0.00187298236227 0.0404699383891 0.430087494204 0.0021558110868 0.0438247499767 0.0394218329647 0.0265012062743 0.000575365571193 0.00379507260666 -0.0111103179216 0.0235525459489 0.00934995819756 0.0527572206229 -0.0196657254309 0.0048446994384 0.0214063655053 
0.0113577280624 0.0109320481242 0.0196905036571 0.021511230375 0.00792439416322 0.00731023418306 0.0188606349308 0.0165526733324 0.0150222893993 -0.00651514829478 0.0167649420398 0.180662538896 0.0125590020304 5.94942734404e-05 0.0350541603091 0.0017551762356 0.0226420427934 0.0109128235915 0.00677322300083 0.0139395617947 0.0361909237726 0.00500104722428 0.0235243331904 0.027585521153 0.0223227759706 0.00948918433971 0.034605867077 0.0423454348668 0.0349951825504 0.0110620917532 0.0304808074018 0.0226497611448 -0.00822582978077 0.0384908763767 0.00313656496253 0.0161567384481 0.0021558110868 0.209095556096 -0.003114722314 0.020733843996 0.00889030482465 0.00783870782488 0.0287723852011 0.0104259629886 0.00163682263945 0.0258489313671 0.0198699514387 0.0108124309543 0.0197632880314 0.0122549290844 
0.0136068031048 0.0190993201476 0.00198333621739 0.0150056999446 0.0310055703525 0.0167148695811 0.0200499654987 6.49663346046e-05 0.0216459129822 0.0330362709379 0.0118792957767 -0.00333181701561 0.0240246248691 0.0369717820965 -0.00810965321432 0.0401838562264 0.0241179852233 0.0089926902216 0.0291628404009 0.0030351265464 0.0145546309611 0.0203283375885 0.00869170378749 0.0147580612064 -0.0073409211397 0.0226058447428 0.0242319935461 0.00249193173658 0.0205188067456 0.0155823398241 0.0175620488493 0.0475586670083 0.000261506836593 0.0334267970507 0.0123295765567 0.0251486144007 0.0438247499767 -0.003114722314 0.191397317985 0.0403145586316 0.00408146541085 0.0094648040478 0.0126306340851 0.00640898638864 0.0357784245053 0.00769115491683 0.0346976769264 0.0228631730465 0.0197684911322 0.0147280952378 
0.0287736866379 0.0369596034802 0.0139259719725 0.015713416748 0.0319538391861 0.0160584079589 0.0247492580455 0.0119344694931 0.0273806727834 0.0104644032781 0.0152745623464 -0.00259431682303 0.0128291628643 0.0185431469073 -0.0281107310324 0.0450398039917 0.0240081860371 -0.0105594871885 0.0147920909992 0.0128796964305 0.0117020399363 0.01512392173 0.0221198039106 0.00922474268207 0.0079257155898 0.00263179213852 0.0280655614851 -0.00694670282089 0.0254128394039 0.0108218407381 0.0105607709877 0.020726816563 0.0168956404007 0.052072725051 0.00532038901 0.0398076899739 0.0394218329647 0.020733843996 0.0403145586316 0.194827102054 -0.00200475310623 0.0113289202985 -0.00252318835831 -0.00110570467561 0.0533997883581 0.00764401987066 0.0253721358595 0.0166510926213 0.0155795621744 0.00590938419877 
0.0114993050081 0.116998151272 0.00509645448369 0.108778043374 0.0365518783381 0.00317377233763 0.182417382672 0.0422671834507 -0.0211947199657 0.0169384903072 -0.00147637001891 -0.0143735643989 0.0297078171531 -0.000676392691246 -0.00346999096618 0.00764749139666 0.00546718054629 0.0215440708331 0.0297248043563 -0.00158001914085 0.0383394783651 0.0164181450259 0.00015988050024 0.0151442276612 0.0218074700508 0.00718194572738 0.0279619098403 0.0504769398942 0.0188374023721 -0.00721815078662 0.0164102742957 0.00855072369267 0.0172172627632 0.0509781152356 0.0102103502967 0.0191387721186 0.0265012062743 0.00889030482465 0.00408146541085 -0.00200475310623 0.486480720921 0.0215982407383 0.0114995535504 0.0118013130857 0.00333008477069 -0.00734722159983 0.0417720962255 -0.00761543894698 0.0126810795212 0.00655752065538 
0.0518551640223 -5.68892731144e-05 0.00496432841858 0.0143583939147 0.00541595706379 0.0124414951895 -0.00125031874111 0.0217709108295 -0.00733990432462 0.0161550915328 -0.0075566095282 -0.00861707740044 0.00169282695884 0.0119191290625 0.00464299224451 0.0120893672773 0.0213774395808 0.023062723109 -0.00016168310832 -0.00641049835602 0.00727150445293 0.0197302390068 0.0190533433008 0.00956036414442 0.0138351075711 0.0195860667457 0.0179237832084 0.000148625826668 0.00971191714298 -0.000909013982501 0.0161015586609 0.0252856654795 0.0211819372196 -0.00424995851501 0.0161128017645 0.00928272631379 0.000575365571193 0.00783870782488 0.0094648040478 0.0113289202985 0.0215982407383 0.15977108267 0.0165408638836 0.0180579798518 0.00791989407602 0.0144986686393 -0.0031934849765 -0.00214213395519 0.0132308795631 0.0282435340633 
0.0433175125282 0.00977026563952 0.0164528121942 0.0154502644425 0.0622045409555 0.0258223099283 0.0550541894214 0.0211006963192 0.025999921577 0.0444547290351 -0.00117300190683 -0.0120531890314 0.000687346750547 0.0210110541263 0.0111087347736 0.00755124862621 0.0150538609964 0.0243011669233 0.0338094248846 0.017798144848 0.0169236624408 0.0420655811643 0.017886747978 0.01160194014 0.0553834542475 0.0288713738996 0.0267907215969 0.0107086826689 0.0415413102429 -0.00811288628386 0.0882238682187 -0.0268045023824 0.0152984877166 0.000983560657604 -0.00244881808694 0.0263122842829 0.00379507260666 0.0287723852011 0.0126306340851 -0.00252318835831 0.0114995535504 0.0165408638836 0.447118671566 0.0209708570452 -0.00312420155835 0.0411178992684 0.0157374212354 0.0081742862011 0.0485851574361 0.0225680365106 
0.0502068902958 0.0159599554315 0.0222472420182 0.0312562706647 0.00359450872401 0.0022538033942 0.0267111224878 0.00315214269248 -0.0240243363748 0.0376599064584 -0.00110044665883 0.00689828019212 -0.00641316137401 -0.0141755015428 -0.00540086638864 0.00253744974704 0.0186779920539 0.000132327137829 0.00928645882943 0.0081058237884 -0.00402490246619 0.0145246021837 0.0416626031624 0.0240166297369 0.0148296967977 0.0293206126362 0.00570100364857 -0.00923486942845 0.00443738431341 -0.00286592701297 0.0111267355593 0.0130756321585 0.00330559657584 -0.0190794164044 0.0026933284558 -0.0110746720597 -0.0111103179216 0.0104259629886 0.00640898638864 -0.00110570467561 0.0118013130857 0.0180579798518 0.0209708570452 0.295965499846 -0.00294242792761 0.00830035123991 -0.0211212215349 -0.0165192690021 0.026383961639 0.0219336149188 
0.00706998815799 0.0328423549705 0.00977526599596 0.0103311122588 0.0115180669496 0.0107658713976 0.0097365754132 0.00756570400327 0.0147508424259 0.0113269590414 0.0312077614303 0.0176182953013 0.00203855298493 0.0186328250419 0.00291804078536 0.0338498444639 0.0263108950099 -0.00161302426117 0.0272536447891 0.0100773984062 -0.00622194368153 0.00617796339522 0.0130558876187 0.000248830847124 0.0161799274613 0.00688747418831 0.0249312974284 0.00661271051779 0.0307708029736 0.0153949989992 0.0075869373517 0.004594029911 0.00372698771503 0.0355109012286 0.0138987517599 0.0333111392387 0.0235525459489 0.00163682263945 0.0357784245053 0.0533997883581 0.00333008477069 0.00791989407602 -0.00312420155835 -0.00294242792761 0.111940050191 0.0208946270627 0.0114530183768 0.00291838449782 0.0112605735301 0.0104343316236 
0.028755356198 0.0118822989337 0.00200504337587 0.0495863032979 0.0403691667307 -0.00612856076655 -0.0128921713495 -0.00190697851465 0.0209407109984 0.00147981662789 0.0423897993692 0.00671280413621 0.0298940034029 -0.00706160229538 0.0148396472841 0.0212572568158 -0.00618788371481 -0.00696258531818 0.0278567708958 0.0151681142176 0.0265287704524 0.0166715410786 0.00687819558804 0.0187613393997 0.00914160826621 0.0377579522392 -0.00105364403834 -0.00674465304173 0.0261244227604 0.0253483056688 0.012016285671 -0.00400365626018 -0.0134646235141 -0.0141737773689 0.0125886955606 0.00503056475636 0.00934995819756 0.0258489313671 0.00769115491683 0.00764401987066 -0.00734722159983 0.0144986686393 0.0411178992684 0.0083003512399 0.0208946270627 0.33606883751 0.00621618037231 0.00159564476945 0.00491758288505 0.017064805128 
0.0117427866939 0.0462748798435 0.0229753073822 0.00126607940132 0.187094522309 0.0134847421998 0.094282382849 -0.00158281331645 0.170448725202 0.00769865544613 -0.00903475927431 0.0184679039498 0.0314613662525 0.0567422835366 0.00485688583812 0.0260484484127 0.00843758643348 -0.00841100473073 0.0234844479135 0.0180399078598 -0.024987114498 0.0310664732761 0.0330340552876 0.0431520985335 0.0139867330529 -0.00284684414232 0.0504209802527 0.000509814045985 0.0515560832485 0.0229665958395 -0.0178184082188 0.104669170412 -0.00585119006927 0.20075855894 0.0153100678193 0.0378466809635 0.0527572206229 0.0198699514387 0.0346976769264 0.0253721358595 0.0417720962255 -0.0031934849765 0.0157374212354 -0.0211212215349 0.0114530183768 0.00621618037231 0.566030399203 0.0177228531249 0.0212583265888 0.0151271108398 
