60
0.0723241103927 0.0825599502725 -0.00694067656108 0.143828325424 0.059162885268 0.275152850517 0.101022755506 0.0623269012124 0.0573021249509 0.0826231173305 0.282509070746 0.0498180241401 0.105790735219 0.0316067218978 0.0950879331279 -0.0148687542544 0.170228010564 0.00859756350963 0.0451759103614 0.0965978414643 0.0900156737744 0.124759587163 0.0101927526284 0.0316717201181 0.0121413644826 0.00642009941462 0.0176756211385 0.072987431854 0.088181568025 0.0904248988876 0.0519302207626 0.0449819155318 0.09797045465 0.0914492870129 0.100220943784 0.0477990277318 0.0431194173031 0.0861150338972 0.036872425502 0.0315903614714 0.151477321577 0.106465020668 0.0475630895173 0.134360436546 0.0450347688147 0.0321720089654 0.0415097954764 0.105790500039 0.025637758891 0.0431320253577 0.022775665512 0.0160922749751 0.0453963667668 0.0705908558691 -0.0290439391383 0.00792878112812 0.0408960175479 0.00851722536111 0.171628318037 0.0336878097659 
0.33955995094 0.0245741166129 0.0151436462913 0.0221760116188 0.0112246583513 -0.0255555965299 0.011856021184 0.0159072444166 -0.0252967215796 0.0158197156364 0.0470416227274 0.00921756729969 -0.0283273378166 0.00987472523804 0.0201563228891 0.00311049528335 0.0223993073297 0.00564335254326 0.0512615799565 0.0505001573709 0.0298293786098 0.0266652000936 0.0439140689645 -0.0167189379623 0.0063409850836 0.00943326115678 0.0286492790111 -0.00507312307056 0.0748942279017 -0.0101185196531 0.00819742076357 0.0210966817469 0.105267549818 0.050113562575 0.031396530987 -0.00575203320318 0.0185543749696 0.0235477231867 0.00323358004738 0.00552585762255 0.0174354882485 0.0163488970086 0.0162971743738 0.036658661092 0.00793614953458 0.0349175761458 0.0028224772255 0.0128319008679 -0.000147925211309 0.0331777588144 0.020312336208 -0.00481569024612 -0.0103070567678 0.00806226619287 0.0259896401676 -0.00551235903903 0.0178509223128 -0.0122750361004 -0.00391249279162 0.00933133791015 
0.0245741166129 0.352781949142 0.0108039638743 0.0405104249096 0.0134105915938 -0.0380736971564 -0.0132891305274 0.0362622246402 -0.00710334342901 0.00794218247712 -0.0111313948766 -0.0260518658301 0.0192763205783 0.0197098882458 0.0243846288278 -0.00207344940219 0.0360552581513 0.015770347852 0.00900414513761 0.00517826758656 0.00101152955505 0.0328622141305 0.00526102622083 0.00239478879659 -0.00816184905399 0.0116850282616 0.000873041242916 -0.00703734239109 -0.0167645488444 -0.0143307973036 0.029897674384 0.0517471309746 -0.0100708786801 0.00799133222087 0.0040785415448 0.0426408934357 0.0184138242054 0.0230768843135 -0.000867891306655 0.012112886025 0.0346137002725 0.0335749117178 -0.00318379852751 -0.000424548241362 -0.0156196081688 0.0204718741488 -0.00299043160959 -0.0189067129673 0.000627615546665 0.0240541510874 0.00995827884127 0.0209774485818 0.00954308114224 -0.00125998742247 0.0333593502367 0.0161155166021 -0.0104816473449 0.0186266166069 0.0269209748835 0.0319762179173 
0.0151436462913 0.0108039638743 0.370559352907 0.0126600832258 -0.0112786708513 -0.0119318099229 -0.00264842475273 0.0115183863424 0.00680066255782 0.0281485647494 0.0345397569971 0.039042625081 0.00939014617328 0.0148770819117 0.00702445364655 -0.00735890182337 -0.0158802721024 0.0269750034411 0.0297002170336 0.0265017417975 0.0230327064169 -0.00528842485728 0.0261213035192 0.00233824768501 0.0202851568092 -0.0122384344259 0.0228817116637 0.00735586244341 0.0766279011525 -0.0138349722389 0.00218255674945 0.0103837289391 0.0215163991567 0.0458311717131 0.0275217042026 -0.00921971094852 0.0361105552296 0.0318662655672 0.00750686095272 0.0186589473784 0.058431902772 0.00889033208776 0.0289607728617 0.00243519255833 -0.0143678438145 0.0247423202313 0.0184709394762 0.00481997363857 0.0388360514626 -0.0121651734877 0.0171876321733 -0.0010162735803 -0.0198633700982 0.00765578863249 0.0684056322363 0.0026318936824 0.0148979371945 0.00302641828172 0.00835455795246 0.0315651250688 
0.0221760116188 0.0405104249096 0.0126600832258 0.579619234447 0.00946080977035 -0.00239059591243 -0.00573430737798 -0.00478343547748 0.0683263003164 -0.00134645942134 0.019728108537 -0.0518318548089 -0.0170296256603 0.0222658337025 0.0217040222389 -0.00993834352672 -0.0207217358817 0.00517799616367 0.0135042471826 0.0102815388197 0.0151312965557 -0.00867915604904 0.011423679566 -0.00305865769727 0.0185228306628 -0.0134821182323 0.00178527658272 0.00920922743542 0.0230473311816 -0.00570222821036 -0.00811309835707 0.0124611499879 0.117927988301 0.0268470651579 0.0208823475944 0.0142722348274 -0.0178286239598 0.0166874476857 0.00598565088726 0.00713775368329 -0.0132306608208 0.0181463068534 0.0138017685097 -0.0220240367842 -0.0166805101219 -0.00613911332664 -0.00716081516648 0.0258711697062 -0.00343284033068 0.025828293381 -0.00768148431787 -0.00261349935049 -0.00833568148836 -0.0243500816442 -0.000878150232386 0.00307029809487 0.0253011275681 0.0106529625056 0.0320717425559 0.0441091563432 
0.0112246583513 0.0134105915938 -0.0112786708513 0.00946080977035 0.340193466273 0.00935456316095 0.0262564516319 0.0101205292007 0.0340405002802 0.0290117463267 -0.0170744665796 -0.00434392632986 0.0295129348825 -0.00638994567194 0.00218762174032 0.0134009736435 0.0170176266806 0.0149196503099 0.0344150587543 0.0103361312788 0.00468239806354 -0.00217399272913 -0.0130358643464 1.10474839383e-05 0.00154666974489 0.0219652997734 -0.0105548834173 0.0103962243103 0.00089328831484 0.0286593009686 0.0261001922167 -0.00317144340386 0.00337504924495 0.0296590552909 0.0189702395807 -0.00331137574991 0.0277576333295 0.0169216789413 -0.00199024507096 0.000510575375123 -0.023183437688 -0.00127223010213 0.0120038792945 0.0266860665891 0.0204024082609 0.0241321313061 0.000315119797139 -0.014022067425 -0.00551595842174 0.0187430919097 0.0029050550757 -0.0219603315309 0.00772687531354 0.00226945793394 0.00461503431935 -0.00530648321023 -0.00872796346921 0.00289755172923 -0.015140072474 0.0317560776876 
-0.0255555965299 -0.0380736971564 -0.0119318099229 -0.00239059591243 0.00935456316095 2.71208145636 -0.0304694889606 0.0106188929203 -0.00389489716235 0.0109582540528 -0.00102485777996 0.0483262955106 0.0159185488805 -0.00584689481796 -0.0105791449564 0.00866532319534 -0.0210216777575 -0.00987644865947 -0.00999510802172 -0.00670854032503 0.0286915419803 0.0741998145212 0.00253538973826 0.0168933053924 -0.0226133032484 0.00393144106118 0.0680317190167 0.00693018053284 0.00450186171494 0.0317394045431 0.00485486470015 -0.0153413753302 -0.00376507978664 -0.0310038265546 -0.00569416869475 -0.0308611104553 0.0281530722152 -0.00359211482791 -0.024593102861 -0.0122888251853 -0.00367306546558 -0.0167593523998 -0.0147201365117 -0.0235924135933 -0.0157362555189 -0.0152144414328 0.115000450965 0.0219151026621 -0.0151703967282 -0.0306435554889 0.0707299024738 0.000293121543585 -0.00459228092698 0.00461723000466 -0.0257688752692 -0.0355427113935 0.0198427100055 0.028626112578 0.0194889417087 0.00244175234551 
0.011856021184 -0.0132891305274 -0.00264842475273 -0.00573430737799 0.0262564516319 -0.0304694889606 0.449251827663 0.00337383353713 0.0245406311413 -0.00985741988806 -0.0323060872011 -0.01407402843 -0.00596699065586 0.0146714663243 0.0536416222633 0.0133153415573 0.0614243290322 0.00340781940221 0.00521292568205 0.00147888158237 0.0218540087757 -0.00518658889921 0.0117923495773 0.011702002792 -0.00281082560852 0.010231150761 0.015044635569 -0.015638805227 0.0143877076543 0.00217770111568 0.00920264205596 0.0246473827184 -0.0166970139362 0.0277504895404 -0.000343211067254 0.0836085199363 0.0194821340368 0.0116737118159 -0.00606188374117 0.0186038872882 0.00880251427408 0.0126258891111 -0.00318067809957 -0.0135782122059 0.0236979033903 0.0201325759875 -0.00903570862245 -0.0125476923645 -0.00042468095504 0.0426360938834 0.0085747577036 0.0232103846838 -0.0120073997489 -0.0222121778144 0.00938150007895 -0.00313714515829 0.0110539875404 0.00986952002591 0.0223705614054 0.00883339306072 
0.0159072444166 0.0362622246402 0.0115183863424 -0.00478343547748 0.0101205292007 0.0106188929203 0.00337383353713 0.247050597273 0.020924714043 0.000855971371789 0.0139408461352 0.0104935900261 0.0132930649639 0.0381010446618 0.0237332576975 0.0150834233618 0.00779002057283 0.00176652815733 0.0324935657368 0.0156603147815 0.0104372030189 0.0165786761554 0.0301908956611 0.0243963435831 0.00209631626995 0.0309162999783 0.0334493213429 -0.00657535513341 0.0174936664512 0.0113024200637 0.025539038039 0.0249261741987 0.0186951303628 0.0647922271763 0.000775588617625 0.00379683061118 0.0203871903955 0.00487892582641 0.0386719393229 0.0318602279308 0.0324085877755 0.0198544205875 0.00439837974002 0.0164678528135 0.00330198126667 0.0132377385903 0.0164631837943 0.020454479366 0.039390068851 0.0258917429271 0.0386697493841 0.00383677151155 0.00536591336896 0.0388574912924 -0.00163023835979 -0.00134488045567 0.00583517533366 0.0163859905048 0.0163416686754 0.0258251118284 
-0.0252967215796 -0.00710334342902 0.00680066255782 0.0683263003164 0.0340405002802 -0.00389489716235 0.0245406311413 0.020924714043 0.289602848919 0.0204416086465 0.010004288585 0.00749572143322 0.0508296563867 0.00285404577814 0.0338044495409 0.000998588029946 0.0256504637345 0.0161179518892 0.0396441563605 0.0231240117826 0.0287297227458 0.0250516473367 0.0258172460819 0.0173946907955 -0.000970426774751 0.00713360179392 -0.000505240001925 -0.00326438324266 -0.00380035094998 0.00317077111477 0.00501544248014 0.0141320740265 0.0105980157182 0.0745160578324 0.0344375757185 0.016386144565 0.0253636403447 0.0127552989014 0.0208921178187 0.0162921714941 -0.0164119261593 0.0142247959892 0.01720859259 0.0531353707277 0.00661570669088 0.00199631525886 0.0038573572622 -0.00267519918014 0.0179226013655 0.0430491388631 0.0228933724625 -0.00490321470394 0.0546807244401 -0.00520034522787 -0.0370756085632 0.0296038433461 0.00923704456487 0.00111581803434 0.00646383338275 0.0299277118054 
0.0158197156364 0.00794218247713 0.0281485647494 -0.00134645942133 0.0290117463267 0.0109582540528 -0.00985741988806 0.000855971371787 0.0204416086465 0.188794789552 0.00670122093816 0.0234882851937 0.00775758158322 0.0155070259161 0.0126564453032 0.0129570685311 0.00492516466104 0.00220263969897 0.0152362697912 0.0278922974958 0.0113705229526 0.0156303578626 0.0125851656941 -1.14384979482e-05 0.013052931316 -0.00663896820134 0.0064362674164 0.0069780773169 0.0114479826931 0.00095681831993 0.00553179083283 0.0212649781225 -0.00424139050189 0.0526487013532 -0.012613572629 0.0433906315322 0.0183187506285 0.0169770681045 0.0150846129312 0.0169399132643 -0.00906108707331 0.00655666277227 -0.00285198230864 0.0354913793631 0.0100015529782 0.0153198074624 -0.00371901010486 0.0258003609911 0.0245991871768 0.012998177041 0.0238196421168 0.000162808672785 0.00214887180319 0.0173399550965 0.0045884718163 -0.000174495582198 0.013390217927 0.0145487300511 0.0250148238967 0.0216580915778 
0.0470416227274 -0.0111313948766 0.0345397569971 0.019728108537 -0.0170744665796 -0.00102485777996 -0.0323060872011 0.0139408461352 0.010004288585 0.00670122093816 0.85067827009 0.0274483723325 0.002858079241 0.0219492811226 0.0398896576161 0.0106722833272 0.05068758411 -0.0146990195985 0.0241895664363 0.035532396433 0.00773653845629 0.133655192651 0.0122370579482 0.0285631546276 0.00129608025666 0.0228461685826 0.00319129327986 0.0388628346884 0.109710248614 0.0371043338288 0.0102023607269 0.0117023649239 0.0994142415382 0.0395583793679 -0.0262330333672 0.0131802589825 0.0359630805527 0.0518972402146 -0.00244343998547 0.0302198706131 0.00725302332248 0.0473534069584 -0.00970622370883 -0.000205564021327 -0.00899812179374 0.0195234141411 0.0669865493269 -0.00978280081504 0.0168007486791 -0.0182606134344 0.0364589241172 -0.0051790164694 0.00945284730967 0.0413377276722 0.00345993621745 0.0217285116245 0.00128787813497 0.0286098872256 0.0135705152343 0.00766243644728 
0.00921756729969 -0.0260518658301 0.039042625081 -0.0518318548089 -0.00434392632986 0.0483262955106 -0.01407402843 0.0104935900261 0.00749572143322 0.0234882851937 0.0274483723325 0.3510923466 0.0071686287154 -0.00527509190461 0.0264792471886 0.00602239037709 0.0172853878688 -0.0113452780507 0.0165502858281 -0.00238909334436 0.00365640113369 -0.00627168387624 0.0187312313676 0.0241450856241 0.00804351878731 0.0208996677569 0.00137250011148 -0.0132483160076 0.0206715181457 0.137149779546 0.0335650437935 -0.00806889020005 0.00361385368348 0.0582008342055 0.0276841544535 0.00259704748453 0.0243551291083 0.00226643686694 -0.015742139667 0.00617578362876 0.0395007217051 -0.00156352902477 0.0128249448034 0.0405338218605 0.00741954501317 -0.00279095255311 0.116410439969 -0.0146520371588 0.0176563775144 0.00107827070904 0.0195413530182 0.0130796029251 0.016421879218 -0.0057713138677 -0.00670403618006 0.0106509378814 0.0125065943375 0.00292801375326 -0.00202679903268 0.00301481788383 
-0.0283273378166 0.0192763205783 0.00939014617328 -0.0170296256603 0.0295129348825 0.0159185488805 -0.00596699065586 0.0132930649639 0.0508296563867 0.00775758158322 0.002858079241 0.0071686287154 0.336676301831 0.0151059057181 0.0210951907491 0.0196980619187 0.0480908617294 0.0245821056815 -0.0469209866975 -0.0355079162009 0.00137845799569 0.00502514512741 0.00508291843516 0.0509017118471 0.000293537397419 0.020156709386 0.00340275857054 0.00169982690354 -0.00965125129204 0.0212868055888 0.0121610583683 0.0141972376962 0.0460995601897 0.0384216509318 0.0348912878015 0.00477511578624 0.0304635536412 0.0234226443519 0.0141457889686 0.0235486626254 -0.0157614497803 0.00476597601606 -0.000873361139579 0.0111274383347 0.0042056189987 0.0269877324794 0.0117198440689 0.0206322727133 0.0249458264815 0.0107864992432 0.0277533472999 -0.000238388641786 0.0160075750425 0.0186619050599 0.0222064397282 0.00787508641835 0.0392170132264 0.0317644850149 0.00162604881108 0.0207146096122 
0.00987472523804 0.0197098882458 0.0148770819117 0.0222658337025 -0.00638994567194 -0.00584689481796 0.0146714663243 0.0381010446618 0.00285404577813 0.0155070259161 0.0219492811226 -0.00527509190461 0.0151059057181 0.126222571886 0.0364092524922 0.0161795114866 0.00805986623309 0.0186650272424 0.00155180549599 0.021679996322 0.0170414546773 0.00629128384383 0.0216538017782 0.00841911366581 0.0131507717162 0.0185673305553 0.0223329013049 0.00862397124638 0.0149617177832 8.20451389178e-05 0.0102764842779 0.0408028815098 0.0138363301082 0.0412529866652 0.00797119538574 0.0166392032201 0.00883279546643 0.0208394558303 0.0156719667681 0.0314021264271 0.0141559127538 0.0254761711895 0.000583310968726 0.012650224137 0.0091256583271 0.0234636902856 0.00708603552784 0.0233505915623 0.0272440701202 0.0129946052264 0.0306967583877 0.00509769286574 0.0014407089483 0.0140733388476 0.00726712386756 0.0166108320059 -0.00211305138668 0.0240581678885 0.0234328864035 0.0168167323268 
0.0201563228891 0.0243846288278 0.00702445364655 0.0217040222389 0.00218762174032 -0.0105791449564 0.0536416222633 0.0237332576975 0.0338044495409 0.0126564453032 0.0398896576161 0.0264792471886 0.0210951907491 0.0364092524922 0.243731704391 0.0156051970061 0.0205682201323 0.01268545205 0.0408227839416 0.020353072059 0.0446590488025 0.0101841682672 0.0151593351036 0.00684387665238 0.00620381382543 0.0138212320531 0.0132159564781 0.010182046865 0.00380859044728 0.0066752760292 0.00576585120223 0.0566994412943 0.0705469596909 0.0738126021726 0.022318001591 0.0288059503037 0.00422329039215 0.0142493520454 0.00508097270168 0.0290667434401 0.00523306954533 0.0367107166028 0.0132734855038 -0.00381290831023 -0.000666541402115 0.0275279184456 0.00952251720181 0.0117703263006 0.0398461850975 0.110541443371 0.0194532697898 0.00643418320251 0.00307637729451 0.0277381903021 0.00536705344374 -0.00124675817951 0.00812717325736 0.0218669909883 0.00985634263738 0.040739136618 
0.00311049528335 -0.00207344940219 -0.00735890182337 -0.00993834352672 0.0134009736436 0.00866532319534 0.0133153415573 0.0150834233618 0.000998588029946 0.012957068531 0.0106722833271 0.00602239037709 0.0196980619187 0.0161795114866 0.0156051970061 0.134485226942 0.00493602503196 0.0108360096603 0.00976315951636 0.0137748232159 0.026232242757 -0.000550165314833 0.0143874917601 0.0136696098796 0.00658740962481 0.033244756807 -0.000607507672034 0.0146114889478 0.00159200532579 0.0140554914861 0.0494126487548 0.0126493484137 0.00208685355742 0.0306569891405 0.0126922575168 0.0115948239967 0.00140448659322 0.00903673234784 0.0132098707322 0.0200713035799 0.014249302251 0.0305368594787 0.00549037013221 0.0355821725329 0.0447414848308 0.013220131948 0.0240876216743 0.0142161336489 -0.00157981441277 0.000309889124225 0.0175368264699 0.00613297622714 -0.00974619641997 0.00779319842942 0.0147256295155 0.00806912311417 0.0120711559629 0.0151300783156 0.0172762518884 -0.00667531683003 
0.0223993073297 0.0360552581513 -0.0158802721024 -0.0207217358817 0.0170176266806 -0.0210216777575 0.0614243290322 0.00779002057283 0.0256504637345 0.00492516466104 0.05068758411 0.0172853878688 0.0480908617294 0.00805986623309 0.0205682201323 0.00493602503196 0.57621942184 -0.012691770907 -0.012019679164 0.0328242450567 0.00843955291457 0.0197914282554 0.0179657251785 -0.00630259419798 -0.0149712908746 -0.000671658299922 -0.02185235536 0.0045668111362 0.0394470848412 0.00969975331004 0.00567774120874 0.0179514021657 -0.00128820339834 0.0477784872385 -0.0039842319262 -0.000986617604061 -0.00180163451264 0.00316880982925 0.00153058296447 0.0214799135058 0.00565814727172 0.0254597521084 0.0219466699877 -0.0157047214428 -0.00818420478934 0.0116363519557 -0.00257215217543 -0.00879293417278 -0.00184439929849 0.0380599154458 0.00841684495528 0.00101330942304 -0.00746319068513 0.0406079254262 0.0331358409536 0.00615374539526 -0.000608472515352 0.0131407680281 0.0335814207869 0.0160624226032 
0.00564335254326 0.015770347852 0.0269750034411 0.00517799616367 0.0149196503099 -0.00987644865947 0.00340781940221 0.00176652815732 0.0161179518892 0.00220263969897 -0.0146990195985 -0.0113452780507 0.0245821056815 0.0186650272424 0.01268545205 0.0108360096603 -0.012691770907 0.219979469914 0.0121942494652 0.0308258108511 -0.0046647935559 0.0179656548244 0.0231909032234 0.0029042445008 0.00892422621614 0.0186680867756 0.0279737260764 0.0135611706777 0.0132565541794 -0.0092818084494 0.0219331427592 -0.00105626767024 0.00409689189728 0.0274028083695 -0.0143891532172 0.0028585957474 0.0238184206345 0.0101779064843 0.0181681606245 0.0220527778067 0.015908295528 0.0138249125561 0.0114826600789 0.0101791139151 0.00949319846886 -0.000115857980922 -0.0147898442173 -8.515283535e-05 0.0128519101723 0.00263347898281 0.0197017705437 0.0166515388019 -0.0126846984995 0.0352966691245 0.0194440266683 -0.00188973319334 0.0204134150219 0.0179436545294 0.0110214706008 0.029672630658 
0.0512615799565 0.00900414513761 0.0297002170336 0.0135042471826 0.0344150587543 -0.00999510802172 0.00521292568205 0.0324935657368 0.0396441563605 0.0152362697912 0.0241895664363 0.0165502858281 -0.0469209866975 0.00155180549599 0.0408227839416 0.00976315951636 -0.012019679164 0.0121942494652 0.352104809367 0.018608152602 0.00693437084614 0.0364451839192 0.00758475436005 -0.00845985238941 -0.00156851389654 -0.00315178609017 0.0150495422393 -0.00336993597225 0.0404702948112 0.0157367918018 0.00762380300864 -0.00694211436343 -0.00207944319679 0.0638996583343 0.0210956631189 0.028957251793 0.0170293454397 0.0230170887802 0.0124835297002 0.00322024532431 0.0125155574373 -0.00585793810337 0.0160300231117 0.0349518773687 0.00401007921981 0.0256895575929 -0.0125726766078 0.00297471937697 0.0193068747711 0.0554940631273 0.00250039095296 -0.030504710195 0.0286021683522 0.0158993786042 0.0136582559358 0.00100715795451 0.00813762706782 0.0297675974662 0.0141772261121 0.0562046361114 
0.0505001573709 0.00517826758656 0.0265017417975 0.0102815388197 0.0103361312788 -0.00670854032503 0.00147888158237 0.0156603147815 0.0231240117826 0.0278922974958 0.035532396433 -0.00238909334436 -0.0355079162009 0.021679996322 0.020353072059 0.0137748232159 0.0328242450567 0.0308258108511 0.018608152602 0.428843360653 0.0145342917619 -0.00240334799663 0.0342232402548 0.0182862462485 0.0194604052275 0.023250440455 0.0241257872779 0.0172784944932 0.0418143049495 -0.030100063645 0.00648731808828 0.017501246749 0.0176909268615 0.0169267831153 0.00658309166837 0.0361086337348 0.0271714732746 0.0105197911466 0.026253108619 0.0246295777271 0.02498855635 0.0153637835697 0.0384196605192 0.043909400114 0.0232861718584 0.00367932196421 -0.01163679561 0.0134797137517 0.0158730945884 -0.00301536262095 0.0398031830064 0.0133017177488 0.0034828457175 0.0240309284798 0.0216918657622 0.0284602625245 0.00531730148286 0.027346578983 0.0221804148263 0.0409271842204 
0.0298293786098 0.00101152955505 0.0230327064169 0.0151312965557 0.00468239806354 0.0286915419803 0.0218540087757 0.0104372030189 0.0287297227458 0.0113705229526 0.00773653845629 0.00365640113368 0.00137845799569 0.0170414546773 0.0446590488025 0.026232242757 0.00843955291457 -0.0046647935559 0.00693437084614 0.0145342917619 0.230906213754 0.0125127951615 0.0134525761204 -0.00897759318902 0.00139015807109 0.00723693451351 0.0198626437031 0.00518600455681 0.0129944434898 -0.0174050686953 0.00531245502248 0.00748401702131 0.00139885479339 0.04251937019 0.00309494308956 -0.00661994390903 0.00434618438165 0.0204197791746 -0.00929475190702 0.0195361145957 0.0283011504329 0.0202511753657 -0.00549066409908 0.0135495989296 0.0162505601313 0.00217832060675 0.0147030303023 0.0253060062001 0.0131536888861 0.0278137764073 0.00139091166254 0.017454209008 -0.0106322597912 0.0160587124606 0.00581969108314 0.0207782479426 0.0030419525279 0.000933816413611 0.0017345601633 -0.0086632389795 
0.0266652000936 0.0328622141305 -0.00528842485728 -0.00867915604904 -0.00217399272913 0.0741998145212 -0.00518658889921 0.0165786761554 0.0250516473367 0.0156303578626 0.133655192651 -0.00627168387624 0.00502514512741 0.00629128384383 0.0101841682672 -0.000550165314833 0.0197914282554 0.0179656548244 0.0364451839192 -0.00240334799663 0.0125127951615 0.287371403469 0.00699224811064 -0.0172535946817 0.00623468781307 0.0126043366228 0.0211154961214 -0.00776502856912 -0.00341411886769 0.0185895225512 0.011659606674 0.0289455754848 0.0144779006224 0.0304948398133 -0.0108718413176 0.0339264322064 0.0196235068176 0.0366856759619 0.0285099626523 -0.00419466430203 0.0494100078145 0.0258573281319 0.0113976609853 -0.016141944651 0.00740069224345 0.005277571265 0.0194521613104 0.0167915904822 0.0484186159912 -0.00390032576031 0.0370803969429 0.0368231659843 0.026580674182 0.0204936489708 0.00789233716138 0.0230699491273 0.0266505517745 0.00925606375016 0.022199640746 0.012930056565 
0.0439140689645 0.00526102622083 0.0261213035192 0.011423679566 -0.0130358643464 0.00253538973826 0.0117923495773 0.0301908956611 0.0258172460819 0.0125851656941 0.0122370579482 0.0187312313676 0.00508291843516 0.0216538017782 0.0151593351036 0.0143874917601 0.0179657251785 0.0231909032234 0.00758475436005 0.0342232402548 0.0134525761204 0.00699224811064 0.238694915476 0.0231105594255 0.0162662498883 6.34767699792e-05 0.0179520354097 0.0107500430201 0.0651300659883 -0.00837986482456 0.00434042360089 0.0227164279278 0.0239730928523 0.0263147378036 0.0257168511279 0.00317960862091 0.00164204767095 0.0101884565187 0.0081797596238 0.0291216212237 -0.00176848306246 0.012424622655 0.0224093686815 0.0178055484891 -0.00974108153945 0.00691356507744 0.0130267365213 0.0202862498693 0.00856987921694 0.0339388256782 0.0170902285283 0.00512971927333 0.0131304112585 0.0121295026167 0.0214631532735 0.0220979535922 0.021069370004 0.0193936258576 0.0258667239493 0.0127812745407 
-0.0167189379623 0.00239478879659 0.00233824768501 -0.00305865769727 1.10474839379e-05 0.0168933053924 0.011702002792 0.0243963435831 0.0173946907955 -1.14384979475e-05 0.0285631546276 0.0241450856241 0.0509017118471 0.00841911366581 0.00684387665238 0.0136696098796 -0.00630259419798 0.00290424450081 -0.00845985238941 0.0182862462485 -0.00897759318901 -0.0172535946817 0.0231105594255 0.269324254406 -0.0203850114946 0.0282820394325 0.0156507452756 0.0082179133027 0.0203102992115 0.0202768133568 0.018749601614 0.0127109718227 -0.0087973744751 0.00138592779528 -0.0019464583065 -0.00272474797432 0.0136674813067 0.00111864023501 -0.000471900151042 0.0318482371832 0.0116959227582 0.0314947156174 0.00607425943359 0.0253192243175 0.00936374731238 0.0119338131029 0.0239707552515 0.0321893862321 0.0303290932075 0.0277424565256 0.0339033867197 -0.00854508520337 0.00699314883976 0.029500552092 -0.0167055195666 0.0125124149022 -0.0135764179691 0.0199388941541 0.0158253915358 0.0277828842758 
0.0063409850836 -0.00816184905399 0.0202851568092 0.0185228306628 0.00154666974489 -0.0226133032484 -0.00281082560852 0.00209631626995 -0.00097042677475 0.013052931316 0.00129608025666 0.00804351878731 0.000293537397418 0.0131507717162 0.00620381382544 0.00658740962481 -0.0149712908746 0.00892422621614 -0.00156851389654 0.0194604052275 0.00139015807109 0.00623468781307 0.0162662498883 -0.0203850114946 0.246359680452 0.0181863718072 0.00634186852224 0.046034654223 0.0057443193088 0.0141696550431 0.0609255291028 0.0293250252312 -0.022820648974 0.0173821406788 0.00496943413914 0.0317916614411 -0.0013117961555 -9.07084975393e-05 0.0264625944894 0.0116984247522 0.00365062905873 -0.00315634317968 0.00849335754119 0.00579845651083 0.0269699256253 0.0264422854819 -0.0126092066897 0.027004022009 0.00586150713333 0.0401836264145 0.00811962001493 -0.00371037337044 0.00167557122003 0.0134670651826 0.0218300071745 0.0147258987366 -0.00727600414503 0.0355285876806 0.0108923297927 0.016200471086 
0.00943326115678 0.0116850282616 -0.0122384344259 -0.0134821182323 0.0219652997734 0.00393144106118 0.010231150761 0.0309162999783 0.00713360179392 -0.00663896820134 0.0228461685826 0.0208996677569 0.020156709386 0.0185673305553 0.0138212320531 0.033244756807 -0.000671658299922 0.0186680867756 -0.00315178609017 0.023250440455 0.00723693451351 0.0126043366228 6.34767699799e-05 0.0282820394325 0.0181863718072 0.132901719207 0.00868946451457 0.00221755099362 0.00694172785377 0.0357651547493 0.0544606808083 0.0130783760796 0.00300156860202 0.0183705875888 -0.00391446176307 0.00161356810156 0.0123820296664 0.00917677443008 0.0232417368188 0.0195747176691 0.0161054775959 0.0216731546379 0.00311568395002 0.0415937434027 0.0508183151492 0.0138093139415 0.0236031878684 0.014534173903 0.00297427710233 0.00422543407376 0.0321824311183 0.000283557700846 -0.00700688445988 0.00366653319688 0.00066785115836 0.0144615638616 0.00732040484895 0.0159229567623 0.0159728342514 -0.00426736788529 
0.0286492790111 0.000873041242916 0.0228817116637 0.00178527658272 -0.0105548834173 0.0680317190167 0.015044635569 0.0334493213429 -0.000505240001925 0.0064362674164 0.00319129327986 0.00137250011148 0.00340275857054 0.0223329013049 0.0132159564781 -0.000607507672034 -0.02185235536 0.0279737260764 0.0150495422393 0.0241257872779 0.0198626437031 0.0211154961214 0.0179520354097 0.0156507452756 0.00634186852224 0.00868946451457 0.162143214784 0.00864463201412 0.0262150207636 0.012215703764 0.0141315869025 0.0136336983165 0.0131413523122 0.0232923414302 -0.00296692612403 0.0130802424076 0.0193605575067 0.0061832159159 0.0120171487813 0.00880989826499 0.0167674229802 0.00856598400419 0.00365472395221 -0.00485107616001 -0.00178062536252 0.0142607950264 0.0163703595708 0.0306652407781 0.0386090038242 0.0132407403523 0.0288854522549 -0.0115202119742 0.0108997178107 0.0104545748059 -0.0100253796659 -0.00950186901445 0.0127189704436 0.0140440520484 0.0228502109669 0.0191140521417 
-0.00507312307056 -0.00703734239109 0.00735586244341 0.00920922743542 0.0103962243103 0.00693018053284 -0.015638805227 -0.00657535513342 -0.00326438324266 0.0069780773169 0.0388628346884 -0.0132483160076 0.00169982690354 0.00862397124638 0.010182046865 0.0146114889478 0.0045668111362 0.0135611706777 -0.00336993597225 0.0172784944932 0.00518600455681 -0.00776502856912 0.0107500430201 0.0082179133027 0.046034654223 0.00221755099362 0.00864463201412 0.47759458687 0.0142310903758 0.0224742877185 -0.0114899471239 0.0115357134873 0.0087940709504 0.012308108917 0.0667783780477 -0.0233643431225 0.00444035805509 0.00327370142497 -0.00686111671249 0.00727077606569 0.0188159207469 -0.0103251698444 -0.00243324692384 -0.00962952658734 0.00158050551412 0.0121701870726 0.00713337600643 -0.0155120921974 0.0348403999309 0.0185985554547 0.0184528234657 0.0243500462537 0.000865193936647 0.0219461446647 0.00728134030631 0.00385677802149 0.0177248023309 0.0051168752976 0.0134942078261 -0.00125826921511 
0.0748942279017 -0.0167645488444 0.0766279011525 0.0230473311816 0.00089328831484 0.00450186171494 0.0143877076543 0.0174936664512 -0.00380035094998 0.0114479826931 0.109710248614 0.0206715181457 -0.00965125129204 0.0149617177832 0.00380859044728 0.00159200532579 0.0394470848412 0.0132565541794 0.0404702948112 0.0418143049495 0.0129944434898 -0.00341411886769 0.0651300659883 0.0203102992115 0.0057443193088 0.00694172785377 0.0262150207636 0.0142310903758 0.332434942419 0.00482815174247 0.0075628230361 0.0209311150432 0.0603099706745 0.0278152673147 0.00404194321592 -0.00217549352622 0.00290904847213 0.0369536136873 0.013070733415 0.00771174115896 0.0246757524835 0.0094323921626 0.00152898357753 -0.0122628486612 -0.00753761310324 0.0174724506069 0.0220167081788 0.0062004890213 0.0276014958288 0.00457807902091 0.0267100810403 -0.00222914913268 0.000261686221313 0.0334323823 0.0245705041312 0.0276705653736 0.0361651581466 0.00935539151496 -0.033608033774 0.00676456192621 
-0.0101185196531 -0.0143307973036 -0.0138349722389 -0.00570222821036 0.0286593009686 0.0317394045431 0.00217770111567 0.0113024200637 0.00317077111477 0.000956818319933 0.0371043338288 0.137149779546 0.0212868055888 8.20451389219e-05 0.0066752760292 0.0140554914861 0.00969975331004 -0.0092818084494 0.0157367918018 -0.030100063645 -0.0174050686953 0.0185895225512 -0.00837986482456 0.0202768133568 0.0141696550431 0.0357651547493 0.012215703764 0.0224742877185 0.00482815174247 0.315876050602 0.0580171270614 -0.00478708383699 -0.0102064195724 0.0435389962229 0.0423744844658 0.0243532025974 0.0128145403692 8.90859275106e-06 0.0178188183867 0.0149972574429 0.0649972246785 0.0121429726123 0.0310803454136 0.0628347960488 0.022228245386 0.00221890828691 0.158497370533 -0.00433172478658 0.0123596828145 0.0167882620832 0.0334834578045 0.00437492803488 0.00172351771878 -0.0165659293055 -0.000408266989209 0.0104875675624 0.0102698371341 0.00714559173807 0.0375676390932 -0.00196893299223 
0.00819742076357 0.029897674384 0.00218255674945 -0.00811309835707 0.0261001922167 0.00485486470015 0.00920264205596 0.025539038039 0.00501544248014 0.00553179083283 0.0102023607269 0.0335650437935 0.0121610583683 0.0102764842779 0.00576585120223 0.0494126487548 0.00567774120874 0.0219331427593 0.00762380300863 0.00648731808828 0.00531245502248 0.011659606674 0.00434042360089 0.018749601614 0.0609255291028 0.0544606808083 0.0141315869025 -0.0114899471239 0.0075628230361 0.0580171270614 0.245797243305 0.0221794600113 -0.0185800767619 0.0200433534698 0.003116502497 0.0387549888855 0.00861616747878 -0.00520158219534 0.0218085723961 0.0231442969055 0.0409672383635 0.0331953270335 0.00213299708684 0.0355225930814 0.0575635608227 0.0154193598782 0.0461097317206 0.0233185148973 0.0172277659776 0.0290551957776 0.00303185821986 -0.011702975725 -0.0203982298263 -0.00811746050326 0.00240704089264 0.00662067076827 0.00538093868957 0.022223400492 0.0223854732328 0.0164245387478 
0.0210966817469 0.0517471309746 0.0103837289391 0.0124611499879 -0.00317144340386 -0.0153413753302 0.0246473827184 0.0249261741987 0.0141320740265 0.0212649781225 0.0117023649239 -0.00806889020006 0.0141972376962 0.0408028815098 0.0566994412943 0.0126493484137 0.0179514021657 -0.00105626767024 -0.00694211436342 0.017501246749 0.00748401702131 0.0289455754848 0.0227164279278 0.0127109718227 0.0293250252312 0.0130783760796 0.0136336983165 0.0115357134873 0.0209311150432 -0.00478708383698 0.0221794600113 0.198917513367 0.00830785304753 0.0301494178698 -0.0221694009888 0.0315467428261 0.0172830913483 0.0101159679746 0.0184624876597 0.0389632137436 0.0180534240953 0.0132014933578 -0.00139826495636 0.0230956932692 0.00527428903317 0.0117069072005 0.0166794670411 0.0083073174653 0.0323761756106 0.0220290246448 0.0372568843978 -0.00630744362511 0.00124276435857 0.00426588846912 0.0187662376701 0.0409471067601 0.0073171509074 0.0346737557031 0.00783173512864 0.0238152575139 
0.105267549818 -0.0100708786801 0.0215163991567 0.117927988301 0.00337504924495 -0.00376507978664 -0.0166970139362 0.0186951303628 0.0105980157182 -0.00424139050189 0.0994142415382 0.00361385368348 0.0460995601897 0.0138363301082 0.0705469596909 0.00208685355742 -0.00128820339835 0.00409689189728 -0.00207944319679 0.0176909268615 0.00139885479339 0.0144779006224 0.0239730928523 -0.0087973744751 -0.022820648974 0.00300156860202 0.0131413523122 0.0087940709504 0.0603099706745 -0.0102064195724 -0.0185800767619 0.00830785304753 0.932803221959 -0.00255002597627 -0.0117482811922 0.0340480416513 -0.00784005817163 0.043518595083 0.0187285536236 0.00150691474055 -0.000341280661843 0.0233984268116 -0.00882902587137 -0.0396438596765 -0.0141960722603 0.021821507204 -0.00470267167207 -0.00881220957917 0.0643905436546 0.0169812585588 0.0342257919978 -0.0447384496613 0.00354660163543 0.0262804888004 0.0520652927087 -0.030044643796 0.0190930167765 -0.00387725933246 -0.0505218561274 0.0516094230373 
0.050113562575 0.00799133222087 0.0458311717131 0.0268470651579 0.0296590552909 -0.0310038265546 0.0277504895404 0.0647922271763 0.0745160578324 0.0526487013532 0.0395583793679 0.0582008342055 0.0384216509318 0.0412529866652 0.0738126021726 0.0306569891405 0.0477784872385 0.0274028083695 0.0638996583343 0.0169267831153 0.04251937019 0.0304948398133 0.0263147378036 0.00138592779528 0.0173821406788 0.0183705875888 0.0232923414302 0.012308108917 0.0278152673147 0.0435389962229 0.0200433534698 0.0301494178698 -0.00255002597627 0.437498753332 0.0420230860044 0.0275541906996 0.0176918214411 0.0323133854938 0.0106421498147 0.0481449144236 0.00951068323195 0.029356288767 0.036494913236 0.0219480140642 0.0249295695018 0.0202670971705 0.0576926573738 0.0133387590544 0.0033601346058 0.0883251080132 0.0324872080398 0.0162838627756 0.0319873085907 0.0321465039955 -0.0226505757781 0.0182830449055 0.0356774930537 0.0108697487357 0.00778386593063 0.0828654454955 
0.031396530987 0.0040785415448 0.0275217042026 0.0208823475944 0.0189702395807 -0.00569416869475 -0.000343211067254 0.000775588617624 0.0344375757185 -0.012613572629 -0.0262330333672 0.0276841544535 0.0348912878015 0.00797119538574 0.022318001591 0.0126922575168 -0.0039842319262 -0.0143891532172 0.0210956631189 0.00658309166837 0.00309494308956 -0.0108718413176 0.0257168511279 -0.0019464583065 0.00496943413914 -0.00391446176307 -0.00296692612403 0.0667783780477 0.00404194321592 0.0423744844658 0.003116502497 -0.0221694009888 -0.0117482811922 0.0420230860044 1.10164592516 0.0211611685152 0.0182856484249 0.017998170419 -0.00455292072384 0.00990141376339 0.138743004957 0.0169237558517 -0.00902192390359 0.0131420813179 -0.000933274535429 0.00377761010261 0.00188923158464 -0.0147813372796 0.0263633346161 -0.0125758552474 0.0536670446658 0.0282010822514 0.00419862538845 0.000864777771356 0.0136617999335 -0.0275263715541 0.059625660705 0.00079776964064 0.0193817975624 0.0134618945957 
-0.00575203320318 0.0426408934357 -0.00921971094852 0.0142722348274 -0.00331137574991 -0.0308611104553 0.0836085199363 0.00379683061118 0.016386144565 0.0433906315323 0.0131802589825 0.00259704748453 0.00477511578624 0.0166392032201 0.0288059503037 0.0115948239967 -0.000986617604061 0.0028585957474 0.028957251793 0.0361086337348 -0.00661994390903 0.0339264322064 0.00317960862091 -0.00272474797432 0.0317916614411 0.00161356810156 0.0130802424076 -0.0233643431225 -0.00217549352622 0.0243532025974 0.0387549888855 0.0315467428261 0.0340480416513 0.0275541906996 0.0211611685152 0.243500652003 0.00561468982603 0.0154586671623 0.0259608982449 0.0243680470707 0.024062155328 0.0205972310679 -0.00376166723218 -0.00425708927912 0.0328770232205 0.00159114438834 -0.00594829915695 0.00107180097727 0.00486550432618 0.0297753624175 0.00661645901767 0.00147192492006 0.0124242706275 -0.0287102373206 0.0132441907248 -0.0073440444692 0.010789555292 0.0244282777654 0.00145763956783 0.0407416501159 
0.0185543749696 0.0184138242054 0.0361105552296 -0.0178286239598 0.0277576333295 0.0281530722152 0.0194821340368 0.0203871903955 0.0253636403447 0.0183187506285 0.0359630805527 0.0243551291083 0.0304635536412 0.00883279546643 0.00422329039215 0.00140448659322 -0.00180163451264 0.0238184206345 0.0170293454397 0.0271714732746 0.00434618438165 0.0196235068176 0.00164204767095 0.0136674813067 -0.0013117961555 0.0123820296664 0.0193605575067 0.0044403580551 0.00290904847213 0.0128145403692 0.00861616747878 0.0172830913483 -0.00784005817163 0.0176918214411 0.0182856484249 0.00561468982603 0.166786020558 0.0251266706996 0.0151257700644 0.00671624174513 0.00574202711869 0.0129214482671 0.0129446004491 0.00190765360267 0.00242967760867 0.00878805781075 -0.0055177032102 -0.00543632916947 0.00875308083749 0.000771316544536 0.0196125732498 0.00712266326312 0.0076413860107 0.00880787276666 0.0128159662349 0.0197157819835 0.0210998193362 0.00766337270017 0.0161025138257 0.0175259371497 
0.0235477231867 0.0230768843135 0.0318662655672 0.0166874476857 0.0169216789413 -0.00359211482791 0.0116737118159 0.00487892582641 0.0127552989014 0.0169770681045 0.0518972402146 0.00226643686694 0.0234226443519 0.0208394558303 0.0142493520454 0.00903673234784 0.00316880982925 0.0101779064843 0.0230170887802 0.0105197911466 0.0204197791746 0.0366856759619 0.0101884565187 0.00111864023501 -9.07084975393e-05 0.00917677443008 0.0061832159159 0.00327370142497 0.0369536136873 8.9085927479e-06 -0.00520158219534 0.0101159679746 0.043518595083 0.0323133854938 0.017998170419 0.0154586671623 0.0251266706996 0.225291815643 0.0104292656104 0.0126893639378 0.00489044127014 0.02723344735 0.024178790077 0.000819438341766 -0.00170680062985 0.0321625021 0.0121086860475 0.000594020758449 0.00565811909894 -0.0029349514673 0.0334194442368 -0.00896752555881 0.0114059302329 0.0248079275971 -0.0109406452239 -0.00469245833431 0.0246482772351 0.00606803907324 0.00170174949727 0.0393023949997 
0.00323358004738 -0.000867891306653 0.00750686095272 0.00598565088725 -0.00199024507096 -0.024593102861 -0.00606188374117 0.0386719393229 0.0208921178187 0.0150846129312 -0.00244343998547 -0.015742139667 0.0141457889686 0.0156719667681 0.00508097270168 0.0132098707322 0.00153058296447 0.0181681606245 0.0124835297002 0.026253108619 -0.00929475190702 0.0285099626523 0.0081797596238 -0.000471900151039 0.0264625944894 0.0232417368188 0.0120171487813 -0.00686111671249 0.013070733415 0.0178188183867 0.021808572396 0.0184624876597 0.0187285536236 0.0106421498147 -0.00455292072384 0.0259608982449 0.0151257700644 0.0104292656104 0.169395348166 0.0165706062807 0.00440256511223 0.0172244932576 -0.00817216557983 -0.00935544087969 0.00929994212106 0.00304036924765 -0.00294624707924 0.0113519958957 0.0169653055609 0.0291387370352 0.0215061210949 -0.00365071933392 0.00680884693312 -0.00228693676412 -0.0038020620533 -0.00580787199956 0.0183230350906 0.0105574429941 0.0285731591723 0.00865089947259 
