30
0.0962618702605 0.126841392599 0.0345230729479 0.0607700526619 0.0573021249509 0.0571643700905 0.0916953774684 0.0213104348082 0.151795006465 0.176385145314 0.0407864154506 -0.00648668223639 0.102568127786 0.0594275332512 0.357744060202 0.022775665512 0.0539269159384 0.143828325424 0.0519302207626 0.0402434153999 0.035272852014 0.0291549562933 0.171628318037 0.107494880462 0.119808933935 0.109746753301 0.0697795953642 0.00640420781163 0.0559799775446 0.0160420823192 
0.37709294368 -0.00185089676379 0.0129292175575 -0.00501436343691 -0.00157550505736 0.0353114197341 0.0448184210448 0.0105828440577 0.0399100503689 0.0182885267302 0.0259839607496 0.00902205922779 0.0275594215638 0.00862900190691 0.00676788682497 0.0329832811495 0.0589648516335 0.0268816290738 0.0397914558159 0.00657134071566 0.0259847856202 0.000926686635945 0.0388688315737 0.0303630522394 0.0465330973591 0.113169808094 0.0396430499562 0.0298206522526 -0.0183728538088 0.0155729148682 
-0.00185089676379 0.738014647563 0.0357812389862 -0.0171579700594 0.00889407744126 0.0258402770138 -0.00783925378741 0.00731141073504 0.032205449823 0.0038039673263 0.0208427494965 0.00481630422643 -0.00411628727493 0.00563628797052 0.459696992043 0.0134479483576 0.00620869807489 0.0218747735696 0.0453596715688 -0.00289332198622 -0.0151315440131 -0.00952836394127 0.00442468088436 0.125939545952 0.020563214006 -0.0346323533048 0.0473037897292 0.0138448238143 0.00292440796838 0.0235912375508 
0.0129292175575 0.0357812389862 0.146460946564 0.00350275737038 0.0233955287491 0.0268809440737 0.0454617425667 0.00703656982535 0.0426726822962 0.00660480434277 0.0134114861772 0.00345010445026 0.0106020709836 0.0225357554152 0.131346838442 0.0241526569772 0.0209632724611 0.0131451431768 0.00527827930558 -0.00489532105178 0.0170508684484 0.00861929410281 0.0275022127788 0.0318814410451 -0.00232886916573 0.0181471177114 -0.0098517832612 0.0150121554979 0.00448615389061 0.0330835401521 
-0.00501436343691 -0.0171579700594 0.00350275737038 0.276454941693 0.00496804654466 0.0152581438148 0.0293578135499 0.0588183118217 0.024648183677 0.0396814398543 0.0177201267737 0.0181196871333 0.0329852113895 -0.000877380270118 -0.0103309633822 0.031667094072 0.0466429411892 0.0294096346682 0.01714682504 0.0250396063378 0.00839649041014 0.0392325600735 0.018046171676 0.0279428953436 0.00634315111251 0.00612429938279 0.0234859778636 0.0251644575229 0.0245307963986 0.0215758460026 
-0.00157550505736 0.00889407744126 0.0233955287491 0.00496804654466 0.31692913466 0.0117377486066 0.0738738577903 0.0212825505446 -0.00744813352249 0.0399587002487 0.0152943454902 0.0177571622117 0.0308067030489 0.000489139134187 0.0273365972789 0.0281402508601 0.0136255861102 0.0653810740105 0.00585118558836 0.0163850969762 0.0339945796661 -0.00425760974969 0.015547595773 0.0216903286695 0.0273156566668 0.0126652369777 0.0430587577417 0.0230220301477 0.0205790486368 0.0257121854468 
0.0353114197341 0.0258402770138 0.0268809440737 0.0152581438148 0.0117377486066 0.203270477724 0.039481195609 0.0106371356004 0.0160490095261 0.0303605072756 0.0479514490863 0.0079099493004 0.0458532405899 -0.00244679741659 -0.0204201934035 0.0318325229448 0.00980726621893 0.0258405144707 0.0169454388916 0.017791217696 0.0142046863723 0.0140476422186 0.0131166714394 0.0326041796665 0.0169604953937 0.0253417534693 0.0222291879755 0.0202119052957 0.039651717883 0.0354193020444 
0.0448184210448 -0.00783925378741 0.0454617425667 0.0293578135499 0.0738738577903 0.039481195609 0.517689133387 0.0495795206986 0.0857534434963 0.049194536544 0.0157935949159 0.00551585690758 0.0627062467884 0.00860936394961 0.0465360384387 0.0265207434254 0.0545250482512 0.0292851931676 0.0212873230784 0.0198509405005 0.0112601298894 0.0314617732606 0.00484140934959 0.051791001464 -0.0333924198159 0.0196243162191 0.0570001114645 0.047158173983 0.00204444382377 0.0581661394183 
0.0105828440577 0.00731141073504 0.00703656982535 0.0588183118217 0.0212825505446 0.0106371356004 0.0495795206986 0.351456592931 0.0157502402081 0.030776798958 0.0297796554258 0.0302059888923 0.0208712570748 0.00312572344216 0.010361256425 0.0268512436549 0.0419208227381 0.0214630490756 -0.00602728636551 0.00582720465344 0.0209263481086 0.00470890689979 0.00235506434724 0.0204187218932 -0.014091829951 0.0438191041601 -0.0125324878977 0.0093450892366 0.0119421718328 0.01929032891 
0.0399100503688 0.032205449823 0.0426726822962 0.024648183677 -0.00744813352249 0.0160490095261 0.0857534434963 0.0157502402081 0.476810256064 0.0201545071693 0.00330072417251 0.020838502669 -0.000839428919126 0.0308824641704 0.0618103765559 0.0523370672612 0.0226329923639 -0.0113072762212 0.0642644201596 -0.00767739562678 0.00205621183682 0.0130871904189 0.0458800504941 0.0869388924227 0.0287514716734 0.0038168456666 0.0770814562941 0.0751227708023 0.0266452268162 0.0219122260451 
0.0182885267302 0.0038039673263 0.00660480434277 0.0396814398543 0.0399587002487 0.0303605072756 0.049194536544 0.030776798958 0.0201545071693 0.624347897322 0.0257019119449 0.00489817022471 0.078238630023 0.00193245182617 0.00106043662901 0.00556105748861 0.0293619469274 0.0220480400709 0.0530332263389 0.0296635904003 -0.000748627647302 0.0108600988743 0.00181453596368 0.0293636561199 -0.029083449466 0.00410766914319 0.0220215555398 0.0248124959859 0.0501677026378 0.0155249769817 
0.0259839607496 0.0208427494965 0.0134114861772 0.0177201267737 0.0152943454902 0.0479514490863 0.0157935949159 0.0297796554257 0.00330072417251 0.0257019119449 0.218620762432 0.0160702138755 0.0388405408557 -0.00159036186274 -0.00276743218383 0.0309250881977 0.0190046937749 -0.00207779267627 0.0255038342701 0.0253079629632 0.024958469314 0.02733986642 0.0350865074765 0.0488905689635 -0.00177693520471 0.0503801491719 0.0259693754857 0.0126222403367 0.0325862758653 0.0193733532747 
0.00902205922779 0.00481630422642 0.00345010445026 0.0181196871333 0.0177571622117 0.0079099493004 0.00551585690758 0.0302059888923 0.020838502669 0.00489817022471 0.0160702138755 0.269603912316 0.0255789712446 0.00116237545513 -0.00563642106542 0.0208878348257 0.00929195342497 -0.0159592832716 0.0152344994591 0.0129133240524 0.0224020591325 0.00234663098216 0.0106088669861 0.0281013913256 0.014750007729 0.0354502816077 0.00529292070286 0.0136627800721 0.00844635316918 0.0135279624303 
0.0275594215638 -0.00411628727493 0.0106020709836 0.0329852113895 0.0308067030489 0.0458532405899 0.0627062467884 0.0208712570748 -0.000839428919126 0.078238630023 0.0388405408557 0.0255789712446 0.298580171359 -0.00285489978704 0.016415167719 0.0460411966578 0.0348324542325 0.0268430215109 0.0155910959486 0.02802336266 0.0487393420836 0.009608600539 0.0168591414443 0.0393935446216 -0.00615842385777 0.0125829472308 0.011480666959 0.014189440772 0.0188288493102 0.0299563380677 
0.00862900190691 0.00563628797051 0.0225357554152 -0.000877380270118 0.000489139134186 -0.00244679741659 0.00860936394961 0.00312572344215 0.0308824641704 0.00193245182617 -0.00159036186275 0.00116237545514 -0.00285489978704 0.23226844121 0.0424680715379 0.0139198681177 -0.0111127018597 0.00105992305182 0.034447659018 0.00993960040287 0.0250158534804 -0.000522160332065 0.019377367892 0.0304831687794 0.0177384127423 -0.00710689935312 0.00539823457505 0.00905341711184 -0.00326771021688 0.0163004745983 
0.00676788682497 0.459696992043 0.131346838442 -0.0103309633822 0.0273365972789 -0.0204201934035 0.0465360384387 0.010361256425 0.0618103765559 0.00106043662901 -0.00276743218383 -0.00563642106542 0.016415167719 0.0424680715379 2.84450934088 0.049367182258 -0.000325865800391 0.021816086265 -0.00454272576289 0.00478015747522 -0.00477173734274 -0.0208900031788 0.00848594139374 0.164839797678 0.0845418427696 0.0243858376329 0.0467983936882 0.0754820977831 0.0181840606095 -0.00647673733412 
0.0329832811495 0.0134479483576 0.0241526569772 0.031667094072 0.0281402508601 0.0318325229448 0.0265207434254 0.0268512436549 0.0523370672612 0.00556105748861 0.0309250881977 0.0208878348257 0.0460411966578 0.0139198681177 0.049367182258 0.217064368266 0.0231302920295 -0.00264660786378 0.0100129028628 0.0080515945732 0.0321420757898 0.0676283999135 0.0316245045225 0.0462577441141 0.0149105092898 0.0230314882583 0.0240025289972 0.0380415615549 0.0271634789215 0.0457636593901 
0.0589648516335 0.00620869807489 0.0209632724611 0.0466429411892 0.0136255861102 0.00980726621893 0.0545250482512 0.0419208227381 0.0226329923639 0.0293619469274 0.0190046937749 0.00929195342497 0.0348324542325 -0.0111127018597 -0.000325865800391 0.0231302920295 0.222666342943 0.00590900171564 0.00925145679842 0.0106588349462 0.0133818420551 -0.00403446974106 0.0202396148822 0.0191326716395 -0.0231755497552 0.032807075272 0.0271329289074 0.012239748976 9.74876184484e-05 0.0376149956507 
0.0268816290738 0.0218747735696 0.0131451431768 0.0294096346682 0.0653810740105 0.0258405144707 0.0292851931676 0.0214630490756 -0.0113072762212 0.0220480400709 -0.00207779267627 -0.0159592832716 0.0268430215109 0.00105992305182 0.021816086265 -0.00264660786378 0.00590900171564 0.5986037913 -0.0126161928277 0.00798277394306 0.0262502666298 -0.00113537411534 0.0207745437998 0.00973556793169 -0.047413109806 -0.00252912214925 -0.016654326211 0.00024236455913 -0.0139703266712 0.0172440943659 
0.0397914558159 0.0453596715688 0.00527827930558 0.01714682504 0.00585118558836 0.0169454388916 0.0212873230784 -0.00602728636551 0.0642644201596 0.0530332263389 0.0255038342701 0.0152344994591 0.0155910959486 0.034447659018 -0.00454272576289 0.0100129028628 0.00925145679842 -0.0126161928277 0.272232010715 0.0119279112989 0.0213670619613 0.00301655405201 0.0305124227663 0.0395037559917 0.0144567118897 0.0138729886368 0.0369438266868 0.037516872874 0.00728887878685 0.0299681642432 
0.00657134071566 -0.00289332198622 -0.00489532105178 0.0250396063378 0.0163850969762 0.017791217696 0.0198509405005 0.00582720465344 -0.00767739562678 0.0296635904003 0.0253079629632 0.0129133240524 0.02802336266 0.00993960040287 0.00478015747522 0.0080515945732 0.0106588349462 0.00798277394306 0.0119279112989 0.140052695683 0.0338560356614 0.00486176093312 0.012487735611 -0.00174084309995 0.0175367557776 0.00984462041626 0.0160764092022 -0.00288965227167 0.0231569189884 0.0202289773833 
0.0259847856202 -0.0151315440131 0.0170508684484 0.00839649041014 0.0339945796661 0.0142046863723 0.0112601298894 0.0209263481086 0.00205621183682 -0.000748627647302 0.024958469314 0.0224020591325 0.0487393420836 0.0250158534804 -0.00477173734274 0.0321420757898 0.0133818420551 0.0262502666298 0.0213670619613 0.0338560356614 0.266829357628 0.0199463574558 0.0107831616705 0.0187603675456 -0.00295557209542 -0.00419356857075 0.00475889585154 -0.0103169191876 0.0503065203024 0.0134292697248 
0.000926686635943 -0.00952836394127 0.00861929410281 0.0392325600735 -0.0042576097497 0.0140476422186 0.0314617732606 0.00470890689979 0.0130871904188 0.0108600988743 0.02733986642 0.00234663098217 0.009608600539 -0.000522160332064 -0.0208900031788 0.0676283999135 -0.00403446974106 -0.00113537411534 0.00301655405201 0.00486176093312 0.0199463574558 0.240668423968 0.0306008352398 0.0546152273454 0.00420507574602 0.0212564607004 -3.84845213827e-05 0.0226675120397 0.0166324301803 0.0121516425606 
0.0388688315737 0.00442468088436 0.0275022127788 0.018046171676 0.015547595773 0.0131166714394 0.00484140934959 0.00235506434723 0.0458800504941 0.00181453596368 0.0350865074765 0.0106088669861 0.0168591414443 0.019377367892 0.00848594139374 0.0316245045225 0.0202396148822 0.0207745437998 0.0305124227663 0.012487735611 0.0107831616705 0.0306008352398 0.278216989574 0.0600014363893 0.00933766165758 0.0150143648274 -0.00207424224609 0.0151169211301 -0.00934492703505 0.035483940697 
0.0303630522394 0.125939545952 0.0318814410451 0.0279428953436 0.0216903286695 0.0326041796665 0.051791001464 0.0204187218932 0.0869388924227 0.0293636561199 0.0488905689635 0.0281013913256 0.0393935446216 0.0304831687794 0.164839797678 0.0462577441141 0.0191326716395 0.00973556793169 0.0395037559917 -0.00174084309995 0.0187603675456 0.0546152273454 0.0600014363893 0.41919559974 -0.00748709213683 0.0243700257998 -0.018919712465 0.0321711853185 0.0351661862694 0.0587742569433 
0.0465330973591 0.020563214006 -0.00232886916573 0.00634315111251 0.0273156566668 0.0169604953937 -0.0333924198159 -0.014091829951 0.0287514716734 -0.029083449466 -0.00177693520471 0.014750007729 -0.00615842385777 0.0177384127423 0.0845418427696 0.0149105092898 -0.0231755497552 -0.047413109806 0.0144567118897 0.0175367557776 -0.00295557209542 0.00420507574602 0.00933766165758 -0.00748709213683 0.638700180442 0.00156243602559 0.0205242931724 0.00578011149633 0.0187136578042 -0.00321403068051 
0.113169808094 -0.0346323533048 0.0181471177114 0.00612429938279 0.0126652369777 0.0253417534693 0.0196243162191 0.0438191041601 0.0038168456666 0.00410766914319 0.0503801491719 0.0354502816077 0.0125829472308 -0.00710689935312 0.0243858376329 0.0230314882583 0.032807075272 -0.00252912214926 0.0138729886368 0.00984462041626 -0.00419356857075 0.0212564607004 0.0150143648274 0.0243700257998 0.00156243602559 0.392062252013 0.0270608669129 0.019800717123 0.0172738765867 0.0147555962001 
0.0396430499562 0.0473037897292 -0.0098517832612 0.0234859778636 0.0430587577417 0.0222291879755 0.0570001114645 -0.0125324878977 0.0770814562941 0.0220215555398 0.0259693754857 0.00529292070286 0.011480666959 0.00539823457505 0.0467983936882 0.0240025289972 0.0271329289074 -0.016654326211 0.0369438266868 0.0160764092022 0.00475889585154 -3.84845213826e-05 -0.00207424224609 -0.018919712465 0.0205242931724 0.0270608669129 0.459797975581 0.0662508826295 0.0889546014953 0.0186514520972 
0.0298206522526 0.0138448238143 0.0150121554979 0.0251644575229 0.0230220301477 0.0202119052957 0.047158173983 0.0093450892366 0.0751227708023 0.0248124959859 0.0126222403367 0.0136627800721 0.014189440772 0.00905341711184 0.0754820977831 0.0380415615549 0.012239748976 0.00024236455913 0.037516872874 -0.00288965227167 -0.0103169191876 0.0226675120397 0.0151169211301 0.0321711853185 0.00578011149633 0.019800717123 0.0662508826295 0.15663981229 0.015253394293 0.0268895548519 
-0.0183728538088 0.00292440796838 0.00448615389061 0.0245307963986 0.0205790486368 0.039651717883 0.00204444382377 0.0119421718328 0.0266452268162 0.0501677026378 0.0325862758653 0.00844635316919 0.0188288493102 -0.00326771021688 0.0181840606095 0.0271634789215 9.74876184481e-05 -0.0139703266712 0.00728887878685 0.0231569189884 0.0503065203024 0.0166324301803 -0.00934492703505 0.0351661862694 0.0187136578042 0.0172738765867 0.0889546014953 0.015253394293 0.230752231547 0.00554939268663 
0.0155729148682 0.0235912375508 0.0330835401521 0.0215758460026 0.0257121854468 0.0354193020444 0.0581661394183 0.01929032891 0.0219122260451 0.0155249769817 0.0193733532747 0.0135279624303 0.0299563380677 0.0163004745983 -0.00647673733412 0.0457636593901 0.0376149956507 0.0172440943659 0.0299681642432 0.0202289773833 0.0134292697248 0.0121516425606 0.035483940697 0.0587742569433 -0.00321403068051 0.0147555962001 0.0186514520972 0.0268895548519 0.00554939268663 0.177439497358 
0.0326572068814 -0.000160292361722 0.00111970308559 -0.000434256612017 -0.000136442740346 0.00305805865335 0.00388138911823 0.000916501179825 0.00345631174857 0.00158383287461 0.00225027701001 0.000781333248571 0.00238671591879 0.000747293486069 0.000586116192036 0.00285643593756 0.0051065059445 0.0023280173673 0.00344604115902 0.000569094799669 0.0022503484459 8.02534168076e-05 0.00336613955583 0.00262951745757 0.00402988444298 0.00980079287505 0.00343318883456 0.00258254424081 -0.00159113581384 0.00134865398869 
-0.000160292361722 0.0639139433155 0.00309874619409 -0.00148592379488 0.000770249700735 0.00223783363348 -0.000678899292661 0.000633186743404 0.0027890737687 0.000329433233974 0.00180503505487 0.000417104181244 -0.000356480934936 0.000488116856551 0.0398109273152 0.00116462649064 0.000537689025728 0.00189441096133 0.00392826278859 -0.00025056903414 -0.00131043015139 -0.000825180522965 0.00038318860495 0.0109066846136 0.00178082657127 -0.00299924977548 0.00409662836008 0.00119899691341 0.000253261159164 0.00204306110257 
0.00111970308559 0.00309874619409 0.0126838900387 0.000303347686605 0.00202611222317 0.00232795804455 0.00393710239631 0.000609384822426 0.00369556269161 0.000571992834786 0.0011614687732 0.000298787809963 0.00091816628045 0.0019516536683 0.0113749698798 0.00209168145111 0.00181547264978 0.00113840279275 0.000457112396691 -0.000423947239052 0.00147664852329 0.000746452765572 0.00238176149268 0.00276101378543 -0.000201685985962 0.00157158649436 -0.000853189457678 0.00130009080267 0.000388512323455 0.00286511862189 
-0.000434256612017 -0.00148592379488 0.000303347686605 0.0239417002508 0.000430245451486 0.00132139401582 0.00254246123338 0.00509381522453 0.00213459532214 0.00343651349726 0.00153460799443 0.00156921093661 0.00285660310125 -7.59833602702e-05 -0.000894687673457 0.00274245079304 0.00403939719771 0.00254694907387 0.00148495860789 0.00216849351893 0.000727157399782 0.00339763936792 0.00156284431125 0.00241992572228 0.000549333000348 0.000530379884588 0.00203394534626 0.00217930594873 0.00212442928563 0.00186852307464 
-0.000136442740346 0.000770249700736 0.00202611222317 0.000430245451486 0.0274468681815 0.00101651884766 0.0063976637522 0.00184312294289 -0.000645027284126 0.00346052495176 0.00132452917288 0.00153781535744 0.00266793874472 4.23606916191e-05 0.00236741876966 0.00243701721137 0.00118001037129 0.00566216710198 0.000506727536177 0.00141899102248 0.00294401695818 -0.000368719820264 0.00134646129072 0.00187843756442 0.00236560525945 0.00109684169676 0.00372899780597 0.00199376629546 0.00178219789052 0.00222674057837 
0.00305805865335 0.00223783363348 0.00232795804455 0.00132139401582 0.00101651884766 0.0176037397548 0.00341917183691 0.000921202965342 0.00138988499552 0.00262929705725 0.0041527173057 0.000685021703679 0.00397100711967 -0.000211898872068 -0.00176844062376 0.00275677735368 0.000849334168727 0.00223785419785 0.00146751805584 0.0015407646489 0.00123016192512 0.00121656150246 0.00113593706796 0.00282360478607 0.00146882198717 0.00219466022808 0.00192510414923 0.00175040234449 0.00343393949904 0.00306740153548 
0.00388138911823 -0.000678899292661 0.00393710239631 0.00254246123338 0.0063976637522 0.00341917183691 0.0448331940777 0.00429371244324 0.00742646605298 0.00426037183745 0.00136776544142 0.000477687220561 0.00543052026947 0.000745592789079 0.00403013914794 0.00229676375336 0.00472200769281 0.00253617212378 0.00184353625645 0.00171914187625 0.00097515585341 0.00272466948918 0.000419278348687 0.00448523229552 -0.00289186838544 0.00169951563776 0.00493635445468 0.00408401766654 0.000177054028799 0.00503733543763 
0.000916501179825 0.000633186743405 0.000609384822426 0.00509381522453 0.00184312294289 0.000921202965342 0.00429371244324 0.0304370337806 0.0013640108136 0.00266534897448 0.00257899381146 0.00261591537272 0.00180750388357 0.000270695590611 0.000897311127913 0.00232538591284 0.00363044974387 0.00185875457421 -0.000521978310841 0.000504650726293 0.00181227490705 0.000407803299927 0.000203954555225 0.00176831318723 -0.00122038827233 0.00379484573737 -0.0010853452892 0.000809308467953 0.00103422241835 0.00167059148834 
0.00345631174857 0.0027890737687 0.00369556269161 0.00213459532214 -0.000645027284126 0.00138988499552 0.00742646605298 0.0013640108136 0.0412929794537 0.00174543152094 0.000285851098428 0.00180466726882 -7.26966768635e-05 0.00267449985031 0.00535293563149 0.00453252298078 0.00196007463508 -0.000979238845517 0.00556546204177 -0.000664881964769 0.000178073168625 0.00113338393669 0.00397332892548 0.0075291289415 0.00248995048654 0.00033054853096 0.00667544993114 0.00650582279174 0.00230754433124 0.00189765444086 
0.00158383287461 0.000329433233974 0.000571992834786 0.00343651349726 0.00346052495176 0.00262929705725 0.00426037183745 0.00266534897448 0.00174543152094 0.054070113988 0.00222585086701 0.000424193984666 0.00677566411572 0.000167355237306 9.18365059827e-05 0.000481601705704 0.00254281919437 0.0019094162805 0.00459281212541 0.00256894228541 -6.48330560539e-05 0.000940512151275 0.000157143424063 0.00254296721479 -0.00251870060672 0.000355734582834 0.00190712265283 0.00214882518551 0.00434465049339 0.00134450244593 
0.00225027701001 0.00180503505487 0.0011614687732 0.00153460799443 0.00132452917288 0.0041527173057 0.00136776544142 0.00257899381146 0.000285851098427 0.00222585086701 0.0189331134061 0.00139172134604 0.00336368950778 -0.000137729377435 -0.000239666657445 0.00267819119934 0.00164585476002 -0.000179942124145 0.00220869683718 0.00219173388441 0.00216146684655 0.00236770188558 0.00303858068048 0.00423404747279 -0.000153887102816 0.00436304890293 0.0022490138891 0.00109311807843 0.00282205427141 0.00167778160924 
0.000781333248571 0.000417104181244 0.000298787809963 0.00156921093661 0.00153781535744 0.000685021703679 0.000477687220561 0.00261591537272 0.00180466726882 0.000424193984666 0.00139172134604 0.0233483837025 0.00221520389005 0.000100664667288 -0.000488128382908 0.00180893955891 0.000804706771681 -0.00138211447394 0.00131934635456 0.00111832666766 0.00194007523058 0.000203224204386 0.00091875483153 0.00243365187697 0.00127738813994 0.00307008444435 0.000458380378889 0.00118323146288 0.000731475641385 0.0011715559126 
0.00238671591879 -0.000356480934936 0.00091816628045 0.00285660310125 0.00266793874472 0.00397100711967 0.00543052026947 0.00180750388357 -7.26966768634e-05 0.00677566411572 0.00336368950778 0.00221520389005 0.0258578013463 -0.000247241574084 0.00142159522521 0.00398728459263 0.00301657902415 0.00232467385428 0.00135022851643 0.0024268943963 0.00422095084081 0.000832129216159 0.00146004447767 0.00341158103874 -0.00053333515081 0.00108971519563 0.000994254923889 0.00122884161741 0.00163062618266 0.0025942949771 
0.000747293486069 0.000488116856551 0.0019516536683 -7.59833602701e-05 4.23606916191e-05 -0.000211898872068 0.000745592789079 0.000270695590611 0.00267449985031 0.000167355237306 -0.000137729377435 0.000100664667288 -0.000247241574084 0.0201150370585 0.00367784288015 0.00120549594072 -0.000962388211515 9.17920288933e-05 0.00298325478105 0.000860794645235 0.00216643646114 -4.52204112417e-05 0.00167812928529 0.00263991985508 0.00153619160576 -0.000615475538194 0.000467500827758 0.000784048920991 -0.000282992006002 0.00141166250958 
0.000586116192036 0.0398109273152 0.0113749698798 -0.000894687673457 0.00236741876966 -0.00176844062376 0.00403013914794 0.000897311127913 0.00535293563149 9.18365059828e-05 -0.000239666657445 -0.000488128382908 0.00142159522521 0.00367784288015 0.246341735051 0.00427532339487 -2.82208061363e-05 0.00188932849167 -0.000393411591309 0.000413973780763 -0.0004132445759 -0.0018091273438 0.000734904082201 0.0142755452344 0.00732153835212 0.00211187548827 0.00405285977903 0.00653694142111 0.00157478584318 -0.000560901906498 
0.00285643593756 0.00116462649064 0.00209168145111 0.00274245079304 0.00243701721137 0.00275677735368 0.00229676375336 0.00232538591284 0.00453252298078 0.000481601705704 0.00267819119934 0.00180893955891 0.00398728459263 0.00120549594072 0.00427532339487 0.0187983257175 0.00200314204945 -0.000229202964389 0.000867142824479 0.000697288544136 0.00278358541643 0.00585679123424 0.00273876242986 0.00400603815245 0.00129128798283 0.00199458539186 0.00207867998666 0.00329449587062 0.00235242628012 0.0039632491602 
0.0051065059445 0.000537689025728 0.00181547264978 0.00403939719771 0.00118001037129 0.000849334168727 0.00472200769281 0.00363044974387 0.00196007463508 0.00254281919437 0.00164585476002 0.000804706771681 0.00301657902415 -0.000962388211515 -2.82208061363e-05 0.00200314204945 0.0192834709556 0.000511734559675 0.000801199660945 0.000923082183818 0.00115890151691 -0.000349395328655 0.00175280206508 0.0016569379682 -0.00200706148347 0.00284117606095 0.00234978057129 0.00105999335492 8.44267541307e-06 0.00325755417967 
0.0023280173673 0.00189441096133 0.00113840279275 0.00254694907387 0.00566216710198 0.00223785419785 0.00253617212378 0.00185875457421 -0.000979238845517 0.0019094162805 -0.000179942124145 -0.00138211447394 0.00232467385428 9.17920288932e-05 0.00188932849167 -0.000229202964389 0.000511734559675 0.0518406090068 -0.00109259434878 0.000691328502736 0.00227333977575 -9.83262826686e-05 0.00179912826827 0.000843124914911 -0.00410609575644 -0.000219028403053 -0.00144230695816 2.09893865184e-05 -0.00120986577964 0.00149338237862 
0.00344604115902 0.00392826278859 0.00045711239669 0.00148495860789 0.000506727536177 0.00146751805584 0.00184353625645 -0.000521978310841 0.00556546204177 0.00459281212541 0.00220869683718 0.00131934635456 0.00135022851644 0.00298325478105 -0.000393411591309 0.000867142824479 0.000801199660945 -0.00109259434878 0.0235759837003 0.00103298741989 0.00185044184627 0.000261241244093 0.00264245332467 0.00342112562337 0.00125198797517 0.00120143605859 0.00319942924238 0.00324905649794 0.000631235419452 0.00259531915394 
0.000569094799669 -0.00025056903414 -0.000423947239053 0.00216849351893 0.00141899102248 0.0015407646489 0.00171914187625 0.000504650726293 -0.000664881964769 0.00256894228541 0.00219173388441 0.00111832666767 0.0024268943963 0.000860794645235 0.000413973780763 0.000697288544136 0.000923082183818 0.000691328502736 0.00103298741989 0.012128919233 0.00293201869542 0.000421040847521 0.00108146962749 -0.000150761434856 0.00151872760034 0.000852569137109 0.00139225787708 -0.000250251227537 0.00200544801174 0.00175188083065 
0.0022503484459 -0.00131043015139 0.00147664852329 0.000727157399782 0.00294401695818 0.00123016192512 0.00097515585341 0.00181227490705 0.000178073168625 -6.48330560539e-05 0.00216146684655 0.00194007523058 0.00422095084081 0.00216643646114 -0.0004132445759 0.00278358541643 0.00115890151691 0.00227333977575 0.00185044184627 0.00293201869542 0.0231081002181 0.00172740522697 0.000933849193975 0.00162469548788 -0.000255960051735 -0.000363173691478 0.00041213247014 -0.00089347141053 0.00435667245579 0.0011630088736 
8.02534168074e-05 -0.000825180522965 0.000746452765572 0.00339763936792 -0.000368719820264 0.00121656150246 0.00272466948918 0.000407803299927 0.00113338393669 0.000940512151275 0.00236770188558 0.000203224204386 0.000832129216159 -4.52204112416e-05 -0.0018091273438 0.00585679123424 -0.000349395328655 -9.83262826685e-05 0.000261241244093 0.000421040847521 0.00172740522697 0.0208424969045 0.00265011006946 0.00472981743145 0.000364170242089 0.00184086349611 -3.33285731699e-06 0.0019630641267 0.00144041070628 0.00105236311552 
0.00336613955583 0.00038318860495 0.00238176149268 0.00156284431125 0.00134646129072 0.00113593706796 0.000419278348687 0.000203954555225 0.00397332892548 0.000157143424063 0.00303858068048 0.00091875483153 0.00146004447767 0.00167812928529 0.000734904082201 0.00273876242986 0.00175280206508 0.00179912826827 0.00264245332467 0.00108146962749 0.000933849193975 0.00265011006946 0.0240942980736 0.00519627681767 0.000808665220741 0.00130028213622 -0.000179634647872 0.00130916377257 -0.000809294420886 0.003072999407 
0.00262951745758 0.0109066846136 0.00276101378544 0.00241992572228 0.00187843756442 0.00282360478607 0.00448523229552 0.00176831318723 0.0075291289415 0.00254296721479 0.00423404747279 0.00243365187697 0.00341158103874 0.00263991985508 0.0142755452344 0.00400603815245 0.0016569379682 0.000843124914911 0.00342112562337 -0.000150761434856 0.00162469548788 0.00472981743145 0.00519627681767 0.0363034038529 -0.000648401199097 0.00211050614335 -0.0016384951627 0.00278610637557 0.00304548106635 0.00508999996015 
0.00402988444298 0.00178082657127 -0.000201685985962 0.000549333000348 0.00236560525945 0.00146882198717 -0.00289186838544 -0.00122038827233 0.00248995048654 -0.00251870060672 -0.000153887102816 0.00127738813994 -0.00053333515081 0.00153619160576 0.00732153835212 0.00129128798283 -0.00200706148347 -0.00410609575644 0.00125198797517 0.00151872760034 -0.000255960051735 0.000364170242089 0.000808665220741 -0.000648401199097 0.0553130581665 0.000135310928995 0.0017774559282 0.000500572339253 0.00162065030562 -0.000278343221786 
0.00980079287505 -0.00299924977548 0.00157158649436 0.000530379884588 0.00109684169676 0.00219466022808 0.00169951563776 0.00379484573737 0.00033054853096 0.000355734582834 0.00436304890293 0.00307008444435 0.00108971519563 -0.000615475538194 0.00211187548827 0.00199458539186 0.00284117606095 -0.000219028403053 0.00120143605859 0.000852569137109 -0.000363173691478 0.00184086349611 0.00130028213622 0.00211050614335 0.000135310928995 0.0339535870108 0.0023435398195 0.00171479240417 0.00149596159459 0.00127787211573 
0.00343318883456 0.00409662836008 -0.000853189457678 0.00203394534626 0.00372899780597 0.00192510414923 0.00493635445468 -0.0010853452892 0.00667544993114 0.00190712265283 0.0022490138891 0.000458380378889 0.000994254923889 0.000467500827758 0.00405285977903 0.00207867998666 0.00234978057129 -0.00144230695816 0.00319942924238 0.00139225787708 0.00041213247014 -3.33285731699e-06 -0.000179634647872 -0.0016384951627 0.0017774559282 0.0023435398195 0.0398196727461 0.00573749473802 0.00770369446785 0.00161526313337 
0.00258254424081 0.00119899691341 0.00130009080267 0.00217930594873 0.00199376629546 0.00175040234449 0.00408401766654 0.000809308467953 0.00650582279174 0.00214882518551 0.00109311807843 0.00118323146288 0.00122884161741 0.000784048920991 0.00653694142111 0.00329449587062 0.00105999335492 2.09893865183e-05 0.00324905649794 -0.000250251227537 -0.00089347141053 0.0019630641267 0.00130916377257 0.00278610637557 0.000500572339253 0.00171479240417 0.00573749473803 0.0135654056687 0.00132098269517 0.00232870375982 
-0.00159113581384 0.000253261159164 0.000388512323455 0.00212442928563 0.00178219789052 0.00343393949904 0.000177054028799 0.00103422241835 0.00230754433124 0.00434465049339 0.00282205427141 0.000731475641385 0.00163062618266 -0.000282992006002 0.00157478584318 0.00235242628012 8.44267541305e-06 -0.00120986577964 0.000631235419452 0.00200544801174 0.00435667245579 0.00144041070628 -0.000809294420886 0.00304548106635 0.00162065030562 0.00149596159459 0.00770369446785 0.00132098269517 0.0199837294499 0.000480591504219 
0.00134865398869 0.00204306110257 0.00286511862189 0.00186852307464 0.00222674057837 0.00306740153548 0.00503733543763 0.00167059148834 0.00189765444086 0.00134450244593 0.00167778160924 0.0011715559126 0.0025942949771 0.00141166250958 -0.000560901906498 0.0039632491602 0.00325755417967 0.00149338237862 0.00259531915394 0.00175188083065 0.0011630088736 0.00105236311552 0.003072999407 0.00508999996015 -0.000278343221786 0.00127787211573 0.00161526313337 0.00232870375982 0.000480591504219 0.0153667112346 

['AES', 'ACS', 'MSFT', 'ROK', 'GPS', 'HIG', 'PHM', 'ADI', 'MRO', 'BBY', 'PX', 'TIN', 'HOT', 'ABC', 'BRCM', 'PCAR', 'CBE', 'SBUX', 'PEG', 'HNZ', 'BA', 'AVY', 'BLL', 'NUE', 'DYN', 'UNP', 'CEG', 'PGL', 'HON', 'HBAN']