30
0.0723241103927 0.00535997805058 0.0573021249509 0.0110311255814 0.0731585002716 0.00108215816497 0.204332601919 0.0615160923796 0.0791171504464 0.0538940625226 0.0749299903321 0.0277880817415 0.0952470994091 0.00791209609274 0.0275413533974 0.0916953774684 0.0214629747746 -0.0290439391383 0.00851722536111 0.0121413644826 -0.00694067656108 0.0372282541949 0.0436793340255 0.085684238521 0.136929250297 0.0385950792128 0.0695206157777 0.0339335468557 0.033790820858 0.0766259396051 
0.378969795928 0.0115510011508 -0.013157113588 0.0102268447186 0.030728628208 0.005907896716 -0.0144731357499 0.0335118907527 0.0157911783771 0.00184659450161 0.0290541922253 0.017964291638 0.0220418985355 -0.00633188879114 0.0102549956767 0.0569599973349 0.0183954283271 0.0393247078242 -0.0078508889553 0.0040661729912 0.0286801472457 0.0222707569561 0.0119718454083 0.0315309818343 0.0574990863104 0.0310900110686 0.00407307887673 -8.37271805799e-05 0.025069710532 -0.0148893703673 
0.0115510011508 0.134072274528 -0.00138850336205 0.0532983520588 0.0134832279984 0.00976981772072 0.0157372314976 0.0166231568729 0.0093492431589 0.00869384442995 0.0304356809464 0.015004497321 0.021186614807 0.00454407598084 0.0216785945175 0.0170750889446 0.0321526146358 0.0160378041201 0.0212492469141 0.0285490350376 -0.00713464172281 0.0154806028603 0.051495202746 0.00104596647906 0.0211161040037 0.0152253714864 0.00996000585493 0.0109323486606 0.00645159839985 0.00470317325901 
-0.013157113588 -0.00138850336205 0.320170706387 0.00740462784579 -0.0154461388169 0.0214000350849 0.00242700361897 0.0425284490979 0.0278735105291 -0.00899880814893 0.0452436733837 0.0153431537918 0.0322653667719 0.0101417252954 0.0175022275172 0.0670200583549 0.000426479784799 -0.032178068955 0.00671030918498 8.93400788823e-05 0.00349521120476 0.0336412942431 0.0198457945727 0.0415602500995 0.0407958332429 0.0190028040481 0.00404917546812 0.0102165471795 0.0263176863918 0.0366451845708 
0.0102268447186 0.0532983520588 0.00740462784579 0.147419136603 -0.00400115917927 0.00674620050941 0.00216847258258 0.0197033831665 0.0175825262135 0.000922391717538 0.0201358371436 0.0188982564206 0.00510503641034 0.0230999227108 0.0267553170017 0.0206124000419 0.029781844277 -0.00390368380184 0.0121512516525 0.0200285918949 -0.00676610790835 0.0147131160975 0.0377302100219 -0.00362878964006 0.0252575805177 0.0228608460782 0.017312372937 0.0051987380419 0.00521958375469 0.0206416784748 
0.030728628208 0.0134832279984 -0.0154461388169 -0.00400115917927 0.34172176826 0.0381127012971 -0.0134869562338 0.018657856882 0.00525418642297 0.0107736982987 0.0357496560642 0.0037565189449 0.0314058363936 0.00637945475271 0.0126446205402 0.032400207543 0.0104118963252 0.0137696625316 0.0152625466182 0.0119724625117 0.0215850477818 0.0275670326419 0.00579170591553 0.0213242674823 0.0294343408165 0.000230079516379 0.020859095057 0.0263250632463 0.0112948724515 -0.00123132131802 
0.005907896716 0.00976981772072 0.0214000350849 0.00674620050941 0.0381127012971 0.23957689038 -0.00773413120731 0.00277693946442 0.00677142837378 0.0278461552343 -0.00611022611497 0.00683466034669 0.0131008479601 0.00558756794168 0.0174497053765 0.00371348749281 0.00536119559685 0.0251248199262 0.00392179994999 0.0189766131741 0.051838450172 0.0207079021258 0.010538688869 0.0176887678755 0.0257006501482 0.0174913878386 0.00261153484656 0.0324866309153 0.0439971553933 0.00396287233965 
-0.0144731357499 0.0157372314976 0.00242700361897 0.00216847258258 -0.0134869562338 -0.00773413120731 1.43130546993 -0.00556809984185 0.0125265221656 -0.01730283508 -0.023548540092 -0.0102057204556 -0.00848281463509 -0.00906080328881 -0.0183365345806 0.0188628982678 0.00161918439212 -0.0096741091174 0.0264336904607 -0.0230039079974 -0.000254852398275 -0.0131987052323 -0.00526826550989 -0.00322840588283 -0.0263862538392 0.0135993738881 -0.013815185187 -0.0087800683546 0.00685512900104 -0.00321940008483 
0.0335118907527 0.0166231568729 0.0425284490979 0.0197033831665 0.018657856882 0.00277693946442 -0.00556809984185 0.188118481274 0.00813780487548 -0.00224891844916 0.0274384026076 0.0254167726012 0.0497776126577 0.0159606630172 0.00893579762612 0.0498088026437 0.0102921441605 0.0132260815 0.0150027552747 0.00280008482601 0.0144136932061 0.0255169925786 0.015745286609 0.0201928933531 0.0180653572783 0.0369272859999 0.0150349384723 0.0332749647385 -0.000102037917695 0.0427163364143 
0.0157911783771 0.0093492431589 0.0278735105291 0.0175825262135 0.00525418642297 0.00677142837378 0.0125265221656 0.00813780487548 0.388947677189 0.0394815889635 0.0170865542458 0.0282362293656 0.0295532510168 0.014466914144 0.0274628046789 0.0475519304386 0.00502560408944 0.0139824592953 0.0193543909545 -0.00649229203011 0.014683628356 0.0171433468077 0.0147968541407 0.00619394936118 0.0532666494871 0.00269045861091 -0.00634629793713 0.0232054747612 -0.00204604862002 0.0274456323993 
0.00184659450161 0.00869384442995 -0.00899880814893 0.000922391717538 0.0107736982987 0.0278461552343 -0.01730283508 -0.00224891844916 0.0394815889635 0.426123893031 0.0331164743365 0.00220397410204 0.0229554784853 0.0160245300148 0.0143577596456 0.00480461479438 -0.00845746909112 0.00287460455273 0.016808789541 -0.00360265730945 -0.0120407968304 0.0258538232105 -0.00911225948924 0.0230288653011 0.0222696201228 0.00780954018951 -0.0032632199916 -0.000184195185691 0.0280023400992 0.00692908633395 
0.0290541922253 0.0304356809464 0.0452436733837 0.0201358371436 0.0357496560642 -0.00611022611497 -0.023548540092 0.0274384026076 0.0170865542458 0.0331164743365 0.423188043092 0.0129108605396 0.0446935829347 0.010305363472 0.0357792312338 0.0979378995926 -0.00756062693896 -0.00448779870053 0.019943854787 0.0552673106995 0.0335276893596 0.0381069351494 0.0177432345384 0.059969897469 0.0263318528612 0.0183584488238 0.00282946241869 0.0523324359233 0.00115255846539 0.0407084878551 
0.017964291638 0.015004497321 0.0153431537918 0.0188982564206 0.0037565189449 0.00683466034669 -0.0102057204556 0.0254167726012 0.0282362293656 0.00220397410204 0.0129108605396 0.178536882833 0.0304396443472 0.0189568882606 0.0251944195682 0.0334864728455 0.0222786533811 -0.0010484136717 0.0290002867219 0.0133196085248 0.0163084976964 0.0083378482372 0.012478410044 0.00542072431552 0.0299438681855 0.0198633008264 0.0179386186849 0.0181119412961 0.00788567218994 0.0215235210743 
0.0220418985355 0.021186614807 0.0322653667719 0.00510503641034 0.0314058363936 0.0131008479601 -0.00848281463509 0.0497776126577 0.0295532510168 0.0229554784853 0.0446935829347 0.0304396443472 0.453852984298 0.0136494116158 0.0315468089976 0.117187006686 0.020468897416 0.0224797691093 0.0264808982874 0.0194800957494 0.0254277119148 0.0321901943616 0.0142317604777 0.0204108703702 0.0341197666214 0.0555800750889 0.00214392102854 0.0234989331493 0.00918328501455 0.0632258810341 
-0.00633188879114 0.00454407598084 0.0101417252954 0.0230999227108 0.00637945475271 0.00558756794168 -0.00906080328881 0.0159606630172 0.014466914144 0.0160245300148 0.010305363472 0.0189568882606 0.0136494116158 0.180216580428 0.0212388341247 0.0356895589458 0.00697667655572 -0.00133923823695 0.0114550995396 0.0266820532657 -0.000172336219029 0.0217359225984 0.00826039396195 0.0177251791257 0.00236937249138 0.0123342157622 -0.0100207179729 0.0221238072741 0.0166438209206 0.0112637034756 
0.0102549956767 0.0216785945175 0.0175022275172 0.0267553170017 0.0126446205402 0.0174497053765 -0.0183365345806 0.00893579762612 0.0274628046789 0.0143577596456 0.0357792312338 0.0251944195682 0.0315468089976 0.0212388341247 0.191753886245 0.0652858878367 0.013220700618 0.0235948648156 0.0215034094387 0.0159009814899 0.00248529163333 0.02322561583 0.0171052426235 0.00545465188867 -0.0159130159076 0.0308064376682 -0.000964330458033 0.00702780204514 0.0177398319578 0.0288009649301 
0.0569599973349 0.0170750889446 0.0670200583549 0.0206124000419 0.032400207543 0.00371348749281 0.0188628982678 0.0498088026437 0.0475519304386 0.00480461479438 0.0979378995926 0.0334864728455 0.117187006686 0.0356895589458 0.0652858878367 0.502983093101 0.0196486552008 -0.0096009493167 0.0252971734412 0.0199886503237 0.0412967658059 0.0326838026327 0.00761445026102 0.0467196436808 0.0764328497536 0.0346122433661 0.0164470166833 0.0534383012886 0.0303202093456 0.0550995045738 
0.0183954283271 0.0321526146358 0.000426479784799 0.029781844277 0.0104118963252 0.00536119559685 0.00161918439212 0.0102921441605 0.00502560408944 -0.00845746909112 -0.00756062693896 0.0222786533811 0.020468897416 0.00697667655572 0.013220700618 0.0196486552008 0.165863525445 -0.00352879174344 0.00941713229255 0.0138203035123 0.00732834372221 0.00961969231596 0.0482267068243 0.00846930974682 0.0357127898901 0.0127795042185 0.0409073454054 0.00168325171827 0.0184046779555 0.0158167237288 
0.0393247078242 0.0160378041201 -0.032178068955 -0.00390368380184 0.0137696625316 0.0251248199262 -0.0096741091174 0.0132260815 0.0139824592953 0.00287460455273 -0.00448779870053 -0.0010484136717 0.0224797691093 -0.00133923823695 0.0235948648156 -0.0096009493167 -0.00352879174344 0.336164425397 0.0269091769352 0.022724487217 0.0714714250252 0.0198030926636 0.00931064617347 0.00754180738165 -0.0107783076244 0.00396814138274 0.0197558569786 0.0273453485898 -0.00389592655498 0.00338522008513 
-0.0078508889553 0.0212492469141 0.00671030918498 0.0121512516525 0.0152625466182 0.00392179994999 0.0264336904607 0.0150027552747 0.0193543909545 0.016808789541 0.019943854787 0.0290002867219 0.0264808982874 0.0114550995396 0.0215034094387 0.0252971734412 0.00941713229255 0.0269091769352 0.147717688788 0.0341552145339 0.004570319626 0.0175633610695 0.0286115351685 0.0140138996515 0.0288313382848 0.02917512466 0.012839670407 0.0199267595866 0.011304339215 0.0295087250165 
0.0040661729912 0.0285490350376 8.93400788819e-05 0.0200285918949 0.0119724625117 0.0189766131741 -0.0230039079974 0.00280008482601 -0.00649229203011 -0.00360265730945 0.0552673106995 0.0133196085248 0.0194800957494 0.0266820532657 0.0159009814899 0.0199886503237 0.0138203035123 0.022724487217 0.0341552145339 0.261107236469 0.0154167428404 0.00179824077212 0.032328984038 -0.0157488199353 0.0315497850357 0.0126262367083 0.00269385457487 0.0119792759271 0.0136451853779 0.0183761101193 
0.0286801472457 -0.00713464172281 0.00349521120476 -0.00676610790835 0.0215850477818 0.051838450172 -0.000254852398275 0.0144136932061 0.014683628356 -0.0120407968304 0.0335276893596 0.0163084976964 0.0254277119148 -0.000172336219029 0.00248529163334 0.0412967658059 0.00732834372221 0.0714714250252 0.004570319626 0.0154167428404 0.389151176118 0.0320454509066 0.00807695286413 0.0242055063917 0.0634744782328 0.0179952296529 -0.00274686104029 0.0357260701285 0.0272570312221 0.00679653375414 
0.0222707569561 0.0154806028603 0.0336412942431 0.0147131160975 0.0275670326419 0.0207079021258 -0.0131987052323 0.0255169925786 0.0171433468077 0.0258538232105 0.0381069351494 0.0083378482372 0.0321901943616 0.0217359225984 0.02322561583 0.0326838026327 0.00961969231596 0.0198030926636 0.0175633610695 0.00179824077212 0.0320454509066 0.184665188018 0.0185818763389 0.0284108489078 0.0524498692071 0.0376600271199 -0.00292040833853 0.0200597376659 0.0220599369765 0.0231810668681 
0.0119718454083 0.051495202746 0.0198457945727 0.0377302100219 0.00579170591553 0.010538688869 -0.00526826550989 0.015745286609 0.0147968541407 -0.00911225948924 0.0177432345384 0.012478410044 0.0142317604777 0.00826039396195 0.0171052426235 0.00761445026102 0.0482267068243 0.00931064617347 0.0286115351685 0.032328984038 0.00807695286413 0.0185818763389 0.214367024349 0.0223288375214 -0.0115459871797 0.0295996959248 -0.00243252150848 0.00980468022625 0.0213508450423 0.0158997926926 
0.0315309818343 0.00104596647906 0.0415602500995 -0.00362878964006 0.0213242674823 0.0176887678755 -0.00322840588283 0.0201928933531 0.00619394936118 0.0230288653011 0.059969897469 0.00542072431552 0.0204108703702 0.0177251791257 0.00545465188867 0.0467196436808 0.00846930974682 0.00754180738165 0.0140138996515 -0.0157488199353 0.0242055063917 0.0284108489078 0.0223288375214 0.466991854434 0.0375019844955 0.0341372423337 0.0131565352932 0.02593927879 0.00144014173806 0.0309376483251 
0.0574990863104 0.0211161040037 0.0407958332429 0.0252575805177 0.0294343408165 0.0257006501482 -0.0263862538392 0.0180653572783 0.0532666494871 0.0222696201228 0.0263318528612 0.0299438681855 0.0341197666214 0.00236937249138 -0.0159130159076 0.0764328497536 0.0357127898901 -0.0107783076244 0.0288313382848 0.0315497850357 0.0634744782328 0.0524498692071 -0.0115459871797 0.0375019844955 0.681416897112 0.0256470819663 -0.00741324804363 0.0102285571779 0.0390228001789 0.0360841785117 
0.0310900110686 0.0152253714864 0.0190028040481 0.0228608460782 0.000230079516379 0.0174913878386 0.0135993738881 0.0369272859999 0.00269045861091 0.00780954018951 0.0183584488238 0.0198633008264 0.0555800750889 0.0123342157622 0.0308064376682 0.0346122433661 0.0127795042185 0.00396814138274 0.02917512466 0.0126262367083 0.0179952296529 0.0376600271199 0.0295996959248 0.0341372423337 0.0256470819663 0.20232732151 0.00522027303929 0.0181223080909 0.0209666848763 0.0380307796698 
0.00407307887673 0.00996000585493 0.00404917546812 0.017312372937 0.020859095057 0.00261153484656 -0.013815185187 0.0150349384723 -0.00634629793713 -0.0032632199916 0.0028294624187 0.0179386186849 0.00214392102854 -0.0100207179729 -0.000964330458033 0.0164470166833 0.0409073454054 0.0197558569786 0.012839670407 0.00269385457487 -0.00274686104029 -0.00292040833853 -0.00243252150848 0.0131565352932 -0.00741324804363 0.00522027303929 0.810442822362 0.00315184549924 0.00813076702224 -0.00082706483367 
-8.37271805801e-05 0.0109323486606 0.0102165471795 0.0051987380419 0.0263250632463 0.0324866309153 -0.0087800683546 0.0332749647385 0.0232054747612 -0.000184195185691 0.0523324359233 0.0181119412961 0.0234989331493 0.0221238072741 0.00702780204514 0.0534383012886 0.00168325171827 0.0273453485898 0.0199267595866 0.0119792759271 0.0357260701285 0.0200597376659 0.00980468022625 0.02593927879 0.0102285571779 0.0181223080909 0.00315184549924 0.297261591794 0.0204004991763 0.0055652713904 
0.025069710532 0.00645159839985 0.0263176863918 0.00521958375469 0.0112948724515 0.0439971553933 0.00685512900104 -0.000102037917695 -0.00204604862002 0.0280023400992 0.00115255846539 0.00788567218994 0.00918328501455 0.0166438209206 0.0177398319578 0.0303202093456 0.0184046779555 -0.00389592655498 0.011304339215 0.0136451853779 0.0272570312221 0.0220599369765 0.0213508450423 0.00144014173806 0.0390228001789 0.0209666848763 0.00813076702224 0.0204004991763 0.178759508857 0.0232367523518 
-0.0148893703673 0.00470317325901 0.0366451845708 0.0206416784748 -0.00123132131802 0.00396287233965 -0.00321940008483 0.0427163364143 0.0274456323993 0.00692908633395 0.0407084878551 0.0215235210743 0.0632258810341 0.0112637034756 0.0288009649301 0.0550995045738 0.0158167237288 0.00338522008513 0.0295087250165 0.0183761101193 0.00679653375414 0.0231810668681 0.0158997926926 0.0309376483251 0.0360841785117 0.0380307796698 -0.00082706483367 0.0055652713904 0.0232367523518 0.254135147766 
0.0328197470541 0.00100034604357 -0.00113943946077 0.000885670732691 0.00266117726516 0.000511638863899 -0.00125341032319 0.00290221487207 0.00136755616303 0.000159919774888 0.00251616685535 0.00155575329195 0.00190888440794 -0.000548357654706 0.000888108677176 0.00493288046915 0.00159309082448 0.00340561959721 -0.000679906927758 0.000352140910656 0.0024837736099 0.00192870412855 0.00103679222538 0.00273066312747 0.00497956694392 0.00269247393893 0.000352738977886 -7.25098653694e-06 0.00217110061862 -0.00128945729844 
0.00100034604357 0.0116109995684 -0.000120247918477 0.00461577268628 0.00116768179717 0.000846091033649 0.00136288422621 0.0014396076143 0.000809668208176 0.000752909013289 0.00263580728811 0.0012994275851 0.00183481466431 0.000393528523613 0.00187742135705 0.00147874607979 0.00278449810727 0.00138891457889 0.00184023876389 0.00247241895961 -0.000617878097886 0.00134065953429 0.0044596153751 9.05833542373e-05 0.00182870824962 0.00131855584892 0.000862561809221 0.000946769166308 0.000558724810928 0.000407306752071 
-0.00113943946077 -0.000120247918477 0.0277275965279 0.000641259582002 -0.00133767486058 0.00185329740254 0.000210184678911 0.00368307173023 0.00241391682109 -0.000779319646076 0.00391821705108 0.00132875609578 0.00279426272869 0.000878299174398 0.00151573736527 0.00580410730985 3.69342327836e-05 -0.00278670251598 0.000581129822144 7.73707778881e-06 0.000302694169492 0.00291342154307 0.00171869622583 0.00359922323738 0.00353302279569 0.00164569110488 0.000350668881977 0.000884778939637 0.00227917849841 0.00317356607646 
0.000885670732691 0.00461577268628 0.000641259582002 0.0127668717302 -0.000346510549383 0.000584238102017 0.000187795234392 0.00170636303627 0.00152269143636 7.98814659628e-05 0.00174381464928 0.00163663701475 0.000442109121859 0.0020005119893 0.00231707842098 0.00178508620692 0.00257918337154 -0.000338068934074 0.00105232926189 0.0017345269383 -0.000585962133337 0.00127419323092 0.00326753203691 -0.000314262401328 0.00218737063664 0.00197980734557 0.00149929547633 0.000450223921191 0.000452029212874 0.00178762179359 
0.00266117726516 0.00116768179717 -0.00133767486058 -0.000346510549383 0.0295939732339 0.00330065675301 -0.00116800467182 0.001615817804 0.000455025891851 0.000933029641941 0.00309601103282 0.000325324083608 0.00271982521439 0.000552476987814 0.00109505626091 0.00280594028201 0.000901696671923 0.00119248775539 0.00132177530978 0.0010368456681 0.00186931997209 0.00238737505748 0.00050157644541 0.00184673573568 0.00254908868908 1.99254706075e-05 0.00180645062193 0.00227981735276 0.000978164647553 -0.000106635554162 
0.000511638863899 0.000846091033649 0.00185329740254 0.000584238102017 0.00330065675301 0.0207479673228 -0.000669795410173 0.000240490012096 0.00058642289916 0.00241154778306 -0.000529161103843 0.000591898948648 0.00113456671446 0.000483897578286 0.00151118881446 0.000321597450541 0.000464293158153 0.00217587323216 0.000339637838525 0.00164342290865 0.00448934147418 0.00179335693001 0.000912677228313 0.00153189223418 0.00222574159221 0.00151479862157 0.000226165551999 0.0028134247656 0.00381026542649 0.000343194811809 
-0.00125341032319 0.00136288422621 0.000210184678911 0.000187795234392 -0.00116800467182 -0.000669795410173 0.123954689754 -0.000482211591385 0.00108482864165 -0.00149846947368 -0.00203936339417 -0.000883841317849 -0.000734633296958 -0.00078468858268 -0.00158799047642 0.00163357490889 0.000140225481699 -0.000837802425465 0.00228922474548 -0.00199219687121 -2.20708651122e-05 -0.00114304140283 -0.000456245176544 -0.000279588150825 -0.00228511661355 0.00117774032627 -0.001196430133 -0.000760376224205 0.000593671586112 -0.000278808225841 
0.00290221487207 0.0014396076143 0.00368307173023 0.00170636303627 0.001615817804 0.000240490012096 -0.000482211591385 0.0162915383704 0.00070475457532 -0.000194762050801 0.00237623536975 0.00220115707549 0.00431086771013 0.00138223396341 0.000773862774729 0.00431356884215 0.000891325830237 0.00114541225715 0.00129927671947 0.000242494459207 0.00124826244789 0.00220983638012 0.00136358181933 0.00174875586197 0.00156450583315 0.00319799677687 0.00130206386614 0.00288169647736 -8.83674288731e-06 0.00369934324914 
0.00136755616303 0.000809668208176 0.00241391682109 0.00152269143636 0.000455025891851 0.00058642289916 0.00108482864165 0.00070475457532 0.0336838569189 0.00341920590242 0.001479739004 0.00244532919377 0.0025593866145 0.00125287151631 0.00237834865111 0.00411811797588 0.000435230081082 0.00121091649571 0.00167613942414 -0.000562248982686 0.0012716395176 0.00148465738414 0.0012814451582 0.000536411749653 0.00461302716303 0.000233000550488 -0.000549605523354 0.00200965306501 -0.000177193008231 0.00237686148807 
0.000159919774888 0.000752909013289 -0.000779319646076 7.98814659628e-05 0.000933029641941 0.00241154778306 -0.00149846947368 -0.000194762050801 0.00341920590242 0.0369034116525 0.00286797080592 0.000190869756165 0.00198800275243 0.00138776500765 0.00124341845945 0.000416091846733 -0.000732438308464 0.000248948056849 0.00145568387493 -0.000311999275112 -0.00104276359369 0.00223900676853 -0.000789144820356 0.00199435823711 0.0019286056759 0.000676326019599 -0.000282603141086 -1.59517710063e-05 0.00242507378913 0.000600076479022 
0.00251616685535 0.00263580728811 0.00391821705108 0.00174381464928 0.00309601103282 -0.000529161103843 -0.00203936339417 0.00237623536975 0.001479739004 0.00286797080592 0.0366491595895 0.0011181133212 0.00387057782076 0.000892470656202 0.00309857231763 0.00848167090405 -0.000654769499768 -0.000388654768173 0.00172718848949 0.00478628950646 0.00290358307156 0.00330015738997 0.00153660918555 0.00519354546705 0.00228040535065 0.00158988830555 0.000245038633364 0.00453212189515 9.98144910371e-05 0.00352545846322 
0.00155575329195 0.0012994275851 0.00132875609578 0.00163663701475 0.000325324083608 0.000591898948648 -0.000883841317849 0.00220115707549 0.00244532919377 0.000190869756165 0.0011181133212 0.0154617476046 0.00263615052868 0.00164171468104 0.00218190073797 0.00290001361673 0.00192938797902 -9.07952873369e-05 0.00251149850182 0.0011535119351 0.00141235733027 0.000722078838631 0.0010806620097 0.000469448496415 0.00259321505362 0.00172021231187 0.00155352994899 0.00156854012743 0.00068291924424 0.00186399160292 
0.00190888440794 0.00183481466431 0.00279426272869 0.000442109121859 0.00271982521439 0.00113456671446 -0.000734633296958 0.00431086771013 0.0025593866145 0.00198800275243 0.00387057782076 0.00263615052868 0.0393048213985 0.0011820737206 0.00273203380003 0.0101486924783 0.00177265851497 0.00194680511199 0.00229331306319 0.00168702577871 0.00220210444783 0.00278775260699 0.00123250661143 0.0017676332254 0.00295485846653 0.00481337569712 0.000185669007443 0.00203506730691 0.000795295811279 0.00547552191522 
-0.000548357654706 0.000393528523613 0.000878299174398 0.0020005119893 0.000552476987814 0.000483897578286 -0.00078468858268 0.00138223396341 0.00125287151631 0.00138776500765 0.000892470656202 0.00164171468104 0.0011820737206 0.0156072136833 0.00183933698988 0.00309080646969 0.000604197913125 -0.000115981433492 0.000992040720421 0.00231073359533 -1.49247543671e-05 0.00188238611449 0.000715371101632 0.00153504554095 0.000205193676856 0.00106817441859 -0.000867819632867 0.00191597791278 0.00144139717333 0.000975465335059 
0.000888108677176 0.00187742135705 0.00151573736527 0.00231707842098 0.00109505626091 0.00151118881446 -0.00158799047642 0.000773862774729 0.00237834865111 0.00124341845945 0.00309857231763 0.00218190073797 0.00273203380003 0.00183933698988 0.0166063736763 0.00565392373752 0.0011449462591 0.00204337523292 0.00186224988419 0.00137706539153 0.000215232569028 0.00201139733274 0.00148135746499 0.000472386710439 -0.00137810760268 0.00266791576208 -8.351346743e-05 0.000608625510386 0.00153631451343 0.0024942367283 
0.00493288046915 0.00147874607979 0.00580410730985 0.00178508620692 0.00280594028201 0.000321597450541 0.00163357490889 0.00431356884215 0.00411811797588 0.000416091846733 0.00848167090405 0.00290001361673 0.0101486924783 0.00309080646969 0.00565392373752 0.0435596136299 0.00170162345541 -0.000831466600871 0.0021907994844 0.00173106789677 0.00357640482821 0.00283050033722 0.00065943073619 0.00404603982833 0.00661927895702 0.0029975082037 0.00142435342642 0.0046278926451 0.00262580715413 0.00477175706969 
0.00159309082448 0.00278449810727 3.69342327836e-05 0.00257918337154 0.000901696671923 0.000464293158153 0.000140225481699 0.000891325830237 0.000435230081082 -0.000732438308464 -0.000654769499768 0.00192938797902 0.00177265851497 0.000604197913125 0.0011449462591 0.00170162345541 0.0143642026597 -0.000305602329448 0.000815547579615 0.00119687339296 0.00063465318311 0.000833089792221 0.00417655532507 0.000733463739327 0.00309281832848 0.0011067375301 0.00354268003225 0.000145773874898 0.00159389186579 0.00136976845538 
0.00340561959721 0.00138891457889 -0.00278670251598 -0.000338068934074 0.00119248775539 0.00217587323216 -0.000837802425465 0.00114541225715 0.00121091649571 0.00024894805685 -0.000388654768173 -9.07952873369e-05 0.00194680511199 -0.000115981433492 0.00204337523292 -0.000831466600871 -0.000305602329448 0.0291126932242 0.00233040308208 0.00196799832179 0.00618960697165 0.00171499813201 0.000806325611187 0.000653139678295 -0.000933428821249 0.000343651124326 0.0017109074017 0.00236817665541 -0.000337397136789 0.000293168659112 
-0.000679906927758 0.00184023876389 0.000581129822144 0.00105232926189 0.00132177530978 0.000339637838525 0.00228922474548 0.00129927671947 0.00167613942414 0.00145568387493 0.00172718848949 0.00251149850182 0.00229331306319 0.000992040720421 0.00186224988419 0.0021907994844 0.000815547579615 0.00233040308208 0.0127927271079 0.00295792834581 0.000395801289953 0.0015210316862 0.00247783162972 0.00121363931043 0.00249686713798 0.00252663991141 0.00111194807487 0.00172570800171 0.000978984493315 0.00255553054975 
0.000352140910656 0.00247241895961 7.73707778878e-06 0.0017345269383 0.0010368456681 0.00164342290865 -0.00199219687121 0.000242494459207 -0.000562248982686 -0.000311999275112 0.00478628950646 0.0011535119351 0.00168702577871 0.00231073359533 0.00137706539153 0.00173106789677 0.00119687339296 0.00196799832179 0.00295792834581 0.0226125499894 0.00133512909434 0.000155732219078 0.00279977214555 -0.00136388781436 0.00273229153248 0.00109346417436 0.000233294649594 0.00103743572718 0.00118170771766 0.00159141781861 
0.0024837736099 -0.000617878097886 0.000302694169492 -0.000585962133337 0.00186931997209 0.00448934147418 -2.20708651122e-05 0.00124826244789 0.0012716395176 -0.00104276359369 0.00290358307156 0.00141235733027 0.00220210444783 -1.49247543671e-05 0.000215232569028 0.00357640482821 0.00063465318311 0.00618960697165 0.000395801289953 0.00133512909434 0.0337014804431 0.00277521745608 0.000699484636551 0.00209625834467 0.00549705106416 0.00155843260264 -0.000237885144156 0.00309396843087 0.00236052814701 0.000588597088876 
0.00192870412855 0.00134065953429 0.00291342154307 0.00127419323092 0.00238737505748 0.00179335693001 -0.00114304140283 0.00220983638012 0.00148465738414 0.00223900676853 0.00330015738997 0.000722078838631 0.00278775260699 0.00188238611449 0.00201139733274 0.00283050033722 0.000833089792221 0.00171499813201 0.0015210316862 0.000155732219078 0.00277521745608 0.0159924744018 0.00160923769595 0.00246045168972 0.00454229191585 0.0032614540193 -0.000252914781059 0.00173722424119 0.00191044658275 0.00200753927946 
0.00103679222538 0.0044596153751 0.00171869622583 0.00326753203691 0.00050157644541 0.000912677228313 -0.000456245176544 0.00136358181933 0.0012814451582 -0.000789144820356 0.00153660918555 0.0010806620097 0.00123250661143 0.000715371101632 0.00148135746499 0.00065943073619 0.00417655532507 0.000806325611187 0.00247783162972 0.00279977214555 0.000699484636551 0.00160923769595 0.018564728882 0.00193373405305 -0.000999911820943 0.00256340886152 -0.00021066254216 0.000849110215191 0.00184903741989 0.00137696243867 
0.00273066312747 9.05833542373e-05 0.00359922323738 -0.000314262401328 0.00184673573568 0.00153189223418 -0.000279588150825 0.00174875586197 0.000536411749653 0.00199435823711 0.00519354546705 0.000469448496415 0.0017676332254 0.00153504554095 0.000472386710439 0.00404603982833 0.000733463739327 0.000653139678295 0.00121363931043 -0.00136388781436 0.00209625834467 0.00246045168972 0.00193373405305 0.04044268093 0.00324776712654 0.00295637190761 0.00113938937897 0.0022464074388 0.000124719933021 0.00267927893829 
0.00497956694392 0.00182870824962 0.00353302279569 0.00218737063664 0.00254908868908 0.00222574159221 -0.00228511661355 0.00156450583315 0.00461302716303 0.0019286056759 0.00228040535065 0.00259321505362 0.00295485846653 0.000205193676856 -0.00137810760268 0.00661927895702 0.00309281832848 -0.000933428821249 0.00249686713798 0.00273229153248 0.00549705106416 0.00454229191585 -0.000999911820943 0.00324776712654 0.0590124343467 0.00222110245158 -0.000642006113034 0.000885819036014 0.00337947362817 0.00312498152658 
0.00269247393893 0.00131855584892 0.00164569110488 0.00197980734557 1.99254706075e-05 0.00151479862157 0.00117774032627 0.00319799677687 0.000233000550488 0.000676326019599 0.00158988830555 0.00172021231187 0.00481337569712 0.00106817441859 0.00266791576208 0.0029975082037 0.0011067375301 0.000343651124326 0.00252663991141 0.00109346417436 0.00155843260264 0.0032614540193 0.00256340886152 0.00295637190761 0.00222110245158 0.0175220600307 0.000452088906672 0.00156943791819 0.0018157681736 0.00329356213198 
0.000352738977886 0.000862561809221 0.000350668881977 0.00149929547633 0.00180645062193 0.000226165551999 -0.001196430133 0.00130206386614 -0.000549605523354 -0.000282603141086 0.000245038633364 0.00155352994899 0.000185669007443 -0.000867819632867 -8.35134674299e-05 0.00142435342642 0.00354268003225 0.0017109074017 0.00111194807487 0.000233294649594 -0.000237885144156 -0.000252914781059 -0.00021066254216 0.00113938937897 -0.000642006113034 0.000452088906672 0.070186407248 0.000272957827114 0.000704145079351 -7.16259156535e-05 
-7.25098653696e-06 0.000946769166308 0.000884778939637 0.000450223921191 0.00227981735276 0.0028134247656 -0.000760376224205 0.00288169647736 0.00200965306501 -1.59517710063e-05 0.00453212189515 0.00156854012743 0.00203506730691 0.00191597791278 0.000608625510386 0.0046278926451 0.000145773874898 0.00236817665541 0.00172570800171 0.00103743572718 0.00309396843087 0.00173722424119 0.000849110215191 0.0022464074388 0.000885819036014 0.00156943791819 0.000272957827114 0.0257436090063 0.00176673505365 0.000481966640304 
0.00217110061862 0.000558724810928 0.00227917849841 0.000452029212874 0.000978164647553 0.00381026542649 0.000593671586112 -8.83674288731e-06 -0.000177193008231 0.00242507378913 9.98144910371e-05 0.00068291924424 0.000795295811279 0.00144139717333 0.00153631451343 0.00262580715413 0.00159389186579 -0.000337397136789 0.000978984493315 0.00118170771766 0.00236052814701 0.00191044658275 0.00184903741989 0.000124719933021 0.00337947362817 0.0018157681736 0.000704145079351 0.00176673505365 0.0154810275839 0.00201236178381 
-0.00128945729844 0.000407306752071 0.00317356607646 0.00178762179359 -0.000106635554162 0.000343194811809 -0.000278808225841 0.00369934324914 0.00237686148807 0.000600076479022 0.00352545846322 0.00186399160292 0.00547552191522 0.000975465335059 0.0024942367283 0.00477175706969 0.00136976845538 0.000293168659112 0.00255553054975 0.00159141781861 0.000588597088876 0.00200753927946 0.00137696243867 0.00267927893829 0.00312498152658 0.00329356213198 -7.16259156535e-05 0.000481966640304 0.00201236178381 0.022008749396 

['UNM', 'SO', 'GPS', 'PGN', 'STJ', 'CCE', 'UIS', 'TROW', 'CPWR', 'AV', 'SHLD', 'KEY', 'YHOO', 'CPB', 'SNA', 'PHM', 'KSE', 'THC', 'PBI', 'HSY', 'JNY', 'DHR', 'ETR', 'HLT', 'VMC', 'CTAS', 'FSH', 'MMC', 'PBG', 'WAG']