50
0.357744060202 0.256023639664 0.0433119494187 0.0269248151276 0.0358059899839 0.0573021249509 0.165506763093 0.0723841835345 0.112278324126 0.0940944116816 0.125840316239 0.101022755506 0.0511719962834 0.0948967479515 0.28152338764 0.073470583658 0.0230030392576 0.0161964684659 0.0649972461493 0.0566389432936 0.0381517477001 0.0564449965361 0.0466490289559 0.332832739506 0.125568601155 0.0384658872101 0.0300764430792 0.0677272644226 0.0251356843311 0.0756818342608 0.0464034886179 0.0482129600444 0.134627172929 0.00859756350963 0.0658076634161 0.0453963667668 0.0479071153807 0.0205902908148 0.0283013122104 0.0373342989671 0.00194148072761 0.0749299903321 0.102568127786 0.059162885268 0.0485380268731 0.0336878097659 -0.0014382556632 0.072987431854 0.0485945029431 0.0100273700484 
2.88069156571 0.00179564779274 -0.0275604010051 -0.000433668110072 0.0195554407272 0.0316001132515 0.195072771948 0.0386419221365 -0.00832165264513 -0.0170480703047 -0.0038161408689 -0.00665756295616 -0.00382738434884 -0.028963549852 0.0208293766534 0.0234560888253 -0.00180459146268 -0.0101620798025 0.0523040742615 0.0357188933977 0.0499465156473 -0.0197609056281 -0.0287977716062 0.0145324642071 0.0654759779304 0.00636609293739 -0.00832415288017 -0.0191413447232 -0.00440899539881 0.0614813062811 0.0209950516651 0.0390850486797 0.00901770228634 -0.0138568372609 0.0214914297807 -0.00536927689498 0.0653607938871 -0.00667800617554 0.0372200175901 0.0114720175737 0.0284782193673 0.0240687450089 0.0164374326534 -0.0039464938608 -0.00537974216699 0.0145068962449 0.00444750922409 0.0807489856045 0.00401342385436 -0.00420953537353 
0.00179564779274 0.704240085814 0.00866976996275 0.00943629247086 0.00444847399048 0.0225525006348 0.0103258024731 0.0131414132253 0.0176674829729 0.0709485682363 0.0447552289736 0.00289705258286 -0.00364368204873 0.0429627594872 -0.0277715449085 0.0721502253884 0.00768960914706 0.00914029871116 -0.00280447293914 0.00856890597851 0.0523947478484 -0.00117285513269 0.00105650941602 0.00984943226878 -0.0199820991075 0.0304569381652 -0.0038832770438 0.0128159021805 0.0176544928386 0.0149898978116 0.0109948643848 0.0109847794175 0.0571967992867 0.0116263461214 0.0260169534576 0.0258473660601 -0.0176957659459 -0.000687256803799 -0.00977793039547 -0.0109378192555 0.017812220521 0.0574147867393 0.0363356792185 -0.00337408690222 0.0325987528383 0.0435025112979 -0.00920415619941 -0.0229914153075 0.0233331433398 -0.00567067848996 
-0.0275604010051 0.00866976996275 0.168072265621 0.00982511821173 0.0172168652661 0.0187169734616 0.0184539991685 0.0178735195083 0.0309578642951 0.0162857511574 0.0310952211283 0.0250569716546 0.00239102411891 0.029131615158 0.000311565830605 0.0249540036333 0.0295801702409 0.00843482080538 0.0145293281241 0.0101920064294 0.0100606069672 0.00558791757818 0.0333275230355 0.0175490148745 0.0225781219908 0.04055709719 0.01159071228 0.0167215696294 0.019331135509 0.0180905009166 0.00291661051112 0.0493892499584 0.00849632950121 0.00740208636776 0.00809154465229 -0.0135949720511 0.0210451442698 0.0191469224574 0.0244817725669 0.00618494476116 0.0198570198837 0.0135778719432 0.0135475828672 -0.00193427100861 0.0223643634945 0.0396769554911 0.011114350763 0.0100057749217 0.0355744467526 0.0161733881317 
-0.000433668110072 0.00943629247086 0.00982511821173 0.198920616508 0.0540608452799 -0.000348036814541 0.000291821508163 0.00714145231341 0.00343166924411 0.0201747257674 0.00811894170929 0.010223465889 0.0134615049736 0.00982610370349 -0.0221706272733 0.0625532090027 0.0164033761904 -3.90465441473e-05 0.00291856581606 -0.00370194254959 -0.00217924948246 0.0644946066903 -0.0119755606787 0.0117301380058 -0.000944526804106 0.00696983634541 -0.00566623143126 -0.0159322713659 0.013465586196 0.0111548338165 0.00887397969377 -0.00627217238091 0.0238031640931 0.00156408944265 0.00214748268264 -0.00118204035446 0.00656513971644 0.0168582909993 0.00636605080532 0.0665184289765 0.00785104593002 0.0135438458546 -0.000309358452678 0.0232275466782 0.00480490054245 0.00197135315927 0.0159953175822 0.0105751876239 0.0102253968852 0.0137822421373 
0.0195554407272 0.00444847399048 0.0172168652661 0.0540608452799 0.204021132298 0.0353282002652 0.00602057924966 0.0112161596828 0.00787619615475 0.023245951666 0.0335338392669 0.0117261950734 -0.00765590654343 0.0614011804235 0.00577314378899 0.0350240573649 0.0222331408393 0.0109451491692 0.0178066819757 0.00964583520361 0.00137341620657 0.0661580361118 0.0192898667606 0.00102260378665 0.00890694140581 0.0164787114588 0.00750839875824 -0.00299930913884 0.014219125367 0.0151081251243 -0.000549322114503 0.015300441576 -0.00192652025264 0.00530872252981 0.0017822934719 0.00144189078239 0.00938056365471 0.00221580510372 0.0127505754757 0.0468088849999 0.016136628372 0.0223301932382 0.0171209431786 0.0110751333434 0.0235241623506 0.00916123463948 0.00839929913064 0.00149152117371 0.0143046724573 0.00907371382551 
0.0316001132515 0.0225525006348 0.0187169734616 -0.000348036814541 0.0353282002652 0.311830951107 0.0219780525388 0.0175015311633 0.0172495121692 -0.00529475568955 0.0559061016887 0.0354703973101 0.00505885303783 -0.00560649738263 -0.0170861865053 0.000657782311622 0.016994140632 0.0156007090833 0.0158157996222 0.0180705743291 0.00143252634519 0.00864474364304 0.0205936365768 -0.00227387595376 -0.000276021982496 0.0216433879029 -0.014963494114 0.0067355143471 0.0313087563842 0.00261824548069 0.00841375985115 0.0242064470501 -0.00248253088811 0.0131638031565 0.0202019535034 0.0602936004316 0.0157129450712 0.0237175856232 0.000398061297481 0.0228679129447 -0.00911082172028 0.0423942997791 0.0319074642218 0.0375231270849 0.00732136365443 0.0385126318966 0.0178735066188 -0.00140071221714 0.0308349683273 -0.000559412106508 
0.195072771948 0.0103258024731 0.0184539991685 0.000291821508163 0.00602057924966 0.0219780525388 0.323404506729 0.0520556128126 0.0146090210173 0.0195927133955 0.0380869889513 0.00376772321289 -0.0161688837946 0.0139032060062 0.0149146490258 0.0746220295603 0.00176468923839 0.0102173449597 0.0159101688134 0.00584731104908 0.00838187232541 0.0269293135142 -0.0046948098937 -0.000656151262814 0.0269703463611 0.0307755485329 0.00720842774983 0.0164873441979 0.0143871182509 0.0270076695423 0.0223683559896 0.0349687794736 0.0210798765858 0.040399503912 0.00967727619849 0.00112358511132 0.0279682350894 0.0266846777362 -0.0101054981217 0.00842526639273 0.0224685345442 -0.017944940693 0.0301585272311 0.00165071766195 0.017591553752 0.0321737073363 0.0207532540705 0.0272727076764 0.00577009464073 0.00934399674856 
0.0386419221365 0.0131414132253 0.0178735195083 0.00714145231341 0.0112161596828 0.0175015311633 0.0520556128126 0.3390000832 0.0413209862005 0.017970764289 0.0245824245895 0.00124711294715 0.0231487428765 0.0132236449617 -0.0101941713863 0.0235263356225 0.0178858510598 0.0329665452489 0.0210061052599 -0.00463141369115 0.0263463136488 0.0102785277147 -0.0105310401408 -0.0127099761139 0.0135605690998 -0.0112428803349 0.0293926734756 -0.00187159069549 -0.0129657710493 0.0112683503806 0.00629743368237 -0.00511671512352 0.0036913355626 0.00762330396311 -0.0109747883326 -0.00433525019053 0.0103318356794 0.0311701834515 -0.00143296137298 0.0312148557151 0.0252834863655 0.0105593976548 0.0315845916835 -0.00124028846149 0.0174529142764 0.0164905436818 0.0148646158132 0.0184167805583 0.0131685741255 0.00877041338149 
-0.00832165264513 0.0176674829729 0.0309578642951 0.00343166924411 0.00787619615475 0.0172495121692 0.0146090210173 0.0413209862005 0.248095955111 0.0420191278799 0.050505981052 0.00305724481714 0.00325392416131 0.0137301479415 -0.00927611004684 0.000997786993238 0.00808459692205 0.0246770877011 -0.00101401615049 0.0159677202276 0.0174958510586 0.0198283994415 0.0212397960745 0.0248203863495 0.0459555947595 0.0171094326894 0.013097068096 0.0367001854314 0.0175493099958 0.0153242779731 -0.0127393839882 0.0434684695658 0.0354138333715 0.0323928525742 0.0140957929778 0.0125112735553 0.0173285352608 0.0255391175886 0.0292535457927 0.00551423926994 0.0200054999176 0.013274077034 0.0229329097615 -0.00092686478518 0.0127242686979 0.0169021856871 0.0144418752923 0.00243612808444 0.0135800839186 0.0159183704272 
-0.0170480703047 0.0709485682363 0.0162857511574 0.0201747257674 0.023245951666 -0.00529475568955 0.0195927133955 0.017970764289 0.0420191278799 0.354351036639 0.0273434832933 0.0140385354287 -0.00650999069145 0.0512784939345 -0.00444351214201 0.0152329508673 0.0173763284502 0.0151040820103 0.0164984653789 0.0184190051681 0.0423723288257 0.0126095923741 0.0158922950542 0.0601281388637 0.00442565755553 0.0240201687861 0.00576444379834 0.00723266621176 0.00789726014349 0.00398584800737 0.00339012917134 0.0369717194536 0.050413691082 0.0148780371879 0.00508764244337 0.012414956155 0.0228592224151 0.068097382133 0.0180917567091 0.03718807929 0.0548227215831 0.0310299389923 0.0192467481978 0.00220660683428 0.0100787826455 0.0336377443796 0.0144022823671 0.0248975003029 0.00481453221308 0.0265710872294 
-0.0038161408689 0.0447552289736 0.0310952211283 0.00811894170929 0.0335338392669 0.0559061016887 0.0380869889513 0.0245824245895 0.050505981052 0.0273434832933 0.376206950135 0.0223203710288 0.0193578618168 0.00965428250775 -0.0222585310066 0.0444445023086 0.0183747887038 0.0226964388255 0.0512787429786 -0.0143141528016 0.0169577810306 0.0303724893157 0.0466947036647 0.0268426583365 0.0130327671272 0.0194871314755 0.0204980710068 -0.0138866557414 0.0204405687418 0.000917554860077 0.000192296266904 0.0229806870662 0.0300833273919 0.0117374409577 -0.0101312874242 0.0305382726014 0.0133196223381 0.0105683101816 0.0190860794263 0.0332915062182 0.00578686110484 0.0848547678243 0.0496734887613 0.0424908335399 0.0155617963146 0.0598082627852 0.00836973255073 -0.0184850723948 0.0106702677256 0.0219086372691 
-0.00665756295616 0.00289705258286 0.0250569716546 0.010223465889 0.0117261950734 0.0354703973101 0.00376772321289 0.00124711294715 0.00305724481714 0.0140385354287 0.0223203710288 0.359576215787 0.0602199863574 -0.00622936103267 0.285014783758 0.00887480907515 0.0125075919134 0.0228516439512 -0.0142757001061 0.0231851471291 0.0221332827002 -0.00273036912492 0.0339149305315 -0.0306793959979 -0.0127562339693 0.038260844007 0.00776285925557 -0.00644508778703 0.00903959030906 0.0187529096686 -0.0135639129828 -5.24456125921e-05 0.00740725296043 0.0177062281757 0.00355540105646 -0.0048182312098 0.00403766064879 -0.00343346803736 -0.0111473749323 0.00760787875225 0.0375245304672 0.00487681749912 0.0421944810042 0.0333370065617 0.00185942707952 0.0179767391229 0.0163043745316 -0.0182239808222 0.0142953027013 0.00927696255174 
-0.00382738434884 -0.00364368204873 0.00239102411891 0.0134615049736 -0.00765590654343 0.00505885303783 -0.0161688837946 0.0231487428765 0.00325392416131 -0.00650999069145 0.0193578618168 0.0602199863574 0.309812454377 -0.0241190605444 0.0145636968478 0.0248014475988 0.00247716659643 -0.00502259419417 0.00762999094232 -0.00261459684866 0.0102662480585 0.00189688484613 0.0349958543699 0.0359530812496 -0.0100787102804 0.0166140241471 0.0408981076678 0.0135218977448 0.00704286338214 0.00932577122549 0.000272475846042 -0.00886231907362 -0.0177626115658 -0.0102563897641 -0.00718733391226 -0.00283439472514 -0.00463873259995 0.00214002176977 0.00596286846825 0.0156109646953 0.00710495505608 -0.0112738527038 0.0164372355254 -0.00525264548776 0.0129176044435 0.0186424822945 -0.00465860567913 -0.0223741510576 0.0156804951468 -0.0111344796288 
-0.028963549852 0.0429627594872 0.029131615158 0.00982610370349 0.0614011804235 -0.00560649738263 0.0139032060062 0.0132236449617 0.0137301479415 0.0512784939345 0.00965428250775 -0.00622936103267 -0.0241190605444 0.541358259116 -0.00362405754815 0.0251815700119 0.0132780524075 -0.00863121086511 -0.00505026619794 0.0139038186071 0.0485391682801 0.0385098062283 0.0324872278892 0.0147372908503 0.0257650518085 0.0250187624415 0.0157986497871 -0.003377507471 0.010800882693 -0.00824357380204 0.0164099639854 -0.0109570684845 0.0423758657892 0.00186768465267 0.0401097963361 0.0334042202243 0.0299958973662 0.0562747559769 0.00413610857932 0.0343666198478 -0.0128171419051 0.0143898724567 0.00719898246606 -0.0339480211746 0.0200401909619 -0.0125570600388 0.00812227502406 0.0357812851073 0.00856856651153 0.0100585406837 
0.0208293766534 -0.0277715449085 0.000311565830606 -0.0221706272733 0.005773143789 -0.0170861865053 0.0149146490258 -0.0101941713863 -0.00927611004684 -0.00444351214201 -0.0222585310066 0.285014783758 0.0145636968478 -0.00362405754815 1.91464204161 -0.0137774072595 0.00753673508708 -0.0142735425462 -0.00326429292144 -0.0224884183318 -0.0338485558424 -0.0160854234496 0.0184315064111 -0.0409634213211 -0.0349682900116 -0.00507688305798 -0.00490326988386 -0.00410169065938 -0.00384736907052 -0.0242860994415 -0.00516199226219 0.00199232209814 -0.015933905913 -0.0293535318414 -0.00786266077407 -0.022468355336 0.0130788003119 -0.00556816813753 0.000216715552989 0.00262144477177 -0.0194137562111 -0.0285418471689 -0.0288149975501 -0.0101863079404 0.0104498802795 -0.0185148758732 -0.024710668809 0.00616550345747 0.00155530060307 -0.00192033000586 
0.0234560888253 0.0721502253884 0.0249540036333 0.0625532090027 0.0350240573649 0.000657782311622 0.0746220295603 0.0235263356225 0.000997786993238 0.0152329508673 0.0444445023086 0.00887480907515 0.0248014475988 0.0251815700119 -0.0137774072595 0.457568698791 0.0116718070444 0.016107972728 0.0209335480574 0.0138474685697 0.0196780540021 0.0640211622362 0.000352823197355 0.0248058365468 0.0276518689983 0.0234319601769 0.0106480912438 0.0107272018678 0.0102277183468 0.0157776522199 -0.0148187410631 0.0401199025502 -0.00311122032308 -0.00125804759046 0.0076746315239 -0.0130836615662 0.0534551715955 0.0106074315631 -0.012641092699 0.0404863304395 0.0403220745346 0.0185620770428 -0.00336905685446 -0.0127566839782 0.00359971250452 0.00517989733725 -0.0075403301907 0.00346761229991 0.0098984921613 0.0317340254828 
-0.00180459146268 0.00768960914706 0.0295801702409 0.0164033761904 0.0222331408393 0.016994140632 0.00176468923839 0.0178858510598 0.00808459692205 0.0173763284502 0.0183747887038 0.0125075919134 0.00247716659643 0.0132780524075 0.00753673508708 0.0116718070444 0.116022740155 0.0207731983177 0.00579161629864 -0.00743554011006 0.00727723342068 0.0107273845163 0.0205507196944 0.0195549481876 -0.00220153561391 0.0334139563934 0.00868029532929 0.00925054051651 0.0420989088677 0.0250307746863 0.0038420469102 0.0140462896602 0.00484509543292 0.000831194721102 0.0205616791613 0.00592597043071 0.0160079571281 0.0173067623954 0.0160349214682 0.00798423831613 0.0339036914399 0.0100383910395 0.0310332048511 -0.0010232088547 0.0352451617661 0.0179438952937 0.00245212972008 0.00884277105538 0.0490496618992 0.00689479979709 
-0.0101620798025 0.00914029871116 0.00843482080538 -3.90465441473e-05 0.0109451491692 0.0156007090833 0.0102173449597 0.0329665452489 0.0246770877011 0.0151040820103 0.0226964388255 0.0228516439512 -0.00502259419417 -0.00863121086511 -0.0142735425462 0.016107972728 0.0207731983177 0.162123332325 0.0126271669117 0.0148056590553 0.012401845053 0.00339442202356 0.0253171803142 0.0017997836412 0.0126884808229 0.0196359108003 0.00755725742831 0.0261890194032 0.00886552540262 0.00911747250979 -9.77035175492e-05 0.000849768993634 0.00810992915715 0.00407460118988 0.0130863448663 0.0215420122079 0.0257535380683 0.0230638953843 -0.0146473659862 0.0191169638124 0.0245334703897 0.0247313955821 0.0374618647417 -0.00182896408073 0.0242206174238 0.0157595420479 -0.0197629748311 -0.00386207278643 0.015020382444 0.0394928974944 
0.0523040742615 -0.00280447293914 0.0145293281241 0.00291856581606 0.0178066819757 0.0158157996222 0.0159101688134 0.0210061052599 -0.00101401615049 0.0164984653789 0.0512787429786 -0.0142757001061 0.00762999094232 -0.00505026619794 -0.00326429292144 0.0209335480574 0.00579161629864 0.0126271669117 0.271460270134 0.0121158718975 0.0251182651173 -0.00190702208102 0.0291138032852 0.0100659325372 0.0271392603611 0.00435971414441 0.0361136876512 0.0316045486609 0.00928757472896 0.00978086901683 0.000549327828306 -0.0144480242096 0.00750045140947 0.0239045558279 -2.7635350735e-05 0.000359800194902 0.0363376777401 0.0108715167237 0.024881576119 0.0232843400782 0.0225159399641 0.0443073400122 0.0260337098301 0.000849677183066 0.00897385859229 0.0331692643065 -0.0171197682513 0.000746577638511 0.00621773514185 0.0276749486476 
0.0357188933977 0.00856890597851 0.0101920064294 -0.00370194254959 0.00964583520361 0.0180705743291 0.00584731104908 -0.00463141369115 0.0159677202276 0.0184190051681 -0.0143141528016 0.0231851471291 -0.00261459684866 0.0139038186071 -0.0224884183318 0.0138474685697 -0.00743554011006 0.0148056590553 0.0121158718975 0.20279503425 -0.00899689685867 0.0099761061301 -0.0079223179407 -0.0056338897614 -0.0097937977697 0.0123255063701 0.00576452376012 0.0208910512799 0.00522226493503 0.00929121248018 -0.00155935285185 -0.00401011325506 0.0178224424144 0.0154897808588 -0.00546597970517 0.00123713668982 0.00622653755342 0.0109676683615 -0.0101741034492 -0.00328203581429 0.00871600464624 0.0119733499443 0.0055838959701 -0.00536185323757 -0.00722540302908 0.00380713589337 -0.0128414306091 -0.00140370552608 -0.00112954841304 0.0122775820513 
0.0499465156473 0.0523947478484 0.0100606069672 -0.00217924948246 0.00137341620657 0.00143252634519 0.00838187232541 0.0263463136488 0.0174958510586 0.0423723288257 0.0169577810306 0.0221332827002 0.0102662480585 0.0485391682801 -0.0338485558424 0.0196780540021 0.00727723342068 0.012401845053 0.0251182651173 -0.00899689685867 0.322225515173 -0.0109158067032 0.00497657604072 0.0312896021368 0.0309424244721 0.00117358228445 -0.000961664530692 0.0284357002425 0.019192694802 0.0035806788239 0.042387368916 0.015565256577 0.0367905391848 0.00683713140518 -0.00797273102159 -0.000642996259971 0.00971876051073 0.0234045255278 0.0371709319805 -0.0123615834138 0.0433429801231 0.0480056223361 0.00960477206011 0.00403940549374 0.0258417582998 0.00829835619477 0.0134398474986 0.0156799597888 -0.00106279688084 0.0118107322293 
-0.0197609056281 -0.00117285513269 0.00558791757818 0.0644946066903 0.0661580361118 0.00864474364304 0.0269293135142 0.0102785277147 0.0198283994415 0.0126095923741 0.0303724893157 -0.00273036912492 0.00189688484613 0.0385098062283 -0.0160854234496 0.0640211622362 0.0107273845163 0.00339442202356 -0.00190702208102 0.0099761061301 -0.0109158067032 0.253673055268 -0.00410304361894 0.0119555190698 0.0177291298909 0.0123938351662 0.004448059095 0.00219902433656 0.0101830780721 0.00448008821108 -0.00306146506681 0.0299357379607 0.00199667594168 0.0191198125321 -0.0083875153942 0.00107126148862 0.0275676592418 0.0322106607719 -0.00559272421594 0.0622853328569 0.0199365207501 0.0275958486167 0.0294304610459 0.00566252217836 0.00501889534433 0.0215080845827 0.0230097995065 -0.000942813193032 0.0171711296798 0.0131309456919 
-0.0287977716062 0.00105650941602 0.0333275230355 -0.0119755606787 0.0192898667606 0.0205936365768 -0.0046948098937 -0.0105310401408 0.0212397960745 0.0158922950542 0.0466947036647 0.0339149305315 0.0349958543699 0.0324872278892 0.0184315064111 0.000352823197355 0.0205507196944 0.0253171803142 0.0291138032852 -0.0079223179407 0.00497657604072 -0.00410304361895 0.215783854013 -0.00861333070189 0.0447195510365 0.0295609255335 0.0322587418126 0.0134794558702 0.0235828936716 -0.00397486144822 0.000321090923783 0.0154169402618 0.0201843995476 0.0193428108386 0.00760359218589 0.0177390875135 -0.00533831527161 0.0101433612484 0.00661774907188 0.00894299953612 -0.000894503310738 0.0408690698336 0.031216648196 -0.0139000309886 0.00992530256083 0.0129866071081 -0.000690691616626 0.00911954413514 0.0204046240616 0.00941172987254 
0.0145324642071 0.00984943226878 0.0175490148745 0.0117301380058 0.00102260378665 -0.00227387595376 -0.000656151262814 -0.0127099761139 0.0248203863495 0.0601281388637 0.0268426583365 -0.0306793959979 0.0359530812496 0.0147372908503 -0.0409634213211 0.0248058365468 0.0195549481876 0.0017997836412 0.0100659325372 -0.0056338897614 0.0312896021368 0.0119555190698 -0.00861333070189 0.520165678046 0.0418224964216 0.0300625972666 0.0313355760379 0.0232402641727 0.0175912706498 0.0353321000074 0.00973836683039 0.00427036293922 0.0281137669551 -0.00196657305504 -0.0189661595031 0.00393733496452 0.00988388518981 0.0101430509585 0.00272536286474 0.0117691168314 0.0115035889888 0.0350600383838 0.043487145814 0.00790463331659 0.0123751779409 0.0203355806565 0.00837215134377 0.00218642973156 0.010647429359 0.0112589516408 
0.0654759779304 -0.0199820991075 0.0225781219908 -0.000944526804106 0.00890694140581 -0.000276021982495 0.0269703463611 0.0135605690998 0.0459555947595 0.00442565755552 0.0130327671272 -0.0127562339693 -0.0100787102804 0.0257650518085 -0.0349682900116 0.0276518689983 -0.00220153561391 0.0126884808229 0.0271392603611 -0.0097937977697 0.0309424244721 0.0177291298909 0.0447195510365 0.0418224964216 0.818541764672 -0.00312456988582 0.0728867374955 0.0163122482696 0.00185086625244 0.0481719768766 0.0104051343824 0.0323355146531 0.0930232943342 0.00998046626874 -0.0111436481974 0.00108703495689 -0.029909060314 0.0388428828553 -0.00085730604402 0.0300222394231 -0.0040793525932 0.0626978443996 0.00474463931331 0.00499831182045 -0.00497828318232 -0.000646898629054 0.00518542752083 -0.0104939756505 0.0147383940294 -0.0123628652087 
0.00636609293739 0.0304569381652 0.04055709719 0.00696983634541 0.0164787114588 0.0216433879029 0.0307755485329 -0.0112428803349 0.0171094326894 0.0240201687861 0.0194871314755 0.038260844007 0.0166140241471 0.0250187624415 -0.00507688305798 0.0234319601769 0.0334139563934 0.0196359108003 0.00435971414441 0.0123255063701 0.00117358228445 0.0123938351663 0.0295609255335 0.0300625972666 -0.00312456988582 0.217449663868 0.0297020237244 0.0149539877732 0.0281917760885 0.0112418378135 0.0127312757911 0.0252517967647 0.0459155319758 0.016433955318 0.00799140208403 -0.00571942992836 0.00440937884444 -0.0241822151276 0.0185287865603 0.032870440369 0.0293636494532 0.0165374942714 0.024967973363 -0.00168228358351 0.0382215208947 0.0307907798986 0.0172505454695 0.0407054716242 0.0447747576511 0.00604046574045 
-0.00832415288017 -0.0038832770438 0.01159071228 -0.00566623143126 0.00750839875824 -0.014963494114 0.00720842774983 0.0293926734756 0.013097068096 0.00576444379834 0.0204980710068 0.00776285925557 0.0408981076678 0.0157986497871 -0.00490326988386 0.0106480912438 0.00868029532929 0.00755725742831 0.0361136876512 0.00576452376012 -0.000961664530692 0.004448059095 0.0322587418126 0.0313355760379 0.0728867374955 0.0297020237244 0.345592826862 -0.00750322081919 0.0221406586009 0.0088628999367 -0.00420875631043 0.00354714308744 0.113456328569 0.0173273469539 0.00295181235962 0.00506722182429 0.00514011400016 0.0220664185503 0.0197911257188 0.0155282831093 0.0359533535699 -0.00907310852724 0.0267564668316 -0.0300293948728 0.0128556249886 0.0223512828388 0.00738961707421 0.00804573349225 0.0178001477062 0.00188815469029 
-0.0191413447232 0.0128159021805 0.0167215696294 -0.0159322713659 -0.00299930913884 0.0067355143471 0.0164873441979 -0.00187159069549 0.0367001854314 0.00723266621176 -0.0138866557414 -0.00644508778703 0.0135218977448 -0.003377507471 -0.00410169065938 0.0107272018678 0.00925054051651 0.0261890194032 0.0316045486609 0.0208910512799 0.0284357002425 0.00219902433656 0.0134794558702 0.0232402641727 0.0163122482696 0.0149539877732 -0.00750322081919 0.297645628731 0.0238941918851 0.0117588809019 0.00259109310656 0.00892296446052 0.0011471662185 0.0166845995404 0.013510983778 0.0151754025846 0.0224018710965 0.00698679625811 0.0173313219813 -0.00945686367009 0.031881691478 -0.0042306774039 0.0183808696329 0.00766469917559 0.0193990151248 0.0328263794562 -0.00374854034383 -0.015068282601 0.00866298227205 0.0355126433952 
-0.00440899539881 0.0176544928386 0.019331135509 0.013465586196 0.014219125367 0.0313087563842 0.0143871182509 -0.0129657710493 0.0175493099958 0.00789726014349 0.0204405687418 0.00903959030906 0.00704286338214 0.010800882693 -0.00384736907052 0.0102277183468 0.0420989088677 0.00886552540262 0.00928757472896 0.00522226493503 0.019192694802 0.0101830780721 0.0235828936716 0.0175912706498 0.00185086625244 0.0281917760885 0.0221406586009 0.0238941918851 0.116125463113 0.0147176178091 0.0152908509831 0.00747086516521 0.00741877966208 0.00629567464918 0.00771159060023 -0.00116485840561 0.0168126060862 -0.000978461005267 0.0181610168053 -0.00505289551994 0.0152780073076 -0.000932722467893 0.0215777308959 -0.00430551497889 0.0218666684631 0.0246841392592 0.00160963165381 0.0131499587286 0.0398878399426 0.0107976184739 
0.0614813062811 0.0149898978116 0.0180905009166 0.0111548338165 0.0151081251243 0.00261824548069 0.0270076695423 0.0112683503806 0.0153242779731 0.00398584800737 0.000917554860078 0.0187529096686 0.00932577122549 -0.00824357380204 -0.0242860994415 0.0157776522199 0.0250307746863 0.00911747250979 0.00978086901683 0.00929121248018 0.0035806788239 0.00448008821108 -0.00397486144822 0.0353321000074 0.0481719768766 0.0112418378135 0.0088628999367 0.0117588809019 0.0147176178091 0.205319088766 0.0227539128399 0.0141059465502 0.0128971620622 0.0213491297423 0.0265007305058 -0.00216579834215 0.0395496385393 0.000947137559586 0.0192166091714 0.0139285414636 0.0107932831783 0.00922950062178 0.00952627400842 0.00614204890366 0.0125555981201 0.00836636888236 -0.00937715617206 -0.0136285164796 0.0185860930635 0.014047697361 
0.0209950516651 0.0109948643848 0.00291661051112 0.00887397969377 -0.000549322114502 0.00841375985115 0.0223683559896 0.00629743368237 -0.0127393839882 0.00339012917134 0.000192296266904 -0.0135639129828 0.000272475846042 0.0164099639854 -0.00516199226219 -0.0148187410631 0.0038420469102 -9.77035175495e-05 0.000549327828306 -0.00155935285185 0.042387368916 -0.00306146506681 0.000321090923782 0.00973836683039 0.0104051343824 0.0127312757911 -0.00420875631043 0.00259109310656 0.0152908509831 0.0227539128399 0.169976277711 0.00293811713412 0.0333524028892 0.0239669044473 0.0174694612332 -0.00476137085934 -0.00710801551793 -0.0165971185434 0.00622351471244 0.00029197875606 0.00398023863254 0.0184551501016 0.0136599320205 -0.0132662394257 0.0213206272093 0.00219097977708 0.00932916817002 0.0563990184382 0.0120526966214 0.00325011682204 
0.0390850486797 0.0109847794175 0.0493892499584 -0.00627217238091 0.015300441576 0.0242064470501 0.0349687794736 -0.00511671512352 0.0434684695658 0.0369717194536 0.0229806870662 -5.24456125923e-05 -0.00886231907362 -0.0109570684845 0.00199232209814 0.0401199025502 0.0140462896602 0.000849768993634 -0.0144480242096 -0.00401011325506 0.015565256577 0.0299357379607 0.0154169402618 0.00427036293922 0.0323355146531 0.0252517967647 0.00354714308744 0.00892296446052 0.00747086516521 0.0141059465502 0.00293811713412 0.272900303193 -0.000680571491155 0.00250476897116 -0.00441378863724 0.00189693160329 0.0228979392436 0.0196527703726 0.0111453013817 0.00436850575488 0.0191579097866 0.00447507954002 0.0271914079699 0.0145258382205 0.0140771636005 0.0196238151688 0.033647925299 0.00932435680477 0.0161640087955 -0.0221243148314 
0.00901770228634 0.0571967992867 0.00849632950121 0.0238031640931 -0.00192652025264 -0.00248253088811 0.0210798765858 0.0036913355626 0.0354138333715 0.050413691082 0.0300833273919 0.00740725296043 -0.0177626115658 0.0423758657892 -0.015933905913 -0.00311122032309 0.00484509543292 0.00810992915715 0.00750045140947 0.0178224424144 0.0367905391848 0.00199667594168 0.0201843995476 0.0281137669551 0.0930232943342 0.0459155319758 0.113456328569 0.0011471662185 0.00741877966208 0.0128971620622 0.0333524028892 -0.000680571491155 0.715534672112 0.0192015056137 0.0137058372071 0.013287525464 0.024417398802 0.0133789807234 0.00976774426645 -0.00695542142659 0.0285593259761 0.0850781163636 0.0246637243686 0.00334110365364 0.000889444239022 0.0276232790055 0.0395207573101 0.00355409625955 -0.00150376906486 -0.0113683176799 
-0.0138568372609 0.0116263461214 0.00740208636776 0.00156408944265 0.00530872252981 0.0131638031565 0.040399503912 0.00762330396311 0.0323928525742 0.0148780371879 0.0117374409577 0.0177062281757 -0.0102563897641 0.00186768465267 -0.0293535318414 -0.00125804759046 0.000831194721102 0.00407460118988 0.0239045558279 0.0154897808588 0.00683713140518 0.0191198125321 0.0193428108386 -0.00196657305504 0.00998046626874 0.016433955318 0.0173273469539 0.0166845995404 0.00629567464918 0.0213491297423 0.0239669044473 0.00250476897116 0.0192015056137 0.221561020363 0.0165164734897 -0.0136900481649 0.00972201240973 0.00890444739972 0.0111898773336 0.0298938262882 0.0103146534028 0.00535312365176 0.0436901439341 0.0143418793739 0.0195390415644 0.0286754349413 0.00603911364906 0.0120677114299 0.0101933123709 0.0158817002434 
0.0214914297807 0.0260169534576 0.00809154465229 0.00214748268264 0.0017822934719 0.0202019535034 0.00967727619849 -0.0109747883326 0.0140957929778 0.00508764244337 -0.0101312874242 0.00355540105646 -0.00718733391226 0.0401097963361 -0.00786266077407 0.0076746315239 0.0205616791613 0.0130863448663 -2.7635350735e-05 -0.00546597970517 -0.00797273102159 -0.0083875153942 0.00760359218589 -0.0189661595031 -0.0111436481974 0.00799140208403 0.00295181235962 0.0135109837781 0.00771159060023 0.0265007305058 0.0174694612332 -0.00441378863724 0.0137058372071 0.0165164734897 0.233036049845 -0.0117810154063 0.00628120312435 0.0135829811971 0.0211566748251 -0.0100819156341 0.0354916637914 0.0593191995355 0.0340018152494 0.0484036775344 0.0179248190374 0.000534470367863 0.0125879177388 0.0469279625406 0.0166610580743 0.0128219081222 
-0.00536927689498 0.0258473660601 -0.0135949720511 -0.00118204035446 0.00144189078239 0.0602936004316 0.00112358511132 -0.00433525019053 0.0125112735553 0.012414956155 0.0305382726014 -0.0048182312098 -0.00283439472514 0.0334042202243 -0.022468355336 -0.0130836615662 0.00592597043071 0.0215420122079 0.000359800194902 0.00123713668982 -0.000642996259971 0.00107126148862 0.0177390875135 0.00393733496452 0.00108703495689 -0.00571942992836 0.00506722182429 0.0151754025846 -0.00116485840561 -0.00216579834215 -0.00476137085934 0.00189693160329 0.013287525464 -0.0136900481649 -0.0117810154063 0.366751213146 -0.00587306546934 -0.00491881133246 0.00893808411353 -0.0104418787072 0.00113022023241 -0.00703940966655 0.00525458964917 0.0115839056752 0.025705625828 0.0172687146663 0.0129758658834 0.00274306958771 0.0128185277465 -0.0222605331786 
0.0653607938871 -0.0176957659459 0.0210451442698 0.00656513971644 0.00938056365471 0.0157129450712 0.0279682350894 0.0103318356794 0.0173285352608 0.0228592224151 0.0133196223381 0.00403766064879 -0.00463873259995 0.0299958973662 0.0130788003119 0.0534551715955 0.0160079571281 0.0257535380683 0.0363376777401 0.00622653755342 0.00971876051073 0.0275676592418 -0.00533831527161 0.00988388518981 -0.029909060314 0.00440937884444 0.00514011400016 0.0224018710965 0.0168126060862 0.0395496385393 -0.00710801551793 0.0228979392436 0.024417398802 0.00972201240973 0.00628120312435 -0.00587306546934 0.219344148282 0.010515312972 0.0114475293027 0.0277629795107 0.0106766617954 0.0104796344632 0.0138619686919 0.0103392745935 0.00164828967168 0.0055096566778 0.000908362898459 0.00470751744232 0.0176284823393 0.00523477153489 
-0.00667800617554 -0.000687256803799 0.0191469224574 0.0168582909993 0.00221580510372 0.0237175856232 0.0266846777362 0.0311701834515 0.0255391175886 0.068097382133 0.0105683101816 -0.00343346803736 0.00214002176977 0.0562747559769 -0.00556816813753 0.0106074315631 0.0173067623954 0.0230638953843 0.0108715167237 0.0109676683615 0.0234045255278 0.0322106607719 0.0101433612484 0.0101430509585 0.0388428828553 -0.0241822151276 0.0220664185503 0.00698679625811 -0.000978461005267 0.000947137559586 -0.0165971185434 0.0196527703726 0.0133789807234 0.00890444739972 0.0135829811971 -0.00491881133246 0.010515312972 0.286552622986 0.00612394709466 0.0439591725967 -0.00585378281917 0.0399505624925 0.0115882583692 -0.0132290492986 0.0145827052415 0.0388410852291 0.0136553935961 -0.000666854900569 0.00624852384204 0.00286630500403 
0.0372200175901 -0.00977793039547 0.0244817725669 0.00636605080532 0.0127505754757 0.000398061297481 -0.0101054981217 -0.00143296137298 0.0292535457927 0.0180917567091 0.0190860794263 -0.0111473749323 0.00596286846825 0.00413610857932 0.000216715552989 -0.012641092699 0.0160349214682 -0.0146473659862 0.024881576119 -0.0101741034492 0.0371709319805 -0.00559272421594 0.00661774907188 0.00272536286474 -0.00085730604402 0.0185287865603 0.0197911257188 0.0173313219813 0.0181610168053 0.0192166091714 0.00622351471244 0.0111453013817 0.00976774426645 0.0111898773336 0.0211566748251 0.00893808411353 0.0114475293027 0.00612394709466 0.193925197124 0.00276617230367 0.0102114823941 0.00124788626792 -0.000400730037027 0.0191796262883 0.00687657429591 -0.00400091815534 0.000218684911971 0.0596393226346 0.0209044515593 0.0162132667781 
0.0114720175737 -0.0109378192555 0.00618494476116 0.0665184289765 0.0468088849999 0.0228679129447 0.00842526639273 0.0312148557151 0.00551423926994 0.03718807929 0.0332915062182 0.00760787875225 0.0156109646953 0.0343666198478 0.00262144477177 0.0404863304395 0.00798423831613 0.0191169638124 0.0232843400782 -0.00328203581429 -0.0123615834138 0.0622853328569 0.00894299953612 0.0117691168313 0.0300222394231 0.032870440369 0.0155282831093 -0.00945686367009 -0.00505289551994 0.0139285414636 0.00029197875606 0.00436850575488 -0.00695542142659 0.0298938262882 -0.0100819156341 -0.0104418787072 0.0277629795107 0.0439591725967 0.00276617230367 0.246592853244 0.0120420640379 0.0160549122562 0.00553197845584 0.00413432110088 0.00615685360442 0.0199227995918 0.0135294898423 0.0152347462252 0.00759392470676 0.0166196720539 
0.0284782193673 0.017812220521 0.0198570198837 0.00785104593003 0.016136628372 -0.00911082172028 0.0224685345442 0.0252834863655 0.0200054999176 0.0548227215831 0.00578686110484 0.0375245304672 0.00710495505608 -0.0128171419051 -0.0194137562111 0.0403220745346 0.0339036914399 0.0245334703897 0.0225159399641 0.00871600464624 0.0433429801231 0.0199365207501 -0.000894503310738 0.0115035889888 -0.0040793525932 0.0293636494532 0.0359533535699 0.031881691478 0.0152780073076 0.0107932831783 0.00398023863254 0.0191579097866 0.0285593259761 0.0103146534028 0.0354916637914 0.00113022023241 0.0106766617954 -0.00585378281917 0.0102114823941 0.0120420640379 0.198222005231 0.0176266539191 0.0505768707269 0.0233482372423 0.0175532927062 0.0450313093083 0.00289549701273 0.0078839045453 0.0160605671216 0.0269319851404 
0.0240687450089 0.0574147867393 0.0135778719432 0.0135438458546 0.0223301932382 0.0423942997791 -0.017944940693 0.0105593976548 0.013274077034 0.0310299389923 0.0848547678243 0.00487681749912 -0.0112738527038 0.0143898724567 -0.0285418471689 0.0185620770428 0.0100383910395 0.0247313955821 0.0443073400122 0.0119733499443 0.0480056223361 0.0275958486167 0.0408690698336 0.0350600383838 0.0626978443996 0.0165374942714 -0.00907310852724 -0.0042306774039 -0.000932722467894 0.00922950062178 0.0184551501016 0.00447507954002 0.0850781163636 0.00535312365176 0.0593191995355 -0.00703940966655 0.0104796344632 0.0399505624925 0.00124788626792 0.0160549122562 0.0176266539191 0.398682991881 0.0431372986489 0.0435462334908 0.0113943333858 0.0929132937402 0.0208084037126 -0.0154244488213 0.00981207414585 0.0143451281622 
0.0164374326534 0.0363356792185 0.0135475828672 -0.000309358452679 0.0171209431786 0.0319074642218 0.0301585272311 0.0315845916835 0.0229329097615 0.0192467481978 0.0496734887613 0.0421944810042 0.0164372355254 0.00719898246606 -0.0288149975501 -0.00336905685446 0.0310332048511 0.0374618647417 0.0260337098301 0.0055838959701 0.00960477206011 0.0294304610459 0.031216648196 0.043487145814 0.00474463931331 0.024967973363 0.0267564668316 0.0183808696329 0.0215777308959 0.00952627400842 0.0136599320205 0.0271914079699 0.0246637243686 0.0436901439341 0.0340018152494 0.00525458964917 0.0138619686919 0.0115882583692 -0.000400730037026 0.00553197845584 0.0505768707269 0.0431372986489 0.289857464842 0.0162083641978 0.00581878936055 0.0531222031131 -0.00653939721797 -0.00919181662685 0.011378748557 0.0320124632438 
-0.0039464938608 -0.00337408690222 -0.00193427100861 0.0232275466782 0.0110751333434 0.0375231270849 0.00165071766195 -0.00124028846149 -0.00092686478518 0.00220660683428 0.0424908335399 0.0333370065617 -0.00525264548776 -0.0339480211746 -0.0101863079404 -0.0127566839782 -0.0010232088547 -0.00182896408073 0.000849677183066 -0.00536185323757 0.00403940549374 0.00566252217836 -0.0139000309886 0.00790463331659 0.00499831182045 -0.00168228358351 -0.0300293948728 0.00766469917559 -0.00430551497889 0.00614204890366 -0.0132662394257 0.0145258382205 0.00334110365364 0.0143418793739 0.0484036775344 0.0115839056752 0.0103392745935 -0.0132290492986 0.0191796262883 0.00413432110088 0.0233482372423 0.0435462334908 0.0162083641978 0.339713139697 -0.00451237691971 0.0322000058644 0.0321938912012 0.0121028724903 0.000555662963259 0.00517444302766 
-0.00537974216699 0.0325987528383 0.0223643634945 0.00480490054245 0.0235241623506 0.00732136365443 0.017591553752 0.0174529142764 0.0127242686979 0.0100787826455 0.0155617963146 0.00185942707952 0.0129176044435 0.0200401909619 0.0104498802795 0.00359971250452 0.0352451617661 0.0242206174238 0.00897385859229 -0.00722540302908 0.0258417582998 0.00501889534433 0.00992530256083 0.0123751779409 -0.00497828318232 0.0382215208947 0.0128556249886 0.0193990151248 0.0218666684631 0.0125555981201 0.0213206272093 0.0140771636005 0.000889444239023 0.0195390415644 0.0179248190374 0.025705625828 0.00164828967168 0.0145827052415 0.00687657429591 0.00615685360442 0.0175532927062 0.0113943333858 0.00581878936055 -0.00451237691971 0.186302701216 0.0268640428994 0.0124564824585 0.0266817302435 0.0303763765941 0.020162505903 
0.0145068962449 0.0435025112979 0.0396769554911 0.00197135315927 0.00916123463948 0.0385126318966 0.0321737073363 0.0164905436818 0.0169021856871 0.0336377443796 0.0598082627852 0.0179767391229 0.0186424822945 -0.0125570600388 -0.0185148758732 0.00517989733725 0.0179438952937 0.0157595420479 0.0331692643065 0.00380713589337 0.00829835619477 0.0215080845827 0.0129866071081 0.0203355806565 -0.000646898629055 0.0307907798986 0.0223512828388 0.0328263794562 0.0246841392592 0.00836636888236 0.00219097977708 0.0196238151688 0.0276232790055 0.0286754349413 0.000534470367863 0.0172687146663 0.0055096566778 0.0388410852291 -0.00400091815534 0.0199227995918 0.0450313093083 0.0929132937402 0.0531222031131 0.0322000058644 0.0268640428994 0.321682983126 0.0134740479463 0.00518612290481 0.0333815146288 0.0442670962909 
0.00444750922409 -0.00920415619941 0.011114350763 0.0159953175822 0.00839929913064 0.0178735066188 0.0207532540705 0.0148646158132 0.0144418752923 0.0144022823671 0.00836973255073 0.0163043745316 -0.00465860567913 0.00812227502406 -0.024710668809 -0.0075403301907 0.00245212972008 -0.0197629748311 -0.0171197682513 -0.0128414306091 0.0134398474986 0.0230097995065 -0.000690691616626 0.00837215134377 0.00518542752083 0.0172505454695 0.00738961707421 -0.00374854034383 0.00160963165381 -0.00937715617206 0.00932916817002 0.033647925299 0.0395207573101 0.00603911364906 0.0125879177388 0.0129758658834 0.000908362898458 0.0136553935961 0.000218684911971 0.0135294898423 0.00289549701273 0.0208084037126 -0.00653939721797 0.0321938912012 0.0124564824585 0.0134740479463 0.216697092 0.00802603937569 0.0068946813922 -0.011115211981 
