30
0.035272852014 0.0430779984078 0.0621428512979 0.109959402945 0.0398839612709 0.0269248151276 0.0301615681032 0.0571686925308 0.0194782181544 0.0495038718221 -0.00660692339257 0.123331646141 0.0408230851415 0.0444525953717 0.0731585002716 0.0766259396051 0.0358419118375 0.133040507733 0.114977551813 -0.0142899737039 0.135547989167 0.0823962853659 0.0248803539628 0.151795006465 0.0623269012124 0.0649337142294 0.151477321577 0.0482129600444 0.0658076634161 0.0965978414643 
0.262578118992 0.0176699476756 0.0054870611186 0.000523537639522 0.0486111507114 0.00273356054751 0.0237609754938 0.0293364345661 0.0210884796712 0.0146293526535 0.00913056818798 0.0129103279704 0.00792607246325 0.010435774743 -0.0110534965908 0.0371488294838 0.00879287541171 0.0134920711953 0.0091705978285 0.0181579386704 0.0191664388202 0.038962272903 0.014117631434 0.00149373299311 0.0252526606095 0.0144231244225 0.00449364522299 0.00793336595544 0.00502382087133 0.0799572547538 
0.0176699476756 0.328098453191 0.0178718513438 0.0197977749824 0.0167979027245 -0.00859650751608 0.00216067669094 0.0209072820549 0.0212764802515 0.0101216603983 0.0192847883087 0.0970914270282 0.0136853261237 0.0151727321219 -0.00677091261669 0.0244662105134 0.00409719381086 -0.0223717882797 -0.00948435577388 0.00873391887427 0.00201332014371 -0.010145760359 0.0194704197987 0.00158862201846 0.0316667446861 0.0142793284212 0.011908541848 0.0296662266532 0.0225397209381 0.0273014335633 
0.0054870611186 0.0178718513438 0.174161506818 0.0497556510779 0.011080574892 0.0271729948478 0.0387542361188 0.0192362298592 0.0375539122442 0.0127413045814 0.0297919528908 0.0197953984992 0.0224079910578 0.0160698003771 0.0198981558976 0.0241811964775 0.0344186556813 0.0160780320857 0.0355281896804 0.003693383255 0.0401538173394 0.00883128969707 0.00692554731413 0.0283508842095 0.0333680389248 0.028734312108 0.028588173268 0.0147201658675 0.0183443049006 0.00868584431909 
0.000523537639523 0.0197977749824 0.0497556510779 0.403084458148 0.0157568923055 0.00197980097225 0.0325734909039 0.00383027962956 0.0313566882755 0.046749106187 0.0206767474204 0.0640697501204 0.046375154576 0.0172565938171 0.0401953288724 0.0532401742261 0.0139516675013 0.0372962835947 0.0117482031183 0.0379621983974 0.0596480179883 0.011709886477 0.0188877636498 0.0444299580571 0.0218664272757 0.0215734809672 0.0161854251555 0.00882590619079 0.0211134867407 0.0333462840872 
0.0486111507114 0.0167979027245 0.011080574892 0.0157568923055 0.135686948445 0.0167888464678 0.0287863681299 0.0138637375748 0.0129051167005 -0.0124776328224 0.0029846067026 0.00113537755877 0.00776597877342 0.00197605003219 -5.61913331351e-05 0.0242260086254 0.0121029333515 0.000967088358304 -0.000769827811302 0.00430938776032 0.0020395667138 0.00281391123041 0.0147558272466 0.00664880649975 0.0134056020654 0.0084419667539 0.0088673508252 0.00948799417711 0.00668876529231 0.0220651016911 
0.00273356054751 -0.00859650751608 0.0271729948478 0.00197980097225 0.0167888464678 0.206063264659 0.0190641319462 -0.00470706401381 0.0130336501805 0.0148975972356 -0.0173354590936 0.00789625257159 0.00462327067983 0.0580826125794 0.0157726779715 0.00987775384326 0.00380892936957 0.061612607437 0.0269336891399 0.0180399251603 -0.011935249654 -0.00365606487598 0.0133057283754 0.0608103659743 0.0189713234238 0.0259784745646 0.0294982824164 -0.00884389778866 0.00615202688763 0.0312290501335 
0.0237609754938 0.00216067669094 0.0387542361188 0.0325734909039 0.0287863681299 0.0190641319462 0.223946326686 -0.000303059874314 0.0401328319735 0.0044496634352 0.036508433379 0.0488877186286 0.0167548433438 0.00994117750238 0.011738919079 0.0142000543545 0.014202260063 0.0275791450693 0.0441734345689 0.0175633089117 0.0122608348313 0.0123139834346 0.0146061386388 0.0260091930589 0.0228434843433 0.026463554338 0.0207079481333 0.0226870971515 0.00992337708373 0.0399457447825 
0.0293364345661 0.0209072820549 0.0192362298592 0.00383027962956 0.0138637375748 -0.00470706401381 -0.000303059874314 0.373728663169 0.0270293838744 0.0101666159563 0.026068011016 0.0500528009854 0.0194744338137 0.0130879313941 0.00687347159743 0.0391424679908 0.0306917735555 0.00665978615361 0.0208564480607 0.00440971962027 -0.00241247968473 0.00415921287514 0.0082008110019 -0.0135036304822 0.0318185664416 0.0251030813397 0.0154286144881 0.0186872608616 0.0230523194973 0.0123760160236 
0.0210884796712 0.0212764802515 0.0375539122442 0.0313566882755 0.0129051167005 0.0130336501805 0.0401328319735 0.0270293838744 0.175325890697 -0.00238344923802 0.0329508644689 0.0362266923861 0.0232891022119 0.0282969808482 0.020322134657 0.0428809084438 0.0152509742345 0.00570728051102 0.0153199155447 0.0198498080955 0.00345076890336 0.0123021615917 0.0120672186025 0.0188657491767 0.0415832108725 0.0242002196851 0.0163042097239 0.0172107165203 0.0322534691094 0.0196961210857 
0.0146293526535 0.0101216603983 0.0127413045814 0.046749106187 -0.0124776328224 0.0148975972356 0.0044496634352 0.0101666159563 -0.00238344923802 0.318413708225 0.000923884540522 0.015999723411 0.0109423431497 -0.00386917526834 0.0452453231004 0.0282329672134 0.0394648863834 -0.00979780235685 0.00117678550962 0.00242503457713 0.0389366391785 0.069651347447 0.00594380393827 0.000423078000088 0.0237730529721 0.00239554808288 -0.00985642659019 0.0251095558655 -0.0148079271718 -0.0087883183752 
0.00913056818798 0.0192847883087 0.0297919528908 0.0206767474204 0.0029846067026 -0.0173354590936 0.036508433379 0.026068011016 0.0329508644689 0.000923884540522 0.177447300212 0.0311692280283 0.0226567384401 0.00511875251593 0.0189123677268 0.0128547639552 0.0364448385031 -0.00168955583487 0.0311039609367 0.00811492480776 0.0073194531018 0.00530485890885 0.0184510451382 0.00735569795517 0.0283669162938 0.0190141217799 0.0415660095501 0.0195754232384 0.00983522447549 0.0179255983603 
0.0129103279704 0.0970914270282 0.0197953984992 0.0640697501204 0.00113537755877 0.00789625257159 0.0488877186286 0.0500528009854 0.0362266923861 0.015999723411 0.0311692280283 0.455738922461 0.0351990123909 0.00485442676374 0.00990701574658 0.0481641216877 0.00187046238445 0.0242827698036 -0.00285091870596 0.0200111972831 0.0293607874893 0.00682037013207 0.0303764259875 0.0169605145295 0.0278952401336 0.0334062996686 -0.0228048660491 0.0269283539606 0.0284276184886 0.0357840731311 
0.00792607246325 0.0136853261237 0.0224079910578 0.046375154576 0.00776597877342 0.00462327067983 0.0167548433438 0.0194744338137 0.0232891022119 0.0109423431497 0.0226567384401 0.0351990123909 0.211696473566 0.00450747267513 0.00540921787804 0.0393351230761 0.0183660344127 0.00912964605245 0.0084440945107 0.00791218622754 0.00260341928842 0.00572283854568 0.00488376073479 0.0177104737737 0.039411072486 0.0239726481736 0.00592426979256 0.0218859965033 -0.0074254096518 0.0208803952452 
0.010435774743 0.0151727321219 0.0160698003771 0.0172565938171 0.00197605003219 0.0580826125794 0.00994117750238 0.0130879313941 0.0282969808482 -0.00386917526834 0.00511875251593 0.00485442676374 0.00450747267513 0.215014732896 0.0161121488726 0.0155093562336 0.00885273930292 0.0996709696495 0.00409429058698 0.0112276615986 -0.00546937621061 0.0170275406092 0.0238120706107 0.14455871231 0.029981672614 0.0471431831813 0.0458764381769 0.00686153929568 0.00560278026069 -0.00275365620614 
-0.0110534965908 -0.00677091261669 0.0198981558976 0.0401953288724 -5.6191333135e-05 0.0157726779715 0.011738919079 0.00687347159743 0.020322134657 0.0452453231004 0.0189123677268 0.00990701574658 0.00540921787804 0.0161121488726 0.34269586472 0.000140376615912 0.0127699844523 0.00669149028224 0.0124437976645 0.022899337933 -0.0168599753993 0.0448961457879 0.0270577605753 -0.00263537712016 0.0207751038922 0.0232569904272 0.00852387441847 -0.0089748082624 -0.00269711971238 0.00194468911346 
0.0371488294838 0.0244662105134 0.0241811964775 0.0532401742261 0.0242260086254 0.00987775384326 0.0142000543545 0.0391424679908 0.0428809084438 0.0282329672134 0.0128547639552 0.0481641216877 0.0393351230761 0.0155093562336 0.000140376615912 0.254441086883 0.0146338815911 0.00798865255798 0.0292194593663 0.0338991607838 0.00613227149647 0.00630118186674 0.0107725549524 0.0204977531209 0.0330707241093 0.0313367694396 -0.000730987099257 0.013113829696 0.0357068843198 0.00788483177274 
0.00879287541171 0.00409719381086 0.0344186556813 0.0139516675013 0.0121029333515 0.00380892936957 0.014202260063 0.0306917735555 0.0152509742345 0.0394648863834 0.0364448385031 0.00187046238445 0.0183660344127 0.00885273930292 0.0127699844523 0.0146338815911 0.210949829427 0.027202620172 0.0110569764733 0.000470592701118 0.0265299346932 0.0233559830947 0.0189731159348 0.00849183206048 0.0164899795658 0.0356567683605 0.0543170243533 0.0320125135757 0.0146012702485 0.0191645859363 
0.0134920711953 -0.0223717882797 0.0160780320857 0.0372962835947 0.000967088358304 0.061612607437 0.0275791450693 0.00665978615361 0.00570728051102 -0.00979780235685 -0.00168955583487 0.0242827698036 0.00912964605245 0.0996709696495 0.00669149028224 0.00798865255798 0.027202620172 0.449886688715 -0.000306249094813 -0.00641723385877 -0.0301570528669 -0.0179535778168 -0.0155388390842 0.187656098562 0.0235182536897 0.0273094842739 0.0977208215787 0.0304163890693 -0.00276871539385 -0.0167818612485 
0.0091705978285 -0.00948435577388 0.0355281896804 0.0117482031183 -0.000769827811302 0.0269336891399 0.0441734345689 0.0208564480607 0.0153199155447 0.00117678550962 0.0311039609367 -0.00285091870596 0.0084440945107 0.00409429058698 0.0124437976645 0.0292194593663 0.0110569764733 -0.000306249094813 0.615268116484 0.00784317414394 -0.00538035681733 -0.00842514696116 0.00639760977592 0.020367303704 -0.00419583401046 0.0252428361384 0.0460252874249 0.0155666797289 -0.00715952882332 0.00986874159558 
0.0181579386704 0.00873391887427 0.003693383255 0.0379621983974 0.00430938776032 0.0180399251603 0.0175633089117 0.00440971962027 0.0198498080955 0.00242503457713 0.00811492480776 0.0200111972831 0.00791218622754 0.0112276615986 0.022899337933 0.0338991607838 0.000470592701118 -0.00641723385877 0.00784317414394 0.191388974402 -0.00489104695625 0.023347541619 0.0185503535857 0.00168729176057 0.0171154785255 0.0251456079445 0.0055757323404 0.0146783680724 0.0119400652272 0.0286488864707 
0.0191664388202 0.00201332014371 0.0401538173394 0.0596480179883 0.0020395667138 -0.011935249654 0.0122608348313 -0.00241247968473 0.00345076890336 0.0389366391785 0.0073194531018 0.0293607874893 0.00260341928842 -0.00546937621061 -0.0168599753993 0.00613227149647 0.0265299346932 -0.0301570528669 -0.00538035681733 -0.00489104695625 0.484553300066 0.104508459519 0.00210241538931 0.00663560064768 0.00504888364258 0.0112298996944 0.00493376283527 -0.00337075876876 -0.00129049961417 0.0499386583108 
0.038962272903 -0.010145760359 0.00883128969707 0.011709886477 0.00281391123041 -0.00365606487598 0.0123139834346 0.00415921287514 0.0123021615917 0.069651347447 0.00530485890885 0.00682037013207 0.00572283854568 0.0170275406092 0.0448961457879 0.00630118186674 0.0233559830947 -0.0179535778168 -0.00842514696116 0.023347541619 0.104508459519 0.32292493171 0.0188502351744 0.0124975199574 0.0172341083377 0.0209366899262 0.0109097701285 0.00804485255114 0.00183430714949 0.0112797636401 
0.014117631434 0.0194704197987 0.00692554731413 0.0188877636498 0.0147558272466 0.0133057283754 0.0146061386388 0.0082008110019 0.0120672186025 0.00594380393827 0.0184510451382 0.0303764259875 0.00488376073479 0.0238120706107 0.0270577605753 0.0107725549524 0.0189731159348 -0.0155388390842 0.00639760977592 0.0185503535857 0.00210241538931 0.0188502351744 0.247785701268 0.0249953478416 0.0140816640906 0.0406354910053 0.052631817392 0.0089037635652 0.0256364778319 0.0448528426525 
0.00149373299311 0.00158862201846 0.0283508842095 0.0444299580571 0.00664880649975 0.0608103659743 0.0260091930589 -0.0135036304822 0.0188657491767 0.000423078000088 0.00735569795517 0.0169605145295 0.0177104737737 0.14455871231 -0.00263537712016 0.0204977531209 0.00849183206048 0.187656098562 0.020367303704 0.00168729176057 0.00663560064768 0.0124975199574 0.0249953478416 0.445707424527 0.0367228015372 0.0487459340209 0.0834321282474 0.0365202521912 -0.0047402498576 0.00500069140439 
0.0252526606095 0.0316667446861 0.0333680389248 0.0218664272757 0.0134056020654 0.0189713234238 0.0228434843433 0.0318185664416 0.0415832108725 0.0237730529721 0.0283669162938 0.0278952401336 0.039411072486 0.029981672614 0.0207751038922 0.0330707241093 0.0164899795658 0.0235182536897 -0.00419583401046 0.0171154785255 0.00504888364258 0.0172341083377 0.0140816640906 0.0367228015372 0.264126568605 0.031842240731 0.0342895108374 0.0284131470935 0.0203522059539 0.0229513427958 
0.0144231244225 0.0142793284212 0.028734312108 0.0215734809672 0.0084419667539 0.0259784745646 0.026463554338 0.0251030813397 0.0242002196851 0.00239554808288 0.0190141217799 0.0334062996686 0.0239726481736 0.0471431831813 0.0232569904272 0.0313367694396 0.0356567683605 0.0273094842739 0.0252428361384 0.0251456079445 0.0112298996944 0.0209366899262 0.0406354910053 0.0487459340209 0.031842240731 0.188403180548 0.0499011338957 0.0219014381585 0.0221913209074 0.01647250592 
0.00449364522299 0.011908541848 0.028588173268 0.0161854251555 0.0088673508252 0.0294982824164 0.0207079481333 0.0154286144881 0.0163042097239 -0.00985642659019 0.0415660095501 -0.0228048660491 0.00592426979256 0.0458764381769 0.00852387441847 -0.000730987099257 0.0543170243533 0.0977208215787 0.0460252874249 0.0055757323404 0.00493376283528 0.0109097701285 0.052631817392 0.0834321282474 0.0342895108374 0.0499011338957 0.560070280862 0.037514914694 0.0149616184732 0.0320589075778 
0.00793336595544 0.0296662266532 0.0147201658675 0.00882590619079 0.00948799417711 -0.00884389778866 0.0226870971515 0.0186872608616 0.0172107165203 0.0251095558655 0.0195754232384 0.0269283539606 0.0218859965033 0.00686153929568 -0.0089748082624 0.013113829696 0.0320125135757 0.0304163890693 0.0155666797289 0.0146783680724 -0.00337075876876 0.00804485255114 0.0089037635652 0.0365202521912 0.0284131470935 0.0219014381585 0.037514914694 0.285448457061 -0.000269904448799 0.0440694607416 
0.00502382087133 0.0225397209381 0.0183443049006 0.0211134867407 0.00668876529231 0.00615202688763 0.00992337708373 0.0230523194973 0.0322534691094 -0.0148079271718 0.00983522447549 0.0284276184886 -0.0074254096518 0.00560278026069 -0.00269711971238 0.0357068843198 0.0146012702485 -0.00276871539385 -0.00715952882332 0.0119400652272 -0.00129049961417 0.00183430714949 0.0256364778319 -0.0047402498576 0.0203522059539 0.0221913209074 0.0149616184732 -0.000269904448799 0.256676727155 0.00152631546743 
0.0799572547538 0.0273014335633 0.00868584431909 0.0333462840872 0.0220651016911 0.0312290501335 0.0399457447825 0.0123760160236 0.0196961210857 -0.0087883183752 0.0179255983603 0.0357840731311 0.0208803952452 -0.00275365620614 0.00194468911346 0.00788483177274 0.0191645859363 -0.0167818612485 0.00986874159558 0.0286488864707 0.0499386583108 0.0112797636401 0.0448528426525 0.00500069140439 0.0229513427958 0.01647250592 0.0320589075778 0.0440694607416 0.00152631546743 0.439842998238 
0.0227399321525 0.00153026235706 0.000475193432083 4.53396895664e-05 0.00420984914233 0.000236733287692 0.00205776083963 0.00254060975907 0.00182631591225 0.00126693910388 0.000790730400178 0.00111806719936 0.000686418010541 0.00090376460356 -0.000957260884826 0.00321718300538 0.000761485347885 0.00116844764048 0.000794197068737 0.00157252361689 0.00165986229184 0.00337423181232 0.00122262274631 0.000129361071851 0.0021869445601 0.00124907921518 0.00038916109187 0.000687049645493 0.000435075649863 0.00692450138337 
0.00153026235706 0.0284141595406 0.00154774772764 0.00171453760732 0.00145474104897 -0.000744479389275 0.000187120090371 0.00181062373836 0.00184259724009 0.000876561503337 0.00167011165819 0.00840836422961 0.00118518400822 0.00131399714624 -0.000586378233286 0.0021188359839 0.000354827392444 -0.00193745369783 -0.000821369303871 0.000756379561971 0.00017435863904 -0.00087864862116 0.0016861878168 0.0001375787025 0.00274242053533 0.00123662611617 0.00103130997624 0.00256917059161 0.00195199709266 0.00236437350256 
0.000475193432083 0.00154774772764 0.0150828289266 0.00430896578153 0.000959605934502 0.00235325038351 0.00335621529831 0.00166590637311 0.0032522642015 0.00110342934448 0.00258005880318 0.00171433179783 0.00194058895038 0.00139168553603 0.00172323084958 0.00209415304434 0.00298074301841 0.00139239842291 0.00307683148137 0.000319856372474 0.00347742258748 0.000764812122584 0.000599769990915 0.00245525859452 0.00288975693833 0.00248846442458 0.00247580842979 0.00127480375892 0.00158866340587 0.000752216183365 
4.53396895664e-05 0.00171453760732 0.00430896578153 0.0349081380627 0.00136458690213 0.000171455793641 0.00282094706127 0.00033171194628 0.00271556886251 0.00404859135622 0.00179065885337 0.00554860312184 0.00401620619673 0.00149446486284 0.0034810175917 0.00461073433817 0.00120824984812 0.00322995290597 0.00101742423492 0.00328762281956 0.00516566988633 0.00101410591645 0.00163572831414 0.00384774723665 0.00189368815107 0.00186831825657 0.00140169893557 0.000764345897264 0.00182848158799 0.00288787291413 
0.00420984914233 0.00145474104897 0.000959605934502 0.00136458690213 0.0117508344315 0.00145395675414 0.00249297260832 0.00120063489311 0.00111761589014 -0.00108059470033 0.000258474522476 9.83265808779e-05 0.000672553490303 0.000171130952703 -4.86631219675e-06 0.00209803389019 0.00104814477427 8.37523085995e-05 -6.66690441127e-05 0.00037320392752 0.000176631658687 0.000243691860953 0.00127789212494 0.000575803533363 0.00116095919417 0.000731095766678 0.000767935107889 0.000821684398834 0.00057926406631 0.00191089386016 
0.000236733287692 -0.000744479389275 0.00235325038351 0.000171455793641 0.00145395675414 0.0178456021981 0.00165100225665 -0.00040764370132 0.00112874721604 0.00129016976614 -0.00150129479613 0.000683835532169 0.00040038698573 0.00503010180119 0.00136595398091 0.000855438576059 0.000329862959527 0.00533580832339 0.00233252590128 0.00156230334712 -0.00103362294009 -0.000316624506048 0.0011523098789 0.00526633217472 0.00164296480285 0.00224980189245 0.00255462619406 -0.000765904015345 0.000532781156946 0.00270451507516 
0.00205776083963 0.000187120090371 0.00335621529831 0.00282094706127 0.00249297260832 0.00165100225665 0.0193943207994 -2.62457550023e-05 0.00347560520149 0.000385352157317 0.00316172307586 0.00423380062655 0.00145101199722 0.000860931226059 0.00101662021354 0.00122976078061 0.00122995180057 0.00238842402447 0.00382553165091 0.00152102716921 0.00106181944355 0.00106642224762 0.00126492871124 0.00225246219209 0.00197830377523 0.00229181103311 0.00179336091437 0.00196476024713 0.000859389664585 0.00345940297547 
0.00254060975907 0.00181062373836 0.00166590637311 0.00033171194628 0.00120063489311 -0.00040764370132 -2.62457550023e-05 0.0323658516427 0.00234081330838 0.000880454768871 0.0022575559766 0.00433469971839 0.0016865354407 0.00113344810703 0.000595260101556 0.00338983716468 0.00265798555863 0.00057675439928 0.00180622138533 0.000381892921472 -0.000208926869309 0.000360198400962 0.000710211065928 -0.00116944870409 0.00275556868504 0.00217399061534 0.00133615720919 0.00161836426333 0.00199638943008 0.00107179442741 
0.00182631591225 0.00184259724009 0.0032522642015 0.00271556886251 0.00111761589014 0.00112874721604 0.00347560520149 0.00234081330838 0.0151836675284 -0.000206412758875 0.00285362857067 0.00313732359015 0.00201689541468 0.0024505904265 0.00175994848721 0.00371359560497 0.00132077311196 0.000494264990907 0.00132674360455 0.0017190438071 0.00029884535329 0.00106539844598 0.00104505178628 0.00163382180484 0.00360121169865 0.00209580050245 0.00141198598095 0.00149049177239 0.00279323236089 0.00170573412162 
0.00126693910388 0.000876561503337 0.00110342934448 0.00404859135622 -0.00108059470033 0.00129016976614 0.000385352157317 0.000880454768871 -0.000206412758875 0.0275754360236 8.00107482256e-05 0.00138561669275 0.00094763471446 -0.000335080407408 0.00391835992074 0.0024450466831 0.00341775941655 -0.000848514574229 0.000101912614614 0.000210014154885 0.00337201186665 0.00603198362969 0.000514748520566 3.66396295859e-05 0.00205880677993 0.000207460549576 -0.000853591581764 0.00217455132573 -0.00128240411081 -0.000761090696947 
0.000790730400178 0.00167011165819 0.00258005880318 0.00179065885337 0.000258474522476 -0.00150129479613 0.00316172307586 0.0022575559766 0.00285362857067 8.00107482256e-05 0.0153673869816 0.00269933432889 0.00196213110561 0.000443296971448 0.00163785908971 0.00111325521448 0.00315621559805 -0.000146319827411 0.00269368203295 0.000702773103332 0.000633883232797 0.000459414257855 0.0015979073816 0.000637022129174 0.00245664701374 0.0016466712492 0.00359972202043 0.00169528138142 0.00085175542477 0.00155240235581 
0.00111806719936 0.00840836422961 0.00171433179783 0.00554860312184 9.83265808779e-05 0.000683835532169 0.00423380062655 0.00433469971839 0.00313732359015 0.00138561669275 0.00269933432889 0.0394681484345 0.00304832389187 0.000420405689821 0.000857972731223 0.00417113529325 0.000161986794175 0.00210294955242 -0.000246896802349 0.00173302052073 0.00254271878408 0.000590661379759 0.00263067565814 0.00146882364438 0.00241579866004 0.00289307041594 -0.00197495933285 0.00233206386119 0.00246190397802 0.00309899163824 
0.000686418010541 0.00118518400822 0.00194058895038 0.00401620619673 0.000672553490303 0.00040038698573 0.00145101199722 0.00168653544069 0.00201689541468 0.00094763471446 0.00196213110561 0.00304832389187 0.0183334524 0.000390358584352 0.000468452009699 0.00340652158449 0.00159054523682 0.000790650540898 0.000731280035823 0.000685215427252 0.000225462724048 0.000495612356232 0.000422946086234 0.00153377202011 0.00341309899632 0.00207609223143 0.000513056813923 0.0018953828959 -0.000643059339196 0.00180829527234 
0.00090376460356 0.00131399714624 0.00139168553603 0.00149446486284 0.000171130952703 0.00503010180119 0.000860931226059 0.00113344810703 0.0024505904265 -0.000335080407408 0.000443296971448 0.000420405689821 0.000390358584352 0.0186208220876 0.00139535302332 0.00134314964946 0.000766669712941 0.00863175917363 0.00035457596588 0.000972344016947 -0.000473661874124 0.00147462827316 0.00206218580656 0.0125191517199 0.00259648901316 0.00408271942502 0.00397301608963 0.000594226733913 0.000485215003758 -0.000238473622781 
-0.000957260884826 -0.000586378233286 0.00172323084958 0.0034810175917 -4.86631219674e-06 0.00136595398091 0.00101662021354 0.000595260101556 0.00175994848721 0.00391835992074 0.00163785908971 0.000857972731223 0.000468452009699 0.00139535302332 0.0296783324619 1.21569715477e-05 0.00110591309416 0.000579500057359 0.0010776644897 0.00198314083798 -0.0014601167003 0.00388812027843 0.00234327080277 -0.000228230353461 0.00179917677369 0.00201411445255 0.000738189178506 -0.000777241194933 -0.000233577418797 0.000168415017472 
0.00321718300538 0.0021188359839 0.00209415304434 0.00461073433817 0.00209803389019 0.000855438576059 0.00122976078061 0.00338983716468 0.00371359560497 0.0024450466831 0.00111325521448 0.00417113529325 0.00340652158449 0.00134314964946 1.21569715477e-05 0.0220352445008 0.00126733132139 0.000691837605722 0.00253047940961 0.00293575344058 0.000531070289885 0.000545698357046 0.000932930625248 0.00177515749232 0.00286400872002 0.00271384384072 -6.33053397795e-05 0.00113569096576 0.0030923068911 0.000682846461976 
0.000761485347885 0.000354827392444 0.00298074301841 0.00120824984812 0.00104814477427 0.000329862959527 0.00122995180057 0.00265798555863 0.00132077311196 0.00341775941655 0.00315621559805 0.000161986794175 0.00159054523682 0.000766669712941 0.00110591309416 0.00126733132139 0.0182687911207 0.00235581601184 0.000957562251493 4.07545234004e-05 0.00229755974051 0.00202268746904 0.00164312003885 0.000735414228905 0.00142807412119 0.0030879667217 0.00470399229479 0.00277236499956 0.00126450709627 0.00165970182738 
0.00116844764048 -0.00193745369783 0.00139239842291 0.00322995290597 8.37523085995e-05 0.00533580832339 0.00238842402447 0.00057675439928 0.000494264990907 -0.000848514574229 -0.000146319827411 0.00210294955242 0.000790650540898 0.00863175917363 0.000579500057359 0.000691837605722 0.00235581601184 0.0389613301251 -2.65219495994e-05 -0.000555748754372 -0.0026116773886 -0.00155482544782 -0.00134570293923 0.016251494853 0.0020367405148 0.00236507071455 0.00846287139658 0.00263413656254 -0.000239777786692 -0.0014533518164 
0.000794197068737 -0.000821369303871 0.00307683148137 0.00101742423492 -6.66690441127e-05 0.00233252590128 0.00382553165091 0.00180622138533 0.00132674360455 0.000101912614614 0.00269368203295 -0.000246896802349 0.000731280035823 0.00035457596588 0.0010776644897 0.00253047940961 0.000957562251493 -2.65219495994e-05 0.0532837819014 0.000679238805496 -0.000465952568523 -0.000729639129898 0.000554049258945 0.00176386024143 -0.000363369884312 0.00218609373594 0.00398590681265 0.00134811400978 -0.000620033384013 0.000854658092515 
0.00157252361689 0.000756379561971 0.000319856372474 0.00328762281956 0.00037320392752 0.00156230334712 0.00152102716921 0.000381892921472 0.0017190438071 0.000210014154885 0.000702773103332 0.00173302052073 0.000685215427252 0.000972344016947 0.00198314083798 0.00293575344058 4.07545234004e-05 -0.000555748754372 0.000679238805496 0.0165747713837 -0.000423577091521 0.0020219564158 0.00160650774544 0.000146123752825 0.0014822439201 0.00217767352735 0.000482872585149 0.00127118396368 0.00103403998096 0.00248106634738 
0.00165986229184 0.00017435863904 0.00347742258748 0.00516566988633 0.000176631658687 -0.00103362294009 0.00106181944355 -0.000208926869309 0.00029884535329 0.00337201186665 0.000633883232797 0.00254271878408 0.000225462724048 -0.000473661874124 -0.0014601167003 0.000531070289885 0.00229755974051 -0.0026116773886 -0.000465952568523 -0.000423577091521 0.0419635467345 0.00905069808536 0.000182074513645 0.000574659873026 0.000437246149523 0.000972537841726 0.00042727639516 -0.000291916272377 -0.000111760544944 0.00432481467281 
0.00337423181232 -0.00087864862116 0.000764812122584 0.00101410591645 0.000243691860953 -0.000316624506048 0.00106642224762 0.000360198400962 0.00106539844598 0.00603198362969 0.000459414257855 0.000590661379759 0.000495612356232 0.00147462827316 0.00388812027843 0.000545698357046 0.00202268746904 -0.00155482544782 -0.000729639129898 0.0020219564158 0.00905069808536 0.0279661194377 0.00163247825284 0.00108231697674 0.0014925175632 0.00181317053472 0.000944813808069 0.000696704667899 0.00015885565898 0.000976856186099 
0.00122262274631 0.0016861878168 0.000599769990915 0.00163572831414 0.00127789212494 0.0011523098789 0.00126492871124 0.000710211065928 0.00104505178628 0.000514748520566 0.0015979073816 0.00263067565814 0.000422946086234 0.00206218580656 0.00234327080277 0.000932930625248 0.00164312003885 -0.00134570293923 0.000554049258945 0.00160650774544 0.000182074513645 0.00163247825284 0.0214588711993 0.00216466062072 0.001219507883 0.00351913675058 0.00455804909088 0.000771088543675 0.0022201841066 0.00388437011691 
0.000129361071851 0.0001375787025 0.00245525859452 0.00384774723665 0.000575803533363 0.00526633217472 0.00225246219209 -0.00116944870409 0.00163382180484 3.66396295859e-05 0.000637022129174 0.00146882364438 0.00153377202011 0.0125191517199 -0.000228230353461 0.00177515749232 0.000735414228905 0.016251494853 0.00176386024143 0.000146123752825 0.000574659873026 0.00108231697674 0.00216466062072 0.0385993952296 0.00318028790294 0.00422152171933 0.0072254342554 0.00316274661502 -0.000410517679696 0.000433072579269 
0.0021869445601 0.00274242053533 0.00288975693833 0.00189368815107 0.00116095919417 0.00164296480285 0.00197830377523 0.00275556868504 0.00360121169865 0.00205880677993 0.00245664701374 0.00241579866004 0.00341309899632 0.00259648901316 0.00179917677369 0.00286400872002 0.00142807412119 0.0020367405148 -0.000363369884312 0.0014822439201 0.000437246149523 0.0014925175632 0.001219507883 0.00318028790294 0.0228740318226 0.00275761893865 0.00296955874686 0.00246065071844 0.00176255273791 0.00198764459121 
0.00124907921518 0.00123662611617 0.00248846442458 0.00186831825657 0.000731095766678 0.00224980189245 0.00229181103311 0.00217399061534 0.00209580050245 0.000207460549576 0.0016466712492 0.00289307041594 0.00207609223143 0.00408271942502 0.00201411445255 0.00271384384072 0.0030879667217 0.00236507071455 0.00218609373594 0.00217767352735 0.000972537841726 0.00181317053472 0.00351913675058 0.00422152171933 0.00275761893865 0.0163161940509 0.00432156496313 0.00189672018247 0.00192182476493 0.00142656085907 
0.00038916109187 0.00103130997624 0.00247580842979 0.00140169893557 0.000767935107889 0.00255462619406 0.00179336091437 0.00133615720919 0.00141198598095 -0.000853591581764 0.00359972202043 -0.00197495933285 0.000513056813923 0.00397301608963 0.000738189178506 -6.33053397795e-05 0.00470399229479 0.00846287139658 0.00398590681265 0.000482872585149 0.00042727639516 0.00094481380807 0.00455804909088 0.0072254342554 0.00296955874686 0.00432156496313 0.0485035091131 0.00324888691458 0.00129571416795 0.002776382838 
0.000687049645493 0.00256917059161 0.00127480375892 0.000764345897264 0.000821684398834 -0.000765904015345 0.00196476024713 0.00161836426333 0.00149049177239 0.00217455132573 0.00169528138142 0.00233206386119 0.0018953828959 0.000594226733913 -0.000777241194933 0.00113569096576 0.00277236499956 0.00263413656254 0.00134811400978 0.00127118396368 -0.000291916272377 0.000696704667899 0.000771088543675 0.00316274661502 0.00246065071844 0.00189672018247 0.00324888691458 0.0247205615286 -2.33744109255e-05 0.00381652725333 
0.000435075649863 0.00195199709266 0.00158866340587 0.00182848158799 0.00057926406631 0.000532781156946 0.000859389664585 0.00199638943008 0.00279323236089 -0.00128240411081 0.00085175542477 0.00246190397802 -0.000643059339196 0.000485215003758 -0.000233577418797 0.0030923068911 0.00126450709627 -0.000239777786692 -0.000620033384013 0.00103403998096 -0.000111760544944 0.00015885565898 0.0022201841066 -0.000410517679696 0.00176255273791 0.00192182476493 0.00129571416795 -2.33744109255e-05 0.0222288566276 0.000132182796898 
0.00692450138337 0.00236437350256 0.000752216183365 0.00288787291413 0.00191089386016 0.00270451507516 0.00345940297547 0.00107179442741 0.00170573412162 -0.000761090696947 0.00155240235581 0.00309899163824 0.00180829527234 -0.000238473622781 0.000168415017472 0.000682846461976 0.00165970182738 -0.0014533518164 0.000854658092515 0.00248106634738 0.00432481467281 0.000976856186099 0.00388437011691 0.000433072579269 0.00198764459121 0.00142656085907 0.002776382838 0.00381652725333 0.000132182796898 0.0380915210151 

['BA', 'YUM', 'MER', 'EBAY', 'K', 'D', 'EOP', 'WHR', 'STI', 'DIS', 'PPG', 'JWN', 'UPS', 'XOM', 'STJ', 'WAG', 'APD', 'XTO', 'ADM', 'CCU', 'NVLS', 'AMAT', 'GCI', 'MRO', 'AXP', 'DOV', 'PD', 'BMS', 'WYE', 'HPC']