40
0.0150252709272 0.148588071013 0.201678989994 0.0636277148901 0.0315088302779 0.0907505897935 0.16701162673 0.0521298167044 0.00851722536111 0.0243185800675 0.0905831054983 0.0088766616328 0.087070388143 0.0256858872149 0.0826231173305 0.0658076634161 0.0506400072768 0.0347685991573 0.0917148498368 0.0946597506959 0.0121413644826 0.256023639664 0.0861150338972 -0.00773505516991 0.10643743266 0.161692830297 0.151795006465 0.0705908558691 0.234257183995 0.0450347688147 0.0558285331973 0.0413413845105 0.168192385625 0.0372282541949 0.099400173405 0.12260521459 0.0573021249509 0.0275413533974 0.0598638009539 -0.0148687542544 
0.176932417551 0.0424006515844 0.0208492563458 0.00690631280094 0.0298729472965 0.0393638296635 0.0215010419535 0.0327040083887 0.0162353119457 -0.00669991064921 0.0378872574084 0.0123637322425 0.0101831368041 0.0210939324075 0.0146562361956 0.00799413093264 0.0337446270263 -0.00328863221637 0.0162454606356 0.0259180678283 0.0115797353682 0.0232297331026 0.0153725304844 0.01801188583 -0.00478751543053 0.0249793221332 -0.00619577211921 0.0129671474212 0.0343425311739 0.0212732194852 0.0160503950866 0.0129269638685 -0.000507988423162 0.0235513633819 0.0148628393687 0.0270765534436 0.0277191242023 0.0175795222757 0.0221592668328 0.00841178490619 
0.0424006515844 0.472347897651 -0.00865385762431 0.0347848632749 0.0314895611092 0.0151806923662 0.000605485243989 0.0224968057009 0.0130645330917 0.0354975269177 0.00044874035067 0.000403402892117 0.0418320751851 0.0150479229871 0.0299081816094 0.0423664292631 0.0487123956932 -0.00950084633278 0.0285601323297 0.0502427812316 0.0111294525434 0.0389557737386 0.0292608150057 0.00985886564042 -0.00797466345002 -0.00454118964532 0.00201411851058 0.0113308878531 0.00453616506995 0.0200642326228 0.0374679413956 0.024987545421 -0.0169704772832 0.0458018990228 0.018999198362 0.0270889387428 0.00991787732696 -0.00262889239808 0.0399941278873 0.00685676388201 
0.0208492563458 -0.00865385762431 1.23695504073 0.0026122937425 -0.0115288106423 0.0144426485746 0.0258762296771 0.01014398584 0.016173250761 0.0249409586096 0.0448652447258 0.0375461571319 0.00712747348995 0.0113221109369 0.00621758101895 -0.0112604414017 0.02242926965 -0.000453145923241 0.0404054642478 0.0565517030167 0.0269231760704 0.0190813351357 0.0103296995482 0.00976270948974 -0.0288407387721 0.0291584203505 -0.00366448664819 0.0275103855037 0.105048245426 0.0129982490684 0.00861595223972 0.0384486218768 0.026411051704 0.0250509234893 0.0286310457204 0.0169545982072 -0.00387905009083 -0.0183208443154 0.0185736689426 0.00656996856774 
0.00690631280094 0.0347848632749 0.0026122937425 0.241953518285 0.0135972358796 -0.00167992528671 -0.0140773274959 0.0223123512138 0.00910335708009 -0.00934300708211 0.0189755638431 0.0129869867802 0.00844803554773 0.00447959348768 0.00248756130042 0.0354662547156 -0.00517339416046 0.00327934158896 0.00661324162058 -0.00406349292614 0.0132542612604 -0.00594073659382 0.00574042043216 -0.00775610345559 -0.00082326236431 0.0207703480471 0.00226444531959 0.0105803235687 -2.38001760339e-05 -0.00976859062586 0.00509401066605 0.00511568085356 -0.00665389447796 0.000972041687132 0.0199991972183 0.020816473206 0.0363285953253 0.00192907370723 0.0141838721796 0.00633383185166 
0.0298729472965 0.0314895611092 -0.0115288106423 0.0135972358796 0.223236877236 0.0186584983279 0.00767493193002 0.0263610576458 0.019906538258 -0.000303730608513 0.017054813555 0.00767123417001 -0.00719684507487 0.0138081078955 0.0290198186567 0.0132689366917 0.0308547137852 0.018821485706 0.0348220740072 0.00954883304571 0.0387238419098 0.0247800187271 0.00619666085661 0.0121223263328 0.0210339238672 0.0159159069887 0.0558319419761 0.0303925358518 -0.0259858859167 0.0269806763674 0.0354015639841 0.0230435854073 -0.00596846464242 0.0206747414002 0.0366078820127 0.0269129914671 0.048396433032 0.0276293320864 0.0351602201619 0.0261951587764 
0.0393638296635 0.0151806923662 0.0144426485746 -0.00167992528671 0.0186584983279 0.333743654284 0.00883868031445 0.0389868306938 0.015131785391 0.0118015115662 0.0483398046246 0.0238601893117 0.032120000056 0.0289011160488 0.0154041297589 0.0108628968902 0.047676982488 -0.0098797833199 0.0202610114287 0.00911592725135 -0.00393945989212 0.0279565417317 0.0181575844269 0.00264808224406 -0.010184445214 0.0446709053193 -0.0136349914947 0.00204479800578 -0.00735459744333 0.00790219674121 0.0221578462727 0.0162595605357 0.0325953099203 0.0181495661569 0.00786295642864 0.0149601872188 0.0200285866228 0.029170458811 0.0159940670159 0.00935112706081 
0.0215010419535 0.000605485243989 0.0258762296771 -0.0140773274959 0.00767493193002 0.00883868031445 0.482347994572 0.00767466207182 0.000795316995427 0.0152618491069 0.0233518565649 0.0278014062312 -0.00248469784336 0.0321777852871 0.011758724578 -0.00324068784677 0.00546953101934 -0.00805029126468 -0.0103745523116 0.0389155905787 -0.0033882727275 0.0462960678635 0.0323499252577 0.00706252654164 0.024495136285 0.0193595394206 0.0328958003932 0.0109288782695 0.0349165619947 0.000904364439103 0.0226001315724 0.026995438037 0.152734862075 0.0308870979221 0.0244871243697 0.0083152997526 0.0220043255483 -0.0234319018833 -0.00450244033555 0.00801899895404 
0.0327040083887 0.0224968057009 0.01014398584 0.0223123512138 0.0263610576458 0.0389868306938 0.00767466207182 0.149522813919 0.0280290021324 0.00654948376756 0.0140040402916 0.00708511234877 0.0110675581171 0.022291305483 0.010733403932 0.00353113965513 0.0328568827224 0.00317300662997 0.0301176998043 0.00126390494335 0.00905312595138 0.0362665599113 0.00856380205569 0.0145859301422 0.00454195193773 0.0290207091433 0.000501965964291 0.00626866449193 0.0133086727465 -0.01141373745 0.0348336281535 0.0141453773142 0.0271649661295 0.0135140786424 0.0198469890325 0.0167227631019 0.0264437865121 0.0192090061951 0.0296427469907 0.00315827354514 
0.0162353119457 0.0130645330917 0.016173250761 0.00910335708009 0.019906538258 0.015131785391 0.000795316995427 0.0280290021324 0.147337353155 0.0023064724739 0.0213260655285 0.0341531063793 0.0122883841206 -0.000640905451826 0.0151347583441 0.00264987423704 0.00990085439353 0.0174121454202 0.0278729852244 0.0107724582312 0.0340400429151 0.0109864689541 0.00821411008159 0.0217828744563 0.0195157096754 0.023840792782 0.0139704400948 0.00461176904419 -0.00553469162574 0.00872312997451 0.0266493932333 0.0153460278939 0.00337737968478 0.018032984664 0.0136460658678 0.01311788206 0.00631756089146 0.0159545264035 0.0386923952868 0.0190578945148 
-0.00669991064921 0.0354975269177 0.0249409586096 -0.00934300708211 -0.000303730608512 0.0118015115662 0.0152618491069 0.00654948376756 0.0023064724739 0.218843673117 0.0352161642771 0.0117425354182 0.00297187189932 0.0278032905541 0.0217912948777 0.0136492199019 -0.0252277512945 0.00330135610596 0.025559067676 0.0357888871579 0.00193589030452 0.0333335692615 0.0111090020338 0.00947062043872 0.0176167091816 0.00522807988711 0.0160029811214 0.0368248008103 0.0318573835131 0.0131369731628 -0.00301591028782 0.0120452887091 0.000222408826395 0.00233181113478 -0.00689242061527 0.0193282035418 -0.0127534240712 0.0168780511494 0.0272952790104 0.0196267448218 
0.0378872574084 0.00044874035067 0.0448652447258 0.0189755638431 0.017054813555 0.0483398046246 0.0233518565649 0.0140040402916 0.0213260655285 0.0352161642771 0.309817409984 0.0210136406944 0.0293425838003 0.0190825976601 0.00997561080608 0.0158782997707 -0.0156355314974 0.0222607428861 0.0223604965247 -0.0289869197859 0.0410402611668 0.0110891657816 0.00630951592423 0.0138181981226 0.0124993212569 -0.00310195283896 0.0232831628033 -0.00268523437708 -0.0138570757172 0.0214217348559 0.0130475636774 0.0294604473586 -0.00868889230322 0.0214044232847 0.0182280722389 0.0188218034118 0.00585312994532 0.0186993254347 0.0289800132656 0.013469801612 
0.0123637322425 0.000403402892118 0.0375461571319 0.0129869867802 0.00767123417001 0.0238601893117 0.0278014062312 0.00708511234877 0.0341531063793 0.0117425354182 0.0210136406944 0.268773507928 0.0638794451391 0.0220298811063 0.0212750784721 0.00387347964974 0.0295319685788 0.0324980792207 0.0186525904404 0.0184281525206 0.00437517366414 0.0165499273498 0.0343304884845 0.0263262373099 0.0427466086086 0.0404644490038 0.0281624162052 0.0310364253052 0.0440744504043 0.0205009693439 0.00706030644394 -0.00319478632422 0.0232778015097 0.0266374262328 0.0166625547753 0.0251932660411 -0.00187447769684 0.0119136333102 0.0258208799302 0.0250577157041 
0.0101831368041 0.0418320751851 0.00712747348995 0.00844803554773 -0.00719684507487 0.032120000056 -0.00248469784336 0.0110675581171 0.0122883841206 0.00297187189932 0.0293425838003 0.0638794451391 0.620921499755 0.026426318215 0.00194722186187 0.0086269737548 0.0250887197214 -0.00405672856182 0.0192192850996 -0.00606045892937 -0.00210343986651 0.0132202831072 0.021590081898 0.000179640470025 0.0277896968664 -0.00621961443892 0.0162242874394 0.0224874926288 0.006214746018 -0.00337788905531 0.00795213095817 0.020440135335 -0.00148000622853 0.0270628265875 0.0501595885742 0.0125764632462 0.0111288565314 0.0127502598126 0.0232523920789 0.0186271843352 
0.0210939324075 0.0150479229871 0.0113221109369 0.00447959348768 0.0138081078955 0.0289011160488 0.0321777852871 0.022291305483 -0.000640905451826 0.0278032905541 0.0190825976601 0.0220298811063 0.026426318215 0.205408007114 0.0125307594535 0.0155038645076 0.0186249804641 0.0174567676199 0.00173644049032 0.0100348465861 0.0020990063493 0.0362520560326 0.0132654028194 0.000240434879529 0.0108403863003 0.0159634804545 0.0094639196674 0.0263963852215 0.0643266562837 0.0143928557094 0.0110537082929 0.0163747596112 0.0319637948819 0.0245418245367 0.000664455343908 0.0251358549736 0.015270902438 0.0189258606652 0.0142431871631 0.0246708378668 
0.0146562361956 0.0299081816094 0.00621758101895 0.00248756130042 0.0290198186567 0.0154041297589 0.011758724578 0.010733403932 0.0151347583441 0.0217912948777 0.00997561080608 0.0212750784721 0.00194722186187 0.0125307594535 0.200245957225 0.00250430224069 0.0117073595165 -0.000222535086901 0.0246208700831 0.0186627740185 0.0186728943461 0.0114754461336 0.0167207386466 0.0148475903749 0.0108509840544 -0.0141266915905 0.00922097867306 0.0155338522403 0.0010261065314 0.0128710107112 0.0294686656308 0.0548737302237 0.010711418279 0.0195458868799 0.0189346528767 0.00181771091053 0.0249091969057 0.0221077993763 0.0219542797116 0.0159618558629 
0.00799413093264 0.0423664292631 -0.0112604414017 0.0354662547156 0.0132689366917 0.0108628968902 -0.00324068784677 0.00353113965513 0.00264987423704 0.0136492199019 0.0158782997707 0.00387347964973 0.0086269737548 0.0155038645076 0.00250430224069 0.250548581507 -0.00790848989809 0.00691587438816 0.00462414071399 0.0134641394053 0.0195871265024 0.0251642369697 -0.0100902937507 -0.00772501378412 0.00077593703942 0.01988598076 -0.00447782457103 0.0221988748522 -0.0107731350555 0.00643582355246 0.0355157545241 0.00785214702871 -0.00915779474283 0.0069908511499 0.00959757025893 0.0318385715455 0.0206514362357 0.0297228026663 0.0105082797655 0.00449308297798 
0.0337446270263 0.0487123956932 0.02242926965 -0.00517339416046 0.0308547137852 0.047676982488 0.00546953101934 0.0328568827224 0.00990085439353 -0.0252277512945 -0.0156355314974 0.0295319685788 0.0250887197214 0.0186249804641 0.0117073595165 -0.00790848989809 0.51138735564 0.0294459338093 0.033440401783 0.0436953798017 -0.00660084215911 0.0476530696611 0.0318195320864 0.0220538803758 0.0302187375126 0.0246210263108 0.0381368317968 0.0121569775508 0.0479017114685 0.0010423398663 0.0475877158596 0.00878365395832 0.0226721262638 0.0297895812695 0.0422001310122 0.0443223480565 0.0136407562791 0.0100644633555 0.0167671606997 0.0042081850578 
-0.00328863221637 -0.00950084633278 -0.000453145923241 0.00327934158896 0.018821485706 -0.0098797833199 -0.00805029126468 0.00317300662997 0.0174121454202 0.00330135610596 0.0222607428861 0.0324980792207 -0.00405672856182 0.0174567676199 -0.000222535086901 0.00691587438816 0.0294459338093 0.227626614943 0.00404462096421 0.00808430766887 0.00375564297742 0.0312484926958 -0.00659058887239 0.0218069104084 0.0769085527743 0.011757249712 0.138343802869 0.0143338509624 0.0261407791822 0.0394897466686 -0.0162716952976 0.0252381407198 -0.00435673990128 0.0205286797721 0.036447207363 0.0191572369641 -0.00439968069964 0.0146962766539 0.022339414076 0.0238210968759 
0.0162454606356 0.0285601323297 0.0404054642478 0.00661324162058 0.0348220740072 0.0202610114287 -0.0103745523116 0.0301176998043 0.0278729852244 0.025559067676 0.0223604965247 0.0186525904404 0.0192192850996 0.00173644049032 0.0246208700831 0.00462414071399 0.033440401783 0.00404462096421 0.167485803498 0.000512996810841 0.0260979768772 0.0138625326972 0.0219217499366 0.0297258482547 0.0370768558123 0.0365302981258 0.0329485507687 0.0089549064637 -0.0213230678219 0.0132437672528 0.0400732451386 0.0178749490104 0.0202549253252 0.012642941867 0.00988702353099 0.0347436960934 0.0265004227026 0.0343743656101 0.0773588366916 0.00809640222936 
0.0259180678283 0.0502427812316 0.0565517030167 -0.00406349292614 0.00954883304571 0.00911592725135 0.0389155905787 0.00126390494335 0.0107724582312 0.0357888871579 -0.0289869197859 0.0184281525206 -0.00606045892937 0.0100348465861 0.0186627740185 0.0134641394053 0.0436953798017 0.00808430766887 0.00051299681084 0.450070375726 0.00290298185609 0.026561959575 0.0193176449709 0.0265168378866 0.0244743623449 0.0243974776996 0.0223168710785 0.0212959799031 -0.019442313238 0.0318209548867 0.024642731425 0.00952496159322 0.0192680758211 0.0249491143615 0.0393641633001 0.0163339487271 0.0281571442775 -0.00446147304882 0.0103603562325 0.024153077817 
0.0115797353682 0.0111294525434 0.0269231760704 0.0132542612604 0.0387238419098 -0.00393945989211 -0.0033882727275 0.00905312595138 0.0340400429151 0.00193589030452 0.0410402611668 0.00437517366414 -0.00210343986651 0.0020990063493 0.0186728943461 0.0195871265024 -0.00660084215911 0.00375564297742 0.0260979768772 0.00290298185609 0.262688583666 0.0192439920052 -0.00214555085587 0.0203615946533 -0.0128506765124 0.0106750805861 0.00894878256881 0.00728436636276 -0.0075556710806 0.0321507155506 0.0256451248071 0.00941814629784 -0.00305517534297 0.00850999644563 0.0108264703668 0.0287047003812 -0.000557235130957 0.0186307383939 0.00475426943865 0.012653901744 
0.0232297331026 0.0389557737386 0.0190813351357 -0.00594073659382 0.0247800187271 0.0279565417317 0.0462960678635 0.0362665599113 0.0109864689541 0.0333335692615 0.0110891657816 0.0165499273498 0.0132202831072 0.0362520560326 0.0114754461336 0.0251642369697 0.0476530696611 0.0312484926958 0.0138625326972 0.026561959575 0.0192439920052 0.70072208056 0.0429642987981 -0.000514316614954 0.0238098696172 0.0248629109406 0.0232024707205 0.0573645991888 0.0035782044678 -0.0293379244453 0.0500901104633 0.0459366045424 0.0251623742232 0.0122012712349 0.100567566582 0.0136427491551 0.0193512700216 0.0288267668269 0.0196603889559 -0.0099576504679 
0.0153725304844 0.0292608150057 0.0103296995482 0.00574042043216 0.00619666085661 0.0181575844269 0.0323499252577 0.00856380205569 0.00821411008159 0.0111090020338 0.00630951592423 0.0343304884845 0.021590081898 0.0132654028194 0.0167207386466 -0.0100902937507 0.0318195320864 -0.00659058887239 0.0219217499366 0.0193176449709 -0.00214555085587 0.0429642987981 0.229350515774 0.0177864203351 0.0246591322441 -0.0165653811287 0.000444570008214 0.0270490597852 0.0288331849423 -0.00196479105856 0.0586702586905 0.00613710365172 0.0297541610622 0.0119314945404 0.0567285446555 0.0277032841694 0.0186691934871 0.0112827787817 0.00957911874406 0.0132931980527 
0.01801188583 0.00985886564042 0.00976270948974 -0.00775610345559 0.0121223263328 0.00264808224406 0.00706252654164 0.0145859301422 0.0217828744563 0.00947062043872 0.0138181981226 0.0263262373099 0.000179640470025 0.000240434879529 0.0148475903749 -0.00772501378412 0.0220538803758 0.0218069104084 0.0297258482547 0.0265168378866 0.0203615946533 -0.000514316614954 0.0177864203351 0.123410140021 0.00767975154697 0.0217023302811 0.0345503294042 0.000751655650802 -0.000808151813552 0.0477288309687 0.00857063149437 -2.50874633956e-05 0.0142119993703 0.0173010041985 0.00272882517879 0.0129783375812 0.0051811457669 0.00810521625653 0.0394063248047 0.0442883206717 
-0.00478751543053 -0.00797466345002 -0.0288407387721 -0.00082326236431 0.0210339238672 -0.010184445214 0.024495136285 0.00454195193773 0.0195157096754 0.0176167091816 0.0124993212569 0.0427466086086 0.0277896968664 0.0108403863003 0.0108509840544 0.000775937039421 0.0302187375126 0.0769085527743 0.0370768558123 0.0244743623449 -0.0128506765124 0.0238098696172 0.0246591322441 0.00767975154697 0.493523079363 0.0158608942256 0.157318286787 -0.00493612888735 0.00410076654042 -0.00325525681323 0.00351499398025 0.00623520067598 0.0248331167799 0.0229686176795 0.0206183853878 0.0253201323491 0.0146247000418 0.0194332585282 0.033538204859 0.0155924106287 
0.0249793221332 -0.00454118964532 0.0291584203505 0.0207703480471 0.0159159069887 0.0446709053193 0.0193595394206 0.0290207091433 0.023840792782 0.00522807988711 -0.00310195283896 0.0404644490038 -0.00621961443892 0.0159634804545 -0.0141266915905 0.01988598076 0.0246210263108 0.011757249712 0.0365302981258 0.0243974776996 0.0106750805861 0.0248629109406 -0.0165653811287 0.0217023302811 0.0158608942256 0.894877615029 0.0185495671052 0.0122287113486 0.0259941190374 0.0220922347638 0.00967265594374 0.00425062699469 0.0318762230423 -0.0208504057729 -0.00418009796015 0.012449284058 0.00906867888715 0.0468057841762 0.0235322523987 0.0149388282347 
-0.00619577211921 0.00201411851058 -0.00366448664819 0.00226444531959 0.0558319419761 -0.0136349914947 0.0328958003932 0.000501965964291 0.0139704400948 0.0160029811214 0.0232831628033 0.0281624162052 0.0162242874394 0.0094639196674 0.00922097867306 -0.00447782457103 0.0381368317968 0.138343802869 0.0329485507687 0.0223168710785 0.00894878256881 0.0232024707205 0.000444570008213 0.0345503294042 0.157318286787 0.0185495671052 0.457649996915 0.012890865209 0.0191840503365 0.03249536996 -0.0108503238633 0.0205513670028 0.00445410696077 0.0346589221912 0.0385026645485 0.0361678524552 0.00283547854129 0.0394401141871 0.049099041686 0.0404691791344 
0.0129671474212 0.0113308878531 0.0275103855037 0.0105803235687 0.0303925358518 0.00204479800578 0.0109288782695 0.00626866449193 0.00461176904419 0.0368248008103 -0.00268523437708 0.0310364253052 0.0224874926288 0.0263963852215 0.0155338522403 0.0221988748522 0.0121569775508 0.0143338509624 0.0089549064637 0.0212959799031 0.00728436636276 0.0573645991888 0.0270490597852 0.000751655650802 -0.00493612888735 0.0122287113486 0.012890865209 0.481236849774 0.0562227643093 0.00698905834556 -0.0136422759682 0.0129552718261 0.0011206666879 0.00437527675398 0.026091120266 0.0188075316739 -0.00197150509051 0.0114700956144 0.0208884783263 0.0100040429251 
0.0343425311739 0.00453616506995 0.105048245426 -2.38001760339e-05 -0.0259858859167 -0.00735459744333 0.0349165619947 0.0133086727465 -0.00553469162574 0.0318573835131 -0.0138570757172 0.0440744504043 0.006214746018 0.0643266562837 0.0010261065314 -0.0107731350555 0.0479017114685 0.0261407791822 -0.0213230678219 -0.019442313238 -0.0075556710806 0.0035782044678 0.0288331849423 -0.000808151813552 0.00410076654042 0.0259941190374 0.0191840503365 0.0562227643093 1.253099796 0.00273642664587 0.00171330859436 0.0141804058758 -0.00215189002881 0.0308786949215 -0.0188665368497 0.0445316368111 0.017249509377 -0.00630078829074 0.0123457160269 -0.0101880952051 
0.0212732194852 0.0200642326228 0.0129982490684 -0.00976859062586 0.0269806763674 0.00790219674121 0.000904364439103 -0.01141373745 0.00872312997451 0.0131369731628 0.0214217348559 0.0205009693439 -0.00337788905531 0.0143928557094 0.0128710107112 0.00643582355246 0.0010423398663 0.0394897466686 0.0132437672528 0.0318209548867 0.0321507155506 -0.0293379244453 -0.00196479105856 0.0477288309687 -0.00325525681323 0.0220922347638 0.03249536996 0.00698905834556 0.00273642664587 0.195904907532 -0.00675789259449 0.00412057353716 0.00245780569383 0.00481079489599 0.000375287222413 0.0166341089677 0.0129120724908 0.0120315423969 0.0205590125964 0.0500662794395 
0.0160503950866 0.0374679413956 0.00861595223972 0.00509401066605 0.0354015639841 0.0221578462727 0.0226001315724 0.0348336281535 0.0266493932333 -0.00301591028782 0.0130475636774 0.00706030644394 0.00795213095817 0.0110537082929 0.0294686656308 0.0355157545241 0.0475877158596 -0.0162716952976 0.0400732451386 0.024642731425 0.0256451248071 0.0500901104633 0.0586702586905 0.00857063149437 0.00351499398025 0.00967265594374 -0.0108503238633 -0.0136422759682 0.00171330859436 -0.00675789259449 0.28533553578 0.00615813942833 -0.0078085939103 0.0233763546549 0.0907876540027 0.0490624495725 0.0445565592034 0.035202155723 0.0272856127088 0.00290650126353 
0.0129269638685 0.024987545421 0.0384486218768 0.00511568085356 0.0230435854073 0.0162595605357 0.026995438037 0.0141453773142 0.0153460278939 0.0120452887091 0.0294604473586 -0.00319478632422 0.020440135335 0.0163747596112 0.0548737302237 0.00785214702871 0.00878365395832 0.0252381407198 0.0178749490104 0.00952496159322 0.00941814629784 0.0459366045424 0.00613710365172 -2.50874633958e-05 0.00623520067598 0.00425062699469 0.0205513670028 0.0129552718261 0.0141804058758 0.00412057353716 0.00615813942833 0.235301472712 0.0369314963191 0.0340052945964 0.0135514184784 0.0156656196636 0.0282059798556 0.00882919565475 0.0306895467404 -0.00292623544671 
-0.000507988423162 -0.0169704772832 0.026411051704 -0.00665389447796 -0.00596846464242 0.0325953099203 0.152734862075 0.0271649661295 0.00337737968478 0.000222408826396 -0.00868889230322 0.0232778015097 -0.00148000622853 0.0319637948819 0.010711418279 -0.00915779474283 0.0226721262638 -0.00435673990128 0.0202549253252 0.0192680758211 -0.00305517534297 0.0251623742232 0.0297541610622 0.0142119993703 0.0248331167799 0.0318762230423 0.00445410696077 0.0011206666879 -0.00215189002881 0.00245780569384 -0.0078085939103 0.0369314963191 0.696348846695 0.0151832427666 0.0109332527946 0.0240177549876 0.0273397692943 -0.0243308198888 0.0131228334822 0.0065282981887 
0.0235513633819 0.0458018990228 0.0250509234893 0.000972041687132 0.0206747414002 0.0181495661569 0.0308870979221 0.0135140786424 0.018032984664 0.00233181113478 0.0214044232847 0.0266374262328 0.0270628265875 0.0245418245367 0.0195458868799 0.0069908511499 0.0297895812695 0.0205286797721 0.012642941867 0.0249491143615 0.00850999644563 0.0122012712349 0.0119314945404 0.0173010041985 0.0229686176795 -0.0208504057729 0.0346589221912 0.00437527675398 0.0308786949215 0.00481079489599 0.0233763546549 0.0340052945964 0.0151832427666 0.173917762893 0.0399395083803 0.0388636990474 0.0337626435273 0.0316532270015 0.0204263533724 0.0134984864429 
0.0148628393687 0.018999198362 0.0286310457204 0.0199991972183 0.0366078820127 0.00786295642864 0.0244871243697 0.0198469890325 0.0136460658678 -0.00689242061527 0.0182280722389 0.0166625547753 0.0501595885742 0.000664455343908 0.0189346528767 0.00959757025893 0.0422001310122 0.036447207363 0.00988702353099 0.0393641633001 0.0108264703668 0.100567566582 0.0567285446555 0.00272882517879 0.0206183853878 -0.00418009796015 0.0385026645485 0.026091120266 -0.0188665368497 0.000375287222414 0.0907876540027 0.0135514184784 0.0109332527946 0.0399395083803 0.333970448708 0.0430304632662 0.0219887868359 0.0238258180387 0.011425344568 0.00217503994526 
0.0270765534436 0.0270889387428 0.0169545982072 0.020816473206 0.0269129914671 0.0149601872188 0.0083152997526 0.0167227631019 0.01311788206 0.0193282035418 0.0188218034118 0.0251932660411 0.0125764632462 0.0251358549736 0.00181771091053 0.0318385715455 0.0443223480565 0.0191572369641 0.0347436960934 0.0163339487271 0.0287047003813 0.0136427491551 0.0277032841694 0.0129783375812 0.0253201323491 0.012449284058 0.0361678524552 0.0188075316739 0.0445316368111 0.0166341089677 0.0490624495725 0.0156656196636 0.0240177549876 0.0388636990474 0.0430304632662 0.206813992316 0.00928699851468 0.0137650723072 0.0194010143008 0.00895675822132 
0.0277191242023 0.00991787732696 -0.00387905009083 0.0363285953253 0.048396433032 0.0200285866228 0.0220043255483 0.0264437865121 0.00631756089146 -0.0127534240712 0.00585312994532 -0.00187447769684 0.0111288565314 0.015270902438 0.0249091969057 0.0206514362357 0.0136407562791 -0.00439968069964 0.0265004227026 0.0281571442775 -0.000557235130957 0.0193512700216 0.0186691934871 0.0051811457669 0.0146247000418 0.00906867888715 0.00283547854129 -0.00197150509051 0.017249509377 0.0129120724908 0.0445565592034 0.0282059798556 0.0273397692943 0.0337626435273 0.0219887868359 0.00928699851468 0.324580884706 0.0182628676314 0.0292605455293 0.00914956189348 
0.0175795222757 -0.00262889239808 -0.0183208443154 0.00192907370723 0.0276293320864 0.029170458811 -0.0234319018833 0.0192090061951 0.0159545264035 0.0168780511494 0.0186993254347 0.0119136333102 0.0127502598126 0.0189258606652 0.0221077993763 0.0297228026663 0.0100644633555 0.0146962766539 0.0343743656101 -0.00446147304882 0.0186307383939 0.0288267668269 0.0112827787817 0.00810521625653 0.0194332585282 0.0468057841762 0.0394401141871 0.0114700956144 -0.00630078829074 0.0120315423969 0.035202155723 0.00882919565475 -0.0243308198888 0.0316532270015 0.0238258180387 0.0137650723072 0.0182628676314 0.182381350552 0.0406200055284 0.0136538292978 
0.0221592668328 0.0399941278873 0.0185736689426 0.0141838721796 0.0351602201619 0.0159940670159 -0.00450244033555 0.0296427469907 0.0386923952868 0.0272952790104 0.0289800132656 0.0258208799302 0.0232523920789 0.0142431871631 0.0219542797116 0.0105082797655 0.0167671606997 0.022339414076 0.0773588366916 0.0103603562325 0.00475426943865 0.0196603889559 0.00957911874406 0.0394063248047 0.033538204859 0.0235322523987 0.049099041686 0.0208884783263 0.0123457160269 0.0205590125964 0.0272856127088 0.0306895467404 0.0131228334822 0.0204263533724 0.011425344568 0.0194010143008 0.0292605455293 0.0406200055284 0.18301829347 0.0291717734909 
0.00841178490619 0.00685676388201 0.00656996856774 0.00633383185166 0.0261951587764 0.00935112706081 0.00801899895404 0.00315827354514 0.0190578945148 0.0196267448218 0.013469801612 0.0250577157041 0.0186271843352 0.0246708378668 0.0159618558629 0.00449308297798 0.0042081850578 0.0238210968759 0.00809640222936 0.024153077817 0.012653901744 -0.0099576504679 0.0132931980527 0.0442883206717 0.0155924106287 0.0149388282347 0.0404691791344 0.0100040429251 -0.0101880952051 0.0500662794395 0.00290650126353 -0.00292623544671 0.0065282981887 0.0134984864429 0.00217503994526 0.00895675822132 0.00914956189348 0.0136538292978 0.0291717734909 0.144435187749 
0.0153227968352 0.00367200414091 0.00180559856454 0.00059810423321 0.00258707312446 0.00340900764788 0.00186204485396 0.00283225020702 0.00140601925833 -0.00058022928253 0.00328113273954 0.00107073062076 0.000881885516257 0.00182678813306 0.00126926728692 0.000692312046884 0.0029223704246 -0.000284803904308 0.00140689816066 0.00224457051563 0.0010028344998 0.002011753899 0.00133130019199 0.00155987506988 -0.000414610998385 0.00216327275367 -0.000536569605129 0.00112298790814 0.00297415044269 0.00184231484945 0.00139000498858 0.0011195079104 -4.39930879287e-05 0.00203960789825 0.00128715964657 0.00234489831291 0.00240054657298 0.00152243128771 0.00191904880065 0.000728481941994 
0.00367200414091 0.040906527879 -0.000749446054338 0.00301245752632 0.00272707598746 0.00131468652362 5.24365602911e-05 0.0019482805241 0.0011314217546 0.00307417600822 3.88620543383e-05 3.49357152534e-05 0.00362276398033 0.0013031883581 0.00259012450547 0.00366904040095 0.00421861721495 -0.000822797428164 0.00247338001329 0.00435115249033 0.000963838863278 0.00337366896817 0.00253406091303 0.00085380280971 -0.000690626113434 -0.000393278559625 0.00017442777964 0.000981283672818 0.000392843418633 0.00173761351588 0.00324481890761 0.00216398491128 -0.00146968644416 0.00396656080953 0.0016453788433 0.00234597091128 0.000858913371676 -0.000227668760055 0.00346359307526 0.000593813170957 
0.00180559856454 -0.000749446054338 0.107123448861 0.000226231274315 -0.000998424289162 0.00125077005635 0.00224094722545 0.000878494943305 0.00140064460208 0.00215995037507 0.00388544416796 0.00325159258907 0.000617257310709 0.000980523569579 0.00053845831125 -0.000975182831167 0.00194243173052 -3.92435881148e-05 0.00349921584903 0.00489752114398 0.00233161544275 0.00165249209657 0.000894578222219 0.000845475442788 -0.00249768124406 0.00252519327577 -0.000317353852916 0.00238246927141 0.0090974449162 0.0011256813898 0.000746163351739 0.00332974832858 0.00228726417164 0.002169473613 0.00247952129308 0.00146831127584 -0.000335935592121 -0.00158663165959 0.00160852691458 0.000568975968173 
0.00059810423321 0.00301245752632 0.000226231274315 0.020953789337 0.00117755516929 -0.000145485797475 -0.00121913232288 0.00193230629693 0.000788373849108 -0.000809128148085 0.00164333203393 0.00112470604703 0.000731621339641 0.000387944175896 0.000215429127963 0.00307146775608 -0.000448029076675 0.000283999312372 0.000572723524479 -0.000351908810214 0.00114785269599 -0.000514482880744 0.000497134992266 -0.000671698262692 -7.12966121472e-05 0.00179876490542 0.000196106717225 0.000916282899073 -2.06115570599e-06 -0.000845984764117 0.000441154264395 0.000443030957684 -0.000576244165201 8.41812794594e-05 0.00173198128464 0.00180275946136 0.00314614864355 0.000167062683624 0.00122835936315 0.000548525928684 
0.00258707312446 0.00272707598746 -0.000998424289162 0.00117755516929 0.0193328806748 0.00161587335484 0.000664668602371 0.00228293455919 0.00172395678328 -2.63038422879e-05 0.00147699017954 0.000664348366961 -0.000623265066194 0.00119581722157 0.00251319001699 0.00114912362562 0.00267209659645 0.00162998847584 0.00301568007027 0.000826953199408 0.0033535830826 0.00214601257239 0.000536646572046 0.00104982425572 0.00182159124103 0.00137835797765 0.0048351880094 0.00263207081331 -0.00225044373437 0.00233659511454 0.00306586537439 0.0019956330357 -0.000516884200193 0.00179048512692 0.00317033558018 0.00233073343023 0.00419125404582 0.00239277034764 0.00304496438629 0.00226856729565 
0.00340900764788 0.00131468652362 0.00125077005635 -0.000145485797475 0.00161587335484 0.0289030482962 0.000765452168825 0.00337635857938 0.00131045105533 0.00102204088194 0.00418634988189 0.00206635300831 0.00278167360181 0.0025029100696 0.00133403676944 0.000940754466561 0.00412894780104 -0.000855614333892 0.00175465506037 0.000789462457872 -0.000341167234376 0.00242110753417 0.0015724929385 0.000229330649466 -0.000881998827879 0.00386861388165 -0.00118082490148 0.000177084701861 -0.000636926822053 0.000684350312359 0.00191892577653 0.00140811924783 0.00282283664352 0.00157179853595 0.000680952001605 0.00129559021769 0.00173452648172 0.00252623583703 0.00138512683456 0.000809831358868 
0.00186204485396 5.24365602911e-05 0.00224094722545 -0.00121913232288 0.000664668602371 0.000765452168825 0.0417725616764 0.000664645231965 6.88764722101e-05 0.00132171490353 0.00202233010107 0.00240767240572 -0.000215181145308 0.00278667794962 0.00101833542006 -0.000280651800104 0.000473675280953 -0.000697175674308 -0.00089846258547 0.00337018900444 -0.000293433025696 0.00400935708651 0.00280158570837 0.000611632739997 0.00212134102919 0.00167658529438 0.00284885988183 0.000946468621622 0.00302386297002 7.83202578542e-05 0.00195722880705 0.00233787351263 0.01322722706 0.00267490114497 0.00212064717698 0.000720126082583 0.0019056304918 -0.00202926222899 -0.000389922770961 0.000694465680712 
0.00283225020702 0.0019482805241 0.000878494943305 0.00193230629693 0.00228293455919 0.00337635857938 0.000664645231965 0.0129490555299 0.00242738278894 0.000567201932438 0.00121278546481 0.00061358872827 0.000958478648723 0.00193048368318 0.000929540047422 0.000305805664565 0.00284548951268 0.000274790434793 0.00260826931341 0.000109457378891 0.000784023705755 0.00314077621911 0.000741647013321 0.0012631786041 0.000393344576084 0.00251326713539 4.34715276911e-05 0.000542882269782 0.00115256486891 -0.000988458658386 0.00301668068869 0.00122502561002 0.00235255507611 0.00117035354131 0.00171879966908 0.00144823376677 0.00229009908917 0.00166354873464 0.00256713719319 0.000273514512219 
0.00140601925833 0.0011314217546 0.00140064460208 0.000788373849108 0.00172395678328 0.00131045105533 6.88764722101e-05 0.00242738278894 0.0127597890759 0.000199746375553 0.00184689145104 0.00295774577426 0.00106420528199 -5.55040402705e-05 0.00131070852062 0.000229485840611 0.000857439142397 0.00150793602683 0.00241387132836 0.000932922248941 0.00294795419104 0.000951456121216 0.000711362800014 0.00188645226466 0.00169011003518 0.00206467321956 0.00120987560242 0.000399390914866 -0.000479318355 0.000755445215844 0.00230790515355 0.00132900500033 0.000292489660525 0.00156170228251 0.00118178397032 0.00113604191078 0.000547116822196 0.00138170251708 0.00335085972516 0.00165046207924 
-0.00058022928253 0.00307417600822 0.00215995037507 -0.000809128148085 -2.63038422879e-05 0.00102204088194 0.00132171490353 0.000567201932438 0.000199746375553 0.0189524180377 0.00304980928878 0.0010169333977 0.00025737165616 0.00240783559287 0.00188718149454 0.00118205711769 -0.00218478735014 0.00028590582547 0.00221348019044 0.00309940854519 0.000167653018266 0.00288677177793 0.000962067797195 0.000820179788953 0.00152565176823 0.000452764999525 0.00138589881874 0.0031891212991 0.00275893034204 0.00113769524878 -0.000261185492478 0.0010431526018 1.92611693684e-05 0.000201940767954 -0.000596901134639 0.00167387152767 -0.00110447892309 0.00146168210617 0.00236384050264 0.00169972596092 
0.00328113273954 3.88620543383e-05 0.00388544416796 0.00164333203393 0.00147699017954 0.00418634988189 0.00202233010107 0.00121278546481 0.00184689145104 0.00304980928878 0.0268309747581 0.00181983466674 0.00254114229837 0.00165260143439 0.000863913237633 0.00137510109703 -0.00135407674784 0.00192783688465 0.00193647580316 -0.0025103408912 0.00355419087484 0.00096034992736 0.000546420107596 0.00119669106087 0.00108247297386 -0.000268636995988 0.00201638104681 -0.000232548118566 -0.00120005795933 0.00185517665784 0.00112995216021 0.00255134958194 -0.000752480146534 0.00185367743179 0.00157859736209 0.00163001598996 0.00050689592243 0.00161940908601 0.002509742769 0.001166519038 
0.00107073062076 3.49357152534e-05 0.00325159258907 0.00112470604703 0.000664348366961 0.00206635300831 0.00240767240572 0.00061358872827 0.00295774577426 0.0010169333977 0.00181983466674 0.023276468573 0.00553212222701 0.00190784366804 0.00184247584243 0.000335453177771 0.0025575435013 0.00281441621793 0.00161536171677 0.00159592482277 0.000378901153911 0.00143326575157 0.00297310751519 0.00227991902965 0.00370196489807 0.00350432407874 0.00243893678657 0.00268783327569 0.00381695937079 0.0017754360254 0.000611440473895 -0.000276676611644 0.00201591674516 0.00230686878091 0.00144301957274 0.00218180083959 -0.000162334530429 0.0010317509098 0.00223615379676 0.00217006183605 
0.000881885516257 0.00362276398033 0.000617257310709 0.000731621339641 -0.000623265066194 0.00278167360181 -0.000215181145308 0.000958478648723 0.00106420528199 0.00025737165616 0.00254114229837 0.00553212222701 0.0537733792544 0.00228858629027 0.000168634359918 0.000747117842944 0.00217274686272 -0.00035132299908 0.00166443891389 -0.000524851139143 -0.000182163235973 0.00114491010161 0.00186975593935 1.5557321059e-05 0.00240665834498 -0.000538634410585 0.00140506450808 0.00194747398839 0.000538212792966 -0.000292533773306 0.0006886747424 0.00177016764569 -0.000128172299167 0.0023437095323 0.00434394779487 0.0010891536661 0.000963787247124 0.00110420489025 0.00201371622391 0.00161316148352 
0.00182678813306 0.0013031883581 0.000980523569579 0.000387944175896 0.00119581722157 0.0025029100696 0.00278667794962 0.00193048368318 -5.55040402705e-05 0.00240783559287 0.00165260143439 0.00190784366804 0.00228858629027 0.0177888552301 0.00108519560154 0.00134267405204 0.00161297062269 0.00151180042268 0.000150380157678 0.00086904320666 0.00018177928212 0.00313952014637 0.00114881758331 2.08222713628e-05 0.000938804992294 0.00138247796064 0.000819599485134 0.00228599401699 0.00557085184822 0.00124645786774 0.00095727921877 0.00141809578042 0.0027681458369 0.0021253843504 5.75435207505e-05 0.0021768288953 0.001322498945 0.00163902761246 0.00123349619141 0.00213655723253 
0.00126926728692 0.00259012450547 0.00053845831125 0.000215429127963 0.00251319001699 0.00133403676944 0.00101833542006 0.000929540047422 0.00131070852062 0.00188718149454 0.000863913237633 0.00184247584243 0.000168634359918 0.00108519560154 0.0173418085962 0.000216878935919 0.00101388707525 -1.9272103849e-05 0.00213222989552 0.00161624364051 0.00161712008659 0.000993802787148 0.0014480584438 0.00128583904497 0.000939722784715 -0.00122340737888 0.000798560177862 0.00134527106588 8.8863432318e-05 0.00111466222483 0.00255206130519 0.00475220443741 0.000927636034016 0.00169272345775 0.00163978904031 0.000157418382525 0.00215719973082 0.00191459158816 0.0019012963952 0.00138233726688 
0.000692312046884 0.00366904040095 -0.000975182831167 0.00307146775608 0.00114912362562 0.000940754466561 -0.000280651800104 0.000305805664565 0.000229485840611 0.00118205711769 0.00137510109703 0.000335453177771 0.000747117842944 0.00134267405204 0.000216878935919 0.0216981436467 -0.000684895315732 0.000598932290953 0.000400462332899 0.00116602867651 0.00169629491382 0.00217928684826 -0.000873845071975 -0.000669005818163 6.71981187875e-05 0.00172217645173 -0.00038779098322 0.00192247895574 -0.000932980863647 0.00055735866907 0.00307575456524 0.000680015880111 -0.000793088288993 0.000605425468989 0.000831173965884 0.00275730117786 0.00178846684047 0.00257407021807 0.000910043722699 0.000389112400024 
0.0029223704246 0.00421861721495 0.00194243173052 -0.000448029076675 0.00267209659645 0.00412894780104 0.000473675280953 0.00284548951268 0.000857439142397 -0.00218478735014 -0.00135407674784 0.0025575435013 0.00217274686272 0.00161297062269 0.00101388707525 -0.000684895315732 0.0442874441158 0.00255009267171 0.00289602374568 0.00378413089363 -0.000571649699616 0.00412687688948 0.00275565231234 0.00190992206575 0.00261701943562 0.00213224342524 0.00330274651559 0.00105282513922 0.00414840990165 9.02692803593e-05 0.00412121708425 0.000760686746596 0.00196346373022 0.00257985341475 0.00365463854996 0.00383842793723 0.00118132414645 0.00087160809413 0.00145207871153 0.000364439516388 
-0.000284803904308 -0.000822797428164 -3.92435881148e-05 0.000283999312372 0.00162998847584 -0.000855614333892 -0.000697175674308 0.000274790434793 0.00150793602683 0.00028590582547 0.00192783688465 0.00281441621793 -0.00035132299908 0.00151180042268 -1.9272103849e-05 0.000598932290953 0.00255009267171 0.0197130431118 0.000350274450369 0.000700121581325 0.000325248222599 0.00270619885045 -0.000570761738939 0.00188853383917 0.00666047604708 0.00101820769292 0.011980924774 0.00124134790675 0.00226385788465 0.0034199123804 -0.00140917014903 0.00218568710076 -0.000377304743219 0.00177783581888 0.00315642074733 0.00165906538772 -0.000381023525443 0.00127273489233 0.00193465000954 0.00206296750405 
0.00140689816066 0.00247338001329 0.00349921584903 0.000572723524479 0.00301568007027 0.00175465506037 -0.00089846258547 0.00260826931341 0.00241387132836 0.00221348019044 0.00193647580316 0.00161536171677 0.00166443891389 0.000150380157678 0.00213222989552 0.000400462332899 0.00289602374568 0.000350274450369 0.0145046960603 4.44268270248e-05 0.0022601510963 0.00120053054765 0.00189847923405 0.00257433397376 0.00321094990259 0.00316361661848 0.00285342819836 0.000775517648607 -0.00184663184203 0.00114694388827 0.00347044483022 0.00154801599344 0.00175412798834 0.00109491088354 0.000856241354566 0.00300889234382 0.00229500392715 0.00297690738573 0.00669947177821 0.000701169000988 
