50
0.12260521459 0.0445332570478 0.0907505897935 0.0539269159384 0.070995024039 0.135848421796 0.0070666509449 0.0674926048947 0.0301217617298 0.0678408515538 0.0766259396051 0.0524452719686 0.143828325424 0.101670797752 0.0963264580192 0.0160922749751 0.0316067218978 0.00326137985962 0.112278324126 0.424855775916 0.00839736130492 0.0217130314185 0.0283013122104 0.106465020668 0.0697795953642 0.0649972461493 0.0169596300077 0.0680936188342 0.234257183995 0.121962687623 0.0594362545722 0.190895055806 0.035272852014 0.100072423231 0.0415097954764 0.0573021249509 0.0392369654355 0.0321720089654 0.0797862135264 0.102568127786 0.0368602928082 0.0413132452317 0.109959402945 0.0170913584406 0.0801839086902 0.0331605059077 0.0449819155318 0.0905877796438 0.171628318037 0.0110311255814 
0.191980274111 0.000582845362199 0.0118165428775 0.0156165140683 0.0205380428917 0.0314478690493 0.00715753358079 0.0135315893137 0.0183823244173 0.0419279281413 0.0276216034374 0.0288525118074 0.0304765840457 0.02130545416 -0.000261927504541 -0.000528789592935 0.0237042468112 0.0175892957867 0.0377266219231 0.0251966956682 0.0146259391135 0.0108166865318 0.0150779025492 0.0395990342385 -0.00935835459303 0.0326969823908 0.0289659129064 0.0226440041508 0.0440530285063 0.0303786354747 0.0219702767536 0.0407466951394 0.00717266398993 0.0103014209885 0.0290922583986 0.0046375279975 0.0389370730652 0.0265574675216 0.0316652085577 0.0289276373648 0.00462667729775 0.00637020429023 0.0409002256971 0.0189416808904 0.0425895474017 0.0265129203036 0.0124683415138 0.02030666798 0.0132202598714 0.0205244729275 
0.000582845362183 0.171755936092 0.000128200080745 0.00348034425606 0.00894137112353 -0.01420700688 0.00772829379739 0.00716249596634 -0.0071239884185 2.86288749136e-05 -0.00203257986359 0.00911763350736 0.0354414664071 0.0177339006258 -0.0137530615202 -0.00231951560085 0.0147654540168 0.014264394081 -0.00591904850522 0.019496851472 0.00850909522728 -0.0117044280532 0.0100291048349 0.00501517111738 0.00542988591673 0.0219102499812 0.0152377148655 0.0132696539104 0.00320823445142 0.00669148448073 0.031902961314 0.0203142754849 0.0355052611527 -0.00527345154197 -0.0156994998938 0.0112948458032 0.0110274993731 0.000399083414015 0.0157693380113 0.0177375424984 -0.0127729559983 0.0195963772203 0.024240366125 0.01743936472 0.0378399236666 0.00478257112921 0.0150746908336 0.0099304882567 0.0142938169847 0.00496052750801 
0.0118165428775 0.000128200080743 0.336928230906 0.0173505767445 0.0276307942758 0.0101491067305 0.00521810866559 0.00806601511605 0.00166467407052 0.0170505607388 0.0262390311789 0.0129184433923 0.00435882827939 -0.00140381267821 0.0232208703936 0.0126047741163 0.0191140255661 0.0160995639586 0.0288347570387 0.0203500630669 0.0124660099566 0.021849695023 0.00217869834745 0.022245311829 0.00939694939638 0.0189454247896 0.00987542860712 0.00291015739589 -0.00494019695706 -0.0286239997192 0.0124292085493 0.00717447792884 0.0224306894133 -0.00351992647547 -0.00651327336185 0.0186726661749 0.0242480340522 0.0391368015902 0.0200179999841 0.0432320050545 0.0143329222164 0.0153744905299 0.0290063152797 0.0257508968959 0.0325835745723 0.00815184563095 0.0252747361122 0.011475429987 0.0265264798784 0.00361547786221 
0.0156165140683 0.00348034425606 0.0173505767445 0.2276482821 0.0299498756254 -0.00814081117599 0.00409738029784 0.0174630002677 -0.00208428971302 0.000816758544403 0.0314251465762 0.0318435930459 0.00931729884847 0.00879285189333 0.0183651844135 0.0168069051961 0.0214629154654 0.0189545168598 0.0167405586263 0.000559131432114 0.0176782453817 0.0136218177596 0.000152960010364 0.0171443163644 0.0290821526179 0.015037071723 0.0152649500688 0.0428563979628 -0.0110929800213 0.00472332681303 0.021059917291 0.0182112710244 0.00803918244122 -0.000468429242031 0.0134295513778 0.0144940809631 0.0175898565977 0.0195351488514 0.00554699073445 0.0366398560053 0.0102945635213 0.0119238740039 0.034223093525 0.0154992686746 0.00492315351216 0.0133193722563 0.0205606029133 0.0433824080676 0.0157672049618 0.0138260260641 
0.0205380428917 0.00894137112353 0.0276307942758 0.0299498756254 0.361277413272 -0.00215533945111 0.0131617405846 0.002088152384 -0.000261781281279 0.00676439107013 0.0159162887983 0.0320745079851 -0.00416933861722 0.000154741242034 0.00853695946517 0.0356384031959 0.011853687203 0.0149870222781 0.0136127921692 -0.0033993524062 0.0255660388487 -0.00688115539103 -0.021656638329 0.029112934648 0.0261187038143 0.0132511536025 0.0139939522245 0.0197690433769 -0.001691026571 0.0499725798296 0.056779206442 0.023409807119 0.0283021046117 0.00575288903989 0.0237624714263 0.0239160199403 0.0149343042742 0.00340524339175 0.0284504022059 0.0275615507426 0.0138726334533 0.00216555248901 -0.00803627244003 0.0898241053415 -0.0319538166148 0.0184428691218 0.0427561599191 0.039803533984 0.0145863962703 0.0234129269436 
0.0314478690493 -0.0142070068801 0.0101491067305 -0.00814081117599 -0.00215533945111 0.630060714486 -0.00569154163145 2.40610112816e-05 0.0165850509927 0.0308487974464 0.00660553428506 0.0199840286532 0.0255491034904 -0.0211536798774 0.0491680055182 0.0035744668638 0.0207716288455 0.00104146299631 0.0253875704182 -0.0245137188554 0.00834714287908 0.0135345761668 0.0150114432211 0.0318483256564 0.00332333013515 -0.00543661603657 0.0131282732321 -0.00806953050527 -0.00533650427098 0.0122135259546 0.0112872413237 0.0291013901967 -0.0124599191562 0.0231879272635 -0.00513867008879 0.0365738527937 0.0127948157935 0.01450831495 0.00956845641915 0.00695063862076 0.00298529644908 0.003456903308 0.0383083247989 0.00846148816838 0.00160644407371 0.0101191928925 -0.000183877695519 0.00977606236672 0.0177293475899 0.0106882882044 
0.00715753358079 0.00772829379739 0.00521810866559 0.00409738029784 0.0131617405847 -0.00569154163145 0.176311111529 0.0325815121465 0.00249221025143 -0.0102807985046 0.0203213522652 0.0110514824106 -0.00525141719743 0.0124965653081 0.0161877760636 -0.00578426539543 0.00674442455967 0.00739080567326 0.0103150969266 0.00472591508592 0.0125093575363 0.00628551724044 0.00476324606934 0.0112475766016 0.000202602497088 0.00439131111092 -0.010782788783 0.0116642241019 0.0036823052931 0.0104773867895 0.0100683482314 0.014893626924 0.00585286238257 0.0162942456539 -0.0082726444698 0.00975284956041 0.0150801673292 0.0127178519189 0.00640131799217 -0.00703978051272 0.0327796524251 0.0177193490975 0.0113761554379 -0.00866038324391 0.00450370645521 0.00306039454628 0.00811309118875 0.0208948037301 0.00775132767988 -0.0117337783044 
0.0135315893137 0.00716249596634 0.00806601511605 0.0174630002677 0.00208815238399 2.40610112824e-05 0.0325815121465 0.327416207313 0.00634367282081 0.00970056837449 0.029890632891 0.0215576815211 -0.00732090228599 -0.00259043959206 0.0317557360081 0.0183790113239 0.00921129650634 0.0279639525732 0.0186460783218 0.0501912588092 0.0274990423153 0.0179346779323 0.00461892505563 0.0656050695318 -0.0121971268029 0.0001159522932 0.0225088179593 0.0267880958832 0.00903032032135 0.0590925659902 0.00689623635372 0.0485594489045 0.05154050145 0.0083724604428 0.0204161663238 0.0149255630725 0.0197334862756 -0.00714705116935 0.0169464344246 0.0112273421381 -0.0069824675858 0.0118578243554 0.0181771866876 0.0152363806683 -0.0338196001537 0.0124719496316 0.0144292018459 -0.0276101431394 0.0205162700643 0.00869495607198 
0.0183823244173 -0.00712398841851 0.00166467407051 -0.00208428971302 -0.000261781281277 0.0165850509927 0.00249221025143 0.00634367282082 0.181072034658 -0.00340806595919 0.0155931194535 0.00406319562078 0.000712045325943 -0.0105887279598 0.00476982113001 -0.00849138333707 0.0172419049362 -0.00557514163224 0.02756248955 0.0376613348476 0.00610744326544 0.00973957765202 0.0258033703118 0.0056413224366 0.00227456511735 0.0209266862126 -0.00393403274547 0.00254088457726 0.021917826298 0.0135165406709 0.00448399699056 -0.00799328201286 0.00373739372496 -0.00275624910257 0.0085378589852 0.0132464140332 0.0222489933119 0.0124802633608 -0.0019299602279 0.0306842403116 -0.00107359238713 0.0129299928639 0.0113778114526 0.00883990275183 -0.00673177830326 -0.00431965343172 0.010404146258 0.0167423114369 0.021975723704 0.0112849590415 
0.0419279281413 2.86288749139e-05 0.0170505607388 0.000816758544402 0.00676439107013 0.0308487974464 -0.0102807985046 0.00970056837449 -0.00340806595919 0.353395300264 0.00361327006669 0.0202897866833 0.0105371338079 -0.00656300765209 0.0206421677244 -0.00720896774201 0.019649823828 0.0171918501231 0.00705436402757 0.00769233408404 0.0165251545064 -0.000685668806656 0.00684855172437 0.000396716209412 0.0234942102824 0.0145514325977 0.0311266229796 0.0142641142397 0.00509809746656 -0.00315281185601 0.0249474791737 0.0361425811464 0.00945157730586 0.0121269327558 -0.0100310389847 0.0348396940456 0.0321977477996 0.022592429842 0.00349284679563 0.029036041743 0.00552006864103 0.0123387975791 0.0474522628189 0.0193993118991 0.010909225132 0.0112712263454 0.0362847033593 0.0503422958469 -0.00928101738242 0.00379075715801 
0.0276216034374 -0.00203257986359 0.0262390311789 0.0314251465762 0.0159162887983 0.00660553428506 0.0203213522652 0.029890632891 0.0155931194535 0.00361327006669 0.243203586166 0.0306220785148 0.0371459245972 0.00582937742956 0.0526647439893 -0.00304939195257 0.0170741046323 0.00699954786894 0.0169917240941 0.0145511544654 0.0263436308875 0.0101299574975 0.00814542639953 0.0190549640129 0.0156540665292 0.00856506557763 0.0190028718215 -0.00327054831073 -0.00231086972473 0.040901805149 0.0191769914574 0.0161217824334 0.0295125346822 0.0228147935412 -0.000392119759651 0.037779932622 0.039857134759 0.0126031894479 0.0199065116552 0.0307526152197 0.00707272739365 0.0142130888129 0.0502217902185 0.0133708409539 0.0323732534183 0.005778697071 0.0440615537584 0.0065506413838 0.00912445774516 0.0169154407064 
0.0288525118074 0.00911763350736 0.0129184433923 0.0318435930459 0.0320745079851 0.0199840286532 0.0110514824106 0.0215576815211 0.00406319562078 0.0202897866833 0.0306220785148 0.257306696114 0.0212381784532 0.0152598362829 0.0384595505219 0.00877694765312 0.0213279021309 0.0219178989128 0.012467629168 -0.0067471609696 0.0260995334237 0.0382199852215 -0.00373409423501 0.0245933252071 0.0259925370725 0.031741464533 0.00711969533834 0.0301845396866 0.00929831002534 0.0254245315082 0.00751904745423 0.0545096132532 0.0109757061412 0.0054672216271 0.0238785757701 0.0439171134093 0.0177167077669 0.0205341596319 0.000335570045214 0.0328925818636 0.0161924825303 0.00116352048821 0.0184634473518 0.0189528541156 -0.0181838698105 0.00280767214527 0.0301193108561 -0.000400909922253 0.0375111494592 0.0047619811953 
0.0304765840457 0.0354414664071 0.00435882827939 0.00931729884847 -0.00416933861723 0.0255491034904 -0.00525141719743 -0.00732090228599 0.000712045325943 0.0105371338079 0.0371459245972 0.0212381784532 0.587948130631 -0.0199414720727 0.0453153378714 -0.01131040603 0.0206298178361 0.00835567578215 -0.00480261146685 0.0662933114546 0.00186838982041 -0.0185937747138 -0.0209232643825 0.0179300916412 -0.0126910964576 -0.00198276304943 0.0197254604848 -0.00250266840369 -0.0473027352522 -0.025584659435 -0.00246395795898 0.0139673473029 0.0240749382064 0.0226250831684 -0.00946444251329 0.0628443851658 0.0240051208729 -0.00104148970221 0.000570178910112 0.024833994092 0.0120251308739 0.0135006153159 0.0360375595203 0.014537961414 0.0312872460485 -0.0240860470249 0.0122854479257 -0.00895580922584 0.0207623154099 -0.00987771882286 
0.02130545416 0.0177339006258 -0.00140381267821 0.00879285189333 0.000154741242035 -0.0211536798774 0.0124965653081 -0.00259043959206 -0.0105887279598 -0.00656300765209 0.00582937742956 0.0152598362829 -0.0199414720727 0.300402070193 0.0152663663755 0.00487456828177 0.00649256707093 0.007901274284 0.0254891953673 0.00310809592824 0.00704516090739 0.0122147819202 0.00583965809605 0.0155058369123 0.00956914462687 0.000709856758063 0.011058172459 0.0137906990502 0.047628075467 0.00143495547512 0.0153150484698 0.00326817612206 0.0105223611086 0.015656914372 0.00823435226936 -0.0074025838425 0.0198506323113 0.0287699546466 0.00470474405328 -0.00549704013466 0.015879136623 0.00887525439836 0.00900479278241 0.000560372380298 -0.00925971831944 -0.000836292567281 0.00396354568369 -0.00349242467971 0.0268064583917 0.000307326600162 
-0.000261927504543 -0.0137530615202 0.0232208703936 0.0183651844135 0.00853695946517 0.0491680055182 0.0161877760636 0.0317557360081 0.00476982113001 0.0206421677244 0.0526647439893 0.0384595505219 0.0453153378714 0.0152663663755 0.451644066591 0.0102810124995 0.0345525456505 -3.05844461364e-05 0.0197560290931 0.0120047909005 0.0237748409915 0.0145260533127 0.00918740136661 0.0441477818097 -0.0157801711864 0.0263164243035 0.0146539316652 0.0282834420062 0.030173617526 0.00442274835813 0.014812937244 0.0158903790639 0.00687230100031 -0.00345749062778 0.0108097702294 0.0265605027797 0.0492673179433 0.0318270682038 0.0127745622669 0.042339828128 0.00562492795651 0.0308808695797 0.0536598954142 0.0197576424408 0.019795583752 0.000537982835525 0.0136030798212 0.0313944102226 0.0259758291456 0.000495768432038 
-0.000528789592936 -0.00231951560084 0.0126047741163 0.0168069051961 0.0356384031959 0.0035744668638 -0.00578426539543 0.0183790113239 -0.00849138333707 -0.00720896774201 -0.00304939195257 0.00877694765312 -0.01131040603 0.00487456828177 0.0102810124995 0.218733745065 0.00706574510727 0.00963471022446 0.015444231361 0.00655141931501 0.00486900468648 -0.0139227916418 0.000937406101798 0.0138801900076 0.0104864543561 -0.00445311875922 0.00553115744762 -0.00880763378984 -0.00200920753886 0.0264089416931 0.0106793351794 0.00966117711859 7.65572098744e-05 0.0388173675854 -0.0111936570833 -0.0045561872089 0.00109611409523 -0.00899665904907 0.00533550390172 -0.00238942228358 -0.0161786364049 -0.00385419574 0.0217966416736 -0.0016571657682 -0.0260643036822 0.0146940205138 -0.00191742279413 -0.000784305305717 0.0087156241891 0.00508985228221 
0.0237042468113 0.0147654540168 0.0191140255661 0.0214629154654 0.011853687203 0.0207716288455 0.00674442455963 0.00921129650635 0.0172419049362 0.019649823828 0.0170741046323 0.0213279021309 0.0206298178361 0.00649256707092 0.0345525456505 0.00706574510728 0.123546512157 0.0151655315865 0.0223316466204 0.0081046674881 0.0333327877403 0.0121395067779 0.00928680160629 0.0207054978114 0.0142179629347 0.00222161414641 0.0260147771356 0.0109988718188 0.00225800265454 0.00715319101504 0.0199991694922 0.0191600235335 0.00519679173725 -0.00468471329758 0.00971335427361 0.00318196002953 0.044478556945 0.0194094798457 0.0358599696081 0.0231178014297 -0.0022474137249 0.0118951282148 0.0293817532985 0.0446470853705 0.0216900213434 0.0175082515559 0.0438937838642 0.00898984781579 0.0236436683621 0.0233881284859 
0.0175892957867 0.014264394081 0.0160995639586 0.0189545168598 0.0149870222781 0.00104146299631 0.00739080567326 0.0279639525732 -0.00557514163224 0.0171918501231 0.00699954786894 0.0219178989128 0.00835567578215 0.007901274284 -3.05844461367e-05 0.00963471022447 0.0151655315865 0.15987345261 0.00861175217407 -0.00838953695847 0.0253111933188 0.0118017153646 0.0126286404948 0.00952827490001 0.00131994823599 0.0156682172401 0.00211789240394 0.00770028593505 0.0116624118098 0.0276566452418 0.018692105498 0.0172992848002 0.0314153278886 -0.000799914121664 -0.0149122590959 0.0135179171778 0.011641897616 0.0106815593624 0.035304094975 0.0193220790985 -0.00546343245877 0.00649826942382 -0.00560330953594 0.0128837455344 0.0112258252976 0.0142980460325 0.0126802360859 -0.00246519668158 0.00935878596602 0.0103314540144 
0.0377266219231 -0.00591904850523 0.0288347570387 0.0167405586263 0.0136127921692 0.0253875704182 0.0103150969266 0.0186460783218 0.02756248955 0.00705436402757 0.0169917240941 0.012467629168 -0.00480261146685 0.0254891953673 0.0197560290931 0.015444231361 0.0223316466204 0.00861175217407 0.251186052973 -0.010916173439 0.020459851737 0.021473684825 0.0278702231947 0.0315208463668 0.0218044192306 -0.00423759318782 -0.00697105966447 0.0453125038776 0.0182695625403 0.00700320098718 0.00734181754641 -0.017978048924 -0.00165535481343 0.0344062878412 0.00453426155641 0.0252904307442 0.0139019767147 0.0223917781205 0.0142361415884 0.0324593931776 0.00308842097854 0.000840155651717 0.0382950309106 0.00800593447475 0.0560704067929 0.0117606607505 0.0130535001062 -0.00274663907266 0.0246691638185 0.0101240260136 
0.0251966956682 0.019496851472 0.0203500630669 0.000559131432114 -0.0033993524062 -0.0245137188554 0.00472591508592 0.0501912588092 0.0376613348476 0.00769233408404 0.0145511544654 -0.0067471609696 0.0662933114546 0.00310809592824 0.0120047909005 0.00655141931501 0.0081046674881 -0.00838953695847 -0.010916173439 3.74837719627 -0.00455466214336 0.0312714712491 0.0149196336058 0.00896167820296 0.00240396248215 -0.00080473133477 -0.0221307571399 0.005633012297 0.00264657899307 -0.0379111784199 0.0193090442045 -0.0428985444336 -0.00809996726657 0.00589638591226 -0.0364501965122 0.0235670028153 0.0141382496901 -0.00316771687193 0.0173332666633 0.0162222725666 -0.0103434769174 0.0081520561584 0.00436748778517 0.0195234034749 -0.0191685235687 0.0102597610267 -0.00361932761467 0.0158647287573 -0.00869669750783 -0.00663025469551 
0.0146259391135 0.00850909522727 0.0124660099566 0.0176782453817 0.0255660388487 0.00834714287908 0.0125093575363 0.0274990423153 0.00610744326545 0.0165251545064 0.0263436308875 0.0260995334238 0.00186838982041 0.00704516090739 0.0237748409915 0.00486900468648 0.0333327877403 0.0253111933188 0.020459851737 -0.00455466214336 0.132346334833 0.00528752156422 0.00945390268815 0.00763903000735 0.0170010792286 0.0209331311475 0.00802807151319 0.0228711710334 0.0358263334074 0.00282044413323 0.00403662979375 0.0319808500994 0.0246388032905 0.00573908168299 -0.0039286241841 0.0287852025403 0.021725968683 0.0230844203037 0.0190679932121 0.0300199266374 -0.00023819993558 0.0119054520311 0.0189450941629 0.0270350446075 0.0218360936524 0.00891011960454 0.0178973980718 0.032264814893 0.0280319033462 0.020739808333 
0.0108166865318 -0.0117044280532 0.021849695023 0.0136218177596 -0.00688115539103 0.0135345761668 0.00628551724044 0.0179346779323 0.00973957765202 -0.000685668806655 0.0101299574975 0.0382199852215 -0.0185937747138 0.0122147819202 0.0145260533127 -0.0139227916418 0.0121395067779 0.0118017153646 0.021473684825 0.0312714712491 0.00528752156423 0.262037519086 0.0130988417449 0.00674820016797 0.0168918631683 0.0138626741591 0.0203961130537 0.0238836149748 0.00162288967512 0.0372217460033 0.0178332480221 0.0619841800289 0.014031048491 -0.000987942425994 0.0328096096701 0.0113437564009 0.00679426358303 0.00228321559038 0.0353292294662 0.0302629521305 0.0186218839974 0.00694574785022 -0.00625242049706 0.00828459088431 0.0168394890912 0.00318153537951 0.0232131768524 2.45305799729e-05 0.00941648802987 -0.00704871654467 
0.0150779025492 0.0100291048349 0.00217869834745 0.000152960010362 -0.021656638329 0.0150114432211 0.00476324606933 0.00461892505563 0.0258033703118 0.00684855172437 0.00814542639953 -0.00373409423501 -0.0209232643825 0.00583965809605 0.00918740136661 0.000937406101801 0.0092868016063 0.0126286404948 0.0278702231947 0.0149196336058 0.00945390268816 0.0130988417449 0.201903107604 0.00483171545634 0.0327793175916 0.0245013059793 0.00449978537621 0.000808027543354 0.00101968874417 0.00654409551704 -4.1442311466e-05 0.0280040057359 0.00465615322143 0.0379112818194 -0.00386819861286 0.00237743959035 0.0199315377424 0.00705203836926 0.01265492035 -0.00380313476048 -0.00189964832109 0.00592368977466 0.00938914041771 0.00161282429431 0.0377518458703 -0.00746192856023 0.0171822485252 0.00873397791742 -0.020990710873 0.0197679899354 
0.0395990342385 0.00501517111738 0.022245311829 0.0171443163644 0.029112934648 0.0318483256564 0.0112475766016 0.0656050695318 0.0056413224366 0.000396716209413 0.0190549640129 0.0245933252071 0.0179300916412 0.0155058369123 0.0441477818097 0.0138801900076 0.0207054978114 0.00952827490001 0.0315208463668 0.00896167820296 0.00763903000734 0.00674820016797 0.00483171545634 0.249811076591 0.0040857702754 0.0173030676998 0.017960802051 0.000560326143379 -0.00441326179113 0.0205774975402 0.028202149786 0.0141055745264 0.0145367146863 0.00939627228516 0.0137774426732 0.0173372069928 0.02657077718 0.0195323410715 0.0241983639786 0.0213915494419 0.00230517572884 0.0122959268241 0.0463335584434 0.0296180335572 0.0293821045882 0.0148445719133 0.0165940869197 0.0187573782493 0.0120503259329 0.0151709960679 
-0.00935835459303 0.00542988591673 0.00939694939638 0.0290821526179 0.0261187038143 0.00332333013515 0.00020260249709 -0.0121971268029 0.00227456511736 0.0234942102824 0.0156540665292 0.0259925370725 -0.0126910964576 0.00956914462687 -0.0157801711864 0.0104864543561 0.0142179629347 0.00131994823599 0.0218044192306 0.00240396248215 0.0170010792286 0.0168918631683 0.0327793175916 0.0040857702754 0.471441067836 0.0153970458051 0.0415929471827 0.0286535913067 0.00615637717561 0.0782602874894 0.00980308628817 -0.000754544610074 0.00640103216493 0.0150378759391 0.0366298195083 0.0467746973862 0.0102219639535 0.0237250085312 0.0350475644685 0.0146952402215 0.0160214196402 0.0141602478765 0.0246000827171 0.000553492365834 -0.00467655136993 0.0421877781765 0.00348079545879 0.00668330700124 -0.00249877399368 0.0451074115391 
0.0326969823908 0.0219102499812 0.0189454247896 0.015037071723 0.0132511536025 -0.00543661603657 0.00439131111092 0.000115952293199 0.0209266862126 0.0145514325977 0.00856506557763 0.031741464533 -0.00198276304942 0.000709856758063 0.0263164243035 -0.00445311875922 0.0022216141464 0.0156682172401 -0.00423759318781 -0.00080473133477 0.0209331311475 0.0138626741591 0.0245013059793 0.0173030676998 0.0153970458051 0.27331385357 0.0128801649979 0.0254982057459 0.0298019170313 0.0141569456269 0.00554083079155 0.0303203885684 0.0166686623041 0.0162750416215 -0.026021425495 0.0193864691102 0.010999072315 0.0187841360835 0.0105041554313 0.0265720418611 0.0120327099049 -0.0121300578066 0.0365721844743 0.00451723508226 0.0712604501763 0.029716602181 0.00971003645943 0.00911467765831 0.0126403556536 0.0187435313068 
0.0289659129064 0.0152377148655 0.00987542860712 0.0152649500688 0.0139939522245 0.0131282732321 -0.010782788783 0.0225088179593 -0.00393403274547 0.0311266229796 0.0190028718215 0.00711969533834 0.0197254604848 0.011058172459 0.0146539316652 0.00553115744762 0.0260147771357 0.00211789240394 -0.00697105966447 -0.0221307571399 0.00802807151317 0.0203961130537 0.00449978537622 0.017960802051 0.0415929471827 0.0128801649979 0.183559395258 0.00153913598968 0.0484657861274 0.0477945226561 0.0336450918818 0.0307383830733 0.0105647428193 0.00365985150453 0.0616181932417 0.0117691443513 0.0291933152684 0.0171427143474 0.0209022210769 0.0254924300449 0.00675256770566 0.0212527922524 0.0362853966509 0.044722422369 0.00694112069654 0.0241312971962 0.0331794471301 0.0037778652556 0.0251098392078 0.0357127101608 
0.0226440041508 0.0132696539104 0.00291015739589 0.0428563979628 0.0197690433769 -0.00806953050527 0.0116642241019 0.0267880958832 0.00254088457726 0.0142641142397 -0.00327054831073 0.0301845396866 -0.00250266840369 0.0137906990502 0.0282834420062 -0.00880763378984 0.0109988718188 0.00770028593505 0.0453125038776 0.005633012297 0.0228711710334 0.0238836149748 0.000808027543354 0.000560326143379 0.0286535913067 0.0254982057459 0.00153913598968 0.295823008332 0.0181891096905 0.00686227116471 0.0190458284009 0.00173048651149 0.0173108889632 0.00323605479202 0.0188427822004 -0.0190302258596 -0.00103769384424 -0.000176126059634 0.0199300434559 0.0147533092897 0.00223714555213 0.0073086165548 0.0430521180032 0.00451711850538 -0.00262953399595 0.0224702088491 0.0252848114575 0.0237794847169 0.0283730852769 0.00874743963953 
0.0440530285063 0.00320823445142 -0.00494019695706 -0.0110929800213 -0.001691026571 -0.00533650427098 0.0036823052931 0.00903032032135 0.021917826298 0.00509809746656 -0.00231086972473 0.00929831002534 -0.0473027352522 0.047628075467 0.030173617526 -0.00200920753886 0.00225800265454 0.0116624118098 0.0182695625403 0.00264657899307 0.0358263334074 0.00162288967512 0.00101968874417 -0.00441326179113 0.00615637717561 0.0298019170313 0.0484657861274 0.0181891096905 1.25843715989 0.0339850433901 0.042952203082 0.0297311580433 0.0184878591622 -0.00545484336891 0.00805526012958 0.0163611875884 0.00161304561107 0.0211246244515 0.0192147097813 0.0096211978929 -0.00547906940486 -0.0119474509843 0.0363076012821 0.0129749245447 0.0111628864507 -0.00363910168848 -0.0117367826289 0.018264012753 -0.00218841805678 0.0074738357839 
0.0303786354746 0.00669148448073 -0.0286239997192 0.00472332681303 0.0499725798296 0.0122135259546 0.0104773867895 0.0590925659902 0.0135165406709 -0.00315281185601 0.040901805149 0.0254245315082 -0.025584659435 0.00143495547512 0.00442274835813 0.0264089416931 0.00715319101504 0.0276566452418 0.00700320098718 -0.0379111784199 0.00282044413323 0.0372217460033 0.00654409551704 0.0205774975402 0.0782602874894 0.0141569456269 0.0477945226561 0.00686227116471 0.0339850433901 0.415500125559 0.0275010325577 0.0504573293045 0.021526184479 0.0423796656479 0.130791945614 0.0155735704393 -0.000461169650497 -0.000272048893794 0.0105891242223 0.00398893157902 -0.0101005490127 -0.00422925811952 0.0167944421829 0.0159792798707 0.0108741627448 0.0342520929466 0.0143970925256 0.0239716076717 0.0255715718356 0.0316101192002 
0.0219702767535 0.031902961314 0.0124292085493 0.021059917291 0.056779206442 0.0112872413237 0.0100683482314 0.00689623635372 0.00448399699057 0.0249474791737 0.0191769914574 0.00751904745423 -0.00246395795897 0.0153150484698 0.014812937244 0.0106793351794 0.0199991694922 0.018692105498 0.00734181754642 0.0193090442045 0.00403662979374 0.0178332480221 -4.14423114655e-05 0.028202149786 0.00980308628817 0.00554083079155 0.0336450918818 0.0190458284009 0.042952203082 0.0275010325577 0.27468645171 0.0404909204803 0.013598470399 0.0356328450229 0.0202585578156 -0.00537979707775 0.0132628666501 0.026731120541 0.0204666211641 0.0414800561239 0.0138869659015 0.00460731244304 0.0108873473617 0.0433212251789 -0.00590725948699 0.00953199204861 0.00781276510037 0.0438519140366 0.0230286271965 0.0189368243886 
0.0407466951394 0.0203142754849 0.00717447792884 0.0182112710244 0.023409807119 0.0291013901967 0.014893626924 0.0485594489045 -0.00799328201286 0.0361425811464 0.0161217824334 0.0545096132532 0.0139673473029 0.00326817612206 0.0158903790639 0.00966117711859 0.0191600235335 0.0172992848002 -0.017978048924 -0.0428985444336 0.0319808500994 0.0619841800289 0.0280040057359 0.0141055745264 -0.000754544610076 0.0303203885684 0.0307383830733 0.00173048651149 0.0297311580433 0.0504573293045 0.0404909204803 0.555699772185 0.0146221756527 0.00687838255636 0.0446919602838 0.0116204752084 0.00906674350379 0.0137500205456 0.00260137142804 0.0192481626956 -0.0118542323746 -0.00169965882309 0.0345146256907 0.00961623557269 0.0581504011443 0.0342955572745 0.0142183363835 0.00332444999913 0.0285919005001 0.0172840459954 
0.00717266398993 0.0355052611527 0.0224306894133 0.00803918244122 0.0283021046117 -0.0124599191562 0.00585286238257 0.05154050145 0.00373739372495 0.00945157730586 0.0295125346822 0.0109757061412 0.0240749382064 0.0105223611086 0.00687230100031 7.65572098739e-05 0.00519679173727 0.0314153278886 -0.00165535481343 -0.00809996726657 0.0246388032905 0.014031048491 0.00465615322144 0.0145367146863 0.00640103216493 0.0166686623041 0.0105647428193 0.0173108889632 0.0184878591622 0.021526184479 0.013598470399 0.0146221756527 0.258165768361 0.0131535723127 0.0106640042213 0.0309833353104 0.0136492557011 0.0148890299113 0.00221855907289 0.044789000288 0.0169677771144 0.00644853626152 -0.00229582433124 0.0106850700463 0.0549002592333 -0.013149449812 0.0142623826585 0.00377266001673 0.0139269331486 0.000824868062631 
0.0103014209885 -0.00527345154197 -0.00351992647547 -0.00046842924203 0.00575288903989 0.0231879272635 0.0162942456539 0.0083724604428 -0.00275624910257 0.0121269327558 0.0228147935412 0.0054672216271 0.0226250831684 0.015656914372 -0.00345749062778 0.0388173675854 -0.00468471329758 -0.000799914121664 0.0344062878412 0.00589638591226 0.00573908168299 -0.000987942425994 0.0379112818194 0.00939627228516 0.0150378759391 0.0162750416215 0.00365985150453 0.00323605479201 -0.00545484336891 0.0423796656479 0.0356328450229 0.00687838255636 0.0131535723127 0.491242852391 0.00485034406239 -0.00664338849499 0.0144258328898 -0.0040982623741 0.00560746282382 0.0414244309582 -0.00690653172082 0.00384504759448 0.034704012615 -0.0179353837354 0.0504877511493 0.0178915909299 -0.00916736358417 0.00261093567416 0.00357605813652 0.0194384646781 
0.0290922583986 -0.0156994998938 -0.00651327336185 0.0134295513778 0.0237624714263 -0.00513867008879 -0.00827264446979 0.0204161663238 0.0085378589852 -0.0100310389847 -0.000392119759651 0.0238785757701 -0.00946444251329 0.00823435226936 0.0108097702294 -0.0111936570833 0.0097133542736 -0.0149122590959 0.00453426155641 -0.0364501965122 -0.0039286241841 0.0328096096701 -0.00386819861286 0.0137774426732 0.0366298195083 -0.026021425495 0.0616181932417 0.0188427822004 0.00805526012958 0.130791945614 0.0202585578156 0.0446919602838 0.0106640042213 0.00485034406239 0.453849706613 0.00869836020691 0.00707235465381 0.00271396705422 -0.00830472767173 0.00364694323926 0.0107277505685 0.00347439948285 0.0356782907443 0.0172765577032 -0.00321682337896 0.0296616301947 0.0126186923286 0.0283163216763 0.0204974823543 0.0201606062099 
0.00463752799751 0.0112948458032 0.0186726661749 0.0144940809631 0.0239160199403 0.0365738527937 0.00975284956041 0.0149255630725 0.0132464140332 0.0348396940456 0.037779932622 0.0439171134093 0.0628443851658 -0.0074025838425 0.0265605027797 -0.0045561872089 0.00318196002952 0.0135179171778 0.0252904307442 0.0235670028153 0.0287852025403 0.0113437564009 0.00237743959035 0.0173372069928 0.0467746973862 0.0193864691102 0.0117691443513 -0.0190302258596 0.0163611875884 0.0155735704393 -0.00537979707775 0.0116204752084 0.0309833353104 -0.00664338849499 0.00869836020691 0.312424005378 0.0251243792439 0.00215276488093 0.0314106317847 0.0310387978786 -0.000857941959162 0.0183286669816 -0.000261588499759 0.0179868106109 0.00844290609076 0.00156276339442 0.0132678895708 0.0415670658121 0.0105047565511 0.00601817482799 
0.0389370730652 0.011027499373 0.0242480340522 0.0175898565977 0.0149343042742 0.0127948157935 0.0150801673292 0.0197334862756 0.0222489933119 0.0321977477996 0.039857134759 0.017716707767 0.0240051208729 0.0198506323113 0.0492673179433 0.00109611409523 0.044478556945 0.011641897616 0.0139019767147 0.0141382496901 0.021725968683 0.00679426358302 0.0199315377424 0.02657077718 0.0102219639535 0.010999072315 0.0291933152684 -0.00103769384424 0.00161304561107 -0.000461169650502 0.0132628666501 0.00906674350378 0.0136492557011 0.0144258328898 0.0070723546538 0.0251243792439 0.149301049068 0.0263946180401 0.0217268078163 0.0282198135274 0.0013768815192 0.0241891442335 0.0271735111049 0.049712540206 0.0492615714693 0.0328712187918 0.0517468051222 0.0148733358221 0.0307552106399 0.0122798284843 
0.0265574675216 0.000399083414026 0.0391368015902 0.0195351488514 0.00340524339175 0.01450831495 0.0127178519189 -0.00714705116935 0.0124802633608 0.022592429842 0.0126031894479 0.0205341596319 -0.00104148970221 0.0287699546466 0.0318270682038 -0.00899665904906 0.0194094798457 0.0106815593624 0.0223917781205 -0.00316771687193 0.0230844203037 0.00228321559038 0.00705203836925 0.0195323410715 0.0237250085312 0.0187841360835 0.0171427143474 -0.000176126059635 0.0211246244515 -0.000272048893792 0.026731120541 0.0137500205456 0.0148890299113 -0.0040982623741 0.00271396705422 0.00215276488093 0.0263946180401 0.143115274002 0.017284881995 0.0193278320031 -0.00344374486103 0.0129221224688 0.0292079623014 0.0196674639939 0.0248524782155 -0.00490429955608 0.0212435850556 0.028202971063 0.0246727099469 0.0110313294382 
0.0316652085577 0.0157693380112 0.0200179999841 0.00554699073445 0.0284504022059 0.00956845641915 0.00640131799218 0.0169464344246 -0.0019299602279 0.00349284679563 0.0199065116552 0.000335570045218 0.000570178910113 0.00470474405328 0.0127745622669 0.00533550390172 0.0358599696082 0.035304094975 0.0142361415884 0.0173332666633 0.0190679932121 0.0353292294662 0.01265492035 0.0241983639786 0.0350475644685 0.0105041554313 0.0209022210769 0.0199300434559 0.0192147097813 0.0105891242223 0.0204666211641 0.00260137142803 0.00221855907289 0.00560746282382 -0.00830472767173 0.0314106317847 0.0217268078163 0.017284881995 0.234389094603 0.024555226541 0.000170154968536 0.0188774995815 0.0135836622407 0.0340481581468 0.0220634493987 0.0256357867114 0.0234897815934 0.0114915470282 0.00547118756878 0.0232285716587 
0.0289276373648 0.0177375424984 0.0432320050545 0.0366398560053 0.0275615507426 0.00695063862076 -0.00703978051272 0.0112273421381 0.0306842403116 0.029036041743 0.0307526152197 0.0328925818636 0.024833994092 -0.00549704013466 0.042339828128 -0.00238942228358 0.0231178014297 0.0193220790985 0.0324593931776 0.0162222725666 0.0300199266374 0.0302629521305 -0.00380313476048 0.0213915494419 0.0146952402215 0.0265720418611 0.0254924300449 0.0147533092897 0.0096211978929 0.00398893157902 0.0414800561239 0.0192481626956 0.044789000288 0.0414244309583 0.00364694323926 0.0310387978786 0.0282198135274 0.0193278320031 0.024555226541 0.296497781014 0.0152839621107 0.00519294765077 0.0105467988319 0.0116139304156 0.0248595024283 0.0143897160758 0.0147561700164 0.0442088040369 0.0124797106969 0.0112684256528 
0.00462667729775 -0.0127729559983 0.0143329222164 0.0102945635213 0.0138726334533 0.00298529644908 0.0327796524251 -0.0069824675858 -0.00107359238713 0.00552006864103 0.00707272739365 0.0161924825303 0.0120251308739 0.015879136623 0.00562492795651 -0.0161786364049 -0.00224741372492 -0.00546343245877 0.00308842097854 -0.0103434769174 -0.00023819993557 0.0186218839973 -0.0018996483211 0.00230517572884 0.0160214196402 0.0120327099049 0.00675256770566 0.00223714555213 -0.00547906940487 -0.0101005490127 0.0138869659015 -0.0118542323746 0.0169677771144 -0.00690653172082 0.0107277505685 -0.000857941959165 0.00137688151921 -0.00344374486103 0.000170154968539 0.0152839621107 0.330607653719 -0.0159673874005 0.038175945208 0.0099355532349 0.00922771048144 0.00736085628594 -0.00888305392775 0.0289400075744 -0.00766844101465 0.00399939559371 
0.00637020429024 0.0195963772203 0.0153744905299 0.0119238740039 0.002165552489 0.003456903308 0.0177193490975 0.0118578243554 0.0129299928639 0.0123387975791 0.0142130888129 0.00116352048821 0.0135006153159 0.00887525439836 0.0308808695797 -0.00385419574 0.0118951282148 0.00649826942382 0.000840155651724 0.0081520561584 0.0119054520312 0.00694574785022 0.00592368977465 0.0122959268241 0.0141602478765 -0.0121300578066 0.0212527922524 0.0073086165548 -0.0119474509843 -0.00422925811951 0.00460731244304 -0.00169965882309 0.00644853626152 0.00384504759448 0.00347439948285 0.0183286669816 0.0241891442336 0.0129221224688 0.0188774995815 0.00519294765077 -0.0159673874005 0.136875607147 0.0177641174287 0.0166104763742 0.0288093434619 0.000545416493101 0.03093592093 0.0268000448137 0.00490469272329 0.00560702944579 
0.0409002256971 0.024240366125 0.0290063152797 0.034223093525 -0.00803627244003 0.0383083247989 0.0113761554379 0.0181771866876 0.0113778114526 0.0474522628189 0.0502217902185 0.0184634473518 0.0360375595203 0.00900479278241 0.0536598954142 0.0217966416736 0.0293817532985 -0.00560330953594 0.0382950309106 0.00436748778517 0.0189450941629 -0.00625242049706 0.00938914041771 0.0463335584434 0.0246000827171 0.0365721844743 0.0362853966509 0.0430521180032 0.0363076012821 0.0167944421829 0.0108873473617 0.0345146256907 -0.00229582433124 0.034704012615 0.0356782907443 -0.000261588499758 0.0271735111049 0.0292079623014 0.0135836622407 0.0105467988319 0.038175945208 0.0177641174287 0.3854136233 0.0177138807598 0.0197052433996 -0.00494355986944 0.0280535685721 0.0840672112169 0.0194889911731 0.0194317606319 
0.0189416808904 0.01743936472 0.0257508968959 0.0154992686746 0.0898241053415 0.00846148816838 -0.00866038324391 0.0152363806683 0.00883990275183 0.0193993118991 0.0133708409539 0.0189528541156 0.014537961414 0.000560372380297 0.0197576424408 -0.00165716576821 0.0446470853705 0.0128837455344 0.00800593447476 0.0195234034749 0.0270350446075 0.00828459088431 0.00161282429431 0.0296180335572 0.000553492365833 0.00451723508226 0.044722422369 0.00451711850538 0.0129749245447 0.0159792798707 0.0433212251789 0.00961623557269 0.0106850700463 -0.0179353837354 0.0172765577032 0.0179868106109 0.049712540206 0.0196674639939 0.0340481581468 0.0116139304156 0.0099355532349 0.0166104763742 0.0177138807598 0.199970594852 0.0132969477342 0.0134385392654 0.0401197058594 0.000941180315554 0.0210426709204 0.0187213819485 
0.0425895474017 0.0378399236666 0.0325835745723 0.00492315351216 -0.0319538166148 0.00160644407371 0.0045037064552 -0.0338196001537 -0.00673177830326 0.010909225132 0.0323732534183 -0.0181838698105 0.0312872460485 -0.00925971831944 0.019795583752 -0.0260643036822 0.0216900213434 0.0112258252976 0.0560704067929 -0.0191685235687 0.0218360936524 0.0168394890912 0.0377518458703 0.0293821045882 -0.00467655136994 0.0712604501763 0.00694112069653 -0.00262953399595 0.0111628864507 0.0108741627448 -0.00590725948699 0.0581504011443 0.0549002592333 0.0504877511493 -0.00321682337896 0.00844290609076 0.0492615714693 0.0248524782155 0.0220634493987 0.0248595024283 0.00922771048144 0.0288093434619 0.0197052433996 0.0132969477342 0.55241206726 0.00831801577292 0.0194082801268 -0.000377238668232 -0.0401348471183 0.00457718082421 
0.0265129203036 0.00478257112922 0.00815184563095 0.0133193722563 0.0184428691218 0.0101191928925 0.00306039454626 0.0124719496316 -0.00431965343174 0.0112712263454 0.00577869707101 0.00280767214526 -0.0240860470249 -0.000836292567286 0.000537982835525 0.0146940205138 0.0175082515559 0.0142980460325 0.0117606607505 0.0102597610267 0.00891011960455 0.00318153537952 -0.00746192856023 0.0148445719133 0.0421877781765 0.029716602181 0.0241312971961 0.0224702088491 -0.00363910168848 0.0342520929466 0.00953199204861 0.0342955572745 -0.013149449812 0.0178915909299 0.0296616301947 0.00156276339442 0.0328712187918 -0.00490429955606 0.0256357867113 0.0143897160758 0.00736085628595 0.00054541649313 -0.00494355986944 0.0134385392654 0.00831801577292 0.141844964993 0.0175157728856 0.0126612504212 0.0148871408156 0.0328134866752 
0.0124683415138 0.0150746908336 0.0252747361122 0.0205606029133 0.0427561599191 -0.000183877695519 0.00811309118876 0.0144292018459 0.010404146258 0.0362847033593 0.0440615537584 0.0301193108561 0.0122854479257 0.0039635456837 0.0136030798212 -0.00191742279413 0.0438937838642 0.0126802360859 0.0130535001062 -0.00361932761467 0.0178973980718 0.0232131768524 0.0171822485252 0.0165940869197 0.00348079545879 0.00971003645943 0.0331794471301 0.0252848114575 -0.0117367826289 0.0143970925256 0.00781276510037 0.0142183363835 0.0142623826585 -0.00916736358417 0.0126186923286 0.0132678895708 0.0517468051222 0.0212435850555 0.0234897815934 0.0147561700164 -0.00888305392775 0.03093592093 0.0280535685721 0.0401197058594 0.0194082801268 0.0175157728856 0.211216869334 0.0150854046513 0.0132602969512 0.01607654652 
