50
0.0203567883068 0.0129348444485 0.0289140833203 0.122670110856 0.134627172929 0.0861575830063 0.0917148498368 0.143358946574 0.204332601919 0.0560151075184 0.0798623823862 0.106465020668 0.0328492958576 0.0998681056981 0.0194782181544 -0.00168409401267 0.126514999345 0.123331646141 0.13534553156 0.034888990542 0.0994766710856 0.099400173405 0.046041615311 0.0214629747746 0.00851722536111 0.036872425502 0.101670797752 0.00646873977314 0.282509070746 -0.0108233812146 0.20394989535 0.0538940625226 0.104921073146 0.0578888041786 0.0674926048947 0.0328562524986 -0.00648668223639 0.0697795953642 0.0520830917934 0.0360508970818 0.00640420781163 0.072987431854 0.035272852014 0.0916953774684 0.0301615681032 0.0324129219316 0.0493934577213 0.201887649263 0.102922334335 0.0966324757555 
0.261874805655 0.024014475261 -0.00466949280783 0.00616146044125 -0.00355172352946 0.0251847229931 0.030021401452 0.00930204788764 -0.00984522544647 0.0373088540498 -0.0247421252664 0.0288232785981 0.0130702894734 0.0408109405748 0.0368361793571 0.0117707942963 0.0192379378324 0.00742374524743 0.0243265918733 -0.00404091883602 0.0136974326231 0.00309085066912 0.0217147188328 -0.00351945284848 0.00697519930522 0.0158950650522 0.01002322173 0.0437015070689 -0.00708897458283 0.000791160846051 -0.0183081371202 0.0201716637125 0.0266931784631 -0.00786621506732 0.00745271252071 0.0469874162838 0.000340279422995 0.00405020825569 0.00470985185533 0.0318912952067 0.0031102391259 0.0130045154568 0.00695905405082 0.00209642605215 0.021930685282 0.0126571043591 0.0102757336365 0.0109589245527 0.0152075526719 0.00975268123099 
0.024014475261 0.154204511615 0.0117316357469 0.00493983296879 0.0566826366824 0.0147673091626 0.00820389885085 0.00337741520932 -0.0075595814058 -0.00739070758334 -0.00448833254701 0.0181626597525 0.0154907111225 0.0116021640867 0.0212197867642 0.0173536918035 -0.00764993277267 0.0108942027915 0.0148452530377 0.011575062036 -0.00257214845661 0.0205593299498 0.0251415300725 0.013491556859 0.0176914559766 0.00712366010638 0.00384071705908 0.0289323284722 -0.00176562934118 0.00912950790749 -0.00160572288642 0.0181781066131 0.0129887942293 -0.000978861993953 0.0230426508162 0.0196313122805 -0.00796679570948 0.0131673098719 0.0105577046256 0.00851582122641 0.00707742589726 0.00882036430589 0.0372321922881 0.0129133115489 0.0162706147112 0.00547884566263 0.011023371524 0.00413961053321 0.0112730725127 0.0180865268674 
-0.00466949280783 0.0117316357469 0.204404139734 -0.00175872916709 0.0144885210505 -0.0142466753444 0.0215402541898 0.014078397509 -0.0101203364731 -0.00368263097386 0.0305413098857 0.0183741066572 -0.000938018968137 0.0234899819537 0.00219757694733 0.00741984277508 0.0548849354825 0.0058581731605 0.0147799475602 0.0271760347042 0.0270089584168 -0.00346237221512 0.0101392168716 0.00897159912072 0.0146666949104 0.00543510343191 0.0174069622586 0.0126108841996 0.0493389613749 0.0553352085543 -0.00190184069235 0.0206953864131 0.0099587769605 0.0215897852042 0.00459790635885 0.0207656268817 -0.00301498438268 0.0562203835217 0.0410415170886 0.0162645600074 0.0334062390114 0.0289324548748 -0.00286405062877 0.0114003902843 0.0149028290452 0.0125547200185 0.00689710486582 0.0304924059974 -0.00954606807504 0.0129019501334 
0.00616146044125 0.0049398329688 -0.00175872916709 0.356772320018 0.0406742938397 0.0600489478378 -0.00584839334005 0.00312487780722 -0.0136342966509 -0.00606944870345 0.00695155751725 0.00241162165556 0.0091338899007 -0.0191503441582 -0.00801742893352 0.0328766544945 0.0118371878634 0.027201028472 0.00518653569579 0.0157747574348 0.0138259304394 0.0151402045626 0.00862904530832 0.0187388375285 -0.00948510498616 -0.00348505798977 -0.0142107170448 0.00261722324359 -0.00738429043788 0.000276122419561 -0.00367492650475 -0.0135518386013 0.00790444997835 0.0448336156703 0.02644226571 0.000530905135745 -0.00245717311246 -0.0198090377285 -0.00388865477853 -0.0125291422331 0.016430395007 0.151234514176 0.00589199559402 0.0188786619549 0.0154770553918 0.0641915043315 0.00687654646896 -0.0177869365068 0.0192142657718 0.0117560071402 
-0.00355172352946 0.0566826366824 0.0144885210505 0.0406742938397 0.727169725682 0.0200958570653 0.015784306169 -0.0188857111625 -0.0161681994427 -0.014282173592 0.0160337767705 -0.00460949673046 0.00637096272064 0.0371611441108 0.00467333590692 0.0136739901604 0.0219307132074 0.0460352774893 0.00659271024329 0.0069162585353 0.0140459337863 0.0598157711508 0.0109211057107 -0.005679573759 0.0251544210122 0.00205933910553 -0.00223559129814 0.00948229163852 0.0414523007287 0.0149995863863 0.00122273741818 0.0168153083026 0.0259611897185 -0.00271806794366 0.0239741364009 0.0113350507773 0.0269248610458 0.0128731597366 0.00234921874058 0.0104227917364 0.030472128913 -0.0048756549928 -0.0137520783228 0.0249301289764 0.00479811732522 0.0244030140547 -0.021973535655 0.0279166301151 0.0576399018733 0.0904454540675 
0.0251847229931 0.0147673091626 -0.0142466753444 0.0600489478378 0.0200958570653 0.562310793013 -0.00847549566595 0.00996279830869 -0.0196198209507 0.0025122258872 0.00105721977867 0.0299900802012 0.0152294832923 0.0297573648624 0.0210948256037 0.0124998156264 0.00916934978987 0.0195213365983 0.0430345648898 0.0129350972391 0.00127673887247 0.0365133489022 0.0127995582891 0.00459300291799 -0.0102853440497 0.0303297887205 -0.00677284480935 0.0244231164746 0.0309134009574 0.00150089301672 0.0133238020041 0.0109792698821 0.0438997228483 0.0128328274209 0.0384457441395 -0.0174920535935 -0.00343933754523 -0.0113552104616 -0.00622311447255 0.0219625425419 -0.005327105417 0.00933187750466 0.0399977707502 -0.0128597535403 -0.00304309255131 0.00776168640241 0.00696648688918 0.0438730677546 -0.00130712969633 0.0140169080673 
0.030021401452 0.00820389885085 0.0215402541898 -0.00584839334005 0.015784306169 -0.00847549566595 0.164492245722 0.0205802431813 0.00254310990938 0.0209755773206 0.0206018209416 0.0161203576425 0.0266263343345 0.0193308295057 0.0305259462464 0.0195371630668 0.0133581312801 0.0340578944722 0.0295739803495 0.0169486195467 0.0233544343572 0.00912269038456 0.0470346052369 0.0207481477603 0.0294633542612 0.0235508586654 -0.00750069027085 0.020117142982 0.0383681386914 0.0204138917965 0.0123890997582 0.00353694092451 0.0247108626252 0.0113474491781 0.00774888140755 0.00620596216468 0.0107910066508 0.00698995667177 0.0244331655741 0.0136888438172 0.0199497601642 0.00380213977405 0.0220970179358 0.0338479616551 0.0726431404142 0.0147141520827 0.0255805699545 0.0529471140909 0.0139658624142 0.0291262325983 
0.00930204788764 0.00337741520932 0.014078397509 0.00312487780722 -0.0188857111625 0.00996279830869 0.0205802431813 0.663108688256 -0.00559139469995 0.0231105801853 0.0399394770377 0.020176452894 0.0181403786324 0.00126951567062 0.00982645798012 0.0308290239909 0.0226580904249 -0.0165566002912 0.0161114143102 0.0191613726141 0.0650192053636 0.0186470959427 0.0171157454872 0.0228814714603 0.0148734620148 0.0418889358655 0.0254146190199 0.00871619608158 0.0155180829846 0.0166963779518 0.052516120166 -0.0231988676622 0.0165604495621 0.0729025439865 0.00215122179489 0.0109424988751 0.0345023784891 -0.00897215007207 0.0225080146192 0.0401199941339 0.0408158724234 -0.0220489622243 0.0112386415454 0.038664538372 0.00733221307485 -0.0123869150459 0.0125165230837 0.00113075944983 0.000786084957787 -0.0131222866746 
-0.00984522544647 -0.0075595814058 -0.0101203364731 -0.0136342966509 -0.0161681994427 -0.0196198209507 0.00254310990938 -0.00559139469995 1.42735960788 -0.00502290318024 0.0346998802195 -0.0173648113118 -0.0196409083551 0.0046606229578 -0.00663893053126 0.0107736898011 -0.00273406255126 -0.0123860740538 -0.0141546299827 0.0152042062428 0.0253655221491 -0.025113203106 -0.0156559910948 -0.00336447629942 0.0240220586365 -0.0178409610642 0.0136471893477 0.000920267060886 0.0438272764228 -0.000484407553872 0.0422435745081 -0.0175843012097 -0.0252737511522 0.0485012485089 0.0164406475466 -0.0178726438237 -0.00827295065489 0.0128704167235 -0.00784059183586 0.0026414664012 0.0232396363202 0.014979732996 -0.00899598356068 0.0123538388635 -0.00712151103847 -0.00826552565976 -0.00732444584628 0.0274622373373 -0.00811706384251 0.0201297167794 
0.0373088540498 -0.00739070758334 -0.00368263097386 -0.00606944870345 -0.014282173592 0.0025122258872 0.0209755773206 0.0231105801853 -0.00502290318024 0.348898489118 0.0167908819403 0.0259232150263 0.0491763468415 0.0123694732696 0.0147040972727 0.0173671772472 0.0157555573733 -0.00591009171156 0.0239635281229 -0.00462575353768 -0.000168429699463 0.0248569096014 -0.00387960393941 0.0148766518858 0.0021644503342 0.0240197801694 0.0186105821228 0.00229443812487 -0.00873662343515 0.0145358743873 0.0263082077496 0.0393963674019 -0.00157989729629 0.0304526791811 -0.00905082481849 -0.00366574821193 0.0367395007619 0.00165204901093 0.00445334527343 0.0289972409433 0.0223831455181 -0.00503971400539 0.0132448824826 0.00539014143512 0.0174380206854 -0.00894663766832 0.012546663146 0.0490234976417 0.0145002949817 0.015847854673 
-0.0247421252664 -0.00448833254701 0.0305413098857 0.00695155751725 0.0160337767705 0.00105721977867 0.0206018209416 0.0399394770377 0.0346998802195 0.0167908819403 0.364420988593 -0.00752640587242 0.00164666266328 -0.026727508778 0.0145734783127 -0.00920290427659 0.0428769278636 -0.00546817932442 0.0363854043002 0.0159463691501 0.0320776077133 0.0369943886434 0.0116451210577 0.0299378420689 -0.00303365277951 0.0110430429206 -0.00383496661471 -0.00512432924035 0.0169893070446 0.0326419790633 0.124703230376 -0.0209845285411 0.0200520968494 0.133903762112 0.0357159528077 0.0415313310591 0.0150683261491 0.0340131572562 0.0302304465228 -0.00158459447509 0.0442295748006 0.0133407403042 0.0181607653334 0.0641544064713 0.0166708831306 -0.0183067813704 0.0157373901978 -0.0394982253235 0.00156869478029 0.00267600864644 
0.0288232785981 0.0181626597525 0.0183741066572 0.00241162165556 -0.00460949673046 0.0299900802012 0.0161203576425 0.020176452894 -0.0173648113118 0.0259232150263 -0.00752640587242 0.241899868133 0.0148245326373 0.00211033738082 0.0244554908592 0.0174372017925 0.0385825770064 0.0220406985151 0.0601979567563 -1.23967972784e-05 0.0164374990781 0.0125357509396 0.0221317307157 0.0247131738666 0.0141631902947 0.00605321446153 0.00945267962059 0.0183631081858 0.0482107402509 0.0341456055218 -0.00401361461936 0.0300932378638 0.0299715729475 0.0260535057237 0.0660281804701 0.0210460789975 0.0172753977408 -0.000883256126287 0.0125274274366 0.0198993858724 0.0120254226611 -0.00848151343192 0.0136860098441 0.0346341747517 0.0317870934466 -0.00212000401744 0.0175100002577 0.0149122840634 0.0171241740449 0.011395151906 
0.0130702894734 0.0154907111225 -0.000938018968137 0.0091338899007 0.00637096272064 0.0152294832923 0.0266263343345 0.0181403786324 -0.0196409083551 0.0491763468415 0.00164666266328 0.0148245326373 0.318730846294 0.0097548170953 0.0174330572335 0.0172429127935 0.0328232345479 0.0259726129782 0.00624546332607 0.0018455560535 -0.00129296022668 -0.000769342511239 0.00150936314254 -0.00979518173011 0.00571827028672 0.0147162877125 0.048106434024 0.0194796630396 0.0505083149163 -0.00188817056286 0.0202938372167 0.0608343449327 0.00376701884302 -0.0167547827556 0.00272706468865 0.021822412367 0.0400035888741 -0.00316076964561 0.0167028167021 0.0169857822396 0.0108954081614 0.00132331250117 0.00691939740171 0.0465345519436 0.012928661766 -0.00852268144218 0.011639908944 -0.00130934698663 0.0231220774205 0.0206719630746 
0.0408109405748 0.0116021640867 0.0234899819537 -0.0191503441582 0.0371611441108 0.0297573648624 0.0193308295057 0.00126951567062 0.0046606229578 0.0123694732696 -0.026727508778 0.00211033738082 0.0097548170953 0.391692355117 0.0295697824905 0.0187241520864 0.0201707605289 0.0717689460096 0.00589105015878 0.0149315026473 0.0352119953722 0.000985031785058 0.0142340123997 0.0060460526056 0.0285507669789 -0.00182963070644 0.00488951439071 0.0325902518575 0.0996126963505 0.0037739862114 0.021798602083 0.0684428047499 0.0194576795922 -0.00853335400719 -0.0136584630557 0.0286039734641 0.0307765009238 0.0366771810996 0.00326672705427 0.0192894921667 0.0159917051697 0.0360786575207 0.00998254694078 0.0390828888651 0.0413276637089 0.00201592681696 0.0163020091422 0.0397062039032 -0.00626127687454 0.0339398504139 
0.0368361793571 0.0212197867642 0.00219757694733 -0.00801742893352 0.00467333590692 0.0210948256037 0.0305259462464 0.00982645798012 -0.00663893053126 0.0147040972727 0.0145734783127 0.0244554908592 0.0174330572335 0.0295697824905 0.149831005092 0.0052109273496 0.00251372871377 0.0230417111394 0.034270889722 0.0216786106096 0.00284458869616 0.0342117254546 0.0411981606583 0.014334956898 0.0182232977826 0.0248187390266 0.00599758400394 0.0707517029905 0.00337872323955 0.0246499129638 -0.00502981588474 0.00373856950598 0.0212374069687 0.0156074541426 0.0205499420457 0.0166003694702 0.0010784251351 0.00513386322288 0.00852942821091 0.034100098673 0.0171162147977 0.00487416075724 0.0149335299348 0.0509762598228 0.0354457363201 0.013672788607 0.0296043019443 -0.00192317416478 0.0149154359244 0.0149058721161 
0.0117707942963 0.0173536918035 0.00741984277508 0.0328766544945 0.0136739901604 0.0124998156264 0.0195371630668 0.0308290239909 0.0107736898011 0.0173671772472 -0.0092029042766 0.0174372017925 0.0172429127935 0.0187241520864 0.0052109273496 0.0986684036376 -0.00105785958101 0.0170785091176 0.0167734311073 0.0102554237943 0.0180058655138 0.000447327219543 0.0131863180008 0.0137510618898 0.0150095094845 0.00512031526587 0.0108211733123 0.0105412262694 0.0113300934152 0.0130665421454 0.00772935451102 0.00374119968591 0.00874196031777 -0.00132721861637 0.000396106689592 0.0158178973457 0.0038621738143 -0.000608715983619 0.00667171168332 0.0127345154645 0.0122693014383 0.00944850763858 0.0214904407924 0.0101026862603 0.022930416148 0.0168834473367 0.0179684899484 0.017290752651 0.00642349203565 0.00894830324988 
0.0192379378324 -0.00764993277267 0.0548849354825 0.0118371878634 0.0219307132074 0.00916934978987 0.0133581312801 0.0226580904249 -0.00273406255126 0.0157555573733 0.0428769278636 0.0385825770064 0.0328232345479 0.0201707605289 0.00251372871377 -0.00105785958101 0.244386532004 -0.000867993606528 0.0329522792984 0.0111329673739 0.00712909439474 0.00578011151415 0.0206042508129 0.0262004583793 0.0263974912439 0.0124638927257 0.00356197427592 0.0045215617544 0.0197605633877 0.0443739971209 0.0631307539392 0.0226015279764 0.0237470940749 0.0440933008226 0.0127586332537 0.0496357116351 -0.00117897975928 0.0557169875364 0.0280752906994 0.0273090408608 0.0386041099445 -0.00176925129096 0.020475794787 0.0025402347256 0.0225469536157 0.00627125075912 0.0146126981495 0.00461153768085 0.0150922408141 0.0226837539313 
0.00742374524743 0.0108942027915 0.0058581731605 0.027201028472 0.0460352774893 0.0195213365983 0.0340578944722 -0.0165566002912 -0.0123860740538 -0.00591009171156 -0.00546817932442 0.0220406985151 0.0259726129782 0.0717689460096 0.0230417111394 0.0170785091176 -0.000867993606528 0.426227664766 0.0434447872046 0.00137051838016 0.0193012191186 0.0745564088955 0.0566871360216 -0.00446208700932 0.0118290533032 0.0267899132061 0.00354650041028 0.0315411152808 0.0492039716125 -0.00354250896742 0.0369470507716 0.0104695083448 0.0312829272161 0.0229832529721 0.0317622018019 -0.00975671683966 0.047437450018 -0.0041991650866 0.0159803496929 0.0347980401074 0.0166263524797 0.0170797200108 0.0110205986429 0.109239637836 0.0328680383315 0.024791370819 0.0231869508955 0.0217458865835 0.0835613574913 0.04390675927 
0.0243265918733 0.0148452530377 0.0147799475602 0.00518653569579 0.00659271024329 0.0430345648898 0.0295739803495 0.0161114143102 -0.0141546299827 0.0239635281229 0.0363854043002 0.0601979567563 0.00624546332607 0.00589105015878 0.034270889722 0.0167734311073 0.0329522792984 0.0434447872046 0.205258641837 0.0011705015702 -0.00877447501404 0.0190448117416 0.0225888450517 0.00651656885087 0.0151878108876 0.0341767302583 0.00746398897263 0.0336256741887 0.0678534116332 0.0196029960771 0.0156379403112 0.0166508688137 0.0615898676074 0.026670709055 0.00989995292466 0.018859436909 0.00574875403953 -0.00214704179988 0.0274407360692 0.0114363974868 0.0228353869132 0.00146692546326 0.0195463954295 0.0518159746572 0.0169781027729 0.0081122758767 0.0183604313538 -0.0146332564608 0.0187577562356 0.0155097078476 
-0.00404091883602 0.011575062036 0.0271760347042 0.0157747574348 0.0069162585353 0.0129350972391 0.0169486195467 0.0191613726141 0.0152042062428 -0.00462575353768 0.0159463691501 -1.23967972784e-05 0.0018455560535 0.0149315026473 0.0216786106096 0.0102554237943 0.0111329673739 0.00137051838016 0.0011705015702 0.136916154672 0.0292038151796 0.0159164063823 -0.000202734127616 0.0123064963961 0.0104934934789 0.00997034466768 0.0089336581467 0.016654725405 0.00283337700523 0.00895138619246 -0.00710038557081 -0.00184599314226 0.0186652338674 0.0071997608506 0.0192041611029 0.0102351800401 0.0156580518111 0.0388525448671 0.012196663561 0.0127689684108 0.00916436907329 0.0434336457874 0.0175233946989 0.0299828039537 0.0150401209744 0.0143398789324 0.00730203358537 0.0186952513384 0.0155896338674 0.0188192255673 
0.0136974326231 -0.00257214845661 0.0270089584168 0.0138259304394 0.0140459337863 0.00127673887247 0.0233544343572 0.0650192053636 0.0253655221491 -0.000168429699462 0.0320776077133 0.0164374990781 -0.00129296022668 0.0352119953722 0.00284458869616 0.0180058655138 0.00712909439474 0.0193012191186 -0.00877447501404 0.0292038151796 0.428285396807 0.00255291731266 0.0139188653669 0.0157529732153 0.00522844276301 -0.00247525271079 0.066363268519 0.00398955385558 -0.00731765689414 -0.0254911491492 0.0283561046967 0.00441938836766 0.00717079062018 0.0159316984423 0.00178964852172 -0.02510818376 0.00220486651945 0.0321772414257 0.0188040493755 0.0152384587274 0.0525489581302 0.0317116989777 -0.00309986084567 0.0321685221836 0.0197627836123 0.0299330071521 -0.00572041016593 0.012428837485 -0.019171615657 0.00782093553872 
0.00309085066912 0.0205593299498 -0.00346237221512 0.0151402045626 0.0598157711508 0.0365133489022 0.00912269038456 0.0186470959427 -0.025113203106 0.0248569096014 0.0369943886434 0.0125357509396 -0.000769342511239 0.000985031785058 0.0342117254546 0.000447327219542 0.00578011151415 0.0745564088955 0.0190448117416 0.0159164063823 0.00255291731266 0.32530087637 0.0113187093358 0.00343011216453 0.0156187451098 0.0199249597623 0.00119006955481 0.0137269429567 0.0560980098511 0.0117286102472 0.023186811011 0.0248507458024 0.032106929946 0.0312542793358 0.0393574207313 0.0309229208121 0.0108274857694 0.00720398664679 0.00427130209082 0.0212424212175 0.00738835844488 0.00615190625605 0.0205025332822 0.0525525340758 0.0123176708773 0.0158551388994 0.0195312044834 0.0114293247779 0.105371570752 0.0777539971857 
0.0217147188328 0.0251415300725 0.0101392168716 0.00862904530832 0.0109211057107 0.0127995582891 0.0470346052369 0.0171157454872 -0.0156559910948 -0.00387960393941 0.0116451210577 0.0221317307157 0.00150936314254 0.0142340123997 0.0411981606583 0.0131863180008 0.0206042508129 0.0566871360216 0.0225888450517 -0.000202734127616 0.0139188653669 0.0113187093358 0.279116310563 0.00637749223686 0.0163180519312 0.00892817271497 -0.00420957930305 0.077296904904 0.0116055169068 0.0179462401818 -0.0183159042447 -0.0103030157125 0.0628953222902 0.0106380511712 0.0049122113022 0.0216182785535 0.0394971365148 0.0198405160394 0.0175037064777 0.0535803747391 0.0160290178188 -0.00345451208137 0.0188958397003 0.0339768453009 0.0320552471186 0.0235757391001 0.0225454878265 -0.00375708332779 0.0137233778375 0.0222532022405 
-0.00351945284848 0.013491556859 0.00897159912072 0.0187388375285 -0.005679573759 0.00459300291799 0.0207481477603 0.0228814714603 -0.00336447629942 0.0148766518858 0.0299378420689 0.0247131738666 -0.00979518173011 0.0060460526056 0.014334956898 0.0137510618898 0.0262004583793 -0.00446208700932 0.00651656885088 0.0123064963961 0.0157529732153 0.00343011216453 0.00637749223686 0.146942475176 0.00681349064807 0.00786938179493 -0.00110911648972 0.011853856439 0.00755453048947 0.0269099744794 0.00989299059236 -0.00514615242529 0.00850653701208 0.039326346673 0.036716646063 0.00269408949576 -0.00477535662726 0.0415666202007 0.030808622652 0.0188161571401 0.0397522206571 0.0311475968587 0.00635206634981 0.0128465498722 0.0141226128889 0.000172967785801 0.00271482957293 0.00373018251509 0.00313306410599 0.0370273112102 
0.00697519930522 0.0176914559766 0.0146666949104 -0.00948510498616 0.0251544210122 -0.0102853440497 0.0294633542612 0.0148734620148 0.0240220586365 0.0021644503342 -0.00303365277951 0.0141631902947 0.00571827028672 0.0285507669789 0.0182232977826 0.0150095094845 0.0263974912439 0.0118290533032 0.0151878108876 0.0104934934789 0.00522844276301 0.0156187451098 0.0163180519312 0.00681349064807 0.139721729763 0.0160776350062 0.00926512132702 0.0295221978287 0.0239335992829 0.034297619657 0.0143540328899 0.012208765402 -0.00488504503446 0.00782422685397 0.00780096862457 0.00440385957704 -0.000752189748603 0.00668823922249 0.0169374813499 0.0200888519394 0.00814325622054 0.00904153644655 0.0240115353597 0.0273006202495 0.0332981697247 0.00802476813327 0.0226867008527 0.0094360545048 0.00457998730084 0.025136731724 
0.0158950650522 0.00712366010638 0.00543510343191 -0.00348505798977 0.00205933910553 0.0303297887205 0.0235508586654 0.0418889358655 -0.0178409610642 0.0240197801694 0.0110430429206 0.00605321446153 0.0147162877125 -0.00182963070644 0.0248187390266 0.00512031526587 0.0124638927257 0.0267899132061 0.0341767302583 0.00997034466768 -0.00247525271079 0.0199249597623 0.00892817271497 0.00786938179493 0.0160776350062 0.164832520183 0.00837341712087 0.0245016094894 0.00149067431505 0.0211352521601 -0.0188434159945 -0.0136371973295 0.0165614028865 0.00020944623367 0.0319359862139 0.00281341138867 0.0185967277621 0.00138010587653 0.0309781704732 0.0127190307841 -0.00168516062065 -0.00523729439601 0.0385812218536 0.00178994834139 0.0119448991232 0.0146005181637 0.0182047472229 0.0206545665686 0.00353128639452 0.0148680961001 
0.01002322173 0.00384071705908 0.0174069622586 -0.0142107170448 -0.00223559129814 -0.00677284480935 -0.00750069027085 0.0254146190199 0.0136471893477 0.0186105821228 -0.00383496661471 0.00945267962059 0.048106434024 0.00488951439071 0.00599758400394 0.0108211733123 0.00356197427592 0.00354650041028 0.00746398897263 0.0089336581467 0.066363268519 0.00119006955481 -0.00420957930305 -0.00110911648972 0.00926512132702 0.00837341712087 0.291995646204 0.0169210947919 0.00287737891361 0.00823096908531 0.0132026927391 0.00321061707637 0.0285805658628 -0.00252067151561 0.00300213672264 0.0143037735035 0.00551927637212 0.00234729610965 0.00334214130267 0.00997148418925 0.00817499164134 0.00920139982118 0.0119767365579 0.0494653869002 -0.00517014316298 -0.010886689994 0.0190714537811 0.0089668407003 -0.017896560013 0.00678253238299 
0.0437015070689 0.0289323284722 0.0126108841996 0.00261722324359 0.00948229163852 0.0244231164746 0.020117142982 0.00871619608158 0.000920267060886 0.00229443812487 -0.00512432924035 0.0183631081858 0.0194796630396 0.0325902518575 0.0707517029905 0.0105412262694 0.0045215617544 0.0315411152808 0.0336256741887 0.016654725405 0.00398955385559 0.0137269429567 0.077296904904 0.011853856439 0.0295221978287 0.0245016094894 0.0169210947919 0.152988695242 -0.017824874643 0.0293846549879 0.00326146346959 0.0121932645093 0.0322957488866 0.0135168747657 0.0159198625032 0.0078492788201 0.0050842721186 0.00420807740891 0.0126632006312 0.0462037108162 0.0126526732908 0.00320968992474 0.0139529092882 0.0552293574244 0.017761476401 0.0149778252569 0.0226578481504 -0.00125066452799 0.0153837162719 0.00699509630021 
-0.00708897458283 -0.00176562934118 0.0493389613749 -0.00738429043788 0.0414523007287 0.0309134009574 0.0383681386914 0.0155180829846 0.0438272764228 -0.00873662343515 0.0169893070446 0.0482107402509 0.0505083149163 0.0996126963505 0.00337872323955 0.0113300934152 0.0197605633877 0.0492039716125 0.0678534116332 0.00283337700523 -0.00731765689414 0.0560980098511 0.0116055169068 0.00755453048947 0.0239335992829 0.00149067431505 0.00287737891361 -0.017824874643 0.859165865661 0.0225885634953 0.0371788802418 0.0399806436316 0.0410801478164 0.0111073874174 -0.00385599498702 0.0521807359775 0.0213675922593 0.0716533086888 0.00922859693112 0.0459424763463 0.0111908399031 0.0343615529835 0.000448843919619 0.0120538053751 0.0335783380012 0.00612483345768 -0.00563944939515 0.093163780713 0.0100617468055 0.0096537855104 
0.000791160846051 0.00912950790749 0.0553352085543 0.000276122419561 0.0149995863863 0.00150089301672 0.0204138917965 0.0166963779518 -0.000484407553872 0.0145358743873 0.0326419790633 0.0341456055218 -0.00188817056286 0.0037739862114 0.0246499129638 0.0130665421454 0.0443739971209 -0.00354250896742 0.0196029960771 0.00895138619246 -0.0254911491492 0.0117286102472 0.0179462401818 0.0269099744794 0.034297619657 0.0211352521601 0.00823096908531 0.0293846549879 0.0225885634953 0.187358937362 0.0370634134005 -0.00212040169869 0.0155005684684 0.0536927974076 0.00704574704163 0.0160999281987 0.00807605639829 0.0615553464082 0.0352010259535 0.00679832010543 0.0296806147687 -0.00691513811229 -0.00270273288739 0.0170607648443 0.0103081342625 3.37203675842e-05 0.0102842656745 0.049506960033 0.0100802014554 0.00678631298975 
-0.0183081371202 -0.00160572288642 -0.00190184069235 -0.00367492650475 0.00122273741818 0.0133238020041 0.0123890997582 0.052516120166 0.0422435745081 0.0263082077496 0.124703230376 -0.00401361461936 0.0202938372167 0.021798602083 -0.00502981588474 0.00772935451102 0.0631307539392 0.0369470507716 0.0156379403112 -0.00710038557081 0.0283561046967 0.023186811011 -0.0183159042447 0.00989299059236 0.0143540328899 -0.0188434159945 0.0132026927391 0.00326146346959 0.0371788802418 0.0370634134005 0.735534734769 0.0331791643669 0.0134816592257 0.150983817094 0.00823082416196 0.0258722326169 0.0318250835665 0.036707258489 0.0047458410596 -0.00286618077967 0.0424594558821 0.0132097891841 -0.0131727678368 0.0809420496179 0.0277945065677 0.00793040245687 -0.0160045327233 0.0435928938148 -0.00852872102834 -0.0179046177568 
0.0201716637125 0.0181781066131 0.0206953864131 -0.0135518386013 0.0168153083026 0.0109792698821 0.00353694092451 -0.0231988676622 -0.0175843012097 0.0393963674019 -0.0209845285411 0.0300932378638 0.0608343449327 0.0684428047499 0.00373856950598 0.00374119968591 0.0226015279764 0.0104695083448 0.0166508688137 -0.00184599314226 0.00441938836766 0.0248507458024 -0.0103030157125 -0.00514615242529 0.012208765402 -0.0136371973295 0.00321061707637 0.0121932645093 0.0399806436316 -0.00212040169869 0.0331791643669 0.409335974355 -0.00751405853256 -0.0132116685443 -0.00772587507131 0.0138312621285 0.00598680243034 -0.0150951326199 0.00152796203694 0.00940210164496 0.00973781281642 -0.00978145798473 -0.0012278147877 0.00565039108865 0.00313805558369 0.0130093986331 0.0178032076257 0.0208697557831 0.037970954115 -0.00560270743556 
0.0266931784631 0.0129887942293 0.0099587769605 0.00790444997835 0.0259611897185 0.0438997228483 0.0247108626252 0.0165604495621 -0.0252737511522 -0.00157989729629 0.0200520968494 0.0299715729475 0.00376701884302 0.0194576795922 0.0212374069687 0.00874196031777 0.0237470940749 0.0312829272161 0.0615898676074 0.0186652338674 0.00717079062018 0.032106929946 0.0628953222902 0.00850653701208 -0.00488504503446 0.0165614028865 0.0285805658628 0.0322957488866 0.0410801478164 0.0155005684684 0.0134816592257 -0.00751405853256 0.248997529236 0.028658887916 0.00123850871303 0.00641833953569 0.0225726655459 0.0196437680179 0.00945073309642 0.0402660739644 0.0213912224209 -0.0118599880144 0.0214209946382 0.0551036100669 0.0193395977226 0.00560005879552 0.0443842090778 -0.00865042276523 0.00460656722707 0.0147173276026 
-0.00786621506732 -0.000978861993954 0.0215897852042 0.0448336156703 -0.00271806794366 0.0128328274209 0.0113474491781 0.0729025439865 0.0485012485089 0.0304526791811 0.133903762112 0.0260535057237 -0.0167547827556 -0.00853335400719 0.0156074541426 -0.00132721861637 0.0440933008226 0.0229832529721 0.026670709055 0.0071997608506 0.0159316984423 0.0312542793358 0.0106380511712 0.039326346673 0.00782422685397 0.00020944623367 -0.00252067151561 0.0135168747657 0.0111073874174 0.0536927974076 0.150983817094 -0.0132116685443 0.028658887916 0.387827534295 0.0441345920658 0.0178033440489 0.00650571813255 0.0193515543546 0.0420880408623 0.0117073176817 0.0472382117908 0.000557475843332 0.00527844913058 0.0201015390861 0.0144621477335 0.00110810214893 0.00249771830398 -0.0368362160123 0.0135879474285 -0.00391675215205 
0.00745271252071 0.0230426508162 0.00459790635885 0.02644226571 0.0239741364009 0.0384457441395 0.00774888140755 0.00215122179489 0.0164406475466 -0.00905082481849 0.0357159528077 0.0660281804701 0.00272706468865 -0.0136584630557 0.0205499420457 0.000396106689592 0.0127586332537 0.0317622018019 0.00989995292466 0.0192041611029 0.00178964852172 0.0393574207313 0.0049122113022 0.036716646063 0.00780096862457 0.0319359862139 0.00300213672264 0.0159198625032 -0.00385599498702 0.00704574704163 0.00823082416196 -0.00772587507131 0.00123850871303 0.0441345920658 0.334368067534 0.00661842114166 0.0121845444007 -0.00745142169791 0.0145007965867 0.0206406491147 0.0134180897664 -0.00734715529266 0.0456987279401 0.0308652824166 0.0337610839588 -0.00477701316251 0.0182715545594 0.0059804919122 0.00432284743529 0.0202469798017 
0.0469874162838 0.0196313122805 0.0207656268817 0.000530905135745 0.0113350507773 -0.0174920535935 0.00620596216468 0.0109424988751 -0.0178726438237 -0.00366574821193 0.0415313310591 0.0210460789975 0.021822412367 0.0286039734641 0.0166003694702 0.0158178973457 0.0496357116351 -0.00975671683966 0.018859436909 0.0102351800401 -0.0251081837601 0.0309229208121 0.0216182785535 0.00269408949576 0.00440385957704 0.00281341138867 0.0143037735035 0.0078492788201 0.0521807359775 0.0160999281987 0.0258722326169 0.0138312621285 0.00641833953569 0.0178033440489 0.00661842114166 0.313177023654 -0.00612213314356 0.0179952918216 0.0210918209987 0.00793416839577 0.0139266134121 0.0355533482697 -0.00307339199244 0.0323944678823 0.00958088758863 0.0183149515278 0.0278540837675 0.0165460863831 0.0402309630793 0.0126903478665 
0.000340279422995 -0.00796679570949 -0.00301498438268 -0.00245717311246 0.0269248610458 -0.00343933754523 0.0107910066508 0.0345023784891 -0.00827295065489 0.0367395007619 0.0150683261491 0.0172753977408 0.0400035888741 0.0307765009238 0.0010784251351 0.0038621738143 -0.00117897975928 0.047437450018 0.00574875403953 0.0156580518111 0.00220486651945 0.0108274857694 0.0394971365148 -0.00477535662726 -0.000752189748603 0.0185967277621 0.00551927637212 0.0050842721186 0.0213675922593 0.00807605639829 0.0318250835665 0.00598680243034 0.0225726655459 0.00650571813255 0.0121845444007 -0.00612213314356 0.253963127258 0.00870621107951 0.000463037376878 0.000764895773832 0.00666767862943 0.00923085678719 0.0226650834403 -0.00779467095032 0.0250516952213 0.0102802605297 0.0103959645919 0.00271891632458 0.0245229160277 0.00901172361506 
0.00405020825569 0.0131673098719 0.0562203835217 -0.0198090377285 0.0128731597366 -0.0113552104616 0.00698995667177 -0.00897215007207 0.0128704167235 0.00165204901093 0.0340131572562 -0.000883256126287 -0.00316076964561 0.0366771810996 0.00513386322288 -0.000608715983619 0.0557169875364 -0.0041991650866 -0.00214704179988 0.0388525448671 0.0321772414257 0.00720398664679 0.0198405160394 0.0415666202007 0.00668823922249 0.00138010587653 0.00234729610965 0.00420807740891 0.0716533086888 0.0615553464082 0.036707258489 -0.0150951326199 0.0196437680179 0.0193515543546 -0.00745142169791 0.0179952918216 0.00870621107951 0.4558325661 0.0635868670146 0.01254166673 0.0680958629176 0.0147202278873 0.0113227304909 0.0605762919552 -0.0268893941082 -0.000480008203476 0.0198196924956 0.0114194940231 0.00798475910097 0.00764321555494 
0.00470985185533 0.0105577046256 0.0410415170886 -0.00388865477853 0.00234921874058 -0.00622311447255 0.0244331655741 0.0225080146192 -0.00784059183586 0.00445334527343 0.0302304465228 0.0125274274366 0.0167028167021 0.00326672705427 0.00852942821091 0.00667171168332 0.0280752906994 0.0159803496929 0.0274407360692 0.012196663561 0.0188040493755 0.00427130209082 0.0175037064777 0.030808622652 0.0169374813499 0.0309781704732 0.00334214130267 0.0126632006312 0.00922859693112 0.0352010259535 0.0047458410596 0.00152796203694 0.00945073309642 0.0420880408623 0.0145007965867 0.0210918209987 0.000463037376878 0.0635868670146 0.210050032245 0.0195587399833 0.0231484588597 0.000580498135898 0.0247360444302 0.0126272200318 0.0132363241579 0.00658843432261 0.00896817884533 0.00555796730059 0.0171496051292 -0.00565082327551 
0.0318912952067 0.00851582122641 0.0162645600074 -0.0125291422331 0.0104227917364 0.0219625425419 0.0136888438172 0.0401199941339 0.0026414664012 0.0289972409433 -0.00158459447509 0.0198993858724 0.0169857822396 0.0192894921667 0.034100098673 0.0127345154645 0.0273090408608 0.0347980401074 0.0114363974868 0.0127689684108 0.0152384587274 0.0212424212175 0.0535803747391 0.0188161571401 0.0200888519394 0.0127190307841 0.00997148418925 0.0462037108162 0.0459424763463 0.00679832010543 -0.00286618077967 0.00940210164496 0.0402660739644 0.0117073176817 0.0206406491147 0.00793416839577 0.000764895773832 0.01254166673 0.0195587399833 0.166788571068 0.0176214305535 0.0209752249921 0.015006561132 0.0369241535067 0.0206913239943 0.0199876665686 0.00911978366098 -0.0153636045677 0.0141609764924 0.0156093381678 
0.0031102391259 0.00707742589726 0.0334062390114 0.016430395007 0.030472128913 -0.005327105417 0.0199497601642 0.0408158724234 0.0232396363202 0.0223831455181 0.0442295748006 0.0120254226611 0.0108954081614 0.0159917051697 0.0171162147977 0.0122693014383 0.0386041099445 0.0166263524797 0.0228353869132 0.00916436907329 0.0525489581302 0.00738835844488 0.0160290178188 0.0397522206571 0.00814325622054 -0.00168516062065 0.00817499164134 0.0126526732908 0.0111908399031 0.0296806147687 0.0424594558821 0.00973781281642 0.0213912224209 0.0472382117908 0.0134180897664 0.0139266134121 0.00666767862943 0.0680958629176 0.0231484588597 0.0176214305535 0.14361016194 0.0135200374929 -0.0117803068772 0.0428433570088 0.0163430732533 0.000653373077617 0.0211774988714 0.0235162458474 0.020835958949 0.0353783633985 
0.0130045154568 0.00882036430589 0.0289324548748 0.151234514176 -0.0048756549928 0.00933187750466 0.00380213977405 -0.0220489622243 0.014979732996 -0.00503971400539 0.0133407403042 -0.00848151343192 0.00132331250117 0.0360786575207 0.00487416075724 0.00944850763858 -0.00176925129096 0.0170797200108 0.00146692546326 0.0434336457874 0.0317116989777 0.00615190625605 -0.00345451208137 0.0311475968587 0.00904153644655 -0.00523729439601 0.00920139982118 0.00320968992474 0.0343615529835 -0.00691513811229 0.0132097891841 -0.00978145798473 -0.0118599880144 0.000557475843332 -0.00734715529266 0.0355533482697 0.00923085678719 0.0147202278873 0.000580498135898 0.0209752249921 0.0135200374929 0.445703028634 0.00878345075994 0.00943315202996 -0.00241829804904 0.101752265786 0.00206544833372 0.0242395259709 0.0144123864689 0.00534065774189 
0.00695905405082 0.0372321922881 -0.00286405062877 0.00589199559402 -0.0137520783228 0.0399977707502 0.0220970179358 0.0112386415454 -0.00899598356068 0.0132448824826 0.0181607653334 0.0136860098441 0.00691939740171 0.00998254694078 0.0149335299348 0.0214904407924 0.020475794787 0.0110205986429 0.0195463954295 0.0175233946989 -0.00309986084567 0.0205025332822 0.0188958397003 0.00635206634981 0.0240115353597 0.0385812218536 0.0119767365579 0.0139529092882 0.000448843919619 -0.00270273288739 -0.0131727678368 -0.0012278147877 0.0214209946382 0.00527844913058 0.0456987279401 -0.00307339199244 0.0226650834403 0.0113227304909 0.0247360444302 0.015006561132 -0.0117803068772 0.00878345075994 0.264900041884 0.0130527343884 0.0223970518983 0.0135032000197 0.00727190958434 0.01258857676 0.00415531037542 0.0105531945318 
0.00209642605215 0.0129133115489 0.0114003902843 0.0188786619549 0.0249301289764 -0.0128597535403 0.0338479616551 0.038664538372 0.0123538388635 0.00539014143512 0.0641544064713 0.0346341747517 0.0465345519436 0.0390828888651 0.0509762598228 0.0101026862603 0.0025402347256 0.109239637836 0.0518159746572 0.0299828039537 0.0321685221836 0.0525525340758 0.0339768453009 0.0128465498722 0.0273006202495 0.00178994834139 0.0494653869002 0.0552293574244 0.0120538053751 0.0170607648443 0.0809420496179 0.00565039108865 0.0551036100669 0.0201015390861 0.0308652824166 0.0323944678823 -0.00779467095032 0.0605762919552 0.0126272200318 0.0369241535067 0.0428433570088 0.00943315202996 0.0130527343884 0.502431594087 0.024310935973 0.0143685075585 0.0164191499051 0.015915920706 0.0167483807201 0.0394315848345 
0.021930685282 0.0162706147112 0.0149028290452 0.0154770553918 0.00479811732522 -0.00304309255131 0.0726431404142 0.00733221307485 -0.00712151103847 0.0174380206854 0.0166708831306 0.0317870934466 0.012928661766 0.0413276637089 0.0354457363201 0.022930416148 0.0225469536157 0.0328680383315 0.0169781027729 0.0150401209744 0.0197627836123 0.0123176708773 0.0320552471186 0.0141226128889 0.0332981697247 0.0119448991232 -0.00517014316298 0.017761476401 0.0335783380012 0.0103081342625 0.0277945065677 0.00313805558369 0.0193395977226 0.0144621477335 0.0337610839588 0.00958088758863 0.0250516952213 -0.0268893941082 0.0132363241579 0.0206913239943 0.0163430732533 -0.00241829804904 0.0223970518983 0.024310935973 0.208598842211 0.00962810496166 0.0087868908424 0.0107640934316 0.00589377332079 0.0223809772066 
0.0126571043591 0.00547884566263 0.0125547200185 0.0641915043315 0.0244030140547 0.00776168640241 0.0147141520827 -0.0123869150459 -0.00826552565976 -0.00894663766832 -0.0183067813704 -0.00212000401744 -0.00852268144218 0.00201592681696 0.013672788607 0.0168834473367 0.00627125075912 0.024791370819 0.0081122758767 0.0143398789324 0.0299330071521 0.0158551388994 0.0235757391001 0.000172967785801 0.00802476813327 0.0146005181637 -0.010886689994 0.0149778252569 0.00612483345768 3.37203675843e-05 0.00793040245687 0.0130093986331 0.00560005879552 0.00110810214893 -0.00477701316251 0.0183149515278 0.0102802605297 -0.000480008203476 0.00658843432261 0.0199876665686 0.000653373077617 0.101752265786 0.0135032000197 0.0143685075585 0.00962810496166 0.260124411236 -0.00227869966023 0.00895239082444 0.026856988017 0.00831685272116 
0.0102757336365 0.011023371524 0.00689710486582 0.00687654646896 -0.021973535655 0.00696648688918 0.0255805699545 0.0125165230837 -0.00732444584628 0.012546663146 0.0157373901978 0.0175100002577 0.011639908944 0.0163020091422 0.0296043019443 0.0179684899484 0.0146126981495 0.0231869508955 0.0183604313538 0.00730203358537 -0.00572041016593 0.0195312044834 0.0225454878265 0.00271482957293 0.0226867008527 0.0182047472229 0.0190714537811 0.0226578481504 -0.00563944939515 0.0102842656745 -0.0160045327233 0.0178032076257 0.0443842090778 0.00249771830398 0.0182715545594 0.0278540837675 0.0103959645919 0.0198196924956 0.00896817884533 0.00911978366098 0.0211774988714 0.00206544833372 0.00727190958434 0.0164191499051 0.0087868908424 -0.00227869966023 0.161338045841 -0.00477094901237 0.0127897646504 0.0107728137549 
