50
0.12825177486 0.139274044211 0.0756818342608 0.0205902908148 0.134627172929 0.0268374832388 0.0907505897935 0.10004428458 0.0194782181544 0.0594362545722 0.080702843163 0.00265371642944 0.00496789573306 0.10431458653 0.158066549078 0.0482129600444 0.0831393543584 0.0485380268731 0.0636277148901 0.0810581507116 0.0785253906611 0.0896854693356 0.0839491815724 0.0800542827641 0.0506400072768 0.00792878112812 0.070293401022 0.0176197090425 0.0300114281637 0.0979044774238 0.282509070746 0.0247676168055 0.0697795953642 0.0479071153807 0.168192385625 0.0307338128464 0.171628318037 0.082081594572 0.0946915784272 0.0291549562933 0.00194148072761 0.144106781955 0.065309734793 0.0172601721071 0.0316717201181 0.0300310371189 0.0433119494187 0.0214629747746 0.0493934577213 0.357744060202 
0.538721012792 0.0103568265244 0.0269118348548 -0.0117997866036 0.021091003906 0.0105685684298 -0.00590126057029 0.00381540741669 0.0188891533257 0.0121542035413 0.0898200263749 0.00531646423747 0.0293055770155 -0.0412616378922 -0.0318213254816 0.0206312960829 0.0299981123213 0.00869355681185 0.00706839777878 0.00327976182078 0.0107382196748 -0.000534209239769 -0.0120518727888 0.00847537700476 0.00175815949786 0.0160584566872 0.0173733079492 0.0128688456669 -0.000130664174132 0.0136915944409 0.0117440636444 0.00995004001277 0.00152482606725 0.0479796716114 -0.0165190871691 0.0123731283686 0.0297052676899 0.012104372469 0.0097670060343 0.0129069328791 0.0124541818977 0.00195903296281 0.028933543706 0.0143441334721 0.0217204280783 0.0172672472847 0.0123986579819 0.0258578909064 0.00709350869095 0.00520280626181 
0.0103568265244 0.594478747181 0.0124568821287 0.0493456247549 0.0218167627946 0.0193400697521 0.00145866921643 0.0850287462619 0.0119704382853 0.0208936353504 0.0394395101381 0.0143516436893 0.00215521280536 0.0569126377787 0.0184015443669 0.0142072633567 0.0170712358225 0.0293035165021 0.00454061960578 0.0162271341492 0.0761972747058 0.0197728517237 0.145106765192 0.104227026113 0.0921451686136 -0.00117784706763 0.00971960915495 0.00994833003921 0.0281998192214 0.0425642467491 0.141621154317 0.0104142952234 0.0419524292249 0.0325514096857 -0.0358677655965 0.0179982849904 0.0351239970144 0.0558706613049 0.0507597247736 0.0268712164918 0.0349613880336 0.027115404001 0.0297311714718 0.0168355896636 0.0542581206108 -0.013388292365 0.0378276840506 0.00512772109312 0.00886058918096 -0.0135763780627 
0.0269118348548 0.0124568821287 0.208387550256 0.00331781726685 0.020071225641 0.00928311582592 0.0345606165505 -0.00851758005908 0.0269737015853 0.00935515161765 0.0117289888413 -0.00157177259692 0.00540043693696 0.00241400004296 0.0174429271766 0.0136930671077 0.00645922272205 0.0110917369101 0.00699359613215 0.0151268325394 -0.00122887444578 0.0114819704345 0.000456296958063 0.0098454276957 0.00257769787369 0.0115281751339 0.0121921323522 0.0193087514879 0.0250130641236 0.037844481929 -0.0136261109786 0.0130618231847 0.0249097998008 0.031908626325 -0.0141643573056 0.0321197725709 0.00650740813347 0.00466414468627 0.00622261541155 0.00740714877051 0.0160630769794 0.0203159323719 0.00634057375632 0.015064387948 -0.00504417390414 0.0117417809251 0.0201247415889 0.0091918684137 0.00663830564847 0.0628720738485 
-0.0117997866036 0.0493456247549 0.00331781726685 0.292746549316 0.0220742084517 0.0104667941348 -0.00239870248277 -0.00678289819716 0.0174741475301 0.0024134457495 0.0183486774011 0.00863884504267 0.0293395807556 0.025842427834 0.0225178897974 0.0168809089127 0.00898280617588 0.0145415287577 -0.0237074075716 0.0195343962047 0.0205526196476 0.0237373441414 -0.0145152556044 0.0308879892272 0.01543090834 0.0222892073427 0.0278236046544 0.00174694906949 -0.00502004293922 0.0083999071339 0.0528107338755 0.0120559626166 0.0208663605483 0.0142445559416 0.0088379881533 0.0243359530795 0.0302680063333 0.00373240925198 0.0471543698179 0.00448517502231 -0.000114862195736 0.0238905343986 0.0169472449657 0.00775904138987 0.0225718256025 0.00413368145926 0.0181407133157 0.00487227912238 0.0126596575425 -0.0061090203236 
0.021091003906 0.0218167627946 0.020071225641 0.0220742084517 0.734130825096 0.00167370497498 -0.00227680012267 -0.00593910157617 0.00942990883307 0.0367633810661 0.00825206616305 -0.00178634834604 0.00790101340502 0.0659747422797 -0.0102014093923 0.00396275809827 0.0518054087493 0.00897035583182 0.0260132496202 0.00847280602526 0.0452849537075 0.0174008192023 0.0084734728388 0.00545202242888 0.00426140782024 0.0132595284958 0.0100500167686 -0.0212336061753 0.00236539243582 0.0289024970963 0.0424921576678 0.0142748360329 0.0153034585852 0.0206881385249 -0.0326111413967 0.00108532763602 0.0119414431815 -0.00998667924951 0.00755674034387 0.00549537211235 0.0386954986623 0.0330466931689 0.0504462085781 0.00109305918729 0.00306832511777 -0.0114836616399 0.0149451898801 -0.000958151619647 -0.0165763733306 0.0108542749416 
0.0105685684298 0.0193400697521 0.00928311582592 0.0104667941348 0.00167370497498 0.156199212443 0.0128806451206 0.0185366859373 0.00792240842099 0.0143631278847 -0.0112065387237 0.0113543323151 0.00636132198378 0.0163185177823 -0.0114803699265 -0.00153661283494 0.0200221945147 0.00910018491268 0.00244131343977 0.011633650846 0.0260531980997 0.015272031316 0.00981034852521 -0.000158568907095 0.00457279999541 0.00161228794742 0.0301724649106 0.000158340396881 -0.00199402064486 0.00237301133769 0.000637551547631 0.0127250280324 0.0134980256037 0.0088202509892 0.00779954341871 0.017675678702 0.00274136801552 0.0171841733042 0.0188122206643 0.015382823626 0.00724144775554 -0.00611352771283 0.00503423589824 0.0151704714769 0.0335830639625 0.0127870391096 0.000219287150964 0.00148481347969 0.00447537465565 0.0196429138665 
-0.00590126057029 0.00145866921643 0.0345606165505 -0.00239870248277 -0.00227680012267 0.0128806451206 0.336111515037 0.0388126559329 0.0337217746415 0.0171733620868 -0.022263940506 0.0046831162086 0.00568302220017 0.0118489805957 0.00891021807951 0.0146295603781 0.00797709273989 0.0192771078192 0.00313562682894 0.0203866239639 -0.00823579539288 0.0142870424179 0.0283003154466 -0.0110165250416 0.046635041965 0.0300941789523 0.0191011337732 -0.0064191450567 0.0116841134226 0.0012628417684 0.0301586853707 0.00857183783111 0.010693257014 0.011992343383 0.0338072294334 0.00447182471764 0.0225261674254 0.00120707452691 0.0169711153547 0.0154072320003 0.0209270142807 0.00738689896494 0.0256010099743 0.0320325630678 0.000850771764754 -0.00338689372608 0.0195632910732 0.000601296267006 0.0342142979601 0.00958183779917 
0.0038154074167 0.0850287462619 -0.00851758005908 -0.00678289819716 -0.00593910157617 0.0185366859373 0.0388126559329 0.4953033223 0.0326736230816 0.056452949596 0.0174151508413 -0.00319656269798 0.0464900641849 0.0213416400538 -0.0166818031269 0.045130467613 0.0289622363842 0.0229958779898 0.00306839339254 0.0452473591516 0.0645406670356 0.0275944522242 -0.0117658305391 0.00572281466576 0.0293860863136 0.0375184303381 0.0218405202868 0.0309356476291 0.0255998814528 -0.0103177727622 0.0636111301891 0.00568522152013 0.00935226721626 0.0151697299645 -0.0204579731335 0.0367105632377 0.0710283811952 0.0553585312147 0.029230542459 0.00987477423962 0.0305629496193 -0.0159838390532 0.0151982009995 0.0264584119815 0.0248769868841 0.011976069357 0.0227499501861 0.00785001801386 0.0129838221354 0.00468719986596 
0.0188891533257 0.0119704382853 0.0269737015853 0.0174741475301 0.00942990883307 0.00792240842099 0.0337217746415 0.0326736230816 0.161185346893 0.0134643630256 0.00595322258064 0.0249943411495 0.0135010267928 0.0029970302181 0.00182463492858 0.0109233651799 0.0152559578093 0.0546463614498 0.0151427157817 0.0148825525952 0.0207588982963 0.020483185485 0.0371288158623 0.00798182789338 0.0407721714379 0.0242058661451 0.0142008239996 0.00926396026253 0.0343960650607 0.0233088579956 0.00340501845866 0.0307188233353 0.0108735565325 0.0224250348725 0.00833160259317 0.0125320013786 0.0266328213239 0.0235973256224 0.0113600642048 0.00624494792 0.0357953487001 0.00291633822244 0.00141075659137 0.0213100444244 0.0048858653605 0.0195476588841 0.0329075595936 0.0123211474374 0.0263665693767 -0.00108048908995 
0.0121542035413 0.0208936353504 0.00935515161765 0.0024134457495 0.0367633810661 0.0143631278847 0.0171733620868 0.056452949596 0.0134643630256 0.272308035177 0.013441131425 0.0129877654578 0.0303589283515 0.0218859130333 0.00781693978396 0.00732669806966 0.00537952561296 0.00491637260379 0.00162780363767 0.0449610475039 0.00953636681629 0.0270951450336 -0.0131539762891 0.0484836293356 0.0188186477326 -0.00335365148562 -0.00968218054157 0.0335671581322 0.0281232434572 0.0244451708422 0.0148534360338 0.00497633867233 0.00849910644788 0.0187418084699 0.0173346599367 0.0116604555009 0.0153944021606 0.064263208993 0.0222255966555 0.0201441843581 0.0389983560287 -0.0169201143072 0.0131985642588 0.0191434992226 0.019034336562 0.0175347778609 0.0105291264162 0.0134423555757 0.0160367283867 0.0271761383164 
0.0898200263749 0.0394395101381 0.0117289888413 0.0183486774011 0.00825206616305 -0.0112065387237 -0.022263940506 0.0174151508413 0.00595322258064 0.013441131425 0.421332599758 0.00539359656692 0.0263633064247 0.00652402302987 -0.00984524925611 0.0334869531327 -0.0089132676472 -0.0102338713933 0.00143793872682 0.0298177837208 0.00852187849719 0.0352721880072 -0.00240536893136 0.00963408549219 0.0207952802378 0.0255954478325 0.0349791625111 -0.00156401554007 -0.0124037369754 -0.0367881017763 0.119382109016 0.00915220006137 0.0474703303516 -0.00558393369982 0.038964966761 -0.0100080278466 0.00386473649025 0.0471637157021 0.0212269573933 0.033397889203 0.0261075480258 0.00950779670273 0.00788743682099 0.0187806906797 0.0268664193753 0.0387571076971 -0.0137442859921 0.0318636167934 0.00379809100148 0.0217674070275 
0.00531646423747 0.0143516436893 -0.00157177259692 0.00863884504267 -0.00178634834604 0.0113543323151 0.00468311620861 -0.00319656269798 0.0249943411495 0.0129877654578 0.00539359656692 0.187478988549 -0.00476900403108 0.114841105684 0.0236215263265 0.00483466506093 -0.00254962911756 0.0132686438424 0.00258947536351 0.00677523022332 0.00237546148379 0.00278463755598 -0.0217051462771 0.0093666376234 0.000378376377842 0.00669414552503 -0.0169829620902 -0.000395049664723 0.0105967906689 0.000479947377211 0.016967599778 0.00869987052053 0.0127317906958 -0.00471766449447 0.107390601893 0.00964244984053 0.00617524754859 -0.00236885589123 0.00883532269028 0.0064867818754 0.0110510513865 -0.00449859477026 -0.00300322436623 0.0146617324704 0.00517512224233 0.00795660301445 0.00450829621033 0.00173729925756 0.0119328754987 -0.00353317157042 
0.0293055770155 0.00215521280536 0.00540043693696 0.0293395807556 0.00790101340502 0.00636132198378 0.00568302220017 0.0464900641849 0.0135010267928 0.0303589283515 0.0263633064247 -0.00476900403108 0.168325178277 0.010782939238 0.00868365262832 -0.00493718844344 -0.00296481417118 0.0047961131571 0.000948782854333 0.0250204017691 0.00551396253384 -0.00068828274524 0.00644276303502 -0.000893129270132 0.0190115635902 0.00380216407879 -0.00429855408101 0.0182104849564 0.0101443791083 -0.0134975487958 0.0157559242139 0.0106497070477 0.0455994120247 0.0279219231984 0.0093345548469 0.0182034969217 0.0344884524363 0.0208297508117 0.00308324613046 -0.00984118464602 0.0126954918577 0.00513349901251 0.000967057292662 0.0125110688619 0.02554737485 0.020720483942 0.00681375699944 0.0269719775813 0.0127898725511 0.0190980143375 
-0.0412616378922 0.0569126377787 0.00241400004296 0.025842427834 0.0659747422797 0.0163185177823 0.0118489805957 0.0213416400538 0.0029970302181 0.0218859130333 0.00652402302987 0.114841105684 0.010782939238 0.492976447813 -0.0128295562555 0.0266916397076 0.0476690330967 0.0128126361266 0.0104252120976 0.00929805459951 0.0529676348192 0.0108717861218 0.0444064733109 0.0281782056964 0.0102602014519 0.0046195599532 0.0250389428906 0.009464563544 0.0238364843954 0.0105870016994 0.098076058168 0.00875692315259 0.0104904166033 0.0106479129319 0.231077458859 0.0010785060662 0.0631940555548 0.0180260334399 0.0322380405482 0.0361837648645 0.00743462473336 0.0307745081753 -0.0190749751388 0.020187357926 0.00113072993828 -0.0029749017526 0.00928615416077 0.00713954030518 -0.00973824273878 0.0417848866632 
-0.0318213254816 0.0184015443669 0.0174429271766 0.0225178897974 -0.0102014093923 -0.0114803699265 0.00891021807951 -0.0166818031269 0.00182463492858 0.00781693978396 -0.00984524925611 0.0236215263265 0.00868365262832 -0.0128295562555 0.68120864745 -0.0228345870125 -0.0386858360863 -0.00293664913918 -0.0301638500897 -0.0198204459941 -0.0138923908022 -0.01651009987 0.00666974525323 -0.00330233623818 0.0043619806939 0.00469956825174 -0.0136910257518 0.0177948583864 -0.0112446113222 -0.00509512300834 -0.0352219414914 0.0232983221529 0.00115013248769 0.03437246239 0.0482278534773 -0.00591210804131 -0.0308592646553 0.000449411467154 -0.0223850175245 -0.00639007870605 0.0211653702247 0.0191656632273 0.0109676787061 0.0169652654241 -0.010803059224 0.00516704728365 0.00424219526098 -0.0310472020237 1.74031946341e-05 0.00269110361185 
0.0206312960829 0.0142072633567 0.0136930671077 0.0168809089127 0.00396275809827 -0.00153661283494 0.0146295603781 0.045130467613 0.0109233651799 0.00732669806967 0.0334869531327 0.00483466506093 -0.00493718844343 0.0266916397076 -0.0228345870125 0.245781173163 0.0132954610463 0.0112357796536 0.00103814485236 0.0189323767119 0.0256768521845 0.0288859529718 0.00381547918186 0.0129317608029 -0.00189440786247 -0.00552200185202 0.00927978429639 -0.00593054946955 0.0130440246917 0.0109271446986 0.0236599892929 0.00464658586902 0.00354892649031 0.0213020739333 0.0109535990366 0.0309470284369 0.0501504035777 0.00465520484699 0.0367615947236 0.0987609631754 0.0150235581814 0.0179662027571 0.0126158060049 0.00899374959473 0.0231405666756 0.0710251932075 0.0448501191382 0.00457680685568 0.0109762541371 0.0408969681579 
0.0299981123213 0.0170712358225 0.00645922272205 0.00898280617588 0.0518054087493 0.0200221945147 0.00797709273989 0.0289622363842 0.0152559578093 0.00537952561296 -0.0089132676472 -0.00254962911756 -0.00296481417118 0.0476690330967 -0.0386858360863 0.0132954610463 0.29677753189 -0.010913602455 0.0266578110585 -0.0107242478197 0.0407718698344 0.0190797459169 0.00500523908139 0.0234291753415 0.0189071143451 -0.00891977846362 -0.00212410734198 0.0106463813674 0.0184891311417 -0.00255903840679 0.0159877802863 0.00365196895745 0.0116644643502 0.00952481917024 0.0185103127741 0.0206285320533 0.0295029527718 0.0320210938144 0.0211498449907 0.0141922272995 0.0307104673924 -0.00782235887164 0.0219319059116 0.0165379639515 -0.000411589812953 -0.00745104048817 0.00958498744515 -0.0152887637604 0.00730038384001 0.0199338432423 
0.00869355681185 0.0293035165021 0.0110917369101 0.0145415287577 0.00897035583182 0.00910018491268 0.0192771078192 0.0229958779898 0.0546463614498 0.00491637260379 -0.0102338713933 0.0132686438424 0.0047961131571 0.0128126361266 -0.00293664913918 0.0112357796536 -0.010913602455 0.185130940007 0.00625113626197 0.0155131267853 0.00698986902543 0.0148372891218 0.0562887572075 0.0243401771598 0.0241485509167 0.00937033146747 0.00543775196898 0.00712979656148 0.014825087433 0.0265982658025 0.0022530436342 0.0248629223197 0.0124106118026 0.000344609612651 0.0176536287995 0.01006991485 0.00910800895262 0.00660271474225 0.0140887394724 0.00730978779911 0.0172924457523 0.00750288195043 0.015352594618 0.0188734297202 0.00968036496557 0.00853493095908 0.019483451749 0.0161941731664 0.01930062836 -0.00427241030222 
0.00706839777878 0.00454061960578 0.00699359613215 -0.0237074075716 0.0260132496202 0.00244131343977 0.00313562682894 0.00306839339254 0.0151427157817 0.00162780363767 0.00143793872682 0.00258947536351 0.000948782854333 0.0104252120976 -0.0301638500897 0.00103814485236 0.0266578110585 0.00625113626197 0.236494249683 0.0293909565946 0.0215224291558 0.0216895532148 0.0172260056406 0.00344757703164 -0.00453131138836 0.00333460461656 -0.00478746247579 0.00383467868827 0.0134756569506 0.0468132994809 -0.00521990786211 0.00591776904683 -0.00161571854089 0.0145739407622 -0.00941576905643 0.0105741657376 0.0178308368275 0.0047380760817 0.00155148162128 -0.0138530867962 0.00368419354622 -0.00246435436464 -0.00495167790517 0.000983066506418 -0.00939823493286 0.0203987611937 0.0133119787277 0.00826679493398 0.0197766505147 0.0146592561164 
0.00327976182078 0.0162271341492 0.0151268325394 0.0195343962047 0.00847280602527 0.011633650846 0.0203866239639 0.0452473591516 0.0148825525952 0.0449610475039 0.0298177837208 0.00677523022332 0.0250204017691 0.00929805459951 -0.0198204459941 0.0189323767119 -0.0107242478197 0.0155131267853 0.0293909565946 0.197611262465 0.0396804773748 0.0262862235582 0.0162558120527 0.00829088744177 0.0308773140094 0.0284618480526 0.0229298678338 0.0164509421221 0.0134447677525 0.00165865913934 -0.0171681565075 0.0115925180133 0.0215593866012 0.00683484150836 0.0377766993561 0.0155212608064 0.0182401553174 0.0677772897109 0.0184764728576 0.013344375247 0.0230243289391 -0.00646920699757 0.0225702857228 0.011129305811 0.0391128867105 -0.00755372340104 0.0185220648576 0.0195630130488 0.0309966518763 -0.0285853875726 
0.0107382196748 0.0761972747058 -0.00122887444578 0.0205526196476 0.0452849537075 0.0260531980997 -0.00823579539288 0.0645406670356 0.0207588982963 0.00953636681629 0.00852187849719 0.00237546148379 0.00551396253384 0.0529676348192 -0.0138923908022 0.0256768521845 0.0407718698344 0.00698986902543 0.0215224291558 0.0396804773748 0.308012729307 0.029424096181 0.0450463830107 0.0274645410473 0.0341569780128 0.0224534149647 0.0360309486342 0.0204753520739 0.0129110142365 0.0162340084466 0.0275018436501 0.0205749497336 0.0402837978069 -0.00227614810212 0.00892777070355 0.00741880781254 -0.000362868704116 0.0174581828895 0.00546178996962 -0.00136701048414 0.00428712933686 -0.0059483182856 0.0151893143124 0.0172510276606 0.00302712625788 0.00877396254799 0.0333070786322 0.0115672273598 0.00769637901449 -0.00201977638773 
-0.000534209239768 0.0197728517237 0.0114819704345 0.0237373441414 0.0174008192023 0.015272031316 0.0142870424179 0.0275944522242 0.020483185485 0.0270951450336 0.0352721880072 0.00278463755598 -0.00068828274524 0.0108717861218 -0.01651009987 0.0288859529718 0.0190797459169 0.0148372891218 0.0216895532148 0.0262862235582 0.029424096181 0.254049455167 -0.0103854855294 0.0104625742008 0.0543600707092 -0.00623148620157 -0.0188463483942 0.0218112349125 0.0217478073861 0.019687037693 0.00385551338615 0.026635453399 -0.000463050920069 0.00699289534558 -0.00213266055555 0.0139742030175 0.000644366399572 0.00690487039374 0.00728043973977 0.0184054603633 0.0325204863868 0.00187760399245 0.0103190357643 -0.00255615263381 0.03271046429 0.00968210757267 0.0115602353832 0.010095350433 0.0309563993578 -0.00274986898515 
-0.0120518727888 0.145106765192 0.000456296958063 -0.0145152556044 0.0084734728388 0.00981034852521 0.0283003154466 -0.0117658305391 0.0371288158623 -0.0131539762891 -0.00240536893136 -0.0217051462771 0.00644276303502 0.0444064733109 0.00666974525323 0.00381547918186 0.00500523908139 0.0562887572075 0.0172260056406 0.0162558120527 0.0450463830107 -0.0103854855294 0.576898662987 0.0243174087803 0.040748712396 -0.0203096698252 0.00988761765242 0.0245821382996 0.0221731265688 0.0053345564434 0.0454200287531 0.0128903317725 -0.00962263268592 0.0133398353409 0.0372073639898 -0.0142779145456 0.00202182686712 -0.0118859413748 0.00345118964236 0.004176368179 0.0297409002658 -0.00244363499107 -0.00546492362758 -0.000800197413106 0.0182400216515 -0.00787863123415 0.0351892817239 0.00205636293334 0.0321328404352 0.0340967018285 
0.00847537700476 0.104227026113 0.0098454276957 0.0308879892272 0.00545202242888 -0.000158568907093 -0.0110165250416 0.00572281466576 0.00798182789338 0.0484836293356 0.00963408549219 0.0093666376234 -0.00089312927013 0.0281782056964 -0.00330233623818 0.0129317608029 0.0234291753415 0.0243401771598 0.00344757703164 0.00829088744177 0.0274645410473 0.0104625742008 0.0243174087803 0.326929513277 0.00386744659913 0.0204574611424 -0.00959925025851 0.00752058955633 0.0149836428704 0.0446969778857 0.0117245016277 0.00463580764368 0.0191477520147 0.0206023188172 0.0281471856127 0.0117355333356 0.0240835549282 0.0137149125797 0.00202447816726 0.0200121304275 0.0129915891825 -0.0160542940192 -0.00201174030756 0.00669657341258 0.0315657696349 0.00796616785925 0.00740527910576 -0.0107734585981 0.0200532238394 0.0233217390357 
0.00175815949786 0.0921451686136 0.00257769787369 0.01543090834 0.00426140782024 0.00457279999541 0.046635041965 0.0293860863136 0.0407721714379 0.0188186477326 0.0207952802378 0.000378376377842 0.0190115635902 0.0102602014519 0.0043619806939 -0.00189440786246 0.0189071143451 0.0241485509167 -0.00453131138836 0.0308773140094 0.0341569780128 0.0543600707092 0.040748712396 0.00386744659913 0.507930662284 0.0195716434506 0.00979693380429 0.00173933233649 0.0174927652806 -0.0131716362121 0.044391434607 0.0195980682284 -0.0167532223569 0.0161081159658 0.0252324635237 -0.00767008921797 0.0174276927568 0.0291970365935 0.00757265412481 0.00425547762177 0.0439224711695 0.0220217810287 0.0438193267896 0.0166083043045 0.0341402875623 0.0114556274153 0.0179592988868 0.0322614434938 0.0222789894033 0.0104909876474 
0.0160584566872 -0.00117784706763 0.0115281751339 0.0222892073427 0.0132595284958 0.00161228794742 0.0300941789523 0.0375184303381 0.0242058661451 -0.00335365148562 0.0255954478325 0.00669414552503 0.00380216407879 0.0046195599532 0.00469956825174 -0.00552200185203 -0.00891977846362 0.00937033146747 0.00333460461656 0.0284618480526 0.0224534149647 -0.00623148620157 -0.0203096698252 0.0204574611424 0.0195716434506 0.231939073838 0.0260002183255 0.00110705254967 0.0177869376557 0.0124330930717 0.0245311596951 0.0179257880559 0.00220496562549 0.0126049264838 0.0166768442265 0.010407229488 0.00783058311064 0.0221292179588 0.00139628611399 -0.0118883205306 -0.00369927114318 -0.00961890422984 0.0212350330733 0.0179550707005 0.0148593891644 -0.0020668517794 0.00265342628658 0.0154221126627 0.0109833310149 -0.0357596090148 
0.0173733079492 0.00971960915495 0.0121921323522 0.0278236046544 0.0100500167686 0.0301724649106 0.0191011337732 0.0218405202868 0.0142008239996 -0.00968218054157 0.0349791625111 -0.0169829620902 -0.00429855408101 0.0250389428906 -0.0136910257518 0.00927978429639 -0.00212410734198 0.00543775196899 -0.00478746247579 0.0229298678338 0.0360309486342 -0.0188463483942 0.00988761765242 -0.00959925025851 0.00979693380429 0.0260002183255 0.302915623002 0.0259199614406 0.0141513651413 0.0302215695453 0.0250694821283 0.00965374148948 -0.00579323985735 0.028349744211 -0.00589274276168 0.00781912331909 0.0113244068847 0.0335035824274 0.0258259731198 0.00272395859433 -0.00845865816273 0.01432523563 0.0124200373061 0.0628171655106 -0.0030783826958 0.0132799509051 0.0233771071451 -0.00351591439099 0.00531208251544 0.123635313029 
0.0128688456669 0.00994833003921 0.0193087514879 0.00174694906949 -0.0212336061753 0.000158340396882 -0.0064191450567 0.0309356476291 0.00926396026253 0.0335671581322 -0.00156401554007 -0.000395049664723 0.0182104849564 0.009464563544 0.0177948583864 -0.00593054946955 0.0106463813674 0.00712979656148 0.00383467868827 0.0164509421221 0.0204753520739 0.0218112349125 0.0245821382996 0.00752058955633 0.00173933233649 0.00110705254967 0.0259199614406 0.18311537606 0.0215848762853 0.00234632742035 0.0272022185879 0.0120210731794 0.0143344491526 -0.00153973902463 0.000339121026411 0.00143438201363 0.00558337172214 -0.00304216782115 0.002660118352 -0.0153943716132 0.021420518294 -0.00786986907579 0.00584967007575 0.0216798894434 -0.00037293416306 0.00494990852622 0.0105276861791 0.0189180500639 -0.00279519688614 0.00236071948966 
-0.000130664174132 0.0281998192214 0.0250130641236 -0.00502004293922 0.00236539243582 -0.00199402064486 0.0116841134226 0.0255998814528 0.0343960650607 0.0281232434572 -0.0124037369754 0.0105967906689 0.0101443791083 0.0238364843954 -0.0112446113222 0.0130440246917 0.0184891311417 0.014825087433 0.0134756569506 0.0134447677525 0.0129110142365 0.0217478073861 0.0221731265688 0.0149836428704 0.0174927652806 0.0177869376557 0.0141513651413 0.0215848762853 0.212753347387 0.0144718904479 -0.0131406958979 0.00930651416368 0.00920979324779 0.029626101896 0.00351623939568 0.0130053321808 0.0169805304526 0.0225148120504 0.0175158898749 0.0159028354256 0.0196680672109 0.0140006734381 0.0140756483515 0.0143972234154 0.0157953782689 0.00795232605303 0.0379180281675 0.0211510373323 0.0138341812923 0.0146438330102 
0.0136915944409 0.0425642467491 0.037844481929 0.0083999071339 0.0289024970963 0.00237301133769 0.0012628417684 -0.0103177727622 0.0233088579956 0.0244451708422 -0.0367881017763 0.00047994737721 -0.0134975487958 0.0105870016994 -0.00509512300834 0.0109271446986 -0.00255903840679 0.0265982658025 0.0468132994809 0.00165865913934 0.0162340084466 0.019687037693 0.00533455644339 0.0446969778857 -0.0131716362121 0.0124330930717 0.0302215695453 0.00234632742035 0.0144718904479 0.513891330878 0.0170724639299 0.00426340869951 0.00701249591648 -0.0285823174329 -0.00856897622252 0.0270390078273 0.0034224965459 0.00222230411121 0.00895007421632 0.0271325023442 0.0119574603807 0.0215014999471 -0.00822497611101 0.0148971340654 -0.0151010413355 -0.00404402597186 0.0156529196926 0.0314977532205 0.0161835633241 -0.00550768382607 
0.0117440636444 0.141621154317 -0.0136261109786 0.0528107338755 0.0424921576678 0.00063755154763 0.0301586853707 0.0636111301891 0.00340501845866 0.0148534360338 0.119382109016 0.016967599778 0.0157559242139 0.098076058168 -0.0352219414914 0.0236599892929 0.0159877802863 0.0022530436342 -0.00521990786211 -0.0171681565075 0.0275018436501 0.00385551338615 0.0454200287531 0.0117245016277 0.044391434607 0.0245311596951 0.0250694821283 0.0272022185879 -0.0131406958979 0.0170724639299 0.840551110235 0.00225232863805 0.0700696708384 0.00516349050042 0.0416684062597 0.00225861513254 -0.00822198417259 0.053534614583 0.06262542885 0.0121608462182 0.012282954778 0.120885392584 0.00272998566128 0.0320978421009 0.0180928914827 -0.00268502734068 0.0247756578038 0.00473240867292 -0.00662213706201 -0.00501243471722 
0.00995004001277 0.0104142952234 0.0130618231847 0.0120559626166 0.0142748360329 0.0127250280324 0.00857183783111 0.00568522152013 0.0307188233353 0.00497633867233 0.00915220006137 0.00869987052053 0.0106497070477 0.00875692315259 0.0232983221529 0.00464658586902 0.00365196895745 0.0248629223197 0.00591776904683 0.0115925180133 0.0205749497336 0.026635453399 0.0128903317725 0.00463580764368 0.0195980682284 0.0179257880559 0.00965374148948 0.0120210731794 0.00930651416368 0.00426340869951 0.00225232863805 0.120757214753 0.0082187982156 0.0118506027212 0.00555966274159 0.0134894808018 0.0178458256011 0.011153674806 0.0178824023878 0.010866612672 0.0272965705697 0.02626033671 0.0109422020331 0.0149724682467 -0.000315538331693 -0.0157836292749 0.0132485431334 0.0158528463372 0.0289982177487 -0.00922548439483 
0.00152482606725 0.0419524292249 0.0249097998008 0.0208663605483 0.0153034585852 0.0134980256037 0.010693257014 0.00935226721626 0.0108735565325 0.00849910644788 0.0474703303516 0.0127317906958 0.0455994120247 0.0104904166033 0.00115013248769 0.00354892649031 0.0116644643502 0.0124106118026 -0.00161571854089 0.0215593866012 0.0402837978069 -0.000463050920069 -0.00962263268592 0.0191477520147 -0.0167532223569 0.00220496562549 -0.00579323985735 0.0143344491526 0.00920979324779 0.00701249591648 0.0700696708384 0.0082187982156 0.472059578556 0.00151984585517 0.02114971914 0.0211666250421 -0.00312079677501 0.0165965557415 -0.00564267573727 0.000207852818195 0.0053388916858 0.00475026772421 0.0311561905339 0.0146529588425 0.0166782282764 0.0179453052556 0.00608550156085 0.0492688079018 0.0200375672526 0.0550342329681 
0.0479796716114 0.0325514096857 0.031908626325 0.0142445559416 0.0206881385249 0.0088202509892 0.011992343383 0.0151697299645 0.0224250348725 0.0187418084699 -0.00558393369982 -0.00471766449447 0.0279219231984 0.0106479129319 0.03437246239 0.0213020739333 0.00952481917024 0.000344609612653 0.0145739407622 0.00683484150836 -0.00227614810212 0.00699289534558 0.0133398353409 0.0206023188172 0.0161081159658 0.0126049264838 0.028349744211 -0.00153973902463 0.029626101896 -0.0285823174329 0.00516349050042 0.0118506027212 0.00151984585517 0.219777024053 -0.0171038828441 0.0234532897734 0.0269727905643 0.00540413612246 0.00903965134247 0.00937941633203 0.0150232267256 0.0225781105652 -0.00449589283245 0.0224218759418 0.0105490668471 0.0112783432195 0.0154633058282 0.0136730865815 0.00234291634348 0.0647918529041 
-0.0165190871691 -0.0358677655965 -0.0141643573056 0.0088379881533 -0.0326111413967 0.00779954341871 0.0338072294334 -0.0204579731335 0.00833160259317 0.0173346599367 0.038964966761 0.107390601893 0.0093345548469 0.231077458859 0.0482278534773 0.0109535990366 0.0185103127741 0.0176536287995 -0.00941576905643 0.0377766993561 0.00892777070355 -0.00213266055555 0.0372073639898 0.0281471856127 0.0252324635237 0.0166768442265 -0.00589274276168 0.000339121026412 0.00351623939568 -0.00856897622252 0.0416684062597 0.00555966274159 0.02114971914 -0.0171038828441 0.657714106069 0.00259969512641 0.00620387163898 0.0522120641366 -0.01368667235 0.0129954025979 0.0173404937055 -0.0448646364415 0.0108685734941 0.0121405930041 0.00476103243377 0.00480287432591 0.00588194119408 0.00423859584704 0.0259969062215 -0.0254043406376 
0.0123731283686 0.0179982849904 0.0321197725709 0.0243359530795 0.00108532763602 0.017675678702 0.00447182471764 0.0367105632377 0.0125320013786 0.0116604555009 -0.0100080278466 0.00964244984053 0.0182034969217 0.0010785060662 -0.00591210804131 0.030947028437 0.0206285320533 0.01006991485 0.0105741657376 0.0155212608064 0.00741880781254 0.0139742030175 -0.0142779145455 0.0117355333356 -0.00767008921797 0.010407229488 0.00781912331909 0.00143438201362 0.0130053321808 0.0270390078273 0.00225861513253 0.0134894808018 0.0211666250421 0.0234532897734 0.00259969512641 0.149919003129 0.031589486694 0.0148971120317 0.00901199797019 0.0006139434141 0.00862086524074 0.0240280041616 0.00229724345668 -0.00982190603072 0.0103361817423 0.0130312990039 0.0420957398148 0.00735527029054 0.0108835710089 0.0562845118679 
0.0297052676899 0.0351239970144 0.00650740813347 0.0302680063333 0.0119414431815 0.00274136801552 0.0225261674254 0.0710283811952 0.0266328213238 0.0153944021606 0.00386473649025 0.0061752475486 0.0344884524363 0.0631940555548 -0.0308592646553 0.0501504035777 0.0295029527718 0.00910800895262 0.0178308368275 0.0182401553174 -0.000362868704115 0.000644366399572 0.00202182686712 0.0240835549282 0.0174276927568 0.00783058311064 0.0113244068847 0.00558337172214 0.0169805304526 0.0034224965459 -0.00822198417259 0.0178458256011 -0.00312079677501 0.0269727905643 0.00620387163898 0.031589486694 0.25593551223 0.0311209830653 0.0106332614634 0.0214698070821 0.00752805095479 0.0207342150381 0.00222951310297 0.025011979251 0.0112181201518 0.00554915264632 0.0358096495386 0.0241338620413 0.0141104400972 0.0115565833601 
0.012104372469 0.0558706613049 0.00466414468627 0.00373240925198 -0.00998667924951 0.0171841733042 0.00120707452691 0.0553585312147 0.0235973256225 0.064263208993 0.0471637157021 -0.00236885589123 0.0208297508117 0.0180260334399 0.000449411467155 0.004655204847 0.0320210938144 0.00660271474225 0.0047380760817 0.0677772897109 0.0174581828895 0.00690487039374 -0.0118859413748 0.0137149125797 0.0291970365935 0.0221292179588 0.0335035824274 -0.00304216782115 0.0225148120504 0.00222230411121 0.053534614583 0.011153674806 0.0165965557415 0.00540413612246 0.0522120641366 0.0148971120317 0.0311209830653 0.242217897253 0.0363967525564 0.02325599167 0.0433584655552 0.0043804115297 0.0347346944253 0.0205592958179 0.0146762317984 0.00784606696471 0.0133249821997 0.0133454855878 0.0449560689694 0.0448174537183 
0.0097670060343 0.0507597247736 0.00622261541155 0.0471543698179 0.00755674034387 0.0188122206643 0.0169711153547 0.029230542459 0.0113600642048 0.0222255966555 0.0212269573933 0.00883532269028 0.00308324613046 0.0322380405482 -0.0223850175245 0.0367615947236 0.0211498449907 0.0140887394724 0.00155148162128 0.0184764728576 0.00546178996962 0.00728043973977 0.00345118964236 0.00202447816726 0.00757265412481 0.00139628611399 0.0258259731198 0.002660118352 0.0175158898749 0.00895007421632 0.06262542885 0.0178824023878 -0.00564267573727 0.00903965134248 -0.01368667235 0.00901199797019 0.0106332614634 0.0363967525564 0.358469891988 0.00841499540554 0.0215460581994 0.0364722588511 0.0361960691852 0.012041868757 0.00670528843934 -0.00373557857843 0.0221581490705 0.00164217338456 0.00718045513063 0.0362220878505 
0.0129069328791 0.0268712164918 0.00740714877051 0.00448517502231 0.00549537211235 0.015382823626 0.0154072320003 0.00987477423962 0.00624494792 0.0201441843581 0.033397889203 0.0064867818754 -0.00984118464603 0.0361837648645 -0.00639007870605 0.0987609631754 0.0141922272995 0.00730978779911 -0.0138530867962 0.013344375247 -0.00136701048414 0.0184054603633 0.004176368179 0.0200121304275 0.00425547762177 -0.0118883205306 0.00272395859432 -0.0153943716132 0.0159028354256 0.0271325023442 0.0121608462182 0.010866612672 0.000207852818195 0.00937941633204 0.0129954025979 0.000613943414104 0.0214698070821 0.02325599167 0.00841499540554 0.2137189122 0.0285511502713 0.0347690193178 -0.000210185889201 0.00792974952435 0.0157816039682 0.0723753284545 0.0185193352915 0.00386811064025 0.00488822025453 -0.0200354481338 
0.0124541818977 0.0349613880336 0.0160630769794 -0.000114862195736 0.0386954986623 0.00724144775554 0.0209270142807 0.0305629496193 0.0357953487001 0.0389983560287 0.0261075480258 0.0110510513865 0.0126954918577 0.00743462473336 0.0211653702247 0.0150235581814 0.0307104673924 0.0172924457523 0.00368419354622 0.0230243289391 0.00428712933686 0.0325204863868 0.0297409002658 0.0129915891825 0.0439224711695 -0.00369927114318 -0.00845865816273 0.021420518294 0.0196680672109 0.0119574603807 0.012282954778 0.0272965705697 0.0053388916858 0.0150232267256 0.0173404937055 0.00862086524074 0.00752805095479 0.0433584655552 0.0215460581994 0.0285511502713 0.210293483609 0.00926958660553 0.00511953822762 0.00575917376585 0.00421347910735 0.0080554975752 0.0212228371756 0.0187032202457 0.0252157177569 0.0296112924443 
0.00195903296281 0.027115404001 0.0203159323719 0.0238905343986 0.0330466931689 -0.00611352771283 0.00738689896494 -0.0159838390532 0.00291633822244 -0.0169201143072 0.00950779670273 -0.00449859477026 0.00513349901251 0.0307745081753 0.0191656632273 0.0179662027571 -0.00782235887164 0.00750288195043 -0.00246435436464 -0.00646920699756 -0.0059483182856 0.00187760399245 -0.00244363499107 -0.0160542940192 0.0220217810287 -0.00961890422984 0.01432523563 -0.00786986907579 0.0140006734381 0.0215014999471 0.120885392584 0.02626033671 0.00475026772421 0.0225781105652 -0.0448646364415 0.0240280041616 0.0207342150381 0.0043804115297 0.0364722588511 0.0347690193178 0.00926958660553 0.305944528473 0.0234290726798 0.00880623339042 0.00233651929726 0.0132258645029 0.0341139003649 0.00110485998887 0.014290927689 -0.016865669041 
0.028933543706 0.0297311714718 0.00634057375632 0.0169472449657 0.0504462085781 0.00503423589824 0.0256010099743 0.0151982009995 0.00141075659137 0.0131985642588 0.00788743682099 -0.00300322436623 0.000967057292661 -0.0190749751388 0.0109676787061 0.0126158060049 0.0219319059116 0.015352594618 -0.00495167790517 0.0225702857228 0.0151893143124 0.0103190357643 -0.00546492362758 -0.00201174030756 0.0438193267896 0.0212350330733 0.0124200373061 0.00584967007575 0.0140756483515 -0.00822497611101 0.00272998566128 0.0109422020331 0.0311561905339 -0.00449589283245 0.0108685734941 0.00229724345669 0.00222951310297 0.0347346944253 0.0361960691852 -0.0002101858892 0.00511953822762 0.0234290726798 0.31453609782 0.0214638881375 7.83509441559e-05 0.00092558693185 0.0189670465725 0.00521227057329 0.0171150873024 -0.00275113861965 
0.0143441334721 0.0168355896636 0.015064387948 0.00775904138987 0.00109305918729 0.0151704714769 0.0320325630678 0.0264584119815 0.0213100444244 0.0191434992226 0.0187806906797 0.0146617324704 0.0125110688619 0.020187357926 0.0169652654241 0.00899374959474 0.0165379639515 0.0188734297202 0.000983066506421 0.011129305811 0.0172510276606 -0.0025561526338 -0.000800197413106 0.00669657341258 0.0166083043045 0.0179550707005 0.0628171655106 0.0216798894434 0.0143972234154 0.0148971340654 0.0320978421009 0.0149724682467 0.0146529588425 0.0224218759418 0.0121405930041 -0.00982190603072 0.025011979251 0.0205592958179 0.012041868757 0.00792974952435 0.00575917376585 0.00880623339042 0.0214638881375 0.184086110224 0.0142672519161 -0.00572217758527 0.00963901798058 -0.00159055699986 0.00357163905323 0.00922054593252 
0.0217204280783 0.0542581206108 -0.00504417390414 0.0225718256025 0.00306832511777 0.0335830639625 0.000850771764753 0.0248769868841 0.0048858653605 0.019034336562 0.0268664193753 0.00517512224233 0.02554737485 0.00113072993827 -0.010803059224 0.0231405666756 -0.000411589812953 0.00968036496557 -0.00939823493286 0.0391128867105 0.00302712625788 0.03271046429 0.0182400216515 0.0315657696349 0.0341402875623 0.0148593891644 -0.0030783826958 -0.000372934163059 0.0157953782689 -0.0151010413355 0.0180928914827 -0.000315538331693 0.0166782282764 0.0105490668471 0.00476103243377 0.0103361817423 0.0112181201518 0.0146762317984 0.00670528843934 0.0157816039682 0.00421347910735 0.00233651929725 7.83509441559e-05 0.0142672519161 0.272387650828 0.0268068709733 0.0359494228793 0.0121614264543 0.0358248551961 -0.00223620878643 
0.0172672472847 -0.013388292365 0.0117417809251 0.00413368145926 -0.0114836616399 0.0127870391096 -0.00338689372608 0.011976069357 0.0195476588841 0.0175347778609 0.0387571076971 0.00795660301445 0.020720483942 -0.0029749017526 0.00516704728365 0.0710251932075 -0.00745104048817 0.00853493095908 0.0203987611937 -0.00755372340104 0.00877396254799 0.00968210757267 -0.00787863123415 0.00796616785925 0.0114556274153 -0.0020668517794 0.0132799509051 0.00494990852622 0.00795232605303 -0.00404402597186 -0.00268502734068 -0.0157836292749 0.0179453052556 0.0112783432195 0.00480287432591 0.0130312990039 0.00554915264632 0.00784606696471 -0.00373557857843 0.0723753284545 0.0080554975752 0.0132258645029 0.00092558693185 -0.00572217758527 0.0268068709733 0.241369297773 0.00252922759129 0.0238450824887 0.0115665147165 0.0174228150697 
0.0123986579819 0.0378276840506 0.0201247415889 0.0181407133157 0.0149451898801 0.000219287150969 0.0195632910732 0.0227499501861 0.0329075595936 0.0105291264162 -0.0137442859921 0.00450829621033 0.00681375699944 0.00928615416077 0.00424219526098 0.0448501191382 0.00958498744515 0.019483451749 0.0133119787277 0.0185220648576 0.0333070786322 0.0115602353832 0.0351892817239 0.00740527910576 0.0179592988868 0.00265342628658 0.0233771071451 0.0105276861791 0.0379180281675 0.0156529196926 0.0247756578038 0.0132485431334 0.00608550156085 0.0154633058282 0.00588194119408 0.0420957398147 0.0358096495386 0.0133249821997 0.0221581490705 0.0185193352915 0.0212228371756 0.0341139003649 0.0189670465725 0.00963901798058 0.0359494228793 0.00252922759129 0.162872298531 0.0110925981077 0.024464856822 -0.0272261739434 
