30
0.0914492870129 0.0321720089654 0.0887704215167 0.275152850517 0.117315051398 0.0762578269544 0.0511719962834 0.0665048210348 0.0498180241401 0.0485380268731 0.00238062118955 0.171628318037 0.00610402508206 0.0578888041786 0.256023639664 0.0466490289559 0.0205855922537 0.00108215816497 0.0477990277318 0.0749299903321 0.00839736130492 0.176756138136 0.0723841835345 0.0566217234647 0.0649972461493 0.102568127786 0.134627172929 0.997925549421 0.00643120824938 0.0368602928082 
0.463043827513 0.0311649654476 0.0234144187013 -0.026090848138 0.0301766438891 0.0656597651655 0.00986902140171 0.0314365524014 0.0592734339725 0.037932581385 0.0347186655271 0.0143103604236 0.0484339315847 0.0390264354838 0.0525025706752 0.0146437630561 0.0038597960669 0.0185699083179 0.034845111713 0.103156750506 0.0504923586271 0.028638568986 0.0259233505499 0.0569591437316 0.0346695843091 0.0868423943405 0.0208842251492 0.101162699435 0.0297871423022 0.0257108186018 
0.0311649654476 0.157538464015 0.00706566907383 -0.0139256212787 0.00449281199836 0.0210998628268 0.0112510494863 0.0345644907605 0.00315092470759 0.0345834374628 0.0208782500547 0.0267541364984 0.0276305761286 0.000673701777552 0.0215202234905 0.0117956870194 0.0038155805683 0.0179608193993 0.00779025204655 0.025682337697 0.027700605049 0.0144931508023 0.0198990383562 0.0121880945706 0.0232925793023 0.0257058147404 0.0217800919355 0.00649629624617 0.0323823666298 0.00121545054183 
0.0234144187013 0.00706566907383 0.309823345444 -0.0448208295467 0.0547755909914 0.0454966060646 0.0195861995245 0.034073503592 -0.0125041048431 0.0152452004272 0.0200851870261 0.0562818763206 0.0352669612717 0.0266889332292 0.0170945390274 0.0103326469183 0.0195741008383 0.0222218852429 0.0968035467793 0.0355217573969 0.0275891284472 0.0496295435594 0.0259691739862 0.0382717678087 0.00820344940274 0.0509739441722 0.0167820529761 -0.0152481814917 0.0113782211468 -0.0127289848771 
-0.026090848138 -0.0139256212787 -0.0448208295467 2.71542955901 -0.050224024886 0.0670787157036 -0.000965229663119 -0.0135335054811 0.0509881662109 -0.0165347159193 -0.0111195525203 0.0210587172742 0.0272948697926 0.0680674187397 -0.0301474270086 -0.0102024613548 -0.0210419656892 -0.00909940142461 -0.0283229395889 -0.02717502707 -0.00593089088248 -0.0206434622392 -0.030611095953 0.00204649425087 -0.0700441105201 0.00113804564526 -0.0326358118586 -0.0252034535595 0.00848761067811 -0.0198319399648 
0.0301766438891 0.00449281199836 0.0547755909914 -0.050224024886 0.365241482642 0.00488432965301 0.0294100763492 0.0154411275295 -0.00496451581566 0.0057381858811 0.0080666356832 0.00926509009059 0.00700527283956 -0.00976613157455 -0.0115172097799 0.0338111717354 0.00563691980131 0.00137401625471 0.0442145776555 0.0142027399162 0.0110965900834 0.0104290704333 -0.000634736707165 -0.00158493063051 0.001750393968 0.0387100138039 -0.021628750693 0.0476669432426 0.00369681933666 -0.00925035274486 
0.0656597651655 0.0210998628268 0.0454966060646 0.0670787157036 0.00488432965303 0.366557211422 -0.00274050479931 -0.00270427921211 0.117539067137 0.00217799770669 0.0229046774745 0.0290340272672 -0.0115213843299 0.147390340379 0.052508661905 -0.0034134010984 -0.0121367367655 0.0235767621058 0.00314478577904 0.0368652961 0.00242620435093 0.0293270692837 0.0153790125705 0.0111094387388 0.0103582052673 -0.00276263350424 -0.00742502367765 0.286621397733 -0.0159938903546 0.00210352172408 
0.00986902140172 0.0112510494863 0.0195861995244 -0.000965229663117 0.0294100763492 -0.00274050479931 0.242130826112 0.022873545994 -0.00988454829526 0.00567329056295 0.0108873442421 -0.0134410511677 0.0159741964671 -0.00791790932822 -0.00255085356409 0.0215741279253 0.0115583200437 -0.00200989947414 0.0368522380943 -0.0165260064397 -0.00315807356014 0.212090480954 0.00403845903152 0.00905459331958 0.00929570000423 0.0200670175255 -0.0158081902871 0.0218275726765 -0.00215194802939 0.0212584996658 
0.0314365524014 0.0345644907605 0.034073503592 -0.0135335054811 0.0154411275295 -0.00270427921211 0.022873545994 0.240800842822 -0.0373458038379 0.0315513566517 0.0147791301195 0.0248340807824 0.0186610022136 -0.00206957278766 0.0401396465079 0.0292878596952 0.0171185410593 0.0155791701198 0.0369051183179 0.0356976885316 0.0169362926512 0.0169857574174 0.0189006965548 0.0299847313472 0.00538966030449 0.02581165768 0.0280551244144 0.0598260817467 0.0363255395175 -0.000587835074158 
0.0592734339724 0.00315092470759 -0.0125041048431 0.0509881662109 -0.00496451581565 0.117539067137 -0.00988454829525 -0.0373458038379 0.363758258884 -0.0136979548127 0.0139081996247 0.00222567545797 -0.0168329391584 0.118599698946 0.0399644757741 -0.00712355450668 0.00953451052194 0.0213832020071 0.00467145303656 0.00588318504078 0.00513392655263 0.0239343721766 0.0126204486481 0.035326197059 0.0240761778042 -0.0100992740329 0.0181422265099 0.0717906552067 0.000124954567574 0.023536069556 
0.037932581385 0.0345834374628 0.0152452004272 -0.0165347159193 0.00573818588109 0.00217799770669 0.00567329056295 0.0315513566517 -0.0136979548127 0.196147668506 0.0116838535089 0.0158600105647 0.0324670369322 0.00517286418384 0.0335035606249 0.0178293575755 0.00312800490592 0.00562207997453 0.00881021536671 0.00995237717347 0.0262965543701 0.0132330058719 0.0166598419702 0.0119042733857 0.00855494920281 0.0109406059918 0.00482467675267 0.0245380118155 0.0427462365752 0.0107439467227 
0.0347186655271 0.0208782500546 0.0200851870261 -0.0111195525203 0.0080666356832 0.0229046774745 0.0108873442422 0.0147791301195 0.0139081996247 0.0116838535089 0.129895620987 0.0261032951884 0.022788912806 0.0377414866097 -0.012955923296 -0.00299633427208 0.00824889939177 0.0134811363386 0.0113864072278 0.0154346359871 0.024354580827 0.0301640678896 0.0207133727899 0.0340438539695 0.0209429979603 0.0117163666485 0.0170260545091 0.0142116091361 0.0251500615442 -0.00440431291119 
0.0143103604236 0.0267541364984 0.0562818763206 0.0210587172742 0.00926509009059 0.0290340272671 -0.0134410511677 0.0248340807824 0.00222567545796 0.0158600105647 0.0261032951884 0.278923867501 0.0377827900288 0.0299491321321 0.00470809340146 0.0359312452803 -0.00100561559252 0.00165838282914 0.00726748404813 0.0242446550373 0.0289748351659 0.00497992835691 0.0403612441204 0.0341305353608 0.00803688383563 0.0139767830038 0.0136891680466 0.0208059332959 0.0173125575878 -0.00137411131511 
0.0484339315847 0.0276305761286 0.0352669612716 0.0272948697926 0.00700527283956 -0.0115213843299 0.0159741964671 0.0186610022136 -0.0168329391584 0.0324670369322 0.022788912806 0.0377827900288 0.175060512673 0.0197679559211 -0.00357889990319 0.0198652240446 0.0123188837743 0.0137260981042 0.00979790465758 0.00767371911869 0.0244553547747 0.0179076454593 -0.00552997858147 0.0276656925365 0.0151807453009 0.0208087557744 0.0169291162426 0.0304689275229 0.0456951616347 -0.00909990005429 
0.0390264354837 0.000673701777552 0.0266889332292 0.0680674187397 -0.00976613157454 0.147390340379 -0.00791790932821 -0.00206957278766 0.118599698946 0.00517286418384 0.0377414866098 0.0299491321321 0.0197679559211 0.402864630883 0.0265567395002 -0.0166396419416 -0.0161982862252 0.00451254863767 0.0257860666548 0.0129600570586 0.00659594647488 0.00844600173983 0.040488711654 0.0236223070083 0.041631495544 0.0140513820593 -0.00171411311947 0.0951208191728 -0.00153741554232 0.00072463471598 
0.0525025706752 0.0215202234905 0.0170945390274 -0.0301474270086 -0.0115172097799 0.052508661905 -0.0025508535641 0.0401396465079 0.0399644757741 0.0335035606249 -0.012955923296 0.00470809340145 -0.00357889990319 0.0265567395002 0.708275486887 0.00473492810952 -0.0102317955124 0.0176043747071 0.00619659483512 0.0592765736863 0.027058657304 0.0024141205729 0.0121994159109 0.0236750762618 -0.00348654541605 0.0398042260312 0.0575952234839 0.0827038643868 0.0189406967187 0.00934106596829 
0.0146437630561 0.0117956870194 0.0103326469183 -0.0102024613548 0.0338111717354 -0.0034134010984 0.0215741279253 0.0292878596952 -0.00712355450667 0.0178293575755 -0.00299633427208 0.0359312452803 0.0198652240446 -0.0166396419416 0.00473492810953 0.23229366939 0.0243493393007 0.0101275053127 0.0118113121651 0.0426600494267 0.0146769426396 0.0433866387326 -0.0118628629763 0.0197068284951 0.0310611975011 0.0343943193124 0.0290377524784 0.00424540356316 0.0238946561089 -0.0101223619763 
0.00385979606691 0.0038155805683 0.0195741008382 -0.0210419656892 0.00563691980131 -0.0121367367655 0.0115583200437 0.0171185410593 0.00953451052194 0.00312800490592 0.00824889939178 -0.00100561559252 0.0123188837743 -0.0161982862252 -0.0102317955124 0.0243493393007 0.161726272765 0.0171751057027 0.00769068168416 0.00912807989459 0.0121126588123 0.0251289236 -0.0086770219178 0.0145556335842 0.0159318353971 0.0273244124294 0.0093288380432 0.0465141006475 0.0208965940419 -0.00207889120737 
0.0185699083179 0.0179608193993 0.0222218852429 -0.00909940142461 0.00137401625471 0.0235767621057 -0.00200989947414 0.0155791701198 0.0213832020071 0.00562207997453 0.0134811363386 0.00165838282914 0.0137260981042 0.00451254863767 0.0176043747071 0.0101275053127 0.0171751057027 0.248930272381 0.0126277500473 -0.00349275618137 0.0108764128986 0.00233901178376 0.018091729519 0.0174514899241 0.00902266263653 0.0510094551644 0.00448899956343 0.00849989424583 0.00271338232022 0.0147733517452 
0.034845111713 0.00779025204655 0.0968035467793 -0.0283229395889 0.0442145776555 0.00314478577904 0.0368522380943 0.0369051183179 0.00467145303655 0.00881021536671 0.0113864072278 0.00726748404813 0.00979790465758 0.0257860666548 0.00619659483512 0.0118113121651 0.00769068168416 0.0126277500473 0.25007962273 0.0271264300576 0.0159929820286 0.0725327679669 -0.00353293024697 0.0265738100533 0.0380977599295 0.0394388325795 0.0320453933137 -0.0148024588159 0.0197174541787 0.00773908634788 
0.103156750506 0.025682337697 0.0355217573969 -0.02717502707 0.0142027399162 0.0368652961 -0.0165260064397 0.0356976885316 0.00588318504081 0.00995237717346 0.0154346359871 0.0242446550372 0.00767371911868 0.0129600570587 0.0592765736863 0.0426600494267 0.00912807989459 -0.00349275618137 0.0271264300575 0.42120341086 0.0153149363317 0.013808722752 0.0109509813275 0.0187461885036 0.0488048223637 0.0485111110555 0.0915255676384 0.0215568922078 0.0106004295947 0.0125876124924 
0.0504923586272 0.027700605049 0.0275891284472 -0.00593089088248 0.0110965900834 0.00242620435093 -0.00315807356015 0.0169362926512 0.00513392655263 0.0262965543701 0.024354580827 0.0289748351659 0.0244553547747 0.00659594647489 0.027058657304 0.0146769426396 0.0121126588123 0.0108764128986 0.0159929820286 0.0153149363317 0.14584102874 0.0257085343861 0.0133020204108 0.0351990986183 0.0285962024209 0.031521051224 0.0308335706478 0.0122807119468 0.0327097310534 0.00102841599253 
0.028638568986 0.0144931508023 0.0496295435594 -0.0206434622392 0.0104290704333 0.0293270692837 0.212090480954 0.0169857574174 0.0239343721767 0.0132330058719 0.0301640678896 0.00497992835691 0.0179076454593 0.00844600173984 0.00241412057292 0.0433866387326 0.0251289236 0.00233901178376 0.0725327679669 0.013808722752 0.0257085343861 1.47359554363 0.0631747218213 0.0216543453239 0.00793769148087 0.00040919606643 -0.000644261112019 -0.0322948407568 -0.00253122049461 -0.00374861304849 
0.0259233505499 0.0198990383562 0.0259691739862 -0.030611095953 -0.000634736707159 0.0153790125705 0.00403845903152 0.0189006965548 0.0126204486481 0.0166598419702 0.0207133727899 0.0403612441204 -0.00552997858147 0.040488711654 0.0121994159109 -0.0118628629763 -0.00867702191779 0.018091729519 -0.00353293024697 0.0109509813275 0.0133020204108 0.0631747218213 0.340318989831 0.0223582335059 0.022404262636 0.0352272440643 0.0107862214982 -0.00993933335568 0.0562517166095 0.0100050094198 
0.0569591437317 0.0121880945706 0.0382717678087 0.00204649425087 -0.00158493063051 0.0111094387388 0.00905459331958 0.0299847313472 0.035326197059 0.0119042733857 0.0340438539695 0.0341305353608 0.0276656925365 0.0236223070083 0.0236750762618 0.0197068284951 0.0145556335842 0.0174514899241 0.0265738100533 0.0187461885036 0.0351990986183 0.0216543453239 0.0223582335059 0.182504321111 0.0340036165517 0.0473197928443 0.0143800366076 0.0719682486628 0.0319695929468 0.0133128779737 
0.0346695843091 0.0232925793023 0.00820344940273 -0.0700441105201 0.00175039396801 0.0103582052673 0.00929570000422 0.00538966030449 0.0240761778042 0.00855494920282 0.0209429979603 0.00803688383563 0.0151807453009 0.041631495544 -0.00348654541605 0.031061197501 0.015931835397 0.00902266263653 0.0380977599295 0.0488048223637 0.0285962024209 0.00793769148087 0.022404262636 0.0340036165517 0.275849655375 0.0289473174497 0.0123934492854 -0.0148305549503 0.0205789029292 0.0103279712744 
0.0868423943406 0.0257058147404 0.0509739441722 0.00113804564526 0.0387100138039 -0.00276263350424 0.0200670175255 0.02581165768 -0.0100992740329 0.0109406059918 0.0117163666485 0.0139767830038 0.0208087557744 0.0140513820593 0.0398042260312 0.0343943193124 0.0273244124294 0.0510094551644 0.0394388325795 0.0485111110555 0.0315210512241 0.000409196066421 0.0352272440643 0.0473197928443 0.0289473174497 0.29489485471 0.0316771027195 -0.000733835949712 0.0101773666743 0.0175261317365 
0.0208842251492 0.0217800919355 0.0167820529761 -0.0326358118586 -0.021628750693 -0.00742502367762 -0.0158081902871 0.0280551244144 0.0181422265099 0.00482467675269 0.0170260545091 0.0136891680467 0.0169291162426 -0.00171411311943 0.0575952234839 0.0290377524784 0.0093288380432 0.00448899956345 0.0320453933137 0.0915255676385 0.0308335706479 -0.000644261112057 0.0107862214982 0.0143800366076 0.0123934492854 0.0316771027196 0.736089004534 0.0380162002356 0.00385631914113 0.00605467610943 
0.101162699435 0.00649629624617 -0.0152481814917 -0.0252034535595 0.0476669432426 0.286621397733 0.0218275726765 0.0598260817467 0.0717906552067 0.0245380118155 0.0142116091361 0.0208059332959 0.0304689275229 0.0951208191728 0.0827038643868 0.00424540356316 0.0465141006475 0.00849989424583 -0.0148024588159 0.0215568922078 0.0122807119468 -0.0322948407568 -0.00993933335568 0.0719682486628 -0.0148305549503 -0.000733835949712 0.0380162002356 11.8113620783 0.0371248737747 -0.00301651605647 
0.0297871423022 0.0323823666298 0.0113782211468 0.00848761067811 0.00369681933665 -0.0159938903546 -0.00215194802939 0.0363255395175 0.000124954567577 0.0427462365752 0.0251500615442 0.0173125575878 0.0456951616347 -0.00153741554232 0.0189406967187 0.0238946561089 0.0208965940419 0.00271338232022 0.0197174541787 0.0106004295947 0.0327097310534 -0.00253122049462 0.0562517166095 0.0319695929468 0.0205789029292 0.0101773666743 0.00385631914112 0.0371248737747 0.200850494337 0.0209697438794 
0.0257108186018 0.00121545054183 -0.0127289848771 -0.0198319399648 -0.00925035274486 0.00210352172409 0.0212584996658 -0.000587835074166 0.023536069556 0.0107439467227 -0.00440431291119 -0.00137411131511 -0.00909990005429 0.000724634715993 0.00934106596828 -0.0101223619763 -0.00207889120737 0.0147733517452 0.00773908634787 0.0125876124924 0.00102841599253 -0.00374861304849 0.0100050094198 0.0133128779737 0.0103279712744 0.0175261317364 0.00605467610943 -0.00301651605647 0.0209697438794 0.335953260351 
0.0401007717692 0.00269896517857 0.00202774814102 -0.00225953372938 0.00261337402089 0.00568630246398 0.000854682324437 0.0027224852987 0.00513322995897 0.00328505791105 0.00300672463319 0.00123931356641 0.00419450151575 0.00337978845481 0.00454685599687 0.00126818708136 0.000334268144736 0.00160820123492 0.00301767519411 0.00893363665098 0.00437276652681 0.00248017282699 0.00224502801274 0.00493280654494 0.00300247407503 0.00752077196244 0.00180862695176 0.0087609467626 0.00257964219398 0.00222662220613 
0.00269896517857 0.013643231191 0.000611904891267 -0.00120599417908 0.000389088932501 0.00182730172244 0.000974369467437 0.00299337270674 0.000272878084218 0.0029950135393 0.00180810949339 0.00231697618639 0.00239287808486 5.83442853935e-05 0.00186370602379 0.00102153646139 0.000330438970233 0.00155545258726 0.000674655617419 0.00222415568742 0.00239894276726 0.00125514367757 0.00172330727274 0.00105551995219 0.00201719653954 0.00222618885901 0.00188621129129 0.000562595757969 0.00280439521361 0.000105261104627 
0.00202774814102 0.000611904891267 0.026831488784 -0.00388159770061 0.00474370533059 0.00394012166379 0.00169621463518 0.00295085197066 -0.00108288724457 0.00132027308557 0.00173942822044 0.00487415346663 0.00305420843755 0.00231132941764 0.00148043050637 0.000894833471956 0.00169516685822 0.00192447171403 0.00838343306873 0.00307627442928 0.00238928861035 0.00429804455006 0.00224899643873 0.003314432317 0.000710439558143 0.00441447305843 0.00145336842049 -0.00132053125333 0.000985382856305 -0.00110236242679 
-0.00225953372938 -0.00120599417908 -0.00388159770061 0.235163098029 -0.00434952814316 0.00580918718525 -8.35913408748e-05 -0.00117203595489 0.0044157047231 -0.00143194840305 -0.000962981496133 0.00182373841306 0.00236380506333 0.00589481137986 -0.00261084376482 -0.000883559071438 -0.00182228768324 -0.000788031279294 -0.00245283851938 -0.00235342637911 -0.00051363021713 -0.00178777627212 -0.0026509986733 0.000177231600995 -0.00606599790959 9.85576439459e-05 -0.00282634421427 -0.00218268310457 0.000735048646468 -0.00171749638158 
0.00261337402089 0.000389088932501 0.00474370533059 -0.00434952814316 0.0316308402484 0.000422995355997 0.00254698732457 0.00133724087036 -0.000429939681385 0.000496941474467 0.000698591142472 0.00080238033868 0.00060667442395 -0.000845771804026 -0.000997419625013 0.00292813336545 0.000488171574703 0.000118993298179 0.00382909474672 0.00122999335708 0.000960992890756 0.000903183993308 -5.49698113119e-05 -0.000137259018925 0.000151588564292 0.0033523855335 -0.00187310475523 0.00412807837689 0.000320153945875 -0.000801104047101 
0.00568630246398 0.00182730172244 0.00394012166379 0.00580918718525 0.000422995355998 0.0317447857032 -0.00023733467754 -0.000234197449662 0.0101791818078 0.000188620134338 0.00198360325584 0.00251442051875 -0.000997781151645 0.012764377904 0.00454738351285 -0.000295609206452 -0.00105107223579 0.00204180749226 0.000272346437411 0.00319262829406 0.000210115460268 0.00253979870182 0.00133186155712 0.00096210561696 0.000897046889913 -0.000239251079602 -0.000643025912855 0.0248221411705 -0.00138511153524 0.000182170325047 
0.000854682324438 0.000974369467438 0.00169621463518 -8.35913408746e-05 0.00254698732457 -0.00023733467754 0.0209691446452 0.00198090719054 -0.000856026992863 0.000491321375057 0.000942871669345 -0.00116402917648 0.00138340599456 -0.00068571106231 -0.000220910398784 0.00186837428478 0.00100097987829 -0.000174062400366 0.0031914974376 -0.00143119413999 -0.000273497193011 0.0183675744407 0.000349740811344 0.000784150783569 0.000805031234962 0.00173785469553 -0.00136902943765 0.00189032324408 -0.000186364166108 0.0018410400757 
0.0027224852987 0.00299337270674 0.00295085197066 -0.00117203595489 0.00133724087036 -0.000234197449661 0.00198090719054 0.0208539647136 -0.00323424148484 0.00273242763843 0.00127991021293 0.00215069448372 0.00161609019771 -0.00017923026091 0.00347619535748 0.00253640305185 0.00148250914331 0.00134919570936 0.0031960769993 0.00309151051248 0.00146672596819 0.0014710097426 0.00163684833657 0.00259675390723 0.000466758274146 0.00223535512647 0.00242964504492 0.00518109066015 0.00314588400283 -5.09080107457e-05 
0.00513322995897 0.000272878084218 -0.00108288724457 0.0044157047231 -0.000429939681384 0.0101791818078 -0.000856026992862 -0.00323424148484 0.031502389303 -0.00118627768477 0.00120448541959 0.000192749148718 -0.00145777529315 0.0102710352169 0.00346102512693 -0.000616917916802 0.000825712832465 0.00185183961524 0.000404559700224 0.000509498770048 0.000444611081574 0.00207277743286 0.00109296291364 0.00305933840722 0.00208505816045 -0.00087462278723 0.00157116290387 0.00621725311633 1.08213829838e-05 0.00203828341407 
0.00328505791105 0.0029950135393 0.00132027308557 -0.00143194840305 0.000496941474466 0.000188620134338 0.000491321375057 0.00273242763843 -0.00118627768477 0.0169868863819 0.00101185139528 0.00137351720533 0.00281172787689 0.000447983179353 0.00290149346184 0.00154406765935 0.000270893171169 0.000486886408005 0.000762987032038 0.000861901146027 0.00227734841165 0.00114601192535 0.00144278463692 0.00103094031656 0.000740880333772 0.000947484272168 0.000417829263286 0.00212505415906 0.00370193267903 0.000930453079878 
0.00300672463319 0.00180810949339 0.00173942822044 -0.000962981496133 0.000698591142472 0.00198360325584 0.000942871669345 0.00127991021293 0.00120448541959 0.00101185139528 0.0112492907615 0.00226061167556 0.00197357774146 0.00326850861806 -0.00112201587038 -0.000259490159785 0.000714375642654 0.00116750065411 0.00098609179171 0.0013366786863 0.00210916856947 0.00261228490739 0.00179383070341 0.00294828423803 0.0018137168265 0.00101466711576 0.00147449957311 0.00123076145405 0.0021780592204 -0.000381424686731 
0.00123931356641 0.00231697618639 0.00487415346663 0.00182373841306 0.000802380338681 0.00251442051875 -0.00116402917648 0.00215069448372 0.000192749148717 0.00137351720533 0.00226061167556 0.0241555154978 0.00327208559908 0.00259367092477 0.000407732848905 0.00311173712023 -8.70888649563e-05 0.000143620165924 0.000629382580728 0.00209964871683 0.00250929433242 0.000431274446611 0.00349538627366 0.00295579106672 0.000696014556892 0.00121042491445 0.00118551672851 0.00180184667837 0.00149931146755 -0.000119001530651 
0.00419450151575 0.00239287808486 0.00305420843755 0.00236380506333 0.00060667442395 -0.000997781151645 0.00138340599456 0.00161609019771 -0.00145777529315 0.00281172787689 0.00197357774146 0.00327208559908 0.0151606851174 0.00171195520085 -0.000309941823376 0.00172037886745 0.00106684662949 0.0011887149653 0.000848523433732 0.000664563569829 0.00211789584934 0.00155084758897 -0.000478910193394 0.00239591925499 0.0013146911079 0.00180209111217 0.00146610447297 0.00263868652609 0.00395731708057 -0.000788074461892 
0.00337978845481 5.83442853934e-05 0.00231132941764 0.00589481137986 -0.000845771804025 0.012764377904 -0.000685711062309 -0.000179230260909 0.0102710352169 0.000447983179353 0.00326850861806 0.00259367092477 0.00171195520085 0.0348891004631 0.00229988110488 -0.00144103526313 -0.00140281273688 0.000390798175604 0.00223313887867 0.00112237386473 0.000571225720925 0.00073144520671 0.00350642528589 0.00204575179652 0.00360539327386 0.00121688538216 -0.000148446550642 0.00823770458324 -0.000133144091582 6.27552072503e-05 
0.00454685599687 0.00186370602379 0.00148043050637 -0.00261084376482 -0.000997419625013 0.00454738351285 -0.000220910398784 0.00347619535748 0.00346102512693 0.00290149346184 -0.00112201587038 0.000407732848905 -0.000309941823377 0.00229988110488 0.0613384564522 0.000410056802794 -0.00088609948401 0.00152458357141 0.000536640854417 0.00513350186617 0.00234334846176 0.000209068974393 0.00105650040902 0.00205032174792 -0.000301943690175 0.0034471470921 0.00498789266737 0.00716236475501 0.00164031245238 0.000808960042696 
0.00126818708136 0.00102153646139 0.000894833471956 -0.000883559071438 0.00292813336545 -0.000295609206452 0.00186837428478 0.00253640305185 -0.000616917916802 0.00154406765935 -0.000259490159785 0.00311173712023 0.00172037886745 -0.00144103526313 0.000410056802794 0.020117221883 0.00210871463998 0.000877067687776 0.0010228896387 0.00369446865302 0.00127106051758 0.00375739313272 -0.00102735406991 0.00170666141047 0.00268997861079 0.00297863542704 0.00251474313151 0.000367662733501 0.0020693379205 -0.000876622261779 
0.000334268144737 0.000330438970233 0.00169516685822 -0.00182228768324 0.000488171574703 -0.00105107223579 0.00100097987829 0.00148250914331 0.000825712832465 0.000270893171169 0.000714375642654 -8.70888649563e-05 0.00106684662948 -0.00140281273688 -0.00088609948401 0.00210871463998 0.0140059060674 0.00148740778512 0.00066603257109 0.000790514907649 0.00104898702388 0.00217622862074 -0.000751452141001 0.00126055484521 0.00137973741828 0.00236636353073 0.00080790107332 0.00402823927949 0.00180969812929 -0.000180037259729 
0.00160820123492 0.00155545258726 0.00192447171403 -0.000788031279294 0.000118993298179 0.00204180749226 -0.000174062400366 0.00134919570936 0.00185183961524 0.000486886408005 0.00116750065411 0.000143620165924 0.0011887149653 0.000390798175604 0.00152458357141 0.000877067687776 0.00148740778512 0.0215579939653 0.00109359523336 -0.000302481558229 0.000941924987227 0.000202564362449 0.00156678973618 0.00151134336081 0.000781385505301 0.00441754840056 0.000388758765951 0.000736112434637 0.000234985801949 0.00127940979104 
0.00301767519411 0.00067465561742 0.00838343306873 -0.00245283851938 0.00382909474672 0.000272346437411 0.0031914974376 0.0031960769993 0.000404559700224 0.000762987032038 0.00098609179171 0.000629382580728 0.000848523433732 0.00223313887867 0.000536640854417 0.0010228896387 0.00066603257109 0.00109359523336 0.0216575306253 0.00234921775438 0.0013850328719 0.00628152196662 -0.000305960734367 0.00230135945815 0.00329936279262 0.00341550309095 0.0027752124684 -0.00128193053731 0.00170758162167 0.000670224537934 
0.00893363665098 0.00222415568742 0.00307627442928 -0.00235342637911 0.00122999335708 0.00319262829406 -0.00143119413999 0.00309151051248 0.000509498770051 0.000861901146026 0.0013366786863 0.00209964871682 0.000664563569829 0.00112237386473 0.00513350186617 0.00369446865302 0.000790514907649 -0.000302481558229 0.00234921775438 0.0364772853966 0.00132631239206 0.00119587046971 0.000948382802597 0.00162346754683 0.00422662159942 0.00420118545399 0.00792634666707 0.00186688162786 0.000918024132005 0.00109011921914 
0.00437276652681 0.00239894276727 0.00238928861035 -0.00051363021713 0.000960992890756 0.000210115460268 -0.000273497193011 0.00146672596819 0.000444611081574 0.00227734841165 0.00210916856947 0.00250929433242 0.00211789584934 0.000571225720926 0.00234334846176 0.00127106051758 0.00104898702388 0.000941924987228 0.0013850328719 0.00132631239206 0.0126302035803 0.00222642438725 0.00115198875975 0.00304833135938 0.00247650377483 0.0027298031114 0.00267026554704 0.00106354085225 0.00283274580432 8.9063437519e-05 
0.00248017282699 0.00125514367757 0.00429804455006 -0.00178777627212 0.000903183993308 0.00253979870182 0.0183675744407 0.0014710097426 0.00207277743286 0.00114601192535 0.00261228490739 0.000431274446611 0.00155084758897 0.000731445206711 0.000209068974395 0.00375739313272 0.00217622862074 0.000202564362449 0.00628152196662 0.00119587046971 0.00222642438725 0.127617117569 0.00547109139743 0.00187532131528 0.000687424246984 3.54374188657e-05 -5.57946489678e-05 -0.00279681525065 -0.000219210125091 -0.000324639412895 
0.00224502801274 0.00172330727274 0.00224899643873 -0.0026509986733 -5.49698113114e-05 0.00133186155712 0.000349740811344 0.00163684833657 0.00109296291364 0.00144278463692 0.00179383070341 0.00349538627366 -0.000478910193394 0.00350642528589 0.00105650040902 -0.00102735406991 -0.000751452141 0.00156678973618 -0.000305960734367 0.000948382802596 0.00115198875974 0.00547109139743 0.0294724890584 0.00193627981998 0.00194026605958 0.0030507688265 0.000934114182825 -0.00086077151827 0.00487154155903 0.000866459232263 
0.00493280654494 0.00105551995219 0.003314432317 0.000177231600995 -0.000137259018926 0.00096210561696 0.000784150783569 0.00259675390723 0.00305933840722 0.00103094031656 0.00294828423803 0.00295579106672 0.00239591925499 0.00204575179652 0.00205032174792 0.00170666141047 0.00126055484521 0.00151134336081 0.00230135945815 0.00162346754683 0.00304833135937 0.00187532131528 0.00193627981998 0.0158053378383 0.00294479957543 0.00409801427049 0.00124534770095 0.00623263316079 0.00276864796406 0.00115292905227 
0.00300247407503 0.00201719653954 0.000710439558143 -0.00606599790959 0.000151588564292 0.000897046889913 0.000805031234961 0.000466758274146 0.00208505816045 0.000740880333772 0.0018137168265 0.000696014556892 0.0013146911079 0.00360539327386 -0.000301943690175 0.00268997861079 0.00137973741828 0.000781385505301 0.00329936279262 0.00422662159942 0.00247650377483 0.000687424246984 0.00194026605958 0.00294479957543 0.023889280918 0.00250691122828 0.00107330419216 -0.00128436373391 0.00178218527187 0.000894428549315 
0.00752077196244 0.00222618885901 0.00441447305842 9.85576439459e-05 0.0033523855335 -0.000239251079602 0.00173785469553 0.00223535512647 -0.000874622787229 0.000947484272168 0.00101466711576 0.00121042491445 0.00180209111217 0.00121688538216 0.0034471470921 0.00297863542704 0.00236636353073 0.00441754840056 0.00341550309095 0.00420118545399 0.0027298031114 3.5437418865e-05 0.0030507688265 0.00409801427049 0.00250691122829 0.0255386435624 0.00274331756734 -6.35520574661e-05 0.000881385808356 0.00151780753138 
0.00180862695176 0.00188621129129 0.0014533684205 -0.00282634421427 -0.00187310475523 -0.000643025912852 -0.00136902943765 0.00242964504492 0.00157116290388 0.000417829263287 0.00147449957311 0.00118551672851 0.00146610447297 -0.000148446550639 0.00498789266737 0.00251474313151 0.00080790107332 0.000388758765952 0.0027752124684 0.00792634666707 0.00267026554704 -5.57946489711e-05 0.000934114182826 0.00124534770095 0.00107330419216 0.00274331756734 0.0637471777372 0.00329229951594 0.000333967034132 0.000524350332245 
0.0087609467626 0.00056259575797 -0.00132053125333 -0.00218268310457 0.00412807837689 0.0248221411705 0.00189032324408 0.00518109066015 0.00621725311633 0.00212505415906 0.00123076145405 0.00180184667837 0.00263868652609 0.00823770458324 0.00716236475501 0.000367662733501 0.00402823927949 0.000736112434637 -0.00128193053731 0.00186688162786 0.00106354085225 -0.00279681525065 -0.00086077151827 0.00623263316079 -0.00128436373391 -6.35520574661e-05 0.00329229951594 1.02289396131 0.00321510838012 -0.000261237953582 
0.00257964219398 0.00280439521361 0.000985382856304 0.000735048646468 0.000320153945874 -0.00138511153524 -0.000186364166108 0.00314588400284 1.0821382984e-05 0.00370193267903 0.0021780592204 0.00149931146755 0.00395731708057 -0.000133144091582 0.00164031245238 0.0020693379205 0.00180969812929 0.000234985801949 0.00170758162167 0.000918024132005 0.00283274580432 -0.000219210125092 0.00487154155903 0.00276864796406 0.00178218527187 0.000881385808356 0.000333967034131 0.00321510838012 0.0173941630459 0.00181603309104 
0.00222662220613 0.000105261104627 -0.00110236242679 -0.00171749638158 -0.000801104047102 0.000182170325048 0.0018410400757 -5.09080107463e-05 0.00203828341407 0.000930453079878 -0.000381424686731 -0.000119001530651 -0.000788074461892 6.27552072514e-05 0.000808960042696 -0.000876622261779 -0.000180037259729 0.00127940979104 0.000670224537934 0.00109011921914 8.90634375187e-05 -0.000324639412895 0.000866459232263 0.00115292905227 0.000894428549315 0.00151780753138 0.000524350332245 -0.000261237953582 0.00181603309104 0.0290944057948 

['KBH', 'CINF', 'AET', 'PTV', 'MHS', 'OXY', 'EFX', 'STT', 'MUR', 'MI', 'ED', 'BLL', 'CMA', 'COP', 'AAPL', 'DOW', 'WWY', 'CCE', 'WLP', 'SHLD', 'GPC', 'RHI', 'MOLX', 'ASN', 'SHW', 'HOT', 'DDS', 'VIA.B', 'SNV', 'NCR']