20
0.100072423231 0.0704328117516 0.0810581507116 0.00388664565626 0.065309734793 0.00496789573306 -0.00139328324831 0.0269248151276 0.0347685991573 0.05514883533 0.0795042219188 0.0316067218978 0.0697795953642 0.142595623168 0.0161964684659 0.204332601919 0.0485380268731 0.0189508527873 0.0150252709272 0.0914492870129 
0.503035103471 0.0125553262892 -0.0114344595752 0.0273603025857 0.0322871262815 0.0297159713994 0.00506094624869 0.00743213367437 0.000835241997084 -0.00137112460056 0.0111004065917 0.00305236722886 0.0184997855087 0.0133992541142 0.00692729970858 -0.00133235468592 0.000252091556924 0.0373604366162 0.00249269692716 0.0277016489456 
0.0125553262892 0.295704126592 0.0250106979241 -0.00215707723092 0.00038060262858 0.00380070337442 0.0104506820635 -0.0127609822443 -0.00343779262149 0.00928123429382 -0.00213858976087 0.0126231940099 0.0103414758877 0.0550757855015 0.0153357364839 -0.0130185169222 0.018330441929 0.0422748393066 0.0386507331631 0.0108921795457 
-0.0114344595752 0.0250106979241 0.22718567753 0.0396008705142 0.025882604186 0.0296146057855 0.0161412070371 0.0187451741381 0.0321942500984 0.0255994322212 0.045135682809 0.0221009905941 0.0151313295988 0.0491532020882 0.0220157323308 -0.0239656216856 0.0215684748212 0.00826087369711 0.024073085274 0.0450236353149 
0.0273603025857 -0.00215707723092 0.0396008705142 0.233804559804 0.0248834524084 0.0513195469709 0.00804847914117 0.0466945017647 0.024569336368 0.0263698376846 0.0424041067847 0.0200254901066 0.041281139905 0.0102473713015 0.00100827196925 0.00366834252823 -0.00268201482249 0.00536460732002 0.0200780834279 0.0296739483307 
0.0322871262815 0.00038060262858 0.025882604186 0.0248834524084 0.322994637903 0.00032220529957 0.018587670108 0.0219157561333 0.0123821466365 0.00171771396317 0.034082687328 0.00353619444032 0.0262591965659 0.0272041948199 0.0250734872179 -0.0115765243977 0.0148591258672 0.0317541709399 0.030593680229 0.0457502737189 
0.0297159713994 0.00380070337442 0.0296146057855 0.0513195469709 0.00032220529957 0.176865238479 0.00580529143871 0.0448883337926 0.0293297353894 0.0421858405768 0.0113745121335 0.0186535270708 0.0402864982491 0.0135932592764 0.0218694226797 -0.00475413984143 0.00851934408214 -0.00378639934734 0.0139954368585 0.0285508312366 
0.00506094624869 0.0104506820635 0.0161412070371 0.00804847914117 0.018587670108 0.00580529143871 0.371145872485 0.0111545327542 0.0197680527244 -0.00236687008134 0.0150629859374 0.00922376306415 0.031297017883 0.0282551841638 0.0128941227804 -0.0238468300303 0.00416725109419 0.0112254135118 0.00581555120854 0.0535573777155 
0.00743213367437 -0.0127609822443 0.0187451741381 0.0466945017647 0.0219157561333 0.0448883337926 0.0111545327542 0.203810824968 0.054102581593 0.0637758516117 0.00848128137007 0.0329590912856 0.0658062673281 0.0152990266097 0.00322652609173 -0.00527590439928 0.0050329938647 -0.0113209800062 0.00664958075645 0.0218208465048 
0.000835241997084 -0.00343779262149 0.0321942500984 0.024569336368 0.0123821466365 0.0293297353894 0.0197680527244 0.054102581593 0.255552670895 0.118330360994 0.0179465819896 0.0112578207417 0.0302022534808 0.023093017668 0.00539859825522 0.0107933931751 0.00441330744571 0.000869991494166 -0.00154355710195 0.0420682736209 
-0.00137112460056 0.00928123429382 0.0255994322212 0.0263698376846 0.00171771396317 0.0421858405768 -0.00236687008134 0.0637758516117 0.118330360994 0.385680466775 0.0118950364518 -0.00549410728161 0.0524631910796 0.0242861960518 0.00700449617709 0.140327481765 0.00407846513833 0.0111108795709 -0.000836396527081 0.0666218918163 
0.0111004065917 -0.00213858976087 0.045135682809 0.0424041067847 0.034082687328 0.0113745121335 0.0150629859374 0.00848128137006 0.0179465819896 0.0118950364518 0.275574761711 0.0222005740555 0.00329559202492 0.0349553304565 0.00156421473754 -0.0221672716254 0.0128498222355 0.0177840610292 0.0234545333541 0.0569502552066 
0.00305236722886 0.0126231940099 0.0221009905941 0.0200254901066 0.00353619444032 0.0186535270708 0.00922376306415 0.0329590912856 0.0112578207417 -0.00549410728161 0.0222005740555 0.145001828621 0.011746202666 0.0432734034578 0.0228661553798 -0.00109005312998 0.063128357978 -0.00644121226162 0.0479397539251 0.0566306351521 
0.0184997855087 0.0103414758877 0.0151313295988 0.041281139905 0.0262591965659 0.0402864982491 0.031297017883 0.0658062673281 0.0302022534808 0.0524631910796 0.00329559202492 0.011746202666 0.475519371803 0.029019332034 -0.000767366379824 0.0157560327271 0.0109855775917 0.00123981158812 0.0190523583229 0.0836339618126 
0.0133992541142 0.0550757855015 0.0491532020882 0.0102473713015 0.0272041948199 0.0135932592764 0.0282551841638 0.0152990266097 0.023093017668 0.0242861960518 0.0349553304565 0.0432734034578 0.029019332034 0.46763036709 0.0245772133135 0.0131089508082 0.0340263753372 0.0490908710165 0.0352969714442 0.0621315385155 
0.00692729970858 0.0153357364839 0.0220157323308 0.00100827196925 0.0250734872179 0.0218694226797 0.0128941227804 0.00322652609173 0.00539859825521 0.00700449617709 0.00156421473754 0.0228661553798 -0.000767366379824 0.0245772133135 0.186304978636 -0.0320705027032 0.0265998758774 0.0211129188122 0.0261970457037 0.0300996176463 
-0.00133235468593 -0.0130185169222 -0.0239656216856 0.00366834252823 -0.0115765243977 -0.00475413984143 -0.0238468300303 -0.00527590439928 0.0107933931751 0.140327481765 -0.0221672716254 -0.00109005312998 0.0157560327271 0.0131089508082 -0.0320705027032 1.42431272946 -0.0196493306785 0.0259216469682 -0.0238632230041 -0.0228916478289 
0.000252091556924 0.018330441929 0.0215684748212 -0.00268201482249 0.0148591258672 0.00851934408214 0.00416725109419 0.0050329938647 0.00441330744571 0.00407846513833 0.0128498222355 0.063128357978 0.0109855775917 0.0340263753372 0.0265998758774 -0.0196493306785 0.196920574609 0.012560431293 0.0418519084846 0.0406404559408 
0.0373604366162 0.0422748393066 0.00826087369711 0.00536460732002 0.0317541709399 -0.00378639934734 0.0112254135118 -0.0113209800062 0.000869991494166 0.0111108795709 0.0177840610292 -0.00644121226162 0.00123981158812 0.0490908710165 0.0211129188122 0.0259216469682 0.012560431293 0.398809850756 0.0171480968651 0.0265062069344 
0.00249269692716 0.0386507331631 0.024073085274 0.0200780834279 0.030593680229 0.0139954368585 0.00581555120854 0.00664958075645 -0.00154355710195 -0.000836396527081 0.0234545333541 0.0479397539251 0.0190523583229 0.0352969714442 0.0261970457037 -0.0238632230041 0.0418519084846 0.0171480968651 0.189694004558 0.0471482814692 
0.0277016489456 0.0108921795457 0.0450236353149 0.0296739483307 0.0457502737189 0.0285508312366 0.0535573777155 0.0218208465048 0.0420682736209 0.0666218918163 0.0569502552066 0.0566306351521 0.0836339618126 0.0621315385155 0.0300996176463 -0.0228916478289 0.0406404559408 0.0265062069344 0.0471482814692 0.486842410993 
0.0435641178601 0.00108732315192 -0.000990253247069 0.00236947170944 0.0027961471575 0.002573478613 0.000438290801855 0.000643641656632 7.23340787782e-05 -0.000118742873584 0.000961323410075 0.000264342756187 0.00160212842151 0.00116040944547 0.000599921752725 -0.000115385300486 2.18317692376e-05 0.00323550872061 0.000215873886286 0.00239903317136 
0.00108732315192 0.0256087285633 0.00216598997687 -0.00018680836799 3.29611545097e-05 0.00032915056745 0.000905055615384 -0.00110513348008 -0.000297721574315 0.000803778467692 -0.000185207306119 0.00109320066895 0.000895598083139 0.00476970293777 0.00132811373808 -0.00112743663742 0.00158746283731 0.00366110847804 0.00334725167942 0.000943290418917 
-0.000990253247069 0.00216598997687 0.0196748568117 0.00342953598773 0.00224149927412 0.00256470009333 0.00139786953419 0.00162337970019 0.0027881038441 0.0022169758626 0.00390886479298 0.00191400193033 0.00131041158256 0.00425679216857 0.00190661834814 -0.00207548371972 0.0018678847116 0.000715412647915 0.00208479033947 0.00389916119534 
0.00236947170944 -0.00018680836799 0.00342953598773 0.0202480688311 0.00215497019195 0.00444440313875 0.000697018739808 0.00404386247453 0.00212776694488 0.00228369493285 0.00367230337003 0.00173425831556 0.00357505158549 0.000887448386913 8.73189139298e-05 0.000317687781923 -0.00023226929696 0.000464588622047 0.00173881303078 0.0025698393085 
0.0027961471575 3.29611545098e-05 0.00224149927412 0.00215497019195 0.027972156171 2.79037974662e-05 0.00160973945107 0.00189796015546 0.00107232535406 0.000148758392854 0.00295164730553 0.000306243421804 0.00227411313091 0.00235595238036 0.00217142768922 -0.0010025564216 0.0012868380479 0.00274999187101 0.00264949042736 0.00396208992707 
0.002573478613 0.00032915056745 0.00256470009333 0.00444440313875 2.79037974662e-05 0.0153169789569 0.000502752986229 0.0038874437398 0.00254002959335 0.00365340096195 0.000985061646325 0.00161544283135 0.00348891309133 0.00117721078536 0.00189394756067 -0.000411720587582 0.000737796839871 -0.000327911802367 0.00121204038565 0.002472574515 
0.000438290801855 0.000905055615384 0.00139786953419 0.000697018739808 0.00160973945107 0.000502752986229 0.0321421754082 0.000966010873248 0.00171196358427 -0.000204976961789 0.00130449284787 0.000798801313204 0.00271040125494 0.00244697072744 0.00111666378873 -0.00206519606059 0.000360894531152 0.000972149326923 0.000503641508361 0.00463820496617 
0.000643641656632 -0.00110513348008 0.00162337970019 0.00404386247453 0.00189796015546 0.0038874437398 0.000966010873248 0.0176505351989 0.00468542100699 0.00552315076437 0.000734500512312 0.0028543410339 0.00569898992343 0.00132493456972 0.000279425356141 -0.000456906723772 0.000435870054392 -0.000980425628113 0.00057587058596 0.00188974074053 
7.23340787782e-05 -0.000297721574315 0.0027881038441 0.00212776694488 0.00107232535406 0.00254002959335 0.00171196358427 0.00468542100699 0.0221315105 0.010247709866 0.00155421959141 0.000974955875358 0.00261559187659 0.00199991399506 0.000467532323384 0.000934735268264 0.000382203636269 7.53434735024e-05 -0.000133675966248 0.00364321936491 
-0.000118742873584 0.000803778467692 0.0022169758626 0.00228369493285 0.000148758392854 0.00365340096195 -0.000204976961789 0.00552315076437 0.010247709866 0.0334009081971 0.00103014037462 -0.000475803647699 0.00454344562385 0.00210324627421 0.000606607163007 0.0121527164057 0.000353205441824 0.000962230396676 -7.2434064009e-05 0.00576962507611 
0.000961323410075 -0.000185207306119 0.00390886479298 0.00367230337003 0.00295164730553 0.000985061646325 0.00130449284787 0.000734500512312 0.00155421959141 0.00103014037462 0.0238654744284 0.00192262611107 0.000285406641409 0.0030272204173 0.000135464969968 -0.00191974203602 0.001112827249 0.00154014486337 0.00203122217185 0.00493203677609 
0.000264342756187 0.00109320066895 0.00191400193033 0.00173425831556 0.000306243421804 0.00161544283135 0.000798801313204 0.0028543410339 0.000974955875358 -0.000475803647699 0.00192262611107 0.0125575267181 0.00101725099068 0.00374758667027 0.00198026714458 -9.44013702039e-05 0.00546707617081 -0.000557825344973 0.00415170447503 0.00490435686742 
0.00160212842151 0.000895598083139 0.00131041158256 0.00357505158549 0.00227411313091 0.00348891309133 0.00271040125494 0.00569898992343 0.00261559187659 0.00454344562385 0.000285406641409 0.00101725099068 0.0411811855973 0.00251314787423 -6.64558778937e-05 0.00136451246045 0.000951378926963 0.000107370833122 0.00164998263096 0.00724291355489 
0.00116040944547 0.00476970293777 0.00425679216857 0.000887448386913 0.00235595238036 0.00117721078536 0.00244697072744 0.00132493456972 0.00199991399506 0.00210324627421 0.0030272204173 0.00374758667027 0.00251314787423 0.0404979777481 0.00212844910837 0.00113526844168 0.00294677054407 0.00425139413942 0.00305680739473 0.00538074907307 
0.000599921752725 0.00132811373808 0.00190661834814 8.73189139298e-05 0.00217142768922 0.00189394756067 0.00111666378873 0.000279425356141 0.000467532323384 0.000606607163007 0.000135464969968 0.00198026714458 -6.64558778937e-05 0.00212844910837 0.016134484435 -0.00277738700531 0.00230361682474 0.00182843240394 0.00226873070835 0.00260670335259 
-0.000115385300486 -0.00112743663742 -0.00207548371972 0.000317687781923 -0.0010025564216 -0.000411720587582 -0.00206519606059 -0.000456906723772 0.000934735268264 0.0121527164057 -0.00191974203602 -9.44013702039e-05 0.00136451246045 0.00113526844168 -0.00277738700531 0.123349100665 -0.0017016819535 0.00224488047824 -0.00206661573377 -0.00198247485543 
2.18317692376e-05 0.00158746283731 0.0018678847116 -0.00023226929696 0.0012868380479 0.000737796839871 0.000360894531152 0.000435870054392 0.000382203636269 0.000353205441824 0.001112827249 0.00546707617081 0.000951378926963 0.00294677054407 0.00230361682474 -0.0017016819535 0.0170538220139 0.00108776525822 0.00362448159445 0.00351956672661 
0.00323550872061 0.00366110847804 0.000715412647915 0.000464588622047 0.00274999187101 -0.000327911802367 0.000972149326923 -0.000980425628113 7.53434735024e-05 0.000962230396676 0.00154014486337 -0.000557825344973 0.000107370833122 0.00425139413942 0.00182843240394 0.00224488047824 0.00108776525822 0.0345379462034 0.00148506875118 0.00229550485631 
0.000215873886286 0.00334725167942 0.00208479033947 0.00173881303078 0.00264949042736 0.00121204038565 0.000503641508361 0.00057587058596 -0.000133675966248 -7.2434064009e-05 0.00203122217185 0.00415170447503 0.00164998263096 0.00305680739473 0.00226873070835 -0.00206661573377 0.00362448159445 0.00148506875118 0.0164279826893 0.00408316094971 
0.00239903317136 0.000943290418917 0.00389916119534 0.0025698393085 0.00396208992707 0.002472574515 0.00463820496617 0.00188974074053 0.00364321936491 0.00576962507611 0.00493203677609 0.00490435686742 0.00724291355489 0.00538074907307 0.00260670335259 -0.00198247485543 0.00351956672661 0.00229550485631 0.00408316094971 0.042161789556 

['LU', 'EDS', 'GWW', 'CMS', 'GR', 'AEP', 'RSH', 'D', 'CVX', 'NBR', 'ITT', 'MTB', 'CEG', 'FSL.B', 'RTN', 'UIS', 'MI', 'SLR', 'NFB', 'KBH']