60
0.0669670800901 0.00108215816497 0.0616353203302 0.0939670182087 0.0649337142294 0.0916953774684 0.155431064381 0.128291051585 -0.00694067656108 0.126841392599 0.0142076594304 0.126514999345 0.0345230729479 0.0350054865441 0.00646873977314 0.0251356843311 0.0963264580192 0.100220943784 0.0172523696575 0.131188957491 0.0415474718814 0.0657027666716 0.135848421796 0.0479071153807 0.0407864154506 0.0146033592013 0.0519302207626 0.0206658862902 0.00413185853021 0.100886603299 0.135547989167 0.0598638009539 0.143828325424 0.0540494724418 0.112605751981 0.0444525953717 0.0678116165217 0.0940944116816 0.0566389432936 0.0444205393046 0.104550469133 0.0607700526619 0.0230030392576 0.119808933935 0.110578936942 0.0994766710856 0.0169596300077 0.101801748802 0.0315088302779 0.0088766616328 0.12825177486 0.0214629747746 0.0703179731329 -0.0108233812146 0.0601344650096 0.0147816990943 0.0558285331973 0.0905877796438 0.110955558587 0.165506763093 
0.229151111929 0.0136429545441 -0.000309661735979 0.0144729344214 0.00707969669207 0.0344354140018 0.0109962877373 0.0112000123971 -0.00846622087512 0.0020212959492 0.0156477543626 -0.000170009700539 0.0123489949707 0.00805886476154 0.0270191728896 0.019409600619 0.0213354802338 -0.00165985112337 0.00638242052117 0.0103317332945 0.0145885754487 -0.00476405057808 0.0274327802658 0.0055676743626 0.00928860000447 -0.00705548683923 0.0122071701692 0.0182386845115 -0.0105275927538 0.0161233400091 -0.00042906369344 0.0106646715644 0.062261122222 -0.000635421671994 -0.016557908193 -0.000802029330697 -0.00303614947182 0.0219306209649 0.0105978683924 0.0179272457673 -0.0274013387844 0.00346660888174 0.0218409788235 -0.0109238295566 0.014156851134 -0.0133715546376 0.00790152513089 -0.00813498529102 0.0347659956358 0.00666367683824 0.00957903060689 0.00161494107626 0.0212854787523 0.00296633470262 0.0663484855183 0.0156392353252 0.0887177191695 0.00142751526305 0.0256546557585 0.0190369684228 
0.0136429545441 0.232454977671 0.0270870660638 0.0148643243255 0.0327381207768 0.000292566919433 -0.00301735538574 -0.00916531291058 0.0531230591863 0.00183582594929 0.0157711093909 0.0408352749617 0.0094806314386 0.0102321504325 0.000791227406192 0.0207951190905 0.0230236216066 0.0234856083084 -0.00860005269142 0.00661462418115 0.0191316292549 -0.00597655408526 -0.0105685982375 -0.00203235987864 0.0155659837297 0.00504940304504 0.0230999602117 0.00261320916653 0.00732691205113 -0.0131705390254 -0.0156762993899 0.00690655318627 0.00207971763548 0.0126793174235 0.0111934376986 0.0129639122139 0.00380657912771 -0.00423429396134 0.0184180759904 0.0051707439636 0.00705312805303 0.0320403744328 0.0143737360645 -0.0249284614163 0.0140081356002 0.00908709977704 0.00633947451583 0.0123967545684 0.00679025728355 0.0128097465331 0.0133231900205 -0.00167778334477 0.00947664795857 0.00424644751378 -0.000430485545837 0.00373410032992 0.0100913718483 -0.00167574036024 0.0194778355691 0.0233779703797 
-0.00030966173598 0.0270870660638 0.26356248702 0.0262720783928 0.0170885118884 0.0209483938619 0.0458049494263 0.0469156406338 0.030759236149 0.0233402387588 -0.00275139423464 0.0515068719178 -0.0124373583632 0.0164070192249 0.0155812996447 0.00775690684286 0.039252909379 -0.00736625151946 0.0205991649814 0.0112299069092 0.0223076483178 -0.00156545351114 0.0201019343763 -0.00529652584105 0.0266732924582 0.0070064556806 0.00204411926522 0.0248356714952 0.0117134663689 0.0272495819049 0.0210627395654 0.0168590744078 0.0298623353835 0.0302074347204 -0.0152773175095 0.0115278125321 0.023245573792 0.00150038401188 -0.0221546063224 0.0215040984952 0.0339605704958 0.0403738175434 0.00714732139482 -0.00503473643329 -0.00639704061961 -0.00388534898475 0.0110489535518 0.0132731733458 0.0309397513875 0.00515960667611 0.00319335612574 0.0106834601313 -0.00232310325532 0.00828027349399 0.0244481676421 0.0191523463268 0.0166862506397 0.0444629836584 0.0228783493984 0.0332662517077 
0.0144729344214 0.0148643243255 0.0262720783928 0.194483624548 0.0183095737202 0.024330837717 0.0387553598496 -0.00411075744688 0.000452077748953 0.0330487379531 0.0155628943076 0.0241192765839 0.0037294285423 0.0163748887809 0.0225665264894 0.0220625161078 0.0443177857932 0.0495365904063 0.0274207718436 0.0336148401538 0.0155661234659 0.0142137487165 0.021469749011 0.035970378044 0.0249480528192 -0.00538128297284 0.036462848184 0.0909644950527 0.01396314991 0.00124463053249 0.00305911839449 0.0590959461152 0.00323166949454 0.0257668353125 0.039906263715 0.006661018127 0.00159536100881 0.0317204142885 0.0142220353851 0.0181132985605 0.0102905215109 -0.0144498437377 0.0198980434582 0.00639818799942 0.0116522132828 0.00353675710204 0.0282208095522 -0.00232848471465 0.0239087100827 0.0203191115242 0.0113929899557 0.0245985401733 0.0220600295452 0.0248284985681 0.0166848935292 0.00735924778052 0.0267556417307 0.0152448450804 0.0576342886428 0.0160539520044 
0.00707969669207 0.0327381207768 0.0170885118884 0.0183095737202 0.159461698684 0.0322529818865 0.0316860556641 0.00921547087031 0.0267597027689 -0.00386476239095 0.00483950079362 0.0251705926008 0.0192141477747 0.0150148235757 0.0215477016449 0.00731183105621 0.0380360874862 0.0525682617503 0.00612852863937 0.0147360186251 0.020993371101 0.0127194700194 -0.00159143899194 0.0157073820313 0.0151155291921 0.0101411925658 0.0132210638554 0.00952654846111 0.0273392852719 0.00804652427965 0.00441019328923 0.0133282549257 0.00746168968243 0.02727235684 0.0449195529716 0.0404318631801 -0.00458354691809 0.0350987809281 0.0137947947073 0.0322682025274 0.0389167922314 0.0335041116971 0.0153064929166 0.00812206877607 -0.00137041384426 0.0306035427452 0.0175126023892 0.0160243678843 0.0276281872512 0.0348302309546 0.0333183134226 0.013460897787 0.0173435719456 0.0147115609292 0.0181832827028 0.0147870564699 0.0315956870339 0.00793157848045 0.00880749938466 0.0520786047966 
0.0344354140018 0.000292566919433 0.0209483938619 0.024330837717 0.0322529818865 0.490501601577 0.0567159553792 0.0555081012319 0.0395540676949 -0.00902820266524 0.0010632521937 0.00701185620849 0.0360721079197 0.0297636687218 0.0451408171834 0.0160072685775 0.0622251699199 0.0512941798583 0.0264602841404 0.0516337008924 0.0231854119204 0.0102083893905 0.00565257393108 0.016176363148 0.00506470381573 0.0275753497802 0.0104630761794 0.037647563723 0.0058629189424 -0.00161316766021 -0.017870421932 0.0560574721529 0.0228554463735 0.0347545783633 0.0705573554587 0.0468872396221 0.00664900747641 0.0737915261814 0.0217892503478 0.0096382121955 0.0111632714081 0.0211418342299 0.024947285075 -0.0380467614006 0.0587142413049 0.0325823341177 0.0516763956174 0.030934823587 0.0661419760891 0.00872854200296 0.0273379740493 0.0104216838741 0.0115210219674 0.0165040687904 0.0450996671647 0.0390318564291 0.0653717963863 0.0547561737174 0.0490173583361 0.0252674974142 
0.0109962877373 -0.00301735538574 0.0458049494263 0.0387553598496 0.0316860556641 0.0567159553792 0.692970595062 0.00252111882412 0.0297892564894 -0.0103658743595 -0.00416873091811 0.0174198555175 0.00526002500284 0.0239653294065 0.0248466208945 0.0159688667916 0.00154166353638 -0.00408110948759 -0.00111013594886 0.00606355836021 0.0417304540381 0.0295558215002 -0.0108729510459 0.0417142181715 0.0241313081478 0.00972065520262 0.0279975458171 0.0281255936974 0.0180620357512 0.006197416789 -0.0176076766077 0.0275309257614 -0.000756325684165 0.0396160394153 0.0354005098878 -0.00669023335382 -0.00474984008809 0.00636336373302 -0.018717105235 0.0106240107093 -0.00547296521162 0.0425747171319 -0.00847781007902 0.0386426515108 -0.0222440415576 0.0445560011908 -0.00392991150371 -0.00119234387563 0.0287477528964 0.0470654806686 0.0075419128381 0.00149772364422 -0.0333705523699 0.0246999876518 0.00771649085048 0.00666079314272 -0.00631022224154 0.0622991890497 0.0326386389776 0.0109692448019 
0.0112000123971 -0.00916531291058 0.0469156406338 -0.00411075744688 0.00921547087031 0.0555081012319 0.00252111882412 0.476299864935 0.0180674363451 -0.0107209274931 0.0128821076284 0.019745372031 0.00464458027484 -0.00400809666339 0.0241702193253 0.0108054569009 0.0341554717451 0.0331159758652 0.0173606949025 0.00817108516346 0.0233711863245 0.0093860328297 0.125146088855 -0.00163672281911 0.0213639273964 -0.0160712330862 0.00789181540576 -0.0066764370151 0.000391469053643 0.0194550486845 0.0262917293073 0.000295635883819 0.00702367394351 -0.0124236186955 -0.0208028947088 0.000236938151279 0.0335029224697 0.0335687890744 -0.0269568317978 0.00309906638331 0.0132602951232 0.0236323151895 0.0135649356259 0.0412976495214 0.0152942396344 -0.00869143359588 0.0141454764079 0.00510398812399 0.0242772553047 0.00104879179705 -0.0367782261888 0.00391468879237 -0.00158917634013 -0.000850214858179 0.0187166056396 0.0278722534973 0.00632359766947 0.0208231016292 0.00485025242075 0.00699940378694 
-0.00846622087512 0.0531230591863 0.030759236149 0.000452077748953 0.0267597027689 0.0395540676949 0.0297892564894 0.0180674363451 0.366246332052 0.0210101864072 0.000901101075839 0.00843992103997 0.0105563822857 0.0109007056618 0.0125910127097 0.0157995760912 -0.00548947328753 0.0289437964756 0.0230978768319 0.0314006187445 0.0241228249418 0.0122775134055 -0.0220608583395 -0.00442483227324 0.0373103074572 0.00372420791939 0.000713770677569 0.0115761041747 -0.00416904707932 0.0135197410629 0.0195285644664 0.00400873566521 0.0114972779859 0.0169211329548 0.0298976164464 -0.00851917612331 0.00754811655603 0.013295419086 0.00595309636512 0.0217514055865 0.109161304511 0.0771577849091 -0.00443024151435 -0.00985848025743 0.0149433277563 0.00723449830255 0.000595678710954 0.0256207220102 0.02679858592 0.0192720563818 -0.0069174065214 0.00677652741961 -0.0202988106574 -0.00904189605976 0.0276969580496 0.00284838301763 0.0178860529423 0.00202572356135 0.0179932954478 0.02882681739 
0.0020212959492 0.00183582594929 0.0233402387588 0.0330487379531 -0.00386476239095 -0.00902820266524 -0.0103658743595 -0.0107209274931 0.0210101864072 0.79077673918 0.00636152482026 -0.00510421775917 0.0522672401013 0.00529906138233 0.00519433990058 -0.00316046145081 0.010953947668 0.324481625979 0.0260824640059 0.0649646672546 0.00453121408577 0.019342239911 0.00221574649438 0.0255226753673 0.018027609586 0.03682071805 0.0427891050598 0.0313534593083 0.0120137230897 0.0368182568478 0.0111988733863 0.0323252233701 0.0230609001008 -0.0166348619156 0.0088101024357 0.0173284402582 -0.0120359444026 -0.00838202763162 -0.00358170309614 0.000601828362283 -0.00199533400698 -0.0186953580437 0.00372189356258 0.0324347532418 0.048723837295 0.139225543245 0.00773452281488 0.00337245487381 -0.00846581607103 0.00290200937786 0.0231032246095 0.0125513890278 0.0484849502076 -0.00620755438085 -0.0172953332953 0.0138470442915 -0.013627363916 0.0639423419226 0.00707132068716 0.0424903636205 
0.0156477543626 0.0157711093909 -0.00275139423464 0.0155628943076 0.00483950079362 0.0010632521937 -0.00416873091811 0.0128821076284 0.000901101075839 0.00636152482026 0.121818247047 0.00341115327303 0.00314711595323 0.000797089684809 0.0163173263919 0.0111605124639 0.0182568136891 0.0183585501155 0.0122178721193 0.0117825286144 0.00624672787153 0.000166394429413 0.00736413557044 0.00702234880159 0.0136555638139 0.00366520949835 0.00437426979371 0.0186343895337 0.00593690709778 -0.00668095569738 -0.0132482947437 -0.000784118161812 0.0117921933934 -0.00607042175679 -0.00334601255071 -0.00519007928537 -0.00161980901798 0.000569003248372 0.000111933259304 0.0238823286802 0.00320533162594 0.00723966727506 0.0191579313617 -0.00848615920027 0.0120015475994 0.01609910181 0.00938131199889 0.0128655488764 0.00581448550603 0.0119067008069 0.00931462567693 0.00878028631519 0.0136570974676 0.0148651347401 -0.000196712626588 -0.00422430189973 -0.00173232480878 0.00103848846379 0.0138339510324 0.0189786320714 
-0.000170009700539 0.0408352749617 0.0515068719178 0.0241192765839 0.0251705926008 0.00701185620849 0.0174198555175 0.019745372031 0.00843992103997 -0.00510421775917 0.00341115327303 0.240390004065 0.00534878636947 0.00203020379696 0.00580536071882 -0.000941868997604 -0.00961706756289 0.0131282704104 0.00417108663286 0.0246432070528 0.00421898942144 0.00917882728891 0.035823834665 0.0289013510772 0.0180107178289 0.015092213854 0.0527061964809 0.0318480442362 0.0459052368848 0.0267970345254 -0.00280941564868 0.0119765325493 -0.0101592629716 0.0430170366592 0.0413459477952 0.029622736536 0.0239676309217 0.0445921657211 0.0154858060163 0.0104289703264 0.00295298167444 0.0225233571596 0.00383411417978 0.0340946109815 0.0154181433855 0.00803376875237 0.0417987941156 0.0182473525026 0.0382850030555 0.00560290882228 0.0324411566906 0.0271952110897 0.00957201459925 0.0496083723545 -0.00656259218593 0.00769762893252 0.00487629245613 0.023715668367 -0.0102720943863 0.0128741831431 
0.0123489949707 0.0094806314386 -0.0124373583632 0.0037294285423 0.0192141477747 0.0360721079197 0.00526002500284 0.00464458027484 0.0105563822857 0.0522672401013 0.00314711595323 0.00534878636947 0.132523291674 0.0131583646506 0.0152981068736 0.0180881537963 0.0460405344896 0.111876594854 -0.00185496644982 0.00800705798213 0.00985668067065 0.0236180064857 0.0139024453055 0.0351909827915 0.00301015756999 0.00590747291513 0.000907046151599 0.0272658231585 -0.00204226603956 0.0144345095927 0.00672615135251 0.0250470347663 0.00992887129052 -0.00284101805456 0.046323169735 0.0154935304358 0.0105423600561 0.0219057575311 0.0165936529697 0.0197826573942 0.0177827712278 -0.00527012348578 0.0109151810981 -0.000721477656241 -0.000289532433018 0.0464221601964 0.00565655628961 0.00306465493605 0.0126715602181 0.0111878650214 0.0216039690755 0.00517231654324 0.00806277831143 -0.00202497929986 -0.00139724113052 0.0210603148498 0.0254517243144 0.00327215209126 0.00609567265004 0.0347812171504 
0.00805886476154 0.0102321504325 0.0164070192249 0.0163748887809 0.0150148235757 0.0297636687218 0.0239653294065 -0.00400809666339 0.0109007056618 0.00529906138233 0.000797089684809 0.00203020379696 0.0131583646506 0.127692119903 0.0076882097636 0.0114055762735 0.0223608958247 0.00376586533879 0.0154564439377 0.0179993319345 0.0102694421592 0.0032288890739 -0.00399805783546 0.00623479139114 0.0211096201717 -0.00669286123476 0.0123577858036 0.0254785398893 0.0100987956206 -0.0115588768024 0.0190818588706 0.0127630725317 0.000374139772382 0.0176756492276 0.0147427814276 0.00778263016233 0.0180638420767 0.0161944888428 -0.00674781128081 0.00604355275139 0.0266110401643 0.00973226509192 0.0123403775551 0.00629013307005 0.015554983497 0.00840251035986 0.0207136497725 -0.00193983144921 0.0035835839818 0.0292327454969 0.0102396612404 0.00422291160759 -0.0111034680195 0.0163399155483 -0.00492923825799 0.00631723299301 0.0373530600251 0.0347567950055 0.0203627062662 0.00531121727733 
0.0270191728896 0.000791227406192 0.0155812996447 0.0225665264894 0.0215477016449 0.0451408171834 0.0248466208945 0.0241702193253 0.0125910127097 0.00519433990058 0.0163173263919 0.00580536071882 0.0152981068736 0.0076882097636 0.16345608431 0.0368748839599 0.0180560612831 -0.00679162930705 0.0224575473626 0.0497890447793 0.0222820093584 0.020040417552 0.00414323062387 0.0231804682423 0.0097724667489 0.00660389021566 0.0222273889865 0.0230399333342 -0.00288261619868 -0.00726109737848 0.00849926685913 0.0143218249159 0.0139462746212 0.0209159961144 0.00819413881292 0.0122126559957 0.028328801579 0.0150983228378 0.00384510727969 0.0204378678886 -0.0146330232673 0.0146174715677 0.0383708413123 -0.0223645653105 0.0128088408972 0.0116798363193 0.0293403449199 0.0118682084652 0.0217349555473 0.0217607845088 0.00131516134133 0.00643887329753 0.00358824429064 0.0220331325035 0.0097813526823 0.0566002426625 0.047511679913 0.0152689979201 0.0181003367446 0.0303127394523 
0.019409600619 0.0207951190905 0.00775690684287 0.0220625161078 0.00731183105621 0.0160072685775 0.0159688667916 0.0108054569009 0.0157995760912 -0.00316046145081 0.0111605124639 -0.000941868997604 0.0180881537963 0.0114055762735 0.0368748839599 0.113685627667 0.0111530896721 -0.00633728466246 0.00741201189661 0.0148274930328 0.012750284152 0.00956128155697 0.00585537462281 0.0138928434609 0.0194333752567 0.00819428273394 -0.00215245279153 0.0129753497159 0.0076656964425 0.00628363382844 0.0145807461111 0.0173393154986 -0.0133538790286 0.0152858032591 -0.00754281577875 0.0100360904255 -0.000692601673427 0.00433947626235 0.00564905540599 0.0186867975299 0.0161732639129 0.00950997071591 0.0415438951365 -0.0108357853298 0.0148699334485 0.00616763592321 0.0169284556245 -0.00157427798273 0.0392214677445 0.0203641649147 0.0180490215517 -0.00321081875355 0.0166772631269 0.00680844657756 0.00703847598819 0.0209983396301 0.0143654827598 0.00816028716886 0.0276445807214 0.00816956939013 
0.0213354802338 0.0230236216066 0.039252909379 0.0443177857932 0.0380360874862 0.0622251699199 0.00154166353638 0.0341554717451 -0.00548947328753 0.010953947668 0.0182568136891 -0.00961706756289 0.0460405344896 0.0223608958247 0.0180560612831 0.0111530896721 0.445461781833 0.0332824832939 0.00457186825672 0.0235869182105 0.0127782498247 0.014498249219 0.0431864021624 0.0227486054785 0.034485325724 -0.0151944655536 -0.00792291238875 0.0381651935771 0.0120337327719 -0.00532342121924 0.0350361262599 0.0221517101717 0.0422098594098 0.0148324997162 0.0113503173253 0.0143353273602 0.020643684399 0.0281509578034 -0.0136790393875 0.0312091515887 0.0336892573927 0.0120343418842 0.0184186911295 0.0141596026661 0.00484424082049 0.00912208572813 0.00824559261221 0.000927280506622 0.0288882759922 0.000484554415377 0.00907373312387 0.0282387677381 0.0119116009991 -5.07387673973e-05 0.00372762897221 0.038339703919 0.0394907414272 0.0320028012639 0.0334927770723 0.0219263446185 
-0.00165985112337 0.0234856083084 -0.00736625151946 0.0495365904063 0.0525682617503 0.0512941798583 -0.00408110948759 0.0331159758652 0.0289437964756 0.324481625979 0.0183585501155 0.0131282704104 0.111876594854 0.00376586533879 -0.00679162930705 -0.00633728466246 0.0332824832939 0.994627255894 0.0245878753537 -0.00482979123239 0.00240639757138 0.0205052705158 0.0751592456866 0.0456298852075 -0.00381365143038 0.0319205364963 -0.00831411313514 0.0594870616051 -0.00838653151496 -0.0118701149885 -0.0101468716206 0.0229398780024 0.0131503733822 0.0274125512648 -0.0167814094441 0.0397387944424 0.00378218444013 -0.0430197515247 0.0181640104844 0.0349848573529 -0.0118848296351 -0.00931434966439 -0.00175374554525 0.0427484370608 0.0310104087507 0.301700746123 0.00490147049606 0.0185328053372 0.0225882336161 0.0146982473652 -0.00555861241151 0.0141827544699 -0.00757208200676 -0.0217938257297 -0.0146383578482 -0.0220122884791 0.00217795155279 -0.00234233405096 0.0384641963342 0.155767115622 
0.00638242052117 -0.00860005269142 0.0205991649814 0.0274207718436 0.00612852863937 0.0264602841404 -0.00111013594886 0.0173606949025 0.0230978768319 0.0260824640059 0.0122178721193 0.00417108663286 -0.00185496644982 0.0154564439377 0.0224575473626 0.00741201189661 0.00457186825672 0.0245878753537 0.190589431366 0.0167454001848 0.0107432604082 0.00495983275046 0.0153310588204 -0.00781199120078 0.00252007117827 0.00291271378183 0.0123629231859 0.0179947447413 0.0017424979886 -0.00248194308269 -0.0166810937862 0.0144142963243 -0.0025306607947 0.0193109191496 -0.00580215944202 0.0103095140516 0.00691519490147 -0.000146735917278 -0.00366834897491 0.00654651465094 -0.0068456049606 0.01207183907 0.00744124847822 0.0110406407093 -0.00403709035372 0.0104583855494 0.0198301895041 0.00909318866818 0.00959710146599 -0.00248565618498 0.0179168245469 0.01270391277 0.0228959877881 0.00684276571561 0.00789999630012 0.0078873883808 0.00940343451305 0.00893784194258 -0.00696004937949 0.0251041794664 
0.0103317332945 0.00661462418115 0.0112299069092 0.0336148401538 0.0147360186251 0.0516337008924 0.00606355836021 0.00817108516346 0.0314006187445 0.0649646672546 0.0117825286144 0.0246432070528 0.00800705798213 0.0179993319345 0.0497890447793 0.0148274930328 0.0235869182105 -0.00482979123239 0.0167454001848 0.374888214208 -0.00718535766576 0.0382648048182 0.054322227375 0.0111053916493 0.00802130099168 0.0177784572145 0.0282780824641 0.019325911584 0.0304408423492 -0.00982399707703 0.0272034424158 0.0244647848669 0.0186471875919 0.0122390656003 0.0289123011276 0.0138253763764 0.0138527357632 0.0597801271328 0.0346183678836 0.0155066121875 0.0170931531074 -0.0049925010753 0.0141689754429 0.0131992376408 0.0636233027471 0.00403967700478 0.0252122092278 0.00755789875621 0.00141940059154 0.0590192503906 -0.0175962342864 0.0137485412768 0.00608925652575 0.0214816082454 0.0114916611706 0.0280268941951 0.0149158590544 0.071202127438 0.0521751246088 0.0303468127906 
0.0145885754487 0.0191316292549 0.0223076483178 0.0155661234659 0.020993371101 0.0231854119204 0.0417304540381 0.0233711863245 0.0241228249418 0.00453121408577 0.00624672787153 0.00421898942144 0.00985668067065 0.0102694421592 0.0222820093584 0.012750284152 0.0127782498247 0.00240639757138 0.0107432604082 -0.00718535766576 0.16474551437 0.019792581367 -0.00446141613455 0.0172264939093 0.020395634353 0.00649362075286 0.0155339418363 0.0130683014668 0.0130362737063 0.0018840520652 0.000622951596994 0.0319622317469 -0.00086154155303 0.0182692333058 -0.00601005945975 0.0042133556315 0.00985122262601 0.0130980919887 0.00881159635572 0.0166419394761 0.0258992026859 0.0342953599751 0.0134850201585 0.0181534789296 0.0232124466894 0.00085084204988 0.0172853703767 0.00846091546334 0.00393549295917 0.0244665459489 0.00437911288638 -0.00479283343005 -0.0019489764269 0.0196328248476 0.0211286769104 0.0274130868596 0.0157610570361 0.0467756183233 0.0118997392186 0.0180938738373 
-0.00476405057808 -0.00597655408526 -0.00156545351114 0.0142137487165 0.0127194700194 0.0102083893905 0.0295558215002 0.0093860328297 0.0122775134055 0.019342239911 0.000166394429413 0.00917882728891 0.0236180064857 0.0032288890739 0.020040417552 0.00956128155697 0.014498249219 0.0205052705158 0.00495983275046 0.0382648048182 0.019792581367 0.172018484294 0.00185706393654 0.0292529882688 0.020513084823 0.0141066499295 -0.00218652755558 0.0304827928696 0.00853493098531 0.0154882833686 0.00630293182543 0.0295738502905 0.0046669948244 0.00898817601893 -0.000108131540074 -0.00426276330723 -0.0173149502384 0.0212830381565 0.000715870136868 0.00702046306059 0.014912170496 0.0122470901841 0.015824840777 0.000551913500131 0.0675521592417 0.00690630308916 0.00658555385715 0.00503002112795 0.00756548563815 0.0169430137098 0.0270998443098 0.00226001442464 0.0169162976664 0.0082655710493 0.0089539769379 0.0237022065822 0.0104451565943 -0.000574576063146 0.0174054964056 0.0339019653809 
0.0274327802658 -0.0105685982375 0.0201019343763 0.021469749011 -0.00159143899194 0.00565257393108 -0.0108729510459 0.125146088855 -0.0220608583395 0.00221574649438 0.00736413557044 0.035823834665 0.0139024453055 -0.00399805783546 0.00414323062387 0.00585537462281 0.0431864021624 0.0751592456866 0.0153310588204 0.054322227375 -0.00446141613455 0.00185706393654 0.609631115257 0.00471848497433 0.00727987053157 -0.0266668769401 0.0136583718488 0.0185448822117 0.00575649783939 0.0127074027556 0.046961986904 0.0120710319495 0.0198881353093 0.0317187974595 -0.00729647361283 6.73976441854e-05 0.00274127527457 -0.00306648968588 -0.0185058247572 0.0187794985349 0.00822226733985 -0.00413298769171 0.0193922601221 -0.0319805247685 0.011626536445 -0.0116663095928 0.00977964515858 -0.00403160314258 0.0190794148383 -0.000287011050947 0.00554211071237 0.000257882484125 0.0291002053326 0.00704397294632 0.0295068362536 0.0112748513648 0.0249006358319 0.00805754190435 -0.00236906641308 -0.00720314544272 
0.0055676743626 -0.00203235987864 -0.00529652584105 0.035970378044 0.0157073820313 0.016176363148 0.0417142181715 -0.00163672281911 -0.00442483227324 0.0255226753673 0.00702234880159 0.0289013510772 0.0351909827915 0.00623479139114 0.0231804682423 0.0138928434609 0.0227486054785 0.0456298852075 -0.00781199120078 0.0111053916493 0.0172264939093 0.0292529882688 0.00471848497433 0.21947741097 0.0173901015592 0.00266108476391 0.0244195194017 0.0276174507637 0.000999145628158 0.00763010246506 0.0127150965474 0.00928399215515 0.0110771722197 -0.00437347526699 0.0170681916187 -0.0025466203039 0.00434803198941 0.0181907686629 0.0140687437021 0.00671090331687 0.0185251873303 -0.00452313541998 0.0198030057051 0.0269766740382 0.020580336838 0.0229729586086 0.0134078339964 0.0161820046286 0.0174939195448 0.00741738776416 0.0429101012997 0.00273074808899 0.00644896454919 0.00524641123397 0.0068025454149 0.0116283657756 0.00689853761762 -0.00735320822646 -0.0142310670235 0.0352292302421 
0.00928860000447 0.0155659837297 0.0266732924582 0.0249480528192 0.0151155291921 0.00506470381573 0.0241313081478 0.0213639273964 0.0373103074572 0.018027609586 0.0136555638139 0.0180107178289 0.00301015756999 0.0211096201717 0.0097724667489 0.0194333752567 0.034485325724 -0.00381365143038 0.00252007117827 0.00802130099168 0.020395634353 0.020513084823 0.00727987053157 0.0173901015592 0.20707426161 0.00534022762968 0.0208085628027 0.027396468486 0.0298489747568 0.00803042770889 0.0248086272588 0.0213198832884 -0.00442687996775 0.00434513734732 0.012703524611 0.00608730302354 0.0141270236775 0.0376088538837 0.0199992286254 0.0288824510503 0.0420391401384 0.00850819734834 0.0227024579198 -0.00468695448311 -0.0058743747522 0.0088954515691 0.0145824986562 0.0192480759197 0.0201490579633 0.0228415520892 0.02089109037 0.00453183523233 0.0183988684808 0.0185222572126 -0.010780821343 0.0147954837543 0.0306872626281 0.0241520984921 0.0560134820082 0.0039295936886 
-0.00705548683923 0.00504940304504 0.0070064556806 -0.00538128297284 0.0101411925658 0.0275753497802 0.00972065520262 -0.0160712330862 0.00372420791939 0.03682071805 0.00366520949835 0.015092213854 0.00590747291513 -0.00669286123476 0.00660389021566 0.00819428273394 -0.0151944655536 0.0319205364963 0.00291271378183 0.0177784572145 0.00649362075286 0.0141066499295 -0.0266668769401 0.00266108476391 0.00534022762968 0.163039925336 0.00503875732368 0.00554521127893 0.00935580144139 -0.00838382010807 0.0092625491862 0.00234821868887 -0.00077771943388 0.00108410548986 0.00422585408258 0.00700110487538 -0.0119112483389 0.032814029494 0.00204957883351 0.0030303712146 0.0151396281496 0.0101769521113 0.00476140457172 -0.00152514987565 0.00895452863225 0.0211021564235 -0.0112769918686 0.00898399616956 0.0107658105322 0.0200448578523 0.00277347452944 6.9346096676e-05 -0.0070681734526 0.00823684426002 -0.0136782342803 0.0100053303278 -0.00935563790768 0.0187196456087 0.0237283373215 0.00725384374492 
0.0122071701692 0.0230999602117 0.00204411926522 0.036462848184 0.0132210638554 0.0104630761794 0.0279975458171 0.00789181540576 0.000713770677568 0.0427891050598 0.00437426979371 0.0527061964809 0.000907046151599 0.0123577858036 0.0222273889865 -0.00215245279153 -0.00792291238875 -0.00831411313514 0.0123629231859 0.0282780824641 0.0155339418363 -0.00218652755558 0.0136583718488 0.0244195194017 0.0208085628027 0.00503875732368 0.242944178679 0.021496232458 0.0454706947821 0.015312331936 -0.00298039562672 0.0275643289932 -0.0130138582645 0.0267452701332 0.0712517748992 0.0344864105892 0.0418712526629 0.0088618268125 0.00868062346222 -0.00296764607053 -0.0173259845853 0.0137959248673 0.0189207159938 0.00777455676422 -0.00384478781838 0.00990136251522 0.0375347093817 0.056600761921 0.0325812622035 0.0221732023389 0.0332964828549 0.0379628293413 0.024965842269 0.0311112968204 0.00998120130443 0.0243646574118 0.00785053033217 0.0314822357965 -0.00125429048268 0.00566143075705 
0.0182386845115 0.00261320916653 0.0248356714952 0.0909644950527 0.00952654846111 0.037647563723 0.0281255936974 -0.0066764370151 0.0115761041747 0.0313534593083 0.0186343895337 0.0318480442362 0.0272658231585 0.0254785398893 0.0230399333342 0.0129753497159 0.0381651935771 0.0594870616051 0.0179947447413 0.019325911584 0.0130683014668 0.0304827928696 0.0185448822117 0.0276174507637 0.027396468486 0.00554521127893 0.021496232458 0.170130883101 0.0258654061035 -0.00342624664794 0.0111037991338 0.0609206022542 0.0163769161538 0.0243235248113 0.0338800842338 0.00917933602121 0.0112776014057 0.0220766097401 0.00270504921268 0.035227998724 0.0429865486961 0.0037963039812 0.00670265503138 0.0132908905674 0.000615179964999 0.0230959967775 0.0394753401747 0.0205798511723 0.0354636277723 0.0119919241543 0.00864817670982 0.0236856138883 0.0147532008388 0.0206675645434 -0.000981433872213 0.00382425112144 0.0299629496923 0.00184807382832 0.0544170215898 0.0157361791523 
-0.0105275927538 0.00732691205113 0.0117134663689 0.01396314991 0.0273392852719 0.0058629189424 0.0180620357512 0.000391469053643 -0.00416904707932 0.0120137230897 0.00593690709778 0.0459052368848 -0.00204226603956 0.0100987956206 -0.00288261619868 0.0076656964425 0.0120337327719 -0.00838653151496 0.0017424979886 0.0304408423492 0.0130362737063 0.00853493098531 0.00575649783939 0.000999145628158 0.0298489747568 0.00935580144139 0.0454706947821 0.0258654061035 0.169400748523 -0.0055449471269 0.00796787592742 0.0389223043894 -0.0174641662659 0.0144398163928 0.0405849108079 0.0166296302507 0.0216774058925 0.0401913861612 0.00403661234787 0.00414794157293 0.0260607657886 0.00954504808485 0.0162510958492 0.0231700236636 0.00152219781137 0.013010641615 0.0341246595406 0.0114326219838 0.0118489602536 0.0271264751666 0.0114604877261 0.0250174587246 0.0169987431573 0.0497045000866 0.00901605681957 0.00051818613393 -0.00146190321993 0.0278625672082 0.00502948879607 0.0122073822469 
0.0161233400091 -0.0131705390254 0.0272495819049 0.00124463053249 0.00804652427965 -0.00161316766021 0.006197416789 0.0194550486845 0.0135197410629 0.0368182568478 -0.00668095569738 0.0267970345254 0.0144345095927 -0.0115588768024 -0.00726109737848 0.00628363382844 -0.00532342121924 -0.0118701149885 -0.00248194308269 -0.00982399707703 0.0018840520652 0.0154882833686 0.0127074027556 0.00763010246506 0.00803042770889 -0.00838382010807 0.015312331936 -0.00342624664794 -0.0055449471269 0.368173607353 0.0164045567491 0.0018152491231 -0.00210874743839 0.0181269291992 -0.0125703848123 0.0150195525448 0.0174359888174 0.00641532410662 -0.00465505165305 0.00662160588508 7.92350604454e-05 -0.0122675002494 -0.00649392114457 0.0283447951265 0.00777950487722 0.000261243285938 0.00752632278375 0.0125601930958 -0.0111988072107 -0.0046970401093 0.0104905912092 5.76822059599e-05 -0.00558624513118 0.0151827062163 0.0424960991516 0.00279736211759 0.00789156587161 0.0142823387434 0.0194800071737 0.0206537147833 
-0.00042906369344 -0.0156762993899 0.0210627395654 0.00305911839449 0.00441019328923 -0.017870421932 -0.0176076766077 0.0262917293073 0.0195285644664 0.0111988733863 -0.0132482947437 -0.00280941564868 0.00672615135251 0.0190818588706 0.00849926685913 0.0145807461111 0.0350361262599 -0.0101468716206 -0.0166810937862 0.0272034424158 0.000622951596994 0.00630293182543 0.046961986904 0.0127150965474 0.0248086272588 0.0092625491862 -0.00298039562672 0.0111037991338 0.00796787592742 0.0164045567491 0.470140989335 -0.00180102220499 0.0373136104226 0.00104248883055 0.0132706511629 -0.0169553407516 0.0111521344175 0.0490965430467 -0.00712391160923 -0.0206312025713 0.132493393792 0.0269979380937 0.0107366405359 -0.0107826624368 0.0313332708392 0.013509268632 0.00904275344559 0.00725167153429 -0.0031375557842 0.0539161993612 -0.0088842028174 0.0120680491709 -0.0129732885 0.000430874209645 -0.0146432827816 -0.00175128812686 0.000262079796111 0.00302924837269 0.00240560352564 0.0123495388939 
0.0106646715644 0.00690655318627 0.0168590744078 0.0590959461152 0.0133282549257 0.0560574721529 0.0275309257614 0.000295635883819 0.00400873566521 0.0323252233701 -0.000784118161813 0.0119765325493 0.0250470347663 0.0127630725317 0.0143218249159 0.0173393154986 0.0221517101717 0.0229398780024 0.0144142963243 0.0244647848669 0.0319622317469 0.0295738502905 0.0120710319495 0.00928399215515 0.0213198832884 0.00234821868887 0.0275643289932 0.0609206022542 0.0389223043894 0.0018152491231 -0.00180102220499 0.170130285703 0.0187683662917 0.0284443526728 0.0361968568454 0.0140427870669 0.0160045967521 0.0258093476095 0.0105089330971 0.0296033231785 0.0303959110232 0.0262625602449 0.0256313445544 -0.00855101515574 0.0116713878937 0.0128146586389 0.0365476206469 0.00385842570696 0.0318970233523 0.017677734254 0.00502997736127 0.00783379353071 0.00698941096382 0.0454870617182 0.00915954222655 0.0164530728723 0.0189869129405 0.0200710619146 0.0231641778359 0.0121350399292 
0.062261122222 0.00207971763548 0.0298623353835 0.00323166949454 0.00746168968243 0.0228554463735 -0.000756325684164 0.00702367394351 0.0114972779859 0.0230609001008 0.0117921933934 -0.0101592629716 0.00992887129052 0.000374139772382 0.0139462746212 -0.0133538790286 0.0422098594098 0.0131503733822 -0.0025306607947 0.0186471875919 -0.00086154155303 0.0046669948244 0.0198881353093 0.0110771722197 -0.00442687996775 -0.00077771943388 -0.0130138582645 0.0163769161538 -0.0174641662659 -0.00210874743839 0.0373136104226 0.0187683662917 0.589428500117 -0.00297581555648 0.019368122457 0.0054011198118 -0.00407911090359 -0.00947866763034 -0.00851799760635 0.0426460607593 0.0140653769205 0.0249201751823 0.00258585807181 -0.0454207345063 0.00910637960365 0.0116770930882 0.0136473107113 -0.0112006058331 0.0302205108226 -0.00564681487191 0.00545330332367 -0.0116463276996 0.00823209623489 -0.00706328071905 0.0516236192676 0.0130301303277 0.0619247730192 -0.00600810586106 -0.000630056320375 -0.00787414414013 
-0.000635421671994 0.0126793174235 0.0302074347204 0.0257668353125 0.02727235684 0.0347545783633 0.0396160394153 -0.0124236186955 0.0169211329548 -0.0166348619156 -0.00607042175679 0.0430170366592 -0.00284101805456 0.0176756492276 0.0209159961144 0.0152858032591 0.0148324997162 0.0274125512648 0.0193109191496 0.0122390656003 0.0182692333058 0.00898817601893 0.0317187974595 -0.00437347526699 0.00434513734732 0.00108410548986 0.0267452701332 0.0243235248113 0.0144398163928 0.0181269291992 0.00104248883055 0.0284443526728 -0.00297581555648 0.254327090922 0.00947046739378 0.0220792827825 -0.0020189560451 0.0121200022641 -0.00280971475919 0.0100953620062 0.00629103101099 0.0167603512004 0.0214179266504 -0.000376679096523 -0.0134564019623 0.00410596924108 0.0072668209971 0.00611450539714 0.0155444977043 0.0278867942682 0.0232497047445 0.00986981361259 0.00537837077758 0.0298697684877 0.0224566859996 0.0209248241772 0.00452437148842 0.0199584036371 0.0601257984344 0.00920398893603 
-0.016557908193 0.0111934376986 -0.0152773175095 0.039906263715 0.0449195529716 0.0705573554587 0.0354005098878 -0.0208028947088 0.0298976164464 0.0088101024357 -0.00334601255071 0.0413459477952 0.046323169735 0.0147427814276 0.00819413881292 -0.00754281577875 0.0113503173253 -0.0167814094441 -0.00580215944202 0.0289123011276 -0.00601005945975 -0.000108131540074 -0.00729647361283 0.0170681916187 0.012703524611 0.00422585408258 0.0712517748992 0.0338800842338 0.0405849108079 -0.0125703848123 0.0132706511629 0.0361968568454 0.019368122457 0.00947046739378 0.524149176349 0.141332617744 -0.00699113402768 0.0457624809581 0.0250957242982 0.031782291803 0.0791734512691 0.0366603134575 0.00650256163258 0.00572319278021 0.0419745135578 0.0157453549167 0.068417667841 0.0224074627955 0.0277761049005 0.0544453819605 0.0928290109386 0.0420054868323 0.0163066364207 0.038180876512 -0.0471282626687 0.00593551875728 -0.00783802403431 0.0418508855934 -0.0193873622869 0.0195991991848 
-0.000802029330696 0.0129639122139 0.0115278125321 0.006661018127 0.0404318631801 0.0468872396221 -0.00669023335382 0.000236938151279 -0.00851917612331 0.0173284402582 -0.00519007928537 0.029622736536 0.0154935304358 0.00778263016233 0.0122126559957 0.0100360904255 0.0143353273602 0.0397387944424 0.0103095140516 0.0138253763764 0.0042133556315 -0.00426276330723 6.73976441855e-05 -0.0025466203039 0.00608730302354 0.00700110487538 0.0344864105892 0.00917933602121 0.0166296302507 0.0150195525448 -0.0169553407516 0.0140427870669 0.0054011198118 0.0220792827825 0.141332617744 0.208372609005 0.000236145144804 0.0104577835296 -0.00984082442162 0.0158109287941 0.0274843137491 0.0204574486679 0.00784722883692 0.0073713473344 0.0103066951393 0.0164320992822 0.0335968152586 0.0106787200502 0.0370772483254 0.0321286734596 0.0837177225659 0.0198328799233 0.0112660046008 0.0334774036224 -0.0153596233919 0.013063250461 -0.00270596936102 0.000348956267189 -0.00716173358045 0.00955272988112 
-0.00303614947182 0.00380657912771 0.023245573792 0.00159536100881 -0.00458354691809 0.00664900747641 -0.00474984008809 0.0335029224697 0.00754811655603 -0.0120359444026 -0.00161980901798 0.0239676309217 0.0105423600561 0.0180638420767 0.028328801579 -0.000692601673427 0.020643684399 0.00378218444013 0.00691519490147 0.0138527357632 0.00985122262601 -0.0173149502384 0.00274127527457 0.00434803198941 0.0141270236775 -0.0119112483389 0.0418712526629 0.0112776014057 0.0216774058925 0.0174359888174 0.0111521344175 0.0160045967521 -0.00407911090359 -0.0020189560451 -0.00699113402768 0.000236145144804 0.231137495284 0.0277974748112 0.0203757647605 0.015306454903 0.00243589679507 0.0142011144685 0.00142873576522 0.0301282873955 -0.00866394171137 0.0083929802766 0.0170324075059 0.0148945177049 0.00455586965976 0.00521382862842 -0.0162774197524 0.00231788186326 0.00217879638877 0.018561375131 -0.0135497927029 0.0142661804211 0.00280219371679 0.0267166035389 0.0116617981802 -0.0121323165176 
0.0219306209649 -0.00423429396134 0.00150038401188 0.0317204142885 0.0350987809281 0.0737915261814 0.00636336373302 0.0335687890744 0.013295419086 -0.00838202763162 0.000569003248372 0.0445921657211 0.0219057575311 0.0161944888428 0.0150983228378 0.00433947626235 0.0281509578034 -0.0430197515247 -0.000146735917277 0.0597801271328 0.0130980919887 0.0212830381565 -0.00306648968588 0.0181907686629 0.0376088538837 0.032814029494 0.0088618268125 0.0220766097401 0.0401913861612 0.00641532410662 0.0490965430467 0.0258093476095 -0.00947866763034 0.0121200022641 0.0457624809581 0.0104577835296 0.0277974748112 0.340849979041 0.0148797294282 0.00491457390728 0.0533448139389 0.0256984400923 0.0151872374326 0.010718194658 0.0622577065284 0.00518663685724 0.00670460184261 0.000616058200237 -0.00257455490388 0.0312709746856 0.0202146944278 0.0163212144219 -0.0169052313331 0.0208881460987 0.0189523720696 0.025882835453 0.0526503654263 0.0538971417688 0.00225682569077 0.0210013908376 
0.0105978683924 0.0184180759904 -0.0221546063224 0.0142220353851 0.0137947947073 0.0217892503478 -0.018717105235 -0.0269568317978 0.00595309636512 -0.00358170309614 0.000111933259305 0.0154858060163 0.0165936529697 -0.00674781128081 0.00384510727969 0.00564905540599 -0.0136790393875 0.0181640104844 -0.00366834897491 0.0346183678836 0.00881159635572 0.000715870136868 -0.0185058247572 0.0140687437021 0.0199992286254 0.00204957883351 0.00868062346222 0.00270504921268 0.00403661234787 -0.00465505165305 -0.00712391160923 0.0105089330971 -0.00851799760635 -0.00280971475919 0.0250957242982 -0.00984082442162 0.0203757647605 0.0148797294282 0.193513598115 0.00644226747868 0.00384353500349 0.00139677171175 -0.00985699641967 -0.0068854426147 0.00318927237997 0.0296225332213 -0.0100061585863 0.00846266758084 -0.00593651868126 0.0112567221092 -0.00868425679757 -0.0157701226686 0.0105900670193 0.00252792470039 -0.00613788636805 -0.00166944915142 0.00862560001387 -0.00982130951733 0.0275593914831 0.00840079688234 
