60
0.00851722536111 0.0870955077299 0.0088766616328 0.0493061267197 0.0677272644226 0.0800542827641 0.0617018630506 0.0339335468557 0.0950879331279 0.0100273700484 0.0408230851415 0.0594275332512 0.0160420823192 0.033790820858 0.0466490289559 0.12993100308 0.0335790413719 0.0430779984078 0.0601344650096 0.0444205393046 0.0538940625226 0.0825599502725 0.0205902908148 0.161692830297 0.0161964684659 0.0607700526619 0.0493961611292 0.0965978414643 0.357744060202 0.0771685990004 0.099400173405 0.0170913584406 0.0716337087719 0.0785253906611 0.0146303634135 0.0360508970818 0.0831393543584 0.201887649263 -0.0142899737039 0.0904248988876 0.0121413644826 0.059162885268 0.075466134778 0.332832739506 0.0762578269544 0.0449819155318 0.067616439087 0.0520830917934 0.0737969483193 0.126255379542 0.0493934577213 0.100886603299 0.0328562524986 0.0475630895173 0.176385145314 -0.0014382556632 0.165506763093 0.110955558587 0.399937027552 0.0461662895592 
0.138565129073 0.00964700667998 0.0252430627319 -0.00615022394412 0.0222654251587 0.0171109747161 0.01081188896 0.0159099614086 0.0174484516547 0.00539372275635 0.0150347253024 -0.00278283055995 0.0153034268366 0.00803345387197 0.00842160957755 0.0239691346962 0.00248113010139 0.0152417628163 0.0118753347891 0.022659090305 0.0120805296385 0.0120816033618 0.0114323557476 0.0191829166081 0.00834575339359 0.00967959496412 0.0163555652417 0.0206081433031 0.00142582303656 0.0242508113081 0.00669083356407 0.0241014715269 0.00890590688219 0.0108448530723 0.00195011505347 0.0136177932884 0.00990229866086 0.0116932668317 0.0109956367929 0.0072362168212 0.0338166918291 0.00401850869564 0.0177980487078 0.013267969845 0.0276448826401 0.0296390533307 0.0296747627028 0.0158207582655 0.000546312594895 0.022275224859 0.0118043411164 -0.00184986801058 0.00591229914407 -0.0115880968204 0.0198536657649 0.0128275496095 0.0152590887466 0.0155149213052 0.0196786192321 0.0159439818635 
0.00964700667998 0.421051937902 0.0441746036639 0.0435011260194 -0.0138305248837 -0.0060742715321 0.00627803655008 0.0567949389054 0.0367839384236 0.0102556737955 0.0189920302614 -0.00769590407389 0.0077657556144 -0.00212427502856 -0.0239292679039 0.072742709527 0.0057513190463 -0.0106738070472 -0.00918333107784 -0.00446263724389 -0.0108925483696 -0.0251148375012 0.0255404027978 0.0236205321146 -0.00153830538646 0.0156088843423 -0.0203615716886 -0.00389701130599 0.111558046013 0.00525246257061 0.00822048744069 0.0106664661909 0.0109142496999 0.0275678205539 0.0242351088096 0.0207648598485 -0.00649888877094 -9.43062499079e-05 0.0256923096221 0.0753524297973 0.020706515111 -0.0167507769306 -0.0251312380906 0.0172295142587 0.0735256582186 -0.00825970955425 -0.0072212596201 0.0339339606912 0.0505537457889 0.0480395628191 0.021387990225 0.007562905146 0.0135438295901 0.00812360091457 0.00322385871533 0.0166142010588 0.00936143439032 -0.0103564400786 0.024759605155 0.0350264113321 
0.0252430627319 0.0441746036639 0.255377732701 0.0376195879863 0.0240009311631 0.022192975191 -0.00331383245149 0.0163654292475 0.0054934595867 0.0224872750433 0.0159432327306 -0.00960441157192 0.0210836451725 0.0043767111003 0.00360465946399 0.043270713518 0.00527347080205 0.00773362277831 0.011165585347 0.0127075024227 0.0140076005915 0.0189774818858 0.010663479792 0.0350975220317 -0.00424619237646 0.0376617265694 0.00187983306897 0.0221848416977 0.0379430129791 0.00860044726319 0.00855078300294 0.0135041095146 0.0118821927463 0.0199934379839 0.014031469431 0.0173771593971 0.00625308058588 0.0460519393954 0.0197243746605 0.0144558916213 0.00130525309262 0.0110537089974 -0.0141667816875 0.0274896761571 0.0262730832028 0.0135506686959 0.0351103439618 0.0298022921256 0.0293722641072 0.0477701914757 0.016495393628 -0.00325376041157 0.0202844700226 -0.00466916593056 0.0311497069537 0.0373166936457 0.0256809928275 0.0255252013999 0.0521193698527 0.0181251088819 
-0.00615022394412 0.0435011260194 0.0376195879863 0.203296512885 0.0121373182047 0.01219129793 0.00785052316196 0.0260241545239 0.00181837883076 0.010060503493 0.00707559230781 -0.0187483078048 0.0115947686923 0.00517578729454 0.0102271530369 0.018593046421 0.0172900113743 -0.00932276979575 -0.0096298695719 0.0153274341972 -0.00510713263326 0.00844480338464 0.0130487391751 0.00237281581796 0.0163445697456 0.023556347226 -0.0102767618006 -0.00769040269956 -0.0269604700723 0.0303744822684 0.0401376568333 0.0104770011526 0.0137205315478 0.0149226077658 -0.00078425486335 0.0069882399527 0.0121693711182 0.021432875117 -0.000218106032995 0.0274803795287 0.0245685834307 -0.000592805521652 0.0338967203049 0.00286419731428 -0.00387889304958 0.0105373636572 0.0271767483562 0.00362943566456 0.0379608295819 0.0041603393718 0.015332070647 0.0225256216705 -0.0116148239626 0.0150758819243 0.0186812170319 0.0130203211971 0.0271758812383 0.0399051830738 0.026549607242 0.0162866264223 
0.0222654251587 -0.0138305248837 0.0240009311631 0.0121373182047 0.287961248622 0.00624269352003 0.0235068805749 -0.0138837988239 0.0491872096434 0.0329709804611 0.00145377782893 0.000871687457087 0.026972991234 0.0065843977889 0.00766544382552 -0.0191527945949 -0.00102934232462 0.0273910797174 -0.00189832974444 0.0225025011624 -0.0048370649251 0.0225411728124 0.00186147818386 0.0238060312235 0.0234492527108 0.0169224458262 -0.0185704679131 0.0200103115525 -0.0178241158191 0.000836405179763 0.00411902210854 0.0189509400519 -0.0114121357116 -0.00648091525183 0.00714714380753 0.0225158543014 0.015644612258 -0.0229196621312 0.0124978487082 -0.00382300821361 0.00900793056429 0.00871808256836 -0.00480577318195 0.0221464642974 -0.0253369300352 0.0371854909628 0.0322725883684 0.00810354838638 0.0277737003721 0.0354081251078 0.0128253664405 0.00557859001405 -0.00366173434835 -0.00324974444717 0.0150831356279 -0.00876790086799 0.0105301852762 -7.63892103928e-05 0.0176518889877 0.0147831142033 
0.0171109747161 -0.0060742715321 0.022192975191 0.01219129793 0.00624269352003 0.324523668654 0.0148738303656 0.0584288167649 0.00354890553816 -0.000817847346204 0.0140052949841 0.00304520012967 0.0144363887155 -0.00173779910336 0.00767004711235 0.00210137154873 0.0214891704052 0.0260389294631 0.012354764363 0.0112797238668 -0.00906224920304 0.0356100552947 0.0297301141657 0.00296568750643 0.00335407448454 0.0362315086365 0.0162267211537 0.0164650635751 0.0233220942681 0.00952528179443 0.0213812202425 0.00712501118699 -0.000268965841109 0.0274007940159 -0.00240283100132 0.0217015500408 0.0227562342237 0.000593147573515 0.00744280413591 0.00211012222816 -0.00653025904017 0.0113151827776 0.0149807521485 0.022749224462 0.0122705782133 0.00636909279674 0.0370410516755 0.000369273331209 0.0326378889982 0.0453774906481 0.0166637092394 -0.0056159477784 0.0865950287562 0.00363669883509 0.0259201187335 -0.0075509473236 0.0152986314403 -0.0215738878018 0.0023456470289 -0.00537642987237 
0.01081188896 0.00627803655008 -0.00331383245149 0.00785052316196 0.0235068805749 0.0148738303656 0.245983102222 0.00799283217098 0.0159598370641 0.0144201828726 0.00603497824778 0.0183361654177 0.0239352454258 0.0233052769983 0.0114550403121 0.0140348724227 0.00515097193924 0.020472481544 0.0012538635958 0.0187416758264 0.00718196910916 0.0156369373755 0.020746462663 0.00740834709739 0.0292859397156 0.00564837502146 0.0137553744828 0.0130847180831 0.108543841738 0.0224863591104 0.0113757534628 0.00998445613519 -0.00201833132243 0.00547452009488 0.010197476339 0.00373766406232 0.0240477329926 -0.00985347492736 0.0105172682022 0.0237101887554 0.0106385015957 -0.00838525051867 0.0224617575117 -0.00010173472732 0.0233392211374 0.0154287421253 0.00484675421037 0.0255774310819 0.0119243600172 0.0355189380279 0.0175419324456 0.0051628380614 0.0289940165626 0.00229256423522 0.0110281338776 -0.00449880456283 0.0345078967023 0.0123895035554 0.0259016520979 0.0399651355717 
0.0159099614086 0.0567949389054 0.0163654292475 0.0260241545239 -0.0138837988239 0.0584288167649 0.00799283217098 0.278235293696 0.0251321973733 0.0164796369796 0.0217628657304 0.00293464734117 0.0277185691535 0.0218956276752 -0.00319948975855 0.00927945861509 0.0202350871788 0.0117274214704 0.0243271053459 0.0152171092177 0.000731281682772 -0.000186320892501 0.00773613250783 0.00425680417174 0.000582050855679 -0.000170743665214 0.00254189091364 0.00351576052956 0.00105290934509 0.0274295692299 0.0266006418672 0.0047864706575 0.0025125437044 0.0255290728266 0.0147014722697 0.00825912909954 0.0117453361225 -0.0114094182892 0.0176691961382 -0.00531632097589 0.017215685642 0.00803910321178 0.00331261691563 0.0639953928816 0.014058186875 0.00498390721795 0.0469714962538 -0.00610493486226 0.0124099581196 0.0380565258696 0.00674016634868 -0.0160678718903 0.00446353691014 0.0112591050751 0.0231411956883 0.00434369248498 0.00646814840734 0.0366489915626 -0.00303758143845 0.00724622661032 
0.0174484516547 0.0367839384236 0.0054934595867 0.00181837883076 0.0491872096434 0.00354890553816 0.0159598370641 0.0251321973733 0.261969997223 0.0205051162769 0.0411010431882 0.0068443366617 0.0452853833702 0.0135071524606 0.0239761025854 0.0207749554581 0.00881185974736 0.00539644035768 0.00502587611501 0.0302468716102 0.031367319349 0.0209788818731 0.0111957892591 0.023738439333 0.0177400226515 -0.00330635571032 0.0110503902266 0.0122543481393 0.00704206630077 0.0217220068929 0.0202289003868 0.0406742600792 0.0307159637257 0.0269693414848 0.0308669819358 0.0371861315399 0.0379161852823 -0.00209906507775 0.0074973771174 0.00903618296746 0.0092377024162 0.00741404464631 0.0159728779474 0.0328561153294 0.0178825682271 0.0516723098291 0.0341995059885 0.0104440572906 0.0325936839397 0.033298884189 0.00866218887831 0.0202651241671 0.0137833510135 0.0157659857391 0.0366902384714 0.0060543509866 0.0102254200029 0.0985755612364 0.00328696093088 0.0258017679625 
0.00539372275635 0.0102556737955 0.0224872750433 0.010060503493 0.0329709804611 -0.000817847346204 0.0144201828726 0.0164796369796 0.0205051162769 0.180701956561 -0.00708488853637 0.00911647770439 0.0196107948612 0.00628039959131 0.00897378731576 0.00161083828262 0.0152579364671 0.00566271256332 3.81564917785e-05 0.00281521985938 0.00916587686269 0.00468519139295 0.0111640471058 0.0134915259088 0.0386370925317 0.00556284861567 0.00161876378209 0.0129359788095 -0.0053606018701 0.0120763105625 0.0154404533273 0.00527898469702 0.0131865123944 0.00775386176762 0.0239168420445 0.020247191323 0.014397869129 0.00330620737267 -0.00403440985138 0.0052632168307 0.0126950525771 0.00441015532121 -0.00865182486592 0.00808543831636 0.00448276922853 0.0158642044021 0.00109999426363 0.0227667731745 0.0147637860237 0.018716272913 0.017061213949 0.00680424765382 -0.00149018552349 -0.00528978608807 0.0455451094173 -0.0185026410527 0.00712783212448 0.00060157915437 0.0232647928881 0.0155450187075 
0.0150347253024 0.0189920302614 0.0159432327306 0.00707559230781 0.00145377782893 0.0140052949841 0.00603497824778 0.0217628657304 0.0411010431882 -0.00708488853637 0.198450548998 -0.00386188886087 0.0234140258907 0.00414191529555 0.0174211205083 0.00471898509013 0.0110959287892 0.0147159836463 0.0282735918012 0.00841919200845 -0.00847255311178 0.00926435095266 0.0241678751753 0.0237782156835 0.0161350896676 0.0109924009378 0.0225534666837 0.0133828553383 -0.00552646007953 0.031154692774 0.0178400303454 0.0300896362203 0.0164171842866 0.027172639882 -0.00262126991349 0.0318006272677 0.0258834899894 -0.00220315721046 0.00330596173795 0.0186969649797 0.00295602096334 -0.00238028253093 -0.0110746523984 -0.00405684089181 -0.00655379730612 0.0186680078529 0.0324170638057 0.00493992154299 0.0129600843861 0.00692238781459 0.00432235707132 -0.00402906603873 0.0244378495322 0.00128696741587 0.0267518192543 0.0100828610792 0.0237448811872 0.0100250794232 0.00765328678039 0.00512114281139 
-0.00278283055995 -0.00769590407389 -0.00960441157192 -0.0187483078048 0.000871687457087 0.00304520012967 0.0183361654177 0.00293464734117 0.0068443366617 0.00911647770439 -0.00386188886087 0.223886130041 0.0124540748373 -0.000435663693863 -0.00616572019624 0.0234751497687 0.00838378470455 0.023528537901 0.0256972866222 -0.00100074678525 -0.0198648326543 -0.0041195711382 0.00134916529997 -0.00227404756967 0.0163344019622 -0.000398818905557 0.00966677680177 0.0160383746925 0.0448018171748 0.0159110396814 0.0304175086817 0.00293186036989 0.0279134892076 0.00789316144204 0.00150467246574 0.012244037763 -0.00934123384074 -0.0040259305432 0.00471500837934 0.0115214247147 0.0080604765313 0.00560779749157 0.000466311793299 0.0029708793381 0.0167776916522 0.0178653376794 -0.00349771048821 0.00624124827287 -0.00430124878087 -0.00797721230352 0.00096937349683 0.0299842796165 0.019980076007 -0.00944954899788 0.00123247546307 -0.00181027402552 0.0273928104457 0.00566765788058 -0.00712360419772 0.000578289999954 
0.0153034268366 0.0077657556144 0.0210836451725 0.0115947686923 0.026972991234 0.0144363887155 0.0239352454258 0.0277185691535 0.0452853833702 0.0196107948612 0.0234140258907 0.0124540748373 0.155559275126 0.0141904726079 0.0197927193232 0.0235232744475 0.00464337823465 0.0161083590825 0.0194849042341 0.0192708135056 -0.0105471758854 0.0162092877427 0.0271071415053 0.0488052505652 0.0300959146363 0.017385121371 0.000179920977326 0.0206967239122 0.000612202271496 0.0393648863366 0.0196513882291 0.0451162615775 0.0293670634261 0.0271402468491 0.00812425059401 0.0373440480979 -0.000406369959481 -0.018208640436 0.00888445265503 0.0130166025926 0.0134850389348 -0.00964501143521 0.0268163870881 0.0159947236708 0.0264812660762 0.0401167416737 0.0250834164838 0.0144492182854 0.0116622966273 0.0149476926248 0.0349962782263 -0.00066146633713 0.024781813239 -0.00282646720453 0.014310235284 -0.00601720190424 0.0278838744259 0.00459445154828 0.0131819923475 0.0161611572276 
0.00803345387197 -0.00212427502856 0.0043767111003 0.00517578729454 0.0065843977889 -0.00173779910336 0.0233052769983 0.0218956276752 0.0135071524606 0.00628039959131 0.00414191529555 -0.000435663693863 0.0141904726079 0.177218967232 0.00496239070771 0.0472071676149 0.0032883031186 -0.00247052369127 -0.00282711767328 0.0156046633646 0.022582269027 0.00753199606829 -0.00631054810925 -0.00743680578182 0.0129352375953 0.0172691008519 0.00618207975645 0.00780528121641 0.0157802884266 0.0168243929755 0.0114134506894 0.0144779666212 0.0033098564313 0.0266561033676 0.00809447124611 0.00170374158912 -0.00567685908503 0.00689540603437 0.0288088244282 0.0018138344272 0.0192226164262 -0.00732073472323 0.00741810012729 0.0135463326891 0.0117883782705 0.00516022009687 0.000251136873441 0.0184477453903 -0.0106971327527 0.0145453235277 0.0112007502205 0.00683109416395 0.00593307754635 0.0139178704778 0.0194642148744 0.000934883633468 0.0118188879032 0.0245459677595 0.0159391089449 0.0248564222258 
0.00842160957755 -0.0239292679039 0.00360465946399 0.0102271530369 0.00766544382552 0.00767004711234 0.0114550403121 -0.00319948975855 0.0239761025854 0.00897378731576 0.0174211205083 -0.00616572019624 0.0197927193232 0.00496239070771 0.220958686722 -0.0171643513121 -0.00320147236165 0.0576182519353 0.0124003456265 0.0163958113214 0.0325766547564 0.0141876606775 0.0189935913028 -0.00830094853289 0.0253969799596 -0.00180819392582 0.0200546271386 0.013173670175 -0.0278559435565 0.0272838337939 0.0232239509317 0.0256755856634 0.00773046336659 0.0275351549477 0.003144914842 0.0197834001314 0.00733122491784 0.00193082273876 0.00987950401762 -0.0100382916888 0.00877385104085 -0.0116471423965 0.0236625692595 -0.00181025817482 0.00510869432376 0.0196360942467 0.0195513183273 -0.00595870297999 0.0157403513012 0.00168510719771 0.0330210082104 -0.00124132370498 0.0106699264448 0.00135622035268 0.029928797577 -0.00082970863938 -0.00634137232204 0.0435697711278 0.00268347128178 0.00319844221755 
0.0239691346962 0.072742709527 0.043270713518 0.018593046421 -0.0191527945949 0.00210137154873 0.0140348724227 0.00927945861509 0.0207749554581 0.00161083828262 0.00471898509013 0.0234751497687 0.0235232744475 0.0472071676149 -0.0171643513121 0.600287920351 -0.00910964893953 -0.00104805527185 -0.0355319090452 0.0259988477683 0.0393530279766 0.0109431141184 0.0313615309447 0.0274299308877 0.00362271428539 0.00560310142177 0.0178499108811 0.0107626359641 0.0120476655069 0.0585158541168 0.020062686232 0.0198002983346 -0.00285741501491 0.0141119975845 0.00310467595377 0.00592373699468 0.00686688785599 -0.00272146757115 -0.0128358281301 0.162934919776 0.0107107444216 0.00871620186068 0.0375535672346 0.0121354740898 0.2350068683 0.0183286616424 0.00807439611232 0.0211496347307 0.00888396290835 0.00440385455567 -0.00290129036852 -0.00815156826395 0.0438133271747 0.00298867338338 0.0317020809897 0.00150288753651 0.0188233088244 -0.00794290275839 0.0575663633065 0.00350364858604 
0.00248113010139 0.0057513190463 0.00527347080205 0.0172900113743 -0.00102934232462 0.0214891704052 0.00515097193924 0.0202350871788 0.00881185974736 0.0152579364671 0.0110959287892 0.00838378470455 0.00464337823465 0.0032883031186 -0.00320147236165 -0.00910964893953 0.23413184535 0.0202555474057 0.0226617317238 0.00686768540207 0.0167749256199 0.0330949562347 0.00195962172083 0.0271543274521 -0.0035039292009 0.0281367914582 0.0135754868417 -0.000744963624447 0.00406936060931 0.0221063986651 0.0222697309723 0.016796103514 -0.00400710241819 0.0249693535944 0.00558336368914 0.00557764606815 0.00668863470778 -0.0206409171465 0.0119991846251 0.000573592626 0.00171751863198 0.00264974517221 0.0303869685492 0.00832115088576 -0.00687368115546 -0.00524562445545 -0.000542762036647 0.00662794403292 0.00389409619368 0.0254424533434 0.0117128488508 0.0125902461384 0.029989945192 -0.00149383377667 0.00871804302099 0.0193791114248 0.0442953995979 0.00242490486266 0.0294364134081 -0.00341408017677 
0.0152417628163 -0.0106738070472 0.00773362277831 -0.00932276979575 0.0273910797174 0.0260389294631 0.020472481544 0.0117274214704 0.00539644035768 0.00566271256332 0.0147159836463 0.023528537901 0.0161083590825 -0.00247052369127 0.0576182519353 -0.00104805527185 0.0202555474057 0.31915264454 0.0448238697507 -0.00341181747859 -0.000413585207243 0.0214869541521 0.0120700824198 0.0047928778326 0.0131783530195 0.0174637407003 0.00762945494705 0.0269019360296 0.0613791160632 0.0178508578505 0.0448037716312 0.00341851597716 0.00484489894194 0.0177006462811 0.019208942941 0.0200079719209 0.0436140562913 0.0186964144565 0.00640271154763 -0.0107916738256 0.0083368303919 -0.0136943034314 0.00127671887222 0.00432681201095 -0.0129901759988 0.00742745038143 -0.0108709383303 0.0119785639716 0.00435100806333 0.00333452663215 0.0197144121495 -0.00739515872519 0.00113923745185 0.0100613296225 0.0105263962919 -0.000668119908641 0.0254987956141 0.00530270647183 0.0158885380788 0.0214981419069 
0.0118753347891 -0.00918333107784 0.011165585347 -0.0096298695719 -0.00189832974444 0.012354764363 0.0012538635958 0.0243271053459 0.00502587611501 3.8156491779e-05 0.0282735918012 0.0256972866222 0.0194849042341 -0.00282711767328 0.0124003456265 -0.0355319090452 0.0226617317238 0.0448238697507 0.262294942215 -0.00209807697015 0.0013920613869 0.0447249656236 0.00655760091675 -0.00904862584528 0.0104607344761 0.021432204313 0.0195294008711 0.00638240297175 -0.0263683669911 0.0123922458114 0.0484573832168 0.0186746131658 0.0172293092199 0.028796939934 0.0228631293773 0.00166415888897 0.057667352792 1.00964081738e-05 0.00948132533263 -0.0165569532398 0.0178596513574 0.0265547572435 0.0128005001568 0.0391736187883 -0.0291109410703 0.0135745111117 -0.00127993019915 0.00930877748601 -0.00174733706933 -0.0136671569719 0.0127208166307 0.0450630305115 0.00768700345028 0.0340196224949 0.0156773157692 0.00494425454134 0.0158967733343 0.00291441505718 -0.0257501143621 0.0141489639205 
0.022659090305 -0.00446263724389 0.0127075024227 0.0153274341972 0.0225025011624 0.0112797238668 0.0187416758264 0.0152171092177 0.0302468716102 0.00281521985938 0.00841919200845 -0.00100074678525 0.0192708135056 0.0156046633646 0.0163958113214 0.0259988477683 0.00686768540207 -0.00341181747859 -0.00209807697015 0.168465031253 0.00492884522869 0.00884046700902 0.0136769258225 0.00469720238282 0.0121885657058 0.0189630714246 -0.00773290378076 0.000606308635193 0.0336215663615 0.0218936983997 0.0294161009829 0.0240941663289 0.00435292700498 0.0106524599406 0.0163620634882 0.0200851719178 -0.00121315730316 0.0224390657067 0.00859537399268 0.0165444024151 0.0146325578492 0.023837163964 -0.00137810203104 0.0143826509485 0.0132110961778 0.0194613569772 -0.00157221736356 0.0209740326271 -0.00658907212635 0.0136644983072 0.0177118743957 0.00465895251311 0.0139365381184 -0.00618444572975 0.00239244685392 0.0252541201703 0.0236142906381 0.0142162322327 0.0177825257415 0.00570719192956 
0.0120805296385 -0.0108925483696 0.0140076005915 -0.00510713263326 -0.0048370649251 -0.00906224920304 0.00718196910916 0.000731281682773 0.031367319349 0.00916587686269 -0.00847255311178 -0.0198648326543 -0.0105471758854 0.022582269027 0.0325766547564 0.0393530279766 0.0167749256199 -0.000413585207244 0.0013920613869 0.00492884522869 0.410032629263 -0.00861185321126 0.01293786212 -0.0177941544372 0.00770473314433 -0.0215458078769 0.01540811533 0.00052993881168 0.0201072415269 0.0029712301476 0.0252805819498 0.00229539583716 -0.000598041430467 -0.015334650014 0.0182952950943 0.0119082715152 0.00119268738751 0.0232710304021 0.014605855596 -0.00665411737768 -0.000917986984433 -0.0112193149995 -0.0146773315047 -0.00114433276263 0.0113307717587 -0.00871384818085 0.0249632357963 -0.00415386100919 0.0235916311378 0.0128197054761 0.0159509610693 -0.00881590212407 0.0194023602772 -0.0215258161943 0.067195624397 0.0164521457283 0.00948816816404 0.0319028042493 0.0539823352366 0.0138023749888 
0.0120816033618 -0.0251148375012 0.0189774818858 0.00844480338464 0.0225411728124 0.0356100552947 0.0156369373755 -0.0001863208925 0.0209788818731 0.00468519139295 0.00926435095266 -0.0041195711382 0.0162092877427 0.00753199606829 0.0141876606775 0.0109431141184 0.0330949562347 0.0214869541521 0.0447249656236 0.00884046700902 -0.00861185321126 0.329331034789 0.0195538297134 0.0989815873909 -0.00286815189773 0.00486503063536 0.00709321455124 -0.000575631225097 -0.00760930818747 0.0156976053571 0.0146677178705 0.0414646574185 0.00596557040667 0.0113850429704 0.0210611944024 -0.00164504259906 0.0190474626159 0.00585235039384 0.0211100660074 -0.00952276714881 -0.00142345427573 0.012778291246 0.0719466363332 0.0175636695826 -0.0424426174433 0.0459351082736 -0.0132067598803 0.0012092177095 0.00300858682601 -0.0100916916169 0.026008221944 0.000697837975608 0.011021529228 -0.00505050927203 0.0283264100054 0.00897277504604 0.0277861767189 0.0258206583692 0.0819929860624 0.0100908535977 
0.0114323557476 0.0255404027978 0.010663479792 0.0130487391751 0.00186147818386 0.0297301141657 0.020746462663 0.00773613250783 0.0111957892591 0.0111640471058 0.0241678751753 0.00134916529997 0.0271071415053 -0.00631054810925 0.0189935913028 0.0313615309447 0.00195962172083 0.0120700824198 0.00655760091675 0.0136769258225 0.01293786212 0.0195538297134 0.292608334987 0.0160797741439 0.0212726244528 0.0150078116162 0.0264544332288 0.0130924091888 -0.00743527355097 0.00894477810333 0.0221445638913 0.0182587988642 0.00863826127937 0.020490952735 -0.0114487340984 0.0174418161201 0.00863606210195 0.0323065855918 0.0118898275801 0.0100426097028 0.0148618266542 -0.00954637236922 0.00419422189951 0.0172362552776 -0.0146481822559 0.0306694830176 0.0311546711872 0.0117215537769 0.0198531746078 0.0450013205526 0.0100103571516 0.0221064680227 0.0220529261365 0.0329098993014 -0.0299318144302 0.0137891406382 0.0211328467142 -0.015596188779 0.0103319428813 0.00531860449399 
0.0191829166081 0.0236205321146 0.0350975220317 0.00237281581796 0.0238060312235 0.00296568750643 0.00740834709739 0.00425680417174 0.023738439333 0.0134915259088 0.0237782156835 -0.00227404756967 0.0488052505652 -0.00743680578182 -0.00830094853289 0.0274299308877 0.0271543274521 0.0047928778326 -0.00904862584528 0.00469720238282 -0.0177941544372 0.0989815873909 0.0160797741439 0.881960523538 0.00286991803265 0.0239330676677 0.0213757214814 0.0200434776444 0.0569442450451 0.0421126508687 -0.00745454609229 0.0281493054989 0.00273780294651 -0.00346233612623 0.000236066085521 0.0123352235544 -0.0298154100061 -0.00864170675809 0.0177603543819 0.0125071677135 0.00789979008826 0.0172239457763 0.0290615804701 -0.00097699130448 0.00395724689141 0.0544947662738 0.0387520901763 0.0233515489134 -0.006939593081 -0.0122957041571 0.0200999061323 -0.00926957799452 -0.00248321153645 -0.0131270133486 0.00634765369049 -0.00674242820553 0.0305658822901 0.0085422697594 0.0794695456067 0.0165177402168 
0.00834575339359 -0.00153830538646 -0.00424619237646 0.0163445697456 0.0234492527108 0.00335407448454 0.0292859397156 0.000582050855678 0.0177400226515 0.0386370925317 0.0161350896676 0.0163344019622 0.0300959146363 0.0129352375953 0.0253969799596 0.00362271428539 -0.0035039292009 0.0131783530195 0.0104607344761 0.0121885657058 0.00770473314433 -0.00286815189773 0.0212726244528 0.00286991803265 0.16188698511 -0.00665630726672 -1.49321335756e-05 0.0207279456178 -0.0106244582134 0.00894675613215 0.00918472663645 0.00673411420436 0.0121197259775 0.022240405146 0.0244512410522 0.0121562767137 0.00306619919702 0.0106727171973 -0.00519002263326 0.0176187261009 0.0166197263938 0.00447074079882 -0.00906082770363 0.00526175963184 -0.00223886524005 0.0103664964275 0.0342750107037 0.0215082563179 0.0137518916739 0.0297635001231 0.0227877620097 0.00438608112046 0.0189310718818 -0.00143312451585 0.00913366605282 -0.0178112710651 0.0092535069252 0.0231535668091 0.0187589427843 0.0239565311933 
0.00967959496412 0.0156088843423 0.0376617265694 0.023556347226 0.0169224458262 0.0362315086365 0.00564837502146 -0.000170743665213 -0.00330635571032 0.00556284861567 0.0109924009378 -0.000398818905557 0.017385121371 0.0172691008519 -0.00180819392582 0.00560310142177 0.0281367914582 0.0174637407003 0.021432204313 0.0189630714246 -0.0215458078769 0.00486503063536 0.0150078116162 0.0239330676677 -0.00665630726672 0.233042309258 0.0113840598089 -0.0125921827098 -0.0153049959326 0.0174352985702 0.0478637005053 0.0208990881448 0.00452894718352 0.035617640174 -0.00211633506066 0.0139127811534 0.00801635514119 0.078581731694 0.016730950776 0.0179064039507 0.00480508808339 0.00583316114752 0.0314198498316 0.0327784767098 0.0226340404657 0.0291126662541 0.0436411349388 0.000921219179531 0.00585343090352 0.0785316069228 0.0117036479835 -0.0142768093929 0.0186357582306 -0.00687064257388 0.0342696452607 0.0185413160383 0.0321987496832 0.00162731567287 0.0722763552619 0.0330272872557 
0.0163555652417 -0.0203615716886 0.00187983306897 -0.0102767618006 -0.0185704679131 0.0162267211537 0.0137553744828 0.00254189091364 0.0110503902266 0.00161876378209 0.0225534666837 0.00966677680177 0.000179920977326 0.00618207975645 0.0200546271386 0.0178499108811 0.0135754868417 0.00762945494705 0.0195294008711 -0.00773290378076 0.01540811533 0.00709321455124 0.0264544332288 0.0213757214814 -1.49321335759e-05 0.0113840598089 0.411082294588 0.0132063928 -0.0147913189498 0.00325991183494 0.024842047401 0.00140493319223 0.00871084922852 0.00746668207916 -0.010123791615 0.00786735663448 0.00965746592346 0.00946334233915 0.00092226183535 0.00907618056541 0.0952344502562 0.0379243003563 0.00125720248361 -0.00141868864076 0.0270010367605 -0.00477856527837 0.0424830482997 0.00817677383222 0.00971817599073 0.0205677926044 -0.00221132938274 0.000377712309 0.00435385436235 -0.000342187528784 -0.0117276839278 0.0102305085147 0.00545538704713 -0.000364530769031 -0.0139159574824 -0.000538108688491 
0.0206081433031 -0.00389701130599 0.0221848416977 -0.00769040269956 0.0200103115525 0.0164650635751 0.0130847180831 0.00351576052956 0.0122543481393 0.0129359788095 0.0133828553383 0.0160383746925 0.0206967239122 0.00780528121641 0.013173670175 0.0107626359641 -0.000744963624448 0.0269019360296 0.00638240297175 0.000606308635193 0.000529938811682 -0.000575631225097 0.0130924091888 0.0200434776444 0.0207279456178 -0.0125921827098 0.0132063928 0.431029176475 0.00361654080913 0.0389904143499 0.0192783183168 0.0365968248622 0.00991855336423 0.022041901764 0.00663785094376 0.0397728330161 0.0260361171015 0.00547753088046 0.022558160153 -0.0240717184524 0.0216865625772 0.0117829820266 0.016462168872 0.0331296310134 -0.0110147345604 0.0190942795368 0.081531001622 0.00918460314335 0.0187620732515 0.0506140917027 0.02369039053 0.0144123845121 0.0147291130871 0.0385547715159 0.0141485134464 0.0138228182383 0.0428881019287 0.032108064722 0.0302252270489 0.0172224715817 
0.00142582303656 0.111558046013 0.0379430129791 -0.0269604700723 -0.0178241158191 0.0233220942681 0.108543841738 0.00105290934509 0.00704206630077 -0.0053606018701 -0.00552646007953 0.0448018171748 0.000612202271496 0.0157802884266 -0.0278559435565 0.0120476655069 0.00406936060931 0.0613791160632 -0.0263683669911 0.0336215663615 0.0201072415269 -0.00760930818747 -0.00743527355097 0.0569442450451 -0.0106244582134 -0.0153049959326 -0.0147913189498 0.00361654080913 2.87803672292 0.0360898596592 -0.0156288443194 -0.00725210191425 0.0172283063237 -0.000531236272326 0.0167612760538 0.00976655257686 0.0200878701375 0.0666491969026 -0.00856212562541 0.0467123536567 -0.000131400675536 -0.00119976504344 -0.0106989891791 0.0157956291242 0.0272923046315 -0.02407538619 0.00111410717384 0.0281536129852 -0.000748816263748 0.0301183466248 -7.00806874541e-05 -0.00494959052821 -0.0228209716185 -0.0147845622773 0.000966804510869 0.00359933097762 0.195003157332 0.0243885746767 0.0150432536401 0.0036699276237 
0.0242508113081 0.00525246257061 0.00860044726319 0.0303744822684 0.000836405179763 0.00952528179443 0.0224863591104 0.0274295692299 0.0217220068929 0.0120763105625 0.031154692774 0.0159110396814 0.0393648863366 0.0168243929755 0.0272838337939 0.0585158541168 0.0221063986651 0.0178508578505 0.0123922458114 0.0218936983997 0.0029712301476 0.0156976053571 0.00894477810333 0.0421126508687 0.00894675613215 0.0174352985702 0.00325991183494 0.0389904143499 0.0360898596592 0.196427068412 0.0260429722579 0.042104862615 0.0225855140362 0.0368249410029 0.00803705856497 0.0237102235034 0.020910993844 0.0185021607892 0.0123448905864 0.0277870862364 0.0144149237413 0.0228954132125 0.0131304947176 0.0194428219635 0.0217588219658 0.0294844348031 0.029789271728 0.035260006624 0.0146748374587 0.0230438697466 0.0231086085517 0.00940566056758 0.0154877051159 0.00805146182654 0.0230011552854 -0.00140201986181 0.0151026520737 0.0411622700479 0.0293226529717 0.00649503623621 
0.00669083356407 0.00822048744069 0.00855078300294 0.0401376568333 0.00411902210854 0.0213812202425 0.0113757534628 0.0266006418672 0.0202289003868 0.0154404533273 0.0178400303454 0.0304175086817 0.0196513882291 0.0114134506894 0.0232239509317 0.020062686232 0.0222697309723 0.0448037716312 0.0484573832168 0.0294161009829 0.0252805819498 0.0146677178705 0.0221445638913 -0.00745454609229 0.00918472663645 0.0478637005053 0.024842047401 0.0192783183168 -0.0156288443194 0.0260429722579 0.332464938744 0.00762606639283 0.0189252156347 0.0622224868327 -0.00684820402127 0.021707567644 0.0370670114862 0.00563114024643 0.0306885960536 0.0333827205465 0.0120289002054 0.00857845858962 0.0246215673232 0.0170676433959 0.039993540915 0.0109564043742 0.0265639253353 0.00114748289914 0.0205957298431 0.0498866718128 0.00985259262901 0.0122314404807 0.0268033815749 0.0244264465564 0.0461217326675 0.00524084824191 0.0346759502156 0.0108548972265 0.0547160069049 0.0524475334883 
0.0241014715269 0.0106664661909 0.0135041095146 0.0104770011526 0.0189509400519 0.00712501118699 0.00998445613519 0.0047864706575 0.0406742600792 0.00527898469702 0.0300896362203 0.00293186036989 0.0451162615775 0.0144779666212 0.0256755856634 0.0198002983346 0.016796103514 0.00341851597716 0.0186746131658 0.0240941663289 0.00229539583716 0.0414646574185 0.0182587988642 0.0281493054989 0.00673411420436 0.0208990881448 0.00140493319223 0.0365968248622 -0.00725210191425 0.042104862615 0.00762606639283 0.200763260693 0.00438514961998 0.0212757132821 0.000234934590322 0.0554067980199 0.00650136658301 -0.00193940996467 0.0257474431219 0.0227512381126 0.0128878116782 -0.000749701345977 9.92909830099e-06 0.0311423582325 0.00918679010541 0.0358963965562 0.0232880383937 0.0109698254213 0.00691207203944 -0.00438491375205 0.0180628513254 -0.00134658334313 0.0282334215112 0.01649938414 0.0225304573219 0.00976655849512 0.0181146477803 0.049343119356 -0.00813772902812 0.0253245980161 
0.00890590688219 0.0109142496999 0.0118821927463 0.0137205315478 -0.0114121357116 -0.000268965841109 -0.00201833132243 0.0025125437044 0.0307159637257 0.0131865123944 0.0164171842866 0.0279134892076 0.0293670634261 0.0033098564313 0.00773046336659 -0.00285741501491 -0.00400710241819 0.00484489894194 0.0172293092199 0.00435292700498 -0.000598041430467 0.00596557040667 0.00863826127937 0.00273780294651 0.0121197259775 0.00452894718352 0.00871084922852 0.00991855336423 0.0172283063237 0.0225855140362 0.0189252156347 0.00438514961998 0.176450390445 0.0276128887056 0.007528292546 0.0129503602063 0.00894905455369 -0.00807983067219 0.0196585150295 0.0182463079962 -0.000193167111847 0.0152816364636 0.0160306942511 0.0108567938877 -0.00670082928424 0.0202700532756 0.00881257384073 -0.000564257469242 0.00461075302871 0.0055754983676 0.0157509643219 -0.00920217155617 -0.00128322162482 0.00510805512326 -0.00660774298621 0.0145092952631 -0.0087596400695 0.0125525764733 -0.0045898222363 -0.00568774327722 
0.0108448530723 0.0275678205539 0.0199934379839 0.0149226077658 -0.00648091525183 0.0274007940159 0.00547452009488 0.0255290728266 0.0269693414848 0.00775386176762 0.027172639882 0.00789316144204 0.0271402468491 0.0266561033676 0.0275351549477 0.0141119975845 0.0249693535944 0.0177006462811 0.028796939934 0.0106524599406 -0.015334650014 0.0113850429704 0.020490952735 -0.00346233612623 0.022240405146 0.035617640174 0.00746668207916 0.022041901764 -0.000531236272326 0.0368249410029 0.0622224868327 0.0212757132821 0.0276128887056 0.308842599598 0.00423447391303 0.0219111208827 0.0447075407664 0.0130691961246 0.0154193900168 -0.0124271457346 -0.00368998955485 -0.000493781278726 0.0296483226423 0.00583909694399 0.0129730428163 0.0225256567282 0.0242186633734 0.00940348392265 0.00642027121306 0.0493982243682 0.00158254026302 0.000610855598309 0.0169903626868 0.0235292570437 0.0575266092083 -0.000675281197329 0.00222690109388 -0.0069497051736 0.0507782994476 0.0236289427962 
0.00195011505347 0.0242351088096 0.014031469431 -0.000784254863349 0.00714714380753 -0.00240283100132 0.010197476339 0.0147014722697 0.0308669819358 0.0239168420445 -0.00262126991349 0.00150467246574 0.00812425059401 0.00809447124611 0.003144914842 0.00310467595377 0.00558336368914 0.019208942941 0.0228631293773 0.0163620634882 0.0182952950943 0.0210611944024 -0.0114487340984 0.000236066085521 0.0244512410522 -0.00211633506066 -0.010123791615 0.00663785094376 0.0167612760538 0.00803705856497 -0.00684820402127 0.000234934590321 0.007528292546 0.00423447391303 0.145720231251 0.0147827409549 0.0180714022946 0.0195036019277 0.00507017863012 -0.00219358234574 0.0237312817172 0.010037410286 -0.00581353736583 0.0136507411595 0.00337397061583 0.00113728235389 0.00293631722651 0.0156048907616 0.00234086492116 0.0194346442587 0.00400989305274 0.0270187671815 0.016585888017 -0.00429950870255 0.0118981553972 0.0208607054382 0.0158165229634 0.0050385432561 0.0275511532803 0.0217309838406 
0.0136177932884 0.0207648598485 0.0173771593971 0.0069882399527 0.0225158543014 0.0217015500408 0.00373766406232 0.00825912909954 0.0371861315399 0.020247191323 0.0318006272677 0.012244037763 0.0373440480979 0.00170374158912 0.0197834001314 0.00592373699468 0.00557764606815 0.0200079719209 0.00166415888897 0.0200851719178 0.0119082715152 -0.00164504259906 0.0174418161201 0.0123352235544 0.0121562767137 0.0139127811534 0.00786735663448 0.0397728330161 0.00976655257686 0.0237102235034 0.021707567644 0.0554067980199 0.0129503602063 0.0219111208827 0.0147827409549 0.174574727467 0.00889431896197 -0.0125261003472 0.0161789392244 0.00744104368315 0.0168259139764 -0.000785176118609 0.00635021615036 0.0182861474568 0.0148668464197 0.0374940199685 0.0283280236672 0.021698180331 0.00598229576936 0.0240842920052 0.009012875423 -0.00167841727845 0.00861080887999 0.00295191371299 0.0176391538447 0.00998087465865 0.00795593239115 0.022966671871 0.0278017195883 0.0209758853542 
0.00990229866086 -0.00649888877094 0.00625308058588 0.0121693711182 0.015644612258 0.0227562342237 0.0240477329926 0.0117453361225 0.0379161852823 0.014397869129 0.0258834899894 -0.00934123384074 -0.000406369959481 -0.00567685908503 0.00733122491784 0.00686688785599 0.00668863470778 0.0436140562913 0.057667352792 -0.00121315730316 0.00119268738751 0.0190474626159 0.00863606210195 -0.0298154100061 0.00306619919702 0.00801635514119 0.00965746592346 0.0260361171015 0.0200878701375 0.020910993844 0.0370670114862 0.00650136658301 0.00894905455369 0.0447075407664 0.0180714022946 0.00889431896197 0.29166471468 0.0374615431246 0.00323320577259 0.0129307057294 0.00745646795294 0.0389094350415 0.00728452476776 0.0153276118375 -0.00323188137957 0.0119689445572 -0.00167837484352 -2.15765269685e-05 0.00412683266611 -0.0236750154652 0.00171407450708 0.00292730766667 0.0113771718938 0.00639510344313 0.0332976466229 0.0124990252849 0.0342664412001 0.00797646642693 0.000421614660642 0.00848196559384 
0.0116932668317 -9.43062499081e-05 0.0460519393954 0.021432875117 -0.0229196621312 0.000593147573515 -0.00985347492736 -0.0114094182892 -0.00209906507775 0.00330620737267 -0.00220315721046 -0.0040259305432 -0.018208640436 0.00689540603437 0.00193082273876 -0.00272146757115 -0.0206409171465 0.0186964144565 1.00964081742e-05 0.0224390657067 0.0232710304021 0.00585235039384 0.0323065855918 -0.00864170675809 0.0106727171973 0.078581731694 0.00946334233915 0.00547753088046 0.0666491969026 0.0185021607892 0.00563114024643 -0.00193940996467 -0.00807983067219 0.0130691961246 0.0195036019277 -0.0125261003472 0.0374615431246 0.768699261358 0.0207016871497 -0.0207358385138 0.00408225033526 -0.0112301112042 0.0167481014117 -0.00890619280364 -0.00905723865589 0.0118102882336 0.0748421502573 0.00288300081503 0.0178960659409 0.0343755253196 -0.00620270084311 -0.00554244919114 0.0188855655426 -0.000805927667289 0.023101807456 0.0444288660298 0.0366204356688 0.0119947571387 0.0617895530579 -0.00843872073574 
0.0109956367929 0.0256923096221 0.0197243746605 -0.000218106032995 0.0124978487082 0.00744280413591 0.0105172682022 0.0176691961382 0.0074973771174 -0.00403440985138 0.00330596173795 0.00471500837934 0.00888445265503 0.0288088244282 0.00987950401762 -0.0128358281301 0.0119991846251 0.00640271154763 0.00948132533263 0.00859537399268 0.014605855596 0.0211100660074 0.0118898275801 0.0177603543819 -0.00519002263326 0.016730950776 0.00092226183535 0.022558160153 -0.00856212562541 0.0123448905864 0.0306885960536 0.0257474431219 0.0196585150295 0.0154193900168 0.00507017863012 0.0161789392244 0.00323320577259 0.0207016871497 0.174076108172 -0.00918998973559 0.0134667225634 0.006962965912 0.0118217489152 0.0114236496828 0.0170869549837 0.00865993367633 0.0211874014453 0.0366585742241 0.0152422266703 0.0188818521329 0.015301159477 0.000316451602234 -0.0056332697671 0.0136199654065 0.0355863086568 0.0157822043041 0.0240998166167 0.00636368734654 0.00720141956407 0.0150179217062 
