60
0.0703179731329 0.126514999345 0.103166553638 0.00791209609274 0.085684238521 0.0962618702605 0.143828325424 0.0413413845105 0.00388664565626 0.0625194128962 0.0300827450696 0.0475630895173 0.00859756350963 -0.00139328324831 0.107494880462 0.0415474718814 0.0521298167044 0.0466490289559 -0.0148687542544 0.0766259396051 -0.00648668223639 -0.00953493093171 0.0422860283868 0.0309991269713 0.20394989535 0.275152850517 0.025042174885 0.171628318037 0.0135435889675 0.1366928931 0.0288411222523 0.0940944116816 0.134627172929 -0.0108233812146 0.12993100308 0.128291051585 0.0907505897935 0.101218808556 0.0695206157777 0.11775000089 0.0300114281637 -0.0290439391383 0.0123351660469 0.134360436546 0.0413132452317 0.0578888041786 0.0571686925308 0.0637387331612 0.0506132512338 0.0824662750087 0.0731585002716 0.100072423231 0.10643743266 0.16701162673 0.18030920859 0.0146303634135 0.0900156737744 0.0415957971797 0.165275344352 0.070995024039 
0.268728230358 0.0103700341777 -0.0106670706047 -0.00282781907424 -2.26472218676e-05 0.00332924366778 0.00601861395213 -0.00225418645221 0.00492262695624 0.0291987551789 0.0049655075755 0.0102676485577 0.00686773496955 0.0282320346039 0.0111952475648 -0.00194670257909 0.0222487147634 0.0196931785104 0.00607004030874 0.030764853529 0.0244299504456 0.0146469745175 0.00315636720772 0.0229433984956 -0.0233859419402 -0.00662285005058 0.00562596135964 0.01679280166 0.022009120032 -0.0043812021681 0.0147576862761 -0.00954508220382 0.00833279110991 0.0173907262421 0.0230794174087 -0.00418142009945 0.0311177008864 0.0112556551899 0.0134838395725 0.0476062333034 -0.00352302080069 0.0022329444228 0.0173222107888 0.0225323576061 0.0184493926803 0.00442211060883 0.0117977263806 0.0217558085001 0.00772823144148 0.0134466923368 -0.0134955994766 0.00640157426792 0.0120889065945 -0.0189918988601 -0.0095384758176 0.00902886323279 -0.00661793774881 0.0468286070598 0.00681696780462 0.0299330712886 
0.0103700341777 0.23427205551 0.0120495074762 0.0108610400904 0.00558976440655 0.0430163907761 -0.0161885505143 0.0145214798604 0.0444717990548 0.0242497258978 0.0139942330371 -0.00338737846598 0.0140194504482 0.0143427080982 0.0174133972947 0.00836392571342 0.00441121572401 0.00143982306789 0.0382621322094 0.00170362710863 -0.00491085767724 -0.00851559871304 0.0287506210325 0.0176313493007 0.0564194206816 -0.00851549086602 0.0083583653741 0.0242416741884 0.0122318067361 -0.00599465572474 -0.011498487918 0.0342763942169 0.0190797923083 0.0433586238972 0.0469460960485 0.0231675350356 0.0133146162682 0.0155289163059 0.0125014589045 0.059614188011 0.0351665097395 0.0367135933532 -0.00749474381638 0.0571020539801 0.012310517611 0.040095227815 0.0221699996838 0.035546770562 0.0101283716158 0.036671010593 0.0177275250241 0.0152160632944 0.00060967379241 0.00843554380923 0.0481817074681 0.0176530737198 -0.00222491359987 0.0120935463805 -0.00695474111611 0.0170479492347 
-0.0106670706047 0.0120495074762 0.363402433556 0.00855587443193 0.0270631038995 0.0199198736186 0.0318834593428 0.00369156117234 0.00859856477974 0.0535707157782 0.0112737722514 0.0177761796007 0.0172100141294 0.00866353341761 0.00631052045335 0.0230987723708 0.0165315068726 0.00268897095906 -0.00580318046653 0.0176633094916 0.0128038387278 0.00809714719631 0.0466571934131 0.00142047971745 -0.0165710193133 -0.00946335970366 0.017788467748 0.0373005132095 0.00540320556622 0.0494384819551 0.0252174168386 0.0616154975229 0.0263156455852 0.0258863294696 -0.00823543894079 -0.00328929619774 0.0117582220715 0.00232680632596 0.0335062472555 0.0156879179472 0.0238865594293 -0.0188628647978 0.0141866236089 -0.0215389318903 -0.00405400153755 -0.0204824802333 -0.00177815949131 -0.0150897524196 -0.000756393503051 -0.0104452893155 0.00766902970835 -0.00036741995455 -0.0178755464324 0.00882745268954 0.014051877846 0.00449975568136 0.00647412215323 0.00881489750747 -0.0049217652074 -0.00521960528626 
-0.00282781907424 0.0108610400904 0.00855587443193 0.16129156894 0.0183209433857 0.00811968013218 0.0018099878733 0.0245927386129 0.0138372192433 -0.00155825600863 0.014865239575 0.00135134197292 0.00556436360024 0.0206506094095 0.0221542169201 0.00587564676678 0.0115016683334 0.00860485896935 0.00444412132692 0.0088437880253 -0.000313120399573 0.00272187521361 0.0214438699086 -0.00271964772912 0.00930895810568 -0.00749791766781 0.0158254970672 0.0239128763733 0.0311046853768 -0.0135834281334 0.0253258046735 -0.00419428137502 -0.00813275706886 0.00103358985133 0.0133929806169 0.0156717903639 0.0124386935547 0.00809288683947 -0.00867867421169 0.0428778869948 0.00181559490345 -0.00510592833454 0.00700597844321 0.0077994450085 0.0119153577441 0.0339406994923 0.0158986119768 0.00922478121906 -0.00339043783708 0.0191839800791 0.00802026573302 0.0280443763365 0.00130572171822 -0.00623284943411 0.0160815700484 0.0223109440905 0.0248972747247 0.00354673824868 0.00947387806715 0.00124429541255 
-2.26472218695e-05 0.00558976440655 0.0270631038995 0.0183209433857 0.454924775898 0.0277402684164 0.0223483693994 0.0155053266542 -0.00231584831654 0.024479229064 0.0116038959993 0.023654045523 0.00674192833814 0.0316656956062 0.0371062428861 0.0144335270168 0.00809761646518 0.0184883595672 -0.00245726557054 0.0291115322472 0.0288170283354 0.0146404631348 0.00653647151414 0.0158196827937 -0.00785656953685 -0.00802374866836 0.000950559015481 -0.00690317328514 0.00896849277119 -0.0161904374257 0.0155770636685 0.0307189652714 0.0433828614349 0.00124924306531 -0.00217466029376 0.0218882719725 0.00977909794056 0.0927924914468 0.0053218603036 -0.0205534988627 -0.00630689816322 0.00321294944885 0.00422213052573 0.010941951901 0.0144722531409 0.00389386461214 0.020187696124 -0.00642754582392 0.0182695155484 0.000806289415734 0.0264338303292 0.0251824919942 0.0108713445838 0.0057856251308 0.0324220128399 0.0162891333805 -0.00501538450837 0.0427885158503 -0.0134384340194 -0.025002177141 
0.00332924366778 0.0430163907761 0.0199198736186 0.00811968013218 0.0277402684164 0.369741327064 0.0244008389387 -0.0108417994883 0.0436293684026 0.00736134131022 0.00454306746256 -0.00845608138334 0.0122655679755 0.0210914257233 0.0254630468234 0.0151588113021 -0.0230702480184 0.0194917789316 0.0286781998732 0.0420862320265 0.0141038243389 -0.00991323063351 -0.00511124810366 -0.0311681631563 0.0162215577366 0.0095144675081 0.0145768281873 0.0404748886592 -0.00412925127296 0.0214201890555 0.0193778785156 0.0687388591117 0.0145975819183 0.0236958407948 0.0646527156583 0.00337445064557 0.00222065371617 0.0325686328759 0.024570484623 0.00647892156695 -0.00355997170888 0.0203549511765 0.025998664282 -0.00497634469642 0.000809034711386 -0.00604995111084 0.014424088899 0.0379756902385 -0.00537982391981 0.0344132591818 -0.00415782749645 0.0471493587859 0.0694525950847 0.0185861461176 0.0429333819373 0.00771097409639 0.00424187752438 -5.6863616079e-05 -0.0131497039043 0.0231531016166 
0.00601861395213 -0.0161885505143 0.0318834593428 0.0018099878733 0.0223483693994 0.0244008389387 0.5681462409 0.00189196050164 -0.0140686372288 -0.0188825890278 -0.00149996277134 0.012130829248 0.00221348341148 0.0248868376909 0.0117313353329 -0.00118276896747 0.028437881477 -0.0110939399783 -0.00775588893 0.0341672509531 -0.01860762333 0.0267906473592 0.024929889352 0.0161758734342 -0.0115541379958 -0.00509892622239 0.00856661676698 0.014790303111 0.0274614581624 0.00541736351728 0.0262400547226 -0.00779184691663 0.00960731491267 -0.00794046583382 0.00775888202904 0.00637193928266 0.00843602244782 0.0232660286343 -0.0101087741955 0.041696787438 0.0124492035352 0.00065981776589 0.0204434116072 -0.0242281951701 0.0208582440026 0.00156168548662 0.181697838833 -0.000395950146829 0.0244162585606 -0.0135275301689 0.00297397022701 0.020834671232 0.00758941709373 -0.0224449744421 -0.00325469067343 0.0193094471276 0.0186076706165 0.0111353578098 -0.023221920704 -0.0118264055342 
-0.00225418645221 0.0145214798604 0.00369156117233 0.0245927386129 0.0155053266542 -0.0108417994883 0.00189196050164 0.225308333148 0.0103179605636 0.0227622030051 0.0210559266845 -0.0181090209614 0.0107692042196 0.0228501621568 0.0344932346555 0.0239972937005 0.0103863116436 0.011291240431 -0.00205182110691 -0.000451826514334 0.0356037905664 0.0138161597286 0.0145865885654 0.0318851945135 0.0347195047843 -0.0194616532588 0.0343422582269 0.0307578596244 0.0202564739055 0.009113829812 0.0181231304169 0.0209640153162 0.0104128522079 0.00531996484225 0.0144968800601 0.021797833872 0.0149755703146 0.00138839986298 -0.013675657252 0.0168346993905 0.0100824766836 0.0211535098423 -0.00115535418947 0.0173692123046 0.0147172967399 0.0287559348894 0.0387451101135 -0.0247902581213 0.0137548455665 0.0190345083011 0.0109013187009 -0.019385648698 0.00972162955078 0.0296526628986 0.00147517932051 -0.000463425351227 0.0232376792731 0.0398071609576 -0.00543535686275 0.00877964175573 
0.00492262695623 0.0444717990548 0.00859856477974 0.0138372192433 -0.00231584831654 0.0436293684026 -0.0140686372288 0.0103179605636 0.209017192522 0.0110673666084 0.0047415468723 -0.0175956884857 0.0107339952316 0.00852569419153 0.0148943277759 0.00103750098115 0.000487403999554 -0.00635320425347 0.0431566440463 0.0149512034223 0.0107688991396 0.00526633440844 -0.00668254179684 -0.000683586705308 0.0162723428095 0.00323274596643 0.00781232182993 0.0120161530003 0.0123654470639 -0.00295730981458 0.00137520281989 0.00506639341025 -0.000260819705922 0.047138145936 0.01999282519 0.012216661133 0.0117477180089 0.0298366815342 0.0400495122369 0.0393698183241 0.0213417878555 0.0295656113204 0.00455587757526 0.0502000974236 -0.00560788470572 0.0312092121675 0.00129813881541 0.00681114703023 0.00246964102816 0.0342944545925 0.0162489653077 0.0216332513151 0.0066283223711 -0.0140622712347 0.0247700693459 0.00294772386118 0.0143370021128 -0.00757662812158 -0.00864415902116 0.0459665052011 
0.0291987551789 0.0242497258978 0.0535707157782 -0.00155825600863 0.024479229064 0.00736134131022 -0.0188825890278 0.0227622030051 0.0110673666084 0.302233067125 0.0207823826527 0.00576165404056 0.0429663669691 0.00103062117935 0.0483277368735 0.0304263171344 0.0351620552796 0.0802598487319 0.000386656669464 0.00391426033381 0.0192315595589 0.00865407905815 0.0140989434103 0.00895869620963 0.0174680148769 -0.0311348704068 0.0136966890185 0.0393940330351 0.0279598087445 0.00235517235945 0.0184693358935 0.0173801878293 0.0100641441749 0.0345048613736 -0.00135958683218 0.0145796451359 0.0196518047955 0.0582543389748 -0.0165736893604 0.0930609261132 0.0283850949707 -0.0137404900318 0.00854448764582 0.0574551124507 0.00849839613306 0.0204866876385 0.0424134170519 0.0056855764491 0.0184483694989 0.0182705852487 0.0110941389817 0.0157786227229 0.00621263757772 0.0593005187832 0.0175880870333 0.0150930187363 0.0108484388117 0.0271525457207 0.00734394081437 0.0112992580185 
0.0049655075755 0.0139942330371 0.0112737722514 0.014865239575 0.0116038959993 0.00454306746256 -0.00149996277134 0.0210559266845 0.0047415468723 0.0207823826527 0.141197986367 -0.00429094675642 0.00665384196133 0.000833290798887 0.047095067821 0.00744337260231 0.00642359592554 0.0259476165547 0.0089763894771 -0.00493143349451 0.00492616990506 0.00556647327699 0.0149421978851 -0.000693369747511 -0.00506094766353 -0.028047923401 0.00969498562623 -0.00686127716247 0.00187637574432 0.0151782774681 0.0144424013426 0.00685973624916 -0.00598769838302 -0.00139551472279 0.00694919809137 0.0139252039113 0.00826652054042 0.0198083574517 -0.00447905758485 -0.0153610256486 0.0168229826249 0.00960225767365 0.0181002539926 -0.00454473008471 0.0043576173568 0.00571315695322 0.00294246979858 0.00243703939254 0.00418732991339 0.0142249617654 0.0155310109067 0.0106358777656 -0.0212137989612 -0.0148195545299 0.0128848936998 -0.000995056529401 0.0062500581537 0.00779974327185 0.0186181711073 0.0213355612861 
0.0102676485577 -0.00338737846598 0.0177761796007 0.00135134197292 0.023654045523 -0.00845608138334 0.012130829248 -0.0181090209614 -0.0175956884857 0.00576165404056 -0.00429094675642 0.301682752838 0.0135112989784 0.0132387059531 -0.0187711673442 0.00814182983739 -0.00189992342367 0.00458644196375 0.00642429572568 0.0173756138886 0.000630695973868 0.00441032883603 0.0161962560118 0.0151077882883 0.0137819429905 -0.0137697613595 -0.00242700592295 -0.0129552527351 -0.00147494681509 0.00791742967487 -0.00824444535552 0.00116003722319 0.0239117877799 -0.0063885062917 0.00166465277629 0.0183385919082 -0.00926468924836 -0.00227640200963 0.00361077044276 0.00850847075199 0.00842359864922 -0.00441231564429 -0.020892217618 0.0215951354828 -0.00170804892888 -0.00949169695828 0.0131504950343 0.00884137179312 0.00591664670721 0.0401417438425 -0.00592805064073 -0.0126296265319 0.0131789132864 0.0102039208886 0.0696734932037 -0.0044185645993 0.00169605626356 0.00519982709941 -0.0197475640832 0.0149088118831 
0.00686773496954 0.0140194504482 0.0172100141294 0.00556436360024 0.00674192833814 0.0122655679755 0.00221348341148 0.0107692042196 0.0107339952316 0.0429663669691 0.00665384196133 0.0135112989784 0.22028005391 -0.00334390554553 -0.00183715403504 0.0318717425919 0.0109205153022 0.0134264066973 0.0169949284716 0.00505935317223 -0.00475770645409 0.00674997740417 0.0100560928196 0.010051912898 0.0187674979278 -0.00720578656729 0.0233240991314 0.0106569313965 0.00161743223541 0.00087302016318 0.00262369881436 0.0172166515169 0.022549338389 0.0120008317082 -0.0247762405224 0.00113007858802 0.00640642792547 0.0240216112871 0.00866509418552 0.0337119940498 0.0125575241397 0.0181288291977 0.0194833609828 0.0116845992803 0.00101760863042 0.00255044495527 0.0199639793385 -0.0170175970766 0.0146274449563 -0.0101155456939 0.011798429538 0.0248852846154 -0.0114195306103 0.00318656043658 0.0171221816147 0.0204149003542 0.00365132163924 0.0220129420068 -0.0263126283738 0.030378981904 
0.0282320346039 0.0143427080982 0.00866353341761 0.0206506094095 0.0316656956062 0.0210914257233 0.0248868376909 0.0228501621568 0.00852569419153 0.00103062117935 0.000833290798886 0.0132387059531 -0.00334390554553 0.348810581987 -0.00904850570385 0.0212201102574 -0.00177514911545 0.00227038314639 0.00772477900103 0.0310725046438 0.0112950049835 0.0392613138412 -0.00066494601423 0.014693329263 0.0196407553817 -0.0365481822817 0.0196058757101 0.0268606036461 0.0327399513554 0.00643468203629 0.0152200775677 0.01456626399 0.0588921170571 0.00499929804876 -0.00620931361462 0.045826181754 -0.00678909711188 0.0165762731083 -0.00698788640907 0.00685407293847 0.00627822546892 0.0091384797756 -0.00725240636235 0.0159809216192 0.00804881405893 -0.0105724440952 0.0056480555839 0.0336874691324 -0.00121604898937 -0.00126279421298 0.000809939576411 -0.00334013574459 0.0298669181868 0.0248020007025 0.0184502089442 0.0326222963243 -0.0101903612906 0.00654115090525 -0.00486586762707 0.0141922947685 
0.0111952475648 0.0174133972947 0.00631052045335 0.0221542169201 0.0371062428861 0.0254630468234 0.0117313353329 0.0344932346555 0.0148943277759 0.0483277368735 0.047095067821 -0.0187711673442 -0.00183715403504 -0.00904850570385 0.449719304925 0.0209029747572 0.0174431100269 0.0198197772219 0.00659912089184 0.011739747669 0.0194352133484 0.0178699799627 0.0301982952185 0.0276115193905 0.0420425522197 0.00201036035696 0.0159688334488 0.0579828822171 0.0340552637618 0.0166939166248 0.0403317337641 0.02386582465 -0.0148655894086 0.00885295788541 0.0761896773653 0.0186121080598 0.0308523963968 0.049884259467 0.0204166040598 0.0486587048803 0.0431331142372 -0.00580271841926 -0.00904057877492 0.0244160876431 0.0137561575289 0.0706166835988 0.014904709846 0.0486712884956 0.029107166364 0.0340717563829 0.00704508200779 0.0460709209345 0.0473668140163 0.00132442989525 -0.00546678022796 0.0254294342859 0.0259215154308 0.028291035146 0.00193844334669 0.0441526086162 
-0.00194670257909 0.00836392571342 0.0230987723708 0.00587564676678 0.0144335270168 0.0151588113021 -0.00118276896747 0.0239972937005 0.00103750098115 0.0304263171344 0.00744337260231 0.00814182983739 0.0318717425919 0.0212201102574 0.0209029747572 0.177396971254 0.0223431096931 0.0121740116112 0.00208467092418 0.0178320657672 0.0159361970998 0.0125569907041 0.00512301003635 0.00514879938855 0.0122076320575 0.00433294410793 0.0149693525071 0.0111673002263 0.00443153128343 0.00161147918321 0.0162764020287 0.0240306643936 -0.00334902806796 0.0310259858291 0.00322402119204 0.0235153129046 0.0127225119327 0.0164904962628 -0.00666767757936 0.0104891073703 0.0236394897792 0.025073219049 0.0103336754592 0.0127604230293 0.00660044726505 -0.00731427412656 0.00799703878295 -0.003791574242 0.0190944461411 0.00643794337662 0.016142041935 -0.00323935872044 -0.00725379978454 -0.00439557753166 0.0132550207974 0.0143730844184 0.00699628980117 0.0263832886335 -0.0168781565469 0.0311853757462 
0.0222487147634 0.00441121572401 0.0165315068726 0.0115016683334 0.00809761646518 -0.0230702480184 0.028437881477 0.0103863116436 0.000487403999552 0.0351620552796 0.00642359592554 -0.00189992342367 0.0109205153022 -0.00177514911545 0.0174431100269 0.0223431096931 0.134829096974 0.02592446745 0.00657832924623 0.0310592904527 0.00680985112429 0.0288882554687 0.00860689741652 0.017666931577 0.00143490814942 -0.0019449467286 0.0328113036221 0.0127075239563 0.00627052065148 0.00454821280135 0.035124444614 0.01516330899 0.0111521368324 0.0172370552894 0.0107776069208 0.00360355372518 0.0378347608687 0.0237655883848 0.00842646114046 0.0236593633721 0.0254485975743 0.0176708516789 0.00886883650957 0.011832216274 0.0228019596114 0.00293390878564 0.0216158659753 -0.00734952709076 0.0352738328847 -0.0152171389697 0.0159636334824 -0.0227944544792 0.0133068970441 0.0118075696959 -0.00860569634595 0.0105371444167 0.00983722408136 0.0311780860702 -0.00159359223595 0.0268415481787 
0.0196931785104 0.00143982306789 0.00268897095906 0.00860485896934 0.0184883595672 0.0194917789316 -0.0110939399783 0.011291240431 -0.00635320425347 0.0802598487319 0.0259476165547 0.00458644196375 0.0134264066973 0.00227038314639 0.0198197772219 0.0121740116112 0.02592446745 0.211310787201 0.00181772033766 0.00284689701184 0.0156024648771 0.00878021440008 0.0297729012371 -0.0126411717543 -0.00548303511316 -0.00973503125322 0.00627409601361 0.0252656830241 0.0237418522231 0.00461840965029 0.0210012606632 0.015616403994 0.0299333532615 -0.00442545478307 -0.00968622293494 0.0133196396284 0.0152843598248 0.0421829373847 -0.00840732168152 0.0143796377303 0.0259199163628 -0.00575242972008 -0.00228631378825 -5.68200561744e-05 -0.00268338595908 -0.0130116535218 0.00557031676461 -0.0289578538993 0.0228434362064 -0.00650839934818 -0.00649112186156 0.00438994792405 -0.00337001784637 0.0417317613611 0.023573230675 -0.00308287301663 0.0219861754091 0.026622369045 0.0277092622298 0.00843604296902 
0.00607004030875 0.0382621322094 -0.00580318046653 0.00444412132692 -0.00245726557054 0.0286781998732 -0.00775588893 -0.00205182110691 0.0431566440463 0.000386656669465 0.00897638947709 0.00642429572568 0.0169949284716 0.00772477900103 0.00659912089184 0.00208467092419 0.00657832924623 0.00181772033766 0.130039656297 0.0110564402721 0.0107203049918 0.00357539200147 0.00142600076528 0.00673664970719 0.0141484743895 0.00830300996791 -0.00164741203873 0.0161891133364 0.014235258194 0.00605968881697 0.0158891446128 0.0122931949158 0.00910852704111 0.035753236196 0.0243459491681 0.00426244303968 0.0105769146492 0.0123340073831 0.0152623164956 0.0136517846338 0.0265416625993 0.00601044965761 0.00985125584214 0.0341003759063 0.0179612419939 0.0319823574965 -0.0144693216661 0.0217487740507 0.0101859385237 0.0166172833825 0.025971412891 0.0140736460492 0.00760362640459 0.00827748894348 0.0424246144956 0.0130789534442 0.0316559394551 0.0124528889579 0.0119472678296 0.000546707892154 
0.030764853529 0.00170362710863 0.0176633094916 0.0088437880253 0.0291115322472 0.0420862320265 0.0341672509531 -0.000451826514334 0.0149512034223 0.00391426033381 -0.00493143349451 0.0173756138886 0.00505935317223 0.0310725046438 0.011739747669 0.0178320657672 0.0310592904527 0.00284689701184 0.0110564402721 0.246617069471 -0.00556808010191 0.0237479749431 0.0105382786008 -0.00534676097561 0.0112805669916 -0.00585676005757 0.0335282789633 0.00750746638245 0.0113685356848 -0.0187854703589 0.0281681535931 0.0243338642728 0.043340747745 0.0166900392125 0.0111862389273 0.0301957325784 0.0344181123608 0.0320673017115 -0.00660088047451 0.029208172321 0.0200736899216 -0.00532136732839 0.0187875515169 0.00539462327389 0.0250805091587 0.0258260716178 0.0317302822088 -0.0016871793101 0.0332930829455 0.0238804837231 -0.000643704262185 0.0266076808925 0.00608811518994 0.00939313542566 0.0234954231759 0.00507325007223 0.00786398074892 0.00826905042191 -0.00322086049244 0.0171538316371 
0.0244299504456 -0.00491085767724 0.0128038387278 -0.000313120399574 0.0288170283354 0.0141038243389 -0.01860762333 0.0356037905664 0.0107688991396 0.0192315595589 0.00492616990506 0.000630695973866 -0.00475770645409 0.0112950049835 0.0194352133484 0.0159361970998 0.00680985112429 0.0156024648771 0.0107203049918 -0.00556808010191 0.250828681401 -0.00598875906525 0.00748050283397 0.0191656765208 0.0297444220288 -0.0149242910001 0.0068544254988 0.00858998928784 0.00990878909721 0.0287805639578 -0.0121256274548 -0.0148381436498 0.0256394222633 0.00144193724977 0.0128902198587 -0.00383870648618 0.00301832384633 0.0333264527694 5.40979062081e-05 0.00491703012654 0.0125146498988 0.0177008362088 0.00776212744042 0.0336866745477 -0.00373079349882 2.4423085992e-05 0.0140319885228 0.0105142877863 0.0112600104061 0.0208568909713 0.00226132113255 0.00123337603945 0.0175999420253 0.0193292082015 0.00464331067034 -0.00115111663577 -0.000361838865785 0.0343137476792 -0.0203376175958 0.0499583749648 
0.0146469745175 -0.00851559871304 0.00809714719631 0.00272187521361 0.0146404631348 -0.00991323063351 0.0267906473592 0.0138161597286 0.00526633440844 0.00865407905815 0.00556647327699 0.00441032883603 0.00674997740417 0.0392613138412 0.0178699799627 0.0125569907041 0.0288882554687 0.00878021440008 0.00357539200147 0.0237479749431 -0.00598875906524 0.202366288182 -0.00788107800665 0.0245059677635 -0.00857878517788 0.000746383535944 -0.00290328874116 0.0196580564578 0.0497107260344 0.00094867237977 0.00856050710624 0.0153624366437 0.0117707409353 -0.0141279332061 -0.0111470368496 -0.000440274870268 -0.000226752209271 0.018299086798 0.0208089404035 0.0179954160532 0.0243607577072 -0.000570183862113 0.0352110445053 0.0544399398441 0.00877955036003 -0.00897784909007 0.0186435163519 0.0259910889093 0.00990183092561 -0.0261938816187 0.0230800153624 0.00356325946679 0.00327065432428 0.0143186158562 0.000921653764275 0.0237064309638 0.00436153605791 0.0266548699549 0.0131035647023 0.00661293830857 
0.00315636720772 0.0287506210325 0.0466571934131 0.0214438699085 0.00653647151414 -0.00511124810366 0.024929889352 0.0145865885654 -0.00668254179684 0.0140989434103 0.0149421978851 0.0161962560118 0.0100560928196 -0.000664946014228 0.0301982952185 0.00512301003635 0.00860689741652 0.0297729012371 0.00142600076528 0.0105382786008 0.00748050283398 -0.00788107800666 0.232021948472 -0.00290933224972 0.0103162872799 0.00195447754567 0.00822084853453 0.0115995718346 0.0110911254612 0.00825653202592 0.0100179027964 0.024772760921 0.011863720687 0.00669997564192 0.00993295388663 0.0323771560625 0.0161887303608 -0.00124926203785 0.00316857584228 0.0290804241622 0.0194941996878 -0.0130987999538 -0.00828029755643 -0.00850706041608 0.00212575664212 -0.0075549666303 0.021972906336 -0.00127917712026 0.00611822505113 -0.0123032411839 0.00236829951149 -0.000749107090571 -0.0251433829232 -0.00170343628126 0.0466805105282 0.00764951515937 0.0288981758559 0.0139920069211 -0.00981773240423 0.00810657585583 
0.0229433984956 0.0176313493007 0.00142047971746 -0.00271964772912 0.0158196827937 -0.0311681631563 0.0161758734342 0.0318851945135 -0.000683586705309 0.00895869620963 -0.00069336974751 0.0151077882883 0.010051912898 0.014693329263 0.0276115193905 0.00514879938855 0.017666931577 -0.0126411717543 0.0067366497072 -0.00534676097561 0.0191656765208 0.0245059677635 -0.00290933224972 0.464110172131 0.0269450690056 0.00125128082764 0.00700600597464 0.00792475114484 -0.00832093460789 0.00902131741374 0.00175401035378 -0.0421265174491 0.00464518683121 0.00275041588018 -0.0102214344772 0.113934501908 0.0187329485 0.0042050942443 0.00307305580924 0.0409970222781 0.0202683273351 0.0300859360526 0.00899763212773 0.0177248087326 -0.00454008545453 -0.0007931505506 0.00817599843719 -0.00309122197355 0.0185468783862 -0.0173295317833 0.0124572082612 0.0371457779092 0.0110628560272 0.0128476270125 -0.00415293061359 0.0108538828977 0.00553872957389 0.0278444504019 -0.0198958089334 0.0244437242089 
-0.0233859419402 0.0564194206816 -0.0165710193133 0.00930895810568 -0.00785656953685 0.0162215577366 -0.0115541379958 0.0347195047843 0.0162723428095 0.0174680148769 -0.00506094766353 0.0137819429905 0.0187674979278 0.0196407553817 0.0420425522197 0.0122076320575 0.00143490814942 -0.00548303511316 0.0141484743895 0.0112805669916 0.0297444220288 -0.00857878517788 0.0103162872799 0.0269450690056 0.686390206958 0.0468432600875 0.00646575630836 -0.0110836865425 0.00926262945416 0.0154302435207 -0.011074260502 0.0276260723423 0.000692695986992 0.0301735461721 0.267060307962 -0.001300759953 -0.0157683422985 -0.0219937852452 -0.00937749425421 -0.0152519541667 0.0163360684713 -0.00308979226257 -0.00775797863052 0.0528869037666 0.00585644561619 0.123259206741 -0.00162808199371 0.0806832260828 -0.000691938214878 0.117130723399 0.031624482041 0.0273353170193 0.0885786668646 0.0561915378863 -0.0344544964257 0.0258834176191 0.00413947716745 -0.0210864105122 0.000446451201171 0.0263390826266 
-0.00662285005058 -0.00851549086602 -0.00946335970366 -0.00749791766781 -0.00802374866836 0.0095144675081 -0.00509892622239 -0.0194616532588 0.00323274596643 -0.0311348704068 -0.028047923401 -0.0137697613595 -0.00720578656729 -0.0365481822817 0.00201036035696 0.00433294410793 -0.0019449467286 -0.00973503125322 0.00830300996791 -0.00585676005757 -0.0149242910001 0.000746383535944 0.00195447754567 0.00125128082764 0.0468432600875 2.71465172074 -0.0128405555196 0.0223172328334 0.00625005456361 0.0213894090254 1.66890790434e-05 -0.00204569343965 -0.0329370972351 0.00739790594669 0.0206730733433 0.00775834258667 -0.0107827031409 -0.0251999167184 -0.0157252470291 -0.0302073242759 -0.00181829001058 -0.0252620999861 -0.0111070236596 -0.024913043683 -0.00103775979885 0.0651908825065 0.001833680235 0.0677788217814 -0.00363246500353 0.0186081068551 -0.0150312125417 -0.022408201462 0.089017860907 -0.0311283020996 0.0115689214194 -0.00628667688927 0.0286131599518 -0.000127929177768 -0.0387257807441 -0.0215734199331 
0.00562596135964 0.0083583653741 0.017788467748 0.0158254970672 0.000950559015481 0.0145768281873 0.00856661676698 0.0343422582269 0.00781232182993 0.0136966890185 0.00969498562622 -0.00242700592295 0.0233240991314 0.0196058757101 0.0159688334488 0.0149693525071 0.0328113036221 0.00627409601361 -0.00164741203872 0.0335282789633 0.0068544254988 -0.00290328874116 0.00822084853453 0.00700600597464 0.00646575630836 -0.0128405555196 0.154784551554 0.00837848814978 0.00206188816503 0.00139455988496 0.0385922278616 0.0337793976901 0.0199840484275 0.0258898418762 0.00654207630385 0.0126216817272 0.0210232902922 0.0133347595911 0.00763062090496 0.0182106853811 0.0152862842201 0.0128739069474 0.0239382970815 0.000713804285188 0.0026842810636 0.0149390449729 0.0221619078113 -0.0108296994517 0.0375889345751 -0.00463984114875 0.0437515105593 -0.0113268982972 0.0317335943499 0.0173548446744 0.0159628449635 0.0148083427889 0.0277252603271 0.020793110426 -0.0114207730426 0.0244091276456 
0.01679280166 0.0242416741884 0.0373005132095 0.0239128763733 -0.00690317328514 0.0404748886592 0.014790303111 0.0307578596244 0.0120161530003 0.0393940330351 -0.00686127716247 -0.0129552527351 0.0106569313965 0.0268606036461 0.0579828822171 0.0111673002263 0.0127075239563 0.0252656830241 0.0161891133364 0.00750746638245 0.00858998928785 0.0196580564578 0.0115995718346 0.00792475114484 -0.0110836865425 0.0223172328334 0.00837848814978 0.238955120708 0.00978569477141 0.0348968994648 0.0169205732573 0.0191376905744 0.0133637030393 0.0141559201941 0.0324917144282 0.00971485577374 0.0184111201826 -0.00408371601735 0.00596763757813 0.102336446112 0.0175686429374 0.0152976046787 0.0114962642146 0.0130043910633 0.00619044777112 0.0217318645768 0.0232233662613 -0.00274006980151 -0.0101040686217 0.0483031175576 -0.0179438163196 -0.00436352109422 0.00185196410815 0.0267210825842 0.0137869632143 0.00893544315583 0.00830931284071 0.0147125943913 0.0463874122619 0.0131138853375 
0.022009120032 0.0122318067361 0.00540320556623 0.0311046853768 0.00896849277119 -0.00412925127296 0.0274614581624 0.0202564739055 0.0123654470639 0.0279598087445 0.00187637574432 -0.00147494681509 0.00161743223541 0.0327399513554 0.0340552637618 0.00443153128342 0.00627052065147 0.0237418522231 0.014235258194 0.0113685356848 0.00990878909721 0.0497107260344 0.0110911254612 -0.00832093460789 0.00926262945416 0.00625005456361 0.00206188816504 0.0097856947714 0.234553582632 0.0446916231008 0.000713296568818 -0.000206332483648 0.0184592315516 0.0172629830797 0.0122823393029 -0.00465849543186 0.00618458335972 0.0310826118824 0.0188576201523 0.0420537754339 0.029483549619 0.0144660521125 -0.00316162707666 0.010793320612 0.0267088028229 0.0105704241449 0.00970255093044 0.0179900840297 0.0150168536577 -0.00490710261614 0.0193120499685 -0.0131413582027 0.00514250486845 0.0245496214747 0.0136897690444 -0.00248907032417 0.0239568191974 0.0193693592765 -0.0151706710903 0.0111048796693 
-0.0043812021681 -0.00599465572474 0.0494384819551 -0.0135834281334 -0.0161904374257 0.0214201890555 0.00541736351728 0.009113829812 -0.00295730981457 0.00235517235945 0.0151782774681 0.00791742967487 0.000873020163181 0.00643468203629 0.0166939166248 0.00161147918321 0.00454821280135 0.00461840965029 0.00605968881697 -0.0187854703589 0.0287805639578 0.00094867237977 0.00825653202592 0.00902131741374 0.0154302435207 0.0213894090254 0.00139455988496 0.0348968994648 0.0446916231008 0.510689866948 -0.00214765423335 0.0234050473554 0.0186800558858 0.015250351768 0.0201997267523 -0.0109293966804 0.0224074958949 0.01235706876 -0.00654381904742 0.0522531279595 0.0201268661838 0.0340160031802 0.0390430024148 0.00491446132593 0.0197768022336 0.00650370415418 -0.0061429825196 0.0191122034503 -0.0114230829818 0.0240137766553 0.0134312848225 0.0681894574028 -0.00817279610203 -0.00697744188047 0.0326297159641 -0.00219330630262 0.00921495375688 0.0271852600859 -0.0224245678108 0.00784518698935 
0.0147576862761 -0.011498487918 0.0252174168386 0.0253258046735 0.0155770636685 0.0193778785156 0.0262400547226 0.0181231304169 0.00137520281989 0.0184693358935 0.0144424013426 -0.00824444535551 0.00262369881436 0.0152200775677 0.0403317337641 0.0162764020287 0.035124444614 0.0210012606632 0.0158891446128 0.0281681535931 -0.0121256274548 0.00856050710624 0.0100179027963 0.00175401035378 -0.011074260502 1.66890790436e-05 0.0385922278616 0.0169205732573 0.000713296568825 -0.00214765423335 0.162102564583 0.0236409146737 -0.00489419643041 0.0242732188609 0.0124035342191 0.0153289888374 0.0172276035617 0.00483221173241 0.0215218464391 0.0418787752304 0.0238975005403 0.00365505779459 0.0279032286388 0.0239664139652 0.0225219241784 0.00113958635861 -0.00369192681428 -0.00969228164043 0.0538252485567 0.000249571847939 0.00413459191805 -0.0135519063993 0.00258087617265 -0.000181729248999 0.00232348778306 0.0103712878981 0.0218251770462 0.0131108591876 -0.00417670943556 0.00298848784273 
-0.00954508220382 0.0342763942169 0.0616154975229 -0.00419428137502 0.0307189652714 0.0687388591117 -0.00779184691663 0.0209640153162 0.00506639341025 0.0173801878293 0.00685973624916 0.00116003722319 0.0172166515169 0.01456626399 0.02386582465 0.0240306643936 0.01516330899 0.015616403994 0.0122931949158 0.0243338642728 -0.0148381436498 0.0153624366437 0.024772760921 -0.0421265174491 0.0276260723423 -0.00204569343965 0.0337793976901 0.0191376905744 -0.00020633248365 0.0234050473554 0.0236409146737 0.341957082306 0.0542958728666 0.0198915399544 0.024519902266 0.0393939652022 0.0395507973275 0.0203272291829 0.042161976089 0.0160688574653 0.00994369191344 0.0342604908981 0.0138794653844 0.0230891411886 0.0272026492945 0.0306630107369 0.00974387885682 0.0647912171511 0.0239694092225 -0.00341189675435 0.045841635431 0.0212195752684 0.0233102035651 0.0489002812426 0.0358073487154 -0.00172598959542 0.0307961477851 0.0302586218783 0.00792977640653 0.00974440403082 
0.00833279110991 0.0190797923083 0.0263156455852 -0.00813275706886 0.0433828614349 0.0145975819183 0.00960731491267 0.0104128522079 -0.000260819705921 0.0100641441749 -0.00598769838302 0.0239117877799 0.022549338389 0.0588921170571 -0.0148655894086 -0.00334902806796 0.0111521368324 0.0299333532615 0.00910852704111 0.043340747745 0.0256394222633 0.0117707409353 0.011863720687 0.00464518683121 0.000692695986992 -0.0329370972351 0.0199840484275 0.0133637030393 0.0184592315516 0.0186800558858 -0.0048941964304 0.0542958728666 0.729112300021 0.0133288601442 0.0114826934366 0.0131479492667 -0.00786976673363 0.0383801115424 0.0432915116975 0.0141071565934 0.00075931763121 0.0242291141644 -0.0186299789282 -0.00138641845673 0.00482234204805 -0.00160227385931 0.0308863987891 0.0122568124164 0.0101507038887 0.0215093744236 0.0372407173264 0.0714137127253 0.00881480743506 0.026477538293 0.00102591785146 0.0114083841731 0.00278438710023 0.0275068468559 -0.000447576723768 0.0142489326432 
0.0173907262421 0.0433586238972 0.0258863294696 0.00103358985134 0.00124924306532 0.0236958407948 -0.00794046583382 0.00531996484225 0.047138145936 0.0345048613737 -0.00139551472279 -0.0063885062917 0.0120008317082 0.00499929804876 0.00885295788541 0.0310259858291 0.0172370552894 -0.00442545478307 0.035753236196 0.0166900392125 0.00144193724977 -0.0141279332061 0.00669997564192 0.00275041588018 0.0301735461721 0.00739790594669 0.0258898418762 0.0141559201941 0.0172629830796 0.015250351768 0.0242732188609 0.0198915399543 0.0133288601442 0.195380308461 0.033691137279 0.000966282017287 0.000972567056528 0.00399979742244 0.0159955909451 0.0310547682908 0.00796672848323 -0.000438599310822 -0.000779324140908 0.0376981523476 0.0121047006305 0.04708101562 0.00923387999262 0.0309699975954 0.0190361770066 0.0258397869957 0.0221290789275 0.0168262796848 0.0120874375664 0.0365946186482 0.02449847718 0.0160507828491 -0.00401393689774 0.00825668367468 -0.00705897785607 0.0138994334534 
0.0230794174087 0.0469460960485 -0.00823543894079 0.0133929806169 -0.00217466029376 0.0646527156583 0.00775888202904 0.0144968800601 0.01999282519 -0.00135958683218 0.00694919809137 0.00166465277629 -0.0247762405224 -0.00620931361462 0.0761896773653 0.00322402119204 0.0107776069208 -0.00968622293494 0.0243459491681 0.0111862389273 0.0128902198587 -0.0111470368496 0.00993295388663 -0.0102214344772 0.267060307962 0.0206730733433 0.00654207630385 0.0324917144282 0.0122823393029 0.0201997267523 0.0124035342191 0.024519902266 0.0114826934366 0.033691137279 0.536964137143 -0.0137037351964 0.0326406582813 -0.00493403326352 -0.0108083339366 0.0564851688345 -0.00685230588908 -0.00863896617112 0.0190767696396 0.0400423431015 0.00175905383393 0.09734294734 -0.00854354680899 0.165806629 0.00930455721008 0.151765365842 0.0058641991298 -0.00695177609224 0.161715866925 0.00776007591627 0.0193135602353 -0.0040246705181 0.0144710551125 0.0349862574718 0.00525816482676 0.0247652501792 
-0.00418142009945 0.0231675350356 -0.00328929619774 0.0156717903639 0.0218882719725 0.00337445064557 0.00637193928265 0.021797833872 0.012216661133 0.0145796451359 0.0139252039113 0.0183385919082 0.00113007858802 0.045826181754 0.0186121080599 0.0235153129046 0.00360355372518 0.0133196396284 0.00426244303968 0.0301957325784 -0.00383870648618 -0.000440274870267 0.0323771560625 0.113934501908 -0.001300759953 0.00775834258667 0.0126216817272 0.00971485577374 -0.00465849543186 -0.0109293966804 0.0153289888374 0.0393939652022 0.0131479492667 0.000966282017288 -0.0137037351964 0.481620873342 0.0449776422314 0.0477474616414 0.00361114172986 0.00758120948848 0.0046030289273 0.0121525747753 0.00820808655198 -0.0228129111776 0.00585468798762 -0.0199348221341 0.0120527772992 -0.0174498736271 0.0173273564742 -0.00129326334956 0.000194055942337 0.00811492511104 0.0160479407091 0.00757255280041 0.0472416424977 0.0135249477193 -0.00819656278213 0.021325630521 0.0174367294554 0.00789288784426 
0.0311177008864 0.0133146162682 0.0117582220715 0.0124386935547 0.00977909794056 0.00222065371617 0.00843602244782 0.0149755703146 0.0117477180089 0.0196518047955 0.00826652054042 -0.00926468924836 0.00640642792547 -0.00678909711188 0.0308523963968 0.0127225119327 0.0378347608687 0.0152843598248 0.0105769146492 0.0344181123608 0.00301832384634 -0.000226752209272 0.0161887303608 0.0187329485 -0.0157683422985 -0.0107827031409 0.0210232902922 0.0184111201826 0.00618458335972 0.0224074958949 0.0172276035617 0.0395507973275 -0.00786976673363 0.000972567056524 0.0326406582813 0.0449776422314 0.327045220672 0.0338277657106 -0.00285620066198 0.0332200677498 0.00914510878096 0.0233932989707 -0.00133015668525 0.00260805244985 0.0132421709462 -0.0211624501697 0.00358267027753 -0.0094326187808 0.0111952039614 -0.0261476480244 0.018565663173 -0.00205004835111 -0.00924493989422 0.0175115291509 0.0010476620036 0.0177587788554 0.023193806707 0.0593092852776 -0.00112419164866 0.0274340244024 
0.0112556551899 0.0155289163059 0.00232680632596 0.00809288683947 0.0927924914468 0.0325686328759 0.0232660286343 0.00138839986297 0.0298366815342 0.0582543389748 0.0198083574517 -0.00227640200963 0.0240216112871 0.0165762731083 0.049884259467 0.0164904962628 0.0237655883848 0.0421829373847 0.0123340073831 0.0320673017115 0.0333264527694 0.018299086798 -0.00124926203785 0.0042050942443 -0.0219937852452 -0.0251999167184 0.0133347595911 -0.00408371601735 0.0310826118824 0.01235706876 0.0048322117324 0.0203272291829 0.0383801115424 0.00399979742244 -0.00493403326352 0.0477474616414 0.0338277657106 0.304476720484 0.0374028947682 0.0470774743777 0.0132842658768 0.0196762130369 0.0106165936286 0.010162480004 0.0188393540742 0.0173633319977 0.0258676312037 0.00619198782309 0.0257062160693 -0.0113347937397 -0.00993766276855 0.0388375160893 0.00132491982398 -0.0179006284217 0.0498209401877 0.0168081181071 0.00682174869782 0.0227844649751 0.00254489738054 0.0329301154232 
0.0134838395725 0.0125014589045 0.0335062472555 -0.00867867421169 0.0053218603036 0.024570484623 -0.0101087741955 -0.013675657252 0.0400495122369 -0.0165736893604 -0.00447905758485 0.00361077044276 0.00866509418552 -0.00698788640907 0.0204166040598 -0.00666767757936 0.00842646114046 -0.00840732168152 0.0152623164956 -0.00660088047451 5.40979062076e-05 0.0208089404035 0.00316857584228 0.00307305580924 -0.00937749425421 -0.0157252470291 0.00763062090496 0.00596763757813 0.0188576201523 -0.00654381904742 0.0215218464391 0.042161976089 0.0432915116975 0.0159955909451 -0.0108083339366 0.00361114172986 -0.00285620066198 0.0374028947682 0.801816494769 -0.0356043782744 0.0158561365682 0.0141800254584 0.022129623 -0.0158453755683 0.0199526267571 -0.0132255868691 0.00913931108793 0.00134487274401 0.0152625600408 -0.0230223100668 0.0160692079192 0.0184631110639 -0.00404299182125 0.0165628779869 0.016993050483 -0.00205708933367 -0.0092994779444 0.0275575214205 0.00504471424338 0.00699291601464 
