20
0.0558285331973 0.0946597506959 0.0887704215167 -0.0108233812146 0.0429486266904 0.0560151075184 0.0511719962834 0.256023639664 0.143828325424 0.0398839612709 0.149701567326 0.022553065058 0.0189508527873 0.0408960175479 0.0904248988876 0.0498180241401 0.0444525953717 0.0269248151276 0.0203567883068 0.0637259516476 
0.306993230293 0.0373424463189 0.0722113269615 0.0130869865909 0.0126406140557 0.00274211983352 0.00418447447376 0.065703276068 0.0683883569083 0.00776696290752 0.0381322706024 0.031976571394 -0.0130962094943 0.0479519526847 -0.00684147288026 -0.0156961625543 0.00446105820148 -0.001181521307 0.0368950914184 0.0130076934379 
0.0373424463189 0.463934761397 0.00204344913958 0.0466691430362 0.0409075435439 -0.0101804790326 -0.00128173690475 0.0361780863766 0.00312466159374 -0.0133962876991 0.0155776554332 0.0111553408583 0.0246254122283 0.027313304079 0.0207954397971 0.029666455015 0.0132153812813 0.0301038720655 0.00105581409907 0.00425727419053 
0.0722113269615 0.00204344913958 0.341006672318 0.0399679148195 0.0288031709243 0.0158565493498 0.0382215004324 0.0199305704712 0.0211394234798 0.0251988145068 0.0123875004109 0.0273860459184 -0.00364715792077 0.0116593288884 0.0330218602924 -0.00993709974412 0.0123633754568 0.0335352008352 0.0218635878191 0.0274171309445 
0.0130869865909 0.0466691430362 0.0399679148195 0.222187171733 0.00151100998047 0.0255110329965 0.00591160065338 -0.00186281399068 -0.00434018368339 0.00478066172806 0.0128195484402 0.0243571208657 0.00676328755567 0.0125297476452 0.0402999184408 0.0273901494882 0.040710124321 0.0618761262438 0.010755262037 0.0275600228662 
0.0126406140557 0.0409075435439 0.0288031709243 0.00151100998047 0.218028149902 0.00786191854659 0.00699441835988 0.0224474566755 0.0106840503458 0.0075326992797 0.00773387217272 0.0079753518377 0.00670434295233 0.00284985683952 0.0251774352986 -0.015449174653 0.0195896080736 0.0174873023319 0.0137764530711 0.032827752331 
0.00274211983352 -0.0101804790326 0.0158565493498 0.0255110329965 0.00786191854659 0.363309090453 -0.00523586424914 0.0467193704688 6.5592651721e-05 0.00150658926508 -0.0259780645751 0.0230695908052 -0.00490743762705 0.0212233412726 0.0368013927337 0.0153888842677 0.0237150074431 0.00709528552987 0.0432089181551 0.00446375870312 
0.00418447447376 -0.00128173690475 0.0382215004324 0.00591160065338 0.00699441835988 -0.00523586424914 0.322755354521 -0.00168685509915 -0.0120260453858 0.0301213275025 -0.00525298470474 0.0441718636596 -0.000833806330783 -0.028220027439 -0.0132742885033 0.000763428462452 0.00795628551663 0.0112175216199 0.0201885243341 0.00393495206655 
0.065703276068 0.0361780863766 0.0199305704712 -0.00186281399068 0.0224474566755 0.0467193704688 -0.00168685509915 0.715881669139 0.0336063930265 -0.0137260324286 0.0234772679079 0.0422544943847 0.0343225279992 0.0192406534459 0.0227829293717 0.0485154694048 0.0431504000958 0.0111690900821 0.023865427647 -0.00347551938376 
0.0683883569083 0.00312466159373 0.0211394234798 -0.0043401836834 0.0106840503458 6.55926517211e-05 -0.0120260453858 0.0336063930265 0.601345115757 0.0122866697778 -0.00611766543297 0.0302208697162 0.00942470481376 0.0269691714978 -0.00914445737083 -0.0504101093983 0.0171226583221 -0.00981406172446 0.00861233750443 0.0154809909378 
0.00776696290752 -0.0133962876991 0.0251988145068 0.00478066172806 0.0075326992797 0.00150658926508 0.0301213275025 -0.0137260324286 0.0122866697778 0.143795120321 0.00388968530653 0.0189529446447 0.00949635046992 0.0173787874456 0.000579131258476 0.000603742978706 0.0113981308699 0.0197486048835 0.0212314956473 0.0220692175013 
0.0381322706024 0.0155776554332 0.0123875004109 0.0128195484402 0.00773387217272 -0.0259780645751 -0.00525298470474 0.0234772679079 -0.00611766543297 0.00388968530653 0.488601218328 -0.0142325981894 0.051385482826 0.0190442768988 0.0235172411716 0.0190718719209 -0.00600165576463 0.0109461776765 0.000363875606173 0.0234920385553 
0.031976571394 0.0111553408583 0.0273860459184 0.0243571208657 0.0079753518377 0.0230695908052 0.0441718636596 0.0422544943847 0.0302208697162 0.0189529446447 -0.0142325981894 0.250373451064 0.0370082063868 0.0199486052585 -0.0246827280483 -0.000196157095236 0.00471920197853 0.00988974153186 0.0240656924777 0.00923268590559 
-0.0130962094943 0.0246254122283 -0.00364715792077 0.00676328755567 0.00670434295233 -0.00490743762705 -0.000833806330783 0.0343225279992 0.00942470481376 0.00949635046992 0.051385482826 0.0370082063868 0.401738987191 0.0152431527233 0.00060142675118 0.00595107485254 0.0142396505543 -0.0121821084016 0.0215080262263 0.00465943500996 
0.0479519526847 0.027313304079 0.0116593288884 0.0125297476452 0.00284985683952 0.0212233412726 -0.028220027439 0.0192406534459 0.0269691714978 0.0173787874456 0.0190442768988 0.0199486052585 0.0152431527233 0.225004398816 0.0205742442328 0.0205889591382 0.0258086260843 -0.0064960438937 0.0064360249322 0.0119671750773 
-0.00684147288026 0.0207954397971 0.0330218602924 0.0402999184408 0.0251774352986 0.0368013927337 -0.0132742885033 0.0227829293717 -0.00914445737083 0.000579131258476 0.0235172411716 -0.0246827280483 0.00060142675118 0.0205742442328 0.357266810297 0.150193378699 0.111053329574 0.0630597971738 -0.0148465995381 0.0213071955675 
-0.0156961625543 0.029666455015 -0.00993709974412 0.0273901494882 -0.015449174653 0.0153888842677 0.000763428462452 0.0485154694048 -0.0504101093983 0.000603742978706 0.0190718719209 -0.000196157095236 0.00595107485254 0.0205889591382 0.150193378699 0.3707084437 0.0979878577781 0.0426187618512 -0.00837556953449 0.00199488020169 
0.00446105820148 0.0132153812813 0.0123633754568 0.040710124321 0.0195896080736 0.0237150074431 0.00795628551663 0.0431504000958 0.0171226583221 0.0113981308699 -0.00600165576463 0.00471920197853 0.0142396505543 0.0258086260843 0.111053329574 0.0979878577781 0.238234575024 0.0643258807824 -0.00710836689912 0.0175151655946 
-0.001181521307 0.0301038720655 0.0335352008352 0.0618761262438 0.0174873023319 0.00709528552987 0.0112175216199 0.0111690900821 -0.00981406172446 0.0197486048835 0.0109461776765 0.00988974153186 -0.0121821084016 -0.0064960438937 0.0630597971738 0.0426187618512 0.0643258807824 0.206165629177 -0.00710081647587 0.0221382418294 
0.0368950914184 0.00105581409907 0.0218635878191 0.010755262037 0.0137764530711 0.0432089181551 0.0201885243341 0.023865427647 0.00861233750443 0.0212314956473 0.000363875606172 0.0240656924777 0.0215080262263 0.0064360249322 -0.0148465995381 -0.00837556953449 -0.00710836689912 -0.00710081647587 0.283117964044 0.0174645499278 
0.0130076934379 0.00425727419053 0.0274171309445 0.0275600228662 0.032827752331 0.00446375870312 0.00393495206655 -0.00347551938376 0.0154809909378 0.0220692175013 0.0234920385553 0.00923268590559 0.00465943500996 0.0119671750773 0.0213071955675 0.00199488020169 0.0175151655946 0.0221382418294 0.0174645499278 0.212490731197 
0.0265863936223 0.00323395071516 0.00625368435896 0.00113336628467 0.00109470928917 0.000237474543605 0.000362386119577 0.00569007061868 0.00592260544057 0.000672638718817 0.00330235150456 0.00276925231531 -0.00113416501153 0.0041527609186 -0.000592488931361 -0.0013593275514 0.000386338973025 -0.000102322746697 0.00319520864433 0.00112649929619 
0.00323395071516 0.0401779289068 0.000176967886622 0.00404166634422 0.00354269719154 -0.000881655346489 -0.000111001672048 0.00313311418624 0.00027060363184 -0.00116015254639 0.00134906453365 0.000966080857115 0.00213262325683 0.00236540151937 0.00180093791472 0.00256919036832 0.00114448559103 0.0026070717961 9.14361831473e-05 0.000368690759988 
0.00625368435896 0.000176967886622 0.0295320441088 0.003461322957 0.002494427773 0.00137321745533 0.00331007903452 0.00172603803399 0.00183072777548 0.00218228135081 0.00107278900452 0.00237170114746 -0.0003158531411 0.00100972750084 0.00285977698934 -0.000860578081835 0.00107069972221 0.00290423358443 0.00189344224692 0.00237439318968 
0.00113336628467 0.00404166634422 0.003461322957 0.0192419735116 0.000130857302846 0.00220932026517 0.000511959634286 -0.000161324423845 -0.000375870932691 0.00041401745034 0.00111020546143 0.00210938854327 0.000585717883631 0.00108510797638 0.00349007531402 0.00237205652703 0.00352560018532 0.00535862972149 0.000931433014838 0.0023867679931 
0.00109470928917 0.00354269719154 0.002494427773 0.000130857302846 0.0188817916556 0.000680862118383 0.000605734398435 0.00194400677313 0.000925265901475 0.000652350893529 0.000669772977119 0.000690685729557 0.00058061313124 0.000246804842018 0.00218042985707 -0.0013379377717 0.00169650982419 0.00151444480631 0.00119307583336 0.00284296674678 
0.000237474543605 -0.000881655346489 0.00137321745533 0.00220932026517 0.000680862118383 0.0314634901758 -0.000453439145053 0.00404601616748 5.6804902692e-06 0.000130474457662 -0.00224976638632 0.00199788516922 -0.000424996565252 0.00183799526953 0.00318709410021 0.00133271647117 0.00205377988967 0.000614469751597 0.00374200207924 0.000386572843326 
0.000362386119577 -0.000111001672048 0.00331007903452 0.000511959634286 0.000605734398435 -0.000453439145052 0.0279514336223 -0.000146085936836 -0.00104148608112 0.00260858348129 -0.00045492182 0.00382539560617 -7.22097464294e-05 -0.00244392606577 -0.0011495871061 6.61148442455e-05 0.000689034537717 0.000971465869034 0.00174837749382 0.00034077684523 
0.00569007061868 0.00313311418624 0.00172603803399 -0.000161324423845 0.00194400677313 0.00404601616748 -0.000146085936836 0.0619971711578 0.00291039900905 -0.00118870927763 0.00203319104197 0.00365934655612 0.00297241811694 0.00166628946695 0.00197305956085 0.00420156289811 0.00373693426664 0.000967271574827 0.00206680666145 -0.000300988807768 
0.00592260544057 0.00027060363184 0.00183072777548 -0.000375870932691 0.000925265901475 5.6804902692e-06 -0.00104148608112 0.00291039900905 0.0520780146687 0.00106405681555 -0.00052980536768 0.00261720408987 0.000816203379188 0.00233559876361 -0.000791933238696 -0.00436564353465 0.00148286570873 -0.000849922676769 0.00074585030648 0.00134069314279 
0.000672638718817 -0.00116015254639 0.00218228135081 0.00041401745034 0.000652350893529 0.000130474457662 0.00260858348129 -0.00118870927763 0.00106405681555 0.0124530227138 0.000336856628818 0.00164137315388 0.000822408075019 0.00150504714149 5.01542381966e-05 5.22856756916e-05 0.000987107088895 0.00171027935184 0.00183870145909 0.00191125029978 
0.00330235150456 0.00134906453365 0.00107278900452 0.00111020546143 0.000669772977119 -0.00224976638632 -0.00045492182 0.00203319104197 -0.00052980536768 0.000336856628818 0.0423141067392 -0.00123257915939 0.0044501133513 0.0016492827591 0.00203665282815 0.00165167255812 -0.000519758635694 0.000947966794218 3.15125518763e-05 0.00203447021755 
0.00276925231531 0.000966080857115 0.00237170114746 0.00210938854327 0.000690685729557 0.00199788516922 0.00382539560617 0.00365934655612 0.00261720408987 0.00164137315388 -0.00123257915939 0.0216829769055 0.00320500468795 0.00172759989239 -0.00213758695245 -1.69877027607e-05 0.0004086948799 0.000856476740345 0.00208415010453 0.00079957405394 
-0.00113416501153 0.00213262325683 -0.0003158531411 0.000585717883631 0.00058061313124 -0.000424996565252 -7.22097464294e-05 0.00297241811694 0.000816203379188 0.000822408075019 0.0044501133513 0.00320500468795 0.0347916168598 0.00132009574921 5.20850845037e-05 0.000515378200212 0.0012331899121 -0.00105500153474 0.00186264970972 0.000403518908591 
0.0041527609186 0.00236540151937 0.00100972750084 0.00108510797638 0.000246804842018 0.00183799526953 -0.00244392606577 0.00166628946695 0.00233559876361 0.00150504714149 0.0016492827591 0.00172759989239 0.00132009574921 0.0194859525338 0.00178178181692 0.00178305616512 0.00223509258258 -0.000562573903605 0.000557376109067 0.00103638776285 
-0.000592488931361 0.00180093791472 0.00285977698934 0.00349007531402 0.00218042985707 0.00318709410021 -0.0011495871061 0.00197305956085 -0.000791933238696 5.01542381966e-05 0.00203665282815 -0.00213758695245 5.20850845037e-05 0.00178178181692 0.0309402133646 0.0130071281434 0.00961750045863 0.005461138631 -0.00128575323598 0.00184525726448 
-0.0013593275514 0.00256919036832 -0.000860578081835 0.00237205652703 -0.0013379377717 0.00133271647117 6.61148442455e-05 0.00420156289811 -0.00436564353465 5.22856756916e-05 0.00165167255812 -1.69877027607e-05 0.000515378200212 0.00178305616512 0.0130071281434 0.0321042929642 0.00848599740983 0.0036908930441 -0.000725345598803 0.000172761693217 
0.000386338973025 0.00114448559103 0.00107069972221 0.00352560018532 0.00169650982419 0.00205377988967 0.000689034537717 0.00373693426664 0.00148286570873 0.000987107088895 -0.000519758635694 0.0004086948799 0.0012331899121 0.00223509258258 0.00961750045863 0.00848599740983 0.020631719403 0.00557078468783 -0.000615602631406 0.00151685783564 
-0.000102322746697 0.0026070717961 0.00290423358443 0.00535862972149 0.00151444480631 0.000614469751597 0.000971465869034 0.000967271574827 -0.000849922676769 0.00171027935184 0.000947966794218 0.000856476740345 -0.00105500153474 -0.000562573903605 0.005461138631 0.0036908930441 0.00557078468783 0.0178544672254 -0.000614948745572 0.00191722798193 
0.00319520864433 9.14361831473e-05 0.00189344224692 0.000931433014838 0.00119307583336 0.00374200207924 0.00174837749382 0.00206680666145 0.00074585030648 0.00183870145909 3.15125518763e-05 0.00208415010453 0.00186264970972 0.000557376109067 -0.00128575323598 -0.000725345598803 -0.000615602631406 -0.000614948745572 0.024518734913 0.00151247439032 
0.00112649929619 0.000368690759988 0.00237439318968 0.0023867679931 0.00284296674678 0.000386572843326 0.00034077684523 -0.000300988807768 0.00134069314279 0.00191125029978 0.00203447021755 0.00079957405394 0.000403518908591 0.00103638776285 0.00184525726448 0.000172761693217 0.00151685783564 0.00191722798193 0.00151247439032 0.0184022371286 

['TGT', 'Q', 'AET', 'NI', 'BCR', 'SVU', 'EFX', 'AAPL', 'SBUX', 'K', 'CTXS', 'ALL', 'SLR', 'FISV', 'APC', 'MUR', 'XOM', 'D', 'FITB', 'BAX']