30
0.0751688044393 0.399937027552 0.0905831054983 0.0905877796438 0.0347685991573 0.101670797752 0.0658076634161 0.332832739506 0.0900156737744 0.0916609470377 0.151477321577 0.00792878112812 -0.0108233812146 0.0331605059077 0.201887649263 0.0166595463284 0.0300827450696 0.0429486266904 0.0100273700484 0.121962687623 0.148588071013 0.0801839086902 0.134360436546 0.0965978414643 0.0463620133958 0.107494880462 0.142595623168 0.0328562524986 0.0316717201181 0.0449819155318 
0.340368491436 0.0372173028239 0.0319437994511 0.012052580931 -0.0112281510091 0.00762602937642 0.0197618494277 0.0142324208014 0.0266690166128 0.00272173155538 0.00720905685843 0.038106003533 0.00634564819025 0.00656898075646 -0.0279982947413 0.0132027647433 0.0134324627257 0.0307504987871 0.0329003550787 5.56649732386e-05 0.0318413667786 0.00930373132894 -0.000805233747589 0.0214625815971 0.0555024440772 0.0249660837144 0.0143657737539 0.040291494528 0.0225277326823 0.0604250899289 
0.0372173028239 1.31529793187 0.0413333118831 0.0393612832897 0.019283013963 0.0309345962963 0.0135721701204 0.0300821175871 -0.0230481742707 0.0230579953135 0.0871279783155 0.0131241342857 0.011162077402 -0.000521864667517 0.0645512853182 0.0119461932765 -0.0114743899571 0.0120522660856 0.0232572191914 0.0458978561573 0.0248627645816 0.0684035931278 0.0141245708328 0.032954623943 0.00553276869767 0.0282803326334 0.12358876684 0.048052683839 -0.0443640578622 0.0261645136395 
0.0319437994511 0.0413333118831 0.31445794321 -0.00110181049375 0.0153112169687 0.0238992313427 0.0189354291886 0.0282096983487 0.0260909951307 -0.00652440464839 0.0428891727345 -0.00266359029323 0.020825333711 0.0209596474279 0.0107364582587 0.0424757887378 0.00953370119881 0.00380051440325 0.0194838079692 0.0508008138547 0.000821860064279 0.00955594774694 -0.0179930755983 0.0482585433878 0.0237328114563 0.0224139338648 0.0100210369106 0.000539041360385 -0.000917687752288 0.0105834952103 
0.012052580931 0.0393612832897 -0.00110181049375 0.431593969994 0.0187203465818 -0.00641445471874 0.0271824025324 -0.0244223531963 0.0207034716854 -0.00380409941703 0.00530934845917 0.00834189851007 0.0298807727374 0.0139849684595 0.0400181372367 0.0168426636681 0.025459083007 0.0287754183154 0.0123460974154 0.0184978455611 0.0892465335185 -0.00639270385593 0.0183285855113 0.0213189959626 0.0651904879467 0.0552455763449 0.0691735604698 0.0385400321938 0.0136761972211 0.0150064728923 
-0.0112281510091 0.019283013963 0.0153112169687 0.0187203465818 0.240057320955 0.0157902642791 0.00827060676017 0.00456014642006 0.00831609766456 0.001159795888 0.062101491436 0.0231675665882 0.0450784874529 0.00996089839762 -0.00335204150105 0.0448796533062 0.00758531175972 0.000604696816539 -0.00083596075294 0.11579738487 -0.00866444781858 -0.0173472769115 0.0578432534612 -0.00966795170269 0.00213056961594 0.045242535789 0.0176993102997 0.0277853994407 0.0276291218331 0.0165275172957 
0.00762602937642 0.0309345962963 0.0238992313427 -0.00641445471874 0.0157902642791 0.303964610117 -0.0128433012216 -0.00355822369285 0.0255311752029 0.00197790491695 0.0248485573446 -0.0146989791895 0.00810782971895 0.00177871752373 0.0105907918678 0.0175976195577 0.0235953211156 0.00237994691948 0.00586226629729 0.00270171503621 0.0222596991612 -0.0103605089363 -0.016605322326 0.00361175259662 0.00180751150852 0.0402722870088 0.0110565533692 0.0137830613622 -0.00734675154126 0.00395400152522 
0.0197618494277 0.0135721701204 0.0189354291886 0.0271824025324 0.00827060676017 -0.0128433012216 0.255141933635 -0.0114969423536 0.010500118278 0.00191302700896 0.0167013325615 0.00367926565266 -0.000352807263828 0.0116614830869 0.00625980335926 0.0148261163464 0.00392351298111 0.048723568654 0.0184004189638 0.00417332892704 0.0454176230463 0.00633378196403 -0.0105262323741 0.0060828412965 0.00489649723148 0.00656295565425 -0.0158478613104 0.0016539416517 -0.0108485707423 0.0174710609472 
0.0142324208014 0.0300821175871 0.0282096983487 -0.0244223531963 0.00456014642006 -0.00355822369285 -0.0114969423536 0.523150049026 0.0256281180838 0.0144102205886 0.0131474315422 -0.0105555462792 0.013184577042 0.0307741904354 -0.00670692096999 0.00751050785075 -0.0131771644465 0.0185423034397 0.00739016705505 -0.00854524376101 0.0326128152829 0.0480985415882 0.0451696787195 0.0312143092737 0.00788596381704 0.0708476133161 0.0446126550316 0.0189433293905 0.0345144181409 0.00911121618271 
0.0266690166128 -0.0230481742707 0.0260909951307 0.0207034716854 0.00831609766456 0.0255311752029 0.010500118278 0.0256281180838 0.242610024214 0.00863710727128 0.029801105776 0.0167672010242 0.00130894856929 0.0123246408788 0.00507782640472 0.0236093469083 0.00440031999763 0.0191724283959 -5.86242089414e-05 0.00464845136812 0.0203398145268 0.00595622667024 0.0165900138205 0.0166097717905 0.0466026891981 0.0196956718856 0.0243643034092 -0.00563541805059 -0.0066016449417 0.0195503037981 
0.00272173155538 0.0230579953135 -0.00652440464839 -0.00380409941703 0.001159795888 0.00197790491695 0.00191302700896 0.0144102205886 0.00863710727128 0.438747037622 0.0324955432074 0.00651497269957 0.000248368769295 -0.0108546200777 0.0146945355511 -0.00437596149136 -0.013270711586 0.016997882214 0.000690859944594 0.0410938458752 0.011726994515 0.00658761214198 -0.0110183200538 0.00326880242062 0.00456502921942 0.0470890760657 0.0289569499942 0.0215650329045 0.00579590351758 0.00645268264605 
0.00720905685843 0.0871279783155 0.0428891727345 0.00530934845917 0.062101491436 0.0248485573446 0.0167013325615 0.0131474315422 0.029801105776 0.0324955432074 0.538885652925 0.0120212480069 0.0156817790846 0.0400612240307 -0.0253025345466 -0.00410975458992 0.0210586531624 0.0190156257559 0.0253416352133 0.0579626184731 0.0109081819184 -0.00106995778055 0.0700289345608 0.0229992246938 0.00452896461175 0.160803315141 0.0727962095426 0.030502666065 0.014512583388 0.00990441491399 
0.038106003533 0.0131241342857 -0.00266359029323 0.00834189851007 0.0231675665882 -0.0146989791895 0.00367926565266 -0.0105555462792 0.0167672010242 0.00651497269957 0.0120212480069 0.234190854995 0.00559956210572 0.010552400916 0.00401271208141 0.0083917006791 0.00712050765768 0.0261875651638 0.000309819717224 0.0213035228738 -0.005883070816 -0.0109647128964 0.0273718290694 0.028439351369 0.0419281456947 -0.0166655936688 0.0364009805557 0.0257430518132 0.0164074881291 0.0453295380635 
0.00634564819025 0.011162077402 0.020825333711 0.0298807727374 0.0450784874529 0.00810782971896 -0.000352807263828 0.013184577042 0.00130894856929 0.000248368769295 0.0156817790846 0.00559956210572 0.208241410021 0.0412585187269 0.0501669460919 0.0351044885952 -0.00262891685115 0.00319697334221 0.0274690945892 0.0625523322836 0.0180599375385 0.00934178751208 0.0440564803159 -0.00366544500134 -0.00140999242686 0.0165238693173 0.0366822676462 0.0270960982043 0.0188123731418 0.033523817459 
0.00656898075646 -0.000521864667517 0.0209596474279 0.0139849684595 0.00996089839762 0.00177871752373 0.0116614830869 0.0307741904354 0.0123246408788 -0.0108546200777 0.0400612240307 0.010552400916 0.0412585187269 0.15241233758 -0.0199714715122 0.0236323478272 0.00234008802976 0.00793760175698 0.0147632438541 0.0414857185311 0.0159092907129 0.00947025487576 0.0355499199878 0.0215132988314 0.0106818165501 0.0307710501826 -0.000493483293154 0.00284487815362 0.0107383018037 0.0210414883934 
-0.0279982947413 0.0645512853182 0.0107364582587 0.0400181372367 -0.00335204150105 0.0105907918678 0.00625980335926 -0.00670692096999 0.00507782640472 0.0146945355511 -0.0253025345466 0.00401271208141 0.0501669460919 -0.0199714715122 0.778016281539 -0.00752422220773 0.00100417908051 -0.00406705731854 -6.2491638237e-05 0.00707926975476 0.00821764305206 0.0281704984485 -0.0142394350858 0.0121155819407 0.00706891827668 0.0214193900282 0.0983984643922 0.0168784121438 0.0150121123712 0.0119072592666 
0.0132027647433 0.0119461932765 0.0424757887378 0.0168426636681 0.0448796533062 0.0175976195577 0.0148261163464 0.00751050785075 0.0236093469083 -0.00437596149136 -0.00410975458991 0.0083917006791 0.0351044885952 0.0236323478272 -0.00752422220773 0.207731531771 0.0154394171969 0.014994907472 0.0266978764086 0.0431504341937 0.0350707744026 0.0430731348019 0.0147856038329 0.0163755550056 0.0217337727347 0.0357158932918 0.0364361461248 0.015336671897 0.0160875180416 0.0108895359199 
0.0134324627257 -0.0114743899571 0.00953370119881 0.025459083007 0.00758531175972 0.0235953211156 0.00392351298111 -0.0131771644465 0.00440031999763 -0.013270711586 0.0210586531624 0.00712050765768 -0.00262891685115 0.00234008802976 0.00100417908051 0.0154394171969 0.152379317482 0.0161917213946 0.0124370776679 0.0010586085129 0.00922992732638 0.0112342908788 -0.00191842360946 0.0201902510862 0.0268566906216 0.0467961319018 0.0111575673083 0.00575468306971 0.00701538244964 0.0190748312821 
0.0307504987871 0.0120522660856 0.00380051440325 0.0287754183154 0.000604696816539 0.00237994691948 0.048723568654 0.0185423034397 0.0191724283959 0.016997882214 0.0190156257559 0.0261875651638 0.00319697334221 0.00793760175698 -0.00406705731854 0.014994907472 0.0161917213946 0.209339450104 0.00920535706657 0.0137926559003 0.0233813191313 -0.0144043110107 0.0107780630697 0.0155138150956 0.0119471208656 0.00822845919906 0.0230091268987 0.0282654851539 -0.00498100092861 0.0168090968466 
0.0329003550787 0.0232572191914 0.0194838079692 0.0123460974154 -0.00083596075294 0.00586226629728 0.0184004189638 0.00739016705505 -5.86242089419e-05 0.000690859944594 0.0253416352133 0.000309819717223 0.0274690945892 0.0147632438541 -6.24916382367e-05 0.0266978764086 0.0124370776679 0.00920535706657 0.174571395611 0.00146208494561 0.00811330653774 0.0844135234581 0.00640400095657 0.0110943861767 0.0333201983086 0.0230884736571 0.0217109415622 0.00257329535626 0.0118485845549 0.0193344651346 
5.56649732384e-05 0.0458978561573 0.0508008138547 0.0184978455611 0.11579738487 0.00270171503621 0.00417332892704 -0.00854524376101 0.00464845136812 0.0410938458752 0.0579626184731 0.0213035228738 0.0625523322836 0.0414857185311 0.00707926975476 0.0431504341937 0.0010586085129 0.0137926559003 0.00146208494561 0.427560673294 0.0105973448214 0.0112129760408 0.0734298192095 -0.0132995253812 0.0387597186757 0.0414449315711 -0.00852874628263 0.0336340557396 0.0291011303169 0.0171572465956 
0.0318413667786 0.0248627645816 0.000821860064279 0.0892465335185 -0.00866444781858 0.0222596991612 0.0454176230463 0.0326128152829 0.0203398145268 0.011726994515 0.0109081819184 -0.005883070816 0.0180599375385 0.0159092907129 0.00821764305206 0.0350707744026 0.00922992732638 0.0233813191313 0.00811330653774 0.0105973448214 0.476510651638 0.0465580186919 -0.00807410783328 0.019770096496 0.0326904837897 0.00610630149842 0.0288952456303 0.00537702878881 0.0179115129843 0.0406964017833 
0.00930373132894 0.0684035931278 0.00955594774694 -0.00639270385593 -0.0173472769115 -0.0103605089363 0.00633378196403 0.0480985415882 0.00595622667024 0.00658761214198 -0.00106995778055 -0.0109647128964 0.00934178751208 0.00947025487576 0.0281704984485 0.0430731348019 0.0112342908788 -0.0144043110107 0.0844135234581 0.0112129760408 0.0465580186919 0.563584933099 -0.00787532499909 0.0233819991594 0.0268157732785 0.0559210866986 0.0377799577431 -0.0124236233357 -0.00870042596235 0.0223888864525 
-0.000805233747589 0.0141245708328 -0.0179930755983 0.0183285855113 0.0578432534612 -0.016605322326 -0.0105262323741 0.0451696787195 0.0165900138205 -0.0110183200538 0.0700289345608 0.0273718290694 0.0440564803159 0.0355499199878 -0.0142394350858 0.0147856038329 -0.00191842360946 0.0107780630697 0.00640400095657 0.0734298192095 -0.00807410783328 -0.00787532499909 0.553869181812 0.0472889808379 0.00809900375536 0.0285543978551 0.0531688889183 0.0104540948272 0.0291498233724 0.0224490769701 
0.0214625815971 0.032954623943 0.0482585433878 0.0213189959626 -0.00966795170269 0.00361175259662 0.0060828412965 0.0312143092737 0.0166097717905 0.00326880242062 0.0229992246938 0.028439351369 -0.00366544500134 0.0215132988314 0.0121155819407 0.0163755550056 0.0201902510862 0.0155138150956 0.0110943861767 -0.0132995253812 0.019770096496 0.0233819991594 0.0472889808379 0.445862026707 0.0471597992241 0.0313704880537 0.0417309281247 0.0190187317231 0.0218695167502 0.0300412744023 
0.0555024440772 0.00553276869767 0.0237328114563 0.0651904879467 0.00213056961594 0.00180751150852 0.00489649723148 0.00788596381704 0.0466026891981 0.00456502921942 0.00452896461175 0.0419281456947 -0.00140999242686 0.0106818165501 0.00706891827668 0.0217337727347 0.0268566906216 0.0119471208656 0.0333201983086 0.0387597186757 0.0326904837897 0.0268157732785 0.00809900375536 0.0471597992241 0.389016597389 0.00512997783895 -0.000794040848603 0.0227742273872 0.00555579763222 -0.0133053117425 
0.0249660837144 0.0282803326334 0.0224139338648 0.0552455763449 0.045242535789 0.0402722870088 0.00656295565425 0.0708476133161 0.0196956718856 0.0470890760657 0.160803315141 -0.0166655936688 0.0165238693173 0.0307710501826 0.0214193900282 0.0357158932918 0.0467961319018 0.00822845919906 0.0230884736571 0.0414449315711 0.00610630149842 0.0559210866986 0.0285543978551 0.0313704880537 0.00512997783895 0.446848708597 0.027332354102 0.013360848657 0.0294490167837 0.0406885373516 
0.0143657737539 0.12358876684 0.0100210369106 0.0691735604698 0.0176993102997 0.0110565533692 -0.0158478613104 0.0446126550316 0.0243643034092 0.0289569499942 0.0727962095426 0.0364009805557 0.0366822676462 -0.000493483293154 0.0983984643922 0.0364361461248 0.0111575673083 0.0230091268987 0.0217109415622 -0.00852874628263 0.0288952456303 0.0377799577431 0.0531688889183 0.0417309281247 -0.000794040848603 0.027332354102 0.431695399576 0.02975888318 0.0207110034318 0.0311764522524 
0.040291494528 0.048052683839 0.000539041360384 0.0385400321938 0.0277853994407 0.0137830613622 0.0016539416517 0.0189433293905 -0.00563541805059 0.0215650329045 0.030502666065 0.0257430518132 0.0270960982043 0.00284487815362 0.0168784121438 0.015336671897 0.00575468306971 0.0282654851539 0.00257329535626 0.0336340557396 0.00537702878881 -0.0124236233357 0.0104540948272 0.0190187317231 0.0227742273872 0.013360848657 0.02975888318 0.327110843646 0.0310598300571 0.00348012330422 
0.0225277326823 -0.0443640578622 -0.000917687752288 0.0136761972211 0.0276291218331 -0.00734675154126 -0.0108485707423 0.0345144181409 -0.0066016449417 0.00579590351758 0.014512583388 0.0164074881291 0.0188123731418 0.0107383018037 0.0150121123712 0.0160875180415 0.00701538244964 -0.00498100092861 0.0118485845549 0.0291011303169 0.0179115129843 -0.00870042596235 0.0291498233724 0.0218695167502 0.00555579763222 0.0294490167837 0.0207110034318 0.0310598300571 0.285882344139 0.0196573275111 
0.0604250899289 0.0261645136395 0.0105834952103 0.0150064728923 0.0165275172957 0.00395400152522 0.0174710609472 0.00911121618271 0.0195503037981 0.00645268264605 0.00990441491399 0.0453295380635 0.033523817459 0.0210414883934 0.0119072592666 0.0108895359199 0.0190748312821 0.0168090968466 0.0193344651346 0.0171572465956 0.0406964017833 0.0223888864525 0.0224490769701 0.0300412744023 -0.0133053117425 0.0406885373516 0.0311764522524 0.00348012330422 0.0196573275111 0.224515393176 
0.0294767760232 0.00322311297059 0.00276641418181 0.00104378412674 -0.000972386401143 0.000660433516999 0.00171142636301 0.00123256379714 0.00230960458806 0.000235708866924 0.000624322637673 0.00330007670963 0.000549549253624 0.000568890421206 -0.00242472345086 0.00114339296679 0.00116328539558 0.00266307131287 0.00284925432917 4.82072809256e-06 0.00275754325215 0.000805726768084 -6.97352881397e-05 0.00185871408939 0.0048066526543 0.00216212627297 0.00124411250159 0.00348934578177 0.00195095887925 0.00523296629044 
0.00322311297059 0.113908142254 0.00357956981133 0.00340878712544 0.00166995799535 0.00267901462484 0.00117538441088 0.00260518780301 -0.00199603044292 0.00199688097019 0.00754550426016 0.00113658336941 0.000966664258916 -4.51948059407e-05 0.00559030529325 0.00103457068559 -0.000993711319578 0.00104375686033 0.00201413426411 0.00397487094114 0.0021531785736 0.00592392493588 0.00122322371587 0.00285395415068 0.000479151824544 0.0024491486488 0.0107031011706 0.00416148449246 -0.00384204011237 0.00226591334895 
0.00276641418181 0.00357956981133 0.0272328567242 -9.54195877745e-05 0.00132599028578 0.00206973414737 0.00163985627089 0.0024430315403 0.00225954645932 -0.000565030017007 0.00371431131354 -0.000230673685921 0.0018035268036 0.00181515871269 0.000929804559867 0.00367851120927 0.000825642743026 0.000329134202066 0.00168734726638 0.00439947953311 7.11751694022e-05 0.000827569350609 -0.00155824605603 0.00417931245235 0.00205532176244 0.00194110361257 0.000867847253681 4.66823511784e-05 -7.94740906223e-05 0.000916557571293 
0.00104378412674 0.00340878712544 -9.54195877746e-05 0.0373771342135 0.00162122957075 -0.000555508073785 0.0023540651129 -0.00211503782882 0.00179297324261 -0.000329444673367 0.000459803064319 0.000722429602551 0.00258775082753 0.0012111337957 0.00346567234591 0.0014586174604 0.00220482126411 0.00249202432657 0.00106920339993 0.00160196041712 0.00772897652267 -0.000553624393811 0.00158730206683 0.00184627920868 0.0056456618647 0.00478440725614 0.00599060606371 0.00333766469425 0.00118439342206 0.0012995986746 
-0.000972386401143 0.00166995799535 0.00132599028578 0.00162122957075 0.0207895738311 0.00136747699982 0.000716255555902 0.000394920264475 0.000720195183786 0.000100441270221 0.00537814691965 0.00200637012093 0.00390391152984 0.000862639105685 -0.000290295309445 0.00388669198762 0.000656907267954 5.2368280471e-05 -7.23963248613e-05 0.0100283476989 -0.000750363192065 -0.00150231824919 0.00500937269349 -0.000837269177709 0.000184512741194 0.00391811853249 0.0015328052349 0.00240628617699 0.00239275213917 0.00143132498396 
0.000660433516999 0.00267901462484 0.00206973414737 -0.000555508073785 0.00136747699982 0.0263241074213 -0.00111226251264 -0.000308151211035 0.00221106463142 0.000171291590434 0.00215194819078 -0.00127296893878 0.000702158650617 0.000154041456171 0.000917189480371 0.00152399855831 0.00204341474965 0.000206109449193 0.00050768715372 0.000233975385515 0.00192774649542 -0.000897246393493 -0.00143806309724 0.000312786950085 0.000156535088401 0.00348768236182 0.000957525609606 0.00119364812816 -0.000636247347003 0.000342426576744 
0.00171142636301 0.00117538441088 0.00163985627089 0.0023540651129 0.000716255555902 -0.00111226251264 0.0220959396098 -0.000995664414409 0.00090933691715 0.000165672998789 0.00144637782753 0.000318633752247 -3.05540053115e-05 0.00100991405991 0.000542114873182 0.00128397933954 0.000339786191372 0.00421958482174 0.00159352302629 0.000361420886917 0.00393328153376 0.000548521608288 -0.000911598464208 0.000526789508996 0.000424049099202 0.000568368632049 -0.00137246504904 0.000143235548675 -0.000939513785758 0.00151303826114 
0.00123256379714 0.00260518780301 0.0024430315403 -0.00211503782882 0.000394920264475 -0.000308151211035 -0.000995664414409 0.0453061232447 0.00221946013118 0.00124796171039 0.00113860097101 -0.000914137122858 0.00114181786565 0.0026651230698 -0.000580836394118 0.000650429059407 -0.00114117591605 0.00160581058235 0.000640007240788 -0.000740039817857 0.00282435265239 0.00416545589003 0.00391180892519 0.00270323847926 0.000682944499888 0.00613558329293 0.00386356925876 0.00164054044845 0.00298903629068 0.00078905446736 
0.00230960458806 -0.00199603044292 0.00225954645932 0.00179297324261 0.000720195183786 0.00221106463142 0.00090933691715 0.00221946013118 0.0210106444182 0.000747995431214 0.00258085146629 0.00145208220373 0.000113358271325 0.00106734520936 0.000439752666249 0.00204462941893 0.000381078890273 0.00166038100431 -5.077005422e-06 0.000402567697305 0.00176147960884 0.000515824360713 0.00143673734177 0.00143844843216 0.00403591127302 0.00170569521976 0.00211001056979 -0.000488041519276 -0.000571719222628 0.00169310597408 
0.000235708866924 0.00199688097019 -0.000565030017007 -0.000329444673367 0.000100441270221 0.000171291590435 0.000165672998789 0.00124796171039 0.000747995431214 0.0379966080416 0.00281419659274 0.000564213186279 2.15093663716e-05 -0.000940037673573 0.00127258410841 -0.00037896938175 -0.00114927733598 0.00147205978078 5.98302262476e-05 0.00355883144671 0.001015587516 0.000570503946523 -0.000954214507365 0.000283086593621 0.000395343127304 0.00407803361137 0.00250774543111 0.00186758663288 0.00050193996841 0.000558818709404 
0.000624322637673 0.00754550426016 0.00371431131354 0.000459803064319 0.00537814691965 0.00215194819078 0.00144637782753 0.00113860097101 0.00258085146629 0.00281419659274 0.0466688665168 0.00104107061592 0.00135808190638 0.00346940377173 -0.00219126376975 -0.000355915187819 0.00182373286081 0.00164680149734 0.00219464998682 0.00501971000676 0.000944676265042 -9.26610618936e-05 0.00606468363296 0.00199179128521 0.000392219840661 0.0139259755925 0.00630433667631 0.00264160836954 0.00125682658886 0.000857747492514 
0.00330007670963 0.00113658336941 -0.000230673685921 0.000722429602551 0.00200637012093 -0.00127296893878 0.000318633752247 -0.000914137122858 0.00145208220373 0.000564213186279 0.00104107061592 0.0202815229759 0.000484936303363 0.000913864726417 0.000347511060057 0.000726742596905 0.000616654051939 0.00226790966951 2.68311745709e-05 0.00184493919988 -0.000509488877892 -0.000949571991346 0.00237046993222 0.00246292007527 0.00363108393051 -0.00144328274863 0.00315241738839 0.00222941368412 0.00142093015321 0.00392565315048 
0.000549549253624 0.000966664258916 0.0018035268036 0.00258775082753 0.00390391152984 0.000702158650617 -3.05540053115e-05 0.00114181786565 0.000113358271325 2.15093663716e-05 0.00135808190638 0.000484936303363 0.0180342351198 0.003573092534 0.00434458497459 0.00304013789103 -0.000227670877753 0.000276866012957 0.00237889337332 0.00541719088235 0.00156403646991 0.000809022530222 0.00381540311549 -0.000317436848733 -0.00012210892608 0.00143100905976 0.00317677756501 0.00234659093883 0.00162919930462 0.00290324775513 
0.000568890421206 -4.51948059407e-05 0.00181515871269 0.0012111337957 0.000862639105685 0.000154041456171 0.00100991405991 0.0026651230698 0.00106734520936 -0.000940037673573 0.00346940377173 0.000913864726417 0.003573092534 0.0131992956194 -0.00172958016805 0.00204662135694 0.000202657568086 0.000687416476667 0.00127853442199 0.00359276861422 0.00137778499135 0.000820148130272 0.0030787133812 0.00186310633072 0.000925072449092 0.00266485111593 -4.27369068215e-05 0.000246373675171 0.000929964215551 0.00182224634822 
-0.00242472345086 0.00559030529325 0.000929804559867 0.00346567234591 -0.000290295309445 0.000917189480371 0.000542114873182 -0.000580836394118 0.000439752666249 0.00127258410841 -0.00219126376975 0.000347511060057 0.00434458497459 -0.00172958016805 0.067378186437 -0.000651616757561 8.69644593672e-05 -0.00035221749565 -5.41193462374e-06 0.000613082744786 0.000711668764232 0.00243963672937 -0.00123317125199 0.00104924017423 0.000612186280488 0.0018549735898 0.0085215569857 0.00146171336921 0.0013000870678 0.00103119890144 
0.00114339296679 0.00103457068559 0.00367851120927 0.0014586174604 0.00388669198762 0.00152399855831 0.00128397933954 0.000650429059407 0.00204462941893 -0.00037896938175 -0.000355915187819 0.000726742596905 0.00304013789103 0.00204662135694 -0.000651616757561 0.0179900783681 0.00133709275122 0.00129859707981 0.00231210391969 0.00373693721961 0.00303721815631 0.00373024289591 0.00128047085296 0.00141816466359 0.00188219993083 0.00309308709096 0.003155462816 0.00132819474724 0.00139321993078 0.00094306147421 
0.00116328539558 -0.000993711319578 0.000825642743026 0.00220482126411 0.000656907267954 0.00204341474965 0.000339786191372 -0.00114117591605 0.000381078890273 -0.00114927733598 0.00182373286081 0.000616654051939 -0.000227670877753 0.000202657568086 8.69644593672e-05 0.00133709275122 0.0131964359951 0.00140224420587 0.00107708252093 9.16781864836e-05 0.000799335153973 0.000972918129458 -0.000166140358101 0.00174852703494 0.00232585763399 0.00405266390258 0.000966273673346 0.00049837017291 0.000607549941865 0.00165192884632 
0.00266307131287 0.00104375686033 0.000329134202066 0.00249202432657 5.23682804711e-05 0.000206109449193 0.00421958482174 0.00160581058235 0.00166038100431 0.00147205978078 0.00164680149734 0.00226790966951 0.000276866012957 0.000687416476667 -0.00035221749565 0.00129859707981 0.00140224420587 0.0181293281804 0.000797207307056 0.00119447903953 0.00202488163417 -0.00124744992593 0.000933407642198 0.00134353579824 0.00103465101717 0.000712605470039 0.00199264884132 0.00244786281935 -0.000431367334045 0.00145571048838 
0.00284925432917 0.00201413426411 0.00168734726638 0.00106920339993 -7.23963248613e-05 0.00050768715372 0.00159352302629 0.000640007240788 -5.07700542204e-06 5.98302262476e-05 0.00219464998682 2.68311745709e-05 0.00237889337332 0.00127853442199 -5.41193462371e-06 0.00231210391969 0.00107708252093 0.000797207307056 0.0151183263373 0.000126620270539 0.000702632957037 0.00731042557377 0.000554602751425 0.000960802026839 0.00288561381944 0.00199952047217 0.00188022269329 0.000222853914996 0.00102611752234 0.00167441379752 
4.82072809255e-06 0.00397487094114 0.00439947953311 0.00160196041712 0.0100283476989 0.000233975385515 0.000361420886917 -0.000740039817857 0.000402567697305 0.00355883144671 0.00501971000676 0.00184493919988 0.00541719088235 0.00359276861422 0.000613082744786 0.00373693721961 9.16781864836e-05 0.00119447903953 0.000126620270539 0.0370278404731 0.000917756982799 0.000971072210337 0.00635920888307 -0.00115177268384 0.00335669010167 0.00358923635986 -0.000738611094319 0.00291279467028 0.00252023181332 0.00148586114108 
0.00275754325215 0.0021531785736 7.11751694022e-05 0.00772897652267 -0.000750363192065 0.00192774649542 0.00393328153376 0.00282435265239 0.00176147960884 0.001015587516 0.000944676265042 -0.000509488877892 0.00156403646991 0.00137778499135 0.000711668764232 0.00303721815631 0.000799335153973 0.00202488163417 0.000702632957037 0.000917756982799 0.0412670329493 0.00403204269371 -0.000699238249651 0.00171214058008 0.00283107894238 0.00052882122208 0.00250240167644 0.000465664352799 0.00155118252646 0.00352441177869 
0.000805726768085 0.00592392493588 0.000827569350609 -0.000553624393811 -0.00150231824919 -0.000897246393493 0.000548521608288 0.00416545589003 0.000515824360713 0.000570503946523 -9.26610618937e-05 -0.000949571991346 0.000809022530222 0.000820148130272 0.00243963672937 0.00373024289591 0.000972918129458 -0.00124744992593 0.00731042557377 0.000971072210337 0.00403204269371 0.0488078869254 -0.000682023151227 0.00202494052633 0.00232231408813 0.00484290816882 0.00327184031595 -0.00107591734158 -0.000753478990714 0.00193893444303 
-6.97352881397e-05 0.00122322371587 -0.00155824605603 0.00158730206683 0.00500937269349 -0.00143806309724 -0.000911598464208 0.00391180892519 0.00143673734177 -0.000954214507365 0.00606468363296 0.00237046993222 0.00381540311549 0.0030787133812 -0.00123317125199 0.00128047085296 -0.000166140358101 0.000933407642198 0.000554602751425 0.00635920888307 -0.000699238249651 -0.000682023151227 0.0479664781823 0.00409534587247 0.000701394299749 0.00247288339323 0.00460456084943 0.000905351169388 0.00252444875564 0.00194414709476 
0.00185871408939 0.00285395415068 0.00417931245235 0.00184627920868 -0.000837269177709 0.000312786950085 0.000526789508996 0.00270323847926 0.00143844843216 0.000283086593621 0.00199179128521 0.00246292007527 -0.000317436848733 0.00186310633072 0.00104924017423 0.00141816466359 0.00174852703494 0.00134353579824 0.000960802026839 -0.00115177268384 0.00171214058008 0.00202494052633 0.00409534587247 0.0386127841711 0.00408415841655 0.00271676395836 0.00361400438795 0.001647070482 0.00189395570742 0.00260165067945 
0.0048066526543 0.000479151824544 0.00205532176244 0.0056456618647 0.000184512741194 0.000156535088401 0.000424049099202 0.000682944499888 0.00403591127302 0.000395343127304 0.000392219840661 0.00363108393051 -0.00012210892608 0.000925072449092 0.000612186280488 0.00188219993083 0.00232585763399 0.00103465101717 0.00288561381944 0.00335669010167 0.00283107894238 0.00232231408813 0.000701394299749 0.00408415841655 0.0336898255833 0.000444269112938 -6.87659546533e-05 0.00197230594689 0.000481146188779 -0.00115227379743 
0.00216212627297 0.0024491486488 0.00194110361257 0.00478440725614 0.00391811853249 0.00348768236182 0.000568368632049 0.00613558329293 0.00170569521976 0.00407803361137 0.0139259755925 -0.00144328274863 0.00143100905976 0.00266485111593 0.0018549735898 0.00309308709096 0.00405266390258 0.000712605470039 0.00199952047217 0.00358923635986 0.00052882122208 0.00484290816882 0.00247288339323 0.00271676395836 0.000444269112938 0.0386982333293 0.00236705129976 0.00115708343531 0.00255035966512 0.00352373069893 
0.00124411250159 0.0107031011706 0.000867847253681 0.00599060606371 0.0015328052349 0.000957525609606 -0.00137246504904 0.00386356925876 0.00211001056979 0.00250774543111 0.00630433667631 0.00315241738839 0.00317677756501 -4.27369068215e-05 0.0085215569857 0.003155462816 0.000966273673346 0.00199264884132 0.00188022269329 -0.000738611094319 0.00250240167644 0.00327184031595 0.00460456084943 0.00361400438795 -6.87659546533e-05 0.00236705129976 0.0373859182729 0.00257719488221 0.00179362551098 0.00269995996505 
0.00348934578177 0.00416148449246 4.66823511783e-05 0.00333766469425 0.00240628617699 0.00119364812816 0.000143235548675 0.00164054044845 -0.000488041519276 0.00186758663288 0.00264160836954 0.00222941368412 0.00234659093883 0.000246373675171 0.00146171336921 0.00132819474724 0.00049837017291 0.00244786281935 0.000222853914996 0.00291279467028 0.000465664352799 -0.00107591734158 0.000905351169388 0.001647070482 0.00197230594689 0.00115708343531 0.00257719488221 0.0283286300451 0.00268986018667 0.000301387518976 
0.00195095887925 -0.00384204011237 -7.94740906224e-05 0.00118439342206 0.00239275213917 -0.000636247347003 -0.000939513785758 0.00298903629068 -0.000571719222628 0.00050193996841 0.00125682658886 0.00142093015321 0.00162919930462 0.000929964215551 0.0013000870678 0.00139321993078 0.000607549941865 -0.000431367334045 0.00102611752234 0.00252023181332 0.00155118252646 -0.000753478990714 0.00252444875564 0.00189395570742 0.000481146188779 0.00255035966512 0.00179362551098 0.00268986018667 0.0247581372518 0.00170237449952 
0.00523296629044 0.00226591334895 0.000916557571293 0.0012995986746 0.00143132498396 0.000342426576745 0.00151303826114 0.00078905446736 0.00169310597408 0.000558818709404 0.000857747492514 0.00392565315048 0.00290324775513 0.00182224634822 0.00103119890144 0.000943061474209 0.00165192884632 0.00145571048838 0.00167441379752 0.00148586114108 0.00352441177869 0.00193893444303 0.00194414709476 0.00260165067945 -0.00115227379743 0.00352373069893 0.00269995996505 0.000301387518976 0.00170237449952 0.0194436034031 

['PGR', 'JDSU', 'ACV', 'ADSK', 'CVX', 'ABI', 'WYE', 'EK', 'MCO', 'FDX', 'PD', 'RX', 'NI', 'XEL', 'MU', 'LTR', 'HCR', 'BCR', 'GD', 'WMB', 'CC', 'TXT', 'TXU', 'HPC', 'HMA', 'NUE', 'FSL.B', 'HPQ', 'ORCL', 'MEL']