50
0.0251356843311 0.275152850517 0.0498631258667 0.0100273700484 0.0461662895592 0.0291549562933 0.0831393543584 0.0316067218978 0.0300764430792 0.0506132512338 0.16701162673 0.0842142990337 0.0616353203302 0.13588321519 0.034888990542 0.0300114281637 -0.00305157485537 0.00642009941462 0.100072423231 0.123331646141 0.00108215816497 0.0224960645228 0.126841392599 0.0464034886179 0.0994766710856 0.0755027876102 0.0662185328213 0.059162885268 0.00610402508206 0.0901624306535 0.256023639664 0.126514999345 0.0560151075184 0.0247676168055 0.0625194128962 0.101801748802 0.0292815331214 0.0615160923796 0.0414486045552 0.00791209609274 0.0350054865441 0.080702843163 0.022553065058 0.0493934577213 0.0288411222523 0.13190386478 0.128291051585 0.0649337142294 0.0870955077299 0.234257183995 
0.120875908345 0.00546138547961 0.0148136730569 0.0131047788281 0.0110636789412 0.0117583040523 -0.0050645194817 0.0254232511402 0.0194066519719 0.0315173134187 0.0212491060835 0.0124197123695 0.0124151745452 -0.00319225448644 0.0112413912153 0.0308922067416 0.0027323821088 0.00343027767288 0.00120743792673 0.0216443993687 0.0217831904819 0.0181655296149 -0.00173067438525 0.0184350020642 0.00599336843968 0.0131169399777 0.0150276204722 0.000465639929138 0.0268078560978 0.00803815516506 0.0142640994043 0.00175897597663 0.0131447083064 0.0207809235437 0.0241532808555 0.00021049913666 0.0239548212024 0.0306623104051 0.00678889861927 0.00884459511847 0.0150467708245 -0.00658578070533 0.0195821557759 0.0124275813559 0.0289868218958 -0.0125350859551 0.00855048274084 0.0131558075918 0.00617827064663 0.00859963114598 
0.00546138547961 2.70841718542 -0.0195276286792 -0.0273542091861 -0.025106136741 0.182819319777 -0.0106215607963 -0.00488125807946 -0.0170617556935 -0.00373334180257 -0.0299388660345 -0.018347253462 -0.0175401795037 0.025775866377 0.0186504186374 -0.00217292091148 -0.00668468656946 0.006038576089 -0.0238028025275 -0.0295540211263 -0.00864939992544 0.00193291862959 -0.0213695923837 -0.013436183676 0.0232114412728 -0.0364000650412 -0.0201928659933 0.00782570453113 0.0252489337799 0.0813993482026 -0.0320493127478 -0.00808007041848 0.00144654371178 -0.0167141492071 -0.0299124525983 0.0111983018409 0.00304055778628 -0.00688236431242 -0.00239054445051 -0.00833607367299 -0.0100669666789 0.10628825452 -0.0204092691399 -0.00481122840271 0.00043650087237 0.0299999069699 0.00571322299696 -0.0125487697594 0.0339021134081 -0.0429933858088 
0.0148136730569 -0.0195276286792 0.282914826867 0.00397114007787 -0.0135836944479 0.020769147541 -0.00933042533097 0.0321077319024 0.00869015402318 0.0261081289256 0.0119655308921 0.104586329873 -0.00873026717725 0.020211289293 0.0192995282086 0.0167142670636 0.0104189028366 0.0310081448169 0.00400968068119 0.0523986609373 -7.03520813558e-06 0.0232290013594 0.00258172117054 -0.00589636558567 -0.00189538876146 -0.0107586203295 -0.00259903700021 0.0179362601917 0.00347897318451 0.0159928132544 0.0336956557155 0.0137251697898 0.0141392824094 0.0241568695368 0.0352565544152 0.0125708880588 0.0127997716626 0.0436179906118 0.0211142843249 0.00456953991244 0.00487646054539 0.0412600516884 0.0126176293065 0.0179224978089 0.0322125902346 -0.0154421432912 0.00869561913029 0.0269900977262 0.0207907436685 0.0140844958465 
0.0131047788281 -0.0273542091861 0.00397114007787 0.173358145446 0.0123213721962 0.0222914715333 0.0132535125203 0.0147137887775 -0.0045684663542 0.0196475345198 0.00293699417502 0.00867934918125 0.012047720495 0.0199819980887 0.0112459161527 0.00613185298838 0.0113370716369 0.0161152812155 0.0286261676786 0.000385933307733 0.0131655478061 0.00642586575028 -0.00910996297074 -0.00114461214225 0.00335694270168 -0.00125781413423 0.0200549341209 0.00748432428187 0.00788436893685 0.0243852991256 -0.00157429501878 0.0190220699654 -0.00130405742602 0.0143565845229 0.0328898964207 -0.0113865185812 0.0152033670249 0.0213348313485 0.0568899687994 0.0019583076569 0.0133941386852 0.0116843884284 0.0370885225527 0.0174519109401 0.0238791026132 -0.0298571083339 -0.00388397583375 0.0169216889373 0.0149735273858 0.00789494026982 
0.0110636789412 -0.025106136741 -0.0135836944479 0.0123213721962 0.318571068557 0.0242429387259 0.0141345288428 0.0107887931527 0.0234438214478 0.0119988621973 -0.0176416735011 0.0277386940128 0.0422313065178 -0.00598913489726 0.0040699242484 0.00779011937745 0.0216422705741 0.000793870090192 -0.00724385932409 0.0431610886225 0.0323477616681 0.0102399405996 0.00909511660131 -0.00646098861902 0.0240916165923 0.0225880629163 0.022418599113 0.0186847516338 0.029707678598 0.0263848028949 0.0238408854181 0.0122943969539 0.019441525606 0.00898746186741 0.0314831106597 0.00636459096539 0.0334721345075 0.0187885992264 0.0143959743129 0.0155908713355 0.0168309860773 -0.00616001167653 0.0526786646923 0.0148378860822 0.0111217851516 -0.0130556821959 0.0378156221652 0.0219494328349 0.0315680977599 0.112886290444 
0.0117583040523 0.182819319777 0.020769147541 0.0222914715333 0.0242429387259 0.150927503626 0.021060620016 0.0102617955446 0.0123266743101 0.00944126626961 0.0212801600725 0.0161963879573 -0.000812384331609 0.0370513520337 0.0101292054531 0.0140222405777 -0.003110116064 0.00469146248629 0.00744328320136 0.00318882337449 -0.00199775772341 0.0169255828564 -0.00787171104 0.00411729915462 -0.00745755182573 0.0463443902371 0.0101950451047 0.010105701171 0.021705956745 0.0467976734741 0.0165915021531 0.00401455898116 0.0104754118038 0.0125673094673 0.0156721507683 0.0137806506303 0.0130397561928 0.0117807247909 0.0335690338471 0.0163917338456 -0.000614316233204 0.0163363915654 0.00504940828938 0.0136443902714 0.0036957675721 0.00955839767805 0.0202711227056 0.0193847337033 -0.00625005958278 0.0457570268854 
-0.0050645194817 -0.0106215607963 -0.00933042533097 0.0132535125203 0.0141345288428 0.021060620016 0.30845525864 0.0197296174788 0.00521100610014 0.00736697858275 0.00664229202295 0.00333832992879 -0.00462717938095 0.0037618211538 0.00796703273898 0.0185550516407 0.0137121014667 -0.00999303436607 0.00104341082265 0.0535031670556 -0.00254019374705 0.00972496129661 -0.000751320767555 0.00712024624461 0.0105604658698 0.0220869698904 0.00843384739924 0.0432152658211 0.0243383662806 0.0394303122849 0.0131824595936 0.0213853399884 -0.0156562858988 0.00407461471751 0.013287764043 0.00766459298047 0.017905102103 0.0222152232089 0.0161492909769 -0.000645871167072 0.00125496885675 0.00550637646495 0.00239369466494 0.00634228750765 0.0168166138495 0.00111761022097 -0.0102905891651 0.0245611516236 -0.00281242954197 -0.00988111426492 
0.0254232511402 -0.00488125807946 0.0321077319024 0.0147137887775 0.0107887931527 0.0102617955446 0.0197296174788 0.119219380729 0.0331293370145 0.0469834502855 0.00502670936105 0.0012123902844 0.0247099423824 0.00976867031988 0.0185559787005 0.0312522369845 0.0146720838674 0.0213213563719 -0.00290857973299 0.023962363985 0.00358647814327 0.0269470382171 0.00998355662504 0.0170414004448 0.00763189028738 0.0259194342372 0.0191714325506 -0.00757762554102 0.0418759320183 0.0159080490482 0.0291889380821 0.020865602907 0.0154458506313 0.0213841809017 0.0276964889015 -2.28468171938e-05 0.0209852358233 0.0238598709781 0.0141553955137 0.0168547762489 0.0148944534402 -0.000763430522504 0.0232362368025 0.0205547195804 0.0476478535146 -0.00501272693945 0.0160554473026 0.0232483430798 0.01283765714 -0.000397459384681 
0.0194066519719 -0.0170617556935 0.00869015402318 -0.00456846635421 0.0234438214478 0.0123266743101 0.00521100610014 0.0331293370145 0.366632019448 0.0170863293711 0.00133526200012 -0.0111675202712 0.0142927770426 -0.0132947625995 0.00228411524404 0.00417863532769 0.01065957208 -0.00239935982347 0.0379871068906 -0.00259326807208 0.041784510386 0.0190500966167 0.0373036125226 0.00136254065762 -0.00674336311596 0.0273981611119 0.0351348569802 -0.0303291923189 0.0193239508426 0.0300425362801 0.00123917396991 0.019507999754 0.0137564126076 0.0167774024795 0.0328026851471 0.0114229845368 0.0144338871648 0.0219179273917 0.00148063987314 0.023321056037 0.00559554497154 0.00521406078998 0.00449449338531 -0.00469640931119 0.0271410099351 -0.0245358995629 0.00598940294609 0.000633268591786 0.00145898227448 0.0232059796762 
0.0315173134187 -0.00373334180257 0.0261081289256 0.0196475345198 0.0119988621973 0.00944126626961 0.00736697858276 0.0469834502855 0.0170863293711 0.134154004447 0.0320302409522 0.00523764347329 0.0124363427253 -0.0154024622247 0.00817192848231 0.029157453546 0.00698304429355 0.0170876024982 0.00178300268511 0.0320689820644 0.0119800110574 0.0221719249676 0.0209030660557 0.0181231430554 0.00900597897715 0.00718046769855 0.0106526855085 -0.000888676147925 0.0270780463631 0.0301213324654 0.0332562873762 0.00721069097672 0.0133607660713 0.0160091343884 0.011739476428 -0.00370167586933 0.0217120450704 0.0336744382951 0.0290707474642 -0.00164051294183 0.0100476489445 0.00128685692404 0.029307560748 0.0258046404513 0.0466697378203 0.0084269723767 0.0197522577574 0.0237125066604 0.00269917737448 0.0281761097586 
0.0212491060835 -0.0299388660345 0.0119655308921 0.00293699417502 -0.0176416735011 0.0212801600725 0.00664229202295 0.00502670936105 0.00133526200012 0.0320302409522 0.499729875155 -0.00788038098822 0.0254278429733 -0.00219307414277 -0.00109409271375 0.0218091094342 0.00327532295914 0.00477341710732 -0.00634846185528 0.0256164386483 0.0117573513919 0.0244089569002 -0.0440825723501 0.0100943472142 -0.0160726645693 0.028586745261 0.0155469622694 -0.0266541692671 0.0102773654494 0.00583039297309 0.0486678058609 0.0125109089955 -0.00487536487165 0.0197505462323 0.053563118836 0.00303813624365 0.0124142073703 0.000899450522853 0.0160945182681 -0.00526833305279 0.0167615546688 0.0337172385959 0.0243830123758 -0.0125718131109 0.00183034585824 0.0357738325297 0.0116591109683 0.0402515556814 -0.00135791515847 0.0342415344985 
0.0124197123695 -0.018347253462 0.104586329873 0.00867934918125 0.0277386940128 0.0161963879573 0.00333832992879 0.0012123902844 -0.0111675202712 0.00523764347329 -0.00788038098822 0.515099532828 0.000943673938034 0.0643533236708 0.00989913507632 0.0101007084764 0.0372782670059 0.00582716778174 0.0298758295421 0.0152677226678 -0.0186988192346 0.0147735073212 0.0597031630829 0.0159577788615 -0.00384053545723 0.0073307202891 0.00186325275673 -0.000523632988337 -0.000315363628305 0.0416862009638 0.0593707352412 0.00496659857197 -0.00844497009009 0.0178313784855 -0.00351118477739 0.0248605544491 0.00341729483815 0.0313146648553 0.00141217867048 0.0113964180715 0.0155228144837 0.0526570066518 0.0160463617628 0.029310117783 0.00633918693031 -0.0185362017946 0.00687804726413 0.0234199143195 0.0262737960262 -0.0164891606294 
0.0124151745452 -0.0175401795037 -0.00873026717725 0.012047720495 0.0422313065178 -0.00081238433161 -0.00462717938095 0.0247099423824 0.0142927770426 0.0124363427253 0.0254278429733 0.000943673938034 0.262227746518 -0.024454055926 0.00644034243013 0.0251875149985 0.0569581202917 0.0108372790888 -0.00514057451467 0.0324945867537 0.0250876667991 0.0176111309242 0.024054413532 0.0117641102849 -0.00618853031961 -0.0145752945345 0.0423369533992 0.0164056610709 0.0291267184612 0.0295759444502 0.0225566811139 0.0518519780922 0.0284179527373 -0.0101317660213 0.0338987444211 0.0129415997619 0.0138330171557 0.00825041945761 0.033150437551 0.0160113321621 0.0185622828564 -0.00742736534234 0.0151608852587 0.0151113269937 0.00900053355507 0.0623322877759 0.0512309731732 0.0310068887676 0.00692617530064 -0.000875344006848 
-0.00319225448644 0.025775866377 0.020211289293 0.0199819980887 -0.00598913489726 0.0370513520337 0.0037618211538 0.00976867031988 -0.0132947625995 -0.0154024622247 -0.00219307414277 0.0643533236708 -0.024454055926 1.06428641494 0.00686730161025 0.010678708734 0.012603024368 0.0135716270518 0.0210378321254 -0.0202516789114 0.00109775032089 -0.0049558987881 -0.0116311477231 0.00532830092452 0.0238135253367 0.479459657532 0.0212386252148 -0.00320744884127 0.0238924008972 0.263797063571 0.00233151370909 0.0128823872617 -0.0233342846327 0.0127767237553 0.019218009279 0.00329886186826 0.0052984870426 0.00167394665296 0.0129308930616 0.00665789841493 0.00930889441894 -0.0251472743005 -0.0142848548463 -0.0130532698969 0.00137462356656 0.165988097141 0.00468515732734 0.0159820059648 -0.0166274589477 -0.00335821536628 
0.0112413912153 0.0186504186374 0.0192995282086 0.0112459161527 0.0040699242484 0.0101292054531 0.00796703273898 0.0185559787005 0.00228411524404 0.00817192848231 -0.00109409271375 0.00989913507632 0.00644034243013 0.00686730161025 0.144132366166 0.0134720364327 0.0147425328854 0.0118383298454 0.00349847528471 0.0146955964211 -0.00262197047617 0.00928909169252 0.0148167563532 0.0159649007875 0.0326458210211 0.00369769541837 0.0353787598214 -0.000871555425978 0.0203462290814 0.0011577415406 0.013370582007 0.0146219591394 -0.00563171982804 0.00957882800029 0.0139417690561 0.0160127979769 0.0138973442149 0.0214091360552 0.0247344876286 0.0144801449191 0.0193919215051 -0.00550644410636 0.0100716553851 0.00901593274713 0.0132961523283 -0.00873851979302 -0.000695735405265 0.0246266628878 0.0310058073131 -0.015412120176 
0.0308922067416 -0.00217292091148 0.0167142670636 0.00613185298838 0.00779011937745 0.0140222405777 0.0185550516407 0.0312522369845 0.00417863532769 0.029157453546 0.0218091094342 0.0101007084764 0.0251875149985 0.010678708734 0.0134720364327 0.195401552418 0.02553475027 0.0246498632728 0.00441415084019 0.0316867462122 0.00348404459714 0.0103431931379 -0.0033148471819 0.00922923596592 0.0380130038308 0.0252423031067 0.0596340522047 0.0071440702567 0.037478039733 0.0235415953878 0.0127196299713 0.0398537049804 0.0157785665285 0.00877901308143 0.0259241829054 0.00983435957427 0.0111171118674 0.0167153784697 0.0169309359902 0.00665339738104 0.0167206824822 -0.0115732235463 0.0153710085242 0.0165340698185 0.0259060581004 0.0381777672916 0.00590406352985 0.0160511479756 0.000979844867213 0.0191116139135 
0.0027323821088 -0.00668468656946 0.0104189028366 0.0113370716369 0.0216422705741 -0.003110116064 0.0137121014667 0.0146720838674 0.01065957208 0.00698304429355 0.00327532295914 0.0372782670059 0.0569581202917 0.012603024368 0.0147425328854 0.02553475027 0.211803181024 0.0210389485136 0.0176952332084 0.0412025389743 0.00957148780856 0.006990508896 0.0158143878612 0.0101276274631 0.0117556603072 -0.00079525895935 0.0063978935374 0.0302279907787 0.0197385595782 0.0285205524508 0.00191316068969 0.0256031297515 0.0115514440724 0.000321662750678 0.030706411989 0.0168749535969 0.0226059820296 0.0124242456611 0.0150340523745 0.0134820998809 0.00784420973785 -0.00766361955579 -0.00347736923945 0.007603246346 -0.0103863920542 -0.0141382902825 0.0163087093859 0.0189484860671 0.00921235416653 -0.017793977774 
0.00343027767289 0.006038576089 0.0310081448169 0.0161152812155 0.000793870090193 0.00469146248628 -0.00999303436607 0.0213213563719 -0.00239935982347 0.0170876024982 0.00477341710732 0.00582716778174 0.0108372790888 0.0135716270518 0.0118383298454 0.0246498632728 0.0210389485136 0.144982728359 0.0125039596743 0.00657970857491 0.00367522388498 0.00466795585064 0.00772369406153 -0.0040223659496 -0.000622685257516 0.0242395952955 0.00719108564661 0.024403946629 0.0160193692336 -0.0116715524288 -0.0154545098976 0.0606938175825 0.0205267914606 0.0143504717866 0.0424665493633 0.0167629802842 0.0164442759684 0.019138820324 0.0132785356184 0.00709173553091 0.0198511436432 0.034645506014 0.00152957249974 0.0227284694426 0.0198459324844 -0.00478013758077 0.00367425672759 0.0256554227012 0.0378672122734 0.0181967401244 
0.00120743792673 -0.0238028025275 0.00400968068119 0.0286261676786 -0.00724385932409 0.00744328320136 0.00104341082265 -0.00290857973299 0.0379871068906 0.00178300268511 -0.00634846185529 0.0298758295421 -0.00514057451467 0.0210378321254 0.00349847528471 0.00441415084019 0.0176952332084 0.0125039596743 0.48679907723 0.0235611065981 0.022719878595 0.0200010126848 0.0356846929821 0.0274882707158 0.0640121241942 -0.0115443505897 -0.0144716843358 0.00761392099599 0.0107390339712 0.0393873346923 -0.0257124126462 0.0180016535401 0.00691358963293 0.0024706331972 0.0225514841387 0.0484483630119 0.00493196112109 0.00384078400231 0.0366086399332 0.0220390811955 0.00286746460147 -0.000597835914903 0.0124327414687 -0.00668362385746 -0.0143874448167 0.000495581361002 0.0110226993738 0.0229996878711 0.0245341571175 -0.00524348757661 
0.0216443993687 -0.0295540211263 0.0523986609373 0.000385933307733 0.0431610886225 0.00318882337449 0.0535031670556 0.023962363985 -0.00259326807208 0.0320689820644 0.0256164386483 0.0152677226678 0.0324945867537 -0.0202516789114 0.0146955964211 0.0316867462122 0.0412025389743 0.00657970857491 0.0235611065981 0.434879752855 -0.00588542774652 0.030047527627 0.0140852837691 0.00742015595749 0.0234636975246 -0.00469564620277 -0.0204429515557 0.00964565773053 0.0103382339555 0.112303057618 0.0864815465723 0.0085977512468 -0.00299619054609 0.0179696321477 0.0393477693428 0.00312206933527 0.0135778490603 0.0361308878042 0.00117454970449 -0.000803423582871 0.0348845154119 0.0173032013178 0.0231203895269 0.0184360468983 0.013754052918 0.0101662117373 0.0385319498629 0.0246505541697 0.00679149767635 0.071706430138 
0.0217831904819 -0.00864939992544 -7.03520813552e-06 0.0131655478061 0.0323477616681 -0.00199775772341 -0.00254019374705 0.00358647814327 0.041784510386 0.0119800110574 0.0117573513919 -0.0186988192346 0.0250876667991 0.00109775032089 -0.00262197047617 0.00348404459714 0.00957148780856 0.00367522388498 0.022719878595 -0.00588542774652 0.236591314708 0.016615700436 0.00766399624413 0.00992222622542 0.0168944217822 0.0102697267776 0.031431480314 -0.0127971664936 0.006802605166 0.0220747261644 0.0203275643705 0.0397653569907 0.0163538158249 -0.00108411705873 0.00571557747888 0.0137683303948 0.0121164356158 0.000670032862875 0.010045483808 0.00500180600997 0.00884534549297 0.0157600209668 0.00729937357466 0.00917252660997 0.0069156727382 -0.00963216328614 -0.0126404798603 0.039318855256 0.000362526498635 0.0224474941589 
0.0181655296149 0.00193291862959 0.0232290013594 0.00642586575028 0.0102399405996 0.0169255828564 0.00972496129661 0.0269470382171 0.0190500966167 0.0221719249676 0.0244089569002 0.0147735073212 0.0176111309242 -0.0049558987881 0.00928909169252 0.0103431931379 0.006990508896 0.00466795585064 0.0200010126848 0.030047527627 0.016615700436 0.203066776196 0.0100939912132 -0.00124311780482 -0.00292472339339 0.0139184179927 0.034488989738 0.0085976246994 0.034493291092 0.00287591448782 0.0277861987117 0.00210788719734 0.00428666733102 0.0232049513332 0.0210081400531 0.000848628982778 0.0242414362466 0.0158068024181 0.0127579829559 0.0145794872218 0.0106778073588 0.0070140177728 0.0285620448874 0.0146142161695 0.0260000990506 -0.0046242478661 0.0241785369884 0.0234282935213 0.0145142821628 -0.00504593545118 
-0.00173067438525 -0.0213695923837 0.00258172117054 -0.00910996297074 0.00909511660131 -0.00787171104 -0.000751320767555 0.00998355662504 0.0373036125226 0.0209030660557 -0.0440825723501 0.0597031630829 0.024054413532 -0.0116311477231 0.0148167563532 -0.0033148471819 0.0158143878612 0.00772369406153 0.0356846929821 0.0140852837691 0.00766399624413 0.0100939912132 0.852015759464 0.00556877401854 0.202837971377 -0.00785030680717 -0.00204895439694 0.00218479023808 0.0117759625981 0.0115464370929 -0.0229477026703 0.00469440482209 0.00414670677994 -0.00498411274021 -0.0156679118601 0.0134470629127 0.014800621964 -0.000212925758721 -0.0047306660396 0.000637103696486 0.00798100338279 0.0249136006233 0.00601641158244 0.0152445570767 0.0391081424885 -0.00476486965482 -0.00178788929382 0.00951775620414 0.0255582244041 0.0242810138739 
0.0184350020642 -0.013436183676 -0.00589636558568 -0.00114461214225 -0.00646098861902 0.00411729915462 0.00712024624461 0.0170414004448 0.00136254065762 0.0181231430554 0.0100943472142 0.0159577788615 0.0117641102849 0.00532830092452 0.0159649007875 0.00922923596592 0.0101276274631 -0.0040223659496 0.0274882707158 0.00742015595749 0.00992222622542 -0.00124311780482 0.00556877401854 0.188375770947 0.0204895794513 -0.00481194573651 0.0193570165085 -0.00706658112887 0.00625446208227 0.000647414395397 0.0126138547091 0.00741379436142 -0.0112482450691 0.00606827382346 -0.00482623743627 0.0102351638414 0.00986042536785 0.00339171471561 -0.000242553580719 0.0070282848703 -0.00295370535228 -0.000345267502472 -0.0058885364881 0.00674291140345 0.0048621242801 -0.00843744389925 0.0102412121539 0.0182076327924 0.00965211536354 0.00063467061997 
0.00599336843968 0.0232114412728 -0.00189538876146 0.00335694270168 0.0240916165923 -0.00745755182573 0.0105604658698 0.00763189028738 -0.00674336311596 0.00900597897715 -0.0160726645693 -0.00384053545723 -0.00618853031961 0.0238135253367 0.0326458210211 0.0380130038308 0.0117556603072 -0.000622685257515 0.0640121241942 0.0234636975246 0.0168944217822 -0.00292472339339 0.202837971377 0.0204895794513 0.383537298218 0.0187089195864 0.0047792965663 -0.00532475347371 0.0102552698658 -0.00234748603538 0.0198388517123 0.0110867814439 0.00824303198571 -0.000984243653965 -0.0374136450667 0.0256375666797 0.00895930189337 -0.00441017943017 0.000957493835293 -0.00410526565096 0.010792726937 0.00412934676886 -0.00791788322179 -0.00564400208356 -0.00250594870643 0.00760277981019 0.0016056262919 0.0606882485427 0.0639040025515 0.010164523536 
0.0131169399777 -0.0364000650412 -0.0107586203295 -0.00125781413423 0.0225880629163 0.0463443902371 0.0220869698904 0.0259194342372 0.0273981611119 0.00718046769855 0.028586745261 0.0073307202891 -0.0145752945345 0.479459657532 0.00369769541837 0.0252423031067 -0.00079525895935 0.0242395952955 -0.0115443505897 -0.00469564620277 0.0102697267776 0.0139184179927 -0.00785030680717 -0.00481194573651 0.0187089195864 0.525528219372 0.00471950597582 0.0151873968064 0.0358060358014 0.165208219077 -0.00748320059351 0.00366983501929 -0.00151776031833 0.0056053520783 0.00916815574707 0.0102078337596 0.00573052363233 0.0308806831752 -0.00950796782441 -0.00237054470486 0.00875258634379 -0.0153684548863 -0.0049479149428 0.00970563536211 0.00577192353229 0.0804298190561 0.00963095634566 0.0179896803097 -0.00292872326754 0.00428650724265 
0.0150276204722 -0.0201928659933 -0.00259903700021 0.0200549341209 0.022418599113 0.0101950451047 0.00843384739924 0.0191714325506 0.0351348569802 0.0106526855085 0.0155469622694 0.00186325275673 0.0423369533992 0.0212386252148 0.0353787598214 0.0596340522047 0.0063978935374 0.00719108564661 -0.0144716843358 -0.0204429515557 0.031431480314 0.034488989738 -0.00204895439694 0.0193570165085 0.0047792965663 0.00471950597582 0.392636091462 -0.00498234649084 -0.00736042744605 0.0156005483056 0.0325770294791 0.0114838984911 0.0172526887328 0.0185032388052 0.046983267433 0.0378073032481 0.00282194612963 0.0138201829345 0.0213642341973 0.00211722981472 0.0167981715938 0.0139067314812 0.00313648793739 0.00652958335989 0.0138622495774 0.0511380860379 0.00170435452159 0.0231685752781 0.0223572168696 0.0164801624805 
0.000465639929137 0.00782570453113 0.0179362601917 0.00748432428187 0.0186847516338 0.010105701171 0.0432152658211 -0.00757762554102 -0.0303291923189 -0.000888676147923 -0.0266541692671 -0.000523632988338 0.0164056610709 -0.00320744884127 -0.000871555425977 0.0071440702567 0.0302279907787 0.024403946629 0.00761392099599 0.00964565773053 -0.0127971664936 0.0085976246994 0.00218479023808 -0.00706658112888 -0.00532475347371 0.0151873968064 -0.00498234649084 0.343254379938 0.00547052539793 0.000813999268866 -0.00042340612648 0.0149275573141 0.024076860425 0.00625634295513 0.0142272826394 0.0187626919397 -0.00348048921895 0.0240363061771 0.00865248232204 0.0101807904768 -0.00706863119046 0.0106127689921 -0.00174281442506 0.025013227434 -0.00176953485454 -0.00172713409945 0.0622578911166 0.00552760813319 -0.0147044995333 -0.00522742328475 
0.0268078560978 0.0252489337799 0.0034789731845 0.00788436893685 0.029707678598 0.021705956745 0.0243383662806 0.0418759320183 0.0193239508426 0.0270780463631 0.0102773654494 -0.000315363628304 0.0291267184612 0.0238924008972 0.0203462290814 0.037478039733 0.0197385595782 0.0160193692336 0.0107390339712 0.0103382339555 0.006802605166 0.034493291092 0.0117759625981 0.00625446208227 0.0102552698658 0.0358060358014 -0.00736042744605 0.00547052539793 0.167297443541 0.0227691599856 -0.00279320391351 0.0232614336959 0.0133527090162 0.0044890894582 0.0273046024525 0.0166266520899 0.0221480951084 0.0184940609447 0.0152103874031 0.029473115922 0.000672740521759 -0.0145117908408 0.0250220454872 0.00816154615421 0.017987895301 -0.00193990588166 0.00491388691872 0.00737488694267 0.00423775157828 0.000899723568732 
0.00803815516506 0.0813993482026 0.0159928132544 0.0243852991256 0.0263848028949 0.0467976734741 0.0394303122849 0.0159080490482 0.0300425362801 0.0301213324654 0.00583039297309 0.0416862009638 0.0295759444502 0.263797063571 0.0011577415406 0.0235415953878 0.0285205524508 -0.0116715524288 0.0393873346923 0.112303057618 0.0220747261644 0.00287591448782 0.0115464370929 0.000647414395397 -0.00234748603538 0.165208219077 0.0156005483056 0.000813999268866 0.0227691599856 0.431061004443 0.0157041473149 -0.0138977692678 -0.00156191875397 0.0185600019098 0.0195264510716 0.00739650720165 -0.00030340618659 0.0359955470181 0.0134352007984 -0.00139103536927 0.013503417198 0.0177173574544 0.0254523695743 0.0109626100852 0.0125509257643 0.0592815303424 0.0256896034051 0.0122463135901 -0.0059093382102 -0.0284846921726 
0.0142640994043 -0.0320493127478 0.0336956557155 -0.00157429501878 0.0238408854181 0.0165915021531 0.0131824595936 0.0291889380821 0.00123917396991 0.0332562873762 0.0486678058609 0.0593707352412 0.0225566811139 0.00233151370909 0.013370582007 0.0127196299713 0.00191316068969 -0.0154545098976 -0.0257124126462 0.0864815465723 0.0203275643705 0.0277861987117 -0.0229477026704 0.0126138547091 0.0198388517123 -0.00748320059351 0.0325770294791 -0.00042340612648 -0.0027932039135 0.0157041473149 0.702411548711 -0.00512256690522 0.0452089664846 0.0161619924369 0.00871436756472 0.0122279118444 0.0384210224439 0.0221365548052 -0.00618923441588 0.00752364058526 0.017361863545 0.0574854843257 0.0372911068959 0.0156989985657 0.0251710785379 0.0228122394092 0.0269216553821 0.0336222688916 0.0384688917252 0.00119956342169 
0.00175897597662 -0.00808007041848 0.0137251697898 0.0190220699654 0.0122943969539 0.00401455898116 0.0213853399884 0.020865602907 0.019507999754 0.00721069097672 0.0125109089955 0.00496659857197 0.0518519780922 0.0128823872617 0.0146219591394 0.0398537049804 0.0256031297515 0.0606938175824 0.0180016535401 0.0085977512468 0.0397653569907 0.00210788719734 0.00469440482209 0.00741379436142 0.0110867814439 0.00366983501929 0.0114838984911 0.0149275573141 0.0232614336959 -0.0138977692678 -0.00512256690522 0.258499562525 0.0191991331509 0.00602395298813 0.0406838781182 0.0285003712425 0.00938876569999 0.0145649202847 0.0179603450204 0.0173038160716 0.00395118155826 0.0487859643552 0.00783361917478 0.0147323195839 -0.00368855620976 -0.00592373615293 0.024759912173 0.0294347672118 0.0596312365509 0.00520509193198 
0.0131447083064 0.00144654371178 0.0141392824094 -0.00130405742602 0.019441525606 0.0104754118038 -0.0156562858988 0.0154458506313 0.0137564126076 0.0133607660713 -0.00487536487165 -0.00844497009009 0.0284179527373 -0.0233342846327 -0.00563171982804 0.0157785665285 0.0115514440724 0.0205267914606 0.00691358963293 -0.00299619054609 0.0163538158249 0.00428666733102 0.00414670677994 -0.0112482450691 0.00824303198571 -0.00151776031833 0.0172526887328 0.024076860425 0.0133527090162 -0.00156191875397 0.0452089664846 0.0191991331509 0.352615600579 0.0156733640755 0.0573669336379 0.027052887999 0.0166968992325 0.00171014439081 -0.0138157041235 0.0143150678971 0.0273786529452 0.041743009397 0.0180145552117 0.0100121569347 0.00838353996151 -0.0221868534524 -0.0148313546326 0.00511599986704 0.00395802830411 0.0017918285805 
0.0207809235437 -0.0167141492071 0.0241568695368 0.0143565845229 0.00898746186741 0.0125673094673 0.00407461471751 0.0213841809017 0.0167774024795 0.0160091343884 0.0197505462323 0.0178313784855 -0.0101317660213 0.0127767237553 0.00957882800029 0.00877901308143 0.000321662750678 0.0143504717866 0.0024706331972 0.0179696321477 -0.00108411705873 0.0232049513332 -0.00498411274021 0.00606827382346 -0.000984243653965 0.0056053520783 0.0185032388052 0.00625634295513 0.00448908945819 0.0185600019098 0.0161619924369 0.00602395298813 0.0156733640755 0.114984120799 0.0269176131216 0.0114886959097 0.0115045349362 0.0284128858625 0.0165320126843 0.00333370517166 0.00288019612326 0.00928697509756 0.0137576106791 0.0253233940443 0.0305955173644 -0.0351381483084 0.00702800844407 0.015098807712 0.0134352833192 0.0104128400765 
0.0241532808555 -0.0299124525983 0.0352565544152 0.0328898964207 0.0314831106597 0.0156721507683 0.013287764043 0.0276964889015 0.0328026851471 0.011739476428 0.053563118836 -0.00351118477739 0.0338987444211 0.019218009279 0.0139417690561 0.0259241829054 0.030706411989 0.0424665493633 0.0225514841387 0.0393477693428 0.00571557747888 0.0210081400531 -0.0156679118601 -0.00482623743627 -0.0374136450667 0.00916815574707 0.046983267433 0.0142272826394 0.0273046024525 0.0195264510716 0.00871436756472 0.0406838781182 0.0573669336379 0.0269176131216 0.306535236953 0.0133142539793 0.0275284561471 0.0192893270203 0.0159478554464 0.0114130293262 0.0252535944449 -0.00725110064524 0.0292880033835 0.0422752055957 0.0268101585588 0.0208926137789 0.0154722011655 0.0206125368134 -0.017860830507 0.113690709955 
0.000210499136663 0.0111983018409 0.0125708880588 -0.0113865185812 0.00636459096539 0.0137806506303 0.00766459298047 -2.28468171953e-05 0.0114229845368 -0.00370167586933 0.00303813624365 0.0248605544491 0.0129415997619 0.00329886186826 0.0160127979769 0.00983435957427 0.0168749535969 0.0167629802842 0.0484483630119 0.00312206933527 0.0137683303948 0.000848628982779 0.0134470629127 0.0102351638414 0.0256375666797 0.0102078337596 0.0378073032481 0.0187626919397 0.0166266520899 0.00739650720165 0.0122279118444 0.0285003712425 0.027052887999 0.0114886959097 0.0133142539793 0.308038162669 0.0176437908425 0.0153126743082 0.0213200014531 0.010263685379 0.00426755189383 0.0114732070144 -0.00338288724709 0.000175467037603 0.00329565663129 -0.00660880437958 0.00677010313606 0.0201308447451 0.00625235936818 0.00996156250483 
0.0239548212023 0.00304055778628 0.0127997716626 0.0152033670249 0.0334721345075 0.0130397561928 0.017905102103 0.0209852358233 0.0144338871648 0.0217120450704 0.0124142073703 0.00341729483815 0.0138330171557 0.0052984870426 0.0138973442149 0.0111171118674 0.0226059820296 0.0164442759684 0.00493196112109 0.0135778490603 0.0121164356158 0.0242414362466 0.014800621964 0.00986042536785 0.00895930189337 0.00573052363233 0.00282194612962 -0.00348048921895 0.0221480951084 -0.000303406186591 0.0384210224439 0.00938876569999 0.0166968992325 0.0115045349362 0.0275284561471 0.0176437908425 0.142119962407 0.0150468798348 0.0245951993919 0.0248361772609 0.0130176487699 -0.00530613046695 0.0394904627386 0.017229981751 0.0192706878577 -0.0120648976512 0.00906992990358 0.000965917313858 0.0332720731316 0.0153793066015 
0.0306623104051 -0.00688236431242 0.0436179906118 0.0213348313485 0.0187885992264 0.0117807247909 0.0222152232089 0.0238598709781 0.0219179273917 0.0336744382951 0.000899450522853 0.0313146648553 0.00825041945761 0.00167394665297 0.0214091360552 0.0167153784697 0.0124242456611 0.019138820324 0.00384078400231 0.0361308878042 0.000670032862876 0.0158068024181 -0.00021292575872 0.00339171471561 -0.00441017943017 0.0308806831752 0.0138201829345 0.0240363061771 0.0184940609447 0.0359955470181 0.0221365548052 0.0145649202847 0.00171014439081 0.0284128858625 0.0192893270203 0.0153126743082 0.0150468798348 0.175335896345 0.0231890303308 0.0147475393446 0.0109239608319 0.0168095059061 0.0229399571454 0.0299141441292 0.0217566760934 -0.00218580147442 0.0161002184871 0.0272656995985 0.0188409991211 0.0415083858645 
0.00678889861927 -0.00239054445051 0.0211142843249 0.0568899687994 0.0143959743129 0.0335690338471 0.0161492909769 0.0141553955137 0.00148063987314 0.0290707474642 0.0160945182681 0.00141217867048 0.033150437551 0.0129308930616 0.0247344876286 0.0169309359902 0.0150340523745 0.0132785356184 0.0366086399332 0.00117454970449 0.010045483808 0.0127579829559 -0.0047306660396 -0.000242553580719 0.000957493835293 -0.00950796782441 0.0213642341973 0.00865248232204 0.0152103874031 0.0134352007984 -0.00618923441588 0.0179603450204 -0.0138157041235 0.0165320126843 0.0159478554464 0.0213200014531 0.0245951993919 0.0231890303308 0.30848752167 0.0142817221933 0.0216199036431 -0.00565765109 0.050593926127 0.0112491890539 0.0202591289598 -0.00977103053334 0.0433490288816 0.00643737726998 -0.00141437093059 -0.0210788185362 
0.00884459511848 -0.00833607367299 0.00456953991244 0.0019583076569 0.0155908713355 0.0163917338456 -0.000645871167071 0.0168547762489 0.023321056037 -0.00164051294183 -0.00526833305279 0.0113964180715 0.0160113321621 0.00665789841493 0.0144801449191 0.00665339738104 0.0134820998809 0.00709173553091 0.0220390811955 -0.000803423582871 0.00500180600997 0.0145794872218 0.000637103696486 0.0070282848703 -0.00410526565096 -0.00237054470486 0.00211722981472 0.0101807904768 0.029473115922 -0.00139103536927 0.00752364058526 0.0173038160716 0.0143150678971 0.00333370517166 0.0114130293262 0.010263685379 0.0248361772609 0.0147475393446 0.0142817221933 0.174702434151 0.00768688302553 0.0135033806593 -0.0102811403122 0.00609693969043 0.0307460490288 -0.00837916108119 0.0144150323128 0.00742813284696 0.0317595554381 0.00734008603309 
0.0150467708245 -0.0100669666789 0.00487646054539 0.0133941386852 0.0168309860773 -0.000614316233203 0.00125496885675 0.0148944534402 0.00559554497154 0.0100476489445 0.0167615546688 0.0155228144837 0.0185622828564 0.00930889441894 0.0193919215051 0.0167206824822 0.00784420973785 0.0198511436432 0.00286746460147 0.0348845154119 0.00884534549297 0.0106778073588 0.00798100338279 -0.00295370535228 0.010792726937 0.00875258634379 0.0167981715938 -0.00706863119046 0.000672740521756 0.013503417198 0.017361863545 0.00395118155826 0.0273786529452 0.00288019612326 0.0252535944449 0.00426755189383 0.0130176487699 0.0109239608319 0.0216199036431 0.00768688302553 0.138554437328 0.0245999346159 0.0112261988401 0.0113822606826 0.0186159287647 0.0160426623912 -0.00114794972101 0.0191650396692 0.0189965073583 0.0255425968637 
-0.00658578070533 0.10628825452 0.0412600516884 0.0116843884284 -0.00616001167653 0.0163363915654 0.00550637646495 -0.000763430522504 0.00521406078998 0.00128685692404 0.0337172385959 0.0526570066518 -0.00742736534234 -0.0251472743005 -0.00550644410636 -0.0115732235463 -0.00766361955579 0.034645506014 -0.000597835914901 0.0173032013178 0.0157600209668 0.0070140177728 0.0249136006233 -0.000345267502472 0.00412934676886 -0.0153684548863 0.0139067314812 0.0106127689921 -0.0145117908408 0.0177173574544 0.0574854843257 0.0487859643552 0.041743009397 0.00928697509756 -0.00725110064524 0.0114732070144 -0.00530613046695 0.0168095059061 -0.00565765109 0.0135033806593 0.0245999346159 0.424181753955 -0.00940374751427 0.00289535920334 -0.00988580539206 -0.0260981804573 -0.0183069053719 0.0529046669329 0.0899589324568 0.0393008168251 
0.0195821557759 -0.0204092691399 0.0126176293065 0.0370885225527 0.0526786646923 0.00504940828938 0.00239369466494 0.0232362368025 0.00449449338531 0.029307560748 0.0243830123758 0.0160463617628 0.0151608852587 -0.0142848548463 0.0100716553851 0.0153710085242 -0.00347736923945 0.00152957249974 0.0124327414687 0.0231203895269 0.00729937357465 0.0285620448874 0.00601641158244 -0.0058885364881 -0.00791788322179 -0.0049479149428 0.00313648793739 -0.00174281442506 0.0250220454872 0.0254523695743 0.0372911068959 0.00783361917478 0.0180145552117 0.0137576106791 0.0292880033835 -0.00338288724709 0.0394904627386 0.0229399571454 0.050593926127 -0.0102811403122 0.0112261988401 -0.00940374751427 0.228491055555 0.00784565818571 0.0198428443576 -0.0296174143557 0.0222055263833 0.0175266302999 -0.0206751074394 0.0193813674417 
0.0124275813559 -0.00481122840271 0.0179224978089 0.0174519109401 0.0148378860822 0.0136443902714 0.00634228750765 0.0205547195804 -0.00469640931119 0.0258046404513 -0.0125718131109 0.029310117783 0.0151113269937 -0.0130532698969 0.00901593274713 0.0165340698185 0.00760324634601 0.0227284694426 -0.00668362385746 0.0184360468983 0.00917252660997 0.0146142161695 0.0152445570767 0.00674291140345 -0.00564400208356 0.00970563536211 0.00652958335989 0.025013227434 0.00816154615421 0.0109626100852 0.0156989985657 0.0147323195839 0.0100121569347 0.0253233940443 0.0422752055957 0.000175467037602 0.017229981751 0.0299141441292 0.0112491890539 0.00609693969043 0.0113822606826 0.00289535920334 0.00784565818571 0.160671602576 0.0200195086836 -0.00918463742945 0.00817805380343 0.02490268861 0.0187164185748 0.0307299038928 
0.0289868218958 0.00043650087237 0.0322125902346 0.0238791026132 0.0111217851516 0.0036957675721 0.0168166138495 0.0476478535146 0.0271410099351 0.0466697378203 0.00183034585824 0.00633918693031 0.00900053355507 0.00137462356656 0.0132961523283 0.0259060581004 -0.0103863920542 0.0198459324844 -0.0143874448167 0.013754052918 0.0069156727382 0.0260000990506 0.0391081424885 0.0048621242801 -0.00250594870643 0.00577192353229 0.0138622495774 -0.00176953485454 0.017987895301 0.0125509257643 0.0251710785379 -0.00368855620977 0.00838353996151 0.0305955173644 0.0268101585588 0.00329565663129 0.0192706878577 0.0217566760935 0.0202591289598 0.0307460490288 0.0186159287647 -0.00988580539206 0.0198428443576 0.0200195086836 0.168985738407 -0.0111019426353 0.0157042781105 0.00922946135218 -5.86831910276e-06 -0.00535702177252 
-0.0125350859551 0.0299999069699 -0.0154421432912 -0.0298571083339 -0.0130556821959 0.00955839767805 0.00111761022097 -0.00501272693945 -0.0245358995629 0.0084269723767 0.0357738325297 -0.0185362017946 0.0623322877759 0.165988097141 -0.00873851979302 0.0381777672916 -0.0141382902825 -0.00478013758077 0.000495581361002 0.0101662117373 -0.00963216328614 -0.0046242478661 -0.00476486965482 -0.00843744389925 0.00760277981019 0.0804298190561 0.0511380860379 -0.00172713409945 -0.00193990588166 0.0592815303424 0.0228122394092 -0.00592373615293 -0.0221868534524 -0.0351381483084 0.0208926137789 -0.00660880437958 -0.0120648976512 -0.00218580147442 -0.00977103053334 -0.00837916108119 0.0160426623912 -0.0260981804573 -0.0296174143557 -0.00918463742945 -0.0111019426353 1.04578816106 -0.0180786567036 -0.0142997874332 -0.0291406633991 -0.00968152591854 
0.00855048274084 0.00571322299696 0.00869561913029 -0.00388397583375 0.0378156221652 0.0202711227056 -0.0102905891651 0.0160554473026 0.00598940294609 0.0197522577574 0.0116591109683 0.00687804726413 0.0512309731732 0.00468515732734 -0.000695735405265 0.00590406352985 0.0163087093859 0.00367425672759 0.0110226993738 0.0385319498629 -0.0126404798603 0.0241785369884 -0.00178788929382 0.0102412121539 0.0016056262919 0.00963095634566 0.00170435452159 0.0622578911166 0.00491388691872 0.0256896034051 0.0269216553821 0.024759912173 -0.0148313546326 0.00702800844406 0.0154722011655 0.00677010313606 0.00906992990358 0.0161002184871 0.0433490288816 0.0144150323128 -0.00114794972101 -0.0183069053719 0.0222055263833 0.00817805380343 0.0157042781105 -0.0180786567036 0.496176980389 0.00865005445703 0.0166901577842 -0.00327541542528 
