50
0.0901624306535 0.0176756211385 0.036872425502 0.0147816990943 0.103166553638 0.025637758891 0.0201569416701 0.0407864154506 0.110955558587 0.0605665428979 0.0283013122104 0.142251168296 0.282509070746 0.0136100125143 0.0946597506959 0.022775665512 0.0170349265424 0.0665048210348 0.0262084488718 0.0810581507116 0.110057805124 0.0413132452317 0.103848753038 0.0360508970818 0.109746753301 0.176756138136 0.0475630895173 0.0135435889675 0.165506763093 0.143553651187 0.107494880462 0.00646873977314 0.0315903614714 0.0328562524986 0.101218808556 0.0372282541949 0.00851722536111 0.0358419118375 0.39235550597 0.151477321577 0.00839736130492 0.201678989994 0.0270606760034 0.0324129219316 0.0300827450696 -0.00277796207049 -0.00305157485537 -0.0290439391383 0.234070828585 0.0176197090425 
0.535455871635 0.0039066968045 0.0210246651608 -0.0177342562978 0.0372498108312 0.00868488127126 0.013371475763 0.022755365647 0.0195213721348 0.0120914602568 -0.0240149056548 0.0190911040055 0.0351554089319 -0.000693801497425 0.00307715838097 0.0354256322686 0.014487814435 0.0329190068394 0.0223079416123 0.0211888948431 0.0518937589321 0.0261001961822 -0.0237071526087 0.0341232795857 0.00672621739455 0.0462986192392 0.0325818594656 0.0530133288077 0.00240329500419 0.0438211831523 0.0653201281323 0.0256752826251 0.0111822351158 -0.0161571517139 0.052936835479 0.0126244793 0.00658596338565 0.0135910449245 0.00726676592952 0.0268576613704 0.00626027841459 0.0361550558545 -0.00134812230513 -0.0106023235293 0.00486971849961 0.0160341923438 0.0219259394838 -0.00234609164457 0.0716497024069 -0.0129542954415 
0.0039066968045 0.178968612223 0.00475605856427 0.0270747386365 0.00518502708603 0.0360094304951 0.012003896098 0.0364974611267 0.00510004931214 0.018733018477 0.00817686025812 0.00200838565848 0.00531754187928 0.0127887995758 0.00182033551731 0.042712662338 0.00644073125336 0.0279773059619 0.0110948322839 -0.000650918779866 0.0292574704227 0.00287455625327 -0.00458018745763 0.0128311965792 0.0115759961597 -0.00746552762614 0.00663993913522 0.00441124624995 0.0156314191938 0.0149683586185 0.0243820178135 0.031024582308 0.00754276792477 0.00367774855465 0.0136356197652 0.0213449539675 0.0175225297783 0.0263513931897 0.0308669894932 0.0156498723422 0.0129299798305 0.0236792239959 0.0114982397759 -0.00607541053399 0.00168893360119 0.0230155066941 0.0114859989342 -0.0120179956007 -0.00394924738048 0.00312053492849 
0.0210246651608 0.00475605856427 0.163841892221 0.0280515386566 0.0260158378995 0.0186070521604 0.0552879784732 0.0151493405623 0.00169833731925 0.0269345898638 -0.0142527709679 0.00975451080996 0.0011352400007 0.000421740227208 0.00545905928578 0.0146090262046 0.0112635081328 0.0111113798449 0.0292016715975 0.0137947839726 0.0274705477956 0.0116239422669 0.0118909777737 0.0115485589612 0.00675106445219 -0.0282781826834 -0.00633271568788 0.012475268398 0.0078327755692 0.00995437999951 0.0334464060147 0.0188222098425 0.016865515765 0.00114566738914 0.0326246958384 0.00635331047777 0.01039771442 0.0190297998386 0.0243190473876 0.00112960254738 0.00880641590392 0.0304907439896 0.0141829697766 0.0128302873618 0.00294289934856 0.00704400957106 0.00495206474071 -0.00325658995843 -0.00648541111398 0.0117745340815 
-0.0177342562978 0.0270747386365 0.0280515386566 0.200126343318 0.0276549817586 0.00130832674133 0.0228086452285 0.0159772436035 0.00655925953075 0.00397761817165 0.00606213028743 0.00365747409793 0.00605734727245 0.00523867385987 -0.00462176061408 0.011731073309 0.0380483620711 0.0548605715462 0.0194807572197 0.0120096483908 0.0377435691034 0.0141866652168 0.00545900315657 0.0227140013152 0.0122819276843 0.0142336217969 -0.00364199040271 0.00715467538909 0.0268635569371 -0.00173143109229 0.0123275071817 0.0581745844834 0.00714356460486 0.0141887814644 0.0440977730108 0.00833866012563 0.0212586851082 0.0017506116799 0.0176524556365 0.0107733576657 0.0108157150767 -0.00479173407654 0.0193080949446 0.00855130480595 0.0134742461908 -0.00824752549962 -0.0037544657672 0.0213391489893 0.00611869831876 0.0141668122209 
0.0372498108312 0.00518502708603 0.0260158378995 0.0276549817586 0.374457688793 0.014771866873 0.021051683499 0.0221049838929 -0.00160606461704 0.0220353222984 -0.0196314666163 0.0163259717957 0.00957929867886 -0.00548544777085 -0.0100849865878 0.00210917059023 0.0180471951512 0.0224200486055 0.0146725958448 0.0261664267336 0.0202675817705 0.000882948486602 0.0116357972062 0.0085237129477 0.0193015317465 0.0137820119582 0.0124869113749 0.00846622118673 -0.00702815891019 0.0165222940953 0.00368605914507 0.0181794792809 0.00622172039692 0.0051187526829 0.00718798947866 0.00691588628342 0.0111817844015 0.0198890069362 -0.0208818673617 0.00322219259889 0.0166064505079 0.0112255135584 -0.0121424754317 0.00547464469855 0.0127635964826 0.017888359109 0.0167627263514 -0.0132584957892 0.0703981171807 0.00775860661111 
0.00868488127126 0.0360094304951 0.0186070521604 0.00130832674133 0.014771866873 0.243162884323 0.0239041165665 0.0243793632781 0.00130735100669 0.0122023554845 0.0291368069584 -0.00570933907469 0.0112504807502 0.0253447708669 -0.00820578130892 0.0054418944943 0.0160428150482 0.0222317885705 0.0216242712406 0.00604715759754 0.0288636817705 0.00638034343741 -0.00891395691255 0.0223469875137 0.0419529937836 -0.00475936474099 -0.0153437063652 0.0356624501589 0.032871636466 -0.0171234034058 0.0662757488572 0.0334661195764 0.0163373076756 0.00904144038393 0.00287167791748 0.0185248564321 0.0101834973406 0.0171054136132 0.0818515916226 0.0485922423886 0.0221646198602 -0.00719930418024 0.0184786039227 0.00706785988478 -0.000194819637322 -0.00496860624793 0.00765427995911 0.00477013542053 0.0451885167804 0.00829307484235 
0.013371475763 0.012003896098 0.0552879784732 0.0228086452285 0.021051683499 0.0239041165665 0.166796671062 0.00920585321724 0.0022097377073 0.0257005725198 -0.0122121674684 0.0157337909746 0.0037650007535 -0.00261857796528 -0.0100455480983 -0.000215053138766 0.0221220438441 0.0217512855433 0.0344436625403 0.0282899001985 0.0157625359954 0.00514062775005 0.00437170643491 0.00609284685482 0.0136082952653 -0.0163024767949 -0.00162392181133 0.00574821078932 0.0166165005029 0.00305556118932 0.0228395084748 0.0294431765373 0.0159514771257 0.00891251681869 0.0266768925536 0.0286427604177 0.0217924762806 0.0114248118618 0.0720119065188 0.0112304325028 0.00822499469798 0.00683538440329 0.0288605435584 -0.00658789043517 0.0197183132809 0.0154716270379 0.0121479519839 0.0148198010311 -0.00706195649116 0.0174094669988 
0.022755365647 0.0364974611267 0.0151493405623 0.0159772436035 0.0221049838929 0.0243793632781 0.00920585321724 0.194661881793 0.0561303190103 0.0200275961176 0.00796678941599 0.00144999212926 0.0529720452738 0.0123601348852 0.00888296189694 0.0200786171247 0.0117502369089 0.0208801400021 0.0192405188128 0.0247180408691 0.0213995016108 0.0149509186612 -0.023853392677 0.0297304017085 0.0418558810513 0.0232822400808 -0.00345421972963 0.0109413223872 0.000387166330569 0.0164181371058 0.0310166077101 0.00552945703764 0.0215672158333 0.0128094659329 0.0206554618208 0.0266386751301 0.033104498486 0.0653726810522 0.0171770570145 0.0474480907422 0.0223540081964 0.0203290085512 0.0129360814323 0.0153441252518 0.0183470117415 0.00649031623475 0.00206033193723 0.0244253348567 0.0094465012117 0.00600688541235 
0.0195213721348 0.00510004931214 0.00169833731925 0.00655925953075 -0.00160606461704 0.00130735100669 0.0022097377073 0.0561303190103 0.485325643247 -0.00574170951074 0.00961688530007 -3.28976786584e-05 0.000347828624901 0.0350555172182 0.00626518959802 0.0400564837057 0.0137006922262 0.0199592025932 0.00755793156782 0.00922545744442 0.0506854463636 0.024650978582 -0.0187455986003 0.0230452794571 0.00965779093102 0.0164277795517 -0.00105092668857 0.0322702353238 0.0178720645052 0.0227440043586 -0.00502742175652 0.0232076350811 0.0322166514347 0.00592650661147 0.0398849350903 0.0186445114604 0.0126203074073 0.021061812006 0.0138511780872 0.0189856475768 0.0374978270307 0.0682660580555 -0.00510924467787 0.00807692215437 0.0237926477874 0.0083179497743 0.0201338658898 0.00741634466776 0.0200773254656 0.00642982163625 
0.0120914602568 0.018733018477 0.0269345898638 0.00397761817165 0.0220353222984 0.0122023554845 0.0257005725198 0.0200275961176 -0.00574170951074 0.240886687451 -0.00218662409119 0.0284859003119 0.0328978487188 0.00278876529545 -0.00645632939116 0.0194368742642 0.022333353913 0.00814795204566 0.0637858766268 0.01698167612 0.040220341342 -0.0112935472558 -0.00146124451265 0.0263030372891 -0.00032309952543 0.0255432851507 0.00616449137455 0.0193862711978 0.00824037719247 0.040651949956 0.0273604307602 0.0190511923271 0.0196415805098 0.0261663364788 0.0204049635793 0.0194410774061 0.0107170105857 0.0206501288907 0.000102284942 -0.0251846606477 0.0182327964189 0.0112170185331 0.00832554853901 -0.00544031420352 0.00630966947599 0.00916298613591 0.0263151898418 0.000695818011218 -0.0194112209327 0.0132551323214 
-0.0240149056548 0.00817686025813 -0.0142527709679 0.00606213028743 -0.0196314666163 0.0291368069584 -0.0122121674684 0.00796678941599 0.00961688530007 -0.00218662409119 0.189824919821 0.015718832734 0.0323997664937 0.015582058542 0.00605236150956 0.00663020004316 0.00927516150667 0.00287232134605 -0.0278356982829 -0.00125049619009 -5.69047148387e-05 0.0115442949618 0.00278147796491 0.00670518969274 0.0150612029886 -0.0114198196387 0.000487474249583 -0.00894662813768 -0.000509412155691 0.0409054961784 0.00900589395317 0.00267461664861 0.0199019330391 0.00456040212919 0.0160564469731 0.00911521848849 0.00281829799426 0.0209221335973 0.0678605663054 0.0058363294498 0.00514060051278 0.0224588273137 -0.00131866417774 0.0442374532795 -0.00171204373086 0.0162609188956 0.0117177068504 0.0046352954552 0.00616074463055 0.00448756051783 
0.0190911040055 0.00200838565848 0.00975451080996 0.00365747409793 0.0163259717957 -0.00570933907469 0.0157337909746 0.00144999212926 -3.289767866e-05 0.0284859003119 0.015718832734 0.800250451935 0.0175175066547 0.0765433687793 0.0418141948337 0.01314647451 0.010430064317 0.0152354713368 0.0307079401616 0.035436079103 0.0211586214753 0.0218154478546 0.0299370763179 0.0115261420974 -0.000639203405371 0.0114088074569 -0.00131995489411 0.00284388629298 0.0355043218872 0.0373660343313 0.0254596665085 0.0249511672812 0.0187145503137 0.0266685517183 0.0403360488283 -0.0133373565271 0.0121925918086 0.00241366523818 -0.010952205653 0.00807177513021 0.0223308645507 0.00354967140346 0.00102932825939 0.0254329384159 0.0186347464402 0.0338173121305 0.0519287658741 0.033812284138 0.0101418376997 0.0111007927329 
0.0351554089319 0.00531754187928 0.0011352400007 0.00605734727245 0.00957929867886 0.0112504807502 0.0037650007535 0.0529720452738 0.000347828624901 0.0328978487188 0.0323997664937 0.0175175066547 0.83141200082 -0.000823973689754 0.0293973890284 0.0319430724414 -0.0123563164663 0.0372209803058 0.00211592289688 -0.0133860712984 0.0137102969828 -0.00610034995791 0.0433714706861 0.0418783198679 0.193306116661 0.0797379667651 -0.00914483579731 0.0189505431731 -0.00248252568484 0.0323349666922 0.0233972431252 -0.0192928344997 0.0285243244239 0.0524280398406 0.0236310210858 0.0118620784614 0.0261763576241 0.0475567495187 0.119825404287 0.00225519211169 0.0042282752489 0.024027896622 0.085971092599 0.00687315425102 -0.00867807017341 0.00883788045407 0.0141309026445 -0.000608499358732 0.139235092503 0.0201754760267 
-0.000693801497425 0.0127887995758 0.000421740227208 0.00523867385987 -0.00548544777085 0.0253447708669 -0.00261857796528 0.0123601348852 0.0350555172182 0.00278876529545 0.015582058542 0.0765433687793 -0.000823973689754 0.130639872723 0.00778879594623 0.00914829317408 -0.000139899152588 0.00209977778213 -0.00645718939836 -0.000128499863655 -0.0149708233399 0.00920316591494 -0.0052707312269 0.000945319479834 0.0156461315406 -0.00539795814773 0.0157722740191 0.00690336124291 -0.00590185024493 0.0075578716637 -0.000708410371486 0.0143718623462 0.0145285908813 -0.00380056624224 0.0199182644882 -0.000962205938942 0.0161759343426 0.0048473950574 0.0265366354441 0.00923900375536 0.00755221243181 0.000111230937912 -0.0033438011733 0.008895192993 0.0109285605351 0.0159143576289 0.0137846210034 0.0293723400752 0.0240482026526 0.00154935756796 
0.00307715838097 0.00182033551731 0.00545905928578 -0.00462176061408 -0.0100849865878 -0.00820578130892 -0.0100455480983 0.00888296189694 0.00626518959802 -0.00645632939116 0.00605236150956 0.0418141948337 0.0293973890284 0.00778879594623 0.437959146401 0.0243073618926 0.0144087973683 0.00994633828993 -0.00167416823115 0.0192988884797 0.0433321643064 0.0265741010896 -0.000778328698849 0.0165805926805 0.0273876084982 0.0219654997564 0.0055897580711 -0.00212382048428 -0.00880372546885 0.0670216758766 -0.00462942048946 0.00323359011911 0.00559002850496 0.00541982531451 0.0187269631379 0.0186135328327 0.00701743108967 0.024005533832 0.0533662526155 0.0206746450124 0.0137679525143 0.0512307325005 0.0138385826069 -0.00137263141949 0.0023528596728 0.0487494242765 0.0132870409073 0.0511902533494 0.0914211592987 -0.00211933898541 
0.0354256322686 0.042712662338 0.0146090262046 0.011731073309 0.00210917059023 0.0054418944943 -0.000215053138766 0.0200786171247 0.0400564837057 0.0194368742642 0.00663020004316 0.01314647451 0.0319430724414 0.00914829317408 0.0243073618926 0.199697553641 0.0207423416737 0.00752675394031 0.0365067720252 0.0215704570269 0.0249278419576 0.0129223157895 0.0169669865267 0.0326918886138 0.0170513395039 0.00381420277846 0.00286456996796 0.00756553084346 0.0723499389599 0.0220898719366 0.0519150261154 0.0304199297034 0.0315983368858 0.0286947167786 0.00857859791918 0.0276630437745 0.0222151053031 0.0370338829287 0.0390861573336 0.0262651823133 0.0328803382972 0.048890155267 0.0300647797913 0.0206987355759 0.00473498243778 0.0226026364513 0.0210468796164 0.00019814886422 0.0525524085199 0.0103539904412 
0.014487814435 0.00644073125336 0.0112635081328 0.0380483620711 0.0180471951512 0.0160428150482 0.0221220438441 0.0117502369089 0.0137006922262 0.022333353913 0.00927516150667 0.010430064317 -0.0123563164663 -0.000139899152587 0.0144087973683 0.0207423416737 0.177021832002 0.0528212910843 0.0177022041165 0.022333677977 0.0197409292915 0.00648007964043 0.0062299357455 0.0244553860405 -0.0178760377439 0.00598444800844 0.0144024101518 0.00151774800828 0.0059204709177 0.0150457274532 0.0176528790218 0.0487589182421 0.0323641589169 0.0173948025165 0.00834089579442 0.0150782506983 0.0205157688832 0.0120863829861 0.0747571259024 0.00308531024129 0.0156856492345 -0.00799650044678 0.00396655014186 0.015385385001 0.00402583957527 -0.00685016043455 -0.00731124868082 0.0187310982165 0.0173019792765 0.0187374047519 
0.0329190068394 0.0279773059619 0.0111113798449 0.0548605715462 0.0224200486055 0.0222317885705 0.0217512855433 0.0208801400021 0.0199592025932 0.00814795204566 0.00287232134606 0.0152354713368 0.0372209803058 0.00209977778213 0.00994633828993 0.00752675394031 0.0528212910843 0.227039773235 0.0180114453547 0.0194687433914 0.0511145606177 0.029156754994 -0.0157572799993 0.0304349710811 0.0191660769912 0.0182803941233 -0.00631371615484 0.00997364521259 -0.00988146213972 0.0187955367621 0.0253679803896 0.0599149710577 0.0366095202566 0.0133612679864 0.0173264794741 0.0169882032662 0.0291917787843 0.0170124568754 0.0313708713926 0.00526702501126 0.0146302740131 -0.0046104633326 -0.00265291284646 0.00447424169774 0.00574109497224 -0.0145033770769 -0.00383181986609 0.0202486822948 0.00867876716284 0.00934030367376 
0.0223079416123 0.0110948322839 0.0292016715975 0.0194807572197 0.0146725958448 0.0216242712406 0.0344436625403 0.0192405188128 0.00755793156782 0.0637858766268 -0.0278356982829 0.0307079401616 0.00211592289688 -0.00645718939836 -0.00167416823115 0.0365067720252 0.0177022041165 0.0180114453547 0.298679369178 0.0291661401156 0.0736219408524 0.00840230697473 0.0316547295711 0.0179327919532 -0.000181203873141 0.0349973329648 0.00407259871726 0.0337603085169 0.0487303575241 0.0342221976717 0.0424782968094 0.0181646003689 0.0257973468842 0.038763868438 0.0518458368459 0.0309332326443 0.0192576346317 0.00480589087649 0.00179109743386 0.0307112786517 0.0338514404445 -0.0112409739401 0.0250509391139 0.0059714922779 -0.0113548181791 0.0157055596087 0.0302258932799 0.000622750294189 0.00531330345797 0.0126989413144 
0.0211888948431 -0.000650918779866 0.0137947839726 0.0120096483908 0.0261664267336 0.00604715759754 0.0282899001985 0.0247180408691 0.00922545744442 0.01698167612 -0.0012504961901 0.035436079103 -0.0133860712984 -0.000128499863655 0.0192988884797 0.0215704570269 0.022333677977 0.0194687433914 0.0291661401156 0.205030799064 0.0224500779235 0.0103589629873 0.0143303802532 0.0172116477588 0.00813889156409 0.023159501778 0.00665914691264 0.0123086062355 0.00442965051885 0.0648023708763 0.0317069902548 0.0199450112557 0.0307422621204 0.0313425007416 0.0216355640482 0.0325663902132 0.0291189176008 0.032894124807 -0.020750741399 0.0117894870024 0.0150637359883 0.0305712774959 0.0194113610294 0.00598897146657 0.0215280503021 0.0147829186053 0.0307454531244 0.0106071699213 0.0306932825 0.00910293275585 
0.0518937589321 0.0292574704227 0.0274705477956 0.0377435691034 0.0202675817705 0.0288636817705 0.0157625359954 0.0213995016108 0.0506854463636 0.040220341342 -5.69047148387e-05 0.0211586214753 0.0137102969828 -0.0149708233399 0.0433321643064 0.0249278419576 0.0197409292915 0.0511145606177 0.0736219408524 0.0224500779235 0.446448287502 0.017558801948 0.0311510690437 0.0326753427102 0.0312630469471 0.0145210479893 0.0610304113885 0.0253628693959 0.0112830321311 0.0885007455425 0.0597985503471 0.0540066491813 0.0474918213057 0.0435224213222 0.0312995265716 0.034343826828 0.0240656844832 0.0159982373003 0.0175384170201 0.0196898028012 0.0309442303963 -0.0033428008048 0.0386021265889 0.0228890138818 0.012699631743 0.000109962198152 0.0339421069786 -0.0111576033849 0.0501102602988 0.0246931081481 
0.0261001961822 0.00287455625327 0.0116239422669 0.0141866652168 0.000882948486602 0.00638034343742 0.00514062775005 0.0149509186612 0.024650978582 -0.0112935472558 0.0115442949618 0.0218154478546 -0.00610034995791 0.00920316591494 0.0265741010896 0.0129223157895 0.00648007964043 0.029156754994 0.00840230697473 0.0103589629873 0.017558801948 0.136576309378 0.00292709362522 0.0179575126667 0.00392369761516 -0.00209899176646 -0.0042253412674 0.0280943583727 0.00291802762825 -0.011199005412 0.010430849874 0.0144275529836 0.0119106039953 0.00924544246234 0.0138161646038 0.0235468290656 0.0177820420791 0.00421853727873 0.0274270743705 0.00637340031743 0.0115433494735 0.000407095547255 0.00850367109949 0.00739363200043 0.00418452174474 -0.00523757369836 0.0117615994338 -0.00722917088442 0.0219310377313 0.000121570050946 
-0.0237071526087 -0.00458018745763 0.0118909777737 0.00545900315657 0.0116357972062 -0.00891395691255 0.00437170643491 -0.023853392677 -0.0187455986003 -0.00146124451265 0.00278147796491 0.0299370763179 0.0433714706861 -0.0052707312269 -0.000778328698849 0.0169669865267 0.0062299357455 -0.0157572799993 0.0316547295711 0.0143303802532 0.0311510690437 0.00292709362522 0.34856545194 -0.0110397952954 0.00959802851255 -0.0326369705077 0.00562135528947 0.0214922254305 0.0338334241898 -0.00990062207021 0.00858605757043 -0.0125958905503 0.00792695642331 0.019815128705 0.0124041794905 0.00414762238509 -0.00278647701826 -0.00644406265698 -0.000331262915336 0.00572147216139 0.00857320409646 -0.0183470322636 0.0134823610175 0.00389403138464 -0.00768110937871 -0.0112931695512 0.0230065114568 0.00228932259519 0.0641721326165 -0.00676111094106 
0.0341232795857 0.0128311965792 0.0115485589612 0.0227140013152 0.0085237129477 0.0223469875137 0.00609284685482 0.0297304017085 0.0230452794571 0.0263030372891 0.00670518969274 0.0115261420974 0.0418783198679 0.000945319479834 0.0165805926805 0.0326918886138 0.0244553860405 0.0304349710811 0.0179327919532 0.0172116477588 0.0326753427102 0.0179575126667 -0.0110397952954 0.173931197966 0.0162375047591 -0.00674179267794 0.00605812562483 0.0233838853772 0.00873646975303 0.0146175473214 0.0325960804943 0.0535594786281 0.0244138438829 0.011037532456 0.0283484470373 0.0219504224082 0.017118322155 0.00865613265315 0.0258694331055 0.00649555772196 0.0175894834646 0.0194983503771 0.0113043316217 0.020158167079 0.00799313881228 0.00351635628862 0.0325340977327 -0.00212377073317 0.0201862006104 0.00597153055559 
0.00672621739455 0.0115759961597 0.00675106445219 0.0122819276843 0.0193015317465 0.0419529937836 0.0136082952653 0.0418558810513 0.00965779093102 -0.00032309952543 0.0150612029886 -0.000639203405371 0.193306116661 0.0156461315406 0.0273876084982 0.0170513395039 -0.0178760377439 0.0191660769912 -0.000181203873141 0.00813889156409 0.0312630469471 0.00392369761516 0.00959802851255 0.0162375047591 0.349419087599 -0.0508375398094 0.000827066912586 -0.0184912895591 0.0234317868989 -0.00157944998712 0.0232327740334 0.00667519473454 0.00247928203277 0.027325773996 0.00519641864129 0.019989871495 0.00634562476642 0.0275295791495 0.0145384251663 0.0256232561911 0.0182769328586 -0.0178311167112 0.0479721648421 0.016012170827 -0.0183772914101 0.0276426270447 0.0163758939482 0.00302004535363 0.0378829336621 0.0105645644451 
0.0462986192392 -0.00746552762614 -0.0282781826834 0.0142336217969 0.0137820119582 -0.00475936474099 -0.0163024767949 0.0232822400808 0.0164277795517 0.0255432851507 -0.0114198196387 0.0114088074569 0.0797379667651 -0.00539795814773 0.0219654997564 0.00381420277846 0.00598444800844 0.0182803941233 0.0349973329648 0.023159501778 0.0145210479893 -0.00209899176646 -0.0326369705077 -0.00674179267794 -0.0508375398094 1.4792911141 0.00895925341507 -0.0114018275814 -0.0385896107852 0.0166985187084 0.0986634665652 0.0122453583002 0.00313002516456 0.015104320622 0.00764273614294 0.0233846825708 0.0149794174266 0.0072138867836 0.00169816093569 0.0805778278712 0.0255964626034 0.0742848238261 0.0130494455804 -0.00849709380485 0.0480254275865 0.00962393312158 0.0155660073124 -0.0443494448393 -0.0283999779847 -0.000911143511174 
0.0325818594656 0.00663993913522 -0.00633271568788 -0.00364199040271 0.0124869113749 -0.0153437063652 -0.00162392181133 -0.00345421972963 -0.00105092668857 0.00616449137455 0.000487474249583 -0.00131995489411 -0.00914483579731 0.0157722740191 0.0055897580711 0.00286456996796 0.0144024101518 -0.00631371615484 0.00407259871726 0.00665914691264 0.0610304113885 -0.0042253412674 0.00562135528947 0.00605812562483 0.000827066912586 0.00895925341507 0.303796556258 -0.00123595572776 0.00255173155036 0.0238975966513 -0.0270491981705 -0.00184464207279 -0.00329201878599 0.0311983413962 0.0034652529788 0.00763914704495 -0.0091525483486 0.00311035671505 -0.00186604538838 0.010591752074 0.00293889741393 0.0494383111458 0.0101997388286 -0.000449492534977 -0.0086598899133 -0.0132270914961 0.0167182333982 -0.0078379999525 0.0340297609546 -0.0017391268027 
0.0530133288077 0.00441124624995 0.012475268398 0.00715467538909 0.00846622118673 0.0356624501589 0.00574821078932 0.0109413223872 0.0322702353238 0.0193862711978 -0.00894662813768 0.00284388629298 0.0189505431731 0.00690336124291 -0.00212382048428 0.00756553084346 0.00151774800828 0.00997364521259 0.0337603085169 0.0123086062355 0.0253628693959 0.0280943583727 0.0214922254305 0.0233838853772 -0.0184912895591 -0.0114018275814 -0.00123595572776 0.243581990949 -0.000737062955431 0.0154801138706 0.0303562711166 0.00705380843759 0.0130063451737 0.0135952299314 0.0284922764613 0.0241076181915 0.0133214045984 0.0022978833301 0.0255853429396 0.0232907672927 0.0197637393907 0.0126530253724 -0.00313516110424 0.00818152350117 0.00283137812471 0.0119236494902 0.0276198536282 0.0136790928053 0.00382177863808 0.0101286847463 
0.00240329500419 0.0156314191938 0.0078327755692 0.0268635569371 -0.00702815891019 0.032871636466 0.0166165005029 0.000387166330569 0.0178720645052 0.00824037719247 -0.000509412155691 0.0355043218872 -0.00248252568484 -0.00590185024493 -0.00880372546885 0.0723499389599 0.0059204709177 -0.00988146213972 0.0487303575241 0.00442965051885 0.0112830321311 0.00291802762825 0.0338334241898 0.00873646975303 0.0234317868989 -0.0385896107852 0.00255173155036 -0.000737062955431 0.351696491998 0.0383205650514 0.0911101121239 0.0311661175268 0.0134526977235 0.0152547274791 0.0243805593237 0.0144127279695 0.0177930437667 0.02437777421 0.000474766610435 0.0837566585845 0.0217522926476 0.0554394063668 -0.00634116698459 0.0179196815611 0.0203072505545 0.0289430945505 0.0105101047895 0.0198762536624 0.0634208161378 0.00935211243997 
0.0438211831523 0.0149683586185 0.00995437999951 -0.00173143109229 0.0165222940953 -0.0171234034058 0.00305556118932 0.0164181371058 0.0227440043586 0.040651949956 0.0409054961784 0.0373660343313 0.0323349666922 0.0075578716637 0.0670216758766 0.0220898719366 0.0150457274532 0.0187955367621 0.0342221976717 0.0648023708763 0.0885007455425 -0.011199005412 -0.00990062207021 0.0146175473214 -0.00157944998712 0.0166985187084 0.0238975966513 0.0154801138706 0.0383205650514 0.882003000643 0.0227049936038 0.0305701945318 0.038281181041 0.0393291185378 -0.00569411913823 0.0491810567853 0.0278114362556 -0.0189983652409 0.00763582368639 -0.0190859417387 0.0616282419566 0.00377726026692 0.0335609615104 0.0450345473862 -0.0141396475193 -0.00692984756039 0.0253801227917 -0.0398180405945 0.0327807595237 0.0232081691861 
0.0653201281323 0.0243820178135 0.0334464060147 0.0123275071817 0.00368605914507 0.0662757488572 0.0228395084748 0.0310166077101 -0.00502742175652 0.0273604307602 0.00900589395317 0.0254596665085 0.0233972431252 -0.000708410371486 -0.00462942048946 0.0519150261154 0.0176528790218 0.0253679803896 0.0424782968094 0.0317069902548 0.0597985503471 0.010430849874 0.00858605757043 0.0325960804943 0.0232327740334 0.0986634665652 -0.0270491981705 0.0303562711166 0.0911101121239 0.0227049936038 0.413047081089 0.0140467400489 0.0248327287639 0.0104750735093 0.0485953398347 0.0329788776788 0.0217209005212 0.044592514277 0.0868180159938 0.152152541948 0.0164251857601 0.0173677934012 0.0306329498305 -0.0004311545116 0.0391488173481 0.00801580699736 -0.00661336621395 -0.0142291643804 -0.00897324023155 0.018523659608 
0.0256752826251 0.031024582308 0.0188222098425 0.0581745844834 0.0181794792809 0.0334661195764 0.0294431765373 0.00552945703764 0.0232076350811 0.0190511923271 0.00267461664861 0.0249511672812 -0.0192928344997 0.0143718623462 0.00323359011911 0.0304199297034 0.0487589182421 0.0599149710577 0.0181646003689 0.0199450112557 0.0540066491813 0.0144275529836 -0.0125958905503 0.0535594786281 0.00667519473454 0.0122453583002 -0.00184464207279 0.00705380843759 0.0311661175268 0.0305701945318 0.0140467400489 0.153604967264 0.0183968996447 0.0109071171588 0.0070893825577 0.0150101663783 0.0213724560841 0.00596867013436 0.0421512386144 0.00322251214271 0.0288866709374 0.00710841311824 0.0195737187903 0.0169279919677 0.0192531669211 -0.0033675633735 0.00669715028421 0.00620646361275 0.0058419992551 0.0166473321265 
0.0111822351158 0.00754276792477 0.016865515765 0.00714356460486 0.00622172039692 0.0163373076756 0.0159514771257 0.0215672158333 0.0322166514347 0.0196415805098 0.0199019330391 0.0187145503137 0.0285243244239 0.0145285908813 0.00559002850496 0.0315983368858 0.0323641589169 0.0366095202566 0.0257973468842 0.0307422621204 0.0474918213057 0.0119106039953 0.00792695642331 0.0244138438829 0.00247928203277 0.00313002516456 -0.00329201878599 0.0130063451737 0.0134526977235 0.038281181041 0.0248327287639 0.0183968996447 0.155724757964 0.0101831617834 0.0231897329077 0.00851663338016 0.0316752802898 0.016942890186 0.0071999256351 0.0226643958674 0.0158314913508 0.0146187415429 0.0192339558265 -0.00250658312497 0.0118075075806 0.0131472493882 0.0137048542659 0.00776297847418 0.0302902173615 0.0133372508296 
-0.0161571517139 0.00367774855465 0.00114566738914 0.0141887814644 0.0051187526829 0.00904144038393 0.00891251681869 0.0128094659329 0.00592650661147 0.0261663364788 0.00456040212919 0.0266685517183 0.0524280398406 -0.00380056624224 0.00541982531451 0.0286947167786 0.0173948025165 0.0133612679864 0.038763868438 0.0313425007416 0.0435224213222 0.00924544246234 0.019815128705 0.011037532456 0.027325773996 0.015104320622 0.0311983413962 0.0135952299314 0.0152547274791 0.0393291185378 0.0104750735093 0.0109071171588 0.0101831617834 0.316125555231 0.0125469315279 0.0255932997086 0.00236715164048 0.00704016735751 -0.0235931172615 0.0338728074701 0.0203581760411 0.00543576093173 0.0194165647534 0.0174054521362 0.00756146055664 0.0140355060272 -0.0141124384411 0.0222025063725 0.0447442208304 0.00992448963704 
0.052936835479 0.0136356197652 0.0326246958384 0.0440977730108 0.00718798947866 0.00287167791748 0.0266768925536 0.0206554618208 0.0398849350903 0.0204049635793 0.0160564469731 0.0403360488283 0.0236310210858 0.0199182644882 0.0187269631379 0.00857859791918 0.00834089579442 0.0173264794741 0.0518458368459 0.0216355640482 0.0312995265716 0.0138161646038 0.0124041794905 0.0283484470373 0.00519641864129 0.00764273614294 0.0034652529788 0.0284922764613 0.0243805593237 -0.00569411913823 0.0485953398347 0.0070893825577 0.0231897329077 0.0125469315279 0.329188780308 0.010217300158 0.00701512832273 0.0142114366438 0.0350133116521 0.0108205265388 0.0159238952117 0.0012537937948 -0.00780133658463 0.019696301151 0.0226310072809 0.0153090785167 0.0372954041437 0.0183968100366 0.035463057395 -0.00903710108022 
0.0126244793 0.0213449539675 0.00635331047777 0.00833866012563 0.00691588628342 0.0185248564321 0.0286427604177 0.0266386751301 0.0186445114604 0.0194410774061 0.00911521848849 -0.0133373565271 0.0118620784614 -0.000962205938942 0.0186135328327 0.0276630437745 0.0150782506983 0.0169882032662 0.0309332326443 0.0325663902132 0.034343826828 0.0235468290656 0.00414762238509 0.0219504224082 0.019989871495 0.0233846825708 0.00763914704495 0.0241076181915 0.0144127279695 0.0491810567853 0.0329788776788 0.0150101663783 0.00851663338016 0.0255932997086 0.010217300158 0.172084979124 0.00878944976228 0.0206280071256 0.0392360132631 0.0316533916756 0.0181568068804 0.0215629457447 0.0147793228173 0.00197601151863 0.012003705507 0.0109970232279 0.0145995460029 0.0159125602997 0.0426042753976 0.0122088324353 
0.00658596338565 0.0175225297783 0.01039771442 0.0212586851082 0.0111817844015 0.0101834973406 0.0217924762806 0.033104498486 0.0126203074073 0.0107170105857 0.00281829799426 0.0121925918086 0.0261763576241 0.0161759343426 0.00701743108967 0.0222151053031 0.0205157688832 0.0291917787843 0.0192576346317 0.0291189176008 0.0240656844832 0.0177820420791 -0.00278647701826 0.017118322155 0.00634562476642 0.0149794174266 -0.0091525483486 0.0133214045984 0.0177930437667 0.0278114362556 0.0217209005212 0.0213724560841 0.0316752802898 0.00236715164048 0.00701512832273 0.00878944976228 0.140602422679 0.00590353336693 0.000946321807277 0.00197738928648 0.0220374157473 0.0148147058792 0.0230305466818 0.00797925035173 0.00511020256468 -0.00103495288495 -0.000374586658744 0.0264898128908 0.0152530653822 0.00529301035916 
0.0135910449245 0.0263513931897 0.0190297998386 0.0017506116799 0.0198890069362 0.0171054136132 0.0114248118618 0.0653726810522 0.021061812006 0.0206501288907 0.0209221335973 0.00241366523818 0.0475567495187 0.0048473950574 0.024005533832 0.0370338829287 0.0120863829861 0.0170124568754 0.00480589087649 0.032894124807 0.0159982373003 0.00421853727873 -0.00644406265698 0.00865613265315 0.0275295791495 0.0072138867836 0.00311035671505 0.0022978833301 0.02437777421 -0.0189983652409 0.044592514277 0.00596867013436 0.016942890186 0.00704016735751 0.0142114366438 0.0206280071256 0.00590353336693 0.191307780478 -0.0179654716949 0.0461921325306 0.0155361027164 0.0202723783956 0.00200177919171 0.00348606182705 -0.00417569934709 0.0171240917767 0.00362895642757 0.0254862790076 0.0143163004241 0.0177869495797 
0.00726676592952 0.0308669894932 0.0243190473876 0.0176524556365 -0.0208818673617 0.0818515916226 0.0720119065188 0.0171770570145 0.0138511780872 0.000102284942 0.0678605663054 -0.010952205653 0.119825404287 0.0265366354441 0.0533662526155 0.0390861573336 0.0747571259024 0.0313708713926 0.00179109743386 -0.020750741399 0.0175384170201 0.0274270743705 -0.000331262915336 0.0258694331055 0.0145384251663 0.00169816093569 -0.00186604538838 0.0255853429396 0.000474766610435 0.00763582368639 0.0868180159938 0.0421512386144 0.0071999256351 -0.0235931172615 0.0350133116521 0.0392360132631 0.000946321807278 -0.0179654716949 3.19866518157 0.0106674332288 0.0186422158115 0.0416791541322 -0.0094822573724 0.00328629484832 0.0117074371934 0.0249267291873 -0.0128292647528 0.0662914317468 -0.0397937628948 -0.0047810303689 
0.0268576613704 0.0156498723422 0.00112960254738 0.0107733576657 0.00322219259889 0.0485922423886 0.0112304325028 0.0474480907422 0.0189856475768 -0.0251846606477 0.0058363294498 0.00807177513021 0.00225519211169 0.00923900375536 0.0206746450124 0.0262651823133 0.0030853102413 0.00526702501126 0.0307112786517 0.0117894870024 0.0196898028012 0.00637340031743 0.00572147216139 0.00649555772196 0.0256232561911 0.0805778278712 0.010591752074 0.0232907672927 0.0837566585845 -0.0190859417387 0.152152541948 0.00322251214272 0.0226643958674 0.0338728074701 0.0108205265388 0.0316533916756 0.00197738928648 0.0461921325306 0.0106674332288 0.54174802777 0.0085877671698 0.0193580924905 0.0433430796953 0.0155140932874 0.0131572221078 0.0210136694144 0.0102611623009 0.0391230452979 0.0275315685994 0.0027824991507 
0.00626027841459 0.0129299798305 0.00880641590392 0.0108157150767 0.0166064505079 0.0221646198602 0.00822499469798 0.0223540081964 0.0374978270307 0.0182327964189 0.00514060051278 0.0223308645507 0.0042282752489 0.00755221243181 0.0137679525143 0.0328803382972 0.0156856492345 0.0146302740131 0.0338514404445 0.0150637359883 0.0309442303963 0.0115433494735 0.00857320409646 0.0175894834646 0.0182769328586 0.0255964626034 0.00293889741393 0.0197637393907 0.0217522926476 0.0616282419566 0.0164251857601 0.0288866709374 0.0158314913508 0.0203581760411 0.0159238952117 0.0181568068804 0.0220374157473 0.0155361027164 0.0186422158115 0.0085877671698 0.121585605321 0.0320577940584 0.00763147486121 0.0127789762762 0.00235641729472 0.0163313305578 0.0192282815961 0.000689791490093 0.0403902398983 0.0157007199714 
0.0361550558545 0.0236792239959 0.0304907439896 -0.00479173407654 0.0112255135584 -0.00719930418024 0.00683538440329 0.0203290085512 0.0682660580555 0.0112170185331 0.0224588273137 0.00354967140346 0.024027896622 0.000111230937912 0.0512307325005 0.048890155267 -0.00799650044678 -0.0046104633326 -0.0112409739401 0.0305712774959 -0.0033428008048 0.000407095547255 -0.0183470322636 0.0194983503771 -0.0178311167112 0.0742848238261 0.0494383111458 0.0126530253724 0.0554394063668 0.00377726026692 0.0173677934012 0.00710841311824 0.0146187415429 0.00543576093173 0.0012537937948 0.0215629457447 0.0148147058792 0.0202723783956 0.0416791541322 0.0193580924905 0.0320577940584 1.23386747627 0.000957328776023 -0.00772668845257 0.0271239338909 0.0161238828418 0.0482016230715 0.00890276812424 0.0535509252877 -0.000130738579369 
-0.00134812230513 0.0114982397759 0.0141829697766 0.0193080949446 -0.0121424754317 0.0184786039227 0.0288605435584 0.0129360814323 -0.00510924467787 0.00832554853901 -0.00131866417774 0.00102932825939 0.085971092599 -0.0033438011733 0.0138385826069 0.0300647797913 0.00396655014186 -0.00265291284646 0.0250509391139 0.0194113610294 0.0386021265889 0.00850367109949 0.0134823610175 0.0113043316217 0.0479721648421 0.0130494455804 0.0101997388286 -0.00313516110424 -0.00634116698459 0.0335609615104 0.0306329498305 0.0195737187903 0.0192339558265 0.0194165647534 -0.00780133658463 0.0147793228173 0.0230305466818 0.00200177919171 -0.0094822573724 0.0433430796953 0.00763147486121 0.000957328776023 0.213404940578 -0.00182310327825 -0.00460236067006 0.015229838484 -0.00661658703895 0.00666634154451 0.0153508745908 0.028691249318 
-0.0106023235293 -0.00607541053399 0.0128302873618 0.00855130480595 0.00547464469855 0.00706785988478 -0.00658789043517 0.0153441252518 0.00807692215437 -0.00544031420352 0.0442374532795 0.0254329384159 0.00687315425102 0.008895192993 -0.00137263141949 0.0206987355759 0.015385385001 0.00447424169774 0.0059714922779 0.00598897146657 0.0228890138818 0.00739363200043 0.00389403138464 0.020158167079 0.016012170827 -0.00849709380485 -0.000449492534977 0.00818152350117 0.0179196815611 0.0450345473862 -0.0004311545116 0.0169279919677 -0.00250658312497 0.0174054521362 0.019696301151 0.00197601151863 0.00797925035173 0.00348606182705 0.00328629484832 0.0155140932874 0.0127789762762 -0.00772668845257 -0.00182310327825 0.282554284552 -0.00187798236253 0.00163505894133 0.0282456950286 -2.7712949697e-05 0.0101199176019 -0.0024139420503 
0.00486971849961 0.00168893360119 0.00294289934856 0.0134742461908 0.0127635964826 -0.000194819637322 0.0197183132809 0.0183470117415 0.0237926477874 0.00630966947599 -0.00171204373086 0.0186347464402 -0.00867807017341 0.0109285605351 0.0023528596728 0.00473498243778 0.00402583957527 0.00574109497224 -0.0113548181791 0.0215280503021 0.012699631743 0.00418452174474 -0.00768110937871 0.00799313881228 -0.0183772914101 0.0480254275865 -0.0086598899133 0.00283137812471 0.0203072505545 -0.0141396475193 0.0391488173481 0.0192531669211 0.0118075075806 0.00756146055664 0.0226310072809 0.012003705507 0.00511020256468 -0.00417569934709 0.0117074371934 0.0131572221078 0.00235641729472 0.0271239338909 -0.00460236067006 -0.00187798236253 0.140697852637 0.00696326000045 0.00440501529452 0.00877247452396 0.0111652635315 -0.00547187777191 
0.0160341923438 0.0230155066941 0.00704400957106 -0.00824752549962 0.017888359109 -0.00496860624793 0.0154716270379 0.00649031623475 0.0083179497743 0.00916298613591 0.0162609188956 0.0338173121305 0.00883788045407 0.0159143576289 0.0487494242765 0.0226026364513 -0.00685016043455 -0.0145033770769 0.0157055596087 0.0147829186053 0.000109962198152 -0.00523757369836 -0.0112931695512 0.00351635628862 0.0276426270447 0.00962393312158 -0.0132270914961 0.0119236494902 0.0289430945505 -0.00692984756039 0.00801580699736 -0.0033675633735 0.0131472493882 0.0140355060272 0.0153090785167 0.0109970232279 -0.00103495288495 0.0171240917767 0.0249267291873 0.0210136694144 0.0163313305578 0.0161238828418 0.015229838484 0.00163505894133 0.00696326000045 0.257559985694 -0.00588310494402 0.0113032202962 0.0232736312616 0.00178577704622 
0.0219259394838 0.0114859989342 0.00495206474071 -0.0037544657672 0.0167627263514 0.00765427995911 0.0121479519839 0.00206033193723 0.0201338658898 0.0263151898418 0.0117177068504 0.0519287658741 0.0141309026445 0.0137846210034 0.0132870409073 0.0210468796164 -0.00731124868082 -0.00383181986609 0.0302258932799 0.0307454531244 0.0339421069786 0.0117615994338 0.0230065114568 0.0325340977327 0.0163758939482 0.0155660073124 0.0167182333982 0.0276198536282 0.0105101047895 0.0253801227917 -0.00661336621395 0.00669715028421 0.0137048542659 -0.0141124384411 0.0372954041437 0.0145995460029 -0.000374586658744 0.00362895642757 -0.0128292647528 0.0102611623009 0.0192282815961 0.0482016230715 -0.00661658703895 0.0282456950286 0.00440501529452 -0.00588310494402 0.202447390975 0.000354358787553 0.0374955904943 0.0137323136804 
