50
0.0729384759615 0.0870955077299 0.126841392599 0.125840316239 0.0169596300077 0.0450347688147 0.088181568025 0.033790820858 -0.0142899737039 0.0771685990004 0.0368602928082 0.0940944116816 0.0431194173031 0.0292815331214 0.0300310371189 0.201678989994 0.025042174885 0.0345230729479 0.00791209609274 0.0493870590102 0.059162885268 0.0372282541949 0.022775665512 0.0392369654355 0.0697795953642 0.171372180847 0.0214629747746 0.0680936188342 0.080702843163 0.00787829448736 0.0451759103614 0.0411806556966 0.00477989818121 0.0172523696575 0.0678408515538 0.0373342989671 0.0203567883068 0.0703179731329 0.110374427341 0.282509070746 0.0916953774684 0.0636277148901 0.0206658862902 0.399937027552 0.0755027876102 0.0398839612709 0.161692830297 0.09797045465 0.0584521455196 0.082081594572 
0.317072682192 -0.00253811768171 -0.0311822666381 0.0390412486031 0.0129557333311 0.0209452657583 0.0458488964038 -0.00297649189267 0.00716010476712 0.0179567467724 1.85421211363e-06 0.0186116752949 0.0167020882667 0.0108681232319 0.00266447575216 0.0050564254655 0.018007932146 0.0230812268085 0.00525594893353 -0.0114650215842 0.00555617555532 0.0224634756256 0.0288810207452 0.029264169405 -0.00889349644454 0.00509913809457 0.0102856539085 0.0253852690102 0.00799940403519 -0.0143672927041 0.00551250060411 0.0251113265771 0.0167896567024 0.0153234691565 0.0298448019153 -0.0143313815518 0.0317092778006 0.010076971574 -0.0103965502303 0.0101515050204 0.0134802134805 0.0101173401614 -0.00267574630642 -0.00889293803164 -0.00883831061196 0.00983320070846 0.00838493372223 -0.00196842411049 0.00608923122944 0.022448784577 
-0.00253811768171 0.432891394288 0.0264390462598 -0.0108335190814 0.0182772827392 0.0318956095675 0.0245903176998 -0.000618784488064 0.0213576785368 0.00994527580366 0.00204591294587 0.00689494705998 -0.00272448808469 0.0307898644818 0.0133035025323 0.00864952799168 0.0242277753978 0.0277540810241 0.0272787690174 0.00495534251998 -0.0158457312403 0.0275405910651 0.024436063458 0.00135693946308 0.077122763394 0.0859470824171 0.0237639092224 -0.0103096632732 0.0665194686896 0.0170335611203 -0.0160708230154 0.00065773601964 -0.00892924574829 0.0194050327747 0.0214132322011 0.0315285090807 -0.0124589214197 0.000613589861657 0.0928447976373 0.0135611351863 0.0608237244856 -0.00393859415752 0.0239954563944 0.0298172477191 -0.0137736578014 0.0042939879922 0.025655060521 -0.00313539931071 0.0238000370567 0.020293270757 
-0.0311822666381 0.0264390462598 0.865018191177 0.0268340171682 0.00465583476968 0.0120594035593 0.0102413620132 0.0161876132733 -0.00860960708348 0.0270999568435 0.00588349918509 -0.0118188863503 0.00758054760041 0.00948311910501 0.026249153008 0.0413118205951 -0.00110165273399 0.0876702856064 0.00147521167197 0.0148460360557 -0.00283058243253 0.0164097061307 0.0241114355748 0.0195386091812 0.0518751445987 -0.0194497780612 0.0125207371372 0.00936571421958 0.0180689249287 0.00772358990916 -0.00855543307336 -0.0105374664098 -0.00120204964464 0.0366603241096 0.0341168514885 0.0138741236008 0.00425652590941 0.0469307188396 0.0357738061493 0.0242138926322 0.00510014344319 0.0125775429981 0.0449022880963 0.0161565543105 -0.0131319513359 0.00920990682064 0.0478613336315 0.0012685075609 0.0630820319114 -0.00663937572683 
0.0390412486031 -0.0108335190814 0.0268340171682 0.380093236696 0.0228081520287 0.013422693823 0.00822594698892 0.0209289375249 -0.00567710759313 0.0558796969398 0.0162338841165 0.0185819053513 0.0232244583489 0.0320656811614 -0.00389618964292 0.00921997172303 0.00414714532206 -0.000917429446662 0.0130504422271 0.0170285765739 0.0418505265533 0.0412423222591 0.0417205770239 0.019391198094 0.0217356474113 0.0328041460532 0.000191883161932 0.0233459815992 0.00178353043044 0.0206035725823 0.0593121581678 0.0465981978445 0.022020668989 0.0082713508095 0.0460129802488 0.0336776692289 0.0137594344714 0.0169644033456 0.026871216984 0.057723020846 0.0612476858831 0.00036866577249 0.0198540791554 0.0567201207963 0.0174977839968 -0.000240181184589 0.0414186076504 0.0358828575862 0.0128567263819 0.0282859127284 
0.0129557333311 0.0182772827392 0.00465583476968 0.0228081520287 0.1799534702 0.0377766252775 0.00814445258763 0.009146929271 0.0110708444409 0.0235281976829 0.0015774899944 0.0100243069903 0.00089205677571 0.024740037063 0.0177079366778 0.0182297957615 0.0195796779941 0.0106870920183 0.00720893333691 0.0209100299234 0.000996967122864 0.0185445618905 0.0287132075927 0.0298745551557 0.0300011969103 0.0627435140483 0.0486692557016 -0.0028557219491 0.0318827609089 0.0112646639653 0.0132306066526 -0.00771476827898 0.016188689901 0.0203526860622 0.0275698779325 0.0440397156448 0.0145399701055 0.0304238629224 0.0464560775093 0.0181521381512 0.0465438288102 0.00234703426213 0.0427810102589 0.0226968590386 0.0209079205506 0.0277032071547 0.02953395916 0.0008728820234 0.00677197887984 0.0180620333441 
0.0209452657583 0.0318956095675 0.0120594035593 0.013422693823 0.0377766252775 0.187900004016 -0.0135410060647 0.0128133550644 0.0203608651823 0.0197023187193 0.0151941396141 0.0195967432112 0.000408282470913 0.0244452235264 0.00183915830237 0.0108598526705 -0.00143645782768 -0.0097414362679 0.0253546273279 -0.00798285991645 0.0253360316489 0.0049310004291 0.007890747113 0.0202211928863 0.0404474406276 0.0324471105988 0.0213236284822 0.0137117121279 0.00473853343824 -0.00787262709363 0.00645318278712 -0.00922933975166 0.00752084619406 0.00127526663649 0.0208702275845 0.0568884010962 -0.00834647935593 -0.0127166037593 0.0379778317915 -0.0133343892499 0.00817736750244 -0.00786846514744 0.0101847586342 -0.0152393243387 0.0247490545996 0.0112490052476 0.0204046521939 -0.0152061520119 0.000807369707809 0.0142047332011 
0.0458488964038 0.0245903176998 0.0102413620132 0.00822594698892 0.00814445258763 -0.0135410060647 0.341642836777 0.0114763243914 0.0229952849498 0.0225524465469 -0.000228194767541 0.0449479754026 0.00555170143579 0.0255723413441 0.00694406943156 0.0802269827718 0.0238355114326 -0.000859083017095 -0.00410656497873 -0.00753221956243 0.00337387279689 0.00884984017236 0.020634981768 0.00684147591454 0.000395321203033 0.0266989455117 0.0176502764938 0.0139170816212 0.0305619974261 0.0192965064912 0.0426677032271 0.00126906077671 0.00960315562797 0.00837489908924 0.0134631009997 -0.0114683210698 0.0152927370346 -0.0152219104379 0.023193429425 0.103054918982 0.0417398646019 0.00207318321816 0.00355008074221 0.0730202329374 0.0112630184198 -0.00348412075703 -0.00269522562668 0.0710246102502 0.022868784614 0.0373417554205 
-0.00297649189267 -0.000618784488064 0.0161876132733 0.0209289375249 0.009146929271 0.0128133550644 0.0114763243914 0.180624081508 0.0300985266881 0.0195268327833 0.00708390440056 0.00572457236933 0.0283230616007 0.00676918445806 -0.00374824176154 0.00902052413639 0.00648707214838 0.0227240357174 0.0134972094052 0.0101259777702 -0.00659669492058 0.0245254213542 0.00891163329716 0.0221619968833 0.00783730659775 0.0160260141479 0.0215045956057 0.00662220925317 0.0148847525647 0.00585714975137 0.00957595109266 0.0103954018286 0.00224805617762 -0.00318900540223 0.00125059010371 -0.00528457312478 0.0139299349122 -0.00257448128743 0.0167217431534 0.00835345485474 0.0302616544852 -0.00465097853737 0.0155122162943 0.0186966647596 0.0107363273162 0.0342782148124 -0.00673875713591 0.00614815924445 0.0173447933308 0.00890687190874 
0.00716010476712 0.0213576785368 -0.00860960708348 -0.00567710759313 0.0110708444409 0.0203608651823 0.0229952849498 0.0300985266881 0.178342310975 0.0198654190901 0.0224332516046 0.0391605749492 0.0189097726777 0.0116058506257 0.00145527906354 0.0142350162685 0.0141086659716 0.0111944706056 0.00947993717731 0.00858264994598 0.00816609679675 0.0190873580926 0.00847471581957 0.0274718127122 0.0259450773192 0.00959342819823 0.000940530481857 0.0244669408102 -0.00935443612374 0.0132168018341 0.00915539220916 0.010126258967 0.0166479467631 0.00128089060894 0.0114026434872 0.00197820224095 -0.00251241499473 0.0257135075998 -0.00263751798863 -0.0165253254048 0.0385388953288 0.013609159287 0.00626789293872 0.0144895150046 0.00842240311696 0.00744117775726 0.0191537227838 -0.00477716643578 -0.00892305360351 0.00951478537005 
0.0179567467724 0.00994527580366 0.0270999568435 0.0558796969398 0.0235281976829 0.0197023187193 0.0225524465469 0.0195268327833 0.0198654190901 0.194959073214 0.00161119746363 0.0250725824119 0.0226442243569 0.0151379754362 0.00411481873026 0.0250554329366 0.0238184369887 0.017955682775 0.00661985641058 0.0225198921698 0.0202618768476 0.0161758198081 0.027278452284 0.0302232928434 0.0048547988244 0.0143030082154 0.019707617799 0.0239655567284 0.0162478067159 0.0174797929124 0.0185146939536 0.0157104182637 0.00627502561225 0.0127110743754 0.0124368905853 0.0497533688687 0.0200440333234 0.0190333638542 0.0357918826107 0.0395526213431 0.0477932966812 0.0214239956723 0.0721133775337 0.0275935626277 0.032265166694 0.0179474032908 0.0426277144925 0.00849634113909 0.0226321296968 0.0320182958618 
1.85421211358e-06 0.00204591294587 0.00588349918509 0.0162338841165 0.0015774899944 0.0151941396141 -0.000228194767541 0.00708390440056 0.0224332516046 0.00161119746363 0.327458520141 0.00512139652176 -0.00561179444328 -0.00297617723004 -0.00072296437126 0.0485719731312 -0.00128858826449 0.00724041405183 0.0061521700341 -0.00666175992634 0.00534767231074 0.0011652834077 0.00326466819034 0.00165770262189 0.0138367266471 -0.0124967148319 0.00301366579314 -0.00526240717457 0.0138652421552 -0.00274428547928 0.0138508662446 0.0163747001201 -0.00768613099164 -0.00142838090329 0.00450513096559 -0.00360542090647 -0.00817891706728 -0.00381497249978 0.0127719171882 0.0207348721325 0.0116909722276 -0.00423974181153 0.0124371759292 0.0482092274847 0.0187827880209 0.00132881905718 0.0205238094352 -0.00158087546991 -0.00658291213004 0.0320325873003 
0.0186116752949 0.00689494705998 -0.0118188863503 0.0185819053513 0.0100243069903 0.0195967432112 0.0449479754026 0.00572457236933 0.0391605749492 0.0250725824119 0.00512139652176 0.346124154222 0.0193343740765 0.0227077479203 -0.012223040339 0.0172877808893 0.0342441719049 0.0114408779841 -0.00352661730658 0.0102562504746 0.00413652248933 0.0337681971221 0.0343598905562 0.0346734250266 0.00351598589206 0.0439336411632 0.0222144603594 0.054813353876 0.0414646252219 0.0153148995517 0.028542307413 0.0480600393902 0.012588276441 0.00542397159944 0.0109257396768 0.0389246991373 0.0221925715175 -0.0117066491312 0.00723844500885 0.0832410481645 0.0774094486451 -0.00535690512036 0.0152915487826 0.0577445990238 0.0288130101591 -0.0212790862125 -0.000345065294719 0.0297807039029 -0.0056248577211 0.032715741899 
0.0167020882667 -0.00272448808469 0.00758054760041 0.0232244583489 0.00089205677571 0.000408282470913 0.00555170143579 0.0283230616007 0.0189097726777 0.0226442243569 -0.00561179444328 0.0193343740765 0.172805741653 0.0067991308539 0.0237293872775 0.0194304655552 0.0211106765736 0.00812221119223 -0.000579173535076 0.00229022453929 0.0285137822217 0.0232793490403 0.0282728436177 0.0082570679906 0.0367113655378 -0.00443589451982 0.0103047517602 0.011695053204 0.0262117267711 0.00389907793101 0.0179113751918 0.0183482930802 0.00665581513435 -0.00334583082987 0.0179607389161 -0.00534087571358 0.0252720847634 -0.00547768704583 0.00762116506257 0.0299800630526 0.00912542016379 -0.00953657406926 0.0197017802745 0.00987360971252 0.00862648304751 0.00429950287429 0.0213358434568 -0.00664016886459 0.012924266185 0.0329991243917 
0.0108681232319 0.0307898644818 0.00948311910501 0.0320656811614 0.024740037063 0.0244452235264 0.0255723413441 0.00676918445806 0.0116058506257 0.0151379754362 -0.00297617723004 0.0227077479203 0.0067991308539 0.140311290566 0.0160736675578 0.0321331614552 0.0165519829905 0.0124034101806 0.022367270176 0.00591651873995 -0.00179883898908 0.0129489228309 0.0260225511318 0.0383149556057 0.00642005837467 -0.00187598965941 0.00483778875784 0.00522287861844 -0.0107700423775 0.0245620652203 0.0201015357523 0.0162931763941 0.0297239360015 0.017981360402 0.00562593944118 0.00598321857996 0.0235004991952 0.00177634425847 0.0157933062451 0.00771158949874 0.0319738694605 0.0126014247602 0.0162534429323 0.0274171858988 0.000540568050652 0.0160502197006 0.00269616412918 0.01676045172 0.0101157095023 0.00322304286288 
0.00266447575216 0.0133035025323 0.026249153008 -0.00389618964292 0.0177079366778 0.00183915830237 0.00694406943156 -0.00374824176154 0.00145527906354 0.00411481873026 -0.00072296437126 -0.012223040339 0.0237293872775 0.0160736675578 0.248567277584 0.0332578083949 -0.00815473344522 -0.00304637838253 0.00123874520199 -0.0138551836748 0.0198907639473 -0.0136449784989 0.0483647118341 0.00836313364856 0.0124505072035 0.0291682409138 0.0128433634588 0.00758447537547 0.0447608238504 -0.000588346395939 0.00789795208747 -0.00924859257608 0.00800316339341 0.0110109039101 0.0279457112576 0.00995244514007 -0.007860760453 0.0247485463493 0.0106221879041 -0.00836914793862 -0.00721071566665 0.0118918105077 0.0190644263931 0.0248441801935 0.0110875928522 0.0141231877895 0.0284462435245 -0.00474399845773 0.0249437340046 0.00211648868361 
0.0050564254655 0.00864952799168 0.0413118205951 0.00921997172303 0.0182297957615 0.0108598526705 0.0802269827718 0.00902052413639 0.0142350162685 0.0250554329366 0.0485719731312 0.0172877808893 0.0194304655552 0.0321331614552 0.0332578083949 1.23268305139 0.00722126409494 0.00467965520256 0.0180544754414 -0.011009213316 -0.0196079277949 0.0270114320411 0.0528281937084 0.00782801469272 5.16571326142e-05 -0.018640887862 0.0391096734941 0.0685679855951 -0.0183681627706 0.0114646774846 0.000140201872681 0.00786603255018 0.00802860014316 -0.0100671871676 0.0194917257641 0.0584974912388 0.00131278386409 -0.0274634718074 -0.0220053406905 0.0191919774771 0.00402260427179 0.000548888253306 0.0255716859446 0.0326958890088 0.0463455780861 0.0409501324269 0.0266061000612 0.00609959404699 -0.0205838934745 0.0553674349624 
0.018007932146 0.0242277753978 -0.00110165273399 0.00414714532206 0.0195796779941 -0.00143645782768 0.0238355114326 0.00648707214838 0.0141086659716 0.0238184369887 -0.00128858826449 0.0342441719049 0.0211106765736 0.0165519829905 -0.00815473344522 0.00722126409494 0.161886983988 0.00707734296656 0.0132671111125 0.0243765558899 -0.00427429096581 0.0211202648699 0.0317111068179 0.0358982561583 0.00390328039358 0.00192487481645 0.000813092801804 0.0115703234707 -0.00408633442061 0.00168935932529 0.00864764399438 0.0177805219174 0.0283463098384 0.021641742264 0.0162635711882 0.00735805284505 0.0493069076804 0.00369559644323 0.00643478278376 0.0112923943021 0.0516795923827 0.0127330029459 0.0227347063932 0.0213659991459 0.00899679841571 0.0118377037107 0.0318648761281 0.0106855822663 0.00450544115245 0.00456529205781 
0.0230812268085 0.0277540810241 0.0876702856064 -0.000917429446662 0.0106870920183 -0.0097414362679 -0.000859083017095 0.0227240357174 0.0111944706056 0.017955682775 0.00724041405183 0.0114408779841 0.00812221119223 0.0124034101806 -0.00304637838253 0.00467965520256 0.00707734296656 0.166705002024 0.00275666722509 0.0267971234598 0.00437106624788 0.0128213534693 0.0314683112084 0.0232379448392 -0.0121867775549 0.0325291028952 0.0100344426351 0.0111421408573 0.0161643132211 0.000763615021624 0.0304134611394 0.00196650452683 0.0118597012687 0.00127340799986 -0.00441608987989 0.00110134694836 0.0204543334303 0.00506708661809 0.0164955034536 0.0299040251034 0.0475893501938 0.00837664233435 0.0363690974747 0.0127657818491 0.00364314863256 0.00410302471311 0.0142080745137 0.00440846630342 0.0410281375596 0.0187939654052 
0.00525594893353 0.0272787690174 0.00147521167197 0.0130504422271 0.00720893333691 0.0253546273279 -0.00410656497872 0.0134972094052 0.00947993717731 0.00661985641058 0.0061521700341 -0.00352661730658 -0.000579173535075 0.022367270176 0.00123874520199 0.0180544754414 0.0132671111125 0.00275666722509 0.169385775379 0.0122699008545 0.0117859252668 0.0150029230681 0.00505803672073 0.0190324296089 0.00740987222228 0.0382665543164 -0.00145665007594 0.00135913586998 -0.00209316408155 0.00930062931826 0.00182022255823 0.00799060194267 0.0202923427998 -0.000673348311741 0.00947322217788 0.0168362958905 0.0395412415701 0.00270777447178 0.0151879213677 0.0105479088862 0.0313715724612 0.00343462558818 0.0178649951172 -0.00186978710233 0.00220411598815 0.0231823186142 -0.0105790614938 -0.00349864438373 0.000505542486348 0.0182831049593 
-0.0114650215842 0.00495534251998 0.0148460360557 0.0170285765739 0.0209100299234 -0.00798285991645 -0.00753221956243 0.0101259777702 0.00858264994598 0.0225198921698 -0.00666175992634 0.0102562504746 0.00229022453929 0.00591651873995 -0.0138551836748 -0.011009213316 0.0243765558899 0.0267971234598 0.0122699008545 0.210529033526 -0.00374914392727 0.00589365725993 0.0162132579535 0.0237417643615 0.03778415945 0.0289105012438 -0.000260009604483 0.0122468716809 0.00855931371294 -0.000302837830318 0.00431470727738 0.0115106823356 0.014643793553 0.0104259433276 0.00397919265601 0.00515342649289 -0.00340516121632 0.00971361204103 0.0321556017787 0.0106480869416 0.0334952242158 -0.00336137575342 0.0292706238625 0.0124568701576 0.0216659974348 0.00580108951177 0.0022851366802 0.000703551323006 0.0125230558784 0.0253888228644 
0.00555617555532 -0.0158457312403 -0.00283058243253 0.0418505265533 0.000996967122864 0.0253360316489 0.00337387279689 -0.00659669492058 0.00816609679675 0.0202618768476 0.00534767231074 0.00413652248933 0.0285137822217 -0.00179883898908 0.0198907639473 -0.0196079277949 -0.00427429096581 0.00437106624788 0.0117859252668 -0.00374914392727 0.340472520219 0.0235408669751 0.006438369315 -0.00576617936738 0.021974683175 0.00883458938086 0.00545179365362 -0.0188672057305 0.0119146507162 0.0270678696119 0.0333045059145 0.0155002985869 0.00928447888229 0.00517805992973 0.0363366354292 -0.000131229744703 -0.0197791714394 0.0167107063776 -0.0114929813 -0.0157783159946 0.0215815466218 0.0211107316744 0.017706309736 -0.0374429898633 0.0100467560119 -0.0169495243199 0.0152675284909 0.00721205345991 0.020163126487 0.0319249654131 
0.0224634756256 0.0275405910651 0.0164097061307 0.0412423222591 0.0185445618905 0.0049310004291 0.00884984017236 0.0245254213542 0.0190873580926 0.0161758198081 0.0011652834077 0.0337681971221 0.0232793490403 0.0129489228309 -0.0136449784989 0.0270114320411 0.0211202648699 0.0128213534693 0.0150029230681 0.00589365725993 0.0235408669751 0.173935536931 0.0317031030462 0.0260459056614 0.0137199512397 0.034835545493 0.00204041431652 0.00658682728754 0.0215412460346 0.00508771779408 0.0388521481325 0.0248178056657 0.0233533880951 0.0069939324052 0.0103697037694 0.0147743702359 0.019189044617 0.0133287347496 0.0190255136825 0.0116214736504 0.0317584205133 0.00504341283543 0.0180812774567 0.0246182764704 0.0161312202098 0.00731548680565 -0.0228593350648 0.0348251464883 0.0187186407287 0.0308129203928 
0.0288810207452 0.024436063458 0.0241114355748 0.0417205770239 0.0287132075927 0.007890747113 0.020634981768 0.00891163329716 0.00847471581957 0.027278452284 0.00326466819034 0.0343598905562 0.0282728436177 0.0260225511318 0.0483647118341 0.0528281937084 0.0317111068179 0.0314683112084 0.00505803672073 0.0162132579535 0.006438369315 0.0317031030462 0.20219027058 0.0203856663121 0.0231379366923 0.0343282032191 0.0188405244315 0.0261408343641 0.0263652274563 0.000442061528565 0.00375054976914 0.0197990895824 0.0118709227322 0.0326393176847 0.0094346120045 0.0221682130609 0.0236684071698 0.0185978396014 0.0272410716026 0.0286495250533 0.0229997676626 -0.00696331937266 0.0455893525302 0.0236772034217 0.0422168232018 0.00782289619315 0.0165569401426 0.0356094091797 0.0531066904989 0.0354829323715 
0.029264169405 0.00135693946308 0.0195386091812 0.019391198094 0.0298745551557 0.0202211928863 0.00684147591454 0.0221619968833 0.0274718127122 0.0302232928434 0.00165770262189 0.0346734250266 0.0082570679906 0.0383149556057 0.00836313364856 0.00782801469272 0.0358982561583 0.0232379448392 0.0190324296089 0.0237417643615 -0.00576617936738 0.0260459056614 0.0203856663121 0.158629485125 0.00471182013939 -0.000547620780609 0.0213837597554 0.00123269155819 -0.00746254929701 0.00609851012356 0.011357294769 0.0308133244907 0.0157563027467 0.0182313682615 0.0346736647058 0.017745517143 0.0399490917782 0.00945143819124 0.0144954024812 0.00485587485304 0.0550562318481 0.00546126181055 0.0368557199692 -0.000552748788364 0.0241640805998 0.0198581142408 0.0296590469944 0.0522737365823 0.0200971011128 0.0186141710941 
-0.00889349644454 0.077122763394 0.0518751445987 0.0217356474113 0.0300011969103 0.0404474406276 0.000395321203034 0.00783730659775 0.0259450773192 0.00485479882441 0.0138367266471 0.00351598589206 0.0367113655378 0.00642005837467 0.0124505072035 5.16571326142e-05 0.00390328039358 -0.0121867775549 0.00740987222228 0.03778415945 0.021974683175 0.0137199512397 0.0231379366923 0.00471182013939 0.458069163389 0.0519769524953 0.0404279531439 0.0220997128455 0.0287100980859 0.0105893905308 0.0305828218529 0.00836332425069 0.0127414522881 -0.00148484570161 0.0115209462162 0.0596195411744 0.00523267205228 0.00633405218449 0.0331858422315 0.0714575571091 0.0509201862976 -0.000364539564257 0.0155331939178 -0.00173950843161 0.00248670548731 0.0169335686564 0.0179451822728 -0.00766702650373 0.0304318538946 0.0155796780178 
0.00509913809457 0.0859470824171 -0.0194497780612 0.0328041460532 0.0627435140483 0.0324471105988 0.0266989455117 0.0160260141479 0.00959342819823 0.0143030082154 -0.0124967148319 0.0439336411632 -0.00443589451982 -0.00187598965941 0.0291682409138 -0.018640887862 0.00192487481645 0.0325291028952 0.0382665543164 0.0289105012438 0.00883458938086 0.034835545493 0.0343282032191 -0.000547620780609 0.0519769524953 0.549760009944 0.0344209766686 0.0335935944713 0.160880703716 -0.0136914224949 0.0202149699019 -0.00609177352656 0.0172017401133 0.00372144182106 0.0222174344598 0.052440579812 -0.0342150720114 0.0304336143205 0.193734958845 0.0642690692342 0.079293494731 0.00311175610635 0.0255227850532 0.00681738227696 -0.0334789629837 -0.00705725182547 0.0128845543969 -0.0269965751071 0.0285305717279 0.0229380821329 
0.0102856539085 0.0237639092224 0.0125207371372 0.000191883161932 0.0486692557016 0.0213236284822 0.0176502764938 0.0215045956057 0.000940530481857 0.019707617799 0.00301366579314 0.0222144603594 0.0103047517602 0.00483778875784 0.0128433634588 0.0391096734941 0.000813092801804 0.0100344426351 -0.00145665007594 -0.000260009604483 0.00545179365362 0.00204041431652 0.0188405244315 0.0213837597554 0.0404279531439 0.0344209766686 0.146977302647 0.00399706190661 0.0192810105125 -0.00177646135454 0.00254195309841 -0.00647621275368 0.00761071301717 0.0160839507788 0.0095215248367 0.0313488846399 -0.000109945231758 0.0199039584077 0.0292192243018 0.00304911032548 0.0076111128777 0.0163522086486 0.026314025322 0.00643940958406 0.011676107728 0.00760370860968 0.0255225933724 -0.0174455009334 0.0204457570934 0.00259895981708 
0.0253852690102 -0.0103096632732 0.00936571421958 0.0233459815992 -0.00285572194911 0.0137117121279 0.0139170816212 0.00662220925317 0.0244669408102 0.0239655567284 -0.00526240717457 0.054813353876 0.011695053204 0.00522287861844 0.00758447537547 0.0685679855951 0.0115703234707 0.0111421408573 0.00135913586998 0.0122468716809 -0.0188672057305 0.00658682728754 0.0261408343641 0.00123269155819 0.0220997128455 0.0335935944713 0.00399706190661 0.277288276174 0.00559784760916 -0.00897731407097 0.000920062778604 0.0243396263387 0.0136916990454 -0.0159963802735 0.00820870893961 0.0102146054642 0.0127554322627 0.0285363812189 0.0101660202437 0.0897593294945 0.0260101005162 0.0112138708804 0.00626245475778 0.0366224552067 0.00486747368776 -0.0154740550695 0.0204591439475 -0.0047885160686 -0.00328621367688 0.0315352988531 
0.00799940403519 0.0665194686896 0.0180689249287 0.00178353043044 0.0318827609089 0.00473853343824 0.0305619974261 0.0148847525647 -0.00935443612374 0.0162478067159 0.0138652421552 0.0414646252219 0.0262117267711 -0.0107700423775 0.0447608238504 -0.0183681627706 -0.00408633442061 0.0161643132211 -0.00209316408155 0.00855931371294 0.0119146507162 0.0215412460346 0.0263652274563 -0.00746254929701 0.0287100980859 0.160880703716 0.0192810105125 0.00559784760916 0.360841627291 -0.0131546306683 0.00236135900483 -0.0031749707136 -0.00423787637472 -0.014322908503 -0.0185995164657 0.0151548529263 -0.0159135876074 -0.00302412897515 0.175953733643 0.115326353393 0.0488413459737 0.00324416098722 0.0130510473708 0.0405518781695 -0.0301436063689 0.00369314791403 0.00730141712219 0.00920014424949 -0.00263587325214 0.0451050160276 
-0.0143672927041 0.0170335611203 0.00772358990916 0.0206035725823 0.0112646639653 -0.00787262709363 0.0192965064912 0.00585714975137 0.0132168018341 0.0174797929124 -0.00274428547928 0.0153148995517 0.00389907793101 0.0245620652203 -0.000588346395939 0.0114646774846 0.00168935932529 0.000763615021623 0.00930062931826 -0.000302837830318 0.0270678696119 0.00508771779408 0.000442061528565 0.00609851012356 0.0105893905308 -0.0136914224949 -0.00177646135454 -0.00897731407097 -0.0131546306683 0.145674384307 0.0114646586813 0.00731388097708 -0.000752445371081 0.00390342841816 0.0242564503103 -0.00236513838764 0.00263400147729 0.0107999463753 -0.000142054274884 -0.0204107270711 0.0465280038004 0.0136092315935 0.0144244302106 -0.012261411708 -0.0127517188431 0.00340387444179 0.00618286865359 -0.00762192525246 0.0096416534139 0.0140914599468 
0.00551250060411 -0.0160708230154 -0.00855543307336 0.0593121581678 0.0132306066526 0.00645318278712 0.0426677032271 0.00957595109266 0.00915539220916 0.0185146939536 0.0138508662446 0.028542307413 0.0179113751918 0.0201015357523 0.00789795208747 0.000140201872681 0.00864764399438 0.0304134611394 0.00182022255823 0.00431470727738 0.0333045059145 0.0388521481325 0.00375054976914 0.011357294769 0.0305828218529 0.0202149699019 0.00254195309841 0.000920062778603 0.00236135900483 0.0114646586813 0.368568081482 0.03073390778 0.0058694094649 0.0159838417197 0.0201672387552 -0.00763729884219 0.00551474998883 0.0129578984758 0.0269362715484 0.0208040818417 0.0702000030502 0.00880874171656 0.0181710289085 0.0253356135569 0.0194230536379 -0.00738514874102 0.0215933794223 0.00621867701613 0.025105765729 0.00437143905227 
0.0251113265771 0.00065773601964 -0.0105374664098 0.0465981978445 -0.00771476827898 -0.00922933975166 0.00126906077671 0.0103954018286 0.010126258967 0.0157104182637 0.0163747001201 0.0480600393902 0.0183482930802 0.0162931763941 -0.00924859257608 0.00786603255018 0.0177805219174 0.00196650452683 0.00799060194267 0.0115106823356 0.0155002985869 0.0248178056657 0.0197990895824 0.0308133244907 0.00836332425069 -0.00609177352656 -0.00647621275368 0.0243396263387 -0.0031749707136 0.00731388097708 0.03073390778 0.184036890144 0.00440510325452 -0.0108072625541 0.0397942907158 0.0196938839581 0.0163584660146 0.0245451788409 -0.00445169646484 0.046855113732 0.0343758268443 0.0110834984171 0.0194318984483 -0.000771061172479 0.0239934040409 0.0016565321831 -0.00393141960557 0.0264014965941 0.0115089866443 0.0122585218982 
0.0167896567024 -0.00892924574829 -0.00120204964464 0.022020668989 0.016188689901 0.00752084619406 0.00960315562797 0.00224805617762 0.0166479467631 0.00627502561225 -0.00768613099164 0.012588276441 0.00665581513435 0.0297239360015 0.00800316339341 0.00802860014316 0.0283463098384 0.0118597012687 0.0202923427998 0.014643793553 0.00928447888229 0.0233533880951 0.0118709227322 0.0157563027467 0.0127414522881 0.0172017401133 0.00761071301717 0.0136916990454 -0.00423787637472 -0.000752445371081 0.0058694094649 0.00440510325452 0.160704187384 0.0175363839154 0.0117436646043 0.00178763416455 0.0507108000987 0.0129998458545 0.00782409362304 0.0108417852438 0.0109491581714 0.0121381358342 0.0240561135569 -0.00368128659303 -0.0159241930462 0.0181241375429 -0.00193577391052 -0.0129284119843 0.0239506040587 0.0176689130558 
0.0153234691565 0.0194050327747 0.0366603241096 0.0082713508095 0.0203526860622 0.00127526663649 0.00837489908924 -0.00318900540223 0.00128089060894 0.0127110743754 -0.00142838090329 0.00542397159944 -0.00334583082987 0.017981360402 0.0110109039101 -0.0100671871676 0.021641742264 0.00127340799986 -0.000673348311741 0.0104259433276 0.00517805992973 0.0069939324052 0.0326393176847 0.0182313682615 -0.00148484570161 0.00372144182106 0.0160839507788 -0.0159963802735 -0.014322908503 0.00390342841816 0.0159838417197 -0.0108072625541 0.0175363839154 0.185003295814 0.0182799231099 0.0152084549393 0.00518596359046 0.0227425159023 0.0122639389111 -0.0445732642289 0.0312100422154 0.016602663079 0.0246085122619 0.00753850064759 0.00701896057661 -0.00271709457078 -0.00152178275938 0.00444007123855 -0.0132641120833 0.0221304760251 
0.0298448019153 0.0214132322011 0.0341168514885 0.0460129802488 0.0275698779325 0.0208702275845 0.0134631009997 0.00125059010371 0.0114026434872 0.0124368905853 0.00450513096558 0.0109257396768 0.0179607389161 0.00562593944118 0.0279457112576 0.0194917257641 0.0162635711882 -0.00441608987989 0.00947322217788 0.00397919265601 0.0363366354292 0.0103697037694 0.0094346120045 0.0346736647058 0.0115209462162 0.0222174344598 0.0095215248367 0.00820870893962 -0.0185995164657 0.0242564503103 0.0201672387552 0.0397942907158 0.0117436646043 0.0182799231099 0.348906502146 0.0280359632174 0.00109102808516 0.0354103152402 -0.0174627822738 0.0267579443238 0.0556649261784 0.0183363024438 0.024588546144 0.0174865188514 0.00795253289537 0.00162338723303 -0.00822832849897 0.00747331854354 0.0068175500972 0.0236556119137 
-0.0143313815518 0.0315285090807 0.0138741236008 0.0336776692289 0.0440397156448 0.0568884010962 -0.0114683210698 -0.00528457312478 0.00197820224095 0.0497533688687 -0.00360542090647 0.0389246991373 -0.00534087571358 0.00598321857996 0.00995244514007 0.0584974912388 0.00735805284505 0.00110134694836 0.0168362958905 0.00515342649289 -0.000131229744703 0.0147743702359 0.0221682130609 0.017745517143 0.0596195411744 0.052440579812 0.0313488846399 0.0102146054642 0.0151548529263 -0.00236513838764 -0.00763729884219 0.0196938839581 0.00178763416455 0.0152084549393 0.0280359632174 0.236288130719 0.015688942112 0.0208719958264 0.0218643099336 0.0304188969298 0.0122275844623 0.0182257678319 0.0445089600835 0.0016018376852 -0.0145029697092 0.012313339676 0.0288297689797 -0.0180583025469 0.00876529994143 0.0172489844278 
0.0317092778006 -0.0124589214197 0.00425652590941 0.0137594344714 0.0145399701055 -0.00834647935593 0.0152927370346 0.0139299349122 -0.00251241499473 0.0200440333234 -0.00817891706728 0.0221925715175 0.0252720847634 0.0235004991952 -0.007860760453 0.00131278386409 0.0493069076804 0.0204543334303 0.0395412415701 -0.00340516121632 -0.0197791714394 0.019189044617 0.0236684071698 0.0399490917782 0.00523267205228 -0.0342150720114 -0.000109945231758 0.0127554322627 -0.0159135876074 0.00263400147729 0.00551474998883 0.0163584660146 0.0507108000987 0.00518596359046 0.00109102808516 0.015688942112 0.256081962451 0.0287350361795 -0.0123811109591 -0.00781978977781 0.00578608198348 -0.00934523869717 0.0221150714058 0.0221180730438 0.00969116536417 0.0117480520289 0.0367468171669 0.032491961492 0.0198035608104 0.0172949902088 
0.010076971574 0.000613589861657 0.0469307188396 0.0169644033456 0.0304238629224 -0.0127166037593 -0.0152219104379 -0.00257448128743 0.0257135075998 0.0190333638542 -0.00381497249978 -0.0117066491312 -0.00547768704583 0.00177634425847 0.0247485463493 -0.0274634718074 0.00369559644323 0.00506708661809 0.00270777447178 0.00971361204103 0.0167107063776 0.0133287347496 0.0185978396014 0.00945143819124 0.00633405218449 0.0304336143205 0.0199039584077 0.0285363812189 -0.00302412897515 0.0107999463753 0.0129578984758 0.0245451788409 0.0129998458545 0.0227425159023 0.0354103152402 0.0208719958264 0.0287350361795 0.26859223762 0.00963492581629 -0.0164867725955 0.0107725509142 0.0164263064077 0.00926545605257 0.0344571846645 0.0204792588816 0.0038943498364 0.0330110422807 -0.0157851907498 0.0159095660245 -0.000332907521796 
-0.0103965502303 0.0928447976373 0.0357738061493 0.026871216984 0.0464560775093 0.0379778317915 0.023193429425 0.0167217431534 -0.00263751798863 0.0357918826107 0.0127719171882 0.00723844500885 0.00762116506257 0.0157933062451 0.0106221879041 -0.0220053406905 0.00643478278376 0.0164955034536 0.0151879213677 0.0321556017787 -0.0114929813 0.0190255136825 0.0272410716026 0.0144954024812 0.0331858422315 0.193734958845 0.0292192243018 0.0101660202437 0.175953733643 -0.000142054274884 0.0269362715484 -0.00445169646484 0.00782409362304 0.0122639389111 -0.0174627822738 0.0218643099336 -0.0123811109591 0.00963492581629 0.440547311993 0.0145932665881 0.0548438459641 -0.0119066345588 0.0104779581245 0.0385369652534 -0.0170783404525 -0.00462579044576 0.00594422629367 0.00285449182011 -0.00390032816083 0.0542466395418 
0.0101515050204 0.0135611351863 0.0242138926322 0.057723020846 0.0181521381512 -0.0133343892499 0.103054918982 0.00835345485474 -0.0165253254048 0.0395526213431 0.0207348721325 0.0832410481645 0.0299800630526 0.00771158949874 -0.00836914793862 0.0191919774771 0.0112923943021 0.0299040251034 0.0105479088862 0.0106480869416 -0.0157783159946 0.0116214736504 0.0286495250533 0.00485587485304 0.0714575571091 0.0642690692342 0.00304911032548 0.0897593294945 0.115326353393 -0.0204107270711 0.0208040818417 0.046855113732 0.0108417852438 -0.0445732642289 0.0267579443238 0.0304188969298 -0.00781978977781 -0.0164867725955 0.0145932665881 0.832472215811 0.011518784464 -0.00869781118324 0.0390735388685 0.159064437584 0.0461802264949 0.00950141657504 -0.000401105317534 0.102809861734 0.00513118398263 0.0459184221993 
0.0134802134805 0.0608237244856 0.00510014344319 0.0612476858831 0.0465438288102 0.00817736750244 0.0417398646019 0.0302616544852 0.0385388953288 0.0477932966812 0.0116909722276 0.0774094486451 0.00912542016379 0.0319738694605 -0.00721071566665 0.00402260427179 0.0516795923827 0.0475893501938 0.0313715724612 0.0334952242158 0.0215815466218 0.0317584205133 0.0229997676626 0.0550562318481 0.0509201862976 0.0792934947311 0.0076111128777 0.0260101005162 0.0488413459737 0.0465280038004 0.0702000030502 0.0343758268443 0.0109491581714 0.0312100422154 0.0556649261784 0.0122275844623 0.00578608198348 0.0107725509142 0.0548438459641 0.011518784464 0.499870523496 0.00618709166514 0.0444784828764 -0.0140376876872 0.0235865960089 0.0172152258034 0.002696578049 -0.0110830668341 0.0292010049908 0.0272014204484 
0.0101173401614 -0.00393859415752 0.0125775429981 0.00036866577249 0.00234703426213 -0.00786846514744 0.00207318321816 -0.00465097853737 0.013609159287 0.0214239956723 -0.00423974181153 -0.00535690512036 -0.00953657406926 0.0126014247602 0.0118918105077 0.000548888253306 0.0127330029459 0.00837664233435 0.00343462558818 -0.00336137575342 0.0211107316744 0.00504341283543 -0.00696331937266 0.00546126181055 -0.000364539564257 0.00311175610635 0.0163522086486 0.0112138708804 0.00324416098722 0.0136092315935 0.00880874171656 0.0110834984171 0.0121381358342 0.016602663079 0.0183363024438 0.0182257678319 -0.00934523869717 0.0164263064077 -0.0119066345588 -0.00869781118324 0.00618709166514 0.242926508988 0.0166769523837 0.00376931460198 -0.00467899365001 0.0106965144506 0.0200559287792 0.0393953721874 0.00850956561976 0.00757083212135 
-0.00267574630641 0.0239954563944 0.0449022880963 0.0198540791554 0.0427810102589 0.0101847586342 0.00355008074221 0.0155122162943 0.00626789293872 0.0721133775337 0.0124371759292 0.0152915487826 0.0197017802745 0.0162534429323 0.0190644263931 0.0255716859446 0.0227347063932 0.0363690974747 0.0178649951172 0.0292706238625 0.017706309736 0.0180812774567 0.0455893525302 0.0368557199692 0.0155331939178 0.0255227850532 0.026314025322 0.00626245475778 0.0130510473708 0.0144244302106 0.0181710289085 0.0194318984483 0.0240561135569 0.0246085122619 0.024588546144 0.0445089600835 0.0221150714058 0.00926545605257 0.0104779581245 0.0390735388685 0.0444784828764 0.0166769523837 0.194172988028 0.0450139636255 0.0143495095668 0.0213848305663 0.00232374015323 0.00179580033867 0.0436011397244 0.0358849612447 
-0.00889293803164 0.0298172477191 0.0161565543105 0.0567201207963 0.0226968590386 -0.0152393243387 0.0730202329374 0.0186966647596 0.0144895150046 0.0275935626277 0.0482092274847 0.0577445990238 0.00987360971252 0.0274171858988 0.0248441801935 0.0326958890088 0.0213659991459 0.0127657818491 -0.00186978710233 0.0124568701576 -0.0374429898633 0.0246182764704 0.0236772034217 -0.000552748788364 -0.00173950843161 0.00681738227696 0.00643940958406 0.0366224552067 0.0405518781695 -0.012261411708 0.0253356135569 -0.000771061172479 -0.00368128659303 0.00753850064759 0.0174865188514 0.0016018376852 0.0221180730438 0.0344571846645 0.0385369652534 0.159064437584 -0.0140376876872 0.00376931460198 0.0450139636255 1.30647952218 0.062255706966 0.0103773117016 0.0822175045436 0.0509723714013 0.0317291113078 0.0364757714128 
-0.00883831061196 -0.0137736578014 -0.0131319513359 0.0174977839968 0.0209079205506 0.0247490545996 0.0112630184198 0.0107363273162 0.00842240311696 0.032265166694 0.0187827880209 0.0288130101591 0.00862648304751 0.000540568050652 0.0110875928522 0.0463455780861 0.00899679841571 0.00364314863256 0.00220411598815 0.0216659974348 0.0100467560119 0.0161312202098 0.0422168232018 0.0241640805998 0.00248670548731 -0.0334789629837 0.011676107728 0.00486747368776 -0.0301436063689 -0.0127517188431 0.0194230536379 0.0239934040409 -0.0159241930462 0.00701896057661 0.00795253289537 -0.0145029697092 0.00969116536417 0.0204792588816 -0.0170783404525 0.0461802264949 0.0235865960089 -0.00467899365001 0.0143495095668 0.062255706966 0.725983723723 -0.002432606976 0.0509037592859 -0.0064288346626 -0.00694345591243 0.043456679947 
0.00983320070846 0.0042939879922 0.00920990682064 -0.000240181184589 0.0277032071547 0.0112490052476 -0.00348412075703 0.0342782148124 0.00744117775726 0.0179474032908 0.00132881905718 -0.0212790862125 0.00429950287429 0.0160502197006 0.0141231877895 0.0409501324269 0.0118377037107 0.00410302471311 0.0231823186142 0.00580108951177 -0.0169495243199 0.00731548680565 0.00782289619315 0.0198581142408 0.0169335686564 -0.00705725182547 0.00760370860968 -0.0154740550695 0.00369314791403 0.00340387444179 -0.00738514874102 0.0016565321831 0.0181241375429 -0.00271709457078 0.00162338723303 0.012313339676 0.0117480520289 0.0038943498364 -0.00462579044576 0.00950141657504 0.0172152258034 0.0106965144506 0.0213848305663 0.0103773117016 -0.002432606976 0.124392816828 0.00579612504054 -0.000713517320945 0.0112946110176 0.0150674721638 
0.00838493372223 0.025655060521 0.0478613336315 0.0414186076504 0.02953395916 0.0204046521939 -0.00269522562668 -0.00673875713591 0.0191537227838 0.0426277144925 0.0205238094352 -0.000345065294719 0.0213358434568 0.00269616412918 0.0284462435245 0.0266061000612 0.0318648761281 0.0142080745137 -0.0105790614938 0.0022851366802 0.0152675284909 -0.0228593350648 0.0165569401426 0.0296590469944 0.0179451822728 0.0128845543969 0.0255225933724 0.0204591439475 0.00730141712219 0.00618286865359 0.0215933794223 -0.00393141960557 -0.00193577391052 -0.00152178275938 -0.00822832849897 0.0288297689797 0.0367468171669 0.0330110422807 0.00594422629367 -0.000401105317534 0.00269657804899 0.0200559287792 0.00232374015323 0.0822175045436 0.0509037592859 0.00579612504054 0.888134923364 -0.0268999227392 0.0132925556373 0.0357053586169 
