30
0.105904751354 0.0292815331214 0.0729597235382 0.00388664565626 0.171628318037 0.0475630895173 0.275152850517 0.0146303634135 0.087070388143 0.0114549593271 0.106356452037 0.0129348444485 0.00610402508206 0.0431320253577 0.332832739506 -0.00953493093171 0.0279461936292 0.075466134778 0.104921073146 0.0798623823862 0.102922334335 0.0301615681032 0.0230030392576 0.00535997805058 0.0415957971797 0.0697795953642 0.0566217234647 0.100886603299 0.0896896089949 0.00194148072761 
0.422399063301 0.0169939955042 0.0048623759689 0.0309044968768 0.00603221650221 0.0177038136965 -0.015071245722 0.0195236887046 0.00999361973132 0.0247658359011 0.0189664938826 0.0102458860889 0.0196760666606 0.0392296976534 0.00903036928175 0.046685624881 -1.35600864746e-05 0.0184321593857 0.00684545516967 0.0214282126639 -0.00448117999668 0.013792201396 0.0266713328351 0.0136629359954 0.0228615730108 0.0370439921133 0.0278173186364 -0.000781136071491 0.05893651574 0.00675104736796 
0.0169939955042 0.154179491538 0.00693440125186 0.0136558521704 0.0149499146811 -0.00844359293958 0.00203101774214 0.0184228509569 0.0120496290835 0.0265045287649 0.0211146679003 0.0244692404618 0.0251914376814 0.0374656169601 0.0335562439473 0.0230009274923 -0.00128409663615 0.00877955541901 0.0184513268898 -0.000142288123897 0.0152495120345 0.0292076350127 0.0273707360651 0.012183827408 0.0381244100175 0.014541819097 0.0213303985105 -0.00310246836811 -0.00279529113051 0.0265690546514 
0.0048623759689 0.00693440125186 0.465550280188 0.023508324805 0.0214439818164 0.020423283444 0.0456021461698 -0.0116372858299 0.0475785611732 0.0020828114164 0.173290005599 0.00579448525872 -0.0202935850268 0.0169737207483 0.00586075296272 -0.000799651913915 0.0268942320377 0.0156535250599 0.050655085934 0.135998387166 -0.000255915817078 0.0153389189115 0.00752605243544 0.024915069708 0.0345117679071 0.0406809560989 0.024291653456 -0.00806734002446 0.0266957731775 0.0368911043811 
0.0309044968768 0.0136558521704 0.023508324805 0.23535658145 0.0240785156526 -0.0220552604853 0.00281707679892 0.00661417042793 0.00505940953993 0.0207008385977 0.0377017410949 0.00502970087045 0.015245531984 0.00674855821344 0.0159130203516 0.0029265782371 0.00210816034897 0.0077982331902 0.00866023840613 0.0255811033934 0.0288400334498 0.0297284713564 0.00503717278174 0.0363434694037 -0.00860231257072 0.0471192126704 0.0337813903247 0.0226325241373 0.0193948962456 0.0173166297371 
0.00603221650221 0.0149499146811 0.0214439818164 0.0240785156526 0.276097453601 -0.0117225856668 0.0198877825394 0.0187387475824 0.0579915218415 0.00611312760202 0.0299796354009 0.0211274734018 0.0349885667766 0.0533149340782 0.00114850275557 0.0202030597119 0.00437438588654 0.00667963527457 -0.00809993837343 0.0371729905263 0.0397279047365 0.0292895015963 0.0246288267362 0.0163406701269 0.0167980322962 0.000102127817768 0.034069048012 -0.00300652835805 0.00634890949217 0.012968876898 
0.0177038136965 -0.00844359293958 0.020423283444 -0.0220552604853 -0.0117225856668 0.307007711954 -0.0135504472515 -0.00490992928753 -0.0151346757345 0.0143200663772 0.0146411524553 0.0107315427614 0.0139290872209 0.00601025626723 0.00261396173037 0.00236651474538 -0.0059733198429 0.00199148794448 0.0282736468856 0.0411930462011 0.0420217962778 0.000964631095093 0.00206629048034 -0.00204295774919 0.00125264433526 0.0514296101525 0.00197326846111 -0.00782823195855 0.0377059089812 0.00437021666599 
-0.015071245722 0.00203101774214 0.0456021461698 0.00281707679892 0.0198877825394 -0.0135504472515 2.7183167744 -0.00737004426228 -0.0039666292068 0.0382929810342 -0.0487691565077 -0.00772533452679 0.0256565362151 -0.0323040556016 -0.0190585481592 -0.000869039198218 0.0245304303575 -0.00652235054046 -0.0235736588071 0.0530196824479 -0.0178170827267 -0.0104506345175 -0.00631057866241 0.00962004904368 -0.00138384556531 0.015138375268 0.000370895479306 -0.0248068869358 -0.0154965912579 0.0133995350739 
0.0195236887046 0.0184228509569 -0.0116372858299 0.00661417042793 0.0187387475825 -0.00490992928753 -0.00737004426228 0.158121501866 0.00294395771337 0.0094160596817 0.0177580738912 0.0229390799923 0.0170636767517 0.0172651649839 0.0163457606264 0.0201018562069 0.0133387110667 -0.00291128655174 0.0179176875068 0.0129812251623 0.0198480871598 0.00872718024893 0.0131774391112 0.00826280956763 0.0262958330667 0.0123580744934 0.00591745359983 0.0290953884564 -0.0119876716407 0.0349821449163 
0.00999361973132 0.0120496290835 0.0475785611732 0.00505940953993 0.0579915218415 -0.0151346757345 -0.0039666292068 0.00294395771337 0.617875903164 0.0118045474056 0.0216186942597 0.0119037429362 0.0299460006651 0.0488311824702 0.015598428489 0.00609544142258 0.023127506633 0.0125007677311 0.0394160602397 -0.0240368611671 0.0138197826221 0.0513017429234 -0.00794331416175 0.00277359385102 0.0324858837279 -0.00435301059124 0.0167115946811 0.0304528589995 0.0448547648499 0.0275652876839 
0.0247658359011 0.0265045287649 0.0020828114164 0.0207008385977 0.00611312760201 0.0143200663772 0.0382929810342 0.00941605968171 0.0118045474056 0.166781146102 0.010353215603 0.0108200088034 0.0262225112002 0.029893082422 0.0185182444338 0.0226831179641 0.00701226675201 0.0202788423742 0.0348042088898 -0.00874337307822 0.0123270096913 0.0180734910728 0.026525037391 0.0142754054808 0.0338584188072 0.00479832568783 0.018651455828 -0.00194172684899 0.0319440097392 0.0194232135645 
0.0189664938826 0.0211146679003 0.173290005599 0.0377017410949 0.0299796354009 0.0146411524553 -0.0487691565077 0.0177580738912 0.0216186942597 0.010353215603 0.493505179878 0.00832011921899 0.000204652962918 0.0201026647782 0.0353143145779 0.0100051941968 -0.00259770544369 0.000118766487094 0.0325595031872 0.174896111419 0.0153832017892 0.0338456111135 -0.00131179959783 0.0276537205605 0.0258043298582 0.0441102281507 0.0657866703094 0.0015293753082 0.0230822636302 0.0268693816841 
0.0102458860889 0.0244692404618 0.00579448525872 0.00502970087046 0.0211274734018 0.0107315427614 -0.00772533452679 0.0229390799923 0.0119037429362 0.0108200088034 0.00832011921899 0.167990609913 0.0182669532257 0.0346202914377 -0.00403860305225 0.0217184585158 0.0234030692703 0.0067923504775 0.0195227777012 -0.00816689996575 0.0202658585981 0.017440102206 0.0229709173738 0.00802729498844 0.0186951026105 0.0136904083283 0.0129502379901 -0.00333962412906 0.00488029056968 0.039157205073 
0.0196760666606 0.0251914376814 -0.0202935850268 0.015245531984 0.0349885667766 0.0139290872209 0.0256565362151 0.0170636767517 0.0299460006651 0.0262225112002 0.000204652962916 0.0182669532257 0.171408813733 0.0532996634832 0.0324056583931 0.0199962115445 0.00677976294815 0.0209015899053 0.00407153040053 0.00540536631991 0.025064346688 0.0332672036066 0.0325123014882 0.0179850047187 0.0145781486658 0.0419492507804 0.029653336352 0.00508906308357 0.0154707244802 0.0220581864626 
0.0392296976534 0.0374656169601 0.0169737207483 0.00674855821344 0.0533149340782 0.00601025626723 -0.0323040556016 0.0172651649839 0.0488311824702 0.029893082422 0.0201026647782 0.0346202914377 0.0532996634832 0.385640848861 0.0428650731307 0.0216050293225 0.00790073260349 0.021642716751 0.041239481183 0.0292982793894 0.0464304511858 0.0490220200842 0.0300669203697 0.00802892977035 0.0273463403115 0.0114490455862 0.0313456994389 0.00892095175962 0.0482623810339 0.0249931317774 
0.00903036928175 0.0335562439473 0.00586075296272 0.0159130203516 0.00114850275557 0.00261396173037 -0.0190585481592 0.0163457606264 0.015598428489 0.0185182444338 0.0353143145779 -0.00403860305225 0.0324056583931 0.0428650731307 0.530854138247 0.0200059198445 -0.00578567206052 0.0219152490433 0.0344541628154 -0.00517749139837 0.018549676024 0.0155050032204 0.0189895176873 0.0143789522078 0.0300004415992 0.0249980019893 0.023131092479 -0.00671315573435 0.00679862194838 0.0188705638163 
0.046685624881 0.0230009274923 -0.000799651913916 0.0029265782371 0.0202030597119 0.00236651474538 -0.000869039198218 0.0201018562069 0.00609544142258 0.0226831179641 0.0100051941968 0.0217184585158 0.0199962115445 0.0216050293225 0.0200059198445 0.227553111011 0.0119245664145 0.00417222641382 0.0101144644312 0.00187346144927 0.0224385442212 0.00958526706334 0.0131373139514 -0.0043344554597 0.0325362770406 -0.00711723898084 0.0174270113757 0.0135572884584 0.0194483545876 0.00623808082267 
-1.35600864743e-05 -0.00128409663614 0.0268942320377 0.00210816034897 0.00437438588654 -0.0059733198429 0.0245304303575 0.0133387110667 0.023127506633 0.00701226675201 -0.00259770544369 0.0234030692703 0.00677976294816 0.00790073260349 -0.00578567206052 0.0119245664145 0.193109227623 -0.00054896252086 0.00521320426839 0.00120713112668 0.000765568474636 0.00799782482004 0.0146350523875 0.00957405694787 0.0101484330097 0.00410413539297 0.0144462144547 -0.00364508107754 0.0142636621802 0.0117540355079 
0.0184321593857 0.00877955541901 0.0156535250599 0.0077982331902 0.00667963527457 0.00199148794448 -0.00652235054046 -0.00291128655174 0.0125007677311 0.0202788423742 0.000118766487094 0.0067923504775 0.0209015899053 0.021642716751 0.0219152490433 0.00417222641382 -0.000548962520859 0.456928050899 0.0248011420925 -0.0189113045482 0.0221385661387 0.00939981544347 0.00212092923299 0.0204675467258 0.0251886970402 0.0687309097365 0.0157601447157 0.0390970702725 0.0276660194361 -0.0200668322291 
0.00684545516967 0.0184513268898 0.050655085934 0.00866023840613 -0.00809993837343 0.0282736468856 -0.0235736588071 0.0179176875068 0.0394160602397 0.0348042088898 0.0325595031872 0.0195227777012 0.00407153040053 0.041239481183 0.0344541628154 0.0101144644312 0.00521320426839 0.0248011420925 0.271410920098 0.0237165366849 0.0138184179164 0.0252877670543 0.0388592709027 0.0170128780652 0.0273251674371 0.0246784981985 0.0397449631843 0.0109729433747 0.00952466176633 0.0461853110347 
0.0214282126639 -0.000142288123896 0.135998387166 0.0255811033934 0.0371729905263 0.0411930462011 0.0530196824479 0.0129812251623 -0.0240368611671 -0.00874337307823 0.174896111419 -0.00816689996575 0.00540536631991 0.0292982793894 -0.00517749139837 0.00187346144927 0.00120713112668 -0.0189113045482 0.0237165366849 0.364437476472 0.00453531042153 0.0199204708648 0.0136085745878 0.0242353948127 0.0183830768052 0.0419592233922 0.0150298613044 0.000903228587795 0.0094034202422 0.0324466139284 
-0.00448117999668 0.0152495120345 -0.000255915817078 0.0288400334498 0.0397279047365 0.0420217962778 -0.0178170827267 0.0198480871598 0.0138197826221 0.0123270096913 0.0153832017892 0.0202658585981 0.025064346688 0.0464304511858 0.018549676024 0.0224385442212 0.000765568474634 0.0221385661387 0.0138184179164 0.00453531042153 0.375082368554 0.00865137199319 0.00751284948143 0.0139459674177 0.0324058394556 0.0042719698157 0.0165518391044 0.0136134848258 0.034992301739 0.0156902784446 
0.013792201396 0.0292076350127 0.0153389189115 0.0297284713564 0.0292895015963 0.000964631095095 -0.0104506345175 0.00872718024893 0.0513017429234 0.0180734910728 0.0338456111135 0.017440102206 0.0332672036066 0.0490220200842 0.0155050032204 0.00958526706334 0.00799782482004 0.00939981544347 0.0252877670543 0.0199204708648 0.00865137199318 0.217997893404 0.0190590618685 0.0262797200547 0.0219229761777 -0.0205368446165 0.0781306826476 -0.00138343878069 0.00912355619006 0.0208093900663 
0.0266713328351 0.0273707360651 0.00752605243544 0.00503717278174 0.0246288267362 0.00206629048034 -0.00631057866241 0.0131774391112 -0.00794331416175 0.026525037391 -0.00131179959783 0.0229709173738 0.0325123014882 0.0300669203697 0.0189895176873 0.0131373139514 0.0146350523875 0.00212092923299 0.0388592709027 0.0136085745879 0.00751284948143 0.0190590618685 0.132642962145 0.0275380070264 0.0304643535081 0.012928222056 0.0271236207032 -0.00318119043662 0.0117168833104 0.0353592268775 
0.0136629359954 0.012183827408 0.024915069708 0.0363434694037 0.0163406701269 -0.00204295774919 0.00962004904368 0.00826280956763 0.00277359385102 0.0142754054808 0.0276537205605 0.00802729498844 0.0179850047187 0.00802892977035 0.0143789522078 -0.0043344554597 0.00957405694787 0.0204675467258 0.0170128780652 0.0242353948127 0.0139459674177 0.0262797200547 0.0275380070264 0.138653461063 0.0182660793285 0.0418398992894 0.0333166103108 0.0145882610766 -0.00884131140281 0.025605610213 
0.0228615730108 0.0381244100175 0.0345117679071 -0.00860231257073 0.0167980322962 0.00125264433525 -0.00138384556531 0.0262958330667 0.0324858837279 0.0338584188072 0.0258043298582 0.0186951026105 0.0145781486658 0.0273463403115 0.0300004415992 0.0325362770406 0.0101484330097 0.0251886970402 0.0273251674371 0.0183830768052 0.0324058394556 0.0219229761777 0.0304643535081 0.0182660793285 0.24545536086 0.00984222420767 0.0337106956836 -0.0349355086913 0.0226841600114 0.0652075797929 
0.0370439921133 0.014541819097 0.0406809560989 0.0471192126704 0.000102127817769 0.0514296101525 0.015138375268 0.0123580744934 -0.00435301059124 0.00479832568783 0.0441102281507 0.0136904083283 0.0419492507804 0.0114490455862 0.0249980019893 -0.00711723898084 0.00410413539297 0.0687309097365 0.0246784981985 0.0419592233922 0.0042719698157 -0.0205368446165 0.012928222056 0.0418398992894 0.00984222420767 0.473824302411 0.0274345629681 0.0144564584099 0.0137032179415 0.00751828444882 
0.0278173186364 0.0213303985105 0.024291653456 0.0337813903247 0.034069048012 0.00197326846111 0.000370895479306 0.00591745359983 0.0167115946811 0.018651455828 0.0657866703094 0.0129502379901 0.029653336352 0.0313456994389 0.023131092479 0.0174270113757 0.0144462144547 0.0157601447157 0.0397449631843 0.0150298613044 0.0165518391044 0.0781306826476 0.0271236207032 0.0333166103108 0.0337106956836 0.0274345629681 0.181586237307 0.0099361984474 0.0142802707318 0.0372826033294 
-0.000781136071491 -0.00310246836811 -0.00806734002446 0.0226325241373 -0.00300652835805 -0.00782823195855 -0.0248068869358 0.0290953884564 0.0304528589995 -0.00194172684899 0.0015293753082 -0.00333962412906 0.00508906308357 0.00892095175962 -0.00671315573435 0.0135572884584 -0.00364508107754 0.0390970702725 0.0109729433747 0.000903228587795 0.0136134848258 -0.00138343878069 -0.00318119043662 0.0145882610766 -0.0349355086913 0.0144564584099 0.0099361984474 0.372139694458 0.0178797206276 0.0369300364099 
0.05893651574 -0.00279529113051 0.0266957731775 0.0193948962456 0.00634890949217 0.0377059089812 -0.0154965912579 -0.0119876716407 0.0448547648499 0.0319440097392 0.0230822636302 0.00488029056968 0.0154707244802 0.0482623810339 0.00679862194838 0.0194483545876 0.0142636621802 0.0276660194361 0.00952466176633 0.0094034202422 0.034992301739 0.00912355619006 0.0117168833104 -0.00884131140281 0.0226841600114 0.0137032179415 0.0142802707318 0.0178797206276 0.440380021109 -0.021150897935 
0.00675104736796 0.0265690546514 0.0368911043811 0.0173166297371 0.012968876898 0.00437021666599 0.0133995350739 0.0349821449163 0.0275652876839 0.0194232135645 0.0268693816841 0.039157205073 0.0220581864626 0.0249931317774 0.0188705638163 0.00623808082267 0.0117540355079 -0.0200668322291 0.0461853110347 0.0324466139284 0.0156902784446 0.0208093900663 0.0353592268775 0.025605610213 0.0652075797929 0.00751828444882 0.0372826033294 0.0369300364099 -0.021150897935 0.211550971197 
0.0365808319354 0.00147172318184 0.000421094111182 0.00267640793865 0.000522405273204 0.00153319524051 -0.0013052081662 0.00169080103937 0.000865472856308 0.00214478430363 0.00164254655231 0.000887319763724 0.00170399735747 0.00339739147506 0.000782052920355 0.00404309371385 -1.17433793645e-06 0.00159627182746 0.00059283380774 0.00185573765247 -0.000388081571606 0.0011944396783 0.0023098051788 0.00118324496623 0.00197987029978 0.00320810382277 0.00240905046043 -6.76483681724e-05 0.00510405198414 0.000584657852281 
0.00147172318184 0.0133523356414 0.000600536764414 0.00118263148899 0.00129470058982 -0.000731236598489 0.000175891296023 0.00159546569388 0.00104352848925 0.00229535952258 0.00182858387941 0.00211909838512 0.002181642499 0.00324461760559 0.00290605597139 0.00199193875189 -0.000111206030782 0.00076033180268 0.00159793178201 -1.23225129951e-05 0.00132064648172 0.00252945539054 0.00237037527527 0.00105515040506 0.00330167075795 0.00125935847552 0.0018472666983 -0.000268681642122 -0.000242079312999 0.00230094762827 
0.000421094111182 0.000600536764414 0.0403178369381 0.00203588064816 0.00185710330113 0.00176870822912 0.00394926170502 -0.00100781851598 0.00412042426515 0.000180376759789 0.0150073547071 0.000501817143591 -0.00175747601671 0.00146996733647 0.000507556095102 -6.92518871635e-05 0.00232910881599 0.00135563503607 0.00438685912497 0.0117778058159 -2.21629598819e-05 0.0013283893444 0.00065177525993 0.00215770833042 0.00298880677371 0.00352307414319 0.00210371889928 -0.000698652140215 0.00231192177454 0.00319486335677 
0.00267640793865 0.00118263148899 0.00203588064816 0.0203824778483 0.00208526062405 -0.00191004158674 0.000243966007228 0.000572803961555 0.000438157718973 0.00179274521052 0.00326506655551 0.000435584872725 0.00132030179923 0.000584442285176 0.00137810798755 0.000253449109949 0.000182572041746 0.000675346804735 0.000749998646254 0.00221538853955 0.00249762016136 0.00257456114103 0.000436231959224 0.00314743677653 -0.000744982121754 0.00408064351789 0.00292555421964 0.00196003408546 0.00167964728525 0.00149966412603 
0.000522405273204 0.00129470058982 0.00185710330113 0.00208526062405 0.0239107408739 -0.00101520569855 0.00172233249041 0.00162282314415 0.00502221311189 0.000529412379992 0.00259631258533 0.00182969286837 0.00303009876705 0.00461720873129 9.94632562642e-05 0.00174963629447 0.00037883293037 0.000578473383579 -0.000701475240048 0.00321927541304 0.00344053747409 0.00253654524466 0.0021329189619 0.00141514354448 0.00145475227021 8.84452846203e-06 0.00295046610612 -0.000260372993527 0.000549831690655 0.00112313768522 
0.00153319524051 -0.000731236598489 0.00176870822912 -0.00191004158674 -0.00101520569855 0.026587647771 -0.00117350315524 -0.000425212349378 -0.00131070136641 0.00124015412665 0.00126796099669 0.000929378865319 0.00120629433849 0.000520503461068 0.000226375726302 0.000204946188793 -0.000517304672888 0.000172467915125 0.00244856964605 0.00356742244695 0.00363919430892 8.35395033631e-05 0.000178946004757 -0.000176925330966 0.000108482181624 0.00445393488988 0.000170890061581 -0.000677944774282 0.00326542750505 0.000378471865279 
-0.0013052081662 0.000175891296023 0.00394926170502 0.000243966007228 0.00172233249041 -0.00117350315524 0.235413138216 -0.000638264555815 -0.000343520166048 0.00331626943622 -0.00422353284568 -0.000669033595294 0.00222192121354 -0.00279761327963 -0.00165051868651 -7.52610022541e-05 0.00212439758553 -0.000564852126043 -0.00204153873871 0.00459163919005 -0.00154300462627 -0.000905051497786 -0.000546512143423 0.000833120685748 -0.000119844541447 0.00131102175541 3.21204907228e-05 -0.00214833942752 -0.00134204417014 0.00116043377729 
0.00169080103937 0.00159546569388 -0.00100781851598 0.000572803961555 0.00162282314415 -0.000425212349378 -0.000638264555815 0.0136937237501 0.000254954216744 0.000815454688791 0.00153789431121 0.00198658260127 0.0014777577549 0.00149520714766 0.00141558439467 0.00174087181384 0.00115516626375 -0.00025212481115 0.0015517172558 0.00112420707628 0.00171889476969 0.000755795979898 0.00114119970271 0.00071558029922 0.00227728594495 0.00107024064532 0.000512466514317 0.00251973455362 -0.00103816281731 0.00302954261764 
0.000865472856308 0.00104352848925 0.00412042426515 0.000438157718973 0.00502221311189 -0.00131070136641 -0.000343520166048 0.000254954216744 0.0535096228526 0.00102230379334 0.00187223384255 0.00103089437829 0.00259339973177 0.00422890445161 0.00135086353306 0.000527880711923 0.00200290082703 0.00108259824219 0.00341353094847 -0.00208165323979 0.00119682828255 0.00444286126301 -0.000687911185431 0.000240200273476 0.00281336005727 -0.000376981775496 0.00144726655316 0.00263729495114 0.00388453658408 0.00238722393969 
0.00214478430363 0.00229535952258 0.00018037675979 0.00179274521052 0.000529412379992 0.00124015412665 0.00331626943622 0.000815454688791 0.00102230379334 0.0144436709397 0.000896614772305 0.000937040249289 0.00227093608504 0.00258881687749 0.00160372701131 0.00196441563939 0.000607280114535 0.00175619926554 0.00301413290572 -0.000757198320051 0.00106755035453 0.00156521024041 0.0022971356217 0.00123628637957 0.0029322250819 0.00041554719413 0.00161526345646 -0.000168158477844 0.00276643239328 0.001682099637 
0.00164254655231 0.00182858387941 0.0150073547071 0.00326506655551 0.00259631258533 0.00126796099669 -0.00422353284568 0.00153789431121 0.00187223384255 0.000896614772305 0.0427388022674 0.000720543460616 1.77234664847e-05 0.00174094183817 0.00305830935417 0.000866475234422 -0.000224967890578 1.02854794942e-05 0.00281973568947 0.0151464475512 0.0013322243541 0.00293111590309 -0.00011360517764 0.00239488245146 0.00223472051848 0.00382005781452 0.00569729277183 0.000132447786882 0.00199898266806 0.00232695671224 
0.000887319763724 0.00211909838512 0.00050181714359 0.000435584872726 0.00182969286837 0.00092937886532 -0.000669033595294 0.00198658260127 0.00103089437829 0.000937040249288 0.000720543460616 0.0145484135782 0.00158196455432 0.00299820518715 -0.000349753283905 0.00188087368057 0.00202676525146 0.000588234806493 0.00169072214417 -0.000707274284051 0.00175507483755 0.0015103571555 0.0019893397994 0.000695184138366 0.00161904337871 0.00118562414005 0.00112152350845 -0.000289219933485 0.000422645561119 0.00339111343344 
0.00170399735747 0.002181642499 -0.00175747601671 0.00132030179923 0.00303009876705 0.00120629433849 0.00222192121354 0.0014777577549 0.00259339973177 0.00227093608504 1.77234664845e-05 0.00158196455432 0.0148444387126 0.00461588625896 0.00280641233948 0.0017317227177 0.000587144694474 0.00181013078375 0.000352604875914 0.000468118454981 0.00217063609611 0.00288102434362 0.00281564790242 0.00155754709736 0.00126250470847 0.00363291168455 0.00256805425878 0.000440725791183 0.00133980404148 0.00191029498381 
0.00339739147506 0.00324461760559 0.00146996733647 0.000584442285175 0.00461720873128 0.000520503461068 -0.00279761327963 0.00149520714766 0.00422890445161 0.00258881687749 0.00174094183817 0.00299820518715 0.00461588625896 0.033397477185 0.00371222422663 0.00187105042428 0.000684223514313 0.00187431425132 0.00357144383433 0.00253730542384 0.00402099502361 0.00424543147377 0.00260387168537 0.000695325714632 0.00236826254103 0.00099151643267 0.00271461720135 0.000772577084976 0.00417964480225 0.00216446870393 
0.000782052920355 0.00290605597139 0.000507556095102 0.00137810798755 9.94632562642e-05 0.000226375726302 -0.00165051868651 0.00141558439467 0.00135086353306 0.00160372701131 0.00305830935417 -0.000349753283905 0.00280641233948 0.00371222422663 0.0459733169426 0.00173256348114 -0.000501053898237 0.00189791624017 0.00298381802643 -0.000448383907886 0.00160644906687 0.00134277266746 0.00164454047228 0.00124525378917 0.00259811445497 0.00216489047666 0.00200321137041 -0.000581376340551 0.000588777931803 0.00163423876486 
0.00404309371385 0.00199193875189 -6.92518871636e-05 0.00025344910995 0.00174963629447 0.000204946188793 -7.52610022541e-05 0.00174087181384 0.000527880711923 0.0019644156394 0.000866475234422 0.00188087368057 0.0017317227177 0.00187105042428 0.00173256348114 0.0197066774845 0.00103269774441 0.000361325406471 0.000875938314305 0.000162246520807 0.00194323493195 0.000830108477891 0.00113772476194 -0.000375374853967 0.00281772424617 -0.000616370976221 0.00150922345634 0.00117409562114 0.00168427691346 0.00054023364633 
-1.17433793642e-06 -0.000111206030782 0.00232910881599 0.000182572041746 0.00037883293037 -0.000517304672888 0.00212439758553 0.00115516626375 0.00200290082703 0.000607280114536 -0.000224967890578 0.00202676525146 0.000587144694474 0.000684223514313 -0.000501053898238 0.00103269774441 0.0167237496827 -4.7541548879e-05 0.000451476733155 0.00010454062214 6.63001747371e-05 0.000692631946917 0.00126743271533 0.000829137653414 0.000878880079501 0.000355428551088 0.00125107887063 -0.0003156732812 0.00123526937991 0.00101792933469 
0.00159627182746 0.00076033180268 0.00135563503607 0.000675346804735 0.000578473383579 0.000172467915125 -0.000564852126043 -0.00025212481115 0.00108259824219 0.00175619926554 1.02854794942e-05 0.000588234806492 0.00181013078375 0.00187431425132 0.00189791624017 0.000361325406471 -4.7541548879e-05 0.039571129978 0.00214784190949 -0.00163776701574 0.00191725606795 0.000814047896493 0.00018367785954 0.00177254154177 0.0021814051525 0.0059522713857 0.00136486856911 0.00338590560695 0.00239594756533 -0.00173783864839 
0.00059283380774 0.00159793178201 0.00438685912497 0.000749998646254 -0.000701475240048 0.00244856964605 -0.00204153873871 0.0015517172558 0.00341353094847 0.00301413290572 0.00281973568947 0.00169072214417 0.000352604875914 0.00357144383433 0.00298381802643 0.000875938314305 0.000451476733155 0.00214784190949 0.0235048751669 0.00205391232589 0.00119671009557 0.0021899848674 0.00336531157743 0.0014733584596 0.00236642891632 0.00213722063671 0.00344201477901 0.000950284771674 0.00082485990521 0.00399976526377 
0.00185573765247 -1.23225129951e-05 0.0117778058159 0.00221538853955 0.00321927541304 0.00356742244695 0.00459163919005 0.00112420707628 -0.00208165323979 -0.000757198320051 0.0151464475512 -0.000707274284051 0.000468118454981 0.00253730542384 -0.000448383907886 0.000162246520808 0.00010454062214 -0.00163776701574 0.00205391232589 0.0315612112716 0.000392769403909 0.00172516338243 0.00117853713024 0.00209884675786 0.00159202115131 0.00363377533807 0.0013016241705 7.82218902455e-05 0.000814360081221 0.00280995919288 
-0.000388081571606 0.00132064648172 -2.2162959882e-05 0.00249762016136 0.00344053747409 0.00363919430892 -0.00154300462627 0.00171889476969 0.00119682828255 0.00106755035453 0.0013322243541 0.00175507483755 0.00217063609611 0.00402099502361 0.00160644906687 0.00194323493195 6.6300174737e-05 0.00191725606795 0.00119671009557 0.000392769403909 0.0324830859679 0.000749230792369 0.000650631850573 0.00120775620641 0.00280642801995 0.00036996343846 0.00143343131438 0.00117896236932 0.00303042222429 0.00135881797255 
0.0011944396783 0.00252945539054 0.0013283893444 0.00257456114103 0.00253654524466 8.35395033632e-05 -0.000905051497786 0.000755795979898 0.00444286126301 0.00156521024041 0.00293111590309 0.0015103571555 0.00288102434362 0.00424543147377 0.00134277266746 0.000830108477891 0.000692631946917 0.000814047896493 0.0021899848674 0.00172516338243 0.000749230792369 0.0188791713659 0.00165056317505 0.00227589051717 0.00189858542964 -0.00177854291514 0.00676631559878 -0.000119809312866 0.000790123143345 0.00180214604347 
0.0023098051788 0.00237037527527 0.00065177525993 0.000436231959223 0.0021329189619 0.000178946004757 -0.000546512143423 0.00114119970271 -0.000687911185431 0.0022971356217 -0.00011360517764 0.0019893397994 0.00281564790242 0.00260387168537 0.00164454047228 0.00113772476194 0.00126743271533 0.00018367785954 0.00336531157743 0.00117853713024 0.000650631850573 0.00165056317505 0.011487217485 0.00238486136544 0.00263829040479 0.00111961687263 0.00234897445716 -0.000275499173239 0.00101471186 0.00306219887341 
0.00118324496623 0.00105515040506 0.00215770833042 0.00314743677653 0.00141514354448 -0.000176925330966 0.000833120685748 0.00071558029922 0.000240200273476 0.00123628637957 0.00239488245146 0.000695184138366 0.00155754709736 0.000695325714632 0.00124525378917 -0.000375374853967 0.000829137653414 0.00177254154177 0.0014733584596 0.00209884675786 0.00120775620641 0.00227589051717 0.00238486136544 0.0120077419603 0.0015818888726 0.00362344156764 0.00288530308972 0.00126338046893 -0.00076568002776 0.00221751089238 
0.00197987029978 0.00330167075795 0.00298880677371 -0.000744982121754 0.00145475227021 0.000108482181624 -0.000119844541447 0.00227728594495 0.00281336005727 0.0029322250819 0.00223472051848 0.00161904337871 0.00126250470847 0.00236826254103 0.00259811445497 0.00281772424617 0.000878880079501 0.0021814051525 0.00236642891632 0.00159202115131 0.00280642801995 0.00189858542964 0.00263829040479 0.0015818888726 0.0212570578 0.000852361619359 0.00291943188413 -0.00302550380208 0.00196450588334 0.00564714206199 
0.00320810382277 0.00125935847552 0.00352307414319 0.00408064351789 8.84452846206e-06 0.00445393488988 0.00131102175541 0.00107024064532 -0.000376981775496 0.00041554719413 0.00382005781452 0.00118562414005 0.00363291168455 0.00099151643267 0.00216489047666 -0.000616370976221 0.000355428551088 0.0059522713857 0.00213722063671 0.00363377533807 0.00036996343846 -0.00177854291514 0.00111961687263 0.00362344156764 0.000852361619359 0.0410343882819 0.00237590284721 0.00125196602317 0.00118673348509 0.000651102532555 
0.00240905046043 0.0018472666983 0.00210371889928 0.00292555421964 0.00295046610612 0.000170890061581 3.21204907228e-05 0.000512466514316 0.00144726655316 0.00161526345646 0.00569729277183 0.00112152350845 0.00256805425878 0.00271461720135 0.00200321137041 0.00150922345634 0.00125107887063 0.00136486856911 0.00344201477901 0.0013016241705 0.00143343131438 0.00676631559878 0.00234897445716 0.00288530308972 0.00291943188413 0.00237590284721 0.0157258294485 0.000860500027249 0.00123670772267 0.00322876816025 
-6.76483681724e-05 -0.000268681642122 -0.000698652140215 0.00196003408546 -0.000260372993527 -0.000677944774282 -0.00214833942752 0.00251973455362 0.00263729495114 -0.000168158477844 0.000132447786882 -0.000289219933485 0.000440725791183 0.000772577084976 -0.000581376340551 0.00117409562114 -0.0003156732812 0.00338590560695 0.000950284771674 7.82218902455e-05 0.00117896236932 -0.000119809312866 -0.000275499173239 0.00126338046893 -0.00302550380208 0.00125196602317 0.000860500027249 0.0322282429158 0.00154842922761 0.00319823496937 
0.00510405198414 -0.000242079313 0.00231192177454 0.00167964728525 0.000549831690655 0.00326542750505 -0.00134204417014 -0.00103816281731 0.00388453658408 0.00276643239328 0.00199898266806 0.000422645561119 0.00133980404148 0.00417964480225 0.000588777931803 0.00168427691346 0.00123526937991 0.00239594756533 0.00082485990521 0.000814360081221 0.00303042222429 0.000790123143345 0.00101471186 -0.00076568002776 0.00196450588334 0.00118673348509 0.00123670772267 0.00154842922761 0.03813802856 -0.00183172149245 
0.000584657852281 0.00230094762827 0.00319486335677 0.00149966412603 0.00112313768522 0.000378471865279 0.00116043377729 0.00302954261764 0.00238722393969 0.001682099637 0.00232695671224 0.00339111343344 0.00191029498381 0.00216446870393 0.00163423876486 0.00054023364633 0.00101792933469 -0.00173783864839 0.00399976526377 0.00280995919288 0.00135881797255 0.00180214604347 0.00306219887341 0.00221751089238 0.00564714206199 0.000651102532555 0.00322876816025 0.00319823496937 -0.00183172149246 0.0183208515252 

['TSG', 'AIG', 'NE', 'CMS', 'BLL', 'NKE', 'PTV', 'RRD', 'BMC', 'PFG', 'HAL', 'GE', 'CMA', 'CFC', 'EK', 'TRB', 'MDT', 'XRX', 'BEN', 'APA', 'KSS', 'EOP', 'BAC', 'SO', 'MTG', 'CEG', 'ASN', 'FRX', 'CVS', 'CMCSA']