60
0.0520830917934 0.0785253906611 -0.00305157485537 0.134360436546 0.176385145314 0.0649972461493 0.106465020668 0.00388664565626 0.0161964684659 0.0300764430792 0.0385950792128 0.0289140833203 0.0121413644826 0.0316067218978 0.165506763093 0.0123351660469 0.0450347688147 0.0279461936292 -0.00660692339257 0.065309734793 0.0414486045552 0.399937027552 0.101801748802 0.0472299451056 0.0939670182087 0.0573021249509 0.0607700526619 0.0539269159384 0.00851722536111 0.0360508970818 0.102922334335 0.0558285331973 0.0216083944488 0.00791209609274 0.148588071013 0.0703179731329 0.0248803539628 0.0269248151276 0.0449819155318 -0.00662659235152 0.033790820858 0.00326137985962 0.144106781955 0.126841392599 0.0637387331612 0.0398839612709 0.0453963667668 0.0309991269713 0.0331605059077 0.0616353203302 0.0658076634161 0.155431064381 0.0431320253577 0.171372180847 0.0176197090425 0.0136100125143 0.10643743266 0.282509070746 0.161692830297 0.126255379542 
0.20093125268 0.00682975462893 0.00281628808426 0.0451399974493 0.00754284591241 0.0284611897195 0.00961874762869 0.0289531370015 0.0223033305482 -0.00751030613892 0.010513611766 0.0409899741474 0.00944532680012 0.0125075830625 0.0400932274998 0.00363156395767 0.0410307702991 -0.00481369623482 -0.00637815531046 0.00284638179938 0.0211662082337 0.0222602560539 0.00719874374798 0.0247371332588 0.0275098319038 0.00894239053378 0.00577407293462 0.0110672742037 0.0131741687698 0.0180465661769 0.0139019100318 0.0255306514098 -0.00615261227739 0.0176055420252 -9.79212233016e-05 0.0249813394071 0.00966121325875 0.0300638925893 0.0104289113605 0.0527429171783 0.020628129778 0.00070354251524 -0.00888254814594 -0.00814952250669 0.029955630948 0.0161156133818 -0.00113126630109 0.0135093270873 0.0245754017802 -0.00103630011472 0.00757216758649 0.0103266427682 0.000196482360058 0.0230844180267 0.0274816595504 0.00594227008898 0.0155670074085 0.00940869995505 0.0226131583896 0.0051045051999 
0.00682975462893 0.29806889285 0.0318342219586 0.0123483959565 0.0536146942068 0.0212281544646 0.00617857880443 0.0184339284074 0.0199175503144 0.0456208898206 0.0110159006475 0.0144070781151 -0.00324391684512 0.0286579267559 0.0088296130946 -0.00274284239634 0.000408770839059 -0.00211082742076 0.0112226209629 0.00241662316191 -0.0120000826827 0.0508113412125 0.00519657535497 0.0158433376853 0.0286481389928 0.0787553086871 0.0398560159164 0.0114188683069 0.0108768104665 0.0212836382743 0.0610665933499 0.0463408873109 0.0349701924039 -0.00404328784271 0.0288431368445 0.000981564555498 0.0133646710516 0.00703932532961 0.0190271434861 0.0116954997679 0.0171860314594 0.019436078639 -0.0100087345862 -0.0119262280628 -0.00774433361457 0.000257376186735 0.0388872255675 -0.0126972349388 0.0152290865126 0.0134375090292 -0.0147365658214 0.0365714967881 0.0226329590678 0.00135547490494 0.0206616165462 -0.00196701677149 0.0190384432116 0.035587487801 -0.00187522561055 0.0559567443203 
0.00281628808426 0.0318342219586 0.20071227007 0.0306421359417 0.0207132616826 0.00899607251431 0.0131992702568 0.0286262916939 -0.00118911289255 0.00794074201205 0.00183708007333 0.0161949723873 0.0146273269228 0.00616559284156 0.00766718306103 0.00572059085109 0.0137380525785 0.0152648595812 0.00200888119305 0.0441348123851 0.014930518189 0.00984668011414 0.0135665354257 0.00309134646211 0.00970455827107 0.0447975569615 0.0270366046255 0.0144789748789 -0.0015891239754 0.0316069284241 0.0284140966144 0.0330651729262 -0.00415897696864 0.0126533070465 0.0162877359189 -0.00438372650666 0.0214308233255 0.0139746403857 0.00410930041048 0.0143323633761 3.35766896201e-05 0.0261714855517 -0.00104011646459 0.0171804860454 -0.00703667234002 0.0113158818618 -0.00745083157509 0.032195952611 -0.00478559053996 0.0466462690272 0.0238793855943 0.0121241575037 0.0262009698208 -0.000901889734136 0.00531769762527 0.0156770770201 -0.00295016942954 0.0187664480615 0.017850611598 0.0180836503825 
0.0451399974493 0.0123483959565 0.0306421359417 0.54142742475 0.0119054671225 0.0113620971974 0.0350898255985 0.0463629081693 -0.00655975014811 0.0146852371334 0.00979436783116 0.0274207967232 0.00671936249117 0.013101700646 0.0332009465393 -0.00241941386128 0.053592769752 -0.0249222035889 0.0115454264273 -0.00415114155503 0.000126904763841 0.0177891236699 0.0168311068123 0.0112134520897 0.0340566739702 0.0546198035647 0.0186426623462 0.0128410696885 -0.00258947965487 0.0115600653823 0.00857081291056 -0.0183104093031 -0.0342958340194 0.00659629011642 -0.00746038977248 0.0193318828269 0.023084268764 0.0593310051454 0.0255447976532 0.0132125540771 0.0136121268934 0.0236140329793 0.00207652722483 0.0187880327292 0.0348397477809 -0.00799584339071 -0.00797283676605 0.0113296246954 0.0335749990073 0.029862103819 -0.0156587684723 -0.0253238409394 0.026425040608 0.0984552099299 0.0222002317501 -0.010034697886 0.0248126920216 -0.00842606094254 0.0188985373886 -0.0142530279973 
0.00754284591241 0.0536146942068 0.0207132616826 0.0119054671224 0.612602250134 0.0128407437634 0.0165996896444 0.0274152828952 0.00752135222878 -0.00250528549788 0.0149463741581 0.00473568628215 -0.0225008948751 0.0170252104931 0.0179250960819 0.00183705462653 0.0198883316514 0.0146420654718 0.0258937022051 0.0495852163253 0.0177217388946 0.038019964647 -0.0119144171895 0.0330726236676 0.0305132875743 0.0315979388134 0.0376169596089 0.0259882230565 0.0199089103386 0.0121760750639 0.0509059151635 0.0309824862671 0.0268365616554 0.0106767379587 0.0570511734951 0.0215342400633 0.0389589903418 0.013137365294 0.00783275589627 0.00360379507907 0.0194359750939 0.0123112180456 0.00348518702028 0.000164546605584 0.0545997176562 0.00801703482385 0.0142379861798 0.00809066113675 0.0312525705105 0.048449182089 0.0293773852602 -0.0101978748087 0.0355013848779 0.0153090334026 0.0140036786646 0.0192941668269 0.0360793904304 0.0186908623869 0.000990813151756 0.0349660950952 
0.0284611897195 0.0212281544646 0.00899607251431 0.0113620971974 0.0128407437634 0.273462874654 0.0154827116852 0.0118969209788 0.0146861970873 0.0367649522876 0.00464398062903 0.0102543670385 0.0295668881849 -0.000823160107692 0.0210620311329 0.00182251482478 0.017174664365 0.00709636999198 0.0342451391982 0.00906923484387 0.0535917380697 0.0207344428658 0.0126076266302 0.0171662188354 0.0232555690266 0.0196825109533 0.00620948843263 0.013190944059 -0.00323131367913 0.0256092260172 -0.00201142843518 0.0170260635487 0.0259374639331 0.00401962822232 -0.00419623144093 -0.00723892410214 0.0384698310502 -0.00138339040466 0.00554290994076 0.00559269144027 -0.000791822982224 0.0186941539504 0.0081131524906 0.0318511871105 0.00200196783782 0.00529616186418 -0.00307034473653 0.0132615690553 0.0246306155527 0.00937137816693 0.00151453670046 0.0317229546739 0.0106232753212 -0.0109750240906 0.0094645844625 0.00904306373052 0.0077410139927 0.0415629523343 0.0088471553159 0.0196745700758 
0.00961874762869 0.00617857880443 0.0131992702568 0.0350898255985 0.0165996896444 0.0154827116852 0.250294014244 0.0210308491127 0.0220676273186 0.00913048095831 0.0266476623161 0.0172679327572 -0.00963138432906 0.023601467885 0.00473607223993 0.00620291959581 0.00572279722733 0.00864309840974 0.015303745082 0.0165947964107 0.0161724562796 0.0385191447016 0.00727274687721 0.0349455261777 0.0258494911781 0.0171557852415 0.0122010314725 0.00789943233594 0.00990287804009 0.0221162680428 0.011248767705 0.0335862640898 0.0275164879063 0.0225016918995 0.00901913964871 0.00924016325826 0.0104088730769 0.0239914129075 0.0126187260886 0.012566445617 0.0369477397222 0.0101241501153 0.0168272838408 0.00567085783676 0.0221799439594 0.0145415106853 -0.000866467394798 0.00826673855418 0.0101453290958 0.0129339745979 0.00700489226641 0.0146090381504 0.0490172895955 0.00863113486577 0.0127531353232 0.00791494225353 0.00315239302723 0.0440531943207 0.0364445460402 0.0344227630248 
0.0289531370015 0.0184339284074 0.0286262916939 0.0463629081693 0.0274152828952 0.0118969209788 0.0210308491127 0.206284636965 -0.00261472348353 0.00388856495803 0.00307061686749 0.0350325241891 0.0195159352605 0.00588104444254 0.00773361347671 0.00871857576117 0.0480984011758 -0.00427801705384 -0.0032021478906 0.0234411346841 0.00783046481572 0.0359986221347 0.00797910625744 0.0102204560426 0.0334780935819 0.0092360182421 0.0101864946184 0.0258912418983 0.0139065200025 -0.000181107527747 0.0213601926423 0.00153436086976 0.00709076863144 0.0185559321356 0.00753569302039 0.00482281669011 0.00548160852768 0.0310631802397 0.000467979013213 0.0302508793483 0.00305020820333 0.0120780157609 -0.0105841247449 0.000519908505074 0.0128070371157 -0.00017055482402 -0.0269732431456 -0.00200495356852 0.0375127676882 0.0198026069769 0.00242569327972 0.0260244502366 0.00263288813317 0.0362996792046 0.0304488173122 0.0243967630437 0.0137826977528 0.00137015819816 0.0554156942162 0.00950613831454 
0.0223033305482 0.0199175503144 -0.00118911289255 -0.00655975014811 0.00752135222878 0.0146861970873 0.0220676273186 -0.00261472348353 0.166887849898 0.0130900841467 0.0250614398813 0.00791885196445 0.0157579662172 0.0126895300334 0.00590063472335 0.00561092781432 0.0148014366691 -0.00253164047031 0.0322154716782 0.0188453848514 0.0295261251845 0.019669213002 0.00663696153128 0.0245112326301 0.0119586119736 0.0235974028032 0.000416359121729 0.00433174151327 0.00818646026029 0.0150179244374 -0.00606185058989 0.0342236004093 0.0028379327606 0.00667749418137 0.0032800420839 0.0107845892155 0.0183936510509 0.004127683584 0.0133158699168 0.0205806402936 0.00939849613447 0.0234065498719 0.0203837791879 -0.0125738264289 0.0035021016121 0.0133012464379 0.0163359071829 -0.0120146659547 0.00259894193762 0.0083916992212 0.0138279667433 -0.00700911239874 0.0234992491894 -0.00896311464396 0.00349981592802 -0.00414265206706 0.0120597860099 0.00689431191645 0.00426193344799 0.0311801512122 
-0.00751030613892 0.0456208898206 0.00794074201205 0.0146852371334 -0.00250528549788 0.0367649522876 0.00913048095831 0.00388856495803 0.0130900841467 0.365915028982 0.00494461589054 0.00825754262108 0.0166098078544 0.0309694517477 0.00500752320179 0.00489509472512 -0.00747333097006 0.000294015080498 0.0349411959398 -0.00127563442119 -0.000115555876315 0.0188316447916 0.0096848790331 0.0126335313328 0.0305287687979 -0.0244865479384 0.0216804332143 0.0109083130115 0.0106603207585 0.00016226276468 0.00696927388663 -0.000706098594511 0.026866902147 0.02620995035 0.0315504794897 0.00267001668931 -0.00330404324673 -5.90156395877e-05 0.0346302322458 -0.00039222126181 0.0269948360338 0.0107796502926 0.0170041241741 0.033181171677 -0.00521655032149 0.0161859530821 0.00502259365566 0.0266115592004 0.0131722739 0.0117785146533 -0.00198024459711 0.00299961032418 0.0185804443686 -0.00411620530001 0.0144610675104 0.0217346351438 0.000377110682018 0.00855066741933 -0.00195864629927 0.0251006010073 
0.010513611766 0.0110159006475 0.00183708007333 0.00979436783116 0.0149463741581 0.00464398062903 0.0266476623161 0.00307061686749 0.0250614398813 0.00494461589054 0.194560019813 0.0181580931594 0.0167220084562 0.027165545784 0.025179917487 0.0162943598947 0.0209214390711 0.0165549117612 0.0120855730505 0.018370658277 0.0177219327321 0.0369174900036 -0.00580335187356 0.0154966181906 0.0184919335922 0.0242508464288 0.0129847229581 0.0206302788675 0.0249321519243 0.0285872009564 0.0109904806817 0.0407538969458 0.00902141837871 0.0119880091036 0.0356781483349 0.0103181028114 0.0071916508437 0.00505461902891 0.0277368721494 0.02250494986 0.021224857394 0.00746294164128 0.0259714226439 0.0270115463912 0.0238028392578 0.0149519622488 0.0159770374052 0.0113608659084 0.00519301983259 0.00327019744546 0.0129468209347 0.0115440449854 0.00442884832317 0.0245806781341 -0.0111683686607 0.00557711328233 0.0239179450238 0.00595680414717 0.0190938073115 0.0293529504367 
0.0409899741474 0.0144070781151 0.0161949723873 0.0274207967232 0.00473568628215 0.0102543670385 0.0172679327572 0.0350325241891 0.00791885196445 0.00825754262108 0.0181580931594 0.203810390266 0.0162008131594 0.0154210037065 0.0105042272043 0.00384307538567 0.0416520511897 0.00406371792526 -0.00522284162842 0.00444347804016 0.00268399750272 0.00765169344067 0.0121480896841 0.00873827247507 0.0243457861154 -0.00512045667835 0.0127564669926 0.0235336228382 0.0176686073386 0.0149165891623 -0.00641261620519 -0.00648236169655 0.00947384228561 0.0105945236343 0.011719876905 0.00240916604746 0.021010383771 0.0627264821032 -0.00944566324754 0.0349676729767 -0.00257896422746 0.0135026561926 0.0121427917083 0.0257923645386 0.0185119145795 0.00634708378562 0.0121718941609 0.00106300929124 0.0314828481726 0.0125790503202 0.00472726881846 0.0194943133181 -0.00805192360242 0.0331966257763 0.0346563701388 0.0089458968754 0.00673195140244 0.0537877766479 0.0259800021219 0.0046828521503 
0.00944532680012 -0.00324391684512 0.0146273269228 0.00671936249117 -0.0225008948751 0.0295668881849 -0.00963138432906 0.0195159352605 0.0157579662172 0.0166098078544 0.0167220084562 0.0162008131594 0.238651081608 0.0137707063205 0.0056628653716 0.000761008357681 0.0300172497331 0.0170596167673 -0.00354830443271 0.0135440369046 0.010135744765 -0.00105741587239 0.087795578163 0.0240254752576 0.0131387042261 -0.00650968147088 0.00521099613976 0.0141921206231 0.0309625911367 0.0139714821658 -0.0109779258647 0.0283165298959 0.022291946902 0.0217961164252 0.0062909448842 0.0141396389992 0.0154468047925 0.0112398786143 0.0292260442225 0.0170879428737 0.0142784274908 0.00468255028198 -0.0104528874905 -0.00980026327672 -0.0163687352413 0.0147003255992 0.0024491086684 0.0103900388195 0.0164753566591 0.00926950536355 0.0224410307073 0.0261832416247 0.034424265125 0.0212000352549 0.0266322604694 0.00691351758529 -0.0137712041075 0.00410114446748 0.00696690128494 -0.00456534521869 
0.0125075830625 0.0286579267559 0.00616559284156 0.013101700646 0.0170252104931 -0.000823160107692 0.023601467885 0.00588104444254 0.0126895300334 0.0309694517477 0.027165545784 0.0154210037065 0.0137707063205 0.12207450303 0.00972387188714 0.0306766790169 0.00641375876695 0.020363976214 0.0266270316905 0.00177309498494 0.0200120462991 0.0152724660181 -0.00324133474868 0.0135244356601 0.0374729377965 0.00859386617698 0.0183149180765 0.0154788453574 0.0194263252796 0.0446136786078 0.0086374381845 0.031463076084 0.0300406654231 0.0180850069186 0.0260282065876 0.0109490388443 0.00792230010619 0.0247807537133 0.0403680482856 0.0134876726404 0.00464058640403 0.0136353649875 0.0114092702968 0.00659869771501 -0.00301814745911 0.0147724126246 -0.000913571255166 0.0134473769232 0.0158430791132 0.0223677331222 0.00984674583356 0.0164325635724 0.0194054074785 0.0106039256916 0.015738833188 0.0140303506104 0.00754782296717 0.0220481750412 0.0236652508037 0.00990208063547 
0.0400932274998 0.0088296130946 0.00766718306103 0.0332009465393 0.0179250960819 0.0210620311329 0.00473607223993 0.00773361347671 0.00590063472335 0.00500752320179 0.025179917487 0.0105042272043 0.0056628653716 0.00972387188714 0.362572495024 0.0227543262837 0.00143823595525 0.00637696334827 0.0213180491582 0.0218195853314 0.0124835780038 0.0271681163621 0.0344127373028 0.0192849178183 0.0246425725087 0.0191352394722 0.0332680433395 0.0275907354842 0.0138954363983 0.00969864180444 0.0273572038456 0.0301239996508 0.0198395760365 0.0106560225091 -0.00390571208559 0.0470378123109 0.0684088000339 -0.00357648413689 0.00709589601696 0.0185008791899 0.0138918421557 0.0219812350898 0.0223585815568 0.0852986380975 0.0242075001952 0.00139159250912 -0.00231061503934 0.049427826744 0.0093049607088 0.0199883129728 0.00727212899854 0.0192327182895 0.0144760501076 0.00286858533132 0.0083237714274 -0.00171635490726 0.0148541427305 -0.00420668847529 0.0331873347833 0.0453884693134 
0.00363156395767 -0.00274284239634 0.00572059085109 -0.00241941386128 0.00183705462653 0.00182251482478 0.00620291959581 0.00871857576117 0.00561092781432 0.00489509472512 0.0162943598947 0.00384307538567 0.000761008357681 0.0306766790169 0.0227543262837 0.217797653614 -0.0179612350265 0.0389555808741 0.0195077928016 -0.0199913389412 0.0296460641599 0.00855755130473 0.00190092419761 0.00263938975137 0.0239914371859 -0.00465705640355 0.00521230249552 0.0210905892748 0.0147249915984 0.0120117908391 -0.00112406133028 0.00092025436006 -0.00017977171956 0.00277856618214 -0.000218527595444 0.0148720863114 0.0170740497181 0.0030476514299 0.0083364829274 0.00297827806573 -0.00425616093142 0.0190042396006 -0.0136805675438 0.00238740509065 0.0111176576458 0.0104147950591 -0.00639758896796 0.00404047684581 0.00193661271388 0.00746783641354 0.027634842618 0.00134483523418 0.0205174372033 0.0291506018235 0.0205161216 0.00358665904823 0.0037737052924 0.0164861753662 0.0139803497584 0.0171675789922 
0.0410307702991 0.000408770839059 0.0137380525785 0.053592769752 0.0198883316514 0.017174664365 0.00572279722733 0.0480984011758 0.0148014366691 -0.00747333097006 0.0209214390711 0.0416520511897 0.0300172497331 0.00641375876695 0.00143823595525 -0.0179612350265 0.177411329827 -0.00390841438233 0.00628256434655 0.0179872653591 0.00284277799634 -0.017475829333 0.00638994891017 0.0121416763021 0.02348964718 0.00427491802858 -0.0058739546713 -0.00262431400982 0.0114602779808 0.0122913733726 -0.00367042958783 -0.0104333273408 -0.00673310982503 0.0250260996375 0.0175398812241 -0.00798481087864 -0.0100328269818 0.0433523803573 0.00626440227272 0.0291318587376 0.00936166826454 -0.000327554868928 0.00967863171676 0.0127640973875 0.016635334297 0.0105383326035 0.00536330488974 -0.0144698718879 0.0344851721876 0.018536118088 0.0105341882913 0.021810550635 0.00446753228067 0.0365664043307 0.00672108706196 -0.00426251066799 -0.00553302840714 -0.0123929860787 0.0229726365114 0.0108891976067 
-0.00481369623482 -0.00211082742076 0.0152648595812 -0.0249222035889 0.0146420654718 0.00709636999198 0.00864309840974 -0.00427801705384 -0.00253164047031 0.000294015080498 0.0165549117612 0.00406371792526 0.0170596167673 0.020363976214 0.00637696334827 0.0389555808741 -0.00390841438233 0.178322663063 0.0174141029563 0.00564272103326 0.00267644210478 -0.00184339918258 0.00529567240291 0.00437664480047 0.00630903913207 0.00122184854135 0.0231693327617 0.0119056698511 0.00908806180255 0.0120525898481 -0.000181533317224 0.00472993645702 0.00720171033013 0.00385668971229 0.00422312754735 0.0152866214649 -0.00337845011478 0.0113128542803 0.00719942812047 0.00160148601694 -0.00459299770918 0.0152629560899 -0.0151425121151 -0.013703830413 0.0128069864187 0.00185222366994 -0.00369467215158 -0.00167084975482 -0.00120614480999 -0.0088600431398 0.016341695509 0.0133654609521 0.00246951780625 0.00698220975446 -0.00182114655238 0.00610499600564 0.0156421600415 -0.0246089314581 0.0358825238231 0.0160199284953 
-0.00637815531046 0.0112226209629 0.00200888119305 0.0115454264273 0.0258937022051 0.0342451391982 0.015303745082 -0.0032021478906 0.0322154716782 0.0349411959398 0.0120855730505 -0.00522284162842 -0.00354830443271 0.0266270316905 0.0213180491582 0.0195077928016 0.00628256434655 0.0174141029563 0.164761587977 0.00268200200542 0.00517943624504 0.0145502263403 0.0208948270163 0.0249421781416 0.0265123387104 0.0138524609863 0.0158423630544 0.00939779585281 0.0105638474085 0.0213749250724 0.0223127437683 0.023858162115 0.0102284101176 0.0182489135583 0.0249767045083 0.0150604584563 0.0167278282617 -0.0186050228527 0.0184133275561 0.0123434542827 0.00353650670842 0.006237938892 0.0209308467274 0.0182775874408 -0.000987451941811 0.00126214567705 0.0189357676988 0.00513690292012 0.013024273905 0.0295982589943 0.00793906193161 0.00644091455617 0.0402151921932 0.000240680146376 0.0136515383463 0.00673478902664 -0.000353688914019 0.00185355458599 0.0154396454803 0.0182956141506 
0.00284638179938 0.00241662316191 0.0441348123851 -0.00415114155503 0.0495852163253 0.00906923484387 0.0165947964107 0.0234411346841 0.0188453848514 -0.00127563442119 0.018370658277 0.00444347804016 0.0135440369046 0.00177309498494 0.0218195853314 -0.0199913389412 0.0179872653591 0.00564272103326 0.00268200200542 0.298814639686 0.0508848614416 0.0359684147357 0.0277236760167 -0.000853999587544 0.00224575846878 0.032399067249 0.0236617299865 0.0079431367793 -0.000291626075701 0.0103100220202 0.0552762911649 0.0201112335217 -0.000911247566111 -0.00630793669146 0.0203023261325 -0.017274472073 0.0238221443195 0.0216190740727 0.0141272792086 0.0111424773036 0.00717948331229 0.0130706819936 0.0204305745756 -0.0178449046524 -0.0073775436934 0.00344427223211 0.0377182784762 0.00387522882228 0.0154266630426 0.027577918969 0.000545244741372 0.00413203536071 0.0364173233134 0.02544579685 0.000199328232281 0.00720567252729 -0.0139927581673 0.00401615601749 -0.00388471047096 0.0274423916179 
0.0211662082337 -0.0120000826827 0.014930518189 0.000126904763842 0.0177217388946 0.0535917380697 0.0161724562796 0.00783046481572 0.0295261251845 -0.000115555876315 0.0177219327321 0.00268399750272 0.010135744765 0.0200120462991 0.0124835780038 0.0296460641599 0.00284277799634 0.00267644210478 0.00517943624504 0.0508848614416 0.306052179863 0.0214674318825 0.0167687920662 0.0292400422352 0.0031467431237 -0.000577573780523 0.0111583185625 -0.00398878809244 0.016063756771 0.0177064017747 -0.00078004196605 -0.00116931113093 -7.47562535379e-06 0.011366341781 0.00788241118621 -0.00650680283676 0.0128559991848 0.000996987731419 0.0257384417792 0.0114835521227 0.00504932765043 0.0264277384821 0.039903421983 -0.00568343009263 -0.0060551908438 0.0139619622686 0.0194574145256 0.00216031847253 0.00225403381081 0.0306705402062 0.0152792357897 0.0201382130986 0.0175348364557 0.0178241880896 0.00930740215669 0.00297606021412 0.00932135019228 0.0421457906785 -0.0116482288996 0.0428147648462 
0.0222602560539 0.0508113412125 0.00984668011414 0.0177891236699 0.038019964647 0.0207344428659 0.0385191447016 0.0359986221347 0.019669213002 0.0188316447916 0.0369174900036 0.00765169344067 -0.00105741587239 0.0152724660181 0.0271681163621 0.00855755130473 -0.017475829333 -0.00184339918258 0.0145502263403 0.0359684147357 0.0214674318825 1.30604063114 0.0128041718516 0.0389296408922 0.0350448604431 -0.0270828030503 0.0742075852672 0.0314701159437 0.0184534124254 0.0239011073575 0.0331214162905 0.0101598108406 0.008068035392 -0.00342451259985 0.0209149266802 0.0337659837995 0.00241476607287 0.00605044372333 0.0187093003456 0.0087257811275 0.0173805236398 0.00382943317174 0.0285014132235 0.0190933146313 0.00391612097398 0.0100481712781 -0.00217398304405 -0.00333441007714 -0.00415931390238 0.0310749562586 0.0147924431183 0.0137877420383 0.00998773039414 0.00861983710111 0.020656037266 0.000947267720161 0.0376750715943 0.162793704762 0.0818705992582 0.0944226631419 
0.00719874374798 0.00519657535497 0.0135665354257 0.0168311068123 -0.0119144171895 0.0126076266302 0.00727274687721 0.00797910625744 0.00663696153128 0.0096848790331 -0.00580335187356 0.0121480896841 0.087795578163 -0.00324133474868 0.0344127373028 0.00190092419761 0.00638994891017 0.00529567240291 0.0208948270163 0.0277236760167 0.0167687920662 0.0128041718516 0.287135573147 0.00614141658514 -3.37393044717e-05 0.0199210240831 0.0105857955864 0.00291917396668 0.0150503563696 0.00691576743303 0.0193163869453 -0.0147342428363 0.00839360385092 0.00233747844544 0.01866885966 -0.00472597362058 -0.00324460995515 0.025470284866 0.00641426628204 0.00984654980551 0.0147795739598 0.00452598377356 -0.000143291467842 0.0156146672101 0.0213476019878 0.0153124884176 -0.0181250251855 0.0226005221015 0.0107904956904 0.00919830722839 -0.0011341848335 -0.000432099485038 0.0517198407283 0.0492571395538 0.00105385501457 0.0102419044614 0.00412594824657 0.00501821334951 0.00379049655852 0.0508103546929 
0.0247371332588 0.0158433376853 0.00309134646211 0.0112134520897 0.0330726236676 0.0171662188354 0.0349455261777 0.0102204560426 0.0245112326301 0.0126335313328 0.0154966181906 0.00873827247507 0.0240254752576 0.0135244356601 0.0192849178183 0.00263938975137 0.0121416763021 0.00437664480047 0.0249421781416 -0.000853999587544 0.0292400422352 0.0389296408922 0.00614141658514 0.270313901181 0.049059116984 0.0205002048225 -0.00594218089415 0.0269453602976 0.0245748476596 0.0258976333552 0.0296070072611 0.0708700938461 0.00590124180687 0.0126952895997 0.016045341617 0.00193023261822 1.27131557887e-05 0.0107257439635 0.018308715827 0.000653185009088 0.0162485652155 0.0109586984697 -0.000564823524399 0.00833049240087 -0.00710656417382 0.0060007200612 -0.000899038153107 0.0188958821669 0.0178273047987 0.00728260422767 0.00448406368445 0.0417484039411 0.0278966778638 0.0271116855587 0.00503307967481 -0.00522750096259 -0.000956993492132 -0.00191511888033 0.0316852317888 0.0252839762142 
0.0275098319038 0.0286481389928 0.00970455827107 0.0340566739702 0.0305132875743 0.0232555690266 0.0258494911781 0.0334780935819 0.0119586119736 0.0305287687979 0.0184919335922 0.0243457861154 0.0131387042261 0.0374729377965 0.0246425725087 0.0239914371859 0.02348964718 0.00630903913207 0.0265123387104 0.00224575846878 0.0031467431237 0.0350448604431 -3.37393044719e-05 0.049059116984 0.209764463789 0.0272955609114 -0.0163335427269 0.00675627678381 0.031409570657 0.0156479154562 0.0245719583996 0.0244005161 0.0273363694029 0.0041533797648 0.0253243997024 0.0153087523118 0.0071913178441 0.0151470250887 0.0408904189249 0.0208943867954 0.00562168227736 0.0149388560333 0.00408284285811 0.045561663792 0.0405781708164 0.0250041195557 0.0163970309626 0.0172183308209 0.0223687800496 0.0237916335692 0.0101187240294 0.0428914606358 0.0402530559256 0.00263184990122 0.0194452091439 0.015618297429 0.0421927424243 0.0185685457523 0.017771812372 0.00800366354026 
0.00894239053378 0.0787553086871 0.0447975569615 0.0546198035647 0.0315979388134 0.0196825109533 0.0171557852415 0.0092360182421 0.0235974028032 -0.0244865479384 0.0242508464288 -0.00512045667835 -0.00650968147088 0.00859386617698 0.0191352394722 -0.00465705640355 0.00427491802858 0.00122184854135 0.0138524609863 0.032399067249 -0.000577573780523 -0.0270828030503 0.0199210240831 0.0205002048225 0.0272955609114 0.296862899256 0.0073127231136 0.0134685853175 0.0071208379706 0.0112086058992 0.0382554469619 0.0352791430106 0.0297986325779 0.0104007729562 0.00977186179409 0.0276153761066 0.005344785017 -0.0042110522756 0.0164040010159 0.00245958697048 0.0177541732602 0.0111992724853 -0.00951671878196 0.0184852904439 0.000460123851414 0.0174550263264 0.0551517711164 0.0468852732631 -0.00111931183892 0.0221200988389 0.0203574925411 0.0122182493441 0.0484596884076 0.0104677186062 -0.00542102543784 -0.00110650064051 0.0138552720815 0.018380763459 0.00772233348043 -0.00414649187687 
0.00577407293462 0.0398560159164 0.0270366046255 0.0186426623462 0.0376169596089 0.00620948843263 0.0122010314725 0.0101864946184 0.000416359121728 0.0216804332143 0.0129847229581 0.0127564669926 0.00521099613976 0.0183149180765 0.0332680433395 0.00521230249552 -0.0058739546713 0.0231693327617 0.0158423630544 0.0236617299865 0.0111583185625 0.0742075852672 0.0105857955864 -0.00594218089415 -0.0163335427269 0.0073127231136 0.246679703227 0.0345353931443 0.0170868178928 0.0141177312099 0.0255272535431 0.0108905399983 0.00221266878362 -0.00270143927274 0.0102306487535 0.00594652053603 0.00822038440072 0.00570851987399 0.0374411312277 -0.000281484137245 0.0111048720396 0.0224009631039 0.0111168908679 -0.0215761739651 -0.0144936897049 0.000351114615631 0.0126022026235 0.0275091923931 -0.0141815717117 0.033722872471 -0.0144129437105 0.0462183017591 0.00181464612778 0.0374221848493 0.00833263431489 0.0159302682429 0.00556083391428 0.0357626776507 0.0226057378626 0.0815675052567 
0.0110672742037 0.0114188683069 0.0144789748789 0.0128410696885 0.0259882230565 0.013190944059 0.00789943233594 0.0258912418983 0.00433174151327 0.0109083130115 0.0206302788675 0.0235336228382 0.0141921206231 0.0154788453574 0.0275907354842 0.0210905892748 -0.00262431400982 0.0119056698511 0.00939779585281 0.0079431367793 -0.00398878809244 0.0314701159437 0.00291917396668 0.0269453602976 0.00675627678381 0.0134685853175 0.0345353931443 0.201942579905 0.0262803690178 0.00150612274792 -0.00940290463607 0.042584150985 0.00783532034065 0.00801085998058 0.0287787132176 -0.00143786556925 0.0136099432795 0.00628637692264 0.0109733980673 0.00926667745031 0.0116447812865 0.0158005208188 -0.00553570370776 -0.00214201388973 -0.00894030729271 0.00176867779082 0.0290184420212 -0.00439263291484 0.0130368185398 0.0280866940524 0.00475983647568 0.0101526589023 0.0334753654653 0.0220141230925 0.0195392157158 0.0155868191864 0.024820674976 0.0605910186837 0.0794379838442 0.0325904286084 
0.0131741687698 0.0108768104665 -0.0015891239754 -0.00258947965487 0.0199089103386 -0.00323131367913 0.00990287804009 0.0139065200025 0.00818646026029 0.0106603207585 0.0249321519243 0.0176686073386 0.0309625911367 0.0194263252796 0.0138954363983 0.0147249915984 0.0114602779808 0.00908806180255 0.0105638474085 -0.000291626075701 0.016063756771 0.0184534124254 0.0150503563696 0.0245748476596 0.031409570657 0.0071208379706 0.0170868178928 0.0262803690178 0.139360478473 0.0160969997101 0.00679805960074 0.020151203614 0.0162440540391 0.00908888023832 0.00619272953292 0.0153426460306 0.00566675369621 0.0129624309065 0.0315465435142 0.0155053552726 0.00776173461146 0.00999362544865 -0.00576271590598 0.00759250893185 0.0126523213592 0.0123799769296 -0.00186235458403 -0.00162390426124 0.00497385543279 0.0212571149237 0.00248372681718 0.0271308709628 0.0172266163404 0.0158687133104 0.00454310172148 0.0117494576936 0.0144611754651 0.0239291012749 0.0190249817434 0.025152711005 
0.0180465661769 0.0212836382743 0.0316069284241 0.0115600653823 0.0121760750639 0.0256092260172 0.0221162680428 -0.000181107527747 0.0150179244374 0.000162262764679 0.0285872009564 0.0149165891623 0.0139714821658 0.0446136786078 0.00969864180444 0.0120117908391 0.0122913733726 0.0120525898481 0.0213749250724 0.0103100220202 0.0177064017747 0.0239011073575 0.00691576743303 0.0258976333552 0.0156479154562 0.0112086058992 0.0141177312099 0.00150612274791 0.0160969997101 0.169533609635 0.0134388628379 0.0380998639175 0.0412632713878 0.0105870682028 0.0380929626539 0.00471564661286 0.0311128234199 0.0163682316645 0.0383828723365 0.0234675592584 -0.00203021719995 -0.000953022119205 0.00510934376145 -0.0031357812893 0.0221421935458 0.00829151509271 -0.00967903706145 0.0108405487004 0.0200705570236 0.0271157169596 -0.00144212150181 0.016775591516 0.021002444513 0.00632557712251 -6.88810339023e-06 0.00365603237401 0.0244994640396 0.0397423635867 0.0136493813912 0.0260088871316 
0.0139019100318 0.0610665933499 0.0284140966144 0.00857081291056 0.0509059151635 -0.00201142843518 0.011248767705 0.0213601926423 -0.00606185058989 0.00696927388663 0.0109904806817 -0.00641261620519 -0.0109779258647 0.0086374381845 0.0273572038456 -0.00112406133028 -0.00367042958783 -0.000181533317223 0.0223127437683 0.0552762911649 -0.00078004196605 0.0331214162905 0.0193163869453 0.0296070072611 0.0245719583996 0.0382554469619 0.0255272535431 -0.00940290463607 0.00679805960074 0.0134388628379 0.346190924387 0.0828965366891 -0.00141776103947 0.007191905382 0.0386197066464 0.0360313833984 0.00539184558467 0.00448723438903 0.00514685635685 0.0120899948298 0.010742770495 -0.000565592674202 0.0266776512747 0.000810010915543 -0.0135968212465 -0.01844890064 0.00975156260896 0.0107984846471 -0.00252903551127 0.0376463125235 0.0230119270297 -0.0156920078641 0.0357253501279 -0.00569816488346 0.0178047921043 0.0231890936363 -0.00510538026145 0.0155626838587 0.0187386952 -0.00452486058045 
0.0255306514098 0.0463408873109 0.0330651729262 -0.0183104093031 0.0309824862671 0.0170260635487 0.0335862640898 0.00153436086976 0.0342236004093 -0.000706098594511 0.0407538969458 -0.00648236169655 0.0283165298959 0.031463076084 0.0301239996508 0.00092025436006 -0.0104333273408 0.00472993645702 0.023858162115 0.0201112335217 -0.00116931113093 0.0101598108406 -0.0147342428363 0.0708700938461 0.0244005161 0.0352791430106 0.0108905399983 0.042584150985 0.020151203614 0.0380998639175 0.0828965366891 0.270326940799 0.0129344073456 0.00663472876213 0.0326507790798 0.0232172592713 0.033133408764 -0.0085482884135 0.0416048924187 0.0190551733117 0.0185197849408 0.0222391948558 -0.000612400730244 -0.0127069808446 -0.0101764597177 -0.00210090481036 0.0170469871858 -0.00507664067965 0.0204991984172 0.0146494358177 0.0333242345524 -0.00331153863109 0.0550306616582 -0.0111362379805 0.011706034432 0.00172062636618 0.00637141670462 0.0297003256187 0.00252218844916 0.019064936485 
-0.00615261227739 0.0349701924039 -0.00415897696864 -0.0342958340194 0.0268365616554 0.0259374639331 0.0275164879063 0.00709076863144 0.0028379327606 0.026866902147 0.00902141837871 0.00947384228561 0.022291946902 0.0300406654231 0.0198395760365 -0.00017977171956 -0.00673310982503 0.00720171033013 0.0102284101176 -0.000911247566112 -7.47562535346e-06 0.008068035392 0.00839360385092 0.00590124180687 0.0273363694029 0.0297986325779 0.00221266878362 0.00783532034065 0.0162440540391 0.0412632713878 -0.00141776103947 0.0129344073456 0.245692858386 -0.00459673395245 0.0025536785656 0.026640254267 0.000894694911471 -0.0176999025321 0.0313628015251 0.0124406354493 0.0166441341574 0.00213915460686 -0.00675217853246 0.0298212875157 -0.0120693112327 0.0125704935537 0.00153894497367 -0.0143280072831 -0.00240745881882 -0.0117055717866 0.00702487726361 -0.00168028547221 0.0359676701027 -0.0368734816868 0.0256038232426 0.00257944027622 -0.00838710075619 0.00676401781304 0.0363659854422 0.0250485984428 
0.0176055420252 -0.00404328784271 0.0126533070465 0.00659629011642 0.0106767379587 0.00401962822232 0.0225016918995 0.0185559321356 0.00667749418137 0.02620995035 0.0119880091036 0.0105945236343 0.0217961164252 0.0180850069186 0.0106560225091 0.00277856618214 0.0250260996375 0.00385668971229 0.0182489135583 -0.00630793669146 0.011366341781 -0.00342451259985 0.00233747844544 0.0126952895997 0.0041533797648 0.0104007729562 -0.00270143927274 0.00801085998058 0.00908888023832 0.0105870682028 0.007191905382 0.00663472876213 -0.00459673395245 0.164649004176 0.0152519180324 -0.00169918505052 0.00569509795738 0.00948500753265 -0.000157383464577 -0.00455000303397 0.00676962595836 0.0103407522915 0.00327016222733 0.00304235090281 0.00650946860114 0.0258019443116 0.023809397682 -0.00113069507091 0.000156546748526 0.0133094839336 0.0130929498483 0.00464519832628 0.0500300235353 0.0400421095789 0.00960869798011 0.0143770063399 0.00517748774862 0.00830779161108 -0.0106034532434 0.0124254008785 
-9.79212233014e-05 0.0288431368445 0.0162877359189 -0.00746038977248 0.0570511734951 -0.00419623144093 0.00901913964871 0.00753569302039 0.0032800420839 0.0315504794897 0.0356781483349 0.011719876905 0.0062909448842 0.0260282065876 -0.00390571208559 -0.000218527595444 0.0175398812241 0.00422312754735 0.0249767045083 0.0203023261325 0.00788241118621 0.0209149266802 0.01866885966 0.016045341617 0.0253243997024 0.00977186179409 0.0102306487535 0.0287787132176 0.00619272953292 0.0380929626539 0.0386197066464 0.0326507790798 0.0025536785656 0.0152519180324 0.465083293624 0.00922350641316 0.0184780424045 0.0209181814139 0.0312528083494 0.0109144424121 0.0205089616782 0.0135537513749 0.027493174491 0.035783585978 -0.0145059509788 0.0155509437276 -0.0115636819588 -0.00585764497337 0.0100429431961 0.0155238870102 0.0445649537158 0.0580521132876 0.0696682999711 -0.0181574442514 0.00735783094472 0.0140425998374 -0.00631903805615 0.0337352955797 -0.00819794834598 0.0168147769463 
0.0249813394071 0.000981564555497 -0.00438372650666 0.0193318828269 0.0215342400633 -0.00723892410214 0.00924016325826 0.00482281669011 0.0107845892155 0.00267001668931 0.0103181028114 0.00240916604746 0.0141396389992 0.0109490388443 0.0470378123109 0.0148720863114 -0.00798481087864 0.0152866214649 0.0150604584563 -0.017274472073 -0.00650680283676 0.0337659837995 -0.00472597362058 0.00193023261822 0.0153087523118 0.0276153761066 0.00594652053603 -0.00143786556925 0.0153426460306 0.00471564661286 0.0360313833984 0.0232172592713 0.026640254267 -0.00169918505052 0.00922350641316 0.263796114278 0.0100523306325 0.019412814251 0.0233109871907 0.0172784267177 -0.00779843248447 0.0187632951227 0.00534405319822 0.0445432077502 0.0192168563471 0.00121661766309 0.00719779708861 0.0185472388829 0.00642941444936 -0.000925966853674 0.00875297179952 -0.0282004726765 0.0451784433943 0.0287603983709 0.00308911047273 -0.00143614234752 0.0103092084548 -0.0178325309196 0.0309491232575 -0.0112212709121 
0.00966121325875 0.0133646710516 0.0214308233255 0.023084268764 0.0389589903418 0.0384698310502 0.0104088730769 0.00548160852768 0.0183936510509 -0.00330404324673 0.0071916508437 0.021010383771 0.0154468047925 0.00792230010619 0.0684088000339 0.0170740497181 -0.0100328269818 -0.00337845011478 0.0167278282617 0.0238221443195 0.0128559991848 0.00241476607287 -0.00324460995515 1.27131557887e-05 0.0071913178441 0.005344785017 0.00822038440072 0.0136099432795 0.00566675369621 0.0311128234199 0.00539184558467 0.033133408764 0.000894694911471 0.00569509795738 0.0184780424045 0.0100523306325 0.228345562736 0.0129991386658 0.00195149063508 0.00440977886028 0.0165827494298 0.0152653967166 -0.00608520530947 0.0548498282849 0.0331498477088 0.0163310659533 0.00342721735603 0.0289997419468 -0.000386178856331 0.0203374741091 0.0216772099256 0.0126879797119 0.016993063155 0.011058272336 0.0105729296586 0.0169179162475 0.0173027662481 -0.0195290188092 0.00502604829899 0.0045408265793 
0.0300638925893 0.00703932532961 0.0139746403857 0.0593310051454 0.013137365294 -0.00138339040466 0.0239914129075 0.0310631802397 0.004127683584 -5.90156395877e-05 0.00505461902891 0.0627264821032 0.0112398786143 0.0247807537133 -0.00357648413689 0.0030476514299 0.0433523803573 0.0113128542803 -0.0186050228527 0.0216190740727 0.000996987731419 0.00605044372333 0.025470284866 0.0107257439635 0.0151470250887 -0.0042110522756 0.00570851987399 0.00628637692264 0.0129624309065 0.0163682316645 0.00448723438903 -0.0085482884135 -0.0176999025321 0.00948500753265 0.0209181814139 0.019412814251 0.0129991386658 0.174134542796 0.0165974595486 0.0328094143416 0.00407713109788 0.0103358625592 -0.00879648539615 0.00931554133321 0.0403177762644 0.0134089481573 -0.00591943046569 -0.00628525580693 0.0395246705337 0.0149303020997 0.00601987121737 0.0168532408312 -0.00264217701465 0.0793535816152 0.00619199019366 -0.0054194155849 0.0114261256725 0.0251021696645 0.0157242551784 -0.00542983633609 
0.0104289113605 0.0190271434861 0.00410930041048 0.0255447976532 0.00783275589627 0.00554290994076 0.0126187260886 0.000467979013213 0.0133158699168 0.0346302322458 0.0277368721494 -0.00944566324754 0.0292260442225 0.0403680482856 0.00709589601696 0.0083364829274 0.00626440227272 0.00719942812047 0.0184133275561 0.0141272792086 0.0257384417792 0.0187093003456 0.00641426628204 0.018308715827 0.0408904189249 0.0164040010159 0.0374411312277 0.0109733980673 0.0315465435142 0.0383828723365 0.00514685635685 0.0416048924187 0.0313628015251 -0.000157383464577 0.0312528083494 0.0233109871907 0.00195149063508 0.0165974595486 0.20376329598 0.0142738455059 0.00310117041262 0.0108239392885 0.00721918101422 0.0109802050619 0.00410959298801 0.0135624052835 0.00538774864288 -0.0136188394111 0.0143869892459 0.0107833009012 0.0164251592208 0.0182980532145 0.0321359385286 0.00909834722114 0.00422774731158 0.0146527181223 0.0195316284343 0.0149539288485 0.0587900094212 0.0273084799813 
