30
0.0422860283868 0.125840316239 0.0905877796438 0.105904751354 0.0952470994091 0.103848753038 0.0205855922537 0.0339335468557 0.134627172929 0.0300827450696 0.117315051398 0.0189508527873 0.185813705736 0.0213104348082 0.0564449965361 0.234257183995 0.105790735219 0.0590120409917 0.0328562524986 0.133040507733 0.0292815331214 0.143828325424 0.0601344650096 0.0475630895173 0.13190386478 0.082081594572 0.0088766616328 0.0431194173031 0.0723018126246 0.0324129219316 
0.242627331704 0.0449935910356 0.0314847683243 0.0153422543655 0.024871463211 -0.0228326406598 0.011916595753 0.0152193106592 0.0125155895366 0.0209774846436 -0.0175226046264 0.00161096913806 0.0376840313038 0.0225872599217 0.0130833518344 0.0297228463857 -0.000798565184406 -0.00496940148996 0.0282609245827 -0.0104284494721 0.00975896905646 0.0297363734622 0.00966595716884 0.0173326951441 0.0065303847968 -0.0043312768821 0.00474174898492 0.00366237981385 0.0188107926703 0.0081910564757 
0.0449935910356 0.387807040424 0.0479830192307 0.0202105369135 0.00542623983815 0.0224854412104 0.0114245538127 0.0217184853289 0.0459553727646 0.0100533322439 0.0347173539406 0.0453028418534 0.0653299623684 0.0149964951886 0.0372129903718 0.0839792480002 0.0202793224402 0.0450907510204 0.00453946258556 0.0311201450044 0.0330287623681 0.00127641376065 0.0300267401701 0.00232451536279 -0.0233175676028 0.0412890122192 0.0029488281952 0.0310685983508 0.0661051760328 -0.00286701067747 
0.0314847683243 0.0479830192307 0.427987154467 0.0179724166428 0.0655297378514 0.00659014723763 0.0167422488854 0.019383689555 -0.0358395391518 0.0279596663371 0.00909822555127 0.0639980571459 0.073793085174 0.0177615761646 0.0135854335854 0.014148974919 0.0393150069993 0.0232646798419 0.0347908093108 0.0372127461858 0.00822718004687 -0.00535684589163 0.00315687652017 -0.00952048667582 0.0185274468175 0.048795644486 0.0347594992081 0.0284834155453 0.0563312777918 0.0314990357979 
0.0153422543655 0.0202105369135 0.0179724166428 0.418618631793 0.0294238475228 0.0250592546479 0.0179828957917 0.00388258762264 0.00292295205233 -0.000115082820618 0.0407093493094 0.00661499909269 0.0806695146502 0.0389287531089 0.0188541490431 0.0145516910326 0.0222410211841 0.0282136219831 0.0045765820295 0.0127826735704 0.0153628667201 -0.000230639900737 0.0079193044262 0.0186072388241 -0.0266472563669 0.0213233478447 0.0433907991156 0.0139671197858 0.00998146534708 0.0187511581424 
0.024871463211 0.00542623983815 0.0655297378514 0.0294238475228 0.460214183573 -0.00127241858196 0.00364753655144 0.0306110920606 0.00768050383173 0.0252913274768 0.0145151881402 0.0193457867758 0.10918609729 0.00726646112724 0.0206413367937 0.0312996579048 0.0253815384742 0.0217025381398 -0.0161092216427 0.0272997988304 0.029504681503 0.0457688831485 0.0151388823527 0.0110116379183 -0.00386951645407 0.0590630774299 0.0275836194537 0.018997477838 0.0288375662606 0.00405504012548 
-0.0228326406598 0.0224854412104 0.00659014723763 0.0250592546479 -0.00127241858196 0.353613002761 -0.00584773887725 0.00155411109937 0.0351748053441 -0.0107167603127 -0.0302964155277 0.0250737015693 0.0202570625463 0.0245023659105 0.0173966294153 0.0370258127072 0.0118414763176 -0.00380810122307 0.0196468603526 0.0091452419133 -0.000580971940061 0.0219697293617 0.0132270560109 0.00434746967136 -0.0187213651968 0.0182432322584 0.0187224575247 0.000340678423413 0.0605813403515 0.0080471578895 
0.011916595753 0.0114245538127 0.0167422488854 0.0179828957917 0.00364753655144 -0.00584773887725 0.169120004993 0.00254617987469 0.0131474834969 0.010639956771 0.014048836984 -0.0133507082625 0.00335192328444 0.0214920213615 0.0126401382962 -0.0102612480513 -0.00340848711915 0.00664150619706 -0.00807585637103 -0.000573275384471 0.0177391600332 0.0332365554486 0.0175597290249 0.0170425030373 -0.004900866546 0.0122093840206 0.0219053086937 0.0162932065589 0.00844009069211 0.00566076472507 
0.0152193106592 0.0217184853289 0.0193836895551 0.00388258762264 0.0306110920606 0.00155411109937 0.00254617987469 0.301069769044 0.035737586378 -0.00191271402326 0.0082888006341 0.00430249590842 0.0482061649136 0.0298473573001 0.000121649454338 -0.000139156445873 0.0236899157106 0.00901275129974 0.0123895783319 0.0195613945101 0.0446985401203 0.0226570703103 0.0252779105774 0.0104749979934 -0.0121788138703 0.0063801834521 0.0287130887993 -0.00508769363909 0.0304014277547 0.00781233288049 
0.0125155895366 0.0459553727646 -0.0358395391518 0.00292295205233 0.00768050383173 0.0351748053441 0.0131474834969 0.035737586378 0.740720883013 0.00108862723519 -0.0141445359305 0.0180774739437 0.0479530402769 0.0272936524943 0.0123642834808 0.00457328859023 -0.0124064171818 -0.00485357018641 0.0188218105353 -0.0151473053971 0.00643601667061 0.0128695340286 0.0450694826234 0.0245712822846 0.0100981599248 -0.00185386553676 0.0219104198151 0.0194470921353 0.00786693188968 0.0318209122104 
0.0209774846436 0.0100533322439 0.0279596663371 -0.000115082820618 0.0252913274768 -0.0107167603127 0.010639956771 -0.00191271402326 0.00108862723519 0.152420285672 0.0445461794242 0.00213372800703 0.00583032585916 0.00672919560544 0.0176837804679 0.0360215914563 0.00327794262644 0.00539691984636 0.00447925506159 -0.000397940321301 0.0141368005714 0.00116647609543 -0.00289159289036 -0.0048330485773 -0.00487822424462 0.0326414124933 0.00320782787198 -0.00522036584007 0.0032656664342 -0.00123864821331 
-0.0175226046264 0.0347173539406 0.00909822555127 0.0407093493094 0.0145151881402 -0.0302964155277 0.014048836984 0.0082888006341 -0.0141445359305 0.0445461794242 0.364610600289 -0.0287185154546 0.0220871514483 0.0139847017219 0.0293112537432 -0.0591383753263 0.0182057185232 0.023105823532 0.00302848013094 0.0108679781772 0.00706282505944 -0.00708913722033 0.00985472641632 -0.00286000166661 -0.00814232672795 0.0287650406345 -0.0311807912001 0.0179076820129 0.00450645528505 0.0182982413084 
0.00161096913806 0.0453028418534 0.0639980571459 0.00661499909269 0.0193457867758 0.0250737015693 -0.0133507082625 0.00430249590842 0.0180774739437 0.00213372800703 -0.0287185154546 0.39039160838 0.0237343984354 0.0341206748878 -0.0135912676045 0.0187836909013 0.00182748438591 -0.00609607234252 0.0230411275194 -0.0103498706075 0.0247036568737 0.00824129025056 -0.00249747151896 -0.0352480907617 0.0212215053054 0.0239940423157 0.00687713006279 0.00972120113309 0.0420688216714 -0.00276689732527 
0.0376840313038 0.0653299623684 0.073793085174 0.0806695146502 0.10918609729 0.0202570625463 0.00335192328444 0.0482061649136 0.0479530402769 0.00583032585916 0.0220871514483 0.0237343984354 0.599416181652 0.0622607016941 0.0469685422353 0.0283720077421 0.0404199190462 0.0179584185965 0.0332904613697 0.0817033516537 0.030157429295 0.0360907399308 0.0372683550417 0.0437477193775 -0.00858986355583 0.0404075531305 0.029730076045 0.0173127880683 0.0958162835079 0.0360864302752 
0.0225872599217 0.0149964951886 0.0177615761646 0.0389287531089 0.00726646112724 0.0245023659105 0.0214920213615 0.0298473573001 0.0272936524943 0.00672919560543 0.0139847017219 0.0341206748878 0.0622607016941 0.293855510855 0.000236921473072 -0.000959799644261 0.0137540421166 0.00467347094965 0.0261462534726 -0.00714531753159 0.0177460841019 0.0285974392521 -0.00838950506636 0.00545275279439 0.191113190484 0.0354185347542 0.049914377097 0.00866231087893 0.0317247390021 0.00753857274092 
0.0130833518344 0.0372129903718 0.0135854335854 0.0188541490431 0.0206413367937 0.0173966294153 0.0126401382962 0.000121649454338 0.0123642834808 0.0176837804679 0.0293112537432 -0.0135912676045 0.0469685422353 0.000236921473071 0.263766311355 0.00397761147895 0.0182010793946 0.0332513357404 0.0421812342274 0.0944263123169 0.0321465026951 0.00247851248453 0.012378445686 -0.00340211552552 -0.0201360270745 0.0355909225813 0.0424879931909 -0.00448223122727 -0.000576311205478 -0.0118513527751 
0.0297228463857 0.0839792480002 0.014148974919 0.0145516910326 0.0312996579048 0.0370258127072 -0.0102612480513 -0.000139156445873 0.00457328859023 0.0360215914563 -0.0591383753263 0.0187836909013 0.0283720077421 -0.000959799644261 0.00397761147895 1.25538063604 0.0603572827592 -0.00755536612798 0.0346514020603 0.0379379716749 0.0198058737157 -0.0463801422841 -0.00531818341951 0.00848419928314 -0.00897671231749 0.0194842195191 0.0459035183326 0.00826583875969 0.00868804615572 -0.0256933168985 
-0.000798565184406 0.0202793224402 0.0393150069993 0.0222410211841 0.0253815384742 0.0118414763176 -0.00340848711915 0.0236899157106 -0.0124064171818 0.00327794262644 0.0182057185232 0.00182748438591 0.0404199190462 0.0137540421166 0.0182010793946 0.0603572827592 0.357757102315 0.0170881479931 0.0293255920168 0.0100374047276 0.0174966398928 -0.00416845910002 0.00347378484347 -0.000556142680353 -0.0116757570203 0.0434448984527 0.0362637089264 0.0321324514762 -0.0267020077198 -0.000321356751857 
-0.00496940148996 0.0450907510204 0.0232646798419 0.0282136219831 0.0217025381398 -0.00380810122307 0.00664150619706 0.00901275129974 -0.00485357018641 0.00539691984636 0.023105823532 -0.00609607234252 0.0179584185965 0.00467347094965 0.0332513357404 -0.00755536612798 0.0170881479931 0.286526536822 0.00205023974535 0.0461367137275 0.0190373183717 -0.0125953564713 0.00793095421032 0.00777286225881 -0.0233208665378 0.0137393585718 0.00654814910635 0.00940261409056 0.0167205545274 0.00872152638909 
0.0282609245827 0.00453946258556 0.0347908093108 0.0045765820295 -0.0161092216427 0.0196468603526 -0.00807585637103 0.0123895783319 0.0188218105353 0.00447925506159 0.00302848013094 0.0230411275194 0.0332904613697 0.0261462534727 0.0421812342274 0.0346514020603 0.0293255920168 0.00205023974535 0.321618696979 0.0388800562714 0.00294515782314 -0.00551925549839 0.0133625100986 0.0313184480482 -0.00503432765302 0.0532382583313 0.0207720959057 0.0167650827886 0.0496516088729 0.025053939567 
-0.0104284494721 0.0311201450044 0.0372127461858 0.0127826735704 0.0272997988304 0.0091452419133 -0.000573275384471 0.0195613945101 -0.0151473053971 -0.0003979403213 0.0108679781772 -0.0103498706075 0.0817033516537 -0.00714531753159 0.0944263123169 0.0379379716749 0.0100374047276 0.0461367137275 0.0388800562714 0.486516476386 -0.0106062130736 -0.0253642235651 -0.0482606996453 0.0402709200504 -0.0286781321936 0.035883107588 0.0235922763222 0.0180069515062 -0.0141173056036 0.00103511099861 
0.00975896905646 0.0330287623681 0.00822718004687 0.0153628667201 0.029504681503 -0.000580971940061 0.0177391600332 0.0446985401203 0.00643601667061 0.0141368005714 0.00706282505944 0.0247036568737 0.030157429295 0.0177460841019 0.0321465026951 0.0198058737157 0.0174966398928 0.0190373183717 0.00294515782314 -0.0106062130736 0.150723104325 0.0152011133945 0.00321253502638 -0.00828326007141 -0.0127980281085 0.0105471277133 0.0229476531339 0.0128900966027 0.0481176855133 0.0209573793888 
0.0297363734622 0.00127641376065 -0.00535684589163 -0.000230639900737 0.0457688831485 0.0219697293617 0.0332365554486 0.0226570703103 0.0128695340286 0.00116647609543 -0.00708913722033 0.00824129025056 0.0360907399308 0.0285974392521 0.00247851248453 -0.0463801422841 -0.00416845910002 -0.0125953564713 -0.00551925549839 -0.0253642235651 0.0152011133945 0.598371443373 0.0523110101215 0.0109399261118 -0.0190615192355 0.00678992034846 -0.000533668913398 -0.0144449697105 0.032905143319 0.00656706307865 
0.00966595716884 0.0300267401701 0.00315687652017 0.0079193044262 0.0151388823527 0.0132270560109 0.0175597290249 0.0252779105774 0.0450694826234 -0.00289159289036 0.00985472641632 -0.00249747151896 0.0372683550417 -0.00838950506635 0.012378445686 -0.00531818341951 0.00347378484347 0.00793095421032 0.0133625100986 -0.0482606996453 0.00321253502638 0.0523110101215 0.284966104977 0.0308544452124 0.0195409034682 0.00376979177882 0.00578862320972 0.0171448822326 0.0465699320999 0.00810690315215 
0.0173326951441 0.00232451536279 -0.00952048667582 0.0186072388241 0.0110116379183 0.00434746967136 0.0170425030373 0.0104749979934 0.0245712822846 -0.0048330485773 -0.00286000166661 -0.0352480907617 0.0437477193775 0.00545275279439 -0.00340211552552 0.00848419928314 -0.000556142680353 0.00777286225881 0.0313184480482 0.0402709200504 -0.00828326007141 0.0109399261118 0.0308544452124 0.308476723219 0.0172189666662 -2.89054221052e-05 -0.00612685707164 0.0134316136055 0.0263265421142 -0.000393136867388 
0.0065303847968 -0.0233175676028 0.0185274468175 -0.0266472563669 -0.00386951645407 -0.0187213651968 -0.004900866546 -0.0121788138703 0.0100981599248 -0.00487822424462 -0.00814232672795 0.0212215053054 -0.00858986355583 0.191113190484 -0.0201360270745 -0.00897671231749 -0.0116757570203 -0.0233208665378 -0.00503432765302 -0.0286781321936 -0.0127980281085 -0.0190615192355 0.0195409034682 0.0172189666662 1.052644283 -0.000346103484496 -0.000303767428769 0.00650760688877 -0.00915921838036 -0.0191134682832 
-0.0043312768821 0.0412890122192 0.048795644486 0.0213233478447 0.0590630774299 0.0182432322584 0.0122093840206 0.0063801834521 -0.00185386553676 0.0326414124933 0.0287650406345 0.0239940423157 0.0404075531305 0.0354185347542 0.0355909225813 0.0194842195191 0.0434448984527 0.0137393585718 0.0532382583313 0.035883107588 0.0105471277133 0.00678992034846 0.00376979177882 -2.89054221054e-05 -0.000346103484496 0.269923466656 0.0504621622162 0.0381687819164 0.0307235003566 0.000670861640451 
0.00474174898492 0.0029488281952 0.0347594992081 0.0433907991156 0.0275836194537 0.0187224575247 0.0219053086937 0.0287130887993 0.0219104198151 0.00320782787198 -0.0311807912001 0.00687713006278 0.029730076045 0.049914377097 0.0424879931909 0.0459035183326 0.0362637089264 0.00654814910635 0.0207720959057 0.0235922763222 0.0229476531339 -0.000533668913398 0.00578862320972 -0.00612685707164 -0.000303767428769 0.0504621622162 0.275812912229 0.0348889547251 0.0261189970143 0.0207708969855 
0.00366237981384 0.0310685983508 0.0284834155453 0.0139671197858 0.018997477838 0.000340678423413 0.0162932065589 -0.00508769363909 0.0194470921353 -0.00522036584006 0.0179076820129 0.00972120113309 0.0173127880683 0.00866231087893 -0.00448223122727 0.00826583875969 0.0321324514762 0.00940261409056 0.0167650827886 0.0180069515062 0.0128900966027 -0.0144449697105 0.0171448822326 0.0134316136055 0.00650760688877 0.0381687819164 0.0348889547251 0.185454275105 0.0208750378015 0.00703177683306 
0.0188107926703 0.0661051760328 0.0563312777918 0.00998146534708 0.0288375662606 0.0605813403515 0.00844009069211 0.0304014277547 0.00786693188968 0.0032656664342 0.00450645528505 0.0420688216714 0.0958162835079 0.0317247390021 -0.000576311205478 0.00868804615572 -0.0267020077198 0.0167205545274 0.0496516088729 -0.0141173056036 0.0481176855133 0.032905143319 0.0465699320999 0.0263265421142 -0.00915921838036 0.0307235003566 0.0261189970143 0.0208750378015 0.457607542295 0.00179221891638 
0.0081910564757 -0.00286701067747 0.0314990357979 0.0187511581424 0.00405504012548 0.0080471578895 0.00566076472507 0.00781233288049 0.0318209122104 -0.00123864821331 0.0182982413084 -0.00276689732527 0.0360864302752 0.00753857274092 -0.0118513527751 -0.0256933168985 -0.000321356751857 0.00872152638909 0.025053939567 0.00103511099861 0.0209573793888 0.00656706307865 0.00810690315215 -0.000393136867388 -0.0191134682832 0.000670861640451 0.0207708969855 0.00703177683306 0.00179221891638 0.28836162875 
0.0210121432908 0.00389655928443 0.00272666092011 0.00132867820318 0.002153931897 -0.00197736468469 0.00103200746487 0.0013180309659 0.0010838818482 0.00181670346089 -0.00151750207469 0.000139514019827 0.00326353284261 0.00195611408941 0.00113305150553 0.00257407400428 -6.91577736274e-05 -0.000430362793191 0.0024474678623 -0.000903130216489 0.000845151511764 0.00257524548347 0.000837096446011 0.00150105543109 0.000565547913051 -0.000375099581073 0.000410647507931 0.00031717139571 0.00162906243178 0.000709366299179 
0.00389655928443 0.0335850748774 0.00415545136041 0.00175028383912 0.000469926154687 0.00194729633035 0.000989395382868 0.00188087600266 0.00397985202546 0.000870644111587 0.00300661104647 0.00392334119087 0.00565774070393 0.00129873458011 0.00322273950128 0.00727281621588 0.00175624084047 0.00390497358594 0.000393128991863 0.00269508361432 0.00286037472663 0.000110540674246 0.00260039197802 0.000201308935566 -0.00201936058985 0.0035757333479 0.000255376012844 0.00269061954318 0.0057248761766 -0.000248290407961 
0.00272666092011 0.00415545136041 0.0370647748262 0.00155645693801 0.00567504176826 0.000570723492247 0.00144992128513 0.00167867675737 -0.00310379513654 0.00242137813293 0.000787929445676 0.00554239432812 0.00639066863843 0.00153819761698 0.00117653306064 0.00122533717173 0.00340477948113 0.0020147803754 0.00301297246814 0.00322271835415 0.00071249469221 -0.000463916462631 0.000273393526308 -0.000824498331765 0.00160452396112 0.00422582677189 0.00301026093371 0.00246673614488 0.00487843175954 0.00272789651957 
0.00132867820318 0.00175028383912 0.00155645693801 0.036253436963 0.00254817994319 0.0021701951125 0.00155736445892 0.000336241951363 0.000253135073136 -9.96646461942e-06 0.00352553306735 0.000572875726028 0.00698618489981 0.003371328913 0.00163281720381 0.00126021341023 0.00192612893516 0.00244337133701 0.000396343630005 0.00110701200403 0.00133046328546 -1.99740013165e-05 0.000685831881339 0.0016114341516 -0.00230772009549 0.00184665609273 0.00375775343246 0.00120958805522 0.000864420255756 0.00162389793017 
0.002153931897 0.000469926154687 0.00567504176826 0.00254817994319 0.0398557174156 -0.000110194681623 0.000315885931478 0.00265099833621 0.000665151143214 0.00219029320904 0.00125705216701 0.00167539428041 0.00945579339934 0.00062929399318 0.00178759220314 0.00271062988753 0.00219810571058 0.00187949493557 -0.00139509951778 0.00236423193053 0.00255518037122 0.00396370155095 0.00131106567024 0.000953635817454 -0.000335109954959 0.005115012548 0.00238881151752 0.00164522984155 0.0024974064965 0.000351176776203 
-0.00197736468469 0.00194729633035 0.000570723492247 0.0021701951125 -0.000110194681623 0.03062378435 -0.00050642904224 0.000134589969236 0.00304622750012 -0.000928098667703 -0.00262374654906 0.00217144625259 0.00175431307711 0.00212196713313 0.00150659230139 0.00320652944002 0.00102550193093 -0.000329791239936 0.00170146801699 0.000792001182067 -5.03136458979e-05 0.00190263437415 0.00114549665227 0.000376501917758 -0.0016213177854 0.00157991025829 0.00162141238377 2.95036169197e-05 0.00524649797397 0.000696904316057 
0.00103200746487 0.000989395382868 0.00144992128513 0.00155736445892 0.000315885931478 -0.00050642904224 0.0146462220612 0.000220505645409 0.00113860547042 0.000921447285888 0.00121666497217 -0.00115620525138 0.000290285071587 0.00186126364777 0.00109466808719 -0.000888650148694 -0.000295183643365 0.000575171308604 -0.000699389677463 -4.96471046317e-05 0.00153625632305 0.00287837013528 0.00152071714191 0.00147592405744 -0.000424427492939 0.00105736367264 0.00189705538065 0.00141103307891 0.000730933294961 0.000490236605676 
0.0013180309659 0.00188087600266 0.00167867675737 0.000336241951363 0.00265099833621 0.000134589969236 0.000220505645409 0.0260734068303 0.00309496576733 -0.000165645893432 0.000717831191604 0.000372607075637 0.00417477634342 0.00258485696577 1.05351517813e-05 -1.20513017227e-05 0.00205160688189 0.000780527158357 0.00107296895776 0.00169406645792 0.00387100712563 0.00196215984641 0.00218913127146 0.00090716143669 -0.00105471621996 0.000552540095032 0.00248662643213 -0.000440607193812 0.00263284087469 0.000676567873733 
0.0010838818482 0.00397985202546 -0.00310379513654 0.000253135073136 0.000665151143214 0.00304622750012 0.00113860547042 0.00309496576733 0.0641483101803 9.42778840927e-05 -0.00122495274405 0.00156555516715 0.00415285510685 0.00236369964221 0.0010707783594 0.000396058409798 -0.00107442724494 -0.000420331508048 0.00163001660688 -0.00131179512728 0.000557375393593 0.00111453434036 0.00390313168873 0.00212793546621 0.000874526302638 -0.000160549465003 0.00189749801674 0.00168416758189 0.00068129628663 0.00275577183458 
0.00181670346089 0.000870644111588 0.00242137813293 -9.9664646194e-06 0.00219029320904 -0.000928098667703 0.000921447285888 -0.000165645893432 9.42778840927e-05 0.0131999839444 0.00385781230229 0.000184786265885 0.000504921030638 0.000582765434134 0.00153146031202 0.00311956132859 0.000283878158664 0.000467386968914 0.000387914867337 -3.44626427437e-05 0.00122428284231 0.000101019793155 -0.000250419290045 -0.000418554284567 -0.000422466612119 0.00282682924346 0.00027780604281 -0.000452096943455 0.00028281500923 -0.000107270081908 
-0.00151750207469 0.00300661104647 0.000787929445676 0.00352553306735 0.00125705216701 -0.00262374654906 0.00121666497217 0.000717831191604 -0.00122495274405 0.00385781230229 0.0315762042339 -0.00248709639427 0.00191280342514 0.00121111069555 0.00253842903584 -0.00512153353711 0.00157666147353 0.00200102301541 0.000262274072825 0.00094119451892 0.000611658592396 -0.000613937292372 0.000853444342388 -0.000247683409815 -0.000705146179232 0.00249112559303 -0.00270033572894 0.00155085075461 0.000390270475787 0.00158467418176 
0.000139514019827 0.00392334119087 0.00554239432812 0.000572875726028 0.00167539428041 0.00217144625259 -0.00115620525138 0.000372607075637 0.00156555516715 0.000184786265885 -0.00248709639427 0.0338089050281 0.00205545919886 0.00295493712471 -0.00117703830151 0.00162671534974 0.000158264790322 -0.000527935351193 0.00199542017637 -0.000896325087197 0.0021393994419 0.000713716671695 -0.000216287378065 -0.00305257420345 0.0018378362701 0.00207794501849 0.00059557693395 0.000841880713655 0.00364326682747 -0.000239620337335 
0.00326353284261 0.00565774070393 0.00639066863843 0.00698618489981 0.00945579339934 0.00175431307711 0.000290285071586 0.00417477634342 0.00415285510685 0.000504921030638 0.00191280342514 0.00205545919886 0.051910964075 0.00539193493245 0.00406759507545 0.0024570879461 0.00350046767129 0.00155524467163 0.00288303852498 0.00707571781064 0.00261170998823 0.00312554976214 0.00322753422233 0.00378866363386 -0.000743904005439 0.00349939675158 0.00257470011114 0.00149933142775 0.00829793356141 0.00312517653502 
0.00195611408941 0.00129873458011 0.00153819761698 0.003371328913 0.00062929399318 0.00212196713313 0.00186126364777 0.00258485696577 0.00236369964221 0.000582765434134 0.00121111069555 0.00295493712471 0.00539193493245 0.0254486337442 2.05180014383e-05 -8.31210874473e-05 0.00119113498777 0.000404734456625 0.00226433197211 -0.000618802650046 0.001536855965 0.00247661088755 -0.000726552451264 0.00047222224405 0.0165508877957 0.00306733508619 0.00432271185801 0.000750178127664 0.00274744299042 0.000652859550191 
0.00113305150553 0.00322273950128 0.00117653306064 0.00163281720381 0.00178759220314 0.00150659230139 0.00109466808719 1.05351517813e-05 0.0010707783594 0.00153146031202 0.00253842903584 -0.00117703830151 0.00406759507545 2.05180014382e-05 0.0228428326296 0.000344471258716 0.0015762597132 0.00287965014609 0.00365300204039 0.00817755852521 0.00278396879767 0.00021464547752 0.00107200484235 -0.000294631847171 -0.00174383109778 0.00308226430995 0.00367956814592 -0.000388172610845 -4.9910014443e-05 -0.00102635725725 
0.00257407400428 0.00727281621588 0.00122533717173 0.00126021341023 0.00271062988753 0.00320652944002 -0.000888650148694 -1.20513017227e-05 0.000396058409798 0.00311956132859 -0.00512153353711 0.00162671534974 0.0024570879461 -8.31210874474e-05 0.000344471258716 0.108719152223 0.00522709401729 -0.000654313900173 0.0030008994461 0.00328552472385 0.00171523897819 -0.00401663814491 -0.000460568194328 0.000734753210997 -0.000777406090941 0.00168738290765 0.00397536129991 0.000715842634948 0.00075240686801 -0.00222510651416 
-6.91577736274e-05 0.00175624084047 0.00340477948113 0.00192612893516 0.00219810571058 0.00102550193093 -0.000295183643365 0.00205160688189 -0.00107442724494 0.000283878158664 0.00157666147353 0.000158264790322 0.00350046767129 0.00119113498777 0.0015762597132 0.00522709401729 0.0309826738989 0.00147987702657 0.00253967076675 0.000869264748214 0.0015152534628 -0.000360999147526 0.000300838592172 -4.81633689315e-05 -0.0010111502188 0.00376243857248 0.00314052931657 0.00278275192643 -0.00231246170174 -2.78303110786e-05 
-0.000430362793191 0.00390497358594 0.0020147803754 0.00244337133701 0.00187949493556 -0.000329791239936 0.000575171308604 0.000780527158357 -0.000420331508048 0.000467386968914 0.00200102301541 -0.000527935351193 0.00155524467163 0.000404734456625 0.00287965014609 -0.000654313900173 0.00147987702657 0.0248139259746 0.000177555970332 0.00399555661351 0.00164868013298 -0.00109078986739 0.000686840782239 0.000673149617625 -0.002019646286 0.00118986335549 0.000567086347387 0.000814290266441 0.00144804249861 0.000755306341273 
0.0024474678623 0.000393128991863 0.00301297246814 0.000396343630005 -0.00139509951778 0.00170146801699 -0.000699389677463 0.00107296895776 0.00163001660688 0.000387914867337 0.000262274072825 0.00199542017637 0.00288303852498 0.00226433197211 0.00365300204039 0.0030008994461 0.00253967076675 0.000177555970332 0.0278529961916 0.00336711164316 0.000255058149299 -0.000477981547158 0.00115722732037 0.00271225716168 -0.000435985563849 0.00461056841682 0.00179891627442 0.00145189875914 0.00429995546227 0.00216973481299 
-0.000903130216489 0.00269508361432 0.00322271835415 0.00110701200403 0.00236423193053 0.000792001182067 -4.96471046316e-05 0.00169406645792 -0.00131179512728 -3.44626427436e-05 0.00094119451892 -0.000896325087197 0.00707571781064 -0.000618802650046 0.00817755852521 0.00328552472385 0.000869264748214 0.00399555661351 0.00336711164316 0.042133562791 -0.000918524995969 -0.00219660619546 -0.00417949918973 0.00348756397974 -0.00248359910128 0.00310756827379 0.00204315106282 0.0015594477449 -0.00122259452857 8.96432420532e-05 
0.000845151511764 0.00286037472663 0.00071249469221 0.00133046328546 0.00255518037122 -5.03136458979e-05 0.00153625632305 0.00387100712563 0.000557375393593 0.00122428284231 0.000611658592396 0.0021393994419 0.00261170998823 0.001536855965 0.00278396879767 0.00171523897819 0.0015152534628 0.00164868013298 0.000255058149299 -0.000918524995969 0.0130530037283 0.00131645503654 0.000278213694339 -0.000717351364799 -0.00110834174603 0.000913408053667 0.00198732505712 0.00111631511151 0.00416711380258 0.00181496229474 
0.00257524548347 0.000110540674246 -0.000463916462631 -1.99740013165e-05 0.00396370155095 0.00190263437415 0.00287837013528 0.00196215984641 0.00111453434036 0.000101019793155 -0.000613937292372 0.000713716671695 0.00312554976214 0.00247661088755 0.00021464547752 -0.00401663814491 -0.000360999147526 -0.00109078986739 -0.000477981547158 -0.00219660619546 0.00131645503654 0.051820487086 0.00453026636628 0.000947425392832 -0.00165077598927 0.000588024351144 -4.62170836212e-05 -0.00125097107262 0.00284966900294 0.000568724345437 
0.000837096446011 0.00260039197802 0.000273393526308 0.000685831881339 0.00131106567024 0.00114549665227 0.00152071714191 0.00218913127146 0.00390313168873 -0.000250419290045 0.000853444342388 -0.000216287378065 0.00322753422233 -0.000726552451264 0.00107200484235 -0.000460568194328 0.000300838592173 0.000686840782239 0.00115722732037 -0.00417949918973 0.000278213694339 0.00453026636628 0.0246787886127 0.00267207333736 0.00169229188163 0.000326473544744 0.000501309475256 0.00148479035584 0.00403307442511 0.000702078407578 
0.00150105543109 0.000201308935566 -0.000824498331765 0.0016114341516 0.000953635817454 0.000376501917758 0.00147592405744 0.00090716143669 0.00212793546621 -0.000418554284567 -0.000247683409815 -0.00305257420345 0.00378866363386 0.00047222224405 -0.000294631847171 0.000734753210997 -4.81633689314e-05 0.000673149617625 0.00271225716168 0.00348756397974 -0.000717351364799 0.000947425392832 0.00267207333736 0.0267148678783 0.00149120625599 -2.50328298502e-06 -0.000530601386939 0.00116321185962 0.00227994542647 -3.40466514322e-05 
0.000565547913051 -0.00201936058985 0.00160452396112 -0.00230772009549 -0.000335109954959 -0.0016213177854 -0.000424427492939 -0.00105471621996 0.000874526302638 -0.000422466612119 -0.000705146179232 0.0018378362701 -0.000743904005439 0.0165508877957 -0.00174383109778 -0.000777406090941 -0.0010111502188 -0.002019646286 -0.000435985563849 -0.00248359910128 -0.00110834174603 -0.00165077598927 0.00169229188163 0.00149120625599 0.0911616690222 -2.99734409912e-05 -2.63070310156e-05 0.000563575288352 -0.00079321157962 -0.00165527490877 
-0.000375099581073 0.0035757333479 0.00422582677189 0.00184665609273 0.005115012548 0.00157991025829 0.00105736367264 0.000552540095032 -0.000160549465003 0.00282682924346 0.00249112559303 0.00207794501849 0.00349939675158 0.00306733508619 0.00308226430995 0.00168738290765 0.00376243857248 0.00118986335549 0.00461056841682 0.00310756827379 0.000913408053668 0.000588024351144 0.000326473544744 -2.50328298504e-06 -2.99734409912e-05 0.0233760579202 0.00437015144091 0.00330551347711 0.0026607331802 5.80983223055e-05 
0.000410647507931 0.000255376012844 0.00301026093371 0.00375775343246 0.00238881151752 0.00162141238377 0.00189705538065 0.00248662643213 0.00189749801674 0.000277806042811 -0.00270033572894 0.00059557693395 0.00257470011114 0.00432271185801 0.00367956814592 0.00397536129991 0.00314052931657 0.000567086347387 0.00179891627442 0.00204315106282 0.00198732505712 -4.62170836212e-05 0.000501309475256 -0.000530601386939 -2.63070310156e-05 0.00437015144091 0.0238860988682 0.00302147211034 0.00226197149357 0.00179881244488 
0.00031717139571 0.00269061954318 0.00246673614488 0.00120958805522 0.00164522984155 2.95036169197e-05 0.00141103307891 -0.000440607193812 0.00168416758189 -0.000452096943454 0.00155085075461 0.000841880713655 0.00149933142775 0.000750178127664 -0.000388172610845 0.000715842634948 0.00278275192643 0.000814290266441 0.00145189875914 0.0015594477449 0.00111631511151 -0.00125097107262 0.00148479035584 0.00116321185962 0.000563575288352 0.00330551347711 0.00302147211034 0.0160608113481 0.0018078313041 0.000608969737118 
0.00162906243178 0.0057248761766 0.00487843175954 0.000864420255756 0.0024974064965 0.00524649797397 0.000730933294961 0.00263284087469 0.00068129628663 0.00028281500923 0.000390270475787 0.00364326682747 0.00829793356141 0.00274744299042 -4.9910014443e-05 0.00075240686801 -0.00231246170174 0.00144804249861 0.00429995546227 -0.00122259452857 0.00416711380258 0.00284966900294 0.00403307442511 0.00227994542647 -0.00079321157962 0.0026607331802 0.00226197149357 0.0018078313041 0.0396299756591 0.000155210711073 
0.000709366299179 -0.000248290407961 0.00272789651957 0.00162389793017 0.000351176776203 0.000696904316057 0.000490236605676 0.000676567873733 0.00275577183458 -0.000107270081908 0.00158467418176 -0.000239620337335 0.00312517653502 0.000652859550191 -0.00102635725725 -0.00222510651416 -2.78303110786e-05 0.000755306341273 0.00216973481299 8.96432420531e-05 0.00181496229474 0.000568724345437 0.000702078407578 -3.40466514322e-05 -0.00165527490877 5.80983223055e-05 0.00179881244488 0.000608969737117 0.000155210711073 0.0249728495975 

['AT', 'ODP', 'ADSK', 'TSG', 'YHOO', 'KG', 'WWY', 'MMC', 'DDS', 'HCR', 'MHS', 'SLR', 'DHI', 'ADI', 'EIX', 'CSC', 'SYMC', 'MO', 'HPQ', 'XTO', 'AIG', 'SBUX', 'DG', 'NKE', 'CVG', 'PH', 'APCC', 'SEE', 'MBI', 'SGP']