20
0.0737969483193 0.0146033592013 0.0213104348082 0.109959402945 0.0407864154506 0.100220943784 0.080702843163 0.0499403633474 0.114977551813 0.0594362545722 0.282509070746 0.0493934577213 0.0269248151276 0.0444735285872 0.0414486045552 0.143828325424 0.162419244675 0.0160420823192 0.187838769987 0.0315088302779 
0.34541765583 0.0135004968379 0.0416634082552 0.039198908918 0.00855137261085 0.0014410582582 0.015427365966 0.00730773576966 0.0281983232992 0.0208372790582 0.0454389752023 0.0140497742593 -0.00694023711388 0.0187752196322 0.053088338187 0.0121879370511 0.0102619766131 0.0137787230013 0.0211681050978 0.00548799253439 
0.0135004968379 0.180680102975 0.0105772663867 0.0114329823571 0.0122533872655 0.0433006205728 0.0238650952687 0.00954099992951 -0.00482446000943 0.00362435480308 0.0175258991665 0.0119470119999 0.0189567870014 -0.00224002946042 0.00502039442335 -0.00228401038961 -0.0125628529155 0.00392505954988 0.00989819481608 0.00937352988176 
0.0416634082552 0.0105772663867 0.351165975722 0.0294345561495 0.0286067784035 0.00412725511389 0.00353565948969 0.00109780192644 0.00163635917886 0.0346481072032 0.092724033909 0.00631559236838 -0.0148320986577 0.0153736870226 0.029252853147 0.0224936218535 0.0168938028907 0.025213313673 0.0130765093847 0.0300956963273 
0.039198908918 0.0114329823571 0.0294345561495 0.403039361164 0.0401759214231 0.00325015693958 0.0297556050054 0.0285286604716 0.0122080946214 0.0257537257484 0.122897955624 0.021633208945 0.00279255211044 0.0364361347139 0.00780255095601 0.039445684093 0.0124779866402 0.0499612915303 0.0450847200406 0.0313875165751 
0.00855137261085 0.0122533872655 0.0286067784035 0.0401759214231 0.228405974736 0.00822583389671 0.0226267855985 0.0354575779301 0.0343940212015 0.0295404294963 0.0592908602282 0.0330102835728 0.0123840241973 0.00879927753861 0.0332726719692 -0.0027625219461 0.036008222026 0.030047925503 -0.00260791329993 0.0325420244128 
0.0014410582582 0.0433006205728 0.00412725511389 0.00325015693958 0.00822583389671 1.11899315116 0.009093046387 0.0117186855346 0.0336618195873 0.0407206795304 -0.0219385828669 0.000796691233095 0.00363099117734 0.00224523250941 -0.00778787623305 0.0213631270317 0.0272193423357 0.00891814078897 0.0466651596258 0.0298940737334 
0.015427365966 0.0238650952687 0.00353565948969 0.0297556050054 0.0226267855985 0.009093046387 0.412834237136 0.0582033530848 0.0132092368855 0.0157746413914 0.124372648315 0.00860011482122 0.0311325170206 0.0269971665326 -0.0208291142511 -0.00261551336021 0.0053807053443 0.0116706183438 0.172640025703 0.00877950587183 
0.00730773576966 0.00954099992951 0.00109780192644 0.0285286604716 0.0354575779301 0.0117186855346 0.0582033530848 0.278687731351 0.0321900103512 0.0433383428666 0.00513167819844 0.0329075332017 0.064658799132 0.0322411426678 0.0162794893228 -0.0156438307913 0.0408151901008 0.0350132511364 0.0348484494126 0.0410930664712 
0.0281983232992 -0.00482446000943 0.00163635917886 0.0122080946214 0.0343940212015 0.0336618195873 0.0132092368855 0.0321900103512 0.61770356023 0.0263935448189 0.00863100713782 -0.000322451733665 0.0259912361379 0.015725555604 0.0218016021073 0.0209643465355 -0.00692682679572 0.00469604422494 0.0266676482106 0.00297682019473 
0.0208372790582 0.00362435480308 0.0346481072032 0.0257537257484 0.0295404294963 0.0407206795304 0.0157746413914 0.0433383428666 0.0263935448189 0.293668380035 0.0177010412097 0.0237871266153 0.0386903180625 0.0389682643974 0.0156526560242 -0.00205794764824 0.0054633135695 0.0348600213438 0.0218231455652 0.0349335481149 
0.0454389752023 0.0175258991665 0.092724033909 0.122897955624 0.0592908602282 -0.0219385828669 0.124372648315 0.00513167819844 0.00863100713782 0.0177010412097 0.863999459123 -0.00275453067581 0.0306966674793 0.029752545603 0.0493323861914 0.0223856122779 0.039773038329 0.0210102943346 0.0421275377879 0.0191882890142 
0.0140497742593 0.0119470119999 0.00631559236838 0.021633208945 0.0330102835728 0.000796691233094 0.00860011482121 0.0329075332017 -0.000322451733665 0.0237871266153 -0.00275453067581 0.177917515738 0.0116928373421 0.0304895985522 0.0161740972747 0.00425323884716 0.00147140174749 0.0490582894284 0.00819830808284 0.0181777866581 
-0.00694023711388 0.0189567870014 -0.0148320986577 0.00279255211044 0.0123840241973 0.00363099117734 0.0311325170206 0.064658799132 0.0259912361379 0.0386903180625 0.0306966674793 0.0116928373421 0.207739954786 0.00582571669761 0.0104852460386 -0.00915361673447 -0.00345076665617 0.0144509192957 0.0829894377613 0.0253534907886 
0.0187752196322 -0.00224002946042 0.0153736870226 0.0364361347139 0.00879927753861 0.00224523250941 0.0269971665326 0.0322411426678 0.015725555604 0.0389682643974 0.029752545603 0.0304895985522 0.00582571669761 0.351886395692 0.0290593818435 0.0316555498496 0.0264052285728 0.0334237917611 -0.0119018529319 0.046596431503 
0.053088338187 0.00502039442335 0.029252853147 0.00780255095601 0.0332726719692 -0.00778787623305 -0.0208291142511 0.0162794893228 0.0218016021073 0.0156526560242 0.0493323861914 0.0161740972747 0.0104852460386 0.0290593818435 0.320434202414 0.034313517879 0.0378481404923 0.0225422959842 0.0106122596222 0.00805837457569 
0.0121879370511 -0.00228401038961 0.0224936218535 0.039445684093 -0.0027625219461 0.0213631270317 -0.00261551336021 -0.0156438307913 0.0209643465355 -0.00205794764824 0.0223856122779 0.00425323884716 -0.00915361673447 0.0316555498496 0.034313517879 0.603178484034 0.0260573248377 0.0195074698439 -0.0279888056224 0.039722357836 
0.0102619766131 -0.0125628529155 0.0168938028907 0.0124779866402 0.036008222026 0.0272193423357 0.0053807053443 0.0408151901008 -0.00692682679572 0.0054633135695 0.039773038329 0.00147140174749 -0.00345076665617 0.0264052285728 0.0378481404923 0.0260573248377 1.30365967555 0.0277830134438 0.0232073718691 0.00866854193832 
0.0137787230013 0.00392505954988 0.025213313673 0.0499612915303 0.030047925503 0.00891814078897 0.0116706183438 0.0350132511364 0.00469604422494 0.0348600213438 0.0210102943346 0.0490582894284 0.0144509192957 0.0334237917611 0.0225422959842 0.0195074698439 0.0277830134438 0.195858441979 0.0253360605733 0.0415759902999 
0.0211681050978 0.00989819481608 0.0130765093847 0.0450847200406 -0.00260791329993 0.0466651596258 0.172640025703 0.0348484494126 0.0266676482106 0.0218231455652 0.0421275377879 0.00819830808284 0.0829894377613 -0.0119018529319 0.0106122596222 -0.0279888056224 0.0232073718691 0.0253360605733 0.632478305209 0.047695279544 
0.00548799253439 0.00937352988176 0.0300956963273 0.0313875165751 0.0325420244128 0.0298940737334 0.00877950587183 0.0410930664712 0.00297682019473 0.0349335481149 0.0191882890142 0.0181777866581 0.0253534907886 0.046596431503 0.00805837457569 0.039722357836 0.00866854193832 0.0415759902999 0.047695279544 0.243604906591 
0.0299140464865 0.00116917732253 0.00360815699573 0.00339472509236 0.000740570591822 0.000124799305993 0.001336049084 0.000632868482067 0.00244204643212 0.00180456130101 0.00393513068471 0.0012167461426 -0.000601042164891 0.00162598171631 0.00459758495147 0.00105550631059 0.000888713244002 0.00119327241509 0.00183321167647 0.000475274095056 
0.00116917732253 0.0156473559135 0.000916018139347 0.000990125316224 0.00106117446544 0.00374994374157 0.00206677787664 0.000826274831646 -0.000417810492771 0.000313878333179 0.00151778739024 0.00103464158912 0.00164170591173 -0.000193992241795 0.000434778910764 -0.000197801101991 -0.00108797497689 0.000339920128156 0.000857208816233 0.000811771500074 
0.00360815699573 0.000916018139347 0.030411865592 0.00254910733746 0.00247741968178 0.000357430777653 0.000306197093721 9.50724356624e-05 0.000141712861861 0.00300061410311 0.00803013689066 0.000546946343096 -0.0012844974229 0.00133140035114 0.00253337139585 0.00194800479482 0.00146304624699 0.00218353701544 0.001132458932 0.0026063637564 
0.00339472509236 0.000990125316224 0.00254910733746 0.0349042325493 0.00347933685728 0.000281471847596 0.00257691098397 0.00247065447043 0.00105725200739 0.00223033807402 0.0106432751644 0.00187349085117 0.000241842106903 0.00315546182779 0.000675720734223 0.00341609644942 0.00108062534185 0.00432677476711 0.00390445128777 0.00271823867158 
0.000740570591822 0.00106117446544 0.00247741968178 0.00347933685728 0.0197805376498 0.000712378112186 0.00195953711342 0.00307071632441 0.00297860960988 0.00255827623825 0.00513473911698 0.00285877441602 0.00107248795559 0.000762039788339 0.00288149791771 -0.000239241418384 0.00311840350197 0.00260222668166 -0.000225851916861 0.00281822198321 
0.000124799305993 0.00374994374157 0.000357430777653 0.000281471847596 0.000712378112186 0.0969076495565 0.000787480916894 0.00101486793719 0.00291519909002 0.00352651429327 -0.00189993700858 6.89954846832e-05 0.000314453060049 0.000194442839055 -0.000674449865935 0.00185010107137 0.0023572641937 0.000772333647777 0.00404132137076 0.00258890272758 
0.001336049084 0.00206677787664 0.000306197093721 0.00257691098397 0.00195953711342 0.000787480916894 0.0357524936912 0.00504055823569 0.00114395347074 0.00136612401805 0.0107709872976 0.000744791791064 0.00269615506236 0.00233802320475 -0.00180385420798 -0.000226510101388 0.000465982751844 0.00101070519636 0.0149510647968 0.000760327511768 
0.000632868482067 0.000826274831646 9.50724356624e-05 0.00247065447043 0.00307071632441 0.00101486793719 0.00504055823569 0.0241350655073 0.00278773667122 0.00375321058804 0.000444416368389 0.00284987597285 0.00559961626265 0.00279216485973 0.00140984513142 -0.00135479548778 0.00353469914876 0.00303223649532 0.00301796424739 0.00355876394834 
0.00244204643212 -0.000417810492771 0.000141712861861 0.00105725200739 0.00297860960988 0.00291519909002 0.00114395347074 0.00278773667122 0.0534946975167 0.00228574803091 0.00074746714416 -2.79251392848e-05 0.00225090707711 0.00136187306417 0.00188807412682 0.00181556566735 -0.000599880797271 0.00040668935961 0.00230948608096 0.000257800191114 
0.00180456130101 0.000313878333179 0.00300061410311 0.00223033807402 0.00255827623825 0.00352651429327 0.00136612401805 0.00375321058804 0.00228574803091 0.0254324277398 0.00153295513611 0.00206002559319 0.00335067983227 0.00337475069095 0.00135555977537 -0.000178223494303 0.000473136834003 0.00301896640602 0.00188993984499 0.00302533401118 
0.00393513068471 0.00151778739024 0.00803013689066 0.0106432751644 0.00513473911698 -0.00189993700858 0.0107709872976 0.000444416368389 0.00074746714416 0.00153295513611 0.0748245480456 -0.000238549354076 0.00265840938486 0.00257664603194 0.00427230996711 0.0019386508912 0.00344444615786 0.00181954486348 0.00364835179232 0.00166175457414 
0.0012167461426 0.00103464158912 0.000546946343096 0.00187349085117 0.00285877441602 6.89954846832e-05 0.000744791791063 0.00284987597285 -2.79251392848e-05 0.00206002559319 -0.000238549354076 0.0154081088407 0.00101262941806 0.00264047668974 0.00140071791232 0.000368341289 0.00012742712925 0.00424857249112 0.000709994306779 0.00157424250305 
-0.000601042164891 0.00164170591173 -0.0012844974229 0.000241842106903 0.00107248795559 0.000314453060049 0.00269615506236 0.00559961626265 0.00225090707711 0.00335067983227 0.00265840938486 0.00101262941806 0.0179908078226 0.000504521865538 0.000908048943435 -0.000792726462855 -0.000298845158677 0.00125148632181 0.00718709613471 0.00219567670975 
0.00162598171631 -0.000193992241795 0.00133140035114 0.00315546182779 0.000762039788339 0.000194442839055 0.00233802320475 0.00279216485973 0.00136187306417 0.00337475069095 0.00257664603194 0.00264047668974 0.000504521865538 0.0304742557915 0.00251661628947 0.00274145103405 0.00228675987367 0.00289458527559 -0.00103073069911 0.00403536934073 
0.00459758495147 0.000434778910764 0.00253337139585 0.000675720734222 0.00288149791771 -0.000674449865935 -0.00180385420798 0.00140984513142 0.00188807412682 0.00135555977537 0.00427230996711 0.00140071791232 0.000908048943434 0.00251661628947 0.0277504159532 0.00297163781765 0.00327774511523 0.00195222009819 0.000919048642437 0.000697875709576 
0.00105550631059 -0.000197801101991 0.00194800479482 0.00341609644942 -0.000239241418384 0.00185010107137 -0.000226510101388 -0.00135479548778 0.00181556566735 -0.000178223494303 0.0019386508912 0.000368341289 -0.000792726462855 0.00274145103405 0.00297163781765 0.052236789019 0.00225663052641 0.00168939644484 -0.00242390166906 0.00344005709842 
0.000888713244002 -0.00108797497689 0.00146304624699 0.00108062534185 0.00311840350197 0.0023572641937 0.000465982751844 0.00353469914876 -0.000599880797271 0.000473136834003 0.00344444615786 0.00012742712925 -0.000298845158677 0.00228675987367 0.00327774511523 0.00225663052641 0.112900239691 0.0024060795436 0.00200981735937 0.000750717753236 
0.00119327241509 0.000339920128156 0.00218353701544 0.00432677476711 0.00260222668166 0.000772333647777 0.00101070519636 0.00303223649532 0.00040668935961 0.00301896640602 0.00181954486348 0.00424857249112 0.00125148632181 0.00289458527559 0.00195222009819 0.00168939644484 0.0024060795436 0.01696183863 0.00219416720883 0.00360058637872 
0.00183321167647 0.000857208816233 0.001132458932 0.00390445128777 -0.000225851916861 0.00404132137076 0.0149510647968 0.00301796424739 0.00230948608096 0.00188993984499 0.00364835179232 0.000709994306779 0.00718709613471 -0.00103073069911 0.000919048642437 -0.00242390166906 0.00200981735937 0.00219416720883 0.0547742279653 0.00413053237257 
0.000475274095056 0.000811771500074 0.0026063637564 0.00271823867158 0.00281822198321 0.00258890272758 0.000760327511768 0.00355876394834 0.000257800191114 0.00302533401118 0.00166175457415 0.00157424250305 0.00219567670975 0.00403536934073 0.000697875709576 0.00344005709842 0.000750717753236 0.00360058637872 0.00413053237257 0.0210968037595 

['CMVT', 'CZN', 'ADI', 'EBAY', 'PX', 'SYK', 'BHI', 'EXC', 'ADM', 'BOL', 'AMD', 'AFL', 'D', 'MCD', 'COL', 'SBUX', 'HUM', 'HBAN', 'SUN', 'MAS']