40
0.0994766710856 0.0800542827641 0.176385145314 0.0345230729479 0.171372180847 0.0283464571838 0.0842142990337 0.070995024039 0.135547989167 0.0594275332512 0.0617018630506 0.00108215816497 0.0288411222523 0.0540494724418 0.0403512104362 0.00753480783794 0.00238062118955 0.122670110856 0.0429486266904 0.330982708656 0.0450347688147 0.0422457423554 0.00642009941462 0.119808933935 0.0703179731329 0.0147816990943 0.0493870590102 0.00535997805058 0.187838769987 0.0810581507116 0.0328492958576 0.0905877796438 0.00610402508206 0.134016582451 0.0408230851415 0.204332601919 0.0797862135264 0.0437038130991 0.106356452037 0.0566389432936 
0.424092087455 0.0196860912255 -0.0102009091719 0.0998482736922 0.00188520903909 0.0143300183426 0.0103913037849 0.0254047735757 0.01174506626 0.0377333350371 0.0657699003014 0.0194129718287 0.00681679041212 0.0162001816098 0.00986389957136 0.00785488815674 0.0232395460392 0.0168006096855 0.00141505743902 0.00884592396751 0.0112297092582 0.00701132319309 -0.000928873632058 0.0459993120431 0.0114755001876 -0.0198834811903 0.00571470430928 0.0142987981971 0.0209950932076 -0.018079415066 0.00170858669508 -0.00337500990927 0.00837276197538 -0.0162234571341 -0.00144524669982 0.031057598119 0.0106301242563 0.0153775419309 0.069960732649 0.0282459452867 
0.0196860912255 0.332358938995 0.0300170638787 0.0121151099708 -0.00118661519557 0.00972619316544 0.0357602835541 0.00298152839439 0.0213131234489 0.00584130260542 0.0254839269402 0.00726467674406 0.0172476783565 -0.0159456461543 0.00755953838933 0.109570314253 0.0137310809917 0.0171393281775 0.0265589426257 0.0230358908649 -0.0124768819024 -0.00252069988873 0.00559279961586 0.00262197784456 0.0107534141021 0.0155006981225 -0.0126952560862 0.0112602710962 0.0127175221157 0.0167419502512 0.00289057337956 0.0373254789191 0.0166192066796 0.0163877659437 0.0236529042895 0.0164779028806 0.0135823381822 -0.00333341939636 0.0270955363171 0.00303447351365 
-0.0102009091719 0.0300170638787 0.610425625327 0.00384981682574 0.0198390710917 0.0204621738707 0.060570379753 0.0436894194781 0.0208509537542 -0.00106579566159 0.0105983756324 0.0639977856777 0.00843609204612 0.00484475029062 -0.00163678104189 -0.00116122164688 0.00684016145737 0.0047804101297 0.0252834457381 0.0770628874342 0.0169837225065 -0.00289173578575 0.0243544075229 -0.0362009012124 0.0206524843363 0.020935312023 0.034471413651 0.0140923090517 0.0200718586119 0.0579992263873 0.0442306971302 0.0948051155778 0.0142135465914 0.022917836576 0.0255793581906 -0.0207878014137 0.0223170981083 0.0318405964521 0.0397561082608 0.0129691832911 
0.0998482736922 0.0121151099708 0.00384981682574 0.166187215379 0.0304225438587 -0.00136746831418 0.0050066948859 0.020978572073 0.0126302471941 0.0228945175989 0.0518914174369 0.0133227695842 0.0257189684879 0.00116006532944 0.0183053683875 0.00046098657128 0.00535111423668 0.021691104555 -0.00238692431766 0.0202856268275 -0.0104819189169 0.00700764595883 0.00280396173948 0.00193769080755 0.0089598108283 0.0275941541015 0.0274617882883 0.00587883303106 0.0203268723064 0.00167838175294 0.0141128610879 0.0136572580607 0.0197668871972 0.00880489068463 0.0155008236709 0.0014550908612 0.0107685148449 0.00636049957822 0.0544191079417 0.0184615082162 
0.00188520903909 -0.00118661519557 0.0198390710917 0.0304225438587 0.552429552036 -0.00999347365646 0.0332132715613 0.0121564976475 -0.00575810754692 0.0283200487302 0.0113617208793 0.00367983698288 -0.000746244614308 0.0171211609274 0.0231425496792 0.0292441219237 0.0312350825874 0.0164539177425 0.00963072283086 0.0216945929323 0.039413687077 0.00190902700711 0.0379833715926 0.003114964526 0.0310083399602 0.00971974852088 0.0353716475918 0.0392081573136 0.237123578432 0.0228041187217 -0.0122350938243 0.0244961227698 0.00588769712394 0.00235883539944 0.00141456869722 0.0776137082472 0.00145583057402 0.0221889109401 0.179664022066 0.0151096729428 
0.0143300183426 0.00972619316544 0.0204621738707 -0.00136746831418 -0.00999347365646 0.188078670982 -0.00108905108933 0.013333160457 0.0284216086451 0.00760339771998 0.0142985890826 0.0221954650001 0.0201424100898 0.0187815622008 0.0380982345158 0.0247503156326 0.0108781956442 0.00317019202566 0.0143735108142 0.00914067057934 -0.00344115665334 0.0133387056834 0.0167163016406 0.00750785185377 0.0257798914936 0.027971168332 0.00707195750306 0.0135877766699 0.00702685253045 0.0120938170216 0.0273764959295 0.00447534946508 0.00977528587544 0.00984020828932 0.0143538778713 -0.0146429933971 0.013156585939 0.0231133863691 0.0235229306189 0.00831485391215 
0.0103913037849 0.0357602835541 0.060570379753 0.0050066948859 0.0332132715613 -0.00108905108933 0.528180879133 0.00265163248589 0.0378594847293 -0.00235524296396 0.0214589962834 -0.0196832304084 0.0146625001285 0.00487438918901 0.000420157847545 0.0368245233354 0.00849009256167 0.0224034588375 0.0187146812186 0.069835056769 -0.00839134435482 0.0258234879082 0.00542344021706 0.0456175039401 0.0205517342722 0.0229643363714 0.0221067714556 0.00445528288509 0.0177930975465 0.0198804186315 -0.00850473722771 0.0253361693823 0.00143178984329 0.0150885878832 0.0228895791378 0.00811108240563 0.0106682087245 0.00451632143192 0.0281697699296 0.0248111500202 
0.0254047735757 0.00298152839439 0.0436894194781 0.020978572073 0.0121564976475 0.013333160457 0.00265163248589 0.371565922157 -0.027101396163 0.0041227303924 0.0444133528265 0.0043374825448 0.00348732852437 0.0235535219905 -0.00368360698591 0.0122613140502 0.0138091719555 -0.00104216154762 0.0248960156604 0.0152234363845 0.0106038479037 0.0327456436868 0.0208171697352 0.00554169298932 0.0330996347503 0.0271541441767 0.00980160301317 0.0111172772659 0.0166104981432 0.0700345679079 0.00523149720545 0.0347481446872 0.0143939781889 0.0162208270632 0.0488995070438 -0.00923299656266 0.0307849396763 0.0263342567133 0.0530245239032 0.00766129103749 
0.01174506626 0.0213131234489 0.0208509537542 0.0126302471941 -0.00575810754692 0.0284216086451 0.0378594847293 -0.027101396163 0.491425177382 0.00443792335745 -0.00578751140711 -0.0116866631012 0.00816895654158 0.00151428914658 0.0248313958766 0.0347711768739 0.00350543209197 0.00829115436154 -0.0135416106834 0.0827341439205 -0.0239105263547 -0.00716864035073 0.0164384126927 -0.0169667794487 -0.0159081495529 0.00319409316518 -0.0192426628905 0.013941296959 -0.00724989715288 -0.00105742630664 0.00376981523237 0.00635282222787 0.0100179708547 0.0225912876611 0.00663021354616 0.00530786849574 0.0205153918558 0.0226960312007 0.00738031710127 -0.00891617315491 
0.0377333350371 0.00584130260542 -0.00106579566159 0.0228945175989 0.0283200487302 0.00760339771998 -0.00235524296396 0.0041227303924 0.00443792335745 0.231901000308 0.0177339121045 0.00422941369254 0.00940342149458 0.000540207702865 0.0052103772793 0.00230769943749 0.0177225559572 0.00287072043254 0.0117194100593 0.0248661467441 0.0136820050483 0.00402932701007 0.0126942159663 0.018628744362 0.0211394690415 0.00724443090931 0.0155637179759 0.0163717925643 0.00633360926674 0.00180432883203 -0.000800404412461 -0.00632172517175 0.0131973670193 0.0119192145144 0.00102070240271 -0.0214835387521 -0.0104978709204 0.00341880242917 0.0266576704101 0.0101180869037 
0.0657699003014 0.0254839269402 0.0105983756324 0.0518914174369 0.0113617208793 0.0142985890826 0.0214589962834 0.0444133528265 -0.00578751140711 0.0177339121045 0.258180639375 0.0271343780693 0.024305265628 0.0045820445824 0.0207673499139 0.00588298082135 0.0135301080678 0.0208369548434 0.0121914964227 0.0317089522322 0.011271888384 0.0216977134347 0.00921000158136 0.00286151065109 0.00739075026948 0.0278741637735 0.0253260929313 0.0137759285697 0.0231096122451 0.0212796846373 -0.00659836208861 -0.017113631563 0.0375725591214 0.00362710577745 0.00655173409853 -0.0313927983692 0.0155295880372 0.0280167251078 0.0208539799487 0.0214188588641 
0.0194129718287 0.00726467674406 0.0639977856777 0.0133227695842 0.00367983698288 0.0221954650001 -0.0196832304084 0.0043374825448 -0.0116866631012 0.00422941369254 0.0271343780693 0.238884569958 0.00569066322383 0.0195453050506 0.00774963992163 0.0202942727259 0.0103337837498 0.000102269674232 0.00759559184129 0.0164949018995 0.0217255524161 0.0244027427478 0.00243211796179 -0.0209462693276 0.012357840945 0.00411240749008 0.0216355390915 0.0044568984257 0.0256125848554 0.0186097130773 0.0197977790687 -0.00667652481924 0.00772030771889 -0.00108275727689 -0.00490637574354 -0.00620338276162 0.0127916203987 0.0150060892444 0.0102699588605 0.0203009425823 
0.00681679041212 0.0172476783565 0.00843609204612 0.0257189684879 -0.000746244614308 0.0201424100898 0.0146625001285 0.00348732852437 0.00816895654158 0.00940342149458 0.024305265628 0.00569066322383 0.177589898596 0.0152872042076 0.00784855831129 0.0142806256163 0.0244319647791 -0.00664944278147 0.00734866474045 -0.0158096694717 0.0127338452964 0.015484948575 0.0161361232571 -0.0133965373138 0.0182484807682 0.0601265354258 0.0285538760702 0.0145227809735 0.0240912937627 0.012978123903 0.0139561462925 0.0285648326991 0.0266118006937 0.0359138238445 0.00412789348332 -0.00480685896975 0.0344151164412 0.033153347945 -0.0194561930171 0.00585188293649 
0.0162001816098 -0.0159456461543 0.00484475029062 0.00116006532944 0.0171211609274 0.0187815622008 0.00487438918901 0.0235535219905 0.00151428914658 0.000540207702865 0.0045820445824 0.0195453050506 0.0152872042076 0.268859589879 0.0329695377806 0.0114994854745 0.0242140420084 0.0412909978018 0.0200379867441 0.0182311230937 0.0212308525283 0.0146560974838 0.0215070029596 -0.000669533104663 0.000415336441201 0.0267658479031 0.0119597801417 0.0304911717437 0.0338232451659 0.0249622825559 0.0273642763098 0.0248765280549 0.0190576523702 0.0126399200625 0.0169258431936 -0.0253598385859 0.037335637764 0.0110686679319 0.0272376058378 -0.000528034289947 
0.00986389957136 0.00755953838933 -0.00163678104189 0.0183053683875 0.0231425496792 0.0380982345158 0.000420157847545 -0.00368360698591 0.0248313958766 0.0052103772793 0.0207673499139 0.00774963992163 0.00784855831129 0.0329695377806 0.185862448129 0.0209684799753 0.0107600749634 0.00986240314787 -0.00170206078589 0.00878841990579 -0.00287647042007 0.0197562017229 0.0164070974011 0.0115528242332 0.0145138072923 0.00992378391204 0.00518178929256 0.00667220082464 0.0204405113817 0.0234065135181 0.0229149033517 0.0175902600679 0.0198504626948 0.0155336362173 0.0214926463255 -0.00535684835015 0.00366409560403 0.0276439083787 0.0269878967845 0.007049335991 
0.00785488815674 0.109570314253 -0.00116122164689 0.00046098657128 0.0292441219237 0.0247503156326 0.0368245233354 0.0122613140502 0.0347711768739 0.00230769943749 0.00588298082135 0.0202942727259 0.0142806256163 0.0114994854745 0.0209684799753 0.29165054092 0.00132481178777 0.01261510412 0.0181328715558 -0.00945559268861 -0.00317423711348 0.0206625545116 0.00261251842421 -0.00307043124096 0.0048901883256 0.0227600574904 -0.000202058146653 0.0108261954302 0.00472233650885 0.00610335809633 0.000499150653884 0.0193885655979 0.0106519635452 0.0179262885591 0.0213096111564 0.0033377571762 0.0342217566899 0.00263293096069 0.015186878989 0.00594532660529 
0.0232395460392 0.0137310809917 0.00684016145737 0.00535111423668 0.0312350825874 0.0108781956442 0.00849009256167 0.0138091719555 0.00350543209197 0.0177225559572 0.0135301080678 0.0103337837498 0.0244319647791 0.0242140420084 0.0107600749634 0.00132481178777 0.110656081459 -0.00105078186606 0.0138680411422 0.0120931971498 0.0463373174565 0.01790454816 0.0455881613214 0.0121457888218 0.0176800912478 0.00902436814777 0.014517328146 0.0475380669138 0.0251379139964 0.0192878996621 0.0112594278948 0.0204046742116 0.0258143802728 0.00913313407661 0.0125642931855 -0.00973895080854 0.0301703479312 0.00930786441268 0.027362337885 0.00355223716268 
0.0168006096855 0.0171393281775 0.0047804101297 0.021691104555 0.0164539177425 0.00317019202566 0.0224034588375 -0.00104216154762 0.00829115436154 0.00287072043254 0.0208369548434 0.000102269674232 -0.00664944278147 0.0412909978018 0.00986240314787 0.01261510412 -0.00105078186606 0.402586707756 0.00309588423956 0.0118441986344 -0.00589738024947 0.00268272267541 0.000432687599273 -0.00664107567645 0.0176224057066 0.0149571564068 -0.00591456518935 -0.00348487155194 0.00723338488675 -0.00850538282277 0.00588946813049 0.000720307826985 0.0192167031333 0.00727630890758 0.00898175648776 -0.0120866565106 0.0298710285969 9.39486207527e-05 0.0136066513126 -0.00696886307982 
0.00141505743902 0.0265589426257 0.0252834457381 -0.00238692431766 0.00963072283086 0.0143735108142 0.0187146812186 0.0248960156604 -0.0135416106834 0.0117194100593 0.0121914964227 0.00759559184129 0.00734866474045 0.0200379867441 -0.00170206078589 0.0181328715558 0.0138680411422 0.00309588423957 0.211172933992 0.00632073548702 0.0172920187833 0.0054758849717 0.0020653119766 -0.00627863980097 0.0028838550474 0.00469682233817 0.00924259754712 0.0186592036474 0.0264988288889 0.020096953292 0.0184260141698 0.0278175463428 0.0205138529619 0.0151470685029 -0.00343100464281 -0.00536484918275 0.012312521052 0.00657533161714 0.0241270222948 0.0264065067095 
0.00884592396751 0.0230358908649 0.0770628874342 0.0202856268275 0.0216945929323 0.00914067057934 0.069835056769 0.0152234363845 0.0827341439205 0.0248661467441 0.0317089522322 0.0164949018995 -0.0158096694717 0.0182311230937 0.00878841990579 -0.00945559268861 0.0120931971498 0.0118441986344 0.00632073548702 1.01089593524 0.0239842169903 0.0152916984314 0.0184375182427 0.0436818811712 0.00465822841578 0.0131700221774 -0.00442829619078 0.00306235797723 -0.020691685274 0.0228616985 0.0283071981263 0.0419179985856 -0.00506979859029 -0.0145940376153 0.00213807139908 -0.0269455254575 0.0182708870793 0.0295520034077 0.0463775305548 0.0168032644989 
0.0112297092582 -0.0124768819024 0.0169837225065 -0.0104819189169 0.039413687077 -0.00344115665334 -0.00839134435482 0.0106038479037 -0.0239105263547 0.0136820050483 0.011271888384 0.0217255524161 0.0127338452964 0.0212308525283 -0.00287647042007 -0.00317423711348 0.0463373174565 -0.00589738024947 0.0172920187833 0.0239842169903 0.189703310265 0.0107009624524 0.0559892640626 0.0341108561255 -0.0117654354489 0.0215770289475 -0.0117809069479 0.0458620505207 0.0254246493448 0.0282818294066 0.00467681847453 0.0262819709778 0.0208436176145 0.00104731580536 0.00322134620402 -0.00811019297358 0.00689866027438 0.0130583238054 0.0200846655042 0.0103132727356 
0.00701132319309 -0.00252069988873 -0.00289173578575 0.00700764595883 0.00190902700711 0.0133387056834 0.0258234879082 0.0327456436868 -0.00716864035073 0.00402932701007 0.0216977134347 0.0244027427478 0.015484948575 0.0146560974838 0.0197562017229 0.0206625545116 0.01790454816 0.00268272267541 0.0054758849717 0.0152916984314 0.0107009624524 0.189764649588 0.0106338214061 -0.0293042652009 -0.00734263729069 0.00766509404418 0.0157310990201 0.012575858879 0.0171927397797 0.0245538455718 0.012175258629 0.0337106414957 0.0301026583711 0.000226765363257 0.0126395197822 -0.0170820143905 0.0154493610811 0.0276226389617 -0.00240519419416 0.0226499365424 
-0.000928873632058 0.00559279961586 0.0243544075229 0.00280396173948 0.0379833715926 0.0167163016406 0.00542344021706 0.0208171697352 0.0164384126927 0.0126942159663 0.00921000158136 0.00243211796179 0.0161361232571 0.0215070029596 0.0164070974011 0.00261251842421 0.0455881613214 0.000432687599273 0.0020653119766 0.0184375182427 0.0559892640626 0.0106338214061 0.143090543405 0.0202019608437 0.021943003187 0.00846282111001 0.008899699018 0.042733471724 0.0309609458615 0.0348201332004 0.00888788731974 0.0198152786242 0.0149934829539 0.0216783543294 0.0183294955283 0.00568814578352 0.0242969018126 0.0143091384833 0.0337926653343 -0.0110581807746 
0.0459993120431 0.00262197784456 -0.0362009012124 0.00193769080755 0.003114964526 0.00750785185377 0.0456175039401 0.00554169298932 -0.0169667794487 0.018628744362 0.00286151065109 -0.0209462693276 -0.0133965373138 -0.000669533104663 0.0115528242332 -0.00307043124096 0.0121457888218 -0.00664107567645 -0.00627863980097 0.0436818811712 0.0341108561255 -0.0293042652009 0.0202019608437 0.640378063288 0.00135310720988 0.0226013826267 0.040834477118 0.00909390656895 0.0100933260905 -0.00316003637832 0.0293049053094 0.00842022969982 -0.00177563620336 0.00967078172056 -0.00302844803608 0.0264266594294 -0.00716637957209 0.0163457468565 0.0260848895133 -0.00655452658933 
0.0114755001876 0.0107534141021 0.0206524843363 0.0089598108283 0.0310083399602 0.0257798914936 0.0205517342722 0.0330996347503 -0.0159081495529 0.0211394690415 0.00739075026948 0.012357840945 0.0182484807682 0.000415336441201 0.0145138072923 0.0048901883256 0.0176800912478 0.0176224057066 0.0028838550474 0.00465822841578 -0.0117654354489 -0.00734263729069 0.021943003187 0.00135310720988 0.279619820344 0.0275345739594 0.00503542419596 0.0190075047608 -0.00923157305281 0.0164641522445 0.019489567613 0.026025459708 0.0183501572187 0.0224216627029 0.0025819986495 -0.00392246325796 0.0305497410711 -0.00514783026897 0.025622682986 0.00819413619067 
-0.0198834811903 0.0155006981225 0.020935312023 0.0275941541015 0.00971974852088 0.027971168332 0.0229643363714 0.0271541441767 0.00319409316518 0.00724443090931 0.0278741637735 0.00411240749007 0.0601265354258 0.0267658479031 0.00992378391204 0.0227600574904 0.00902436814777 0.0149571564068 0.00469682233817 0.0131700221774 0.0215770289475 0.00766509404418 0.00846282111001 0.0226013826267 0.0275345739594 0.210508859907 0.0239159887103 0.0218708625694 -0.00517980883395 0.0091219794766 0.0129017425858 0.0194116664337 0.00117084182191 0.0364071494344 0.0170313562907 -0.0120163716184 0.0159219279611 0.00403316782659 0.00694112834244 -0.00622148902782 
0.00571470430928 -0.0126952560862 0.034471413651 0.0274617882883 0.0353716475918 0.00707195750306 0.0221067714556 0.00980160301317 -0.0192426628905 0.0155637179759 0.0253260929313 0.0216355390915 0.0285538760702 0.0119597801417 0.00518178929256 -0.000202058146653 0.014517328146 -0.00591456518935 0.00924259754712 -0.00442829619078 -0.0117809069479 0.0157310990201 0.008899699018 0.040834477118 0.00503542419596 0.0239159887103 0.199531575097 0.00567642297481 0.0184996726416 0.00729559463852 0.0536555204027 -0.0104746036805 0.0133452661395 0.0205987146694 0.00543149862949 -0.00689123812362 0.0370851067582 0.00331331601967 0.0409611430637 -0.000339246795113 
0.0142987981971 0.0112602710962 0.0140923090517 0.00587883303106 0.0392081573136 0.0135877766699 0.00445528288509 0.0111172772659 0.013941296959 0.0163717925643 0.0137759285697 0.0044568984257 0.0145227809735 0.0304911717437 0.00667220082464 0.0108261954302 0.0475380669138 -0.00348487155194 0.0186592036474 0.00306235797723 0.0458620505207 0.012575858879 0.042733471724 0.00909390656895 0.0190075047608 0.0218708625694 0.00567642297481 0.122717862186 0.0279849641638 0.0150148934332 0.0113786690002 0.0223132680952 0.0152408720897 0.0222741494759 0.0120077050823 0.0146519428774 0.0207441816737 0.00995382561741 0.0186081440931 0.00498746696288 
0.0209950932076 0.0127175221157 0.0200718586119 0.0203268723064 0.237123578432 0.00702685253045 0.0177930975465 0.0166104981432 -0.00724989715288 0.00633360926674 0.0231096122451 0.0256125848554 0.0240912937627 0.0338232451659 0.0204405113817 0.00472233650885 0.0251379139964 0.00723338488675 0.0264988288889 -0.020691685274 0.0254246493448 0.0171927397797 0.0309609458615 0.0100933260905 -0.00923157305281 -0.00517980883395 0.0184996726416 0.0279849641638 0.587723816373 0.0349377823598 0.0122137068651 0.039239371817 0.0145545987948 0.0218096996145 0.00559472966444 0.020184171765 -0.0248608852219 0.0150534435544 0.181574321161 -0.0182423441149 
-0.018079415066 0.0167419502512 0.0579992263873 0.00167838175294 0.0228041187217 0.0120938170216 0.0198804186315 0.0700345679079 -0.00105742630664 0.00180432883203 0.0212796846373 0.0186097130773 0.012978123903 0.0249622825559 0.0234065135181 0.00610335809633 0.0192878996621 -0.00850538282277 0.020096953292 0.0228616985 0.0282818294066 0.0245538455718 0.0348201332004 -0.00316003637832 0.0164641522445 0.0091219794766 0.00729559463852 0.0150148934332 0.0349377823598 0.206472751765 0.0233073425762 0.0584576072567 0.0184886552713 0.0108342381885 0.0136452249294 -0.0216529696937 0.0257751442699 0.0245604421318 0.010294652449 -0.010433303605 
0.00170858669508 0.00289057337956 0.0442306971302 0.0141128610879 -0.0122350938243 0.0273764959295 -0.00850473722771 0.00523149720545 0.00376981523237 -0.000800404412461 -0.00659836208861 0.0197977790687 0.0139561462925 0.0273642763098 0.0229149033517 0.000499150653883 0.0112594278948 0.00588946813049 0.0184260141698 0.0283071981263 0.00467681847453 0.012175258629 0.00888788731974 0.0293049053094 0.019489567613 0.0129017425858 0.0536555204027 0.0113786690002 0.0122137068651 0.0233073425762 0.33138862665 0.0351950065507 0.0200246930123 -0.000225862047615 0.0275487122931 -0.0165000331408 0.00607296785836 0.0178210717481 0.0255654046709 0.00354762061569 
-0.00337500990927 0.0373254789191 0.0948051155778 0.0136572580607 0.0244961227698 0.00447534946508 0.0253361693823 0.0347481446872 0.00635282222787 -0.00632172517175 -0.017113631563 -0.00667652481924 0.0285648326991 0.0248765280549 0.0175902600679 0.0193885655979 0.0204046742116 0.000720307826986 0.0278175463428 0.0419179985856 0.0262819709778 0.0337106414957 0.0198152786242 0.00842022969982 0.026025459708 0.0194116664337 -0.0104746036805 0.0223132680952 0.039239371817 0.0584576072567 0.0351950065507 0.433287827378 -0.0104945566412 0.0179440725896 0.0140784137728 -0.00156221106929 0.0120368437995 0.00851485980588 0.0252056109849 -0.00746704401358 
0.00837276197538 0.0166192066796 0.0142135465914 0.0197668871972 0.00588769712394 0.00977528587544 0.00143178984329 0.0143939781889 0.0100179708547 0.0131973670193 0.0375725591214 0.00772030771889 0.0266118006937 0.0190576523702 0.0198504626948 0.0106519635452 0.0258143802728 0.0192167031333 0.0205138529619 -0.00506979859029 0.0208436176145 0.0301026583711 0.0149934829539 -0.00177563620336 0.0183501572187 0.00117084182191 0.0133452661395 0.0152408720897 0.0145545987948 0.0184886552713 0.0200246930123 -0.0104945566412 0.181282963214 0.0344452385153 0.0155726568107 0.0318406506899 0.0429081817694 0.0131810898981 -0.00672301920655 0.00611507136366 
-0.0162234571341 0.0163877659437 0.022917836576 0.00880489068463 0.00235883539944 0.00984020828932 0.0150885878832 0.0162208270632 0.0225912876611 0.0119192145144 0.00362710577745 -0.00108275727689 0.0359138238445 0.0126399200625 0.0155336362173 0.0179262885591 0.00913313407661 0.00727630890758 0.0151470685029 -0.0145940376153 0.00104731580536 0.000226765363257 0.0216783543294 0.00967078172056 0.0224216627029 0.0364071494344 0.0205987146694 0.0222741494759 0.0218096996145 0.0108342381885 -0.000225862047617 0.0179440725896 0.0344452385153 0.219095401536 0.030754882308 -0.0158856207879 0.0383685038655 0.011790699443 0.0471930464938 0.0096749126208 
-0.00144524669982 0.0236529042895 0.0255793581906 0.0155008236709 0.00141456869722 0.0143538778713 0.0228895791378 0.0488995070438 0.00663021354616 0.00102070240271 0.00655173409853 -0.00490637574354 0.00412789348332 0.0169258431936 0.0214926463255 0.0213096111564 0.0125642931855 0.00898175648776 -0.00343100464281 0.00213807139908 0.00322134620402 0.0126395197822 0.0183294955283 -0.00302844803608 0.0025819986495 0.0170313562907 0.00543149862949 0.0120077050823 0.00559472966444 0.0136452249294 0.0275487122931 0.0140784137728 0.0155726568107 0.030754882308 0.213009335118 -0.00248259759395 0.0213445667819 0.0233646983649 0.0252311764981 -0.00207428873769 
0.031057598119 0.0164779028806 -0.0207878014137 0.0014550908612 0.0776137082472 -0.0146429933971 0.00811108240563 -0.00923299656266 0.00530786849574 -0.0214835387521 -0.0313927983692 -0.00620338276162 -0.00480685896975 -0.0253598385859 -0.00535684835015 0.0033377571762 -0.00973895080854 -0.0120866565106 -0.00536484918275 -0.0269455254575 -0.00811019297358 -0.0170820143905 0.00568814578352 0.0264266594294 -0.00392246325796 -0.0120163716184 -0.00689123812362 0.0146519428774 0.020184171765 -0.0216529696937 -0.0165000331408 -0.00156221106929 0.0318406506899 -0.0158856207879 -0.00248259759395 1.42688272536 -0.0244244713598 -0.00848591393133 -0.0468287979102 -0.00391943979958 
0.0106301242563 0.0135823381822 0.0223170981083 0.0107685148449 0.00145583057402 0.013156585939 0.0106682087245 0.0307849396763 0.0205153918558 -0.0104978709204 0.0155295880372 0.0127916203987 0.0344151164412 0.037335637764 0.00366409560403 0.0342217566899 0.0301703479312 0.0298710285969 0.012312521052 0.0182708870793 0.00689866027438 0.0154493610811 0.0242969018126 -0.00716637957209 0.0305497410711 0.0159219279611 0.0370851067582 0.0207441816737 -0.0248608852219 0.0257751442699 0.00607296785836 0.0120368437995 0.0429081817694 0.0383685038655 0.0213445667819 -0.0244244713598 0.233255037195 0.012072241541 0.00586253881911 0.0062903780458 
0.0153775419309 -0.00333341939636 0.0318405964521 0.00636049957822 0.0221889109401 0.0231133863691 0.00451632143192 0.0263342567133 0.0226960312007 0.00341880242917 0.0280167251078 0.0150060892444 0.033153347945 0.0110686679319 0.0276439083787 0.00263293096069 0.00930786441268 9.39486207527e-05 0.00657533161714 0.0295520034077 0.0130583238054 0.0276226389617 0.0143091384833 0.0163457468565 -0.00514783026897 0.00403316782659 0.00331331601967 0.00995382561741 0.0150534435544 0.0245604421318 0.0178210717481 0.00851485980588 0.0131810898981 0.011790699443 0.0233646983649 -0.00848591393133 0.012072241541 0.213350272163 0.0342789776947 0.00158134647631 
0.069960732649 0.0270955363171 0.0397561082608 0.0544191079417 0.179664022066 0.0235229306189 0.0281697699296 0.0530245239032 0.00738031710127 0.0266576704101 0.0208539799487 0.0102699588605 -0.0194561930171 0.0272376058378 0.0269878967845 0.015186878989 0.027362337885 0.0136066513126 0.0241270222948 0.0463775305548 0.0200846655042 -0.00240519419416 0.0337926653343 0.0260848895133 0.025622682986 0.00694112834244 0.0409611430637 0.0186081440931 0.181574321161 0.010294652449 0.0255654046709 0.0252056109849 -0.00672301920655 0.0471930464938 0.0252311764981 -0.0468287979102 0.00586253881911 0.0342789776947 0.473965257643 0.00822699004129 
0.0282459452867 0.00303447351365 0.0129691832911 0.0184615082162 0.0151096729428 0.00831485391215 0.0248111500202 0.00766129103749 -0.00891617315491 0.0101180869037 0.0214188588641 0.0203009425823 0.00585188293649 -0.000528034289946 0.007049335991 0.00594532660529 0.00355223716268 -0.00696886307982 0.0264065067095 0.0168032644989 0.0103132727356 0.0226499365424 -0.0110581807746 -0.00655452658933 0.00819413619067 -0.00622148902782 -0.000339246795113 0.00498746696288 -0.0182423441149 -0.010433303605 0.00354762061569 -0.00746704401358 0.00611507136366 0.0096749126208 -0.00207428873769 -0.00391943979958 0.0062903780458 0.00158134647631 0.00822699004129 0.205398208914 
0.036727452128 0.00170486551025 -0.000883424648455 0.00864711415415 0.00016326389193 0.00124101599214 0.000899913305619 0.00220011792939 0.00101715257503 0.00326780267116 0.00569584044654 0.00168121267666 0.000590351366917 0.001402976882 0.000854238760918 0.000680253268762 0.00201260372424 0.00145497547867 0.000122547569001 0.000766079487581 0.000972521349471 0.000607198399936 -8.04428162268e-05 0.00398365727859 0.000993807468362 -0.00172195998265 0.000494907910695 0.00123831224823 0.00181822840726 -0.00156572327328 0.00014796794825 -0.000292284431945 0.000725102457052 -0.00140499260153 -0.000125162035678 0.00268966689516 0.000920595765132 0.00133173419599 0.00605877717414 0.00244617061722 
0.00170486551025 0.0287831284345 0.0025995539866 0.00104919930044 -0.000102763890388 0.000842313036338 0.00309693140044 0.000258207933165 0.00184577063408 0.000505871644748 0.00220697281184 0.000629139461063 0.0014936927613 -0.00138093346494 0.000654675228605 0.00948906756437 0.00118914649602 0.00148430936055 0.00230007190115 0.00199496666878 -0.00108052966875 -0.000218299013896 0.000484350654561 0.000227069942155 0.000931272978981 0.00134239983505 -0.00109944142782 0.000975168082279 0.00110136972254 0.00144989542264 0.00025033099782 0.00323248129524 0.00143926551753 0.00141922216185 0.0020484015988 0.00142702824957 0.00117626499086 -0.000288682587871 0.00234654227798 0.000262793114993 
-0.000883424648454 0.0025995539866 0.0528644098655 0.000333403917101 0.00171811395529 0.00177207623886 0.0052455487583 0.00378361471446 0.00180574556443 -9.23006118177e-05 0.000917846253652 0.00554237081829 0.00073058700206 0.000419567682667 -0.000141749396271 -0.000100564744563 0.000592375358807 0.000413995661283 0.00218961063044 0.0066738418207 0.00147083351415 -0.000250431665149 0.0021091535609 -0.00313509000898 0.00178855760865 0.00181305120481 0.00298531199261 0.00122042976367 0.00173827394591 0.00502288034513 0.00383049073419 0.00821036384991 0.0012309292426 0.00198474286746 0.00221523740055 -0.00180027641131 0.00193271739005 0.00275747653992 0.00344297997095 0.00112316421964 
0.00864711415415 0.00104919930044 0.000333403917101 0.0143922350302 0.00263466958294 -0.000118426229895 0.000433592496019 0.00181679763503 0.00109381149262 0.0019827233848 0.00449392857387 0.00115378569087 0.00222732800696 0.000100464604535 0.00158529140492 3.99226081532e-05 0.000463420086752 0.00187850475808 -0.0002067137096 0.00175678681643 -0.000907760806245 0.000606879942108 0.000242830209763 0.000167808946402 0.000775942379041 0.00238972384479 0.0023782606291 0.000509121874951 0.00176035877968 0.000145352123529 0.00122220962222 0.00118275324266 0.00171186264665 0.000762525901044 0.00134241070786 0.000126014565062 0.000932580741674 0.00055083542155 0.00471283299288 0.00159881351074 
0.00016326389193 -0.000102763890388 0.00171811395529 0.00263466958294 0.0478418025864 -0.000865460205854 0.00287635369149 0.00105278357838 -0.000498666741336 0.00245258816368 0.000983953891215 0.000318683230896 -6.46266793428e-05 0.00148273603054 0.00200420359305 0.00253261524973 0.002705037501 0.00142495107568 0.000834045062833 0.00187880686041 0.00341332542655 0.000165326588467 0.00328945647205 0.000269763841141 0.00268540101347 0.000841754913748 0.00306327453882 0.00339552602692 0.0205355042759 0.00197489461239 -0.00105959020695 0.00212142646129 0.000509889527912 0.000204281137926 0.000122505242719 0.00672154430239 0.000126078626071 0.00192161605565 0.0155593607255 0.00130853606113 
0.00124101599214 0.000842313036338 0.00177207623886 -0.000118426229895 -0.000865460205854 0.016288090698 -9.43145909381e-05 0.00115468556685 0.00246138351031 0.000658473558058 0.00123829413838 0.00192218365389 0.00174438388313 0.00162653099886 0.003299403893 0.00214344020895 0.000942079377525 0.00027454668291 0.00124478255067 0.000791605292934 -0.00029801290802 0.00115516579755 0.00144767418781 0.000650199043322 0.00223260409402 0.0024223742349 0.000612449485213 0.00117673597771 0.000608543280002 0.00104735527694 0.00237087409415 0.000387576632758 0.000846564589739 0.000852187035708 0.00124308228793 -0.00126812042694 0.00113939376502 0.00200167797631 0.00203714554874 0.000720087471668 
0.000899913305619 0.00309693140044 0.0052455487583 0.000433592496019 0.00287635369149 -9.43145909381e-05 0.0457418059122 0.000229638109428 0.00327872755498 -0.000203970023887 0.00185840359211 -0.00170461775622 0.00126980975943 0.000422134486561 3.63867369573e-05 0.00318909726907 0.000735263583889 0.00194019644859 0.00162073893591 0.00604789332367 -0.000726711738318 0.00223637965428 0.000469683700388 0.00395059172694 0.00177983239716 0.00198876986787 0.00191450256762 0.000385838815953 0.00154092744873 0.00172169475728 -0.000736531849171 0.00219417663197 0.000123996637717 0.00130671004141 0.00198229570153 0.000702440341547 0.000923893976828 0.00039112490917 0.00243957363778 0.00214870862146 
0.00220011792939 0.000258207933165 0.00378361471446 0.00181679763503 0.00105278357838 0.00115468556685 0.000229638109428 0.0321785527769 -0.00234704975552 0.000357038925277 0.0038463091815 0.000375637007227 0.000302011509345 0.00203979483923 -0.000319009722736 0.00106186094512 0.00119590937187 -9.02538375084e-05 0.00215605820149 0.00131838826418 0.000918320166251 0.0028358559296 0.00180281978256 0.000479924690872 0.00286651245498 0.0023516178675 0.000848843720722 0.000962784453317 0.00143851133616 0.00606517149513 0.000453060947975 0.00300927760335 0.00124655507731 0.00140476483071 0.00423482153324 -0.000799600957632 0.00266605398136 0.00228061353035 0.00459205847237 0.000663487266425 
0.00101715257503 0.00184577063408 0.00180574556443 0.00109381149262 -0.000498666741336 0.00246138351031 0.00327872755498 -0.00234704975552 0.0425586687672 0.00038433543676 -0.000501213190325 -0.00101209471311 0.000707452388742 0.000131141286962 0.00215046196405 0.00301127224923 0.000303579324288 0.000718035030379 -0.001172737886 0.00716498703955 -0.0020707123241 -0.000620822465433 0.00142360829898 -0.0014693662023 -0.001377686164 0.00027661658231 -0.00166646348996 0.00120735173282 -0.000627859510922 -9.1575804418e-05 0.00032647557588 0.000550170543506 0.000867581725457 0.00195646290187 0.000574193336349 0.000459674895725 0.00177668505157 0.00196553395849 0.000639154209769 -0.000772163245669 
0.00326780267116 0.000505871644748 -9.23006118177e-05 0.0019827233848 0.00245258816368 0.000658473558058 -0.000203970023887 0.000357038925277 0.00038433543676 0.020083215743 0.0015358018391 0.000366277970085 0.00081436018968 4.67833594001e-05 0.000451231908718 0.000199852633716 0.00153481836789 0.000248611682174 0.00101493068287 0.00215347147746 0.00118489639465 0.000348949955088 0.00109935135079 0.00161329658581 0.00183073172125 0.000627386120342 0.00134785751445 0.00141783882662 0.000548506652264 0.000156259460532 -6.93170554492e-05 -0.000547477459448 0.00114292551018 0.00103223425627 8.83954210447e-05 -0.00186052903225 -0.000909142290274 0.000296076975418 0.00230862197809 0.000876252029634 
0.00569584044654 0.00220697281184 0.000917846253651 0.00449392857387 0.000983953891215 0.00123829413838 0.00185840359211 0.0038463091815 -0.000501213190325 0.0015358018391 0.0223590992464 0.00234990607239 0.00210489774795 0.000396816700963 0.00179850525948 0.000509481084126 0.00117174173027 0.00180453322319 0.00105581456122 0.00274607581605 0.000976174168918 0.00187907710385 0.000797609533835 0.000247814091705 0.00064005774864 0.00241397339371 0.00219330398571 0.0011930304102 0.00200135112759 0.00184287474804 -0.00057143491921 -0.00148208396846 0.00325387906843 0.000314116574549 0.000567396816817 -0.00271869608836 0.00134490177505 0.00242631956742 0.00180600764056 0.00185492758964 
0.00168121267666 0.000629139461064 0.00554237081829 0.00115378569087 0.000318683230896 0.00192218365389 -0.00170461775622 0.000375637007227 -0.00101209471311 0.000366277970085 0.00234990607239 0.0206880106156 0.000492825891621 0.00169267306985 0.000671138504232 0.00175753557319 0.000894931924452 8.85681359216e-06 0.000657797549133 0.00142850040779 0.00188148803036 0.00211333951416 0.000210627593991 -0.00181400013522 0.00107022041943 0.000356144935712 0.00187369264778 0.000385978725874 0.00221811491413 0.00161164842821 0.0017145379612 -0.000578204010246 0.000668598260959 -9.37695307919e-05 -0.000424904603442 -0.000537228706096 0.00110778682209 0.00129956544971 0.000889404526898 0.00175811319971 
0.000590351366917 0.0014936927613 0.00073058700206 0.00222732800696 -6.46266793428e-05 0.00174438388312 0.00126980975943 0.000302011509345 0.000707452388742 0.00081436018968 0.00210489774795 0.000492825891621 0.015379736364 0.00132391071966 0.000679705088066 0.00123673845657 0.00211587021631 -0.000575858636977 0.000636413034913 -0.00136915753879 0.00110278335146 0.00134103588423 0.00139742926592 -0.00116017416365 0.00158036479257 0.00520711071202 0.00247283820533 0.00125770972566 0.00208636724086 0.00112393849934 0.00120863772282 0.00247378707723 0.00230464954412 0.00311022837964 0.000357486062067 -0.000416286198021 0.00298043651123 0.00287116415409 -0.00168495574138 0.000506787928297 
0.001402976882 -0.00138093346494 0.000419567682667 0.000100464604535 0.00148273603054 0.00162653099886 0.000422134486561 0.00203979483923 0.000131141286962 4.67833594001e-05 0.000396816700963 0.00169267306985 0.00132391071966 0.0232839234886 0.0028552457269 0.000995884655139 0.00209699755076 0.0035759053044 0.00173534055611 0.00157886157386 0.00183864576335 0.00126925527413 0.00186256109223 -5.79832677313e-05 3.59691909197e-05 0.00231799042379 0.00103574734263 0.00264061293212 0.00292917895521 0.00216179708298 0.00236981584404 0.00215437052535 0.00165044110891 0.00109464918759 0.00146582101861 -0.00219622644512 0.00323336107701 0.000958574761506 0.00235884585938 -4.57291109163e-05 
0.000854238760918 0.000654675228605 -0.000141749396271 0.00158529140492 0.00200420359305 0.003299403893 3.63867369573e-05 -0.000319009722736 0.00215046196405 0.000451231908718 0.00179850525948 0.000671138504232 0.000679705088066 0.0028552457269 0.0160961601689 0.00181592363374 0.000931849826489 0.000854109166842 -0.000147402787937 0.000761099489754 -0.000249109645701 0.00171093725743 0.00142089631517 0.00100050392714 0.00125693258207 0.00085942489695 0.000448756116442 0.000577829541329 0.00177020021229 0.00202706353207 0.00198448884278 0.00152336120779 0.00171910049706 0.00134525235773 0.00186131777125 -0.000463916675545 0.000317319987499 0.00239403269158 0.00233722042101 0.000610490404801 
0.000680253268762 0.00948906756437 -0.000100564744563 3.99226081532e-05 0.00253261524973 0.00214344020895 0.00318909726907 0.00106186094512 0.00301127224923 0.000199852633716 0.000509481084126 0.00175753557319 0.00123673845657 0.000995884655139 0.00181592363374 0.0252576777464 0.000114732066344 0.00109250006393 0.00157035274109 -0.000818878347618 -0.000274896997791 0.00178942971141 0.000226250732322 -0.000265907145524 0.000423502731926 0.00197107879782 -1.74987488043e-05 0.000937576026888 0.000408966338188 0.000528566315982 4.32277146579e-05 0.00167909903507 0.000922487103034 0.00155246212877 0.00184546646062 0.000289058250625 0.00296369106556 0.000228018509837 0.00131522230087 0.000514880387398 
0.00201260372424 0.00118914649602 0.000592375358807 0.000463420086752 0.002705037501 0.000942079377525 0.000735263583889 0.00119590937187 0.000303579324288 0.00153481836789 0.00117174173027 0.000894931924452 0.00211587021631 0.00209699755076 0.000931849826489 0.000114732066344 0.00958309776268 -9.10003789844e-05 0.00120100759299 0.00104730159447 0.00401292940605 0.00155057935499 0.00394805058162 0.00105185616686 0.00153114081618 0.000781533206907 0.00125723749695 0.00411691735941 0.0021770072119 0.0016703811093 0.000975095058898 0.00176709662232 0.00223559090992 0.000790952612651 0.00108809970793 -0.000843417880641 0.00261282877494 0.000806084703636 0.00236964797154 0.000307632762315 
0.00145497547867 0.00148430936055 0.000413995661283 0.00187850475808 0.00142495107568 0.00027454668291 0.00194019644859 -9.02538375084e-05 0.000718035030379 0.000248611682174 0.00180453322319 8.85681359216e-06 -0.000575858636977 0.0035759053044 0.000854109166842 0.00109250006393 -9.10003789844e-05 0.0348650316143 0.000268111439864 0.00102573769049 -0.000510728111182 0.000232330598821 3.74718452873e-05 -0.000575134024426 0.00152614510177 0.00129532774167 -0.000512216370632 -0.00030179872929 0.000626429506728 -0.000736587759343 0.000510042901578 6.23804876714e-05 0.00166421530904 0.000630146835975 0.000777842928901 -0.0010467351585 0.00258690696021 8.13618922224e-06 0.00117837056972 -0.000603521246262 
