20
0.10643743266 0.752636600207 -0.0108233812146 0.110057805124 0.0288411222523 0.0429486266904 -0.00139328324831 0.00859756350963 0.0590120409917 -0.0148687542544 0.0948967479515 0.100072423231 0.0142076594304 0.112605751981 0.0498180241401 0.0166595463284 0.088181568025 0.0520830917934 0.0825599502725 0.144106781955 
0.47479287595 0.00112461144524 0.0219840474011 0.0466220703018 0.00672746268338 0.0073222635453 0.0312558586011 -0.016325294965 -0.000199992221302 0.0191897297205 0.00424757019776 0.00628035522715 -0.00532450264971 0.214400134753 0.0950482495476 0.0339982369672 0.0264337641197 0.0254676659777 0.0120313009468 0.0357159615059 
0.00112461144524 7.41795805394 -0.0229178247946 -0.0408102805667 -0.0215058268135 -0.00157041529469 0.0154815951367 0.0212593615377 -0.0101476944911 -0.0157424696419 0.12735467574 0.0736234693861 0.00164923382445 0.11029358138 0.0238208749442 -0.00307918857938 0.0914614954479 -0.0320189542475 -0.0109074762725 0.0239606804343 
0.0219840474011 -0.0229178247946 0.219464432491 0.0196014451147 0.0287868098265 0.00338687818709 0.00848029319282 0.0221496616942 0.0295101516956 0.0455699409265 0.0184099316423 0.0213944954643 0.0147088064061 0.0579215768469 0.0305277694669 0.0323397303583 0.0206440915696 0.0497408677424 0.0194914241841 0.0144715661922 
0.0466220703018 -0.0408102805667 0.0196014451147 0.481109995717 0.0575515402032 0.0382413334907 0.0486426394109 0.0424150722622 0.0347497094996 0.0229161758096 -0.000575808645889 0.0133544761638 0.0105247561866 0.0751928200353 0.0340417055323 0.0581450460347 0.0569274909828 0.0262952389643 0.0197451159121 0.00587094042167 
0.00672746268338 -0.0215058268135 0.0287868098265 0.0575515402032 0.197009720564 0.0100956488211 0.013079168937 0.0111718237203 0.0145318386501 0.0153342180203 0.0197154848675 -0.00789255807056 0.0146790667819 0.0115409683819 -0.0226048080527 0.0274527727052 0.00455276120428 0.023313165272 0.0290991433003 -0.000417485192238 
0.0073222635453 -0.00157041529469 0.00338687818709 0.0382413334907 0.0100956488211 0.213789621654 0.00185067975737 0.0313260382104 0.000596805314813 0.0201967448257 0.0301149931226 0.0254918533099 0.00971141527023 0.0294534480257 -0.010755670433 0.0121834029833 0.00182654721728 -0.00864577538741 0.0488688951001 0.00362715228084 
0.0312558586011 0.0154815951367 0.00848029319282 0.0486426394109 0.013079168937 0.00185067975737 0.361610364526 0.00174363368465 0.0124582062385 0.0066403691974 0.0827071262688 0.000185190946832 0.0132943377223 -0.000243257048999 0.0174642877244 0.0413703895823 0.0099221716506 0.0271221441865 0.0176059933913 0.00289794751966 
-0.016325294965 0.0212593615377 0.0221496616942 0.0424150722622 0.0111718237203 0.0313260382104 0.00174363368465 0.235821500455 0.0100920268484 0.0165004702641 0.00551832234381 0.0254916748616 0.018977608224 -0.0022853945478 -0.00824274807005 0.0162799605078 0.017687953133 0.0268074116546 0.0215906438885 0.0271398082837 
-0.0001999922213 -0.0101476944911 0.0295101516956 0.0347497094996 0.0145318386501 0.000596805314813 0.0124582062385 0.0100920268484 0.285628802546 0.0260257991939 0.00520037010343 0.0483569372089 0.0185653360448 0.0157054950068 0.0226794575449 0.0561302865617 0.000627969694311 0.0194016542313 0.0214219397714 -0.012424564879 
0.0191897297205 -0.0157424696419 0.0455699409265 0.0229161758096 0.0153342180203 0.0201967448257 0.0066403691974 0.0165004702641 0.0260257991939 0.156462524762 0.0200200022761 0.0165939258123 0.0213349269329 0.032631411804 0.0132573222002 0.0252098698266 0.00958565699447 0.0462171086144 0.00137357214845 -0.00452436214625 
0.00424757019777 0.12735467574 0.0184099316423 -0.000575808645884 0.0197154848675 0.0301149931226 0.0827071262688 0.00551832234381 0.00520037010343 0.0200200022761 0.544885019406 0.0446063456754 -0.00733665263495 0.0256912736677 0.0149564652768 0.0168786524845 0.0215896760898 0.00556147201136 0.0176564451109 0.0103069903196 
0.00628035522715 0.0736234693861 0.0213944954643 0.0133544761638 -0.00789255807056 0.0254918533099 0.000185190946833 0.0254916748616 0.0483569372089 0.0165939258123 0.0446063456754 0.493045166938 0.00239926603249 0.00121180734999 0.00294580270635 0.0281183768944 0.00581241991864 0.0229746625226 -0.00712995296489 0.0488858213205 
-0.00532450264971 0.00164923382445 0.0147088064061 0.0105247561866 0.0146790667819 0.00971141527023 0.0132943377223 0.018977608224 0.0185653360448 0.0213349269329 -0.00733665263495 0.00239926603249 0.136042139527 0.00638488127048 -0.0113436316143 0.00100089169332 0.0203032782722 0.0092485163341 0.0124343536597 -0.00634361590804 
0.214400134753 0.11029358138 0.0579215768469 0.0751928200353 0.0115409683819 0.0294534480257 -0.000243257049004 -0.0022853945478 0.0157054950067 0.032631411804 0.0256912736677 0.00121180734998 0.00638488127048 0.512355452658 0.145485618519 0.0646025607508 0.054044955201 0.0300760944305 -0.00975173091808 0.00445381338022 
0.0950482495476 0.0238208749442 0.0305277694669 0.0340417055323 -0.0226048080527 -0.010755670433 0.0174642877244 -0.00824274807005 0.0226794575449 0.0132573222002 0.0149564652768 0.00294580270634 -0.0113436316143 0.145485618519 0.378397120603 0.0126945739143 0.0199603192314 0.0173810219454 -0.0254080289984 -0.00663120968064 
0.0339982369672 -0.00307918857938 0.0323397303583 0.0581450460347 0.0274527727052 0.0121834029833 0.0413703895823 0.0162799605078 0.0561302865617 0.0252098698266 0.0168786524845 0.0281183768944 0.00100089169332 0.0646025607508 0.0126945739143 0.204451559425 0.0194165728934 0.0206173610012 0.0172645655529 0.0199550853145 
0.0264337641197 0.0914614954479 0.0206440915696 0.0569274909828 0.00455276120428 0.00182654721728 0.0099221716506 0.017687953133 0.000627969694311 0.00958565699447 0.0215896760898 0.00581241991863 0.0203032782722 0.054044955201 0.0199603192314 0.0194165728934 0.377888100498 -0.00674042334697 -0.00591504110936 0.0362028398569 
0.0254676659777 -0.0320189542475 0.0497408677424 0.0262952389643 0.023313165272 -0.00864577538741 0.0271221441865 0.0268074116546 0.0194016542313 0.0462171086144 0.00556147201135 0.0229746625226 0.0092485163341 0.0300760944305 0.0173810219454 0.0206173610012 -0.00674042334697 0.228100537521 0.0114043731709 -0.000788465769613 
0.0120313009468 -0.0109074762725 0.0194914241841 0.0197451159121 0.0290991433003 0.0488688951001 0.0176059933913 0.0215906438885 0.0214219397714 0.00137357214845 0.0176564451109 -0.00712995296489 0.0124343536597 -0.00975173091808 -0.0254080289984 0.0172645655529 -0.00591504110936 0.0114043731709 0.37836106276 0.00915561874033 
0.0357159615059 0.0239606804343 0.0144715661922 0.00587094042167 -0.000417485192238 0.00362715228084 0.00289794751966 0.0271398082837 -0.012424564879 -0.00452436214625 0.0103069903196 0.0488858213205 -0.00634361590804 0.00445381338022 -0.00663120968064 0.0199550853145 0.0362028398569 -0.000788465769613 0.00915561874033 0.342555037676 
0.0411182692109 9.73942080961e-05 0.00190387435274 0.00403758972583 0.000582615358682 0.000634126624343 0.00270683675656 -0.0014138120164 -1.73198344207e-05 0.00166187934297 0.000367850369562 0.00054389471715 -0.000461115455717 0.0185675963271 0.00823141986935 0.00294433368975 0.00228923112453 0.00220556457117 0.00104194122605 0.00309309299847 
9.73942080961e-05 0.642414011892 -0.00198474184716 -0.00353427397063 -0.00186245923499 -0.000136001953969 0.00134074546795 0.00184111471599 -0.000878816121915 -0.00136333786282 0.0110292384482 0.00637597948031 0.000142827838875 0.00955170433492 0.0020629482842 -0.000266665553279 0.0079207978526 -0.00277292277809 -0.000944615154315 0.00207505579481 
0.00190387435274 -0.00198474184716 0.0190061773765 0.00169753494202 0.00249301086036 0.000293312254955 0.000734414933652 0.00191821697125 0.00255565410379 0.00394647264913 0.00159434684841 0.00185281765733 0.0012738200007 0.00501615569767 0.00264378238792 0.00280070280418 0.00178783077373 0.00430768550712 0.00168800684994 0.0012532743955 
0.00403758972584 -0.00353427397063 0.00169753494202 0.0416653478305 0.00498410958429 0.00331179662775 0.0042125761437 0.00367325300824 0.00300941312008 0.00198459904087 -4.98664915058e-05 0.0011565315612 0.000911470622621 0.00651188923328 0.00294809817791 0.00503550869702 0.00493006533649 0.00227723449417 0.00170997719806 0.000508438354927 
0.000582615358682 -0.00186245923499 0.00249301086036 0.00498410958429 0.0170615422801 0.000874308834676 0.00113268925598 0.000967508314834 0.00125849414347 0.00132798223528 0.00170741107432 -0.000683515578995 0.0012712444737 0.000999477180299 -0.00195763380213 0.0023774798567 0.000394280686027 0.00201897933681 0.00252005973264 -3.61552782182e-05 
0.000634126624343 -0.000136001953969 0.000293312254955 0.00331179662775 0.000874308834676 0.0185147243418 0.000160273568415 0.00271291448902 5.16848563742e-05 0.00174908940928 0.0026080349079 0.00220765925559 0.000841033233072 0.00255074342193 -0.000931468382973 0.00105511364881 0.000158183629137 -0.000748746112091 0.00423217046116 0.00031412060186 
0.00270683675656 0.00134074546795 0.000734414933652 0.0042125761437 0.00113268925598 0.000160273568415 0.0313163761951 0.00015100310658 0.00107891230881 0.000575072841546 0.00716264724228 1.60380064507e-05 0.0011513234194 -2.10666784083e-05 0.00151245168284 0.00358278083428 0.000859285271013 0.00234884658706 0.00152472375357 0.000250969617086 
-0.00141381201639 0.00184111471599 0.00191821697125 0.00367325300824 0.000967508314834 0.00271291448902 0.00015100310658 0.0204227410153 0.000873995162641 0.00142898264231 0.000477900733601 0.00220764380151 0.0016435090825 -0.000197920973607 -0.000713842922565 0.00140988593723 0.00153182167541 0.00232158995026 0.00186980460915 0.00235037634275 
-1.73198344205e-05 -0.000878816121915 0.00255565410379 0.00300941312008 0.00125849414347 5.16848563742e-05 0.00107891230881 0.000873995162641 0.0247361799057 0.00225390032557 0.000450365261865 0.00418783360721 0.00160780526446 0.00136013576549 0.00196409863779 0.00486102540842 5.4383770808e-05 0.00168023254398 0.00185519440403 -0.00107599888162 
0.00166187934297 -0.00136333786282 0.00394647264913 0.00198459904087 0.00132798223528 0.00174908940928 0.000575072841546 0.00142898264231 0.00225390032557 0.0135500521185 0.0017337830555 0.0014370761302 0.00184765887118 0.00282596315836 0.00114811778115 0.00218323876959 0.000830142246918 0.00400251901495 0.000118954837449 -0.000391821255457 
0.000367850369563 0.0110292384482 0.00159434684841 -4.98664915055e-05 0.00170741107432 0.0026080349079 0.00716264724228 0.000477900733601 0.000450365261865 0.0017337830555 0.0471884268947 0.00386302285249 -0.000635372756061 0.00222492956518 0.00129526788806 0.00146173418332 0.00186972079533 0.000481637604427 0.00152909300065 0.000892611545333 
0.00054389471715 0.00637597948031 0.00185281765733 0.00115653156121 -0.000683515578995 0.00220765925559 1.60380064508e-05 0.00220764380151 0.00418783360721 0.0014370761302 0.00386302285249 0.0426989639781 0.000207782533458 0.000104945594958 0.000255113997823 0.00243512287038 0.0005033703307 0.00198966413879 -0.000617472039538 0.00423363631484 
-0.000461115455717 0.000142827838875 0.0012738200007 0.000911470622621 0.0012712444737 0.000841033233072 0.0011513234194 0.0016435090825 0.00160780526446 0.00184765887118 -0.000635372756061 0.000207782533458 0.0117815948815 0.000552946938038 -0.000982387314918 8.66797632853e-05 0.00175831547638 0.000800945009265 0.00107684661489 -0.000549373252821 
0.0185675963271 0.00955170433492 0.00501615569767 0.00651188923328 0.000999477180298 0.00255074342193 -2.10666784087e-05 -0.000197920973607 0.00136013576549 0.00282596315836 0.00222492956518 0.000104945594957 0.000552946938038 0.044371283777 0.0125994241522 0.00559474587597 0.00468043041505 0.00260466618235 -0.000844524670593 0.000385711553099 
0.00823141986935 0.0020629482842 0.00264378238792 0.00294809817791 -0.00195763380213 -0.000931468382973 0.00151245168284 -0.000713842922566 0.00196409863779 0.00114811778115 0.00129526788805 0.000255113997823 -0.000982387314918 0.0125994241522 0.0327701519161 0.00109938235 0.00172861435221 0.00150524065484 -0.00220039985727 -0.000574279604125 
0.00294433368975 -0.000266665553279 0.00280070280418 0.00503550869702 0.0023774798567 0.00105511364881 0.00358278083428 0.00140988593723 0.00486102540842 0.00218323876959 0.00146173418332 0.00243512287038 8.66797632853e-05 0.00559474587597 0.00109938235 0.0177060244305 0.00168152453801 0.00178551583861 0.00149515523541 0.0017281610817 
0.00228923112453 0.0079207978526 0.00178783077373 0.00493006533649 0.000394280686027 0.000158183629137 0.000859285271013 0.00153182167541 5.4383770808e-05 0.000830142246918 0.00186972079533 0.0005033703307 0.00175831547638 0.00468043041505 0.00172861435221 0.00168152453801 0.0327260694819 -0.000583737785074 -0.000512257586513 0.00313525790052 
0.00220556457117 -0.00277292277809 0.00430768550712 0.00227723449417 0.00201897933681 -0.000748746112091 0.00234884658706 0.00232158995026 0.00168023254398 0.00400251901495 0.000481637604427 0.00198966413879 0.000800945009265 0.00260466618235 0.00150524065484 0.00178551583861 -0.000583737785074 0.019754086011 0.000987647688024 -6.828313865e-05 
0.00104194122605 -0.000944615154315 0.00168800684994 0.00170997719806 0.00252005973264 0.00423217046116 0.00152472375357 0.00186980460915 0.00185519440403 0.000118954837449 0.00152909300065 -0.000617472039538 0.00107684661489 -0.000844524670593 -0.00220039985727 0.00149515523541 -0.000512257586513 0.000987647688024 0.0327670292153 0.000792899841649 
0.00309309299847 0.00207505579481 0.0012532743955 0.000508438354928 -3.61552782182e-05 0.00031412060186 0.000250969617086 0.00235037634275 -0.00107599888162 -0.000391821255457 0.000892611545333 0.00423363631484 -0.000549373252821 0.000385711553099 -0.000574279604125 0.0017281610817 0.00313525790052 -6.82831386499e-05 0.000792899841649 0.0296661364822 

['SLB', 'SBL', 'NI', 'CTX', 'USB', 'BCR', 'RSH', 'TSN', 'MO', 'FE', 'SUNW', 'LU', 'PEP', 'RDC', 'MUR', 'LTR', 'KLAC', 'CNP', 'LUV', 'NSC']