60
0.0759168136047 0.0511719962834 0.0444735285872 0.0408230851415 0.046041615311 0.0381517477001 0.161692830297 0.0415474718814 0.00642009941462 0.0729597235382 0.00194148072761 0.100220943784 0.0444205393046 0.0493961611292 0.0498631258667 0.0731585002716 0.0485380268731 0.0566389432936 0.0176197090425 0.143553651187 0.0269248151276 0.155431064381 0.0905877796438 0.0372282541949 0.0590120409917 0.106356452037 0.0493934577213 0.00791209609274 0.104550469133 0.0939670182087 0.0617018630506 0.128291051585 0.0493870590102 0.0697795953642 0.0472299451056 0.0331605059077 0.0114549593271 0.00859756350963 0.139274044211 0.0795042219188 0.00388664565626 0.13190386478 0.0203567883068 0.0800542827641 0.275152850517 0.104921073146 0.0256858872149 0.171372180847 0.105790500039 0.0172523696575 0.0268374832388 0.135547989167 0.0292815331214 0.0430779984078 0.0498180241401 0.0189508527873 0.143828325424 0.0662185328213 0.126255379542 0.0415097954764 
0.339619019876 -0.00584621482072 0.0151757416626 0.0348750033653 0.00558129865641 0.013730284805 0.00770941468028 0.0270275929156 0.0167222391971 0.00322277584272 0.0150821193754 0.016114253129 0.0157840830427 -0.00198930438382 0.0128283885664 -0.0225385567402 0.0176528125055 -0.00294824281643 -0.00761499809642 0.0236284937761 0.00229508191327 -0.00450561182612 0.025948623842 0.0137632723437 0.0402315167676 0.0390698739224 0.00259407273029 -0.00108370039103 -0.011721935587 0.031987791077 -0.00888047465457 -0.00066918820763 -0.00347678348774 0.00568610599181 0.00838978781796 0.0175797360825 0.018201580987 0.0141834138579 0.0200747171794 0.0178706977237 0.00543510265001 -0.000299713147118 0.0272261815982 -0.00499647614913 -0.00401347453482 0.00256248784444 0.00729113917088 -0.0106238511627 -0.00501172890077 0.0108192164076 0.0141821606637 0.0249076105283 0.0191726665973 0.0198374040519 0.0263859252455 -0.0103474219709 -0.0112149195673 0.0188292063347 0.018927085607 -0.00988810824349 
-0.00584621482072 0.313383939701 0.0203265105301 -0.00293549633012 0.0069198544803 0.000661452531573 0.0330042456331 0.00475710676623 0.00918658380293 0.0062118479742 0.00341652304109 0.00545778532656 -0.00774500085041 -0.00567274370477 -0.00367076144031 -0.0022037530983 0.00734486502885 -0.00624034005096 -0.00360338248682 -0.00900048012022 0.00915488182883 -0.00156379308775 0.0429020531994 0.00706899790801 -0.00641509479016 -0.00187736507379 0.0183212704475 0.00861390881177 0.01476811681 0.028285493611 0.01437005398 0.00519228470174 0.00585779458804 0.0328393113808 0.0281581057336 0.0179745225193 0.0226603091884 -0.0140481366548 -0.0169243042102 0.00358418818099 -0.00263775858807 -0.0149014844864 0.0201339574108 -0.00693069449841 -0.00323139832878 0.0111930450587 0.0108203465218 -0.0214346210426 -0.00900040983878 0.0160099617529 0.000284859876732 0.011513550672 0.0218764709302 0.00886544208094 -0.00175572713893 -0.00454721391138 -0.0122127997065 0.00223197887807 0.0234947456943 -0.00456951131478 
0.0151757416626 0.0203265105301 0.328586586746 0.0280978827097 0.014316007128 0.0293753492175 0.0281317126739 0.0209929761022 0.00113637734958 0.0262326340471 0.0120321536915 -0.0068848207557 0.00900660019018 0.0324880008445 0.0230939749215 0.0118925800055 0.0123211847538 -0.00241422444932 0.0208963727671 0.016380250028 -0.00179746989426 0.00925625471585 -0.00697263752881 0.0124970915595 0.0206584788589 0.0364079802425 0.022062932607 0.0124236255523 0.0239617945861 0.0153705298422 0.0245703400663 0.00874150070879 0.0100541451915 0.0110205402159 0.0231485078027 0.00295296405836 0.0168358556722 0.0212171463384 0.0373784628179 0.00307142312779 0.00912879570704 -0.0416422544407 -0.0155626405111 0.0285521899538 -0.00231281308947 0.030094596127 -0.00854732326969 0.0064416605822 0.00471606207363 0.0213810370329 0.0427180237904 0.00532676272387 0.0191154635689 0.0571510944161 -0.0101815044863 -0.0114505698536 0.0323765493246 0.0393230796199 0.0462979187695 -0.00213908693048 
0.0348750033653 -0.00293549633012 0.0280978827097 0.193835915251 0.0513227789733 0.00942623502931 0.0230710660454 0.0158500607686 0.0128330173168 0.0175147048143 0.0302266321275 -0.00522848020457 0.0101042544463 0.0282092501999 0.0170127804863 0.00204248488553 0.00814890584573 -0.00621251060748 0.00292245803032 0.0190531470902 0.00263155538254 0.0118053737655 0.00814865193267 0.0161277972195 0.00415004921073 0.0232013551729 0.00680487186357 -0.00236114981118 0.0110543208292 0.0259362394619 0.00469783889374 -0.000309635564465 0.00964616160376 0.0103665928651 0.0150285468023 0.00281805948455 0.0209944551147 0.0138103348911 0.0293036891596 0.00488832379044 0.000669474471272 0.0555428187831 0.0114654213625 0.020105565091 -0.00484948470852 0.0283050996849 0.00666506828832 -0.00215229552523 0.027575657015 -0.000550503175982 0.0120372684733 -0.00205448120109 0.0167536324227 0.0153281880289 0.0196120734949 0.0095827431814 0.000810065872786 0.00892634778131 0.00457808754076 0.00430886093753 
0.00558129865641 0.0069198544803 0.014316007128 0.0513227789733 0.275049602543 0.00719035173393 0.0768631965111 0.0275547361217 0.0235222845212 0.0329465929036 0.0130220279114 0.0120753131977 0.0162336709716 -0.00660834517485 0.0287387639715 0.00912792703474 0.0279510982479 0.00688579504397 0.00583820434465 -0.00531210553103 0.00424342603465 0.0146629321605 0.0288595108125 0.0151562381704 0.0160531565855 0.0158862403396 0.0209657532061 0.00177117811565 -0.00511156480243 0.0319019010741 0.0171934524824 0.0199815146447 0.00977557777049 0.018262064057 0.0570041695122 0.0141804362548 0.0302797527364 0.0129121792704 0.0453251014676 0.0274463514671 0.0186944069995 0.00944447207273 0.0274741002848 0.00862006326295 -0.0168705963631 0.0635353404768 0.0121931460763 -0.005542560279 0.0144247655842 0.0145272916621 0.0284328351538 0.0249936909494 0.0157860184125 0.0179206990998 0.0305056601001 -0.00856643713936 0.0118946512705 0.0220145209019 0.00259900140557 -0.00294724868314 
0.013730284805 0.000661452531573 0.0293753492175 0.00942623502931 0.00719035173393 0.283297163131 0.0341588455497 0.0206804906773 -0.00249883265224 0.0278980376041 0.031467827616 0.0335013620096 0.00282015035114 0.0117642337772 0.00566761212049 0.0384771447769 0.0199476036827 -0.00897232899277 -0.0139548777353 0.00585452078676 -0.00152617973903 0.00436026825974 0.0432502944599 0.0125100202448 -0.00269748985627 0.000287244782928 0.0148224604273 0.00015071225702 0.076412345975 -0.00400651999831 -0.0216947192848 0.00508932166209 -0.00297609001663 0.0153328037581 -0.00207099765133 -0.00053151986192 0.00180386043294 0.00170580863293 0.102060299729 -0.0139147737905 -0.00409250416972 0.0248180517087 0.0133891864055 0.0589147239924 0.00128339850848 0.0370722562464 0.0311674077768 0.0111062677687 0.000156697492619 0.00349561893152 0.00539742296592 0.0622751534023 0.0109379056145 0.00771404182226 0.0199607021501 0.043277197512 -0.00537005102802 0.0262562853048 0.102972812167 0.00622037168831 
0.00770941468028 0.0330042456331 0.0281317126739 0.0230710660454 0.0768631965111 0.0341588455497 0.884025984275 0.00676304557575 0.0227206547429 0.00891925331495 0.0353104804982 0.0478943011906 0.00759784878315 0.0173987053574 -0.00302639693152 0.0273403046057 0.0260416062943 -0.00483293338158 0.0150398753111 0.00185748768626 0.0177446646878 -0.0267188810462 0.0519173333983 -0.0247700636774 0.0318192923653 0.0140997251789 0.0196155651305 -0.0137226535762 0.0056022739112 0.0202214610081 0.0120777196362 0.0178354896302 0.000215918767607 0.0180569788691 0.0300524189372 0.0194587656896 0.00571315055357 0.014116261657 0.00742579745894 0.0728379497415 0.0599291665638 0.00437807169724 0.0358913737184 0.0046815787969 -0.00792769635905 0.0203296335051 0.0200011757993 0.009906419864 -0.00663657457003 -0.00344091179941 0.0271066369207 -0.00693247581251 0.0029067111043 0.00458437762322 0.0133836293772 0.0135341883638 -0.0266296868693 -0.0239143224275 -0.002211643587 0.0160289449362 
0.0270275929156 0.00475710676623 0.0209929761022 0.0158500607686 0.0275547361217 0.0206804906773 0.00676304557575 0.162671075821 0.013451296207 -0.000383727258223 0.0147073158621 0.0065884623603 0.0162020541284 0.001916837497 0.0130342669939 0.00978653690967 0.00946733971481 0.00706271604575 0.0248974563662 0.0261318376397 0.0170170671635 0.042698715896 0.0458866043722 0.0204488157171 -0.00453364500047 -0.00371964972289 0.0201020565539 0.00269899739208 0.0265353127751 0.0104361372961 0.0249077933851 0.0233757625046 0.0185105773459 0.00518139935693 0.0305308206473 0.00890615892315 0.0239446485599 0.0227749876807 0.0220701755642 0.021941843998 -0.000497745724342 -0.00799726500103 -0.0066145530352 0.0224448257995 0.00332651085455 0.00492614966596 0.0111060761369 -0.00462283225785 0.0110763650169 0.0137074955214 0.0155152223498 -0.00141118386809 0.0275402641828 0.0113774146439 -0.00462533138702 0.00243982931119 -0.00223467864346 0.0210853958608 0.0302606116947 0.0100869444062 
0.0167222391971 0.00918658380293 0.00113637734958 0.0128330173168 0.0235222845212 -0.00249883265224 0.0227206547429 0.013451296207 0.136866340101 0.0212769568564 0.0246250484539 -0.00576296853365 0.0108493717584 0.017041029827 0.0224461999965 0.00106792471446 0.0121773181898 -0.0135775497334 0.0183796877811 0.00813365241586 0.0456139788126 0.0199959182248 0.0199532479442 0.0137766769443 0.0148859198977 0.034855025164 0.0257132709125 0.00960103146799 -0.00112561188048 0.0402057676442 0.013755899778 0.00403646194129 0.00623710520246 0.0441413916073 0.00198919039868 0.0317715482527 0.00951673987638 0.0189521981144 0.0121550728757 0.00684753705239 0.0400336681579 -0.0012505382251 0.00264555415567 0.00307648211832 0.00511491865152 0.028277490965 0.00985827199093 0.0341538760413 0.0119931678224 0.00823527186081 -0.00416992717996 0.015688935178 0.0104133402494 -0.00107058840628 0.00811699777953 -0.0012160890871 -0.0134025761492 0.0110492306972 0.00602861420282 0.0206909357844 
0.00322277584272 0.0062118479742 0.0262326340471 0.0175147048143 0.0329465929036 0.0278980376041 0.00891925331495 -0.000383727258223 0.0212769568564 0.400016964519 0.0362641081628 -0.041437079125 0.0207379305557 0.00806025153504 0.0555332436491 0.0169761714683 -0.000799525258526 0.0182374830034 0.00753575189188 0.0592022171673 0.0198346310865 0.00267245801414 0.0837121801023 0.0127428899174 0.0106561727739 0.142635659749 0.0181195447898 -0.00183954947167 0.0465442773274 0.01894323734 0.00953223610825 -0.00336716008458 0.0269757294939 0.0297741344112 0.0110505615059 0.0204862664689 -0.00713115558119 -0.0139779548777 0.018449559719 0.00815349146094 0.00869898997434 -0.004415366058 -0.0179736552519 0.0196671341837 0.0378747252977 0.0295618880647 0.0160512132451 0.159387873789 0.0380772044058 0.0035345162643 -0.00830145319486 0.0321398371136 -0.00213225661043 0.00848966552525 0.113221404739 0.0146691013042 0.00912974374072 -0.0120002185086 0.0210740793349 0.169909776354 
0.0150821193754 0.00341652304109 0.0120321536915 0.0302266321275 0.0130220279114 0.031467827616 0.0353104804982 0.0147073158621 0.0246250484539 0.0362641081628 0.20079119686 0.0255928145242 0.00492202554307 -0.00740819010824 -0.0083171648244 0.0408879089992 0.0182278701648 0.0163506165644 0.0185747983729 0.0050115453335 0.00682736291381 0.00203081189269 0.037010681089 0.0205279796597 0.0221689083954 0.0282840361959 0.0200459207532 0.021507021355 0.0147600857071 0.0322656400668 0.0157318992731 0.0302127716199 0.0174529506335 -0.000179053760194 0.0396478037649 0.0248688799684 0.0158876868496 0.0191924305738 0.0336731796601 -0.0153567972899 0.00858087647712 -0.00200703411499 0.013671627596 0.00965865473719 0.0147554697865 0.0380745087017 0.0341907526354 0.018093441939 -0.00267733690778 0.0087187430775 0.00316338501989 0.0108984981103 0.025689334281 0.0252533431647 0.00143534563084 0.0169402308635 0.00134005142418 0.0171139411735 0.0365338618239 0.00455155015079 
0.016114253129 0.00545778532656 -0.0068848207557 -0.00522848020457 0.0120753131977 0.0335013620096 0.0478943011906 0.0065884623603 -0.00576296853365 -0.041437079125 0.0255928145242 1.09916119019 0.0414229926425 -0.014291815064 -0.0199748244708 0.022867878413 -0.00118453898027 0.0250347755481 0.0109450534578 0.0179133941735 0.00107237255907 0.00601814209029 0.00516927392157 0.0141930748021 0.02490852467 0.118765179583 -0.00432489371873 0.00623491317088 -0.00488284655392 0.0551587125215 0.105417434351 0.0324529001871 0.0272119335777 0.0403089141137 0.0165723997678 0.0175296962554 0.00564306340412 -0.0108882244651 -0.0181355432693 -0.0426019407769 -0.000277297708024 -0.0212194418651 0.0157529415124 0.0211541287422 -0.00154227573982 0.00486174418651 -0.00646831645056 -0.00805687022376 -0.0157307213623 0.0392229788306 0.0175363320432 0.00126810339595 0.00168444144572 0.0528575420428 0.0335306332928 -0.0111516892722 0.0229792387807 -0.00304839736592 0.00718283371824 0.00815177286087 
0.0157840830427 -0.00774500085041 0.00900660019018 0.0101042544463 0.0162336709716 0.00282015035114 0.00759784878315 0.0162020541284 0.0108493717584 0.0207379305557 0.00492202554307 0.0414229926425 0.160417129538 -0.00781555783217 0.0353036099871 0.00820611391052 0.0216416993921 0.00602653274002 0.0147092728363 0.027488234661 0.01006770904 0.00616735978648 0.0046981874788 0.0266234274531 0.0112164874844 0.0044418749268 0.0176159416843 0.0163354375398 0.0158218084624 0.0255662327531 0.0139194441565 0.00929091766416 0.00970678715769 0.0246653294852 0.0104699004267 -0.00772730115849 0.0197870519296 0.016549211439 0.00430117759911 0.023674928531 0.0147125874715 -0.0145105177144 0.0291704168327 0.0134315420481 0.00493646703529 0.0107768135156 0.00268870563882 0.0148024274663 0.0100621513724 0.00775349693759 0.023413849937 -0.0155252646211 0.0145327916157 -0.000215187149455 0.0162693537395 0.00221413022623 0.0444359706229 0.0237079863489 0.0210378761245 0.0136513892032 
-0.00198930438382 -0.00567274370477 0.0324880008445 0.0282092501999 -0.00660834517485 0.0117642337772 0.0173987053574 0.001916837497 0.017041029827 0.00806025153504 -0.00740819010824 -0.014291815064 -0.00781555783217 0.403503844007 -0.00263973861064 0.0197903567288 -0.0209074581667 0.00657121448199 0.00599552738946 0.0123209534176 0.0121421714143 0.00548678105326 0.0122704970884 0.00878784897688 0.129270451815 -0.022720655923 -0.00550812059412 0.0104693242218 0.00256882194902 0.00735625330594 0.0101366712023 0.00951099011068 -0.0201173004175 0.0177153472789 0.00880309698667 0.0127498084242 -0.00342141450884 0.00614497768864 0.0187904808145 0.00448102915964 0.00653345066573 -0.011536765382 0.0192679742982 0.0156584355654 -0.00118155348874 0.00387892010984 0.0179919877787 0.0260083442535 0.000391754645648 0.0170658428731 0.0235016881348 0.0146646865571 0.0142270145179 0.0071571898606 -0.00429597175452 -0.00178834468539 0.0119651271219 0.0120391833314 0.0145542423221 -0.00844227693842 
0.0128283885664 -0.00367076144031 0.0230939749215 0.0170127804863 0.0287387639715 0.00566761212048 -0.00302639693152 0.0130342669939 0.0224461999965 0.0555332436491 -0.0083171648244 -0.0199748244708 0.0353036099871 -0.00263973861064 0.282077997048 0.00351662371591 0.026434880319 0.00949263676885 -0.00703706431149 0.036973526069 0.0269092714204 0.0277321712349 0.00126909371782 0.0137134228069 0.00699993045348 0.0384886434054 0.0218822218148 0.00516540145272 -0.0115058180564 0.0256857913235 0.0285669811671 0.0140520192335 0.00890535186754 -0.00340797817288 -0.0113818099585 0.00128879999352 0.0472587284784 0.0203433102838 0.0280135006639 0.00107010208608 0.0226087853716 -0.0131087091061 0.000991552805368 0.0165409764378 -0.0206689508549 0.0565532742236 0.0489261808813 0.0524563966593 0.0160436449482 0.0190514461958 -0.0129384495684 0.00470270053377 0.0127495176789 0.0189867100315 0.0252065387352 -0.00826623484158 0.00360423090777 -0.00167986390626 -0.00137824186902 0.0368520629654 
-0.0225385567402 -0.0022037530983 0.0118925800055 0.00204248488553 0.00912792703474 0.0384771447769 0.0273403046057 0.00978653690967 0.00106792471446 0.0169761714683 0.0408879089992 0.022867878413 0.00820611391052 0.0197903567288 0.00351662371591 0.329136952365 0.00295368153764 0.00770433743801 0.021751474985 0.0342213349888 0.0169401314534 0.012564746782 0.0510836630797 0.0220048862953 0.000780333265207 0.0013089524816 0.0233385842438 0.000173349788392 0.0356234229962 0.00863481730193 -0.0166434911692 -0.000850780141787 -0.000897221709892 -0.00593419567308 0.0278844533493 -0.00607173589484 0.0185486812474 0.00799252859048 0.0034799950938 0.012019106042 0.0143951718603 -0.00773526562883 0.0423682748458 0.00269083737953 -0.0143418724482 0.0244310680068 0.00640568180271 0.0010892951893 0.00698026854068 0.00679822464955 0.00514336963725 -0.0178057848078 0.0137633035211 -0.0107710007213 0.00280183333605 0.0180699605734 0.00118438074386 0.0211852611733 0.0253832619186 -0.00695082984345 
0.0176528125055 0.00734486502885 0.0123211847537 0.00814890584573 0.0279510982479 0.0199476036827 0.0260416062943 0.00946733971481 0.0121773181898 -0.000799525258526 0.0182278701648 -0.00118453898027 0.0216416993921 -0.0209074581667 0.026434880319 0.00295368153764 0.180693768374 -0.00623886376861 0.00625968326278 0.024879993635 0.00762567442936 0.0142873696024 0.0101095961125 0.0266819762367 -0.00336618323438 0.0029875917189 0.0207471797378 0.0185774958801 0.00726855382152 0.0159884950058 0.00640687055056 0.0154876598911 0.00852002697912 0.0104057709869 0.015490379303 -0.00154492826906 0.021685938254 0.0122323666307 0.0310638774219 0.00542781277301 -0.00766303242632 0.000280326550332 0.0377062658613 0.0210170145664 -0.0175324378736 0.0102352596364 0.0311142286198 0.00625962335514 0.0274048773189 0.0324077768544 0.00787574097226 0.0170672196699 0.0170083673145 0.012239926315 -0.0149150954502 0.00776091093234 0.0205814757285 0.0269772075331 0.0124453990101 0.00667483198923 
-0.00294824281643 -0.00624034005096 -0.00241422444932 -0.00621251060748 0.00688579504397 -0.00897232899277 -0.00483293338158 0.00706271604575 -0.0135775497334 0.0182374830034 0.0163506165644 0.0250347755481 0.00602653274002 0.00657121448199 0.00949263676885 0.00770433743801 -0.0062388637686 0.20144650458 -0.00443601761261 -0.013362301061 -0.00208480093761 -0.0121201885416 -0.0058611642639 0.00218433523379 -0.00727833925734 0.00279302663403 -0.00939286409977 0.00412922595463 0.000757786126152 0.017447901632 0.0173418810042 -0.0302602521518 0.00117630059697 0.0159054561358 0.0168621551155 0.0054367133851 0.018043077635 0.0198026513351 0.0202460883453 0.0118313596867 0.00642268687511 0.0055101877831 0.0173533592243 0.00346302597099 -0.011372023631 0.00974276318738 0.00543483794715 0.00751082267097 0.0025331928384 -0.00587725920105 0.0111382305383 -0.0100453198094 0.00479532546766 -0.00332851948893 -0.000660591597791 0.00643616735959 -0.0104269502189 -0.00333602490299 0.0270544266282 0.00468028232422 
-0.00761499809642 -0.00360338248682 0.0208963727671 0.00292245803032 0.00583820434465 -0.0139548777353 0.0150398753111 0.0248974563662 0.0183796877811 0.00753575189188 0.0185747983729 0.0109450534578 0.0147092728363 0.00599552738946 -0.00703706431149 0.021751474985 0.00625968326278 -0.00443601761261 0.181926082522 0.0211795138903 0.0105108545355 0.00797697595334 0.0115693903222 0.0157974814699 0.0127445689328 0.0133480424425 -0.00406975351749 0.0078168864856 0.00249077143864 0.0260244183393 0.00938187977222 0.0131416389528 0.00118098890838 0.01120792238 0.00470556178422 0.01580514282 0.0128542065492 0.00348876121687 0.0190544569836 0.0171803798672 0.0366941738326 0.00151445774589 0.0113718140446 0.00758087399 -0.0205603853038 0.00121057101779 -0.00801427292627 0.0133059516048 0.0225089237897 -0.00113970669099 -7.40224482109e-06 0.011193232612 0.0192300327146 -0.00422848394948 -0.00794074822249 -0.00591719033222 0.0132082294269 0.010483424774 0.00270529623785 0.00873807942985 
0.0236284937761 -0.00900048012022 0.016380250028 0.0190531470902 -0.00531210553103 0.00585452078676 0.00185748768626 0.0261318376397 0.00813365241586 0.0592022171673 0.0050115453335 0.0179133941735 0.027488234661 0.0123209534176 0.036973526069 0.0342213349888 0.024879993635 -0.013362301061 0.0211795138903 0.826799844313 0.0139997525491 0.323797651014 0.039659897264 0.0473778827889 0.0152507848269 0.0678991896595 -0.00381330693555 0.011304629832 0.029705546032 0.0502711641564 0.0143736989991 0.0250856688003 0.0301049150912 0.0373348950504 0.0282275188351 0.0137847105096 0.00714874463202 0.0500577889361 0.0383989208482 0.0429963073315 0.021625028507 0.0033465202214 0.0136068649786 0.00660333061209 -0.0350099843585 0.012321938619 0.00277319988368 0.0096758190704 0.0224772633556 0.0269057683604 -0.00411912196054 -0.0222813505827 0.0029522678543 0.0194250111193 0.0473231833221 0.00235055956116 0.0231330227963 -0.00509638769786 0.00266062125701 0.0063382364369 
0.00229508191327 0.00915488182883 -0.00179746989426 0.00263155538254 0.00424342603465 -0.00152617973903 0.0177446646878 0.0170170671635 0.0456139788126 0.0198346310865 0.00682736291381 0.00107237255907 0.01006770904 0.0121421714143 0.0269092714204 0.0169401314534 0.00762567442936 -0.00208480093761 0.0105108545355 0.0139997525491 0.183633752764 0.0171397682418 0.0083270390729 0.00867012317945 0.0167269918452 0.0354110357671 0.00550435519093 0.0120988952625 0.0198066788691 0.0186360915638 -0.00451513685256 0.0038106653204 0.00539103503947 0.0616973924054 0.0114979715009 0.0463348455925 0.015388060397 0.00281087820318 -0.00146263505973 0.0017186018061 0.0396438842455 -0.019290360591 -0.0111935009402 0.0146805674477 -0.00557704866495 0.0261985691148 -0.00523752190661 0.0768003606291 -0.00373641497426 0.00988997760557 0.0042404470159 -0.0139969063538 0.00665819352188 -0.00186531768925 0.0294250631982 -0.0111840155738 -0.00576667765202 0.000692219285404 -0.00336184397916 0.0460077901923 
-0.00450561182612 -0.00156379308775 0.00925625471585 0.0118053737655 0.0146629321605 0.00436026825973 -0.0267188810462 0.042698715896 0.0199959182248 0.00267245801414 0.00203081189269 0.00601814209029 0.00616735978648 0.00548678105326 0.0277321712349 0.012564746782 0.0142873696024 -0.0121201885416 0.00797697595334 0.323797651014 0.0171397682418 0.62120344892 0.0569294204171 0.0116771088187 -0.000840776697145 0.0151208326001 -0.00940829524041 0.00361286134653 -0.0057813197166 0.0336233214173 -0.000881467167601 -0.000332033950198 -0.0173635324143 -0.00560435820687 0.0377003926725 0.00618071513955 0.00281877992012 0.0546783034618 -0.0062680295241 0.0187366013525 0.0208023750492 0.0264849738727 0.000946002972847 0.00861323118971 0.0601203590445 0.0146210564162 0.0162806643134 -0.0148881407609 0.0116356130658 -0.00905634356803 0.00529285005731 -0.00989458484104 0.00905911288151 0.0184899332441 0.0373004616662 0.0260976468389 -0.0062207727955 0.0370881092071 0.0520260648939 0.00755748689193 
0.025948623842 0.0429020531994 -0.00697263752881 0.00814865193267 0.0288595108125 0.0432502944599 0.0519173333983 0.0458866043722 0.0199532479442 0.0837121801023 0.037010681089 0.00516927392157 0.0046981874788 0.0122704970884 0.00126909371782 0.0510836630797 0.0101095961125 -0.0058611642639 0.0115693903222 0.039659897264 0.0083270390729 0.0569294204171 0.414612664752 0.0524142752057 0.0241324759746 0.019354588749 0.0289175329405 0.0274811003251 -0.00726939496184 0.0219382418662 -0.017608914477 0.0262940002827 -0.00860241174536 0.00752356673477 0.0232842395145 0.00704145273234 0.0233473923598 0.0163684000343 -0.00893025003897 0.0260561173065 0.0239833824256 0.0186754793364 -0.00555615440791 0.0401551520596 -0.00819383193099 0.0324061935021 0.000165272874397 0.0196431098299 0.000871611243003 0.0107898002703 0.00721636211498 0.00417721127419 0.0108362838714 -0.00349295019023 0.0224527055413 0.0641282606551 0.000785421361108 0.0198139055421 0.0223972630203 0.0127150963275 
0.0137632723437 0.00706899790801 0.0124970915595 0.0161277972195 0.0151562381704 0.0125100202448 -0.0247700636774 0.0204488157171 0.0137766769443 0.0127428899174 0.0205279796597 0.0141930748021 0.0266234274531 0.00878784897688 0.0137134228069 0.0220048862953 0.0266819762367 0.00218433523379 0.0157974814699 0.0473778827889 0.00867012317945 0.0116771088187 0.0524142752057 0.154703644647 -0.00571034153147 0.0199546589616 0.0181901908893 0.00945500518209 0.0151720406134 0.0151830929064 0.0228809318032 0.0222448911146 0.00778520083932 0.0150954983322 0.0316755281929 -0.00763576752035 0.0293311040883 0.0038046044656 0.0369683154599 0.024840189675 0.000304283631718 -0.036773799228 0.016953736115 0.0276561839847 -0.0149439629365 0.0486806936379 0.0241834356546 0.0349829188353 0.0163421447348 0.00944538889352 0.00609623755614 0.0132289890725 0.0144094301313 -0.00115760022592 0.0248845325273 0.0323559937242 0.0111082330908 0.0225634856994 0.0339767347544 0.0139222214427 
0.0402315167676 -0.00641509479016 0.0206584788589 0.00415004921073 0.0160531565855 -0.00269748985627 0.0318192923653 -0.00453364500047 0.0148859198977 0.0106561727739 0.0221689083954 0.02490852467 0.0112164874844 0.129270451815 0.00699993045348 0.000780333265208 -0.00336618323438 -0.00727833925734 0.0127445689328 0.0152507848269 0.0167269918452 -0.000840776697145 0.0241324759746 -0.00571034153147 0.249930023575 0.0148722876688 0.0126761147697 0.00840114494998 -0.000520659159625 0.0182418637192 0.0204049002771 -0.000360213354588 0.0231654054747 0.00236520816258 0.0157300043157 0.0113210737534 0.0139524420664 0.00739004082374 -0.00668372071816 0.0085730346737 0.0239880148465 -0.0236514507037 0.0141536658098 0.00825687652162 0.00849457406488 0.0145315768683 0.01173847713 0.0267182535852 0.000288057064751 0.0143503754204 0.00094133944166 0.000241375951562 0.0138258529916 0.00987448079527 0.00838635076082 -0.00479260451591 -0.0156480684117 0.0160763125096 0.0231030129083 0.0177929849462 
0.0390698739224 -0.00187736507379 0.0364079802425 0.0232013551729 0.0158862403396 0.000287244782929 0.0140997251789 -0.00371964972289 0.034855025164 0.142635659749 0.0282840361959 0.118765179583 0.0044418749268 -0.022720655923 0.0384886434054 0.0013089524816 0.0029875917189 0.00279302663403 0.0133480424425 0.0678991896595 0.0354110357671 0.0151208326001 0.019354588749 0.0199546589616 0.0148722876688 0.438518364722 0.00411654760712 0.0103738996156 0.0293415828004 0.0413549441553 0.0152891030677 0.00312276044168 0.0362949071718 0.0264367004603 0.0086414007208 0.0145467381993 0.0091948249252 0.000821221002385 0.0478332992431 0.0350531937264 0.0314891001942 -0.013859996418 -0.00215894095573 0.0275233714839 -0.0566636781564 0.025528444656 0.00500340326634 0.170315397178 0.00742481498452 0.00546744142936 -0.00759728833924 0.00198011862134 0.0231366134891 -0.00350761531593 0.114275169974 0.00813938813934 -0.0135881399195 -0.0223455154168 0.00929742961456 0.154302855445 
0.00259407273029 0.0183212704475 0.022062932607 0.00680487186357 0.0209657532061 0.0148224604273 0.0196155651305 0.0201020565539 0.0257132709125 0.0181195447898 0.0200459207532 -0.00432489371873 0.0176159416843 -0.00550812059411 0.0218822218148 0.0233385842438 0.0207471797378 -0.00939286409977 -0.00406975351749 -0.00381330693555 0.00550435519093 -0.00940829524041 0.0289175329405 0.0181901908893 0.0126761147697 0.00411654760712 0.156251716985 0.00440663279236 -0.00598495183312 0.0220389376386 0.0236088005329 0.00802866462695 0.0215196434519 0.0156465565235 0.0245643852709 0.000183309516583 0.0145702045637 0.0151466639876 0.013768726365 0.00660397356914 0.00694306241809 -0.00938039206631 0.0160072342268 0.0176816818306 -0.0047869951866 0.0366552157054 0.0342044349266 0.01049046143 0.0101683049589 0.0123837215119 0.00600271287139 -0.00526689220036 0.0158635610111 0.0232658562225 -0.00828074632466 0.00218263382268 0.00168761437664 0.00990667624734 0.0120018458381 0.00420524905843 
-0.00108370039103 0.00861390881177 0.0124236255523 -0.00236114981118 0.00177117811565 0.000150712257019 -0.0137226535762 0.00269899739208 0.00960103146799 -0.00183954947167 0.021507021355 0.00623491317088 0.0163354375398 0.0104693242218 0.00516540145272 0.000173349788392 0.0185774958801 0.00412922595463 0.0078168864856 0.011304629832 0.0120988952625 0.00361286134653 0.0274811003251 0.00945500518209 0.00840114494998 0.0103738996156 0.00440663279236 0.168890092473 0.0104816975816 0.0109969614882 0.0123467063043 0.0150245712247 0.010560887986 0.0121388320904 0.0117487943091 0.00298626854838 0.0133894758149 0.00165816256843 0.0140971500472 0.0156528674466 0.018385631963 -0.00586613219705 0.0376856347704 -0.00767115904816 -0.0080583154702 0.0103745826413 0.00126237539517 0.0428003959756 0.0124642154583 -0.00369232500245 0.00985851695812 -0.0136626231757 0.0249610911332 0.018594109435 0.0062516261322 0.0199543461025 0.0099636605135 -6.19338829665e-05 0.0111190603733 0.00600448583323 
-0.011721935587 0.01476811681 0.0239617945861 0.0110543208292 -0.00511156480243 0.076412345975 0.0056022739112 0.0265353127751 -0.00112561188048 0.0465442773274 0.0147600857071 -0.00488284655392 0.0158218084624 0.00256882194902 -0.0115058180564 0.0356234229962 0.00726855382152 0.000757786126151 0.00249077143864 0.029705546032 0.0198066788691 -0.0057813197166 -0.00726939496184 0.0151720406134 -0.000520659159626 0.0293415828004 -0.00598495183312 0.0104816975816 0.486248008723 0.0128416295586 0.0127245370466 0.014526274724 0.0142596420531 0.0241499950665 0.016818335655 -0.00505058634589 -0.00153424338246 0.0241615688857 0.13772074253 0.0188572253672 -0.0175160819141 0.00490369428015 0.0171699187427 0.00244323300552 -0.0335566446893 0.0116768501666 0.00335120891981 0.0498642429977 -0.0170574161318 -0.00503081869941 0.00973372282645 0.126765002736 0.00304421875192 0.00452816901251 0.0102418050476 0.0136399687256 0.0156246394548 0.0777490978449 0.106316216572 0.0666452301854 
0.031987791077 0.028285493611 0.0153705298422 0.0259362394619 0.0319019010741 -0.00400651999831 0.0202214610081 0.0104361372961 0.0402057676442 0.01894323734 0.0322656400668 0.0551587125215 0.0255662327531 0.00735625330594 0.0256857913235 0.00863481730193 0.0159884950058 0.017447901632 0.0260244183393 0.0502711641564 0.0186360915638 0.0336233214173 0.0219382418662 0.0151830929064 0.0182418637192 0.0413549441554 0.0220389376386 0.0109969614882 0.0128416295586 0.215141318748 0.0399744074716 -0.000941355755556 0.0284369610467 0.0125501387713 0.048247884261 0.0252385961662 0.0157513008057 0.0197815613775 0.0200717101555 0.0285845537899 0.0353700171701 -0.00511447274155 0.0204759021313 -0.000434573945036 -0.0110944711775 0.0060626553913 -0.000696661135718 0.00380333614282 -0.0146923387067 0.0289639148687 0.0164201939288 0.0101073830573 0.024420548835 0.0136433113014 -0.00126204215158 -0.00109796640115 0.0102108066365 0.0160721105344 0.00826552013508 0.0391110806761 
-0.00888047465457 0.01437005398 0.0245703400663 0.00469783889374 0.0171934524824 -0.0216947192848 0.0120777196362 0.0249077933852 0.013755899778 0.00953223610825 0.0157318992731 0.105417434351 0.0139194441565 0.0101366712023 0.0285669811671 -0.0166434911692 0.00640687055056 0.0173418810042 0.00938187977222 0.0143736989991 -0.00451513685256 -0.000881467167601 -0.017608914477 0.0228809318032 0.0204049002771 0.0152891030677 0.0236088005329 0.0123467063043 0.0127245370466 0.0399744074716 0.230798739399 -0.0045346529324 0.0189188582412 0.019214048589 0.076105938499 0.0218458576198 -0.00119773928583 0.01052397301 0.0441747721546 0.00895013102196 0.00351377146352 0.00162436209971 0.0189237274145 0.0184063422105 -0.0382502428859 -0.0155483557634 0.0116149882593 0.0184139967067 0.0144347221427 -0.011431677506 0.0165652964356 -0.00925588609206 0.0103797989617 0.0214743508934 -0.000393381247116 0.00660782955116 0.0225200407773 0.00949703637588 0.0430048918518 0.00494290999583 
-0.00066918820763 0.00519228470174 0.00874150070879 -0.000309635564465 0.0199815146447 0.00508932166209 0.0178354896302 0.0233757625046 0.00403646194129 -0.00336716008458 0.0302127716199 0.0324529001871 0.00929091766416 0.00951099011068 0.0140520192335 -0.000850780141786 0.0154876598911 -0.0302602521518 0.0131416389528 0.0250856688003 0.0038106653204 -0.000332033950197 0.0262940002827 0.0222448911146 -0.000360213354588 0.00312276044168 0.00802866462695 0.0150245712247 0.014526274724 -0.000941355755556 -0.0045346529324 0.498473256901 0.0276889689843 0.0117951122981 0.0143263588832 0.00230263873545 0.0125293686143 0.00465857398183 0.0284650263192 0.00212636230084 0.00934178595932 -0.0141896592906 0.0123824671894 0.0191607928536 0.0073473369273 0.00633022911689 0.0268325016451 0.00779568920663 0.0327307121642 0.0194220588136 0.00264746341005 0.0324972638556 0.00988196470187 0.0425736007486 -0.0214484104564 0.00324941185697 0.00705300386425 0.00255244508639 0.00941517086985 -0.0259905408283 
-0.00347678348774 0.00585779458804 0.0100541451915 0.00964616160376 0.00977557777049 -0.00297609001663 0.000215918767608 0.0185105773459 0.00623710520246 0.0269757294939 0.0174529506335 0.0272119335777 0.00970678715769 -0.0201173004175 0.00890535186754 -0.000897221709893 0.00852002697912 0.00117630059697 0.00118098890838 0.0301049150912 0.00539103503947 -0.0173635324143 -0.00860241174536 0.00778520083932 0.0231654054747 0.0362949071718 0.0215196434519 0.010560887986 0.0142596420531 0.0284369610467 0.0189188582412 0.0276889689843 0.200988559531 0.0374837860325 0.0221377001659 0.0184039336495 0.0206201381815 0.00388898227764 -0.0106450183884 0.0216441986891 0.0077433142761 -0.00223808158506 0.00454860945536 -0.010489586903 -0.00561081466923 0.0309165174564 0.00554478728409 0.0295686391083 0.0106910153279 0.00817579101391 -0.00420530567941 -0.0221799565454 0.00818118692375 -0.00147420831249 0.00238638242573 -0.0177745279437 0.010659076285 -0.0146617111543 0.0214751201517 0.00901255058362 
0.00568610599181 0.0328393113808 0.0110205402159 0.0103665928651 0.018262064057 0.0153328037581 0.0180569788691 0.00518139935693 0.0441413916073 0.0297741344112 -0.000179053760193 0.0403089141137 0.0246653294852 0.0177153472789 -0.00340797817288 -0.00593419567308 0.0104057709869 0.0159054561358 0.01120792238 0.0373348950504 0.0616973924054 -0.00560435820687 0.00752356673477 0.0150954983322 0.00236520816258 0.0264367004603 0.0156465565235 0.0121388320904 0.0241499950665 0.0125501387713 0.019214048589 0.0117951122981 0.0374837860325 0.467895172605 -0.00360589395056 0.0363127472463 0.00585618917385 0.0113647622469 0.0403203762745 0.00363296794091 0.0393098767591 -0.0253958593569 -0.00246909917608 0.0203661012638 0.0143555163502 0.01926663029 0.00186924056615 0.059190125055 0.0155401902745 -0.00328878425506 0.0121943301137 0.00849390267631 0.0105891239008 -0.00101834065768 0.0235792046998 0.00339415921166 -0.0143491999913 0.00329379633194 0.0214284684449 0.0218796408876 
0.00838978781796 0.0281581057336 0.0231485078027 0.0150285468023 0.0570041695122 -0.00207099765133 0.0300524189372 0.0305308206473 0.00198919039868 0.0110505615059 0.0396478037649 0.0165723997678 0.0104699004267 0.00880309698667 -0.0113818099585 0.0278844533493 0.015490379303 0.0168621551155 0.00470556178422 0.0282275188351 0.0114979715009 0.0377003926725 0.0232842395145 0.0316755281929 0.0157300043157 0.0086414007208 0.0245643852709 0.0117487943091 0.016818335655 0.048247884261 0.076105938499 0.0143263588832 0.0221377001659 -0.00360589395056 0.259571642804 0.0213177138874 0.00125997521566 0.03263698712 0.0124344773285 0.0195472942806 0.0179291276855 -0.00475234986653 0.00465607209977 -0.00222381752285 -0.0289635431879 0.0218239908471 0.00277257890301 0.0309123058582 0.00678028643713 -0.00453618407797 0.0182866430698 -0.0291759989192 0.0104350540279 0.0220481095203 -0.00982216315441 -0.00538543665935 0.0224388536307 0.0147263559068 0.0284761269968 -0.0111872105982 
0.0175797360825 0.0179745225193 0.00295296405835 0.00281805948455 0.0141804362548 -0.000531519861919 0.0194587656896 0.00890615892315 0.0317715482527 0.0204862664689 0.0248688799684 0.0175296962554 -0.00772730115849 0.0127498084242 0.00128879999352 -0.00607173589485 -0.00154492826906 0.0054367133851 0.01580514282 0.0137847105096 0.0463348455925 0.00618071513955 0.00704145273234 -0.00763576752035 0.0113210737534 0.0145467381993 0.000183309516582 0.00298626854838 -0.00505058634589 0.0252385961662 0.0218458576198 0.00230263873545 0.0184039336495 0.0363127472463 0.0213177138874 0.138561945381 0.0106134417413 0.0192600322677 0.00932890545653 0.0203326436006 0.0396551705 0.00525356436695 0.011066215786 -0.00419171990516 -0.00344412707696 0.0158445486711 0.00999526928684 0.0203585679768 0.0114032811421 0.0071950808319 0.000750929108483 0.00531756122953 0.00972397026086 0.0065784985411 0.0235605414274 -0.015103632734 -0.0187629536054 0.00707114053999 0.0184216296535 0.02397932478 
0.018201580987 0.0226603091884 0.0168358556722 0.0209944551147 0.0302797527364 0.00180386043294 0.00571315055357 0.0239446485599 0.00951673987638 -0.00713115558119 0.0158876868496 0.00564306340412 0.0197870519296 -0.00342141450884 0.0472587284784 0.0185486812474 0.021685938254 0.018043077635 0.0128542065492 0.00714874463202 0.015388060397 0.00281877992012 0.0233473923598 0.0293311040883 0.0139524420664 0.0091948249252 0.0145702045637 0.0133894758149 -0.00153424338246 0.0157513008057 -0.00119773928583 0.0125293686143 0.0206201381815 0.00585618917385 0.00125997521566 0.0106134417413 0.151351067473 -0.00046715435943 0.00156102127869 0.0106752705598 0.0169943842503 0.00577923093874 0.0252512116852 0.00118136088509 0.0389059130971 0.0208220759648 0.0257179259202 -0.00588959328374 0.0348326808268 0.00812053288541 0.00904059308929 0.00335278657946 0.0216813268071 0.0137237490813 -0.00652993478206 -0.0130035792782 0.0135161360109 0.00277911224733 0.016820022227 0.00748888581823 
0.0141834138579 -0.0140481366548 0.0212171463384 0.0138103348911 0.0129121792704 0.00170580863293 0.014116261657 0.0227749876807 0.0189521981144 -0.0139779548777 0.0191924305738 -0.0108882244651 0.016549211439 0.00614497768864 0.0203433102838 0.00799252859048 0.0122323666307 0.0198026513351 0.00348876121687 0.0500577889361 0.00281087820318 0.0546783034618 0.0163684000343 0.0038046044656 0.00739004082374 0.000821221002385 0.0151466639876 0.00165816256843 0.0241615688857 0.0197815613775 0.01052397301 0.00465857398183 0.00388898227764 0.0113647622469 0.03263698712 0.0192600322677 -0.00046715435943 0.213789198884 0.0269159868957 0.0253136529848 0.0101631232826 -0.00693296449982 0.0260315656314 0.0107007747512 -0.00775555777137 0.0132226928439 -0.00873482130251 -0.0113306556769 0.000599211466276 0.0130065371676 0.0143136763085 -0.00646824831646 0.0165480143051 0.0112023345885 -0.0159747565317 0.00609005247747 0.00476912542777 0.0112332266131 0.0290092550445 -0.00949951964235 
0.0200747171794 -0.0169243042102 0.0373784628179 0.0293036891596 0.0453251014676 0.102060299729 0.00742579745894 0.0220701755642 0.0121550728757 0.018449559719 0.0336731796601 -0.0181355432693 0.00430117759912 0.0187904808145 0.0280135006639 0.0034799950938 0.0310638774219 0.0202460883453 0.0190544569836 0.0383989208482 -0.00146263505973 -0.0062680295241 -0.00893025003897 0.0369683154599 -0.00668372071816 0.0478332992431 0.013768726365 0.0140971500472 0.13772074253 0.0200717101555 0.0441747721546 0.0284650263192 -0.0106450183884 0.0403203762745 0.0124344773285 0.00932890545653 0.00156102127869 0.0269159868957 0.58419227689 0.0326684410137 0.017988249929 0.013274698698 0.049912795784 0.102453293294 -0.0255075933149 0.0454195181722 0.0161795603241 0.0356116432335 0.00512180271813 0.0116523414018 0.0169395477037 0.0988752077415 0.0184920621349 0.0742704494184 0.0289819837117 0.0574113936831 0.0151594640926 0.0584098069332 0.158485612681 0.0312103278009 
