40
0.0170349265424 0.102922334335 0.0657027666716 0.0594275332512 0.0402434153999 0.0617018630506 0.122670110856 0.0150252709272 0.149701567326 0.142251168296 0.165275344352 0.0756818342608 0.0714432896303 0.00839736130492 0.0463620133958 0.191301962015 -0.00953493093171 0.13588321519 0.0585004976968 0.128291051585 0.0289140833203 -0.00662659235152 0.0181340887913 0.0431320253577 0.0571686925308 0.0309991269713 0.0826231173305 0.070995024039 0.155431064381 0.13190386478 0.0214629747746 0.10643743266 0.0578888041786 0.0475630895173 0.0437038130991 0.234070828585 0.0493870590102 0.0870955077299 0.0248803539628 0.0242911243805 
0.203962527404 0.0290271234609 0.0212246964111 -0.00189738575904 0.0146749793757 0.0242244135391 0.00306526660316 0.0423102702851 -0.00857411505781 0.0109686567043 0.0105053593785 0.0135635708486 -0.0153102190094 0.0206504610519 0.0186753306724 0.00304578343441 0.0163618109181 0.00384554425679 0.00854819301012 0.012878114898 0.0129259056777 0.00932015000419 0.010392652389 0.0297467716859 0.0163811787971 0.0116275759313 0.0230939725966 0.0151151564213 0.000671972875649 0.00570498104041 0.00429427063393 0.0156266371237 0.0098355274078 0.00815103507748 0.0221548062943 0.0129073603027 0.0218318520543 0.0114622780923 0.0177490549075 0.0417708721355 
0.0290271234609 0.348374850811 0.0107940381178 0.0180626477644 0.00325547599011 0.0147761431627 0.0240221127377 0.0151714565303 0.00584799556321 0.0429571654553 -0.0307456155936 -0.000234957843385 0.013568920722 0.0214591265861 0.0207735114557 0.000545165718579 0.0198553599718 0.0174061259969 -0.00248758236292 0.0344706010673 -0.00471522163687 0.0143266061283 0.0321710611432 0.0537371747911 0.0387584526406 0.00665373062938 0.0293595098858 0.0386084451535 -0.0143467775532 0.0199670629447 0.00797341194582 -0.010849424307 0.0140294988158 0.0330216416207 0.00818668619996 0.118319676864 0.0216426717038 -0.00494239427225 0.0117832821937 0.013226863379 
0.0212246964111 0.0107940381178 0.187546970629 0.00264241486554 0.0138991528458 0.041445076107 0.0191426745101 0.0300335388557 0.0200514868374 0.0105640083766 0.012844643375 0.0159014387399 0.00731955506352 0.0240898415667 0.00296544848632 0.0414835430528 0.0121574213939 -0.00729912558891 0.00392826273135 0.00749072138315 0.0308240034683 0.0230054679891 0.005835007242 0.0315305028791 0.0249893515977 0.00311440449058 0.00854832173412 0.00898530104828 0.0271695799783 -0.00337967757249 0.00276370813693 0.0147566670752 -0.00313089598247 -0.00817444659926 -0.00265853119738 0.0263708632917 -0.00360411233994 0.0104566302695 0.0153819267247 0.0294465900613 
-0.00189738575904 0.0180626477644 0.00264241486554 0.230853796449 0.00431753361283 0.0285044478168 0.00306019295849 -0.00405957625224 -0.00591617141461 0.0128732197659 0.00741971319412 0.0444735268625 0.0140116708533 0.0189454734518 -0.00430690657452 0.0288607895677 -0.000278453440097 0.0336618730753 -0.00355082025935 0.00607133992399 0.00926936895189 0.0105807407116 0.0118518942893 0.00879979951625 -0.00791032829153 0.0129368895784 0.00902713385261 0.00165537710042 0.0153723925359 -0.00700870315772 0.00817979282657 0.0121973049755 0.0134481803942 -0.0068960209193 0.00109977151898 0.00576268087948 0.0170508555543 -0.0050144624878 0.0115954235404 0.0214302638365 
0.0146749793757 0.00325547599011 0.0138991528458 0.00431753361283 0.142355593685 0.0181085576826 0.00138925993861 0.0178494357853 0.00649326741712 0.0181334272427 -0.00960015459376 0.0200857347238 -0.000704947069176 0.0147831312872 0.00461149267227 0.0125837534042 0.00587451104466 0.0137247900241 0.0157494477606 0.0263790580946 0.0201424723597 0.00286185656997 0.00660348022594 0.0181996371487 0.0238757771554 0.00703686755922 0.0119482126341 0.0223403919869 0.0206518440035 -0.0172547130844 0.0037485397154 -0.00803529442434 -0.00830344548703 -0.00196279023495 0.0126979317541 0.00943383959016 0.00838038523748 0.00169556363342 0.0126456196578 0.0109959525609 
0.0242244135391 0.0147761431627 0.041445076107 0.0285044478168 0.0181085576826 0.266904841373 0.0206677789947 0.0232333739359 0.00712047260037 0.00194038488051 0.00985883699247 0.0286474889905 -0.00945756740874 0.0125166973383 0.00927973429165 -0.0242821219204 -0.000513840800993 0.00708260940565 0.0123582863082 -0.00233388514686 0.0214673618024 0.0152515787146 -0.00338926685681 0.0296581736555 0.0226426714112 0.030828924148 0.00605219295477 0.0439460827663 0.00166970650269 -0.00455676384448 0.0138917132917 0.00283937778181 0.0300760669639 -0.00092380507804 0.0339936319217 0.0375611742893 0.0290494496163 0.0250825705247 0.0236910371456 0.0216730277399 
0.00306526660316 0.0240221127377 0.0191426745101 0.00306019295849 0.00138925993861 0.0206677789947 0.399360883833 0.00893874826186 0.0285931062692 0.0148373567852 -0.0145118081269 0.00588673237952 -0.00234148305592 0.0146302875012 -0.0095556451439 -0.000349777181311 0.0276894123082 -0.00406638755625 -0.00612102094303 -0.0039063898937 0.000183546360267 -0.012294473303 0.00264709886537 0.0201086911877 -0.0145724280381 0.0233251336783 0.00590612062072 -0.00322833319365 -0.0132673845088 -0.00769702691304 0.0259914845609 0.00614520162371 0.0407730678094 -0.00515626666754 -0.000159161018264 0.0361433269302 -0.00393496324536 0.00739514961529 0.0199959735211 0.00555973066235 
0.0423102702851 0.0151714565303 0.0300335388557 -0.00405957625224 0.0178494357853 0.0232333739359 0.00893874826186 0.172945820829 0.00236052622507 0.0170097688091 0.0405164966153 0.016917718907 0.0167446603288 0.03826965954 0.0227883144011 0.0085864454813 0.00611879073737 0.0051403433265 0.0265082417991 0.0181725874295 0.0192408443823 0.0214968415624 0.0286384384552 0.0383652001189 0.0234486191177 0.0122332485193 0.0104875676536 0.0412800788427 0.0422456957586 0.0301136793549 0.0123681387507 -0.0107064156139 0.00336622392426 0.00285827832948 0.0172478959383 0.022582458204 0.0206184643962 0.00433153182108 -0.00120817327942 0.0186246032526 
-0.00857411505781 0.00584799556321 0.0200514868374 -0.00591617141461 0.00649326741712 0.00712047260037 0.0285931062692 0.00236052622507 0.431139709521 0.0217906608036 -0.030551373318 0.00393905379054 0.0156708854873 0.0343831988681 -0.00991583504 0.0797359402973 -0.00857228000158 -0.031707011463 0.0333767826165 -0.00291077188904 0.0407568417633 0.022071216329 0.0249475232964 -0.0114551312661 0.0217065447836 -0.00179062059959 0.000595648924626 0.0120906285585 -0.00870284539037 0.181735729602 0.00434315021064 0.0648182660811 0.00482061800517 -0.0124652913744 0.0192731451152 0.0757122917633 0.0028761020553 0.00658014980216 0.0103258874037 0.0283473014159 
0.0109686567043 0.0429571654553 0.0105640083766 0.0128732197659 0.0181334272427 0.00194038488051 0.0148373567852 0.0170097688091 0.0217906608036 0.806225655458 -0.0144193268754 0.0498026813616 -0.000214819122444 0.024570023292 0.0128366264768 0.0196324785776 0.0170743783319 0.0121703592925 0.0174280895063 0.0225686824843 0.0201764784225 0.00756505624981 0.0422712423823 0.00283908290416 0.0280319599273 0.043096862557 0.000767010276331 0.0508601848555 0.00512073360641 -0.00621315633961 0.011927565227 -0.00474417805485 -0.022532253537 -0.00215331423325 0.00379621723115 0.0139258150239 0.0215584337142 0.00591288976522 0.024509886275 0.029312703456 
0.0105053593785 -0.0307456155936 0.012844643375 0.00741971319412 -0.00960015459376 0.00985883699247 -0.0145118081269 0.0405164966153 -0.030551373318 -0.0144193268754 1.37414634218 -0.020046109501 0.0171410367792 -0.00319865629376 0.00535056833239 -0.00175424707821 0.0117143567251 0.0227170362704 -0.00688210802173 0.0170816767556 -0.00962635531568 -0.00187253527486 -0.0206167917183 0.028506385231 -0.0128091923151 -0.0207863748138 -0.00788031260261 -0.00235336166746 0.00611779877824 -0.0315027776921 0.0224136056409 0.00433992513965 -0.0215565031927 -0.0203144000475 -0.022138103705 0.00954463284193 -0.0122980425909 -0.0147826758689 -0.000693362808584 0.000146332536624 
0.0135635708486 -0.000234957843385 0.0159014387399 0.0444735268625 0.0200857347238 0.0286474889905 0.00588673237952 0.016917718907 0.00393905379054 0.0498026813616 -0.020046109501 0.208315437173 0.00904953324696 0.0205326998142 0.01432331981 0.0107352021921 0.0124866252051 0.0062326687341 -0.0104140428026 0.00306806216275 0.00671760746921 0.012127879731 0.0153305345545 0.00381883329467 0.0116548479298 0.034621636675 -0.000700730737473 0.0278588751279 0.0470423812401 0.0154931145833 0.0139701650659 0.0151066155508 -0.000231654511685 0.00730600259778 0.0153648275132 0.0030378061001 0.0153739820428 0.0193023302094 0.0310294286551 0.0350581352549 
-0.0153102190094 0.013568920722 0.00731955506352 0.0140116708533 -0.000704947069176 -0.00945756740874 -0.00234148305592 0.0167446603288 0.0156708854873 -0.000214819122444 0.0171410367792 0.00904953324696 0.373077692831 0.00958742416206 -0.000592341792113 0.0382316622789 0.0313797461246 0.0239670174033 0.0143187715922 0.0185990694757 -0.0170825472283 0.00427965735685 0.0238860856866 0.00132315416002 0.00020493742928 0.037691500144 0.0189037105485 0.000334689182264 0.00793293154173 -0.00984842363867 -0.00428156393958 0.00985707610222 0.0148089594113 -0.00112558022069 0.0106568715627 0.00486672984367 0.0112200355075 0.00757797586429 0.0404918406185 -0.00312599365362 
0.0206504610519 0.0214591265861 0.0240898415667 0.0189454734518 0.0147831312872 0.0125166973383 0.0146302875012 0.03826965954 0.0343831988681 0.024570023292 -0.00319865629376 0.0205326998142 0.00958742416206 0.13036459878 0.000465989117543 0.00980376546772 0.0186097353113 0.0078010864594 0.0279470470515 0.0158450493281 0.00771564496414 0.0181518319033 0.020457450155 0.0367554619257 0.015058010725 0.00845809258261 0.0279557816357 0.0195850360158 0.0424732336034 0.00439597033161 0.0191706087325 -0.000861394289228 0.00757398673007 0.00711470585053 0.0293519011349 0.0408138047454 0.00665360385733 0.00568634015789 0.0279961188257 0.0483219687566 
0.0186753306724 0.0207735114557 0.00296544848632 -0.00430690657452 0.00461149267227 0.00927973429165 -0.0095556451439 0.0227883144011 -0.00991583504 0.0128366264768 0.00535056833239 0.01432331981 -0.000592341792113 0.000465989117543 0.399249019295 0.0405044050537 0.0120319982627 -0.0233476680136 0.00463032428327 0.0238817599839 0.0349788736348 0.0193571747972 0.00863100318896 0.0154764924723 0.00793032791989 -0.0186268137891 0.0110704013941 0.0174184708382 0.0519753775904 -0.0219798255701 0.00256427262121 0.0104582766284 -0.0158265332563 0.0099532098154 0.00928258001869 0.0258214484792 -0.0136299998355 0.0186261882986 0.0154052820544 -0.00169990135461 
0.00304578343441 0.000545165718579 0.0414835430528 0.0288607895677 0.0125837534042 -0.0242821219204 -0.000349777181311 0.0085864454813 0.0797359402973 0.0196324785776 -0.00175424707821 0.0107352021921 0.0382316622789 0.00980376546772 0.0405044050537 0.431713385063 0.0184729023551 0.0169924865187 0.0807665281018 0.0432581377804 0.0350897705002 0.0379476273034 0.0471740889055 0.0308459371715 -0.00376141533779 0.00917261940106 0.00471733647221 -0.0041465468321 0.0579565095354 0.00811235286546 0.0294440399699 0.0745119130173 0.0143478662223 -0.0123317684581 0.0141661385265 0.101420300127 -0.01683748304 0.0522432905138 0.0124393595757 0.0242322602681 
0.0163618109181 0.0198553599718 0.0121574213939 -0.000278453440097 0.00587451104466 -0.000513840800994 0.0276894123082 0.00611879073737 -0.00857228000158 0.0170743783319 0.0117143567251 0.0124866252051 0.0313797461246 0.0186097353113 0.0120319982627 0.0184729023551 0.216646906272 0.00372854957669 0.00931913041973 0.00037064578066 -0.00438379283686 0.00482532275341 0.00932133223201 0.0258575206556 0.0297871885734 0.0226093636965 0.01688701565 0.00690168051245 -0.00573626541504 -0.0161931707314 0.013822787672 0.00252706621308 -0.00634834795713 0.00122505712435 0.00460201551008 0.011032264079 0.015199737219 -0.00955458890684 0.0757937044026 0.018411599636 
0.00384554425679 0.0174061259969 -0.00729912558891 0.0336618730753 0.0137247900241 0.00708260940565 -0.00406638755625 0.0051403433265 -0.031707011463 0.0121703592925 0.0227170362704 0.0062326687341 0.0239670174033 0.0078010864594 -0.0233476680136 0.0169924865187 0.00372854957669 1.1898773138 -0.0222845647192 0.00866983899674 0.000232239595256 0.0246314339977 0.0453001152885 0.00941240913216 -0.00677937964305 -0.0322635394656 0.0316905569838 0.00598778914516 0.00100904509249 0.185254813571 0.0155527634859 -0.0306257254869 -0.0151301790174 0.00814568549648 0.0419493224578 0.0962060390733 0.0191938515185 -0.0150322198736 -0.0194318624489 0.0134406922814 
0.00854819301012 -0.00248758236292 0.00392826273135 -0.00355082025935 0.0157494477606 0.0123582863082 -0.00612102094303 0.0265082417991 0.0333767826165 0.0174280895063 -0.00688210802173 -0.0104140428026 0.0143187715922 0.0279470470515 0.00463032428327 0.0807665281018 0.00931913041973 -0.0222845647192 0.343709074716 0.038775264198 0.0185698772241 0.00111610399361 0.0121863363289 0.0273379515081 0.0303132085372 0.0269673055108 0.0109254993586 -0.0103782588109 0.0213312616787 -0.0167987008455 0.0203026213672 0.0197832801685 0.003797433567 0.0190540284815 0.0280387523494 0.0907828806037 0.0201242314431 0.0172095385961 0.0233399006607 0.0140805879988 
0.012878114898 0.0344706010673 0.00749072138315 0.00607133992399 0.0263790580946 -0.00233388514686 -0.0039063898937 0.0181725874295 -0.00291077188904 0.0225686824843 0.0170816767556 0.00306806216275 0.0185990694757 0.0158450493281 0.0238817599839 0.0432581377804 0.00037064578066 0.00866983899674 0.038775264198 0.488109421406 0.0125917761534 0.0195476229095 -0.0110344948101 0.00667975961641 0.0152105328426 0.111208880211 0.0288439785329 0.00880045918776 0.00269065025471 -0.0147221778471 0.00148880730104 0.00905034021208 -0.0253037041745 0.0172391912904 0.0341111340393 0.04101421454 0.0250060939435 0.016953015396 0.000961993763673 -0.00582417403475 
0.0129259056777 -0.00471522163687 0.0308240034683 0.00926936895189 0.0201424723597 0.0214673618024 0.000183546360267 0.0192408443823 0.0407568417633 0.0201764784225 -0.00962635531568 0.00671760746921 -0.0170825472283 0.00771564496414 0.0349788736348 0.0350897705002 -0.00438379283686 0.000232239595256 0.0185698772241 0.0125917761534 0.218005214645 0.0447529858344 0.0159925200532 -0.00703880644289 -0.00215970187651 0.00648625769462 0.00471800065192 0.0141050170821 0.020536488435 -0.0265503892477 0.0220904550992 0.00978276946423 0.0229318309959 -0.0027781311658 -0.00210632082397 0.0163853450103 0.00897911792391 0.0688800147248 0.0212282355105 0.0230495066068 
0.00932015000419 0.0143266061283 0.0230054679891 0.0105807407116 0.00286185656997 0.0152515787146 -0.012294473303 0.0214968415624 0.022071216329 0.00756505624981 -0.00187253527486 0.012127879731 0.00427965735685 0.0181518319033 0.0193571747972 0.0379476273034 0.00482532275341 0.0246314339977 0.00111610399361 0.0195476229095 0.0447529858344 0.161859920587 0.0353078103706 0.019325796922 0.00635887016434 0.000640398258076 0.00637939725124 0.0194577260033 0.0159755448207 -0.0197361163446 0.042209285908 0.0320884722484 0.0354053364323 0.0131603647168 0.0176166946659 0.00183629366028 0.0227940347028 0.0396356385601 0.00945360836018 0.0283665386325 
0.010392652389 0.0321710611432 0.005835007242 0.0118518942893 0.00660348022594 -0.00338926685681 0.00264709886537 0.0286384384552 0.0249475232964 0.0422712423823 -0.0206167917183 0.0153305345545 0.0238860856866 0.020457450155 0.00863100318896 0.0471740889055 0.00932133223202 0.0453001152885 0.0121863363289 -0.0110344948101 0.0159925200532 0.0353078103706 0.278637788976 0.0535375741132 0.0142994835529 0.000978224495659 0.0185301260688 0.0575325378071 0.0135473145589 0.0110454989628 0.0355951318345 0.037965182768 0.0165687080601 0.0229959317777 0.0172113034899 0.0383224963057 0.00638911875607 0.0128414428757 0.00465422208009 0.0352639264059 
0.0297467716859 0.0537371747911 0.0315305028791 0.00879979951625 0.0181996371487 0.0296581736555 0.0201086911877 0.0383652001189 -0.0114551312661 0.00283908290416 0.028506385231 0.00381883329467 0.00132315416002 0.0367554619257 0.0154764924723 0.0308459371715 0.0258575206556 0.00941240913216 0.0273379515081 0.00667975961641 -0.00703880644289 0.019325796922 0.0535375741132 0.39474834966 0.0240111524071 0.0123672595145 0.0238789979402 0.0346885796625 0.00591078238745 -0.0204818018265 0.00891447723424 0.0113527784439 0.0170158091655 0.0104208489666 0.0248805651718 -0.0101698663495 0.0261129741077 0.0167964970413 0.0236464785159 0.0428692263158 
0.0163811787971 0.0387584526406 0.0249893515977 -0.00791032829153 0.0238757771554 0.0226426714112 -0.0145724280381 0.0234486191177 0.0217065447836 0.0280319599273 -0.0128091923151 0.0116548479298 0.000204937429279 0.015058010725 0.00793032791989 -0.00376141533779 0.0297871885734 -0.00677937964305 0.0303132085372 0.0152105328426 -0.00215970187651 0.00635887016434 0.0142994835529 0.0240111524071 0.367294186053 0.0110510696381 0.0188424210128 0.0320796258151 -0.00937557128231 0.0280616677854 -0.00178468088031 0.0117738819358 0.0203109747344 0.0115404370216 0.0100503288812 0.0696031205972 0.00256667961983 0.00242951382903 0.00726697999315 0.0169914662176 
0.0116275759313 0.00665373062938 0.00311440449058 0.0129368895784 0.00703686755922 0.030828924148 0.0233251336783 0.0122332485193 -0.00179062059959 0.043096862557 -0.0207863748138 0.034621636675 0.037691500144 0.00845809258261 -0.0186268137891 0.00917261940106 0.0226093636965 -0.0322635394656 0.0269673055108 0.111208880211 0.00648625769462 0.000640398258076 0.000978224495659 0.0123672595145 0.0110510696381 0.469005224958 0.0134349608935 0.0239903757071 -0.00200446454932 0.0101922776601 0.00818576264662 0.00804243222879 0.00311708891041 0.0118142992973 0.00478220175326 0.0264431773798 0.017677473981 -0.0119451747505 0.0319145788846 0.00984819837868 
0.0230939725966 0.0293595098858 0.00854832173412 0.00902713385261 0.0119482126341 0.00605219295477 0.00590612062072 0.0104875676536 0.000595648924627 0.000767010276331 -0.00788031260261 -0.000700730737473 0.0189037105485 0.0279557816357 0.0110704013941 0.00471733647221 0.01688701565 0.0316905569838 0.0109254993586 0.0288439785329 0.00471800065192 0.00637939725124 0.0185301260688 0.0238789979402 0.0188424210128 0.0134349608935 0.197685879681 0.0395810329403 0.0424936563218 0.00257467783456 -0.00405478086748 0.00666756705803 0.0330380789024 -0.0010290854364 0.0146091602368 0.0279101289938 0.0116895274757 0.00414077420919 0.00222814820829 0.0416841186517 
0.0151151564213 0.0386084451535 0.00898530104828 0.00165537710042 0.0223403919869 0.0439460827663 -0.00322833319365 0.0412800788427 0.0120906285585 0.0508601848555 -0.00235336166746 0.0278588751279 0.000334689182263 0.0195850360158 0.0174184708382 -0.0041465468321 0.00690168051245 0.00598778914516 -0.0103782588109 0.00880045918776 0.0141050170821 0.0194577260033 0.0575325378071 0.0346885796625 0.0320796258151 0.0239903757071 0.0395810329403 0.36746160278 0.0377245570237 0.000765548247086 0.00800489753157 0.0526218346444 0.03358820038 0.0102899433515 0.0238868526153 0.0268720382166 0.00841939300548 0.0315829123599 0.0201865886779 0.0387893177199 
0.000671972875649 -0.0143467775532 0.0271695799783 0.0153723925359 0.0206518440035 0.00166970650269 -0.0132673845088 0.0422456957586 -0.00870284539037 0.00512073360641 0.00611779877824 0.0470423812401 0.00793293154173 0.0424732336034 0.0519753775904 0.0579565095354 -0.00573626541504 0.00100904509249 0.0213312616787 0.00269065025471 0.020536488435 0.0159755448207 0.0135473145589 0.00591078238745 -0.00937557128231 -0.00200446454932 0.0424936563218 0.0377245570237 0.700287144942 0.0290075040275 0.00301865651966 0.0015099354686 -0.00444406896993 0.0127083804932 0.035201074302 0.0177355682556 -0.00582575246924 0.0153186769074 0.0113024862331 0.0809616572578 
0.00570498104041 0.0199670629447 -0.00337967757249 -0.00700870315772 -0.0172547130844 -0.00455676384448 -0.00769702691304 0.0301136793549 0.181735729602 -0.00621315633961 -0.0315027776921 0.0154931145833 -0.00984842363867 0.00439597033161 -0.0219798255701 0.00811235286546 -0.0161931707314 0.185254813571 -0.0167987008455 -0.0147221778471 -0.0265503892477 -0.0197361163446 0.0110454989628 -0.0204818018265 0.0280616677854 0.0101922776601 0.00257467783456 0.000765548247086 0.0290075040275 1.03543466283 -0.0106321874745 -0.0182283273718 -0.0354568414142 0.0168785804771 -0.000918578132341 -0.0264457255236 -0.0105742265195 -0.0269930442679 -0.0177734215947 0.00483290572056 
0.00429427063393 0.00797341194582 0.00276370813693 0.00817979282658 0.0037485397154 0.0138917132917 0.0259914845609 0.0123681387507 0.00434315021064 0.011927565227 0.0224136056409 0.0139701650659 -0.00428156393958 0.0191706087325 0.00256427262121 0.0294440399699 0.013822787672 0.0155527634859 0.0203026213672 0.00148880730104 0.0220904550992 0.042209285908 0.0355951318345 0.00891447723424 -0.00178468088031 0.00818576264662 -0.00405478086748 0.00800489753157 0.00301865651966 -0.0106321874745 0.1560257795 0.0260740332819 0.0512685705848 0.0149280684694 0.0203922182895 -0.00466669829073 0.00397464018831 0.0278103614985 0.0296594753588 0.0143558579456 
0.0156266371237 -0.010849424307 0.0147566670752 0.0121973049755 -0.00803529442434 0.00283937778181 0.00614520162371 -0.0107064156139 0.0648182660811 -0.00474417805485 0.00433992513965 0.0151066155508 0.00985707610222 -0.000861394289228 0.0104582766284 0.0745119130173 0.00252706621308 -0.0306257254869 0.0197832801685 0.00905034021208 0.00978276946423 0.0320884722484 0.037965182768 0.0113527784439 0.0117738819358 0.00804243222879 0.00666756705803 0.0526218346444 0.0015099354686 -0.0182283273718 0.0260740332819 0.492880100088 0.123701092183 0.0170853695174 0.0275984453992 0.0242749685204 0.044718678263 0.0699328375091 0.0179380192283 0.0489099036432 
0.0098355274078 0.0140294988158 -0.00313089598247 0.0134481803942 -0.00830344548703 0.0300760669639 0.0407730678094 0.00336622392426 0.00482061800517 -0.022532253537 -0.0215565031927 -0.000231654511685 0.0148089594113 0.00757398673007 -0.0158265332563 0.0143478662223 -0.00634834795713 -0.0151301790174 0.003797433567 -0.0253037041745 0.0229318309959 0.0354053364323 0.0165687080601 0.0170158091655 0.0203109747344 0.00311708891041 0.0330380789024 0.03358820038 -0.00444406896993 -0.0354568414142 0.0512685705848 0.123701092183 0.422105465439 -0.00922302024995 0.0129206795346 0.0468771585062 0.0109384616514 0.103775852715 0.000100230645092 0.042022164133 
0.00815103507748 0.0330216416207 -0.00817444659926 -0.0068960209193 -0.00196279023495 -0.000923805078039 -0.00515626666754 0.00285827832947 -0.0124652913744 -0.00215331423325 -0.0203144000475 0.00730600259778 -0.00112558022069 0.00711470585053 0.0099532098154 -0.0123317684581 0.00122505712435 0.00814568549648 0.0190540284815 0.0172391912904 -0.0027781311658 0.0131603647168 0.0229959317777 0.0104208489666 0.0115404370216 0.0118142992973 -0.0010290854364 0.0102899433515 0.0127083804932 0.0168785804771 0.0149280684694 0.0170853695174 -0.00922302024995 0.312188257744 0.00660169297058 0.0369021465688 0.0322184408777 0.010640158286 0.0111027158102 0.00188766047607 
0.0221548062943 0.00818668619996 -0.00265853119738 0.00109977151898 0.0126979317541 0.0339936319217 -0.000159161018264 0.0172478959383 0.0192731451152 0.00379621723115 -0.022138103705 0.0153648275132 0.0106568715627 0.0293519011349 0.00928258001869 0.0141661385265 0.00460201551008 0.0419493224578 0.0280387523494 0.0341111340393 -0.00210632082397 0.0176166946659 0.0172113034899 0.0248805651718 0.0100503288812 0.00478220175326 0.0146091602368 0.0238868526153 0.035201074302 -0.000918578132341 0.0203922182895 0.0275984453992 0.0129206795346 0.00660169297058 0.208490777913 0.00825479258885 0.00487905679363 0.00314637357323 0.0289031683038 0.0258657459317 
0.0129073603027 0.118319676864 0.0263708632917 0.00576268087948 0.00943383959016 0.0375611742893 0.0361433269302 0.022582458204 0.0757122917633 0.0139258150239 0.00954463284193 0.0030378061001 0.00486672984367 0.0408138047454 0.0258214484792 0.101420300127 0.011032264079 0.0962060390733 0.0907828806037 0.04101421454 0.0163853450103 0.00183629366028 0.0383224963057 -0.0101698663495 0.0696031205972 0.0264431773798 0.0279101289938 0.0268720382166 0.0177355682556 -0.0264457255236 -0.00466669829073 0.0242749685204 0.0468771585062 0.0369021465688 0.00825479258885 1.00301811894 -0.000262957806477 0.0274673567021 0.0100173911 0.0248101676742 
0.0218318520543 0.0216426717038 -0.00360411233994 0.0170508555543 0.00838038523748 0.0290494496163 -0.00393496324536 0.0206184643962 0.0028761020553 0.0215584337142 -0.0122980425909 0.0153739820428 0.0112200355075 0.00665360385733 -0.0136299998355 -0.01683748304 0.015199737219 0.0191938515185 0.0201242314431 0.0250060939435 0.00897911792391 0.0227940347028 0.00638911875607 0.0261129741077 0.00256667961983 0.017677473981 0.0116895274757 0.00841939300548 -0.00582575246924 -0.0105742265195 0.00397464018831 0.044718678263 0.0109384616514 0.0322184408777 0.00487905679363 -0.000262957806477 0.211614558444 0.0163425339255 0.00125561586556 0.0284296366132 
0.0114622780923 -0.00494239427225 0.0104566302695 -0.0050144624878 0.00169556363342 0.0250825705247 0.00739514961529 0.00433153182108 0.00658014980216 0.00591288976522 -0.0147826758689 0.0193023302094 0.00757797586429 0.00568634015789 0.0186261882986 0.0522432905138 -0.00955458890684 -0.0150322198736 0.0172095385961 0.016953015396 0.0688800147248 0.0396356385601 0.0128414428757 0.0167964970413 0.00242951382903 -0.0119451747505 0.00414077420919 0.0315829123599 0.0153186769074 -0.0269930442679 0.0278103614985 0.0699328375091 0.103775852715 0.010640158286 0.00314637357323 0.0274673567021 0.0163425339255 0.446752400167 0.0250760477273 0.0137668626939 
0.0177490549075 0.0117832821937 0.0153819267247 0.0115954235404 0.0126456196578 0.0236910371456 0.0199959735211 -0.00120817327942 0.0103258874037 0.024509886275 -0.000693362808584 0.0310294286551 0.0404918406185 0.0279961188257 0.0154052820544 0.0124393595757 0.0757937044026 -0.0194318624489 0.0233399006607 0.000961993763673 0.0212282355105 0.00945360836018 0.00465422208009 0.0236464785159 0.00726697999315 0.0319145788846 0.00222814820829 0.0201865886779 0.0113024862331 -0.0177734215947 0.0296594753588 0.0179380192283 0.000100230645092 0.0111027158102 0.0289031683038 0.0100173911 0.00125561586556 0.0250760477273 0.235857150652 0.024680239359 
0.0417708721355 0.013226863379 0.0294465900613 0.0214302638365 0.0109959525609 0.0216730277399 0.00555973066235 0.0186246032526 0.0283473014159 0.029312703456 0.000146332536624 0.0350581352549 -0.00312599365362 0.0483219687566 -0.00169990135461 0.0242322602681 0.018411599636 0.0134406922814 0.0140805879988 -0.00582417403475 0.0230495066068 0.0283665386325 0.0352639264059 0.0428692263158 0.0169914662176 0.00984819837868 0.0416841186517 0.0387893177199 0.0809616572578 0.00483290572056 0.0143558579456 0.0489099036432 0.042022164133 0.00188766047607 0.0258657459317 0.0248101676742 0.0284296366132 0.0137668626939 0.024680239359 0.225266849853 
0.0176636730152 0.00251382263159 0.00183811262796 -0.00016431842681 0.00127089049394 0.00209789575166 0.000265459874771 0.00366417689079 -0.000742540145503 0.000949913535135 0.000909790809767 0.0011746396921 -0.00132590385997 0.00178838238708 0.00161733107863 0.000263772582862 0.0014169743907 0.000333033901776 0.000740295230321 0.00111527746545 0.00111941626838 0.000807148667071 0.00090003009816 0.00257614599606 0.00141865169822 0.00100697761409 0.0019999966943 0.00130901094431 5.81945580966e-05 0.000494065850911 0.000371894745971 0.00135330647248 0.000851781659477 0.000705900344423 0.00191866250668 0.00111781019179 0.00189069384907 0.000992662401319 0.00153711324431 0.00361746364076 
0.00251382263159 0.0301701470842 0.000934791121944 0.00156427118236 0.000281932490885 0.00127965153489 0.00208037598834 0.00131388667677 0.000506451271896 0.00372019965589 -0.0026626484159 -2.03479461189e-05 0.00117510300472 0.00185841487666 0.00179903886465 4.72127361562e-05 0.00171952461369 0.00150741472947 -0.000215430952029 0.0029852416208 -0.0004083501722 0.00124072048571 0.00278609562167 0.00465377584967 0.00335658045981 0.000576229975498 0.00254260814037 0.00334358943036 -0.00124246738235 0.0017291983749 0.000690517729992 -0.000939587706628 0.00121499023768 0.00285975805182 0.000708987822198 0.0102467845932 0.00187431035012 -0.000428023899529 0.00102046217197 0.00114547996986 
0.00183811262796 0.000934791121944 0.0162420440967 0.00022883984009 0.00120370194556 0.00358924887705 0.00165780424222 0.00260098076145 0.00173650969849 0.000914869961994 0.00111237874653 0.00137710499055 0.000633892062941 0.00208624147699 0.000256815372277 0.00359258021227 0.00105286357716 -0.000632122818541 0.000340197531809 0.000648715501048 0.00266943700499 0.00199233197045 0.000505326450284 0.00273062164874 0.00216414133077 0.00026971534065 0.000740306378147 0.000778149896846 0.00235295464713 -0.000292688663438 0.000239344145523 0.00127796485623 -0.000271143545742 -0.000707927841684 -0.000230235555368 0.00228378375304 -0.000312125284448 0.000905570745135 0.00133211393027 0.00255014950479 
-0.00016431842681 0.00156427118236 0.00022883984009 0.0199925252285 0.00037390937904 0.00246855759302 0.000265020484254 -0.000351569616304 -0.00051235547382 0.00111485353458 0.00064256601149 0.00385152040588 0.00121344629084 0.0016407261296 -0.000372989050526 0.00249941769389 -2.41147752895e-05 0.00291520372222 -0.000307510054887 0.000525793460918 0.000802750898939 0.000916319024714 0.00102640415375 0.000762084992928 -0.000685054525274 0.00112036750209 0.000781772723972 0.000143359862181 0.0013312882453 -0.000606971498217 0.000708390838551 0.00105631759665 0.0011646465856 -0.000597212930115 9.52430073794e-05 0.000499062803554 0.00147664740663 -0.000434265190076 0.00100419313536 0.00185591528922 
0.00127089049394 0.000281932490885 0.00120370194556 0.00037390937904 0.0123283560502 0.00156824709791 0.000120313439929 0.00154580648333 0.000562333453679 0.00157040086498 -0.000831397775845 0.00173947565245 -6.1050207023e-05 0.00128025672422 0.000399366980356 0.0010897850123 0.000508747579949 0.00118860168225 0.00136394218563 0.00228449344378 0.00174438927586 0.000247844049158 0.000571878162906 0.00157613481104 0.00206770295517 0.000609410606935 0.00103474556709 0.00193473469911 0.0017885021542 -0.00149430198661 0.000324633062063 -0.000695876909836 -0.000719099473071 -0.000169982620577 0.00109967314746 0.00081699447403 0.000725762650916 0.000146840118027 0.00109514278702 0.000952277425658 
0.00209789575166 0.00127965153489 0.00358924887705 0.00246855759302 0.00156824709791 0.0231146373022 0.00178988216492 0.00201206920441 0.000616651015887 0.000168042259964 0.000853800328725 0.00248094532204 -0.000819049363398 0.00108397778665 0.000803648563694 -0.00210289344409 -4.44999187161e-05 0.000613371967038 0.00107025898902 -0.00020212038267 0.00185912806731 0.00132082546147 -0.00029351911982 0.00256847318155 0.00196091286516 0.00266986314835 0.000524135284743 0.00380584240725 0.000144600824819 -0.000394627324837 0.00120305766127 0.000245897328999 0.00260466380367 -8.00038665728e-05 0.00294393488111 0.00325289311305 0.00251575613337 0.00217221432666 0.00205170400101 0.00187693925997 
0.000265459874771 0.00208037598834 0.00165780424222 0.000265020484254 0.000120313439929 0.00178988216492 0.0345856670677 0.000774118307281 0.00247623564022 0.0012849527901 -0.00125675944927 0.000509805978594 -0.000202778380896 0.00126702006407 -0.000827543144417 -3.02915924679e-05 0.00239797344748 -0.000352159492535 -0.000530095963376 -0.000338303288503 1.58955810763e-05 -0.00106473262066 0.000229245486374 0.00174146374054 -0.00126200928759 0.00202001583121 0.000511485049536 -0.000279581855758 -0.00114898920264 -0.000666582084031 0.00225092859118 0.000532190071751 0.00353105125132 -0.000446545792277 -1.37837485109e-05 0.00313010392988 -0.000340777813344 0.000640438743163 0.00173170210426 0.000481486799179 
0.00366417689079 0.00131388667677 0.00260098076145 -0.000351569616304 0.00154580648333 0.00201206920441 0.000774118307281 0.0149775474316 0.000204427567721 0.00147308919012 0.00350883153412 0.00146511743476 0.00145013012225 0.00331424973558 0.00197352591808 0.000743607991502 0.0005299028219 0.000445166790493 0.00229568108077 0.00157379223665 0.00166630600253 0.00186168108942 0.00248016152269 0.00332252379243 0.00203070998396 0.00105943039885 0.000908250001193 0.0035749596948 0.00365858457275 0.00260792113227 0.00107111223556 -0.000927202790514 0.000291523543324 0.000247534164441 0.00149371160444 0.00195569824846 0.00178561139541 0.000375121659436 -0.000104630875215 0.00161293795521 
-0.000742540145503 0.000506451271896 0.00173650969849 -0.00051235547382 0.000562333453679 0.000616651015887 0.00247623564022 0.000204427567721 0.0373377941025 0.00188712658212 -0.00264582654139 0.000341132064948 0.00135713849318 0.00297767236832 -0.000858736504437 0.00690533498921 -0.000742381224972 -0.0027459077405 0.00289051416425 -0.000252080240053 0.00352964603451 0.00191142340334 0.00216051889362 -0.00099204346801 0.0018798419211 -0.000155072292778 5.15847100463e-05 0.00104707914794 -0.000753688519327 0.0157387758611 0.000376127841487 0.00561342650555 0.000417477765442 -0.00107952589958 0.00166910332806 0.00655687680458 0.000249077744376 0.000569857688938 0.000894248080821 0.00245494831549 
0.000949913535135 0.00372019965589 0.000914869961994 0.00111485353458 0.00157040086498 0.000168042259964 0.0012849527901 0.00147308919012 0.00188712658212 0.069821189881 -0.00124875033796 0.00431303872358 -1.86038817255e-05 0.00212782643424 0.00111168446278 0.00170022251875 0.00147868453892 0.00105398403205 0.00150931682519 0.00195450523614 0.00174733428728 0.00065515308934 0.00366079697526 0.000245871791846 0.00242763894149 0.00373229777978 6.64250384267e-05 0.0044046212126 0.000443468538916 -0.000538075122779 0.00103295744919 -0.000410857871558 -0.00195135039676 -0.000186482482833 0.000328762056046 0.00120601095791 0.00186701512623 0.000512071274646 0.0021226184158 0.00253855458465 
0.000909790809767 -0.0026626484159 0.00111237874653 0.00064256601149 -0.000831397775845 0.000853800328725 -0.00125675944927 0.00350883153412 -0.00264582654139 -0.00124875033796 0.119004564085 -0.00173604400749 0.0014844573298 -0.000277011760837 0.000463372810054 -0.000151922253424 0.0010144930513 0.00196735305089 -0.000596008037841 0.00147931660095 -0.000833666824924 -0.000162166311751 -0.00178546653726 0.00246872537801 -0.00110930859468 -0.00180015286414 -0.000682455090362 -0.000203807098831 0.000529816915719 -0.00272822057711 0.00194107518754 0.000375848542146 -0.00186684793817 -0.00175927865038 -0.00191721602002 0.00082658945109 -0.00106504173006 -0.00128021728384 -6.00469806273e-05 1.26727694117e-05 
0.0011746396921 -2.03479461189e-05 0.00137710499055 0.00385152040588 0.00173947565245 0.00248094532204 0.000509805978594 0.00146511743476 0.000341132064948 0.00431303872358 -0.00173604400749 0.0180406460593 0.000783712568426 0.00177818396473 0.0012404358822 0.000929695781315 0.00108137346351 0.00053976494571 -0.000901882562317 0.000265701977333 0.000581761872099 0.00105030519411 0.00132766323778 0.0003307206646 0.00100933943844 0.00299832168811 -6.06850619864e-05 0.00241264935816 0.00407398972084 0.00134174308129 0.00120985178422 0.00130827128322 -2.00618692021e-05 0.000632718384979 0.00133063309512 0.000263081725446 0.00133142590064 0.00167163083136 0.00268722734803 0.00303612357401 
-0.00132590385997 0.00117510300472 0.000633892062941 0.00121344629084 -6.1050207023e-05 -0.000819049363398 -0.000202778380896 0.00145013012225 0.00135713849318 -1.86038817255e-05 0.0014844573298 0.000783712568426 0.0323094759577 0.00083029528812 -5.12983039693e-05 0.00331095907625 0.00271756573082 0.00207560459242 0.00124004199498 0.00161072666527 -0.00147939198611 0.000370629199053 0.00206859570016 0.00011458851157 1.77481019942e-05 0.00326417966314 0.00163710935608 2.89849334212e-05 0.000687012024162 -0.000852898505832 -0.000370794313961 0.000853647831156 0.00128249350538 -9.74781065114e-05 0.000922912149812 0.000421471167797 0.000971683578086 0.000656271960774 0.00350669626216 -0.00027071899161 
0.00178838238708 0.00185841487666 0.00208624147699 0.0016407261296 0.00128025672422 0.00108397778665 0.00126702006407 0.00331424973558 0.00297767236832 0.00212782643424 -0.000277011760837 0.00177818396473 0.00083029528812 0.0112899054298 4.03558413679e-05 0.000849030994779 0.00161165035373 0.000675593905096 0.00242028527074 0.00137222152424 0.000668194454553 0.00157199475535 0.00177166715309 0.00318311637555 0.00130406198183 0.00073249230441 0.00242104170792 0.00169611387237 0.00367828992814 0.000380702198145 0.00166022341683 -7.45989337146e-05 0.000655926491617 0.000616151600701 0.00254194920322 0.00353457917346 0.000576218996717 0.000492451503129 0.00242453501105 0.00418480525041 
0.00161733107863 0.00179903886465 0.000256815372277 -0.000372989050526 0.000399366980356 0.000803648563694 -0.000827543144417 0.00197352591808 -0.000858736504437 0.00111168446278 0.000463372810054 0.0012404358822 -5.12983039693e-05 4.03558413679e-05 0.0345759793146 0.00350778437417 0.00104200161538 -0.00202196736189 0.000400997845707 0.00206822108331 0.00302925931635 0.00167638051199 0.000747466802178 0.00134030356425 0.000686786543896 -0.00161312939329 0.00095872488374 0.0015084838241 0.00450119973646 -0.00190350873144 0.00022207252322 0.000905713324 -0.00137061798538 0.000861973254934 0.000803895010885 0.00223620303455 -0.00118039261112 0.00161307522422 0.00133413656116 -0.000147215775702 
0.000263772582862 4.72127361562e-05 0.00359258021227 0.00249941769389 0.0010897850123 -0.00210289344409 -3.02915924679e-05 0.000743607991502 0.00690533498921 0.00170022251875 -0.000151922253424 0.000929695781315 0.00331095907625 0.000849030994779 0.00350778437417 0.0373874758618 0.00159980027212 0.00147159249986 0.00699458651116 0.00374626462382 0.00303886326661 0.00328636092581 0.00408539593925 0.00267133651941 -0.000325748123671 0.000794372142057 0.000408533322313 -0.000359101489458 0.00501918095723 0.000702550366595 0.0025499286604 0.00645292095576 0.00124256166386 -0.00106796247583 0.00122682358374 0.00878325563691 -0.00145816880484 0.00452440167622 0.00107728013994 0.00209857529833 
0.0014169743907 0.00171952461369 0.00105286357716 -2.41147752895e-05 0.000508747579949 -4.44999187162e-05 0.00239797344748 0.0005299028219 -0.000742381224972 0.00147868453892 0.0010144930513 0.00108137346351 0.00271756573082 0.00161165035373 0.00104200161538 0.00159980027212 0.0187621724483 0.000322901865268 0.000807060368467 3.20988661857e-05 -0.000379647596165 0.000417885208591 0.000807251051004 0.00223932697666 0.00257964620119 0.00195802833246 0.0014624584547 0.000597703065258 -0.000496775157227 -0.00140236972212 0.0011970885275 0.000218850353757 -0.000549783060294 0.000106093059077 0.000398546234034 0.000955422095367 0.00131633585625 -0.000827451671604 0.00656392734596 0.00159449130091 
0.000333033901776 0.00150741472947 -0.000632122818541 0.00291520372222 0.00118860168225 0.000613371967038 -0.000352159492535 0.000445166790493 -0.0027459077405 0.00105398403205 0.00196735305089 0.00053976494571 0.00207560459242 0.000675593905096 -0.00202196736189 0.00147159249986 0.000322901865268 0.103046398114 -0.00192989991591 0.00075083008179 2.01125389256e-05 0.00213314475737 0.00392310506342 0.000815138541926 -0.000587111499278 -0.00279410447932 0.0027444827408 0.000518557751222 8.73858683661e-05 0.0160435374726 0.00134690882778 -0.00265226562809 -0.00131031193929 0.000705437057119 0.003632917892 0.00833168738349 0.00166223630115 -0.00130182842858 -0.00168284865236 0.00116399809601 
