50
0.0166595463284 0.0521298167044 0.070293401022 0.201678989994 0.112278324126 0.065309734793 0.0495038718221 0.135547989167 0.0150252709272 0.0616353203302 0.10004428458 0.0538940625226 0.0716337087719 0.102864057578 0.0431194173031 0.110578936942 0.0916953774684 0.0994766710856 0.00643120824938 0.0979044774238 0.103848753038 0.0444525953717 0.0407864154506 0.0810581507116 0.0797862135264 0.0755027876102 0.0801839086902 0.0842142990337 0.105790735219 0.112605751981 0.143358946574 0.0896854693356 0.142595623168 0.424855775916 0.165275344352 0.0695206157777 0.0617018630506 0.134581744136 0.0373342989671 0.101670797752 0.0275413533974 0.0277880817415 0.142251168296 0.0268374832388 0.0914492870129 0.114977551813 0.00859756350963 0.0917148498368 0.00787829448736 0.0506132512338 
0.196592464889 0.00852451514976 0.00984314148789 0.0166633816112 0.0245580463483 0.00593180567052 -0.00242169013525 0.0218554763063 0.00235223508864 0.00115593684092 0.0145449652228 0.0338188022601 0.0152376037032 0.0038196348298 -0.00408661618939 0.0115299200381 0.0477800529925 -0.00354954387915 0.00981529081756 -0.00101702252152 0.014659129786 0.0326165707149 0.021277367466 0.0210268066496 0.0128749700127 0.000835861610312 0.0391453152283 0.0189049462774 0.050537147893 0.059120528017 0.00618397883825 0.0177418101328 0.0219523367354 -0.0113280253213 -0.0140460132874 -0.000714872621749 0.0166912382568 0.00893721642713 0.0359829205248 0.0227528439959 0.0156650380191 0.0197220727458 0.00658898924628 0.00467922176205 0.0323199066659 0.00942907124661 0.0125877784081 0.0104109032139 0.0214971187869 0.0206057534592 
0.00852451514975 0.142704178335 0.0123274274656 0.0120901996545 0.002529884919 0.012157202527 0.00849141479879 -0.00243394159584 0.0302901908741 0.0212122496831 0.030632997659 0.00347336456672 0.00614412920607 -0.0213584827701 0.0130120941375 0.0152523362852 0.0259690216802 0.000139600645726 0.0209974225037 0.0144403117464 -0.00445097490762 0.00744949065543 0.0212454107276 0.0206765295085 0.0349750506025 0.0166477741428 0.0197484086115 7.68780749752e-05 0.0256842103549 0.00514004491097 0.00687960168232 0.0146898431783 0.0247884264632 0.0071881413534 0.00197435360913 0.0046317643625 0.00485098506618 0.0438193178719 0.00363399612039 -0.0126405199831 0.0188508510501 0.0284235044767 0.0119695955424 0.0253543214298 0.0137921571132 0.0233289427179 0.0087836532359 0.0362875220882 0.0235868136404 0.0417598893665 
0.00984314148789 0.0123274274656 0.311901112212 0.00239803963829 0.0192686484222 0.0127440676322 -0.00571731131917 -0.00239407815935 -0.000680531081124 0.0307383814874 0.0174318250355 -0.00693495105453 0.0151987425802 0.0218653649851 0.0209529316558 -0.0422993758217 0.0188813676854 0.0738092212511 0.0094097181291 0.0279872014617 0.0227012296337 0.0332446879711 0.00985236367701 0.0135871427537 0.0111643230612 0.0200911380601 0.000650879567754 0.0196326686762 0.0101433385695 0.0304964903617 0.0615404083033 -0.0192685517033 0.0306075003399 -0.0284134764917 0.0026230165792 -0.00708743036392 0.0426097802967 -0.0205778274608 -0.00639384825061 0.0130088402586 0.035232801109 0.00156367171887 0.0163475556561 0.030056759532 0.0448232465215 0.0187325323684 -0.0104462149104 0.0198388374097 0.00364897328953 0.00933606534027 
0.0166633816112 0.0120901996545 0.00239803963829 1.2349191499 -0.0190719582933 0.0781901231936 0.00850372418885 0.059920675453 0.0210674743326 0.0643303880746 0.009577577753 0.00486459264427 -0.00509796172461 0.0249420984516 0.0194689442597 0.0248307270195 0.00681344140291 0.00725541918098 0.0099826867618 0.00748882003748 -0.0180030243535 -0.00387010855068 0.0216594678075 0.0319812511557 0.00959805356184 0.0477859325143 0.0121636744707 0.0088422829996 -0.0343200154654 -0.0153589851324 0.037306520681 0.0290106618857 0.028265597041 -0.00783623422583 0.00366312766691 0.00063792445635 0.0256224417842 0.00127986992056 0.0613367086902 0.0179580281348 -0.0195514060451 0.0074634715861 0.00671962854086 0.0120487339147 0.000674665207689 -0.0512373368817 0.0207927078224 0.0372275187337 0.0125432974799 0.0150335802413 
0.0245580463483 0.00252988491901 0.0192686484222 -0.0190719582933 0.243512902894 0.0319135878829 0.0232020727387 0.0348749702486 0.0199784407692 0.0201513532966 0.0381425268435 0.0256852590416 0.0106013657328 0.0547934327702 0.0293845873132 -0.00147131756147 0.0358831956566 -0.00730935238938 0.0314353504026 0.0345249261005 0.0149979974691 -0.00746503834932 0.0256045484248 -0.00342489925157 0.0180329653246 -0.0236727743517 0.0484671491661 0.0207538322957 0.0191753579858 -0.00191388151281 -0.00242871396653 0.0159430999444 0.0159113346742 -0.0116277888038 -0.00515049382665 -0.00396654657112 0.0122576797328 0.0256523775793 0.0163085840906 0.0383824669952 0.00516624431633 0.0227214171616 0.00656170801457 0.00147852329335 0.0200186071581 0.00931812677377 0.0345652320698 0.0125175989703 -0.0186036179965 0.0296109243598 
0.00593180567052 0.012157202527 0.0127440676322 0.0781901231936 0.0319135878829 0.294053974206 -0.00239366739226 0.0200788297375 0.0302233397968 0.025716279855 0.0124173382169 0.029740213898 0.00143466498882 -0.0332492673567 0.0255383208753 -0.00591989300301 0.00848466532957 -0.000382688214668 -0.0113892619559 -0.0115770077472 0.0165908592503 0.0263356084923 0.0201349373565 0.0209005547012 0.0121737710422 0.00803335336429 0.0370099754997 0.0570453870137 -0.00739830939262 0.00236151546588 0.0201591094637 0.00496214809417 0.0193623323625 0.0123685849821 -0.0525042689338 -0.00927139669869 -0.00527623079198 0.040671181354 0.0177320031189 -0.00699918866723 0.00807700449077 -0.00472797225157 0.00610268958075 0.00612339436511 0.0514619066365 0.0136931419467 0.011911214148 0.0211743620519 0.00312368013475 0.0035441081885 
-0.00242169013525 0.00849141479879 -0.00571731131917 0.00850372418885 0.0232020727387 -0.00239366739226 0.30917265826 0.0382078816766 -0.000107808674026 0.0381814082743 0.0236309998389 0.0102406027791 0.0182576109742 0.0607251325471 0.0170952367721 0.0109941746436 0.00938044548523 -0.00982929237856 0.0263101884911 0.0230424082281 0.0196608153132 -0.00765487873531 0.0199048399659 0.0104737325268 -0.00997926668562 0.0219967838519 -0.0192548655907 0.0168827471114 0.0396199086545 0.0149383855625 0.0219030259118 0.00897538127008 0.0647881177853 -0.00370869748201 -0.0113098867697 0.0126027271423 0.00548751479043 -0.018324461729 0.00284335624369 0.0290694353856 0.00739858384408 0.00542818147486 0.00666862576665 0.0090642204554 -0.0100565957413 -0.00481804542457 -0.020931752338 0.0221172713698 0.0134262316897 -0.00342702380796 
0.0218554763063 -0.00243394159584 -0.00239407815934 0.059920675453 0.0348749702486 0.0200788297375 0.0382078816766 0.450978950775 0.00372302289317 0.0196540148893 -0.0256144357177 0.0319441758792 0.0168012102134 0.111923288165 0.00338421406015 0.0318980563993 -0.0158297746157 0.0159285210596 0.0315839055429 0.0240965249045 0.0292029617424 -0.0113441811377 0.0190214774268 -0.00681779289763 0.00937923064904 0.020317592921 0.141617938534 0.0331113701561 0.00027896431787 0.0192419150252 0.00266974019246 -0.00640073323971 0.0688495538532 0.0178686321291 -0.000196334585748 0.0169735111071 -0.0069851047479 0.00482860290197 -0.000279954470434 -0.0236725993773 0.00448002991278 0.00479317896417 0.00352447802656 -0.00310155833243 -0.00532156144029 -0.00875293923204 -0.0102577464348 0.00403022559014 -0.00885008108586 0.0202123689185 
0.00235223508865 0.0302901908741 -0.000680531081123 0.0210674743326 0.0199784407693 0.0302233397968 -0.000107808674026 0.00372302289318 0.164593275348 0.0331190115059 0.0258920064876 -0.00590300587868 -0.000674460702592 -0.00404737666268 0.0178623658251 0.0218036222053 0.0342127270111 0.00629268189496 0.0304546415489 0.0112708245118 -0.0193865045103 0.00551974535621 0.0219804544827 0.0164820359137 0.0374358482452 0.00956453667069 0.0290118682866 0.0146815463438 0.0222604354506 -0.0102417062344 0.030302947359 0.0210947648895 0.0260884112048 0.0217393673863 0.0400516649641 0.017982916492 0.0213403216815 0.0312866278317 0.0199934185787 0.021163814931 0.0123710163773 0.0254250006754 0.0136148561439 -0.00504005873314 0.0338326382773 0.00203915877307 0.0213821351344 0.015323455827 0.00430428528398 0.0330324091663 
0.00115593684093 0.0212122496831 0.0307383814874 0.0643303880746 0.0201513532966 0.025716279855 0.0381814082743 0.0196540148893 0.0331190115059 0.253721007039 0.0714446276199 0.0298837897548 0.0122221272678 -0.0171438223423 0.0201965427292 -0.00452276775316 0.0281855472879 -0.000149346639124 0.012354215431 0.000886100768585 -0.00760607910062 0.0202869272496 0.0298867328008 0.0365602848999 0.0120541677851 -0.0173170871206 0.0335484236788 -0.000788423452478 0.0234341822821 -0.0114015125925 0.00550195095467 0.0107664343655 0.0583845239887 0.049980402076 -0.012741383229 -0.0030552826264 -0.000938149988432 0.0337033168154 0.00861894942933 -0.0100323688552 0.0210739358976 0.0217685047588 0.0511026214447 0.00953253532088 0.0253576187328 -0.00584161546469 0.0204045878025 0.0179877174895 0.0195069816093 0.0117821396004 
0.0145449652228 0.030632997659 0.0174318250355 0.009577577753 0.0381425268435 0.0124173382169 0.0236309998389 -0.0256144357177 0.0258920064876 0.0714446276199 0.489798870318 -0.00158951671483 -0.0105562926232 0.0136595100453 0.0278284871192 0.0165621521659 0.0156555564941 0.00516860649908 0.0182445293896 -0.0100949704913 0.0397805619329 0.0186226995392 0.0346967925653 0.0437587458448 0.0167950602186 0.00981307566213 -0.0244874259252 -0.0367678193704 0.00203741922142 0.075021046752 0.0349053965196 0.024736535192 0.0903230825194 0.0132871286374 -0.0388317439432 -0.0228808108147 0.0674506487245 0.0677875693673 0.0252456529447 0.0153397667069 0.0333489751838 0.0166064854547 0.0300192111041 0.0214918076688 0.0551327768391 0.0282893811122 0.0215718118766 0.0368260058826 0.00149573678048 0.0140828341266 
0.0338188022601 0.00347336456672 -0.00693495105453 0.00486459264427 0.0256852590416 0.029740213898 0.0102406027791 0.0319441758792 -0.00590300587868 0.0298837897548 -0.00158951671483 0.415857003858 -0.00637280767637 0.0339399120275 0.0210139474748 -0.0036672128244 0.00823919806266 0.00530377891424 0.01645555935 -0.026267266354 -0.00508567250858 0.0173025283232 0.0184649479759 0.0383933454848 -0.00578392869769 -0.0251710931158 0.0429261461883 -0.0114980122648 0.0168642581195 0.00578547526889 -0.0231271262634 0.0149803607788 0.0269700047164 0.00775346414877 -0.0226228842929 -0.00190840563565 0.0115218257588 0.020789904436 0.00480987970643 0.0184696944377 0.0182294283969 0.00178275048118 0.0186645962533 -0.000529532508932 0.00927534214913 0.0173843390318 0.0113390064684 0.00581227017425 -0.000483784677856 0.00426456836784 
0.0152376037032 0.00614412920607 0.0151987425802 -0.00509796172461 0.0106013657328 0.00143466498882 0.0182576109742 0.0168012102134 -0.00067446070259 0.0122221272678 -0.0105562926232 -0.00637280767637 0.178787163955 0.00931943660089 0.00608748706167 -0.00817709557247 0.0242048643501 0.00742219061694 0.0149939124396 -0.00256188150148 0.0137446273381 0.00842242777266 0.00830601446753 0.00813203572681 0.019502045266 0.00351930934793 0.00211427166729 0.00359444330456 0.00643106164014 -0.00436507580194 0.0194217918614 -0.000564363315595 0.00471718087706 -0.0093684686359 -0.018028217797 0.0334222523739 0.00680847114374 0.0172674199242 0.0180932750944 0.009357243867 0.00270982056972 0.00877841757279 0.00136344403567 0.00958780335109 0.0386193514184 -0.00927065434384 0.00181138777734 0.0231081431778 0.0147896667149 0.0143379934956 
0.0038196348298 -0.0213584827701 0.0218653649851 0.0249420984516 0.0547934327702 -0.0332492673567 0.0607251325471 0.111923288165 -0.00404737666268 -0.0171438223423 0.0136595100453 0.0339399120275 0.00931943660089 0.598348226362 0.0329230454978 0.00340495152721 -0.00108615456347 -0.00647513269739 0.0495322267485 0.01720731976 -0.0176853694879 -0.00580675318814 0.0594123745091 -0.00237420832287 0.0148463352718 0.0213197610237 -0.0151618774049 0.0139489150498 0.0129245570678 0.0663120477319 -0.000863005282043 0.0121105645352 0.0236903727049 0.0161226450533 -0.00627688801304 -0.0168668562931 0.000290553026165 0.0294763920965 0.0274746254237 0.00614619945789 -0.0117363121386 -0.00489519384083 -0.00523869330376 0.0164904113827 0.0140230648155 0.0273648433985 -0.0031742677237 0.0297412379498 -0.0160202805835 -0.00654151436692 
-0.0040866161894 0.0130120941375 0.0209529316558 0.0194689442597 0.0293845873132 0.0255383208753 0.0170952367721 0.00338421406014 0.0178623658251 0.0201965427292 0.0278284871192 0.0210139474748 0.00608748706167 0.0329230454978 0.168901932311 3.31417561137e-05 0.0126841354154 0.00979223217692 0.0167550135202 0.000877536155053 0.00538314495264 0.00358221159014 0.0310655669071 0.0269266418779 0.0144792595951 0.0132284104002 0.0149094929804 -0.00955937491648 0.0306727750244 0.013063947714 0.0172802679575 0.0102356069824 0.0260588957301 0.00235050822983 0.00600681397089 0.00519175637793 0.0284329293477 0.0184713191186 -0.00465454516828 -0.0227832635577 0.0014370351761 0.00310096155971 0.0271772282524 0.0206568149662 0.0210760553902 -0.0101345031461 0.0236882657464 0.0208928616338 0.00370228098356 0.004438328744 
0.0115299200381 0.0152523362852 -0.0422993758217 0.0248307270195 -0.00147131756147 -0.00591989300301 0.0109941746436 0.0318980563993 0.0218036222053 -0.00452276775316 0.0165621521659 -0.0036672128244 -0.00817709557247 0.00340495152722 3.31417561137e-05 0.828218286341 0.0580145177592 0.00944947006877 0.0102037523889 0.0250389219764 0.0296867855106 0.00862068225821 -0.000480577502143 0.00755818944163 0.0384204586203 -0.00231638549593 0.00367757339484 0.107055556034 0.00964764136073 0.0372839578052 -0.0205494685018 0.026797629743 0.0738163066144 -0.0304589853234 -0.02403825833 0.0829821761387 0.0306058930063 0.000915040592094 0.00415228614328 0.0230123961276 -0.00487342237891 0.0036099184498 0.0190134959373 -0.00979851748511 0.0403028628015 0.0312781614551 0.00897425207629 -0.00436898971308 0.0138666205582 0.0147988979619 
0.0477800529925 0.0259690216802 0.0188813676854 0.00681344140291 0.0358831956566 0.00848466532957 0.00938044548523 -0.0158297746157 0.0342127270111 0.0281855472879 0.0156555564941 0.00823919806266 0.0242048643501 -0.00108615456347 0.0126841354154 0.0580145177592 0.460896229822 0.0369352085885 0.0268322040093 0.062998133417 0.0340487417026 0.040080789727 0.0145988640943 0.0179936748491 0.024107480117 0.0143852097327 0.0065126677554 0.0201402702347 0.0242985843635 0.0646214585791 0.0306657908739 0.0585444703254 0.0486665052112 -0.0014321456109 0.0172510227296 0.00318694825046 0.0143084186376 0.0373662344736 0.0168841488485 0.0499751656822 0.0590106106303 0.0337462024727 0.0211058174763 0.00255882848557 0.242426272006 0.00697174016044 0.0108673814941 0.0294551642733 0.0414009203501 0.0317744064119 
-0.00354954387915 0.000139600645724 0.0738092212511 0.00725541918098 -0.00730935238938 -0.000382688214667 -0.00982929237856 0.0159285210596 0.00629268189496 -0.000149346639121 0.00516860649908 0.00530377891423 0.00742219061694 -0.00647513269739 0.00979223217691 0.00944947006877 0.0369352085885 0.425817082417 0.0151547206423 0.00538052959583 0.0210904159709 0.0309637205849 0.00801957457453 -0.0273167784977 0.00442437383015 0.0102059514003 -0.00894963976537 0.0108640067204 0.0201002334488 0.0138360643645 0.0621205735227 0.0019066435319 0.00235227714043 0.0203205157939 0.0111158002163 0.032061581571 0.0686176875337 -0.00221557214086 0.0121942416276 0.0663849563927 0.0354199330813 -0.0144603252607 1.85231753412e-05 0.0095496252488 0.0198910995095 0.00646099381713 0.0121182502653 0.0255461734776 0.0105908718059 0.010907204462 
0.00981529081756 0.0209974225037 0.00940971812909 0.0099826867618 0.0314353504026 -0.0113892619559 0.0263101884911 0.0315839055429 0.0304546415489 0.012354215431 0.0182445293896 0.01645555935 0.0149939124396 0.0495322267485 0.0167550135202 0.0102037523889 0.0268322040093 0.0151547206423 0.195437259708 0.0143367800378 0.0030336868702 0.000782762951177 0.029872858347 0.0204023433854 0.0173614586555 0.0329621642149 0.0220828863157 0.00807286525214 0.0209278156264 0.0233608241042 0.0208593784531 0.00905957612874 0.0129388177579 -0.0002851526852 0.0072904353823 0.00876754989204 0.00428571546914 0.000225238751715 0.023850968466 -0.0169683534074 0.0203443725942 0.0455751413746 0.0140656701626 0.0172969679887 0.021329004211 0.00354613297414 0.0248125576854 0.0121010306915 0.00957562625026 0.0233739576457 
-0.00101702252152 0.0144403117464 0.0279872014617 0.00748882003748 0.0345249261005 -0.0115770077472 0.0230424082281 0.0240965249045 0.0112708245118 0.000886100768586 -0.0100949704913 -0.026267266354 -0.00256188150148 0.01720731976 0.000877536155051 0.0250389219764 0.062998133417 0.00538052959583 0.0143367800378 0.50652371315 0.00226699331836 0.0103776172004 0.00468884555469 0.00404200165329 0.0395514758583 0.0512444452389 -0.00886923353296 0.0219625464176 -0.0111318865822 -0.0231521753805 0.00289351088355 0.0122874137044 0.0295189358741 0.0702882872346 -0.00479872415445 0.0304153275014 -0.00905681564612 0.0190857880322 -0.00802416913371 0.00855160052483 0.0181107880753 0.0101814452653 -0.00914081466472 0.00421371926895 0.049439977441 -0.0211130102919 0.0158036594994 0.00481260706578 0.000612515744608 0.0335451023209 
0.014659129786 -0.00445097490762 0.0227012296337 -0.0180030243535 0.0149979974691 0.0165908592503 0.0196608153132 0.0292029617423 -0.0193865045103 -0.00760607910061 0.0397805619329 -0.00508567250858 0.0137446273381 -0.0176853694879 0.00538314495263 0.0296867855106 0.0340487417026 0.0210904159709 0.0030336868702 0.00226699331836 0.326195086739 0.0228334536357 -0.0212125171997 0.00538777159156 -0.00932489194124 -0.00263608325433 -0.00760500685167 0.0148538272707 0.0091864152435 0.0252045980308 -0.0207406946572 0.0157206680064 0.0150545666771 0.00492607048742 -0.0268070626748 0.126969870713 -0.0259009812026 -0.00787544207754 0.0136435454412 0.0129961435447 0.00604304558043 -0.00672555292146 0.0318917292044 0.0128117915547 0.0309638603501 0.00140173135411 -0.00788552971738 0.0148856784981 0.0226058761852 -0.0132377489293 
0.0326165707149 0.00744949065543 0.0332446879711 -0.00387010855068 -0.00746503834932 0.0263356084924 -0.00765487873531 -0.0113441811377 0.00551974535621 0.0202869272496 0.0186226995392 0.0173025283232 0.00842242777266 -0.00580675318815 0.00358221159014 0.00862068225821 0.040080789727 0.0309637205849 0.000782762951171 0.0103776172004 0.0228334536357 0.220682983319 0.0109670996572 0.0134435474111 0.003062954244 -0.0175715803537 0.00089522953161 0.0479811436731 0.00390730003542 0.148392203615 0.0466857070016 0.0229225237602 0.00195605905524 -0.0133182845994 0.0047708496805 0.000791678861094 0.0114387354501 -0.00580713993593 0.0312050156976 0.0127544545655 0.0179675191089 0.013685097037 -0.0136115805464 0.00957073910263 0.0451421984345 0.00671237471977 -0.01938330074 0.0138509329425 -0.00344142938437 0.021028199163 
0.021277367466 0.0212454107276 0.00985236367701 0.0216594678075 0.0256045484248 0.0201349373565 0.0199048399659 0.0190214774268 0.0219804544827 0.0298867328008 0.0346967925653 0.0184649479759 0.00830601446753 0.0594123745091 0.0310655669071 -0.000480577502144 0.0145988640943 0.00801957457453 0.029872858347 0.00468884555468 -0.0212125171997 0.0109670996572 0.205994105547 0.0203175036063 0.0331560444653 0.0341533798001 0.0203153859955 0.0187401628546 0.0150456750532 0.0161213469352 0.0404754061231 0.0191213733832 0.0321863713002 0.0175103438751 0.0155578038248 -0.0110756611523 0.0204502284211 0.0336949152474 0.0248252608792 0.0171610464722 0.0124511297064 0.0131223053982 -0.000618266119887 0.0126140154885 0.0133376123249 0.029396021079 0.0216901715316 0.0254738084787 0.0013703793243 0.0144488724635 
0.0210268066496 0.0206765295085 0.0135871427537 0.0319812511557 -0.00342489925157 0.0209005547012 0.0104737325268 -0.00681779289763 0.0164820359137 0.0365602848999 0.0437587458448 0.0383933454848 0.00813203572681 -0.00237420832287 0.0269266418779 0.00755818944163 0.0179936748491 -0.0273167784977 0.0204023433854 0.00404200165329 0.00538777159156 0.0134435474111 0.0203175036063 0.200012439013 0.0226405363808 0.0281652588707 -0.0107526078565 0.0227399599191 0.047797275091 0.0518310936595 0.0282069844348 0.0286755802223 0.0338913857366 -0.00525484853407 0.0124660134841 0.0219802075072 0.0159953853203 0.0157817622589 0.0280002923058 -0.00150033406403 0.013022095348 0.00195375567386 0.0392556140354 0.0137430604828 0.0318028644588 0.017449991377 0.0283003304968 0.0236142248035 0.0102783815321 0.0133556426744 
0.0128749700127 0.0349750506025 0.0111643230612 0.00959805356184 0.0180329653246 0.0121737710422 -0.00997926668561 0.00937923064904 0.0374358482452 0.0120541677851 0.0167950602186 -0.00578392869769 0.019502045266 0.0148463352718 0.0144792595951 0.0384204586203 0.024107480117 0.00442437383015 0.0173614586555 0.0395514758583 -0.00932489194124 0.003062954244 0.0331560444653 0.0226405363808 0.213271749185 0.0206586693056 0.0254735663194 0.00998319076666 0.0113386934625 -0.00547983345075 -0.0135484594035 0.0251480501431 0.0272586900455 0.0164546248434 0.0015101767475 0.087450099786 0.0275829263282 0.0240076480893 0.0231953276353 -0.00140587401797 0.00523862196048 0.0258899521397 0.0176469887783 0.000512924980234 0.0465548628505 -0.0117204622825 0.0120398872118 0.0163803258243 0.00921367323897 0.0305684292474 
0.000835861610312 0.0166477741428 0.0200911380601 0.0477859325143 -0.0236727743517 0.00803335336429 0.0219967838519 0.020317592921 0.00956453667069 -0.0173170871206 0.00981307566213 -0.0251710931158 0.00351930934793 0.0213197610237 0.0132284104002 -0.00231638549593 0.0143852097327 0.0102059514003 0.0329621642149 0.0512444452389 -0.00263608325433 -0.0175715803537 0.0341533798001 0.0281652588707 0.0206586693056 0.707115577649 0.00304766521607 0.034318424376 -0.0381086311601 -0.0128834650688 0.17596666471 -0.0176177185876 0.011441626199 0.00883614460551 0.0117312317137 0.0247835847738 -0.00559501932103 0.00940603271214 -0.0101516227156 0.024250567304 0.0123534255099 0.0194272544034 0.0164752886839 0.00846274324638 0.0391945651262 0.01605037755 -0.0303044240534 0.0216113694991 -0.0136431362997 0.001920353267 
0.0391453152283 0.0197484086115 0.000650879567754 0.0121636744707 0.0484671491661 0.0370099754997 -0.0192548655907 0.141617938534 0.0290118682866 0.0335484236788 -0.0244874259252 0.0429261461883 0.00211427166729 -0.0151618774049 0.0149094929804 0.00367757339484 0.0065126677554 -0.00894963976537 0.0220828863157 -0.00886923353296 -0.00760500685167 0.000895229531612 0.0203153859955 -0.0107526078565 0.0254735663194 0.00304766521607 0.548452296124 0.0122967424065 0.0378451254991 0.00640370766088 0.0321163598433 0.00485466288789 0.0375212419726 -0.0193659241886 -0.000595912710002 -0.0173464077742 0.0308625048683 0.00964402912643 -0.0182830358935 -0.00125247557999 2.13574258324e-05 0.0155907899586 0.00405948940869 -0.00340666781668 0.0313619182405 0.0220552594839 0.015338470724 0.00752775731387 -0.00681616551479 0.0512447101537 
0.0189049462774 7.68780749758e-05 0.0196326686762 0.0088422829996 0.0207538322957 0.0570453870137 0.0168827471114 0.0331113701561 0.0146815463438 -0.000788423452476 -0.0367678193704 -0.0114980122648 0.00359444330456 0.0139489150498 -0.00955937491648 0.107055556034 0.0201402702347 0.0108640067204 0.00807286525214 0.0219625464176 0.0148538272707 0.0479811436731 0.0187401628546 0.0227399599191 0.00998319076666 0.034318424376 0.0122967424065 0.516767348173 0.00798390284921 0.0747322703164 -0.00565937870201 0.0108083684269 0.0170790049094 0.0294400904203 -0.0196058090664 -0.00837553925731 0.0261312419138 0.0427697542867 -0.0145547283564 0.00283370367491 0.0065317718069 0.000925845551947 0.0123029823842 0.00402496947422 -0.0019881198397 0.00857934075307 0.00919236282015 0.00909446153197 -0.00145146853646 0.00758894921939 
0.050537147893 0.0256842103549 0.0101433385695 -0.0343200154654 0.0191753579858 -0.00739830939262 0.0396199086545 0.000278964317872 0.0222604354506 0.0234341822821 0.00203741922142 0.0168642581195 0.00643106164014 0.0129245570678 0.0306727750244 0.00964764136072 0.0242985843635 0.0201002334488 0.0209278156264 -0.0111318865822 0.00918641524349 0.00390730003542 0.0150456750532 0.047797275091 0.0113386934625 -0.0381086311601 0.0378451254991 0.00798390284921 0.344767560863 0.00842540053715 -0.0133380362929 0.0132465581095 0.0115178791887 0.0143268202776 -0.0164333752769 0.00549136833355 0.0407749697033 0.0218828680063 0.0223128869884 0.00283028253985 0.0150171571529 -0.0050344813096 0.0131135474063 0.0177168962607 0.0404422159293 0.0469485418741 0.0125441186924 0.0150166605925 0.0231380623381 0.0198548222279 
0.059120528017 0.00514004491097 0.0304964903617 -0.0153589851324 -0.00191388151282 0.00236151546588 0.0149383855625 0.0192419150252 -0.0102417062344 -0.0114015125925 0.0750210467521 0.00578547526889 -0.00436507580194 0.0663120477319 0.013063947714 0.0372839578052 0.0646214585791 0.0138360643645 0.0233608241042 -0.0231521753805 0.0252045980308 0.148392203615 0.0161213469352 0.0518310936595 -0.00547983345076 -0.0128834650688 0.00640370766089 0.0747322703164 0.00842540053715 0.535215145155 0.0629724116356 0.0330329655129 0.057528447474 -0.0374561787462 -0.00827224767726 -0.00866701689999 0.0119944850229 -0.0123678682968 0.0438414075714 0.012132180084 0.0138426684749 0.02120580259 -0.0143957331621 -0.00699108444302 0.0833248089585 0.0148631831296 -0.00331841933865 0.0299936647823 -0.00921259463157 0.00707152555183 
0.00618397883825 0.00687960168232 0.0615404083033 0.037306520681 -0.00242871396653 0.0201591094637 0.0219030259118 0.00266974019246 0.030302947359 0.00550195095468 0.0349053965196 -0.0231271262634 0.0194217918614 -0.000863005282042 0.0172802679575 -0.0205494685018 0.0306657908739 0.0621205735227 0.0208593784531 0.00289351088355 -0.0207406946572 0.0466857070016 0.0404754061231 0.0282069844348 -0.0135484594035 0.17596666471 0.0321163598433 -0.00565937870201 -0.0133380362929 0.0629724116356 0.636400596713 0.0072994979576 0.0337442752451 -0.03230475148 -0.0127208500001 -0.0027488032204 0.0413864416059 0.00613850171038 0.00722661108837 0.0277286392581 0.0465901285057 0.0218363626186 0.011091902583 -0.00924798080174 0.0394486387513 0.0202561221618 -0.00553457154148 0.01030852063 -0.00314834255584 0.00423129463122 
0.0177418101328 0.0146898431783 -0.0192685517033 0.0290106618857 0.0159430999444 0.00496214809417 0.00897538127009 -0.00640073323971 0.0210947648895 0.0107664343655 0.024736535192 0.0149803607788 -0.000564363315593 0.0121105645352 0.0102356069824 0.026797629743 0.0585444703254 0.0019066435319 0.00905957612874 0.0122874137044 0.0157206680064 0.0229225237602 0.0191213733832 0.0286755802223 0.0251480501431 -0.0176177185876 0.00485466288789 0.0108083684269 0.0132465581095 0.0330329655129 0.0072994979576 0.254630843308 0.0308960746206 0.0121732810299 -0.0115086223976 0.0164628504781 0.00388264799886 0.0264485534068 0.00284777174741 0.00785868923103 0.0212132300879 0.00825328080476 -0.00946382676973 0.0180580899141 0.0357782754136 -0.00547966227426 0.0187525260281 0.021622890876 0.0155144800702 0.0160273312714 
0.0219523367354 0.0247884264632 0.0306075003399 0.028265597041 0.0159113346742 0.0193623323625 0.0647881177853 0.0688495538532 0.0260884112048 0.0583845239887 0.0903230825194 0.0269700047164 0.00471718087706 0.0236903727049 0.0260588957301 0.0738163066144 0.0486665052112 0.00235227714043 0.0129388177579 0.0295189358741 0.0150545666771 0.00195605905524 0.0321863713002 0.0338913857366 0.0272586900455 0.011441626199 0.0375212419726 0.0170790049094 0.0115178791887 0.057528447474 0.0337442752451 0.0308960746206 0.431614611266 0.00054321139984 -0.00728787224177 0.0198506543969 -0.0141341944679 0.0328047482709 0.0180144372893 0.0109630245628 0.00592943950883 0.0257532385155 0.0113703930097 -0.000949329984207 0.0404585784512 0.032062942188 0.0438423848711 0.0250606826226 0.0112828392799 0.0150831998042 
-0.0113280253213 0.0071881413534 -0.0284134764917 -0.00783623422583 -0.0116277888038 0.0123685849821 -0.00370869748201 0.0178686321291 0.0217393673863 0.049980402076 0.0132871286374 0.00775346414877 -0.0093684686359 0.0161226450533 0.00235050822983 -0.0304589853234 -0.0014321456109 0.0203205157939 -0.0002851526852 0.0702882872346 0.00492607048742 -0.0133182845994 0.0175103438751 -0.00525484853407 0.0164546248434 0.00883614460551 -0.0193659241886 0.0294400904203 0.0143268202776 -0.0374561787462 -0.03230475148 0.0121732810299 0.00054321139984 3.74622787653 -0.0137179165487 0.0143892541062 -0.00131203789893 0.0337405660926 0.0123563526413 0.00462524126191 -0.0137804718365 -0.00825698591266 0.126651525336 -0.0115406948896 -0.00636252816131 -0.0233039680147 0.0331906124552 -0.00692550607219 0.0235980988107 0.00877350918956 
-0.0140460132874 0.00197435360913 0.0026230165792 0.00366312766691 -0.00515049382665 -0.0525042689338 -0.0113098867697 -0.000196334585749 0.0400516649641 -0.012741383229 -0.0388317439432 -0.0226228842929 -0.018028217797 -0.00627688801304 0.00600681397089 -0.02403825833 0.0172510227296 0.0111158002163 0.0072904353823 -0.00479872415445 -0.0268070626748 0.00477084968051 0.0155578038248 0.0124660134841 0.0015101767475 0.0117312317137 -0.000595912710001 -0.0196058090664 -0.0164333752769 -0.00827224767726 -0.0127208500001 -0.0115086223976 -0.00728787224177 -0.0137179165487 1.36202039725 0.00378184138964 0.0108332371246 -0.031003297762 0.00879299919276 0.173164265008 0.00697549664448 0.0176529458583 -0.0109227016343 -0.00381963939197 -0.00462306530928 -0.0374962817689 -0.0256634797884 -0.000439776028749 0.00105079483215 0.0086700175063 
-0.000714872621748 0.0046317643625 -0.00708743036392 0.000637924456348 -0.00396654657112 -0.00927139669869 0.0126027271423 0.0169735111071 0.017982916492 -0.0030552826264 -0.0228808108147 -0.00190840563565 0.0334222523739 -0.0168668562931 0.00519175637793 0.0829821761387 0.00318694825046 0.032061581571 0.00876754989204 0.0304153275014 0.126969870713 0.000791678861094 -0.0110756611523 0.0219802075072 0.087450099786 0.0247835847738 -0.0173464077742 -0.00837553925731 0.00549136833355 -0.00866701689999 -0.0027488032204 0.0164628504781 0.0198506543969 0.0143892541062 0.00378184138964 0.785983941133 -0.0175654819268 0.00398169057734 0.0111647178111 0.0419896075212 -0.000463743129415 0.0163114649748 -0.00317004325085 0.00137706069319 -0.00543529679486 0.00726289408443 0.011904073519 0.0268130856608 0.0422484209065 0.0164544076025 
0.0166912382568 0.00485098506618 0.0426097802967 0.0256224417842 0.0122576797328 -0.00527623079199 0.00548751479043 -0.0069851047479 0.0213403216815 -0.000938149988431 0.0674506487245 0.0115218257588 0.00680847114374 0.000290553026164 0.0284329293477 0.0306058930063 0.0143084186376 0.0686176875337 0.00428571546915 -0.00905681564612 -0.0259009812026 0.0114387354501 0.0204502284211 0.0159953853203 0.0275829263282 -0.00559501932103 0.0308625048683 0.0261312419138 0.0407749697033 0.0119944850229 0.0413864416059 0.00388264799885 -0.0141341944679 -0.00131203789893 0.0108332371246 -0.0175654819268 0.24120756526 0.0254676888911 0.0245903753857 0.0135889499441 0.0340118141082 0.00369463017155 0.00084274934292 0.0195580142578 0.0126078552207 0.0657267447686 0.0103728190796 0.0164192166779 -0.0023166512841 0.0106288706586 
0.00893721642712 0.0438193178719 -0.0205778274608 0.00127986992056 0.0256523775793 0.040671181354 -0.018324461729 0.00482860290196 0.0312866278317 0.0337033168154 0.0677875693673 0.020789904436 0.0172674199242 0.0294763920965 0.0184713191186 0.000915040592093 0.0373662344736 -0.00221557214086 0.000225238751718 0.0190857880322 -0.00787544207754 -0.00580713993593 0.0336949152474 0.0157817622589 0.0240076480893 0.00940603271214 0.00964402912643 0.0427697542867 0.0218828680063 -0.0123678682968 0.00613850171038 0.0264485534068 0.0328047482709 0.0337405660926 -0.031003297762 0.00398169057734 0.0254676888911 0.375003200515 -0.0028686612526 0.00754079247618 0.00594355632299 0.0214968993063 0.0374231895896 0.00582644643791 0.0385697160756 0.00942205853964 0.0353989029479 0.00912932598104 0.0251135822168 0.0153900390822 
0.0359829205248 0.00363399612039 -0.00639384825061 0.0613367086902 0.0163085840906 0.0177320031189 0.00284335624368 -0.000279954470433 0.0199934185787 0.00861894942933 0.0252456529447 0.00480987970643 0.0180932750944 0.0274746254237 -0.00465454516828 0.00415228614328 0.0168841488485 0.0121942416276 0.023850968466 -0.00802416913371 0.0136435454412 0.0312050156976 0.0248252608792 0.0280002923058 0.0231953276353 -0.0101516227156 -0.0182830358935 -0.0145547283564 0.0223128869884 0.0438414075714 0.00722661108837 0.00284777174741 0.0180144372893 0.0123563526413 0.00879299919276 0.0111647178111 0.0245903753857 -0.0028686612526 0.252478570908 -0.00147455594214 0.0028988317776 0.0239780463219 0.0130880515383 0.00962220735357 0.0449887929251 0.0558148847549 0.0229653851079 0.0370493658723 -0.00449754157759 0.00416315360836 
0.0227528439959 -0.0126405199831 0.0130088402586 0.0179580281348 0.0383824669952 -0.00699918866723 0.0290694353856 -0.0236725993773 0.021163814931 -0.0100323688552 0.0153397667069 0.0184696944377 0.009357243867 0.00614619945789 -0.0227832635577 0.0230123961276 0.0499751656822 0.0663849563927 -0.0169683534074 0.00855160052483 0.0129961435447 0.0127544545655 0.0171610464722 -0.00150033406403 -0.00140587401796 0.024250567304 -0.00125247557999 0.00283370367491 0.00283028253985 0.012132180084 0.0277286392581 0.00785868923103 0.0109630245628 0.00462524126191 0.173164265008 0.0419896075212 0.0135889499441 0.00754079247618 -0.00147455594214 0.224866518911 0.00390080025436 3.64325081172e-05 -0.0290028446188 0.0120065880859 0.00814757038986 0.000566794313266 0.00248305934219 -0.00508328606548 0.0142806231096 0.00734359882117 
0.0156650380191 0.0188508510501 0.035232801109 -0.0195514060451 0.00516624431633 0.00807700449077 0.00739858384408 0.00448002991278 0.0123710163773 0.0210739358976 0.0333489751838 0.0182294283969 0.00270982056972 -0.0117363121386 0.0014370351761 -0.00487342237891 0.0590106106303 0.0354199330813 0.0203443725942 0.0181107880753 0.00604304558043 0.0179675191089 0.0124511297064 0.013022095348 0.00523862196048 0.0123534255099 2.13574258327e-05 0.0065317718069 0.0150171571529 0.0138426684749 0.0465901285057 0.0212132300879 0.00592943950883 -0.0137804718365 0.00697549664448 -0.000463743129416 0.0340118141082 0.00594355632299 0.0028988317776 0.00390080025436 0.174724312833 0.0203555094207 0.0445701772685 0.0203559020032 0.0366821921347 0.0275699481212 0.0054954945819 0.0378646332315 -0.00285898269159 0.0102242379125 
0.0197220727458 0.0284235044767 0.00156367171887 0.0074634715861 0.0227214171616 -0.00472797225158 0.00542818147486 0.00479317896417 0.0254250006754 0.0217685047588 0.0166064854547 0.00178275048118 0.00877841757279 -0.00489519384083 0.00310096155971 0.0036099184498 0.0337462024727 -0.0144603252607 0.0455751413746 0.0101814452653 -0.00672555292146 0.013685097037 0.0131223053982 0.00195375567386 0.0258899521397 0.0194272544034 0.0155907899586 0.000925845551948 -0.0050344813096 0.02120580259 0.0218363626186 0.00825328080476 0.0257532385155 -0.00825698591266 0.0176529458583 0.0163114649748 0.00369463017155 0.0214968993063 0.0239780463219 3.64325081173e-05 0.0203555094207 0.162487308003 0.0327117951906 0.00197700687204 0.0223841501626 0.00761403849024 0.00492971210417 0.028773402147 0.0105619178395 0.0308184384308 
0.00658898924628 0.0119695955424 0.0163475556561 0.00671962854086 0.00656170801457 0.00610268958075 0.00666862576665 0.00352447802656 0.0136148561439 0.0511026214447 0.0300192111041 0.0186645962533 0.00136344403567 -0.00523869330376 0.0271772282524 0.0190134959373 0.0211058174763 1.85231753405e-05 0.0140656701626 -0.00914081466472 0.0318917292044 -0.0136115805464 -0.000618266119887 0.0392556140354 0.0176469887783 0.0164752886839 0.00405948940869 0.0123029823842 0.0131135474063 -0.0143957331621 0.011091902583 -0.00946382676973 0.0113703930097 0.126651525336 -0.0109227016343 -0.00317004325085 0.000842749342922 0.0374231895896 0.0130880515383 -0.0290028446188 0.0445701772685 0.0327117951906 0.794547591729 0.0100482665945 0.0458742507983 0.0285904292221 0.0221610925474 0.0347013104449 0.0133858163342 0.0213647549696 
0.00467922176205 0.0253543214298 0.030056759532 0.0120487339147 0.00147852329335 0.00612339436511 0.00906422045539 -0.00310155833243 -0.00504005873314 0.00953253532089 0.0214918076688 -0.000529532508931 0.00958780335109 0.0164904113827 0.0206568149662 -0.00979851748511 0.00255882848557 0.0095496252488 0.0172969679887 0.00421371926895 0.0128117915547 0.00957073910263 0.0126140154885 0.0137430604828 0.000512924980232 0.00846274324638 -0.00340666781668 0.00402496947422 0.0177168962607 -0.00699108444302 -0.00924798080174 0.0180580899141 -0.000949329984207 -0.0115406948896 -0.00381963939197 0.00137706069319 0.0195580142578 0.00582644643791 0.00962220735357 0.0120065880859 0.0203559020032 0.00197700687204 0.0100482665945 0.156804217894 0.0208816491307 0.0151485080445 0.0205126737571 0.0151529647128 0.0167644803645 0.0125353151662 
0.0323199066659 0.0137921571132 0.0448232465215 0.000674665207689 0.0200186071581 0.0514619066365 -0.0100565957413 -0.00532156144029 0.0338326382773 0.0253576187328 0.0551327768391 0.00927534214913 0.0386193514184 0.0140230648155 0.0210760553902 0.0403028628015 0.242426272006 0.0198910995095 0.021329004211 0.049439977441 0.0309638603501 0.0451421984345 0.0133376123249 0.0318028644588 0.0465548628505 0.0391945651262 0.0313619182405 -0.0019881198397 0.0404422159293 0.0833248089585 0.0394486387513 0.0357782754136 0.0404585784512 -0.00636252816131 -0.00462306530928 -0.00543529679486 0.0126078552207 0.0385697160756 0.0449887929251 0.00814757038986 0.0366821921347 0.0223841501626 0.0458742507983 0.0208816491307 0.404653434584 -0.0145265938226 0.0298048118387 0.0472356379298 0.0297561815804 0.0363304279517 
0.00942907124661 0.0233289427179 0.0187325323684 -0.0512373368817 0.00931812677377 0.0136931419467 -0.00481804542457 -0.00875293923204 0.00203915877307 -0.00584161546469 0.0282893811122 0.0173843390318 -0.00927065434384 0.0273648433985 -0.0101345031461 0.0312781614551 0.00697174016044 0.00646099381713 0.00354613297414 -0.0211130102919 0.00140173135411 0.00671237471977 0.029396021079 0.017449991377 -0.0117204622825 0.01605037755 0.0220552594839 0.00857934075307 0.0469485418741 0.0148631831296 0.0202561221618 -0.00547966227426 0.032062942188 -0.0233039680147 -0.0374962817689 0.00726289408443 0.0657267447686 0.00942205853964 0.0558148847549 0.000566794313266 0.0275699481212 0.00761403849024 0.0285904292221 0.0151485080445 -0.0145265938226 0.60204729749 0.0349858977658 0.0216230042448 0.00587132545769 -0.00338299564733 
0.0125877784081 0.0087836532359 -0.0104462149104 0.0207927078224 0.0345652320698 0.011911214148 -0.020931752338 -0.0102577464348 0.0213821351344 0.0204045878025 0.0215718118766 0.0113390064684 0.00181138777734 -0.0031742677237 0.0236882657464 0.00897425207629 0.0108673814941 0.0121182502653 0.0248125576854 0.0158036594994 -0.00788552971738 -0.01938330074 0.0216901715316 0.0283003304968 0.0120398872118 -0.0303044240534 0.015338470724 0.00919236282015 0.0125441186924 -0.00331841933865 -0.00553457154148 0.0187525260281 0.0438423848711 0.0331906124552 -0.0256634797884 0.011904073519 0.0103728190796 0.0353989029479 0.0229653851079 0.00248305934219 0.0054954945819 0.00492971210417 0.0221610925474 0.0205126737571 0.0298048118387 0.0349858977658 0.212671622506 0.00476873373334 -0.00398009342837 0.00991207796964 
