30
-0.00953493093171 0.0422860283868 0.0335790413719 0.11775000089 0.0498180241401 0.112605751981 0.0403512104362 0.13588321519 0.00859756350963 0.0593939882808 0.0291549562933 0.0170349265424 0.0169596300077 0.0826231173305 0.0801839086902 0.0751688044393 0.0573021249509 0.0321720089654 0.0965978414643 0.0251356843311 0.330982708656 0.122670110856 0.0861575830063 0.0800542827641 0.0181340887913 0.070995024039 0.10431458653 0.123331646141 0.0615160923796 0.0385950792128 
0.227689552539 -0.0120140723358 0.0103911775421 0.0198115975905 -0.0120104403003 0.00479163804665 0.0187596302196 0.000962334816614 0.00793242109336 0.0257688094469 0.008725844217 0.0150428522364 0.0221766908245 0.0191539626165 -0.0216139603868 0.02862111644 0.0284046223054 0.0201627141201 0.0143791860377 0.0189861773676 -0.00727757319715 0.026894300262 0.0166501763024 0.034370328205 0.0117077115217 0.00748718971665 0.0104172310746 0.00978544796488 0.0123193133339 0.00518182328152 
-0.0120140723358 0.238757546267 0.0152393606954 0.0280733212066 -0.00888053234183 -0.0108326327642 -0.0170760620159 0.012795736519 0.0107109444088 0.0230390288679 0.0113325786203 -0.00759752714624 0.0262484179641 0.0248188985614 -0.000169133142976 0.0616981924337 0.0316181416753 0.0234956560031 0.0359612695001 0.0144543870052 0.00836374696177 -0.00348392806296 5.05140646644e-05 0.0268474303037 0.0063982688577 0.00138231508606 0.023749600335 0.0211988301615 0.0254158285933 0.0049515646059 
0.0103911775421 0.0152393606954 0.242228341048 0.015736088717 -0.0166585113413 0.0001394408534 0.0293329009687 0.050772985728 0.0259444605533 0.0130814509808 0.0104511844316 -0.00371362099112 0.00371705517337 0.00559571912611 -2.67294393674e-05 0.0209533958231 0.0135228950376 0.0112770124516 0.0022591624754 0.00734452790697 0.0132953967926 0.021594394615 0.00690030412285 0.0303539765558 0.00724519848539 0.0404504982927 -0.00237027042505 0.0256396156737 0.0278995588186 0.0113139407032 
0.0198115975905 0.0280733212066 0.015736088717 0.895841998561 -0.00156109061273 0.0563059747768 0.0435593091081 -0.016212634436 0.0325607575965 0.0220445959733 0.00274382696462 0.0233754402787 0.0517776618618 0.0345983385025 0.0164073370096 0.067984088294 0.0277696033307 0.0265913387779 0.0382144432828 0.0146982385048 0.0383801395278 0.0305485075582 0.015778524812 0.0151738539766 0.0580170918413 0.0590602582427 0.0554235448369 0.0549165672419 0.00471429820877 0.0383731811718 
-0.0120104403003 -0.00888053234183 -0.0166585113413 -0.00156109061273 0.376595275908 0.162522985433 0.0264757861622 -0.0419207263598 -0.0154449587156 0.0108394613656 0.0158516428207 -0.0116398074707 0.0265015146827 0.0259044223131 0.0169026807573 -0.019212575392 0.0142410182422 0.000617987178654 0.00335959383223 0.00677369617109 0.0184940979895 0.00210309389084 -0.00563035843763 -0.0145479255428 0.00577382928563 0.0551544695367 0.0377799552023 0.0125384009732 0.00636007098658 0.0111457545658 
0.00479163804665 -0.0108326327642 0.0001394408534 0.0563059747768 0.162522985433 0.555822247859 0.0375145896214 0.00500316356223 -0.00402133103011 0.0166493955561 0.0482960840258 -0.00269155158017 0.0886361195136 0.0116122123789 -0.000661868614362 -0.0254571228491 0.0151782733915 0.0218351360827 -0.00791930386531 0.00242775312429 0.0194582209407 0.00122003861416 0.0385413881568 0.0258075285628 0.0512858792876 0.0295732615975 0.0198454306839 0.0283439679832 0.0196394378937 0.046750781433 
0.0187596302196 -0.0170760620159 0.0293329009687 0.0435593091081 0.0264757861622 0.0375145896214 0.181162662803 -0.00370695443897 0.015830387472 -0.00976025113203 0.00348591474933 0.012329938678 0.0261930994519 0.0196268880395 0.0294600824573 0.0100919441152 0.0300576934185 0.0307213055755 0.0191860757954 0.00782624651038 0.00875376433989 0.00632555436774 0.0230662841002 0.00966540213426 0.0130134036019 -0.00397608887993 0.0306515642572 0.0115162225579 0.0219137265404 0.0082037784849 
0.000962334816615 0.012795736519 0.050772985728 -0.016212634436 -0.0419207263598 0.00500316356223 -0.00370695443897 1.19776966416 -0.0438239343738 0.0144318122079 0.0565631953334 0.00311478845337 0.0221707937747 0.0318444623597 0.0122954087844 -0.0278007563204 0.0148760483512 0.00420898270803 0.0228097891178 -0.000724419792603 0.0966901755679 -0.00841781720756 0.0180135450111 0.0139052380945 0.0470724292406 0.00682751471057 0.102782993597 -0.00328250183911 0.0109472830045 0.0576071504517 
0.00793242109336 0.0107109444088 0.0259444605533 0.0325607575965 -0.0154449587156 -0.00402133103011 0.015830387472 -0.0438239343738 0.225305228321 0.0125873481429 0.00715815656599 0.00755039287805 0.0151648178408 0.0127141948657 0.00932881483663 0.0215614848611 0.0142565478708 0.00321215319906 0.0371927792536 0.0113640093513 0.0212817887004 0.00449853457812 0.0321457013094 0.0150032763981 0.0388154666856 0.0290853876813 0.018065228617 0.0203293384273 0.0208728668627 0.0205188111778 
0.0257688094469 0.0230390288679 0.0130814509808 0.0220445959733 0.0108394613656 0.0166493955561 -0.00976025113203 0.0144318122079 0.0125873481429 0.233525267011 0.00771428948129 0.0152930653095 0.020291483742 0.0105941558794 0.0280883220946 0.0362858528428 0.00980960431537 0.0199926095426 0.0186181840357 0.00901010246662 -0.00257190265346 -0.00471400831648 0.0381033822943 0.015087296201 0.00679038125713 0.015890758029 0.0222154797531 0.0237402816228 0.00914739575457 0.026937740335 
0.008725844217 0.0113325786203 0.0104511844316 0.00274382696462 0.0158516428207 0.0482960840258 0.00348591474933 0.0565631953334 0.00715815656599 0.00771428948129 0.245293382619 0.00580262731111 0.0170505162499 0.0270166491875 0.0288054648367 0.0161267046111 -0.00356110403036 0.0111688530793 0.0253410323626 0.0149499237262 0.000822005720187 0.0147381806497 0.00998126891426 0.0258652138475 0.00186343874468 0.0151152605644 0.0339993022073 0.00401221744284 0.0179136663416 0.022778113688 
0.0150428522364 -0.00759752714624 -0.00371362099113 0.0233754402787 -0.0116398074707 -0.00269155158017 0.012329938678 0.00311478845337 0.00755039287806 0.0152930653095 0.00580262731111 0.191384109744 0.0359053622114 0.0254728253661 0.0618773041799 0.0464721677827 0.0252541601206 0.0311704282453 0.0226278428024 0.0319410935929 0.00416086010803 0.00129889589452 0.012619570505 0.0258956974741 0.0131712621244 0.0248410904494 0.00637214031106 0.0223269493137 0.0389776934899 0.0292714436634 
0.0221766908245 0.0262484179641 0.00371705517337 0.0517776618618 0.0265015146827 0.0886361195136 0.0261930994519 0.0221707937747 0.0151648178408 0.020291483742 0.0170505162499 0.0359053622114 0.198364956862 0.000496217975652 0.012146714133 0.028051772745 0.0136590561207 0.0202336406614 0.0284475370385 0.0246311919614 0.00255375711295 0.016798695585 -0.00174221441383 -0.0053224231034 0.0326061490969 0.0196780484704 -0.00197457906873 0.013591640847 0.042498846686 0.0274910669784 
0.0191539626165 0.0248188985614 0.00559571912611 0.0345983385025 0.0259044223131 0.0116122123789 0.0196268880395 0.0318444623597 0.0127141948657 0.0105941558794 0.0270166491875 0.0254728253661 0.000496217975653 0.199302938721 0.0105985869153 0.00711263321293 0.0230422214644 0.0209640368964 0.0319854061261 0.016706893206 0.0109247383123 0.00658727211136 -0.020387154174 -0.00128195412906 0.0171021924336 0.0394454254777 0.0201683774439 0.0465661906392 0.0123913417779 0.00956439238798 
-0.0216139603868 -0.000169133142975 -2.67294393668e-05 0.0164073370096 0.0169026807573 -0.000661868614362 0.0294600824573 0.0122954087844 0.00932881483663 0.0280883220946 0.0288054648367 0.0618773041799 0.012146714133 0.0105985869153 0.521713478785 0.0126491256727 0.0124605412413 0.0272888006261 0.0312092271307 0.0263384813289 0.0575693260352 0.0132249367864 0.23325725248 -0.0110359379227 -0.00738706942417 -0.0278832031548 0.0135071612265 0.0314742871001 0.0326628622265 0.0289749594755 
0.02862111644 0.0616981924337 0.0209533958231 0.067984088294 -0.019212575392 -0.0254571228491 0.0100919441152 -0.0278007563204 0.0215614848611 0.0362858528428 0.0161267046111 0.0464721677827 0.028051772745 0.00711263321293 0.0126491256727 0.325958936178 0.0165652279222 0.0336395832708 0.0211180728431 0.0249019350507 -0.0271030012066 -0.00852348640637 0.00668769169662 0.0170303517652 -1.22918448983e-05 0.0614596296216 0.0208660869073 0.0496593270342 0.038181933924 0.0335902258579 
0.0284046223054 0.0316181416753 0.0135228950376 0.0277696033307 0.0142410182422 0.0151782733915 0.0300576934185 0.0148760483512 0.0142565478708 0.00980960431537 -0.00356110403036 0.0252541601206 0.0136590561207 0.0230422214644 0.0124605412413 0.0165652279222 0.327070886419 0.00595757625346 0.0225576378483 0.0276729655475 -0.00684719177164 0.00539575129777 0.00716318873363 0.0125378337197 0.024623948086 0.0226459399622 0.0266500116414 0.0627125341717 0.0390412307574 0.0242439752871 
0.0201627141201 0.0234956560031 0.0112770124516 0.0265913387779 0.000617987178654 0.0218351360827 0.0307213055755 0.00420898270803 0.00321215319906 0.0199926095426 0.0111688530793 0.0311704282454 0.0202336406614 0.0209640368964 0.0272888006261 0.0336395832708 0.00595757625346 0.158333040948 0.0118808958514 0.0252472415742 0.0118174939894 0.00323483828777 0.0120938312413 0.019278962262 0.0281770579734 0.00618723210746 0.0252701063906 0.0181371565796 0.0198214539239 0.0261925630759 
0.0143791860377 0.0359612695001 0.0022591624754 0.0382144432828 0.00335959383223 -0.00791930386531 0.0191860757954 0.0228097891178 0.0371927792536 0.0186181840357 0.0253410323626 0.0226278428024 0.0284475370385 0.0319854061261 0.0312092271307 0.0211180728431 0.0225576378483 0.0118808958514 0.448133951321 0.00986194721492 0.0212004717982 -0.00093346018381 -0.0187586390729 0.02334906111 0.037444076056 0.0136222037728 0.0131947558542 0.036827545065 0.0286363587564 0.0254867909431 
0.0189861773676 0.0144543870052 0.00734452790697 0.0146982385048 0.00677369617109 0.00242775312429 0.00782624651038 -0.000724419792603 0.0113640093513 0.00901010246662 0.0149499237262 0.0319410935929 0.0246311919614 0.016706893206 0.0263384813289 0.0249019350507 0.0276729655475 0.0252472415742 0.00986194721492 0.134137720116 -0.000429759414028 0.0125439015483 0.0187198397903 0.0137540679824 0.00623495136267 0.0160748351618 0.0230882102712 0.019260979609 0.0296969540408 0.0188440061209 
-0.00727757319715 0.00836374696177 0.0132953967926 0.0383801395278 0.0184940979895 0.0194582209407 0.00875376433989 0.0966901755679 0.0212817887004 -0.00257190265346 0.000822005720187 0.00416086010803 0.00255375711295 0.0109247383123 0.0575693260352 -0.0271030012066 -0.00684719177164 0.0118174939894 0.0212004717982 -0.000429759414028 1.01161124719 0.010333770123 0.0980719447149 0.0274277135237 0.0183627105997 0.0226949081212 0.0244900551876 -0.0193583873765 0.0384370532794 0.0374565862074 
0.026894300262 -0.00348392806296 0.021594394615 0.0305485075582 0.00210309389084 0.00122003861416 0.00632555436774 -0.00841781720756 0.00449853457812 -0.00471400831648 0.0147381806497 0.00129889589452 0.016798695585 0.00658727211136 0.0132249367864 -0.00852348640637 0.00539575129777 0.00323483828777 -0.00093346018381 0.0125439015483 0.010333770123 0.399884706553 0.0595108129609 0.0166575690991 0.00551942459968 0.00037878826419 0.0290745875459 0.0328071814527 0.0113821687649 -7.01005167424e-05 
0.0166501763024 5.05140646645e-05 0.00690030412285 0.015778524812 -0.00563035843763 0.0385413881568 0.0230662841002 0.0180135450111 0.0321457013094 0.0381033822943 0.00998126891426 0.012619570505 -0.00174221441383 -0.020387154174 0.23325725248 0.00668769169662 0.00716318873363 0.0120938312413 -0.0187586390729 0.0187198397903 0.0980719447149 0.0595108129609 0.511833492736 -0.0055744867356 -0.0151055019892 -0.0191327922772 0.0125742880234 0.0280717133804 0.0289222971314 0.0319810196852 
0.034370328205 0.0268474303037 0.0303539765558 0.0151738539766 -0.0145479255428 0.0258075285628 0.00966540213426 0.0139052380945 0.0150032763981 0.015087296201 0.0258652138475 0.0258956974741 -0.0053224231034 -0.00128195412907 -0.0110359379227 0.0170303517652 0.0125378337197 0.019278962262 0.02334906111 0.0137540679824 0.0274277135237 0.0166575690991 -0.0055744867356 0.347102067277 0.0079780334175 0.00326808377664 0.0425554154807 0.0475426228134 0.0145799775955 0.0138900882194 
0.0117077115217 0.0063982688577 0.0072451984854 0.0580170918413 0.00577382928563 0.0512858792876 0.0130134036019 0.0470724292406 0.0388154666856 0.00679038125713 0.00186343874468 0.0131712621244 0.0326061490969 0.0171021924336 -0.00738706942417 -1.22918448979e-05 0.024623948086 0.0281770579734 0.037444076056 0.00623495136267 0.0183627105997 0.00551942459968 -0.0151055019892 0.0079780334175 0.285761176913 0.0619345678192 0.0354623033191 0.0231903374453 0.0361966241125 -0.000125207120341 
0.00748718971665 0.00138231508606 0.0404504982927 0.0590602582427 0.0551544695367 0.0295732615975 -0.00397608887993 0.00682751471057 0.0290853876813 0.015890758029 0.0151152605644 0.0248410904494 0.0196780484704 0.0394454254777 -0.0278832031548 0.0614596296216 0.0226459399622 0.00618723210746 0.0136222037728 0.0160748351618 0.0226949081212 0.000378788264189 -0.0191327922772 0.00326808377664 0.0619345678192 0.367422503631 0.00749292756993 0.0646780313621 0.0229879739499 0.0198946020974 
0.0104172310746 0.023749600335 -0.00237027042505 0.0554235448369 0.0377799552023 0.0198454306839 0.0306515642572 0.102782993597 0.018065228617 0.0222154797531 0.0339993022073 0.00637214031106 -0.00197457906873 0.0201683774439 0.0135071612265 0.0208660869073 0.0266500116414 0.0252701063906 0.0131947558542 0.0230882102712 0.0244900551876 0.0290745875459 0.0125742880234 0.0425554154807 0.0354623033191 0.00749292756993 0.568993983608 0.0189061861805 0.0282223121728 0.0186247570538 
0.00978544796488 0.0211988301615 0.0256396156737 0.0549165672419 0.0125384009732 0.0283439679832 0.0115162225579 -0.00328250183911 0.0203293384273 0.0237402816228 0.00401221744284 0.0223269493137 0.013591640847 0.0465661906392 0.0314742871001 0.0496593270342 0.0627125341717 0.0181371565796 0.036827545065 0.019260979609 -0.0193583873765 0.0328071814527 0.0280717133804 0.0475426228134 0.0231903374453 0.0646780313621 0.0189061861805 0.45888257027 0.044233604512 0.0244067769602 
0.0123193133339 0.0254158285933 0.0278995588186 0.00471429820877 0.00636007098658 0.0196394378937 0.0219137265404 0.0109472830045 0.0208728668627 0.00914739575457 0.0179136663416 0.0389776934899 0.042498846686 0.0123913417779 0.0326628622265 0.038181933924 0.0390412307574 0.0198214539239 0.0286363587564 0.0296969540408 0.0384370532794 0.0113821687649 0.0289222971314 0.0145799775955 0.0361966241125 0.0229879739499 0.0282223121728 0.044233604512 0.177333813169 0.0350542148478 
0.00518182328152 0.0049515646059 0.0113139407032 0.0383731811718 0.0111457545658 0.046750781433 0.0082037784849 0.0576071504517 0.0205188111778 0.026937740335 0.022778113688 0.0292714436634 0.0274910669784 0.00956439238798 0.0289749594755 0.0335902258579 0.0242439752871 0.0261925630759 0.0254867909431 0.0188440061209 0.0374565862074 -7.01005167421e-05 0.0319810196852 0.0138900882194 -0.00012520712034 0.0198946020974 0.0186247570538 0.0244067769602 0.0350542148478 0.196937541453 
0.0197184936675 -0.00104044918457 0.000899902372667 0.00171573468029 -0.00104013464107 0.000414968027414 0.00162463163358 8.33406398134e-05 0.000686967818037 0.00223164436063 0.000755680276139 0.00130274921821 0.00192055776259 0.00165878182091 -0.00187182387713 0.00247866139218 0.00245991245014 0.00174614226372 0.00124527403944 0.00164425119211 -0.000630256326663 0.00232911472439 0.00144194756553 0.0029765577362 0.0010139175598 0.000648409649757 0.000902158674766 0.000847444652499 0.00106688383043 0.000448759059972 
-0.00104044918457 0.0206770100412 0.00131976734997 0.00243122093335 -0.000769076660715 -0.000938133516362 -0.00147883035023 0.00110814328856 0.000927594995657 0.00199523842782 0.000981430097558 -0.000657965151459 0.0022731796766 0.00214937966481 -1.46473598439e-05 0.00534322020151 0.00273821139113 0.00203478349773 0.00311433729394 0.00125178663426 0.000724321733972 -0.000301717020748 4.37464632478e-06 0.00232505566693 0.000554106337101 0.000119711998056 0.00205677572198 0.00183587254504 0.002201075322 0.000428818073719 
0.000899902372667 0.00131976734997 0.0209775896864 0.00136278525852 -0.00144266940108 1.2075932137e-05 0.00254030374056 0.00439706954664 0.00224685619266 0.00113288688677 0.000905099121739 -0.000321609011834 0.000321906420741 0.000484603491565 -2.31483735211e-06 0.00181461730784 0.00117111706353 0.000976617926184 0.000195649209498 0.000636054774624 0.00115141513758 0.0018701294316 0.000597583866423 0.00262873148032 0.000627452594381 0.00350311591172 -0.000205271440193 0.00222045585167 0.00241617266913 0.000979816006591 
0.00171573468029 0.00243122093335 0.00136278525852 0.0775821928531 -0.000135194412823 0.00487624045415 0.00377234682589 -0.00140405532839 0.0028198443245 0.00190911801291 0.000237622385495 0.0020243725106 0.00448407705209 0.00299630400719 0.00142091706588 0.00588759475157 0.00240491819374 0.00230287749023 0.00330946786744 0.00127290479361 0.00332381758318 0.00264557835931 0.00136646033214 0.00131409430171 0.00502442753883 0.00511476839923 0.00479981977965 0.00475591423201 0.000408270200981 0.00332321497188 
-0.00104013464107 -0.000769076660715 -0.00144266940108 -0.000135194412823 0.0326141075881 0.0140749034084 0.00229287034016 -0.00363044139727 -0.00133757266081 0.000938724890592 0.00137279253744 -0.00100803689648 0.0022950984954 0.00224338877935 0.00146381509278 -0.00166385783616 0.00123330835735 5.35192595927e-05 0.00029094936051 0.000586619296168 0.0016016358679 0.000182133273601 -0.00048760334394 -0.00125988730924 0.000500028283847 0.0047765171751 0.00327184009591 0.00108585737656 0.000550798304425 0.000965250659837 
0.000414968027414 -0.000938133516362 1.2075932137e-05 0.00487624045415 0.0140749034084 0.0481356186635 0.00324885876246 0.000433286674418 -0.00034825748291 0.00144187995093 0.00418256356696 -0.000233095204402 0.00767611311917 0.00100564709142 -5.73195034005e-05 -0.00220465150946 0.00131447703426 0.00189097825427 -0.000685831832765 0.000210249587976 0.00168513136471 0.000105658443346 0.00333778212409 0.00223499753443 0.00444148743184 0.00256111958162 0.00171866471213 0.00245465963175 0.0017008252132 0.00404873643677 
0.00162463163358 -0.00147883035023 0.00254030374056 0.00377234682589 0.00229287034016 0.00324885876246 0.0156891468205 -0.000321031671482 0.00137095177025 -0.000845262542765 0.000301889072834 0.00106780401223 0.00226838895292 0.00169973836394 0.00255131798056 0.000873987997737 0.00260307260796 0.00266054310658 0.00166156290377 0.000677772829427 0.000758098229708 0.000547809077549 0.00199759880017 0.000837048378606 0.00112699381089 -0.000344339397772 0.00265450333125 0.00099733412908 0.00189778438756 0.000710468057495 
8.33406398135e-05 0.00110814328856 0.00439706954664 -0.00140405532839 -0.00363044139727 0.000433286674418 -0.000321031671482 0.103729895704 -0.00379526404615 0.00124983159947 0.00489851640779 0.000269748592804 0.0019200470631 0.00275781133734 0.00106481363572 -0.00240761612179 0.001288303578 0.000364508594924 0.0019753856831 -6.27365943398e-05 0.00837361483382 -0.000729004354616 0.00156001875918 0.00120422894355 0.00407659195402 0.000591280118407 0.00890126835322 -0.000284272998063 0.000948062518433 0.00498892557308 
0.000686967818037 0.000927594995657 0.00224685619266 0.0028198443245 -0.00133757266081 -0.00034825748291 0.00137095177025 -0.00379526404615 0.0195120051331 0.0010900963258 0.000619914543042 0.000653883204095 0.00131331174939 0.00110108157424 0.000807899063572 0.0018672793633 0.00123465326264 0.000278180627123 0.00322098916709 0.000984152078705 0.00184305696525 0.000389584522446 0.00278389939564 0.00129932185008 0.00336151802094 0.00251886846109 0.00156449469075 0.00176057235202 0.00180764329529 0.00177698117354 
0.00223164436063 0.00199523842782 0.00113288688677 0.00190911801291 0.000938724890592 0.00144187995093 -0.000845262542765 0.00124983159947 0.0010900963258 0.0202238813657 0.000668077066294 0.00132441830598 0.00175729404011 0.000917480812318 0.00243252004836 0.00314244703599 0.000849536653818 0.00173141077518 0.00161238203472 0.00078029776268 -0.000222733303396 -0.000408245095572 0.00329984970369 0.00130659817845 0.000588064267006 0.00137618001385 0.00192391698234 0.00205596869783 0.000792187710193 0.00233287674506 
0.000755680276139 0.000981430097558 0.000905099121739 0.000237622385495 0.00137279253744 0.00418256356696 0.000301889072834 0.00489851640779 0.000619914543041 0.000668077066294 0.0212430300728 0.000502522266011 0.00147661802201 0.00233971045215 0.00249462643164 0.00139661358725 -0.000308400655581 0.000967251049783 0.00219459777842 0.00129470137315 7.11877835738e-05 0.00127636388482 0.000864403244175 0.00223999322663 0.000161378529129 0.00130901996336 0.00294442594225 0.000347468223101 0.00155136901267 0.00197264251041 
0.00130274921821 -0.000657965151459 -0.000321609011834 0.0020243725106 -0.00100803689648 -0.000233095204402 0.00106780401223 0.000269748592804 0.000653883204095 0.00132441830598 0.000502522266011 0.0165743500919 0.00310949558071 0.00220601138732 0.00535873173375 0.00402460778688 0.00218707442156 0.00269943827073 0.00195962866997 0.00276617984761 0.000360341055515 0.000112487684152 0.00109288686421 0.00224263318613 0.00114066475997 0.00215130153869 0.000551843538586 0.00193357052946 0.00337556727432 0.0025349813818 
0.00192055776259 0.0022731796766 0.000321906420741 0.00448407705209 0.0022950984954 0.00767611311917 0.00226838895292 0.0019200470631 0.00131331174939 0.00175729404011 0.00147661802201 0.00310949558071 0.0171789091863 4.29737372729e-05 0.00105193630117 0.00242935478183 0.00118290895923 0.00175228468238 0.00246362897504 0.0021331237964 0.000221161853491 0.0014548097127 -0.000150880194122 -0.000460935361723 0.00282377534375 0.00170416898722 -0.00017100356353 0.00117707062526 0.00368050808616 0.00238079623804 
0.00165878182091 0.00214937966481 0.000484603491565 0.00299630400719 0.00224338877935 0.00100564709142 0.00169973836394 0.00275781133734 0.00110108157424 0.000917480812318 0.00233971045215 0.00220601138732 4.2973737273e-05 0.0172601407981 0.00091786455129 0.000615972105019 0.00199551491478 0.00181553885181 0.00277001742555 0.00144685939347 0.000946110090812 0.000570474499008 -0.00176557934255 -0.000111020484226 0.00148109331079 0.00341607405268 0.00174663272196 0.0040327504051 0.00107312167667 0.000828300677975 
-0.00187182387713 -1.46473598438e-05 -2.31483735206e-06 0.00142091706588 0.00146381509278 -5.73195034005e-05 0.00255131798056 0.00106481363572 0.000807899063572 0.00243252004836 0.00249462643164 0.00535873173375 0.00105193630117 0.00091786455129 0.0451817126124 0.00109544641682 0.00107911452599 0.0023632794581 0.00270279835277 0.00228097939279 0.00498564988252 0.00114531312205 0.0202006706264 -0.000955740259562 -0.000639738978085 -0.00241475622709 0.00116975447552 0.00272575321947 0.00282868684485 0.00250930509794 
0.00247866139218 0.00534322020152 0.00181461730784 0.00588759475157 -0.00166385783616 -0.00220465150946 0.000873987997737 -0.00240761612179 0.0018672793633 0.00314244703599 0.00139661358725 0.00402460778688 0.00242935478183 0.00061597210502 0.00109544641682 0.028228871932 0.00143459082001 0.00291327336852 0.00182887875611 0.00215657083573 -0.00234718875638 -0.000738155575672 0.000579171090195 0.00147487172641 -1.06450499413e-06 0.00532256005595 0.00180705613393 0.00430062387464 0.00330665247438 0.00290899889118 
0.00245991245014 0.00273821139113 0.00117111706353 0.00240491819374 0.00123330835735 0.00131447703426 0.00260307260796 0.001288303578 0.00123465326264 0.000849536653818 -0.000308400655581 0.00218707442156 0.00118290895923 0.00199551491478 0.00107911452599 0.00143459082001 0.0283251696478 0.000515941238048 0.0019535487426 0.00239654911622 -0.000592984201882 0.000467285769637 0.000620350341542 0.00108580825097 0.00213249645839 0.00196119592998 0.00230795870926 0.00543106477284 0.00338106976309 0.00209958984873 
0.00174614226372 0.00203478349773 0.000976617926184 0.00230287749023 5.35192595928e-05 0.00189097825427 0.00266054310658 0.000364508594924 0.000278180627123 0.00173141077518 0.000967251049783 0.00269943827073 0.00175228468238 0.00181553885181 0.0023632794581 0.00291327336852 0.000515941238048 0.013712043572 0.0010289157627 0.00218647525787 0.00102342500039 0.000280145213435 0.00104735650841 0.00166960710775 0.00244020480088 0.000535830018417 0.00218845540906 0.00157072383503 0.0017165882638 0.0022683425014 
0.00124527403944 0.00311433729394 0.000195649209498 0.00330946786744 0.00029094936051 -0.000685831832765 0.00166156290377 0.0019753856831 0.00322098916709 0.00161238203472 0.00219459777842 0.00195962866997 0.00246362897504 0.00277001742555 0.00270279835277 0.00182887875611 0.0019535487426 0.0010289157627 0.0388095386143 0.00085406968189 0.00183601471495 -8.08400232601e-05 -0.00162454579775 0.00202208800758 0.00324275210857 0.00117971745228 0.00114269937665 0.00318935895853 0.00247998141549 0.00220722084176 
0.00164425119211 0.00125178663426 0.000636054774624 0.00127290479361 0.000586619296168 0.000210249587976 0.000677772829427 -6.27365943398e-05 0.000984152078705 0.00078029776268 0.00129470137315 0.00276617984761 0.0021331237964 0.00144685939347 0.00228097939279 0.00215657083573 0.00239654911622 0.00218647525787 0.00085406968189 0.0116166673226 -3.72182570064e-05 0.00108633374034 0.00162118568131 0.00119113722782 0.000539962627143 0.00139212156117 0.00199949766228 0.00166804976431 0.00257183166143 0.00163193880097 
-0.000630256326663 0.000724321733972 0.00115141513758 0.00332381758319 0.0016016358679 0.00168513136471 0.000758098229708 0.00837361483382 0.00184305696525 -0.000222733303396 7.11877835738e-05 0.000360341055515 0.000221161853491 0.000946110090812 0.00498564988252 -0.00234718875638 -0.000592984201882 0.00102342500039 0.00183601471495 -3.72182570064e-05 0.087608103882 0.000894930744336 0.00849327955217 0.00237530966792 0.00159025738617 0.00196543669695 0.00212090099325 -0.00167648552444 0.00332874645865 0.00324383551947 
0.00232911472439 -0.000301717020748 0.0018701294316 0.00264557835931 0.000182133273601 0.000105658443346 0.000547809077549 -0.000729004354616 0.000389584522446 -0.000408245095572 0.00127636388482 0.000112487684152 0.0014548097127 0.000570474499008 0.00114531312205 -0.000738155575672 0.000467285769637 0.000280145213435 -8.08400232601e-05 0.00108633374034 0.000894930744336 0.034631031446 0.0051537875824 0.00144258780051 0.000477996191759 3.28040259444e-05 0.00251793314193 0.00284118525646 0.000985724730058 -6.07088283173e-06 
0.00144194756553 4.37464632478e-06 0.000597583866423 0.00136646033214 -0.00048760334394 0.00333778212409 0.00199759880017 0.00156001875918 0.00278389939564 0.00329984970369 0.000864403244175 0.00109288686421 -0.000150880194122 -0.00176557934255 0.0202006706264 0.000579171090195 0.000620350341542 0.00104735650841 -0.00162454579775 0.00162118568131 0.00849327955217 0.0051537875824 0.0443260807218 -0.000482764712609 -0.00130817484596 -0.00165694841574 0.00108896528628 0.00243108169152 0.00250474440516 0.00276963754863 
0.0029765577362 0.00232505566693 0.00262873148032 0.00131409430171 -0.00125988730924 0.00223499753443 0.000837048378606 0.00120422894355 0.00129932185008 0.00130659817845 0.00223999322663 0.00224263318613 -0.000460935361723 -0.000111020484226 -0.000955740259562 0.00147487172641 0.00108580825097 0.00166960710775 0.00202208800758 0.00119113722782 0.00237530966792 0.00144258780051 -0.000482764712608 0.0300599207968 0.00069091796118 0.000283024357227 0.00368540708749 0.00411731191189 0.00126266309843 0.00120291692588 
0.0010139175598 0.000554106337101 0.000627452594381 0.00502442753883 0.000500028283847 0.00444148743184 0.00112699381089 0.00407659195402 0.00336151802094 0.000588064267006 0.000161378529129 0.00114066475997 0.00282377534375 0.00148109331079 -0.000639738978085 -1.06450499409e-06 0.00213249645839 0.00244020480088 0.00324275210857 0.000539962627143 0.00159025738617 0.000477996191759 -0.00130817484596 0.00069091796118 0.0247476438622 0.00536369091038 0.0030711255551 0.002008342135 0.00313471960127 -1.0843254695e-05 
0.000648409649757 0.000119711998056 0.00350311591172 0.00511476839923 0.0047765171751 0.00256111958162 -0.000344339397772 0.000591280118407 0.00251886846109 0.00137618001385 0.00130901996336 0.00215130153869 0.00170416898722 0.00341607405268 -0.00241475622709 0.00532256005595 0.00196119592998 0.000535830018417 0.00117971745228 0.00139212156117 0.00196543669695 3.28040259443e-05 -0.00165694841574 0.000283024357227 0.00536369091038 0.0318197222066 0.000648906562428 0.00560128182263 0.00199081694221 0.00172292308145 
0.000902158674766 0.00205677572198 -0.000205271440193 0.00479981977965 0.00327184009591 0.00171866471213 0.00265450333125 0.00890126835322 0.00156449469075 0.00192391698234 0.00294442594225 0.000551843538586 -0.00017100356353 0.00174663272196 0.00116975447552 0.00180705613393 0.00230795870926 0.00218845540906 0.00114269937665 0.00199949766228 0.00212090099325 0.00251793314193 0.00108896528628 0.00368540708749 0.0030711255551 0.000648906562428 0.0492763244405 0.0016373237521 0.00244412392952 0.00161295127479 
0.000847444652499 0.00183587254504 0.00222045585167 0.00475591423201 0.00108585737656 0.00245465963175 0.00099733412908 -0.000284272998063 0.00176057235202 0.00205596869783 0.000347468223101 0.00193357052946 0.00117707062526 0.0040327504051 0.00272575321947 0.00430062387464 0.00543106477284 0.00157072383503 0.00318935895853 0.00166804976431 -0.00167648552444 0.00284118525646 0.00243108169152 0.00411731191189 0.002008342135 0.00560128182263 0.0016373237521 0.0397403963208 0.00383074252084 0.0021136888872 
0.00106688383043 0.002201075322 0.00241617266913 0.000408270200981 0.000550798304425 0.0017008252132 0.00189778438756 0.000948062518433 0.00180764329529 0.000792187710193 0.00155136901267 0.00337556727432 0.00368050808616 0.00107312167667 0.00282868684485 0.00330665247438 0.00338106976309 0.0017165882638 0.00247998141549 0.00257183166143 0.00332874645865 0.000985724730058 0.00250474440516 0.00126266309843 0.00313471960127 0.00199081694221 0.00244412392952 0.00383074252084 0.0153575587155 0.00303578405679 
0.000448759059972 0.000428818073719 0.000979816006591 0.00332321497188 0.000965250659837 0.00404873643677 0.000710468057495 0.00498892557308 0.00177698117354 0.00233287674506 0.00197264251041 0.0025349813818 0.00238079623804 0.000828300677975 0.00250930509794 0.00290899889118 0.00209958984873 0.0022683425014 0.00220722084176 0.00163193880097 0.00324383551947 -6.07088283171e-06 0.00276963754863 0.00120291692588 -1.08432546949e-05 0.00172292308145 0.00161295127479 0.0021136888872 0.00303578405679 0.0170552913857 

['TRB', 'AT', 'TMO', 'AVP', 'MUR', 'RDC', 'AN', 'WAT', 'TSN', 'MHP', 'AVY', 'NTRS', 'GAS', 'MWV', 'TXT', 'PGR', 'GPS', 'CINF', 'HPC', 'C', 'CIEN', 'MRK', 'BDX', 'CSCO', 'UST', 'SWK', 'R', 'JWN', 'TROW', 'CTAS']