20
0.00788248566947 0.0625636206577 0.0749299903321 0.0242911243805 0.0301615681032 0.125840316239 0.0962618702605 0.0321720089654 0.00791209609274 0.0558285331973 0.0422860283868 0.0506400072768 0.00792878112812 0.0251356843311 0.0464034886179 0.0578888041786 0.11775000089 0.0088766616328 0.190895055806 0.171628318037 
0.240269405248 0.0264443085625 0.0204318177472 0.0299445141251 0.0279418648114 0.0210638483868 0.0317266615792 0.0214836683223 0.00241200782878 0.0351907821683 0.0342339395485 0.0622004994942 -0.00238706899435 0.034964010029 0.00112043758382 0.00563390894445 0.0113281395498 0.0371058161775 0.00430261481881 0.0184323825012 
0.0264443085625 0.298618876719 0.0772251622547 0.0469645622818 0.0274429579382 0.0585610294891 0.00725374234186 0.0188117349955 0.0175180127102 0.0709478788234 0.032114373873 0.00517765776394 -0.00553664025468 0.0357771395473 0.0070080007187 0.010587064995 0.0450548825375 0.0237849673754 0.0254668913094 0.00363093289533 
0.0204318177472 0.0772251622547 0.428919749627 0.0447957092035 0.0145657260099 0.0939064845581 0.0384288222254 0.0259513370597 0.0170587833342 0.0723420928346 0.0405337156823 0.0478209956429 -0.00205017894523 0.00168664214704 0.0270567439753 0.0215998293256 0.0246076326586 0.0130672117877 0.0201821223209 0.0230897054915 
0.0299445141251 0.0469645622818 0.0447957092035 0.244501062406 0.0555913412221 0.0383239224869 0.0331734523595 0.0195506963324 0.00480082804365 0.022638044292 0.0161259551698 0.0262264555388 0.00194720568859 0.040282561566 0.0161152674557 0.0464668765057 0.0513814028133 0.0551020380729 0.0302982152015 0.0191339168231 
0.0279418648114 0.0274429579382 0.0145657260099 0.0555913412221 0.226487705898 0.0334011778255 0.0293886297087 0.0140015043612 0.0252669340788 0.0312108395781 0.00693129967825 0.0178285952971 0.0201818695635 0.0221006781108 0.0088286273562 0.0198120760734 0.0641510344538 0.0140493335811 0.0453029436958 0.028356244329 
0.0210638483868 0.0585610294891 0.0939064845581 0.0383239224869 0.0334011778255 0.395687558707 0.00844387322884 0.0358567588688 0.0150737789736 0.0364548098531 0.0390646124775 0.0604522997091 0.0214868692314 0.0230030863551 -0.000171398294534 0.0145215782379 0.040767078699 0.0108026886502 0.0640983397448 0.0259621437084 
0.0317266615792 0.00725374234186 0.0384288222254 0.0331734523595 0.0293886297087 0.00844387322884 0.404587789145 0.019427322166 0.0119517055548 0.0473509069399 -0.00239606205495 -0.00142108676211 0.022210809866 -0.00595911269585 0.0019715708012 0.0252678374752 0.0167471673479 0.0531061217581 0.00348555297838 0.0452542521925 
0.0214836683223 0.0188117349955 0.0259513370597 0.0195506963324 0.0140015043612 0.0358567588688 0.019427322166 0.156009649287 0.00997207161169 0.0279032195876 0.0196280215931 0.0574420493717 0.0296548394181 0.0265739761632 0.00153477964136 0.00368598704012 0.0283942994989 0.033098987763 0.0137460387022 0.023849610429 
0.00241200782878 0.0175180127102 0.0170587833342 0.00480082804365 0.0252669340788 0.0150737789736 0.0119517055548 0.00997207161169 0.179247622254 0.00962307866495 0.0259604521083 -0.00132560995305 -0.000170604928203 0.0159853504308 0.012166195775 0.0371407687979 0.0438063587007 0.00951853358674 0.0117069251562 0.0276483840503 
0.0351907821683 0.0709478788234 0.0723420928346 0.022638044292 0.0312108395781 0.0364548098531 0.0473509069399 0.0279032195876 0.00962307866495 0.297696779018 0.0178900618561 0.0501744331019 0.0203003389989 0.0210330116921 0.0058303337435 -0.0128181024341 0.0749019698672 0.00931372610495 0.026327325855 0.0268025359336 
0.0342339395485 0.032114373873 0.0405337156823 0.0161259551698 0.00693129967825 0.0390646124775 -0.00239606205495 0.0196280215931 0.0259604521083 0.0178900618561 0.246705526498 0.0114671049447 0.0236598821218 0.0141291071687 -0.00865541357488 -0.0118276960654 0.0291174803927 0.0111094197436 0.00596302918031 0.0175124963861 
0.0622004994942 0.00517765776394 0.0478209956429 0.0262264555388 0.0178285952971 0.0604522997091 -0.00142108676211 0.0574420493717 -0.00132560995305 0.0501744331019 0.0114671049447 0.51798640539 0.0238849669377 0.026398197237 -0.00845110795575 0.0145663739926 0.0471495315586 0.0393170838723 0.0579967090703 0.0182049790347 
-0.00238706899435 -0.00553664025468 -0.00205017894523 0.00194720568859 0.0201818695635 0.0214868692314 0.022210809866 0.0296548394181 -0.000170604928203 0.0203003389989 0.0236598821218 0.0238849669377 0.249497396985 0.0187636198263 0.0157035574578 0.00496869965771 0.013932010123 0.0160726882398 -0.00522467852163 0.0138417415306 
0.034964010029 0.0357771395473 0.00168664214704 0.040282561566 0.0221006781108 0.0230030863551 -0.00595911269585 0.0265739761632 0.0159853504308 0.0210330116921 0.0141291071687 0.026398197237 0.0187636198263 0.131861839191 0.0209737574731 -0.00262102788687 0.0159518137879 0.0275308914831 0.0235297531765 0.00116585140052 
0.00112043758382 0.0070080007187 0.0270567439753 0.0161152674557 0.0088286273562 -0.000171398294534 0.0019715708012 0.00153477964136 0.012166195775 0.0058303337435 -0.00865541357488 -0.00845110795575 0.0157035574578 0.0209737574731 0.193575441137 -0.0120596717798 0.0109474645671 0.0325753371796 0.00191324357605 -0.00613555402659 
0.00563390894445 0.010587064995 0.0215998293256 0.0464668765057 0.0198120760734 0.0145215782379 0.0252678374752 0.00368598704012 0.0371407687979 -0.0128181024341 -0.0118276960654 0.0145663739926 0.00496869965771 -0.00262102788687 -0.0120596717798 0.453750997682 0.0541389797284 0.0386201067824 0.0765658869123 0.0313319191299 
0.0113281395498 0.0450548825375 0.0246076326586 0.0513814028133 0.0641510344538 0.040767078699 0.0167471673479 0.0283942994989 0.0438063587007 0.0749019698672 0.0291174803927 0.0471495315586 0.013932010123 0.0159518137879 0.0109474645671 0.0541389797284 0.893371494153 -0.013702059166 0.0652471253122 0.108234625362 
0.0371058161775 0.0237849673754 0.0130672117877 0.0551020380729 0.0140493335811 0.0108026886502 0.0531061217581 0.033098987763 0.00951853358674 0.00931372610495 0.0111094197436 0.0393170838723 0.0160726882398 0.0275308914831 0.0325753371796 0.0386201067824 -0.013702059166 0.285392323212 0.0401303733715 0.0136948565478 
0.00430261481881 0.0254668913094 0.0201821223209 0.0302982152015 0.0453029436958 0.0640983397448 0.00348555297838 0.0137460387022 0.0117069251562 0.026327325855 0.00596302918031 0.0579967090703 -0.00522467852163 0.0235297531765 0.00191324357605 0.0765658869123 0.0652471253122 0.0401303733715 0.566493326304 0.0233308462675 
0.0184323825012 0.00363093289533 0.0230897054915 0.0191339168231 0.028356244329 0.0259621437084 0.0452542521925 0.023849610429 0.0276483840503 0.0268025359336 0.0175124963861 0.0182049790347 0.0138417415306 0.00116585140052 -0.00613555402659 0.0313319191299 0.108234625362 0.0136948565478 0.0233308462675 0.27016593866 
0.0208079408697 0.00229014430007 0.00176944732146 0.00259327099363 0.00241983647558 0.00182418278044 0.00274760949048 0.00186054025336 0.000208886005385 0.00304761113368 0.00296474613206 0.005386721269 -0.000206726238969 0.00302797209033 9.70327410941e-05 0.00048791082685 0.000981045662771 0.00321345794379 0.000372617373579 0.00159629114983 
0.00229014430007 0.0258611533289 0.00668789523239 0.00406725040137 0.00237662987295 0.00507153392093 0.000628192514056 0.00162914403953 0.00151710440308 0.00614426654056 0.00278118636007 0.000448398315567 -0.000479487111217 0.00309839117227 0.000606910665213 0.000916866723719 0.0039018672842 0.00205983859753 0.00220549748293 0.000314448012679 
0.00176944732146 0.00668789523239 0.0371455399362 0.00387942221508 0.00126142887492 0.00813254012074 0.00332803362848 0.00224745171559 0.00147733397251 0.00626500901577 0.00351032274906 0.0041414197061 -0.000177550704887 0.000146067494643 0.00234318276263 0.00187060009133 0.00213108350093 0.00113165373648 0.00174782306322 0.00199962715216 
0.00259327099363 0.00406725040137 0.00387942221508 0.0211744131296 0.00481435137288 0.00331894904463 0.00287290524745 0.00169313996855 0.0004157639045 0.00196051214488 0.00139654868373 0.00227127767478 0.000168632959271 0.00348857216457 0.00139562310054 0.00402414954884 0.00444976001184 0.00477197647714 0.00262390240538 0.00165704580427 
0.00241983647558 0.00237662987295 0.00126142887492 0.00481435137288 0.0196144106953 0.00289262685132 0.00254512999102 0.0012125658468 0.00218818067879 0.0027029379948 0.000600268160261 0.00154400164411 0.00174780117379 0.00191397486848 0.000764581557102 0.00171577611813 0.00555564255161 0.00121670797875 0.00392335001068 0.00245572279449 
0.00182418278044 0.00507153392093 0.00813254012074 0.00331894904463 0.00289262685132 0.0342675477801 0.000731260872251 0.00310528640777 0.00130542755222 0.0031570791423 0.00338309467945 0.00523532272652 0.00186081746022 0.00199212571489 -1.48435277231e-05 0.00125760556571 0.00353053257915 0.000935540280025 0.00555107905594 0.00224838759882 
0.00274760949048 0.000628192514056 0.00332803362848 0.00287290524745 0.00254512999102 0.000731260872251 0.0350383303461 0.00168245545232 0.0010350480629 0.00410070883022 -0.000207505060863 -0.000123069723697 0.00192351255826 -0.000516074297862 0.00017074303992 0.00218825891522 0.00145034723647 0.0045991250539 0.000301857742551 0.0039191332028 
0.00186054025336 0.00162914403953 0.00224745171559 0.00169313996855 0.0012125658468 0.00310528640777 0.00168245545232 0.0135108319518 0.000863606734408 0.00241648970103 0.00169983653256 0.00497462740013 0.00256818442812 0.00230137384369 0.000132915815863 0.000319215841477 0.00245901846887 0.00286645642423 0.00119044187175 0.00206543685018 
0.000208886005385 0.00151710440308 0.00147733397251 0.0004157639045 0.00218818067879 0.00130542755222 0.0010350480629 0.000863606734408 0.015523299444 0.000833383058646 0.00224824110195 -0.000114801189485 -1.47748201835e-05 0.00138437195615 0.00105362346086 0.00321648492951 0.00379374194821 0.000824329189289 0.00101384945854 0.00239442029612 
0.00304761113368 0.00614426654056 0.00626500901577 0.00196051214488 0.0027029379948 0.0031570791423 0.00410070883022 0.00241648970103 0.000833383058646 0.0257812973255 0.00154932480426 0.00434523336867 0.00175806092785 0.00182151224435 0.000504921713441 -0.00111008023363 0.00648670086985 0.000806592341077 0.00228001330042 0.00232116770044 
0.00296474613206 0.00278118636007 0.00351032274906 0.00139654868373 0.000600268160261 0.00338309467945 -0.000207505060863 0.00169983653256 0.00224824110195 0.00154932480426 0.0213653253202 0.000993080418999 0.0020490058968 0.00122361657409 -0.000749580803611 -0.00102430852609 0.00252164777143 0.000962103971927 0.000516413475366 0.0015166266754 
0.005386721269 0.000448398315567 0.0041414197061 0.00227127767478 0.00154400164411 0.00523532272652 -0.000123069723697 0.00497462740013 -0.000114801189485 0.00434523336867 0.000993080418999 0.0448589385883 0.00206849881366 0.00228615094214 -0.00073188741798 0.00126148499186 0.00408326921063 0.00340495934361 0.00502266233907 0.00157659743194 
-0.000206726238969 -0.000479487111217 -0.000177550704887 0.000168632959271 0.00174780117379 0.00186081746022 0.00192351255826 0.00256818442812 -1.47748201835e-05 0.00175806092785 0.0020490058968 0.00206849881366 0.0216071083967 0.00162497714366 0.00135996796882 0.000430302012735 0.00120654746923 0.00139193563228 -0.000452470432634 0.00119872997981 
0.00302797209033 0.00309839117227 0.000146067494643 0.00348857216457 0.00191397486848 0.00199212571489 -0.000516074297862 0.00230137384369 0.00138437195615 0.00182151224435 0.00122361657409 0.00228615094214 0.00162497714366 0.0114195702529 0.00181638067846 -0.000226987673405 0.00138146759768 0.00238424514132 0.00203773639956 0.000100965692989 
9.7032741094e-05 0.000606910665213 0.00234318276263 0.00139562310054 0.000764581557102 -1.48435277232e-05 0.00017074303992 0.000132915815863 0.00105362346086 0.000504921713441 -0.000749580803611 -0.00073188741798 0.00135996796882 0.00181638067846 0.0167641249574 -0.00104439821226 0.000948078242213 0.00282110695344 0.000165691754049 -0.000531354565332 
0.00048791082685 0.000916866723719 0.00187060009133 0.00402414954884 0.00171577611813 0.00125760556571 0.00218825891522 0.000319215841477 0.00321648492951 -0.00111008023363 -0.00102430852609 0.00126148499186 0.000430302012735 -0.000226987673405 -0.00104439821226 0.0392959890985 0.00468857317798 0.00334459935704 0.00663080031294 0.00271342379158 
0.000981045662771 0.0039018672842 0.00213108350093 0.00444976001184 0.00555564255161 0.00353053257915 0.00145034723647 0.00245901846887 0.00379374194821 0.00648670086985 0.00252164777143 0.00408326921063 0.00120654746923 0.00138146759768 0.000948078242213 0.00468857317798 0.0773682408953 -0.00118663313219 0.00565056680443 0.00937339351329 
0.00321345794379 0.00205983859753 0.00113165373648 0.00477197647714 0.00121670797875 0.000935540280025 0.0045991250539 0.00286645642423 0.000824329189289 0.000806592341077 0.000962103971927 0.00340495934361 0.00139193563228 0.00238424514132 0.00282110695344 0.00334459935704 -0.00118663313219 0.0247157001946 0.00347539228031 0.00118600936716 
0.000372617373579 0.00220549748293 0.00174782306322 0.00262390240538 0.00392335001068 0.00555107905594 0.000301857742551 0.00119044187175 0.00101384945854 0.00228001330042 0.000516413475366 0.00502266233907 -0.000452470432634 0.00203773639956 0.000165691754049 0.00663080031294 0.00565056680443 0.00347539228031 0.0490597611653 0.00202051055595 
0.00159629114983 0.000314448012679 0.00199962715216 0.00165704580427 0.00245572279449 0.00224838759882 0.0039191332028 0.00206543685018 0.00239442029612 0.00232116770044 0.0015166266754 0.00157659743194 0.00119872997981 0.000100965692989 -0.000531354565332 0.00271342379158 0.00937339351329 0.00118600936716 0.00202051055595 0.0233970566117 

['STA', 'LOW', 'SHLD', 'PCL', 'EOP', 'ODP', 'AES', 'CINF', 'CPB', 'TGT', 'AT', 'ERTS', 'RX', 'C', 'LLY', 'COP', 'AVP', 'APCC', 'GILD', 'BLL']