50
0.0598638009539 -0.00139328324831 0.0243185800675 0.117315051398 0.0283464571838 0.0279461936292 0.0703179731329 0.0917148498368 0.0363676427781 0.0797862135264 0.161692830297 0.102922334335 0.107494880462 0.046041615311 0.0213104348082 0.110057805124 0.037281538924 0.0206658862902 0.357744060202 0.126514999345 0.073470583658 0.0437038130991 0.0601344650096 0.187838769987 0.0946597506959 0.0916609470377 0.0498631258667 0.0408960175479 0.00154943769328 0.0499403633474 0.025042174885 0.0526772687529 0.0300114281637 0.136929250297 0.106465020668 0.275152850517 0.142251168296 0.204332601919 0.0358419118375 0.185813705736 0.09797045465 0.0534982218633 0.0485945029431 0.12260521459 0.0214629747746 0.0639224219563 0.101670797752 0.0617018630506 0.0466490289559 0.0136100125143 
0.175618693765 -0.00142253495536 0.0324477729289 0.012945944617 0.0157749567521 -0.00038701245789 0.0138252782401 0.0636170487753 0.0144156891746 0.0110376086037 0.0214141961989 0.0098906945361 0.0306387448237 0.0278359520087 0.0245023468284 0.0413830805626 0.0339633076281 0.0623235989333 0.0349234160579 0.0170798343963 0.0145437864486 0.0179403713834 0.0113442131104 0.0348360171179 0.0039036137986 0.00434529149449 0.0319623515752 0.0164703756733 0.0110547414852 0.035418020338 0.0212859796901 0.0125557144473 0.0256305362416 0.039117057076 0.0246431917172 -0.000943129400971 0.013462344576 0.0125358234495 0.0235672370118 0.0588148082494 0.0033965830582 0.0281443640078 0.0242076695736 0.0116686378695 0.0144868085289 0.0242160129511 -0.00421397258837 0.0261642327679 0.0198697919313 0.00190186438479 
-0.00142253495536 0.350368642394 0.0312957424988 0.0107455369155 0.0270857658389 -0.00627852679926 0.0308440882573 0.00175830417934 0.0224454637503 0.00110009460872 -0.0601754432301 0.0422499361099 -0.0173849369807 0.0276782332858 0.0164079178223 0.0309569139206 0.0142177153862 -0.00539470283553 0.0244547936716 0.0147272128311 0.0396294900219 0.00965660186655 0.0214749516561 0.0155398879687 0.000227220066319 0.00849454331004 0.0123007818496 0.0220985300112 0.000860614534752 0.038434225133 0.0205865325084 -0.000937195400699 0.00643990600546 0.0251546132152 0.00465852150902 -0.0357676968869 -0.00686370069331 -0.0037972416233 0.00623967760905 0.0394744919105 0.007890366196 0.014299352511 0.0105226855546 0.0119527502601 -0.00393905493287 0.0239291517922 0.00706107980492 -0.00218138098088 0.00340829521461 0.0188264978102 
0.0324477729289 0.0312957424988 0.222686869837 0.00549149559709 0.0350438550665 0.000561243718276 -0.00542573449168 0.0205290466426 0.00411812985515 -0.00155295261803 0.00632127596369 -0.000841215048982 0.00775902539593 0.0125456360072 0.00464312015501 0.0149629952923 0.000475004116448 0.00497671904877 0.00449754197373 0.00421614160182 0.0116487530347 -0.00193722958661 0.0176421723361 0.0218754520714 0.0308295333241 0.0243572024511 0.00424497146202 -0.00313082808567 0.00246172147692 0.0128026765633 0.0259274863064 -0.000978276695124 0.00660768622932 0.0302893397083 0.0022448812209 -0.00830021802713 0.00946204254179 0.00265237665483 0.00497830140671 0.0178316043443 0.00947531376967 0.0207579136743 -0.00150334327666 0.0148812986493 -0.0190087313347 0.0225149140682 0.0428655207304 -0.00252151796755 0.0116618574956 0.00507295226618 
0.012945944617 0.0107455369155 0.00549149559709 0.363934221836 0.00309295099138 0.00366521582011 0.0322347172699 0.00537348378478 0.00185820922727 0.0159989575152 0.0134772537384 0.0080510178299 0.0063889687839 0.0102940405571 0.00269582624072 0.000923864381931 0.0287560051773 0.014345174121 -0.0025977299996 0.00746995869709 -0.00359764077047 0.011614733756 0.00416611874789 0.00256235796428 0.00238806496695 -0.00661488356636 0.040329777474 0.0124156126512 0.000499936495348 0.0215922599886 0.00703039046551 0.0180383453104 0.00405186938278 0.0169933010006 0.00632729281711 -0.0522164802901 0.0445968184825 -0.00740433161056 -0.0107889428347 0.0127101680594 -0.00199897189671 0.0222791175713 0.0153497460919 0.00277679422152 -0.00846637176161 0.0240585991617 0.0401959725996 0.0366459289922 0.0342067404887 0.00300081704293 
0.0157749567521 0.0270857658389 0.0350438550665 0.00309295099138 0.176808957066 0.012798787356 0.0248461153943 0.0190827592816 0.00351982150351 0.0104218610286 0.0253499208908 0.0108223134595 0.0074999573478 0.00817701447531 0.0115648637322 0.01959118609 0.020669776445 0.0095012057109 0.00934612584907 0.0252485967185 0.0216465422538 0.0185892059955 0.0157154420286 0.00167450821708 0.0133853761895 0.0129028839156 -0.00164528313035 0.0116392724976 -0.00836250305051 0.00781099274423 0.00755151014997 0.0178485884543 0.022537740806 0.0120885706737 0.0116106284064 -0.0132597575946 0.0353677398539 -0.013171938803 0.027274770598 0.00728371141615 0.0214830819162 0.0218680309722 0.0189913384467 0.0242547574707 0.00800787026328 0.0238661449379 -0.0090615416863 0.0125458515237 0.0259627539619 0.0149902829331 
-0.000387012457891 -0.00627852679926 0.000561243718279 0.00366521582011 0.012798787356 0.1813486333 0.0164014237369 0.00234441845094 -0.0108742253787 0.00320703533215 0.0297605648645 -0.000531664121769 -0.00534133174487 0.0112067598405 -0.0095387587632 -0.00114079492917 0.00336741739359 0.000265065667782 -0.0054420587746 -0.0132084687812 0.00649863323349 0.00143968491621 -0.00193433374246 0.00974939973114 -0.00569866057475 0.00275441525953 0.0151828140877 0.0127963199096 0.016860848492 0.00989939710444 0.0161353114365 -0.00116484697385 0.0120115280409 0.0122335178936 0.00563318115137 0.0290955486067 0.0250535217536 -0.00237415933844 0.0100333323985 0.0209613139523 -0.00384024993312 0.027282075488 0.0179686048852 -0.00241977990783 0.0169675333494 0.037294335887 0.00663915567981 0.00122451400661 -0.00861283837862 0.0071901596227 
0.0138252782401 0.0308440882573 -0.00542573449168 0.0322347172699 0.0248461153943 0.0164014237369 0.270148542799 0.0251391972912 0.0276645296305 0.0320915677265 0.0423449488197 0.0359647792206 0.0162854399435 0.013086147822 -0.00448935513201 -0.00187110676089 0.0134583678439 0.0168555722113 0.0117762191976 0.00870135448392 0.0177380689244 -0.00251505555822 0.0145965153078 0.00260628901947 0.00786486905683 -0.00726125950906 0.0236202910769 0.00024698973911 0.00524573245884 0.0366359039907 0.00291144487885 0.00296193642639 -0.00661853928267 -0.0375730127261 0.00665402600144 -0.00714625743353 -0.00766309636092 0.000378639502012 0.0194186536618 0.00760489366877 -0.0157889722746 0.0320577279575 0.0108592355577 0.0179365702457 0.0205021549789 0.00450628650378 0.0112917774604 0.00524311316224 0.017086680239 -0.00349553272461 
0.0636170487753 0.00175830417934 0.0205290466426 0.00537348378478 0.0190827592816 0.00234441845094 0.0251391972912 0.157381844252 0.00607212711225 0.018125107807 0.0270921572322 0.0128153529326 0.0296517676268 0.0430094517948 0.0206004419356 0.0309635708696 0.032648404749 0.0650730675249 0.0401788544479 0.011991580781 0.0140803202206 0.0300464541348 0.0246077929377 0.0245714718392 -0.00227817969379 0.000123904716312 0.0195995710617 0.00165175779873 0.0244866114638 0.0310700373308 0.0210672513604 0.0155620133312 0.022082692064 0.0359457079078 0.0162031005173 0.00291264299579 0.0289158970287 0.00357189914408 0.0222608230912 0.0423747923568 0.00695298864667 0.0249823135583 0.0196825887113 0.021148344233 0.0129396395 0.0366883392298 -0.00601478726421 0.00339330083299 0.0204121186308 -0.000387805768108 
0.0144156891746 0.0224454637503 0.00411812985514 0.00185820922727 0.0035198215035 -0.0108742253787 0.0276645296305 0.00607212711225 0.192016146113 0.0130560052162 0.00752250759566 0.0399385129921 0.0159319165361 0.0171019733314 0.00445821150235 0.0536514917151 0.0128277677996 0.0197832021436 -0.00831653366447 0.0116618733461 0.0233334657059 0.0169749926471 0.029982162789 -0.00570833176268 0.0286548073228 0.00393924438656 -0.00767392106325 0.0185434649092 -0.000756685236375 0.00164013291137 0.0109267861001 0.0197511642761 0.0247737271341 0.019972512914 0.0271441914194 -0.00953271643294 0.0250968289823 -0.00536328398843 0.0155946026232 0.0390487335631 0.00999999401012 0.0176465000856 0.02447516895 0.0219180692896 0.00901725997577 0.0240707962341 0.0225628332233 0.0167378682855 0.0154460583764 0.00580988361464 
0.0110376086037 0.00110009460872 -0.00155295261803 0.0159989575152 0.0104218610286 0.00320703533215 0.0320915677265 0.018125107807 0.0130560052162 0.233571943853 0.0217272129879 0.0275319458064 0.0179903604418 0.0363503285741 0.0113084917065 0.0438465575922 0.00137361556748 0.0281917116369 0.00267479536302 0.0215466133516 0.00417927837379 0.00387159984383 0.0151768983722 -0.029236302509 0.0012526823929 0.00370707989843 0.00454476782449 0.00354912555327 0.00962562255886 0.0166680528466 0.0211406510309 0.0137317275074 0.00879417099979 0.024838116821 0.0235153567633 -0.0112010251783 0.0122306532884 -0.0256905254471 0.0191319814379 0.0454411641733 0.0169938806278 0.0146463860174 0.0192842717741 0.0305863028683 0.0300993367701 0.00186464791721 0.00613108949134 0.0180815380596 0.0226944716725 0.0186794930818 
0.0214141961989 -0.0601754432301 0.00632127596369 0.0134772537384 0.0253499208908 0.0297605648645 0.0423449488197 0.0270921572322 0.00752250759566 0.0217272129879 0.828469797148 0.0145677073796 0.0357717995242 0.0774878986315 0.000679388314863 -0.0104578999486 -0.00927191928437 0.00175104574453 0.0562627177937 0.0197645817503 0.0507329768911 -0.00335058048818 -0.00921364344495 0.00360863549708 0.020381075227 0.00929744283989 -0.000694642817895 0.0018602139651 0.0105878434465 0.037292056982 0.0344634817787 0.00190085375045 0.0412736926472 0.0125544358046 0.0363832869755 -0.0115666554972 0.314815373595 0.00428167287556 0.0163654422612 -0.00424774564083 -0.0285106961014 -0.00269256234842 0.0276129288615 0.0140866759664 0.0254355148127 0.00404951578077 -0.00888309792125 0.00812140988627 -0.0099397496367 0.0487180190401 
0.0098906945361 0.0422499361099 -0.000841215048981 0.0080510178299 0.0108223134595 -0.000531664121768 0.0359647792206 0.0128153529326 0.0399385129921 0.0275319458064 0.0145677073796 0.357629863921 0.00580651139251 0.0169475863159 0.0163094350899 0.0217712424409 0.0279241034202 0.0298914831453 -0.0183116837099 0.0115731056911 0.00949785797344 0.00800293664973 0.0642978264063 -0.00407394136488 0.0678887016265 0.00588013777498 0.00946491916857 0.00947767604646 0.0245882665031 -0.0106677040627 0.0109348016721 0.0152518973598 0.010209854412 -0.0051130209275 0.0113902895182 -0.0166083215664 0.0405473604697 -0.00116175409125 0.0105634613221 0.0192965622073 0.00594677956336 0.0284079977576 0.0171013564524 0.0311551271604 0.00677115540613 0.0164387606003 -0.0196621191367 0.0284592495038 0.0213087992645 0.0186437711829 
0.0306387448237 -0.0173849369807 0.00775902539593 0.0063889687839 0.0074999573478 -0.00534133174487 0.0162854399435 0.0296517676268 0.0159319165361 0.0179903604418 0.0357717995242 0.00580651139251 0.410333070701 0.0318080256867 0.0186810677959 0.0505190377972 0.000443610434646 0.0270753258742 0.178781685167 0.01554209102 0.113808026332 0.038157053268 0.0184671335461 0.0807367424552 -0.0063263991021 0.047292816288 0.0301983206675 0.00698393740001 -0.00296885647906 0.0404876472156 0.0122624184705 0.0387364029374 0.0366500466077 0.0178758659807 0.02772719345 0.00554138773735 0.0231540700838 0.00702026371606 0.0446801161835 0.0443723664086 0.0490649353787 0.0305960220268 0.0228324923518 0.0375180196786 0.0219407927262 0.0616169980165 0.0198883479484 0.0487562975247 0.0345366138985 -0.00241105235669 
0.0278359520087 0.0276782332858 0.0125456360072 0.0102940405571 0.00817701447531 0.0112067598405 0.013086147822 0.0430094517948 0.0171019733314 0.0363503285741 0.0774878986315 0.0169475863159 0.0318080256867 0.286331805515 0.0237730809573 0.0299402388807 0.0152118952764 0.0281388898613 0.00569592941281 0.016432704319 0.0015850697731 0.0143068048026 0.0180397494953 0.00777967252349 -0.000429819737234 0.0169144904363 0.0310966469086 0.00895999267446 0.00192844910109 0.0437703985609 0.0402604899113 0.0253923714441 0.0494119524504 0.0166559238331 0.02082729944 -0.0131759487605 0.0275419029291 -0.0115968481486 0.00674176975927 0.0207901043948 0.0152098953573 0.0168715865178 0.0203093118331 0.0205985483772 0.00323697254416 0.0053395236481 0.000130130015545 0.0199625763829 0.0238217812351 0.00839921404843 
0.0245023468284 0.0164079178223 0.00464312015501 0.00269582624073 0.0115648637322 -0.0095387587632 -0.00448935513201 0.0206004419356 0.00445821150235 0.0113084917065 0.000679388314863 0.0163094350899 0.0186810677959 0.0237730809573 0.347858560369 0.0400370972742 0.031122275937 0.0338029902118 0.00932296359645 0.0064839678183 0.00758502831555 0.0121718998386 -7.14426352484e-05 0.00485979840081 0.00835339506334 0.0171737323097 0.0035587380559 0.0205397725257 0.00858139926137 -0.00494453141037 0.0355298282412 0.0148419721147 0.0372308890281 0.0401530291264 0.0118592666354 -0.0220826811708 0.00880522857038 0.0194222980066 0.0356989196546 0.0450495094498 0.0371985900133 0.0229602459235 0.0010543227005 -0.000449387662675 -0.00516397240739 0.0210632561545 0.00926051478869 0.00062030034454 0.0173982676485 0.0051602594594 
0.0413830805626 0.0309569139206 0.0149629952923 0.000923864381932 0.01959118609 -0.00114079492917 -0.00187110676089 0.0309635708696 0.0536514917151 0.0438465575922 -0.0104578999486 0.0217712424409 0.0505190377972 0.0299402388807 0.0400370972742 0.388933289256 0.0196666339658 0.0446514785726 0.0278164928358 0.0160860629888 0.0300844828727 0.0338607488042 0.0319783362752 0.0422447714298 0.0247607826571 0.0155680933608 0.0163680036166 0.0351520969853 -0.000783016764417 0.0185246474706 0.0459740284347 0.0140836926977 0.0166998891909 0.0427415241686 0.0303264514815 -0.0196439409926 0.0281431080393 0.00627739063521 0.0162893552763 0.263268156796 0.00552584747496 0.0526963064689 0.0309036102553 0.0471008804698 0.0194380797297 0.0192144193701 0.0253988552206 0.0165937576823 0.0189949340197 -0.011831782937 
0.0339633076281 0.0142177153862 0.000475004116449 0.0287560051773 0.020669776445 0.00336741739359 0.0134583678439 0.032648404749 0.0128277677996 0.00137361556748 -0.00927191928437 0.0279241034202 0.000443610434646 0.0152118952764 0.031122275937 0.0196666339658 0.379189788885 0.0430414691581 -0.00171670816664 0.0235882150316 -0.0293346889091 0.0222784633038 0.0099339404152 -0.00318557329818 0.0312759152408 0.0220674302884 -0.0100596176666 0.0144553798893 0.00338368245927 0.0223615737981 0.00537412688758 0.00773712877215 0.00166589727624 0.0416320907154 0.0392948561365 0.00199064778071 0.0194450156343 0.0456986155402 0.0191956475326 0.0352155182469 0.0139820135797 0.00159083293675 0.00225220395827 0.0330150868345 0.0145268876037 0.00732332714494 0.0315287488339 0.018007419558 0.0146032970086 0.00121745546246 
0.0623235989333 -0.00539470283553 0.00497671904877 0.014345174121 0.0095012057109 0.000265065667783 0.0168555722113 0.0650730675249 0.0197832021436 0.0281917116369 0.00175104574453 0.0298914831453 0.0270753258742 0.0281388898613 0.0338029902118 0.0446514785726 0.0430414691581 0.183428894357 0.071722823286 0.0320562061518 0.0311465980918 0.0148884068367 -0.00202768164041 0.0277849644874 0.0079581148444 0.00709925187833 0.0177512647011 0.0128597880738 0.00894985786967 0.0235922689354 0.0206898525434 0.0292130219013 0.0249894633816 0.0294473811069 0.0360198062961 0.0182380374678 0.0107103604133 -0.0106730783252 0.0176381370352 0.0584643068191 0.00310860133236 0.0318964538999 0.0189780715452 0.0101460678233 0.0279453936322 0.0285260993816 -9.5016679626e-05 0.0386917967605 0.0226913765758 0.0168985487465 
0.0349234160579 0.0244547936716 0.00449754197373 -0.0025977299996 0.00934612584907 -0.0054420587746 0.0117762191976 0.0401788544479 -0.00831653366447 0.00267479536302 0.0562627177937 -0.0183116837099 0.178781685167 0.00569592941281 0.00932296359645 0.0278164928358 -0.00171670816664 0.071722823286 2.88047266876 0.00535523600676 0.0174742836267 0.0122978366284 -0.0270027518696 0.02402018298 -0.00177181273737 0.000367025480806 -0.0155516465216 0.0802263722565 0.00755416233401 0.00712558682797 -0.00381456140386 0.0170676214235 0.012057793876 -0.00748086877907 0.00644564561639 -0.0183038045582 0.0139433816422 0.0282881067907 0.0417160853442 0.0389412980727 0.000430420592252 -0.0133728018177 0.00208733247993 0.0190211164011 0.0213509160056 0.0150226364657 0.078922713185 0.106775951286 -0.031590637766 0.0021891554028 
0.0170798343963 0.0147272128311 0.00421614160182 0.00746995869709 0.0252485967185 -0.0132084687812 0.00870135448392 0.011991580781 0.0116618733461 0.0215466133516 0.0197645817503 0.0115731056911 0.01554209102 0.016432704319 0.0064839678183 0.0160860629888 0.0235882150316 0.0320562061518 0.00535523600676 0.249779980544 0.0657305155194 0.0128303527346 0.00184056037347 0.0720847570767 0.0587164854599 -0.0015357521623 0.00486676626132 -0.00845533576719 0.00913667625399 0.0629522397186 0.0119487691604 -0.00726408741392 0.0336810283668 0.0216709562951 0.0353513839375 -0.0106902745491 0.0244203204711 0.00946680448665 0.0175873953611 0.0224962038938 0.00712430664526 0.00851815404409 0.00518073805332 0.0305783521289 0.0322401384931 0.0294537201822 0.0066548430658 0.0211709770196 0.00312938788059 0.00362186632546 
0.0145437864486 0.0396294900218 0.0116487530347 -0.00359764077047 0.0216465422538 0.00649863323349 0.0177380689244 0.0140803202206 0.0233334657059 0.00417927837379 0.0507329768911 0.00949785797344 0.113808026332 0.0015850697731 0.00758502831555 0.0300844828727 -0.0293346889091 0.0311465980918 0.0174742836267 0.0657305155194 0.425814278984 0.0239143506326 -0.0149230933097 0.142449262265 0.00431753830807 0.035253320634 0.0280788654935 0.00453666314477 0.000999959188268 0.0606472985174 0.00862178606503 0.0588091936023 0.0284197549737 0.0174399201939 0.0280232658778 0.00817335231075 0.0033005020843 0.0217596316511 0.0189083304334 0.0242417902733 0.0223467863624 0.0166173814166 0.00423493771148 0.0321164319459 0.0145354723046 0.0503407777077 0.0392604295075 0.0346670442634 -0.000681088424303 -0.0028018361462 
0.0179403713834 0.00965660186655 -0.00193722958661 0.011614733756 0.0185892059955 0.00143968491621 -0.00251505555822 0.0300464541348 0.0169749926471 0.00387159984383 -0.00335058048818 0.00800293664973 0.038157053268 0.0143068048026 0.0121718998386 0.0338607488042 0.0222784633038 0.0148884068367 0.0122978366284 0.0128303527346 0.0239143506326 0.195890615611 0.0146584409043 0.00889771477468 0.00172478790051 0.000661614264706 0.0099145412769 0.0250899670529 0.00796290706898 0.0277854851194 0.00840106282356 0.0318752547807 0.00750768272804 0.0619895714641 0.0107923234488 -0.0114600420456 0.00404550735677 -0.00250379891529 0.00817609377028 0.0291594045042 0.035519616586 0.0319764728449 4.12005112485e-05 0.0282264675085 0.017226968713 0.0311502583422 -0.0113718047709 0.0212431669961 0.0063055079375 -0.000559834041347 
0.0113442131104 0.0214749516561 0.0176421723361 0.00416611874789 0.0157154420286 -0.00193433374247 0.0145965153078 0.0246077929377 0.029982162789 0.0151768983722 -0.00921364344495 0.0642978264063 0.0184671335461 0.0180397494953 -7.14426352481e-05 0.0319783362752 0.0099339404152 -0.0020276816404 -0.0270027518696 0.00184056037347 -0.0149230933097 0.0146584409043 0.277764377112 -0.0453693528473 -0.00405504401498 0.0102424746524 -0.00730850539452 -0.00274626629529 0.0113699691781 0.000664432749524 0.0225953954787 -0.00437375690094 0.0319646975519 -0.00587605796471 0.00578828705425 -0.0263068716598 0.00226835694751 0.00945042151371 -0.00354653437111 0.0396663654126 0.00143721790723 0.0321628786413 0.0129963823632 0.0320382622993 -0.0109300000849 -0.0171205704195 0.00422661422284 0.00225270978976 0.0129249751667 -0.000144556789671 
0.0348360171179 0.0155398879687 0.0218754520714 0.00256235796429 0.00167450821708 0.00974939973114 0.00260628901947 0.0245714718392 -0.00570833176268 -0.029236302509 0.00360863549708 -0.00407394136488 0.0807367424552 0.00777967252349 0.00485979840081 0.0422447714298 -0.00318557329818 0.0277849644874 0.02402018298 0.0720847570767 0.142449262265 0.00889771477468 -0.0453693528473 0.611852763309 0.0292285128039 0.0400441119473 0.0610037465892 0.00446631722949 0.0393784705103 0.0252423202767 0.00537902554364 0.0288014611329 0.00249621760946 0.0563876179189 0.0163416020234 0.0362020888396 -0.0420138400566 0.00638525589609 -0.00333671057397 0.103788802617 0.00393536746898 0.0135002258473 0.00298972493522 0.0342906074927 0.0286563389693 0.07261442975 -0.0108175025417 0.0172615409715 -0.0205395583278 -0.0133704604331 
0.0039036137986 0.000227220066318 0.0308295333241 0.00238806496695 0.0133853761895 -0.00569866057475 0.00786486905683 -0.00227817969379 0.0286548073228 0.0012526823929 0.020381075227 0.0678887016265 -0.0063263991021 -0.000429819737234 0.00835339506334 0.0247607826571 0.0312759152408 0.0079581148444 -0.00177181273737 0.0587164854599 0.00431753830807 0.00172478790051 -0.00405504401498 0.0292285128039 0.433378600947 0.0157548637739 0.0113573170746 0.0155704395347 0.00369837574126 0.0015385791286 0.0108262284779 0.0111136676633 0.00172184474981 0.0755603730699 0.0282796824934 -0.0167619277314 0.0371263463641 0.0233936596381 0.0270619625304 0.0774858826022 0.069294119009 0.0221073946775 0.00452502197959 0.00682082272732 0.0104670096687 0.0464452146873 0.0139533731221 -0.0290879470349 -0.00598661348244 0.0129241119414 
0.00434529149449 0.00849454331004 0.0243572024511 -0.00661488356636 0.0129028839156 0.00275441525953 -0.00726125950906 0.000123904716312 0.00393924438656 0.00370707989843 0.00929744283989 0.00588013777499 0.047292816288 0.0169144904363 0.0171737323097 0.0155680933608 0.0220674302884 0.00709925187833 0.000367025480806 -0.0015357521623 0.035253320634 0.000661614264706 0.0102424746524 0.0400441119473 0.0157548637739 0.435383823755 0.000401346087948 0.0227945586445 0.00132737710893 -0.0238450161962 0.0132577549886 0.0032007930387 0.00313404507925 0.0141485396743 0.0094292624997 0.00639808231612 -0.0084973779247 -0.00664970799898 0.0126117946401 0.0120260335085 0.0170485884649 0.0197575670008 0.00743077745963 0.00609042203248 -0.00615102758328 -0.0219095496141 0.000482853351054 0.0033683505662 -2.92455132101e-05 0.0109094414264 
0.0319623515752 0.0123007818496 0.00424497146202 0.040329777474 -0.00164528313035 0.0151828140877 0.0236202910769 0.0195995710617 -0.00767392106325 0.00454476782449 -0.000694642817895 0.00946491916857 0.0301983206675 0.0310966469086 0.0035587380559 0.0163680036166 -0.0100596176666 0.0177512647011 -0.0155516465216 0.00486676626132 0.0280788654935 0.0099145412769 -0.00730850539452 0.0610037465892 0.0113573170746 0.000401346087948 0.289399329791 0.046698990856 -0.00340328192963 0.0374979739833 0.0361192368289 0.0386133815968 0.0114553759457 0.0218111661441 0.0274780214008 -0.0172164503965 -0.0176377520199 -0.00521845735579 0.00312439546635 0.0511078452033 0.023760397844 0.0270056561955 0.0176805130635 0.0375139136694 0.0292210451103 0.00300934158693 0.0203839309304 0.0147798495605 0.000745249601497 0.0195818745905 
0.0164703756733 0.0220985300112 -0.00313082808567 0.0124156126512 0.0116392724976 0.0127963199095 0.00024698973911 0.00165175779873 0.0185434649092 0.00354912555326 0.0018602139651 0.00947767604646 0.00698393740001 0.00895999267446 0.0205397725257 0.0351520969853 0.0144553798893 0.0128597880738 0.0802263722565 -0.00845533576719 0.00453666314477 0.0250899670529 -0.00274626629529 0.00446631722949 0.0155704395347 0.0227945586445 0.046698990856 0.188276450696 0.0208064694138 -0.000181221373523 0.0151025523625 0.0365268736057 0.0110861460277 0.0334086996134 0.0158764682526 0.0211156391957 0.00309160886847 0.0147796020534 0.0207974404369 0.0551171448376 0.0253030049518 0.000232991199711 0.0083690824022 0.00712688687024 0.0184381593069 0.0131457659814 0.00826309356743 0.0253540812392 -0.0115104016384 0.01386769148 
0.0110547414852 0.000860614534752 0.00246172147692 0.000499936495348 -0.00836250305051 0.016860848492 0.00524573245884 0.0244866114638 -0.000756685236374 0.00962562255886 0.0105878434465 0.0245882665031 -0.00296885647906 0.00192844910109 0.00858139926137 -0.000783016764417 0.00338368245927 0.00894985786967 0.00755416233401 0.00913667625399 0.000999959188267 0.00796290706898 0.0113699691781 0.0393784705103 0.00369837574126 0.00132737710893 -0.00340328192963 0.0208064694138 0.292545980783 0.0057792742266 0.00760390920956 0.00764346193907 0.00302732313758 0.0216799514642 0.0188878917175 -0.020378741614 0.00905742836682 -0.0165658762504 0.0267601555107 0.0154368922967 0.00537118021875 0.00509014052272 0.0192463640369 0.0154252129714 0.000218013031396 0.0152175537367 -0.0105809554882 0.00990491378902 0.0217008730363 0.00626862437773 
0.035418020338 0.038434225133 0.0128026765633 0.0215922599886 0.00781099274423 0.00989939710444 0.0366359039907 0.0310700373308 0.00164013291137 0.0166680528466 0.037292056982 -0.0106677040627 0.0404876472156 0.0437703985609 -0.00494453141037 0.0185246474706 0.0223615737981 0.0235922689354 0.00712558682797 0.0629522397186 0.0606472985174 0.0277854851194 0.000664432749523 0.0252423202767 0.0015385791286 -0.0238450161962 0.0374979739832 -0.000181221373523 0.0057792742266 0.256666101461 0.00654377957299 0.0173127774434 0.0355216050837 0.0128353625575 0.0232144746496 0.00423432417625 -0.00519305586549 0.000296875901002 0.00481664090302 0.0280832003681 -0.0247193389476 0.0120237857941 0.0166431205696 0.0413323401931 0.038213537855 0.0387899757878 0.00310756675372 0.0210866874719 0.00329480080829 0.00624764568153 
0.0212859796901 0.0205865325084 0.0259274863064 0.00703039046551 0.00755151014997 0.0161353114365 0.00291144487885 0.0210672513604 0.0109267861001 0.0211406510309 0.0344634817787 0.0109348016721 0.0122624184705 0.0402604899113 0.0355298282412 0.0459740284347 0.00537412688758 0.0206898525434 -0.00381456140386 0.0119487691604 0.00862178606503 0.00840106282356 0.0225953954787 0.00537902554364 0.0108262284779 0.0132577549886 0.0361192368289 0.0151025523625 0.00760390920956 0.00654377957299 0.160293176901 0.0176980993379 0.0031476841923 0.0225344741825 0.0180776558505 -0.00491682709506 0.00126458000164 -0.0161757849716 0.00982825550992 0.0338539165625 0.0103356635823 0.0248498322945 0.0346759870502 0.0271796252456 0.00248991066016 0.0186289962508 -0.00456954260428 0.0181112224555 0.00789180578153 0.0055813973698 
0.0125557144473 -0.000937195400698 -0.000978276695125 0.0180383453104 0.0178485884543 -0.00116484697385 0.00296193642639 0.0155620133312 0.0197511642761 0.0137317275074 0.00190085375045 0.0152518973598 0.0387364029374 0.0253923714441 0.0148419721147 0.0140836926977 0.00773712877215 0.0292130219013 0.0170676214235 -0.00726408741392 0.0588091936023 0.0318752547807 -0.00437375690094 0.0288014611329 0.0111136676633 0.0032007930387 0.0386133815968 0.0365268736057 0.00764346193907 0.0173127774434 0.0176980993379 0.239991936673 0.00883272358972 0.0247673656632 0.0167467139036 0.00111853440512 -0.0111740284251 -0.00589121917389 0.00158743426895 0.0284027342798 -0.00330968698198 0.00589523986122 0.00447638168934 0.0266875687471 0.0166724002961 0.0131647218423 0.00859714084272 0.021328102009 0.0165951646366 0.0130266623516 
0.0256305362416 0.00643990600546 0.00660768622931 0.00405186938278 0.022537740806 0.0120115280409 -0.00661853928267 0.022082692064 0.0247737271341 0.00879417099979 0.0412736926472 0.010209854412 0.0366500466077 0.0494119524504 0.0372308890281 0.0166998891909 0.00166589727624 0.0249894633816 0.012057793876 0.0336810283668 0.0284197549737 0.00750768272804 0.0319646975519 0.00249621760946 0.00172184474981 0.00313404507925 0.0114553759457 0.0110861460277 0.00302732313758 0.0355216050837 0.0031476841923 0.00883272358972 0.194591427661 0.0232639187877 0.00422820142714 -0.00058970712438 0.0166876666164 -0.000977727670201 0.0123163395055 0.0315006303337 0.0147294790056 0.0407355802175 0.0371337541946 0.0136013519856 0.0167901444312 0.00525730266996 0.019487287008 0.0149896985826 0.0278371872567 0.0235350906196 
0.039117057076 0.0251546132152 0.0302893397083 0.0169933010006 0.0120885706737 0.0122335178936 -0.0375730127261 0.0359457079078 0.019972512914 0.024838116821 0.0125544358046 -0.00511302092751 0.0178758659807 0.0166559238331 0.0401530291264 0.0427415241686 0.0416320907154 0.0294473811069 -0.00748086877907 0.0216709562951 0.0174399201939 0.0619895714641 -0.00587605796471 0.0563876179189 0.0755603730699 0.0141485396743 0.0218111661441 0.0334086996134 0.0216799514642 0.0128353625575 0.0225344741825 0.0247673656632 0.0232639187876 0.662716519011 0.00528190837131 -0.024475206708 0.00877835657088 -0.0183164352064 0.00968315525588 0.140901940507 0.0538223165905 0.00699405104634 0.0221773963873 0.0143411314425 0.0332119788132 0.0557730134026 0.00313558771094 0.0160488693037 0.00813107886765 0.00640022273364 
0.0246431917171 0.00465852150902 0.0022448812209 0.00632729281711 0.0116106284064 0.00563318115138 0.00665402600144 0.0162031005173 0.0271441914194 0.0235153567633 0.0363832869755 0.0113902895182 0.02772719345 0.02082729944 0.0118592666354 0.0303264514815 0.0392948561365 0.0360198062961 0.00644564561639 0.0353513839375 0.0280232658778 0.0107923234488 0.00578828705425 0.0163416020234 0.0282796824934 0.00942926249969 0.0274780214008 0.0158764682526 0.0188878917175 0.0232144746496 0.0180776558505 0.0167467139036 0.00422820142714 0.00528190837131 0.253821923334 -0.0116101153999 0.0186812360259 -0.0138194806317 0.0021281631606 0.039280000036 0.0265595281009 0.0336927824697 0.0236406558476 0.0361396713249 0.0242841673761 0.00646422918873 0.0104984778375 0.0254846726371 0.00707044987946 0.00633552273765 
-0.000943129400972 -0.0357676968869 -0.00830021802713 -0.0522164802901 -0.0132597575946 0.0290955486067 -0.00714625743352 0.00291264299579 -0.00953271643294 -0.0112010251783 -0.0115666554972 -0.0166083215664 0.00554138773735 -0.0131759487605 -0.0220826811708 -0.0196439409926 0.00199064778071 0.0182380374678 -0.0183038045582 -0.0106902745491 0.00817335231075 -0.0114600420456 -0.0263068716598 0.0362020888396 -0.0167619277314 0.00639808231612 -0.0172164503965 0.0211156391957 -0.020378741614 0.00423432417625 -0.00491682709506 0.00111853440512 -0.000589707124379 -0.024475206708 -0.0116101153999 2.48024397833 0.00546539548398 1.11181075984 -0.00321601195945 -0.0337174948508 0.000775763288676 -0.00348085156089 0.00374099852737 0.0105511632666 0.0100402026717 -0.034677905655 0.0138708282177 -0.0346910217626 -0.0128943874276 0.00128660714593 
0.013462344576 -0.00686370069331 0.00946204254179 0.0445968184825 0.0353677398539 0.0250535217536 -0.00766309636092 0.0289158970287 0.0250968289823 0.0122306532884 0.314815373595 0.0405473604697 0.0231540700838 0.0275419029291 0.00880522857038 0.0281431080393 0.0194450156343 0.0107103604133 0.0139433816422 0.0244203204711 0.0033005020843 0.00404550735677 0.00226835694751 -0.0420138400566 0.0371263463641 -0.0084973779247 -0.0176377520199 0.00309160886847 0.00905742836682 -0.00519305586549 0.00126458000164 -0.0111740284251 0.0166876666164 0.00877835657087 0.0186812360259 0.00546539548398 0.736386676855 0.01745724665 -0.00298125587953 0.0428078327651 -0.000141998712586 0.0250169946208 0.003706108426 0.00433420192444 0.00568367188864 0.0639110833554 -0.0320609537019 0.000750559986586 -0.00276342831518 0.0650573118461 
0.0125358234495 -0.0037972416233 0.00265237665483 -0.00740433161056 -0.013171938803 -0.00237415933844 0.000378639502012 0.00357189914408 -0.00536328398843 -0.0256905254471 0.00428167287556 -0.00116175409125 0.00702026371607 -0.0115968481486 0.0194222980066 0.00627739063521 0.0456986155402 -0.0106730783252 0.0282881067907 0.00946680448665 0.0217596316511 -0.00250379891529 0.00945042151371 0.00638525589609 0.0233936596381 -0.00664970799898 -0.00521845735579 0.0147796020534 -0.0165658762504 0.000296875901001 -0.0161757849716 -0.00589121917389 -0.000977727670202 -0.0183164352064 -0.0138194806317 1.11181075984 0.01745724665 0.899056740133 -0.00577788974538 -0.00836818868506 -0.0126854540985 -0.0243594180693 -0.00766122875799 -0.017468248456 -0.00999501187501 -0.0206521120019 0.00539346846627 -0.013965174529 0.00187809388579 0.00129489650075 
0.0235672370118 0.00623967760905 0.00497830140671 -0.0107889428347 0.027274770598 0.0100333323984 0.0194186536618 0.0222608230912 0.0155946026232 0.0191319814379 0.0163654422612 0.0105634613221 0.0446801161835 0.00674176975927 0.0356989196546 0.0162893552763 0.0191956475326 0.0176381370352 0.0417160853442 0.0175873953611 0.0189083304334 0.00817609377028 -0.0035465343711 -0.00333671057397 0.0270619625304 0.0126117946401 0.00312439546636 0.0207974404369 0.0267601555107 0.00481664090302 0.00982825550992 0.00158743426895 0.0123163395055 0.00968315525589 0.0021281631606 -0.00321601195945 -0.00298125587953 -0.00577788974538 0.203677418259 0.00309931513623 -0.0166098799598 0.0193059546005 0.00940014893086 0.0168062156057 0.0154724718025 0.0532351063119 0.00730438121217 0.0179561041039 0.0340002135374 0.00647475009597 
0.0588148082494 0.0394744919105 0.0178316043443 0.0127101680594 0.00728371141615 0.0209613139523 0.00760489366877 0.0423747923568 0.0390487335631 0.0454411641733 -0.00424774564083 0.0192965622073 0.0443723664086 0.0207901043948 0.0450495094498 0.263268156796 0.0352155182469 0.0584643068191 0.0389412980727 0.0224962038938 0.0242417902733 0.0291594045042 0.0396663654126 0.103788802617 0.0774858826022 0.0120260335085 0.0511078452033 0.0551171448376 0.0154368922967 0.0280832003681 0.0338539165625 0.0284027342798 0.0315006303337 0.140901940507 0.039280000036 -0.0337174948508 0.0428078327651 -0.00836818868506 0.00309931513623 0.525905678184 0.00636055282924 0.0553102526569 0.0334226203171 0.0421021851269 0.00967343426735 0.0268158065458 0.0291415901562 -0.00304295792203 0.00270973885551 0.00441144405401 
0.0033965830582 0.007890366196 0.00947531376967 -0.00199897189671 0.0214830819162 -0.00384024993312 -0.0157889722746 0.00695298864667 0.00999999401012 0.0169938806278 -0.0285106961014 0.00594677956336 0.0490649353787 0.0152098953573 0.0371985900133 0.00552584747496 0.0139820135797 0.00310860133236 0.000430420592252 0.00712430664527 0.0223467863624 0.035519616586 0.00143721790723 0.00393536746898 0.069294119009 0.0170485884649 0.023760397844 0.0253030049518 0.00537118021875 -0.0247193389476 0.0103356635823 -0.00330968698198 0.0147294790056 0.0538223165905 0.0265595281009 0.000775763288677 -0.000141998712587 -0.0126854540985 -0.0166098799598 0.00636055282923 0.958789505612 0.0159593495341 0.0115214528381 0.0595501825635 -0.0202512539729 0.00037298328427 0.00178442873657 0.00524758387134 -0.0110288513589 0.0224187657168 
0.0281443640078 0.014299352511 0.0207579136743 0.0222791175713 0.0218680309722 0.027282075488 0.0320577279575 0.0249823135583 0.0176465000856 0.0146463860174 -0.00269256234842 0.0284079977576 0.0305960220268 0.0168715865178 0.0229602459235 0.0526963064689 0.00159083293675 0.0318964538999 -0.0133728018177 0.00851815404409 0.0166173814166 0.0319764728449 0.0321628786413 0.0135002258473 0.0221073946775 0.0197575670007 0.0270056561955 0.000232991199713 0.00509014052272 0.0120237857941 0.0248498322945 0.00589523986122 0.0407355802175 0.00699405104634 0.0336927824697 -0.00348085156089 0.0250169946208 -0.0243594180693 0.0193059546005 0.0553102526569 0.0159593495341 0.22281932471 0.0297654358864 0.0343168623745 -0.001192166114 0.0236297086958 0.0167814465917 0.0181215196342 0.020007615391 -0.00055311074127 
0.0242076695736 0.0105226855546 -0.00150334327666 0.0153497460919 0.0189913384467 0.0179686048852 0.0108592355577 0.0196825887113 0.02447516895 0.0192842717741 0.0276129288615 0.0171013564524 0.0228324923518 0.0203093118331 0.0010543227005 0.0309036102553 0.00225220395827 0.0189780715452 0.00208733247993 0.00518073805332 0.00423493771148 4.120051125e-05 0.0129963823632 0.00298972493522 0.00452502197959 0.00743077745963 0.0176805130635 0.0083690824022 0.0192463640369 0.0166431205696 0.0346759870502 0.00447638168934 0.0371337541946 0.0221773963873 0.0236406558476 0.00374099852737 0.003706108426 -0.00766122875799 0.00940014893086 0.0334226203171 0.0115214528381 0.0297654358864 0.129696656687 0.0181978734067 0.0105001853855 0.0175218919437 0.00977448951823 0.0127086841436 0.0250971235367 0.00723598615788 
0.0116686378695 0.0119527502601 0.0148812986493 0.00277679422152 0.0242547574707 -0.00241977990783 0.0179365702457 0.021148344233 0.0219180692896 0.0305863028683 0.0140866759664 0.0311551271604 0.0375180196786 0.0205985483772 -0.000449387662674 0.0471008804698 0.0330150868345 0.0101460678233 0.0190211164011 0.0305783521289 0.0321164319459 0.0282264675085 0.0320382622993 0.0342906074927 0.00682082272732 0.00609042203248 0.0375139136694 0.00712688687024 0.0154252129714 0.0413323401931 0.0271796252456 0.0266875687471 0.0136013519856 0.0143411314425 0.0361396713249 0.0105511632666 0.00433420192444 -0.017468248456 0.0168062156057 0.0421021851269 0.0595501825635 0.0343168623745 0.0181978734067 0.190264531195 0.00287606345893 0.0317429788291 0.0148338684861 0.00969770762705 0.025539684657 -0.000190484927959 
0.0144868085289 -0.00393905493287 -0.0190087313347 -0.00846637176161 0.00800787026328 0.0169675333494 0.0205021549789 0.0129396395 0.00901725997577 0.0300993367701 0.0254355148127 0.00677115540613 0.0219407927262 0.00323697254416 -0.00516397240739 0.0194380797297 0.0145268876037 0.0279453936322 0.0213509160056 0.0322401384931 0.0145354723046 0.017226968713 -0.0109300000849 0.0286563389693 0.0104670096687 -0.00615102758328 0.0292210451103 0.0184381593069 0.000218013031395 0.038213537855 0.00248991066016 0.0166724002961 0.0167901444312 0.0332119788132 0.0242841673761 0.0100402026717 0.00568367188864 -0.00999501187501 0.0154724718025 0.00967343426735 -0.0202512539729 -0.001192166114 0.0105001853855 0.00287606345893 0.154110332854 0.00718364577118 -0.000920508243623 0.0041866779248 -0.00703591055265 0.00988813351017 
0.0242160129511 0.0239291517922 0.0225149140682 0.0240585991617 0.0238661449379 0.037294335887 0.00450628650378 0.0366883392298 0.0240707962341 0.00186464791721 0.00404951578078 0.0164387606003 0.0616169980165 0.0053395236481 0.0210632561545 0.0192144193701 0.00732332714494 0.0285260993816 0.0150226364657 0.0294537201822 0.0503407777077 0.0311502583422 -0.0171205704195 0.07261442975 0.0464452146873 -0.0219095496141 0.00300934158693 0.0131457659814 0.0152175537367 0.0387899757878 0.0186289962508 0.0131647218423 0.00525730266997 0.0557730134026 0.00646422918873 -0.034677905655 0.0639110833554 -0.0206521120019 0.0532351063119 0.0268158065458 0.00037298328427 0.0236297086958 0.0175218919437 0.0317429788291 0.00718364577118 0.434893686029 0.00889736365456 0.024454822336 0.0370627023539 0.00345669356685 
-0.00421397258837 0.00706107980492 0.0428655207304 0.0401959725996 -0.00906154168631 0.00663915567981 0.0112917774604 -0.00601478726421 0.0225628332233 0.00613108949134 -0.00888309792125 -0.0196621191367 0.0198883479484 0.000130130015544 0.00926051478869 0.0253988552206 0.0315287488339 -9.50166796244e-05 0.078922713185 0.0066548430658 0.0392604295075 -0.0113718047709 0.00422661422284 -0.0108175025417 0.0139533731221 0.000482853351054 0.0203839309304 0.00826309356743 -0.0105809554882 0.00310756675372 -0.00456954260428 0.00859714084272 0.019487287008 0.00313558771094 0.0104984778375 0.0138708282177 -0.0320609537019 0.00539346846627 0.00730438121217 0.0291415901562 0.00178442873657 0.0167814465917 0.00977448951823 0.0148338684861 -0.000920508243622 0.00889736365456 0.283768608546 0.00924964593778 0.00842041328367 0.00105829962188 
