50
0.0146303634135 0.0601344650096 0.0705908558691 0.0616353203302 0.187838769987 0.09797045465 0.134016582451 0.073470583658 0.00642009941462 0.117315051398 0.256023639664 0.0677272644226 -0.00305157485537 0.0451759103614 0.0703179731329 0.110057805124 -0.00662659235152 0.0839491815724 0.139274044211 0.114977551813 0.0181340887913 0.0994766710856 0.00788248566947 0.0637259516476 0.119808933935 0.0300310371189 0.0566389432936 0.0328562524986 0.0940944116816 0.0716337087719 0.165275344352 0.025637758891 0.0088766616328 0.0463620133958 0.101022755506 0.0615160923796 0.0444525953717 0.036872425502 0.134360436546 0.0216083944488 0.0625636206577 0.0649337142294 0.151477321577 0.0345230729479 0.0773544805674 0.0101927526284 -0.0142899737039 0.0511719962834 0.0771685990004 0.080702843163 
0.152146178551 0.0206802987741 0.00557878984997 0.0257327296881 0.0204777201676 0.0373854396701 0.00404936882543 0.0168042787652 0.00947443050604 -0.00469205403277 0.00969077381474 0.00351539464502 0.00452065076541 0.00618600216968 0.0150759134861 0.0272799233124 0.0200385920341 0.00403735383843 0.0100855612581 0.0184944730983 0.0114137233919 0.0167194589991 0.00299920564052 0.00303588940309 0.00776765530187 0.00399413070932 -0.0048925344871 0.0167628306207 -0.000368227073829 0.00383903852796 -0.00222690797504 0.00672122268413 0.0203223326305 -0.00353101324562 0.00396350154189 0.0114113956053 0.0114012033352 0.0156376253686 -0.00681954331445 0.0210382966879 0.0116612864967 0.0202069924311 0.00698528426871 0.0124959227717 0.0307408609851 0.0057581239143 0.0111529756105 0.00265562251132 0.00193881253834 -0.0185839517272 
0.0206802987741 0.279929254942 -0.00651726005369 0.0255253503399 -0.0403489331571 0.00318970534139 0.014986479447 -0.00987067817819 0.00236395279474 0.00603799515908 0.00526093267341 0.00344796386016 0.0117701313218 0.0442195192056 0.0191282927161 0.0435693899788 0.00622462081282 -0.0223341985521 0.00564882500191 0.00637909322354 0.0109231611633 -0.015083282908 0.00114868101018 -0.00524670010886 0.0155575192764 -0.00887168143406 -0.012030735856 0.0141892697841 0.024965476676 0.0173252201055 -0.0255342048503 0.0140731821998 0.00828150171883 0.00648566251781 -0.000338854459498 0.0278174479572 -0.00758537576149 -0.00658981129104 -0.00797819312535 0.0185836362321 0.0473496205841 0.023909137082 -0.00819472112999 -0.000621537079628 0.0307347285421 -0.00602076148006 0.0149048582725 0.00292850765975 0.0204617806506 -0.0378664960419 
0.00557878984997 -0.00651726005369 0.476038943802 0.00996444233524 -0.00463192120081 0.0205539998724 -0.00669025702246 0.00796332913739 0.00914661601142 0.00490850389904 0.0577354183931 0.017701037723 0.0191623902021 0.01243274411 0.00113514444618 0.0154157207237 0.00266029031474 0.0661548402062 0.0586500835477 -0.00691415865765 0.0110086668675 0.000535374203499 0.0104895931226 0.00470330741567 0.00259826534569 0.00749483329159 -0.000548836209752 0.0305159298266 0.0352450016221 -0.00773560659172 -0.0047607503493 0.00144818038114 0.0252522924552 0.00130936008739 -0.0192732554583 0.0174566679034 0.0221378506032 -0.00383290712852 0.00481438300458 -0.0049825488912 0.0198385942881 0.0250065158213 0.0398115018832 0.00992299989304 0.015237197186 0.0104282207706 0.0113241096271 -0.0142502884701 0.0286834918752 0.0188091366949 
0.0257327296881 0.0255253503399 0.00996444233524 0.284163739632 0.0205357281422 0.00732765048288 0.0151565760954 0.00415025757667 0.0121495165741 0.015136286041 0.0268452913832 0.0104907741042 0.0537146886227 0.0192562643603 0.0028868180989 0.0313348948936 0.00833518236406 0.00163506780161 0.040792672387 -0.0043863599307 0.0272176883444 0.000122218212318 0.00591777402621 -0.00731408971521 -0.000588548816302 0.0120196579449 -0.0270438400558 0.00966341699824 0.00891834476103 0.00826007044634 -0.0158435407427 0.00114862816238 0.0151381982059 0.0343680122433 0.00976436329738 0.00682217719804 0.00615355525002 0.00631561300715 0.029671808233 -0.000851703082329 0.0317754764769 0.0285341242296 0.0199155472804 -0.00693396409482 0.0381228340626 0.0155218717362 0.0160600838607 0.0119487749404 0.0195270857578 -0.0151144779567 
0.0204777201676 -0.0403489331571 -0.00463192120081 0.0205357281422 0.5851802507 0.0130931073139 0.0238243053943 0.133703430754 0.0335470378655 0.00252269459854 0.0460381774596 -0.00843092111595 -0.00817596951 -0.00917045175402 -0.00238549337141 0.0592800620797 0.0141979776798 -0.0124989182812 0.0550737654026 0.0157174149576 -0.00342442801073 0.021312823338 -0.0274239084258 0.0108233427978 0.00684592670009 0.0142357902571 -0.0193060097119 0.0276360958224 0.0451838965691 0.00516980506364 -0.0106458531883 0.0153570304671 0.0168505808326 0.0057870128166 0.00269702358598 -0.00160342913406 0.13592783053 -0.0230807505212 0.125041542284 -0.023600712678 0.0263752695332 0.0420563191767 0.0722112336081 0.0208604879669 -0.0220932594126 0.00812379221586 -0.00319252199841 -0.0101931583644 0.0498469226757 0.155833186138 
0.0373854396701 0.00318970534139 0.0205539998724 0.00732765048288 0.0130931073139 0.942332112486 0.0172219603906 0.0226356468643 0.000353638426636 0.00123499055128 -0.00703756775019 0.115350666677 0.00190110283381 0.00984875381181 -0.0169497367745 0.00171133127348 -0.00792503222451 0.08528458474 0.112151339015 0.0220602391011 -0.0127867726122 0.00610721703111 0.0607236534084 -0.005374851621 -0.0322003796369 -0.006119635364 0.0109304777921 -0.0203355766946 0.0332907138645 0.0159200975061 0.00881554646292 0.0545504874609 0.0367331704922 0.00933028561651 -0.0166190508815 0.0456199920582 -0.00691983502451 0.0158214325826 -0.0399737592738 0.0129734683521 0.0397126408507 -0.00222652545834 -0.00894154195087 0.00151925152077 0.0201811926058 0.0255916112387 -0.0127967545647 -0.00388766250744 0.00511175024281 0.0127332567209 
0.00404936882543 0.014986479447 -0.00669025702246 0.0151565760954 0.0238243053943 0.0172219603906 0.220371264622 0.0130325615228 0.0204157850073 0.00559601923035 0.00187046561545 0.024534347771 0.000465123397139 0.00701668977296 0.0270472604732 0.0245569152408 0.0170669394886 0.0380267498306 0.0297698268774 0.0016033868213 0.0180794658977 -0.0151599903048 0.0224708567187 0.00681954744663 0.0126629956142 0.0176444577459 0.00396024354058 0.0202772784809 0.0296695392177 0.00684479168413 0.00786559041961 0.011257359758 0.0166872633151 0.0128622410385 0.00449298661075 0.0245190536985 0.0110850076253 0.00874536141962 0.0139576072206 0.0290410236283 0.0294918887182 0.0240333436758 -0.00887947321332 0.00979710100734 0.0125625937892 0.0131388742887 0.00453432157864 0.0188273353386 0.0209979563552 0.0127550467732 
0.0168042787652 -0.00987067817819 0.00796332913739 0.00415025757667 0.133703430754 0.0226356468643 0.0130325615228 0.403218716285 0.0246351045973 -0.00431770832941 0.0667585167321 0.00735668102328 0.00732094306641 0.00194721411226 0.0107023498327 0.0322722505883 0.024104811185 -0.0045033868774 0.0552614025507 0.073424868661 0.0273285732262 0.0079869031321 0.0234579357334 0.0254519003914 0.0450927784236 0.0190409097717 0.0122668135558 0.0304652258046 -0.0010224239759 0.000584699753005 -0.00331357547089 0.0424927356694 0.0334634319428 -0.0216082077084 0.00809310740142 0.0155475299566 0.0679394431578 0.031279256228 0.0453118709342 0.015591652881 0.0174661884556 0.034662096913 0.168818553142 0.0259917154957 -0.00303488911206 0.0151910301075 0.00362053286668 0.0236289243911 0.021156655082 0.0541202153488 
0.00947443050604 0.00236395279474 0.00914661601142 0.0121495165741 0.0335470378655 0.000353638426636 0.0204157850073 0.0246351045973 0.137022909189 0.0076227150392 -0.0149335330607 0.00821680412301 0.0204779236051 -0.00689212662642 0.0240599611504 0.00580924924714 0.0573004761781 0.000126363495227 0.0131683316985 0.0184932005549 0.0355221199117 0.00317864043347 0.0127084272538 0.0174804435819 0.0182531768651 0.0167338787096 -0.0145742044827 0.0137657978413 0.0303659188944 0.0112382815256 0.00186370623671 0.00551037016185 0.0267636760069 0.0268325405791 0.0133237465557 0.0224047704093 0.0229296267497 0.0343021281887 0.0448306503479 0.00920839750159 -0.00657557608743 0.0225242964664 0.0109713568488 0.000146418170248 -0.00245055883847 0.00236797873019 0.00847849581055 0.0139531971234 0.037315342636 0.0233998248864 
-0.00469205403277 0.00603799515908 0.00490850389904 0.015136286041 0.00252269459854 0.00123499055128 0.00559601923035 -0.00431770832941 0.0076227150392 0.33974083556 -0.00664101219848 0.0180686806233 0.0160585226449 -0.0045252068887 0.0303701304635 0.00936215673439 0.00945846505743 -0.0190177555549 0.0230874390793 -0.024711012149 0.00142993073401 -0.00124797866505 0.0072981636826 0.0349279197318 0.0523715098966 0.000526133884708 0.00576116513944 -0.000163847840976 -0.015583104564 0.00556309474259 0.0909434751218 0.0143690193602 -0.0257308262561 0.0017398346847 0.0844796010582 0.00662781393696 0.00809732312836 0.0156110497729 0.0493241323709 0.0163847343663 0.0383250196651 0.0172115348423 0.0149672706453 0.0183854287986 0.0387856371195 0.0150345126663 0.030760611891 0.0283008353802 0.0125203876778 -0.0254905922885 
0.00969077381474 0.00526093267341 0.0577354183931 0.0268452913832 0.0460381774596 -0.00703756775019 0.00187046561545 0.0667585167321 -0.0149335330607 -0.00664101219848 0.701695600827 0.0139016682466 0.00107893312855 0.0501162443872 0.0199891275727 0.0628971863734 0.00178484312385 -0.0102112761968 0.0435254310689 -0.0176602433407 -0.00805662140579 0.00964367482759 0.0282693077634 -0.0121664775562 -0.0134407696165 -0.0176397718055 0.0107901039853 0.00355016377715 0.0699739355246 -0.00338132965797 -0.00734328682973 0.00297293508555 0.0153416231475 -0.00541985013165 0.000304752145106 0.0252140926053 0.0311570643563 0.00787789853939 -0.0124847313384 0.0114563014231 0.0306964943569 0.0308545242267 0.00541938762454 0.0318390585254 0.0471067125512 0.0341439085294 0.0185612546595 -0.0028492409777 0.0361120379309 0.0461102280169 
0.00351539464502 0.00344796386017 0.017701037723 0.0104907741042 -0.00843092111595 0.115350666677 0.024534347771 0.00735668102328 0.00821680412301 0.0180686806233 0.0139016682466 0.277419086894 -0.00637553684766 0.0104452162079 0.0116063560172 0.00438296082266 0.0152108967039 0.0253443624214 0.0390068507386 -0.00338981833605 -0.000978944127956 -0.00901734201139 0.0455936323193 0.00624590663185 -0.0120489426848 0.004099160075 0.0183460187476 -0.00131908478256 0.00331979287536 -0.0141552974397 -0.00305678099767 0.0323074042957 0.0163650993018 0.0274707257459 -0.0020665410651 0.0231805534969 -0.00529880526863 0.0190324335755 0.0143931954235 0.00886927271393 0.0178085344537 0.0134475530723 0.00870893400128 0.0157971972989 0.0193254070755 0.015902823627 0.0112641136218 0.0131762411246 0.00155962560761 -0.020683139463 
0.00452065076541 0.0117701313218 0.0191623902021 0.0537146886227 -0.00817596951 0.00190110283381 0.00046512339714 0.00732094306641 0.0204779236051 0.0160585226449 0.00107893312855 -0.00637553684766 0.208405021858 0.0346255807064 -0.000485620468738 0.0332996640243 0.0137376508732 -0.0138472287959 0.0241800363707 -0.0159090557006 0.0270048040963 0.0147195009145 0.0150079845749 0.0258789014106 0.00480409183932 0.00934063332695 -0.0160185399117 -0.00279584480304 0.00197921218044 0.00722232802644 -0.0108922683919 0.00629533991313 0.00869801734805 0.0347821726745 0.0211996723602 0.0131396381396 0.013676656236 0.00750614743895 0.0317326228661 0.006217175712 0.0405770295553 0.0197581454463 0.00439490784026 0.00888703177287 0.0234119241196 0.0256291919916 0.0129917656991 -0.00218923687383 0.0362011488912 -0.0079393153162 
0.00618600216968 0.0442195192056 0.01243274411 0.0192562643603 -0.00917045175402 0.00984875381181 0.00701668977296 0.00194721411226 -0.00689212662642 -0.0045252068887 0.0501162443872 0.0104452162079 0.0346255807064 0.364706098678 0.0137361679192 0.0762556912619 0.00989097521495 0.00638001198666 0.00977311603303 0.0228479718321 0.0558163612989 0.0167300249574 0.015807323038 0.0231121575156 0.0143098262493 0.00882434755415 -0.0060297532794 0.00315504451968 0.0281344190728 0.0284066725264 -0.0163968698801 0.0212400980398 0.0109512475169 0.0159685338755 0.0192642693212 0.00573258858172 0.0252834483585 0.0112797455972 0.0360227743598 0.0092100936607 0.0446783095649 0.0118731393522 0.0148662686394 0.023250723949 0.0138545419006 0.0135783264353 0.00628312698766 -0.00565277288738 0.0164285995072 0.0134643005348 
0.0150759134861 0.0191282927161 0.00113514444618 0.0028868180989 -0.00238549337141 -0.0169497367745 0.0270472604732 0.0107023498327 0.0240599611504 0.0303701304635 0.0199891275727 0.0116063560172 -0.000485620468738 0.0137361679192 0.274469061514 0.00013965252578 0.0192641622704 -0.00409996998795 -0.0143984110349 0.00982351004845 0.0117545464415 0.00696102620569 0.0181606639881 0.0118575883236 -0.000577553732254 0.0291681527781 0.0116136664261 0.0157493863527 -0.00945197685421 0.00351471530365 0.00263698493147 0.00664140248986 -0.00483497775672 -0.0195627601816 0.0105913282422 0.0330063942958 0.0162495564844 0.00383203709292 0.0238565204475 0.0301007956608 0.0187334014322 0.0152049605736 0.0424211266083 0.00963655903002 0.00375644642525 0.0109252156073 0.0241841410823 0.0284382620692 0.0242984934841 0.00193135040919 
0.0272799233124 0.0435693899788 0.0154157207237 0.0313348948936 0.0592800620797 0.00171133127348 0.0245569152408 0.0322722505883 0.00580924924714 0.00936215673439 0.0628971863734 0.00438296082266 0.0332996640243 0.0762556912619 0.00013965252578 0.443506636383 0.0336818699607 0.0521379336569 0.0409227949382 -0.000571566187873 0.0469351463351 0.0347175952988 0.0451543442982 0.0241458485087 -0.0351773064151 -0.0110451197107 0.000919408614879 0.0489966234134 0.058129044841 0.0152703811053 -0.016027367099 0.0274706380295 0.00336813098406 0.0552062339172 0.0280442413473 0.0483408662355 0.0277288887463 0.0367552580717 0.0225981984675 0.0108599150834 0.0574580241184 0.0236516059174 0.0158832469198 0.0470231527538 0.0630097485368 0.0423668007849 0.0155443732308 0.0178443096356 0.038561264802 0.0380788881788 
0.0200385920341 0.00622462081282 0.00266029031474 0.00833518236406 0.0141979776798 -0.00792503222451 0.0170669394886 0.024104811185 0.0573004761781 0.00945846505743 0.00178484312385 0.0152108967039 0.0137376508732 0.00989097521495 0.0192641622704 0.0336818699607 0.157508474466 0.00849291680026 0.0146746754201 0.0134889636849 0.0361529309278 0.0157151493063 0.0252772657834 0.00676380577619 0.0302850093458 0.0335233958276 0.00288586022989 0.0222322416054 0.026086649103 0.00648638217354 -0.00119121968714 0.00180040672354 0.0207577599155 0.0145938285315 0.00348639728764 0.0115447525638 0.031796809236 0.0158820019296 0.0177023163034 0.00875658086819 -6.69999313296e-05 0.0212654211166 0.0154541692315 0.0199533248953 0.0177607819138 0.0108057236682 0.00994334745195 0.00450800837173 0.0286102002306 0.0371258566337 
0.00403735383843 -0.0223341985521 0.0661548402062 0.00163506780161 -0.0124989182812 0.08528458474 0.0380267498306 -0.0045033868774 0.000126363495227 -0.0190177555549 -0.0102112761968 0.0253443624214 -0.0138472287959 0.00638001198666 -0.00409996998795 0.0521379336569 0.00849291680026 0.560729402988 0.142328962844 -0.00188299029432 -0.00313830647278 0.0202848073155 0.0430005306336 -0.00225547109484 -0.0294745154453 -0.00983701289614 0.0198872726923 0.00550117938763 0.00226540136346 0.0327492599352 0.0193645375543 0.0348901753484 0.0377738701414 0.00824256952667 -0.0170277015064 0.0347002840973 0.00394561329846 0.010306042339 -0.012056996714 0.107616843936 0.0208992687805 0.00645783339807 -0.0264869773423 0.0254939007785 -0.00668670127534 0.0354096944532 0.0184888554397 -7.43718926734e-05 0.0309437867853 -0.00276882353035 
0.0100855612581 0.00564882500191 0.0586500835477 0.040792672387 0.0550737654026 0.112151339015 0.0297698268774 0.0552614025507 0.0131683316985 0.0230874390793 0.0435254310689 0.0390068507386 0.0241800363707 0.00977311603303 -0.0143984110349 0.0409227949382 0.0146746754201 0.142328962844 0.608478720378 0.0274815945298 0.0319094512335 0.0104695063679 0.0173383478722 0.0244472968522 -0.00376473534325 -0.0074727000651 0.0149525405691 0.0746023665899 0.0614293341929 -0.00457951052683 -0.0318911524775 0.0642858462545 0.0463500644932 -0.0116953613428 -1.95686880349e-07 0.0250542417665 0.0170609565533 0.0116873238433 -0.00468068608558 0.0125573239042 0.00918820694356 0.0409976785814 0.0611329155104 8.60899131804e-05 0.0706915683686 0.0435617272014 0.0235740848608 -0.00934975607413 0.0583770448236 0.0402994190737 
0.0184944730983 0.00637909322354 -0.00691415865765 -0.0043863599307 0.0157174149576 0.0220602391011 0.0016033868213 0.073424868661 0.0184932005549 -0.024711012149 -0.0176602433407 -0.00338981833605 -0.0159090557006 0.0228479718321 0.00982351004845 -0.000571566187874 0.0134889636849 -0.00188299029432 0.0274815945298 0.603100302389 0.0132750250788 0.00805953456735 -0.00546628865338 0.0172123738944 -0.0120239065752 -0.00071303817823 0.0355091421828 0.033725741312 0.0320904365669 -0.0131988808336 -0.037973190426 0.0587246455807 0.00402891146919 0.0383918501518 0.00771152784859 0.0126388280614 -0.00118122061618 0.0220595169457 0.0196313919753 0.00388779553298 0.00679060871126 0.0243982640066 0.0320228074633 0.0173251126948 0.0144712578175 -0.0191340568614 0.00659638367833 0.00826788646543 0.0392482063414 0.00771692376774 
0.0114137233919 0.0109231611633 0.0110086668675 0.0272176883444 -0.00342442801073 -0.0127867726122 0.0180794658977 0.0273285732262 0.0355221199117 0.00142993073401 -0.00805662140579 -0.000978944127956 0.0270048040963 0.0558163612989 0.0117545464415 0.0469351463351 0.0361529309278 -0.00313830647278 0.0319094512335 0.0132750250788 0.281672390095 -0.00411452302342 0.0148806456498 0.0209568898625 -0.00462380970947 0.00638553735219 0.035243037728 0.0329599048905 0.0420272003882 0.0111854521156 -0.0185704311503 0.00717668353568 0.00734332785886 0.00061594121432 0.00774138135059 0.0335018972343 0.00354246995527 0.024559352787 0.0399228050923 0.00391470438911 0.0075297024984 0.00662095432201 0.00981169500984 0.00304431702471 0.0183338370332 0.000514467035949 0.0173231621653 0.00065436033328 0.0449085028075 0.0219750235939 
0.0167194589991 -0.015083282908 0.000535374203498 0.000122218212319 0.021312823338 0.00610721703111 -0.0151599903048 0.0079869031321 0.00317864043347 -0.00124797866505 0.00964367482759 -0.00901734201139 0.0147195009145 0.0167300249574 0.00696102620569 0.0347175952988 0.0157151493063 0.0202848073155 0.0104695063679 0.00805953456735 -0.00411452302342 0.414598425733 0.00155755085173 0.00233934177778 0.0493511693048 0.0298878806926 0.0335378482292 -0.0259114120539 -0.0147546260718 0.01218149642 0.0197765881978 0.0212933732479 0.0281520852231 -0.00444003072717 0.00446579874089 -0.0105821126462 0.0296088784607 -0.00638139620593 -0.0104242511739 0.0146303576815 0.00589960676707 0.0496540274981 0.103266490978 0.101334677286 0.0182824126293 0.024656952464 -0.00219913029994 0.0082200758775 0.033856337094 0.000360592451016 
0.00299920564052 0.00114868101018 0.0104895931226 0.00591777402621 -0.0274239084258 0.0607236534084 0.0224708567187 0.0234579357335 0.0127084272538 0.0072981636826 0.0282693077634 0.0455936323193 0.0150079845749 0.015807323038 0.0181606639881 0.0451543442982 0.0252772657834 0.0430005306336 0.0173383478722 -0.00546628865338 0.0148806456498 0.00155755085173 0.20820377678 0.00757386350487 -0.00762449985252 0.0145262846214 0.00384649965649 0.0113299069148 0.0388312489028 0.00969565572902 0.0365177248607 0.00717253645543 0.0260217536611 0.0332073556079 0.0285796984528 0.0412557553613 0.0085605613538 0.0102579655008 -0.00143992376332 0.015689895967 0.021369254335 0.0145855683745 0.0333465394596 0.0294734528997 0.0242941437092 0.0246370110923 0.0186947278264 0.0205176260323 0.0246122551409 0.0214918718726 
0.00303588940309 -0.00524670010886 0.00470330741567 -0.00731408971521 0.0108233427978 -0.005374851621 0.00681954744663 0.0254519003914 0.0174804435819 0.0349279197318 -0.0121664775562 0.00624590663185 0.0258789014106 0.0231121575156 0.0118575883236 0.0241458485087 0.00676380577619 -0.00225547109484 0.0244472968522 0.0172123738944 0.0209568898625 0.00233934177778 0.00757386350487 0.194505316562 -0.0142963660925 0.00940244237815 0.0101523196423 0.0171379792885 0.0219610391455 0.0139619146454 -0.00670289121227 0.0147665321693 0.0255361493882 0.00934621205747 0.00980841306178 0.00693754245071 0.00609049522607 0.00547612893406 0.0180869840373 0.00726540911154 0.0204371913026 0.0209131475216 0.015692458841 -0.00153624952485 0.0243306427748 0.0389981514505 0.0112870034133 0.000697408895671 0.0268649982516 0.0128883208233 
0.00776765530187 0.0155575192764 0.00259826534569 -0.000588548816302 0.00684592670009 -0.0322003796369 0.0126629956142 0.0450927784236 0.0182531768651 0.0523715098966 -0.0134407696165 -0.0120489426848 0.00480409183932 0.0143098262493 -0.000577553732254 -0.0351773064151 0.0302850093458 -0.0294745154453 -0.00376473534325 -0.0120239065752 -0.00462380970947 0.0493511693048 -0.00762449985252 -0.0142963660925 0.638146655541 -0.00365665806716 -0.00336181578147 0.0124791600813 0.0149393064805 0.010755661379 -0.00288282693599 -0.0182953241862 0.0181089184261 -0.00849682712087 -0.010779591781 -0.00388803452319 0.00242332954802 0.00722540513339 0.050834603136 -0.00496181796344 -0.0315734667426 0.0104990637054 0.0259985102823 0.00414039902576 0.0138169889062 0.0149687486916 -0.00313822930177 -0.00515425482636 0.00977411745521 -0.00814110483812 
0.00399413070932 -0.00887168143406 0.00749483329159 0.0120196579449 0.0142357902571 -0.006119635364 0.0176444577459 0.0190409097717 0.0167338787096 0.000526133884708 -0.0176397718055 0.004099160075 0.00934063332695 0.00882434755415 0.0291681527781 -0.0110451197107 0.0335233958276 -0.00983701289614 -0.00747270006509 -0.00071303817823 0.00638553735219 0.0298878806926 0.0145262846214 0.00940244237815 -0.00365665806716 0.252287945808 -0.017932196999 -0.00353237173434 -0.00934919922099 0.022870848944 -0.010230002949 -0.00710678506507 0.0530591619118 -0.00319175764962 0.00848879188679 0.00993367788705 0.00964631588129 0.0029072220178 0.0176684078763 0.00260033915764 0.00560206932305 -0.00400264276607 0.0119816549218 0.00132981356993 0.00472752584831 0.0167059547 0.00119571240744 0.0231669230024 0.00882109681913 0.043730967408 
-0.0048925344871 -0.012030735856 -0.000548836209752 -0.0270438400558 -0.0193060097119 0.0109304777921 0.00396024354058 0.0122668135558 -0.0145742044827 0.00576116513944 0.0107901039853 0.0183460187476 -0.0160185399117 -0.0060297532794 0.0116136664261 0.000919408614879 0.00288586022989 0.0198872726923 0.0149525405691 0.0355091421828 0.035243037728 0.0335378482292 0.00384649965649 0.0101523196423 -0.00336181578147 -0.017932196999 0.193247213677 -0.00321603620198 0.0163064087232 0.0111811319191 -0.0244750533303 0.00474282829369 0.0105522432673 0.0101624628371 0.0233975850031 0.0145433299952 0.00125618272221 0.00123175285053 -0.000603736355958 0.00588164492458 0.0251818536761 0.0115944663137 0.00839296073027 0.0151212886028 0.0125700547185 -0.00248327563541 0.0026601872277 -0.00708402687706 0.000443400547548 0.0177536946699 
0.0167628306207 0.0141892697841 0.0305159298266 0.00966341699824 0.0276360958224 -0.0203355766946 0.0202772784809 0.0304652258046 0.0137657978413 -0.000163847840976 0.00355016377715 -0.00131908478256 -0.00279584480304 0.00315504451968 0.0157493863527 0.0489966234134 0.0222322416054 0.00550117938763 0.0746023665899 0.033725741312 0.0329599048905 -0.0259114120539 0.0113299069148 0.0171379792885 0.0124791600813 -0.00353237173434 -0.00321603620198 0.312868230857 0.0571787443544 0.0021981047635 0.00499361741574 0.000428966885761 0.0231256816168 0.0249622077616 0.000331530037918 0.0120042976882 0.0232931694827 0.00312370361471 0.00785816206292 -0.00168641882048 0.008565548065 0.0124439662578 0.0267070284905 0.0243476105453 -0.0165005681585 0.0193597671045 -0.0075476221263 0.00427730917274 0.0136088953959 0.0158990478725 
-0.000368227073829 0.024965476676 0.0352450016221 0.00891834476103 0.0451838965691 0.0332907138645 0.0296695392177 -0.0010224239759 0.0303659188944 -0.015583104564 0.0699739355246 0.00331979287536 0.00197921218043 0.0281344190728 -0.00945197685421 0.058129044841 0.026086649103 0.00226540136346 0.0614293341929 0.0320904365669 0.0420272003882 -0.0147546260718 0.0388312489028 0.0219610391455 0.0149393064805 -0.00934919922099 0.0163064087232 0.0571787443544 0.34989721524 0.0181152645833 0.0111358433905 0.0214813383155 0.0396326179578 0.0492864453183 0.0113853757675 0.0220681087209 0.00171947281956 0.00734754603488 0.0171854898687 0.00540141425982 0.00290911594034 0.0310320672148 0.0284117535654 0.0140158924249 0.0182289135491 0.0252704499883 0.0362162753261 -0.00512727398955 0.023112656727 0.0417150389754 
0.00383903852796 0.0173252201055 -0.00773560659172 0.00826007044634 0.00516980506364 0.0159200975061 0.00684479168413 0.000584699753006 0.0112382815256 0.00556309474259 -0.00338132965797 -0.0141552974397 0.00722232802644 0.0284066725264 0.00351471530365 0.0152703811053 0.00648638217354 0.0327492599352 -0.00457951052683 -0.0131988808336 0.0111854521156 0.01218149642 0.00969565572902 0.0139619146454 0.010755661379 0.022870848944 0.0111811319191 0.0021981047635 0.0181152645833 0.174537304219 -0.0196468432119 0.0102638671262 0.00403698278825 0.0157972696769 0.0177430334527 0.0366672856404 0.00994364216674 0.0135586472157 0.020205161376 0.00965875836837 0.0292732084753 0.00896298969277 0.00462587938706 0.000175488899381 0.0108367656904 -0.00459435587094 0.0135482285152 -0.00389379681542 0.0257437913033 -0.00477769039998 
-0.00222690797504 -0.0255342048503 -0.0047607503493 -0.0158435407427 -0.0106458531883 0.00881554646292 0.00786559041961 -0.00331357547089 0.00186370623671 0.0909434751218 -0.00734328682973 -0.00305678099767 -0.0108922683919 -0.0163968698801 0.00263698493147 -0.016027367099 -0.00119121968714 0.0193645375543 -0.0318911524775 -0.037973190426 -0.0185704311503 0.0197765881978 0.0365177248607 -0.00670289121227 -0.00288282693599 -0.010230002949 -0.0244750533303 0.00499361741574 0.0111358433905 -0.0196468432119 1.35017552058 0.0111432426855 -0.0370286128306 0.00585585126266 0.237623098888 -0.000727668998634 0.00722917641132 -0.00542469843594 -0.00396987723487 0.0264655378484 -0.0140730495652 0.0036423501853 -0.0259004738354 0.00103594399084 -0.0209083588351 0.0056322180498 -0.00788605362364 0.0145208303835 0.00559633257703 -0.00640379830395 
0.00672122268413 0.0140731821998 0.00144818038114 0.00114862816238 0.0153570304671 0.0545504874609 0.011257359758 0.0424927356694 0.00551037016185 0.0143690193602 0.00297293508555 0.0323074042957 0.00629533991313 0.0212400980398 0.00664140248986 0.0274706380295 0.00180040672354 0.0348901753484 0.0642858462545 0.0587246455807 0.00717668353568 0.0212933732479 0.00717253645543 0.0147665321693 -0.0182953241862 -0.00710678506507 0.00474282829369 0.000428966885761 0.0214813383155 0.0102638671262 0.0111432426855 0.251452250119 0.0147112137923 0.00121501228437 -0.000828249044564 0.0317846374479 0.0167358421659 0.0224092088436 0.0394269766424 0.0260485968076 0.020731778888 0.00597437147824 0.0513760357735 0.0224184993551 0.00381989808292 0.0160691747401 0.0132274828157 -0.00949838118254 0.00604967583149 0.00492792213548 
0.0203223326305 0.00828150171883 0.0252522924552 0.0151381982059 0.0168505808326 0.0367331704922 0.0166872633151 0.0334634319428 0.0267636760069 -0.0257308262561 0.0153416231475 0.0163650993018 0.00869801734805 0.0109512475169 -0.00483497775672 0.00336813098406 0.0207577599155 0.0377738701414 0.0463500644932 0.00402891146919 0.00734332785886 0.0281520852231 0.0260217536611 0.0255361493882 0.0181089184261 0.0530591619118 0.0105522432673 0.0231256816168 0.0396326179578 0.00403698278825 -0.0370286128306 0.0147112137923 0.257184026664 0.0278184485311 -0.0220140882767 0.0274786751103 0.0320904156623 0.00590131642363 -0.00914971406908 0.0169313980059 0.0201057549105 0.040101535194 0.0333660134915 0.0100694100933 0.0248404960659 0.027051107691 0.0306560183682 -0.00125560190382 0.0211104105332 0.0549606040138 
-0.00353101324562 0.00648566251781 0.00130936008739 0.0343680122433 0.0057870128166 0.00933028561651 0.0128622410385 -0.0216082077084 0.0268325405791 0.0017398346847 -0.00541985013165 0.0274707257459 0.0347821726745 0.0159685338755 -0.0195627601816 0.0552062339172 0.0145938285315 0.00824256952667 -0.0116953613428 0.0383918501518 0.00061594121432 -0.00444003072717 0.0332073556079 0.00934621205747 -0.00849682712087 -0.00319175764962 0.0101624628371 0.0249622077616 0.0492864453183 0.0157972696769 0.00585585126266 0.00121501228437 0.0278184485311 0.388628338397 0.0159924048267 0.018781976342 0.0026436052018 -0.0138051436262 0.00782671941602 0.0130340778149 0.00066560723461 0.0111025083299 0.0118026150286 -0.00300991317677 0.00450086391934 0.00368457521789 0.0534199127398 0.0197251795952 0.0116256887054 0.0269175847737 
0.00396350154189 -0.000338854459498 -0.0192732554583 0.00976436329738 0.00269702358598 -0.0166190508815 0.00449298661075 0.00809310740142 0.0133237465557 0.0844796010582 0.000304752145106 -0.0020665410651 0.0211996723602 0.0192642693212 0.0105913282422 0.0280442413473 0.00348639728764 -0.0170277015064 -1.95686880236e-07 0.00771152784859 0.00774138135059 0.00446579874089 0.0285796984528 0.00980841306178 -0.010779591781 0.00848879188679 0.0233975850031 0.000331530037918 0.0113853757675 0.0177430334527 0.237623098888 -0.000828249044564 -0.0220140882767 0.0159924048267 0.390775168689 0.0135188745754 -0.00288205693279 0.000504404100694 -0.0145586737828 0.00828526751247 0.00369211090927 -0.00347844362171 0.0167167402219 -0.0113386263897 0.0511440983099 0.0137495459086 0.00777759469972 0.0525964777345 0.0279945629475 -0.00498188980934 
0.0114113956053 0.0278174479572 0.0174566679034 0.00682217719804 -0.00160342913406 0.0456199920582 0.0245190536984 0.0155475299566 0.0224047704093 0.00662781393696 0.0252140926053 0.0231805534969 0.0131396381396 0.00573258858171 0.0330063942958 0.0483408662355 0.0115447525638 0.0347002840973 0.0250542417665 0.0126388280614 0.0335018972343 -0.0105821126462 0.0412557553613 0.00693754245071 -0.00388803452319 0.00993367788705 0.0145433299952 0.0120042976882 0.0220681087209 0.0366672856404 -0.000727668998634 0.0317846374479 0.0274786751103 0.018781976342 0.0135188745754 0.167614349955 0.00831502137813 0.0173173484512 0.00866472726942 0.0259568164865 0.0359338301855 0.0276973274472 0.0171749909579 0.00827218985939 0.0263918453816 0.00121003042707 0.0207083602976 0.0144584270531 0.0237795649467 0.0152132325416 
0.0114012033352 -0.00758537576148 0.0221378506032 0.00615355525002 0.13592783053 -0.00691983502451 0.0110850076253 0.0679394431578 0.0229296267497 0.00809732312836 0.0311570643563 -0.00529880526863 0.013676656236 0.0252834483585 0.0162495564844 0.0277288887463 0.031796809236 0.00394561329846 0.0170609565533 -0.00118122061618 0.00354246995527 0.0296088784607 0.0085605613538 0.00609049522607 0.00242332954802 0.00964631588129 0.00125618272221 0.0232931694827 0.00171947281956 0.00994364216674 0.00722917641132 0.0167358421659 0.0320904156623 0.0026436052018 -0.00288205693279 0.00831502137813 0.2040682122 0.00696436130918 0.0419984281903 -0.00310260294807 0.0115758180106 0.0397485261803 0.0353757569514 0.0183559150029 0.010192178493 -0.000163903839502 0.0115937433982 0.0030233225321 0.00832087823909 0.10192569349 
0.0156376253686 -0.00658981129104 -0.00383290712852 0.00631561300715 -0.0230807505212 0.0158214325826 0.00874536141962 0.031279256228 0.0343021281887 0.0156110497729 0.00787789853939 0.0190324335755 0.00750614743895 0.0112797455972 0.00383203709292 0.0367552580717 0.0158820019296 0.010306042339 0.0116873238433 0.0220595169457 0.024559352787 -0.00638139620593 0.0102579655008 0.00547612893406 0.00722540513339 0.0029072220178 0.00123175285053 0.00312370361471 0.00734754603488 0.0135586472157 -0.00542469843594 0.0224092088436 0.00590131642363 -0.0138051436262 0.000504404100694 0.0173173484512 0.00696436130918 0.172026040282 -0.00469603530686 0.00866850826335 0.032709766487 0.0210609292815 0.00432379668906 0.0100755249184 0.0424512270437 0.00995946945301 2.72765875476e-05 -0.0150722838757 0.0232319035744 -0.0129077224858 
-0.00681954331445 -0.00797819312535 0.00481438300458 0.029671808233 0.125041542284 -0.0399737592738 0.0139576072206 0.0453118709342 0.0448306503479 0.0493241323709 -0.0124847313384 0.0143931954235 0.0317326228661 0.0360227743598 0.0238565204475 0.0225981984675 0.0177023163034 -0.012056996714 -0.00468068608558 0.0196313919753 0.0399228050923 -0.0104242511739 -0.00143992376332 0.0180869840373 0.050834603136 0.0176684078763 -0.000603736355958 0.00785816206292 0.0171854898687 0.020205161376 -0.00396987723487 0.0394269766424 -0.00914971406908 0.00782671941602 -0.0145586737828 0.00866472726942 0.0419984281903 -0.00469603530686 0.536027167887 -0.0304734963791 0.0285363873021 0.004732380731 0.0666544889907 0.0123146165394 -0.0171179582817 0.0207269094859 0.0358704027436 -0.00759924265746 0.0368043393958 0.0052035147713 
0.0210382966879 0.0185836362321 -0.0049825488912 -0.000851703082329 -0.023600712678 0.0129734683521 0.0290410236283 0.015591652881 0.00920839750159 0.0163847343663 0.0114563014231 0.00886927271393 0.006217175712 0.0092100936607 0.0301007956608 0.0108599150834 0.00875658086819 0.107616843936 0.0125573239042 0.00388779553298 0.00391470438911 0.0146303576815 0.015689895967 0.00726540911154 -0.00496181796344 0.00260033915764 0.00588164492458 -0.00168641882048 0.00540141425982 0.00965875836837 0.0264655378484 0.0260485968076 0.0169313980059 0.0130340778149 0.00828526751247 0.0259568164865 -0.00310260294807 0.00866850826335 -0.0304734963791 0.242316521379 0.00480744095179 0.0132971394136 0.000600002323847 0.00830786345935 0.0185189050379 0.0254257549378 0.0131762187138 0.0195861010047 0.0183877040342 -0.0083178436895 
0.0116612864967 0.0473496205841 0.0198385942881 0.0317754764769 0.0263752695332 0.0397126408507 0.0294918887182 0.0174661884556 -0.00657557608743 0.0383250196651 0.0306964943569 0.0178085344537 0.0405770295553 0.0446783095649 0.0187334014322 0.0574580241184 -6.69999313296e-05 0.0208992687805 0.00918820694356 0.00679060871126 0.0075297024984 0.00589960676707 0.021369254335 0.0204371913026 -0.0315734667426 0.00560206932305 0.0251818536761 0.008565548065 0.00290911594034 0.0292732084753 -0.0140730495652 0.020731778888 0.0201057549105 0.00066560723461 0.00369211090927 0.0359338301855 0.0115758180106 0.032709766487 0.0285363873021 0.00480744095179 0.289025802857 0.0305079841339 -0.00990436118867 0.0107105237471 0.0485763121429 0.0215445890184 0.00227051086729 -0.00480101986215 0.0175116193568 -0.0105982946735 
0.0202069924311 0.023909137082 0.0250065158213 0.0285341242296 0.0420563191767 -0.00222652545834 0.0240333436758 0.034662096913 0.0225242964664 0.0172115348423 0.0308545242267 0.0134475530723 0.0197581454463 0.0118731393522 0.0152049605736 0.0236516059174 0.0212654211166 0.00645783339807 0.0409976785814 0.0243982640066 0.00662095432201 0.0496540274981 0.0145855683745 0.0209131475216 0.0104990637054 -0.00400264276607 0.0115944663137 0.0124439662578 0.0310320672148 0.00896298969277 0.0036423501853 0.00597437147824 0.040101535194 0.0111025083299 -0.00347844362171 0.0276973274472 0.0397485261803 0.0210609292815 0.004732380731 0.0132971394136 0.0305079841339 0.171040270268 0.0411292350077 0.0293313313289 0.0280258853413 0.0250624029583 0.0203188397426 -0.0156725906935 0.0260738371393 0.0374144618126 
0.00698528426871 -0.00819472112999 0.0398115018832 0.0199155472804 0.0722112336081 -0.00894154195087 -0.00887947321332 0.168818553142 0.0109713568488 0.0149672706453 0.00541938762454 0.00870893400128 0.00439490784026 0.0148662686394 0.0424211266083 0.0158832469198 0.0154541692315 -0.0264869773423 0.0611329155104 0.0320228074633 0.00981169500984 0.103266490978 0.0333465394596 0.015692458841 0.0259985102823 0.0119816549218 0.00839296073027 0.0267070284905 0.0284117535654 0.00462587938706 -0.0259004738354 0.0513760357735 0.0333660134915 0.0118026150286 0.0167167402219 0.0171749909579 0.0353757569514 0.00432379668906 0.0666544889907 0.000600002323847 -0.00990436118867 0.0411292350077 0.525918213005 0.0361228324205 0.0175730824688 0.00206825707842 -0.00296932213964 0.0264120330649 0.0196398039921 0.0360783558456 
0.0124959227717 -0.000621537079627 0.00992299989304 -0.00693396409483 0.0208604879669 0.00151925152077 0.00979710100734 0.0259917154957 0.00014641817025 0.0183854287986 0.0318390585254 0.0157971972989 0.00888703177287 0.023250723949 0.00963655903002 0.0470231527538 0.0199533248953 0.0254939007785 8.60899131805e-05 0.0173251126948 0.00304431702471 0.101334677286 0.0294734528997 -0.00153624952485 0.00414039902576 0.00132981356993 0.0151212886028 0.0243476105453 0.0140158924249 0.000175488899385 0.00103594399084 0.0224184993551 0.0100694100933 -0.00300991317677 -0.0113386263897 0.00827218985939 0.0183559150029 0.0100755249184 0.0123146165394 0.00830786345935 0.0107105237471 0.0293313313289 0.0361228324205 0.162391351881 0.0156964286052 0.0136363585924 0.00935591848656 0.00438255230522 0.0221959861616 0.0256603969871 
0.0307408609851 0.0307347285421 0.015237197186 0.0381228340626 -0.0220932594126 0.0201811926058 0.0125625937892 -0.00303488911206 -0.00245055883847 0.0387856371195 0.0471067125512 0.0193254070755 0.0234119241196 0.0138545419006 0.00375644642525 0.0630097485368 0.0177607819138 -0.00668670127534 0.0706915683686 0.0144712578175 0.0183338370332 0.0182824126293 0.0242941437092 0.0243306427748 0.0138169889062 0.00472752584831 0.0125700547185 -0.0165005681585 0.0182289135491 0.0108367656904 -0.0209083588351 0.00381989808292 0.0248404960659 0.00450086391934 0.0511440983099 0.0263918453816 0.010192178493 0.0424512270437 -0.0171179582817 0.0185189050379 0.0485763121429 0.0280258853413 0.0175730824688 0.0156964286052 0.271011658581 0.03042981993 0.0254896157702 0.0259369416118 0.0383657320251 0.00375659469505 
0.0057581239143 -0.00602076148006 0.0104282207706 0.0155218717362 0.00812379221586 0.0255916112387 0.0131388742887 0.0151910301075 0.00236797873019 0.0150345126663 0.0341439085294 0.015902823627 0.0256291919916 0.0135783264353 0.0109252156073 0.0423668007849 0.0108057236682 0.0354096944532 0.0435617272014 -0.0191340568614 0.000514467035949 0.024656952464 0.0246370110923 0.0389981514505 0.0149687486916 0.0167059547 -0.00248327563541 0.0193597671045 0.0252704499883 -0.00459435587094 0.0056322180498 0.0160691747401 0.027051107691 0.00368457521789 0.0137495459086 0.00121003042707 -0.000163903839502 0.00995946945301 0.0207269094859 0.0254257549378 0.0215445890184 0.0250624029583 0.00206825707842 0.0136363585924 0.03042981993 0.246712110666 0.0251940938606 0.00178961901502 0.0265778126131 -0.00848883483132 
0.0111529756105 0.0149048582725 0.0113241096271 0.0160600838607 -0.00319252199841 -0.0127967545647 0.00453432157864 0.00362053286668 0.00847849581055 0.030760611891 0.0185612546595 0.0112641136218 0.0129917656991 0.00628312698766 0.0241841410823 0.0155443732308 0.00994334745195 0.0184888554397 0.0235740848608 0.00659638367833 0.0173231621653 -0.00219913029994 0.0186947278264 0.0112870034133 -0.00313822930177 0.00119571240744 0.0026601872277 -0.0075476221263 0.0362162753261 0.0135482285152 -0.00788605362364 0.0132274828157 0.0306560183682 0.0534199127398 0.00777759469972 0.0207083602976 0.0115937433982 2.72765875477e-05 0.0358704027436 0.0131762187138 0.00227051086729 0.0203188397426 -0.00296932213964 0.00935591848656 0.0254896157702 0.0251940938606 0.173411724008 0.00260787833918 0.0104697516102 -0.00929717528944 
