50
0.085684238521 0.126841392599 0.0826231173305 0.0766259396051 0.0705908558691 0.0461662895592 0.138189015222 0.134627172929 0.0283464571838 0.155431064381 0.0309991269713 0.0189508527873 0.0737969483193 0.143553651187 0.0403512104362 0.0756818342608 0.0315903614714 0.0495038718221 0.0176197090425 0.0316067218978 0.170228010564 0.00839736130492 0.0798623823862 0.0368602928082 -0.00277796207049 0.0413413845105 0.0256858872149 0.0408960175479 0.0506400072768 0.106356452037 0.0755027876102 0.0823962853659 0.099400173405 0.075466134778 0.0466490289559 0.0946915784272 0.142251168296 0.0539269159384 0.025042174885 0.0431194173031 0.158066549078 0.0723241103927 0.134016582451 0.10643743266 0.0825599502725 0.12260521459 0.0181340887913 0.119808933935 0.0444525953717 0.0205855922537 
0.457910516348 0.0294571270651 0.00576660325089 0.0297433354539 0.0257107456348 0.0456644620088 0.0199240213347 0.0417778393744 0.0174115112494 -0.0411111017824 0.0110894951503 0.035800479437 0.0309596789894 0.0231034677354 0.0189935840743 0.00418491363855 0.0111144579588 0.0172669810082 0.00218003501325 0.0101457513384 -0.00413522625863 0.0124940163074 0.004675254577 0.0382406714073 0.025494691645 0.0109487133823 0.0142178499494 0.0351166564524 0.0250920790835 0.0083841691958 0.0105783479634 0.0415163644309 0.0479832159318 0.0165438360562 0.0234790633615 0.0282527322441 0.0229567659605 0.0166289967872 0.00519296981657 0.0227337340357 0.0101178031498 0.0287769036003 0.00419373525234 0.00229160127579 -0.00545060831318 0.0218962805314 0.0123958324806 0.0175709174895 0.0143280928743 0.00519489081595 
0.0294571270651 0.854637267112 -0.0210934875131 -0.000587400645666 -0.017599646416 0.0105761067488 0.0124096271641 -0.00754893876376 -0.00622799131641 -0.00229717407968 0.0558269689146 -0.0178573887176 0.00550792213127 -0.00721574503336 -0.0206711041616 0.0415802004904 0.00699567562894 0.00345325985931 0.00086285019131 0.00892380274447 0.00472210929917 0.0153126388212 0.00027587254698 0.00817388058368 -0.00880399085096 0.0105021062899 0.0135461447301 0.0178250972542 0.0059430807173 0.0710061210408 -0.0080514992507 -0.00655121719957 -0.0182883519112 0.169234785234 0.011699247749 0.0116203837245 0.016791905005 0.000516561723781 0.00194266503626 0.0130342634075 -0.0109475003272 0.0207580331444 0.0129934681196 0.0127003523252 0.0694454088302 0.0158981750434 -0.0155394804979 0.0449297712068 0.0297908524022 0.0187394244974 
0.00576660325089 -0.0210934875131 0.18834828559 0.0141977267674 0.00520588121021 0.0167144457917 0.0331684755672 0.0433293775155 0.00169204117999 0.0296521300417 0.0168833646786 0.0047445149865 -5.63216361161e-05 0.056862101746 0.00523584746435 0.000192790692028 0.0189411591139 -0.00219883070108 0.0160626403757 0.0139385426654 0.00450096421391 0.0247763301611 0.00957661934275 0.00576175830774 -0.00398135302202 0.0543750968644 0.015260718457 0.0124969323929 0.00982214172546 0.00549832629589 0.0339169228972 -0.00249345780996 0.0131776117029 0.0217455276672 0.00866405396476 0.0154928560303 -0.000808942571146 0.0162818752529 0.0225906271122 0.0192840355311 -0.0158579112896 0.0167883940758 0.0145670539234 0.0111611185556 0.00627556504241 0.00283973738472 0.018150781688 -0.00249871926133 0.000187836494536 0.00178292249655 
0.0297433354539 -0.000587400645666 0.0141977267674 0.246610519861 -0.0181125009919 0.0186747748262 0.0254368367321 0.0445870457525 0.0255407498248 0.00170564390612 -0.000405886455029 0.0231774532866 0.0285199045037 0.049336257741 0.0121579327394 0.0371565290847 0.0287268632608 0.0313068382055 0.0107585728496 0.0265080272936 0.00701769311959 0.0273431237323 0.0163716549396 0.00610802871352 0.0079171673522 -0.000761847456403 0.0293153794291 0.0353280720052 0.00421213524763 -0.00364962717837 0.00550911452164 0.000345413440441 0.0496163130263 0.00770685804115 0.00837471765793 -0.00233472578083 0.0158664312723 0.0315492878452 0.0283844881816 -0.000842335302234 0.0101803900849 -0.0132400522174 0.0359196197061 0.0128221606299 0.0187138547344 0.0343992821757 0.00710803355528 -0.0102326696292 0.0142266973582 0.0229772429906 
0.0257107456348 -0.017599646416 0.00520588121021 -0.0181125009919 0.449398333585 0.014263975681 0.011741838751 0.1608558919 0.0282147832869 0.01774483486 0.0288221532699 0.027792926892 0.0214954594493 0.0351760634065 0.0212690723007 0.0253661987073 0.0284248096924 -0.00830605188024 0.00774596591881 0.015829476426 0.0365574132913 0.0206021794519 -0.0175264956979 -0.00637966648636 0.0416851930793 0.0149317232377 0.0319868731961 0.00524703260351 0.0116439689476 0.0260467009354 0.00933979485326 0.0214564163514 0.0142155859647 -0.00564621750214 0.0461994642982 0.00332007152467 0.0447272039765 -0.00200265196436 -0.00143689285168 0.00864894294372 0.00857100829383 0.0125778052731 -0.00598402549001 -0.00313779624839 -0.00606306712633 0.0198691142929 0.00279391100849 -0.00115093635114 0.0265708169697 -0.0124340824913 
0.0456644620088 0.0105761067488 0.0167144457917 0.0186747748262 0.014263975681 0.338567613269 0.017691992386 -0.000348315691155 0.0276582636281 0.0199568106113 0.0374388840124 -0.00393540402015 0.00769984807395 -0.0104698617868 0.0136043172381 0.0044731589576 0.0236861845188 0.0151493855643 0.00651720408016 0.0137650716036 0.0364275240141 0.0386613024195 0.00336506424702 0.012004976442 -0.00322417976969 0.0216077292189 0.0269480097935 0.0242505222813 0.0551293675442 0.0168086158881 0.0125957520247 0.0127050019332 0.0510520581548 0.0222105991832 0.00847054310344 0.0253804234358 0.011933001378 0.0170155746942 0.00937250982048 0.0250085038811 -0.00787410220957 0.0215228666659 0.0184536935484 -0.0118286512878 0.0192947519752 0.0141367751782 0.014866991214 0.0209550590478 0.00923724915319 0.0093328374127 
0.0199240213347 0.0124096271641 0.0331684755672 0.0254368367321 0.011741838751 0.017691992386 0.292263584273 -0.00145587159182 0.0330189858423 0.0370353949286 0.0279352619437 0.0327016386888 0.0299815123987 0.0484249949025 0.039801346691 0.0150239924897 0.0233795579722 -0.0113577311254 0.0170881754596 0.0286029866783 0.021259055588 0.0293207788654 0.0165321536818 0.0107910616334 0.0162322602844 0.0232274935962 0.0293095905985 0.0498889865002 0.0439698246392 0.0405545056508 0.00816442284 0.0328779357284 0.0342010944455 -0.0242638021622 0.000590123948547 0.0212284315574 0.0415337434601 0.043645016453 0.0132794019539 0.0161673610713 -0.00239872172723 0.0320948478463 0.0150171639468 0.0148075113129 -0.00362609646463 0.0644345829049 0.00600678737037 0.0422286905659 0.014286126528 -0.00028511930366 
0.0417778393744 -0.00754893876376 0.0433293775155 0.0445870457525 0.1608558919 -0.000348315691155 -0.00145587159182 0.714407265395 0.0354634469113 -0.0307369926773 0.00253283944266 0.0108663439783 0.0479814887096 0.0548272711368 0.0188483570495 0.0143423672869 0.0174295639095 0.00204365892244 -0.0240608881134 0.0116709233948 0.0276924430844 0.0242950991939 0.0133233169571 0.00392474775109 0.0180033079728 0.00365402461708 0.00527690535003 -0.00160569660043 -0.00163352174412 0.0306394914922 0.0398736984625 0.00966142635195 0.0668582698994 0.0169351445545 0.0210328311699 0.00868230156432 0.00918014305441 0.00262277285506 0.020839264008 0.010072287601 -0.0102695089132 0.00990902895874 0.0151960899286 0.00340827819053 0.0287053780577 0.0113626990983 0.0274887805727 0.00642247798875 0.0208208729991 0.0121433620707 
0.0174115112494 -0.00622799131641 0.00169204117999 0.0255407498248 0.0282147832869 0.0276582636281 0.0330189858423 0.0354634469113 0.1721108391 0.00445782423993 0.0294600066942 -0.00115380927183 0.0109921216715 0.00460889329303 0.0261432173068 0.0262344460212 0.0160081350731 0.00621227079613 0.0143441087572 0.0166556627916 0.0103917532433 0.0278280708203 0.00475297045963 0.00695377817813 0.0166989167021 0.0175037465432 0.0189603676103 0.00373858528788 0.00850494733554 0.0231090976145 -0.0029776958853 0.0253126498241 0.0179855589801 -0.00139415103868 0.0262295875719 0.0336946679841 0.0369364872446 0.00528785228635 0.00958903599248 0.0171182049781 -0.00102696129702 -0.0044237461635 0.00959013219764 0.00199814447031 0.0204929452416 0.0262991314044 0.001391524676 0.00542503192659 0.00375025888831 0.0146584311875 
-0.0411111017824 -0.00229717407968 0.0296521300417 0.00170564390612 0.01774483486 0.0199568106113 0.0370353949286 -0.0307369926773 0.00445782423993 0.627219189438 -0.0102328034661 0.0281168554378 -0.000655208211599 0.325663804451 0.0132002997455 0.0441623252829 0.0258205282014 0.0131114090063 0.0057967960723 0.0111996866864 -0.0132400950309 0.0300973876277 0.00348145075481 -0.00503605226087 0.00409662536942 -8.95941154265e-05 0.0119205285398 0.0363630895323 0.0242274703429 0.0120180279121 0.00380735034335 0.0231328105273 0.00122830775479 0.00962785562584 0.00354740018936 0.0293049982304 -0.00253371863782 0.00995260218513 0.0178025200177 0.022294945916 0.0178074255754 0.0243033809031 -0.00183719530978 -0.00520342395758 0.00270376270954 0.0190761519064 0.0153163795068 0.0443069946928 -0.00875427071728 0.00696486021619 
0.0110894951503 0.0558269689146 0.0168833646786 -0.000405886455028 0.0288221532699 0.0374388840124 0.0279352619437 0.00253283944266 0.0294600066942 -0.0102328034661 0.475270159226 -0.0172867566755 -0.0104184008296 0.0280523873394 0.0243961906506 0.0316640510057 0.00038093473308 0.00657841448644 0.024600515827 0.0116288274315 0.0273598759689 0.00735965030511 0.0139888779349 0.00142917225054 0.0149734346847 0.0330800437932 0.0062398581177 0.0148606171844 -0.00534616056789 0.027750772868 -0.0193665057944 0.0327587191711 -0.00849430645976 -0.000987000015516 -0.00761114350356 0.0235320621008 0.0427519557955 -0.00167881531923 0.00879020844522 0.0175913129941 -0.0154012815847 0.0177680847814 -0.00826530917471 0.00436484216461 0.0133338640321 0.00436241250961 0.000660216371837 -0.00449161107043 -0.00839553861244 0.0142656596034 
0.035800479437 -0.0178573887176 0.0047445149865 0.0231774532866 0.027792926892 -0.00393540402015 0.0327016386888 0.0108663439783 -0.00115380927183 0.0281168554378 -0.0172867566755 0.37922986233 0.0210098319688 -0.00201035909245 0.0316792017591 0.00943736099925 -0.00601450287957 0.0124786925064 -0.00667602631111 -0.0112391150751 -0.000235457269847 0.0114352889132 0.0228430198908 0.0173674168831 0.0508183130328 0.0224666163263 0.017017700076 0.0010544423613 0.0299225732095 0.00087840642389 -0.00818711424331 0.0428651964199 0.003854779083 0.00704510408105 0.0091584094868 0.0880542045816 0.0277133534778 0.0237063986055 0.00139489066646 0.00796739280646 -0.00551231292378 0.024584426835 0.00771919707447 -0.00129322170958 -0.00440103687992 0.0081013090615 0.0172808870955 0.0107794781105 0.00819848499358 -0.0116548467222 
0.0309596789894 0.00550792213127 -5.63216361158e-05 0.0285199045037 0.0214954594493 0.00769984807395 0.0299815123987 0.0479814887096 0.0109921216715 -0.000655208211599 -0.0104184008296 0.0210098319688 0.337142670322 0.0120794925603 0.0138543663757 0.00431109880424 0.0148755146526 0.00402845631982 0.0127097454381 0.00910489504277 0.018927793408 0.0150590795894 -0.000452205822738 -0.00275064738143 0.0110388980562 0.0387487710433 0.0242592993147 0.0163426279585 0.0296785242464 0.00934054423394 0.0112665610647 0.0382479787421 0.0134961118165 -0.0144902475162 0.0137463994385 0.0319966148903 0.000399238370216 0.0192072443891 0.00831921903375 0.0234754018293 -0.0159308456012 0.0175307556763 0.0179753126108 0.0107046827188 0.00443529043194 0.0252508089031 0.0102818783266 0.00814529295154 0.0039170373371 0.000423514021488 
0.0231034677354 -0.00721574503336 0.056862101746 0.049336257741 0.0351760634065 -0.0104698617868 0.0484249949025 0.0548272711368 0.00460889329303 0.325663804451 0.0280523873394 -0.00201035909245 0.0120794925603 0.824707235594 0.0530571048697 0.0340525154368 0.0295797090538 0.00731654125443 0.0222577176684 0.0319319245582 0.00901235901766 0.0567161785044 0.0151179036849 0.0142006403657 -0.00696097133599 0.0146580830581 -0.000606379002408 0.0423088576779 0.0229214967853 0.0728421313809 -0.00640457758945 0.0162138659251 0.0168286058391 0.00607813949107 0.00111642103989 0.00249371531143 0.0406421533591 0.0212957455422 0.0267004654942 0.0203590990913 -0.0183462774494 -0.000820681430498 0.0341479094826 0.0397215374936 0.010013407164 0.0255291362369 0.0225013735716 -0.00410714991184 0.0458338808348 0.0137811341692 
0.0189935840743 -0.0206711041616 0.00523584746435 0.0121579327394 0.0212690723007 0.0136043172381 0.039801346691 0.0188483570495 0.0261432173068 0.0132002997455 0.0243961906506 0.0316792017591 0.0138543663757 0.0530571048697 0.160849430814 0.0213457234994 0.0126787785697 0.0164043423255 0.0135166827884 0.0165911953907 0.0326964875986 0.0228475124768 0.0250338293384 0.0115981986851 0.0145570195652 0.0234414349394 0.0284418894376 0.0134133560012 0.0290949984821 0.0209171092689 -0.00366341354702 0.00315590113741 0.0131282822433 -0.00893793680938 0.00115168929287 0.0178635272289 0.0427015161196 0.00982775241949 0.00963220584713 0.0175649013262 0.00352148000005 0.0136881935292 0.00895070443043 0.015668999952 -0.00827995266929 0.0182318194914 0.00518255824126 0.0121927437636 0.00936995651948 -0.00217019491637 
0.00418491363855 0.0415802004904 0.000192790692028 0.0371565290847 0.0253661987073 0.0044731589576 0.0150239924897 0.0143423672869 0.0262344460212 0.0441623252829 0.0316640510057 0.00943736099925 0.00431109880424 0.0340525154368 0.0213457234994 0.205361721611 0.0239979221724 -0.0149139581564 0.0112520156685 0.0146094403591 0.00157451095341 0.0180644728957 -0.000644373425704 0.0139936802745 0.00211311883938 0.00733465418179 0.0189051338198 0.0256383320641 -0.00432746252098 0.0257010026826 0.00744388321711 0.00855731042785 0.00679449780947 0.00769726437765 -0.00373312227303 0.00247601619962 0.0482882643342 0.00414072676157 0.015302238514 0.00885370651855 0.0197273983465 0.00735161964137 0.00615186606141 0.0115787095251 0.0183539204611 0.00670076637488 0.0222415705248 0.00746629535895 0.0152972498245 0.00679440541792 
0.0111144579588 0.00699567562894 0.0189411591139 0.0287268632608 0.0284248096924 0.0236861845188 0.0233795579722 0.0174295639095 0.0160081350731 0.0258205282014 0.00038093473308 -0.00601450287957 0.0148755146526 0.0295797090538 0.0126787785697 0.0239979221724 0.155553126172 0.0153061231727 0.0171431516397 0.0402809192492 0.0236182708567 0.0190260382895 0.0242125421858 0.00513021881382 0.010268439302 0.0277431100269 0.0120200037883 0.0212131341349 0.00794432717084 0.0420020640956 0.0234918294107 0.0180164419265 0.016153990891 0.00922185926412 0.0243112824985 0.0223943336858 0.0206288588942 0.0173297363139 0.0258980463933 0.00564675279018 -0.00957125448166 0.00540298975252 0.0246379985957 0.0190378114531 0.0120150721854 0.0254287555057 0.0339862716161 -0.0032641462734 0.0167454363958 0.0178829230395 
0.0172669810082 0.00345325985931 -0.00219883070108 0.0313068382055 -0.00830605188024 0.0151493855643 -0.0113577311254 0.00204365892244 0.00621227079614 0.0131114090063 0.00657841448644 0.0124786925064 0.00402845631982 0.00731654125443 0.0164043423255 -0.0149139581564 0.0153061231727 0.31638892206 0.0360956464381 0.0102826440351 0.0214825065227 0.0055856033735 -0.00486298891157 0.022753002726 -0.00302409006338 0.0056674140298 0.0118830122626 0.0275157652663 0.0166520853639 -0.0130652202929 0.0258728851051 0.0759920679085 -0.00769800485541 0.0196236800383 0.00864372441806 0.00996631447611 0.00309173400012 0.0377609316467 0.00068416381813 0.0266907885876 0.0152558782687 -0.00752687495236 -0.00252769350294 0.0144845317824 -0.00575913822362 0.00246705660205 0.0215353006424 0.0166891385058 -0.00258557642826 -0.00915503375059 
0.00218003501325 0.00086285019131 0.0160626403757 0.0107585728496 0.00774596591881 0.00651720408016 0.0170881754596 -0.0240608881134 0.0143441087572 0.0057967960723 0.024600515827 -0.00667602631111 0.0127097454381 0.0222577176684 0.0135166827884 0.0112520156685 0.0171431516397 0.0360956464381 0.180268158193 0.0196371133516 -0.0188013683464 0.020936442987 0.0110939122864 0.0221920549424 0.00307338161434 0.00532065634607 -0.00652179396808 -0.00166861274504 0.00165253132242 0.0187583953576 0.0027576846254 -0.00751318420115 0.022177571632 0.010498644957 -0.00460225115725 0.00178156250236 0.00727158423225 0.0239736952149 0.0169282336975 -0.0032380272928 0.0171460398793 0.00390950120012 0.0271407062148 0.00786824037567 0.0115889024471 0.0263870814633 0.0194758714579 -0.00778152782356 0.00897604551783 -0.00815730728341 
0.0101457513384 0.00892380274447 0.0139385426654 0.0265080272936 0.015829476426 0.0137650716036 0.0286029866783 0.0116709233948 0.0166556627916 0.0111996866864 0.0116288274315 -0.0112391150751 0.00910489504277 0.0319319245582 0.0165911953907 0.0146094403591 0.0402809192492 0.0102826440351 0.0196371133516 0.130349554749 0.0081857340572 0.0321131321397 0.0114322368352 -0.00123775020886 -0.000123067140569 0.0167958674949 0.0233487339037 0.00549920922584 0.0164193103854 -0.00020380404448 0.024105938306 0.00551867700682 0.0186119659928 0.0154816907259 0.0288298296423 0.0156530853785 0.0257162066808 0.0161802804834 0.050560870647 0.00625923488359 -0.00624673754005 0.0197699158692 0.0364569139203 0.00819438523242 0.0185669805896 0.028539466901 0.0172093969426 -0.0104393767541 0.0226258488648 0.0210893966091 
-0.00413522625863 0.00472210929917 0.00450096421391 0.00701769311959 0.0365574132913 0.0364275240141 0.021259055588 0.0276924430844 0.0103917532433 -0.0132400950309 0.0273598759689 -0.000235457269847 0.018927793408 0.00901235901766 0.0326964875986 0.00157451095341 0.0236182708567 0.0214825065227 -0.0188013683464 0.0081857340572 0.581045559843 0.0127345677245 -0.00191419073947 0.0333105385173 0.0124198524654 -0.00262932707752 0.0360878619026 -0.00156490305899 0.0497469115209 0.026225130818 0.0448961062466 0.0421370011068 0.0197813125699 0.0144381711329 0.00206175951529 -0.000802077276856 0.00625573405171 0.027517079132 0.00880195372083 0.00378621855809 -0.0194357970075 0.0185742662262 0.0224530748263 -0.00564853344364 0.0322848075795 0.020218007047 0.0251575846747 0.0167250690388 0.00939427768342 -0.0172751302304 
0.0124940163074 0.0153126388212 0.0247763301611 0.0273431237323 0.0206021794519 0.0386613024195 0.0293207788654 0.0242950991939 0.0278280708203 0.0300973876277 0.00735965030511 0.0114352889132 0.0150590795894 0.0567161785044 0.0228475124768 0.0180644728957 0.0190260382895 0.0055856033735 0.020936442987 0.0321131321397 0.0127345677245 0.129463770041 0.00304163836854 -0.00192039407538 0.0185227544706 0.0184186304841 0.016553152569 0.00672466675599 0.019922894805 0.0164990961999 0.00642716777495 0.00558730985033 0.0246800465541 0.0140162907989 0.0199709096699 0.0124376601244 0.019926310921 0.0176359743573 0.026498971293 0.0138809224765 -0.00542154780535 0.00824488169764 0.00439260977088 0.00127311082591 0.0100544114151 0.0185349084695 0.0266643990582 -0.0115148644678 -0.00252593875662 0.0130058884689 
0.004675254577 0.00027587254698 0.00957661934275 0.0163716549396 -0.0175264956979 0.00336506424702 0.0165321536818 0.0133233169571 0.00475297045963 0.00348145075481 0.0139888779349 0.0228430198908 -0.000452205822738 0.0151179036849 0.0250338293384 -0.000644373425703 0.0242125421858 -0.00486298891157 0.0110939122864 0.0114322368352 -0.00191419073947 0.00304163836854 0.365394213915 -0.00251234325172 -0.00326002123942 0.011881717916 0.000507068441394 0.017327101991 0.0503474475524 0.165227219195 -0.011869510124 -0.0116077182557 0.035868590009 -0.0102158179093 -0.0234821487968 0.00975216123703 -0.0113975924315 0.0145182608647 -0.00453005193011 0.00606726477613 -0.00717076061117 0.000498346808707 -0.00156309812316 0.102418117643 -0.0250103900864 0.0357410985073 0.0302226898335 0.0142570670514 0.110471776779 -0.0191617174022 
0.0382406714073 0.00817388058368 0.00576175830774 0.00610802871352 -0.00637966648636 0.012004976442 0.0107910616334 0.00392474775109 0.00695377817813 -0.00503605226087 0.00142917225054 0.0173674168831 -0.00275064738143 0.0142006403657 0.0115981986851 0.0139936802745 0.00513021881382 0.022753002726 0.0221920549424 -0.00123775020886 0.0333105385173 -0.00192039407538 -0.00251234325172 0.326656364402 0.0122098002181 -0.0137975275576 -0.00826389134419 0.0160595456409 0.00540440428803 0.00743182933794 0.0246116061495 0.0345190916272 0.0102027599169 -0.0083838936481 -0.0108010694719 0.0134726002402 0.0153675195812 0.00925077497241 0.00157950628715 0.00231818108886 -0.0160244038302 -0.00398120206677 -0.00454912785551 -0.00606776989541 0.0190710474118 0.00673599709885 -0.00952937587971 0.0362956838855 0.00530635731366 0.000828297599798 
0.025494691645 -0.00880399085096 -0.00398135302202 0.0079171673522 0.0416851930793 -0.00322417976969 0.0162322602844 0.0180033079728 0.0166989167021 0.00409662536942 0.0149734346847 0.0508183130328 0.0110388980562 -0.00696097133599 0.0145570195652 0.00211311883938 0.010268439302 -0.00302409006338 0.00307338161434 -0.000123067140569 0.0124198524654 0.0185227544706 -0.00326002123942 0.0122098002181 0.250860318532 -0.0161681484662 0.00524054840749 0.0179889959495 0.0153562790283 0.00966750613506 0.0250895703974 0.00352636340119 0.0113609270596 0.0151715147364 0.0208749806281 0.0402471633421 0.0298041227335 0.0094380834216 -0.0162034762175 -0.0075648859499 0.00957943858579 0.00379627505943 0.0078145484411 0.0121557799344 0.0256914106173 -0.000686775035441 0.0463072161695 -0.0221570374103 4.10159580496e-05 0.00478715499509 
0.0109487133823 0.0105021062899 0.0543750968644 -0.000761847456403 0.0149317232377 0.0216077292189 0.0232274935962 0.00365402461708 0.0175037465432 -8.95941154267e-05 0.0330800437932 0.0224666163263 0.0387487710433 0.0146580830581 0.0234414349394 0.00733465418179 0.0277431100269 0.0056674140298 0.00532065634607 0.0167958674949 -0.00262932707752 0.0184186304841 0.011881717916 -0.0137975275576 -0.0161681484662 0.228586301712 0.0205982116957 0.0139313462232 0.00463986592574 0.0314309647024 0.00026095113865 0.00714416073153 0.0167511654859 0.0348236217332 0.02154869158 0.0359293601578 0.000212286620434 0.0187472064618 0.0381114765251 0.0375464768788 -0.0166553148599 0.0319637877662 0.0064947471187 -0.000184891517076 0.000670217966449 0.0134066332364 0.0174772441889 -0.0160785508307 0.0159645719812 0.00141173236385 
0.0142178499494 0.0135461447301 0.015260718457 0.0293153794291 0.0319868731961 0.0269480097935 0.0293095905985 0.00527690535003 0.0189603676103 0.0119205285398 0.0062398581177 0.017017700076 0.0242592993147 -0.000606379002408 0.0284418894376 0.0189051338198 0.0120200037883 0.0118830122626 -0.00652179396808 0.0233487339037 0.0360878619026 0.016553152569 0.000507068441394 -0.00826389134419 0.00524054840749 0.0205982116957 0.208610124117 0.0236032464677 0.0128405530732 0.00710360667798 0.0243235616062 0.023763895 -6.79925406909e-05 0.00663299298164 0.0231465024333 -0.00563460971288 -0.00970250808346 0.00203922293467 0.022833004431 0.00458958014672 0.00502923792022 0.0357196249589 0.01872272157 0.0158495557242 0.014774609325 0.0272536889233 -0.00177203914893 -0.0112132921929 0.0261160624104 0.00696435336674 
0.0351166564524 0.0178250972542 0.0124969323929 0.0353280720052 0.00524703260351 0.0242505222813 0.0498889865002 -0.00160569660043 0.00373858528788 0.0363630895323 0.0148606171844 0.0010544423613 0.0163426279585 0.0423088576779 0.0134133560012 0.0256383320641 0.0212131341349 0.0275157652663 -0.00166861274504 0.00549920922584 -0.00156490305899 0.00672466675599 0.017327101991 0.0160595456409 0.0179889959495 0.0139313462232 0.0236032464677 0.197611621358 0.0309452319189 0.0164485872203 -0.00403638279316 0.00886233244934 0.0326201244327 -0.0318367807949 -0.0141299723077 0.027723753437 0.00018618331726 0.0170954889568 0.0203729502897 0.0225307629849 -0.00699488262701 0.0195842457994 0.00113031710399 0.0219457508504 -0.00548862477647 0.00542007929901 -0.00741124102454 0.00769826527594 0.0139174987262 -0.000575885230748 
0.0250920790835 0.0059430807173 0.00982214172546 0.00421213524763 0.0116439689476 0.0551293675442 0.0439698246392 -0.00163352174412 0.00850494733554 0.0242274703429 -0.00534616056789 0.0299225732095 0.0296785242464 0.0229214967853 0.0290949984821 -0.00432746252098 0.00794432717084 0.0166520853639 0.00165253132241 0.0164193103854 0.0497469115209 0.019922894805 0.0503474475524 0.00540440428803 0.0153562790283 0.00463986592574 0.0128405530732 0.0309452319189 0.494224978548 0.0593613773566 0.0368116842446 0.0568608687285 0.0376016866776 0.0239638143861 0.0191716092399 0.00375681146263 0.0181065971226 0.0311934771126 0.0197941072009 -0.00109678514451 0.00839813250657 0.121057481584 0.0298375338522 0.0215693577502 0.0296260182739 0.0427313749232 0.0357182553816 -0.00182904561924 0.0179745640077 -0.0112230451654 
0.0083841691958 0.0710061210408 0.00549832629589 -0.00364962717837 0.0260467009354 0.0168086158881 0.0405545056508 0.0306394914922 0.0231090976145 0.0120180279121 0.027750772868 0.00087840642389 0.00934054423394 0.0728421313809 0.0209171092689 0.0257010026826 0.0420020640956 -0.0130652202929 0.0187583953576 -0.00020380404448 0.026225130818 0.0164990961999 0.165227219195 0.00743182933794 0.00966750613506 0.0314309647024 0.00710360667798 0.0164485872203 0.0593613773566 0.46111837046 -0.011904091638 -0.00144981807669 0.0437507459164 -0.0061867075872 -0.0217018097611 0.0159362919085 -0.0132876342807 0.00484081104493 0.0131917772757 0.00148402912346 -0.0132632506221 0.0471796932496 0.0297727184177 0.199093132873 0.0158582447637 0.027222974015 0.0307442661702 0.0303743311642 0.100764772923 -0.00835626103504 
0.0105783479634 -0.0080514992507 0.0339169228972 0.00550911452164 0.00933979485326 0.0125957520247 0.00816442284 0.0398736984625 -0.0029776958853 0.00380735034335 -0.0193665057944 -0.00818711424331 0.0112665610647 -0.00640457758945 -0.00366341354702 0.00744388321711 0.0234918294107 0.0258728851051 0.0027576846254 0.024105938306 0.0448961062466 0.00642716777495 -0.011869510124 0.0246116061495 0.0250895703974 0.00026095113865 0.0243235616062 -0.00403638279316 0.0368116842446 -0.011904091638 0.728979408758 -0.00224591136753 0.0298993067823 0.00635602063925 0.015507327445 0.0526464943637 0.0144869480826 0.00947824769342 0.0102750695135 0.0126016554208 -0.0173473324241 0.0200913904642 0.0275205898036 -0.0270412294396 0.0271442491677 0.0104079269164 0.0516338907888 0.00690533702926 -0.00485928570906 0.0086562946145 
0.0415163644309 -0.00655121719957 -0.00249345780996 0.00034541344044 0.0214564163514 0.0127050019332 0.0328779357284 0.00966142635195 0.0253126498241 0.0231328105273 0.0327587191711 0.0428651964199 0.0382479787421 0.0162138659251 0.00315590113741 0.00855731042785 0.0180164419265 0.0759920679085 -0.00751318420115 0.00551867700682 0.0421370011068 0.00558730985033 -0.0116077182557 0.0345190916272 0.00352636340119 0.00714416073153 0.023763895 0.00886233244934 0.0568608687285 -0.00144981807669 -0.00224591136753 0.316895940425 0.0379136598739 0.0286202249374 -0.0118859865118 0.0159497935971 0.00460132709124 0.00677901892048 0.00649660994915 -0.00331875061778 0.00474838118655 0.0214330584673 0.00108572764891 0.00700451478107 -0.0242084413416 -0.00473612945599 -0.0124821513457 0.0178369767505 0.0137168807006 -0.00049378317011 
0.0479832159318 -0.0182883519112 0.0131776117029 0.0496163130263 0.0142155859647 0.0510520581548 0.0342010944455 0.0668582698994 0.0179855589801 0.00122830775479 -0.00849430645976 0.003854779083 0.0134961118165 0.0168286058391 0.0131282822433 0.00679449780947 0.016153990891 -0.00769800485541 0.022177571632 0.0186119659928 0.0197813125699 0.0246800465541 0.035868590009 0.0102027599169 0.0113609270596 0.0167511654859 -6.7992540691e-05 0.0326201244327 0.0376016866776 0.0437507459164 0.0298993067823 0.0379136598739 0.339872527302 0.0409091183442 0.0338160298484 0.0331521810829 0.0285608505885 0.0178844052203 0.0251414837415 0.0317853444841 -0.0217258343376 0.0405141487883 0.00523214812965 0.0197099840825 0.0187123786055 0.042676322335 0.0199688990926 0.0199166150336 0.0258112151886 0.00539274307135 
0.0165438360562 0.169234785234 0.0217455276672 0.00770685804115 -0.00564621750214 0.0222105991832 -0.0242638021622 0.0169351445545 -0.00139415103868 0.00962785562584 -0.000987000015516 0.00704510408105 -0.0144902475162 0.00607813949107 -0.00893793680938 0.00769726437765 0.00922185926412 0.0196236800383 0.010498644957 0.0154816907259 0.0144381711329 0.0140162907989 -0.0102158179093 -0.0083838936481 0.0151715147364 0.0348236217332 0.00663299298164 -0.0318367807949 0.0239638143861 -0.0061867075872 0.00635602063925 0.0286202249374 0.0409091183442 0.421013769424 0.0173729789217 0.00659820633951 0.0139458286684 0.0271376901752 0.00054615327833 0.00193852938744 -0.0192177886488 0.00819958742313 0.00652277580846 -0.0138572450582 0.0610643021205 0.000415900013604 0.0205295582345 -0.00367320025961 0.00385068137091 0.00967456303081 
0.0234790633615 0.011699247749 0.00866405396476 0.00837471765793 0.0461994642982 0.00847054310344 0.000590123948547 0.0210328311699 0.0262295875719 0.00354740018936 -0.00761114350356 0.0091584094868 0.0137463994385 0.00111642103989 0.00115168929287 -0.00373312227303 0.0243112824985 0.00864372441806 -0.00460225115725 0.0288298296423 0.00206175951529 0.0199709096699 -0.0234821487968 -0.0108010694719 0.0208749806281 0.02154869158 0.0231465024333 -0.0141299723077 0.0191716092399 -0.0217018097611 0.015507327445 -0.0118859865118 0.0338160298484 0.0173729789217 0.229355939017 0.0142120271212 -0.00396719648349 0.00138195547011 0.0126241248525 0.0245350156505 0.00221242485165 -0.0080318691223 0.00887532719906 -0.00359555297681 0.017215821933 0.0295916746034 0.00804794073521 0.0314902836341 0.000383215938674 0.0305661954489 
0.0282527322441 0.0116203837245 0.0154928560303 -0.00233472578083 0.00332007152467 0.0253804234358 0.0212284315574 0.00868230156432 0.0336946679841 0.0293049982304 0.0235320621008 0.0880542045816 0.0319966148903 0.00249371531143 0.0178635272289 0.00247601619962 0.0223943336858 0.00996631447611 0.00178156250236 0.0156530853785 -0.000802077276856 0.0124376601244 0.00975216123703 0.0134726002402 0.0402471633421 0.0359293601578 -0.00563460971288 0.027723753437 0.00375681146263 0.0159362919085 0.0526464943637 0.0159497935971 0.0331521810829 0.00659820633951 0.0142120271212 0.350602732983 0.026830988119 0.0357405199043 0.0168565600374 0.0224438118224 -0.0221946089281 0.0245534865077 0.0129976033139 0.019319371261 0.0106933265504 0.0260367617303 0.00543331990733 0.0256145881479 -0.00756920302764 0.00453450991486 
0.0229567659605 0.016791905005 -0.000808942571146 0.0158664312723 0.0447272039765 0.011933001378 0.0415337434601 0.00918014305441 0.0369364872446 -0.00253371863782 0.0427519557955 0.0277133534778 0.000399238370216 0.0406421533591 0.0427015161196 0.0482882643342 0.0206288588942 0.00309173400012 0.00727158423225 0.0257162066808 0.00625573405171 0.019926310921 -0.0113975924315 0.0153675195812 0.0298041227335 0.000212286620434 -0.00970250808346 0.00018618331726 0.0181065971226 -0.0132876342807 0.0144869480826 0.00460132709124 0.0285608505885 0.0139458286684 -0.00396719648349 0.026830988119 0.797032598244 0.0948769188783 0.00831568924916 0.0272679115209 0.0048082385526 0.00372089000388 0.013542786641 -0.00257474089524 0.0373673943254 0.00485278366898 0.0416667742641 -0.00771842447228 -0.016017995595 0.00878771393395 
0.0166289967872 0.000516561723781 0.0162818752529 0.0315492878452 -0.00200265196436 0.0170155746942 0.043645016453 0.00262277285506 0.00528785228635 0.00995260218513 -0.00167881531923 0.0237063986055 0.0192072443891 0.0212957455422 0.00982775241949 0.00414072676157 0.0173297363139 0.0377609316467 0.0239736952149 0.0161802804834 0.027517079132 0.0176359743573 0.0145182608647 0.00925077497241 0.0094380834216 0.0187472064618 0.00203922293467 0.0170954889568 0.0311934771126 0.00484081104493 0.00947824769342 0.00677901892048 0.0178844052203 0.0271376901752 0.00138195547011 0.0357405199043 0.0948769188783 0.204774819699 0.0316162116708 -0.00315657472413 0.00241360519562 0.0103388538534 0.00729909622019 0.0302062768179 0.0227698914393 0.00958556240913 0.0232132950309 -0.0261802622249 0.0315948360261 0.0133548283743 
0.00519296981657 0.00194266503626 0.0225906271122 0.0283844881816 -0.00143689285168 0.00937250982048 0.0132794019539 0.020839264008 0.00958903599248 0.0178025200177 0.00879020844522 0.00139489066646 0.00831921903375 0.0267004654942 0.00963220584713 0.015302238514 0.0258980463933 0.00068416381813 0.0169282336975 0.050560870647 0.00880195372083 0.026498971293 -0.00453005193011 0.00157950628715 -0.0162034762175 0.0381114765251 0.022833004431 0.0203729502897 0.0197941072009 0.0131917772757 0.0102750695135 0.00649660994915 0.0251414837415 0.00054615327833 0.0126241248525 0.0168565600374 0.00831568924916 0.0316162116708 0.157459410062 0.013151551088 0.00881942050772 0.0110636024265 0.046592159322 0.0205957719787 0.0315738395135 0.0314590147178 0.0199835475672 -0.0234367827897 0.00144046248707 0.016942247379 
0.0227337340357 0.0130342634075 0.0192840355311 -0.000842335302233 0.00864894294372 0.025008503881 0.0161673610713 0.010072287601 0.0171182049781 0.022294945916 0.0175913129941 0.00796739280646 0.0234754018293 0.0203590990913 0.0175649013262 0.00885370651855 0.00564675279018 0.0266907885876 -0.0032380272928 0.00625923488359 0.00378621855809 0.0138809224765 0.00606726477613 0.00231818108886 -0.0075648859499 0.0375464768788 0.00458958014672 0.0225307629849 -0.00109678514451 0.00148402912346 0.0126016554208 -0.00331875061778 0.0317853444841 0.00193852938744 0.0245350156505 0.0224438118224 0.0272679115209 -0.00315657472413 0.013151551088 0.171702902629 0.00741159076507 0.0119530215099 0.0114953251421 0.0388482795483 0.0150354048796 0.0157020474269 0.0346373292751 -0.00790498830165 -0.0005801370113 0.0117987314953 
0.0101178031498 -0.0109475003272 -0.0158579112896 0.0101803900849 0.00857100829383 -0.00787410220957 -0.00239872172723 -0.0102695089132 -0.00102696129702 0.0178074255754 -0.0154012815847 -0.00551231292378 -0.0159308456012 -0.0183462774494 0.00352148000005 0.0197273983465 -0.00957125448166 0.0152558782687 0.0171460398793 -0.00624673754005 -0.0194357970075 -0.00542154780535 -0.00717076061117 -0.0160244038302 0.00957943858579 -0.0166553148599 0.00502923792022 -0.00699488262701 0.00839813250657 -0.0132632506221 -0.0173473324241 0.00474838118655 -0.0217258343376 -0.0192177886488 0.00221242485165 -0.0221946089281 0.0048082385526 0.00241360519562 0.00881942050772 0.00741159076507 0.68829460393 0.00938890478204 -0.00384592699524 -0.0132096328262 -0.0152305864567 0.0152352220684 -0.0114657754203 0.0141372326351 -0.0150237923832 0.0122392229713 
0.0287769036003 0.0207580331444 0.0167883940758 -0.0132400522174 0.0125778052731 0.0215228666659 0.0320948478463 0.00990902895874 -0.0044237461635 0.0243033809031 0.0177680847814 0.024584426835 0.0175307556763 -0.000820681430498 0.0136881935292 0.00735161964137 0.00540298975252 -0.00752687495236 0.00390950120012 0.0197699158692 0.0185742662262 0.00824488169764 0.000498346808707 -0.00398120206677 0.00379627505943 0.0319637877662 0.0357196249589 0.0195842457994 0.121057481584 0.0471796932496 0.0200913904642 0.0214330584673 0.0405141487883 0.00819958742313 -0.0080318691223 0.0245534865077 0.00372089000388 0.0103388538534 0.0110636024265 0.0119530215099 0.00938890478204 0.355139804497 0.00857042405305 0.0160636951394 0.0171981845332 0.0277247067236 0.0546045781531 -0.0261237588346 0.00806730923969 0.0137479261931 
0.00419373525234 0.0129934681196 0.0145670539234 0.0359196197061 -0.00598402549001 0.0184536935484 0.0150171639468 0.0151960899286 0.00959013219764 -0.00183719530978 -0.00826530917471 0.00771919707447 0.0179753126108 0.0341479094826 0.00895070443043 0.00615186606141 0.0246379985957 -0.00252769350294 0.0271407062148 0.0364569139203 0.0224530748263 0.00439260977088 -0.00156309812316 -0.00454912785551 0.0078145484411 0.0064947471187 0.01872272157 0.00113031710399 0.0298375338522 0.0297727184177 0.0275205898036 0.00108572764891 0.00523214812965 0.00652277580846 0.00887532719906 0.0129976033139 0.013542786641 0.00729909622019 0.046592159322 0.0114953251421 -0.00384592699524 0.00857042405305 0.205998414169 0.0700764039354 0.0436170334203 0.0195442368055 0.00821370306897 0.0109418721152 0.00297521778884 0.0138975306233 
0.00229160127579 0.0127003523252 0.0111611185556 0.0128221606299 -0.00313779624839 -0.0118286512878 0.0148075113129 0.00340827819054 0.00199814447031 -0.00520342395758 0.00436484216461 -0.00129322170958 0.0107046827188 0.0397215374936 0.015668999952 0.0115787095251 0.0190378114531 0.0144845317824 0.00786824037567 0.00819438523242 -0.00564853344364 0.00127311082591 0.102418117643 -0.00606776989541 0.0121557799344 -0.000184891517076 0.0158495557242 0.0219457508504 0.0215693577502 0.199093132873 -0.0270412294396 0.00700451478107 0.0197099840825 -0.0138572450582 -0.00359555297681 0.019319371261 -0.00257474089524 0.0302062768179 0.0205957719787 0.0388482795483 -0.0132096328262 0.0160636951394 0.0700764039354 0.464784274617 -0.000352470929386 0.0208917768452 0.0401386432372 0.00657483359476 0.0737577996354 0.0102427981198 
-0.00545060831318 0.0694454088302 0.00627556504241 0.0187138547344 -0.00606306712633 0.0192947519752 -0.00362609646463 0.0287053780577 0.0204929452416 0.00270376270953 0.0133338640321 -0.00440103687992 0.00443529043194 0.010013407164 -0.00827995266929 0.0183539204611 0.0120150721854 -0.00575913822362 0.0115889024471 0.0185669805896 0.0322848075795 0.0100544114151 -0.0250103900864 0.0190710474118 0.0256914106173 0.000670217966449 0.014774609325 -0.00548862477647 0.0296260182739 0.0158582447637 0.0271442491677 -0.0242084413416 0.0187123786055 0.0610643021205 0.017215821933 0.0106933265504 0.0373673943254 0.0227698914393 0.0315738395135 0.0150354048796 -0.0152305864567 0.0171981845332 0.0436170334203 -0.000352470929386 0.352920395658 0.0229542100429 0.0286768971033 -0.00845148595824 -0.00252220853005 0.0253274191552 
0.0218962805314 0.0158981750434 0.00283973738472 0.0343992821757 0.0198691142929 0.0141367751782 0.0644345829049 0.0113626990983 0.0262991314044 0.0190761519064 0.00436241250961 0.0081013090615 0.0252508089031 0.0255291362369 0.0182318194914 0.00670076637488 0.0254287555057 0.00246705660205 0.0263870814633 0.028539466901 0.020218007047 0.0185349084695 0.0357410985073 0.00673599709885 -0.000686775035441 0.0134066332364 0.0272536889233 0.00542007929902 0.0427313749232 0.027222974015 0.0104079269164 -0.00473612945599 0.042676322335 0.000415900013604 0.0295916746034 0.0260367617303 0.00485278366898 0.00958556240913 0.0314590147178 0.0157020474269 0.0152352220684 0.0277247067236 0.0195442368055 0.0208917768452 0.0229542100429 0.203277307825 0.00326163289027 -0.0153846499859 0.03502536663 0.00527221950249 
0.0123958324806 -0.0155394804979 0.018150781688 0.00710803355528 0.00279391100849 0.014866991214 0.00600678737037 0.0274887805727 0.001391524676 0.0153163795068 0.000660216371837 0.0172808870955 0.0102818783266 0.0225013735716 0.00518255824126 0.0222415705248 0.0339862716161 0.0215353006424 0.0194758714579 0.0172093969426 0.0251575846747 0.0266643990582 0.0302226898335 -0.00952937587971 0.0463072161695 0.0174772441889 -0.00177203914893 -0.00741124102454 0.0357182553816 0.0307442661702 0.0516338907888 -0.0124821513457 0.0199688990926 0.0205295582345 0.00804794073521 0.00543331990733 0.0416667742641 0.0232132950309 0.0199835475672 0.0346373292751 -0.0114657754203 0.0546045781531 0.00821370306897 0.0401386432372 0.0286768971033 0.00326163289027 0.278423976612 0.00360367491458 0.00389854103906 0.0163522762612 
