50
0.0123351660469 0.00413185853021 0.0940944116816 0.0601344650096 0.0224960645228 -0.00277796207049 0.0756818342608 0.143828325424 0.0578888041786 0.0358419118375 0.131188957491 0.332832739506 0.0038222736377 0.080702843163 0.119808933935 -0.00305157485537 0.100220943784 0.165506763093 0.0381517477001 0.0566389432936 0.134016582451 0.101218808556 0.075466134778 0.201678989994 0.110578936942 0.0566217234647 0.067616439087 -0.00662659235152 0.0507347996455 0.0946597506959 0.00238062118955 0.110374427341 0.0339335468557 0.0605665428979 0.0905831054983 0.0398839612709 0.0623269012124 0.0965978414643 0.107494880462 0.139274044211 0.00388664565626 0.124759587163 0.035272852014 0.234257183995 0.201887649263 0.142251168296 0.171372180847 0.0590120409917 0.0797862135264 0.102568127786 
0.216351772075 -0.00657964839861 0.0176986594688 -0.00615400902313 0.0151127979291 0.00658121776474 0.0323490350452 0.0276828137578 0.00505262432158 0.0038400950341 0.0073433626286 -0.00785218215278 0.0103761297787 -0.000309247569184 0.00211272117829 -0.00164985352402 0.00527178397419 0.0242605839154 -0.00292238197491 0.0161240327369 0.0153480525559 0.0176262604006 0.000335512401506 0.00314504668575 0.0563695886399 0.00598760234302 0.0101381892414 0.00766018561891 0.00964931352547 -0.0212174120418 -7.42117319663e-06 -0.00616225997517 0.0142521748382 0.00840003637133 0.00215807316754 0.00936792033823 0.0204943582612 0.0129383062818 -0.000827486888934 0.0203984855856 0.00688170525514 -0.00565736107637 0.0130618652195 -0.00783444806406 0.0060887834133 0.0297018849291 0.037755202367 0.00196535198931 0.0142998574944 0.00353388419384 
-0.00657964839861 0.174876604952 0.0373873723654 0.00182238690925 -0.00265400329159 0.00475506900113 0.00761481731222 -0.0161054694827 0.0257159870001 0.0250387477652 0.0325392502795 0.00927947393716 0.0115929978004 0.0290611281125 0.0248605437815 0.00942641804527 -0.00598741730273 0.011316251892 0.00112974509928 0.00391451609887 0.0171629086088 0.00916506108666 0.0170655589937 -0.00111439368225 0.000828430656408 0.0248310614758 0.0298521838801 0.0412403544955 0.0260843684999 0.0285560381431 0.0424011409561 0.0113365875095 6.30126037548e-05 0.010175578653 0.021425908901 0.00871334133707 0.0234179298853 0.0123686159306 0.0228929049151 0.0268017240478 0.0418730487972 0.00799852840612 -0.0154392025747 0.0149104751951 0.00821950984096 0.019706492516 0.0494544373967 0.0114603831366 0.0157748689111 0.0207077252232 
0.0176986594688 0.0373873723654 0.343021220608 0.0225062651145 0.0365825467765 0.00744267068826 0.00590731161165 -0.00170907150798 0.0221580699579 0.0274504393476 0.0629741259547 0.0592579482498 0.0211768975602 0.0455574517156 0.0127397681133 0.0049087967966 -0.0408537686793 0.020204990354 0.0328559023629 0.014653583071 0.0225473582861 0.0274053912809 -0.00842055172131 0.0142742192063 0.0630228433757 0.0240091314863 0.0470882936285 0.0269497130641 0.0276962035346 0.0666122365697 0.0170716476276 0.010033527705 0.00478008856273 -0.00447065098817 0.0216422879437 -0.0162263477407 0.00920333059254 0.0414107544052 0.027820902909 0.0498332541941 0.0069766313138 0.0573653433035 -0.0208265457082 0.0091035683975 0.026972793668 0.0106858030367 0.0465417803139 -1.38142002135e-05 0.0223763106526 0.0241805174926 
-0.00615400902313 0.00182238690925 0.0225062651145 0.276636198222 0.00546820802157 -0.00693242133308 0.0269731555754 0.0550750885014 -0.024714499952 -0.00238643812328 0.0127199097851 0.0357239993039 0.0096702025647 -0.0348002563026 0.0121461482959 0.0126969261019 -0.0200657209566 0.0232780885617 0.00290073667009 -0.00782658623726 0.0132557617505 0.0630497319347 0.0177603243214 -0.016631387637 0.0100221886476 0.00278281002849 -0.000473415898133 0.00731102279563 0.00287749636531 0.00369630352679 0.0076215232176 -0.0198749699102 0.0244667873324 0.0113392734037 0.0227073587694 0.00388607613518 0.0204823879876 0.017069693334 0.00692424488129 -0.00183879224014 0.000930414229911 0.0250367528013 0.00184676415438 -0.00216284460447 -0.0016507718243 -0.00254431849917 -0.0219207770846 0.00595954614106 0.0162900430298 0.0471749361558 
0.0151127979291 -0.00265400329159 0.0365825467765 0.00546820802157 0.203279289582 0.00582438544989 0.00295799418811 0.00913323721657 0.00821665723634 0.0204800598185 0.0348468282443 0.0129433232758 -0.000752797667413 0.00330514647856 -0.00931867637682 0.009285623693 -0.00174654902501 0.024221582782 -0.00167618495137 0.0127453778969 0.0187416363685 0.0281884821851 0.0230851400877 -0.0178641086833 0.00119242749077 0.0207526514016 0.0109392978715 0.00651538142627 0.0228562577153 0.0108499004003 0.0109883048466 0.00506467789859 0.00318388587232 0.0158311360765 0.0295395335585 -0.00310305222786 0.0208630872383 0.0244832150585 0.0305095219717 0.0238802302335 0.0140310573018 0.0364629153622 0.00677798062772 -0.00184711620009 0.0222216818982 0.000561524829662 0.00277558550927 0.00932034887058 0.0237121857409 0.0240691546974 
0.00658121776474 0.00475506900113 0.00744267068826 -0.00693242133308 0.00582438544989 0.248810751273 0.0101509084984 -0.00721760640219 -0.000584555250675 0.0129334419553 0.0213411197981 -0.0157212298322 0.0059657029924 0.023907380267 -0.0190368106836 -0.00200386479926 -0.0134558293411 0.0319417001872 0.00474619981035 0.0217762884542 0.00422721405342 0.0261755122646 0.00918068151675 0.0111692381691 0.0220693503417 0.00869848526625 0.022080769914 0.0150783540791 -0.0131538347852 0.049799674397 0.00136859030643 -0.0047385468759 0.00422161112598 0.00853090895661 0.00589726423979 0.0160193999542 0.00363762722131 0.00521901649822 0.0191991774546 0.0373913181121 0.00112550812671 0.0177967873321 0.0124788066395 0.0333155986659 0.0558442364679 0.0331132500945 -0.000206488397125 0.0165003085961 -0.00804139574981 0.0165260507709 
0.0323490350452 0.00761481731222 0.00590731161165 0.0269731555754 0.00295799418811 0.0101509084984 0.200678430097 -0.0114923266699 -0.00490333325167 0.0017927202053 0.0073297460223 0.0320102697164 0.021502784243 0.00554407834452 0.0067443771329 0.00450681957186 0.0611663831656 0.0229188099952 0.0151201365987 0.00782250212737 0.0112395656155 -0.00202338704079 0.0150372385494 -0.0053894417415 -0.00603586546344 0.0275729677447 -0.00371098561029 0.00928792615749 0.023812759126 0.0116730046382 0.0179508120406 0.0100677168716 0.0201952300464 -0.00775943765233 0.0367030107453 0.0195322393653 0.0337378327315 0.0129277464212 0.036624336062 0.00738874882957 0.0107770567142 0.0207161804447 0.0268526841662 -0.00214011234222 -0.00430996387986 0.0487130506467 0.00565787500787 0.00405100200916 0.013326442121 0.0109044977871 
0.0276828137578 -0.0161054694827 -0.00170907150798 0.0550750885014 0.00913323721657 -0.00721760640219 -0.0114923266699 0.591068010897 0.00524538119167 -0.00139792438054 0.0239629565721 0.00303541303537 0.0115029509077 -0.00117160666052 -0.0480220411155 0.0754057543559 0.0201356353823 -0.00243128997318 -0.00347487486519 -0.0090972639472 0.0139028349749 0.0266452299653 0.0217131297169 -0.0218855025318 0.0103163320837 -0.00575315121569 -0.000104045189809 -0.00164584853532 0.0183446523223 0.0033142973679 -0.00756031875349 -0.00525081851711 0.023559992524 0.0127804753492 -0.00283608214335 0.012644558327 -0.000200082138795 0.0182495487429 0.0201224113925 0.0249232931411 -0.017315921905 -0.00175716377832 0.0296834088084 -0.0464889932844 0.0352777646032 0.0180617038639 -0.00801524774082 -0.0138939797025 0.000867167172539 0.0248796174745 
0.00505262432158 0.0257159870001 0.0221580699579 -0.024714499952 0.00821665723634 -0.000584555250675 -0.00490333325167 0.00524538119167 0.386242619816 0.0112692334078 0.0133187036864 0.0161912052383 0.017146827786 0.0862947291041 0.00417941861706 0.00730360641966 0.0245421816683 0.0171887818581 0.0042357627897 -0.00905583140881 0.0231583106023 0.0077879957193 -0.00305181449221 0.00742768506465 0.0136611983995 0.0261222143947 -0.000493828309567 0.0194246409225 0.00628084535697 0.0280657275303 0.0266103838857 0.132090037589 0.0184466456864 0.00594067356444 0.000381722517998 -0.00329404547253 0.0323847097181 -0.00221316410845 0.0718703146459 0.035600756165 0.0431802166844 0.00712524364143 0.00436706711304 0.0280358174552 -0.0289577907782 -0.0207296053528 0.172133510083 0.018043341296 -0.00471657762934 0.00752658548461 
0.0038400950341 0.0250387477652 0.0274504393476 -0.00238643812328 0.0204800598185 0.0129334419553 0.0017927202053 -0.00139792438054 0.0112692334078 0.201998724635 0.00270061753297 -0.011193247881 0.00891809615346 0.0214205992567 -0.0150914879642 0.00421933428563 0.0326192477026 0.0189192374339 0.0218480540331 0.0197384890221 0.0035306841068 0.0192112487451 0.0175900762466 0.0181795532364 -0.000272422198586 0.0210256218399 0.0415843142405 0.0168890188264 0.0116253247141 0.0198199824483 0.0103500382337 0.00672766100918 0.0171746741246 0.0181524215251 0.0279703058424 0.00921874522086 0.0154688288382 0.00709125637149 0.0433149756401 0.0233255557302 0.00317063574373 0.0297301097016 0.00347735158212 0.0264710319588 0.0386108295031 0.00323597636266 0.0213601791728 -0.00548103893286 0.0182143914796 0.0376907949876 
0.0073433626286 0.0325392502795 0.0629741259547 0.0127199097851 0.0348468282443 0.0213411197981 0.0073297460223 0.0239629565721 0.0133187036864 0.00270061753297 0.382555588092 -0.00255087347437 0.0259458330919 0.0294437562546 0.011969501635 -0.00310802673753 0.012894192202 0.0218409536752 0.0376138828583 0.0316538787518 0.0323317096041 0.01542932905 0.031472840123 -0.00243581775136 0.0605011857565 0.034201082651 0.0257748406511 0.0201436249023 0.0285626769831 0.0278432859466 0.0245869069299 0.0296742622567 0.0348323127936 -0.00413225278919 -0.00361931273604 0.00906170913403 0.0225646518309 0.0281875773706 0.0577874633161 0.0647151929465 0.0240258665151 0.0367161949859 0.0102423303326 0.0683336749869 0.0108655909655 0.0177177255812 -0.0127105681597 0.0166091187729 0.0398251419569 0.0212996087047 
-0.00785218215278 0.00927947393716 0.0592579482498 0.0357239993039 0.0129433232758 -0.0157212298322 0.0320102697164 0.00303541303536 0.0161912052383 -0.011193247881 -0.00255087347437 0.512354637038 0.00589875903582 0.00115177956986 -0.0212558612037 -0.00167568831888 0.0239728653948 -0.00570994007837 0.0291823529669 -0.00542325514773 0.0100659968606 0.0264386332835 0.0192872022826 -0.00160856456309 0.018853825627 0.0187275729935 0.0220520822631 0.00459751023701 0.044761912307 0.0228455956163 0.00776146903824 0.00426194640633 0.0640171873608 0.0240770718007 0.0210856126907 0.00178687101701 0.0377892035655 0.0301787591611 0.0706057338957 0.0550396956686 0.0141655980556 -0.00727635441703 -0.00435319417337 -0.0314707614548 -0.00749764604099 -0.000260202898835 0.00570062369769 -0.00456799470839 0.0136465437567 0.0341970424529 
0.0103761297787 0.0115929978004 0.0211768975602 0.0096702025647 -0.000752797667413 0.0059657029924 0.021502784243 0.0115029509077 0.017146827786 0.00891809615346 0.0259458330919 0.00589875903582 0.189989243046 0.00621766440713 0.0106717861904 0.0178559203771 0.0173544361549 0.0239708522233 0.000461512781422 -0.018683599752 0.00873662920225 0.0226714558975 -0.00202134538931 0.0881771784643 0.0102603893756 0.0338240361678 0.0258603977662 0.0179452268522 0.0160418453206 -0.00727421683955 0.0173651123111 0.0244786607105 0.0182844723801 0.0182005609783 0.00871617349891 -0.00308253563744 0.0308006524959 0.0402476711383 -0.00349947354353 0.018000947372 0.0256761122545 0.0199731063797 0.016964109164 0.00506699535902 0.00210569099763 0.0214930859817 0.0196005667088 0.0208203583992 0.000367365534937 0.00558542373973 
-0.000309247569184 0.0290611281125 0.0455574517156 -0.0348002563026 0.00330514647856 0.023907380267 0.00554407834452 -0.00117160666052 0.0862947291041 0.0214205992567 0.0294437562546 0.00115177956986 0.00621766440713 0.371627489112 -0.0126730938132 -0.00108404016392 0.00861641231362 -1.76658334469e-05 0.0419935635729 0.00930972496191 0.0166172531508 -0.0142469533711 0.00574481806174 -0.0158323980604 0.0128297449673 0.0354717757566 0.00573546135948 0.0275067268362 0.0151899686391 0.0212288528984 -0.00179133277853 0.177752062288 0.0215035824805 -0.0185053667997 0.00148301129285 0.00760479530064 0.00645321966511 -0.00672251316446 0.0343795689041 0.0362660905546 -0.000550712331838 0.0568262027034 0.00287577295979 0.0307112820318 0.00680048684336 -0.00649128317487 0.165054191452 -0.00966869081202 -0.0142044226396 -0.00280204601894 
0.00211272117829 0.0248605437815 0.0127397681133 0.0121461482959 -0.00931867637682 -0.0190368106836 0.0067443771329 -0.0480220411155 0.00417941861706 -0.0150914879642 0.011969501635 -0.0212558612037 0.0106717861904 -0.0126730938132 0.633570984712 0.00789608443779 0.0514433346454 0.0603028735009 0.0282922277345 -0.00803177039618 0.0122951575253 0.0712740161321 0.00329370607086 -0.0251119045945 -0.0114431808735 -0.0180475381277 -0.00713969643418 0.0290587748369 0.00532504650268 -0.000726406838032 0.012077953614 0.0329840748434 -0.0253569697172 -0.00594693920272 0.00403511966989 -0.00258675754141 -0.0133450504933 -0.00844623732539 -0.0039752929633 -0.00352589546579 0.0508911701456 0.0110685909179 0.003208189722 -0.0178712054327 -0.0027152470924 -0.0130716839441 0.00680207269613 0.0168722748182 -0.0114144304571 -0.0143289103903 
-0.00164985352402 0.00942641804527 0.0049087967966 0.0126969261019 0.009285623693 -0.00200386479926 0.00450681957186 0.0754057543559 0.00730360641966 0.00421933428563 -0.00310802673753 -0.00167568831888 0.0178559203771 -0.00108404016392 0.00789608443779 0.196479957275 0.0186568883505 0.00902647441412 0.0107890230428 -0.0111279739153 -0.00112388740584 0.0371010661894 0.0172037656355 0.0455907776024 0.00353299615157 0.0227639363769 0.0201950297455 0.0141003619661 0.0343276877134 0.0180615599984 0.0186341586087 -0.00485353632434 0.00898016581863 0.0233553078673 0.0210458383331 0.00423402664677 0.0216520874429 0.0290347215819 -0.00799883099356 0.0157863886094 0.0337148417558 0.0171030116264 0.0201751350168 -0.013116439465 0.0290996825167 0.0509952348469 0.00823217033687 0.0195115914713 0.017317721852 0.0152621984496 
0.00527178397419 -0.00598741730273 -0.0408537686793 -0.0200657209566 -0.00174654902502 -0.0134558293411 0.0611663831656 0.0201356353823 0.0245421816683 0.0326192477026 0.012894192202 0.0239728653948 0.0173544361549 0.00861641231362 0.0514433346454 0.0186568883505 1.08737349748 0.166222515573 0.0269820405164 0.0246558206283 -0.0179588165997 0.00906207233958 -0.0102645147989 -0.0126566559041 0.043700752386 0.0440311522305 -0.00996986498094 0.0191841475938 0.0764527554967 -0.00365917077321 0.0214893444362 0.0149387631126 0.00915217970067 0.00305685890487 0.00847626401001 0.0142265486962 -0.00207593481424 0.00811065795927 0.152198934308 -0.0202268880741 -0.00194548476376 -0.0138274720348 -0.00793237568402 0.0010307542264 0.0294889807889 0.0258836676693 -0.0102320008123 0.0214906181389 0.00399891630511 0.0229380122712 
0.0242605839154 0.011316251892 0.020204990354 0.0232780885617 0.024221582782 0.0319417001872 0.0229188099952 -0.00243128997318 0.0171887818581 0.0189192374339 0.0218409536752 -0.00570994007837 0.0239708522233 -1.76658334466e-05 0.0603028735009 0.00902647441412 0.166222515573 0.330640487939 0.00151929207099 0.0166407591691 0.0155938794897 0.0172780119302 0.0173518350849 0.0525966321828 -0.00425990614691 0.022483703014 -0.000517022086981 0.015709383039 0.0350462538167 -0.00445449002173 0.0116865777089 0.0126070598311 0.0155695821807 0.00378001955578 0.00276828439643 -0.00662882048577 0.0307838928275 0.0270920747799 0.0639412402595 0.0593255165391 0.00631425377723 0.0379537298007 0.0147073515668 0.0266221114429 0.0454315037318 0.034201353687 0.00977376210695 0.0222926650251 0.0113760690674 0.0184659892739 
-0.00292238197491 0.00112974509928 0.0328559023629 0.00290073667009 -0.00167618495137 0.00474619981035 0.0151201365987 -0.00347487486519 0.0042357627897 0.0218480540331 0.0376138828583 0.0291823529669 0.000461512781422 0.0419935635729 0.0282922277345 0.0107890230428 0.0269820405164 0.00151929207099 0.290613818631 -0.00811502246961 -0.00266040567728 0.0130823272106 0.0148704120891 0.0450676894575 0.0604523556435 0.00552019352218 0.114814086596 0.00385334043296 0.0202560094369 0.0213748653348 -0.00700020373677 0.00169139436518 0.035955809288 -0.0128775768699 0.00110792701322 0.000895081238364 0.0255943928595 0.0116616614343 0.0266219567327 0.108469708589 -0.00710152122126 0.0119614042836 0.00196774856368 0.0399854583266 0.0540308027839 0.0138693965117 0.0148173471411 0.0033460411527 0.00857313103896 0.0074077735326 
0.0161240327369 0.00391451609887 0.014653583071 -0.00782658623726 0.0127453778969 0.0217762884542 0.00782250212737 -0.0090972639472 -0.00905583140881 0.0197384890221 0.0316538787518 -0.00542325514773 -0.018683599752 0.00930972496191 -0.00803177039618 -0.0111279739153 0.0246558206283 0.0166407591691 -0.00811502246961 0.190211994039 0.000630686409866 0.00233055305938 7.06754778228e-05 -0.0225944277816 0.00375341444019 0.0124695883464 0.00944698144821 0.00211435469459 0.0110075760737 0.054520087215 0.00172144136805 0.00531418463968 0.00667620556825 -0.0285246950186 0.0181036289709 0.00507139191046 0.00299412562019 -0.0164577325939 -0.00093478396186 0.0244083804012 0.00642622664688 0.00241892594793 0.0329918067789 -0.00774648058579 -0.0187817035304 -0.00972288163775 0.00486057790007 -0.0042103762162 0.00468724549382 0.00928264809602 
0.0153480525559 0.0171629086088 0.0225473582861 0.0132557617505 0.0187416363685 0.00422721405342 0.0112395656155 0.0139028349749 0.0231583106023 0.0035306841068 0.0323317096041 0.0100659968606 0.00873662920225 0.0166172531508 0.0122951575253 -0.00112388740584 -0.0179588165997 0.0155938794897 -0.00266040567728 0.000630686409866 0.220667352576 0.0124480671488 0.00342440517499 0.00438800370596 0.0181317669993 0.0197661954167 0.0241204287074 0.0201204574204 0.022649401428 0.0317845928566 0.00903514911269 0.0106890217388 0.0216680202314 0.0121912696565 0.000628238608513 0.0124889869026 0.0338510626949 0.0232057190856 0.0293495745115 0.0308585990452 8.98200571014e-05 0.00990457569353 0.0068274775709 -0.0033262116509 -0.0128381846021 0.0135376670864 0.00313929351455 0.0038508675833 0.0369492607965 0.0196259187102 
0.0176262604006 0.00916506108666 0.0274053912809 0.0630497319347 0.0281884821851 0.0261755122646 -0.00202338704079 0.0266452299653 0.0077879957193 0.0192112487451 0.01542932905 0.0264386332835 0.0226714558975 -0.0142469533711 0.0712740161321 0.0371010661894 0.00906207233958 0.0172780119302 0.0130823272106 0.00233055305938 0.0124480671488 0.313075159863 0.00567975780827 0.000680736136045 0.0037759744222 0.0129689509536 -0.00612491040493 0.00997106868299 0.0356216530835 0.0207753127216 0.00673682366439 0.00996378851793 0.00618476330874 0.0170492156726 0.0180608515107 0.00740051316282 0.0275600118273 0.0289921718064 0.0554523831606 0.0216027219878 0.0240720919062 0.0184605234028 0.0296388366518 -0.00243587227569 -0.00955077177326 0.0419057774872 -0.00030917176493 0.00985594334445 0.0461081809216 0.0940182539858 
0.000335512401505 0.0170655589937 -0.00842055172131 0.0177603243214 0.0230851400877 0.00918068151675 0.0150372385494 0.0217131297169 -0.00305181449221 0.0175900762466 0.031472840123 0.0192872022826 -0.00202134538931 0.00574481806174 0.00329370607086 0.0172037656355 -0.0102645147989 0.0173518350849 0.0148704120891 7.0675477823e-05 0.00342440517498 0.00567975780827 0.452370773434 0.0236180881911 0.0506774126656 0.0128536333399 0.0205923741151 0.0131457391215 0.013681457638 0.0142169072604 0.0186237618039 0.0190959102321 0.000261716798476 0.0273277116091 -0.0109961517385 0.00146535995307 0.00299390597843 0.0143045457229 0.0544635953883 0.0139831741005 0.00793105041464 -0.00948785941592 -0.0177185095498 -0.00333904519671 0.015522547815 0.0150310935619 0.00141110013144 -0.0135293359805 0.0469699972094 0.00129173262036 
0.00314504668575 -0.00111439368225 0.0142742192063 -0.016631387637 -0.0178641086833 0.0111692381691 -0.0053894417415 -0.0218855025318 0.00742768506465 0.0181795532364 -0.00243581775136 -0.00160856456309 0.0881771784643 -0.0158323980604 -0.0251119045945 0.0455907776024 -0.0126566559041 0.0525966321828 0.0450676894575 -0.0225944277816 0.00438800370597 0.000680736136045 0.0236180881911 1.18873243437 0.0171818593769 0.0331990085778 0.0978358287818 0.00638781470942 0.00424121907207 0.056664163348 0.00102098505821 -0.0186049551324 -0.00343272487391 0.00485505470654 0.0392623045006 0.0364410674613 0.0227384342128 0.278652959662 0.0219860172127 0.0804807392557 0.00395471015148 -0.0262804431044 0.115512296433 0.104840035648 0.0289250789273 -8.38513863949e-06 -0.0227352765691 0.0145530948993 0.00721621059995 0.0191441576021 
0.0563695886399 0.000828430656407 0.0630228433757 0.0100221886476 0.00119242749077 0.0220693503417 -0.00603586546344 0.0103163320837 0.0136611983995 -0.000272422198586 0.0605011857565 0.018853825627 0.0102603893756 0.0128297449673 -0.0114431808735 0.00353299615157 0.043700752386 -0.0042599061469 0.0604523556435 0.00375341444019 0.0181317669993 0.0037759744222 0.0506774126656 0.0171818593769 0.822443870521 -0.00205513859128 0.0473791618032 0.00132230614421 0.0229286754978 -0.0110153457845 0.0173781840939 0.0105387172934 0.0767923261487 0.00119709989057 -0.000447577711333 0.000800042538927 0.019666881403 -0.0124798612531 -0.0229376155435 0.123772577418 0.00509087140553 0.00779923257877 0.00235088018022 0.0700452823559 -0.00335835668291 0.0153902638285 0.0114969250957 0.0103313003946 0.0386033313433 -0.0132946262728 
0.00598760234302 0.0248310614758 0.0240091314863 0.00278281002849 0.0207526514016 0.00869848526625 0.0275729677447 -0.00575315121569 0.0261222143947 0.0210256218399 0.034201082651 0.0187275729935 0.0338240361678 0.0354717757566 -0.0180475381277 0.0227639363769 0.0440311522305 0.022483703014 0.00552019352218 0.0124695883464 0.0197661954167 0.0129689509536 0.0128536333399 0.0331990085778 -0.00205513859128 0.169572616594 0.0274935403077 0.0231032547019 0.04577707955 0.0119328615447 0.0237617704585 0.0155273619637 0.0106352793762 0.0315485676794 0.0120701142326 0.0282362097988 0.030872411974 0.0387597568835 0.0317606003738 0.0260644193214 0.0331051499976 0.000237586743405 0.00624242754913 0.0157344411013 0.0259646723235 0.0387674363895 0.031605752429 0.0224918566915 0.0113751992476 0.0407438598887 
0.0101381892414 0.0298521838801 0.0470882936285 -0.000473415898133 0.0109392978715 0.022080769914 -0.00371098561029 -0.000104045189809 -0.000493828309568 0.0415843142405 0.0257748406511 0.0220520822631 0.0258603977662 0.00573546135948 -0.00713969643418 0.0201950297455 -0.00996986498094 -0.000517022086981 0.114814086596 0.00944698144821 0.0241204287074 -0.00612491040493 0.0205923741151 0.0978358287818 0.0473791618032 0.0274935403077 0.35812771836 0.00236114614389 0.033047872724 0.0108778433863 0.0146470361963 -0.00757014441277 0.0424136327421 0.0192520297757 0.0172171614662 0.00734604240905 0.0146324793345 0.0606177013835 -0.0020117988667 0.117270271692 -0.0110801878974 0.02925167592 0.0377836222615 0.0256161536369 0.0732484669223 -0.00307655884263 0.00871626428565 0.0104499328274 0.04043925291 0.0204129043327 
0.00766018561891 0.0412403544955 0.0269497130641 0.00731102279563 0.00651538142627 0.0150783540791 0.00928792615749 -0.00164584853532 0.0194246409225 0.0168890188264 0.0201436249023 0.00459751023701 0.0179452268522 0.0275067268362 0.0290587748369 0.0141003619661 0.0191841475938 0.015709383039 0.00385334043296 0.00211435469459 0.0201204574204 0.00997106868299 0.0131457391215 0.00638781470942 0.00132230614421 0.0231032547019 0.00236114614389 0.155648774054 0.00170886858363 0.0180447608122 0.0366722847694 0.0386039829108 0.0101866128367 0.0329799929632 0.00444233723378 0.0100503931585 0.0274946394122 0.0186051923871 0.0069263954854 0.0127291725023 0.0304747316566 0.0370952446488 0.0192014704017 0.00588462830456 -0.000307488864471 0.00587335227746 0.0455771039655 0.0157079786465 0.0247477506142 0.0206149262269 
0.00964931352547 0.0260843684999 0.0276962035346 0.00287749636531 0.0228562577153 -0.0131538347852 0.023812759126 0.0183446523223 0.00628084535697 0.0116253247141 0.0285626769831 0.044761912307 0.0160418453206 0.0151899686391 0.00532504650268 0.0343276877134 0.0764527554967 0.0350462538167 0.0202560094369 0.0110075760737 0.022649401428 0.0356216530835 0.013681457638 0.00424121907207 0.0229286754978 0.04577707955 0.033047872724 0.00170886858363 0.241468000133 -0.000326641704939 0.00508820103197 0.00939767386563 -0.00993828448949 0.0336287042301 0.0184441680507 0.0103236728183 0.00544043977833 0.046062171129 0.0568517639856 0.0245724564657 0.00596607526313 -0.00377560132874 0.0159109873829 0.0171819179876 0.00573501841806 0.0198257241049 0.0686147008922 0.0160946843272 0.0139599496489 0.026844388122 
-0.0212174120418 0.0285560381431 0.0666122365697 0.00369630352679 0.0108499004003 0.049799674397 0.0116730046382 0.0033142973679 0.0280657275303 0.0198199824483 0.0278432859466 0.0228455956163 -0.00727421683955 0.0212288528984 -0.000726406838032 0.0180615599984 -0.00365917077321 -0.00445449002173 0.0213748653348 0.054520087215 0.0317845928566 0.0207753127216 0.0142169072604 0.056664163348 -0.0110153457845 0.0119328615447 0.0108778433863 0.0180447608122 -0.000326641704939 0.439783726905 0.0253841366195 0.0208369521114 0.0159108244873 -0.00371230210176 -0.0315917899992 -0.0189663221422 -0.00357624359312 0.0375211806632 -0.00654707816844 0.00119518953986 0.0222779128516 0.0406827654042 -0.0031121080964 -0.0150728507966 0.0432706213482 0.0452414295992 0.0265779965677 0.00621662823755 0.00779604826645 0.027118071848 
-7.42117319566e-06 0.0424011409561 0.0170716476276 0.0076215232176 0.0109883048466 0.00136859030643 0.0179508120406 -0.00756031875349 0.0266103838857 0.0103500382337 0.0245869069299 0.00776146903824 0.0173651123111 -0.00179133277853 0.012077953614 0.0186341586087 0.0214893444362 0.0116865777089 -0.00700020373677 0.00172144136805 0.00903514911269 0.00673682366439 0.0186237618039 0.00102098505821 0.0173781840939 0.0237617704585 0.0146470361963 0.0366722847694 0.00508820103197 0.0253841366195 0.108526041217 0.0229035715277 0.00650929364826 0.0176368951496 0.0277944372918 0.017118818445 0.0151561143509 0.0158055780509 0.0279378992951 0.0114778940432 0.0373765968028 0.00919646136173 0.00434059960813 0.0121977261294 -0.00569358020521 0.0256530433948 0.0316703569992 0.0127522896678 0.0263333029302 0.00820668102193 
-0.00616225997517 0.0113365875095 0.010033527705 -0.0198749699102 0.00506467789859 -0.0047385468759 0.0100677168716 -0.00525081851711 0.132090037589 0.00672766100918 0.0296742622567 0.00426194640633 0.0244786607105 0.177752062288 0.0329840748434 -0.00485353632434 0.0149387631126 0.0126070598311 0.00169139436518 0.00531418463968 0.0106890217388 0.00996378851794 0.0190959102321 -0.0186049551324 0.0105387172934 0.0155273619637 -0.00757014441277 0.0386039829108 0.00939767386563 0.0208369521114 0.0229035715277 0.439521352912 0.0312524396893 0.00851977173211 0.0116349289657 -0.000759076285661 0.0248080601477 -0.00659714226508 0.0674308058658 0.0274051486554 0.0341461872948 0.0100156290122 0.010314467198 0.0144953416585 -0.00295788126444 -0.00910020026528 0.18749777928 0.0233442700285 0.0158510216716 0.0265143474533 
0.0142521748382 6.30126037547e-05 0.00478008856273 0.0244667873324 0.00318388587232 0.00422161112598 0.0201952300464 0.023559992524 0.0184466456864 0.0171746741246 0.0348323127936 0.0640171873608 0.0182844723801 0.0215035824805 -0.0253569697172 0.00898016581863 0.00915217970067 0.0155695821807 0.035955809288 0.00667620556825 0.0216680202314 0.00618476330875 0.000261716798475 -0.00343272487391 0.0767923261487 0.0106352793762 0.0424136327421 0.0101866128367 -0.00993828448949 0.0159108244873 0.00650929364826 0.0312524396893 0.27430448607 0.0157365900542 0.0262875822548 0.0126987286493 0.0455110417244 0.0118083513262 -0.020364359756 0.0354865996678 0.0135789618061 -0.0107681831338 0.0200243571337 -0.00368918562403 -0.0125862054139 0.0111291329782 -0.0135896185963 0.00905963439552 0.0204367882641 0.0327150759362 
0.00840003637133 0.010175578653 -0.00447065098817 0.0113392734037 0.0158311360765 0.00853090895661 -0.00775943765233 0.0127804753492 0.00594067356443 0.0181524215251 -0.00413225278919 0.0240770718007 0.0182005609783 -0.0185053667997 -0.00594693920272 0.0233553078673 0.00305685890487 0.00378001955578 -0.0128775768699 -0.0285246950186 0.0121912696565 0.0170492156726 0.0273277116091 0.00485505470654 0.00119709989057 0.0315485676794 0.0192520297757 0.0329799929632 0.0336287042301 -0.00371230210176 0.0176368951496 0.00851977173211 0.0157365900542 0.250466867118 0.0157355745439 0.0143558872104 0.0202367143053 0.0151462070692 0.0309336125741 0.0198127505179 0.0125250529432 0.0116215446143 0.0200891514766 0.00508559062281 0.0266047609888 0.0298259813938 0.0134838756511 0.0075098567419 0.0114973189699 0.0463864853247 
0.00215807316754 0.021425908901 0.0216422879437 0.0227073587694 0.0295395335585 0.00589726423979 0.0367030107453 -0.00283608214335 0.000381722517998 0.0279703058424 -0.00361931273604 0.0210856126907 0.00871617349891 0.00148301129285 0.00403511966989 0.0210458383331 0.00847626401001 0.00276828439643 0.00110792701322 0.018103628971 0.000628238608514 0.0180608515107 -0.0109961517385 0.0392623045006 -0.000447577711333 0.0120701142326 0.0172171614662 0.00444233723378 0.0184441680507 -0.0315917899992 0.0277944372918 0.0116349289657 0.0262875822548 0.0157355745439 0.309809725885 0.0280766772513 0.0230978403044 0.0323041470145 0.0263205938197 0.0263950556414 0.0239502958238 0.00823349660257 0.0303605629711 -0.0140610502606 0.00937488494451 0.0107769922264 0.0423078209982 0.0260472380532 0.00468539721618 0.0173581578154 
0.00936792033823 0.00871334133707 -0.0162263477407 0.00388607613518 -0.00310305222786 0.0160193999542 0.0195322393653 0.012644558327 -0.00329404547253 0.00921874522086 0.00906170913403 0.00178687101701 -0.00308253563744 0.00760479530064 -0.00258675754141 0.00423402664677 0.0142265486962 -0.00662882048577 0.000895081238364 0.00507139191046 0.0124889869026 0.00740051316282 0.00146535995307 0.0364410674613 0.000800042538927 0.0282362097988 0.00734604240905 0.0100503931585 0.0103236728183 -0.0189663221422 0.017118818445 -0.000759076285662 0.0126987286493 0.0143558872104 0.0280766772513 0.123464473912 0.00702375366226 0.0124147184291 0.00901233058703 0.0182663485952 0.00437548785959 -0.00526023068412 0.0396038917931 0.0210821553382 -0.00120286846385 0.0146000026398 -0.00374649820496 0.0195670635282 0.0142607965882 0.0128022331684 
0.0204943582612 0.0234179298853 0.00920333059253 0.0204823879876 0.0208630872383 0.00363762722131 0.0337378327315 -0.000200082138795 0.0323847097181 0.0154688288382 0.0225646518309 0.0377892035655 0.0308006524959 0.00645321966511 -0.0133450504933 0.0216520874429 -0.00207593481424 0.0307838928275 0.0255943928595 0.00299412562019 0.0338510626949 0.0275600118273 0.00299390597843 0.0227384342128 0.019666881403 0.030872411974 0.0146324793345 0.0274946394122 0.00544043977833 -0.00357624359312 0.0151561143509 0.0248080601477 0.0455110417244 0.0202367143053 0.0230978403044 0.00702375366226 0.245689920426 0.0105760129269 0.0316326839972 0.0314906360405 0.0128021023102 0.0255125915652 0.0175829725343 0.0551046758896 -0.00536639495685 0.0372868533727 0.0206340408907 0.0256078098412 0.0313515292915 0.0390394493654 
0.0129383062818 0.0123686159306 0.0414107544052 0.017069693334 0.0244832150585 0.00521901649822 0.0129277464212 0.0182495487429 -0.00221316410845 0.00709125637149 0.0281875773706 0.0301787591611 0.0402476711383 -0.00672251316446 -0.00844623732539 0.0290347215819 0.00811065795927 0.0270920747799 0.0116616614343 -0.0164577325939 0.0232057190856 0.0289921718064 0.0143045457229 0.278652959662 -0.0124798612531 0.0387597568835 0.0606177013835 0.0186051923871 0.046062171129 0.0375211806632 0.0158055780509 -0.00659714226508 0.0118083513262 0.0151462070692 0.0323041470145 0.0124147184291 0.0105760129269 0.335644634658 0.0241935760186 0.0364134826039 0.00467818847417 0.0157179866274 0.0371144959019 -0.0195947613401 -0.00285139867585 0.0146082962072 0.0102647859558 0.0113860340811 0.00972665038854 0.0317700039206 
-0.000827486888935 0.0228929049151 0.027820902909 0.00692424488129 0.0305095219717 0.0191991774546 0.036624336062 0.0201224113925 0.0718703146459 0.0433149756401 0.0577874633161 0.0706057338957 -0.00349947354354 0.0343795689041 -0.0039752929633 -0.00799883099356 0.152198934308 0.0639412402595 0.0266219567327 -0.00093478396186 0.0293495745115 0.0554523831606 0.0544635953883 0.0219860172127 -0.0229376155435 0.0317606003738 -0.0020117988667 0.0069263954854 0.0568517639856 -0.00654707816844 0.0279378992951 0.0674308058658 -0.020364359756 0.0309336125741 0.0263205938197 0.00901233058703 0.0316326839972 0.0241935760186 0.412290924536 0.0289602479848 0.0211685404041 0.0586846897961 0.0160831111352 0.0783851879317 0.0152333690915 0.0258727637547 0.0667435823365 0.0198074922333 0.014224890125 0.0255789513721 
0.0203984855856 0.0268017240478 0.0498332541941 -0.00183879224014 0.0238802302335 0.0373913181121 0.00738874882957 0.0249232931411 0.035600756165 0.0233255557302 0.0647151929465 0.0550396956686 0.018000947372 0.0362660905546 -0.00352589546579 0.0157863886094 -0.0202268880741 0.0593255165391 0.108469708589 0.0244083804012 0.0308585990452 0.0216027219878 0.0139831741005 0.0804807392557 0.123772577418 0.0260644193214 0.117270271692 0.0127291725023 0.0245724564657 0.00119518953986 0.0114778940432 0.0274051486554 0.0354865996678 0.0198127505179 0.0263950556414 0.0182663485952 0.0314906360405 0.0364134826039 0.0289602479848 0.602152583959 0.0189260578391 0.0478122358489 0.0251514145836 0.098308439443 0.0384881018236 0.010025604305 0.0387592479527 -0.0039583373315 0.0224660143436 0.0584758219811 
0.00688170525514 0.0418730487972 0.0069766313138 0.000930414229911 0.0140310573018 0.00112550812671 0.0107770567142 -0.017315921905 0.0431802166844 0.00317063574373 0.0240258665151 0.0141655980556 0.0256761122545 -0.000550712331838 0.0508911701456 0.0337148417558 -0.00194548476376 0.00631425377723 -0.00710152122126 0.00642622664688 8.98200571014e-05 0.0240720919062 0.00793105041464 0.00395471015148 0.00509087140553 0.0331051499976 -0.0110801878974 0.0304747316566 0.00596607526313 0.0222779128516 0.0373765968028 0.0341461872948 0.0135789618061 0.0125250529432 0.0239502958238 0.00437548785959 0.0128021023102 0.00467818847417 0.0211685404041 0.0189260578391 0.208193301824 0.00899632884397 0.00682442974675 -0.0318960372356 0.0127544327762 0.0685686224649 0.0362632075841 0.022981743695 0.0188086105306 0.00917266467459 
-0.00565736107637 0.00799852840612 0.0573653433035 0.0250367528013 0.0364629153622 0.0177967873321 0.0207161804447 -0.00175716377832 0.00712524364143 0.0297301097016 0.0367161949859 -0.00727635441703 0.0199731063797 0.0568262027034 0.0110685909179 0.0171030116264 -0.0138274720348 0.0379537298007 0.0119614042836 0.00241892594793 0.00990457569353 0.0184605234028 -0.00948785941592 -0.0262804431044 0.00779923257877 0.000237586743405 0.02925167592 0.0370952446488 -0.00377560132874 0.0406827654042 0.00919646136173 0.0100156290122 -0.0107681831338 0.0116215446143 0.00823349660257 -0.00526023068412 0.0255125915652 0.0157179866274 0.0586846897961 0.0478122358489 0.00899632884397 0.320854465693 0.00622966294878 0.0267356080761 0.0192444420319 0.00285289295384 0.0132637338669 0.00225979135142 0.0114490653589 0.0153265026916 
0.0130618652195 -0.0154392025747 -0.0208265457082 0.00184676415438 0.00677798062772 0.0124788066395 0.0268526841662 0.0296834088084 0.00436706711304 0.00347735158212 0.0102423303326 -0.00435319417337 0.016964109164 0.00287577295978 0.003208189722 0.0201751350168 -0.00793237568402 0.0147073515668 0.00196774856368 0.0329918067789 0.00682747757089 0.0296388366518 -0.0177185095498 0.115512296433 0.00235088018022 0.00624242754913 0.0377836222615 0.0192014704017 0.0159109873829 -0.0031121080964 0.00434059960812 0.010314467198 0.0200243571337 0.0200891514766 0.0303605629711 0.0396038917931 0.0175829725343 0.0371144959019 0.0160831111352 0.0251514145836 0.00682442974675 0.00622966294878 0.235271330672 0.0111702363469 0.00745203265737 0.00724312420579 0.0188633121681 0.0113065379607 0.00852315885603 0.0444415220851 
-0.00783444806406 0.0149104751951 0.0091035683975 -0.00216284460447 -0.00184711620009 0.0333155986659 -0.00214011234222 -0.0464889932844 0.0280358174552 0.0264710319588 0.0683336749869 -0.0314707614548 0.00506699535902 0.0307112820318 -0.0178712054327 -0.013116439465 0.0010307542264 0.0266221114429 0.0399854583266 -0.00774648058579 -0.0033262116509 -0.00243587227569 -0.00333904519671 0.104840035648 0.0700452823559 0.0157344411013 0.0256161536369 0.00588462830456 0.0171819179876 -0.0150728507966 0.0121977261294 0.0144953416585 -0.00368918562403 0.00508559062281 -0.0140610502606 0.0210821553382 0.0551046758896 -0.0195947613401 0.0783851879317 0.098308439443 -0.0318960372356 0.0267356080761 0.0111702363469 1.24496131259 -0.0243974063894 -0.00834582875792 -0.00141641296989 -0.00752012183283 0.016312752386 0.00849291966478 
0.0060887834133 0.00821950984096 0.026972793668 -0.0016507718243 0.0222216818982 0.0558442364679 -0.00430996387986 0.0352777646032 -0.0289577907782 0.0386108295031 0.0108655909655 -0.00749764604099 0.00210569099763 0.00680048684335 -0.0027152470924 0.0290996825167 0.0294889807889 0.0454315037318 0.0540308027839 -0.0187817035304 -0.0128381846021 -0.00955077177326 0.015522547815 0.0289250789273 -0.00335835668291 0.0259646723235 0.0732484669223 -0.000307488864471 0.00573501841806 0.0432706213482 -0.00569358020521 -0.00295788126444 -0.0125862054139 0.0266047609888 0.00937488494451 -0.00120286846385 -0.00536639495685 -0.00285139867585 0.0152333690915 0.0384881018236 0.0127544327762 0.0192444420319 0.00745203265737 -0.0243974063894 0.772244414424 0.025309608144 -0.0282994294929 0.00267811245881 -0.0227907184826 0.0360749989651 
0.0297018849291 0.019706492516 0.0106858030367 -0.00254431849917 0.000561524829662 0.0331132500945 0.0487130506467 0.0180617038639 -0.0207296053528 0.00323597636266 0.0177177255812 -0.000260202898835 0.0214930859817 -0.00649128317487 -0.0130716839441 0.0509952348469 0.0258836676693 0.034201353687 0.0138693965117 -0.00972288163775 0.0135376670864 0.0419057774872 0.0150310935619 -8.38513863958e-06 0.0153902638285 0.0387674363895 -0.00307655884263 0.00587335227746 0.0198257241049 0.0452414295992 0.0256530433948 -0.00910020026528 0.0111291329782 0.0298259813938 0.0107769922264 0.0146000026398 0.0372868533727 0.0146082962072 0.0258727637547 0.010025604305 0.0685686224649 0.00285289295384 0.00724312420579 -0.00834582875792 0.025309608144 0.799298309763 -0.0372214521427 0.0157511860737 0.0163433051456 0.0247740838185 
0.037755202367 0.0494544373967 0.0465417803139 -0.0219207770846 0.00277558550927 -0.000206488397125 0.00565787500787 -0.00801524774082 0.172133510083 0.0213601791728 -0.0127105681597 0.00570062369769 0.0196005667088 0.165054191452 0.00680207269613 0.00823217033687 -0.0102320008123 0.00977376210695 0.0148173471411 0.00486057790007 0.00313929351455 -0.00030917176493 0.00141110013144 -0.0227352765691 0.0114969250957 0.031605752429 0.00871626428565 0.0455771039655 0.0686147008922 0.0265779965677 0.0316703569992 0.18749777928 -0.0135896185963 0.0134838756511 0.0423078209982 -0.00374649820496 0.0206340408907 0.0102647859558 0.0667435823365 0.0387592479527 0.0362632075841 0.0132637338669 0.0188633121681 -0.00141641296989 -0.0282994294929 -0.0372214521427 0.539803795335 0.0336647196652 -0.00681407359493 -0.0032485080496 
