60
0.110578936942 0.0566389432936 0.134016582451 0.037281538924 0.0160420823192 0.0429486266904 -0.00694067656108 0.106465020668 0.0697795953642 0.0564449965361 -0.0290439391383 0.424855775916 0.022775665512 0.0762578269544 0.0477990277318 0.0749299903321 0.00753480783794 0.204332601919 0.100886603299 0.0810581507116 0.165506763093 0.0952470994091 0.0800542827641 0.0169596300077 0.0637387331612 0.13588321519 0.0593939882808 0.135848421796 0.09797045465 0.0328562524986 0.136929250297 0.0451759103614 0.0403512104362 0.0181340887913 0.070995024039 0.072987431854 0.122670110856 0.104921073146 0.0300310371189 0.0524718958424 0.101022755506 0.0520830917934 0.126255379542 0.12260521459 0.168192385625 0.0176756211385 0.399937027552 0.0825599502725 -0.00139328324831 0.0914492870129 0.0807794462486 0.075466134778 0.0279461936292 0.0826231173305 0.059162885268 0.0129348444485 0.139274044211 0.28152338764 0.0292815331214 0.0585004976968 
0.7875291469 0.00637997432848 0.0141958712826 0.0297318558467 0.0103478737645 0.0294638053354 0.0147409867031 0.0106367140691 0.0219741339331 0.0128561134821 -0.00607747098466 -0.0310290936813 0.0207241138026 0.00158800604606 -0.00602582576689 0.0180607580606 0.146623378391 0.00989261851467 0.0118557086004 0.0113959740894 -0.00590679133909 -0.0177400957277 0.186209405329 -0.00430324535399 0.0509051315974 0.0150610392463 0.0454435232906 0.0135630050821 0.0172513986979 0.108028347472 -0.0172195952567 0.0158601897943 -0.00928653636487 -0.00239047372988 0.00426746333027 0.0769028674784 0.0319816904209 0.0096814821966 0.000323877392417 -0.000100964018358 0.00641215210364 -0.00188846710238 0.0127656930347 0.0158536987257 -0.00288709837917 0.0138797522676 0.0495393013105 0.0180666947309 0.0122239424097 0.0330894851403 0.0243562727284 0.0515747986519 0.0115200777626 -0.0220208716545 -0.00186421204636 0.0182893023783 0.117242282673 -0.0162319402143 0.0138337642257 0.0257374861172 
0.00637997432848 0.193067387331 0.00705635380529 0.0126077147955 0.00548278340332 0.0326852040964 0.00405332039725 0.0079273415219 0.0164675224325 0.0038383112377 0.0373384237463 -0.0098672130203 0.00834796758351 -0.00773746980092 0.0301821537676 0.0124164064228 0.00195238911562 -0.00533219657737 -0.0113498971186 -0.00952430916645 0.0211760188403 0.00253652693539 0.000195224432168 -5.90790527989e-05 0.00966498423788 0.0194136632131 0.00454076162666 -0.0224959039341 0.014211324777 -0.00470655858451 -0.0257663691615 -0.00481635671558 0.00816323283236 0.0319451639227 0.0048321991212 0.000638565462619 -0.00290682007183 0.00916381211504 -0.014636834694 -0.0104308320444 0.0177956292682 -0.00237484925455 0.0245531574693 -0.00479805869159 0.00622152577172 -0.00846360028511 -0.00126624066966 -0.0132206081215 0.00953990714474 0.00899443034765 0.00426500237776 -0.0020301348562 -0.00242864758008 0.00674145400896 -0.00658080727302 0.0115067465359 0.0137026564278 -0.0235405997356 0.00332607067464 -0.0122713004917 
0.0141958712826 0.00705635380529 0.213517802222 0.00952692227546 0.0321900806379 0.00909384886539 -0.00132444899699 0.0130992135526 0.000917830992298 0.0165039644721 0.0099170960824 0.00706153119662 0.0276773543924 0.0162617428508 0.0088263785849 0.012501699837 0.0174955467236 -0.0215997341039 -0.00958682141275 0.000484148901456 0.00635730292022 0.0324435055885 0.0056706212378 0.0261826394912 0.027091277949 0.0198442141673 0.00215353587505 0.0175801063837 0.020000314784 0.016469007128 0.0172728409085 0.00538692523863 0.00771735448783 0.00788383242529 0.0134945604831 0.0103263861413 0.00619923303315 0.0335296208083 0.0229241333016 0.0109167157648 0.00897214025689 0.0186478474741 -0.00718820115829 0.0126819262931 0.0137518288951 0.0187084705054 0.0339906747997 0.0477126139232 0.00364077589887 0.0270021862579 -0.00865286715972 0.00749368360392 0.000449935224639 0.0182112106448 0.0043012378387 0.00995152560489 0.0306817548104 -0.00176560446703 0.0197992971718 0.00431713260244 
0.0297318558467 0.0126077147955 0.00952692227546 0.360203043825 0.00560286098309 -0.00313439222475 0.00315811933907 0.0360308597749 0.0119361436159 0.00934403760897 0.0176231374373 0.0190293885895 0.0138626344917 -0.0169718499617 0.0119955680311 0.0258795003073 0.0219681383573 0.0347639254853 0.0412342039412 0.0283975177462 0.0218097559339 0.00287689213294 0.0339110712133 0.0068198139714 0.0449392246081 -0.012899149716 0.0133137793948 0.000207443328325 0.00706302144577 0.0302268123432 0.0399431190839 0.0279634621698 0.011877602208 0.0192041151617 0.0328355328099 0.0288907448858 -0.0118431044976 -0.00225497536572 0.0020954234044 0.0106329665902 0.0498270980493 0.0257743463391 0.0568822088962 0.0295490477387 0.000484940904026 -0.0125627266886 0.0526492950313 -0.00590066156376 0.00886388325867 0.0155573127615 0.00783851721268 0.00390837578399 -0.00359096407631 0.0063007596492 -0.00561153451326 0.00683755215839 0.0698055451579 0.039251866721 0.00062157019433 0.0334555456573 
0.0103478737645 0.00548278340332 0.0321900806379 0.00560286098309 0.16284256539 0.0154555394925 0.0109872172074 0.0191589627288 0.0112506865402 0.0236364161205 -0.00174275818837 0.00340090644515 0.0345290699338 0.0207580294014 0.0199755270746 0.0239379294799 0.0117851733081 -0.00583549272718 0.000549035814291 0.0204077265307 0.0207358589704 0.0408915232586 0.0153974462141 0.040679019186 0.00420192419725 0.0154543473119 0.0142383780968 0.0207877256265 0.0194087466383 0.0219993228306 0.00871939174967 0.0171741584558 0.0167627462302 0.0285307610614 0.0377803253621 0.00164556588374 0.00745676664127 0.0298260757963 0.0211814754537 0.0303246832602 0.00710045380245 0.014651053799 0.014269634196 0.0365519263588 0.0231263567112 0.0230744383479 0.0138167064676 0.0249810808962 0.00266974888886 0.0471033795163 -0.00468396360271 0.0247276213341 0.0124234390044 0.014999968459 -0.0168289839873 0.0177259440942 0.0400840153901 0.0100619035166 0.0290626292606 0.0109428996262 
0.0294638053354 0.0326852040964 0.00909384886538 -0.00313439222475 0.0154555394925 0.188543371427 0.00502969232208 0.00239507584417 -0.0176009936641 0.0243743281065 0.0274623891138 0.00636474098766 0.0195501628628 -0.00585279131094 0.0167736881318 0.0142338252927 0.0135376856306 -0.00693869696699 -0.00150276873539 0.0227460315639 0.0031384134596 -0.00167696464048 0.01724179365 0.0023062659711 0.0148044695997 0.0153312616262 0.0026134780494 0.0573355244763 -0.00668410822136 0.0194465801952 0.0162840032932 0.00127651896409 -0.0042606470599 0.0189570216765 0.0215090041325 0.0115140097216 -0.000561163157369 -0.00496809036101 0.00319287342096 0.0136410830393 0.0263924097966 -0.0159221959016 -0.00423977846967 0.00405864649919 -0.0139897684138 0.00500882744844 0.0124491940536 0.0441978903453 -0.00239550599477 0.0297239930144 0.00267088566778 -0.0115982750284 0.0198323895002 0.0215500147327 0.0372255716585 0.00507288495431 0.0145366609163 0.00269174986024 0.00390890295802 -0.000636263323205 
0.0147409867031 0.00405332039725 -0.00132444899699 0.00315811933907 0.0109872172074 0.00502969232208 0.332230327534 0.00412382516338 0.00158708294256 -0.00149750344849 0.063877655224 0.0225255739489 0.0096265290138 0.0135850134966 -0.00424831416672 0.0235337145667 0.0158496566519 -0.00229820480962 0.00388018518038 0.00993022101908 0.0325697648751 0.0200004115469 -0.0153434950985 0.00602433325649 -0.0391557810951 -0.00218885047889 0.00796032436229 -0.0151296271681 0.0148336773348 -0.0191722354073 0.052274474566 0.0313600362706 0.0273484720032 -0.00602850740581 0.0187267196935 0.00972896037536 0.0207432930625 0.0269982064621 -0.0092939394184 0.0160645751082 0.000931576142826 -0.00658007052155 0.0894655301067 0.017291102602 0.107491473884 0.0210079818728 0.0748662681068 -0.00100845252887 0.0142136723568 0.0393941745164 0.0153178605597 0.0522668693791 -0.00136713491024 0.0239438557871 -0.00565142118153 -0.00883662245342 0.111408179822 -0.0345746299242 0.00820096214633 0.0337390171652 
0.0106367140691 0.0079273415219 0.0130992135526 0.0360308597749 0.0191589627288 0.00239507584417 0.00412382516338 0.251994565352 0.00114992051621 0.0171789977937 -0.0171695411338 0.0102482760954 -3.5587392443e-05 0.00812188969458 0.0236431816482 0.0120510591716 0.0195938127041 -0.0172833633062 -0.00503285113171 0.0157468083823 0.0126495840337 0.0319187773033 0.00902674009647 0.0236968265507 0.0186782514145 -0.00118812343327 0.0216063905596 0.0401498191534 0.0260152535324 0.0209909321395 0.00946202568464 0.00473955817617 0.0301361689596 0.0158802095584 0.0268835721648 -0.00872694432608 0.00918532481468 0.0325476864289 0.00416769191431 0.0229587679829 0.0258604020178 0.0165181380722 0.0413571656494 0.036215853938 0.00727372785853 0.00643594403037 0.0454407730858 0.0363120658943 -0.00208796774254 0.0359084573462 0.00604977085526 -0.00357103814808 0.00716795190694 0.00992184752413 -0.00536330809982 0.0175074313955 0.0119758215507 -0.0111230707682 0.0116980418507 0.00267537234704 
0.0219741339331 0.0164675224325 0.000917830992298 0.0119361436159 0.0112506865402 -0.0176009936641 0.00158708294256 0.00114992051621 0.449297241418 0.0571293765925 0.00223642226826 0.00173344534266 0.0196590694524 0.0381434354076 0.00997985341155 0.0233695001865 0.0274088533668 0.0169660887227 0.0105359669759 0.00362327014356 0.0138779543614 0.00263021283456 0.01351145802 0.0320469941286 0.0382491348966 -0.00651348006241 -0.00429763440398 0.00637177039827 -0.00948907539169 0.0173200534575 0.0819285237105 0.0188548630218 0.00466701140495 0.0913237121701 0.0186999847792 0.0201071855968 -0.0190145020809 0.0176949354749 0.0135635581589 0.000349794842775 0.0249204180954 0.0659032745831 0.0179601067274 -0.0104481250467 0.0208069468008 -0.00281463525362 -0.000685161081342 0.00195098313934 0.0292622443482 0.0662566684023 0.00706901354684 0.067275693224 0.00318259861878 -0.00857454122613 0.018107588277 0.00716899938771 0.0387963509316 -0.000285999628254 0.00463161746923 0.0179183824837 
0.0128561134821 0.0038383112377 0.0165039644721 0.00934403760897 0.0236364161205 0.0243743281065 -0.00149750344849 0.0171789977937 0.0571293765925 0.245089739974 0.0156827438567 0.00175474738687 0.0445228519355 0.0616954948998 0.0285089876725 0.0240694133457 0.0075642795832 0.0399177069121 0.0117705009566 0.0288447891978 0.013402260238 0.0135850463088 -0.0105870062017 0.0494583758121 0.0387081350425 0.0100166613763 -0.00128132748236 0.00462878849143 -0.004740858207 0.0350854893729 0.0213860265803 0.00133509193178 0.0208681779313 0.0359541583052 0.0234718836482 -0.00816698556079 -0.00720605375555 -0.00541665523353 0.0182556193095 -0.0107376317494 -0.00866586348463 0.0557174799545 0.0240513701014 0.0115537439321 -0.010000859963 -0.00120315484126 0.0255564429171 4.45383653432e-05 0.00301913806394 0.0288484512857 0.0264137881048 0.014802912062 -0.00511795834361 0.0346636204216 0.000842854103638 0.00866490798655 0.0192958585188 -0.0148979354152 0.0204506683456 0.00612186472391 
-0.00607747098466 0.0373384237463 0.0099170960824 0.0176231374373 -0.00174275818837 0.0274623891138 0.063877655224 -0.0171695411338 0.00223642226826 0.0156827438567 0.303664868988 -0.0319623866849 0.00294808400654 -0.00771701961005 0.0132590678697 -0.00811470731377 0.0303658141031 -0.0078517039747 0.0339554757431 0.00750457352894 0.0174111101216 0.0281494963988 0.0210758153125 0.00304287039277 -0.0232740232086 -0.0210346187195 0.0286661711347 -0.00377592315292 0.0484471302685 0.0176687294332 -0.0224528236786 0.0130078743924 0.0186906143225 0.0214631200425 4.609824476e-05 0.0166633689456 -0.0229057961059 0.00142702548568 -0.0004179727325 0.0135416222936 0.0136604242675 0.0153026512273 0.0526431081566 -0.000135057366732 -0.00600167113609 -0.0103862211099 0.0820893239285 0.0324025506604 0.00762533469438 -0.022255617553 -0.0086727780526 -0.0196937680446 -0.0038009410801 0.00416252350905 0.00740549357777 0.00354218325612 0.0489636977532 0.00505991189416 0.00169256146665 0.0199661049798 
-0.0310290936813 -0.0098672130203 0.00706153119662 0.0190293885895 0.00340090644515 0.00636474098766 0.0225255739489 0.0102482760954 0.00173344534266 0.00175474738687 -0.0319623866849 3.74772971684 -0.00647894729806 -0.0307829432246 -0.0134096308511 0.020564031087 0.00954218036075 0.072286701583 0.0107843886068 -0.00320681028948 -0.0104116414584 0.0287204705899 0.0504533564235 -0.0215740795413 -0.0281400229534 -0.025133566391 -0.00200223295104 -0.0235997162133 -0.0247315979028 -0.0105197135922 -0.0182564244946 -0.0107239282757 0.00601544400096 0.00372911862899 -0.00281516585919 0.0363280171024 -0.0169934824181 0.0367011461589 -0.00602855606691 0.0103772991816 -0.00900231702989 0.0132883162099 0.0455823428179 0.0254505849876 0.0240325460057 0.00916274606611 -0.0112171050854 -0.0131815590175 -0.00674867905882 -0.00447171630674 0.00236906883808 -0.00782505942587 0.0021120075912 5.65567231828e-05 -0.0240908079365 0.00251885667144 0.00391651644759 -0.00203775458946 0.00387553759022 0.0231366716019 
0.0207241138026 0.00834796758351 0.0276773543924 0.0138626344917 0.0345290699338 0.0195501628628 0.0096265290138 -3.55873924431e-05 0.0196590694524 0.0445228519354 0.00294808400654 -0.00647894729806 0.186479284972 0.0158450748662 0.00615472044308 0.0210383886572 0.0166037583317 0.0660562049424 -0.00356988469775 0.0240338549972 0.0796017926579 0.022259849314 0.00890595759867 0.030777312924 0.0284416579407 0.0430284245186 0.0218037500503 0.0237274929553 0.0326816700285 0.0249095617603 0.0334528899374 0.00364543781167 0.0218492409593 0.028552135503 0.0202897070761 0.0154602357127 0.0247893756944 0.0291187986728 0.0310373174522 0.0112348418941 0.0232408539987 0.0311910530771 0.0236966570503 0.0235096970275 0.01292852709 0.0344938391892 0.0248579978232 0.00258950955988 0.00627124857636 0.0278207568848 0.0013067123768 0.00529692269889 0.0112305266931 0.0209793440331 0.00216132975338 0.0195237819801 0.0565758068371 -0.026898340676 0.0278828517206 0.0302961669643 
0.00158800604606 -0.00773746980092 0.0162617428508 -0.0169718499617 0.0207580294014 -0.00585279131094 0.0135850134966 0.00812188969458 0.0381434354076 0.0616954948998 -0.00771701961006 -0.0307829432246 0.0158450748662 0.44985074492 0.0016482484251 0.033498121659 0.0167403568675 0.0447160430841 0.0069855391699 0.0342061478606 0.00167112737416 0.0540275143035 0.0076533370321 0.0641175188544 0.169399992627 -0.0177996860005 0.00891715774374 -0.0141648287926 -0.0162824944555 0.0136101908779 0.0178615091657 -0.000984632308667 0.0230324047325 -0.0076446335606 -0.00422741888726 0.0174723216142 0.0374469146824 0.0141898489704 0.0176156203031 0.00720439586486 0.0115206977282 0.0236716299572 0.0473888037657 0.0377650483049 0.0139544990411 0.0235503888749 0.0413257034156 -0.043400391588 0.00940503153248 0.0745124143608 0.000439219401518 0.0261529571437 0.0166333221331 0.000288740121673 0.00917718726094 -0.00612103841943 0.0265852950135 -0.00165568554927 0.00874593028637 0.018304026408 
-0.00602582576689 0.0301821537676 0.0088263785849 0.0119955680311 0.0199755270746 0.0167736881318 -0.00424831416672 0.0236431816482 0.00997985341156 0.0285089876725 0.0132590678697 -0.0134096308511 0.00615472044308 0.0016482484251 0.240962842758 0.0354182727017 0.00471819878564 -0.0324222376123 0.00418278638818 0.00834296098086 0.0088774755322 0.0350564955323 0.00115937970417 0.00842040669939 0.0017204670327 0.033515496612 0.0384096270284 0.0062043664921 0.0339295055956 -0.00123056492197 0.0253579573997 0.0298670727589 -0.00517483573263 0.00398974850622 0.0498062623067 -0.0129235569293 -0.00314797260282 0.0301445386348 0.0104723906126 0.00807220455045 0.0692130111347 0.0179946345569 0.0223418055004 0.0193453778383 -0.0432365943797 0.0191305128466 0.0145641138844 0.0382487891118 -0.00695322629315 0.0262676693357 0.00127912356848 0.0409761965931 0.00446440128308 0.0375383674415 -0.00154538326293 0.018009273368 0.00145032011024 0.0515959230887 0.0185115439626 0.00041826833798 
0.0180607580606 0.0124164064228 0.012501699837 0.0258795003073 0.0239379294799 0.0142338252927 0.0235337145667 0.0120510591716 0.0233695001865 0.0240694133457 -0.00811470731377 0.020564031087 0.0210383886572 0.033498121659 0.0354182727017 0.398548817435 0.0434045263596 -0.0261266099371 0.0155492636451 0.021353308691 -0.00568270786044 0.0456853940686 0.0263997199845 0.0334294090653 0.00118536405688 0.0156525169014 0.0156410520012 0.0662707070245 0.012269954646 -0.00244130555189 0.0183063126231 0.115169684055 0.0325448204134 0.0324915288427 -0.00946552771299 -0.0162827065529 -0.0116706577328 0.0412173238186 -0.0072338695393 0.00102547063069 -0.000834351787675 -0.00351961197696 0.0327880528266 0.0551932682227 0.0100646623394 0.0161186455001 -9.10550829762e-05 -0.00941335268249 0.0399598196019 0.085165131623 0.00946674577211 0.00342303185228 -0.00120738312784 0.0256882933086 0.0395524430461 -0.0083422499466 0.0389876943826 -0.0325026938487 0.0273509955992 0.0226216904841 
0.146623378391 0.00195238911562 0.0174955467236 0.0219681383573 0.0117851733081 0.0135376856306 0.0158496566519 0.019593812704 0.0274088533668 0.0075642795832 0.0303658141031 0.00954218036075 0.0166037583317 0.0167403568675 0.00471819878564 0.0434045263596 0.249910862288 0.000460693291873 -0.0152049802465 -0.0070218978757 0.00728891666476 0.0245634657263 0.0626894568979 -0.00049812410443 -0.00341350422496 -0.00257703613476 -0.00286891629019 0.00271469768522 -0.0111518853671 0.0226216463453 0.0187627259739 0.0110488120156 0.0199790842278 4.52707934655e-05 0.0101980487649 0.0311644107695 0.00860935880585 0.00212760226504 0.00979988949047 0.0245908296674 -0.00627542504018 -0.0170364062304 0.0384272894102 0.0177364255031 0.0129261878462 0.0198838780138 0.0116632553395 -0.00923313088464 0.0164763880829 0.0257655803814 0.00583578277912 0.0256542680128 0.0229953121055 0.0084861906992 -0.00278581112964 0.0180981903115 0.046114443818 -0.0139966599105 0.00717925631647 0.0302699367293 
0.00989261851466 -0.00533219657737 -0.0215997341039 0.0347639254853 -0.00583549272718 -0.00693869696699 -0.00229820480962 -0.0172833633062 0.0169660887227 0.0399177069121 -0.0078517039747 0.072286701583 0.0660562049424 0.0447160430841 -0.0324222376123 -0.0261266099371 0.000460693291872 1.40732128337 -0.021167287226 -0.0257636192967 0.0250177176838 -0.00912765722404 0.00911992830661 -0.00588686826821 0.0630876568149 0.0725896106215 0.00539319054363 -0.0224041440991 -0.00980661665221 -0.0176993780947 -0.0277556906136 0.00343941190232 -0.00598305652995 -0.00172195564512 -0.0143327543893 0.0114315356487 -0.0153998585132 -0.0266100766363 0.1646990928 0.0169722559231 -0.033492164497 -0.0108449973957 0.0545468637138 -0.00732363325879 -0.00407813256657 0.057258306612 -0.00741134482747 -0.0284157376151 -0.0241169451487 -0.0208602893606 -0.00659733247355 -0.00383578156784 0.0148564241589 0.0169523642692 0.00574997235556 -0.00837958176916 0.00207073707939 -0.0267323863857 -0.00186900188381 -0.0599539096114 
0.0118557086004 -0.0113498971186 -0.00958682141275 0.0412342039412 0.000549035814292 -0.00150276873539 0.00388018518038 -0.00503285113171 0.0105359669759 0.0117705009566 0.0339554757432 0.0107843886068 -0.00356988469775 0.0069855391699 0.00418278638818 0.0155492636451 -0.0152049802465 -0.021167287226 0.366640493791 0.00161465849696 0.0208695161744 -0.0114797328762 -0.0107385138056 0.005511992168 -0.00351309117051 -0.00349286479467 -0.00343362901758 0.0122409109034 0.0144548253399 -0.00185709952748 0.00423998148647 0.0358368931931 0.00566309977234 0.00974050495776 0.00603460815483 -0.00642958811547 0.0222523452306 0.00681016789484 -0.0013803601659 0.0149829413447 0.00879091199505 0.00857094128253 0.0275683216591 0.0229022806945 0.00152959170919 -0.0112332632976 -0.0100973080519 0.000615360555716 0.0221761953495 0.0047941186885 0.00987842886414 0.0367136453534 0.000431730737772 -0.00780448518494 0.0266526706071 -0.00245786392586 -0.00914548063119 -0.00654830664683 -0.0061809088259 0.0128606596705 
0.0113959740894 -0.00952430916646 0.000484148901455 0.0283975177462 0.0204077265307 0.0227460315639 0.00993022101908 0.0157468083823 0.00362327014356 0.0288447891978 0.00750457352894 -0.00320681028948 0.0240338549972 0.0342061478606 0.00834296098086 0.021353308691 -0.0070218978757 -0.0257636192967 0.00161465849696 0.191342770034 0.00882282055634 0.0552037165519 0.00990418411914 0.0319631879629 0.00432262561959 0.0182869067726 0.00752734811148 0.0155188025224 -0.0192430079494 0.0343683064023 0.0550723680875 -0.0050897115668 0.0175404846883 0.0206750611846 0.0656079784294 -0.00146156356473 -0.004763748484 0.0149247284857 0.0109932381222 0.00462758850105 0.0318513511294 0.0267571393426 0.023290008894 0.0288246124118 0.0383624979159 0.00637773429986 0.018680921564 0.0229616552595 0.0108989805871 0.0185385800119 -0.00243205783832 0.0173508095825 0.0243573309199 0.0252145355908 0.0309507536188 0.0127057897513 0.0179511778227 -0.00957597800615 0.0121374472206 0.0152024851792 
-0.00590679133909 0.0211760188403 0.00635730292022 0.0218097559339 0.0207358589704 0.0031384134596 0.0325697648751 0.0126495840337 0.0138779543614 0.013402260238 0.0174111101216 -0.0104116414584 0.0796017926579 0.00167112737416 0.0088774755322 -0.00568270786044 0.00728891666476 0.0250177176838 0.0208695161744 0.00882282055634 0.367140413333 0.0187423630643 0.024636589718 0.0145625340438 0.0219822467662 0.0126418627775 -0.00745634902684 0.00572106093245 -0.0160769872762 0.019744449234 0.0264519919994 0.0136086132158 0.0475145603742 -0.007725823909 0.0428892891995 0.040900310874 0.0286164477811 0.0119740918908 0.0205377131456 0.00559494081413 -0.00122025295396 0.0410966580969 0.039053399765 0.0286209499107 0.00244837211436 0.0210790077403 0.0253110139838 0.033805053265 0.0318438753148 0.0273416597358 -0.00376809787664 0.0164112462241 0.00105856802253 0.0149862875244 -0.00055772205078 0.0211648022418 0.0465700120856 0.0168057142285 0.0122657171991 0.0238417354999 
-0.0177400957277 0.00253652693539 0.0324435055885 0.00287689213294 0.0408915232586 -0.00167696464048 0.0200004115469 0.0319187773033 0.00263021283456 0.0135850463088 0.0281494963988 0.0287204705899 0.022259849314 0.0540275143035 0.0350564955323 0.0456853940686 0.0245634657263 -0.00912765722404 -0.0114797328762 0.0552037165519 0.0187423630643 0.443788678996 0.0166215308547 0.0286249748023 0.0453477037811 0.0325015413312 0.0250742857025 0.0251921454783 0.0174290688001 -0.017477282738 0.0307019138334 0.00483152765176 -0.00142287816142 0.0108031753412 0.0185643673567 -0.00166941796765 -0.0120287206639 0.0516803833437 -0.0136303092181 0.0288844091197 0.0263883969959 0.0277518414628 0.0230302794138 0.036010895281 0.0443414844776 0.0204505848991 -0.0145174645366 0.0113261636109 0.0228390993465 0.0827880869987 0.0310787009491 -0.00258835142173 0.0112976249109 0.0337394111903 0.00206740775471 0.0206637142114 0.0314652355263 0.00280197739923 0.024094820869 0.0309738426502 
0.186209405329 0.000195224432175 0.0056706212378 0.0339110712133 0.0153974462141 0.01724179365 -0.0153434950985 0.00902674009647 0.01351145802 -0.0105870062017 0.0210758153125 0.0504533564235 0.00890595759867 0.0076533370321 0.00115937970417 0.0263997199845 0.0626894568979 0.00911992830661 -0.0107385138056 0.00990418411914 0.024636589718 0.0166215308547 0.253197066757 -0.0011462867423 0.0213986532263 0.0168785329341 -0.00340586704635 -0.00400092716175 0.00807038126962 0.0531252069084 -0.00127470554484 0.0117342391039 0.000129563440591 0.00163007310019 -0.00312931119745 0.0483861344984 0.00447146389554 0.00878413411802 0.00866513204282 0.0209851963614 -0.0305807198579 0.00231049033252 0.0372570690746 0.00115752628915 0.0342478762912 0.00789940889846 -0.00274521497256 0.0414197817163 0.0175816369844 0.0328000225395 0.0270704391451 0.00864692918181 0.0242803084915 0.00353541392026 0.0212349032476 0.0172221733398 0.0881047339087 0.00783935615367 0.0179724414565 0.00432205776591 
-0.00430324535399 -5.90790527931e-05 0.0261826394912 0.0068198139714 0.040679019186 0.0023062659711 0.00602433325648 0.0236968265507 0.0320469941286 0.0494583758121 0.00304287039277 -0.0215740795413 0.030777312924 0.0641175188544 0.00842040669938 0.0334294090653 -0.00049812410444 -0.00588686826821 0.00551199216799 0.0319631879629 0.0145625340438 0.0286249748023 -0.00114628674229 0.178517386401 0.0506120777592 0.019455549277 0.0203117768089 0.0140532383156 -0.00671499265268 0.013676069252 0.0276181199565 0.0106931277732 0.0137839475225 0.0251213169107 0.0189871914389 0.0104089717876 0.0140096673218 0.0380509556393 0.0289086465213 0.00760625584257 0.00168638034306 0.0364681040196 0.00328352977159 0.0313934765512 -0.00322548153294 0.0161570204343 0.0228871263395 -0.00294883047658 0.00620764963311 0.0398107195845 0.00080707205223 0.0131846196767 -0.00281193124679 -0.00275475392942 -0.00405271928576 0.0129432040326 0.0107212940106 0.010746509088 0.0233142499426 0.0326661754008 
0.0509051315974 0.00966498423788 0.027091277949 0.0449392246081 0.00420192419725 0.0148044695997 -0.0391557810951 0.0186782514145 0.0382491348966 0.0387081350425 -0.0232740232086 -0.0281400229534 0.0284416579407 0.169399992627 0.0017204670327 0.00118536405688 -0.00341350422496 0.0630876568149 -0.00351309117051 0.00432262561959 0.0219822467662 0.0453477037811 0.0213986532263 0.0506120777592 0.391008041254 -0.0230457512045 0.00450447522717 -0.0163879015335 0.023898734507 0.0409857068536 0.00199607950978 0.0138195831056 0.0147632597368 0.0242359877344 0.0323221071485 0.0138883163814 0.000653592277067 0.0356672095663 0.0251551996216 -0.0180738637562 -0.0277748327925 0.0239317650852 -0.0255619129776 0.0210123834163 0.0191358233181 0.00251591144634 0.00737870080412 0.00221143802472 0.0277728395707 0.0631005797928 0.00691099179489 -0.0392716231011 0.00450729971485 0.0039258469181 0.0198052920181 -0.0127473674021 -0.0179430089972 -0.0241301173886 -0.00132015566844 0.0212374666314 
0.0150610392463 0.0194136632131 0.0198442141673 -0.012899149716 0.0154543473119 0.0153312616262 -0.00218885047889 -0.00118812343327 -0.00651348006241 0.0100166613763 -0.0210346187195 -0.025133566391 0.0430284245186 -0.0177996860005 0.033515496612 0.0156525169014 -0.00257703613476 0.0725896106215 -0.00349286479467 0.0182869067726 0.0126418627775 0.0325015413312 0.0168785329341 0.019455549277 -0.0230457512045 1.19849014453 0.0141226748357 0.0237610904601 0.00893274048426 -0.0050247662937 0.00519377372519 0.0322544075418 -0.00324254487611 0.0463530513442 0.00172191072352 -0.0190404836713 -0.00240147227762 0.00886411137896 0.00810998612687 0.00132184732445 0.0268322568898 0.00513556313608 0.0777047802113 -0.00203376842513 0.0291485706242 -0.0178896655882 0.0796179989732 -0.00357474440253 0.00457592507284 0.0283601090095 0.0187451626082 -0.000176153419581 0.00951518606681 0.0295891725334 -0.00249508902526 -0.0166434344681 0.0241851911367 0.0252841558744 -0.00169313554104 -0.0284533865053 
0.0454435232906 0.00454076162666 0.00215353587505 0.0133137793948 0.0142383780968 0.0026134780494 0.00796032436229 0.0216063905596 -0.00429763440398 -0.00128132748236 0.0286661711347 -0.00200223295104 0.0218037500503 0.00891715774373 0.0384096270284 0.0156410520012 -0.00286891629019 0.00539319054363 -0.00343362901758 0.00752734811148 -0.00745634902684 0.0250742857025 -0.00340586704635 0.0203117768089 0.00450447522717 0.0141226748357 0.221613768114 0.00140179160915 0.016451563415 0.00928922135221 0.0232052418817 0.0123029012025 -0.00814713554354 0.00141523886572 0.0130651732264 0.00317742594361 -0.000958997433855 0.00529079734317 0.013967462035 0.0228775068114 0.0230978580433 0.0133468672776 0.0113252041832 0.0200043411752 0.00840157431833 0.0246142338729 0.00697109301988 0.0250097365521 0.0218214420982 0.0185487821499 0.0157886807064 0.00765529558689 0.0177022020764 0.00603534916461 0.0127140746387 0.0271049680425 0.00936691223566 -0.0190010432145 0.00879512693513 0.0274173343506 
0.0135630050821 -0.022495903934 0.0175801063837 0.000207443328325 0.0207877256265 0.0573355244763 -0.0151296271681 0.0401498191534 0.00637177039827 0.00462878849143 -0.00377592315292 -0.0235997162133 0.0237274929553 -0.0141648287926 0.0062043664921 0.0662707070245 0.00271469768522 -0.0224041440991 0.0122409109034 0.0155188025224 0.00572106093245 0.0251921454783 -0.00400092716175 0.0140532383156 -0.0163879015335 0.0237610904601 0.00140179160915 0.617217680949 -0.0153290374725 0.0189297124315 -0.0128409117028 0.000343003386312 0.000162599409751 -0.0151543980098 -0.00475195404859 0.0068907927118 0.0101572647654 0.0174395858293 0.00598213580802 0.0107537476567 -0.0083776587066 0.0192005513541 -0.000284228893225 0.0309308643891 -0.0170734901429 0.00899859703726 -0.0150529471094 0.00622266928777 0.0232494769818 0.0180283673402 -0.00430108347807 0.00457187988773 -0.0136444097422 0.000976976390736 0.106923055827 0.00262034941746 0.00935484602484 -0.00757926298924 -0.00162646748738 0.0253943390598 
0.0172513986979 0.014211324777 0.020000314784 0.00706302144577 0.0194087466383 -0.00668410822136 0.0148336773348 0.0260152535324 -0.00948907539169 -0.004740858207 0.0484471302685 -0.0247315979028 0.0326816700285 -0.0162824944555 0.0339295055956 0.012269954646 -0.0111518853671 -0.00980661665221 0.0144548253399 -0.0192430079494 -0.0160769872762 0.0174290688001 0.00807038126962 -0.00671499265268 0.023898734507 0.00893274048426 0.016451563415 -0.0153290374725 0.943351349539 -0.02232334204 0.0560704172955 0.0074069377582 0.0233680809999 -0.0146772840466 -0.0613410962274 0.00903438628181 0.0175155874084 0.0709337364685 -0.00623775284605 0.0776039687386 -0.0180903115645 -0.0110305994157 0.0558051054597 0.0556683700701 -0.0024640938085 0.0143450672848 0.0515006706651 -0.00575735466755 0.00882982727795 0.00164001863325 0.0110728100303 -0.0108020396125 -0.00580208118821 -0.0018256907867 0.0121705046697 0.0130757359772 0.114434775436 -0.00406192972875 0.0160146943539 0.00856476957041 
0.108028347472 -0.00470655858451 0.016469007128 0.0302268123432 0.0219993228306 0.0194465801952 -0.0191722354073 0.0209909321395 0.0173200534575 0.0350854893729 0.0176687294332 -0.0105197135922 0.0249095617603 0.0136101908779 -0.00123056492197 -0.00244130555189 0.0226216463453 -0.0176993780947 -0.00185709952748 0.0343683064023 0.019744449234 -0.017477282738 0.0531252069084 0.013676069252 0.0409857068536 -0.0050247662937 0.00928922135221 0.0189297124315 -0.02232334204 0.290327888867 0.0158955178446 0.007085244121 0.0264232419578 0.0318582086714 0.0152823667951 0.0239172615583 -0.00354275365749 0.0147141277401 -0.00714176228188 0.0197702906616 0.00296679080579 0.015283206797 -0.00524229532507 0.0213418240058 0.00778452858837 0.00369832229901 0.0447539670915 0.00736755066995 0.0179611333201 0.0346972958116 0.0137012447848 -0.0128657237969 0.00166700275496 0.015957602174 -0.00453646504975 0.014705819936 0.0594794813739 -0.0047724249101 -0.00319376550443 0.00424874601405 
-0.0172195952567 -0.0257663691615 0.0172728409085 0.0399431190839 0.00871939174967 0.0162840032932 0.052274474566 0.00946202568464 0.0819285237105 0.0213860265803 -0.0224528236786 -0.0182564244946 0.0334528899374 0.0178615091657 0.0253579573997 0.0183063126231 0.0187627259739 -0.0277556906136 0.00423998148647 0.0550723680875 0.0264519919994 0.0307019138334 -0.00127470554484 0.0276181199565 0.00199607950978 0.00519377372519 0.0232052418817 -0.0128409117028 0.0560704172955 0.0158955178446 0.662910241445 0.0270824460382 0.03162257876 0.0502177567316 0.0244741528074 0.0182679364815 -0.0178405897431 0.0214130183589 0.000570513983549 0.00264694115791 0.0158920787833 0.0187832897236 0.0640836612049 0.0161957156529 0.020630388656 0.0256542592975 0.0335995820846 -0.00654924057185 0.0214490766279 0.109309394467 0.0131709119498 0.00692094937272 0.0118912977744 0.0369547035462 0.00626688486887 0.0224548325658 0.0528834118085 -0.0266178537149 0.013874912928 0.0460325236925 
0.0158601897943 -0.00481635671558 0.00538692523863 0.0279634621698 0.0171741584558 0.00127651896409 0.0313600362706 0.00473955817617 0.0188548630218 0.00133509193178 0.0130078743924 -0.0107239282757 0.00364543781167 -0.000984632308666 0.0298670727589 0.115169684055 0.0110488120156 0.00343941190232 0.0358368931931 -0.0050897115668 0.0136086132158 0.00483152765176 0.0117342391039 0.0106931277732 0.0138195831056 0.0322544075418 0.0123029012025 0.000343003386313 0.0074069377582 0.007085244121 0.0270824460382 0.353289002801 0.0121249940143 0.048478017087 0.00456317038498 -0.00169685677803 0.0118019619038 0.0257591216064 0.00721391950641 -0.00959274952612 0.0111659887805 0.0120058784136 -0.000129589426347 0.00269659959833 0.0185434857997 0.0224088602573 0.0261924741489 0.00851771228847 0.0295684256052 0.0643426256922 0.000263582741905 0.0245891648755 -0.000891716753764 0.0189797662009 0.0330281652078 0.0193307656961 0.00174098072823 -0.0136709445004 0.01769594295 0.0229813439186 
-0.00928653636487 0.00816323283236 0.00771735448783 0.011877602208 0.0167627462302 -0.0042606470599 0.0273484720032 0.0301361689596 0.00466701140495 0.0208681779314 0.0186906143225 0.00601544400096 0.0218492409593 0.0230324047325 -0.00517483573263 0.0325448204134 0.0199790842277 -0.00598305652995 0.00566309977234 0.0175404846883 0.0475145603741 -0.00142287816142 0.000129563440593 0.0137839475225 0.0147632597368 -0.00324254487611 -0.00814713554354 0.000162599409752 0.0233680809999 0.0264232419578 0.03162257876 0.0121249940143 0.157789752003 0.00999018893319 -0.00257869448877 0.000834011364568 0.010293103093 0.0316310187717 0.000241575484108 0.0153860145655 -0.00107856689667 0.0209628458604 -0.0030713337868 0.0141098898021 0.00836956573671 0.0189303771505 0.021506367964 -0.00475927929604 0.0202080458567 0.0469950655867 -0.00552870755662 -0.0158143755037 0.0155365238297 0.0111423485825 0.00289758156939 0.0143067631913 0.034927455511 0.0389763494149 -0.000414559157027 0.0208779497324 
-0.00239047372988 0.0319451639227 0.00788383242529 0.0192041151617 0.0285307610614 0.0189570216765 -0.00602850740581 0.0158802095584 0.0913237121701 0.0359541583052 0.0214631200425 0.00372911862899 0.028552135503 -0.0076446335606 0.00398974850622 0.0324915288427 4.5270793465e-05 -0.00172195564512 0.00974050495776 0.0206750611846 -0.007725823909 0.0108031753412 0.0016300731002 0.0251213169107 0.0242359877344 0.0463530513442 0.00141523886572 -0.0151543980098 -0.0146772840466 0.0318582086714 0.0502177567316 0.048478017087 0.0099901889332 0.253668928105 0.0582629523263 0.0139356081638 0.0102959911614 0.0209487772653 0.00329945548345 0.00354314349592 0.00478895257713 0.0244347270666 -0.00315374821264 0.00128061327801 0.0212411171478 0.0159331676767 0.041696526574 0.0294858905745 -0.00153428630818 0.0500714084015 -0.00339000568236 0.0115074827251 -0.0163790052378 0.0122954051279 0.0286190850786 0.00379889324379 0.028416401213 -0.0196228273261 0.0287304974253 0.00599595205162 
0.00426746333027 0.0048321991212 0.0134945604831 0.0328355328099 0.0377803253621 0.0215090041325 0.0187267196935 0.0268835721648 0.0186999847792 0.0234718836482 4.60982447593e-05 -0.00281516585919 0.0202897070761 -0.00422741888726 0.0498062623067 -0.00946552771299 0.0101980487649 -0.0143327543893 0.00603460815483 0.0656079784294 0.0428892891996 0.0185643673567 -0.00312931119745 0.0189871914389 0.0323221071485 0.00172191072352 0.0130651732264 -0.00475195404859 -0.0613410962274 0.0152823667951 0.0244741528074 0.00456317038498 -0.00257869448877 0.0582629523263 0.351391654589 -0.00916956028418 0.00629678206522 0.0363529902561 0.00755854685442 0.0154045127385 0.00945290821306 0.0203657123277 0.0247636878938 0.0182182811766 0.00336192734358 -0.0124957525533 0.0143640520168 0.0681563075321 0.0138933935315 0.0320148438163 0.0365003164324 0.0299779458197 0.0131581046288 0.0386977444504 0.0239619503132 0.0177725391477 0.0220530653025 -0.0172837366029 0.00741320484614 -0.0178562661607 
0.0769028674784 0.000638565462619 0.0103263861413 0.0288907448858 0.00164556588374 0.0115140097216 0.00972896037536 -0.00872694432608 0.0201071855968 -0.00816698556079 0.0166633689456 0.0363280171024 0.0154602357127 0.0174723216142 -0.0129235569293 -0.0162827065529 0.0311644107695 0.0114315356487 -0.00642958811547 -0.00146156356473 0.040900310874 -0.00166941796765 0.0483861344984 0.0104089717876 0.0138883163814 -0.0190404836713 0.00317742594361 0.0068907927118 0.00903438628181 0.0239172615583 0.0182679364815 -0.00169685677803 0.000834011364567 0.0139356081638 -0.00916956028418 0.445713489822 0.151461047581 -0.0148318409911 0.0190857883507 0.00579369462294 -0.0219353864126 0.00130478393457 -0.00875675112766 0.00807991487734 0.00885953589005 -0.000544601278188 -0.0128691887284 -0.00569531852741 -0.000496137404342 0.00995385425082 0.0259502332434 -0.0220695098843 0.0371358596448 0.00807424431528 0.00600959408782 0.00292013889517 0.0359189875925 0.00933676261306 0.0131259109338 -0.00242067286162 
0.0319816904209 -0.00290682007183 0.00619923303315 -0.0118431044976 0.00745676664127 -0.000561163157369 0.0207432930625 0.00918532481468 -0.0190145020809 -0.00720605375555 -0.0229057961059 -0.0169934824181 0.0247893756944 0.0374469146824 -0.00314797260282 -0.0116706577328 0.00860935880586 -0.0153998585132 0.0222523452306 -0.004763748484 0.0286164477811 -0.0120287206639 0.00447146389554 0.0140096673218 0.000653592277066 -0.00240147227762 -0.000958997433854 0.0101572647654 0.0175155874084 -0.00354275365749 -0.0178405897431 0.0118019619038 0.010293103093 0.0102959911614 0.00629678206522 0.151461047581 0.364348772623 0.0148904620883 -4.716874018e-05 0.0236731166995 0.00374376738899 -0.00286219177239 -0.0224395676939 0.0092558914617 0.00126898357399 0.0161446697548 -0.00257686070667 -0.00901676672876 -0.0113045443269 0.0146357328674 0.0114792667471 -0.0306043225937 0.00660869230044 0.00987046118213 0.0245730620269 0.0132759060228 0.0184771066025 -0.0122926959736 0.0248374716306 -0.00245551565421 
0.0096814821966 0.00916381211504 0.0335296208083 -0.00225497536572 0.0298260757963 -0.00496809036101 0.0269982064621 0.0325476864289 0.0176949354749 -0.00541665523353 0.00142702548568 0.0367011461589 0.0291187986728 0.0141898489704 0.0301445386348 0.0412173238186 0.00212760226504 -0.0266100766363 0.00681016789484 0.0149247284857 0.0119740918908 0.0516803833437 0.00878413411802 0.0380509556393 0.0356672095663 0.00886411137896 0.00529079734316 0.0174395858293 0.0709337364685 0.0147141277401 0.0214130183589 0.0257591216064 0.0316310187717 0.0209487772653 0.0363529902561 -0.0148318409911 0.0148904620883 0.230755270053 0.00648037336991 0.0160716550928 0.00275482083607 0.0117464423268 0.0298468164324 0.0617059661812 0.0490619821483 0.0199537350379 -0.0150769020864 0.0209055155239 0.00990279300305 0.0517580033806 0.00962551134244 0.0206360929569 0.00700507850116 0.000196589723341 0.0121853893181 0.0158040421629 0.0498294116012 0.0234334662208 0.0101637881786 0.00929497959872 
0.000323877392418 -0.014636834694 0.0229241333016 0.0020954234044 0.0211814754537 0.00319287342096 -0.0092939394184 0.00416769191431 0.0135635581589 0.0182556193095 -0.000417972732502 -0.00602855606691 0.0310373174522 0.0176156203031 0.0104723906126 -0.0072338695393 0.00979988949047 0.1646990928 -0.0013803601659 0.0109932381223 0.0205377131456 -0.0136303092181 0.00866513204281 0.0289086465213 0.0251551996216 0.00810998612687 0.0139674620351 0.00598213580802 -0.00623775284605 -0.00714176228188 0.000570513983548 0.00721391950641 0.000241575484107 0.00329945548345 0.00755854685442 0.0190857883507 -4.71687401809e-05 0.00648037336991 0.196376153571 0.017532936355 0.0153066981137 0.00647292800927 -0.00129959881762 0.00884941352117 0.00565876088649 0.0226168008106 0.0303689813211 0.00788980985469 -0.00950682613095 -0.00449544125696 0.0175467379105 0.0254052020909 0.0113645246691 -0.00558753902567 0.0221209325939 0.0105668497174 -0.0111812714322 -0.00221467552049 0.0158394197893 0.000837433269522 
