60
0.162419244675 0.104921073146 0.0224960645228 0.101670797752 0.201678989994 0.101022755506 0.0594362545722 0.0519302207626 0.025042174885 0.0493061267197 0.234070828585 0.0100273700484 0.0887704215167 0.00194148072761 0.0194782181544 0.0824662750087 0.0372282541949 -0.00773505516991 0.0450347688147 0.0762578269544 0.00788248566947 0.0123351660469 0.0176197090425 0.0316717201181 0.034888990542 -0.0014382556632 0.0524263551757 0.28152338764 0.0205902908148 0.00859756350963 0.0479071153807 0.0242911243805 0.144106781955 0.0300114281637 0.0966324757555 0.0172601721071 0.0907505897935 0.0952470994091 0.059162885268 0.135848421796 0.00792878112812 0.0916609470377 0.0540494724418 0.00388664565626 0.0422457423554 0.0649337142294 0.18030920859 0.0339335468557 0.134581744136 -0.0148687542544 0.0749299903321 0.0506132512338 0.073470583658 0.072987431854 0.190895055806 0.0526772687529 0.0268374832388 0.112278324126 0.135547989167 0.165506763093 
1.29684376628 -0.000559165903937 -0.000959308840607 0.00319810277844 0.00638195219258 0.0186861847077 2.36771516303e-05 0.0421846902115 0.00562279195828 0.012382919917 0.0259858113833 0.0259112927697 0.0216640737816 0.0192850275994 0.0261742138444 0.0102515659475 0.00252494141611 0.00822845898651 0.024400596493 0.00835592002998 0.01082962154 0.0152724074419 0.0213499763112 0.0153723936883 0.0103389915205 0.000467916213929 0.0181439974351 -0.0162499380154 0.0410386157137 0.00390589077518 0.0647694946433 0.00878952921322 -0.00604943158765 0.00469950795095 0.0105626429462 0.0166933420693 -0.00276434793345 0.0201596291131 0.000135580180486 0.00264342245711 0.0315309252692 0.0124638701468 0.000198232082124 0.0335232617102 0.00123452420876 0.00341646879825 0.0119721418106 0.0197293528559 0.0465918557804 0.0249540121005 0.00422260196428 0.00979289688125 0.0578471922966 -0.00555643559436 0.0383991456383 0.0133351032337 0.0329287470024 0.0157051402196 0.0165199785322 0.0316493145989 
-0.000559165903937 0.242434583207 0.00428684219433 0.0181715381267 0.030023296539 0.00107411783513 0.021722870865 0.0251317839425 0.0323265372775 0.0443024420936 0.0270325337121 0.0332339963854 0.00420608640867 0.0331180344486 0.0290868468987 0.0194962387043 0.0465746430976 0.0108655872729 0.00582338895105 0.0136319468987 0.053084430779 -0.0185821210706 0.00230564553367 0.0397529171483 0.0134515247857 -0.00805696988395 0.01270527546 0.023292391247 0.0300101115164 0.0113963928584 0.00215903096253 0.0280288736353 0.0211129394665 0.0232434792631 0.0121404556177 0.00744314199611 0.00630991097881 0.0537846157271 0.0196344793141 0.0103277633637 -0.00289272766742 0.0110383357025 0.0246502654005 0.00125769605512 0.0113049644228 0.0300337521592 0.0166321493004 0.0254043484273 0.0290469501072 0.0126678427195 0.0473625051789 0.035541352068 0.0365542212523 -0.0103811636254 0.0268663079113 0.0126232253388 0.0212790773836 0.0199019565861 0.0363547562409 0.010505160977 
-0.000959308840607 0.00428684219433 0.182156490277 0.0118527155663 -0.0126298261183 0.0224324426778 0.0057632191342 0.0039869208859 0.0260891827572 0.00864282470335 0.0358768603008 0.0077407800386 0.0488014554906 0.00285675428267 0.024576638123 -0.00241060253117 0.0230883646664 0.00758521822083 0.0101086377369 0.0147724365801 0.0313501476998 0.0109403805818 0.00596270262482 0.000240973172158 0.00512865212225 0.01324392867 0.00865059757477 -0.00240065297099 0.0127317246858 0.0228294710812 -0.000591032181518 0.0160057459146 0.021773871656 0.011864424465 0.00474789898854 0.031376326799 0.0261423299525 0.0208921043465 0.00342895843249 0.0257471854881 0.00333673929862 0.0314127022839 -0.00110785826655 0.0108275883995 0.0218176247333 0.0160923358458 0.0159022909976 -0.0024859762535 0.050081935861 0.0185478451046 0.00667239355425 0.0293818411336 0.0167314772962 0.00452176985562 0.0344377530887 0.0314823003186 0.00562302803901 0.0420926317336 -0.00225433227417 0.0150076985749 
0.00319810277844 0.0181715381267 0.0118527155663 0.233652714121 0.0135631225655 0.0216293406814 0.0306427698614 0.0032967661063 -0.000591909514186 -0.0189782039518 0.0210044973669 -0.000734489655011 0.00572123767467 0.015370755166 -0.00573974951866 -0.00888502380005 0.00948587774752 0.013007845421 0.00957607271573 0.0177568442978 0.0133738828244 0.00926684183827 -0.00557032874575 -0.01435075373 0.00649149282792 -0.00671904464715 0.0111779233035 0.176110473786 0.0145508730512 -0.00543771524046 0.0117978779591 0.0150092364299 0.0203262077842 0.0180001538615 0.0104072900573 0.00910996869982 -0.00244490431858 0.022857536029 -0.0202318547536 -0.0218050269573 -0.00900270293417 -0.00415390280104 0.0215828863757 -0.00369064561191 0.00302847280032 0.0151743451265 0.00196465965387 0.0202945909626 0.00420521921161 0.00792210053399 0.0148815358743 0.00630212713785 0.0374746123269 0.000853324362653 0.000860403571996 0.0182077264793 0.00954334458002 0.0325014876847 -0.0167116490834 0.0446224488062 
0.00638195219259 0.030023296539 -0.0126298261183 0.0135631225655 1.23665182957 0.0217771018709 0.0144471255229 -0.000249241810695 0.00812296773459 0.026471106806 0.053565763079 -0.0029814545435 0.0149791643039 0.0291420367153 -0.00150189925897 -0.0380556968253 0.0260147882112 0.010283466281 0.014600771076 -0.0241430780601 0.0134380812648 0.00346191674879 -0.000388206657434 0.0174172811698 0.0169446231711 0.0102948979321 0.0303454692625 -0.0024278896809 0.0141490147152 0.0169145162909 0.0196820063903 0.0130657176355 -0.0105275703658 0.00582376999469 0.00617480969154 -0.0126753283973 0.0145256484414 0.0538961088346 -0.0190989635705 -0.0188663792126 0.0163326974794 -0.0297095155619 0.0170230440008 0.00115283427115 0.0143755583146 0.0146174580427 0.0605997962832 0.00365479481892 -0.000387337917752 0.00390462114626 0.00384220676212 0.0146098621961 0.0228316338608 0.00984184324157 0.0381383913562 0.0259209792465 0.0113180557558 -0.0181900106406 0.0591073305378 0.0528401760867 
0.0186861847077 0.00107411783513 0.0224324426778 0.0216293406814 0.0217771018709 0.357614940157 0.0148568840683 0.0108897316924 0.0114016813514 0.0106495743471 0.0191145979446 0.0129849286994 0.0505973252573 0.033538144032 0.0220780901983 0.00527974374511 0.0139646295371 0.00171760885718 0.0231664702019 0.0048840893017 0.0215578509891 -0.00456564957258 -0.00992583849528 0.0143051852819 0.0109925912112 0.0134539932849 0.0256714747532 0.284091366132 -0.00844675379612 0.0114367791125 0.00102292353145 0.0107579981987 0.00136100278369 0.0077262718494 -0.0178188885197 0.00405153366557 0.0327211162003 0.0244730983078 0.0385759073195 -0.0074322284061 0.0101716096974 0.0184745926374 0.0303240769997 0.00178973609969 0.0309504122948 -0.00482543218451 0.0203623336128 0.0287078275467 0.0459372069839 0.00878659150635 0.00645533480513 0.00332911270391 0.00468918265453 -0.0233467477582 -0.0140864374096 0.00225785333164 -5.74689456558e-05 0.00126785021203 -0.0304728288434 -0.00289896132957 
2.36771516301e-05 0.021722870865 0.0057632191342 0.0306427698614 0.0144471255229 0.0148568840683 0.276127075921 0.026312757852 0.0148715782233 0.0213314594185 0.023106447921 0.0202008615658 0.0358291212925 0.0426424673105 0.0121240620023 0.0289032834831 0.0168975163565 0.0381479244928 0.0195632836983 0.0152557485503 0.00814864412832 0.0227262241838 0.0220836856254 0.0244086676967 -0.00254439630972 -0.00145655270059 0.0152929568956 -0.0318270073794 0.00432548407292 0.00734520700146 0.0186656457906 0.0320615900942 -0.0145561159464 0.0245888200012 0.0380065242097 0.0179482013275 0.0172602449853 0.0117034625544 0.0185512094965 0.00734720222764 0.0032472840372 0.0158180311303 0.0198105479886 0.041539803355 -0.0149468605232 0.0148684484894 0.00417004163149 0.0157819344996 0.0148463233002 0.011576963618 0.022923245275 0.0101048529223 0.0117399131637 0.015557714916 0.0333992193154 0.0127901565733 0.0132165698455 0.0114768768706 0.00122161426301 0.017196319616 
0.0421846902115 0.0251317839425 0.0039869208859 0.0032967661063 -0.000249241810695 0.0108897316924 0.026312757852 0.237555941729 0.0142235363997 0.0232116084445 -0.0195307039435 0.0226241297121 0.0458335769065 0.00891767150274 0.0142711531828 0.0436999199605 0.0101914069389 0.0211666075364 0.0490704204996 0.0661044927613 0.02153020917 0.00288497027483 0.0253768783078 0.0193236041546 0.00428598477613 0.00265247007314 0.00511916579492 0.000424746803128 0.0328474896801 0.0200773641137 0.0169602894387 0.0432047978489 0.00669530305438 0.0363027201131 0.00854111202584 0.00305087071105 0.0157215212205 0.0175550124864 0.0258732226111 0.00630132288176 0.00655694705128 -0.0303171878742 0.0224751227749 0.0561047363428 0.0111156724798 0.0116871853794 0.0281651157494 0.00657928905529 -0.0135641961566 0.0424396637924 0.0390632374152 0.00522159344789 0.0508032574016 -0.00566311802091 0.0496041015174 0.0193890485208 -0.00470810119863 0.0070298344122 -0.00706194089029 0.00902853765799 
0.00562279195828 0.0323265372775 0.0260891827572 -0.000591909514185 0.00812296773459 0.0114016813514 0.0148715782233 0.0142235363997 0.158411219258 0.01093962298 0.0318704556565 0.0123958637407 0.0265576979295 0.0265656297928 0.0513408539341 -0.00550425962407 0.0153556647063 0.0104801369986 -0.00291237499188 0.00644673281624 0.0145186075771 0.020053800629 0.0160171103283 -0.00157499183837 0.0120342424659 0.00715411903913 0.00810355027294 -0.0151363932924 0.00625100816962 0.0200968414955 0.00968615548218 0.0319741312532 -0.011540317087 0.0097408832357 0.0147196549623 0.0142135832303 0.0222515675452 0.0223494284253 -0.0123879416779 0.0161665612753 0.0165947125323 0.01452631251 0.0102808438589 0.00726401933762 0.0300164704734 0.0243157333136 0.0153756313588 0.0224026433364 0.021666504789 -2.23644054417e-05 0.0239029306437 0.0338731237321 0.00846558525526 -0.00489043804279 0.0041250499801 0.0179979098011 0.0146379586114 0.0215090514971 -0.00309001323624 0.00768971877878 
0.012382919917 0.0443024420936 0.00864282470335 -0.0189782039518 0.026471106806 0.0106495743471 0.0213314594185 0.0232116084445 0.01093962298 0.200961986002 0.0351291339782 0.00901144660495 -0.00159135502426 0.00706694789301 0.0142341725151 0.0446433192526 0.0216971036642 0.00473260418239 -0.00390307921247 -0.00456346406704 0.0193570039194 -0.00208299294597 1.96429696877e-05 0.00775510886964 0.00130395618117 0.0172036297851 0.0298619179804 -0.0250939104204 0.0150756148815 0.0214435274236 -0.0229330426257 0.0234071787496 -0.0155178315961 0.00456988643441 0.0124628822625 0.0194301553688 0.0147368626508 0.00544908004419 0.00102771172507 -0.000925189974221 0.0138648443585 -0.00299888510838 0.0213698300518 0.0167979343226 0.0338430939461 0.023666077163 -0.0179653912179 0.0290618185533 0.0265270671871 -0.00478788191108 0.00866584849112 0.0188593073281 0.00785245926959 -0.00203642650182 0.0418165640234 0.0131416442394 0.0105829835974 -0.000799792204077 0.0408910995315 0.0159504026952 
0.0259858113833 0.0270325337121 0.0358768603008 0.0210044973669 0.053565763079 0.0191145979446 0.023106447921 -0.0195307039435 0.0318704556565 0.0351291339782 1.00357067838 -0.010414794848 0.00740514252489 0.00942105311733 -0.00409430891725 0.00505721372176 0.0379631634488 0.0109682861495 -0.00880582629817 0.0424031135596 0.0170170943141 0.016015114067 0.0372773699045 0.0102011035663 0.00461039549006 0.0385293903748 0.0769744008452 -0.0017451028665 0.0451450817051 0.026354456528 0.00957431469844 0.0225804873385 0.0121452296734 0.0121038595981 0.0925411097341 0.0029988255446 0.0148248798836 0.0766890405708 0.0210866096751 0.0104765295416 0.0163073442868 0.0216548584566 0.0273506023576 0.0284609426272 0.00533246633238 0.040401003233 0.000785823634164 0.0491863346551 0.0646870904346 0.0214228706983 0.0568551641083 0.00159522900238 0.00501486457021 0.0436338595276 0.039202720218 0.0206585474456 -0.0135174050927 0.0527452908741 0.0646664128138 0.0616182831175 
0.0259112927697 0.0332339963854 0.00774078003861 -0.000734489655012 -0.0029814545435 0.0129849286994 0.0202008615658 0.0226241297121 0.0123958637407 0.00901144660495 -0.010414794848 0.173261693001 0.0163186104003 0.0278626640013 0.00993741701345 -0.00699226886469 0.02870305648 0.0152207500406 0.0167650186162 -0.00214006986247 0.0224258148618 0.00670280884981 0.0119909512045 0.00174808383506 0.00872683557091 -0.0194303324926 -0.00697321886401 -0.00402442267829 0.0075712078906 0.0200316451024 0.00751222753058 0.0121432518722 0.0232066161917 0.0049053456158 0.0106503541062 0.00542392110138 0.0166025045855 0.0329577887187 0.00943899310537 -0.0224962101516 0.00241111744075 -0.00202413889631 0.00292697977061 0.0150134715975 -0.00274250575627 0.0187232533264 0.0128190226422 0.0165874457798 -0.00462706646108 0.0144054098319 0.0168641938288 0.0170847614644 0.0204099846755 0.00406038909392 0.037445197361 0.00307765086599 0.0118771017806 0.013625395621 0.0344522719762 0.00693929646161 
0.0216640737816 0.00420608640867 0.0488014554906 0.00572123767467 0.0149791643039 0.0505973252573 0.0358291212925 0.0458335769065 0.0265576979295 -0.00159135502426 0.00740514252489 0.0163186104003 0.306009189583 0.0262909147123 0.0347423776084 0.0411046837247 0.0208469343052 0.00695640620212 0.0171266888834 0.00997505868003 0.0150164401419 0.0192475358396 0.0258143141752 0.00819038379642 0.0207220694324 0.00947743532578 -0.0253327628293 0.0652119103635 0.00827632331787 0.0206929546677 0.0364082171344 0.0180707734292 0.00142304760182 0.00643225133118 0.0256069284023 0.0235682300854 0.013806093926 0.0236668079039 -0.00682695487659 0.0330395626401 0.00324689398772 -0.00210486558136 0.00701604177011 0.0238259067361 0.0338979666665 0.0208796480428 0.0128766826893 0.0017274218957 0.0218128054642 0.013910617314 0.0376944124319 0.0170072110069 0.0353779392507 -0.0311249397578 0.0573512018416 0.00502755189796 0.0129604523781 0.0148477507606 0.00182388505122 0.030663121702 
0.0192850275994 0.0331180344486 0.00285675428267 0.015370755166 0.0291420367153 0.033538144032 0.0426424673105 0.00891767150274 0.0265656297928 0.00706694789301 0.00942105311733 0.0278626640013 0.0262909147123 0.203222959045 0.0298536893166 0.000435062218172 0.0201951283186 0.019911218602 0.0097035090612 0.0327572583894 0.0433691236856 0.00187814315704 0.0153821560134 0.00711625337446 0.00368567710925 0.00477271819183 0.0163708812091 -0.0218328831667 -0.00359403758803 0.0147175611139 0.0141920552863 0.0208721036149 0.012225735289 0.015407159185 0.0252685172618 -0.00117546201551 0.0162307274865 0.0494391908965 0.0247930810125 0.0076934299673 -0.00932838659276 0.0146986337256 0.0285244561533 0.00597445914579 0.00658924066284 0.0219051912171 0.0205637460307 0.0252824221933 0.0178719200692 0.0143801575391 0.0189859591683 0.0219626423944 0.0290411972851 0.0125326050759 0.00132323477616 0.0239367667695 0.00478349025931 0.0225503509229 0.0149597227519 0.0274336238124 
0.0261742138444 0.0290868468987 0.024576638123 -0.00573974951866 -0.00150189925897 0.0220780901983 0.0121240620023 0.0142711531828 0.0513408539341 0.0142341725151 -0.00409430891725 0.00993741701345 0.0347423776084 0.0298536893166 0.145913836645 0.00560322395484 0.0161165924266 0.0155020697062 0.00307284822247 0.0169778335888 0.0351972034631 0.0346891803753 0.0101385637318 0.00773519461107 0.0209549748655 -0.000856647677928 0.00584820254868 0.0157151688412 0.0126117000999 0.0140046316913 0.0155115387643 0.0378371558467 0.00382552849666 0.0306389583738 0.0204530272385 0.0173329095756 0.0327643126296 0.0400193554599 -0.0046146496336 0.0141339227591 0.0259143330364 -0.000518529279303 0.0130675539762 0.00575194426194 0.00887475247684 0.020446112418 0.0147895988715 0.0235803060679 0.0348943845357 0.00512693114001 0.0170451430637 0.0539911875574 0.0268409748706 0.00631639114473 0.00211723337971 0.0203144695499 0.00489219640427 0.0113013746601 0.00263811512422 0.0231325753335 
0.0102515659475 0.0194962387043 -0.00241060253117 -0.00888502380005 -0.0380556968253 0.00527974374511 0.0289032834831 0.0436999199605 -0.00550425962407 0.0446433192526 0.00505721372176 -0.00699226886469 0.0411046837247 0.000435062218172 0.00560322395484 0.404939721115 0.0336976349306 0.0203891504135 0.0285851565786 0.163644489159 0.00240088592888 0.0124352291716 -0.00592132022638 0.0112566096634 0.00901819367581 0.00717283915816 -0.00631520260649 -0.0361823846682 0.0191031075723 -0.00798961381776 0.0308484765346 0.0178514072251 0.00794359809976 -0.00080917442313 -0.00715127234933 0.0189773897505 -0.0291968048826 0.0333977197696 -0.00335292040882 0.0106655011914 0.0162948239542 0.0199532423554 0.023787687588 0.0373233931685 0.0086423452985 0.0251112107888 0.0157211404303 0.000689018176223 -0.0293242786915 0.0217808839545 0.0214490134453 -0.0125593772792 0.101628303068 0.00105940076287 0.0739524132302 0.0387382436932 0.00826582745662 -0.00319269233391 -0.0131170285669 0.00755457296653 
0.00252494141611 0.0465746430976 0.0230883646664 0.00948587774752 0.0260147882112 0.0139646295371 0.0168975163565 0.0101914069389 0.0153556647063 0.0216971036642 0.0379631634488 0.02870305648 0.0208469343052 0.0201951283186 0.0161165924266 0.0336976349306 0.172482240688 0.0117189042819 0.00225579058093 0.0299757641363 0.0109882092338 -0.00293922705337 0.0190986326307 0.0239484885703 0.0085207954324 0.0140783381188 0.00338097261436 0.000310514585033 0.0180664109247 0.011353145823 0.011619634639 0.0116347502743 0.00214062386384 0.00717793526075 0.0134686120249 0.0271956385702 0.021194666576 0.0251031483312 0.0222332412334 0.0125304246397 0.0209941722042 0.0226908651165 0.00770097833508 -0.00507230922313 0.0285746497179 0.0285626988171 0.020704027662 0.0191385948684 0.014995954699 0.00789117323398 0.0362377624545 0.00546262048622 0.0298097023364 0.0138979983242 0.0251815078332 0.00446353997601 0.00677987439618 0.0161743651202 0.0117692728583 0.0159904280758 
0.00822845898651 0.0108655872729 0.00758521822083 0.013007845421 0.010283466281 0.00171760885718 0.0381479244928 0.0211666075364 0.0104801369986 0.00473260418239 0.0109682861495 0.0152207500406 0.00695640620212 0.019911218602 0.0155020697062 0.0203891504135 0.0117189042819 0.113724068953 0.0445401959663 0.0266214816777 -0.000770473825323 -0.00365696857257 0.0202565601506 0.0150005997583 0.0179188266068 0.0210672790871 0.00212884008475 -0.00534501087464 0.0237327868083 0.0146817596969 -0.0055455258058 0.0200071977804 -0.00379881575732 0.0210215772171 0.0247087383382 0.0175538860359 0.00755673327739 0.00790518343143 0.012292513051 9.66087499851e-05 0.012575551208 -0.00364938703617 0.0193000582783 0.0344158625854 0.0131766601804 0.00966321650526 0.0290640885053 0.000367985864532 -0.00844539180662 0.0399587069934 -3.76108848073e-05 0.00813111453123 0.010092608234 -0.00244658594739 0.0233537440945 0.00639416421258 0.0112039499565 -0.00201473029941 0.000896826448064 0.0108673927535 
0.024400596493 0.00582338895105 0.0101086377369 0.00957607271573 0.014600771076 0.0231664702019 0.0195632836983 0.0490704204996 -0.00291237499188 -0.00390307921247 -0.00880582629817 0.0167650186162 0.0171266888834 0.0097035090612 0.00307284822247 0.0285851565786 0.00225579058093 0.0445401959663 0.176315342107 0.0239248978987 0.00549084827356 -0.0192528216194 0.00821589197775 0.0086348083496 0.00627141607395 0.00910654333276 -0.00536865775277 0.00805412292331 0.0258420186932 0.0176140392372 0.0112154212382 0.0115267966164 0.00814255135028 0.0262183513578 -0.013610776218 0.0030312645313 0.00829515447439 0.0248105130817 0.0167911389361 0.0141403406243 0.0120924004781 -0.0118884353605 0.0209703033545 0.0499684883782 0.00761621136652 0.0147986967094 0.0496612609677 0.0130181171865 -0.0311263161509 0.0363440934114 0.0143224046429 0.00345194205015 0.0312817251526 0.00408798149594 -0.00184554932564 0.00373316820242 -0.00985641415688 0.00521582664706 -0.0248459089734 -0.00143058217059 
0.00835592002998 0.0136319468987 0.0147724365801 0.0177568442978 -0.0241430780601 0.0048840893017 0.0152557485503 0.0661044927613 0.00644673281624 -0.00456346406704 0.0424031135596 -0.00214006986248 0.00997505868003 0.0327572583894 0.0169778335888 0.163644489159 0.0299757641363 0.0266214816777 0.0239248978987 0.442714608735 0.0106559081687 0.0147862254912 0.0140642035565 0.047651909617 0.0200529249521 -0.0118445256353 -0.00158345882564 -0.00290543738937 -0.0085207309643 -0.0346370448462 0.0185969396592 0.0331486950186 -0.0287338989416 -0.00216237745223 -0.00148482638298 0.0135663070902 -0.0174709570255 0.0481473284893 0.016944333888 -0.0203749165851 0.0278741251746 -0.00299614036871 0.0172321073757 0.00744482859607 -0.00899410839893 0.0428488339902 0.001999491071 0.0143736808446 -0.00954139407796 0.0293794904011 0.0334325217322 0.020781657681 0.125894807101 0.0224867292909 0.0636473259803 0.0112795980844 -0.0108935476487 -0.00650144383147 -0.0162272387779 0.00139914857637 
0.01082962154 0.053084430779 0.0313501476998 0.0133738828244 0.0134380812648 0.0215578509891 0.00814864412832 0.02153020917 0.0145186075771 0.0193570039194 0.0170170943141 0.0224258148618 0.0150164401419 0.0433691236856 0.0351972034631 0.00240088592888 0.0109882092338 -0.000770473825324 0.00549084827355 0.0106559081687 0.208764271335 0.0110269668618 -0.00503650226112 0.00525736812479 0.00746532160167 0.00186080168807 0.0111043734212 0.0290563025946 0.00595774524723 0.0100065271317 0.0260585314064 0.0240717824559 0.0116074465409 0.0115375736718 0.0233710222865 0.0131263798194 0.0677840846379 0.057613398846 0.00396377913853 0.00877394927149 -0.0080426315803 0.000640450887027 0.0183751321614 -0.00520387668043 0.0018800511979 0.0105664345326 0.0445130629584 0.00742024701521 0.00633755082804 0.01079705385 0.0153239626768 0.0282423335201 0.0181733920407 0.00166321599432 -0.00299685591616 0.0147026439563 0.00399821436574 0.0323835343967 0.030296650767 0.00981813023904 
0.0152724074419 -0.0185821210706 0.0109403805818 0.00926684183827 0.00346191674879 -0.00456564957258 0.0227262241838 0.00288497027483 0.020053800629 -0.00208299294597 0.016015114067 0.00670280884981 0.0192475358396 0.00187814315704 0.0346891803753 0.0124352291716 -0.00293922705337 -0.00365696857257 -0.0192528216194 0.0147862254912 0.0110269668618 0.213097451523 0.0163522774627 0.00910582228444 0.011541468521 -0.00846430996131 0.00123975559531 -0.0240018806261 0.0016776776794 0.0204033531778 0.017798044236 0.0270141253059 -0.011550918801 0.0024806759803 0.0162271382422 0.011613689229 0.00485481973479 0.0149329683876 -0.0180495449099 -0.00770653988651 0.022401835862 0.00800142427922 0.024033274705 0.00620227266004 -0.00143905525905 0.00467251266201 0.00646316472804 0.0163799713782 0.0110292901157 0.00960087557918 0.0191040758708 0.0220287166765 0.0120440822751 0.034065259166 -0.00294836110588 0.0149403369099 -0.0010889089727 -0.00738677721699 0.0309323947837 0.0194767125477 
0.0213499763112 0.00230564553367 0.00596270262482 -0.00557032874575 -0.000388206657434 -0.00992583849528 0.0220836856254 0.0253768783078 0.0160171103283 1.96429696883e-05 0.0372773699045 0.0119909512045 0.0258143141752 0.0153821560134 0.0101385637318 -0.00592132022638 0.0190986326307 0.0202565601506 0.00821589197775 0.0140642035565 -0.00503650226112 0.0163522774627 0.168838108342 -0.00358230346838 0.00497506992925 0.00805169487399 0.00666667491323 -0.0369191906984 -0.000296282363923 0.00530323077945 -0.00192002686073 0.0336765510904 0.00200717975727 0.0142474914266 0.00896913186442 0.0213698796911 -0.00383670402331 0.00565571114969 0.00086064324388 0.0325791840195 -0.00102871663919 -0.00996070985244 0.0464502476144 0.0288291715603 0.00661268072341 0.00070567539574 -0.00699263813978 0.020218868447 -0.00964743008628 0.000952990782233 0.00567574951626 0.00312591321698 0.00530382886989 0.00474505074289 0.0268791137581 -0.00427101617931 0.00463996863166 -0.00232773603561 0.0037072727803 0.0125070443377 
0.0153723936883 0.0397529171483 0.000240973172158 -0.01435075373 0.0174172811698 0.0143051852819 0.0244086676967 0.0193236041546 -0.00157499183837 0.00775510886964 0.0102011035663 0.00174808383506 0.00819038379642 0.00711625337446 0.00773519461107 0.0112566096634 0.0239484885703 0.0150005997583 0.0086348083496 0.047651909617 0.00525736812479 0.00910582228444 -0.00358230346838 0.278077951088 0.00645676714621 0.0179723636072 0.0426865754073 -0.0167205020451 0.0265583257912 0.00475169186928 0.0121397769758 0.0265046867955 0.00835894884646 0.0172418130666 0.00302093122971 0.0105180174433 0.00517573127747 0.0047909204589 -0.000425468939123 0.0101921388311 0.0123445910431 0.00326689930174 -0.00740701521744 0.00214443847662 0.00834216409743 0.0167897633186 -0.00327053408577 0.0342482030913 0.0039849300059 0.0174220287887 0.00641711124382 0.0153963761835 0.00692755435969 0.00470882639341 0.00699677484477 0.0107768241624 0.0342395084455 0.00458041624575 0.013763550941 0.0163198428445 
0.0103389915205 0.0134515247857 0.00512865212225 0.00649149282792 0.0169446231711 0.0109925912112 -0.00254439630972 0.00428598477613 0.0120342424659 0.00130395618117 0.00461039549006 0.00872683557091 0.0207220694324 0.00368567710925 0.0209549748655 0.00901819367581 0.00852079543241 0.0179188266068 0.00627141607394 0.0200529249521 0.00746532160167 0.0115414685209 0.00497506992924 0.00645676714621 0.134190492439 0.0186217057843 0.00309086720484 0.00863023908816 -0.00444769303833 0.00825619386606 0.014132993336 0.0108925055429 0.0178963929029 0.0170733413555 0.0187184202108 0.00344123845696 -0.00578370205213 0.0104368965485 -0.00559532210098 0.00664047099118 -0.00891928368086 0.00298956019929 0.00540213258092 0.00834766835658 0.00722533530861 0.0214473607007 0.0311522527152 0.0143912394875 0.00590046976884 0.0225201030059 0.022726614491 0.00460448482146 0.0100108194948 0.0490470002631 0.0415482767075 0.0165492522895 0.0194661893756 0.0200231971451 0.00712924320081 0.0169542385841 
0.000467916213928 -0.00805696988395 0.01324392867 -0.00671904464715 0.0102948979321 0.0134539932849 -0.00145655270059 0.00265247007314 0.00715411903913 0.0172036297851 0.0385293903748 -0.0194303324926 0.00947743532578 0.00477271819183 -0.000856647677929 0.00717283915816 0.0140783381188 0.0210672790871 0.00910654333276 -0.0118445256353 0.00186080168807 -0.00846430996131 0.00805169487399 0.0179723636072 0.0186217057843 0.215069109132 0.00720720891877 -0.0232684852648 0.0112512054044 0.00322843529185 0.00113604957455 0.0157983929114 0.0096162891185 0.00371272744208 0.0119544442287 0.00386748376847 0.00521315011441 0.000531130397847 0.0280547466632 0.0393906357864 0.012821884827 0.00702153633792 0.00719109895743 0.0166342235862 -0.00462861882515 0.00716096032897 0.0224371938905 0.00204349363799 0.0088987737662 0.0128750054351 0.0188660381689 -0.00201731836711 -0.00543141537975 0.00964532955539 0.00795074107316 -0.000844650218208 0.00501516727694 0.0105594847943 0.0294815746757 0.0173202202915 
0.0181439974351 0.01270527546 0.00865059757477 0.0111779233035 0.0303454692625 0.0256714747532 0.0152929568956 0.00511916579492 0.00810355027294 0.0298619179804 0.0769744008452 -0.006973218864 -0.0253327628293 0.0163708812091 0.00584820254867 -0.00631520260649 0.00338097261435 0.00212884008475 -0.00536865775277 -0.00158345882564 0.0111043734212 0.00123975559531 0.00666667491323 0.0426865754073 0.00309086720484 0.00720720891877 0.275146860474 -0.00757214305529 0.0266100738976 0.0254152559146 -0.00117179663895 0.00782525641203 0.0261390557039 0.00925903349721 0.0228340314618 0.0165037719432 0.00196560405129 0.00718105875121 -0.0240522880391 0.03608562129 0.00564302920358 0.0177514128123 0.00218372669806 -0.00231057626251 0.0199522441567 0.0178214338174 0.00143083738284 0.0250719411635 0.0217122497093 0.00643807166509 0.0131908679105 -0.00207881983748 -0.0111126421978 0.0164498383817 0.0308263442648 -0.00565458498202 0.0152471485476 0.0178211940412 0.0990516260797 0.0118040973563 
-0.0162499380155 0.023292391247 -0.00240065297099 0.176110473786 -0.0024278896809 0.284091366132 -0.0318270073794 0.000424746803128 -0.0151363932924 -0.0250939104204 -0.0017451028665 -0.00402442267829 0.0652119103635 -0.0218328831667 0.0157151688412 -0.0361823846682 0.000310514585032 -0.00534501087464 0.00805412292331 -0.00290543738937 0.0290563025946 -0.0240018806261 -0.0369191906984 -0.0167205020451 0.00863023908816 -0.0232684852648 -0.00757214305529 1.90333695123 -0.00726113965876 -0.0288941969879 0.0116062400739 -0.00541486884896 0.0523386110865 0.00187796090172 -0.0394378042418 -0.00642942177062 -0.0120336375581 0.00333710109829 -0.0110884067576 -0.00515877503106 -0.028964390823 -0.00692014644905 -0.0359660659094 -0.0174449878236 -0.010556270422 -0.0113572689787 -0.0318594916037 0.0131450206509 -0.0409271972479 0.00804187628217 -0.0341744714564 -0.000170840321715 -0.0164028662402 0.00971820657316 -0.0230942031638 -0.0187287891287 -0.00835329011205 -0.0171920386098 -0.0124969644705 0.012873900021 
0.0410386157137 0.0300101115164 0.0127317246858 0.0145508730512 0.0141490147152 -0.00844675379612 0.00432548407292 0.0328474896801 0.00625100816962 0.0150756148815 0.0451450817051 0.0075712078906 0.00827632331787 -0.00359403758803 0.0126117000999 0.0191031075723 0.0180664109247 0.0237327868083 0.0258420186932 -0.0085207309643 0.00595774524723 0.0016776776794 -0.000296282363923 0.0265583257912 -0.00444769303833 0.0112512054044 0.0266100738976 -0.00726113965876 0.291449130024 0.00880278490604 0.0123521385739 0.00450138655885 0.0341468251079 -0.010276064912 0.0129486355609 0.0117379329208 -0.00344264751039 0.0279274694484 -0.01830722253 0.0228257695435 0.0197727392198 0.00983899286959 -0.00409120171173 0.00791418261753 0.0170677329937 0.0178340092597 0.0345762379355 0.0081633233804 0.0217643273704 0.00481972537979 0.0422623195489 0.00320362086625 0.0135416773102 0.00042489995719 -0.0227327040649 0.0242173250178 0.0105283495816 0.0232446470534 0.0196768940283 0.0182403305093 
0.00390589077518 0.0113963928584 0.0228294710812 -0.00543771524046 0.0169145162909 0.0114367791125 0.00734520700146 0.0200773641137 0.0200968414955 0.0214435274236 0.026354456528 0.0200316451024 0.0206929546677 0.0147175611139 0.0140046316913 -0.00798961381776 0.011353145823 0.0146817596969 0.0176140392372 -0.0346370448462 0.0100065271317 0.0204033531778 0.00530323077945 0.00475169186928 0.00825619386606 0.00322843529185 0.0254152559146 -0.0288941969879 0.00880278490604 0.213987336537 0.0110252843201 0.031075351823 0.0232956383125 0.0122748231078 0.0182455936176 -0.0110609418133 0.00383103303123 0.000606738413017 0.021996035848 -0.021105250002 0.00330035527241 0.00508179216462 0.00806698414308 0.00940362997477 0.0234654480943 0.00787528070751 0.0144697383514 -0.00237002462804 0.0388067268439 0.0145335591417 0.013885843293 0.0129936482191 0.00085688253506 0.0116047971056 0.0202651471732 0.0147760241866 0.0151457623416 0.031170505268 -0.0155417447135 0.0308072518164 
0.0647694946433 0.00215903096253 -0.000591032181517 0.0117978779591 0.0196820063903 0.00102292353145 0.0186656457906 0.0169602894387 0.00968615548218 -0.0229330426257 0.00957431469844 0.00751222753058 0.0364082171344 0.0141920552863 0.0155115387643 0.0308484765346 0.011619634639 -0.00554552580579 0.0112154212382 0.0185969396592 0.0260585314064 0.017798044236 -0.00192002686073 0.0121397769758 0.014132993336 0.00113604957455 -0.00117179663895 0.0116062400739 0.0123521385739 0.0110252843201 0.22266900277 0.0294603445136 0.0207201725554 0.0315991523479 0.00329478374885 0.0184917892718 0.0155112792543 0.00347331186144 0.0100953431113 0.00658465518306 0.00287763391617 0.0182573808267 -0.00471042279487 0.0045825028759 0.0011476594432 0.0248160622578 0.0055632061902 0.00374188162336 -0.0116262047301 0.00477140594613 0.00878660444469 0.00675848470975 0.0363362526786 0.0115177498389 0.0165555271241 0.0176802064951 0.00713783698136 0.0125523872158 0.0111397670157 0.0402035362104 
0.00878952921322 0.0280288736353 0.0160057459146 0.0150092364299 0.0130657176355 0.0107579981987 0.0320615900942 0.0432047978489 0.0319741312532 0.0234071787496 0.0225804873385 0.0121432518722 0.0180707734292 0.0208721036149 0.0378371558467 0.0178514072251 0.0116347502743 0.0200071977804 0.0115267966164 0.0331486950186 0.0240717824559 0.0270141253059 0.0336765510904 0.0265046867955 0.0108925055429 0.0157983929114 0.00782525641203 -0.00541486884896 0.00450138655885 0.031075351823 0.0294603445136 0.228941346138 0.0194118851468 0.0402830628289 0.0119369424543 0.037170028361 0.0059605861538 0.0280012060076 0.0149761533438 0.00751570080009 -0.00384059161906 0.00222000884333 0.0443322779288 0.0260894112587 0.0312490950784 0.0169452013973 -0.00377226018286 0.024308629727 0.00179410690471 0.0201327087618 0.0406355903574 0.02871335616 0.0270846712973 0.0128749232143 0.0222256066354 0.0203412186947 0.00692405745496 0.0178120807757 0.00198623729275 0.0172131215209 
-0.00604943158765 0.0211129394665 0.021773871656 0.0203262077842 -0.0105275703658 0.00136100278369 -0.0145561159464 0.00669530305438 -0.011540317087 -0.0155178315961 0.0121452296734 0.0232066161917 0.00142304760182 0.012225735289 0.00382552849666 0.00794359809976 0.00214062386384 -0.00379881575732 0.00814255135028 -0.0287338989416 0.0116074465409 -0.011550918801 0.00200717975727 0.00835894884646 0.0178963929029 0.0096162891185 0.0261390557039 0.0523386110865 0.0341468251079 0.0232956383125 0.0207201725554 0.0194118851468 0.289771105408 0.00398571715103 0.011105403066 0.0124668524181 0.00817918117446 -0.0259436921049 0.0063760687938 0.0195300905718 -0.00287202053466 0.0534120626573 -0.000534092033765 -0.00731886288426 0.012753468164 0.0162484421883 0.0249307596484 -0.00574181336363 0.0164424092689 -0.0115540728123 -0.00385854432577 0.0217564059904 0.0182482914152 0.00375357784855 0.0125195167676 0.0120105116532 -0.00776529099221 0.119113037538 0.0942797168486 0.00596196744895 
0.00469950795095 0.0232434792631 0.011864424465 0.0180001538615 0.00582376999469 0.0077262718494 0.0245888200012 0.0363027201131 0.0097408832357 0.00456988643441 0.0121038595981 0.0049053456158 0.00643225133118 0.015407159185 0.0306389583738 -0.00080917442313 0.00717793526075 0.0210215772171 0.0262183513578 -0.00216237745223 0.0115375736718 0.0024806759803 0.0142474914266 0.0172418130666 0.0170733413555 0.00371272744208 0.00925903349721 0.00187796090172 -0.010276064912 0.0122748231078 0.0315991523479 0.0402830628289 0.00398571715103 0.204324620911 0.0139847999093 0.00952560308382 0.0104331934357 0.0176756062235 0.00345253793336 0.0206286419173 0.015926718219 0.00460629188156 0.0400568515866 0.014284680167 0.0201519822062 0.0160985187289 0.0117549244857 0.0219539879258 0.0295692945784 0.0198152172439 0.0107136627349 0.0349838240287 0.0316570105898 0.0161427823682 0.0207886710149 0.00807367122778 0.00250102876118 0.013548756219 0.0124699324794 0.0145984792842 
0.0105626429462 0.0121404556177 0.00474789898854 0.0104072900573 0.00617480969154 -0.0178188885197 0.0380065242097 0.00854111202584 0.0147196549623 0.0124628822625 0.0925411097341 0.0106503541062 0.0256069284023 0.0252685172618 0.0204530272385 -0.00715127234933 0.0134686120249 0.0247087383382 -0.013610776218 -0.00148482638298 0.0233710222865 0.0162271382422 0.00896913186442 0.00302093122971 0.0187184202108 0.0119544442287 0.0228340314618 -0.0394378042418 0.0129486355609 0.0182455936176 0.00329478374885 0.0119369424543 0.011105403066 0.0139847999093 0.458731466524 -0.00948029610966 0.0121902960509 0.0121998849595 0.00234296817999 -0.00123027923939 0.0112792955999 0.0206204937637 0.0229766758864 0.0342085169078 -0.0088340605874 0.0273923776753 0.0444912747702 0.0272034228564 0.0374769270514 0.00496542288841 0.0572641137539 0.0270093116733 0.019159102309 0.006425684596 0.022279138263 0.0151101031031 0.0336175615079 0.0130816594612 0.00706489110595 0.00485536635806 
0.0166933420693 0.00744314199611 0.031376326799 0.00910996869982 -0.0126753283973 0.00405153366557 0.0179482013275 0.00305087071106 0.0142135832303 0.0194301553688 0.0029988255446 0.00542392110138 0.0235682300854 -0.00117546201551 0.0173329095756 0.0189773897505 0.0271956385702 0.0175538860359 0.0030312645313 0.0135663070902 0.0131263798194 0.011613689229 0.0213698796911 0.0105180174433 0.00344123845696 0.00386748376847 0.0165037719432 -0.00642942177062 0.0117379329208 -0.0110609418133 0.0184917892718 0.037170028361 0.0124668524181 0.00952560308382 -0.00948029610966 0.176919303621 0.0340212195681 0.0145579641646 0.0310685775335 0.00516007877584 0.0238257868811 0.00961528949655 0.0278958097499 0.00656603603602 0.0326343996477 0.0249020171311 -0.00870409585216 0.00969579101644 -0.00574131140769 0.00471872058849 0.0302978996853 0.000727779546934 0.0374562028274 0.0144319037655 -0.00342316366391 0.0109838809643 0.0167347101849 0.0241618536075 0.0109095450412 0.0272703437357 
-0.00276434793345 0.00630991097881 0.0261423299525 -0.00244490431857 0.0145256484414 0.0327211162003 0.0172602449853 0.0157215212205 0.0222515675452 0.0147368626508 0.0148248798836 0.0166025045855 0.013806093926 0.0162307274865 0.0327643126296 -0.0291968048826 0.021194666576 0.00755673327739 0.00829515447439 -0.0174709570255 0.0677840846379 0.00485481973479 -0.00383670402331 0.00517573127747 -0.00578370205213 0.00521315011441 0.00196560405129 -0.0120336375581 -0.00344264751039 0.00383103303123 0.0155112792543 0.0059605861538 0.00817918117446 0.0104331934357 0.0121902960509 0.0340212195681 0.330908255947 0.027076984235 0.00938668943453 0.010913436036 0.0301902356661 -0.0161522453582 0.0123504372452 0.010642893081 0.0224617323232 0.0256786511662 0.00207920211673 -0.00356587468002 0.0308303789428 0.0120656350938 -0.00478672922972 0.0129186631524 0.0246366438221 -0.0222848929258 0.00650307977387 0.0231725379211 0.0170698962515 0.0306195404221 0.0122189092787 0.0126156008642 
0.0201596291131 0.0537846157271 0.0208921043465 0.022857536029 0.0538961088346 0.0244730983078 0.0117034625544 0.0175550124864 0.0223494284253 0.00544908004419 0.0766890405708 0.0329577887187 0.0236668079039 0.0494391908965 0.0400193554599 0.0333977197696 0.0251031483312 0.00790518343143 0.0248105130817 0.0481473284893 0.057613398846 0.0149329683876 0.00565571114969 0.0047909204589 0.0104368965485 0.000531130397846 0.00718105875121 0.00333710109829 0.0279274694484 0.000606738413017 0.00347331186144 0.0280012060076 -0.0259436921049 0.0176756062235 0.0121998849595 0.0145579641646 0.027076984235 0.441370268663 0.00646760416845 0.0221838204024 0.0132261629361 -0.00330845839317 0.0118242001046 0.0284710558143 0.0159924091982 0.0265886384317 0.0535599329653 0.0221917377866 0.018658731159 0.0140375497253 0.0462520462883 0.0333973989424 0.0479445745389 -0.00619708596801 0.0614444759469 0.0249420511308 0.00143360118305 0.01365318465 -0.00884245252814 0.00710313824494 
0.000135580180486 0.0196344793141 0.00342895843249 -0.0202318547536 -0.0190989635705 0.0385759073195 0.0185512094965 0.0258732226111 -0.0123879416779 0.00102771172507 0.0210866096751 0.00943899310537 -0.00682695487659 0.0247930810125 -0.0046146496336 -0.00335292040882 0.0222332412334 0.012292513051 0.0167911389361 0.016944333888 0.00396377913853 -0.0180495449099 0.00086064324388 -0.000425468939123 -0.00559532210098 0.0280547466632 -0.0240522880391 -0.0110884067576 -0.01830722253 0.021996035848 0.0100953431113 0.0149761533438 0.0063760687938 0.00345253793336 0.00234296817999 0.0310685775335 0.00938668943453 0.00646760416845 0.324089798217 0.109960588843 -0.00651433006497 -0.0335580036226 0.00085416909395 0.0113126204317 0.00351099651987 0.00583697437677 0.0177144319908 -0.00308361350713 -0.00180749994766 0.0136790297967 0.0428289978807 -0.0048588190979 -0.0151486990727 0.0112084530658 -0.00294222727714 -0.00380296588192 0.00982818076527 -0.000411392784073 -0.0146205313155 0.0045828066932 
