30
0.330982708656 0.134581744136 -0.00168409401267 0.0493870590102 0.100072423231 0.151477321577 0.0616353203302 0.0966324757555 0.065309734793 0.0946597506959 -0.00660692339257 0.0161964684659 0.11775000089 0.046041615311 0.072987431854 0.151795006465 0.0372282541949 0.0795042219188 0.121962687623 0.0896896089949 0.0861150338972 0.104921073146 0.00633581846688 0.0678116165217 0.0277880817415 0.0485380268731 0.00326137985962 0.0142076594304 0.168192385625 0.0678408515538 
1.00942893475 0.00848734447378 0.021728243874 -0.00177679225658 0.125262324176 0.0843191972817 -0.0253480764244 0.0411918776746 0.0496191187254 0.0392028660218 0.00595644748206 0.0369460128795 0.0382789732999 -0.0142844991583 -0.00510866262157 0.0138971761801 0.0127541375889 0.00797749026149 0.0328348668634 0.0312666223066 0.0203590717265 0.0175523975868 -0.00240302409668 -0.00591497839551 0.00115164439509 -0.021089555441 0.0157793487368 -0.00497726639823 -0.00556414014834 -0.0055762657038 
0.00848734447378 0.38991363892 0.0141465196404 0.0242779577695 0.0144359681486 0.012759931286 0.041371645327 0.0447207280372 0.0449757316649 0.0092607825964 0.0370560013884 0.0161116267486 0.0523243689737 0.0318562230574 0.00827567607835 -0.00843218919439 0.0147311874873 0.0244027887882 0.00888539255694 0.0242750839286 0.042259306885 0.0289428796718 0.0288791394679 0.00114828478852 0.0193131409624 0.023945706985 0.0150020784719 0.00928424953202 0.0023422069822 0.0195197915351 
0.021728243874 0.0141465196404 0.108369621503 0.0119718145285 0.0281390516962 0.0280480094368 0.0189065109909 0.010084231352 0.00230752319984 -0.000859506612535 0.0246001434071 0.00995345764022 0.0275457446234 0.0210668160738 0.0199609702828 0.0105768876693 0.00993764258976 0.0120910958975 -0.00395264426805 0.00919069455046 0.0194890145062 0.014952493481 0.0109921611572 -0.00320479087965 0.0179392946937 0.0161432970554 0.00307639982863 0.0264129308438 0.0138487994467 0.00377077018682 
-0.00177679225658 0.0242779577695 0.0119718145285 0.21936804346 0.00761751627218 0.0128380878128 -0.00499587309352 0.0161886470362 0.0136716879882 0.00572030670925 0.00487995226482 0.010448444266 0.0205798899844 0.0133456211298 -0.0216182112328 0.0473687551548 0.0112691915862 0.0193121873951 0.0192036128352 0.014813321535 0.0103839070936 0.028621959729 0.0245297493751 0.00264057896848 0.0294338838363 0.00868749256195 0.00423428596744 0.00492726766086 -0.00565841620818 0.0104786338028 
0.125262324176 0.0144359681486 0.0281390516962 0.00761751627218 0.478260009572 0.0541534342803 0.00606566009498 0.0125659221167 0.0253735275346 -0.00393597369996 0.00746871723328 -0.000744413251978 0.0133959020814 0.00285904034044 0.0621372905249 0.0169092068907 -0.00276433032248 0.00722385578645 0.0350619838755 0.0370507495307 0.00264213777377 0.0098458432633 0.0193347034189 0.0202867018783 0.00429137335401 0.00146109387443 -0.00480269699504 0.00170082454128 -0.0400847764199 0.010009266831 
0.0843191972817 0.012759931286 0.0280480094368 0.0128380878128 0.0541534342803 0.562909498922 0.0229200016957 0.00771802932497 0.0334801588863 0.0174007717787 0.0420017033364 0.0114451895696 0.0205069680948 0.0184585646337 0.0269740270563 0.0970494188508 0.0353090655544 0.0351746381608 0.0576948839896 0.00380593205701 0.00889210617194 0.0391942660735 0.0151789946849 0.0202556039159 0.0164397063872 0.00506204142575 0.0219510636774 0.0157107944805 -0.00167141145616 0.0161959028707 
-0.0253480764244 0.041371645327 0.0189065109909 -0.00499587309352 0.00606566009498 0.0229200016957 0.280457525819 0.0313021024625 0.0403845284377 0.0518325518556 0.0285830916039 0.00593670353212 0.0565395917085 0.0206701463067 -0.0287713397269 -0.00424529839803 0.0336958128792 0.0381032142846 0.0136935202155 0.0200951597115 0.0181352518547 0.00965212137358 0.0239175795247 0.0248254313689 0.0252428440555 0.0262086847111 0.0204907819284 9.49424740629e-05 0.0128968501641 0.0224323199963 
0.0411918776746 0.0447207280372 0.010084231352 0.0161886470362 0.0125659221167 0.00771802932497 0.0313021024625 0.471298005504 0.0118728827783 0.00871936863107 0.0150520147297 0.00330901417996 0.0291887613249 0.0293426526997 0.0126737440251 0.0198123722923 0.0201621183313 0.0136562561119 -0.000174785050538 0.0737706196814 0.0246772440215 0.0233677059466 0.0574148809954 0.00339379110393 0.0306606798169 0.00547485742011 0.0346962689739 0.0153203392697 -0.00600212489141 0.00521462232197 
0.0496191187254 0.0449757316649 0.00230752319984 0.0136716879882 0.0253735275346 0.0334801588863 0.0403845284377 0.0118728827783 0.308702672491 0.048225202665 0.00572178192567 0.0219708129774 -0.0225115260704 0.0214125307138 -0.0194389514889 0.0212221171765 0.0327683249359 0.0324804386715 0.0319345781271 0.0285881826615 0.0116657511156 0.025218347651 0.0338186613748 0.00414566626575 -0.0045806523491 0.0170304613357 0.0146243862665 0.00125701135387 0.00488316366398 0.0258693411717 
0.0392028660218 0.0092607825964 -0.000859506612535 0.00572030670925 -0.00393597369996 0.0174007717787 0.0518325518556 0.00871936863107 0.048225202665 0.4606210448 0.0128332346702 0.00337323672129 -0.000986519025479 0.0041803116194 -0.00107537988222 0.0282116527867 0.0270566073417 0.0229226628295 0.0173642051988 -0.00686766186288 0.0262570792514 0.0378968887523 0.010503600896 0.015444276533 0.00898156320551 0.0123850045492 0.00368506379997 0.00174725465083 0.026474371024 0.0310302858613 
0.00595644748206 0.0370560013884 0.0246001434071 0.00487995226482 0.00746871723328 0.0420017033364 0.0285830916039 0.0150520147297 0.00572178192567 0.0128332346702 0.171178521638 0.0291794226877 0.0505711327807 0.0316307357931 0.0101194451348 0.00557995783602 0.0284000304264 0.0297007931174 -0.00562061309933 0.000602358787808 0.0212016394261 0.0198566326009 0.0340517601526 0.0120105770629 0.0327385682063 0.0255283158748 0.00955987821112 0.0110038127393 0.0214745159192 0.00522421600415 
0.0369460128795 0.0161116267486 0.00995345764022 0.010448444266 -0.000744413251978 0.0114451895696 0.00593670353212 0.00330901417996 0.0219708129774 0.00337323672129 0.0291794226877 0.170625332377 0.0572636609457 0.0186595967315 -0.009956633644 -0.000862940561746 0.0264094512009 1.69121522539e-05 0.0247885788119 0.00990038943783 0.00707613720619 0.0385724457944 0.0266157801424 0.0115574710542 0.0220139322546 0.0258209505734 0.020490265393 0.000559403392821 0.00989573663128 0.00941990449344 
0.0382789732999 0.0523243689737 0.0275457446234 0.0205798899844 0.0133959020814 0.0205069680948 0.0565395917085 0.0291887613249 -0.0225115260704 -0.000986519025479 0.0505711327807 0.0572636609457 0.895413314887 0.0282247933999 0.0418043833349 0.0765893445378 0.0279751302235 0.0161698485606 0.0384719434042 0.0278589938712 0.0390295487896 -0.0188778257511 0.0250006534515 0.0239659152528 0.0331406705273 0.0377865662287 0.0342508580822 0.0124168117521 -0.0288794396849 0.0549490299875 
-0.0142844991583 0.0318562230574 0.0210668160738 0.0133456211298 0.00285904034044 0.0184585646337 0.0206701463067 0.0293426526997 0.0214125307138 0.0041803116194 0.0316307357931 0.0186595967315 0.0282247933999 0.299533243128 0.00440088565374 -0.00260428738313 0.0164960647105 0.036099443163 0.0365954483775 0.0149831203806 0.0140880290163 0.076984400974 0.0148347405797 0.0475614535063 0.0310208235265 0.0331637937522 0.0268158092768 0.00826773556069 0.0175105982445 0.0140530402368 
-0.00510866262157 0.00827567607835 0.0199609702828 -0.0216182112328 0.0621372905249 0.0269740270563 -0.0287713397269 0.0126737440251 -0.0194389514889 -0.00107537988222 0.0101194451348 -0.009956633644 0.0418043833349 0.00440088565374 0.475528108632 0.0227821096175 0.0182392430353 -0.00178083528903 0.00879910576419 0.0019761266142 0.00327829071465 -0.00798673662737 0.00124109711127 -0.0208194370766 0.00310811289402 0.0292860597346 0.0209358272859 0.00247860707629 0.0126745865909 0.0827892184249 
0.0138971761801 -0.00843218919439 0.0105768876693 0.0473687551548 0.0169092068907 0.0970494188508 -0.00424529839803 0.0198123722923 0.0212221171765 0.0282116527867 0.00557995783602 -0.000862940561746 0.0765893445378 -0.00260428738313 0.0227821096175 0.471101035227 0.0393587637271 0.0244606550176 0.1754317894 0.0101055264463 0.00868313182124 0.0223743769765 0.00919638248994 0.00129117304195 0.0217081230853 0.00545600797939 0.00647851883312 -0.000757261991917 0.0191695091006 0.00553961236145 
0.0127541375889 0.0147311874873 0.00993764258976 0.0112691915862 -0.00276433032248 0.0353090655544 0.0336958128792 0.0201621183313 0.0327683249359 0.0270566073417 0.0284000304264 0.0264094512009 0.0279751302235 0.0164960647105 0.0182392430353 0.0393587637271 0.1831354399 0.022910398051 0.0274609653742 0.00895789633107 0.0231046055782 0.058831749752 0.0328515165029 0.0271416951374 0.00862921113499 0.0318022539602 -0.000710711859838 0.0165392570057 0.0199735142559 0.0162417939604 
0.00797749026149 0.0244027887882 0.0120910958975 0.0193121873951 0.00722385578645 0.0351746381608 0.0381032142846 0.0136562561119 0.0324804386715 0.0229226628295 0.0297007931174 1.69121522538e-05 0.0161698485606 0.036099443163 -0.00178083528903 0.0244606550176 0.022910398051 0.27471895147 0.0183910849289 0.00523617475447 0.0227407937773 0.00678350934421 0.0154392251498 0.0164713588609 0.0291965085831 0.0128128175649 0.0241301789253 0.00332593596107 -0.0231056639297 0.0118241596368 
0.0328348668634 0.00888539255694 -0.00395264426805 0.0192036128352 0.0350619838755 0.0576948839896 0.0136935202155 -0.000174785050538 0.0319345781271 0.0173642051988 -0.00562061309933 0.0247885788119 0.0384719434042 0.0365954483775 0.00879910576419 0.1754317894 0.0274609653742 0.0183910849289 0.418453372869 0.0678400764279 -0.00291220355649 0.0444349406262 0.00653163582967 0.0178661891625 0.00540742869062 0.00674934548221 0.0230780988486 -0.00229289070685 -0.0170242908609 -0.00266505357653 
0.0312666223066 0.0242750839286 0.00919069455046 0.014813321535 0.0370507495307 0.00380593205701 0.0200951597115 0.0737706196814 0.0285881826615 -0.00686766186288 0.000602358787808 0.00990038943783 0.0278589938712 0.0149831203806 0.0019761266142 0.0101055264463 0.00895789633107 0.00523617475447 0.0678400764279 0.438384892183 0.0138679912261 0.0102948430061 0.0304770483695 -0.00817371736831 0.00597006224297 0.0166496912042 0.0212943995971 0.0144377267839 -0.0165824204326 0.0258603673785 
0.0203590717265 0.042259306885 0.0194890145062 0.0103839070936 0.00264213777377 0.00889210617194 0.0181352518547 0.0246772440215 0.0116657511156 0.0262570792514 0.0212016394261 0.00707613720619 0.0390295487896 0.0140880290163 0.00327829071465 0.00868313182124 0.0231046055782 0.0227407937773 -0.00291220355649 0.0138679912261 0.244683184668 0.0312827945015 0.0342434924031 -0.000684748668801 0.0129983034932 0.0182333285692 0.000708965639234 0.00793530434437 0.0355926360693 0.0395994739259 
0.0175523975868 0.0289428796718 0.014952493481 0.028621959729 0.0098458432633 0.0391942660735 0.00965212137358 0.0233677059466 0.025218347651 0.0378968887523 0.0198566326009 0.0385724457944 -0.0188778257511 0.076984400974 -0.00798673662737 0.0223743769765 0.058831749752 0.00678350934421 0.0444349406262 0.0102948430061 0.0312827945015 0.257629615567 0.0188204954315 0.00633263544064 0.0260352822513 0.0266555521764 0.0302631538663 0.00482453096897 0.0549708229051 0.0285585643201 
-0.00240302409668 0.0288791394679 0.0109921611572 0.0245297493751 0.0193347034189 0.0151789946849 0.0239175795247 0.0574148809954 0.0338186613748 0.010503600896 0.0340517601526 0.0266157801424 0.0250006534515 0.0148347405797 0.00124109711127 0.00919638248994 0.0328515165029 0.0154392251498 0.00653163582967 0.0304770483695 0.0342434924031 0.0188204954315 0.191977333571 -0.00587307347347 0.00638977783545 0.00927690904919 0.0158663549826 0.00247997396153 0.0337256928995 0.0269147831665 
-0.00591497839551 0.00114828478852 -0.00320479087965 0.00264057896848 0.0202867018783 0.0202556039159 0.0248254313689 0.00339379110393 0.00414566626575 0.015444276533 0.0120105770629 0.0115574710542 0.0239659152528 0.0475614535063 -0.0208194370766 0.00129117304195 0.0271416951374 0.0164713588609 0.0178661891625 -0.00817371736831 -0.000684748668801 0.00633263544064 -0.00587307347347 0.243806690755 0.000606351139421 0.00841793403352 0.00788975185724 0.0012942813112 -0.0195305564757 0.0170556643421 
0.00115164439509 0.0193131409624 0.0179392946937 0.0294338838363 0.00429137335401 0.0164397063872 0.0252428440555 0.0306606798169 -0.0045806523491 0.00898156320551 0.0327385682063 0.0220139322546 0.0331406705273 0.0310208235265 0.00310811289402 0.0217081230853 0.00862921113499 0.0291965085831 0.00540742869062 0.00597006224297 0.0129983034932 0.0260352822513 0.00638977783545 0.000606351139421 0.176438956644 0.0329058577767 0.00964455180251 0.00775884196834 0.0113512812206 0.0183639817799 
-0.021089555441 0.023945706985 0.0161432970554 0.00868749256195 0.00146109387443 0.00506204142575 0.0262086847111 0.00547485742011 0.0170304613357 0.0123850045492 0.0255283158748 0.0258209505734 0.0377865662287 0.0331637937522 0.0292860597346 0.00545600797939 0.0318022539602 0.0128128175649 0.00674934548221 0.0166496912042 0.0182333285692 0.0266555521764 0.00927690904919 0.00841793403352 0.0329058577767 0.193598589764 0.00943402825497 0.0244137357333 0.0210912618982 0.0193563850962 
0.0157793487368 0.0150020784719 0.00307639982863 0.00423428596744 -0.00480269699504 0.0219510636774 0.0204907819284 0.0346962689739 0.0146243862665 0.00368506379997 0.00955987821112 0.020490265393 0.0342508580822 0.0268158092768 0.0209358272859 0.00647851883312 -0.000710711859838 0.0241301789253 0.0230780988486 0.0212943995971 0.000708965639234 0.0302631538663 0.0158663549826 0.00788975185724 0.00964455180251 0.00943402825497 0.165462897302 0.00409442475573 -0.00317623588218 0.0139804888571 
-0.00497726639823 0.00928424953202 0.0264129308438 0.00492726766086 0.00170082454128 0.0157107944805 9.49424740628e-05 0.0153203392697 0.00125701135387 0.00174725465083 0.0110038127393 0.000559403392821 0.0124168117521 0.00826773556069 0.00247860707629 -0.000757261991917 0.0165392570057 0.00332593596107 -0.00229289070685 0.0144377267839 0.00793530434437 0.00482453096897 0.00247997396153 0.0012942813112 0.00775884196834 0.0244137357333 0.00409442475573 0.135974357452 -0.00158404640576 0.00230074067071 
-0.00556414014834 0.0023422069822 0.0138487994467 -0.00565841620818 -0.0400847764199 -0.00167141145616 0.0128968501641 -0.00600212489141 0.00488316366398 0.026474371024 0.0214745159192 0.00989573663128 -0.0288794396849 0.0175105982445 0.0126745865909 0.0191695091006 0.0199735142559 -0.0231056639297 -0.0170242908609 -0.0165824204326 0.0355926360693 0.0549708229051 0.0337256928995 -0.0195305564757 0.0113512812206 0.0210912618982 -0.00317623588218 -0.00158404640576 0.712674490414 0.0272190781165 
-0.0055762657038 0.0195197915351 0.00377077018682 0.0104786338028 0.010009266831 0.0161959028707 0.0224323199963 0.00521462232197 0.0258693411717 0.0310302858613 0.00522421600415 0.00941990449344 0.0549490299875 0.0140530402368 0.0827892184249 0.00553961236145 0.0162417939604 0.0118241596368 -0.00266505357653 0.0258603673785 0.0395994739259 0.0285585643201 0.0269147831665 0.0170556643421 0.0183639817799 0.0193563850962 0.0139804888571 0.00230074067071 0.0272190781165 0.354634813463 
0.087419110081 0.000735025592496 0.00188172111745 -0.000153874723144 0.0108480354873 0.00730225668727 -0.00219520781206 0.00356732124958 0.00429714173296 0.00339506778761 0.000515843483577 0.00319961857222 0.00331505633085 -0.00123707391514 -0.000442423160965 0.00120353076129 0.00110454071553 0.000690870922489 0.00284358288336 0.0027077689208 0.00176314733127 0.00152008222075 -0.000208107991363 -0.000512252155335 9.97353302276e-05 -0.00182640907664 0.00136653168613 -0.000431043914227 -0.000481868671868 -0.000482918775775 
0.000735025592496 0.0337675116587 0.00122512453837 0.00210253281804 0.00125019151449 0.00110504246442 0.00358288958495 0.0038729286556 0.00389501261756 0.000802007298741 0.00320914385651 0.00139530780606 0.00453142327682 0.00275882984364 0.000716694571734 -0.000730249005186 0.00127575825919 0.00211334350138 0.000769497567691 0.00210228393611 0.00365976333088 0.00250652690545 0.00250100684187 9.9444379764e-05 0.00167256707003 0.00207375905606 0.00129921810662 0.00080403959498 0.000202841074751 0.00169046353459 
0.00188172111745 0.00122512453837 0.00938508452199 0.00103678955111 0.00243691336073 0.00242902886978 0.0016373518815 0.000873320052846 0.000199837371088 -7.44354561176e-05 0.00213043491273 0.000861994717192 0.00238553146101 0.00182443978968 0.00172867073491 0.00091598534146 0.000860625093646 0.00104711962068 -0.000342309034826 0.000795937495912 0.00168779816571 0.00129492392045 0.000951949080465 -0.000277543031559 0.00155358849307 0.00139805053508 0.000266424040379 0.00228742690992 0.00119934121328 0.000326558277362 
-0.000153874723144 0.00210253281804 0.00103678955111 0.0189978298415 0.000659696260545 0.00111181101819 -0.000432655301307 0.00140197795863 0.00118400291104 0.000495393092765 0.000422616263059 0.00090486181644 0.00178227075335 0.00115576469277 -0.00187219201119 0.00410225453097 0.000975940619377 0.00167248448868 0.00166308165597 0.00128287127638 0.000899272733362 0.00247873442314 0.00212433861073 0.000228680846741 0.00254904911343 0.000752358925384 0.000366699921469 0.000426713896555 -0.000490033218147 0.000907476307017 
0.0108480354873 0.00125019151449 0.00243691336073 0.000659696260545 0.0414185317904 0.00468982497889 0.000525301573298 0.0010882407775 0.00219741194286 -0.000340865321279 0.000646809885771 -6.44680787127e-05 0.00116011915091 0.000247600156527 0.00538124721169 0.00146438027252 -0.000239398028372 0.000625604262434 0.00303645687433 0.00320868903228 0.000228815843239 0.00085267503877 0.00167443443354 0.00175687991856 0.000371643834169 0.000126534441257 -0.000415925760439 0.000147295726013 -0.00347144346847 0.00086682793489 
0.00730225668727 0.00110504246442 0.00242902886978 0.00111181101819 0.00468982497889 0.0487493926098 0.00198493037232 0.000668400946258 0.00289946681183 0.00150695104058 0.00363745420915 0.00099118249184 0.00177595553247 0.00159855858902 0.00233601926732 0.00840472621473 0.0030578547754 0.00304621302162 0.00499652352034 0.000329603384645 0.000770078983805 0.00339432301024 0.0013145395001 0.00175418675602 0.00142372033621 0.000438385646971 0.00190101787847 0.00136059471337 -0.000144748478121 0.00140260633232 
-0.00219520781206 0.00358288958495 0.0016373518815 -0.000432655301307 0.000525301573298 0.00198493037232 0.0242883342042 0.00271084159244 0.00349740275469 0.00448883066499 0.00247536834476 0.000514133607355 0.00489647227391 0.00179008718016 -0.00249167111044 -0.000367653625934 0.00291814299546 0.00329983515363 0.00118589363739 0.00174029188033 0.00157055888102 0.000835898230993 0.00207132314654 0.00214994542254 0.00218609442158 0.00226973867596 0.00177455376934 8.22225944366e-06 0.00111689998709 0.00194269589826 
0.00356732124958 0.0038729286556 0.000873320052846 0.00140197795863 0.0010882407775 0.000668400946258 0.00271084159244 0.0408156045519 0.00102822181022 0.000755119473947 0.00130354271341 0.000286569034133 0.00252782088124 0.00254114826524 0.00109757842868 0.00171580177144 0.0017460906669 0.00118266647135 -1.51368293968e-05 0.0063887230697 0.0021371120218 0.0020237026978 0.00497227454973 0.000293910931114 0.00265529276187 0.000474136560791 0.0030047850348 0.00132678030022 -0.000519799263265 0.000451599540197 
0.00429714173296 0.00389501261756 0.000199837371088 0.00118400291104 0.00219741194286 0.00289946681183 0.00349740275469 0.00102822181022 0.0267344356594 0.00417642506105 0.000495520850255 0.00190272821802 -0.00194955534549 0.00185437955574 -0.00168346258123 0.00183788925969 0.00283782018339 0.00281288850156 0.00276561559172 0.00247580924329 0.00101028368204 0.00218397297072 0.00292878198726 0.000359025230175 -0.000396696130022 0.00147488121549 0.00126650900215 0.00010886037653 0.000422894378384 0.00224035066339 
0.00339506778761 0.000802007298741 -7.44354561176e-05 0.000495393092765 -0.000340865321279 0.00150695104058 0.00448883066499 0.000755119473947 0.00417642506105 0.0398909526315 0.00111139072371 0.000292130869361 -8.54350537382e-05 0.000362025605814 -9.31306296724e-05 0.00244320079961 0.00234317092981 0.00198516083327 0.00150378428186 -0.000594756963785 0.00227392976609 0.00328196683839 0.000909638520718 0.00133751358206 0.000777826190167 0.00107257285656 0.000319135886534 0.00015131669145 0.0022927477856 0.00268730158426 
0.000515843483577 0.00320914385651 0.00213043491273 0.000422616263059 0.000646809885771 0.00363745420915 0.00247536834476 0.00130354271341 0.000495520850255 0.00111139072371 0.0148244948321 0.00252701213153 0.00437958856862 0.00273930207372 0.000876369655896 0.000483238523804 0.00245951478175 0.00257216413522 -0.000486759372887 5.21658012434e-05 0.00183611583449 0.0017196348266 0.00294896893358 0.00104014648505 0.00283524317501 0.00221081700634 0.000827909738791 0.000952958137072 0.001859747632 0.000452430377445 
0.00319961857222 0.00139530780606 0.000861994717192 0.00090486181644 -6.44680787127e-05 0.00099118249184 0.000514133607355 0.000286569034133 0.00190272821802 0.000292130869361 0.00252701213153 0.0147765872368 0.00495917850926 0.00161596847938 -0.000862269767187 -7.47328448428e-05 0.002287125564 1.46463534846e-06 0.00214675389748 0.000857398876052 0.000612811458122 0.0033404717944 0.00230499417449 0.00100090635364 0.00190646245696 0.00223615991464 0.00177450903606 4.84457549146e-05 0.000856995931185 0.000815787659254 
0.00331505633085 0.00453142327682 0.00238553146101 0.00178227075335 0.00116011915091 0.00177595553247 0.00489647227391 0.00252782088124 -0.00194955534549 -8.54350537382e-05 0.00437958856862 0.00495917850926 0.0775450677579 0.00244433881009 0.00362036579575 0.00663283180289 0.00242271734477 0.00140034996288 0.0033317680321 0.00241265964164 0.00338005807501 -0.00163486766687 0.00216512010002 0.00207550914339 0.00287006625751 0.00327241262758 0.00296621132006 0.00107532744113 -0.00250103284142 0.00475872558825 
-0.00123707391514 0.00275882984364 0.00182443978968 0.00115576469277 0.000247600156527 0.00159855858902 0.00179008718016 0.00254114826524 0.00185437955574 0.000362025605814 0.00273930207372 0.00161596847938 0.00244433881009 0.0259403397827 0.000381127877529 -0.000225537903255 0.00142860111018 0.00312630348417 0.00316925879578 0.00129757628776 0.00122005910174 0.00666704469386 0.00128472622006 0.00411894269773 0.00268648212202 0.00287206878753 0.00232231720567 0.000716006902733 0.00151646229152 0.00121702898455 
-0.000442423160965 0.000716694571734 0.00172867073491 -0.00187219201119 0.00538124721169 0.00233601926732 -0.00249167111044 0.00109757842868 -0.00168346258123 -9.31306296723e-05 0.000876369655896 -0.000862269767187 0.00362036579575 0.000381127877529 0.0411819422289 0.00197298856806 0.00157956478144 -0.000154224860025 0.000762024912237 0.0001711375849 0.000283908303988 -0.000691671681264 0.000107482162692 -0.00180301614008 0.000269170472405 0.00253624717069 0.00181309582788 0.000214653669407 0.00109765139702 0.00716975663154 
0.00120353076129 -0.000730249005186 0.00091598534146 0.00410225453097 0.00146438027252 0.00840472621473 -0.000367653625934 0.00171580177144 0.00183788925969 0.00244320079961 0.000483238523804 -7.47328448428e-05 0.00663283180289 -0.000225537903255 0.00197298856806 0.0407985464256 0.00340856892492 0.00211835486385 0.0151928386252 0.000875164262114 0.00075198127416 0.00193767788555 0.000796430085921 0.000111818865501 0.00187997860603 0.00047250415134 0.000561056188838 -6.55808122321e-05 0.00166012818592 0.000479744503213 
0.00110454071553 0.00127575825919 0.000860625093646 0.000975940619377 -0.000239398028372 0.0030578547754 0.00291814299546 0.0017460906669 0.00283782018339 0.00234317092981 0.00245951478175 0.002287125564 0.00242271734477 0.00142860111018 0.00157956478144 0.00340856892492 0.0158599943287 0.0019840986723 0.00237818936265 0.000775776578717 0.00200091753751 0.00509497898343 0.00284502478444 0.00235053974908 0.000747311605752 0.00275415598271 -6.1549452539e-05 0.00143234167267 0.00172975707485 0.00140658061727 
0.000690870922489 0.00211334350138 0.00104711962068 0.00167248448868 0.000625604262434 0.00304621302162 0.00329983515363 0.00118266647135 0.00281288850156 0.00198516083327 0.00257216413522 1.46463534845e-06 0.00140034996288 0.00312630348417 -0.000154224860025 0.00211835486385 0.0019840986723 0.0237913590874 0.00159271467516 0.000453466035602 0.00196941051134 0.00058746914189 0.00133707611945 0.00142646152083 0.00252849181348 0.00110962255053 0.00208973479472 0.000288034503365 -0.00200100919344 0.00102400226239 
0.00284358288336 0.000769497567691 -0.000342309034826 0.00166308165597 0.00303645687433 0.00499652352034 0.00118589363739 -1.51368293968e-05 0.00276561559172 0.00150378428186 -0.000486759372887 0.00214675389748 0.0033317680321 0.00316925879578 0.000762024912237 0.0151928386252 0.00237818936265 0.00159271467516 0.0362391251203 0.00587512295812 -0.000252204226091 0.00384817873979 0.000565656255676 0.00154725736835 0.000468297061523 0.000584510464651 0.00199862198739 -0.000198570160023 -0.00147434683669 -0.000230800409972 
0.0027077689208 0.00210228393611 0.000795937495912 0.00128287127638 0.00320868903228 0.000329603384645 0.00174029188033 0.0063887230697 0.00247580924329 -0.000594756963786 5.21658012434e-05 0.000857398876052 0.00241265964164 0.00129757628776 0.0001711375849 0.000875164262114 0.000775776578717 0.000453466035602 0.00587512295812 0.0379652453266 0.00120100327013 0.000891559557126 0.00263938981203 -0.000707864688431 0.000517022556459 0.0014419055548 0.00184414910094 0.00125034381677 -0.00143607973508 0.00223957351009 
0.00176314733127 0.00365976333088 0.00168779816571 0.000899272733362 0.000228815843239 0.000770078983805 0.00157055888102 0.0021371120218 0.00101028368204 0.00227392976609 0.00183611583449 0.000612811458122 0.00338005807501 0.00122005910174 0.000283908303988 0.00075198127416 0.00200091753751 0.00196941051134 -0.000252204226091 0.00120100327013 0.0211901853802 0.00270916947397 0.00296557343354 -5.9300974239e-05 0.00112568610312 0.00157905257364 6.13982253987e-05 0.000687217514899 0.00308241270236 0.00342941503963 
0.00152008222075 0.00250652690545 0.00129492392045 0.00247873442314 0.00085267503877 0.00339432301024 0.000835898230993 0.0020237026978 0.00218397297072 0.00328196683839 0.0017196348266 0.0033404717944 -0.00163486766687 0.00666704469386 -0.000691671681264 0.00193767788555 0.00509497898343 0.00058746914189 0.00384817873979 0.000891559557126 0.00270916947397 0.0223113791848 0.00162990271555 0.00054842231645 0.00225472158243 0.00230843853367 0.00262086600469 0.000417816638047 0.00476061291027 0.00247324421968 
-0.000208107991363 0.00250100684187 0.000951949080465 0.00212433861073 0.00167443443354 0.0013145395001 0.00207132314654 0.00497227454973 0.00292878198726 0.000909638520718 0.00294896893358 0.00230499417449 0.00216512010002 0.00128472622006 0.000107482162692 0.000796430085921 0.00284502478444 0.00133707611945 0.000565656255676 0.00263938981203 0.00296557343354 0.00162990271555 0.0166257247823 -0.000508623082632 0.000553370993003 0.00080340389052 0.00137406664804 0.000214772045141 0.00292073068112 0.00233088859595 
-0.000512252155335 9.9444379764e-05 -0.000277543031559 0.000228680846741 0.00175687991856 0.00175418675602 0.00214994542254 0.000293910931114 0.000359025230175 0.00133751358206 0.00104014648505 0.00100090635364 0.00207550914339 0.00411894269773 -0.00180301614008 0.000111818865501 0.00235053974908 0.00142646152083 0.00154725736835 -0.000707864688431 -5.93009742389e-05 0.00054842231645 -0.000508623082632 0.0211142787807 5.25115490352e-05 0.000729014472041 0.000683272553793 0.000112088049515 -0.0016913958058 0.00147706385987 
9.97353302276e-05 0.00167256707003 0.00155358849307 0.00254904911343 0.000371643834169 0.00142372033621 0.00218609442158 0.00265529276187 -0.000396696130022 0.000777826190167 0.00283524317501 0.00190646245696 0.00287006625751 0.00268648212202 0.000269170472405 0.00187997860603 0.000747311605752 0.00252849181348 0.000468297061523 0.000517022556459 0.00112568610312 0.00225472158243 0.000553370993003 5.25115490352e-05 0.0152800618671 0.00284973087679 0.000835242686909 0.000671935424853 0.000983049790252 0.00159036747361 
-0.00182640907664 0.00207375905606 0.00139805053508 0.000752358925384 0.000126534441257 0.000438385646971 0.00226973867596 0.000474136560791 0.00147488121549 0.00107257285656 0.00221081700634 0.00223615991464 0.00327241262758 0.00287206878753 0.00253624717069 0.00047250415134 0.00275415598271 0.00110962255053 0.000584510464651 0.0014419055548 0.00157905257364 0.00230843853367 0.00080340389052 0.000729014472041 0.00284973087679 0.0167661296872 0.000817010812883 0.00211429153463 0.00182655686017 0.00167631212188 
0.00136653168613 0.00129921810662 0.000266424040379 0.000366699921469 -0.000415925760439 0.00190101787847 0.00177455376934 0.0030047850348 0.00126650900215 0.000319135886534 0.000827909738791 0.00177450903606 0.00296621132006 0.00232231720567 0.00181309582788 0.000561056188838 -6.1549452539e-05 0.00208973479472 0.00199862198739 0.00184414910094 6.13982253987e-05 0.00262086600469 0.00137406664804 0.000683272553793 0.000835242686909 0.000817010812883 0.0143295072447 0.000354587585235 -0.000275070096238 0.00121074585075 
-0.000431043914227 0.00080403959498 0.00228742690992 0.000426713896555 0.000147295726013 0.00136059471337 8.22225944366e-06 0.00132678030022 0.00010886037653 0.00015131669145 0.000952958137072 4.84457549146e-05 0.00107532744113 0.000716006902733 0.000214653669407 -6.55808122321e-05 0.00143234167267 0.000288034503365 -0.000198570160023 0.00125034381677 0.000687217514899 0.000417816638047 0.000214772045141 0.000112088049515 0.000671935424853 0.00211429153463 0.000354587585235 0.0117757247816 -0.000137182442816 0.000199249986836 
-0.000481868671868 0.000202841074751 0.00119934121328 -0.000490033218147 -0.00347144346847 -0.000144748478121 0.00111689998709 -0.000519799263265 0.000422894378384 0.0022927477856 0.001859747632 0.000856995931185 -0.00250103284142 0.00151646229152 0.00109765139702 0.00166012818592 0.00172975707485 -0.00200100919344 -0.00147434683669 -0.00143607973508 0.00308241270236 0.00476061291027 0.00292073068112 -0.0016913958058 0.000983049790252 0.00182655686017 -0.000275070096238 -0.000137182442816 0.0617194213328 0.00235724131165 
-0.000482918775775 0.00169046353459 0.000326558277362 0.000907476307017 0.00086682793489 0.00140260633232 0.00194269589826 0.000451599540197 0.00224035066339 0.00268730158426 0.000452430377445 0.000815787659254 0.00475872558825 0.00121702898455 0.00716975663154 0.000479744503213 0.00140658061727 0.00102400226239 -0.000230800409972 0.00223957351009 0.00342941503963 0.00247324421968 0.00233088859595 0.00147706385987 0.00159036747361 0.00167631212188 0.00121074585075 0.000199249986836 0.00235724131165 0.0307122757525 

['CIEN', 'FDO', 'KO', 'CIT', 'LU', 'PD', 'ASD', 'FD', 'GR', 'Q', 'PPG', 'RTN', 'AVP', 'RF', 'PFE', 'MRO', 'DHR', 'ITT', 'WMB', 'CVS', 'SPLS', 'BEN', 'LIZ', 'HCA', 'KEY', 'MI', 'KMB', 'PEP', 'JNS', 'WEN']