40
0.0887704215167 0.0301217617298 0.00646873977314 0.0433119494187 0.0749299903321 0.115739319126 0.0038222736377 0.0230030392576 0.0506132512338 0.142595623168 0.104921073146 0.151477321577 0.0315088302779 0.234257183995 0.0407864154506 0.00238062118955 0.035272852014 0.204332601919 0.110955558587 0.00851722536111 0.0507347996455 0.037281538924 0.00791209609274 0.070995024039 0.0335790413719 0.0907505897935 0.259768981863 0.0541634245192 0.0578888041786 0.142251168296 0.0839491815724 0.0904248988876 -0.0142899737039 0.0939670182087 0.112605751981 0.0464034886179 0.161692830297 0.0665048210348 0.0336878097659 0.126841392599 
0.318025156129 -0.00740239496038 0.0348250785903 0.028954829189 0.0350694303816 0.0866722774367 0.0128651453525 0.0141844405802 0.0164315370998 0.0126760773445 0.00914875619909 0.0179822767924 0.0253297884244 0.0130882959599 0.0474121782308 0.0184952283939 0.0245890889277 -0.0417937846649 0.0104799910611 0.0205864206769 0.0260181262868 0.0289285827143 0.0178336477137 0.0379246253563 0.0142111729137 0.0102925741074 0.0216281418762 0.00525156274837 0.0215855992411 0.0202580714473 0.000634202027922 0.0205472871752 0.00676791873536 0.0452983537306 0.00697332539795 -0.0105250450746 0.00100890811464 0.0379304406943 0.0357909915417 0.0451808511115 
-0.00740239496038 0.187940790365 0.0121120399218 0.0240589637542 0.00419564001718 0.00303765785891 0.00514942087095 0.019101124627 0.0226339474641 0.00294022731948 0.0191127104851 -0.00253313902025 0.0116720706584 0.0224317705774 0.0145698858738 0.00278082383077 0.00406762305225 -0.00642099611159 -0.00349634936531 0.0100925262873 0.00550048662267 0.0089080843245 0.00507081389688 -0.000278348104319 0.00540284388169 0.00690627958398 0.00393454188642 0.022500325863 0.00568466501556 0.0246162934539 0.0077297466132 0.0219672080106 0.00816944104402 0.00993461411592 0.00877311422238 0.0137873633985 -0.0148439871028 0.0286223658481 0.00182558946518 -0.00141235041732 
0.0348250785903 0.0121120399218 0.1647737247 0.0353357076442 0.0181531604634 0.0244399461763 0.0127442309422 0.0373853727707 0.0509443866449 0.0310262429928 0.0359046835933 0.00263689379251 0.0266149679755 0.0200931298272 0.00852519158638 0.0186124559784 0.0162873597224 0.00147556506188 0.0233533855755 0.0240042419924 0.00735217698975 -0.00474562878607 0.0139546556061 0.0509520719817 0.00450405849671 0.0206258198935 0.0127692538696 0.0252512460697 0.00903051729814 0.0143981928622 0.0431525401207 0.00634407033007 0.0223453758197 0.0199392317763 0.0123499375492 0.017660675695 0.0360058751182 0.0605544034117 0.0472366859187 0.00312175087315 
0.028954829189 0.0240589637542 0.0353357076442 0.166004489865 0.0154445765936 0.0179982912527 0.00756323537621 0.0319358389625 0.0232401556717 0.0141559738664 0.0203025463031 0.0151173165575 0.0350102828658 0.0123687648524 0.0150453267606 0.0184041169605 0.000728894161584 0.00997060389549 0.0311586348534 0.0123837080453 0.0176120992812 0.0222735279653 0.0120809696892 0.0147857061704 0.0266561110782 0.0129592992436 0.0515487334346 0.0427651632659 0.0049644581218 0.0355111894671 0.0331621812896 -0.0110053773477 -0.00267307797201 0.0252163423791 0.0130275265685 -0.00341609930503 0.0232714861166 0.0358029612563 0.0354279361463 -0.0192344633544 
0.0350694303816 0.00419564001718 0.0181531604634 0.0154445765936 0.428770164925 0.0389776559962 0.013638799929 0.00932710749397 0.0287946509817 0.0307741953197 0.051511008025 0.00633906391927 0.0429796611292 0.0102881760971 0.0257396888331 0.0188442683505 0.00362498807587 -0.0249787337568 -0.00418009821691 0.0223902929191 0.0392831602474 0.0246106269771 0.0161037707974 -0.00518795151975 0.0138955174095 -0.00574396652565 0.0146280785123 0.052127092878 0.011938712873 0.0101667865264 0.0319357968064 0.0216940725354 0.0179835709625 0.00446486254555 0.033949454438 0.0172843034996 0.00167438038307 0.0329324976404 0.0976292184085 0.0112752379391 
0.0866722774367 0.00303765785891 0.0244399461763 0.0179982912527 0.0389776559962 0.331357690832 0.0264280886473 0.0279382545004 0.0189008431746 -0.00243925881208 -0.002623909807 0.0394366714277 0.0238254313185 0.00109427147945 0.0286998709621 0.0242289991787 0.0589488918159 -0.0649612244963 0.0451336013357 0.0298064273281 0.0080530730771 0.0364412719881 0.0235986166906 0.0272506925397 -0.00699535007823 0.018679651849 0.0790941292422 0.015349863959 0.0439033089944 0.0159311105243 0.0307140993941 0.0234701062026 0.0187767616027 0.0615971984235 0.0112616803665 -0.00240058768304 0.0282866334911 0.0116302581715 0.0461127899883 0.0235923788681 
0.0128651453525 0.00514942087095 0.0127442309422 0.00756323537621 0.013638799929 0.0264280886473 0.212300535197 0.0153249858924 0.0107521231137 0.0103578124183 0.0182739730833 0.0134753932324 0.0260944865076 0.0101405278469 0.0062124050323 0.0189919129676 0.0369914361753 -0.00281102359648 0.0189771162579 0.00548823567405 0.02022490979 0.0186494639931 0.00462217416606 0.0270773931991 0.0223536188538 0.0149051567335 0.00956961509529 -0.00191598595202 0.0205098999512 0.00966978209976 0.0229376229944 0.0168641191998 0.0269390873689 0.0265501209793 0.0110397257811 0.0112821611102 0.0518982032853 0.0064696951539 0.00968198538637 -4.75108162565e-05 
0.0141844405802 0.019101124627 0.0373853727707 0.0319358389625 0.00932710749397 0.0279382545004 0.0153249858924 0.11925065118 0.0386016968111 0.0146131282937 0.0287329363438 0.0132832540984 0.0369527167616 0.0238057771117 0.0216777652868 0.0182335635098 0.0147696165666 -0.00470646710798 0.0193405263831 0.0138704747249 0.0150506731811 0.00412202401987 0.012039526155 -0.0103313608664 0.000649287311211 0.0235699092021 0.00126476668446 0.0131125742519 -0.000871133561044 0.013911310205 0.0231854735264 0.00555206190257 0.017429645781 0.0248406668635 0.0113326116195 0.00386718694079 0.0330759119947 0.0334338366938 0.0159312602207 0.000933329493306 
0.0164315370998 0.0226339474641 0.0509443866449 0.0232401556717 0.0287946509817 0.0189008431746 0.0107521231137 0.0386016968111 0.144311473251 0.0249637604016 0.0370798972058 0.00137514841086 0.020335497158 0.0272887025318 0.0153428180123 0.0178791350843 0.00840747678123 -0.00317688646785 0.0223528665105 0.0119641428934 0.0151450492921 -0.00166701535515 -0.00102009006708 0.00582292505168 0.00245575182021 0.0112818918463 0.0029965723747 0.0342388113229 0.0144324156984 0.0127712897744 0.0333340506737 -0.00570895018451 0.00436035049233 0.0266407231658 0.00820224502618 0.0127876133701 0.0325444008272 0.0374204775027 0.0297028395721 0.0184009410328 
0.0126760773445 0.00294022731948 0.0310262429928 0.0141559738664 0.0307741953197 -0.00243925881208 0.0103578124183 0.0146131282937 0.0249637604016 0.458411333173 0.0362940233039 0.0779405988958 0.0265569845309 0.0122353391208 0.0399594376799 0.0213383879459 0.0139690412397 0.00866095253367 0.0195358399205 0.0318062760514 0.0294300913882 0.0622832479916 0.00202677905483 0.0123493696689 0.0242292155024 0.0294897963546 0.0234060790273 0.00591219967122 0.0187814250163 0.0210197781302 0.0219877012892 -0.002887867099 0.0205378340155 0.0123272505463 0.0651967955347 0.0218739309449 0.000791329000358 0.0288648628626 0.0321840900236 0.0120720282348 
0.00914875619909 0.0191127104851 0.0359046835933 0.0203025463031 0.051511008025 -0.002623909807 0.0182739730833 0.0287329363438 0.0370798972058 0.0362940233039 0.254203879846 0.0319929869195 0.0220186971622 0.0705682798397 0.0240323053758 0.0109826129934 0.0238191296365 -0.0249750691089 0.0297648214295 -0.00124079523532 0.0185784363143 0.00770165869418 0.00838720257665 0.0316703135856 0.0153239288268 0.00781167111124 0.0335031632491 0.0170595801483 0.0264462229532 0.00545352574545 0.0264130842867 0.0224415930988 0.0209337427123 0.00992750126712 0.0299989533542 0.0096189197201 0.0196298126566 0.0359740145716 0.0598481596133 0.0174926050267 
0.0179822767924 -0.00253313902025 0.00263689379251 0.0151173165575 0.00633906391927 0.0394366714277 0.0134753932324 0.0132832540984 0.00137514841086 0.0779405988958 0.0319929869195 0.528247410961 0.0238636410708 0.0162121728271 0.0498738878524 0.0300189652455 0.000258246734822 0.00491153061344 0.0219548937304 0.00352306584763 0.0307730812333 -0.0132370505082 -0.0048935853369 0.0314380291038 0.0414610016462 0.0464505184369 0.140995689532 0.0318830387364 0.0514323294206 0.00125391854887 -0.0325011772873 0.0727174385836 0.00377058209959 0.0104725062505 0.0550169784986 0.0056128036649 0.0397276134382 0.00842483674354 0.0104883739045 0.134029825945 
0.0253297884244 0.0116720706584 0.0266149679755 0.0350102828658 0.0429796611292 0.0238254313185 0.0260944865076 0.0369527167616 0.020335497158 0.0265569845309 0.0220186971622 0.0238636410708 0.225573119146 -0.0286231582846 0.0189858849764 0.0105195564249 0.0130825886898 0.00317926543037 0.0104049303309 0.0193755065569 0.050657706104 -0.000523999458054 0.0217091579024 0.0371362464689 0.0113934244594 0.0154651088701 0.0226950622701 -0.0101398759867 0.0154721528865 0.0309363495386 0.0155325671157 0.0184168448476 0.0337458416669 0.0305609059361 0.0411400244453 0.0164025290502 0.00344619550667 0.0173352396745 0.0424637928323 -0.00429429220838 
0.0130882959599 0.0224317705774 0.0200931298272 0.0123687648524 0.0102881760971 0.00109427147945 0.0101405278469 0.0238057771117 0.0272887025318 0.0122353391208 0.0705682798397 0.0162121728271 -0.0286231582846 1.25480177318 0.005895340868 0.0124077499555 0.0175867516975 -0.0560766875181 0.0609195707958 -0.0047191208804 0.0177321217595 -0.00345326861296 0.00668125379841 -0.00109059723715 0.0065502096744 -0.00775458115647 0.00727695388016 -0.00916303288251 0.0295815801337 -0.00951515989961 0.0850553274501 0.0019549555778 -0.0131158557564 -0.00551104244746 0.0549106351155 -0.00154905095451 0.0274072081467 -0.021011794053 0.0249732345372 0.0202425577697 
0.0474121782308 0.0145698858738 0.00852519158638 0.0150453267606 0.0257396888331 0.0286998709621 0.0062124050323 0.0216777652868 0.0153428180123 0.0399594376799 0.0240323053758 0.0498738878524 0.0189858849764 0.005895340868 0.210943666707 0.0109548096182 0.0212073296031 0.015847842513 0.0543647836597 0.0348850829852 0.025304174927 0.0296176621983 0.0271586265073 0.00751467169725 0.00826335483827 0.049522970184 0.0289884094659 -0.00169973498901 0.00748675708133 -0.000731106006947 0.0119656306204 0.00623851749898 0.0128561600842 0.0303825747729 0.0176652268696 0.00069461525615 0.0149249479389 0.0271570142847 0.00733401549002 0.00819246782982 
0.0184952283939 0.00278082383077 0.0186124559784 0.0184041169605 0.0188442683505 0.0242289991787 0.0189919129676 0.0182335635098 0.0178791350843 0.0213383879459 0.0109826129934 0.0300189652455 0.0105195564249 0.0124077499555 0.0109548096182 0.12704272196 0.00317375699303 -0.0106082808792 0.00921940838381 0.0171897344963 0.0117370179061 0.0176777566952 0.0170999407611 0.00803160655816 0.011675502133 0.00782487606397 0.0129131604314 0.000182572091982 0.0337514910504 0.0242634657367 0.00425662367887 0.0238051547076 0.0142670943676 0.0341062797595 0.021812166972 0.00748187222204 0.027865810587 0.0123082929889 -0.00122780638303 0.0268583359041 
0.0245890889277 0.00406762305225 0.0162873597224 0.000728894161584 0.00362498807587 0.0589488918159 0.0369914361753 0.0147696165666 0.00840747678123 0.0139690412397 0.0238191296365 0.000258246734822 0.0130825886898 0.0175867516975 0.0212073296031 0.00317375699303 0.265466862863 -0.00828959738888 0.041551355293 0.0200443439911 0.0173166153464 0.0108951251972 0.0312239785538 0.0239801593439 0.00619091236898 0.0236904275594 0.0331353214708 -0.00520302327698 -0.000477318011629 0.00997351334356 0.00198423519975 0.00681044606072 0.0155336018592 0.00622162743713 0.0170716677421 0.00677825091648 0.000302351744258 0.00514405697538 0.0230790576114 -0.0187400375824 
-0.0417937846649 -0.00642099611159 0.00147556506188 0.00997060389549 -0.0249787337568 -0.0649612244963 -0.00281102359648 -0.00470646710798 -0.00317688646785 0.00866095253367 -0.0249750691089 0.00491153061344 0.00317926543037 -0.0560766875181 0.015847842513 -0.0106082808792 -0.00828959738888 1.4232515906 -0.00763863130733 0.0254949853893 -0.00479965584133 0.0328683186932 -0.0103174094364 -0.01566622222 -0.00526354661477 -0.00936358479059 0.0733036827287 0.0183251248892 0.0470353346127 0.0173337885598 -0.0165618124756 0.0238152169666 0.00336715207835 -0.0108141069326 0.072893786917 -0.00978084269847 -0.00165223341503 -0.0145945962544 -0.00408681489376 -0.0154574477503 
0.0104799910611 -0.00349634936531 0.0233533855755 0.0311586348534 -0.00418009821691 0.0451336013357 0.0189771162579 0.0193405263831 0.0223528665105 0.0195358399205 0.0297648214295 0.0219548937304 0.0104049303309 0.0609195707958 0.0543647836597 0.00921940838381 0.041551355293 -0.00763863130733 0.48171513391 0.0134999447507 0.0328793696861 0.0441321323978 0.0258833499336 0.0165421382837 -2.91155968188e-05 0.0549075016404 -0.00933911846954 -0.00470018987415 -0.00196440758212 0.00133623940873 0.00420501822943 -0.0153363878939 0.0105091914787 0.0658073938337 -0.0189572788261 -0.00459150106613 0.00753878724862 0.0193454658343 0.0341854935217 0.0167646925811 
0.0205864206769 0.0100925262873 0.0240042419924 0.0123837080453 0.0223902929191 0.0298064273281 0.00548823567405 0.0138704747249 0.0119641428934 0.0318062760514 -0.00124079523532 0.00352306584763 0.0193755065569 -0.0047191208804 0.0348850829852 0.0171897344963 0.0200443439911 0.0254949853893 0.0134999447507 0.141623760118 0.0217042650344 0.0278438326967 0.0110799804164 0.0213958085751 0.00535627487278 0.0107593209826 0.00785760557391 0.0108380532628 0.00694272847053 0.00882422065793 0.0185147367397 0.0118138662141 0.0163269291875 0.0332156750172 0.0161126568193 0.0211705029056 0.0219497839381 0.0333792374992 0.0187004808997 0.00871158440397 
0.0260181262868 0.00550048662268 0.00735217698975 0.0176120992812 0.0392831602474 0.0080530730771 0.02022490979 0.0150506731811 0.0151450492921 0.0294300913882 0.0185784363143 0.0307730812333 0.050657706104 0.0177321217595 0.025304174927 0.0117370179061 0.0173166153464 -0.00479965584133 0.0328793696861 0.0217042650344 0.263417339505 0.020566115201 0.0148571164804 0.0225289073706 0.00266392592403 0.0250647656805 0.0363205835592 0.00578077953762 0.0174848473314 0.0166456023933 0.00174678690642 0.0139714340096 0.0116366216041 0.0385309803409 0.045933264728 0.0271971450257 0.0273191046145 0.0270858233781 0.0341793722685 0.0497317315606 
0.0289285827143 0.0089080843245 -0.00474562878607 0.0222735279653 0.0246106269771 0.0364412719881 0.0186494639931 0.00412202401987 -0.00166701535515 0.0622832479916 0.00770165869418 -0.0132370505082 -0.000523999458054 -0.00345326861296 0.0296176621983 0.0176777566952 0.0108951251972 0.0328683186932 0.0441321323978 0.0278438326967 0.020566115201 0.376771329296 0.000438019908816 0.0362085598264 0.0240346343933 0.000438108895592 -0.00606154997477 0.0157621295436 -0.0127008031616 0.0212441938319 0.0318771453291 0.0140623987308 0.0163508152839 0.0401483115808 0.057106552907 0.0152873750824 -0.0116051757905 0.0137585036653 0.0412240451542 -0.0149649649441 
0.0178336477137 0.00507081389688 0.0139546556061 0.0120809696892 0.0161037707974 0.0235986166906 0.00462217416606 0.012039526155 -0.00102009006708 0.00202677905483 0.00838720257665 -0.0048935853369 0.0217091579024 0.00668125379841 0.0271586265073 0.0170999407611 0.0312239785538 -0.0103174094364 0.0258833499336 0.0110799804164 0.0148571164804 0.000438019908816 0.174508769646 0.00526777694825 0.00866421699293 0.0124777312009 0.0154400447696 0.0074703357997 0.0389912419653 0.0139210597185 0.0133654814305 0.00992471124392 0.00986719827185 0.00679093423264 0.0172301290629 0.0105021241554 -0.0159017300647 0.00290635964738 0.0102429917769 0.00229450874017 
0.0379246253563 -0.00027834810432 0.0509520719817 0.0147857061704 -0.00518795151975 0.0272506925397 0.0270773931991 -0.0103313608664 0.00582292505168 0.0123493696689 0.0316703135856 0.0314380291038 0.0371362464689 -0.00109059723715 0.00751467169725 0.00803160655815 0.0239801593439 -0.01566622222 0.0165421382837 0.0213958085751 0.0225289073706 0.0362085598264 0.00526777694825 0.364820933062 0.0346937839767 0.022684232565 0.0353095204863 -0.00639852717535 0.0301321790049 0.0387128410432 0.00263684017961 0.0562759345958 0.0306569399757 0.047460096931 0.0218282607319 0.00404193751427 0.0645918541667 0.0117153996483 0.0201735726425 0.0216115385498 
0.0142111729137 0.00540284388169 0.00450405849671 0.0266561110782 0.0138955174095 -0.00699535007823 0.0223536188538 0.000649287311211 0.00245575182021 0.0242292155024 0.0153239288268 0.0414610016462 0.0113934244594 0.0065502096744 0.00826335483827 0.011675502133 0.00619091236898 -0.00526354661477 -2.91155968185e-05 0.00535627487278 0.00266392592403 0.0240346343933 0.00866421699293 0.0346937839767 0.242510615024 0.0167726073052 0.0215053451396 0.00864525165019 -0.012002235758 0.0383953025009 -0.00486154847853 -0.000785841477447 0.0141344159093 0.0103693601102 -0.00369832054365 0.0179912332633 0.0199421230908 0.00101392870748 0.0272247495218 -0.00503896883433 
0.0102925741074 0.00690627958398 0.0206258198935 0.0129592992436 -0.00574396652565 0.018679651849 0.0149051567335 0.0235699092021 0.0112818918463 0.0294897963546 0.00781167111124 0.0464505184369 0.0154651088701 -0.00775458115648 0.049522970184 0.00782487606397 0.0236904275594 -0.00936358479059 0.0549075016404 0.0107593209826 0.0250647656805 0.000438108895593 0.0124777312009 0.022684232565 0.0167726073052 0.327186397866 0.0196793342467 0.0212865349414 -0.0212317553273 0.0290634775157 0.0277948268903 -0.027142318098 0.0187446203938 0.0235061590682 0.00732016444279 -0.0122097555988 0.036475837545 0.0500679903299 0.0251872582574 0.0410116974728 
0.0216281418762 0.00393454188642 0.0127692538696 0.0515487334346 0.0146280785123 0.0790941292422 0.00956961509529 0.00126476668446 0.0029965723747 0.0234060790273 0.0335031632491 0.140995689532 0.0226950622701 0.00727695388016 0.0289884094659 0.0129131604314 0.0331353214708 0.0733036827287 -0.00933911846954 0.00785760557391 0.0363205835592 -0.00606154997477 0.0154400447696 0.0353095204863 0.0215053451396 0.0196793342467 0.588241667591 0.0429563908899 0.0556064477289 0.0228408628607 0.0739560563478 0.049921083536 0.0122383206832 0.00489218326416 0.0211088238986 -0.00336585460369 0.0118870351769 0.0059034115842 0.0114978517083 0.0638116264837 
0.00525156274837 0.022500325863 0.0252512460697 0.0427651632659 0.052127092878 0.015349863959 -0.00191598595202 0.0131125742519 0.0342388113229 0.00591219967122 0.0170595801483 0.0318830387364 -0.0101398759867 -0.00916303288251 -0.00169973498901 0.000182572091983 -0.00520302327698 0.0183251248892 -0.00470018987415 0.0108380532628 0.00578077953762 0.0157621295436 0.0074703357997 -0.00639852717535 0.00864525165019 0.0212865349414 0.0429563908899 0.297751490588 -0.0083386441651 0.0518377803319 0.0249725239277 -0.0159772845487 -0.00457555971449 0.018293329076 -0.0200535185236 0.0287892662274 0.00300656911149 0.0487092420555 0.016934068277 -0.0185062016105 
0.0215855992411 0.00568466501556 0.00903051729814 0.0049644581218 0.011938712873 0.0439033089944 0.0205098999512 -0.000871133561045 0.0144324156984 0.0187814250163 0.0264462229532 0.0514323294206 0.0154721528865 0.0295815801337 0.00748675708133 0.0337514910504 -0.000477318011629 0.0470353346127 -0.00196440758212 0.00694272847053 0.0174848473314 -0.0127008031616 0.0389912419653 0.0301321790049 -0.0120022357579 -0.0212317553273 0.0556064477289 -0.0083386441651 0.395161714738 -0.032693907278 0.0130967040173 0.131818936318 0.00502748554694 0.0169281411693 0.163640352828 -0.0113210845615 0.0465835292336 -0.00851773832711 0.0270260052048 0.00813052422442 
0.0202580714473 0.0246162934539 0.0143981928622 0.0355111894671 0.0101667865264 0.0159311105243 0.00966978209976 0.013911310205 0.0127712897744 0.0210197781302 0.00545352574545 0.00125391854888 0.0309363495386 -0.00951515989961 -0.000731106006947 0.0242634657367 0.00997351334356 0.0173337885598 0.00133623940873 0.00882422065793 0.0166456023933 0.0212441938319 0.0139210597185 0.0387128410432 0.0383953025009 0.0290634775157 0.0228408628607 0.0518377803319 -0.032693907278 0.742738077324 -0.0104411681433 -0.0120048361816 0.0251129769954 0.0157919592841 -0.0140405844979 0.015497712025 0.316445531063 0.00242102407536 0.0263502725082 0.00931888409412 
0.000634202027922 0.0077297466132 0.0431525401207 0.0331621812896 0.0319357968064 0.0307140993941 0.0229376229944 0.0231854735264 0.0333340506737 0.0219877012892 0.0264130842867 -0.0325011772873 0.0155325671157 0.0850553274501 0.0119656306204 0.00425662367887 0.00198423519975 -0.0165618124756 0.00420501822943 0.0185147367397 0.00174678690642 0.0318771453291 0.0133654814305 0.00263684017962 -0.00486154847853 0.0277948268903 0.0739560563478 0.0249725239277 0.0130967040173 -0.0104411681433 0.588951736232 -0.0132363128984 0.0199570168851 0.0392269679272 0.0108037202835 0.0242047623123 0.00827186855859 0.0447148019217 0.010567277881 0.0178921707652 
0.0205472871752 0.0219672080106 0.00634407033007 -0.0110053773477 0.0216940725354 0.0234701062026 0.0168641191998 0.00555206190257 -0.00570895018451 -0.002887867099 0.0224415930988 0.0727174385836 0.0184168448476 0.0019549555778 0.00623851749898 0.0238051547076 0.00681044606072 0.0238152169666 -0.0153363878939 0.0118138662141 0.0139714340096 0.0140623987308 0.00992471124392 0.0562759345958 -0.000785841477449 -0.027142318098 0.049921083536 -0.0159772845487 0.131818936318 -0.0120048361816 -0.0132363128984 0.326926714313 -0.00999546169892 0.0421038471314 0.174011388859 -0.0122761338455 0.0133370087288 -0.0162939250502 0.00221061246789 0.00922911124245 
0.00676791873536 0.00816944104403 0.0223453758197 -0.002673077972 0.0179835709625 0.0187767616027 0.0269390873689 0.017429645781 0.00436035049233 0.0205378340155 0.0209337427123 0.0037705820996 0.0337458416669 -0.0131158557564 0.0128561600842 0.0142670943676 0.0155336018592 0.00336715207835 0.0105091914787 0.0163269291875 0.0116366216041 0.0163508152839 0.00986719827185 0.0306569399757 0.0141344159093 0.0187446203938 0.0122383206832 -0.00457555971449 0.00502748554694 0.0251129769954 0.0199570168851 -0.00999546169892 0.187359916886 0.00771458784128 0.0023123023323 0.00864921993779 0.0114661617231 0.0186948937637 0.0205379342412 -0.00746139807818 
0.0452983537306 0.00993461411592 0.0199392317763 0.0252163423791 0.00446486254555 0.0615971984235 0.0265501209793 0.0248406668635 0.0266407231658 0.0123272505463 0.00992750126712 0.0104725062505 0.0305609059361 -0.00551104244746 0.0303825747729 0.0341062797595 0.00622162743713 -0.0108141069326 0.0658073938337 0.0332156750172 0.0385309803409 0.0401483115808 0.00679093423264 0.047460096931 0.0103693601102 0.0235061590682 0.00489218326416 0.018293329076 0.0169281411693 0.0157919592841 0.0392269679272 0.0421038471314 0.00771458784128 0.21397210783 0.042969806073 -0.00351594414948 0.0176436171325 0.0245916581395 0.033360284267 0.0474296899811 
0.00697332539795 0.00877311422238 0.0123499375492 0.0130275265685 0.033949454438 0.0112616803665 0.0110397257811 0.0113326116195 0.00820224502618 0.0651967955347 0.0299989533542 0.0550169784986 0.0411400244453 0.0549106351155 0.0176652268696 0.021812166972 0.0170716677421 0.072893786917 -0.0189572788261 0.0161126568193 0.045933264728 0.057106552907 0.0172301290629 0.0218282607319 -0.00369832054365 0.00732016444279 0.0211088238986 -0.0200535185236 0.163640352828 -0.0140405844979 0.0108037202835 0.174011388859 0.0023123023323 0.042969806073 0.52153731934 0.0101263701825 0.0172051761113 0.0339410773788 0.00998196403431 0.00851833843083 
-0.0105250450746 0.0137873633985 0.017660675695 -0.00341609930503 0.0172843034996 -0.00240058768304 0.0112821611102 0.00386718694079 0.0127876133701 0.0218739309449 0.0096189197201 0.0056128036649 0.0164025290502 -0.00154905095451 0.00069461525615 0.00748187222204 0.00677825091648 -0.00978084269847 -0.00459150106613 0.0211705029056 0.0271971450257 0.0152873750824 0.0105021241554 0.00404193751427 0.0179912332633 -0.0122097555988 -0.00336585460369 0.0287892662274 -0.0113210845615 0.015497712025 0.0242047623123 -0.0122761338455 0.00864921993779 -0.00351594414948 0.0101263701825 0.184883270756 0.0134013797538 0.00365121983296 0.00081795881389 0.0110185924158 
0.00100890811464 -0.0148439871028 0.0360058751182 0.0232714861166 0.00167438038307 0.0282866334911 0.0518982032853 0.0330759119947 0.0325444008272 0.000791329000358 0.0196298126566 0.0397276134382 0.00344619550667 0.0274072081467 0.0149249479389 0.027865810587 0.000302351744258 -0.00165223341503 0.00753878724862 0.0219497839381 0.0273191046145 -0.0116051757905 -0.0159017300647 0.0645918541667 0.0199421230908 0.036475837545 0.0118870351769 0.00300656911149 0.0465835292336 0.316445531063 0.00827186855859 0.0133370087288 0.0114661617231 0.0176436171325 0.0172051761113 0.0134013797538 0.833063085924 0.0351072926172 0.0153665008984 0.045586212035 
0.0379304406943 0.0286223658481 0.0605544034117 0.0358029612563 0.0329324976404 0.0116302581715 0.0064696951539 0.0334338366938 0.0374204775027 0.0288648628626 0.0359740145716 0.00842483674354 0.0173352396745 -0.021011794053 0.0271570142847 0.0123082929889 0.00514405697538 -0.0145945962544 0.0193454658343 0.0333792374992 0.0270858233781 0.0137585036653 0.00290635964738 0.0117153996483 0.00101392870748 0.0500679903299 0.0059034115842 0.0487092420555 -0.00851773832711 0.00242102407536 0.0447148019217 -0.0162939250502 0.0186948937637 0.0245916581395 0.0339410773788 0.00365121983296 0.0351072926172 0.223707690902 0.0374618629629 -0.0064548388834 
0.0357909915417 0.00182558946518 0.0472366859186 0.0354279361463 0.0976292184085 0.0461127899883 0.00968198538637 0.0159312602207 0.0297028395721 0.0321840900236 0.0598481596133 0.0104883739045 0.0424637928323 0.0249732345372 0.00733401549002 -0.00122780638303 0.0230790576114 -0.00408681489376 0.0341854935217 0.0187004808997 0.0341793722685 0.0412240451542 0.0102429917769 0.0201735726425 0.0272247495218 0.0251872582574 0.0114978517083 0.016934068277 0.0270260052048 0.0263502725082 0.010567277881 0.00221061246789 0.0205379342412 0.033360284267 0.00998196403431 0.000817958813892 0.0153665008984 0.0374618629629 0.328213080819 0.0181829198474 
0.0451808511115 -0.00141235041732 0.00312175087315 -0.0192344633544 0.0112752379391 0.0235923788681 -4.75108162564e-05 0.000933329493306 0.0184009410328 0.0120720282348 0.0174926050267 0.134029825945 -0.00429429220837 0.0202425577697 0.00819246782982 0.0268583359041 -0.0187400375824 -0.0154574477503 0.0167646925811 0.00871158440397 0.0497317315606 -0.0149649649441 0.00229450874017 0.0216115385498 -0.00503896883433 0.0410116974728 0.0638116264837 -0.0185062016105 0.00813052422442 0.00931888409412 0.0178921707652 0.00922911124245 -0.00746139807818 0.0474296899811 0.00851833843084 0.0110185924158 0.045586212035 -0.0064548388834 0.0181829198474 0.862983494371 
0.027541786425 -0.000641066208454 0.0030159402748 0.00250756176399 0.00303710176067 0.00750603940641 0.00111415426987 0.00122840858809 0.00142301285516 0.00109778050006 0.000792305528144 0.00155731085201 0.0021936240248 0.00113347967935 0.00410601507966 0.00160173376379 0.00212947756673 -0.00361944792401 0.000907593849032 0.00178283632792 0.00225323583232 0.00250528875261 0.00154443919622 0.00328436889876 0.00123072367608 0.000891363064738 0.00187305203014 0.000454798674966 0.00186936772987 0.00175440045051 5.49235067312e-05 0.00177944726726 0.000586118955557 0.00392295250803 0.000603907694348 -0.00091149564106 8.73740057364e-05 0.0032848725218 0.00309959079017 0.00391277648272 
-0.000641066208454 0.0162761498863 0.0010489334264 0.00208356737999 0.000363353084001 0.000263068887383 0.000445952928902 0.00165420591678 0.00196015734919 0.000254631155157 0.00165520928153 -0.000219376274285 0.0010108309705 0.00194264831719 0.0012617891297 0.00024082640809 0.000352266489627 -0.000556074575024 -0.000302792737086 0.00087403841532 0.000476356114841 0.000771462732407 0.000439145365256 -2.41056529436e-05 0.000467900005422 0.000598101356536 0.000340741322589 0.00194858537908 0.000492306431548 0.00213183354781 0.000669415693185 0.00190241601874 0.000707494347884 0.000860362820118 0.000759773978689 0.00119402069543 -0.00128552699245 0.00247876959409 0.000158100685372 -0.000122313134044 
0.0030159402748 0.0010489334264 0.0142698231466 0.00306016204805 0.00157210981203 0.00211656142558 0.00110368277477 0.00323766825493 0.00441191330147 0.00268695146158 0.00310943681066 0.000228361701139 0.00230492383877 0.00174011608719 0.000738303248594 0.00161188597041 0.00141052672801 0.000127787682853 0.00202246251727 0.0020788283364 0.000636717204624 -0.000410983508567 0.0012085086256 0.00441257887116 0.000390062907828 0.00178624840017 0.00110584982385 0.00218682205736 0.00078206573895 0.00124692007872 0.00373711959824 0.000549412606924 0.0019351663117 0.00172678812502 0.00106953596527 0.00152945937999 0.00311820025379 0.00524416516655 0.00409081699961 0.000270351556044 
0.00250756176399 0.00208356737999 0.00306016204805 0.0143764105365 0.00133753956808 0.00155869774496 0.00065499539706 0.00276572478327 0.00201265651996 0.00122594329836 0.001758252086 0.00130919801758 0.00303197943555 0.00107116645756 0.00130296351829 0.0015938432822 6.31240860602e-05 0.000863479626457 0.00269841693303 0.00107246057603 0.00152525253915 0.00192894410499 0.00104624266532 0.00128047971565 0.00230848693598 0.00112230823602 0.00446425126873 0.00370357177853 0.00042993468495 0.00307535921971 0.00287192914417 -0.000953093636131 -0.000231495343005 0.00218379930908 0.00112821689568 -0.000295842878001 0.00201536981608 0.00310062739787 0.00306814927064 -0.00166575338931 
0.00303710176067 0.000363353084001 0.00157210981203 0.00133753956808 0.037132585521 0.00337556402727 0.00118115472156 0.000807751203361 0.00249368992433 0.00266512349279 0.00446098415242 0.00054897903903 0.00372214783839 0.000890982185867 0.00222912244149 0.00163196151073 0.000313933176212 -0.00216322179878 -0.000362007124616 0.00193905624661 0.00340202147152 0.00213134281652 0.00139462746073 -0.000449289780971 0.00120338710754 -0.00049744209297 0.00126682876002 0.00451433866578 0.00103392286365 0.000880469540671 0.00276572113245 0.00187876179272 0.00155742293043 0.000386668438886 0.0029401089988 0.00149686459173 0.000145005594734 0.00285203795666 0.00845493832933 0.000976464248898 
0.00750603940641 0.000263068887383 0.00211656142558 0.00155869774496 0.00337556402727 0.0286964178 0.0022887396142 0.00241952381348 0.00163686103421 -0.000211246009767 -0.00022723725501 0.00341531592971 0.00206334287779 9.47666899838e-05 0.00248548173385 0.0020982928797 0.00510512378375 -0.00562580706748 0.0039086845321 0.00258131232622 0.00069741658633 0.00315590672879 0.00204370015482 0.00235997920101 -0.000605815087611 0.00161770530351 0.0068497525214 0.00132933721331 0.00380213808994 0.00137967464245 0.00265991903297 0.0020325708201 0.00162611525488 0.00533447386367 0.000975290128667 -0.000207896991753 0.00244969431909 0.00100720990291 0.00399348475693 0.00204315994354 
0.00111415426987 0.000445952928902 0.00110368277477 0.00065499539706 0.00118115472156 0.0022887396142 0.0183857656717 0.00132718270954 0.000931161176105 0.000897012868186 0.00158257249182 0.00116700328652 0.00225984882143 0.000878195472321 0.000538010057657 0.00164474790964 0.00320355234503 -0.000243441784519 0.00164346647699 0.000475295151568 0.00175152856674 0.0016150909585 0.000400292024852 0.00234497103787 0.00193588017939 0.00129082443786 0.000828752977696 -0.000165929250775 0.00177620943868 0.000837427694745 0.00198645642156 0.00146047556394 0.00233299340162 0.00229930792417 0.000956068297723 0.000977063813106 0.00449451624559 0.000560292035801 0.000838484530367 -4.11455738326e-06 
0.00122840858809 0.00165420591678 0.00323766825493 0.00276572478327 0.000807751203361 0.00241952381348 0.00132718270954 0.010327409334 0.00334300500676 0.00126553403311 0.00248834527991 0.00115036354942 0.00320019914544 0.00206164077356 0.00187734954357 0.0015790729201 0.00127908631508 -0.000407592007758 0.00167493871703 0.00120121834743 0.00130342653189 0.000356977751622 0.00104265354997 -0.000894722096601 5.62299305864e-05 0.0020412140134 0.00010953200786 0.00113558224112 -7.54423793953e-05 0.00120475480374 0.00200792090726 0.000480822665101 0.00150945160253 0.00215126485507 0.000981432955369 0.000334908213191 0.00286445800407 0.00289545519228 0.00137968760654 8.08287051305e-05 
0.00142301285516 0.00196015734919 0.00441191330147 0.00201265651996 0.00249368992433 0.00163686103421 0.000931161176105 0.00334300500676 0.0124977401893 0.00216192506818 0.003211213295 0.000119091345778 0.00176110571374 0.00236327096288 0.00132872701643 0.00154837851807 0.000728108847427 -0.00027512643861 0.00193581502455 0.00103612516802 0.00131159974285 -0.000144367764606 -8.8342391224e-05 0.000504280101909 0.000212674346169 0.000977040494168 0.000259510780077 0.0029651680401 0.00124988386328 0.00110602613837 0.00288681346945 -0.000494409588872 0.000377617429576 0.00230715430368 0.000710335256073 0.00110743980323 0.00281842778673 0.00324070841391 0.0025723413634 0.0015935682388 
0.00109778050006 0.000254631155157 0.00268695146158 0.00122594329836 0.00266512349279 -0.000211246009767 0.000897012868186 0.00126553403311 0.00216192506818 0.0396995859911 0.00314315461867 0.00674985386299 0.00229990232517 0.00105961145025 0.00346058881517 0.00184795860369 0.00120975445801 0.000750060491513 0.00169185336554 0.00275450430603 0.00254872067779 0.00539388749909 0.000175524214934 0.00106948678539 0.00209831161388 0.00255389127955 0.00202702590406 0.000512011510752 0.00162651911834 0.00182036618426 0.00190419078873 -0.000250096627049 0.00177862859962 0.0010675712132 0.00564620811784 0.00189433798789 6.85311017061e-05 0.00249977045158 0.00278722395581 0.00104546831266 
0.000792305528144 0.00165520928153 0.00310943681066 0.001758252086 0.00446098415242 -0.00022723725501 0.00158257249182 0.00248834527991 0.003211213295 0.00314315461867 0.0220147017687 0.00277067394152 0.00190687511007 0.00611139230426 0.00208125869669 0.000951122185225 0.00206279713613 -0.00216290443095 0.0025777091497 -0.000107456019468 0.00160893978108 0.000666983208044 0.000726353049807 0.0027427296111 0.00132709116498 0.000676510562834 0.00290145904809 0.00147740297864 0.00229031009116 0.000472289183575 0.00228744019846 0.0019434989725 0.00181291529852 0.000859746829343 0.00259798556917 0.000833022883457 0.00169999164321 0.00311544104951 0.00518300265949 0.00151490403315 
0.00155731085201 -0.000219376274285 0.000228361701139 0.00130919801758 0.00054897903903 0.00341531592971 0.00116700328652 0.00115036354942 0.000119091345778 0.00674985386299 0.00277067394152 0.0457475677375 0.00206665193941 0.00140401535188 0.00431920538657 0.00259971864979 2.236482328e-05 0.00042535102827 0.00190134957079 0.000305106452325 0.00266502701008 -0.00114636220113 -0.000423796921734 0.00272261318488 0.00359062806919 0.00402273289853 0.0122105848959 0.00276115214955 0.00445417038541 0.00010859253176 -0.00281468451837 0.00629751491115 0.00032654198853 0.000906945645421 0.00476461010192 0.000486083056026 0.00344051224692 0.000729612264264 0.000908319824568 0.0116073234133 
0.0021936240248 0.0010108309705 0.00230492383877 0.00303197943555 0.00372214783839 0.00206334287779 0.00225984882143 0.00320019914544 0.00176110571374 0.00229990232517 0.00190687511007 0.00206665193941 0.0195352051592 -0.0024788382211 0.00164422587029 0.000911020310049 0.00113298541526 0.000275332462807 0.000901093399114 0.00167796808895 0.00438708603835 -4.53796842244e-05 0.00188006822382 0.00321609328433 0.000986699501796 0.00133931771538 0.00196545004664 -0.000878139019566 0.0013399277451 0.00267916646008 0.00134515977082 0.00159494554956 0.00292247561556 0.00264665209034 0.00356283062819 0.00142050068438 0.000298449285518 0.00150127579388 0.00367747233338 -0.000371896614373 
0.00113347967935 0.00194264831719 0.00174011608719 0.00107116645756 0.000890982185867 9.47666899838e-05 0.000878195472321 0.00206164077356 0.00236327096288 0.00105961145025 0.00611139230426 0.00140401535188 -0.0024788382211 0.108669021229 0.000510551495565 0.00107454266652 0.00152305737401 -0.00485638359507 0.00527578958968 -0.000408687856595 0.00153564679067 -0.000299061834491 0.000578613551856 -9.44484912672e-05 0.000567264797814 -0.000671566427722 0.000630202692239 -0.000793541925197 0.00256183998798 -0.000824037019413 0.0073660074299 0.000169304119364 -0.00113586642774 -0.000477270276084 0.00475540049479 -0.000134151747837 0.00237353385019 -0.0018196747429 0.00216274555239 0.00175305692661 
0.00410601507966 0.0012617891297 0.000738303248593 0.00130296351829 0.00222912244149 0.00248548173385 0.000538010057657 0.00187734954357 0.00132872701643 0.00346058881517 0.00208125869669 0.00431920538657 0.00164422587029 0.000510551495565 0.0182682574136 0.000948714342298 0.00183660861827 0.00137246342114 0.00470812837205 0.00302113680784 0.00219140583086 0.00256496478645 0.00235200604872 0.000650789659092 0.000715627521043 0.00428881502502 0.00251046990128 -0.000147201368019 0.000648372182439 -6.33156374876e-05 0.00103625400896 0.000540271463607 0.00111337612281 0.00263120815857 0.00152985352327 6.01554457682e-05 0.00129253840653 0.00235186642615 0.00063514437261 0.000709488526031 
0.00160173376379 0.000240826408089 0.00161188597041 0.0015938432822 0.00163196151073 0.0020982928797 0.00164474790964 0.0015790729201 0.00154837851807 0.00184795860369 0.000951122185225 0.00259971864979 0.000911020310049 0.00107454266652 0.000948714342298 0.0110022224583 0.000274855418141 -0.000918704073188 0.000798424186825 0.00148867467581 0.00101645556714 0.001530938638 0.00148089831023 0.000695557531257 0.00101112814491 0.000677654145286 0.00111831249767 1.58112069678e-05 0.00292296486653 0.00210127777118 0.000368634424025 0.00206158687178 0.00123556661605 0.00295369047003 0.00188898907093 0.000647949141215 0.00241324998654 0.00106592944056 -0.000106331151864 0.00232600011964 
0.00212947756673 0.000352266489627 0.00141052672801 6.31240860602e-05 0.000313933176212 0.00510512378375 0.00320355234503 0.00127908631508 0.000728108847427 0.00120975445801 0.00206279713613 2.236482328e-05 0.00113298541526 0.00152305737401 0.00183660861827 0.000274855418141 0.0229901047102 -0.000717900192592 0.00359845292454 0.00173589110985 0.00149966287976 0.000943545519817 0.00270407586348 0.00207674271786 0.000536148738414 0.00205165120929 0.00286960301563 -0.000450595033435 -4.13369523755e-05 0.000863731592051 0.000171839809006 0.000589801929968 0.00134524938223 0.000538808741343 0.00147844979496 0.00058701374869 2.61844291406e-05 0.000445488401919 0.00199870501868 -0.00162293486142 
-0.00361944792401 -0.000556074575024 0.000127787682853 0.000863479626457 -0.00216322179878 -0.00562580706748 -0.000243441784519 -0.000407592007758 -0.00027512643861 0.000750060491513 -0.00216290443095 0.00042535102827 0.000275332462807 -0.00485638359507 0.00137246342114 -0.000918704073188 -0.000717900192592 0.123257203344 -0.000661524876229 0.00220793050163 -0.000415662388801 0.0028464798968 -0.000893513867313 -0.00135673464239 -0.000455836508239 -0.000810910229914 0.00634828514341 0.00158700236816 0.00407337946501 0.00150115012366 -0.00143429503366 0.00206245828897 0.000291603923826 -0.00093652913229 0.00631278712482 -0.000847045824729 -0.000143087611039 -0.00126392911143 -0.000353928551856 -0.00133865424294 
0.000907593849032 -0.000302792737086 0.00202246251727 0.00269841693303 -0.000362007124616 0.0039086845321 0.00164346647699 0.00167493871703 0.00193581502455 0.00169185336554 0.0025777091497 0.00190134957079 0.000901093399114 0.00527578958968 0.00470812837205 0.000798424186825 0.00359845292454 -0.000661524876229 0.0417177543354 0.00116912951038 0.00284743694086 0.00382195477797 0.00224156385775 0.00143259119866 -2.52148464914e-06 0.00475512912789 -0.000808791384357 -0.000407048383363 -0.00017012268695 0.00011572172735 0.000364165261006 -0.00132817015184 0.00091012267938 0.00569908748168 -0.001641748505 -0.000397635656477 0.000652878127103 0.00167536648605 0.00296055058307 0.00145186496619 
