20
0.0170349265424 0.424855775916 0.0952470994091 0.234257183995 0.0493870590102 0.0826231173305 0.0534982218633 0.0950879331279 0.0637387331612 0.114977551813 0.0146033592013 0.18030920859 0.0360508970818 0.0176197090425 0.0594275332512 0.110955558587 0.0678116165217 0.0300114281637 0.0345230729479 0.0669670800901 
0.206174435481 0.0101251224671 0.0476634654903 -0.00687688637348 0.0238381766792 0.022363234272 0.0338674943545 0.0467964532158 -0.00282705810705 0.0145420936471 0.000504794602303 0.000707562478798 0.0324925877847 0.0204689308886 0.00152305422701 0.0114730106217 0.0225575273749 0.0366624785333 0.0181269762905 0.0194561793207 
0.0101251224671 3.74922273702 0.0277390912658 0.00207927759436 0.0104623398652 -0.00050529561421 0.0258189513591 0.000107168472544 -0.0287163916489 -0.022698990235 0.0356601942499 6.45342371812e-05 0.093712029232 -0.0196509425935 -0.0142828100321 -0.0147992541287 0.0150051751951 0.00157808304834 0.0164313031908 0.0121678377907 
0.0476634654903 0.0277390912658 0.470082872519 0.0314041446484 0.0288358333935 0.0461697095482 0.0442186510397 0.0355416566255 0.0530926697184 -0.00322779006093 0.00588553761998 0.0589264742693 0.0372191428157 0.0152941480913 0.00377060454142 0.0330121948634 0.0269597998349 0.0239950994126 0.0345340910352 0.0372568746932 
-0.00687688637348 0.00207927759435 0.0314041446484 1.26195900936 0.000978425209703 0.00115204904572 0.0342770557297 0.00906314454239 0.0686963032736 -0.0027925199237 0.00147009745092 -0.00941590490614 0.0123956734186 0.0117035959191 -0.0095553722126 0.0617735003432 -0.0100497827012 0.0214469475973 0.026609875796 -0.00269778548735 
0.0238381766792 0.0104623398652 0.0288358333935 0.000978425209703 0.220865617273 0.0127781941057 0.036195840291 0.0313534805792 0.0273974261889 -0.013197960054 0.00967344865316 0.0243197634733 0.00964905549963 0.00927962887888 0.0181926980546 0.0240157966961 0.003243858754 0.00600675301484 0.0318275013064 0.0166920272397 
0.022363234272 -0.00050529561421 0.0461697095482 0.00115204904572 0.0127781941057 0.211776994802 0.053544901942 0.0244307126124 0.00862653666245 0.0107507787084 0.00684203473276 0.00335088040056 0.0257110638807 0.0164252652365 0.0148804649811 0.00683821051104 0.00588656294201 0.0248059605875 0.00658568481578 0.0149884363074 
0.0338674943545 0.0258189513591 0.0442186510397 0.0342770557297 0.036195840291 0.053544901942 0.236594634551 0.0518775369639 0.0104852183836 0.0344528470386 -2.91562428952e-05 0.0109143200498 0.0342461241605 0.0221317021205 0.0143136398429 0.0327445279603 -0.00660936691695 0.0457958198435 0.0183605617373 0.0574620171809 
0.0467964532158 0.000107168472544 0.0355416566255 0.00906314454239 0.0313534805792 0.0244307126124 0.0518775369639 0.281166316781 0.0315504766759 0.0234455743583 0.0168560273394 0.0680865473208 0.0518134721268 0.0111969132498 0.00508649745343 0.103434799267 0.0171788218487 0.0244998584823 0.032728286246 0.0534390483882 
-0.00282705810705 -0.0287163916489 0.0530926697184 0.0686963032736 0.0273974261889 0.00862653666245 0.0104852183836 0.0315504766759 0.454586071375 0.0145066947794 0.0253166078383 0.0130064543108 0.0292192476854 0.0135024871224 0.0333648469218 -0.0123203196911 -0.00419437256227 0.0147455222652 0.0443518509698 -0.00773147532072 
0.0145420936471 -0.022698990235 -0.00322779006093 -0.0027925199237 -0.013197960054 0.0107507787084 0.0344528470386 0.0234455743583 0.0145066947794 0.619634137596 -0.0013687584576 0.0290595369574 0.0089956989682 0.0110863976968 0.000640246673631 0.0167140116225 0.0043388700871 0.0148338869667 0.0244582103359 0.0189260381401 
0.000504794602301 0.0356601942499 0.00588553761998 0.00147009745092 0.00967344865316 0.00684203473276 -2.91562428939e-05 0.0168560273394 0.0253166078383 -0.0013687584576 0.179865103468 0.0222284331234 0.00898664650239 -0.000132847078465 0.00451543269171 0.0281737681556 -0.0110037647155 0.0115725373141 0.0205939956963 -0.0141546429774 
0.000707562478801 6.4534237181e-05 0.0589264742693 -0.00941590490614 0.0243197634733 0.00335088040056 0.0109143200498 0.0680865473208 0.0130064543108 0.0290595369574 0.0222284331234 0.982412073661 0.0298674723208 -0.00566550740851 0.0082628303397 -0.00405559515534 0.0205944651727 0.0152106040072 8.27562081763e-05 0.0192297059627 
0.0324925877847 0.093712029232 0.0372191428157 0.0123956734186 0.00964905549963 0.0257110638807 0.0342461241605 0.0518134721268 0.0292192476854 0.0089956989682 0.00898664650239 0.0298674723208 0.169141373493 0.0186101750853 0.0158670427609 0.0305780538411 0.0201103492731 0.055666649016 0.0275426327744 0.0240798816744 
0.0204689308886 -0.0196509425935 0.0152941480913 0.0117035959191 0.00927962887888 0.0164252652365 0.0221317021205 0.0111969132498 0.0135024871224 0.0110863976968 -0.000132847078467 -0.00566550740851 0.0186101750853 0.198429993248 -0.00140161532851 0.0063140246492 0.0226945572493 0.0221951378969 0.0114403095866 0.0169399537764 
0.00152305422701 -0.0142828100321 0.00377060454142 -0.0095553722126 0.0181926980546 0.0148804649811 0.0143136398429 0.00508649745343 0.0333648469218 0.000640246673631 0.00451543269171 0.00826283033969 0.0158670427609 -0.00140161532851 0.239873674797 0.0060267469013 0.00319590318543 0.0148657002109 0.0350373490004 0.0113285854299 
0.0114730106217 -0.0147992541287 0.0330121948634 0.0617735003432 0.0240157966961 0.00683821051104 0.0327445279603 0.103434799267 -0.0123203196911 0.0167140116225 0.0281737681556 -0.00405559515535 0.0305780538411 0.0063140246492 0.0060267469013 0.488739414867 0.0158169095497 0.0410000110744 0.0133174809423 0.0270533027022 
0.0225575273749 0.0150051751951 0.0269597998349 -0.0100497827012 0.003243858754 0.00588656294201 -0.00660936691695 0.0171788218487 -0.00419437256227 0.0043388700871 -0.0110037647155 0.0205944651727 0.0201103492731 0.0226945572493 0.00319590318543 0.0158169095497 0.250112054603 0.0249251752972 0.0106370796381 -0.0053692945048 
0.0366624785333 0.00157808304834 0.0239950994126 0.0214469475973 0.00600675301484 0.0248059605875 0.0457958198435 0.0244998584823 0.0147455222652 0.0148338869667 0.0115725373141 0.0152106040072 0.055666649016 0.0221951378969 0.0148657002109 0.0410000110744 0.0249251752972 0.2175165415 0.00923931496526 0.0282819502179 
0.0181269762906 0.0164313031908 0.0345340910351 0.026609875796 0.0318275013064 0.00658568481579 0.0183605617373 0.032728286246 0.0443518509698 0.0244582103359 0.0205939956963 8.27562081748e-05 0.0275426327744 0.0114403095866 0.0350373490004 0.0133174809423 0.0106370796381 0.00923931496526 0.201781858397 0.0148412828025 
0.0194561793207 0.0121678377907 0.0372568746932 -0.00269778548735 0.0166920272397 0.0149884363074 0.0574620171809 0.0534390483882 -0.00773147532072 0.0189260381401 -0.0141546429774 0.0192297059627 0.0240798816744 0.0169399537764 0.0113285854299 0.0270533027022 -0.0053692945048 0.0282819502179 0.0148412828025 0.262116584253 
0.0178552298738 0.000876861327295 0.0041277771947 -0.000595555829838 0.00206444665841 0.00193671289903 0.00293301104735 0.00405269172919 -0.000244830413868 0.00125938225226 4.37164949288e-05 6.12767081404e-05 0.00281394064563 0.00177266141378 0.000131900365193 0.000993591865627 0.00195353917532 0.00317506377756 0.00156984219614 0.00168495455523 
0.000876861327295 0.32469221347 0.00240227577141 0.000180070721823 0.000906065210627 -4.37598838327e-05 0.00223598677761 9.28106197083e-06 -0.0024869124673 -0.00196579021837 0.00308826341243 5.58882888128e-06 0.00811569979551 -0.00170182154943 -0.00123692763252 -0.00128165300325 0.00129948629072 0.000136666000914 0.00142299259805 0.00105376566358 
0.0041277771947 0.00240227577141 0.0407103709485 0.00271967870497 0.00249725642581 0.00399841413541 0.00382944751215 0.00307799775303 0.00459796007309 -0.000279534819085 0.000509702509383 0.00510318236727 0.00322327231855 0.00132451207763 0.00032654393205 0.00285893993864 0.0023347871538 0.00207803656576 0.0029907400133 0.00322653999499 
-0.000595555829838 0.000180070721823 0.00271967870497 0.109288856064 8.47341087306e-05 9.97703739998e-05 0.00296848010288 0.000784891341188 0.0059492743781 -0.00024183931945 0.000127314173854 -0.000815441284833 0.00107349680775 0.00101356113816 -0.000827519507873 0.00534974205779 -0.000870336712173 0.00185736014529 0.00230448284309 -0.000233635076601 
0.00206444665841 0.000906065210627 0.00249725642581 8.47341087306e-05 0.0191275235381 0.00110662407101 0.00313465172034 0.00271529106787 0.00237268670779 -0.00114297686849 0.000837745227584 0.00210615329819 0.000835632718521 0.00080363943468 0.00157553386786 0.0020798290031 0.000280926408725 0.000520200070511 0.00275634246703 0.00144557196302 
0.00193671289903 -4.37598838327e-05 0.00399841413541 9.97703739998e-05 0.00110662407101 0.0183404257436 0.00463712453249 0.00211576177549 0.000747079989636 0.000931044747192 0.000592537589214 0.000290194755193 0.0022266434479 0.00142246969587 0.00128868606938 0.000592206401899 0.000509791304875 0.0021482592034 0.000570337035179 0.00129803666052 
0.00293301104735 0.00223598677761 0.00382944751215 0.00296848010288 0.00313465172034 0.00463712453249 0.020489696392 0.00449272648965 0.000908046548444 0.00298370407681 -2.52500470262e-06 0.000945207842817 0.00296580135042 0.00191666162653 0.00123959757246 0.00283575930485 -0.000572387965301 0.00396603433716 0.00159007128923 0.00497635666313 
0.00405269172919 9.28106197083e-06 0.00307799775303 0.000784891341188 0.00271529106787 0.00211576177549 0.00449272648965 0.0243497173021 0.00273235143029 0.00203044630006 0.00145977478828 0.00589646796358 0.00448717831201 0.000969681131826 0.000440503601096 0.00895771638002 0.0014877296128 0.00212174998348 0.00283435273114 0.00462795734583 
-0.000244830413868 -0.0024869124673 0.00459796007309 0.0059492743781 0.00237268670779 0.000747079989636 0.000908046548444 0.00273235143029 0.0393683086018 0.00125631662039 0.00219248255256 0.00112639198463 0.0025304610775 0.00116934968623 0.00288948050276 -0.00106697098352 -0.000363243319186 0.00127699968737 0.00384098296447 -0.000669565403648 
0.00125938225226 -0.00196579021837 -0.000279534819085 -0.00024183931945 -0.00114297686849 0.000931044747192 0.00298370407681 0.00203044630006 0.00125631662039 0.053661890421 -0.000118537959592 0.00251662972273 0.000779050383126 0.00096011020419 5.54469884053e-05 0.00144747586643 0.000375757171915 0.001284652295 0.0021181431482 0.00163904298223 
4.37164949286e-05 0.00308826341243 0.000509702509383 0.000127314173854 0.000837745227584 0.000592537589214 -2.52500470251e-06 0.00145977478828 0.00219248255256 -0.000118537959592 0.0155767748857 0.00192503877712 0.00077826641659 -1.1504894477e-05 0.00039104794201 0.00243991989431 -0.000952953978086 0.00100221113003 0.00178349234385 -0.00122582803999 
6.12767081406e-05 5.58882888126e-06 0.00510318236727 -0.000815441284833 0.00210615329819 0.000290194755193 0.000945207842817 0.00589646796358 0.00112639198463 0.00251662972273 0.00192503877712 0.0850793812775 0.00258659897766 -0.00049064733411 0.000715582098134 -0.000351224843199 0.00178353300169 0.00131727694771 7.16689786016e-06 0.0016653413871 
0.00281394064563 0.00811569979551 0.00322327231855 0.00107349680775 0.000835632718521 0.0022266434479 0.00296580135042 0.00448717831201 0.0025304610775 0.000779050383126 0.00077826641659 0.00258659897766 0.0146480726276 0.00161168843928 0.00137412621139 0.00264813714247 0.00174160733495 0.00482087321914 0.00238526196697 0.00208537892501 
0.00177266141378 -0.00170182154943 0.00132451207763 0.00101356113816 0.00080363943468 0.00142246969587 0.00191666162653 0.000969681131826 0.00116934968623 0.00096011020419 -1.15048944771e-05 -0.00049064733411 0.00161168843928 0.0171845415025 -0.000121383448082 0.000546810574632 0.00196540631055 0.00192215532592 0.000990759872918 0.00146704303093 
0.000131900365193 -0.00123692763252 0.00032654393205 -0.000827519507873 0.00157553386786 0.00128868606938 0.00123959757246 0.000440503601096 0.00288948050276 5.54469884053e-05 0.00039104794201 0.000715582098134 0.00137412621139 -0.000121383448082 0.0207736696074 0.000521931591871 0.000276773334662 0.00128740740277 0.00303432343156 0.000981084277124 
0.000993591865627 -0.00128165300325 0.00285893993864 0.00534974205779 0.0020798290031 0.000592206401899 0.00283575930485 0.00895771638002 -0.00106697098352 0.00144747586643 0.00243991989431 -0.0003512248432 0.00264813714247 0.000546810574632 0.000521931591871 0.0423260749106 0.00136978454794 0.00355070511458 0.00115332768104 0.00234288473964 
0.00195353917532 0.00129948629072 0.0023347871538 -0.000870336712173 0.000280926408725 0.000509791304875 -0.000572387965301 0.0014877296128 -0.000363243319186 0.000375757171915 -0.000952953978086 0.00178353300169 0.00174160733495 0.00196540631055 0.000276773334662 0.00136978454794 0.0216603393079 0.00215858350011 0.000921198118871 -0.000464994544155 
0.00317506377756 0.000136666000914 0.00207803656576 0.00185736014529 0.000520200070511 0.0021482592034 0.00396603433716 0.00212174998348 0.00127699968737 0.001284652295 0.00100221113003 0.00131727694771 0.00482087321914 0.00192215532592 0.00128740740277 0.00355070511458 0.00215858350011 0.0188374850683 0.000800148147348 0.00244928873572 
0.00156984219614 0.00142299259805 0.0029907400133 0.00230448284309 0.00275634246703 0.000570337035179 0.00159007128923 0.00283435273114 0.00384098296447 0.0021181431482 0.00178349234385 7.16689786002e-06 0.00238526196697 0.000990759872918 0.00303432343156 0.00115332768104 0.000921198118871 0.000800148147348 0.0174748215395 0.00128529279317 
0.00168495455523 0.00105376566358 0.00322653999499 -0.000233635076601 0.00144557196302 0.00129803666052 0.00497635666313 0.00462795734583 -0.000669565403648 0.00163904298223 -0.00122582803999 0.0016653413871 0.00208537892501 0.00146704303093 0.000981084277124 0.00234288473964 -0.000464994544155 0.00244928873572 0.00128529279317 0.0226999620717 

['NTRS', 'SANM', 'YHOO', 'CSC', 'CIT', 'MWV', 'HD', 'GDW', 'WFT', 'ADM', 'CZN', 'ADCT', 'ASO', 'KR', 'ABC', 'HSP', 'HCA', 'NCC', 'MSFT', 'COST']