50
0.106356452037 0.00792878112812 0.0413299620627 0.0172601721071 0.139274044211 0.0166595463284 0.0669670800901 0.0952470994091 0.0585004976968 0.0129348444485 0.00610402508206 0.00640420781163 0.0316067218978 0.0493961611292 0.0905877796438 0.0825599502725 0.0453963667668 0.0160922749751 0.125568601155 0.135848421796 0.115739319126 0.0705908558691 0.275152850517 0.0677272644226 0.00753480783794 0.12260521459 0.161692830297 0.0321720089654 0.0609589558998 0.0202129727645 0.171628318037 0.0324129219316 0.0262084488718 0.136929250297 0.0100273700484 0.0300827450696 0.20394989535 0.0498631258667 0.00154943769328 0.0521298167044 0.131188957491 0.126255379542 0.0649337142294 0.204332601919 0.0657027666716 0.13588321519 0.0560151075184 0.0101927526284 0.0251356843311 0.0206658862902 
0.498230983793 0.00870280624427 -0.00207874614654 0.0162906868073 0.0453657294779 0.0519034989631 -0.0173913536577 0.0389547835665 0.0455081478216 0.00787914165679 -0.00650093290494 0.067917474391 0.000651444109678 -0.0231719580429 0.0291984327244 0.0147182909061 0.0133887223195 0.00124948319398 0.0134464792829 0.0115955605551 0.0387535487461 0.0197661022768 -0.0367767573859 -0.00981239471028 0.0134033469151 0.0388064304758 0.026990236219 0.0112621422326 0.000749133324715 0.0255816200182 0.0326134110808 0.0175561693465 0.0527905172762 0.0133051578818 0.0129538929304 -0.00416812032491 0.190640449863 0.0542476107797 0.0191395489613 -0.000332177557799 0.0226633686515 0.00870562860401 0.0492423928537 -0.0284812059948 0.025685852623 -0.011180501786 0.027579106688 0.0256910553255 -0.015292679143 0.0546668214284 
0.00870280624427 0.221752118549 0.0285638553896 0.0110876867241 -0.00517307045214 0.00651253677437 -0.00349033857545 0.0140072834547 0.0235405675644 0.00727414237599 -6.07873524755e-05 0.00879933418899 0.0170959431059 0.000499000222307 0.0065744729729 0.012516002913 0.0383734807344 0.0134584325871 0.020250919298 0.011933647385 0.00142808013546 0.0223583422532 -0.0349208663088 0.00413935073166 0.0332842481926 -0.000871512077543 0.0184872200283 0.0194855059362 0.0167193165842 0.00495912478613 0.0122368387258 0.00447627010945 0.0187159884677 0.0151065783702 0.00283394230687 0.00752233341688 0.0446844559949 -0.000864767834059 0.0684028171151 0.0216288148314 0.0140494813023 0.00983965113209 0.0258691551295 -0.00223238096301 -0.00558682717993 0.015771094461 -0.00165538900872 0.0174809489771 0.0104530251263 -0.00521314716867 
-0.00207874614654 0.0285638553896 0.284995555934 0.0263183029427 0.00878637666633 0.0179960871616 -0.000147740940086 0.0355546068036 0.0223013280432 0.00491722289011 0.0130477345385 0.00376012149213 0.0193865013241 0.00447067142703 0.0188710886732 0.0330702232709 -0.0109994458019 0.00497582652913 0.00394659906171 -0.000106987169956 0.0119849416911 -0.0121927182437 -0.0115411460667 0.00920888852708 0.0106818537388 0.0286077431655 0.0170338211968 0.0328907345237 0.0174908457385 0.0111346566184 0.024658279825 0.000940293028087 0.0136127295531 0.0378248522225 -0.00207090778931 -0.00494706250769 -0.014795166672 0.0241743939015 0.00246294091721 0.0282256774256 0.0361871776368 -0.0071850556683 0.0227621176537 -0.014243903306 0.0211353902754 -0.0079495526373 -0.00109144049728 0.0157846156191 0.029339410147 0.0123452071026 
0.0162906868073 0.0110876867241 0.0263183029427 0.183149092944 0.0151453678795 0.00755465138332 -0.00096168275144 0.0100260610005 0.0200025628429 -0.00662636537803 0.00802731687956 0.0124989452448 0.00954550057022 0.0177839150755 0.0159686789941 0.00526895448642 0.0386443703335 -0.00160522095156 -0.0038486311708 0.0138538874392 0.0135077136664 0.00754273378081 -0.0107788782952 0.0192042813308 0.0249105751883 0.0137295175319 0.0165112504511 0.0304087777894 0.0201914813773 0.0197516160486 0.0255851398381 0.00350979208819 0.0289960687787 0.0354958749917 0.00999136862976 0.000387138524113 0.0336781561654 0.0227512865069 0.0306463021408 0.000669446618769 0.0230826522218 0.0200104006119 0.0247882911411 0.00119606540736 0.0204912692171 0.00624711026246 0.0214024886849 -0.00197454628359 0.0134419906178 0.0159589453792 
0.0453657294779 -0.00517307045214 0.00878637666633 0.0151453678795 0.606217046401 0.032576130578 -0.00482617682826 0.0281466405286 0.0881210671474 0.00918246885952 0.0299629923183 0.00783781193203 0.0341202462068 0.0142064418145 -0.00409108131016 0.00311416352168 -0.00526806158491 -0.00337401035831 0.0790644414333 -0.000986084225355 0.0318107491423 0.0588862158471 -0.0360185673926 0.0483846418447 0.0717446718968 0.0328179028412 0.0107795023665 0.0253632866101 0.0413638651767 0.0337816306195 0.0430835013068 0.00529565082495 0.0278411135535 0.0599016721532 0.0135247447351 0.000899222975667 0.049348718076 0.0222998831141 -0.00103235131652 0.0271131539183 0.0804322545903 0.171604926571 0.0366568407538 0.026955481193 0.0610224794857 0.0237941103268 -0.0186770593635 0.0407364350921 0.0103828346393 0.025729722853 
0.0519034989631 0.00651253677437 0.0179960871616 0.00755465138332 0.032576130578 0.192024144611 0.0111075589058 0.0374259144027 0.0203929937937 0.0130183320222 0.0163666855045 0.0115697684507 0.0167796490144 0.0627111630117 0.0148279909689 0.00852650300697 -0.0106938106203 -0.00762273870555 0.00901176666076 0.00966161355171 0.0417692533257 0.0220889009766 -0.00748146266093 0.012954243254 0.00238379641477 0.0331905239816 0.00490708215642 0.0252565500194 0.00437070439762 0.0172364396188 0.00998683870799 -0.00750582027092 0.00765520076365 0.0117947946025 0.030080349684 0.0191695428552 0.0421041697648 0.0202068744701 -0.00112577217318 0.0108164449413 0.053933898567 0.0114414220807 0.00719119629151 -0.00257520334568 0.00412082591104 -0.00600806024002 0.0224906322457 0.00073831872782 0.0105487309247 0.0177174601376 
-0.0173913536577 -0.00349033857545 -0.000147740940085 -0.00096168275144 -0.00482617682826 0.0111075589058 0.247078802012 0.0395964117562 -0.0153015618385 0.0412270077083 0.0253764328082 0.0124929586654 0.0125612655068 0.0215318124944 0.00439157515157 0.043083027219 0.0161232840123 0.00135817643007 -0.0137983943287 0.0326144519627 0.0219866197207 0.0027393065459 -0.0086765263747 0.0197902869955 0.0125753479591 0.0391816534779 -0.0173698364095 0.0171166784065 0.0270084467826 0.0307052122093 0.0160660904196 0.015734637099 0.0487811289092 0.0119789196825 0.0196074008749 -0.00597561369211 -0.0137055526306 0.00585909468318 -0.00472138494142 0.0368443039089 0.00777792648392 0.0022345974649 0.0131483941563 -0.00302120270693 -0.00210108351668 0.0111162332573 0.00263144375848 0.0131230473354 0.0196911909128 0.0177751180226 
0.0389547835665 0.0140072834547 0.0355546068036 0.0100260610005 0.0281466405286 0.0374259144027 0.0395964117562 0.452929748628 0.0293355796599 0.0190699611318 0.000527484786791 0.0265003570512 0.0212182137057 0.0115373048304 0.0668086252893 -0.000711812307513 -0.0165682465929 -0.00844129005891 0.0135176976865 0.0214014147418 0.0215946131932 -0.00235325529102 0.0046182043592 0.0266832424138 0.0186643490743 0.038094133465 0.0344802305541 0.0117773244334 0.0307315347761 0.0319037127429 0.0137827461457 0.00301715940717 0.00265682935996 0.0364437145933 0.030518334023 0.0213257277984 0.0126242089621 0.0594817420767 0.0176176150315 0.0185407338192 0.0693202530121 0.0282687406638 0.0315856743582 -0.0160060281501 0.00408689461812 0.0342677207682 0.0305694713221 0.0231370767343 0.0169705579152 0.0284791228953 
0.0455081478216 0.0235405675644 0.0223013280432 0.0200025628429 0.0881210671474 0.0203929937937 -0.0153015618385 0.0293355796599 0.326045703166 0.00387152136004 0.0124273075078 0.0148432621993 0.0187923150795 -0.0131741940928 0.0377412174831 0.0154318260844 0.00682085125288 -0.0106852526515 -0.00472784820558 0.0210310912242 0.00748535189531 0.0239550109821 -0.0584579960352 -0.000524043585284 0.033537151056 0.00300513516319 0.000238579538029 0.0170619297558 0.0229757846029 0.0165296343142 -0.0102125837684 0.00840735026888 0.0118649558779 0.0456922731896 0.0114040814358 0.0159962863452 0.0326772384005 0.0211932724399 -0.00376220287133 0.012516217426 0.00305887460452 0.0722109097119 0.019853355005 -0.0284405221375 0.00345323727656 -0.023324231426 0.00673391254768 0.0713056728723 0.00655488168313 0.0294231510397 
0.00787914165679 0.00727414237599 0.00491722289011 -0.00662636537803 0.00918246885952 0.0130183320222 0.0412270077083 0.0190699611318 0.00387152136005 0.153715263469 0.0194234664579 0.00771171765954 0.0173020083902 -0.00222782520402 0.0041126248321 0.0170583637762 0.00458503931739 0.00474938383032 -0.00117889560497 -0.0026238059305 0.0167163569353 0.0467387784801 -0.00314555432351 0.0195185455401 0.022744434912 0.0111644201557 0.00524056223087 0.0192680067747 0.0176891188121 0.0184786039636 0.0247618662473 0.00869581654855 0.0169778058633 0.027063786589 0.0128392173851 0.00549426253434 -0.0127514793611 0.00948439069959 0.021853846296 0.0140677513244 0.0166370265396 0.00696376342938 0.0145609921849 -0.00890624890188 0.00472897396691 -0.0153571818775 -0.0136549547401 0.0139285245547 0.028998683765 0.0194327345347 
-0.00650093290495 -6.07873524689e-05 0.0130477345385 0.00802731687956 0.0299629923183 0.0163666855045 0.0253764328082 0.000527484786791 0.0124273075078 0.0194234664579 0.161936657459 0.0292370861609 0.0392810606097 0.0199238010188 -0.0139184979045 0.0205353822603 0.00719578807753 0.00442465265963 0.0116031007326 0.0185824729412 0.0371818788071 0.00356519039842 0.0216203899453 0.0154667518611 0.00796032367777 0.00903016388798 0.032562222503 0.0202199735155 0.0141692640316 0.00325156795661 0.0281489292107 0.0118273664334 0.042308473216 0.0306627860937 0.0115933721961 0.00510495338411 0.00464874112028 -0.000649589036686 0.0016681746729 0.028702861112 0.022921448281 0.00114343579458 0.00396880943538 0.0192725623016 0.0293569047733 0.0349133686411 0.0132328021624 0.0148442855172 0.0279701414475 0.0360030131485 
0.067917474391 0.00879933418898 0.00376012149214 0.0124989452448 0.00783781193203 0.0115697684506 0.0124929586654 0.0265003570512 0.0148432621993 0.00771171765953 0.0292370861609 0.168938752695 0.0205623911854 0.000352483727698 0.00105235743462 -0.000156847748708 0.00849545496568 0.00802914586822 0.0277941605376 0.0159731640353 0.0222189347388 0.0156502764115 0.0180327932796 -0.0195709093091 0.0294393120532 0.0213476188219 0.0423449817395 0.0193842028469 0.0132756120778 0.0378235095538 0.0118154087175 0.00277913581597 0.0132034347328 0.0214497469212 0.00933490213261 0.00679810085569 0.047147157102 0.0249480974151 -0.00271166591783 0.00874508083571 0.027802853941 0.0111540771237 0.0402339629959 0.0226660861963 0.00683844794732 0.00493466023001 0.0156209456368 0.00203593891966 0.00904557467147 0.0445050922851 
0.000651444109676 0.0170959431059 0.0193865013241 0.00954550057022 0.0341202462068 0.0167796490144 0.0125612655068 0.0212182137057 0.0187923150795 0.0173020083902 0.0392810606097 0.0205623911854 0.125708755526 -0.0115773658383 0.0119924421591 0.0167758448874 0.000759410915152 0.00279415935794 0.00963550632097 0.0209671101869 0.021363903083 0.00876622853241 -0.00100643874899 0.0166145172051 0.0212026294439 0.0306771179823 0.0273149188744 0.0238403646917 0.0256412394039 0.0106623708471 0.0243515016376 0.0220502606962 0.0265370207802 0.0244273346242 0.0171681017326 0.00727890525076 0.00252262486435 0.0301486064772 -0.00214151862453 0.0374199087388 0.0188196058275 0.0124211978426 0.0169622752018 -0.00754439367752 0.0165785808617 0.0159373552468 0.0183508261545 0.023936576402 0.0280356891426 0.0398128902872 
-0.0231719580429 0.000499000222305 0.00447067142703 0.0177839150755 0.0142064418145 0.0627111630117 0.0215318124944 0.0115373048304 -0.0131741940928 -0.00222782520402 0.0199238010188 0.000352483727692 -0.0115773658383 0.402116560289 0.01840213228 0.00263713611987 -0.0192618504666 -0.017462399476 0.105803813291 0.00976362273919 0.0183582573232 -0.0153829767235 -0.0029806566668 -0.0215110088029 0.033116103072 0.0332850371211 0.0213309772233 0.0363279114673 0.00283018751782 0.00751686365759 0.0407435747575 0.0045956497075 0.00421970097839 0.016209561513 0.00094477733912 -0.0115356390135 -0.00203710457339 0.000788867381362 0.00762354425487 -0.00247712897581 -0.00096726844893 0.0196499046252 -0.00192603185976 0.00778149870669 -0.00500996179165 -0.0181517869386 0.0351667315071 0.0194139386071 -0.0070996801416 0.00282034503293 
0.0291984327244 0.0065744729729 0.0188710886732 0.0159686789941 -0.00409108131016 0.0148279909689 0.00439157515157 0.0668086252893 0.0377412174831 0.0041126248321 -0.0139184979045 0.00105235743462 0.0119924421591 0.01840213228 0.431863816897 0.0378941257015 0.0194906622352 -0.00272823277979 -0.0250738754059 0.00972133421113 -0.000888959787636 -0.013602834276 -0.0039212344252 -0.00903839992884 0.0191876084359 0.0200606630586 0.0542537405552 0.0266141667897 0.0152883635108 0.0235929139539 0.0212762926548 0.0321110335024 0.0266330120166 0.0424140524087 0.0103058610407 0.0290111761514 0.0427503317889 0.000924872172845 0.00629772190556 0.00875332664808 0.0813588042412 0.0296371943475 0.00868870722358 0.000749372012022 0.00983285074577 0.00628981517855 0.0146527327846 0.00178145973955 0.0109729295025 0.0116558266816 
0.0147182909061 0.012516002913 0.0330702232709 0.00526895448642 0.00311416352168 0.00852650300697 0.043083027219 -0.000711812307514 0.0154318260844 0.0170583637762 0.0205353822603 -0.000156847748706 0.0167758448874 0.00263713611987 0.0378941257015 0.345720183915 0.00532959590996 0.014331483554 0.00591796105692 0.00172654953168 0.0375230065917 -0.000798457261603 -0.0352022949635 0.0241362606026 0.00252758429369 0.0168216911197 0.101806101657 0.0176946769563 0.0134943712914 0.0105090642487 0.0206044303981 0.0048208438025 0.0545300399028 -0.000962077794381 -0.000110181981465 0.00381103930591 -0.0269805460394 0.0112191673737 0.0197573333344 0.0349598657123 0.0523660662568 0.00888533072014 0.0175470468757 -0.0107850737579 0.0275313672684 1.25251668601e-05 -0.00949561402817 -0.000890340022393 -0.00355001539908 0.00801053258426 
0.0133887223195 0.0383734807344 -0.0109994458019 0.0386443703335 -0.00526806158491 -0.0106938106203 0.0161232840123 -0.0165682465929 0.00682085125288 0.00458503931739 0.00719578807753 0.00849545496568 0.000759410915151 -0.0192618504666 0.0194906622352 0.00532959590996 0.356461561819 -0.0197019139301 -0.00191867278488 0.00997920172656 0.0197372504544 0.00890604542011 -0.0151654344085 0.0131430090787 0.01528767087 0.00521061026813 -0.022305239661 0.0229317631033 0.0233331805327 0.0108863636203 0.00822047389256 -0.0236873000714 0.0167991972208 0.0298610597595 -0.0223171992993 -0.00579195801012 0.0214760195012 0.00234571970561 0.0779647719327 0.0137924161997 0.0110643642399 -0.0147455953404 0.0172200392418 0.0300989194655 -0.00114736097958 0.00427424570342 0.0007817886634 0.00916308709729 0.00226181555365 -0.00393118112829 
0.00124948319398 0.0134584325871 0.00497582652913 -0.00160522095156 -0.00337401035831 -0.00762273870555 0.00135817643007 -0.00844129005891 -0.0106852526515 0.00474938383032 0.00442465265963 0.00802914586821 0.00279415935794 -0.017462399476 -0.00272823277979 0.014331483554 -0.0197019139301 0.221207358652 0.0198557710131 0.00474836152562 0.0147161490737 -0.00290820400086 0.00142774390633 -0.0194533771292 -0.00512419190875 -0.000969166006561 0.0262147883699 -0.00716117810242 0.00581354344608 0.018485929522 0.00858110112643 0.0148363655766 0.0239580402911 0.0150006360589 -0.00263005243264 0.00254909736365 0.028194353448 0.00292136735015 -0.0109554416125 -0.00357919550193 0.0106002971022 0.018065888936 0.0196749267242 -0.002421532432 0.0154194812798 0.0142384926549 0.000641437905961 0.0044036843758 0.000606421934734 -0.0015268576905 
0.0134464792829 0.020250919298 0.00394659906171 -0.0038486311708 0.0790644414333 0.00901176666076 -0.0137983943287 0.0135176976865 -0.00472784820557 -0.00117889560497 0.0116031007326 0.0277941605376 0.00963550632097 0.105803813291 -0.0250738754059 0.00591796105693 -0.00191867278488 0.0198557710131 0.792310569265 0.0176059983564 0.00632903188137 0.186345274329 -0.0235893623434 0.0130769355937 0.0125081486904 0.0224177317359 0.00139241128671 -0.00623090382442 0.0274093258335 0.0313394963458 0.015690474666 -0.00153263223626 0.00477595245593 0.0135847259842 -0.0130763658384 0.0130717618428 -0.00453036682086 0.00286381826037 0.0492309486491 -0.00328683402867 0.0237743858087 0.02195670681 0.0288530622182 0.0390885127759 0.00269663167006 0.0916145407974 0.102315906713 0.000714446209073 -0.00148215387337 0.0327592140011 
0.0115955605551 0.011933647385 -0.000106987169958 0.0138538874392 -0.000986084225353 0.00966161355171 0.0326144519627 0.0214014147418 0.0210310912242 -0.0026238059305 0.0185824729412 0.0159731640353 0.0209671101869 0.00976362273919 0.00972133421113 0.00172654953168 0.00997920172656 0.00474836152562 0.0176059983564 0.631051176264 0.00775526772788 0.0214029314981 -0.0391071459745 0.00633289199466 0.0043454017293 0.0315815535511 0.0187613833932 0.0132496303874 0.0168210180093 0.00573040882114 0.0164303639803 0.0292508003988 0.023330682788 -0.0141578679738 -0.0196254031253 -0.00727385933191 0.00258435502307 0.0157662239618 0.0108535194521 0.00672743749511 0.0500084568034 -0.00110010523785 0.000441582448107 -0.00553450007323 0.00543449209181 0.0217704498275 -0.00165721693749 0.014311965042 0.00748714218032 0.0231498851735 
0.0387535487461 0.00142808013546 0.0119849416911 0.0135077136664 0.0318107491423 0.0417692533257 0.0219866197207 0.0215946131932 0.00748535189531 0.0167163569353 0.0371818788071 0.0222189347388 0.021363903083 0.0183582573232 -0.000888959787636 0.0375230065917 0.0197372504544 0.0147161490737 0.00632903188137 0.00775526772788 0.345203102874 -0.00127882216523 -0.0706440890237 0.0253130342362 -0.00949427313829 0.0212626588771 0.031264345963 0.00145752117202 0.0355122435063 0.0216704942356 0.0519399148402 0.0260346657185 0.0633524164309 0.0293105059416 0.0178661375654 0.0253851610504 0.0215849874368 0.00397291678892 0.0219088240821 0.0208403994247 0.0186088233439 0.0344487494665 0.0270657356462 -0.0269821703434 0.0218651690407 0.00848479184315 0.0190545648313 0.0163525894541 0.0147539939808 0.0566755985938 
0.0197661022768 0.0223583422532 -0.0121927182437 0.00754273378081 0.0588862158471 0.0220889009766 0.0027393065459 -0.00235325529102 0.0239550109821 0.0467387784801 0.00356519039842 0.0156502764115 0.00876622853241 -0.0153829767235 -0.013602834276 -0.000798457261604 0.00890604542011 -0.00290820400086 0.186345274329 0.0214029314981 -0.00127882216523 0.435801744928 0.00527688337082 0.016858061195 0.0251188865005 0.0132620684843 0.0171230823398 0.0119068223975 0.0724488428055 0.0150548531682 0.00868727571053 0.0236178727696 -0.00645468069316 0.044037455138 -0.00499354499394 0.00210031642203 0.0173191152846 0.0156590068647 0.0133176843616 0.00835812355806 0.0153624174753 -0.000373075497992 0.0162575170288 0.0131584958261 0.0241219225969 0.00841597196433 0.0478679563941 0.0125142664328 0.025234360824 0.00820667528623 
-0.0367767573859 -0.0349208663088 -0.0115411460667 -0.0107788782952 -0.0360185673926 -0.00748146266093 -0.0086765263747 0.0046182043592 -0.0584579960352 -0.0031455543235 0.0216203899453 0.0180327932796 -0.00100643874899 -0.0029806566668 -0.0039212344252 -0.0352022949635 -0.0151654344085 0.00142774390633 -0.0235893623434 -0.0391071459745 -0.0706440890237 0.00527688337082 2.47721509619 -0.0047734043156 0.00890754829299 0.0111548973522 -0.00934834545979 -0.0154465467038 -0.0106046317478 -0.00754214264377 0.0115458713383 -0.0168405145192 -0.0107622041564 -0.0263326756252 -0.0178799640636 -0.0219947221081 0.0491987893612 -0.013420589854 -0.0139500500148 0.00473676762847 -0.0170330681996 0.0384452120919 -0.00941247968482 1.11451630764 0.017859182488 0.00476379516376 0.0076433312607 -0.0055556908813 0.00788400257794 0.0163873904186 
-0.00981239471027 0.00413935073166 0.00920888852708 0.0192042813308 0.0483846418447 0.012954243254 0.0197902869955 0.0266832424138 -0.000524043585285 0.0195185455401 0.0154667518611 -0.0195709093091 0.0166145172051 -0.0215110088029 -0.00903839992884 0.0241362606026 0.0131430090787 -0.0194533771292 0.0130769355937 0.00633289199466 0.0253130342362 0.016858061195 -0.00477340431561 0.2928687546 -0.00268945382716 0.0206315060135 0.0271176772359 0.0118140430295 0.0135396303805 0.00363300680407 -0.0161735814261 -0.00688828479412 0.0247340817781 0.0230671728184 0.0355726124202 0.0144402960459 -0.0209325225551 0.0298535664293 0.0109788811435 0.0184263813515 0.0236843545911 0.0331077291425 0.00741940324773 0.0116657938371 0.0141467843931 -0.00510666092574 5.74031503101e-05 0.0205979441182 0.0181095327323 -0.0030942208587 
0.0134033469151 0.0332842481926 0.0106818537388 0.0249105751883 0.0717446718968 0.00238379641477 0.0125753479591 0.0186643490743 0.033537151056 0.022744434912 0.00796032367777 0.0294393120532 0.0212026294439 0.033116103072 0.0191876084359 0.00252758429369 0.01528767087 -0.00512419190875 0.0125081486904 0.0043454017293 -0.00949427313829 0.0251188865005 0.00890754829299 -0.00268945382716 0.294520633428 0.0141606942573 -0.00511125273552 0.0175030646556 0.00604459100523 0.0152695613316 0.00710113685399 0.0151814278183 -0.00743964657302 0.0125015316231 -0.00167237998654 -0.00155420457904 0.0123296562229 0.0176780912194 0.0235706510379 0.0141432041836 0.0231710000107 0.0413799224438 0.0128979357453 -0.00598790192261 0.0359022042371 -0.000535888735659 0.0074648426397 0.0198184959025 0.0107311159458 0.00513972693066 
0.0388064304758 -0.000871512077539 0.0286077431655 0.0137295175319 0.0328179028412 0.0331905239816 0.0391816534779 0.038094133465 0.00300513516319 0.0111644201557 0.00903016388798 0.0213476188219 0.0306771179823 0.0332850371211 0.0200606630586 0.0168216911197 0.00521061026813 -0.000969166006565 0.0224177317359 0.0315815535511 0.0212626588771 0.0132620684843 0.0111548973522 0.0206315060135 0.0141606942573 0.199841518788 0.0118117573837 0.0223809179993 0.0330942416582 0.0237078198625 0.00812105316222 0.00597752484656 0.0163058912907 0.0172742072288 0.0330033558014 0.000945088221796 0.022029679964 0.0346173395353 0.0127326176287 0.0186093074696 0.0511654610514 0.0304704128505 0.038526557769 -0.018987029226 0.0154332601495 -0.000967902581005 0.0223473345288 0.00595884525682 0.0262406029328 0.0190858831903 
0.026990236219 0.0184872200283 0.0170338211968 0.0165112504511 0.0107795023665 0.00490708215642 -0.0173698364095 0.0344802305541 0.00023857953803 0.00524056223087 0.032562222503 0.0423449817395 0.0273149188744 0.0213309772233 0.0542537405552 0.101806101657 -0.022305239661 0.0262147883699 0.00139241128671 0.0187613833932 0.031264345963 0.0171230823398 -0.00934834545979 0.0271176772359 -0.00511125273552 0.0118117573837 0.887714581821 -0.00148657354013 -0.0267419813686 0.00980034163391 0.0245894293233 0.0140985128372 0.0113417827105 0.0140701602202 0.013436244031 0.0135324872457 -0.0318756999995 -0.00526329360957 0.0127282165254 0.0281168314206 0.0354391799415 -0.000915875573369 0.0299530064684 0.00768506861037 0.0091241015984 0.0214823248229 0.00335227403221 0.00952400230747 0.0207871512137 0.00952354268798 
0.0112621422326 0.0194855059362 0.0328907345237 0.0304087777894 0.0253632866101 0.0252565500194 0.0171166784065 0.0117773244334 0.0170619297558 0.0192680067748 0.0202199735155 0.0193842028469 0.0238403646917 0.0363279114673 0.0266141667897 0.0176946769563 0.0229317631033 -0.00716117810243 -0.00623090382442 0.0132496303874 0.00145752117202 0.0119068223975 -0.0154465467038 0.0118140430295 0.0175030646556 0.0223809179993 -0.00148657354013 0.138554015609 0.0166207792087 0.0215594135069 0.0171607534108 0.00831819320464 0.0299844974761 0.0259803080932 0.0148159591845 0.00425944970508 0.0102374263614 0.0117617910155 0.0209928188769 0.0228776314935 0.0320805761343 0.0151675972691 0.0100672941394 0.000661870368902 0.0172666472918 0.00844703303088 0.0225554858096 0.00898499542063 0.0196428249428 0.0126941420575 
0.000749133324716 0.0167193165842 0.0174908457385 0.0201914813773 0.0413638651767 0.00437070439762 0.0270084467826 0.0307315347761 0.0229757846029 0.0176891188121 0.0141692640316 0.0132756120778 0.0256412394039 0.00283018751782 0.0152883635108 0.0134943712914 0.0233331805327 0.00581354344608 0.0274093258335 0.0168210180093 0.0355122435063 0.0724488428055 -0.0106046317478 0.0135396303805 0.00604459100523 0.0330942416582 -0.0267419813686 0.0166207792087 0.426306528343 0.0461384704464 0.00699263364298 0.00908854301601 0.048012831373 0.0345759177277 0.0145853810458 0.0303699270004 0.0433367980547 0.0165041313139 0.0235972550338 0.00386366613747 0.0282548765437 0.0309738094583 0.0387121179453 0.0244071661065 0.00031346369195 0.0439569622442 -0.017645287437 0.0314086046285 0.0197057997775 0.0243535196292 
0.0255816200182 0.00495912478613 0.0111346566184 0.0197516160486 0.0337816306195 0.0172364396188 0.0307052122093 0.0319037127429 0.0165296343142 0.0184786039636 0.00325156795663 0.0378235095538 0.0106623708471 0.00751686365759 0.0235929139539 0.0105090642487 0.0108863636203 0.018485929522 0.0313394963458 0.00573040882114 0.0216704942356 0.0150548531682 -0.00754214264377 0.00363300680407 0.0152695613316 0.0237078198625 0.00980034163391 0.0215594135069 0.0461384704464 0.19671359082 0.0278912297257 0.0236716409389 0.0467163229751 0.0276408134534 0.0166158913923 0.00607077599884 0.000891669555654 0.0122010924098 0.00476699756617 0.00159201510965 0.0315724078587 0.0405275683191 0.0403420117353 0.00701761401663 0.00900346288888 0.0122977411082 0.0260942708838 0.0116543674266 0.00955275836025 0.0289136595575 
0.0326134110809 0.0122368387258 0.024658279825 0.0255851398381 0.0430835013068 0.00998683870798 0.0160660904196 0.0137827461457 -0.0102125837684 0.0247618662473 0.0281489292107 0.0118154087175 0.0243515016376 0.0407435747575 0.0212762926548 0.0206044303981 0.00822047389256 0.00858110112643 0.015690474666 0.0164303639803 0.0519399148402 0.00868727571053 0.0115458713383 -0.0161735814261 0.00710113685399 0.00812105316222 0.0245894293233 0.0171607534108 0.00699263364298 0.0278912297257 0.260457432451 0.00176317770125 0.059917544021 -0.0231927246449 -0.00253501527658 0.00579919902466 0.00342849076281 0.0201349291282 0.0120756737194 0.0108919772099 0.0178923765689 0.00137547849763 0.0242231131687 0.0323955077834 0.0493096668405 0.0212466605253 0.0207325492398 0.0176771973358 -0.00564963572793 0.0219718273825 
0.0175561693465 0.00447627010945 0.000940293028089 0.00350979208819 0.00529565082495 -0.00750582027093 0.015734637099 0.00301715940717 0.00840735026888 0.00869581654855 0.0118273664334 0.00277913581597 0.0220502606962 0.00459564970751 0.0321110335024 0.0048208438025 -0.0236873000714 0.0148363655766 -0.00153263223626 0.0292508003988 0.0260346657185 0.0236178727696 -0.0168405145192 -0.00688828479412 0.0151814278183 0.00597752484656 0.0140985128372 0.00831819320464 0.00908854301601 0.0236716409389 0.00176317770125 0.284908559949 0.00549514379008 0.0232733159236 0.00240222913654 -0.00258184819774 -0.00110995290418 0.0125254090118 0.00956663669649 -0.000722092429131 -0.00736236586823 -0.0147281495503 0.0170846681095 0.00658754817099 0.0174165999344 -0.0100325173081 -0.0123037037791 0.00251211956967 0.0106502477236 0.0123314256159 
0.0527905172762 0.0187159884677 0.013612729553 0.0289960687787 0.0278411135535 0.00765520076365 0.0487811289092 0.00265682935997 0.0118649558779 0.0169778058633 0.042308473216 0.0132034347328 0.0265370207802 0.00421970097839 0.0266330120166 0.0545300399028 0.0167991972208 0.0239580402911 0.00477595245593 0.023330682788 0.0633524164309 -0.00645468069316 -0.0107622041564 0.0247340817781 -0.00743964657302 0.0163058912907 0.0113417827105 0.0299844974761 0.048012831373 0.0467163229751 0.059917544021 0.00549514379008 0.297161254898 0.00628187155533 0.0198584097223 -0.0053320478867 0.00987457244907 0.00386945700725 0.0142788904555 0.0311457467528 0.00684374790521 -0.00691360846833 0.00124349646907 -0.0230294620538 0.029724936992 0.0182352663066 0.025858690678 0.0390966088294 0.018883297982 0.0562534135304 
0.0133051578818 0.0151065783702 0.0378248522225 0.0354958749917 0.0599016721532 0.0117947946025 0.0119789196825 0.0364437145933 0.0456922731896 0.027063786589 0.0306627860937 0.0214497469212 0.0244273346242 0.016209561513 0.0424140524087 -0.000962077794381 0.0298610597595 0.0150006360589 0.0135847259842 -0.0141578679738 0.0293105059416 0.044037455138 -0.0263326756252 0.0230671728184 0.0125015316231 0.0172742072288 0.0140701602202 0.0259803080932 0.0345759177277 0.0276408134534 -0.0231927246449 0.0232733159236 0.00628187155533 0.652763321987 0.0173254416637 0.00126997408654 0.196082523334 0.0249763557591 0.015183305962 0.0168750318969 0.00539408639405 0.062921373208 0.0362572101996 -0.0241985473747 0.00764203672745 0.01174628918 0.0292621449083 0.0215173007125 0.0206907582713 0.037058514841 
0.0129538929304 0.00283394230688 -0.00207090778931 0.00999136862976 0.0135247447351 0.0300803496839 0.0196074008749 0.030518334023 0.0114040814358 0.0128392173851 0.0115933721962 0.0093349021326 0.0171681017326 0.000944777339121 0.0103058610407 -0.000110181981465 -0.0223171992993 -0.00263005243264 -0.0130763658384 -0.0196254031253 0.0178661375654 -0.00499354499393 -0.0178799640636 0.0355726124202 -0.00167237998654 0.0330033558014 0.013436244031 0.0148159591845 0.0145853810458 0.0166158913924 -0.00253501527658 0.00240222913654 0.0198584097223 0.0173254416637 0.180213312807 0.00997015318391 -0.00741345396325 0.00559876855268 0.00504932544816 0.00866654558199 0.0345585646885 0.0220022165696 0.0228950011606 -0.0229644490161 0.0163132327116 0.0195050827035 0.00216177365804 0.00313652822145 0.0130614274813 0.00386445065572 
-0.00416812032491 0.00752233341688 -0.00494706250769 0.000387138524113 0.000899222975667 0.0191695428552 -0.00597561369211 0.0213257277984 0.0159962863452 0.00549426253435 0.0051049533841 0.00679810085569 0.00727890525076 -0.0115356390136 0.0290111761514 0.00381103930591 -0.00579195801013 0.00254909736365 0.0130717618428 -0.0072738593319 0.0253851610504 0.00210031642203 -0.0219947221081 0.0144402960459 -0.00155420457904 0.000945088221795 0.0135324872457 0.00425944970509 0.0303699270004 0.00607077599883 0.00579919902465 -0.00258184819774 -0.0053320478867 0.00126997408654 0.00997015318391 0.150561001037 -0.00334517691446 0.0048711782512 -0.00140191730047 0.0104002054761 0.0239795635684 0.0275293533839 -0.00198635803685 -0.0211863275777 0.00634743290696 0.010496785302 0.00530708998881 0.00516857955708 0.0030941114086 0.0206691240685 
0.190640449863 0.0446844559949 -0.014795166672 0.0336781561654 0.049348718076 0.0421041697648 -0.0137055526306 0.0126242089621 0.0326772384005 -0.0127514793611 0.00464874112028 0.047147157102 0.00252262486435 -0.00203710457339 0.0427503317889 -0.0269805460394 0.0214760195012 0.028194353448 -0.00453036682086 0.00258435502306 0.0215849874368 0.0173191152846 0.0491987893612 -0.0209325225551 0.0123296562229 0.022029679964 -0.0318756999995 0.0102374263614 0.0433367980547 0.000891669555654 0.0034284907628 -0.00110995290418 0.00987457244907 0.196082523334 -0.00741345396325 -0.00334517691446 0.710949499703 0.0349580862084 0.0308110799221 -0.00316885200882 -0.00278272683905 0.0543187718657 0.051354664658 0.0379513716371 -0.0113895830521 -0.018104978572 0.0247699627524 0.00985714447092 0.00581232562978 0.0190062795706 
0.0542476107797 -0.000864767834058 0.0241743939015 0.0227512865069 0.0222998831141 0.0202068744701 0.00585909468318 0.0594817420767 0.0211932724399 0.00948439069959 -0.000649589036687 0.0249480974151 0.0301486064772 0.00078886738136 0.000924872172845 0.0112191673736 0.00234571970561 0.00292136735014 0.00286381826037 0.0157662239618 0.00397291678892 0.0156590068647 -0.013420589854 0.0298535664293 0.0176780912194 0.0346173395353 -0.00526329360957 0.0117617910155 0.0165041313139 0.0122010924098 0.0201349291282 0.0125254090118 0.00386945700726 0.0249763557591 0.00559876855268 0.0048711782512 0.0349580862084 0.29768336958 -0.00407707513964 0.00856073951967 0.0560832969819 -0.00748156429759 0.0247574222762 -0.011105249135 0.00634512443645 0.0190983553166 0.0119187640105 0.0231116075734 0.0204882131689 0.0202084482066 
0.0191395489613 0.0684028171151 0.00246294091721 0.0306463021408 -0.00103235131652 -0.00112577217319 -0.00472138494142 0.0176176150315 -0.00376220287134 0.021853846296 0.00166817467291 -0.00271166591784 -0.00214151862453 0.00762354425486 0.00629772190556 0.0197573333344 0.0779647719327 -0.0109554416125 0.0492309486491 0.0108535194521 0.0219088240821 0.0133176843616 -0.0139500500148 0.0109788811435 0.0235706510379 0.0127326176287 0.0127282165254 0.0209928188769 0.0235972550338 0.00476699756617 0.0120756737194 0.00956663669649 0.0142788904555 0.015183305962 0.00504932544817 -0.00140191730047 0.0308110799221 -0.00407707513964 0.265338501936 0.00379971861355 -0.00303348040692 -0.0125392328346 0.0425313473027 -0.0266210418757 0.00377893840653 -0.00815046300576 -0.00243614424585 0.0171796344183 0.0112388821537 0.0120302417707 
-0.000332177557794 0.0216288148313 0.0282256774256 0.000669446618771 0.0271131539183 0.0108164449413 0.0368443039089 0.0185407338192 0.012516217426 0.0140677513244 0.028702861112 0.00874508083568 0.0374199087388 -0.00247712897581 0.00875332664808 0.0349598657123 0.0137924161997 -0.00357919550193 -0.00328683402867 0.00672743749511 0.0208403994247 0.00835812355807 0.00473676762847 0.0184263813515 0.0141432041836 0.0186093074696 0.0281168314206 0.0228776314935 0.00386366613746 0.00159201510967 0.0108919772099 -0.000722092429136 0.0311457467528 0.0168750318969 0.00866654558199 0.0104002054761 -0.00316885200882 0.00856073951968 0.00379971861355 0.148334631397 0.0155527740115 0.00041841561928 0.0287196714026 -0.0147573654327 0.0144625856136 0.00609001208567 0.0101261951161 0.0278302703826 0.0254346283671 0.0314717804807 
0.0226633686515 0.0140494813023 0.0361871776368 0.0230826522218 0.0804322545903 0.053933898567 0.00777792648392 0.0693202530121 0.00305887460452 0.0166370265396 0.022921448281 0.027802853941 0.0188196058275 -0.00096726844893 0.0813588042412 0.0523660662568 0.0110643642399 0.0106002971022 0.0237743858087 0.0500084568034 0.0186088233439 0.0153624174753 -0.0170330681996 0.0236843545911 0.0231710000107 0.0511654610514 0.0354391799415 0.0320805761343 0.0282548765437 0.0315724078587 0.0178923765689 -0.00736236586824 0.00684374790521 0.00539408639405 0.0345585646885 0.0239795635684 -0.00278272683905 0.0560832969819 -0.00303348040692 0.0155527740115 0.37468964745 0.0283836560518 0.0067886634553 -0.0181301577093 0.0363051914751 0.000171018270944 0.0150263926831 0.0130144438501 0.0109771637317 0.027474324866 
0.00870562860401 0.00983965113209 -0.0071850556683 0.0200104006119 0.171604926571 0.0114414220807 0.00223459746489 0.0282687406638 0.0722109097119 0.00696376342938 0.00114343579458 0.0111540771237 0.0124211978426 0.0196499046252 0.0296371943475 0.00888533072014 -0.0147455953404 0.018065888936 0.02195670681 -0.00110010523785 0.0344487494665 -0.000373075497993 0.0384452120919 0.0331077291425 0.0413799224438 0.0304704128505 -0.000915875573369 0.0151675972691 0.0309738094583 0.0405275683191 0.00137547849763 -0.0147281495503 -0.00691360846833 0.062921373208 0.0220022165696 0.0275293533839 0.0543187718657 -0.00748156429759 -0.0125392328346 0.000418415619279 0.0283836560518 0.485313845941 0.0392487164453 0.0398955790807 0.00919464757897 0.080811554334 0.0354917040121 0.0291616862542 0.0221628149866 0.0313711738129 
0.0492423928537 0.0258691551295 0.0227621176537 0.0247882911411 0.0366568407538 0.00719119629152 0.0131483941563 0.0315856743582 0.019853355005 0.0145609921849 0.00396880943536 0.0402339629959 0.0169622752018 -0.00192603185976 0.00868870722358 0.0175470468757 0.0172200392418 0.0196749267242 0.0288530622182 0.000441582448107 0.0270657356462 0.0162575170288 -0.00941247968481 0.00741940324774 0.0128979357453 0.038526557769 0.0299530064684 0.0100672941394 0.0387121179453 0.0403420117353 0.0242231131687 0.0170846681095 0.00124349646907 0.0362572101996 0.0228950011606 -0.00198635803686 0.051354664658 0.0247574222762 0.0425313473027 0.0287196714026 0.0067886634553 0.0392487164453 0.167987419591 -0.00180264027073 0.0188752579172 0.015622949927 0.00172823948291 0.0219484102674 0.0102334644412 0.0233237895877 
-0.0284812059948 -0.00223238096301 -0.014243903306 0.00119606540736 0.026955481193 -0.00257520334568 -0.00302120270693 -0.0160060281501 -0.0284405221375 -0.00890624890188 0.0192725623016 0.0226660861963 -0.00754439367751 0.00778149870669 0.00074937201202 -0.0107850737579 0.0300989194655 -0.002421532432 0.0390885127759 -0.00553450007323 -0.0269821703434 0.0131584958261 1.11451630764 0.0116657938371 -0.00598790192261 -0.018987029226 0.00768506861037 0.000661870368906 0.0244071661065 0.00701761401663 0.0323955077834 0.00658754817099 -0.0230294620538 -0.0241985473747 -0.0229644490161 -0.0211863275777 0.0379513716371 -0.011105249135 -0.0266210418757 -0.0147573654327 -0.0181301577093 0.0398955790807 -0.00180264027073 0.887231795113 0.0215389478204 0.0838085257124 -0.0136223664728 0.0277225305908 -0.00627537232417 -0.00615523053542 
0.025685852623 -0.00558682717993 0.0211353902754 0.0204912692171 0.0610224794857 0.00412082591104 -0.00210108351668 0.00408689461812 0.00345323727656 0.0047289739669 0.0293569047733 0.00683844794733 0.0165785808617 -0.00500996179165 0.00983285074577 0.0275313672684 -0.00114736097958 0.0154194812798 0.00269663167005 0.00543449209181 0.0218651690407 0.0241219225969 0.017859182488 0.0141467843931 0.0359022042371 0.0154332601495 0.0091241015984 0.0172666472918 0.000313463691952 0.00900346288889 0.0493096668405 0.0174165999344 0.029724936992 0.00764203672746 0.0163132327116 0.00634743290696 -0.0113895830521 0.00634512443645 0.00377893840653 0.0144625856136 0.0363051914751 0.00919464757897 0.0188752579172 0.0215389478204 0.17151377232 -0.0109162968969 -0.00343992482918 0.0106793023877 0.0174397352404 0.0307166539274 
-0.011180501786 0.015771094461 -0.0079495526373 0.00624711026246 0.0237941103268 -0.00600806024002 0.0111162332573 0.0342677207682 -0.023324231426 -0.0153571818775 0.0349133686411 0.00493466023001 0.0159373552468 -0.0181517869386 0.00628981517855 1.2525166861e-05 0.00427424570342 0.0142384926549 0.0916145407974 0.0217704498275 0.00848479184315 0.00841597196433 0.00476379516376 -0.00510666092574 -0.00053588873566 -0.000967902581006 0.0214823248229 0.00844703303088 0.0439569622442 0.0122977411082 0.0212466605253 -0.0100325173081 0.0182352663066 0.01174628918 0.0195050827035 0.010496785302 -0.018104978572 0.0190983553166 -0.00815046300576 0.00609001208567 0.000171018270943 0.080811554334 0.015622949927 0.0838085257124 -0.0109162968969 1.19998117586 -0.0328583669499 -0.000754430601073 -0.00021794933956 0.00363297825495 
0.027579106688 -0.00165538900872 -0.00109144049728 0.0214024886849 -0.0186770593635 0.0224906322457 0.00263144375848 0.0305694713221 0.00673391254769 -0.0136549547401 0.0132328021624 0.0156209456368 0.0183508261545 0.0351667315071 0.0146527327846 -0.00949561402817 0.0007817886634 0.000641437905962 0.102315906713 -0.00165721693749 0.0190545648313 0.0478679563941 0.00764333126069 5.74031503104e-05 0.0074648426397 0.0223473345288 0.00335227403221 0.0225554858096 -0.017645287437 0.0260942708838 0.0207325492398 -0.0123037037791 0.025858690678 0.0292621449083 0.00216177365804 0.00530708998881 0.0247699627524 0.0119187640105 -0.00243614424585 0.0101261951161 0.0150263926831 0.0354917040121 0.00172823948291 -0.0136223664728 -0.00343992482918 -0.0328583669499 0.33704185132 -8.44600806937e-06 0.0154326654065 0.0254769239222 
