20
0.0762578269544 0.0541634245192 0.0870955077299 0.126841392599 0.0413299620627 -0.00139328324831 0.0493934577213 0.399937027552 0.0360508970818 0.0142076594304 0.0952470994091 0.0270606760034 0.0637259516476 0.0965978414643 0.112605751981 0.0615160923796 0.0950879331279 0.0328492958576 0.110374427341 0.0136100125143 
0.441088444404 0.0081596482517 0.0711296322376 0.0353560660332 -0.0136481566742 0.013962507436 0.0255314170824 0.0311989677372 0.013288431065 0.00380314226183 0.0556801066267 0.0669565404763 0.0193504902725 -0.00465564753029 0.196073575439 -0.0076791142009 0.0162506728355 0.00546502376164 0.146568769332 -0.00546033220583 
0.00815964825171 0.319767228168 -0.0197647919656 -0.00842596665972 -0.00151505600342 0.00855357438784 0.0215078754018 -0.00248860423547 0.0194330062585 -0.00949408722711 0.0325177933774 0.0099813100687 0.0177624394146 0.011216571939 -0.0103575430432 0.0310932987457 0.0280790492887 0.00926452827305 -0.0285617403781 0.028681511802 
0.0711296322376 -0.0197647919656 0.451226410959 0.0335010674329 0.00674955165226 0.0268864349731 0.0199587461879 0.0298562094044 0.0240560758023 0.0159974722622 0.0320106364905 0.0481297853298 -1.45217010502e-05 -0.00198203288239 0.0665034653194 0.0204965975752 0.0333391100147 -0.00302642529469 0.100777499174 0.00836571247364 
0.0353560660332 -0.00842596665972 0.0335010674329 0.880965445975 0.0369598894788 -0.00201106558894 0.0155311782903 0.0250506678588 0.00532982381419 0.0174191167793 0.00892316932318 -0.00804662860257 -0.00131722124145 0.0199169914014 0.0084337507946 0.00268949701322 0.0141582921079 -0.0188057482018 0.0357002018414 0.00118732013559 
-0.0136481566742 -0.00151505600342 0.00674955165226 0.0369598894788 0.297014392881 0.0148042280697 0.0136058219753 0.00707639938668 0.0287453498421 -0.00430386784238 0.0440007072163 0.00381896807857 0.0308474174739 0.0434996491369 0.00158108471464 0.033078978937 0.0310755301529 0.00990689169999 6.17709833109e-06 -0.00123274001132 
0.013962507436 0.00855357438784 0.0268864349731 -0.00201106558894 0.0148042280697 0.36764374104 0.00170360882645 0.0390407069506 0.015398553004 0.00915873059592 0.0282148969859 0.0114225746094 0.0148107196758 0.0150134379578 0.00233267699273 0.020951114084 0.045596130698 0.0475317218013 0.0223034882963 0.0102045135427 
0.0255314170824 0.0215078754018 0.0199587461879 0.0155311782903 0.0136058219753 0.00170360882645 0.176544557437 0.010214098453 0.0202168786049 0.0198248324851 0.0386059986455 0.0043960246212 0.0184241199501 0.0261954048151 -0.000915301256157 0.0444849796813 0.0194903250605 0.0211720698989 0.00935430536913 0.00538897998754 
0.0311989677372 -0.00248860423547 0.0298562094044 0.0250506678588 0.00707639938668 0.0390407069506 0.010214098453 1.32433095626 0.0324168567001 0.0195581886899 -0.00965695200868 0.0390443003239 0.0236636624847 0.0390618268944 0.0920459765181 0.0139791917801 0.0108165228375 0.0881675143261 0.0327087085214 0.0104477426311 
0.013288431065 0.0194330062585 0.0240560758023 0.00532982381419 0.0287453498421 0.015398553004 0.0202168786049 0.0324168567001 0.196032361586 0.0164830374046 0.0406683237527 0.0166640509436 0.02202177667 0.0499976856657 0.0309620601668 0.0288779500379 0.0556582792527 0.0244829876856 0.00228179712095 0.00912303774512 
0.00380314226183 -0.00949408722711 0.0159974722622 0.0174191167793 -0.00430386784238 0.00915873059592 0.0198248324851 0.0195581886899 0.0164830374046 0.132666651705 0.0143480099613 -0.00790680693973 0.02759025659 0.00876845028188 0.00445595171545 0.0115375655398 0.0206771762899 -0.00355659849293 -0.0140904927303 0.0110721977705 
0.0556801066267 0.0325177933774 0.0320106364905 0.00892316932318 0.0440007072163 0.0282148969859 0.0386059986455 -0.00965695200868 0.0406683237527 0.0143480099613 0.464601114458 0.0138660955244 -0.000427958104044 0.0702906660077 0.0572798326887 0.0596786817872 0.0386267486563 0.0196518866651 0.0529937390834 0.0132526872974 
0.0669565404763 0.0099813100687 0.0481297853298 -0.00804662860257 0.00381896807857 0.0114225746094 0.00439602462121 0.0390443003239 0.0166640509436 -0.00790680693973 0.0138660955244 0.201288754759 0.0257879513536 0.014247761 0.100891781502 0.0259447411536 0.0234298954043 0.00591455156699 0.085362593312 0.00237427709418 
0.0193504902725 0.0177624394146 -1.45217010501e-05 -0.00131722124145 0.0308474174739 0.0148107196758 0.0184241199501 0.0236636624847 0.02202177667 0.02759025659 -0.000427958104044 0.0257879513536 0.208186028282 0.00872767255044 0.0410228618971 0.0163552930606 0.0144733199304 0.0239799962209 0.0090288115029 0.0125402683322 
-0.00465564753029 0.011216571939 -0.00198203288239 0.0199169914014 0.0434996491369 0.0150134379578 0.0261954048151 0.0390618268944 0.0499976856657 0.00876845028188 0.0702906660077 0.014247761 0.00872767255044 0.449794681907 -0.00593153062247 0.0308054391378 0.028852534569 0.0269117384599 -0.00582092468282 0.00249107315131 
0.196073575439 -0.0103575430432 0.0665034653194 0.0084337507946 0.00158108471464 0.00233267699273 -0.000915301256157 0.0920459765181 0.0309620601668 0.00445595171545 0.0572798326887 0.100891781502 0.0410228618971 -0.00593153062247 0.488657339127 0.0256172231735 0.0266734783294 0.0185992974966 0.231775313882 -0.00673628894604 
-0.0076791142009 0.0310932987457 0.0204965975752 0.00268949701322 0.033078978937 0.020951114084 0.0444849796813 0.0139791917801 0.0288779500379 0.0115375655398 0.0596786817872 0.0259447411536 0.0163552930606 0.0308054391378 0.0256172231735 0.187531136266 0.0724127970421 0.0145931195013 0.00601002408923 0.0107585330454 
0.0162506728355 0.0280790492887 0.0333391100147 0.0141582921079 0.0310755301529 0.045596130698 0.0194903250605 0.0108165228375 0.0556582792527 0.0206771762899 0.0386267486563 0.0234298954043 0.0144733199304 0.028852534569 0.0266734783294 0.0724127970421 0.300518485648 0.0267692490291 0.0241760211442 0.0400120473124 
0.00546502376164 0.00926452827305 -0.00302642529469 -0.0188057482018 0.00990689169999 0.0475317218013 0.0211720698989 0.0881675143261 0.0244829876856 -0.00355659849293 0.0196518866651 0.00591455156699 0.0239799962209 0.0269117384599 0.0185992974966 0.0145931195013 0.0267692490291 0.332487657219 0.00528522994481 -0.00323802374445 
0.146568769332 -0.0285617403781 0.100777499174 0.0357002018414 6.1770983307e-06 0.0223034882963 0.00935430536913 0.0327087085214 0.00228179712095 -0.0140904927303 0.0529937390834 0.085362593312 0.0090288115029 -0.00582092468282 0.231775313882 0.00601002408923 0.0241760211442 0.00528522994481 0.441792892554 -0.0111735681074 
-0.00546033220583 0.028681511802 0.00836571247364 0.00118732013559 -0.00123274001132 0.0102045135427 0.00538897998754 0.0104477426311 0.00912303774512 0.0110721977705 0.0132526872974 0.00237427709418 0.0125402683322 0.00249107315131 -0.00673628894604 0.0107585330454 0.0400120473124 -0.00323802374445 -0.0111735681074 0.164507313862 
0.0381993798169 0.000706646267192 0.00616000684796 0.00306192513626 -0.00118196503947 0.00120918861401 0.0022110855788 0.00270190986323 0.00115081188787 0.000329361781295 0.00482203868241 0.0057986065002 0.00167580161516 -0.00040319090323 0.0169804697341 -0.000665030797654 0.00140734955042 0.000473284940987 0.0126932277643 -0.000472878640335 
0.000706646267192 0.0276926542891 -0.00171168119427 -0.000729710117875 -0.000131207698712 0.000740761271303 0.00186263664794 -0.000215519448788 0.00168294770918 -0.000822212072443 0.00281612351399 0.000864406808254 0.00153827237663 0.000971383624254 -0.000896989539622 0.00269275866012 0.00243171699981 0.000802331683854 -0.00247351927438 0.00248389178395 
0.00616000684796 -0.00171168119427 0.0390773534749 0.00290127754508 0.000584528319501 0.00232843357039 0.00172847812264 0.0025856235805 0.00208331727602 0.00138542173754 0.00277220243921 0.00416816167743 -1.25761620157e-06 -0.000171649082728 0.00575936904063 0.00177505741913 0.00288725162123 -0.000262096118786 0.00872758744142 0.000724491952293 
0.00306192513626 -0.000729710117875 0.00290127754508 0.0762938456071 0.00320082032097 -0.00017416338887 0.00134503949501 0.00216945147475 0.000461576282078 0.00150853976423 0.000772769131614 -0.000696858478464 -0.00011407470575 0.00172486205206 0.000730384243731 0.000232917273685 0.00122614406396 -0.00162862556799 0.00309172817149 0.000102824939984 
-0.00118196503947 -0.000131207698712 0.000584528319501 0.00320082032097 0.0257222009525 0.00128208375918 0.00117829874699 0.000612834163619 0.00248942032039 -0.000372725888604 0.00381057302338 0.000330732337228 0.00267146471736 0.00376718012083 0.000136925952841 0.00286472360907 0.00269121985485 0.000857961988473 5.3495240764e-07 -0.000106758416606 
0.00120918861401 0.000740761271303 0.00232843357039 -0.00017416338887 0.00128208375918 0.0318388819283 0.000147536852182 0.00338102440009 0.0013335538083 0.000793169336249 0.0024434817555 0.000989223978837 0.00128264594876 0.00130020186696 0.000202015753453 0.00181441970344 0.00394874074987 0.00411636785655 0.00193153874576 0.000883736796124 
0.0022110855788 0.00186263664794 0.00172847812264 0.00134503949501 0.00117829874699 0.000147536852182 0.0152892071641 0.000884566873706 0.00175083304571 0.00171688085578 0.00334337755655 0.000380706899763 0.00159557559192 0.00226858860323 -7.92674139948e-05 0.00385251224908 0.00168791166304 0.00183355503831 0.000810106608442 0.000466699356969 
0.00270190986323 -0.000215519448788 0.0025856235805 0.00216945147475 0.000612834163619 0.00338102440009 0.000884566873706 0.114690425114 0.00280738214131 0.00169378882575 -0.000836316576264 0.00338133559535 0.00204933328584 0.00338285344087 0.00797141539808 0.00121063352059 0.000936738355792 0.00763553071949 0.00283265725045 0.000904801053074 
0.00115081188787 0.00168294770918 0.00208331727602 0.000461576282078 0.00248942032039 0.0013335538083 0.00175083304571 0.00280738214131 0.0169769005097 0.00142747291239 0.00352198014992 0.00144314914471 0.00190714180327 0.00432992659169 0.0026813930658 0.00250090383421 0.00482014837637 0.00212028892963 0.000197609427302 0.000790078244696 
0.000329361781295 -0.000822212072443 0.00138542173754 0.00150853976423 -0.000372725888604 0.000793169336249 0.00171688085578 0.00169378882575 0.00142747291239 0.0114892690612 0.00124257411202 -0.000684749567263 0.00238938631039 0.000759370069593 0.000385896738362 0.000999182485532 0.00179069599456 -0.000308010464594 -0.00122027246563 0.000958880454496 
0.00482203868241 0.00281612351399 0.00277220243921 0.000772769131614 0.00381057302338 0.0024434817555 0.00334337755655 -0.000836316576264 0.00352198014992 0.00124257411202 0.0402356367747 0.00120083909754 -3.70622589857e-05 0.00608735024116 0.00496057902329 0.00516832544921 0.00334517456019 0.00170190330843 0.00458939242877 0.0011477163868 
0.0057986065002 0.000864406808254 0.00416816167743 -0.000696858478464 0.000330732337228 0.000989223978837 0.000380706899763 0.00338133559535 0.00144314914471 -0.000684749567263 0.00120083909754 0.0174321175117 0.00223330209838 0.00123389229731 0.00873748458141 0.00224688049337 0.00202908846281 0.000512215190901 0.00739261743411 0.000205618427919 
0.00167580161516 0.00153827237663 -1.25761620156e-06 -0.00011407470575 0.00267146471736 0.00128264594876 0.00159557559192 0.00204933328584 0.00190714180327 0.00238938631039 -3.70622589857e-05 0.00223330209838 0.0180294389206 0.000755838614459 0.00355268405388 0.00141640992768 0.00125342627368 0.002076728591 0.000781918012749 0.00108601909459 
-0.00040319090323 0.000971383624254 -0.000171649082728 0.00172486205206 0.00376718012083 0.00130020186696 0.00226858860323 0.00338285344087 0.00432992659169 0.000759370069593 0.00608735024116 0.00123389229731 0.000755838614459 0.0389533621019 -0.000513685620239 0.0026678292868 0.00249870279004 0.00233062491663 -0.000504106864884 0.000215733263172 
0.0169804697341 -0.000896989539622 0.00575936904063 0.000730384243731 0.000136925952841 0.000202015753453 -7.92674139948e-05 0.00797141539808 0.0026813930658 0.000385896738362 0.00496057902329 0.00873748458141 0.00355268405388 -0.000513685620239 0.042318966943 0.00221851660426 0.00230999098406 0.00161074641246 0.0200723309792 -0.00058337973545 
-0.000665030797654 0.00269275866012 0.00177505741913 0.000232917273685 0.00286472360907 0.00181441970344 0.00385251224908 0.00121063352059 0.00250090383421 0.000999182485532 0.00516832544921 0.00224688049337 0.00141640992768 0.0026678292868 0.00221851660426 0.0162406728007 0.00627113217975 0.00126380122085 0.000520483353863 0.000931716292477 
0.00140734955042 0.00243171699981 0.00288725162123 0.00122614406396 0.00269121985485 0.00394874074987 0.00168791166304 0.000936738355792 0.00482014837637 0.00179069599456 0.00334517456019 0.00202908846281 0.00125342627368 0.00249870279004 0.00230999098406 0.00627113217975 0.0260256642878 0.00231828496994 0.00209370484733 0.00346514494299 
0.000473284940987 0.000802331683854 -0.000262096118786 -0.00162862556799 0.000857961988473 0.00411636785655 0.00183355503831 0.00763553071949 0.00212028892963 -0.000308010464594 0.00170190330843 0.000512215190901 0.002076728591 0.00233062491663 0.00161074641246 0.00126380122085 0.00231828496994 0.0287942757596 0.000457714339705 -0.000280421082075 
0.0126932277643 -0.00247351927438 0.00872758744142 0.00309172817149 5.34952407606e-07 0.00193153874576 0.000810106608442 0.00283265725045 0.000197609427302 -0.00122027246563 0.00458939242877 0.00739261743411 0.000781918012749 -0.000504106864884 0.0200723309792 0.000520483353863 0.00209370484733 0.000457714339705 0.0382603868163 -0.000967659383189 
-0.000472878640335 0.00248389178395 0.000724491952293 0.000102824939984 -0.000106758416606 0.000883736796124 0.000466699356969 0.000904801053074 0.000790078244696 0.000958880454496 0.0011477163868 0.000205618427919 0.00108601909459 0.000215733263172 -0.00058337973545 0.000931716292477 0.00346514494299 -0.000280421082075 -0.000967659383189 0.0142467512913 

['OXY', 'ABT', 'EP', 'ACS', 'CB', 'RSH', 'AFL', 'JDSU', 'ASO', 'PEP', 'YHOO', 'KMI', 'BAX', 'HPC', 'RDC', 'TROW', 'GDW', 'HAS', 'RIG', 'SLE']