20
0.0485945029431 0.00640420781163 0.070995024039 0.0347685991573 0.0861575830063 0.0384658872101 0.0729597235382 0.034888990542 0.0593939882808 0.187838769987 0.0413132452317 0.143828325424 0.106465020668 0.0998681056981 -0.00662659235152 0.0408960175479 0.0887704215167 0.0824662750087 0.00642009941462 0.0623269012124 
0.146730818506 0.0209201687405 0.0197160265577 0.00931522297016 0.0127543984185 0.0537219789215 0.00266590045336 0.0205465963637 0.017456669942 0.0129995397071 0.0205536918418 0.0163955143565 0.0346649262394 0.02181751617 0.0123637241327 0.017032776921 0.0250376823751 -0.000287350025967 0.0129281204323 0.0469897236963 
0.0209201687405 0.185452487225 0.0352927134018 0.0299018175069 -0.00355112383676 0.0286590112823 0.0429424480815 0.0279871520596 0.0049824604257 0.067557163921 0.0150247374395 0.00454707719486 0.0221932821962 0.0294981774728 0.0380811272574 0.0305797048548 0.0214211745373 0.0326545418694 0.0396284160761 0.0294665356445 
0.0197160265577 0.0352927134018 0.387132967011 0.00718318916794 -0.0227096119414 0.0319134056118 0.0484988329159 0.00768861817084 0.0211337414321 0.0182484824193 0.00683010965774 -0.00135005136801 0.0387533851312 0.00198636973136 0.0239506154003 0.0186940350661 0.0506462888375 0.0355284305414 0.0263012815498 0.0144850788546 
0.00931522297016 0.0299018175069 0.00718318916794 0.217022377578 -0.0102422413992 0.0142517744494 0.105453047982 0.0146257030658 0.0153952378342 0.122695947706 0.00221771167468 0.00293204635248 0.0213698353678 -0.000958767311831 0.0263428950158 0.0181407761546 0.000824080448795 0.103021144042 0.0258874310213 0.0358114167939 
0.0127543984185 -0.00355112383676 -0.0227096119414 -0.0102422413992 0.572154026397 0.0237087486119 0.0250145989843 0.0136289457524 0.0395057215095 0.00739332435329 0.0349569985034 0.0511913912134 0.0383073368477 0.0307158571705 -0.00506839168159 0.0417365033841 0.00446939919358 0.0229805499737 0.01215464486 0.0128731026507 
0.0537219789215 0.0286590112823 0.0319134056118 0.0142517744494 0.0237087486119 0.241142064952 0.000647403401452 0.0443828072951 0.0203572932159 0.0165948419989 0.0362285889479 0.0360675014525 0.0192529681894 0.0433324552957 0.030024301098 0.0163317093324 0.0242482482291 -0.00758867674796 0.0177962762453 0.0420526230417 
0.00266590045336 0.0429424480815 0.0484988329159 0.105453047982 0.0250145989843 0.000647403401452 0.462546630943 -0.0121073343289 0.0158990813458 0.143913408752 0.0202085104059 0.00602443919446 0.0141504348704 0.027436178802 0.0460599828664 0.0314874516285 0.00633287454326 0.157833732437 0.0299249904656 0.0258722208248 
0.0205465963637 0.0279871520596 0.00768861817084 0.0146257030658 0.0136289457524 0.0443828072951 -0.0121073343289 0.150831473232 0.0152391480943 0.0131542311921 0.012359108764 0.0189912808051 0.00296854409173 0.0212840494618 0.0405484598549 0.0239964996402 0.0280596627737 0.0199255926528 0.0109443258481 0.0163836160073 
0.017456669942 0.0049824604257 0.0211337414321 0.0153952378342 0.0395057215095 0.0203572932159 0.0158990813458 0.0152391480943 0.236755837494 -9.01686685524e-05 0.0251734480596 0.0339962029128 0.0225386565505 0.0247090816814 0.0255857428512 0.0195120342309 0.025275787136 0.00606095881286 0.0240542210743 0.0154459055329 
0.0129995397071 0.067557163921 0.0182484824193 0.122695947706 0.00739332435329 0.0165948419989 0.143913408752 0.0131542311921 -9.01686685522e-05 0.610039705354 0.0140180813801 -0.0255878849019 0.0300483962225 0.0208379226317 0.0139358823411 0.0111475430616 0.00442573340548 0.180242741448 0.03535093348 0.0253984369376 
0.0205536918418 0.0150247374395 0.00683010965774 0.00221771167468 0.0349569985034 0.0362285889479 0.0202085104059 0.012359108764 0.0251734480596 0.0140180813801 0.148979757547 0.0170837515296 0.0189466480301 0.00796053861504 0.00511464154057 0.00859705075426 0.0115038059138 -0.00597001503528 0.0125011863913 0.0203576172876 
0.0163955143565 0.00454707719486 -0.00135005136801 0.00293204635248 0.0511913912134 0.0360675014525 0.00602443919446 0.0189912808051 0.0339962029128 -0.0255878849019 0.0170837515296 0.602917918574 0.023689830227 0.0304106107197 -0.00398247866866 0.0261781922988 0.0247817681737 -0.0102068721532 -0.016303139097 0.000786570079314 
0.0346649262394 0.0221932821962 0.0387533851312 0.0213698353678 0.0383073368477 0.0192529681894 0.0141504348704 0.00296854409173 0.0225386565505 0.0300483962225 0.0189466480301 0.023689830227 0.27206108498 0.0188060818782 0.0247121202597 0.022661993444 0.0373189985184 -2.8917731491e-05 0.028517670885 0.0321829865726 
0.02181751617 0.0294981774728 0.00198636973136 -0.000958767311831 0.0307158571705 0.0433324552957 0.027436178802 0.0212840494618 0.0247090816814 0.0208379226317 0.00796053861504 0.0304106107197 0.0188060818782 0.432522826526 0.0160526434669 0.0321355754609 0.0204568291449 -0.000807158738304 0.0186614825823 0.0213631083659 
0.0123637241327 0.0380811272574 0.0239506154003 0.0263428950158 -0.00506839168159 0.030024301098 0.0460599828664 0.0405484598549 0.0255857428512 0.0139358823411 0.00511464154057 -0.00398247866866 0.0247121202597 0.0160526434669 0.164803167697 0.0219440797373 0.0262691129748 0.0401570443761 0.061303656744 0.0331044896576 
0.017032776921 0.0305797048548 0.0186940350661 0.0181407761546 0.0417365033841 0.0163317093324 0.0314874516285 0.0239964996402 0.0195120342309 0.0111475430616 0.00859705075426 0.0261781922988 0.022661993444 0.0321355754609 0.0219440797373 0.222439511855 0.00738364737219 0.0274093209442 0.00412418930754 0.0167044775297 
0.0250376823751 0.0214211745373 0.0506462888375 0.000824080448795 0.00446939919358 0.0242482482291 0.00633287454326 0.0280596627737 0.025275787136 0.00442573340548 0.0115038059138 0.0247817681737 0.0373189985184 0.0204568291449 0.0262691129748 0.00738364737219 0.344299550651 0.0536792459229 0.0218770424724 0.030362509023 
-0.000287350025967 0.0326545418694 0.0355284305414 0.103021144042 0.0229805499737 -0.00758867674796 0.157833732437 0.0199255926528 0.00606095881286 0.180242741448 -0.00597001503528 -0.0102068721532 -2.8917731491e-05 -0.000807158738304 0.0401570443761 0.0274093209442 0.0536792459229 0.391581500212 0.0275707262271 0.0098459469785 
0.0129281204323 0.0396284160761 0.0263012815498 0.0258874310213 0.01215464486 0.0177962762453 0.0299249904656 0.0109443258481 0.0240542210743 0.03535093348 0.0125011863913 -0.016303139097 0.028517670885 0.0186614825823 0.061303656744 0.00412418930754 0.0218770424724 0.0275707262271 0.157405911032 0.036532859957 
0.0469897236963 0.0294665356445 0.0144850788546 0.0358114167939 0.0128731026507 0.0420526230417 0.0258722208248 0.0163836160073 0.0154459055329 0.0253984369376 0.0203576172876 0.000786570079314 0.0321829865726 0.0213631083659 0.0331044896576 0.0167044775297 0.030362509023 0.0098459469785 0.036532859957 0.275511265795 
0.0127072616344 0.00181173975807 0.00170745798606 0.000806721973408 0.00110456330404 0.00465245984876 0.000230873751657 0.00177938744123 0.00151179196352 0.00112579316239 0.00178000192765 0.00141989319408 0.00300207067437 0.00188945232507 0.00107072991843 0.00147508175105 0.00216832689887 -2.48852422266e-05 0.00111960807175 0.00406942944378 
0.00181173975807 0.0160606565132 0.00305643863744 0.00258957335803 -0.000307536345462 0.00248194318178 0.00371892509393 0.00242375846632 0.000431493730201 0.00585062201632 0.00130118043078 0.000393788436372 0.00192199461752 0.00255461710568 0.00329792236097 0.00264828012445 0.00185512813282 0.00282796628078 0.00343192150337 0.00255187684296 
0.00170745798606 0.00305643863744 0.0335266984074 0.000622082429962 -0.00196671008513 0.00276378199811 0.0042001221359 0.000665853865594 0.00183023569572 0.00158036493556 0.000591504847424 -0.000116917878111 0.00335614160063 0.000172024664867 0.0020741841373 0.00161895092665 0.00438609727407 0.00307685234054 0.00227775779742 0.00125444462639 
0.000806721973408 0.00258957335803 0.000622082429962 0.0187946892172 -0.00088700412434 0.00123423987222 0.00913250184591 0.00126662304032 0.00133326670617 0.0106257807655 0.000192059464854 0.000253922662632 0.00185068203032 -8.30316848364e-05 0.00228136162929 0.00157103729942 7.13674603419e-05 0.00892189278674 0.00224191729032 0.00310135966891 
0.00110456330404 -0.000307536345462 -0.00196671008513 -0.00088700412434 0.0495499921738 0.00205323785898 0.00216632781859 0.00118030132484 0.0034212958422 0.000640280670837 0.0030273648744 0.00443330452459 0.00331751268614 0.00266007126086 -0.000438935595259 0.00361448721957 0.000387061324129 0.00199017400702 0.00105262312227 0.0011148433921 
0.00465245984876 0.00248194318178 0.00276378199811 0.00123423987222 0.00205323785898 0.020883515417 5.60667792154e-05 0.00384366386088 0.00176299330772 0.00143715547428 0.00313748783722 0.00312353725089 0.00166735595503 0.00375270070944 0.00260018074817 0.00141436751691 0.00209995989637 -0.000657198684484 0.00154120273212 0.00364186398499 
0.000230873751657 0.00371892509393 0.0042001221359 0.00913250184591 0.00216632781859 5.60667792154e-05 0.0400577132832 -0.00104852591009 0.00137690083423 0.0124632667924 0.00175010833842 0.000521731738596 0.00122546360723 0.00237604278253 0.00398891152602 0.00272689330108 0.000548443023344 0.0136688021864 0.00259158019512 0.00224060004866 
0.00177938744123 0.00242375846632 0.000665853865594 0.00126662304032 0.00118030132484 0.00384366386088 -0.00104852591009 0.0130623887509 0.00131974893817 0.00113918983796 0.00107033021577 0.00164469316276 0.000257083459569 0.00184325275293 0.00351159963187 0.00207815782903 0.00243003807837 0.00172560694228 0.000947806421175 0.00141886276681 
0.00151179196352 0.000431493730201 0.00183023569572 0.00133326670617 0.0034212958422 0.00176299330772 0.00137690083423 0.00131974893817 0.0205036569764 -7.80883575918e-06 0.00218008455205 0.00294415753547 0.00195190491399 0.00213986924403 0.00221579032838 0.00168979173235 0.00218894737604 0.000524894430323 0.00208315665186 0.00133765465759 
0.00112579316239 0.00585062201632 0.00158036493556 0.0106257807655 0.000640280670837 0.00143715547428 0.0124632667924 0.00113918983796 -7.80883575916e-06 0.0528309882154 0.00121400145875 -0.00221597583542 0.00260226744717 0.00180461703612 0.00120688281316 0.000965405548111 0.000383279755953 0.0156094792941 0.00306148064412 0.00219956916044 
0.00178000192765 0.00130118043078 0.000591504847424 0.000192059464854 0.0030273648744 0.00313748783722 0.00175010833842 0.00107033021577 0.00218008455205 0.00121400145875 0.0129020254685 0.00147949628166 0.00164082785107 0.000689402866843 0.000442940950539 0.000744526435081 0.000996258816152 -0.000517018468153 0.00108263449923 0.00176302137316 
0.00141989319408 0.000393788436372 -0.000116917878111 0.000253922662632 0.00443330452459 0.00312353725089 0.000521731738596 0.00164469316276 0.00294415753547 -0.00221597583542 0.00147949628166 0.0522142233882 0.0020515994788 0.00263363614279 -0.000344892769709 0.00226709795559 0.00214616407891 -0.000883941057784 -0.00141189326194 6.81189670543e-05 
0.00300207067437 0.00192199461752 0.00335614160063 0.00185068203032 0.00331751268614 0.00166735595503 0.00122546360723 0.000257083459569 0.00195190491399 0.00260226744717 0.00164082785107 0.0020515994788 0.0235611810974 0.00162865446522 0.00214013239263 0.00196258620229 0.00323192007607 -2.5043490091e-06 0.00246970274431 0.00278712839416 
0.00188945232507 0.00255461710568 0.000172024664867 -8.30316848364e-05 0.00266007126086 0.00375270070944 0.00237604278253 0.00184325275293 0.00213986924403 0.00180461703612 0.000689402866843 0.00263363614279 0.00162865446522 0.0374575755488 0.00139019970403 0.00278302247143 0.00177161337204 -6.99019972258e-05 0.00161613179885 0.00185009945487 
0.00107072991843 0.00329792236097 0.0020741841373 0.00228136162929 -0.000438935595259 0.00260018074817 0.00398891152602 0.00351159963187 0.00221579032838 0.00120688281316 0.000442940950539 -0.000344892769709 0.00214013239263 0.00139019970403 0.014272372985 0.00190041305151 0.00227497191711 0.00347770205706 0.00530905240852 0.00286693290228 
0.00147508175105 0.00264828012445 0.00161895092665 0.00157103729942 0.00361448721957 0.00141436751691 0.00272689330108 0.00207815782903 0.00168979173235 0.000965405548111 0.000744526435081 0.00226709795559 0.00196258620229 0.00278302247143 0.00190041305151 0.0192638268072 0.00063944261969 0.00237371682382 0.000357165271034 0.00144665018977 
0.00216832689887 0.00185512813282 0.00438609727407 7.13674603419e-05 0.000387061324129 0.00209995989637 0.000548443023344 0.00243003807837 0.00218894737604 0.000383279755952 0.000996258816152 0.00214616407891 0.00323192007607 0.00177161337204 0.00227497191711 0.00063944261969 0.0298172157375 0.00464875906253 0.00189460745408 0.00262947041365 
-2.48852422266e-05 0.00282796628078 0.00307685234054 0.00892189278674 0.00199017400702 -0.000657198684484 0.0136688021864 0.00172560694228 0.000524894430323 0.0156094792941 -0.000517018468153 -0.000883941057784 -2.5043490091e-06 -6.99019972258e-05 0.00347770205706 0.00237371682382 0.00464875906253 0.0339119526836 0.00238769493135 0.00085268402077 
0.00111960807175 0.00343192150337 0.00227775779742 0.00224191729032 0.00105262312227 0.00154120273212 0.00259158019512 0.000947806421175 0.00208315665186 0.00306148064412 0.00108263449923 -0.00141189326194 0.00246970274431 0.00161613179885 0.00530905240852 0.000357165271034 0.00189460745408 0.00238769493135 0.013631751766 0.00316383847957 
0.00406942944378 0.00255187684296 0.00125444462639 0.00310135966891 0.0011148433921 0.00364186398499 0.00224060004866 0.00141886276681 0.00133765465759 0.00219956916044 0.00176302137316 6.81189670543e-05 0.00278712839416 0.00185009945487 0.00286693290228 0.00144665018977 0.00262947041365 0.000852684020769 0.00316383847957 0.0238599755207 

['WFC', 'PGL', 'SWK', 'CVX', 'BDX', 'WM', 'NE', 'PG', 'MHP', 'SUN', 'BUD', 'SBUX', 'BSC', 'XLNX', 'DUK', 'FISV', 'AET', 'DVN', 'AEE', 'AXP']