40
0.070293401022 0.0831393543584 0.105790735219 0.059162885268 0.0493934577213 0.0324129219316 0.0194782181544 0.0358419118375 0.0751688044393 0.116406698245 0.165506763093 0.0773544805674 0.0370780174455 0.087070388143 0.11775000089 0.0436793340255 -0.0014382556632 0.0729384759615 -0.00305157485537 0.025637758891 0.0147816990943 0.0114549593271 0.00238062118955 0.0657027666716 0.0526772687529 0.0146033592013 0.0749299903321 0.399937027552 0.0203567883068 0.0824662750087 0.0088766616328 0.0415957971797 0.0110311255814 0.00646873977314 0.0217130314185 0.0392369654355 0.0571643700905 0.0621428512979 0.0431320253577 -0.0108233812146 
0.327365220234 0.00462194088365 0.0117708047896 0.0289015224934 -0.0029255140531 0.0102211513878 0.0115979757807 0.0178922960109 0.0220137697736 0.0292813227879 0.0753285221492 0.0101734455621 0.0241462439494 3.89961020265e-05 -0.0177848542134 -0.00793015775566 0.000867209472729 0.0145501411067 0.0189926974201 0.0275019126572 -0.00267843051936 0.00107205813224 0.00739603377117 0.00353605496962 0.0196410536229 0.0160489807169 0.0339714670457 0.0284174806926 -0.0051464739324 0.0282503663806 0.0396746539337 0.0222414491073 0.00842525718968 0.0124617136041 0.0349123806418 0.0119785049105 -0.000142047790214 0.0192995564528 0.0310111614784 -0.0040620277223 
0.00462194088365 0.300258241901 0.0136284497961 0.037765312989 0.00334167748225 -0.00293031300995 0.011036864588 0.00862629222644 0.0185756607 0.0108212025839 0.0344069515325 0.0416309659342 0.00566603920941 0.0768077548359 0.0521889306995 -0.00652077915562 0.0126718955778 -0.00347658412124 0.01394545019 0.0104766782783 0.00350990824847 0.0104022007632 -0.00325062679997 0.0152574294117 0.00270810014208 0.00308715476716 0.0430092166032 -0.00314631243149 0.00533934107213 0.000926086963281 0.00720937749338 0.0267315469785 0.00201692773433 0.00231829976592 -0.0114472069482 0.0195140824555 0.00981625044994 0.0153976265814 0.00580679515944 0.00667982561808 
0.0117708047896 0.0136284497961 0.355796554345 0.0312756833666 0.0390131710099 -0.00357291583302 0.0156477052606 0.0138882955823 0.0092682612973 0.0143892517695 0.0259777222352 0.0245123394285 0.00781602785134 0.0572616445725 0.0258941921017 0.00831010675602 0.00503104943596 0.0155365158623 -0.0133285618123 0.022229417046 0.0290997379259 0.00666788884601 0.0110643784736 0.0181809948137 0.0208766716406 0.00732739749271 -0.00168409874866 -0.026345622277 0.0086546928802 0.0175158545764 0.0372487777459 0.0226933791676 0.011507857703 0.0177852594591 0.00105043474794 0.0149478730744 0.029302584994 0.0254820212677 0.0104834384935 0.0347922243885 
0.0289015224934 0.037765312989 0.0312756833666 0.34431139667 0.025336424798 0.00915534218352 -0.00232682571269 -0.00231581170052 0.0033544272106 0.012182622004 -0.00311939323651 -0.000256330210594 -0.00117989359472 0.0179545414052 -0.0115355796196 0.00179859994167 0.0281211024421 0.00667076469699 0.0288170391596 -0.00796689794215 0.00378729433891 0.0151134570225 0.00843354821217 -0.00772469765879 -0.00487047519144 -0.00475960763652 0.0454411051498 -0.035657104209 -0.0163448532687 0.00194020080832 0.00905535937309 0.0401509932606 0.0119275477281 -0.00930243471275 0.0088152431776 -0.00168519689629 -0.000217870771968 0.0143767797687 0.0248906093815 0.0154513706042 
-0.0029255140531 0.00334167748225 0.0390131710099 0.025336424798 0.159861405439 -0.00287863808691 0.0250866079359 0.0155892836538 0.0353230936645 0.0122209936238 0.019742028937 0.0111227925269 0.0144639917781 0.00933615613075 0.0055051283351 0.0316434137501 -0.000485838457504 0.0190384873903 0.0132558441907 0.0148247373838 0.0206890448209 0.0123958584743 0.00905327088335 0.0103208147373 0.00948257507891 0.00494615998307 0.0122933838669 0.00737746387832 0.0138533513192 0.0104548703267 0.0173321042826 0.0499108604789 -0.00375563933674 0.0234264196798 0.00992233697717 0.0218253344826 0.0284875877915 0.0207850010792 0.0148769514889 0.00858942171418 
0.0102211513878 -0.00293031300995 -0.00357291583302 0.00915534218352 -0.00287863808691 0.28781851775 0.0101944940877 0.00566545219852 0.026121179098 0.0128267953865 0.0182128181922 0.00469619783207 0.018038492534 0.0195465113135 0.0229392178832 -0.0013013149969 0.0159075796732 0.0328234245963 0.0287738294722 0.00741435939233 0.00797061951776 -0.00476742547636 0.00510611195832 0.015141670927 0.0192408616067 0.00470502189876 0.0212481635594 -0.00768027501002 0.0135109853203 0.00287145775735 0.0163135427863 -0.00817594279138 0.00565354910593 0.0148566194616 0.0077763072499 0.0187640645702 0.00262758717112 0.00822015229035 -0.00198404899544 -0.00323821717692 
0.0115979757807 0.011036864588 0.0156477052606 -0.00232682571269 0.0250866079359 0.0101944940877 0.13931661659 0.00927516953902 0.0607018701231 0.0253940967198 0.0161015411421 0.0346216249628 0.0324738537808 0.0219922241818 0.0383556836444 0.0140888607071 0.0003402383268 0.0218167167573 0.0124686393608 0.0243634868137 0.0491227385415 0.0215442641529 0.0172174497695 0.0135253081653 0.0162765374596 -0.00121358128999 0.0133063531528 0.0252881417353 0.0287578777989 0.011203223078 0.0165749747749 0.0256586660963 0.0179826255459 0.0630149345288 0.00910690449732 0.0519763101502 0.0266680505329 0.0276575876885 0.0487095295214 0.0190281539217 
0.0178922960109 0.00862629222644 0.0138882955823 -0.00231581170052 0.0155892836538 0.00566545219852 0.00927516953902 0.211406610774 0.00540654095183 0.0334582615185 0.0297740125193 0.0412573377098 0.0224595322858 -0.0184074501599 0.0269663106743 0.025114390082 0.00555613712927 0.0259421512217 0.0042610169076 0.0279348381093 0.000165287399344 0.0108410464224 0.0135602705288 0.0162702779163 0.00558249562398 -0.000893239908764 0.0142482971556 0.0424587893109 0.013252372473 0.0117703445768 0.0184778767405 0.0265896925784 0.00710343693912 0.000785373591933 0.0208739322884 0.00773624237862 0.0215418101186 0.0320769074373 0.0123730947596 0.0242615237486 
0.0220137697736 0.0185756607 0.0092682612973 0.0033544272106 0.0353230936645 0.026121179098 0.0607018701231 0.00540654095183 0.319902346268 0.0350162193794 -0.00388430320252 0.0190169839345 0.0202150949872 0.00603221207174 0.0597492769626 0.00439282673672 -0.013278122557 0.0257810534878 0.0273014965234 0.00160684540656 0.0545839315544 0.0414886373309 0.00231635028775 0.0283443027749 0.0145089516216 -0.0030738324674 0.0350889820882 0.0303340811435 0.0417245071017 -0.0186665697206 0.0129799151735 0.027664935465 0.000723378740941 0.0641804133889 0.0155016704035 0.0356210812567 0.0306513948136 0.0132929316295 0.045735164715 -0.00551859275427 
0.0292813227879 0.0108212025839 0.0143892517695 0.012182622004 0.0122209936238 0.0128267953865 0.0253940967198 0.0334582615185 0.0350162193794 0.53915740394 0.0498289364933 0.0185818124641 0.00508117960213 0.0361572123506 0.106633201986 0.0403398313416 0.00891777542527 0.0107821185568 0.0191814073955 -0.00107326726481 0.015623553882 -0.00333622156224 0.0119806871612 0.0363839064612 0.0140445247921 -0.0086834190414 0.0491309739252 0.0563827904739 0.0291487102846 0.02677935145 0.0165384983717 0.00217802153161 0.0085432781151 0.00810014468954 0.0269577062753 0.0347813549215 0.0262576137799 0.0332171984848 0.0737373403162 0.0195812104581 
0.0753285221492 0.0344069515325 0.0259777222352 -0.00311939323651 0.019742028937 0.0182128181922 0.0161015411421 0.0297740125193 -0.00388430320252 0.0498289364933 0.369498834751 0.0308952906125 0.0205005361311 0.0741316085163 0.038856363377 0.0125235986235 0.0186228378766 0.0333171292027 0.0185767432595 0.037759833584 0.0196860819199 0.0132580377698 0.0217780835871 0.0295832969407 0.0392473232525 0.0215986484741 -0.00697971955632 0.028395357573 0.0215379905792 0.0109643461069 0.0327101972878 0.0226408401511 0.0160454865298 0.0254675542463 0.0169499862851 0.0065963784955 0.00381601458937 0.0102540466499 0.0134460472312 -0.00595157491006 
0.0101734455621 0.0416309659342 0.0245123394285 -0.000256330210594 0.0111227925269 0.00469619783207 0.0346216249628 0.0412573377098 0.0190169839345 0.0185818124641 0.0308952906125 0.286421739242 0.0432348720724 0.0307347947548 0.0281296044269 0.0200382264061 0.00192523695791 0.00346144794384 0.032625433957 0.00876960361567 0.022792969586 0.023758697375 0.00652429052552 0.0125007889761 0.0300983764639 -0.00350750786744 0.046374345794 0.0531650483886 -0.00997160192199 -0.0128542078484 0.0237715116906 0.0273074293544 -0.00140233791806 0.0274470286695 0.0309411261549 0.0358314065953 0.0429317014923 0.011644561285 0.0415565060376 -0.00058247018635 
0.0241462439494 0.00566603920941 0.00781602785134 -0.00117989359471 0.0144639917781 0.018038492534 0.0324738537808 0.0224595322858 0.0202150949872 0.00508117960213 0.0205005361311 0.0432348720724 0.190212694402 0.00325436486012 0.0322913399973 0.0216055248063 -0.00917760030765 0.00255925247075 0.0088991348564 0.0220170258308 0.0172042263505 0.0312186379737 0.0159687349485 -0.000368569966807 0.0260330992644 -0.010101808049 0.0306506089062 0.0301924951925 -0.00490126064322 0.0209865876107 0.0132284669782 0.011930091594 0.0220746292649 0.0380993079251 0.0116406927447 0.0413781652375 0.00538339124344 0.0162641571421 0.0112971272221 0.010177050549 
3.89961020269e-05 0.0768077548359 0.0572616445725 0.0179545414052 0.00933615613075 0.0195465113135 0.0219922241818 -0.0184074501599 0.00603221207174 0.0361572123506 0.0741316085163 0.0307347947548 0.00325436486012 0.60329908931 0.0170540892931 0.00766144874024 0.0204971233248 0.00949213107809 0.00527469511477 0.0198435368078 0.0226187970092 0.00741105480594 0.00203503960464 0.0585657495214 0.0480632713687 -0.004676485273 -0.00609900613008 0.041827358414 0.0298997310303 0.0309056976322 0.0572963059098 0.0239079485236 -0.00606815096003 0.0216804847083 0.0270843236935 0.0182781918495 0.0321187178758 0.0124746524563 0.0507267632438 -0.00216003529053 
-0.0177848542134 0.0521889306995 0.0258941921017 -0.0115355796196 0.0055051283351 0.0229392178832 0.0383556836444 0.0269663106743 0.0597492769626 0.106633201986 0.038856363377 0.0281296044269 0.0322913399973 0.0170540892931 0.872913063641 0.0593527424392 0.000997627911735 0.0200523234886 0.0196643084152 0.0129828979739 0.0308365477219 0.00532906743865 0.0302321330046 0.0586921391184 0.0277647864075 -0.0267456212407 0.0217192531888 0.129839022045 0.0674755998991 0.0701801178125 -0.0231635264299 0.00937461192222 0.0348731949275 0.0302097002145 0.0334317516341 0.0333969068402 0.0202374853337 0.0445927889686 0.0828638586836 0.0335370137826 
-0.00793015775566 -0.00652077915562 0.00831010675602 0.00179859994167 0.0316434137501 -0.0013013149969 0.0140888607071 0.025114390082 0.00439282673672 0.0403398313416 0.0125235986235 0.0200382264061 0.0216055248063 0.00766144874024 0.0593527424392 0.199091801973 0.0045908005651 0.00260387352922 0.0240194009958 0.00204677851683 0.0165626890758 0.0214585162515 0.0336137985764 0.00650186998356 0.00570063062136 0.00356452150623 0.0151556956579 0.0391346531223 -0.00612158355475 0.0463612352278 0.0206708545811 0.0138924210566 0.0296569618828 0.00161989343986 0.00793919923707 0.0189545053847 0.0163188501925 0.0169805532464 0.0086243348608 0.0492114525592 
0.000867209472729 0.0126718955778 0.00503104943596 0.0281211024421 -0.000485838457504 0.0159075796732 0.000340238326801 0.00555613712927 -0.013278122557 0.00891777542527 0.0186228378766 0.00192523695791 -0.00917760030765 0.0204971233248 0.000997627911735 0.0045908005651 0.214023379089 0.00320261147394 0.0487339549157 -0.0093750320528 0.000223060896091 0.0274907898599 0.00824019827836 0.00123450505451 0.00246848600924 0.036077764804 0.0242308656538 -0.0135930863232 -0.00895986534233 0.0040024018811 0.040891670114 0.0243479410786 0.0208457481699 0.00831949252489 -0.0110624782066 0.00605181165528 0.00708408645342 0.00967404776152 0.00859876243058 0.0299412403621 
0.0145501411067 -0.00347658412124 0.0155365158623 0.00667076469699 0.0190384873903 0.0328234245963 0.0218167167573 0.0259421512217 0.0257810534878 0.0107821185568 0.0333171292027 0.00346144794384 0.00255925247075 0.00949213107809 0.0200523234886 0.00260387352922 0.00320261147394 0.319738190624 0.032493316603 0.0193680241625 0.0289893853671 0.013337485409 0.00199198067665 0.00227282578231 0.00516491283629 -0.00547582208101 0.0338114146478 -0.00817293022211 0.0295180245962 6.10010281125e-05 0.0343110761522 0.00915661432031 0.00382933770939 0.0127944216379 0.00493518875556 0.0220319108984 0.0235540814803 0.0280736917679 -0.00154344409012 0.0196207234851 
0.0189926974201 0.01394545019 -0.0133285618123 0.0288170391596 0.0132558441907 0.0287738294722 0.0124686393608 0.0042610169076 0.0273014965234 0.0191814073955 0.0185767432595 0.032625433957 0.0088991348564 0.00527469511477 0.0196643084152 0.0240194009958 0.0487339549157 0.032493316603 0.211864901117 0.009303111936 -0.0115328480115 0.0152098204333 0.0228278671398 -0.00743183573843 -0.00454167189698 0.0200732596176 0.0496215172952 0.0159660256805 -0.000752836497672 -0.00991816694065 0.00727504756933 0.00532022419055 0.01677385858 0.0082547895564 0.0256158257726 0.0116361497607 0.0233407217014 0.00688186133211 0.030820114561 0.00668138566646 
0.0275019126572 0.0104766782783 0.022229417046 -0.00796689794215 0.0148247373838 0.00741435939233 0.0243634868137 0.0279348381093 0.00160684540656 -0.00107326726481 0.037759833584 0.00876960361567 0.0220170258308 0.0198435368078 0.0129828979739 0.00204677851683 -0.0093750320528 0.0193680241625 0.009303111936 0.270658095421 0.00785461986097 0.0109004545375 0.0101603188584 0.0161230863024 0.0259560996237 0.0108301639285 0.0134459138799 -0.0210188874404 0.031310733585 0.0260283075629 0.0223098162323 0.0202878806521 0.00250954831424 0.0335846059018 0.0118604329986 0.0378549691471 0.025160412678 0.0417342172787 0.0286485394498 0.0214502005823 
-0.00267843051936 0.00350990824847 0.0290997379259 0.00378729433891 0.0206890448209 0.00797061951776 0.0491227385415 0.000165287399344 0.0545839315544 0.015623553882 0.0196860819199 0.022792969586 0.0172042263505 0.0226187970092 0.0308365477219 0.0165626890758 0.000223060896091 0.0289893853671 -0.0115328480115 0.00785461986097 0.197274586769 0.0244435065101 0.00710961121163 0.0158993236067 0.0174116116611 0.00449809759395 0.0193664903953 0.0219310073895 -0.000969154201903 -0.0017400107325 0.0222971555142 0.0298229113132 0.0106521932858 0.0506351595069 0.00978618856444 0.0384521122514 0.0446973501828 0.0124107059433 0.00913172099934 0.020589602872 
0.00107205813224 0.0104022007632 0.00666788884601 0.0151134570225 0.0123958584743 -0.00476742547636 0.0215442641529 0.0108410464224 0.0414886373309 -0.00333622156224 0.0132580377698 0.023758697375 0.0312186379737 0.00741105480594 0.00532906743865 0.0214585162515 0.0274907898599 0.013337485409 0.0152098204333 0.0109004545375 0.0244435065101 0.16195790739 0.00526553149895 0.0095670884063 0.0110119582443 0.0187041627697 0.00918430586598 0.0265007206755 0.0230334383639 0.00363925863922 0.0228526816422 0.0252659775064 0.0155547174337 0.0298383031446 0.00343182905971 0.0267658979383 0.0152930507259 0.0233388597259 0.0292233921237 0.0199949087121 
0.00739603377117 -0.00325062679997 0.0110643784736 0.00843354821217 0.00905327088335 0.00510611195832 0.0172174497695 0.0135602705288 0.00231635028775 0.0119806871612 0.0217780835871 0.00652429052552 0.0159687349485 0.00203503960464 0.0302321330046 0.0336137985764 0.00824019827836 0.00199198067665 0.0228278671398 0.0101603188584 0.00710961121163 0.00526553149895 0.124868424318 0.0160796292172 0.0153059550511 0.0142158367242 0.0167333087148 0.0104440357774 0.00609105640667 0.0285742334006 0.0236056753998 0.018293004836 0.0395792586624 0.0164887067023 0.000427792222312 0.0176712663657 0.0204747062044 0.022116521063 0.0114183704653 0.0482347046565 
0.00353605496962 0.0152574294117 0.0181809948137 -0.00772469765879 0.0103208147373 0.015141670927 0.0135253081653 0.0162702779163 0.0283443027749 0.0363839064612 0.0295832969407 0.0125007889761 -0.000368569966807 0.0585657495214 0.0586921391184 0.00650186998356 0.00123450505451 0.00227282578231 -0.00743183573843 0.0161230863024 0.0158993236067 0.0095670884063 0.0160796292172 0.174978102286 0.0214112202601 0.0267892081509 0.00533731729187 0.0232542790419 0.0388961780758 -0.00709665379848 0.0235232336133 0.00330234072408 0.0103928590411 0.0127222297411 0.0207396207203 0.0156470283492 0.0186246085806 0.0117091309365 0.0166665802271 0.012423888135 
0.0196410536229 0.00270810014208 0.0208766716406 -0.00487047519144 0.00948257507891 0.0192408616067 0.0162765374596 0.00558249562398 0.0145089516216 0.0140445247921 0.0392473232525 0.0300983764639 0.0260330992644 0.0480632713687 0.0277647864075 0.00570063062136 0.00246848600924 0.00516491283629 -0.00454167189698 0.0259560996237 0.0174116116611 0.0110119582443 0.0153059550511 0.0214112202601 0.246410666643 0.00488513363294 0.00986659915051 0.011392665463 0.00673310851121 0.0458726045529 0.0182473011165 0.0246194440694 0.0123958690307 0.0291103589676 0.0117505912479 0.0126223421999 0.0144832759179 0.00690477562641 0.0214753659947 0.0146041160014 
0.0160489807169 0.00308715476716 0.00732739749271 -0.00475960763652 0.00494615998307 0.00470502189876 -0.00121358128999 -0.000893239908764 -0.0030738324674 -0.0086834190414 0.0215986484741 -0.00350750786744 -0.010101808049 -0.004676485273 -0.0267456212407 0.00356452150623 0.036077764804 -0.00547582208101 0.0200732596176 0.0108301639285 0.00449809759395 0.0187041627697 0.0142158367242 0.0267892081509 0.00488513363294 0.169053625616 -0.00541003051933 0.0268842066572 0.00129522408269 -0.000581196382927 0.0193346343186 0.0303153709539 0.00368950559892 0.00877310713407 0.0100754763436 0.011218145888 0.030242665607 0.00599667234366 0.00960107957964 0.00598544720728 
0.0339714670457 0.0430092166032 -0.00168409874866 0.0454411051498 0.0122933838669 0.0212481635594 0.0133063531528 0.0142482971556 0.0350889820882 0.0491309739252 -0.00697971955632 0.046374345794 0.0306506089062 -0.00609900613008 0.0217192531888 0.0151556956579 0.0242308656538 0.0338114146478 0.0496215172952 0.0134459138799 0.0193664903953 0.00918430586598 0.0167333087148 0.00533731729187 0.00986659915051 -0.00541003051933 0.430917014373 0.00526846109654 0.0133863556485 0.0348440028183 0.014178111113 0.0452778682232 0.0192639947193 0.0241297646772 0.0199669177904 0.0195093486615 0.017475404935 0.0297590841676 0.0669093798219 0.0176245882916 
0.0284174806926 -0.00314631243149 -0.026345622277 -0.035657104209 0.00737746387832 -0.00768027501002 0.0252881417353 0.0424587893109 0.0303340811435 0.0563827904739 0.028395357573 0.0531650483886 0.0301924951925 0.041827358414 0.129839022045 0.0391346531223 -0.0135930863232 -0.00817293022211 0.0159660256805 -0.0210188874404 0.0219310073895 0.0265007206755 0.0104440357774 0.0232542790419 0.011392665463 0.0268842066572 0.00526846109654 1.31673338234 0.0190698915458 0.0131552313229 0.0660780709936 0.0454351594736 0.00965609363658 0.00536585185338 0.0337548313414 -3.00215316721e-05 0.0189129611019 0.0215609482579 0.00569940451423 0.0158135992515 
-0.0051464739324 0.00533934107213 0.0086546928802 -0.0163448532687 0.0138533513192 0.0135109853203 0.0287578777989 0.013252372473 0.0417245071017 0.0291487102846 0.0215379905792 -0.00997160192199 -0.00490126064322 0.0298997310303 0.0674755998991 -0.00612158355475 -0.00895986534233 0.0295180245962 -0.000752836497672 0.031310733585 -0.000969154201903 0.0230334383639 0.00609105640667 0.0388961780758 0.00673310851121 0.00129522408269 0.0133863556485 0.0190698915458 0.253460376692 -0.0374648370925 0.00543680086624 0.0249031946343 0.00548098246698 0.0411229320458 0.0192252276565 0.0361386115355 0.0217117645939 0.0253829064679 0.03999151831 -0.00170705580148 
0.0282503663806 0.000926086963282 0.0175158545764 0.00194020080832 0.0104548703267 0.00287145775735 0.011203223078 0.0117703445768 -0.0186665697206 0.02677935145 0.0109643461069 -0.0128542078484 0.0209865876107 0.0309056976322 0.0701801178125 0.0463612352278 0.0040024018811 6.10010281123e-05 -0.00991816694065 0.0260283075629 -0.0017400107325 0.00363925863922 0.0285742334006 -0.00709665379848 0.0458726045529 -0.000581196382927 0.0348440028183 0.0131552313229 -0.0374648370925 0.455819289739 0.0263767381625 0.00419486264034 0.0303436774309 0.00823464188565 0.0276505999521 -0.00112198259442 0.00480755074348 0.0191843180334 0.0124356195541 0.0476645878997 
0.0396746539337 0.00720937749338 0.0372487777459 0.00905535937309 0.0173321042826 0.0163135427863 0.0165749747749 0.0184778767405 0.0129799151735 0.0165384983717 0.0327101972878 0.0237715116906 0.0132284669782 0.0572963059098 -0.0231635264299 0.0206708545811 0.040891670114 0.0343110761522 0.00727504756933 0.0223098162323 0.0222971555142 0.0228526816422 0.0236056753998 0.0235232336133 0.0182473011165 0.0193346343186 0.0141781111131 0.0660780709936 0.00543680086624 0.0263767381625 0.266947590096 0.0345621232348 0.0244314414481 0.0297755240593 0.00658081611872 0.0202623421846 0.0127042762837 0.0184251083101 -0.0108341337694 0.0301987072294 
0.0222414491073 0.0267315469785 0.0226933791676 0.0401509932606 0.0499108604789 -0.00817594279138 0.0256586660963 0.0265896925784 0.027664935465 0.00217802153161 0.0226408401511 0.0273074293544 0.011930091594 0.0239079485236 0.00937461192222 0.0138924210566 0.0243479410786 0.00915661432031 0.00532022419055 0.0202878806521 0.0298229113132 0.0252659775064 0.018293004836 0.00330234072408 0.0246194440694 0.0303153709539 0.0452778682232 0.0454351594736 0.0249031946343 0.00419486264034 0.0345621232348 0.238361399502 0.000625401862609 0.0168784917906 0.0212560122379 0.0301804999311 0.0419672251769 0.0240191799441 0.028274818986 0.00955300148605 
0.00842525718968 0.00201692773433 0.011507857703 0.0119275477281 -0.00375563933674 0.00565354910593 0.0179826255459 0.00710343693912 0.000723378740941 0.0085432781151 0.0160454865298 -0.00140233791806 0.0220746292649 -0.00606815096003 0.0348731949275 0.0296569618828 0.0208457481699 0.00382933770939 0.01677385858 0.00250954831424 0.0106521932858 0.0155547174337 0.0395792586624 0.0103928590411 0.0123958690307 0.00368950559892 0.0192639947193 0.00965609363658 0.00548098246698 0.0303436774309 0.0244314414481 0.000625401862608 0.140659898078 0.0200285040453 -0.00204132865417 0.0155258998345 0.0217453826737 0.0365296559934 0.00735595700042 0.0457028658567 
0.0124617136041 0.00231829976592 0.0177852594591 -0.00930243471275 0.0234264196798 0.0148566194616 0.0630149345288 0.000785373591933 0.0641804133889 0.00810014468954 0.0254675542463 0.0274470286695 0.0380993079251 0.0216804847083 0.0302097002145 0.00161989343986 0.00831949252489 0.0127944216379 0.0082547895564 0.0335846059018 0.0506351595069 0.0298383031446 0.0164887067023 0.0127222297411 0.0291103589676 0.00877310713407 0.0241297646772 0.00536585185338 0.0411229320458 0.00823464188565 0.0297755240593 0.0168784917906 0.0200285040453 0.158445515053 -0.00316343616021 0.0512748819818 0.0237907488115 0.0249264617962 0.0369457975869 0.026115351011 
0.0349123806418 -0.0114472069482 0.00105043474794 0.0088152431776 0.00992233697717 0.0077763072499 0.00910690449732 0.0208739322884 0.0155016704035 0.0269577062753 0.0169499862851 0.0309411261549 0.0116406927447 0.0270843236935 0.0334317516341 0.00793919923707 -0.0110624782066 0.00493518875556 0.0256158257726 0.0118604329986 0.00978618856444 0.00343182905971 0.000427792222312 0.0207396207203 0.0117505912479 0.0100754763436 0.0199669177904 0.0337548313414 0.0192252276565 0.0276505999521 0.00658081611872 0.0212560122379 -0.00204132865417 -0.00316343616021 0.270663711077 0.00559468078176 0.0400283739877 0.0213729768413 0.0122110188936 0.00608405988884 
0.0119785049105 0.0195140824555 0.0149478730744 -0.00168519689629 0.0218253344826 0.0187640645702 0.0519763101502 0.00773624237862 0.0356210812567 0.0347813549215 0.0065963784955 0.0358314065953 0.0413781652375 0.0182781918495 0.0333969068402 0.0189545053847 0.00605181165528 0.0220319108984 0.0116361497607 0.0378549691471 0.0384521122514 0.0267658979383 0.0176712663657 0.0156470283492 0.0126223421999 0.011218145888 0.0195093486615 -3.00215316722e-05 0.0361386115355 -0.00112198259441 0.0202623421846 0.0301804999311 0.0155258998345 0.0512748819818 0.00559468078176 0.157144898787 0.0404905167276 0.0284712615077 0.0446535743996 0.0250332467496 
-0.000142047790213 0.00981625044994 0.029302584994 -0.000217870771968 0.0284875877915 0.00262758717112 0.0266680505329 0.0215418101186 0.0306513948136 0.0262576137799 0.00381601458937 0.0429317014923 0.00538339124344 0.0321187178758 0.0202374853337 0.0163188501925 0.00708408645343 0.0235540814803 0.0233407217014 0.025160412678 0.0446973501828 0.0152930507259 0.0204747062044 0.0186246085806 0.0144832759179 0.030242665607 0.017475404935 0.0189129611019 0.0217117645939 0.00480755074348 0.0127042762837 0.0419672251769 0.0217453826737 0.0237907488115 0.0400283739877 0.0404905167276 0.194878778763 0.0257937024192 0.0181270589487 0.0181747248028 
0.0192995564528 0.0153976265814 0.0254820212677 0.0143767797687 0.0207850010792 0.00822015229035 0.0276575876885 0.0320769074373 0.0132929316295 0.0332171984848 0.0102540466499 0.011644561285 0.0162641571421 0.0124746524563 0.0445927889686 0.0169805532464 0.00967404776152 0.0280736917679 0.00688186133211 0.0417342172787 0.0124107059433 0.0233388597259 0.022116521063 0.0117091309365 0.00690477562641 0.00599667234366 0.0297590841676 0.0215609482579 0.0253829064679 0.0191843180334 0.0184251083101 0.0240191799441 0.0365296559934 0.0249264617962 0.0213729768413 0.0284712615077 0.0257937024192 0.170316359461 0.0211892508774 0.021189498315 
0.0310111614784 0.00580679515944 0.0104834384935 0.0248906093815 0.0148769514889 -0.00198404899544 0.0487095295214 0.0123730947596 0.045735164715 0.0737373403162 0.0134460472312 0.0415565060376 0.0112971272221 0.0507267632438 0.0828638586836 0.0086243348608 0.00859876243058 -0.00154344409012 0.030820114561 0.0286485394498 0.00913172099934 0.0292233921237 0.0114183704653 0.0166665802271 0.0214753659947 0.00960107957964 0.0669093798219 0.00569940451423 0.03999151831 0.0124356195541 -0.0108341337694 0.028274818986 0.00735595700042 0.0369457975869 0.0122110188936 0.0446535743996 0.0181270589487 0.0211892508774 0.374898448338 0.0196166843322 
-0.0040620277223 0.00667982561808 0.0347922243885 0.0154513706042 0.00858942171418 -0.00323821717692 0.0190281539217 0.0242615237486 -0.00551859275427 0.0195812104581 -0.00595157491006 -0.00058247018635 0.010177050549 -0.00216003529053 0.0335370137826 0.0492114525592 0.0299412403621 0.0196207234851 0.00668138566646 0.0214502005823 0.020589602872 0.0199949087121 0.0482347046565 0.012423888135 0.0146041160014 0.00598544720728 0.0176245882916 0.0158135992515 -0.00170705580148 0.0476645878997 0.0301987072294 0.00955300148605 0.0457028658567 0.026115351011 0.00608405988884 0.0250332467496 0.0181747248028 0.021189498315 0.0196166843322 0.20812476392 
0.0283506597038 0.000400271822003 0.00101938159708 0.00250294526873 -0.000253356948912 0.000885177675778 0.00100441416586 0.00154951828775 0.0019064483857 0.00253583693907 0.00652364138108 0.000881046230076 0.00209112606662 3.37716150035e-06 -0.00154021355514 -0.000686771807242 7.51025433786e-05 0.00126007918271 0.00164481584522 0.00238173550138 -0.000231958887204 9.28429576853e-05 0.000640515313308 0.000306231343287 0.00170096513945 0.00138988250057 0.00294201534654 0.00246102601914 -0.000445697716537 0.00244655349518 0.0034359258193 0.00192616599439 0.000729648675968 0.00107921605559 0.00302350085424 0.00103736895518 -1.23016994876e-05 0.00167139061699 0.00268564536412 -0.000351781919839 
0.000400271822003 0.0260031265182 0.00118025837376 0.00327057204304 0.000289397759088 -0.000253772550766 0.000955820511129 0.000747058820856 0.00160869940583 0.000937143633719 0.00297972940939 0.00360534740831 0.000490693389419 0.00665174668955 0.00451969397821 -0.000564716040123 0.00109741834845 -0.000301081016739 0.00120771141318 0.000907306953628 0.000303966970812 0.000900857011618 -0.0002815125387 0.0013213321467 0.000234528351904 0.000267355445377 0.00372470741753 -0.000272478649392 0.000462400500793 8.02014836315e-05 0.000624350405474 0.00231501987658 0.000174671065553 0.000200770649088 -0.000991357201953 0.0016899691138 0.000850112225956 0.00133347357775 0.000502883212265 0.000578489867811 
0.00101938159708 0.00118025837376 0.0308128854641 0.00270855363162 0.00337863971768 -0.000309423587698 0.00135513102666 0.00120276167895 0.000802654973237 0.00124614575738 0.00224973673882 0.00212283086513 0.000676887867595 0.00495900388623 0.00224250281706 0.000719676355887 0.000435701661924 0.00134550174231 -0.00115428731254 0.00192512398731 0.00252011122873 0.000577456113026 0.000958203283525 0.00157452033747 0.00180797279872 0.000634571237231 -0.000145847229882 -0.00228159781704 0.000749518389621 0.00151691750322 0.00322583877879 0.00196530428569 0.000996609711393 0.00154024865045 9.09703176731e-05 0.0012945237815 0.00253767830013 0.00220680777576 0.000907892405442 0.00301309501746 
0.00250294526873 0.00327057204304 0.00270855363162 0.0298182416329 0.00219419875161 0.000792875891127 -0.000201509017737 -0.000200555176303 0.000290501917953 0.00105504601402 -0.000270147378721 -2.21988474132e-05 -0.000102181782679 0.00155490889702 -0.000999010499792 0.000155763324073 0.00243535890973 0.000577705169026 0.0024956287974 -0.000689953600726 0.00032798931091 0.00130886377205 0.000730366699578 -0.000668978440907 -0.000421795524429 -0.000412194112527 0.00393531514357 -0.00308799580704 -0.00141550581518 0.000168026318845 0.000784217125749 0.00347717801508 0.00103295593374 -0.000805614477829 0.000763422453234 -0.000145942332257 -1.88681623267e-05 0.00124506565043 0.00215559000401 0.00133812794665 
-0.000253356948912 0.000289397759088 0.00337863971768 0.00219419875161 0.0138444038194 -0.000249297371156 0.00217256397673 0.0013500715671 0.00305906964537 0.00105836909377 0.00170970985817 0.000963262088934 0.00125261843199 0.000808534838293 0.000476758098929 0.00274040001701 -4.20748446334e-05 0.00164878137296 0.00114798978178 0.00128385991788 0.00179172383949 0.00107351283405 0.000784036257232 0.000893808775024 0.000821215091163 0.000428350019652 0.00106463827272 0.000638907113413 0.001199735417 0.000905418329619 0.00150100426098 0.00432240730995 -0.000325247907307 0.00202878745624 0.000859299588714 0.00189012941081 0.00246709747199 0.00180003389523 0.00128838179202 0.000743865740829 
0.000885177675778 -0.000253772550766 -0.000309423587698 0.000792875891127 -0.000249297371156 0.0249258148051 0.000882869085868 0.000490642552785 0.00226216046757 0.00111083306538 0.0015772763229 0.000406702662377 0.00156217927804 0.00169277753529 0.00198659454298 -0.000112697184564 0.00137763681097 0.00284259195396 0.00249188672871 0.000642102358655 0.000690275898628 -0.000412871157318 0.000442202267047 0.00131130716785 0.00166630749421 0.000407466848969 0.00184014494262 -0.000665131326673 0.00117008565176 0.000248675536376 0.00141279424787 -0.000708057415722 0.000489611714728 0.00128662098681 0.000673447962605 0.00162501565961 0.000227555724085 0.000711886070642 -0.000171823683241 -0.000280437833819 
0.00100441416586 0.000955820511129 0.00135513102666 -0.000201509017737 0.00217256397673 0.000882869085868 0.0120651729136 0.00080325324452 0.00525693615838 0.00219919328655 0.00139443436691 0.00299832067381 0.0028123182333 0.00190458248271 0.00332169964156 0.00122013112827 2.9465503435e-05 0.0018893830939 0.00107981584371 0.00210993985054 0.00425415394804 0.00186578800623 0.00149107488888 0.00117132604651 0.00140958949256 -0.000105099222668 0.00115236398621 0.00219001731572 0.00249050527328 0.000970227578985 0.00143543492221 0.00222210566666 0.00155734105495 0.00545725341197 0.000788681064452 0.0045012804985 0.00230952092309 0.00239521735456 0.00421836899719 0.00164788646833 
0.00154951828775 0.000747058820856 0.00120276167895 -0.000200555176303 0.0013500715671 0.000490642552785 0.00080325324452 0.0183083495458 0.000468220181089 0.00289757044415 0.00257850512143 0.00357299025492 0.00194505255166 -0.00159413194574 0.00233535100903 0.00217496998115 0.000481175590086 0.00224665619868 0.000369014888794 0.00241922794532 1.43143086757e-05 0.00093886216054 0.00117435387601 0.00140904740022 0.000483458302688 -7.73568452664e-05 0.00123393872974 0.00367703901572 0.0011476891222 0.00101934174148 0.00160023106653 0.00230273492517 0.000615175684346 6.80153482075e-05 0.00180773556386 0.000669978242972 0.00186557548062 0.00277794167156 0.00107154143853 0.00210110959008 
0.0019064483857 0.00160869940583 0.000802654973237 0.000290501917953 0.00305906964537 0.00226216046757 0.00525693615838 0.000468220181089 0.0277043558598 0.0030324935527 -0.000336390524938 0.00164691911907 0.00175067857988 0.000522404889514 0.00517443917074 0.000380429954843 -0.00114991914489 0.00223270472567 0.00236437895506 0.000139156894203 0.00472710713646 0.0035930213897 0.000200601819325 0.00245468862556 0.00125651206866 -0.000266201700375 0.00303879498813 0.00262700848708 0.00361344831105 -0.00161657235795 0.00112409362792 0.00239585369067 6.26464366213e-05 0.00555818684202 0.00134248403705 0.00308487612786 0.002654488657 0.00115120164819 0.00396078144894 -0.000477924151834 
0.00253583693907 0.000937143633719 0.00124614575738 0.00105504601402 0.00105836909377 0.00111083306538 0.00219919328655 0.00289757044415 0.0030324935527 0.046692400845 0.00431531248468 0.00160923216423 0.000440043061663 0.00313130644257 0.00923470618068 0.00349353187262 0.000772302006353 0.000933758857676 0.00166115860849 -9.29476716376e-05 0.00135303945592 -0.000288925262556 0.00103755794364 0.00315093872844 0.0012162915254 -0.000752006148155 0.00425486715319 0.00488289288866 0.0025243523594 0.00231915986526 0.00143227597303 0.000188622197637 0.000739869587928 0.000701493107547 0.00233460584622 0.00301215369401 0.00227397605761 0.00287669377304 0.00638584099213 0.00169578256936 
0.00652364138108 0.00297972940939 0.00224973673882 -0.000270147378721 0.00170970985817 0.0015772763229 0.00139443436691 0.00257850512143 -0.000336390524938 0.00431531248468 0.0319995377563 0.00267561065277 0.00177539850808 0.00641998561985 0.00336505977832 0.00108457545547 0.00161278506917 0.00288534802707 0.00160879315823 0.00327009751264 0.00170486470437 0.0011481797513 0.00188603736322 0.00256198866783 0.00339891789672 0.0018704978266 -0.000604461444706 0.00245911010078 0.0018652446988 0.000949540226447 0.00283278618141 0.00196075427339 0.00138957989509 0.00220555489495 0.00146791187167 0.000571263135008 0.00033047655756 0.000888026489037 0.00116446184827 -0.000515421506464 
0.000881046230076 0.00360534740831 0.00212283086513 -2.21988474132e-05 0.000963262088934 0.000406702662377 0.00299832067381 0.00357299025492 0.00164691911907 0.00160923216423 0.00267561065277 0.0248048502379 0.00374424975441 0.00266171130378 0.00243609520321 0.00173536131144 0.000166730411386 0.000299770185324 0.00282544546163 0.000759469951229 0.00197392906891 0.00205756354876 0.000565020133677 0.00108260008207 0.00260659586304 -0.000303759091717 0.00401613615414 0.0046042282498 -0.000863566058087 -0.00111320705422 0.00205867330104 0.00236489275329 -0.000121446026173 0.00237698240862 0.00267958012719 0.00310309083649 0.003717994412 0.00100844858887 0.00359889899211 -5.04433978326e-05 
0.00209112606662 0.000490693389419 0.000676887867595 -0.000102181782679 0.00125261843199 0.00156217927804 0.0028123182333 0.00194505255166 0.00175067857988 0.000440043061663 0.00177539850808 0.00374424975441 0.0164729025474 0.000281836264205 0.00279651207599 0.00187109333443 -0.000794803501221 0.000221637765437 0.000770687685735 0.00190673036852 0.0014899297072 0.00270361335567 0.00138293301317 -3.19190954327e-05 0.00225453253022 -0.000874842239457 0.00265442059542 0.00261474678403 -0.00042446162276 0.00181749180096 0.00114561884562 0.00103317623899 0.00191171897226 0.00329949685297 0.00100811356346 0.00358345422577 0.000466215357533 0.00140851732562 0.000978359916413 0.000881358431103 
3.37716150039e-06 0.00665174668955 0.00495900388623 0.00155490889702 0.000808534838293 0.00169277753529 0.00190458248271 -0.00159413194574 0.000522404889514 0.00313130644257 0.00641998561985 0.00266171130378 0.000281836264205 0.0522472337422 0.00147692745662 0.000663500923884 0.00177510295038 0.000822042664967 0.00045680199666 0.00171850069765 0.0019588452813 0.000641816173078 0.000176239599532 0.00507194268772 0.00416240139943 -0.000404995504684 -0.000528189424649 0.00362235549597 0.00258939266386 0.00267651192711 0.00496200564609 0.00207048907738 -0.000525517288538 0.00187758505237 0.00234557123629 0.00158293784769 0.00278156256174 0.00108033659306 0.00439306656209 -0.000187064543467 
-0.00154021355514 0.00451969397821 0.00224250281706 -0.000999010499792 0.000476758098929 0.00198659454298 0.00332169964156 0.00233535100903 0.00517443917074 0.00923470618068 0.00336505977832 0.00243609520321 0.00279651207599 0.00147692745662 0.0755964888408 0.00514009827366 8.63971115087e-05 0.00173658215461 0.00170297906354 0.00112435194601 0.00267052336922 0.000461510778035 0.00261817951926 0.0050828883479 0.00240450103595 -0.00231623874344 0.00188094250127 0.0112443891494 0.00584355836482 0.00607777648662 -0.00200602023295 0.000811865207526 0.00302010727183 0.00261623678264 0.00289527462081 0.00289225697315 0.00175261764077 0.00386184880724 0.00717622066756 0.00290439059028 
-0.000686771807242 -0.000564716040123 0.000719676355887 0.000155763324073 0.00274040001701 -0.000112697184564 0.00122013112827 0.00217496998115 0.000380429954843 0.00349353187262 0.00108457545547 0.00173536131144 0.00187109333443 0.000663500923884 0.00514009827366 0.0172418558194 0.000397574991308 0.000225502062455 0.00208014114461 0.00017725621915 0.00143437094946 0.00185836202013 0.00291104034849 0.000563078457786 0.000493689093569 0.000308696617673 0.00131252174518 0.00338916037722 -0.00053014468698 0.00401500074581 0.00179014851852 0.00120311895551 0.00256836823896 0.000140286887034 0.000687554822501 0.00164150831793 0.00141325388272 0.00147055904817 0.00074688930802 0.00426183680734 
7.51025433786e-05 0.00109741834845 0.000435701661924 0.00243535890973 -4.20748446334e-05 0.00137763681097 2.9465503435e-05 0.000481175590086 -0.00114991914489 0.000772302006353 0.00161278506917 0.000166730411386 -0.000794803501221 0.00177510295038 8.63971115087e-05 0.000397574991308 0.0185349683295 0.000277354289489 0.00422048429839 -0.000811901591902 1.93176402606e-05 0.00238077223888 0.000713622104128 0.00010691127383 0.000213777159289 0.0031244260832 0.00209845452119 -0.00117719580717 -0.000775947100095 0.000346618170519 0.00354132251219 0.00210859355039 0.0018052947476 0.000720489187315 -0.000958038715576 0.000524102263239 0.000613499883127 0.00083779711189 0.000744674670599 0.00259298747744 
0.00126007918271 -0.000301081016739 0.00134550174231 0.000577705169026 0.00164878137296 0.00284259195396 0.0018893830939 0.00224665619868 0.00223270472567 0.000933758857676 0.00288534802707 0.000299770185324 0.000221637765437 0.000822042664967 0.00173658215461 0.000225502062455 0.000277354289489 0.0276901395641 0.00281400376314 0.00167732009459 0.0025105544168 0.00115506011868 0.000172510586983 0.000196832486586 0.000447294572456 -0.000474220102876 0.00292815440229 -0.00070779651957 0.00255633591698 5.28284400024e-06 0.0029714263579 0.000792986061404 0.0003316303736 0.00110802941652 0.000427399883479 0.00190801945319 0.00203984329247 0.0024312530249 -0.000133666179137 0.00169920449787 
