60
0.0649337142294 0.134581744136 0.10004428458 0.0824662750087 0.110374427341 0.155431064381 0.0571686925308 0.100220943784 0.0430779984078 0.0431320253577 0.0914492870129 0.0524718958424 0.256023639664 0.0785253906611 0.0729597235382 0.0172601721071 0.357744060202 0.0678116165217 0.0625636206577 0.0345230729479 0.035272852014 0.00496789573306 0.0674926048947 0.0485380268731 0.0350054865441 0.034888990542 0.0800542827641 0.148588071013 0.0498631258667 0.0170349265424 0.0637387331612 0.0408960175479 0.037281538924 0.10643743266 0.0433119494187 0.0147816990943 -0.0108233812146 0.0358059899839 0.0831393543584 0.259768981863 0.0539269159384 0.0658076634161 -0.00953493093171 0.0268374832388 0.0256858872149 0.39235550597 0.0194782181544 0.0411806556966 0.0798623823862 0.00265371642944 0.171628318037 0.0398839612709 0.0202129727645 0.0413132452317 0.0896896089949 0.0979044774238 0.0367129888202 0.0662185328213 0.0415097954764 0.158066549078 
0.166207065304 0.00859562961186 0.0400591032618 0.0243174276486 0.0167558889714 0.0346902167074 0.0165771633515 0.0160811330721 0.000259207560343 0.010697396992 0.0432301430327 0.0175705712126 0.0317580391213 0.023595967155 0.0247802367698 0.0193487235109 0.0702274849556 0.00614569182444 0.0233867113376 0.0146751349586 0.0112066718087 0.0102341288395 0.0169888905857 0.0172621693737 0.0128474812999 0.0118325598907 0.0129249776381 0.0134800980085 0.0245781440332 0.00916328542007 0.0199691986999 0.0163549370568 0.0266806929317 0.0295555499651 0.0204307006611 0.0178949326816 0.0200845699083 0.0221718459646 0.0186342510388 0.0367099876424 0.031211810523 0.0183008837365 0.0165389252925 0.0182581600918 0.0278268535697 -0.000319751719385 0.019384146782 0.0120337759609 0.0163886053095 0.0193064239546 0.013986839182 0.011864579715 0.0285007519434 0.0132905880125 0.0156363388223 0.0286982157169 0.0180799206549 0.0256004482673 0.02425612178 0.0156850445528 
0.00859562961186 0.365289715867 0.0601351515293 -0.030669198778 -0.00122002120449 0.0154908417091 0.0628062863209 0.000728175630126 0.041498978587 0.0524993637219 0.0373790621164 0.00954745335725 0.0652389500567 0.0230541276844 0.00996250730564 -0.0114819220134 -0.0198831260483 0.00334721661617 0.0140437467292 0.00275298088419 0.0267374331041 -0.0182997873977 0.03184326786 0.0202048246507 0.0218050533254 0.00281313605504 0.00120719841556 0.0276241768999 0.0159614443811 0.00911743282502 -0.0415075411408 0.0196000963403 0.00457723236386 0.017815643234 0.0383265885386 0.0183390009233 -0.00793812499047 -0.00418878791795 0.038277839862 0.0141867214544 0.0205043623458 0.00439837992944 0.0141479912925 0.00335888472044 0.00149431925028 -0.00764503760971 0.0218156117378 0.032660069778 0.0117078848971 0.0198385707507 0.0125029633635 -0.00267246536466 0.0152195368998 0.0217228566355 0.0206382245187 0.0183360478057 0.00727692307845 0.0488140445009 -0.0135314439955 -0.0159699451992 
0.0400591032618 0.0601351515293 0.478005101565 0.0255813355963 0.0289187268512 0.00601093969701 0.0567624520865 0.0547897116119 0.0424464640006 0.0471993903835 0.0478756153357 0.0193087051318 0.0350844618657 0.062161012391 0.00372123755085 0.0352163583877 -0.0116232373843 0.00718641309539 0.0236992420124 0.0415433677121 0.038014746776 0.0458394864197 0.0204957048338 0.0183787313772 0.0296957517889 0.0068199932549 0.0135350490297 -0.000144329064224 -0.0468873174828 0.0212396909197 -0.029603088166 -0.00519985594134 0.0490254967868 0.0329184553753 0.0258695588975 0.0246074035204 0.0190771055086 0.0103567472964 0.0210782841539 0.0277489311019 0.0399564169895 0.00622541353752 0.0133063949563 0.0122129429386 -0.0222833884687 -0.0749468846845 0.0273617498257 0.014412034442 0.0481967029212 -0.00503864287194 0.0614646743477 0.017136957785 0.0407920927241 -0.00865371653592 0.0089925198605 -0.011156671145 0.0518811472514 0.0498015162561 0.0258264595552 -0.0176357351724 
0.0243174276486 -0.030669198778 0.0255813355963 0.343092154181 0.152253260546 0.0065146641438 0.00263895258578 0.0261432719064 -0.00322863513721 0.0075067719219 0.0257433013879 -0.0132265855702 0.0341696493937 -0.00387726726938 0.120515657889 0.0189784526311 -0.00174050699461 0.0138584467056 0.0189434409378 0.0179105807183 0.0170155484191 0.0447413480972 0.0267781600542 -0.000239985257886 0.021206962254 0.0196812593149 -0.0088100896517 -0.00718302021803 0.0525699938526 -0.00592647136245 0.0756070469043 0.021946664111 -0.00100429794134 0.0685731797536 -0.0150828777211 -0.00450181631289 0.0314293023846 0.0340784716454 0.00419448638993 0.0640556279276 -0.00349300760609 -0.00383268428658 -0.033486034661 0.0107433840696 -0.0170927713308 -0.016920813878 -0.00105172827486 0.00697315766635 0.152201123344 -0.00707952074115 0.0448757817924 0.00825694289751 0.00919267169786 0.000741482336287 0.034636521868 -0.0124270844585 -0.00321191355352 0.0170951110908 0.125068238753 -0.0227044733347 
0.0167558889714 -0.00122002120449 0.0289187268512 0.152253260546 0.375150279038 -0.0114728828775 0.0123582462596 0.0116594967416 0.0074097520739 0.0227646585018 0.070806593276 -0.00731827626032 0.0497726095545 0.0120496895594 0.200774306778 0.0116388178232 0.024370276218 0.00933248303774 -0.00190757326323 0.0017054495155 0.0056431318188 0.0302757959609 0.0369134977133 0.000488251265833 0.01464113056 -0.00434051605331 -0.0166461468955 0.0028241263231 0.0260892590901 0.011923215191 0.103179061003 0.0121874412514 -0.008700146895 0.122811464226 1.87486359476e-05 0.00121791041869 0.0359139130436 0.0376375268516 -0.00910117461054 0.0168708889393 0.0126345856108 -0.0124297061845 0.00856072254619 -0.00114494721479 0.0162806830932 0.00941213047859 0.0150006306235 -0.0138997127411 0.138530033631 -0.00940221935069 0.0188998295453 -0.00168172148799 0.00699656197102 -0.00658492872636 0.0169580350386 -0.0304901479879 0.013257512814 -0.00940419562837 0.151950595276 0.0497534096156 
0.0346902167074 0.0154908417091 0.006010939697 0.0065146641438 -0.0114728828775 0.700871095232 -0.0127213014688 0.00756829852884 0.0161099980478 -0.00204533200462 0.0764324559902 0.0195949638516 0.000399440209908 0.0334488740217 0.0199259333393 0.0357607870062 0.000563145951477 -9.72953758005e-05 0.0121759418834 0.00651204752376 0.0200345250906 0.00555281142121 0.0097669286878 0.0141276702871 0.0259706330731 0.013527200482 0.0062435940723 0.0536770783445 0.0302460354101 0.00143532156379 0.0241392307986 0.043372538809 0.0446063054784 -0.00343234038735 0.0112748763071 0.0086689002187 0.0285395648871 0.0111755424526 0.00388334915423 0.0088338396458 0.00739138484021 -0.00262214094079 -0.00445944859977 0.00152470256256 0.00425905251078 0.0331180620591 0.0136461356057 -0.00377208262063 0.000896604834724 -0.00498545911608 -0.00634410630543 0.00830679256894 0.0180279895678 -0.0145404085088 0.00332948516274 0.0017779931156 0.03594159067 0.0337049094117 0.0106296440532 0.0137100043124 
0.0165771633515 0.0628062863209 0.0567624520865 0.00263895258579 0.0123582462596 -0.0127213014688 0.34988505319 0.0029409294302 0.0142506800378 0.00372391376105 0.0373543744391 0.0215164826989 0.000240769449617 0.037019136498 0.010597349532 0.0103344704381 -0.00126805341472 0.00291733037912 0.0424583758154 -0.00437760569434 0.0271046657559 -0.00885112136579 -0.0143433685177 0.0187988894647 0.00178468475081 0.00563536411126 0.0305122784806 -0.0119795232747 0.00930368728269 0.0165702293698 0.0125433026046 0.0158951985876 -0.00640903502724 0.00808841595444 0.00780278696885 0.00394231157849 0.0130454377618 -0.00579520283991 0.0354327155619 0.010004436359 0.0114479120741 0.0236048781342 0.0204738238921 0.00540187618035 0.00882835257986 0.000657358057916 0.0225446113072 0.0226389525148 -0.000917717242745 0.0214842213686 0.0254386762392 0.0127940976005 0.0360630846838 -0.00590834614722 0.0615917104468 0.00962705854527 0.0385143592322 0.0376240486644 -0.00469895193672 0.00346775200957 
0.0160811330721 0.000728175630125 0.0547897116119 0.0261432719064 0.0116594967416 0.00756829852884 0.0029409294302 0.650007966092 0.0193142790464 0.0192688602455 0.0553793197617 0.0140888141914 -0.0325209930138 -0.0335262957329 -0.0384587864527 0.0139648121263 0.898059871444 0.0104977311922 -0.00386146622409 0.0696208036146 -0.00443894620891 0.00255470178973 -0.00312835141715 0.00924193599968 -0.00497454132764 0.0123717601775 0.0142763440536 0.0358656401562 -0.0136363190817 0.00824954813403 0.0217203834852 0.0119445255161 -0.0096164168173 0.0118609407636 -0.00267497488612 -0.00807051070394 -0.0104631472571 -0.00472841164798 0.0243673648776 0.0576505783251 -0.00243438868229 0.0370910549808 0.0481316277405 0.0076829728021 -0.00432682837177 0.00234509869645 0.00999502738964 -0.00826673883449 0.0413004532899 -0.00340039863379 0.0240226071311 0.0269432661051 0.0120614047668 0.00292461314308 0.00415500604314 0.0108283791813 0.0299255574753 0.0025062303479 0.00955290310202 -0.0277140239459 
0.000259207560343 0.041498978587 0.0424464640006 -0.0032286351372 0.0074097520739 0.0161099980478 0.0142506800378 0.0193142790464 0.310765661987 -0.0126729335408 0.0291893517442 0.0134625400059 -0.0100173124679 0.0151478115702 -0.00163091721129 -0.0165384831009 0.0581035068729 0.0107747295746 0.0277480743802 0.00319835333237 0.014006500637 0.00838037274425 0.0233318017109 0.0168189317491 0.00377369318143 0.00236705872837 0.028693748113 0.00751650485643 0.016872344324 -0.0112754954875 -0.0134234798122 0.0276821327472 0.0211630616891 -0.00336673228427 0.0354592348134 0.0332377504643 -0.0205830128079 0.0253274948985 0.0532588506082 0.03562396918 0.0113838105553 0.0205092054765 -0.00578114491899 0.00766188999055 0.0063583578536 0.00266674131791 0.0253902749879 0.0153837360808 -0.0234030317722 -0.025250795567 0.00919917646723 0.0143325942484 0.0205533705677 -0.00622058643662 0.0342878781136 -0.000287561525557 0.0277847517501 -1.75228756583e-06 -0.0141739695465 0.0383080981403 
0.010697396992 0.0524993637219 0.0471993903835 0.0075067719219 0.0227646585017 -0.00204533200462 0.00372391376106 0.0192688602455 -0.0126729335408 0.361559183087 0.0954365501643 0.0140817516595 0.00863992063545 0.0154433719577 0.00780532314775 0.0330281548703 -0.0392848650887 0.0124506603963 0.0594304965849 0.0216702552736 0.0281063120651 0.0203689666039 0.0252342034619 0.0213920178959 0.00178787167993 0.0235856359357 0.0164963103531 0.067876286827 0.0170641589016 0.0215175965461 0.00361676685559 0.00391766564916 0.0180206013982 0.00637023484601 0.0373328749503 0.010929446842 0.0130217694051 0.0143174016066 0.0119198315635 0.0209580918671 0.0225509514591 0.0152484080336 0.0218971505293 0.0236232734526 0.00613387851126 0.0340078965667 0.0489268263685 0.022146877511 0.0215543485096 -0.000790568044203 0.0538246290869 0.00882742992059 0.0248433187828 0.0349049008521 0.048877474391 -0.00668315992909 0.0360062291653 0.00742224929834 -0.00739940293037 0.00252928544615 
0.0432301430327 0.0373790621164 0.0478756153357 0.0257433013879 0.070806593276 0.0764324559902 0.0373543744391 0.0553793197617 0.0291893517442 0.0954365501643 0.433651722511 0.00301419028754 0.0510061165067 0.0673973040363 0.0638960591862 0.0319661185334 0.0113475774668 -0.00287522757064 0.0733693110613 0.0262182785179 0.00847272199386 0.0223147033259 0.0189597190123 0.0280571279579 0.0319477768352 0.0171255459004 0.0339595445034 0.0550591921069 0.0298795386356 0.0143097735991 0.0561620408936 0.0315057975226 0.0157372909055 0.0378654114703 0.0231329187225 0.0161014450274 0.025921052389 0.0504186438247 0.0403416961805 0.0164154963048 0.0438373414638 0.0191448742331 0.0176305617822 0.0156072977611 0.0292636330187 0.0122612741502 0.0385199073726 0.0331077919488 0.057994475599 0.00536567603454 -0.00100689903464 0.0206662330674 0.0458225239731 0.0187942174458 0.00843403772357 0.0583129435943 0.0340222681243 0.011247337666 0.0309336493668 0.0102001324828 
0.0175705712126 0.00954745335725 0.0193087051318 -0.0132265855702 -0.00731827626032 0.0195949638516 0.0215164826989 0.0140888141914 0.0134625400059 0.0140817516595 0.00301419028754 0.165687951649 0.0241846237193 0.0220830170806 0.00176742131442 0.0043859282973 0.00270148997758 -0.000204140105079 -0.00613376046879 0.0246553192702 0.00139804000649 0.0132340647148 0.0111787937864 0.0190940127549 -0.00117877338358 0.0185837514512 0.0229282278328 0.0139923681718 0.00438132760934 0.0184510118862 -0.0139433104225 -0.0165160113233 0.0144250704657 0.00632934975871 0.0297270029923 0.0195013568181 0.00163452263769 0.00109079363959 -0.0156659679256 0.0220038114515 0.0159532395072 0.010496537948 0.00623981784556 0.00580856508008 0.0265461092686 0.0895237830453 0.0140652656375 0.0116605796629 -0.00777599727479 0.00625936045031 0.00441253785603 0.0122782587246 0.0234425642534 0.00526827461789 0.00229963432933 0.0175966723532 0.0326583619144 0.00615872154167 0.0130172174252 0.0445144129909 
0.0317580391213 0.0652389500567 0.0350844618657 0.0341696493937 0.0497726095545 0.00039944020991 0.000240769449616 -0.0325209930138 -0.0100173124679 0.00863992063545 0.0510061165067 0.0241846237193 0.696611313215 0.0310298071573 0.0421837345661 0.00991601366615 0.00903595105643 0.00433388044765 0.0283457521422 0.0349324234877 -0.00794059477127 -0.0140841062696 0.0440591666011 0.0305132788463 0.0185680803019 0.0100661437158 0.0188654058935 0.0436134978808 0.034259399426 0.0364122925332 0.00356205479395 0.0133028487774 0.000845210029389 0.011589693094 0.00689989640414 0.0384294983403 -0.00998424464845 0.000688638543908 0.0112854167727 0.00278247942613 0.0283420797789 0.0259314167203 0.0419102968907 0.00139253721084 0.0413804571966 -0.0359846435063 0.0411000804847 0.0395386140789 0.0403142394506 0.0124649470326 -0.00390110967707 -0.0164165049594 0.0186712112365 0.0161883256247 0.0185962177437 0.0160672565061 0.00157865590891 0.0316921620804 0.0438887389186 -0.0304227881919 
0.023595967155 0.0230541276844 0.062161012391 -0.00387726726938 0.0120496895594 0.0334488740217 0.037019136498 -0.0335262957329 0.0151478115702 0.0154433719577 0.0673973040363 0.0220830170806 0.0310298071573 0.296369010485 0.0164032043469 0.0129102991611 0.00868511978319 -0.00459426333729 0.0567682450292 0.00837850157424 -0.000239424239654 0.00387066096913 0.00262584246447 0.00897105196867 0.020555637937 0.0150472526114 0.034047966513 0.0360072514119 0.00239201774596 0.0160231888449 -0.0149472073455 0.0117086823292 0.043199639755 0.0123620403567 0.0294354808091 -0.00818553391274 0.0206445971445 0.0458378905487 0.0439119248109 0.0137711926812 0.0111521649271 -0.0168942289398 -0.00296353673034 0.0249333193873 -0.00966958790272 -0.00344986889714 0.0169377698971 0.0424230659353 0.0125496757036 0.0124321197344 0.0095295827551 0.000536328951154 0.0295279922115 0.00537823481407 0.0650953041577 0.0132179462036 0.0245146659305 0.0282536024122 0.00323147586812 -0.017512018058 
0.0247802367698 0.00996250730564 0.00372123755085 0.120515657889 0.200774306778 0.0199259333393 0.010597349532 -0.0384587864527 -0.00163091721129 0.00780532314775 0.0638960591862 0.00176742131442 0.0421837345661 0.0164032043469 0.365070691325 0.0147893717896 -0.017680990669 0.00948486206585 0.00733299323293 0.0351695156805 0.000500710476059 0.0149616722966 0.00234687316763 -0.00324538731019 0.0260216770688 -0.0136375396296 0.0254096603639 -0.0119178007399 0.0500074296441 -0.00371873331727 0.153506432083 0.0294892583827 0.0332816240018 0.143206781505 0.0120900924032 0.0220172463143 0.0280443809611 0.00534762253304 0.00188063129874 0.0225620901937 0.0266990823427 0.00750369231942 -0.00265846709282 -0.00389928749247 0.0187564085701 0.00915349999402 0.0211980053227 0.000375262453594 0.0869557707065 0.0166818832692 0.0133702921503 0.00426247039247 0.0270557345574 0.0198957641464 0.024272682007 -0.00738369365911 0.0241318838135 0.00190470318536 0.136221677306 -0.00771882601627 
0.0193487235109 -0.0114819220134 0.0352163583877 0.0189784526311 0.0116388178232 0.0357607870062 0.0103344704381 0.0139648121263 -0.0165384831009 0.0330281548703 0.0319661185334 0.0043859282973 0.00991601366615 0.0129102991611 0.0147893717896 0.175763768056 0.00771554403705 -0.00696718045083 0.0440728066581 0.00056597478037 0.0204044412585 0.010134564514 -0.00493634357818 0.0095630352837 0.00473393813752 -0.00621002848837 0.00377777713503 0.0274103052393 0.019982486037 0.00799536320043 0.0104106657771 0.0166968137326 0.00558417386048 0.0164730669271 0.00924985954466 0.0224082485193 0.0212858181998 0.00685110699685 0.0161810612384 0.0376994133859 0.0271864745262 0.00108841902696 -0.0067754630115 0.0171269651396 0.0182923892043 0.0274998556087 0.0132229468919 0.00909264459545 -0.00481928459601 0.0178314030492 0.0237624926664 -0.00245004321505 0.0158172228736 0.00685264400338 0.003738236039 0.0139717465467 0.012809980358 0.0150422095233 0.0178615821979 0.0191512556388 
0.0702274849556 -0.0198831260483 -0.0116232373843 -0.00174050699461 0.024370276218 0.000563145951477 -0.00126805341472 0.898059871444 0.0581035068729 -0.0392848650887 0.0113475774668 0.00270148997758 0.00903595105643 0.00868511978319 -0.017680990669 0.00771554403705 2.73890519683 -0.00650122944776 -0.0014039465113 0.123324994789 -0.0047606534559 0.0206606598797 -0.0127724251264 -0.00750891735515 0.0170892470585 0.0314628035613 0.0190416428513 -0.00727196581956 -0.0100465086751 0.00264265771264 0.0573409475635 0.081977592267 0.00240537434035 0.0365298776131 -0.027229504109 -0.0140621767488 -0.0231469768476 0.0193753705773 0.012747610722 0.138946666082 0.00272131217016 0.0125654405087 0.0188802703877 0.0204500739509 -0.00672303602527 -0.0118507904472 -0.00226053103014 -0.00936071154245 0.0329433690786 -0.00174551379769 0.00422383820102 -0.00410329008863 0.0437019760478 -0.00866986712915 0.0319185700294 -0.00789317150285 0.00564550659062 -0.0162548559415 0.00682662655198 0.00939880233637 
0.00614569182444 0.00334721661617 0.00718641309539 0.0138584467056 0.00933248303774 -9.72953758003e-05 0.00291733037912 0.0104977311922 0.0107747295746 0.0124506603963 -0.00287522757064 -0.000204140105078 0.00433388044765 -0.00459426333729 0.00948486206585 -0.00696718045083 -0.00650122944776 0.239612418987 -0.00103536307078 0.0114254796343 0.00930538138036 0.0177524918616 0.0170111467917 0.00390633413432 0.0183977196269 -0.00383471611035 -0.0136896357984 0.00944252679643 0.00732937894331 0.0192181135949 -0.00641253241294 0.0280663250273 0.021619533462 -0.0118966705312 0.00277727766274 0.0209292872861 0.0238056847493 0.0224677321821 -0.0189804417354 -0.00313801512601 0.024781571474 0.0144447824788 0.0051328505215 0.000226481688389 -0.0036330386811 0.0316535073024 0.0110658359764 0.00115161284137 0.0104833940554 -0.00512652503021 0.00349095922539 -0.00125310231868 0.00110695516595 0.013227912935 -0.00941355260324 -0.00398172402827 0.00645034876931 0.0116180770136 -0.0176754172524 -0.0221411642548 
0.0233867113376 0.0140437467292 0.0236992420124 0.0189434409378 -0.00190757326323 0.0121759418834 0.0424583758154 -0.00386146622409 0.0277480743802 0.0594304965849 0.0733693110613 -0.00613376046879 0.0283457521422 0.0567682450292 0.00733299323293 0.0440728066581 -0.0014039465113 -0.00103536307078 0.273122787386 0.0154919792393 0.0303193609914 0.00226800648469 0.0230604209059 0.0141005459915 0.0114803263185 0.016503013279 0.0155192698255 0.0172476031759 0.0302351193802 0.0159573254227 0.00256433305472 0.0227261183298 0.00838356003622 0.00888946059637 0.0219436353104 0.0116061250504 0.00693945077164 0.000988829653165 0.0185439983003 0.0223072474399 0.0158496226786 0.0136605665872 0.0252944997729 0.0174991932691 0.0180611024185 0.042900376575 0.0168391934444 0.0422265298408 -0.0147682336397 -0.0123726282476 -0.00102357760122 -0.00309507221773 0.0289122687207 0.0137308003434 0.0525861960668 0.011310202451 0.0580814522123 0.0131072499985 0.00193228436285 -0.0113798280268 
0.0146751349586 0.00275298088419 0.0415433677121 0.0179105807183 0.0017054495155 0.00651204752376 -0.00437760569434 0.0696208036146 0.00319835333236 0.0216702552736 0.0262182785179 0.0246553192702 0.0349324234877 0.00837850157424 0.0351695156805 0.00056597478037 0.123324994789 0.0114254796343 0.0154919792393 0.130459153304 0.0114823751762 0.00116996867623 0.0151467694245 0.0173884907908 0.00841815530154 0.00625107489759 0.00403322707872 0.0147983402646 0.0179847356937 0.00995040550914 0.0223661046283 0.0112617985695 0.013607660902 0.0251986161852 0.00786336336089 0.0204029757995 -0.00562078152811 0.00492736985816 0.0156780413518 0.0121750968341 0.0160659398112 0.00673070291861 0.0122138720024 -0.00119960986431 0.0183863103271 0.0115518348544 0.0219011444544 0.00517187491166 0.0235990573364 0.0113048264095 0.0243437176851 0.00663328628104 0.0138008744802 0.00203752029032 0.00338136496053 -0.00232247099306 0.00889748804035 -0.0160427775856 0.0137058113352 0.00152777621032 
0.0112066718087 0.0267374331041 0.038014746776 0.0170155484191 0.0056431318188 0.0200345250906 0.0271046657559 -0.00443894620891 0.014006500637 0.0281063120651 0.00847272199386 0.00139804000649 -0.00794059477127 -0.000239424239654 0.00050071047606 0.0204044412585 -0.0047606534559 0.00930538138036 0.0303193609914 0.0114823751761 0.251293953511 -0.000591551835082 0.0538847638092 0.0128255111453 0.0230133137551 0.0171555081267 0.00401237046126 0.0102332315887 0.017731774491 0.00454465330601 -0.0117563978874 0.0203268574983 0.0181101891242 -0.00382161600586 -0.00617744272351 0.0164425179956 -0.00211501739739 -0.00043205701326 0.00602795110771 0.0273528898855 0.00940880741889 0.00400960061216 -0.00683900741753 0.0329389207371 0.00689439157955 0.0652049215563 0.0118240135971 0.0126125552268 0.018370838236 0.0108594411596 0.00892846458345 0.0502705025213 0.00869278199066 0.00935591782279 0.0130191274868 -0.00579473462877 0.0202350967703 0.00116898053489 0.0122712225067 -0.000439079592229 
0.0102341288395 -0.0182997873977 0.0458394864197 0.0447413480972 0.0302757959609 0.00555281142121 -0.00885112136579 0.00255470178973 0.00838037274425 0.0203689666039 0.0223147033259 0.0132340647148 -0.0140841062696 0.00387066096912 0.0149616722966 0.0101345645139 0.0206606598797 0.0177524918616 0.00226800648469 0.00116996867623 -0.000591551835082 0.16117978441 0.00880580803925 0.00597802522254 0.0180763545 0.0163187378874 0.00590753410159 0.0173684773881 0.010966752705 0.0156611490703 0.0142490159296 -0.000342964142083 0.0145934921926 0.00973607810825 0.00971995781338 0.00968856940887 0.035857039127 0.042437348805 0.00335636502236 0.00185432534027 0.0128045557577 0.0167188036386 0.00593307690575 0.0100315874458 0.00678550298023 -0.0159308624452 0.0155560595639 0.00828925599744 0.0404559251998 0.00413511905154 0.0292633912541 0.00767085345566 0.0181354895324 0.00309036954492 -0.00153617394294 -0.0167543957125 0.00821028251624 0.0125466056969 0.019498766328 0.00817071054454 
0.0169888905857 0.03184326786 0.0204957048338 0.0267781600542 0.0369134977133 0.0097669286878 -0.0143433685177 -0.00312835141715 0.0233318017109 0.0252342034619 0.0189597190123 0.0111787937864 0.0440591666011 0.00262584246447 0.00234687316763 -0.00493634357818 -0.0127724251264 0.0170111467917 0.0230604209059 0.0151467694245 0.0538847638092 0.00880580803925 0.325792217765 0.00642159863644 -0.00286919979991 0.0182048603078 -0.000640166606593 -0.0260562087455 0.0485921432328 -0.0031585224826 0.012068834675 0.0381774773946 0.00254220747944 -0.0112289943796 0.0297314145926 0.0178644150402 0.014669202589 0.0186438838037 -0.0039915438826 -0.00604521250991 0.0183085450426 0.0122566251984 0.0126869543683 -0.0110615628242 0.0122621272152 -0.0414777917714 0.0205622580001 0.00474541242179 0.0336239907136 0.0154702699263 0.0199867377009 0.0193874769799 0.0107873458268 0.0111462556644 0.0673430897853 0.0213464580485 0.0125915757655 -0.00310409666253 0.016806064216 0.00283794758356 
0.0172621693737 0.0202048246507 0.0183787313772 -0.000239985257888 0.000488251265834 0.0141276702871 0.0187988894647 0.00924193599968 0.0168189317491 0.021392017896 0.0280571279579 0.0190940127549 0.0305132788463 0.00897105196867 -0.00324538731019 0.0095630352837 -0.00750891735515 0.00390633413432 0.0141005459915 0.0173884907908 0.0128255111453 0.00597802522254 0.00642159863644 0.178692702518 0.0133697475181 0.0161132866968 0.0235204923517 -0.00382887228173 0.0208195009021 0.0295940218476 0.00044923603591 0.0192810198312 0.0015359914052 -0.00238944320367 0.0176493224675 0.0195246155821 0.0303543015696 0.0177183439372 -0.0133957661291 0.0146980020693 0.0204703652674 0.0148702783081 -0.0058895349275 0.00895875355937 0.0243547855421 0.0324006992894 0.0475399494431 0.00843024153846 0.000304112439472 0.0154366617825 0.0129599505694 0.00233580269954 0.00539619037215 0.0120706307313 0.00892488815494 0.0266731744265 0.030346495149 0.0234619416175 0.00166566930051 -0.00279086443649 
0.0128474812999 0.0218050533254 0.0296957517889 0.021206962254 0.01464113056 0.0259706330731 0.00178468475081 -0.00497454132764 0.00377369318143 0.00178787167993 0.0319477768352 -0.00117877338358 0.0185680803019 0.020555637937 0.0260216770688 0.00473393813752 0.0170892470585 0.0183977196269 0.0114803263185 0.00841815530154 0.0230133137551 0.0180763545 -0.00286919979991 0.0133697475181 0.13258815182 0.014289327074 0.0068411794989 0.00576987977711 0.00538407697217 0.019242906662 0.00619920513371 0.0275315790929 0.0210399401194 0.00188876797249 0.00746247876895 0.00910346357078 0.0170486291647 0.008200408089 -0.00416275337771 0.0117007659103 0.0170258690222 0.00119057341148 0.0101914105228 0.00249346654946 0.011943312934 0.0214888401378 0.0182528237134 0.0112605662488 0.0122154197306 0.0133065686295 0.00169849119238 0.0120268938554 0.0138024290384 -0.00237314978242 0.00395635660167 -0.00694764007462 0.00733342568225 0.0173985301974 0.00248631421428 -0.00565757536744 
0.0118325598907 0.00281313605504 0.0068199932549 0.0196812593149 -0.00434051605331 0.013527200482 0.00563536411126 0.0123717601775 0.00236705872837 0.0235856359357 0.0171255459004 0.0185837514512 0.0100661437158 0.0150472526114 -0.0136375396296 -0.00621002848837 0.0314628035613 -0.00383471611035 0.016503013279 0.00625107489758 0.0171555081267 0.0163187378873 0.0182048603078 0.0161132866968 0.014289327074 0.137569062469 0.0090267220056 0.021393504561 0.0136964526911 0.0153859882957 0.000615047882646 0.011622285284 0.012195127069 0.0100073258836 0.0202375025115 0.0191136147689 0.0153314153836 0.0221614578097 0.00774025092465 0.0105142082348 0.00803044230843 0.0123599523379 0.0107531292873 0.0152650533493 0.00359269964099 0.0123929848278 0.00963810671282 -0.00307053063217 0.0207269691923 0.00971930629583 0.0106199037132 0.0151329078979 0.014747154322 0.010290099732 0.0127638399277 0.0304163311852 0.0136924284277 0.0322437675166 0.00458325170563 -0.00244345077477 
0.0129249776381 0.00120719841556 0.0135350490297 -0.0088100896517 -0.0166461468955 0.0062435940723 0.0305122784806 0.0142763440536 0.028693748113 0.0164963103531 0.0339595445034 0.0229282278328 0.0188654058935 0.034047966513 0.0254096603639 0.00377777713503 0.0190416428513 -0.0136896357984 0.0155192698255 0.00403322707872 0.00401237046126 0.00590753410159 -0.000640166606592 0.0235204923517 0.0068411794989 0.0090267220056 0.336138394893 -0.00690147710779 0.0179640575309 0.0181124802385 0.0310115194132 -0.012024678096 0.0446137166153 0.0106696194515 0.00630722714006 0.0122277160763 0.0114861929368 0.00245506479642 0.0196338118333 0.028061182482 0.0122927523643 0.0106434119717 0.0288828672094 0.00450284473938 0.0197880026419 0.012608595447 0.00228973767531 0.0247996641267 -0.0106272381368 0.0203464426146 0.0273731456069 -0.000956698721562 0.0068684315983 0.0106285640219 0.00673228650645 0.0448148178246 0.0338363255009 -0.00765159112872 0.00741345738656 -0.000610455043467 
0.0134800980085 0.0276241768999 -0.000144329064225 -0.00718302021804 0.0028241263231 0.0536770783445 -0.0119795232747 0.0358656401562 0.00751650485643 0.067876286827 0.0550591921069 0.0139923681718 0.0436134978808 0.0360072514119 -0.0119178007399 0.0274103052393 -0.00727196581956 0.00944252679643 0.0172476031759 0.0147983402646 0.0102332315887 0.0173684773881 -0.0260562087455 -0.00382887228173 0.00576987977711 0.021393504561 -0.00690147710779 0.452550882655 0.0227696169084 0.0123841944454 -0.0118997613182 0.0189072337742 0.0214946782506 -0.00688990568217 0.035015223135 0.0183325340795 0.0189410411486 -0.0079417376417 0.0129668799843 -0.00278801549307 0.0293194149398 0.0399505809911 0.020620710324 0.000111450944754 0.00475689508161 0.0636004305653 0.0263889066285 0.029967542647 -0.0104929639595 0.0125675396587 0.0111223932216 0.0195947765688 0.00562696938678 0.0209837645908 -0.0067888841487 0.0968964177609 0.0408396056716 0.0300214267465 0.0104752712835 -0.0132796473956 
0.0245781440332 0.0159614443811 -0.0468873174828 0.0525699938526 0.0260892590901 0.0302460354101 0.00930368728269 -0.0136363190817 0.016872344324 0.0170641589016 0.0298795386356 0.00438132760934 0.034259399426 0.00239201774596 0.0500074296441 0.019982486037 -0.0100465086751 0.00732937894331 0.0302351193802 0.0179847356937 0.017731774491 0.010966752705 0.0485921432328 0.0208195009021 0.00538407697217 0.0136964526911 0.0179640575309 0.0227696169084 0.267134303259 0.0285195196699 0.0274985479041 0.0317657907879 -0.0105649028404 0.0267627129115 0.0216752583646 0.0295986083351 0.0297690883507 0.0269591602569 -0.00510500778741 0.0318828371385 -0.0033440482209 0.0113586256843 0.00220241976213 -0.00934206150433 0.0420125554068 0.0384793205956 0.0300954241919 0.0198264174716 0.00943065410597 0.0252664433432 0.0186540787944 0.000340946779455 0.017076849734 0.0116802283386 0.0774655369418 0.0152199430722 -0.00853241587001 -0.00244303762584 0.0339996136676 0.00133362100116 
0.00916328542007 0.00911743282502 0.0212396909197 -0.00592647136244 0.011923215191 0.00143532156379 0.0165702293698 0.00824954813403 -0.0112754954875 0.0215175965461 0.0143097735991 0.0184510118862 0.0364122925332 0.0160231888449 -0.00371873331727 0.00799536320044 0.00264265771264 0.0192181135949 0.0159573254227 0.00995040550914 0.00454465330601 0.0156611490703 -0.0031585224826 0.0295940218476 0.019242906662 0.0153859882957 0.0181124802385 0.0123841944454 0.0285195196699 0.173299923918 -0.00861199694322 0.00775770067333 0.0055012952393 0.0118792328295 0.0409769299341 0.0378736880223 0.0255441498481 0.0271801676161 0.00901983813954 0.017618301667 0.0151000621429 0.0204264137807 0.0162345595045 0.00729823154634 0.0249445626899 0.0745750850676 0.0494167257739 0.0233030754902 -0.00206385831513 0.00409583774019 0.00761557436132 0.0131997625471 0.00590434319919 0.00653276013816 -0.00911553820916 0.0105206730572 0.00484321725957 0.0046897159161 0.00347795319805 0.00750830742889 
0.0199691986999 -0.0415075411408 -0.0296030881659 0.0756070469043 0.103179061003 0.0241392307986 0.0125433026046 0.0217203834852 -0.0134234798122 0.00361676685559 0.0561620408936 -0.0139433104225 0.00356205479395 -0.0149472073455 0.153506432083 0.0104106657771 0.0573409475635 -0.00641253241294 0.00256433305472 0.0223661046283 -0.0117563978874 0.0142490159296 0.012068834675 0.000449236035911 0.00619920513371 0.000615047882645 0.0310115194132 -0.0118997613182 0.0274985479041 -0.00861199694322 0.3318168736 0.00110044858555 0.0344674463505 0.151938634123 0.00501098376782 0.0208187014631 0.0330069286104 0.0306962577119 0.0141150693585 0.0248793533616 -0.0103544972208 -0.00643087545726 0.0279256935673 -0.0103185787353 0.0144560588265 0.0145991150789 -0.00399406628416 0.0192896865839 0.094829080079 -0.0115239594357 0.00344373964978 -0.000360859009153 0.0140903539524 0.0210035323778 -0.00475215373719 -0.0120881342661 0.0128674563401 -0.0357633994831 0.128354291295 -0.028621279554 
0.0163549370568 0.0196000963403 -0.00519985594134 0.021946664111 0.0121874412514 0.043372538809 0.0158951985876 0.0119445255161 0.0276821327472 0.00391766564916 0.0315057975226 -0.0165160113233 0.0133028487774 0.0117086823292 0.0294892583827 0.0166968137326 0.081977592267 0.0280663250273 0.0227261183298 0.0112617985695 0.0203268574983 -0.000342964142084 0.0381774773946 0.0192810198312 0.0275315790929 0.011622285284 -0.012024678096 0.0189072337742 0.0317657907879 0.00775770067333 0.00110044858555 0.182435963441 0.0190349468449 0.0148244947699 0.000948333034215 0.00919886098912 0.00535281200699 0.00436687777853 0.0144437236086 0.0207699189489 0.0168254005569 0.0218101393232 0.0076255380001 0.0113906477221 0.0204751464387 0.0363883511471 0.0109358611035 0.000829508655705 0.00935794382359 0.00873082893089 0.0119892544401 0.00270419288961 0.0227325085773 0.00841227662751 0.0187048968542 0.0108801382745 -0.00361035540379 0.0173078485776 0.0142221577309 -0.00802974508749 
0.0266806929317 0.00457723236386 0.0490254967868 -0.00100429794134 -0.008700146895 0.0446063054784 -0.00640903502724 -0.0096164168173 0.0211630616891 0.0180206013982 0.0157372909055 0.0144250704657 0.000845210029388 0.043199639755 0.0332816240018 0.00558417386048 0.00240537434035 0.021619533462 0.00838356003622 0.013607660902 0.0181101891242 0.0145934921926 0.00254220747944 0.0015359914052 0.0210399401194 0.012195127069 0.0446137166153 0.0214946782506 -0.0105649028404 0.0055012952393 0.0344674463505 0.0190349468449 0.37312244649 0.0558248292739 0.025093575711 -0.00589246564427 0.00689482101946 0.0117176293818 0.0055696272279 -0.00739363293861 0.0501037785131 -0.0130371227968 -0.0068910170428 0.0109835312832 -0.00297092919574 -0.00342746649696 0.00161810698917 0.0274593699718 -0.0113490410389 0.00236293043205 0.0162136513601 0.00216027713313 0.0372112070366 0.00191097410177 0.0305415643243 0.0214420233702 0.0301394796388 -0.00591995246828 0.0176119669171 0.00754111626553 
0.0295555499651 0.017815643234 0.0329184553753 0.0685731797536 0.122811464226 -0.00343234038736 0.00808841595444 0.0118609407636 -0.00336673228427 0.00637023484601 0.0378654114703 0.00632934975871 0.011589693094 0.0123620403567 0.143206781505 0.0164730669271 0.0365298776131 -0.0118966705312 0.00888946059637 0.0251986161852 -0.00382161600586 0.00973607810825 -0.0112289943796 -0.00238944320367 0.0018887679725 0.0100073258836 0.0106696194515 -0.00688990568218 0.0267627129115 0.0118792328295 0.151938634123 0.0148244947699 0.0558248292739 0.422515503652 0.00306720572857 0.0196716244859 0.0106138554566 0.03251305125 0.00312978181639 0.00437722195643 0.0247236739017 0.00190227767201 0.00362851566479 0.0059289780005 -8.97111631481e-05 0.0614697222654 0.00855303496491 0.00683740773295 0.0773797864779 0.0260527170622 0.0157083328715 0.00313703532392 0.0186434175925 0.000276736544706 -0.000283070122947 -0.0240985262316 0.0109792458901 0.0047794475156 0.144857771903 -0.0175649060482 
0.0204307006611 0.0383265885386 0.0258695588975 -0.0150828777211 1.87486359463e-05 0.0112748763071 0.00780278696885 -0.00267497488612 0.0354592348134 0.0373328749503 0.0231329187225 0.0297270029924 0.00689989640414 0.0294354808091 0.0120900924032 0.00924985954466 -0.027229504109 0.00277727766274 0.0219436353104 0.00786336336089 -0.00617744272351 0.00971995781338 0.0297314145926 0.0176493224675 0.00746247876895 0.0202375025115 0.00630722714006 0.035015223135 0.0216752583646 0.0409769299341 0.00501098376782 0.000948333034214 0.025093575711 0.00306720572857 0.158096674555 0.0033467368864 0.0219122804277 0.0201403132475 0.00707893335045 0.0575782458648 0.00684486101433 0.00686213761206 0.00208767033259 0.00752576222709 0.0132380721008 0.015173679489 0.0260950390572 0.00890474095307 -0.0039333756741 0.00696987061677 0.0390483129231 0.0224745320473 0.00369475783594 0.0109934477205 0.0158638287229 0.0137853573321 0.0306973751257 0.0129797103632 -0.0020387828255 0.00215776181516 
0.0178949326816 0.0183390009233 0.0246074035204 -0.00450181631289 0.00121791041869 0.0086689002187 0.00394231157849 -0.00807051070395 0.0332377504643 0.010929446842 0.0161014450274 0.0195013568181 0.0384294983403 -0.00818553391274 0.0220172463143 0.0224082485194 -0.0140621767488 0.0209292872861 0.0116061250504 0.0204029757995 0.0164425179956 0.00968856940887 0.0178644150402 0.0195246155821 0.00910346357078 0.0191136147689 0.0122277160763 0.0183325340795 0.0295986083351 0.0378736880223 0.0208187014631 0.00919886098912 -0.00589246564427 0.0196716244859 0.0033467368864 0.19542405935 0.022004292162 0.00997937126236 0.0113702328829 -0.0154684000359 0.0162710933093 0.0339463996317 0.0074551427572 0.0149212033097 0.0363785799609 0.0185295699252 0.056400316798 0.0124320592808 -0.0110985952821 0.00988507553118 0.0198183433536 0.0064577632063 0.00951276161103 0.01007943238 0.00300681130527 0.00943864660814 0.0240360848922 0.00988014869416 0.01291085975 0.0193369582305 
0.0200845699083 -0.00793812499047 0.0190771055086 0.0314293023846 0.0359139130436 0.0285395648871 0.0130454377618 -0.0104631472571 -0.0205830128079 0.0130217694051 0.025921052389 0.00163452263769 -0.00998424464845 0.0206445971445 0.0280443809611 0.0212858181998 -0.0231469768476 0.0238056847493 0.00693945077164 -0.00562078152811 -0.00211501739739 0.035857039127 0.014669202589 0.0303543015696 0.0170486291647 0.0153314153836 0.0114861929368 0.0189410411486 0.0297690883507 0.0255441498481 0.0330069286104 0.00535281200699 0.00689482101946 0.0106138554566 0.0219122804277 0.022004292162 0.197182121706 0.0650168470129 0.010178237103 0.00420159773601 0.0325372611787 -0.00266884659225 -0.00349512932614 0.00735320658186 0.0177291434119 0.0103099504763 0.0181239229016 0.011355059283 0.0315115635922 0.00886393238996 0.0224128909353 0.00289227537694 0.0111632056279 0.0103153857113 -0.0196449614924 7.06368973592e-05 0.014050151387 0.00294639812542 0.02130586719 0.00148296573616 
0.0221718459646 -0.00418878791795 0.0103567472964 0.0340784716454 0.0376375268516 0.0111755424526 -0.00579520283991 -0.00472841164798 0.0253274948985 0.0143174016066 0.0504186438247 0.00109079363959 0.000688638543908 0.0458378905487 0.00534762253304 0.00685110699685 0.0193753705773 0.0224677321821 0.000988829653166 0.00492736985816 -0.000432057013261 0.042437348805 0.0186438838037 0.0177183439372 0.008200408089 0.0221614578097 0.00245506479642 -0.0079417376417 0.0269591602569 0.0271801676161 0.0306962577119 0.00436687777853 0.0117176293818 0.03251305125 0.0201403132475 0.00997937126236 0.0650168470129 0.196021406373 -0.00926749769987 0.031295726121 0.00694821601085 0.0114987752311 -0.00227010613729 -0.00409695515728 0.0269665858911 0.00302538200999 0.00865283554362 0.0042803805919 0.0408120437671 -0.0026141142067 0.00782299840943 0.00446867045045 0.00772998114736 0.0154245051802 0.00492250341168 0.000824606883967 0.0134249351431 0.011008023497 0.0305058287465 0.000870323189133 
0.0186342510388 0.038277839862 0.0210782841539 0.00419448638993 -0.00910117461055 0.00388334915423 0.0354327155619 0.0243673648776 0.0532588506082 0.0119198315635 0.0403416961805 -0.0156659679256 0.0112854167727 0.0439119248109 0.00188063129874 0.0161810612384 0.012747610722 -0.0189804417354 0.0185439983003 0.0156780413518 0.00602795110771 0.00335636502236 -0.0039915438826 -0.0133957661291 -0.00416275337771 0.00774025092465 0.0196338118333 0.0129668799843 -0.00510500778741 0.00901983813954 0.0141150693585 0.0144437236086 0.0055696272279 0.00312978181639 0.00707893335045 0.0113702328829 0.010178237103 -0.00926749769987 0.292568701079 0.0357938538489 0.00366991060573 0.00772445055184 0.0131618670739 0.0203972969391 -0.00614694347066 -0.00355088457251 0.013103958952 0.0477725493738 0.00623091020101 0.0111868024309 0.0324255633197 0.00269317548206 0.0138866512521 0.0249797754177 -0.0151009577937 -0.00386043858341 0.0180151190628 -0.00184498567403 -0.0102599205945 -0.0382401770157 
