20
0.0566217234647 0.126255379542 0.0251356843311 0.0300827450696 0.234070828585 0.0824662750087 -0.0290439391383 0.0810581507116 0.0445332570478 0.0601344650096 0.0571686925308 0.0678116165217 0.0798623823862 0.0181340887913 0.0392369654355 0.0559799775446 0.0507347996455 0.0370780174455 0.0150252709272 0.0755027876102 
0.198394755666 0.02837087216 0.0327819442844 0.0161181916952 0.0233017938613 0.030448562923 0.00339876518428 0.0484042493263 -0.0057449840148 0.00220527528094 0.00630402725552 -0.00136007662318 0.0352074561449 0.0586421441875 0.0508101036753 0.0107594810177 0.0664697738747 0.0243829312572 0.0286013963388 0.0203600557549 
0.02837087216 0.523371260009 0.0281956624285 0.0262803597286 0.112274352303 0.0186074203177 0.0626591467094 0.0316794779589 0.0286605383816 -0.0118126719659 0.0321477312018 0.0158131250855 0.015235866249 0.00650722188446 0.0218842464459 0.04501747082 0.0211350485338 0.0176069581075 0.020035691531 0.0786324432931 
0.0327819442844 0.0281956624285 0.136348355523 0.00451808877714 0.00426566401228 -0.00022681689385 -6.32603149097e-05 0.0171648539119 0.0120943499516 0.0176020721751 -0.00295270403469 0.00106146680335 0.000522072261164 0.00744183762664 0.0563754037871 0.0203018018855 0.0252643946697 0.0174179988353 0.0367315967713 0.00623236570624 
0.0161181916952 0.0262803597286 0.00451808877714 0.160015469296 0.00805755092846 0.0116811352238 0.00468821985731 0.0248054451141 0.0271381579548 -0.00189013263366 0.00349506641764 0.0304710083299 -0.0086513292829 -0.00415298892537 0.0197862182917 0.0048329663625 0.0206299777342 0.00149491155659 0.0166217934831 0.0152174715232 
0.0233017938613 0.112274352303 0.00426566401228 0.00805755092846 1.02160898394 0.0114762302118 0.0600039351701 0.034923482678 0.0199882663358 0.0279277002139 0.0715681652306 0.0129830284362 0.0215877619031 0.0451487319937 0.0127671447297 0.0326730294252 0.0439607887382 0.00291641115258 0.0254063080397 0.0563722492842 
0.030448562923 0.0186074203177 -0.00022681689385 0.0116811352238 0.0114762302118 0.425301801032 -0.0100267242413 0.0374341225439 0.00984157939747 -0.0343791099193 0.00851638461889 0.0119431681449 0.207385797635 0.0174099692529 0.00701209083622 0.00790169105955 0.0220014758117 0.0304220062719 -0.000862354701898 -0.0262013004737 
0.00339876518428 0.0626591467094 -6.32603149096e-05 0.00468821985731 0.0600039351701 -0.0100267242413 0.335734147045 0.00359956507536 0.0384870215871 0.0226850504067 0.0158521001975 0.0528619826584 -0.00193750552754 0.0174436681961 0.00967413213668 0.00152443890103 0.0130501099387 0.0158474980033 0.0163045744189 -0.00092701696311 
0.0484042493263 0.0316794779589 0.0171648539119 0.0248054451141 0.034923482678 0.0374341225439 0.00359956507536 0.230556841481 0.0196390354873 0.0197231337066 0.039546922425 0.0248841069783 0.00978476990511 0.034224594116 0.0209036351214 0.0171277776554 0.0225633714663 0.0165025965623 0.0262289431171 0.0262061765025 
-0.0057449840148 0.0286605383816 0.0120943499516 0.0271381579548 0.0199882663358 0.00984157939747 0.0384870215871 0.0196390354873 0.181835501782 0.00375792805921 0.0355867484634 0.0247955503824 0.0091160849929 0.0119150711652 0.0176837125431 0.0210438516938 0.0101826982035 0.0196963246826 0.0198122204829 0.0159622060454 
0.00220527528094 -0.0118126719659 0.0176020721751 -0.00189013263366 0.0279277002139 -0.0343791099193 0.0226850504067 0.0197231337066 0.00375792805921 0.294195661102 0.0626394242126 -0.00814261959329 -0.0126872458777 0.0210584052911 0.0316675430522 -0.0158897039665 0.00817611289796 0.0244778683377 0.0114607166413 0.0106024407044 
0.00630402725552 0.0321477312018 -0.00295270403469 0.00349506641764 0.0715681652306 0.00851638461889 0.0158521001975 0.039546922425 0.0355867484634 0.0626394242126 0.36869916921 -0.0058792773543 0.00771796360677 0.0199245098685 0.0214604821695 -0.00218453314247 0.0258257341255 0.0248827727086 0.0275755257808 -0.0105129630225 
-0.00136007662318 0.0158131250855 0.00106146680335 0.0304710083299 0.0129830284362 0.0119431681449 0.0528619826584 0.0248841069783 0.0247955503824 -0.00814261959329 -0.0058792773543 0.24167424149 0.00878344315227 0.0195217381045 0.015059311654 0.0112044055425 0.010526577736 0.0252918308976 0.0377661256357 -0.00328435773078 
0.0352074561449 0.015235866249 0.000522072261165 -0.0086513292829 0.0215877619031 0.207385797635 -0.00193750552754 0.00978476990511 0.0091160849929 -0.0126872458777 0.00771796360677 0.00878344315227 0.384383536875 0.0355904925684 0.00844580131424 0.0175933673374 0.0244274638104 0.0238840342922 0.00480741280664 -0.0140373494978 
0.0586421441875 0.00650722188446 0.00744183762664 -0.00415298892537 0.0451487319937 0.0174099692529 0.0174436681961 0.034224594116 0.0119150711652 0.0210584052911 0.0199245098685 0.0195217381045 0.0355904925684 0.294076235898 0.0160695962008 0.0473738186809 0.0250789894855 0.0189904498411 0.0318780106896 0.0538185018846 
0.0508101036753 0.0218842464459 0.0563754037871 0.0197862182917 0.0127671447297 0.00701209083622 0.00967413213668 0.0209036351214 0.0176837125431 0.0316675430522 0.0214604821695 0.015059311654 0.00844580131424 0.0160695962008 0.185847062154 0.0202834062224 0.0487523580366 0.0492340289855 0.0494606106028 0.023828822005 
0.0107594810177 0.04501747082 0.0203018018855 0.0048329663625 0.0326730294252 0.00790169105955 0.00152443890103 0.0171277776554 0.0210438516938 -0.0158897039665 -0.00218453314247 0.0112044055425 0.0175933673374 0.0473738186809 0.0202834062224 0.255442937296 0.0367836918895 0.0184501628826 0.0274014469364 0.0200493804612 
0.0664697738747 0.0211350485338 0.0252643946697 0.0206299777342 0.0439607887382 0.0220014758117 0.0130501099387 0.0225633714663 0.0101826982035 0.00817611289796 0.0258257341255 0.010526577736 0.0244274638104 0.0250789894855 0.0487523580366 0.0367836918895 0.279609516122 0.0195136109732 0.0173335817872 0.0185747309925 
0.0243829312572 0.0176069581075 0.0174179988353 0.00149491155659 0.00291641115258 0.0304220062719 0.0158474980033 0.0165025965623 0.0196963246826 0.0244778683377 0.0248827727086 0.0252918308976 0.0238840342922 0.0189904498411 0.0492340289855 0.0184501628826 0.0195136109732 0.193472720876 0.0315799099162 0.0753764552151 
0.0286013963388 0.020035691531 0.0367315967713 0.0166217934831 0.0254063080397 -0.000862354701898 0.0163045744189 0.0262289431171 0.0198122204829 0.0114607166413 0.0275755257808 0.0377661256357 0.00480741280664 0.0318780106896 0.0494606106028 0.0274014469364 0.0173335817872 0.0315799099162 0.191878461119 0.0124062460951 
0.0203600557549 0.0786324432931 0.00623236570624 0.0152174715232 0.0563722492842 -0.0262013004737 -0.00092701696311 0.0262061765025 0.0159622060454 0.0106024407044 -0.0105129630225 -0.00328435773078 -0.0140373494978 0.0538185018846 0.023828822005 0.0200493804612 0.0185747309925 0.0753764552151 0.0124062460951 0.72865280962 
0.0171814898384 0.00245698960181 0.00283899965357 0.00139587634711 0.00201799454377 0.00263692290001 0.000294341699108 0.00419193095677 -0.000497530210115 0.000190982441563 0.000545944774943 -0.000117786090677 0.00304905514241 0.00507855865987 0.00440028405517 0.000931798389283 0.00575645127593 0.00211162378874 0.00247695358131 0.00176323255062 
0.00245698960181 0.0453252806778 0.00244181599396 0.00227594591455 0.00972324412876 0.0016114498694 0.00542644128298 0.00274352326911 0.00248207543246 -0.00102300740091 0.00278407518948 0.00136945680373 0.00131946472203 0.000563541946001 0.00189523133648 0.00389862733442 0.00183034889405 0.00152480730045 0.00173514178482 0.00680976934534 
0.00283899965357 0.00244181599396 0.0118081139647 0.000391277965756 0.000369417339865 -1.96429192082e-05 -5.47850397632e-06 0.001486519954 0.00104740143004 0.00152438416629 -0.00025571167039 9.19257216973e-05 4.5212784078e-05 0.000644482043551 0.00488225318282 0.00175818761754 0.00218796075952 0.00150844294745 0.00318104959255 0.000539738702728 
0.00139587634711 0.00227594591455 0.000391277965756 0.0138577461409 0.000697804379634 0.00101161598488 0.000406011749496 0.0021482145621 0.00235023342007 -0.000163690287727 0.000302681630559 0.00263886672926 -0.00074922709355 -0.000359659391101 0.00171353676854 0.000418547164556 0.00178660847973 0.000129463138442 0.00143948954128 0.00131787169204 
0.00201799454377 0.00972324412876 0.000369417339865 0.000697804379634 0.088473933283 0.000993870690306 0.00519649321843 0.00302446231878 0.00173103464244 0.00241860978545 0.0061979849192 0.00112436324438 0.0018695550219 0.00390999488552 0.00110566716697 0.00282956735008 0.00380711598177 0.000252568614602 0.00220025081788 0.00488197999486 
0.00263692290001 0.0016114498694 -1.96429192082e-05 0.00101161598488 0.000993870690306 0.0368322163969 -0.000868339790971 0.00324189010914 0.000852305777157 -0.00297731825496 0.000737540542836 0.00103430870152 0.0179601369136 0.00150774756521 0.000607264879781 0.000684306519043 0.00190538369737 0.00263462302656 -7.46821078917e-05 -0.00226909918224 
0.000294341699108 0.00542644128298 -5.47850397631e-06 0.000406011749496 0.00519649321843 -0.000868339790971 0.0290754300259 0.000311731479784 0.00333307384104 0.00196458299383 0.00137283214744 0.00457798198766 -0.000167792900682 0.0015106659793 0.000837804418993 0.000132020281481 0.00113017267291 0.00137243358573 0.00141201756446 -8.02820239793e-05 
0.00419193095677 0.00274352326911 0.001486519954 0.0021482145621 0.00302446231878 0.00324189010914 0.000311731479784 0.0199668081739 0.00170079036378 0.00170807348322 0.00342486394615 0.00215502687937 0.000847385930801 0.00296393679387 0.00181030790466 0.00148330905599 0.00195404528848 0.00142916678514 0.00227149310538 0.00226952145872 
-0.000497530210115 0.00248207543246 0.00104740143004 0.00235023342007 0.00173103464244 0.000852305777157 0.00333307384105 0.00170079036378 0.0157474163853 0.000325446116487 0.00308190282074 0.0021473576532 0.000789476118691 0.0010318754317 0.00153145442956 0.00182245101603 0.000881847532333 0.00170575175363 0.00171578862436 0.00138236759357 
0.000190982441563 -0.00102300740091 0.00152438416629 -0.000163690287727 0.00241860978545 -0.00297731825496 0.00196458299383 0.00170807348322 0.000325446116487 0.0254780916198 0.00542473326465 -0.000705171542114 -0.00109874772342 0.00182371139453 0.00274248967586 -0.00137608872936 0.000708072147384 0.00211984558109 0.000992527175692 0.000918198299211 
0.000545944774943 0.00278407518948 -0.00025571167039 0.000302681630559 0.0061979849192 0.000737540542836 0.00137283214744 0.00342486394615 0.00308190282074 0.00542473326465 0.031930284689 -0.000509160354472 0.000668395254895 0.00172551317041 0.00185853227363 -0.000189186119679 0.00223657418241 0.00215491132823 0.00238811058489 -0.000910449304654 
-0.000117786090677 0.00136945680373 9.19257216972e-05 0.00263886672927 0.00112436324438 0.00103430870152 0.00457798198766 0.00215502687937 0.0021473576532 -0.000705171542114 -0.000509160354472 0.0209296032571 0.000760668490256 0.00169063211245 0.00130417464559 0.00097032998341 0.000911628373428 0.00219033680656 0.0032706424203 -0.000284433722997 
0.00304905514241 0.00131946472203 4.5212784078e-05 -0.00074922709355 0.0018695550219 0.0179601369136 -0.000167792900682 0.000847385930801 0.000789476118691 -0.00109874772342 0.000668395254895 0.000760668490256 0.033288590773 0.00308222706974 0.000731427849345 0.00152363030523 0.00211548042098 0.00206841804419 0.000416334161703 -0.00121567012669 
0.00507855865987 0.000563541946001 0.000644482043551 -0.000359659391101 0.00390999488552 0.00150774756521 0.0015106659793 0.00296393679387 0.0010318754317 0.00182371139453 0.00172551317041 0.00169063211245 0.00308222706974 0.0254677490937 0.00139166785385 0.00410269304519 0.00217190419956 0.00164462119917 0.00276071670793 0.00466081898257 
0.00440028405517 0.00189523133648 0.00488225318282 0.00171353676854 0.00110566716697 0.000607264879781 0.000837804418993 0.00181030790466 0.00153145442956 0.00274248967586 0.00185853227363 0.00130417464559 0.000731427849345 0.00139166785385 0.0160948277044 0.00175659450639 0.00422207805541 0.00426379198321 0.00428341452687 0.00206363651986 
0.000931798389283 0.00389862733442 0.00175818761754 0.000418547164556 0.00282956735008 0.000684306519043 0.000132020281481 0.00148330905599 0.00182245101603 -0.00137608872936 -0.000189186119679 0.00097032998341 0.00152363030523 0.00410269304519 0.00175659450639 0.0221220072916 0.00318556116213 0.00159783097603 0.00237303491474 0.00173632728095 
0.00575645127593 0.00183034889405 0.00218796075952 0.00178660847973 0.00380711598177 0.00190538369737 0.00113017267291 0.00195404528848 0.000881847532333 0.000708072147384 0.00223657418241 0.000911628373428 0.00211548042098 0.00217190419956 0.00422207805541 0.00318556116213 0.0242148944102 0.00168992828224 0.00150113221663 0.0016086188908 
0.00211162378874 0.00152480730045 0.00150844294745 0.000129463138442 0.000252568614602 0.00263462302656 0.00137243358573 0.00142916678514 0.00170575175363 0.00211984558109 0.00215491132823 0.00219033680656 0.00206841804419 0.00164462119917 0.00426379198321 0.00159783097603 0.00168992828224 0.0167552291218 0.00273490042366 0.00652779250635 
0.00247695358131 0.00173514178482 0.00318104959255 0.00143948954128 0.00220025081788 -7.46821078917e-05 0.00141201756446 0.00227149310538 0.00171578862436 0.000992527175692 0.00238811058489 0.0032706424203 0.000416334161703 0.00276071670793 0.00428341452687 0.00237303491474 0.00150113221663 0.00273490042366 0.0166171621768 0.0010744124284 
0.00176323255062 0.00680976934534 0.000539738702728 0.00131787169204 0.00488197999486 -0.00226909918224 -8.02820239793e-05 0.00226952145872 0.00138236759357 0.000918198299211 -0.000910449304654 -0.000284433722997 -0.00121567012669 0.00466081898257 0.00206363651986 0.00173632728095 0.0016086188908 0.00652779250635 0.0010744124284 0.063103184367 

['ASN', 'TER', 'C', 'HCR', 'PMCS', 'DVN', 'THC', 'GWW', 'DGX', 'DG', 'WHR', 'HCA', 'APA', 'UST', 'WB', 'HON', 'LEG', 'UTX', 'NFB', 'LXK']