20
0.0129348444485 0.0316067218978 0.1366928931 0.0038222736377 0.0368602928082 0.126514999345 0.0498180241401 0.0677272644226 0.0824662750087 0.00633581846688 0.0216083944488 0.0347685991573 0.142595623168 0.0621428512979 0.0110311255814 0.00839736130492 0.139274044211 0.0541634245192 0.0135435889675 0.162419244675 
0.171020841305 0.0238152934786 0.00468330889607 0.0301446234297 0.00699208783578 0.00476228176829 -0.00173574949167 0.0267626616167 0.00587945175533 0.0315367629105 0.0389601702724 0.00966576787258 0.00779470645485 0.0132700265983 0.0181136918764 0.0406252542706 0.0172892453336 0.00658637011449 0.0155299527062 0.0111619781857 
0.0238152934786 0.147610262859 0.0125480086346 0.0142839855591 0.0024996092442 0.0250820973311 -0.00532202065756 0.0245852674932 0.0173249376495 0.0241438745305 0.0383647520027 0.0129010778497 0.0385787922139 0.04040907966 0.0323465587018 0.0413298634234 0.0395137748921 0.032533544371 0.0334126552668 0.0145961583478 
0.00468330889607 0.0125480086346 0.528542206488 0.00508546502487 -0.00628229527099 0.00670960768682 -0.0121578636831 0.0137545949073 0.0363187638768 0.0159667316625 0.00902508598186 0.00869357397898 0.0230987677276 0.00896093534022 0.00351361008104 0.0122724915535 0.0430608934333 0.024355507108 0.0471306273531 0.016194882562 
0.0301446234297 0.0142839855591 0.00508546502487 0.225704384353 0.0149588847599 0.0273400283698 0.022184646997 0.00670027202558 0.00448928920264 0.00642575351492 0.0206937054787 0.02573108989 0.0109625721141 0.0244427487108 0.0234066547373 0.0145052781875 0.0367190376612 0.00164485831664 0.017530361718 0.0240234362796 
0.00699208783578 0.0024996092442 -0.00628229527099 0.0149588847599 0.339274394105 0.0156082255938 0.0210800312396 -0.0114792403833 0.00543417575185 0.00857277626019 0.0128791370764 0.00705773085647 -0.00470952791006 0.00244048442683 0.00396532698861 0.00382625799989 0.0197507889989 0.00316412976278 -0.00778503298096 0.0117449824755 
0.00476228176829 0.0250820973311 0.00670960768682 0.0273400283698 0.0156082255938 0.272084067179 0.0514686572225 0.00198643538539 0.0576167121179 0.0146577026324 -0.00316351460092 0.0333923545171 0.0460211837901 0.0353885503426 0.0428120462926 0.0267599957788 0.0392634321429 -0.0025066895033 0.0237688206062 0.0440467541508 
-0.00173574949167 -0.00532202065756 -0.0121578636831 0.022184646997 0.0210800312396 0.0514686572225 0.371482126974 0.00142367511844 0.16189213027 0.0107634721386 0.00487230096475 0.0941570389991 0.00444206865789 0.00841080826446 0.0238806757852 0.0101474433481 0.0330941122222 -0.0270262174866 0.00430763313538 0.00754917231918 
0.0267626616167 0.0245852674932 0.0137545949073 0.00670027202558 -0.0114792403833 0.00198643538539 0.00142367511844 0.308913522202 -0.0092621626891 0.0109202028389 0.0174343622172 -0.0112518713881 0.0143816619927 0.020227476401 0.00782604806266 0.0145012096284 0.0568542124038 0.0305840636397 0.0174587030921 0.00304982427144 
0.00587945175533 0.0173249376495 0.0363187638768 0.00448928920264 0.00543417575185 0.0576167121179 0.16189213027 -0.0092621626891 0.423013970398 -0.0021747187617 -0.0194273540269 0.12757887656 -0.00351950844186 0.026541619216 0.0307135472022 0.00671832418962 0.0431934537166 -0.012560042217 0.00176221293629 0.0170352904889 
0.0315367629105 0.0241438745305 0.0159667316625 0.00642575351492 0.00857277626019 0.0146577026324 0.0107634721386 0.0109202028389 -0.0021747187617 0.211838685867 0.0142905041191 -0.0118294353361 0.0252572936269 0.0255759176915 0.00434189720053 0.0329353204381 0.0427586545213 0.0178877130738 0.0272985479304 0.0113911375641 
0.0389601702724 0.0383647520027 0.00902508598186 0.0206937054787 0.0128791370764 -0.00316351460092 0.00487230096475 0.0174343622172 -0.0194273540269 0.0142905041191 0.269302526572 -0.00900802218853 0.0202845265413 0.0342947328495 0.00193869762415 0.0111654219718 0.0281092888856 0.00654806179511 -0.00172398294336 0.040946809844 
0.00966576787258 0.0129010778497 0.00869357397898 0.02573108989 0.00705773085647 0.0333923545171 0.0941570389991 -0.0112518713881 0.12757887656 -0.0118294353361 -0.00900802218853 0.24054812581 0.030341673639 0.020712051249 0.0228254787521 0.00267563952282 0.0198130953598 -0.00856668364838 0.0311868886955 0.0171418757754 
0.00779470645485 0.0385787922139 0.0230987677276 0.0109625721141 -0.00470952791006 0.0460211837901 0.00444206865789 0.0143816619927 -0.00351950844186 0.0252572936269 0.0202845265413 0.030341673639 0.454840697463 0.0492651769015 0.0176728847317 0.0414786299333 0.148734557094 0.0077615411169 0.0276831461361 0.00620017325518 
0.0132700265983 0.04040907966 0.00896093534022 0.0244427487108 0.00244048442683 0.0353885503426 0.00841080826446 0.020227476401 0.026541619216 0.0255759176915 0.0342947328495 0.020712051249 0.0492651769015 0.181827185476 0.0412732489677 0.0252998398517 0.0397957365881 0.0347502987321 0.0263540131811 0.024968554005 
0.0181136918764 0.0323465587018 0.00351361008104 0.0234066547373 0.00396532698861 0.0428120462926 0.0238806757852 0.00782604806266 0.0307135472022 0.00434189720053 0.00193869762415 0.0228254787521 0.0176728847317 0.0412732489677 0.154419859192 0.0275473882702 0.00560718436966 0.00720270790574 0.0174716675211 0.0118383848831 
0.0406252542706 0.0413298634234 0.0122724915535 0.0145052781875 0.00382625799989 0.0267599957788 0.0101474433481 0.0145012096284 0.00671832418962 0.0329353204381 0.0111654219718 0.00267563952282 0.0414786299333 0.0252998398517 0.0275473882702 0.154917381813 0.0371887832565 0.021827398345 0.0282557654632 0.0237145020164 
0.0172892453336 0.0395137748921 0.0430608934333 0.0367190376612 0.0197507889989 0.0392634321429 0.0330941122222 0.0568542124038 0.0431934537166 0.0427586545213 0.0281092888856 0.0198130953598 0.148734557094 0.0397957365881 0.00560718436966 0.0371887832565 0.645022864323 0.03743145853 0.017724662191 0.0477603328394 
0.00658637011449 0.032533544371 0.024355507108 0.00164485831664 0.00316412976278 -0.0025066895033 -0.0270262174866 0.0305840636397 -0.012560042217 0.0178877130738 0.00654806179511 -0.00856668364838 0.00776154111691 0.0347502987321 0.00720270790574 0.021827398345 0.03743145853 0.318431564531 0.0134908309227 0.0149900048778 
0.0155299527062 0.0334126552668 0.0471306273531 0.017530361718 -0.00778503298096 0.0237688206062 0.00430763313538 0.0174587030921 0.00176221293629 0.0272985479304 -0.00172398294336 0.0311868886955 0.0276831461361 0.0263540131811 0.0174716675211 0.0282557654631 0.017724662191 0.0134908309227 0.257280079564 -0.0227386235715 
0.0111619781857 0.0145961583478 0.016194882562 0.0240234362796 0.0117449824755 0.0440467541508 0.00754917231918 0.00304982427144 0.0170352904889 0.0113911375641 0.040946809844 0.0171418757754 0.00620017325518 0.024968554005 0.0118383848831 0.0237145020164 0.0477603328394 0.0149900048778 -0.0227386235715 1.30373854559 
0.0148108393147 0.0020624649151 0.000405586447777 0.00261060096777 0.000605532569128 0.000412425699132 -0.000150320315439 0.00231771448329 0.000509175458044 0.00273116378336 0.00337404971917 0.000837080052474 0.000675041380494 0.0011492180143 0.00156869173213 0.00351825022335 0.00149729256711 0.000570396383788 0.00134493335631 0.000966655666527 
0.0020624649151 0.0127834237495 0.00108668942445 0.00123702943614 0.000216472510501 0.0021721733469 -0.000460900508891 0.0021291466208 0.00150038361234 0.00209092086892 0.00332248498442 0.0011172661154 0.00334102141045 0.00349952895291 0.00280129415607 0.00357927116596 0.0034219932856 0.00281748759005 0.0028936208269 0.00126406439268 
0.000405586447777 0.00108668942445 0.0457730977791 0.000440414190159 -0.000544062729875 0.000581069070621 -0.00105290188053 0.00119118286085 0.00314529721514 0.00138275952352 0.000781595373163 0.000752885591548 0.00200041196482 0.00077603976463 0.000304287558917 0.0010628289453 0.00372918276229 0.00210924878776 0.00408163205841 0.001402517971 
0.00261060096777 0.00123702943614 0.000440414190159 0.0195465730595 0.00129547742143 0.00236771591084 0.00192124678734 0.000580260578642 0.000388783849442 0.000556486578238 0.0017921274643 0.00222837775118 0.000949386594163 0.00211680413218 0.00202707576202 0.00125619393993 0.00317996194171 0.000142448908784 0.00151817385853 0.00208049061043 
0.000605532569128 0.000216472510501 -0.000544062729875 0.00129547742143 0.0293820244148 0.00135171198723 0.0018255842566 -0.000994131378813 0.000470613424973 0.000742424202229 0.0011153659887 0.000611217421477 -0.000407857080994 0.000211352151118 0.000343407390645 0.000331363662934 0.00171046850179 0.000274021675544 -0.000674203633081 0.00101714531908 
0.000412425699132 0.0021721733469 0.000581069070621 0.00236771591084 0.00135171198723 0.0235631714142 0.00445731646534 0.000172030350672 0.00498975363767 0.00126939428408 -0.000273968400964 0.0028918627304 0.00398555142745 0.00306473835998 0.00370763196774 0.00231748361496 0.00340031296755 -0.000217085678925 0.00205844024629 0.00381456080489 
-0.000150320315439 -0.000460900508891 -0.00105290188053 0.00192124678734 0.0018255842566 0.00445731646534 0.0321712959012 0.000123293881931 0.0140202697487 0.000932144030498 0.000421953641036 0.00815423877183 0.000384694430309 0.000728397362339 0.00206812718895 0.000878794372293 0.00286603419001 -0.00234053909116 0.000373051972542 0.000653777500596 
0.00231771448329 0.0021291466208 0.00119118286085 0.000580260578642 -0.000994131378813 0.000172030350672 0.000123293881931 0.0267526957799 -0.000802126818275 0.0009457173073 0.00150986005788 -0.000974440646219 0.00124548846343 0.00175175084177 0.00067775564335 0.00125584159238 0.00492371922539 0.00264865760629 0.00151196803949 0.000264122529614 
0.000509175458044 0.00150038361234 0.00314529721514 0.000388783849442 0.000470613424973 0.00498975363767 0.0140202697487 -0.000802126818275 0.0366340844521 -0.000188336169372 -0.00168245821156 0.0110486548088 -0.000304798371949 0.00229857164987 0.00265987121174 0.000581823941907 0.00374066281957 -0.00108773156325 0.000152612116971 0.00147529943243 
0.00273116378336 0.00209092086892 0.00138275952352 0.000556486578237 0.000742424202229 0.00126939428408 0.000932144030498 0.0009457173073 -0.000188336169372 0.0183457683465 0.00123759396001 -0.00102445915135 0.00218734579117 0.0022149394446 0.000376019327628 0.00285228241812 0.0037030081047 0.00154912139375 0.00236412359942 0.000986501450855 
0.00337404971917 0.00332248498442 0.000781595373163 0.0017921274643 0.0011153659887 -0.000273968400964 0.000421953641036 0.00150986005788 -0.00168245821156 0.00123759396001 0.0233222829314 -0.000780117605312 0.00175669152885 0.00297001098636 0.000167896139277 0.000966953907158 0.00243433582573 0.000567078786012 -0.000149301302464 0.00354609775288 
0.000837080052474 0.0011172661154 0.000752885591548 0.00222837775118 0.000611217421477 0.0028918627304 0.00815423877183 -0.000974440646219 0.0110486548088 -0.00102445915135 -0.000780117605312 0.0208320787785 0.00262766601647 0.00179371625461 0.00197674444528 0.000231717179813 0.00171586439092 -0.000741896566568 0.00270086378753 0.001484529989 
0.000675041380494 0.00334102141045 0.00200041196482 0.000949386594163 -0.000407857080994 0.00398555142745 0.000384694430309 0.00124548846343 -0.000304798371949 0.00218734579117 0.00175669152885 0.00262766601647 0.0393903598678 0.00426648947187 0.00153051671358 0.00359215472364 0.0128807904864 0.000672169177976 0.00239743078105 0.000536950754685 
0.0011492180143 0.00349952895291 0.00077603976463 0.00211680413218 0.000211352151118 0.00306473835998 0.000728397362339 0.00175175084177 0.00229857164987 0.0022149394446 0.00297001098636 0.00179371625461 0.00426648947187 0.0157466961721 0.00357436821028 0.00219103040233 0.00344641188476 0.00300946414911 0.00228232449065 0.00216234020641 
0.00156869173213 0.00280129415607 0.000304287558917 0.00202707576201 0.000343407390645 0.00370763196774 0.00206812718895 0.00067775564335 0.00265987121174 0.000376019327628 0.000167896139277 0.00197674444528 0.00153051671358 0.00357436821028 0.0133731520909 0.00238567380499 0.000485596410783 0.000623772802241 0.00151309079197 0.00102523420486 
0.00351825022335 0.00357927116596 0.0010628289453 0.00125619393993 0.000331363662934 0.00231748361496 0.000878794372293 0.00125584159238 0.000581823941907 0.00285228241812 0.000966953907158 0.000231717179813 0.00359215472364 0.00219103040233 0.00238567380499 0.0134162388138 0.0032206431036 0.00189030814653 0.00244702106945 0.00205373611843 
0.00149729256711 0.0034219932856 0.00372918276229 0.00317996194171 0.00171046850179 0.00340031296755 0.00286603419001 0.00492371922539 0.00374066281957 0.0037030081047 0.00243433582573 0.00171586439092 0.0128807904864 0.00344641188476 0.000485596410783 0.0032206431036 0.0558606186526 0.00324165939877 0.00153500077309 0.00413616615321 
0.000570396383788 0.00281748759005 0.00210924878776 0.000142448908784 0.000274021675544 -0.000217085678925 -0.00234053909116 0.00264865760629 -0.00108773156325 0.00154912139375 0.000567078786012 -0.000741896566568 0.000672169177976 0.00300946414911 0.000623772802241 0.00189030814653 0.00324165939877 0.0275769824251 0.00116834022972 0.0012981725027 
0.00134493335631 0.00289362082689 0.00408163205841 0.00151817385853 -0.000674203633081 0.00205844024629 0.000373051972542 0.00151196803949 0.000152612116971 0.00236412359942 -0.000149301302464 0.00270086378753 0.00239743078105 0.00228232449065 0.00151309079197 0.00244702106945 0.00153500077309 0.00116834022972 0.022281108479 -0.001969222566 
0.000966655666527 0.00126406439268 0.001402517971 0.00208049061043 0.00101714531908 0.00381456080489 0.000653777500596 0.000264122529614 0.00147529943243 0.000986501450855 0.00354609775288 0.001484529989 0.000536950754685 0.00216234020641 0.00102523420486 0.00205373611843 0.00413616615321 0.0012981725027 -0.001969222566 0.112907070038 

['GE', 'MTB', 'OMX', 'TWX', 'NCR', 'AYE', 'MUR', 'FDC', 'DVN', 'LIZ', 'FRE', 'CVX', 'FSL.B', 'MER', 'PGN', 'GPC', 'LSI', 'ABT', 'NYT', 'HUM']