20
0.00753480783794 0.0762578269544 0.0571686925308 0.204332601919 0.0201569416701 0.046041615311 0.0429486266904 0.0243185800675 0.0247676168055 0.034888990542 0.0499403633474 0.0695206157777 0.0559799775446 0.102568127786 -0.00660692339257 0.0913653440874 0.134360436546 0.110578936942 0.0771685990004 0.0677272644226 
0.277127910943 0.0265013051612 0.022906762215 0.00333263587282 0.0178777642157 0.0140855085193 0.0159073270076 0.0127397423679 0.01795902311 0.0248285275951 0.00957025872923 0.0280142805981 0.0160120597536 0.0119859795644 0.0161408425215 0.0117042782239 -0.00443069265522 0.158495601595 0.0155947843032 0.00657149797779 
0.0265013051612 0.498717684829 -0.00362684311561 0.0494474523543 0.021454000088 -0.0159920683177 -0.00450234986064 0.0215882566328 0.0221063009977 0.0241724024886 0.0796452235742 -0.0118907577516 0.0261174677408 0.00322837848595 0.0123334557946 0.0461471939142 0.0697356799374 0.0191089764551 0.0431853121042 -0.0267352148703 
0.022906762215 -0.00362684311561 0.377661643295 -0.00158626555598 0.0357399177243 0.0362381065922 0.017031095647 -0.00261791576775 0.00749081370582 0.0148000970618 0.00406178359655 0.00431084026226 0.0011196569095 0.0393259845931 0.0298802589266 0.0230272782468 0.000575153277864 0.0494455744605 0.0235428595645 0.00314440440921 
0.00333263587282 0.0494474523543 -0.00158626555598 1.43146071404 -0.0286234246059 -0.0151858785191 -0.00622720638214 -0.00462266077358 -0.0166109654068 0.0162965895657 0.00226009184096 -0.0134350464372 -0.00400774101737 0.00221937550433 -0.0181280990905 -0.00651107115004 -0.00759153481606 0.0107932085409 -0.0101665694784 0.00590140368451 
0.0178777642157 0.021454000088 0.0357399177243 -0.0286234246059 0.186116465057 0.0437629182167 0.00482401302417 -0.0106817915617 0.0363959196349 0.0126439636343 0.041719708686 -0.00778697352327 0.0254561244065 0.0441650318549 0.0229168810632 0.000514210713346 0.00512452314467 -0.00279424637811 0.0280543880313 0.052615182698 
0.0140855085193 -0.0159920683177 0.0362381065922 -0.0151858785191 0.0437629182167 0.301955126843 0.0217665664721 0.0206052435215 0.0299943455609 0.0135350069335 0.0563845608596 0.00769961139857 0.0204598234996 0.0307761565538 0.0341790260192 0.0190681459891 0.0258410486615 0.0166032701569 0.0598870744882 0.0566411200173 
0.0159073270076 -0.00450234986065 0.017031095647 -0.00622720638214 0.00482401302418 0.0217665664721 0.214775072559 0.032926204136 0.0033062358521 -0.00147242176256 0.0218133153332 0.0137332051434 -0.0189171051941 0.0369274206872 0.0263273196795 0.0219415125175 0.0155889491587 0.0354256382663 0.020532949304 0.0137166856833 
0.0127397423679 0.0215882566328 -0.00261791576775 -0.00462266077358 -0.0106817915617 0.0206052435215 0.032926204136 0.237161294296 0.00489999745643 0.0176361105315 0.0143156761084 0.00893786302966 0.0133255920148 0.0312631930977 0.00221892854707 0.0298649366286 -0.0117796121549 0.0117376169842 0.0295073603347 0.00315612696791 
0.01795902311 0.0221063009977 0.00749081370582 -0.0166109654068 0.0363959196349 0.0299943455609 0.0033062358521 0.00489999745643 0.133512675941 0.0167506327122 0.0170018277688 0.0183438038812 0.0139291535466 0.0233198251608 0.0262507015793 0.0214103084532 0.0120584854622 0.00808231427275 0.0132369727844 0.0301762083096 
0.0248285275951 0.0241724024886 0.0148000970618 0.0162965895657 0.0126439636343 0.0135350069335 -0.00147242176256 0.0176361105315 0.0167506327122 0.163136225272 0.0171910599546 0.00907260765466 0.0214402106613 0.0178700330132 0.0121598893872 0.0210617941646 0.010838782101 0.00493309805777 0.0239335273233 0.00229010075936 
0.00957025872923 0.0796452235742 0.00406178359655 0.00226009184096 0.041719708686 0.0563845608596 0.0218133153332 0.0143156761084 0.0170018277688 0.0171910599546 0.281932983126 0.00838262174376 0.0199757015136 0.021657673248 0.0160303181005 0.0315132548629 0.0447952297499 0.00651541883725 0.0501814324807 0.00857712834677 
0.0280142805981 -0.0118907577516 0.00431084026226 -0.0134350464372 -0.00778697352327 0.00769961139857 0.0137332051434 0.00893786302966 0.0183438038812 0.00907260765466 0.00838262174376 0.804872722013 0.00444914581934 -0.00732359019594 0.00662486731349 0.0335391807602 -0.0172063489077 0.0855309145719 0.0372341690134 -0.0373133175737 
0.0160120597537 0.0261174677408 0.00111965690951 -0.00400774101737 0.0254561244065 0.0204598234996 -0.0189171051941 0.0133255920148 0.0139291535466 0.0214402106613 0.0199757015136 0.00444914581934 0.261137280674 0.0324496498049 0.0187153274938 0.0279896408391 0.0164377816133 0.0136859804018 0.0120618000842 0.0357630017832 
0.0119859795644 0.00322837848595 0.0393259845931 0.00221937550433 0.0441650318549 0.0307761565538 0.0369274206872 0.0312631930977 0.0233198251608 0.0178700330132 0.021657673248 -0.00732359019594 0.0324496498049 0.315810503017 0.0417816386013 0.0562867818707 0.0205242386276 -0.00115143325598 0.0572725758549 0.0232378486927 
0.0161408425215 0.0123334557946 0.0298802589266 -0.0181280990905 0.0229168810632 0.0341790260192 0.0263273196795 0.00221892854707 0.0262507015793 0.0121598893872 0.0160303181005 0.00662486731349 0.0187153274938 0.0417816386013 0.187804830805 0.0317460169328 0.0118199578437 0.0139433000373 0.0301435636366 0.0213454017817 
0.0117042782239 0.0461471939142 0.0230272782468 -0.00651107115004 0.000514210713346 0.0190681459891 0.0219415125175 0.0298649366286 0.0214103084532 0.0210617941646 0.0315132548629 0.0335391807602 0.0279896408391 0.0562867818707 0.0317460169328 0.386524463534 0.0151845935754 -0.0251448909788 0.0619403443723 0.00936278332159 
-0.00443069265522 0.0697356799374 0.000575153277864 -0.00759153481606 0.00512452314467 0.0258410486615 0.0155889491587 -0.0117796121549 0.0120584854622 0.010838782101 0.0447952297499 -0.0172063489077 0.0164377816133 0.0205242386276 0.0118199578437 0.0151845935754 0.569063222257 0.023141745953 0.0457467441698 0.00785733836638 
0.158495601595 0.0191089764551 0.0494455744605 0.0107932085409 -0.00279424637811 0.0166032701569 0.0354256382663 0.0117376169842 0.00808231427275 0.00493309805777 0.00651541883725 0.0855309145719 0.0136859804019 -0.00115143325598 0.0139433000373 -0.0251448909788 0.023141745953 0.831210840773 0.0277065025235 0.0080339781658 
0.0155947843032 0.0431853121042 0.0235428595645 -0.0101665694784 0.0280543880313 0.0598870744882 0.020532949304 0.0295073603347 0.0132369727844 0.0239335273233 0.0501814324807 0.0372341690134 0.0120618000842 0.0572725758549 0.0301435636366 0.0619403443723 0.0457467441698 0.0277065025235 0.219945542491 0.00978609822324 
0.00657149797779 -0.0267352148703 0.00314440440921 0.00590140368451 0.052615182698 0.0566411200173 0.0137166856833 0.00315612696791 0.0301762083096 0.00229010075936 0.00857712834677 -0.0373133175737 0.0357630017832 0.0232378486927 0.0213454017817 0.00936278332159 0.00785733836638 0.0080339781658 0.00978609822324 0.301963073205 
0.0239999810974 0.00229508035031 0.00198378379967 0.000288614732743 0.00154825979737 0.0012198408203 0.00137761492949 0.00110329405282 0.00155529702404 0.00215021356359 0.00082880871803 0.00242610786667 0.00138668505136 0.0010380162792 0.00139783796621 0.00101362022748 -0.000383709239578 0.0137261217369 0.00135054793731 0.000569108418968 
0.00229508035031 0.0431902184379 -0.000314093827366 0.00428227498912 0.0018579709089 -0.00138495374222 -0.000389914935604 0.00186959786674 0.00191446182477 0.00209339146256 0.00689747869053 -0.00102976982831 0.00226183905461 0.000279585778187 0.00106810860346 0.0039964642243 0.0060392870376 0.00165488590504 0.00373995773526 -0.00231533752533 
0.00198378379967 -0.000314093827366 0.0327064577129 -0.000137374626862 0.00309516766784 0.00313831208939 0.00147493614846 -0.000226718155984 0.000648723496425 0.0012817260034 0.000351760777929 0.000373329717878 9.69651327154e-05 0.00340573016864 0.00258770633021 0.00199422079417 4.980973497e-05 0.00428211235875 0.00203887144606 0.000272313409815 
0.000288614732743 0.00428227498912 -0.000137374626862 0.123968134288 -0.0024788612852 -0.00131513565763 -0.000539291892154 -0.0004003341663 -0.00143855180237 0.00141132605589 0.000195729694916 -0.00116350915156 -0.000347080553283 0.000192203556729 -0.00156993943347 -0.000563875302178 -0.000657446200442 0.000934719278474 -0.000880450743764 0.000511076550877 
0.00154825979737 0.0018579709089 0.00309516766784 -0.0024788612852 0.0161181586802 0.00378997989194 0.000417771782712 -0.00092507028504 0.00315197909979 0.00109499937118 0.00361303275606 -0.000674371688975 0.0022045650418 0.00382480395453 0.00198466011762 4.45319540655e-05 0.000443796722556 -0.000241988834788 0.00242958127227 0.00455660848413 
0.0012198408203 -0.00138495374222 0.00313831208939 -0.00131513565763 0.00378997989194 0.0261500810649 0.0018850399518 0.00178446643408 0.00259758652256 0.00117216598448 0.00488304620856 0.000666805907043 0.00177187269076 0.00266529334065 0.00295999048093 0.00165134988296 0.00223790046013 0.00143788537417 0.00518637278651 0.00490526488338 
0.00137761492949 -0.000389914935604 0.00147493614846 -0.000539291892154 0.000417771782712 0.0018850399518 0.0186000668935 0.0028514929232 0.000286328423882 -0.000127515465146 0.00188908852193 0.00118933045295 -0.00163826936641 0.00319800844114 0.0022800127656 0.00190019072376 0.00135004259897 0.00306795026839 0.00177820557119 0.00118789982574 
0.00110329405282 0.00186959786674 -0.000226718155984 -0.0004003341663 -0.00092507028504 0.00178446643408 0.0028514929232 0.0205387705655 0.000424352227574 0.00152733197442 0.00123977391822 0.000774041643923 0.00115403012052 0.0027074719426 0.000192164849095 0.00258637938028 -0.00102014433729 0.00101650744882 0.00255541236485 0.000273328613178 
0.00155529702404 0.00191446182477 0.000648723496425 -0.00143855180237 0.00315197909979 0.00259758652256 0.000286328423882 0.000424352227574 0.0115625369092 0.00145064734582 0.00147240147586 0.00158862001632 0.00120630008246 0.00201955610011 0.00227337744348 0.00185418710233 0.00104429547414 0.000699948948157 0.00114635547005 0.0026133362986 
0.00215021356359 0.00209339146256 0.0012817260034 0.00141132605589 0.00109499937118 0.00117216598448 -0.000127515465146 0.00152733197442 0.00145064734582 0.0141280115363 0.00148878946386 0.000785710870751 0.00185677670952 0.00154759025559 0.00105307731165 0.00182400487958 0.000938666064558 0.000427218823739 0.00207270426641 0.000198328543483 
0.00082880871803 0.00689747869053 0.000351760777929 0.000195729694916 0.00361303275606 0.00488304620856 0.00188908852193 0.00123977391822 0.00147240147586 0.00148878946386 0.0244161125552 0.000725956338041 0.00172994649692 0.00187560952197 0.00138826627058 0.00272912792672 0.00387938069318 0.000564251822935 0.00434583953266 0.000742801103982 
0.00242610786667 -0.00102976982831 0.000373329717878 -0.00116350915156 -0.000674371688975 0.000666805907043 0.00118933045295 0.000774041643923 0.00158862001632 0.000785710870751 0.000725956338041 0.0697040224076 0.000385307330469 -0.000634241515659 0.000573730339018 0.00290457825604 -0.00149011352604 0.00740719448282 0.00322457362544 -0.00323142809183 
0.00138668505136 0.00226183905461 9.69651327154e-05 -0.000347080553283 0.0022045650418 0.00177187269076 -0.00163826936641 0.00115403012052 0.00120630008246 0.00185677670952 0.00172994649692 0.000385307330469 0.0226151518939 0.0028102221075 0.00162079490497 0.00242397400094 0.00142355364589 0.00118524067037 0.00104458252883 0.00309716680599 
0.0010380162792 0.000279585778187 0.00340573016864 0.000192203556729 0.00382480395453 0.00266529334065 0.00319800844114 0.0027074719426 0.00201955610011 0.00154759025559 0.00187560952197 -0.000634241515659 0.0028102221075 0.0273499918395 0.00361839604405 0.00487457829973 0.00177745120448 -9.97170450444e-05 0.00495995056305 0.00201245672971 
0.00139783796621 0.00106810860346 0.00258770633021 -0.00156993943347 0.00198466011762 0.00295999048093 0.0022800127656 0.000192164849095 0.00227337744348 0.00105307731165 0.00138826627058 0.000573730339018 0.00162079490497 0.00361839604405 0.0162643754431 0.00274928571328 0.00102363837643 0.00120752520449 0.00261050918699 0.00184856601969 
0.00101362022748 0.0039964642243 0.00199422079417 -0.000563875302178 4.45319540655e-05 0.00165134988296 0.00190019072376 0.00258637938028 0.00185418710233 0.00182400487958 0.00272912792672 0.00290457825604 0.00242397400094 0.00487457829973 0.00274928571328 0.0334740004605 0.00131502437824 -0.00217761143631 0.00536419117456 0.000810840820663 
-0.000383709239578 0.0060392870376 4.980973497e-05 -0.000657446200442 0.000443796722556 0.00223790046013 0.00135004259897 -0.00102014433729 0.00104429547414 0.000938666064558 0.00387938069318 -0.00149011352604 0.00142355364589 0.00177745120448 0.00102363837643 0.00131502437824 0.0492823206834 0.00200413398833 0.00396178425914 0.000680465463142 
0.0137261217369 0.00165488590504 0.00428211235875 0.000934719278474 -0.000241988834788 0.00143788537417 0.00306795026839 0.00101650744882 0.000699948948157 0.000427218823739 0.000564251822935 0.00740719448282 0.00118524067037 -9.97170450444e-05 0.00120752520449 -0.00217761143631 0.00200413398833 0.0719849704011 0.00239945350354 0.000695762918503 
0.00135054793731 0.00373995773526 0.00203887144606 -0.000880450743764 0.00242958127227 0.00518637278651 0.00177820557119 0.00255541236485 0.00114635547005 0.00207270426641 0.00434583953266 0.00322457362544 0.00104458252883 0.00495995056305 0.00261050918699 0.00536419117456 0.00396178425914 0.00239945350354 0.0190478427246 0.000847500966525 
0.000569108418968 -0.00231533752533 0.000272313409815 0.000511076550877 0.00455660848413 0.00490526488338 0.00118789982574 0.000273328613178 0.0026133362986 0.000198328543483 0.000742801103982 -0.00323142809183 0.00309716680599 0.00201245672971 0.00184856601969 0.000810840820663 0.000680465463142 0.000695762918503 0.000847500966525 0.0261507692401 

['DELL', 'OXY', 'WHR', 'UIS', 'LMT', 'RF', 'BCR', 'WPI', 'TMK', 'PG', 'EXC', 'FSH', 'HON', 'HOT', 'PPG', 'FLR', 'TXU', 'UVN', 'AIV', 'FDC']