40
0.109959402945 0.0963264580192 0.0224960645228 0.0498631258667 0.0807794462486 0.0136100125143 0.0657027666716 0.0205855922537 0.162419244675 0.124759587163 0.0665048210348 0.0578888041786 0.102922334335 0.275152850517 0.142251168296 0.155431064381 0.134016582451 0.0680936188342 0.0166595463284 0.0913653440874 0.0445332570478 0.142595623168 0.0339335468557 0.065309734793 0.0625194128962 0.00154943769328 0.110578936942 0.0160420823192 0.073470583658 0.0176197090425 0.161692830297 0.00788248566947 0.0213104348082 0.0916609470377 0.00610402508206 0.106356452037 0.0714432896303 0.0328492958576 0.136929250297 0.0623269012124 
0.395302833756 0.0604053134008 0.0196072499921 0.0332704563373 0.0124784753376 0.022108394473 -0.00208419681425 0.0179368466815 0.00954055824141 0.0471588905831 0.0403214436545 0.0201768832708 0.0161276958638 -0.0367455590781 0.0149141577341 0.033483559861 0.0458383023521 0.0412645461768 0.0472261601396 0.0437241761669 0.0187503816236 0.0542487740119 0.0287614276875 -0.0135519743069 0.0198608119627 0.0122790011126 0.0323096710907 0.0351453132291 0.0280280194334 0.0308103473301 0.00726340201967 0.0321656021666 0.0301081332387 0.0512704682864 0.0136419325996 0.0205971473789 0.015851771749 0.00990334817546 0.0284856472577 0.0205728320984 
0.0604053134008 0.456539458065 0.028758971254 0.0176675959832 -0.00192542942583 0.00114269759975 0.0209724997169 0.0134747101682 0.0472219691301 0.0175527375098 0.0357818388419 0.0146561020958 0.0585930376805 -0.018101485711 0.0146035574107 0.00168390277681 0.0203297744937 0.027484639592 0.0292414148826 0.0365873590615 -0.0125650699232 0.0200429364947 0.012185099598 0.00976777280772 0.0438402398085 0.0433314455334 0.00874619602084 0.0261240738019 0.0226057336696 0.0286737537841 -0.0148237211216 0.0176398105346 0.0227744324125 -0.00327255450379 0.0139640949688 0.0226445906901 0.039437666696 0.00569035354735 0.026810373728 0.0241719644317 
0.0196072499921 0.028758971254 0.201182640627 0.0220760317583 0.0121699199526 0.0313768228229 0.022167560216 0.0119165568524 0.00139784001223 0.0337182762835 0.031466161437 0.00745636752054 0.0281515491523 0.000799063043225 0.00418919294313 0.0151567970314 0.0168851753457 0.0185282605082 0.0242810899764 0.00633872730242 0.00609917298137 0.0186670482523 0.00343115860264 0.034407694025 0.0196060404007 0.00448741698504 0.000693580076846 0.0281712751768 0.0236411899932 0.00842449464787 0.00236419210337 0.0328790861976 0.0179908267618 0.0348901665277 0.0342202726485 0.00478280206815 -0.00643747523537 0.00978451296073 0.0130073047564 0.0162389122734 
0.0332704563373 0.0176675959832 0.0220760317583 0.288650992309 0.0116791975509 0.0150418551141 0.00321062066019 0.00555973614604 -0.00959724646647 0.0356284495122 0.0561288837147 0.0579890422154 0.00707817189541 -0.0198876168307 -0.0152561549323 0.0376828536636 0.0228735875328 0.000609828167714 0.0212182136742 -0.00529458413285 -0.00886026765393 0.00750163823813 0.00843406420353 0.0204726358938 0.0312585833509 -0.00576453373187 0.0467326450239 0.0348459508284 0.0374484169796 -0.0112303555902 -0.00151984713575 0.0491967028258 0.00644517396144 -0.00483490943438 0.000662153214267 0.0511137131641 -0.0178410844537 -0.0101312752191 0.027915618601 0.0445663002452 
0.0124784753376 -0.00192542942583 0.0121699199526 0.0116791975509 0.493288665575 0.0181590336906 0.0301552064342 0.0221455973615 -0.0352651813397 0.0329248490283 -0.00566512025099 0.0130966318232 0.00816120038508 0.00194267928814 -0.0252076085428 0.0733674018349 -0.011048556017 0.00229940888898 0.00394419243683 0.00833015386684 0.0163601364832 0.019964477095 0.0197509542523 0.0152421803134 0.00236930449172 0.0093093486808 0.0283121727156 -0.000705570944355 0.0360025585858 -0.00915335464714 0.0159562933833 0.0275219843105 0.0217624468239 0.0242044520918 0.000509612014717 0.0298115773549 -0.00854508594382 -0.00232939817263 0.00221638098335 0.0124681405742 
0.022108394473 0.00114269759975 0.0313768228229 0.0150418551141 0.0181590336906 0.133613808399 -0.00434834646234 0.00947953015883 0.0132635660358 0.00592320924147 0.00263582612632 0.0027186167965 0.0209475624787 0.000522211393524 0.0674530698555 0.00839954364143 -0.000879041489005 0.00447446888848 0.0131726007109 -0.0257114650519 0.0103802654524 -0.00871080192817 0.00525315414888 0.0130861347963 0.00447423146079 0.00448417611116 0.0238171705231 0.000338490150535 -0.000217017038441 -0.00171462969368 0.0485681624419 0.00865334358106 0.00873417388073 0.00545011748079 0.0159351687437 -0.00905661254481 -0.0192013610908 -0.000958856331028 0.0113467345998 0.0133798902354 
-0.00208419681425 0.0209724997169 0.022167560216 0.00321062066019 0.0301552064342 -0.00434834646233 0.177992952382 -0.00118818376621 0.00744273432518 0.0149918635278 0.017889348658 -0.00835815693324 0.0112284449134 0.0219902988942 0.00935492734571 0.0333961472583 0.0172942040458 0.010011036838 0.0068113310797 0.00255018014977 0.00543833136838 0.0160423827645 0.0208394667634 -0.00116250280337 0.0240877953305 0.0056905011843 0.0677887408334 0.0309893792121 0.0352628020915 0.0119574132188 0.0147150478368 0.0348808046806 0.0210409648784 0.0109929917695 0.033871748979 0.0221212548011 0.00490623311582 0.00463336080653 0.00144398460197 0.0179034065972 
0.0179368466815 0.0134747101682 0.0119165568524 0.00555973614604 0.0221455973615 0.00947953015883 -0.00118818376621 0.167888413918 0.0223038585443 -0.0063949442438 0.0207718221257 -0.0118789379164 0.000474099741092 -0.021543580603 0.0110632123457 0.00125055926907 0.0163997689109 0.00723169926295 0.00988481752702 0.014614139603 0.0128245939763 0.00460933263445 0.005845510282 -0.00224168206467 0.00937668379857 -0.00182610683557 -0.0120508312538 0.00534725000643 0.013486008544 -0.00628387130863 0.00598187407955 0.0156109499696 0.0156015185863 -0.00991446200837 0.0163808482592 -0.00757432968701 -0.00253807125836 0.00712604242614 0.0234675874978 0.00709604199937 
0.00954055824141 0.0472219691301 0.00139784001223 -0.00959724646647 -0.0352651813397 0.0132635660358 0.00744273432518 0.0223038585443 1.29966578624 0.0430107543308 0.00850782250444 0.023837613918 0.00449977527744 -0.0303230648658 0.00639848784556 0.0385715105189 0.0183302823595 0.0155036930495 0.013375748597 0.0148908845238 0.0208039980264 0.00420709304874 0.0241370038709 0.0107653434508 0.0287021631675 0.00345972753693 -0.0214512978581 0.0254624502253 0.0632593741668 0.0216600858819 0.00256694080568 0.0139964724296 0.0163416154995 0.0143016169759 0.0243044350244 0.00925060469665 0.0307649596495 0.0192379977163 0.0117912131783 0.00291780274078 
0.0471588905831 0.0175527375098 0.0337182762835 0.0356284495122 0.0329248490283 0.00592320924146 0.0149918635278 -0.0063949442438 0.0430107543308 0.309992352892 0.0285343116046 0.00735050024419 0.02874119092 0.0759106470982 0.000260174467417 0.0238124910404 0.0109357852703 0.0603568266029 0.0149922630568 0.0257137790645 -0.00588190459471 0.0287246130337 -0.0121260230722 0.0150831909346 0.0270483201737 0.0147744420597 0.00647257766225 0.0223034102807 0.014490445528 0.0138885384249 0.0230664019997 0.0239764273737 0.0400015570002 0.0800324340314 0.00140753692491 0.0206814926175 0.02551053513 0.0220195233893 -0.000220901652227 0.0235645526116 
0.0403214436545 0.0357818388419 0.031466161437 0.0561288837147 -0.00566512025099 0.00263582612633 0.017889348658 0.0207718221257 0.00850782250444 0.0285343116046 0.237160784692 -0.00566906593952 0.0126144395459 -0.0165084785002 0.00719190769762 0.0163514384885 0.0464198781093 0.0145783147861 0.016840562973 0.023361777659 0.014412959172 0.0291530275501 0.0247709150445 0.00589619587525 0.0180083506199 0.0245158390729 -0.000446012600994 0.0475919624214 0.0151158986316 0.0129140371516 0.0364960318447 0.045646684601 0.0208365653927 0.00529383128516 0.0223294193002 -0.0138739583178 0.0128869254237 0.0179466691779 0.0144241365452 0.0144075753055 
0.0201768832708 0.0146561020958 0.00745636752054 0.0579890422154 0.0130966318232 0.0027186167965 -0.00835815693324 -0.0118789379164 0.023837613918 0.00735050024419 -0.00566906593952 0.407343821365 0.0194792157456 0.0739199012224 -0.0334093570665 -0.0145759540388 0.0177534764204 0.00841097494915 0.0378533289128 0.00945494781063 0.0225246864328 0.0208534042772 0.017973524707 -0.00989513835458 0.0265609466838 0.0144346034973 0.0114977504315 0.0210687584861 0.111881345671 0.0226791834734 0.0473202892738 -0.0112879927747 -0.0173411051411 0.0145972856128 0.0114426250989 0.150076627078 0.00309038274436 -0.0149930268425 0.0249426934013 0.0297433249843 
0.0161276958638 0.0585930376805 0.0281515491523 0.00707817189541 0.00816120038508 0.0209475624787 0.0112284449134 0.000474099741093 0.00449977527744 0.02874119092 0.0126144395459 0.0194792157456 0.365769946599 -0.0176613108564 0.0434861443626 -0.0112947753691 0.0164678604139 0.00524580013959 0.0198817979138 0.0300059307522 0.0155251843694 0.0060090084165 0.0197611912283 0.0635365390509 0.0331162186005 0.0192214416426 0.0349477783403 0.0146397584834 7.74218344142e-05 0.0170249738213 0.0132000623851 0.0071425687871 0.0144010982604 0.00315325420907 0.0271381091603 0.00817974015613 0.00839942437299 0.0293465677328 -0.000417839957184 0.0116554109097 
-0.0367455590781 -0.018101485711 0.000799063043225 -0.0198876168307 0.00194267928814 0.000522211393524 0.0219902988942 -0.021543580603 -0.0303230648658 0.0759106470982 -0.0165084785002 0.0739199012224 -0.0176613108564 2.71573795457 0.00921354154357 0.0605423309273 -0.0145958823932 9.18883962071e-05 -0.00902122192354 -0.0210354460344 -0.0194725551973 0.00139089490595 -0.00979389697121 -0.0129332933571 -0.03256013856 -0.0245972934405 0.0128573201688 -0.00374736838732 0.0157569807308 -0.0206021794057 -0.0106714771881 0.00890393806176 -0.0140649489975 0.00231447420944 0.0261342714297 -0.0460285229231 -0.0131663849872 -0.0262507202316 -0.0336941946 0.013684630871 
0.0149141577341 0.0146035574107 0.00418919294313 -0.0152561549323 -0.0252076085428 0.0674530698555 0.00935492734571 0.0110632123457 0.00639848784556 0.000260174467416 0.00719190769762 -0.0334093570665 0.0434861443626 0.00921354154357 0.741746039678 0.0130065492708 0.00289786897565 0.00471346982711 0.00651858749917 0.0591822595727 0.0114715169799 0.0180371056137 0.0143425150112 0.0156007257144 0.0225949859954 0.00885986200752 0.0226810286683 0.0303268068129 0.00435475744173 0.00918094345064 0.318261881597 0.00573622048007 0.0104228422234 -0.00766856819565 0.0100444292433 -0.0102385986259 -0.00127244508866 0.0125595469416 0.0111265082309 0.0290490298874 
0.033483559861 0.0016839027768 0.0151567970314 0.0376828536636 0.0733674018349 0.00839954364143 0.0333961472583 0.00125055926907 0.0385715105189 0.0238124910404 0.0163514384885 -0.0145759540388 -0.0112947753691 0.0605423309273 0.0130065492708 0.655867125133 0.00650270355257 0.0137305672664 0.00922484143815 0.0991061649191 0.000901761985842 0.0397630262739 0.0160339524537 -0.0081936635728 0.010947383452 0.00292916227316 -0.0195609587326 -0.00410855662628 0.0100235660799 0.0165778178255 -0.0253172135267 -0.0101295644268 0.0321806163378 -0.00764343636703 0.00511361355736 0.0230942789208 0.00583060780767 0.0313539873007 0.236003447188 -0.02103351047 
0.0458383023522 0.0203297744937 0.0168851753457 0.0228735875328 -0.011048556017 -0.000879041489007 0.0172942040458 0.0163997689109 0.0183302823595 0.0109357852703 0.0464198781093 0.0177534764204 0.0164678604139 -0.0145958823932 0.00289786897565 0.00650270355257 0.212000944983 0.00575698622499 0.0121425834887 0.0230293699796 0.0143116227277 0.0223894936617 0.0185598418147 -0.00849841462809 0.0167575149119 -0.00639263457683 0.0185621215828 0.028614596925 0.0041592703548 0.017160104737 0.0441292065058 0.0242360380122 0.0260145021636 0.0177677173241 0.0242637641599 0.0444605379854 -0.0131034215928 0.000195985246982 0.0167777747727 0.0306308155986 
0.0412645461767 0.027484639592 0.0185282605082 0.000609828167715 0.00229940888898 0.00447446888849 0.010011036838 0.00723169926295 0.0155036930495 0.0603568266029 0.0145783147861 0.00841097494915 0.00524580013959 9.18883962073e-05 0.00471346982711 0.0137305672664 0.00575698622499 0.296802282163 0.0202696055847 0.00792833929027 0.0154204050295 0.0459487546277 -0.00443480413501 0.000973508932795 0.0229667452558 0.00178536113645 0.0308046178082 0.0228951639445 -0.00483286460988 0.00371986348706 0.0264820897045 0.013422227158 0.0177664980351 -0.00435503172389 -0.00820136220032 0.03808988899 -0.0122290021553 0.0305317455908 0.0296149322963 0.0149883265992 
0.0472261601396 0.0292414148826 0.0242810899764 0.0212182136742 0.00394419243683 0.0131726007109 0.00681133107969 0.00988481752702 0.013375748597 0.0149922630568 0.016840562973 0.0378533289128 0.0198817979138 -0.00902122192354 0.00651858749917 0.00922484143815 0.0121425834887 0.0202696055847 0.205528511537 0.0105833377948 0.0109762453012 0.0240557926808 0.0241989093066 0.0101293777655 0.0375822489551 -0.00130997977358 0.0132699473422 0.0270628232279 0.038179060337 0.0217092723409 0.00419983481116 0.0210124290098 0.00264852368402 -0.011451888563 0.0163131675191 0.0491310455141 0.0248894838262 0.0174314288199 0.0204350336026 0.0247920740342 
0.0437241761669 0.0365873590615 0.00633872730242 -0.00529458413285 0.00833015386684 -0.0257114650519 0.00255018014977 0.014614139603 0.0148908845238 0.0257137790645 0.023361777659 0.00945494781063 0.0300059307522 -0.0210354460344 0.0591822595727 0.0991061649191 0.0230293699796 0.00792833929027 0.0105833377948 0.34471446283 0.0236700004148 0.0465098686009 0.0273062372194 0.0252914128877 0.0276298804862 -0.00659133138395 -0.0281750846988 0.0338166512267 0.04669159567 -0.00974232050036 -0.0078871980174 0.0126598640061 0.0200013364826 -0.00644556760589 0.0311355644746 0.0554982467895 0.052198212721 0.041179291976 0.0893487012421 0.0226038309713 
0.0187503816236 -0.0125650699232 0.00609917298137 -0.00886026765393 0.0163601364832 0.0103802654524 0.00543833136838 0.0128245939763 0.0208039980264 -0.00588190459471 0.014412959172 0.0225246864328 0.0155251843694 -0.0194725551973 0.0114715169799 0.000901761985842 0.0143116227277 0.0154204050295 0.0109762453012 0.0236700004148 0.179299349667 0.0235956228128 0.0257828277771 0.0097713878293 0.00511140424809 0.00258754027854 0.0352467561261 0.012614021196 0.00257090218864 -0.00679276812463 -0.00625587896807 0.025872765627 0.0099488460558 -0.00632453462674 0.0197303078888 -0.0138696690142 0.0111415549335 -0.00829961376721 0.017431921987 0.00694180207405 
0.0542487740119 0.0200429364947 0.0186670482523 0.00750163823813 0.019964477095 -0.00871080192817 0.0160423827645 0.00460933263445 0.00420709304874 0.0287246130337 0.0291530275501 0.0208534042772 0.0060090084165 0.00139089490595 0.0180371056137 0.0397630262739 0.0223894936617 0.0459487546277 0.0240557926808 0.0465098686009 0.0235956228128 0.441098512279 0.025072996981 0.0228872183997 0.0407917158093 0.00493657906647 0.0787127580329 0.0444186300338 0.0614405685931 0.0341283100617 0.00574062280239 0.00717846753759 0.0753755484201 0.0218923313686 0.0206242153633 0.0110575037318 0.0186014243399 0.0204942997532 0.089215906175 0.0189127200588 
0.0287614276875 0.012185099598 0.00343115860265 0.00843406420353 0.0197509542523 0.00525315414887 0.0208394667634 0.005845510282 0.0241370038709 -0.0121260230722 0.0247709150445 0.017973524707 0.0197611912283 -0.00979389697121 0.0143425150112 0.0160339524537 0.0185598418147 -0.004434804135 0.0241989093066 0.0273062372194 0.0257828277771 0.025072996981 0.28834375464 0.0112703836082 -0.00996264897922 0.00699939552388 0.0805951679006 0.0274944699036 -0.000531904931628 0.0233702030645 0.00239887243227 0.0126971623873 0.0235818940281 0.0154580494337 0.00301761873696 0.0261561680667 -0.00847822548961 0.00977690110645 0.0101230630974 0.0551313862107 
-0.0135519743069 0.00976777280773 0.0344076940251 0.0204726358938 0.0152421803134 0.0130861347963 -0.00116250280337 -0.00224168206467 0.0107653434508 0.0150831909346 0.00589619587524 -0.00989513835458 0.0635365390509 -0.0129332933571 0.0156007257144 -0.0081936635728 -0.00849841462809 0.000973508932798 0.0101293777654 0.0252914128877 0.0097713878293 0.0228872183997 0.0112703836082 0.304843455358 0.0212305064595 0.0497201960082 -0.00231199356213 -0.00517891039723 0.0456065486955 0.0041840826594 -0.0064051681982 0.0200467756746 0.0205664497716 0.0164562258446 0.00119357405072 0.0372621552168 0.0115456628898 0.000970607232053 0.0714538095518 0.0259041793657 
0.0198608119627 0.0438402398085 0.0196060404007 0.0312585833509 0.00236930449172 0.00447423146079 0.0240877953305 0.00937668379857 0.0287021631675 0.0270483201737 0.0180083506199 0.0265609466838 0.0331162186005 -0.03256013856 0.0225949859954 0.010947383452 0.0167575149119 0.0229667452558 0.0375822489551 0.0276298804862 0.00511140424809 0.0407917158093 -0.00996264897922 0.0212305064595 0.339777710073 0.0218373755251 0.0230780246094 0.0469589144729 0.0395554182128 0.019959488287 0.00128627982223 0.0231032149268 0.0177576097762 0.0118292000907 0.0276296154222 0.0219483510412 0.0124441613872 0.0295357838446 0.0176419260568 0.0605179100952 
0.0122790011125 0.0433314455334 0.00448741698504 -0.00576453373187 0.0093093486808 0.00448417611116 0.00569050118431 -0.00182610683557 0.00345972753692 0.0147744420597 0.0245158390729 0.0144346034973 0.0192214416426 -0.0245972934405 0.00885986200752 0.00292916227316 -0.00639263457683 0.00178536113646 -0.00130997977358 -0.00659133138395 0.00258754027854 0.00493657906647 0.00699939552389 0.0497201960082 0.0218373755251 0.290536013654 0.00621690514069 0.00727867160164 0.00114973110263 -0.00261456710296 0.0120351248862 0.00512892202526 0.00809016522104 -0.000733416309279 0.00550970558316 0.0298641136324 -0.0167732939 0.00123908836859 0.0244260011048 0.0189752128165 
0.0323096710907 0.00874619602084 0.000693580076847 0.0467326450239 0.0283121727156 0.0238171705231 0.0677887408334 -0.0120508312538 -0.0214512978581 0.00647257766225 -0.000446012600995 0.0114977504315 0.0349477783403 0.0128573201688 0.0226810286683 -0.0195609587326 0.0185621215828 0.0308046178082 0.0132699473422 -0.0281750846988 0.0352467561261 0.0787127580329 0.0805951679006 -0.00231199356213 0.0230780246094 0.00621690514069 0.83277197265 0.0155021049178 -0.0118102293121 0.0175889067738 -0.0208934592998 0.00419965732323 0.0166629896244 0.0379513233968 0.0276499967722 0.0597667572708 0.0101371994905 -0.00312341624507 -0.0047600209158 0.0227496816882 
0.0351453132291 0.0261240738019 0.0281712751768 0.0348459508284 -0.000705570944354 0.00033849015054 0.0309893792121 0.00534725000643 0.0254624502253 0.0223034102807 0.0475919624214 0.0210687584861 0.0146397584834 -0.00374736838732 0.0303268068129 -0.00410855662628 0.028614596925 0.0228951639445 0.0270628232279 0.0338166512267 0.012614021196 0.0444186300338 0.0274944699036 -0.00517891039723 0.0469589144729 0.00727867160164 0.0155021049178 0.162235273366 0.0321045436618 0.0127798023749 0.0474372048099 0.0358769616617 0.0156482399237 0.0101894702816 0.030666530377 0.0151538365639 0.00468144990113 0.0166164077867 0.0190360955707 0.0410701761464 
0.0280280194334 0.0226057336696 0.0236411899932 0.0374484169796 0.0360025585858 -0.000217017038442 0.0352628020915 0.013486008544 0.0632593741668 0.014490445528 0.0151158986316 0.111881345671 7.74218344148e-05 0.0157569807308 0.00435475744173 0.0100235660799 0.00415927035481 -0.00483286460988 0.038179060337 0.04669159567 0.00257090218864 0.0614405685931 -0.000531904931629 0.0456065486955 0.0395554182128 0.00114973110262 -0.0118102293121 0.0321045436618 0.441521832321 0.0110773326177 0.048235376393 0.0191451041647 0.00506467440042 0.0363933776221 0.0294146480772 0.0979930719302 0.0293910990558 0.0436845313247 0.0157185008971 0.0279347807648 
0.0308103473301 0.0286737537841 0.00842449464787 -0.0112303555902 -0.00915335464714 -0.00171462969368 0.0119574132188 -0.00628387130863 0.0216600858819 0.0138885384249 0.0129140371516 0.0226791834734 0.0170249738213 -0.0206021794057 0.00918094345064 0.0165778178255 0.017160104737 0.00371986348706 0.0217092723409 -0.00974232050036 -0.00679276812463 0.0341283100617 0.0233702030645 0.0041840826594 0.019959488287 -0.00261456710296 0.0175889067738 0.0127798023749 0.0110773326177 0.182945229096 0.0161204166449 -0.00638490714501 0.0103468159597 -0.0143996750018 0.0168768028593 0.017506891423 -0.0105080293591 0.00396201618719 0.00903155560964 0.0220357496236 
0.00726340201967 -0.0148237211216 0.00236419210337 -0.00151984713575 0.0159562933833 0.0485681624419 0.0147150478368 0.00598187407955 0.00256694080568 0.0230664019997 0.0364960318447 0.0473202892738 0.0132000623851 -0.0106714771881 0.318261881597 -0.0253172135267 0.0441292065058 0.0264820897045 0.00419983481116 -0.0078871980174 -0.00625587896807 0.00574062280239 0.00239887243227 -0.0064051681982 0.00128627982223 0.0120351248862 -0.0208934592998 0.0474372048099 0.048235376393 0.0161204166449 0.835148454811 0.0190096957305 0.000603707081259 0.0071168384695 0.0340555375839 0.0234165430233 0.0111713290549 0.00553816909431 0.014832046708 0.0496268558659 
0.0321656021666 0.0176398105346 0.0328790861975 0.0491967028258 0.0275219843105 0.00865334358105 0.0348808046806 0.0156109499696 0.0139964724296 0.0239764273737 0.0456466846011 -0.0112879927747 0.00714256878711 0.00890393806176 0.00573622048007 -0.0101295644268 0.0242360380122 0.013422227158 0.0210124290098 0.0126598640061 0.025872765627 0.00717846753759 0.0126971623873 0.0200467756746 0.0231032149268 0.00512892202526 0.00419965732323 0.0358769616617 0.0191451041647 -0.00638490714501 0.0190096957305 0.230540476234 0.0123073634837 -0.0010611590141 0.0191961809709 0.0339427673969 0.0128457611452 -0.00548890309144 0.00948525119421 0.0326111683875 
0.0301081332387 0.0227744324125 0.0179908267618 0.00644517396144 0.0217624468239 0.00873417388074 0.0210409648784 0.0156015185863 0.0163416154995 0.0400015570002 0.0208365653927 -0.0173411051411 0.0144010982604 -0.0140649489975 0.0104228422234 0.0321806163378 0.0260145021636 0.0177664980351 0.00264852368403 0.0200013364826 0.0099488460558 0.0753755484201 0.0235818940281 0.0205664497716 0.0177576097762 0.00809016522105 0.0166629896244 0.0156482399237 0.00506467440042 0.0103468159597 0.000603707081259 0.0123073634837 0.346390365667 0.0131021242633 0.015408829815 0.0164719030257 0.00144187059735 0.0436512885748 0.037631087718 0.00472895551619 
0.0512704682864 -0.00327255450379 0.0348901665277 -0.00483490943438 0.0242044520918 0.00545011748079 0.0109929917695 -0.00991446200837 0.0143016169759 0.0800324340314 0.00529383128516 0.0145972856128 0.00315325420907 0.00231447420944 -0.00766856819565 -0.00764343636703 0.0177677173241 -0.00435503172389 -0.011451888563 -0.00644556760589 -0.00632453462674 0.0218923313686 0.0154580494337 0.0164562258446 0.0118292000907 -0.000733416309281 0.0379513233968 0.0101894702816 0.0363933776221 -0.0143996750018 0.0071168384695 -0.0010611590141 0.0131021242633 0.42830415852 0.0070721607293 0.0106188455258 0.00417196822718 0.00708979893353 0.0210093642382 0.0114534810037 
0.0136419325996 0.0139640949688 0.0342202726485 0.00066215321427 0.000509612014716 0.0159351687437 0.033871748979 0.0163808482592 0.0243044350244 0.00140753692491 0.0223294193002 0.0114426250989 0.0271381091603 0.0261342714297 0.0100444292433 0.00511361355736 0.0242637641599 -0.00820136220032 0.0163131675191 0.0311355644746 0.0197303078888 0.0206242153633 0.00301761873696 0.00119357405072 0.0276296154222 0.00550970558316 0.0276499967722 0.030666530377 0.0294146480772 0.0168768028593 0.0340555375839 0.0191961809709 0.015408829815 0.0070721607293 0.175155348669 -0.00789688654808 -0.00212884320383 0.0138445116155 0.0310645295038 0.02820930324 
0.020597147379 0.0226445906901 0.00478280206815 0.0511137131641 0.0298115773549 -0.00905661254481 0.0221212548011 -0.00757432968701 0.00925060469665 0.0206814926175 -0.0138739583178 0.150076627078 0.00817974015613 -0.0460285229231 -0.0102385986259 0.0230942789208 0.0444605379854 0.03808988899 0.0491310455141 0.0554982467895 -0.0138696690142 0.0110575037318 0.0261561680667 0.0372621552168 0.0219483510412 0.0298641136324 0.0597667572708 0.0151538365639 0.0979930719302 0.017506891423 0.0234165430233 0.0339427673969 0.0164719030257 0.0106188455258 -0.00789688654808 0.508734177794 0.0508254978106 0.023291724148 0.0397225530212 0.0284592103408 
0.015851771749 0.039437666696 -0.00643747523537 -0.0178410844537 -0.00854508594382 -0.0192013610908 0.00490623311582 -0.00253807125836 0.0307649596495 0.02551053513 0.0128869254237 0.00309038274436 0.00839942437299 -0.0131663849872 -0.00127244508867 0.00583060780767 -0.0131034215928 -0.0122290021553 0.0248894838262 0.052198212721 0.0111415549335 0.0186014243399 -0.0084782254896 0.0115456628898 0.0124441613872 -0.0167732939 0.0101371994905 0.00468144990113 0.0293910990558 -0.0105080293591 0.0111713290549 0.0128457611452 0.00144187059734 0.00417196822718 -0.00212884320383 0.0508254978106 0.366996822382 0.0383883016755 2.94725943658e-05 0.00433358168883 
0.00990334817546 0.00569035354735 0.00978451296073 -0.0101312752191 -0.00232939817263 -0.000958856331031 0.00463336080653 0.00712604242613 0.0192379977163 0.0220195233893 0.0179466691778 -0.0149930268425 0.0293465677328 -0.0262507202316 0.0125595469416 0.0313539873007 0.000195985246979 0.0305317455908 0.0174314288199 0.041179291976 -0.00829961376721 0.0204942997533 0.00977690110645 0.000970607232052 0.0295357838446 0.00123908836859 -0.00312341624507 0.0166164077867 0.0436845313247 0.00396201618719 0.00553816909431 -0.00548890309144 0.0436512885748 0.00708979893353 0.0138445116155 0.023291724148 0.0383883016755 0.327724606737 0.042818002215 0.0262600535504 
0.0284856472577 0.026810373728 0.0130073047564 0.027915618601 0.00221638098335 0.0113467345998 0.00144398460197 0.0234675874978 0.0117912131783 -0.000220901652226 0.0144241365452 0.0249426934013 -0.000417839957186 -0.0336941946 0.0111265082309 0.236003447188 0.0167777747727 0.0296149322963 0.0204350336026 0.0893487012421 0.017431921987 0.089215906175 0.0101230630974 0.0714538095518 0.0176419260568 0.0244260011048 -0.0047600209158 0.0190360955707 0.0157185008971 0.00903155560964 0.014832046708 0.0094852511942 0.037631087718 0.0210093642382 0.0310645295038 0.0397225530212 2.9472594368e-05 0.042818002215 0.638361613126 0.0225429054817 
0.0205728320984 0.0241719644317 0.0162389122734 0.0445663002452 0.0124681405742 0.0133798902354 0.0179034065972 0.00709604199937 0.00291780274078 0.0235645526116 0.0144075753055 0.0297433249843 0.0116554109097 0.013684630871 0.0290490298874 -0.02103351047 0.0306308155986 0.0149883265992 0.0247920740342 0.0226038309713 0.00694180207405 0.0189127200588 0.0551313862107 0.0259041793657 0.0605179100952 0.0189752128165 0.0227496816882 0.0410701761464 0.0279347807648 0.0220357496236 0.0496268558659 0.0326111683876 0.00472895551619 0.0114534810037 0.02820930324 0.0284592103408 0.00433358168883 0.0262600535504 0.0225429054817 0.249476264997 
0.0342342296221 0.00523125359286 0.00169803765915 0.00288130603836 0.00108066766428 0.00191464312505 -0.000180496738763 0.001553376489 0.000826236580334 0.00408407972592 0.00349193945221 0.00174736934817 0.00139669943226 -0.00318225876379 0.00129160394738 0.00289976134487 0.00396971343033 0.00357361452647 0.00408990544041 0.00378662473201 0.00162383068167 0.00469808164185 0.00249081270265 -0.00117363540212 0.00171999676995 0.00106339268966 0.00279809959524 0.00304367340804 0.00242729768471 0.00266825434873 0.000629029066693 0.00278562286043 0.00260744082452 0.00444015279999 0.0011814260188 0.00178376528757 0.00137280370296 0.000857655110247 0.00246692941684 0.0017816595225 
0.00523125359286 0.0395374768514 0.00249059996927 0.00153005869452 -0.000166747079596 9.89605150224e-05 0.00181627175357 0.00116694413143 0.00408954248834 0.00152011165895 0.00309879814312 0.00126925567354 0.00507430591162 -0.0015676346472 0.00126470517033 0.000145830258222 0.00176061011648 0.00238023961005 0.00253238081309 0.00316855824046 -0.00108816697538 0.00173576921708 0.00105526057995 0.000845913938988 0.00379667613822 0.00375261326146 0.000757442794053 0.00226241115628 0.00195771396291 0.00248321991989 -0.00128377190699 0.00152765240409 0.0019723237026 -0.000283411533555 0.00120932609838 0.00196107907959 0.00341540212247 0.000492799072852 0.00232184647334 0.00209335352572 
0.00169803765915 0.00249059996927 0.0174229277583 0.00191184043175 0.0010539459841 0.00271731256547 0.00191976702869 0.00103200409598 0.000121056496101 0.00292008838333 0.0027250495164 0.000645740369274 0.00243799567218 6.92008894658e-05 0.00036279475101 0.00131261712692 0.00146229907968 0.00160459442881 0.00210280407511 0.000548949887156 0.000528203874394 0.00161661380002 0.00029714705143 0.00297979371113 0.00169793290546 0.000388621710642 6.00657966108e-05 0.00243970399601 0.00204738711098 0.00072958263791 0.000204745042095 0.00284741239003 0.00155805130108 0.00302157705553 0.0029635625438 0.000414202809229 -0.000557501709006 0.000847363678765 0.00112646563538 0.00140633105586 
0.00288130603836 0.00153005869452 0.00191184043175 0.0249979092167 0.00101144817749 0.00130266286489 0.000278047905364 0.000481487274081 -0.000831145924634 0.0030855142375 0.0048609039183 0.00502199836997 0.000612987667378 -0.00172231813961 -0.00132122177354 0.00326343085598 0.00198091078791 5.28126685184e-05 0.00183755120648 -0.000458524436152 -0.000767321687263 0.000649660928422 0.000730411385741 0.00177298227665 0.00270707272682 -0.000499223265277 0.00404716577767 0.00301774786364 0.00324312804359 -0.000972577323463 -0.000131622622943 0.00426055944295 0.000558168438242 -0.000418715439517 5.73441504753e-05 0.00442657740819 -0.0015450832368 -0.000877394171247 0.00241756348709 0.0038595548165 
0.00108066766428 -0.000166747079596 0.0010539459841 0.00101144817749 0.0427200515787 0.00157261844843 0.00261151748284 0.00191786498971 -0.00305405429092 0.00285137556742 -0.000490613805285 0.00113420158629 0.000706780685886 0.000168240961493 -0.00218304293667 0.00635380337987 -0.000956833018589 0.000199134651155 0.000341577084771 0.000721412486612 0.00141682938038 0.00172897443376 0.00171048281314 0.00132001153605 0.000205187787913 0.000806213245026 0.00245190608081 -6.11042361983e-05 0.00311791303366 -0.000792703765427 0.00138185554202 0.00238347375755 0.0018846831798 0.00209616703962 4.41336950819e-05 0.00258175833162 -0.000740026150487 -0.000201731799303 0.000191944223604 0.00107977264752 
0.00191464312505 9.89605150226e-05 0.00271731256547 0.00130266286489 0.00157261844843 0.011571295237 -0.000376577850084 0.000820951393349 0.00114865851318 0.000512964967504 0.000228269238535 0.000235439120893 0.00181411212539 4.52248332937e-05 0.00584160720581 0.000727421817368 -7.61272260459e-05 0.000387500372587 0.00114078068496 -0.00222667819035 0.000898957357983 -0.000754377575713 0.000454936494292 0.00113329251709 0.000387479810745 0.000388341042731 0.00206262747193 2.93141069294e-05 -1.87942268344e-05 -0.000148491287281 0.00420612624898 0.000749401536887 0.000756401646179 0.000471994019198 0.00138002609457 -0.000784325653604 -0.00166288664919 -8.3039394125e-05 0.000982656041344 0.00115873248437 
-0.000180496738763 0.00181627175357 0.00191976702869 0.000278047905364 0.00261151748284 -0.000376577850084 0.0154146418457 -0.00010289973259 0.000644559699922 0.00129833346651 0.0015492630395 -0.0007238376233 0.000972411853998 0.00190441574792 0.000810160473194 0.00289219119142 0.00149772200419 0.000866981221989 0.00058987857486 0.000220852079392 0.000470973311921 0.00138931110113 0.00180475076185 -0.000100675695969 0.00208606426774 0.000492811858587 0.00587067716523 0.00268375896452 0.00305384824199 0.0010355423611 0.00127436052446 0.00302076629579 0.00182220101049 0.000952021013599 0.00293337950864 0.00191575686213 0.000424892251519 0.000401260816335 0.000125052734798 0.00155048049274 
0.001553376489 0.00116694413143 0.00103200409599 0.000481487274081 0.00191786498971 0.000820951393349 -0.00010289973259 0.0145395631454 0.00193157081017 -0.000553818417091 0.00179889256438 -0.00102874620056 4.10582419713e-05 -0.00186572880907 0.000958102293882 0.000108301609595 0.00142026164931 0.000626283527425 0.000856050309018 0.00126562161506 0.00111064241767 0.000399179915592 0.000506236040229 -0.000194135361521 0.000812044637282 -0.000158145490963 -0.00104363260025 0.000463085434595 0.00116792259948 -0.000544199218739 0.000518045491513 0.00135194792509 0.00135113114333 -0.00085861759641 0.0014186230728 -0.000655956192559 -0.000219803418636 0.000617133376948 0.00203235269386 0.000614535263778 
0.000826236580335 0.00408954248834 0.000121056496101 -0.000831145924634 -0.00305405429092 0.00114865851318 0.000644559699922 0.00193157081017 0.112554358732 0.00372484058864 0.000736799041974 0.00206439792186 0.000389691970158 -0.00262605444944 0.000554125302006 0.00334039079717 0.00158744901819 0.00134265920334 0.00115837380796 0.00128958842824 0.00180167907912 0.000364344945629 0.00209032585235 0.000932306090887 0.00248568024466 0.000299621193715 -0.00185773688892 0.00220511287377 0.0054784225056 0.00187581846218 0.000222303594773 0.00121213006874 0.00141522541614 0.00123855636163 0.00210482581558 0.000801125866767 0.00266432366029 0.00166605947403 0.00102114901538 0.000252689129674 
0.00408407972592 0.00152011165895 0.00292008838333 0.0030855142375 0.00285137556742 0.000512964967504 0.00129833346651 -0.000553818417091 0.00372484058864 0.0268461252583 0.00247114387291 0.000636571994199 0.00248906014718 0.00657405488048 2.25317698199e-05 0.00206222221684 0.000947066785441 0.00522705451299 0.00129836806674 0.00222687858972 -0.000509387880165 0.00248762446011 -0.00105014440274 0.00130624265195 0.00234245324001 0.00127950421504 0.000560541668347 0.00193153198941 0.00125490939394 0.00120278270974 0.00199760901056 0.00207641951976 0.00346423645531 0.00693101209979 0.000121896273374 0.00179106979949 0.00220927714867 0.00190694666343 -1.91306442566e-05 0.00204075011905 
0.00349193945221 0.00309879814312 0.0027250495164 0.0048609039183 -0.000490613805285 0.000228269238536 0.0015492630395 0.00179889256438 0.000736799041974 0.00247114387291 0.0205387264324 -0.000490955511935 0.00109244251013 -0.0014296761759 0.000622837476781 0.00141607611195 0.00402007936832 0.00126251909492 0.00145843553486 0.00202318929303 0.00124819887867 0.00252472624556 0.00214522417035 0.000510625541365 0.00155956891171 0.00212313394322 -3.86258242868e-05 0.00412158484729 0.0013090752216 0.00111838842387 0.00316064907148 0.0039531188463 0.00180449949577 0.00045845923763 0.00193378443658 -0.00120152003542 0.00111604047936 0.00155422714213 0.00124916686758 0.00124773262215 
0.00174736934817 0.00126925567354 0.000645740369274 0.00502199836997 0.00113420158629 0.000235439120893 -0.0007238376233 -0.00102874620056 0.00206439792186 0.000636571994199 -0.000490955511936 0.0352770097377 0.00168694956815 0.00640165123038 -0.00289333519437 -0.0012623146482 0.00153749615856 0.000728411797656 0.00327819444563 0.000818822499546 0.00195069506631 0.00180595778594 0.00155655289918 -0.000856944118903 0.00230024545767 0.00125007333222 0.000995734396004 0.00182460800752 0.00968920875608 0.00196407490251 0.00409805726255 -0.000977568850059 -0.00150178375819 0.0012641620167 0.000990960402165 0.0129970171564 0.000267634996403 -0.00129843421252 0.00216010061243 0.00257584750294 
0.00139669943226 0.00507430591162 0.00243799567218 0.000612987667378 0.000706780685886 0.00181411212539 0.000972411853998 4.10582419714e-05 0.000389691970158 0.00248906014718 0.00109244251013 0.00168694956814 0.0316766065696 -0.00152951438658 0.00376601057307 -0.000978156239966 0.00142615854644 0.000454299618406 0.00172181420662 0.00259858982956 0.00134452040623 0.000520395394024 0.00171136936127 0.00550242568866 0.00286794865853 0.00166462567599 0.00302656638485 0.00126784027519 6.70492754103e-06 0.0014744059828 0.0011431589357 0.000618564601791 0.00124717169359 0.000273079824964 0.00235022919435 0.000708386277157 0.000727411488418 0.00254148731705 -3.61860017637e-05 0.00100938819394 
-0.00318225876379 -0.0015676346472 6.92008894658e-05 -0.00172231813961 0.000168240961493 4.52248332937e-05 0.00190441574792 -0.00186572880907 -0.00262605444944 0.00657405488048 -0.0014296761759 0.00640165123038 -0.00152951438658 0.235189805868 0.000797916103556 0.00524311965873 -0.00126404049432 7.95776854283e-06 -0.000781260735896 -0.00182172306458 -0.00168637274775 0.000120455032254 -0.000848176357912 -0.00112005606019 -0.00281979071437 -0.00213018809838 0.00111347658908 -0.000324531622076 0.00136459455998 -0.00178420107386 -0.000924177034083 0.00077110365552 -0.00121806031348 0.000200439346178 0.00226329429675 -0.00398618701501 -0.00114024238749 -0.00227337905882 -0.00291800284837 0.00118512379757 
0.00129160394738 0.00126470517033 0.000362794751011 -0.00132122177354 -0.00218304293667 0.00584160720581 0.000810160473194 0.000958102293882 0.000554125302006 2.25317698199e-05 0.000622837476781 -0.00289333519437 0.00376601057307 0.000797916103556 0.0642370913518 0.00112640020841 0.000250962814975 0.000408198461025 0.000564526237107 0.00512533402433 0.000993462512457 0.00156205916722 0.00124209823539 0.00135106247861 0.00195678318702 0.000767286557254 0.00196423470107 0.00262637851156 0.000377133057186 0.000795093025896 0.027562287452 0.000496771265745 0.000902644614507 -0.000664117486809 0.000869873089117 -0.000886688650919 -0.00011019697717 0.00108768867114 0.000963583878342 0.00251571978378 
0.00289976134487 0.000145830258222 0.00131261712692 0.00326343085598 0.00635380337987 0.000727421817368 0.00289219119142 0.000108301609595 0.00334039079717 0.00206222221684 0.00141607611195 -0.0012623146482 -0.000978156239966 0.00524311965873 0.00112640020841 0.0567997591872 0.000563150646981 0.00118910200611 0.000798894703132 0.00858284564916 7.80948787906e-05 0.00344357908845 0.0013885810148 -0.000709592080411 0.000948071217442 0.000253672894037 -0.00169402871848 -0.000355811441125 0.000868066286168 0.00143568113762 -0.00219253500672 -0.000877246012289 0.0027869231258 -0.000661941006606 0.000442851924581 0.00200002322275 0.000504945448094 0.00271533495124 0.0204384980646 -0.00182155543978 
0.00396971343033 0.00176061011648 0.00146229907968 0.00198091078791 -0.000956833018589 -7.61272260461e-05 0.00149772200419 0.00142026164931 0.00158744901819 0.00094706678544 0.00402007936832 0.00153749615856 0.00142615854644 -0.00126404049432 0.000250962814975 0.000563150646981 0.0183598203981 0.000498569632008 0.00105157857688 0.00199440194354 0.00123942288516 0.00193898702889 0.00160732945018 -0.000735984295982 0.0014512433618 -0.000553618394064 0.00160752688389 0.00247809678561 0.000360203378847 0.00148610866339 0.00382170138829 0.00209890246056 0.00225292197404 0.00153872945699 0.00210130361539 0.00385039553613 -0.00113478959759 1.69728202653e-05 0.00145299791721 0.00265270644471 
0.00357361452647 0.00238023961005 0.00160459442881 5.28126685185e-05 0.000199134651155 0.000387500372587 0.000866981221989 0.000626283527425 0.00134265920334 0.00522705451299 0.00126251909492 0.000728411797656 0.000454299618406 7.95776854285e-06 0.000408198461025 0.00118910200611 0.000498569632008 0.0257038316254 0.0017553993361 0.00068661432352 0.00133544624922 0.00397927887798 -0.000384065304173 8.43083466612e-05 0.00198897848337 0.00015461680991 0.00266775815758 0.00198277935997 -0.00041853835252 0.000322149627841 0.00229341624294 0.00116239896942 0.00153862386347 -0.000377156810718 -0.000710258801112 0.00329868114927 -0.00105906265294 0.00264412673035 0.00256472837 0.00129802715951 
