20
0.0160420823192 0.0697795953642 0.0300114281637 0.20394989535 0.0538940625226 0.0413299620627 0.0160922749751 0.0088766616328 -0.00305157485537 0.135547989167 0.0315903614714 0.0585004976968 0.0598638009539 0.0678408515538 0.165275344352 0.0669670800901 0.126514999345 0.134360436546 0.136929250297 0.00792878112812 
0.194052176885 0.0224563616345 0.0428749081758 0.00382151513447 -0.0074504900621 0.0336884961386 0.00899744821839 0.0321575911849 0.00719190799999 0.0183625581504 0.0463731482413 0.0270496114446 0.055143159216 0.025223644276 0.0150270671096 0.0367638348939 0.0253787273892 0.0310697987911 0.0223215432509 0.0230791000584 
0.0224563616345 0.47814349586 0.00209515787521 0.0333628742902 -0.0104492125128 0.0132065772245 0.0116679858591 0.0266644559979 0.0216346385076 0.0115062319105 0.0169006177051 0.0250267763094 0.0410942995002 0.0226747642074 0.00388125064948 -0.00153668439289 0.0660283654435 0.0361540541376 0.0879383240905 0.00111290862695 
0.0428749081758 0.00209515787521 0.218015428531 0.0126526621421 0.00682997124991 0.0221606431965 0.00337939984088 0.0330418292227 0.0282759216629 0.0151171611895 0.0301395094527 0.00108483268339 0.0404962178603 0.0410167926155 0.00816385519684 0.0344263733289 0.0416860075436 0.0201034559302 0.0295521113642 0.0120838048316 
0.00382151513447 0.0333628742902 0.0126526621421 0.743951510989 0.0285392816415 -0.0143122942686 0.0237887856698 0.0368550893833 -0.00561045035836 -0.0299698409406 0.0263116268039 0.0469354593896 0.0288305218414 -0.00468637761678 -0.0025057961301 -0.0151368886568 0.0689364662875 0.0735164995025 0.197831377705 0.0422694148148 
-0.0074504900621 -0.0104492125128 0.00682997124991 0.0285392816415 0.42789705854 0.0105186168558 -0.000665537310189 0.0193926520448 0.000783655098128 0.0413918623804 0.0126293069021 0.0161757651115 0.00647541769557 0.0125334336748 -0.0209155016921 0.017368905565 0.0283253451895 0.00272461322335 0.0202218491239 0.0302108550896 
0.0336884961386 0.0132065772245 0.0221606431965 -0.0143122942686 0.0105186168558 0.298849948182 0.00646907329796 0.0258864080828 0.0196559332468 0.00835879250188 0.014113560295 0.0257133544912 0.0231719428835 0.0374540476906 -0.00100603798012 0.00873778195686 0.00318553370176 0.0143143788467 0.0386994737939 0.0297965914431 
0.00899744821839 0.0116679858591 0.00337939984088 0.0237887856698 -0.000665537310189 0.00646907329796 0.230747488365 0.0108145548412 0.0138619504294 -0.0222165479963 0.00478761573115 -0.0078593555346 0.00694856102505 -0.00654393698562 -0.00229659077519 0.002328473291 0.00435436169085 0.020903962129 0.0152400582906 0.0127289695508 
0.0321575911849 0.0266644559979 0.0330418292227 0.0368550893833 0.0193926520448 0.0258864080828 0.0108145548412 0.28004981059 0.00532257940279 0.05704411556 0.0320070701839 0.0302994136611 0.0323562774619 0.0362386723408 -0.0404165835803 0.00626772256035 0.0225065055884 -0.00397677690347 0.0679910201423 0.00635218022525 
0.00719190799999 0.0216346385076 0.0282759216629 -0.00561045035836 0.000783655098128 0.0196559332468 0.0138619504294 0.00532257940279 0.219454436886 0.0239200952418 0.0191820978254 0.0570817761084 0.0299999105392 0.0172854473793 -0.00701414305537 0.0325831372991 0.0331830450801 0.0352777229766 0.0487363633274 0.0194939245578 
0.0183625581504 0.0115062319105 0.0151171611895 -0.0299698409406 0.0413918623804 0.00835879250188 -0.0222165479963 0.05704411556 0.0239200952418 0.491881905012 0.00489147182025 0.0824206126094 0.00307625150245 0.0100451731044 -0.0028649938058 -0.00344563997201 0.00291143304996 -0.0260434471761 0.0346646930426 0.0165816537407 
0.0463731482413 0.0169006177051 0.0301395094527 0.0263116268039 0.0126293069021 0.014113560295 0.00478761573115 0.0320070701839 0.0191820978254 0.00489147182025 0.167567901426 0.0239589465864 0.0802185797538 0.0237211639558 -0.000309306501374 0.0177401557488 0.0291147470979 0.0315163291626 0.0301392093974 0.0196425561686 
0.0270496114446 0.0250267763094 0.00108483268339 0.0469354593896 0.0161757651115 0.0257133544912 -0.0078593555346 0.0302994136611 0.0570817761084 0.0824206126094 0.0239589465864 0.351861376563 0.0437209139541 0.0157186357194 -0.0045575823854 -0.00951817198872 0.0211681734684 0.010709754718 0.0519821759099 0.025477148624 
0.055143159216 0.0410942995002 0.0404962178603 0.0288305218414 0.00647541769557 0.0231719428835 0.00694856102505 0.0323562774619 0.0299999105392 0.00307625150245 0.0802185797538 0.0437209139541 0.20019508653 0.0200706359147 -0.014295864671 0.0238746279999 0.0236687725482 0.040331092236 0.0468614199221 0.0023567260928 
0.025223644276 0.0226747642074 0.0410167926155 -0.00468637761678 0.0125334336748 0.0374540476906 -0.00654393698562 0.0362386723408 0.0172854473793 0.0100451731044 0.0237211639558 0.0157186357194 0.0200706359147 0.365242710656 -0.0265003634802 0.0284575133971 0.0214002902854 0.0360869116675 0.0235333404978 0.0237757970505 
0.0150270671096 0.00388125064948 0.00816385519684 -0.0025057961301 -0.0209155016921 -0.00100603798012 -0.00229659077519 -0.0404165835803 -0.00701414305537 -0.0028649938058 -0.000309306501374 -0.0045575823854 -0.014295864671 -0.0265003634802 1.37689754166 -0.0129175340585 -0.00685344754457 -0.00589969663681 -0.00280737294512 -0.0191029730523 
0.0367638348939 -0.00153668439289 0.0344263733289 -0.0151368886568 0.017368905565 0.00873778195686 0.002328473291 0.00626772256035 0.0325831372991 -0.00344563997201 0.0177401557488 -0.00951817198872 0.0238746279999 0.0284575133971 -0.0129175340585 0.273005173229 0.00330154385371 -0.00238645694401 0.0168976382927 0.00125636832442 
0.0253787273892 0.0660283654435 0.0416860075436 0.0689364662875 0.0283253451895 0.00318553370176 0.00435436169085 0.0225065055884 0.0331830450801 0.00291143304996 0.0291147470979 0.0211681734684 0.0236687725482 0.0214002902854 -0.00685344754457 0.00330154385371 0.267978637549 0.0632591759043 0.0178879326436 0.0235590315111 
0.0310697987911 0.0361540541376 0.0201034559302 0.0735164995025 0.00272461322335 0.0143143788467 0.020903962129 -0.00397677690347 0.0352777229766 -0.0260434471761 0.0315163291626 0.010709754718 0.040331092236 0.0360869116675 -0.00589969663681 -0.00238645694401 0.0632591759043 0.562648093032 -0.00426569236055 0.0287650512755 
0.0223215432509 0.0879383240905 0.0295521113642 0.197831377705 0.0202218491239 0.0386994737939 0.0152400582906 0.0679910201423 0.0487363633274 0.0346646930426 0.0301392093974 0.0519821759099 0.0468614199221 0.0235333404978 -0.00280737294512 0.0168976382927 0.0178879326436 -0.00426569236055 0.659013456286 0.0207367649372 
0.0230791000584 0.00111290862695 0.0120838048316 0.0422694148148 0.0302108550896 0.0297965914431 0.0127289695508 0.00635218022525 0.0194939245578 0.0165816537407 0.0196425561686 0.025477148624 0.0023567260928 0.0237757970505 -0.0191029730523 0.00125636832442 0.0235590315111 0.0287650512755 0.0207367649372 0.241791054314 
0.0168054114842 0.0019447779652 0.00371307596651 0.00033095291874 -0.000645231366442 0.00291750934714 0.000779201872636 0.00278492908906 0.000622837502967 0.00159024418367 0.00401603244304 0.00234256506735 0.0047755376726 0.00218443167191 0.00130138218613 0.00318384149586 0.00219786226348 0.00269072350436 0.0019331023507 0.0019987086947 
0.0019447779652 0.0414084414069 0.000181445994487 0.00288930966786 -0.000904928348562 0.00114372313734 0.0010104772165 0.00230920962723 0.00187361465492 0.000996468913629 0.00146363642723 0.00216738240588 0.00355887073179 0.00196369218284 0.000336126166091 -0.000133080772184 0.00571822418444 0.0031310329333 0.00761568226286 9.63807143029e-05 
0.00371307596651 0.000181445994487 0.0188806899525 0.00109575268405 0.000591492860954 0.00191916799724 0.000292664611174 0.00286150634944 0.00244876664755 0.00130918456232 0.00261015808436 9.39492662671e-05 0.00350707534242 0.00355215843868 0.000707010599328 0.0029814113863 0.00361011415151 0.00174101035394 0.00255928791768 0.00104648819585 
0.00033095291874 0.00288930966786 0.00109575268405 0.06442809077 0.00247157429073 -0.0012394810423 0.00206016927152 0.00319174436647 -0.000485879253701 -0.00259546436019 0.00227865372271 0.00406473001697 0.0024967964319 -0.000405852206785 -0.000217008310537 -0.0013108930111 0.00597007310521 0.00636671561664 0.0171326998758 0.00366063870327 
-0.000645231366442 -0.000904928348562 0.000591492860954 0.00247157429073 0.03705697229 0.000910938940979 -5.7637221779e-05 0.00167945293175 6.78665222784e-05 0.00358464043314 0.00109373006094 0.00140086235122 0.000560787622448 0.0010854271959 -0.00181133557982 0.00150419134552 0.00245304685051 0.000235958426691 0.00175126350528 0.00261633679776 
0.00291750934714 0.00114372313734 0.00191916799724 -0.0012394810423 0.000910938940979 0.0258811647045 0.000560238181497 0.00224182870125 0.00170225375268 0.000723892665159 0.00122227017533 0.00222684182059 0.00200674911922 0.00324361567746 -8.71254447959e-05 0.000756714114737 0.000275875311034 0.00123966157206 0.00335147274186 0.00258046051359 
0.000779201872636 0.0010104772165 0.000292664611174 0.00206016927152 -5.7637221779e-05 0.000560238181497 0.0199833186783 0.000936567922312 0.00120048012179 -0.00192400949492 0.000414619684673 -0.000680640155034 0.000601763036744 -0.000566721567031 -0.000198890595341 0.000201651702204 0.000377098784154 0.00181033622435 0.00131982776348 0.0011023610995 
0.00278492908906 0.00230920962723 0.00286150634944 0.00319174436647 0.00167945293175 0.00224182870125 0.000936567922312 0.0242530250296 0.000460948897648 0.00494016532114 0.00277189358799 0.00262400619503 0.00280213582539 0.00313836108466 -0.00350017881148 0.000542800696113 0.00194912055899 -0.000344398982359 0.00588819506725 0.000550114944448 
0.000622837502967 0.00187361465492 0.00244876664755 -0.000485879253701 6.78665222784e-05 0.00170225375268 0.00120048012179 0.000460948897648 0.0190053117317 0.00207154101403 0.00166121840147 0.0049434268203 0.00259806846382 0.00149696365463 -0.000607442607173 0.0028217824636 0.00287373600143 0.00305514042854 0.00422069287296 0.00168822338865 
0.00159024418367 0.000996468913629 0.00130918456232 -0.00259546436019 0.00358464043314 0.000723892665159 -0.00192400949492 0.00494016532114 0.00207154101403 0.0425982225402 0.000423613885823 0.00713783443153 0.000266411194955 0.000869937509382 -0.000248115741751 -0.000298401174805 0.000252137498268 -0.00225542868566 0.00300205047892 0.00143601333762 
0.00401603244304 0.00146363642723 0.00261015808436 0.00227865372271 0.00109373006094 0.00122227017533 0.000414619684673 0.00277189358799 0.00166121840147 0.000423613885823 0.0145118059494 0.00207490563918 0.00694713279223 0.00205431305931 -2.67867287746e-05 0.00153634255455 0.00252141106116 0.00272939416889 0.00261013209881 0.00170109526373 
0.00234256506735 0.00216738240588 9.39492662671e-05 0.00406473001697 0.00140086235122 0.00222684182059 -0.000680640155034 0.00262400619503 0.0049434268203 0.00713783443153 0.00207490563918 0.0304720890714 0.00378634221609 0.00136127378458 -0.000394698212559 -0.000824297873982 0.00183321759753 0.000927491965405 0.00450178848819 0.00220638579243 
0.0047755376726 0.00355887073179 0.00350707534242 0.0024967964319 0.000560787622448 0.00200674911922 0.000601763036744 0.00280213582539 0.00259806846382 0.000266411194955 0.00694713279223 0.00378634221609 0.0173374030648 0.00173816805723 -0.00123805819742 0.00206760343538 0.00204977583031 0.00349277504388 0.004058318011 0.000204098466613 
0.00218443167191 0.00196369218284 0.00355215843868 -0.000405852206785 0.0010854271959 0.00324361567746 -0.000566721567031 0.00313836108466 0.00149696365463 0.000869937509382 0.00205431305931 0.00136127378458 0.00173816805723 0.0316309465976 -0.00229499879834 0.00246449295304 0.00185331950355 0.00312521822482 0.0020380470707 0.00205904442409 
0.00130138218613 0.000336126166091 0.000707010599328 -0.000217008310537 -0.00181133557982 -8.71254447959e-05 -0.000198890595341 -0.00350017881148 -0.000607442607173 -0.000248115741751 -2.67867287746e-05 -0.000394698212559 -0.00123805819742 -0.00229499879834 0.119242824948 -0.00111869126489 -0.00059352596771 -0.00051092871621 -0.000243125628837 -0.00165436599511 
0.00318384149586 -0.000133080772184 0.0029814113863 -0.0013108930111 0.00150419134552 0.000756714114737 0.000201651702204 0.000542800696113 0.0028217824636 -0.000298401174805 0.00153634255455 -0.000824297873982 0.00206760343538 0.00246449295304 -0.00111869126489 0.0236429415381 0.000285922084902 -0.000206673233855 0.00146337840255 0.000108804688546 
0.00219786226348 0.00571822418444 0.00361011415151 0.00597007310521 0.00245304685051 0.000275875311034 0.000377098784154 0.00194912055899 0.00287373600143 0.000252137498268 0.00252141106116 0.00183321759753 0.00204977583031 0.00185331950355 -0.00059352596771 0.000285922084902 0.0232076307789 0.00547840533556 0.00154914040905 0.00204027197772 
0.00269072350436 0.0031310329333 0.00174101035394 0.00636671561664 0.000235958426691 0.00123966157206 0.00181033622435 -0.000344398982359 0.00305514042854 -0.00225542868566 0.00272939416889 0.000927491965405 0.00349277504388 0.00312521822482 -0.00051092871621 -0.000206673233855 0.00547840533556 0.0487267541956 -0.000369419794896 0.00249112651457 
0.0019331023507 0.00761568226286 0.00255928791768 0.0171326998758 0.00175126350528 0.00335147274186 0.00131982776348 0.00588819506725 0.00422069287296 0.00300205047892 0.00261013209881 0.00450178848819 0.004058318011 0.0020380470707 -0.000243125628837 0.00146337840255 0.00154914040905 -0.000369419794896 0.057072239458 0.0017958565228 
0.0019987086947 9.63807143029e-05 0.00104648819585 0.00366063870327 0.00261633679776 0.00258046051359 0.0011023610995 0.000550114944448 0.00168822338865 0.00143601333762 0.00170109526373 0.00220638579243 0.000204098466613 0.00205904442409 -0.00165436599511 0.000108804688546 0.00204027197772 0.00249112651457 0.0017958565228 0.0209397195443 

['HBAN', 'CEG', 'NCC', 'VLO', 'AV', 'CB', 'CAG', 'APCC', 'FO', 'NVLS', 'VNO', 'TXN', 'PSA', 'WEN', 'GT', 'COST', 'AYE', 'TXU', 'VMC', 'RX']