60
0.0962618702605 0.357744060202 0.0538940625226 0.0422860283868 0.0463620133958 0.144106781955 0.125840316239 0.0350054865441 0.0461662895592 0.0695206157777 -0.0290439391383 0.0415474718814 0.0590120409917 0.125568601155 0.0328492958576 0.0669670800901 0.0697795953642 0.025042174885 0.0609589558998 0.0370780174455 0.330982708656 0.332832739506 0.234257183995 0.10643743266 0.0479071153807 0.126514999345 0.0965978414643 0.0407864154506 0.0136100125143 0.0994766710856 0.107494880462 0.0437038130991 0.0283013122104 0.0678116165217 0.117315051398 0.0251356843311 0.136929250297 0.035272852014 0.0833786368315 0.0114549593271 0.0584521455196 0.0444735285872 0.0524452719686 0.0088766616328 0.0358419118375 0.0385950792128 0.0979044774238 0.0639224219563 0.101801748802 0.0861150338972 0.0662185328213 0.128291051585 0.0493061267197 0.0146033592013 0.0413413845105 0.0347685991573 0.0160420823192 0.00646873977314 0.0825599502725 0.100220943784 
0.36879399788 0.0156494492206 0.0530437414101 -0.00534707955153 0.0365160268097 0.0226633453048 -0.000948580106611 0.0227074925294 0.0119008572077 0.0296200448949 0.0187474815667 0.00923229183824 -0.000416012517255 0.0201167528167 0.00375006975196 0.0255353094837 0.0445055494069 0.0155768222582 0.0453404082833 0.0120150858228 0.0751401021367 -0.0303539502195 -0.00159842259429 0.0804755630811 0.018173940683 0.0484012922315 0.0112194831535 0.0299230671435 0.003461191949 -0.0165120984617 0.0310389891842 0.00660079574676 -0.00450601046385 0.001001840186 0.03290452446 -0.00983416076355 0.00780424033627 0.018764914083 0.0317332520169 -0.0103050525808 -0.00355183005785 0.0445461175812 0.0243848256164 0.0383711986604 0.0185217848809 0.0215065971873 -0.00631885171689 0.0169859660734 0.00903416275128 0.00752276843959 -0.00434880883108 0.00262905885723 0.0161410586359 0.0186242295706 -0.0143737698157 0.0224071452624 0.0227149541634 0.0154596314007 0.0126295449577 -0.0245628979168 
0.0156494492206 2.7160620358 0.0311564420074 -0.0172795660787 2.32520546572e-05 -0.0171966666507 -0.0142633480289 0.0133927224628 -0.00396777801196 0.103286957392 0.00675851023051 0.00439935837131 0.0135286774944 0.0597899441579 0.00812697473705 -0.0131706839824 0.0518625951698 -0.00314186114279 0.0369992385028 0.0458872341089 0.0156341986901 -0.00100633346679 -0.0149320719769 0.0341169775014 0.0587897919636 -0.00272650352974 0.00380810635612 -0.00367245057338 -0.000878475032073 0.358505501505 0.163483829284 0.0121751964043 0.0366582285833 -0.00692645710363 -0.0040136252124 -0.00594381894347 -0.0089183292332 -0.00576680902735 -0.0083911766092 -0.00310048902462 0.0988839417908 0.00486358123619 0.0399787435158 0.0429852737214 0.0475413514463 0.0239554782516 -0.0128657331816 0.020698623968 0.013083971776 0.0209149593346 -0.0214512697407 -0.00484451881995 -0.0238320297709 0.0480425256954 -0.00849414215301 -0.00109403348192 -0.00473773933847 -0.00870223459267 -0.014175111068 0.89034137305 
0.0530437414101 0.0311564420074 0.40344969157 -0.0111167775227 0.0528282642159 0.0186718811402 0.0269271894676 0.0148808284321 0.0219358561154 -0.0100239444776 -0.00234813825446 0.00952064775754 0.0130840753284 0.0182514020844 0.0637291764062 0.0142392662972 -0.0135885361203 0.0124580242614 0.00318243331184 -0.0188942053799 0.0622334170083 0.00676803630047 -0.00143383318474 0.00364844033516 -0.000210357340153 0.0202782219485 -0.00166985220043 0.0201536313978 0.00832571934497 -0.00398088050372 -0.0124794845459 -0.0112181198845 -0.00266753780824 0.0156974012223 0.00268118241936 0.00518975651113 0.0221832122083 -0.00745436658352 0.0224350449558 0.00237293484926 -0.0122398128199 -0.0279872556139 0.00454009535441 0.0135372311087 -7.78022365966e-05 0.00207591093062 -0.0243332621574 0.0477855714501 0.00743668997696 0.0296975691369 -0.00649020541869 -0.00484433939314 -0.000161239068432 0.00527178790259 0.0111873097822 0.0019606666307 -0.00961714063434 0.0194103264643 -0.00254570250734 -0.0278745316504 
-0.00534707955152 -0.0172795660787 -0.0111167775227 0.217098988795 0.0501382908207 0.000501427873168 0.0345596440198 -3.36787814362e-05 -0.00248045258246 0.00573732133858 -0.0182266810247 0.00244660574973 -0.00333392643734 -0.00372805754988 -0.000563080132106 0.0338359344131 0.0210343776613 0.00788390735384 0.013055682658 -0.00944276512989 0.00804381513307 0.00996493791485 0.0287176766271 -0.0271966082339 0.0200984871107 0.0290057165593 0.031211415925 0.0307312662893 -0.00128391286569 -0.00278888572921 0.0284022513146 -0.00363968771294 -0.0061587673241 -0.0198830227139 -0.0228348792979 0.0152792259592 0.0134526438818 -0.00765810224327 0.0644046140407 0.0159361648895 0.0185899402865 0.0227124402505 0.0238723639182 0.00256836577344 0.00382709276161 0.0042487700134 -0.0011952701369 0.0205253501312 -0.00357734789431 0.0129312627362 0.00768427695814 0.0371318119275 0.0015991834719 0.0196506771689 0.0101170740898 -0.00828797843621 0.0114025103971 0.0123398318144 0.0284657529486 0.00553056280282 
0.0365160268097 2.32520546577e-05 0.0528282642159 0.0501382908207 0.355073727074 -0.00246970069337 0.00755844921278 0.00578900743519 0.00705067896134 0.00989507853634 0.0418712504039 0.0238798038357 -0.0223393237428 0.0519911799789 -0.00786127278298 0.0107825759533 0.0174167388313 0.0139713417333 -0.0135043781018 -0.00143703005521 -0.00113547351898 0.00332854657834 -0.0255988623449 0.00765519575241 0.00245219818964 0.0275866228145 0.039745830539 0.0165349128685 0.00311805735352 -0.00369125403003 0.00439449249287 0.00454683886468 0.0095049588861 0.0612564358901 -4.58011435677e-05 0.0035348063683 0.0141650330693 0.00623815191477 0.14350343294 0.00668612964451 -0.00883728528271 0.0112984048238 -0.00529514614037 0.024959421803 0.00179654435697 0.0134570904016 -0.0119475732817 0.042678500778 -0.0187487338406 -0.00964327101331 0.0110414051937 0.0235609198441 -0.0062694507987 0.011627554618 0.00734063916198 0.000644990077754 0.00503789403325 0.0167407453166 0.0106253323189 -0.0024553023824 
0.0226633453048 -0.0171966666507 0.0186718811402 0.000501427873168 -0.00246970069337 0.309838793433 0.0218821346172 -0.0113397622743 0.00900961461266 0.00480646779699 0.0114379274484 0.0132819270093 -0.0142226741997 0.0503168653331 0.011802340607 0.00930854370061 0.0113644825238 -0.00712835878841 0.0112194210703 0.00456507639853 0.10030571987 0.0259354535169 0.0112404141796 0.0343684456842 0.0216005941115 -0.00288433636168 0.0120519692208 0.02398742559 0.0164215200442 -0.000429382556121 0.0339269052724 0.00564327224227 0.0441851362315 -2.11069751077e-05 0.00940405358119 0.00853662012576 0.00664263296766 -0.00318222758497 0.0108240075549 -0.00371675812687 0.0129329950956 -0.00168428360314 0.0126883940588 0.0193768955188 0.0237916403736 0.0166268826791 0.0206344503286 -0.0419069989597 -0.00745100141063 0.0251582354711 0.0228674265929 0.00369990249567 -0.012408376859 0.0194175126952 1.12457618816e-05 -0.0126214562657 0.0175828216009 0.0121338361094 -0.0015899707934 -0.0141494548261 
-0.000948580106612 -0.0142633480289 0.0269271894676 0.0345596440198 0.00755844921278 0.0218821346172 0.369984187681 0.0207234987152 0.0261908449479 -0.0146333076302 0.00613646026034 0.0191491116663 0.0411536625889 0.0132394184405 0.0537584969824 0.0241260422215 0.0360894009325 0.0101420475964 0.0677284463531 -0.000647887165112 0.00472648955194 0.0309546001788 0.0810839650277 0.0152973804531 0.0124082105344 0.0417495993035 0.0409942562338 0.0185705466795 0.0282042624414 0.0136899682103 0.0457631116975 0.0530393555318 0.0228767477892 0.0134315529815 0.0248121073677 0.0217974100507 0.0156371985987 0.00125045355827 0.0420949829427 0.0147586995563 0.0143308342742 0.0388190960282 0.0460347944668 -0.00394890318781 0.0210643776341 0.0149455075974 -0.0251360977325 0.0353507634328 0.0308147441703 0.0475941882345 0.0165673398144 0.017837026276 0.0198502288982 0.00898485650641 0.0349953493448 0.00466687407797 0.0163822089353 -0.0110024248472 0.0200240478544 0.0271759031495 
0.0227074925294 0.0133927224628 0.0148808284321 -3.36787814363e-05 0.00578900743519 -0.0113397622743 0.0207234987152 0.125286638972 0.0167642947908 0.00375371105891 0.00118862501647 0.0158578732419 0.00960642147982 0.012043759801 0.0126944674006 0.00933807009747 0.00049661490166 0.0165283150852 0.0136293339126 0.0182059042369 0.0237005535481 -0.00981058217248 0.0238113293446 0.0125555831773 0.00551686609442 0.00263544994287 0.00176418469765 0.0202203797353 0.00280298573242 0.00326352777761 0.0267367254892 0.0181652756714 0.0108674630776 0.0232758398458 0.00289531087209 0.0128265515228 0.0347279962483 0.0176422795074 0.0217934593275 0.00430647799098 0.0086127273009 0.0182274137844 0.00786793634659 0.0267791574716 0.019344010694 0.0287961608646 -0.00348556454268 0.0193690774081 -0.000806215792469 0.0315630086932 0.0162125631751 -0.00391730032599 0.0183884063421 0.00423328813142 -0.00498198826608 0.0166308209975 0.0154553608364 0.0145197435522 -0.00980661330904 -0.000310606012945 
0.0119008572077 -0.00396777801196 0.0219358561154 -0.00248045258246 0.00705067896134 0.00900961461266 0.0261908449479 0.0167642947908 0.317909353647 0.0107323047623 0.0398364970624 0.026476914486 -0.00500181817813 0.0128095218398 0.00705485644153 0.0364208200621 1.23224951431e-05 0.00907856845452 0.00860902173376 0.00292813143015 0.00463209073679 0.0362214639636 0.116185031581 -0.00864936224189 -0.00234962605004 0.0115749982577 0.0208359480838 0.0258942489756 0.00809767369563 0.0221705888482 0.0191904050018 0.0272285120782 -0.00297775772736 0.0260093020035 0.0195310891346 0.0126229711738 0.0146931628592 0.0440779336705 0.00770482824771 0.0169055098308 0.0370951252249 0.0292011680987 0.0254389336873 0.0158290871561 0.0222731500089 0.016411387519 0.0131225022081 0.000367347436209 0.00482466062101 0.0316736328557 0.017472396472 0.036133082769 0.014985179191 -0.00254845461154 0.0192622762225 0.0155634556081 0.0139892043768 0.0130522665581 0.0221870361621 0.0288682408408 
0.0296200448949 0.103286957392 -0.0100239444776 0.00573732133858 0.00989507853634 0.00480646779699 -0.0146333076302 0.00375371105891 0.0107323047623 0.796368792811 0.0162225692346 -0.0071907601112 -0.0154813329096 -0.0266903195566 0.0149308272841 -0.00468883010435 0.0121941124105 0.0127501929533 -0.0302463046025 0.030790287559 0.0559336970696 0.0271414870502 0.00701708637445 -0.0110889273701 -0.00619499871785 0.0138391309986 0.0196950394682 -0.0125643780639 0.0149330109553 0.00914704971511 0.00706669470527 -0.00155064380122 0.015951213168 -0.000454020707908 -0.0211049793138 0.00799227185949 -0.00599269879322 -0.0148108196575 0.00370897713613 0.005294722525 0.0182874626333 -0.0264082493918 0.00464672656622 0.00825345337435 -0.00531578019246 0.00118256118415 0.0375222731483 -9.95011405421e-05 0.0213511362266 0.00802809101767 0.0119967849246 0.00896233334655 0.00816722892942 0.00517360040975 -0.00886756816376 -0.0221336217525 0.0219384348714 0.00430067307937 0.0106336112902 -0.0247193221322 
0.0187474815667 0.00675851023051 -0.00234813825446 -0.0182266810247 0.0418712504039 0.0114379274484 0.00613646026034 0.00118862501647 0.0398364970624 0.0162225692346 0.319464587419 0.0165117188791 -0.00476858681047 -0.00660758082873 -0.0165411490054 -0.0169229117932 -0.00308809485169 0.0137901817027 0.00805923206484 0.00974858257128 0.0105863665841 0.029394102621 -0.0366851279276 -0.0035453612065 0.0085354002329 0.0319935428988 0.0193142438001 0.0138548279281 0.0327700235693 0.0267683694843 -0.0158006638743 0.00095913623293 0.0113261588666 0.0480387744817 -0.002523408661 -5.95284711698e-05 -0.0152673395112 0.0134566804893 0.0128786350666 -0.00503854653235 0.0168947473902 0.035083046583 0.0158805500649 0.0380626266097 0.020441464745 0.00235489154835 -0.00252132255926 0.0248361056727 0.0145908642889 -0.00171155945943 0.0506692704886 0.0168040148847 -0.00108517614082 0.00687806392458 0.0210114333444 -0.00396120179659 0.000706975344732 0.00438036757959 0.0399105951093 0.0129628188451 
0.00923229183824 0.00439935837131 0.00952064775754 0.00244660574973 0.0238798038357 0.0132819270093 0.0191491116663 0.0158578732419 0.026476914486 -0.0071907601112 0.0165117188791 0.169730335758 -0.00335674037183 -0.0050071094692 0.0201524543788 0.012774302812 0.00639806551602 0.0163896351932 0.0165213131139 0.0201673260733 0.0298313207467 0.00361489524153 0.0211663283428 -0.00784977307951 0.0191646659157 0.00967331157633 0.0187758620842 0.0171598770482 0.00400884561322 0.00234542301834 0.0106464774818 0.00584745258852 0.00528246554586 0.0126611061636 0.00489283804963 0.0156209691289 0.0469809938843 0.0174872260161 0.00671738801273 0.0291421939025 0.00208605620408 0.0207524673128 0.0147081943583 0.0238582861801 0.0212948967905 0.0121414720843 0.0319810134609 0.0238563162738 0.017290987228 0.004172603495 0.0208989338928 0.0209960532429 0.00348661872347 0.00772394117473 0.0200279983153 0.00592198033873 0.0185501993108 0.020836658861 0.0170122179629 0.00739501638697 
-0.000416012517255 0.0135286774944 0.0130840753284 -0.00333392643734 -0.0223393237428 -0.0142226741997 0.0411536625889 0.00960642147983 -0.00500181817813 -0.0154813329096 -0.00476858681047 -0.00335674037183 0.255749640595 0.038844087469 0.00950656044715 0.011790380591 0.00579844861897 0.00378650374401 0.0206050763355 0.0130907198826 0.0101553166605 -0.0059612322064 -0.00869434685185 0.00253659341714 0.00934122053435 0.0237274747959 0.012452443131 0.0184996102673 0.0123487468983 0.0104454135992 0.0180223455569 0.0068249025264 0.00520246576509 0.0182533428433 0.0209319746751 0.00862537220316 0.0169806286997 0.0137611574685 -0.00903878734371 0.0127103037316 -0.00143037285611 0.0242879321686 0.00911045862375 0.00785094181925 -0.00518820473045 0.00604007289064 0.00221787532292 0.020365309596 0.119597644123 -0.00774740382245 0.00627987753301 -0.000748996325913 0.0102584245372 0.00553410289003 0.0136181221378 0.0167399646902 0.0104026760044 0.0264214805479 0.022062802788 0.0216480606256 
0.0201167528167 0.0597899441579 0.0182514020844 -0.00372805754988 0.0519911799789 0.0503168653331 0.0132394184405 0.012043759801 0.0128095218398 -0.0266903195566 -0.00660758082873 -0.0050071094692 0.038844087469 0.821894483926 0.00753041943362 -0.0136689069686 0.0078123610962 0.00120397071223 0.0377510045727 0.00494084407486 0.0125720200597 0.0440878391733 0.036706379753 -0.0104553969108 -0.024936094437 0.0226154735878 0.0231697463093 0.00511744293802 -0.00499248820225 0.00992785713909 0.0500755896695 0.0117176703552 0.000424444798666 0.0223016180837 -0.0161183586671 0.00327086701342 0.0175291562203 -0.016974628275 0.0307775755602 0.0207055103488 -0.00608119725139 0.0283725931061 0.0435769386499 0.0101805937916 0.0169365387058 0.00922160512189 0.0650134293428 0.0070228458301 0.0583229912743 0.00640593505436 0.00848364921411 -0.00797745416453 0.0067575340877 0.000753651103815 0.0149071932339 0.0148124389293 0.0180934813749 0.00174942257688 0.00277989053187 0.0308274528703 
0.00375006975196 0.00812697473705 0.0637291764062 -0.000563080132106 -0.00786127278298 0.011802340607 0.0537584969824 0.0126944674006 0.00705485644153 0.0149308272841 -0.0165411490054 0.0201524543788 0.00950656044715 0.00753041943362 0.319586499057 0.0158045560561 -0.00241659776655 0.0166116788349 0.0310989789863 0.0209526044456 0.0255880626058 0.00629085315619 0.0253078643323 -0.00375343350905 9.36174655057e-05 0.0311363919107 0.0171296633576 -0.00330599953717 -0.00771211364684 -0.00318548747737 0.0075824900864 0.00798223052262 -0.00228030254327 -0.00608034572477 0.0208438106197 0.0152949266621 0.0448541652912 0.00569345150932 0.0262536495195 0.0125872205922 0.0139437270537 0.0121362991582 0.00420489400788 0.0132101904248 0.00649128499549 0.0249777156741 0.0256491635849 0.0412818122526 -0.0112379510407 0.0324409879807 0.00266966800981 0.0122878088194 -0.00474369790876 0.0127491715115 0.0249944328826 -0.00139417770959 0.0162775722033 0.0159305087637 -0.00257891865132 0.00576738194281 
0.0255353094837 -0.0131706839824 0.0142392662972 0.0338359344131 0.0107825759533 0.00930854370061 0.0241260422215 0.00933807009747 0.0364208200621 -0.00468883010435 -0.0169229117932 0.012774302812 0.011790380591 -0.0136689069686 0.0158045560561 0.246112240689 -0.00296966219216 0.011606742106 0.0245375084339 0.0260745757854 -0.0161437664343 0.0368130107764 -0.00583296435953 -0.00494058026602 0.00935718834232 -0.00489753707535 0.00566690026064 0.00249898819917 0.0113466631773 -0.00645197887037 0.0187354313252 0.0223911138506 -0.000204416264748 -0.00180829183775 0.0108983346375 0.0198572715244 0.0043012936444 0.0211540353309 0.0242452876966 0.0261954540249 0.0161924060023 0.0234463543983 0.0412439700896 -0.0016398504017 -0.000641295940422 0.02209170616 0.0119912810181 0.0200079006318 -0.00723436071554 0.0296944580531 0.000969189001423 0.0101263299984 -0.0141747573809 -0.0144856005756 -0.0105279450884 -0.0175809297062 0.018001376731 0.0344281898235 0.0383065429557 0.011820590696 
0.0445055494069 0.0518625951698 -0.0135885361203 0.0210343776613 0.0174167388313 0.0113644825238 0.0360894009325 0.00049661490166 1.23224951431e-05 0.0121941124105 -0.00308809485169 0.00639806551602 0.00579844861897 0.0078123610962 -0.00241659776655 -0.00296966219216 0.460097540569 0.00576873075919 -0.0346807244357 0.019075476768 -0.01281840496 0.0287618605233 0.00883953130613 0.0502638192057 -0.00433849797831 0.0644704467251 -0.00888526720108 0.0284216597998 0.0163327293568 0.0173153887484 -0.0119769394441 0.00611232514902 0.0224917449095 0.0111591638434 0.0409839286136 0.005664210642 0.094004465532 0.00317113840999 -0.00657964263279 0.00970960214287 0.0284618655176 0.0111846679745 0.0209818392687 0.0224377530879 0.0139312342116 0.00857882092863 0.00626303929366 -0.00267805557941 0.0360706111341 0.0141614073384 0.00292637535147 0.00973074487877 0.00884746193188 0.0336102359198 0.00202247359951 0.036661019839 0.0218969674136 0.00441940902977 0.00949823989975 0.0141961248485 
0.0155768222582 -0.00314186114279 0.0124580242614 0.00788390735384 0.0139713417333 -0.0071283587884 0.0101420475964 0.0165283150852 0.00907856845452 0.0127501929533 0.0137901817027 0.0163896351932 0.00378650374401 0.00120397071223 0.0166116788349 0.011606742106 0.00576873075919 0.160180672122 0.016060700248 0.0160081189342 -0.0162879233372 0.0176391092189 0.00233155414377 0.0268047329659 0.0114097290999 0.0125077295656 0.0183561757413 0.0189437736674 0.009569073525 0.00490067787654 0.012345412822 0.0122035117758 -0.00246622769064 0.00611737673269 0.0110522844894 0.0146026353966 0.0268571886017 -6.88007302809e-05 0.0154165042434 0.0270714654443 0.0100183242174 0.0232923428852 0.0253862331727 0.0227296925572 0.00919477743112 0.0170080763778 0.0173520993388 0.0144376467481 -0.000874650887025 0.0141019441613 0.0129182892202 0.0127539532972 0.011308838162 0.00407514151801 0.0374017251708 -0.00632705075188 0.039547659447 0.0626253581129 0.0311918156276 0.000349268965299 
0.0453404082833 0.0369992385028 0.00318243331184 0.013055682658 -0.0135043781018 0.0112194210703 0.0677284463532 0.0136293339126 0.00860902173376 -0.0302463046025 0.00805923206484 0.0165213131139 0.0206050763355 0.0377510045727 0.0310989789863 0.0245375084339 -0.0346807244357 0.016060700248 0.41392158953 0.0206708889873 -0.00757325236647 0.0120900740018 0.0345798590179 -0.0200441264472 0.028110637058 0.0141374930772 0.0166795893287 0.0246684166108 0.016509112918 0.017454340881 0.0331174645386 0.0289304877276 -0.00672633594203 0.00784529415053 0.0662820544734 0.0198958111551 0.0423796040941 -0.00726359469765 0.0206315858942 0.0184047495168 0.0286344369011 0.0360738890855 0.0395038672961 0.0329610335394 0.00519756651612 0.0220952988947 0.00814349912479 0.0137023444275 0.00325909491418 0.0479787422337 0.0386229185569 0.0700319026697 0.022445665794 0.000766878487539 0.0245759433373 0.00110399828096 0.0119646076063 0.0129254484326 0.0115718225867 0.0225394360928 
0.0120150858228 0.0458872341089 -0.0188942053799 -0.00944276512989 -0.00143703005521 0.00456507639853 -0.000647887165114 0.0182059042369 0.00292813143015 0.030790287559 0.00974858257128 0.0201673260733 0.0130907198826 0.00494084407486 0.0209526044456 0.0260745757854 0.019075476768 0.0160081189342 0.0206708889873 0.172568834237 0.0176467863506 0.0126236641164 -0.00815655817253 0.0124313888789 0.0276135450094 0.00713457838973 0.00158947495633 0.00951762527167 0.021149888696 0.011396281747 0.0399874785541 0.0225745003319 0.00513864949879 0.0238690264303 0.0142048443219 0.00896004162866 0.00212064505126 0.0201048390536 0.00514802111357 0.0290959872348 0.0111505224362 0.0208902458322 0.0314817503504 0.00473124723857 0.0198011404083 0.0364886445642 0.0233275411705 0.0105748856907 -0.00595710913616 0.0139579898097 0.0218710622815 0.0357466255528 0.0106141095223 -0.0157927196515 -0.00242741385153 0.0101105030349 0.0360994765106 0.040418175936 0.0255362417872 0.00236752602139 
0.0751401021367 0.0156341986901 0.0622334170083 0.00804381513307 -0.00113547351898 0.10030571987 0.00472648955194 0.0237005535481 0.00463209073679 0.0559336970696 0.0105863665841 0.0298313207467 0.0101553166605 0.0125720200597 0.0255880626058 -0.0161437664343 -0.01281840496 -0.0162879233372 -0.00757325236647 0.0176467863506 1.00322993188 0.041307240532 0.00320464695903 0.0121903255905 0.0406616897435 0.0218549629789 0.0142185005577 0.0321212026896 0.018246144304 0.0151000264362 0.0372263727419 0.0319305907829 -0.00614849275075 -0.00682400348726 0.0327303388539 -0.0013517110859 0.00575319899312 0.0450188107768 0.036411853414 0.00880409742309 0.00228903368023 0.0107206886471 -0.0252829675323 0.0312468419557 -0.00366282801118 0.0392892894721 -0.00515169850872 0.0629932644244 0.0265429480576 0.0140562279266 -0.0165351271082 -0.00263035743161 0.00638502107459 0.0128675385174 -0.00708203631688 0.0115243584992 -0.00413578420293 -0.0151327754556 0.0168871940043 -0.0216671929748 
-0.0303539502195 -0.00100633346679 0.00676803630047 0.00996493791485 0.00332854657834 0.0259354535169 0.0309546001788 -0.00981058217248 0.0362214639636 0.0271414870502 0.029394102621 0.00361489524153 -0.0059612322064 0.0440878391733 0.00629085315619 0.0368130107764 0.0287618605233 0.0176391092189 0.0120900740018 0.0126236641164 0.041307240532 0.51049144894 -0.0341648740177 0.00976127175008 0.0132927213981 0.0395568143563 0.0302500392594 0.0108487767982 0.00430953083637 0.024206217244 0.0705231516697 0.0189638952234 0.00417982305153 -0.0126881890128 -0.0395663278208 0.0206382305358 0.00705780423926 -0.00673983282223 0.00669239109115 0.0124998501944 0.0161648472167 0.0396931319139 0.0126218982817 0.0285996298606 -0.00672716389852 0.015090288037 0.0594440991786 0.00385197320528 -0.000482241931656 0.0162436009527 0.00472929267075 0.0136500070148 0.00833302187974 0.0192893423518 0.0103916836371 0.00336785240722 0.0195884242016 -0.00327328454384 0.0140225854595 0.0301037836261 
-0.00159842259429 -0.0149320719769 -0.00143383318474 0.0287176766271 -0.0255988623449 0.0112404141796 0.0810839650277 0.0238113293446 0.116185031581 0.00701708637445 -0.0366851279276 0.0211663283428 -0.00869434685185 0.036706379753 0.0253078643323 -0.00583296435953 0.00883953130613 0.00233155414377 0.0345798590179 -0.00815655817253 0.00320464695903 -0.0341648740177 1.24669180454 0.000670851563761 0.0110067462285 0.00749274046974 -0.00526223355702 0.00162050392513 -0.008335443773 0.0112085537055 0.0790832120649 0.000262500906031 0.0033232569199 -0.0108337111772 -0.0635163362207 0.00951117700198 0.0382719963616 0.015038970064 0.0062916057241 -0.010394659681 0.010320963871 0.00414475404191 0.00307044480502 0.0448036020591 0.026767406634 0.0333828030944 -0.0128324146536 0.00419633618481 0.00828529625571 0.0206673918115 0.0147771965526 -0.00198392091269 0.0461851236445 0.00226323610893 0.0103220860629 0.0223533965352 0.0316119149503 0.0223025548699 0.00378419486236 0.00863531695194 
0.0804755630811 0.0341169775014 0.00364844033516 -0.0271966082339 0.00765519575241 0.0343684456842 0.0152973804531 0.0125555831773 -0.00864936224189 -0.0110889273701 -0.0035453612065 -0.00784977307951 0.00253659341714 -0.0104553969108 -0.00375343350905 -0.00494058026602 0.0502638192057 0.0268047329659 -0.0200441264472 0.0124313888789 0.0121903255905 0.00976127175007 0.000670851563761 0.499635226323 0.021227843733 0.0243813101821 0.00468287079041 0.0119857608507 -0.00808895456042 0.00888688574929 0.0605096169665 0.0229603775105 0.0091658775148 -0.00837702682691 -0.0181993576347 -0.00375711666353 0.0196047532378 0.000823145672945 0.00961856694536 0.00821689822732 0.0173806678533 0.0220496038595 0.014224250361 0.0394208013337 0.00561309112717 0.0237389375759 -0.0290052155976 0.0510773325299 0.0118704625781 0.0240523825462 0.00155626538315 0.0139195327339 0.0237712444743 0.00399785752638 0.00884508745772 0.092560711994 0.03095419117 0.0118421006022 0.00245596518605 0.0158540767794 
0.018173940683 0.0587897919636 -0.000210357340153 0.0200984871107 0.00245219818964 0.0216005941115 0.0124082105344 0.00551686609442 -0.00234962605004 -0.00619499871785 0.0085354002329 0.0191646659157 0.00934122053435 -0.024936094437 9.36174655065e-05 0.00935718834232 -0.00433849797831 0.0114097290999 0.028110637058 0.0276135450094 0.0406616897435 0.0132927213981 0.0110067462285 0.021227843733 0.214866437886 0.0324727533475 0.0232493836424 0.0142067144259 0.000796392471537 0.0204272943038 0.0322331421524 -0.00378242319758 0.0151841997085 0.00314573623285 0.0308552031285 0.0165757496941 0.0225802824692 0.0290281970496 0.039448110765 -0.0173439298544 0.0210759397696 0.00414455132771 -0.00378748684553 0.0110392662173 0.00548218966758 -0.00661124349607 -0.0186971410378 0.00449925841025 0.027528379193 0.000274516680901 -0.0014545601095 -0.00862528637351 -0.0122776220715 0.00126519235577 0.0122251225405 0.0101816559095 0.0317206588043 0.0257290350991 0.00934874842334 0.0284589979486 
0.0484012922315 -0.00272650352974 0.0202782219485 0.0290057165593 0.0275866228145 -0.00288433636168 0.0417495993035 0.00263544994287 0.0115749982577 0.0138391309986 0.0319935428988 0.00967331157633 0.0237274747959 0.0226154735878 0.0311363919107 -0.00489753707535 0.0644704467251 0.0125077295656 0.0141374930772 0.00713457838973 0.0218549629789 0.0395568143563 0.00749274046974 0.0243813101821 0.0324727533475 0.254402261203 0.0177065736551 0.0107417925389 0.00253259523517 0.0134911022107 0.0258372996639 0.0129043517823 -0.00269369711375 0.0307296808059 0.00394357840989 0.00221710935308 0.021221369971 0.0160376447787 0.0259715843553 0.00339341527984 0.0264253999535 -0.0050955037655 0.00753447384892 0.00997320794993 0.0151440709282 0.00457812057348 0.00550824104189 0.0380766021648 0.0187908687604 -0.000527686189756 0.0134705258871 0.0183104908779 0.0151417474376 0.00755983573727 0.011681147572 0.0417759820902 0.0141493863098 0.0119773814057 -0.00893685897645 0.0211783984057 
0.0112194831535 0.00380810635612 -0.00166985220043 0.031211415925 0.039745830539 0.0120519692208 0.0409942562338 0.00176418469765 0.0208359480838 0.0196950394682 0.0193142438001 0.0187758620842 0.012452443131 0.0231697463093 0.0171296633576 0.00566690026064 -0.00888526720108 0.0183561757413 0.0166795893287 0.00158947495633 0.0142185005577 0.0302500392594 -0.00526223355702 0.00468287079041 0.0232493836424 0.0177065736551 0.418818157691 0.0265610154366 -0.0032212902153 0.00500763010064 0.020193756008 0.0463070084112 0.012363107945 0.0095345512861 0.00340844133067 0.00342511965859 0.112411328657 0.0728122861715 0.041291531121 0.00536343900681 0.000595269413582 0.0221563963316 0.0134581791549 0.0174527152066 0.0136707922062 0.0175071859268 0.0183327161837 0.0292958874274 0.0280806567655 0.0124828236409 0.0247470191234 0.0366576526163 -0.00886538926796 0.0105011294957 0.0475150105567 -0.0128191912798 0.0260160525071 0.0123881789745 0.00925119738481 0.00543250465332 
0.0299230671435 -0.00367245057338 0.0201536313978 0.0307312662893 0.0165349128685 0.02398742559 0.0185705466795 0.0202203797353 0.0258942489756 -0.0125643780639 0.0138548279281 0.0171598770482 0.0184996102673 0.00511744293802 -0.00330599953717 0.00249898819917 0.0284216597998 0.0189437736674 0.0246684166108 0.00951762527168 0.0321212026896 0.0108487767982 0.00162050392513 0.0119857608507 0.0142067144259 0.0107417925389 0.0265610154366 0.19671117477 0.0122727548141 0.0168343427106 0.0410398305627 0.0245903376478 0.010141590002 0.019589798732 0.0151098297326 0.0255776448132 0.0251863279038 0.0203998583805 0.0259912056711 0.0168848747308 0.0248072618283 -0.00408622276305 0.0194736733361 0.0205176301699 0.0694447588563 0.0155043624406 0.0129724805038 0.0456582386407 0.0151293385535 0.0293850216768 0.046606853744 0.0133621684226 0.0101052305983 0.0076200576254 0.0242340323012 0.00605829739106 0.0149560480565 0.00786431984597 0.0106564368329 0.00368298407631 
0.003461191949 -0.000878475032073 0.00832571934497 -0.00128391286569 0.00311805735352 0.0164215200442 0.0282042624414 0.00280298573242 0.00809767369563 0.0149330109553 0.0327700235693 0.00400884561322 0.0123487468983 -0.00499248820225 -0.00771211364684 0.0113466631773 0.0163327293568 0.009569073525 0.016509112918 0.021149888696 0.018246144304 0.00430953083637 -0.008335443773 -0.00808895456042 0.000796392471537 0.00253259523517 -0.0032212902153 0.0122727548141 0.151429340409 -0.00103269810382 0.000447277007427 -0.00767232465711 0.023158856052 0.014880683115 0.00472603272166 0.0147901131536 0.00726987615163 0.0123738007565 -0.00664644432551 0.00816915983847 0.0143489033419 0.0034989254458 0.00599510584048 0.0177630534785 0.00174301725931 0.00452188514406 0.0013724876982 0.00691984474474 0.00277101235754 -0.00164054579446 0.0197126741113 0.00568928416325 0.00651993905314 0.00995397710657 -0.0011772617078 -0.0040910172333 0.00785202034067 0.0131652952569 0.011729139859 0.0110425029808 
-0.0165120984617 0.358505501505 -0.00398088050372 -0.0027888857292 -0.00369125403003 -0.000429382556122 0.0136899682103 0.00326352777762 0.0221705888482 0.00914704971511 0.0267683694843 0.00234542301834 0.0104454135992 0.00992785713909 -0.00318548747738 -0.00645197887037 0.0173153887484 0.00490067787654 0.017454340881 0.011396281747 0.0151000264362 0.024206217244 0.0112085537055 0.00888688574929 0.0204272943038 0.0134911022107 0.00500763010064 0.0168343427106 -0.00103269810382 0.216370276646 0.0502871910086 0.00954618835835 -0.00575527234332 0.00890349639358 0.0163227999357 0.0054698802311 0.0161903274335 -0.00407069505772 0.0148626481056 0.00263503958582 0.0314957082593 0.0031921925735 0.0277551121209 0.0190626093038 -0.00867063424047 0.00440421073386 0.0165845084459 -0.0281253903469 0.0223674760291 0.0186790635011 0.0149859363975 -0.0121193153409 0.00592373689658 0.0191347981785 -0.00135717806061 0.0187748391025 0.010606958459 0.0182667209553 -0.00228208399999 0.14401433034 
0.0310389891842 0.163483829284 -0.0124794845459 0.0284022513146 0.00439449249287 0.0339269052724 0.0457631116975 0.0267367254892 0.0191904050018 0.00706669470527 -0.0158006638743 0.0106464774818 0.0180223455569 0.0500755896695 0.0075824900864 0.0187354313252 -0.0119769394441 0.012345412822 0.0331174645386 0.0399874785541 0.0372263727419 0.0705231516697 0.0790832120649 0.0605096169665 0.0322331421524 0.0258372996639 0.020193756008 0.0410398305627 0.000447277007427 0.0502871910086 0.405434570766 0.0366207260687 0.00135338889293 0.000296344107055 0.0179063337374 0.0112061266134 0.0191049623214 0.0173337339764 0.0386179148431 0.0284694767365 0.0102333182595 0.00726136388163 0.0298123127033 0.0273972237353 0.0331184778589 0.0471247558344 0.00142075293378 0.0635640372308 0.0041322788529 0.0190440994979 0.0416015540546 0.0142099175452 -0.0119681847081 0.00667971801182 0.0354790676739 0.0492349212045 0.0509713878627 0.0278236465432 0.0398907808849 0.0796175013455 
0.00660079574676 0.0121751964043 -0.0112181198845 -0.00363968771294 0.00454683886467 0.00564327224227 0.0530393555318 0.0181652756714 0.0272285120782 -0.00155064380122 0.00095913623293 0.00584745258852 0.0068249025264 0.0117176703552 0.00798223052262 0.0223911138506 0.00611232514902 0.0122035117758 0.0289304877276 0.0225745003319 0.0319305907829 0.0189638952234 0.000262500906031 0.0229603775105 -0.00378242319758 0.0129043517823 0.0463070084112 0.0245903376478 -0.00767232465711 0.00954618835835 0.0366207260687 0.182909722065 0.000758422826978 0.0184330130829 0.00611835338199 -0.000849111319971 0.0614108696224 0.0296862503587 0.00653993600505 0.01817468665 0.0142921681561 0.0268576402726 0.0256632834198 0.01928593771 0.000640747100665 0.0137965669762 -0.00376142463731 0.0297810257816 0.00905342966314 0.0403814874875 0.0127815620686 0.0238423697875 0.00862272215078 -0.0183713679559 0.00272634510387 0.00528615518177 0.0144799104543 0.0130864006905 -0.00231296830096 0.00500047618484 
-0.00450601046385 0.0366582285833 -0.00266753780824 -0.0061587673241 0.0095049588861 0.0441851362315 0.0228767477892 0.0108674630776 -0.00297775772736 0.015951213168 0.0113261588666 0.00528246554586 0.00520246576509 0.000424444798666 -0.00228030254326 -0.000204416264748 0.0224917449095 -0.00246622769064 -0.00672633594203 0.00513864949879 -0.00614849275075 0.00417982305153 0.0033232569199 0.0091658775148 0.0151841997085 -0.00269369711375 0.012363107945 0.010141590002 0.023158856052 -0.00575527234332 0.00135338889293 0.000758422826979 0.193273905776 -0.00196130184094 0.0186657705516 0.0225747702216 0.0473289196158 0.00321358930745 0.00764758598152 -0.012200359889 0.0136165194895 -0.00320218397996 -0.0157790385714 0.0345615282129 0.0111392777604 0.00328297980592 0.0467979318673 0.0099897917061 0.00369482348879 -0.00520741785461 0.00843010801974 0.0251940728442 0.00667781445563 0.00196519161667 0.000281544246096 -0.000741395224886 0.00536351359477 0.00390364476659 -0.00720486132112 0.0133901831845 
0.001001840186 -0.00692645710363 0.0156974012223 -0.0198830227139 0.0612564358901 -2.11069751071e-05 0.0134315529815 0.0232758398458 0.0260093020035 -0.000454020707909 0.0480387744817 0.0126611061636 0.0182533428433 0.0223016180837 -0.00608034572477 -0.00180829183775 0.0111591638434 0.00611737673269 0.00784529415053 0.0238690264303 -0.00682400348726 -0.0126881890128 -0.0108337111772 -0.00837702682691 0.00314573623285 0.0307296808059 0.0095345512861 0.019589798732 0.014880683115 0.00890349639358 0.000296344107055 0.0184330130829 -0.00196130184094 0.220462941734 0.0356034707036 -0.0024791561541 -0.00937674370524 0.0100331988375 0.00499730841522 0.00660850343112 0.00968363063404 -0.00569642958906 -0.0259073486476 0.0120377835059 0.0117784545913 0.0120424187025 -0.00591312739955 -0.0126827576505 0.0166847225587 -0.000759160253579 0.00847167436499 0.033901914243 0.00263510121191 -0.00619329498405 0.00619563147623 0.0203719407851 0.015885532941 0.0238605799757 0.0135829650131 0.00473986907415 
0.03290452446 -0.0040136252124 0.00268118241936 -0.0228348792979 -4.58011435679e-05 0.00940405358119 0.0248121073677 0.00289531087209 0.0195310891346 -0.0211049793138 -0.002523408661 0.00489283804963 0.0209319746751 -0.0161183586671 0.0208438106197 0.0108983346375 0.0409839286136 0.0110522844894 0.0662820544734 0.0142048443219 0.0327303388539 -0.0395663278208 -0.0635163362207 -0.0181993576347 0.0308552031285 0.00394357840989 0.00340844133066 0.0151098297326 0.00472603272166 0.0163227999357 0.0179063337374 0.00611835338199 0.0186657705516 0.0356034707036 0.339880144835 0.0266324176283 0.0158338151815 0.00318221814852 -0.00624514044811 -0.000354602572263 0.000488322829841 0.0362134351048 0.00771970478944 -0.0385257203583 -0.00957445667798 0.0203443642866 0.0141639647924 0.0317391622801 0.0117257087438 -0.0247906204415 -0.00417403290461 0.066895148931 0.000135654618825 -0.0152783546357 0.0102262985075 0.00455557076961 0.022129557981 0.0277014174892 -0.00899516475155 0.00457253184543 
-0.00983416076355 -0.00594381894347 0.00518975651112 0.0152792259592 0.0035348063683 0.00853662012576 0.0217974100507 0.0128265515228 0.0126229711738 0.00799227185949 -5.95284711715e-05 0.0156209691289 0.00862537220316 0.00327086701342 0.0152949266621 0.0198572715243 0.005664210642 0.0146026353966 0.0198958111551 0.00896004162866 -0.0013517110859 0.0206382305358 0.00951117700198 -0.00375711666353 0.0165757496941 0.00221710935308 0.00342511965859 0.0255776448132 0.0147901131536 0.0054698802311 0.0112061266134 -0.000849111319975 0.0225747702216 -0.0024791561541 0.0266324176283 0.118335874842 0.0216991539762 0.0173743280454 0.00631071994168 0.0283783147818 0.0132636657771 0.00575284575761 0.00516773967867 0.0242836329958 0.0159194392212 0.0127009279079 0.00911695243547 0.0138092111832 -0.00147530101609 0.0145309066432 0.0142335895915 0.00456210350285 0.0173012851921 0.0101657325127 0.000105534929565 0.0050573274895 0.0405755560326 0.0384903506053 0.00166470074393 0.00267991359077 
0.00780424033627 -0.0089183292332 0.0221832122083 0.0134526438818 0.0141650330693 0.00664263296766 0.0156371985987 0.0347279962483 0.0146931628592 -0.00599269879322 -0.0152673395112 0.0469809938843 0.0169806286997 0.0175291562203 0.0448541652912 0.0043012936444 0.094004465532 0.0268571886017 0.0423796040941 0.00212064505126 0.00575319899311 0.00705780423926 0.0382719963616 0.0196047532378 0.0225802824692 0.021221369971 0.112411328657 0.0251863279038 0.00726987615163 0.0161903274335 0.0191049623214 0.0614108696224 0.0473289196158 -0.00937674370524 0.0158338151815 0.0216991539762 0.659884302749 0.0586706277291 0.0453068150303 0.000493770786661 0.0168992150168 0.0250600261416 0.0423787844279 0.0640625562129 0.00254850432807 0.0191317146076 0.0114928635693 0.0573098821339 0.0249104396464 0.0161311719794 0.0382638658484 0.0235349835235 0.0338736594013 0.0110022337173 0.0254810898137 0.0181868014708 0.00978269861508 0.025599514705 -0.00143762911794 0.00252475705345 
0.018764914083 -0.00576680902735 -0.00745436658352 -0.00765810224327 0.00623815191477 -0.00318222758497 0.00125045355827 0.0176422795074 0.0440779336705 -0.0148108196575 0.0134566804893 0.0174872260161 0.0137611574685 -0.016974628275 0.00569345150932 0.0211540353309 0.00317113840999 -6.88007302805e-05 -0.00726359469765 0.0201048390536 0.0450188107768 -0.00673983282223 0.015038970064 0.000823145672945 0.0290281970496 0.0160376447787 0.0728122861715 0.0203998583805 0.0123738007565 -0.00407069505772 0.0173337339764 0.0296862503587 0.00321358930745 0.0100331988375 0.00318221814852 0.0173743280454 0.0586706277291 0.24733273468 0.00753478823864 0.0137244337774 0.0166181419241 0.0319910505374 0.0189457812239 0.0165047918226 0.0080615234762 0.0271795326774 -0.00471776195893 -0.00844328480613 0.0239146100794 0.0156723332928 0.00313661835801 0.00902347789697 0.0174405168126 -0.00480760557673 0.01956193358 -0.000872984057184 0.00990026436927 0.0172364063757 -0.0156811193067 -0.000369164652533 
0.0317332520169 -0.0083911766092 0.0224350449558 0.0644046140407 0.14350343294 0.0108240075549 0.0420949829427 0.0217934593275 0.00770482824771 0.00370897713613 0.0128786350666 0.00671738801273 -0.00903878734371 0.0307775755602 0.0262536495195 0.0242452876966 -0.00657964263279 0.0154165042434 0.0206315858942 0.00514802111357 0.036411853414 0.00669239109115 0.0062916057241 0.00961856694536 0.039448110765 0.0259715843553 0.041291531121 0.0259912056711 -0.00664644432551 0.0148626481056 0.0386179148431 0.00653993600505 0.00764758598152 0.00499730841522 -0.00624514044811 0.00631071994168 0.0453068150303 0.00753478823864 0.336567084955 0.0134552411139 0.00109285409842 0.00595155539061 0.0182248819047 0.0185724582616 0.0252886348107 0.0309292904587 -0.00713912905475 0.00756472664222 -0.0239108762658 0.0199143252356 0.0190057712571 -0.00304615906729 -0.00925977980831 0.0126168284549 0.0155341414278 0.0183436100326 0.0117635765654 0.0154900238469 0.0389213819959 0.00447111536967 
