50
-0.00648668223639 0.0896854693356 0.0300827450696 0.0950879331279 0.0697795953642 0.0243185800675 0.0913653440874 0.0444525953717 0.0749299903321 0.0963264580192 0.0800542827641 0.00788248566947 0.0952470994091 0.085684238521 0.0539269159384 0.0751688044393 -0.00277796207049 0.128291051585 0.0422860283868 0.165275344352 0.0415097954764 0.142595623168 0.0762578269544 0.0571686925308 0.0283013122104 0.143553651187 0.0268374832388 0.0506400072768 0.0172523696575 0.117315051398 0.0519302207626 0.0437038130991 0.0445332570478 0.09797045465 0.162419244675 0.0444735285872 0.0335790413719 0.0585004976968 0.0464034886179 0.0825599502725 0.357744060202 0.0534982218633 0.0436793340255 0.0678408515538 0.0916953774684 0.022553065058 0.103166553638 0.0088766616328 0.0147816990943 0.0658076634161 
0.258658506404 0.00406116772355 0.0116597602461 0.0170709987769 0.00658463985557 0.0247570262487 0.0223511236862 0.0136422881576 0.0350670585285 0.0265163813541 -0.0117536598913 0.00158844471528 0.00884089732596 0.0250183059579 0.00719572721948 0.00650143142444 0.0143729549707 -0.00503291612503 0.0028242533497 -0.0199784644186 0.0414394094702 0.0181310499902 -0.00766779815171 0.00918135399737 0.0013504187175 0.0099313027886 0.0231363311906 0.0190101174104 0.0114225376514 0.017288200383 0.0110884092287 0.0198181216121 -0.0062703573609 0.00251414225655 0.00128936572816 0.0143401207989 0.0110503090803 0.0126696737873 -0.0139602131923 0.0411580935473 -0.00280759564649 0.0228743585945 -0.00219889288089 0.01269387967 -0.00454065124098 0.00660115500777 0.00465252594088 0.0279599452649 0.000586519414978 0.00796168025536 
0.00406116772356 0.243601389725 0.0123251285329 0.016653303598 -0.00627624233569 0.0110351833476 0.0248325099915 0.0130300316474 0.0174664507658 0.0151257976375 0.00922330872516 0.0452186558697 0.00991423024989 0.0342222378719 0.00368024158649 0.0348020044123 0.000994796809615 0.0254679598011 0.00256508826941 -0.0126571628678 0.0401740980139 0.0298427738948 0.0281488346071 0.0353636022351 0.00943617864144 0.0104342685519 0.0133551725501 0.0452350457666 0.0133378028029 0.0093258052622 0.0299387402125 0.0195243212236 0.0145913075596 -0.00194492048273 0.0045920845712 0.0154133407033 0.0283372985486 0.0161571655141 0.0156166619485 0.0105893011192 -0.00472417689329 0.0232202745744 0.0252083934772 0.0313570436372 0.0516922778306 0.00317838198499 0.00477640240708 0.0198215794097 0.0160594435639 0.0239551562218 
0.0116597602461 0.0123251285329 0.147636581153 0.00720727262122 0.0011696038477 0.025764297996 0.00333426356943 0.00725776612466 0.00151775411841 0.00417946948347 -0.000504163484429 0.010266547096 0.0247978813696 0.0120352176712 0.00396234541068 0.0150019452797 0.0145221939294 0.0104484732264 0.0223170919875 0.015824248844 -0.0122161527733 0.0125874385234 0.00579652459462 0.0009383537848 -0.00788976738383 -0.0139479198092 -0.00165465061277 -0.00528315870551 0.00493656547221 0.0401147152678 0.0160759850235 0.00471553306815 0.029012876606 0.00407646970884 0.0168094141122 0.00128581181448 -0.000350973084767 0.0190041036567 0.0135517063717 0.00829400921818 0.0211145577676 0.00679803472101 0.00638316806888 0.00336214317312 0.0090266910501 0.0114829685199 0.0152471313969 0.00576189315919 0.0115980436884 -0.00450588842767 
0.0170709987769 0.016653303598 0.00720727262122 0.271419666899 0.0524697318345 0.00611417355435 0.0157034108796 0.0302254491628 0.0292151993726 0.0354494699377 -0.00094544748769 0.0428394764168 0.0263292897703 0.0333710296365 0.0325451184753 0.0436829519697 0.0156312882776 -0.00222960605661 0.0209259624272 0.0188868635147 0.00896027902571 0.00840284748203 0.0107094388269 0.013241944919 0.0258921052851 0.0240415206338 0.0257712237185 0.0460736309903 0.0106060356314 0.0225587910268 0.0105899220085 0.0155058607531 0.0210772493344 0.0752366663369 0.0236087191726 0.0118430873969 0.00435251618881 0.00972535184022 0.00809406830872 0.0280320271472 0.00687033706688 0.0501431901237 0.0134407545792 0.00871588463979 0.0768889333662 0.0328599727953 -0.0104312071924 0.0133473490285 0.0161094475919 0.0102266455489 
0.00658463985557 -0.00627624233569 0.0011696038477 0.0524697318345 0.469967493091 0.0364095650165 0.00953013921235 0.0352249193019 0.0276612668341 -0.0193656322917 0.0203089773412 0.00564877081308 0.00765584827768 0.015879498679 0.0275011553332 -0.0160877370382 0.0096147529678 0.013466742933 0.0192032737614 0.000723110982083 0.0355442721184 0.0281063268449 0.0378031134261 0.0191329376112 0.0269369345733 0.0309201493542 0.0140537445887 -0.0141897523219 -0.00370344719119 0.0317531257934 0.0398291534652 0.00958503181341 0.00525259371646 -0.00949038252839 -0.000895273414504 0.0073064498986 0.00190824745252 0.026350897577 0.0100783443228 0.00746805438618 0.0531295180476 -0.00257353488789 0.0431119115099 0.0194707266886 0.0548261936223 0.00418767389021 -0.00535280011927 0.0238751158821 0.00460975883055 -0.014944407339 
0.0247570262487 0.0110351833476 0.025764297996 0.00611417355435 0.0364095650165 0.222664010308 0.0287495239877 0.00791142156064 0.0181200391621 0.0118935252258 0.0260093482054 0.00478585498812 0.0176042674929 -0.00581839720845 0.00274510191901 -0.00717621871188 0.0144671820095 0.00837714060878 0.000421418026383 -0.00490385740417 0.016413788564 0.000798715835097 0.00883191456488 -0.0091263932963 0.025465640507 0.0207504213917 0.0171559746682 -0.0230786313614 0.00274445980798 0.00608352459747 0.00378252742868 0.00175835905997 -0.00123839327646 0.0149892743624 0.0158074486435 -0.00519332041844 0.00577543879709 -0.00995909281954 -0.0040165238865 0.0248101876962 0.00501864040764 0.0240142005227 -0.00644874695121 -0.00261702284479 0.0415731253747 0.0136680455278 0.00902592151523 0.0173822911976 0.0227494426522 0.0107206524394 
0.0223511236862 0.0248325099915 0.00333426356943 0.0157034108796 0.00953013921235 0.0287495239877 0.340875546422 0.0244073900452 0.0598797375698 0.0330621287515 -0.00432920315779 0.00697639744329 0.0409846405688 0.0215401666024 0.0167144071698 0.0316838178236 0.0117596290927 0.00635221016763 0.0354768797415 0.013658579445 0.0150988800609 0.0431745979176 0.0294351267144 0.00765365663697 -0.00985504881344 0.137724075009 0.0155756221003 0.0633871589104 0.00814533204376 0.0207968344414 0.02244041596 0.0230626224263 0.0250442043376 0.000440151910988 0.0186014577668 0.0147381511707 0.0171760288838 0.0244068716624 0.0117559338978 0.00431630339322 0.014011571979 0.0388232250441 -0.00360319055521 0.0194781729978 0.0630890657602 0.0136391584259 0.0355311966845 -0.00772102316375 -0.0127013846206 -0.00182926426738 
0.0136422881576 0.0130300316474 0.00725776612466 0.0302254491628 0.0352249193019 0.00791142156064 0.0244073900452 0.211710841415 0.0125577727717 0.0132470026686 0.00878958532057 -0.00486780264527 0.0132178071218 0.0160614090211 0.0191183778557 0.0109256073561 -0.00270555432191 -0.00176726615429 0.000177987330566 0.00340270330929 0.106129582129 0.00251124175114 0.1327267915 0.0121407617688 0.0112301495373 0.040475770025 0.00431267121324 0.0313983929912 0.00470601017185 -0.00143970841631 0.0378119237895 0.00736559935437 0.00130779248869 -0.00522876276383 -5.03118614679e-05 0.0210671759391 0.0132499901496 0.0129524815076 0.00581950550154 0.00238544583584 0.0471126354096 0.00523165634528 0.0214853536313 -0.00655284779527 0.035485744827 0.00419555864284 -0.0227691146115 0.0308133862577 0.0157867877956 0.00912539737507 
0.0350670585285 0.0174664507658 0.00151775411841 0.0292151993726 0.0276612668341 0.0181200391621 0.0598797375698 0.0125577727717 0.407586858083 0.00275273881861 0.0288414292388 0.0118790642219 0.042824548173 0.0550140050239 0.0144492844836 0.0318195027529 0.00627207971255 0.0532942367688 0.0330991740793 -0.0249727590379 -0.00443329588879 0.0177908157497 0.0328580705188 0.0422219689709 -0.00039535937298 0.0284976783888 0.0250769020762 0.0400313457726 0.0300619170129 0.00623170000352 0.0452828835676 0.0219380273625 0.0133702692317 0.0174271201177 0.00452092587612 0.0633510561471 0.000515720576878 0.023870270659 0.0189038667857 -0.017976658916 0.0230726850517 0.0362376601024 0.01552883994 0.0413887292281 0.0876940432528 0.00938280402839 0.0344868745081 0.00165993550336 0.00935409780319 0.050606655708 
0.0265163813541 0.0151257976375 0.00417946948347 0.0354494699377 -0.0193656322917 0.0118935252258 0.0330621287515 0.0132470026686 0.00275273881861 0.453829219091 0.0150034461581 0.0105312199856 0.0440670449831 0.041757938036 0.0202228895389 0.0424221793044 0.00981503180594 0.0399725838269 0.000115749888163 0.0219039245821 0.00214673224253 0.0242574741241 0.0387469464644 0.0140742095721 0.00563043748297 0.0275024772025 0.0039722763443 0.0166300928933 0.00495481384551 0.03723946108 -0.00637299586303 0.00192050293492 -0.0106918593484 -0.00356628637445 0.0475384515316 0.010461158514 0.010346552357 0.0353367353992 0.00701259125572 0.014820544978 0.0380032493944 0.0328638212988 0.00813217823758 0.0205056210817 0.0571403805151 0.0290837850015 0.0237836378838 0.00942742867636 0.0365840208921 0.0118868617246 
-0.0117536598913 0.00922330872516 -0.000504163484429 -0.000945447487689 0.0203089773412 0.0260093482054 -0.00432920315779 0.00878958532057 0.0288414292388 0.0150034461581 0.338718223036 0.00611045377885 0.0142730110777 0.00290029027356 0.00909168357747 0.014425450719 0.0265283031084 0.0194494187423 0.0269177831899 -0.00185216995498 0.00690633752942 0.0429158937594 0.011101947391 0.0277179406016 0.0265559217227 0.00647458679676 0.00216171077716 0.00973363315522 -0.00695385769256 0.0141004274124 -0.00692198787829 -0.0063798198844 0.0283880969984 0.014519324851 0.00238791839446 0.0303935667398 0.0254696534981 0.0163324893915 0.0334999142557 0.0365611171626 0.0226747650425 0.0356907800566 -0.0016933193086 -0.00227920595193 0.0445188918564 -0.00535735706261 -0.00680941592037 0.0292199657505 0.0140068342403 0.00859013149967 
0.00158844471528 0.0452186558697 0.010266547096 0.0428394764168 0.00564877081308 0.00478585498812 0.00697639744329 -0.00486780264528 0.0118790642219 0.0105312199856 0.00611045377885 0.196061020563 0.057632658049 0.0166753004975 0.00134373584045 0.0486101560287 0.00623362661236 0.0312397854414 0.0296758619972 0.0382689651458 0.0308976657174 -0.00173485431868 0.00467447804296 0.0119838916834 0.00102251330556 -0.0184262723341 0.00117329228708 0.0475332246599 0.012449795002 0.00940592511858 0.0263061348451 0.0165022404046 0.0126106510655 0.064297600215 0.0117277860186 0.00933231609918 0.0080983800514 0.0225392992314 0.00225111685838 0.0332571716068 0.0171569781764 0.0310867300072 0.0312443285562 0.000133761099468 0.0400265601435 0.0478859015747 0.00299910085567 0.0357327663886 0.0308818891509 0.0130350105252 
0.00884089732596 0.00991423024989 0.0247978813696 0.0263292897703 0.00765584827768 0.0176042674929 0.0409846405688 0.0132178071218 0.042824548173 0.0440670449831 0.0142730110777 0.057632658049 0.445523199301 0.020320123297 0.0347938152583 0.0186225768695 0.0197967313531 0.0275789786853 0.0183109490241 0.0212515751901 0.0512168425195 0.0150124815835 0.0489599391768 0.0203773425532 0.00503289321733 0.0114967481994 0.00348283572376 0.0218413559375 0.00618338345921 0.0030008862476 0.0293722612363 0.0239555985763 0.0183762191922 0.0204472841063 0.0229681236243 0.0109408777919 -0.00319609118465 0.0244235823369 0.00308256614963 0.00939545928312 -0.00550461480255 0.0309998376678 0.00913338476685 0.041702574684 0.11004925344 0.0255478233627 0.038146211156 0.0241882163417 0.0502229069697 0.0261074635979 
0.0250183059579 0.0342222378719 0.0120352176712 0.0333710296365 0.015879498679 -0.00581839720845 0.0215401666024 0.0160614090211 0.0550140050239 0.041757938036 0.00290029027356 0.0166753004975 0.020320123297 0.454960613151 0.0150424935112 -0.0114034071712 0.0307909201317 0.0212076317837 0.00440854894304 -0.0161565553728 -0.00680099378439 0.00568059291819 0.00233243289203 0.0197521035972 0.0236835213279 0.0088877609922 0.00738928346676 0.0242383680385 -0.0033622856237 0.0378914556013 -0.0185718017046 0.0214801121322 -0.00505938521973 0.0300321033833 0.00902794384797 0.0495730808854 0.00954887060992 0.0528805609432 -0.00193311361561 -0.000812803270809 0.0401132977973 0.0138344192357 0.0170785239821 0.0194919814251 0.0431200879745 0.0209151141386 0.0302797558284 0.0343578420965 0.00555435770753 0.0126607947133 
0.00719572721948 0.00368024158649 0.00396234541068 0.0325451184753 0.0275011553332 0.00274510191901 0.0167144071698 0.0191183778557 0.0144492844836 0.0202228895389 0.00909168357747 0.00134373584045 0.0347938152583 0.0150424935112 0.224759781243 0.0124254919928 0.0190717278698 -0.00577476137958 -0.0165789658317 -0.00501018529893 0.00507680407602 0.0584006182269 0.0180195215826 0.01073136231 0.000450860768334 0.0214360605787 0.0141188765517 0.0302032644284 0.00125685427809 0.0122592355468 0.00803966208679 0.0224870151302 0.00588397514192 -0.00450969327486 0.00522581240777 0.0262706119354 0.0150159976873 0.0284260098248 0.00967311051263 0.0278271743843 0.00222419489954 0.0246710144996 0.0128029209108 -0.00436895668169 0.0505185418847 0.00247802060194 0.0141978918399 0.0239491253196 0.0207821635416 0.00861750045434 
0.00650143142444 0.0348020044123 0.0150019452797 0.0436829519697 -0.0160877370382 -0.00717621871188 0.0316838178236 0.0109256073561 0.0318195027529 0.0424221793044 0.014425450719 0.0486101560287 0.0186225768695 -0.0114034071712 0.0124254919928 0.301348046184 -0.0159420543568 0.00661251866714 0.053999190259 0.00855862944806 -0.0115712729908 -0.000916454313376 -0.0326824821089 0.0377107994715 -0.00873930667862 0.00252999084323 0.0325136120597 0.0396402006705 0.0257560771659 -0.00530197358081 0.00308158866247 0.0145205035145 0.0233655371533 -0.00812038709487 0.00565655228993 0.0542234981628 0.0116936844451 0.0170969926035 0.00705052911927 0.0857208667908 -0.0276331722707 0.0193030829328 0.0118442529141 0.0284584440501 0.0642730237292 0.0484719496964 0.0324826946214 0.0158768101633 0.0572008718589 0.0129719144778 
0.0143729549707 0.000994796809614 0.0145221939294 0.0156312882776 0.00961475296781 0.0144671820095 0.0117596290927 -0.00270555432191 0.00627207971255 0.00981503180594 0.0265283031084 0.00623362661236 0.0197967313531 0.0307909201317 0.0190717278698 -0.0159420543568 0.263301597018 -0.00388213090337 0.011635368368 0.000758950538194 0.0131750462977 0.0140673769756 -0.00634238963704 0.00257507832028 0.016457560869 -0.00378596953275 0.0108638860387 0.0185479205302 0.0119386085922 -0.0104580686108 0.00923990785812 0.0131873162621 0.00696597811666 0.016759069709 -0.000359185464415 0.000913930489886 0.0236211401047 0.010652272506 0.000235294566097 0.026022340034 -0.0173008237157 0.00477733074365 0.0206712189189 -0.0035369050177 0.000932570252559 -0.00625634507772 0.0101916334936 0.0196051369114 -0.00904319251355 0.0334561391143 
-0.00503291612503 0.0254679598011 0.0104484732264 -0.00222960605661 0.013466742933 0.00837714060878 0.00635221016763 -0.0017672661543 0.0532942367688 0.0399725838269 0.0194494187423 0.0312397854414 0.0275789786853 0.0212076317837 -0.00577476137958 0.00661251866714 -0.00388213090337 0.48688995817 0.0329720086702 0.0118294221228 -0.0212796983205 0.0109402429991 -0.0143324018396 0.0106619427406 0.0258153610915 0.0187681220325 0.00207304173339 0.0340670871782 0.0156687940649 0.0664101002598 0.00276939490658 0.0304713373856 0.0108416270265 -0.000375526010069 0.0124061248113 0.00156720927578 0.0235793126334 0.0418018453998 0.00282691979796 0.00128245995021 0.00580108164372 0.0129962449846 -0.0145694604106 0.020716486275 0.0416197515609 0.0212136676744 -0.00329305620498 0.00326811100888 0.0276521649141 0.06246439752 
0.0028242533497 0.00256508826941 0.0223170919875 0.0209259624272 0.0192032737614 0.000421418026383 0.0354768797415 0.00017798733057 0.0330991740793 0.000115749888163 0.0269177831899 0.0296758619972 0.0183109490241 0.00440854894304 -0.0165789658317 0.053999190259 0.011635368368 0.0329720086702 0.228539904987 -0.00942278574601 -0.0166163917944 0.000921733584319 -0.00311341901024 0.0225803004432 -0.000751492442758 0.0199201763313 0.0119904663578 0.00707916490319 -0.00759610017328 -0.0209024618755 0.0094298471761 -0.00187399410899 0.00031486302906 0.00476809856513 0.00662829891982 0.0112179067921 0.0112011105549 0.0203715246065 -0.0122508022969 0.0254092659021 -0.0132297616777 0.0213248030626 0.00559498998407 0.0199008358061 0.0336185077654 0.00257914921394 0.0471849476494 0.00430530332352 0.00028298845466 -0.00627891051505 
-0.0199784644186 -0.0126571628678 0.015824248844 0.0188868635147 0.000723110982083 -0.00490385740417 0.013658579445 0.00340270330929 -0.0249727590379 0.0219039245821 -0.00185216995498 0.0382689651458 0.0212515751901 -0.0161565553728 -0.00501018529893 0.00855862944806 0.000758950538194 0.0118294221228 -0.00942278574601 1.3703995238 -0.0152659056165 -0.0112214166534 0.00435767561917 -0.0123430762504 0.00522406275421 0.00516900581412 -0.00216419126166 0.0208139277987 -0.00941403502619 0.100103181839 0.00329972268975 -0.022346491359 0.00882321576689 0.0055711255217 0.00591408303837 -0.0215853900349 -0.00700261269165 -0.00793725143875 -0.00499442847096 -0.00925941762713 0.0314887646237 -0.0195691577169 0.00487475316905 -0.0282699670727 0.0159806079039 0.0136911256478 -0.00198867941088 -0.0409457665802 0.0036752898925 -0.00632401674642 
0.0414394094702 0.0401740980139 -0.0122161527733 0.00896027902571 0.0355442721184 0.016413788564 0.0150988800609 0.106129582129 -0.00443329588879 0.00214673224253 0.00690633752942 0.0308976657174 0.0512168425195 -0.00680099378439 0.00507680407602 -0.0115712729908 0.0131750462977 -0.0212796983205 -0.0166163917944 -0.0152659056165 0.420981500449 0.029475735468 0.175985287593 0.00124194665427 -0.0112234008891 0.013181957175 -0.000418339344125 0.0237298518796 -0.00231814936893 -0.0116032052146 0.0482257638783 0.00510769891419 -0.0150466836059 -0.000567262612663 0.0102752894585 0.00710260685491 -0.0169007326485 0.0326546648875 -0.00233636515412 -0.0090366865289 0.0113316703003 -0.00597756434241 0.0292866013081 -0.0152005654935 0.0527736233436 -0.0169439321711 -0.0172930914298 0.0477665113001 0.0148658955249 0.00316980377394 
0.0181310499902 0.0298427738948 0.0125874385234 0.00840284748203 0.0281063268449 0.000798715835098 0.0431745979176 0.00251124175114 0.0177908157497 0.0242574741241 0.0429158937594 -0.00173485431868 0.0150124815835 0.00568059291819 0.0584006182269 -0.000916454313377 0.0140673769756 0.0109402429991 0.000921733584319 -0.0112214166534 0.029475735468 0.429818296193 0.0236237672851 0.0537765686366 0.00661125163619 0.0726131929576 0.00212232281197 0.0895173863536 0.0215744248012 0.00900064244806 0.0269584033355 0.0203686406637 0.0249297681118 0.0586531252751 0.00588408813915 0.0337251877432 0.0159753143732 0.0952397284217 0.0213578265295 0.0245449794461 -0.0259813638394 -0.00789486690001 0.0133732405347 0.0497721167319 0.0470630602754 0.0344237105485 0.0364886201228 0.0388336053658 0.012653950619 -0.0202550475642 
-0.00766779815171 0.0281488346071 0.00579652459462 0.0107094388269 0.0378031134261 0.00883191456488 0.0294351267144 0.1327267915 0.0328580705188 0.0387469464644 0.011101947391 0.00467447804296 0.0489599391768 0.00233243289203 0.0180195215826 -0.0326824821089 -0.00634238963704 -0.0143324018396 -0.00311341901024 0.00435767561917 0.175985287593 0.0236237672851 0.438639061933 -0.010924715304 0.0108987892963 0.0333771618495 -0.00337219452871 -0.00464395624132 0.0301751580652 0.0091545389008 0.0645933765301 0.0301825076222 -0.00325828942616 -0.0037490406241 0.0128177343834 0.00753564603489 -0.00363992273124 0.0242079515388 -0.00785614305858 -0.0336134016753 0.0276674164 0.0260066339537 0.0504247408342 0.0149190055804 0.0714818011582 -0.00420230369992 0.00274545550045 0.0257021624923 0.0141329331457 -0.00150974965821 
0.00918135399737 0.0353636022351 0.000938353784799 0.013241944919 0.0191329376112 -0.0091263932963 0.00765365663697 0.0121407617688 0.0422219689709 0.0140742095721 0.0277179406016 0.0119838916834 0.0203773425532 0.0197521035972 0.01073136231 0.0377107994715 0.00257507832028 0.0106619427406 0.0225803004432 -0.0123430762504 0.00124194665427 0.0537765686366 -0.010924715304 0.356156096391 -0.014048733849 0.00861567578365 0.0129862521467 -0.011428253336 0.0146432033048 -0.00738510775012 -0.00538489731971 0.00382435811825 0.0310230602243 0.0490226995808 0.0214653561839 0.0327325724305 0.0597393551401 0.0251150369511 -0.0023681667153 0.038794807819 0.00066792114455 0.0263072300207 0.00621495539325 0.00096900537717 0.0379152239758 0.00746565067087 0.00315798081835 -0.0028787051889 0.00720348775404 0.0227010895564 
0.0013504187175 0.00943617864144 -0.00788976738383 0.0258921052851 0.0269369345733 0.025465640507 -0.00985504881343 0.0112301495373 -0.000395359372979 0.00563043748297 0.0265559217227 0.00102251330555 0.00503289321733 0.0236835213279 0.000450860768333 -0.00873930667862 0.016457560869 0.0258153610915 -0.000751492442758 0.00522406275421 -0.0112234008891 0.00661125163619 0.0108987892963 -0.014048733849 0.194827407448 0.0378896950074 0.0042916917542 -0.0119166291693 0.00934808325427 0.0121742129822 0.00470418913228 -0.0013188102293 0.00587728893432 0.0552712365365 0.0144506922363 -0.000372470111849 -0.0059720698215 0.00233239489398 0.0125455106167 -0.0063516850059 0.0365927796964 -0.00485313273241 -0.00387784234092 0.0099892644752 0.00782600223578 0.00861751562237 -0.0164660195174 0.0321244379556 0.000709712056852 0.0247771994898 
0.0099313027886 0.0104342685519 -0.0139479198092 0.0240415206338 0.0309201493542 0.0207504213917 0.137724075009 0.040475770025 0.0284976783888 0.0275024772025 0.00647458679676 -0.0184262723341 0.0114967481994 0.0088877609922 0.0214360605787 0.00252999084323 -0.00378596953275 0.0187681220325 0.0199201763313 0.00516900581412 0.013181957175 0.0726131929576 0.0333771618495 0.00861567578365 0.0378896950074 0.879431900686 -0.0043875015862 0.019682881708 0.022492676209 0.0280701340636 0.0444986059475 0.0362149422636 -0.00244833406733 0.00257059259263 0.0255153303339 0.0140775103549 0.0246727097029 0.0362055420275 0.033194283836 0.0128062317771 0.00411213016693 0.0437751896373 -0.00667235042456 0.00520146946109 0.0741765464555 0.00647960710799 0.0138670562405 0.0615889437097 -0.00200252548148 0.0145686713066 
0.0231363311906 0.0133551725501 -0.00165465061277 0.0257712237185 0.0140537445887 0.0171559746682 0.0155756221003 0.00431267121324 0.0250769020762 0.0039722763443 0.00216171077716 0.00117329228708 0.00348283572376 0.00738928346676 0.0141188765517 0.0325136120597 0.0108638860387 0.00207304173339 0.0119904663578 -0.00216419126166 -0.000418339344123 0.00212232281197 -0.00337219452871 0.0129862521467 0.0042916917542 -0.0043875015862 0.149436381673 0.00861725627019 0.00450356915758 0.00273357544039 -0.00426799115355 0.00521087550079 0.0131029005788 -0.0133043786844 0.0336761592009 0.0410002255554 0.00713926930527 0.00277483984321 0.0191727739262 0.0145898996263 0.0214358697632 0.0166803834139 -0.00124805970303 0.018362421811 -0.00352115064212 0.00352199534676 -0.00604341301084 0.0272288636695 0.00819132340606 -0.00620540935265 
0.0190101174104 0.0452350457666 -0.00528315870551 0.0460736309903 -0.0141897523219 -0.0230786313614 0.0633871589104 0.0313983929912 0.0400313457726 0.0166300928933 0.00973363315522 0.0475332246599 0.0218413559375 0.0242383680385 0.0302032644284 0.0396402006705 0.0185479205302 0.0340670871782 0.00707916490319 0.0208139277987 0.0237298518796 0.0895173863536 -0.00464395624132 -0.011428253336 -0.0119166291693 0.019682881708 0.00861725627019 0.495101439331 0.030251531318 -0.0125186636587 0.0169876841682 0.0329326767864 0.00653028432415 0.0692197360003 0.000427608446118 0.00942508374133 0.0389551448998 0.0553322047369 -0.0145500754718 0.0274901176903 0.0093684795454 0.0192960854182 0.0210092381082 0.016763169085 0.0630176713123 0.0165739006171 0.0160915541781 0.0285533779315 0.00638382700177 -0.0117808124465 
0.0114225376514 0.0133378028029 0.00493656547221 0.0106060356314 -0.00370344719119 0.00274445980798 0.00814533204376 0.00470601017185 0.0300619170129 0.00495481384551 -0.00695385769256 0.012449795002 0.00618338345921 -0.0033622856237 0.00125685427809 0.0257560771659 0.0119386085922 0.0156687940649 -0.00759610017328 -0.00941403502619 -0.00231814936894 0.0215744248012 0.0301751580652 0.0146432033048 0.00934808325427 0.022492676209 0.00450356915758 0.030251531318 0.191626411758 0.0186836056802 0.0127622453611 0.0119948105228 0.00109960246602 -0.00176654949711 -0.00151669731809 0.012489648408 0.0193002690002 -0.00305550674671 0.00786532198713 0.00289767945703 0.0366336305963 0.00326901804988 0.00589876019087 0.0153184587112 0.0195636988392 -0.00569084212747 0.0121335761788 -0.00628428671302 0.0150834801953 0.0195407209446 
0.017288200383 0.0093258052622 0.0401147152678 0.0225587910268 0.0317531257934 0.00608352459747 0.0207968344414 -0.00143970841631 0.00623170000352 0.03723946108 0.0141004274124 0.00940592511858 0.0030008862476 0.0378914556013 0.0122592355468 -0.00530197358081 -0.0104580686108 0.0664101002598 -0.0209024618755 0.100103181839 -0.0116032052146 0.00900064244806 0.00915453890079 -0.00738510775012 0.0121742129822 0.0280701340636 0.00273357544039 -0.0125186636587 0.0186836056802 0.340257984371 0.0277350109058 0.0151872735528 0.0124853673579 -0.00160289979646 0.00137924903624 0.0378098611994 0.022387273517 0.0113518853316 0.0105276076262 -0.00725017768958 -0.00348671925291 0.0250952182672 0.0181333298561 0.0224417252878 0.0196324481464 -0.00499751315837 -0.0397295857172 -0.0327058982785 0.0240771050833 0.0317007812055 
0.0110884092287 0.0299387402125 0.0160759850235 0.0105899220085 0.0398291534652 0.00378252742868 0.02244041596 0.0378119237895 0.0452828835676 -0.00637299586303 -0.00692198787829 0.0263061348452 0.0293722612363 -0.0185718017046 0.00803966208679 0.00308158866247 0.00923990785812 0.00276939490658 0.0094298471761 0.00329972268975 0.0482257638783 0.0269584033355 0.0645933765301 -0.00538489731971 0.00470418913229 0.0444986059476 -0.00426799115354 0.0169876841682 0.0127622453611 0.0277350109058 0.251297418451 0.0250797129308 0.00485903542353 -0.0212665198724 0.0474652906112 0.0278569483863 0.0178551272773 -0.00810630981219 -0.00836173849154 0.0307221290738 0.00491124735563 0.0185386811826 0.0640333275811 0.0349607042443 0.00263152622748 0.0019256765388 0.00418115529833 0.0301051644329 0.0250797472295 0.00824465919239 
0.0198181216121 0.0195243212236 0.00471553306815 0.0155058607531 0.00958503181341 0.00175835905997 0.0230626224263 0.00736559935437 0.0219380273625 0.00192050293492 -0.0063798198844 0.0165022404046 0.0239555985763 0.0214801121322 0.0224870151302 0.0145205035145 0.0131873162621 0.0304713373856 -0.001873994109 -0.022346491359 0.00510769891419 0.0203686406637 0.0301825076222 0.00382435811825 -0.00131881022931 0.0362149422636 0.00521087550079 0.0329326767864 0.0119948105228 0.0151872735528 0.0250797129308 0.196177094273 0.0126381944412 0.0382139727234 0.0443468190647 0.031142862031 -0.00101373740391 0.0113692532971 -0.0048842860197 0.000268410268529 0.0158654128981 0.0299517286699 0.0145811644275 0.0267970813137 0.0297636633814 0.016038994403 0.0218178826983 0.0225479631032 -0.00537024347995 -0.00507485789381 
-0.0062703573609 0.0145913075596 0.029012876606 0.0210772493344 0.00525259371646 -0.00123839327646 0.0250442043376 0.00130779248869 0.0133702692317 -0.0106918593484 0.0283880969984 0.0126106510655 0.0183762191922 -0.00505938521973 0.00588397514192 0.0233655371533 0.00696597811665 0.0108416270265 0.000314863029063 0.00882321576689 -0.0150466836059 0.0249297681118 -0.00325828942616 0.0310230602243 0.00587728893432 -0.00244833406733 0.0131029005788 0.00653028432415 0.00109960246602 0.0124853673579 0.00485903542353 0.0126381944412 0.174664429362 0.0420072623268 0.020671000296 0.00694443756661 0.0100876066275 0.00288419525164 0.0116415597617 -0.0147190611651 -0.00663070434703 0.00645583513176 0.00654689599753 -0.000474462292526 0.0193578167614 0.0134405959927 0.00283803401482 0.0141998732455 -0.00327644384777 0.00258090978428 
0.00251414225655 -0.00194492048273 0.00407646970884 0.0752366663369 -0.00949038252839 0.0149892743624 0.000440151910989 -0.00522876276383 0.0174271201177 -0.00356628637445 0.014519324851 0.064297600215 0.0204472841063 0.0300321033833 -0.00450969327486 -0.00812038709487 0.016759069709 -0.000375526010068 0.00476809856513 0.00557112552171 -0.000567262612663 0.0586531252751 -0.0037490406241 0.0490226995808 0.0552712365365 0.00257059259263 -0.0133043786844 0.0692197360003 -0.00176654949711 -0.00160289979645 -0.0212665198724 0.0382139727234 0.0420072623268 0.950591496019 -0.0134042559278 -0.00413990394215 0.016360777175 0.0160522375394 -0.00684894557836 -0.00730025836595 0.00248932390753 0.017666332164 -0.0210087537387 0.00780219025275 -0.0217032325803 0.0776551649076 -0.010441006714 0.0428462067333 0.00297070748878 0.0130210716453 
0.00128936572816 0.00459208457121 0.0168094141122 0.0236087191726 -0.000895273414504 0.0158074486435 0.0186014577668 -5.03118614681e-05 0.00452092587611 0.0475384515316 0.00238791839446 0.0117277860186 0.0229681236243 0.00902794384797 0.00522581240777 0.00565655228993 -0.000359185464415 0.0124061248113 0.00662829891983 0.00591408303837 0.0102752894585 0.00588408813915 0.0128177343834 0.0214653561839 0.0144506922363 0.0255153303339 0.0336761592009 0.000427608446119 -0.00151669731809 0.00137924903624 0.0474652906112 0.0443468190647 0.020671000296 -0.0134042559278 1.30076846607 0.023944925899 -0.0171421130521 0.0394289323082 0.00234119043443 0.0114872354513 0.0260634101303 0.00240752857551 0.0133238677847 0.00639480158853 0.0196138096295 0.0123329234941 -0.00118171810499 0.00131405113677 0.0245903578258 0.0292028066121 
0.0143401207989 0.0154133407033 0.00128581181448 0.0118430873969 0.0073064498986 -0.00519332041844 0.0147381511707 0.0210671759391 0.0633510561471 0.010461158514 0.0303935667398 0.00933231609918 0.0109408777919 0.0495730808854 0.0262706119354 0.0542234981628 0.000913930489887 0.00156720927578 0.0112179067921 -0.0215853900349 0.00710260685491 0.0337251877432 0.00753564603489 0.0327325724305 -0.00037247011185 0.0140775103549 0.0410002255554 0.00942508374133 0.012489648408 0.0378098611994 0.0278569483863 0.031142862031 0.00694443756661 -0.00413990394215 0.023944925899 0.324982120123 0.0242068587078 0.0316931795727 0.013160139732 0.0226086347302 0.000578255532167 0.00997031308449 0.0257835278712 0.0622604315108 0.0385377346925 0.00953564590056 0.00143671480918 0.0284835972248 0.0273518073115 -0.000952265805311 
0.0110503090803 0.0283372985486 -0.000350973084766 0.00435251618881 0.00190824745252 0.00577543879709 0.0171760288838 0.0132499901496 0.000515720576877 0.010346552357 0.0254696534981 0.00809838005139 -0.00319609118465 0.00954887060992 0.0150159976873 0.0116936844451 0.0236211401047 0.0235793126334 0.0112011105549 -0.00700261269165 -0.0169007326485 0.0159753143732 -0.00363992273124 0.0597393551401 -0.0059720698215 0.0246727097029 0.00713926930527 0.0389551448998 0.0193002690002 0.022387273517 0.0178551272773 -0.00101373740391 0.0100876066275 0.016360777175 -0.0171421130521 0.0242068587078 0.230932720337 -0.00901594511444 0.0183998993135 0.0398482221562 0.00709008798198 0.0172195774267 -0.00152785993863 0.00819842627944 0.0210894112623 -0.00631550177045 0.0174252733241 0.0104235111922 -0.0140653173323 0.00403062817329 
0.0126696737873 0.0161571655141 0.0190041036567 0.00972535184022 0.026350897577 -0.00995909281954 0.0244068716624 0.0129524815076 0.023870270659 0.0353367353992 0.0163324893915 0.0225392992314 0.0244235823369 0.0528805609432 0.0284260098248 0.0170969926035 0.010652272506 0.0418018453998 0.0203715246065 -0.00793725143875 0.0326546648875 0.0952397284217 0.0242079515388 0.0251150369511 0.00233239489398 0.0362055420275 0.00277483984321 0.0553322047369 -0.00305550674671 0.0113518853316 -0.00810630981219 0.0113692532971 0.00288419525164 0.0160522375394 0.0394289323082 0.0316931795727 -0.00901594511444 0.331786296953 0.0204513363467 0.00819101038445 0.017378978559 -0.00461944482716 0.0257482510213 0.00181477438849 0.0241727794022 0.0358215737293 0.0345525473227 0.022442951552 0.00811041862776 0.00736075269466 
-0.0139602131923 0.0156166619485 0.0135517063717 0.00809406830872 0.0100783443228 -0.0040165238865 0.0117559338978 0.00581950550155 0.0189038667857 0.00701259125572 0.0334999142557 0.00225111685839 0.00308256614963 -0.00193311361561 0.00967311051264 0.00705052911927 0.000235294566099 0.00282691979796 -0.0122508022969 -0.00499442847096 -0.00233636515412 0.0213578265295 -0.00785614305858 -0.0023681667153 0.0125455106167 0.033194283836 0.0191727739262 -0.0145500754718 0.00786532198713 0.0105276076262 -0.00836173849154 -0.0048842860197 0.0116415597617 -0.00684894557836 0.00234119043443 0.013160139732 0.0183998993135 0.0204513363467 0.176952208396 0.00392847421453 0.0237994422493 0.0101200522696 -0.00820959408502 0.0320867936827 -0.000142105674 -0.00521487883931 -0.00540599165538 0.0236518276911 0.00838827388205 0.0244510710809 
0.0411580935473 0.0105893011192 0.00829400921818 0.0280320271472 0.00746805438618 0.0248101876962 0.00431630339322 0.00238544583584 -0.017976658916 0.014820544978 0.0365611171626 0.0332571716068 0.00939545928312 -0.00081280327081 0.0278271743843 0.0857208667908 0.026022340034 0.00128245995021 0.0254092659021 -0.00925941762713 -0.0090366865289 0.0245449794461 -0.0336134016753 0.038794807819 -0.0063516850059 0.0128062317771 0.0145898996263 0.0274901176903 0.00289767945703 -0.00725017768958 0.0307221290738 0.00026841026853 -0.0147190611651 -0.00730025836595 0.0114872354513 0.0226086347302 0.0398482221562 0.00819101038445 0.00392847421453 0.350472754655 -0.00400965150822 0.00981719863115 0.0245067627088 0.010899264761 -0.00982983290426 0.0258318178416 0.0206686600638 0.0201104615888 0.0297272496245 0.0167724635971 
-0.00280759564649 -0.00472417689329 0.0211145577676 0.00687033706688 0.0531295180476 0.00501864040764 0.014011571979 0.0471126354096 0.0230726850517 0.0380032493944 0.0226747650425 0.0171569781764 -0.00550461480255 0.0401132977973 0.00222419489954 -0.0276331722707 -0.0173008237157 0.00580108164372 -0.0132297616777 0.0314887646237 0.0113316703003 -0.0259813638394 0.0276674164 0.00066792114455 0.0365927796964 0.00411213016693 0.0214358697632 0.0093684795454 0.0366336305963 -0.00348671925291 0.00491124735563 0.0158654128981 -0.00663070434703 0.00248932390753 0.0260634101303 0.000578255532167 0.00709008798198 0.017378978559 0.0237994422493 -0.00400965150822 2.88927804657 -0.0101489016495 0.0283484480978 0.0192179261216 0.0492526544658 -0.0121685447915 -0.0492515923286 0.0418076669336 -0.0161174695387 0.0231318204883 
0.0228743585945 0.0232202745744 0.00679803472101 0.0501431901237 -0.00257353488789 0.0240142005227 0.0388232250441 0.00523165634528 0.0362376601024 0.0328638212988 0.0356907800566 0.0310867300072 0.0309998376678 0.0138344192357 0.0246710144996 0.0193030829328 0.00477733074365 0.0129962449846 0.0213248030626 -0.0195691577169 -0.00597756434242 -0.00789486690001 0.0260066339537 0.0263072300207 -0.00485313273241 0.0437751896373 0.0166803834139 0.0192960854182 0.00326901804988 0.0250952182672 0.0185386811826 0.0299517286699 0.00645583513176 0.017666332164 0.00240752857551 0.00997031308449 0.0172195774267 -0.00461944482716 0.0101200522696 0.00981719863115 -0.0101489016495 0.22208772481 0.00897735029364 0.0556382807564 0.0588400803545 0.0196759550356 0.0195402561307 -0.00793459385665 0.019701530475 0.0137659396197 
-0.00219889288089 0.0252083934772 0.00638316806889 0.0134407545792 0.0431119115099 -0.00644874695121 -0.00360319055521 0.0214853536313 0.01552883994 0.00813217823758 -0.0016933193086 0.0312443285562 0.00913338476685 0.0170785239821 0.0128029209108 0.0118442529141 0.0206712189189 -0.0145694604106 0.00559498998407 0.00487475316905 0.0292866013081 0.0133732405347 0.0504247408342 0.00621495539325 -0.00387784234092 -0.00667235042456 -0.00124805970304 0.0210092381082 0.00589876019087 0.0181333298561 0.0640333275811 0.0145811644275 0.00654689599753 -0.0210087537387 0.0133238677847 0.0257835278712 -0.00152785993863 0.0257482510213 -0.00820959408502 0.0245067627088 0.0283484480978 0.00897735029364 0.197828193183 0.0240942548185 -0.00541531213575 0.0206225120879 0.0162889300923 0.0182311841871 0.0170823900491 0.00933108589442 
0.01269387967 0.0313570436372 0.00336214317312 0.00871588463979 0.0194707266886 -0.00261702284479 0.0194781729978 -0.00655284779528 0.0413887292281 0.0205056210817 -0.00227920595193 0.000133761099465 0.041702574684 0.0194919814251 -0.00436895668169 0.0284584440501 -0.0035369050177 0.020716486275 0.0199008358061 -0.0282699670727 -0.0152005654935 0.0497721167319 0.0149190055804 0.000969005377169 0.0099892644752 0.00520146946109 0.018362421811 0.016763169085 0.0153184587112 0.0224417252878 0.0349607042443 0.0267970813137 -0.000474462292524 0.00780219025275 0.00639480158853 0.0622604315108 0.00819842627944 0.00181477438849 0.0320867936827 0.010899264761 0.0192179261216 0.0556382807564 0.0240942548185 0.341025856368 0.0466674441812 0.00920678491098 -0.010736720416 0.0321266007589 0.0297652849611 0.0148402982452 
-0.00454065124098 0.0516922778306 0.0090266910501 0.0768889333662 0.0548261936223 0.0415731253747 0.0630890657602 0.035485744827 0.0876940432528 0.0571403805151 0.0445188918564 0.0400265601435 0.11004925344 0.0431200879745 0.0505185418847 0.0642730237292 0.000932570252559 0.0416197515609 0.0336185077654 0.0159806079039 0.0527736233436 0.0470630602754 0.0714818011582 0.0379152239758 0.00782600223578 0.0741765464555 -0.00352115064212 0.0630176713123 0.0195636988392 0.0196324481464 0.00263152622748 0.0297636633814 0.0193578167614 -0.0217032325803 0.0196138096295 0.0385377346925 0.0210894112623 0.0241727794022 -0.000142105673999 -0.00982983290426 0.0492526544658 0.0588400803545 -0.00541531213575 0.0466674441812 0.472825824739 0.0273423634921 0.0289821140176 0.0106604521306 0.0338870364074 0.0137101561387 
0.00660115500777 0.00317838198499 0.0114829685199 0.0328599727953 0.00418767389021 0.0136680455278 0.0136391584259 0.00419555864284 0.00938280402839 0.0290837850015 -0.00535735706261 0.0478859015747 0.0255478233627 0.0209151141386 0.00247802060194 0.0484719496964 -0.00625634507772 0.0212136676744 0.00257914921394 0.0136911256478 -0.0169439321711 0.0344237105485 -0.00420230369992 0.00746565067087 0.00861751562237 0.00647960710799 0.00352199534676 0.0165739006171 -0.00569084212747 -0.00499751315837 0.0019256765388 0.016038994403 0.0134405959927 0.0776551649076 0.0123329234941 0.00953564590055 -0.00631550177046 0.0358215737293 -0.00521487883931 0.0258318178416 -0.0121685447915 0.0196759550356 0.0206225120879 0.00920678491098 0.0273423634921 0.221599620051 -0.000857839456385 0.0124527509183 0.0548195255678 0.0169968505617 
0.00465252594088 0.00477640240708 0.0152471313969 -0.0104312071924 -0.00535280011927 0.00902592151523 0.0355311966845 -0.0227691146115 0.0344868745081 0.0237836378838 -0.00680941592037 0.00299910085567 0.038146211156 0.0302797558284 0.0141978918399 0.0324826946214 0.0101916334936 -0.00329305620498 0.0471849476494 -0.00198867941088 -0.0172930914298 0.0364886201228 0.00274545550045 0.00315798081835 -0.0164660195174 0.0138670562405 -0.00604341301084 0.0160915541781 0.0121335761788 -0.0397295857172 0.00418115529833 0.0218178826983 0.00283803401482 -0.010441006714 -0.00118171810499 0.00143671480918 0.0174252733241 0.0345525473227 -0.00540599165538 0.0206686600638 -0.0492515923286 0.0195402561307 0.0162889300923 -0.010736720416 0.0289821140176 -0.000857839456386 0.365053749672 0.0275778224724 0.024361330516 0.0406826909256 
