50
0.0716337087719 0.259768981863 0.0331605059077 0.0370780174455 0.0070666509449 0.0566217234647 0.0493961611292 0.0181340887913 0.00851722536111 0.176756138136 0.080702843163 0.0649337142294 0.0524263551757 0.171372180847 0.0541634245192 0.0662185328213 0.0436793340255 0.20394989535 0.0373342989671 0.0907505897935 0.0415474718814 0.0998681056981 0.0132966740539 0.0430779984078 -0.00773505516991 -0.00139328324831 0.00265371642944 0.0797862135264 0.168192385625 0.0905831054983 0.00610402508206 0.105904751354 0.110578936942 0.187838769987 0.110955558587 0.0262084488718 0.100220943784 0.0749299903321 0.0916609470377 0.0584521455196 0.00413185853021 0.0170349265424 0.085684238521 0.0466490289559 0.0402434153999 0.0785253906611 0.0637259516476 0.101801748802 -0.00305157485537 0.046041615311 
0.182907900859 0.0127450012205 0.00447836614406 0.013179782543 0.00148592820232 0.0166706416085 0.00527801682144 0.0129139135916 0.00456572167671 0.0119379053551 -0.00458325213387 0.00411751995111 0.01339891351 0.0174228950183 0.00564771966491 0.00209277062976 0.00374472188264 -0.0101656657641 0.0136363071781 0.0060711069316 0.00177862555282 0.0125339539914 0.00585410531562 0.00607557929571 0.00962864661768 0.0174240229613 0.00819055368806 0.0197796129998 0.00858492751004 -0.00412931524524 0.00765649043162 0.023395530273 -0.00890066919685 0.00797577326507 0.0142011247557 0.00497588712263 0.00970745877564 0.0329895197799 0.00700086052892 -0.00122426233148 0.0117671571531 0.0183511157561 0.0132399480949 0.00458196841994 0.011726837771 0.0262006845149 0.0135475400278 0.000148966120053 0.00818982263043 0.0194985876688 
0.0127450012205 0.597753001291 0.0235670262159 0.0460128990161 0.0136186751585 0.0174861975958 0.00197704026681 0.0207984254267 0.0102340128824 0.0165286328667 0.00992474759709 0.0391021410899 -0.00087935846132 0.052731536019 0.0439073663663 0.0445878406664 -0.00221632290767 0.0466486978425 -0.00253613284813 0.0278401647193 0.0123027202378 0.0573147350074 -0.00165292097063 0.0400820088032 0.00957607004538 -0.0013324780691 -0.0177695318429 0.00355283737612 0.00114909580352 0.0115913141051 0.02354153075 0.036250795298 -0.0169918341557 0.0666949105433 -0.00884097157152 0.0319702704391 0.114755937065 0.00717316995544 0.048775690384 0.0199791813629 0.0141964219379 0.0230299682876 0.0123099667967 0.0218619502844 0.00689974537335 0.0183901026653 0.0270390894454 0.0439295121538 0.0106114002525 0.0347434818339 
0.00447836614406 0.0235670262159 0.149544540904 0.0236799180425 0.00466435930778 0.021301006758 0.0105293867001 0.0150325091368 0.00494187176997 0.0268766456132 0.0161052828104 0.0192213788889 -0.00524978206077 0.0200445517595 0.000547464707341 0.00179656627417 0.0253551754891 0.00851703258236 0.0370026027888 0.00138904363243 0.0100460787306 0.0138554958904 0.00303623715179 0.00523158851938 0.0240687201172 0.00470791072664 -0.000871937720159 0.0300439529517 0.00587388464755 0.0213773197027 0.0119648380856 0.0105474679613 -0.00893339460498 0.0338606218017 0.0143620647501 0.00755740946951 0.0162838743995 0.0248262247365 -0.0101624901991 0.00903137301107 0.0326895636429 0.0120148494271 -0.00569381686732 0.00733354494731 0.0138481592644 0.0111825236551 0.0135520203323 0.00870744142838 -0.00106933289001 0.0149341364079 
0.013179782543 0.0460128990161 0.0236799180425 0.182435896475 -0.00101938885926 0.015502179019 -0.011159004511 0.0220800753857 0.0163890862847 -0.0156584888722 -0.000481901344318 0.0287159755041 -0.00311838978519 0.0160286142111 0.027160825927 0.0222022354984 0.0278254331483 -0.0133717914106 0.00934978452734 0.00747423301231 0.019146202165 -0.0109576260101 0.0211128984302 0.0258618196515 0.0191688751706 0.0139152259445 0.0136443600916 0.0358846091849 -0.00731561128641 0.0280164726616 0.0142202336058 0.0171791498777 -0.00895218052882 0.0109974908532 -0.0030681298278 0.0147842218516 0.0320815587138 0.0303820991119 0.0063728416896 0.0183706810488 0.00409340368462 0.0212980653189 0.0245990126556 0.0110774008254 0.0171769670975 0.0250614272932 0.00588603922109 0.000914408207958 0.00518190846716 0.0475941138392 
0.00148592820232 0.0136186751585 0.00466435930778 -0.00101938885926 0.177871263446 0.00584627980241 0.00398755054853 -0.020829264495 0.0244054691692 0.0102277760246 0.00603805977629 0.0116300809465 0.00474074700052 0.00867098900785 0.00690866349524 -0.00944834942507 0.00981741013433 0.00105221765916 -0.0113977582609 0.00633121715841 0.017564762068 0.00434682223061 0.0105651550382 0.00739018835018 0.00147451376953 0.0140431277677 0.00381664847944 0.0042245961893 0.0123066460483 0.00906479852755 -0.00835009734246 0.0130219178478 0.0251609733202 0.00311674691371 0.0226295400186 -0.00606204540499 0.000166363746409 0.0266098090027 0.00359684276025 0.0052594959517 -0.00328236743258 0.004194811835 0.0211212546866 0.0182601448672 0.0113105628804 0.0149008077871 -0.000278397370102 0.00649092879716 0.0113769829746 0.00412608494803 
0.0166706416085 0.0174861975958 0.021301006758 0.015502179019 0.00584627980241 0.165261260446 0.0064813710992 0.0493232143749 0.0346130201077 0.0187766183309 0.0295775044255 0.0331856368414 0.0166821979825 0.0247930160585 0.0173970466666 0.0120997779773 0.0331045197753 0.0198539741195 0.0491359406403 0.0219176348302 0.0143194360526 0.0352819105221 0.00170208965011 0.0103487733739 0.0171448682311 -0.0025377567772 0.00801729365132 0.00485630416964 0.0302948223052 0.014726754279 0.0217746142603 0.0192957247454 -0.00105294916382 0.0447552061843 0.0423086344718 0.0433438020735 0.0474580964825 0.0196755161171 -0.00671375981692 0.0204154085735 0.0227536422408 0.0240287256222 0.0130292801107 0.0182348732441 0.00502552030194 0.0377416923999 0.0260484992871 0.0105160007612 0.0216504104021 0.0408082912628 
0.00527801682144 0.00197704026681 0.0105293867001 -0.011159004511 0.00398755054853 0.0064813710992 0.389073996724 0.0236716174796 0.0182965152799 0.00989947217806 -0.00423573283587 -0.000447174551653 0.0220402443599 0.0207602863707 0.00885409866638 0.00980791871444 0.00262382867477 -0.00232612336125 0.0162235497889 0.0131228139536 -0.00336719665708 0.0325370278718 0.0309285595613 0.00620189278714 0.00503762839091 0.0225859878639 -0.0187212189281 0.000990597513925 -0.00543022644517 0.023480975106 0.0213718571262 -0.0111889051856 0.00251342681318 -0.0189059002925 -0.00109214080896 0.00515380286762 -0.014089565177 0.0916156771407 0.0112651201421 -0.0062975320713 0.0164759369304 0.00512101568007 -0.0130399764739 0.018709159868 0.00593864265599 0.00159416218233 0.00699577815738 0.144626944068 0.0266961071794 -0.00145676400895 
0.0129139135916 0.0207984254267 0.0150325091368 0.0220800753857 -0.020829264495 0.0493232143749 0.0236716174796 0.27568001615 0.0044795810025 0.0144679291927 0.0230248162866 0.00568694009529 -0.00882995500287 0.0301156747155 0.00344959301527 0.00109353486647 0.0201127092035 0.013776626651 0.039956229638 0.0185492914433 0.0204747681697 0.00474275994562 0.00238296505585 0.00354684628557 0.0329980103772 0.00998617944705 0.0158339965105 0.00936985330462 0.0221730155239 0.0221803790239 0.0441565348936 0.0089570986817 0.00723014351667 -0.00773657199855 -0.00184119268705 0.0516105648326 -0.0245768630393 0.0347280678413 0.0183705168289 0.0017821250743 0.0453820540345 0.00731324598706 0.0195835433764 0.000899740021277 0.0043049368789 0.0382100292962 0.0209849978219 0.0371245205552 0.0249355100293 0.0497576374305 
0.0045657216767 0.0102340128824 0.00494187176997 0.0163890862847 0.0244054691692 0.0346130201077 0.0182965152799 0.0044795810025 0.142969667546 0.0138985457219 0.0142870428258 0.0114070994343 0.0102379210689 0.0178629892494 0.0130211775275 0.0101194285233 0.0194249114171 0.0134652234311 0.0245381189085 0.0134155755074 0.0324878313182 0.0280898148323 0.0225288487083 0.0149826365644 0.0245395213002 0.00836195926211 -0.00502598343376 0.00999439940767 0.00505879376223 0.021155915362 0.0176112971874 0.0178370521737 0.0023113402786 0.00600369702061 0.0159916742587 0.0235166178962 -0.0037210444254 0.0175460477643 0.00542771788768 0.023359371304 0.0176797682734 0.0227429155718 0.0142305419132 0.00776668740877 0.0167428273517 0.0111300087195 0.0177867888435 0.0117552982732 -0.0018978627884 0.0186324058558 
0.0119379053551 0.0165286328667 0.0268766456132 -0.0156584888722 0.0102277760246 0.0187766183309 0.00989947217806 0.0144679291927 0.0138985457219 1.48223905615 0.0178096960266 -0.0319510438378 0.0019177714532 -0.00227053565032 -0.0136815272067 0.0106584421467 0.0373108410942 0.0338638439643 0.0304107370198 0.064107858502 0.00951444622893 0.0774852108552 -0.0276130781701 0.00839900272302 0.00219414410377 -0.024857786284 -0.00841340287904 0.0577530810651 0.0418868674452 -0.00979595918227 0.0155238156464 0.0029395652017 0.0885704412399 0.0434858133504 0.0135041002434 0.0338276345256 -0.0222598644236 0.0110863365299 -0.00742684966134 -0.00477698825638 0.0182956469579 0.00197105707246 0.0318183679252 0.0426598686012 0.00327333226859 0.00929211073055 0.00944311318553 -0.000266016927809 0.0152435676255 0.0307055579244 
-0.00458325213387 0.00992474759709 0.0161052828104 -0.000481901344318 0.00603805977629 0.0295775044255 -0.00423573283587 0.0230248162866 0.0142870428258 0.0178096960266 0.387882990139 0.036702366954 0.0378991741366 0.172938862589 -0.00966634284461 0.00179190968527 0.0281357831218 0.127731533585 0.0154460339363 -0.00494970532991 -0.000612672605082 0.0221765162039 -0.00315975171431 0.00167811418331 0.000148837963821 0.00141804631299 0.0132353016152 -0.00477703398495 0.0437917052893 0.00305538061651 -0.0200465124093 -0.0110510748637 0.0208992431895 0.121629696299 -0.00248895501097 -0.012230371457 0.00960463908352 0.00880176806678 0.0157628488646 0.00290750101731 0.0241357099144 -0.00879674790047 0.025381791791 -0.0154408284333 -0.0127666064516 0.0204679416079 0.00884067109624 -0.00122723588993 -0.00713476945086 0.00873042194031 
0.00411751995111 0.0391021410899 0.0192213788889 0.0287159755041 0.0116300809465 0.0331856368414 -0.000447174551653 0.00568694009529 0.0114070994343 -0.0319510438378 0.036702366954 0.167581900313 0.020834460089 0.0378598651898 0.0187155356734 0.0219005053533 0.0194372518049 0.0558622475904 0.0212930217697 0.0369617941432 0.0293673948944 0.0159184185737 0.0193263934343 0.0138828724841 0.0152141474958 0.0152067023397 0.0247554687451 0.0270354893129 0.0182404896302 0.0122929121652 0.0101627963875 0.0183466974578 0.000975440839077 0.0358109393336 0.0102657166948 0.0149924074394 0.0585742702937 0.0205153038028 0.0107476922997 -0.00483695417744 0.0273888819617 0.0179510312894 0.0262410094901 0.0131572500267 0.0233924456619 0.0343208589137 0.0226763417623 0.0182103031504 0.0213652560482 0.0265753363271 
0.01339891351 -0.00087935846132 -0.00524978206077 -0.00311838978519 0.00474074700052 0.0166821979825 0.0220402443599 -0.00882995500287 0.0102379210689 0.0019177714532 0.0378991741366 0.020834460089 0.282037084657 -0.00546317106207 -0.00665453641695 0.0519763955695 0.00731468755818 -0.00122965004828 -0.00571414363921 0.00647389395602 0.0138964632325 0.105140565968 0.0208179106701 0.0185213180085 0.00548257808098 0.0124521422708 0.00593510410711 0.0159455975987 -0.000426268497342 -0.00299051803501 0.00444973423522 0.0216212195866 0.0495176568396 -0.00565051480665 0.033943173464 -0.0243842011667 -0.00569208728668 0.00912451570924 0.0260394512287 0.0154468722886 0.0163911915475 -0.000184262098161 0.0358286561954 0.0131913000586 0.00993634423638 0.0280851414167 0.0108245827203 0.0164657759473 0.024437487487 0.0112722793615 
0.0174228950183 0.052731536019 0.0200445517595 0.0160286142111 0.00867098900785 0.0247930160585 0.0207602863707 0.0301156747155 0.0178629892494 -0.00227053565032 0.172938862589 0.0378598651898 -0.00546317106207 0.535890701434 -0.00693697072581 0.00857941167923 0.0592884556709 0.139504257014 0.0470174573477 -0.0206633073077 -0.00243140536841 -0.00983389615717 -0.00274179758092 -0.0249077627983 0.0339946127978 0.0265998288005 0.00901212080923 0.00282355693753 -0.0143356652104 0.0406049677386 0.0096800368197 0.0213200646325 0.0111745599391 0.224068754942 -0.0166095913054 0.0301199762443 -0.0127733066903 0.0493877918585 0.00651402404632 0.0274057619128 0.0481750924668 -0.000234015459682 0.007188844762 -0.0101612119357 -0.0132079633762 -0.00737150550035 0.0249011555255 0.0450422473589 -0.000576462738627 0.0037573263601 
0.00564771966491 0.0439073663663 0.000547464707341 0.027160825927 0.00690866349524 0.0173970466666 0.00885409866638 0.00344959301527 0.0130211775275 -0.0136815272067 -0.00966634284461 0.0187155356734 -0.00665453641695 -0.00693697072581 0.305495195957 0.0119708698099 -0.0222706116849 -0.0237855817809 -0.00680026050695 0.0230960208454 0.0210539971022 0.0299562209384 0.0245706704874 0.0400105118755 -0.0105471720585 0.000890660466681 -0.014790719331 0.0102158029414 0.00274560038801 0.0132604484316 -0.00161299346378 0.0121376425416 -0.00304473199422 0.0129600295184 -0.00223232809343 0.003866253788 0.000580362326819 0.0516559948294 0.00454956723311 0.0198807294942 0.00497786761457 0.035204713907 0.00947802890588 0.0177586539286 0.0102837668633 8.08223678051e-05 0.0125585050721 -0.00739787448865 0.00373846787134 0.0153657023287 
0.00209277062976 0.0445878406664 0.00179656627417 0.0222022354984 -0.00944834942507 0.0120997779773 0.00980791871444 0.00109353486647 0.0101194285233 0.0106584421467 0.00179190968527 0.0219005053533 0.0519763955695 0.00857941167923 0.0119708698099 0.399375544806 -0.000481417558248 0.0426641016673 0.0171403580247 0.0036314632879 0.0264160655908 0.0258256860985 -0.00268210790709 -0.000867108857473 0.00894294924845 -0.00547232563091 0.0184205193109 0.00649626136931 0.0214810040564 0.034263073828 -0.0014766355142 0.0446700190045 -0.00425109375562 0.00521571282753 0.0125086224773 0.00167399021956 -0.0100426006395 0.0187408476216 0.0102258592302 0.010424908073 0.0205259802106 0.0120396033279 0.0136356592676 0.0321625717192 0.00691602600884 0.0324230505646 0.0180243818637 0.032562156241 0.00418310091557 0.0243473678101 
0.00374472188264 -0.00221632290767 0.0253551754891 0.0278254331483 0.00981741013433 0.0331045197753 0.00262382867477 0.0201127092035 0.0194249114171 0.0373108410942 0.0281357831218 0.0194372518049 0.00731468755818 0.0592884556709 -0.0222706116849 -0.000481417558248 0.193295370961 -0.00528592104673 0.0460701015628 0.0106234562953 0.0141065377658 0.00142131930394 -0.00873822446363 0.00766714395774 0.0364123158894 0.002762016888 0.00332399604413 0.0291211616628 -0.00220694014219 0.0225424748845 0.0139879316813 0.0225522371873 0.0181811696802 -0.00571649271588 -0.0018568711556 0.0284368761444 0.0218269109727 0.0137832139183 -0.0174548302654 0.0130618652265 0.0412853784685 0.0164785723599 0.019416628425 0.00966776494881 0.0108280088865 0.00613113341093 0.0123938789005 0.00848127488132 0.0187413642539 0.0217816137507 
-0.0101656657641 0.0466486978425 0.00851703258236 -0.0133717914106 0.00105221765916 0.0198539741195 -0.00232612336125 0.013776626651 0.0134652234311 0.0338638439643 0.127731533585 0.0558622475904 -0.00122965004828 0.139504257014 -0.0237855817809 0.0426641016673 -0.00528592104673 0.693578845204 0.032346081575 -0.0115787289076 0.0113598045028 0.021584752975 0.0115803967642 -0.00836012128164 0.00926751663159 0.0112743747799 -0.0183809977064 -0.00173179840287 -0.00155055320957 0.00786207335738 0.00450439378475 0.0481119561414 -0.000802799930064 0.276291558375 0.0141928839134 0.00712768248731 0.0159678293117 0.0125105884331 0.0191325441798 0.0150032158852 0.0306477658554 -0.0125429541093 -0.0153304666144 -0.0112909049111 0.00961561097136 0.0360350464279 0.0153305229583 0.0285643976234 0.00717294386408 -0.0199568177888 
0.0136363071781 -0.00253613284813 0.0370026027888 0.00934978452734 -0.0113977582609 0.0491359406403 0.0162235497889 0.039956229638 0.0245381189085 0.0304107370198 0.0154460339363 0.0212930217697 -0.00571414363921 0.0470174573477 -0.00680026050696 0.0171403580247 0.0460701015628 0.032346081575 0.246148905266 0.00204079831802 0.00814927060781 0.0244201915833 -0.0204381352057 -0.000722519760202 0.0394385916642 -0.00632899773013 0.00737417034737 0.020381039087 -0.00299821591172 0.0261842015827 0.0149489091045 0.0192605420492 0.00633972029635 0.0492637831128 0.00886837554603 0.0219387223256 0.0106362062357 0.0170481710948 0.0054736212394 0.00662726956327 0.0512545818444 0.00770572061831 -0.0130355820583 0.015787896204 0.0125584595419 0.00642673398054 0.0109444772547 0.0252625549602 0.0296785427996 0.0267026793231 
0.0060711069316 0.0278401647193 0.00138904363243 0.00747423301231 0.00633121715841 0.0219176348302 0.0131228139536 0.0185492914433 0.0134155755074 0.064107858502 -0.00494970532991 0.0369617941432 0.00647389395602 -0.0206633073077 0.0230960208454 0.0036314632879 0.0106234562953 -0.0115787289076 0.00204079831802 0.326226944053 0.0154244388523 0.0179395583628 -0.000223747410693 0.0294487904722 0.00465477108726 -0.00155731410942 -1.85451288141e-05 0.0178345706983 0.0359456312407 0.049929299937 0.0232554264418 0.0151687994964 -0.00888000043243 -0.0101105252352 0.0586313080447 0.0435453725704 0.0124954464722 -0.00307401052498 -0.0107583512874 0.0180722931218 0.0243464454972 0.0316340005046 0.0100877728972 0.00892557809476 0.0294072565858 -0.00689332696295 0.00706259400612 -0.0069080200691 0.00798580061514 0.0260194736861 
0.00177862555282 0.0123027202378 0.0100460787306 0.019146202165 0.017564762068 0.0143194360526 -0.00336719665708 0.0204747681697 0.0324878313182 0.00951444622893 -0.000612672605082 0.0293673948944 0.0138964632325 -0.00243140536841 0.0210539971022 0.0264160655908 0.0141065377658 0.0113598045028 0.00814927060781 0.0154244388523 0.180455553585 0.00488192345104 0.0234819739998 0.0154220653022 0.0190183909483 0.0182733175202 0.0120024008734 0.0057465656837 0.00376785197559 0.0218310990232 0.0119702243397 0.0190229351153 0.0212232721642 -0.000914519511242 0.0173050952036 0.0178681742277 0.00599650382031 0.0163463999583 -0.000786230887642 0.00333850835024 0.0191095606159 0.0122210445994 0.0149982252235 0.0105754039833 0.0239646190106 0.0293538915445 0.0159205227936 0.0141253487375 0.00921972362835 0.0279644653737 
0.0125339539914 0.0573147350074 0.0138554958903 -0.0109576260101 0.00434682223061 0.0352819105221 0.0325370278718 0.00474275994562 0.0280898148323 0.0774852108552 0.0221765162039 0.0159184185737 0.105140565968 -0.00983389615717 0.0299562209384 0.0258256860985 0.00142131930394 0.021584752975 0.0244201915833 0.0179395583628 0.00488192345104 0.383456243067 0.0223459822596 0.0442753581451 0.00999601505132 0.0204150777043 0.00209130520446 0.0225515811883 0.00608811010537 0.0174298847687 0.0260635770562 0.0182000671727 0.0715211591313 0.0091510996456 0.0405103913095 0.00688341242453 0.0178991239857 0.0565349569441 0.0143634165842 0.0184483430084 0.0278784141736 0.031713406936 0.0224493183667 0.0193178517523 0.00724577250131 0.0435630171024 0.0210617289652 0.0370120554042 0.0101881791384 0.0153050871175 
0.00585410531562 -0.00165292097063 0.00303623715179 0.0211128984302 0.0105651550382 0.00170208965011 0.0309285595613 0.00238296505585 0.0225288487083 -0.0276130781701 -0.00315975171431 0.0193263934343 0.0208179106701 -0.00274179758092 0.0245706704874 -0.00268210790709 -0.00873822446363 0.0115803967642 -0.0204381352057 -0.000223747410692 0.0234819739998 0.0223459822596 0.23509502085 0.0300429274448 0.00822415728312 0.0276089495121 -0.000842008453321 0.0275100433393 0.0144891823493 0.0246850683469 0.0235741268532 0.0047196445015 0.170661866337 -0.0161247867624 0.0138123629147 0.0178232219658 0.0133645243112 0.0422646085909 -0.00652602166239 0.00870793204858 -0.00431819805034 0.0214585668992 0.00911119014394 -0.00428700796222 0.0176623879411 0.0359227527376 -0.0108019627524 0.0293319208264 0.00691811466596 0.00550239841791 
0.00607557929571 0.0400820088032 0.00523158851938 0.0258618196515 0.00739018835018 0.0103487733739 0.00620189278714 0.00354684628557 0.0149826365644 0.00839900272302 0.00167811418331 0.0138828724841 0.0185213180085 -0.0249077627983 0.0400105118755 -0.000867108857473 0.00766714395774 -0.00836012128164 -0.000722519760202 0.0294487904722 0.0154220653022 0.0442753581451 0.0300429274448 0.319636429695 -0.00341745809173 0.0205472729335 -0.0159191462836 -0.0154242895889 -0.0164026707815 0.0100370742692 0.013942940782 0.00104140255626 -0.0239707486042 -0.0293266605581 0.00396582247621 0.0260429687508 0.0483789497167 0.0262987920189 -0.00256058525286 0.0120938363433 0.00996492204566 -0.00586490677674 0.0438227861795 0.0565954724421 0.014429913038 0.0249914964381 0.00114324518511 -0.0118371192394 0.0123925039617 0.0218676435629 
0.00962864661768 0.00957607004538 0.0240687201172 0.0191688751706 0.00147451376953 0.0171448682311 0.00503762839091 0.0329980103772 0.0245395213002 0.00219414410377 0.000148837963821 0.0152141474958 0.00548257808098 0.0339946127978 -0.0105471720585 0.00894294924845 0.0364123158894 0.00926751663159 0.0394385916642 0.00465477108726 0.0190183909483 0.00999601505132 0.00822415728312 -0.00341745809173 0.119288411712 0.00629411881118 6.53851811961e-05 0.0126542889854 0.0181604238162 0.00836122914682 0.0229540654446 0.0107651774406 0.00318858636701 0.0329480475989 0.0085852923414 0.0151580723429 -0.000137712960693 0.00642784270189 -0.00839076203938 0.0254134360022 0.0472664157888 0.0198855107495 0.00652298961605 -0.00727398122748 0.0137346040608 0.0200996904648 0.00488659345443 -0.000796739058923 0.0165811259972 0.00774445055584 
0.0174240229613 -0.0013324780691 0.00470791072664 0.0139152259445 0.0140431277677 -0.0025377567772 0.0225859878639 0.00998617944705 0.00836195926211 -0.024857786284 0.00141804631299 0.0152067023397 0.0124521422708 0.0265998288005 0.000890660466681 -0.00547232563091 0.002762016888 0.0112743747799 -0.00632899773013 -0.00155731410942 0.0182733175202 0.0204150777043 0.0276089495121 0.0205472729335 0.00629411881118 0.360812714263 0.00650725499681 0.00273567237474 -0.00601579509488 0.0243758834266 0.00156225619847 0.0311277258288 0.0145959670263 0.0211310505687 0.0247832847822 0.00866436374535 0.0201016955336 0.0409103346301 0.00515695571433 0.0337470511505 0.00752175666409 0.0147547677132 0.0335740672262 0.00576670317229 0.014143495736 0.0211240497541 0.0120789414389 0.0106778160117 0.0176590045138 0.0244229451982 
0.00819055368806 -0.0177695318429 -0.000871937720159 0.0136443600916 0.00381664847944 0.00801729365132 -0.0187212189281 0.0158339965105 -0.00502598343376 -0.00841340287904 0.0132353016152 0.0247554687451 0.00593510410711 0.00901212080923 -0.014790719331 0.0184205193109 0.00332399604413 -0.0183809977064 0.00737417034737 -1.85451288142e-05 0.0120024008734 0.00209130520446 -0.000842008453321 -0.0159191462836 6.53851811961e-05 0.00650725499681 0.188924713745 0.0194084642401 0.133487566191 0.0223356955511 0.00852749187479 0.00570708570274 0.0279658522223 -0.0167252445325 0.0587375723645 0.0040714386616 -0.00416607267755 0.000468661400748 0.025873145869 0.00666624152795 -0.00279584498398 0.00622884645594 -0.00217539006191 0.0192350180722 -0.00123270466975 0.00714166377421 0.0142532250922 -0.000103938895656 0.00793919697896 0.0177703729033 
0.0197796129998 0.00355283737612 0.0300439529517 0.0358846091849 0.0042245961893 0.00485630416964 0.000990597513925 0.00936985330462 0.00999439940767 0.0577530810651 -0.00477703398495 0.0270354893129 0.0159455975987 0.00282355693753 0.0102158029414 0.00649626136931 0.0291211616628 -0.00173179840287 0.020381039087 0.0178345706983 0.0057465656837 0.0225515811883 0.0275100433393 -0.0154242895889 0.0126542889854 0.00273567237474 0.0194084642401 0.222128095031 0.00366470846262 0.00141294017724 0.0353073955642 0.0257959868239 0.0368908105762 -0.0262830390269 0.0488483837681 0.024704640744 0.00326262812653 0.0210097984649 0.00332118086031 0.010137493878 0.0201417754922 0.0337182490999 0.019694653027 0.0190680382398 0.00812360739933 0.0400390020951 0.00287973716908 0.0126130465199 0.0106492914998 0.0373999988452 
0.00858492751004 0.00114909580353 0.00587388464755 -0.00731561128641 0.0123066460483 0.0302948223052 -0.00543022644517 0.0221730155239 0.00505879376223 0.0418868674452 0.0437917052893 0.0182404896302 -0.000426268497342 -0.0143356652104 0.00274560038801 0.0214810040564 -0.00220694014219 -0.00155055320957 -0.00299821591172 0.0359456312407 0.00376785197559 0.00608811010537 0.0144891823493 -0.0164026707815 0.0181604238162 -0.00601579509488 0.133487566191 0.00366470846262 0.698873446846 -0.00736897604203 0.00622512330111 0.0156110015264 -0.00228717677813 0.0173154060757 0.00640101398246 -0.00980345821622 -0.03159082926 0.017274442052 -0.0294042891449 -0.0133238853418 0.0143581350951 0.0168215326863 0.00905030114762 0.044604671196 -0.00197207638197 0.0158122033904 0.0211231049238 -0.00370597263238 -0.00867775327792 0.0132352250605 
-0.00412931524524 0.0115913141051 0.0213773197027 0.0280164726616 0.00906479852755 0.014726754279 0.023480975106 0.0221803790239 0.021155915362 -0.00979595918227 0.00305538061651 0.0122929121652 -0.00299051803501 0.0406049677386 0.0132604484316 0.034263073828 0.0225424748845 0.00786207335738 0.0261842015827 0.049929299937 0.0218310990232 0.0174298847687 0.0246850683469 0.0100370742692 0.00836122914682 0.0243758834266 0.0223356955511 0.00141294017724 -0.00736897604203 0.313010516408 0.0248555925566 0.0234151127225 -0.00226446312465 0.0101693745095 0.0263107662347 0.0095417230716 0.00917218935942 0.0212098410255 -0.00311013998697 0.00443085368337 0.0160290216609 0.0106827741363 0.00239483753919 0.0250874027684 0.0167310820681 0.00392115275802 0.0118234286374 0.0177255024705 0.0220253331513 0.0168172748621 
0.00765649043162 0.02354153075 0.0119648380856 0.0142202336058 -0.00835009734246 0.0217746142603 0.0213718571262 0.0441565348936 0.0176112971874 0.0155238156464 -0.0200465124093 0.0101627963875 0.00444973423522 0.0096800368197 -0.00161299346378 -0.0014766355142 0.0139879316813 0.00450439378475 0.0149489091045 0.0232554264418 0.0119702243397 0.0260635770562 0.0235741268532 0.013942940782 0.0229540654446 0.00156225619847 0.00852749187479 0.0353073955642 0.00622512330111 0.0248555925566 0.166483953998 0.0168131078904 0.0204470065416 0.015825284505 0.0465276721333 0.040902394448 0.0137652066655 0.00544259408026 0.00653996827211 0.040337905766 0.00687301008945 0.027434914491 -0.00547879271435 0.0209928724895 0.0128075622685 0.0199160894587 0.00225442587807 0.000769538910968 0.0200044912827 0.00987583037176 
0.023395530273 0.036250795298 0.0105474679613 0.0171791498777 0.0130219178478 0.0192957247454 -0.0111889051856 0.0089570986817 0.0178370521737 0.0029395652017 -0.0110510748637 0.0183466974578 0.0216212195866 0.0213200646325 0.0121376425416 0.0446700190045 0.0225522371873 0.0481119561414 0.0192605420492 0.0151687994964 0.0190229351153 0.0182000671727 0.0047196445015 0.00104140255626 0.0107651774406 0.0311277258288 0.00570708570274 0.0257959868239 0.0156110015264 0.0234151127225 0.0168131078904 0.413936827882 0.0225281791184 -0.00578994987562 0.015417590463 0.0460599761378 0.0399584963462 -0.00104847610715 0.00418752201754 0.0201686855883 -0.00502767786246 0.0270860848512 0.00808230644757 0.00866364593016 0.0112501702469 0.0268900709778 0.0126927495447 0.0365817454128 0.0229267970864 0.0158266990627 
-0.00890066919685 -0.0169918341557 -0.00893339460498 -0.00895218052882 0.0251609733202 -0.00105294916382 0.00251342681318 0.00723014351667 0.0023113402786 0.0885704412399 0.0208992431895 0.000975440839077 0.0495176568396 0.0111745599391 -0.00304473199422 -0.00425109375562 0.0181811696802 -0.000802799930064 0.00633972029635 -0.00888000043243 0.0212232721642 0.0715211591313 0.170661866337 -0.0239707486042 0.00318858636701 0.0145959670263 0.0279658522223 0.0368908105762 -0.00228717677813 -0.00226446312465 0.0204470065416 0.0225281791184 0.815648825685 0.0253036479632 0.0240804567036 0.0172043946879 0.0357944337023 0.0188000854369 0.0396997048499 0.0409217275438 0.0052167256146 0.0215448859006 0.0140264324949 0.00390256922571 0.0263624407861 0.0161055412581 0.0322352981768 0.0691079602798 0.000535303011455 0.0133170152756 
0.00797577326507 0.0666949105433 0.0338606218016 0.0109974908531 0.00311674691371 0.0447552061843 -0.0189059002925 -0.00773657199855 0.00600369702061 0.0434858133504 0.121629696299 0.0358109393336 -0.00565051480665 0.224068754942 0.0129600295184 0.00521571282753 -0.00571649271588 0.276291558375 0.0492637831128 -0.0101105252352 -0.000914519511242 0.0091510996456 -0.0161247867624 -0.0293266605581 0.0329480475989 0.0211310505687 -0.0167252445325 -0.0262830390269 0.0173154060757 0.0101693745095 0.015825284505 -0.00578994987562 0.0253036479632 0.53158213078 0.000592098511352 0.028548115384 0.0404766994374 0.00365303888198 0.0396052632999 0.0357782258366 0.0247321417465 0.0196425321422 0.00229314301874 -0.00696175786428 -0.0114619553257 0.00240088693253 0.00708647213138 0.0189918944378 0.000105031550544 0.0178001800295 
0.0142011247557 -0.00884097157152 0.0143620647501 -0.0030681298278 0.0226295400186 0.0423086344718 -0.00109214080896 -0.00184119268705 0.0159916742587 0.0135041002434 -0.00248895501097 0.0102657166948 0.033943173464 -0.0166095913054 -0.00223232809343 0.0125086224773 -0.0018568711556 0.0141928839134 0.00886837554603 0.0586313080447 0.0173050952036 0.0405103913095 0.0138123629147 0.00396582247621 0.0085852923414 0.0247832847822 0.0587375723645 0.0488483837681 0.00640101398246 0.0263107662347 0.0465276721333 0.015417590463 0.0240804567036 0.000592098511352 0.479885061559 0.00889625820836 0.0416108574767 -0.00733232046021 0.00129792919411 0.0371434392408 0.00817556272882 0.0101795409371 0.053398248065 0.0455416056256 0.0167830005915 -0.0050698156679 0.00593225378438 0.0140943790865 0.0250029899631 0.0276177796824 
0.00497588712263 0.0319702704391 0.00755740946951 0.0147842218516 -0.00606204540499 0.0433438020735 0.00515380286762 0.0516105648326 0.0235166178962 0.0338276345256 -0.012230371457 0.0149924074394 -0.0243842011667 0.0301199762443 0.003866253788 0.00167399021956 0.0284368761444 0.00712768248731 0.0219387223256 0.0435453725704 0.0178681742277 0.00688341242453 0.0178232219658 0.0260429687508 0.0151580723429 0.00866436374535 0.0040714386616 0.024704640744 -0.00980345821622 0.0095417230716 0.040902394448 0.0460599761378 0.0172043946879 0.028548115384 0.00889625820836 0.307811726935 0.0199797457374 0.0258839656091 0.0531164265081 0.0492280780096 -0.00371129218206 0.0207067025983 -0.000854028743813 0.0123506219127 0.0078909339574 0.0385548096671 0.0342158488476 -0.00245737205743 0.0314893009303 0.0431487062415 
0.00970745877564 0.114755937065 0.0162838743995 0.0320815587138 0.000166363746409 0.0474580964825 -0.014089565177 -0.0245768630393 -0.0037210444254 -0.0222598644236 0.00960463908352 0.0585742702937 -0.00569208728668 -0.0127733066903 0.000580362326819 -0.0100426006395 0.0218269109727 0.0159678293117 0.0106362062357 0.0124954464722 0.00599650382031 0.0178991239857 0.0133645243112 0.0483789497167 -0.000137712960692 0.0201016955336 -0.00416607267755 0.00326262812653 -0.03159082926 0.00917218935942 0.0137652066655 0.0399584963462 0.0357944337023 0.0404766994374 0.0416108574767 0.0199797457374 1.0966623873 0.025298311757 -0.00492147600823 0.147174971448 -0.00163273206422 0.00085576218424 0.02291579362 -0.0307114978344 0.00599013873854 -0.0192605752417 -0.00491673082956 0.0233673192504 0.0164082054515 0.012595305457 
0.0329895197799 0.00717316995544 0.0248262247365 0.0303820991118 0.0266098090027 0.0196755161171 0.0916156771407 0.0347280678413 0.0175460477643 0.0110863365299 0.00880176806678 0.0205153038028 0.00912451570924 0.0493877918585 0.0516559948294 0.0187408476216 0.0137832139183 0.0125105884331 0.0170481710948 -0.00307401052498 0.0163463999583 0.0565349569441 0.0422646085909 0.0262987920189 0.00642784270189 0.0409103346301 0.000468661400748 0.0210097984649 0.017274442052 0.0212098410255 0.00544259408026 -0.00104847610715 0.0188000854369 0.00365303888198 -0.00733232046021 0.0258839656091 0.025298311757 0.411090843587 0.0178446894656 -0.00990923749416 0.0149497510308 0.0254490969839 0.06519801444 0.0439693797015 0.0166059470375 0.0530086032852 0.0179527623699 0.0478016190957 0.0508721250522 0.00836526864376 
0.00700086052892 0.048775690384 -0.0101624901991 0.0063728416896 0.00359684276025 -0.00671375981692 0.0112651201421 0.0183705168289 0.00542771788768 -0.00742684966134 0.0157628488646 0.0107476922997 0.0260394512287 0.00651402404632 0.00454956723311 0.0102258592302 -0.0174548302654 0.0191325441798 0.0054736212394 -0.0107583512874 -0.000786230887642 0.0143634165842 -0.00652602166239 -0.00256058525286 -0.00839076203938 0.00515695571433 0.025873145869 0.00332118086031 -0.0294042891449 -0.00311013998697 0.00653996827211 0.00418752201754 0.0396997048499 0.0396052632999 0.00129792919411 0.0531164265081 -0.00492147600823 0.0178446894656 0.428884832859 0.0523937725999 0.00457504847487 -0.00644577083354 0.00653635933864 0.00127231986188 -0.0125769234806 0.00920027253346 0.0106187192208 -0.00239721080099 0.00171085493426 0.0167297032604 
-0.00122426233148 0.0199791813629 0.00903137301107 0.0183706810488 0.0052594959517 0.0204154085735 -0.0062975320713 0.0017821250743 0.023359371304 -0.00477698825638 0.00290750101731 -0.00483695417744 0.0154468722886 0.0274057619128 0.0198807294942 0.010424908073 0.0130618652265 0.0150032158852 0.00662726956327 0.0180722931218 0.00333850835024 0.0184483430084 0.00870793204858 0.0120938363433 0.0254134360022 0.0337470511505 0.00666624152795 0.010137493878 -0.0133238853418 0.00443085368337 0.040337905766 0.0201686855883 0.0409217275438 0.0357782258366 0.0371434392408 0.0492280780096 0.147174971448 -0.00990923749416 0.0523937725999 0.291176784697 0.00169286690126 0.016420861393 0.0183885468813 -0.00499233206264 0.00792850039052 0.0161242019049 0.0169216602198 0.020640358878 0.014983918122 0.000587300774751 
0.0117671571531 0.0141964219379 0.0326895636429 0.00409340368462 -0.00328236743258 0.0227536422408 0.0164759369304 0.0453820540345 0.0176797682734 0.0182956469579 0.0241357099144 0.0273888819617 0.0163911915475 0.0481750924668 0.00497786761457 0.0205259802106 0.0412853784685 0.0306477658554 0.0512545818444 0.0243464454972 0.0191095606159 0.0278784141736 -0.00431819805034 0.00996492204566 0.0472664157888 0.00752175666409 -0.00279584498398 0.0201417754922 0.0143581350951 0.0160290216609 0.00687301008945 -0.00502767786246 0.0052167256146 0.0247321417465 0.00817556272882 -0.00371129218206 -0.00163273206422 0.0149497510308 0.00457504847487 0.00169286690126 0.175338888902 0.0109401545874 0.00537070347434 0.010504205204 0.00657950772793 0.0165945695887 0.0212795990419 0.007554796636 0.00623750648045 0.00652570921664 
0.0183511157561 0.0230299682876 0.0120148494271 0.0212980653189 0.004194811835 0.0240287256222 0.00512101568007 0.00731324598706 0.0227429155718 0.00197105707246 -0.00879674790047 0.0179510312894 -0.000184262098161 -0.000234015459682 0.035204713907 0.0120396033279 0.0164785723599 -0.0125429541093 0.00770572061831 0.0316340005046 0.0122210445994 0.031713406936 0.0214585668992 -0.00586490677674 0.0198855107495 0.0147547677132 0.00622884645594 0.0337182490999 0.0168215326863 0.0106827741363 0.027434914491 0.0270860848512 0.0215448859006 0.0196425321422 0.0101795409371 0.0207067025983 0.00085576218424 0.0254490969839 -0.00644577083354 0.016420861393 0.0109401545874 0.195320363619 0.00669853397485 0.00761771676507 0.00734743300587 0.0147916803027 -0.00449254886034 0.0106529248224 -0.0121624306496 0.0346222277549 
0.0132399480949 0.0123099667967 -0.00569381686732 0.0245990126556 0.0211212546866 0.0130292801107 -0.0130399764739 0.0195835433764 0.0142305419132 0.0318183679252 0.025381791791 0.0262410094901 0.0358286561954 0.007188844762 0.00947802890588 0.0136356592676 0.019416628425 -0.0153304666144 -0.0130355820583 0.0100877728972 0.0149982252235 0.0224493183667 0.00911119014394 0.0438227861795 0.00652298961605 0.0335740672262 -0.00217539006191 0.019694653027 0.00905030114762 0.00239483753919 -0.00547879271435 0.00808230644757 0.0140264324949 0.00229314301874 0.053398248065 -0.000854028743813 0.02291579362 0.06519801444 0.00653635933864 0.0183885468813 0.00537070347434 0.00669853397485 0.462664075372 0.0180126237416 0.0107038525246 0.0250093164772 0.0161998053393 -0.00369745939532 0.0218226870825 -0.0129859253023 
0.00458196841993 0.0218619502844 0.00733354494731 0.0110774008254 0.0182601448672 0.0182348732441 0.018709159868 0.000899740021277 0.00776668740877 0.0426598686012 -0.0154408284333 0.0131572500267 0.0131913000586 -0.0101612119357 0.0177586539286 0.0321625717192 0.00966776494881 -0.0112909049111 0.015787896204 0.00892557809476 0.0105754039833 0.0193178517523 -0.00428700796222 0.0565954724421 -0.00727398122748 0.00576670317229 0.0192350180722 0.0190680382398 0.044604671196 0.0250874027684 0.0209928724895 0.00866364593016 0.00390256922571 -0.00696175786428 0.0455416056256 0.0123506219127 -0.0307114978344 0.0439693797015 0.00127231986188 -0.00499233206264 0.010504205204 0.00761771676507 0.0180126237416 0.217510633759 0.0193071833501 0.0242941387843 0.00835641533684 -0.0112993125892 0.00417162615206 0.0182459973186 
0.011726837771 0.00689974537335 0.0138481592644 0.0171769670975 0.0113105628804 0.00502552030194 0.00593864265599 0.0043049368789 0.0167428273517 0.00327333226859 -0.0127666064516 0.0233924456619 0.00993634423638 -0.0132079633762 0.0102837668633 0.00691602600884 0.0108280088865 0.00961561097136 0.0125584595419 0.0294072565858 0.0239646190106 0.00724577250131 0.0176623879411 0.014429913038 0.0137346040608 0.014143495736 -0.00123270466975 0.00812360739933 -0.00197207638197 0.0167310820681 0.0128075622685 0.0112501702469 0.0263624407861 -0.0114619553257 0.0167830005915 0.0078909339574 0.00599013873854 0.0166059470375 -0.0125769234806 0.00792850039052 0.00657950772793 0.00734743300587 0.0107038525246 0.0193071833501 0.130927757956 0.0220332757385 0.031018577505 0.0149511185842 0.00356640949079 0.0219788539651 
0.0262006845149 0.0183901026653 0.0111825236551 0.0250614272932 0.0149008077871 0.0377416923999 0.00159416218233 0.0382100292962 0.0111300087195 0.00929211073055 0.0204679416079 0.0343208589137 0.0280851414167 -0.00737150550035 8.08223678048e-05 0.0324230505646 0.00613113341093 0.0360350464279 0.00642673398053 -0.00689332696295 0.0293538915445 0.0435630171024 0.0359227527376 0.0249914964381 0.0200996904648 0.0211240497541 0.00714166377421 0.0400390020951 0.0158122033904 0.00392115275802 0.0199160894587 0.0268900709778 0.0161055412581 0.00240088693253 -0.0050698156679 0.0385548096671 -0.0192605752417 0.0530086032852 0.00920027253346 0.0161242019049 0.0165945695887 0.0147916803027 0.0250093164772 0.0242941387843 0.0220332757385 0.317917560652 0.00453642662188 -0.00375945337886 0.0353723702184 0.0224961996399 
0.0135475400278 0.0270390894454 0.0135520203323 0.00588603922109 -0.000278397370102 0.0260484992871 0.00699577815738 0.0209849978219 0.0177867888435 0.00944311318553 0.00884067109624 0.0226763417623 0.0108245827203 0.0249011555255 0.0125585050721 0.0180243818637 0.0123938789005 0.0153305229583 0.0109444772547 0.00706259400612 0.0159205227936 0.0210617289652 -0.0108019627524 0.00114324518511 0.00488659345443 0.0120789414389 0.0142532250922 0.00287973716908 0.0211231049238 0.0118234286374 0.00225442587807 0.0126927495447 0.0322352981768 0.00708647213138 0.00593225378438 0.0342158488476 -0.00491673082956 0.0179527623699 0.0106187192208 0.0169216602198 0.0212795990419 -0.00449254886034 0.0161998053393 0.00835641533684 0.031018577505 0.00453642662188 0.195758786753 0.00378486174129 0.0277409104668 0.0102518727552 
