20
0.0445346556631 0.0519302207626 0.0358419118375 0.0181340887913 0.0309991269713 0.0300114281637 0.0571686925308 0.09797045465 0.0966324757555 0.0360508970818 0.151477321577 0.170228010564 0.0136100125143 0.0170349265424 0.0170913584406 0.143828325424 0.00238062118955 0.0526772687529 -0.0148687542544 0.0749299903321 
0.62480216123 0.0254337184975 0.0175224110936 0.0238841133324 0.0633694144335 0.0284210691442 -0.0224841998657 0.014675703918 0.0371422959676 0.0343402023793 0.0397236467329 0.00706981792637 0.00307509884344 0.0161397638589 0.0466470129806 0.0346933991447 0.015107091603 0.033683988802 0.0309085686164 0.0160540461335 
0.0254337184975 0.277300981644 0.00620314879052 0.038449715802 -0.00304636314361 0.0418628073847 0.00353703319 -0.0179489956502 0.0104072060096 0.0236319724945 0.0532582931754 0.00813762425691 0.00745675235901 0.0180659968175 0.0292209025048 -0.00854993958573 0.0534709469302 0.0308611386004 0.0566816780131 0.0516715985593 
0.0175224110936 0.00620314879052 0.222738407943 0.0214022319405 0.0271318695577 0.0217997834699 0.0406879527007 -0.0106318024963 0.00673320328937 0.0278095911895 0.0614537097759 0.0177963431118 0.00962595713388 0.0156497882712 0.0127751885006 -0.00500434197155 0.0199498185858 0.0096087349564 0.00137251919519 0.0225731377251 
0.0238841133324 0.038449715802 0.0214022319405 0.300143058109 0.000429033785271 0.0132363713257 0.0260480129895 -0.00745053297651 0.0292308259566 0.0328515375395 0.0201148311753 0.0314462856464 0.0100035084277 0.0132954370242 0.0484721568639 -0.00558771488163 0.0339692579276 0.00220992358535 0.034792184779 0.0450619702813 
0.0633694144335 -0.00304636314361 0.0271318695577 0.000429033785271 0.484680289659 0.0227362700103 0.0164212604711 -0.0143868190619 0.00463610351309 0.00625817852449 0.0264385620385 0.0306797612567 0.0176852405502 0.013580958839 0.01237845918 0.0178554654762 0.0168109256111 0.00525276427216 0.00372858580261 0.0465786223617 
0.0284210691442 0.0418628073847 0.0217997834699 0.0132363713257 0.0227362700103 0.213838656206 0.0229576425483 0.0171552030185 0.0178527028709 0.0503050007659 0.0255308688622 0.00814833106888 0.0303938025497 0.0329333144757 0.0565426969185 0.00954633009987 0.0248888817004 0.0164650208254 0.023377330865 0.0164392004649 
-0.0224841998657 0.00353703319 0.0406879527007 0.0260480129895 0.0164212604711 0.0229576425483 0.32885355859 0.0384035704519 0.0632329329066 0.00503390092539 0.0207607218821 -0.0065948327493 0.0112293152908 0.0152392740955 0.0369428706966 0.175435755529 0.0102935588058 0.00456575743967 -0.00640085750619 0.0437209437372 
0.014675703918 -0.0179489956502 -0.0106318024963 -0.00745053297651 -0.0143868190619 0.0171552030185 0.0384035704519 0.959999092475 -0.0090545955675 0.0163519278026 0.0018053457426 0.0096348947087 0.0238270871318 0.0643125007502 0.00481755973149 0.118363553438 0.00307677866433 0.00542794545454 0.00272468776529 0.0196213788447 
0.0371422959676 0.0104072060096 0.00673320328937 0.0292308259566 0.00463610351309 0.0178527028709 0.0632329329066 -0.0090545955675 0.46925948076 0.0216110608445 0.0141149453419 0.0343857318439 0.0268238949829 0.0108763957139 0.0298494440041 0.0839596871137 0.021397214403 0.0235605186591 0.0129178202287 0.0651995172091 
0.0343402023793 0.0236319724945 0.0278095911895 0.0328515375395 0.00625817852449 0.0503050007659 0.00503390092539 0.0163519278026 0.0216110608445 0.191279084312 0.0134716612336 0.0141802454795 0.0092760472921 0.0308389962638 0.0639313007713 0.0162036033662 0.017870018771 0.0224804854245 0.0263263176579 0.0456570760907 
0.0397236467329 0.0532582931754 0.0614537097759 0.0201148311753 0.0264385620385 0.0255308688622 0.0207607218821 0.0018053457426 0.0141149453419 0.0134716612336 0.578026589081 0.00900817877766 0.00966959954485 0.00737351459208 0.0266370871607 -0.0152095216945 0.0386721646958 0.0619223039759 0.0248831803083 0.0145819103007 
0.00706981792637 0.00813762425691 0.0177963431118 0.0314462856464 0.0306797612567 0.00814833106888 -0.0065948327493 0.0096348947087 0.0343857318439 0.0141802454795 0.00900817877766 0.595208827119 -0.00789253792786 0.018773246992 0.030521883662 -0.0175206595078 0.00130907924212 0.0231683805804 0.00935505826029 0.0142016532451 
0.00307509884344 0.00745675235901 0.00962595713388 0.0100035084277 0.0176852405502 0.0303938025497 0.0112293152908 0.0238270871318 0.0268238949829 0.0092760472921 0.00966959954485 -0.00789253792786 0.163470332869 0.00551079621458 0.00353649186814 -0.00865681895449 0.0202993015982 0.0123219864745 0.0109456165916 -0.0021749592223 
0.0161397638589 0.0180659968175 0.0156497882712 0.0132954370242 0.013580958839 0.0329333144757 0.0152392740955 0.0643125007502 0.0108763957139 0.0308389962638 0.00737351459208 0.018773246992 0.00551079621458 0.201971415094 0.0474197440478 0.0144280079354 0.0275685727067 0.0189057825473 0.0180379373033 0.029653071937 
0.0466470129806 0.0292209025048 0.0127751885006 0.0484721568639 0.01237845918 0.0565426969185 0.0369428706966 0.00481755973149 0.0298494440041 0.0639313007713 0.0266370871607 0.030521883662 0.00353649186814 0.0474197440478 0.220066766402 0.0122342128102 0.01196326527 0.0234289874681 0.0231829041623 0.00260765740298 
0.0346933991447 -0.00854993958573 -0.00500434197155 -0.00558771488163 0.0178554654762 0.00954633009987 0.175435755529 0.118363553438 0.0839596871137 0.0162036033662 -0.0152095216945 -0.0175206595078 -0.00865681895449 0.0144280079354 0.0122342128102 0.562462533616 -0.00983785815886 -0.00439383388844 -0.00984794151974 0.0448543773358 
0.015107091603 0.0534709469302 0.0199498185858 0.0339692579276 0.0168109256111 0.0248888817004 0.0102935588058 0.00307677866433 0.021397214403 0.017870018771 0.0386721646958 0.00130907924212 0.0202993015982 0.0275685727067 0.01196326527 -0.00983785815886 0.128841402889 0.0187780585817 0.0437664168323 0.0177977719573 
0.033683988802 0.0308611386004 0.0096087349564 0.00220992358535 0.00525276427216 0.0164650208254 0.00456575743967 0.00542794545454 0.0235605186591 0.0224804854245 0.0619223039759 0.0231683805804 0.0123219864745 0.0189057825473 0.0234289874681 -0.00439383388844 0.0187780585817 0.25823344803 0.00626729136798 0.0163683536141 
0.0309085686164 0.0566816780131 0.00137251919519 0.034792184779 0.00372858580261 0.023377330865 -0.00640085750619 0.00272468776529 0.0129178202287 0.0263263176579 0.0248831803083 0.00935505826029 0.0109456165916 0.0180379373033 0.0231829041623 -0.00984794151974 0.0437664168323 0.00626729136798 0.153567773986 0.0204795024893 
0.0160540461335 0.0516715985593 0.0225731377251 0.0450619702813 0.0465786223617 0.0164392004649 0.0437209437372 0.0196213788447 0.0651995172091 0.0456570760907 0.0145819103007 0.0142016532451 -0.0021749592223 0.029653071937 0.00260765740298 0.0448543773358 0.0177977719573 0.0163683536141 0.0204795024893 0.441652111223 
0.0541094543965 0.00220262463316 0.00151748531426 0.00206842488928 0.00548795227223 0.00246133678816 -0.00194718882675 0.00127095324114 0.00321661718629 0.00297394876316 0.00344016872017 0.000612264192437 0.000266311371757 0.00139774455129 0.00403974982519 0.0030045365003 0.00130831251055 0.00291711900033 0.00267676056165 0.00139032117852 
0.00220262463316 0.0240149694598 0.000537208443605 0.00332984306528 -0.000263822787152 0.00362542546689 0.000306316059657 -0.00155442862055 0.000901290478675 0.00204658885218 0.00461230348521 0.000704738933294 0.000645773697263 0.00156456121887 0.00253060438906 -0.000740446488206 0.0046307198406 0.00267265300177 0.00490877730885 0.00447489170065 
0.00151748531426 0.000537208443604 0.0192897119678 0.00185348765581 0.00234968882892 0.00188791662819 0.00352368006668 -0.00092074110498 0.000583112509744 0.0024083812439 0.00532204738228 0.00154120852293 0.000833632341368 0.00135531142067 0.00110636377797 -0.000433388727659 0.00172770496962 0.000832140857048 0.000118863649022 0.0019548910713 
0.00206842488928 0.00332984306528 0.00185348765581 0.0259931513092 3.71554157127e-05 0.0011463033822 0.0022558240967 -0.000645235082939 0.0025314637852 0.00284502660626 0.00174199547906 0.00272332822244 0.000866329242534 0.00115141862174 0.00419781192204 -0.000483910303659 0.0029418240313 0.000191384996534 0.00301309158718 0.00390248110082 
0.00548795227223 -0.000263822787152 0.00234968882892 3.71554157127e-05 0.0419745443559 0.00196901874162 0.00142212287302 -0.00124593507873 0.000401498341691 0.000541974158363 0.00228964663649 0.00265694526304 0.00153158675885 0.00117614553624 0.00107200601096 0.00154632866988 0.00145586886403 0.000454902729978 0.000322905002525 0.00403382702385 
0.00246133678816 0.00362542546689 0.00188791662819 0.0011463033822 0.00196901874162 0.0185189708586 0.00198819016578 0.00148568416211 0.00154608942124 0.00435654086007 0.00221103810154 0.00070566617041 0.00263218051257 0.00285210869668 0.00489674119299 0.00082673643794 0.00215544038243 0.00142591263086 0.00202453624018 0.00142367652205 
-0.00194718882675 0.000306316059657 0.00352368006668 0.0022558240967 0.00142212287302 0.00198819016578 0.0284795535864 0.00332584676074 0.00547613262529 0.000435948608152 0.00179793125508 -0.00057112926946 0.000972487230892 0.00131975985019 0.00319934645119 0.015193182102 0.000891448342115 0.000395406193027 -0.000554330520636 0.00378634479538 
0.00127095324114 -0.00155442862055 -0.00092074110498 -0.000645235082939 -0.00124593507873 0.00148568416211 0.00332584676074 0.0831383601694 -0.000784150978245 0.00141611848779 0.00015634752757 0.000834406358053 0.00206348627544 0.00556962594306 0.000417212911172 0.0102505844159 0.000266456848513 0.000470073865399 0.000235964882213 0.00169926125368 
0.00321661718629 0.000901290478675 0.000583112509744 0.0025314637852 0.000401498341691 0.00154608942124 0.00547613262529 -0.000784150978245 0.0406390631305 0.0018715727694 0.00122239012391 0.00297789173046 0.00232301744836 0.000941923498983 0.00258503767964 0.00727112219343 0.00185305312432 0.00204040076851 0.00111871604796 0.00564644382175 
0.00297394876316 0.00204658885218 0.0024083812439 0.00284502660626 0.000541974158363 0.00435654086007 0.000435948608152 0.00141611848779 0.0018715727694 0.0165652546227 0.00116668008595 0.00122804528171 0.000803329260166 0.00267073541916 0.0055366130565 0.0014032732148 0.00154758902218 0.0019468671467 0.00227992598798 0.00395401877571 
0.00344016872017 0.00461230348521 0.00532204738228 0.00174199547906 0.00228964663649 0.00221103810154 0.00179793125508 0.00015634752757 0.00122239012391 0.00116668008595 0.0500585710207 0.000780131166328 0.000837411885027 0.000638565095191 0.0023068394164 -0.00131718321668 0.00334910770459 0.0053626288304 0.00215494662739 0.00126283047561 
0.000612264192437 0.000704738933294 0.00154120852293 0.00272332822244 0.00265694526304 0.00070566617041 -0.00057112926946 0.000834406358053 0.00297789173046 0.00122804528171 0.000780131166328 0.0515465964842 -0.000683513834586 0.00162581088066 0.00264327266227 -0.00151733362248 0.000113369587924 0.00200644061472 0.00081017181073 0.0012298992486 
0.000266311371757 0.000645773697263 0.000833632341368 0.000866329242534 0.00153158675885 0.00263218051257 0.000972487230892 0.00206348627544 0.00232301744836 0.000803329260166 0.000837411885027 -0.000683513834586 0.0141569461029 0.000477248951691 0.000306269179809 -0.000749702513055 0.00175797108631 0.0010671153312 0.000947918202845 -0.000188356993871 
0.00139774455129 0.00156456121887 0.00135531142067 0.00115141862174 0.00117614553624 0.00285210869668 0.00131975985019 0.00556962594306 0.000941923498983 0.00267073541916 0.000638565095191 0.00162581088066 0.000477248951691 0.017491237631 0.00410667029864 0.00124950213981 0.00238750843101 0.00163728879644 0.00156213119365 0.00256803135977 
0.00403974982519 0.00253060438906 0.00110636377797 0.00419781192204 0.00107200601096 0.00489674119299 0.00319934645119 0.000417212911172 0.00258503767964 0.0055366130565 0.0023068394164 0.00264327266227 0.000306269179809 0.00410667029864 0.0190583410233 0.00105951390889 0.0010360491636 0.00202900983323 0.00200769839381 0.000225829755535 
0.0030045365003 -0.000740446488206 -0.000433388727659 -0.000483910303659 0.00154632866988 0.00082673643794 0.015193182102 0.0102505844159 0.00727112219343 0.0014032732148 -0.00131718321668 -0.00151733362248 -0.000749702513055 0.00124950213981 0.00105951390889 0.0487106842788 -0.00085198350844 -0.00038051717674 -0.000852856753108 0.00388450302437 
0.00130831251055 0.0046307198406 0.00172770496962 0.0029418240313 0.00145586886403 0.00215544038243 0.000891448342115 0.000266456848513 0.00185305312432 0.00154758902218 0.00334910770459 0.000113369587924 0.00175797108631 0.00238750843101 0.0010360491636 -0.00085198350844 0.0111579927961 0.00162622757655 0.00379028288094 0.00154133226458 
0.00291711900033 0.00267265300177 0.000832140857048 0.000191384996534 0.000454902729978 0.00142591263086 0.000395406193027 0.000470073865399 0.00204040076851 0.0019468671467 0.0053626288304 0.00200644061472 0.0010671153312 0.00163728879644 0.00202900983323 -0.00038051717674 0.00162622757655 0.02236367261 0.000542763353759 0.00141754100479 
0.00267676056165 0.00490877730885 0.000118863649022 0.00301309158718 0.000322905002525 0.00202453624018 -0.000554330520636 0.000235964882213 0.00111871604796 0.00227992598798 0.00215494662739 0.00081017181073 0.000947918202845 0.00156213119365 0.00200769839381 -0.000852856753108 0.00379028288094 0.000542763353759 0.0132993593474 0.00177357694126 
0.00139032117852 0.00447489170065 0.0019548910713 0.00390248110082 0.00403382702385 0.00142367652205 0.00378634479538 0.00169926125368 0.00564644382175 0.00395401877571 0.00126283047561 0.0012298992486 -0.000188356993871 0.00256803135977 0.000225829755535 0.00388450302437 0.00154133226458 0.00141754100479 0.00177357694126 0.0382481947954 

['DJ', 'PEG', 'APD', 'UST', 'ZMH', 'NCC', 'WHR', 'ANDW', 'FD', 'ASO', 'PD', 'GLW', 'SLE', 'NTRS', 'FHN', 'SBUX', 'ED', 'GENZ', 'FE', 'SHLD']