30
0.0870955077299 0.126841392599 0.134360436546 0.0749299903321 0.0593939882808 0.0403512104362 -0.00694067656108 0.0499403633474 0.105904751354 0.0994766710856 0.128291051585 0.0901624306535 0.0584521455196 0.0453963667668 0.0917148498368 0.124759587163 0.0616353203302 0.0540494724418 0.070293401022 0.0413299620627 0.187838769987 0.0262084488718 0.0283464571838 0.106465020668 0.162419244675 0.00643120824938 0.110955558587 0.0946915784272 0.0771685990004 0.101801748802 
0.452813400581 0.0243629770438 0.00370788292848 0.0326311853791 0.0214691206499 0.0135999222521 0.0302915822823 0.0447138988925 0.018898867182 0.0645134894733 0.0148866696338 -0.011113704314 0.0201000703641 -0.000607682376941 0.0136782094702 0.0130346087862 0.00322410464777 0.054008565425 0.0169894329956 0.00643683829694 0.105085911242 -0.0156300239401 0.0190751378879 0.0237023392434 0.00797704600763 0.0273208897179 -0.00831227665593 0.0130963335086 0.0125549175515 0.00508788073775 
0.0243629770438 0.850510927405 0.0197524490917 0.0091876582199 0.0332361360698 -0.0272866279476 0.0190854500031 0.0410200637814 0.0187596070549 0.196251327281 -0.00395625500562 0.00259691449742 0.0548624009859 -0.0152541122051 0.0317175582102 -0.0121989473358 0.0197772396655 -0.0111854904727 0.0766327957783 0.0383897991408 0.0253486979527 0.00951143759744 -0.00875265437424 0.00678274182153 0.0448684056859 0.00671319980994 0.0166212187434 0.00522245089111 0.0273416168946 0.0108801396249 
0.00370788292848 0.0197524490917 0.541179108968 0.0106527991774 0.00651774322262 0.0108507842861 0.00435850020142 0.0402228644251 0.108440725519 -0.0063175182422 -0.0224645773698 -0.0012919367954 0.0123541450928 -0.0112372041325 0.0218733961638 -0.0103239727638 0.0325326894432 0.00959358509617 0.0269066887951 0.0131327734458 0.133338830517 0.0591975718666 0.0144932641308 0.0373691828341 0.0157687917777 0.0124357268918 -0.019850559045 -0.023043852476 0.034688673011 0.0184182568316 
0.0326311853791 0.0091876582199 0.0106527991774 0.4353804138 0.0214382374741 0.0340985950414 0.0306312968468 0.0342308477517 0.00332341925315 0.0194777049976 0.0632929838994 0.0596245997177 -0.00626491697057 0.00438073197994 0.0286407349167 0.0177664718514 0.0278367741891 0.0252801472417 0.0324177285208 0.0278486694611 0.00927028491072 0.0293442562383 0.0346279667818 0.0227741117167 0.0068441980106 0.0134723725242 -0.00336413256422 0.0144701201535 0.036686294272 0.0672329403133 
0.0214691206499 0.0332361360698 0.00651774322262 0.0214382374741 0.229124761255 -0.005572275378 0.0124912698669 0.0337998743009 0.0102415161382 -0.000918514249951 0.0148950619342 0.0376468895529 0.0191046663656 0.0146767172134 0.0224793383358 0.0215668955338 0.023101118226 -0.00227487378382 0.00399676909441 0.0221417312014 4.11358124943e-05 0.0217825489053 0.0227915367859 0.0202805360245 0.0100902173697 0.0128045102038 0.0494428286199 0.0122491051084 0.0139915363558 -0.0162872198373 
0.0135999222521 -0.0272866279476 0.0108507842861 0.0340985950414 -0.005572275378 0.1794792308 0.0319567902485 0.0293782775025 0.0266608317762 0.0189534175919 0.0106933048418 0.000302113982146 0.0190056647906 0.0108458176196 0.0164697874839 0.0109929362233 0.0200738736557 0.0274980860395 0.0168536411816 0.0120733010884 0.0247779239227 0.0182305505494 0.0330279857303 0.0285090818191 0.0139031482569 0.0164924644772 0.00574112062362 0.0265572113171 0.0316788446797 0.0260473338301 
0.0302915822823 0.0190854500031 0.00435850020142 0.0306312968468 0.0124912698669 0.0319567902485 0.389197831048 -0.00862957603918 0.021670597649 0.0171545967827 0.0143609731771 0.0480743405814 0.0313491317016 -0.0190043683741 0.00812275124975 0.00175555124921 0.042556651283 0.0178796423645 0.0214613149877 0.0737072466648 0.0134731844924 0.0144904841224 0.023831400726 0.00918435623738 0.0231630506669 0.00681664885388 0.0185843097814 0.043749069043 0.0293599336249 0.0305280224839 
0.0447138988925 0.0410200637814 0.0402228644251 0.0342308477517 0.0337998743009 0.0293782775025 -0.00862957603918 0.274645781297 0.0127442372377 0.00376511295333 0.00697597205839 0.015519221976 0.00800016561498 -0.0203753747811 0.0397744039103 0.0224027909438 0.00845145048102 0.0307069888143 0.0114182855375 0.0113994735633 0.0380791000124 0.0310893410902 0.0164997539053 0.0300801086433 0.0368508581846 0.0274628726674 0.000474868748412 -0.00251693585061 0.0460059651649 0.0533145753709 
0.018898867182 0.0187596070549 0.108440725519 0.00332341925315 0.0102415161382 0.0266608317762 0.021670597649 0.0127442372377 0.404929834188 0.0268562338269 0.0137541330048 0.0141073489292 0.0198226787506 0.0236599519375 0.0138595919959 0.023488435833 0.00854410169788 0.0246663698405 0.031252230303 0.0292715888083 -0.00396322210228 0.0426539253594 0.0115781846163 0.00176412634976 0.0674648015276 0.0454838623164 0.0220230784994 -0.00337008070386 0.0204701564365 0.0378156439355 
0.0645134894733 0.196251327281 -0.0063175182422 0.0194777049976 -0.000918514249952 0.0189534175919 0.0171545967827 0.00376511295333 0.0268562338269 0.385677523824 -0.00430537293267 0.011466481958 0.0846637302788 -0.0226088103494 0.0162546531685 0.00636360179631 -0.00648899374548 0.0106300225113 0.0649040191675 -0.025096994815 0.0177687113275 -0.00295878971285 0.0132390884346 0.00772892626232 0.0190361688905 0.00871413572567 0.0211124953049 0.0274542423516 0.0306553300802 0.0243157837045 
0.0148866696338 -0.00395625500562 -0.0224645773698 0.0632929838994 0.0148950619342 0.0106933048418 0.0143609731771 0.00697597205839 0.0137541330048 -0.00430537293267 0.499012035236 0.0274119896156 0.0650707348509 0.0125610298881 0.00549793091931 0.0151438775766 0.0543760696807 -0.00425213989415 0.00458009868956 0.0243637995293 0.000655361029928 0.00604407001554 0.0285723231392 0.0116389245154 0.0123005310464 0.0234632260354 0.00481864652597 0.0104465639894 -0.00617328561277 0.00468774042809 
-0.011113704314 0.00259691449742 -0.0012919367954 0.0596245997177 0.0376468895529 0.000302113982146 0.0480743405814 0.015519221976 0.0141073489292 0.011466481958 0.0274119896156 0.548416906014 -0.00126700746407 0.0195250000879 0.0336734931872 0.0771244640371 0.0166838490357 -0.0110177076283 0.0440288550714 0.0058697229435 -0.00216525865012 0.0319628344859 -0.00474582334685 0.0207141085359 0.0192739158454 0.0221158294974 0.0296060703315 0.0479931437916 0.0289143787171 0.00741422734658 
0.0201000703641 0.0548624009859 0.0123541450928 -0.00626491697057 0.0191046663656 0.0190056647906 0.0313491317016 0.00800016561498 0.0198226787506 0.0846637302788 0.0650707348509 -0.00126700746407 0.303578244219 0.0177395271613 0.0118547733319 0.0263968713449 0.0124259114926 0.0169195038013 -0.003435635108 -0.01246711709 0.0435365724149 0.0592237326135 0.0166393450054 0.0204847628902 0.0785024942344 0.0272681738291 0.0441895576131 0.00522066128078 0.0174236114634 0.0214605628867 
-0.000607682376941 -0.0152541122051 -0.0112372041325 0.00438073197994 0.0146767172134 0.0108458176196 -0.0190043683741 -0.0203753747811 0.0236599519375 -0.0226088103494 0.0125610298881 0.0195250000879 0.0177395271613 0.371104126014 0.0174033770882 0.0261961105856 0.0378785765747 -0.00265665058324 0.0104244308357 -0.00391178929422 0.0365216697504 0.0208783152169 0.00415123026818 0.00158903693927 0.00715493895406 0.00685459711829 0.0120469994106 -0.00369872178928 -0.00938584937059 -0.0143378563855 
0.0136782094702 0.0317175582102 0.0218733961638 0.0286407349167 0.0224793383358 0.0164697874839 0.00812275124975 0.0397744039103 0.0138595919959 0.0162546531685 0.00549793091931 0.0336734931872 0.0118547733319 0.0174033770882 0.180395629354 0.00408731211272 0.0246709924913 0.0310797042005 0.0197307329033 0.0265712097214 0.0301619024168 0.0446497537026 0.0244442796202 0.0239061494639 0.0122282088784 0.0233685824535 0.0346248265598 0.0329385766856 0.0834364449476 0.0105777629436 
0.0130346087862 -0.0121989473358 -0.0103239727638 0.0177664718514 0.0215668955338 0.0109929362233 0.00175555124921 0.0224027909438 0.023488435833 0.00636360179631 0.0151438775766 0.0771244640371 0.0263968713449 0.0261961105856 0.00408731211272 0.332562183054 0.00603407189877 0.0165437232479 0.0368974730243 0.00377249370336 0.0103191135604 0.0336738752 0.00441912900362 0.0343982016766 0.0378794705755 0.0410587503953 -0.00809535871556 0.0522857595454 0.0203383767757 0.015439470978 
0.00322410464777 0.0197772396655 0.0325326894432 0.0278367741891 0.023101118226 0.0200738736557 0.042556651283 0.00845145048102 0.00854410169788 -0.00648899374548 0.0543760696807 0.0166838490357 0.0124259114926 0.0378785765747 0.0246709924913 0.00603407189877 0.283954481385 0.0430936824428 0.0197118096749 0.012902545423 0.0162058579679 0.0412220704809 0.0293829805527 0.0191927357568 0.0281646044182 0.0185897785543 0.0271121835699 0.0206450679332 0.0199821238915 0.0142597188334 
0.054008565425 -0.0111854904727 0.00959358509617 0.0252801472417 -0.00227487378382 0.0274980860395 0.0178796423645 0.0307069888143 0.0246663698405 0.0106300225113 -0.00425213989415 -0.0110177076283 0.0169195038013 -0.00265665058324 0.0310797042005 0.0165437232479 0.0430936824428 0.264613715944 0.0196410859044 0.0162927767892 0.0332026104513 0.010405305275 0.0143523374862 0.0277349424245 0.00218086848789 0.012354290809 0.0647560564223 0.00695331789768 0.0372366704419 0.00278242076362 
0.0169894329956 0.0766327957783 0.0269066887951 0.0324177285208 0.00399676909441 0.0168536411816 0.0214613149877 0.0114182855375 0.031252230303 0.0649040191675 0.00458009868956 0.0440288550714 -0.003435635108 0.0104244308357 0.0197307329033 0.0368974730243 0.0197118096749 0.0196410859044 0.317411496572 0.0144666572982 0.0631822252375 0.0218593899436 0.0203722387894 0.0200655629339 0.0224733958891 0.0114780450687 -0.00402115789233 0.0308254936789 0.00755657546429 0.0112781340519 
0.00643683829694 0.0383897991408 0.0131327734458 0.0278486694611 0.0221417312014 0.0120733010884 0.0737072466648 0.0113994735633 0.0292715888083 -0.025096994815 0.0243637995293 0.0058697229435 -0.01246711709 -0.00391178929422 0.0265712097214 0.00377249370336 0.012902545423 0.0162927767892 0.0144666572982 0.282515699736 -0.011872051695 0.021609523212 0.0165837636894 0.00811488777871 0.00459062475422 0.0288067253742 0.0588139803456 -0.00293797956406 0.0257465514227 0.00436808199564 
0.105085911242 0.0253486979527 0.133338830517 0.00927028491072 4.11358124943e-05 0.0247779239227 0.0134731844924 0.0380791000124 -0.00396322210228 0.0177687113275 0.000655361029929 -0.00216525865012 0.0435365724149 0.0365216697504 0.0301619024168 0.0103191135604 0.0162058579679 0.0332026104513 0.0631822252375 -0.011872051695 0.634815579956 0.0251782436175 0.000137778083342 0.0214542732904 0.0177667308076 -0.00209347678232 0.000225974932972 0.018542051467 0.0533284110466 0.0303697945661 
-0.0156300239401 0.00951143759744 0.0591975718666 0.0293442562383 0.0217825489053 0.0182305505494 0.0144904841224 0.0310893410902 0.0426539253594 -0.00295878971285 0.00604407001554 0.0319628344859 0.0592237326135 0.0208783152169 0.0446497537026 0.0336738752 0.0412220704809 0.010405305275 0.0218593899436 0.021609523212 0.0251782436175 0.319008207246 0.0176860380733 0.0380125897179 0.0137759190535 0.0233161146297 0.00799741064945 0.017279928693 0.0530097936416 0.00148546748584 
0.0190751378879 -0.00875265437424 0.0144932641308 0.0346279667818 0.0227915367859 0.0330279857303 0.023831400726 0.0164997539053 0.0115781846163 0.0132390884346 0.0285723231392 -0.00474582334685 0.0166393450054 0.00415123026818 0.0244442796202 0.00441912900362 0.0293829805527 0.0143523374862 0.0203722387894 0.0165837636894 0.000137778083341 0.0176860380733 0.185210864656 0.0157463772685 0.0175967895483 0.00529320738669 0.0243939638644 0.0356698540318 0.0331737702244 0.00183266834733 
0.0237023392434 0.00678274182153 0.0373691828341 0.0227741117167 0.0202805360245 0.0285090818191 0.00918435623738 0.0300801086433 0.00176412634976 0.00772892626232 0.0116389245154 0.0207141085359 0.0204847628902 0.00158903693927 0.0239061494639 0.0343982016766 0.0191927357568 0.0277349424245 0.0200655629339 0.00811488777871 0.0214542732904 0.0380125897179 0.0157463772685 0.265541227556 0.0165015101138 0.0288388134438 0.0509158026722 0.0128449456112 0.0316351179564 0.00968577270616 
0.00797704600763 0.0448684056859 0.0157687917777 0.0068441980106 0.0100902173697 0.0139031482569 0.0231630506669 0.0368508581846 0.0674648015276 0.0190361688905 0.0123005310464 0.0192739158454 0.0785024942344 0.00715493895406 0.0122282088784 0.0378794705755 0.0281646044182 0.00218086848789 0.0224733958891 0.00459062475422 0.0177667308076 0.0137759190535 0.0175967895483 0.0165015101138 1.29692501791 0.0160779538126 0.00988545761717 0.0764683029001 0.0243580925529 0.0285212393787 
0.0273208897179 0.00671319980994 0.0124357268918 0.0134723725242 0.0128045102038 0.0164924644772 0.00681664885388 0.0274628726674 0.0454838623164 0.00871413572567 0.0234632260354 0.0221158294974 0.0272681738291 0.00685459711829 0.0233685824535 0.0410587503953 0.0185897785543 0.012354290809 0.0114780450687 0.0288067253742 -0.00209347678232 0.0233161146297 0.00529320738669 0.0288388134438 0.0160779538126 0.209549907626 0.0430532328421 -0.00629408970867 0.0302170195592 -0.00219556198203 
-0.00831227665593 0.0166212187434 -0.019850559045 -0.00336413256422 0.0494428286199 0.00574112062362 0.0185843097814 0.000474868748412 0.0220230784994 0.0211124953049 0.00481864652597 0.0296060703315 0.0441895576131 0.0120469994106 0.0346248265598 -0.00809535871556 0.0271121835699 0.0647560564223 -0.00402115789233 0.0588139803456 0.000225974932972 0.00799741064945 0.0243939638644 0.0509158026722 0.00988545761717 0.0430532328421 0.485741923536 0.0355729320543 0.0414263323899 0.0176125488161 
0.0130963335086 0.00522245089111 -0.023043852476 0.0144701201535 0.0122491051084 0.0265572113171 0.043749069043 -0.00251693585061 -0.00337008070386 0.0274542423516 0.0104465639894 0.0479931437916 0.00522066128078 -0.00369872178928 0.0329385766856 0.0522857595454 0.0206450679332 0.00695331789768 0.0308254936789 -0.00293797956406 0.018542051467 0.017279928693 0.0356698540318 0.0128449456112 0.0764683029001 -0.00629408970867 0.0355729320543 0.361014753522 0.0269792794056 0.00842690545336 
0.0125549175515 0.0273416168946 0.034688673011 0.036686294272 0.0139915363558 0.0316788446797 0.0293599336249 0.0460059651649 0.0204701564365 0.0306553300802 -0.00617328561277 0.0289143787171 0.0174236114634 -0.00938584937059 0.0834364449476 0.0203383767757 0.0199821238915 0.0372366704419 0.00755657546429 0.0257465514227 0.0533284110466 0.0530097936416 0.0331737702244 0.0316351179564 0.0243580925529 0.0302170195592 0.0414263323899 0.0269792794056 0.201519549632 0.0115553941119 
0.00508788073775 0.0108801396249 0.0184182568316 0.0672329403133 -0.0162872198373 0.0260473338301 0.0305280224839 0.0533145753709 0.0378156439355 0.0243157837045 0.00468774042809 0.00741422734658 0.0214605628867 -0.0143378563855 0.0105777629436 0.015439470978 0.0142597188334 0.00278242076362 0.0112781340519 0.00436808199564 0.0303697945661 0.00148546748584 0.00183266834734 0.00968577270616 0.0285212393787 -0.00219556198203 0.0176125488161 0.00842690545336 0.0115553941119 0.302540374953 
0.0392147908077 0.00210989570317 0.000321112081032 0.00282594354939 0.00185928038797 0.00117778781598 0.00262332797773 0.00387233723432 0.00163668990824 0.00558703207707 0.00128922340807 -0.000962475026605 0.00174071715532 -5.26268375863e-05 0.00118456768795 0.00112883023372 0.000279215652942 0.004677278968 0.00147132805701 0.000557446548521 0.00910070687153 -0.00135359977939 0.00165195539916 0.00205268279139 0.000690832448977 0.00236605845497 -0.000719864274732 0.00113417575149 0.0010872877542 0.000440623397031 
0.00210989570317 0.0736564069329 0.00171061227004 0.000795674541972 0.00287833381601 -0.00236309129862 0.00165284845453 0.00355244172995 0.00162462962746 0.0169958634952 -0.000342621733872 0.000224899392622 0.00475122329664 -0.00132104486818 0.0027468211156 -0.00105645982922 0.00171275919671 -0.000968691890311 0.00663659479071 0.00332465413022 0.00219526163799 0.000823714658589 -0.000758002103864 0.000587402672476 0.00388571791513 0.000581380157609 0.00143943976736 0.000452277514172 0.00236785348113 0.000942247731191 
0.000321112081032 0.00171061227004 0.0468674856363 0.000922559470908 0.000564453120613 0.000939705484275 0.000377457189683 0.00348340224051 0.00939124231043 -0.000547113128662 -0.00194548946875 -0.00011188500849 0.00106990034924 -0.000973170424623 0.00189429167449 -0.000894082268144 0.00281741355112 0.000830828840665 0.00233018760283 0.00113733154262 0.0115474814538 0.00512666010788 0.00125515349211 0.0032362661653 0.00136561742665 0.00107696554028 -0.00171910884123 -0.00199565616452 0.00300412720511 0.00159506783096 
0.00282594354939 0.000795674541972 0.000922559470908 0.0377050498661 0.00185660582649 0.00295302495392 0.00265274812202 0.0029644783746 0.000287816550066 0.00168681873354 0.00548133319382 0.0051636418046 -0.000542557724911 0.00037938251818 0.00248036040209 0.00153862159589 0.00241073536072 0.00218932497227 0.0028074576432 0.00241176552149 0.0008028302233 0.00254128713575 0.00299886989145 0.00197229592953 0.000592724934571 0.00116674168552 -0.000291342426232 0.00125314916487 0.00317712628102 0.00582254342824 
0.00185928038797 0.00287833381601 0.000564453120613 0.00185660582649 0.0198427863883 -0.000482573203423 0.00108177570303 0.00292715497893 0.000886941314894 -7.95456674196e-05 0.00128995020259 0.00326031627263 0.00165451264034 0.0012710409951 0.00194676780591 0.0018677479413 0.00200061552395 -0.000197009848719 0.000346130356882 0.00191753017042 3.56246586253e-06 0.00188642407111 0.00197380498478 0.00175634593996 0.000873838457183 0.00110890311195 0.00428187456198 0.00106080361975 0.00121170259221 -0.00141051461361 
0.00117778781598 -0.00236309129862 0.000939705484275 0.00295302495392 -0.000482573203423 0.0155433573325 0.00276753921786 0.00254423346366 0.00230889576042 0.00164141411231 0.000926067364342 2.61638383377e-05 0.00164593885245 0.000939275358342 0.0014263254356 0.00095201620316 0.00173844845382 0.00238140410657 0.00145956814095 0.00104557854501 0.00214583115701 0.00157881199008 0.00286030746783 0.00246895890939 0.0012040479583 0.00142828932082 0.000497195630624 0.00229992196542 0.00274346842552 0.00225576527977 
0.00262332797773 0.00165284845453 0.000377457189683 0.00265274812202 0.00108177570303 0.00276753921786 0.0337055208785 -0.000747343207382 0.00187672880792 0.00148563166055 0.00124369675944 0.00416336002137 0.00271491444401 -0.00164582657948 0.000703450893091 0.000152035197946 0.00368551411111 0.00154842244982 0.0018586043978 0.00638323480547 0.00116681200403 0.00125491273631 0.00206385984364 0.000795388581898 0.00200597903067 0.000590339107614 0.00160944843825 0.00378878051832 0.00254264483726 0.00264380429984 
0.00387233723432 0.00355244172995 0.00348340224051 0.0029644783746 0.00292715497893 0.00254423346366 -0.000747343207382 0.0237850223646 0.00110368331997 0.00032606834657 0.000604136901866 0.00134400404782 0.000692834665706 -0.0017645592172 0.00344456442067 0.0019401386073 0.000731917081539 0.00265930323869 0.000988852534316 0.000987223369558 0.0032977467964 0.0026924159171 0.00142892060382 0.00260501382337 0.00319137793391 0.00237835453909 4.11248399588e-05 -0.000217973038633 0.00398423345584 0.00461717766632 
0.00163668990824 0.00162462962746 0.00939124231043 0.000287816550066 0.000886941314894 0.00230889576042 0.00187672880792 0.00110368331997 0.0350679523157 0.00232581807441 0.00119114285892 0.00122173225527 0.00171669433691 0.00204901194302 0.00120027587545 0.00203415821265 0.000739940912288 0.0021361702901 0.00270652253673 0.00253499395171 -0.000343225102142 0.00369393829324 0.00100270020074 0.000152777823437 0.00584262319842 0.00393901802282 0.001907254545 -0.000291857550235 0.00177276754935 0.00327493083086 
0.00558703207707 0.0169958634952 -0.000547113128662 0.00168681873354 -7.95456674196e-05 0.00164141411231 0.00148563166055 0.00032606834657 0.00232581807441 0.03340065333 -0.000372856233246 0.000993026466768 0.00733209412006 -0.00195798041119 0.00140769425736 0.000551104081517 -0.000561963342858 0.000920586953759 0.00562085294067 -0.00217346350684 0.00153881554021 -0.000256238705579 0.00114653869073 0.000669344648715 0.00164858058499 0.000754666291046 0.00182839572713 0.00237760713182 0.00265482946109 0.0021058086401 
0.00128922340807 -0.000342621733872 -0.00194548946875 0.00548133319382 0.00128995020259 0.000926067364342 0.00124369675944 0.000604136901866 0.00119114285892 -0.000372856233246 0.0432157099308 0.00237394793754 0.00563529094238 0.00108781709808 0.000476134784438 0.00131149826931 0.00470910577014 -0.000368246116878 0.0003966481817 0.00210996693251 5.67559300568e-05 0.000523431817571 0.00247443576837 0.0010079604303 0.00106525723662 0.00203197498014 0.000417307030335 0.000904698979707 -0.000534622216547 0.000405970229707 
-0.000962475026605 0.000224899392622 -0.00011188500849 0.0051636418046 0.00326031627263 2.61638383377e-05 0.00416336002137 0.00134400404782 0.00122173225527 0.000993026466768 0.00237394793754 0.0474942972473 -0.000109726065067 0.0016909146085 0.00291621005343 0.00667917451094 0.00144486370978 -0.000954161469755 0.00381301069914 0.000508332918225 -0.000187516899677 0.00276806266417 -0.000411000358025 0.00179389442089 0.00166917007526 0.00191528701705 0.00256396090133 0.0041563281731 0.00250405865037 0.000642090923157 
0.00174071715532 0.00475122329664 0.00106990034924 -0.000542557724911 0.00165451264034 0.00164593885245 0.00271491444401 0.000692834665706 0.00171669433691 0.00733209412006 0.00563529094238 -0.000109726065067 0.026290647153 0.00153628811728 0.00102665348615 0.00228603611651 0.00107611550178 0.00146527201113 -0.000297534728166 -0.00107968401119 0.0037703777705 0.00512892569502 0.0014410095477 0.00177403250535 0.00679851542674 0.00236149312508 0.0038269279475 0.000452122529371 0.00150892901529 0.00185853926394 
-5.26268375863e-05 -0.00132104486818 -0.000973170424623 0.00037938251818 0.0012710409951 0.000939275358342 -0.00164582657948 -0.0017645592172 0.00204901194302 -0.00195798041119 0.00108781709808 0.00169091460851 0.00153628811728 0.0321385600578 0.001507176667 0.00226864972475 0.00328038095729 -0.000230072689406 0.000902782192368 -0.000338770890305 0.00316286937925 0.0018081151366 0.00035950708692 0.000137614635696 0.000619635889674 0.000593625523715 0.00104330075289 -0.000320318703104 -0.000812838399102 -0.00124169478657 
0.00118456768795 0.0027468211156 0.00189429167449 0.00248036040209 0.00194676780591 0.0014263254356 0.000703450893091 0.00344456442067 0.00120027587545 0.00140769425736 0.000476134784438 0.00291621005343 0.00102665348615 0.001507176667 0.0156227197753 0.000353971612281 0.00213657062341 0.00269158133797 0.00170873159295 0.0023011342628 0.00261209737194 0.00386678209792 0.00211693671283 0.00207033327424 0.00105899395315 0.00202377860551 0.00299859794024 0.00285256441742 0.00722580809261 0.00091606114244 
0.00112883023372 -0.00105645982922 -0.000894082268144 0.00153862159589 0.0018677479413 0.00095201620316 0.000152035197946 0.0019401386073 0.00203415821265 0.000551104081517 0.00131149826931 0.00667917451094 0.00228603611651 0.00226864972475 0.000353971612281 0.0288007298862 0.00052256595526 0.00143272846058 0.00319541489745 0.000326707538272 0.000893661448782 0.00291624313671 0.000382707797974 0.00297897164964 0.00328045838003 0.003555792089 -0.000701078630042 0.00452807960225 0.00176135509595 0.00133709740879 
0.000279215652942 0.00171275919671 0.00281741355112 0.00241073536072 0.00200061552395 0.00173844845382 0.00368551411111 0.000731917081539 0.000739940912288 -0.000561963342858 0.00470910577014 0.00144486370978 0.00107611550178 0.00328038095729 0.00213657062341 0.00052256595526 0.0245911794398 0.00373202237381 0.0017070927933 0.00111739321098 0.00140346846903 0.00356993602331 0.00254464075975 0.00166213967335 0.00243912629137 0.00160992204787 0.00234798397236 0.0017879153293 0.00173050269116 0.00123492787605 
0.004677278968 -0.000968691890311 0.000830828840665 0.00218932497227 -0.000197009848719 0.00238140410657 0.00154842244982 0.00265930323869 0.0021361702901 0.000920586953759 -0.000368246116878 -0.000954161469755 0.00146527201113 -0.000230072689406 0.00269158133797 0.00143272846058 0.00373202237381 0.0229162200197 0.00170096793511 0.00141099585976 0.00287543041228 0.000901125870227 0.00124294888667 0.00240191647121 0.000188868751282 0.00106991296863 0.00560803899106 0.000602174993998 0.0032247902555 0.000240964706531 
0.00147132805701 0.00663659479071 0.00233018760283 0.0028074576432 0.000346130356882 0.00145956814095 0.0018586043978 0.000988852534316 0.00270652253673 0.00562085294067 0.0003966481817 0.00381301069914 -0.000297534728166 0.000902782192368 0.00170873159295 0.00319541489745 0.0017070927933 0.00170096793511 0.0274886419484 0.00125284927281 0.00547174121233 0.00189307870024 0.00176428763236 0.0017377287242 0.00194625317492 0.000994027861527 -0.000348242488739 0.00266956606101 0.000654418631769 0.000976715059627 
0.000557446548521 0.00332465413022 0.00113733154262 0.00241176552149 0.00191753017042 0.00104557854501 0.00638323480547 0.000987223369558 0.00253499395171 -0.00217346350684 0.00210996693251 0.000508332918225 -0.00107968401119 -0.000338770890305 0.0023011342628 0.000326707538273 0.00111739321098 0.00141099585976 0.00125284927281 0.024466577294 -0.00102814983629 0.00187143960653 0.00143619606454 0.000702769896522 0.00039755976564 0.00249473559739 0.00509344010769 -0.000254436493828 0.00222971675919 0.000378286997404 
0.00910070687153 0.00219526163799 0.0115474814538 0.0008028302233 3.56246586254e-06 0.00214583115701 0.00116681200403 0.0032977467964 -0.000343225102142 0.00153881554021 5.67559300568e-05 -0.000187516899677 0.0037703777705 0.00316286937925 0.00261209737194 0.000893661448782 0.00140346846903 0.00287543041228 0.00547174121233 -0.00102814983629 0.054976641896 0.00218049985954 1.19319320258e-05 0.00185799456892 0.00153864402216 -0.000181300407572 1.95700032573e-05 0.00160578876087 0.00461837587098 0.0026301013602 
-0.00135359977939 0.000823714658589 0.00512666010788 0.00254128713575 0.00188642407111 0.00157881199008 0.00125491273631 0.0026924159171 0.00369393829324 -0.000256238705579 0.000523431817571 0.00276806266417 0.00512892569502 0.0018081151366 0.00386678209792 0.00291624313671 0.00356993602331 0.000901125870227 0.00189307870024 0.00187143960653 0.00218049985954 0.0276269211491 0.00153165582638 0.00329198683593 0.00119302958608 0.00201923475869 0.000692596078692 0.00149648572237 0.0045907827943 0.000128645257923 
0.00165195539916 -0.000758002103864 0.00125515349211 0.00299886989145 0.00197380498478 0.00286030746783 0.00206385984364 0.00142892060382 0.00100270020074 0.00114653869073 0.00247443576837 -0.000411000358025 0.0014410095477 0.00035950708692 0.00211693671283 0.000382707797974 0.00254464075975 0.00124294888667 0.00176428763236 0.00143619606454 1.19319320258e-05 0.00153165582638 0.0160397313849 0.00136367627321 0.00152392667739 0.000458405206437 0.00211257924056 0.00308909997409 0.00287293277536 0.00015871373455 
0.00205268279139 0.000587402672476 0.0032362661653 0.00197229592953 0.00175634593996 0.00246895890939 0.000795388581898 0.00260501382337 0.000152777823437 0.000669344648715 0.0010079604303 0.00179389442089 0.00177403250535 0.000137614635696 0.00207033327424 0.00297897164964 0.00166213967335 0.00240191647121 0.0017377287242 0.000702769896522 0.00185799456892 0.00329198683593 0.00136367627321 0.0229965448816 0.00142907269593 0.00249751450573 0.00440943785682 0.00111240492095 0.0027396815802 0.000838812521882 
0.000690832448977 0.00388571791513 0.00136561742665 0.000592724934571 0.000873838457183 0.0012040479583 0.00200597903067 0.00319137793391 0.00584262319842 0.00164858058499 0.00106525723662 0.00166917007526 0.00679851542674 0.000619635889674 0.00105899395315 0.00328045838003 0.00243912629137 0.000188868751282 0.00194625317492 0.00039755976564 0.00153864402216 0.00119302958608 0.00152392667739 0.00142907269593 0.112317001231 0.00139239164426 0.00085610574245 0.00662234928958 0.00210947269386 0.00247001178493 
0.00236605845497 0.000581380157609 0.00107696554028 0.00116674168552 0.00110890311195 0.00142828932082 0.000590339107614 0.00237835453909 0.00393901802282 0.000754666291046 0.00203197498014 0.00191528701705 0.00236149312508 0.000593625523715 0.00202377860551 0.003555792089 0.00160992204787 0.00106991296863 0.000994027861527 0.00249473559739 -0.000181300407572 0.00201923475869 0.000458405206437 0.00249751450573 0.00139239164426 0.0181475543365 0.00372851933563 -0.000545084158141 0.00261687065649 -0.000190141245202 
-0.000719864274732 0.00143943976736 -0.00171910884123 -0.000291342426232 0.00428187456198 0.000497195630624 0.00160944843825 4.11248399588e-05 0.001907254545 0.00182839572713 0.000417307030335 0.00256396090133 0.0038269279475 0.00104330075289 0.00299859794024 -0.000701078630042 0.00234798397236 0.00560803899106 -0.000348242488739 0.00509344010769 1.95700032573e-05 0.000692596078692 0.00211257924056 0.00440943785682 0.00085610574245 0.00372851933563 0.0420664845465 0.00308070628461 0.00358762562353 0.00152529147001 
0.00113417575149 0.000452277514172 -0.00199565616452 0.00125314916487 0.00106080361975 0.00229992196542 0.00378878051832 -0.000217973038633 -0.000291857550235 0.00237760713182 0.000904698979707 0.0041563281731 0.000452122529371 -0.000320318703104 0.00285256441742 0.00452807960225 0.0017879153293 0.000602174993998 0.00266956606101 -0.000254436493828 0.00160578876087 0.00149648572237 0.00308909997409 0.00111240492095 0.00662234928958 -0.000545084158141 0.00308070628461 0.0312647947691 0.00233647413411 0.00072979141979 
0.0010872877542 0.00236785348113 0.00300412720511 0.00317712628102 0.00121170259221 0.00274346842552 0.00254264483726 0.00398423345584 0.00177276754935 0.00265482946109 -0.000534622216548 0.00250405865037 0.00150892901529 -0.000812838399102 0.00722580809261 0.00176135509595 0.00173050269116 0.0032247902555 0.000654418631769 0.00222971675919 0.00461837587098 0.0045907827943 0.00287293277536 0.0027396815802 0.00210947269386 0.00261687065649 0.00358762562353 0.00233647413411 0.0174521049341 0.00100072648517 
0.000440623397031 0.000942247731191 0.00159506783096 0.00582254342824 -0.00141051461361 0.00225576527977 0.00264380429984 0.00461717766632 0.00327493083086 0.0021058086401 0.000405970229707 0.000642090923157 0.00185853926394 -0.00124169478657 0.00091606114244 0.00133709740879 0.00123492787605 0.000240964706531 0.000976715059627 0.000378286997404 0.0026301013602 0.000128645257923 0.00015871373455 0.000838812521882 0.00247001178493 -0.000190141245202 0.00152529147001 0.00072979141979 0.00100072648517 0.026200765038 

['EP', 'ACS', 'TXU', 'SHLD', 'MHP', 'AN', 'JNY', 'EXC', 'TSG', 'MIL', 'AW', 'COH', 'BMET', 'MAT', 'EQR', 'BNI', 'ASD', 'SWY', 'LPX', 'CB', 'SUN', 'BDK', 'IFF', 'BSC', 'HUM', 'SNV', 'HSP', 'JBL', 'AIV', 'RAI']