20
0.0662185328213 0.0950879331279 0.0759168136047 0.0331605059077 0.0498631258667 0.105904751354 0.00640420781163 0.0870955077299 0.0810581507116 0.100886603299 -0.00648668223639 0.105790735219 0.0289140833203 0.0161964684659 0.149701567326 0.0372282541949 0.165275344352 0.0262084488718 0.101022755506 0.0946597506959 
0.411867459454 0.0184001556346 0.0175042044763 0.00838452808085 0.00144120888754 0.0534486427829 0.00800133872898 0.0215067142341 0.0314927983561 -0.00487169549267 0.0306571285075 0.00980912824541 0.00364517331153 0.0261561411337 0.0346297341544 0.0349415712984 -0.00240884584922 0.00292373705685 0.00223667193491 0.0197851916813 
0.0184001556346 0.302698106248 0.0296598695059 0.024718537796 0.039969893528 0.0446596122748 0.0274591756693 0.0373474646458 0.0114853431137 0.0219008231527 0.0233757282241 0.0304411093034 0.0093948419008 0.0326834820408 0.0203542630107 0.043011869862 0.0139550921613 0.0375581894822 0.06108591555 0.0405489803293 
0.0175042044763 0.0296598695059 0.349743611597 0.0209758508788 0.0153390988245 0.0455754435729 0.0134274349893 0.010753053677 0.00788948763087 0.0216655749405 0.0170108042458 -0.00934854643655 -0.00541665301796 0.0336123716229 0.00815499480883 0.0157722687645 -0.00320890518038 0.0329374351859 0.00396611382527 0.0427897889704 
0.00838452808085 0.024718537796 0.0209758508788 0.161101434635 0.0130387450321 0.0130724545365 0.0353502161749 0.0410867861659 0.0209010289532 0.0235771487918 0.0218904757433 0.0128948242562 0.0468656355964 0.00947577395481 0.0110234209856 -0.00467871262997 -0.0193036110054 0.0195933385324 0.00716184869385 0.0146242721863 
0.00144120888754 0.039969893528 0.0153390988245 0.0130387450321 0.317019390899 0.0398155281814 0.0351807148871 0.0251943707716 0.0295441217547 -0.00310625342916 0.0134951719984 0.0185637520353 0.0182645608426 0.0207733660175 0.00814701784031 0.031798117853 0.0382258732294 0.0147692543614 0.0161055864155 0.0172919408323 
0.0534486427829 0.0446596122748 0.0455754435729 0.0130724545365 0.0398155281814 0.424113756235 0.0216368768222 0.0179971297095 0.0132207696911 0.00275539263015 0.00458376527253 0.0297616636757 0.0164731427052 0.0086654788711 -0.00919962543814 0.00772926127473 0.0041874468559 0.0540224419141 0.00184554004806 0.0169083202376 
0.00800133872898 0.0274591756693 0.0134274349893 0.0353502161749 0.0351807148871 0.0216368768222 0.194389108569 0.0642043055454 0.0289081760742 0.00483117700679 0.015657776903 0.0232406576592 0.0489764740494 0.00498841375039 0.0200152349553 0.0241320474415 0.00383288281609 0.0292405672903 0.00604909631097 0.0340300948211 
0.0215067142341 0.0373474646458 0.010753053677 0.0410867861659 0.0251943707716 0.0179971297095 0.0642043055454 0.46230251325 0.00599115184744 0.00436840803502 -0.00248365388174 0.048694394154 0.0729493682059 0.00151680068898 0.0112102931786 0.0334818691222 -0.0146281237069 -0.0109283449331 -0.00302595486101 0.0281790218612 
0.0314927983561 0.0114853431137 0.00788948763087 0.0209010289532 0.0295441217547 0.0132207696911 0.0289081760742 0.00599115184744 0.230128459719 0.00869680202234 0.030518093787 0.0489624106787 0.0170385933997 0.0208390127321 0.0122078220206 0.0436084824561 0.00373116084947 0.0497302121054 0.0341219935661 0.0287441453245 
-0.00487169549267 0.0219008231527 0.0216655749405 0.0235771487918 -0.00310625342916 0.00275539263015 0.00483117700679 0.00436840803502 0.00869680202234 0.378573911713 -0.0127707284567 -0.012975337855 0.00586319692005 0.00826585641877 0.0344170567393 0.016988909971 -0.00412697578796 0.00216520088425 0.0135216828803 0.00881413903991 
0.0306571285075 0.0233757282241 0.0170108042458 0.0218904757433 0.0134951719984 0.00458376527253 0.015657776903 -0.00248365388174 0.030518093787 -0.0127707284567 0.268726815309 0.0120621737778 -3.40011190813e-05 0.0190949870175 0.0381896127496 0.0196932600113 -0.0194132400225 0.0346431578439 -0.00589851926042 0.019968277823 
0.00980912824541 0.0304411093034 -0.00934854643655 0.0128948242562 0.0185637520353 0.0297616636757 0.0232406576592 0.048694394154 0.0489624106787 -0.012975337855 0.0120621737778 0.364414192787 0.0123761525916 0.011257225799 0.0345075107193 0.0323488247875 -0.0175978813026 0.0121960346405 0.00450520972022 0.0290942143883 
0.00364517331153 0.0093948419008 -0.00541665301796 0.0468656355964 0.0182645608426 0.0164731427052 0.0489764740494 0.0729493682059 0.0170385933997 0.00586319692005 -3.4001119082e-05 0.0123761525916 0.229321793395 0.0128033136301 0.0373664292683 0.0252571882289 -0.010190327869 0.0143333948886 0.0105709327856 0.00922963749122 
0.0261561411337 0.0326834820408 0.0336123716229 0.00947577395481 0.0207733660175 0.0086654788711 0.00498841375039 0.00151680068898 0.0208390127321 0.00826585641877 0.0190949870175 0.011257225799 0.0128033136301 0.184626215216 0.0078020397054 0.0318755065916 -0.0141341798991 0.0333721629825 0.024266918157 0.00381692542531 
0.0346297341544 0.0203542630107 0.00815499480883 0.0110234209856 0.00814701784031 -0.00919962543814 0.0200152349553 0.0112102931786 0.0122078220206 0.0344170567393 0.0381896127496 0.0345075107193 0.0373664292683 0.0078020397054 0.487253373452 0.00242952085366 -0.0331841291978 0.0153237858869 -0.00201334389297 0.0161712152628 
0.0349415712984 0.043011869862 0.0157722687645 -0.00467871262997 0.031798117853 0.00772926127473 0.0241320474415 0.0334818691222 0.0436084824561 0.016988909971 0.0196932600113 0.0323488247875 0.0252571882289 0.0318755065916 0.00242952085366 0.192983038526 0.00310639612049 0.0492944663753 0.0176621483446 0.0313865058743 
-0.00240884584922 0.0139550921613 -0.00320890518038 -0.0193036110054 0.0382258732294 0.0041874468559 0.00383288281609 -0.0146281237069 0.00373116084947 -0.00412697578796 -0.0194132400225 -0.0175978813026 -0.010190327869 -0.0141341798991 -0.0331841291978 0.00310639612049 1.35596388075 -0.0154456463097 0.237786189127 -0.00158013400995 
0.00292373705685 0.0375581894822 0.0329374351859 0.0195933385324 0.0147692543614 0.0540224419141 0.0292405672903 -0.0109283449331 0.0497302121054 0.00216520088425 0.0346431578439 0.0121960346405 0.0143333948886 0.0333721629825 0.0153237858869 0.0492944663753 -0.0154456463097 0.33517029261 0.00811208638337 0.00248464817932 
0.00223667193491 0.06108591555 0.00396611382527 0.00716184869385 0.0161055864155 0.00184554004806 0.00604909631097 -0.00302595486101 0.0341219935661 0.0135216828803 -0.00589851926042 0.00450520972022 0.0105709327856 0.024266918157 -0.00201334389297 0.0176621483446 0.237786189127 0.00811208638337 0.406935605618 0.0307511226039 
0.0197851916813 0.0405489803293 0.0427897889704 0.0146242721863 0.0172919408323 0.0169083202376 0.0340300948211 0.0281790218612 0.0287441453245 0.00881413903991 0.019968277823 0.0290942143883 0.00922963749122 0.00381692542531 0.0161712152628 0.0313865058743 -0.00158013400995 0.00248464817932 0.0307511226039 0.463846732544 
0.0356687682879 0.00159350022131 0.00151590857495 0.000726121431676 0.000124812350877 0.00462878824478 0.000692936260358 0.00186253608786 0.00272735634126 -0.000421901205616 0.00265498520946 0.000849495424951 0.000315681268898 0.00226518826867 0.0029990229504 0.00302602883926 -0.000208612169922 0.000253203056521 0.000193701471556 0.00171344786148 
0.00159350022131 0.0262144249688 0.0025686200465 0.00214068816757 0.00346149431818 0.00386763587532 0.00237803436966 0.00323438531502 0.000994659890769 0.0018966669214 0.0020243974474 0.00263627739761 0.000813617175063 0.00283047257315 0.00176273088426 0.00372493719647 0.00120854643238 0.00325263462118 0.00529019546797 0.00351164470627 
0.00151590857495 0.0025686200465 0.0302886852454 0.0018165619727 0.00132840492531 0.00394694919229 0.00116284998084 0.000931241765258 0.000683249671117 0.00187629382861 0.00147317886157 -0.000809607870251 -0.000469095911704 0.00291091677068 0.000706243267218 0.00136591854254 -0.000277899340454 0.00285246556065 0.000343475532698 0.0037057044271 
0.000726121431676 0.00214068816757 0.0018165619727 0.013951793498 0.00112918844313 0.00113210777184 0.00306141852367 0.00355822005795 0.00181008220387 0.00204184098025 0.00189577080947 0.00111672453832 0.0040586830991 0.000820626096538 0.000954656261013 -0.000405188399456 -0.00167174175155 0.0016968328914 0.000620234290693 0.00126649912252 
0.000124812350877 0.00346149431818 0.00132840492531 0.00112918844313 0.0274546846011 0.00344812588702 0.00304673928155 0.00218189651206 0.00255859599721 -0.000269009438024 0.0011687161779 0.00160766808522 0.00158175736787 0.00179902626932 0.000705552441479 0.00275379778533 0.00331045772985 0.0012790549472 0.00139478469787 0.00149752600415 
0.00462878824478 0.00386763587532 0.00394694919229 0.00113210777184 0.00344812588702 0.0367293286994 0.00187380849866 0.00155859715236 0.00114495224101 0.000238624001511 0.0003969657171 0.0025774356802 0.00142661600629 0.000750452483833 -0.000796710933473 0.00066937366164 0.000362643535421 0.00467848070721 0.000159828456532 0.00146430348611 
0.000692936260358 0.00237803436966 0.00116284998084 0.00306141852367 0.00304673928155 0.00187380849866 0.016834590624 0.00556025596347 0.00250352148573 0.000418392201806 0.00135600325648 0.00201269999335 0.00424148707146 0.000432009303243 0.0017333701934 0.00208989661297 0.000331937388847 0.00253230740945 0.000523867107523 0.00294709266083 
0.00186253608786 0.00323438531502 0.000931241765258 0.00355822005795 0.00218189651206 0.00155859715236 0.00556025596347 0.0400365720708 0.000518848969781 0.000378315233242 -0.00021509073558 0.00421705823592 0.00631760060563 0.000131358792914 0.000970839867655 0.0028996149226 -0.00126683267399 -0.000946422433338 -0.000262055378034 0.00244037487856 
0.00272735634126 0.000994659890769 0.000683249671117 0.00181008220387 0.00255859599721 0.00114495224101 0.00250352148573 0.000518848969781 0.019929709225 0.000753165148303 0.00264294444946 0.00424026914783 0.00147558547289 0.00180471144158 0.00105722839947 0.00377660536275 0.000323128008125 0.00430676270188 0.0029550513256 0.00248931600611 
-0.000421901205616 0.0018966669214 0.00187629382861 0.00204184098025 -0.000269009438024 0.000238624001511 0.000418392201806 0.000378315233242 0.000753165148303 0.0327854624753 -0.00110597752684 -0.00112369722051 0.000507767748015 0.000715844164269 0.00298060454597 0.00147128276175 -0.000357406587318 0.000187511897006 0.00117101208763 0.000763326832105 
0.00265498520946 0.0020243974474 0.00147317886157 0.00189577080947 0.0011687161779 0.0003969657171 0.00135600325648 -0.00021509073558 0.00264294444946 -0.00110597752684 0.0232724248735 0.00104461489165 -2.94458328815e-06 0.00165367438421 0.00330731748019 0.00170548634531 -0.00168123590292 0.00300018547601 -0.000510826752424 0.00172930358645 
0.000849495424951 0.00263627739761 -0.000809607870251 0.00111672453832 0.00160766808522 0.0025774356802 0.00201269999335 0.00421705823592 0.00424026914783 -0.00112369722051 0.00104461489165 0.0315591948453 0.00107180625454 0.000974904351804 0.00298843809043 0.00280149040486 -0.00152402122609 0.00105620758241 0.000390162606709 0.00251963287634 
0.000315681268898 0.000813617175063 -0.000469095911704 0.0040586830991 0.00158175736787 0.00142661600629 0.00424148707146 0.00631760060563 0.00147558547289 0.000507767748015 -2.94458328821e-06 0.00107180625454 0.0198598498721 0.00110879948563 0.00323602769951 0.00218733666344 -0.000882508280745 0.0012413084096 0.000915469633399 0.000799310053512 
0.00226518826867 0.00283047257315 0.00291091677068 0.000820626096538 0.00179902626932 0.000750452483833 0.000432009303243 0.000131358792914 0.00180471144158 0.000715844164269 0.00165367438421 0.000974904351804 0.00110879948563 0.0159890992582 0.000675676458621 0.00276049984668 -0.00122405588543 0.00289011409221 0.00210157675955 0.000330555438267 
0.0029990229504 0.00176273088426 0.000706243267218 0.000954656261013 0.000705552441479 -0.000796710933473 0.0017333701934 0.000970839867655 0.00105722839947 0.00298060454597 0.00330731748019 0.00298843809043 0.00323602769951 0.000675676458621 0.0421973799489 0.000210402677829 -0.00287382988877 0.00132707878603 -0.000174360695786 0.00140046832276 
0.00302602883926 0.00372493719647 0.00136591854254 -0.000405188399456 0.00275379778533 0.00066937366164 0.00208989661297 0.0028996149226 0.00377660536275 0.00147128276175 0.00170548634531 0.00280149040486 0.00218733666344 0.00276049984668 0.000210402677829 0.0167128213863 0.000269021795456 0.0042690260147 0.00152958691518 0.00271815114232 
-0.000208612169922 0.00120854643238 -0.000277899340454 -0.00167174175155 0.00331045772985 0.000362643535421 0.000331937388847 -0.00126683267399 0.000323128008125 -0.000357406587318 -0.00168123590292 -0.00152402122609 -0.000882508280745 -0.00122405588543 -0.00287382988877 0.000269021795456 0.117429916735 -0.00133763220821 0.0205928880453 -0.0001368436194 
0.000253203056521 0.00325263462118 0.00285246556065 0.0016968328914 0.0012790549472 0.00467848070721 0.00253230740945 -0.000946422433338 0.00430676270188 0.000187511897006 0.00300018547601 0.00105620758241 0.0012413084096 0.00289011409221 0.00132707878603 0.0042690260147 -0.00133763220821 0.0290265987994 0.000702527288569 0.000215176844276 
0.000193701471556 0.00529019546797 0.000343475532698 0.000620234290693 0.00139478469787 0.000159828456532 0.000523867107523 -0.000262055378034 0.0029550513256 0.00117101208763 -0.000510826752424 0.000390162606709 0.000915469633399 0.00210157675955 -0.000174360695786 0.00152958691518 0.0205928880453 0.000702527288569 0.035241657217 0.00266312533699 
0.00171344786148 0.00351164470627 0.0037057044271 0.00126649912252 0.00149752600415 0.00146430348611 0.00294709266083 0.00244037487856 0.00248931600611 0.000763326832105 0.00172930358645 0.00251963287634 0.000799310053512 0.000330555438267 0.00140046832276 0.00271815114232 -0.0001368436194 0.000215176844276 0.00266312533699 0.0401703053845 

['ROH', 'GDW', 'DE', 'XEL', 'PRU', 'TSG', 'PGL', 'EP', 'GWW', 'FRX', 'TIN', 'SYMC', 'FPL', 'RTN', 'CTXS', 'DHR', 'GT', 'BDK', 'CMX', 'Q']