50
0.110057805124 0.09797045465 0.034888990542 0.0791171504464 0.0737969483193 0.0360508970818 0.00610402508206 0.117315051398 0.148588071013 0.0449819155318 0.0381517477001 0.0169596300077 0.102864057578 0.0495038718221 0.101670797752 0.0110311255814 0.133040507733 0.399937027552 0.00640420781163 0.102922334335 0.0584521455196 -0.00694067656108 0.0181340887913 -0.0108233812146 0.0283013122104 0.0436793340255 0.0301615681032 0.0904248988876 0.128291051585 0.00194148072761 0.0335790413719 0.0966324757555 0.0499403633474 0.0331605059077 0.0479071153807 0.0766259396051 0.0539269159384 0.0621428512979 0.176385145314 0.0946915784272 0.0413299620627 0.0798623823862 0.0445346556631 0.332832739506 0.0283464571838 0.0300310371189 0.065309734793 0.0414486045552 0.0714432896303 0.0121413644826 
0.446234642585 0.0104611582079 0.0184350533077 0.0294608474035 0.00799055260483 0.0368942547795 0.0447784521005 0.00682111801285 0.0613168524843 0.0226309805111 0.00855970607355 0.0512291770148 0.00127847261972 0.00524144338232 0.0334914567713 0.0198018026693 0.0530531839322 0.00834421784865 0.0346219691238 0.0224003266137 0.0344143175571 0.0497250590137 0.0468733926936 0.0089356007461 -0.00269533218456 0.0125376710045 0.0378481130366 0.032403054862 0.0548470620687 0.0531392484827 0.00467896925169 0.0451135362808 0.0138615911824 0.0222349081172 0.0185036810459 0.0565426480908 0.0472200825133 0.0425829369915 0.0385206779342 0.0178210564368 0.0360963047814 0.0589574530833 0.0257752059597 0.0506250316327 0.0154498495634 -0.0149775368703 0.016510491388 0.00677849656826 0.0861934570245 0.0377923178463 
0.0104611582079 0.937062532341 0.00140818893335 0.0124712264087 0.0847919281034 0.00897578111624 0.0189854301641 -0.00519029196508 0.0516210098823 0.0125965862707 0.0604979265703 -0.00120096934272 0.023943989543 -0.00742129731173 0.00416868410922 -0.00534491730643 -0.0250222154143 0.0548398136712 -0.00684096051833 0.00534878376194 0.017347227223 0.0245304306994 -0.016963035008 0.0114169949447 0.0490530862826 -0.0183148774289 -0.00606344637555 -0.00758410067847 -0.0019831027057 0.0441330565915 0.018200503105 -0.010727629584 -0.0218765547157 -0.00724999569372 0.0260217325249 0.0141263692283 -0.00575036317171 0.0194347391637 0.0376040870616 0.0205604823052 -0.00871261266704 -0.0160093468186 0.0102829599666 0.079745764094 0.0168397506502 -0.00955535935424 0.0200754475116 0.169705321597 -0.00663184498962 -0.019651109725 
0.0184350533077 0.00140818893335 0.144172255823 -0.00140682381024 0.00999505963252 0.0129512557113 0.0116877925655 0.0076101525092 0.0307548927408 0.0138883433695 0.0158917245758 0.0273862933223 -0.0036189223273 -0.00546140815365 0.0156013689923 0.00783635053955 0.00669774562109 0.00771268066305 0.0218170840835 0.0141422490013 0.0226892930878 -0.00225260367761 0.0186556417009 0.00967091911264 0.0219364784075 0.0175878114158 0.00602457124696 0.00562381481304 -0.00309944589902 0.00319166312482 0.012362028284 0.0198261154306 0.00638740574209 0.00908371085156 0.0136680446362 0.00699408046606 0.0105168190784 0.0107938512085 -0.00300147888272 0.0166445578643 0.0171251392392 0.0182362119395 0.0206537904587 0.00837299526993 0.0177994244446 0.0273472969227 0.0131831396029 0.0294712866413 -0.00560404294606 0.0180032635511 
0.0294608474035 0.0124712264087 -0.00140682381024 0.379453484018 0.0080785935018 0.0321381717911 0.00158973106039 0.0159339225802 0.0198253244079 0.0245527369696 0.0127829797426 0.0139134411685 0.000983562613219 0.00421184758594 -0.00996681565368 0.0157566109735 0.0159524412704 0.0652851332944 0.0150488172535 0.0177314933076 -0.0133917659592 0.00992366252178 0.0104074968027 0.0185679038184 0.00840241165396 0.00328883837492 0.0393275821601 -0.00691630364078 0.00682360999174 -0.017311880344 0.013300943642 0.000976696185887 0.0154412903124 -0.000832382946086 0.0293590191128 0.0264788209356 0.0176776295429 0.0153696541221 0.0419997810184 -0.00170798918536 0.025336755757 -0.0172786910211 0.048921920966 0.0329856684086 0.0208743736553 0.00656418379052 0.00998116809203 0.00059823477818 -0.0112699848702 -0.0035815935453 
0.00799055260483 0.0847919281034 0.00999505963252 0.0080785935018 0.330120563827 0.00580326407738 0.00816393781385 0.0176085539182 0.0124880067368 0.00157598559173 0.0433221099561 0.0137558240056 0.0280713369312 0.00422161946031 0.00224965478172 0.0210283341591 -0.0113060479915 0.0267281308071 0.00813167833025 0.023904004985 0.00175762278074 -0.0006018940342 0.01306915167 0.0065664672392 0.0172025201466 0.00273624733343 0.0202295465929 -0.00195680226285 0.000335278384401 0.0104446305652 0.000653086677028 0.0269106674959 0.00543012072178 0.00356640779128 0.00444787068523 0.026374054848 0.017174803157 0.023746511161 0.0399302507173 0.0329489329485 0.00719463362153 0.00858542402739 0.0227952994346 -0.00896710506762 0.01315472519 0.00775435631035 0.026421081986 0.0324407172077 0.0135149580744 0.00671529556811 
0.0368942547795 0.00897578111624 0.0129512557113 0.0321381717911 0.00580326407738 0.178818707433 0.0287349795952 0.0196270066402 0.0359521540429 0.0382520737612 0.032198041815 0.0257640330613 0.0362679863302 0.00687493939326 0.0175815816921 0.0173828566373 0.00234278192556 0.0266540876137 0.0216658158146 0.0172323050152 0.00826540783968 0.0211766062813 0.0260621499522 0.00492529428072 0.00234021572165 0.0135466772141 0.0193733656742 0.00788084878118 0.0254833753493 0.0117870609976 0.00484174853574 0.0143440108165 0.0226518596012 0.0190515370031 0.00791317506445 0.0311998916178 0.00678509900764 0.0299976388507 0.0158635439298 0.00974282866207 0.025315864254 0.00388495402092 0.030036897793 0.0165802826032 0.00786113371897 0.00790875809646 0.0147821199269 0.021679923496 0.0116453148748 0.015917045669 
0.0447784521005 0.0189854301641 0.0116877925655 0.00158973106039 0.00816393781385 0.0287349795952 0.169727793122 0.00876859907929 0.0214303845297 0.0319632901843 -0.00255098966994 0.0325534396236 -0.00484073076215 0.00231397843754 0.00387155283247 0.0140981074957 -0.00514043257749 0.0167935759779 0.0206408389754 0.0243813834217 0.0434075920642 0.0152537392282 0.0396020779407 0.0262152360042 0.00926942763431 0.0124656671031 0.0294957827465 -0.00404171653731 0.00429859101133 0.0109522182558 0.0162245677939 0.0255581831097 0.0107001721126 0.0138041020523 0.0162164274036 0.0173502204608 0.00188942352743 0.0192153200546 0.00353191716576 0.0115536412005 0.0158749267329 -0.00265853988076 0.0250219377119 0.0259751073753 0.000365384646024 0.0254339901199 0.00279834214223 0.0143041570784 -0.00670512809476 0.00799092442836 
0.00682111801285 -0.00519029196508 0.0076101525092 0.0159339225802 0.0176085539182 0.0196270066402 0.00876859907929 0.357892040871 0.020808651008 0.0218410315185 -0.00934672180745 0.0027780784845 0.00137268186158 -0.00557464866226 0.0459077388075 0.00494433813069 0.0139494800555 -0.0192027332332 0.00946882153127 0.0143426219137 0.000301460038747 0.0126925728228 0.00391050458639 0.0017529344521 0.0144075723956 0.0197045584106 0.0179545586741 0.0100117959235 0.0741146141528 -0.0040452949914 0.0188454030398 -0.0102529503545 0.0214759079951 0.00955571790161 0.0297191694471 0.0343486724886 0.0158655606407 0.0155553563535 0.027310715361 0.000744612413545 -0.0121172836284 -0.0162309433242 0.0221806904394 -0.0334255013788 0.00866539930814 6.42987191382e-05 0.00127190827959 0.0348678170416 -0.0400018803485 0.0129792018766 
0.0613168524843 0.0516210098823 0.0307548927408 0.0198253244079 0.0124880067368 0.0359521540429 0.0214303845297 0.020808651008 0.46884359477 0.0309575201927 0.00225632780855 0.00593375237835 0.0236098047245 0.0120747543671 0.0201032536076 0.0101395684035 -0.0113577937364 0.0216368596257 -0.0133240635934 0.0417801487243 0.00582105309813 0.0200170484898 0.0535549415433 0.0143323875594 0.0281296164182 0.00126938877667 0.0451777996878 -0.0106193707664 -0.0014437508895 0.0333971501314 0.0255541411272 0.0149267558227 0.0111474238416 0.0145699350942 -0.00642413030572 0.032560835119 0.0229779574114 0.0167884636488 0.0548423585512 0.0212353211918 0.00295406346466 -0.00906721315514 0.01629915397 0.0191487613654 0.00637660517987 -0.005448257696 0.0227124022828 -0.00206497656728 0.00661325689773 0.0126274592976 
0.0226309805111 0.0125965862707 0.0138883433695 0.0245527369696 0.00157598559173 0.0382520737612 0.0319632901843 0.0218410315185 0.0309575201927 0.214356033295 0.0251312913816 0.0289765581015 0.00848934421274 0.0131713544865 0.00111483136396 0.013310521767 0.0125839693192 0.0241764635004 0.0151014595129 0.0141232655545 0.00689075488637 0.00635321811415 0.0212549772375 0.0243592164514 0.00931096744947 0.0101838731934 0.0390286768754 -0.0021717513401 0.0037295873294 0.0280100961291 -3.12353169645e-05 0.0145638173681 0.0245591948868 0.0156515006201 0.0160595448202 0.0463981412224 0.0206810454795 0.0268875057164 0.00988624127736 0.0398884772696 0.0326663154629 -0.00706133120857 0.0323985367796 0.00626383671488 0.0127055425145 0.00830781485404 0.0125552301376 0.0187681245847 -0.00577938925031 0.0299871611743 
0.00855970607355 0.0604979265703 0.0158917245758 0.0127829797426 0.0433221099561 0.032198041815 -0.00255098966994 -0.00934672180745 0.00225632780855 0.0251312913816 0.320319585682 0.0041955632062 0.0284933326873 0.0438937789774 0.0196698544411 -0.0107898444803 0.00652310243627 0.0464548428291 0.012255696381 0.00525009366545 0.0148524082405 0.0709619708879 -0.00911702939001 -0.000229901146875 0.0324860244882 0.00825678972859 -0.000151125843331 0.00634162010183 0.0107696453972 0.0408320776144 0.00894101881096 0.00774489135198 0.00726722515713 0.00167781783703 0.014697427192 0.00306348769709 0.021684805655 0.0145472991909 0.0426485815086 0.0298575218727 -0.00925462137044 -0.00286065617392 0.0259752156854 0.0264693926814 0.0150440873897 0.00645344196042 0.0360632745346 0.0250691330502 0.0216988576535 -0.00332317793287 
0.0512291770148 -0.00120096934272 0.0273862933223 0.0139134411685 0.0137558240056 0.0257640330613 0.0325534396236 0.0027780784845 0.00593375237835 0.0289765581015 0.0041955632062 0.165081797373 0.00401756538605 0.02049728588 0.0108625330635 0.0335706110566 0.0478598346685 0.0247268910607 0.0418760753565 -0.00306205621335 -0.000376850079356 0.00461319349675 0.0242884371028 0.0409652165879 0.00281965282329 0.0387347806478 0.0268174084629 0.0279126773378 0.0111100632203 0.0240797975599 0.00541979894868 0.032777047887 0.0460981032736 0.0194496111201 0.00996571808732 0.015950784208 0.0100367129807 0.0245561547675 0.0196678309426 -8.55574862673e-05 0.00495631701055 0.0258447035305 0.0965619111728 0.0118099169979 0.00937456880785 0.0208961436473 0.00908668622819 0.00834590118599 0.0154824630517 0.0233617840235 
0.00127847261972 0.023943989543 -0.0036189223273 0.00098356261322 0.0280713369312 0.0362679863302 -0.00484073076215 0.00137268186158 0.0236098047245 0.00848934421274 0.0284933326873 0.00401756538605 0.610195251538 0.0677730029278 0.00127772521375 0.00900648619531 -0.00070977273942 0.0259891180044 0.011522672843 -0.0140656896845 0.00337292483967 -0.00499624747808 0.00899284464847 -0.00742373170501 0.0261726183611 0.00043082344712 0.0419260043699 0.0465180582905 -0.00488388136582 0.0188873368576 0.0118675587774 -0.00214099836066 0.00475079334877 0.0126101280447 -0.00143477737731 0.0282577475211 0.0366503068857 0.0501853719038 0.0115187828917 0.0787171949387 0.0126166821475 0.00825758802382 -0.020059996865 -0.00637106453153 0.00355646281185 0.0154298797861 -0.0306729787306 -0.0018947284628 -0.008943569146 0.00426957387552 
0.00524144338232 -0.00742129731173 -0.00546140815365 0.00421184758594 0.00422161946031 0.00687493939326 0.00231397843754 -0.00557464866226 0.0120747543671 0.0131713544865 0.0438937789774 0.02049728588 0.0677730029278 0.31579474049 0.0223465816957 0.00549019306949 -0.0134850330474 0.0271648031568 0.0228901646256 0.00590686013803 0.0188263423515 -0.00138456405081 0.0164964920537 0.0464452358161 0.00143609508848 0.0302737842208 -0.00118517457011 0.00214092516382 0.0242550588448 -0.000133890586136 -0.0144354414681 0.0212381252727 0.00842642516579 -0.0247010590305 -0.010665631459 0.0235901596803 0.0316013146518 0.0109618494262 0.00486899537158 0.00648199440761 0.00877884414631 -0.0101990064383 0.0177138702243 -0.000721442604249 0.00636373542392 0.00177434033384 -0.00282140744309 0.0135967982541 -0.000353033790201 0.00112528090835 
0.0334914567713 0.00416868410922 0.0156013689923 -0.00996681565368 0.00224965478172 0.0175815816921 0.00387155283247 0.0459077388075 0.0201032536076 0.00111483136396 0.0196698544411 0.0108625330635 0.00127772521375 0.0223465816957 0.294450704133 0.00224610577867 -0.000592408821942 0.0329933979958 0.0222366811796 -0.01772954432 0.0124581129522 -0.00909910151744 -0.0209270328521 0.0122536891235 0.0059280020629 0.00152925746848 -4.36857239038e-05 -0.00170898835765 -0.00627841861412 0.0152115096225 0.0103251715491 0.00676114577468 0.0136105381979 0.0017976086724 0.021152648327 0.00214441503849 0.00753926752034 0.000616842842024 -0.0172338181322 0.0163290614763 -0.00628431802874 0.00275385303341 0.005004265952 0.000114069449497 -0.00465888820578 -0.00112100216924 -0.0166290189555 -0.00796886525471 0.0541949421272 0.00863346588048 
0.0198018026693 -0.00534491730643 0.00783635053955 0.0157566109735 0.0210283341591 0.0173828566373 0.0140981074957 0.00494433813069 0.0101395684035 0.013310521767 -0.0107898444803 0.0335706110566 0.00900648619531 0.00549019306949 0.00224610577867 0.134376575574 0.0238654148128 0.00987130694445 0.0285696210026 0.00665684549375 0.0114664880257 -0.0108182065726 0.0229589078137 0.0431858710961 0.0264201203781 0.0264749372727 0.0171392625929 0.0105863789546 0.00197099017089 0.0115641163303 0.00698766830819 0.00716570915644 0.0282052665279 0.0328161026861 0.017391179304 0.016298040425 0.0145853753359 0.031778734315 0.00566597313828 -0.000698285936771 0.0127183722182 0.0181026042665 0.00190203082027 0.00593345611333 0.00722659699391 0.020230892397 0.0158729037167 0.014156390139 0.000945845881501 0.017504080305 
0.0530531839322 -0.0250222154143 0.00669774562109 0.0159524412704 -0.0113060479915 0.00234278192556 -0.00514043257749 0.0139494800555 -0.0113577937364 0.0125839693192 0.00652310243627 0.0478598346685 -0.000709772739419 -0.0134850330474 -0.000592408821942 0.0238654148128 0.421048599951 0.0161974405661 0.0423134533648 -0.0123004551132 0.0175287424033 0.0420855916342 0.00732006242481 0.0577140782029 -0.0104173760846 0.0201661930025 0.0235173375571 0.184192912363 -0.00783513049772 0.0145906909005 -0.0122277896731 -0.0338142056312 0.0470603862332 0.0354225487106 0.0163391979528 0.0107387141484 0.00612546982339 0.0159725154209 0.00123781704184 0.0127805646161 0.00439355404012 0.182067038964 0.0345141805656 -0.030918963324 0.00945337931126 0.02505732129 0.0128119143935 -0.0044927902867 -0.0062243600172 0.0129759801345 
0.00834421784865 0.0548398136712 0.00771268066305 0.0652851332944 0.0267281308071 0.0266540876137 0.0167935759779 -0.0192027332332 0.0216368596257 0.0241764635004 0.0464548428291 0.0247268910607 0.0259891180044 0.0271648031568 0.0329933979958 0.00987130694445 0.0161974405661 1.3159826424 0.0150725286524 0.0349068302905 0.0295824617361 0.0824654960498 0.0427236567126 0.0124039436943 -0.000958486165969 0.0449548041044 0.0096349075339 0.0258485632597 -0.00202691150668 0.0201885472419 0.0314826901576 0.0645128111875 0.0201443353831 -0.00195427895201 0.0108471279419 0.0286206092622 0.0411611886813 0.0185770165632 0.039179322123 0.0549918018532 0.00132564485777 0.0172119654038 -0.00634936917856 0.02207012016 0.0337142126904 0.0262629751168 0.0330453517165 0.0237636013176 0.0351212335804 -0.000651277508191 
0.0346219691238 -0.00684096051833 0.0218170840835 0.0150488172535 0.00813167833025 0.0216658158146 0.0206408389754 0.00946882153127 -0.0133240635934 0.0151014595129 0.012255696381 0.0418760753565 0.011522672843 0.0228901646256 0.0222366811796 0.0285696210026 0.0423134533648 0.0150725286524 0.163334079342 0.022818499554 0.0372047267642 0.0149389929279 0.0281844213461 0.0344046398218 0.0173741549879 0.0246514922374 0.00986950560808 0.0496332068541 0.00272866158303 0.0185134747661 0.0173409887247 0.0312774281778 0.0279117434417 0.026777987428 0.0214168582477 0.0181667637224 0.016538980052 0.016252104801 0.021346848599 -0.000924393077099 0.00624032340539 0.0452898718672 0.0296493434997 0.0254323772122 0.0144648553574 0.0246680462454 0.00542940704154 -0.00691857126242 -0.00304508846999 -0.00126391909181 
0.0224003266137 0.00534878376194 0.0141422490013 0.0177314933076 0.023904004985 0.0172323050152 0.0243813834217 0.0143426219137 0.0417801487243 0.0141232655545 0.00525009366545 -0.00306205621335 -0.0140656896845 0.00590686013803 -0.01772954432 0.00665684549375 -0.0123004551132 0.0349068302905 0.022818499554 0.358536155998 0.0161778615998 0.00409155920411 0.0364362337049 0.0100419406851 0.0121675359448 0.00580754449084 0.0113161492496 0.00612103933773 0.0346758649055 0.00853429550739 0.0377965316879 0.0698167396144 -0.0104371938582 -0.000132832472301 0.0098854363175 0.0322162946059 0.00125132322414 0.0183897218607 0.0564330737029 0.00262959727581 0.0183769996508 0.0100293399738 -0.0134394341336 0.0109483308608 0.0143124477049 -0.00452230322784 0.0567181323467 -0.00397050598522 0.0118435486961 -0.00205876287312 
0.0344143175571 0.017347227223 0.0226892930878 -0.0133917659592 0.00175762278074 0.00826540783968 0.0434075920642 0.000301460038747 0.00582105309813 0.00689075488637 0.0148524082405 -0.000376850079357 0.00337292483967 0.0188263423515 0.0124581129522 0.0114664880257 0.0175287424033 0.0295824617361 0.0372047267642 0.0161778615998 0.322836462431 0.0308096529771 -0.00503223663529 0.0126189856895 0.0190448699753 0.0116109776082 0.0319588556888 0.0285553832877 0.0593279492367 0.0348901381186 0.00797211184481 0.0122969121967 0.0127107678095 0.00804303584561 0.0310409730268 0.0155962650554 0.00806666284193 0.0153195868847 0.00388819126136 0.0132838432807 -0.00871460558094 0.0359649739672 0.0264648720189 0.016379712551 0.015975489109 0.0265499999004 -0.0159468072114 0.0153883196729 0.0238665236234 0.000286605760796 
0.0497250590137 0.0245304306994 -0.00225260367761 0.00992366252178 -0.0006018940342 0.0211766062813 0.0152537392282 0.0126925728228 0.0200170484898 0.00635321811415 0.0709619708879 0.00461319349675 -0.00499624747808 -0.00138456405081 -0.00909910151744 -0.0108182065727 0.0420855916342 0.0824654960498 0.0149389929279 0.00409155920411 0.0308096529771 0.370184276366 0.00450941320579 -0.00750386934042 0.00939445502634 0.00078566459301 0.0163387128615 -0.00725716742583 0.0134784519542 0.0198576657163 0.00637235206001 0.0474472854234 -0.00488313036713 0.00324406399537 -0.00148257214427 0.00447686677549 0.0206163317288 0.0292007977314 0.00140746627517 0.0391679761935 0.0789943061138 0.00612814307192 -0.0157517147457 0.0522788186152 0.0174337651195 -0.0128559064691 0.0109580267973 0.01690853215 0.00616002717347 0.0206509751458 
0.0468733926936 -0.016963035008 0.0186556417009 0.0104074968027 0.01306915167 0.0260621499522 0.0396020779407 0.00391050458639 0.0535549415433 0.0212549772375 -0.00911702939001 0.0242884371028 0.00899284464847 0.0164964920537 -0.0209270328521 0.0229589078137 0.00732006242481 0.0427236567126 0.0281844213461 0.0364362337049 -0.00503223663529 0.00450941320579 0.277596525525 0.0446640782734 -0.00220514863219 0.0187030355571 0.000833837203306 0.0298162872327 -0.00892838253363 0.0138566904995 0.0108246763106 0.0192341301252 0.0373115848591 0.0102174826153 0.0210760414228 -0.00129089063571 0.0280274383055 0.0147735734839 0.0360876270667 0.0147874633915 0.0208103651657 0.0207853535361 0.0172534179187 0.029905850603 0.00265682147807 0.00211860020472 0.0272571520498 0.0165891981533 0.0217622673326 0.00829460743262 
0.0089356007461 0.0114169949447 0.00967091911264 0.0185679038184 0.0065664672392 0.00492529428072 0.0262152360042 0.0017529344521 0.0143323875594 0.0243592164514 -0.000229901146875 0.0409652165879 -0.00742373170501 0.0464452358161 0.0122536891235 0.0431858710961 0.0577140782029 0.0124039436943 0.0344046398218 0.0100419406851 0.0126189856895 -0.00750386934042 0.0446640782734 0.193080433798 0.00547914886813 0.0416757906872 0.00264058587982 0.0243237661921 0.000139778559427 0.0317104429026 -0.00384952851365 0.00400795943287 0.0339894851513 0.0315988669816 0.000857521406816 0.0152065431743 0.029396526021 0.0273352010023 0.0324751562125 0.000640595855222 0.0104462051819 0.0307142715188 0.023501075888 0.0107330053274 0.00773910938276 0.00503084212282 0.0120965309166 0.0207305905247 -0.0181397828941 0.0144246351299 
-0.00269533218456 0.0490530862826 0.0219364784075 0.00840241165396 0.0172025201466 0.00234021572165 0.00926942763431 0.0144075723956 0.0281296164182 0.00931096744947 0.0324860244882 0.0028196528233 0.0261726183611 0.00143609508848 0.0059280020629 0.0264201203781 -0.0104173760846 -0.000958486165969 0.0173741549879 0.0121675359448 0.0190448699753 0.00939445502634 -0.00220514863219 0.00547914886813 0.203102380105 -0.00502888504507 -0.00290811860751 0.00132062344287 0.0253210185217 0.00881493355674 -0.00971657512019 -0.00210790087865 0.00417412156745 0.00278449240703 0.0148980044757 0.00808210172245 -0.00288019526069 0.0136565792085 0.00593892434423 0.0118940877961 0.00982490315307 -0.00372462066579 0.0178922515065 0.000950359080331 0.00993208265413 0.00639413469095 0.0200253931153 0.0204885550436 -0.000477443919218 0.00265493871339 
0.0125376710045 -0.0183148774289 0.0175878114158 0.00328883837492 0.00273624733343 0.0135466772141 0.0124656671031 0.0197045584106 0.00126938877667 0.0101838731934 0.00825678972859 0.0387347806478 0.000430823447119 0.0302737842208 0.00152925746848 0.0264749372727 0.0201661930025 0.0449548041044 0.0246514922374 0.00580754449084 0.0116109776082 0.000785664593009 0.0187030355571 0.0416757906872 -0.00502888504507 0.189558466098 0.0305852959553 0.0402872687155 -0.0126787344052 0.0235559336321 -0.00396681176107 0.0147051677475 0.0555687512723 0.0247428980438 0.0215127437067 0.0118962830923 0.00514109435509 0.0195683571212 0.0206588951917 0.00114212596444 0.0132536280286 0.0446020363474 0.0262122539334 0.0187833146862 0.00444715438998 0.00831603802561 0.0104027558786 -6.42642206236e-05 -0.0220149406374 0.0275789440372 
0.0378481130366 -0.00606344637555 0.00602457124696 0.0393275821601 0.0202295465929 0.0193733656742 0.0294957827465 0.0179545586741 0.0451777996878 0.0390286768754 -0.000151125843332 0.0268174084629 0.0419260043699 -0.00118517457011 -4.36857239039e-05 0.0171392625929 0.0235173375571 0.0096349075339 0.00986950560808 0.0113161492496 0.0319588556888 0.0163387128615 0.000833837203306 0.00264058587982 -0.00290811860751 0.0305852959553 0.205459377703 0.0191517601889 -0.0133441838023 0.019112296878 0.0113639663794 0.0236865089928 0.034184778225 0.0153464139406 0.0305503696759 0.0062541304265 0.0264772847111 0.0314372089551 0.0207082723915 0.0442168285135 0.0128186604432 0.0101967606642 0.0368898247875 0.0124175985713 0.0291438827337 0.00339402335692 0.00816305175553 0.0183681736964 -0.0273195384092 0.0169447939581 
0.032403054862 -0.00758410067847 0.00562381481304 -0.00691630364078 -0.00195680226285 0.00788084878118 -0.00404171653731 0.0100117959235 -0.0106193707664 -0.00217175134011 0.00634162010183 0.0279126773378 0.0465180582905 0.00214092516382 -0.00170898835765 0.0105863789546 0.184192912363 0.0258485632597 0.0496332068541 0.00612103933773 0.0285553832877 -0.00725716742583 0.0298162872327 0.0243237661921 0.00132062344287 0.0402872687155 0.0191517601889 0.308386421339 -0.0120357337567 0.013775825172 0.000463883419083 -0.00205140751961 0.0621117621312 0.0109781737035 0.0312707125328 -0.00396668423921 -0.00399576659988 0.0258663953193 0.026325271497 -0.00135196331219 -0.0215762871499 0.159274297964 0.0151174357195 0.00365035470671 -0.00499089887978 0.0195143988511 0.0180356694348 -0.00302384017094 -0.00536118411157 0.0080455213862 
0.0548470620687 -0.0019831027057 -0.00309944589902 0.00682360999174 0.000335278384401 0.0254833753493 0.00429859101133 0.0741146141528 -0.0014437508895 0.0037295873294 0.0107696453972 0.0111100632203 -0.00488388136582 0.0242550588448 -0.00627841861412 0.00197099017089 -0.00783513049772 -0.00202691150668 0.00272866158303 0.0346758649055 0.0593279492367 0.0134784519542 -0.00892838253363 0.000139778559427 0.0253210185217 -0.0126787344052 -0.0133441838023 -0.0120357337567 0.489442548255 0.0289308833094 0.0268166298838 0.0273934731719 0.00523632383012 0.00247591580207 -0.00604535801227 0.02543194597 -0.0043065112759 0.00933208060612 0.0101289152282 0.013665367343 0.0241974227117 0.00687404344246 0.0420850960467 0.0141573835633 0.0263334087317 0.00323991352834 0.0121108111541 0.0473251075183 0.0199518137779 0.00696754972566 
0.0531392484827 0.0441330565915 0.00319166312482 -0.017311880344 0.0104446305652 0.0117870609976 0.0109522182558 -0.0040452949914 0.0333971501314 0.0280100961291 0.0408320776144 0.0240797975599 0.0188873368576 -0.000133890586136 0.0152115096225 0.0115641163303 0.0145906909005 0.0201885472419 0.0185134747661 0.00853429550739 0.0348901381186 0.0198576657163 0.0138566904995 0.0317104429026 0.00881493355674 0.0235559336321 0.019112296878 0.013775825172 0.0289308833094 0.201740821471 -0.000216606589202 0.0263824571668 0.0169465898481 0.0158595376722 0.0168382109163 0.0243259086583 0.0308457386275 0.0232391766613 0.0451037668484 0.0181851680624 0.0228548993397 0.0303939412592 0.0157764791094 0.00545631409032 0.0266492001109 0.0109102500285 0.00235604114569 0.0305544400145 0.0287947895579 0.0168543005837 
0.00467896925169 0.018200503105 0.012362028284 0.013300943642 0.000653086677028 0.00484174853574 0.0162245677939 0.0188454030398 0.0255541411272 -3.12353169647e-05 0.00894101881096 0.00541979894868 0.0118675587774 -0.0144354414681 0.0103251715491 0.00698766830819 -0.0122277896731 0.0314826901576 0.0173409887247 0.0377965316879 0.00797211184481 0.00637235206001 0.0108246763106 -0.00384952851365 -0.00971657512019 -0.00396681176107 0.0113639663794 0.000463883419082 0.0268166298838 -0.000216606589202 0.242201699479 0.0390661095637 0.028107734252 -0.00779991349715 0.0121086944484 0.0173563119834 0.0204179947115 0.0217691132044 0.00980014775702 -0.000831544680028 -0.00902037797111 0.00483754256364 0.0004410221525 0.00795812002102 0.0132303742977 0.00532481531704 0.011195980911 -0.00416412634139 -0.00367679570979 0.00316866485235 
0.0451135362808 -0.010727629584 0.0198261154306 0.000976696185887 0.0269106674959 0.0143440108165 0.0255581831097 -0.0102529503545 0.0149267558227 0.0145638173681 0.00774489135198 0.032777047887 -0.00214099836066 0.0212381252727 0.00676114577468 0.00716570915644 -0.0338142056312 0.0645128111875 0.0312774281778 0.0698167396144 0.0122969121967 0.0474472854234 0.0192341301252 0.00400795943287 -0.00210790087865 0.0147051677475 0.0236865089928 -0.00205140751961 0.0273934731719 0.0263824571668 0.0390661095637 0.456066670674 0.011384212629 0.0204920743141 0.00464993779825 0.0461756692731 0.0132722262171 0.00625861606489 0.0399077650829 0.0180011874803 0.0037881266764 0.00857109133383 0.0332908251063 0.060225704121 0.0306269788758 0.0151599795405 0.010535899235 -0.00668084413446 0.00277020064828 -0.00491136339133 
0.0138615911824 -0.0218765547157 0.00638740574209 0.0154412903124 0.00543012072178 0.0226518596012 0.0107001721126 0.0214759079951 0.0111474238416 0.0245591948868 0.00726722515713 0.0460981032736 0.00475079334877 0.00842642516579 0.0136105381979 0.0282052665279 0.0470603862332 0.0201443353831 0.0279117434417 -0.0104371938582 0.0127107678095 -0.00488313036713 0.0373115848591 0.0339894851513 0.00417412156745 0.0555687512723 0.034184778225 0.0621117621312 0.00523632383012 0.0169465898481 0.028107734252 0.011384212629 0.25307963412 0.046944705423 0.0207156516598 0.0164788747543 0.00318669390801 0.0255683033909 0.0528861615121 0.000385411983709 0.0160839706128 0.0431077066644 0.0216139121417 0.00592414108661 0.0139687241549 0.0170022037137 0.015216018497 0.0157318203612 0.00826335344687 0.056888795118 
0.0222349081172 -0.00724999569372 0.00908371085156 -0.000832382946086 0.00356640779128 0.0190515370031 0.0138041020523 0.00955571790161 0.0145699350942 0.0156515006201 0.00167781783703 0.0194496111201 0.0126101280447 -0.0247010590305 0.0017976086724 0.0328161026861 0.0354225487106 -0.00195427895201 0.026777987428 -0.000132832472301 0.00804303584561 0.00324406399537 0.0102174826153 0.0315988669816 0.00278449240703 0.0247428980438 0.0153464139406 0.0109781737035 0.00247591580207 0.0158595376722 -0.00779991349715 0.0204920743141 0.046944705423 0.141132702043 0.0177301601567 0.00451434638815 0.0182823900294 0.0186029382538 0.0286289880004 0.00186840816213 0.0192381579484 0.0164501528353 -0.00510332535166 0.0319963099415 0.022847008413 0.00957234516561 0.0110695463148 0.00763654462967 0.00248096224381 0.012166943845 
0.0185036810459 0.0260217325249 0.0136680446362 0.0293590191128 0.00444787068523 0.00791317506445 0.0162164274036 0.0297191694471 -0.00642413030572 0.0160595448202 0.014697427192 0.00996571808732 -0.00143477737731 -0.010665631459 0.021152648327 0.017391179304 0.0163391979528 0.0108471279419 0.0214168582477 0.0098854363175 0.0310409730268 -0.00148257214427 0.0210760414228 0.000857521406816 0.0148980044757 0.0215127437067 0.0305503696759 0.0312707125328 -0.00604535801227 0.0168382109163 0.0121086944484 0.00464993779825 0.0207156516598 0.0177301601567 0.230131451344 0.0180753821234 -0.00883576474109 0.0167290930476 -0.00864546116409 0.0173536205051 0.00889041661377 0.0275934006002 0.0314213947894 0.00856660200679 0.00287079954004 0.0118028399333 -0.00315991334814 0.0441599957669 0.011452467337 0.00855133593205 
0.0565426480908 0.0141263692283 0.00699408046606 0.0264788209356 0.026374054848 0.0311998916178 0.0173502204608 0.0343486724886 0.032560835119 0.0463981412224 0.00306348769709 0.015950784208 0.0282577475211 0.0235901596803 0.00214441503849 0.016298040425 0.0107387141484 0.0286206092622 0.0181667637224 0.0322162946059 0.0155962650554 0.00447686677549 -0.00129089063571 0.0152065431743 0.00808210172245 0.0118962830923 0.0062541304265 -0.00396668423921 0.02543194597 0.0243259086583 0.0173563119834 0.0461756692731 0.0164788747543 0.00451434638815 0.0180753821234 0.247832938978 0.0307681912253 0.0218762811651 0.0218716409254 -0.00178467016729 0.00463713759045 0.0131004802102 0.0264364893179 -0.0177410714194 0.0250110277635 -0.0118683446883 0.00872349234852 0.0189642963063 -0.00965361913255 0.0191127170018 
0.0472200825133 -0.00575036317171 0.0105168190784 0.0176776295429 0.017174803157 0.00678509900764 0.00188942352743 0.0158655606407 0.0229779574114 0.0206810454795 0.021684805655 0.0100367129807 0.0366503068857 0.0316013146518 0.00753926752034 0.0145853753359 0.00612546982339 0.0411611886813 0.016538980052 0.00125132322414 0.00806666284193 0.0206163317288 0.0280274383055 0.029396526021 -0.00288019526069 0.00514109435509 0.0264772847111 -0.00399576659988 -0.0043065112759 0.0308457386275 0.0204179947115 0.0132722262171 0.00318669390801 0.0182823900294 -0.00883576474109 0.0307681912253 0.224269372379 0.0234084526235 0.0292680566883 0.0343727055478 0.0166709156821 0.0178514192378 0.0116316409135 0.0038769383649 0.00767088456271 0.00643070043222 0.0124570504753 0.00589522682457 -0.00519994274299 0.0183945420185 
0.0425829369915 0.0194347391637 0.0107938512085 0.0153696541221 0.023746511161 0.0299976388507 0.0192153200546 0.0155553563535 0.0167884636488 0.0268875057164 0.0145472991909 0.0245561547675 0.0501853719038 0.0109618494262 0.000616842842024 0.031778734315 0.0159725154209 0.0185770165632 0.016252104801 0.0183897218607 0.0153195868847 0.0292007977314 0.0147735734839 0.0273352010023 0.0136565792085 0.0195683571212 0.0314372089551 0.0258663953193 0.00933208060612 0.0232391766613 0.0217691132044 0.00625861606488 0.0255683033909 0.0186029382538 0.0167290930476 0.0218762811651 0.0234084526235 0.164096644203 0.00831211383619 0.0157311042947 0.0218337992921 0.00540948934064 0.00359568795985 0.032731029251 0.0255718762216 0.0136676312521 -6.54288443961e-06 0.0108784869901 0.00747026358159 0.0162650135534 
0.0385206779342 0.0376040870616 -0.00300147888272 0.0419997810184 0.0399302507173 0.0158635439298 0.00353191716576 0.027310715361 0.0548423585512 0.00988624127736 0.0426485815086 0.0196678309426 0.0115187828917 0.00486899537158 -0.0172338181322 0.00566597313828 0.00123781704184 0.039179322123 0.021346848599 0.0564330737029 0.00388819126136 0.00140746627517 0.0360876270667 0.0324751562125 0.00593892434423 0.0206588951917 0.0207082723915 0.026325271497 0.0101289152282 0.0451037668484 0.00980014775702 0.0399077650829 0.0528861615121 0.0286289880004 -0.00864546116409 0.0218716409254 0.0292680566883 0.00831211383619 0.614142942799 0.000996243604047 -0.00777675173834 0.00389838709346 0.0281022984287 0.0524142495059 0.0158394013179 0.00642417619246 0.0503689666997 0.0119982671008 0.0155962424163 -0.0229670615512 
0.0178210564368 0.0205604823052 0.0166445578643 -0.00170798918536 0.0329489329485 0.00974282866207 0.0115536412005 0.000744612413545 0.0212353211918 0.0398884772696 0.0298575218727 -8.55574862678e-05 0.0787171949387 0.00648199440761 0.0163290614763 -0.000698285936772 0.0127805646161 0.0549918018532 -0.000924393077099 0.00262959727581 0.0132838432807 0.0391679761935 0.0147874633915 0.000640595855222 0.0118940877961 0.00114212596444 0.0442168285135 -0.00135196331219 0.013665367343 0.0181851680624 -0.000831544680028 0.0180011874803 0.000385411983709 0.00186840816213 0.0173536205051 -0.00178467016729 0.0343727055478 0.0157311042947 0.000996243604047 0.354937884545 -0.00504437971142 0.0115176923251 0.00618439745566 0.0434106207257 0.0328499545173 -0.00262416271717 0.0395110797067 0.00827270347245 0.0129828558327 0.00487259427353 
0.0360963047814 -0.00871261266704 0.0171251392392 0.025336755757 0.00719463362153 0.025315864254 0.0158749267329 -0.0121172836284 0.00295406346466 0.0326663154629 -0.00925462137044 0.00495631701055 0.0126166821475 0.00877884414631 -0.00628431802874 0.0127183722182 0.00439355404013 0.00132564485777 0.00624032340539 0.0183769996508 -0.00871460558094 0.0789943061138 0.0208103651657 0.0104462051819 0.00982490315307 0.0132536280286 0.0128186604432 -0.0215762871499 0.0241974227117 0.0228548993397 -0.00902037797111 0.0037881266764 0.0160839706128 0.0192381579484 0.00889041661377 0.00463713759045 0.0166709156821 0.0218337992921 -0.00777675173834 -0.00504437971142 0.283516309686 -0.0127169585788 0.00536615277728 -0.00120485560094 0.0193067760985 0.0119409030632 0.0159957475717 0.00290702291076 0.0191457232397 0.0198276421841 
0.0589574530833 -0.0160093468186 0.0182362119395 -0.0172786910211 0.00858542402739 0.00388495402092 -0.00265853988076 -0.0162309433242 -0.00906721315514 -0.00706133120857 -0.00286065617392 0.0258447035305 0.00825758802382 -0.0101990064383 0.00275385303341 0.0181026042665 0.182067038964 0.0172119654038 0.0452898718672 0.0100293399738 0.0359649739672 0.00612814307192 0.0207853535361 0.0307142715188 -0.00372462066579 0.0446020363474 0.0101967606642 0.159274297964 0.00687404344246 0.0303939412592 0.00483754256363 0.00857109133383 0.0431077066644 0.0164501528353 0.0275934006002 0.0131004802102 0.0178514192378 0.00540948934064 0.00389838709346 0.0115176923251 -0.0127169585788 0.339912573803 0.0405506369612 0.000668215721792 0.00370700760739 0.0188920683239 0.0184744198751 0.0134304315705 0.0396759604007 0.00562154413102 
0.0257752059597 0.0102829599666 0.0206537904587 0.048921920966 0.0227952994346 0.030036897793 0.0250219377119 0.0221806904394 0.01629915397 0.0323985367796 0.0259752156854 0.0965619111728 -0.020059996865 0.0177138702243 0.005004265952 0.00190203082027 0.0345141805656 -0.00634936917857 0.0296493434997 -0.0134394341336 0.0264648720189 -0.0157517147457 0.0172534179187 0.023501075888 0.0178922515065 0.0262122539334 0.0368898247875 0.0151174357195 0.0420850960467 0.0157764791094 0.0004410221525 0.0332908251063 0.0216139121417 -0.00510332535166 0.0314213947894 0.0264364893179 0.0116316409135 0.00359568795985 0.0281022984287 0.00618439745566 0.00536615277728 0.0405506369612 0.60809062587 0.033584281006 0.0108335426519 0.0131135141729 -0.0315929319755 0.0241577098638 0.0471738443445 -0.0052388723232 
0.0506250316327 0.079745764094 0.00837299526993 0.0329856684086 -0.00896710506762 0.0165802826032 0.0259751073753 -0.0334255013788 0.0191487613654 0.00626383671488 0.0264693926814 0.0118099169979 -0.00637106453153 -0.000721442604249 0.000114069449497 0.00593345611333 -0.030918963324 0.02207012016 0.0254323772122 0.0109483308608 0.016379712551 0.0522788186152 0.029905850603 0.0107330053274 0.000950359080331 0.0187833146862 0.0124175985713 0.00365035470671 0.0141573835633 0.00545631409032 0.00795812002102 0.060225704121 0.00592414108661 0.0319963099415 0.00856660200679 -0.0177410714194 0.0038769383649 0.032731029251 0.0524142495059 0.0434106207257 -0.00120485560094 0.000668215721791 0.033584281006 0.510384719408 0.0186589911238 0.00896872156829 0.0208356766204 0.0180374375589 0.0159104917664 0.00477499807009 
0.0154498495634 0.0168397506502 0.0177994244446 0.0208743736553 0.01315472519 0.00786113371897 0.000365384646024 0.00866539930814 0.00637660517987 0.0127055425145 0.0150440873897 0.00937456880786 0.00355646281185 0.00636373542392 -0.00465888820578 0.00722659699391 0.00945337931126 0.0337142126904 0.0144648553574 0.0143124477049 0.015975489109 0.0174337651195 0.00265682147807 0.00773910938276 0.00993208265413 0.00444715438998 0.0291438827337 -0.00499089887978 0.0263334087317 0.0266492001109 0.0132303742977 0.0306269788758 0.0139687241549 0.022847008413 0.00287079954004 0.0250110277635 0.00767088456271 0.0255718762216 0.0158394013179 0.0328499545173 0.0193067760985 0.00370700760739 0.0108335426519 0.0186589911238 0.182804225881 0.00400374645053 0.0123151125245 0.0158430175349 0.00216781103244 0.0141884375432 
-0.0149775368703 -0.00955535935424 0.0273472969227 0.00656418379052 0.00775435631035 0.00790875809646 0.0254339901199 6.42987191386e-05 -0.005448257696 0.00830781485404 0.00645344196042 0.0208961436473 0.0154298797861 0.00177434033384 -0.00112100216924 0.020230892397 0.02505732129 0.0262629751168 0.0246680462454 -0.00452230322784 0.0265499999004 -0.0128559064691 0.00211860020472 0.00503084212282 0.00639413469095 0.00831603802561 0.00339402335692 0.0195143988511 0.00323991352834 0.0109102500285 0.00532481531704 0.0151599795405 0.0170022037137 0.00957234516561 0.0118028399333 -0.0118683446883 0.00643070043222 0.0136676312521 0.00642417619246 -0.00262416271717 0.0119409030632 0.0188920683239 0.0131135141729 0.00896872156829 0.00400374645053 0.260099846946 -0.000878230814244 0.0203647218749 0.00720293943753 -0.00113679425655 
0.016510491388 0.0200754475116 0.0131831396029 0.00998116809203 0.026421081986 0.0147821199269 0.00279834214223 0.00127190827959 0.0227124022828 0.0125552301376 0.0360632745346 0.00908668622819 -0.0306729787306 -0.00282140744309 -0.0166290189555 0.0158729037167 0.0128119143935 0.0330453517165 0.00542940704154 0.0567181323467 -0.0159468072114 0.0109580267973 0.0272571520498 0.0120965309166 0.0200253931153 0.0104027558786 0.00816305175553 0.0180356694348 0.0121108111541 0.00235604114569 0.011195980911 0.010535899235 0.015216018497 0.0110695463148 -0.00315991334814 0.00872349234852 0.0124570504753 -6.54288443966e-06 0.0503689666997 0.0395110797067 0.0159957475717 0.0184744198751 -0.0315929319755 0.0208356766204 0.0123151125245 -0.000878230814244 0.303681599453 0.0561652984101 0.0145906207055 0.0182719228903 
