60
0.0449819155318 0.13588321519 0.0373342989671 0.0289140833203 0.149701567326 0.0493061267197 -0.00139328324831 0.143358946574 0.0336878097659 0.0831393543584 0.12825177486 0.0444205393046 0.10643743266 0.0247676168055 0.0422860283868 0.00388664565626 0.104550469133 0.0413299620627 0.0277880817415 0.067616439087 0.0541634245192 0.176756138136 0.0493934577213 0.0963264580192 0.0824662750087 0.0129348444485 0.0363676427781 0.022553065058 0.09797045465 0.00792878112812 0.0585004976968 0.131188957491 0.161692830297 0.0230030392576 0.0524718958424 -0.00773505516991 0.116406698245 0.0825599502725 0.00238062118955 0.0275413533974 0.0609589558998 0.0571643700905 0.124759587163 0.168192385625 0.139274044211 0.102922334335 0.0123351660469 0.0657027666716 0.099400173405 0.134016582451 0.0498631258667 0.170228010564 0.0524263551757 0.034888990542 0.0511719962834 0.0415957971797 0.165506763093 0.234070828585 0.0594362545722 0.0534982218633 
0.193778653235 0.0574579546243 0.0158674256627 -0.00847630948697 -0.000567825752134 0.01094351131 0.0123499154236 0.0226552088249 0.0250393312377 0.0147226668532 0.0244419477475 0.0228273232573 0.0164894238483 0.0227049537805 0.00753550394973 0.00597396093847 0.00385258541627 0.0224913478115 0.0379243924993 0.0308485542987 0.0234341487972 0.0307854085405 0.0160558221978 0.0147299431938 0.00541191656324 0.00652117943681 0.0172126285499 0.0209504960239 0.0121782284363 0.0398407978558 0.0118801048585 0.00524643863523 0.0524161790448 0.034205881166 0.0158856537082 0.0245400971717 0.0123269744433 0.0429100122325 0.0151300488037 0.0163054372677 0.0112027191984 0.0318587957272 0.0179221251118 0.00967163208249 0.0199067613997 0.00842463134569 0.0116431363732 0.00280392905727 0.00872574301552 0.0441036772076 0.0381766333069 0.0131258212075 0.0193750658617 0.0207256219402 0.0222011364391 0.0236746073789 0.00964402842202 0.0124044967708 0.00613664883047 0.0250171861313 
0.0574579546243 1.17968805239 -0.0123784824862 -0.00703172727183 -0.013198325485 0.00138013777111 0.0042955510778 0.208638642532 0.00679894894954 0.0147746044582 -0.0243553185875 -0.00381918466019 -0.0375581470292 0.00671631956453 0.0106438146937 0.0152880801151 -0.00988184495064 -0.0141672480651 0.0139222202343 0.0235775344535 -0.0139136628682 0.0142528890823 -0.0117863761082 0.0105614123436 -0.0215660280049 -0.0154711652937 -0.000148924808906 -0.015410861342 0.0129390229692 0.0166293981377 -0.0246220342308 -0.00617176282324 0.019133503103 0.00853696166478 0.00050532678931 0.0320331682202 -0.0280934606476 -0.00621387534577 0.00652812248323 0.0203921249598 0.0349398076963 -0.0154483876455 0.0970311313519 0.0254593895565 0.0207842394281 0.018579464688 -0.0262567982395 -0.0103711590836 0.0372914449869 0.0216004774614 0.00955609418171 0.0368464350612 0.00548096853506 0.00638503418091 -0.00489033990367 -0.00347679008592 0.00652657880807 0.0836084190573 0.029674300872 0.041551620144 
0.0158674256627 -0.0123784824862 0.248844639102 0.0454320623449 0.0255769920172 0.00851144742396 -0.0047257107417 0.00644121301613 0.0222791983721 0.0108800525541 0.0266563448171 0.0172433006615 0.0342220546425 0.0084184653698 0.0261436657274 0.0468574983549 0.0049138569873 0.0166403704394 0.0219692666251 0.0368829986692 -0.00630776003098 0.0308347549177 0.0121907264368 0.00247221071906 0.0434589318385 0.00113234781289 0.00124155050747 -0.00895489031978 -0.0190223787274 0.0269692417103 0.0086399126679 0.0303349276833 0.0245653365284 0.0102071209201 0.00330750120188 0.0431257854905 0.0304347480854 0.0027468237287 0.043059384289 -0.00149583727885 0.00397189417651 0.0263299546413 0.00551375770371 -0.00750691942534 0.0219739368757 -0.00321073173775 -0.00324654930538 0.0166800320913 -0.011314915262 0.0146627389321 0.0124175354916 0.014963740061 -0.0156804601927 0.0249284457242 0.00781381844107 -0.00521652422245 0.0171389749101 0.0191532889991 0.0221817434601 0.0128881604255 
-0.00847630948697 -0.00703172727183 0.0454320623449 0.208191703371 0.0288071518951 -0.00230773331165 0.0157621145608 0.0107342346748 -0.002323616519 0.0127908249928 0.0297763667471 0.00486865479259 0.00967793356276 0.00100455100645 0.0131531368237 0.0440414039398 0.0227106610704 0.016881471073 0.00305929383796 0.0165707202284 -0.00651992285541 0.00817510556222 0.010027530201 -0.00167449898934 0.0391480505298 0.00877008289949 0.00452497507565 0.0136615615804 -0.0131112874685 0.0168704189959 0.0145026347549 0.0176181144651 0.0275822286358 0.0151957489544 0.0172279280553 0.0472065047769 0.0214413215821 -0.00928607184867 0.0454589993092 0.0233648788556 0.00497568144443 0.0287651554124 0.0147828045689 0.00356656167096 0.0201084538871 -0.00540717727656 0.00152584430935 0.0279004742352 -0.00563865646211 0.00993800524576 0.0126500778275 -0.0129508649186 0.0122927662486 0.0334537387432 0.00736010909776 0.00363023269055 0.0103868854375 0.0190063481276 0.0322877043038 0.00605145978132 
-0.000567825752134 -0.013198325485 0.0255769920172 0.0288071518951 0.453221826793 0.0169481771956 0.0103075944116 -0.0100293436847 0.0156794829424 0.0138993076287 -0.00658956269781 -0.00175879829655 0.0583424369388 -0.013427214106 -0.0110044131446 -0.00668220912144 0.0601818673138 0.00231174903066 -0.0150537281515 0.0339826242865 0.00609768705359 0.0107605505322 0.0059513331904 0.0177819498579 -0.0046104265111 -0.00898943431667 -0.00313400291583 -0.0211085110411 0.00498524351207 -0.0137926408387 0.0212204751357 0.0471573373352 0.0247288208177 0.0077172065756 -0.00772044304562 -0.00159570557193 0.0416888055344 -0.00665668556011 0.0109488106818 0.000583884669266 0.0157931755109 0.0117897866068 0.0891800770997 0.0221906186958 0.0511986758627 0.0107820753731 0.020752762837 0.0126282562912 0.000795412200827 0.0220908817585 -0.00526425669209 0.0069849044809 0.0746235205235 -0.00244032320559 -0.00966048575619 0.00611935083371 0.0319179380249 0.0550534509399 0.0250429060017 0.0209618019714 
0.01094351131 0.00138013777111 0.00851144742396 -0.00230773331165 0.0169481771956 0.195299893168 0.0228470605952 -0.00150337766766 0.0201712221785 0.0109838894144 -0.0155895450228 0.00624404604802 0.00959285116446 0.0089299940528 -0.00558490335876 0.0236546457241 0.0302348465853 0.0506192218868 -2.5847799228e-05 0.0180818401 -0.0101354814879 0.0303028050568 0.0131609042039 -0.00120111142868 0.0430369182156 0.0138489085499 -0.00502277840222 0.0017564764246 0.00910201960766 0.0113436211126 0.0354365891407 0.0210307717422 0.00490744153663 0.00423824263558 0.00358013570131 0.00671551173854 0.0106437584211 0.0107428178813 0.0120300385606 -0.0167758181011 0.0224829566081 0.00757629691513 0.0060903466309 0.066476918728 0.0405043649506 -0.00471345852936 0.00232815484294 0.00715216828605 0.0325455637846 0.00440028675374 0.0425045383323 0.00229299407539 0.0322513643954 0.002998742359 -0.0062585288141 0.0113615667904 0.0124036821054 0.0273287213661 0.021570710946 0.0185126537812 
0.0123499154236 0.0042955510778 -0.0047257107417 0.0157621145608 0.0103075944116 0.0228470605952 0.345465323555 -0.00371866143753 0.0304636765113 0.032901104113 0.042012366383 0.00333262636233 0.0322048366318 0.016341736792 0.00292589372889 0.0111777403694 -0.0156707989103 0.01812582991 0.0198684944341 0.0192070552211 0.00486615835564 -0.022333458624 0.00119456593637 0.0256703736234 0.00112474490103 0.0387219698155 0.0208861221368 0.0255015563172 0.00599649703151 -0.00317936508192 0.0068868156672 0.013861940993 -0.058390960291 0.00525037340242 -0.00259300396296 0.00899258051481 -0.0240374667302 0.0256821662396 0.0144217080068 0.0177116234213 0.0161997292457 0.00753791285287 -0.00886869203799 -0.0107704308718 0.0041522617173 0.0324226179355 -0.00866974401419 -0.00400383413702 0.0305138742933 0.00376906153322 0.00814066493797 0.0217963984304 0.0232280442617 0.0189182180067 -0.0127229125959 0.00751431598046 0.0320960964903 0.0487952907399 0.0271593816053 0.0149425685722 
0.0226552088249 0.208638642532 0.00644121301613 0.0107342346748 -0.0100293436847 -0.00150337766766 -0.00371866143753 0.626835006115 0.0110143626828 -0.00758965908139 0.0456901237069 0.0243955622651 0.024061989568 0.0155672605021 0.0121388416106 0.0383843472595 -0.0028393696454 0.0149544197776 0.0186223509011 -0.00185481180175 -0.00964211141253 -0.000215894205795 0.0116025694061 0.0561373251666 0.0546840864613 -0.000109073184197 0.0140112669846 -0.00965189750875 0.00713634499107 -0.00669391211161 -0.00218828897536 0.0279064627576 0.0329169083961 0.0175307281133 0.00925989503576 0.0224835592635 0.018769493396 0.00415906197276 0.0297847530256 0.0469940069032 0.0601472809986 0.0106968583565 0.0313695281776 0.0374938853545 0.0526637296795 -0.0121996571593 -0.0217456530464 0.0134715195769 0.00158283580775 -0.00399057624947 0.0280440806108 -0.0198050796499 0.0138286853221 0.0162157231286 0.00778149900776 0.0157142032834 0.0554220611376 0.0133177606575 0.0184121495316 0.0148251872353 
0.0250393312377 0.00679894894954 0.0222791983721 -0.002323616519 0.0156794829424 0.0201712221785 0.0304636765113 0.0110143626828 0.312164863986 0.0398671947869 -0.0290137246462 0.0195807185207 0.0203804535544 0.0207931153794 0.0595535096685 -0.000364744793776 0.0121989595873 0.0214286795461 0.0118206415181 0.0151236724107 0.0256821370937 0.0323963169852 0.0171989491779 0.0176316027566 0.0110996228966 0.00259582766598 0.0388520112456 0.0239177169639 0.0532877804673 0.00317623720844 0.0251650281822 0.0566996902273 0.0247385479932 0.0170167391404 0.00368879205932 0.0195282295768 0.0725565609993 0.0181984342309 0.000594202528901 0.0209453947434 0.0334654079049 0.0411433096885 0.00572549802802 -0.0113708922792 0.0156994668785 0.0558280061795 0.00267429254774 0.0130157320665 0.0663889820577 0.0223268083974 0.0196820629789 0.00832073047843 0.00785794426582 0.0151241393645 0.0091856664667 0.0259810205187 0.0261451378049 0.0157702552086 0.0266436962602 0.0578386474885 
0.0147226668532 0.0147746044582 0.0108800525541 0.0127908249928 0.0138993076287 0.0109838894144 0.032901104113 -0.00758965908139 0.0398671947869 0.292532915825 0.0378624570546 0.00293222267418 0.00159628864013 0.00061397752285 0.0303836474223 -0.0134338192364 0.0028477173781 0.0192940146238 0.00549658748842 -0.00314917622918 0.0138473732315 -0.00889848356342 0.0034724868447 0.00317825520984 0.00340801291049 0.0268055744793 0.0319461277327 -0.00132196974237 0.0230703348765 -0.00933043458518 -0.00517451150132 0.0122993183733 -0.0295174197566 0.00813230623139 -0.0246889641714 0.00753685780323 0.0175110587099 0.0277636681805 -0.00140909683718 0.017019360199 0.0282063550604 0.00290540519149 0.00658460919439 0.0226313620066 0.0213151972916 0.0242407998654 0.000742905798877 0.0203272553461 0.0346484090208 0.00586783530683 -0.0144195411396 0.0193368299435 -0.0233986189994 0.002459111925 -0.0159328582972 0.027726569141 0.0345686351231 0.0420200779437 0.0123402530743 0.0329467459545 
0.0244419477475 -0.0243553185875 0.0266563448171 0.0297763667471 -0.00658956269781 -0.0155895450228 0.042012366383 0.0456901237069 -0.0290137246462 0.0378624570546 0.528940919928 -0.00582807156725 0.0533855115289 0.00721801445072 0.00507208590113 0.023374317047 0.0146647582403 -0.0138027546472 0.0188660265017 0.0257327857946 -0.00732059798279 0.0179719752968 0.0037109617254 0.00804925835386 0.0853363936428 0.0160486614449 0.00721611125424 0.00411191276833 -0.00256909045785 0.0165762940057 0.00442743885806 -0.0167018250811 0.0489679642356 0.00864746332038 0.027329922444 0.00869221149059 0.0263627757163 -0.0200211441954 0.0210745043187 0.0150154904673 0.00340586690752 0.0276121392443 0.00599150552891 -0.0237753801605 0.0106467743695 -0.0138568606685 0.0210585443992 0.0219320647516 0.0192871755693 0.00898053901291 0.0245842566965 0.0195167705568 -0.00111085647091 0.0174712075372 0.00913035976754 0.0213233215547 -0.000287261231622 -0.0353110559264 0.00687967927742 0.00355254114565 
0.0228273232573 -0.00381918466019 0.0172433006615 0.00486865479259 -0.00175879829655 0.00624404604802 0.00333262636233 0.0243955622651 0.0195807185207 0.00293222267418 -0.00582807156725 0.164521744141 0.0199984752437 0.00474918263622 0.0012395856011 0.0125579335445 0.0114115681674 0.0161273875313 0.00825872831261 0.0068923702294 0.0190422287483 -0.0120216719101 0.0161980089879 0.0300691335027 0.0220119438079 0.019264979293 0.013101244397 0.00896697116613 -0.00684168696034 0.0117007796606 0.0311444795355 0.0150699269728 0.00476593173576 0.00269248309786 0.0111397543566 0.0151020399527 0.0335251855766 0.0137188984755 0.00314890302696 0.0280845642587 0.0104482305343 0.017964541143 0.0102268315793 0.035480351116 0.00694232249135 0.0169910569541 0.0259948063635 0.0100328359194 0.0142568537233 0.00462858678121 0.0285770582376 -0.0131734991332 0.00158450286922 0.0180625497846 -0.000398353755516 0.0114689307369 0.0296246314384 0.0155554898324 0.0165073709275 0.0235636667645 
0.0164894238483 -0.0375581470292 0.0342220546425 0.00967793356276 0.0583424369388 0.00959285116446 0.0322048366318 0.024061989568 0.0203804535544 0.00159628864013 0.0533855115289 0.0199984752437 0.48183019355 0.00812901191996 -0.0220872304686 0.0161266136436 0.0507787232923 0.00777823661708 0.0522824804289 -0.0173102319379 -0.0180761807768 -0.0178210377976 0.000464629521397 0.025453246981 0.130520625819 -0.00629427391033 -0.0019108498254 -0.00129724373679 0.0411855053209 0.00943337151518 0.0189837767756 0.0142540203168 0.0121048717371 -9.27366077176e-05 0.00562980698911 0.0115411829269 0.0437776637955 0.00456989146209 0.0137690678256 0.0228421325189 -0.0245267832287 0.0116336772669 0.0512869866278 0.0317829497782 0.0350206378646 -0.0123940573471 0.00626928536584 0.011555380902 0.0212282311436 0.0710109669846 0.0334750295754 -0.00529020840735 -0.00390246786249 0.00405246715213 -0.0089591602159 0.0227399894829 0.0119439184297 0.0248946017132 0.0277423207644 0.00440690129829 
0.0227049537805 0.00671631956453 0.0084184653698 0.00100455100645 -0.013427214106 0.0089299940528 0.016341736792 0.0155672605021 0.0207931153794 0.000613977522851 0.00721801445072 0.00474918263622 0.00812901191996 0.115323004116 0.00225133486907 0.00302162522197 0.00264297048881 0.0142467307217 0.0176497385467 0.0155226200466 0.0142651947504 -0.00254913453683 0.0260327913976 0.0118169086466 0.0152090556783 0.019042330031 0.0105351869353 0.0134090494014 0.0170938928816 0.0149415432975 0.00970350456289 0.0270583801359 -0.00139463975856 0.0215499279758 0.0266638075341 0.00045809805542 0.005862535991 0.00430813272616 0.0105060741289 0.00395573145677 0.007988501726 0.0105076157523 0.0303126930025 0.00547332660909 0.0108824450504 0.00415357062356 0.010481243242 0.00125574682925 0.0315525652438 0.00485263505464 0.0257143157116 0.00138394408845 -0.00784089632554 0.00409536121579 0.0108475948672 0.0210726157026 0.0161658005653 0.00822077908125 0.00447770554682 0.0247614386784 
0.00753550394973 0.0106438146937 0.0261436657274 0.0131531368237 -0.0110044131446 -0.00558490335876 0.00292589372889 0.0121388416106 0.0595535096685 0.0303836474223 0.00507208590113 0.0012395856011 -0.0220872304686 0.00225133486907 0.214552973932 -0.00608298734968 -0.000690937248358 0.0190452303966 0.00474199541123 0.00353742710013 -0.00690628633518 0.0846865767569 -0.00081964761439 0.000784591745283 -0.00811808241669 0.00732345964012 0.0231743222544 0.00494511422384 -0.000733585782896 0.0187174788723 0.0213660890626 0.0376011035613 -0.0150809965053 0.0049789447656 0.0265009770412 0.00855621276127 0.0124940803232 0.0146376864671 0.00369480301676 0.0220652390322 0.0175360672698 0.0134019590102 0.0288910457341 0.0149457301588 0.0105220592759 0.0145632360544 -0.00328059959366 0.0327684319656 -0.0145500820791 0.00947250222673 -0.00797935871166 -0.011720402724 0.0212228193591 0.0141515163924 0.0103228440607 0.0110560979224 -0.0193536986205 0.0130610192764 0.00348107634632 0.0253354578163 
0.00597396093847 0.0152880801151 0.0468574983549 0.0440414039398 -0.00668220912144 0.0236546457241 0.0111777403694 0.0383843472595 -0.000364744793776 -0.0134338192364 0.023374317047 0.0125579335445 0.0161266136436 0.00302162522197 -0.00608298734968 0.212314067816 -0.0145038230135 0.00620946829072 0.0177204388631 -0.0141527522409 0.00189080883672 0.015531110942 0.00736651940212 0.0116389843406 0.0370073716418 0.00343779548645 0.00281713798598 -0.00213704409409 -0.012126149919 -0.00742300213886 0.00327092656286 0.0221738525854 0.0596796354581 0.000238837094578 0.00398009829302 0.042771421841 0.026442788556 0.00589962450987 0.0379891564369 0.00868640682687 0.0220013579281 0.00481008497585 0.00509250710697 -0.00553733558269 0.0122899571004 0.0222474492051 0.00829639494646 -0.000558623807855 0.0251610389501 0.000818008131192 0.0166573746194 -0.00408079070079 0.00467180464592 0.0111827286231 0.00206121672397 -0.00712204105972 0.0061625957722 0.0306315644499 0.0427024337996 0.00927442475743 
0.00385258541627 -0.00988184495064 0.0049138569873 0.0227106610704 0.0601818673138 0.0302348465853 -0.0156707989103 -0.0028393696454 0.0121989595873 0.0028477173781 0.0146647582403 0.0114115681674 0.0507787232923 0.00264297048881 -0.000690937248358 -0.0145038230135 0.481751811492 0.00168341353169 0.00702350033775 0.0992352310441 -0.00370019385953 0.0110457585125 -0.00921431367969 0.0310007701945 0.0418377158869 0.0168651062938 0.00323180056715 0.00647152424418 0.046517279414 0.0276056070469 0.10896332368 0.00290926524693 0.00219971911797 0.00471035225302 0.0308149468667 0.00921852782818 0.0205811864616 -0.0114824108684 0.00319894518574 0.0156838420822 0.0145610165822 0.0347449176648 0.0400454887492 0.00421695907943 0.129077734661 0.0107314397336 0.00946554298943 0.00593028746326 0.0508543709421 0.00297625715826 -0.0204930508694 0.0498049813494 0.100630621079 0.0204720833609 0.0137310570974 0.0205715293356 0.0126366201146 0.0875114010939 0.0210257557469 -0.00733341276883 
0.0224913478115 -0.0141672480651 0.0166403704394 0.016881471073 0.00231174903066 0.0506192218868 0.01812582991 0.0149544197776 0.0214286795461 0.0192940146238 -0.0138027546472 0.0161273875313 0.00777823661708 0.0142467307217 0.0190452303966 0.00620946829072 0.00168341353169 0.229293425303 0.0162892182317 0.0222630236707 -0.00152774250908 0.0414829396955 -0.00540982259404 0.0132259825708 -0.024248812641 0.00584157250576 0.0276989789057 0.0294314170483 -0.015791057152 0.0239544394368 0.0180722098334 0.0262714293343 0.0156844889552 0.0216922237155 0.00027610610895 -0.00316480530153 0.0122286596382 0.0277326129728 0.0141159083864 -0.0059542811396 0.015746103314 0.0293750672736 0.00557575027236 0.158765355637 0.019876319093 0.0124668942416 0.00016408082105 0.0187801926911 0.018010670146 0.0219298271016 0.0216666722707 -0.00817368577618 -0.0113541154058 0.0176954721573 0.0014513569251 0.0236754282025 0.0177444888064 -0.00232161659572 -0.0116810680041 0.0210142040464 
0.0379243924993 0.0139222202343 0.0219692666251 0.00305929383796 -0.0150537281515 -2.58477992274e-05 0.0198684944341 0.0186223509011 0.0118206415181 0.00549658748842 0.0188660265017 0.00825872831261 0.0522824804289 0.0176497385467 0.00474199541123 0.0177204388631 0.00702350033775 0.0162892182317 0.150081745545 0.0270730679763 0.0158684604376 0.0112180034699 0.0127293515152 0.0322555306956 -0.0133652678626 0.00499314506789 0.0265172117691 0.0173336371785 0.00264350245016 0.00661705820186 0.0084411378945 0.0252299953484 0.0309504101491 0.0234464305707 0.0136506889186 0.0119719601517 0.00260857759272 0.0154623875755 0.014088313952 0.0147934148858 0.0235214350042 0.0126395506001 0.0103534297999 0.00447963042999 0.019519439634 0.00859672449816 0.0124853008314 0.0197597110694 0.00440454045196 0.0518629286807 0.0268540584487 0.00252868342379 0.00119548847895 0.00511344469352 0.00101223671638 0.00543476123928 0.00395235327407 0.00358840409759 -0.000726013107788 0.016995842891 
0.0308485542987 0.0235775344535 0.0368829986692 0.0165707202284 0.0339826242865 0.0180818401 0.0192070552211 -0.00185481180175 0.0151236724107 -0.00314917622918 0.0257327857946 0.0068923702294 -0.0173102319379 0.0155226200466 0.00353742710013 -0.0141527522409 0.0992352310441 0.0222630236707 0.0270730679763 0.371556233471 0.000486556014913 0.00211909288941 0.00644663856554 0.00691091603501 -0.00332305182208 0.0212491743255 0.0129211454648 0.0172154244691 0.050691551651 0.0216996170924 0.0687197633093 0.0268392582769 0.0427219546601 0.0205094058972 0.0151228909734 0.0134474489267 0.0221592136481 -0.00576209476201 0.00994901397669 0.00338448679041 0.00108108549297 0.00677478749825 0.0170840835118 0.00316447362024 0.111720899289 -0.0114995574268 0.00605387476043 0.0087657132465 0.0235891178459 0.0186208013935 0.00628948113014 0.0165771669595 0.0726117541592 0.0158071128371 0.000737648975567 0.0218296555051 0.00352887460461 0.0743711617202 0.0294739024289 0.0107449329694 
0.0234341487972 -0.0139136628682 -0.00630776003098 -0.00651992285541 0.00609768705359 -0.0101354814879 0.00486615835564 -0.00964211141253 0.0256821370937 0.0138473732315 -0.00732059798279 0.0190422287483 -0.0180761807768 0.0142651947504 -0.00690628633518 0.00189080883672 -0.00370019385953 -0.00152774250908 0.0158684604376 0.000486556014913 0.298548907027 -0.0115168314944 0.0122397920494 0.0236894752143 -0.0171591471231 0.00196968333821 0.0124434763357 0.000679620554561 0.0444411904745 0.00870522105463 -0.0206245433273 -0.00256745898253 0.0186154633379 0.0170305021733 0.0328991925512 -0.00840598371064 -0.000224472132099 -0.00199727820615 0.0124678673875 0.0442202753301 0.00847399946885 -0.000855960993008 0.0387565578633 0.00413533686701 0.0334263477766 0.0250571755821 0.0377045566216 0.00436510343969 0.00607524158505 0.00555262660216 0.0207189194111 0.0419014269319 -0.00488200892264 0.0190389084335 -0.00732208702126 0.0152093225727 -0.00502633473926 0.0293276998326 0.0101034409027 0.0165130611511 
0.0307854085405 0.0142528890823 0.0308347549177 0.00817510556222 0.0107605505322 0.0303028050568 -0.022333458624 -0.000215894205796 0.0323963169852 -0.00889848356342 0.0179719752968 -0.0120216719101 -0.0178210377976 -0.00254913453683 0.0846865767569 0.015531110942 0.0110457585125 0.0414829396955 0.0112180034699 0.00211909288941 -0.0115168314944 1.46335121652 0.0217279752915 -0.00228136665205 0.0283011792406 -0.00166227086377 -0.00848678425351 0.00895381938566 -3.21887862879e-05 0.0186931626865 0.0506243463635 0.0579855706345 0.0331998336393 0.00226272215511 0.0436142457094 0.00339389113124 0.0315030435894 0.13052232282 0.030906149632 0.00586618556848 -0.0079137919423 0.0203547233122 -0.0101765172911 0.0390622557714 0.0188771017809 0.0116252996398 0.000627596982572 0.0206315888094 0.00385413775516 0.0207442714715 0.0103906301583 0.0333476247139 0.00526033967141 -0.0117784640487 0.210510513427 0.0184070949931 -0.0340333892099 -0.0270542632684 -0.0120825663721 0.010624497649 
0.0160558221978 -0.0117863761082 0.0121907264368 0.010027530201 0.0059513331904 0.0131609042039 0.00119456593637 0.0116025694061 0.0171989491779 0.0034724868447 0.0037109617254 0.0161980089879 0.000464629521397 0.0260327913976 -0.00081964761439 0.00736651940212 -0.00921431367969 -0.00540982259404 0.0127293515152 0.00644663856554 0.0122397920494 0.0217279752915 0.155899737508 0.0163902632137 0.00900942117701 0.0050405024559 0.0248997502622 0.00677682673114 0.00704195638412 0.0117167593265 0.00529848104663 0.0258976619021 0.0184109694519 0.0297117283345 0.0160151539746 0.00645039518609 0.00836825527708 0.0187634595967 0.00698352268979 0.014892409233 0.0158362293901 0.0281122656835 -0.00259639607459 0.0227940490497 0.0190924961459 0.00728923400001 0.00699819609067 0.00418782624851 0.0174216027114 0.00520121319025 0.0211672907141 0.0349390786514 -0.0031454856496 0.00968155367939 0.0162083817981 0.0465706413823 0.0162211020424 0.00756090280902 0.0188565863674 0.0228662551448 
0.0147299431938 0.0105614123436 0.00247221071906 -0.00167449898934 0.0177819498579 -0.00120111142868 0.0256703736234 0.0561373251666 0.0176316027566 0.00317825520984 0.00804925835386 0.0300691335027 0.025453246981 0.0118169086466 0.000784591745283 0.0116389843406 0.0310007701945 0.0132259825708 0.0322555306956 0.00691091603501 0.0236894752143 -0.00228136665205 0.0163902632137 0.441764948463 0.00392314972471 0.0324647124764 0.025606898029 0.0322523308073 -0.00799841614093 0.041712868031 0.0332660773932 0.0282477901008 -0.0157248694562 0.0245320195282 0.0171679071355 0.00536375723298 0.0524519496072 0.010242174985 -0.00918750458105 0.0483142679986 0.0598868202006 0.0186845804479 0.0113012919502 0.00141296782157 0.00934294408816 0.0475690795599 0.0548249659679 0.0144359569806 0.0409462838525 0.0163921668069 0.00992359463626 0.0215079671677 -0.00243716752175 0.0157658724063 0.0261392676336 0.0267530498966 0.0182918867555 0.0610944607066 0.0097096752752 0.0283353963707 
0.00541191656324 -0.0215660280049 0.0434589318385 0.0391480505298 -0.0046104265111 0.0430369182156 0.00112474490103 0.0546840864613 0.0110996228966 0.00340801291049 0.0853363936428 0.0220119438079 0.130520625819 0.0152090556783 -0.00811808241669 0.0370073716418 0.0418377158869 -0.024248812641 -0.0133652678626 -0.00332305182208 -0.0171591471231 0.0283011792406 0.00900942117701 0.00392314972471 0.416727738143 0.000132747283693 0.00803601974518 -0.0198355545978 -0.0230474240618 0.0198161322843 0.00330986389186 0.00822326775055 0.00214585539851 -0.0014907876409 -0.0259535492437 0.0244616225304 0.0269340077452 -0.0344668471467 0.0231501607192 0.0280669358119 0.0166977906462 -0.000282242144577 0.0330267519629 -0.0175592296313 0.0408311872716 0.00247437184243 0.0122469749973 -0.00652676925288 0.0344609266092 -0.00430765282865 0.0683268267525 -0.0158736773168 -0.0218507343361 0.0154750465855 -0.0249329555932 0.00697005065142 0.0112350729389 0.00135204890235 0.0296133973811 0.0115570267477 
0.00652117943682 -0.0154711652937 0.00113234781289 0.0087700828995 -0.00898943431667 0.0138489085499 0.0387219698155 -0.000109073184197 0.00259582766598 0.0268055744793 0.0160486614449 0.019264979293 -0.00629427391033 0.019042330031 0.00732345964012 0.00343779548645 0.0168651062938 0.00584157250576 0.00499314506789 0.0212491743255 0.00196968333821 -0.00166227086377 0.0050405024559 0.0324647124764 0.000132747283694 0.153932339128 0.00693807521898 0.0138636914729 0.0114233528011 0.00916323454046 -0.00259945037586 0.0154436859613 0.00774764278908 0.0216344583398 0.0158239018904 0.00646953648161 0.00972747863922 0.0196602675225 0.0203882246397 -0.00243271407968 0.0205791099751 0.0229431030572 0.0109571503108 -0.00569021156683 0.0128089239557 0.0178950003976 0.0174859702437 0.00772192430266 0.0225526708815 0.0132060722709 0.0118319500219 0.0100051526452 0.0153938100473 0.0077868403332 0.0161035307615 0.0137352600454 0.0211748712341 -0.00919338166432 0.0172473858008 0.0263909012845 
0.0172126285499 -0.000148924808906 0.00124155050747 0.00452497507565 -0.00313400291583 -0.00502277840222 0.0208861221368 0.0140112669846 0.0388520112456 0.0319461277327 0.00721611125424 0.013101244397 -0.0019108498254 0.0105351869353 0.0231743222544 0.00281713798598 0.00323180056715 0.0276989789057 0.0265172117691 0.0129211454648 0.0124434763357 -0.00848678425351 0.0248997502622 0.025606898029 0.00803601974518 0.00693807521898 0.186827723999 0.0341770702079 0.00420076016249 -0.00290652960401 0.0120049299905 0.0181665687692 0.0115807704471 0.0250918878077 0.0216043930978 0.0107837402536 0.00831386905428 0.0112139058559 0.0139556894904 0.00848081461359 0.0206061122163 0.0337468114784 0.000999853474731 0.000381459365813 0.0233502520603 0.0385081470843 -0.00359043663815 0.0147034942244 0.0288213649332 0.0145354373001 -0.00879890315166 0.0280679314128 0.00530338284615 0.0107525865999 0.00331938855843 0.0536127150176 0.0100148330992 0.0124774047946 0.00771867155184 0.0210243109507 
0.0209504960239 -0.015410861342 -0.00895489031978 0.0136615615804 -0.0211085110411 0.0017564764246 0.0255015563172 -0.00965189750875 0.0239177169639 -0.00132196974237 0.00411191276833 0.00896697116614 -0.00129724373679 0.0134090494014 0.00494511422384 -0.00213704409409 0.00647152424418 0.0294314170483 0.0173336371785 0.0172154244691 0.000679620554561 0.00895381938566 0.00677682673114 0.0322523308073 -0.0198355545978 0.0138636914729 0.0341770702079 0.216253466611 0.0811941149359 0.0117995381062 0.0402310137727 0.0129985037009 0.00590620793493 0.0147609293266 0.0130282618593 0.00785509634888 0.00892673961315 0.024078353147 0.0134086782334 0.0111639954786 0.0163424918784 0.0454551059589 0.0223991868649 0.013425898213 0.00581233184486 0.00575066704922 -0.00284524278291 0.0192695344494 0.0289948449372 0.0133619749446 0.0176898797121 -0.0093917534437 -0.0121350817963 0.00643610299884 0.042826947766 0.045205988481 -0.00398753637392 -0.0036604250285 0.0252987826691 0.0187878071964 
0.0121782284363 0.0129390229692 -0.0190223787274 -0.0131112874685 0.00498524351207 0.00910201960766 0.00599649703151 0.00713634499107 0.0532877804673 0.0230703348765 -0.00256909045785 -0.00684168696034 0.0411855053209 0.0170938928816 -0.000733585782896 -0.012126149919 0.046517279414 -0.015791057152 0.00264350245016 0.050691551651 0.0444411904745 -3.21887862879e-05 0.00704195638412 -0.00799841614093 -0.0230474240618 0.0114233528011 0.00420076016249 0.0811941149359 0.942757846205 -0.0314011279534 0.0108097973122 0.0843537579031 -0.0272687511018 0.00421627085313 0.0754100949113 -0.00322588568576 0.00533927037386 -0.00550625684562 -0.00121768239851 -0.013498224918 0.0230358806427 0.0455615773229 0.0160790382649 -0.00420052404933 0.115797582062 0.00950963513633 0.00315522809048 0.008274515466 -0.0030575847079 0.0184723460744 0.0218048470522 -0.00138730617784 0.0158932266846 0.00280423454293 -0.00763065920441 0.023278005857 -0.0131361131006 0.0114966208672 -0.0235039635111 0.0148535445225 
0.0398407978558 0.0166293981377 0.0269692417103 0.0168704189959 -0.0137926408387 0.0113436211126 -0.00317936508192 -0.00669391211161 0.00317623720844 -0.00933043458518 0.0165762940057 0.0117007796606 0.00943337151518 0.0149415432975 0.0187174788723 -0.00742300213886 0.0276056070469 0.0239544394368 0.00661705820187 0.0216996170924 0.00870522105463 0.0186931626865 0.0117167593265 0.041712868031 0.0198161322843 0.00916323454046 -0.00290652960401 0.0117995381062 -0.0314011279534 0.228156940835 0.0191311449737 0.0155072682348 0.0134380423757 0.00613827902614 0.0122123459281 0.0115585381524 0.0203254672233 0.0115461530043 0.0127574309553 0.00491823040391 0.0265700800237 0.00295963458697 0.0167334434899 0.0154479691427 0.00119436509736 0.0128530652204 0.0222279345802 -0.0083101667416 0.0174888262299 0.00517147686966 -0.00220031444811 0.00708883882189 0.00730885116301 -0.0143184382235 -0.00199254867208 0.0214989594347 0.00363269331782 0.0114945268685 -0.00392773058155 2.54525969491e-05 
0.0118801048585 -0.0246220342308 0.0086399126679 0.0145026347549 0.0212204751357 0.0354365891407 0.0068868156672 -0.00218828897536 0.0251650281822 -0.00517451150132 0.00442743885806 0.0311444795355 0.0189837767756 0.00970350456289 0.0213660890626 0.00327092656286 0.10896332368 0.0180722098334 0.0084411378945 0.0687197633093 -0.0206245433273 0.0506243463635 0.00529848104663 0.0332660773932 0.00330986389186 -0.00259945037586 0.0120049299905 0.0402310137727 0.0108097973122 0.0191311449737 0.308014394648 0.000439469318091 -0.00117170605717 0.0132916814277 0.0127028241721 0.0142805010334 0.0382715536264 0.00412312320628 0.00226426226895 0.014439572602 0.0258853545181 0.0186115673831 -0.00307950316562 -0.00268046327423 0.0664026807217 -0.00593645885418 0.0155662457035 -0.00338287527688 0.0413503772149 0.00597810782046 0.0283169350512 0.00163168198877 0.0546932747202 0.00737714115249 0.0338155436651 0.03448732199 0.0231430424809 0.0776645983025 -0.000142256962159 -1.17403854778e-05 
0.00524643863523 -0.00617176282324 0.0303349276833 0.0176181144651 0.0471573373352 0.0210307717422 0.013861940993 0.0279064627576 0.0566996902273 0.0122993183733 -0.0167018250811 0.0150699269728 0.0142540203168 0.0270583801359 0.0376011035613 0.0221738525854 0.00290926524693 0.0262714293343 0.0252299953484 0.0268392582769 -0.00256745898253 0.0579855706345 0.0258976619021 0.0282477901008 0.00822326775055 0.0154436859613 0.0181665687692 0.0129985037009 0.0843537579031 0.0155072682348 0.000439469318091 0.367214498388 0.036658281887 0.0120259661482 0.0168096593987 0.010726917626 0.0133188623624 0.0430880972973 0.0262467490301 0.0273747816789 0.02306361903 0.0225483248335 0.0396723122358 0.0504127789526 0.0653671418424 0.0142317422247 0.00802590462584 0.0298336607503 0.00635030107104 0.0237218057056 0.0560436027358 0.0269277511214 0.0394115194415 0.00768998978362 0.0112370036532 0.0517873962756 0.0243044044233 0.0433045252144 0.0224652460213 0.0223921477696 
0.0524161790448 0.019133503103 0.0245653365284 0.0275822286358 0.0247288208177 0.00490744153663 -0.058390960291 0.0329169083961 0.0247385479932 -0.0295174197566 0.0489679642356 0.00476593173576 0.0121048717371 -0.00139463975856 -0.0150809965053 0.0596796354581 0.00219971911797 0.0156844889552 0.0309504101491 0.0427219546601 0.0186154633379 0.0331998336393 0.0184109694519 -0.0157248694562 0.00214585539851 0.00774764278908 0.0115807704471 0.00590620793493 -0.0272687511018 0.0134380423757 -0.00117170605717 0.036658281887 0.875584684431 0.0335338865429 0.0130022135388 0.0165991936359 0.0587885286754 0.102201290626 0.0312123410961 0.0413624410713 -0.0253240541271 0.00255729166546 0.0174077870704 0.031673212462 0.00988742921042 0.0231464663712 0.0172284342434 0.00662547772445 -0.0069480828869 0.034813926921 -0.00795374209003 0.0272909191705 0.0040564961983 -0.0159398617635 0.0274338484299 0.0290832854381 0.0404802988881 -0.013271508075 0.0408427878622 0.0015687309178 
0.034205881166 0.00853696166478 0.0102071209201 0.0151957489544 0.0077172065756 0.00423824263558 0.00525037340242 0.0175307281133 0.0170167391404 0.00813230623139 0.00864746332038 0.00269248309786 -9.27366077182e-05 0.0215499279758 0.0049789447656 0.000238837094579 0.00471035225302 0.0216922237155 0.0234464305707 0.0205094058972 0.0170305021733 0.00226272215511 0.0297117283345 0.0245320195282 -0.0014907876409 0.0216344583398 0.0250918878077 0.0147609293266 0.00421627085313 0.00613827902614 0.0132916814277 0.0120259661482 0.0335338865429 0.118971184975 0.0142898459224 0.01971280979 0.0185101485555 0.0114739491594 0.0184272319824 0.0159128569928 0.0159992487157 0.0259756126242 0.00670448356198 0.00804091000523 0.0120026140539 0.0056959042744 0.0115095017558 0.0145426947475 0.00874766485742 0.0253744641632 0.0274996884754 0.00414181157604 0.0141586839652 0.016583048422 -0.00110419373093 0.0222063220705 -0.00290181898229 -0.00932463630248 0.0138914249287 0.0310780392653 
0.0158856537082 0.00050532678931 0.00330750120188 0.0172279280553 -0.00772044304562 0.00358013570132 -0.00259300396296 0.00925989503576 0.00368879205932 -0.0246889641714 0.027329922444 0.0111397543566 0.00562980698911 0.0266638075341 0.0265009770412 0.00398009829302 0.0308149468667 0.000276106108949 0.0136506889186 0.0151228909734 0.0328991925512 0.0436142457094 0.0160151539746 0.0171679071355 -0.0259535492437 0.0158239018904 0.0216043930978 0.0130282618593 0.0754100949113 0.0122123459281 0.0127028241721 0.0168096593987 0.0130022135388 0.0142898459224 0.161680772135 -0.00103677404504 0.00916471984033 0.0147463304118 0.00186616447986 0.015156421285 0.0139784173726 0.0239741010451 0.0294325864065 0.0123370795645 0.0361033335386 0.00441280764739 0.0121738431098 0.0424883019285 -0.00230023952114 0.00341400473081 0.00402019279562 0.0124565690213 -0.00264471193454 0.0197091881055 0.0205578845324 0.012161933392 0.0116314510808 0.0189462220545 -0.00128418761551 0.0128468129066 
0.0245400971717 0.0320331682202 0.0431257854905 0.0472065047769 -0.00159570557193 0.00671551173854 0.00899258051481 0.0224835592635 0.0195282295768 0.00753685780323 0.00869221149059 0.0151020399527 0.0115411829269 0.00045809805542 0.00855621276127 0.042771421841 0.00921852782817 -0.00316480530153 0.0119719601517 0.0134474489267 -0.00840598371064 0.00339389113124 0.00645039518609 0.00536375723298 0.0244616225304 0.00646953648161 0.0107837402536 0.00785509634888 -0.00322588568576 0.0115585381524 0.0142805010334 0.010726917626 0.0165991936359 0.01971280979 -0.00103677404504 0.116056135119 0.0107415659535 -0.00797408631846 0.0374566546102 0.00749067424384 -0.000161457825017 0.0157337493832 0.00223819376684 0.0161594046145 0.00794278176054 0.00769102679512 0.00329020802478 0.00149651130403 -0.00189719109769 0.0101066739836 0.00928695746735 0.00498973520094 0.000840790107409 0.0145978470677 0.00110311447108 0.00874667583718 0.0131608570191 0.00916617072304 0.0366869609315 0.00884502076594 
0.0123269744433 -0.0280934606476 0.0304347480854 0.0214413215821 0.0416888055344 0.0106437584211 -0.0240374667302 0.018769493396 0.0725565609993 0.0175110587099 0.0263627757163 0.0335251855766 0.0437776637955 0.005862535991 0.0124940803232 0.026442788556 0.0205811864616 0.0122286596382 0.00260857759272 0.0221592136481 -0.000224472132099 0.0315030435894 0.00836825527708 0.0524519496072 0.0269340077452 0.00972747863922 0.00831386905428 0.00892673961315 0.00533927037386 0.0203254672233 0.0382715536264 0.0133188623624 0.0587885286754 0.0185101485555 0.00916471984033 0.0107415659535 0.530539033115 0.0250145549549 0.0150292587927 0.0364341543743 -0.0264168554057 0.0207178402581 0.0161297744436 0.0318171238048 0.0154055841525 0.0414754630745 0.021997994943 0.0396407870823 0.0596661154806 0.0211061052814 -0.00577123303573 0.0515964866013 0.0491426622875 0.0112839867572 0.0135272660585 -0.0040540112444 0.0510676104358 0.0116842450134 0.0456053855602 0.0245049572124 
0.0429100122325 -0.00621387534577 0.0027468237287 -0.00928607184867 -0.00665668556011 0.0107428178813 0.0256821662396 0.00415906197276 0.0181984342309 0.0277636681805 -0.0200211441954 0.0137188984755 0.00456989146209 0.00430813272616 0.0146376864671 0.00589962450987 -0.0114824108684 0.0277326129728 0.0154623875755 -0.00576209476201 -0.00199727820615 0.13052232282 0.0187634595967 0.010242174985 -0.0344668471467 0.0196602675225 0.0112139058559 0.024078353147 -0.00550625684562 0.0115461530043 0.00412312320628 0.0430880972973 0.102201290626 0.0114739491594 0.0147463304118 -0.00797408631846 0.0250145549549 0.319049511501 0.00417952334616 0.025385146405 0.0128406549554 0.0199329717428 0.0339264311105 -0.00624274093531 0.00463844975107 0.0257622068718 0.00951559422064 0.0232785209072 0.0173244480814 0.0360141582896 0.00751641343477 0.0229604230786 -0.0158731162744 0.000730055612861 0.0197686339094 0.0299491763567 0.0286589335824 0.0277301293867 0.0188455729078 0.00394994073129 
0.0151300488037 0.00652812248323 0.043059384289 0.0454589993092 0.0109488106818 0.0120300385606 0.0144217080068 0.0297847530256 0.000594202528901 -0.00140909683718 0.0210745043187 0.00314890302696 0.0137690678256 0.0105060741289 0.00369480301676 0.0379891564369 0.00319894518574 0.0141159083864 0.014088313952 0.00994901397669 0.0124678673875 0.030906149632 0.00698352268979 -0.00918750458105 0.0231501607192 0.0203882246397 0.0139556894904 0.0134086782334 -0.00121768239851 0.0127574309553 0.00226426226895 0.0262467490301 0.0312123410961 0.0184272319824 0.00186616447986 0.0374566546102 0.0150292587927 0.00417952334616 0.104630340119 0.00650707655123 0.0119654438229 0.0178464899562 0.00802597718912 -0.0126629989113 0.0131201633076 0.01177875926 0.00184226392415 0.0108120856467 0.0010196275879 0.00654988876672 0.0125796573747 -0.00389287282239 -0.00350017090618 0.0176547721895 0.00910442070108 0.0185780792509 0.0190216200367 0.00961852354143 0.016575063998 0.00764548579655 
