30
0.0275413533974 0.0485380268731 0.0217130314185 0.0422860283868 0.102568127786 0.0950879331279 0.171372180847 0.0907505897935 0.0539269159384 0.0161964684659 0.0573021249509 0.176385145314 0.0541634245192 0.110057805124 0.0436793340255 0.0170349265424 0.39235550597 0.025637758891 0.0948967479515 0.0038222736377 0.114977551813 0.0243185800675 0.0695206157777 0.0493870590102 0.0213104348082 -0.00662659235152 0.0316067218978 0.00238062118955 0.0831393543584 0.13588321519 
0.190605636546 0.0141437203507 0.0180228260967 0.015447417963 0.0310376684354 0.0121553503599 0.0328532918577 0.0322182031686 0.0204738290341 0.00489282985623 0.0145362598447 0.0085316779541 0.0383979691869 0.0649228261303 0.0197746211857 0.0287751731756 -0.00476169953125 0.0251841585011 0.00940943595317 0.0144463195709 0.0302700147665 0.0153536027321 -0.000714482252817 0.0218656634895 0.023928777884 0.00810795146798 0.0213793303757 0.010941936918 0.0114019213763 0.0255851618743 
0.0141437203507 0.189648995971 0.0160209073017 0.0170447364605 0.0103539366039 0.0310931550288 0.00128421580606 0.0230059474877 0.0231351599899 0.0243593177039 0.0118759555349 -0.00230050424527 0.0142164102087 0.031729209259 0.0167548887965 0.0385141031092 0.0319285401459 0.0240003043148 0.0280888349841 0.016469439684 0.00414643235579 0.00663124551184 0.000766336726856 0.00569282609342 0.0314714605066 0.0146015998053 0.0562344355925 0.00951538114611 -0.00648729903162 0.0150534370502 
0.0180228260967 0.0160209073017 0.272578037851 0.0117315013992 0.0299472048201 0.00361004471272 0.0447171247484 0.0255206396822 0.0131993395993 0.0188163617289 0.0122510928702 0.0249490751298 0.0118779973353 0.051948794092 0.0162849076563 -0.019440292106 0.0212834687139 0.0142798739488 -0.0234034141795 0.0197705428794 -0.00476522212151 -0.0012059618441 -0.00772471301419 0.014017355213 0.0297993362407 0.0174129411921 0.017737233865 0.00346418897735 -0.00269252685866 0.00650917895389 
0.015447417963 0.0170447364605 0.0117315013992 0.247825271656 -0.00311611048856 0.0220171961963 -0.00976304772093 0.025325329881 -0.0141119761508 0.0115632473416 0.0303374156971 0.00644572008015 -0.00605938484503 0.0508523997467 0.00528229453445 0.000545597361746 0.00773942503666 0.00828593601394 0.00728234085842 0.0116385819643 0.023442018259 0.00984204337899 0.00369225812751 -0.00603249231209 0.0236036717534 0.0126163224863 0.0153645460176 0.0127976119642 0.0276831084227 0.0138323992286 
0.0310376684354 0.0103539366039 0.0299472048201 -0.00311611048856 0.296888642531 0.0316366559762 -0.00187628996286 0.0494525266357 0.0364602026784 0.0450362407706 0.034328745295 0.0786278191911 0.0223304840237 0.0729809266172 0.0279806054961 0.0262310668659 0.0167675501647 0.00960736021585 0.0128139861247 0.0220949428848 0.010860282711 0.0287781041767 -0.00747417007755 0.0239036798097 0.0249611786178 0.0278229424505 0.0247555524828 0.0139020603317 0.0406290850418 0.0154477737506 
0.0121553503599 0.0310931550288 0.00361004471271 0.0220171961963 0.0316366559762 0.280358708328 0.0236716310135 0.0307832240134 0.0353880085064 0.0207529413055 0.0481874072267 0.0388984652707 0.0125034364952 0.0749261955094 0.015063368079 0.027845957849 0.0895876280136 0.0384867261011 0.00977121757252 0.0235855748991 0.0173517645138 0.0143567108328 -0.00356084041774 0.034693926289 0.0219066581072 0.0278697886348 0.0433896717786 0.0158236411184 0.0372875309639 -0.0027352757061 
0.0328532918577 0.00128421580606 0.0447171247484 -0.00976304772093 -0.00187628996287 0.0236716310135 0.621356062709 -0.0237917644793 0.0278431550696 -0.00431460375458 0.0143096993611 0.0281949377728 -0.0114986185555 0.075205475137 0.0549933770968 0.00377580733432 -0.0209533343976 0.031881082922 0.0651652112729 0.0266618581286 0.0210039448151 0.0229907096564 -0.0194361828992 0.0387851766507 0.00213462278079 0.057109182174 0.0105450258973 0.0400160813774 -0.00365616864853 -0.0218825977603 
0.0322182031686 0.0230059474877 0.0255206396822 0.025325329881 0.0494525266357 0.0307832240134 -0.0237917644793 0.343570880169 0.0244779284485 0.009180467615 0.0244984079692 0.010418762065 0.0215396957183 0.016299510914 0.0195740326125 0.0299606722829 0.0274819456257 -0.00452032071757 -0.00129920559767 0.0220546442789 0.01965316616 0.01420412002 0.0015339073635 0.00842272842186 0.00384655873602 0.00159340536014 0.0267735500943 0.0155684731489 0.00671468978285 -0.0064558118481 
0.0204738290341 0.0231351599899 0.0131993395993 -0.0141119761508 0.0364602026784 0.0353880085064 0.0278431550696 0.0244779284485 0.227255506922 0.0101980819851 0.0139070556692 0.0310360111839 0.0321158035718 0.0443207871247 0.00977439036868 0.0183292444455 -0.00788572542949 0.0236698398984 0.0168503677781 0.031811960031 0.0444879025862 0.00475366129541 -0.00168090375986 0.0108915626903 0.0490229616411 0.0153828213992 0.0202547985026 0.0262817209855 0.00292678172912 0.0113284713703 
0.00489282985623 0.0243593177039 0.0188163617289 0.0115632473416 0.0450362407706 0.0207529413055 -0.00431460375458 0.009180467615 0.0101980819851 0.177040001156 0.0206489815479 0.0103376169701 -0.00270160288239 0.043528366653 0.0200521535856 0.0144679771399 0.0395892388689 0.0216130186573 0.00407399171623 0.0127127327284 0.00509775923352 0.0046339378024 -0.00292723099036 0.0101161030152 0.00166656688561 0.0238193171405 0.0123387721357 0.003742235532 0.0054795948062 0.0211212403075 
0.0145362598447 0.0118759555349 0.0122510928702 0.0303374156971 0.034328745295 0.0481874072267 0.0143096993611 0.0244984079692 0.0139070556692 0.0206489815479 0.326100705486 0.040093404165 -0.0018575447896 0.0559679154422 0.0144417047867 0.0296314438515 -0.00628093009399 0.0250279099137 -0.000959051258567 0.0135759461453 0.0105607786996 -0.0137369928673 0.0029741192915 0.0333181040385 0.0240285217204 0.00531046716972 0.00765063163293 0.00927505801387 0.0331407621006 0.0148856184309 
0.0085316779541 -0.00230050424528 0.0249490751298 0.00644572008015 0.0786278191911 0.0388984652707 0.0281949377728 0.010418762065 0.0310360111839 0.0103376169701 0.040093404165 0.626219866211 0.0194709064685 0.0388287633803 0.0275296179879 0.0140840002828 0.0455334833021 0.00638888585427 0.0118094487107 -0.001732803429 0.0401403020609 0.0200996910723 0.00741138529059 0.0323208265113 0.0318096193102 0.0107005789315 0.0223427613842 0.0126128745108 0.0381342436156 -0.00581143913302 
0.0383979691869 0.0142164102087 0.0118779973354 -0.00605938484503 0.0223304840237 0.0125034364952 -0.0114986185555 0.0215396957183 0.0321158035718 -0.00270160288239 -0.0018575447896 0.0194709064685 0.309068874629 0.0329028908869 -0.0233667042914 0.0286205011323 0.0558365833034 0.0252870795976 0.0287769667276 0.000596199818806 0.0148970549967 0.0155526933507 0.00958278371471 0.0188719414921 0.00404914396015 -0.00118460762736 0.0257960723274 0.00410932083685 0.0151896224273 -0.00707632889206 
0.0649228261303 0.031729209259 0.051948794092 0.0508523997467 0.0729809266172 0.0749261955094 0.075205475137 0.016299510914 0.0443207871247 0.043528366653 0.0559679154422 0.0388287633803 0.0329028908869 0.45850905343 0.0158488734384 0.0287026270045 0.0179256753633 0.0302271841821 -0.00829122727382 0.00979860598817 0.00179328341656 0.0231054138749 0.0168652576704 0.0440462341057 0.0519441723372 0.0356847907129 0.0458483472337 0.0270111369927 0.0404338225863 0.0186355360586 
0.0197746211857 0.0167548887965 0.0162849076563 0.00528229453445 0.0279806054961 0.015063368079 0.0549933770968 0.0195740326125 0.00977439036869 0.0200521535856 0.0144417047867 0.0275296179879 -0.0233667042914 0.0158488734384 0.207881258453 0.0200021763726 -0.0149598926312 0.0040109943973 0.0434187117745 0.0196199649114 0.0239536936577 -0.00924755024957 0.000682153566022 0.0202574979017 0.00348785219058 0.0476447109198 0.0213622720883 0.0409724731213 -0.00277586639486 0.0110557469557 
0.0287751731756 0.0385141031092 -0.019440292106 0.000545597361745 0.0262310668659 0.027845957849 0.00377580733432 0.0299606722829 0.0183292444455 0.0144679771399 0.0296314438515 0.0140840002828 0.0286205011323 0.0287026270045 0.0200021763726 0.186174371661 0.0750334521711 0.0158419322359 0.0216685868858 0.0150497237772 0.00792175546277 0.0184093755966 0.0250278641591 0.0224904302721 0.0061674077285 0.0119716383051 0.0392371222567 0.0206357115273 0.00775749649712 0.0039330639726 
-0.00476169953125 0.0319285401459 0.0212834687139 0.00773942503666 0.0167675501647 0.0895876280136 -0.0209533343976 0.0274819456257 -0.00788572542949 0.0395892388689 -0.00628093009399 0.0455334833021 0.0558365833034 0.0179256753633 -0.0149598926312 0.0750334521711 3.20428358785 0.083411593285 -0.0126872478666 0.00424218532949 0.0212609031245 0.00623017856799 0.00428772073237 -0.00955430464956 0.0483384963524 -0.00367687229739 0.0230142513107 0.00517757707804 -0.00631084668761 -0.0056661969351 
0.0251841585011 0.0240003043148 0.0142798739488 0.00828593601394 0.00960736021585 0.0384867261011 0.031881082922 -0.00452032071757 0.0236698398984 0.0216130186573 0.0250279099137 0.00638888585427 0.0252870795976 0.0302271841821 0.0040109943973 0.0158419322359 0.083411593285 0.263265231189 0.0243233642709 0.0093510807337 0.061556430886 0.00208550532789 0.0118148376257 0.00361419556747 0.0247593330478 0.00523610624945 0.0302820304818 0.0135860043462 0.00749091002571 0.00510232528065 
0.00940943595317 0.0280888349841 -0.0234034141795 0.00728234085842 0.0128139861247 0.00977121757252 0.0651652112729 -0.00129920559766 0.0168503677781 0.00407399171623 -0.000959051258568 0.0118094487107 0.0287769667276 -0.00829122727383 0.0434187117745 0.0216685868858 -0.0126872478666 0.0243233642709 0.558473541537 0.00371002723028 0.021949455901 0.0024839324664 0.0027931152043 -0.00595939811188 0.0452366767366 0.0186405930834 0.021947671576 0.0132122541841 0.0155763668028 -0.0060102281359 
0.0144463195709 0.016469439684 0.0197705428794 0.0116385819643 0.0220949428848 0.0235855748991 0.0266618581286 0.0220546442789 0.031811960031 0.0127127327284 0.0135759461453 -0.001732803429 0.000596199818805 0.00979860598817 0.0196199649114 0.0150497237772 0.00424218532949 0.0093510807337 0.00371002723028 0.225238504867 0.00047870266087 0.0139691802094 0.00362753536411 -0.00507141645931 0.0123371971013 0.0290952548144 0.0124589800006 0.0248537573132 0.00685865833643 0.0152045705573 
0.0302700147665 0.00414643235578 -0.00476522212151 0.023442018259 0.010860282711 0.0173517645138 0.0210039448151 0.01965316616 0.0444879025862 0.00509775923351 0.0105607786996 0.0401403020609 0.0148970549967 0.00179328341656 0.0239536936577 0.00792175546277 0.0212609031245 0.061556430886 0.021949455901 0.00047870266087 0.608600716143 -0.00996459035817 0.00564240672806 -0.0145001750976 -0.00339502404044 0.016341996597 0.01189430177 0.0199626076329 0.0741315901124 0.0183914163909 
0.0153536027321 0.00663124551184 -0.0012059618441 0.00984204337899 0.0287781041767 0.0143567108328 0.0229907096564 0.01420412002 0.00475366129541 0.0046339378024 -0.0137369928673 0.0200996910723 0.0155526933507 0.0231054138749 -0.00924755024957 0.0184093755966 0.00623017856799 0.00208550532789 0.0024839324664 0.0139691802094 -0.00996459035817 0.237112820653 0.0113554364431 0.0276411313637 0.0135657448291 0.0110912323628 0.00921419211309 0.0212164127774 0.00852299067178 0.000396408163761 
-0.000714482252817 0.000766336726855 -0.00772471301419 0.00369225812751 -0.00747417007755 -0.00356084041774 -0.0194361828992 0.0015339073635 -0.00168090375986 -0.00292723099036 0.0029741192915 0.00741138529059 0.00958278371471 0.0168652576704 0.000682153566022 0.0250278641591 0.00428772073237 0.0118148376257 0.0027931152043 0.00362753536411 0.00564240672806 0.0113554364431 0.810004878524 0.000654242331755 0.0111513332712 0.00221271362057 0.0284650602253 0.0345612778829 -0.00144482878795 0.0356346756728 
0.0218656634895 0.00569282609342 0.014017355213 -0.00603249231209 0.0239036798097 0.034693926289 0.0387851766507 0.00842272842185 0.0108915626903 0.0101161030152 0.0333181040385 0.0323208265113 0.0188719414921 0.0440462341057 0.0202574979017 0.0224904302721 -0.00955430464956 0.00361419556747 -0.00595939811188 -0.00507141645931 -0.0145001750976 0.0276411313637 0.000654242331755 0.211152224022 -0.00448474524614 0.0181882832665 0.0207330563648 0.0157717093508 -0.00695931031961 0.017261506801 
0.023928777884 0.0314714605066 0.0297993362407 0.0236036717534 0.0249611786179 0.0219066581072 0.00213462278079 0.00384655873602 0.0490229616411 0.00166656688561 0.0240285217204 0.0318096193102 0.00404914396015 0.0519441723372 0.00348785219058 0.0061674077285 0.0483384963524 0.0247593330478 0.0452366767366 0.0123371971013 -0.00339502404045 0.0135657448291 0.0111513332712 -0.00448474524614 0.349504617297 -0.00846398321787 0.0181110303411 0.00104233995063 0.00303081415722 0.0399410328875 
0.00810795146798 0.0146015998053 0.0174129411921 0.0126163224863 0.0278229424505 0.0278697886347 0.057109182174 0.00159340536014 0.0153828213992 0.0238193171405 0.00531046716972 0.0107005789315 -0.00118460762735 0.0356847907129 0.0476447109198 0.0119716383051 -0.00367687229739 0.00523610624945 0.0186405930834 0.0290952548144 0.016341996597 0.0110912323628 0.00221271362057 0.0181882832665 -0.00846398321787 0.169973108774 0.0210405720902 0.0455939827418 0.0058634193366 0.0212342709239 
0.0213793303757 0.0562344355925 0.017737233865 0.0153645460176 0.0247555524828 0.0433896717786 0.0105450258973 0.0267735500943 0.0202547985026 0.0123387721357 0.00765063163293 0.0223427613842 0.0257960723274 0.0458483472337 0.0213622720883 0.0392371222567 0.0230142513107 0.0302820304818 0.021947671576 0.0124589800006 0.01189430177 0.00921419211309 0.0284650602253 0.0207330563648 0.0181110303411 0.0210405720902 0.131527029962 0.0253335755662 0.0198630379173 0.0172661498635 
0.010941936918 0.00951538114612 0.00346418897735 0.0127976119642 0.0139020603317 0.0158236411184 0.0400160813774 0.0155684731489 0.0262817209855 0.003742235532 0.00927505801387 0.0126128745108 0.00410932083685 0.0270111369927 0.0409724731213 0.0206357115273 0.00517757707804 0.0135860043462 0.0132122541841 0.0248537573132 0.0199626076329 0.0212164127774 0.0345612778829 0.0157717093508 0.00104233995063 0.0455939827418 0.0253335755662 0.126258915453 -0.00119937785348 0.00969100515186 
0.0114019213763 -0.00648729903162 -0.00269252685866 0.0276831084227 0.0406290850418 0.0372875309639 -0.00365616864853 0.00671468978285 0.00292678172912 0.0054795948062 0.0331407621006 0.0381342436156 0.0151896224273 0.0404338225863 -0.00277586639486 0.00775749649712 -0.00631084668761 0.00749091002571 0.0155763668028 0.00685865833643 0.0741315901124 0.00852299067178 -0.00144482878795 -0.00695931031961 0.00303081415722 0.0058634193366 0.0198630379173 -0.00119937785348 0.305363388905 0.0163412825514 
0.0255851618743 0.0150534370502 0.0065091789539 0.0138323992286 0.0154477737506 -0.0027352757061 -0.0218825977603 -0.0064558118481 0.0113284713703 0.0211212403075 0.0148856184309 -0.00581143913301 -0.00707632889206 0.0186355360586 0.0110557469557 0.00393306397261 -0.0056661969351 0.00510232528065 -0.0060102281359 0.0152045705573 0.0183914163909 0.000396408163761 0.0356346756729 0.017261506801 0.0399410328875 0.0212342709239 0.0172661498635 0.00969100515186 0.0163412825514 1.21078960882 
0.0165069323353 0.00122488211277 0.00156082252477 0.00133778563789 0.00268794093393 0.00105268422035 0.00284517853467 0.00279017824083 0.00177308560563 0.000423731495189 0.00125887703015 0.000738864984516 0.00332536167696 0.00562248167144 0.0017125324297 0.00249200309683 -0.000412375275925 0.00218101210349 0.000814881057073 0.00125108797396 0.00262146017607 0.00132966100056 -6.18759781493e-05 0.00189362200525 0.00207229295291 0.000702169194392 0.00185150432212 0.000947599533756 0.000987435356386 0.00221574001431 
0.00122488211277 0.0164240848313 0.0013874512715 0.00147611747756 0.000896677212814 0.00269274621387 0.000111216351199 0.00199237349625 0.00200356362719 0.00210957879504 0.00102848791874 -0.000199229511792 0.00123117723914 0.00274783012603 0.00145101593353 0.00333541916966 0.00276509268721 0.00207848732352 0.0024325644659 0.00142629531525 0.000359091575518 0.000574282707198 6.6366707331e-05 0.000493013201623 0.00272550842929 0.00126453563673 0.00487004497906 0.000824056179923 -0.000561816576333 0.00130366588997 
0.00156082252477 0.0013874512715 0.0236059505293 0.00101597782363 0.00259350401465 0.000312639043001 0.00387261660163 0.00221015222856 0.00114309634062 0.0016295447264 0.00106097576497 0.00216065328633 0.00102866474385 0.00449889753796 0.00141031437287 -0.00168357868208 0.00184320245869 0.00123667336025 -0.00202679512147 0.00171217923802 -0.00041268034119 -0.000104439359299 -0.000668979770723 0.00121393857083 0.00258069822004 0.0015080049427 0.00153608951199 0.000300007565789 -0.000233179665997 0.000563711433185 
0.00133778563789 0.00147611747756 0.00101597782363 0.0214622980954 -0.000269863084409 0.00190674512261 -0.000845504734469 0.00219323790362 -0.00122213298442 0.00100140659481 0.00262729726789 0.00055821573351 -0.000524758120711 0.00440394700241 0.00045746012571 4.7250117551e-05 0.000670253869244 0.00071758310822 0.000630669218241 0.00100793076451 0.00203013833283 0.000852345959135 0.000319758933575 -0.00052242915904 0.0020441379361 0.00109260557755 0.00133060871688 0.00110830570687 0.00239742751498 0.00119792091272 
0.00268794093393 0.000896677212814 0.00259350401465 -0.00026986308441 0.0257113106527 0.00273981477662 -0.000162491477271 0.00428271443478 0.00315754617466 0.00390025285983 0.00297295655055 0.00680936888637 0.00193387664433 0.00632033364422 0.00242319151729 0.00227167702743 0.00145211244019 0.000832021801023 0.00110972375077 0.00191347818334 0.000940528072 0.00249225692898 -0.000647282115936 0.00207011939592 0.00216170147915 0.00240953749702 0.00214389373348 0.00120395374122 0.00351858197787 0.00133781644999 
0.00105268422035 0.00269274621387 0.000312639043001 0.00190674512261 0.00273981477662 0.0242797763584 0.00205002338067 0.0026659054006 0.00306469143559 0.00179725743738 0.00417315188008 0.00336870590926 0.00108282936395 0.006488798872 0.00130452594229 0.00241153068899 0.00775851617246 0.00333304825121 0.000846212264371 0.00204257070255 0.00150270688694 0.0012433276296 -0.000308377826058 0.00300458215233 0.00189717224328 0.00241359449558 0.00375765580221 0.00137036751889 0.00322919490592 -0.000236881824784 
0.00284517853467 0.000111216351199 0.00387261660163 -0.000845504734469 -0.000162491477271 0.00205002338067 0.0538110135101 -0.00206042724399 0.00241128796118 -0.000373655645873 0.00123925631673 0.00244175323693 -0.000995809577748 0.00651298519723 0.00476256616058 0.000326994507131 -0.00181461198823 0.00276098277106 0.00564347284053 0.00230898464514 0.00181899497896 0.00199105386135 -0.00168322281433 0.00335889482697 0.000184863755566 0.00494580025521 0.000913226031063 0.00346549430327 -0.000316633493014 -0.00189508855612 
0.00279017824083 0.00199237349625 0.00221015222856 0.00219323790362 0.00428271443478 0.0026659054006 -0.00206042724399 0.0297541110227 0.00211985078684 0.000795051817321 0.00212162436536 0.000902291262426 0.00186539236819 0.00141157905208 0.00169516094969 0.00259467033114 0.00238000630572 -0.000391471257467 -0.000112514505232 0.0019099882217 0.00170201411593 0.00123011287757 0.000132840274384 0.00072942967825 0.000333121758254 0.000137992952041 0.00231865745312 0.00134826932451 0.000581509193048 -0.000559089706251 
0.00177308560563 0.00200356362719 0.00114309634062 -0.00122213298442 0.00315754617466 0.00306469143559 0.00241128796118 0.00211985078684 0.0196809042145 0.000883179806902 0.00120438635014 0.00268779741174 0.00278131017562 0.00383829275657 0.000846487036578 0.0015873591322 -0.00068292385492 0.00204986826555 0.0014592846559 0.0027549965531 0.00385276538007 0.000411679144281 -0.000145570535735 0.000943236997668 0.004245513015 0.00133219141136 0.00175411700518 0.00227606380286 0.000253466732875 0.000981074399276 
0.000423731495189 0.00210957879504 0.0016295447264 0.0010014065948 0.00390025285983 0.00179725743738 -0.000373655645873 0.000795051817321 0.000883179806901 0.0153321138487 0.00178825425828 0.000895263891072 -0.000233965672709 0.00376966713068 0.00173656744057 0.00125296357445 0.0034285286577 0.00187174232097 0.000352818032107 0.00110095494943 0.00044147889986 0.000401310785644 -0.00025350564004 0.000876080219845 0.000144328926004 0.00206281337445 0.0010685690121 0.000324087103766 0.000474546830462 0.00182915306657 
0.00125887703015 0.00102848791874 0.00106097576497 0.00262729726789 0.00297295655055 0.00417315188008 0.00123925631673 0.00212162436536 0.00120438635014 0.00178825425828 0.0282411495143 0.00347219065311 -0.000160868097646 0.00484696365698 0.00125068832192 0.00256615831262 -0.000543944502079 0.00216748057889 -8.3056275345e-05 0.00117571142423 0.000914590263763 -0.00118965847947 0.000257566286032 0.00288543245033 0.00208093102252 0.000459899947494 0.000662564134911 0.000803243586159 0.00287007418799 0.00128913237122 
0.000738864984516 -0.000199229511792 0.00216065328633 0.00055821573351 0.00680936888637 0.00336870590926 0.00244175323693 0.000902291262426 0.00268779741174 0.000895263891072 0.00347219065311 0.0542322312493 0.00168622996365 0.00336266954849 0.0023841348534 0.00121971020318 0.00394331532625 0.000553293745168 0.00102272825882 -0.000150065178928 0.00347625213003 0.00174068430768 0.000641844793888 0.00279906568301 0.00275479384073 0.000926697318988 0.00193493989494 0.00109230697411 0.00330252237252 -0.000503285392174 
0.00332536167696 0.00123117723914 0.00102866474385 -0.000524758120711 0.00193387664433 0.00108282936395 -0.000995809577748 0.00186539236819 0.00278131017562 -0.000233965672709 -0.000160868097646 0.00168622996365 0.0267661496947 0.0028494739366 -0.00202361595191 0.00247860810496 0.00483558996012 0.0021899253319 0.002492158423 5.16324188817e-05 0.00129012280687 0.0013469027539 0.000829893413591 0.00163435807509 0.000350666153307 -0.000102590029881 0.00223400539534 0.000355877623701 0.00131545988959 -0.000612828058606 
0.00562248167144 0.00274783012603 0.00449889753796 0.00440394700241 0.00632033364422 0.006488798872 0.00651298519723 0.00141157905208 0.00383829275657 0.00376966713068 0.00484696365698 0.00336266954849 0.0028494739366 0.0397080488135 0.0013725527019 0.00248572041413 0.00155240902446 0.00261775093865 -0.000718041344768 0.000848584170743 0.000155302899493 0.00200098753806 0.00146057415839 0.00381451576765 0.00449849728226 0.00309039352861 0.00397058334259 0.00233923308208 0.00350167175319 0.00161388476399 
0.0017125324297 0.00145101593353 0.00141031437287 0.000457460125711 0.00242319151729 0.00130452594229 0.00476256616058 0.00169516094969 0.000846487036579 0.00173656744057 0.00125068832192 0.0023841348534 -0.00202361595191 0.0013725527019 0.0180030450791 0.00173223928697 -0.00129556470565 0.00034736230425 0.00376017073963 0.00169913880346 0.0020744507222 -0.00080086134389 5.90762317457e-05 0.00175435078 0.000302056860168 0.00412615300125 0.0018500270311 0.00354832025789 -0.000240397081546 0.000957455772142 
0.00249200309683 0.00333541916966 -0.00168357868208 4.72501175509e-05 0.00227167702743 0.00241153068899 0.000326994507131 0.00259467033114 0.0015873591322 0.00125296357445 0.00256615831262 0.00121971020318 0.00247860810496 0.00248572041413 0.00173223928697 0.0161231735392 0.00649808757138 0.00137195157614 0.00187655467072 0.0013033443111 0.000686044147332 0.00159429869344 0.00216747661642 0.00194772839576 0.000534113176838 0.00103677428972 0.00339803446457 0.00178710504078 0.000671818903628 0.000340613331499 
-0.000412375275925 0.00276509268721 0.00184320245869 0.000670253869244 0.00145211244019 0.00775851617246 -0.00181461198823 0.00238000630572 -0.00068292385492 0.0034285286577 -0.000543944502079 0.00394331532625 0.00483558996012 0.00155240902446 -0.00129556470565 0.00649808757138 0.277499098801 0.0072236558755 -0.00109874789566 0.00036738402629 0.00184124822132 0.000539549290999 0.000371327507856 -0.000827427054202 0.00418623658219 -0.000318426481602 0.00199309262841 0.000448391327964 -0.000546535355086 -0.000490707048864 
0.00218101210349 0.00207848732352 0.00123667336025 0.00071758310822 0.000832021801023 0.00333304825121 0.00276098277106 -0.000391471257467 0.00204986826555 0.00187174232097 0.00216748057889 0.000553293745168 0.0021899253319 0.00261775093865 0.000347362304249 0.00137195157614 0.0072236558755 0.0227994378143 0.00210646513641 0.000809827346822 0.00533094329136 0.000180610059368 0.00102319495255 0.000312998517567 0.00214422114001 0.000453460102894 0.00262250076754 0.00117658248997 0.000648731837973 0.000441874331141 
0.000814881057073 0.0024325644659 -0.00202679512147 0.000630669218241 0.00110972375077 0.000846212264371 0.00564347284053 -0.000112514505231 0.0014592846559 0.000352818032107 -8.30562753451e-05 0.00102272825882 0.002492158423 -0.000718041344768 0.00376017073963 0.00187655467072 -0.00109874789566 0.00210646513641 0.0483652274313 0.000321297783016 0.00190087864095 0.000215114861719 0.000241890872262 -0.000516099015615 0.00391761112367 0.00161432271518 0.00190072411387 0.00114421477647 0.00134895293499 -0.000520501024823 
0.00125108797396 0.00142629531525 0.00171217923802 0.00100793076451 0.00191347818334 0.00204257070255 0.00230898464514 0.0019099882217 0.0027549965531 0.00110095494943 0.00117571142423 -0.000150065178928 5.16324188817e-05 0.000848584170743 0.00169913880346 0.0013033443111 0.00036738402629 0.000809827346823 0.000321297783015 0.0195062267126 4.14568665172e-05 0.00120976649314 0.000314153777844 -0.000439197548693 0.00106843261012 0.00251972297989 0.00107897931858 0.00215239852128 0.000593977235522 0.00131675443563 
0.00262146017607 0.000359091575518 -0.00041268034119 0.00203013833283 0.000940528072 0.00150270688694 0.00181899497896 0.00170201411593 0.00385276538007 0.00044147889986 0.000914590263763 0.00347625213003 0.00129012280687 0.000155302899493 0.0020744507222 0.000686044147332 0.00184124822132 0.00533094329136 0.00190087864095 4.14568665173e-05 0.0527063680942 -0.000862958838848 0.000488646756499 -0.00125575199939 -0.000294017706548 0.00141525842015 0.00103007674931 0.00172881253359 0.00641998402603 0.00159274338061 
0.00132966100056 0.000574282707198 -0.000104439359299 0.000852345959135 0.00249225692898 0.0012433276296 0.00199105386135 0.00123011287757 0.000411679144281 0.000401310785644 -0.00118965847947 0.00174068430768 0.0013469027539 0.00200098753806 -0.00080086134389 0.00159429869344 0.000539549290999 0.000180610059368 0.000215114861719 0.00120976649314 -0.000862958838848 0.0205345726249 0.000983409643075 0.00239379219503 0.00117482796433 0.000960528898548 0.000797972444529 0.00183739524424 0.000738112643798 3.43299540084e-05 
-6.18759781493e-05 6.6366707331e-05 -0.000668979770723 0.000319758933575 -0.000647282115936 -0.000308377826058 -0.00168322281433 0.000132840274384 -0.000145570535735 -0.00025350564004 0.000257566286032 0.000641844793888 0.000829893413591 0.00146057415839 5.90762317457e-05 0.00216747661642 0.000371327507856 0.00102319495255 0.000241890872262 0.000314153777844 0.000488646756499 0.000983409643075 0.0701484801991 5.66590479531e-05 0.00096573378989 0.000191626620671 0.00246514652754 0.00299309446339 -0.000125125843448 0.00308605343883 
0.00189362200525 0.000493013201623 0.00121393857083 -0.00052242915904 0.00207011939592 0.00300458215233 0.00335889482697 0.00072942967825 0.000943236997669 0.000876080219845 0.00288543245033 0.00279906568301 0.00163435807509 0.00381451576765 0.00175435078 0.00194772839576 -0.000827427054202 0.000312998517567 -0.000516099015615 -0.000439197548693 -0.00125575199939 0.00239379219503 5.66590479531e-05 0.0182863190069 -0.000388390331266 0.001575151536 0.001795535351 0.00136587009589 -0.00060269395296 0.00149489033972 
0.00207229295291 0.00272550842929 0.00258069822004 0.0020441379361 0.00216170147915 0.00189717224328 0.000184863755566 0.000333121758254 0.004245513015 0.000144328926004 0.00208093102252 0.00275479384073 0.000350666153307 0.00449849728226 0.000302056860169 0.000534113176838 0.00418623658219 0.00214422114001 0.00391761112367 0.00106843261012 -0.000294017706549 0.00117482796433 0.00096573378989 -0.000388390331266 0.0302679877319 -0.000733002448388 0.00156846123641 9.02692876624e-05 0.00026247620543 0.0034589949134 
0.000702169194392 0.00126453563673 0.0015080049427 0.00109260557755 0.00240953749702 0.00241359449558 0.00494580025521 0.000137992952041 0.00133219141136 0.00206281337445 0.000459899947494 0.000926697318988 -0.000102590029881 0.00309039352861 0.00412615300125 0.00103677428972 -0.000318426481602 0.000453460102894 0.00161432271518 0.00251972297989 0.00141525842015 0.000960528898548 0.000191626620671 0.001575151536 -0.000733002448388 0.0147201030159 0.00182216699403 0.00394855473141 0.000507787009854 0.00183894180509 
0.00185150432212 0.00487004497906 0.00153608951199 0.00133060871688 0.00214389373348 0.00375765580221 0.000913226031064 0.00231865745312 0.00175411700518 0.0010685690121 0.000662564134912 0.00193493989494 0.00223400539534 0.00397058334259 0.0018500270311 0.00339803446457 0.00199309262841 0.00262250076754 0.00190072411387 0.00107897931858 0.00103007674931 0.000797972444529 0.00246514652754 0.001795535351 0.00156846123641 0.00182216699403 0.0113905749231 0.0021939520009 0.00172018954327 0.00149529244073 
0.000947599533756 0.000824056179923 0.00030000756579 0.00110830570687 0.00120395374122 0.00137036751889 0.00346549430327 0.00134826932451 0.00227606380286 0.000324087103766 0.000803243586159 0.00109230697411 0.000355877623701 0.00233923308208 0.00354832025789 0.00178710504078 0.000448391327964 0.00117658248997 0.00114421477647 0.00215239852128 0.00172881253359 0.00183739524424 0.00299309446339 0.00136587009589 9.02692876622e-05 0.00394855473141 0.0021939520009 0.0109343428237 -0.000103869168985 0.000839265664971 
0.000987435356386 -0.000561816576333 -0.000233179665997 0.00239742751498 0.00351858197787 0.00322919490592 -0.000316633493015 0.000581509193048 0.000253466732875 0.000474546830462 0.00287007418799 0.00330252237252 0.00131545988959 0.00350167175319 -0.000240397081546 0.000671818903628 -0.000546535355086 0.000648731837973 0.00134895293499 0.000593977235522 0.00641998402603 0.000738112643798 -0.000125125843448 -0.00060269395296 0.00026247620543 0.000507787009854 0.00172018954327 -0.000103869168985 0.0264452452177 0.00141519658199 
0.00221574001431 0.00130366588997 0.000563711433185 0.00119792091272 0.00133781644999 -0.000236881824784 -0.00189508855612 -0.000559089706251 0.000981074399276 0.00182915306657 0.00128913237122 -0.000503285392174 -0.000612828058606 0.00161388476399 0.000957455772142 0.000340613331499 -0.000490707048864 0.000441874331141 -0.000520501024823 0.00131675443563 0.00159274338061 3.43299540085e-05 0.00308605343883 0.00149489033972 0.0034589949134 0.00183894180509 0.00149529244073 0.000839265664971 0.00141519658199 0.104857455988 

['SNA', 'MI', 'TYC', 'AT', 'HOT', 'GDW', 'EOG', 'ACE', 'CBE', 'RTN', 'GPS', 'BBY', 'ABT', 'CTX', 'ETR', 'NTRS', 'TLAB', 'AA', 'SUNW', 'TWX', 'ADM', 'WPI', 'FSH', 'CIT', 'ADI', 'DUK', 'MTB', 'ED', 'TJX', 'WAT']