30
0.0519302207626 0.0566217234647 0.201887649263 0.176756138136 0.0202129727645 0.00839736130492 0.0429486266904 0.0213104348082 0.0598638009539 0.110057805124 0.143828325424 0.0445346556631 0.0904248988876 0.0585004976968 0.0657027666716 0.0831393543584 0.0251356843311 0.0121413644826 0.11775000089 0.0415957971797 0.171372180847 0.752636600207 0.0129348444485 0.0916609470377 0.0704328117516 0.0363676427781 0.110374427341 0.106465020668 0.0415097954764 0.12993100308 
0.253662512131 0.0383650227053 -0.0166949513094 0.0490828801697 0.0230529211775 0.0275005956488 0.0129755658329 -0.0024844980501 0.0432268167244 0.0182814318903 -0.012685035353 0.0149309006204 0.0460183281529 -0.0059586943876 0.00481191557503 0.00102151327898 0.00628142174033 0.0676154197091 0.0308751434292 0.0198251894174 0.0527766322292 0.0385994690307 0.0140595651083 -0.0294220220931 0.01844285048 0.0142282891921 0.0509187463543 0.0406624214022 0.0338196232872 0.0613949803987 
0.0383650227053 0.177118291045 0.027919227619 0.0215301298568 0.0331154885637 0.0334610601515 0.0156850201598 0.0234243553367 0.0756066733794 0.0461444002341 -0.00815847645594 0.0439581127069 0.0302225349968 0.0213451876687 0.0238627801199 0.0227334318241 0.026722054927 0.0165243005477 0.0512833426521 0.0335318736924 0.0206328229735 -0.0187826210319 0.0165135249687 -0.000817407106684 0.00752208061825 0.0134256194284 0.00974623961484 0.0272173567481 0.0300942951312 0.0430918882307 
-0.0166949513094 0.027919227619 0.768899823208 -0.010669800486 0.051686939625 0.0146538066869 -0.00469822163319 0.0677347780448 0.0672715477171 0.0106702200778 0.0289714076793 0.0141058579358 -0.0144617185801 0.0877026083885 0.018223462562 0.0384700677859 0.00107180434273 0.010348487146 0.00200552714727 0.00597318460462 -0.0305633205939 0.105581610337 0.00316602938446 0.0129056694676 0.00963738240261 -0.00283028037606 -0.00834399000661 0.0166859659383 -0.0032130114437 0.00668813793492 
0.0490828801697 0.0215301298568 -0.010669800486 1.48801173923 -0.0202891559084 0.0257958441075 0.0197302835521 0.00766333879077 0.0303748738642 0.0147239074204 0.0183797283925 -0.0172925538282 0.0075932385873 0.0531538328954 0.0253517660509 -0.00842584747357 0.00670554458318 0.00855145007436 0.0118368601076 0.0259831415106 -0.00682587377664 0.00795221649352 0.00236475172985 -0.00387855550753 0.0233576357127 -0.00411735726424 0.0422133193764 0.0139318544253 0.000622351102298 0.101371246171 
0.0230529211775 0.0331154885637 0.051686939625 -0.0202891559084 0.201229552242 0.0292595786643 0.0119543536113 0.0160569103299 0.0309464204234 0.060308304654 0.0143739719017 -0.00695972655913 0.0328300809286 0.0246013517454 0.0141703177439 0.0192973321105 0.0170697949666 0.0144882250692 0.0283973457641 0.0373900786605 0.0265459220452 -0.0151290311111 0.0232268194451 0.0400751672668 0.0297998556547 0.0244229220406 0.0160800532987 0.0418551342888 0.00457503056715 0.010226524817 
0.0275005956488 0.0334610601515 0.0146538066869 0.0257958441075 0.0292595786643 0.140305105106 0.0141281342612 0.0320278641723 0.0257443148183 0.0422260959356 -0.000732088648729 0.0143448020822 0.00104065952332 0.0286235528127 0.0221259537358 0.0150021276551 0.030282478614 0.017756557164 0.0529025894817 0.011801639843 0.0078013390451 -0.0033796006663 0.0372694004643 0.0138464007189 0.0226706738559 0.0265334049116 -0.00813063784857 0.0132570826805 -0.00408468621551 0.018820703267 
0.0129755658329 0.0156850201598 -0.0046982216332 0.0197302835521 0.0119543536113 0.0141281342612 0.218830782812 0.0106748085952 0.0195150227149 0.0304761727419 0.0107071002131 0.000478072656098 0.0165096474919 0.00330347565741 0.0187530891449 0.0170802670517 0.000863948512936 0.0114296623354 0.005308284421 0.0298755237424 0.0148411285064 -0.00046018504586 0.00870311728356 0.0168241101063 0.00757591900303 0.0143505118115 0.00348367549521 0.00703102092795 0.0065021585065 0.0217695120282 
-0.0024844980501 0.0234243553367 0.0677347780448 0.00766333879076 0.0160569103299 0.0320278641723 0.0106748085952 0.344545566253 0.0248567674983 0.0520864258237 0.0172646282511 0.026265244021 -0.0160400163359 0.0705783796883 0.0222863081841 4.91977492722e-06 0.0140568474049 0.00502599240283 0.0409279813915 0.017813527852 0.00309831445056 0.0353745715168 0.00298934670914 0.0193611316908 0.0179193746258 0.0100748006688 -0.0097527980023 0.0133256392335 0.0039997989047 0.0245204755163 
0.0432268167244 0.0756066733794 0.0672715477171 0.0303748738642 0.0309464204234 0.0257443148183 0.0195150227149 0.0248567674983 0.17892625074 0.0543379900366 0.0195363042963 0.0418420479551 0.0218308610311 0.0315795425699 0.0296793775914 0.0233209758779 0.0291263141875 0.00652966235267 0.0472150440051 0.0208419576051 0.0319202057414 -0.0205281778693 0.00861923354961 0.0097769329367 -0.00444587475369 0.0146027848731 0.012873003874 0.0316471504059 0.0157073391379 0.036223797925 
0.0182814318903 0.0461444002341 0.0106702200778 0.0147239074204 0.060308304654 0.0422260959356 0.0304761727419 0.0520864258237 0.0543379900366 0.452536677497 0.0373072715168 0.0229203720657 0.0173268954536 0.0472788339988 0.0196228155082 0.0352792194805 0.0247746769883 0.0384919559954 0.0966302127766 0.0511633481061 0.052718556298 -0.0401781261805 0.0195390055785 0.021084662598 0.0251294518707 0.0597650285626 0.0763688155234 0.040929486681 0.0250898112136 0.0625381179242 
-0.012685035353 -0.00815847645594 0.0289714076793 0.0183797283925 0.0143739719017 -0.000732088648728 0.0107071002131 0.0172646282511 0.0195363042963 0.0373072715168 0.597829256695 0.0346027563473 -0.0164861735444 0.0374209620724 0.00321409284729 0.0676756668772 -0.0075799454517 0.0162719527608 0.0437994021876 0.00830417695392 -0.0113120317493 0.0290949236925 0.0124706555701 0.0115428327827 -0.00305248201568 0.0218451243105 -0.00765555914465 0.022081670758 -0.0116994078489 0.00158781644499 
0.0149309006204 0.0439581127069 0.0141058579358 -0.0172925538282 -0.00695972655914 0.0143448020822 0.000478072656095 0.026265244021 0.0418420479551 0.0229203720657 0.0346027563473 0.596204822043 -0.0149329599955 0.0533021911204 0.00938830212697 -0.00979301547315 0.0287064944823 -0.00536306521179 0.0352330809488 0.042945717397 0.121918156174 -0.0325129292131 0.0174423583884 -0.0114370090029 0.00919601179022 0.0288277690174 0.0305400887071 0.000597874778636 0.0548442836953 0.130107736065 
0.0460183281529 0.0302225349968 -0.0144617185801 0.0075932385873 0.0328300809286 0.00104065952332 0.0165096474918 -0.0160400163359 0.0218308610311 0.0173268954536 -0.0164861735444 -0.0149329599955 0.287897965112 -0.0193128417656 0.00694693149154 0.0126316866356 -0.00348631221437 0.010084604297 0.0672451314599 0.00450223653612 0.160258934468 0.0411734966316 0.00398059588787 0.0191182219497 -0.0158575670941 0.000305670121255 0.141651631687 0.00806746236844 0.12101356959 0.132825780102 
-0.0059586943876 0.0213451876687 0.0877026083885 0.0531538328954 0.0246013517454 0.0286235528127 0.0033034756574 0.0705783796883 0.0315795425699 0.0472788339988 0.0374209620725 0.0533021911204 -0.0193128417657 0.322123957672 0.0099548713863 -0.00613062621241 0.0133551968436 0.00357498456853 0.0311567517368 0.0357532809365 0.0106294245081 0.0987307565238 0.00723887818119 0.00317315766356 0.0248284946785 0.0187864073096 0.0299025003444 0.0120684577169 0.0318597569904 0.0389949901931 
0.00481191557504 0.0238627801199 0.018223462562 0.0253517660509 0.0141703177439 0.0221259537358 0.0187530891449 0.0222863081841 0.0296793775914 0.0196228155082 0.00321409284729 0.00938830212697 0.00694693149154 0.0099548713863 0.185433469583 0.021186678757 0.0191696921337 -0.00869642369393 0.0654431430635 0.00966558725399 -0.00760851348037 -0.0316846302289 0.015376002564 0.018328106619 0.0348013738292 0.0179801948986 -0.000528034998922 0.029719730533 0.0199505652989 0.00698796756047 
0.00102151327898 0.0227334318241 0.0384700677859 -0.00842584747357 0.0192973321105 0.0150021276551 0.0170802670517 4.91977492823e-06 0.0233209758779 0.0352792194805 0.0676756668772 -0.00979301547315 0.0126316866356 -0.00613062621242 0.021186678757 0.304110084453 -0.00259808302799 0.00585956079212 0.0479734810378 0.0328649210466 0.000536784454153 -0.0124113142557 0.0269716831973 0.0162026497756 -0.00101156667863 0.0355348556178 -0.00715644709466 0.00568088625713 -0.00393842814644 0.00681511192695 
0.00628142174033 0.026722054927 0.00107180434273 0.00670554458318 0.0170697949666 0.030282478614 0.000863948512936 0.0140568474049 0.0291263141875 0.0247746769883 -0.0075799454517 0.0287064944823 -0.00348631221437 0.0133551968436 0.0191696921337 -0.00259808302799 0.135228389781 0.0173514247886 0.0153678229739 0.0254403458004 -0.00537228276208 -0.00318203014867 0.0361543590837 0.0107388050804 0.0048548923825 0.0242600863745 -0.00193901649912 0.0192208617589 0.0138587189839 -0.00327532247742 
0.067615419709 0.0165243005477 0.010348487146 0.00855145007436 0.0144882250692 0.017756557164 0.0114296623355 0.00502599240283 0.00652966235267 0.0384919559954 0.0162719527608 -0.00536306521179 0.0100846042971 0.00357498456852 -0.00869642369392 0.0058595607921 0.0173514247886 0.263666235211 0.040977027359 0.00312272627555 0.0235289651016 -0.0180225998997 0.0157546413997 -0.00708514512874 -0.00398979891715 0.000894181543197 0.000100219527712 -0.00283916233591 -0.0131113889168 0.00931162851045 
0.0308751434292 0.0512833426521 0.00200552714728 0.0118368601076 0.0283973457641 0.0529025894817 0.005308284421 0.0409279813915 0.0472150440051 0.0966302127766 0.0437994021876 0.0352330809488 0.0672451314599 0.0311567517368 0.0654431430635 0.0479734810378 0.0153678229739 0.040977027359 0.891819657844 0.0114619676926 0.021156961839 -0.00793079152763 0.0236191197283 -0.00154437065501 -0.00498605166808 0.029165248805 0.0261146985761 0.0453765827802 0.00761537076252 0.0516383039816 
0.0198251894174 0.0335318736924 0.00597318460461 0.0259831415106 0.0373900786605 0.0118016398431 0.0298755237424 0.017813527852 0.0208419576051 0.0511633481061 0.00830417695393 0.042945717397 0.00450223653613 0.0357532809365 0.00966558725399 0.0328649210466 0.0254403458004 0.00312272627554 0.0114619676926 0.250200723409 0.00810853705868 -0.00564417488565 0.0239102216182 0.0115481271838 0.013655639037 0.0600135578422 0.0245222198852 0.0310072856412 0.0166979310132 0.0142710327413 
0.0527766322292 0.0206328229735 -0.0305633205939 -0.00682587377664 0.0265459220452 0.0078013390451 0.0148411285064 0.00309831445056 0.0319202057414 0.052718556298 -0.0113120317493 0.121918156174 0.160258934468 0.0106294245081 -0.00760851348037 0.000536784454149 -0.00537228276208 0.0235289651016 0.021156961839 0.00810853705868 0.524212484955 0.0243664134883 0.00138868599762 0.0238532390342 -0.00107114266651 0.0122461625121 0.162564661348 0.0162709429066 0.155361775056 0.194611564767 
0.0385994690307 -0.0187826210319 0.105581610337 0.00795221649352 -0.0151290311111 -0.0033796006663 -0.00046018504586 0.0353745715168 -0.0205281778693 -0.0401781261805 0.0290949236925 -0.0325129292131 0.0411734966316 0.0987307565238 -0.0316846302289 -0.0124113142557 -0.00318203014867 -0.0180225998997 -0.00793079152763 -0.00564417488565 0.0243664134883 7.41866845999 0.00985817715023 0.0215130382043 0.024002676706 -0.0218110995714 0.0503284512897 0.0122719192964 0.0092945013099 -0.0337048919607 
0.0140595651083 0.0165135249687 0.00316602938446 0.00236475172985 0.0232268194451 0.0372694004643 0.00870311728355 0.00298934670914 0.00861923354961 0.0195390055785 0.0124706555701 0.0174423583884 0.00398059588786 0.00723887818119 0.015376002564 0.0269716831973 0.0361543590837 0.0157546413997 0.0236191197283 0.0239102216182 0.00138868599762 0.00985817715023 0.169368247704 0.0168472890874 0.00399632422761 0.0127522799074 0.0100156997902 0.0224879064338 -0.00936591721056 -0.0052670685696 
-0.0294220220931 -0.000817407106685 0.0129056694676 -0.00387855550753 0.0400751672668 0.0138464007189 0.0168241101063 0.0193611316908 0.0097769329367 0.021084662598 0.0115428327827 -0.0114370090029 0.0191182219497 0.00317315766356 0.018328106619 0.0162026497756 0.0107388050804 -0.00708514512874 -0.00154437065502 0.0115481271838 0.0238532390342 0.0215130382043 0.0168472890874 0.439759898084 0.0162736141235 0.0053068403921 -0.00064335742103 0.0130010694653 0.0101268677758 0.00833250402177 
0.01844285048 0.00752208061825 0.00963738240261 0.0233576357127 0.0297998556547 0.0226706738559 0.00757591900303 0.0179193746258 -0.00444587475369 0.0251294518707 -0.00305248201568 0.00919601179022 -0.0158575670941 0.0248284946785 0.0348013738292 -0.00101156667863 0.0048548923825 -0.00398979891715 -0.00498605166808 0.013655639037 -0.00107114266651 0.024002676706 0.00399632422761 0.0162736141235 0.29754692637 0.0202381300989 -0.00786602210333 0.01700863704 -0.00289278334996 -0.00220141724167 
0.0142282891921 0.0134256194284 -0.00283028037606 -0.00411735726424 0.0244229220406 0.0265334049116 0.0143505118115 0.0100748006688 0.0146027848731 0.0597650285626 0.0218451243105 0.0288277690174 0.000305670121266 0.0187864073096 0.0179801948986 0.0355348556178 0.0242600863745 0.000894181543195 0.029165248805 0.0600135578422 0.0122461625121 -0.0218110995714 0.0127522799074 0.00530684039209 0.0202381300989 0.197846951127 0.00322307818675 0.0322425277988 -0.00343544372311 0.00619887094862 
0.0509187463543 0.00974623961483 -0.00834399000661 0.0422133193765 0.0160800532987 -0.00813063784857 0.00348367549519 -0.0097527980023 0.012873003874 0.0763688155234 -0.00765555914466 0.0305400887071 0.141651631687 0.0299025003444 -0.000528034998923 -0.00715644709465 -0.00193901649912 0.000100219527718 0.0261146985761 0.0245222198852 0.162564661348 0.0503284512897 0.0100156997902 -0.000643357421029 -0.00786602210333 0.00322307818675 0.411977351649 0.00754117101065 0.161907663093 0.189958203198 
0.0406624214022 0.0272173567481 0.0166859659383 0.0139318544253 0.0418551342888 0.0132570826805 0.00703102092796 0.0133256392335 0.0316471504059 0.040929486681 0.022081670758 0.000597874778637 0.00806746236844 0.0120684577168 0.029719730533 0.00568088625712 0.0192208617589 -0.0028391623359 0.0453765827802 0.0310072856412 0.0162709429066 0.0122719192964 0.0224879064338 0.0130010694653 0.01700863704 0.0322425277988 0.00754117101065 0.266387011532 0.0131249905192 0.0211511031998 
0.0338196232872 0.0300942951312 -0.0032130114437 0.000622351102301 0.00457503056714 -0.00408468621551 0.00650215850653 0.0039997989047 0.0157073391379 0.0250898112136 -0.0116994078489 0.0548442836953 0.12101356959 0.0318597569904 0.0199505652989 -0.00393842814646 0.0138587189839 -0.0131113889168 0.00761537076251 0.0166979310132 0.155361775056 0.0092945013099 -0.00936591721057 0.0101268677758 -0.00289278334996 -0.00343544372311 0.161907663093 0.0131249905192 0.368827221665 0.182075912935 
0.0613949803987 0.0430918882307 0.00668813793491 0.101371246171 0.010226524817 0.018820703267 0.0217695120282 0.0245204755163 0.036223797925 0.0625381179242 0.00158781644499 0.130107736065 0.132825780102 0.0389949901931 0.00698796756046 0.00681511192695 -0.00327532247742 0.00931162851045 0.0516383039816 0.0142710327413 0.194611564767 -0.0337048919607 -0.0052670685696 0.00833250402177 -0.00220141724167 0.00619887094862 0.189958203198 0.0211511031998 0.182075912935 0.55176089743 
0.0219678179493 0.00332250842795 -0.00144582519489 0.00425070211179 0.00199644153711 0.0023816214451 0.00112371696398 -0.000215163842704 0.00374355214081 0.00158321844346 -0.00109855628636 0.00129305392386 0.00398530412201 -0.000516038071305 0.000416724112884 8.84656449903e-05 0.000543987079901 0.00585566711556 0.00267386585551 0.00171691176703 0.00457059042367 0.00334281207532 0.001217594055 -0.00254802185633 0.00159719770339 0.00123220598928 0.00440969278717 0.00352146899137 0.00292886529132 0.00531696126901 
0.00332250842795 0.015338893952 0.00241787603721 0.00186456394027 0.00286788543549 0.00289781281287 0.00135836259172 0.00202860867889 0.00654772998422 0.00399622228451 -0.000706544786702 0.00380688423066 0.0026173483074 0.00184854747696 0.00206657737888 0.00196877294749 0.00231419784081 0.00143104640541 0.00444126775277 0.00290394544541 0.00178685488468 -0.00162662269633 0.00143011321289 -7.07895319622e-05 0.000651431290472 0.00116269274865 0.000844049109782 0.00235709223677 0.00260624240926 0.00373186699048 
-0.00144582519489 0.00241787603721 0.0665886779864 -0.000924031827419 0.00447622027591 0.0012690568853 -0.000406877928696 0.00586600385065 0.00582588692749 0.000924068165138 0.00250899750337 0.00122160313146 -0.00125242156727 0.00759526868426 0.00157819815236 0.00333160559879 9.28209788692e-05 0.000896205275913 0.000173683745751 0.00051729296091 -0.00264686120583 0.00914363567239 0.000274186187607 0.00111766376118 0.000834621798665 -0.00024510947055 -0.000722610731465 0.00144504703892 -0.000278254953289 0.000579209735565 
0.00425070211179 0.00186456394027 -0.000924031827419 0.128865596731 -0.0017570924438 0.00223398563092 0.001708692678 0.000663664607061 0.00263054124032 0.00127512778691 0.00159173117025 -0.00149757909115 0.000657593751359 0.00460325695959 0.00219552734309 -0.000729699796053 0.000580717195525 0.000740577300359 0.00102510215542 0.00225020606183 -0.00059113800936 0.000688682149978 0.000204793507169 -0.000335892759951 0.00202283058995 -0.000356573598729 0.00365578069581 0.00120653398541 5.38971864663e-05 0.00877900743973 
0.00199644153711 0.00286788543549 0.00447622027591 -0.0017570924438 0.0174269904234 0.00253395384273 0.00103527739132 0.0013905692252 0.00268003862429 0.00522285238896 0.00124482248202 -0.00060273000036 0.00284316840925 0.00213053955789 0.00122718551459 0.0016711979833 0.00147828760785 0.00125471709657 0.00245928228317 0.00323807579695 0.0022989442858 -0.00131021252768 0.00201150156885 0.00347061129139 0.00258074320261 0.00211508709218 0.00139257346509 0.00362476095729 0.000396209269424 0.000885643028398 
0.0023816214451 0.00289781281287 0.0012690568853 0.00223398563092 0.00253395384273 0.0121507785303 0.00122353231783 0.00277369440021 0.00222952306357 0.00365688717829 -6.34007367622e-05 0.00124229630155 9.01237583882e-05 0.00247887238824 0.00191616380181 0.00129922236601 0.00262253957693 0.00153776295878 0.00458149864171 0.00102205199104 0.000675615779659 -0.000292682003167 0.00322762475859 0.00119913347736 0.00196333794801 0.00229786027024 -0.000704133892583 0.00114809703814 -0.000353744202912 0.00162992071463 
0.00112371696398 0.00135836259173 -0.000406877928696 0.001708692678 0.00103527739132 0.00122353231783 0.0189513017046 0.000924465542397 0.00169005054266 0.00263931398046 0.000927262078541 4.14023065035e-05 0.00142977741355 0.00028608938401 0.00162406515989 0.00147919451702 7.48201359764e-05 0.000989837793917 0.00045971091591 0.00258729625123 0.00128527943074 -3.98531940157e-05 0.000753712065968 0.00145701067481 0.000656093831364 0.00124279077861 0.000301695147739 0.000608904273814 0.000563103444606 0.00188529504444 
-0.000215163842704 0.00202860867889 0.00586600385065 0.000663664607061 0.0013905692252 0.00277369440021 0.000924465542397 0.0298385213136 0.00215265921095 0.00451081679557 0.00149516066524 0.00227463685588 -0.0013891061624 0.0061122669768 0.0019300509044 4.26065006787e-07 0.00121735869498 0.000435263710008 0.00354446716106 0.00154269676509 0.00026832190231 0.00306352775815 0.000258885019083 0.00167672318902 0.00155186336459 0.000872503331723 -0.000844617082797 0.00115403420978 0.00034639274615 0.002123535471 
0.00374355214081 0.00654772998422 0.00582588692749 0.00263054124032 0.00268003862429 0.00222952306357 0.00169005054266 0.00215265921095 0.0154954678545 0.00470580797623 0.00169189358166 0.00362362764755 0.00189060802394 0.00273486861054 0.00257030949627 0.00201965575513 0.0025224128005 0.000565485347555 0.00408894275492 0.00180496647506 0.00276437090661 -0.00177779235282 0.000746447521511 0.000846707229428 -0.000385024047874 0.00126463826661 0.00111483483779 0.00274072362089 0.00136029547193 0.00313707292246 
0.00158321844346 0.00399622228451 0.000924068165137 0.00127512778691 0.00522285238896 0.00365688717829 0.00263931398046 0.00451081679557 0.00470580797623 0.0391908258856 0.00323090448794 0.00198496244731 0.00150055316316 0.00409446713042 0.00169938567239 0.00305527002958 0.00214554996424 0.00333350117334 0.00836842190376 0.00443087592026 0.00456556090049 -0.00347952779488 0.00169212751956 0.00182598534401 0.00217627437032 0.00517580329931 0.00661373343002 0.00354459752296 0.00217284138872 0.00541595988272 
-0.00109855628636 -0.000706544786702 0.00250899750337 0.00159173117025 0.00124482248202 -6.34007367621e-05 0.000927262078541 0.00149516066524 0.00169189358166 0.00323090448794 0.0517735323423 0.00299668660377 -0.00142774451006 0.00324075037888 0.000278348605587 0.00586088467337 -0.000656442532047 0.001409192446 0.0037931394965 0.000719162819962 -0.000979650686334 0.00251969430388 0.00107999045256 0.000999638642146 -0.000264352697017 0.00189184326017 -0.000662990869944 0.00191232878344 -0.00101319844063 0.000137508937791 
0.00129305392386 0.00380688423066 0.00122160313146 -0.00149757909115 -0.000602730000361 0.00124229630155 4.14023065033e-05 0.00227463685588 0.00362362764755 0.00198496244731 0.00299668660377 0.0516328521748 -0.00129323227098 0.00461610515876 0.000813050814036 -0.00084810001794 0.00248605534753 -0.000464455071556 0.00305127431553 0.00371920822496 0.0105584220429 -0.002815702265 0.00151055254662 -0.000990474033981 0.000796397982383 0.00249655803035 0.00264484926542 5.17774746581e-05 0.00474965429325 0.0112676604661 
0.00398530412201 0.0026173483074 -0.00125242156727 0.00065759375136 0.00284316840925 9.01237583883e-05 0.00142977741355 -0.0013891061624 0.00189060802394 0.00150055316316 -0.00142774451006 -0.00129323227098 0.0249326951485 -0.00167254115883 0.000601621915002 0.00109393615191 -0.000301923494317 0.000873352350835 0.00582359921251 0.000389905121413 0.0138788308433 0.00356572940456 0.000344729716109 0.00165568658837 -0.00137330559457 2.64718090185e-05 0.0122673911529 0.000698662735514 0.0104800825467 0.0115030499846 
-0.000516038071305 0.00184854747696 0.00759526868426 0.00460325695959 0.00213053955789 0.00247887238824 0.000286089384009 0.0061122669768 0.00273486861054 0.00409446713042 0.00324075037888 0.00461610515876 -0.00167254115883 0.0278967530511 0.000862117151194 -0.000530927804106 0.00115659397391 0.000309602745448 0.00269825385035 0.00309632495596 0.000920535165163 0.00855033432845 0.000626905239981 0.000274803514686 0.00215021071293 0.00162695059759 0.00258963249349 0.00104515909673 0.00275913589121 0.00337706521275 
0.000416724112885 0.00206657737888 0.00157819815236 0.00219552734309 0.00122718551459 0.00191616380181 0.00162406515989 0.0019300509044 0.00257030949627 0.00169938567239 0.000278348605587 0.000813050814036 0.000601621915003 0.000862117151195 0.0160590095371 0.00183482020254 0.00166014403705 -0.000753132384101 0.00566754243965 0.000837064410445 -0.000658916595904 -0.00274396946878 0.00133160088291 0.00158726059354 0.00301388738227 0.00155713055472 -4.57291723153e-05 0.00257380416352 0.00172776963687 0.000605175742819 
8.84656449903e-05 0.00196877294749 0.00333160559879 -0.000729699796053 0.00167119798329 0.00129922236601 0.00147919451702 4.26065006875e-07 0.00201965575513 0.00305527002958 0.00586088467337 -0.00084810001794 0.00109393615191 -0.000530927804106 0.00183482020254 0.0263367058684 -0.000225000590338 0.000507452850099 0.00415462532867 0.00284618565197 4.64868973653e-05 -0.00107485134398 0.00233581628317 0.00140319063143 -8.76042441316e-05 0.00307740876849 -0.000619766498481 0.000491979181468 -0.00034107788258 0.000590206005838 
0.000543987079901 0.00231419784081 9.2820978869e-05 0.000580717195524 0.00147828760785 0.00262253957693 7.48201359764e-05 0.00121735869498 0.0025224128005 0.00214554996424 -0.000656442532047 0.00248605534753 -0.000301923494317 0.00115659397391 0.00166014403705 -0.000225000590338 0.0117111220863 0.00150267746588 0.00133089250962 0.00220319857442 -0.000465253334827 -0.000275571894435 0.00313105934241 0.000930007800594 0.000420446013588 0.00210098510984 -0.00016792375466 0.00166457545658 0.0012002002704 -0.000283651247103 
0.00585566711556 0.00143104640541 0.000896205275913 0.000740577300359 0.00125471709657 0.00153776295878 0.000989837793919 0.000435263710008 0.000565485347555 0.00333350117334 0.001409192446 -0.000464455071556 0.000873352350836 0.000309602745448 -0.000753132384101 0.000507452850098 0.00150267746588 0.0228341657813 0.00354871466645 0.000270436028369 0.00203766815027 -0.00156080293554 0.00136439196797 -0.000613591567099 -0.000345526721824 7.74383932004e-05 8.67926569543e-06 -0.000245878670837 -0.00113547958809 0.000806410684065 
0.00267386585551 0.00444126775277 0.000173683745752 0.00102510215542 0.00245928228317 0.00458149864171 0.00045971091591 0.00354446716106 0.00408894275492 0.00836842190376 0.0037931394965 0.00305127431553 0.00582359921251 0.00269825385035 0.00566754243965 0.00415462532867 0.00133089250962 0.00354871466645 0.0772338479287 0.000992635519914 0.00183224664195 -0.000686826693505 0.00204547576997 -0.00013374642201 -0.000431804740914 0.00252578463728 0.00226159923791 0.00392972734246 0.000659510453958 0.00447200830564 
0.00171691176703 0.00290394544542 0.000517292960909 0.00225020606183 0.00323807579695 0.00102205199104 0.00258729625123 0.00154269676509 0.00180496647506 0.00443087592026 0.000719162819962 0.00371920822496 0.000389905121414 0.00309632495596 0.000837064410445 0.00284618565197 0.00220319857442 0.000270436028368 0.000992635519914 0.0216680182518 0.000702219908034 -0.000488799883438 0.00207068593315 0.00100009715073 0.0011826130311 0.00519732656628 0.00212368653778 0.00268530970677 0.00144608324481 0.00123590768922 
0.00457059042367 0.00178685488468 -0.00264686120583 -0.00059113800936 0.0022989442858 0.000675615779659 0.00128527943074 0.00026832190231 0.00276437090661 0.00456556090049 -0.000979650686335 0.0105584220429 0.0138788308433 0.000920535165163 -0.000658916595904 4.6486897365e-05 -0.000465253334827 0.00203766815027 0.00183224664195 0.000702219908034 0.0453981328952 0.002110193308 0.000120263735182 0.00206575109662 -9.27636760278e-05 0.00106054878344 0.0140785126485 0.00140910499006 0.0134547243976 0.0168538558959 
0.00334281207532 -0.00162662269633 0.00914363567239 0.000688682149978 -0.00131021252768 -0.000292682003166 -3.98531940157e-05 0.00306352775815 -0.00177779235282 -0.00347952779488 0.00251969430388 -0.002815702265 0.00356572940456 0.00855033432845 -0.00274396946878 -0.00107485134398 -0.000275571894435 -0.00156080293554 -0.000686826693505 -0.000488799883438 0.002110193308 0.642475534861 0.00085374318471 0.00186308375975 0.00207869277862 -0.00188889663133 0.004358571735 0.00106277938639 0.000804927424988 -0.00291892926698 
0.001217594055 0.00143011321289 0.000274186187607 0.000204793507169 0.00201150156885 0.00322762475859 0.000753712065967 0.000258885019083 0.000746447521511 0.00169212751956 0.00107999045256 0.00151055254662 0.000344729716109 0.000626905239981 0.00133160088291 0.00233581628317 0.00313105934241 0.00136439196797 0.00204547576997 0.00207068593315 0.000120263735182 0.00085374318471 0.0146677205106 0.00145901803346 0.000346091830287 0.00110437983559 0.000867385045498 0.00194750982496 -0.000811112223409 -0.000456141518475 
-0.00254802185633 -7.07895319623e-05 0.00111766376118 -0.000335892759951 0.00347061129139 0.00119913347736 0.00145701067481 0.00167672318902 0.000846707229428 0.00182598534401 0.000999638642147 -0.000990474033981 0.00165568658837 0.000274803514686 0.00158726059354 0.00140319063143 0.000930007800594 -0.000613591567099 -0.00013374642201 0.00100009715073 0.00206575109662 0.00186308375975 0.00145901803346 0.0380843243307 0.00140933632423 0.000459585859338 -5.57163870325e-05 0.00112592564333 0.00087701247546 0.000721616015999 
0.00159719770339 0.000651431290472 0.000834621798664 0.00202283058995 0.00258074320261 0.00196333794801 0.000656093831364 0.00155186336459 -0.000385024047874 0.00217627437032 -0.000264352697017 0.000796397982383 -0.00137330559457 0.00215021071293 0.00301388738227 -8.76042441316e-05 0.000420446013588 -0.000345526721824 -0.000431804740914 0.0011826130311 -9.27636760278e-05 0.00207869277862 0.000346091830287 0.00140933632423 0.0257683197054 0.00175267347908 -0.000681217496821 0.00147299117604 -0.000250522386871 -0.000190648325561 
0.00123220598928 0.00116269274865 -0.00024510947055 -0.000356573598729 0.00211508709218 0.00229786027024 0.00124279077861 0.000872503331723 0.00126463826661 0.00517580329931 0.00189184326017 0.00249655803035 2.64718090195e-05 0.00162695059759 0.00155713055472 0.00307740876848 0.00210098510984 7.74383932002e-05 0.00252578463728 0.00519732656628 0.00106054878344 -0.00188889663133 0.00110437983559 0.000459585859338 0.00175267347908 0.0171340485738 0.000279126758811 0.0027922848156 -0.000297518153749 0.000536837971629 
0.00440969278717 0.000844049109781 -0.000722610731465 0.00365578069581 0.00139257346509 -0.000704133892584 0.000301695147737 -0.000844617082797 0.00111483483779 0.00661373343002 -0.000662990869945 0.00264484926542 0.0122673911529 0.00258963249349 -4.57291723154e-05 -0.000619766498481 -0.00016792375466 8.67926569587e-06 0.00226159923791 0.00212368653778 0.0140785126485 0.004358571735 0.000867385045498 -5.57163870324e-05 -0.000681217496821 0.000279126758811 0.0356782852312 0.000653084566951 0.0140216149306 0.0164508629627 
0.00352146899137 0.00235709223677 0.00144504703892 0.00120653398541 0.00362476095729 0.00114809703814 0.000608904273815 0.00115403420978 0.00274072362089 0.00354459752296 0.00191232878344 5.17774746581e-05 0.000698662735514 0.00104515909673 0.00257380416352 0.000491979181468 0.00166457545658 -0.000245878670836 0.00392972734246 0.00268530970677 0.00140910499006 0.00106277938639 0.00194750982496 0.00112592564333 0.00147299117604 0.0027922848156 0.00065308456695 0.0230697919225 0.00113665752141 0.00183173926891 
0.00292886529132 0.00260624240926 -0.000278254953289 5.38971864666e-05 0.000396209269424 -0.000353744202912 0.000563103444609 0.00034639274615 0.00136029547193 0.00217284138872 -0.00101319844063 0.00474965429325 0.0104800825467 0.0027591358912 0.00172776963687 -0.000341077882582 0.0012002002704 -0.00113547958809 0.000659510453957 0.00144608324481 0.0134547243976 0.000804927424988 -0.00081111222341 0.00087701247546 -0.000250522386871 -0.000297518153748 0.0140216149306 0.00113665752141 0.0319413743569 0.0157682366019 
0.00531696126901 0.00373186699048 0.000579209735565 0.00877900743973 0.000885643028398 0.00162992071463 0.00188529504444 0.002123535471 0.00313707292246 0.00541595988272 0.000137508937791 0.0112676604661 0.0115030499846 0.00337706521275 0.000605175742818 0.000590206005837 -0.000283651247103 0.000806410684065 0.00447200830564 0.00123590768922 0.0168538558959 -0.00291892926698 -0.000456141518475 0.000721616015999 -0.000190648325561 0.000536837971629 0.0164508629627 0.00183173926891 0.0157682366019 0.0477838953989 

['PEG', 'ASN', 'MU', 'RHI', 'ETN', 'GPC', 'BCR', 'ADI', 'PSA', 'CTX', 'SBUX', 'DJ', 'APC', 'TXN', 'VZ', 'TJX', 'C', 'HSY', 'AVP', 'MTG', 'EOG', 'SBL', 'GE', 'FDX', 'EDS', 'ABK', 'RIG', 'BSC', 'BJS', 'NOV']