30
0.082081594572 0.0810581507116 -0.00694067656108 0.0870955077299 0.0283013122104 0.0498180241401 0.121962687623 0.0413132452317 0.134016582451 0.0292815331214 0.134627172929 0.00496789573306 0.0678408515538 0.00642009941462 0.0649972461493 0.0415474718814 0.185813705736 0.0998681056981 0.0896896089949 0.0328492958576 0.00326137985962 0.0797862135264 0.155431064381 0.103848753038 0.0558285331973 0.0729384759615 0.20394989535 0.0907505897935 0.106356452037 0.0766259396051 
0.265534521234 0.0701697840263 0.0400438664696 0.0268034588553 0.00686970215323 0.0282000934774 0.012989119414 0.0261078024601 0.0147621608112 0.00949214551113 -0.0081685933888 0.0276719098086 0.022385689332 0.0235863460766 0.0414865496754 0.0378537589232 0.0354450352514 0.0366419205688 0.0170105994742 0.0708167864831 0.0120828947512 -2.43950417236e-05 0.0105392267176 0.0192249686895 0.0367984558849 0.0251476219169 0.0400206252104 0.0149863372851 0.0499559066206 0.0107067451117 
0.0701697840263 0.214491627448 0.0195043367678 -0.00600279468532 -0.00365763135519 0.0113684811357 0.0415197242534 0.0123146521746 0.0125434041708 0.0161272702369 0.00335127857907 0.0259772310221 0.0163213615937 0.0402499036341 0.0115407962944 0.0306572389822 0.0432762266906 0.0217160608158 0.0116943051163 0.017884586961 0.0198225584389 0.029230691264 0.0316412348136 0.0103174074762 0.0325897127493 0.0325704350311 0.0371341889448 0.0252492247168 0.0118924158731 0.0171295184288 
0.0400438664696 0.0195043367678 0.394631151719 0.0270918538288 0.0102363179936 0.0358750374698 -0.000817712596719 -0.0177706404954 0.00671178999986 0.0192084411667 0.0145100889504 -0.00475425529179 0.0117512780621 -0.0122193986598 0.0396422847741 0.0349466835541 0.0554131476525 0.0316036034752 0.0253627624514 0.00410996284158 0.0155487251582 0.037448505789 0.0243400162271 -0.00665610340233 0.0200124587287 0.0194579286341 0.03439287196 0.0174992457064 0.0119419050495 0.00746606877706 
0.0268034588553 -0.00600279468532 0.0270918538288 0.438590737919 0.0136347545035 0.0759921452368 0.105096375945 0.0094897372949 0.0155451979964 0.0355414465331 -0.00814837552817 0.0343540832164 0.0242212519372 0.0301362378939 0.01288875664 0.00218696652298 0.0524651702105 -0.00829048069057 0.01960481339 -0.00755781651591 0.00193687634705 0.0188359003665 0.00163675270168 0.0359019513904 0.00403884829541 -0.00515992851044 0.0707355328987 0.00445041581858 0.0842245588036 0.0129854525109 
0.00686970215323 -0.00365763135519 0.0102363179936 0.0136347545035 0.215966362342 0.00154669283016 0.00602071403182 0.0120261070729 0.0235269596119 0.0178982336063 0.0152448440308 0.00578370636407 0.0121116598014 0.00665708561532 0.0294540327843 0.0139256315317 0.0162504807575 0.0198962709017 0.00505091536507 0.00386489187295 0.0115786002563 0.0155355160521 0.0200944056274 0.00225994387258 -0.0264703378415 -0.000210204028653 0.00914878561824 0.0035020623785 0.00312158545341 0.0171569609423 
0.0282000934774 0.0113684811357 0.0358750374698 0.0759921452368 0.00154669283016 0.338270255645 0.121780844973 -0.00589705314331 -0.01291544902 -0.00338516659757 0.0127218897391 0.014334670665 -0.00139642708553 0.0182030883356 0.0192992218249 -0.000692398127145 0.0329539501572 -0.0104314927299 -0.00206133240137 0.00856822488071 0.00350368408289 -0.00263336024024 0.0180482359147 0.0193611605804 -0.0170699189764 0.00417698266096 0.156886266798 -0.00669681497053 0.118936825869 0.00263831498044 
0.012989119414 0.0415197242534 -0.000817712596718 0.105096375945 0.00602071403182 0.121780844973 0.377357285194 -0.00559841473798 0.0160314372067 0.00346559480612 0.0489281066234 0.0454871922362 -0.00496658592824 0.0572813489084 0.00699090159356 0.0187074758146 0.0724173175041 0.00689919902982 0.0675270363302 -0.00453635455801 0.0280437005037 0.0161637615065 0.0315696568348 0.00828253996633 -0.00839808666879 0.00974869988115 0.136210948159 -0.0246745012204 0.120673695179 0.0378489925193 
0.0261078024601 0.0123146521746 -0.0177706404954 0.0094897372949 0.0120261070729 -0.00589705314331 -0.00559841473798 0.146507659904 0.0226967026011 0.026603186073 0.00796627122985 -0.00121301023232 0.0166503975163 0.0165726561417 -0.00433164575538 0.0123458284642 0.0269430580145 0.00876185869575 0.0107833673229 0.00034525237811 0.00600584723557 0.0262928630995 -0.0134898913085 0.00145112678771 0.0162010913033 0.015315278037 0.0113390457624 0.0195076239862 -0.000853159224043 0.0247154985605 
0.0147621608112 0.0125434041708 0.00671178999986 0.0155451979964 0.0235269596119 -0.01291544902 0.0160314372067 0.0226967026011 0.221617327314 0.0204834619774 0.0170249035039 0.00917044116208 0.02301620286 0.0236040519724 0.0133877311079 0.0224237683172 0.0284288445932 0.0315803027854 0.00934361725878 0.00153160306454 0.0149106551245 0.0375453546932 0.00675366192264 -0.0103213598332 0.0326877109344 -0.0138775832745 0.00516839170606 0.0271896055132 0.0509767294622 0.0373781332283 
0.00949214551113 0.0161272702369 0.0192084411667 0.0355414465331 0.0178982336063 -0.00338516659757 0.00346559480612 0.026603186073 0.0204834619774 0.156328940516 0.0065427155584 0.0140769163521 0.0114594769201 0.016188073884 0.013555917577 0.0326230659361 0.0341677684775 0.0245052961201 -0.004766789545 0.0200019947467 0.0129647093705 0.0167561545912 0.00950109922638 0.00486036974019 0.024794998337 0.0168048784168 -0.00707715437423 0.040225442897 0.0223268159601 0.0131298661698 
-0.0081685933888 0.00335127857907 0.0145100889504 -0.00814837552817 0.0152448440308 0.0127218897391 0.0489281066234 0.00796627122985 0.0170249035039 0.0065427155584 0.736010240913 0.00691325948221 -0.00124872973776 -0.00218783095402 0.0173087657983 0.00240793820987 0.0400357530798 0.0428915605421 0.0576868338547 0.0110587060895 0.00995140091898 0.04436439307 -0.018758376345 0.0336198578455 0.0503535757051 0.0534191849247 0.00055972940439 -0.00366794781723 0.0329490119268 0.0426914509456 
0.0276719098086 0.0259772310221 -0.00475425529179 0.0343540832164 0.00578370636407 0.014334670665 0.0454871922362 -0.00121301023232 0.00917044116208 0.0140769163521 0.00691325948221 0.177082177098 0.0324422475486 0.0559264155639 0.0201298116587 0.0107506569035 0.0183049247221 0.00823816229721 -0.00464546855356 0.0100637297496 0.00641571036371 0.00886795547706 0.00221832228371 0.00381630656442 0.015245914373 0.00483447147129 0.0170053060702 0.0132438926497 0.038883813734 0.00475587670653 
0.022385689332 0.0163213615937 0.0117512780621 0.0242212519372 0.0121116598014 -0.00139642708553 -0.00496658592824 0.0166503975163 0.02301620286 0.0114594769201 -0.00124872973776 0.0324422475486 0.359762901147 0.0201989321218 0.0177130706469 0.0213280953207 0.0667054032964 0.0378416506047 0.0225005225977 0.0270002346425 0.0134264412363 0.00553466667559 0.0134856451372 0.0173351097793 0.0401852749036 0.0309476468693 -0.00628971066997 0.0199557923799 0.000695853445076 0.009574877338 
0.0235863460766 0.0402499036341 -0.0122193986598 0.0301362378939 0.00665708561532 0.0182030883356 0.0572813489084 0.0165726561417 0.0236040519724 0.016188073884 -0.00218783095402 0.0559264155639 0.0201989321218 0.147651921117 0.0230370016977 0.0159316208453 0.0058011276677 0.0165752132101 -0.00377660743967 0.0138149343685 0.0144941309635 0.0312146201727 0.022105554891 0.00388986810257 0.005217601011 0.0225490913178 0.00409015948189 0.00777092247614 0.0421984892738 0.0202553571055 
0.0414865496754 0.0115407962944 0.0396422847741 0.01288875664 0.0294540327843 0.0192992218249 0.00699090159356 -0.00433164575538 0.0133877311079 0.013555917577 0.0173087657983 0.0201298116587 0.0177130706469 0.0230370016977 0.286139753004 0.000775913685525 0.0241954650287 0.0427060732754 0.0129285924562 0.0186711056586 0.0197752313461 0.0146519536452 0.0312719538854 -0.0177507593319 0.0222955423054 0.0146386990514 0.00823819778095 0.0245504521028 0.0174035909633 0.0196378878967 
0.0378537589232 0.0306572389822 0.0349466835541 0.00218696652298 0.0139256315317 -0.000692398127145 0.0187074758146 0.0123458284642 0.0224237683172 0.0326230659361 0.00240793820987 0.0107506569035 0.0213280953207 0.0159316208453 0.000775913685525 0.180374239973 0.0312032031609 0.0160175142166 8.69528931948e-05 0.0246954871778 0.0124921997544 0.0123368934579 0.0504391768931 -0.020476268934 0.0213989144988 0.0129906234089 -0.00453831136015 0.0197837483536 0.0048927551585 0.0195695204936 
0.0354450352514 0.0432762266906 0.0554131476525 0.0524651702105 0.0162504807575 0.0329539501572 0.0724173175041 0.0269430580145 0.0284288445932 0.0341677684775 0.0400357530798 0.0183049247221 0.0667054032964 0.0058011276677 0.0241954650287 0.0312032031609 0.58078984132 0.0500082616085 0.0383708369393 0.0630883559565 0.030956920979 0.0538301625495 0.119043820274 0.0248860739773 0.0755189139438 0.0222885110626 0.131454528652 0.0262289546696 0.113688443166 0.0571772530067 
0.0366419205688 0.0217160608158 0.0316036034752 -0.00829048069057 0.0198962709017 -0.0104314927299 0.00689919902982 0.00876185869575 0.0315803027854 0.0245052961201 0.0428915605421 0.00823816229721 0.0378416506047 0.0165752132101 0.0427060732754 0.0160175142166 0.0500082616085 0.420625224604 0.0299895555549 0.0212081253043 0.0147702902681 0.0358658568347 0.0271181731024 0.035571900801 0.00124392196682 0.0280220308523 0.0233920632323 0.0282296095518 0.0117394130499 -0.00137212198941 
0.0170105994742 0.0116943051163 0.0253627624514 0.01960481339 0.00505091536507 -0.00206133240137 0.0675270363302 0.0107833673229 0.00934361725878 -0.004766789545 0.0576868338547 -0.00464546855356 0.0225005225977 -0.00377660743967 0.0129285924562 8.6952893195e-05 0.0383708369393 0.0299895555549 0.435487186037 0.0204372735138 0.0219801247306 0.0120859660933 0.00592257830287 0.0117977190299 0.0369023296938 -0.000849582551011 -0.00614748992197 0.0176648454941 0.0196729858496 0.0750272280049 
0.0708167864831 0.017884586961 0.00410996284158 -0.00755781651591 0.00386489187295 0.00856822488071 -0.00453635455801 0.00034525237811 0.00153160306454 0.0200019947467 0.0110587060895 0.0100637297496 0.0270002346425 0.0138149343685 0.0186711056586 0.0246954871778 0.0630883559565 0.0212081253043 0.0204372735138 0.329842358264 0.00869603660123 0.00989385601215 0.0346511457856 0.0172500561836 0.0350115660385 0.000770594980126 0.0117310704607 -0.00723585452527 0.0219055127792 0.00427669060173 
0.0120828947512 0.0198225584389 0.0155487251582 0.00193687634705 0.0115786002563 0.00350368408289 0.0280437005037 0.00600584723557 0.0149106551246 0.0129647093705 0.00995140091898 0.00641571036371 0.0134264412363 0.0144941309635 0.0197752313461 0.0124921997544 0.030956920979 0.0147702902681 0.0219801247306 0.00869603660123 0.166921878822 0.0356590267725 0.00690881085561 0.024297558364 0.0216159742886 0.0231320918274 -0.00977322933218 0.0174129709366 0.010246908135 0.00935140256426 
-2.4395041724e-05 0.029230691264 0.037448505789 0.0188359003665 0.0155355160521 -0.00263336024024 0.0161637615065 0.0262928630995 0.0375453546932 0.0167561545912 0.04436439307 0.00886795547706 0.00553466667559 0.0312146201727 0.0146519536452 0.0123368934579 0.0538301625495 0.0358658568347 0.0120859660933 0.00989385601215 0.0356590267725 0.237006734084 0.0110179341754 0.0084601503309 0.0319522581099 -0.0103445540275 -0.0171582528504 0.0261469689794 0.00207951540091 0.0203922369326 
0.0105392267176 0.0316412348136 0.0243400162271 0.00163675270168 0.0200944056274 0.0180482359147 0.0315696568348 -0.0134898913085 0.00675366192264 0.00950109922638 -0.018758376345 0.00221832228371 0.0134856451372 0.022105554891 0.0312719538854 0.0504391768931 0.119043820274 0.0271181731024 0.00592257830287 0.0346511457856 0.00690881085561 0.0110179341754 0.674044557914 -0.0214375917423 0.00602131196389 0.00804023705308 0.196400368635 0.0153694139418 -0.0090121908182 0.0102109784143 
0.0192249686895 0.0103174074762 -0.00665610340233 0.0359019513904 0.00225994387258 0.0193611605804 0.00828253996633 0.00145112678771 -0.0103213598332 0.00486036974019 0.0336198578455 0.00381630656442 0.0173351097793 0.00388986810257 -0.0177507593319 -0.020476268934 0.0248860739773 0.035571900801 0.0117977190299 0.0172500561836 0.024297558364 0.0084601503309 -0.0214375917423 0.356058935196 0.0152147636754 0.0264633935368 0.00564598448763 0.0101618025127 0.0485725493243 -0.0141262934498 
0.0367984558849 0.0325897127493 0.0200124587287 0.00403884829541 -0.0264703378415 -0.0170699189764 -0.00839808666879 0.0162010913033 0.0326877109344 0.024794998337 0.0503535757051 0.015245914373 0.0401852749036 0.005217601011 0.0222955423054 0.0213989144988 0.0755189139438 0.00124392196682 0.0369023296938 0.0350115660385 0.0216159742886 0.0319522581099 0.00602131196389 0.0152147636754 0.297559475612 0.0147193272648 -0.0340273045457 0.0265946743684 0.0114204033033 0.0710495925402 
0.0251476219169 0.0325704350311 0.0194579286341 -0.00515992851044 -0.000210204028653 0.00417698266096 0.00974869988115 0.015315278037 -0.0138775832745 0.0168048784168 0.0534191849247 0.00483447147129 0.0309476468693 0.0225490913178 0.0146386990514 0.0129906234089 0.0222885110626 0.0280220308523 -0.000849582551011 0.000770594980126 0.0231320918274 -0.0103445540275 0.00804023705308 0.0264633935368 0.0147193272648 0.32407731826 0.00265205446217 0.0191512757547 0.00208820948499 0.00821064232236 
0.0400206252104 0.0371341889448 0.03439287196 0.0707355328987 0.00914878561824 0.156886266798 0.136210948159 0.0113390457624 0.00516839170606 -0.00707715437423 0.00055972940439 0.0170053060702 -0.00628971066997 0.00409015948189 0.00823819778095 -0.00453831136015 0.131454528652 0.0233920632323 -0.00614748992196 0.0117310704607 -0.00977322933218 -0.0171582528504 0.196400368635 0.00564598448763 -0.0340273045457 0.00265205446217 0.689262184823 -0.0131967076134 0.164764477548 0.00812073069125 
0.0149863372851 0.0252492247168 0.0174992457064 0.00445041581858 0.0035020623785 -0.00669681497053 -0.0246745012204 0.0195076239862 0.0271896055132 0.040225442897 -0.00366794781723 0.0132438926497 0.0199557923799 0.00777092247614 0.0245504521028 0.0197837483536 0.0262289546696 0.0282296095518 0.0176648454941 -0.00723585452527 0.0174129709366 0.0261469689794 0.0153694139418 0.0101618025127 0.0265946743684 0.0191512757547 -0.0131967076134 0.345386222909 -0.00238557217088 0.0360046798996 
0.0499559066206 0.0118924158731 0.0119419050495 0.0842245588036 0.00312158545341 0.118936825869 0.120673695179 -0.000853159224042 0.0509767294622 0.0223268159601 0.0329490119268 0.038883813734 0.000695853445076 0.0421984892738 0.0174035909633 0.0048927551585 0.113688443166 0.0117394130499 0.0196729858496 0.0219055127792 0.010246908135 0.00207951540091 -0.0090121908182 0.0485725493243 0.0114204033033 0.00208820948499 0.164764477548 -0.00238557217088 0.483558243324 -0.00398164489691 
0.0107067451117 0.0171295184288 0.00746606877706 0.0129854525109 0.0171569609423 0.00263831498044 0.0378489925193 0.0247154985605 0.0373781332283 0.0131298661698 0.0426914509456 0.00475587670653 0.009574877338 0.0202553571055 0.0196378878967 0.0195695204936 0.0571772530067 -0.00137212198941 0.0750272280049 0.00427669060173 0.00935140256426 0.0203922369326 0.0102109784143 -0.0141262934498 0.0710495925402 0.00821064232236 0.00812073069125 0.0360046798996 -0.00398164489691 0.249124926333 
0.022995964097 0.00607688155449 0.00346790056285 0.0023212476278 0.000594933658113 0.00244219973405 0.00112489073853 0.00226100201674 0.00127844062772 0.000822043914906 -0.000707420938788 0.00239645768655 0.00193865756427 0.00204263748848 0.00359284059342 0.00327823168563 0.00306963009658 0.0031732834056 0.00147316112783 0.00613291361088 0.00104640938058 -2.1126725859e-06 0.000912723807366 0.00166493112721 0.00318683976164 0.00217784794248 0.00346588781075 0.00129785487986 0.00432630842025 0.000927231325861 
0.00607688155449 0.0185755198269 0.00168912511248 -0.000519857269119 -0.000316760167128 0.000984539346595 0.00359571359615 0.0010664801622 0.00108629066618 0.00139666257188 0.000290229238463 0.00224969419852 0.00141347137645 0.0034857439047 0.000999462277082 0.00265499477685 0.0037478311694 0.00188066603366 0.00101275653103 0.00154885066444 0.00171668391761 0.00253145212048 0.00274021131557 0.000893513697562 0.00282235191429 0.00282068241492 0.00321591509752 0.00218664700306 0.00102991342585 0.00148345981139 
0.00346790056285 0.00168912511248 0.0341760602514 0.00234622336514 0.000886491142365 0.00310686938106 -7.08159881753e-05 -0.00153898261105 0.000581258064475 0.00166349980174 0.00125661056422 -0.000411730585876 0.00101769053288 -0.00105823096584 0.00343312256784 0.00302647157359 0.00479891935707 0.00273695234607 0.00219647965931 0.000355933222942 0.00134655909834 0.0032431357347 0.00210790723812 -0.000576435463663 0.00173312976513 0.00168510605022 0.00297851008265 0.00151547913288 0.00103419931424 0.000646580522734 
0.0023212476278 -0.000519857269119 0.00234622336514 0.0379830720902 0.00118080437744 0.00658111282632 0.00910161314141 0.000821835357262 0.00134625363717 0.00307797955849 -0.000705670020697 0.00297515087891 0.00209762194891 0.00260987475906 0.00111619906735 0.000189396856613 0.00454361702162 -0.000717976688762 0.00169782664322 -0.000654526109992 0.000167738412054 0.00163123682205 0.000141746941937 0.00310920019496 0.000349774522586 -0.000446862917175 0.00612587684405 0.00038541731563 0.00729406075464 0.00112457317541 
0.000594933658113 -0.000316760167128 0.000886491142365 0.00118080437744 0.0187032356151 0.000133947528277 0.000521409130048 0.00104149142338 0.00203749446977 0.00155003249859 0.00132024222074 0.000500883663932 0.001048900507 0.000576520525804 0.00255079406351 0.00120599506702 0.00140733291597 0.00172306760415 0.000437422101852 0.000334709454486 0.00100273619622 0.0013454151562 0.00174022657473 0.000195716880478 -0.00229239850175 -1.82042028791e-05 0.000792308075917 0.000303287498542 0.000270337230274 0.00148583640277 
0.00244219973405 0.000984539346595 0.00310686938106 0.00658111282632 0.000133947528277 0.0292950634733 0.0105465305441 -0.000510699782958 -0.00111851069526 -0.000293164026954 0.00110174796982 0.00124141889507 -0.00012093413306 0.00157643369259 0.00167136163736 -5.9963436764e-05 0.00285389579912 -0.000903393770347 -0.000178516622523 0.000742030041203 0.000303427942262 -0.000228055686537 0.00156302307956 0.00167672569094 -0.00147829834741 0.000361737309556 0.0135867492552 -0.000579961188893 0.0103002312648 0.000228484779624 
0.00112489073853 0.00359571359615 -7.08159881753e-05 0.00910161314141 0.000521409130048 0.0105465305441 0.0326800995281 -0.000484836938401 0.00138836318802 0.000300129314132 0.0042372983295 0.00393930640234 -0.000430118958393 0.00496071033177 0.000605429837538 0.00162011492961 0.00627152366325 0.000597488162559 0.00584801289042 -0.000392859828781 0.00242865570523 0.00139982280854 0.00273401248077 0.00071728900187 -0.000727295639835 0.000844262175094 0.0117962141379 -0.00213687448826 0.0104506485593 0.00327781890293 
0.00226100201674 0.0010664801622 -0.00153898261105 0.000821835357262 0.00104149142338 -0.000510699782958 -0.000484836938401 0.0126879355326 0.00196559210347 0.00230390349608 0.000689899325849 -0.000105049767624 0.00144196672322 0.00143523412269 -0.000375131526436 0.00106918010808 0.00233333726962 0.000758799221489 0.000933867003997 2.9899733016e-05 0.000520121627726 0.00227702873824 -0.00116825885674 0.000125671266227 0.00140305566377 0.00132634198461 0.000981990168494 0.00168940979395 -7.38857561494e-05 0.00214042496206 
0.00127844062772 0.00108629066618 0.000581258064475 0.00134625363717 0.00203749446977 -0.00111851069526 0.00138836318802 0.00196559210347 0.0191926235373 0.00177391984299 0.00147439989314 0.000794183501027 0.00199326163754 0.00204417086404 0.00115941152385 0.00194195530113 0.0024620101618 0.00273493444714 0.000809180990935 0.00013264071624 0.00129130061249 0.00325152309584 0.000584884279358 -0.000893855981714 0.00283083880607 -0.00120183396588 0.000447595851415 0.00235468890933 0.00441471427161 0.00323704129218 
0.000822043914906 0.00139666257188 0.00166349980174 0.00307797955849 0.00155003249859 -0.000293164026954 0.000300129314132 0.00230390349608 0.00177391984299 0.0135384833834 0.000566615788331 0.00121909671679 0.00099241981269 0.00140192832219 0.00117397689933 0.002825240385 0.00295901554921 0.00212222089672 -0.000412816084046 0.0017322235577 0.00112277676675 0.00145112555457 0.000822819329392 0.000420920366679 0.00214730984467 0.00145534516165 -0.000612899547459 0.00348362554273 0.0019335589807 0.00113707976513 
-0.000707420938789 0.000290229238463 0.00125661056422 -0.000705670020697 0.00132024222074 0.00110174796982 0.0042372983295 0.000689899325849 0.00147439989314 0.000566615788331 0.0637403566077 0.000598705833455 -0.000108143167536 -0.000189471718537 0.00149898308895 0.000208533566049 0.00346719792268 0.00371451810374 0.00499582635821 0.000957712040653 0.000861816599908 0.00384206914221 -0.00162452304486 0.00291156509658 0.0043607475732 0.00462623711943 4.84739883447e-05 -0.000317653598948 0.00285346813582 0.00369718810433 
0.00239645768655 0.00224969419852 -0.000411730585876 0.00297515087891 0.000500883663932 0.00124141889507 0.00393930640234 -0.000105049767624 0.000794183501027 0.00121909671679 0.000598705833455 0.0153357663924 0.0028095810533 0.00484336966209 0.00174329282699 0.000931034198581 0.00158525298237 0.000713445782988 -0.000402309377986 0.000871544561998 0.00055561681583 0.000767987472277 0.000192112345148 0.000330501843341 0.00132033491509 0.000418677510801 0.00147270270559 0.00114695474796 0.00336743704897 0.000411871004512 
0.00193865756427 0.00141347137645 0.00101769053288 0.00209762194891 0.001048900507 -0.00012093413306 -0.000430118958393 0.00144196672322 0.00199326163754 0.00099241981269 -0.000108143167536 0.0028095810533 0.0311563811733 0.00174927883468 0.00153399691592 0.00184706723621 0.00577685738244 0.00327718307448 0.0019486024168 0.00233828891085 0.0011627639193 0.000479316194254 0.00116789112752 0.00150126454462 0.00348014689246 0.00268014483761 -0.000544704922265 0.00172822231536 6.02626760747e-05 0.000829208701282 
0.00204263748848 0.0034857439047 -0.00105823096584 0.00260987475906 0.000576520525804 0.00157643369259 0.00496071033177 0.00143523412269 0.00204417086404 0.00140192832219 -0.000189471718537 0.00484336966209 0.00174927883468 0.0127870314605 0.00199506286973 0.00137971883755 0.000502392393082 0.00143545557131 -0.000327063798287 0.00119640841147 0.00125522856202 0.0027032654039 0.00191439721004 0.000336872459419 0.000451857502234 0.00195280859134 0.000354218201684 0.000672981627517 0.00365449637124 0.00175416538161 
0.00359284059342 0.000999462277082 0.00343312256784 0.00111619906735 0.00255079406351 0.00167136163736 0.000605429837538 -0.000375131526436 0.00115941152385 0.00117397689933 0.00149898308895 0.00174329282699 0.00153399691592 0.00199506286973 0.0247804295134 6.71960962808e-05 0.00209538873713 0.00369845443523 0.00111964895022 0.00161696518171 0.00171258527114 0.00126889640718 0.00270823064907 -0.00153726085179 0.00193085060276 0.00126774852569 0.00071344885597 0.00212613151954 0.00150719518913 0.00170069097952 
0.00327823168563 0.00265499477685 0.00302647157359 0.000189396856613 0.00120599506702 -5.99634367641e-05 0.00162011492961 0.00106918010808 0.00194195530113 0.002825240385 0.000208533566049 0.000931034198581 0.00184706723621 0.00137971883755 6.71960962808e-05 0.0156208674005 0.00270227666167 0.0013871574217 7.53034144393e-06 0.00213869192548 0.00108185623365 0.00106840631383 0.00436816085354 -0.00177329690716 0.00185320035694 0.00112502098831 -0.000393029292817 0.00171332286563 0.000423725026176 0.00169477018874 
0.00306963009658 0.0037478311694 0.00479891935707 0.00454361702162 0.00140733291597 0.00285389579912 0.00627152366325 0.00233333726962 0.0024620101618 0.00295901554921 0.00346719792268 0.00158525298237 0.00577685738244 0.000502392393082 0.00209538873713 0.00270227666167 0.0502978756843 0.00433084249521 0.00332301195539 0.00546361189413 0.00268094799907 0.00466182882577 0.0103094972521 0.00215519722648 0.00654012979416 0.00193024167927 0.0113842961256 0.00227149410586 0.00984570798981 0.00495169536224 
0.0031732834056 0.00188066603366 0.00273695234607 -0.000717976688762 0.00172306760415 -0.000903393770347 0.000597488162559 0.000758799221489 0.00273493444714 0.00212222089672 0.00371451810374 0.000713445782988 0.00327718307448 0.00143545557131 0.00369845443523 0.0013871574217 0.00433084249521 0.036427212998 0.00259717169588 0.00183667752802 0.00127914465934 0.00310607431474 0.00234850268109 0.00308061697546 0.000107726802359 0.00242677905838 0.00202581210061 0.00244475590108 0.00101666299268 -0.000118829249992 
0.00147316112783 0.00101275653103 0.00219647965931 0.00169782664322 0.000437422101852 -0.000178516622523 0.00584801289042 0.000933867003997 0.000809180990935 -0.000412816084046 0.00499582635821 -0.000402309377986 0.0019486024168 -0.000327063798287 0.00111964895022 7.53034144394e-06 0.00332301195539 0.00259717169588 0.0377142966131 0.0017699198047 0.00190353463951 0.00104667536661 0.000512910326619 0.00102171243866 0.00319583549737 -7.35760071787e-05 -0.000532388244193 0.00152982049518 0.0017037305514 0.00649754854278 
0.00613291361088 0.00154885066444 0.000355933222942 -0.000654526109992 0.000334709454486 0.000742030041203 -0.000392859828781 2.98997330161e-05 0.00013264071624 0.0017322235577 0.000957712040653 0.000871544561998 0.00233828891085 0.00119640841147 0.00161696518171 0.00213869192548 0.00546361189413 0.00183667752802 0.0017699198047 0.0285651861501 0.000753098860891 0.000856833064791 0.00300087725205 0.00149389868717 0.00303209056156 6.67354828818e-05 0.00101594050326 -0.000626643383698 0.00189707305497 0.000370372270522 
0.00104640938058 0.00171668391761 0.00134655909834 0.000167738412054 0.00100273619622 0.000303427942262 0.00242865570523 0.000520121627726 0.00129130061249 0.00112277676675 0.000861816599908 0.00055561681583 0.0011627639193 0.00125522856202 0.00171258527114 0.00108185623365 0.00268094799907 0.00127914465934 0.00190353463951 0.000753098860891 0.0144558587507 0.00308816230592 0.00059832057109 0.00210423027932 0.00187199828615 0.00200329791652 -0.000846386487868 0.00150800751864 0.000887408275519 0.000809855218166 
-2.11267258594e-06 0.00253145212048 0.0032431357347 0.00163123682205 0.0013454151562 -0.000228055686537 0.00139982280854 0.00227702873824 0.00325152309584 0.00145112555457 0.00384206914221 0.000767987472277 0.000479316194254 0.0027032654039 0.00126889640718 0.00106840631383 0.00466182882577 0.00310607431474 0.00104667536661 0.000856833064791 0.00308816230592 0.0205253852585 0.000954181089309 0.00073267051064 0.00276714672315 -0.000895864657866 -0.0014859482853 0.00226439393681 0.000180091316475 0.00176601952236 
0.000912723807366 0.00274021131557 0.00210790723812 0.000141746941937 0.00174022657473 0.00156302307956 0.00273401248077 -0.00116825885674 0.000584884279358 0.000822819329392 -0.00162452304486 0.000192112345148 0.00116789112752 0.00191439721004 0.00270823064907 0.00436816085354 0.0103094972521 0.00234850268109 0.000512910326619 0.00300087725205 0.00059832057109 0.000954181089309 0.0583739710436 -0.00185654990448 0.000521460912484 0.000696304954041 0.0170087708551 0.00133103029149 -0.000780478619231 0.00088429667043 
0.00166493112721 0.000893513697562 -0.000576435463663 0.00310920019496 0.000195716880478 0.00167672569094 0.00071728900187 0.000125671266227 -0.000893855981714 0.000420920366679 0.00291156509658 0.000330501843341 0.00150126454462 0.000336872459419 -0.00153726085179 -0.00177329690716 0.00215519722648 0.00308061697546 0.00102171243866 0.00149389868717 0.00210423027932 0.00073267051064 -0.00185654990448 0.0308356083124 0.00131763718555 0.00229179710732 0.000488956599566 0.000880037912426 0.00420650616414 -0.00122337289888 
0.00318683976164 0.00282235191429 0.00173312976513 0.000349774522586 -0.00229239850175 -0.00147829834741 -0.000727295639835 0.00140305566377 0.00283083880607 0.00214730984467 0.0043607475732 0.00132033491509 0.00348014689246 0.000451857502234 0.00193085060276 0.00185320035694 0.00654012979416 0.000107726802359 0.00319583549737 0.00303209056156 0.00187199828615 0.00276714672315 0.000521460912484 0.00131763718555 0.0257694065017 0.00127473113379 -0.00294685101588 0.00230316636084 0.00098903593821 0.00615307520684 
0.00217784794248 0.00282068241492 0.00168510605022 -0.000446862917175 -1.82042028791e-05 0.000361737309556 0.000844262175094 0.00132634198461 -0.00120183396588 0.00145534516165 0.00462623711943 0.000418677510801 0.00268014483761 0.00195280859134 0.00126774852569 0.00112502098831 0.00193024167927 0.00242677905838 -7.35760071787e-05 6.67354828818e-05 0.00200329791652 -0.000895864657866 0.000696304954041 0.00229179710732 0.00127473113379 0.0280659190403 0.000229674653646 0.00165854913184 0.000180844246242 0.000711062483255 
0.00346588781075 0.00321591509752 0.00297851008265 0.00612587684405 0.000792308075917 0.0135867492552 0.0117962141379 0.000981990168494 0.000447595851415 -0.000612899547459 4.84739883447e-05 0.00147270270559 -0.000544704922265 0.000354218201684 0.00071344885597 -0.000393029292817 0.0113842961256 0.00202581210061 -0.000532388244193 0.00101594050326 -0.000846386487868 -0.0014859482853 0.0170087708551 0.000488956599566 -0.00294685101588 0.000229674653646 0.0596918561925 -0.00114286840395 0.0142690223198 0.000703275907592 
0.00129785487986 0.00218664700306 0.00151547913288 0.00038541731563 0.000303287498542 -0.000579961188893 -0.00213687448826 0.00168940979395 0.00235468890933 0.00348362554273 -0.000317653598948 0.00114695474796 0.00172822231536 0.000672981627517 0.00212613151954 0.00171332286563 0.00227149410586 0.00244475590108 0.00152982049518 -0.000626643383698 0.00150800751864 0.00226439393681 0.00133103029149 0.000880037912426 0.00230316636084 0.00165854913184 -0.00114286840395 0.0299113243156 -0.000206596610254 0.00311809674482 
0.00432630842025 0.00102991342585 0.00103419931424 0.00729406075464 0.000270337230274 0.0103002312648 0.0104506485593 -7.38857561494e-05 0.00441471427161 0.0019335589807 0.00285346813582 0.00336743704897 6.02626760747e-05 0.00365449637124 0.00150719518913 0.000423725026176 0.00984570798981 0.00101666299268 0.0017037305514 0.00189707305497 0.000887408275519 0.000180091316475 -0.000780478619231 0.00420650616414 0.00098903593821 0.000180844246242 0.0142690223198 -0.000206596610254 0.0418773722928 -0.000344820562958 
0.000927231325861 0.00148345981139 0.000646580522734 0.00112457317541 0.00148583640277 0.000228484779624 0.00327781890293 0.00214042496206 0.00323704129218 0.00113707976513 0.00369718810433 0.000411871004512 0.000829208701282 0.00175416538161 0.00170069097952 0.00169477018874 0.00495169536224 -0.000118829249992 0.00649754854278 0.000370372270522 0.000809855218166 0.00176601952236 0.00088429667043 -0.00122337289888 0.00615307520684 0.000711062483255 0.000703275907592 0.00311809674482 -0.000344820562958 0.0215748514921 

['PH', 'GWW', 'JNY', 'EP', 'BMY', 'MUR', 'WMB', 'BUD', 'PNC', 'AIG', 'DDS', 'AEP', 'WEN', 'AEE', 'SHW', 'EMR', 'DHI', 'XLNX', 'CVS', 'HAS', 'KMB', 'COF', 'MEDI', 'KG', 'TGT', 'JCI', 'VLO', 'ACE', 'HAL', 'WAG']