30
0.0408960175479 0.0132966740539 0.0756818342608 0.0950879331279 0.0170913584406 0.0526772687529 0.0723241103927 0.0759168136047 0.0762578269544 0.0499403633474 0.0398839612709 0.0963264580192 0.0358059899839 0.0498631258667 0.0861150338972 0.126841392599 0.1366928931 0.0328562524986 0.0172523696575 0.0422457423554 0.115739319126 0.135547989167 0.0900156737744 0.0475630895173 0.0916953774684 0.036872425502 0.0751688044393 0.136929250297 0.0896854693356 0.0214629747746 
0.209020350919 0.00890294800138 0.0247719608193 0.0100347848916 -0.0035998518711 0.0381616913252 0.0192929657492 0.00632034845308 0.0135933300533 0.000985638730815 0.00690605397039 0.0228375699072 0.0122967234874 0.0420374345548 0.0322314804103 0.0117461664124 0.0282040998828 -0.0192038627187 0.0116881259519 -0.000123139247518 0.0358636090743 0.0219357279212 0.00745190141281 0.000280030203816 0.054614020019 0.0168411251375 0.00602509740825 0.0401205532708 0.0255119161279 0.0212404989873 
0.00890294800138 0.290095551679 0.0214321185414 0.00648064709039 0.0204542583611 0.00816482961071 0.00306241397701 0.010603170626 -0.00600915305492 0.00155435109059 0.00606975848814 0.0120146552681 -0.00784027765682 0.00838880522738 0.028479043713 -0.0161726883253 0.0101418848244 0.0718037522935 0.0220718345717 0.000726206535127 0.0149695075666 0.0235779011388 0.0167781116075 0.0214556008737 0.0745823839481 0.00386334579988 0.0191797991373 0.013305695994 0.0126207501435 -0.00291383792147 
0.0247719608193 0.0214321185414 0.219618428895 0.0183478254908 0.0151610994458 0.00742929334148 0.00668547820894 0.00160171193125 0.00235500270787 0.0307554072506 0.0200516582977 0.0218615706396 0.0119826854384 0.0189214425289 0.000227296700266 0.0423659393772 0.0217537678038 0.00376689283228 0.0194358480468 0.0141480522972 0.0263738798965 0.00270171359743 0.00627529308577 0.00585936186564 0.0492697069129 0.00843624142009 0.0180002933021 0.0317753198329 0.00436474955503 0.0110749497208 
0.0100347848916 0.00648064709039 0.0183478254908 0.287309797062 0.0522359579796 0.0272677062882 0.0357717842013 0.0257193478472 0.0164612476465 0.0160752093137 0.0293980892166 0.0328028044866 0.0227717028964 0.0300479202941 0.0249015585578 0.0114542586981 0.0379072268129 0.0157812847771 0.00889680313903 0.0260731452723 0.0272902743591 0.0388676101802 0.0451994622157 0.0068797314578 0.0808594175744 0.0139764080726 0.046152671798 0.04955801462 0.0205808452088 0.00818656298573 
-0.0035998518711 0.0204542583611 0.0151610994458 0.0522359579796 0.218654319278 0.0193960360378 0.014580867932 0.0208107103391 0.0071996147052 0.0392126235802 0.0185230516507 0.0222703733776 0.0118907917748 0.0281405374986 0.0311486627296 0.000479251510909 0.00621265293416 0.0311616326869 0.0335373954315 0.0155052216043 0.0322860103071 0.00904586205057 0.0302384689351 0.0152076232063 0.0450147786791 0.0138367649661 0.0610646484637 0.0195602823594 0.0270951361653 0.0267371323121 
0.0381616913252 0.00816482961071 0.00742929334148 0.0272677062882 0.0193960360378 0.247427745013 0.021334295726 0.00577524569374 0.0274532247757 0.0252490230343 -0.0029879430541 0.0326656685158 0.0183514998441 0.0459880802575 0.0193100332854 0.0129615521805 0.0236978411083 0.00947905893941 0.0347956413963 0.0172951258567 0.0355521629535 0.00749339197419 -0.0120108336457 -0.0174019767799 0.0081462126899 0.0236956633912 0.0191501943786 0.0316064583529 0.0167379894037 0.0178278676992 
0.0192929657492 0.00306241397701 0.00668547820894 0.0357717842013 0.014580867932 0.021334295726 0.377560656226 0.0203376096898 -0.0145913455874 0.00609256311248 -0.000662712039566 0.0208936214693 0.0122749759667 0.0285696645673 0.0365160302165 0.0231242229758 0.0141092513613 0.0135044227688 0.00748364131496 -0.00219036308485 0.000354227798254 0.0502707221789 0.0322207134449 0.0134388963202 0.0550209043766 0.00995200835546 0.0143509710657 0.0563911688692 0.0363759490753 0.0175925757035 
0.00632034845308 0.010603170626 0.00160171193125 0.0257193478472 0.0208107103391 0.00577524569374 0.0203376096898 0.342140511193 0.0119412856535 0.00375886597007 0.0171136557406 0.0159346724733 0.0235476615833 0.0101204166816 0.0194999808073 -0.0119142423731 -0.0119273876968 -0.00834420455801 0.0137082372251 0.000541752348046 0.0529044125344 0.0196415131246 0.000943759669692 0.0118295521038 0.0207630097967 0.0289701547888 0.00836902770894 0.0700248347334 0.0257559707525 0.0246495004493 
0.0135933300533 -0.00600915305492 0.00235500270787 0.0164612476465 0.0071996147052 0.0274532247757 -0.0145913455874 0.0119412856535 0.487740160523 0.074152405232 -0.00244085998093 0.0381291243435 0.0707169525947 0.0542712401498 0.00630717140456 0.0357505199046 0.0064919852989 0.0265741981878 0.0236322946817 -0.00652058686512 0.0136547028607 -0.017711457165 0.0134319451236 -0.00110101077096 0.0896262909744 0.00116158888836 -0.0366274721742 0.0273140747819 0.0360329430613 0.0468977449104 
0.000985638730815 0.00155435109059 0.0307554072506 0.0160752093137 0.0392126235802 0.0252490230343 0.00609256311248 0.00375886597007 0.074152405232 0.275622503117 0.0164542019547 -0.00679135261635 0.0440377030557 0.0408131729749 -0.0018352865571 0.0427612997759 0.000534884148036 0.0219850583698 0.0111295420508 0.0228247767361 0.0429085903685 -0.00230529510388 0.00747328725759 0.00232492231951 0.0161035544278 0.030564730019 0.0134243339724 0.019484900423 0.0414500508895 0.0423694566813 
0.00690605397039 0.00606975848814 0.0200516582977 0.0293980892166 0.0185230516507 -0.0029879430541 -0.000662712039566 0.0171136557406 -0.00244085998093 0.0164542019547 0.139255376078 0.0240816402152 4.98244955841e-05 0.00282856825055 -0.00814171446257 0.0141526735125 0.00638656886649 0.00593304529135 -0.00306486869759 0.0132313790166 0.0205319725221 0.00184669896966 0.0125663085269 0.00467779529293 0.00801142284381 0.00976725776451 0.00640339642043 0.0342863054186 0.0101813225922 0.0155190678293 
0.0228375699072 0.0120146552681 0.0218615706396 0.0328028044866 0.0222703733776 0.0326656685158 0.0208936214693 0.0159346724733 0.0381291243435 -0.00679135261635 0.0240816402152 0.462574882009 0.0152648923655 0.0147149746764 0.0310580528514 0.0231977516821 0.00710682259007 0.0221026727311 0.0069042973753 0.0136176005856 0.0385751398779 0.0415197173269 0.0127574387261 -0.026031482294 0.0702855459026 0.0227268635951 0.044172105315 0.0241480162709 0.0217052081292 0.0283162785184 
0.0122967234874 -0.00784027765681 0.0119826854384 0.0227717028964 0.0118907917748 0.0183514998441 0.0122749759667 0.0235476615833 0.0707169525947 0.0440377030557 4.98244955841e-05 0.0152648923655 0.219354928432 0.0298499226409 0.00747332605867 0.00394381579277 0.000200606464212 0.0211282076425 0.00967380962511 0.0155690847167 0.0428500187062 0.00211792124636 0.0157426917459 0.00119845792365 0.0364509582023 0.0117716833484 0.00437753389269 0.0303668920914 0.00609629055899 0.0386460416925 
0.0420374345548 0.00838880522738 0.0189214425289 0.0300479202941 0.0281405374986 0.0459880802575 0.0285696645673 0.0101204166816 0.0542712401498 0.0408131729749 0.00282856825055 0.0147149746764 0.0298499226409 0.301793503637 0.015520741515 0.00383469211594 -0.00480620651218 0.0135317383497 0.0136509629118 0.020853535968 0.00762379665158 0.00509223051378 0.035327616962 0.0102187399653 0.0521680729177 0.0230293776172 0.0110385472769 0.0260096586295 0.0250548259108 0.0229407221177 
0.0322314804103 0.028479043713 0.000227296700266 0.0249015585578 0.0311486627296 0.0193100332854 0.0365160302165 0.0194999808073 0.00630717140456 -0.0018352865571 -0.00814171446257 0.0310580528514 0.00747332605867 0.015520741515 0.241971801902 0.0202108917447 0.0120023978029 0.00157361421619 -0.0050529138871 0.0252771915992 0.0257331360596 0.0512043499656 0.020475252739 0.02357016683 0.0308268874219 0.0125815264696 0.015808281678 0.0211494610141 0.0271022384583 0.00717097489237 
0.0117461664124 -0.0161726883253 0.0423659393772 0.0114542586981 0.000479251510909 0.0129615521805 0.0231242229758 -0.0119142423731 0.0357505199046 0.0427612997759 0.0141526735125 0.0231977516821 0.00394381579277 0.00383469211594 0.0202108917447 0.878385961863 -0.00781920127995 -0.00410697421862 0.0354471002961 0.0153165642103 0.0373844682022 0.0128503905041 0.00947607227894 -0.00618888511097 0.0113868200276 -0.0235613243632 0.0124342541266 0.00135397178917 0.00737962503013 0.0198366647364 
0.0282040998828 0.0101418848244 0.0217537678038 0.0379072268129 0.00621265293416 0.0236978411083 0.0141092513613 -0.0119273876968 0.0064919852989 0.000534884148035 0.00638656886649 0.00710682259007 0.000200606464212 -0.00480620651218 0.0120023978029 -0.00781920127995 0.525192220009 0.0398269622392 0.00523399811166 0.00309824064584 0.0646564325834 0.0268039677357 0.0110904971806 0.00719487611086 0.0198588795678 0.0036847682954 0.018119326605 0.00395932539817 -0.00588750264169 -0.000117433276762 
-0.0192038627187 0.0718037522935 0.00376689283228 0.0157812847771 0.0311616326869 0.00947905893941 0.0135044227688 -0.00834420455801 0.0265741981878 0.0219850583698 0.00593304529135 0.0221026727311 0.0211282076425 0.0135317383497 0.00157361421619 -0.00410697421862 0.0398269622392 0.324624269159 0.00339602807327 0.0215870881326 0.0263374813067 0.0103533589734 -0.00776328641293 0.0280496445474 0.0293358427639 0.00390960890696 0.0362833516184 0.0216383513391 0.03050736617 0.011516779959 
0.0116881259519 0.0220718345717 0.0194358480468 0.00889680313903 0.0335373954315 0.0347956413963 0.00748364131496 0.0137082372251 0.0236322946817 0.0111295420508 -0.00306486869759 0.0069042973753 0.00967380962511 0.0136509629118 -0.0050529138871 0.0354471002961 0.00523399811166 0.00339602807327 0.195339195319 -0.00539183512456 0.0219006824085 -0.0170485043308 0.00459595465064 -0.00762318736762 0.0261200037544 0.00891405847399 0.0206719867291 0.00828341751699 0.0199694901753 0.013846519229 
-0.000123139247518 0.000726206535127 0.0141480522972 0.0260731452723 0.0155052216043 0.0172951258567 -0.00219036308485 0.000541752348046 -0.00652058686512 0.0228247767361 0.0132313790166 0.0136176005856 0.0155690847167 0.020853535968 0.0252771915992 0.0153165642103 0.00309824064584 0.0215870881326 -0.00539183512456 0.191814174879 0.0151595587112 -0.00913712205974 0.0248902125479 -0.00609074049303 0.0195050868103 0.0191191230683 0.0256441389233 0.0640756383256 -0.00327584715428 0.00451746163765 
0.0358636090743 0.0149695075666 0.0263738798965 0.0272902743591 0.0322860103071 0.0355521629535 0.000354227798254 0.0529044125344 0.0136547028607 0.0429085903685 0.0205319725221 0.0385751398779 0.0428500187062 0.00762379665158 0.0257331360596 0.0373844682022 0.0646564325834 0.0263374813067 0.0219006824085 0.0151595587112 0.355111060114 0.00730963563107 -0.0176119566316 0.00151880771479 0.0248903468927 0.0639105348933 0.0519709665159 0.0347276568955 0.0169468510229 0.00448637326385 
0.0219357279212 0.0235779011388 0.00270171359743 0.0388676101802 0.00904586205057 0.00749339197419 0.0502707221789 0.0196415131246 -0.017711457165 -0.00230529510388 0.00184669896966 0.0415197173269 0.00211792124636 0.00509223051378 0.0512043499656 0.0128503905041 0.0268039677357 0.0103533589734 -0.0170485043308 -0.00913712205974 0.00730963563107 0.494948045422 -0.00661664987094 -0.000263233080653 -0.0152975667881 0.0191637176047 -0.01383434232 0.0323463885361 0.000160573143409 0.0133627885142 
0.00745190141281 0.0167781116075 0.00627529308577 0.0451994622157 0.0302384689351 -0.0120108336457 0.0322207134449 0.000943759669692 0.0134319451236 0.00747328725759 0.0125663085269 0.0127574387261 0.0157426917459 0.035327616962 0.020475252739 0.00947607227894 0.0110904971806 -0.00776328641293 0.00459595465064 0.0248902125479 -0.0176119566316 -0.00661664987094 0.237970299708 -0.0070091706398 0.0619148256974 -0.00456446631792 0.0233104751616 0.0174570896131 0.00753073492416 -0.0022320377861 
0.000280030203816 0.0214556008737 0.00585936186564 0.0068797314578 0.0152076232063 -0.0174019767799 0.0134388963202 0.0118295521038 -0.00110101077096 0.00232492231951 0.00467779529293 -0.026031482294 0.00119845792365 0.0102187399653 0.02357016683 -0.00618888511097 0.00719487611086 0.0280496445474 -0.00762318736762 -0.00609074049303 0.00151880771479 -0.000263233080653 -0.0070091706398 0.303848292891 0.0443254570569 -0.00414840967839 0.00768551290699 0.0500634869958 0.0672587806186 0.0132031798286 
0.054614020019 0.0745823839481 0.0492697069129 0.0808594175744 0.0450147786791 0.0081462126899 0.0550209043766 0.0207630097967 0.0896262909744 0.0161035544278 0.00801142284381 0.0702855459026 0.0364509582023 0.0521680729177 0.0308268874219 0.0113868200276 0.0198588795678 0.0293358427639 0.0261200037544 0.0195050868103 0.0248903468927 -0.0152975667881 0.0619148256974 0.0443254570569 0.503430598127 0.007903619082 0.0696606628484 0.0771705229898 0.0576568511342 0.0130190808915 
0.0168411251375 0.00386334579988 0.00843624142009 0.0139764080726 0.0138367649661 0.0236956633912 0.00995200835546 0.0289701547888 0.00116158888836 0.030564730019 0.00976725776451 0.0227268635951 0.0117716833484 0.0230293776172 0.0125815264696 -0.0235613243632 0.0036847682954 0.00390960890696 0.00891405847399 0.0191191230683 0.0639105348933 0.0191637176047 -0.00456446631792 -0.00414840967839 0.007903619082 0.178815803821 0.0162159522236 0.0183113022052 0.00065038197373 0.0110927365505 
0.00602509740825 0.0191797991373 0.0180002933021 0.046152671798 0.0610646484637 0.0191501943786 0.0143509710657 0.00836902770894 -0.0366274721742 0.0134243339724 0.00640339642043 0.044172105315 0.00437753389269 0.0110385472769 0.015808281678 0.0124342541266 0.018119326605 0.0362833516184 0.0206719867291 0.0256441389233 0.0519709665159 -0.01383434232 0.0233104751616 0.00768551290699 0.0696606628484 0.0162159522236 0.333840028239 0.00182931643503 0.0425191861755 -0.00397044257409 
0.0401205532708 0.013305695994 0.0317753198329 0.04955801462 0.0195602823594 0.0316064583529 0.0563911688692 0.0700248347334 0.0273140747819 0.019484900423 0.0342863054186 0.0241480162709 0.0303668920914 0.0260096586295 0.0211494610141 0.00135397178917 0.00395932539817 0.0216383513391 0.00828341751699 0.0640756383256 0.0347276568955 0.0323463885361 0.0174570896131 0.0500634869958 0.0771705229898 0.0183113022052 0.00182931643503 0.680929386831 0.00976377646299 0.0295950566463 
0.0255119161279 0.0126207501435 0.00436474955503 0.0205808452088 0.0270951361653 0.0167379894037 0.0363759490753 0.0257559707525 0.0360329430613 0.0414500508895 0.0101813225922 0.0217052081292 0.00609629055899 0.0250548259108 0.0271022384583 0.00737962503013 -0.00588750264169 0.03050736617 0.0199694901753 -0.00327584715428 0.0169468510229 0.000160573143409 0.00753073492416 0.0672587806186 0.0576568511342 0.00065038197373 0.0425191861755 0.00976377646299 0.249836273972 0.00627765343818 
0.0212404989873 -0.00291383792147 0.0110749497208 0.00818656298573 0.0267371323121 0.0178278676992 0.0175925757035 0.0246495004493 0.0468977449104 0.0423694566813 0.0155190678293 0.0283162785184 0.0386460416925 0.0229407221177 0.00717097489237 0.0198366647364 -0.000117433276762 0.011516779959 0.013846519229 0.00451746163765 0.00448637326385 0.0133627885142 -0.0022320377861 0.0132031798286 0.0130190808915 0.0110927365505 -0.00397044257409 0.0295950566463 0.00627765343819 0.161823626131 
0.0181016933804 0.000771017913776 0.0021453147371 0.000869037863764 -0.000311756317023 0.0033048994139 0.00167081984531 0.000547358232113 0.00117721691482 8.5358817984e-05 0.000598081817826 0.00197779157003 0.00106492749234 0.00364054862344 0.00279132808369 0.00101724785103 0.00244254669894 -0.00166310329652 0.0010122213997 -1.06641716553e-05 0.00310587965298 0.00189968976303 0.000645353592999 2.42513270332e-05 0.00472971287392 0.00145848421974 0.000521788741582 0.00347454183464 0.00220939674659 0.00183948117121 
0.000771017913776 0.0251230117279 0.00185607591138 0.000561240501324 0.00177139073563 0.000707094986045 0.0002652128301 0.000918261512274 -0.000520407920079 0.000134610753085 0.000525656504557 0.00104049966799 -0.000678987962353 0.000726491843431 0.00246635753309 -0.00140059589372 0.000878312990019 0.00621838735732 0.00191147694472 6.28913307815e-05 0.00129639738348 0.00204190613541 0.00145302708796 0.00185810954101 0.00645902391738 0.00033457556063 0.00166101932923 0.00115230707458 0.00109298902391 -0.00025234576625 
0.0021453147371 0.00185607591138 0.0190195138562 0.00158896829793 0.00131298972694 0.000643395676589 0.000578979396539 0.0001387123222 0.0002039492171 0.00266349639827 0.00173652454738 0.00189326755405 0.00103773099952 0.00163864499062 1.96844716627e-05 0.00366899797559 0.00188393155461 0.000326222488609 0.00168319381527 0.00122525727035 0.00228404499867 0.000233975260912 0.000543456322847 0.000507435622561 0.00426688178235 0.000730599938226 0.00155887112752 0.00275182341886 0.000377998399582 0.000959118780387 
0.000869037863764 0.000561240501324 0.00158896829793 0.0248817583012 0.00452376666014 0.00236145263485 0.00309792738571 0.00222736086045 0.00142558586399 0.00139215396368 0.00254594920843 0.00284080620008 0.00197208731957 0.00260222623056 0.00215653823048 0.000991967901407 0.0032828621407 0.00136669935214 0.000770485753087 0.00225800061624 0.00236340708712 0.00336603378005 0.00391438825162 0.000595802221367 0.00700263097547 0.00121039244446 0.00399693862296 0.00429184996221 0.00178235347821 0.000708977151533 
-0.000311756317023 0.00177139073563 0.00131298972694 0.00452376666014 0.0189360195142 0.00167974599414 0.00126274020384 0.00180226038244 0.000623504923216 0.00339591281695 0.00160414332852 0.00192867090968 0.00102977277481 0.00243704203499 0.00269755332177 4.15043983249e-05 0.000538031526588 0.00269867655302 0.00290442364205 0.00134279158006 0.00279605051128 0.000783394633492 0.00261872822693 0.00131701880279 0.00389839418818 0.00119829899668 0.00528835368427 0.00169397014285 0.00234650762382 0.00231550358066 
0.0033048994139 0.000707094986045 0.000643395676589 0.00236145263485 0.00167974599414 0.0214278712782 0.00184760420706 0.000500150948388 0.00237751900715 0.00218662953684 -0.000258763458991 0.00282892987663 0.00158928650625 0.00398268457743 0.0016722979373 0.00112250334608 0.00205229324146 0.00082091058455 0.00301339093901 0.00149780183535 0.00307890762772 0.000648946781017 -0.00104016870578 -0.00150705539675 0.000705482713408 0.00205210464563 0.00165845548193 0.00273719958573 0.00144955240318 0.00154393863229 
0.00167081984531 0.0002652128301 0.000578979396539 0.00309792738571 0.00126274020384 0.00184760420706 0.0326977119761 0.00176128866436 -0.00126364759541 0.000527631442956 -5.73925461658e-05 0.00180944069695 0.0010630441018 0.00247420552928 0.00316238098128 0.00200261645398 0.00122189701073 0.00116951731812 0.000648102349157 -0.000189691007499 3.06770272015e-05 0.00435357224735 0.00279039563713 0.00116384256121 0.00476495009294 0.000861869205451 0.00124283055118 0.00488361847898 0.0031502495986 0.00152356174772 
0.000547358232113 0.000918261512274 0.0001387123222 0.00222736086045 0.00180226038244 0.000500150948387 0.00176128866436 0.0296302374357 0.00103414567298 0.00032552734195 0.0014820860623 0.00137998311629 0.00203928731309 0.000876453794313 0.00168874787525 -0.00103180365619 -0.00103294207462 -0.000722629312161 0.00118716816781 4.69171295968e-05 0.0045816565227 0.00170100493347 8.1731984902e-05 0.00102446926373 0.00179812939429 0.00250888899987 0.000724779060091 0.0060643285775 0.00223053249708 0.00213470935797 
0.00117721691482 -0.000520407920079 0.0002039492171 0.00142558586399 0.000623504923216 0.00237751900715 -0.00126364759541 0.00103414567298 0.0422395369459 0.00642178666826 -0.000211384675056 0.00330207903056 0.00612426774252 0.00470002726646 0.000546217066238 0.00309608584359 0.000562222418984 0.00230139307158 0.00204661675441 -0.000564699387277 0.00118253195585 -0.00153385718429 0.00116324056993 -9.5350329749e-05 0.00776186448308 0.000100596548607 -0.00317203213792 0.0023654682642 0.00312054440642 0.00406146384726 
8.5358817984e-05 0.000134610753085 0.00266349639827 0.00139215396368 0.00339591281695 0.00218662953684 0.000527631442957 0.00032552734195 0.00642178666826 0.0238696089554 0.00142497568918 -0.000588148389182 0.00381377695705 0.00353452446053 -0.000158940478167 0.00370323719047 4.6322326028e-05 0.00190396190519 0.000963846614846 0.00197668364891 0.00371599292997 -0.000199644412318 0.000647205661485 0.000201344179052 0.00139460872257 0.00264698326563 0.0011625814249 0.00168744187566 0.00358967970585 0.00366930258306 
0.000598081817826 0.000525656504557 0.00173652454738 0.00254594920843 0.00160414332852 -0.000258763458991 -5.73925461658e-05 0.0014820860623 -0.000211384675056 0.00142497568918 0.0120598693297 0.00208553121911 4.31492789066e-06 0.000244961196132 -0.000705093155495 0.00122565747933 0.00055309308814 0.000513816794411 -0.000265425415137 0.00114587103555 0.0017781209794 0.000159928822086 0.00108827424161 0.000405108955738 0.00069380957032 0.000845869334937 0.000554550397059 0.00296928114944 0.000881728400894 0.00134399069833 
0.00197779157003 0.00104049966799 0.00189326755405 0.00284080620008 0.00192867090968 0.00282892987663 0.00180944069695 0.00137998311629 0.00330207903056 -0.000588148389182 0.00208553121911 0.0400601598972 0.00132197845746 0.00127435418858 0.00268970627614 0.00200898422674 0.000615468890319 0.00191414760766 0.000597929692229 0.00117931880457 0.00334070510888 0.0035957129963 0.00110482660241 -0.00225439249648 0.00608690682705 0.00196820412217 0.00382541653414 0.00209127955416 0.00187972616343 0.00245226165375 
0.00106492749234 -0.000678987962353 0.00103773099952 0.00197208731957 0.00102977277481 0.00158928650625 0.0010630441018 0.00203928731309 0.00612426774252 0.00381377695705 4.31492789066e-06 0.00132197845746 0.0189966940468 0.0025850791308 0.000647209021757 0.000341544466438 1.73730294171e-05 0.00182975645548 0.000837776488672 0.00134832228783 0.00371092047522 0.000183417360256 0.00136335709759 0.000103789500725 0.00315674557955 0.0010194576825 0.0003791055557 0.00262984999851 0.000527954249294 0.00334684538614 
0.00364054862344 0.000726491843431 0.00163864499062 0.00260222623056 0.00243704203499 0.00398268457743 0.00247420552928 0.000876453794313 0.00470002726646 0.00353452446053 0.000244961196132 0.00127435418858 0.0025850791308 0.0261360840847 0.00134413564375 0.00033209407881 -0.000416229693539 0.00117188291682 0.00118220806678 0.0018059691907 0.000660240157355 0.000441000098686 0.00305946137442 0.000884968840464 0.00451788764132 0.00199440260498 0.000955966236266 0.00225250251169 0.00216981157261 0.00198672481351 
0.00279132808369 0.00246635753309 1.96844716627e-05 0.00215653823048 0.00269755332177 0.0016722979373 0.00316238098128 0.00168874787525 0.000546217066238 -0.000158940478167 -0.000705093155495 0.00268970627614 0.000647209021757 0.00134413564375 0.0209553727447 0.00175031456841 0.00103943814036 0.000136278988698 -0.000437595178937 0.00218906900612 0.00222855495467 0.00443442678545 0.00177320890209 0.00204123632462 0.0026696867627 0.00108959215411 0.00136903735233 0.00183159705145 0.00234712270043 0.000621024642669 
0.00101724785103 -0.00140059589372 0.00366899797559 0.000991967901407 4.15043983249e-05 0.00112250334608 0.00200261645398 -0.00103180365619 0.00309608584359 0.00370323719047 0.00122565747933 0.00200898422674 0.000341544466438 0.00033209407881 0.00175031456841 0.0760704557301 -0.000677162694574 -0.000355674400602 0.0030698089347 0.00132645337048 0.00323758991701 0.00111287646251 0.000820651932166 -0.000535973172721 0.000986127541225 -0.00204047054453 0.00107683799508 0.000117257396543 0.000639094274649 0.00171790555881 
0.00244254669894 0.000878312990019 0.00188393155461 0.0032828621407 0.000538031526588 0.00205229324146 0.00122189701073 -0.00103294207462 0.000562222418984 4.6322326028e-05 0.00055309308814 0.000615468890319 1.73730294171e-05 -0.000416229693539 0.00103943814036 -0.000677162694574 0.0454829804397 0.00344911610547 0.000453277532805 0.000268315510633 0.00559941131353 0.00232129169813 0.000960465229902 0.000623094548908 0.00171982941964 0.000319110295087 0.00156917971394 0.000342887637666 -0.000509872685255 -1.01700200926e-05 
-0.00166310329652 0.00621838735732 0.000326222488609 0.00136669935214 0.00269867655302 0.00082091058455 0.00116951731812 -0.000722629312161 0.00230139307158 0.00190396190519 0.000513816794411 0.00191414760766 0.00182975645548 0.00117188291682 0.000136278988698 -0.000355674400602 0.00344911610547 0.0281132863776 0.000294104658342 0.00186949667166 0.00228089278833 0.000896627188543 -0.000672320325045 0.00242917047451 0.00254055850749 0.000338582063229 0.00314223042359 0.00187393619557 0.00264201541058 0.000997382401431 
0.0010122213997 0.00191147694472 0.00168319381527 0.000770485753087 0.00290442364205 0.00301339093901 0.000648102349157 0.00118716816781 0.00204661675441 0.000963846614846 -0.000265425415137 0.000597929692229 0.000837776488672 0.00118220806678 -0.000437595178937 0.0030698089347 0.000453277532805 0.000294104658342 0.0169168705501 -0.000466946619089 0.0018966547326 -0.0014764437847 0.00039802134821 -0.000660187391816 0.00226205867983 0.000771980108929 0.00179024656541 0.000717364999987 0.00172940857924 0.00119914374063 
-1.06641716553e-05 6.28913307814e-05 0.00122525727035 0.00225800061624 0.00134279158006 0.00149780183535 -0.000189691007499 4.69171295968e-05 -0.000564699387277 0.00197668364891 0.00114587103555 0.00117931880457 0.00134832228783 0.0018059691907 0.00218906900612 0.00132645337048 0.000268315510633 0.00186949667166 -0.000466946619089 0.0166115948251 0.00131285629541 -0.000791297982121 0.00215555563721 -0.000527473599482 0.00168919006807 0.00165576462752 0.00222084757658 0.00554911305537 -0.000283696685452 0.000391223653883 
0.00310587965298 0.00129639738348 0.00228404499867 0.00236340708712 0.00279605051128 0.00307890762772 3.06770272015e-05 0.0045816565227 0.00118253195585 0.00371599292997 0.0017781209794 0.00334070510888 0.00371092047522 0.000660240157355 0.00222855495467 0.00323758991701 0.00559941131353 0.00228089278833 0.0018966547326 0.00131285629541 0.0307535199223 0.000633033014892 -0.00152524018533 0.000131532606447 0.00215556727181 0.00553481467871 0.0045008177262 0.00300750330854 0.00146764035 0.000388531321735 
0.00189968976303 0.00204190613541 0.000233975260912 0.00336603378005 0.000783394633492 0.000648946781017 0.00435357224735 0.00170100493347 -0.00153385718429 -0.000199644412318 0.000159928822086 0.0035957129963 0.000183417360256 0.000441000098686 0.00443442678545 0.00111287646251 0.00232129169813 0.000896627188543 -0.0014764437847 -0.000791297982121 0.000633033014892 0.0428637580889 -0.000573018687618 -2.27966534962e-05 -0.00132480814546 0.00165962662766 -0.00119808918938 0.0028012794193 1.39060421358e-05 0.00115725143187 
0.000645353592999 0.00145302708796 0.000543456322847 0.00391438825162 0.00261872822693 -0.00104016870578 0.00279039563713 8.1731984902e-05 0.00116324056993 0.000647205661485 0.00108827424161 0.00110482660241 0.00136335709759 0.00305946137442 0.00177320890209 0.000820651932166 0.000960465229902 -0.000672320325045 0.00039802134821 0.00215555563721 -0.00152524018533 -0.000573018687618 0.0206088324893 -0.000607011983353 0.00536198119248 -0.000395294378604 0.00201874636642 0.0015118283081 0.000652180775349 -0.000193300142497 
2.42513270332e-05 0.00185810954101 0.000507435622561 0.000595802221367 0.00131701880279 -0.00150705539675 0.00116384256121 0.00102446926373 -9.5350329749e-05 0.000201344179052 0.000405108955738 -0.00225439249648 0.000103789500725 0.000884968840464 0.00204123632462 -0.000535973172721 0.000623094548908 0.00242917047451 -0.000660187391816 -0.000527473599482 0.000131532606447 -2.27966534962e-05 -0.000607011983353 0.026314034054 0.00383869718456 -0.000359262816679 0.000665584941857 0.00433562515404 0.00582478126433 0.00114342891423 
0.00472971287392 0.00645902391738 0.00426688178235 0.00700263097547 0.00389839418818 0.000705482713408 0.00476495009294 0.00179812939429 0.00776186448308 0.00139460872257 0.00069380957032 0.00608690682705 0.00315674557955 0.00451788764132 0.0026696867627 0.000986127541225 0.00171982941964 0.00254055850749 0.00226205867983 0.00168919006807 0.00215556727181 -0.00132480814546 0.00536198119248 0.00383869718456 0.0435983687021 0.000684473490684 0.00603279036712 0.00668316333325 0.00499322977844 0.00112748547859 
0.00145848421974 0.00033457556063 0.000730599938226 0.00121039244446 0.00119829899668 0.00205210464563 0.000861869205451 0.00250888899987 0.000100596548607 0.00264698326563 0.000845869334937 0.00196820412217 0.0010194576825 0.00199440260498 0.00108959215411 -0.00204047054453 0.000319110295087 0.000338582063229 0.000771980108929 0.00165576462752 0.00553481467871 0.00165962662766 -0.000395294378604 -0.000359262816679 0.000684473490684 0.0154859028707 0.00140434265722 0.00158580528861 5.63247311414e-05 0.000960659165022 
0.000521788741582 0.00166101932923 0.00155887112752 0.00399693862296 0.00528835368427 0.00165845548193 0.00124283055118 0.000724779060091 -0.00317203213792 0.0011625814249 0.000554550397059 0.00382541653414 0.0003791055557 0.000955966236266 0.00136903735233 0.00107683799508 0.00156917971394 0.00314223042359 0.00179024656541 0.00222084757658 0.0045008177262 -0.00119808918938 0.00201874636642 0.000665584941857 0.00603279036712 0.00140434265722 0.0289113945255 0.000158423450429 0.00368226953762 -0.000343850413343 
0.00347454183464 0.00115230707458 0.00275182341886 0.00429184996221 0.00169397014285 0.00273719958573 0.00488361847898 0.0060643285775 0.0023654682642 0.00168744187566 0.00296928114944 0.00209127955416 0.00262984999851 0.00225250251169 0.00183159705145 0.000117257396543 0.000342887637666 0.00187393619557 0.000717364999987 0.00554911305537 0.00300750330854 0.0028012794193 0.0015118283081 0.00433562515404 0.00668316333325 0.00158580528861 0.000158423450429 0.0589702147179 0.000845567845382 0.00256300708821 
0.00220939674659 0.00109298902391 0.000377998399582 0.00178235347821 0.00234650762382 0.00144955240318 0.0031502495986 0.00223053249708 0.00312054440642 0.00358967970585 0.000881728400894 0.00187972616343 0.000527954249294 0.00216981157261 0.00234712270043 0.000639094274649 -0.000509872685255 0.00264201541058 0.00172940857924 -0.000283696685452 0.00146764035 1.39060421358e-05 0.000652180775349 0.00582478126433 0.00499322977844 5.63247311414e-05 0.00368226953762 0.000845567845382 0.0216364560046 0.000543660735362 
0.00183948117121 -0.00025234576625 0.000959118780387 0.000708977151533 0.00231550358066 0.00154393863229 0.00152356174772 0.00213470935797 0.00406146384726 0.00366930258306 0.00134399069833 0.00245226165375 0.00334684538614 0.00198672481351 0.000621024642669 0.00171790555881 -1.01700200926e-05 0.000997382401431 0.00119914374063 0.000391223653883 0.000388531321735 0.00115725143187 -0.000193300142497 0.00114342891423 0.00112748547859 0.000960659165022 -0.000343850413343 0.00256300708821 0.000543660735362 0.0140143371162 

['FISV', 'VFC', 'CAH', 'GDW', 'FHN', 'GENZ', 'UNM', 'DE', 'OXY', 'EXC', 'K', 'MON', 'SRE', 'PRU', 'SPLS', 'ACS', 'OMX', 'HPQ', 'SLM', 'ECL', 'CVH', 'NVLS', 'MCO', 'NKE', 'PHM', 'NOC', 'PGR', 'VMC', 'CCL', 'KSE']