60
0.0716337087719 0.0242911243805 0.0896854693356 0.0166595463284 0.0146033592013 0.105904751354 0.0594362545722 0.0737969483193 -0.00277796207049 0.0771685990004 0.00646873977314 0.072987431854 0.190895055806 0.0839491815724 0.0861575830063 0.357744060202 0.00265371642944 0.110955558587 0.110057805124 0.00642009941462 0.0963264580192 0.332832739506 0.0217130314185 0.0070666509449 0.0385950792128 0.103166553638 0.0952470994091 0.104550469133 0.00496789573306 0.00839736130492 0.0677272644226 0.0950879331279 0.0328562524986 0.109746753301 0.0649337142294 0.110578936942 0.0411806556966 0.0335790413719 0.0905831054983 0.0321720089654 0.0475630895173 0.0524452719686 0.0176197090425 0.0194782181544 0.102864057578 0.0431815223905 0.0966324757555 0.0461662895592 0.0181340887913 0.0433119494187 0.0798623823862 0.0751688044393 0.0142076594304 0.00859756350963 0.0392369654355 0.0607700526619 0.259768981863 0.0861150338972 0.037281538924 0.112605751981 
0.17456262532 0.0373208431983 -0.00260483031697 0.0142333642706 0.0139332653544 0.0218343635088 0.00382223398581 0.00292657354805 -0.00699361873478 0.0148714587545 0.0166080546726 -0.00883696457841 -0.0096196654578 0.0277162356943 -0.00651488077302 0.0154781210705 0.00572980657721 0.00979865570055 0.0133915771401 0.0121642736758 -0.00270127407234 0.00800914354286 -0.00137534854717 0.00355458443171 0.00290829494503 0.0103075624653 0.00704917714482 -0.000417400166343 0.0102099161715 0.00442597067286 -0.00912398265995 0.02638300865 -0.00308095836905 0.00540829728671 0.00750784549911 -0.00549997975191 0.018023779748 -0.000763240212858 -0.00109765714315 0.0116972661133 0.00655213817662 0.00121325003467 0.00998324554379 0.0221562373553 0.0139764773466 0.0154133658673 0.0337286724464 -0.00410879356257 0.0135766715093 0.0154894336023 0.0182780746462 0.0174618635025 -0.0051961765474 -0.00095528452358 0.0186054938545 0.00802269316354 0.0109340511641 0.0156553725585 -0.00293045949719 -0.00524145517519 
0.0373208431983 0.211736270063 0.0238452593019 0.0277214246741 0.0056217805073 0.0292861635783 0.0331581934566 0.0221375575039 0.00573637099149 0.0653611758687 0.0384768447708 0.0112487222261 0.0243492920409 0.0379981406046 -0.00222550683484 0.0113025502055 0.00954910909264 0.0248450016994 0.0414788645891 0.0287964762669 0.0071581111254 0.00585096801819 0.00705617049897 0.0114062534535 0.0259706077759 0.025591059204 0.0237271862053 0.00225516025839 0.0260533565021 0.04793123129 0.00895407327998 0.0308973349737 0.0153765054728 0.0101896038665 0.0180666783567 0.0155965726092 0.0127759688726 0.0124592825963 0.0136579891259 0.00993145459175 0.00239945131667 0.0105022711795 0.0362074058094 0.0290066908643 0.0152834265683 0.00584080698105 0.0065956493529 -0.0134266232667 0.0330908207446 0.0351208275326 -0.00197240547609 0.0217453490034 0.0103463870016 0.0296389571831 0.0234495311907 0.00564982599107 0.0345301991516 0.021763528465 0.0278072749061 0.0691452991235 
-0.00260483031696 0.0238452593019 0.235877353472 0.0158858292364 -0.0029369467551 0.0110364148812 0.0221395841128 0.0106286465751 0.00754251675883 0.0235773194876 0.0127287678978 0.0243263947352 0.0282595807731 -0.0110572088911 -0.00388569032511 -0.00487977453431 0.00453125893271 0.0239632339007 0.0478659977613 0.0121790400111 0.0173347133741 0.00595076815047 -0.0150647775558 -0.0018501608606 0.0206194980335 0.00639122848817 0.017827775587 0.00113384880931 -0.00377665055292 0.0221001960397 0.0205107103769 0.0149182318018 0.0164014532286 0.0048136964477 0.0100955107814 0.0237672365701 0.0219018377134 0.0306523904002 0.0122962250895 0.0179205914527 0.0684700164783 0.0119836202991 0.0112406225289 0.014214548666 0.00421873887404 -0.000982008884921 0.0502406075834 0.0336745323677 -0.00542756595235 0.00902884575187 0.0424763324198 0.0352912463818 -0.00187717766482 0.0179231274836 0.0148329516268 0.0130914441425 0.0185921111857 0.0168989280626 0.0324873354914 0.030305224447 
0.0142333642706 0.0277214246741 0.0158858292363 0.192383564089 0.00800757942899 0.00576448858624 0.0145544749218 0.0305582918048 0.00444743495019 0.0205028975486 0.0120883669161 -0.00325282566721 0.0140988317082 0.0162627405451 0.027165206603 -0.0124221871724 -0.00652754232955 0.0148184620385 0.044781553004 0.0269236057234 0.0311990041057 0.00553822746892 5.93974102838e-05 0.00858442854342 0.0153291182251 0.010784207364 0.0342770529396 0.0197415143244 0.0236205865676 0.0189318977066 0.00977756168166 0.0246020351768 0.00363156453105 0.0117558195441 0.00741970253933 0.0136141141769 0.0164214740431 0.00587883225107 0.0432352749965 0.0274948196707 -0.00571212170935 0.00897186559781 0.0254694496689 0.00956107645869 0.00115828159745 0.0191864488317 0.0142176384473 0.0263428578858 0.0283438159045 0.015237352301 0.0256189953479 0.00715826559814 -0.002208473987 0.00722912018943 0.0240005609364 -0.0149848032465 0.0107304908093 0.0107664077953 0.0128394319433 0.0591309026809 
0.0139332653544 0.0056217805073 -0.0029369467551 0.00800757942899 0.169540822177 0.00644293415394 -0.0015332395576 0.0113365914313 0.00384639749278 -9.95728010924e-05 0.0101367972487 0.00969465696649 -0.00642260989173 -0.000620260226403 0.00648458195969 0.0513541644045 0.00540140096953 0.0287154454224 0.0179416668507 0.00496382738651 -0.0152232297328 0.0203359205711 0.00844211519291 0.0149613170802 0.00114187171217 0.00593131377335 0.00686772211621 0.0166110955454 -4.17906339931e-05 -0.00175504280063 0.00248824575152 0.00987960234675 0.0110814232308 0.0159908948586 0.0071691254825 0.013285971992 0.00618183472132 0.00746405527125 0.00261862001085 0.0204220747456 -0.000484281938648 0.00761920199417 -0.00611525336857 -0.00235611136504 -0.00101986443311 0.00516343507253 -0.00564701523443 -0.0116312092445 0.0199732210775 0.0024344855941 0.00308333014374 0.000555542506633 0.000315814119183 -4.61224223862e-05 0.00579879952629 0.012719416042 0.00681489424151 -0.000461753693263 0.00151938692441 0.0127225372932 
0.0218343635088 0.0292861635784 0.0110364148812 0.00576448858624 0.00644293415394 0.40644901912 0.00660880975745 0.000921786215474 -0.00908706724907 0.0184523035679 0.0155060345191 0.0643916371958 0.04130692183 0.0288624797769 0.0449271142509 0.0390342169797 0.0094230166095 0.0144612734976 0.0530198448757 0.00790144078014 0.0112560831396 0.00207975735895 0.00261072548256 0.0109949598654 0.0100704976643 -0.00463915738718 0.0271661813886 0.0255452950301 0.0195074295964 0.0317015096674 0.00677956217881 0.0309933385953 0.00201483469633 0.025074902493 0.0190209756386 0.0199076836528 0.0148129815378 -0.0133363849338 0.0209832815676 0.00985917075485 0.018074331181 0.0208996751795 0.0131389781082 0.0192508190354 -0.0247296883062 0.0256511575194 0.00873202440666 0.0261994153985 0.0101398673241 0.00335926490002 0.0147157019685 0.0133678840429 -0.00353419804813 0.0196448809318 0.0262946032548 0.0168675227173 0.0352425659216 0.0162567925553 0.00426286243384 -0.00884533907883 
0.00382223398581 0.0331581934566 0.0221395841128 0.0145544749218 -0.0015332395576 0.00660880975745 0.267437228965 0.0135468675156 0.0152124497458 0.0287188370987 0.0266202179419 0.00103915141475 0.0353507385983 -0.0138210261407 -0.00154327107676 0.0275455084624 0.0132059069436 0.0242964123416 0.0326627027582 0.0260505206481 0.0134050516961 0.0267929066312 0.0131092036528 0.00927466332705 0.0307624556326 -0.00710952744228 0.0192642892653 0.0146712632145 0.0278090645896 0.000435513920129 0.000868701071838 0.0105271036748 0.0399291059807 0.0037689358179 0.010726225135 0.075533098155 0.010278256652 0.0229727307343 0.0187698564726 0.0200599483764 -0.0155822991189 0.00265275425351 0.0246700552228 0.00941623815467 0.0192533486883 0.0213572969455 0.0351086417319 0.0210038017123 0.0325931277852 0.00828377596029 0.0273529901801 0.0112529416349 0.00253185323153 0.0107593184716 0.0125676358059 0.035558588591 0.00303966306867 0.0204485554232 0.00649388020394 0.0322137639373 
0.00292657354805 0.0221375575039 0.0106286465751 0.0305582918048 0.0113365914313 0.000921786215474 0.0135468675156 0.330613866604 0.00705358036326 0.00985447808841 0.0222666253167 0.00768470350188 0.0231991936869 0.0385147900896 0.0720801780702 0.000770943825956 0.00387977711127 0.0118211958642 0.000902714715031 0.00516034173128 0.0166126723238 -0.00185371657666 0.0153119051538 0.000939077425548 0.0137923914474 0.00948409636422 0.0292021169156 0.0434226799222 -0.00121939037239 0.0126816917017 0.0182593822115 0.0270085860975 0.0153896229627 0.015731396743 0.0102697149417 0.0353946092698 0.0284570127982 0.00212670467267 0.0239638788489 0.00560999562111 -0.00464114846024 -0.0020037672682 0.00493756071924 0.0180445193333 0.0276391512455 -0.01018661627 0.0267923053699 0.00821786321286 0.0149403862993 0.00322334286376 0.0026391379886 -0.0163237681313 -0.00669924271787 0.00993561065 0.00997052593857 0.00559216912206 0.013683915406 0.0184640159716 0.0108364849704 0.0049958120097 
-0.00699361873478 0.00573637099149 0.00754251675883 0.00444743495019 0.00384639749278 -0.00908706724907 0.0152124497458 0.00705358036326 0.25418492851 0.00105140295847 -0.0067664076338 0.0105843839628 0.0233153522155 0.0367728443244 0.0314950703114 -0.0172461584689 -0.00936306403125 0.0120397980303 -0.000982154235786 0.00302732110478 0.0049407953564 -0.0175399916127 -0.00418865625866 0.00442284018222 0.0232495165747 0.013450607451 0.0192634262425 0.00816366317198 0.020885837428 0.0160017127958 -0.00610564314848 0.0120132026229 0.0082163610148 0.0260999346724 0.015940701661 0.0237279854607 0.00168339013548 0.0194452899651 0.00495874062277 0.0119941184336 -0.0110393744963 0.0175463329651 0.00110701159736 -0.00439279634104 0.00598191933761 0.00496548744847 -0.0162049142205 -0.000256605905314 0.0502144743344 0.0179975590722 -0.0100074364121 -0.00891750599513 0.00645593011669 0.0207575809817 6.72742326247e-06 0.0126877340253 0.0199594907365 0.0166694719222 0.0202377649122 0.022426506523 
0.0148714587545 0.0653611758687 0.0235773194876 0.0205028975486 -9.95728010922e-05 0.0184523035679 0.0287188370987 0.00985447808841 0.00105140295847 0.189701407456 0.0177320046813 -0.00678236229679 0.0276661486826 0.0302849361195 -0.00041777323985 0.0366840821233 0.011978886782 0.0420144825895 0.034225518615 0.0400329625158 0.0252077506452 0.0156627252436 0.015348513314 -0.00177362935717 0.0114999721879 0.029450512452 0.00545468074083 0.0281760688379 0.0295940656333 0.0249618012014 0.00837572567456 0.0209578045602 0.0098585197809 0.000308323520362 0.0256554933315 0.0193714786285 0.0219867562012 0.0182376216632 0.018150765275 0.0140968328934 0.00681720918604 0.0280084351333 0.00973447179665 0.0274241060728 0.00790177053927 0.0217533225907 0.0372845876153 0.00203891406495 0.0434717182777 0.0294835848539 0.0311157564381 0.018841527549 -0.00169829128117 0.0207434874853 0.0315387605199 0.0174695031775 0.0358997155558 0.0197605375014 0.0421934131138 0.0385680158697 
0.0166080546726 0.0384768447708 0.0127287678978 0.0120883669161 0.0101367972487 0.0155060345191 0.0266202179419 0.0222666253167 -0.0067664076338 0.0177320046813 0.149592380878 0.00769447461801 0.00153127174639 0.0399997867987 0.0195238008527 -0.00236321054146 0.0135995096762 0.0125707462864 0.0479903918209 0.0159203098984 0.0159378014872 -0.00607113893143 -0.00348086117136 0.00661576864004 0.0201349844672 0.0148858622669 0.0425461425561 -0.00813011392895 0.00156661548771 0.0308834583533 0.0314911369617 0.0469550952369 0.00385234260999 0.00522914217161 0.0254763275357 0.0129157377314 0.00378578151147 0.00586356563968 0.0175399303667 0.0178274180049 0.00107283872693 0.0197672324801 0.0179040411025 0.0634278286077 -0.013745783884 0.0078935339979 0.00757927658565 0.013787389177 0.00794446769341 0.0368899755009 -0.00127143993127 0.0632422366884 0.0182381140407 0.0240379673718 0.0523762654772 0.0147927471091 0.015139847915 0.00878229612829 0.00211329920237 0.0146479905796 
-0.00883696457841 0.0112487222261 0.0243263947352 -0.00325282566721 0.00969465696649 0.0643916371958 0.00103915141475 0.00768470350188 0.0105843839628 -0.00678236229679 0.00769447461801 0.46520680959 0.0105689727568 0.016214317338 0.0127080736508 0.0815688044616 0.00290513784001 0.000386628176314 -0.0146056624331 -0.000849868321055 0.00420727563839 -0.00298577356999 0.00416602473959 -0.0188524153674 0.00624318122844 -0.0134368471705 1.1836291845e-05 0.0310832977188 0.00431266123468 0.0080826292768 -0.0179947719731 0.00994508993171 0.0261341692764 0.0141190169889 0.0143401910497 0.0856788987876 0.0273214386281 0.0212518747991 0.0156197663475 0.0132270416777 -0.00826659761152 -0.0103999091886 0.00442586848472 0.00545610573711 0.0404409832027 -0.00343043637884 0.00583962887219 -0.00777038914899 0.0157027294096 0.0109884473541 0.00791972410919 -0.0102580458247 -0.00204225695624 0.0124328171737 0.0159101504332 0.00915427264231 0.0130368074998 -0.00276925424309 0.0177292115448 -0.00136314453858 
-0.00961966545779 0.0243492920409 0.0282595807731 0.0140988317082 -0.00642260989173 0.04130692183 0.0353507385983 0.0231991936869 0.0233153522155 0.0276661486826 0.00153127174639 0.0105689727568 0.538254143255 0.0368099652765 0.0764286355222 0.0192921156942 -0.009364771069 0.0154495074816 0.0238024246406 0.0170378040762 0.0126824761502 0.0178962413136 0.052950624998 0.0105745609592 0.0135390294859 0.0264125318991 0.0641137227376 0.0459263739465 0.0243637087347 0.0285061771809 -0.00440666080694 0.0129127510038 0.011917126489 -0.0104264526576 0.0284682188846 -0.0123201288395 -0.0119935351459 0.0274080931903 0.0478293044201 0.00949235396914 -0.00527841859731 0.0516661535809 0.0338475076397 0.0028787901125 0.014813962038 0.0297130651186 0.0227075777817 0.0238109332655 -0.00488863296371 0.0182674142443 0.0897259356377 -0.0085050578591 0.00678574790847 0.0183197861571 0.0092121103745 0.0368988268647 0.0491984880579 0.0338694472013 0.0176526235981 0.0666877173453 
0.0277162356943 0.0379981406046 -0.0110572088911 0.0162627405451 -0.000620260226404 0.0288624797769 -0.0138210261407 0.0385147900896 0.0367728443244 0.0302849361195 0.0399997867987 0.016214317338 0.0368099652765 0.588591104172 0.0284703261275 0.0301484204518 -0.00575469484591 0.00492398794752 0.0475345306035 -0.0024741578675 0.0344079321948 0.00966947115632 -0.00759806480041 0.0122406027791 0.00811925414762 0.0216033018745 0.035332410578 0.00822584822987 0.00146064707794 0.00685943752666 0.036891964934 0.0471434679934 0.0111130802348 0.00386527068878 0.00435527955457 0.0123563703931 0.00347053820916 -0.00716777355101 -0.00252512147078 0.00937413527776 -0.00137550100326 -0.00411496317105 0.021588129468 0.0279993712135 -0.00958258137678 0.0160675318958 -0.0110194948694 0.00104835228177 -0.00549342871901 0.031436052242 -0.0177470594111 0.023782632102 0.0207702195274 0.00385890166964 0.0196244768959 0.00451841498929 0.062015505141 0.0169131118545 0.0312194904047 0.0108492346466 
-0.00651488077302 -0.00222550683484 -0.00388569032511 0.027165206603 0.00648458195969 0.0449271142509 -0.00154327107676 0.0720801780702 0.0314950703114 -0.00041777323985 0.0195238008527 0.0127080736508 0.0764286355222 0.0284703261275 0.542681492275 -0.00763363369923 -0.0108792060838 0.0199553977103 -0.00251052384701 0.00685546771161 -0.0122448281956 0.0373808499532 0.0249690530187 0.0206689606295 0.0366876273613 0.0207030454209 0.00346072816136 0.0240414162416 -0.0103862700803 0.0131152423089 0.0900177313861 0.0507966081875 -0.023651860226 0.0190017144908 0.00444262554673 0.0543414722012 0.00609720745633 0.00701811068684 0.00489128465326 0.0141709404976 0.0129760955534 -0.0226508481807 -0.0170348473711 0.0184381173212 -0.00833942506422 -0.00618037848601 0.0119041078243 0.00575682734694 -0.0206454672705 0.0136429753066 -0.00793707276933 -2.24826176839e-07 -0.00661791177048 0.0279950866834 0.0287140935568 0.0385848287033 0.0260278092592 0.0296428791758 -0.0219439014077 0.032749575151 
0.0154781210705 0.0113025502055 -0.00487977453431 -0.0124221871724 0.0513541644045 0.0390342169797 0.0275455084624 0.000770943825956 -0.0172461584689 0.0366840821233 -0.00236321054146 0.0815688044616 0.0192921156942 0.0301484204518 -0.00763363369923 2.88333636462 -0.00396695264926 0.0233613891593 0.0344398132753 -0.00203768547311 0.0356617127677 0.0118050568301 -0.00470670993999 0.00866229930351 0.0317087649132 -0.0495666618327 -0.00535274545488 -0.00416109677181 0.0200699714914 -0.00249999164281 -0.0183642128282 0.00702102541515 -0.0208010913315 0.0206092967985 0.0710579198876 0.00801775665257 -0.0136918903387 0.00459930265267 0.0059983733127 -0.00211694486866 -0.0139672511082 0.0471568879345 0.00377631294584 -5.43055039855e-05 0.00581438539361 0.0531784566134 0.0137204164357 0.00668655492176 -0.0333215835726 -0.0279561743105 0.0439382535949 -0.0276382394294 0.0268935102976 -0.0103126492668 0.0150751619715 -0.0140671480043 0.14673342792 0.0236078473933 -0.000330204414215 -0.00398582961295 
0.00572980657721 0.00954910909264 0.00453125893271 -0.00652754232955 0.00540140096953 0.0094230166095 0.0132059069436 0.00387977711127 -0.00936306403126 0.011978886782 0.0135995096762 0.00290513784001 -0.009364771069 -0.00575469484591 -0.0108792060838 -0.00396695264926 0.228387814003 0.0547487472787 -0.00462219592702 0.00635858540796 0.00261432221407 -0.00698168192286 0.00841043083781 0.00608660236834 0.0188058520898 0.00334639376216 0.0239497922377 0.026237843273 0.0054101358427 0.00588759351618 -0.0084723194377 0.0173891590644 -0.00356832572112 0.02276183558 0.0231823419308 0.0271632967434 0.00932884051808 -0.00939354034229 0.0189545702542 0.00842707257492 0.00307459382256 0.0109552524119 -0.000743505324021 0.0138932614885 0.0236795050516 0.00269244072385 0.00724021856376 -0.0196239466577 0.0225483953841 0.00324600353186 -0.0137896174848 0.020040338339 -0.000386984266574 -0.00671587538998 0.00429149503286 0.00819921672667 -0.0165445646682 0.0219978358706 -0.00991700191479 0.00207946636574 
0.00979865570054 0.0248450016994 0.0239632339007 0.0148184620384 0.0287154454224 0.0144612734976 0.0242964123416 0.0118211958642 0.0120397980303 0.0420144825895 0.0125707462864 0.000386628176314 0.0154495074816 0.00492398794752 0.0199553977103 0.0233613891593 0.0547487472787 0.44897680575 0.0446219243054 0.010151217313 0.0314518468008 -0.0309016865363 0.00530999158498 0.0209897074476 0.00381813494605 -0.000564310133025 0.0236442001994 0.0104404093444 -0.0167885785458 0.0349932475831 0.00173036218353 0.0902578787945 -0.00407116379843 -0.0243471511929 0.013556028537 0.0305412958154 0.00900034451636 -0.00179594877961 0.0256152733627 0.031505033046 0.0012948874006 0.0254186359695 0.00164594192952 0.0211216061353 0.121785325131 0.000100741417036 -0.000453776833513 0.0979186790759 -0.00539942192727 0.0265369620638 -0.0197231919786 0.0450634010713 0.0163115792333 0.0129608591789 0.0314758508324 -0.00304510542062 -0.00336387158967 0.0305404242518 0.0226339692284 -0.0249326573458 
0.0133915771401 0.0414788645891 0.0478659977613 0.044781553004 0.0179416668507 0.0530198448757 0.0326627027582 0.00090271471503 -0.000982154235787 0.034225518615 0.0479903918209 -0.0146056624331 0.0238024246406 0.0475345306035 -0.00251052384701 0.0344398132753 -0.00462219592703 0.0446219243054 0.422869984505 -0.00686126403617 0.0574341258703 0.0560620659878 0.0505977414071 -0.00909021333503 0.0486943062829 0.0237317184804 0.0995315485569 0.0130028734629 0.0164958876546 0.0359676636773 0.00584714088803 0.0637740972425 0.0486877736152 0.0314435049271 0.0197687701764 0.0242323602937 0.0264907795886 0.00211363749263 0.0301141893163 0.023808924825 0.0552835723067 0.0426495275483 0.0208936712776 0.0396942868578 -0.0117107458931 0.0358130407869 0.036580939813 0.037084858769 0.0469173027784 0.0105777036909 0.0640328097304 0.0573853532482 -0.00104527737311 0.0271562549517 0.0397786586873 0.0143334346167 -0.0149704412549 0.0297905937225 0.0193637975196 0.0565754872322 
0.0121642736758 0.0287964762669 0.0121790400111 0.0269236057234 0.00496382738651 0.00790144078015 0.0260505206481 0.00516034173128 0.00302732110478 0.0400329625158 0.0159203098984 -0.000849868321054 0.0170378040762 -0.0024741578675 0.0068554677116 -0.00203768547311 0.00635858540796 0.010151217313 -0.00686126403617 0.144655844959 0.00520734237279 0.0176435858397 0.0122467744792 -0.000615668048697 0.0241719003013 0.0136197326772 0.0230321872377 -0.00719082809761 0.0524735372775 0.0187323875478 0.00973238253616 0.00861561243627 0.0170496932392 0.0269241372321 0.0278644418973 0.0105125107028 -0.00187703240591 0.00596008407622 0.0160492348314 0.0129430567009 0.00701428822332 -0.00453690744778 0.0203192810389 0.0139151809951 0.0179577002462 0.00765420616243 0.000749693703617 0.00225913093135 0.0321209394019 0.0089106584687 0.0384076446812 0.00106740353434 0.0160247516398 0.017438235332 0.0144462931777 0.00451979436339 0.00401526852419 0.00256505154397 0.0110026877297 0.0328495467723 
-0.00270127407234 0.0071581111254 0.0173347133741 0.0311990041057 -0.0152232297328 0.0112560831396 0.0134050516961 0.0166126723238 0.0049407953564 0.0252077506452 0.0159378014872 0.00420727563839 0.0126824761502 0.0344079321948 -0.0122448281956 0.0356617127677 0.00261432221407 0.0314518468008 0.0574341258703 0.00520734237279 0.449817638833 -0.0214422120255 0.0102161153944 0.0175374739155 0.0296079356628 0.0188153042965 0.042834998132 0.0389832575964 -0.000982054936872 0.0244036040961 -0.0100377431334 0.0287575769401 0.01721626368 0.0199533080739 0.0378884779803 0.006653046573 0.0280575837472 0.00682684544159 4.90339699109e-05 0.0312390372779 -0.0257613922473 0.0327817936672 0.0300957194183 0.0402091163165 0.0142836730667 0.0163183607312 0.0371342638527 0.0264033752253 -0.00482464738188 0.0168080457346 0.00285251839474 0.0372357493569 0.0185454822714 -0.00925030535013 0.0491763927757 0.00952441809749 0.0259899208837 0.0252181430393 0.0153361521123 0.0104401348669 
0.00800914354286 0.00585096801819 0.00595076815047 0.00553822746892 0.0203359205711 0.00207975735895 0.0267929066312 -0.00185371657666 -0.0175399916127 0.0156627252436 -0.00607113893143 -0.00298577356999 0.0178962413136 0.00966947115632 0.0373808499532 0.0118050568301 -0.00698168192286 -0.0309016865363 0.0560620659878 0.0176435858397 -0.0214422120255 0.51568762192 0.02480318485 -0.00678939558383 0.0151444845458 -0.0135924682107 0.000677173911239 0.0342217537229 0.00635646746692 -0.00373599020363 0.0179584524662 0.0309832753215 0.0101164848812 0.00949054836962 0.016819565641 0.0224212573937 0.0222378660586 0.00681175449973 0.0250936617889 0.00932242919452 -0.00118763323594 0.01410015419 0.00887562690854 0.000755005859754 -0.00252544502036 0.0231916264075 0.0635044761375 0.0322559109911 0.0308520759129 0.0146749854318 -0.0120020169393 0.0126400381319 0.00522887760088 -0.00281690574068 0.0416334090788 0.0255767363103 0.0592437430772 0.0186443767968 0.0111266612966 0.0129762341616 
-0.00137534854718 0.00705617049897 -0.0150647775558 5.93974102881e-05 0.00844211519291 0.00261072548256 0.0131092036528 0.0153119051538 -0.00418865625866 0.015348513314 -0.00348086117136 0.00416602473959 0.052950624998 -0.00759806480041 0.0249690530187 -0.00470670993999 0.00841043083781 0.00530999158498 0.0505977414071 0.0122467744792 0.0102161153944 0.02480318485 0.251794534592 0.00878866102371 -0.0035133342041 -0.00179117511137 0.0508858754659 0.0643368297427 0.00747507296101 0.00488547308651 -0.00177225567106 0.00208277254229 0.00867135176139 0.021230184399 0.0255862504287 0.0148261632306 -0.00442530967853 0.000272387093027 0.0331002771255 2.18684265923e-05 0.00694509818542 0.0347964822607 0.0103690988248 0.0123810374594 0.0218734272044 0.0138241878978 0.00741666866864 0.0253304914101 -0.00235339941503 0.00107673231255 0.000984017925108 0.0242664163041 0.0116174481492 -0.00443697335824 0.00756794759748 0.0329794011032 -0.01152488435 0.00179952687853 0.0191730200195 0.024774218587 
0.00355458443171 0.0114062534536 -0.00185016086059 0.00858442854342 0.0149613170802 0.0109949598654 0.00927466332705 0.000939077425547 0.00442284018222 -0.00177362935716 0.00661576864004 -0.0188524153674 0.0105745609592 0.0122406027791 0.0206689606295 0.00866229930351 0.00608660236834 0.0209897074476 -0.00909021333503 -0.0006156680487 0.0175374739155 -0.00678939558383 0.00878866102371 0.173143766109 0.0205329400319 0.00805427355198 0.0227049000189 0.00126640998187 0.00371144935448 0.0126361445183 0.0137785256732 0.0200796266853 0.0104263588217 5.92791958454e-05 0.00756906926937 0.0260898393725 0.0232553502944 -0.00498380008066 0.0104103347053 0.00674768417256 0.000834564251398 0.0111281990227 -0.00335047228151 -0.00590712003023 -0.00990964820256 -0.00175470335511 0.0160426263849 0.00830345706793 -0.0212433002423 0.00908625150267 -0.00518267280863 -0.00618259001072 0.0150367290121 0.0104158040094 0.00817888448651 0.0183898400405 0.00690656672402 -0.00460625217959 0.00460874109604 0.00459064675356 
0.00290829494503 0.0259706077759 0.0206194980335 0.0153291182251 0.00114187171217 0.0100704976643 0.0307624556326 0.0137923914474 0.0232495165747 0.0114999721879 0.0201349844672 0.00624318122844 0.0135390294859 0.00811925414762 0.0366876273613 0.0317087649132 0.0188058520898 0.00381813494605 0.0486943062829 0.0241719003013 0.0296079356628 0.0151444845458 -0.0035133342041 0.0205329400319 0.182988215359 0.00954204883806 0.0494605319723 -0.0012057170512 0.0151805530273 0.0113374728425 0.0318056788602 0.0119171801881 0.00217042122287 0.0231183482761 0.0206481345785 0.0110246253843 0.0100756601577 0.0134114397476 0.00178838610256 0.0174312139129 0.00387780766146 0.0173875971062 -0.0130508093468 0.0306251310454 0.0125284806536 0.00672147627553 0.0152864212719 0.0248747192798 0.0008653748235 0.0131525954817 0.0273728675682 0.0223774659515 0.0154016311013 0.0122443492045 0.0338382504644 0.0125182452715 0.0349906039364 0.0258902264948 0.01183053233 0.0305126497438 
0.0103075624653 0.025591059204 0.00639122848817 0.010784207364 0.00593131377335 -0.00463915738718 -0.00710952744228 0.00948409636423 0.013450607451 0.029450512452 0.0148858622669 -0.0134368471705 0.0264125318991 0.0216033018745 0.0207030454209 -0.0495666618327 0.00334639376216 -0.000564310133024 0.0237317184804 0.0136197326772 0.0188153042965 -0.0135924682107 -0.00179117511137 0.00805427355198 0.00954204883806 0.369433258774 0.0403841245312 0.0389148563723 0.0089354891556 0.0168918556865 -0.0225081224164 -0.0130234714119 0.0106467733076 0.023023384007 -0.000907611039832 0.0036170572668 0.00882002990562 0.0110462320739 0.00325151583555 0.0135328878698 0.0119474224797 0.0218110761615 0.00939553067933 0.0223870381462 -0.0071402025678 0.0110853004727 0.0494268449023 0.000143436044663 0.0080645116661 0.00905962660573 -0.0108748245654 0.0394685763925 -0.00655554961019 0.0171685376725 0.00951884644236 0.00450164048164 0.00668018759549 0.0259382533719 -0.0205043734525 -0.00607928009525 
0.00704917714482 0.0237271862053 0.017827775587 0.0342770529396 0.00686772211621 0.0271661813886 0.0192642892653 0.0292021169156 0.0192634262425 0.00545468074083 0.0425461425561 1.1836291845e-05 0.0641137227376 0.035332410578 0.00346072816136 -0.00535274545488 0.0239497922377 0.0236442001994 0.0995315485569 0.0230321872377 0.042834998132 0.000677173911239 0.0508858754659 0.0227049000189 0.0494605319723 0.0403841245312 0.442607555195 0.0023818410854 0.0111190379567 0.00918628595784 0.0304009017613 0.0238322043892 -0.0171843973783 0.0109577194973 0.0319373345663 -0.0151045772502 0.0422266544249 0.000790573535785 0.00915839515922 0.0122183648464 0.0116797372645 0.0169960691785 0.00566181112565 0.0346142789916 -0.00136995157254 0.0119493267338 0.0171498250395 0.0269075958204 0.0106982585786 0.0156252736105 0.00566818836142 0.0211660382688 0.00671162510059 0.000660216361153 0.0453797972816 0.00886607304221 0.0170231003957 0.0260734223693 0.00368050733337 0.0608795058897 
-0.00041740016634 0.0022551602584 0.00113384880931 0.0197415143244 0.0166110955454 0.0255452950301 0.0146712632145 0.0434226799222 0.00816366317198 0.0281760688379 -0.00813011392895 0.0310832977188 0.0459263739465 0.00822584822987 0.0240414162416 -0.00416109677181 0.026237843273 0.0104404093444 0.0130028734629 -0.00719082809761 0.0389832575964 0.0342217537229 0.0643368297427 0.00126640998187 -0.0012057170512 0.0389148563723 0.0023818410854 0.509658578314 0.00192221683889 0.0157667883531 0.0227601750741 0.0157309015215 0.029808214736 0.0763597993828 0.0349096791544 0.0180573591527 0.00461236697558 0.0172881911179 0.0267198516302 0.00864542599448 0.0260402435262 0.0300874867455 0.000926055805548 0.0134637276658 0.0774479115288 0.0243785291939 0.0285842504253 0.0424654376217 0.003011074542 0.00535232931661 0.0206568193826 -0.025476952706 0.00293769876374 0.0205880063179 -0.00399221750708 0.0784213468377 0.00429579820504 0.0281401176229 0.0539076121595 0.0746449750516 
0.0102099161715 0.0260533565021 -0.00377665055292 0.0236205865676 -4.17906339953e-05 0.0195074295964 0.0278090645896 -0.00121939037239 0.020885837428 0.0295940656333 0.0015666154877 0.00431266123468 0.0243637087347 0.00146064707794 -0.0103862700803 0.0200699714914 0.0054101358427 -0.0167885785458 0.0164958876546 0.0524735372775 -0.000982054936873 0.00635646746692 0.00747507296101 0.00371144935448 0.0151805530273 0.0089354891556 0.0111190379567 0.0019222168389 0.162157197462 0.0116317923469 -0.000445252641409 -0.00213468818593 0.0246526361994 0.00737558919685 0.0152404667468 0.0017829604853 0.00619622211167 0.00945343267034 0.0143791162039 0.0194242753003 -0.00398646418823 -0.00745766458632 0.0145529058902 0.0184814111653 0.0132066950073 0.0207182526539 -0.00698815381734 0.00636014583721 0.0394544105762 0.0113048359816 0.0501004647375 0.000593464447624 0.00582720839446 0.0129164976932 0.0156897689402 -0.0104683760962 0.00478724685716 0.00280115332933 0.0112981293425 0.0339794718308 
0.00442597067286 0.04793123129 0.0221001960397 0.0189318977066 -0.00175504280063 0.0317015096674 0.000435513920129 0.0126816917017 0.0160017127958 0.0249618012014 0.0308834583533 0.0080826292768 0.0285061771809 0.00685943752666 0.0131152423089 -0.00249999164281 0.00588759351618 0.0349932475831 0.0359676636773 0.0187323875478 0.0244036040961 -0.00373599020363 0.00488547308651 0.0126361445183 0.0113374728425 0.0168918556865 0.00918628595785 0.0157667883531 0.0116317923469 0.119817149963 0.0113029809602 0.0187446347619 0.0246821130046 0.00705444167769 0.0114532229094 0.0174363357352 0.028445989096 0.0208873591329 0.0207340114049 0.0193904012434 0.0026750871355 0.0227292939965 0.0151406138538 0.016985087463 0.00291076906132 0.0218689699419 0.0193676684899 0.0273314973749 0.0223468827492 0.0215094199269 -0.00347342544838 0.00833541018399 0.0113726776515 0.0300806771913 0.0195075321305 0.00326947634058 0.0175040890809 0.0222239024096 0.0241211667956 0.00583080390664 
-0.00912398265995 0.00895407327998 0.0205107103769 0.00977756168166 0.00248824575152 0.00677956217881 0.000868701071837 0.0182593822115 -0.00610564314848 0.00837572567456 0.0314911369617 -0.0179947719731 -0.00440666080694 0.036891964934 0.0900177313861 -0.0183642128282 -0.00847231943769 0.00173036218353 0.00584714088803 0.00973238253616 -0.0100377431334 0.0179584524662 -0.00177225567106 0.0137785256732 0.0318056788602 -0.0225081224164 0.0304009017613 0.0227601750741 -0.000445252641407 0.0113029809602 0.274002112999 0.0415208084233 -0.000592289836742 0.0133071841607 0.0168918511788 0.00282919076656 0.0122630548657 0.00200662389487 0.0207172530326 0.0121201292796 -0.00598411457033 -0.00530111196099 -0.00844115190229 0.0259515339122 -0.00694886148088 0.0114778989596 -0.0330774808102 0.0172164363062 0.00308651520323 0.00947691862314 -0.0251310152804 0.0443559497011 -0.000722756277605 0.0149354437126 0.023125935741 0.0150008795318 0.0464075520071 0.0102390853591 0.00820582304325 -0.0227521887899 
0.02638300865 0.0308973349737 0.0149182318017 0.0246020351768 0.00987960234675 0.0309933385953 0.0105271036748 0.0270085860975 0.012013202623 0.0209578045602 0.0469550952369 0.00994508993171 0.0129127510038 0.0471434679934 0.0507966081875 0.00702102541515 0.0173891590644 0.0902578787945 0.0637740972425 0.00861561243628 0.0287575769401 0.0309832753215 0.00208277254229 0.0200796266853 0.0119171801881 -0.0130234714119 0.0238322043892 0.0157309015215 -0.00213468818593 0.0187446347619 0.0415208084233 0.256390382133 0.00920292538169 0.0141908973116 0.0148717397902 0.00706576179384 0.0250763576566 0.0117563701727 0.0114978855584 0.0277876965811 0.00990390839017 0.0183930367239 0.00372436458847 0.0406874653568 0.036643560394 0.0132281833741 0.00931690548636 0.0239007307803 0.0418010537139 0.0376776045902 0.0151945748921 0.0360578730038 0.0119321423758 0.00434876421727 0.051173256586 -0.00429049127837 0.0214941599665 0.0111651750612 0.0245635724541 0.0218078082225 
-0.00308095836906 0.0153765054728 0.0164014532286 0.00363156453105 0.0110814232308 0.00201483469633 0.0399291059807 0.0153896229627 0.0082163610148 0.00985851978089 0.00385234260999 0.0261341692764 0.011917126489 0.0111130802348 -0.023651860226 -0.0208010913315 -0.00356832572112 -0.00407116379843 0.0486877736152 0.0170496932392 0.01721626368 0.0101164848812 0.00867135176139 0.0104263588217 0.00217042122287 0.0106467733076 -0.0171843973783 0.029808214736 0.0246526361994 0.0246821130046 -0.00059228983674 0.00920292538169 0.289204260609 0.0252985739751 0.0218392443376 0.120390034602 0.0129870904155 0.0218548858524 -0.00270232242991 0.0222094189873 0.029045652201 0.00652075935833 0.006826299021 0.019204906302 0.0419859120526 0.00234723700305 0.0014967476556 0.0187455725748 0.0299214788585 0.0321924937261 0.0338668077494 0.0395430021044 -0.00167158825562 0.00862232763737 0.00880871220119 0.0166131957048 0.0355369479794 -0.0102948940853 0.0237878898615 0.0311118729623 
0.00540829728671 0.0101896038665 0.0048136964477 0.0117558195441 0.0159908948586 0.025074902493 0.0037689358179 0.015731396743 0.0260999346724 0.000308323520358 0.00522914217161 0.0141190169889 -0.0104264526576 0.00386527068878 0.0190017144908 0.0206092967985 0.02276183558 -0.0243471511929 0.0314435049271 0.0269241372321 0.0199533080739 0.00949054836962 0.021230184399 5.9279195841e-05 0.0231183482761 0.023023384007 0.0109577194973 0.0763597993828 0.00737558919685 0.00705444167769 0.0133071841607 0.0141908973116 0.0252985739751 0.333283910221 0.0358127839457 -0.000732776860368 0.0380989222502 0.0183826066811 0.0159025498166 0.00805444355506 -0.0123254452171 0.0318108080713 0.0155111198406 -0.00476348277909 0.194507957888 0.0234931539824 0.0196278502693 -0.012426281963 0.0290684007126 0.011732148725 0.00769897257208 0.00256086492383 -0.00612977292492 0.0265842870172 0.00360033571962 -0.0063611410684 0.00757108530373 0.0189552311099 0.0797859917398 0.0452729214802 
0.0075078454991 0.0180666783567 0.0100955107814 0.00741970253933 0.0071691254825 0.0190209756386 0.010726225135 0.0102697149417 0.015940701661 0.0256554933315 0.0254763275357 0.0143401910497 0.0284682188846 0.00435527955457 0.00444262554673 0.0710579198876 0.0231823419308 0.013556028537 0.0197687701764 0.0278644418973 0.0378884779803 0.016819565641 0.0255862504287 0.00756906926937 0.0206481345785 -0.000907611039832 0.0319373345663 0.0349096791544 0.0152404667468 0.0114532229094 0.0168918511788 0.0148717397902 0.0218392443376 0.0358127839457 0.161729525778 -0.00458824629985 0.0189944088642 0.0239938386349 0.015470049772 0.0132171289871 -0.0104350748804 0.0508711788201 0.00568625317019 0.0210459676874 0.00106395986802 0.0144858148947 0.0251798880022 0.0161677995414 0.00681067022797 0.0170903101641 0.0264842752882 0.0202040123658 0.00345296598091 0.0154990250088 0.0165127309355 0.0401263197671 0.0327224430942 0.00199231448652 0.0233036905521 0.0532004138869 
-0.00549997975191 0.0155965726092 0.0237672365701 0.0136141141769 0.013285971992 0.0199076836528 0.075533098155 0.0353946092698 0.0237279854607 0.0193714786285 0.0129157377314 0.0856788987876 -0.0123201288395 0.0123563703931 0.0543414722012 0.00801775665257 0.0271632967434 0.0305412958154 0.0242323602937 0.0105125107028 0.006653046573 0.0224212573937 0.0148261632306 0.0260898393725 0.0110246253843 0.0036170572668 -0.0151045772502 0.0180573591527 0.0017829604853 0.0174363357352 0.00282919076656 0.00706576179384 0.120390034602 -0.000732776860367 -0.00458824629985 0.824086923996 0.0237505429424 0.0330002585325 -0.00215489159471 0.0175927798804 0.0206108900846 0.0112233193913 0.0183769478569 0.0027727633615 -0.00826767725254 0.0194307894626 0.0450355881414 0.0002176591262 -0.00141456656987 0.00185251559655 0.0111215335588 0.0105482001647 0.0132622631241 0.00667571945059 0.0151444608371 0.0330490520919 -0.0175520973577 0.0247139264019 0.0434450299654 0.0413849741429 
0.018023779748 0.0127759688726 0.0219018377134 0.0164214740431 0.00618183472132 0.0148129815378 0.010278256652 0.0284570127982 0.00168339013548 0.0219867562012 0.00378578151146 0.0273214386281 -0.0119935351459 0.00347053820916 0.00609720745633 -0.0136918903387 0.00932884051807 0.00900034451636 0.0264907795886 -0.00187703240591 0.0280575837472 0.0222378660586 -0.00442530967853 0.0232553502944 0.0100756601577 0.00882002990562 0.0422266544249 0.00461236697558 0.00619622211167 0.028445989096 0.0122630548657 0.0250763576566 0.0129870904156 0.0380989222502 0.0189944088642 0.0237505429424 0.176416551109 0.00634680384743 0.00187372303018 0.0133413064577 0.0273604708986 0.0273280034874 0.00637171553779 0.00232854207358 0.0316872158514 0.00674418857708 0.0389381756626 0.0121282048914 0.02585890246 0.0100353454819 0.00539803910368 0.0123903789802 0.0129107927461 0.00882526309038 0.0254430968073 -0.00615372987767 0.029589341369 0.0425077848391 0.0159471581904 -0.0173356662202 
-0.000763240212857 0.0124592825963 0.0306523904002 0.00587883225107 0.00746405527125 -0.0133363849338 0.0229727307343 0.00212670467267 0.0194452899651 0.0182376216632 0.00586356563968 0.0212518747991 0.0274080931903 -0.00716777355101 0.00701811068684 0.00459930265267 -0.00939354034229 -0.00179594877961 0.00211363749263 0.00596008407622 0.00682684544159 0.00681175449973 0.000272387093025 -0.00498380008066 0.0134114397476 0.0110462320739 0.000790573535786 0.0172881911179 0.00945343267033 0.0208873591329 0.00200662389487 0.0117563701727 0.0218548858524 0.0183826066811 0.0239938386349 0.0330002585325 0.00634680384743 0.233717069014 0.003644544043 0.00322505220403 -0.00255907204707 0.0402526835202 0.000535121832339 0.0112976053348 0.00478941696539 0.0261660140801 0.0370832768915 -0.001150845941 0.00798359145628 0.0229153128984 -0.00120605535949 0.0205587902091 0.01938898055 0.0144122792256 -0.00779686547483 0.0240364081436 0.0202570065943 0.00605399141 0.0146998462726 -0.0167270035351 
-0.00109765714315 0.0136579891259 0.0122962250895 0.0432352749965 0.00261862001085 0.0209832815676 0.0187698564726 0.0239638788489 0.00495874062277 0.018150765275 0.0175399303667 0.0156197663475 0.0478293044201 -0.00252512147078 0.00489128465326 0.0059983733127 0.0189545702542 0.0256152733627 0.0301141893163 0.0160492348314 4.90339699107e-05 0.0250936617889 0.0331002771255 0.0104103347053 0.00178838610256 0.00325151583555 0.00915839515922 0.0267198516302 0.0143791162039 0.0207340114049 0.0207172530326 0.0114978855584 -0.00270232242991 0.0159025498166 0.015470049772 -0.00215489159471 0.00187372303017 0.003644544043 0.312730629612 0.0107111838366 0.0117473184666 0.0204383103156 0.000347221491964 0.0148147408058 0.00388830172188 -0.0115031772401 0.00821724230184 0.0212078908114 0.0237701813451 0.00912681322359 0.0249986061664 0.0269540331729 0.0125986366548 0.019676200467 0.00956388494714 0.0173779964426 0.0153613895565 -0.00273878006262 0.00528798372057 -0.00861087224502 
