20
0.0336878097659 0.110374427341 0.0213104348082 0.0506132512338 0.0940944116816 0.0206658862902 0.0475630895173 0.0916609470377 0.752636600207 0.0541634245192 0.191301962015 0.138189015222 0.0300114281637 0.0123351660469 0.149701567326 0.0797862135264 0.119808933935 0.0415474718814 0.0998681056981 0.0625194128962 
0.349079836196 0.0253691438368 0.0231194711927 0.0404233825661 0.0444871672607 0.0530515637003 0.0243894300532 0.00992962596916 -0.00710295850185 0.0248765833922 0.00975632803565 0.0652284631916 0.0238989828949 0.00821041960455 0.0212103659026 0.029245526083 -0.0455991520301 0.0284769125531 0.0385388325719 0.0590416170594 
0.0253691438368 0.528814928555 -0.00666613273466 0.0179440670534 0.0316522206531 0.0365759722629 0.0448328464235 0.00551187763836 0.0499787982979 -0.0328037568213 0.0630917816109 0.0315347654595 -7.80067980213e-06 0.00695150512309 0.0106546657324 0.0114354087026 0.0270870173006 -0.00195904978167 0.00172215169303 0.0292336935154 
0.0231194711927 -0.00666613273466 0.323013976695 0.0194936454786 0.0282131672096 0.0357175851822 0.0143289072212 0.00949394705749 0.0376417681915 0.00610561381689 0.0670017674909 0.0261978300483 0.0357571632368 0.00260201875365 0.113875174055 0.0130096968062 -0.0251970157491 0.0179865968476 0.101710687074 0.0227575807469 
0.0404233825661 0.0179440670534 0.0194936454786 0.162137359357 0.0274905416259 0.0222348533301 0.000471533710367 0.00015359502836 -0.00716881732273 0.0386050122672 0.00714983930715 0.0348376097168 0.0417778359659 0.0264232562707 0.00287683345213 0.0486770522955 -0.0143094560237 0.0225477228134 0.0218455051887 0.031874136488 
0.0444871672608 0.0316522206531 0.0282131672096 0.0274905416259 0.366686829644 0.0238851495744 0.00545811466337 0.0298365818649 -0.0063284855859 0.0334173154272 0.0962140496588 0.0520895843258 0.015261689602 0.0134016443867 0.0744858617727 0.0294616660569 0.00705945930999 0.0296135490446 0.0479489487578 0.0292433036151 
0.0530515637003 0.0365759722629 0.0357175851822 0.0222348533301 0.0238851495744 0.234352049341 0.00106881404302 0.0100114611351 -0.00154271054038 0.0116124486643 0.0467315674354 0.0405015773582 0.0402962171439 0.0174106587427 0.0172949878851 0.0399552816523 0.0159176527846 0.0279515970859 0.0489716002382 0.0371144776001 
0.0243894300532 0.0448328464235 0.0143289072212 0.00047153371037 0.00545811466337 0.00106881404302 0.3161846519 -0.0126755643013 0.0296520774283 0.00987582187739 -0.00472083530715 -0.000671995471625 0.00889518029955 -0.0166284166378 -0.00253210178827 0.0275259956383 -0.00773129366868 0.0106336441375 0.00356236994103 0.00880852987378 
0.00992962596916 0.00551187763836 0.00949394705749 0.00015359502836 0.0298365818649 0.0100114611351 -0.0126755643013 0.439929719183 0.0222423878181 0.00479704475137 0.0288836870083 0.0280980694252 0.00779451475862 0.0094397870889 0.0530436806142 0.00439970626443 -0.0192959957866 0.000857041969626 0.015212882164 0.0168694806046 
-0.00710295850185 0.0499787982979 0.0376417681915 -0.00716881732273 -0.0063284855859 -0.00154271054038 0.0296520774283 0.0222423878181 7.42029009536 0.00530793301306 -0.0190531721354 -0.0107667101822 0.000905357032819 0.000444912162922 -0.0409705236076 -0.00987120086193 0.0761709593164 -0.00581563255019 -0.00303301019259 0.00109075640135 
0.0248765833922 -0.0328037568213 0.00610561381692 0.0386050122672 0.0334173154272 0.0116124486643 0.00987582187739 0.00479704475137 0.00530793301306 0.314435701081 0.00933234964016 0.0482615958824 0.013819046638 0.0372864012948 0.00606316374058 0.00424698187933 -0.0066917134203 0.020313787087 0.028754277348 0.0121329947308 
0.00975632803562 0.0630917816109 0.0670017674909 0.00714983930716 0.0962140496588 0.0467315674354 -0.00472083530715 0.0288836870083 -0.0190531721354 0.00933234964016 0.444614079128 0.0548777247955 0.017854621907 0.0202753484537 0.0699972815786 0.0230456145981 0.0418825342046 0.00331174521501 0.0947589157519 0.0177001237619 
0.0652284631916 0.0315347654596 0.0261978300483 0.0348376097168 0.0520895843259 0.0405015773582 -0.000671995471646 0.0280980694252 -0.0107667101822 0.0482615958824 0.0548777247954 0.313104528603 0.04041776652 0.0136152753284 0.00774161676834 0.0221754086224 0.0436326063714 0.0287162516819 0.0356927359726 0.0410789758932 
0.0238989828949 -7.80067979898e-06 0.0357571632368 0.0417778359659 0.0152616896021 0.0402962171439 0.00889518029954 0.00779451475862 0.000905357032819 0.013819046638 0.017854621907 0.04041776652 0.219568616672 0.00810617938747 0.00465312833828 0.0191930817859 -0.00361139589129 0.0280208149586 0.0414994290024 0.0438745394291 
0.00821041960457 0.00695150512309 0.00260201875365 0.0264232562707 0.0134016443867 0.0174106587427 -0.0166284166378 0.00943978708889 0.000444912162922 0.0372864012949 0.0202753484538 0.0136152753285 0.00810617938747 0.229218812134 0.0191819536635 0.0177585186603 7.61924473782e-05 0.0120646523894 0.0436577377781 0.0142985996278 
0.0212103659026 0.0106546657324 0.113875174055 0.00287683345213 0.0744858617727 0.0172949878851 -0.00253210178826 0.0530436806142 -0.0409705236076 0.00606316374058 0.0699972815786 0.00774161676836 0.00465312833828 0.0191819536635 0.460935094075 -0.00330940606979 0.0223671599168 0.013896670123 0.0628411605211 0.0235897581188 
0.029245526083 0.0114354087026 0.0130096968062 0.0486770522955 0.0294616660569 0.0399552816523 0.0275259956383 0.00439970626443 -0.00987120086193 0.00424698187933 0.0230456145981 0.0221754086224 0.0191930817859 0.0177585186603 -0.00330940606979 0.250280446202 -0.00542306658865 0.0180340832747 0.0358787895971 0.0251209527968 
-0.04559915203 0.0270870173006 -0.0251970157491 -0.0143094560237 0.00705945930998 0.0159176527846 -0.00773129366868 -0.0192959957866 0.0761709593164 -0.0066917134203 0.0418825342046 0.0436326063714 -0.00361139589129 7.61924473783e-05 0.0223671599168 -0.00542306658865 0.640814672722 0.0216304314852 0.00183951417779 0.0356849581342 
0.0284769125531 -0.00195904978167 0.0179865968476 0.0225477228134 0.0296135490447 0.0279515970859 0.0106336441375 0.000857041969627 -0.00581563255019 0.020313787087 0.00331174521501 0.0287162516819 0.0280208149586 0.0120646523894 0.013896670123 0.0180340832747 0.0216304314852 0.193693243626 0.0139155610105 0.0381715556958 
0.038538832572 0.00172215169302 0.101710687074 0.0218455051887 0.0479489487578 0.0489716002382 0.00356236994104 0.015212882164 -0.00303301019259 0.028754277348 0.0947589157519 0.0356927359726 0.0414994290024 0.0436577377781 0.0628411605211 0.035878789597 0.0018395141778 0.0139155610105 0.399614864805 0.0161227053968 
0.0590416170594 0.0292336935154 0.0227575807469 0.031874136488 0.0292433036151 0.0371144776001 0.00880852987378 0.0168694806046 0.00109075640135 0.0121329947308 0.0177001237619 0.0410789758932 0.0438745394291 0.0142985996278 0.0235897581188 0.0251209527968 0.0356849581342 0.0381715556958 0.0161227053968 0.354831979562 
0.0302312006095 0.00219703230349 0.00200220493749 0.00350076762091 0.00385270169902 0.00459440018749 0.00211218660099 0.000859930833937 -0.000615134250463 0.0021543753177 0.000844922792653 0.00564895061738 0.00206971263116 0.000711043195327 0.00183687156952 0.00253273685349 -0.00394900240491 0.00246617296923 0.00333756080395 0.0051131540254 
0.00219703230349 0.0457967162029 -0.000577304029322 0.00155400179155 0.00274116271718 0.00316757211478 0.00388263839267 0.000477342605738 0.00432829089766 -0.00284088867468 0.0054639085645 0.00273099079904 -6.75558687543e-07 0.000602018003113 0.000922721119312 0.000990335443911 0.0023458045095 -0.000169658687821 0.000149142711533 0.00253171212308 
0.00200220493749 -0.000577304029321 0.0279738309596 0.00168819921969 0.00244333195247 0.00309323361297 0.00124091976621 0.000822199933397 0.00325987274972 0.000528761667113 0.00580252327456 0.00226879863459 0.00309666117304 0.000225341434179 0.00986187935917 0.00112667279297 -0.00218212557383 0.00155768497976 0.00880840388421 0.00197086430555 
0.00350076762091 0.00155400179155 0.00168819921968 0.0140415072106 0.00238075074119 0.00192559478333 4.08360171918e-05 1.33017196455e-05 -0.000620837791657 0.00334329213368 0.000619194247297 0.00301702550219 0.00361806672616 0.00228832111811 0.0002491410852 0.00421555638693 -0.00123923524308 0.00195269007539 0.00189187624519 0.00276038119223 
0.00385270169902 0.00274116271718 0.00244333195247 0.00238075074118 0.0317560109705 0.00206851463046 0.000472686595525 0.00258392378571 -0.000548062928487 0.00289402440862 0.00833238112055 0.00451109032987 0.00132170109 0.00116061644914 0.00645066485179 0.00255145512431 0.000611367109943 0.00256460857689 0.0041525007709 0.00253254438213 
0.00459440018749 0.00316757211478 0.00309323361297 0.00192559478333 0.00206851463046 0.0202954828158 9.2562011318e-05 0.000867017967202 -0.000133602651865 0.00100566755434 0.00404707245577 0.00350753948856 0.0034897547723 0.00150780727678 0.00149778988666 0.00346022889263 0.00137850916801 0.00242067931527 0.00424106498702 0.00321420804498 
0.00211218660099 0.00388263839267 0.00124091976621 4.08360171921e-05 0.000472686595524 9.25620113181e-05 0.0273823940832 -0.00109773606923 0.00256794523279 0.000855271262907 -0.000408836330307 -5.81965149656e-05 0.000770345211066 -0.00144006312331 -0.000219286447361 0.00238382114872 -0.00066954967212 0.000920900595789 0.000308510286661 0.000762841064068 
0.000859930833937 0.000477342605738 0.000822199933397 1.33017196455e-05 0.00258392378571 0.000867017967202 -0.00109773606923 0.0380990312693 0.00192624728913 0.000415436261778 0.00250140067041 0.00243336419195 0.000675024779114 0.00081750954253 0.00459371749221 0.000381025739419 -0.00167108225425 7.42220117806e-05 0.00131747424188 0.00146093987523 
-0.000615134250463 0.00432829089766 0.00325987274972 -0.000620837791657 -0.000548062928487 -0.000133602651865 0.00256794523279 0.00192624728913 0.642615972604 0.00045968048309 -0.00165005310919 -0.000932424453295 7.84062189916e-05 3.85305235543e-05 -0.00354815142506 -0.000854871071229 0.00659659857987 -0.000503648552754 -0.000262666387672 9.44622752912e-05 
0.0021543753177 -0.00284088867468 0.000528761667115 0.00334329213368 0.00289402440862 0.00100566755434 0.000855271262907 0.000415436261778 0.00045968048309 0.0272309304993 0.000808205186537 0.00417957680614 0.00119676454446 0.0032290970737 0.000525085382664 0.000367799419691 -0.000579519381683 0.00175922556644 0.00249019346508 0.00105074816609 
0.00084492279265 0.0054639085645 0.00580252327456 0.000619194247297 0.00833238112055 0.00404707245577 -0.000408836330307 0.00250140067041 -0.00165005310919 0.000808205186538 0.0385047087405 0.00475255037748 0.00154625561464 0.00175589668315 0.00606194240429 0.00199580876878 0.00362713385961 0.000286805548706 0.00820636282762 0.00153287568279 
0.00564895061737 0.00273099079904 0.00226879863459 0.00301702550219 0.00451109032988 0.00350753948856 -5.81965149674e-05 0.00243336419195 -0.000932424453295 0.00417957680613 0.00475255037747 0.0271156475811 0.00350028125705 0.0011791174314 0.000670443678775 0.00192044672063 0.00377869455509 0.0024869003458 0.00309108160828 0.00355754366849 
0.00206971263116 -6.7555868727e-07 0.00309666117303 0.00361806672617 0.00132170109001 0.0034897547723 0.000770345211065 0.000675024779114 7.84062189917e-05 0.00119676454446 0.00154625561464 0.00350028125705 0.0190151999912 0.000702015727719 0.000402972734802 0.00166216964035 -0.000312756058498 0.00242667375889 0.00359395597586 0.0037996465725 
0.000711043195329 0.000602018003113 0.000225341434178 0.00228832111811 0.00116061644913 0.00150780727678 -0.0014400631233 0.00081750954253 3.85305235544e-05 0.0032290970737 0.00175589668315 0.0011791174314 0.000702015727718 0.0198509314333 0.00166120591668 0.00153793282934 6.5984595006e-06 0.00104482954571 0.00378087099876 0.00123829505162 
0.00183687156952 0.000922721119312 0.00986187935917 0.0002491410852 0.00645066485179 0.00149778988666 -0.000219286447361 0.00459371749221 -0.00354815142506 0.000525085382665 0.00606194240429 0.000670443678776 0.000402972734802 0.00166120591668 0.0399181500965 -0.000286602972788 0.00193705286985 0.00120348693545 0.00544220414146 0.00204293298 
0.00253273685349 0.000990335443911 0.00112667279297 0.00421555638693 0.00255145512431 0.00346022889263 0.00238382114872 0.000381025739419 -0.000854871071229 0.000367799419691 0.00199580876878 0.00192044672063 0.00166216964035 0.00153793282934 -0.000286602972787 0.0216749224482 -0.000469651343218 0.00156179742498 0.00310719432481 0.00217553832893 
-0.0039490024049 0.0023458045095 -0.00218212557383 -0.00123923524308 0.000611367109943 0.00137850916801 -0.00066954967212 -0.00167108225425 0.00659659857987 -0.000579519381682 0.00362713385961 0.00377869455509 -0.000312756058498 6.59845950061e-06 0.00193705286985 -0.000469651343218 0.0554961785695 0.0018732503161 0.000159306600859 0.00309040802772 
0.00246617296923 -0.000169658687821 0.00155768497976 0.00195269007539 0.00256460857689 0.00242067931527 0.000920900595789 7.42220117806e-05 -0.000503648552754 0.00175922556644 0.000286805548706 0.0024869003458 0.00242667375889 0.00104482954571 0.00120348693545 0.00156179742499 0.0018732503161 0.0167743269522 0.0012051229343 0.00330575369345 
0.00333756080395 0.000149142711533 0.00880840388421 0.00189187624519 0.0041525007709 0.00424106498702 0.000308510286662 0.00131747424188 -0.000262666387672 0.00249019346509 0.00820636282762 0.00309108160828 0.00359395597586 0.00378087099876 0.00544220414146 0.00310719432481 0.000159306600859 0.0012051229343 0.0346076624651 0.00139626724514 
0.0051131540254 0.00253171212308 0.00197086430555 0.00276038119223 0.00253254438213 0.00321420804498 0.000762841064069 0.00146093987523 9.44622752913e-05 0.00105074816609 0.0015328756828 0.00355754366849 0.0037996465725 0.00123829505162 0.00204293298 0.00217553832893 0.00309040802772 0.00330575369345 0.00139626724514 0.0307293508376 

['BBBY', 'RIG', 'ADI', 'JPM', 'MOT', 'SPG', 'NKE', 'FDX', 'SBL', 'ABT', 'NVDA', 'CAT', 'NCC', 'JNJ', 'CTXS', 'COF', 'DYN', 'EMR', 'XLNX', 'EMN']