30
0.0607700526619 0.0368602928082 0.0384658872101 0.0521298167044 0.0230030392576 0.187838769987 0.0224960645228 0.100072423231 0.0172523696575 0.0950879331279 0.0402434153999 0.234257183995 -0.00662659235152 0.171628318037 0.165506763093 -0.0108233812146 0.0445346556631 0.0430779984078 -0.00305157485537 0.142595623168 0.00108215816497 0.0256858872149 0.00388664565626 0.0625194128962 0.275152850517 0.0070666509449 0.0649972461493 0.0205902908148 0.0584521455196 0.0824662750087 
0.262489195082 0.0227017722447 0.0249849813497 0.0258344617588 0.011638748571 0.0214546451298 0.0116649318783 8.84592374603e-05 0.00618736658231 0.00537423763201 0.0241219267402 -0.00676198087422 -0.0026639346512 0.012396563313 0.0306165640042 0.028613754938 0.0122901072147 0.0253188450048 0.0352484177263 0.114750047499 0.035226684977 0.0195211438591 0.0177296891955 0.014744880814 0.0345317108209 0.0221649306866 0.0145806826466 0.0281325076371 0.0311722700702 0.0173777970605 
0.0227017722447 0.333347620129 -0.0187077315697 0.0100046605904 0.00766004091324 -0.00997254500668 -0.0127090193926 -0.0070377084504 -0.00226524671721 0.00384822912475 0.0113375439532 -0.00268937482654 0.0133759215139 -0.00422270609037 0.0238590084659 0.00533437070354 -0.00687926761888 0.0226160510776 0.00401566680837 -0.00340434891802 0.0152597059505 -0.00171287314993 0.0277705124087 -0.0182866453389 -0.0202268010203 0.0304739384863 0.0135815001682 0.0122244555368 -0.0050356246129 0.0138104422269 
0.0249849813497 -0.0187077315697 0.218102654787 0.0597918996326 0.039942449979 0.0106940888935 0.0523401892426 0.0134357067024 0.0284760256742 0.0943481403531 0.00120295072634 -0.000854153139097 0.0302385129086 0.0347196619743 0.0275893445067 0.0231534638851 0.0384755406008 0.0204268843411 0.0163790557458 0.0350184095693 0.00672541938129 0.00785162690266 0.011802086901 0.0259705021011 -0.00184571092625 0.00920975356967 0.00674464495537 -0.0154559388997 0.0215073259911 -0.00580676343338 
0.0258344617588 0.0100046605904 0.0597918996326 0.149432948769 0.0324473322836 0.00996017185685 0.0245214866469 -0.0220480444249 0.0306327944692 0.041019131377 0.0183538869807 0.0114989937414 0.00939908804568 0.0150317808579 0.0203130203269 0.0122404106301 0.0300797308957 0.0137222296086 0.00854986900306 0.031896598997 0.0124591441843 0.0241574693193 0.00389618096303 0.0433168559415 -0.00302693035499 0.0140894149234 0.0162829034915 -0.00331350348373 0.00579533259705 -0.0165757259139 
0.011638748571 0.00766004091324 0.039942449979 0.0324473322836 0.131047186144 0.00319194373842 0.0122397886944 -0.00306601157868 0.0113782747156 0.034372777578 0.0152076217848 0.0234926999364 0.0229256108995 0.0190558661723 0.00187309675279 0.0309051042304 0.0279389456648 0.027486414183 0.0124638533922 0.0152738430536 0.0179394428611 0.0343976599451 0.00913841006814 0.0387746949485 -0.00517351292338 -0.00129690356087 0.0062115228439 0.0236812534246 0.0173226989182 0.000781155993975 
0.0214546451298 -0.00997254500668 0.0106940888935 0.00996017185685 0.00319194373842 0.620720013583 0.00960832512214 0.0197096015355 0.0100109547561 0.0265164159887 -0.0154300021277 0.0357604437882 0.0187913938819 0.0196155881763 0.0224920309696 0.0528207969608 0.0847992961633 -0.0309707138367 0.00140377133874 0.0509251854807 0.0255602908737 0.0171799546436 0.0272314248472 0.0249415762651 0.0315289005799 0.00165463378745 0.00763952562913 0.0264376463869 0.04152799995 0.202345181067 
0.0116649318783 -0.0127090193926 0.0523401892425 0.0245214866469 0.0122397886944 0.00960832512214 0.205674955303 0.0149190830145 0.0242419391617 0.0523954793899 0.0196622748619 -0.0013746247855 0.00544175903864 0.0315394435471 0.0226085083342 0.0258921112869 0.0131033282037 0.0160597507232 0.00932888957441 0.0223733141295 0.0192641958508 0.0305775142464 0.0159128879567 0.0235889210049 0.00111312857255 0.00912825380199 0.00854117010397 0.0205062595922 0.00988413825168 0.00909035061829 
8.84592374597e-05 -0.0070377084504 0.0134357067024 -0.0220480444249 -0.00306601157869 0.0197096015355 0.0149190830145 0.494905748724 -0.00317924365188 0.0254808234423 0.0171930450248 -0.00581459966596 0.0055838807508 -0.00451333904141 0.0550531263889 0.0202497948221 -0.00874145404393 0.0419111565359 0.0222249780853 0.00980732979981 0.0228093834791 0.0109110351458 0.0242356297444 0.0169623352022 -0.0225067651856 0.0142462676646 0.0163176406894 0.0406332977729 0.037465794008 0.0156897008917 
0.00618736658231 -0.00226524671721 0.0284760256742 0.0306327944692 0.0113782747156 0.0100109547561 0.0242419391617 -0.00317924365188 0.19610600956 0.00932529991327 0.00838688755024 -0.0344289065945 0.0156885749955 0.00758089009241 0.0387104612348 0.0100607732163 0.0170165418527 0.0246793507851 0.0105072165974 0.0224041140535 -0.00180880265858 0.0101196808106 0.00908223133373 0.0253771739483 -0.00199606325746 -0.00548552347771 0.0066595869787 -0.00184014658016 -0.00498300829707 0.0105409466235 
0.00537423763202 0.00384822912475 0.0943481403531 0.041019131377 0.034372777578 0.0265164159887 0.0523954793899 0.0254808234423 0.00932529991327 0.291486731197 0.0290308398799 0.0106351557164 0.0268577729083 0.0148787634157 0.0157851755976 0.0293124975156 0.038852148487 0.013257320536 0.0260917721019 0.0212023098521 0.00516416667174 0.0341932068463 -0.000465068200294 0.0186388203384 -0.0119655071893 0.0238378839996 0.0244755231691 0.0244359971871 0.0362592608386 0.0116622411278 
0.0241219267402 0.0113375439532 0.00120295072634 0.0183538869807 0.0152076217848 -0.0154300021277 0.0196622748619 0.0171930450248 0.00838688755024 0.0290308398799 0.142482159623 0.0022223117072 0.00658910297091 0.00897765513672 0.00591599480848 0.0188053393872 0.00530736312054 0.0189226956511 0.00969149961462 0.020009355152 0.0290905544187 0.00457962853294 0.0131806404097 0.0247205081387 -0.00565670461521 0.0131344944684 0.0203687167528 0.0103670821071 0.0107950056026 0.00227072692417 
-0.00676198087422 -0.00268937482654 -0.000854153139097 0.0114989937414 0.0234926999364 0.0357604437882 -0.0013746247855 -0.00581459966596 -0.0344289065945 0.0106351557164 0.0022223117072 1.25585863064 0.00920305476375 -0.00293693873256 0.035935023955 0.0101961085289 0.0164754529871 0.0125117990213 -0.0141301316905 0.0129726577705 0.0247831873133 0.0655164818238 -0.0296594578034 0.117050950902 -0.0420436102396 0.00481427873706 0.0282345197626 -0.000506200697605 0.0150754042212 0.0024087546997 
-0.00266393465119 0.0133759215139 0.0302385129086 0.00939908804569 0.0229256108995 0.0187913938819 0.00544175903864 0.0055838807508 0.0156885749955 0.0268577729083 0.0065891029709 0.00920305476375 0.170092185898 0.022105220065 0.0244473277807 0.0417206400192 0.0131020655978 0.0138279935329 0.0206868883165 0.0209955498944 0.00243316140737 0.0205955279426 0.0407651709191 0.0233938927362 0.0347362724187 -0.00309991145344 0.0197556334825 0.0206184663771 0.0246988186195 0.0512492387747 
0.012396563313 -0.00422270609037 0.0347196619743 0.0150317808579 0.0190558661723 0.0196155881763 0.0315394435471 -0.00451333904141 0.00758089009241 0.0148787634157 0.00897765513672 -0.00293693873256 0.022105220065 0.274121608952 0.06142921506 0.0198357005082 0.0206454597361 0.0157358323351 0.00751731204962 0.022325350439 0.00207847876164 0.013921333009 0.0214314107329 0.0613250641062 0.0192614773809 0.0104771585186 0.00832599759116 0.0329417239149 0.0221648007443 0.053015937712 
0.0306165640042 0.0238590084659 0.0275893445067 0.0203130203269 0.00187309675279 0.0224920309696 0.0226085083342 0.0550531263889 0.0387104612348 0.0157851755976 0.00591599480848 0.035935023955 0.0244473277807 0.06142921506 0.376518271109 -0.00612068694654 0.0143840545555 0.0450604038472 0.0179213919832 0.0484068087863 0.0264971343696 0.0115832658068 0.0165981336364 0.012374708122 0.0133472534644 0.00316132202103 0.0309933836399 0.0238302327342 0.0685120764735 0.0125911218142 
0.028613754938 0.00533437070354 0.0231534638851 0.0122404106301 0.0309051042304 0.0528207969608 0.0258921112869 0.0202497948221 0.0100607732164 0.0293124975156 0.0188053393872 0.0101961085289 0.0417206400192 0.0198357005082 -0.00612068694654 0.20703935083 0.0286620206068 -0.0196173926599 0.00372824091749 0.0402630876212 0.00340897216609 0.0197671454839 0.0583048626047 0.0421805326584 0.0079615059319 0.00816306120997 0.0105216496664 0.022879570457 0.0132693584212 0.0395809143173 
0.0122901072147 -0.00687926761888 0.0384755406008 0.0300797308957 0.0279389456648 0.0847992961633 0.0131033282037 -0.00874145404393 0.0170165418527 0.038852148487 0.00530736312054 0.0164754529871 0.0131020655978 0.0206454597361 0.0143840545555 0.0286620206068 0.622456161466 -0.0112262492736 0.014636420308 0.0147189689154 0.000140684107065 0.0544043475561 0.00147784545425 0.0161744159551 0.000105502135745 -0.00913927306275 0.00147654284884 -0.0167087723292 0.0323647172843 0.0261901158704 
0.0253188450048 0.0226160510776 0.0204268843411 0.0137222296086 0.027486414183 -0.0309707138367 0.0160597507232 0.0419111565359 0.0246793507851 0.013257320536 0.0189226956511 0.0125117990213 0.0138279935329 0.0157358323351 0.0450604038472 -0.0196173926599 -0.0112262492736 0.335614989902 0.0165498776698 -0.00381277576866 0.00330662721627 0.00489188218409 0.0111007902432 0.0413640887409 0.000775983830454 0.00839651616727 0.0173946985505 0.0157288296969 0.0188940287824 0.000242321431757 
0.0352484177263 0.00401566680837 0.0163790557458 0.00854986900305 0.0124638533922 0.00140377133874 0.0093288895744 0.0222249780853 0.0105072165974 0.0260917721019 0.00969149961462 -0.0141301316905 0.0206868883165 0.00751731204962 0.0179213919832 0.00372824091749 0.014636420308 0.0165498776698 0.226705160285 0.0348875279271 0.0081143850949 -0.000475027838397 0.0403895681115 0.0350775935993 -0.00788884295873 0.013598514399 0.0166166651205 0.0222438577018 0.0195227640858 -0.00757645057776 
0.114750047499 -0.00340434891802 0.0350184095693 0.031896598997 0.0152738430536 0.0509251854807 0.0223733141295 0.00980732979981 0.0224041140535 0.0212023098521 0.020009355152 0.0129726577705 0.0209955498944 0.022325350439 0.0484068087863 0.0402630876212 0.0147189689154 -0.00381277576865 0.0348875279271 0.454949231854 0.0433808725142 0.0193719291699 0.008948684854 0.0472615256087 -0.000593412920192 -0.00944764322957 0.0291962987427 0.0337037883455 0.0221684634783 -0.00643505932417 
0.035226684977 0.0152597059505 0.0067254193813 0.0124591441843 0.0179394428611 0.0255602908737 0.0192641958508 0.0228093834791 -0.00180880265858 0.00516416667174 0.0290905544187 0.0247831873133 0.00243316140736 0.00207847876164 0.0264971343696 0.00340897216609 0.000140684107065 0.00330662721627 0.0081143850949 0.0433808725142 0.245845158635 0.00246608854357 0.0136308201992 0.0120943571464 -0.00988807024247 0.0178401212097 0.0075757144723 0.000171301806442 0.0237414290543 0.00203218685352 
0.0195211438591 -0.00171287314994 0.00785162690267 0.0241574693193 0.0343976599451 0.0171799546436 0.0305775142464 0.0109110351458 0.0101196808106 0.0341932068463 0.00457962853295 0.0655164818238 0.0205955279426 0.013921333009 0.0115832658068 0.0197671454839 0.0544043475561 0.0048918821841 -0.0004750278384 0.0193719291699 0.00246608854357 0.211080197516 -0.000989230398687 0.0251728364185 -0.0197988055589 0.0157005050794 0.0210245021517 0.0107956190953 0.00365112428245 -0.00612061001212 
0.0177296891955 0.0277705124087 0.011802086901 0.00389618096304 0.00913841006814 0.0272314248472 0.0159128879567 0.0242356297444 0.00908223133373 -0.000465068200294 0.0131806404097 -0.0296594578034 0.0407651709191 0.0214314107329 0.0165981336365 0.0583048626047 0.00147784545425 0.0111007902432 0.0403895681115 0.008948684854 0.0136308201992 -0.000989230398693 0.23251459337 0.0236059013656 0.00220655714515 0.00729313047533 0.0213684246815 0.0110819082464 0.00994972607725 0.0436728304462 
0.014744880814 -0.0182866453389 0.0259705021011 0.0433168559415 0.0387746949485 0.0249415762651 0.0235889210049 0.0169623352022 0.0253771739483 0.0186388203384 0.0247205081387 0.117050950902 0.0233938927362 0.0613250641062 0.012374708122 0.0421805326584 0.0161744159551 0.0413640887409 0.0350775935993 0.0472615256087 0.0120943571464 0.0251728364185 0.0236059013656 0.32187624138 -0.0312304016328 0.00800259307381 0.0503757560836 0.0239683327566 0.00118953895399 0.0261568942895 
0.0345317108209 -0.0202268010203 -0.00184571092625 -0.00302693035499 -0.00517351292338 0.0315289005799 0.00111312857255 -0.0225067651856 -0.00199606325746 -0.0119655071893 -0.00565670461521 -0.0420436102396 0.0347362724187 0.0192614773809 0.0133472534644 0.0079615059319 0.000105502135745 0.000775983830453 -0.00788884295874 -0.000593412920192 -0.00988807024247 -0.0197988055589 0.00220655714515 -0.0312304016328 2.71811121318 -0.00118867574065 -0.0695786387484 -0.00998092445076 0.0439159709023 0.0240708757686 
0.0221649306866 0.0304739384863 0.00920975356967 0.0140894149234 -0.00129690356087 0.00165463378745 0.00912825380199 0.0142462676646 -0.00548552347771 0.0238378839996 0.0131344944684 0.00481427873706 -0.00309991145344 0.0104771585186 0.00316132202103 0.00816306120997 -0.00913927306275 0.00839651616727 0.013598514399 -0.00944764322957 0.0178401212097 0.0157005050794 0.00729313047533 0.00800259307381 -0.00118867574065 0.182760731591 0.00733732470342 0.012863435553 0.00618270092901 0.0209114946376 
0.0145806826466 0.0135815001682 0.00674464495537 0.0162829034915 0.0062115228439 0.00763952562912 0.00854117010397 0.0163176406894 0.0066595869787 0.0244755231691 0.0203687167528 0.0282345197626 0.0197556334825 0.00832599759116 0.0309933836399 0.0105216496664 0.00147654284884 0.0173946985505 0.0166166651205 0.0291962987427 0.00757571447229 0.0210245021517 0.0213684246815 0.0503757560836 -0.0695786387484 0.00733732470342 0.283511716493 0.0161019522359 0.024328837432 0.000570171089263 
0.0281325076371 0.0122244555368 -0.0154559388997 -0.00331350348374 0.0236812534246 0.0264376463869 0.0205062595922 0.0406332977729 -0.00184014658015 0.0244359971871 0.0103670821071 -0.000506200697605 0.0206184663771 0.0329417239149 0.0238302327342 0.022879570457 -0.0167087723292 0.0157288296969 0.0222438577018 0.0337037883455 0.000171301806442 0.0107956190953 0.0110819082464 0.0239683327566 -0.00998092445076 0.012863435553 0.0161019522359 0.30782652939 -0.00899859072891 0.0147669795918 
0.0311722700702 -0.0050356246129 0.0215073259911 0.00579533259704 0.0173226989182 0.04152799995 0.00988413825168 0.037465794008 -0.00498300829707 0.0362592608386 0.0107950056026 0.0150754042212 0.0246988186195 0.0221648007443 0.0685120764735 0.0132693584212 0.0323647172843 0.0188940287824 0.0195227640858 0.0221684634783 0.0237414290543 0.00365112428246 0.00994972607725 0.00118953895399 0.0439159709023 0.00618270092902 0.024328837432 -0.00899859072891 0.328866864404 0.020575046793 
0.0173777970605 0.0138104422269 -0.00580676343338 -0.0165757259139 0.000781155993976 0.202345181067 0.00909035061829 0.0156897008917 0.0105409466235 0.0116622411278 0.00227072692418 0.0024087546997 0.0512492387747 0.053015937712 0.0125911218142 0.0395809143173 0.0261901158704 0.000242321431758 -0.00757645057775 -0.00643505932417 0.00203218685352 -0.00612061001212 0.0436728304462 0.0261568942895 0.0240708757686 0.0209114946376 0.000570171089263 0.0147669795918 0.020575046793 0.419962448328 
0.022732231116 0.00196603114749 0.00216376285619 0.00223733001762 0.00100794519307 0.00185802677116 0.001010212734 7.660794684e-06 0.000535841664281 0.00046542263153 0.00208902013452 -0.000585604721698 -0.000230703508196 0.00107357387486 0.00265147222042 0.0024780238674 0.00106435450631 0.00219267629686 0.00305260251942 0.00993764562197 0.00305072040812 0.00169058064929 0.00153543612445 0.00127694413607 0.00299053388071 0.00191953930477 0.00126272415765 0.00243634662859 0.00269959777745 0.00150496137162 
0.00196603114749 0.0288687507323 -0.00162013707865 0.00086642902275 0.00066337900249 -0.000863647731617 -0.00110063336512 -0.000609483430247 -0.000196176120294 0.000333266418162 0.000981860107997 -0.000232906692008 0.00115838878301 -0.000365697074698 0.00206625074405 0.000461970054247 -0.000595762051738 0.00195860747665 0.000347766946918 -0.000294825264635 0.00132152930074 -0.00014833916613 0.0024049969222 -0.00158366994135 -0.00175169235209 0.00263912048825 0.00117619241672 0.00105866890423 -0.000436097883869 0.0011960193806 
0.00216376285619 -0.00162013707865 0.0188882439679 0.00517813040224 0.00345911763712 0.000926135265207 0.00453279335229 0.0011635663322 0.00246609616326 0.00817078863456 0.000104178588851 -7.39718317181e-05 0.00261873203515 0.00300681092805 0.00238930732165 0.00200514879101 0.00333207955847 0.00176902007596 0.00141846783658 0.00303268322871 0.00058243840353 0.000679970835874 0.0010220907074 0.00224911145686 -0.000159843255018 0.000797588055393 0.000584103387086 -0.00133852357265 0.00186258906758 -0.000502880464707 
0.00223733001762 0.00086642902275 0.00517813040224 0.0129412729797 0.00281002140426 0.000862576185409 0.00212362303748 -0.00190941665757 0.00265287781992 0.00355236098136 0.00158949323835 0.000995842069799 0.000813984901996 0.00130179040871 0.00175915916307 0.00106005065584 0.00260498110946 0.00118837994376 0.000740440375568 0.00276232650257 0.0010789935373 0.00209209821217 0.000337419169173 0.00375134976574 -0.000262139858291 0.00122017912481 0.0014101408071 -0.000286957819244 0.000501890525242 -0.00143549997276 
0.00100794519307 0.000663379002489 0.00345911763712 0.00281002140427 0.0113490192295 0.000276430436492 0.00105999679463 -0.000265524391544 0.000985387495498 0.00297676985812 0.00131701867968 0.00203452749484 0.00198541614363 0.00165028641963 0.000162214937167 0.00267646053701 0.00241958367007 0.00238039329414 0.00107940136667 0.00132275360978 0.00155360132475 0.00297892473432 0.000791409526921 0.00335798708494 -0.000448039361846 -0.000112315142997 0.000537933657901 0.00205085670591 0.00150018973253 6.76500935101e-05 
0.00185802677116 -0.000863647731617 0.000926135265207 0.000862576185409 0.000276430436492 0.05375593004 0.00083210536436 0.00170690156282 0.000866974113491 0.00229638898635 -0.0013362773823 0.00309694527711 0.00162738244743 0.00169875976709 0.00194786702024 0.00457441520162 0.00734383447004 -0.00268214249559 0.000121570164045 0.00441025043187 0.00221358612247 0.00148782771572 0.00235831056989 0.0021600038656 0.00273048288556 0.000143295489389 0.000661602326768 0.00228956733874 0.00359643029251 0.0175236067137 
0.001010212734 -0.00110063336512 0.00453279335229 0.00212362303748 0.00105999679463 0.00083210536436 0.0178119736214 0.00129203048918 0.0020994135151 0.00453758161951 0.00170280295266 -0.000119045998491 0.000471270156874 0.00273139593331 0.00195795425591 0.00224232261321 0.00113478150986 0.00139081521047 0.000807905536054 0.0019375858403 0.00166832829903 0.0026480904122 0.00137809652181 0.00204286048381 9.63997621503e-05 0.000790529968472 0.000739687028808 0.00177589417434 0.000855991482047 0.000787247456475 
7.66079468395e-06 -0.000609483430247 0.0011635663322 -0.00190941665757 -0.000265524391544 0.00170690156282 0.00129203048918 0.0428600950874 -0.000275330576735 0.00220670404104 0.00148896137599 -0.000503559102356 0.00048357825819 -0.000390866626575 0.00476774060105 0.00175368367373 -0.000757032126806 0.00362961262621 0.00192473956204 0.000849339674993 0.00197535055376 0.000944923361781 0.00209886710353 0.00146898131926 -0.00194914304077 0.00123376297067 0.00141314913669 0.00351894681108 0.00324463293839 0.001358767955 
0.00053584166428 -0.000196176120294 0.00246609616326 0.00265287781992 0.000985387495498 0.000866974113491 0.0020994135151 -0.000275330576735 0.0169832786114 0.00080759466228 0.000726325767719 -0.00298163077354 0.00135867044953 0.000656524340333 0.00335242428215 0.000871288518707 0.0014736757529 0.00213729447288 0.000909951649645 0.00194025319196 -0.000156646905276 0.00087639006602 0.000786544305806 0.00219772773155 -0.000172864148852 -0.000475060268475 0.000576737150226 -0.00015936136851 -0.000431541177253 0.000912872755591 
0.00046542263153 0.000333266418162 0.00817078863456 0.00355236098136 0.00297676985811 0.00229638898635 0.00453758161951 0.00220670404104 0.00080759466228 0.0252434914082 0.00251414448292 0.000921031502357 0.00232595136277 0.00128853870949 0.00136703630707 0.00253853674969 0.00336469475814 0.00114811763703 0.002259613747 0.00183617389508 0.00044722995271 0.00296121857657 -4.02760875947e-05 0.00161416919096 -0.00103624331951 0.00206442131161 0.00211964248354 0.00211621943308 0.00314014410087 0.00100997970817 
0.00208902013452 0.000981860107997 0.000104178588851 0.00158949323835 0.00131701867968 -0.0013362773823 0.00170280295266 0.00148896137599 0.000726325767719 0.00251414448292 0.0123393169819 0.000192457839356 0.000570633056096 0.000777487741481 0.00051234017928 0.00162859016361 0.000459631128949 0.00163875351419 0.000839308486703 0.0017328609875 0.00251931591367 0.000396607464942 0.00114147694329 0.00214085880426 -0.000489884989848 0.00113748058755 0.00176398261504 0.00089781564679 0.000934874908587 0.000196650720139 
-0.000585604721698 -0.000232906692008 -7.39718317181e-05 0.000995842069799 0.00203452749484 0.00309694527711 -0.000119045998491 -0.000503559102356 -0.00298163077354 0.000921031502357 0.000192457839356 0.10876054777 0.000797007921782 -0.000254346355176 0.00311206436306 0.000883008900576 0.00142681608257 0.00108355357994 -0.00122370530028 0.00112346511839 0.00214628698 0.0056738937626 -0.00256858439202 0.0101369097018 -0.00364108345343 0.000416928768719 0.0024451811378 -4.38382663539e-05 0.00130556830279 0.000208604276142 
-0.000230703508196 0.00115838878301 0.00261873203515 0.000813984901997 0.00198541614363 0.00162738244743 0.000471270156873 0.00048357825819 0.00135867044953 0.00232595136277 0.000570633056095 0.000797007921782 0.0147304153973 0.00191436821325 0.00211720069128 0.00361311341187 0.00113467216498 0.00119753936828 0.00179153708073 0.0018182679575 0.000210717959029 0.00178362504027 0.00353036736056 0.00202597054029 0.00300824943474 -0.000268460206816 0.00171088804637 0.00178561156697 0.0021389804368 0.00443831427035 
0.00107357387486 -0.000365697074698 0.00300681092805 0.00130179040871 0.00165028641963 0.00169875976709 0.00273139593331 -0.000390866626575 0.000656524340333 0.00128853870949 0.000777487741481 -0.000254346355176 0.00191436821325 0.0237396277079 0.00531992607765 0.0017178220542 0.00178794926042 0.00136276305519 0.000651018320314 0.00193343206286 0.00018000154088 0.00120562280403 0.00185601461336 0.00531090634047 0.00166809287262 0.000907348543657 0.00072105254258 0.00285283697547 0.00191952805144 0.00459131488641 
0.00265147222042 0.00206625074405 0.00238930732165 0.00175915916307 0.000162214937167 0.00194786702024 0.00195795425591 0.00476774060105 0.00335242428215 0.00136703630707 0.00051234017928 0.00311206436306 0.00211720069128 0.00531992607765 0.0326074387769 -0.000530067038432 0.00124569566545 0.00390234544364 0.00155203807286 0.00419215261251 0.00229471914916 0.00100314024475 0.00143744053846 0.00107168115981 0.0011559060571 0.000273778517975 0.00268410575814 0.00206375869259 0.00593331986921 0.00109042313533 
0.0024780238674 0.000461970054247 0.00200514879101 0.00106005065584 0.00267646053701 0.00457441520162 0.00224232261321 0.00175368367373 0.000871288518707 0.00253853674969 0.00162859016361 0.000883008900576 0.00361311341187 0.0017178220542 -0.000530067038432 0.0179301337402 0.00248220379693 -0.00169891603995 0.000322875134598 0.00348688567148 0.000295225649663 0.00171188501494 0.00504934921799 0.00365294128274 0.00068948663894 0.000706941838048 0.000911201590086 0.00198142892434 0.00114916014847 0.00342780773038 
0.00106435450631 -0.000595762051738 0.00333207955847 0.00260498110946 0.00241958367007 0.00734383447004 0.00113478150986 -0.000757032126806 0.0014736757529 0.00336469475814 0.000459631128949 0.00142681608257 0.00113467216498 0.00178794926042 0.00124569566545 0.00248220379693 0.0539062848572 -0.000972221706018 0.00126755118072 0.00127470009982 1.21836010627e-05 0.00471155470599 0.000127985170625 0.00140074551085 9.13675297086e-06 -0.000791484264447 0.000127872361687 -0.00144702213031 0.00280286673545 0.00226813056719 
0.00219267629686 0.00195860747665 0.00176902007596 0.00118837994376 0.00238039329414 -0.00268214249559 0.00139081521047 0.00362961262621 0.00213729447288 0.00114811763703 0.0016387535142 0.00108355357994 0.00119753936828 0.00136276305519 0.00390234544364 -0.00169891603995 -0.000972221706018 0.0290651107146 0.00143326144916 -0.000330196067459 0.000286362317013 0.000423649424375 0.000961356635271 0.0035822351654 6.72021710099e-05 0.000727159630414 0.00150642508359 0.00136215660893 0.00163627089054 2.09856515783e-05 
0.00305260251942 0.000347766946918 0.00141846783658 0.000740440375567 0.00107940136667 0.000121570164045 0.000807905536053 0.00192473956204 0.000909951649644 0.002259613747 0.000839308486703 -0.00122370530028 0.00179153708073 0.000651018320315 0.00155203807286 0.000322875134598 0.00126755118072 0.00143326144916 0.0196332427976 0.00302134854601 0.000702726362827 -4.11386175556e-05 0.00349783920325 0.00303780871607 -0.000683193840873 0.00117766589233 0.00143904541206 0.00192637458479 0.00169072096504 -0.000656139867085 
0.00993764562197 -0.000294825264635 0.00303268322871 0.00276232650257 0.00132275360978 0.00441025043187 0.0019375858403 0.000849339674993 0.00194025319196 0.00183617389508 0.0017328609875 0.00112346511839 0.0018182679575 0.00193343206286 0.00419215261251 0.00348688567148 0.00127470009982 -0.000330196067459 0.00302134854601 0.0393997592218 0.00375689376356 0.00167765827814 0.000774978841403 0.00409296817988 -5.1391066382e-05 -0.00081818990427 0.00252847364077 0.00291883369109 0.00191984525351 -0.000557292484959 
0.00305072040812 0.00132152930074 0.000582438403531 0.0010789935373 0.00155360132475 0.00221358612247 0.00166832829903 0.00197535055376 -0.000156646905276 0.00044722995271 0.00251931591367 0.00214628698 0.000210717959029 0.00018000154088 0.00229471914916 0.000295225649663 1.21836010627e-05 0.000286362317013 0.000702726362827 0.00375689376356 0.0212908152775 0.000213569532672 0.00118046365669 0.00104740205312 -0.000856332002438 0.00154499981742 0.000656076118483 1.48351716093e-05 0.00205606806832 0.000175992544038 
0.00169058064929 -0.00014833916613 0.000679970835875 0.00209209821217 0.00297892473432 0.00148782771572 0.0026480904122 0.000944923361781 0.000876390066019 0.00296121857657 0.000396607464943 0.0056738937626 0.00178362504027 0.00120562280403 0.00100314024475 0.00171188501494 0.00471155470599 0.000423649424375 -4.11386175559e-05 0.00167765827814 0.000213569532672 0.0182800813285 -8.56698655459e-05 0.00218003158237 -0.00171462685786 0.0013597036251 0.00182077529653 0.000934928038612 0.000316196638098 -0.000530060375716 
0.00153543612445 0.0024049969222 0.0010220907074 0.000337419169173 0.000791409526921 0.00235831056989 0.00137809652181 0.00209886710353 0.000786544305806 -4.02760875947e-05 0.00114147694329 -0.00256858439202 0.00353036736056 0.00185601461336 0.00143744053846 0.00504934921799 0.000127985170625 0.000961356635271 0.00349783920325 0.000774978841403 0.00118046365669 -8.56698655464e-05 0.0201363544609 0.00204433102618 0.00019109345426 0.000631603626475 0.0018505598613 0.000959721406378 0.000861671554359 0.00378217806216 
0.00127694413607 -0.00158366994135 0.00224911145686 0.00375134976574 0.00335798708494 0.0021600038656 0.00204286048381 0.00146898131926 0.00219772773155 0.00161416919096 0.00214085880426 0.0101369097018 0.0020259705403 0.00531090634047 0.00107168115981 0.00365294128274 0.00140074551085 0.0035822351654 0.00303780871607 0.00409296817988 0.00104740205312 0.00218003158238 0.00204433102618 0.027875300191 -0.00270463211844 0.000693044889807 0.00436266845032 0.00207571850536 0.000103017095295 0.00226525349388 
0.00299053388071 -0.00175169235209 -0.000159843255018 -0.000262139858291 -0.000448039361846 0.00273048288556 9.63997621503e-05 -0.00194914304077 -0.000172864148852 -0.00103624331951 -0.000489884989848 -0.00364108345343 0.00300824943474 0.00166809287262 0.0011559060571 0.00068948663894 9.13675297086e-06 6.72021710099e-05 -0.000683193840873 -5.1391066382e-05 -0.000856332002438 -0.00171462685786 0.00019109345426 -0.00270463211844 0.235395336093 -0.000102942338826 -0.00602568687168 -0.000864373412761 0.00380323464333 0.00208459899069 
0.00191953930477 0.00263912048825 0.000797588055393 0.00122017912482 -0.000112315142997 0.000143295489389 0.000790529968472 0.00123376297067 -0.000475060268475 0.00206442131161 0.00113748058755 0.000416928768719 -0.000268460206816 0.000907348543657 0.000273778517975 0.000706941838048 -0.000791484264447 0.000727159630414 0.00117766589233 -0.00081818990427 0.00154499981742 0.0013597036251 0.000631603626475 0.000693044889807 -0.000102942338826 0.0158275436372 0.000635430958898 0.00111400619688 0.000535437606853 0.00181098855872 
0.00126272415765 0.00117619241672 0.000584103387086 0.0014101408071 0.000537933657901 0.000661602326768 0.000739687028809 0.00141314913669 0.000576737150227 0.00211964248354 0.00176398261504 0.0024451811378 0.00171088804637 0.000721052542579 0.00268410575814 0.000911201590086 0.000127872361687 0.00150642508359 0.00143904541206 0.00252847364077 0.000656076118482 0.00182077529653 0.0018505598613 0.00436266845032 -0.00602568687168 0.000635430958898 0.0245528348754 0.00139446996868 0.00210693912606 4.93782647805e-05 
0.00243634662859 0.00105866890423 -0.00133852357265 -0.000286957819245 0.00205085670591 0.00228956733874 0.00177589417434 0.00351894681108 -0.00015936136851 0.00211621943308 0.00089781564679 -4.38382663539e-05 0.00178561156697 0.00285283697547 0.00206375869259 0.00198142892434 -0.00144702213031 0.00136215660893 0.00192637458479 0.00291883369109 1.48351716093e-05 0.000934928038612 0.000959721406378 0.00207571850536 -0.000864373412761 0.00111400619688 0.00139446996868 0.026658559441 -0.000779300816949 0.00127885794637 
0.00269959777745 -0.000436097883869 0.00186258906758 0.000501890525242 0.00150018973253 0.00359643029251 0.000855991482047 0.00324463293839 -0.000431541177253 0.00314014410087 0.000934874908587 0.00130556830279 0.0021389804368 0.00191952805144 0.00593331986921 0.00114916014847 0.00280286673545 0.00163627089054 0.00169072096504 0.00191984525351 0.00205606806832 0.000316196638098 0.000861671554359 0.000103017095295 0.00380323464333 0.000535437606853 0.00210693912606 -0.000779300816949 0.0284807059037 0.00178185132068 
0.00150496137162 0.0011960193806 -0.000502880464707 -0.00143549997276 6.76500935102e-05 0.0175236067137 0.000787247456474 0.001358767955 0.000912872755591 0.00100997970817 0.000196650720139 0.000208604276142 0.00443831427035 0.00459131488641 0.00109042313533 0.00342780773038 0.00226813056719 2.09856515784e-05 -0.000656139867085 -0.000557292484959 0.000175992544039 -0.000530060375715 0.00378217806216 0.00226525349388 0.00208459899069 0.00181098855872 4.93782647805e-05 0.00127885794637 0.00178185132068 0.0363698148888 

['ROK', 'NCR', 'WM', 'BK', 'BAC', 'SUN', 'LNC', 'LU', 'SLM', 'GDW', 'HNZ', 'CSC', 'DUK', 'BLL', 'CMI', 'NI', 'DJ', 'YUM', 'FO', 'FSL.B', 'CCE', 'MET', 'CMS', 'EMN', 'PTV', 'IBM', 'SHW', 'EMC', 'BMET', 'DVN']