30
0.0623269012124 0.0309991269713 0.171628318037 0.0292815331214 0.121962687623 0.082081594572 0.0541634245192 0.0905877796438 0.0825599502725 0.0214629747746 0.0917148498368 0.0307338128464 0.149701567326 0.0176756211385 0.0594362545722 0.0230030392576 0.0367129888202 0.0101927526284 0.00154943769328 -0.00953493093171 0.0479071153807 0.11775000089 0.022553065058 0.0609589558998 0.190895055806 0.070293401022 0.0270606760034 0.0493961611292 0.0408960175479 0.0950879331279 
0.259778644018 0.00756540275167 0.0218142670279 0.0371300533906 0.0368179611352 0.0184454171862 0.0238638445751 0.00970846415974 0.0358476167921 0.0241030301136 0.0356196768441 0.0102733092373 0.0165532849931 0.0396443694988 0.0398760824956 0.057546978615 0.0219893750374 0.0331327555128 0.0183292460675 0.0261108197505 0.00251494443213 0.0174957613245 0.0118849845308 0.0383590777936 0.0352272932706 0.0161786403271 0.0181084450912 0.0107647450277 0.0102866724748 0.0393166205158 
0.00756540275167 0.484347638852 0.0040902818759 -0.00188672329996 -0.0129496342558 0.0108658021738 0.047621081137 0.00580395396442 0.0153756618687 0.00797623672164 0.00618304914531 0.0165862867839 0.00434230688507 -0.00356065967544 0.0295541962598 0.007115181449 0.0062187964437 0.0360161484711 0.015407789723 0.0243527296766 0.00466675887071 0.0410744967093 0.001569332109 0.0193955115787 0.0228913263251 0.0396236934106 0.00577832698663 0.00924182873489 0.0176410476397 0.0151470195758 
0.021814267028 0.0040902818759 0.264086647085 0.0159275900023 0.023279229326 0.0380832164908 0.0136607809944 0.0188635205694 0.0287473625803 0.0187736139161 0.0159148291682 0.0334161204698 0.00237910537131 0.0245268156847 0.0100563823897 0.0135532095918 0.036706004328 0.0172760274149 0.0107878250366 0.0184719165719 0.0266199245754 0.10708337548 -0.00942944646104 0.0127020124357 0.0212939628914 0.0173100918517 0.0149002677812 0.0418208054828 0.00992512906876 0.0173562888064 
0.0371300533906 -0.00188672329996 0.0159275900023 0.153322301399 0.00643338333789 0.0145436495114 -0.00712264537895 0.019338782187 0.00382615573874 0.0105458618428 0.0247048553157 0.00274280527621 0.0101617180536 0.0253813620428 0.0145414343712 0.0262588542918 0.014878713305 0.0260810871563 -0.000671682157521 0.0269592078456 0.0131379292551 0.0262652348439 0.0470327788565 0.00885145276355 0.020872903322 0.000729541764144 0.00139714812987 0.0185986532848 0.0203805878242 0.0396196967587 
0.0368179611352 -0.0129496342558 0.023279229326 0.00643338333789 0.446531361439 0.0262066655276 -0.0184206071007 0.024682002651 -0.00534919118776 0.0403397570431 0.0219064208595 0.015764638706 0.00453694207465 0.0190316047197 0.0355007006601 0.00900328991449 0.00818358782925 0.0154175533584 0.0253854291273 -0.0171224953209 0.0455871650817 0.0380795427826 -0.0164670986164 0.00442907646255 0.0587000616367 0.0320537816828 0.0847835628754 0.00939979199382 0.0323621401416 0.0296780531617 
0.0184454171862 0.0108658021738 0.0380832164908 0.0145436495114 0.0262066655276 0.269588663268 0.0170666035868 0.0585059011365 0.00800395471441 0.0168859110556 0.0446130908104 0.0200383293701 0.0350606822216 0.0148597963728 0.0677464266987 -0.00319139978954 0.0306697522958 0.0257213912328 0.0243629443762 0.0190951835154 0.00658192423064 0.0287276124589 0.0117205241628 0.0491515842762 0.044380286096 0.0387515773917 0.0337991074361 -0.00481247017618 0.0237183308351 0.0240904680102 
0.0238638445751 0.047621081137 0.0136607809944 -0.00712264537895 -0.0184206071007 0.0170666035868 0.315091616863 0.00704286000575 0.0041839682545 -0.0113863940423 0.0191413508359 0.0459773164128 0.00995030305767 0.0180767774299 0.00299629414653 0.019846007001 0.014615433414 0.00303196451079 0.0130417648394 0.015010931227 0.0134478361946 0.00828670194334 0.010955873004 0.0118186371703 0.00283112114853 -0.005256441739 0.00223624748587 0.0132053632284 0.0221310965358 0.0255060291894 
0.00970846415975 0.00580395396442 0.0188635205694 0.019338782187 0.024682002651 0.0585059011365 0.00704286000575 0.444448876792 0.0439056231907 0.0091247157271 0.0393530436727 0.0119308451472 0.0613858785893 0.0212271623483 0.0433033151339 0.012038989248 0.0482700613226 0.00693631289816 0.00899099702991 0.0200971996959 -0.00216742656071 0.00560162622108 0.014559385452 0.0153481871758 0.00391195897063 0.0138352645058 0.0263611196081 0.0150883329824 0.0213094509914 0.0248379249444 
0.0358476167921 0.0153756618687 0.0287473625803 0.00382615573874 -0.00534919118776 0.00800395471441 0.0041839682545 0.0439056231907 0.367995034507 -0.00307962942259 0.0355123782701 0.0232576378575 0.00295123393353 -0.00628957222025 0.0172798723083 0.0181396227473 0.048820607975 0.004407074764 0.0204594460136 0.0172831102723 0.00702363061554 0.0296426467309 0.0328777956857 0.0115220706683 -0.00706627038149 0.0444309331264 -0.00543419684112 0.00280394274292 -0.00816884587897 0.0277309757541 
0.0241030301136 0.00797623672164 0.0187736139161 0.0105458618428 0.0403397570431 0.0168859110556 -0.0113863940423 0.0091247157271 -0.00307962942259 0.170749928742 0.0217039271599 0.0139089812233 0.00447165017718 0.00327222390502 0.00856612042747 0.0209062891207 0.0142736169302 0.0127014396697 0.00305075387981 0.0182612108212 0.00632817200488 0.03374931532 0.00555505550224 -0.00215308216862 0.0334334973793 0.00256115033542 0.0289004168428 0.00659767736372 0.0233820035113 0.0125617233862 
0.0356196768441 0.00618304914531 0.0159148291682 0.0247048553157 0.0219064208595 0.0446130908104 0.0191413508359 0.0393530436727 0.0355123782701 0.0217039271599 0.1857287394 0.0190650758956 0.0194635553156 0.0179131153999 0.0343907525975 0.0258117328128 0.016402301641 0.0309799917459 0.0237941175668 0.0154029803009 0.0209414134406 0.0571170150559 0.00883991852173 0.0160820339326 0.0252253983716 0.0278999246805 0.0219514512264 0.0187271821018 0.0143258379282 0.0460110182181 
0.0102733092373 0.0165862867839 0.0334161204698 0.00274280527621 0.015764638706 0.0200383293701 0.0459773164128 0.0119308451472 0.0232576378575 0.0139089812233 0.0190650758956 0.168512371594 0.0163148723052 0.00357980737622 0.0115560252289 0.0171031492045 0.0242546261164 0.00305578082704 0.00858944612728 0.00990298215144 0.0287792818187 0.0388156288221 -0.00777231588567 0.0104746294835 0.00938302217608 0.0174661633394 0.0101568342417 0.0164727792241 0.0179228047392 0.0182638761213 
0.0165532849931 0.00434230688507 0.00237910537131 0.0101617180536 0.00453694207465 0.0350606822216 0.00995030305767 0.0613858785893 0.00295123393353 0.00447165017718 0.0194635553156 0.0163148723052 0.482141600273 0.0200213467893 0.0294636055681 0.00961707825674 0.00459593415028 0.00667721066899 -0.0114416305601 -0.00981329563791 0.0159474292359 0.0134660018737 -0.016473620845 0.0220703205872 0.0210749701876 0.0171671590865 0.0634201835097 0.0135964499209 0.0150619639837 0.0163627899537 
0.0396443694988 -0.00356065967544 0.0245268156847 0.0253813620428 0.0190316047197 0.0148597963728 0.0180767774299 0.0212271623483 -0.00628957222025 0.00327222390502 0.0179131153999 0.00357980737622 0.0200213467893 0.188582901871 0.00656332149574 0.029980131541 0.0337095186877 0.023257284849 0.00526968871119 0.00417112822255 0.0103004529081 0.0223175394062 0.0212918820284 0.033083468833 0.0264749943474 -0.000796221937314 0.0102254670385 0.000302335236098 0.021921002737 0.0185609700139 
0.0398760824956 0.0295541962598 0.0100563823897 0.0145414343712 0.0355007006601 0.0677464266987 0.00299629414653 0.0433033151339 0.0172798723083 0.00856612042747 0.0343907525975 0.0115560252289 0.0294636055681 0.00656332149574 0.274017577459 0.0156827704251 0.0300706722713 0.00235797287347 0.0144697782263 0.0302222109057 0.0150168396273 0.0785919692 0.0214962566856 0.0294663703561 0.0359962131201 -0.00871041338352 0.0250630300681 0.0214076753902 0.00884717586732 0.015798675681 
0.057546978615 0.007115181449 0.0135532095918 0.0262588542918 0.00900328991449 -0.00319139978954 0.019846007001 0.012038989248 0.0181396227473 0.0209062891207 0.0258117328128 0.0171031492045 0.00961707825674 0.029980131541 0.0156827704251 0.129259770734 0.023672936026 0.025703208948 0.0136140358227 0.0129819622723 0.0161056889344 0.0343847585378 0.0222861752498 0.0163437489568 0.0163541557144 0.00725257705955 0.00961193375066 0.00486199657832 0.0068639937602 0.0356716682645 
0.0219893750374 0.0062187964437 0.036706004328 0.014878713305 0.00818358782925 0.0306697522958 0.014615433414 0.0482700613226 0.048820607975 0.0142736169302 0.016402301641 0.0242546261164 0.00459593415028 0.0337095186877 0.0300706722713 0.023672936026 0.287402157733 0.0147020721363 -0.00118658203939 0.0365091082719 0.0223557043141 0.0633170317628 0.0350356544681 0.0386943220562 0.030169643442 0.0419049109565 0.00877971200287 0.0184369280425 0.00498374025535 0.0382303756036 
0.0331327555128 0.0360161484711 0.0172760274149 0.0260810871563 0.0154175533584 0.0257213912328 0.00303196451079 0.00693631289816 0.004407074764 0.0127014396697 0.0309799917459 0.00305578082704 0.00667721066899 0.023257284849 0.00235797287347 0.025703208948 0.0147020721363 0.258022641149 0.0165543851588 0.0190896223212 0.0197087995601 0.0355330861869 0.0232189936785 0.0381037317881 0.0275282558191 0.0142127128221 -0.00157046434999 0.0153716679802 0.0279828895715 0.0311550187388 
0.0183292460675 0.015407789723 0.0107878250366 -0.000671682157521 0.0253854291273 0.0243629443762 0.0130417648394 0.00899099702991 0.0204594460136 0.00305075387981 0.0237941175668 0.00858944612728 -0.0114416305601 0.00526968871119 0.0144697782263 0.0136140358227 -0.00118658203939 0.0165543851588 0.294816288997 0.000576842531779 -0.00675554296272 0.0325033195897 0.00920286182406 0.0307075295979 -0.0134769064957 0.0220741621892 0.00341785795726 0.0129384328136 0.0181400950616 0.00735085580485 
0.0261108197505 0.0243527296766 0.0184719165719 0.0269592078456 -0.0171224953209 0.0190951835154 0.015010931227 0.0200971996959 0.0172831102723 0.0182612108212 0.0154029803009 0.00990298215144 -0.00981329563791 0.00417112822255 0.0302222109057 0.0129819622723 0.0365091082719 0.0190896223212 0.000576842531779 0.226314719919 0.0104533792218 0.0181772206065 0.00985490538844 0.0278444665241 0.0100809024524 0.00656920044244 -0.014356925615 -0.0125645151367 0.0080576526079 0.0133573628721 
0.00251494443213 0.00466675887071 0.0266199245754 0.0131379292551 0.0455871650817 0.00658192423064 0.0134478361946 -0.00216742656071 0.00702363061554 0.00632817200488 0.0209414134406 0.0287792818187 0.0159474292359 0.0103004529081 0.0150168396273 0.0161056889344 0.0223557043141 0.0197087995601 -0.00675554296272 0.0104533792218 0.235901722809 0.053119630984 0.0205384532223 0.0308310076481 0.0216545427784 0.0369794629027 0.011680085398 0.00832198785107 0.020638388172 0.0204429522937 
0.0174957613245 0.0410744967093 0.10708337548 0.0262652348439 0.0380795427826 0.0287276124589 0.00828670194334 0.00560162622108 0.0296426467309 0.03374931532 0.0571170150559 0.0388156288221 0.0134660018737 0.0223175394062 0.0785919692 0.0343847585378 0.0633170317628 0.0355330861869 0.0325033195897 0.0181772206065 0.053119630984 0.888811429653 0.0238219405964 0.0141524770524 0.0645398801153 -0.0169327002799 0.0640194984206 0.00823223423063 0.0138583511601 0.0156586681383 
0.0118849845308 0.001569332109 -0.00942944646103 0.0470327788565 -0.0164670986164 0.0117205241628 0.010955873004 0.014559385452 0.0328777956857 0.00555505550224 0.00883991852173 -0.00777231588567 -0.016473620845 0.0212918820284 0.0214962566856 0.0222861752498 0.0350356544681 0.0232189936785 0.00920286182406 0.00985490538844 0.0205384532223 0.0238219405964 0.247920598099 0.0208789253498 0.012000866284 0.00278100500752 -0.00597719922534 -0.00112156088058 0.0161279427415 0.0523413853821 
0.0383590777936 0.0193955115787 0.0127020124357 0.00885145276355 0.00442907646255 0.0491515842762 0.0118186371703 0.0153481871758 0.0115220706683 -0.00215308216862 0.0160820339326 0.0104746294835 0.0220703205872 0.033083468833 0.0294663703561 0.0163437489568 0.0386943220562 0.0381037317881 0.0307075295979 0.0278444665241 0.0308310076481 0.0141524770524 0.0208789253498 0.445311238251 0.0244828734999 0.0449478637638 0.00524373845943 0.00267193888095 0.0318084167116 0.0177227874936 
0.0352272932706 0.0228913263251 0.0212939628914 0.020872903322 0.0587000616367 0.044380286096 0.00283112114853 0.00391195897063 -0.00706627038149 0.0334334973793 0.0252253983716 0.00938302217608 0.0210749701876 0.0264749943474 0.0359962131201 0.0163541557144 0.030169643442 0.0275282558191 -0.0134769064957 0.0100809024524 0.0216545427784 0.0645398801153 0.012000866284 0.0244828734999 0.567054629093 0.0361606118867 0.0422695862637 0.0132593076814 0.0313569112479 0.0230428915855 
0.0161786403271 0.0396236934106 0.0173100918517 0.000729541764144 0.0320537816828 0.0387515773917 -0.005256441739 0.0138352645058 0.0444309331264 0.00256115033542 0.0278999246805 0.0174661633394 0.0171671590865 -0.000796221937314 -0.00871041338352 0.00725257705955 0.0419049109565 0.0142127128221 0.0220741621892 0.00656920044244 0.0369794629027 -0.0169327002799 0.00278100500752 0.0449478637638 0.0361606118867 0.329090345687 0.0236127615112 0.0285040947492 0.0316251328505 0.0117750782719 
0.0181084450912 0.00577832698663 0.0149002677812 0.00139714812987 0.0847835628754 0.0337991074361 0.00223624748587 0.0263611196081 -0.00543419684112 0.0289004168428 0.0219514512264 0.0101568342417 0.0634201835097 0.0102254670385 0.0250630300681 0.00961193375066 0.00877971200287 -0.00157046434999 0.00341785795726 -0.014356925615 0.011680085398 0.0640194984206 -0.00597719922534 0.00524373845943 0.0422695862637 0.0236127615112 0.21315803939 0.0173972441132 0.0042079118522 0.0262646111581 
0.0107647450277 0.00924182873489 0.0418208054828 0.0185986532848 0.00939979199382 -0.00481247017618 0.0132053632284 0.0150883329824 0.00280394274292 0.00659767736372 0.0187271821018 0.0164727792241 0.0135964499209 0.000302335236098 0.0214076753902 0.00486199657832 0.0184369280425 0.0153716679802 0.0129384328136 -0.0125645151367 0.00832198785107 0.00823223423063 -0.00112156088058 0.00267193888095 0.0132593076814 0.0285040947492 0.0173972441132 0.428259034165 -0.00730502195372 0.010389019459 
0.0102866724748 0.0176410476397 0.00992512906876 0.0203805878242 0.0323621401416 0.0237183308351 0.0221310965358 0.0213094509914 -0.00816884587897 0.0233820035113 0.0143258379282 0.0179228047392 0.0150619639837 0.021921002737 0.00884717586732 0.0068639937602 0.00498374025535 0.0279828895715 0.0181400950616 0.0080576526079 0.020638388172 0.0138583511601 0.0161279427415 0.0318084167116 0.0313569112479 0.0316251328505 0.0042079118522 -0.00730502195372 0.219844772983 0.0204360778901 
0.0393166205158 0.0151470195758 0.0173562888064 0.0396196967587 0.0296780531617 0.0240904680102 0.0255060291894 0.0248379249444 0.0277309757541 0.0125617233862 0.0460110182181 0.0182638761213 0.0163627899537 0.0185609700139 0.015798675681 0.0356716682645 0.0382303756036 0.0311550187388 0.00735085580485 0.0133573628721 0.0204429522937 0.0156586681383 0.0523413853821 0.0177227874936 0.0230428915855 0.0117750782719 0.0262646111581 0.010389019459 0.0204360778901 0.30253897594 
0.022497490508 0.00065518309728 0.00188917094111 0.00321555694801 0.00318852896586 0.00159741998667 0.0020666695634 0.000840777659407 0.00310449468071 0.00208738363866 0.00308475450216 0.000889694678046 0.00143355653201 0.0034333031103 0.00345337004446 0.00498371453916 0.00190433573957 0.00286938079715 0.00158735927267 0.00226126332176 0.000217800576733 0.00151517737656 0.00102926985272 0.0033219935835 0.00305077308789 0.00140111135219 0.0015682373472 0.000932254265927 0.000890851968361 0.00340491921576 
0.00065518309728 0.0419457359509 0.000354228801317 -0.000163395030767 -0.00112147122352 0.000941006071502 0.00412410660203 0.000502637157559 0.00133157137783 0.000690762362754 0.000535467763268 0.00143641457093 0.00037605480735 -0.000308362173316 0.00255946847494 0.000616192788737 0.000538563570121 0.00311908995224 0.00133435373163 0.00210900825515 0.000404153173537 0.00355715575979 0.000135908147337 0.00167970057465 0.00198244701239 0.00343151250853 0.000500417796179 0.000800365846184 0.00152775954054 0.00131177037443 
0.00188917094111 0.000354228801317 0.0228705745175 0.0013793697563 0.00201604039768 0.00329810329388 0.00118305833766 0.00163362880179 0.00248959462863 0.00162584265722 0.00137826463565 0.00289392092228 0.000206036568983 0.00212408454569 0.000870908261969 0.00117374238093 0.00317883322194 0.00149614786178 0.000934253053328 0.00159971490078 0.00230535309291 0.00927369234886 -0.000816614017888 0.00110002654485 0.00184411128112 0.00149909792854 0.00129040104218 0.00362178799548 0.000859541390938 0.00150309870217 
0.00321555694801 -0.000163395030767 0.0013793697563 0.0132781007979 0.000557147340289 0.00125951699406 -0.000616839184032 0.00167478766522 0.000331354806859 0.000913298426069 0.00213950323002 0.000237533904683 0.000880030598048 0.00219809043118 0.0012593251573 0.0022740834891 0.00128853436977 0.00225868840357 -5.81693811682e-05 0.00233473588602 0.0011377780488 0.00227463606112 0.00407315813003 0.000766558295364 0.00180764645276 6.3180170087e-05 0.000120996577332 0.00161069062208 0.00176501067998 0.00343116638833 
0.00318852896586 -0.00112147122352 0.00201604039768 0.000557147340289 0.0386707502593 0.00226956380954 -0.00159527137023 0.0021375241312 -0.00046325354583 0.00349352543818 0.00189715169704 0.00136525776009 0.000392910709215 0.0016481853162 0.00307445086238 0.000779707778359 0.000708719495423 0.00133519928726 0.00219844265102 -0.00148285159241 0.00394796430473 0.00329778514142 -0.00142609257284 0.000383569273187 0.00508357445811 0.00277593892247 0.00734247192734 0.000814045865694 0.00280264354834 0.00257019479729 
0.00159741998667 0.000941006071502 0.00329810329388 0.00125951699406 0.00226956380954 0.0233470630962 0.00147801122624 0.00506675966555 0.000693162811342 0.00146236279402 0.00386360699831 0.00173537022839 0.00303634414779 0.00128689611539 0.00586701265367 -0.000276383329137 0.00265607846159 0.00222753782283 0.00210989287408 0.00165369140143 0.000570011358952 0.00248788421794 0.00101502716707 0.00425665206194 0.00384344551863 0.0033559850458 0.00292708856649 -0.000416772142753 0.00205406770385 0.00208629572859 
0.0020666695634 0.00412410660203 0.00118305833766 -0.000616839184032 -0.00159527137023 0.00147801122624 0.0272877344723 0.000609929568027 0.000362342279703 -0.000986090649809 0.00165768960866 0.00398175240113 0.000861721522329 0.00156549484728 0.00025948668481 0.00171871462266 0.00126573366238 0.000262575828972 0.00112944996611 0.0012999847777 0.00116461677705 0.000717649439653 0.000948806434209 0.00102352400276 0.000245182283582 -0.000455221207949 0.000193664713191 0.0011436180022 0.00191660918136 0.00220888692277 
0.000840777659407 0.000502637157559 0.00163362880179 0.00167478766522 0.0021375241312 0.00506675966555 0.000609929568027 0.0384904017985 0.00380233850521 0.000790223562198 0.00340807355368 0.00103324149861 0.0053161730292 0.00183832618439 0.0037501770974 0.00104260705246 0.00418030993476 0.00060070231784 0.000778643183325 0.00174046854816 -0.000187704646242 0.000485115060996 0.00126087976649 0.00132919199963 0.000338785584713 0.00119816905301 0.00228293992529 0.00130668796635 0.00184545258993 0.00215102739792 
0.00310449468071 0.00133157137783 0.00248959462863 0.000331354806859 -0.00046325354583 0.000693162811342 0.000362342279703 0.00380233850521 0.031869304835 -0.000266703731421 0.00307546217307 0.00201417052166 0.000255584355895 -0.000544692932167 0.00149648083931 0.00157093741142 0.00422798867345 0.0003816638702 0.00177183999952 0.00149676125522 0.000608264253986 0.00256712851043 0.00284730062842 0.000997840590297 -0.000611956966038 0.00384783168013 -0.000470615251357 0.000242828564612 -0.000707442805079 0.00240157294748 
0.00208738363866 0.000690762362754 0.00162584265722 0.000913298426069 0.00349352543818 0.00146236279402 -0.000986090649809 0.000790223562198 -0.000266703731421 0.0147873775985 0.00187961522824 0.00120455310801 0.000387256265028 0.000283382902862 0.000741847790207 0.00181053774774 0.00123613148655 0.00109997694186 0.000264203036061 0.0015814672475 0.000548035771574 0.00292277644274 0.000481081918437 -0.000186462385446 0.00289542580678 0.000221802125339 0.00250284951658 0.000571375620295 0.00202494090322 0.00108787715678 
0.00308475450216 0.000535467763268 0.00137826463565 0.00213950323002 0.00189715169704 0.00386360699831 0.00165768960866 0.00340807355368 0.00307546217307 0.00187961522824 0.0160845806533 0.00165108400506 0.00168559333513 0.00155132129973 0.00297832654047 0.00223536163315 0.00142048099016 0.0026829459861 0.00206063102735 0.00133393722346 0.00181357960307 0.00494647860268 0.00076555940072 0.00139274499302 0.00218458358104 0.00241620435369 0.0019010514412 0.00162182154415 0.00124065395763 0.00398467106308 
0.000889694678046 0.00143641457093 0.00289392092228 0.000237533904683 0.00136525776009 0.00173537022839 0.00398175240113 0.00103324149861 0.00201417052166 0.00120455310801 0.00165108400506 0.0145935994652 0.00141290938758 0.000310020412846 0.0010007811415 0.00148117616958 0.00210051223761 0.000264638382462 0.000743867855066 0.000857623411637 0.00249235891576 0.00336153206238 -0.000673102300322 0.000907129522793 0.000812593556876 0.00151261411586 0.000879607647538 0.0014265845279 0.00155216042112 0.00158169806926 
0.00143355653201 0.00037605480735 0.000206036568983 0.000880030598048 0.000392910709215 0.00303634414779 0.000861721522329 0.0053161730292 0.000255584355895 0.000387256265028 0.00168559333513 0.00141290938758 0.0417546874058 0.00173389949375 0.00255162309091 0.000832863408052 0.000398019572827 0.000578263406577 -0.000990874272576 -0.000849856331728 0.00138108788433 0.001166189971 -0.00142665741441 0.00191134582982 0.00182514595665 0.00148671958797 0.00549234900321 0.00117748710328 0.00130440434408 0.00141705917767 
0.0034333031103 -0.000308362173316 0.00212408454569 0.00219809043118 0.0016481853162 0.00128689611539 0.00156549484728 0.00183832618439 -0.000544692932167 0.000283382902862 0.00155132129973 0.000310020412846 0.00173389949375 0.016331758374 0.000568400314851 0.00259635555233 0.00291932995329 0.00201413995023 0.000456368429392 0.000361230300317 0.000892045388892 0.00193275560757 0.0018439310731 0.00286511244547 0.00229280176699 -6.89548424765e-05 0.000885551422087 2.6182999492e-05 0.00189841452466 0.00160742715509 
0.00345337004446 0.00255946847494 0.000870908261969 0.0012593251573 0.00307445086238 0.00586701265367 0.00025948668481 0.0037501770974 0.00149648083931 0.000741847790207 0.00297832654047 0.0010007811415 0.00255162309091 0.000568400314851 0.0237306183163 0.00135816775898 0.00260419660958 0.000204206440986 0.00125311955311 0.00261732024029 0.00130049646018 0.00680626418607 0.0018616304376 0.00255186252857 0.0031173635002 -0.000754343926759 0.00217052207348 0.00185395907239 0.000766187905285 0.00136820544859 
0.00498371453916 0.000616192788737 0.00117374238093 0.0022740834891 0.000779707778359 -0.000276383329137 0.00171871462266 0.00104260705246 0.00157093741142 0.00181053774774 0.00223536163315 0.00148117616958 0.000832863408052 0.00259635555233 0.00135816775898 0.0111942245143 0.00205013639807 0.00222596319077 0.00117901008705 0.00112427091187 0.00139479357626 0.00297780743967 0.00193003939195 0.00141541017897 0.00141631143061 0.000628091597648 0.000832417880756 0.000421061254994 0.000594439296775 0.00308925709125 
0.00190433573957 0.000538563570121 0.00317883322194 0.00128853436977 0.000708719495423 0.00265607846159 0.00126573366238 0.00418030993476 0.00422798867345 0.00123613148655 0.00142048099016 0.00210051223761 0.000398019572827 0.00291932995329 0.00260419660958 0.00205013639807 0.0248897569699 0.00127323679583 -0.000102761018979 0.0031617815233 0.00193606078555 0.00548341579988 0.00303417668076 0.00335102658829 0.00261276776439 0.00362907174317 0.000760345363239 0.00159668480526 0.000431604566699 0.00331084764689 
0.00286938079715 0.00311908995224 0.00149614786178 0.00225868840357 0.00133519928726 0.00222753782283 0.000262575828972 0.00060070231784 0.0003816638702 0.00109997694186 0.0026829459861 0.000264638382462 0.000578263406577 0.00201413995023 0.000204206440986 0.00222596319077 0.00127323679583 0.0223454161987 0.00143365180915 0.00165320978788 0.00170683210971 0.00307725553127 0.00201082383759 0.00329987997075 0.00238401688612 0.00123085703606 -0.000136006202283 0.00133122549694 0.00242338932402 0.00269810376832 
0.00158735927267 0.00133435373163 0.000934253053328 -5.81693811682e-05 0.00219844265102 0.00210989287408 0.00112944996611 0.000778643183325 0.00177183999952 0.000264203036061 0.00206063102735 0.000743867855066 -0.000990874272576 0.000456368429392 0.00125311955311 0.00117901008705 -0.000102761018978 0.00143365180915 0.0255318395721 4.99560286504e-05 -0.000585047182207 0.0028148700472 0.000796991212716 0.00265935007192 -0.00116713433897 0.00191167852231 0.000295995181752 0.00112050115018 0.00157097831504 0.000636602786656 
0.00226126332176 0.00210900825515 0.00159971490078 0.00233473588602 -0.00148285159241 0.00165369140143 0.0012999847777 0.00174046854816 0.00149676125522 0.0015814672475 0.00133393722346 0.000857623411637 -0.000849856331728 0.000361230300317 0.00261732024029 0.00112427091187 0.0031617815233 0.00165320978788 4.99560286504e-05 0.01959942967 0.000905289196143 0.00157419348154 0.000853459841828 0.00241140153647 0.000873031761684 0.000568909446571 -0.00124334623028 -0.00108811892946 0.000697813185331 0.00115678155748 
0.000217800576733 0.000404153173537 0.00230535309291 0.0011377780488 0.00394796430473 0.000570011358952 0.00116461677705 -0.000187704646242 0.000608264253986 0.000548035771574 0.00181357960307 0.00249235891576 0.00138108788433 0.000892045388892 0.00130049646018 0.00139479357626 0.00193606078555 0.00170683210971 -0.000585047182207 0.000905289196143 0.020429688475 0.00460029498718 0.0017786822245 0.00267004358476 0.00187533841535 0.0032025154292 0.0010115250673 0.000720705288901 0.00178733684501 0.00177041160147 
0.00151517737656 0.00355715575979 0.00927369234886 0.00227463606112 0.00329778514142 0.00248788421794 0.000717649439653 0.000485115060996 0.00256712851043 0.00292277644274 0.00494647860268 0.00336153206238 0.001166189971 0.00193275560757 0.00680626418607 0.00297780743967 0.00548341579988 0.00307725553127 0.0028148700472 0.00157419348154 0.00460029498718 0.0769733277254 0.00206304057239 0.00122564046539 0.0055893175737 -0.0014664148597 0.00554425119698 0.000712932397363 0.00120016841592 0.00135608043972 
0.00102926985272 0.000135908147337 -0.000816614017888 0.00407315813003 -0.00142609257284 0.00101502716707 0.000948806434209 0.00126087976649 0.00284730062842 0.000481081918437 0.00076555940072 -0.000673102300322 -0.00142665741441 0.0018439310731 0.0018616304376 0.00193003939195 0.00303417668076 0.00201082383759 0.000796991212716 0.000853459841828 0.0017786822245 0.00206304057239 0.0214705536075 0.00180816797566 0.00103930550693 0.000240842098457 -0.000517640637262 -9.71300214472e-05 0.00139672081249 0.00453289694102 
0.0033219935835 0.00167970057465 0.00110002654485 0.000766558295364 0.000383569273187 0.00425665206194 0.00102352400276 0.00132919199963 0.000997840590297 -0.000186462385446 0.00139274499302 0.000907129522793 0.00191134582982 0.00286511244547 0.00255186252857 0.00141541017897 0.00335102658829 0.00329987997075 0.00265935007192 0.00241140153647 0.00267004358476 0.00122564046539 0.00180816797566 0.0385650844916 0.00212027904086 0.00389259918653 0.000454121071666 0.000231396694826 0.00275468969264 0.00153483841953 
0.00305077308789 0.00198244701239 0.00184411128112 0.00180764645276 0.00508357445811 0.00384344551863 0.000245182283582 0.000338785584713 -0.000611956966038 0.00289542580678 0.00218458358104 0.000812593556876 0.00182514595665 0.00229280176699 0.0031173635002 0.00141631143061 0.00261276776439 0.00238401688612 -0.00116713433897 0.000873031761684 0.00187533841535 0.0055893175737 0.00103930550693 0.00212027904086 0.0491083714129 0.00313160085103 0.00366065355118 0.00114828972887 0.00271558817249 0.00199557294897 
0.00140111135219 0.00343151250853 0.00149909792854 6.3180170087e-05 0.00277593892247 0.0033559850458 -0.000455221207949 0.00119816905301 0.00384783168013 0.000221802125339 0.00241620435369 0.00151261411586 0.00148671958797 -6.89548424765e-05 -0.000754343926759 0.000628091597648 0.00362907174317 0.00123085703606 0.00191167852231 0.000568909446571 0.0032025154292 -0.0014664148597 0.000240842098457 0.00389259918653 0.00313160085103 0.0285000599505 0.00204492513222 0.00246852701647 0.00273881684466 0.0010197516915 
0.0015682373472 0.000500417796179 0.00129040104218 0.000120996577332 0.00734247192734 0.00292708856649 0.000193664713191 0.00228293992529 -0.000470615251357 0.00250284951658 0.0019010514412 0.000879607647538 0.00549234900321 0.000885551422087 0.00217052207348 0.000832417880756 0.000760345363239 -0.000136006202283 0.000295995181751 -0.00124334623028 0.0010115250673 0.00554425119698 -0.000517640637262 0.000454121071666 0.00366065355118 0.00204492513222 0.0184600277132 0.00150664553579 0.000364415856089 0.00227458204834 
0.000932254265927 0.000800365846184 0.00362178799548 0.00161069062208 0.000814045865694 -0.000416772142753 0.0011436180022 0.00130668796635 0.000242828564612 0.000571375620295 0.00162182154415 0.0014265845279 0.00117748710328 2.6182999492e-05 0.00185395907239 0.000421061254994 0.00159668480526 0.00133122549694 0.00112050115018 -0.00108811892946 0.000720705288901 0.000712932397363 -9.71300214471e-05 0.000231396694826 0.00114828972887 0.00246852701647 0.00150664553579 0.0370883202987 -0.000632633458713 0.000899715477186 
0.000890851968361 0.00152775954054 0.000859541390938 0.00176501067998 0.00280264354834 0.00205406770385 0.00191660918136 0.00184545258993 -0.000707442805079 0.00202494090322 0.00124065395763 0.00155216042112 0.00130440434408 0.00189841452466 0.000766187905285 0.000594439296775 0.000431604566699 0.00242338932402 0.00157097831504 0.000697813185331 0.00178733684501 0.00120016841592 0.00139672081249 0.00275468969264 0.00271558817249 0.00273881684466 0.000364415856089 -0.000632633458713 0.0190391158292 0.00176981626066 
0.00340491921576 0.00131177037443 0.00150309870217 0.00343116638833 0.00257019479729 0.00208629572859 0.00220888692277 0.00215102739792 0.00240157294748 0.00108787715678 0.00398467106308 0.00158169806926 0.00141705917767 0.00160742715509 0.00136820544859 0.00308925709125 0.00331084764689 0.00269810376832 0.000636602786655 0.00115678155748 0.00177041160147 0.00135608043972 0.00453289694102 0.00153483841953 0.00199557294897 0.0010197516915 0.00227458204834 0.000899715477186 0.00176981626066 0.0262006438799 

['AXP', 'ZMH', 'BLL', 'AIG', 'WMB', 'PH', 'ABT', 'ADSK', 'LUV', 'KSE', 'EQR', 'CL', 'CTXS', 'DD', 'BOL', 'BAC', 'S', 'INTC', 'SYY', 'TRB', 'MCK', 'AVP', 'ALL', 'NAV', 'GILD', 'LPX', 'KMI', 'NWL', 'FISV', 'GDW']