50
0.0658076634161 0.0609589558998 0.105790500039 0.0639224219563 0.0625194128962 0.121962687623 0.099400173405 0.109959402945 0.0940944116816 0.155431064381 0.0339335468557 0.0392369654355 0.0485945029431 0.0450347688147 0.0203567883068 0.0979044774238 0.0300114281637 0.12260521459 0.0230030392576 0.0213104348082 0.204332601919 0.0315088302779 0.00642009941462 0.201678989994 0.0677272644226 0.101801748802 0.101022755506 0.0714432896303 0.0723241103927 0.0407864154506 0.0283464571838 0.117315051398 0.0444735285872 0.0101927526284 0.037281538924 0.0498631258667 0.0485380268731 0.399937027552 0.00265371642944 0.275152850517 0.0598638009539 0.0269248151276 0.0472299451056 0.0336878097659 0.0662185328213 0.0398839612709 0.103166553638 -0.00168409401267 0.0617018630506 0.170228010564 
0.248152701962 0.0161283557596 0.00539306111727 0.0265339414305 0.00399817816173 0.000848949712357 0.0108298837841 0.0171735336145 0.00597951712899 -0.00187509973471 0.0281211982442 0.0160088588447 0.0125366915248 0.0066790057515 0.0039079431061 0.0457046364809 0.00848473495204 0.0274757404956 0.0146698223903 -0.00125682452003 -0.0161450636615 0.0130917759757 0.00974663738549 -0.0131676736062 0.0133815262846 0.00371899126629 -0.00187120659067 0.00697771070976 0.0110589255111 0.00937650468885 0.029742051944 0.0344018097426 0.000992824078623 0.0112470718096 -0.0121557127253 0.016808950316 0.0146704669088 0.0117837978051 0.000788049620289 -0.0113947269375 0.00846195226128 0.00102937425136 0.0120219747469 0.00638007639092 -0.00585034516737 0.0112930171507 0.0366222355151 0.0124442898628 0.00746793131548 -0.000973345998852 
0.0161283557596 0.423988487357 0.0223023585599 0.0146829987771 0.0721214351382 -0.00191996281865 0.052692306318 0.0527889511704 0.0343570156381 0.0535549599628 0.00128096297186 0.0219060693261 0.00694581513652 0.0149949017779 -0.00851061392011 0.00914118447927 0.0241693626018 0.0338121265846 0.00898178623453 0.028633553403 0.0344840850215 0.0486110888026 0.00218958031483 0.0102364248399 0.0172539452962 0.00492542709442 0.0076791528834 0.0233380968264 0.0146453341245 0.0258563314743 0.0203598273054 0.062441929176 0.0394937136726 0.0358728467178 -0.0138394411153 0.014628560551 0.0178856461917 -0.0135938086827 0.00189375049772 -0.0144058728785 0.00499224365925 -0.005227261151 0.0258367522359 0.0281941650916 0.0340672298251 0.000120924557508 -0.00533812493485 0.020749459789 0.0251632966426 -0.00656695841981 
0.00539306111727 0.0223023585599 0.546439205802 0.0156786506255 0.000677007448585 0.0100725046473 0.00994405592601 0.0184346394964 0.0154719791749 0.0135298661214 0.0455655781911 0.013849458465 0.0187389685582 0.000820723080834 0.0190189959658 0.0214930807058 0.00878618241839 0.0157961249738 0.0148896515301 -0.0168206340568 0.0178695436965 0.0200723470742 0.0163710600163 0.0022612199407 0.0089443849844 -0.00139096849027 -0.0137042538236 0.00185866854218 0.0133606778532 0.0141801449986 0.00454120745693 0.0112574486007 0.00549207672934 0.0213762108499 -0.00266519347766 0.025234219221 0.0308725778905 -0.0450329482845 0.0100945184825 0.0203565174422 0.0172423211032 -0.000660763815387 0.011915372312 0.0174685045624 0.0183171749977 0.00184361612672 -0.00272144589248 0.00770803022383 0.0135794192635 -0.00871449070732 
0.0265339414305 0.0146829987771 0.0156786506255 0.445979454669 0.0331980636924 0.0295600508615 0.0337743937432 0.0277173221431 0.0496782201748 0.0173798357989 0.0223519591282 0.0250596989906 0.0185672396681 0.0173775339735 0.00629674844071 -0.013452855393 0.00612874785242 0.0310182267476 0.00380744925652 0.0176824029297 -0.0149443717235 0.0271791092024 0.0190797010621 0.0395648264162 0.00508242980554 0.0123087616135 0.0396286321217 0.0135703075688 -0.00750625171907 0.0479782653213 0.025737017613 0.0219980397713 0.0433368978548 0.0111474796672 0.000768247451668 0.00588078226824 0.00547072640857 0.0237320315031 0.0126821422137 -0.0356987647836 0.0330236310963 0.0161220086537 0.0354810822475 0.0443462855062 0.0625529173986 0.0114342950752 0.009972181974 0.0254008556361 0.0223488523418 0.021338459988 
0.00399817816173 0.0721214351382 0.000677007448585 0.0331980636924 0.320878588371 0.0300158767408 0.0401003634138 0.0148949100517 0.0180091595802 0.00386859014905 -0.0105201265352 0.0240568796442 0.0240578987103 0.0266247841447 0.0429843658396 0.0024911640669 0.0284086885681 0.0376944551136 0.0363402223541 0.0115821229956 -0.0360595785733 0.0239925540762 0.0440387026312 0.0210824993773 0.0198390145096 0.0134747919199 -0.00305731393292 0.0212569389816 0.0112882280009 0.0316424601215 0.0445131530486 0.0256048668724 0.0202610531864 0.00529208924484 0.0034213225202 0.030179433556 0.0201489414729 0.050277818848 0.0196726795002 -0.0183931529336 0.0366659121929 -0.000622255709872 0.0196740556685 0.0415914336673 0.0420563195252 0.00939922625067 0.0506092705869 0.0258793293836 0.015886793074 -0.00896510136326 
0.000848949712359 -0.00191996281865 0.0100725046473 0.0295600508615 0.0300158767408 0.435077974789 0.0345658659264 0.0197416399911 0.0224222083687 0.0551469231803 0.0150484417477 -0.00230164296216 0.0135878305451 0.0537253940393 -0.0212285979025 0.0169971939158 0.0104493622848 0.0301360275313 0.00653848013241 0.010894946781 -0.00760660834842 0.0354809742603 0.0562512359386 0.00687455223565 -0.00239674822168 0.0315162332647 0.00541425988759 -0.0022375658476 -0.02047356169 0.00782138714371 0.0131688780894 0.0147838344653 0.018444543877 0.0164865638902 -0.0114023042178 0.0772761698212 0.00400166881336 0.0465939337725 0.00153884561481 0.00554668724383 0.0328936999126 0.0733041919318 0.0116418371115 0.0172549146355 0.00271673828067 0.00883674248864 -0.0127855026579 -0.00627030404717 0.0395065808956 0.0187403036849 
0.0108298837841 0.052692306318 0.00994405592601 0.0337743937432 0.0401003634138 0.0345658659264 0.337304313819 0.0328508897318 0.052386109169 -0.00202436834785 0.0280855633068 0.0300314740275 0.00432682653765 -0.0102125307 0.00308491918661 0.00910686023267 1.68362305122e-05 0.0302351230029 0.00513050371678 0.00855274653561 -0.0160449093134 0.033054741329 0.00220040097619 0.0217473232087 0.00144744142268 0.0336125048596 0.0120088455454 0.0111370676315 0.0436472572774 0.0208497170237 0.0217702095438 0.025870338434 0.0785931671273 0.0158848218007 0.0363895171742 0.0417936306989 0.0144158189585 0.0568068295331 0.0112183668173 -0.0187353970289 0.00798108578397 0.00760038455672 0.028524314974 0.0606467550193 0.0277270785062 -0.00662148557051 0.0194402705038 0.0029308807115 0.0105638513861 0.0198342851534 
0.0171735336145 0.0527889511704 0.0184346394964 0.0277173221431 0.0148949100517 0.0197416399911 0.0328508897318 0.388293281327 0.0749245907131 0.0318283533862 0.0243660785407 0.0277489198462 0.0258019251502 0.00918867352295 0.00534014633345 -0.00166113626931 0.00957517577478 0.0425337743447 0.0234849041769 0.025083491921 -0.0251161223176 0.0212954189001 0.0156799466071 0.0143242485148 -0.00754994390984 0.0404224072072 0.0186837114022 0.0169083080299 0.0115402569038 0.0327685161515 -0.0050543193999 0.00480260127296 0.0262179490415 0.0405419790844 0.0715172724404 0.0327617858105 0.0319254035517 0.0514962315185 0.00797766201309 -0.0286748667795 0.0324456236619 0.00206931021297 0.0136696391403 0.0509005700907 0.0203419111774 0.0175454259128 0.0380489484252 0.00552986629698 0.00870956622108 0.0222572343012 
0.00597951712899 0.0343570156381 0.0154719791749 0.0496782201748 0.0180091595802 0.0224222083687 0.0523861091689 0.0749245907131 0.342720733026 0.00716608730888 0.0134651975454 0.035683316791 0.00315200308147 0.0190730261743 0.0182948841491 0.0243366907997 0.0104482836271 0.038437878407 0.0182256651697 0.0353585282698 0.0312332044133 0.00175515326328 0.0309005852234 0.0168087082805 0.0100518253991 0.00558062785591 -0.000257622875013 0.0229888987762 0.0450430716337 0.0368167145982 0.00356483320671 -0.0198149987925 -0.0173705468628 0.0182108044435 0.0599459972192 0.0343398756097 0.00640621590149 0.0557282292235 0.0239317126978 -0.00964014116307 0.025633758842 0.0238201701643 0.030240172057 0.0309734657062 0.000344047901514 -0.0198670936535 0.0575241166763 0.000410328671284 0.0107206120222 0.0719411713825 
-0.00187509973471 0.0535549599628 0.0135298661214 0.0173798357989 0.00386859014906 0.0551469231803 -0.00202436834785 0.0318283533862 0.00716608730888 0.700897277775 0.0127463947007 0.0130424160593 0.0212228005806 0.0202343269379 0.00201247344205 0.0099912657574 0.0349637061199 0.0169904461975 -0.00739645781813 0.038287362464 0.025488392593 0.0273176706247 0.0158923224813 0.0171760948527 0.0041915012233 -0.000642969101818 0.00711803093029 0.00919360550256 0.0231275049501 0.0223781072985 0.00297267707912 0.00922344160782 0.00600103908273 0.0145743124479 0.0466924627349 0.0316560648075 0.0149334347805 0.0149156723611 -0.00436578927149 0.0523777058812 0.030654165217 0.0129197777059 0.0397160812401 0.0103804722265 0.0317393329161 0.00841827250706 0.0310351376362 0.0242466387424 -0.00131696133975 -0.012233568723 
0.0281211982442 0.00128096297186 0.0455655781911 0.0223519591282 -0.0105201265352 0.0150484417477 0.0280855633068 0.0243660785407 0.0134651975454 0.0127463947007 0.288107988741 0.0218802809188 0.0224333505993 0.0123942683151 0.0258711196644 0.0137606173262 0.0229393249886 0.0232468315719 0.0219043335604 0.0246437755196 -0.00665230057925 0.0250497604651 0.00704325515889 0.00268933146455 -0.00755353180671 0.0172532470462 0.0327782636954 -0.00409706849118 0.00390135174153 0.00635270993864 0.0304233650198 -0.00810151337577 0.0557267554368 0.0323914810295 0.0271083678114 0.00874103581744 0.0169181018464 -0.00107926576277 0.0193903899189 -0.0079407288111 0.0101339846708 0.00853140840603 0.00358409776644 0.0313743209313 0.0150638171104 0.0131469425183 0.0210353495054 0.0123860699531 0.0052438388506 0.00579814906419 
0.0160088588447 0.0219060693261 0.013849458465 0.0250596989906 0.0240568796442 -0.00230164296216 0.0300314740276 0.0277489198462 0.035683316791 0.0130424160593 0.0218802809188 0.148610541696 0.0531368777386 0.0176639993422 0.0366778540905 0.0142219550423 0.039192157689 0.0346557783828 0.0458428789168 0.00804496048632 -0.0054663885588 0.0426789203081 0.0131823248157 0.00930731850702 0.0295882310943 0.0122639885024 0.0208559234161 0.00598369426317 0.0246120853924 0.0239478972361 0.0232897069385 0.0239685449104 0.0102440185191 0.0292432674563 0.00816435696918 0.0292661676626 0.0420053124679 0.000225444552768 0.00456881448387 -0.0108262774471 0.0328359489831 0.00957385063502 0.0197410738992 0.0466526292102 0.0101018481452 0.0217092212975 0.00882290383801 0.0185872103771 0.0250362393021 0.00393084661885 
0.0125366915248 0.00694581513652 0.0187389685582 0.0185672396681 0.0240578987103 0.0135878305451 0.00432682653765 0.0258019251502 0.00315200308147 0.0212228005806 0.0224333505993 0.0531368777386 0.116587054453 0.0108233444826 0.0417134436473 0.0251747618013 0.0357421126726 0.0172152773822 0.0469849411602 0.00350249848618 -0.0114011726574 0.0332926337394 0.00553534583873 -0.00547034063514 0.0108438604783 -0.00287365534363 0.0125517351286 -0.00360905555529 -0.00108974473636 0.0212360263665 0.0112974509172 0.0101032006448 0.0133147515853 0.0114179228467 0.00329770985662 0.016667693105 0.0263473308432 0.00961945421681 0.000672515825011 0.00491691355093 0.0222437042035 0.0100200107854 0.00889640955566 0.0300670223822 0.00737852137738 0.016415390707 0.00949822163767 0.0126492217726 0.0124684972204 0.0142302214438 
0.0066790057515 0.0149949017779 0.000820723080834 0.0173775339735 0.0266247841447 0.0537253940393 -0.0102125307 0.00918867352296 0.0190730261743 0.0202343269379 0.0123942683151 0.0176639993422 0.0108233444826 0.190027646004 -0.00523676962474 -0.0085483241387 0.0271815734478 0.0128870219432 0.0128806638137 -0.015638686652 0.0139406035243 0.0260711860335 0.0532992118861 0.0154134265206 -0.01210371807 0.0125886788038 0.0262753014111 -0.00504777615664 0.00853638435247 0.0197610403027 -0.0060289536125 0.0152785385481 0.00405055769238 -0.0103980304649 0.00229173494233 0.00815946870701 0.00640648254644 -0.0152552906354 -0.0169110458273 -0.0215761455042 0.0224854449151 0.0550762037503 0.00979708675324 0.00508639138119 0.00796702469613 0.00901967456886 0.00504769817476 -0.000124424172326 0.00827509486681 -0.00722463760614 
0.0039079431061 -0.00851061392011 0.0190189959658 0.00629674844071 0.0429843658397 -0.0212285979025 0.0030849191866 0.00534014633345 0.0182948841491 0.00201247344205 0.0258711196644 0.0366778540905 0.0417134436473 -0.00523676962474 0.259369003603 0.0201960292382 0.0199236147942 0.0360695859967 0.012164496471 0.0236588524279 -0.00114936278635 0.00864451353774 0.000915095886872 0.00317094739985 0.0313469457753 0.0127608170033 0.0139256400891 0.00927341021264 0.00172184123262 0.027185455797 0.0228425516124 0.00849561087243 -0.010683488098 0.0437913839411 0.0107286323574 -0.0032995694905 0.0385653982847 0.0219666290078 0.0339693182307 -0.0183738354939 0.0228301253914 -0.0124114095739 0.00641759681783 0.0158425694636 -0.000810778581655 0.0159148053026 -0.00734317874166 0.0101171680838 0.0194111674137 0.0140230115938 
0.0457046364809 0.00914118447927 0.0214930807058 -0.013452855393 0.00249116406691 0.0169971939158 0.00910686023267 -0.00166113626931 0.0243366907997 0.0099912657574 0.0137606173262 0.0142219550423 0.0251747618013 -0.0085483241387 0.0201960292382 0.514624560263 0.0159474194409 0.0177018718586 0.0208490120175 0.0145982272645 0.0363103342079 0.0176964685378 -0.00339129448585 0.00799150307644 -0.0100957082972 0.0224517017771 -0.012984289032 -0.0024979150464 -0.00588545108592 0.0120847243671 0.0135322586118 0.00933882953602 0.0297721975241 0.0101650196742 0.0174373390731 0.0137358668202 0.0286702665643 0.00326686313213 0.000928264947705 -0.025162030905 0.0299387837963 0.00449905997789 -0.0218423987944 0.00762766964976 0.00682622886115 0.00353067794945 -0.00417380932791 0.0158742498884 -0.0124876191308 0.0687060169633 
0.00848473495204 0.0241693626018 0.00878618241839 0.00612874785242 0.0284086885682 0.0104493622848 1.68362305166e-05 0.00957517577478 0.0104482836271 0.0349637061199 0.0229393249886 0.039192157689 0.0357421126726 0.0271815734478 0.0199236147942 0.0159474194409 0.196917472837 0.0162104783907 0.035076147563 0.0336115650818 -4.43292132151e-05 0.0439434807717 0.0233892044001 0.00571753836685 0.0185167209809 0.0114298935993 0.0107109333297 0.00493622276341 0.0166313854412 0.00848955168091 0.0215354307947 0.00234350292487 0.00528938326938 0.0163717585739 0.00337736673644 0.0117969205864 0.0045241573855 0.0101183140821 0.00967187006226 -0.00117927213661 0.0283610647514 0.0181402022103 0.0266426769452 0.0164209383026 0.0578924513338 0.00418291293795 0.025346926219 0.0211937186982 0.0195544559055 0.00678878638191 
0.0274757404956 0.0338121265846 0.0157961249738 0.0310182267476 0.0376944551136 0.0301360275313 0.0302351230029 0.0425337743447 0.038437878407 0.0169904461975 0.0232468315719 0.0346557783828 0.0172152773822 0.0128870219432 0.0360695859967 0.0177018718586 0.0162104783907 0.191706840942 0.0278130944845 0.00107350689701 -0.0188903191018 0.0187820500968 0.0290177604631 0.016899360857 0.0210077227852 0.024700276319 -0.0101422402665 0.0185314156997 0.0347873527142 0.0176904364178 0.0230321598884 0.000832934646251 0.0298309045563 -0.00169932496473 0.0264395987067 0.0365795771812 0.0123892007549 0.018839435578 0.00706101672873 0.0113200432971 0.0137343495266 0.0232372014979 0.03208620673 0.0639870456258 0.0132692120635 -0.00589316558565 0.00804647431401 0.00786085676387 0.0156578567189 0.0203720066745 
0.0146698223903 0.00898178623453 0.0148896515301 0.00380744925652 0.0363402223541 0.00653848013241 0.00513050371678 0.0234849041769 0.0182256651697 -0.00739645781813 0.0219043335604 0.0458428789168 0.0469849411602 0.0128806638137 0.012164496471 0.0208490120175 0.035076147563 0.0278130944845 0.110784582886 0.0104472471884 -0.00881601856218 0.0246130744727 0.0240202560247 -0.00205658385427 0.00888165970543 0.000646810074525 0.0152665926185 0.00887085625127 0.0172768900294 0.0201103285427 0.0214022439097 0.0147252253271 0.0140277592089 0.0237753902016 0.00249510105338 0.0199903287246 0.031212133748 0.00408631143857 0.014180022407 -8.05451100974e-05 0.0243135354374 0.0123611807989 0.00803716072547 0.0138884792945 0.00878264077917 0.0157901416446 0.0140609165329 0.0154915328893 0.00945937184415 0.0062732432544 
-0.00125682452003 0.028633553403 -0.0168206340568 0.0176824029297 0.0115821229956 0.010894946781 0.00855274653561 0.025083491921 0.0353585282698 0.038287362464 0.0246437755196 0.00804496048632 0.00350249848618 -0.015638686652 0.023658852428 0.0145982272645 0.0336115650818 0.00107350689701 0.0104472471884 0.333352405807 0.0157848586148 0.0186235631092 -0.00683102605005 0.045861764549 0.0080243017335 0.0112101326988 -0.00224997026678 0.000171828935569 0.0301537803962 0.0202888475964 0.00387453409304 0.00754133939626 0.00743707022153 0.0446718733714 0.0258183248509 0.0035048734919 0.0305871597417 0.0809735377565 0.0106656401478 -0.0208300318683 0.0295867587135 -0.0142637155108 0.0021781370796 0.0220645588415 0.0513877009288 0.00660319826207 0.0218806203367 0.0298457440443 0.000286962389954 0.0256039752508 
-0.0161450636615 0.0344840850215 0.0178695436965 -0.0149443717235 -0.0360595785733 -0.00760660834842 -0.0160449093134 -0.0251161223176 0.0312332044133 0.025488392593 -0.00665230057925 -0.0054663885588 -0.0114011726574 0.0139406035243 -0.00114936278635 0.0363103342079 -4.43292132157e-05 -0.0188903191018 -0.00881601856218 0.0157848586148 0.889890348097 0.00945682647679 -0.00146129510261 -0.0222734638557 0.0136983720293 0.0152791454741 -0.0342850503517 0.0137871082868 -0.00211108148121 0.012334646325 -0.011965343907 -0.00560879760816 0.00894729590667 0.0228713378415 0.0445868924307 -0.0111312763125 -0.0226688660163 0.0069765877688 -0.00233906498908 1.11546374889 0.0101800045758 0.0023105604953 -0.0270962233209 -0.0220042035487 -0.0333888500428 0.00157723714881 -0.00362931929776 0.012386096363 -0.00772051977158 0.0314682106475 
0.0130917759757 0.0486110888026 0.0200723470742 0.0271791092024 0.0239925540762 0.0354809742603 0.033054741329 0.0212954189001 0.00175515326327 0.0273176706247 0.0250497604651 0.0426789203081 0.0332926337394 0.0260711860335 0.00864451353774 0.0176964685378 0.0439434807717 0.0187820500968 0.0246130744727 0.0186235631092 0.00945682647679 0.217717381875 0.00863071561543 -0.0163081476388 -0.00141271646429 0.0165113161215 0.00330179633187 -0.00459699956848 0.0170793763631 0.0143684572914 0.0284368196471 0.0328764651533 0.0291827677239 0.027614703508 0.00430763768474 0.0223516395774 0.0151246180594 0.0247751547467 0.000601271057411 -0.00140195279139 0.0375102379735 0.021831914259 0.0195619682407 0.0380231623404 0.0455034469197 0.0179098894937 -0.00249917574577 0.0120859549421 0.00832648930274 0.00624719119871 
0.00974663738549 0.00218958031483 0.0163710600163 0.0190797010621 0.0440387026312 0.0562512359386 0.00220040097618 0.0156799466071 0.0309005852234 0.0158923224813 0.00704325515888 0.0131823248157 0.00553534583873 0.0532992118861 0.000915095886873 -0.00339129448585 0.0233892044001 0.0290177604631 0.0240202560247 -0.00683102605005 -0.00146129510261 0.00863071561543 0.138619257853 0.0209082755858 0.00904058466006 0.0151745809928 0.00833579364614 -0.0173204184298 0.0137552380444 0.0181159768247 0.0138715935623 0.00731415847486 0.00642004983322 0.00110978111682 0.0226579169498 0.0212413545863 0.0134958748853 0.0189646699896 0.00779973183684 0.0084394315593 0.0249940717807 0.0525095925738 0.00562281555168 -0.00697898658279 0.00573406244854 0.0106212000583 0.010247980078 0.00984719953414 0.00609252728816 0.000973710381402 
-0.0131676736062 0.0102364248399 0.0022612199407 0.0395648264162 0.0210824993773 0.00687455223565 0.0217473232087 0.0143242485148 0.0168087082805 0.0171760948527 0.00268933146455 0.00930731850702 -0.00547034063514 0.0154134265206 0.00317094739985 0.00799150307644 0.00571753836685 0.016899360857 -0.00205658385427 0.045861764549 -0.0222734638557 -0.0163081476388 0.0209082755858 1.23881099587 0.02135411942 0.0393781039927 0.0171311959427 0.0134799042229 0.0617720535302 0.0225807602212 0.0165604718228 -0.0102549213128 0.0379973951968 0.0222227837469 0.0263309520522 0.0122482932709 0.00639153032301 0.0338532857621 0.0187074656149 0.0067712744377 0.0161063839246 0.00640737094383 0.0159339792097 0.0134670422601 0.0240338291786 0.0420530534245 0.0122504174006 0.0120039337347 0.0207930774703 0.0606281916574 
0.0133815262846 0.0172539452962 0.0089443849844 0.00508242980554 0.0198390145096 -0.00239674822168 0.00144744142269 -0.00754994390984 0.0100518253991 0.0041915012233 -0.00755353180671 0.0295882310943 0.0108438604783 -0.01210371807 0.0313469457753 -0.0100957082972 0.0185167209808 0.0210077227852 0.00888165970543 0.0080243017335 0.0136983720293 -0.0014127164643 0.00904058466006 0.02135411942 0.297557689456 -0.0116437855543 -0.00847813070775 -0.0120544187839 0.0507455856303 0.0228819104368 0.0130209703652 0.0147778634942 0.00972590381582 0.0181510870425 0.00516229697893 0.0307155081803 0.017886268077 0.0208722189695 -0.00869021086314 -0.00692575501814 0.0085020849078 -0.0187766116843 0.0270051302476 0.0319371481044 0.0132669940057 0.0107408846522 -0.0173271736156 0.00829672810714 0.0188269195159 0.0136845525454 
0.00371899126629 0.00492542709442 -0.00139096849027 0.0123087616135 0.0134747919199 0.0315162332647 0.0336125048596 0.0404224072072 0.00558062785591 -0.000642969101818 0.0172532470462 0.0122639885024 -0.00287365534363 0.0125886788038 0.0127608170033 0.0224517017771 0.0114298935993 0.024700276319 0.000646810074525 0.0112101326988 0.0152791454741 0.0165113161215 0.0151745809928 0.0393781039927 -0.0116437855543 0.304528949008 0.00670289993615 0.00842489108484 0.000674133773134 0.0163741246471 0.00136937494949 0.0145735753669 0.0102975656001 0.0239729183208 0.0142931124737 0.00946530446561 -0.0133469749143 0.0120985294775 -0.00600670672837 0.00822502544698 0.00633885919382 0.0288123787154 0.00935993101477 0.00362100853072 0.035590790089 0.0121131437439 -0.0134954134567 0.0153581482853 0.0236590746258 0.0156441881618 
-0.00187120659067 0.0076791528834 -0.0137042538236 0.0396286321217 -0.00305731393292 0.00541425988759 0.0120088455454 0.0186837114022 -0.000257622875015 0.00711803093029 0.0327782636954 0.0208559234161 0.0125517351286 0.0262753014111 0.0139256400891 -0.012984289032 0.0107109333297 -0.0101422402665 0.0152665926185 -0.00224997026678 -0.0342850503517 0.00330179633186 0.00833579364615 0.0171311959427 -0.00847813070775 0.00670289993615 0.441027808316 0.00702677223024 0.0128852628119 0.0415705706613 -0.0132314180142 0.0999350153826 -0.00612228572945 0.011411386066 0.0496761987371 0.0241609952694 0.00465790335968 -0.0292685418839 0.0373591789944 -0.0180309774213 -0.000114403353183 -0.00704050970422 0.0719911362397 0.00974012269299 -0.00311274391874 0.0115468669305 -0.000320127154397 0.00687557528605 0.0191028187167 0.0642197359963 
0.00697771070976 0.0233380968264 0.00185866854218 0.0135703075688 0.0212569389816 -0.0022375658476 0.0111370676315 0.0169083080299 0.0229888987762 0.00919360550256 -0.00409706849118 0.00598369426317 -0.00360905555529 -0.00504777615663 0.00927341021264 -0.0024979150464 0.00493622276341 0.0185314156997 0.00887085625127 0.000171828935572 0.0137871082868 -0.00459699956848 -0.0173204184298 0.0134799042229 -0.0120544187839 0.00842489108484 0.00702677223024 0.364105183894 0.0790775695008 0.00692177251814 0.00410806989729 -0.0443520171272 0.00780861627098 -0.00284802272 0.00375602275349 -0.0129785151108 0.00204591042774 0.032307109832 -0.00163619962529 -0.0198955011992 -0.00883805418548 0.0072521090549 0.0400433247892 0.0114273757408 -0.0152982407108 0.0084414067793 -0.00282406124188 -0.00500122794049 -0.0104252038175 0.0304350655017 
0.0110589255111 0.0146453341245 0.0133606778532 -0.00750625171907 0.0112882280009 -0.02047356169 0.0436472572774 0.0115402569038 0.0450430716337 0.0231275049501 0.00390135174153 0.0246120853924 -0.00108974473636 0.00853638435246 0.00172184123262 -0.00588545108592 0.0166313854412 0.0347873527142 0.0172768900294 0.0301537803962 -0.00211108148121 0.0170793763631 0.0137552380444 0.0617720535302 0.0507455856303 0.000674133773133 0.0128852628119 0.0790775695008 0.358534702737 0.00306533478867 -0.00352181114364 0.00112531014699 0.0131839890387 0.0547203274208 0.0160339886339 0.0289407310432 0.0224527392959 0.0344081100953 0.00245967730206 -0.0259390164861 0.0272892289096 0.0111714134586 -0.00191077036665 0.025127302856 0.0100047069295 -0.000117612535391 -0.0364615751655 0.00679513859887 -0.0159575383615 0.017788473981 
0.00937650468885 0.0258563314743 0.0141801449986 0.0479782653213 0.0316424601215 0.00782138714371 0.0208497170237 0.0327685161515 0.0368167145982 0.0223781072985 0.00635270993864 0.0239478972361 0.0212360263665 0.0197610403027 0.027185455797 0.0120847243671 0.00848955168091 0.0176904364178 0.0201103285427 0.0202888475964 0.012334646325 0.0143684572914 0.0181159768247 0.0225807602212 0.0228819104368 0.0163741246471 0.0415705706613 0.00692177251815 0.00306533478867 0.202109103536 0.0265994708639 0.0135004357314 0.00148345663728 0.0108930905225 0.0250044117583 -0.00894051395349 0.0263964650136 0.0350071585525 0.0368364890461 0.0128374599476 0.0255322006645 0.0141721421551 0.0354722582516 0.00472014567123 0.0538206038409 0.0154655400933 0.0196693149037 0.0203329837742 0.0253296045735 -0.0145759166642 
0.029742051944 0.0203598273054 0.00454120745693 0.025737017613 0.0445131530486 0.0131688780894 0.0217702095438 -0.0050543193999 0.00356483320671 0.00297267707912 0.0304233650198 0.0232897069385 0.0112974509172 -0.0060289536125 0.0228425516124 0.0135322586118 0.0215354307947 0.0230321598884 0.0214022439097 0.00387453409304 -0.011965343907 0.0284368196471 0.0138715935623 0.0165604718228 0.0130209703652 0.00136937494949 -0.0132314180142 0.00410806989729 -0.00352181114364 0.0265994708639 0.17377239813 0.00500672546817 0.0121429544543 0.0293603420448 0.0236875958998 -0.00450853678041 0.00281066316574 0.0339138113697 0.0014138158819 -0.0137725649003 0.016880539592 0.00546357874005 0.00500139733778 0.0198413431766 0.027827630894 0.00898122562042 0.0130747531868 0.00516975358715 0.0101986382619 0.0165789216448 
0.0344018097426 0.062441929176 0.0112574486007 0.0219980397713 0.0256048668724 0.0147838344653 0.025870338434 0.00480260127296 -0.0198149987925 0.00922344160781 -0.00810151337577 0.0239685449104 0.0101032006448 0.0152785385481 0.00849561087243 0.00933882953602 0.00234350292487 0.00083293464625 0.0147252253271 0.00754133939626 -0.00560879760815 0.0328764651533 0.00731415847485 -0.0102549213128 0.0147778634942 0.0145735753669 0.0999350153826 -0.0443520171272 0.00112531014699 0.0135004357313 0.00500672546818 0.339982696475 0.0329840780904 0.0165226359184 0.027716216675 0.0344346365325 0.00122540049451 -0.0177825180658 -0.00229615096274 -0.0528023570008 0.0109900707866 0.0111861474584 0.0323683285205 0.0165888186467 -0.00778889616794 0.0032984689666 -0.037356399555 0.00725930211246 0.0281188137079 0.021603034511 
0.000992824078628 0.0394937136726 0.00549207672934 0.0433368978548 0.0202610531864 0.018444543877 0.0785931671273 0.0262179490415 -0.0173705468628 0.00600103908273 0.0557267554368 0.0102440185191 0.0133147515853 0.00405055769237 -0.010683488098 0.0297721975241 0.00528938326938 0.0298309045563 0.0140277592089 0.00743707022152 0.00894729590667 0.0291827677239 0.00642004983322 0.0379973951968 0.00972590381581 0.0102975656001 -0.00612228572945 0.00780861627098 0.0131839890387 0.00148345663728 0.0121429544543 0.0329840780904 0.323717112626 0.0128531519178 0.0277636675915 0.0217589315594 0.0124193772554 0.0321580882354 -0.00232456534488 -0.00556018650357 0.0220911281514 0.00087330920065 0.0228592139627 0.07379608785 0.0311785578653 0.0132050896507 0.00629696651442 -0.00134020458852 0.0230003815643 -0.021450149594 
0.0112470718096 0.0358728467178 0.0213762108499 0.0111474796672 0.00529208924484 0.0164865638902 0.0158848218007 0.0405419790844 0.0182108044435 0.0145743124479 0.0323914810295 0.0292432674563 0.0114179228467 -0.0103980304649 0.0437913839411 0.0101650196742 0.0163717585739 -0.00169932496473 0.0237753902016 0.0446718733714 0.0228713378415 0.027614703508 0.00110978111682 0.0222227837469 0.0181510870425 0.0239729183208 0.011411386066 -0.00284802272 0.0547203274208 0.0108930905225 0.0293603420448 0.0165226359184 0.0128531519178 0.240800297557 0.0174620524469 0.0201242980536 0.0149465070969 0.0350614375013 0.00297918176904 -0.00374025323292 0.0257434700201 0.00633503907007 -0.000618382413733 0.0153696441361 0.00986246222873 0.00805303727826 0.00774733279882 0.0118815351085 0.00793911778053 0.0159307027252 
-0.0121557127253 -0.0138394411153 -0.00266519347766 0.000768247451669 0.0034213225202 -0.0114023042178 0.0363895171742 0.0715172724404 0.0599459972192 0.0466924627349 0.0271083678114 0.00816435696918 0.00329770985662 0.00229173494233 0.0107286323574 0.0174373390731 0.00337736673644 0.0264395987067 0.00249510105338 0.0258183248509 0.0445868924307 0.00430763768475 0.0226579169498 0.0263309520522 0.00516229697893 0.0142931124737 0.0496761987371 0.00375602275349 0.0160339886339 0.0250044117583 0.0236875958998 0.027716216675 0.0277636675915 0.0174620524469 0.364318506872 -0.0128599591315 0.000486256652023 0.054918466048 0.00038226862034 0.00247232045857 0.0359652488835 0.00712368302767 0.0409157352541 0.0356747408513 -0.00641516168683 0.00264286719799 -0.027990599301 0.0111208278538 0.0116022292594 0.0338223332713 
0.016808950316 0.014628560551 0.025234219221 0.00588078226824 0.030179433556 0.0772761698212 0.0417936306989 0.0327617858105 0.0343398756097 0.0316560648075 0.00874103581744 0.0292661676626 0.016667693105 0.00815946870701 -0.0032995694905 0.0137358668202 0.0117969205864 0.0365795771812 0.0199903287246 0.0035048734919 -0.0111312763125 0.0223516395774 0.0212413545863 0.0122482932709 0.0307155081803 0.00946530446562 0.0241609952694 -0.0129785151108 0.0289407310432 -0.00894051395348 -0.00450853678041 0.0344346365325 0.0217589315594 0.0201242980536 -0.0128599591315 0.288157809956 0.0242612515252 0.00744124415518 0.0247568231995 -0.0133391152927 0.0312506507704 0.0320745018241 -0.0138993098166 0.0152172247524 -0.00430088341432 0.00357130734826 0.012942589516 0.0225421628731 0.0159482310006 0.0315826500404 
0.0146704669088 0.0178856461917 0.0308725778905 0.00547072640857 0.0201489414729 0.00400166881336 0.0144158189585 0.0319254035517 0.00640621590149 0.0149334347805 0.0169181018464 0.0420053124679 0.0263473308432 0.00640648254644 0.0385653982847 0.0286702665643 0.0045241573855 0.0123892007549 0.031212133748 0.0305871597417 -0.0226688660163 0.0151246180594 0.0134958748853 0.006391530323 0.017886268077 -0.0133469749143 0.00465790335968 0.00204591042774 0.0224527392959 0.0263964650136 0.00281066316573 0.00122540049452 0.0124193772555 0.0149465070969 0.00048625665202 0.0242612515252 0.18054872153 0.0192073659772 0.0113208307616 -0.00863305776333 0.0166049367797 0.00833242924166 0.0156570314156 0.0218937233648 0.0238759564559 0.00300216864084 0.0244802143178 0.0126635021765 0.0072828431963 0.0115947599592 
0.0117837978051 -0.0135938086827 -0.0450329482845 0.0237320315031 0.050277818848 0.0465939337725 0.0568068295331 0.0514962315185 0.0557282292235 0.0149156723611 -0.00107926576277 0.000225444552768 0.00961945421681 -0.0152552906354 0.0219666290078 0.00326686313213 0.0101183140821 0.018839435578 0.00408631143857 0.0809735377565 0.0069765877688 0.0247751547467 0.0189646699896 0.0338532857621 0.0208722189695 0.0120985294775 -0.0292685418839 0.032307109832 0.0344081100953 0.0350071585525 0.0339138113697 -0.0177825180658 0.0321580882354 0.0350614375013 0.054918466048 0.00744124415518 0.0192073659772 1.31450180415 0.00671306582569 -0.0244469374996 0.0144958795472 0.0109292019706 0.0391638628004 0.0284505939793 0.0157247897766 0.0110474781739 0.0710779724745 0.010965084772 0.0298289107929 0.0658839003114 
0.000788049620291 0.00189375049772 0.0100945184825 0.0126821422137 0.0196726795002 0.00153884561481 0.0112183668173 0.00797766201309 0.0239317126978 -0.00436578927149 0.0193903899189 0.00456881448387 0.00067251582501 -0.0169110458273 0.0339693182307 0.000928264947705 0.00967187006226 0.00706101672872 0.014180022407 0.0106656401478 -0.00233906498908 0.000601271057413 0.00779973183684 0.0187074656149 -0.00869021086314 -0.00600670672837 0.0373591789944 -0.00163619962528 0.00245967730205 0.0368364890461 0.0014138158819 -0.00229615096274 -0.00232456534489 0.00297918176904 0.000382268620345 0.0247568231995 0.0113208307616 0.00671306582569 0.236392363066 0.0014816318754 0.0126345446873 0.00389022690988 -0.00798256839156 -0.00825696542374 0.0176239782519 0.00433927633864 0.00385230900447 0.00504619636289 -0.00446788861523 -0.00731127151792 
-0.0113947269375 -0.0144058728785 0.0203565174422 -0.0356987647836 -0.0183931529336 0.00554668724383 -0.0187353970289 -0.0286748667795 -0.00964014116306 0.0523777058812 -0.0079407288111 -0.0108262774471 0.00491691355093 -0.0215761455042 -0.0183738354939 -0.025162030905 -0.00117927213661 0.0113200432971 -8.05451100985e-05 -0.0208300318683 1.11546374889 -0.00140195279139 0.0084394315593 0.0067712744377 -0.00692575501814 0.00822502544698 -0.0180309774213 -0.0198955011992 -0.0259390164861 0.0128374599476 -0.0137725649003 -0.0528023570008 -0.00556018650357 -0.00374025323292 0.00247232045857 -0.0133391152927 -0.00863305776333 -0.0244469374996 0.0014816318754 2.478366484 5.31769646779e-05 -0.00243370789725 -0.0193418786574 0.0142961565843 -0.00724304417764 0.00471738253065 -0.0103746039329 0.00228749012556 -0.0369853302682 -0.0322130649879 
0.00846195226128 0.00499224365925 0.0172423211032 0.0330236310963 0.0366659121928 0.0328936999126 0.00798108578397 0.0324456236619 0.025633758842 0.030654165217 0.0101339846708 0.0328359489831 0.0222437042035 0.0224854449151 0.0228301253914 0.0299387837963 0.0283610647514 0.0137343495266 0.0243135354374 0.0295867587135 0.0101800045758 0.0375102379735 0.0249940717807 0.0161063839246 0.0085020849078 0.00633885919382 -0.000114403353185 -0.00883805418548 0.0272892289096 0.0255322006645 0.0168805395921 0.0109900707866 0.0220911281514 0.0257434700201 0.0359652488835 0.0312506507704 0.0166049367797 0.0144958795472 0.0126345446873 5.31769646782e-05 0.191500100175 0.0316928724819 0.0324170583718 0.0319158041753 0.00141807628268 0.018648422748 0.0269297968199 0.0226560513258 0.0342280143349 0.0114890715233 
0.00102937425136 -0.005227261151 -0.000660763815387 0.0161220086537 -0.000622255709871 0.0733041919318 0.00760038455672 0.00206931021297 0.0238201701643 0.0129197777059 0.00853140840603 0.00957385063502 0.0100200107854 0.0550762037503 -0.0124114095739 0.00449905997789 0.0181402022103 0.0232372014979 0.0123611807989 -0.0142637155108 0.0023105604953 0.021831914259 0.0525095925738 0.00640737094383 -0.0187766116843 0.0288123787154 -0.00704050970421 0.0072521090549 0.0111714134586 0.0141721421551 0.00546357874004 0.0111861474584 0.000873309200653 0.00633503907007 0.00712368302767 0.0320745018241 0.00833242924166 0.0109292019706 0.00389022690988 -0.00243370789725 0.0316928724819 0.202717160897 0.0180448971854 0.00627690711008 0.000396481617265 0.0147739290171 -0.00935313655557 0.00217242629366 -0.00520766252565 -0.00181594859902 
0.0120219747469 0.0258367522359 0.011915372312 0.0354810822475 0.0196740556685 0.0116418371115 0.028524314974 0.0136696391403 0.030240172057 0.0397160812401 0.00358409776644 0.0197410738992 0.00889640955566 0.00979708675324 0.00641759681783 -0.0218423987944 0.0266426769452 0.03208620673 0.00803716072547 0.0021781370796 -0.0270962233209 0.0195619682407 0.00562281555168 0.0159339792097 0.0270051302476 0.00935993101477 0.0719911362397 0.0400433247892 -0.00191077036665 0.0354722582516 0.00500139733778 0.0323683285205 0.0228592139627 -0.000618382413733 0.0409157352541 -0.0138993098166 0.0156570314156 0.0391638628004 -0.00798256839156 -0.0193418786574 0.0324170583718 0.0180448971854 0.254487719142 0.0490221789264 0.0126987789871 0.00727908000251 0.0306743222025 0.00605002460341 0.0727411997295 0.00224002013758 
0.00638007639092 0.0281941650916 0.0174685045624 0.0443462855062 0.0415914336673 0.0172549146355 0.0606467550193 0.0509005700907 0.0309734657062 0.0103804722265 0.0313743209313 0.0466526292102 0.0300670223822 0.00508639138119 0.0158425694635 0.00762766964976 0.0164209383026 0.0639870456258 0.0138884792945 0.0220645588415 -0.0220042035487 0.0380231623404 -0.00697898658279 0.0134670422601 0.0319371481044 0.00362100853072 0.00974012269299 0.0114273757408 0.025127302856 0.00472014567123 0.0198413431766 0.0165888186467 0.07379608785 0.0153696441361 0.0356747408513 0.0152172247524 0.0218937233648 0.0284505939793 -0.00825696542375 0.0142961565843 0.0319158041753 0.00627690711008 0.0490221789264 0.322258126938 0.0198679540697 -0.000949640504473 0.0275136875501 0.00971206200905 0.027294196236 0.0165385597387 
-0.00585034516737 0.0340672298251 0.0183171749977 0.0625529173986 0.0420563195252 0.00271673828067 0.0277270785062 0.0203419111774 0.000344047901512 0.0317393329161 0.0150638171104 0.0101018481452 0.00737852137738 0.00796702469613 -0.000810778581658 0.00682622886115 0.0578924513338 0.0132692120635 0.00878264077916 0.0513877009288 -0.0333888500428 0.0455034469197 0.00573406244854 0.0240338291786 0.0132669940057 0.035590790089 -0.00311274391874 -0.0152982407108 0.0100047069295 0.0538206038409 0.027827630894 -0.00778889616794 0.0311785578653 0.00986246222873 -0.00641516168682 -0.00430088341432 0.0238759564559 0.0157247897766 0.0176239782519 -0.00724304417764 0.00141807628268 0.000396481617262 0.0126987789871 0.0198679540697 0.38814299537 0.00366551122149 -0.000422754631374 0.00190693306697 0.00708370505265 -0.0161973850954 
0.0112930171507 0.000120924557508 0.00184361612672 0.0114342950752 0.00939922625067 0.00883674248864 -0.00662148557052 0.0175454259128 -0.0198670936535 0.00841827250706 0.0131469425183 0.0217092212974 0.016415390707 0.00901967456886 0.0159148053026 0.00353067794945 0.00418291293796 -0.00589316558565 0.0157901416446 0.00660319826207 0.00157723714881 0.0179098894937 0.0106212000583 0.0420530534245 0.0107408846522 0.0121131437439 0.0115468669305 0.0084414067793 -0.000117612535385 0.0154655400934 0.00898122562043 0.00329846896661 0.0132050896507 0.00805303727826 0.00264286719799 0.00357130734826 0.00300216864085 0.0110474781739 0.00433927633864 0.00471738253065 0.018648422748 0.0147739290171 0.00727908000251 -0.000949640504473 0.00366551122149 0.130973468017 -0.00744001355588 0.0202153588192 0.0196361012727 -0.013566480162 
0.0366222355151 -0.00533812493485 -0.00272144589248 0.009972181974 0.0506092705869 -0.0127855026579 0.0194402705038 0.0380489484252 0.0575241166763 0.0310351376362 0.0210353495054 0.00882290383802 0.00949822163767 0.00504769817476 -0.00734317874166 -0.00417380932791 0.025346926219 0.00804647431401 0.0140609165329 0.0218806203367 -0.00362931929776 -0.00249917574577 0.010247980078 0.0122504174006 -0.0173271736156 -0.0134954134567 -0.000320127154398 -0.00282406124188 -0.0364615751655 0.0196693149037 0.0130747531868 -0.037356399555 0.00629696651442 0.00774733279882 -0.027990599301 0.012942589516 0.0244802143178 0.0710779724745 0.00385230900447 -0.0103746039329 0.0269297968199 -0.00935313655557 0.0306743222025 0.0275136875501 -0.000422754631374 -0.00744001355588 0.361148108799 -0.00637050547353 0.0151861226983 0.0231490798715 
