50
0.0430779984078 0.00238062118955 0.134016582451 0.144106781955 0.0917148498368 0.0795042219188 0.0916609470377 0.0309991269713 0.0449819155318 0.135547989167 0.102922334335 0.39235550597 0.234257183995 0.0170913584406 0.0524718958424 0.0335790413719 0.100072423231 0.101801748802 0.0101927526284 0.0594362545722 0.033790820858 0.0979044774238 0.101022755506 0.0485380268731 0.0493961611292 0.0300827450696 0.13534553156 0.135848421796 0.0398839612709 0.0038222736377 0.0598638009539 0.0705908558691 0.0798623823862 0.11775000089 0.104550469133 0.0723841835345 0.0658076634161 0.0243185800675 0.109746753301 0.0372282541949 0.0950879331279 0.106465020668 0.138189015222 0.0590120409917 0.0785253906611 0.134581744136 -0.0148687542544 0.0623269012124 0.0262084488718 0.121962687623 
0.328043472545 0.000668576287403 0.0165107449205 0.00288501145691 0.0214382847867 0.00202233328473 -0.00789253510266 -0.00489531472578 0.00890618233609 0.0052896789732 0.0171006854765 0.000824377768808 0.0105963910911 0.00336474130866 0.0139295595388 0.0189309813079 0.0395985904826 -0.0206144900737 0.0167710865267 0.0164914264894 0.00077497526399 0.000905615580792 0.0057646737107 0.0148034328489 0.010970747939 0.0255403619214 0.0172959362876 0.00734727212568 0.0161611523278 0.0285414996263 0.0142888521917 0.05230214827 -0.0162568872143 0.0435891864621 0.00137744059242 0.00223012427489 0.0240071062383 0.0235208977296 0.00283385099759 0.00144089702824 0.00507311276926 0.00466707191025 0.0261924432594 0.00854250156218 0.0261064759162 0.0449481785417 0.00355334871467 0.0294879145093 0.0148835608241 -0.0124625048154 
0.000668576287403 0.12276866537 0.00999717904725 0.0154397686047 0.0198433288583 0.0184479571485 0.00155999466701 0.0141680748894 0.0243226741782 -0.000359396740444 0.00719338680438 0.00375516080865 0.0109014290418 0.00895475832246 0.0106572958771 0.0117134626282 0.0151310429101 0.0105891206637 0.00131863800486 0.0179655906699 0.00911331696233 0.00228920039245 0.0150664566833 0.0117859420146 0.0150693404534 0.0137332420267 0.0160292418612 0.012113270048 0.0114800551895 0.0181480774336 0.0229068127941 0.0130340439696 0.0279158442381 0.0321327489722 -0.00011157804049 0.0245335462584 0.00535731156842 0.0172344796917 0.00888040473818 0.00612825154595 0.0128730000392 0.014625714828 0.0219141215202 0.010277259968 0.00992480999331 -0.00820519246062 0.0455201430407 0.0186395187089 0.0139695316612 0.0370930421778 
0.0165107449205 0.00999717904725 0.209519930526 -0.00834571321217 0.0176276664329 0.0220042809282 0.0169465897152 -0.0103056187015 0.0516558298828 0.00535185661911 0.0144249641272 0.0358443138441 -0.00234094510638 0.0226536887382 0.00605874884738 -0.0048360233762 1.36104930524e-05 0.00491781924514 0.0122173515386 0.0164793307953 -0.00310451670474 0.0142780872288 0.00613798520444 0.027509203261 0.00322271550219 -0.00223805127364 0.0236697942273 0.0198696606009 0.00629760861001 0.00862537995843 0.0184250093086 -0.00244988362302 0.00761104479392 0.0344966064633 0.00807273634998 0.065905808572 0.00705933721808 0.0194784241419 0.0135830372007 0.00939023454238 0.0335660922293 0.0135422651558 0.010341088961 -0.000225331186836 0.0218051468133 0.0233022183827 0.00816283505604 0.0315919139435 0.0148386805666 0.0165395404907 
0.00288501145691 0.0154397686047 -0.00834571321217 0.276386423695 0.00322305997961 0.00354328550508 0.046762301619 -0.0179325090651 0.00625535710256 0.0502794390312 0.0344997713646 0.115245502432 0.0118445674878 -0.00276174752814 0.0254799821802 0.00931193570995 0.0272623532351 -0.00522542095138 -0.000478595802206 -0.0162174158913 -0.00953692237611 0.0236136056818 0.0306349268801 -0.00101311399361 0.028545396652 -0.0190860072957 0.0175692954876 0.0277299145284 0.000991510948256 0.000225140088897 0.000306111982307 0.0485803663239 0.00427501308097 -0.00154311067708 0.0431517612944 0.0348197962635 -0.00476374554505 0.00398706910343 0.124403650714 -0.00838108372481 0.0241966159827 0.0113892561367 0.0106573186788 -0.0147681815016 -0.00865361328822 0.0128736926175 -0.010508395992 0.0108028963573 0.0130036768017 -0.00075904719674 
0.0214382847867 0.0198433288583 0.0176276664329 0.00322305997962 0.165270299648 0.0230768751414 -0.00161516290095 0.00564333528504 0.0361227612343 0.013851541789 0.00984622090207 0.00243778718934 -0.022511129407 0.0452971719211 0.0138230391667 0.0051249707087 0.0160028868901 0.000414941224831 0.0230118099481 0.0331703243219 0.0130601137852 -0.000208187824023 0.0123891895709 0.00934224673904 0.0169726398256 0.0111635084047 0.0334619774775 0.00610359324615 0.0290606186697 0.0267762732822 0.0756120675408 0.00536633587012 0.0166612078465 0.0521744165141 0.020346515973 0.0231960319926 0.00629861265006 0.0298911416063 0.00868145041205 0.0147895805253 0.0382514585008 0.0144913502322 0.0306454503192 0.019370941466 0.0273967817937 0.00808310963235 0.00458659001699 0.0362030110164 0.0322174457909 0.0194102419435 
0.00202233328473 0.0184479571485 0.0220042809282 0.00354328550508 0.0230768751414 0.266991904034 -0.00477925431545 0.000459085661335 0.0188457311003 0.00655851805939 0.0278404791918 0.00526067748602 0.0122627874634 0.0167958799152 -9.37668307241e-05 0.0509955917488 0.00388561204523 -0.0063177096618 0.00012582154982 0.0108318754243 0.0104557844511 0.00899346644283 -0.0078272158817 0.0100162924274 0.00770085705666 0.0096146949441 0.0110704515542 0.00184258394231 0.0131388981822 0.00924108003808 0.0265321929136 0.0415516630594 0.00285044021451 0.00943234866593 0.0203717858604 -0.00331525933928 0.0117626721238 0.0164234765731 0.0249124522171 0.0187757276092 0.0238168656592 0.0213613165573 0.0266174859069 0.0135650429508 0.0183441646895 0.0249570039482 0.0114241697041 0.0177284432465 0.0478464409138 0.0230787359644 
-0.00789253510267 0.00155999466701 0.0169465897152 0.046762301619 -0.00161516290095 -0.00477925431545 0.422184584775 0.000956696405588 0.00300846635627 0.0167818120794 0.000639373308754 0.0138270728643 0.0143352506512 -0.00474328517372 -0.0045201671389 0.0156608711211 0.0453041666495 0.0031808536549 0.0189315646021 0.0101215164905 -0.00390099556381 -0.00233532570559 0.0137530158869 0.00463974062038 0.00641283654248 -0.00943412725147 0.0010437394844 0.013903666012 -0.0121812311716 -0.00121182228344 0.00286476267346 0.02074866201 0.0197243566399 -0.00894210380481 0.00608612978412 0.0273645926707 -0.00359899430458 0.027062545369 0.0680177812253 0.0194171417173 0.0188509815031 0.0064514002681 0.0207002428685 -0.00463739544211 0.00969871453275 0.048532605809 -0.0103742467619 0.0103635841025 0.0603870256917 0.0362140962222 
-0.00489531472578 0.0141680748894 -0.0103056187015 -0.0179325090651 0.00564333528504 0.000459085661335 0.000956696405588 0.441807909782 -0.00655980972853 0.0362306303986 0.00704750348072 -0.0124188212771 0.013221139904 0.0134652748443 0.008128813024 -0.00589043450677 0.0304865881422 0.0197762733701 0.0321414420051 0.0259096183 0.0163389124487 0.0147755965984 -0.0151090134572 0.00583593571501 0.00427752218133 0.00214754166788 -0.0155082892906 0.1810191659 0.0102508977521 0.0101285142428 0.02311141709 0.0254471456077 0.0133596843896 0.0338762963919 0.0286008159836 0.0157583747193 0.0609172315391 0.00617024003101 -0.00512747732125 0.00062307832061 0.0174909536283 0.00335337515467 0.0375907231574 0.0206944301016 -0.00739236378974 0.0088222048706 0.00112893680211 0.00484025243727 0.0287359760285 -0.0208507564066 
0.00890618233609 0.0243226741782 0.0516558298828 0.00625535710256 0.0361227612343 0.0188457311003 0.00300846635628 -0.00655980972853 0.210322814381 0.00614421567398 0.0119240694182 0.0233999261179 -0.0127713063463 0.0440529965538 0.0220277465878 -0.0036004215364 -0.013451106231 0.0118760590869 0.0258797807755 0.0143833493031 0.00654924794779 0.0287110129856 0.0277371748881 0.0314022518663 -0.00139932338545 0.0204031770958 0.0270413306529 0.00272663384648 0.0142549805406 0.0207043413384 0.0353614896898 0.011330408336 -0.00352044934402 0.00502334720487 0.00557257915415 0.0275513940148 0.0165420505294 0.014327948692 0.00819520208951 0.00510793110549 0.0494150932242 0.0156154980645 0.0147431233762 0.0245163655746 0.029123184387 0.0354319941443 0.0145956615944 0.0273291727164 0.0169090656157 0.0185598524257 
0.0052896789732 -0.000359396740443 0.00535185661911 0.0502794390312 0.013851541789 0.00655851805939 0.0167818120794 0.0362306303986 0.00614421567398 0.409166942917 0.00956466334262 0.231231319713 0.0068794856581 0.00654289380906 0.00753611196981 0.00819056684306 -0.000651230766883 0.0120047129857 0.00539058412444 0.0105503706555 0.00184742782078 0.0282992346482 -0.0211964355416 0.00883815560279 0.0175848864775 -0.00979321067357 0.00508550919306 0.0495052502827 -0.00115047667643 0.0287407234223 -0.000686105828623 0.0204734158475 -0.0259311637002 0.0132791031294 0.127398245186 0.0300092075678 -0.0103056380277 -0.0205974624076 0.0863453141268 0.00355810268117 0.0133710067312 -0.00347393069478 0.00834625973605 0.00101372508847 0.0201931567889 0.00378427617226 0.00280606591966 0.000224702939214 -0.0115862241671 -0.0237872133137 
0.0171006854765 0.00719338680438 0.0144249641272 0.0344997713646 0.00984622090207 0.0278404791918 0.000639373308755 0.00704750348072 0.0119240694182 0.00956466334262 0.354191365593 -0.0170111549504 -0.0194174448907 0.0185279251819 0.00555443654133 0.0358189447306 0.0079061718147 0.0111897941136 0.0114349857094 0.00877358023104 0.015469834773 0.0182066915428 -0.00353220641755 0.00661748046517 0.0225930264403 0.00840560553791 0.0229662322575 0.0375548275009 -0.0198920399553 0.0195753647403 0.00392579302209 0.0241052807374 0.00138370597871 0.0664404584647 0.013389046758 -0.00491059175491 0.0238321086352 0.0119750050372 -0.0177203838167 0.0333655161834 0.0169049640863 0.0147364062266 0.0269228239046 0.000130038594701 0.0666568107378 0.0698468255546 0.000605774105998 0.0153927610308 0.0363497854599 0.00429284669643 
0.000824377768808 0.00375516080865 0.0358443138441 0.115245502432 0.00243778718934 0.00526067748602 0.0138270728643 -0.0124188212771 0.0233999261179 0.231231319713 -0.0170111549504 3.18923527507 0.0421646537055 0.0121557050329 0.0879290634368 -0.000808612800544 0.0938081543732 -0.013176450778 0.0293995336935 -0.0171073783407 0.00895145753641 -0.0186534309311 -0.0260094193163 0.0316203023883 -0.0243443166647 0.0134759935815 0.0661857930406 -0.0136261990168 0.00859731647346 0.00133039207879 0.000111755720096 0.00927720737605 -0.0236169129291 0.00781236582089 0.0609014282079 -0.015228419425 0.00946108053259 0.00771012326691 0.00753274704716 0.0402217954074 0.088440829031 0.0325452797343 0.136624786532 -0.0052796381715 -0.00671096568539 -0.0110352188909 0.00594002685498 0.0127019477856 0.00302375453803 -0.00526093530233 
0.0105963910911 0.0109014290418 -0.00234094510638 0.0118445674878 -0.022511129407 0.0122627874634 0.0143352506512 0.013221139904 -0.0127713063463 0.0068794856581 -0.0194174448907 0.0421646537055 1.25434568696 0.0141131979396 0.00358179686458 0.00206455144189 -0.00971519890805 0.0103818596813 -0.0273126069129 0.0430678315639 0.0174896334007 -0.0139286500455 -0.0204246109365 0.0217524551669 -0.0129293002763 0.035723065667 0.0371182325944 -0.0055439704667 0.0242680638468 0.0107839761867 0.0101845245988 0.0595767419915 0.02978943029 0.0219288244336 -0.0229557569134 0.0696231726248 -0.0117558023749 0.0323039129827 0.0129667620666 0.0293984302364 0.00809117102709 -0.00427244781008 0.0297536569186 -0.00529924612845 0.0418390433283 -0.00521321849078 -0.0110408839055 0.0576220937314 0.00403529838328 0.0340194000254 
0.00336474130866 0.00895475832246 0.0226536887382 -0.00276174752814 0.0452971719211 0.0167958799152 -0.00474328517372 0.0134652748443 0.0440529965538 0.00654289380906 0.0185279251819 0.0121557050329 0.0141131979396 0.205285115184 0.0201434660218 0.0154629181818 -0.0231120462463 0.0115086030157 0.0192786279339 0.0438530012898 0.0119540029174 0.0347200158934 0.0217297675334 0.0281120746593 0.000743601470632 0.0168529968692 0.0245120012493 0.00653601413609 0.0121034269 0.037720863942 0.0374301148208 0.0157259666198 0.00139763015069 0.0485921214857 -0.00187658989897 -0.0149226911932 -0.00509569786075 0.00577995154843 0.00170691767665 0.0142942987352 0.0486116424225 0.0286393834917 0.0133183931459 0.0153417697802 0.0179760383381 0.0275127392072 0.0242329837287 0.016322392657 0.0430169223741 0.0202923194505 
0.0139295595388 0.0106572958771 0.00605874884738 0.0254799821802 0.0138230391667 -9.37668307241e-05 -0.0045201671389 0.008128813024 0.0220277465878 0.00753611196981 0.00555443654133 0.0879290634368 0.00358179686458 0.0201434660218 0.176161731375 0.0301767114075 0.0158165806025 0.00801501018039 0.0111606385284 -0.00148116863453 0.0189605041912 0.016980158683 0.0117622467535 0.023247897716 0.000983001537723 0.0131536291532 0.0166490201576 0.00509730610139 0.00861201704203 0.0183970201674 0.0129042072601 0.0305865134133 -0.00799175912648 0.0128089952743 0.0287560540859 0.0307322016605 0.0176189465106 0.00876647132932 0.0118713001572 0.0216956555343 0.0117549583924 0.0236771512518 0.00215734536553 -0.00652249000101 0.0199127450769 0.0114821230875 -0.00429412335972 0.0152894244818 0.00410312002111 -0.0105742366638 
0.0189309813079 0.0117134626282 -0.0048360233762 0.00931193570995 0.0051249707087 0.0509955917488 0.0156608711211 -0.00589043450677 -0.0036004215364 0.00819056684306 0.0358189447306 -0.000808612800544 0.00206455144189 0.0154629181818 0.0301767114075 0.232864383196 0.0184748218079 0.0055540218697 -0.0149957861741 0.0271060361779 0.00150289319208 0.0400974790951 0.011642516183 0.0100448046002 0.0105723347007 0.00270759074711 0.0153877098634 0.00676018929187 0.00452860221585 0.0209099442976 -0.00681112148365 0.025209180661 -0.00156204301336 0.0116918505864 0.0174615775856 0.0231646615799 0.00646203034655 0.00121907898616 0.0123567525908 0.0182312815726 0.0048538037591 0.0167463907593 0.0105795119416 -0.00991499131265 0.0258041517633 0.0155073142825 -0.00403386803432 0.0340443197657 0.0239079310448 0.00413231499324 
0.0395985904826 0.0151310429101 1.36104930526e-05 0.0272623532351 0.0160028868901 0.00388561204522 0.0453041666495 0.0304865881422 -0.013451106231 -0.000651230766883 0.0079061718147 0.0938081543732 -0.00971519890805 -0.0231120462463 0.0158165806025 0.0184748218079 0.470980938816 0.0439201028888 0.0158713282817 0.034988255937 -0.00135443275935 0.0104142931433 -0.0103759138954 -0.00643226565511 0.0317304598272 0.014595570287 0.00719424668147 0.0157892345638 0.00370925131267 0.00538136312693 0.0198356209773 0.0854446638859 0.00908544102276 0.0158020101335 0.0209791075358 0.0120400981534 0.0375176093206 0.00565795774975 0.0386043086901 -0.00709370346713 0.0127311579348 0.00588621540709 0.00588785949075 0.0393000302901 -0.0136872483926 0.0151675032589 0.0136204366487 0.00225720196998 0.00345649275437 0.0432191183308 
-0.0206144900737 0.0105891206637 0.00491781924514 -0.00522542095138 0.000414941224831 -0.0063177096618 0.0031808536549 0.0197762733701 0.0118760590869 0.0120047129857 0.0111897941136 -0.013176450778 0.0103818596813 0.0115086030157 0.00801501018039 0.0055540218697 0.0439201028888 0.251160041801 0.0186098587384 0.0219638728947 0.01497768088 0.0190731253197 0.00862543737046 -0.0062361797815 0.135638600753 0.00599438865775 0.0174733645524 -0.0101635305714 0.0154576044319 0.0114097393886 0.00131918110642 0.0187841335323 0.0394085763492 0.0139435815907 0.0366239773685 0.0201107406537 0.000878782855604 0.0113538572324 -0.0047774565552 0.0227433806247 0.0258582575836 0.000258026053401 0.0507116765907 0.100838852456 0.00417306488975 0.0168234451636 0.0241018261 0.00562725751985 -0.00119886462001 0.0231786209162 
0.0167710865267 0.00131863800486 0.0122173515386 -0.000478595802206 0.0230118099481 0.00012582154982 0.0189315646021 0.0321414420051 0.0258797807755 0.00539058412444 0.0114349857094 0.0293995336935 -0.0273126069129 0.0192786279339 0.0111606385284 -0.0149957861741 0.0158713282817 0.0186098587384 0.244244932023 0.00383638216746 0.0258271591837 0.012782986261 0.0154758893194 0.0238257482265 0.00883737834861 0.0090774839591 0.00379884645475 0.0105075225348 0.0100506478259 0.0219035431998 0.0247969656541 0.0153472351512 0.0123369712414 0.0296974853093 0.0606968667943 0.012063113443 0.0119090619123 0.00110896563193 0.00493257293334 -0.000279187580793 0.0216405634671 0.0106329395599 0.0307631573746 0.0297057098074 0.034760687571 0.0131056508644 0.0118430568327 0.035074824205 0.0359429730105 0.0116304070773 
0.0164914264894 0.0179655906699 0.0164793307953 -0.0162174158913 0.0331703243219 0.0108318754243 0.0101215164905 0.0259096183 0.0143833493031 0.0105503706555 0.00877358023104 -0.0171073783407 0.0430678315639 0.0438530012898 -0.00148116863453 0.0271060361779 0.034988255937 0.0219638728947 0.00383638216746 0.270342917385 0.00744622738509 0.0199043249786 0.00812980289654 0.00132249066136 0.0139155564135 0.0157285514161 0.0264509061435 0.00510948644023 0.0112316622772 0.0156620215492 0.0265141430043 0.00233978901678 0.0273675047257 0.0746261271569 0.023171963983 0.014513012193 -0.00437604764963 0.0323218214139 0.0111229685418 0.0180793770948 0.0153012408834 0.0258276346389 0.0414416812335 0.0183116573237 0.00884018683957 0.00844451437269 0.0140807335813 0.0328953191384 0.0385747381525 0.0253826559395 
0.00077497526399 0.00911331696234 -0.00310451670474 -0.00953692237611 0.0130601137852 0.0104557844511 -0.00390099556381 0.0163389124487 0.00654924794779 0.00184742782078 0.015469834773 0.00895145753641 0.0174896334007 0.0119540029174 0.0189605041912 0.00150289319208 -0.00135443275935 0.01497768088 0.0258271591837 0.00744622738509 0.178415109237 0.00224723483372 0.0247662016972 0.0081875229833 -0.000280011081687 0.00234108137291 0.0234187215148 0.00808340573171 0.0339718499674 0.0108127879609 0.00843433617657 0.00530909167269 0.0214136827863 0.0174867908462 0.0130555071472 0.0137332888409 -0.00632127346394 0.00624453298297 -0.00617956796316 0.0248368221337 0.0137398258609 0.0354193984786 0.00800437841079 0.0213895823147 0.027865134657 -0.0111075404443 0.0105082582716 0.0102654953905 0.0304253619787 0.000721840547874 
0.000905615580793 0.00228920039245 0.0142780872288 0.0236136056818 -0.000208187824023 0.00899346644283 -0.00233532570559 0.0147755965984 0.0287110129856 0.0282992346482 0.0182066915428 -0.0186534309311 -0.0139286500455 0.0347200158934 0.016980158683 0.0400974790951 0.0104142931433 0.0190731253197 0.012782986261 0.0199043249786 0.00224723483372 0.515568965549 -0.0132528813137 0.0280047816314 0.0274035176325 -0.0051059886934 0.00648873665609 0.00089239224534 0.000739479807161 0.00200548843051 0.0276103327836 0.010591775141 -0.0167258956865 0.00594175715363 0.0184658303956 0.0242732771537 0.0447470722935 0.00885156944164 0.0228724005028 -3.42468223364e-05 0.00959980752011 -0.0023224477688 0.0066245504146 -0.00191041401936 0.0160928029341 0.0192263225039 0.0155024694846 0.0508969446536 0.00028527197513 0.0189732776348 
0.0057646737107 0.0150664566833 0.00613798520444 0.0306349268801 0.0123891895709 -0.0078272158817 0.0137530158869 -0.0151090134572 0.0277371748881 -0.0211964355416 -0.00353220641755 -0.0260094193163 -0.0204246109365 0.0217297675334 0.0117622467535 0.011642516183 -0.0103759138954 0.00862543737046 0.0154758893194 0.00812980289654 0.0247662016972 -0.0132528813137 0.462050342408 0.0100439879721 0.0184448530733 0.0424283272515 0.00444695165459 0.00148130212866 0.00934767248571 0.00720006868825 0.00805448632157 -0.0219331036628 -0.00664979536299 -0.0104656378687 0.00768967460399 0.00243391699755 0.00879758242455 0.0115588347548 -0.0180373286766 0.0221908735379 0.0623166928348 0.0186587060931 0.00484908414797 -0.000441771631469 -0.0123587927926 0.0299264018577 0.0182511079051 0.00794402454812 0.0015665090365 0.00874151062065 
0.0148034328489 0.0117859420146 0.027509203261 -0.00101311399361 0.00934224673904 0.0100162924274 0.00463974062038 0.00583593571501 0.0314022518663 0.00883815560279 0.00661748046517 0.0316203023883 0.0217524551669 0.0281120746593 0.023247897716 0.0100448046003 -0.00643226565511 -0.0062361797815 0.0238257482265 0.00132249066136 0.0081875229833 0.0280047816314 0.0100439879721 0.186938925272 -0.0140954494766 0.00191279431728 0.00926547597049 0.0322925418853 0.000873167765961 0.0123789636855 0.0210910155576 0.0115342042855 0.00107376616882 0.0355186682427 0.0125725447672 0.0145307852348 0.0153122406649 0.00721025764589 0.000955058755282 0.0311775520604 0.0283257665695 0.0159797496652 0.0164873410213 -0.00289451099383 0.0104699463577 0.0238780681575 0.00746730276754 0.0301415055615 0.0132142809467 0.00335691528142 
0.010970747939 0.0150693404534 0.00322271550219 0.028545396652 0.0169726398256 0.00770085705666 0.00641283654248 0.00427752218133 -0.00139932338545 0.0175848864775 0.0225930264403 -0.0243443166647 -0.0129293002763 0.000743601470633 0.000983001537723 0.0105723347007 0.0317304598272 0.135638600753 0.00883737834861 0.0139155564135 -0.000280011081688 0.0274035176325 0.0184448530733 -0.0140954494766 0.387365840831 -0.00911719719599 0.0231682412632 0.0109978924833 0.0073689529124 0.0164706962024 0.0135644582917 0.0029881959005 -0.00874010862469 0.00767124362076 -3.34636159103e-05 0.0132365174892 -0.00263239466801 0.00941669649204 0.0207422927919 0.00929032943941 0.00615485698556 0.00366040211908 -0.00984504964679 0.114316968015 0.0127854415494 -0.00340410976766 0.00724902040003 0.00685374872741 0.00635636865989 0.00697840283489 
0.0255403619214 0.0137332420267 -0.00223805127364 -0.0190860072957 0.0111635084047 0.0096146949441 -0.00943412725147 0.00214754166788 0.0204031770958 -0.00979321067357 0.00840560553791 0.0134759935815 0.035723065667 0.0168529968692 0.0131536291532 0.00270759074711 0.014595570287 0.00599438865775 0.0090774839591 0.0157285514161 0.00234108137291 -0.0051059886934 0.0424283272515 0.00191279431727 -0.00911719719599 0.1478016153 0.00568980647306 -0.00236056475075 0.00948316231715 0.00480147618793 0.022334260289 0.00242334055092 -0.00647807713379 -0.0106046302417 0.00656494294164 0.00807342362664 0.00688112288848 0.0159610772324 -0.0155208456867 0.0171582588664 0.00569890769861 0.00322510489873 0.0103484542759 0.00764831837828 -0.00879440865773 -0.00524241290512 0.00578732088195 0.000380302576029 0.00735797817552 0.0035570874064 
0.0172959362876 0.0160292418612 0.0236697942273 0.0175692954876 0.0334619774775 0.0110704515542 0.00104373948441 -0.0155082892906 0.0270413306529 0.00508550919307 0.0229662322575 0.0661857930406 0.0371182325944 0.0245120012493 0.0166490201576 0.0153877098635 0.00719424668147 0.0174733645524 0.00379884645475 0.0264509061435 0.0234187215148 0.00648873665609 0.00444695165459 0.00926547597049 0.0231682412632 0.00568980647306 0.204760282564 0.0315685427765 -0.00412907295936 0.00895474386765 0.0243790243215 0.0148689596623 0.0405938125108 0.0443496201323 0.0179127507037 0.0114767699146 0.0251867826916 0.00409973066974 0.0655578009122 0.0206384189265 0.0381928893867 0.0591421947072 0.0313750427876 0.0316582542249 0.0162694532093 0.0228890930982 0.00625785417778 0.0274104294602 0.0211064895612 0.0291802650587 
0.00734727212568 0.012113270048 0.0198696606009 0.0277299145284 0.00610359324615 0.00184258394231 0.013903666012 0.1810191659 0.00272663384648 0.0495052502827 0.0375548275009 -0.0136261990168 -0.0055439704667 0.00653601413609 0.00509730610139 0.00676018929187 0.0157892345638 -0.0101635305714 0.0105075225348 0.00510948644023 0.00808340573171 0.000892392245341 0.00148130212866 0.0322925418853 0.0109978924833 -0.00236056475075 0.0315685427765 0.59864110027 0.00699944956016 0.0115427162866 0.0109950882356 0.0183052485246 0.00056391126515 0.0322746850767 -0.00167582031057 0.0165278888286 0.0894549566674 -0.00976356099228 0.0197479421529 0.0198037813481 0.00756502957728 0.0348836586015 0.0011534938834 -0.00447169636861 -0.0186082454418 0.00161655234575 0.00683133481573 0.00860985622187 0.0183640320355 0.0183332727722 
0.0161611523278 0.0114800551895 0.00629760861001 0.000991510948256 0.0290606186697 0.0131388981822 -0.0121812311716 0.0102508977521 0.0142549805406 -0.00115047667643 -0.0198920399553 0.00859731647346 0.0242680638468 0.0121034269 0.00861201704203 0.00452860221585 0.00370925131267 0.0154576044319 0.0100506478259 0.0112316622772 0.0339718499674 0.00073947980716 0.00934767248571 0.000873167765962 0.0073689529124 0.00948316231714 -0.00412907295936 0.00699944956016 0.126351983538 0.00837204834921 0.0108052035778 0.00166152693738 -0.0186745295777 0.0306186292082 0.0135859866772 0.00957506313445 0.0113537485185 0.0178719695825 -0.00487205201194 0.00688394982533 0.0305469411527 0.0138768458406 -0.00428494392799 0.0106361617112 -8.53467167123e-05 0.00326313128493 0.0127832155964 0.0114818497823 0.000393366051274 0.0128199913582 
0.0285414996263 0.0181480774336 0.00862537995843 0.000225140088896 0.0267762732822 0.00924108003808 -0.00121182228344 0.0101285142428 0.0207043413384 0.0287407234223 0.0195753647403 0.00133039207879 0.0107839761867 0.037720863942 0.0183970201674 0.0209099442976 0.00538136312693 0.0114097393886 0.0219035431998 0.0156620215492 0.0108127879609 0.00200548843051 0.00720006868825 0.0123789636855 0.0164706962024 0.00480147618793 0.00895474386765 0.0115427162866 0.00837204834921 0.211836719672 0.0164618738398 0.0175493076528 0.0246238889974 0.0143316448681 0.00476503986797 0.00585552790728 0.00175170081227 0.00823518599084 0.0234127082975 0.00548129800387 0.0128238180378 0.00978789332196 0.0246118538614 0.0199837497323 0.00811503866672 -0.000743360358067 0.015216297404 0.0319025121676 0.0186200259791 0.0261858779982 
0.0142888521917 0.0229068127941 0.0184250093086 0.000306111982304 0.0756120675408 0.0265321929136 0.00286476267346 0.02311141709 0.0353614896898 -0.000686105828623 0.00392579302209 0.000111755720096 0.0101845245988 0.0374301148208 0.0129042072601 -0.00681112148365 0.0198356209773 0.00131918110642 0.0247969656541 0.0265141430043 0.00843433617658 0.0276103327836 0.00805448632157 0.0210910155576 0.0135644582917 0.022334260289 0.0243790243215 0.0109950882356 0.0108052035778 0.0164618738398 0.181655281707 0.0169722324851 0.0187395025785 0.0472018602058 0.0322492316132 0.0183909079719 0.0087018609984 0.0337872510198 0.0158460285284 0.0271258575454 0.0366976310046 0.0284531400758 0.0213138103939 0.00654367154015 0.0376606385768 0.00707226498558 0.0311664481619 0.0363750554286 0.0335136871491 0.030473842909 
0.05230214827 0.0130340439696 -0.00244988362302 0.0485803663239 0.00536633587012 0.0415516630594 0.02074866201 0.0254471456077 0.011330408336 0.0204734158475 0.0241052807374 0.00927720737605 0.0595767419915 0.0157259666198 0.0305865134133 0.025209180661 0.0854446638859 0.0187841335323 0.0153472351512 0.00233978901678 0.00530909167269 0.010591775141 -0.0219331036628 0.0115342042855 0.0029881959005 0.00242334055092 0.0148689596623 0.0183052485246 0.00166152693738 0.0175493076528 0.0169722324851 0.463232940936 -0.0123496485939 -0.0230506977542 0.0653208018021 -0.0106698846173 0.0155619855116 0.036558267916 0.0160009446468 0.00632448626362 0.0270102703184 0.00484381412266 0.015137403833 -0.000335824459308 0.015131119368 -0.00237359498865 0.0111645763849 0.0361524591773 0.00287869928646 0.00564090292441 
-0.0162568872143 0.0279158442381 0.00761104479392 0.00427501308097 0.0166612078465 0.00285044021451 0.0197243566399 0.0133596843896 -0.00352044934402 -0.0259311637002 0.00138370597872 -0.0236169129291 0.02978943029 0.00139763015069 -0.00799175912648 -0.00156204301336 0.00908544102276 0.0394085763492 0.0123369712414 0.0273675047257 0.0214136827863 -0.0167258956865 -0.00664979536299 0.00107376616882 -0.00874010862469 -0.00647807713379 0.0405938125108 0.000563911265151 -0.0186745295777 0.0246238889974 0.0187395025785 -0.0123496485939 0.389811706678 0.0623903565232 0.0340026685596 0.0280487061748 0.00650206860501 0.00166009431964 0.0131662804665 0.027288973971 0.0167667053096 -0.00615714127482 0.0244366555165 0.0167269704947 0.0071886793299 -0.00209154822789 0.0226817028805 0.0426228237951 0.0356395328733 0.148201042774 
0.0435891864621 0.0321327489722 0.0344966064633 -0.00154311067708 0.0521744165141 0.00943234866593 -0.00894210380481 0.0338762963919 0.00502334720488 0.0132791031294 0.0664404584647 0.00781236582089 0.0219288244336 0.0485921214857 0.0128089952743 0.0116918505864 0.0158020101335 0.0139435815907 0.0296974853093 0.0746261271569 0.0174867908462 0.00594175715363 -0.0104656378687 0.0355186682427 0.00767124362076 -0.0106046302417 0.0443496201323 0.0322746850767 0.0306186292082 0.0143316448681 0.0472018602058 -0.0230506977542 0.0623903565232 0.87333773955 0.0355435051385 0.00401851223353 0.0174007799597 -0.0387979497159 0.00868229822894 0.0187102634563 0.0103044365067 0.039876735106 0.0326147873903 0.0403612706787 0.0453571485941 0.0448136079914 0.0143183457282 0.0127159504528 0.169053195945 0.0379774636858 
0.00137744059242 -0.000111578040491 0.00807273634998 0.0431517612944 0.020346515973 0.0203717858604 0.00608612978412 0.0286008159836 0.00557257915415 0.127398245186 0.013389046758 0.0609014282079 -0.0229557569134 -0.00187658989897 0.0287560540859 0.0174615775856 0.0209791075358 0.0366239773685 0.0606968667943 0.023171963983 0.0130555071472 0.0184658303956 0.00768967460399 0.0125725447672 -3.34636159091e-05 0.00656494294163 0.0179127507037 -0.00167582031057 0.0135859866772 0.00476503986797 0.0322492316132 0.0653208018021 0.0340026685596 0.0355435051385 0.508129890751 0.0474053236146 -0.0197848766724 0.0098642706918 0.0809580915281 0.0249888110259 0.00593843653561 0.0172725435627 0.0106116185892 -0.00547513389108 0.044497456993 0.0549897879254 0.00374050016369 0.00973544379055 0.00749996264083 0.0370202863275 
0.00223012427489 0.0245335462584 0.065905808572 0.0348197962635 0.0231960319926 -0.00331525933928 0.0273645926707 0.0157583747193 0.0275513940148 0.0300092075678 -0.00491059175491 -0.015228419425 0.0696231726248 -0.0149226911932 0.0307322016605 0.0231646615799 0.0120400981534 0.0201107406537 0.012063113443 0.014513012193 0.0137332888409 0.0242732771537 0.00243391699756 0.0145307852348 0.0132365174892 0.00807342362664 0.0114767699146 0.0165278888286 0.00957506313445 0.00585552790728 0.0183909079719 -0.0106698846173 0.0280487061748 0.00401851223353 0.0474053236146 0.322309199294 -0.00803135544061 0.00367910142658 0.0690918596175 0.0233998505844 0.000396973692035 0.010501548157 0.0174543923575 0.00607345464561 0.01012580435 0.00814817912797 -0.000476393757611 0.0248139535729 0.0187268969943 0.0276907897735 
0.0240071062383 0.00535731156842 0.00705933721808 -0.00476374554505 0.00629861265006 0.0117626721238 -0.00359899430458 0.0609172315391 0.0165420505294 -0.0103056380277 0.0238321086352 0.00946108053259 -0.0117558023749 -0.00509569786075 0.0176189465106 0.00646203034655 0.0375176093206 0.000878782855603 0.0119090619123 -0.00437604764963 -0.00632127346394 0.0447470722935 0.00879758242455 0.0153122406649 -0.00263239466801 0.00688112288848 0.0251867826916 0.0894549566674 0.0113537485185 0.00175170081227 0.0087018609984 0.0155619855116 0.00650206860501 0.0174007799597 -0.0197848766724 -0.00803135544061 0.227541353572 0.0194161015501 0.0195462911333 0.0109053837481 0.0102639925834 -0.000123194355128 0.0107938664792 0.0175726331794 -0.004783608894 0.0108069937613 0.000146245544122 0.0185829154283 -5.40044160369e-05 0.00308025479816 
0.0235208977296 0.0172344796917 0.0194784241419 0.00398706910343 0.0298911416063 0.0164234765731 0.027062545369 0.00617024003101 0.014327948692 -0.0205974624076 0.0119750050372 0.00771012326691 0.0323039129827 0.00577995154843 0.00876647132932 0.00121907898616 0.00565795774974 0.0113538572324 0.00110896563193 0.0323218214139 0.00624453298297 0.00885156944164 0.0115588347548 0.00721025764589 0.00941669649204 0.0159610772324 0.00409973066974 -0.00976356099228 0.0178719695825 0.00823518599084 0.0337872510198 0.036558267916 0.00166009431964 -0.0387979497159 0.0098642706918 0.00367910142658 0.0194161015501 0.220844426575 0.00949146090928 0.00876440214015 0.00821345987007 0.00644362863289 -0.000919364021649 0.0101512264439 -0.00430621748257 5.01847121245e-05 0.0227047331617 0.0136398715854 -0.00598964893306 0.0212663590491 
0.00283385099759 0.00888040473818 0.0135830372007 0.124403650714 0.00868145041205 0.0249124522171 0.0680177812253 -0.00512747732125 0.00819520208951 0.0863453141268 -0.0177203838167 0.00753274704716 0.0129667620666 0.00170691767665 0.0118713001572 0.0123567525908 0.0386043086901 -0.0047774565552 0.00493257293334 0.0111229685418 -0.00617956796316 0.0228724005029 -0.0180373286766 0.000955058755281 0.0207422927919 -0.0155208456867 0.0655578009122 0.0197479421529 -0.00487205201194 0.0234127082975 0.0158460285284 0.0160009446468 0.0131662804665 0.00868229822894 0.0809580915281 0.0690918596175 0.0195462911333 0.00949146090928 0.354133400559 0.0218347651721 0.0223272015572 0.0428589505388 0.0307015435853 -0.0015211490943 0.0246629249313 0.00714207689707 0.0138516725972 0.00507307883659 -0.00783699005669 0.00790787948745 
0.00144089702824 0.00612825154594 0.00939023454238 -0.0083810837248 0.0147895805253 0.0187757276092 0.0194171417173 0.00062307832061 0.00510793110549 0.00355810268117 0.0333655161834 0.0402217954074 0.0293984302364 0.0142942987352 0.0216956555343 0.0182312815726 -0.00709370346713 0.0227433806247 -0.000279187580792 0.0180793770948 0.0248368221337 -3.42468223367e-05 0.0221908735379 0.0311775520604 0.00929032943941 0.0171582588664 0.0206384189265 0.0198037813481 0.00688394982533 0.00548129800387 0.0271258575454 0.00632448626362 0.027288973971 0.0187102634563 0.0249888110259 0.0233998505844 0.0109053837481 0.00876440214015 0.0218347651721 0.176416035078 0.0286101165423 0.0227267355453 0.0456555220611 -0.000869765951737 0.0352021929934 0.01423815191 0.0146471187694 0.0155054127518 0.0363155481597 0.0294188205366 
0.00507311276926 0.0128730000392 0.0335660922293 0.0241966159827 0.0382514585008 0.0238168656592 0.0188509815031 0.0174909536283 0.0494150932242 0.0133710067312 0.0169049640863 0.088440829031 0.00809117102709 0.0486116424225 0.0117549583924 0.0048538037591 0.0127311579348 0.0258582575836 0.0216405634671 0.0153012408834 0.0137398258609 0.00959980752011 0.0623166928348 0.0283257665695 0.00615485698556 0.00569890769861 0.0381928893867 0.00756502957728 0.0305469411527 0.0128238180378 0.0366976310046 0.0270102703184 0.0167667053096 0.0103044365067 0.00593843653561 0.000396973692034 0.0102639925834 0.00821345987007 0.0223272015572 0.0286101165423 0.2659930352 0.0396231342461 0.0285019668707 0.0153160034957 0.033606917037 0.0629279093465 0.0149442644588 0.0309435779388 0.0212668770782 0.0224678608755 
0.00466707191025 0.014625714828 0.0135422651558 0.0113892561367 0.0144913502322 0.0213613165573 0.0064514002681 0.00335337515467 0.0156154980645 -0.00347393069478 0.0147364062266 0.0325452797343 -0.00427244781008 0.0286393834917 0.0236771512518 0.0167463907593 0.00588621540709 0.000258026053399 0.0106329395599 0.0258276346389 0.0354193984786 -0.0023224477688 0.0186587060931 0.0159797496652 0.00366040211908 0.00322510489873 0.0591421947072 0.0348836586015 0.0138768458406 0.00978789332196 0.0284531400758 0.00484381412266 -0.00615714127482 0.039876735106 0.0172725435627 0.010501548157 -0.000123194355127 0.00644362863289 0.0428589505388 0.0227267355453 0.0396231342461 0.246251104509 0.0280332818107 0.053627535642 0.0156965220065 0.0176224681715 0.0303478262138 0.0222777815732 0.0282559124811 0.0259672450152 
0.0261924432594 0.0219141215203 0.010341088961 0.0106573186788 0.0306454503192 0.0266174859069 0.0207002428685 0.0375907231574 0.0147431233762 0.00834625973605 0.0269228239046 0.136624786532 0.0297536569186 0.0133183931459 0.00215734536553 0.0105795119416 0.00588785949075 0.0507116765907 0.0307631573746 0.0414416812335 0.00800437841079 0.0066245504146 0.00484908414797 0.0164873410213 -0.00984504964679 0.0103484542759 0.0313750427877 0.0011534938834 -0.00428494392799 0.0246118538614 0.0213138103939 0.015137403833 0.0244366555165 0.0326147873903 0.0106116185892 0.0174543923575 0.0107938664792 -0.000919364021648 0.0307015435853 0.0456555220611 0.0285019668707 0.0280332818107 0.281117286094 0.0235657516731 0.0248195930267 0.0129207657055 0.0262746941299 0.0218001427246 0.0287381839553 0.0276211601172 
0.00854250156218 0.010277259968 -0.000225331186835 -0.0147681815016 0.019370941466 0.0135650429508 -0.00463739544211 0.0206944301016 0.0245163655746 0.00101372508847 0.000130038594702 -0.0052796381715 -0.00529924612845 0.0153417697802 -0.00652249000101 -0.00991499131265 0.0393000302901 0.100838852456 0.0297057098074 0.0183116573237 0.0213895823147 -0.00191041401936 -0.000441771631469 -0.00289451099383 0.114316968015 0.00764831837828 0.0316582542249 -0.00447169636861 0.0106361617112 0.0199837497323 0.00654367154016 -0.000335824459308 0.0167269704947 0.0403612706787 -0.00547513389108 0.00607345464561 0.0175726331794 0.0101512264439 -0.0015211490943 -0.000869765951736 0.0153160034957 0.053627535642 0.0235657516731 0.232474100507 -0.0188328259654 0.000526396775503 0.0180611987369 0.0284667384267 0.00681807206288 0.018420939722 
0.0261064759162 0.00992480999331 0.0218051468133 -0.00865361328822 0.0273967817937 0.0183441646895 0.00969871453275 -0.00739236378974 0.029123184387 0.0201931567889 0.0666568107378 -0.00671096568539 0.0418390433283 0.0179760383381 0.0199127450769 0.0258041517633 -0.0136872483926 0.00417306488975 0.034760687571 0.00884018683957 0.027865134657 0.0160928029341 -0.0123587927926 0.0104699463577 0.0127854415494 -0.00879440865773 0.0162694532093 -0.0186082454418 -8.53467167121e-05 0.00811503866672 0.0376606385768 0.015131119368 0.0071886793299 0.0453571485941 0.044497456993 0.01012580435 -0.004783608894 -0.00430621748257 0.0246629249313 0.0352021929934 0.033606917037 0.0156965220065 0.0248195930267 -0.0188328259654 0.317055131423 0.0306196134321 0.00921069999625 0.0295174347759 0.0269880508437 0.0237848101645 
0.0449481785417 -0.00820519246062 0.0233022183827 0.0128736926175 0.00808310963235 0.0249570039482 0.048532605809 0.0088222048706 0.0354319941443 0.00378427617226 0.0698468255546 -0.0110352188909 -0.00521321849078 0.0275127392072 0.0114821230875 0.0155073142825 0.0151675032589 0.0168234451636 0.0131056508644 0.00844451437269 -0.0111075404443 0.0192263225039 0.0299264018577 0.0238780681575 -0.00340410976766 -0.00524241290512 0.0228890930982 0.00161655234575 0.00326313128493 -0.000743360358067 0.00707226498558 -0.00237359498865 -0.00209154822789 0.0448136079914 0.0549897879254 0.00814817912797 0.0108069937613 5.01847121244e-05 0.00714207689707 0.01423815191 0.0629279093465 0.0176224681715 0.0129207657055 0.000526396775503 0.0306196134321 0.375345564418 -0.0192880775102 0.0236671011419 0.0424426547753 0.00600350109949 
0.00355334871467 0.0455201430407 0.00816283505604 -0.010508395992 0.00458659001699 0.0114241697041 -0.0103742467619 0.00112893680211 0.0145956615944 0.00280606591966 0.000605774105998 0.00594002685498 -0.0110408839055 0.0242329837287 -0.00429412335972 -0.00403386803432 0.0136204366487 0.0241018261001 0.0118430568327 0.0140807335813 0.0105082582716 0.0155024694846 0.0182511079051 0.00746730276755 0.00724902040003 0.00578732088195 0.00625785417778 0.00683133481573 0.0127832155964 0.015216297404 0.0311664481619 0.0111645763849 0.0226817028805 0.0143183457282 0.00374050016369 -0.000476393757611 0.000146245544122 0.0227047331617 0.0138516725972 0.0146471187694 0.0149442644588 0.0303478262138 0.0262746941299 0.0180611987369 0.00921069999625 -0.0192880775102 0.146440939253 0.0203300086872 0.0144500193577 0.0349626327031 
