20
0.0482129600444 0.0578888041786 0.085684238521 0.0123351660469 0.0639224219563 0.0605665428979 0.0963264580192 0.0262084488718 0.0392369654355 0.0657027666716 0.0616353203302 0.059162885268 0.0914492870129 0.201678989994 0.0950879331279 0.0662185328213 0.13190386478 0.0615160923796 0.155431064381 0.0521298167044 
0.291266345359 0.0448337579598 0.0179576899189 0.00501704395827 0.0195274370054 0.0101961609872 0.0292603578379 0.0281424819015 0.0213302874564 0.037083059805 0.00371955969989 0.0143425860965 0.0257976375494 0.0190498347088 0.0174260624599 0.0171107672027 0.0189947933181 0.0128118984924 0.0316542297886 0.023850422168 
0.0448337579598 0.457810429423 -0.00366302148221 0.00889446372759 0.0558140902208 0.00374580485269 0.015557399154 0.0347009238967 0.0101944618617 0.00528568367608 0.00499223116101 0.0107014802518 0.0643860314692 0.00741060474369 0.0107303623426 0.0255366014017 -0.0400320542483 0.0104681942776 -0.00510733828619 0.00293966922971 
0.0179576899189 -0.00366302148221 0.464330806261 0.00156225957019 0.0532278138567 0.0167745956057 0.0441300126301 -0.00303915430947 0.0201233593094 0.00158771099921 0.0285692371005 0.0305923408464 0.078610779095 0.0562967853178 0.0381076642764 0.0113004336224 0.00744499018714 0.0239005340196 -0.0346718891549 0.00722915207543 
0.00501704395827 0.00889446372759 0.00156225957019 0.227284872513 0.0216744473795 0.00305651629868 0.0561541114523 0.0294672971518 0.02350248583 0.027312916173 0.00791907202934 -0.0224271124224 0.0249192580527 0.0049926772067 0.0119143512969 -0.0038343035099 -0.00779927878835 0.00710458258387 0.00282444002162 0.0122691071942 
0.0195274370054 0.0558140902208 0.0532278138567 0.0216744473795 0.452912819568 0.0392888392606 0.0373335842443 0.0212636528723 0.0329930256429 0.00332259351107 0.0415682978982 0.0547529521471 0.0524812138809 0.0421626190575 0.0231729166409 0.068918504813 -0.0144170834454 0.0167589648434 0.0195449740182 0.0303110172604 
0.0101961609872 0.00374580485269 0.0167745956057 0.00305651629868 0.0392888392606 0.253847691576 0.0149434565758 0.072269289795 0.025125938911 0.0356357336641 0.03752470137 0.0110458586809 0.0524280601555 0.0121145200535 0.0226977808686 0.0171136572194 -0.00783033916049 0.00499340271809 0.0169426066787 0.0141728271036 
0.0292603578379 0.015557399154 0.0441300126301 0.0561541114523 0.0373335842443 0.0149434565758 0.460444897519 0.0442750136409 0.0536114493859 0.0182155105516 0.044095346551 0.00777773509603 0.062324399271 0.0455995704275 0.0336959606041 0.0285906294636 -0.0106154632087 0.0166760353014 0.00708790011581 0.0348576231608 
0.0281424819015 0.0347009238967 -0.00303915430947 0.0294672971518 0.0212636528723 0.072269289795 0.0442750136409 0.322154788965 0.037916069635 0.0384670139532 0.0452618671676 0.0261514456433 0.0698252632541 -0.00615484867968 0.026435759598 0.00202923380735 0.00685330087274 0.0155012325256 0.00577752604603 0.0397438580186 
0.0213302874564 0.0101944618617 0.0201233593094 0.02350248583 0.0329930256429 0.025125938911 0.0536114493859 0.037916069635 0.177318520234 0.0257675054808 0.0207937575938 -0.00380598999816 0.0542514599073 0.0111383846985 0.0690187379373 0.0211969523833 -0.00367801953807 0.0435290725226 0.0178101910991 0.0431816379065 
0.037083059805 0.00528568367608 0.00158771099921 0.027312916173 0.00332259351107 0.0356357336641 0.0182155105516 0.0384670139532 0.0257675054808 0.197124952637 0.0027715693551 -0.0102609468468 0.0226773221254 0.0192393659154 0.0278479191808 -0.00349270384117 -0.00274096644444 0.0256119157727 0.0320227736678 0.0230281357278 
0.00371955969989 0.00499223116101 0.0285692371005 0.00791907202934 0.0415682978982 0.03752470137 0.044095346551 0.0452618671676 0.0207937575938 0.0027715693551 0.277557944056 0.0180329247897 0.031590366135 0.0638601324473 0.0100185717619 0.0425168601736 0.0553969759547 0.0124468397444 0.0508330510384 0.033685542037 
0.0143425860965 0.0107014802518 0.0305923408464 -0.0224271124224 0.0547529521471 0.0110458586809 0.00777773509603 0.0261514456433 -0.00380598999816 -0.0102609468468 0.0180329247897 0.350529019623 0.0348652504195 -0.0209128784659 0.0083485667526 -0.0113848495104 -0.0027323574827 0.0258910171162 0.0216804582751 0.0064717085131 
0.0257976375494 0.0643860314692 0.078610779095 0.0249192580527 0.0524812138809 0.0524280601555 0.062324399271 0.0698252632541 0.0542514599073 0.0226773221254 0.031590366135 0.0348652504195 0.472803652891 0.00315079358783 0.0978340045914 0.0179949175873 0.00194859735799 0.0584100486086 0.0869174997347 0.0248683784967 
0.0190498347088 0.00741060474369 0.0562967853178 0.0049926772067 0.0421626190575 0.0121145200535 0.0455995704275 -0.00615484867968 0.0111383846985 0.0192393659154 0.0638601324473 -0.0209128784659 0.00315079358784 1.24369773765 0.0131946949304 0.0260054523661 0.00295444342116 0.021771768428 0.020466398472 0.0115929859973 
0.0174260624599 0.0107303623426 0.0381076642764 0.0119143512969 0.0231729166409 0.0226977808686 0.0336959606041 0.026435759598 0.0690187379373 0.0278479191808 0.0100185717619 0.0083485667526 0.0978340045914 0.0131946949304 0.289734806006 0.0191048522253 -0.0232164780613 0.0670738472398 0.0103164829746 0.0432793604442 
0.0171107672027 0.0255366014017 0.0113004336224 -0.0038343035099 0.068918504813 0.0171136572194 0.0285906294636 0.00202923380735 0.0211969523833 -0.00349270384117 0.0425168601736 -0.0113848495104 0.0179949175873 0.0260054523661 0.0191048522253 0.404241922522 0.0527783019796 0.0204170837159 0.0348459031032 0.0277827952456 
0.0189947933181 -0.0400320542483 0.00744499018714 -0.00779927878835 -0.0144170834454 -0.00783033916049 -0.0106154632087 0.00685330087274 -0.00367801953807 -0.00274096644444 0.0553969759547 -0.0027323574827 0.00194859735799 0.00295444342116 -0.0232164780613 0.0527783019796 1.06844989733 -0.00265854124776 0.0243710898446 0.0077550943646 
0.0128118984924 0.0104681942776 0.0239005340196 0.00710458258387 0.0167589648434 0.00499340271809 0.0166760353014 0.0155012325256 0.0435290725226 0.0256119157727 0.0124468397444 0.0258910171162 0.0584100486086 0.021771768428 0.0670738472398 0.0204170837159 -0.00265854124776 0.194595241286 0.0138360002452 0.0323800009074 
0.0316542297886 -0.00510733828619 -0.0346718891549 0.00282444002162 0.0195449740182 0.0169426066787 0.00708790011581 0.00577752604603 0.0178101910991 0.0320227736678 0.0508330510384 0.0216804582751 0.0869174997347 0.020466398472 0.0103164829746 0.0348459031032 0.0243710898446 0.0138360002452 0.707829630702 0.00372697470773 
0.023850422168 0.00293966922971 0.00722915207543 0.0122691071942 0.0303110172604 0.0141728271037 0.0348576231608 0.0397438580186 0.0431816379065 0.0230281357278 0.033685542037 0.0064717085131 0.0248683784967 0.0115929859973 0.0432793604442 0.0277827952456 0.0077550943646 0.0323800009074 0.00372697470773 0.160308064657 
0.0252244054348 0.00388271733403 0.00155518156631 0.000434488751976 0.00169112565175 0.000883013443602 0.00253402132114 0.00243721042523 0.00184725708072 0.00321148718412 0.0003221233191 0.00124210439155 0.00223414094754 0.00164976407957 0.00150914127782 0.00148183590757 0.00164499735531 0.00110954295651 0.00274133671341 0.00206550714885 
0.00388271733403 0.0396475461997 -0.00031722696582 0.000770283154113 0.00483364200203 0.000324396216005 0.00134731028842 0.00300518816293 0.000882866295017 0.000457753633985 0.0004323399007 0.000926775375616 0.00557599389012 0.000641777196544 0.000929276638054 0.00221153455402 -0.00346687759447 0.000906572217619 -0.000442308470156 0.000254582823165 
0.00155518156631 -0.00031722696582 0.0402122273981 0.000135295647509 0.00460966389878 0.00145272259327 0.0038217712007 -0.000263198483802 0.00174273403714 0.000137499805918 0.00247416850958 0.00264937443342 0.00680789317075 0.00487544462366 0.00330022053422 0.000978646259081 0.000644755063299 0.0020698469625 -0.00300267368053 0.000626062934515 
0.000434488751976 0.000770283154113 0.000135295647509 0.0196834473492 0.00187706220436 0.000264702076174 0.00486308870446 0.00255194279143 0.00203537497808 0.00236536792572 0.000685811755181 -0.00194224490913 0.00215807105171 0.00043237852939 0.00103181308927 -0.000332060424539 -0.000675437356191 0.000615274900092 0.000244603681019 0.00106253585119 
0.00169112565175 0.00483364200203 0.00460966389878 0.00187706220436 0.0392234007446 0.00340251328849 0.00323318323699 0.00184148635647 0.00285727983544 0.000287745038704 0.00359992019719 0.00474174474916 0.00454500644423 0.00365138991939 0.00200683344908 0.00596851759589 -0.00124855605122 0.00145136892955 0.0016926444016 0.0026250110962 
0.000883013443602 0.000324396216005 0.00145272259327 0.000264702076174 0.00340251328849 0.0219838549597 0.0012941413015 0.00625870408759 0.00217597013908 0.00308614506356 0.00324973446558 0.000956599422427 0.00454040319658 0.00104914821209 0.00196568548417 0.00148208619036 -0.000678127263323 0.000432441360519 0.00146727277901 0.00122740283152 
0.00253402132114 0.00134731028842 0.0038217712007 0.00486308870446 0.00323318323699 0.0012941413015 0.0398756978295 0.00383432865659 0.00464288771019 0.00157750948806 0.00381876903018 0.000673571617707 0.00539745130442 0.00394903863919 0.00291815578881 0.00247602114256 -0.000919326081167 0.00144418702054 0.000613830155978 0.00301875871728 
0.00243721042523 0.00300518816293 -0.000263198483802 0.00255194279143 0.00184148635647 0.00625870408759 0.00383432865659 0.0278994231194 0.00328362795156 0.00333134112912 0.00391979267899 0.00226478162728 0.0060470451804 -0.000533025531305 0.00228940393802 0.000175736802738 0.000593513265557 0.00134244611572 0.000500348432689 0.00344191906885 
0.00184725708072 0.000882866295017 0.00174273403714 0.00203537497808 0.00285727983544 0.00217597013908 0.00464288771019 0.00328362795156 0.0153562343084 0.00223153143386 0.00180079223163 -0.000329608402495 0.00469831424721 0.000964612410603 0.00597719803909 0.00183570992468 -0.000318525835558 0.00376972826078 0.00154240779381 0.0037396395404 
0.00321148718412 0.000457753633985 0.000137499805918 0.00236536792572 0.000287745038704 0.00308614506356 0.00157750948806 0.00333134112912 0.00223153143386 0.0170715216703 0.000240024946987 -0.000888624063618 0.00196391370504 0.00166617796355 0.00241170054531 -0.000302477025435 -0.00023737465718 0.00221805696988 0.00277325354959 0.0019942950542 
0.0003221233191 0.0004323399007 0.00247416850958 0.000685811755181 0.00359992019719 0.00324973446558 0.00381876903018 0.00391979267899 0.00180079223163 0.000240024946987 0.0240372230575 0.00156169709724 0.00273580595877 0.00553044969884 0.00086763376554 0.00368206809995 0.00479751884696 0.00107792794155 0.00440227135511 0.00291725351443 
0.00124210439155 0.000926775375616 0.00264937443342 -0.00194224490913 0.00474174474916 0.000956599422427 0.000673571617707 0.00226478162728 -0.000329608402495 -0.000888624063618 0.00156169709724 0.0303567035757 0.00301941925726 -0.00181110840177 0.000723007089294 -0.000985956889423 -0.000236629099223 0.00224222785524 0.00187758276319 0.000560466397823 
0.00223414094754 0.00557599389012 0.00680789317075 0.00215807105171 0.00454500644423 0.00454040319658 0.00539745130442 0.0060470451804 0.00469831424721 0.00196391370504 0.00273580595877 0.00301941925726 0.0409459974405 0.000272866728915 0.00847267333301 0.00155840557696 0.000168753481376 0.00505845859313 0.00752727628037 0.00215366475291 
0.00164976407957 0.000641777196544 0.00487544462366 0.00043237852939 0.00365138991939 0.00104914821209 0.00394903863919 -0.000533025531305 0.000964612410603 0.00166617796355 0.00553044969884 -0.00181110840177 0.000272866728915 0.107707383543 0.00114269410049 0.0022521382386 0.000255862305677 0.0018854904544 0.00177244210007 0.00100398203794 
0.00150914127782 0.000929276638054 0.00330022053422 0.00103181308927 0.00200683344908 0.00196568548417 0.00291815578881 0.00228940393802 0.00597719803909 0.00241170054531 0.00086763376554 0.000723007089294 0.00847267333301 0.00114269410049 0.0250917702362 0.00165452873627 -0.00201060597875 0.00580876556392 0.000893433633368 0.00374810256042 
0.00148183590757 0.00221153455402 0.000978646259081 -0.000332060424539 0.00596851759589 0.00148208619036 0.00247602114256 0.000175736802738 0.00183570992468 -0.000302477025435 0.00368206809995 -0.000985956889423 0.00155840557696 0.0022521382386 0.00165452873627 0.0350083774179 0.0045707350283 0.00176817131692 0.00301774373052 0.00240606064708 
0.00164499735531 -0.00346687759447 0.000644755063299 -0.000675437356191 -0.00124855605122 -0.000678127263323 -0.000919326081167 0.000593513265557 -0.000318525835558 -0.00023737465718 0.00479751884696 -0.000236629099223 0.000168753481376 0.000255862305677 -0.00201060597875 0.0045707350283 0.0925304753762 -0.000230236425757 0.00211059829233 0.000671610872849 
0.00110954295651 0.000906572217619 0.0020698469625 0.000615274900092 0.00145136892955 0.000432441360519 0.00144418702054 0.00134244611572 0.00376972826078 0.00221805696988 0.00107792794155 0.00224222785524 0.00505845859313 0.0018854904544 0.00580876556392 0.00176817131692 -0.000230236425757 0.0168524422409 0.00119823276991 0.00280419033604 
0.00274133671341 -0.000442308470156 -0.00300267368053 0.000244603681019 0.0016926444016 0.00146727277901 0.000613830155978 0.000500348432689 0.00154240779381 0.00277325354959 0.00440227135511 0.00187758276319 0.00752727628037 0.00177244210007 0.000893433633368 0.00301774373052 0.00211059829233 0.00119823276991 0.0612998441739 0.000322765477616 
0.00206550714885 0.000254582823165 0.000626062934515 0.00106253585119 0.0026250110962 0.00122740283152 0.00301875871728 0.00344191906885 0.0037396395404 0.0019942950542 0.00291725351443 0.000560466397823 0.00215366475291 0.00100398203794 0.00374810256042 0.00240606064708 0.000671610872849 0.00280419033604 0.000322765477616 0.0138830856425 

['BMS', 'COP', 'HLT', 'JNJ', 'ASH', 'WMI', 'MON', 'BDK', 'WB', 'VZ', 'ASD', 'STZ', 'KBH', 'MNST', 'GDW', 'ROH', 'CVG', 'TROW', 'MEDI', 'BK']