50
0.0564449965361 0.0762578269544 0.00477989818121 0.0594275332512 0.0861575830063 0.0422860283868 0.0737969483193 0.046041615311 -0.0142899737039 0.126514999345 0.0224960645228 0.00643120824938 0.0962618702605 0.0363676427781 0.0301217617298 0.0370780174455 0.0616353203302 0.0213104348082 0.0146033592013 0.0540494724418 0.0826231173305 -0.0290439391383 0.0493061267197 0.0205855922537 0.0161964684659 0.102864057578 0.00194148072761 0.00792878112812 0.0315088302779 0.0214629747746 0.0810581507116 0.134360436546 0.0662185328213 0.0403512104362 0.0444735285872 0.0413299620627 0.171372180847 0.0526772687529 0.0445332570478 0.125568601155 0.0678408515538 -0.00305157485537 0.0800542827641 0.0464034886179 0.16701162673 0.0262084488718 0.101670797752 0.0785253906611 0.0963264580192 0.0916953774684 
0.24369251135 0.0478561080581 0.013217604641 0.0119205146169 -0.00727586181418 0.00877217926157 -0.00109616607379 0.0074711754735 0.0124792612049 0.0713625411904 0.0162995623137 0.028049226886 0.0487962866244 0.00873652512303 0.00368393652474 0.00970050105257 0.0282091736264 -0.0053467587454 0.00201303184697 0.0268785057951 0.0343947000792 0.0149614487248 0.00678644496581 0.0111266048465 0.0084162009471 -0.0185753940552 0.0143922136548 0.00129000846362 0.0281776529789 0.0216012593147 0.0279912930845 0.0679632471679 -0.0130827571878 0.0155833714728 0.0206535088564 -0.000330400803564 0.0851390834138 0.0114986690289 0.0177382794519 0.0202628785037 0.014051139865 0.0143273830246 0.00261516028647 -0.00762779740237 0.0237206102403 0.0279861238043 0.0178763723894 0.0209625644948 0.00702168346192 0.0152920487031 
0.0478561080581 0.428475977688 0.0194561284744 0.0124259640143 0.014601368811 -0.00854579437903 -0.00686013228173 -0.023179331168 0.00561216620675 0.0482059448936 0.0172134524158 -0.0050289686089 0.0205227468102 0.00416990148184 0.0117559804638 0.0121841993306 -0.00744591276573 0.00636124263193 0.00905392632255 0.024936301755 -0.000179413018215 -0.0111885160916 0.00200509238023 0.0101409280548 7.91914718899e-05 -0.0170722101261 0.0314632821425 0.0223714323654 0.0346107321114 0.0421105942201 0.0378004956767 0.0450570418387 0.0337601255837 0.0259999363265 0.0140647120002 -0.0101623435572 0.247687204855 0.018500662668 -0.00964735816286 0.00436235681968 0.00857894054544 -0.018273030069 0.0133957454371 -0.00109774409831 0.00250221044312 0.00529025939143 0.016002564808 0.0197770787433 0.0355003157063 0.0709977291765 
0.013217604641 0.0194561284744 0.171097167619 0.00589683466086 -0.000479669242075 0.0106106767653 0.0139800226939 0.0145004228867 0.0144274049808 0.00599072404774 0.0316904170269 0.0104118053614 -0.00187910105098 0.00266237683299 0.00189434906082 -0.00267923385453 -0.00688332319709 0.00873796921294 -0.00817066954043 -0.000993098915165 0.0165318920045 0.0143182624117 0.00349491783468 0.00596869124427 0.00861807064198 0.00671799042316 0.0175966376955 0.00825777923697 0.0267338256277 0.00932239580724 0.021082109335 0.000688727446854 0.00461674579275 0.0126184548902 0.0227768968235 0.00666741337429 0.0152790309344 0.0116099367196 0.0123830015424 0.018463630725 0.0116331012815 0.0185685269088 0.00402286546239 0.0132517039913 0.0049816170525 0.0313919127657 2.25971213306e-05 -0.00249715467486 0.0156691278438 0.012369295917 
0.0119205146169 0.0124259640143 0.00589683466086 0.234577670044 0.00970245507128 -0.00432768898381 -0.00763104073515 0.00222279713552 0.00139046811279 0.00817860247922 0.00716322529906 0.0126467205766 0.00913507651912 0.00926226700214 0.0044104020004 0.0192099286878 -0.003736569083 0.00352260638158 0.0037660238666 0.00378828048279 0.0137202365105 0.0111322707245 -0.0186895436312 0.0135314858543 0.0168512730735 -0.00383157912758 -0.00308473772739 0.0161065890311 0.0073546280098 0.0106471148273 -0.00249149974002 0.0190377830373 -0.0148406680014 0.00770463538746 0.00257438091302 0.00554264001248 0.0296009553327 0.0151553735615 0.00352486124001 0.000474620621074 0.00263750582245 0.017250570136 0.00862311008202 -0.0053842972046 -0.0106775010253 0.0206697845402 0.0231094690092 0.00935484278721 0.0179312481811 0.00334515697589 
-0.00727586181418 0.014601368811 -0.000479669242075 0.00970245507128 0.565330979522 0.000384326325886 0.0780104915618 0.015419499559 0.00370440463292 0.0127253209073 0.0268972299405 0.0142040272492 -0.0109242360812 0.0080107472405 0.0072999512205 0.0311586148993 0.00249605098725 0.0344167255519 0.0115384666189 0.00304532502559 -0.0163471246457 0.0172556877184 0.0492073675048 0.011468240358 0.0263018343449 -0.00507432986407 0.0122006725151 -0.0131154744023 0.0163958969214 0.00677203304395 -0.00221394322704 0.0132471274691 0.0107806123005 0.0298397761619 0.0214659761483 -0.00918621674319 -0.00452356099908 0.03252689257 0.0249987426724 -0.0267914986198 0.00668745255345 0.0323292990365 -0.00419431713079 -0.00143094028913 0.00240040430224 0.0143249325786 -0.00553853334306 0.0068980708146 -0.00773481023164 -0.00446342954984 
0.00877217926157 -0.00854579437904 0.0106106767653 -0.00432768898381 0.000384326325886 0.23341212496 -0.003484572559 0.00673766329162 -0.00710721223827 0.0375947621935 0.022205580082 0.0259918123268 -0.00315330603117 0.0189433580502 0.0020134418118 -0.00826125592057 0.0269104284187 0.0198557795141 0.0168765919938 -0.00179023665013 0.0192668268916 -0.0168862565284 -0.000543570276704 0.0111155899814 0.00928491825525 -0.00366180585953 0.0160525494362 0.020931809228 0.0236027169535 -0.000909145915593 0.00461645278962 -0.0153140807785 0.0100234539529 -0.0163327570552 0.0162276160576 0.03028093718 -0.0066662880918 -0.00353055517013 0.00389352728729 -0.0022799873616 0.0176547239496 0.0244644268591 0.0279240377869 -0.0140784434137 -0.00341173739398 0.0267768011408 0.00331121343835 0.05188809961 0.00108430311765 0.0413822966993 
-0.00109616607379 -0.00686013228173 0.0139800226939 -0.00763104073515 0.0780104915618 -0.003484572559 0.332822410678 0.012556639402 0.0212621427594 0.00299559863085 0.0226372131703 0.0195641326937 0.0285050381248 1.3032676493e-05 0.0171620080761 0.0161189781684 0.0123021809005 0.0391394904505 0.0107111948463 -0.00318416450636 0.0125543175151 0.0265588451528 0.0383915682657 -0.00326560632455 0.0139657685502 0.0297508134876 0.0204053265825 -0.00666272408444 0.0030829009787 0.00425397517219 0.00576581764262 -0.00181488567534 -0.00562239051227 0.0168458704372 0.0123197810242 -0.001986865749 0.0185395642683 0.019898906664 0.0140821253846 0.0166678787124 0.0215139672569 0.00374216942086 0.0321162654433 0.0198459994462 0.0262195063685 0.00279782894318 0.00429109727225 0.012345342784 0.0216489463609 0.00557784846743 
0.0074711754735 -0.023179331168 0.0145004228867 0.00222279713552 0.015419499559 0.00673766329162 0.012556639402 0.294935897289 0.0354833214515 0.0202370585244 0.0189056512381 0.0369725248027 0.022533669476 0.0142309428831 0.00932408994818 0.0499505279273 0.0173697136329 0.0199338733821 0.00592535667745 0.0185420146353 0.0216726150451 0.0112123532906 0.0254260111386 0.0221576080501 0.017709399786 0.0193960456787 0.0253812185704 -0.00237223134457 0.0352331221093 0.0101619384573 0.0384128429118 0.0233590046924 0.0214169279305 0.00835110874397 0.0178284225133 0.0193954253906 0.00693391343196 0.029014694204 0.0197181248392 0.0258730358173 0.00563980647754 0.0226975847901 0.0156932029834 0.00977552956227 0.0134424355145 0.0467699957288 0.00243707292034 0.0195494326233 0.00288337309409 0.0410308303427 
0.0124792612049 0.00561216620675 0.0144274049808 0.00139046811279 0.00370440463292 -0.00710721223827 0.0212621427594 0.0354833214515 0.176356600786 0.00870208646576 0.00834549697784 0.0086287308086 0.0392184978087 0.0273086722433 0.0062761025338 0.00939703539782 0.0156232775304 0.00299815770771 0.0157474667905 0.00269486372156 0.0149681820701 0.020244894725 0.00816339941109 0.0165178876332 -0.00470590444981 -0.022592415484 0.0284772891312 0.00495280136665 0.0311851496812 0.00822753959021 0.0266872661096 0.0342223442873 0.00445728775584 -0.00261986397681 0.0132043680139 0.0124621346051 0.00362472798141 0.00694026191843 0.0176240176202 0.00822264172583 0.00701187060712 0.0120357576147 0.0104022408167 0.0111049585713 0.00806158975288 0.00210946787436 -0.00331516144681 0.0210934173662 0.013467603231 0.0379153480857 
0.0713625411904 0.0482059448936 0.00599072404774 0.00817860247922 0.0127253209073 0.0375947621935 0.00299559863085 0.0202370585244 0.00870208646576 0.242787094205 0.00300951830554 0.00670774580805 0.0473339112584 0.0148068706021 0.0160093190101 0.00794631395307 0.0470341790126 0.00473624217864 0.0131516733224 0.0417807239825 0.00506454566331 0.0366228952154 0.0111609346825 0.00503838381423 0.0225377465935 0.00156644777676 0.0293092464142 0.021413707171 0.0323763435983 0.0322273667814 0.0222882152536 0.058949029547 0.0139390293372 0.0283122485055 -0.00401614654085 -0.00248405494533 0.059854470199 0.00220738148727 0.0192860269263 0.0266019938359 0.0166754926379 0.023590926847 0.0089037768242 0.0117396460495 0.0108629776782 0.0241924634053 0.0105240466045 0.0220406279687 -0.0063091344695 0.00130040048759 
0.0162995623137 0.0172134524158 0.0316904170269 0.00716322529906 0.0268972299405 0.022205580082 0.0226372131703 0.0189056512381 0.00834549697784 0.00300951830554 0.201146959862 0.0172863097927 0.0193058979738 0.0107089219205 0.0124414515281 0.0149763240839 0.0204561983025 0.0136341603503 0.0171515061892 0.00958806656314 0.0289419795179 0.0120335434846 0.00752459244043 0.0067315740145 0.020667535579 0.0193547091435 0.00801187480463 0.00555586209393 0.0262022840334 3.58106911805e-05 0.0118351161916 -0.00400064369428 0.0318261848556 -0.00512743060753 0.00239752350307 0.0215140595068 -0.000269280285332 0.0388385551583 -8.427101565e-05 -0.0131067427025 -1.63612472043e-06 0.00712691408078 0.0115162997276 0.00247232850766 0.0227048143681 0.0313426759779 0.0147459769077 0.0183519613174 0.0254568537486 0.0303939228074 
0.028049226886 -0.0050289686089 0.0104118053614 0.0126467205766 0.0142040272492 0.0259918123268 0.0195641326937 0.0369725248027 0.0086287308086 0.00670774580805 0.0172863097927 0.194818035986 0.0206606205083 0.0325961986557 0.00487004943275 0.0100219502823 0.00758057156856 0.0238101804439 0.0101101260295 0.0148710805969 0.0169293280908 -0.000996084986141 0.009626226195 0.0127373206265 0.0118051194795 0.0574648237429 0.0126730794608 0.0183125028164 0.0241418331825 0.0330385448075 0.0195458778156 0.0166016974623 0.010251869091 0.0118814366743 -9.48483013569e-05 0.0209031823753 0.00355792820011 -0.00643357467862 0.0110246955408 0.0177335152669 0.0328356595569 0.00997407555591 0.0121854795195 0.0208137205387 0.0311097978322 0.0187253922965 -0.00376913413893 0.0233279886636 0.0406808523143 0.0224003511705 
0.0487962866244 0.0205227468102 -0.00187910105098 0.00913507651912 -0.0109242360812 -0.00315330603117 0.0285050381248 0.022533669476 0.0392184978087 0.0473339112584 0.0193058979738 0.0206606205083 0.362984403198 -0.00583649594905 0.00903744068048 0.0161515416348 0.00380785940312 0.00695168867529 0.0149011565516 0.0328170300355 -0.00110761704346 0.0207819629704 0.00743193728773 0.0244031674203 0.0158729900233 0.142743296831 0.0279038533718 0.011622108648 0.0199310684274 0.00312000901379 0.0211498387886 -0.00144110435375 -0.00849957718012 0.0152024333592 0.0387082543155 0.0144393681258 0.0630665224479 0.0225425623448 -0.0101414715162 0.021038118992 0.0246619247642 0.0134552725712 0.0177386839359 -0.00223356549925 0.0154311560979 0.00173886198672 0.0102031977023 0.0179277702269 0.032262143963 0.0401573947311 
0.00873652512303 0.00416990148184 0.00266237683299 0.00926226700214 0.0080107472405 0.0189433580502 1.30326764929e-05 0.0142309428831 0.0273086722433 0.0148068706021 0.0107089219205 0.0325961986557 -0.00583649594905 0.19105959321 0.0185566037725 0.0026235163507 0.0333283630471 0.00461891940775 0.019947023862 0.0159747490962 0.0169519153696 0.0204534920492 -0.0053844531711 0.0147889585188 0.0150808779005 0.004229706978 0.038276546319 -0.00011761451787 0.0255876073057 0.00450625214433 0.0237383288437 0.00064664838362 0.0113985828066 0.0190182015231 0.00493327084387 0.027142274433 0.00938112255221 0.0235058272875 0.0196104479253 0.0022619361525 0.0182855418344 0.0153651163161 -0.00614954112206 -0.00216994800299 -0.000784991732734 0.0449331838203 0.0206154337736 0.0142241870253 0.0280371492875 0.0608192572569 
0.00368393652474 0.0117559804638 0.00189434906082 0.0044104020004 0.0072999512205 0.0020134418118 0.0171620080761 0.00932408994818 0.0062761025338 0.0160093190101 0.0124414515281 0.00487004943275 0.00903744068048 0.0185566037725 0.187939257555 0.0130271470681 -0.00352772781945 -0.0140612460725 -0.0021621890755 0.0117231239125 0.00211456035772 -0.0180512308081 0.00609352334841 0.0130219699903 0.0191664617696 0.0082784957339 0.0233600048551 0.000125004585257 0.0123944322391 -0.00520648330827 0.000381001837874 -0.00909243477242 0.000865908491475 0.00757957293856 0.00920164412343 0.0178522859419 0.0043019392931 0.00352322882424 -0.00702461421577 0.0104666987452 -0.00139824162952 -0.000447472815088 0.030233154218 0.0132055675466 0.0212058245863 0.00802638387093 -0.00898012720075 0.00849988074019 0.0108990122421 0.0130125592922 
0.00970050105257 0.0121841993306 -0.00267923385453 0.0192099286878 0.0311586148993 -0.00826125592057 0.0161189781684 0.0499505279273 0.00939703539782 0.00794631395307 0.0149763240839 0.0100219502823 0.0161515416348 0.0026235163507 0.0130271470681 0.192662921851 -0.00168884927031 0.0193296067767 -0.0103233940911 0.0149270594101 0.0165586392188 0.0122526028933 0.0052066906707 0.0158835668497 0.0240531660105 -0.00642549119668 0.028801306693 0.00164541615809 0.0315657022573 0.023383632539 0.0152850945986 0.00106275905609 0.0164523926213 0.00728162787197 0.0234947828278 0.000582376933715 0.0117441238083 0.0262437329302 0.0208952887056 0.00803040932041 0.0166562681895 0.00714739672668 0.00788128922864 -0.00378876319152 -0.000260638383655 0.016959203655 0.0123651576393 0.0234790998377 0.0319865166955 0.0373051598801 
0.0282091736264 -0.00744591276573 -0.00688332319709 -0.003736569083 0.00249605098725 0.0269104284187 0.0123021809005 0.0173697136329 0.0156232775304 0.0470341790126 0.0204561983025 0.00758057156856 0.00380785940312 0.0333283630471 -0.00352772781945 -0.00168884927031 0.267020364027 0.0692949911609 0.00696996427458 0.0335887672972 0.0171249494358 0.0260537243688 0.0164823967491 0.016186276984 0.00704170074938 -0.00857651668792 0.0148441645789 0.0217268347981 0.0249216085067 0.0106128351078 0.0400240753802 0.0300522214258 0.0421654643873 0.0188731750324 0.0239556751265 0.00925878004578 -0.00833859108499 0.00264825623633 0.00880795367668 0.0213919249859 0.0131520435056 0.0484848882701 -0.000666208120589 0.00633071002648 0.0245034607487 0.0338275823629 -0.0101134858797 0.0156599823055 0.046500410854 0.0233538703598 
-0.0053467587454 0.00636124263193 0.00873796921294 0.00352260638158 0.0344167255519 0.0198557795141 0.0391394904505 0.0199338733821 0.00299815770771 0.00473624217864 0.0136341603503 0.0238101804439 0.00695168867529 0.00461891940775 -0.0140612460725 0.0193296067767 0.0692949911609 0.336839525154 0.00664568637803 0.0243923480196 0.00917826064123 0.0200204077796 0.0185936350536 0.0163637145981 -4.69790266662e-05 0.041343911699 0.0138615755967 0.000208936965088 0.0175584915072 -0.00858088111349 0.00752770492864 -0.00971626456317 0.0515181651603 0.0141680428179 0.00636996903348 -0.00163397839863 0.000756710816564 0.0185875435938 0.00627268206877 0.0365303496923 0.00639796102655 0.0268283669392 0.0279714584782 0.0123118435552 0.0471273415153 0.0273816307288 0.0114253002731 0.0316494500924 0.017277590858 0.0479304749118 
0.00201303184697 0.00905392632255 -0.00817066954043 0.0037660238666 0.0115384666189 0.0168765919938 0.0107111948463 0.00592535667745 0.0157474667905 0.0131516733224 0.0171515061892 0.0101101260295 0.0149011565516 0.019947023862 -0.0021621890755 -0.0103233940911 0.00696996427458 0.00664568637803 0.173509255833 0.00393271596005 0.00512272051086 0.00978300638942 -0.000111904576634 -0.000418297368706 0.00629204666088 0.00733908190959 0.0143087203613 0.00565020324517 0.00683334902257 0.00623657220059 -0.0118814351365 -0.00198215081427 -0.0108520383703 -0.00501082448353 -0.0077673271703 0.016512184091 0.00634887466201 0.00793361566386 -0.011073176435 0.00926212825561 0.01029459496 0.0228959662868 0.0188542026007 -0.000574392154323 0.00948092792961 -0.011325223339 0.0307512901324 0.00172365889597 -0.0138338464119 0.0261616088365 
0.0268785057951 0.024936301755 -0.000993098915165 0.00378828048279 0.00304532502559 -0.00179023665013 -0.00318416450636 0.0185420146353 0.00269486372156 0.0417807239825 0.00958806656314 0.0148710805969 0.0328170300355 0.0159747490962 0.0117231239125 0.0149270594101 0.0335887672972 0.0243923480196 0.00393271596005 0.266995245507 0.00998609083849 0.00894896292382 0.0295556191279 0.00460679065067 0.00140406130606 0.00901775191158 0.0381512074535 0.00855171105331 0.0184149244334 0.0104619665192 0.0218889583385 0.0123903900391 0.0097846968906 0.0244659793944 -0.0016390785439 0.0164182665967 0.0130036560829 0.0197224412991 0.000652266242686 0.0182317760595 0.00395221681096 0.0310192473288 -0.0167621160926 0.0261093357491 0.0141219256998 0.00688879700742 0.014233195017 0.0173733631742 0.0169938298076 0.0397955287309 
0.0343947000792 -0.000179413018215 0.0165318920045 0.0137202365105 -0.0163471246457 0.0192668268916 0.0125543175151 0.0216726150451 0.0149681820701 0.00506454566331 0.0289419795179 0.0169293280908 -0.00110761704346 0.0169519153696 0.00211456035772 0.0165586392188 0.0171249494358 0.00917826064123 0.00512272051086 0.00998609083849 0.191626039748 0.00168987570828 0.00467526233699 -0.00203236362964 0.00940983478608 -0.00122935728413 0.010833931974 -0.00185319094644 0.0199081710946 -0.0105272910261 0.030462606065 0.0336469885356 0.0343878781633 0.0153187447867 0.000489780337265 0.0169316199405 0.0126833743082 0.0145718226574 0.0142008201009 0.00487505452194 0.0115563176905 0.006664019369 0.00109025621316 0.00644787577302 0.0131847137456 0.0390109745574 -0.00159240452669 0.0391753226768 0.0185367147059 0.049926192913 
0.0149614487248 -0.0111885160916 0.0143182624117 0.0111322707245 0.0172556877184 -0.0168862565284 0.0265588451528 0.0112123532905 0.020244894725 0.0366228952154 0.0120335434846 -0.000996084986141 0.0207819629704 0.0204534920492 -0.0180512308081 0.0122526028933 0.0260537243688 0.0200204077796 0.00978300638942 0.00894896292382 0.00168987570828 0.332067544107 -0.00394661204832 0.0108117148968 0.00725055750169 -0.00720673112073 0.0391524113264 0.0109345064284 -0.00469929168696 -0.00400886861712 0.003402695851 -0.0225171889168 0.0517675176913 0.0178614934118 0.0376619125257 0.012304269975 -0.000293475098718 0.00408926818567 0.0374867505231 -0.00261695965752 0.00656859220724 -0.00409569037367 0.0193278585683 0.00818977661509 0.0115277788694 -0.00305887336407 0.0114667813009 0.0165461850509 0.00795359394194 -0.0112859827502 
0.00678644496581 0.00200509238023 0.00349491783468 -0.0186895436312 0.0492073675048 -0.000543570276704 0.0383915682657 0.0254260111386 0.00816339941109 0.0111609346825 0.00752459244043 0.009626226195 0.00743193728773 -0.0053844531711 0.00609352334841 0.0052066906707 0.0164823967491 0.0185936350536 -0.000111904576634 0.0295556191279 0.00467526233699 -0.00394661204832 0.206904036712 0.00756035527278 0.0108387372501 0.0133432642696 0.00861642464017 0.0125300097767 0.00558868286404 0.00760121143873 0.027846854372 0.00140209673838 0.0268094695852 0.0263960973854 0.0358301620035 0.0626097472706 0.024982442279 0.0210172911977 0.00581088235352 0.00682320446208 0.0183631929123 0.0158809300949 0.012178959422 0.0119788251165 0.0450684707617 0.00843387385248 -0.0184699183538 0.0175291179695 0.000267673321415 0.0196926771655 
0.0111266048465 0.0101409280548 0.00596869124427 0.0135314858543 0.011468240358 0.0111155899814 -0.00326560632455 0.0221576080501 0.0165178876332 0.00503838381423 0.0067315740145 0.0127373206265 0.0244031674203 0.0147889585188 0.0130219699903 0.0158835668497 0.016186276984 0.0163637145981 -0.000418297368706 0.00460679065067 -0.00203236362964 0.0108117148968 0.00756035527278 0.156798513241 0.000579764289519 0.0107574270654 0.00374147366286 0.00889417677184 0.00986444756979 0.000354396151274 0.0133490571806 0.00589367679691 0.00359318688466 -0.00904327312572 0.00168665980029 0.0472547774395 -0.0082044140842 -0.00678450740285 0.0153482787869 -0.0187253133677 0.00421084126898 0.0192633404528 -0.0155060218601 0.0164541893791 0.0245100117359 0.00925639360907 -0.017218863787 0.0146859964423 0.0135775398424 0.00106895686415 
0.0084162009471 7.91914718899e-05 0.00861807064198 0.0168512730735 0.0263018343448 0.00928491825525 0.0139657685502 0.017709399786 -0.00470590444981 0.0225377465935 0.020667535579 0.0118051194795 0.0158729900233 0.0150808779005 0.0191664617696 0.0240531660105 0.00704170074938 -4.69790266662e-05 0.00629204666088 0.00140406130606 0.00940983478608 0.00725055750169 0.0108387372501 0.000579764289519 0.174426133816 0.0152754782404 0.0311849500607 0.0135226399846 0.0134999060053 0.0071712349105 0.0175896175602 -0.00277840927754 0.021030142615 0.0171019627791 0.0213819075111 0.0190854424095 -0.0077524257684 0.00806414631428 0.0179862954891 0.0140410466672 0.00454572459319 -0.00228690080399 0.00396678821098 -0.00519046813938 0.0240236340802 0.029728976628 0.00944519482749 0.0185590975133 0.0146947999773 0.020286219022 
-0.0185753940552 -0.0170722101261 0.00671799042316 -0.00383157912758 -0.00507432986407 -0.00366180585953 0.0297508134876 0.0193960456787 -0.022592415484 0.00156644777676 0.0193547091435 0.0574648237429 0.142743296831 0.004229706978 0.0082784957339 -0.00642549119668 -0.00857651668792 0.041343911699 0.00733908190959 0.00901775191158 -0.00122935728413 -0.00720673112073 0.0133432642696 0.0107574270654 0.0152754782404 0.604796557932 0.0220428365832 0.00950522674551 -0.0120646411528 0.0102241197827 0.00523579369506 -0.0365367354191 0.0208401013181 0.0176221198496 0.0259825181212 0.0077503189303 0.0342300523962 -0.0108569584957 -0.00285756558998 -0.00644470235849 0.00314776590607 0.00248165784505 0.00337894386805 -0.00502231256888 0.00495304395251 -0.00997611233819 0.00511329099828 0.00570816555066 0.0206229988491 -0.00136632729829 
0.0143922136548 0.0314632821425 0.0175966376955 -0.00308473772739 0.0122006725151 0.0160525494362 0.0204053265825 0.0253812185704 0.0284772891312 0.0293092464142 0.00801187480463 0.0126730794608 0.0279038533718 0.038276546319 0.0233600048551 0.028801306693 0.0148441645789 0.0138615755967 0.0143087203613 0.0381512074535 0.010833931974 0.0391524113264 0.00861642464017 0.00374147366285 0.0311849500607 0.0220428365832 0.211723511366 -0.00586735856528 0.000346323294616 0.017552748953 0.0248320533203 -0.0205963463284 0.0139663831854 0.0202796615552 0.0149097253444 0.019707417523 0.0187674045783 0.0242148140567 0.0195423278586 0.00168536414619 0.0240237652554 -0.00760263043426 0.0193306365838 0.00384612108699 0.00493196905252 0.0270025323755 0.0112028832299 0.00622741796459 0.0223630730143 0.0501820071886 
0.00129000846362 0.0223714323654 0.00825777923697 0.0161065890311 -0.0131154744023 0.020931809228 -0.00666272408444 -0.00237223134457 0.00495280136665 0.021413707171 0.00555586209393 0.0183125028164 0.011622108648 -0.00011761451787 0.000125004585257 0.00164541615809 0.0217268347981 0.000208936965088 0.00565020324517 0.00855171105331 -0.00185319094644 0.0109345064284 0.0125300097767 0.00889417677184 0.0135226399846 0.00950522674551 -0.00586735856528 0.232614807593 0.0163963112595 0.00669004415393 0.0311493322643 0.0304517649292 0.00587939185777 0.00167927961835 0.0122204236753 0.0191262098682 0.0173710762671 0.00849524474293 0.00868477330049 0.025071081484 0.0215346400207 0.0155367738769 0.0157264820592 0.0108947898642 0.0444722647038 0.0145666424548 -0.0148741831681 0.0164567779265 0.0439695760358 0.00366007428737 
0.0281776529789 0.0346107321114 0.0267338256277 0.0073546280098 0.0163958969214 0.0236027169535 0.0030829009787 0.0352331221093 0.0311851496812 0.0323763435983 0.0262022840334 0.0241418331825 0.0199310684274 0.0255876073057 0.0123944322391 0.0315657022573 0.0249216085067 0.0175584915072 0.00683334902257 0.0184149244334 0.0199081710946 -0.00469929168696 0.00558868286404 0.00986444756979 0.0134999060053 -0.0120646411528 0.000346323294616 0.0163963112595 0.210250060917 0.0154879239869 -0.00224274336271 0.048040257186 0.0514179806104 0.0150237140082 0.0325213187979 0.00810960483504 0.0249728832269 0.0143970866152 -0.00442055671419 0.0180640951514 0.0345392726036 0.0415815991885 0.00383589264546 0.0166556065587 0.00533603165182 0.0392544857617 0.00852449661797 0.0254697170364 0.0312881730314 0.0658327940077 
0.0216012593147 0.0421105942201 0.00932239580724 0.0106471148273 0.00677203304395 -0.000909145915593 0.00425397517219 0.0101619384573 0.00822753959021 0.0322273667814 3.58106911804e-05 0.0330385448075 0.00312000901379 0.00450625214433 -0.00520648330827 0.023383632539 0.0106128351078 -0.00858088111349 0.00623657220059 0.0104619665192 -0.0105272910261 -0.00400886861712 0.00760121143873 0.000354396151274 0.0071712349105 0.0102241197827 0.017552748953 0.00669004415393 0.0154879239869 0.162013614821 0.0176713915908 0.0238403997091 0.0227382197468 0.0108281078754 0.00242737190432 0.0139579240388 0.0365555235509 0.0236395116303 -0.000599312262895 0.00764268618747 0.00623003186086 0.0158909151225 -0.0006690297684 0.0093884304813 -3.98668263475e-05 0.016054740549 0.000911300236922 0.01207745834 0.0256675074449 0.0139659963333 
0.0279912930845 0.0378004956767 0.021082109335 -0.00249149974002 -0.00221394322704 0.00461645278962 0.00576581764262 0.0384128429118 0.0266872661096 0.0222882152536 0.0118351161916 0.0195458778156 0.0211498387886 0.0237383288437 0.000381001837874 0.0152850945986 0.0400240753802 0.00752770492864 -0.0118814351365 0.0218889583385 0.030462606065 0.003402695851 0.027846854372 0.0133490571806 0.0175896175602 0.00523579369506 0.0248320533203 0.0311493322643 -0.00224274336271 0.0176713915908 0.210710853735 0.0120547395332 0.0212772534387 0.0098662651132 0.00374923776236 0.0111342685247 0.018451481157 0.0205614540551 0.0212665968488 0.043614136414 0.0151584238132 0.0347712521491 0.0176473076511 0.00490969242275 0.00957764107094 0.0354860823851 0.00798444265565 0.0376916097766 0.0185039419472 0.0164052461819 
0.0679632471679 0.0450570418387 0.000688727446854 0.0190377830373 0.0132471274691 -0.0153140807785 -0.00181488567534 0.0233590046924 0.0342223442873 0.058949029547 -0.00400064369428 0.0166016974623 -0.00144110435375 0.00064664838362 -0.00909243477242 0.00106275905609 0.0300522214258 -0.00971626456317 -0.00198215081427 0.0123903900391 0.0336469885356 -0.0225171889168 0.00140209673838 0.00589367679691 -0.00277840927754 -0.0365367354191 -0.0205963463284 0.0304517649292 0.048040257186 0.0238403997091 0.0120547395332 0.544194646021 -0.00148838873191 0.0155622598565 0.00507100581653 0.019178004203 0.100659659947 -0.0063104958084 -0.00973109547973 0.0108432195043 0.0315698757242 0.0284697879952 -0.00621667731462 -0.0260113804135 -0.0148586543881 0.0596907639864 -0.0139402494216 0.0124549241675 0.000610435996205 0.0282648599114 
-0.0130827571878 0.0337601255837 0.00461674579275 -0.0148406680014 0.0107806123005 0.0100234539529 -0.00562239051227 0.0214169279305 0.00445728775584 0.0139390293372 0.0318261848556 0.010251869091 -0.00849957718012 0.0113985828066 0.000865908491475 0.0164523926213 0.0421654643873 0.0515181651603 -0.0108520383703 0.0097846968906 0.0343878781633 0.0517675176913 0.0268094695852 0.00359318688466 0.021030142615 0.0208401013181 0.0139663831854 0.00587939185777 0.0514179806104 0.0227382197468 0.0212772534387 -0.00148838873191 0.38733069649 0.0168877923149 0.0296933780517 0.0253114492538 0.0131675887989 0.0196291135635 0.0244887649427 0.014389864125 0.0766760089679 0.00171683559827 -0.00879540504097 0.0125666584817 0.0193075009984 -0.00861532112148 0.00400493000703 0.0294238449401 0.0251725502395 -0.00326142742752 
0.0155833714728 0.0259999363265 0.0126184548902 0.00770463538746 0.0298397761619 -0.0163327570552 0.0168458704372 0.00835110874397 -0.00261986397681 0.0283122485055 -0.00512743060753 0.0118814366743 0.0152024333592 0.0190182015231 0.00757957293856 0.00728162787197 0.0188731750324 0.0141680428179 -0.00501082448353 0.0244659793944 0.0153187447867 0.0178614934118 0.0263960973854 -0.00904327312572 0.0171019627791 0.0176221198496 0.0202796615552 0.00167927961835 0.0150237140082 0.0108281078754 0.0098662651132 0.0155622598565 0.0168877923149 0.176310597153 0.0165709212995 0.00886635707848 0.0150275975688 0.0204618339021 0.00604816067382 0.0304093613359 0.00932209858888 0.0120335737477 0.00626549143482 0.0216647733909 0.0197785381837 0.0196469857694 0.0265193564963 0.0182117763792 0.0150586980213 0.032700201238 
0.0206535088564 0.0140647120002 0.0227768968235 0.00257438091302 0.0214659761483 0.0162276160576 0.0123197810242 0.0178284225133 0.0132043680139 -0.00401614654085 0.00239752350307 -9.48483013569e-05 0.0387082543155 0.00493327084387 0.00920164412343 0.0234947828278 0.0239556751265 0.00636996903348 -0.0077673271703 -0.0016390785439 0.000489780337265 0.0376619125257 0.0358301620035 0.00168665980029 0.0213819075111 0.0259825181212 0.0149097253444 0.0122204236753 0.0325213187979 0.00242737190432 0.00374923776236 0.00507100581653 0.0296933780517 0.0165709212995 0.331048419798 0.0220299343226 0.00895986782032 0.0345755437633 0.0076891230161 0.0300605236328 0.0650438968073 0.033366192278 0.0336958771614 0.0166822425139 -0.0240618731651 0.0181480977196 0.000270115429256 0.0554338053412 0.012311266494 0.0461713828182 
-0.000330400803564 -0.0101623435572 0.00666741337429 0.00554264001248 -0.00918621674319 0.03028093718 -0.001986865749 0.0193954253906 0.0124621346051 -0.00248405494533 0.0215140595068 0.0209031823753 0.0144393681258 0.027142274433 0.0178522859419 0.000582376933715 0.00925878004578 -0.00163397839863 0.016512184091 0.0164182665967 0.0169316199405 0.012304269975 0.0626097472706 0.0472547774395 0.0190854424095 0.0077503189303 0.019707417523 0.0191262098682 0.00810960483504 0.0139579240388 0.0111342685247 0.019178004203 0.0253114492538 0.00886635707848 0.0220299343226 0.262977686437 -0.0210786288869 0.0194509029349 -0.00100295254823 -0.000277589201945 0.0370647428908 0.0186919699152 0.000169508870638 -0.00677552572216 0.103238999994 0.0199173082523 -0.00529265150261 0.008807867053 0.0112403546677 0.0281722157745 
0.0851390834138 0.247687204855 0.0152790309344 0.0296009553327 -0.00452356099908 -0.0066662880918 0.0185395642683 0.00693391343196 0.00362472798141 0.059854470199 -0.000269280285332 0.00355792820011 0.0630665224479 0.00938112255221 0.0043019392931 0.0117441238083 -0.00833859108499 0.000756710816564 0.00634887466201 0.0130036560829 0.0126833743082 -0.000293475098718 0.024982442279 -0.0082044140842 -0.0077524257684 0.0342300523962 0.0187674045783 0.0173710762671 0.0249728832269 0.0365555235509 0.018451481157 0.100659659947 0.0131675887989 0.0150275975688 0.00895986782032 -0.0210786288869 0.554516417566 0.0398323282587 0.00485971124184 -0.0267504163027 0.015070438832 0.00472572426587 0.00374245844041 -0.00717442070263 0.0364383924467 0.026396698711 0.00644958235907 -0.00853054538816 0.0117883224279 0.0947056302202 
0.0114986690289 0.018500662668 0.0116099367196 0.0151553735615 0.03252689257 -0.00353055517013 0.019898906664 0.029014694204 0.00694026191843 0.00220738148727 0.0388385551583 -0.00643357467862 0.0225425623448 0.0235058272875 0.00352322882424 0.0262437329302 0.00264825623633 0.0185875435938 0.00793361566386 0.0197224412991 0.0145718226574 0.00408926818567 0.0210172911977 -0.00678450740285 0.00806414631428 -0.0108569584957 0.0242148140567 0.00849524474293 0.0143970866152 0.0236395116303 0.0205614540551 -0.0063104958084 0.0196291135635 0.0204618339021 0.0345755437633 0.0194509029349 0.0398323282587 0.245180032681 0.00292249745149 -0.0067510120819 0.00939883065909 -0.00783196925103 0.00122718316229 -0.000427811747719 0.00872919328356 0.0221147724686 0.0152321186022 -0.000600088671103 0.033979004232 0.00692677506178 
0.0177382794519 -0.00964735816286 0.0123830015424 0.00352486124001 0.0249987426724 0.00389352728729 0.0140821253846 0.0197181248392 0.0176240176202 0.0192860269263 -8.427101565e-05 0.0110246955408 -0.0101414715162 0.0196104479253 -0.00702461421577 0.0208952887056 0.00880795367668 0.00627268206877 -0.011073176435 0.000652266242686 0.0142008201009 0.0374867505231 0.00581088235352 0.0153482787869 0.0179862954891 -0.00285756558998 0.0195423278586 0.00868477330049 -0.00442055671419 -0.000599312262895 0.0212665968488 -0.00973109547973 0.0244887649427 0.00604816067382 0.0076891230161 -0.00100295254823 0.00485971124184 0.00292249745149 0.172181615002 -0.0292011149442 -0.000672408500209 0.0165192177181 0.0296375757899 0.0105196944504 0.000926659069456 0.0188692814721 0.0133718630758 0.0147132250888 -0.0107218827247 0.0277852514458 
0.0202628785037 0.00436235681968 0.018463630725 0.000474620621074 -0.0267914986198 -0.0022799873616 0.0166678787124 0.0258730358173 0.00822264172583 0.0266019938359 -0.0131067427025 0.0177335152669 0.021038118992 0.0022619361525 0.0104666987452 0.00803040932041 0.0213919249859 0.0365303496923 0.00926212825561 0.0182317760595 0.00487505452194 -0.00261695965752 0.00682320446208 -0.0187253133677 0.0140410466672 -0.00644470235849 0.00168536414619 0.025071081484 0.0180640951514 0.00764268618747 0.043614136414 0.0108432195043 0.014389864125 0.0304093613359 0.0300605236328 -0.000277589201945 -0.0267504163027 -0.0067510120819 -0.0292011149442 0.832837336003 0.00882791427928 0.0366553401594 0.00368185955669 0.0120644968794 0.000403997507083 0.00516179861304 -0.00661241274221 0.0296078970317 0.0147143735014 0.0544327579478 
0.014051139865 0.00857894054544 0.0116331012815 0.00263750582245 0.00668745255345 0.0176547239496 0.0215139672569 0.00563980647754 0.00701187060712 0.0166754926379 -1.63612472039e-06 0.0328356595569 0.0246619247642 0.0182855418344 -0.00139824162952 0.0166562681895 0.0131520435056 0.00639796102655 0.01029459496 0.00395221681096 0.0115563176905 0.00656859220724 0.0183631929123 0.00421084126898 0.00454572459319 0.00314776590607 0.0240237652554 0.0215346400207 0.0345392726036 0.00623003186086 0.0151584238132 0.0315698757242 0.0766760089679 0.00932209858888 0.0650438968073 0.0370647428908 0.015070438832 0.00939883065909 -0.000672408500209 0.00882791427928 0.343548408376 0.00888090782178 0.00595734213264 0.034718902847 -0.0238842472335 0.0318762011768 -0.00832450987548 0.0228259241371 0.0194109167722 0.0549972353867 
0.0143273830246 -0.018273030069 0.0185685269088 0.017250570136 0.0323292990365 0.0244644268591 0.00374216942086 0.0226975847901 0.0120357576147 0.023590926847 0.00712691408078 0.00997407555591 0.0134552725712 0.0153651163161 -0.000447472815088 0.00714739672668 0.0484848882701 0.0268283669392 0.0228959662868 0.0310192473288 0.006664019369 -0.00409569037367 0.0158809300949 0.0192633404528 -0.00228690080399 0.00248165784505 -0.00760263043426 0.0155367738769 0.0415815991885 0.0158909151225 0.0347712521491 0.0284697879952 0.00171683559827 0.0120335737477 0.033366192278 0.0186919699152 0.00472572426587 -0.00783196925103 0.0165192177181 0.0366553401594 0.00888090782178 0.202870868846 -0.000932124060269 0.00914839959117 -0.00365627099184 0.0253762195102 -0.00626155023886 0.0290970925497 0.00973615431164 0.0350887894573 
0.00261516028647 0.0133957454371 0.00402286546239 0.00862311008202 -0.00419431713079 0.0279240377869 0.0321162654433 0.0156932029834 0.0104022408167 0.0089037768242 0.0115162997276 0.0121854795195 0.0177386839359 -0.00614954112206 0.030233154218 0.00788128922864 -0.000666208120589 0.0279714584782 0.0188542026007 -0.0167621160926 0.00109025621316 0.0193278585683 0.012178959422 -0.0155060218601 0.00396678821098 0.00337894386805 0.0193306365838 0.0157264820592 0.00383589264546 -0.0006690297684 0.0176473076511 -0.00621667731462 -0.00879540504097 0.00626549143482 0.0336958771614 0.000169508870639 0.00374245844041 0.00122718316229 0.0296375757899 0.00368185955669 0.00595734213264 -0.000932124060269 0.342318523399 0.0368675281727 0.0281025911963 0.0116271207337 0.0306869304909 0.0343087215568 0.0161921421205 0.0491832319364 
-0.00762779740237 -0.00109774409831 0.0132517039913 -0.0053842972046 -0.00143094028913 -0.0140784434137 0.0198459994462 0.00977552956227 0.0111049585713 0.0117396460495 0.00247232850766 0.0208137205387 -0.00223356549925 -0.00216994800299 0.0132055675466 -0.00378876319152 0.00633071002648 0.0123118435552 -0.000574392154323 0.0261093357491 0.00644787577302 0.00818977661509 0.0119788251165 0.0164541893791 -0.00519046813938 -0.00502231256888 0.00384612108699 0.0108947898642 0.0166556065587 0.0093884304813 0.00490969242275 -0.0260113804135 0.0125666584817 0.0216647733909 0.0166822425139 -0.00677552572216 -0.00717442070263 -0.000427811747719 0.0105196944504 0.0120644968794 0.034718902847 0.00914839959117 0.0368675281727 0.179654561661 0.00751222108367 0.00507992873177 0.00219252986576 0.0115380695301 0.00596416621711 0.00633904793379 
0.0237206102403 0.00250221044312 0.0049816170525 -0.0106775010253 0.00240040430224 -0.00341173739398 0.0262195063685 0.0134424355145 0.00806158975288 0.0108629776782 0.0227048143681 0.0311097978322 0.0154311560979 -0.000784991732735 0.0212058245863 -0.000260638383655 0.0245034607487 0.0471273415153 0.00948092792961 0.0141219256998 0.0131847137456 0.0115277788694 0.0450684707617 0.0245100117359 0.0240236340802 0.00495304395251 0.00493196905252 0.0444722647038 0.00533603165182 -3.98668263474e-05 0.00957764107094 -0.0148586543881 0.0193075009984 0.0197785381837 -0.0240618731651 0.103238999994 0.0364383924467 0.00872919328356 0.000926659069456 0.000403997507082 -0.0238842472335 -0.00365627099184 0.0281025911963 0.00751222108368 0.4930739356 -0.0151829849237 -0.00114359708475 0.0283423935544 0.0231920164388 0.0112733862882 
0.0279861238043 0.00529025939143 0.0313919127657 0.0206697845402 0.0143249325786 0.0267768011408 0.00279782894318 0.0467699957288 0.00210946787436 0.0241924634053 0.0313426759779 0.0187253922965 0.00173886198672 0.0449331838203 0.00802638387093 0.016959203655 0.0338275823629 0.0273816307288 -0.011325223339 0.00688879700742 0.0390109745574 -0.00305887336407 0.00843387385248 0.00925639360907 0.029728976628 -0.00997611233819 0.0270025323755 0.0145666424548 0.0392544857617 0.016054740549 0.0354860823851 0.0596907639864 -0.00861532112148 0.0196469857694 0.0181480977196 0.0199173082523 0.026396698711 0.0221147724686 0.0188692814721 0.00516179861304 0.0318762011768 0.0253762195102 0.0116271207337 0.00507992873177 -0.0151829849237 0.310265408414 -0.00890317158755 0.0327313297227 0.0443972804274 0.0363996517534 
0.0178763723894 0.016002564808 2.25971213304e-05 0.0231094690092 -0.00553853334306 0.00331121343835 0.00429109727225 0.00243707292034 -0.00331516144681 0.0105240466045 0.0147459769077 -0.00376913413893 0.0102031977023 0.0206154337736 -0.00898012720075 0.0123651576393 -0.0101134858797 0.0114253002731 0.0307512901324 0.014233195017 -0.00159240452669 0.0114667813009 -0.0184699183538 -0.017218863787 0.00944519482749 0.00511329099828 0.0112028832299 -0.0148741831681 0.00852449661797 0.000911300236922 0.00798444265565 -0.0139402494216 0.00400493000703 0.0265193564963 0.000270115429256 -0.00529265150261 0.00644958235907 0.0152321186022 0.0133718630758 -0.00661241274221 -0.00832450987548 -0.00626155023886 0.0306869304909 0.00219252986576 -0.00114359708475 -0.00890317158755 0.298464745278 -0.00622990066573 0.0143291328239 0.0546711346855 
