40
0.161692830297 0.0674926048947 0.0520830917934 0.10431458653 0.168192385625 0.0826231173305 0.0300764430792 0.0756818342608 0.190895055806 0.0088766616328 0.0807794462486 0.165506763093 0.0292815331214 0.059162885268 0.105790735219 0.0360508970818 0.0940944116816 0.0896854693356 0.0324129219316 -0.0014382556632 0.100886603299 0.126255379542 0.0896896089949 0.0477990277318 0.0413299620627 -0.00662659235152 0.0373342989671 0.0451759103614 0.00633581846688 0.0316067218978 0.0493934577213 0.0415097954764 0.104550469133 0.0538940625226 0.109746753301 0.0590120409917 0.0994766710856 0.330982708656 0.0301217617298 0.0203567883068 
0.894540472639 0.00758403894306 0.0276634003041 0.00839066155543 0.035117138046 -0.0134484894685 0.0060034677596 0.0538839574441 0.00255924219645 0.0429396098774 0.00833560680496 0.0402898717775 0.00568271733109 0.0146551322806 -0.000825751703887 0.0175982320933 0.0043139690381 -0.0323648157577 0.0156951532056 -0.00659048991365 -0.00958032198624 9.9410788698e-05 0.0173156410811 0.0290925059961 0.0192874101369 0.0176666605753 0.0324400958534 0.0239461055992 -0.0037149829285 0.0301072607262 0.0251274379476 0.0172838554835 0.00605491048895 -0.015656295 0.0133395585062 0.0367780246993 0.0255753647465 0.00863172176065 -0.00522306082024 0.0360877536069 
0.00758403894306 0.340943487845 0.0149707991995 -0.00556671077468 -0.0272462429717 0.00581209832896 0.00273475539814 0.0108414037769 0.0445462351738 0.0180303180323 0.015985208979 0.0210590328929 0.0169884389436 -0.0191900840251 -0.00118483739808 0.0190096858401 0.0338699279985 0.0266106115842 -0.00236759573819 -0.00461556697938 0.0102263702866 0.0280034505448 0.0712985391975 0.0227835784171 0.0263033595107 0.0174420190767 0.0405672488782 -3.53453928542e-05 0.0118112239794 0.0148213721153 0.0182730941094 0.0219041112579 0.0171624713944 -0.00912668083718 0.016186010258 0.0371291943061 -0.00130133375638 0.00820184659181 0.0137583842026 0.00697154384667 
0.0276634003041 0.0149707991995 0.215996199001 0.0197321468408 -0.00504204935206 0.0205662678543 -0.00511452819139 0.00553365408582 0.0309792159423 0.0326366398384 0.0132769769984 0.038765142814 0.00972181472258 0.0254653511514 0.0364333778718 0.0223106023827 0.0218416686475 0.0167475560021 0.00354216113051 0.00455751847198 0.0126551294034 0.0023402370081 0.00154869071399 0.0144764233774 0.0142019457181 0.0572283214337 0.0524303590528 0.0140239834199 0.00159372816189 0.0145114916337 0.00971702955655 0.0184046270769 0.0050540645627 0.000482888062772 0.000180733514601 0.0190487043414 0.0152905864397 0.0094227232004 0.0107925299863 0.0055874260743 
0.00839066155543 -0.00556671077468 0.0197321468408 0.508390023709 0.224336165569 0.0229531972225 0.0416013661987 -0.00343334647966 0.0218119194862 0.0320006778996 0.0490640921394 0.0417051647987 -0.00641609338516 -0.0149459933096 -0.000227761776177 0.0264841873454 0.0554367978916 0.00895478780489 -0.000499277825846 0.00511010506542 -0.00656332334184 0.00781265849081 0.0169184477588 -0.00707566486449 0.107313575168 0.00397872880905 0.00483889178873 0.0417736918102 0.0459033846375 0.0268533331129 -0.0079770991513 -0.0103955631085 0.0416279551955 -0.00204958577701 0.0954340895064 0.00714461032002 0.0137429633746 0.0275702134813 0.0282934608382 0.0378578318746 
0.035117138046 -0.0272462429717 -0.00504204935206 0.224336165569 0.65889543666 0.00647867412747 0.00522376896886 -0.0166390902579 -0.0119677308118 0.0229256259588 0.00388554130693 0.00190504818982 0.0147915354482 0.0297823700933 0.0224546115164 0.0233122152551 0.0571796817934 -0.00502833764512 -0.00301578680085 0.00787488364835 0.00295953586361 0.00474552547051 -0.0207517651465 -0.0337990421839 0.144057231784 0.00865410632415 -0.00212962149996 0.0164434230623 0.0162999389828 0.00641516414616 0.0299572287894 0.00255925681883 -0.000683973044764 0.0302338342949 -0.0168116366287 0.00823351350774 -0.0336847706881 -0.0143267095013 0.0297863430945 0.0335933747137 
-0.0134484894685 0.00581209832896 0.0205662678543 0.0229531972225 0.00647867412747 0.198772359043 0.0342041322835 0.00928490479003 0.0216119966164 0.0174020783328 0.00277798250719 0.0302491426598 0.010296853511 0.0323628465718 0.0123973562526 0.0249638553197 0.0299363735658 0.00746902590298 0.0189378513742 0.0177355624709 -0.010241982809 0.0244921191778 -0.00214664577989 0.0422557966486 0.0208231236827 0.00821367536037 -0.000240347346976 0.0280391954036 0.0300284644796 0.0221485963973 0.00601980954613 0.00799763665354 0.0201276971366 -0.00650154917878 -0.00218282064916 0.0104472466434 -0.0183895215992 0.00864527466559 -0.0022571098558 -5.62448928296e-05 
0.0060034677596 0.00273475539814 -0.00511452819139 0.0416013661987 0.00522376896886 0.0342041322835 0.369493151464 0.017543399837 0.00988691914298 -0.0123022744784 0.000611150662079 0.0067000890299 0.0208935884939 -0.0273821587133 0.02009688364 0.000156472043974 0.0119897435126 0.0153721284386 0.0162021601975 0.0135966014905 0.0152662344421 0.0282675261105 0.017769320055 0.0177180870877 0.00530212961517 0.00237932604876 0.0227691498589 -0.0139065711841 0.0357062170689 0.0337443103628 0.000866943434317 0.00785159715835 0.051710898653 0.0120875223423 0.0172342238559 -0.00288234234678 0.00161531359714 -0.00202867969114 0.0201914883731 0.0383925629896 
0.0538839574441 0.0108414037769 0.00553365408582 -0.00343334647966 -0.0166390902579 0.00928490479003 0.017543399837 0.214489604705 0.00711900687774 0.0213856011321 0.0144431689079 0.0348763044157 0.0074951585443 0.00691065413949 0.0227635577513 0.0133045996756 0.00783959662309 0.0112115940648 0.0199195982708 -0.00809138913429 0.0102491371229 0.00446429650144 0.0108786418244 0.0103682837093 0.00988141680112 0.0132032489782 0.0126553688812 0.0223351862546 0.0372582737523 0.0221763394809 0.0075561338126 0.0112529471281 -0.00121494372493 -0.00282564953237 0.0178341642021 0.00826779673653 0.048999317347 0.0187650539015 0.0157873206248 0.00727261166904 
0.00255924219645 0.0445462351738 0.0309792159423 0.0218119194862 -0.0119677308118 0.0216119966164 0.00988691914298 0.00711900687774 0.566483665967 0.0305990401525 0.000740996958595 0.0405287556638 0.0228394148913 -0.000484287632684 0.0152906258268 0.0123052839435 0.0258382383408 0.0326735174311 0.00415112195601 0.00896638336641 0.0164974643386 0.0440245661956 0.0315545582854 0.0178013172651 0.0109374295128 0.0376636071118 0.0319790350881 0.028473312033 0.0198489524774 0.0241782603572 0.00932588279029 0.0475234306792 0.0563300043131 -0.0202484120644 -0.00223275336437 0.0126388548974 0.0333136526004 0.0264959524241 -0.00708771503449 0.0109924429962 
0.0429396098774 0.0180303180323 0.0326366398384 0.0320006778996 0.0229256259588 0.0174020783328 -0.0123022744784 0.0213856011321 0.0305990401525 0.266966332551 0.00841881831574 0.031791498772 0.0235270092149 0.00806383699358 0.0398165211374 0.0191255743223 0.0378370009626 0.0263299729774 0.0155806886709 0.0395315974065 -0.00339073106874 0.0560112041223 0.0212973356665 0.00265412418598 0.0217889637802 0.0207608639732 0.00353982252903 0.0108314602511 0.0106599939514 0.0222439881268 0.0182664705726 0.0495184191698 0.0402686955148 0.0179846866492 0.0324418922339 -0.000483747029325 0.0274272098038 0.0302970916974 0.0054662300017 0.00289240986565 
0.00833560680496 0.015985208979 0.0132769769984 0.0490640921394 0.00388554130693 0.00277798250719 0.000611150662079 0.0144431689079 0.000740996958595 0.00841881831574 0.46092645805 -0.0104845358931 0.0153483704659 0.00550881643541 -0.0012247212831 -0.00151017986263 -0.000710080469922 0.0177471096505 0.0238566263391 0.0277506300551 0.0140226498673 0.0698708348515 0.00799165294616 0.00536260467667 0.0225316233896 0.0196322819107 0.0203536393097 -0.00298810150899 -0.00759424833816 -0.00135546169433 0.00241741155175 0.010851352432 0.0304316009969 0.0190907366097 0.0221317357878 -0.00469736743833 0.0195091931319 0.185796395171 0.00527828895842 -0.000730848594599 
0.0402898717775 0.0210590328929 0.038765142814 0.0417051647987 0.00190504818982 0.0302491426598 0.0067000890299 0.0348763044157 0.0405287556638 0.031791498772 -0.0104845358931 0.36591388063 0.015084644529 -0.000814621345334 0.0321218911309 0.00784729148766 0.0118638059326 0.0260698094912 0.017981974165 0.0187014213545 0.0215856680389 0.0425532468773 0.0335976939963 0.00763440603146 0.0161962966783 0.0185037638687 0.0165073507567 0.00924441873865 0.0161877121325 0.00990594872906 0.0224526163193 0.0138693948975 0.019422327427 0.0165989681056 0.0196098244131 0.0233701844227 0.117083133187 0.0155894949977 0.00612084941937 0.0264705115265 
0.00568271733109 0.0169884389436 0.00972181472258 -0.00641609338516 0.0147915354482 0.010296853511 0.0208935884939 0.0074951585443 0.0228394148913 0.0235270092149 0.0153483704659 0.015084644529 0.154858950324 -0.00214558992124 0.0177141571521 0.0275170979816 0.0256473224025 0.0154749329548 0.0140690403968 0.00778786319916 -0.00564062896424 0.0193883282786 -0.00398081959053 0.0204492511667 0.0258605818669 0.0147368744624 0.0124325550108 0.0301568352654 0.0139898045414 0.0319781868847 0.0203741578844 0.00898749129111 0.0031965692303 0.0228093195314 -0.00101692499423 0.0180307223834 0.0106411202 0.0157150883644 0.0165733337886 0.0272361148779 
0.0146551322806 -0.0191900840251 0.0254653511514 -0.0149459933096 0.0297823700933 0.0323628465718 -0.0273821587133 0.00691065413949 -0.000484287632684 0.00806383699358 0.00550881643541 -0.000814621345334 -0.00214558992124 0.345328673142 0.0372911694347 0.000328460250734 0.00155347142081 0.00755319743869 0.00793721079048 0.0361263350647 0.0323390621504 0.00248339312348 -0.00747749173469 0.0072195161809 0.00384455211365 0.00813840041716 0.00596661125207 0.0415478699816 0.0146760143228 -0.00129001340523 0.0263074519243 0.00678687279728 -0.0105471107812 -0.0127429461406 -0.00795015497659 0.01134847621 -0.00402405891698 0.0240059287265 0.0208459209444 -0.0131286539019 
-0.000825751703887 -0.00118483739808 0.0364333778718 -0.000227761776177 0.0224546115164 0.0123973562526 0.02009688364 0.0227635577513 0.0152906258268 0.0398165211374 -0.0012247212831 0.0321218911309 0.0177141571521 0.0372911694347 0.357962909982 0.0072822640302 0.0268382430511 0.019530323023 -0.000999432354563 0.00684269350929 -0.0100007137051 0.00979470820692 -0.0145647072806 0.0101233751177 -0.00929553348123 0.0179732841873 0.024136264275 -0.0381692396851 0.00509449761432 0.0199639496121 0.0433230838264 0.0159594575284 0.0257182258656 0.0270530988254 0.0114503647592 0.0180290075006 0.0178321140264 -0.00645633564862 -0.00630422744437 0.0140900667703 
0.0175982320933 0.0190096858401 0.0223106023827 0.0264841873454 0.0233122152551 0.0249638553197 0.000156472043974 0.0133045996756 0.0123052839435 0.0191255743223 -0.00151017986263 0.00784729148766 0.0275170979816 0.000328460250734 0.0072822640302 0.181185000405 0.0355661988422 0.0200837937317 0.0251316267124 0.00633176246976 -0.00118416883586 0.0387346888997 0.0267822767384 0.0218745616093 0.0164036686677 0.0286564355549 0.0318954599807 0.0251329795912 0.0269408000036 0.0509462008878 0.0183796819205 0.0152699097852 0.0178678053 0.0135724546549 0.0260236538059 0.011844421651 0.0217361170458 -0.018629527085 0.0180542433753 0.0361990438222 
0.0043139690381 0.0338699279985 0.0218416686475 0.0554367978916 0.0571796817934 0.0299363735658 0.0119897435126 0.00783959662309 0.0258382383408 0.0378370009626 -0.000710080469922 0.0118638059326 0.0256473224025 0.00155347142081 0.0268382430511 0.0355661988422 0.358063027487 0.0378878065423 0.0150251349207 0.015256035844 0.0106626188411 0.0344604216046 -0.00744645217693 0.0254875254689 0.0120264279876 0.0267789218123 0.0366910464165 0.0372489134569 0.0272864051206 0.0175307303612 0.0209444201969 0.027221263372 0.0542870975251 0.0525087372786 0.0695550042476 -0.00144864197825 -0.00943239276932 0.0390106861961 0.0115756973325 0.0179163172731 
-0.0323648157577 0.0266106115842 0.0167475560021 0.00895478780489 -0.00502833764512 0.00746902590298 0.0153721284386 0.0112115940648 0.0326735174311 0.0263299729774 0.0177471096505 0.0260698094912 0.0154749329548 0.00755319743869 0.019530323023 0.0200837937317 0.0378878065423 0.255023214846 0.0181403423281 0.0114964003087 0.0248663125068 0.016347725126 0.0179602476576 0.0160792481816 0.0265220400485 0.0239335782884 0.00663509298976 0.0377762935238 0.0239760511403 0.0192237710896 0.037500181709 0.0474776915025 0.00707483508085 0.0181179444383 0.00458886784164 0.0101223605306 -0.00243540517225 -0.00782979656747 0.0214709350775 0.006953640147 
0.0156951532056 -0.00236759573819 0.00354216113051 -0.000499277825846 -0.00301578680085 0.0189378513742 0.0162021601975 0.0199195982708 0.00415112195601 0.0155806886709 0.0238566263391 0.017981974165 0.0140690403968 0.00793721079048 -0.000999432354563 0.0251316267124 0.0150251349207 0.0181403423281 0.284361441716 0.0153028212767 0.0096864198998 -0.0245147201569 0.0097793042324 -0.000936592946334 0.00183487015287 -0.00185884365891 0.00953687845857 0.0122600494988 0.0204994749705 0.0218125527898 -0.00318400948313 -0.00659861196447 0.00758346999682 0.00646371823464 0.0165825687032 0.00901602123981 0.0293718180035 0.0408190358522 0.0108518171568 0.0168981607973 
-0.00659048991365 -0.00461556697938 0.00455751847198 0.00511010506542 0.00787488364835 0.0177355624709 0.0135966014905 -0.00809138913429 0.00896638336641 0.0395315974065 0.0277506300551 0.0187014213545 0.00778786319916 0.0361263350647 0.00684269350929 0.00633176246976 0.015256035844 0.0114964003087 0.0153028212767 0.221606781598 0.00749920841165 0.0206742165982 0.0254301372827 -0.00773542236413 0.00618266828953 0.0224878256375 0.0167658591388 0.0163471459051 0.00133056220115 0.0145292477514 0.00037586506384 0.00452094568357 0.00456073754751 0.0156130367718 0.00893586035151 0.00215090435998 0.00408229091036 0.00274631038236 -0.00776078970032 -0.0102204674429 
-0.00958032198624 0.0102263702866 0.0126551294034 -0.00656332334184 0.00295953586361 -0.010241982809 0.0152662344421 0.0102491371229 0.0164974643386 -0.00339073106874 0.0140226498673 0.0215856680389 -0.00564062896424 0.0323390621504 -0.0100007137051 -0.00118416883586 0.0106626188411 0.0248663125068 0.0096864198998 0.00749920841165 0.373437926127 0.0308853171394 0.0136004185992 0.00714710266628 0.0165659472915 0.00939900112126 0.00124405637701 0.0378253047497 0.00364427109261 -0.00618101163798 -0.0135091578643 -0.0184791105613 -0.000625672976078 -0.0061014854995 0.00788659997939 0.00197572614913 -0.00131999706863 -0.00890647343884 0.0105355502323 -0.000910882781763 
9.94107886978e-05 0.0280034505448 0.0023402370081 0.00781265849081 0.00474552547051 0.0244921191778 0.0282675261105 0.00446429650144 0.0440245661956 0.0560112041223 0.0698708348515 0.0425532468773 0.0193883282786 0.00248339312348 0.00979470820692 0.0387346888997 0.0344604216046 0.016347725126 -0.0245147201569 0.0206742165982 0.0308853171394 0.503540874584 0.0455025976812 0.0321353497267 -0.00694534507273 0.0238371842427 0.00460557697463 0.0112735577754 0.0276050574467 0.0217886247266 0.0152775181012 0.0248928958713 0.125683732773 0.0135105653356 0.0302408024244 0.0235315837561 0.0420497819606 0.0893495919086 0.00871883226414 0.0139153896052 
0.0173156410811 0.0712985391975 0.00154869071399 0.0169184477588 -0.0207517651465 -0.00214664577989 0.017769320055 0.0108786418244 0.0315545582854 0.0212973356665 0.00799165294616 0.0335976939963 -0.00398081959053 -0.00747749173469 -0.0145647072806 0.0267822767384 -0.00744645217693 0.0179602476576 0.0097793042324 0.0254301372827 0.0136004185992 0.0455025976812 0.437035622519 0.0124521995762 0.00526406345219 -0.00208483860701 -0.0150753838102 0.0479908625999 0.0341887280226 0.0112063912596 0.0223839141123 0.000452144664263 0.00657916802317 -0.0120975207409 0.0222986437088 0.00631394232851 0.0113317384952 0.0335472034333 -0.00118963868966 0.0148867163728 
0.0290925059961 0.0227835784171 0.0144764233774 -0.00707566486449 -0.0337990421839 0.0422557966486 0.0177180870877 0.0103682837093 0.0178013172651 0.00265412418598 0.00536260467667 0.00763440603146 0.0204492511667 0.0072195161809 0.0101233751177 0.0218745616093 0.0254875254689 0.0160792481816 -0.000936592946334 -0.00773542236413 0.00714710266628 0.0321353497267 0.0124521995762 0.278080036502 0.0112795110047 0.0125052402705 0.0284246930484 0.0373281101507 0.00735106892521 0.0261614699503 0.0227614929224 -0.00602835863086 -0.00490504718148 -0.0150854055608 0.00522093292868 0.0224902373178 0.0236182387837 0.0244588468889 0.000463109566043 0.00965123788173 
0.0192874101369 0.0263033595107 0.0142019457181 0.107313575168 0.144057231784 0.0208231236827 0.00530212961517 0.00988141680112 0.0109374295128 0.0217889637802 0.0225316233896 0.0161962966783 0.0258605818669 0.00384455211365 -0.00929553348123 0.0164036686677 0.0120264279876 0.0265220400485 0.00183487015287 0.00618266828953 0.0165659472915 -0.00694534507273 0.00526406345219 0.0112795110047 0.234535480226 0.0201566216857 0.0208866869134 0.0123519857227 0.0412452506433 0.0248459393052 0.00816719514296 -0.00951518093776 0.00529299154825 0.00523049447643 -0.00504910134087 0.0219585099183 -0.00920114921179 -0.00742475776861 0.00400530562653 0.0318196643445 
0.0176666605753 0.0174420190767 0.0572283214337 0.00397872880905 0.00865410632415 0.00821367536037 0.00237932604876 0.0132032489782 0.0376636071118 0.0207608639732 0.0196322819107 0.0185037638687 0.0147368744624 0.00813840041716 0.0179732841873 0.0286564355549 0.0267789218123 0.0239335782884 -0.00185884365891 0.0224878256375 0.00939900112126 0.0238371842427 -0.00208483860701 0.0125052402705 0.0201566216857 0.163735356931 0.039000825613 0.0170837371832 0.00859874102466 0.0209959287216 0.0127498570611 0.0381087085891 0.0098929074026 -0.00186655523748 0.0327864253346 0.0192426440771 0.0182634198662 0.0102922184076 0.0106316241607 -0.00358887818779 
0.0324400958534 0.0405672488782 0.0524303590528 0.00483889178873 -0.00212962149996 -0.000240347346976 0.0227691498589 0.0126553688812 0.0319790350881 0.00353982252903 0.0203536393097 0.0165073507567 0.0124325550108 0.00596661125207 0.024136264275 0.0318954599807 0.0366910464165 0.00663509298976 0.00953687845857 0.0167658591388 0.00124405637701 0.00460557697463 -0.0150753838102 0.0284246930484 0.0208866869134 0.039000825613 0.263254457217 0.00152772911135 -0.00282222541926 0.0226196447057 0.0137106966943 0.0424904287702 0.006999657129 0.00961150851798 0.031922270149 0.0216812697455 0.00881752852625 0.011724270309 0.00451486686896 0.00928432151338 
0.0239461055992 -3.53453928546e-05 0.0140239834199 0.0417736918102 0.0164434230623 0.0280391954036 -0.0139065711841 0.0223351862546 0.028473312033 0.0108314602511 -0.00298810150899 0.00924441873865 0.0301568352654 0.0415478699816 -0.0381692396851 0.0251329795912 0.0372489134569 0.0377762935238 0.0122600494988 0.0163471459051 0.0378253047497 0.0112735577754 0.0479908625999 0.0373281101507 0.0123519857227 0.0170837371832 0.00152772911135 0.371059154 0.0490837781378 0.00906538358375 -8.69963352883e-05 0.00128425652353 0.0109447529407 0.00424134029107 0.0112177388445 0.000587085614454 0.0212142598502 0.00720647499448 0.00581279842146 0.0064713476063 
-0.0037149829285 0.0118112239794 0.00159372816189 0.0459033846375 0.0162999389828 0.0300284644796 0.0357062170689 0.0372582737523 0.0198489524774 0.0106599939514 -0.00759424833816 0.0161877121325 0.0139898045414 0.0146760143228 0.00509449761432 0.0269408000036 0.0272864051206 0.0239760511403 0.0204994749705 0.00133056220115 0.00364427109261 0.0276050574467 0.0341887280226 0.00735106892521 0.0412452506433 0.00859874102466 -0.00282222541926 0.0490837781378 0.184975644321 0.015345746514 0.00567430708508 -0.0195382385771 0.0175612158938 0.0233217836446 0.000197231798893 0.00682055665868 0.0147259289089 -0.000127263668998 0.0296743440764 0.0127774021837 
0.0301072607262 0.0148213721153 0.0145114916337 0.0268533331129 0.00641516414616 0.0221485963973 0.0337443103628 0.0221763394809 0.0241782603572 0.0222439881268 -0.00135546169433 0.00990594872906 0.0319781868847 -0.00129001340523 0.0199639496121 0.0509462008878 0.0175307303612 0.0192237710896 0.0218125527898 0.0145292477514 -0.00618101163798 0.0217886247266 0.0112063912596 0.0261614699503 0.0248459393052 0.0209959287216 0.0226196447057 0.00906538358375 0.015345746514 0.137601109157 0.0292847758096 0.0108313684403 0.0181151888543 0.0044573150763 0.0048974195169 0.00434348620691 0.00442752452678 -0.00204170099982 0.018000387573 0.0411377386884 
0.0251274379476 0.0182730941094 0.00971702955655 -0.0079770991513 0.0299572287894 0.00601980954613 0.000866943434317 0.0075561338126 0.00932588279028 0.0182664705726 0.00241741155175 0.0224526163193 0.0203741578844 0.0263074519243 0.0433230838264 0.0183796819205 0.0209444201969 0.037500181709 -0.00318400948313 0.00037586506384 -0.0135091578643 0.0152775181012 0.0223839141123 0.0227614929224 0.00816719514296 0.0127498570611 0.0137106966943 -8.69963352884e-05 0.00567430708508 0.0292847758096 0.162953947276 0.00580652331933 -0.00251172372322 0.0125384486499 0.000533034833591 0.011907019041 -0.00468826520209 0.0254861773351 0.0240602878767 0.0191716403384 
0.0172838554835 0.0219041112579 0.0184046270769 -0.0103955631085 0.00255925681883 0.00799763665354 0.00785159715834 0.0112529471281 0.0475234306792 0.0495184191698 0.010851352432 0.0138693948975 0.00898749129111 0.00678687279728 0.0159594575284 0.0152699097852 0.027221263372 0.0474776915025 -0.00659861196447 0.00452094568357 -0.0184791105613 0.0248928958713 0.000452144664263 -0.00602835863086 -0.00951518093776 0.0381087085891 0.0424904287702 0.00128425652353 -0.0195382385771 0.0108313684403 0.00580652331933 0.468129406484 0.0672086105579 0.002426460856 0.0445390292124 0.0255438788121 0.0229386523667 0.0228184095915 0.00990677800651 -0.0211687103352 
0.00605491048895 0.0171624713944 0.0050540645627 0.0416279551955 -0.000683973044765 0.0201276971366 0.051710898653 -0.00121494372493 0.0563300043131 0.0402686955148 0.0304316009969 0.019422327427 0.0031965692303 -0.0105471107812 0.0257182258656 0.0178678053 0.0542870975251 0.00707483508085 0.00758346999682 0.00456073754751 -0.000625672976078 0.125683732773 0.00657916802317 -0.00490504718148 0.00529299154825 0.0098929074026 0.006999657129 0.0109447529407 0.0175612158938 0.0181151888543 -0.00251172372322 0.0672086105579 0.516873737914 0.0152565213194 0.0845929866074 -0.0024393968239 0.00450289996014 0.0622026264328 -0.00678087679645 0.0181490747865 
-0.015656295 -0.00912668083718 0.000482888062772 -0.00204958577701 0.0302338342949 -0.00650154917878 0.0120875223423 -0.00282564953237 -0.0202484120644 0.0179846866492 0.0190907366097 0.0165989681056 0.0228093195314 -0.0127429461406 0.0270530988254 0.0135724546549 0.0525087372786 0.0181179444383 0.00646371823464 0.0156130367718 -0.0061014854995 0.0135105653356 -0.0120975207409 -0.0150854055608 0.00523049447643 -0.00186655523748 0.00961150851798 0.00424134029107 0.0233217836446 0.0044573150763 0.0125384486499 0.002426460856 0.0152565213194 0.41747900355 0.0285038144328 0.0152668308074 0.00257073844877 0.0655812846712 0.00233456790281 0.0261778342603 
0.0133395585062 0.016186010258 0.000180733514601 0.0954340895064 -0.0168116366287 -0.00218282064916 0.0172342238559 0.0178341642021 -0.00223275336437 0.0324418922339 0.0221317357878 0.0196098244131 -0.00101692499423 -0.00795015497659 0.0114503647592 0.0260236538059 0.0695550042476 0.00458886784164 0.0165825687032 0.00893586035151 0.00788659997939 0.0302408024244 0.0222986437088 0.00522093292868 -0.00504910134087 0.0327864253346 0.031922270149 0.0112177388445 0.000197231798893 0.0048974195169 0.000533034833591 0.0445390292124 0.0845929866074 0.0285038144328 0.382102780975 0.00172019438676 0.00331135706444 0.0471640508215 0.0146077535571 -0.0035698344279 
0.0367780246993 0.0371291943061 0.0190487043414 0.00714461032002 0.00823351350774 0.0104472466434 -0.00288234234678 0.00826779673653 0.0126388548974 -0.000483747029325 -0.00469736743833 0.0233701844227 0.0180307223834 0.01134847621 0.0180290075006 0.011844421651 -0.00144864197825 0.0101223605306 0.00901602123981 0.00215090435998 0.00197572614913 0.0235315837561 0.00631394232851 0.0224902373178 0.0219585099183 0.0192426440771 0.0216812697455 0.000587085614454 0.00682055665868 0.00434348620691 0.011907019041 0.0255438788121 -0.0024393968239 0.0152668308074 0.00172019438676 0.288343592753 0.0167555867665 0.010845730077 -0.000924077903902 0.0147401390103 
0.0255753647465 -0.00130133375638 0.0152905864397 0.0137429633746 -0.0336847706881 -0.0183895215992 0.00161531359714 0.048999317347 0.0333136526004 0.0274272098038 0.0195091931319 0.117083133187 0.0106411202 -0.00402405891698 0.0178321140264 0.0217361170458 -0.00943239276932 -0.00243540517225 0.0293718180035 0.00408229091036 -0.00131999706863 0.0420497819606 0.0113317384952 0.0236182387837 -0.00920114921179 0.0182634198662 0.00881752852625 0.0212142598502 0.0147259289089 0.00442752452678 -0.00468826520209 0.0229386523667 0.00450289996014 0.00257073844877 0.00331135706444 0.0167555867665 0.427050573567 0.00680080372872 -0.016813857615 0.00926190825725 
0.00863172176065 0.00820184659181 0.0094227232004 0.0275702134813 -0.0143267095013 0.00864527466559 -0.00202867969114 0.0187650539015 0.0264959524241 0.0302970916974 0.185796395171 0.0155894949977 0.0157150883644 0.0240059287265 -0.00645633564862 -0.018629527085 0.0390106861961 -0.00782979656747 0.0408190358522 0.00274631038236 -0.00890647343884 0.0893495919086 0.0335472034333 0.0244588468889 -0.00742475776861 0.0102922184076 0.011724270309 0.00720647499448 -0.000127263668998 -0.00204170099982 0.0254861773351 0.0228184095915 0.0622026264328 0.0655812846712 0.0471640508215 0.010845730077 0.00680080372872 0.995690814931 0.000396151632248 -4.8120461771e-05 
-0.00522306082024 0.0137583842026 0.0107925299863 0.0282934608382 0.0297863430945 -0.0022571098558 0.0201914883731 0.0157873206248 -0.00708771503449 0.0054662300017 0.00527828895842 0.00612084941937 0.0165733337886 0.0208459209444 -0.00630422744437 0.0180542433753 0.0115756973325 0.0214709350775 0.0108518171568 -0.00776078970032 0.0105355502323 0.00871883226414 -0.00118963868966 0.000463109566042 0.00400530562653 0.0106316241607 0.00451486686896 0.00581279842146 0.0296743440764 0.018000387573 0.0240602878767 0.00990677800651 -0.00678087679645 0.00233456790281 0.0146077535571 -0.000924077903902 -0.016813857615 0.000396151632248 0.185240432355 0.00663260007748 
0.0360877536069 0.00697154384667 0.0055874260743 0.0378578318746 0.0335933747137 -5.62448928297e-05 0.0383925629896 0.00727261166904 0.0109924429962 0.00289240986565 -0.000730848594599 0.0264705115265 0.0272361148779 -0.0131286539019 0.0140900667703 0.0361990438222 0.0179163172731 0.006953640147 0.0168981607973 -0.0102204674429 -0.000910882781763 0.0139153896052 0.0148867163728 0.00965123788173 0.0318196643445 -0.00358887818779 0.00928432151338 0.0064713476063 0.0127774021837 0.0411377386884 0.0191716403384 -0.0211687103352 0.0181490747865 0.0261778342603 -0.0035698344279 0.0147401390103 0.00926190825725 -4.81204617709e-05 0.00663260007748 0.268809558982 
0.0774694774019 0.000656797038798 0.00239572074184 0.000726652606156 0.0030412333656 -0.00116467335223 0.000519915559061 0.0046664876003 0.000221636875656 0.00371867929824 0.000721884724906 0.00348920524745 0.000492137757125 0.00126917168508 -7.15121952785e-05 0.00152405160545 0.000373600677814 -0.0028028752635 0.00135924013923 -0.00057075316886 -0.000829680221652 8.60922684227e-06 0.00149957850591 0.00251948492524 0.00167033871517 0.00152997768582 0.00280939471103 0.00207379357706 -0.000321726959071 0.00260736526273 0.00217609995946 0.00149682579241 0.000524370630107 -0.00135587491991 0.00115523965417 0.00318507036906 0.00221489155816 0.000747529032312 -0.000452330335584 0.00312529113891 
0.000656797038798 0.0295265721728 0.00129650924217 -0.000482091294639 -0.00235959385711 0.000503342480217 0.000236836764793 0.000938893108348 0.00385781713035 0.00156147134543 0.00138435970606 0.00182376574644 0.00147124196958 -0.00166191002665 -0.000102609928609 0.00164628708555 0.00293322180711 0.00230454656422 -0.000205039805516 -0.000399719825701 0.000885629645666 0.00242516995654 0.00617463461977 0.00197311576983 0.00227793775412 0.00151052316137 0.00351322680901 -3.06100081185e-06 0.0010228820016 0.00128356847708 0.00158249637045 0.00189695167967 0.00148631362193 -0.000790393745723 0.00140174960694 0.00321548254911 -0.000112698809183 0.000710300750645 0.00119151102345 0.000603753407481 
0.00239572074184 0.00129650924217 0.0187058195456 0.00170885404354 -0.000436654282602 0.00178109104229 -0.000442931134212 0.000479228501408 0.00268287879954 0.00282641591942 0.00114981993661 0.00335715984583 0.000841933852064 0.00220536410134 0.00315522307827 0.00193215484372 0.00189154399098 0.00145038089491 0.000306760152332 0.000394692677496 0.00109596635515 0.000202670469989 0.000134120550092 0.00125369504008 0.00122992457751 0.00495611801776 0.00454060228692 0.00121451259039 0.000138020907493 0.00125673204016 0.00084151944453 0.00159388745958 0.000437694830366 4.18193329545e-05 1.5651981496e-05 0.00164966618689 0.00132420362956 0.000816031766438 0.000934660513927 0.000483885292211 
0.000726652606156 -0.000482091294639 0.00170885404354 0.0440278675563 0.019428081837 0.00198780518928 0.00360278399602 -0.000297336527138 0.00188896763803 0.00277133999994 0.00424907502064 0.00361177321847 -0.00055564998646 -0.00129436098909 -1.9724748418e-05 0.00229359790397 0.00480096752786 0.000775507372453 -4.32387280729e-05 0.000442548080266 -0.000568400474728 0.000676596072413 0.00146518055517 -0.000612770552131 0.00929362822661 0.000344568022341 0.00041906032152 0.00361770783175 0.00397534972158 0.0023255668652 -0.000690837051353 -0.00090028217386 0.00360508667069 -0.000177499335013 0.00826483458996 0.000618741403728 0.00119017554057 0.00238765052626 0.00245028558469 0.00327858441356 
0.0030412333656 -0.00235959385711 -0.000436654282602 0.019428081837 0.0570620186585 0.000561069637723 0.000452391663054 -0.00144098748592 -0.00103643589087 0.0019854174478 0.000336497747925 0.000164982012782 0.00128098454592 0.00257922890857 0.00194462640053 0.00201889706294 0.00495190570134 -0.000435466813948 -0.000261174798193 0.000681984929132 0.00025630332413 0.000410974561177 -0.00179715557902 -0.00292708291549 0.0124757222324 0.000749467592376 -0.000184430631941 0.00142404220971 0.00141161612392 0.000555569512002 0.00259437211586 0.000221638141991 -5.9233803227e-05 0.00261832685532 -0.00145593043997 0.000713043186011 -0.00291718671365 -0.00124072943808 0.00257957298057 0.0029092715901 
-0.00116467335223 0.000503342480217 0.00178109104229 0.00198780518928 0.000561069637723 0.0172141912501 0.00296216474719 0.000804096341989 0.00187165380963 0.00150706419149 0.000240580342249 0.00261965259861 0.000891733671955 0.00280270472699 0.00107364254545 0.00216193328833 0.00259256600052 0.00064683661735 0.00164006603831 0.00153594476502 -0.000886981729774 0.00212107974005 -0.000185904977831 0.00365945933549 0.00180333540953 0.000711325152052 -2.08146908213e-05 0.00242826555212 0.0026005413076 0.00191812471382 0.000521330799289 0.00069261565122 0.001743109704 -0.000563050675278 -0.000189037813408 0.000904758099276 -0.00159257928683 0.00074870274831 -0.000195471447426 -4.87095060236e-06 
0.000519915559061 0.000236836764793 -0.000442931134212 0.00360278399602 0.000452391663054 0.00296216474719 0.0319990455692 0.00151930299276 0.000856232314298 -0.00106540822226 5.292719989e-05 0.000580244730751 0.0018094378412 -0.00237136450562 0.00174044117692 1.35508765063e-05 0.00103834224668 0.0013312653738 0.00140314823272 0.00117750022959 0.0013220946847 0.00244803957138 0.00153886825756 0.00153443135244 0.00045917789409 0.000206055680211 0.00197186622004 -0.0012043443925 0.00309224910547 0.00292234300074 7.50795037762e-05 0.000679968259941 0.0044782951886 0.00104681014172 0.00149252756738 -0.000249618169472 0.00013989026102 -0.000175688814867 0.00174863418713 0.00332489348654 
0.0046664876003 0.000938893108348 0.000479228501408 -0.000297336527138 -0.00144098748592 0.000804096341989 0.00151930299276 0.0185753446522 0.000616524080584 0.00185204738556 0.00125081511854 0.00302037656141 0.000649099770476 0.000598480204157 0.00197138192931 0.00115221213062 0.000678928983102 0.000970952527707 0.00172508781357 -0.00070073485422 0.000887601311528 0.000386619418027 0.000942118017864 0.000897919708592 0.000855755797516 0.00114343490276 0.00109598709454 0.00193428386947 0.00322666115707 0.00192052733534 0.00065438038361 0.000974533808034 -0.000105217212996 -0.000244708427723 0.00154448392543 0.000716012200716 0.00424346535906 0.00162510133821 0.00136722207188 0.000629826645725 
0.000221636875656 0.00385781713035 0.00268287879954 0.00188896763803 -0.00103643589087 0.00187165380963 0.000856232314298 0.000616524080584 0.0490589245557 0.00264995461035 6.4172219027e-05 0.00350989319886 0.00197795135035 -4.19405392643e-05 0.00132420704058 0.00106566884959 0.00223765707922 0.00282960961264 0.000359497706811 0.000776511577538 0.00142872232152 0.0038126392716 0.00273270490803 0.00154163929724 0.000947209181018 0.00326176405569 0.00276946567748 0.00246586115505 0.0017189697084 0.00209389876887 0.00080764514091 0.00411564982432 0.00487832147304 -0.00175356392341 -0.000193362113393 0.00109455694159 0.00288504694448 0.00229461678967 -0.000613814127465 0.000951973488438 
0.00371867929824 0.00156147134543 0.00282641591942 0.00277133999994 0.0019854174478 0.00150706419149 -0.00106540822226 0.00185204738556 0.00264995461035 0.0231199625944 0.000729091053127 0.0027532245561 0.00203749876552 0.000698348768841 0.00344821187953 0.00165632332251 0.00327678040366 0.00228024254794 0.00134932721975 0.00342353676062 -0.000293645924293 0.00485071256664 0.00184440337201 0.000229853896986 0.00188697961558 0.00179794356053 0.000306557623503 0.000938031973751 0.000923182556609 0.00192638587993 0.00158192275534 0.00428842089563 0.00348737132931 0.00155751955173 0.00280955028214 -4.189372164e-05 0.00237526604451 0.00262380510707 0.00047338940444 0.000250490042181 
0.000721884724906 0.00138435970606 0.00114981993661 0.00424907502064 0.000336497747925 0.000240580342249 5.292719989e-05 0.00125081511854 6.4172219027e-05 0.000729091053127 0.0399174021947 -0.000907987443035 0.00132920787302 0.000477077497785 -0.000106063974372 -0.000130785412533 -6.14947725684e-05 0.0015369447801 0.00206604444583 0.00240327505987 0.00121439710134 0.0060509917965 0.00069209744696 0.000464415188045 0.00195129582439 0.00170020548689 0.00176267687017 -0.000258777181588 -0.00065768119835 -0.000117386426115 0.000209353981522 0.000939754687154 0.00263545395411 0.0016533062881 0.0019166645422 -0.00040680395325 0.00168954568596 0.0160904398149 0.000457113232651 -6.32933449243e-05 
0.00348920524745 0.00182376574644 0.00335715984583 0.00361177321847 0.000164982012782 0.00261965259861 0.000580244730751 0.00302037656141 0.00350989319886 0.0027532245561 -0.000907987443035 0.0316890716223 0.00130636853692 -7.05482779524e-05 0.0027818373737 0.000679595377922 0.00102743573232 0.00225771172912 0.00155728464371 0.00161959059799 0.00186937368794 0.00368521928093 0.00290964565094 0.000661158956605 0.00140264043706 0.00160247295759 0.00142957851045 0.000800590147089 0.00140189699359 0.000857880324796 0.00194445361139 0.00120112483163 0.00168202289524 0.0014375128056 0.00169826061055 0.00202391734012 0.0101396967695 0.00135008987002 0.000530081108991 0.00229241354331 
0.000492137757125 0.00147124196958 0.000841933852064 -0.00055564998646 0.00128098454592 0.000891733671955 0.0018094378412 0.000649099770476 0.00197795135035 0.00203749876552 0.00132920787302 0.00130636853692 0.0134111784984 -0.000185813537789 0.00153409101004 0.00238305058905 0.00222112327396 0.00134016850607 0.00121841463905 0.000674448737167 -0.000488492797635 0.00167907848262 -0.000344749089328 0.00177095709987 0.00223959208534 0.00127625076568 0.00107669084733 0.00261165854376 0.00121155261269 0.00276939222091 0.00176445383086 0.00077833957744 0.00027683101584 0.00197534501572 -8.8068287875e-05 0.00156150636326 0.000921548041791 0.00136096657463 0.00143529280863 0.00235871673846 
0.00126917168508 -0.00166191002665 0.00220536410134 -0.00129436098909 0.00257922890857 0.00280270472699 -0.00237136450562 0.000598480204157 -4.19405392643e-05 0.000698348768841 0.000477077497785 -7.05482779524e-05 -0.000185813537789 0.0299063403596 0.00322951000672 2.84454921269e-05 0.000134534571448 0.00065412608617 0.000687382617975 0.00312863239117 0.00280064493568 0.000215068153252 -0.000647569779883 0.000625228441569 0.000332947979659 0.000704806150743 0.000516723691879 0.00359815108772 0.00127098012299 -0.000111718438015 0.00227829216752 0.00058776042547 -0.000913406587309 -0.00110357150768 -0.000688503617375 0.000982806869208 -0.000348493724843 0.00207897441186 0.00180530971031 -0.00113697477965 
-7.15121952785e-05 -0.000102609928609 0.00315522307827 -1.9724748418e-05 0.00194462640053 0.00107364254545 0.00174044117692 0.00197138192931 0.00132420704058 0.00344821187953 -0.000106063974372 0.0027818373737 0.00153409101004 0.00322951000672 0.0310004973657 0.000630662564722 0.00232426002752 0.0016913755882 -8.65533808415e-05 0.000592594640935 -0.000866087212461 0.000848246612985 -0.00126134065037 0.000876710002393 -0.000805016813648 0.00155653206956 0.00209026180146 -0.00330555312105 0.000441196435352 0.00172892875239 0.00375188911639 0.00138212956502 0.00222726369399 0.00234286708339 0.000991630676406 0.00156135785005 0.001544306375 -0.000559135068707 -0.000545962111806 0.00122023557641 
0.00152405160545 0.00164628708555 0.00193215484372 0.00229359790397 0.00201889706294 0.00216193328833 1.35508765063e-05 0.00115221213062 0.00106566884959 0.00165632332251 -0.000130785412533 0.000679595377922 0.00238305058905 2.84454921269e-05 0.000630662564722 0.0156910813136 0.00308012317134 0.0017393075576 0.00217646271713 0.000548346714954 -0.000102552029422 0.00335452245948 0.00231941320267 0.00189439260503 0.00142059937815 0.00248172011725 0.00276222786087 0.00217657987988 0.00233314172014 0.00441207041951 0.00159172714566 0.00132241297875 0.00154739732997 0.00117540905229 0.00225371452952 0.00102575700429 0.00188240295413 -0.00161336437161 0.00156354334091 0.00313492915427 
0.000373600677814 0.00293322180711 0.00189154399098 0.00480096752786 0.00495190570134 0.00259256600052 0.00103834224668 0.000678928983102 0.00223765707922 0.00327678040366 -6.14947725684e-05 0.00102743573232 0.00222112327396 0.000134534571448 0.00232426002752 0.00308012317134 0.031009167796 0.00328118029593 0.00130121485366 0.0013212114602 0.000923409878729 0.00298436005347 -0.000644881675329 0.00220728445357 0.00104151921541 0.00231912265754 0.00317753782881 0.00322585053171 0.00236307200124 0.00151820578397 0.00181383999581 0.00235743056033 0.00470140055545 0.00454739004039 0.00602364006388 -0.000125456075415 -0.000816869175671 0.00337842452649 0.00100248479564 0.00155159859008 
-0.0028028752635 0.00230454656422 0.00145038089491 0.000775507372453 -0.000435466813948 0.00064683661735 0.0013312653738 0.000970952527707 0.00282960961264 0.00228024254794 0.0015369447801 0.00225771172912 0.00134016850607 0.00065412608617 0.0016913755882 0.0017393075576 0.00328118029593 0.0220856582611 0.00157099972895 0.000995617471939 0.00215348583294 0.00141575452532 0.00155540307298 0.0013925037399 0.00229687604422 0.00207270868012 0.00057461590856 0.00327152298524 0.00207638693699 0.00166482741201 0.00324761100065 0.00411168869542 0.00061269869076 0.00156906001479 0.000397407612547 0.000876622136572 -0.000210912274768 -0.00067808027339 0.00185943752201 0.000602202901608 
