60
0.00477989818121 0.10431458653 0.0251356843311 0.0414486045552 0.0230030392576 0.0283464571838 0.126841392599 0.05514883533 0.00326137985962 0.135547989167 0.0350054865441 0.119808933935 0.109746753301 0.0907505897935 0.046041615311 0.0430779984078 0.0189508527873 0.256023639664 0.399937027552 0.171372180847 0.0453963667668 0.0578888041786 0.0609589558998 0.0345230729479 0.0461662895592 0.142251168296 0.0493061267197 0.0723241103927 0.0566217234647 0.0723841835345 0.0998681056981 0.0541634245192 0.0437038130991 0.033790820858 0.165506763093 0.176385145314 0.330982708656 0.0205855922537 0.0110311255814 0.0831393543584 0.11775000089 0.0315903614714 0.171628318037 0.10643743266 0.0279461936292 0.0755027876102 0.0415097954764 0.0485380268731 -0.00648668223639 0.357744060202 0.0662185328213 0.0363676427781 0.0070666509449 0.0328492958576 0.0948967479515 0.0498631258667 0.0511719962834 0.0946597506959 0.0979044774238 0.0368602928082 
0.162866585937 -0.00270471863646 0.016433663716 0.0150180394355 0.00942871502653 0.012174209055 0.00154081205116 0.00553417547213 0.0148021981584 -0.0205306038286 0.00410308109004 9.0174619032e-05 0.0162262863509 0.0203431738589 0.0136393067223 0.00729557007185 0.00617313073828 0.000770761455328 -0.00565461799561 0.0184555007401 -0.00521830924137 0.00417241632702 0.0324356149334 0.0191463882139 0.00740045173768 0.00069414732488 0.00883960821735 0.00643075360473 0.0157121168607 -0.00906123257486 0.0179228128477 0.00217719223615 0.0221254159899 0.00565422358899 0.0188155404385 0.0303402700136 0.0108895913202 0.00142869418033 0.0119716910427 0.00294055036007 0.0268770240068 0.0240832748806 0.0206904670051 0.00359190591222 0.00769627143562 -0.0149208344467 0.00566434974895 0.00892880974319 0.0156015324559 -0.00284067322453 0.0114568531261 0.000693976693265 0.019678738312 0.010724958234 -0.00461756679986 0.010118961359 0.0231316262774 -0.00756983791784 0.0213200825016 -0.00866000681941 
-0.00270471863646 0.538814659557 0.0237377771289 -0.0206156692924 0.0154024099194 0.00915283394586 0.0146757863969 0.000822458430469 0.00344617945948 0.0437884081141 0.020997723921 -0.0169937039601 0.0850311985526 0.0255975465454 0.0216094169926 -0.00518782570859 0.0101875057483 -0.00209614512241 0.021737486703 -0.0102826421909 -0.00424290587524 0.0127239976363 0.0335573802827 0.0187064071667 -0.0220205448656 0.00535619017949 0.0674817078555 0.00591775393885 0.0210619775549 0.029680715619 0.0329693066771 0.0125413962553 -0.0040831476984 0.00900345253969 0.0266977818563 0.0214546240167 0.0221453460572 0.0483007774781 0.0130594880151 0.0535064843222 0.052558760876 -0.00420822938339 0.0566563670999 0.0483787449876 -0.010789893682 0.119168048409 -0.0189222544902 0.0163609404637 0.00781702414452 0.0368480084579 0.0563938222056 0.00770276406615 0.0126988428796 0.00370695897783 0.00573994838304 0.0401416251172 -0.0478369473679 0.00475147158437 0.00784042384722 0.00101436815236 
0.016433663716 0.0237377771289 0.116832709147 0.011247371494 0.0459205156755 0.0150044425597 -0.00145818344707 0.00528665553889 0.0166556946492 0.0130182339889 0.0159557848392 -0.00805913094297 0.000754529929596 0.0253594735582 0.0243231218985 0.00568375109875 -0.0019366899572 0.0147097148992 0.00367481553644 -0.00632705034199 0.00281340713497 -3.21549745276e-05 0.023381185004 0.0220166271986 0.0117148911957 0.011843334798 0.0134673731839 0.00803519461139 0.0229620673258 -0.0126031618362 0.0138337985709 0.011220428246 0.00333083751389 0.016816074031 0.0132277590631 0.0213681458691 -0.00154163939691 0.0104026117919 0.0119031659223 -0.00574815712835 0.0145929837458 0.0277577671468 -0.00316326779592 -0.00597005824336 0.000575140300308 0.0057421155617 0.0145235165252 0.0243990001618 0.0120653759174 -0.00386206563978 0.0164531772588 0.0175913264757 0.0145004881746 0.0214816811144 0.0147014325173 0.0168406447992 0.0139052065194 0.0043738749701 0.0114486149621 -0.0072649388481 
0.0150180394355 -0.0206156692924 0.011247371494 0.284333343343 0.0144213729526 0.025769504813 -0.000853599386974 0.00261821193082 0.0238717076555 0.0914477721625 0.0101888342987 0.00387384190583 -0.00911158933353 0.0254940881861 0.0229221307074 0.0213932456415 0.0342642890215 -0.0128486378017 0.0186874366807 0.0272944260072 0.0212221623254 0.00888343912476 0.0187179665968 0.00242883633424 0.0027029838682 -0.00650628796376 0.00541905082512 0.0558962887615 -0.000987930125675 -0.00135677818211 0.0301661338972 0.033728997642 0.0613800563038 0.00714269865419 0.021968345293 0.0118122188166 0.0629869146482 0.009353322877 0.0145094258321 0.0157504156949 0.0336725005806 0.0120541340514 -0.011591653811 0.00975945417864 0.00565658787094 -0.00383288225076 -0.0169184238987 0.0299933335175 -0.00316311464265 -0.0165022122242 0.0227663802713 0.00839805107889 0.00636011246553 0.00595269259907 -0.0157988055391 0.0197848029685 -0.00486635678193 0.0247157369628 0.00951016269063 0.0109402262092 
0.00942871502653 0.0154024099194 0.0459205156755 0.0144213729526 0.118625793085 0.0259668773224 0.00745559627232 -0.00280196833358 0.0205748884418 0.00964778741726 0.0160949080316 -0.00439338419876 0.0096106191639 0.0269383319325 0.0259870395938 0.0211662429718 -0.00136540416547 0.00839447727085 1.73560911802e-05 0.0125397813637 0.00414087753305 0.000422706791086 0.0111579528552 0.0111657638959 0.0161528389107 0.02036581399 -0.000710996596582 0.0190695840173 0.0197008088629 0.0181703670053 0.006434854785 0.0128607913843 0.00935149999084 0.00933809994046 -0.00330523338817 0.0159692704944 -0.00565109032325 0.00867692941482 0.0191462315458 0.00463817428403 0.0354259160538 0.0233372944046 0.0145400924117 -0.002364823858 0.0111829906837 0.0186213394602 0.0171089965577 0.0335487505932 -0.000514094633765 -0.00221136333296 0.0124856190058 0.0259412523311 0.000643968077622 0.0124967440098 0.0188619389236 0.027433491849 0.00626011207441 0.00415190217159 0.0205787772655 0.000825368746034 
0.012174209055 0.00915283394586 0.0150044425597 0.025769504813 0.0259668773224 0.171374201019 -0.00665264482782 -0.0101960290698 0.0225005471636 0.0168979720164 0.00971186251966 0.00575886480964 0.0206896171941 0.0107656811875 0.00912605136508 0.0117455567533 0.0043062814471 0.0435159499072 0.028901833268 -0.0133793771714 0.000821288904747 0.00459691215342 0.0175698436125 -0.00483452381484 0.0282984476442 0.0392690026193 0.0160315907387 -0.00292699088492 0.0228192885714 0.0115523545576 0.00145570944021 0.0020474158038 0.0181048561162 0.00510117388631 0.0216163800954 0.0137508865791 0.00704646727741 0.0154807686259 0.0133195584653 0.0104140458971 0.0273038976742 0.0199805524841 0.0212236632419 0.00695069915256 0.00757747546922 -0.00559132058851 0.0145464004215 0.00581228593126 0.0258601330896 0.0111512908101 0.0327909177268 0.00518312866218 0.00519615941958 0.0205862394278 0.0142328185373 -0.00124104740496 0.00179241984907 0.0176828932677 0.0167939189524 0.00583963372315 
0.00154081205116 0.0146757863969 -0.00145818344707 -0.000853599386974 0.00745559627232 -0.00665264482782 0.719602782983 0.0202103682248 -0.0025231382916 0.00975506819181 0.00201265662088 0.0220768193039 -0.0372614291966 0.0465096970704 0.0210942183741 0.0194783417134 -0.0151746441815 -0.0211598381961 0.0150586342533 0.000573571986828 -0.014890512645 0.0131180867858 0.00278169708176 0.0366302366632 0.00807300479372 0.0137727910266 0.0120427214016 0.0154083458329 0.0199124907392 0.0662223897781 0.0616555196783 -0.00971225178428 -0.0034274111185 0.0128747351165 0.0214525246638 0.00421717308926 0.0286866230628 0.0220948484249 0.00840730718829 -0.00688613968666 -0.000654571624529 0.000434431322872 0.0103169186451 0.00201304893185 -0.0126234203412 -0.0130032109202 0.0100502222115 0.00810452351363 0.00599436965423 0.467755090423 0.00506695681051 0.00233835372801 0.00296848266152 -0.0258683436839 -0.0198472415792 0.0146586984967 0.15835323413 0.00187236680577 -0.00899113748922 -0.008733520785 
0.00553417547213 0.000822458430468 0.0052866555389 0.00261821193081 -0.00280196833358 -0.0101960290698 0.0202103682248 0.328438740107 -0.0049322479337 -0.0236603745532 0.00659748331501 0.0109484446738 0.0118782442342 -0.00242870138079 0.00513555050626 -0.00534774293816 0.0157738198442 0.0143306233573 0.0244129078978 0.150356547253 0.0169194472541 0.106487284358 0.00731743869225 0.0195422311772 -0.00240974231451 -0.0200232739803 0.02819633147 0.0119667036063 0.0106965501901 -0.00252653873587 0.0125078404658 -0.0173822963807 0.00490216401007 0.0246470550524 0.00587234779085 -0.0119171302902 0.0112725629227 -0.00826639380676 0.0188252601799 -0.00371523477668 0.0259274068766 0.00743204538968 0.0213173949799 0.123412386897 0.0150379699043 -0.0180248987857 0.172096113735 1.72116927021e-05 0.0235520620646 0.025675289013 -0.00965728838585 0.00637313409181 -0.0127011940084 0.0174360255821 -0.00674721227036 0.0112565579885 0.000130574442657 0.0277169247571 0.00506986927396 0.00987282206204 
0.0148021981584 0.00344617945948 0.0166556946492 0.0238717076555 0.0205748884418 0.0225005471636 -0.0025231382916 -0.0049322479337 0.150135857397 -0.00394534203763 0.00663280222262 -0.00623966112606 -0.00390608691634 0.0126282038017 0.0235119104696 -0.00475940888125 -0.000793591123825 -0.00450505196809 0.0016216587215 0.00281048597882 -0.0150519983603 0.00677468567608 0.00446293725872 0.00100246340909 0.0225589143029 0.0216964743924 0.0326422715034 0.0173851364837 0.0166641388811 0.0139391450678 0.0168941126922 7.90100116893e-05 0.0123078718775 0.00825697595476 0.0221808107001 0.0144175384012 0.0159435549987 0.0132128789131 0.0114027036234 -7.98432867408e-05 0.0340773562915 0.0177309798105 0.00607241385513 -0.00349926611528 0.0194679340372 -0.0237776443797 -0.0127401846959 0.00338050900435 0.027631037433 0.0139177973986 0.0141990744651 0.00700284003917 0.00875654927156 0.0120002961437 0.0151078542403 0.0268201439521 0.00230693284591 0.00349615451343 0.0299008643857 -0.00749377704992 
-0.0205306038286 0.0437884081141 0.0130182339889 0.0914477721625 0.00964778741726 0.0168979720164 0.00975506819181 -0.0236603745532 -0.00394534203764 0.448245014707 0.0128169818513 -0.0162612153681 0.0891649425515 -0.000369255544323 0.0179276761619 -0.00110940395897 0.025986757788 0.0407302346303 0.0795220999712 -0.00917507095362 -0.0150248702604 -0.022747055145 -0.000114997283402 0.006986642392 0.0169126800371 0.0012337681673 0.0411458120079 0.0424868860451 -0.00976569461768 0.0214193233738 0.107244128109 0.0285174231773 0.011633150032 -0.00185575803611 0.00737991382924 0.0126204703979 0.0705408946958 0.00538410489621 -0.00393331666521 -0.0119502149028 0.00934674425399 -0.00622672629216 -0.0232395389028 0.0434732138884 -0.000287083261415 0.0161301396466 0.00313585338073 0.00877682210142 0.00527827640743 -0.00179103526425 0.0216046074226 -0.0141638227561 -0.0109228040307 -0.0164001944132 0.0100441064627 -0.00458547797976 0.00631493095172 0.0178332476329 0.0245571613581 0.0208556613292 
0.00410308109004 0.020997723921 0.0159557848392 0.0101888342987 0.0160949080316 0.00971186251966 0.00201265662088 0.00659748331501 0.00663280222261 0.0128169818513 0.130107490348 0.00316416841758 0.00668430191952 -0.0116962825335 0.00565102924057 0.00451583057955 0.00795830146554 0.0173824520921 0.0309227610165 0.0271836341403 0.00971139902496 0.0195506909899 0.0206743158443 0.00803480166904 0.0228763583401 0.0116506075966 0.0170775486796 0.00620105845456 0.00985191257819 0.0183213634351 0.0266766885518 0.00564247624122 0.027054303846 0.0208682689018 -0.00274878526473 0.0259386086263 0.0212789250143 -0.00426409811811 0.0272121759909 -0.00292277586596 0.0273516139647 0.0173427940766 -0.00381758421043 0.00610473044274 0.00179998352238 0.00929165831253 0.003979429017 0.0181067046055 0.00340318947711 0.015007876409 0.0206785307452 0.0140629065941 0.0124563060597 0.0137835240548 0.00469679578183 0.0117682467239 0.00765175664503 0.00391403387434 -0.00782888152046 0.0112270988136 
9.01746190319e-05 -0.0169937039601 -0.00805913094297 0.00387384190583 -0.00439338419876 0.00575886480964 0.0220768193039 0.0109484446738 -0.00623966112606 -0.0162612153681 0.00316416841758 0.626984603581 -0.000484094476143 -0.00635873628544 -0.00814590940787 0.0455893180704 0.0148881103562 -0.0149464765625 0.0429941129544 0.0134516442667 -0.0092603353774 0.00687699003632 0.0876423362421 -0.00511121657445 0.0243023095702 -0.00858849523679 0.00888160877153 -0.0276285547098 -0.0166369963271 0.00750298861402 -0.00435611417162 -0.00309166596497 0.011733998578 -0.0257384015612 0.045323517168 -0.0376484598531 0.0432504353354 0.0037552757754 0.0202637982152 0.0124978981641 -0.0200000630004 -0.000442776498704 0.0105205081801 0.0111906896293 -0.0247043670909 0.00193130989399 0.00663526826643 -0.022074225398 0.00903315606539 0.0803194688512 -0.0284412456741 -0.0066328028272 0.0098474165305 0.0260268487556 0.00704565675773 0.00428414407537 -0.00566887194434 0.000471357740707 -0.00511293631117 0.0348173981991 
0.0162262863509 0.0850311985526 0.000754529929593 -0.00911158933353 0.0096106191639 0.0206896171941 -0.0372614291966 0.0118782442342 -0.00390608691634 0.0891649425515 0.00668430191952 -0.000484094476143 0.366454851268 -0.000573129290024 0.02059084585 0.00630626622989 0.0420398250092 -0.0113613358476 0.0425452806658 0.0173787731413 0.0154129230461 -0.0119492967704 0.0302474865644 0.0146161471288 0.00731198857225 0.00272543733479 -0.000380601149163 0.0134762518327 0.0105991909282 0.0757185973338 0.0145244990281 0.0242617778291 0.00846852636862 -0.00750530657502 0.0130303403331 -0.00452231591311 0.0512303396116 0.00011800377771 0.0313323052182 -0.00114065209479 6.22188416516e-05 0.0105663168342 0.0156047755051 0.0653693238073 0.00522483524173 -0.000555891737783 0.0453488177548 0.00367369133256 0.0276966446166 0.0235832010734 0.0224517516353 -0.0122464504532 -0.00045739062957 0.0300832497487 0.00965887557763 0.00745677407868 -0.00711307747592 0.0325494144298 0.0304699801714 0.0118471495504 
0.0203431738589 0.0255975465454 0.0253594735582 0.0254940881861 0.0269383319325 0.0107656811875 0.0465096970704 -0.00242870138078 0.0126282038018 -0.000369255544321 -0.0116962825335 -0.00635873628544 -0.000573129290022 0.311528513873 0.0278565361474 0.0247942550252 0.0107300732727 0.0306117024208 0.0827070778268 -0.0217091896838 0.0169395055213 -0.0157104122844 0.0140245973195 0.00939719799138 0.0755185483361 0.0322984423533 0.0119375967511 0.0105113221918 0.0229805146876 -0.00443283926315 0.0141025182021 0.0239091542813 0.0138281797684 0.0161488987912 0.00625207760967 0.00377680312729 0.0143403987614 0.0277032512509 0.00674426812744 0.00434473162263 0.0258290138694 0.021719975385 0.0232116334204 -0.00419473913211 0.00949786625794 -0.00972789471984 -0.009537627844 0.0131454067359 0.00461313255518 0.00327586982278 0.00193035469254 0.0502789810368 -0.0014136291897 -0.0176737743627 -0.00834319219396 0.0265954232562 0.0447792945519 0.00956956419004 -0.00116767072164 0.0126620365906 
0.0136393067223 0.0216094169926 0.0243231218985 0.0229221307074 0.0259870395938 0.00912605136508 0.0210942183741 0.00513555050626 0.0235119104696 0.0179276761619 0.00565102924057 -0.00814590940787 0.02059084585 0.0278565361474 0.292327897843 0.0147956038637 -0.00468497179115 0.0213889118642 0.00716467515633 -0.0022401711493 -0.0113051737375 0.0127614447798 0.0170095247613 0.0173669148165 0.0245506756535 0.0448418737934 0.0237512462398 0.0227790461411 0.0413844736416 0.0138368261386 0.0136784375225 0.0137064662997 0.0158243384735 0.00631313927835 0.0224394701227 0.0425872664113 -0.0206688298433 0.0175827684372 0.0256908364285 0.00502794855312 0.0218871189208 0.0209423445533 0.00967729640912 0.0400436085142 0.00873366909173 0.0112320814005 -0.00114502952276 0.0297542368302 0.0422928269851 0.0053043524711 0.0232108613373 0.0177670234265 0.00214856301089 0.00443485019487 0.0299013204002 0.0313998123601 0.0137941961371 -0.00427668075693 0.00969984959787 0.0097111081909 
0.00729557007185 -0.0051878257086 0.00568375109875 0.0213932456415 0.0211662429718 0.0117455567533 0.0194783417134 -0.00534774293816 -0.00475940888125 -0.00110940395897 0.00451583057955 0.0455893180704 0.00630626622989 0.0247942550252 0.0147956038637 0.301689594297 0.00837901802312 -0.00685200406567 0.0149119122924 -0.0349865641582 0.00957248556161 -0.00208099265464 0.093205683849 0.00382218559446 0.0193601426135 0.0456745521765 -0.0118562501822 0.0230120155604 0.00525414633981 -0.00356897724236 0.0416177301681 0.0421981214242 0.0302309873098 -0.00280201213147 0.0193625049734 0.0132697371338 -0.0183975492517 0.00822280656891 -0.002410466404 0.0472213319909 0.0444300196973 0.00258517278054 0.00925740827653 0.00375899815374 -0.00561335305056 -0.00139645298476 -0.00838216265522 0.013608425354 0.00469567282692 0.0574243351048 0.00144532641978 0.00753801036345 0.0113418720689 0.00752408651549 0.0438426544722 0.0235774510937 0.0118336804426 -0.00564881020809 0.00436942390205 0.0141643855472 
0.00617313073828 0.0101875057483 -0.0019366899572 0.0342642890215 -0.00136540416546 0.0043062814471 -0.0151746441815 0.0157738198442 -0.000793591123825 0.025986757788 0.00795830146554 0.0148881103562 0.0420398250092 0.0107300732727 -0.00468497179115 0.00837901802312 0.382316328336 0.0213392001867 0.0643345939115 0.0138456047177 0.0522077379836 0.0112101310988 0.0174765933659 0.00408623250588 -0.00301491106937 0.0344938078859 -0.000628603463896 0.0291530419691 0.00386944346029 -0.00650630006505 0.0511893275902 0.00384453834978 0.0211850421231 0.0152958091499 0.0131110790709 0.0249112762481 0.00450438362951 -0.0169879235856 -0.0182173864665 0.0211970886282 -0.0065463033323 -0.000131391615941 0.00785004895255 -0.00186329048913 0.00572545335236 -0.00533598088365 -0.00727872099028 0.00669982450739 -0.00216243777264 -0.0104999245012 0.0264800762297 0.00823229340598 0.010089471551 -0.00842329447522 0.0221325585715 -0.010010052025 -0.001988471789 0.0123723874898 0.0181992929987 0.0135163786555 
0.000770761455329 -0.00209614512241 0.0147097148992 -0.0128486378017 0.00839447727085 0.0435159499072 -0.0211598381961 0.0143306233573 -0.00450505196809 0.0407302346303 0.0173824520921 -0.0149464765625 -0.0113613358476 0.0306117024208 0.0213889118642 -0.00685200406567 0.0213392001867 0.686674420928 0.127594287246 0.0773676952253 0.0265886705221 0.0239672637219 0.025816237099 0.0426941138452 0.0241774258704 0.00234302608317 0.0484922256436 0.0206484817387 0.0248348090487 0.00894046227111 0.0321554604851 0.0145007719425 0.0106565058879 0.0174812146775 0.00855832493589 0.0468822035338 -0.0270772402142 -0.012420396717 -0.0156361601463 0.0168645577638 -0.0436258649591 0.0203834661956 0.00661267906158 0.0125700748337 0.0352648115201 -0.00732808959176 0.0420259046669 0.0299650006744 0.0168416604092 0.00270380106329 0.0313088291942 0.0305154379067 0.0387893694475 0.0565433129717 0.037221705821 0.0374991977778 -0.00847510658245 0.0278048876996 0.0247935921128 0.000772102308639 
-0.00565461799561 0.021737486703 0.00367481553644 0.0186874366807 1.73560911806e-05 0.028901833268 0.0150586342533 0.0244129078978 0.0016216587215 0.0795220999712 0.0309227610165 0.0429941129544 0.0425452806658 0.0827070778268 0.00716467515633 0.0149119122924 0.0643345939115 0.127594287246 1.29130328065 0.0043874054432 -0.00608052925386 0.0121500207219 -0.0193498775541 0.00631636858092 0.0316710743778 0.017394009099 0.0239735142622 0.0325095425889 0.0171940998541 0.0261768674932 0.0701892208087 -0.00897603527075 0.00561238549997 0.0153574554355 0.0246470396539 0.0358161910514 0.126939110111 0.0224014284793 0.00727102346102 -0.00588302331189 0.13373211745 0.0153323642495 0.023909801531 0.0346056866449 -0.00369593187059 0.0655747028441 0.062855961841 0.0176755994126 0.0236029153014 0.0157459157199 0.0152461026428 0.00336383686464 0.00296318629928 0.080729992599 0.0394388493827 0.00687564143651 0.0595390507309 0.0250675584787 0.00259828615151 0.0470401000469 
0.0184555007401 -0.0102826421909 -0.00632705034199 0.0272944260072 0.0125397813637 -0.0133793771714 0.000573571986828 0.150356547253 0.00281048597882 -0.00917507095362 0.0271836341403 0.0134516442667 0.0173787731413 -0.0217091896838 -0.0022401711493 -0.0349865641582 0.0138456047177 0.0773676952253 0.0043874054432 0.532250254004 0.0178776483724 0.171158184183 0.0135126486647 0.0310899711447 -0.00183890361207 -0.028971465617 0.0102463112777 0.0220758749873 0.0321022370192 0.00224304798351 -0.00822883976313 -0.000976508129861 0.0215026506594 0.0179030674361 0.0095037447422 0.0194361630265 0.0201625282836 0.00615276169214 0.0295332519701 -0.00216381302385 0.0309089319876 0.0390946070839 0.0491794189655 0.143018807097 0.00212696815645 -0.023784001566 0.170539008436 -0.00178420616297 0.0144123015727 -0.00633870844583 0.0140607888469 0.0136369608679 0.00778463516936 -0.00402489112329 0.0691759178102 0.0467444877246 -0.00931387389775 0.0193224333775 0.000339840780915 -0.00633753644559 
-0.00521830924137 -0.00424290587524 0.00281340713497 0.0212221623254 0.00414087753305 0.000821288904745 -0.014890512645 0.0169194472541 -0.0150519983603 -0.0150248702604 0.00971139902496 -0.0092603353774 0.0154129230461 0.0169395055213 -0.0113051737375 0.00957248556161 0.0522077379836 0.0265886705221 -0.00608052925386 0.0178776483724 0.360229186037 -0.0225921972183 0.0265479470749 0.00365773523692 0.0186001546008 -0.00686249000375 0.0119898007975 -0.0126396322531 -0.000492555159153 0.000961420567963 -0.00582912449268 -0.00432034060595 0.0266237582772 0.036061553696 -0.00645301287505 0.0222903634584 -0.0277967573026 -0.0106091628312 0.0173463083038 0.0302815667698 0.026667854356 0.00493672219311 0.00955749908127 -0.00933581237915 -0.00846701477867 -0.00229727880639 -0.00645584258126 0.0242241278892 0.0045345243176 -0.00311349537848 -0.010464667747 0.00576266208849 0.0141165510703 0.0100051561068 0.02958491875 0.00605025345656 0.00266936794097 -0.0022428594879 -0.0115244724093 0.0169545274287 
0.00417241632702 0.0127239976363 -3.21549745308e-05 0.00888343912476 0.000422706791084 0.00459691215342 0.0131180867858 0.106487284358 0.00677468567608 -0.022747055145 0.0195506909899 0.00687699003632 -0.0119492967704 -0.0157104122844 0.0127614447798 -0.00208099265463 0.0112101310988 0.0239672637219 0.0121500207219 0.171158184183 -0.0225921972183 0.381543972357 0.00706658950227 0.0160683909202 0.0154797351372 -0.018140085669 0.0111797751679 -0.000890726706426 0.0249138003046 0.0305852931123 -0.014767662642 -0.0055312837206 0.00712549593709 0.00281739224342 0.0177435213608 0.0369577911122 -0.0147988984525 -0.0153574007813 0.0333340903751 -0.0106598610455 0.055023739533 0.00871029672209 0.0228840693031 0.0813361483117 0.0143197657385 -0.0166678492118 0.108776300408 0.000347005274649 0.0096294882908 0.0205710675075 0.0243847284653 -0.00212622631478 0.0180760703011 -0.00880468884694 0.00103398612341 0.0487307365604 0.00185970574823 0.0293844876798 0.0115746636019 0.00201021021584 
0.0324356149334 0.0335573802827 0.023381185004 0.0187179665968 0.0111579528552 0.0175698436125 0.00278169708176 0.00731743869225 0.00446293725872 -0.000114997283404 0.0206743158443 0.0876423362421 0.0302474865644 0.0140245973195 0.0170095247613 0.093205683849 0.0174765933659 0.025816237099 -0.0193498775541 0.0135126486647 0.0265479470749 0.00706658950227 0.409927161688 0.0182966093652 0.0168580440218 -0.000770680507708 0.0254582522076 0.0220531975069 0.000104121689607 0.0137557417922 0.0216159450518 0.00725095116414 0.0324991192593 0.0150425001485 0.0673977149149 0.0378119706934 -0.00823707823304 0.00801605043855 0.0116462350464 0.0215797490163 0.0179127190239 0.0201589258284 0.00506698978839 -0.0222991288991 -0.00196129238841 0.0446235200996 -0.000562531476925 0.0183824645906 0.0301037795542 0.0371162711365 0.0444985707747 0.0247574296189 -0.00179156890891 0.0353657776902 0.0547782072112 0.0204263766209 -0.0194505119371 0.0229932658467 0.00718330927577 -0.00220848818216 
0.0191463882139 0.0187064071667 0.0220166271986 0.00242883633424 0.0111657638959 -0.00483452381484 0.0366302366632 0.0195422311772 0.00100246340909 0.006986642392 0.00803480166904 -0.00511121657445 0.0146161471288 0.00939719799138 0.0173669148165 0.00382218559446 0.00408623250588 0.0426941138452 0.00631636858091 0.0310899711447 0.00365773523692 0.0160683909202 0.0182966093652 0.127795308996 0.0295790402263 0.0104330675749 -0.00819104088051 0.0236281218821 0.0197277375211 0.013345141391 0.00421748857907 0.0122234057584 0.00151827191547 0.0200097628308 0.0260208500938 -0.00172230542562 0.0219919675411 0.00443653222573 0.00444326147126 0.0143795546959 0.0484477438957 0.00869015900207 0.015679158377 0.0288942401129 -0.00651997441543 0.00432093753628 0.0185401543085 0.017688960799 -0.00368290960994 0.132926894698 -0.0152528945772 0.028894757426 0.00720804916116 0.0108717202037 0.001763440536 0.0196738952967 0.00805911814155 0.00199087918472 -0.000723323260471 0.00175246744967 
0.00740045173768 -0.0220205448656 0.0117148911957 0.0027029838682 0.0161528389107 0.0282984476442 0.00807300479372 -0.00240974231451 0.0225589143029 0.0169126800371 0.0228763583401 0.0243023095702 0.00731198857225 0.0755185483361 0.0245506756535 0.0193601426135 -0.00301491106937 0.0241774258704 0.0316710743778 -0.00183890361207 0.0186001546008 0.0154797351372 0.0168580440218 0.0295790402263 0.324355917665 0.00970829000802 0.0284641430627 0.0281896968532 0.0134249444423 0.0263271085607 0.0123005068145 -0.00811651964865 0.0292105060624 0.0246168635874 0.0401515831471 0.01041051731 0.00379619247181 0.00586052316531 -0.0034367115092 0.0100336335741 0.0504796503256 0.0211029379761 -0.00387150218878 -0.00801192375051 -0.00524529238959 0.0166916946649 -0.00517011156736 0.0144539138789 0.010237947647 0.00295017492536 0.0273376187873 0.0706919791916 0.0123769479629 0.00792613919739 -0.0137886640572 -0.00415295191623 0.0372742074314 0.031320881496 0.0142495429499 0.0108089930892 
0.00069414732488 0.00535619017949 0.011843334798 -0.00650628796376 0.02036581399 0.0392690026193 0.0137727910266 -0.0200232739803 0.0216964743924 0.0012337681673 0.0116506075966 -0.00858849523679 0.00272543733479 0.0322984423533 0.0448418737934 0.0456745521765 0.0344938078859 0.00234302608317 0.017394009099 -0.028971465617 -0.00686249000375 -0.018140085669 -0.000770680507708 0.0104330675749 0.00970829000802 0.796479968574 0.013955298283 0.00655025483957 0.038998690459 0.0042500383866 0.00696576798538 0.0499095158726 0.00161462133215 0.00777919155936 0.0345888935897 0.0679170070353 0.0207541381721 0.00698959707027 0.015000350793 0.00600555790275 0.0634002951425 0.0206627206569 0.0405012914422 0.00272116556333 0.0348291756187 0.0159505767479 -0.0189175330677 0.00357853085216 -0.00589005347862 0.0150210643474 -0.0218237201442 0.0229441201345 0.0131559597318 0.00970652719166 -0.00946256368738 -0.0184474102786 0.00860922325068 0.0446947445688 -0.00297740791097 0.0163111095335 
0.00883960821735 0.0674817078555 0.0134673731839 0.00541905082511 -0.00071099659658 0.0160315907387 0.0120427214016 0.02819633147 0.0326422715034 0.0411458120079 0.0170775486796 0.00888160877153 -0.000380601149164 0.0119375967511 0.0237512462398 -0.0118562501822 -0.000628603463896 0.0484922256436 0.0239735142622 0.0102463112777 0.0119898007975 0.0111797751679 0.0254582522076 -0.0081910408805 0.0284641430627 0.013955298283 0.197184389869 -0.00110325067521 0.0170543117447 0.0318377030875 0.0145767216662 -0.0153722692366 0.0166478750389 0.00611150947389 0.0230834940683 0.017472716075 -0.000193041428011 0.00946984616144 0.0100409513001 0.0143206422422 0.00962051801044 0.010388444278 -0.0145398406341 0.00587568277831 0.0147160145006 0.00154278526042 0.020274368763 0.0163863917671 -0.00200784114552 -0.0273862304815 0.0245138535161 -0.00643821743381 0.00636620588865 -0.00147595059369 0.0273587717878 0.0469037825935 0.00191027065767 0.0065657520202 0.00121447640984 -0.00368407128987 
0.00643075360473 0.00591775393885 0.00803519461139 0.0558962887615 0.0190695840173 -0.00292699088492 0.0154083458329 0.0119667036063 0.0173851364837 0.0424868860451 0.00620105845456 -0.0276285547098 0.0134762518327 0.0105113221918 0.0227790461411 0.0230120155604 0.0291530419691 0.0206484817387 0.0325095425889 0.0220758749873 -0.0126396322531 -0.000890726706427 0.0220531975069 0.0236281218821 0.0281896968532 0.00655025483957 -0.00110325067521 0.364141241296 0.0200121944574 0.00685120813216 0.0145309133498 -0.00581071323214 0.0220714738232 0.0217147914125 0.0180104949613 0.013276164632 0.0213628574273 0.00719784218689 0.00973992956567 0.0231743572998 -0.00539615017688 0.00977675191235 -0.00486350133008 0.0221727317588 -0.0228571118144 0.0203787319162 -0.00512046805827 0.0249978750437 0.0109484339143 0.0203849051932 0.00856861188334 0.0471260632092 -0.00914838752082 0.0147797342594 -0.025168142719 0.0350761664738 0.00326367587755 0.0698567174386 -0.00330268107284 -0.00676567428736 
0.0157121168607 0.0210619775549 0.0229620673258 -0.000987930125676 0.0197008088629 0.0228192885714 0.0199124907392 0.0106965501901 0.0166641388811 -0.00976569461768 0.00985191257819 -0.0166369963271 0.0105991909282 0.0229805146876 0.0413844736416 0.00525414633981 0.00386944346029 0.0248348090487 0.0171940998541 0.0321022370192 -0.000492555159152 0.0249138003046 0.000104121689607 0.0197277375211 0.0134249444423 0.038998690459 0.0170543117447 0.0200121944574 0.158306935001 0.0155593955976 0.0431318973862 0.0150143510568 0.0279844161859 0.0124038261728 0.0214874908874 0.0351140408695 0.00186294793177 0.0197044415457 0.0198002563613 0.017634386118 0.0545217845486 0.0734918371185 0.0202502196578 0.0322477337743 0.0097249559518 0.0252286694143 0.0303644646877 0.00596754175427 0.015949671499 0.0463810618931 0.0167125289919 0.0113592275104 -0.00114956314218 0.0246122315331 0.00336532268099 0.0332380173264 0.0185882256101 0.0167353771391 0.00346249365888 0.00980011035362 
-0.00906123257486 0.029680715619 -0.0126031618362 -0.00135677818211 0.0181703670053 0.0115523545576 0.0662223897781 -0.00252653873587 0.0139391450678 0.0214193233738 0.0183213634351 0.00750298861402 0.0757185973338 -0.00443283926315 0.0138368261386 -0.00356897724237 -0.00650630006505 0.00894046227111 0.0261768674932 0.00224304798351 0.000961420567961 0.0305852931123 0.0137557417922 0.013345141391 0.0263271085607 0.0042500383866 0.0318377030875 0.00685120813216 0.0155593955976 0.317308067328 0.0156501672148 -0.00260639704973 0.00463359302179 0.0142931155755 0.0519114512235 0.00546504840796 0.0104198555321 -0.012436475435 0.012228102785 0.00127642607518 0.00218391693515 0.0160758294412 0.0364838683761 0.0822389136924 0.0032253572334 0.00431040516415 0.0219315230096 0.0168834781382 0.0032814768773 0.0280010027303 0.0217425759111 0.0107702542296 0.00831073935825 0.00883920018652 0.0146231230693 0.018339369175 0.0115541413272 -0.00948294626987 0.0320329170937 0.00954914953266 
0.0179228128477 0.0329693066771 0.0138337985709 0.0301661338972 0.006434854785 0.00145570944021 0.0616555196783 0.0125078404658 0.0168941126922 0.107244128109 0.0266766885518 -0.00435611417162 0.0145244990281 0.0141025182021 0.0136784375225 0.0416177301681 0.0511893275902 0.0321554604851 0.0701892208087 -0.00822883976312 -0.00582912449268 -0.014767662642 0.0216159450518 0.00421748857907 0.0123005068145 0.00696576798538 0.0145767216662 0.0145309133498 0.0431318973862 0.0156501672148 0.381175589802 0.027137613929 -0.00697440311936 0.0201715580181 0.0221065621867 0.0214540916415 0.0334800216669 0.0100804683971 0.022358714568 0.0237218905901 0.0180242387039 0.0396047547929 0.0224226415882 0.0065735791488 0.00637651822906 -0.0169089986951 0.0297153147257 0.0273872854154 0.0319434119431 0.031125499818 0.0308343214053 0.00782194886155 0.0117975625733 0.0233810862669 0.0760453195022 -0.0032822280955 0.0130320044547 0.000540051358166 0.00758683693075 0.00739589726639 
0.00217719223615 0.0125413962553 0.011220428246 0.033728997642 0.0128607913843 0.0020474158038 -0.00971225178428 -0.0173822963807 7.90100116897e-05 0.0285174231773 0.00564247624122 -0.00309166596497 0.0242617778291 0.0239091542813 0.0137064662997 0.0421981214242 0.00384453834979 0.0145007719425 -0.00897603527075 -0.000976508129861 -0.00432034060595 -0.0055312837206 0.00725095116414 0.0122234057584 -0.00811651964865 0.0499095158726 -0.0153722692366 -0.00581071323214 0.0150143510568 -0.00260639704973 0.027137613929 0.297351909572 0.0178112357623 0.000534931159521 0.00402072723108 0.0190932152565 0.00197351562545 0.0144895146463 0.00455992546158 0.0129340347915 0.00708589613323 0.0243197291514 0.0155504792567 -0.00646029557017 0.00832518468872 -0.0332820726579 -0.0239039074693 0.0154148660978 -0.0115482419529 -0.00621624104451 0.0151567140575 0.0171835593802 0.00855800319261 0.00854295542468 0.0204584528131 0.0232644189268 -0.00953495739495 0.0148653644086 0.064011585616 -0.00244011221189 
0.0221254159899 -0.0040831476984 0.00333083751389 0.0613800563038 0.00935149999084 0.0181048561162 -0.0034274111185 0.00490216401008 0.0123078718776 0.011633150032 0.027054303846 0.011733998578 0.00846852636862 0.0138281797684 0.0158243384735 0.0302309873098 0.0211850421231 0.0106565058879 0.00561238549997 0.0215026506594 0.0266237582772 0.00712549593709 0.0324991192593 0.00151827191546 0.0292105060624 0.00161462133215 0.0166478750389 0.0220714738232 0.0279844161859 0.00463359302179 -0.00697440311936 0.0178112357623 0.192465741757 0.0160741927443 0.0198960972183 0.0282933423183 0.0291364632668 -0.00476875554113 0.0105176035389 0.0262806649234 0.0223156487349 0.0156297367265 -0.00101209502362 0.0264378375832 0.00337909402007 0.03398879104 0.00918702392458 0.0136516797424 0.0169307040354 0.0151187097791 0.0235644044385 0.0161026734501 0.00616722109649 0.0133422479545 -0.00106536570239 0.0174301325953 0.00807991280279 0.00310054040396 -0.00415495419474 0.0121583674104 
0.00565422358899 0.00900345253969 0.0168160740311 0.00714269865419 0.00933809994046 0.00510117388631 0.0128747351165 0.0246470550524 0.00825697595476 -0.00185575803611 0.0208682689018 -0.0257384015612 -0.00750530657502 0.0161488987912 0.00631313927834 -0.00280201213147 0.0152958091499 0.0174812146775 0.0153574554355 0.0179030674361 0.036061553696 0.00281739224343 0.0150425001485 0.0200097628308 0.0246168635874 0.00777919155936 0.00611150947389 0.0217147914125 0.0124038261728 0.0142931155755 0.0201715580181 0.000534931159522 0.0160741927443 0.176292991453 0.0157599886724 0.0204117371085 -0.00232892376855 0.0232487003289 0.00636440116762 -0.0104801264566 0.0227207612269 0.00784613101415 0.0168528072043 0.00938955814562 -0.00747611710808 0.0129156871977 0.00305036534604 0.00177542393284 -0.00304204262473 0.0140328559678 -0.00676167898602 0.0243923835806 0.0151820668575 1.1515424661e-05 0.00715874318005 -0.00212088030192 0.0112073501973 0.0138722476752 0.00241003279652 0.0078821020671 
0.0188155404385 0.0266977818563 0.0132277590631 0.021968345293 -0.00330523338818 0.0216163800954 0.0214525246638 0.00587234779085 0.0221808107001 0.00737991382924 -0.00274878526473 0.045323517168 0.0130303403331 0.00625207760967 0.0224394701227 0.0193625049734 0.0131110790709 0.00855832493589 0.0246470396539 0.0095037447422 -0.00645301287505 0.0177435213608 0.0673977149148 0.0260208500938 0.0401515831471 0.0345888935897 0.0230834940683 0.0180104949613 0.0214874908874 0.0519114512235 0.0221065621867 0.00402072723107 0.0198960972183 0.0157599886724 0.315994197919 0.0255596624939 0.00947097412429 -0.00207722623451 0.00808238216625 0.029783773369 0.0408507022318 0.0116134691117 0.0551275828267 0.000695856864571 0.0128543744332 0.0248994977571 0.0188695578755 0.0163585979613 0.0294078591345 0.193584195685 -0.00387667871452 0.0146789978376 -0.00202930283176 0.0236561292214 0.014244484066 0.0197741060683 -0.0126242945546 -0.0018168486475 0.0105350812868 0.00524019983963 
0.0303402700136 0.0214546240167 0.0213681458691 0.0118122188166 0.0159692704944 0.0137508865791 0.00421717308926 -0.0119171302902 0.0144175384012 0.0126204703979 0.0259386086263 -0.0376484598531 -0.00452231591311 0.00377680312729 0.0425872664113 0.0132697371338 0.0249112762481 0.0468822035338 0.0358161910514 0.0194361630265 0.0222903634584 0.0369577911122 0.0378119706934 -0.00172230542562 0.01041051731 0.0679170070353 0.017472716075 0.013276164632 0.0351140408695 0.00546504840796 0.0214540916415 0.0190932152565 0.0282933423183 0.0204117371085 0.0255596624939 0.606558915069 0.0825786881156 0.0441639481475 0.00937913189818 0.0401398904192 -0.00735693164216 0.0213674338017 -0.00144189195095 0.043191626435 0.0121585536296 -0.00590123246362 0.018377636183 -0.00238811156833 -0.00437940223787 0.000515489113686 -0.0102512704357 0.0227084708893 0.0338242271798 0.045919731334 0.00163041375213 0.0145552188568 0.0133157482559 0.0731631120604 -0.00291255342014 0.0269428384786 
0.0108895913202 0.0221453460573 -0.00154163939691 0.0629869146482 -0.00565109032325 0.00704646727741 0.0286866230628 0.0112725629227 0.0159435549987 0.0705408946958 0.0212789250143 0.0432504353354 0.0512303396116 0.0143403987614 -0.0206688298433 -0.0183975492517 0.00450438362951 -0.0270772402142 0.126939110111 0.0201625282836 -0.0277967573026 -0.0147988984525 -0.00823707823304 0.0219919675411 0.00379619247181 0.0207541381721 -0.00019304142801 0.0213628574273 0.00186294793177 0.0104198555321 0.0334800216669 0.00197351562545 0.0291364632668 -0.00232892376855 0.00947097412429 0.0825786881156 0.997624519383 0.0048778196337 0.00594644779041 -0.00551196520469 0.0293488760954 0.0115075734794 0.0306073519528 0.00762017360304 -0.00655855416657 0.0694003488098 0.0240609771406 -0.0252896929471 0.0398727245576 0.0104986124255 -0.0145916297473 0.0126520112615 0.0330592742386 0.0206029022539 0.0426978691422 0.0173694490512 0.0154775781858 0.0282851888284 -0.006377350041 -0.00803204399287 
0.00142869418033 0.0483007774781 0.0104026117918 0.009353322877 0.00867692941482 0.0154807686259 0.0220948484249 -0.00826639380676 0.0132128789131 0.00538410489621 -0.00426409811811 0.0037552757754 0.000118003777712 0.0277032512509 0.0175827684372 0.00822280656891 -0.0169879235856 -0.012420396717 0.0224014284793 0.00615276169214 -0.0106091628312 -0.0153574007813 0.00801605043855 0.00443653222573 0.00586052316531 0.00698959707027 0.00946984616144 0.00719784218689 0.0197044415457 -0.012436475435 0.0100804683971 0.0144895146463 -0.00476875554113 0.0232487003289 -0.00207722623451 0.0441639481475 0.0048778196337 0.150003687127 0.0158274279948 0.00794357425903 -0.00296633496333 0.0153176153308 -0.00572483937455 0.00542936252621 4.942083322e-05 0.00311485421063 0.00267063485622 0.00670016112485 0.00345234071014 -0.00283554173267 0.00784569311926 0.0150613554824 0.00433633635487 0.00885177529845 0.0141032310796 -0.000896849010509 0.0191462501252 -0.00754575085807 -0.0050636003978 -0.00617340946099 
0.0119716910427 0.0130594880151 0.0119031659223 0.0145094258321 0.0191462315458 0.0133195584653 0.00840730718829 0.0188252601799 0.0114027036234 -0.00393331666522 0.0272121759909 0.0202637982152 0.0313323052182 0.00674426812744 0.0256908364285 -0.002410466404 -0.0182173864665 -0.0156361601463 0.00727102346102 0.0295332519701 0.0173463083038 0.0333340903751 0.0116462350464 0.00444326147126 -0.0034367115092 0.015000350793 0.0100409513001 0.00973992956567 0.0198002563613 0.012228102785 0.022358714568 0.00455992546158 0.0105176035389 0.00636440116762 0.00808238216625 0.00937913189818 0.00594644779041 0.0158274279948 0.140310523413 0.000684963184433 0.0364043980194 0.0226036617938 0.00314210924941 0.00588363031186 0.00104374778581 0.0137561133616 0.0154785184065 0.00926619242589 0.000356591175404 0.00906110188017 -0.00359606308423 0.0118139772591 -0.00922998555273 0.010511027216 0.0135702570077 0.0182494322453 0.0050663609091 0.0146476934628 -0.000165500880333 -0.000101137662314 
