30
0.16701162673 0.1366928931 -0.0014382556632 0.0381517477001 0.12260521459 0.0737969483193 0.0493870590102 0.0202129727645 0.0445332570478 0.0896854693356 0.0350054865441 0.330982708656 0.10643743266 0.00610402508206 0.0449819155318 0.0110311255814 0.0324129219316 0.0939670182087 0.00108215816497 0.0861575830063 0.109959402945 0.0506400072768 0.13534553156 0.0172601721071 0.165275344352 0.0584521455196 0.0408230851415 0.18030920859 0.0566389432936 0.171372180847 
0.512926805797 -0.00468207825521 0.00225271999021 0.0309772572865 0.0189613190994 0.0295654563972 0.000136064524254 0.0133156585457 0.00465481271647 0.00211570297815 0.0205361195146 0.0137522295168 0.0291641141979 0.0153460090503 0.00598716003449 0.0138512838268 -0.00439704464814 -0.0225984662817 0.0162474843788 0.00079846354736 0.0346790524817 0.0147083548219 0.00603269700781 0.0355757095408 -0.0171671844501 -0.00888243789251 0.0118929604678 0.0148406809901 0.012562000703 0.0273770308124 
-0.00468207825521 0.519483300191 0.021671363358 -0.0217368241666 -0.0104541225004 0.0204734021583 -0.00038150209696 0.0163735117188 0.0242586467162 -0.00106594345066 3.11030016324e-05 0.0696731839475 0.00110334122867 0.0317378686381 0.0225129768457 -0.000612141497816 0.0103011961097 0.0350174972107 -0.0121618525382 0.0202960399563 0.0146951421266 0.018811701955 -0.0178208974753 0.0457310158807 -0.0258073127824 0.0299095911121 0.00527367365575 0.030534724175 0.03008658448 0.0232850946477 
0.00225271999021 0.021671363358 0.225253425289 0.0135956465367 0.012678817431 0.0314214027789 0.003515792284 0.0120737381496 0.00344396342301 0.0134220188344 7.84657138551e-05 0.00879033405276 -0.00138588935975 0.0232586764186 0.00742848732 0.0237605396365 0.0147148296077 0.00212401418144 0.00215107455228 -0.00562285068069 0.0330298011983 0.0179558424869 0.0013304580016 0.00883406208989 -0.021989601126 0.0208793257847 0.00550625107359 0.0243528866278 -0.0140925903751 0.00937778186753 
0.0309772572865 -0.0217368241666 0.0135956465367 0.338837486555 0.0232751492636 0.0483700602373 -0.00838118305971 0.0208622184386 0.021454834514 0.0233675577101 0.0246857583017 0.0480559826598 0.00969295573854 0.00408505698595 0.0315823217978 -0.0124794724992 0.0094033950624 0.00101383515642 0.0204478129441 0.0411796094114 0.0386742058488 0.0378481208786 0.00506262615492 0.0092030259326 -0.0223016736222 0.0261796315723 0.0208850476547 0.00699645475763 -0.00321459984974 0.0189667139028 
0.0189613190994 -0.0104541225004 0.012678817431 0.0232751492636 0.200019612476 0.0230586348128 0.0254397406494 0.0325186729256 0.0108400075536 0.0448889182311 0.0186396651404 0.0193527605527 0.0195991114373 0.0208487326152 0.021398162029 0.0231905388194 0.00871635213368 0.0362134781459 0.0236028933578 0.0404707588384 0.049107028431 0.0471449134022 0.0926339002571 0.023683064136 -0.00701169826319 0.00596262531993 0.0227029534873 -0.00153244392806 -0.00831582192904 0.0357288240678 
0.0295654563972 0.0204734021583 0.0314214027789 0.0483700602373 0.0230586348128 0.334856735085 0.0143342062846 0.00639498936853 0.0111811849631 0.011525927198 0.0323437395264 0.0349529039336 0.00849860585616 0.0102996790918 0.00602323511398 0.0193446778569 0.0122611174653 0.0226321016782 -0.0151163864915 0.073749483504 0.0361397445379 0.0302799379864 0.0238321490154 0.00343027640577 0.00328461875475 0.00236769810249 0.0185780360752 0.000887219588522 0.0224987233769 0.0111324665925 
0.000136064524255 -0.00038150209696 0.003515792284 -0.00838118305971 0.0254397406494 0.0143342062846 0.217957700259 0.0126554792939 -0.00390082556415 0.0195560842274 0.013131888008 -0.00037774411436 0.034446128566 0.0143944207803 0.0316891403401 0.0123025257391 -0.00236000161285 0.0290041889714 0.02453624937 0.00768338688204 0.0155330300671 0.00229966359885 0.0300941837889 0.0138257377368 -0.0109246716179 0.0167821608694 0.00655737385369 0.0239483591502 0.00403843073573 0.0343149761721 
0.0133156585457 0.0163735117188 0.0120737381496 0.0208622184386 0.0325186729256 0.00639498936853 0.0126554792939 0.211522492685 0.0154094854601 0.0421889601038 0.0181042416563 0.0198860484573 0.0239662124244 0.0120006510862 0.0163905170877 0.0161129071216 0.0237063697172 0.0335380304698 0.0305682800145 -0.00422125313874 0.034735814494 0.0322025933753 0.0413858835095 0.0305753628373 -0.00348686097696 0.0301399131744 0.0220328593321 0.0471357477555 0.0167495545167 0.022807593337 
0.00465481271647 0.0242586467162 0.00344396342301 0.021454834514 0.0108400075536 0.0111811849631 -0.00390082556415 0.0154094854601 0.186687039365 0.019765812014 0.0199372112239 0.00566621690808 -0.0123036046471 0.0196668295242 0.0204649061302 0.00873822022731 0.00604277177214 0.0100358187853 0.0115976202706 0.0249278082456 0.021120160944 0.0133195169461 0.00698754992588 -0.00343438777764 0.0114817155507 0.0097760641496 -9.08574352183e-06 0.0144729285089 0.0291767438542 0.00557173966535 
0.00211570297816 -0.00106594345066 0.0134220188344 0.0233675577101 0.0448889182311 0.011525927198 0.0195560842274 0.0421889601038 0.019765812014 0.260375896053 0.0144303587398 -0.00429181265509 0.0216067483831 0.000985766809133 0.0144468495465 0.0096487446985 0.0197029501625 0.0173475586756 0.0272190416424 0.00263757696457 0.0282970207185 0.0546999895457 0.0321147548365 -0.00451622058536 -0.0109168429726 0.0203963377657 0.0128703518019 0.0204872102472 -0.00554103119281 0.039616572803 
0.0205361195146 3.11030016322e-05 7.84657138548e-05 0.0246857583017 0.0186396651404 0.0323437395264 0.013131888008 0.0181042416563 0.0199372112239 0.0144303587398 0.137878766949 0.0243306860462 0.009157603664 0.002921531796 0.0137436403505 0.02569249585 0.0127309856391 0.0332410512297 0.0129575740099 0.0129451111369 0.0373452438827 0.0317820967496 0.0200715228132 0.0113588258661 -0.00743778431783 0.00987866880296 0.0202451011833 0.00637382341045 -0.00757281526392 0.0273514938384 
0.0137522295168 0.0696731839475 0.00879033405276 0.0480559826598 0.0193527605527 0.0349529039336 -0.000377744114361 0.0198860484573 0.00566621690808 -0.00429181265509 0.0243306860462 1.01352303049 0.0167722490819 -0.00940450587278 0.00335939514587 0.0112027235363 0.0416726413963 0.00542123565134 0.0203010281106 0.100261369869 0.0191098788008 0.0292122047002 0.0221843180592 0.0132874539611 0.0171848300802 -0.00193803749865 0.00454231847187 0.0527149712671 0.0168375457246 0.0211962626019 
0.0291641141979 0.00110334122867 -0.00138588935975 0.00969295573854 0.0195991114373 0.00849860585616 0.034446128566 0.0239662124244 -0.0123036046471 0.0216067483831 0.009157603664 0.0167722490819 0.492517993318 -0.0073620174891 0.0177783501405 0.0159914814905 0.00538262987977 0.0503436753139 -0.00292443035506 0.0234420556621 0.0393068061863 0.0316715883922 0.0367614945466 0.0234644121832 0.00282971847675 0.0190979165713 0.0219234026835 0.0279267367127 0.00584148719118 0.179501464996 
0.0153460090503 0.0317378686381 0.0232586764186 0.00408505698595 0.0208487326152 0.0102996790918 0.0143944207803 0.0120006510862 0.0196668295242 0.000985766809133 0.002921531796 -0.00940450587278 -0.0073620174891 0.182021942569 0.0418697605916 0.0223231675217 0.0121678663214 0.0407991351801 0.0139632061033 0.0241394733187 0.0168992726084 0.0148503935906 0.023059070659 0.0140324749523 0.00429124903202 0.0444915981057 0.0131192278001 0.0455975386142 0.00782074408179 0.0109958144365 
0.00598716003449 0.0225129768457 0.00742848731999 0.0315823217978 0.021398162029 0.00602323511398 0.0316891403401 0.0163905170877 0.0204649061302 0.0144468495465 0.0137436403505 0.00335939514587 0.0177783501405 0.0418697605916 0.230416199271 0.0218704268747 0.0192705424248 0.0515439931311 0.0152805693199 0.024714786709 0.0334255185126 0.0177718135329 0.0314016221769 0.0299346960811 0.00213384707489 0.00688927803995 0.0312399348159 0.00643500803743 0.000897307410982 0.0124681597878 
0.0138512838268 -0.000612141497816 0.0237605396365 -0.0124794724992 0.0231905388194 0.0193446778569 0.0123025257391 0.0161129071216 0.00873822022731 0.0096487446985 0.02569249585 0.0112027235363 0.0159914814905 0.0223231675217 0.0218704268747 0.15067743709 0.00720787923372 0.0375656781963 0.00426604748019 -0.0042245682551 0.0196594116874 0.0145323419207 0.0270258500597 0.0138635715925 -0.00242455754587 0.013711011568 0.029758932704 0.0232907578957 -0.000947216706588 0.0358001774182 
-0.00439704464814 0.0103011961097 0.0147148296077 0.0094033950624 0.00871635213368 0.0122611174653 -0.00236000161285 0.0237063697172 0.00604277177214 0.0197029501625 0.0127309856391 0.0416726413963 0.00538262987977 0.0121678663214 0.0192705424248 0.00720787923372 0.289825512527 0.0148693799846 -0.00894294266003 0.0101360281057 0.00500806137143 -0.0110030288981 0.0112048130025 0.00647751885975 -0.0224057615845 0.0198911177662 0.00519746655802 0.0222836166136 -0.00515886558475 -0.00727369774345 
-0.0225984662817 0.0350174972107 0.00212401418144 0.00101383515642 0.0362134781459 0.0226321016782 0.0290041889714 0.0335380304698 0.0100358187853 0.0173475586756 0.0332410512297 0.00542123565134 0.0503436753139 0.0407991351801 0.0515439931311 0.0375656781963 0.0148693799846 0.238921398183 0.0221087697682 0.00380476330127 0.0422798191284 0.016708902488 0.0317193580018 0.0305056832789 -0.00376402995189 0.0406473529975 0.0245775067682 0.0216677654991 0.0170254352616 0.00980597451711 
0.0162474843788 -0.0121618525382 0.00215107455228 0.0204478129441 0.0236028933578 -0.0151163864915 0.02453624937 0.0305682800145 0.0115976202706 0.0272190416424 0.0129575740099 0.0203010281106 -0.00292443035506 0.0139632061033 0.0152805693199 0.00426604748019 -0.00894294266003 0.0221087697682 0.246571354458 0.00188261360131 0.00141507447259 0.010350073551 0.0126286886926 0.0246558095399 -0.0260169241682 0.0288795623557 -0.00313371573087 -0.00634016779873 0.0235372523304 0.0102258695119 
0.000798463547359 0.0202960399563 -0.00562285068069 0.0411796094114 0.0404707588384 0.073749483504 0.00768338688204 -0.00422125313874 0.0249278082456 0.00263757696457 0.0129451111369 0.100261369869 0.0234420556621 0.0241394733187 0.024714786709 -0.0042245682551 0.0101360281057 0.00380476330127 0.00188261360131 0.559211550968 0.00845440270231 0.0416255143705 0.0433091427149 0.0141014494528 0.00250696065926 0.0314275522912 -0.011856520917 -0.00385942361164 0.0138652687908 -0.00813401603472 
0.0346790524817 0.0146951421266 0.0330298011983 0.0386742058488 0.049107028431 0.0361397445379 0.0155330300671 0.034735814494 0.021120160944 0.0282970207185 0.0373452438827 0.0191098788008 0.0393068061863 0.0168992726084 0.0334255185126 0.0196594116874 0.00500806137143 0.0422798191284 0.00141507447259 0.00845440270231 0.407435627771 0.0294647107133 0.0598116914786 0.0119481949984 0.0170807966147 0.00765993247357 0.0468481761851 0.0250721640026 0.0188984542463 0.042231173254 
0.0147083548219 0.018811701955 0.0179558424869 0.0378481208786 0.0471449134022 0.0302799379864 0.00229966359885 0.0322025933753 0.0133195169461 0.0546999895457 0.0317820967496 0.0292122047002 0.0316715883922 0.0148503935906 0.0177718135329 0.0145323419207 -0.0110030288981 0.016708902488 0.010350073551 0.0416255143705 0.0294647107133 0.520013817218 0.0443166204135 0.0224666363357 0.0211608979033 0.0139834428962 0.0408849358939 0.0426563512901 -0.00551388762657 0.0259456935373 
0.00603269700781 -0.0178208974753 0.0013304580016 0.00506262615492 0.0926339002571 0.0238321490154 0.0300941837889 0.0413858835095 0.00698754992588 0.0321147548365 0.0200715228132 0.0221843180592 0.0367614945466 0.023059070659 0.0314016221769 0.0270258500597 0.0112048130025 0.0317193580018 0.0126286886926 0.0433091427149 0.0598116914786 0.0443166204135 0.215281635977 0.0251312220748 -0.00278255597091 0.0115262182754 0.0192943988432 0.0187936672863 0.0134792616462 0.0452010403448 
0.0355757095408 0.0457310158807 0.00883406208989 0.0092030259326 0.023683064136 0.00343027640577 0.0138257377368 0.0305753628373 -0.00343438777764 -0.00451622058536 0.0113588258661 0.0132874539611 0.0234644121832 0.0140324749523 0.0299346960811 0.0138635715925 0.00647751885975 0.0305056832789 0.0246558095399 0.0141014494528 0.0119481949984 0.0224666363357 0.0251312220748 0.196064237345 -0.0048521820656 0.01469782491 0.0118340100206 -0.00950232313747 0.0108018357993 0.0220208257988 
-0.0171671844501 -0.0258073127824 -0.021989601126 -0.0223016736222 -0.00701169826319 0.00328461875475 -0.0109246716179 -0.00348686097696 0.0114817155507 -0.0109168429726 -0.00743778431783 0.0171848300802 0.00282971847675 0.00429124903202 0.00213384707489 -0.00242455754587 -0.0224057615845 -0.00376402995189 -0.0260169241682 0.00250696065926 0.0170807966147 0.0211608979033 -0.00278255597091 -0.0048521820656 1.37629706896 0.000986631280157 -0.00563631922231 -0.00790319993918 -0.0205899726796 -0.019740966466 
-0.00888243789251 0.0299095911121 0.0208793257847 0.0261796315723 0.00596262531993 0.00236769810249 0.0167821608694 0.0301399131744 0.0097760641496 0.0203963377657 0.00987866880296 -0.00193803749865 0.0190979165713 0.0444915981057 0.00688927803995 0.013711011568 0.0198911177662 0.0406473529975 0.0288795623557 0.0314275522912 0.00765993247357 0.0139834428962 0.0115262182754 0.01469782491 0.000986631280157 0.337290602694 0.0192687821895 0.0280015792824 0.00202318902693 0.030464744195 
0.0118929604678 0.00527367365575 0.00550625107359 0.0208850476547 0.0227029534873 0.0185780360752 0.00655737385369 0.0220328593321 -9.08574352215e-06 0.0128703518019 0.0202451011833 0.00454231847187 0.0219234026835 0.0131192278001 0.0312399348159 0.029758932704 0.00519746655802 0.0245775067682 -0.00313371573087 -0.011856520917 0.0468481761851 0.0408849358939 0.0192943988432 0.0118340100206 -0.00563631922231 0.0192687821895 0.211428245668 0.0336459445246 -0.000728038259568 -0.00175997011019 
0.0148406809901 0.030534724175 0.0243528866278 0.00699645475763 -0.00153244392806 0.000887219588522 0.0239483591502 0.0471357477555 0.0144729285089 0.0204872102472 0.00637382341045 0.0527149712671 0.0279267367127 0.0455975386142 0.00643500803743 0.0232907578957 0.0222836166136 0.0216677654991 -0.00634016779873 -0.00385942361164 0.0250721640026 0.0426563512901 0.0187936672863 -0.00950232313747 -0.00790319993918 0.0280015792824 0.0336459445246 0.979708426144 -0.00567542431645 0.0189094089525 
0.012562000703 0.03008658448 -0.0140925903751 -0.00321459984974 -0.00831582192904 0.0224987233769 0.00403843073573 0.0167495545167 0.0291767438542 -0.00554103119281 -0.00757281526392 0.0168375457246 0.00584148719118 0.00782074408179 0.000897307410982 -0.000947216706588 -0.00515886558475 0.0170254352616 0.0235372523304 0.0138652687908 0.0188984542463 -0.00551388762657 0.0134792616462 0.0108018357993 -0.0205899726796 0.00202318902693 -0.000728038259568 -0.00567542431645 0.206470103964 0.00848227885374 
0.0273770308124 0.0232850946477 0.00937778186753 0.0189667139028 0.0357288240678 0.0111324665925 0.0343149761721 0.022807593337 0.00557173966535 0.039616572803 0.0273514938384 0.0211962626019 0.179501464996 0.0109958144365 0.0124681597878 0.0358001774182 -0.00727369774345 0.00980597451711 0.0102258695119 -0.00813401603472 0.042231173254 0.0259456935373 0.0452010403448 0.0220208257988 -0.019740966466 0.030464744195 -0.00175997011019 0.0189094089525 0.00848227885374 0.60603261479 
0.0444207644102 -0.000405479871152 0.000195091273913 0.00268270917497 0.00164209840294 0.00256044363145 1.17835334558e-05 0.00115316985687 0.000403118606232 0.000183225252594 0.00177848011948 0.00119097801203 0.00252568637742 0.00132900336843 0.000518503268639 0.00119955636691 -0.000380795236686 -0.00195708458865 0.00140707342196 6.9148971601e-05 0.00300329404283 0.00127378089237 0.000522446886209 0.003080946822 -0.00148672178453 -0.000769241686245 0.00102996058914 0.00128524067469 0.00108790117311 0.00237092041637 
-0.000405479871152 0.0449885734807 0.00187679512027 -0.00188246419259 -0.00090535356596 0.0017730486371 -3.30390507564e-05 0.00141798770977 0.00210086043176 -9.23134107266e-05 2.69359895476e-06 0.00603387472611 9.55521533068e-05 0.00274858005025 0.00194968098632 -5.30130087819e-05 0.000892109752037 0.00303260421614 -0.00105324732551 0.00175768861984 0.00127263663939 0.00162914117815 -0.00154333499318 0.00396042214935 -0.0022349788473 0.00259024657199 0.000456713535715 0.00264438468331 0.00260557464728 0.00201654834945 
0.000195091273913 0.00187679512027 0.019507518859 0.00117741752817 0.00109801779852 0.00272117330291 0.000304476543237 0.00104561639562 0.000298255981403 0.00116238092807 6.79533015246e-06 0.000761265259744 -0.000120021539238 0.00201426046369 0.000643325873081 0.00205772309328 0.00127434162527 0.000183945023913 0.000186288520771 -0.000486953153116 0.00286046469197 0.001555021574 0.000115221042806 0.000765052218845 -0.00190435531942 0.00180820265435 0.000476855330934 0.00210902184752 -0.00122045412699 0.000812139732843 
0.00268270917497 -0.00188246419259 0.00117741752817 0.0293441871111 0.00201568705392 0.00418897009481 -0.000725831744348 0.00180672111471 0.00185804317231 0.00202368986013 0.0021378493801 0.00416177017872 0.000839434590733 0.000353776312574 0.00273510929874 -0.00108075402101 0.000814357900586 8.78007000706e-05 0.00177083254614 0.00356625878682 0.00334928447362 0.00327774341664 0.000438436286003 0.000797005424932 -0.00193138159037 0.00226722260034 0.00180869818282 0.000605910755654 -0.000278392513288 0.00164256560661 
0.00164209840294 -0.00090535356596 0.00109801779852 0.00201568705392 0.0173222065659 0.00199693635245 0.00220314616681 0.00281619968509 0.000938772191863 0.00388749435365 0.00161424235297 0.0016759982272 0.00169733283963 0.00180555320815 0.00185313519114 0.00200835957451 0.00075485823761 0.00313617920337 0.00204407052507 0.00350487052645 0.00425279341256 0.00408286926655 0.00802233108743 0.00205101351813 -0.00060723088196 0.000516378500031 0.00196613344609 -0.000132713537158 -0.00072017130439 0.003094206929 
0.00256044363145 0.0017730486371 0.00272117330291 0.00418897009481 0.00199693635245 0.0289994439212 0.00124137867855 0.000553822325008 0.000968319022245 0.000998174575561 0.00280105000832 0.00302701027426 0.000736000856819 0.000891978374434 0.000521627462167 0.00167529824521 0.00106184392037 0.00195999749943 -0.00130911747151 0.00638689262304 0.00312979368561 0.00262231955213 0.00206392464741 0.00029707065094 0.000284456328336 0.000205048670525 0.00160890511936 7.68354702395e-05 0.00194844659971 0.000964099887593 
1.17835334558e-05 -3.30390507564e-05 0.000304476543237 -0.000725831744348 0.00220314616681 0.00124137867855 0.0188756905375 0.00109599665656 -0.000337821403429 0.00169360657394 0.00113725486146 -3.27135999166e-05 0.00298312224002 0.00124659340685 0.00274436005586 0.00106542998207 -0.00020438213497 0.00251183644654 0.0021249015268 0.000665400822695 0.00134519986358 0.000199156709676 0.00260623276673 0.00119734401061 -0.000946104314908 0.00145337776433 0.000567885233941 0.0020739887403 0.000349738360857 0.00297176410953 
0.00115316985687 0.00141798770977 0.00104561639562 0.00180672111471 0.00281619968509 0.000553822325008 0.00109599665656 0.0183183852137 0.00133450058677 0.00365367112092 0.00156787331906 0.00172218231449 0.0020755348792 0.00103928687026 0.00141946041791 0.00139541868962 0.00205303184066 0.00290447863798 0.00264729070425 -0.000365571245396 0.0030082097773 0.00278882639308 0.00358412264773 0.0026479040947 -0.000301971018551 0.00261019304769 0.00190810158996 0.00408207549826 0.00145055397136 0.0019751955229 
0.000403118606232 0.00210086043176 0.000298255981403 0.00185804317231 0.000938772191863 0.000968319022245 -0.000337821403429 0.00133450058677 0.0161675718648 0.00171176953305 0.00172661314005 0.000490708778575 -0.00106552341825 0.00170319739798 0.00177231285949 0.000756752070071 0.000523319386395 0.000869127401586 0.00100438337778 0.00215881152013 0.00182905959096 0.00115350400415 0.000605139574602 -0.000297426706188 0.000994345734591 0.000846631990258 -7.86848470217e-07 0.00125339237558 0.00252678013775 0.000482526809346 
0.000183225252594 -9.23134107266e-05 0.00116238092807 0.00202368986013 0.00388749435365 0.000998174575561 0.00169360657394 0.00365367112092 0.00171176953305 0.0225492140515 0.00124970572544 -0.000371681878759 0.00187119929929 8.53699098917e-05 0.00125113387119 0.000835605802353 0.00170632553703 0.00150234265067 0.0023572381529 0.000228420865575 0.00245059387936 0.00473715805333 0.00278121935247 -0.000391116175602 -0.000945426334342 0.00176637466493 0.00111460516161 0.00177424445267 -0.000479867377613 0.00343089584583 
0.00177848011948 2.69359895474e-06 6.79533015244e-06 0.0021378493801 0.00161424235297 0.00280105000832 0.00113725486146 0.00156787331906 0.00172661314005 0.00124970572544 0.011940651482 0.00210709922075 0.000793071741081 0.00025301207533 0.0011902341684 0.00222503540927 0.00110253569787 0.00287875948135 0.0011221588264 0.00112107950994 0.00323419299129 0.00275241031707 0.00173824486488 0.000983703175724 -0.000644131016711 0.000855517813894 0.0017532771927 0.000551989299269 -0.000655825039672 0.00236870884955 
0.00119097801203 0.00603387472611 0.000761265259744 0.00416177017872 0.0016759982272 0.00302701027426 -3.27135999166e-05 0.00172218231449 0.000490708778575 -0.000371681878759 0.00210709922075 0.0877736691723 0.00145251937835 -0.000814454099587 0.000290932153768 0.000970184317403 0.0036089566092 0.000469492779397 0.00175812060667 0.00868288933247 0.00165496405047 0.00252985113709 0.00192121830049 0.0011507272682 0.00148824994092 -0.000167838970731 0.000393376318872 0.00456525042771 0.00145817423349 0.00183565018785 
0.00252568637742 9.55521533069e-05 -0.000120021539238 0.000839434590733 0.00169733283963 0.000736000856819 0.00298312224002 0.0020755348792 -0.00106552341825 0.00187119929929 0.000793071741081 0.00145251937835 0.0426533094034 -0.000637569416867 0.00153965028591 0.00138490292149 0.000466149421505 0.00435989017417 -0.000253263097908 0.00203014157203 0.0034040692699 0.00274284001258 0.00318363881584 0.00203207770355 0.000245060808643 0.00165392809101 0.00189862236613 0.0024185263438 0.000505887630345 0.0155452828703 
0.00132900336843 0.00274858005025 0.00201426046369 0.000353776312574 0.00180555320815 0.000891978374434 0.00124659340685 0.00103928687026 0.00170319739798 8.53699098917e-05 0.00025301207533 -0.000814454099587 -0.000637569416867 0.0157635626311 0.00362602763227 0.00193324301668 0.00105376813442 0.00353330875184 0.00120924912037 0.0020905397128 0.00146351993843 0.00128608181057 0.00199697409784 0.00121524797867 0.00037163306757 0.00385308542145 0.0011361584553 0.00394886267899 0.000677296305132 0.00095226546373 
0.000518503268639 0.00194968098632 0.000643325873081 0.00273510929874 0.00185313519114 0.000521627462167 0.00274436005586 0.00141946041791 0.00177231285949 0.00125113387119 0.0011902341684 0.000290932153768 0.00153965028591 0.00362602763227 0.0199546282012 0.00189403452651 0.00166887792846 0.0044638407464 0.00132333612153 0.00214036331391 0.00289473481666 0.00153908419908 0.00271946025253 0.00259242072608 0.000184796577464 0.000596628979633 0.00270545771632 0.000557288043397 7.77091012915e-05 0.00107977431147 
0.00119955636691 -5.30130087819e-05 0.00205772309328 -0.00108075402101 0.00200835957451 0.00167529824521 0.00106542998207 0.00139541868962 0.000756752070071 0.000835605802353 0.00222503540927 0.000970184317403 0.00138490292149 0.00193324301668 0.00189403452651 0.0130490488297 0.000624220652381 0.00325328316284 0.00036945054916 -0.000365858342894 0.00170255499447 0.00125853772798 0.00234050727106 0.00120062051863 -0.000209972842766 0.00118740843295 0.00257719917111 0.00201703880111 -8.20313730794e-05 0.00310038631042 
-0.000380795236686 0.000892109752037 0.00127434162527 0.000814357900586 0.00075485823761 0.00106184392037 -0.00020438213497 0.00205303184066 0.000523319386395 0.00170632553703 0.00110253569787 0.0036089566092 0.000466149421505 0.00105376813442 0.00166887792846 0.000624220652381 0.0250996256514 0.00128772608052 -0.000774481552817 0.000877805783305 0.000433710837137 -0.000952890254435 0.000970365270478 0.000560969588604 -0.00194039587233 0.00172262132952 0.000450113807457 0.00192981780756 -0.00044677086511 -0.000629920702527 
-0.00195708458865 0.00303260421614 0.000183945023913 8.78007000706e-05 0.00313617920337 0.00195999749943 0.00251183644654 0.00290447863798 0.000869127401586 0.00150234265067 0.00287875948135 0.000469492779397 0.00435989017417 0.00353330875184 0.0044638407464 0.00325328316284 0.00128772608052 0.0206912000334 0.00191467562657 0.000329502167428 0.00366153974326 0.0014470334024 0.00274697698212 0.00264186966793 -0.000325974555894 0.00352016402924 0.00212847452229 0.00187648353654 0.00147444594471 0.000849222304068 
0.00140707342196 -0.00105324732551 0.000186288520771 0.00177083254614 0.00204407052507 -0.00130911747151 0.0021249015268 0.00264729070425 0.00100438337778 0.0023572381529 0.0011221588264 0.00175812060667 -0.000253263097908 0.00120924912037 0.00132333612153 0.00036945054916 -0.000774481552817 0.00191467562657 0.0213537056806 0.000163039120425 0.000122549044151 0.000896342662619 0.00109367652242 0.00213525574124 -0.0022531317258 0.00250104346502 -0.000271387743117 -0.000549074637795 0.00203838584535 0.000885586277311 
6.91489716009e-05 0.00175768861984 -0.000486953153116 0.00356625878682 0.00350487052645 0.00638689262304 0.000665400822695 -0.000365571245396 0.00215881152013 0.000228420865575 0.00112107950994 0.00868288933247 0.00203014157203 0.0020905397128 0.00214036331391 -0.000365858342894 0.000877805783305 0.000329502167428 0.000163039120425 0.0484291409228 0.000732172751402 0.00360487528904 0.00375068178072 0.00122122134563 0.000217109161721 0.00272170586629 -0.00102680483146 -0.000334235889165 0.00120076750031 -0.000704426452086 
0.00300329404283 0.00127263663939 0.00286046469197 0.00334928447362 0.00425279341256 0.00312979368561 0.00134519986358 0.0030082097773 0.00182905959096 0.00245059387936 0.00323419299129 0.00165496405047 0.0034040692699 0.00146351993843 0.00289473481666 0.00170255499447 0.000433710837137 0.00366153974326 0.000122549044151 0.000732172751402 0.0352849604056 0.00255171879929 0.00517984442638 0.0010347440398 0.00147924037852 0.000663369611339 0.00405717106973 0.00217131309541 0.00163665414696 0.00365732688696 
0.00127378089237 0.00162914117815 0.001555021574 0.00327774341664 0.00408286926655 0.00262231955213 0.000199156709676 0.00278882639308 0.00115350400415 0.00473715805333 0.00275241031707 0.00252985113709 0.00274284001258 0.00128608181057 0.00153908419908 0.00125853772798 -0.000952890254435 0.0014470334024 0.000896342662619 0.00360487528904 0.00255171879929 0.0450345176029 0.00383793190879 0.00194566778043 0.00183258751511 0.00121100167805 0.00354073931162 0.003694148385 -0.000477516675823 0.00224696297221 
0.00052244688621 -0.00154333499318 0.000115221042806 0.000438436286003 0.00802233108743 0.00206392464741 0.00260623276673 0.00358412264773 0.000605139574602 0.00278121935247 0.00173824486488 0.00192121830049 0.00318363881584 0.00199697409784 0.00271946025253 0.00234050727106 0.000970365270478 0.00274697698212 0.00109367652242 0.00375068178072 0.00517984442638 0.00383793190879 0.0186439365724 0.00217642767449 -0.000240976415826 0.000998199783608 0.0016709439549 0.00162757933002 0.00116733830098 0.00391452492161 
0.003080946822 0.00396042214935 0.000765052218845 0.000797005424932 0.00205101351813 0.00029707065094 0.00119734401061 0.0026479040947 -0.000297426706188 -0.000391116175602 0.000983703175724 0.0011507272682 0.00203207770355 0.00121524797867 0.00259242072608 0.00120062051863 0.000560969588604 0.00264186966793 0.00213525574124 0.00122122134563 0.0010347440398 0.00194566778043 0.00217642767449 0.0169796610315 -0.000420211293259 0.00127286897525 0.00102485533065 -0.000822925323202 0.000935466420967 0.00190705945541 
-0.00148672178453 -0.0022349788473 -0.00190435531942 -0.00193138159037 -0.00060723088196 0.000284456328336 -0.000946104314908 -0.000301971018551 0.000994345734591 -0.000945426334342 -0.000644131016711 0.00148824994092 0.000245060808643 0.00037163306757 0.000184796577464 -0.000209972842766 -0.00194039587233 -0.000325974555894 -0.0022531317258 0.000217109161721 0.00147924037852 0.00183258751511 -0.000240976415826 -0.000420211293259 0.119190822487 8.54447752784e-05 -0.000488119563036 -0.000684437191852 -0.00178314394038 -0.00170961784548 
-0.000769241686245 0.00259024657199 0.00180820265435 0.00226722260034 0.000516378500031 0.000205048670525 0.00145337776433 0.00261019304769 0.000846631990258 0.00176637466493 0.000855517813894 -0.000167838970731 0.00165392809101 0.00385308542145 0.000596628979633 0.00118740843295 0.00172262132952 0.00352016402924 0.00250104346502 0.00272170586629 0.000663369611338 0.00121100167805 0.000998199783608 0.00127286897525 8.54447752784e-05 0.0292102230391 0.00166872548761 0.00242500790047 0.000175213309398 0.00263832423927 
0.00102996058914 0.000456713535715 0.000476855330934 0.00180869818282 0.00196613344609 0.00160890511936 0.000567885233941 0.00190810158996 -7.86848470245e-07 0.00111460516161 0.0017532771927 0.000393376318872 0.00189862236613 0.0011361584553 0.00270545771632 0.00257719917111 0.000450113807457 0.00212847452229 -0.000271387743117 -0.00102680483146 0.00405717106973 0.00354073931162 0.0016709439549 0.00102485533065 -0.000488119563036 0.00166872548761 0.0183102231826 0.00291382426926 -6.30499627713e-05 -0.000152417882532 
0.00128524067469 0.00264438468331 0.00210902184752 0.000605910755654 -0.000132713537158 7.68354702395e-05 0.0020739887403 0.00408207549826 0.00125339237558 0.00177424445267 0.000551989299269 0.00456525042771 0.0024185263438 0.00394886267899 0.000557288043397 0.00201703880111 0.00192981780756 0.00187648353654 -0.000549074637795 -0.000334235889165 0.00217131309541 0.003694148385 0.00162757933002 -0.000822925323202 -0.000684437191852 0.00242500790047 0.00291382426926 0.0848452385342 -0.000491506163531 0.00163760285234 
0.00108790117311 0.00260557464728 -0.00122045412699 -0.000278392513288 -0.00072017130439 0.00194844659971 0.000349738360857 0.00145055397136 0.00252678013775 -0.000479867377613 -0.000655825039672 0.00145817423349 0.000505887630345 0.000677296305132 7.77091012915e-05 -8.20313730794e-05 -0.00044677086511 0.00147444594471 0.00203838584535 0.00120076750031 0.00163665414696 -0.000477516675823 0.00116733830098 0.000935466420967 -0.00178314394038 0.000175213309398 -6.30499627713e-05 -0.000491506163531 0.0178808355155 0.000734586896932 
0.00237092041637 0.00201654834945 0.000812139732843 0.00164256560661 0.003094206929 0.000964099887593 0.00297176410953 0.0019751955229 0.000482526809346 0.00343089584583 0.00236870884955 0.00183565018785 0.0155452828703 0.00095226546373 0.00107977431147 0.00310038631042 -0.000629920702527 0.000849222304068 0.000885586277311 -0.000704426452086 0.00365732688696 0.00224696297221 0.00391452492161 0.00190705945541 -0.00170961784548 0.00263832423927 -0.000152417882532 0.00163760285234 0.000734586896932 0.052483963993 

['PKI', 'OMX', 'CTL', 'MXIM', 'GS', 'CMVT', 'CIT', 'ETN', 'DGX', 'CCL', 'SIAL', 'CIEN', 'SLB', 'CMA', 'MEL', 'PGN', 'SGP', 'PLD', 'CCE', 'BDX', 'EBAY', 'ERTS', 'LEH', 'WY', 'GT', 'BMET', 'UPS', 'ADCT', 'LH', 'EOG']