20
0.0810581507116 0.0466490289559 0.0637387331612 0.0658076634161 0.0831393543584 0.0594275332512 0.0665048210348 0.0315903614714 0.0283464571838 0.165506763093 0.0566389432936 0.0335790413719 0.0625194128962 0.0573021249509 0.131188957491 0.0430779984078 0.0695206157777 0.12825177486 0.0477990277318 -0.0014382556632 
0.232086504349 0.0229569860876 0.0240658500161 0.0164226110844 0.0015082570094 0.00229926706937 0.027961867643 0.0430687381944 0.0120056575487 0.0236969340342 -0.00826138924004 0.0305124354085 0.0536031481291 0.0283131019032 0.0455263606149 0.00262981989213 0.0230840325864 0.010705647378 0.0257515220889 0.0224468953055 
0.0229569860876 0.227322719553 -0.0273605375385 0.00743475926142 0.0137110608256 -0.00517687194933 0.0319026433153 0.0212525765138 0.0241145054785 -0.0114374118388 -0.00237967786383 -0.000633178491312 0.0887013549605 0.0251522949242 0.0279605247979 0.054397681371 -0.0013952390016 -0.000227028537916 0.0253024159888 0.00606242781049 
0.0240658500161 -0.0273605375385 0.456557353092 -0.0019254949485 0.0126585542476 0.032429511187 0.00241798563007 0.0350176499515 0.00920390237155 0.0277768748262 0.00810539514314 -0.0127463338862 0.0145485218787 0.00716157516938 0.0325708022804 -0.00956737781419 -0.00306602188141 0.0871246769 -0.00041842186764 0.0145915904113 
0.0164226110844 0.00743475926142 -0.0019254949485 0.261811943559 0.00627289921267 0.00941693992308 0.0321870747256 0.00672668320748 0.0350127894048 0.0156499626231 0.00190261877227 0.0101257728873 0.0141315989222 0.0239209927244 0.0120748910519 0.0263542350376 -0.00850154902664 -0.00268765579938 0.00922341616462 0.0154679388914 
0.0015082570094 0.0137110608256 0.0126585542476 0.00627289921267 0.311885013785 -0.0040415146304 0.0310513366095 0.00887244489168 0.0150374464362 0.0400287946108 0.0302627285618 0.0109037663287 0.0124546708027 0.0367631298863 0.0184966045352 0.0541309364616 0.000268858895604 0.0324955782338 0.025826489309 0.0210002813593 
0.00229926706937 -0.00517687194933 0.032429511187 0.00941693992308 -0.0040415146304 0.234762798114 0.0170613170986 0.0276422092815 0.00785917283739 0.0388134326837 0.0168604487342 0.00932106573443 0.0125308310821 0.00414135961488 -0.0188700217567 0.0315148124911 0.003153021931 0.027201534888 0.0115922288888 -0.00304277468439 
0.027961867643 0.0319026433153 0.00241798563007 0.0321870747256 0.0310513366095 0.0170613170986 0.253341921683 0.0479825350744 0.0143001050534 -0.00508982496075 0.0166688912019 0.00681721552413 0.0254071600917 0.0167230378754 0.061540704663 0.037785528619 0.00106570285256 0.0263689248224 0.0407234466091 0.00906211235268 
0.0430687381944 0.0212525765138 0.0350176499515 0.00672668320748 0.00887244489168 0.0276422092815 0.0479825350744 0.171959499612 0.030110563605 0.0275776116398 0.0139196520492 0.0151395674463 0.0359607362483 0.0306464938115 0.0353877838162 0.0128650163726 0.0212639786048 0.031970176884 0.0340454042863 0.016386146361 
0.0120056575487 0.0241145054785 0.00920390237155 0.0350127894048 0.0150374464362 0.00785917283739 0.0143001050534 0.030110563605 0.192141049147 0.0336311845631 0.0101887183384 0.0163894611227 0.0563065706679 0.0178869520579 0.0218764304509 0.016136928154 0.0105538232865 0.00850709430286 0.00454034422223 0.00098314730197 
0.0236969340342 -0.0114374118388 0.0277768748262 0.0156499626231 0.0400287946108 0.0388134326837 -0.00508982496075 0.0275776116398 0.0336311845631 0.391073326308 0.0175924867513 0.0472028687661 0.0270431871988 0.0300106949706 0.0403182441412 0.0494985002051 0.0021785600488 0.00863836025826 0.0156243908581 0.0217715105119 
-0.00826138924004 -0.00237967786383 0.00810539514314 0.00190261877227 0.0302627285618 0.0168604487342 0.0166688912019 0.0139196520492 0.0101887183384 0.0175924867513 0.207518549932 -0.000924573465051 -0.0192096006628 0.0181508105794 0.0338444266651 -0.00624107093762 0.0156940016076 -0.00830101134359 0.0266331877839 -0.0132214241438 
0.0305124354085 -0.000633178491312 -0.0127463338862 0.0101257728873 0.0109037663287 0.00932106573443 0.00681721552413 0.0151395674463 0.0163894611227 0.0472028687661 -0.000924573465051 0.250904988677 0.0190683304697 0.016265220191 0.027217713708 0.0231523341979 0.0106557802586 0.00262387837462 0.0105708353834 0.02007584369 
0.0536031481291 0.0887013549605 0.0145485218787 0.0141315989222 0.0124546708027 0.0125308310821 0.0254071600917 0.0359607362483 0.0563065706679 0.0270431871988 -0.0192096006628 0.0190683304697 0.343797180231 0.0438935383813 0.0544248950418 0.033788336221 -0.0124862300331 0.000148353093332 0.0168477386015 -0.0112726416058 
0.0283131019032 0.0251522949242 0.00716157516938 0.0239209927244 0.0367631298863 0.00414135961488 0.0167230378754 0.0306464938115 0.0178869520579 0.0300106949706 0.0181508105794 0.016265220191 0.0438935383813 0.333773456039 0.0382398703714 0.00212391455349 0.00257593402898 0.0168174181112 0.027030218961 0.0241185017387 
0.0455263606149 0.0279605247979 0.0325708022804 0.0120748910519 0.0184966045352 -0.0188700217567 0.061540704663 0.0353877838162 0.0218764304509 0.0403182441412 0.0338444266651 0.027217713708 0.0544248950418 0.0382398703714 0.407474068968 0.0250392063002 0.0517622172873 -0.0107339039443 0.0401332034352 0.0239153364565 
0.00262981989213 0.054397681371 -0.00956737781419 0.0263542350376 0.0541309364616 0.0315148124911 0.037785528619 0.0128650163726 0.016136928154 0.0494985002051 -0.00624107093762 0.0231523341979 0.033788336221 0.00212391455349 0.0250392063002 0.331074884593 -0.0256240950674 -0.0217134506108 0.0217210012718 -0.0014538816103 
0.0230840325864 -0.0013952390016 -0.00306602188141 -0.00850154902664 0.000268858895604 0.003153021931 0.00106570285256 0.0212639786048 0.0105538232865 0.0021785600488 0.0156940016076 0.0106557802586 -0.0124862300331 0.00257593402898 0.0517622172873 -0.0256240950674 0.80955089585 0.0286737072046 -0.00414377475211 -0.0137501458906 
0.010705647378 -0.000227028537916 0.0871246769 -0.00268765579938 0.0324955782338 0.027201534888 0.0263689248224 0.031970176884 0.00850709430286 0.00863836025826 -0.00830101134359 0.00262387837462 0.000148353093332 0.0168174181112 -0.0107339039443 -0.0217134506108 0.0286737072046 0.548113208026 0.00943842433653 -0.0124044462382 
0.0257515220889 0.0253024159888 -0.00041842186764 0.00922341616462 0.025826489309 0.0115922288888 0.0407234466091 0.0340454042863 0.00454034422223 0.0156243908581 0.0266331877839 0.0105708353834 0.0168477386015 0.027030218961 0.0401332034352 0.0217210012718 -0.00414377475211 0.00943842433653 0.287155385273 -0.00549124857794 
0.0224468953055 0.00606242781049 0.0145915904113 0.0154679388914 0.0210002813593 -0.00304277468439 0.00906211235268 0.016386146361 0.00098314730197 0.0217715105119 -0.0132214241438 0.02007584369 -0.0112726416058 0.0241185017387 0.0239153364565 -0.0014538816103 -0.0137501458906 -0.0124044462382 -0.00549124857794 0.230682142006 
0.0200992808642 0.00198813331462 0.00208416374776 0.00142223983955 0.000130618888558 0.000199122369216 0.00242156877161 0.00372986213853 0.00103972044263 0.00205221468654 -0.000715457295243 0.00264245441951 0.00464216880026 0.00245198655081 0.00394269848344 0.000227749083397 0.00199913586416 0.00092713625933 0.00223014723151 0.00194395815706 
0.00198813331462 0.019686724999 -0.00236949205695 0.000643869039141 0.00118741269878 -0.000448330262026 0.00276284995589 0.00184052711568 0.00208837743441 -0.000990508920591 -0.00020608614829 -5.48348658606e-05 0.00768176267459 0.00217825263678 0.00242145247781 0.00471097739743 -0.000120831241974 -1.96612481219e-05 0.00219125350234 0.00052502164925 
0.00208416374776 -0.00236949205695 0.0395390266062 -0.000166752754026 0.00109626295536 0.00280847805203 0.000209403698163 0.00303261744389 0.000797081326771 0.00240554792372 0.000701947810167 -0.00110386489506 0.00125993895345 0.000620210602779 0.00282071421965 -0.000828559223469 -0.000265525283786 0.00754521834919 -3.62363966875e-05 0.00126366879778 
0.00142223983955 0.000643869039141 -0.000166752754026 0.0226735794136 0.000543249007355 0.00081553091993 0.00278748243859 0.000582547854089 0.0030321965082 0.00135532651999 0.00016477161905 0.000876917655335 0.00122383236627 0.00207161873831 0.00104571623988 0.00228234370399 -0.000736255742859 -0.000232757819889 0.000798771270824 0.00133956280241 
0.000130618888558 0.00118741269878 0.00109626295536 0.000543249007355 0.0270100344998 -0.000350005433969 0.00268912463253 0.000768376266987 0.00130228106218 0.00346659530158 0.00262082917223 0.000944293863756 0.00107860613109 0.00318378044041 0.00160185294113 0.00468787661064 2.32838633627e-05 0.00281419962612 0.00223663958321 0.00181867771437 
0.000199122369216 -0.000448330262026 0.00280847805203 0.00081553091993 -0.000350005433969 0.0203310547031 0.00147755340294 0.00239388554545 0.000680624332991 0.00336134187122 0.0014601576923 0.000807227971636 0.00108520180476 0.00035865226327 -0.00163419182113 0.00272926282128 0.000273059709094 0.00235572202349 0.00100391647042 -0.000263512017468 
0.00242156877161 0.00276284995589 0.000209403698163 0.00278748243859 0.00268912463253 0.00147755340294 0.0219400540021 0.00415540943124 0.0012384254253 -0.000440791771682 0.00144356832338 0.000590388182697 0.00220032460775 0.00144825756286 0.0053295813605 0.00327232276795 9.22925743206e-05 0.00228361587667 0.00352675392931 0.000784801950937 
0.00372986213853 0.00184052711568 0.00303261744389 0.000582547854089 0.000768376266987 0.00239388554545 0.00415540943124 0.0148921295086 0.00260765130042 0.00238829122558 0.00120547722864 0.00131112500108 0.00311429111298 0.00265406421777 0.00306467197685 0.00111414309988 0.00184151456573 0.00276869853451 0.0029484184994 0.00141908190187 
0.00103972044263 0.00208837743441 0.000797081326771 0.0030321965082 0.00130228106218 0.000680624332991 0.0012384254253 0.00260765130042 0.0166399029671 0.0029125460191 0.000882368891307 0.00141936896866 0.00487629205983 0.00154905548784 0.00189455445146 0.00139749897204 0.000913987907317 0.000736735977867 0.000393205343837 8.51430539168e-05 
0.00205221468654 -0.000990508920591 0.00240554792372 0.00135532651999 0.00346659530158 0.00336134187122 -0.000440791771682 0.00238829122558 0.0029125460191 0.0338679435325 0.00152355404423 0.0040878883483 0.00234200871135 0.00259900242298 0.00349166236623 0.00428669586268 0.000188668834593 0.00074810394307 0.00135311194018 0.00188546811821 
-0.000715457295243 -0.00020608614829 0.000701947810167 0.00016477161905 0.00262082917223 0.0014601576923 0.00144356832338 0.00120547722864 0.000882368891307 0.00152355404423 0.0179716335998 -8.00704108399e-05 -0.00166360021705 0.0015719063061 0.00293101332685 -0.00054049259788 0.00135914040792 -0.000718888670065 0.00230650172046 -0.00114500891827 
0.00264245441951 -5.48348658606e-05 -0.00110386489506 0.000876917655335 0.000944293863756 0.000807227971636 0.000590388182697 0.00131112500108 0.00141936896866 0.0040878883483 -8.00704108399e-05 0.021729009413 0.00165136585946 0.00140860938836 0.00235712315041 0.00200505095723 0.000922817640111 0.000227234532886 0.000915461198124 0.00173861906379 
0.00464216880026 0.00768176267459 0.00125993895345 0.00122383236627 0.00107860613109 0.00108520180476 0.00220032460775 0.00311429111298 0.00487629205983 0.00234200871135 -0.00166360021705 0.00165136585946 0.029773709183 0.00380129193002 0.00471333417045 0.0029261557519 -0.00108133924062 1.28477547555e-05 0.00145905696252 -0.000976239399841 
0.00245198655081 0.00217825263678 0.000620210602779 0.00207161873831 0.00318378044041 0.00035865226327 0.00144825756286 0.00265406421777 0.00154905548784 0.00259900242298 0.0015719063061 0.00140860938836 0.00380129193002 0.0289056292039 0.0033116699179 0.000183936395879 0.000223082430757 0.00145643113104 0.00234088562901 0.0020887235207 
0.00394269848344 0.00242145247781 0.00282071421965 0.00104571623988 0.00160185294113 -0.00163419182113 0.0053295813605 0.00306467197685 0.00189455445146 0.00349166236623 0.00293101332685 0.00235712315041 0.00471333417045 0.0033116699179 0.035288289511 0.00216845887465 0.0044827395127 -0.000929583349755 0.00347563737101 0.00207112889114 
0.000227749083397 0.00471097739743 -0.000828559223469 0.00228234370399 0.00468787661064 0.00272926282128 0.00327232276795 0.00111414309988 0.00139749897204 0.00428669586268 -0.00054049259788 0.00200505095723 0.0029261557519 0.000183936395879 0.00216845887465 0.0286719260613 -0.00221911172774 -0.00188043998328 0.0018810938897 -0.000125909840862 
0.00199913586416 -0.000120831241974 -0.000265525283786 -0.000736255742859 2.32838633627e-05 0.000273059709094 9.22925743206e-05 0.00184151456573 0.000913987907317 0.000188668834593 0.00135914040792 0.000922817640111 -0.00108133924062 0.000223082430757 0.0044827395127 -0.00221911172774 0.0701091641463 0.00248321588599 -0.000358861420289 -0.0011907975647 
0.00092713625933 -1.96612481219e-05 0.00754521834919 -0.000232757819889 0.00281419962612 0.00235572202349 0.00228361587667 0.00276869853451 0.000736735977867 0.00074810394307 -0.000718888670065 0.000227234532886 1.28477547556e-05 0.00145643113104 -0.000929583349755 -0.00188043998328 0.00248321588599 0.04746799623 0.000817391524713 -0.00107425655622 
0.00223014723151 0.00219125350234 -3.62363966875e-05 0.000798771270824 0.00223663958321 0.00100391647042 0.00352675392931 0.0029484184994 0.000393205343837 0.00135311194018 0.00230650172046 0.000915461198124 0.00145905696252 0.00234088562901 0.00347563737101 0.0018810938897 -0.000358861420289 0.000817391524713 0.024868385848 -0.0004755560767 
0.00194395815706 0.00052502164925 0.00126366879778 0.00133956280241 0.00181867771437 -0.000263512017468 0.000784801950937 0.00141908190187 8.51430539168e-05 0.00188546811821 -0.00114500891827 0.00173861906379 -0.000976239399841 0.0020887235207 0.00207112889114 -0.000125909840862 -0.0011907975647 -0.00107425655622 -0.0004755560767 0.0199776595176 

['GWW', 'DOW', 'WFT', 'WYE', 'TJX', 'ABC', 'STT', 'VNO', 'IFF', 'CMI', 'LH', 'TMO', 'EMN', 'GPS', 'ET', 'YUM', 'FSH', 'NEM', 'WLP', 'CTL']