30
0.149701567326 0.0994766710856 0.0430779984078 0.0658076634161 0.0825599502725 0.114977551813 0.0408960175479 0.124759587163 0.123331646141 0.0716337087719 0.0506132512338 0.0070666509449 0.107494880462 0.0203567883068 0.0350054865441 0.0861150338972 0.0598638009539 -0.0148687542544 0.0172523696575 0.0506400072768 0.104550469133 0.0160922749751 0.12260521459 0.165275344352 0.0385950792128 0.105790500039 0.0901624306535 0.0824662750087 0.00108215816497 0.13588321519 
0.47282624191 0.0108050475528 -0.00251346684793 0.0114219967342 0.000227845369361 0.0193277279513 0.00934487791507 0.090821958079 0.0474380281787 0.00515738750872 0.00477024507196 -0.00570066782119 0.0105610305491 -0.00434554153974 0.0251482286009 0.0361971519109 0.0233627644822 -0.00153304109005 0.0011099644726 0.0337836598882 0.0796034992134 0.000812819496123 0.0245059779102 -0.0325378951655 0.00953234114347 -0.00453987793621 -0.00723486462643 0.00220544911289 -0.00586073328401 -0.0108895751059 
0.0108050475528 0.433789448794 0.0317419813036 0.00846796253227 -0.00469930859624 0.00914408669534 0.0526284072624 -0.00125288929864 0.0188672703458 0.010269381058 0.00692116751844 0.00189787152352 0.113399237278 0.00842703614228 0.0029700367259 0.020078061363 0.0246325860864 0.0182220553268 0.0217613404518 0.0196841693467 0.0112873677127 0.0228437177516 0.00870584017075 0.0173601208633 0.0147716949694 0.00829145030335 -0.00119737308855 0.00762629755718 0.0201950458076 0.0202532502029 
-0.00251346684793 0.0317419813036 0.326480346128 0.0240525676634 0.0251089894528 -0.00989879783807 0.0279580639027 0.0298680871753 0.091705913878 0.00448613773652 0.0142438897174 0.00695447856547 0.0362776499541 0.0117256964466 0.00265234553676 0.0196610781984 0.0137360514292 0.00604027169453 0.0228989714702 0.0159985679832 0.00796977479208 -0.00786684665269 0.0142550546633 -0.0140054071248 0.0141734009924 0.0116537993272 0.0480652032926 -0.0121825104091 0.00552056886349 -0.00844126068949 
0.0114219967342 0.00846796253227 0.0240525676634 0.257316591674 0.0185895977727 -0.00560235349013 0.0278612805764 0.0195397329153 0.0311650957752 -0.00170554521168 0.0287464553812 0.0109250917721 0.00337177588007 0.0107866629369 0.00144457565765 -0.00671657428508 0.0160903071919 0.00667233228905 0.0275449645034 -0.00639074638869 -0.0114637341537 0.011176439716 0.0341963419086 -0.00293614355463 0.0186022876719 0.00814105286692 -0.00680994504725 -0.00124189414131 0.00642165297898 -0.00392156928259 
0.000227845369361 -0.00469930859624 0.0251089894528 0.0185895977727 0.368716841697 0.0372925885596 -0.0109020221513 0.031523278723 0.039562970147 0.00867958070965 0.0265381683813 0.0106214706523 0.0386404004298 0.0324226168485 -0.00681341213002 0.0197305061873 0.0248260901552 0.00459159583808 0.00404852772089 0.0352150095841 -0.00752631095256 0.0196234907952 0.0181149089619 -0.00879956967812 0.0276531259175 -0.0168127717656 0.0291341277927 -0.0296385184772 0.00404584154473 -0.00661799560945 
0.0193277279513 0.00914408669534 -0.00989879783807 -0.00560235349013 0.0372925885596 0.613818448821 0.00849436087068 0.0222189250108 -0.00465048069269 -0.00990950860445 -0.00254977995157 0.00455552960927 0.033160032235 0.0106086287833 0.0137530325549 0.0223596941784 0.0367052978758 0.02770310706 0.0231668310838 0.014080435863 0.0083812095983 0.0120210574863 0.0252132482533 -0.0378040502433 0.0139183708012 -0.0355078258211 0.000346060678784 0.0338851285871 0.00762396841527 0.0172829206275 
0.00934487791507 0.0526284072624 0.0279580639027 0.0278612805764 -0.0109020221513 0.00849436087068 0.203186630295 0.026024964252 0.0485313720798 0.0222174210978 0.00449118471048 0.018315547697 0.0215482696916 0.00113910961269 0.0288893768689 0.0287619465989 0.0233046057149 0.0152234103534 0.0118816532481 0.0328969218059 0.0233798288553 0.0221790097553 0.0079709824703 0.00837269115504 0.0399944069348 0.0300031705342 0.0294439076241 0.030094808799 0.00104920934553 -0.00298718727695 
0.090821958079 -0.00125288929864 0.0298680871753 0.0195397329153 0.031523278723 0.0222189250108 0.026024964252 0.308464969423 0.0325041958794 0.00197465499544 0.0141644048502 -0.00089102604066 0.0454792114748 -0.00450824978385 0.00670214954433 0.0293380384531 0.00990004121853 0.00543638747058 -0.023115874283 0.0133739238061 0.0510301232067 0.0276189966828 0.0412720697063 -0.0158510722049 0.0356181026777 0.0187265027791 0.0498889703173 0.0356912963727 -0.00681126744197 0.0928091127453 
0.0474380281787 0.0188672703458 0.091705913878 0.0311650957752 0.039562970147 -0.00465048069269 0.0485313720798 0.0325041958794 0.443917334595 0.0200797874519 0.0403128056915 0.0244907467161 0.0150750708229 0.0124970317809 0.0347474660767 0.0617804947785 0.0568676883276 0.00613998305635 0.0119588801811 0.0424317961759 0.0192446048549 -0.00675204030842 0.0381505470656 -0.0163669150625 0.0169989032516 0.00674496871045 0.103110809092 0.0207404448751 -0.000318301090609 -0.0219210173687 
0.00515738750872 0.010269381058 0.00448613773652 -0.00170554521168 0.00867958070965 -0.00990950860445 0.0222174210978 0.00197465499544 0.0200797874519 0.186169033389 0.0173658385463 0.00609491683658 0.0197190224483 -0.00325146778387 0.00832684518049 0.0156959810089 0.0236913528669 0.0193472650136 -0.000355027174091 0.0343900073297 -0.00134859113982 -0.00827460461432 0.0303468624138 -0.0169495940555 0.00282377961626 -0.0107699524655 0.0170223783276 0.003984758422 -0.00774502136843 0.00547561954616 
0.00477024507196 0.00692116751844 0.0142438897174 0.0287464553812 0.0265381683813 -0.00254977995157 0.00449118471048 0.0141644048502 0.0403128056915 0.0173658385463 0.153172149175 0.0105594554458 0.0331448848677 0.0383423940395 0.0169213942788 0.0278029044762 0.027472962652 0.0187260505131 0.029404026705 0.0165619193283 0.0144754654511 -0.0121012900528 0.0456044663747 0.0106419876304 0.0436259159937 0.0202036965517 0.0294948116216 -0.00659433032058 0.0183156452841 -0.014001241413 
-0.00570066782119 0.00189787152352 0.00695447856547 0.0109250917721 0.0106214706523 0.00455552960927 0.018315547697 -0.000891026040661 0.0244907467161 0.00609491683658 0.0105594554458 0.184337294882 0.00105176045449 0.0150015380574 0.0169875587757 0.00198919785818 0.00625362461758 0.00250356478959 -0.00862698791988 0.00215606009959 0.00703360116295 -0.00194418253799 0.0064820880078 0.00119854673483 0.0239327628445 0.0216316626293 0.0133636941042 0.0190879577457 0.0188959502668 -0.0104438959816 
0.0105610305491 0.113399237278 0.0362776499541 0.00337177588007 0.0386404004298 0.033160032235 0.0215482696916 0.0454792114748 0.0150750708229 0.0197190224483 0.0331448848677 0.00105176045449 0.453533280619 0.0259224844343 0.0330630791377 0.026665347295 0.0507542577399 0.0104991753117 0.0243291763307 0.0315806960266 0.0214188732898 0.0457049953574 0.0561519250247 0.00249219234191 0.0565020602597 0.0274193451792 0.0537253455947 0.068757771788 0.022396755659 0.0816945256756 
-0.00434554153974 0.00842703614228 0.0117256964466 0.0107866629369 0.0324226168485 0.0106086287833 0.00113910961269 -0.00450824978385 0.0124970317809 -0.00325146778387 0.0383423940395 0.0150015380574 0.0259224844343 0.275324324713 0.00906054819266 0.0177335978205 0.031208919508 0.00394800213818 0.00769305920612 0.0336827624489 0.0235207884733 0.00752065866777 0.0355897444921 0.0237472037994 0.0124523878971 0.0213996045951 0.0100753209841 -0.0297492480043 0.0257602406508 -0.0173405433035 
0.0251482286009 0.0029700367259 0.00265234553676 0.00144457565765 -0.00681341213002 0.0137530325549 0.0288893768689 0.00670214954433 0.0347474660767 0.00832684518049 0.0169213942788 0.0169875587757 0.0330630791377 0.00906054819266 0.136236071462 0.0323625012349 0.0243723478368 0.00997227965407 0.0138830058778 0.0310178772808 0.0305739328311 0.00980301512667 0.0224016848832 -0.00630281850829 0.0339888096509 0.00866051439773 0.0104225389534 0.0239857867333 0.0136083538059 0.0101248040566 
0.0361971519109 0.020078061363 0.0196610781984 -0.00671657428508 0.0197305061873 0.0223596941784 0.0287619465989 0.0293380384531 0.0617804947785 0.0156959810089 0.0278029044762 0.00198919785818 0.0266653472949 0.0177335978205 0.0323625012349 0.229655285708 0.00643274389265 0.0118055085653 -0.00610103483509 0.0352659174652 0.0369510374446 -0.0140179040504 0.0315969605415 0.000455686828642 0.0290016077281 0.00221700774458 0.0377570333182 -0.00125906886585 0.000697064310943 0.0533431374889 
0.0233627644822 0.0246325860864 0.0137360514292 0.0160903071919 0.0248260901552 0.0367052978758 0.0233046057149 0.00990004121853 0.0568676883276 0.0236913528669 0.027472962652 0.00625362461758 0.0507542577399 0.031208919508 0.0243723478368 0.00643274389265 0.207274930472 0.0426662334047 0.0212002934149 0.0217333257169 0.0398247798488 0.00561874723249 0.024748600599 -0.0133746076419 0.0296022750897 0.0231015015734 0.018965582581 0.0259878585532 0.0143070875647 0.00558746302747 
-0.00153304109005 0.0182220553268 0.00604027169453 0.00667233228904 0.00459159583808 0.02770310706 0.0152234103534 0.00543638747058 0.00613998305635 0.0193472650136 0.0187260505131 0.00250356478959 0.0104991753117 0.00394800213818 0.00997227965407 0.0118055085653 0.0426662334047 0.163076802235 0.00915149469689 0.00585141983068 0.00951569859171 0.010841738754 0.0155238284829 0.0118106438303 0.0112730066409 0.0182866433305 -0.00109065846581 0.0398234092394 0.0190933953771 0.021443787849 
0.0011099644726 0.0217613404518 0.0228989714702 0.0275449645034 0.00404852772089 0.0231668310838 0.0118816532481 -0.023115874283 0.0119588801811 -0.000355027174091 0.029404026705 -0.00862698791988 0.0243291763307 0.00769305920612 0.0138830058778 -0.00610103483509 0.0212002934149 0.00915149469689 0.197220814102 0.0345823655718 -0.00460865866851 -0.000752861651751 0.0204170405326 -0.00721954706232 0.0221871722494 0.00944319820463 0.0110253685698 0.00987345464034 -0.00411235384215 0.00122141721955 
0.0337836598882 0.0196841693467 0.0159985679832 -0.00639074638869 0.0352150095841 0.014080435863 0.0328969218059 0.0133739238061 0.0424317961759 0.0343900073297 0.0165619193283 0.00215606009959 0.0315806960266 0.0336827624489 0.0310178772808 0.0352659174652 0.0217333257169 0.00585141983068 0.0345823655718 0.520155174417 0.0444721010154 -0.0186692975402 0.0505053066265 0.0215707655853 0.0329021617343 0.0473629768104 0.00735616932552 0.0156118234426 0.0122376326335 0.0248072377473 
0.0796034992134 0.0112873677127 0.00796977479208 -0.0114637341537 -0.00752631095256 0.0083812095983 0.0233798288553 0.0510301232067 0.0192446048549 -0.00134859113982 0.0144754654511 0.00703360116295 0.0214188732898 0.0235207884733 0.0305739328311 0.0369510374446 0.0398247798488 0.00951569859171 -0.00460865866851 0.0444721010154 0.542763583011 0.00392693229878 0.0128863113405 -0.0096496675043 0.00718667450665 -0.0135831223302 0.0206437626886 0.0448735516961 0.0201115869766 -0.0089465387563 
0.000812819496123 0.0228437177516 -0.00786684665269 0.011176439716 0.0196234907952 0.0120210574863 0.0221790097553 0.0276189966828 -0.00675204030842 -0.00827460461432 -0.0121012900528 -0.00194418253799 0.0457049953574 0.00752065866776 0.00980301512667 -0.0140179040504 0.00561874723249 0.010841738754 -0.000752861651751 -0.0186692975402 0.00392693229878 0.223388882477 -0.000778276994548 -0.00255914870766 0.00609600744645 0.00897175591657 0.00419433916942 -0.000557858733846 0.00115268494097 0.0128159782417 
0.0245059779102 0.00870584017075 0.0142550546633 0.0341963419086 0.0181149089619 0.0252132482533 0.0079709824703 0.0412720697063 0.0381505470656 0.0303468624138 0.0456044663747 0.0064820880078 0.0561519250247 0.0355897444921 0.0224016848832 0.0315969605415 0.024748600599 0.0155238284829 0.0204170405326 0.0505053066265 0.0128863113405 -0.000778276994548 0.209496506779 -0.0053190261695 0.0381413274749 0.0199248085968 0.0300541308964 0.0272240793395 0.0267076772884 -0.00888839466523 
-0.0325378951655 0.0173601208633 -0.0140054071248 -0.00293614355463 -0.00879956967812 -0.0378040502433 0.00837269115504 -0.0158510722049 -0.0163669150625 -0.0169495940555 0.0106419876304 0.00119854673483 0.00249219234191 0.0237472037994 -0.00630281850829 0.000455686828642 -0.0133746076419 0.0118106438303 -0.00721954706232 0.0215707655853 -0.0096496675043 -0.00255914870766 -0.0053190261695 1.37552601779 -0.00211185845335 -0.00359074345385 -0.00767547370265 -0.0288201124379 -0.0272489790983 0.0220584869654 
0.00953234114347 0.0147716949694 0.0141734009924 0.0186022876719 0.0276531259175 0.0139183708012 0.0399944069348 0.0356181026777 0.0169989032516 0.00282377961626 0.0436259159937 0.0239327628445 0.0565020602597 0.0124523878971 0.0339888096509 0.0290016077281 0.0296022750897 0.0112730066409 0.0221871722494 0.0329021617343 0.00718667450665 0.00609600744645 0.0381413274749 -0.00211185845335 0.189452680881 0.0175793806015 0.0367964909295 0.0375058880087 0.0200645246566 0.051415547993 
-0.00453987793621 0.00829145030335 0.0116537993272 0.00814105286692 -0.0168127717656 -0.0355078258211 0.0300031705342 0.0187265027791 0.00674496871045 -0.0107699524655 0.0202036965517 0.0216316626293 0.0274193451792 0.0213996045951 0.00866051439773 0.00221700774458 0.0231015015734 0.0182866433305 0.00944319820463 0.0473629768104 -0.0135831223302 0.00897175591657 0.0199248085968 -0.00359074345385 0.0175793806015 0.550148802252 0.00511720636649 0.0119353099356 0.000321097912292 0.00329646350026 
-0.00723486462643 -0.00119737308855 0.0480652032926 -0.00680994504725 0.0291341277927 0.000346060678785 0.0294439076241 0.0498889703173 0.103110809092 0.0170223783276 0.0294948116216 0.0133636941042 0.0537253455947 0.0100753209841 0.0104225389534 0.0377570333182 0.018965582581 -0.00109065846581 0.0110253685698 0.00735616932552 0.0206437626886 0.00419433916942 0.0300541308964 -0.00767547370265 0.0367964909295 0.00511720636649 0.460125040388 0.00483122282752 0.0205743193868 0.295219625855 
0.00220544911289 0.00762629755718 -0.0121825104091 -0.00124189414131 -0.0296385184772 0.0338851285871 0.030094808799 0.0356912963727 0.0207404448751 0.003984758422 -0.00659433032058 0.0190879577457 0.068757771788 -0.0297492480043 0.0239857867333 -0.00125906886585 0.0259878585532 0.0398234092394 0.00987345464034 0.0156118234426 0.0448735516961 -0.000557858733845 0.0272240793395 -0.0288201124379 0.0375058880087 0.0119353099356 0.00483122282752 0.459590330337 0.00548441071187 -0.0215112027952 
-0.00586073328401 0.0201950458076 0.00552056886349 0.00642165297898 0.00404584154473 0.00762396841527 0.00104920934553 -0.00681126744197 -0.000318301090609 -0.00774502136843 0.0183156452841 0.0188959502668 0.022396755659 0.0257602406508 0.0136083538059 0.000697064310944 0.0143070875647 0.0190933953771 -0.00411235384215 0.0122376326335 0.0201115869766 0.00115268494097 0.0267076772884 -0.0272489790983 0.0200645246566 0.000321097912292 0.0205743193868 0.00548441071187 0.251668627219 0.00173301405333 
-0.0108895751059 0.0202532502029 -0.00844126068949 -0.00392156928259 -0.00661799560945 0.0172829206275 -0.00298718727695 0.0928091127453 -0.0219210173687 0.00547561954616 -0.014001241413 -0.0104438959816 0.0816945256756 -0.0173405433035 0.0101248040566 0.0533431374889 0.00558746302747 0.021443787849 0.00122141721955 0.0248072377473 -0.0089465387563 0.0128159782417 -0.00888839466523 0.0220584869654 0.051415547993 0.00329646350026 0.295219625855 -0.0215112027952 0.00173301405333 1.16691194358 
0.040947953707 0.000935744566986 -0.000217672614188 0.000989173933373 1.97319878001e-05 0.00167383034033 0.000809290166971 0.00786541229179 0.00410825375082 0.000446642859971 0.000413115341459 -0.000493692315168 0.000914612074569 -0.000376334936661 0.00217790048285 0.00313476530995 0.00202327475442 -0.000132765252903 9.61257430574e-05 0.0029257507696 0.00689386525489 7.03922332334e-05 0.00212227994148 -0.0028178643799 0.000825524958779 -0.000393164962284 -0.000626557655943 0.000190997495852 -0.000507554390876 -0.000943064867816 
0.000935744566986 0.0375672682549 0.00274893621753 0.000733347067124 -0.000406972062456 0.000791901137257 0.00455775376499 -0.000108503396075 0.00163395354195 0.000889354487736 0.000599390689482 0.000164360495248 0.00982066202523 0.000729802737783 0.00025721272548 0.00173881111991 0.00213324453118 0.00157807628221 0.00188458736517 0.00170469907066 0.000977514718103 0.00197832398898 0.000753947874916 0.00150343056804 0.00127926631005 0.000718060659692 -0.000103695551249 0.000660456742133 0.00174894227 0.00175398291849 
-0.000217672614188 0.00274893621753 0.0282740273584 0.00208301346228 0.00217450227295 -0.00085726103947 0.00242123935804 0.00258665222562 0.00794196510956 0.00038851092447 0.0012335570344 0.000602275510777 0.00314173664499 0.00101547509998 0.000229699861445 0.00170269931856 0.00118957694854 0.000523102873322 0.00198310910138 0.00138551662976 0.000690202743238 -0.00068128890489 0.00123452394708 -0.00121290383604 0.00122745253174 0.00100924862679 0.00416256870894 -0.00105503634962 0.000478095287912 -0.000731034619707 
0.000989173933373 0.000733347067124 0.00208301346228 0.0222842705205 0.00160990639173 -0.000485178044344 0.00241285767611 0.00169219050878 0.00269897646527 -0.000147704548062 0.00248951606289 0.000946140701335 0.000292004356801 0.000934152412543 0.000125103921722 -0.000581672395729 0.00139346147829 0.00057784092648 0.00238546390063 -0.000553454872175 -0.000992788499934 0.000967908071793 0.00296149008094 -0.000254277490747 0.00161100536924 0.000705035859631 -0.000589758540929 -0.000107551187519 0.000556131461408 -0.000339617862142 
1.97319878001e-05 -0.000406972062456 0.00217450227295 0.00160990639173 0.0319318151713 0.00322963290655 -0.000944142813561 0.00272999601847 0.00342625371965 0.000751673738875 0.00229827279881 0.000919846341044 0.00334635683847 0.0028078809848 -0.000590058799105 0.00170871195877 0.00215000247511 0.000397643863969 0.000350612785422 0.00304970928943 -0.00065179764817 0.00169944415396 0.00156879713482 -0.000762065088362 0.00239483095386 -0.00145602874571 0.00252308947856 -0.00256677099318 0.000350380155742 -0.000573135231992 
0.00167383034033 0.000791901137257 -0.00085726103947 -0.000485178044344 0.00322963290655 0.0531582369991 0.000735633230292 0.00192421535041 -0.000402743441968 -0.000858188619047 -0.000220817421212 0.000394520436932 0.00287174303059 0.000918734202562 0.00119104755717 0.00193640631793 0.00317877204139 0.00239915944777 0.00200630642437 0.00121940151537 0.000725834042657 0.00104105411635 0.00218353134992 -0.00327392678766 0.00120536626932 -0.00307506791942 2.99697339078e-05 0.00293453821669 0.000660255032528 0.0014967448315 
0.000809290166971 0.00455775376499 0.00242123935804 0.00241285767611 -0.000944142813561 0.000735633230292 0.0175964783544 0.00225382801748 0.00420294011017 0.00192408510773 0.000388948005237 0.00158617295898 0.00186613489606 9.86497862287e-05 0.0025018934268 0.00249085764169 0.00201823805743 0.00131838600983 0.00102898135518 0.00284895699902 0.00202475257248 0.00192075858789 0.00069030733124 0.000725096323831 0.00346361724148 0.00259835078767 0.00254991719891 0.0026062868942 9.08641947119e-05 -0.00025869800677 
0.00786541229179 -0.000108503396075 0.00258665222562 0.00169219050878 0.00272999601847 0.00192421535041 0.00225382801748 0.0267138499698 0.00281494593611 0.000171010138976 0.00122667344298 -7.71651186645e-05 0.00393861524813 -0.000390425883942 0.000580423176535 0.00254074865976 0.000857368719376 0.000470804965434 -0.00200189343597 0.00115821577643 0.00441933830553 0.00239187527543 0.00357426608324 -0.00137274312067 0.00308461817535 0.00162176271307 0.00432051156635 0.00309095693528 -0.000589873063672 0.00803750493401 
0.00410825375082 0.00163395354195 0.00794196510956 0.00269897646527 0.00342625371965 -0.000402743441968 0.00420294011017 0.00281494593611 0.0384443688939 0.00173896060359 0.00349119138267 0.00212096088138 0.00130553942965 0.00108227469942 0.00300921883396 0.00535034779366 0.00492488627462 0.00053173813056 0.00103566940376 0.00367470134165 0.00166663166901 -0.000584743843447 0.00330393429271 -0.00141741642257 0.00147214820523 0.000584131425098 0.00892965800786 0.00179617521476 -2.75656830519e-05 -0.00189841579181 
0.000446642859971 0.000889354487736 0.00038851092447 -0.000147704548062 0.000751673738875 -0.000858188619047 0.00192408510773 0.000171010138976 0.00173896060359 0.0161227112313 0.00150392573391 0.000527835281443 0.0017077174378 -0.000281585370042 0.000721125945968 0.0013593118291 0.00205173134327 0.00167552229955 -3.07462551797e-05 0.00297826199838 -0.000116791418641 -0.000716601780227 0.00262811537755 -0.00146787790359 0.000244546488237 -0.000932705243267 0.00147418120645 0.00034509020214 -0.000670738525791 0.000474202562843 
0.000413115341459 0.000599390689482 0.0012335570344 0.00248951606289 0.00229827279881 -0.000220817421212 0.000388948005237 0.00122667344298 0.00349119138267 0.00150392573391 0.0132650972337 0.000914475666619 0.0028704312301 0.00332054872801 0.00146543573129 0.00240780215754 0.00237922835738 0.00162172354569 0.00254646341001 0.00143430428737 0.00125361208123 -0.00104800246043 0.00394946264065 0.000921623163464 0.00377811515139 0.00174969144641 0.00255432561442 -0.000571085757857 0.00158618141027 -0.00121254307482 
-0.000493692315168 0.000164360495248 0.000602275510777 0.000946140701335 0.000919846341044 0.000394520436932 0.00158617295898 -7.71651186645e-05 0.00212096088138 0.000527835281443 0.000914475666619 0.0159640780233 9.10851272286e-05 0.00129917130536 0.0014711657448 0.000172269587834 0.000541579778456 0.000216815070781 -0.000747119069676 0.000186720281833 0.00060912772872 -0.00016837114675 0.000561365288432 0.000103797191998 0.00207263806061 0.0018733569363 0.00115732985826 0.00165306563142 0.00163643729597 -0.000904467923455 
0.000914612074569 0.00982066202523 0.00314173664499 0.000292004356801 0.00334635683847 0.00287174303059 0.00186613489606 0.00393861524813 0.00130553942965 0.0017077174378 0.0028704312301 9.10851272286e-05 0.0392771342478 0.00224495300493 0.00286334664606 0.00230928681582 0.0043954476553 0.000909255253873 0.00210696847555 0.00273496850282 0.00185492883894 0.00395816870593 0.00486289935428 0.000215830187921 0.00489322195511 0.00237458494803 0.00465275141121 0.0059545977076 0.00193961593631 0.00707495345852 
-0.000376334936661 0.000729802737782 0.00101547509998 0.000934152412543 0.0028078809848 0.000918734202562 9.86497862287e-05 -0.000390425883942 0.00108227469942 -0.000281585370042 0.00332054872801 0.00129917130536 0.00224495300493 0.0238437859482 0.000784666490705 0.0015357746213 0.00270277171186 0.000341907014586 0.000666238470532 0.00291701279504 0.00203696003349 0.000651308145948 0.00308216228444 0.00205656817592 0.00107840842567 0.00185326012103 0.000872548392349 -0.00257636045152 0.00223090228112 -0.00150173510163 
0.00217790048285 0.00025721272548 0.000229699861445 0.000125103921722 -0.000590058799105 0.00119104755717 0.0025018934268 0.000580423176535 0.00300921883396 0.000721125945968 0.00146543573129 0.0014711657448 0.00286334664606 0.000784666490705 0.0117983898798 0.00280267481995 0.00211070723766 0.000863624751407 0.0012023035771 0.00268622696967 0.00264778025254 0.000848966013338 0.00194004281964 -0.000545840094362 0.00294351726021 0.000750022547828 0.00090261835056 0.00207723006408 0.00117851800996 0.000876833752134 
0.00313476530995 0.00173881111991 0.00170269931856 -0.000581672395729 0.00170871195877 0.00193640631793 0.00249085764169 0.00254074865976 0.00535034779366 0.0013593118291 0.00240780215754 0.000172269587834 0.00230928681582 0.0015357746213 0.00280267481995 0.0198887311536 0.000557091962707 0.00102238703222 -0.000528365115656 0.00305411804127 0.00320005371232 -0.00121398610155 0.00273637705113 3.94636369774e-05 0.00251161290431 0.000191998502719 0.00326985500251 -0.000109038562294 6.03675401348e-05 0.0046196512183 
0.00202327475442 0.00213324453118 0.00118957694854 0.00139346147829 0.00215000247511 0.00317877204139 0.00201823805743 0.000857368719376 0.00492488627462 0.00205173134327 0.00237922835738 0.000541579778456 0.0043954476553 0.00270277171186 0.00211070723766 0.000557091962707 0.0179505355356 0.00369500420123 0.0018359992665 0.00188216121796 0.00344892710492 0.000486597784078 0.00214329168269 -0.00115827499835 0.00256363222375 0.00200064872281 0.00164246763127 0.0022506145697 0.00123903012852 0.00048388849245 
-0.000132765252903 0.00157807628221 0.000523102873322 0.00057784092648 0.000397643863969 0.00239915944777 0.00131838600983 0.000470804965434 0.00053173813056 0.00167552229955 0.00162172354569 0.000216815070781 0.000909255253873 0.000341907014586 0.000863624751407 0.00102238703222 0.00369500420123 0.0141228653503 0.000792542689011 0.000506747822158 0.000824083671517 0.000938922118214 0.00134440298302 0.00102283175921 0.000976271012809 0.00158366976742 -9.44537938242e-05 0.00344880840667 0.0016535365441 0.00185708650306 
9.61257430574e-05 0.00188458736517 0.00198310910138 0.00238546390063 0.000350612785422 0.00200630642437 0.00102898135518 -0.00200189343597 0.00103566940376 -3.07462551797e-05 0.00254646341001 -0.000747119069676 0.00210696847555 0.000666238470532 0.0012023035771 -0.000528365115656 0.0018359992665 0.000792542689011 0.0170798235167 0.00299492071082 -0.00039912154843 -6.51997315951e-05 0.00176816757713 -0.000625231115979 0.00192146548061 0.000817804953818 0.000954824926755 0.000855066254165 -0.000356140289665 0.000105777834075 
0.0029257507696 0.00170469907066 0.00138551662976 -0.000553454872175 0.00304970928943 0.00121940151537 0.00284895699902 0.00115821577643 0.00367470134165 0.00297826199838 0.00143430428737 0.000186720281833 0.00273496850282 0.00291701279504 0.00268622696967 0.00305411804127 0.00188216121796 0.000506747822158 0.00299492071082 0.0450467594955 0.0038513969239 -0.00161680859406 0.00437388785645 0.00186808309759 0.00284941079013 0.00410175411167 0.000637062951044 0.00135202357007 0.00105981007428 0.00214836980869 
0.00689386525489 0.000977514718103 0.000690202743238 -0.000992788499934 -0.00065179764817 0.000725834042657 0.00202475257248 0.00441933830552 0.00166663166901 -0.000116791418641 0.00125361208123 0.00060912772872 0.00185492883894 0.00203696003349 0.00264778025254 0.00320005371232 0.00344892710492 0.000824083671517 -0.00039912154843 0.0038513969239 0.0470047051136 0.000340082312969 0.00111598729819 -0.000835685719679 0.000622384269149 -0.00117633290007 0.0017878022918 0.00388616357268 0.00174171452322 -0.00077479298389 
7.03922332333e-05 0.00197832398898 -0.00068128890489 0.000967908071793 0.00169944415396 0.00104105411635 0.00192075858789 0.00239187527543 -0.000584743843447 -0.000716601780227 -0.00104800246043 -0.00016837114675 0.00395816870593 0.000651308145948 0.000848966013338 -0.00121398610155 0.000486597784078 0.000938922118214 -6.51997315952e-05 -0.00161680859406 0.000340082312969 0.0193460447149 -6.74007648459e-05 -0.00022162877929 0.000527929731029 0.00077697685403 0.000363240427281 -4.83119835233e-05 9.98254441442e-05 0.00110989627317 
0.00212227994148 0.000753947874916 0.00123452394708 0.00296149008094 0.00156879713482 0.00218353134992 0.00069030733124 0.00357426608324 0.00330393429271 0.00262811537755 0.00394946264065 0.000561365288432 0.00486289935428 0.00308216228444 0.00194004281964 0.00273637705113 0.00214329168269 0.00134440298302 0.00176816757713 0.00437388785645 0.00111598729819 -6.74007648459e-05 0.0181429296875 -0.000460641178619 0.00330313585273 0.00172553904103 0.00260276408449 0.00235767443027 0.00231295270078 -0.000769757557895 
-0.0028178643799 0.00150343056804 -0.00121290383604 -0.000254277490747 -0.000762065088362 -0.00327392678766 0.000725096323831 -0.00137274312067 -0.00141741642257 -0.00146787790359 0.000921623163464 0.000103797191998 0.000215830187921 0.00205656817592 -0.000545840094362 3.94636369774e-05 -0.00115827499835 0.00102283175921 -0.000625231115979 0.00186808309759 -0.000835685719679 -0.00022162877929 -0.000460641178619 0.119124047498 -0.000182892306979 -0.00031096750495 -0.000664715521257 -0.00249589495111 -0.00235983081263 0.00191032100811 
0.000825524958779 0.00127926631005 0.00122745253174 0.00161100536924 0.00239483095386 0.00120536626932 0.00346361724148 0.00308461817535 0.00147214820523 0.000244546488237 0.00377811515139 0.00207263806061 0.00489322195511 0.00107840842567 0.00294351726021 0.00251161290431 0.00256363222375 0.000976271012809 0.00192146548061 0.00284941079013 0.000622384269149 0.000527929731029 0.00330313585273 -0.000182892306979 0.0164070834458 0.00152241901837 0.00318666959151 0.0032481051807 0.00173763880674 0.00445271707115 
-0.000393164962284 0.000718060659692 0.00100924862679 0.000705035859631 -0.00145602874571 -0.00307506791942 0.00259835078767 0.00162176271307 0.000584131425098 -0.000932705243267 0.00174969144641 0.0018733569363 0.00237458494803 0.00185326012103 0.000750022547828 0.000191998502719 0.00200064872281 0.00158366976742 0.000817804953818 0.00410175411167 -0.00117633290007 0.00077697685403 0.00172553904103 -0.00031096750495 0.00152241901837 0.0476442838612 0.000443163070979 0.00103362816062 2.78078949147e-05 0.000285482113388 
-0.000626557655943 -0.000103695551249 0.00416256870894 -0.000589758540929 0.00252308947856 2.99697339078e-05 0.00254991719891 0.00432051156635 0.00892965800786 0.00147418120645 0.00255432561442 0.00115732985826 0.00465275141121 0.000872548392349 0.00090261835056 0.00326985500251 0.00164246763127 -9.44537938242e-05 0.000954824926755 0.000637062951044 0.0017878022918 0.000363240427281 0.00260276408449 -0.000664715521257 0.00318666959151 0.000443163070979 0.0398479973893 0.000418396169997 0.00178178832545 0.0255667695686 
0.000190997495852 0.000660456742133 -0.00105503634962 -0.000107551187519 -0.00256677099318 0.00293453821669 0.0026062868942 0.00309095693528 0.00179617521476 0.00034509020214 -0.000571085757857 0.00165306563142 0.0059545977076 -0.00257636045152 0.00207723006408 -0.000109038562294 0.0022506145697 0.00344880840667 0.000855066254165 0.00135202357007 0.00388616357268 -4.83119835233e-05 0.00235767443027 -0.00249589495111 0.0032481051807 0.00103362816062 0.000418396169997 0.0398016901406 0.000474963900127 -0.00186292480866 
-0.000507554390876 0.00174894227 0.000478095287912 0.000556131461408 0.000350380155742 0.000660255032528 9.08641947119e-05 -0.000589873063672 -2.7565683052e-05 -0.000670738525791 0.00158618141027 0.00163643729597 0.00193961593631 0.00223090228112 0.00117851800996 6.03675401349e-05 0.00123903012852 0.0016535365441 -0.000356140289665 0.00105981007428 0.00174171452322 9.98254441441e-05 0.00231295270078 -0.00235983081263 0.00173763880674 2.78078949147e-05 0.00178178832545 0.000474963900127 0.0217951424507 0.00015008341953 
-0.000943064867816 0.00175398291849 -0.000731034619707 -0.000339617862142 -0.000573135231992 0.0014967448315 -0.00025869800677 0.00803750493401 -0.00189841579181 0.000474202562843 -0.00121254307482 -0.000904467923455 0.00707495345852 -0.00150173510163 0.000876833752134 0.0046196512183 0.00048388849245 0.00185708650306 0.000105777834075 0.00214836980869 -0.00077479298389 0.00110989627317 -0.000769757557895 0.00191032100811 0.00445271707115 0.000285482113388 0.0255667695686 -0.00186292480866 0.00015008341953 0.101057538712 

['CTXS', 'MIL', 'YUM', 'WYE', 'LUV', 'ADM', 'FISV', 'BNI', 'JWN', 'FII', 'JPM', 'IBM', 'NUE', 'FITB', 'SIAL', 'SPLS', 'PSA', 'FE', 'SLM', 'ERTS', 'NSM', 'CAG', 'GS', 'GT', 'CTAS', 'AOC', 'COH', 'DVN', 'CCE', 'WAT']