50
0.0585004976968 0.142595623168 0.0962618702605 0.0172601721071 0.165275344352 0.0430779984078 0.119808933935 0.00265371642944 0.126841392599 0.0358059899839 0.022775665512 0.135547989167 0.0477990277318 0.0172523696575 0.0521298167044 0.0842142990337 0.0994766710856 -0.0142899737039 0.20394989535 -0.00773505516991 0.0251356843311 0.1366928931 -0.00277796207049 0.0444735285872 0.0407864154506 0.0714432896303 0.125840316239 0.0345230729479 0.0773544805674 0.0370780174455 0.00753480783794 0.115739319126 0.0946915784272 0.0807794462486 0.0275413533974 0.171372180847 -0.00694067656108 0.075466134778 0.0201569416701 0.0315903614714 0.0605665428979 -0.00953493093171 0.0445332570478 0.00859756350963 0.0896896089949 0.0132966740539 0.0114549593271 0.110057805124 0.0110311255814 0.275152850517 
0.314512324733 0.0891533864052 -0.00224687989571 0.0145144470089 -0.00458032951786 0.0119136807672 0.0164486701069 0.00623610328521 0.0367368916757 0.0184103001927 0.0268449958883 0.0738683903714 -0.00360911506001 -0.00181751686778 0.0104951088931 0.0649857451975 0.0145986148534 0.00804496496334 0.0457588155712 0.0101125305248 0.00686763813201 0.0076336851565 0.00360857881275 0.0231871045142 0.0132107347788 0.0106066308185 0.0480315866819 0.0165239083133 0.0578865332578 0.00237246296737 0.0381457849373 0.00776174012625 0.0427998974182 0.00707780951152 0.00806342493472 0.0210743445326 0.0409181679723 0.0322930684049 0.00860123819712 0.0138915016764 0.0259930184435 0.00179911704856 0.00533770156826 0.0246965816773 0.0524358841628 -0.00482734085184 0.0110331821586 0.0387614401402 0.000370107759769 -0.0659724473396 
0.0891533864052 0.414546939599 0.0350637727941 0.0363395722951 -0.00871952350904 -0.00477494152041 -0.0174032943161 0.0165452176903 0.0102660125913 0.0130287473054 0.0301646482332 0.0686832353951 0.00806830001756 0.0214102364249 0.0298220757848 0.0198869653527 0.000291452754056 0.0150683949487 0.0797600181075 0.0367421375069 0.016988213247 0.0207934953302 0.0116770633029 0.0289820738297 0.0313929053481 0.0195538741107 0.0269781865538 0.00164921278262 0.0331186781321 -0.0138181442981 0.0479496673311 -0.00461873154971 0.0430420834608 0.0191756634645 0.0130371087964 0.0142735170926 0.113434017803 0.0807748297378 0.0431842698884 0.0155165265641 0.0392164800548 0.0276817135671 0.0282056366374 0.0431763583166 -0.0111832300658 0.0390311548421 0.0283363854283 0.0556261815675 0.014141199011 0.00106682664658 
-0.00224687989571 0.0350637727941 0.378871051649 0.0223064017514 -0.0107861791089 0.0333274735646 0.0409043882023 0.0269921714461 0.00519326119727 0.0237834758611 0.0309522858791 0.0432350543207 0.0241100869643 -0.00922181605242 -0.0205591201468 0.019645072269 -0.0169000722947 0.0368112254541 0.0279982438191 0.0226963152249 -0.00956661125282 0.0209370171915 0.0182562553248 0.0434017637113 0.0301067502766 -0.00891231832295 -0.000468912357174 0.0181959669471 0.0400872806571 0.01215187181 0.0312206233897 0.026730808529 0.0339548138403 0.0541843216501 0.0233148822121 0.066071944038 -0.0136956935088 -0.00883860516066 0.0197500000211 0.0254154937006 -0.00725021753347 -0.00665141051812 -0.0130403952129 0.00875965036488 0.0156194565493 -0.00699723827902 -0.00954233886217 0.032247820556 0.0307543690943 0.010254234635 
0.0145144470089 0.0363395722951 0.0223064017514 0.185906323373 -0.00679246039269 -0.00876127216361 -0.00682533775873 0.0181865210558 0.0114332739057 0.00841654700647 0.0277436653361 0.00480910706675 0.0253347406307 0.00489688923233 0.0030184049622 0.00793776732674 -0.0022408297503 0.00244552108658 0.0405046488463 0.011305056175 0.0166172495196 0.0423077976135 -0.0016210533816 0.0193359470297 0.0203712438784 0.00174353238564 0.0276780481097 0.0118950995938 0.0138883319339 0.00947106701534 0.0255100831397 0.0149430576493 0.0137056038981 0.00893700787055 0.0210499070659 0.0150647345123 0.0130490926926 0.0050953623243 0.0294505176703 0.0166765141333 0.0285592488584 -0.0029009352949 -0.00740938222089 -0.00570878886393 0.00616599244508 0.0087259317269 0.0241858869126 0.0169942208216 0.0108693029794 -0.0117957122238 
-0.00458032951786 -0.00871952350904 -0.0107861791089 -0.00679246039269 1.37178562494 -0.0132290565372 -0.000543536856435 0.0277940628621 0.0031438447598 0.0106754709094 -0.0162286562842 -0.00280848465062 0.0512816940645 -0.00530882671605 -0.000657207508922 -0.0184320476759 0.0192252290393 -0.00303780614117 0.000699238429103 -0.00161080116518 0.00276625877597 -0.0242240010965 0.000594837350423 -0.0199385156023 0.0155209514911 0.0171916362635 -0.0102640346698 0.000454230481738 -0.0138934146634 0.00299093521357 -0.0107262095042 -0.0157460831261 -0.00974055492903 -0.0208271392142 0.00652632099879 -0.019147464427 -0.0218957176164 -0.0113229858446 0.00335114786843 -0.00108895488637 0.0763739200385 0.0127861040631 0.010755731058 -0.0261148955494 -0.0101573682175 -0.0240217453815 -0.0163848146932 -0.01315089825 -0.00318160111748 -0.0371864034729 
0.0119136807672 -0.00477494152041 0.0333274735646 -0.00876127216361 -0.0132290565372 0.316150642119 0.0519007330559 -0.0194301240245 0.0341675994678 0.0242525941784 0.0249385541475 0.00125501302941 0.0125912736702 0.016142585655 0.0107759801544 0.0124345423179 0.0247792011726 0.00778793202326 -0.0174931517242 -0.0116634506216 0.0118244006279 0.00139736975806 0.0237929066005 0.0500456622883 0.00773254631769 0.00695862589746 0.0297427976729 0.0139472651387 0.0624086475228 0.020167589184 -0.0121565847659 0.0484480596956 0.0140095755161 -0.00611336149783 0.0203475874089 -0.0364349041549 0.0115822322056 -0.000543982818786 0.014257237681 0.0049659572574 0.0189247382568 -0.00619510967462 -0.00221500391987 0.0103272000487 0.0329402343828 0.0248033324074 0.0120925989371 0.0300640151951 0.0016037657469 0.00309749763813 
0.0164486701069 -0.0174032943161 0.0409043882023 -0.00682533775873 -0.000543536856435 0.0519007330559 0.637087755808 -0.00730977192343 0.0370465856354 0.0273664307119 0.0144492811901 -0.0161451630125 -0.0105887027329 0.0137378470884 -0.0111018138059 0.0475639375277 0.0400358067909 -0.000228600598416 0.0229910437412 0.0163741933289 -0.0111316793857 0.032087689705 -0.0239588408466 0.0062369441825 -0.0045788223683 0.0197692901457 0.0403134344042 0.00163565593235 0.00391945231893 0.0107118799834 -0.0035050275195 0.024330443678 0.0216554819814 0.021970514793 0.0051693385065 0.00641911503937 -0.00695316568852 -0.00419946223274 -0.000974667120742 -0.00335462211156 -0.00688680890688 0.0133901430946 -0.00443244481942 0.00992938708081 -0.0127632573911 -0.00331954426158 -0.00439655896176 -0.0419636874127 0.0163514818516 -0.00452978719028 
0.00623610328521 0.0165452176903 0.0269921714461 0.0181865210558 0.0277940628621 -0.0194301240245 -0.00730977192343 0.217038881447 -0.00323536348891 0.000811456309128 0.0219039572598 0.00957250997816 -0.00660095217812 -0.0141390935807 0.0197779842833 0.0229807558279 -0.00567596442394 -0.00580829864689 -0.023502448372 0.00290543196425 0.0217870415754 -0.00736244101237 -0.00482212800266 -0.00778914568937 0.0339078672365 -0.00171246814453 0.00454839467989 0.00850376579232 0.0137571064892 0.012484119395 0.0116175109011 -0.00730329309366 0.00437788299352 0.0610933036038 -0.0281599933752 0.00153380977022 0.0609166813012 -0.00097243591687 -0.00230124380753 0.00224668602063 0.00980601888195 0.0161645735118 -0.000755367556508 -0.00467969889673 -0.0226884102696 0.00920882129216 0.0262007935733 0.00705302533777 0.00584988623792 -0.000677665613121 
0.0367368916757 0.0102660125913 0.00519326119727 0.0114332739057 0.0031438447598 0.0341675994678 0.0370465856354 -0.00323536348891 0.826873722419 0.00196038289977 0.0313644376473 0.006337270135 0.0522543512796 0.0358005101214 0.0104517086693 0.0544864377064 0.205467703835 -0.00920888333003 0.00990502974074 -0.00695769080777 -0.00733549515554 -0.0126345164766 -0.010355573987 -0.0137191199666 0.0158916129609 0.00173847401903 0.0230983341951 0.079178385318 0.0101393166778 -0.0015212590819 0.00073182302119 0.0286547739858 0.00241302658189 0.0111335395387 0.0350160949704 -0.00859380711389 0.017226557805 0.175974306758 -0.0298930289581 0.00439081092002 0.000557956214698 0.00997106031721 -0.0273927645574 -0.0237916243231 0.0207150204021 -0.0194521044934 0.0099729352179 0.0131441785007 0.0121706788292 -0.0190196611024 
0.0184103001927 0.0130287473054 0.0237834758611 0.00841654700647 0.0106754709094 0.0242525941784 0.0273664307119 0.000811456309128 0.00196038289977 0.202630219882 0.0393391429828 0.000961065006304 0.00093944036826 0.0104637503267 0.0184893081254 -0.0129659878311 0.0205914556529 0.0189405101257 0.0527647806385 0.0430504933767 0.0200280373728 -0.00201167148094 0.0153405771104 0.00394849451115 0.012453139515 -0.0176238227745 0.0374374280691 0.00517775865018 0.00583730946057 0.021915093843 0.0151974710052 0.0336001187734 -0.00866137195881 0.0115575774204 0.00459423710725 0.0733333734772 -0.0135973315333 0.00781606293277 0.00788265476542 0.0301592849313 0.0135738654975 -0.00810374125675 0.00283857284012 0.00923630643831 0.0152385034977 -0.00494407988296 0.0158563797313 0.0160482485051 0.0387850891695 0.00320954317333 
0.0268449958883 0.0301646482332 0.0309522858791 0.0277436653361 -0.0162286562842 0.0249385541475 0.0144492811901 0.0219039572598 0.0313644376473 0.0393391429828 0.198503205081 0.0422043004754 0.00735962932951 0.0252944204869 0.0276727448171 0.0186144099095 0.0253690535114 0.00549222733424 0.0336196388584 0.0296342483663 0.0197071543165 0.0253372076467 0.0307884790509 0.0124160528226 0.023613767618 0.00923967364662 0.0441040486729 0.0363827771721 0.0228586345037 0.0211227390777 0.0222189790243 0.0486642397447 0.0362189703274 -5.75233508386e-05 0.0118487526478 0.0309548572915 0.0176639821193 -0.00424749975589 0.00988375271437 0.0326423966821 0.0253433008732 0.015807009707 0.0183866528861 0.0199071388423 0.0134906179824 0.0148073828311 0.0322669629406 0.0307199927536 0.0290636629866 0.0735129591161 
0.0738683903714 0.0686832353951 0.0432350543207 0.00480910706675 -0.00280848465062 0.00125501302941 -0.0161451630125 0.00957250997816 0.006337270135 0.000961065006304 0.0422043004754 0.483204090187 -0.00985312825746 -0.0211233317342 -0.00444488082522 0.0335033057068 0.0100841624909 -0.00503259973585 -0.0307753698606 -0.00375159177345 0.0155174753015 0.0252224965236 0.0259662318397 0.0039025701134 0.0274967050768 -0.00112209486879 0.0200539746041 0.00943510118788 0.0113160807723 0.0158359198838 0.0246503698301 0.00783847475079 0.0437211479255 -0.0142669759143 -0.00676241443492 -0.00527055908695 0.0228380473845 0.0174109992324 0.0147922487103 5.3805908299e-06 0.000611027112244 -0.00341590919209 0.0168468254901 -0.010711657657 0.0148257269061 0.0164673541267 -0.00332051048009 0.00357512475744 0.00464133176511 -0.0143422835381 
-0.00360911506001 0.00806830001756 0.0241100869643 0.0253347406307 0.0512816940645 0.0125912736702 -0.0105887027329 -0.00660095217812 0.0522543512796 0.000939440368261 0.00735962932951 -0.00985312825746 0.244485369548 -0.0200223479335 0.0121006426492 0.0102163436296 0.0111983895269 0.00870927159004 0.00477010733894 0.00680995701893 0.0123712296065 0.036798581804 0.000678952690648 0.0243643149477 0.0397418372898 0.00455953830363 0.032222552488 -0.00240059452194 0.0535793092308 0.0333727628848 0.00347761015788 0.0704683796816 0.0133218196447 0.00707782712851 0.0229685079232 0.00791718676256 -0.012979358161 0.0370426857831 0.0483695537297 0.0211125910269 0.01509064523 -0.0200818362319 0.0459303715111 0.00432751335422 0.00871881789766 0.00185598203832 0.0180515114187 0.0299874322121 0.0140638968952 -0.0291265820056 
-0.00181751686778 0.0214102364249 -0.00922181605242 0.00489688923233 -0.00530882671605 0.016142585655 0.0137378470884 -0.0141390935807 0.0358005101214 0.0104637503267 0.0252944204869 -0.0211233317342 -0.0200223479335 0.187925149265 0.0298589296866 -0.00553036343187 0.0131514137898 0.00296150546056 0.007229477625 0.00923615437518 0.0104226730016 0.00435969361927 0.00914286318382 0.0176857829054 0.0042120542398 -0.0191924079418 0.00172607147573 -0.00175207445711 0.0119624714066 0.0222360900981 0.00700273289947 0.0216301319591 0.0227299629701 -0.0110544511975 0.0157306060821 0.00602538524891 0.0151582373808 0.00581046749864 0.00788494041596 0.00563766656517 0.0167232312284 0.0119012086994 0.00179179357842 0.0103901163355 0.00216177826409 0.0164647649002 0.0111399069787 0.0416896732248 0.0133057424408 -0.00172221061382 
0.0104951088931 0.0298220757848 -0.0205591201468 0.0030184049622 -0.000657207508922 0.0107759801544 -0.0111018138059 0.0197779842833 0.0104517086693 0.0184893081254 0.0276727448171 -0.00444488082522 0.0121006426492 0.0298589296866 0.149692669284 0.00201127643294 -0.00790951025918 0.0188856037412 -0.00110940821467 0.0100684078338 0.0269496096665 0.00238337635111 -0.00380919858036 0.017487396252 0.0255025420998 0.00795868301359 0.0292691477649 0.0146606717543 0.0208272364528 0.0181701570946 0.0165673086955 0.0260402060224 0.0217636787045 -0.018364404485 0.0247151673637 -0.00560806786622 0.0118135270445 0.0220469318501 0.0157155529977 0.0325090976388 0.0103319609581 0.0304340438485 0.019936332738 0.0144983440447 0.00457035608324 0.0135027227429 0.027578601712 0.0230447514521 0.011682549794 -0.00238522096326 
0.0649857451975 0.0198869653527 0.019645072269 0.00793776732675 -0.0184320476759 0.0124345423179 0.0475639375277 0.0229807558279 0.0544864377064 -0.0129659878311 0.0186144099095 0.0335033057068 0.0102163436296 -0.00553036343187 0.00201127643294 0.492013025628 -0.00241679693685 0.0133754630879 0.00427597050837 0.00388803613553 0.014144760158 0.0224717494649 0.0169819093338 0.0490118947834 0.020974802048 0.00515810713876 -0.0171205799177 0.0019520670534 0.0354497073709 0.0233182707785 0.0325005033093 -0.00563637487227 0.0243921987634 0.0223850546143 -0.00450502280084 0.0492792793434 -0.00614375157132 0.0308571173322 0.010352901027 0.0108120594189 -0.0212208657506 0.0127419788532 -0.00438254868586 0.00393629010919 0.177693281645 0.0252643471324 0.0503198884659 0.00232183472368 -0.00761305392838 -0.0170339487641 
0.0145986148534 0.000291452754057 -0.0169000722947 -0.0022408297503 0.0192252290393 0.0247792011726 0.0400358067909 -0.00567596442394 0.205467703835 0.0205914556529 0.0253690535114 0.0100841624909 0.0111983895269 0.0131514137898 -0.00790951025918 -0.00241679693685 0.379692809552 -0.0010260195247 0.03447514482 0.0123361576303 0.00356295591232 0.0180715589741 -0.00131601719531 0.00603120175688 0.00311691130241 0.0277417298633 0.000224567355009 0.0843002829162 0.0169164641879 0.0343474795759 0.0141309332644 0.0338681714725 0.030075884305 0.0180742020326 0.0310119163313 0.0147578763672 0.0236624112404 -0.0284591486757 -0.00761153111597 0.00999650671595 -0.0104747785143 0.0261809113292 0.0178978193286 0.014725628834 0.0145763134816 0.00426499352358 0.000926005494895 0.0237889755772 0.00431311445656 0.0233595177678 
0.00804496496334 0.0150683949487 0.0368112254541 0.00244552108658 -0.00303780614117 0.00778793202326 -0.000228600598417 -0.00580829864689 -0.00920888333003 0.0189405101257 0.00549222733424 -0.00503259973585 0.00870927159004 0.00296150546056 0.0188856037412 0.0133754630879 -0.0010260195247 0.181688072447 -0.00874617921025 0.0198478277748 0.0246813895344 -0.00160730364098 0.015008360821 0.00813452640619 0.0133174002706 -0.00303108809981 -0.000498426539871 0.0125815931466 0.0232985843908 0.012330567431 0.0182752151187 0.0198350669766 1.31878599429e-05 0.00732872275537 0.0127636443473 0.0131662318645 0.0311617206001 0.0188284537585 0.0061319443732 0.0276045686009 -0.0157589138753 0.027884603934 0.0175035009953 0.0125819177489 0.0259232296847 0.0206060754264 0.0167725832991 0.0220089543168 0.0121827771186 0.000235117515756 
0.0457588155712 0.0797600181075 0.0279982438191 0.0405046488463 0.000699238429103 -0.0174931517242 0.0229910437412 -0.023502448372 0.00990502974074 0.0527647806385 0.0336196388584 -0.0307753698606 0.00477010733894 0.007229477625 -0.00110940821467 0.00427597050837 0.03447514482 -0.00874617921025 0.738524915085 0.011755313693 0.0100226723936 0.0140225896202 -0.0030538239276 -0.00915104970436 0.00455474048535 0.0154112082084 0.0391735179859 0.0130685656309 -0.0113392730511 -0.0103196892683 0.016867825692 0.0288269992787 0.0244878438926 0.0253564950782 0.00370942424326 0.184284172794 0.0414136174017 0.020364400743 -0.0101413122094 0.0227328279791 -0.0101923677042 -0.016486387188 -0.013366064039 0.00299767094857 0.00876777630607 -0.000512439989183 -0.00718277257427 0.0664191812286 0.0185260898519 0.0492745607759 
0.0101125305248 0.0367421375069 0.0226963152249 0.011305056175 -0.00161080116518 -0.0116634506216 0.0163741933289 0.00290543196425 -0.00695769080777 0.0430504933767 0.0296342483663 -0.00375159177345 0.00680995701893 0.00923615437518 0.0100684078338 0.00388803613553 0.0123361576303 0.0198478277748 0.011755313693 0.119677351035 0.00721638554196 0.00668693503181 0.00345687026381 0.00377470949195 0.0191888093577 -0.00153170276925 0.0114758677577 -0.0041901524883 0.0104035308772 0.0203065815516 0.00480412675706 0.0201148989622 0.00622646492076 0.00717538096606 0.00864797795868 0.0367985190088 -0.000302027515501 0.0173129437256 0.0102162431687 0.0241786063839 0.0381545688225 0.00261654839334 0.0130696105717 0.0128775273435 -0.00730371327431 0.00398239305007 0.0245040236636 0.0120474979137 0.0453564588061 0.0162071050027 
0.00686763813201 0.016988213247 -0.00956661125282 0.0166172495196 0.00276625877597 0.0118244006279 -0.0111316793857 0.0217870415754 -0.00733549515554 0.0200280373728 0.0197071543165 0.0155174753015 0.0123712296065 0.0104226730016 0.0269496096665 0.014144760158 0.00356295591232 0.0246813895344 0.0100226723936 0.00721638554196 0.126040123162 -0.00893050284947 0.00177471563132 0.00829648552259 0.0272182057005 -0.00381823435703 0.0250049550924 0.0222004867849 0.0187356750661 0.0138579649326 0.0136057911301 0.0162907694876 -0.00288167959178 0.00938553618298 0.011387238073 -0.00868421737678 0.0109530576377 0.0159005705397 0.0136227851577 0.0309753450138 0.016837200219 0.0176014048775 0.00734905402759 0.0106198409951 0.00451736172214 0.00586120554509 0.024591394401 0.0200532463752 0.0129842932027 0.00499221110782 
0.0076336851565 0.0207934953302 0.0209370171915 0.0423077976135 -0.0242240010965 0.00139736975806 0.032087689705 -0.00736244101237 -0.0126345164766 -0.00201167148094 0.0253372076467 0.0252224965236 0.036798581804 0.00435969361927 0.00238337635111 0.0224717494649 0.0180715589741 -0.00160730364098 0.0140225896202 0.00668693503181 -0.00893050284947 0.520774528516 0.00313930535899 0.00939170438736 0.0139961765932 -0.00290354578369 -0.00449534986686 0.0100948572391 0.0142208443965 0.00481322937724 0.00998751896228 0.0615640935233 0.0237419996526 0.00700091045378 0.0160007781519 0.0150998823192 0.00990767646111 -0.00387603106563 0.00615774148914 0.0208991757126 0.0112919513902 0.00603127097914 0.0206834812098 0.00215467745275 0.00213243652306 0.00901723079451 0.0112471927259 0.0185453814018 -0.00107379958456 0.02169633379 
0.00360857881275 0.0116770633029 0.0182562553248 -0.0016210533816 0.000594837350423 0.0237929066005 -0.0239588408466 -0.00482212800266 -0.010355573987 0.0153405771104 0.0307884790509 0.0259662318397 0.000678952690648 0.00914286318383 -0.00380919858036 0.0169819093338 -0.00131601719531 0.015008360821 -0.0030538239276 0.00345687026381 0.00177471563132 0.00313930535899 0.260547494753 -0.00732455725582 0.00986726792422 0.0218947579833 0.025610538665 0.000304096703549 0.0286328452778 0.00850608267089 0.0166620771394 0.034904744932 0.0426780741351 0.00315050089946 0.00933901369988 0.00189024274694 -0.000208451307915 0.0147632707227 0.0138678636842 0.0101080810154 0.00883907427059 0.00201946669541 0.0014806447193 0.0229045475564 0.0104973783201 0.0142169452773 -0.00315072200614 -0.00544049407539 0.00587218681017 -0.00453961222001 
0.0231871045142 0.0289820738297 0.0434017637113 0.0193359470297 -0.0199385156023 0.0500456622883 0.0062369441825 -0.00778914568937 -0.0137191199666 0.00394849451114 0.0124160528226 0.0039025701134 0.0243643149477 0.0176857829054 0.017487396252 0.0490118947834 0.00603120175688 0.00813452640619 -0.00915104970435 0.00377470949195 0.00829648552259 0.00939170438736 -0.00732455725582 0.319837880634 0.00176997669917 0.00716798207221 0.0381896847512 0.00668167162982 0.0459126735706 0.0179454307014 0.0293978855034 0.0230310210172 0.0152774950048 0.017957251673 0.026819344963 0.0153373880282 0.0682539414087 0.0268355490528 0.0335132194625 0.0138056150339 0.0459492753835 0.00616388289075 0.00662445629685 0.0183107897388 0.0790202535064 0.0255702802596 0.00725781679842 0.0279321600935 0.00192785485748 -0.00211368541812 
0.0132107347788 0.0313929053481 0.0301067502766 0.0203712438784 0.0155209514911 0.00773254631769 -0.0045788223683 0.0339078672365 0.0158916129609 0.012453139515 0.023613767618 0.0274967050768 0.0397418372898 0.0042120542398 0.0255025420998 0.020974802048 0.00311691130241 0.0133174002706 0.00455474048535 0.0191888093577 0.0272182057005 0.0139961765932 0.00986726792422 0.00176997669917 0.212368517081 0.00704950694989 0.0289260868623 0.00781778693218 0.0137288687073 0.0125253697098 0.0181321335544 0.0407069757481 0.0455642055165 0.0311353976617 0.0129798658452 0.0277546114687 0.0381082033364 0.0150423676895 0.00892851388142 0.0254038855441 0.021492402792 0.000608727523486 0.0228795166602 0.0257737884344 -0.00748730683469 -0.00392856614458 0.0170243528198 0.0262918439611 0.0162766603804 0.0149621739011 
0.0106066308185 0.0195538741107 -0.00891231832295 0.00174353238564 0.0171916362635 0.00695862589746 0.0197692901457 -0.00171246814453 0.00173847401903 -0.0176238227745 0.00923967364662 -0.00112209486879 0.00455953830363 -0.0191924079418 0.00795868301359 0.00515810713876 0.0277417298633 -0.00303108809982 0.0154112082084 -0.00153170276925 -0.00381823435703 -0.00290354578369 0.0218947579833 0.00716798207221 0.00704950694989 0.362238112252 0.0440780074367 0.0263503788508 0.0112337879373 -0.00925579767554 -0.0262444143478 -0.0146606645501 0.0107147781168 -0.00729579332392 0.0129441743832 0.0275875833227 0.00784881148291 -0.00357106014328 -0.0135787530181 -0.0122045879988 0.00055666941294 0.0302994532371 0.00957113326018 0.00714772737474 -0.00796036637441 0.0126785197844 -0.00154469746911 0.0886037536145 0.00140239154033 -0.0145866462918 
0.0480315866819 0.0269781865538 -0.000468912357174 0.0276780481097 -0.0102640346698 0.0297427976729 0.0403134344042 0.00454839467989 0.0230983341951 0.0374374280691 0.0441040486729 0.0200539746041 0.032222552488 0.00172607147573 0.0292691477649 -0.0171205799177 0.000224567355009 -0.000498426539871 0.0391735179859 0.0114758677577 0.0250049550924 -0.00449534986686 0.025610538665 0.0381896847512 0.0289260868623 0.0440780074367 0.3842021942 0.00694833895205 0.0194266078246 -0.00229183396439 0.0159330274628 0.0350722029503 0.0628829155205 -0.012807083854 0.0117786474068 0.0405833601106 0.0233876442599 0.0436443197519 0.0198107520233 0.0278911251198 0.0503529749162 0.0267862794145 -0.00418004856918 0.0176754041522 0.0311090593019 0.00844625430276 0.0206532360342 0.0524723782866 0.0131944761946 -0.023589530826 
0.0165239083133 0.00164921278262 0.0181959669471 0.0118950995938 0.000454230481738 0.0139472651387 0.00163565593235 0.00850376579232 0.079178385318 0.00517775865018 0.0363827771721 0.00943510118788 -0.00240059452194 -0.00175207445711 0.0146606717543 0.0019520670534 0.0843002829162 0.0125815931466 0.0130685656309 -0.0041901524883 0.0222004867849 0.0100948572391 0.000304096703549 0.00668167162982 0.00781778693218 0.0263503788508 0.00694833895205 0.15787418759 0.00996693702126 0.018390844048 0.0010674096798 0.0204975911407 0.0029556340148 0.0340788567469 0.0327011285531 0.0385577009565 0.0145999772845 -0.0117079952263 0.013219459497 0.0165771995161 0.0156787771225 0.01941934327 -0.00570331204811 -0.00263295417407 0.00940962618705 0.0075365680057 0.0056076703952 0.0482431330136 0.00625457900099 -0.00410275828547 
0.0578865332578 0.0331186781321 0.0400872806571 0.0138883319339 -0.0138934146634 0.0624086475228 0.00391945231892 0.0137571064892 0.0101393166778 0.00583730946057 0.0228586345037 0.0113160807723 0.0535793092308 0.0119624714066 0.0208272364528 0.0354497073709 0.0169164641879 0.0232985843908 -0.0113392730511 0.0104035308772 0.0187356750661 0.0142208443965 0.0286328452778 0.0459126735706 0.0137288687073 0.0112337879373 0.0194266078246 0.00996693702126 0.265285303952 0.0402054681068 0.00667354659629 0.0339869185234 0.0502797463321 0.0118751065468 0.0184017886963 -0.00343948598649 0.0591606316768 0.00954070779954 0.0302318654118 0.0284319203849 0.0268432592058 0.0234182625075 0.0156751782845 0.0303523028146 0.0133540646084 0.00581426132798 0.021894100132 0.0592757712402 -0.00300050113525 -0.0160442787714 
0.00237246296737 -0.0138181442981 0.01215187181 0.00947106701534 0.00299093521357 0.020167589184 0.0107118799834 0.012484119395 -0.0015212590819 0.021915093843 0.0211227390777 0.0158359198838 0.0333727628848 0.0222360900981 0.0181701570946 0.0233182707785 0.0343474795759 0.012330567431 -0.0103196892683 0.0203065815516 0.0138579649326 0.00481322937724 0.00850608267089 0.0179454307014 0.0125253697098 -0.00925579767554 -0.00229183396439 0.018390844048 0.0402054681068 0.182083541132 0.00384469374361 0.0332022919153 0.0292370257738 0.00667422980173 0.0396101079465 0.0181569165506 0.00678075179238 -0.0125234100753 0.0319651392553 0.0152133976919 0.0201316231272 0.00918999261943 0.0179540361218 -0.00777868414028 0.0326371803189 0.0141235344662 0.0314940311658 0.0378181253921 0.0235276265636 -0.00416624433626 
0.0381457849373 0.0479496673311 0.0312206233897 0.0255100831397 -0.0107262095042 -0.0121565847659 -0.0035050275195 0.0116175109011 0.00073182302119 0.0151974710052 0.0222189790243 0.0246503698301 0.00347761015788 0.00700273289947 0.0165673086955 0.0325005033093 0.0141309332644 0.0182752151187 0.016867825692 0.00480412675706 0.0136057911301 0.00998751896228 0.0166620771394 0.0293978855034 0.0181321335544 -0.0262444143478 0.0159330274628 0.0010674096798 0.00667354659629 0.00384469374361 0.284907509694 -0.0106780088815 -0.00270619946621 0.010586001198 0.00983712316927 0.0215736607813 0.0216338466023 0.0298283843562 0.00868732383873 0.0148213049446 0.0102772304251 0.0175227613271 0.00961114841149 0.000696978414331 0.00608056502004 0.102449978312 0.0108678427068 0.0103847926718 0.00138419894911 0.0031008305496 
0.00776174012625 -0.0046187315497 0.026730808529 0.0149430576493 -0.0157460831261 0.0484480596956 0.024330443678 -0.00730329309366 0.0286547739858 0.0336001187734 0.0486642397447 0.00783847475079 0.0704683796816 0.0216301319591 0.0260402060224 -0.00563637487227 0.0338681714725 0.0198350669766 0.0288269992787 0.0201148989622 0.0162907694876 0.0615640935233 0.034904744932 0.0230310210172 0.0407069757481 -0.0146606645501 0.0350722029503 0.0204975911407 0.0339869185234 0.0332022919153 -0.0106780088815 0.332323938325 0.013382430574 0.00264213558544 0.0223507659476 0.0221939593922 -0.00300067674735 0.00275627610235 0.0447699116483 0.0405018069709 0.0158966661273 0.0112830261967 0.0350551879193 0.0371741988416 0.0272079718531 0.0184532385264 0.00309471228356 0.0404551508837 0.025327357523 -0.0776128006818 
0.0427998974182 0.0430420834608 0.0339548138403 0.0137056038981 -0.00974055492903 0.0140095755161 0.0216554819814 0.00437788299352 0.00241302658189 -0.00866137195881 0.0362189703274 0.0437211479255 0.0133218196447 0.0227299629701 0.0217636787045 0.0243921987634 0.030075884305 1.3187859943e-05 0.0244878438926 0.00622646492076 -0.00288167959178 0.0237419996526 0.0426780741351 0.0152774950048 0.0455642055165 0.0107147781168 0.0628829155205 0.0029556340148 0.0502797463321 0.0292370257738 -0.00270619946621 0.013382430574 0.352392114373 0.0251957090815 0.0240009927706 -0.00791302591542 0.033956691172 0.00160940010567 0.00999613078809 0.0221616592993 -0.00374460743452 -3.19278666033e-05 0.00957477714121 0.0115579089914 -0.00452286384758 0.0120689101023 -0.00550713069361 0.0118409172648 -0.00250346123967 -0.00110277348137 
0.00707780951152 0.0191756634645 0.0541843216501 0.00893700787055 -0.0208271392142 -0.00611336149783 0.021970514793 0.0610933036038 0.0111335395387 0.0115575774204 -5.75233508385e-05 -0.0142669759143 0.00707782712851 -0.0110544511975 -0.018364404485 0.0223850546143 0.0180742020326 0.00732872275537 0.0253564950782 0.00717538096606 0.00938553618298 0.00700091045378 0.00315050089946 0.017957251673 0.0311353976617 -0.00729579332392 -0.012807083854 0.0340788567469 0.0118751065468 0.00667422980173 0.010586001198 0.00264213558544 0.0251957090815 0.492808884624 0.00823885282609 0.0226295429742 0.0133576069952 0.0248671971868 -0.00210884246881 -0.00569430143082 0.00282900997949 -0.0233329365126 0.0177104951113 0.0238170714838 0.0142205023236 0.0108304964582 0.0149649700229 0.0154047492229 0.0134646796156 0.00293576074622 
0.00806342493472 0.0130371087964 0.0233148822121 0.0210499070659 0.00652632099879 0.0203475874089 0.0051693385065 -0.0281599933752 0.0350160949704 0.00459423710725 0.0118487526478 -0.00676241443492 0.0229685079232 0.0157306060821 0.0247151673637 -0.00450502280084 0.0310119163313 0.0127636443473 0.00370942424326 0.00864797795868 0.011387238073 0.0160007781519 0.00933901369988 0.026819344963 0.0129798658452 0.0129441743832 0.0117786474068 0.0327011285531 0.0184017886963 0.0396101079465 0.00983712316927 0.0223507659476 0.0240009927706 0.00823885282609 0.176841739685 0.0346582883919 -0.00186788308569 0.000691431708948 0.0156841684108 0.0352669935689 0.0214107343292 0.0105810385664 -0.001627864516 0.00387595873457 0.0138703316027 0.0159043859494 0.0221477645906 0.0595174587664 0.0223218739325 -0.0239857098246 
0.0210743445326 0.0142735170926 0.066071944038 0.0150647345123 -0.019147464427 -0.0364349041549 0.00641911503937 0.00153380977022 -0.00859380711389 0.0733333734772 0.0309548572915 -0.00527055908695 0.00791718676256 0.00602538524891 -0.00560806786622 0.0492792793434 0.0147578763672 0.0131662318645 0.184284172794 0.0367985190088 -0.00868421737678 0.0150998823192 0.00189024274694 0.0153373880282 0.0277546114687 0.0275875833227 0.0405833601106 0.0385577009565 -0.00343948598649 0.0181569165506 0.0215736607813 0.0221939593922 -0.00791302591542 0.0226295429742 0.0346582883919 0.582365361654 0.00059554462428 0.00310015322107 0.0240667438932 0.0403344315502 0.0143387141647 0.00881710289819 0.0107937094328 -0.0197492130859 -0.0134088722218 -0.0131816774608 -0.00831747330555 0.0632514381925 0.0292511584684 0.0913624302868 
0.0409181679723 0.113434017803 -0.0136956935088 0.0130490926926 -0.0218957176164 0.0115822322056 -0.00695316568852 0.0609166813012 0.017226557805 -0.0135973315333 0.0176639821193 0.0228380473845 -0.012979358161 0.0151582373808 0.0118135270445 -0.00614375157132 0.0236624112404 0.0311617206001 0.0414136174017 -0.0003020275155 0.0109530576377 0.00990767646111 -0.000208451307915 0.0682539414087 0.0381082033364 0.00784881148291 0.0233876442599 0.0145999772845 0.0591606316768 0.00678075179237 0.0216338466023 -0.00300067674735 0.033956691172 0.0133576069952 -0.00186788308569 0.00059554462428 0.359766194169 0.04881354119 0.0163792196622 0.016778168964 0.00438314413839 0.00480587342776 0.0117898730949 0.0215302792222 0.0230541394452 0.0279560874485 0.00251255680363 0.0437776472801 -0.0090426179198 -0.0109259420891 
0.0322930684049 0.0807748297378 -0.00883860516066 0.0050953623243 -0.0113229858446 -0.000543982818786 -0.00419946223274 -0.00097243591687 0.175974306758 0.00781606293277 -0.00424749975589 0.0174109992324 0.0370426857831 0.00581046749864 0.0220469318501 0.0308571173322 -0.0284591486757 0.0188284537585 0.020364400743 0.0173129437256 0.0159005705397 -0.00387603106563 0.0147632707227 0.0268355490528 0.0150423676895 -0.00357106014328 0.0436443197519 -0.0117079952263 0.00954070779954 -0.0125234100753 0.0298283843562 0.00275627610235 0.00160940010567 0.0248671971868 0.000691431708948 0.00310015322107 0.04881354119 0.410761013377 -0.00495036540057 0.00670495036127 0.0270483206597 0.00287340315795 -0.011158894153 0.000190550908642 0.0205461492129 0.00344617452096 0.0147304854545 -0.00502024371644 0.00247215125651 -0.00479157308486 
0.00860123819712 0.0431842698884 0.0197500000211 0.0294505176703 0.00335114786843 0.014257237681 -0.000974667120742 -0.00230124380753 -0.0298930289581 0.00788265476542 0.00988375271437 0.0147922487103 0.0483695537297 0.00788494041596 0.0157155529977 0.010352901027 -0.00761153111597 0.0061319443732 -0.0101413122094 0.0102162431687 0.0136227851577 0.00615774148914 0.0138678636842 0.0335132194625 0.00892851388142 -0.0135787530181 0.0198107520233 0.013219459497 0.0302318654118 0.0319651392553 0.00868732383873 0.0447699116483 0.00999613078809 -0.00210884246881 0.0156841684108 0.0240667438932 0.0163792196622 -0.00495036540057 0.178166746387 0.0106005505082 0.0236871509792 0.00975360476833 0.0190980551401 0.0138621974464 0.00330437644949 -0.00107309932398 0.0164311594451 0.0179561585793 0.00635988463045 -0.0223095667895 
0.0138915016764 0.0155165265641 0.0254154937006 0.0166765141333 -0.00108895488637 0.0049659572574 -0.00335462211156 0.00224668602063 0.00439081092002 0.0301592849313 0.0326423966821 5.38059082986e-06 0.0211125910269 0.00563766656517 0.0325090976388 0.0108120594189 0.00999650671595 0.0276045686009 0.0227328279791 0.0241786063839 0.0309753450138 0.0208991757126 0.0101080810154 0.0138056150339 0.0254038855441 -0.0122045879988 0.0278911251198 0.0165771995161 0.0284319203849 0.0152133976919 0.0148213049446 0.0405018069709 0.0221616592993 -0.00569430143082 0.0352669935689 0.0403344315502 0.016778168964 0.00670495036127 0.0106005505082 0.151660773544 0.0209337273331 0.0116715908886 0.00689386951612 0.0225506650292 0.0158257745674 0.0124393059725 0.0139788748531 0.0477079198512 0.0227080949474 -0.0115655970712 
0.0259930184435 0.0392164800548 -0.00725021753347 0.0285592488584 0.0763739200385 0.0189247382568 -0.00688680890688 0.00980601888195 0.000557956214697 0.0135738654975 0.0253433008732 0.000611027112244 0.01509064523 0.0167232312284 0.0103319609581 -0.0212208657506 -0.0104747785143 -0.0157589138753 -0.0101923677042 0.0381545688225 0.016837200219 0.0112919513902 0.00883907427059 0.0459492753835 0.021492402792 0.00055666941294 0.0503529749162 0.0156787771225 0.0268432592058 0.0201316231272 0.0102772304251 0.0158966661273 -0.00374460743452 0.00282900997949 0.0214107343292 0.0143387141647 0.00438314413839 0.0270483206597 0.0236871509792 0.0209337273331 0.23064953652 0.0215838190093 0.0017399623966 0.00419542067858 0.0150314431656 0.00566370539485 0.00569194901566 0.0457400662933 0.0163747215966 -0.0148192153646 
0.00179911704856 0.0276817135671 -0.00665141051812 -0.0029009352949 0.0127861040631 -0.00619510967463 0.0133901430946 0.0161645735118 0.00997106031721 -0.00810374125675 0.015807009707 -0.00341590919209 -0.0200818362319 0.0119012086994 0.0304340438485 0.0127419788532 0.0261809113292 0.027884603934 -0.016486387188 0.00261654839334 0.0176014048775 0.00603127097914 0.00201946669541 0.00616388289075 0.000608727523486 0.0302994532371 0.0267862794145 0.01941934327 0.0234182625075 0.00918999261943 0.0175227613271 0.0112830261967 -3.19278666033e-05 -0.0233329365126 0.0105810385664 0.00881710289819 0.00480587342776 0.00287340315795 0.00975360476833 0.0116715908886 0.0215838190093 0.217302838847 8.04886046726e-05 0.00888228919878 0.0225431596659 0.0235947233426 0.0224775342404 0.0412906652271 0.000495498461796 -0.000935410949267 
0.00533770156826 0.0282056366374 -0.0130403952129 -0.00740938222089 0.010755731058 -0.00221500391987 -0.00443244481942 -0.000755367556508 -0.0273927645574 0.00283857284012 0.0183866528861 0.0168468254901 0.0459303715111 0.00179179357842 0.019936332738 -0.00438254868586 0.0178978193286 0.0175035009953 -0.013366064039 0.0130696105717 0.00734905402759 0.0206834812098 0.0014806447193 0.00662445629685 0.0228795166602 0.00957113326018 -0.00418004856918 -0.00570331204811 0.0156751782845 0.0179540361218 0.00961114841149 0.0350551879193 0.00957477714121 0.0177104951113 -0.001627864516 0.0107937094328 0.0117898730949 -0.011158894153 0.0190980551401 0.00689386951612 0.0017399623966 8.04886046725e-05 0.165408534364 0.0277224780588 0.00728888132071 0.0442356312166 -0.000378320670406 0.0173140706527 0.00465387346124 -0.018927383391 
0.0246965816773 0.0431763583166 0.00875965036488 -0.00570878886393 -0.0261148955494 0.0103272000487 0.00992938708081 -0.00467969889673 -0.0237916243231 0.00923630643831 0.0199071388423 -0.010711657657 0.00432751335422 0.0103901163355 0.0144983440447 0.00393629010919 0.014725628834 0.0125819177489 0.00299767094857 0.0128775273435 0.0106198409951 0.00215467745275 0.0229045475564 0.0183107897388 0.0257737884344 0.00714772737474 0.0176754041522 -0.00263295417407 0.0303523028146 -0.00777868414028 0.000696978414331 0.0371741988416 0.0115579089914 0.0238170714838 0.00387595873457 -0.0197492130859 0.0215302792222 0.000190550908642 0.0138621974464 0.0225506650292 0.00419542067858 0.00888228919878 0.0277224780588 0.220518489571 0.0250801464687 0.0075384480631 -0.000223350534726 0.0284587342225 0.0214436438752 -0.00795457556306 
0.0524358841628 -0.0111832300658 0.0156194565493 0.00616599244508 -0.0101573682175 0.0329402343828 -0.0127632573911 -0.0226884102696 0.0207150204021 0.0152385034977 0.0134906179824 0.0148257269061 0.00871881789766 0.00216177826409 0.00457035608324 0.177693281645 0.0145763134816 0.0259232296847 0.00876777630607 -0.00730371327431 0.00451736172214 0.00213243652306 0.0104973783201 0.0790202535064 -0.00748730683469 -0.00796036637441 0.0311090593019 0.00940962618705 0.0133540646084 0.0326371803189 0.00608056502004 0.0272079718531 -0.00452286384758 0.0142205023236 0.0138703316027 -0.0134088722218 0.0230541394452 0.0205461492129 0.00330437644949 0.0158257745674 0.0150314431656 0.0225431596659 0.00728888132071 0.0250801464687 0.397811888411 0.0155716322636 0.0196955641422 0.0251685113904 0.00293446804242 -0.0130991439606 
-0.00482734085184 0.0390311548421 -0.00699723827902 0.0087259317269 -0.0240217453815 0.0248033324074 -0.00331954426158 0.00920882129216 -0.0194521044934 -0.00494407988296 0.0148073828311 0.0164673541267 0.00185598203832 0.0164647649002 0.0135027227429 0.0252643471324 0.00426499352358 0.0206060754264 -0.000512439989183 0.00398239305007 0.00586120554509 0.00901723079451 0.0142169452773 0.0255702802596 -0.00392856614458 0.0126785197844 0.00844625430276 0.0075365680057 0.00581426132798 0.0141235344662 0.102449978312 0.0184532385264 0.0120689101023 0.0108304964582 0.0159043859494 -0.0131816774608 0.0279560874485 0.00344617452096 -0.00107309932398 0.0124393059725 0.00566370539485 0.0235947233426 0.0442356312166 0.0075384480631 0.0155716322636 0.271613173869 0.00863941836435 0.0613807434722 0.00451268184034 0.0212653813915 
0.0110331821586 0.0283363854283 -0.00954233886217 0.0241858869126 -0.0163848146932 0.0120925989371 -0.00439655896176 0.0262007935733 0.0099729352179 0.0158563797313 0.0322669629406 -0.00332051048009 0.0180515114187 0.0111399069787 0.027578601712 0.0503198884659 0.000926005494895 0.0167725832991 -0.00718277257427 0.0245040236636 0.024591394401 0.0112471927259 -0.00315072200614 0.00725781679842 0.0170243528198 -0.00154469746911 0.0206532360342 0.0056076703952 0.021894100132 0.0314940311658 0.0108678427068 0.00309471228356 -0.00550713069361 0.0149649700229 0.0221477645906 -0.00831747330555 0.00251255680363 0.0147304854545 0.0164311594451 0.0139788748531 0.00569194901566 0.0224775342404 -0.000378320670406 -0.000223350534726 0.0196955641422 0.00863941836435 0.148775763633 0.042009587751 0.0198827062842 0.0384158848549 
