50
0.357744060202 0.0445332570478 0.0437038130991 0.0609589558998 0.100220943784 0.0415097954764 0.0762578269544 0.0283464571838 0.0170349265424 0.0277880817415 0.0224960645228 0.0639224219563 0.125568601155 0.05514883533 0.0411806556966 0.0598638009539 0.142595623168 0.101218808556 0.067616439087 0.070293401022 0.106356452037 0.0594362545722 0.0637259516476 0.00787829448736 0.0402434153999 -0.0014382556632 0.0791171504464 0.0444735285872 0.0431815223905 0.0172601721071 0.165275344352 0.176385145314 0.0132966740539 -0.00773505516991 0.100886603299 0.104921073146 0.0363676427781 0.114977551813 0.110374427341 0.0493934577213 0.105790500039 0.0358419118375 0.0407864154506 0.204332601919 0.0316067218978 0.0110311255814 0.0913653440874 0.161692830297 0.0519302207626 0.0445346556631 
2.74358911678 -0.00771729580302 0.0130672776352 0.0351352938067 0.894622484253 0.00723094001109 0.0304248136783 0.00515094425647 0.00328036098256 -0.0171657434641 -0.00307980887497 0.020462135292 0.0584886590484 0.0190849068366 -0.00896582353747 0.0357731969268 -0.0304197279192 0.0181532779766 0.010658456781 0.111925042459 0.11579905136 0.0161270994761 -0.0141305941262 0.0117553302787 0.000654685311033 0.000657581596994 -0.0333391049041 0.000336928997655 0.0521199298288 0.00585795579637 0.0312423791541 0.00476492159465 -0.00439275205833 0.0075835734689 -0.00633773061732 0.00043835313562 -0.0128420228847 0.00995514959094 0.0212074674803 0.00225075249912 -0.0123222114309 0.044306890616 0.000236468384681 0.0192490142797 -0.00777778321483 0.00948948224859 0.00947902036869 0.0519799313679 0.00236247981831 -0.0312954583484 
-0.00771729580302 0.171193772657 0.0156092319892 0.00759602647839 0.00920242352538 -0.0128826672934 -0.00476771007955 0.00399150366334 0.02552158226 0.000158892350751 0.00092581580222 0.00647042983304 -0.0303526620748 0.0163483845507 0.0058645282522 0.00630862895525 0.0184880974611 0.0125297488442 0.0433104872795 -0.0160312273527 -0.00550890729058 0.0242573133105 0.0149009862189 0.0058412305464 0.0186693234823 0.0063919344159 0.00543474628834 0.01079367941 0.0159174230252 -0.00645318000745 0.0105520954864 0.014884683805 0.0421626931427 0.0121482288602 -0.0103442520236 0.013082636759 0.0183387315343 0.0156127240637 0.0006804585411 0.00655231530135 0.00713401418138 0.00428373108755 0.0243750886413 -0.0178285238355 0.01340351892 0.00739527737507 0.0231095672528 -0.00214419012429 0.00249454699562 0.00282831583529 
0.0130672776352 0.0156092319892 0.199175457189 0.0368701332786 0.00843790223776 0.00179863080536 0.0179316638845 0.0147711363721 0.0159623731121 0.0117885104835 0.0171630803296 0.0289099095013 0.0149638982421 -3.87731034279e-05 0.00960080319797 0.0194111038625 0.0244744211525 0.0383814342773 0.0174225808417 0.0162224608446 0.0301405255245 0.00477566512214 0.00241438831869 0.00633450621479 0.00888817722885 -0.00733995298756 0.00983547696931 0.030303858735 0.0087118313895 0.0133551756032 -0.0221628269819 0.0222295892245 0.00461003092036 0.0218719819223 0.00806423236861 0.0252243943301 0.0174216078135 0.0458613301321 0.0278428760636 0.0162612084166 0.00830181155609 0.00189568053455 0.0299761918456 -0.00915666193138 0.0148654731404 0.00700719657026 0.0280349559012 -0.00542445167749 0.0238847544149 0.0220919055233 
0.0351352938067 0.00759602647839 0.0368701332786 0.425284572127 0.0342468673937 -0.00720749336599 0.00841893766075 0.0205735682168 0.000137718274731 0.0228887270634 0.0406616763941 0.0177715766669 0.0408425552957 0.00434565987558 0.0287830266666 0.00389504865822 0.0349402773019 0.0990621205496 0.0101750945109 0.0419483551787 0.00827278180782 0.0282436036851 0.0226080179381 0.00548785802521 0.019825295667 0.0356954776477 0.0393650232846 0.0412585903855 0.0158065285522 0.0208472802894 0.008756527988 0.0255173516953 0.00605026983957 0.00250030349654 -0.0067012229594 0.0220528574368 0.0232615910222 -0.0148066137813 0.00477780436123 0.0123685160105 0.0276470954196 0.0128191784476 0.0276132182754 0.0130986381369 0.0270887863482 0.0167161419308 0.0243874622704 -0.0267601260078 0.00693350109404 -0.00385091809073 
0.894622484253 0.00920242352538 0.00843790223776 0.0342468673937 0.663064803841 0.00317689625215 -0.00338679674289 0.0171344281147 0.00893062540694 -2.07442569771e-05 0.0052573991836 -0.00471529104977 0.0352529845306 0.0189006699012 -0.00767978850082 0.0184678302122 0.00783582679885 0.00847239382067 -0.0273029975939 0.0540937142778 0.0667940967197 0.0392498274627 0.0155330807301 0.0157241346198 0.0121708155465 0.019128675269 -0.0183074986698 -0.00358721064699 0.0158477305244 0.0140158265617 0.0130238933437 -0.00774976320481 0.0309029899417 -0.00552666066031 0.00867875876574 0.00625161172898 0.0252405179008 0.0368185983589 0.00646288006329 -0.00327351669657 -0.0130435172174 0.00942358988103 0.00810145252834 0.0119766358174 0.0243066044368 0.00391079613339 0.00756404600084 0.0313105948861 0.00364735202725 0.0339933398162 
0.00723094001109 -0.0128826672934 0.00179863080536 -0.007207493366 0.00317689625215 0.353711475075 0.139187470023 0.0138928741814 0.00557505499141 0.00992876221031 0.0102735059887 0.0161041621566 0.014664630331 0.156579277301 0.00645798564096 0.0127612201603 0.0236322490594 -0.0158836120014 0.0204720279059 0.0213283513365 0.148277155161 0.0115854621278 0.0286488304711 -0.0178784664183 -0.00712422162927 0.0036108412251 0.0281088282415 0.000929317809385 -0.00920046376387 0.0212029951365 -0.0122310719473 0.0154312917133 -0.0175806629684 0.00742572091462 -0.0169720960483 0.0369231196657 -0.000205914277404 -0.0045878428644 0.170392452016 0.00667559648935 0.00691541432607 0.00808069837235 0.0187966824591 0.0922620577862 0.00873506455407 0.0143662128408 0.000850396231657 0.0116225246846 0.0319575452612 0.0656356485067 
0.0304248136783 -0.00476771007955 0.0179316638845 0.00841893766076 -0.00338679674289 0.139187470023 0.410707067827 0.000343144458129 0.00246372004038 0.00669295055218 0.00812161831859 0.0917635242897 0.0024132036992 0.100679284302 -0.00786089969414 0.0297674410743 0.015362125097 0.00144694982808 0.0207774536083 0.0201269928607 0.107904289715 0.00725591853389 0.0100484826285 0.00441128271325 -0.0121741081302 -0.0206653357645 0.0300351558946 0.00782834167869 0.00327076917646 0.0134900470086 0.00362377961058 0.0342462005964 -0.00123653064944 0.0210221169516 0.00644533074257 0.011077084151 0.00428557495366 0.0358539166064 0.141756039453 0.0194929980114 0.0132466751694 0.0106169474102 0.0176430351453 0.0430245564994 0.0193744559002 0.0206657248848 0.0227709014263 0.000695828623803 0.0569644322208 0.131061025819 
0.00515094425647 0.00399150366334 0.0147711363721 0.0205735682168 0.0171344281147 0.0138928741814 0.000343144458129 0.182469499227 0.0126719698661 0.0154952305628 0.0168961580218 0.0282053127833 0.00990118191016 -0.011709228271 0.0202908990807 0.0138479817761 0.00982782796086 0.0247301524168 0.029930237742 0.0140063782388 0.0193793307052 0.00453949702968 0.0080634151956 0.0116521268669 0.02075482019 -0.00362682597459 0.0188955753788 0.0161669037318 0.0247535612342 0.00647259077913 -0.0207119645739 0.014065671654 0.0121069740165 0.00702265514151 0.0106151675824 0.0182895664248 0.00787234252713 0.0171464263102 -0.000308170009995 0.0151926912393 0.00681990245462 0.0250527064016 0.0233374195957 -0.0152041021799 0.0176632468483 0.0103778911487 0.0190343493592 0.0314266524786 0.0113867937913 0.013617030067 
0.00328036098256 0.02552158226 0.0159623731121 0.00013771827473 0.00893062540694 0.00557505499141 0.00246372004038 0.0126719698661 0.191973289985 0.0360215802015 0.0218988294641 0.0193982221261 0.00444667727456 0.0137701905703 0.0245267152591 0.0334965076368 0.0308457144046 0.0163102362408 0.0264044811791 -0.00526266573101 -0.00836806517328 0.00762007883086 -0.006057347702 -0.00073722387749 0.0108802079094 0.00395431944012 0.0151755783691 0.0128653741566 0.00183079847313 0.016823552452 0.00936887168634 0.0121686423489 0.0283269435235 0.0166058430869 -0.00634313073743 0.0388329703908 0.022389915991 0.0102382342063 0.00833210202865 0.032139166751 0.0311055280508 0.00376599899044 0.00605659367667 -0.0187789307553 0.0377202521723 0.0190668953053 0.0136184794578 0.0189898079885 0.0130049430436 0.0149000379318 
-0.0171657434641 0.00015889235075 0.0117885104835 0.0228887270634 -2.07442569772e-05 0.00992876221031 0.00669295055217 0.0154952305628 0.0360215802015 0.160708052608 0.0200418906176 0.0104931345809 0.0305513690576 -0.0118095035568 0.00838568403178 0.0235900177661 0.0263849246125 0.0181945042221 0.0189032001797 0.00139123667893 0.0390485101141 -0.000128710159859 0.00305702024781 0.0168507233127 0.00982543971197 0.000427324952861 0.0215799393845 0.0170057796276 -0.00138572649966 0.0165034258714 0.0184362925002 0.00364050088448 0.00685786559888 0.010386718192 0.0033384656162 0.0149566825458 0.0224377361702 0.00673501374204 0.00542586703258 0.0109209310742 0.0179632001186 0.00647359877461 0.0142251458808 -0.00783919660409 0.0443459779566 0.0168867433022 0.0222147821678 0.0363040351782 0.0180777844676 0.0295669331019 
-0.00307980887497 0.000925815802222 0.0171630803296 0.0406616763941 0.0052573991836 0.0102735059887 0.00812161831859 0.0168961580218 0.0218988294641 0.0200418906176 0.196694652991 0.0119457262394 -0.0143524440125 -0.00710691858991 0.0208053228663 0.0288325145687 0.015740490211 0.0233745854259 0.0128959338664 0.0242268346498 0.00809681835383 0.00592642739812 0.0174252202999 0.00295303362213 0.013127421988 0.0165491948564 0.0188141466889 0.00481416518468 0.0161117839341 0.0288937131749 0.0034000606989 0.0293194176083 0.00824594451893 0.0044018531323 0.0159740715737 0.010625260203 0.0111625531981 0.0474777454347 0.0085508740228 0.0165949170249 0.0254233153232 0.0203576527745 0.0477324154517 0.00135196069112 0.0320067131434 0.00650436242634 0.00324634720781 0.00514537711356 0.00642644355429 0.0113802886474 
0.020462135292 0.00647042983304 0.0289099095013 0.0177715766669 -0.00471529104977 0.0161041621566 0.0917635242897 0.0282053127833 0.0193982221261 0.0104931345809 0.0119457262394 0.414782593053 0.0112135041617 0.021917276063 0.00656791100718 0.0203076630283 0.0492837317645 0.0146870460421 0.0197989423088 0.0375036126127 0.0305281156794 0.0572080035698 0.0161142210929 0.0184689309062 0.000280499846899 0.00519745306649 0.00718145196073 0.0453336361934 0.00884256243346 0.0174864612841 0.0418933773342 0.127293058682 0.0180770897241 0.0154410356827 0.0110708196032 0.0159834293776 0.0182147770388 0.0203553304951 0.0427839436053 0.0534241669878 0.0118064358932 0.0492902516668 0.0484750666462 -0.0369386523103 0.0145297800774 -0.0145017744542 0.0449885031434 0.0185260566498 0.0261580257967 0.0453045963868 
0.0584886590484 -0.0303526620748 0.0149638982421 0.0408425552957 0.0352529845306 0.014664630331 0.0024132036992 0.00990118191016 0.00444667727456 0.0305513690576 -0.0143524440125 0.0112135041617 0.830037012 -0.00943649145278 0.00595248458333 0.0338430027175 0.0254225637065 -0.000418867056921 0.0593221890333 0.0140036349373 0.0126900125434 0.012539912786 -0.00647681451427 -0.0194658308143 0.00353052358064 0.0100101237964 0.00103241348725 0.0297279529428 0.0250887314139 0.00134269564851 -0.00473391855312 0.014644187676 0.0292725917358 0.00153252442941 0.000443880952054 0.0240245366706 0.00475051809809 0.0135999695496 -0.0120227196463 0.00953568827533 -0.0217570860015 0.0193309964403 0.0100008703937 0.0229049796776 0.0133227433709 0.0243785992025 0.0265823427661 0.00306327562668 0.029887777536 -0.0346497666985 
0.0190849068366 0.0163483845507 -3.87731034277e-05 0.00434565987558 0.0189006699012 0.156579277301 0.100679284302 -0.011709228271 0.0137701905703 -0.0118095035568 -0.00710691858991 0.021917276063 -0.00943649145278 0.30326657528 -0.00506879676369 0.0144110623421 0.0184452353659 -0.00844355447203 -0.0104329122107 0.0291592046022 0.128234033298 0.0215598816434 0.00288118031913 -0.003591731964 -0.00914185605647 0.00742701864046 0.00189842426251 0.00729101116671 0.00370694008801 0.0222596809395 8.58225617055e-05 -0.0125433002649 0.0112966260937 0.0178968979594 -0.00231627108432 0.0192339804221 0.00857027466162 0.00431293892723 0.160019294728 0.00999672014543 -0.00335499139421 0.0108731437307 0.0167002200278 0.139973124439 -0.00156802585356 0.0196472286465 0.0194107809335 0.00483387170212 0.0416258971092 0.0249480566495 
-0.00896582353747 0.0058645282522 0.00960080319797 0.0287830266666 -0.00767978850082 0.00645798564096 -0.00786089969414 0.0202908990807 0.0245267152591 0.00838568403178 0.0208053228663 0.00656791100718 0.00595248458333 -0.00506879676369 0.198543586911 0.0202668067979 0.0142483359453 0.0261841783175 0.0221485607443 0.00696373745152 0.0257099141775 0.0123493097989 0.000352757334253 0.00739714923669 0.0137119030635 0.0262007520937 0.0131435777978 0.0149663469106 0.0127238328899 0.0158280223912 -0.0121999021309 0.0346365169761 0.0199246470846 0.00517125579652 -0.00218844503558 0.0436003798426 0.0237148674992 0.0116453994908 -0.010911021728 0.0115025212517 0.00372408566286 0.0150257327787 0.0218280630604 -0.0142062143955 0.0232864722432 0.0109542624927 0.0221806261109 -0.003091335812 -0.0101711103604 -0.013633653341 
0.0357731969268 0.00630862895525 0.0194111038625 0.00389504865822 0.0184678302122 0.0127612201603 0.0297674410743 0.0138479817761 0.0334965076368 0.0235900177661 0.0288325145687 0.0203076630283 0.0338430027175 0.0144110623421 0.0202668067979 0.183642371366 0.0437748885306 0.022131408151 0.0340789153318 0.0144382577031 0.035296930459 0.0295678433811 0.0248617989153 0.0137244853971 0.00175659981829 0.00547653449327 0.0337758483189 0.0228745212261 0.0162268779913 0.0299031869365 -0.0161788343016 0.0228087508252 0.00617523410176 0.0355440055764 0.00200211767126 0.0250351200828 0.0142398114912 0.0293003393165 0.0128990419829 0.0249933888694 0.0192474617034 0.0181370366707 0.0234361321921 0.00642882864218 0.0394205598057 0.0307893280333 0.0235667632355 0.0198198164132 0.0284556697112 0.048958720998 
-0.0304197279192 0.0184880974611 0.0244744211525 0.0349402773019 0.00783582679885 0.0236322490594 0.015362125097 0.00982782796086 0.0308457144046 0.0263849246125 0.015740490211 0.0492837317645 0.0254225637065 0.0184452353659 0.0142483359453 0.0437748885306 0.439294623371 -0.0113717746205 0.107952704929 0.0267769784048 0.0179561989726 0.0461163256023 0.0467623769892 0.0166003854497 0.0123650545949 0.0170204613442 0.025587347259 0.0358785177208 0.0370562521642 0.0367103776928 -0.0106430829772 0.0327353727365 0.0398194087677 0.0323575944891 -0.0103667535265 0.0313855873742 0.0241408754084 0.0295062205628 0.026979306593 0.0143201161907 0.00499029872036 0.0393257428648 0.0306218064761 0.0129700818704 0.0306981021615 0.00772810880848 0.049908146406 0.00406670264835 0.0192237989767 0.00774098732722 
0.0181532779766 0.0125297488442 0.0383814342773 0.0990621205496 0.00847239382068 -0.0158836120014 0.00144694982808 0.0247301524168 0.0163102362408 0.0181945042221 0.0233745854259 0.014687046042 -0.00041886705692 -0.00844355447203 0.0261841783175 0.022131408151 -0.0113717746205 0.316679208132 -0.00256392204091 0.00491393346839 0.00463660104449 0.0416524782431 0.00907108969437 0.0265813021265 0.0191353432315 -0.0139428427242 0.03619327521 0.0588707057283 0.013811537776 0.00953562255694 0.000345442138046 0.0732302189978 0.0235685432776 0.00768053410854 0.0350705591675 0.0284033280442 0.0302067952108 0.0180099454214 0.0174033446052 0.0277688988212 -0.00883672072708 0.0206408429969 0.0257964627533 -0.0134714392309 0.0176743085344 0.00597141207626 0.0299201046507 0.00117350494098 0.0145750292398 0.0169763499196 
0.010658456781 0.0433104872795 0.0174225808417 0.0101750945109 -0.0273029975939 0.0204720279059 0.0207774536083 0.029930237742 0.0264044811791 0.0189032001797 0.0128959338664 0.0197989423088 0.0593221890333 -0.0104329122107 0.0221485607443 0.0340789153318 0.107952704929 -0.00256392204091 0.390394568569 0.00192395929327 0.00285699459855 0.0239454750933 0.0220800590667 0.00233621260005 0.0158180243511 0.0236969423965 0.0239471904779 0.0272529010924 0.0214891252995 0.0169402371141 0.00581722086802 0.00715370757981 0.0421379824471 0.0103130020099 0.0118045970412 0.0438520316013 0.0126314365425 0.00204341719954 -0.0101218804141 0.00172237330829 -0.0221789739445 0.0438131652726 0.0499680779504 -0.0475140706325 0.0200024806573 0.00609268226958 0.0188950400263 0.0414859215744 0.00178702955393 0.0406850860751 
0.111925042459 -0.0160312273527 0.0162224608446 0.0419483551787 0.0540937142778 0.0213283513365 0.0201269928607 0.0140063782388 -0.00526266573101 0.00139123667893 0.0242268346498 0.0375036126127 0.0140036349373 0.0291592046022 0.00696373745152 0.0144382577031 0.0267769784048 0.00491393346839 0.00192395929327 0.298627956553 0.0174306936625 -0.0166694392029 0.00942981541092 -0.00194816945651 0.0100042929631 0.00455695359879 0.0357106936654 0.0311696446586 0.0240290363719 0.058422279462 0.0036098728823 -0.000252000100082 0.00235567514792 -0.00603213736569 0.00330100813698 0.0122724059196 0.00227950716798 0.0155109025789 0.0167017166653 -0.00155762458578 -0.00152060910767 0.00959951454467 0.0102742893003 0.00336447057715 0.00415287089489 0.00371756248007 0.0545904728297 0.0566409355895 0.0172328428543 -0.0106008068538 
0.11579905136 -0.00550890729057 0.0301405255245 0.00827278180782 0.0667940967197 0.148277155161 0.107904289715 0.0193793307052 -0.00836806517328 0.0390485101141 0.00809681835383 0.0305281156794 0.0126900125434 0.128234033298 0.0257099141775 0.035296930459 0.0179561989726 0.00463660104449 0.00285699459855 0.0174306936625 0.443383190917 0.0442645233198 0.0142675568049 -0.00145182990132 0.00396897092461 0.00376531960953 0.02999833897 0.0284672877909 0.0252911208405 0.0148528824467 -0.024359158348 0.0386887893007 0.0154256978329 0.0170112990076 0.00288866542428 0.0317625308939 0.0137170529532 0.00904010803795 0.179071378243 0.00489880133558 0.00560312580068 0.0121418361135 -0.00597015661577 -0.0614111499199 0.00198373648799 0.0204134463386 0.0478115765626 0.0142190819061 0.0432477033131 0.0570005174198 
0.0161270994761 0.0242573133105 0.00477566512214 0.0282436036851 0.0392498274627 0.0115854621278 0.00725591853389 0.00453949702967 0.00762007883086 -0.000128710159859 0.00592642739812 0.0572080035698 0.012539912786 0.0215598816434 0.0123493097989 0.0295678433811 0.0461163256023 0.0416524782431 0.0239454750933 -0.0166694392029 0.0442645233198 0.262332813238 0.0180063766162 0.0207305097894 0.0274342223618 -0.00138601237503 0.00133178411575 0.023568693845 0.0220624408254 0.0170783516866 -0.0232899108281 0.0396224717164 0.0629075282671 0.0375965632559 0.00958051670743 0.0201591866959 0.00478692618442 0.0201988909842 0.021795094502 0.0152142676404 0.0149601525172 0.0212909675565 0.0171002908106 0.0144592259266 0.0185384761848 0.0215612078633 0.00645311320809 0.0460483747935 0.0273141295495 0.0145350848843 
-0.0141305941262 0.0149009862189 0.00241438831869 0.0226080179381 0.0155330807301 0.0286488304711 0.0100484826285 0.0080634151956 -0.006057347702 0.00305702024781 0.0174252202999 0.0161142210929 -0.00647681451427 0.00288118031913 0.000352757334252 0.0248617989153 0.0467623769892 0.00907108969437 0.0220800590667 0.00942981541092 0.0142675568049 0.0180063766162 0.186714449511 -0.010920286709 0.024528489256 0.00636248075781 0.0225466196196 0.0268197507205 0.0311097575455 0.0153040399943 -0.00519747608426 0.0389588702119 -0.00418349275991 0.00345350603852 -0.0190175423391 0.00954920740248 -0.00785786468965 0.0167649072755 0.0040675187406 0.0111106708169 -0.00291098098216 0.0143568298503 0.0252131349823 -0.00378663633313 0.0176554990256 0.0110491786188 0.0183426920793 -0.00331313092432 0.0398079409816 0.0212867541329 
0.0117553302787 0.0058412305464 0.00633450621479 0.00548785802521 0.0157241346198 -0.0178784664183 0.00441128271325 0.0116521268669 -0.000737223877491 0.0168507233127 0.00295303362213 0.0184689309062 -0.0194658308143 -0.003591731964 0.00739714923669 0.0137244853971 0.0166003854497 0.0265813021265 0.00233621260005 -0.0019481694565 -0.00145182990132 0.0207305097894 -0.010920286709 0.151774163756 0.000734349729778 0.00657887290913 -0.00759764918166 0.00953692163106 0.0140870710983 0.00790683770657 -0.000185003781377 0.0081439011212 0.0223394794096 0.00880608072311 -0.00618162027424 0.0238181976103 0.0283205465531 0.00127574536891 -0.00122641069017 0.017015788432 0.0104026348995 -0.00921479758884 -0.00357875493586 -0.00174624565408 0.00282040795261 0.000673885531316 0.0208811289338 0.00401756243572 0.00574992911291 0.00256492672164 
0.000654685311033 0.0186693234823 0.00888817722885 0.019825295667 0.0121708155465 -0.00712422162927 -0.0121741081302 0.02075482019 0.0108802079094 0.00982543971197 0.013127421988 0.000280499846899 0.00353052358064 -0.00914185605647 0.0137119030635 0.0017565998183 0.0123650545949 0.0191353432315 0.0158180243511 0.0100042929631 0.00396897092461 0.0274342223618 0.024528489256 0.000734349729778 0.133771541356 -1.60043860606e-05 0.0173810194676 0.0219184884544 0.0199028095819 0.0163902347466 -0.00738059064378 0.0288835283983 0.0234434891593 0.0115871506952 -0.0027535671698 0.00448297699057 0.00323057277305 0.0146078948544 0.00157410375689 0.0087040900633 0.00327388291146 0.00234940217594 0.0249760832027 -0.00164003749943 0.0198124477643 0.00903603760861 0.0103042959641 0.0143881239545 0.00995807232478 0.0051336659991 
0.000657581596994 0.00639193441591 -0.00733995298756 0.0356954776477 0.019128675269 0.0036108412251 -0.0206653357645 -0.00362682597459 0.00395431944012 0.000427324952862 0.0165491948564 0.00519745306649 0.0100101237964 0.00742701864046 0.0262007520937 0.00547653449327 0.0170204613442 -0.0139428427242 0.0236969423965 0.00455695359879 0.00376531960953 -0.00138601237503 0.00636248075781 0.00657887290913 -1.60043860593e-05 0.213107436314 0.0122822293959 -0.00762535205667 0.00232246942164 0.00754044470217 -0.022708362461 0.0226231536565 0.000224028011315 0.0220753479287 0.0155475285064 -0.000929601923283 0.0286331288861 -0.00249333212371 0.000664966628388 0.00914021298113 0.0214681080008 0.0002072214491 0.00592555832215 0.0544221659887 0.00886678713203 0.0265121146787 0.0139834810576 -0.0066398425564 0.00563717471924 0.0175817968761 
-0.0333391049041 0.00543474628834 0.00983547696931 0.0393650232846 -0.0183074986698 0.0281088282415 0.0300351558946 0.0188955753788 0.0151755783691 0.0215799393845 0.0188141466889 0.00718145196073 0.00103241348725 0.00189842426251 0.0131435777978 0.0337758483189 0.025587347259 0.03619327521 0.0239471904779 0.0357106936654 0.02999833897 0.00133178411576 0.0225466196196 -0.00759764918166 0.0173810194676 0.0122822293959 0.375309966743 -0.00035506763515 0.0150411893569 0.0338881711385 -0.022734509141 0.0422132860528 0.01326146368 0.00708426759794 0.0219366698769 -0.00294297153967 0.0109152761954 0.0120958228078 -0.00689320036777 0.00512412809098 -0.00407410973287 -0.0176174344176 0.00545951705503 0.011593197449 0.0299596687012 0.0127500155247 0.0384166207979 0.0344296049958 0.0164283934132 0.0440061153933 
0.000336928997655 0.01079367941 0.030303858735 0.0412585903855 -0.00358721064699 0.000929317809385 0.00782834167869 0.0161669037318 0.0128653741566 0.0170057796276 0.00481416518468 0.0453336361934 0.0297279529428 0.00729101116671 0.0149663469106 0.0228745212261 0.0358785177208 0.0588707057283 0.0272529010924 0.0311696446586 0.0284672877909 0.023568693845 0.0268197507205 0.00953692163106 0.0219184884544 -0.00762535205667 -0.000355067635149 0.337843684848 0.00413321454633 0.0183981436032 -0.021355218132 0.00717093599156 0.0319305518544 0.00247312548484 -0.00397767731272 0.028561630256 0.00784507154373 0.0100597705416 0.025838508184 0.0218817348763 0.0115153730757 0.0115304867249 0.00275986199045 0.00117525182169 0.00978852287792 -0.000934208643605 0.0182401711841 0.0263976292022 0.0297878496378 -0.0159957792251 
0.0521199298288 0.0159174230252 0.0087118313895 0.0158065285522 0.0158477305244 -0.00920046376387 0.00327076917646 0.0247535612342 0.00183079847313 -0.00138572649966 0.0161117839341 0.00884256243346 0.0250887314139 0.00370694008801 0.0127238328899 0.0162268779913 0.0370562521642 0.013811537776 0.0214891252995 0.0240290363719 0.0252911208405 0.0220624408254 0.0311097575455 0.0140870710983 0.0199028095819 0.00232246942164 0.0150411893569 0.00413321454633 0.201262062495 0.0143540788272 -0.0116597392645 -0.0233699387387 0.0197372411104 0.0130361937758 0.00321537772478 0.0229127607395 0.00899996076065 0.00402535768692 0.000337392833935 0.0124010118175 0.0204429627371 0.018449942777 0.00775543894708 -0.0068439045971 -0.000232811128746 0.00864862590033 0.0258280138496 0.0157478801773 0.00858390485553 -0.0127560028974 
0.00585795579637 -0.00645318000745 0.0133551756032 0.0208472802894 0.0140158265617 0.0212029951365 0.0134900470086 0.00647259077914 0.016823552452 0.0165034258714 0.0288937131749 0.0174864612841 0.00134269564851 0.0222596809395 0.0158280223912 0.0299031869365 0.0367103776928 0.00953562255694 0.0169402371141 0.058422279462 0.0148528824467 0.0170783516866 0.0153040399943 0.00790683770657 0.0163902347466 0.00754044470217 0.0338881711385 0.0183981436032 0.0143540788272 0.184216925066 -0.00568392465432 -0.000260677672426 0.00875077816867 0.012576178719 -0.00507999593711 0.00969713481132 0.013404461279 0.0151328450127 0.0120390628696 0.00444960289906 0.0097929778559 0.0229157891398 0.0171442935074 -0.00967622344109 0.00666445224438 0.0093774759368 0.0289640081244 0.0120446577623 0.00877948164236 0.00130775851266 
0.0312423791541 0.0105520954864 -0.0221628269819 0.008756527988 0.0130238933437 -0.0122310719473 0.00362377961058 -0.0207119645739 0.00936887168634 0.0184362925002 0.0034000606989 0.0418933773342 -0.00473391855312 8.58225617051e-05 -0.0121999021309 -0.0161788343016 -0.0106430829772 0.000345442138045 0.00581722086802 0.0036098728823 -0.024359158348 -0.0232899108281 -0.00519747608426 -0.000185003781377 -0.00738059064378 -0.022708362461 -0.022734509141 -0.021355218132 -0.0116597392645 -0.00568392465432 1.37200567221 0.00101562431979 -0.0248552335561 0.000435436846414 -0.0033323887892 0.0388038165265 0.00873729993664 -0.0378529873875 -0.0205996184707 0.0268271490078 -0.00346862028282 -0.00402584382408 0.0135607188648 -0.0321787101459 0.00502435789919 -0.00156941690065 0.0149114397617 -0.0368811924507 0.00561038239689 0.0410841767317 
0.00476492159465 0.014884683805 0.0222295892245 0.0255173516953 -0.00774976320481 0.0154312917133 0.0342462005964 0.014065671654 0.0121686423489 0.00364050088448 0.0293194176083 0.127293058682 0.014644187676 -0.0125433002649 0.0346365169761 0.0228087508252 0.0327353727365 0.0732302189978 0.00715370757982 -0.000252000100082 0.0386887893007 0.0396224717164 0.0389588702119 0.0081439011212 0.0288835283983 0.0226231536565 0.0422132860528 0.00717093599156 -0.0233699387387 -0.000260677672426 0.00101562431979 0.606956674217 0.0192939523685 0.0132302942 0.00309059042229 0.0359168935923 0.0233360067014 0.0369486802781 0.0339776939894 0.027708094468 0.0083029415349 0.0130550290708 0.0172073741695 -0.021847388547 0.015889448689 0.00845350471873 0.0250700259848 0.00629307097036 0.0422485392288 0.023542941709 
-0.00439275205833 0.0421626931427 0.00461003092036 0.00605026983956 0.0309029899417 -0.0175806629684 -0.00123653064943 0.0121069740165 0.0283269435235 0.00685786559888 0.00824594451893 0.0180770897241 0.0292725917358 0.0112966260937 0.0199246470846 0.00617523410176 0.0398194087677 0.0235685432776 0.0421379824471 0.00235567514792 0.0154256978329 0.0629075282671 -0.00418349275991 0.0223394794096 0.0234434891593 0.000224028011315 0.01326146368 0.0319305518544 0.0197372411104 0.00875077816866 -0.0248552335561 0.0192939523685 0.28380634843 -0.0027264103596 0.00672968978633 -0.00193448971744 0.0151812154728 0.00711765550062 -0.00517583942151 -0.00417949109973 0.0115545691349 -0.000224597950682 -0.00233106864268 0.0330759300674 0.0120350041331 0.00252320238451 0.0137681076114 -0.00528578772633 -0.00447835551754 -0.00308043864187 
0.0075835734689 0.0121482288602 0.0218719819223 0.00250030349654 -0.00552666066031 0.00742572091462 0.0210221169516 0.00702265514151 0.0166058430869 0.010386718192 0.0044018531323 0.0154410356827 0.00153252442941 0.0178968979594 0.00517125579652 0.0355440055764 0.0323575944891 0.00768053410854 0.0103130020099 -0.00603213736569 0.0170112990076 0.0375965632559 0.00345350603852 0.00880608072311 0.0115871506952 0.0220753479287 0.00708426759794 0.00247312548484 0.0130361937758 0.012576178719 0.000435436846414 0.0132302942 -0.0027264103596 0.122565486761 0.00541011457374 0.00948747887512 0.0048625178393 0.0182845062843 0.0149377024448 0.00302794074499 0.0147121022777 0.020322408185 0.0143181587098 0.0183230917331 0.022315922921 0.0472615717856 0.0210718551526 0.0215828697781 0.0333670155524 0.0136011609006 
-0.00633773061732 -0.0103442520236 0.00806423236861 -0.0067012229594 0.00867875876574 -0.0169720960483 0.00644533074257 0.0106151675824 -0.00634313073743 0.0033384656162 0.0159740715737 0.0110708196032 0.000443880952053 -0.00231627108432 -0.00218844503558 0.00200211767126 -0.0103667535265 0.0350705591675 0.0118045970412 0.00330100813698 0.00288866542428 0.00958051670743 -0.0190175423391 -0.00618162027424 -0.0027535671698 0.0155475285064 0.0219366698769 -0.00397767731272 0.00321537772478 -0.00507999593711 -0.0033323887892 0.00309059042229 0.00672968978633 0.00541011457374 0.373686858297 0.0164938363285 -0.0038731755946 0.0314645326936 -0.00763889123179 -0.0117880092548 -0.00590986127096 0.00627439511082 0.0100820988088 -0.0195862227112 -0.00767946783524 0.0129224843779 0.0147829324269 -0.0109429859333 0.0211354006373 0.0200350179621 
0.00043835313562 0.013082636759 0.0252243943301 0.0220528574368 0.00625161172898 0.0369231196657 0.011077084151 0.0182895664248 0.0388329703908 0.0149566825458 0.010625260203 0.0159834293776 0.0240245366706 0.0192339804221 0.0436003798426 0.0250351200828 0.0313855873742 0.0284033280442 0.0438520316013 0.0122724059196 0.0317625308939 0.0201591866959 0.00954920740248 0.0238181976103 0.00448297699057 -0.000929601923283 -0.00294297153967 0.028561630256 0.0229127607395 0.00969713481132 0.0388038165265 0.0359168935923 -0.00193448971744 0.00948747887512 0.0164938363285 0.25864047707 0.0160587297537 0.00602597750447 0.0265378510541 0.0390372069678 0.0351628688486 0.0156171949814 0.0181604616505 -0.0247386507775 0.0274519370332 0.0192301882197 0.034623507906 0.0262845299121 0.0243306885914 0.0047881359873 
-0.0128420228847 0.0183387315343 0.0174216078135 0.0232615910222 0.0252405179008 -0.000205914277404 0.00428557495366 0.00787234252713 0.022389915991 0.0224377361702 0.0111625531981 0.0182147770388 0.00475051809809 0.00857027466161 0.0237148674992 0.0142398114912 0.0241408754084 0.0302067952108 0.0126314365425 0.00227950716798 0.0137170529532 0.00478692618442 -0.00785786468965 0.0283205465531 0.00323057277304 0.0286331288861 0.0109152761954 0.00784507154373 0.00899996076066 0.013404461279 0.00873729993664 0.0233360067014 0.0151812154728 0.0048625178393 -0.0038731755946 0.0160587297537 0.196032517316 0.0129709249514 -0.00126812660692 0.0320669093724 0.0283202105285 0.0160332690017 0.0259157645357 -0.010327959261 0.0251902897454 0.00602977673422 0.0527773596854 0.0142135320035 0.00680574051906 0.0291582894918 
0.00995514959094 0.0156127240637 0.0458613301321 -0.0148066137813 0.0368185983589 -0.0045878428644 0.0358539166064 0.0171464263102 0.0102382342063 0.00673501374204 0.0474777454347 0.0203553304951 0.0135999695496 0.00431293892722 0.0116453994908 0.0293003393165 0.0295062205628 0.0180099454214 0.00204341719954 0.0155109025789 0.00904010803795 0.0201988909842 0.0167649072755 0.00127574536891 0.0146078948544 -0.0024933321237 0.0120958228078 0.0100597705416 0.00402535768692 0.0151328450127 -0.0378529873875 0.0369486802781 0.00711765550062 0.0182845062843 0.0314645326936 0.00602597750447 0.0129709249514 0.607517036682 -0.00639586628476 -0.00462469606437 -0.0357449050694 0.00905862180757 0.026018970203 0.00238437342084 0.0123214580236 0.013980265636 0.00531651819379 0.0166883795211 0.024794550056 -0.00794213993406 
0.0212074674803 0.000680458541099 0.0278428760636 0.00477780436123 0.00646288006329 0.170392452016 0.141756039453 -0.000308170009995 0.00833210202865 0.00542586703258 0.0085508740228 0.0427839436053 -0.0120227196463 0.160019294728 -0.010911021728 0.0128990419829 0.026979306593 0.0174033446052 -0.0101218804141 0.0167017166653 0.179071378243 0.021795094502 0.0040675187406 -0.00122641069017 0.00157410375689 0.000664966628388 -0.00689320036777 0.025838508184 0.000337392833935 0.0120390628696 -0.0205996184707 0.0339776939894 -0.00517583942151 0.0149377024448 -0.00763889123179 0.0265378510541 -0.00126812660692 -0.00639586628475 0.414106855528 -0.000397203713688 0.0381218023157 0.0137238080263 -0.00512078205466 0.00455795066604 0.00434220735529 0.0242231162373 0.0387156448325 0.00937735589095 0.054612875042 0.0346096608679 
0.00225075249912 0.00655231530135 0.0162612084166 0.0123685160105 -0.00327351669657 0.00667559648934 0.0194929980114 0.0151926912393 0.032139166751 0.0109209310742 0.0165949170249 0.0534241669878 0.00953568827533 0.00999672014544 0.0115025212517 0.0249933888693 0.0143201161907 0.0277688988212 0.00172237330829 -0.00155762458578 0.00489880133558 0.0152142676404 0.0111106708169 0.017015788432 0.0087040900633 0.00914021298113 0.00512412809098 0.0218817348763 0.0124010118175 0.00444960289906 0.0268271490078 0.027708094468 -0.00417949109973 0.00302794074499 -0.0117880092548 0.0390372069678 0.0320669093724 -0.00462469606437 -0.000397203713689 0.154246188902 0.0138541662367 0.0140120335774 0.0179657086231 -0.00792058928932 0.0216557489662 -0.000779811968244 -0.00120015039805 0.0254823521387 0.0238271639622 -0.0120973239968 
-0.0123222114309 0.00713401418138 0.00830181155609 0.0276470954196 -0.0130435172174 0.00691541432607 0.0132466751694 0.00681990245462 0.0311055280508 0.0179632001186 0.0254233153232 0.0118064358932 -0.0217570860015 -0.00335499139421 0.00372408566286 0.0192474617034 0.00499029872036 -0.00883672072708 -0.0221789739445 -0.00152060910767 0.00560312580068 0.0149601525172 -0.00291098098216 0.0104026348995 0.00327388291146 0.0214681080008 -0.00407410973287 0.0115153730757 0.0204429627371 0.0097929778559 -0.00346862028282 0.0083029415349 0.0115545691349 0.0147121022777 -0.00590986127096 0.0351628688486 0.0283202105285 -0.0357449050694 0.0381218023157 0.0138541662367 0.544720412809 0.0109426039469 0.0153270137279 0.0238093199718 0.0238534305317 0.00706754183343 0.00412570665925 -0.00642269560458 0.023021844525 0.0404958713544 
0.044306890616 0.00428373108755 0.00189568053455 0.0128191784476 0.00942358988103 0.00808069837235 0.0106169474102 0.0250527064016 0.00376599899044 0.00647359877461 0.0203576527745 0.0492902516668 0.0193309964403 0.0108731437307 0.0150257327787 0.0181370366707 0.0393257428648 0.0206408429969 0.0438131652726 0.00959951454467 0.0121418361135 0.0212909675565 0.0143568298503 -0.00921479758884 0.00234940217594 0.000207221449101 -0.0176174344176 0.0115304867249 0.018449942777 0.0229157891398 -0.00402584382408 0.0130550290708 -0.000224597950683 0.020322408185 0.00627439511082 0.0156171949814 0.0160332690017 0.00905862180757 0.0137238080263 0.0140120335774 0.0109426039469 0.197511077365 0.0716576306604 -0.00541661340559 0.0081348115451 0.0104581768797 0.0126210422536 0.0145507134235 -0.0025882667539 0.014137894779 
0.000236468384681 0.0243750886413 0.0299761918456 0.0276132182754 0.00810145252834 0.0187966824591 0.0176430351453 0.0233374195957 0.00605659367667 0.0142251458808 0.0477324154517 0.0484750666462 0.0100008703937 0.0167002200278 0.0218280630604 0.0234361321921 0.0306218064761 0.0257964627533 0.0499680779504 0.0102742893003 -0.00597015661577 0.0171002908106 0.0252131349823 -0.00357875493586 0.0249760832027 0.00592555832215 0.00545951705503 0.00275986199045 0.00775543894708 0.0171442935074 0.0135607188648 0.0172073741695 -0.00233106864268 0.0143181587098 0.0100820988088 0.0181604616505 0.0259157645357 0.026018970203 -0.00512078205466 0.0179657086231 0.0153270137279 0.0716576306604 0.201227199223 0.0156749458862 0.0245162530128 0.0191771093627 0.0267466086996 0.014721968903 0.024003570474 0.022234819071 
0.0192490142797 -0.0178285238355 -0.00915666193138 0.0130986381369 0.0119766358174 0.0922620577862 0.0430245564994 -0.0152041021799 -0.0187789307553 -0.00783919660409 0.00135196069112 -0.0369386523103 0.0229049796776 0.139973124439 -0.0142062143955 0.00642882864218 0.0129700818704 -0.0134714392309 -0.0475140706325 0.00336447057715 -0.0614111499199 0.0144592259266 -0.00378663633314 -0.00174624565408 -0.00164003749943 0.0544221659887 0.011593197449 0.00117525182169 -0.0068439045971 -0.00967622344109 -0.0321787101459 -0.021847388547 0.0330759300674 0.0183230917331 -0.0195862227112 -0.0247386507775 -0.010327959261 0.00238437342083 0.00455795066604 -0.00792058928932 0.0238093199718 -0.00541661340559 0.0156749458862 1.41609631036 -0.00506832032217 -0.00266548115217 -0.00538835688501 9.88100797876e-05 0.000538836071468 -0.00579169503856 
-0.00777778321483 0.01340351892 0.0148654731404 0.0270887863482 0.0243066044368 0.00873506455407 0.0193744559002 0.0176632468483 0.0377202521723 0.0443459779566 0.0320067131434 0.0145297800774 0.0133227433709 -0.00156802585356 0.0232864722432 0.0394205598057 0.0306981021615 0.0176743085344 0.0200024806573 0.00415287089489 0.00198373648799 0.0185384761848 0.0176554990256 0.00282040795261 0.0198124477643 0.00886678713203 0.0299596687012 0.00978852287792 -0.000232811128746 0.00666445224438 0.00502435789919 0.015889448689 0.0120350041331 0.022315922921 -0.00767946783524 0.0274519370332 0.0251902897454 0.0123214580236 0.00434220735529 0.0216557489662 0.0238534305317 0.0081348115451 0.0245162530128 -0.00506832032217 0.127853116987 0.0248709986353 0.0232388146672 0.0287672785066 0.00846389084054 0.0189590743964 
0.00948948224859 0.00739527737507 0.00700719657026 0.0167161419308 0.00391079613339 0.0143662128408 0.0206657248848 0.0103778911487 0.0190668953053 0.0168867433022 0.00650436242634 -0.0145017744542 0.0243785992025 0.0196472286465 0.0109542624927 0.0307893280333 0.00772810880848 0.00597141207626 0.00609268226958 0.00371756248007 0.0204134463386 0.0215612078633 0.0110491786188 0.000673885531315 0.00903603760861 0.0265121146787 0.0127500155247 -0.000934208643606 0.00864862590033 0.0093774759368 -0.00156941690065 0.00845350471873 0.00252320238451 0.0472615717856 0.0129224843779 0.0192301882197 0.00602977673422 0.013980265636 0.0242231162373 -0.000779811968244 0.00706754183343 0.0104581768797 0.0191771093627 -0.00266548115217 0.0248709986353 0.139828339356 0.0186356646193 0.0191952024852 0.0386568369385 0.00503274392885 
0.00947902036869 0.0231095672528 0.0280349559012 0.0243874622704 0.00756404600084 0.000850396231657 0.0227709014263 0.0190343493592 0.0136184794578 0.0222147821678 0.00324634720781 0.0449885031434 0.0265823427661 0.0194107809335 0.0221806261109 0.0235667632355 0.049908146406 0.0299201046507 0.0188950400263 0.0545904728297 0.0478115765626 0.00645311320809 0.0183426920793 0.0208811289338 0.0103042959641 0.0139834810576 0.0384166207979 0.0182401711841 0.0258280138496 0.0289640081244 0.0149114397617 0.0250700259848 0.0137681076114 0.0210718551526 0.0147829324269 0.034623507906 0.0527773596854 0.00531651819378 0.0387156448325 -0.00120015039805 0.00412570665925 0.0126210422536 0.0267466086996 -0.00538835688501 0.0232388146672 0.0186356646193 0.367840550516 0.00314927614982 0.0219169760158 0.0263844731817 
