100
0.0336878097659 0.0499403633474 0.0810581507116 0.0948967479515 0.0203567883068 0.101022755506 0.0594275332512 0.00851722536111 0.0901624306535 0.101670797752 0.0637259516476 0.0408230851415 0.0243185800675 0.162419244675 0.142595623168 0.0291549562933 0.0453963667668 0.075466134778 0.135848421796 0.0328562524986 -0.00953493093171 0.0345230729479 0.0466490289559 0.0403512104362 0.0242911243805 0.105790500039 0.0870955077299 0.121962687623 -0.0148687542544 0.105790735219 0.0731585002716 0.102864057578 0.13190386478 0.0300114281637 0.12260521459 0.0823962853659 0.0216083944488 0.00477989818121 0.0316067218978 0.151795006465 0.0705908558691 0.0842142990337 0.0797862135264 0.037281538924 0.112278324126 0.143828325424 0.0723018126246 0.107494880462 0.0636277148901 0.0201569416701 0.0422457423554 0.0521298167044 0.0520830917934 0.0637387331612 0.123331646141 0.0422860283868 0.0621428512979 0.0213104348082 0.0413132452317 0.022553065058 0.0940944116816 0.0762578269544 0.138189015222 0.101801748802 0.0593939882808 -0.00139328324831 0.0538940625226 0.0839491815724 0.0146303634135 0.165275344352 0.0541634245192 0.0493870590102 0.00787829448736 0.0896854693356 0.0300310371189 0.0315903614714 0.0146033592013 0.0601344650096 0.117315051398 0.00859756350963 0.0737969483193 0.0913653440874 0.106465020668 0.134016582451 0.0729597235382 0.0887704215167 0.022775665512 0.0437038130991 0.0534982218633 0.10004428458 0.00238062118955 0.0230030392576 0.0402434153999 0.0300764430792 0.0625194128962 0.0398839612709 0.085684238521 0.104550469133 0.0584521455196 0.0289140833203 
0.287832671394 0.0118191136138 0.0122350173762 -0.0169404804195 0.00944282420703 0.01041820066 -0.00126334515487 0.0163030055895 0.0552314228545 0.00252039965253 -0.0059637201045 0.0292837167187 -0.012491782634 -0.0616863077599 0.0114765277412 0.00176412430824 0.011436082029 0.0315704441539 0.0065793833504 0.00502333727889 0.0133793188804 0.0148393230283 0.014389992924 0.0238657399313 0.0350580549272 0.00865665518288 0.0164924170858 0.0184880613716 0.00248819621005 0.0279210938411 0.0251102136599 0.00277510148525 0.00584205239934 0.0138187398698 0.0601266661639 0.00644944581814 0.00631507893317 0.0142635690615 0.00795073997442 0.0160287987194 0.00810021541553 0.0145356723462 0.0110512736977 0.0328768046279 0.0159237276835 0.0495462437568 0.0454296782934 0.0165744389374 -0.0175771920941 0.0226955433379 0.00806937694119 0.0203032468134 0.00894326281017 0.00308962314051 0.0680422794715 0.0590694179531 0.0154493823433 0.0142176329369 0.00476551098259 0.0261481539113 0.0261168692191 0.00438470776177 0.0506189774444 0.0104893223815 0.0236667588239 0.0245298203306 0.0146313544982 0.00720836674689 0.0132866405478 -0.0106830342993 0.0237636285322 0.00448485681773 -0.000314966148604 0.0351293468978 0.0202168277963 0.0249671905102 -0.00684346797324 0.0216592457164 0.0181363651107 0.0262953976568 0.0221720809575 0.0484103380046 0.0328008082561 0.0291554722657 0.0136114158285 0.0333332516023 0.0337683484715 0.0346154063175 0.04633487705 0.0298825850438 0.00490991097677 0.0188868272381 0.0104002503954 0.0247462257126 0.0348569681464 -0.0050056102531 0.0475205803025 0.00901426222486 0.00451627966225 -0.00923922430218 
0.0118191136138 0.2216801551 0.0383641587832 0.046755422187 0.00674214718687 0.00418443999826 0.0185398225782 0.027439370098 0.00566967670824 -0.00239948777251 0.0301077935683 0.00868268680251 0.00641356154591 0.0355632372157 0.0149655323461 -0.00048603853033 -0.0269595316715 0.0251106365647 0.00718990480108 0.00323218797202 -0.001131432403 -0.000881084832878 0.00607419754061 0.0240161939941 0.0376630373485 0.0176625811197 0.0272726057097 0.0449530732166 0.0381139242215 0.00642908928021 0.0333533325652 0.00585328394782 -0.00208946881418 0.0358367929197 0.0345804385879 -0.00740016454367 0.0122817947146 0.0203566056908 0.00153917784255 0.0341767748687 -0.00592955491136 0.029424188257 0.0132546613467 0.0152152984569 0.0111912796038 -0.022761159618 0.0112573971024 0.0369317121569 0.0183218825994 0.0350301340435 0.00432181691377 0.00399899956124 0.0373533029616 0.044187823047 0.00920390533986 0.0127664597877 0.020654361406 -0.00759683500083 0.00637110370665 0.00342915011733 0.00352729085051 0.044207529263 -0.0118023121259 0.0453428226319 0.0303589007347 0.0323780045179 -0.00853575898833 -0.0057701722851 -0.00336938608432 0.00611212810111 -0.0109778585819 0.0083391126813 -0.00490011055844 0.0285985814939 0.0196901400147 0.0248531821332 0.0121030838284 -0.00122358366819 0.0155387897786 0.018208750555 0.00189993722731 0.0163929128965 0.0226375420649 0.0134573867573 0.0467461187145 0.0483507447546 -0.00230829140011 0.0217399237292 0.00719706815818 0.0146421441215 0.0364871126624 0.0149470317667 0.00795649708097 -0.0128196029434 0.0310076782042 0.00891685277447 -0.0231789731876 -0.0148261496574 0.00791478750204 0.0277309441484 
0.0122350173762 0.0383641587832 0.178578861345 0.00672016777151 0.00408625324979 0.0270087585466 -0.00217428515806 0.0210161536203 0.0239110573256 -0.002623729076 0.00722959770951 0.0157810754463 0.0110007501106 0.0160139853415 0.0250316422237 0.0102340432229 -0.0122586638856 0.0175903405385 0.0217652882836 0.0262030248486 0.00638845168375 -0.0126279090829 0.010347012002 0.00223289473832 0.0262481489143 0.0153782826615 -0.00928369041896 0.0377955447499 0.0091326613814 0.041543764086 0.044315505398 -0.0100499489695 -0.00800138600806 0.0101511469881 0.0197519705963 0.00445907211744 0.0118382252715 0.0142222609733 0.00602986289876 0.00496849196099 0.00356014236824 0.0160663762411 0.0184678980368 0.0240563384172 -0.00766684470032 0.0157087146207 -0.00470211625073 0.0251217662158 0.0255773481341 0.0156543563331 0.0196496415233 0.0197900298726 0.0322806982352 0.00209676607737 0.0146680866494 0.00265131842269 0.00661868509646 0.0135821443824 0.00954228017578 -0.00563197752591 0.0240991494016 0.0136312046834 0.01388623658 0.00568946305179 0.00689354450028 0.00750884857584 0.0394314021194 0.00796959890775 -0.00571780046695 0.00881382394221 0.0158119283807 0.00111693091303 0.0131657043007 0.0205687887002 -0.000378618493331 0.0240773077663 -0.0094545829835 0.0143667585567 -0.0059854933394 0.0187764785631 0.00258322290195 0.0468102609584 0.0118602070998 0.00167968425177 0.0530996746774 0.0111531268347 0.0231482729175 0.0158848337352 0.00740576380242 0.0492425237491 0.0165180648762 0.0063715075499 0.00998744652698 0.00948277582527 0.0343027246854 0.0112106647351 0.00597587997129 0.0152682730722 -0.00916308038465 0.00995804881503 
-0.0169404804195 0.046755422187 0.00672016777151 0.519324345868 0.0120971346286 -0.0142755160816 0.00938447658321 0.0128783670984 0.0152739075372 0.00254410225928 -0.00244623341247 -0.00639687311605 -0.00518010586331 0.0159948719003 0.0504291906058 -0.00934700098886 0.0288886900479 0.00576915313721 0.0433501100372 0.0269466422388 0.00221421091514 -0.00359970984533 0.0316415458889 0.0275002974152 -0.013000572436 0.00063149367539 0.0169544671265 0.0410231903406 0.00990993308448 0.00520628002643 -0.0122776261471 0.00396491227103 -0.0173643115025 0.0405927670995 0.0185767747974 -0.000452089658335 0.00703252647637 -0.00989905501364 0.0155523202558 0.0301002612645 0.0649772521843 0.0576016438656 0.0122786187856 0.00842212369715 0.0112947874707 0.0129389733932 -0.0257804594777 -0.0323386394952 0.00848661048043 0.0125402594424 0.0174588059497 0.00315689788802 -0.00711542808918 0.00373608808357 0.047762404429 0.000942067299973 0.00795897681967 0.0293593547449 -0.00946366868185 -0.0306965550238 0.059179986192 0.0452204000634 2.33181877581e-05 0.00676088553147 0.00108709690873 0.0772131240822 0.0454841057555 0.0726226107618 0.020029590018 0.00666468657979 0.0183387304137 -0.0115614380292 -0.00786692992739 0.0383699293649 -0.0100124752568 0.00604509992925 -0.00422092100532 0.0109074501458 0.0192614241507 0.00476630738841 0.00499517838133 -0.011589107197 0.00394898314065 0.0075865689689 -0.0136356907542 -0.00360629888112 0.0133940442765 -0.00105224198925 -0.0114859423023 0.0106863829947 0.0121470548715 0.0166479976743 -0.000711648594177 0.0107863635639 0.00180327462203 -0.00876322803658 0.00163903760578 0.0228995545463 -0.00857558949091 0.0140330902169 
0.00944282420704 0.00674214718687 0.00408625324979 0.0120971346286 0.238810655947 0.0101625719745 -0.00890060354141 -0.000476439232675 -0.00409422747398 0.00392684502306 0.00268336243157 0.00403528593191 0.00492572072768 0.00626295845929 0.0213246762907 0.0267103216211 0.00757786130449 -0.00307973653548 0.00285499873594 0.0378123474784 0.00884656200326 0.0159301364456 0.0222946130667 0.0203073786306 0.0132853604083 0.0194232154928 -0.0153348182275 -0.012057940304 -0.00240063033135 0.00214338535577 0.0362630305545 -0.00586581428834 -0.0107328854767 0.013404817187 0.0258374348234 0.012061745323 0.0291871604895 0.0472639681954 0.0352756174839 -0.00496160926379 0.00968683293842 0.000787155426603 0.0314302477448 0.00715555018549 0.00726859236446 0.0071772677932 0.0278288937774 0.0203436626958 -0.0100732020111 0.00984522237348 0.026882375502 0.0304635524777 0.00398805303677 -0.00925659750666 0.00786955034087 0.0153215786037 0.0282857706879 0.024672431671 0.00460573747604 0.0102114069043 0.0120402300301 -0.0286180358249 0.0234513850686 0.00889740551465 0.00703311036575 -8.96520702513e-05 0.0256208468018 0.0360953447904 0.00418397536171 0.0209452030096 0.00330209458812 -0.00507819791889 -0.00469554834786 -0.00265398976356 -0.00749978712538 0.0133856631912 -0.00282566125883 -0.00109259573692 0.00794044893395 0.0158063015136 0.0175581673375 0.0079062403097 0.0237087663563 0.0179515077638 -0.0205221061018 0.00427598238282 0.0160758735055 0.00572404443957 0.00295208589245 0.0426593885095 0.00475279714425 0.019192957602 0.0152148634201 0.0269177067582 0.0285448302993 0.0107448542565 -0.0270287173789 0.00860482719233 0.0182515903447 -0.00554193605999 
0.01041820066 0.00418443999826 0.0270087585466 -0.0142755160816 0.0101625719745 0.370011963663 0.0261520932457 0.0102924416262 0.0308203887774 0.0335513835564 0.00422942295443 0.00864452564798 0.0144629898676 0.013370367253 0.00406266117764 0.00284686911013 -0.00788811875821 0.0138104002428 -0.00460124230025 -0.00615778073859 -0.0119764653898 -0.0137082232647 0.0311887278439 -0.00280579982645 0.0106079985659 -0.0136563430633 -0.0012681165317 0.0218716519729 0.00621498643863 0.00605722371996 0.0307874209986 0.0443270205479 -0.0206324810746 0.0134536051065 -0.0111666354855 -0.0221793864467 0.00363174288494 0.0121929436035 0.0117464209742 -0.00922518198995 -0.0220597024201 0.0287148597551 0.016864486268 0.0405391251344 -0.004994331096 -0.0024242596941 0.0241688463285 -0.0010790899896 0.0117568307374 0.0107216575719 0.025133231784 0.00985968199046 -0.00332650422971 -0.0309071884809 0.0148746137995 0.0108462127404 0.00776783624395 0.00669906819589 0.0295532676232 0.0106552879397 0.00276629135188 0.0135424257351 -0.0100044605836 0.00716141820292 0.0171429040377 0.0138014306373 0.0210805394525 -0.0194085570185 0.000342199340467 0.23944053127 -0.0155414341118 0.0153773873709 0.0123994289626 0.0126417292276 0.00436715489171 0.0239682825779 0.0186270382402 -0.00484316816733 0.0794181482509 0.0115661304536 -0.00534235416211 0.00972521064332 0.00842675224277 -0.000973875508567 -0.0173477762369 0.0527215405295 0.0108096369378 0.00719676760415 0.0133835120873 0.00844432965682 0.0161132400098 0.0159108937982 -0.00132311255938 0.00221313997172 -0.00782713753294 0.00824279254222 0.0424057163284 -0.00736525913906 0.025121227697 -0.00144955289718 
-0.00126334515487 0.0185398225782 -0.00217428515806 0.00938447658321 -0.00890060354141 0.0261520932457 0.201164581225 -0.00669567806319 0.0108672229923 0.0170382165235 0.018054934666 -0.00952472728988 0.0171557852856 0.0227077857321 -0.0256811524616 -0.00992536180161 -0.00758390232326 0.00402721089502 0.00696725165185 0.0156449655972 -0.00376585751756 0.0319155694998 -0.0102378854641 0.00798719013496 0.0199079549106 0.00947489229406 -0.00961929999127 -1.52821622581e-05 0.0161426443341 -0.0248905960976 0.00123506356126 -0.00391125241763 -0.00201565454204 0.000176920829755 -0.00260695822644 0.0135886358912 -0.011004804789 0.00199076765712 0.00716512300793 0.0307120721503 0.00581732303585 0.00408269291583 -0.00620517174672 0.00126062389077 0.0112715434611 -0.000744908900378 0.0127956777535 0.0378671539607 0.00622838373713 0.00620097546736 0.00300026145988 -0.00755590003117 0.00816974302184 0.0300404758129 0.0235906307356 -0.00736584039144 0.0102779888016 0.00217475529286 0.00959007527992 -0.0046181774219 0.00273713802873 0.00887304869296 0.00558245321166 0.00591647388161 -0.0070080186625 0.0209161855091 -0.0166575277648 -0.0165482624725 0.00262914807782 0.000365165496035 0.0180753140165 0.00792313328473 -0.00215196502402 -0.00819100909639 0.00750937378126 0.0233144659951 0.000968336187734 0.0322708127194 0.0184234904788 -0.00362736689466 -0.00139636767269 0.0129527293876 -0.000877491983666 0.0113898638445 -0.00562587356078 0.0236684330354 0.0163614259971 0.00122747876177 -0.00078947843535 0.0153641356173 0.0174013546189 0.0172282125326 0.00955067104131 -0.000220176652049 0.0112128332559 0.00732874221146 -0.0586877116332 -0.00290882576981 0.0105331403949 -0.000310398052081 
0.0163030055895 0.027439370098 0.0210161536203 0.0128783670984 -0.000476439232675 0.0102924416262 -0.00669567806319 0.123057187324 0.00563516969488 0.0178991583496 0.00701212214595 0.0190092102653 -0.00144387773388 0.0134003148482 0.0177280959697 0.0207494809603 -0.00608204262973 0.0156869823383 0.00247899397272 0.00168766270765 -0.00238503782259 0.00554571555765 0.00882379217585 0.00719748549112 0.0137075330217 0.00135322771065 0.00244506218407 0.00779359546438 0.0134037372029 0.0212305503869 0.00909389726974 0.00943927988365 -0.014798141138 0.0104633367531 0.00039379305351 0.0274036984494 0.0132121692106 0.0146300027456 0.0241518156074 0.00499713077039 8.30317447874e-05 0.00405514908062 0.00258741705425 0.0259878300194 0.00692744612786 0.00576657369615 -0.00619492643223 0.0175012943947 0.00663711713748 0.0149142922689 0.0260695036885 0.0231919253713 0.0127166243474 0.0103591044564 0.00840419165815 0.00492449334007 0.00550694414964 0.0227435777252 0.0153370368726 0.00681567571206 0.0244472971596 0.0234142621926 0.00801646166678 0.011639955987 0.0118556724836 0.00757108921274 0.0119068674267 0.0148094864185 0.00245401614261 -0.0118093474648 0.0109447487079 0.000851673965072 0.000871989680747 0.0121559190576 0.0252205690157 0.0272973600213 -0.00184049994477 0.010877529929 0.00432639111682 0.0101805408674 0.00152532809601 0.00712048570071 0.00759272961941 0.0232761377185 0.00901149800662 0.0197346256057 0.0160163136016 0.0144898044943 0.023026641094 0.0278714074549 0.012661331453 0.0107474360471 0.0128671657063 0.00854437255561 -0.00133615575887 0.0106440907935 0.0116455506479 -0.0036964379026 0.0131519505054 0.0172850504616 
0.0552314228545 0.00566967670824 0.0239110573256 0.0152739075372 -0.00409422747398 0.0308203887774 0.0108672229923 0.00563516969488 0.502442632934 -0.000666797804605 -0.00848868303674 0.0220845064161 0.00118500685057 0.0221507699708 0.0211055124353 0.0780351520148 0.017632834094 0.0162025161909 -0.00331956066499 -0.0102540919715 0.000617034914224 -0.00487046156447 0.0173626713593 -0.00282809762606 0.0258861189539 -0.00300558919204 -0.0072520521238 0.00105744438457 0.0105021148072 -0.0428222169144 0.0265557932108 0.0186477309368 0.0953752430364 0.0213503411578 0.0118559318727 0.00254258070494 0.0126184744666 0.00136712009142 0.0194459002177 0.00139789502965 0.0171365094264 0.053510410413 0.00987983343403 0.0265349332999 0.00107960584647 0.0509614045856 0.0167133732612 0.0667867836696 -0.00132841051293 0.0100389123463 0.0177389942069 0.0168099973351 -0.000835303299527 -0.00784928298972 0.0812239976832 0.0206706137149 0.00746729509474 0.00611223617148 0.0226052824724 0.0107595290262 0.0379323194222 -0.00853931811554 0.00442595652104 0.00964938434422 0.0292308556962 0.0285236339729 -0.0414185116468 0.026192256423 -0.0162060730231 -0.00757771089039 0.0121339563476 0.011109755466 -0.00515817880944 0.00278143591254 0.0204989105309 0.0154811293025 -0.00581824636235 0.0360177608719 0.00211714469705 -0.0224650730061 0.00906619940997 0.0918428551749 0.0149013829116 0.0108623105258 0.0204935273819 0.0359501318754 0.0314344801732 0.0486098881382 0.0172329908646 0.00798585899299 -0.00866016835493 0.00586300484798 0.0224223090767 0.024441344869 0.00987964060163 0.0119293856334 0.034545457091 0.00586395308376 -0.00194890074027 -0.0113023772456 
0.00252039965253 -0.00239948777251 -0.002623729076 0.00254410225928 0.00392684502306 0.0335513835564 0.0170382165235 0.0178991583496 -0.000666797804605 0.227899224646 0.00117464309586 0.00299737808984 0.0402015662226 0.00308303276498 0.0161098564409 0.025157699104 -0.00277335209083 -0.00383885191292 -0.025599640699 0.0092623866161 0.000656842584142 0.0294276507258 0.000198340110265 0.00467686376351 0.0140182847622 0.0113718516608 0.0307879579139 0.00410569533871 0.00237667087807 0.000241563545366 0.0113741161595 0.00403142104464 0.00986755845187 0.0185436380355 0.0222298415761 0.0176760407955 0.0047372440432 -0.0043553381718 0.00129508447438 0.00675612719072 -0.001845058807 0.00707369026072 0.00775489772167 0.0151348075259 0.026871368705 -0.0173919820128 0.0235543294292 0.0378125686318 -0.0100279541549 -0.00800720450412 -0.00471598981538 -0.00974631326758 0.00440479591602 0.0122754334647 0.00947136118769 0.00607844894796 0.00109830163487 0.0108561732012 0.00409361899718 0.0111080827666 0.00675286705303 0.0117376187125 0.0163198478499 0.0211685611345 -0.0152173862743 0.0111308013754 0.00801640552046 -0.012278967415 0.00909636490763 0.171368227805 -0.0120043617584 0.0130569862413 0.0160008734914 0.0109167960413 -0.0031697998645 0.00122649215563 0.0229765463897 0.00813515450067 0.0111911333325 -0.000532507320033 -0.000220980703 0.0166948717643 0.00876113824504 -0.0182447494236 -0.00307826441339 0.0152970806159 0.00608347046012 -0.0022345855658 0.0222752327096 0.0108492723039 0.0062880474434 0.00441386605161 0.0131982772829 -0.00395507018066 -0.0155385280706 -0.000920987312043 -0.00374351214009 -0.0128480004548 0.0104459988276 0.018999916187 
-0.0059637201045 0.0301077935684 0.00722959770951 -0.00244623341247 0.00268336243157 0.00422942295443 0.018054934666 0.00701212214595 -0.00848868303674 0.00117464309586 0.168612452543 0.011621656102 0.010719582432 0.0134179483715 0.0444821512901 -0.00625392506242 -0.020852842654 0.00180169888934 0.00346063665616 0.00788150985205 0.00677719400859 0.000263453014172 0.0131981092976 0.00578917204658 0.0310971392978 -0.00495011863923 -0.0045260454316 0.0127566010968 0.0184688604419 -0.00273004959066 0.00985056416521 0.0124750095569 -0.00966699710812 0.0155261350666 -0.00192084920129 0.018690624715 0.00668125490651 0.0289399501936 0.0141776796384 0.021668151603 0.00438968071697 0.0316955421806 0.000421445581754 0.0123762946406 0.00310051707582 0.0109664756716 0.0243670404621 0.00410459312139 0.0171912332016 0.0226759234448 0.015200361132 -0.00295711139779 -0.00337163668999 0.0051132950574 -0.0210811388597 0.0108924283096 0.00433238400914 0.028724828807 -0.00988619202454 -0.00847515872359 0.024997313455 0.0140301359291 0.00387697948632 0.00115344309617 0.02116188522 0.0140323491065 -0.0131433071132 0.0010317218247 -0.00173769325733 -0.00671696835073 0.00891629397388 0.0118283611623 -0.0121615373536 0.0172565116605 0.00946559095173 0.0206142274597 0.00715957936904 -0.00601057655862 0.0288294317396 0.0248565198603 0.000902717414403 0.0147472731841 0.00322759780318 0.00409180237819 0.0170023692766 0.0192307061592 0.00470754529514 0.00302504608178 0.0227244429783 0.0318902950192 0.0113037203738 0.0178347391227 0.0322214028554 0.00265851305862 0.0145465561859 0.0141607357925 0.0164536875105 0.0121466299997 0.0105325284115 0.0052082343789 
0.0292837167187 0.00868268680251 0.0157810754463 -0.00639687311605 0.00403528593192 0.00864452564798 -0.00952472728988 0.0190092102653 0.0220845064161 0.00299737808984 0.011621656102 0.174993642114 0.00096829608468 0.0124546261816 0.00254659217567 0.0127926943885 0.00292184300985 -0.0115037237258 0.0101322237086 0.0200775504139 0.00567570926746 0.0107298645263 0.0107930606514 0.0103163632916 0.0156829635687 0.0239550836233 0.0125575854766 0.0378216088594 -0.00778514222112 -0.0054998735128 0.00216035615264 0.0289480299609 0.0539438560064 0.0269705036222 0.0059532007296 0.000294463177018 0.0380119801581 0.0147342000395 0.0179600918465 0.0156911326404 0.0265072239805 0.0179949427706 0.0158209924208 0.0196126131206 0.0428510889708 -0.00293471009752 0.0277503207873 0.00272335234549 -0.00520351820173 0.0110212169879 0.00395713877662 0.014618261536 0.00520736775769 0.0101431597179 0.0247067883053 0.0140442680003 0.00984763841636 0.0130629340803 0.00648324240898 -0.00153206974108 0.0148781692621 -0.0111543568993 0.00875909228724 0.0138982439342 0.00800682057702 0.0191159551036 -0.0124750458231 0.0215907267828 -0.00359668461945 -0.00524690418408 -0.00268394832166 -0.00110144534785 -0.00521731293689 0.000188942702694 -0.0017003556541 0.0139208434677 0.00110559643035 0.0278268907578 0.00424033557173 0.0100072410182 0.00757758871689 0.00323417533323 0.0096833713583 0.0161767649715 0.0185459206254 0.0102724196742 0.015737067343 0.0169941227634 0.0262849625726 0.0111827784217 0.00576383762555 0.0173141941433 0.0112562911193 0.0208244739379 0.0275895193121 0.00652138948773 -0.00247956666783 0.00165032251328 0.0119283391912 0.0104382704275 
-0.012491782634 0.00641356154591 0.0110007501106 -0.00518010586331 0.00492572072768 0.0144629898676 0.0171557852856 -0.00144387773388 0.00118500685057 0.0402015662226 0.010719582432 0.00096829608468 0.200870101837 0.0138930146954 -0.000990089906259 0.0134134782885 0.000392005464511 -0.00851267390652 -0.00792112661977 0.00224946905032 -0.0071160468498 -0.0131789525883 0.00866808677222 -0.00473307241896 0.0298619092278 0.011555003757 0.0291434364825 0.0149432797455 0.0174162467038 0.0307999230336 0.00814805055504 -0.00182863402075 0.00409102256666 0.0113260132384 0.0159279398046 0.00452267318739 -0.00717466807662 0.0122913866727 0.00480461761875 0.00570130792036 0.0365965801262 -0.0111717200685 -0.0139442980252 -7.40539769638e-05 0.0243726988362 -0.0289625794818 0.0134343861989 0.0110621430459 -0.00339128489019 -0.00887102401938 0.000555990886012 0.0121457263035 -0.00120334824956 0.0269570577454 0.0235556680461 0.00768027285557 0.00244398592782 0.00989512215295 -0.0102413963025 0.0155482179743 0.0147492533043 0.00885488760052 -0.00531985349314 0.0087417304144 -0.017153298283 0.0283803929012 0.0246924823187 -0.00483252930432 0.011302254261 -0.00994721003666 0.0167423746332 0.0210087379962 0.008604874977 0.0048610699898 -0.0127883564699 0.0210944907152 0.024046702455 0.0200322818257 0.0112683959868 0.00933802555516 0.00765148401612 0.0264597182608 0.00342369931869 0.0195318349462 0.000740251011203 0.00571371459164 0.0100912654482 0.00162641273113 0.023325304133 -0.00462491037846 0.0122120242423 0.00489456877421 0.00402349453524 0.0356919953918 -0.00603812944464 0.0210889572733 -0.000636308887629 0.00520416156723 -0.00707834906854 0.0134169211912 
-0.0616863077599 0.0355632372157 0.0160139853415 0.0159948719003 0.00626295845929 0.013370367253 0.0227077857321 0.0134003148482 0.0221507699708 0.00308303276498 0.0134179483715 0.0124546261816 0.0138930146954 1.28994865747 -0.0019150863872 0.00345064551526 0.0048159406094 0.000677513244246 -0.000249528882113 0.00736282048103 0.0102324665981 0.00289990188118 0.0206606836129 0.0125598246026 0.00894454953163 -0.0227012688126 0.00610810907386 0.01204608543 0.0245156693995 0.0605479907181 -0.0141378690254 0.0153966326456 -0.0330595091765 0.00513718639434 0.00621927688814 0.00488436813466 0.0388467922026 0.0224767088348 0.00886694677941 0.0344964250993 -0.0209328150578 0.0172652801088 0.00481162254893 -0.00441449341639 0.0139265263004 0.0259864187965 0.00227738989708 -0.00357960079238 0.0106154009203 0.0215568773046 0.000496273696378 0.00409066373607 0.0151965072453 -0.005554512077 0.00551857408767 0.007521140495 0.0204880968863 0.0188055203016 -0.00619369962982 0.0110499917093 0.0342801054542 0.00878451761622 0.0481102230682 0.0287536465527 0.0102684896024 0.030706658612 -0.00164944944806 0.0293099912153 0.0149757698108 0.00589164470515 0.0107869013813 0.0203557933827 0.0181114179908 0.00301958246025 0.00132413346203 0.0205552048699 -0.013819862854 0.0202620428614 0.00170652387116 0.00472112606738 0.00801590568788 0.0203233916153 0.0147918296119 0.0171918520348 0.0086638678101 0.0202116923033 0.0218133388128 0.0428016371735 -0.00245141746803 0.0351276899014 0.0196291627829 0.0127894926721 0.015799212814 0.0474052175075 0.0269202666687 0.0157859328477 0.00966784315544 0.00457979083323 0.0783619459777 -0.0167815961552 
0.0114765277412 0.0149655323461 0.0250316422237 0.0504291906058 0.0213246762907 0.00406266117764 -0.0256811524616 0.0177280959697 0.0211055124353 0.0161098564409 0.0444821512901 0.00254659217567 -0.000990089906259 -0.0019150863872 0.385171282274 0.00630567149806 -0.0158356957312 0.0896966115091 -0.00311623811151 0.0142504014303 0.0208038684352 -0.00983500850366 -0.015361341708 0.0225388120962 0.0297266322337 0.00298608313879 -0.00958635067072 -0.00626974944957 0.00744138988894 0.012240536664 0.0627610039729 0.0235329793685 -0.0141460376888 0.0205840587033 0.0106057101781 0.0625599476845 0.0149088594117 0.0124004207771 0.0278460012205 0.0244292977154 0.00617088697727 0.00612372974958 0.0213171098169 0.0381219240393 0.0164113585958 0.0329321768769 0.0787121908339 0.0299353962107 -0.00153721810937 0.0354018076432 0.0294336314167 0.0218734695339 -0.000318677626591 -0.00845342657781 -0.00197503163997 -0.00546796901146 0.0310907167524 0.0673328223939 0.000584646588877 0.0309462665066 0.0622114823102 0.0146981934971 0.0499486759096 0.0551426338527 0.0198237906664 0.0206987806003 0.0224157130007 0.0103374048055 0.000794656738507 -0.0126863978478 0.00593824147208 -0.00936205510509 0.0121657640579 0.0253127528051 0.00451301859232 0.00900986156937 0.0246467597058 0.0130301331492 0.00790953928941 0.0373879161017 0.0227176896141 0.0443699875534 0.0169553455915 0.0250685459607 0.0394384688557 -0.00191924274627 0.0303508264601 0.0203860605379 -0.015720518325 0.0792952282882 0.0143383050755 0.00719532394389 0.0101288438002 0.0222414724947 0.0385950986185 -0.0067049394719 -0.00453730258699 0.11462418015 0.0166760766852 0.0140834801858 
0.00176412430824 -0.00048603853033 0.0102340432229 -0.00934700098886 0.0267103216211 0.00284686911013 -0.00992536180161 0.0207494809603 0.0780351520148 0.025157699104 -0.00625392506242 0.0127926943885 0.0134134782885 0.00345064551526 0.00630567149806 0.200975529803 0.00451213743152 0.00267715211053 -0.0079158387242 0.00280201556717 0.000910795905906 -0.000993498136547 0.00810833507079 5.63159103377e-05 0.0177696872782 0.0395312480525 -0.00602231021517 0.00355195074512 0.00558087948461 0.00554350929314 -0.00893614826987 0.0112704790873 0.0162736694084 0.00885871046204 0.0164857963451 0.0215863553795 0.000193533376835 0.00827245227202 0.00267087752154 0.00399765745775 0.00716483978149 0.00789110675201 -0.00310736170735 0.0103787779348 0.0419042226704 -0.00708691239376 0.0081235876733 0.0334512229605 -0.00415919163514 0.00589601824945 -0.00348571573329 0.0078103386258 0.0100521100707 0.0244930528846 -0.00779685810009 0.0119784205405 0.00137125257036 -0.00317778957044 0.01116883495 0.00113380207689 0.0254900863285 0.033172834209 0.0171900843633 0.0135790365994 0.00732414188658 0.00481518202436 -0.000372291748021 0.004381930209 0.0053620780925 0.00242039399868 0.0288474519971 -0.00270715835809 0.00565001420948 0.019484005943 0.0787598181129 0.00492395830418 0.00980940723453 0.0151830645146 -0.0104581307961 0.0040995653901 0.00321220161359 0.00317125494823 0.000488387940687 0.00706105462128 0.0208006302912 -0.00974794224384 0.0577384496048 -0.00370011327727 0.00929551600044 0.0108484397387 -0.00724187644608 0.00533198642849 0.00455516092194 0.0016941202294 0.0143550667171 0.0116238936507 -0.0057238140096 0.012537026858 0.0217401602763 -0.0174550369697 
0.011436082029 -0.0269595316715 -0.0122586638856 0.0288886900479 0.00757786130449 -0.00788811875821 -0.00758390232326 -0.00608204262973 0.017632834094 -0.00277335209083 -0.020852842654 0.00292184300985 0.000392005464511 0.0048159406094 -0.0158356957312 0.00451213743152 0.353345781743 0.00395672063219 0.00816783700607 0.0131009532912 0.00192288908294 0.00277378962694 0.0137729440515 0.0089592605589 -0.0169885493255 -0.0179271434831 -0.00899897917349 0.0139783622945 -0.00990976302263 0.0196022583502 -0.0121143101597 -0.00229179894361 -0.0016801317072 -0.00242691536257 -0.00198449468804 0.0160686392833 0.00467523642281 0.00237378106829 -6.59523167318e-05 -0.00498514092754 0.0118408557448 0.0236637852129 -0.00906248643738 0.0125693438657 0.0104339957264 -0.010244137592 0.0156443993579 -0.00716267452874 -0.000978154039711 0.0206895598833 0.0114876959552 0.0110949542504 1.18571106258e-05 0.0178811888232 0.0121027954869 0.0281502202706 -0.00667342060341 0.0262192962668 0.0155305966936 0.0074191275184 0.00616860754833 0.0369208720203 0.000522320772242 -0.0200032310144 0.013473596674 0.0121869082201 -0.000229824966631 -0.000837490111537 0.0186789062262 -0.0174074257225 -0.00812452372109 0.00103845205247 0.0144627444055 0.00304218587346 -0.010872152474 0.00479531110876 0.012508487444 0.0177873659794 -0.0273928515412 -0.0129234904955 0.0296050271312 0.00288534424119 -0.00129445642487 -0.00350517634213 -0.00935914640953 0.0244733021986 0.000339042044703 0.0308692173454 0.0118344883091 0.0533702016835 0.00176628225753 0.0057269729647 0.0175871607826 0.00250163841275 0.0115941881601 0.00182423969783 0.00703139262266 -0.0187959148927 0.0134402723865 0.00764584901709 
0.0315704441539 0.0251106365647 0.0175903405385 0.00576915313721 -0.00307973653548 0.0138104002428 0.00402721089502 0.0156869823383 0.0162025161909 -0.00383885191292 0.00180169888934 -0.0115037237258 -0.00851267390652 0.000677513244246 0.0896966115091 0.00267715211053 0.00395672063219 0.424613210419 0.00109055037056 -0.00778974103103 -0.000275776283704 0.00421894022162 0.0168451482099 -0.0151224284825 0.00781270454106 0.0301768695779 -0.0280314033242 0.00272335632339 -8.35999297247e-05 0.00648663294403 -0.00921999365855 -0.0223041680044 -0.0175714807304 -0.00281271156772 -0.0105994194884 0.0182317860767 0.0299230525275 0.00208455779015 0.00935181770672 0.0265232968519 -0.00743039121893 0.041658475288 0.0457505489478 0.0123442576981 -0.00388275719829 0.0165457449035 0.0124795153658 0.050928480866 0.00526993549879 -0.0137944979078 0.0317647064005 0.0198330216866 -0.0088020114606 -0.0335749331651 0.0145507273117 0.0601925401201 0.0122149652484 -0.00290851553489 -0.010208170892 0.00672749654502 -0.00344504671962 0.0140378323981 -0.0272549610729 -0.00266383578122 0.0039103742375 -0.00668099396329 -0.0129254420825 -0.0191171937481 -0.00333382483271 -0.0123017398703 -0.0282916198823 -0.00255050700256 0.0137727392202 0.0120998245263 0.0236591403303 0.00244679536004 0.0197180710873 0.0175637392471 0.0159223768208 -0.00986326135939 -0.0120227484465 0.00907118005674 -0.00103727695189 0.00636927289046 0.00881535130729 0.0363964198476 0.00297477088562 0.00294441492133 0.0124875019007 0.0131755344242 0.0239758739852 -0.00565963115336 0.0117634172431 0.045776832692 0.00361893256426 -0.00168814415848 0.0175136010941 0.0366254910834 0.00900964683469 0.00823057074777 
0.0065793833504 0.00718990480108 0.0217652882836 0.0433501100372 0.00285499873594 -0.00460124230025 0.00696725165185 0.00247899397272 -0.00331956066499 -0.025599640699 0.00346063665616 0.0101322237086 -0.00792112661977 -0.000249528882113 -0.00311623811151 -0.0079158387242 0.00816783700607 0.00109055037056 0.616670794351 0.0130076987285 -0.0171482564116 0.0186076002716 -0.000145048912853 -0.00678666131754 0.0104227952875 0.00134607902021 0.00576564195737 0.0154067688454 0.00619592202115 0.0120251648485 -0.00782775547234 0.01348527452 0.0462659331454 0.0159487691242 0.0325235543594 -0.00476000873582 0.0139713542301 0.00867415088196 0.0172620389775 0.00177953796012 0.0226764612813 0.0150428940249 0.00707001850307 -0.00601013140614 0.0244321975017 0.0261241289144 0.0227494950716 0.00951842732842 0.00235967631944 -0.00416247925652 0.00986303035012 0.00680148123605 0.0191459738077 -0.00799052285115 0.00619783622647 0.0401245906136 0.0402394444654 0.0236613806457 0.00697926848719 -0.0181754394877 -0.00236170846682 -0.0132275080271 0.00252210793753 -0.00457861325478 -0.000475680381861 0.0210707657486 -0.00710604827597 0.0242740300571 0.00900748334468 0.00321455992793 0.0426433522056 0.0154906757492 0.00200734440545 0.00687964332174 0.00152425223068 0.00249570143986 -0.0281408027201 0.0265382853202 0.0255801634418 -0.021291327672 0.0134565928448 0.000728305619546 0.031909545314 0.0132905406607 -0.0207310474569 0.029739747566 0.0179224034264 0.0113559392693 0.0123365825359 0.0217023844611 0.0123014136316 0.0181165244918 -0.0114133072032 -0.0119390399594 0.00803286539952 0.00635693776272 0.00647203700128 0.00384312568708 0.0687179532524 0.0200709645544 
0.00502333727888 0.00323218797202 0.0262030248486 0.0269466422388 0.0378123474784 -0.00615778073859 0.0156449655972 0.00168766270765 -0.0102540919715 0.0092623866161 0.00788150985205 0.0200775504139 0.00224946905032 0.00736282048103 0.0142504014303 0.00280201556717 0.0131009532912 -0.00778974103103 0.0130076987285 0.297563449498 0.0187143255016 0.00783120721925 0.00343605183541 0.0175598743192 0.0167487233708 -0.016910743306 0.00331953652864 0.0274092803819 0.00739350369626 0.0274384177561 0.0241054716491 0.0375444372478 0.000733292330516 -0.00249429852043 0.00655205887943 0.00862415669265 -0.00584212550555 -0.000295131491518 0.0142550404497 0.0329130076541 0.0263960784908 0.0294149097962 0.0198471830571 0.0307055732815 0.0137523794811 -0.0102483483956 0.0399094938274 0.00615719407856 0.0124596101366 0.000384943406318 0.00994408027221 0.00838182308647 0.017277943285 0.0369716965235 -0.0146216360107 0.031410685871 0.00269627310616 0.00815041775007 0.00287256506807 -0.00117054081102 0.0512948743394 -0.00234001040068 0.0182322468091 0.0192613750918 0.0132039251655 0.0197384446067 0.0101965968752 0.00904848118879 0.00747812307184 0.00328891403378 0.0128896532127 0.00825201271871 -0.00291554053258 0.0239700730083 -0.00760693065758 0.0073358275424 0.00750427349326 0.0129008598987 0.00052502055856 0.00497206706972 0.0109135647265 0.00501596715978 0.0157048433238 0.0178761321279 0.0416947196224 0.0160174875436 0.0202575839052 -0.00494134335031 0.00735801657689 0.0617656821115 0.00665174726031 0.00187213597539 0.00553745032449 0.0208503121704 0.0263720179854 0.00308028481988 -0.0159632261432 0.0216034725752 0.00881890075514 0.0219732987566 
0.0133793188804 -0.001131432403 0.00638845168375 0.00221421091514 0.00884656200326 -0.0119764653898 -0.00376585751756 -0.00238503782259 0.000617034914224 0.000656842584143 0.00677719400859 0.00567570926746 -0.0071160468498 0.0102324665981 0.0208038684352 0.000910795905906 0.00192288908294 -0.000275776283704 -0.0171482564116 0.0187143255016 0.192915237213 0.0235250669555 0.00922988775842 0.00869135412222 0.0122866493944 0.0411952694457 -0.0114355403141 -0.0153821160997 0.00706264169295 0.0055888956324 0.0181877808542 -0.0211898191365 -0.0180622358435 0.0290610077363 -0.00724770084382 0.0117721445063 -0.00447468552465 0.00642465544914 0.00692229661636 0.00517569818384 0.0174710908558 0.0170781139332 0.0195550121784 -0.00187218525014 -0.00966425229642 0.0247135919195 0.0489972297074 0.019439123588 0.0234665779767 0.00203458860241 -0.0129243578849 0.0292875641233 0.00260679695856 0.0227415831839 0.00877828907346 -0.00933312110908 0.0089520142727 0.00338771512965 0.0114310038665 -0.00117958414149 0.0105740377268 -0.00185569995923 0.01522014971 -0.0102072427302 0.01443437708 0.0414673438739 0.00922111336626 -0.025252260914 0.0152120473804 0.0153120448136 0.0115061512636 0.00857440606762 0.0269073192076 0.024159225564 0.0134965923873 0.0149790766548 0.00532555016979 0.0162018091567 0.0115433431065 0.00742343746713 0.034695049565 0.000177158107345 0.000135830584068 -0.0117886840548 -0.0110149834916 0.00310718061699 0.0143324276852 -0.00177171375845 0.0277812525222 0.0169512706853 0.00239206000936 0.0116827630914 0.00744832830018 0.00938040096402 0.0127996807127 0.00276142491224 0.0133256626903 -0.00903737476853 0.00921435128448 -0.00428541977886 
0.0148393230283 -0.000881084832878 -0.0126279090829 -0.00359970984533 0.0159301364456 -0.0137082232647 0.0319155694998 0.00554571555765 -0.00487046156447 0.0294276507258 0.000263453014172 0.0107298645263 -0.0131789525883 0.00289990188118 -0.00983500850366 -0.000993498136547 0.00277378962694 0.00421894022162 0.0186076002716 0.00783120721925 0.0235250669555 0.158839985953 -0.0203095316696 0.00989018161761 0.0126537061504 0.0111591385915 0.0197365518279 -0.00139771280293 -0.00531711266197 0.012958029478 0.0027343502699 0.00720683051897 -0.00629683393182 0.000251640128544 0.00653246666534 -0.00521532787677 0.0155749776069 0.0121798422575 0.0101103687079 0.0362506590167 0.0162822405011 0.00627599313058 0.00934843103701 0.0085814350712 0.0036498084944 0.0131781548361 0.0339496324121 0.0656455833661 0.0106984669637 -0.00198418182606 0.00800255567124 0.0101065941891 0.0182607142277 0.0283271325117 0.0235400133293 0.00245372436489 0.0168969538605 0.00678704614651 -0.00549194080706 0.0112957295533 0.0131575305649 0.0219776543213 0.0224340281685 0.00868368431386 0.0142905512291 0.0051408971906 0.0172427505851 0.0238993787158 0.00189882327161 0.000218632953578 0.00141956059098 0.0245513405036 0.00121930522615 0.0128272195362 -0.000783510325119 0.010869331078 0.0141559237893 -0.00635290645181 0.0144723750225 0.000758727686247 0.00417769670564 0.0221763524432 0.00930665022801 0.00120536682276 0.020138865203 0.0244907960406 0.0257065581202 0.00215775509547 0.0082706889057 0.0308068323719 -0.00157570471674 0.00795156516524 -0.00564684871121 -0.00534239876125 -0.013632553039 0.00957738756132 0.011492345127 0.0178494618627 0.044346652249 0.0163946495103 
0.014389992924 0.00607419754061 0.010347012002 0.0316415458889 0.0222946130667 0.0311887278439 -0.0102378854641 0.00882379217585 0.0173626713593 0.000198340110265 0.0131981092976 0.0107930606514 0.00866808677222 0.0206606836129 -0.015361341708 0.00810833507079 0.0137729440515 0.0168451482099 -0.000145048912853 0.00343605183541 0.00922988775842 -0.0203095316696 0.191738209744 -0.0128680380989 0.0155079782571 0.00902681772563 -0.0316908845317 0.00808094646462 0.00629013195708 0.00206483537292 -0.00593932450009 0.0143489069669 -0.00179771545352 0.0178688740882 0.0128091064415 -0.00424162060212 0.0182765610929 0.00891229423383 0.0158390590297 0.00208324625426 0.0362351283159 0.00695399700151 0.0181347032959 0.00736791701467 0.0190702300057 -0.0148499630502 0.0134821435859 0.0263253992057 0.00467298429118 -0.00269784120733 0.0242822495705 0.0220506159916 -0.00543959455881 -0.0274302280686 0.0364865785398 0.0253912699137 0.00682202819231 0.0183798819368 -0.00205827492558 0.0119225933924 0.0119663264368 -0.00339884822956 -0.00581883803192 -0.00145417251656 0.0204728108168 -0.00347857988419 0.0336052226858 0.031962818903 -0.00456692700598 0.0252512090049 0.0149934566845 0.00764246946018 0.00941439798256 0.0174385021409 0.00600649106566 0.00521400114098 0.00114567780709 0.0179513169149 0.0246871493292 0.00854807281272 0.0182167194984 0.00759344547277 -0.00111092343011 0.000598325796991 -0.0127077420389 0.00658656821904 0.0040436187243 0.00536840602872 0.0147025306708 0.0314450526342 -0.00528881795403 0.011777280973 0.0174814260957 0.0290872892033 0.0802038362614 0.0123051208776 0.0162387601811 -0.00987961405684 -0.0166990665374 0.00212844518136 
