20
0.0101927526284 0.0243185800675 0.0493870590102 0.110578936942 0.046041615311 0.168192385625 0.134360436546 0.0114549593271 0.00646873977314 0.0524263551757 0.16701162673 0.0495038718221 0.0590120409917 0.0451759103614 0.0601344650096 0.0637387331612 0.0445346556631 0.399937027552 0.0824662750087 0.0541634245192 
0.258902690946 0.00329189996435 0.0287502527631 0.0238574389605 0.0177334836531 0.00914620758787 0.0221249393146 0.0245944494605 0.0277887506983 0.0592650424565 0.0204383081184 0.0100589685187 0.0381970327201 0.0214265978214 0.00405409636238 0.00100222630921 0.0468803849383 0.0400354010476 0.013029795315 0.010827482465 
0.00329189996435 0.237217269026 0.0315225854481 0.0113009506377 0.0204874613861 0.0028609291652 -0.00682338301843 0.0108997479048 0.0146796806469 0.00889558033291 0.0231713291534 0.00404742047759 0.0140507002626 -0.0225975850905 0.0238158100302 0.0364081947842 0.00974619970351 0.0202537278486 -0.0033608789993 0.019772008235 
0.0287502527631 0.0315225854481 0.222742848605 -0.00489633126935 0.0153106802294 -0.00528538801594 0.0180175546815 0.0223107074765 0.0256644553332 -0.00827056800509 0.00281560904775 0.0103838656832 0.0183504912878 0.0128369702724 0.016922768486 0.0230420301528 0.0116424133718 0.0170781664843 0.0345926532652 0.0213163095313 
0.0238574389605 0.0113009506377 -0.00489633126935 0.846541419553 0.0161431031751 0.000320138439541 0.0201192560024 0.0225212768779 0.0195468680247 0.057301137814 0.0282474497993 0.0139891861675 0.00913792431677 0.0219208566886 0.012422322256 0.0538529202238 0.012367221672 0.0584265746186 0.00964709620437 0.00159487343418 
0.0177334836531 0.0204874613861 0.0153106802294 0.0161431031751 0.308132265557 0.0160092959665 0.0288717734989 0.0329679618642 0.0939185501625 0.0186982005112 0.0161792942623 0.0102737391222 0.0187972953127 0.0215267517956 0.0257263592169 0.0236103677451 0.0091024410922 0.0169370662584 0.0124785024835 0.0222455627441 
0.00914620758787 0.0028609291652 -0.00528538801594 0.00032013843954 0.0160092959665 0.701527102296 0.0149912812782 0.0240270826957 0.0134133433098 0.00259118616712 0.157589857343 0.039119621835 0.0127369827929 0.0207779573708 -0.00273061858472 0.0220008891257 0.00379943668634 -0.0144176366291 -0.0191499426645 0.00417978417058 
0.0221249393146 -0.00682338301843 0.0180175546815 0.0201192560024 0.0288717734989 0.0149912812782 0.565267167986 0.0262304369781 0.000169652203838 -0.0222479467838 -0.0130628357694 0.0114649280678 0.0251936002223 0.039175657811 -0.00220603474831 0.0446050592051 0.0260287522705 0.0209979314184 0.081297046993 -0.0306478554611 
0.0245944494605 0.0108997479048 0.0223107074765 0.0225212768779 0.0329679618642 0.0240270826957 0.0262304369781 0.173903992536 0.048908790084 0.000520288096329 0.0129733168359 0.0293864410515 0.0140798617058 0.0208192352495 0.0258785047009 0.00424643904365 0.012966830366 0.0299798503261 0.00382887035285 0.00828075338997 
0.0277887506983 0.0146796806469 0.0256644553332 0.0195468680247 0.0939185501625 0.0134133433098 0.000169652203838 0.048908790084 0.191554860204 0.00625530539437 0.0257164787068 -0.00375278387963 0.0304946895223 0.0149875514262 0.02399793136 0.00458897515992 0.0218190533782 0.0136075012904 0.0159134813695 0.0373552450905 
0.0592650424565 0.00889558033291 -0.00827056800509 0.057301137814 0.0186982005112 0.00259118616712 -0.0222479467838 0.000520288096329 0.00625530539437 0.301881039804 0.015572800759 0.0475323615291 0.000326563531064 0.0159720225627 -0.00445756817034 -0.0120386131426 0.0203347711263 0.0720459802859 -0.0013343427276 0.00133217385282 
0.0204383081184 0.0231713291534 0.00281560904775 0.0282474497993 0.0161792942623 0.157589857343 -0.0130628357694 0.0129733168359 0.0257164787068 0.015572800759 0.490712689405 0.0286865688291 -0.00171460051886 0.0340513515988 0.0195549400411 -0.00287907394958 0.0250988804948 0.0179358845946 0.0184074279116 -0.0059488226921 
0.0100589685187 0.00404742047759 0.0103838656832 0.0139891861675 0.0102737391222 0.039119621835 0.0114649280678 0.0293864410515 -0.00375278387963 0.0475323615291 0.0286865688291 0.329058145509 -0.000141831086125 0.0351114569913 -0.00135104524104 0.0159600388922 0.0197911779805 0.0304030046389 -0.0093629964249 0.0114820906121 
0.0381970327201 0.0140507002626 0.0183504912879 0.00913792431677 0.0187972953127 0.0127369827929 0.0251936002223 0.0140798617058 0.0304946895223 0.000326563531064 -0.00171460051886 -0.000141831086125 0.293737816622 0.00265527205751 0.00795946851176 0.0191277111123 -0.00245304450608 0.0151376507334 0.0328364443717 0.0115412093521 
0.0214265978214 -0.0225975850905 0.0128369702724 0.0219208566886 0.0215267517956 0.0207779573708 0.039175657811 0.0208192352495 0.0149875514262 0.0159720225627 0.0340513515988 0.0351114569913 0.00265527205751 0.382502707593 0.0576794404702 0.014953445932 0.0283380354102 0.0330411700015 0.0270262530933 0.011040179761 
0.00405409636238 0.0238158100302 0.016922768486 0.012422322256 0.0257263592169 -0.00273061858472 -0.00220603474831 0.0258785047009 0.02399793136 -0.00445756817034 0.0195549400411 -0.00135104524104 0.00795946851176 0.0576794404702 0.29227290838 -0.0170873337229 -0.0224391685849 -0.0221231423799 -0.0337416406873 0.0454168960505 
0.00100222630921 0.0364081947842 0.0230420301528 0.0538529202238 0.0236103677451 0.0220008891257 0.0446050592051 0.00424643904365 0.00458897515992 -0.0120386131426 -0.00287907394959 0.0159600388922 0.0191277111123 0.014953445932 -0.0170873337229 0.425175039971 0.105986492652 0.0113211610452 0.144738407576 -0.0182074806947 
0.0468803849383 0.00974619970351 0.0116424133718 0.012367221672 0.0091024410922 0.00379943668634 0.0260287522705 0.012966830366 0.0218190533782 0.0203347711263 0.0250988804948 0.0197911779805 -0.00245304450608 0.0283380354102 -0.0224391685849 0.105986492652 0.62348782536 0.000279095571818 0.0255921667864 0.0220322764937 
0.0400354010476 0.0202537278486 0.0170781664843 0.0584265746186 0.0169370662584 -0.0144176366291 0.0209979314184 0.0299798503261 0.0136075012904 0.0720459802859 0.0179358845946 0.0304030046389 0.0151376507334 0.0330411700015 -0.0221231423799 0.0113211610452 0.000279095571818 1.32831421497 0.0191358722878 -0.00241365308578 
0.013029795315 -0.0033608789993 0.0345926532652 0.00964709620437 0.0124785024835 -0.0191499426645 0.081297046993 0.00382887035285 0.0159134813695 -0.0013343427276 0.0184074279116 -0.0093629964249 0.0328364443717 0.0270262530933 -0.0337416406873 0.144738407576 0.0255921667864 0.0191358722878 0.443448604147 -0.00875213035206 
0.010827482465 0.019772008235 0.0213163095313 0.00159487343418 0.0222455627441 0.00417978417058 -0.0306478554611 0.00828075338997 0.0373552450905 0.00133217385282 -0.0059488226921 0.0114820906121 0.0115412093521 0.011040179761 0.0454168960505 -0.0182074806947 0.0220322764937 -0.00241365308578 -0.00875213035206 0.318919370011 
0.0224216307467 0.000285086899584 0.00248984492581 0.00206611482091 0.00153576473411 0.000792084811938 0.00191607595036 0.00212994180249 0.00240657640442 0.00513250323237 0.00177000940409 0.000871132227308 0.00330796006848 0.001855597803 0.000351095043921 8.67953444118e-05 0.00405996042958 0.00346716743579 0.00112841337489 0.000937687487369 
0.000285086899584 0.0205436181193 0.0027299359791 0.000978691033915 0.00177426620194 0.000247763733549 -0.000590922303371 0.000943945858041 0.00127129763597 0.000770379854971 0.00200669596863 0.000350516895339 0.00121682633684 -0.00195700827525 0.00206250964979 0.00315304215891 0.00084404565336 0.00175402428382 -0.000291060659244 0.00171230614153 
0.00248984492581 0.0027299359791 0.0192900965403 -0.00042403472646 0.00132594380279 -0.000457728029066 0.00156036600682 0.00193216394511 0.00222260702928 -0.000716252199613 0.000243838896248 0.000899269147112 0.00158919916272 0.00111171423635 0.00146555474113 0.00199549834671 0.00100826257414 0.00147901260255 0.0029958116512 0.0018460465569 
0.00206611482091 0.000978691033915 -0.00042403472646 0.0733126374689 0.00139803374456 2.7724802137e-05 0.00174237868033 0.0019503997902 0.00169280842738 0.00496242410127 0.00244630091183 0.00121149905993 0.000791367459618 0.00189840187651 0.00107580466477 0.00466379969818 0.00107103281422 0.00505988978758 0.000835463038574 0.000138120090982 
0.00153576473411 0.00177426620194 0.00132594380279 0.00139803374456 0.0266850369698 0.00138644570037 0.00250036893023 0.00285510924854 0.00813358503274 0.00161931166477 0.00140116798465 0.000889731907166 0.00162789352632 0.0018642713916 0.00222796806287 0.00204471782599 0.00078829452223 0.00146679296454 0.00108067001519 0.00192652224579 
0.000792084811938 0.000247763733549 -0.000457728029066 2.7724802137e-05 0.00138644570037 0.0607540292032 0.00129828304222 0.00208080639933 0.00116162960559 0.000224403304666 0.0136476819838 0.00338785862956 0.00110305506662 0.00179942389219 -0.000236478506242 0.00190533288887 0.000329040869044 -0.00124860395833 -0.00165843368285 0.000361979927405 
0.00191607595036 -0.000590922303371 0.00156036600682 0.00174237868033 0.00250036893023 0.00129828304222 0.0489535727402 0.00227162247754 1.46923118332e-05 -0.00192672870968 -0.00113127476217 0.000992891895925 0.00218182978053 0.00339271148743 -0.000191048213367 0.00386291144089 0.0022541560695 0.00181847420353 0.00704053079486 -0.00265418214008 
0.00212994180249 0.000943945858041 0.00193216394511 0.0019503997902 0.00285510924854 0.00208080639933 0.00227162247754 0.0150605275356 0.00423562546811 4.50582708707e-05 0.00112352219512 0.00254494044774 0.0012193517919 0.00180299866135 0.0022411442483 0.000367752408743 0.00112296045036 0.00259633119841 0.000331589899337 0.000717134279819 
0.00240657640442 0.00127129763597 0.00222260702928 0.00169280842738 0.00813358503274 0.00116162960559 1.46923118332e-05 0.00423562546811 0.0165891375155 0.000541725337996 0.0022271123856 -0.000325000617467 0.00264091758068 0.00129796002756 0.00207828181961 0.000397416906583 0.0018895854512 0.00117844417995 0.00137814791287 0.0032350591213 
0.00513250323237 0.000770379854971 -0.000716252199613 0.00496242410127 0.00161931166477 0.000224403304666 -0.00192672870968 4.50582708707e-05 0.000541725337996 0.0261436649391 0.00134864410654 0.0041164232586 2.82812313851e-05 0.00138321772891 -0.000386036727462 -0.00104257448079 0.00176104283755 0.00623936491681 -0.000115557469945 0.00011536963988 
0.00177000940409 0.00200669596863 0.000243838896248 0.00244630091183 0.00140116798465 0.0136476819838 -0.00113127476217 0.00112352219512 0.0022271123856 0.00134864410654 0.0424969654984 0.00248432973534 -0.000148488760667 0.00294893355177 0.00169350748451 -0.000249335117971 0.0021736268115 0.00155329316983 0.00159413001897 -0.000515183157397 
0.000871132227308 0.000350516895339 0.000899269147112 0.00121149905993 0.000889731907166 0.00338785862956 0.000992891895925 0.00254494044774 -0.000325000617467 0.0041164232586 0.00248432973534 0.0284972713333 -1.22829323631e-05 0.00304074137183 -0.00011700395004 0.0013821799126 0.00171396629019 0.00263297743687 -0.00081085927595 0.000994378215865 
0.00330796006848 0.00121682633684 0.00158919916272 0.000791367459618 0.00162789352632 0.00110305506662 0.00218182978053 0.0012193517919 0.00264091758068 2.82812313851e-05 -0.000148488760667 -1.22829323631e-05 0.0254384411247 0.000229953305576 0.000689310193181 0.00165650837395 -0.000212439885888 0.00131095900888 0.00284371949958 0.00099949804893 
0.001855597803 -0.00195700827525 0.00111171423635 0.00189840187651 0.0018642713916 0.00179942389219 0.00339271148743 0.00180299866135 0.00129796002756 0.00138321772891 0.00294893355177 0.00304074137183 0.000229953305576 0.0331257061792 0.00499518607233 0.00129500640512 0.00245414585586 0.0028614492592 0.00234054217479 0.00095610761354 
0.000351095043921 0.00206250964979 0.00146555474113 0.00107580466477 0.00222796806287 -0.000236478506242 -0.000191048213367 0.0022411442483 0.00207828181961 -0.000386036727462 0.00169350748451 -0.00011700395004 0.000689310193181 0.00499518607233 0.0253115763495 -0.0014798065087 -0.00194328900343 -0.00191592033125 -0.00292211180005 0.00393321857407 
8.67953444118e-05 0.00315304215891 0.00199549834671 0.00466379969818 0.00204471782599 0.00190533288887 0.00386291144089 0.000367752408743 0.000397416906583 -0.00104257448079 -0.000249335117971 0.0013821799126 0.00165650837395 0.00129500640512 -0.0014798065087 0.036821238567 0.00917869950949 0.000980441306545 0.0125347137864 -0.00157681408205 
0.00405996042958 0.00084404565336 0.00100826257414 0.00107103281422 0.00078829452223 0.000329040869044 0.0022541560695 0.00112296045036 0.0018895854512 0.00176104283755 0.0021736268115 0.00171396629019 -0.000212439885888 0.00245414585586 -0.00194328900343 0.00917869950949 0.0539956295712 2.41703855278e-05 0.00221634665749 0.00190805111467 
0.00346716743579 0.00175402428382 0.00147901260255 0.00505988978758 0.00146679296454 -0.00124860395833 0.00181847420353 0.00259633119841 0.00117844417995 0.00623936491681 0.00155329316983 0.00263297743687 0.00131095900888 0.0028614492592 -0.00191592033125 0.000980441306545 2.41703855278e-05 0.115035385437 0.00165721515248 -0.00020902848882 
0.00112841337489 -0.000291060659244 0.0029958116512 0.000835463038574 0.00108067001519 -0.00165843368285 0.00704053079486 0.000331589899337 0.00137814791287 -0.000115557469945 0.00159413001897 -0.00081085927595 0.00284371949958 0.00234054217479 -0.00292211180005 0.0125347137864 0.00221634665749 0.00165721515248 0.0384037756464 -0.000757956722212 
0.000937687487369 0.00171230614153 0.0018460465569 0.000138120090982 0.00192652224579 0.000361979927405 -0.00265418214008 0.000717134279819 0.0032350591213 0.00011536963988 -0.000515183157397 0.000994378215865 0.00099949804893 0.00095610761354 0.00393321857407 -0.00157681408205 0.00190805111467 -0.00020902848882 -0.000757956722212 0.0276192276188 

['INTC', 'WPI', 'CIT', 'UVN', 'RF', 'JNS', 'TXU', 'PFG', 'BBT', 'LLTC', 'PKI', 'DIS', 'MO', 'AZO', 'DG', 'WFT', 'DJ', 'JDSU', 'DVN', 'ABT']