40
0.0785253906611 0.117315051398 0.161692830297 0.0749299903321 0.190895055806 0.065309734793 0.025042174885 0.0336878097659 0.0499403633474 0.134016582451 0.0363676427781 0.0161964684659 0.0070666509449 0.0121413644826 0.0800542827641 0.0279461936292 0.0559799775446 0.0617018630506 0.0360508970818 0.0123351660469 0.125568601155 0.0669670800901 0.00633581846688 0.12260521459 0.1366928931 0.022775665512 0.0301217617298 0.0887704215167 0.110057805124 0.0916609470377 0.0511719962834 0.022553065058 0.101670797752 0.275152850517 0.0493961611292 0.0482129600444 0.28152338764 0.0791171504464 0.037281538924 0.0331605059077 
0.315393011114 -0.00908848891708 0.0014566081618 0.0452008643284 0.0464069760519 0.00685994997998 0.0379316256224 0.0736735486352 0.0110191726238 0.0231482350956 0.0128169799253 0.0189817511467 0.0139451260014 -0.00600238050417 0.0397292693348 -0.00107173852626 0.0341910702655 0.00532796146215 0.0217688130679 -0.00848328546412 0.0328613885437 0.026207639874 0.033280257457 0.0158438240152 0.00496352222124 0.0197260245102 0.00644173405582 0.0398541662502 0.049463946017 0.00863867735264 -0.0115793956984 0.00619264414141 0.00273887704562 -0.00461345216843 0.000839566771663 0.0275647292973 -0.0321085543211 0.0366322368811 0.0489229546497 0.010839275184 
-0.00908848891708 0.34985704951 0.0245780122436 0.0163435662169 -0.0146154027141 0.0132290237321 0.00937025002447 0.0254290713906 0.021677032068 0.00464097818516 0.00189138335969 -0.00152374395892 0.0217989491962 0.0158069116598 0.0111926147291 0.00152706947966 0.024017422479 0.0280509550258 0.0217499344741 0.0362132716039 -0.0140229668515 0.0131442489662 0.00262702593002 0.00988766783577 0.0131589748565 0.0114664369268 0.0216491986303 0.0440769787977 0.00860900464084 -0.00725143441162 0.0277306501725 -0.0029134073245 0.00780912534744 -0.0511359797195 0.0143657938625 0.014285421734 0.109311759915 0.0224805307442 0.0246696085066 0.0125763349356 
0.0014566081618 0.0245780122436 0.896905945388 0.00445635347068 0.00322623105352 -0.00353276470821 0.0306830883278 0.0276352433347 0.0384495954417 0.0430144819461 0.0165837511385 0.00460002564406 0.0123253499927 0.00972269713495 0.00860177663921 0.0369519583715 0.0225067331896 0.0166029166308 0.017750465462 0.0166044304502 0.00685012171322 -0.0135316055782 -0.00331682527071 0.0148617836304 0.00307536052979 0.0245836493977 -0.00469949381516 0.0137893680131 -0.00324512197379 0.00975106041639 0.036097185824 0.00595111448269 -0.00733195065379 -0.0095908175787 0.0203040922458 0.0132452559032 -0.037471911759 0.0335836132929 -0.00456316706853 0.0260457120157 
0.0452008643284 0.0163435662169 0.00445635347068 0.403250176812 0.018071895142 0.0440356004676 0.0228252110459 0.089932945479 0.0256091102379 0.0135212796811 0.0276069273802 0.0231764351061 0.0284322952754 0.0388508747583 0.0305030510078 -0.00417743708689 -0.0105802820533 -0.00157855961418 0.0301743585339 0.0215967044339 0.0572118965586 0.0323748494327 0.0524097343697 0.0463712115588 0.00671403582481 0.0213718757335 2.03113511647e-05 0.0292989176333 0.0986901689423 0.0126437146098 -0.011361425965 0.0110477581984 0.00837306679449 -0.0302847500144 0.0948034418353 0.0125128238714 -0.0308738143044 0.0200527889132 0.0214532817795 0.0230334679744 
0.0464069760519 -0.0146154027141 0.00322623105352 0.018071895142 0.561864406424 0.0668161374764 0.00817170731469 0.0214638789163 0.0638190367173 0.0171768071208 0.0184366982982 -0.00413454495676 0.0142631308419 0.0263085669541 -0.00766521745152 0.0057908041401 0.0330140073049 0.0289509853932 0.0146190100652 0.00988857639206 -0.0357860615855 0.0100834915858 0.0168690546058 0.0468514468806 0.0189933023873 0.0363409643834 -0.00843693201758 0.0614929393769 0.0446654019096 0.022020196124 0.00152194438389 0.00678812204364 0.00685721080299 0.00155947547774 0.0116263357751 0.0251947355992 -0.0254762146626 -0.00598718931886 0.0255066133214 0.0306307190866 
0.00685994997998 0.0132290237321 -0.00353276470821 0.0440356004676 0.0668161374764 0.301066247315 0.00592222281419 0.0356568274176 0.013427022416 -0.00845864939006 0.0229446820802 0.0200251360381 0.0260245283456 0.0117134189216 0.00215151028883 0.00823198772913 0.047007489969 -0.00477969529775 0.0104509576768 -0.0227066682218 0.041603412756 0.0116791150637 0.022309822099 0.022290212806 0.0310067336884 0.027067121375 0.00970505652864 0.0165790112337 0.00829523503095 0.0179528697737 0.0129976216189 0.0184615258275 -0.00051112011911 -0.0163474290284 0.0140356302534 0.0152851928874 -0.0708303595541 0.0127645740121 -0.00354991025676 0.00621545494456 
0.0379316256224 0.00937025002447 0.0306830883278 0.0228252110459 0.00817170731469 0.00592222281419 0.161463430614 0.0251274788203 0.0144017932321 0.0476969365245 0.0102434216448 0.0155935433371 0.0188970382381 0.018240588344 0.0100269814363 0.0157309830188 -0.00472002544246 0.0147624173307 0.032075493925 0.0217185289781 0.0010244386966 0.00962142154558 0.0181809869373 0.030868230503 0.000542584154373 0.030576063159 0.0055158625226 0.0287049798767 0.0502238669205 0.0162182200125 0.00863824815729 0.0236388155495 0.00188654099883 -0.0133744503736 -0.00832361024299 0.021704351892 -0.0129942611906 0.0387351805366 0.00285907646936 0.00833038967669 
0.0736735486352 0.0254290713906 0.0276352433347 0.089932945479 0.0214638789163 0.0356568274176 0.0251274788203 0.317236553734 0.0120913773919 0.0271387671147 0.0382120665151 0.0200919680881 0.00868307295665 0.0123737361343 0.0136111220596 0.0106308978127 0.00322606719634 0.0311586231484 0.0301403894106 0.00272454439459 -0.000210615851902 0.0661579915958 0.0276645085845 0.0688126695483 0.0323133158137 0.0384895990562 -0.00276431639375 0.0359170267949 0.066749578042 0.00589610484194 0.0162850470363 0.0326883467976 0.00302809787129 0.00274950422626 0.00459544242717 0.016147287384 -0.0173344895994 0.0153199995955 0.0389982156886 0.00135830210868 
0.0110191726238 0.021677032068 0.0384495954417 0.0256091102379 0.0638190367173 0.013427022416 0.0144017932321 0.0120913773919 0.266658904504 0.0253491891591 0.00882018917888 0.0189962525705 0.0037086755939 0.0447542889231 0.00283551207194 0.0149413298615 0.0171090384313 0.0252582734519 0.025809624346 0.0054022514295 0.0364271861995 0.00364208097439 -0.000793452831141 0.0405838377934 -0.00282339209135 0.0184744338724 0.0152813585977 0.0453515089738 0.0236057450281 -0.0211040024639 0.0208470212348 -0.000968416501923 0.0092898215922 0.00334282840019 0.0684734258439 0.0127396606611 0.0032476393344 0.0207379578491 0.0160311701737 0.0533949191521 
0.0231482350956 0.00464097818516 0.0430144819461 0.0135212796811 0.0171768071208 -0.00845864939005 0.0476969365245 0.0271387671147 0.0253491891591 0.219100634744 0.0176279171391 0.00976422971885 -0.00664731413727 0.0135634403839 0.0200405862753 -0.00262905440183 0.0104387143011 0.000453285015499 0.0371978603756 0.0138527675124 -0.0144369533373 0.0285888273878 0.0081596944192 0.0237844632308 0.00925125981421 0.0384012330452 0.00976767891752 0.00646522459647 0.0278368347762 0.0209864153796 0.0169911945257 0.0185951845664 -0.00952064722308 -0.0162032630548 0.00294375113639 0.0062764400778 0.00122794400788 0.0199744062369 0.00901247529104 0.0100629157382 
0.0128169799253 0.00189138335969 0.0165837511385 0.0276069273802 0.0184366982982 0.0229446820802 0.0102434216448 0.0382120665151 0.00882018917888 0.0176279171391 0.194596506648 0.0119485846963 0.0182685643945 -0.000644707793773 -0.00691118957975 -0.00850448342957 0.0163604106583 0.00997977641411 0.032684072421 -6.12597915008e-06 -0.00105679024135 0.0366954675784 0.0298264246901 0.0226357276623 0.0203679033567 0.025346144682 0.0127223600778 0.0106926893426 0.0607688208884 0.00239593803528 -0.000600488914143 0.0362423843253 0.0169310980905 -0.0143702129041 0.00694789805836 0.037249853353 0.010739994974 0.014619451741 0.0165236039898 0.00268505122461 
0.0189817511467 -0.00152374395893 0.00460002564406 0.0231764351061 -0.00413454495676 0.0200251360381 0.0155935433371 0.0200919680881 0.0189962525705 0.00976422971885 0.0119485846963 0.171154954549 -0.000556496781724 0.0140357617175 0.00453280050392 0.00533364414039 0.0246901141301 0.0254113116486 0.0145150067954 0.00556497340942 0.00965514706676 0.00524399098436 0.0176534168545 0.0244647176284 -0.00189851355004 0.0305973583987 0.0199703248864 0.0364282788797 0.0379668261745 0.00902091574278 -0.00189645431976 0.0305282356571 0.0136623227485 -0.033734435556 -0.00234768640779 0.014984795855 -0.0134462197044 -0.00472488861134 0.01445036288 0.000713771561257 
0.0139451260014 0.0217989491962 0.0123253499927 0.0284322952754 0.0142631308419 0.0260245283456 0.0188970382381 0.00868307295665 0.0037086755939 -0.00664731413727 0.0182685643945 -0.000556496781725 0.178995444565 -0.0038773121399 0.0245576247544 0.00806043720255 0.00906113437842 0.0150769571908 -7.19626040575e-05 0.0191912031633 0.00674292917312 0.0148802004087 0.00368777248069 0.00297051205788 0.00584366414789 0.0133078056237 0.00242245045065 0.0111763737429 -0.0065756559473 0.000907093296565 0.0116545644276 0.00990615824105 0.0211566806595 -0.000720805645803 0.00236301888726 0.000712347289971 -0.00863444927977 0.0038341814337 0.00180572459239 0.000714189734127 
-0.00600238050417 0.0158069116598 0.00972269713495 0.0388508747583 0.0263085669541 0.0117134189216 0.018240588344 0.0123737361343 0.0447542889231 0.0135634403839 -0.000644707793774 0.0140357617175 -0.0038773121399 0.248080267209 -0.00620801890026 0.0219828420263 -0.0107670504114 0.00915481904988 0.018580397228 0.0051784634659 0.0244455298168 0.00905928043488 0.00996468896445 0.0155103776844 -0.0092666714169 0.0175003672128 -0.000795348435986 0.0316240790133 0.0339184641083 -0.0124472096051 -0.00129446326354 0.005865331695 0.0120017849204 -0.0217095794847 0.0873837544737 -0.0099931542782 -0.0115440700121 -0.00459748101788 0.0039878101513 0.0141953787068 
0.0397292693348 0.0111926147291 0.00860177663921 0.0305030510078 -0.00766521745152 0.00215151028882 0.0100269814363 0.0136111220596 0.00283551207194 0.0200405862753 -0.00691118957975 0.00453280050392 0.0245576247544 -0.00620801890026 0.34252075867 0.0298824386592 0.0141695534567 0.0264994089758 0.0216260493948 0.0473500333497 0.00235764231396 0.0170545265804 0.0204663115777 0.0197916204416 0.0101312966824 0.0252202010456 0.0281945016314 -0.0116797056355 0.0219275448685 0.0182902066121 -0.00417658282046 0.00161385314499 0.0331554930546 -0.000174254557513 0.0197270185894 0.0211387392398 0.000377725360013 -0.00159593752308 0.0472495220475 -0.00461388113316 
-0.00107173852626 0.00152706947966 0.0369519583715 -0.00417743708689 0.0057908041401 0.00823198772913 0.0157309830188 0.0106308978127 0.0149413298615 -0.00262905440183 -0.00850448342957 0.00533364414039 0.00806043720255 0.0219828420263 0.0298824386592 0.183248881758 0.00998547300048 -0.00300317970341 0.0134079790584 0.0404604703748 -0.00921030599296 0.0141062590237 0.0144124803151 0.00313469970821 0.0183851439443 0.00892300738317 0.00165682759235 -0.00112812044147 0.00675935694154 0.00118739114466 0.00223250493531 -0.000226949667231 -0.000835143714413 0.0257005588186 -0.00225661992816 -0.00362603216174 0.00673731743871 0.0230906930976 -0.00108587844132 0.000205798161965 
0.0341910702655 0.024017422479 0.0225067331896 -0.0105802820533 0.0330140073049 0.047007489969 -0.00472002544246 0.00322606719634 0.0171090384313 0.0104387143011 0.0163604106583 0.0246901141301 0.00906113437842 -0.0107670504114 0.0141695534567 0.00998547300048 0.246239025098 0.0311244767643 0.0279523593115 -0.00553338836888 0.0197097120403 -0.00992882479166 0.0188612575353 0.0105212577263 0.00974531675394 0.0356148831115 0.00454170411418 0.00835076083741 0.000520036462981 0.00375169728914 0.0151957426693 0.0507454846411 0.000646163847789 -0.00659696727678 0.00751828070966 0.00435809772076 -0.00569493564893 0.00981695674286 0.015582009908 0.0168690861616 
0.00532796146215 0.0280509550258 0.0166029166308 -0.00157855961418 0.0289509853932 -0.00477969529775 0.0147624173307 0.0311586231484 0.0252582734519 0.000453285015499 0.00997977641411 0.0254113116486 0.0150769571908 0.00915481904988 0.0264994089758 -0.00300317970341 0.0311244767643 0.252404741983 0.00672226796754 0.0218226531923 0.0103140435751 0.030013222617 0.0128449818324 0.017960161331 0.0508496476024 0.0356911369161 -0.00527485806222 0.0888040163636 0.013520231139 0.00477130715003 0.00995028845761 0.0171188110908 0.0197098674349 -0.0398624375459 0.003725100481 0.0427597564131 0.0134871300119 -0.00864835537903 0.010445245501 0.0197069148673 
0.0217688130679 0.0217499344741 0.017750465462 0.0301743585339 0.0146190100652 0.0104509576768 0.032075493925 0.0301403894106 0.025809624346 0.0371978603756 0.032684072421 0.0145150067954 -7.19626040571e-05 0.018580397228 0.0216260493948 0.0134079790585 0.0279523593115 0.00672226796754 0.181173816127 0.0128251063077 0.0312227829915 0.0235227100228 0.0239141358757 0.0275387299234 0.00300506097608 0.0417524642527 0.0155551473492 0.0120943582017 0.0343884562036 0.0029022695287 0.00722661048222 0.0250702405935 0.0187013345546 -0.0081729632878 -0.00200988574452 0.0281654236839 -0.00330827122207 0.0334313523094 0.0258876265433 0.0206595151319 
-0.00848328546412 0.0362132716039 0.0166044304502 0.0215967044339 0.00988857639206 -0.0227066682218 0.0217185289781 0.00272454439459 0.0054022514295 0.0138527675124 -6.12597915217e-06 0.00556497340942 0.0191912031633 0.0051784634659 0.0473500333497 0.0404604703748 -0.00553338836888 0.0218226531923 0.0128251063077 0.212601724317 -0.0216276055117 0.00267441363595 -0.000287321704701 -0.00234984984553 0.0400745217559 0.0254946067522 -0.00302641289422 0.0197818234822 0.0287609472377 0.0114305296722 -0.00468952084822 0.0061828596034 0.00836982775343 -0.0107483104177 -0.00633658531699 0.00895041331806 -0.0286923295796 0.0156876644215 0.00753766694746 -0.000457687485484 
0.0328613885437 -0.0140229668515 0.00685012171322 0.0572118965586 -0.0357860615855 0.041603412756 0.0010244386966 -0.000210615851903 0.0364271861995 -0.0144369533373 -0.00105679024135 0.00965514706676 0.00674292917312 0.0244455298168 0.00235764231396 -0.00921030599296 0.0197097120403 0.0103140435751 0.0312227829915 -0.0216276055117 0.823673065308 -0.0163396638958 0.022637788807 0.026552390844 0.0423972765042 0.0308303033372 0.00782851538811 -0.00381156927439 0.067592094277 0.0206087278981 -0.00596884392364 -0.0102719792569 -0.00521902681087 -0.0124608134083 0.0980660640947 0.0388625307877 -0.035388272363 -0.00173127823263 0.0215297086544 0.019822075495 
0.026207639874 0.0131442489662 -0.0135316055782 0.0323748494327 0.0100834915858 0.0116791150637 0.00962142154558 0.0661579915958 0.00364208097439 0.0285888273878 0.0366954675784 0.00524399098436 0.0148802004087 0.00905928043488 0.0170545265804 0.0141062590237 -0.00992882479165 0.030013222617 0.0235227100228 0.00267441363595 -0.0163396638958 0.245579652582 0.0356863257533 0.0297195746763 0.0218853332114 0.00622773637953 0.0418811403569 0.0207263948024 0.0304649746981 0.0369016478135 0.0148770639148 0.0107504566545 -0.00749417518125 -0.00986448484994 0.0209807397538 0.0192705043488 -0.0215140124808 0.00756847042561 0.0117157231411 0.00349301826444 
0.033280257457 0.00262702593002 -0.00331682527071 0.0524097343697 0.0168690546058 0.022309822099 0.0181809869373 0.0276645085845 -0.000793452831141 0.0081596944192 0.0298264246901 0.0176534168545 0.00368777248069 0.00996468896445 0.0204663115777 0.0144124803151 0.0188612575353 0.0128449818324 0.0239141358757 -0.000287321704703 0.022637788807 0.0356863257533 0.181179850984 0.023936258308 0.0118575126222 0.0147443775529 0.0255976189724 0.0123415111881 0.0495072604625 0.0161437330429 0.000284778721763 0.0293231608413 0.0101193436931 -0.0101225918594 -0.00524902871595 0.00730424386684 -0.0626104110704 0.00742927677025 0.00216646382073 0.00127343726805 
0.0158438240152 0.00988766783577 0.0148617836304 0.0463712115588 0.0468514468806 0.022290212806 0.030868230503 0.0688126695483 0.0405838377934 0.0237844632308 0.0226357276623 0.0244647176284 0.00297051205788 0.0155103776844 0.0197916204416 0.0031346997082 0.0105212577263 0.017960161331 0.0275387299234 -0.00234984984553 0.026552390844 0.0297195746763 0.023936258308 0.198428161398 -0.0170889711075 0.0307925883519 0.0242418818471 0.0302946342324 0.0472307261646 0.00794008615538 -0.00180177255634 0.0305762213746 0.0296731010872 0.00175387606585 0.0242675577916 0.00827065393829 -0.0184254882587 0.017803860748 0.0271686275458 0.0259113958248 
0.00496352222124 0.0131589748565 0.00307536052979 0.00671403582481 0.0189933023873 0.0310067336884 0.000542584154373 0.0323133158137 -0.00282339209135 0.00925125981422 0.0203679033567 -0.00189851355004 0.00584366414789 -0.0092666714169 0.0101312966824 0.0183851439443 0.00974531675394 0.0508496476024 0.00300506097608 0.0400745217559 0.0423972765042 0.0218853332114 0.0118575126222 -0.0170889711075 0.521978577551 0.0281097708993 -0.00530690855873 0.0220229127214 0.0178715983549 0.00105200249121 0.0112303048559 -0.000936104866485 0.0154606979409 0.0197811143212 -0.00038735048874 0.0304116619496 -0.0251444614113 -9.78199228843e-06 0.00669086502679 0.0167689574986 
0.0197260245102 0.0114664369268 0.0245836493977 0.0213718757335 0.0363409643834 0.027067121375 0.030576063159 0.0384895990562 0.0184744338724 0.0384012330452 0.025346144682 0.0305973583987 0.0133078056237 0.0175003672128 0.0252202010456 0.00892300738317 0.0356148831115 0.0356911369161 0.0417524642527 0.0254946067522 0.0308303033372 0.00622773637954 0.0147443775529 0.0307925883519 0.0281097708993 0.214922854243 0.0104646812719 0.0234493707283 0.0376635174527 0.0381732078508 -0.00709752705284 0.00967277492926 0.0135769324115 0.0722379872158 -0.0150468086377 0.0366303096756 -0.0225394599795 0.023965657495 0.0238111385601 0.0126534224558 
0.00644173405582 0.0216491986303 -0.00469949381516 2.03113511637e-05 -0.00843693201758 0.00970505652864 0.0055158625226 -0.00276431639375 0.0152813585977 0.00976767891752 0.0127223600778 0.0199703248864 0.00242245045065 -0.000795348435987 0.0281945016314 0.00165682759235 0.00454170411418 -0.00527485806222 0.0155551473492 -0.00302641289422 0.00782851538812 0.0418811403569 0.0255976189724 0.0242418818471 -0.00530690855873 0.0104646812719 0.182655950627 -0.00149333434139 0.0180994802707 0.013354626298 0.00821369737153 -1.86284713112e-05 -0.000738543451588 -0.0149932140564 -0.0041247028943 0.0307467693525 -0.0251399583261 0.00965739126438 0.00763016762926 -0.00111510997285 
0.0398541662502 0.0440769787977 0.0137893680131 0.0292989176333 0.0614929393769 0.0165790112337 0.0287049798767 0.0359170267949 0.0453515089738 0.00646522459647 0.0106926893426 0.0364282788797 0.0111763737429 0.0316240790133 -0.0116797056355 -0.00112812044147 0.00835076083741 0.0888040163636 0.0120943582017 0.0197818234822 -0.00381156927439 0.0207263948024 0.0123415111881 0.0302946342324 0.0220229127214 0.0234493707283 -0.00149333434139 0.301975857567 0.0514094652508 0.00496133355754 0.0316816505693 0.0173441566772 0.00500650919447 -0.0441669429948 0.0378523504428 0.0170073562837 0.067162489775 0.00754482764154 0.0232894351015 0.0361234166142 
0.049463946017 0.00860900464084 -0.00324512197379 0.0986901689423 0.0446654019096 0.00829523503095 0.0502238669205 0.066749578042 0.0236057450281 0.0278368347762 0.0607688208884 0.0379668261745 -0.0065756559473 0.0339184641083 0.0219275448685 0.00675935694154 0.000520036462981 0.0135202311389 0.0343884562036 0.0287609472377 0.067592094277 0.0304649746981 0.0495072604625 0.0472307261646 0.0178715983549 0.0376635174527 0.0180994802707 0.0514094652508 0.454903378637 0.0192115633389 0.0188057079465 0.0410909412831 0.0402843192532 -0.018754027159 0.00201441162182 0.0258067304379 -0.0200245887713 0.0278883528767 0.0252874930814 0.0284921270982 
0.00863867735264 -0.00725143441162 0.00975106041639 0.0126437146098 0.022020196124 0.0179528697737 0.0162182200125 0.00589610484194 -0.0211040024639 0.0209864153796 0.00239593803528 0.00902091574278 0.000907093296565 -0.0124472096051 0.0182902066121 0.00118739114466 0.00375169728914 0.00477130715003 0.0029022695287 0.0114305296722 0.0206087278981 0.0369016478135 0.0161437330429 0.00794008615538 0.00105200249121 0.0381732078508 0.013354626298 0.00496133355754 0.0192115633389 0.438965067517 -0.0155433499723 -0.00150595483825 0.00591486956254 0.00292157619025 0.0100496252308 0.0100892674509 -0.00422953689657 -0.00588685471829 0.0191588095199 -0.00732084375222 
-0.0115793956984 0.0277306501725 0.036097185824 -0.011361425965 0.00152194438389 0.0129976216189 0.00863824815729 0.0162850470363 0.0208470212348 0.0169911945257 -0.000600488914143 -0.00189645431976 0.0116545644276 -0.00129446326354 -0.00417658282046 0.00223250493532 0.0151957426693 0.00995028845761 0.00722661048222 -0.00468952084822 -0.00596884392364 0.0148770639148 0.000284778721763 -0.00180177255634 0.0112303048559 -0.00709752705284 0.00821369737153 0.0316816505693 0.0188057079465 -0.0155433499723 0.318124223487 0.0404827292538 0.00776563748246 -0.00204029790915 -0.00633699313552 -0.0107875892305 0.0191537949845 0.00775001472609 0.0184261766565 0.0176578059914 
0.00619264414141 -0.0029134073245 0.00595111448269 0.0110477581984 0.00678812204364 0.0184615258275 0.0236388155495 0.0326883467976 -0.000968416501923 0.0185951845664 0.0362423843253 0.0305282356571 0.00990615824105 0.005865331695 0.00161385314499 -0.000226949667231 0.0507454846411 0.0171188110908 0.0250702405935 0.0061828596034 -0.0102719792569 0.0107504566545 0.0293231608413 0.0305762213746 -0.000936104866485 0.00967277492926 -1.86284713124e-05 0.0173441566772 0.0410909412831 -0.00150595483825 0.0404827292538 0.242000141107 0.0152132096911 -0.0214183466211 -0.00111905002865 0.0023670312845 0.00569712049335 0.0214493777834 0.00522789833253 0.0119743156902 
0.00273887704562 0.00780912534744 -0.00733195065379 0.00837306679449 0.00685721080299 -0.00051112011911 0.00188654099883 0.00302809787129 0.0092898215922 -0.00952064722308 0.0169310980905 0.0136623227485 0.0211566806595 0.0120017849204 0.0331554930546 -0.000835143714414 0.000646163847789 0.0197098674349 0.0187013345546 0.00836982775343 -0.00521902681087 -0.00749417518125 0.0101193436931 0.0296731010872 0.0154606979409 0.0135769324115 -0.000738543451588 0.00500650919447 0.0402843192532 0.00591486956254 0.00776563748246 0.0152132096911 0.24622867908 0.0144510256443 0.0178831895496 0.0139362744627 0.17711714589 0.000739248003543 0.0148683484718 0.0109634209325 
-0.00461345216843 -0.0511359797195 -0.0095908175787 -0.0302847500144 0.00155947547774 -0.0163474290284 -0.0133744503736 0.00274950422626 0.00334282840019 -0.0162032630548 -0.0143702129041 -0.033734435556 -0.000720805645803 -0.0217095794847 -0.000174254557513 0.0257005588186 -0.00659696727678 -0.0398624375459 -0.00817296328779 -0.0107483104177 -0.0124608134083 -0.00986448484994 -0.0101225918594 0.00175387606585 0.0197811143212 0.0722379872158 -0.0149932140564 -0.0441669429948 -0.018754027159 0.00292157619025 -0.00204029790915 -0.0214183466211 0.0144510256443 2.71102713279 0.00170455740394 0.187780729559 -0.0310572364236 0.00572300310045 0.015721340535 -0.00121592408844 
0.000839566771663 0.0143657938625 0.0203040922458 0.0948034418353 0.0116263357751 0.0140356302534 -0.00832361024299 0.00459544242717 0.0684734258439 0.00294375113639 0.00694789805836 -0.00234768640779 0.00236301888726 0.0873837544737 0.0197270185894 -0.00225661992815 0.00751828070966 0.003725100481 -0.00200988574452 -0.00633658531699 0.0980660640947 0.0209807397538 -0.00524902871595 0.0242675577916 -0.00038735048874 -0.0150468086377 -0.0041247028943 0.0378523504428 0.00201441162182 0.0100496252308 -0.00633699313552 -0.00111905002865 0.0178831895496 0.00170455740394 0.3913632792 0.0108351728405 0.0261838159777 0.00322172194888 0.0180542001545 0.000561931323337 
0.0275647292973 0.014285421734 0.0132452559032 0.0125128238714 0.0251947355992 0.0152851928874 0.021704351892 0.016147287384 0.0127396606611 0.0062764400778 0.037249853353 0.014984795855 0.000712347289972 -0.0099931542782 0.0211387392398 -0.00362603216174 0.00435809772076 0.0427597564131 0.0281654236839 0.00895041331806 0.0388625307877 0.0192705043488 0.00730424386684 0.0082706539383 0.0304116619496 0.0366303096756 0.0307467693525 0.0170073562837 0.0258067304379 0.0100892674509 -0.0107875892305 0.0023670312845 0.0139362744627 0.187780729559 0.0108351728405 0.208310987457 0.00399072449837 0.0289616598157 0.0295235048092 0.00436462232492 
-0.0321085543211 0.109311759915 -0.037471911759 -0.0308738143044 -0.0254762146626 -0.0708303595541 -0.0129942611906 -0.0173344895994 0.0032476393344 0.00122794400788 0.010739994974 -0.0134462197044 -0.00863444927977 -0.0115440700121 0.000377725360013 0.00673731743871 -0.00569493564893 0.0134871300119 -0.00330827122207 -0.0286923295796 -0.035388272363 -0.0215140124808 -0.0626104110704 -0.0184254882587 -0.0251444614113 -0.0225394599795 -0.0251399583261 0.067162489775 -0.0200245887713 -0.00422953689657 0.0191537949845 0.00569712049335 0.17711714589 -0.0310572364236 0.0261838159777 0.00399072449837 1.9205455113 -0.0411439752934 0.0394827770505 -0.0275204485446 
0.0366322368811 0.0224805307442 0.0335836132929 0.0200527889132 -0.00598718931886 0.0127645740121 0.0387351805366 0.0153199995955 0.0207379578491 0.0199744062369 0.014619451741 -0.00472488861134 0.0038341814337 -0.00459748101788 -0.00159593752309 0.0230906930976 0.00981695674286 -0.00864835537904 0.0334313523094 0.0156876644215 -0.00173127823262 0.00756847042561 0.00742927677025 0.017803860748 -9.78199228868e-06 0.023965657495 0.00965739126438 0.00754482764154 0.0278883528767 -0.00588685471829 0.00775001472609 0.0214493777834 0.000739248003542 0.00572300310045 0.00322172194888 0.0289616598157 -0.0411439752934 0.386854918553 0.0461139670132 0.000400360695146 
0.0489229546497 0.0246696085066 -0.00456316706853 0.0214532817795 0.0255066133214 -0.00354991025676 0.00285907646936 0.0389982156886 0.0160311701737 0.00901247529104 0.0165236039898 0.01445036288 0.00180572459239 0.0039878101513 0.0472495220475 -0.00108587844132 0.015582009908 0.010445245501 0.0258876265433 0.00753766694746 0.0215297086544 0.0117157231411 0.00216646382073 0.0271686275458 0.00669086502679 0.0238111385601 0.00763016762926 0.0232894351015 0.0252874930814 0.0191588095199 0.0184261766565 0.00522789833253 0.0148683484718 0.015721340535 0.0180542001545 0.0295235048092 0.0394827770505 0.0461139670132 0.384089962062 0.0185133624249 
0.010839275184 0.0125763349356 0.0260457120157 0.0230334679744 0.0306307190866 0.00621545494456 0.00833038967669 0.00135830210868 0.0533949191521 0.0100629157382 0.00268505122461 0.000713771561257 0.000714189734127 0.0141953787068 -0.00461388113316 0.000205798161965 0.0168690861616 0.0197069148673 0.0206595151319 -0.000457687485484 0.019822075495 0.00349301826444 0.00127343726805 0.0259113958248 0.0167689574986 0.0126534224558 -0.00111510997285 0.0361234166142 0.0284921270982 -0.00732084375222 0.0176578059914 0.0119743156902 0.0109634209325 -0.00121592408844 0.000561931323337 0.00436462232492 -0.0275204485446 0.000400360695146 0.0185133624249 0.152445484907 
0.0273138359801 -0.00078708622842 0.000126145967148 0.00391450967814 0.00401896201738 0.000594089095135 0.00328497513958 0.0063803164705 0.000954288342088 0.00200469596455 0.00110998302151 0.00164386787014 0.00120768333762 -0.000519821399979 0.00344065565178 -9.28152789955e-05 0.00296103354325 0.000461414997661 0.00188523451271 -0.000734674071948 0.00284587972825 0.00226964819041 0.00288215484022 0.00137211540903 0.000429853633584 0.00170832383415 0.000557870533676 0.00345147204193 0.00428370338222 0.000748131404248 -0.00100280508353 0.000536298714306 0.000237193709935 -0.0003995366777 7.27086152434e-05 0.00238717558199 -0.00278068237209 0.00317244477365 0.00423685215548 0.000938708766793 
-0.00078708622842 0.0302985092568 0.00212851829775 0.00141539435323 -0.00126573100369 0.00114566706193 0.0008114874561 0.00220222218189 0.00187728604496 0.000401920500676 0.000163798603779 -0.000131960097729 0.00188784437797 0.00136891870528 0.000969308869015 0.000132248096273 0.00207996980002 0.00242928396527 0.00188359957852 0.00313616131631 -0.00121442455298 0.00113832535184 0.00022750711918 0.000856297152996 0.00113960065134 0.000993022566949 0.00187487559854 0.00381717833609 0.000745561672026 -0.000627992641434 0.00240154475128 -0.000252308475459 0.000676290093222 -0.00442850574845 0.00124411424305 0.00123715381254 0.0094666761019 0.0019468710715 0.00213645076682 0.00108914255408 
0.000126145967148 0.00212851829775 0.0776743333512 0.000385931531385 0.000279399805083 -0.000305946398291 0.00265723339584 0.00239328227676 0.00332983264178 0.0037251634096 0.0014361949776 0.000398373906581 0.00106740662042 0.000842010271217 0.000744935708724 0.00320013346693 0.00194914026984 0.00143785475792 0.00153723540191 0.00143798585853 0.000593237942266 -0.00117187141847 -0.000287245494435 0.00128706821695 0.000266334034459 0.00212900648961 -0.000406988102886 0.00119419430015 -0.000281035806768 0.000844466603443 0.00312610799287 0.000515381632284 -0.000634965552548 -0.000830589166622 0.00175838596857 0.00114707280918 -0.00324516275116 0.00290842622625 -0.000395181860306 0.00225562482652 
0.00391450967814 0.00141539435323 0.000385931531385 0.03492248972 0.00156507202875 0.00381359486758 0.00197672126125 0.0077884215422 0.00221781400343 0.00117097716955 0.00239083004317 0.00200713815711 0.00246230899964 0.00336458444999 0.00264164170657 -0.000361776663996 -0.000916279303736 -0.000136707272727 0.00261317610333 0.00187032946777 0.00495469558184 0.00280374420524 0.00453881613697 0.00401586472142 0.00058145255862 0.00185085873118 1.75901460938e-06 0.00253736069738 0.00854681934078 0.00109497780503 -0.000983928350895 0.000956763925466 0.000725128855161 -0.00262273628597 0.00821021889956 0.00108364233457 -0.00267375074993 0.00173662246156 0.00185790870156 0.00199475684031 
0.00401896201738 -0.00126573100369 0.000279399805082 0.00156507202875 0.0486588849446 0.00578644724373 0.000707690612681 0.00185882644053 0.00552689070422 0.00148755513225 0.00159666490881 -0.000358062096565 0.00123522336466 0.00227838873194 -0.000663827303854 0.000501498349366 0.00285909690068 0.00250722888151 0.00126604340947 0.000856375836279 -0.00309916384344 0.000873255987215 0.00146090298264 0.00405745432026 0.00164486823691 0.0031472198354 -0.000730659745723 0.00532544476537 0.0038681372724 0.00190700492397 0.000131804249959 0.000587868613378 0.000593851875449 0.00013505453803 0.00100687021342 0.00218192810706 -0.00220630490901 -0.00051850580474 0.00220893751009 0.00265269808652 
0.000594089095135 0.00114566706193 -0.00030594639829 0.00381359486758 0.00578644724373 0.0260731018397 0.000512879540396 0.0030879718362 0.00116281425094 -0.000732540525349 0.00198706775632 0.00173422765233 0.00225379026688 0.00101441183512 0.000186326256663 0.000712911049707 0.00407096804813 -0.00041393375502 0.000905079484197 -0.00196645515154 0.00360296123309 0.00101144103389 0.00193208726917 0.00193038905457 0.00268526190626 0.0023440814718 0.000840482549896 0.0014357844898 0.000718388426717 0.00155476412949 0.00112562705108 0.00159881503592 -4.42643007534e-05 -0.00141572888252 0.00121552123576 0.00132373653423 -0.0061340890733 0.0011054445363 -0.000307431246351 0.000538274187806 
0.00328497513958 0.0008114874561 0.00265723339584 0.00197672126125 0.000707690612681 0.000512879540396 0.0139831432694 0.00217610349915 0.00124723187991 0.00413067587129 0.000887106336605 0.00135044046649 0.00163653151705 0.00157968128858 0.000868362064708 0.00136234309208 -0.000408766193968 0.00127846284297 0.0027778192578 0.00188087978279 8.87189935874e-05 0.000833239547899 0.00157451965536 0.00267326717855 4.69891661378e-05 0.00264796474434 0.000477687706835 0.00248592417883 0.00434951446294 0.0014045390535 0.000748094234841 0.00204718147813 0.000163379243027 -0.00115826137852 -0.000720845792163 0.00187965201112 -0.00112533602945 0.00335456503649 0.000247603285383 0.000721432908344 
0.0063803164705 0.00220222218189 0.00239328227676 0.0077884215422 0.00185882644053 0.0030879718362 0.00217610349915 0.0274734914543 0.00104714399881 0.00235028617488 0.00330926203331 0.00174001547763 0.000751976176337 0.0010715969832 0.00117875774776 0.000920662757087 0.000279385614635 0.00269841591935 0.00261023429096 0.000235952465945 -1.82398678187e-05 0.00572945013853 0.00239581672174 0.00595935199311 0.00279841523752 0.00333329705642 -0.000239396822108 0.00311050576328 0.00578068302762 0.00051061765765 0.00141032644353 0.00283089387344 0.000262240968168 0.000238114050775 0.000397976988356 0.00139839610767 -0.00150121083547 0.00132675088357 0.00337734454886 0.000117632413213 
0.000954288342088 0.00187728604496 0.00332983264178 0.00221781400343 0.00552689070422 0.00116281425094 0.00124723187991 0.00104714399881 0.0230933385446 0.00219530417771 0.00076385078951 0.00164512373027 0.000321180727871 0.00387583511357 0.000245562548704 0.00129395712264 0.00148168619158 0.00218743064651 0.00223517903458 0.000467848697558 0.00315468686371 0.000315413464646 -6.87150308473e-05 0.00351466345121 -0.000244512927595 0.0015999329054 0.00132340447499 0.00392755588713 0.00204431748696 -0.00182766022552 0.00180540499825 -8.3867329211e-05 0.000804522149547 0.000289497431506 0.00592997262649 0.00110328697681 0.000281253816592 0.001795959832 0.00138834006228 0.00462413564187 
0.00200469596455 0.000401920500676 0.0037251634096 0.00117097716955 0.00148755513225 -0.000732540525349 0.00413067587129 0.00235028617488 0.00219530417771 0.0189746715673 0.00152662240582 0.000845607098491 -0.000575674290981 0.00117462839351 0.00173556568212 -0.000227682789992 0.000904019176756 3.92556338577e-05 0.00322142920517 0.00119968485785 -0.00125027683433 0.00247586507823 0.000706650265414 0.00205979493732 0.000801182601612 0.00332564433538 0.000845905807858 0.000559904874171 0.00241074060771 0.00181747688531 0.00147148060999 0.00161039022225 -0.000824512235566 -0.00140324374297 0.000254936326653 0.000543555655271 0.000106343070525 0.00172983432266 0.000780503255302 0.000871474066539 
0.00110998302151 0.000163798603779 0.0014361949776 0.00239083004317 0.00159666490881 0.00198706775632 0.000887106336605 0.00330926203331 0.00076385078951 0.00152662240582 0.0168525518245 0.00103477778862 0.00158210408563 -5.58333327425e-05 -0.000598526574644 -0.000736509869607 0.00141685312465 0.00086427398987 0.00283052370157 -5.30525356703e-07 -9.15207195484e-05 0.00317792071266 0.00258304414857 0.00196031151887 0.00176391217288 0.00219504051826 0.00110178870235 0.000926014060544 0.00526273426474 0.000207494320445 -5.20038654339e-05 0.00313868255194 0.00146627610604 -0.00124449694328 0.000601705622144 0.0032259319291 0.000930110848398 0.00126608165971 0.00143098608172 0.000232532257097 
0.00164386787014 -0.000131960097729 0.000398373906581 0.00200713815711 -0.000358062096565 0.00173422765233 0.00135044046649 0.00174001547763 0.00164512373027 0.000845607098491 0.00103477778862 0.0148224538623 -4.81940350098e-05 0.00121553262088 0.000392552038668 0.000461907132033 0.0021382266059 0.00220068414312 0.00125703646209 0.000481940834395 0.000836160263709 0.000454142940967 0.00152883074596 0.00211870669626 -0.000164416096376 0.00264980896619 0.00172948086735 0.0031547814926 0.00328802359682 0.000781234219865 -0.000164237761803 0.00264382276118 0.00118319185749 -0.00292148781738 -0.000203315606927 0.0012977213881 -0.00116447678488 -0.000409187356747 0.0012514381348 6.18144304548e-05 
0.00120768333762 0.00188784437797 0.00106740662042 0.00246230899964 0.00123522336466 0.00225379026688 0.00163653151705 0.000751976176337 0.000321180727871 -0.000575674290981 0.00158210408563 -4.81940350098e-05 0.0155014602155 -0.000335785081156 0.00212675268939 0.000698054338301 0.000784717255882 0.0013057027939 -6.23214432362e-06 0.00166200694686 0.000583954795984 0.00128866315673 0.000319370465166 0.000257253890437 0.000506076160326 0.00115248977387 0.000209790362967 0.000967902358356 -0.00056946850969 7.85565838428e-05 0.00100931488643 0.000857898469066 0.00183222229109 -6.24236000456e-05 0.000204643438599 6.16910849432e-05 -0.000747765242396 0.00033204985243 0.000156380336925 6.18506452876e-05 
-0.000519821399979 0.00136891870528 0.000842010271217 0.00336458444999 0.00227838873194 0.00101441183512 0.00157968128858 0.0010715969832 0.00387583511357 0.00117462839351 -5.58333327426e-05 0.00121553262088 -0.000335785081156 0.0214843813581 -0.00053763020748 0.00190376996421 -0.00093245391801 0.000792830586425 0.00160910960119 0.000448468091404 0.00211704498303 0.000784556699662 0.000862967378402 0.0013432381097 -0.000802517285556 0.00151557625818 -6.88791950424e-05 0.00273872557968 0.00293742515751 -0.00107795997242 -0.000112103807049 0.000507952624949 0.00103938506318 -0.00188010473393 0.00756765512523 -0.000865432546886 -0.000999745789354 -0.00039815353549 0.00034535448965 0.00122935585764 
0.00344065565178 0.000969308869015 0.000744935708724 0.00264164170657 -0.000663827303855 0.000186326256662 0.000868362064708 0.00117875774776 0.000245562548704 0.00173556568212 -0.000598526574644 0.000392552038668 0.00212675268939 -0.00053763020748 0.0296631678331 0.00258789510059 0.00122711932538 0.00229491613583 0.00187287081594 0.00410063317509 0.000204177813693 0.00147696532681 0.00177243457481 0.00171400460845 0.000877396030024 0.00218413347941 0.00244171546598 -0.0010114921789 0.00189898108987 0.00158397835666 -0.000361702682353 0.000139763782153 0.00287134992603 -1.50908873532e-05 0.00170840992393 0.00183066851857 3.27119757425e-05 -0.000138212243784 0.00409192864098 -0.000399573827136 
-9.28152789955e-05 0.000132248096273 0.00320013346693 -0.000361776663995 0.000501498349366 0.000712911049707 0.00136234309208 0.000920662757087 0.00129395712264 -0.000227682789991 -0.000736509869607 0.000461907132032 0.000698054338301 0.00190376996421 0.00258789510059 0.0158698186817 0.000864767328722 -0.000260082991529 0.0011611650478 0.00350397951936 -0.000797635896653 0.00122163786669 0.00124815740844 0.000271472958054 0.0015922001708 0.000772755107198 0.000143485478467 -9.76980960845e-05 0.000585377482462 0.000102831089551 0.000193340598806 -1.96544177203e-05 -7.23255672493e-05 0.00222573368283 -0.000195429018447 -0.0003140235967 0.000583468805529 0.00199971268135 -9.40398315606e-05 1.78226436314e-05 
0.00296103354325 0.00207996980002 0.00194914026984 -0.000916279303736 0.00285909690068 0.00407096804813 -0.000408766193968 0.000279385614635 0.00148168619158 0.000904019176756 0.00141685312465 0.0021382266059 0.000784717255882 -0.00093245391801 0.00122711932538 0.000864767328722 0.0213249251138 0.00269545875574 0.00242074532595 -0.000479205489646 0.00170691113282 -0.00085986144993 0.00163343281729 0.00091116764707 0.000843969187684 0.00308433935274 0.000393323113935 0.000723197102613 4.50364787836e-05 0.00032490651597 0.0013159899181 0.00439468788265 5.59594307192e-05 -0.000571314124962 0.000651102208735 0.000377422333835 -0.000493195894489 0.000850173392717 0.00134944164223 0.00146090571546 
0.000461414997661 0.00242928396528 0.00143785475792 -0.000136707272727 0.00250722888151 -0.00041393375502 0.00127846284297 0.00269841591935 0.00218743064651 3.92556338577e-05 0.00086427398987 0.00220068414312 0.0013057027939 0.000792830586425 0.00229491613583 -0.000260082991529 0.00269545875574 0.0218588918593 0.000582165483094 0.00188989720425 0.000893222375181 0.00259922132358 0.0011124080578 0.00155539559687 0.00440370865972 0.00309094312593 -0.000456816108324 0.00769065341289 0.00117088636314 0.000413207320118 0.000861720257927 0.00148253252873 0.00170692459038 -0.00345218835715 0.000322603164819 0.00370310353134 0.00116801972145 -0.00074896954592 0.000904584795266 0.00170666889053 
