20
0.0637259516476 0.0147816990943 0.124759587163 0.0705908558691 0.0669670800901 0.13534553156 0.05514883533 0.022553065058 0.0791171504464 0.0135435889675 0.034888990542 0.0665048210348 0.0437038130991 0.0335790413719 0.135848421796 0.0328492958576 0.0414486045552 0.0101927526284 0.099400173405 0.165506763093 
0.207787287162 0.00737731892275 0.0116632160413 0.0060532853913 -0.00794891814612 0.0170383257393 0.0172351971114 0.00172842124706 0.0297522637978 0.0160158548034 0.0156916214565 0.0324084485698 0.0140072360867 0.0294295227753 0.00704842721667 0.0245950284514 0.0149590775656 0.0450494412727 0.0202768821879 0.0137464629687 
0.00737731892275 0.212978252401 0.0153965133622 0.00636056878027 0.0269647768969 0.0421307025613 0.0120243879534 0.0613093155652 0.0266472797088 0.00730141620808 0.0223688347004 0.0625903851196 0.000640545032867 -0.00956377572399 0.0190919675901 0.01427325902 0.0189285313217 0.0129001301086 0.0283629170157 0.031858917137 
0.0116632160413 0.0153965133622 0.34159105986 0.0275278333808 0.0145652033286 0.0516697299698 0.044400812134 0.0130041215974 0.0111103693808 0.00483208946108 0.0174036406116 0.0342391856267 0.027486587382 0.032892045122 0.0300861642367 0.024352460375 0.0169813861792 0.0124199317412 0.0396056850723 0.0386434945147 
0.0060532853913 0.00636056878027 0.0275278333808 0.490061492695 -0.00336913277923 0.021298851783 -0.000985959714009 0.0182723203007 0.0253448982354 0.02485622469 0.00867878673335 0.0286474564386 0.00646310800776 0.0317006829982 0.0250388898014 0.0241691938132 -0.00236049783304 0.0209460228107 0.0310781997095 0.0331598809747 
-0.00794891814612 0.0269647768969 0.0145652033286 -0.00336913277923 0.258856193076 0.0404816790088 -0.0332192470542 0.0124287448543 0.0106881741128 0.0308519836943 0.00804680963429 0.0527430937887 0.0250074959863 0.0200818721939 0.0340409668639 0.0208385141318 0.00995556877572 0.0164983357175 0.0535844862207 0.0189211158639 
0.0170383257393 0.0421307025613 0.0516697299698 0.021298851783 0.0404816790088 0.23970834453 0.0434277937828 0.0287394178717 0.0174251690019 0.0128398558044 0.00482661346614 0.0505065261286 0.0344493611838 0.0230474549548 0.0319262080579 0.0213832660423 0.0359782612725 0.0172050417132 0.0376774153422 0.015931501937 
0.0172351971114 0.0120243879534 0.044400812134 -0.000985959714009 -0.0332192470542 0.0434277937828 0.43557063292 -0.00661402288211 0.0164222872541 0.0194262465824 0.0193088503022 -0.00293862343802 0.0153097093021 -0.00976929238674 -0.00956676945329 0.0100096417748 0.00283320063354 -0.00130388613412 0.0266518635219 0.0209904609751 
0.00172842124706 0.0613093155652 0.0130041215974 0.0182723203007 0.0124287448543 0.0287394178717 -0.00661402288211 0.244497329929 0.0192740986678 0.0158974702281 0.00977012560146 0.045350181522 0.0189022481774 -0.00112549949348 -0.0158144959524 0.0291479681379 0.0554709423096 0.0267557291036 0.0322700233342 -0.00302002899109 
0.0297522637978 0.0266472797088 0.0111103693808 0.0253448982354 0.0106881741128 0.0174251690019 0.0164222872541 0.0192740986678 0.394016045813 0.0233860940488 0.00104925833951 0.026188596294 0.018897653813 0.0167971922598 0.00473155452504 0.0363228260606 0.00791091740877 0.0500634249696 0.0197598203794 0.0220896051447 
0.0160158548034 0.00730141620808 0.00483208946108 0.02485622469 0.0308519836943 0.0128398558044 0.0194262465824 0.0158974702281 0.0233860940488 0.260724095009 0.0252955999998 0.0179749607007 0.0313815606153 0.024810920243 0.00163114269234 0.0213964215183 0.0201178626153 0.0183018153573 0.0354665565869 0.00930921659145 
0.0156916214565 0.0223688347004 0.0174036406116 0.00867878673335 0.00804680963429 0.00482661346614 0.0193088503022 0.00977012560146 0.00104925833951 0.0252955999998 0.161276288444 0.0189020757356 0.00945731500583 0.0137862975645 0.0112278193973 0.00334726568213 0.0295879448072 0.0196000707722 0.0218072750813 0.0293682097893 
0.0324084485698 0.0625903851196 0.0342391856267 0.0286474564386 0.0527430937887 0.0505065261286 -0.00293862343802 0.045350181522 0.026188596294 0.0179749607007 0.0189020757356 0.247938020814 0.0190251773291 0.00524239526424 0.0232222911359 0.0175535844963 0.0203605502471 0.00954980173824 0.027495440408 -0.00401887575431 
0.0140072360867 0.000640545032867 0.027486587382 0.00646310800776 0.0250074959863 0.0344493611838 0.0153097093021 0.0189022481774 0.018897653813 0.0313815606153 0.00945731500583 0.0190251773291 0.209044925696 0.00187028378083 0.0138419288833 0.0202595343869 0.067999614257 0.0180443102238 0.0510094996299 0.0328307721186 
0.0294295227753 -0.00956377572399 0.032892045122 0.0317006829982 0.0200818721939 0.0230474549548 -0.00976929238674 -0.00112549949348 0.0167971922598 0.024810920243 0.0137862975645 0.00524239526424 0.00187028378083 0.245025325759 0.00869907350638 0.0268911143405 0.00489205664198 -0.0121977844429 0.0343959955168 0.0477767744622 
0.00704842721667 0.0190919675901 0.0300861642367 0.0250388898014 0.0340409668639 0.0319262080579 -0.00956676945329 -0.0158144959524 0.00473155452504 0.00163114269234 0.0112278193973 0.0232222911359 0.0138419288833 0.00869907350638 0.637580066323 0.0226269062482 0.00746729081929 0.0198215416388 -0.00128607226259 0.00634581950505 
0.0245950284514 0.01427325902 0.024352460375 0.0241691938132 0.0208385141318 0.0213832660423 0.0100096417748 0.0291479681379 0.0363228260606 0.0213964215183 0.00334726568213 0.0175535844963 0.0202595343869 0.0268911143405 0.0226269062482 0.341012586472 0.00560674414006 0.00975643471813 0.0120662019994 0.0334843319831 
0.0149590775656 0.0189285313217 0.0169813861792 -0.00236049783304 0.00995556877572 0.0359782612725 0.00283320063354 0.0554709423096 0.00791091740877 0.0201178626153 0.0295879448072 0.0203605502471 0.067999614257 0.00489205664198 0.00746729081929 0.00560674414006 0.320301140283 0.0261783818761 0.0223635729749 0.0185799160207 
0.0450494412727 0.0129001301086 0.0124199317412 0.0209460228107 0.0164983357175 0.0172050417132 -0.00130388613412 0.0267557291036 0.0500634249696 0.0183018153573 0.0196000707722 0.00954980173824 0.0180443102238 -0.0121977844429 0.0198215416388 0.00975643471813 0.0261783818761 0.26298838348 0.0317678663267 0.0393090280052 
0.0202768821879 0.0283629170157 0.0396056850723 0.0310781997095 0.0535844862207 0.0376774153422 0.0266518635219 0.0322700233342 0.0197598203794 0.0354665565869 0.0218072750813 0.027495440408 0.0510094996299 0.0343959955168 -0.00128607226259 0.0120662019994 0.0223635729749 0.0317678663267 0.366265692793 0.0404123132432 
0.0137464629687 0.031858917137 0.0386434945147 0.0331598809747 0.0189211158639 0.015931501937 0.0209904609751 -0.00302002899109 0.0220896051447 0.00930921659145 0.0293682097893 -0.00401887575431 0.0328307721186 0.0477767744622 0.00634581950505 0.0334843319831 0.0185799160207 0.0393090280052 0.0404123132432 0.392885505972 
0.0179949069266 0.000638894559892 0.00101006413816 0.000524229892523 -0.000688396504714 0.00147556229282 0.00149261185377 0.00014968567084 0.0025766216269 0.00138701371231 0.00135893428079 0.00280665397587 0.00121306222879 0.00254867143447 0.000610411702636 0.00212999194457 0.0012954941189 0.00390139605685 0.00175602950842 0.00119047861431 
0.000638894559892 0.0184444577033 0.00133337717014 0.000550841414624 0.00233521818001 0.00364862586974 0.00104134254326 0.00530954247681 0.00230772211696 0.00063232119198 0.00193719791036 0.00542048635462 5.54728270731e-05 -0.000828247273308 0.00165341289413 0.00123610049061 0.00163925889809 0.00111718403862 0.0024563006661 0.00275906315777 
0.00101006413816 0.00133337717014 0.0295826535544 0.00238398030189 0.00126138360939 0.00447472987606 0.00384522312567 0.00112618996573 0.000962186212919 0.000418471222665 0.0015071994888 0.00296520045576 0.00238040829361 0.00284853466581 0.00260553825314 0.00210898493294 0.00147063118227 0.00107559764012 0.00342995294069 0.00334662479407 
0.000524229892523 0.000550841414624 0.00238398030189 0.042440570209 -0.000291775457554 0.00184453467155 -8.5386615944e-05 0.00158242935665 0.00219493257282 0.00215261220237 0.000751604978511 0.00248094250297 0.000559721572212 0.00274535967938 0.00216843146506 0.00209311358312 -0.000204425108899 0.00181397878623 0.00269145104523 0.00287172993106 
-0.000688396504714 0.00233521818001 0.00126138360939 -0.000291775457554 0.0224176039131 0.00350581624094 -0.00287687118435 0.0010763608781 0.000925623030177 0.00267186016364 0.000696874156271 0.00456768590952 0.00216571268092 0.00173914114755 0.00294803420735 0.00180466826153 0.00086217754689 0.00142879778515 0.00464055263159 0.00163861670061 
0.00147556229282 0.00364862586974 0.00447472987606 0.00184453467155 0.00350581624094 0.0207593515862 0.00376095726462 0.00248890659669 0.00150906390208 0.00111196413075 0.000417996987592 0.00437399346843 0.00298340219293 0.00199596814835 0.00276489072246 0.00185184516085 0.0031158088246 0.00149000031968 0.00326295988353 0.00137970853979 
0.00149261185377 0.00104134254326 0.00384522312567 -8.5386615944e-05 -0.00287687118435 0.00376095726462 0.0377215233251 -0.000572791183712 0.00142221179503 0.00168236230406 0.00167219548796 -0.000254492254948 0.00132585971802 -0.000846045538391 -0.00082850653787 0.000866860405976 0.000245362372266 -0.000112919851579 0.00230811908682 0.00181782724416 
0.00014968567084 0.00530954247681 0.00112618996573 0.00158242935665 0.0010763608781 0.00248890659669 -0.000572791183712 0.0211740898876 0.00166918590814 0.00137676130734 0.000846117696903 0.00392744092643 0.00163698271103 -9.74711153301e-05 -0.00136957552428 0.00252428808761 0.0048039245212 0.00231711411005 0.00279466599881 -0.000261542182645 
0.0025766216269 0.00230772211696 0.000962186212919 0.00219493257282 0.000925623030177 0.00150906390208 0.00142221179503 0.00166918590814 0.0341227905173 0.00202529515416 9.08684377152e-05 0.00226799896801 0.0016365848274 0.00145467952093 0.000409764641807 0.00314564901057 0.000685105544323 0.00433561978241 0.00171125064228 0.00191301592149 
0.00138701371231 0.00063232119198 0.000418471222665 0.00215261220237 0.00267186016364 0.00111196413075 0.00168236230406 0.00137676130734 0.00202529515416 0.0225793689656 0.00219066322038 0.00155667725988 0.00271772287033 0.00214868872217 0.000141261100876 0.00185298445849 0.00174225800947 0.00158498370348 0.00307149389891 0.000806201805752 
0.00135893428079 0.00193719791036 0.0015071994888 0.000751604978511 0.000696874156271 0.000417996987592 0.00167219548796 0.000846117696903 9.08684377152e-05 0.00219066322038 0.0139669362821 0.00163696777713 0.000819027504664 0.0011939283915 0.000972357682719 0.000289881711394 0.00256239118488 0.00169741592047 0.00188856542077 0.00254336157412 
0.00280665397587 0.00542048635462 0.00296520045576 0.00248094250297 0.00456768590952 0.00437399346843 -0.000254492254948 0.00392744092643 0.00226799896801 0.00155667725988 0.00163696777713 0.0214720624589 0.00164762868785 0.000454004747551 0.00201110940578 0.00152018501013 0.0017632753749 0.000827037090642 0.00238117498816 -0.000348044849788 
0.00121306222879 5.54728270731e-05 0.00238040829361 0.000559721572212 0.00216571268092 0.00298340219293 0.00132585971802 0.00163698271103 0.0016365848274 0.00271772287033 0.000819027504664 0.00164762868785 0.0181038216185 0.000161971326649 0.00119874620503 0.00175452714479 0.00588893933941 0.00156268310476 0.00441755225138 0.00284322826805 
0.00254867143447 -0.000828247273308 0.00284853466581 0.00274535967938 0.00173914114755 0.00199596814835 -0.000846045538391 -9.74711153301e-05 0.00145467952093 0.00214868872217 0.0011939283915 0.000454004747551 0.000161971326649 0.0212198156677 0.000753361864591 0.00232883881549 0.000423664532871 -0.00105635911974 0.0029787805906 0.00413759003952 
0.000610411702636 0.00165341289413 0.00260553825314 0.00216843146506 0.00294803420735 0.00276489072246 -0.00082850653787 -0.00136957552428 0.000409764641807 0.000141261100876 0.000972357682719 0.00201110940578 0.00119874620503 0.000753361864591 0.0552160534382 0.001959547562 0.000646686354696 0.00171659586014 -0.00011137712505 0.00054956408992 
0.00212999194457 0.00123610049061 0.00210898493294 0.00209311358312 0.00180466826153 0.00185184516085 0.000866860405976 0.00252428808761 0.00314564901057 0.00185298445849 0.000289881711394 0.00152018501013 0.00175452714479 0.00232883881549 0.001959547562 0.0295325562895 0.000485558285781 0.000844932031626 0.00104496374587 0.00289982821261 
0.0012954941189 0.00163925889809 0.00147063118227 -0.000204425108899 0.00086217754689 0.0031158088246 0.000245362372266 0.0048039245212 0.000685105544323 0.00174225800947 0.00256239118488 0.0017632753749 0.00588893933941 0.000423664532871 0.000646686354696 0.000485558285781 0.0277388924346 0.00226711437346 0.00193674223157 0.00160906792741 
0.00390139605685 0.00111718403862 0.00107559764012 0.00181397878623 0.00142879778515 0.00149000031968 -0.000112919851579 0.00231711411005 0.00433561978241 0.00158498370348 0.00169741592047 0.000827037090642 0.00156268310476 -0.00105635911974 0.00171659586014 0.000844932031626 0.00226711437346 0.0227754620994 0.00275117792629 0.00340426168506 
0.00175602950842 0.0024563006661 0.00342995294069 0.00269145104523 0.00464055263159 0.00326295988353 0.00230811908682 0.00279466599881 0.00171125064228 0.00307149389891 0.00188856542077 0.00238117498816 0.00441755225138 0.0029787805906 -0.00011137712505 0.00104496374587 0.00193674223157 0.00275117792629 0.0317195394493 0.00349980898943 
0.00119047861431 0.00275906315777 0.00334662479407 0.00287172993106 0.00163861670061 0.00137970853979 0.00181782724416 -0.000261542182645 0.00191301592149 0.000806201805752 0.00254336157412 -0.000348044849788 0.00284322826805 0.00413759003952 0.00054956408992 0.00289982821261 0.00160906792741 0.00340426168506 0.00349980898943 0.034024882895 

['BAX', 'SAFC', 'BNI', 'F', 'COST', 'LEH', 'NBR', 'ALL', 'CPWR', 'NYT', 'PG', 'STT', 'LLL', 'TMO', 'NOVL', 'HAS', 'COL', 'INTC', 'JCP', 'CMI']