30
0.0368602928082 0.0636277148901 0.0566389432936 0.0247676168055 0.0224960645228 0.00413185853021 0.0268374832388 0.0444525953717 0.176385145314 0.0414486045552 0.112278324126 0.144106781955 0.025042174885 0.170228010564 0.0363676427781 0.0485380268731 0.149701567326 0.0560151075184 0.0524718958424 0.101022755506 0.025637758891 0.105904751354 0.0123351660469 0.0762578269544 0.10431458653 0.11775000089 0.13588321519 0.080702843163 0.0321720089654 0.0275413533974 
0.334251899152 -0.00243085152713 -0.00900744661896 -0.00345363144876 -0.0151022962602 0.00834315658321 0.0164809844779 0.00383206018934 0.0287027962801 0.0163575341455 0.00533592344564 -0.00905844543928 -1.40805417464e-05 0.0380939898267 0.0088523505817 0.0139376903844 0.0121130776598 0.0195300447069 -0.00837533800448 -0.0127817698632 0.00032942890927 0.00931486233909 -0.00930070814951 -0.00434316409996 0.00374484438247 -0.00341636120448 -0.00055883241238 0.0179339842975 0.00291495772724 0.0240425461342 
-0.00243085152713 0.250640973792 -0.00406697204813 0.00361663122874 0.00591652947906 0.00354926798446 0.00421281322027 0.0125385522505 0.00708553186478 0.00757675527358 -0.000216512962763 -0.00426861397517 0.00981646895593 -0.00636661242945 0.0125035408711 0.00703332418231 0.00518327203152 0.00165745036549 0.0165457255271 0.0103044327429 0.0294973461105 0.0154554863636 0.0150539152765 0.0140697301113 0.0119752168236 0.0230872297493 -0.00675648974263 -0.00520991979504 0.00209010627178 0.00645673468867 
-0.00900744661896 -0.00406697204813 0.208800327122 0.00735227547714 0.0161618354126 0.0107650669916 0.0146699753025 0.000892956214894 0.013867532845 0.00770052574252 0.0167726385578 -0.00609749046626 0.0180392049936 0.0179325294085 0.00967504555171 -0.0110483672049 0.00101592625837 -0.0126909489744 -0.0102414347657 0.00852795191031 0.0183330304261 0.00938516695528 0.0197463740528 -0.0119227537785 0.0120523770038 -0.00905841533822 0.0218061565156 0.0230949326808 0.00820196941142 0.000807349310564 
-0.00345363144876 0.00361663122874 0.00735227547714 0.125239889335 0.0231069594012 0.00383411281222 0.0138625129591 0.0143511726751 0.00143744583163 0.0158430080552 0.0208394608513 0.0220001670395 0.0301852116323 0.00587728994169 0.0146948867984 0.0221994259248 -0.00986947480504 0.0168628861144 0.0262744258684 0.0211190321892 0.0379125737187 0.0273344278197 0.0147495173751 0.0155259850766 0.0124266283473 0.0160219480691 0.0123527631997 0.0118769886198 0.0291420046466 0.00801453852144 
-0.0151022962602 0.00591652947906 0.0161618354126 0.0231069594012 0.202651464083 0.00626152761348 0.00495755213561 0.0098679482632 0.0370889011826 0.0171380831194 0.0513631920258 0.0213684884998 0.0314515816511 0.00576641364421 0.0125431702613 0.049992401758 0.0152675531755 0.00839591569976 0.0166050282131 0.0280047455346 0.0380932194816 0.0129350345054 0.0120433077121 0.0173704216986 0.0295539695778 0.0215003291276 -0.000529656316389 0.0041366249773 0.0157727722846 0.0215219625527 
0.00834315658321 0.00354926798446 0.0107650669916 0.00383411281222 0.00626152761348 0.201304001129 0.00178849546874 0.0289385430046 0.0281914396157 0.00902307875021 0.0272699829492 0.0111439531535 0.0207839674826 0.00951302642507 0.0184254611208 0.0108957273033 0.0437604641406 0.0275656256954 0.0100459922129 -0.00216988076701 0.00123826422804 0.00617597291569 -0.00396898207482 0.051507414756 0.017390114862 0.0200423001713 0.0201337214381 0.0295387173547 0.0259106976726 0.00795727086164 
0.0164809844779 0.00421281322027 0.0146699753025 0.0138625129591 0.00495755213561 0.00178849546874 0.168283262702 0.0139567814435 0.00876328270262 0.006244113822 0.0069067680938 -0.00804967964218 0.0152767988232 0.00109341751755 0.0165974889963 0.0109887697971 0.0108292469977 0.00182976669958 0.00678813906589 0.00165835466035 0.0152030248998 0.0170816527274 0.00269705296314 -0.0058917109272 0.0253338993482 0.0149910180002 -0.00846530740571 -0.000564655836297 0.0179894863878 0.0277992830925 
0.00383206018934 0.0125385522505 0.000892956214894 0.0143511726751 0.0098679482632 0.0289385430046 0.0139567814435 0.227102145099 0.0368802597447 0.0024826064226 -0.00451443611777 0.01128960213 0.00947018780361 0.0126667636766 0.0159563060775 0.0239354001029 -0.0088627329992 0.0148790309677 -0.000978724676996 -0.00159434422071 0.022518545602 0.0194553031022 0.0108864917731 0.134376030996 -0.00698292497329 0.016051760058 0.00104396999067 0.113793689426 0.0198088344005 0.0268864003753 
0.0287027962801 0.00708553186478 0.013867532845 0.00143744583163 0.0370889011826 0.0281914396157 0.00876328270262 0.0368802597447 0.63120247097 0.0278376022304 0.0255302594031 0.00387584748575 0.0296393038357 0.0343700065679 0.0318265036704 -0.000286607635577 0.035842202301 0.0178101116502 0.0105318357873 0.0310925711264 0.0111489326351 0.00518990605087 0.00687999078976 0.0467407592533 0.0275494207721 0.00569924522571 -0.0043254292747 0.044254323603 0.0055176330921 0.0137219217084 
0.0163575341455 0.00757675527358 0.00770052574252 0.0158430080552 0.0171380831194 0.00902307875021 0.006244113822 0.0024826064226 0.0278376022304 0.319125252791 0.0212944103216 0.0476636162913 0.0137090152064 -0.0106443469634 0.013929331392 0.027653033809 0.00357812773595 -0.0128583431726 0.0448544187449 -0.000973241732015 0.0385409021965 0.0280642970233 0.0295155281878 0.0148712348027 -0.0148795549305 0.0400187099346 0.0138705886618 -0.0108571571996 0.0237890737883 0.00764160537336 
0.00533592344564 -0.000216512962763 0.0167726385578 0.0208394608513 0.0513631920258 0.0272699829492 0.0069067680938 -0.00451443611777 0.0255302594031 0.0212944103216 0.231064916896 0.115684963463 0.0294400842286 0.0431161486483 0.0317474195118 0.0163648248272 0.0453717816792 0.0293447916859 0.0279642944585 -0.000313941733699 0.0361833933883 0.0228030867061 -0.00303673991225 -0.0111640645358 0.0383972956246 0.0176078048733 -0.0339628024701 0.0175309107219 0.0224148999872 0.01494131993 
-0.00905844543928 -0.00426861397517 -0.00609749046626 0.0220001670395 0.0213684884998 0.0111439531535 -0.00804967964218 0.01128960213 0.00387584748575 0.0476636162913 0.115684963463 0.305144404762 -0.0159676698303 0.0394796372428 0.0128612181528 0.00183931572208 0.0616670736518 0.0192832951054 0.0398260498877 0.0182027886367 0.0532406366134 0.0221399012678 -0.0104605116747 -0.0373969915953 0.0203591649986 -0.000521984477891 0.0130086590238 0.0299550819816 0.0132480793048 -0.00475586050242 
-1.40805417464e-05 0.00981646895593 0.0180392049936 0.0301852116323 0.0314515816511 0.0207839674826 0.0152767988232 0.00947018780361 0.0296393038357 0.0137090152064 0.0294400842286 -0.0159676698303 0.174822891211 0.0129225975213 0.0172176206368 0.0479895137453 0.0188069931752 0.00699690319726 0.0209417254708 0.0129623968073 0.028690450409 0.0133633857018 0.0255740229921 0.00678891275333 0.0303317159501 0.0239357657613 0.0049892148278 0.0034165925388 0.0242188005757 0.0321718095212 
0.0380939898267 -0.00636661242945 0.0179325294085 0.00587728994169 0.0057664136442 0.00951302642508 0.00109341751755 0.0126667636766 0.0343700065679 -0.0106443469634 0.0431161486483 0.0394796372428 0.0129225975213 0.587201415082 0.030289565144 0.0150913926121 0.0211250991511 0.000407636144309 0.0245571849628 0.0606606517655 -0.0019446920038 -0.00181246456758 -0.0037123314336 0.0195973887144 -0.00367131244957 -0.00530587330009 0.0407877371057 0.0114844959937 0.0172859256651 0.0234873810401 
0.0088523505817 0.0125035408711 0.00967504555171 0.0146948867984 0.0125431702613 0.0184254611208 0.0165974889963 0.0159563060775 0.0318265036704 0.013929331392 0.0317474195118 0.0128612181528 0.0172176206368 0.030289565144 0.204004051705 0.0285134131637 -0.0011924127592 0.0145212813398 0.0212301400442 0.0428130384892 0.0145398802375 0.0251033214325 0.000876632289015 0.0102133690982 0.0119046191355 0.0373036853606 0.00373442967905 -0.00264895868262 0.0509352859908 0.0192864337413 
0.0139376903844 0.00703332418231 -0.0110483672049 0.0221994259248 0.049992401758 0.0108957273033 0.0109887697971 0.0239354001029 -0.000286607635577 0.027653033809 0.0163648248272 0.00183931572208 0.0479895137453 0.0150913926121 0.0285134131637 0.187848329767 0.000236784904609 0.00443202011506 0.028798649911 0.00916366359182 0.0249660034053 0.0155574591671 0.0312476256895 0.0046588558163 0.0196163244812 0.0384432760516 0.016582135121 -0.0040986299572 0.0329898238526 0.0128676251329 
0.0121130776598 0.00518327203152 0.00101592625837 -0.00986947480504 0.0152675531755 0.0437604641406 0.0108292469977 -0.0088627329992 0.035842202301 0.00357812773595 0.0453717816792 0.0616670736518 0.0188069931752 0.0211250991511 -0.0011924127592 0.000236784904609 0.470046659841 -0.0341625427684 -0.000974494326459 -0.00791752384833 0.0246074053392 -0.00947270106031 0.0296962498261 -0.0118441231298 0.0864365203145 0.0184221685723 -0.0104867092838 0.0659362550363 0.0085515806821 0.011508496793 
0.0195300447069 0.00165745036549 -0.0126909489744 0.0168628861144 0.00839591569976 0.0275656256954 0.00182976669958 0.0148790309677 0.0178101116502 -0.0128583431726 0.0293447916859 0.0192832951054 0.00699690319726 0.000407636144309 0.0145212813398 0.00443202011506 -0.0341625427684 0.358078309365 -0.00671638788654 0.00228302329615 0.0236933388111 0.00128436635956 0.0141536514303 0.0434245036822 -0.00226321416438 0.0443089779855 -0.0226974172869 0.0385698232054 0.0255375347488 0.021536413265 
-0.00837533800448 0.0165457255271 -0.0102414347657 0.0262744258684 0.0166050282131 0.0100459922129 0.00678813906589 -0.000978724676998 0.0105318357873 0.0448544187449 0.0279642944585 0.0398260498877 0.0209417254708 0.0245571849628 0.0212301400442 0.028798649911 -0.000974494326459 -0.00671638788654 0.19771032505 0.00693668526567 0.0313445259136 0.0182422636227 0.0195004324182 0.0045092399254 -0.0042671586749 0.0147229399476 0.00595045663136 0.0124632866357 0.0174248419557 0.0186154381798 
-0.0127817698632 0.0103044327429 0.00852795191031 0.0211190321892 0.0280047455346 -0.00216988076701 0.00165835466035 -0.00159434422071 0.0310925711264 -0.000973241732016 -0.000313941733699 0.0182027886367 0.0129623968073 0.0606606517655 0.0428130384892 0.00916366359182 -0.00791752384833 0.00228302329615 0.00693668526567 0.467953400637 0.000644203047283 0.00543414068793 -0.00846985672736 0.0106090371188 -0.0126573339338 -0.00737210642031 0.0304658704039 -0.00789480166665 0.022421153693 0.00405722568052 
0.00032942890927 0.0294973461105 0.0183330304261 0.0379125737187 0.0380932194816 0.00123826422804 0.0152030248998 0.022518545602 0.0111489326351 0.0385409021965 0.0361833933883 0.0532406366134 0.028690450409 -0.0019446920038 0.0145398802375 0.0249660034053 0.0246074053392 0.0236933388111 0.0313445259136 0.000644203047283 0.262259100232 0.0411989004645 0.000855603231367 0.0401024794979 0.0493581177272 0.0132311189359 0.00389699063021 0.00109349935106 0.0214033820343 0.0274251594633 
0.00931486233909 0.0154554863636 0.00938516695528 0.0273344278197 0.0129350345054 0.00617597291569 0.0170816527274 0.0194553031022 0.00518990605087 0.0280642970233 0.0228030867061 0.0221399012678 0.0133633857018 -0.00181246456758 0.0251033214325 0.0155574591671 -0.00947270106031 0.00128436635956 0.0182422636227 0.00543414068793 0.0411989004645 0.42802581885 0.0174933491578 0.0225050434371 0.026818909256 0.0349445641978 0.0166516418589 -0.00266156196715 0.0174902291184 0.0232076071517 
-0.00930070814951 0.0150539152765 0.0197463740528 0.0147495173751 0.0120433077121 -0.00396898207482 0.00269705296314 0.0108864917731 0.00687999078976 0.0295155281878 -0.00303673991225 -0.0104605116747 0.0255740229921 -0.0037123314336 0.000876632289016 0.0312476256895 0.0296962498261 0.0141536514303 0.0195004324182 -0.00846985672736 0.000855603231367 0.0174933491578 0.223475935304 0.0207423192893 -0.0029099129013 0.0410533300945 -0.0274949514864 0.000334371632422 0.0030408016237 0.025320025186 
-0.00434316409996 0.0140697301113 -0.0119227537785 0.0155259850766 0.0173704216986 0.051507414756 -0.0058917109272 0.134376030996 0.0467407592533 0.0148712348027 -0.0111640645358 -0.0373969915953 0.00678891275333 0.0195973887144 0.0102133690982 0.0046588558163 -0.0118441231298 0.0434245036822 0.0045092399254 0.0106090371188 0.0401024794979 0.0225050434371 0.0207423192893 0.454845288918 -0.00837475289542 0.0361972144718 -0.00665328449431 0.175196177407 0.0133203419357 0.0375065075543 
0.00374484438247 0.0119752168236 0.0120523770038 0.0124266283473 0.0295539695778 0.017390114862 0.0253338993482 -0.00698292497329 0.0275494207721 -0.0148795549305 0.0383972956246 0.0203591649986 0.0303317159501 -0.00367131244957 0.0119046191355 0.0196163244812 0.0864365203145 -0.00226321416438 -0.0042671586749 -0.0126573339338 0.0493581177272 0.026818909256 -0.0029099129013 -0.00837475289542 0.563373306262 0.0614652857681 0.107532630029 0.031985157218 0.0287080215736 -0.00625807179051 
-0.00341636120448 0.0230872297493 -0.00905841533822 0.0160219480691 0.0215003291276 0.0200423001713 0.0149910180002 0.016051760058 0.00569924522571 0.0400187099346 0.0176078048733 -0.000521984477891 0.0239357657613 -0.00530587330009 0.0373036853606 0.0384432760516 0.0184221685723 0.0443089779855 0.0147229399476 -0.00737210642031 0.0132311189359 0.0349445641978 0.0410533300945 0.0361972144718 0.0614652857681 0.904653512919 -0.0113684871018 -0.013501564929 0.0310816620133 0.0507549250579 
-0.00055883241238 -0.00675648974263 0.0218061565156 0.0123527631997 -0.000529656316389 0.0201337214381 -0.00846530740571 0.00104396999067 -0.0043254292747 0.0138705886618 -0.0339628024701 0.0130086590238 0.0049892148278 0.0407877371057 0.00373442967905 0.016582135121 -0.0104867092838 -0.0226974172869 0.00595045663136 0.0304658704039 0.00389699063021 0.0166516418589 -0.0274949514864 -0.00665328449431 0.107532630029 -0.0113684871018 1.20565547657 -0.0246858819738 0.00700899341828 0.0298911748396 
0.0179339842975 -0.00520991979504 0.0230949326808 0.0118769886198 0.0041366249773 0.0295387173547 -0.000564655836296 0.113793689426 0.044254323603 -0.0108571571996 0.0175309107219 0.0299550819816 0.0034165925388 0.0114844959937 -0.00264895868261 -0.0040986299572 0.0659362550363 0.0385698232054 0.0124632866357 -0.00789480166665 0.00109349935106 -0.00266156196715 0.000334371632421 0.175196177407 0.031985157218 -0.013501564929 -0.0246858819738 0.409059821384 0.00487369212062 0.00611052602333 
0.00291495772724 0.00209010627178 0.00820196941142 0.0291420046466 0.0157727722846 0.0259106976726 0.0179894863878 0.0198088344005 0.0055176330921 0.0237890737883 0.0224148999872 0.0132480793048 0.0242188005757 0.0172859256651 0.0509352859908 0.0329898238526 0.0085515806821 0.0255375347488 0.0174248419557 0.022421153693 0.0214033820343 0.0174902291184 0.0030408016237 0.0133203419357 0.0287080215736 0.0310816620133 0.00700899341828 0.00487369212062 0.15462521831 0.0151967257796 
0.0240425461342 0.00645673468867 0.000807349310564 0.00801453852144 0.0215219625527 0.00795727086164 0.0277992830925 0.0268864003753 0.0137219217084 0.00764160537336 0.01494131993 -0.00475586050242 0.0321718095212 0.0234873810401 0.0192864337413 0.0128676251329 0.011508496793 0.021536413265 0.0186154381798 0.00405722568052 0.0274251594633 0.0232076071517 0.025320025186 0.0375065075543 -0.00625807179051 0.0507549250579 0.0298911748396 0.00611052602333 0.0151967257796 0.197848875131 
0.0289470635929 -0.000210517917532 -0.000780067759525 -0.000299093256994 -0.00130789722168 0.000722538554881 0.00142729512372 0.00033186614728 0.00248573507382 0.00141660401133 0.000462104525657 -0.000784484386921 -1.21941068515e-06 0.00329903629214 0.000766636048696 0.0012070393943 0.00104902329714 0.00169135148532 -0.000725325547716 -0.00110693374068 2.85293804169e-05 0.000806690741841 -0.000805464953066 -0.000376129044337 0.000324313036844 -0.000295865559158 -4.83963065579e-05 0.00155312859927 0.000252442744275 0.00208214557239 
-0.000210517917532 0.0217061450533 -0.000352210111016 0.000313209452021 0.000512386483111 0.000307375623938 0.000364840327016 0.00108587047756 0.000613625059423 0.000656166254518 -1.87505726001e-05 -0.000369672814144 0.00085013114913 -0.000551364809996 0.00108283840316 0.000609103741493 0.000448884525402 0.000143539412202 0.00143290186305 0.000892390052691 0.00255454510759 0.00133848438187 0.00130370730559 0.00121847437008 0.00103708419851 0.00199941274659 -0.000585129175752 -0.000451192289419 0.000181008512797 0.000559169626588 
-0.000780067759525 -0.000352210111016 0.0180826387606 0.000636725733883 0.00139965600391 0.00093228214882 0.00127045712849 7.73322766565e-05 0.00120096357316 0.000666885091552 0.00145255310796 -0.000528058164311 0.00156224097885 0.00155300260219 0.000837883523055 -0.000956816666977 8.79817948122e-05 -0.001099068421 -0.000886934267833 0.000738542299658 0.00158768700774 0.000812779300203 0.00171008615624 -0.00103254076552 0.00104376646613 -0.000784481780093 0.00188846855014 0.00200007984002 0.000710311387135 6.99185012676e-05 
-0.000299093256994 0.000313209452021 0.000636725733883 0.0108460925731 0.00200112138457 0.000332043909636 0.00120052883829 0.00124284801107 0.000124486460676 0.00137204474481 0.00180475024984 0.00190527035437 0.00261411600922 0.000508988239491 0.00127261452731 0.00192252668003 -0.000854721590318 0.00146036877562 0.00227543202719 0.00182896183792 0.00328332519632 0.00236723088898 0.00127734567404 0.00134458974952 0.00107617758322 0.0013875414046 0.00106978067379 0.00102857738652 0.00252377163412 0.000694079395917 
-0.00130789722168 0.000512386483111 0.00139965600391 0.00200112138457 0.017550131601 0.000542264197977 0.000429336609003 0.000854589387916 0.00321199306226 0.00148420153536 0.00444818291138 0.00185056538813 0.00272378686991 0.000499386070461 0.00108627040902 0.00432946899187 0.00132220889036 0.000727107628402 0.00143803762631 0.00242528210595 0.0032989695783 0.00112020684805 0.00104298104243 0.00150432264654 0.0025594488437 0.00186198312143 -4.58695825268e-05 0.000358242231627 0.00136596214866 0.001863856631 
0.000722538554881 0.000307375623938 0.00093228214882 0.000332043909636 0.000542264197977 0.0174334378861 0.000154888251048 0.00250615133905 0.00244145028764 0.000781421541803 0.00236164979947 0.000965094652952 0.00179994438314 0.000823852255099 0.0015956917407 0.000943597663734 0.00378976736272 0.00238725321234 0.00087000844626 -0.000187917186742 0.000107236827808 0.000534854943807 -0.000343723930396 0.0044606729662 0.00150602812452 0.00173571410987 0.00174363142381 0.00255812796244 0.00224393224143 0.000689119871098 
0.00142729512372 0.000364840327016 0.00127045712849 0.00120052883829 0.000429336609003 0.000154888251048 0.0145737580532 0.00120869272852 0.000758922544101 0.000540756119397 0.000598143662728 -0.000697122706246 0.00132300958694 9.46927347145e-05 0.00143738471099 0.000951655380059 0.000937840300389 0.000158462444484 0.000587870087549 0.000143617726435 0.00131662057776 0.00147931452006 0.000233571638143 -0.000510237133471 0.00219398004125 0.00129826024168 -0.000733117126419 -4.89006298628e-05 0.00155793522129 0.00240748853651 
0.00033186614728 0.00108587047756 7.73322766565e-05 0.00124284801107 0.000854589387916 0.00250615133905 0.00120869272852 0.019667622691 0.00319392418371 0.000215000022957 -0.000390961636175 0.000977708224316 0.000820142321653 0.00109697391277 0.00138185664137 0.00207286645388 -0.000767535192427 0.00128856188017 -8.47600433589e-05 -0.000138074259751 0.00195016325476 0.00168487867248 0.000942797843356 0.0116373056502 -0.000604739041959 0.00139012319856 9.04104532708e-05 0.00985482258329 0.00171549538102 0.00232843057413 
0.00248573507382 0.000613625059423 0.00120096357316 0.000124486460676 0.00321199306226 0.00244145028764 0.000758922544101 0.00319392418371 0.0546637374792 0.0024108070712 0.00221098532083 0.000335658238386 0.00256683900722 0.0029765298816 0.00275625606922 -2.48209493328e-05 0.00310402577202 0.00154240091333 0.000912083734033 0.00269269564644 0.000965525888709 0.000449459048331 0.000595824680174 0.00404786849056 0.00238584982482 0.000493569114786 -0.000374593163416 0.00383253684675 0.000477841042652 0.00118835327882 
0.00141660401133 0.000656166254518 0.000666885091552 0.00137204474481 0.00148420153536 0.000781421541803 0.000540756119397 0.000215000022957 0.0024108070712 0.0276370575906 0.00184415002971 0.00412779025445 0.00118723554296 -0.000921827487697 0.00120631548432 0.00239482297703 0.000309874951732 -0.00111356518381 0.00388450661051 -8.42852063948e-05 0.00333774003869 0.00243043941615 0.00255611972167 0.00128788671248 -0.00128860725668 0.00346572194301 0.00120122821465 -0.000940257394772 0.00206019422332 0.000661782437903 
0.000462104525657 -1.87505726001e-05 0.00145255310796 0.00180475024984 0.00444818291138 0.00236164979947 0.000598143662728 -0.000390961636175 0.00221098532083 0.00184415002971 0.0200108087956 0.0100186117195 0.00254958608315 0.00373396800428 0.00274940718018 0.00141723540289 0.00392931155491 0.00254133350687 0.00242177894 -2.71881516691e-05 0.00313357378694 0.00197480523721 -0.00026298939087 -0.000966836349746 0.00332530334476 0.00152488063251 -0.00294126497228 0.00151822140366 0.00194118728122 0.00129395626254 
-0.000784484386921 -0.000369672814144 -0.000528058164311 0.00190527035437 0.00185056538813 0.000965094652952 -0.000697122706246 0.000977708224316 0.000335658238386 0.00412779025445 0.0100186117195 0.0264262806347 -0.00138284077123 0.00341903687844 0.00111381416439 0.00015928941409 0.00534052523595 0.00166998234299 0.00344903709352 0.00157640773791 0.00461077438208 0.00191737169352 -0.000905906884691 -0.00323867447467 0.00176315540886 -4.52051818235e-05 0.00112658291838 0.00259418619685 0.00114731732293 -0.000411869601195 
-1.21941068514e-06 0.00085013114913 0.00156224097885 0.00261411600922 0.00272378686991 0.00179994438314 0.00132300958694 0.000820142321653 0.00256683900722 0.00118723554296 0.00254958608315 -0.00138284077123 0.0151401064952 0.00111912977363 0.00149108968642 0.00415601380187 0.00162873338585 0.000605949591664 0.00181360662568 0.00112257649291 0.00248466589002 0.00115730314983 0.00221477535881 0.000587937090846 0.00262680365532 0.00207289812083 0.000432078678581 0.000295885593298 0.00209740965477 0.0027861604331 
0.00329903629214 -0.000551364809996 0.00155300260219 0.000508988239491 0.000499386070461 0.000823852255099 9.46927347145e-05 0.00109697391277 0.0029765298816 -0.000921827487697 0.00373396800428 0.00341903687844 0.00111912977363 0.0508531342599 0.00262315328843 0.00130695293806 0.00182948725223 3.53023256472e-05 0.00212671460232 0.0052533665439 -0.000168415267783 -0.000156964035899 -0.000321497332877 0.00169718364745 -0.000317944984656 -0.000459502106714 0.00353232164965 0.000994586528024 0.00149700507539 0.00203406686491 
0.000766636048695 0.00108283840316 0.000837883523055 0.00127261452731 0.00108627040902 0.0015956917407 0.00143738471099 0.00138185664137 0.00275625606922 0.00120631548432 0.00274940718018 0.00111381416439 0.00149108968642 0.00262315328843 0.0176672691252 0.00246933401484 -0.000103265974126 0.00125757985358 0.00183858406042 0.00370771789448 0.00125919056537 0.002174011408 7.59185832065e-05 0.000884503709726 0.00103097025937 0.0032305939177 0.00032341109707 -0.000229406551272 0.00441112516171 0.00167025415684 
0.0012070393943 0.000609103741493 -0.000956816666977 0.00192252668003 0.00432946899187 0.000943597663734 0.000951655380059 0.00207286645388 -2.48209493328e-05 0.00239482297703 0.00141723540289 0.00015928941409 0.00415601380187 0.00130695293806 0.00246933401484 0.0162681425637 2.05061742624e-05 0.000383824200973 0.00249403624177 0.000793596546225 0.002162119318 0.0013473154857 0.0027061237655 0.000403468748948 0.00169882353296 0.00332928536654 0.00143605502638 -0.000354951766365 0.00285700255227 0.00111436902515 
0.00104902329714 0.000448884525402 8.79817948122e-05 -0.000854721590318 0.00132220889036 0.00378976736272 0.000937840300389 -0.000767535192427 0.00310402577202 0.000309874951732 0.00392931155491 0.00534052523595 0.00162873338585 0.00182948725223 -0.000103265974126 2.05061742624e-05 0.0407072348386 -0.00295856298953 -8.43936842558e-05 -0.000685677678772 0.0021310638145 -0.000820359976068 0.00257177067466 -0.0010257311516 0.00748562224071 0.00159540659764 -0.000908175664186 0.00571024718918 0.000740588611321 0.000996665058214 
0.00169135148532 0.000143539412202 -0.001099068421 0.00146036877562 0.000727107628402 0.00238725321234 0.000158462444484 0.00128856188017 0.00154240091333 -0.00111356518381 0.00254133350687 0.00166998234299 0.000605949591664 3.53023256472e-05 0.00125757985358 0.000383824200973 -0.00295856298953 0.0310104912455 -0.000581656253141 0.00019771561719 0.00205190333109 0.000111229389515 0.0012257421695 0.00376067233355 -0.000196000096056 0.00383727005512 -0.00196565399707 0.00334024467154 0.00221161538425 0.00186510809939 
-0.000725325547716 0.00143290186305 -0.000886934267833 0.00227543202719 0.00143803762631 0.00087000844626 0.000587870087549 -8.47600433591e-05 0.000912083734033 0.00388450661051 0.00242177894 0.00344903709352 0.00181360662568 0.00212671460232 0.00183858406042 0.00249403624177 -8.43936842557e-05 -0.000581656253141 0.0171222164084 0.000600734565813 0.00271451557107 0.00157982637198 0.0016887869859 0.000390511632715 -0.000369546781444 0.0012750440013 0.000515324660688 0.00107935228412 0.00150903557905 0.00161214423662 
-0.00110693374068 0.000892390052691 0.000738542299658 0.00182896183792 0.00242528210595 -0.000187917186742 0.000143617726435 -0.000138074259751 0.00269269564644 -8.42852063949e-05 -2.71881516691e-05 0.00157640773791 0.00112257649291 0.0052533665439 0.00370771789448 0.000793596546225 -0.000685677678772 0.00019771561719 0.000600734565813 0.0405259532739 5.57896204143e-05 0.000470610388349 -0.000733511109231 0.000918769565459 -0.00109615727308 -0.000638443143939 0.00263842177182 -0.000683709880115 0.00194172886803 0.000351366050822 
2.85293804169e-05 0.00255454510759 0.00158768700774 0.00328332519632 0.0032989695783 0.000107236827808 0.00131662057776 0.00195016325476 0.000965525888709 0.00333774003869 0.00313357378694 0.00461077438208 0.00248466589002 -0.000168415267783 0.00125919056537 0.002162119318 0.0021310638145 0.00205190333109 0.00271451557107 5.57896204142e-05 0.0227123043175 0.00356792944102 7.40974133924e-05 0.00347297659999 0.00427453838347 0.0011458485119 0.000337489288407 9.46998217041e-05 0.00185358725686 0.00237508847981 
0.000806690741841 0.00133848438187 0.000812779300203 0.00236723088898 0.00112020684805 0.000534854943807 0.00147931452006 0.00168487867248 0.000449459048331 0.00243043941615 0.00197480523721 0.00191737169352 0.00115730314983 -0.000156964035899 0.002174011408 0.0013473154857 -0.000820359976068 0.000111229389515 0.00157982637198 0.000470610388349 0.00356792944102 0.0370681232599 0.00151496847679 0.00194899393298 0.00232258567175 0.00302628803195 0.00144207448645 -0.00023049802773 0.00151469827346 0.00200983773544 
-0.000805464953066 0.00130370730559 0.00171008615624 0.00127734567404 0.00104298104243 -0.000343723930396 0.000233571638143 0.000942797843355 0.000595824680174 0.00255611972167 -0.00026298939087 -0.000905906884691 0.00221477535881 -0.000321497332877 7.59185832066e-05 0.0027061237655 0.00257177067466 0.0012257421695 0.0016887869859 -0.000733511109231 7.40974133924e-05 0.00151496847679 0.0193535837107 0.0017963375438 -0.000252005849533 0.00355532267718 -0.00238113264631 2.89574327982e-05 0.0002633411454 0.00219277850355 
-0.000376129044337 0.00121847437008 -0.00103254076552 0.00134458974952 0.00150432264654 0.0044606729662 -0.000510237133471 0.0116373056502 0.00404786849056 0.00128788671248 -0.000966836349746 -0.00323867447467 0.000587937090846 0.00169718364745 0.000884503709726 0.000403468748948 -0.0010257311516 0.00376067233355 0.000390511632715 0.000918769565459 0.00347297659999 0.00194899393298 0.0017963375438 0.0393907574994 -0.000725274875785 0.00313477072788 -0.000576191339067 0.015172434028 0.00115357545034 0.00324815883493 
0.000324313036844 0.00103708419851 0.00104376646613 0.00107617758322 0.0025594488437 0.00150602812452 0.00219398004125 -0.000604739041959 0.00238584982482 -0.00128860725668 0.00332530334476 0.00176315540886 0.00262680365532 -0.000317944984656 0.00103097025937 0.00169882353296 0.00748562224071 -0.000196000096056 -0.000369546781444 -0.00109615727308 0.00427453838347 0.00232258567175 -0.000252005849533 -0.000725274875785 0.0487895595037 0.00532304989261 0.00931259893405 0.00276999586949 0.00248618759751 -0.000541964914928 
-0.000295865559158 0.00199941274659 -0.000784481780093 0.0013875414046 0.00186198312143 0.00173571410987 0.00129826024168 0.00139012319856 0.000493569114786 0.00346572194301 0.00152488063251 -4.52051818235e-05 0.00207289812083 -0.000459502106714 0.0032305939177 0.00332928536654 0.00159540659764 0.00383727005512 0.0012750440013 -0.000638443143939 0.0011458485119 0.00302628803195 0.00355532267718 0.00313477072788 0.00532304989261 0.0783452923811 -0.000984539863278 -0.00116926982193 0.00269175088954 0.00439550544673 
-4.83963065579e-05 -0.000585129175752 0.00188846855014 0.00106978067379 -4.58695825267e-05 0.00174363142381 -0.000733117126419 9.04104532708e-05 -0.000374593163416 0.00120122821465 -0.00294126497228 0.00112658291838 0.000432078678581 0.00353232164965 0.00032341109707 0.00143605502638 -0.000908175664186 -0.00196565399707 0.000515324660688 0.00263842177182 0.000337489288407 0.00144207448645 -0.00238113264631 -0.000576191339067 0.00931259893405 -0.000984539863278 0.104412827092 -0.00213786009041 0.000606996635519 0.00258865167601 
0.00155312859927 -0.000451192289418 0.00200007984002 0.00102857738652 0.000358242231627 0.00255812796244 -4.89006298628e-05 0.00985482258329 0.00383253684675 -0.000940257394772 0.00151822140366 0.00259418619685 0.000295885593298 0.000994586528024 -0.000229406551272 -0.000354951766365 0.00571024718918 0.00334024467154 0.00107935228412 -0.000683709880115 9.4699821704e-05 -0.00023049802773 2.89574327982e-05 0.015172434028 0.00276999586949 -0.00116926982193 -0.00213786009041 0.0354256196986 0.000422074118668 0.000529187076669 
0.000252442744275 0.000181008512797 0.000710311387135 0.00252377163412 0.00136596214866 0.00224393224143 0.00155793522129 0.00171549538102 0.000477841042652 0.00206019422332 0.00194118728122 0.00114731732293 0.00209740965477 0.00149700507539 0.00441112516171 0.00285700255227 0.000740588611321 0.00221161538425 0.00150903557905 0.00194172886803 0.00185358725686 0.00151469827346 0.0002633411454 0.00115357545034 0.00248618759751 0.00269175088954 0.000606996635519 0.000422074118668 0.0133909367122 0.00131607505795 
0.00208214557239 0.000559169626588 6.99185012676e-05 0.000694079395917 0.001863856631 0.000689119871098 0.00240748853651 0.00232843057413 0.00118835327882 0.000661782437903 0.00129395626254 -0.000411869601195 0.0027861604331 0.00203406686491 0.00167025415684 0.00111436902515 0.000996665058214 0.00186510809939 0.00161214423662 0.000351366050822 0.00237508847981 0.00200983773544 0.00219277850355 0.00324815883493 -0.000541964914928 0.00439550544673 0.00258865167601 0.000529187076669 0.00131607505795 0.0171342151974 

['NCR', 'CLX', 'LH', 'TMK', 'LNC', 'PNW', 'GIS', 'XOM', 'BBY', 'COL', 'CSX', 'NSC', 'CBSS', 'GLW', 'ABK', 'MI', 'CTXS', 'SVU', 'BLS', 'CMX', 'AA', 'TSG', 'JNJ', 'OXY', 'R', 'AVP', 'WAT', 'BHI', 'CINF', 'SNA']