30
0.0422457423554 0.155431064381 0.0407864154506 0.204332601919 0.0213104348082 0.022775665512 0.101218808556 0.0358059899839 0.00238062118955 0.0216083944488 0.0540494724418 0.13588321519 -0.0108233812146 0.0166595463284 0.0526772687529 0.05514883533 0.0381517477001 0.0637387331612 0.142251168296 0.0472299451056 0.0625636206577 0.131188957491 -0.0014382556632 0.0146033592013 0.158066549078 0.0705908558691 0.072987431854 0.0408230851415 0.0823962853659 0.0315088302779 
0.184556708736 0.0538400512484 0.0589020096457 -0.0226492578773 0.0127232609011 0.0209980904334 0.000814564458465 0.0164833311507 0.0145386823819 0.0101374153948 0.012236968862 0.0231225096015 0.015281078267 0.00249084646533 0.015682126079 0.0167987126371 0.00691316063643 -0.0216134577397 0.0273564295258 0.0224828602449 0.0282192145305 0.0224885476555 0.000697027626561 0.00972090105559 0.00160407082402 0.0125844375593 0.00807763597797 0.0101492817559 0.00945393716713 0.0232236911343 
0.0538400512484 0.705876430083 0.0246776910068 0.0462181558204 0.0418993142834 0.00666663055281 0.00300184039528 0.0120071223967 0.0238936969305 0.00175758406834 0.0481622850489 0.00349707283621 0.0276677388688 0.0111852965726 0.0467956557389 0.0288268874555 0.00567868776666 0.0197020257679 0.00655290129626 0.0433003850017 0.0210864775599 0.0121792942219 0.0147706907215 0.0112493860553 0.0128170325466 0.0188573591584 0.0100827905175 0.0173960830366 0.0244306665114 0.0321089565638 
0.0589020096457 0.0246776910068 0.223893513521 0.0118696217082 0.027351320702 0.035860463961 0.0334099290159 0.0109319764448 0.0170530413653 0.0214105509624 0.0176566825441 0.0353996041519 0.0250164321882 0.0269610375426 0.0147349322938 0.0161266483092 0.0322676735299 0.0085088016741 0.00311924075736 0.0530245188688 0.00804297144878 0.0193883270882 0.00948919371403 0.00965003208562 0.00352942337996 0.016833436851 0.00425106336894 0.015677781222 0.0182108995155 0.0268671949412 
-0.0226492578773 0.0462181558204 0.0118696217082 1.41774307255 -0.00374133871844 0.0645170665908 -0.0153380213789 0.00208342283177 -0.0153136336809 -0.0146478100134 -0.031292377933 0.0723146216498 -0.00225347726273 -0.0135041670879 -0.00646956338039 0.137442129443 0.0122569571974 0.052125201714 0.0179204132803 -0.0321609554198 -0.0249502542224 -0.0270781883739 0.0510004132602 0.0420413660749 -0.0210365549928 0.0143259578948 0.0131790818816 -0.00621434620139 0.0171261716256 0.000883051857465 
0.0127232609011 0.0418993142834 0.027351320702 -0.00374133871844 0.343436076041 0.0235510016639 0.020426746146 0.00514762891493 0.000882609881827 -0.00225055978239 0.0299795149813 0.0380451418034 -0.00084808392625 0.00776614706472 0.0161685436531 -0.00582788785396 0.0831998897134 -0.00419547055873 0.00905641037049 0.0111952933304 0.0341192204998 0.0441491782637 0.016168422335 0.00549350007135 0.00550547833567 0.0258763618427 0.00445576194585 0.038502590794 0.0525610472062 0.0261877271703 
0.0209980904334 0.00666663055281 0.035860463961 0.0645170665908 0.0235510016639 0.218634875905 0.0277733004985 0.0436245115853 0.02953771992 0.0145758516473 0.0288514446403 0.0466205120452 0.0237200901719 0.0324513630516 0.040604976569 0.0382946643508 0.0280531276411 0.0316320590681 0.0200060967154 0.023836560838 0.0392988962386 0.0443552001446 0.0328287171183 0.016628309045 -0.00549999264537 0.0341042393565 0.0259000385206 0.0347472489126 0.0223683425046 0.0140338082549 
0.000814564458465 0.00300184039528 0.0334099290159 -0.0153380213789 0.020426746146 0.0277733004985 0.343997950239 0.0296398400098 0.0176895650238 0.00421527564465 0.0115971470196 0.0117698220365 0.0106655645467 0.0177032766749 0.0315303975057 -0.00850351284149 0.0155713195181 0.0051296677351 0.0471402390751 0.0565533171012 0.0604166131726 0.0265266703596 -0.00666127631024 -0.0143108361372 -0.00107109873248 0.0178110258918 0.0064487634103 0.0217391925987 0.0156208507859 0.0460191027843 
0.0164833311507 0.0120071223967 0.0109319764448 0.00208342283177 0.00514762891493 0.0436245115853 0.0296398400098 0.213963002099 0.0449503591642 0.0118853218467 0.0300995260129 0.0148788874464 0.0671862493783 0.031719525725 0.0199605644211 0.0364463044688 0.00533323981657 0.0474388381148 0.00615761993751 0.0106730220747 0.00763613389417 0.0215592348748 0.00545911185883 0.00300851624907 0.00166292824342 0.0315481120615 0.00311584554145 -0.000340414447002 0.00524342057496 0.0378131381361 
0.0145386823819 0.0238936969305 0.0170530413653 -0.0153136336809 0.000882609881827 0.02953771992 0.0176895650238 0.0449503591642 0.122521598885 0.00218447025346 0.0254651447099 0.0116626848817 0.0481307678013 0.0269917276006 0.0170809088311 0.03130510899 0.00300431525286 0.0158265460645 0.0313824103365 0.0217498942398 -0.00339575521205 0.0295359106501 0.0143624017091 0.0166230460153 -0.00887396118277 0.0127354262115 0.0121380083975 0.0146149040215 0.000337299276355 0.0145001383376 
0.0101374153948 0.00175758406834 0.0214105509624 -0.0146478100134 -0.00225055978239 0.0145758516473 0.00421527564465 0.0118853218467 0.00218447025346 0.26748669389 0.0222441875519 0.00669423681394 0.00809900331784 0.00794335728117 -0.00323046872591 -0.0203117820108 0.0279869562302 -0.017908474141 0.022382841417 0.015396949444 0.0101904597332 0.0498864860909 0.00476806645249 0.0023981619593 -0.00826221723233 0.000635752680944 0.0230244986225 0.0420726436533 0.0202210088548 0.0194129863662 
0.012236968862 0.0481622850489 0.0176566825441 -0.031292377933 0.0299795149813 0.0288514446403 0.0115971470196 0.0300995260129 0.0254651447099 0.0222441875519 0.270622894175 -0.0129926717843 0.0372177350118 0.0169240826454 0.0162413028106 0.0262439073218 0.0123050752614 0.012123594343 0.0346621806364 0.0180415997496 0.0180377603745 0.0161910784715 0.0141583150179 0.00565723369339 0.0153796934717 0.0143284350716 0.033063015538 0.0158662859534 0.00179028364598 0.0236379804503 
0.0231225096015 0.00349707283621 0.0353996041519 0.0723146216498 0.0380451418034 0.0466205120452 0.0117698220365 0.0148788874464 0.0116626848817 0.00669423681394 -0.0129926717843 1.20773539618 0.0146275309712 -0.00595267156366 -0.00715895380756 -0.0233105848589 0.0169297262961 -0.0188266929012 0.00960648783916 0.00336365680293 0.0330708794202 0.00548897165942 0.0150449373048 -0.00546120473941 -0.00342365595658 0.0165133868083 -0.0190540018431 0.018620504698 0.00863013109537 0.0131437487887 
0.015281078267 0.0276677388688 0.0250164321882 -0.00225347726273 -0.00084808392625 0.0237200901719 0.0106655645467 0.0671862493783 0.0481307678013 0.00809900331784 0.0372177350118 0.0146275309712 0.211151132225 0.0336942074 0.0136957493866 0.0319398827873 -0.000108339204854 0.0428470964316 0.0157005475113 0.0198342473929 0.00854824883172 0.0278675608602 0.0319155526468 0.00238768242908 0.000335457668904 0.00425518010527 -0.00438444672554 0.0201107861853 0.0309969288308 0.0161338638603 
0.00249084646533 0.0111852965726 0.0269610375426 -0.0135041670879 0.00776614706472 0.0324513630516 0.0177032766749 0.031719525725 0.0269917276006 0.00794335728117 0.0169240826454 -0.00595267156366 0.0336942074 0.208616708458 0.0222776764355 0.0437013773539 0.0121360727058 0.0432478750204 0.00694856399632 0.0243829317125 0.0426979916835 0.0614370320361 0.0012758509816 0.00700099195799 -0.00705457804653 0.0245239539583 -0.00453589124767 -0.00354358439266 0.0132321888531 0.0122188960558 
0.015682126079 0.0467956557389 0.0147349322938 -0.00646956338039 0.0161685436531 0.040604976569 0.0315303975057 0.0199605644211 0.0170809088311 -0.00323046872591 0.0162413028106 -0.00715895380756 0.0136957493866 0.0222776764355 0.252356840093 0.0245610230048 0.00306803212787 0.0176174236336 -0.008869169951 0.0244438333528 0.0135571806665 0.033551914386 0.00342914813862 0.00282765380666 0.0350006211366 0.0156063961289 0.00637342660211 0.0200221430395 0.013753211968 0.0193995841734 
0.0167987126371 0.0288268874555 0.0161266483092 0.137442129443 -0.00582788785396 0.0382946643507 -0.00850351284149 0.0364463044688 0.03130510899 -0.0203117820108 0.0262439073218 -0.0233105848589 0.0319398827873 0.0437013773539 0.0245610230048 0.369836114185 0.0119216787163 0.166872330434 -0.0279202268716 0.0121019370089 0.00786695502664 0.03701751813 0.00120010768733 0.0122718468465 -0.00926844372321 -0.0076675735922 0.0175014478799 -0.00570861655896 -0.0133904524556 0.0248359687912 
0.00691316063644 0.00567868776666 0.0322676735299 0.0122569571974 0.0831998897134 0.0280531276411 0.0155713195181 0.00533323981657 0.00300431525286 0.0279869562302 0.0123050752614 0.0169297262961 -0.000108339204854 0.0121360727058 0.00306803212787 0.0119216787163 0.323355044921 0.0166068105167 0.0137031589289 0.00842881383323 0.00293278379863 0.0535620115888 0.0103400180245 0.0246794332914 0.0103375193723 0.0347940348143 0.019722701887 0.0182709595011 0.103791146715 -0.00176612221952 
-0.0216134577397 0.0197020257679 0.0085088016741 0.052125201714 -0.00419547055873 0.0316320590681 0.0051296677351 0.0474388381148 0.0158265460645 -0.017908474141 0.012123594343 -0.0188266929012 0.0428470964316 0.0432478750204 0.0176174236336 0.166872330434 0.0166068105167 0.423064330244 -0.00354355141552 0.000966205639513 0.00892688455642 0.0198664399628 0.00351780198885 0.0185343695509 -0.0252948177514 0.0156286016869 0.0198102081306 0.0238016278062 0.00887323171244 0.0251594545125 
0.0273564295258 0.00655290129626 0.00311924075736 0.0179204132803 0.00905641037049 0.0200060967154 0.0471402390751 0.00615761993751 0.0313824103365 0.022382841417 0.0346621806364 0.00960648783916 0.0157005475113 0.00694856399632 -0.008869169951 -0.0279202268716 0.0137031589289 -0.00354355141552 0.809614189801 0.0282293454239 0.0256374877278 0.0236899720926 0.00547291456933 0.0126090998364 0.0030686936403 0.0468525555268 -0.00338773535314 0.0117998138507 0.00834451782409 0.0308604670832 
0.0224828602449 0.0433003850017 0.0530245188688 -0.0321609554198 0.0111952933304 0.023836560838 0.0565533171012 0.0106730220747 0.0217498942398 0.015396949444 0.0180415997496 0.00336365680293 0.0198342473929 0.0243829317125 0.0244438333528 0.0121019370089 0.00842881383324 0.000966205639513 0.0282293454239 0.284284463767 0.046858966858 0.0307809658678 -0.00432900210564 -0.00102352931325 0.00103996727789 -0.0230822267609 -0.0139163068509 0.0198695524611 -0.0204747350343 0.0266347983403 
0.0282192145305 0.0210864775599 0.00804297144878 -0.0249502542224 0.0341192204998 0.0392988962386 0.0604166131726 0.00763613389417 -0.00339575521205 0.0101904597332 0.0180377603745 0.0330708794202 0.00854824883172 0.0426979916835 0.0135571806665 0.00786695502664 0.00293278379863 0.00892688455642 0.0256374877278 0.046858966858 0.303805136704 0.0289428643567 0.012196833629 0.00425629560188 -0.0121564905266 0.0199120169034 0.00145629166994 0.0377595690713 0.0156859259931 0.0572335375821 
0.0224885476555 0.0121792942219 0.0193883270882 -0.0270781883739 0.0441491782637 0.0443552001446 0.0265266703596 0.0215592348748 0.0295359106501 0.0498864860909 0.0161910784715 0.00548897165942 0.0278675608602 0.0614370320361 0.033551914386 0.03701751813 0.0535620115888 0.0198664399628 0.0236899720926 0.0307809658678 0.0289428643567 0.404624937361 0.0207873949833 0.0265411411143 0.00599156678293 0.0229177748563 0.0183973412989 0.0281697099945 0.00983528795871 0.00682004629442 
0.000697027626562 0.0147706907215 0.00948919371403 0.0510004132602 0.016168422335 0.0328287171183 -0.00666127631023 0.00545911185883 0.0143624017091 0.00476806645249 0.0141583150179 0.0150449373048 0.0319155526468 0.00127585098159 0.00342914813862 0.00120010768733 0.0103400180245 0.00351780198885 0.00547291456933 -0.00432900210564 0.012196833629 0.0207873949833 0.219935761374 0.0322577735754 -0.0144693327224 0.0277248713977 0.00838180498877 0.00777896052558 0.0103672599393 0.0180807359603 
0.00972090105559 0.0112493860553 0.00965003208562 0.0420413660749 0.00549350007135 0.016628309045 -0.0143108361372 0.00300851624907 0.0166230460153 0.0023981619593 0.00565723369339 -0.00546120473941 0.00238768242908 0.00700099195799 0.00282765380665 0.0122718468465 0.0246794332914 0.0185343695509 0.0126090998364 -0.00102352931325 0.00425629560188 0.0265411411143 0.0322577735754 0.171644877575 0.0297049877721 0.00736621722142 0.0154136872853 0.000319988798525 0.0149643331562 0.0100310337663 
0.00160407082402 0.0128170325466 0.00352942337996 -0.0210365549928 0.00550547833567 -0.00549999264537 -0.00107109873248 0.00166292824342 -0.00887396118277 -0.00826221723233 0.0153796934717 -0.00342365595658 0.000335457668904 -0.00705457804653 0.0350006211366 -0.00926844372321 0.0103375193723 -0.0252948177514 0.0030686936403 0.00103996727789 -0.0121564905266 0.00599156678293 -0.0144693327224 0.0297049877721 0.690104500451 0.0059062318753 -0.026649387 -0.00414276240024 0.00174243287769 0.00122571434242 
0.0125844375593 0.0188573591584 0.016833436851 0.0143259578948 0.0258763618427 0.0341042393565 0.0178110258918 0.0315481120615 0.0127354262115 0.000635752680944 0.0143284350716 0.0165133868083 0.00425518010527 0.0245239539583 0.0156063961289 -0.0076675735922 0.0347940348143 0.0156286016869 0.0468525555268 -0.0230822267609 0.0199120169034 0.0229177748563 0.0277248713977 0.00736621722142 0.0059062318753 0.48424476166 0.0255464363919 0.0292305489943 0.0214686732444 0.0241907004488 
0.00807763597797 0.0100827905175 0.00425106336894 0.0131790818816 0.00445576194585 0.0259000385206 0.0064487634103 0.00311584554145 0.0121380083975 0.0230244986225 0.033063015538 -0.0190540018431 -0.00438444672554 -0.00453589124767 0.00637342660211 0.0175014478799 0.019722701887 0.0198102081306 -0.00338773535314 -0.0139163068509 0.00145629166994 0.0183973412989 0.00838180498877 0.0154136872853 -0.026649387 0.0255464363919 0.486369695556 -0.0100739030667 0.0167254630836 0.0350517399836 
0.0101492817559 0.0173960830366 0.015677781222 -0.00621434620139 0.038502590794 0.0347472489126 0.0217391925987 -0.000340414447002 0.0146149040215 0.0420726436533 0.0158662859534 0.018620504698 0.0201107861853 -0.00354358439266 0.0200221430395 -0.00570861655896 0.0182709595011 0.0238016278062 0.0117998138507 0.0198695524611 0.0377595690713 0.0281697099945 0.00777896052558 0.000319988798525 -0.00414276240024 0.0292305489943 -0.0100739030667 0.208247012525 -0.00172352863706 0.0345478503008 
0.00945393716713 0.0244306665114 0.0182108995155 0.0171261716256 0.0525610472062 0.0223683425046 0.0156208507859 0.00524342057496 0.000337299276355 0.0202210088548 0.00179028364598 0.00863013109537 0.0309969288308 0.0132321888531 0.013753211968 -0.0133904524556 0.103791146715 0.00887323171244 0.00834451782409 -0.0204747350343 0.0156859259931 0.00983528795871 0.0103672599393 0.0149643331562 0.00174243287769 0.0214686732444 0.0167254630836 -0.00172352863706 0.328109279712 0.0218154058401 
0.0232236911343 0.0321089565638 0.0268671949412 0.000883051857466 0.0261877271703 0.0140338082549 0.0460191027843 0.0378131381361 0.0145001383376 0.0194129863662 0.0236379804503 0.0131437487887 0.0161338638603 0.0122188960558 0.0193995841734 0.0248359687912 -0.00176612221952 0.0251594545125 0.0308604670832 0.0266347983403 0.0572335375821 0.00682004629442 0.0180807359603 0.0100310337663 0.00122571434242 0.0241907004488 0.0350517399836 0.0345478503008 0.0218154058401 0.237816598682 
0.0159830798204 0.00466268521222 0.00510106366872 -0.00196148326986 0.00110186671593 0.00181848797463 7.0543351405e-05 0.00142749835155 0.00125908682802 0.000877925926062 0.00105975258998 0.00200246807141 0.00132338019765 0.00021571363159 0.00135811195697 0.00145481118946 0.000598697273159 -0.00187178034662 0.00236913629262 0.00194707281218 0.00244385566583 0.00194756535639 6.03643631741e-05 0.000841854726182 0.000138916608307 0.00108984426187 0.000699543795945 0.000878953583077 0.000818734975251 0.0020112306492 
0.00466268521222 0.0611306920384 0.00213715073186 0.00400260970565 0.00362858705706 0.000577347141638 0.000259967004042 0.00103984730219 0.00206925485322 0.000152211245247 0.00417097623567 0.000302855391504 0.00239609647256 0.00096867509807 0.00405262266566 0.00249648168485 0.000491788786609 0.00170624548211 0.000567497899105 0.00374992334051 0.00182614252432 0.00105475781963 0.00127917933963 0.000974225410083 0.00110998757865 0.00163309520795 0.000873195272923 0.00150654498361 0.00211575778302 0.00278071720733 
0.00510106366872 0.00213715073186 0.0193897470452 0.00102793939326 0.00236869385549 0.00310560727818 0.00289338472664 0.000946736931474 0.00147683670341 0.00185420810425 0.00152911356298 0.00306569564795 0.0021664865787 0.00233489434243 0.00127608256894 0.00139660871137 0.00279446249979 0.000736883840553 0.000270134173639 0.00459205803638 0.000696541759655 0.00167907837952 0.000821788281778 0.000835717293349 0.000305657030776 0.0014578183946 0.00036815288706 0.00135773568133 0.00157711016061 0.00232676733475 
-0.00196148326986 0.00400260970565 0.00102793939326 0.122780151687 -0.000324009437433 0.00558734186453 -0.00132831161579 0.000180429709913 -0.00132619957919 -0.00126853755815 -0.00270999942348 0.00626262994138 -0.000195156855638 -0.00116949517551 -0.000560280623881 0.0119028375648 0.00106148363061 0.00451417488617 0.0015519533147 -0.00278522044035 -0.00216075539874 -0.00234503990203 0.00441676534868 0.00364088910306 -0.00182181910318 0.00124066434705 0.0011413419708 -0.000538178167832 0.00148316996974 7.64745341424e-05 
0.00110186671593 0.00362858705706 0.00236869385549 -0.000324009437433 0.0297424366427 0.00203957657255 0.00176900810791 0.000445797740958 7.64362579293e-05 -0.000194904194428 0.00259630215669 0.00329480592923 -7.34462224674e-05 0.000672568064758 0.00140023695458 -0.000504709893194 0.00720532180838 -0.000363338408469 0.000784308144795 0.000969540842695 0.00295481117102 0.00382343099325 0.00140022644812 0.000475751061748 0.000476788409867 0.00224095867133 0.000385880303832 0.00333442217391 0.00455192021301 0.00226792369969 
0.00181848797463 0.000577347141638 0.00310560727818 0.00558734186453 0.00203957657255 0.0189343356687 0.00240523837787 0.00377799352605 0.00255804158206 0.00126230578083 0.00249860839944 0.00403745477686 0.00205422006689 0.00281037047901 0.00351649412288 0.00331641521571 0.00242947211928 0.0027394166727 0.00173257879861 0.00206430672246 0.00340338424833 0.00384127301152 0.00284305029981 0.00144005380549 -0.000476313335152 0.00295351376595 0.00224300913178 0.00300920002699 0.00193715528496 0.00121536344606 
7.05433514051e-05 0.000259967004042 0.00289338472664 -0.00132831161579 0.00176900810791 0.00240523837787 0.0297910963757 0.00256688544126 0.00153196126925 0.000365053579222 0.00100434239304 0.00101929648817 0.000923664984314 0.00153314873307 0.00273061252314 -0.000736425814214 0.00134851582731 0.000444242257157 0.00408246445795 0.00489766092779 0.00523223218181 0.00229727704093 -0.000576883450629 -0.00123935476442 -9.27598712293e-05 0.00154248008898 0.000558479293632 0.00188266930482 0.00135280536093 0.00398537120706 
0.00142749835155 0.00103984730219 0.000946736931474 0.000180429709913 0.000445797740958 0.00377799352605 0.00256688544126 0.0185297395287 0.00389281529454 0.00102929906514 0.0026066954169 0.00128854945086 0.00581849987466 0.00274699150739 0.00172863558626 0.00315634255441 0.000461872116563 0.00410832389335 0.000533265529273 0.000924310825184 0.000661308593905 0.00186708450877 0.000472772955184 0.000260545149939 0.000144013810347 0.00273214664867 0.000269840139316 -2.94807558919e-05 0.000454093542064 0.00327471382227 
0.00125908682802 0.00206925485322 0.00147683670341 -0.00132619957919 7.64362579293e-05 0.00255804158206 0.00153196126925 0.00389281529454 0.0106106817147 0.000189180673331 0.00220534622298 0.00101001813839 0.00416824676196 0.00233755217942 0.00147925009674 0.00271110196536 0.000260181332996 0.0013706190946 0.00271779645834 0.00188359609413 -0.000294081027867 0.00255788489469 0.00124382047394 0.00143959801375 -0.000768507581647 0.00110292026272 0.00105118236236 0.00126568781565 2.92109742001e-05 0.00125574881587 
0.000877925926062 0.000152211245247 0.00185420810425 -0.00126853755815 -0.000194904194428 0.00126230578083 0.000365053579222 0.00102929906514 0.000189180673331 0.0231650272083 0.00192640315065 0.000579737913982 0.000701394261858 0.000687914919683 -0.000279766798277 -0.00175905192175 0.00242374150699 -0.00155091935492 0.0019384109276 0.00133341493593 0.000882519700515 0.00432029642603 0.000412926667479 0.000207686917914 -0.000715529001478 5.50577972222e-05 0.00199398007164 0.00364359782081 0.00175119073584 0.00168121393564 
0.00105975258998 0.00417097623567 0.00152911356298 -0.00270999942348 0.00259630215669 0.00249860839944 0.00100434239304 0.0026066954169 0.00220534622298 0.00192640315065 0.0234366301201 -0.00112519838282 0.00322315039915 0.00146566855067 0.00140653808246 0.00227278904352 0.00106565077719 0.00104993406863 0.00300183289817 0.0015624483708 0.00156211587117 0.0014021885271 0.00122614604803 0.000489930809362 0.00133192052489 0.00124087887684 0.00286334113816 0.00137406066994 0.00015504311174 0.00204710915641 
0.00200246807141 0.000302855391505 0.00306569564795 0.00626262994138 0.00329480592923 0.00403745477686 0.00101929648817 0.00128854945086 0.00101001813839 0.000579737913982 -0.00112519838282 0.104592953414 0.00126678134157 -0.000515516479452 -0.000619983586187 -0.00201875586649 0.00146615730515 -0.00163043943217 0.000831946250986 0.000291301224095 0.00286402217034 0.000475358889771 0.00130292979043 -0.00047295420396 -0.000296497303221 0.00143010124785 -0.00165012496399 0.00161258300997 0.000747391276658 0.0011382820352 
0.00132338019765 0.00239609647256 0.0021664865787 -0.000195156855638 -7.34462224674e-05 0.00205422006689 0.000923664984314 0.00581849987466 0.00416824676196 0.000701394261858 0.00322315039915 0.00126678134157 0.0182862244545 0.00291800395687 0.00118608668927 0.00276607498877 -9.38245036293e-06 0.00371066739881 0.00135970729981 0.00171769621072 0.000740300064614 0.00241340156464 0.00276396793679 0.000206779363975 2.90514863165e-05 0.000368509406884 -0.000379704224586 0.00174164517265 0.00268441278068 0.00139723359642 
0.00021571363159 0.00096867509807 0.00233489434243 -0.00116949517551 0.000672568064758 0.00281037047901 0.00153314873307 0.00274699150739 0.00233755217942 0.000687914919683 0.00146566855067 -0.000515516479452 0.00291800395687 0.0180667369178 0.00192930337304 0.00378465029689 0.00105101472654 0.00374537584274 0.000601763294064 0.00211162382817 0.00369775454885 0.00532060304764 0.00011049193615 0.000606303688731 -0.000610944380127 0.00212383671291 -0.000392819704929 -0.00030688341045 0.00114594116945 0.00105818743905 
0.00135811195697 0.00405262266566 0.00127608256894 -0.000560280623881 0.00140023695458 0.00351649412288 0.00273061252314 0.00172863558626 0.00147925009674 -0.000279766798277 0.00140653808246 -0.000619983586187 0.00118608668927 0.00192930337304 0.0218547434339 0.00212704698651 0.000265699376236 0.00152571364159 -0.000768092648804 0.00211689806494 0.00117408628609 0.00290568102038 0.000296972940138 0.000244882002967 0.00303114270526 0.00135155355092 0.000551954934658 0.00173396845104 0.00119106309479 0.00168005327171 
0.00145481118946 0.00249648168485 0.00139660871137 0.0119028375648 -0.000504709893194 0.00331641521571 -0.000736425814214 0.00315634255441 0.00271110196536 -0.00175905192175 0.00227278904352 -0.00201875586649 0.00276607498877 0.00378465029689 0.00212704698651 0.0320287470121 0.00103244766241 0.0144515677344 -0.00241796257502 0.00104805848847 0.00068129829035 0.00320581110857 0.00010393237445 0.00106277311205 -0.000802670771784 -0.000664031351624 0.0015156698467 -0.000494380696053 -0.00115964719947 0.00215085799008 
0.00059869727316 0.000491788786609 0.00279446249979 0.00106148363061 0.00720532180838 0.00242947211928 0.00134851582731 0.000461872116563 0.000260181332996 0.00242374150699 0.00106565077719 0.00146615730515 -9.38245036296e-06 0.00105101472654 0.000265699376236 0.00103244766241 0.0280033683343 0.00143819197833 0.00118672837445 0.000729956690335 0.000253986527342 0.00463860627137 0.000895471828481 0.00213730161813 0.000895255438852 0.00301325180493 0.00170803608654 0.00158231150794 0.00898857697428 -0.000152950670829 
-0.00187178034662 0.00170624548211 0.000736883840553 0.00451417488617 -0.000363338408469 0.0027394166727 0.000444242257157 0.00410832389335 0.0013706190946 -0.00155091935492 0.00104993406863 -0.00163043943217 0.00371066739881 0.00374537584274 0.00152571364159 0.0144515677344 0.00143819197833 0.0366384457426 -0.000306880554546 8.36758629098e-05 0.000773090880251 0.00172048416905 0.000304650588782 0.00160512348742 -0.00219059547568 0.00135347660865 0.00171561434954 0.00206128143316 0.000768444407664 0.00217887267532 
0.00236913629262 0.000567497899105 0.000270134173639 0.0015519533147 0.000784308144795 0.00173257879861 0.00408246445795 0.000533265529274 0.00271779645834 0.0019384109276 0.00300183289817 0.000831946250986 0.00135970729981 0.000601763294064 -0.000768092648804 -0.00241796257502 0.00118672837445 -0.000306880554546 0.0701146455632 0.00244473302693 0.00222027156615 0.00205161176471 0.000473968304978 0.00109198007772 0.000265756664894 0.00405755033184 -0.000293386487712 0.00102189385546 0.000722656441799 0.00267259484667 
0.00194707281218 0.00374992334051 0.00459205803638 -0.00278522044035 0.000969540842695 0.00206430672246 0.00489766092779 0.000924310825184 0.00188359609413 0.00133341493593 0.0015624483708 0.000291301224095 0.00171769621072 0.00211162382817 0.00211689806494 0.00104805848847 0.000729956690335 8.36758629098e-05 0.00244473302693 0.0246197567523 0.00405810556941 0.00266570983945 -0.000374902579652 -8.86402386791e-05 9.00638081758e-05 -0.00199897947509 -0.00120518752597 0.00172075371931 -0.00177316406755 0.00230664119874 
0.00244385566583 0.00182614252432 0.000696541759655 -0.00216075539874 0.00295481117102 0.00340338424833 0.00523223218181 0.000661308593905 -0.000294081027867 0.000882519700515 0.00156211587117 0.00286402217034 0.000740300064614 0.00369775454885 0.00117408628609 0.00068129829035 0.000253986527342 0.000773090880251 0.00222027156615 0.00405810556941 0.0263102966186 0.00250652557912 0.00105627677684 0.000368606011724 -0.00105278296169 0.00172443124789 0.000126118558149 0.00327007460517 0.00135844103919 0.00495656974946 
0.00194756535639 0.00105475781963 0.00167907837952 -0.00234503990202 0.00382343099325 0.00384127301152 0.00229727704093 0.00186708450877 0.00255788489469 0.00432029642603 0.0014021885271 0.000475358889771 0.00241340156464 0.00532060304764 0.00290568102038 0.00320581110857 0.00463860627137 0.00172048416905 0.00205161176471 0.00266570983945 0.00250652557912 0.035041547476 0.00180024121341 0.00229853024504 0.000518884904249 0.00198473752238 0.00159325649269 0.00243956844724 0.000851760922578 0.000590633334595 
6.03643631743e-05 0.00127917933963 0.000821788281778 0.00441676534868 0.00140022644812 0.00284305029981 -0.000576883450629 0.000472772955184 0.00124382047394 0.000412926667479 0.00122614604803 0.00130292979043 0.00276396793679 0.00011049193615 0.000296972940138 0.00010393237445 0.000895471828481 0.000304650588782 0.000473968304978 -0.000374902579652 0.00105627677684 0.00180024121341 0.019046995655 0.00279360513859 -0.00125308097134 0.0024010442947 0.000725885604984 0.000673677743019 0.000897831047503 0.00156583766607 
0.000841854726182 0.000974225410083 0.000835717293349 0.00364088910306 0.000475751061748 0.00144005380549 -0.00123935476442 0.000260545149939 0.00143959801375 0.000207686917914 0.000489930809362 -0.00047295420396 0.000206779363975 0.000606303688731 0.000244882002967 0.00106277311205 0.00213730161813 0.00160512348742 0.00109198007772 -8.86402386792e-05 0.000368606011724 0.00229853024504 0.00279360513859 0.0148648824409 0.00257252740297 0.000637933124354 0.0013348644755 2.77118428449e-05 0.0012959492664 0.000868713006782 
0.000138916608307 0.00110998757865 0.000305657030776 -0.00182181910318 0.000476788409867 -0.000476313335152 -9.27598712293e-05 0.000144013810347 -0.000768507581647 -0.000715529001478 0.00133192052489 -0.000296497303221 2.90514863165e-05 -0.000610944380127 0.00303114270526 -0.000802670771784 0.000895255438852 -0.00219059547568 0.000265756664894 9.00638081758e-05 -0.00105278296169 0.000518884904249 -0.00125308097134 0.00257252740297 0.0597648028656 0.000511494684465 -0.00230790461372 -0.000358773748045 0.000150899113647 0.000106149975832 
0.00108984426187 0.00163309520795 0.0014578183946 0.00124066434705 0.00224095867133 0.00295351376595 0.00154248008898 0.00273214664867 0.00110292026272 5.50577972222e-05 0.00124087887684 0.00143010124785 0.000368509406884 0.00212383671291 0.00135155355092 -0.000664031351624 0.00301325180493 0.00135347660865 0.00405755033184 -0.00199897947509 0.00172443124789 0.00198473752238 0.0024010442947 0.000637933124354 0.000511494684465 0.0419368265247 0.00221238628915 0.00253143979956 0.00185924164152 0.0020949761124 
0.000699543795945 0.000873195272923 0.00036815288706 0.0011413419708 0.000385880303832 0.00224300913178 0.000558479293632 0.000269840139316 0.00105118236236 0.00199398007164 0.00286334113816 -0.00165012496399 -0.000379704224586 -0.000392819704929 0.000551954934659 0.0015156698467 0.00170803608654 0.00171561434954 -0.000293386487712 -0.00120518752597 0.000126118558149 0.00159325649269 0.000725885604984 0.0013348644755 -0.00230790461372 0.00221238628915 0.0421208511982 -0.000872425597104 0.00144846759205 0.00303556972726 
0.000878953583077 0.00150654498361 0.00135773568133 -0.000538178167832 0.00333442217391 0.00300920002699 0.00188266930482 -2.94807558919e-05 0.00126568781565 0.00364359782081 0.00137406066994 0.00161258300997 0.00174164517265 -0.00030688341045 0.00173396845104 -0.000494380696053 0.00158231150794 0.00206128143316 0.00102189385546 0.00172075371931 0.00327007460517 0.00243956844724 0.000673677743019 2.77118428449e-05 -0.000358773748045 0.00253143979956 -0.000872425597104 0.0180347203109 -0.000149261958385 0.00299193160066 
0.000818734975251 0.00211575778302 0.00157711016061 0.00148316996974 0.00455192021301 0.00193715528496 0.00135280536093 0.000454093542064 2.92109742001e-05 0.00175119073584 0.00015504311174 0.000747391276658 0.00268441278068 0.00114594116945 0.00119106309479 -0.00115964719947 0.00898857697428 0.000768444407664 0.000722656441799 -0.00177316406755 0.00135844103919 0.000851760922578 0.000897831047503 0.0012959492664 0.000150899113647 0.00185924164152 0.00144846759205 -0.000149261958385 0.0284150971448 0.00188926956514 
0.0020112306492 0.00278071720733 0.00232676733475 7.64745341424e-05 0.00226792369969 0.00121536344606 0.00398537120706 0.00327471382227 0.00125574881587 0.00168121393564 0.00204710915641 0.0011382820352 0.00139723359642 0.00105818743905 0.00168005327171 0.00215085799008 -0.000152950670829 0.00217887267532 0.00267259484667 0.00230664119874 0.00495656974946 0.000590633334595 0.00156583766607 0.000868713006782 0.000106149975832 0.0020949761124 0.00303556972726 0.00299193160066 0.00188926956514 0.02059552159 

['ECL', 'MEDI', 'PX', 'UIS', 'ADI', 'PCAR', 'HET', 'SRE', 'ED', 'FRE', 'SWY', 'WAT', 'NI', 'LTR', 'GENZ', 'NBR', 'MXIM', 'WFT', 'DRI', 'UNH', 'LOW', 'ET', 'CTL', 'CZN', 'MYL', 'F', 'PFE', 'UPS', 'AMAT', 'MAS']