60
0.171628318037 0.110374427341 0.0170349265424 0.0100273700484 0.282509070746 0.100220943784 0.00496789573306 0.0905831054983 0.0506132512338 0.00642009941462 -0.00773505516991 0.165275344352 0.185813705736 0.0598638009539 0.0723841835345 0.0194782181544 0.105790500039 0.0900156737744 0.0896854693356 0.0345230729479 0.0636277148901 0.123331646141 0.0649337142294 0.0269248151276 0.0493934577213 0.00753480783794 0.0705908558691 0.0176197090425 0.0431194173031 0.070293401022 0.00851722536111 0.0367129888202 0.0649972461493 0.18030920859 0.0436793340255 0.101022755506 0.0771685990004 0.0300827450696 0.330982708656 0.0256858872149 0.0415957971797 0.0407864154506 0.12993100308 0.0350054865441 0.0482129600444 0.0150252709272 0.0498180241401 0.399937027552 0.134581744136 0.0674926048947 0.0916953774684 -0.00662659235152 0.0506400072768 0.0444735285872 0.0616353203302 0.0615160923796 0.0206658862902 0.39235550597 0.065309734793 0.0300764430792 
0.257085019938 0.0258358364007 0.0126315026298 0.0045579391662 0.00237718126285 0.0201272877526 0.0318989749579 0.0199539381373 0.00272972579272 0.00916208297476 0.00748884914212 0.0421371836856 0.0064466914912 0.0206778968961 0.0334798129752 0.0326776616812 0.0123380785867 0.0108008272813 0.00185849641922 0.0255579215704 0.0206625776211 -0.00455743800427 0.0176773382178 0.00591408166567 0.0103931631316 0.0143753746459 0.00900524566929 0.00854145968549 0.0109845672741 0.0107339203731 0.0241906870982 0.0476531189637 0.0159696831519 0.0169988011882 0.0111337417752 0.00435531263447 0.0265722609146 -0.00181301398618 0.0383992655173 0.0131553657097 0.0128554504427 0.0259515528795 0.0328301279272 0.00280988660322 0.0559337439384 0.00933476146153 -0.0050485858946 0.0311926451137 0.0199057372291 0.0219542505921 -0.000428345434372 0.0166242035756 0.023093449828 0.00021656666725 0.0112926085187 0.00859984825761 0.0239352686221 -0.0576065535103 0.00528630984478 0.0222667899376 
0.0258358364007 0.438122250618 0.00918497222482 0.0152257082984 0.0222646768123 0.0173972584768 0.0359013182076 0.0116325088837 0.00789316513213 0.0303538237933 0.0160518434231 -0.0208877263131 0.0633102610321 0.00927783562683 0.030029051694 0.0187551091368 0.0385176588158 -0.00123272380628 0.0308173184196 0.0115983377538 -0.0100648044218 0.0196619080018 0.013338572016 0.0425138993016 0.00353069108811 0.0030541286226 -0.0191435103407 0.0159095964164 0.00330947861289 0.0167072707842 -0.00884296035337 0.00528122386778 -0.00681109997394 0.022113898984 0.0461733569171 0.000782336817216 0.0193596273241 0.0132694657628 0.00650330640825 0.0111414096625 0.0193555382177 -0.00322355634294 0.224887204466 0.017250639956 0.00734997204833 -0.0169298401479 0.147799910368 0.0356806825712 -0.00167858784439 0.0371489402856 0.0535100521509 0.0376365301286 0.0349662003147 0.0280510836684 -0.0232531414836 0.00174638041544 0.00488240731215 0.00901945010682 0.0275566880045 0.00527474497063 
0.0126315026298 0.00918497222482 0.170278226972 0.00735487591176 -0.0167358140845 0.0027331878295 0.017043521984 0.00693436125408 0.0358309625261 0.00739494485565 0.0193770088287 0.00725502839967 0.0146980948322 0.0328630837787 0.0118587649535 0.0473476707276 0.0250701340822 0.0200745187347 0.0215750554212 0.0164499108423 -0.00306859093317 0.0225893088253 0.0158927044894 0.0236574220204 0.0294028221973 0.0243487885018 0.00482442637588 0.0157951549648 0.0172808673396 -0.0018404621592 0.0232030875356 0.00546135201841 0.0145224762834 -0.00349533509487 0.0118156289079 0.0125844038543 0.0276701241689 0.00122280745277 -0.00316706875503 0.0239005619259 0.0186270468781 0.00341828454995 0.00247816009033 0.016360610856 0.0150435208764 0.028987762329 -0.0199594375603 0.0134143505097 0.0130697684071 -0.00565940564902 0.0224005375773 0.00410520597441 -0.00039835129252 0.0125306529074 0.00666499105234 0.0324452762392 0.0200432890851 0.0759101151195 0.0122201405196 0.0149649211152 
0.0045579391662 0.0152257082984 0.00735487591176 0.151596269215 -0.00410656553328 -0.00962960133767 0.0245646677623 0.0139952383837 0.00611017476183 0.00900693779961 0.0179269626774 0.00767827001078 0.0128546127511 0.00372442925846 0.00951097009838 0.00764956941934 0.0330728564359 0.00429793044783 0.00931253018086 -0.00495147462428 0.00526742089046 0.00346247882476 0.028886986195 0.0184791482285 0.0169843090045 -0.00476669807408 -0.00887249877204 0.0162055820052 0.0171350642894 0.00913671768631 0.0107572193207 0.0305221225357 0.016012248883 0.00951849710749 0.0155142009166 0.0094098925847 0.014232766236 0.0129110870067 0.023522990768 0.0101103913085 0.0139871358298 0.0175215523819 -0.00157422335768 0.00719020273464 -0.0117921850458 -0.000493886225326 -0.0173560678966 0.0226046747787 -0.000856492910991 0.0303182043959 0.0115822927714 0.0181380390971 0.00941014632426 0.018882986841 0.00642547434425 0.0113007493586 0.0079675871825 0.102974057278 0.0143363094446 -0.00050972927169 
0.00237718126285 0.0222646768123 -0.0167358140845 -0.00410656553328 0.843412602233 -0.0305554223273 0.014178683078 0.00307235129627 0.00868404320904 0.0143249659365 0.0109547465065 -0.00666651709678 0.0116264983024 0.0525091997269 0.0665587186101 -0.00117146383352 -0.00803263045752 0.0156360840955 0.00475794916843 0.0313058958066 -0.00690717721007 0.0585530483093 0.0276389001392 0.0272155217924 -0.00635224157494 0.0319016630969 0.0427663367399 0.0223763927625 0.0325287423719 0.0270603179476 0.0214326714533 0.00990069159941 0.0323930243877 0.0341844338565 0.0163866833975 -0.0286188723962 0.038830553694 -0.00739772761802 0.0723603099207 0.00581654863652 0.0133656720944 0.0582684666975 0.0968297459029 0.0121504739743 0.0308427178491 -0.0154507758101 0.0229371342037 0.157990855855 0.00580743136884 -0.00138468074189 0.0206564070305 0.0298207826705 0.0372908958613 0.0256923331993 0.00266238650951 0.0225652651164 0.038741013607 0.11365617259 0.00105530073618 0.00701321106178 
0.0201272877526 0.0173972584768 0.0027331878295 -0.00962960133767 -0.0305554223273 1.09849554259 0.0176897525581 0.00989703593474 0.00981740535288 -0.00366207016587 0.00185213291575 0.019556101999 0.0539406830541 0.0317062053811 0.0405085090554 -0.000853020972916 -0.0188506608719 0.00270649400101 -0.0013486816742 0.130780889423 0.0153163626776 0.0100834073839 0.055368931083 0.0040056722659 -0.00320607433516 0.00423010922946 0.00051204440596 0.00900137635804 0.0172213364626 0.103932966375 -0.00201696544643 0.0218254369252 0.0402315788129 -0.0113145365757 0.0223772412366 -0.00054716567421 0.0297064279339 0.0210646165685 -0.0105385778164 -0.0111887778247 0.0151470416876 0.00266178153822 0.00167525699165 0.00560621223432 0.0342492312767 0.00450247642628 0.02829912817 0.00271430670715 -0.0104783471874 -0.0133846637763 0.0490456163325 0.0156143233705 0.00468934060168 -0.00548338688691 0.00238883356278 -0.0156914126852 0.0719051493452 0.0016777092042 -0.00575615390644 0.00595918809253 
0.0318989749579 0.0359013182076 0.017043521984 0.0245646677623 0.014178683078 0.0176897525581 0.152732339866 0.0101778574034 0.00762723050864 0.0413402486506 0.0307255450779 0.00404723090744 0.0180363547812 0.0166056627989 0.00793631967096 0.0101137962117 0.0105678104143 -0.00530159968206 -0.00598071391814 0.00436384778177 -0.00190425187091 0.00179654823834 0.00864401712685 0.0361871254955 0.0102892795999 -0.00379657604295 0.0111891278891 0.0135171392463 0.00604363459841 -0.00458814434752 0.00842753131224 0.00966112502108 0.0217517976407 0.0157940589241 0.0426457552161 0.0127487357042 0.022513782355 -0.00276006953739 0.01749428191 -0.000163154315486 0.00457184478558 0.0309750616263 0.040815720947 0.0116440627711 -0.00255020475379 0.0083993858726 0.0152304736182 0.0176940157328 -0.0183058106504 0.00417086528374 0.00157994060624 0.0453385924159 0.0160092223998 0.0183847521819 0.0147438094136 0.00331869320872 0.0295183251816 -0.0185189029078 -0.0029924395631 -0.00155779506184 
0.0199539381373 0.0116325088837 0.00693436125408 0.0139952383837 0.00307235129627 0.00989703593474 0.0101778574034 0.302846872652 0.00160038454735 0.0132252313239 0.00730769427386 0.0218722406094 0.0349908832845 0.0263329860634 -0.0205831714938 0.00952338094248 0.0193940967378 0.0210439617921 0.0147913061525 -0.00861709331257 0.0174665072988 -0.00119687912018 0.0162459766077 0.0243918968762 0.0169934075407 0.00606815577375 -0.00428032675521 0.00507487973722 0.0168037918921 0.00278490370876 0.019470735027 0.00538655335043 0.0399619140869 0.0236147925286 0.0200633200076 0.0202083382596 0.015525878006 0.00656632544396 0.0250252778291 0.0139214265998 0.0113639926973 0.0453178232069 6.78660128647e-05 0.00492217459647 0.021906648124 0.0282884259057 0.0154576981285 0.0418845001822 0.0335737828192 0.0437977794022 0.0393189089904 0.00195843836332 -0.0282341410622 0.0252309827211 0.0200198649825 0.00619985499642 0.0210126316764 0.0143593311231 0.0129576328519 0.00038362917762 
0.00272972579272 0.00789316513213 0.0358309625261 0.00611017476183 0.00868404320904 0.00981740535288 0.00762723050864 0.00160038454735 0.130833923929 0.0167807626871 0.00644279885704 0.00796265709008 0.0334317038819 0.0161798641345 0.00429231887139 0.0524188245279 0.0123670309672 0.0127574287839 0.010137011084 0.0125492149403 0.0144245702412 0.0344938978964 0.0244636642614 0.0119953956673 0.0240639431916 0.00857897598792 0.0166661769311 0.00619580405144 0.00431796626319 0.00727946155064 0.0176764555839 0.0210579465193 0.00767944554537 0.00107758730476 0.00933301609285 -0.000400405995444 0.0183797150948 0.00101772707694 -0.00513003082468 0.0357514597907 0.0316581599935 0.0116581532214 -0.00247619438291 0.0122910556667 0.011003639852 0.0355530563849 0.00134878628515 0.00123704307879 0.0207980219474 0.0133722947376 0.0282619806105 0.00850112815621 0.00256031275434 0.0206288280431 0.0183092830501 0.0243104678583 0.00981995749304 0.064741154242 0.0038383297582 0.0174813595133 
0.00916208297476 0.0303538237933 0.00739494485566 0.00900693779961 0.0143249659365 -0.00366207016587 0.0413402486506 0.0132252313239 0.0167807626871 0.128172516194 0.0392222430426 0.00189988124525 0.00694379996817 0.0199715007611 0.0245177843877 0.0123280940435 0.0111179924098 0.0120997057511 0.00728352314614 -0.00153373473178 0.0134068617686 0.00112288478659 0.0215107178768 0.0451131751453 0.0233700437828 6.04255775455e-05 0.0076778572189 0.024421111786 0.015675434125 -0.0104633958497 0.0169252508098 0.0096528974199 0.0262357645059 0.0327209025575 0.0441894257236 0.00850123308077 0.032620908143 0.00032052981811 0.0168193335166 0.011888898508 0.00444365582688 0.0140189336042 0.0285787032977 0.0108541033223 0.00660065863254 0.0165309833779 0.0195200215022 0.0132461019842 -0.00780987957655 0.0195001793935 -0.00523643016758 0.0430772172307 0.0256519693106 -0.001612156869 0.0115728462583 0.0204266526532 0.023994466779 0.00329943633659 0.00750905049427 -0.00206070509391 
0.00748884914212 0.0160518434231 0.0193770088287 0.0179269626774 0.0109547465065 0.00185213291575 0.0307255450779 0.00730769427386 0.00644279885704 0.0392222430426 0.112938630325 -0.000782747398096 0.0180484395443 0.037270305216 -0.00409395924687 0.00555292277819 0.016160267308 -0.00201452250643 0.0040957394819 -0.00585139310393 -0.00913261538193 -0.00414121904977 0.0166953504145 0.0448964475289 -0.000328469724322 0.00716156540126 -0.00184812841418 0.020941597872 0.0115094631926 -0.000273295945779 0.0193427664039 0.0130210194535 0.00599739066713 0.0272721262212 0.0317895928045 0.000937452861507 0.0238848190611 0.00745732488139 0.00578933024252 0.00610230580284 0.00857356790018 0.0170254673239 0.0178523648302 0.018301085749 0.0157349210159 0.0147272277304 0.00691599927015 0.0146273425178 -0.00870851174386 0.00267989557341 0.0116296531086 0.0314845416277 0.0182179876464 0.00230652767583 0.0252961882716 0.00676080034521 0.0246645438609 -0.0063388514605 0.015412675979 0.0115069089746 
0.0421371836856 -0.0208877263131 0.00725502839967 0.00767827001078 -0.00666651709678 0.019556101999 0.00404723090744 0.0218722406094 0.00796265709008 0.00189988124525 -0.000782747398096 1.34918138117 -0.0077718026247 -0.0189415633239 -0.0129901319206 0.0159295546081 -0.00222426782605 0.0139430753793 -0.0123824946604 -0.00185122978143 -0.0131917242034 -0.0210225364627 0.0009376921293 -0.0218418533259 0.024104850661 -0.0119734723911 -0.00560189764436 -0.0302184294561 -0.00106099549882 0.00822667462041 -0.0113063096578 -0.00836094016342 0.00795090830245 -0.00788641946392 0.00522868155123 0.241073840143 0.00277563599285 0.0124271700389 0.0109071935675 0.0654411598687 -0.0137812945636 0.00599210812701 0.00272393496848 -0.00932949451611 -0.00267646375306 0.0385492763687 -0.00202829057781 -0.0205261757331 -0.0387319430588 -0.0224256332822 0.0162729499553 -0.00194427326188 0.0234652712032 -0.0193289665968 -0.0166427460098 -0.00268552334957 0.00576863757421 0.0193595954961 -0.0548973545333 0.00633541943197 
0.0064466914912 0.0633102610321 0.0146980948322 0.0128546127511 0.0116264983024 0.0539406830541 0.0180363547812 0.0349908832845 0.0334317038819 0.00694379996817 0.0180484395443 -0.0077718026247 0.524887678872 0.0558589966556 0.0216403442542 0.0346303783021 0.00870643761375 0.0572834138883 0.03752312375 0.0200655572821 0.00779909961326 0.0891054774471 0.0414731735194 0.00379243740794 0.00737348350858 0.0196681370898 0.0307484537773 0.0233910901774 0.00864358784451 0.039712697805 0.0238238710344 0.0381678288742 0.0246594943477 0.0761584894184 0.00570890289438 0.0440429184352 0.0532736870901 -0.00460857419198 0.000812943464244 0.0161823866046 0.0287588377739 0.00685767688116 0.11073022455 0.0350153770973 0.00535642804118 0.0526294439762 0.0447612656764 0.0219006402721 0.0406151834803 0.0291425647771 0.260357361456 0.0283921513547 0.0796975101779 0.0373890043506 0.0381550737457 0.0440312506789 0.0575695635825 0.0208538439372 0.0270577828718 0.0355064853049 
0.0206778968961 0.00927783562683 0.0328630837787 0.00372442925846 0.0525091997269 0.0317062053811 0.0166056627989 0.0263329860634 0.0161798641345 0.0199715007611 0.037270305216 -0.0189415633239 0.0558589966556 0.163042522325 0.0110147081109 0.0326554206573 0.0159331609368 0.0227423522197 0.0126584615231 0.018892529377 0.0129295916853 0.0386275720514 0.0112265756452 0.0175990577563 0.0185595405951 0.0171468910791 0.0118699487956 0.0218648781478 0.0119455235019 0.0157065072059 0.0280962510163 0.0142670915476 0.0160656734663 0.0171127162764 0.032122787039 0.0067688465217 0.0672350430658 0.0164925234431 0.0134956434326 0.0218232762181 0.0156857801835 0.0193087242395 0.0430017969409 0.0135242800418 0.0275681513794 0.0161618631975 -0.0025128095507 0.0107504310968 0.00767573312504 0.0124265870872 0.0433191113312 0.0150379772395 0.0105074815231 0.0162524860572 0.0194533108403 0.0143343441925 0.0605890487979 -0.00042705263355 -0.000588712184005 0.0171223887352 
0.0334798129752 0.030029051694 0.0118587649535 0.00951097009838 0.0665587186101 0.0405085090554 0.00793631967096 -0.0205831714938 0.00429231887139 0.0245177843877 -0.00409395924687 -0.0129901319206 0.0216403442542 0.0110147081109 0.321544215561 0.00621085490878 0.0692036456553 -0.0203692456098 0.0164650251935 0.00981931800168 -0.00192299415158 -0.00561038724635 0.0325486770951 0.00139388511558 0.0195107406515 0.0283395688604 -0.00455510937509 0.0182987925512 0.0265941469898 0.0262203932598 0.00680517693518 0.0358120166797 0.0210084192261 -0.00146200256763 0.0124497040765 0.0088652503946 0.0232812661171 0.00428073096178 0.0152846356096 0.0313536013013 0.0178040286853 0.00314190584098 0.0192759551514 0.0157313171079 -0.00676531152109 0.0258239334484 0.00483962091979 0.0266425966082 0.0100731698627 -0.000563753542206 0.0121486769413 0.0254339613644 0.0156134638742 0.0399797045944 -0.00159414237322 0.0259984834249 0.0031969304451 -0.0133579064974 -0.0148835167169 0.0273357767146 
0.0326776616812 0.0187551091368 0.0473476707276 0.00764956941934 -0.00117146383352 -0.000853020972916 0.0101137962117 0.00952338094248 0.0524188245279 0.0123280940435 0.00555292277819 0.0159295546081 0.0346303783021 0.0326554206573 0.00621085490879 0.141865635165 0.016522732833 0.0156693503851 0.00752176595753 0.027365206679 0.0151011109307 0.0239247015278 0.0245391097723 0.0119253175991 0.0212282656464 0.00823955612843 0.000608031612342 0.00749089270612 0.0142920002575 0.0146671870063 0.0153945831377 0.0230426317372 0.000454537002904 0.0105257571218 0.0156119527872 0.025483260762 0.0223611429858 0.0130332363803 -0.0181554694643 0.0163010716356 0.0233452892884 0.0192683100212 0.0183077282714 0.0136163075854 0.0119811061 0.0329432376709 -0.0155383591341 0.0276044703155 0.0293106783027 0.0259261543174 0.0396772041188 0.0204715159022 0.0325171438602 0.0328222874352 0.0189510702314 0.0303978943357 0.0235684564461 0.0289976949552 -0.00171129981503 0.0113789210015 
0.0123380785867 0.0385176588158 0.0250701340822 0.0330728564359 -0.00803263045752 -0.0188506608719 0.0105678104143 0.0193940967378 0.0123670309672 0.0111179924098 0.016160267308 -0.00222426782605 0.00870643761375 0.0159331609368 0.0692036456553 0.016522732833 0.532694267566 0.0212776514747 0.0159621630629 0.0201108767604 -0.0160992843838 0.00511504263328 0.00642919286731 -0.00200076438475 0.0117926087554 0.0383631509461 -0.0138399285936 0.0205937028407 -0.00813088409567 -0.00381751625439 0.00415543530565 0.00683429177659 -0.00164329835554 -0.0145643261419 0.00548130086068 -0.0154889739086 0.0149238733593 0.00433775431418 -0.0286869771543 0.0578827332273 0.0191518519805 0.0155790912382 0.00403353582568 0.00753455047962 0.0128797776484 0.0123470145738 -0.0196387012974 -0.0472542340346 0.0234236846116 0.0258738368178 0.0361622905608 0.0346016586439 0.0446455460256 0.00567455176915 -0.00106874277024 0.00561176289745 -0.00686714822637 0.0141981218181 0.00139844015903 0.0106068654498 
0.0108008272813 -0.00123272380628 0.0200745187347 0.00429793044783 0.0156360840955 0.00270649400101 -0.00530159968206 0.0210439617921 0.0127574287839 0.0120997057511 -0.00201452250643 0.0139430753793 0.0572834138883 0.0227423522197 -0.0203692456098 0.0156693503851 0.0212776514747 0.228679590684 0.00521524458013 0.0123187075987 0.00608508421612 -0.00238800647586 0.0160170768811 0.0069127122939 0.00563967937457 0.0235444390045 0.0187176045846 -0.00287636966893 0.00618294695906 0.0180167606826 -0.00250402149761 -0.00859756288591 -0.00593578274086 0.0235937258082 0.00191156903773 0.0171114161406 0.0122057815505 0.0118078450267 -0.0136769991399 0.036823071179 0.017108193361 0.034423677457 0.00470644034832 0.000846516306244 0.0154808357963 0.0119490678553 0.00663756009956 -0.019197223795 0.00175245065824 0.00976005958624 0.0487554482105 0.0144063379503 0.0141733843199 -0.0108279154121 -0.00312099407058 0.0215323485872 0.0108728431636 0.0102059721528 0.00519866464757 -0.00840985096628 
0.00185849641922 0.0308173184196 0.0215750554212 0.00931253018086 0.00475794916843 -0.0013486816742 -0.00598071391814 0.0147913061525 0.010137011084 0.00728352314614 0.0040957394819 -0.0123824946604 0.03752312375 0.0126584615231 0.0164650251935 0.00752176595753 0.0159621630629 0.00521524458013 0.244574473178 0.0130038732101 0.0220287563173 0.0389393966967 0.0100746591541 0.00966943385548 0.0224848078656 0.000295139694516 0.0115158643333 0.0164294686161 0.00969531468126 -0.0244566318345 0.0132731169674 0.0426402066386 -0.00586140225909 0.014405894186 0.0256982251575 0.00655635661399 0.0241443195639 0.0104244187708 -0.00232693862136 0.0210223438369 0.0294037190081 0.0203032891767 0.0161986252263 0.0112117671898 0.0293091553431 0.0160782510584 0.0274360144657 0.00518317408038 0.0235903957858 0.0239413903513 0.0485461301703 0.0173563458628 0.0473612018294 0.0242665494314 0.0154728877051 0.023124845412 0.000818557414935 -0.00366498569656 0.00162405495037 0.0102422613958 
0.0255579215704 0.0115983377538 0.0164499108423 -0.00495147462428 0.0313058958066 0.130780889423 0.00436384778177 -0.00861709331257 0.0125492149403 -0.00153373473178 -0.00585139310393 -0.00185122978143 0.0200655572821 0.018892529377 0.00981931800168 0.027365206679 0.0201108767604 0.0123187075987 0.0130038732101 0.137163694035 0.00495058991283 0.0210158798356 0.024139221972 -0.00352536959742 0.0034847275344 -0.003346094329 0.0134950285273 0.00601935853831 0.00838445261009 0.013107926858 0.00518480121874 0.0117041479666 0.00707773671373 -0.00312346166396 0.0140781397626 -0.00853361476174 0.0083285891128 0.0106467718491 0.0224586339488 0.0133299830772 0.00957298087928 0.00858386630184 0.0423224974177 0.0084373956287 0.0203582948466 0.0213561299706 0.0207780199382 0.0120227273453 0.0060727499102 0.019741535767 0.0402248599441 0.018607771268 0.0267301168453 0.00866597697558 -0.0100751061117 0.0106343837614 0.0301198530416 0.00900701318586 -0.00280060344317 -0.00326246717466 
0.0206625776211 -0.0100648044218 -0.00306859093317 0.00526742089046 -0.00690717721007 0.0153163626776 -0.00190425187091 0.0174665072988 0.0144245702412 0.0134068617686 -0.00913261538193 -0.0131917242034 0.00779909961326 0.0129295916853 -0.00192299415158 0.0151011109307 -0.0160992843838 0.00608508421612 0.0220287563173 0.00495058991283 0.242429513569 0.015973360743 0.0145198581492 0.0109278013865 0.0162850891124 -0.00210597428071 0.00720140422338 0.00332961944481 -0.0131893746023 -0.000498831730068 0.00871932134123 0.0216809214458 0.0102667131189 -0.00330782982112 0.00724049154998 0.009318510983 0.0194600269452 -0.00435444276722 0.00339873367027 0.00390237022046 0.0217733844033 0.000289748433796 0.0014173339785 -0.00285655197998 0.0039501857459 0.00994908867967 -0.0147519920487 0.00213602659732 0.0177565639674 -0.000731597928306 0.000914656534575 0.0126591464641 -0.00669455205308 0.0107111202303 -0.00455112395279 0.0163596712791 0.0117300497318 0.00693397665853 -0.00750530173422 0.0118432265791 
-0.00455743800427 0.0196619080018 0.0225893088253 0.00346247882476 0.0585530483093 0.0100834073839 0.00179654823834 -0.00119687912018 0.0344938978964 0.00112288478659 -0.00414121904977 -0.0210225364627 0.0891054774471 0.0386275720514 -0.00561038724635 0.0239247015278 0.00511504263327 -0.00238800647586 0.0389393966967 0.0210158798356 0.015973360743 0.438307850912 0.0223878217439 -0.000844301113608 0.0207761035254 0.0124020894948 0.0429163128552 0.00922173257101 0.0199524922646 0.0254959769565 0.0152982585254 0.0306392194637 0.0182005362326 0.0195347645682 0.0122083205915 0.0236504192966 0.0380859061574 0.0175196601593 -0.0208084177714 0.00480084985638 0.0123118631394 -0.0192294332396 0.00933631559924 0.0299256053488 0.0213247147695 0.0360496659837 0.00572373792974 0.0100267351282 0.0454587568875 0.0346314410553 0.0930274745741 0.00149482925624 0.0280310813914 0.0370460036753 0.0302560119485 0.0353257284317 0.0426282312394 0.0192078420514 0.00217847404126 -0.0105299069055 
0.0176773382178 0.013338572016 0.0158927044894 0.028886986195 0.0276389001392 0.055368931083 0.00864401712685 0.0162459766077 0.0244636642614 0.0215107178768 0.0166953504145 0.0009376921293 0.0414731735194 0.0112265756452 0.0325486770951 0.0245391097723 0.00642919286731 0.0160170768811 0.0100746591541 0.024139221972 0.0145198581492 0.0223878217439 0.166269665504 0.0234424799811 0.0180525347858 0.0214241466286 0.0271884741065 0.00279523443277 0.0180869980701 0.0484606836969 0.010563006993 0.0184819289931 0.0163228717981 0.0061859598604 0.0115104535592 -0.00456598494128 0.0234009754061 0.000564135211962 0.0194951271092 0.0271306770565 0.0171281735511 0.0194949500307 0.0458402934699 0.0139205789703 0.0144815112354 0.00643732512622 0.0342829766814 0.0273737663623 0.014442173667 0.0166028109662 0.0315953012199 0.0181828589402 0.0231204510627 0.0198612856009 0.0214603093532 0.0242687986395 0.0122563079174 -0.00314831375438 0.0437235419618 -0.00404891085909 
0.00591408166567 0.0425138993016 0.0236574220204 0.0184791482285 0.0272155217924 0.0040056722659 0.0361871254955 0.0243918968762 0.0119953956673 0.0451131751453 0.0448964475289 -0.0218418533259 0.00379243740794 0.0175990577563 0.00139388511558 0.0119253175991 -0.00200076438475 0.00691271229391 0.00966943385548 -0.00352536959742 0.0109278013865 -0.000844301113609 0.0234424799811 0.186220038671 0.0060291595954 0.0147104191129 -0.00284598438718 0.00989219564331 -0.00863433845959 0.00705550239241 0.0129530652254 0.0159184811801 0.00182980056074 0.0305718861156 0.0268028729936 0.00728506421421 0.0199475806284 0.00718746322011 0.00774090067836 0.0046081821468 0.00560591441131 0.00334696830484 0.0612385113113 0.00191261735134 -0.0132164686285 0.00635408048722 0.0427801432922 0.00506472242284 -0.0343168561783 0.0235477008825 0.0181484014297 0.0335770688873 0.00449242193796 -0.00474440624508 0.0174217621405 0.0170745258566 0.0193786838683 -0.0277470357903 0.0174153510979 0.00066768297 
0.0103931631316 0.00353069108811 0.0294028221973 0.0169843090045 -0.00635224157494 -0.00320607433516 0.0102892795999 0.0169934075407 0.0240639431916 0.0233700437828 -0.000328469724322 0.024104850661 0.00737348350858 0.0185595405951 0.0195107406515 0.0212282656464 0.0117926087554 0.00563967937457 0.0224848078656 0.00348472753441 0.0162850891124 0.0207761035254 0.0180525347858 0.0060291595954 0.150071173882 -0.00558536016142 0.0127263112202 0.00232025116284 0.0186602469711 0.00442006300324 0.0112161082212 0.0161972239191 -0.000260785458448 0.0182096427989 0.0245638425756 0.0243167362933 0.0182758753796 0.0234125261374 0.0218222774741 0.0245128729784 0.0477078253341 0.0169603556047 0.0065107445966 0.00960304520782 0.0130846430294 0.0160275282988 -0.00268941937581 0.00466721728084 0.0127257655329 0.0124108974725 0.0138533015439 0.00182180519193 0.0230194826423 0.0224631599896 0.0143936315913 0.0284626295097 0.0133567871292 0.00184496709069 0.0134347750775 -0.00555690205924 
0.0143753746459 0.0030541286226 0.0243487885018 -0.00476669807408 0.0319016630969 0.00423010922946 -0.00379657604295 0.00606815577375 0.00857897598792 6.04255775453e-05 0.00716156540126 -0.0119734723911 0.0196681370898 0.0171468910791 0.0283395688604 0.00823955612843 0.0383631509461 0.0235444390045 0.000295139694516 -0.003346094329 -0.00210597428071 0.0124020894948 0.0214241466286 0.0147104191129 -0.00558536016142 0.30011183141 0.0298330441221 0.023438757108 0.00639032966645 -0.00280034420897 0.0206092269697 0.0233093156138 0.0220402839185 0.00715432757671 0.0121970973986 -0.00153794038757 0.00905109463019 -0.00219474134855 -0.00526057410483 0.00205790401904 0.0107366764882 0.0133251944694 9.62217240047e-05 0.00482564040293 0.0076820757231 0.0137722552952 0.00356705563575 0.0207500872095 0.00902638385264 0.0149082612412 0.0538490262311 0.00795290265975 -0.0045413486174 0.031080423054 0.0333753797231 0.00561764527531 0.0044147450962 0.00718031062097 0.0125302742057 0.02013774102 
0.00900524566929 -0.0191435103407 0.00482442637588 -0.00887249877204 0.0427663367399 0.000512044405961 0.0111891278891 -0.00428032675521 0.0166661769311 0.0076778572189 -0.00184812841418 -0.00560189764436 0.0307484537773 0.0118699487956 -0.00455510937509 0.000608031612343 -0.0138399285936 0.0187176045846 0.0115158643333 0.0134950285273 0.00720140422338 0.0429163128552 0.0271884741065 -0.00284598438718 0.0127263112202 0.0298330441221 0.467598187375 -0.00298752427025 0.00726380721151 0.000362170229745 -0.00164034446854 0.019423557433 0.0187154906973 0.00832142642735 0.0107914703872 -0.0269760847806 0.0262263314868 0.00424644107297 0.0429057566613 0.0376688547165 0.0275630158128 0.00774764936752 0.00515435650322 0.00852935180596 0.0290010795582 0.0106892345803 -0.00415453681458 0.0247105845349 -0.00136158553468 -0.000277434651867 0.0241822936312 0.00486259241659 0.00845360000898 0.00793663734584 0.00862604846885 0.0126927875547 0.0128803929555 0.0121206818274 0.044704563743 0.100273250745 
0.00854145968549 0.0159095964164 0.0157951549648 0.0162055820052 0.0223763927625 0.00900137635804 0.0135171392463 0.00507487973722 0.00619580405144 0.024421111786 0.020941597872 -0.0302184294561 0.0233910901774 0.0218648781478 0.0182987925512 0.00749089270612 0.0205937028407 -0.00287636966893 0.0164294686161 0.00601935853831 0.00332961944481 0.00922173257101 0.00279523443277 0.00989219564331 0.00232025116284 0.023438757108 -0.00298752427025 0.179647622768 0.0014441784768 0.0220953261423 0.00692452718222 0.000518345478092 0.0119581691764 -0.010306516106 0.0229266639869 -0.00946237598811 0.0128424790564 -0.00425023455049 -0.013062005161 -0.00176470109171 -0.00336919958784 0.00943899692264 -0.000511588836386 0.0159635479531 -0.00839333978843 0.010662604831 -0.00997380137306 0.0234565885953 -0.00664971737672 -0.00709727698076 0.0255113424264 0.0115730340237 0.000162059044375 0.0129184592574 0.0145410683125 0.00870396470265 0.0159900958333 -0.0040869164943 0.00233832992936 0.017434445806 
0.0109845672741 0.00330947861289 0.0172808673396 0.0171350642894 0.0325287423719 0.0172213364626 0.00604363459841 0.0168037918921 0.00431796626319 0.015675434125 0.0115094631926 -0.00106099549882 0.00864358784451 0.0119455235019 0.0265941469898 0.0142920002575 -0.00813088409567 0.00618294695906 0.00969531468126 0.00838445261009 -0.0131893746023 0.0199524922646 0.0180869980701 -0.00863433845959 0.0186602469711 0.00639032966645 0.00726380721151 0.0014441784768 0.162089553428 0.0197504696914 0.00731851804818 0.0128695466863 0.0270489760122 0.0411015806683 -0.0137776512744 0.0183085643409 0.0241750428067 -0.00976453302747 -0.00774996893708 0.0104109691806 0.0284548984441 0.0288732430118 0.0110369696002 0.0148244786238 0.0418985895675 0.0197974335521 0.0292431296693 0.00836011065282 0.0216992841994 -0.0097981343987 0.00140359025724 0.0144303741971 -0.00187597737298 0.0159845085284 0.0307366134582 0.000300764611025 0.0108866277739 -5.80873054699e-06 0.0206839247781 0.0148247936363 
0.0107339203731 0.0167072707842 -0.00184046215919 0.00913671768631 0.0270603179476 0.103932966375 -0.00458814434752 0.00278490370876 0.00727946155064 -0.0104633958497 -0.000273295945779 0.00822667462041 0.0397126978051 0.0157065072059 0.0262203932598 0.0146671870063 -0.00381751625439 0.0180167606826 -0.0244566318345 0.013107926858 -0.000498831730068 0.0254959769565 0.0484606836969 0.00705550239241 0.00442006300324 -0.00280034420896 0.000362170229745 0.0220953261423 0.0197504696914 0.306461303719 -0.000688362644197 0.0379062324692 0.0353746349503 -0.0219716754412 -0.0122321532868 -0.0293134081664 0.0136607471498 -0.000336298067585 0.00505273330141 0.00698682358733 0.0270888696814 0.0166869000317 0.0559547656124 -0.00143937586047 0.0182035290731 0.000842293786007 0.0108824641144 0.02371841192 -0.0160411662912 0.00709489944648 0.0161928904221 -0.00327914002776 0.00535976264789 0.0354906463297 0.025907081186 0.0122605595558 0.00445882479014 -0.00935652875676 0.0147935938237 0.00749764905852 
0.0241906870982 -0.00884296035337 0.0232030875356 0.0107572193207 0.0214326714533 -0.00201696544643 0.00842753131224 0.019470735027 0.0176764555839 0.0169252508098 0.0193427664039 -0.0113063096578 0.0238238710344 0.0280962510163 0.00680517693518 0.0153945831377 0.00415543530565 -0.00250402149761 0.0132731169674 0.00518480121874 0.00871932134123 0.0152982585254 0.010563006993 0.0129530652254 0.0112161082212 0.0206092269697 -0.00164034446854 0.00692452718222 0.00731851804818 -0.000688362644197 0.137755992472 0.0111164060302 0.000298407451386 0.00916330819285 0.0168814973883 0.0132041030433 0.0184988875835 0.0126993767535 0.011762956794 -0.000556382211968 0.0150315855486 0.0334516549021 0.0274770907449 0.0100363704912 0.0366546739625 0.0118646406011 0.00246258943852 0.0196696752154 0.00643592056884 0.0052041110815 0.0218857605219 0.0158739269266 0.00845515133442 0.0240276764511 0.0195235632756 0.00683631294432 0.0358373017985 0.00334635877384 -0.00160065783976 0.0106924981337 
0.0476531189637 0.00528122386778 0.00546135201841 0.0305221225357 0.00990069159941 0.0218254369252 0.00966112502108 0.00538655335043 0.0210579465193 0.0096528974199 0.0130210194535 -0.00836094016342 0.0381678288742 0.0142670915476 0.0358120166797 0.0230426317372 0.00683429177659 -0.00859756288591 0.0426402066386 0.0117041479666 0.0216809214458 0.0306392194637 0.0184819289931 0.0159184811801 0.0161972239191 0.0233093156138 0.019423557433 0.000518345478093 0.0128695466863 0.0379062324692 0.0111164060302 0.280772142437 0.0287838442892 0.00608359829185 0.00425105949747 0.00220810043194 0.014013031106 0.0232548630549 -0.00985244218367 0.0280575296411 0.031534296943 0.0355063718314 0.00600470852237 0.00393015721866 0.0191521593082 0.0280841096869 0.00401149179121 0.026048003808 0.0146331515052 0.00817568664351 0.0287025462587 0.0201917437767 0.0376761013997 0.0319618895737 0.0300227796065 0.0242763796843 0.0144254762261 0.0111681684465 0.0198552173469 0.028210338494 
0.0159696831519 -0.00681109997394 0.0145224762834 0.016012248883 0.0323930243877 0.0402315788129 0.0217517976407 0.0399619140869 0.00767944554537 0.0262357645059 0.00599739066713 0.00795090830245 0.0246594943477 0.0160656734663 0.0210084192261 0.000454537002905 -0.00164329835554 -0.00593578274086 -0.00586140225909 0.00707773671373 0.0102667131189 0.0182005362326 0.0163228717981 0.00182980056074 -0.000260785458448 0.0220402839185 0.0187154906973 0.0119581691764 0.0270489760122 0.0353746349503 0.000298407451386 0.0287838442892 0.258166082488 -0.0109886346119 0.00197319157913 -0.0100053422667 0.0301913269295 0.00932521922665 -0.0112877010305 0.011409609283 0.00469623769586 0.0435665160372 -0.0045611877269 0.0286787997838 -0.0108527562598 0.00989444921405 0.0219817814426 0.0182584623447 0.00315375255718 0.00980236423209 0.0149541299411 0.0111879784005 0.0101196645978 0.0283046891741 0.00740128164802 0.00594032525684 0.0120574074082 0.0932872425412 0.0108190360547 0.0310258992765 
0.0169988011882 0.022113898984 -0.00349533509487 0.00951849710749 0.0341844338565 -0.0113145365757 0.0157940589241 0.0236147925286 0.00107758730476 0.0327209025575 0.0272721262212 -0.00788641946392 0.0761584894184 0.0171127162764 -0.00146200256763 0.0105257571218 -0.0145643261419 0.0235937258082 0.014405894186 -0.00312346166396 -0.00330782982112 0.0195347645682 0.0061859598604 0.0305718861156 0.0182096427989 0.00715432757671 0.00832142642735 -0.010306516106 0.0411015806683 -0.0219716754412 0.00916330819285 0.00608359829185 -0.0109886346119 0.968903577986 0.0222805061569 0.0117740937921 -0.00393549468061 0.0137957651897 0.0473160448167 -0.00895876231168 0.0119850360297 0.00854119631107 0.00314046225614 0.000617258668762 0.0168402599896 0.0224250918388 -0.0125717799212 0.0354255598723 0.0318823337738 0.0240861065701 0.0805390905336 0.0450500425632 0.0322100562381 0.0335186436647 0.0140258685856 0.0260456380137 0.0142808856415 0.0259703845749 0.052219171933 -0.00939485140577 
0.0111337417752 0.0461733569171 0.0118156289079 0.0155142009166 0.0163866833975 0.0223772412366 0.0426457552161 0.0200633200076 0.00933301609285 0.0441894257236 0.0317895928045 0.00522868155123 0.00570890289438 0.032122787039 0.0124497040765 0.0156119527872 0.00548130086068 0.00191156903773 0.0256982251575 0.0140781397626 0.00724049154998 0.0122083205915 0.0115104535592 0.0268028729936 0.0245638425756 0.0121970973986 0.0107914703872 0.0229266639869 -0.0137776512744 -0.0122321532868 0.0168814973883 0.00425105949747 0.00197319157913 0.0222805061569 0.185595240033 0.0135543994614 0.0247321378977 0.00351341871456 0.021125509542 0.0067921852116 0.0108336205795 0.0190100065372 0.032357487697 0.0158936490662 -0.000915318773615 0.0154920657549 0.00191988726271 0.0398104440896 -0.0126456121996 0.0371988195763 -0.00534077318504 0.0344451046699 0.012910509618 0.0264131939728 0.00418782525215 0.0120626195398 0.0352497486445 -0.0176340617879 0.00573237060557 -0.00318845160342 
0.00435531263447 0.000782336817215 0.0125844038543 0.0094098925847 -0.0286188723962 -0.00054716567421 0.0127487357042 0.0202083382596 -0.000400405995444 0.00850123308077 0.000937452861506 0.241073840143 0.0440429184352 0.0067688465217 0.0088652503946 0.025483260762 -0.0154889739086 0.0171114161406 0.00655635661399 -0.00853361476174 0.009318510983 0.0236504192966 -0.00456598494128 0.00728506421421 0.0243167362933 -0.00153794038757 -0.0269760847806 -0.00946237598811 0.0183085643409 -0.0293134081664 0.0132041030433 0.00220810043194 -0.0100053422667 0.0117740937921 0.0135543994614 0.385452748 0.0246515813557 0.035253398978 0.0438449405197 0.0203923437004 0.0324010598727 0.0457233501589 0.00056875943866 0.0100763001121 0.00212060656287 0.0197909831001 -0.0144860719226 -0.0243115384597 0.0396392527781 0.0167240889374 0.0363738259297 0.00271053898506 -0.00849682950034 0.00345048885069 0.00899546812687 0.00521636768063 0.0341262750352 -0.0274827917953 0.00107904931523 0.00697815196547 
0.0265722609146 0.0193596273241 0.0276701241689 0.014232766236 0.038830553694 0.0297064279339 0.022513782355 0.015525878006 0.0183797150948 0.032620908143 0.0238848190612 0.00277563599285 0.0532736870901 0.0672350430658 0.0232812661171 0.0223611429858 0.0149238733593 0.0122057815505 0.0241443195639 0.0083285891128 0.0194600269452 0.0380859061574 0.0234009754061 0.0199475806284 0.0182758753796 0.00905109463019 0.0262263314868 0.0128424790564 0.0241750428067 0.0136607471498 0.0184988875835 0.014013031106 0.0301913269295 -0.00393549468061 0.0247321378977 0.0246515813557 0.183799598832 0.0208221680429 0.0234993833249 0.00413614781831 0.0134570693708 0.0063001095027 0.0421675740724 0.0090805153312 0.021467134545 0.0204818339292 0.0166352059064 0.0272815200722 0.021005016638 0.014847883546 0.0311736945741 0.0200210443374 0.0503057055323 0.0150507003411 0.0153914009494 0.0199397451977 0.0594583809196 0.00247630487739 0.012933790307 0.0243548231543 
-0.00181301398618 0.0132694657628 0.00122280745277 0.0129110870067 -0.00739772761802 0.0210646165685 -0.00276006953739 0.00656632544396 0.00101772707694 0.000320529818109 0.00745732488139 0.0124271700389 -0.00460857419198 0.0164925234431 0.00428073096178 0.0130332363803 0.00433775431418 0.0118078450267 0.0104244187708 0.0106467718491 -0.00435444276722 0.0175196601593 0.000564135211962 0.00718746322011 0.0234125261374 -0.00219474134855 0.00424644107297 -0.00425023455049 -0.00976453302747 -0.000336298067585 0.0126993767535 0.0232548630549 0.00932521922665 0.0137957651897 0.00351341871456 0.035253398978 0.0208221680429 0.147057940082 0.0196985410112 0.0142863428559 0.00962622765157 0.0163451850993 0.00022449669108 0.0134200512957 -0.0112083057979 0.0134521724807 -0.00296495494686 -0.0100288363606 -0.00911286774546 0.00863784798579 0.0113336564786 0.00114801662671 -0.00614474555135 0.00465000936643 0.0210852179723 0.00877175861583 0.013058521614 0.0119893616754 0.00503709612828 0.0213473711762 
0.0383992655173 0.00650330640825 -0.00316706875503 0.023522990768 0.0723603099207 -0.0105385778164 0.01749428191 0.0250252778291 -0.00513003082468 0.0168193335166 0.00578933024252 0.0109071935675 0.000812943464243 0.0134956434326 0.0152846356096 -0.0181554694643 -0.0286869771543 -0.0136769991399 -0.00232693862136 0.0224586339488 0.00339873367027 -0.0208084177714 0.0194951271092 0.00774090067836 0.0218222774741 -0.00526057410483 0.0429057566613 -0.013062005161 -0.00774996893708 0.00505273330141 0.011762956794 -0.00985244218367 -0.0112877010305 0.0473160448167 0.021125509542 0.0438449405197 0.0234993833249 0.0196985410112 0.989955478697 0.0142570782927 0.0326501955289 0.0286257888636 0.0552972053077 0.0223342549709 0.00430569954225 0.0056796628647 0.0100235684681 0.124074083781 0.00889302370898 0.0175463874715 -0.0266436920734 0.0117337358899 0.0178047063419 0.0123187777116 -0.028462890472 0.0339160244107 0.00346211986944 0.167896246047 0.046781088569 -0.00310985213372 
