60
0.330982708656 0.0288411222523 0.0300764430792 0.0269248151276 0.110578936942 0.0335790413719 0.0315088302779 0.148588071013 0.0824662750087 0.12825177486 0.0833786368315 0.0558285331973 0.0729384759615 0.102922334335 0.0466490289559 0.0402434153999 0.0541634245192 0.0129348444485 0.144106781955 0.0598638009539 0.0704328117516 0.0277285522359 -0.00660692339257 0.234257183995 0.0431194173031 0.107494880462 0.034888990542 0.176756138136 0.0665048210348 0.16701162673 0.0431815223905 0.0723841835345 0.0914492870129 0.0444525953717 -0.00662659235152 0.00792878112812 0.142595623168 0.0242911243805 0.0807794462486 0.0423549004831 0.0800542827641 0.0216083944488 0.0114549593271 0.143358946574 -0.00168409401267 0.0300827450696 0.139274044211 0.0100273700484 0.0316717201181 0.0414486045552 0.0392369654355 0.0737969483193 0.0170349265424 0.0607700526619 0.0904248988876 0.10431458653 0.170228010564 0.134016582451 0.0194782181544 0.0461662895592 
0.991345624557 -0.0134331566457 -0.00169304326234 0.00505692839195 0.0489470086748 0.00873623737142 -0.00167543810004 0.0234903596842 0.0213077669603 0.0201226109469 0.0341419556167 0.00139178595127 0.0008773104398 0.0372988595429 0.00456703517625 0.00838146200929 0.000736868077539 -0.00325619643315 0.0936477516652 0.0127018068456 0.0304486472946 0.00758064525538 0.00468551760798 -0.00271908838931 -0.00868933795809 0.0385385753593 0.00460854607456 0.00428108659776 0.00289940129653 0.00604884391876 0.0129528286591 0.00798043454887 -0.0125578620305 0.00379259085103 0.0100513028056 -0.000292846664688 0.0311094223142 0.0194060955897 0.190656876129 0.0343961529647 0.0126507010791 -0.0348436605186 0.00482922569016 0.0397464556927 0.0186600273248 0.0197474856897 0.0481042201402 0.0389697751705 -0.00564275438532 0.060258903883 -0.000920339749531 0.0387302140046 0.0041895999788 0.0107761047103 0.0120057034696 0.0234559578118 0.0373018403815 -0.0136782118058 -0.011487123349 0.0018555130561 
-0.0134331566457 0.15214297005 0.0230767016175 0.0113867659638 0.0121216800518 -0.00571844621735 0.0078246310264 0.00466846049099 0.00194597996327 0.00700338441486 0.00463149690457 0.0331021746327 0.0123994384446 -0.00218287494191 0.0155289882815 0.000844693430261 0.0323358281471 0.020274024512 -0.00866369419532 0.0280201329363 -0.00112339250717 0.000127344869876 0.0153631843484 -0.00328807250125 0.00409401171653 0.0306373537062 0.0161962326808 0.0381870229792 0.043294362577 -0.0018848986545 0.0102060748105 0.00601879650295 0.0333024762291 0.0159510724308 0.0135148914539 0.011975512344 0.0245290828955 0.0247244676697 -0.0046268477418 0.0109753179536 0.0117655756594 0.022503529396 0.0225976914636 0.0164586017537 0.00533096218437 0.00645583942211 0.00311443933622 0.0210437983711 0.00652235610964 0.0195205020297 0.0565989221237 0.00824984126577 0.0369597415975 -0.0110385044451 -0.0155195024096 0.0160777039014 -0.0104743957281 0.022338991736 0.0572416403375 0.0117255081813 
-0.00169304326234 0.0230767016175 0.359292254755 -0.00217157485242 0.0223829261187 0.0103021018422 0.0233368673499 0.0259979993618 0.000167131346302 -0.0068372021952 0.0163391988831 -0.00516918612699 0.00610688164238 0.00312799694941 0.0307383961523 0.0128886413459 0.0185111341257 0.0380122823557 0.01284449687 0.0117931015174 0.00777291454523 0.00692260081777 0.0308678900918 0.019637726977 0.0115916738215 0.00418562693205 -0.00050176965691 0.0640573500301 0.0181971238272 -0.0082538568157 0.0142366260818 0.0163428469912 0.0303143548726 0.0168394541357 -0.00347086312591 0.0227714309564 0.0155667409619 0.0126089582159 0.00371412779784 0.0168378640186 -0.0051466785613 0.0218167389177 -0.00360286976614 0.00282250266221 0.0158952314644 0.0134918724862 0.0620089787642 -0.000949084127885 0.0142079236774 -0.00101665807924 0.0191274245052 0.0115972090806 0.0158374830351 0.0154948429555 -0.00652942074663 0.0412618249185 0.00609707286598 0.0112358288594 0.00183829379482 0.0218559055843 
0.00505692839195 0.0113867659638 -0.00217157485242 0.187138439496 0.00962270282642 0.00854909667618 0.0164171476973 0.0209033845687 0.0685543394428 0.047286639643 0.0202264594889 -0.00726096741746 0.00646138991225 0.00571910713427 -0.00854653950822 0.0110078019618 -0.00800430770795 0.00786304666349 -0.00336451194913 0.0249593062052 -0.0123013646577 0.0529100342991 -0.0163644910185 -0.00507508035209 -0.000232093963825 0.000218944465026 0.032735990184 0.0250088005376 0.0069303925062 -0.000385045637685 -0.0017348527161 0.00418321245027 0.0194860616228 0.0506862708322 0.0387883138505 0.0209232924921 0.0143558126289 0.0205832134388 0.0184984327658 0.00731920349635 0.00891274388863 -0.0251912786781 0.0134664306798 0.00936899819923 0.00178742188623 0.0129379723864 -0.000630788793821 0.0124345505916 0.022256935071 0.00649629127361 0.00958523862757 -0.00787806990873 0.0193526106326 0.00596397514458 0.0493322184965 0.00183304610394 0.00237319243594 0.00448793277172 0.0051923486208 0.00560211889361 
0.0489470086748 0.0121216800518 0.0223829261187 0.00962270282642 0.799691057132 0.0317552507493 0.0151911264102 0.0196911542475 0.00869236483329 -0.0227938996073 0.00815018213578 -0.0200244673159 -0.0138789052047 0.0327792355861 -0.00556570556699 0.0233491359754 -0.00560850075707 0.0230891485016 -0.014121737387 0.0077277006155 0.0371853110471 -0.00802229178064 0.00746484670066 0.0706988488821 -0.0110344489759 -0.0222739320994 0.00504600826442 0.0855823737186 -0.00223600855597 0.0176163190702 0.0102236551085 0.0335786558106 0.0367105732547 0.0110626106428 0.00269595604329 0.0184510868129 0.0595007205475 0.014848017427 0.0148421975744 0.0299368866988 0.193052193135 -0.00193031675908 0.0232792106454 -0.0266649542599 0.0055696387383 0.00435577174369 0.115390157565 -0.0123556573699 0.0203302682393 0.00830315610183 0.0191879801204 0.0342931681462 0.0241379496961 0.0250483753809 0.031303070771 0.0553014140369 -0.0126717311692 0.0163468147909 0.00284187813276 0.0014313304365 
0.00873623737142 -0.00571844621735 0.0103021018422 0.00854909667618 0.0317552507493 0.233357949683 0.010847799179 0.0234284325916 -0.00444389236201 -0.00312627371266 -0.0044665019232 0.0232644685272 0.0271614364354 0.0382630657844 -0.00142352874601 0.0166216864906 0.0113951071043 0.024072269701 0.0130000778074 -0.00394653864174 0.0228835615117 0.00917217236531 0.00819121299061 0.000934829544633 -0.00618129202096 0.00743738574902 0.00560061453982 0.0167879523378 0.00502881361311 -0.0280394976789 0.0247374833111 0.0172889105709 0.026894234942 0.0103827078781 0.0103061521577 0.00122448351916 0.0137640697642 0.0120796200304 0.0176828020484 0.0163374894167 0.0144590522348 0.00930339480279 0.0109509986415 0.0228063267818 0.0158595203558 -7.86370495111e-05 0.0358955713161 0.0172638172246 0.0119179498026 -0.000588241054565 -0.00939944774581 0.00389716436593 -0.00569002381818 0.0243227968096 -0.00585836671288 0.00264388636624 0.0288276335905 -0.00077701995069 0.00868691054824 -0.00587009884629 
-0.00167543810004 0.0078246310264 0.0233368673499 0.0164171476973 0.0151911264102 0.010847799179 0.216464507066 0.0281826381979 0.023300017234 0.019822688115 0.0304960325899 0.034019284341 0.0270897717438 0.0179859258414 0.0324367072609 0.0226974885525 -0.00832029004862 0.0176727971622 -0.00115686132196 0.0333062936646 0.0054613120392 0.0311502859609 0.0233165749529 -0.0308389430457 0.00419262922812 0.0396983770334 0.0276814720557 -0.00873807581971 0.0185733930717 0.00245072837382 0.0225655020928 -0.00745425359604 0.0652267165762 0.0367642665227 0.0178828623837 0.0166977687768 0.0258408932468 0.0278562407723 0.00596336493494 0.00220671332012 -0.00258123802513 0.0135308569703 0.0232333866673 0.019908510043 0.0158942204902 -0.00218050980444 0.0175037991872 0.00426020933648 0.020807893041 0.00141344348589 0.0435153377428 0.00123440296619 0.00938495225414 0.027314671066 0.0151576306721 -0.00116598526166 5.19351643429e-05 0.0196673822982 0.0212491490639 0.00623675592931 
0.0234903596842 0.00466846049099 0.0259979993618 0.0209033845687 0.0196911542475 0.0234284325916 0.0281826381979 0.470170869145 -0.0129287202139 -0.015091670468 0.0361589376682 0.0340692861753 -0.0134990321564 0.0397949478029 0.0117468813212 0.0150028922979 0.01663618643 0.0194210623519 0.0311760408928 0.0340937709051 0.00617491318035 0.0182183098612 0.0272376176313 0.00189023779445 0.00746989937573 0.0058844303476 0.0292713514984 0.0491947851003 0.0221358592065 0.0029696742273 0.0115818810004 0.0141157036218 0.0642977193511 0.009438554192 0.00976215604337 -0.0102149452128 0.0230442084841 0.0236016980551 0.00159959981849 0.0134542602135 -0.00528988019566 0.00790342210335 0.0214536918102 -0.0164215907428 0.01678768877 0.00803462772926 0.0291774057135 0.0113776052189 0.00894587084224 0.00478203034211 0.0396967093841 0.0182987866365 0.0185190720544 0.0110635603454 -0.0100621892896 -0.00478952750766 0.00377777229375 0.0191174098931 0.0310299353697 0.0309499876411 
0.0213077669603 0.00194597996327 0.000167131346302 0.0685543394428 0.00869236483329 -0.00444389236201 0.023300017234 -0.0129287202139 0.382273894526 0.074630931764 -0.000234329452417 -0.0071985028506 -0.00123061644283 0.00403085015457 -0.0122593588236 0.00286838306482 -0.0100534860699 -0.00150935866524 -0.0083481645845 0.0155467266427 -0.0109564442915 0.0317732557558 0.00781840778548 -0.00117093597011 0.00495743631682 0.0401898717984 0.0129523381122 0.0173868604478 -0.00561973143372 0.0108430667333 0.00205572384922 0.0289629028242 0.0513964119109 0.108018779428 0.0350555247123 0.0210866586375 -0.0119194539132 0.0177742516894 0.0245214680673 -0.00368851175446 -0.0192839051616 -0.015846772589 0.00324675318747 0.0385087187833 0.000704904385465 0.00946510676456 0.0444992669041 -0.0023370763523 0.0130772498166 0.00991245078428 -0.00132836804949 0.0229172733438 -0.00341145218594 0.0118524006374 0.212882038228 0.00844441967502 -0.0215898303307 0.00259214010255 0.00947388570056 -0.0136752780178 
0.0201226109469 0.00700338441487 -0.0068372021952 0.047286639643 -0.0227938996073 -0.00312627371266 0.019822688115 -0.015091670468 0.074630931764 0.524597237869 0.0168785274554 -0.0156447865775 0.00973083078413 -0.015233775077 -0.00542878373214 -0.00210491521468 -0.00527814071421 0.021353828195 0.00411360385366 0.00717435297412 0.0180378238557 0.0511175397558 0.00461352652435 -0.015389351546 -0.0123386819244 0.0661264969925 0.016336344179 0.0145789886206 0.022019528603 0.00961285810049 -0.0239286128188 -0.0134420030595 0.0406689430382 0.0803271417904 0.0190127058779 0.0169907104716 0.000867481049695 0.0183768119379 0.0146207564215 0.0139897319247 0.0148615146327 0.0184675600348 -0.0165048850555 0.0315300211411 0.00441641112969 -0.0177142421173 0.0115067566793 0.0199266214279 0.0223720186191 0.00121820105423 0.0184955079608 0.0177301637699 -0.00509967235102 0.0148398626512 0.0481967095403 -0.040524075775 0.0131618713979 0.0128366545113 0.0141843481845 -0.00859849389548 
0.0341419556167 0.00463149690457 0.0163391988831 0.0202264594889 0.00815018213578 -0.0044665019232 0.0304960325899 0.0361589376682 -0.000234329452417 0.0168785274554 0.36514695889 0.0402875558237 0.00812459730859 0.00804685966944 0.0328942202518 -0.00378488192981 0.00957077063239 0.00702885676284 0.0166674128586 0.023348672761 0.0325918689085 0.00468175981841 0.0111813578823 0.00765239136655 0.0220031019595 0.0351467453702 0.00531579697183 0.0586188698337 0.0387793528534 0.0073008880743 0.0148472369902 0.00786314794642 0.0503463672215 0.00456116635961 0.0202568866254 0.0534189738303 0.0117734719461 0.0133935498839 0.0334679624934 -0.00421507605678 0.00696897847866 0.0041763774573 0.00686536479748 0.0200070549761 -0.0170541654195 0.0193201135338 -0.000890640056175 0.0274815908083 0.021498941529 0.0151348521776 0.020667107435 0.024739075384 -0.00431581875168 0.0131414494099 0.00153893428691 0.0218954634 0.00079292204456 0.018683110439 0.0157418687625 0.00509556284391 
0.00139178595127 0.0331021746327 -0.00516918612699 -0.00726096741746 -0.0200244673159 0.0232644685272 0.034019284341 0.0340692861753 -0.0071985028506 -0.0156447865775 0.0402875558237 0.273251361727 0.00560883868171 0.0882604453577 0.0300907816977 0.010430712112 0.0229749884855 0.0276203598249 -0.000737250517417 0.0184213279039 0.00267295337048 0.00487319907425 0.0218499745946 -0.00296053465224 0.0147096442997 0.0227085856485 0.0098111244208 -0.0143833231114 0.0503792870913 0.0114057299954 0.00307463114375 0.015745508296 0.0737590092375 -0.00615242356533 0.0216961802737 0.013007073504 0.0129221023251 0.0170710333984 0.0106603101352 0.0070257649426 0.00748978317237 0.015409905179 0.0407348018342 0.00493153395112 -0.0029481728338 -0.005128090565 0.0173242199566 0.0188889517347 0.0137844875579 0.00163915023822 0.0412266722087 0.0256012598606 0.0283020680845 0.0118419802757 -0.00678033735506 0.0482481902236 0.00326125621887 0.0205861508546 0.0549787406033 0.048584408485 
0.0008773104398 0.0123994384446 0.00610688164238 0.00646138991225 -0.0138789052047 0.0271614364354 0.0270897717438 -0.0134990321564 -0.00123061644283 0.00973083078413 0.00812459730859 0.00560883868171 0.312612352838 0.0116663455981 0.021785153075 0.010647937292 0.0158377576188 0.0203294044813 0.0290365886172 0.00609864222761 -0.0025962913848 0.0151204965373 0.031668834344 0.0352162423788 0.0116650116303 0.0215192200921 0.0100944272337 -0.0264043649097 0.00962280444359 0.0417398767297 0.00822154818179 -0.00910495250825 0.0149956445827 0.0174659787615 0.00651795564895 0.0299331246874 0.0295059161886 0.0176458929313 0.00857053946432 0.0207004649681 0.00866982590837 0.00221571472779 0.0156756512532 0.0108564198125 0.012337260856 0.000440265783656 0.020117940142 0.00723790304762 0.0245604377333 0.00279080404724 0.0247480716803 0.00801497523017 0.00654246589851 0.0113160205434 -0.00219457838805 0.0265120966931 0.00168019627024 -0.0178020391208 0.0284777599031 0.0198070982076 
0.0372988595429 -0.00218287494191 0.00312799694941 0.00571910713427 0.0327792355861 0.0382630657844 0.0179859258414 0.0397949478029 0.00403085015457 -0.015233775077 0.00804685966944 0.0882604453577 0.0116663455981 0.350335706474 0.0200689252298 -9.71408125328e-05 0.027320199582 0.0146635784012 0.0182742586251 0.0077239347267 0.00538638901358 0.01145676129 0.0235283942663 -0.0214241760771 0.0286199378512 0.00285422205428 0.0108481414985 0.0101061703571 0.00223128350183 0.018983227734 0.0175346085433 -0.0126627719411 0.0352443116732 0.00131135865003 0.00818050595855 0.0136970082904 -0.000483060198146 0.0135538235243 -0.00144891410734 0.00803385782471 0.0239219894499 0.00512757932778 0.0016643597731 -0.00426399191157 0.00645317738449 0.00129423093305 0.0122147781466 -0.00235698831217 0.00886556757336 -0.00183618879205 0.02362606771 0.020504070999 0.0268833707628 0.0254344415278 0.00563068035715 0.0229901832639 0.0690937391743 0.0153619000899 0.00982749268231 0.0462843294846 
0.00456703517625 0.0155289882815 0.0307383961523 -0.00854653950822 -0.00556570556699 -0.00142352874601 0.0324367072609 0.0117468813212 -0.0122593588236 -0.00542878373214 0.0328942202518 0.0300907816977 0.021785153075 0.0200689252298 0.213469558585 0.0239675623155 0.0189296335134 0.00947807764595 0.0148087359669 0.0161719906207 0.0181341220142 0.0136693702334 0.0427914560945 0.0225620212331 0.0151327750318 0.00931287722801 0.0113403455865 0.0458499955571 0.0227354553548 0.038719754858 -0.0045767853023 -0.0149513379319 0.00961109035304 -0.0033272575148 -0.00249482734312 0.0171631039833 -0.0124404178158 0.0201277901315 0.000245342108163 -0.0160105603424 0.00697918686281 0.0170441629814 0.0101439739424 0.0107735726437 0.0125098651545 0.0279657047668 0.02969983795 0.0114765200376 0.0292166603624 -0.0120190118421 0.0200944644701 0.0142075079192 0.00508749091292 -0.00211937446605 -0.0138065782261 0.0487885491948 -0.00048309287677 0.00285339997637 0.00758357032992 0.00665103852026 
0.00838146200929 0.000844693430261 0.0128886413459 0.0110078019618 0.0233491359754 0.0166216864906 0.0226974885525 0.0150028922979 0.00286838306482 -0.00210491521468 -0.00378488192981 0.010430712112 0.010647937292 -9.71408125328e-05 0.0239675623155 0.130976679201 0.0130720908345 0.0114101955383 -0.00219035045914 0.00674446014579 0.0048749848649 0.014806012878 0.014991377529 -0.00109129403805 0.00660059233262 0.00228008521699 0.00734659651316 0.00318966254646 0.00780489066647 0.0222017703207 0.0221691450757 0.0110309316504 0.0248580480901 -0.00899923513615 0.0035181988313 0.00578034240588 0.010050704181 0.0103862529092 0.0113899161034 0.011448445563 0.0168024989219 0.0190339065943 0.0130842459556 -0.00942638910013 0.0144342761937 0.00729576319418 0.0171488110294 0.0209295005113 0.000608665330314 0.0191408814362 0.0201537023731 -0.00217675038932 0.00647475739586 0.0231654763483 -0.00982278604334 -0.00478062014153 -0.0110356940387 0.0079753992639 0.00835747247242 0.0217053948475 
0.000736868077539 0.0323358281471 0.0185111341257 -0.00800430770795 -0.00560850075707 0.0113951071043 -0.00832029004862 0.01663618643 -0.0100534860699 -0.00527814071421 0.00957077063239 0.0229749884855 0.0158377576188 0.027320199582 0.0189296335134 0.0130720908345 0.293884477892 -0.000840206050162 0.0446166312566 0.0170985894937 -0.003360698514 -0.0189918513889 0.00850089893906 -0.00851870323033 -0.00198910904974 0.0369088728404 0.0144470888791 -0.0160786214952 0.0459139887167 -0.00942067219476 0.0170826755261 -0.00554486325544 0.0308882564202 -0.0176871850629 -0.00186420497094 0.00904239908936 0.00264987532968 0.0275095706698 -0.025866840273 -0.0224079783993 0.0186915571087 0.000317616139546 1.50693184853e-05 -0.0193238355372 0.0112994975614 0.00658933232003 0.029792256033 0.014792469781 0.0100339846121 0.0320309682363 0.0158981904915 0.0192499528912 0.028715428203 0.0301708620404 -0.0151529468985 0.0106068648539 0.0403926604101 0.00255818650037 0.0164533935408 -0.014021685687 
-0.00325619643315 0.020274024512 0.0380122823557 0.00786304666349 0.0230891485016 0.024072269701 0.0176727971622 0.0194210623519 -0.00150935866524 0.021353828195 0.00702885676284 0.0276203598249 0.0203294044813 0.0146635784012 0.00947807764595 0.0114101955383 -0.000840206050162 0.153900506414 0.0126311987352 0.00662711262843 -0.00446704339709 0.00742475372177 0.0148712322494 0.00495147836963 0.00821503213249 -0.000506729376789 0.012246514287 -0.00128843109746 0.0226363618179 0.0317662366725 0.00711085869849 -0.00308421721127 0.0145667879051 0.0151862995776 0.0166221021204 0.00481556021264 -0.000142584953524 0.0154265067003 0.00389824315976 0.00162721415963 0.0148841077661 0.0353803113272 0.00729705989382 -0.00176480267765 0.0213217796498 0.00996579582535 0.00729140721371 0.012671254591 0.000279652647618 0.0239806774243 0.0189618179731 0.0151665432536 0.00428440574633 0.00794627455211 0.00490666041121 -0.00371834165273 0.00985578997035 0.00787249260287 0.0189804837714 0.0118768477535 
0.0936477516652 -0.00866369419531 0.01284449687 -0.00336451194913 -0.014121737387 0.0130000778074 -0.00115686132196 0.0311760408928 -0.0083481645845 0.00411360385366 0.0166674128586 -0.000737250517417 0.0290365886172 0.0182742586251 0.0148087359669 -0.00219035045914 0.0446166312566 0.0126311987352 0.310073153224 -0.00495799100716 0.0380131042093 0.00843574546552 0.00970462668533 0.0116328613653 0.0166611781877 0.0295112225011 0.0132286548051 -0.0167150953642 0.016159962626 0.00498965759445 0.00940948457438 0.0438721819598 -0.0162109943781 0.00368999987682 0.0152866013137 -0.00328664851132 0.0159438454486 0.0123462945072 0.0217690742146 0.016705244333 -0.023511862436 -0.00848533439046 0.00346763080783 0.00590766907832 0.00932544478658 -0.0277310548809 0.0368814879141 0.0118884955127 0.00406132500399 0.0371717851018 0.0165138804315 0.0155428652701 0.00594901686943 0.0078261730441 0.007496895032 0.0221411954602 0.0367019655503 0.00195520080245 0.00371629273355 0.00607850971059 
0.0127018068456 0.0280201329363 0.0117931015174 0.0249593062052 0.0077277006155 -0.00394653864174 0.0333062936646 0.0340937709051 0.0155467266427 0.00717435297412 0.023348672761 0.0184213279039 0.00609864222761 0.0077239347267 0.0161719906207 0.00674446014579 0.0170985894937 0.00662711262843 -0.00495799100716 0.182915320478 -0.0099345184785 0.0261789826184 0.0168321953414 0.00734216682138 0.0162170922918 0.0359041130294 0.0214300212444 0.0240196890013 0.0304128851283 -0.00630039219746 0.0171935298074 0.01298875091 0.049424591346 0.0224473121362 0.0272789522503 0.00258108514072 0.0442640037969 0.0620398689224 0.013725195074 0.00669902901054 0.0186431831296 0.0108266702219 0.0245895610389 0.0219255384441 0.0231776902901 0.0162867808429 0.0367920310278 -0.00441239506868 0.032469073788 0.016585343832 0.02996828807 0.0126493587664 0.0268047908362 0.0188689664458 0.0230527506364 0.0207023195418 0.0120490112061 0.0174798323117 0.0269545675543 0.0107678436392 
0.0304486472946 -0.00112339250717 0.00777291454523 -0.0123013646577 0.0371853110471 0.0228835615117 0.0054613120392 0.00617491318035 -0.0109564442915 0.0180378238557 0.0325918689085 0.00267295337048 -0.0025962913848 0.00538638901358 0.0181341220142 0.0048749848649 -0.003360698514 -0.00446704339709 0.0380131042093 -0.0099345184785 0.266250289207 0.0161904882125 0.0188925141588 0.0500311834227 0.0135999235848 0.0243443706564 0.0121170238736 0.0157889962515 0.00671067337773 0.00687985546402 -0.00296085025721 0.00831757352279 0.0026451269664 0.00270239769872 0.0057905101055 -0.00683220001887 0.043108376964 -0.00435739620421 0.00593128046835 0.012880709164 0.00996252380495 0.0219534636136 -0.0188867875147 -0.026583755529 0.00525355150358 0.02129372575 0.0485310318946 0.0196665338983 -0.00884560845599 0.0284314678717 0.0114972766868 0.0136523865615 0.00836969383022 0.0181014650917 -0.0199782237467 0.00634197615605 0.0671237437723 0.00605134796715 0.0147697956223 0.0163320856014 
0.00758064525538 0.000127344869876 0.00692260081777 0.0529100342991 -0.00802229178064 0.00917217236531 0.0311502859609 0.0182183098612 0.0317732557558 0.0511175397558 0.00468175981841 0.00487319907425 0.0151204965373 0.01145676129 0.0136693702334 0.014806012878 -0.0189918513889 0.00742475372177 0.00843574546552 0.0261789826184 0.0161904882125 0.185948016727 0.0112871794895 0.0263873722439 0.00664647764754 0.00700985740623 0.00100146184993 0.0381376928599 -0.00097020122007 0.0245072215278 0.010908056619 0.0184349116091 0.0171643924935 0.0183789565042 0.0489901277656 0.0139301708104 0.0219874701864 0.0274602063325 0.0187156992749 0.020500681093 0.0089195121167 0.0119652011702 0.00324707048216 0.0148697860289 -0.00686644548516 0.00645724329243 0.0158061868283 0.0311621920188 0.040664919266 0.00590130295248 0.0156995156076 0.0134019623557 0.0190988806265 -0.00380363674602 0.038455249595 0.0130750302559 0.00430310796756 0.0292550025708 0.012820972388 0.0157383379486 
0.00468551760798 0.0153631843484 0.0308678900918 -0.0163644910185 0.00746484670066 0.00819121299061 0.0233165749529 0.0272376176313 0.00781840778548 0.00461352652435 0.0111813578823 0.0218499745946 0.031668834344 0.0235283942663 0.0427914560945 0.014991377529 0.00850089893906 0.0148712322494 0.00970462668533 0.0168321953414 0.0188925141588 0.0112871794895 0.1547036386 0.0120125755098 0.0110270992294 0.0470025970058 0.00197776861876 0.0159001402068 0.0188747217282 0.0306797798096 0.00308911247649 0.0116656209619 0.0256184799881 -0.00540284384903 0.00663942200346 -0.000232760861537 0.022385796977 0.0152250944756 -0.0121618667066 0.0192466751473 0.00582520936114 0.00868993141253 0.00744315578474 0.03303489927 0.0248842875663 0.0137715696245 0.0251337553437 0.00756160201514 0.00323756496159 0.00759490656245 0.0262344778998 0.0101112432986 -7.33845317094e-05 0.00564531673707 0.00331480522861 0.0286212573126 0.0208603325493 0.019217720687 0.0244901712007 0.0304758077944 
-0.00271908838931 -0.00328807250125 0.019637726977 -0.00507508035209 0.0706988488821 0.000934829544633 -0.0308389430457 0.00189023779445 -0.00117093597011 -0.015389351546 0.00765239136655 -0.00296053465224 0.0352162423788 -0.0214241760771 0.0225620212331 -0.00109129403805 -0.00851870323033 0.00495147836963 0.0116328613653 0.00734216682138 0.0500311834227 0.0263873722439 0.0120125755098 1.24095274717 0.00411228404396 0.0735829324313 -0.0156344724469 0.00848066707241 -0.0171684783488 0.0348119230785 0.0154773637831 0.0626182555228 0.039029098798 0.0175991559166 0.00569006167475 -0.0114089420687 -1.85336193627e-06 0.0208924618621 0.0313728777767 -0.0180065556132 0.0288966741474 0.0128092920134 -0.00551786905378 0.0560519531836 0.00959907505722 0.0313707727912 0.101657014864 0.00995774588628 0.0656834753813 -0.0249334232227 -0.0012073652361 -0.00350041581735 -0.00981214079544 -0.0183840214757 0.00200603246514 0.0461223273045 -0.025553398316 -0.00239562072071 -0.00502369084146 0.116627752219 
-0.00868933795809 0.00409401171653 0.0115916738215 -0.000232093963826 -0.0110344489759 -0.00618129202096 0.00419262922812 0.00746989937573 0.00495743631682 -0.0123386819244 0.0220031019595 0.0147096442997 0.0116650116303 0.0286199378512 0.0151327750318 0.00660059233262 -0.00198910904974 0.00821503213249 0.0166611781877 0.0162170922918 0.0135999235848 0.00664647764754 0.0110270992294 0.00411228404396 0.167729923353 0.0275255865634 0.0057947491242 -0.000906468524049 0.00721363445653 0.0262366269996 0.00139341608207 0.0242200462972 0.024915041537 -0.00354846054064 0.0223267438051 0.0168683772793 0.0267247496337 0.0211666563162 0.0113169065175 -0.00376448249857 0.0156877752554 -9.31755220189e-05 0.00920426967292 0.0117606499694 0.00763754686905 -0.00283132085867 0.0134473331373 0.00340191268465 0.0164093740789 0.0198140445511 0.00389784995546 0.0234298811911 0.0139707844145 0.0180416021747 0.0240483108666 0.0588300687167 -0.000692031171617 0.00755999413167 0.0110127341338 0.0296444798419 
0.0385385753593 0.0306373537062 0.00418562693205 0.000218944465026 -0.0222739320994 0.00743738574902 0.0396983770334 0.0058844303476 0.0401898717984 0.0661264969925 0.0351467453702 0.0227085856485 0.0215192200921 0.00285422205428 0.00931287722801 0.00228008521699 0.0369088728404 -0.000506729376789 0.0295112225011 0.0359041130294 0.0243443706564 0.00700985740623 0.0470025970058 0.0735829324313 0.0275255865634 0.391590001872 0.0233235943605 0.104854239824 0.0249370761549 -0.00345931293395 0.036228203595 0.0469196692507 0.0395104651533 0.0517088659842 0.00993252391772 -0.0272711862797 0.0259293915462 0.0331827258289 0.00485385667117 0.0219229751594 0.0161046111757 0.00323966448217 0.0209999465947 0.200272845246 0.0336280018696 0.0406348538332 0.0213500932261 0.0264731817879 0.0153880775419 0.0294453094435 0.0424729281097 0.0156961452431 0.0244144192135 0.0108966737843 0.062522531673 0.0433314515934 0.00651780410103 0.018590702583 0.0213876489386 0.0304902587349 
0.00460854607456 0.0161962326808 -0.00050176965691 0.032735990184 0.00504600826442 0.00560061453982 0.0276814720557 0.0292713514984 0.0129523381122 0.016336344179 0.00531579697184 0.0098111244208 0.0100944272337 0.0108481414985 0.0113403455865 0.00734659651316 0.0144470888791 0.012246514287 0.0132286548051 0.0214300212444 0.0121170238736 0.00100146184993 0.00197776861876 -0.0156344724469 0.0057947491242 0.0233235943605 0.140199988543 -0.0116111265523 0.00884064407549 -0.00685136836281 0.00608550511342 0.00498208955632 0.0229078952566 0.0161224494099 0.0347189367017 -0.00566397427516 -0.00603119597364 0.0101932423866 0.0185303687994 0.0188329840256 0.00982167740074 -0.00239356683635 0.00391665107422 0.014818157234 0.00782668504503 0.000555156854985 0.02013850696 0.00994728604687 0.00880300963442 0.0239424998245 0.00652902456032 0.0102209214501 0.0182859000273 0.0112477912685 0.00113247474536 0.0145127290225 0.0166364696985 0.00554335034519 0.0143146556009 0.0039954095639 
0.00428108659776 0.0381870229792 0.0640573500301 0.0250088005376 0.0855823737186 0.0167879523378 -0.00873807581971 0.0491947851003 0.0173868604478 0.0145789886206 0.0586188698337 -0.0143833231114 -0.0264043649097 0.0101061703571 0.0458499955571 0.00318966254646 -0.0160786214952 -0.00128843109746 -0.0167150953642 0.0240196890013 0.0157889962515 0.0381376928599 0.0159001402068 0.00848066707241 -0.000906468524049 0.104854239824 -0.0116111265523 1.47696848509 0.0146120734294 -0.0206233029674 -0.021426471946 0.0566196968607 0.0214744820326 0.00498192445564 0.0113480158533 0.0198783578881 0.0738510885222 0.0252810975745 0.00857215146235 0.0171964584716 0.0060215887833 0.0197620834641 0.0293399423895 -0.00675101804791 -0.00494958924962 0.045557772279 0.00578579759399 -0.0160717965308 0.0126886703974 -0.00373762321707 0.0155145674373 -0.00190664010858 -0.000575625992335 0.00310506109529 0.00859977167568 -0.0190403452987 0.0361939881961 0.0201788877499 0.0269019784601 0.00679464123295 
0.00289940129653 0.043294362577 0.0181971238272 0.0069303925062 -0.00223600855597 0.00502881361311 0.0185733930717 0.0221358592065 -0.00561973143372 0.022019528603 0.0387793528534 0.0503792870913 0.00962280444359 0.00223128350183 0.0227354553548 0.00780489066647 0.0459139887167 0.0226363618179 0.016159962626 0.0304128851283 0.00671067337773 -0.000970201220071 0.0188747217282 -0.0171684783488 0.00721363445653 0.0249370761549 0.00884064407549 0.0146120734294 0.219593194388 0.0224747021473 -0.00689003957324 0.0160649612665 0.0203731096512 0.00408257102902 -0.00383654100346 0.0217036978708 0.0261662914159 0.0389216272857 -0.00233298770154 -0.0108692686526 0.0194800714231 0.0313936019772 0.0310283937729 0.015699357685 0.0128000985619 0.00997805452173 0.0112324882622 0.0110009050833 0.00263723741579 0.0117731428921 0.0458696732874 0.00756657843027 0.0478143314752 0.00986148685684 -0.00930627371558 0.0211519554356 0.0278044721999 0.0414581074978 0.0502248548057 0.016939444024 
0.00604884391876 -0.0018848986545 -0.0082538568157 -0.000385045637685 0.0176163190702 -0.0280394976789 0.00245072837382 0.0029696742273 0.0108430667333 0.00961285810049 0.0073008880743 0.0114057299954 0.0417398767297 0.018983227734 0.038719754858 0.0222017703207 -0.00942067219476 0.0317662366725 0.00498965759445 -0.00630039219746 0.00687985546402 0.0245072215278 0.0306797798096 0.0348119230785 0.0262366269996 -0.00345931293395 -0.00685136836281 -0.0206233029674 0.0224747021473 0.479189264104 0.0161314057642 -0.00835928960807 0.0278046017841 0.0132547425233 0.00255468954805 0.046147173011 0.0408534464759 0.00293901819593 0.0382605978059 0.00523330627037 0.0172887320955 -0.0028757543196 0.0113721123886 0.020279057681 -0.00228964603148 -0.0116094223758 0.0176044196667 0.00221187445796 -0.00967637377893 0.0190746283907 0.0115794451437 0.0271973431556 0.0198457853672 0.0162545857462 -0.0136619443809 0.14571466427 0.0046324181234 0.00595288085035 0.000548832490078 -0.0166334334187 
0.0129528286591 0.0102060748105 0.0142366260818 -0.0017348527161 0.0102236551085 0.0247374833111 0.0225655020928 0.0115818810004 0.00205572384922 -0.0239286128188 0.0148472369902 0.00307463114375 0.00822154818179 0.0175346085433 -0.0045767853023 0.0221691450757 0.0170826755261 0.00711085869849 0.00940948457438 0.0171935298074 -0.00296085025721 0.010908056619 0.00308911247649 0.0154773637831 0.00139341608207 0.036228203595 0.00608550511342 -0.021426471946 -0.00689003957324 0.0161314057642 0.191285810873 0.0207323166059 0.0465857055543 -0.00665751756829 0.0226484787509 0.0180774331208 0.0281146751506 0.0112397050168 0.00464607088505 0.00634638665705 0.0238082448538 -0.00603476154554 -0.00702984483701 0.0353899535205 0.00468074363949 0.00346739448477 0.050255376774 0.0014328752576 0.0222967133601 -0.00115042111265 0.0047193555046 -0.00905163997835 0.00108947248212 0.0137982191415 0.00551980800702 0.0141447120225 0.0440144370722 0.00345557418756 0.000419320185441 0.0281399962944 
0.00798043454887 0.00601879650295 0.0163428469912 0.00418321245027 0.0335786558106 0.0172889105709 -0.00745425359604 0.0141157036218 0.0289629028242 -0.0134420030595 0.00786314794642 0.015745508296 -0.00910495250825 -0.0126627719411 -0.0149513379319 0.0110309316504 -0.00554486325544 -0.00308421721127 0.0438721819598 0.01298875091 0.00831757352279 0.0184349116091 0.0116656209619 0.0626182555228 0.0242200462972 0.0469196692507 0.00498208955632 0.0566196968607 0.0160649612665 -0.00835928960807 0.0207323166059 0.316053205921 0.0153948657504 0.00511111712276 0.0307704177772 0.0195576713596 0.0464849538477 0.0149987491691 0.0200381948531 0.0378076370739 0.0238037088406 0.0219726230793 -0.000137295232825 0.0107565597693 0.00236958157326 -0.00283326498183 0.0475079501668 0.0123900637488 0.0111987392161 -0.0119028677094 -0.00155261994745 0.0178243890939 0.0106517611421 0.0246286226519 0.0237840615744 0.033504225314 0.0255673979021 0.0596052792535 0.0046601655859 0.010719426863 
-0.0125578620305 0.0333024762291 0.0303143548726 0.0194860616228 0.0367105732547 0.026894234942 0.0652267165762 0.0642977193511 0.0513964119109 0.0406689430382 0.0503463672215 0.0737590092375 0.0149956445827 0.0352443116732 0.00961109035304 0.0248580480901 0.0308882564202 0.0145667879051 -0.0162109943781 0.049424591346 0.0026451269664 0.0171643924935 0.0256184799881 0.039029098798 0.024915041537 0.0395104651533 0.0229078952566 0.0214744820326 0.0203731096512 0.0278046017841 0.0465857055543 0.0153948657504 0.452019584244 0.0482209633276 0.0323471215121 0.0157405794352 0.0473021535285 0.0778655012434 0.00799468283807 -0.011212874961 0.0304490078782 0.0124985507119 0.0249269169795 0.0410823778876 0.015694766933 0.00317051431285 0.0594223627568 0.0214765248056 -0.00597920497185 0.0156776528092 0.0457629969266 0.000656371455806 0.0137784396786 0.0134882682763 0.0457299636847 0.018766938799 0.0521280486288 0.0273637791079 0.0406261087571 0.040162707662 
0.00379259085103 0.0159510724308 0.0168394541357 0.0506862708322 0.0110626106428 0.0103827078781 0.0367642665227 0.009438554192 0.108018779428 0.0803271417904 0.00456116635961 -0.00615242356533 0.0174659787615 0.00131135865003 -0.0033272575148 -0.00899923513615 -0.0176871850629 0.0151862995776 0.00368999987682 0.0224473121362 0.00270239769872 0.0183789565042 -0.00540284384903 0.0175991559166 -0.00354846054064 0.0517088659842 0.0161224494099 0.00498192445564 0.00408257102902 0.0132547425233 -0.00665751756829 0.00511111712276 0.0482209633276 0.208389506563 0.0251102335819 0.0213566884034 0.00798436631848 0.0147733113468 0.00480063085953 -0.00419429890639 0.0105884463121 -0.00964230513767 0.0105752673791 0.0328951823166 -0.00162518817057 -0.00178360076149 0.022501686808 0.00912921171255 0.0184510940617 -0.00617865018025 0.0225949083817 0.00954119854852 -0.00126739487694 0.027334329652 0.0938678745562 -0.0129044011895 0.0127498307726 0.0176492186836 0.0258267669803 0.00770927466987 
0.0100513028056 0.0135148914539 -0.00347086312591 0.0387883138505 0.00269595604329 0.0103061521577 0.0178828623837 0.00976215604337 0.0350555247123 0.0190127058779 0.0202568866254 0.0216961802737 0.00651795564895 0.00818050595855 -0.00249482734312 0.0035181988313 -0.00186420497094 0.0166221021204 0.0152866013137 0.0272789522503 0.0057905101055 0.0489901277656 0.00663942200346 0.00569006167475 0.0223267438051 0.00993252391772 0.0347189367017 0.0113480158533 -0.00383654100346 0.00255468954805 0.0226484787509 0.0307704177772 0.0323471215121 0.0251102335819 0.157568217583 0.00425812726554 0.010704385327 0.0250267271291 0.0175228715837 0.0144328127998 -0.00147158760272 0.0110185912145 0.0111868383952 0.0136815575359 0.00779320651809 0.00505795443913 0.0141076088969 0.0165697697931 0.0102276173876 0.0158261230375 0.0128607861428 0.000816354293732 0.00374203302553 -0.000821480391079 0.0374219471393 0.0103659031493 0.0215057765192 0.0161972339454 0.0197508710893 0.00890806359852 
-0.000292846664688 0.011975512344 0.0227714309564 0.0209232924921 0.0184510868129 0.00122448351916 0.0166977687768 -0.0102149452128 0.0210866586375 0.0169907104716 0.0534189738303 0.013007073504 0.0299331246874 0.0136970082904 0.0171631039833 0.00578034240588 0.00904239908936 0.00481556021264 -0.00328664851132 0.00258108514072 -0.00683220001887 0.0139301708104 -0.000232760861537 -0.0114089420687 0.0168683772793 -0.0272711862797 -0.00566397427516 0.0198783578881 0.0217036978708 0.046147173011 0.0180774331208 0.0195576713596 0.0157405794352 0.0213566884034 0.00425812726554 0.224862519124 0.0311783121588 -0.00700045108857 0.00386863476371 -0.000303357601995 0.0112987053675 -0.000220097333363 0.015430187019 0.00565568029694 -0.000328941836045 0.010857085249 -0.00200012513601 -0.000711420711822 0.0134164341331 0.000946661964743 0.0214688290556 -0.0107497684864 0.00458336579476 0.0229332267216 0.00610414659296 -0.00178544378485 0.00970006055978 0.00868857774776 0.0226207574795 0.0159099585528 
0.0311094223142 0.0245290828955 0.0155667409619 0.0143558126289 0.0595007205475 0.0137640697642 0.0258408932468 0.0230442084841 -0.0119194539132 0.000867481049696 0.0117734719461 0.0129221023251 0.0295059161886 -0.000483060198146 -0.0124404178158 0.010050704181 0.00264987532968 -0.000142584953524 0.0159438454486 0.0442640037969 0.043108376964 0.0219874701864 0.022385796977 -1.85336193657e-06 0.0267247496337 0.0259293915462 -0.00603119597364 0.0738510885222 0.0261662914159 0.0408534464759 0.0281146751506 0.0464849538477 0.0473021535285 0.00798436631848 0.010704385327 0.0311783121588 0.418099717966 0.0289119049284 0.0154688525181 0.0334148881303 0.0116321928021 0.0130786045897 0.0193157013211 0.0290387067097 0.00487826040038 0.00477188569129 0.126793245458 0.0238020207897 0.00204425292681 0.0363602302686 0.00313631553135 0.018909917148 0.0293332628287 0.0998922593469 0.0121890597432 0.0416757376897 0.0219848055189 0.0158849516171 0.0229269370738 0.0288676548538 
0.0194060955897 0.0247244676697 0.0126089582159 0.0205832134388 0.014848017427 0.0120796200304 0.0278562407723 0.0236016980551 0.0177742516894 0.0183768119379 0.0133935498839 0.0170710333984 0.0176458929313 0.0135538235243 0.0201277901315 0.0103862529092 0.0275095706698 0.0154265067003 0.0123462945072 0.0620398689224 -0.00435739620421 0.0274602063325 0.0152250944756 0.0208924618621 0.0211666563162 0.0331827258289 0.0101932423866 0.0252810975745 0.0389216272857 0.00293901819593 0.0112397050168 0.0149987491691 0.0778655012434 0.0147733113468 0.0250267271291 -0.00700045108857 0.0289119049284 0.221712078654 0.00154315181372 0.0216086570678 0.0158175921781 0.0236793729566 0.0208394456717 0.0266463645298 0.0354405263908 0.00831555811316 0.00875226941663 0.0127837455845 0.021666056344 0.0072242464411 0.0227394034842 0.0248520197932 0.0281311395189 0.00963172613657 0.0384580866264 0.0307511243782 -0.000838992591719 0.0241019175547 0.0300016142884 -0.00533643153092 
0.190656876129 -0.0046268477418 0.00371412779784 0.0184984327658 0.0148421975744 0.0176828020484 0.00596336493494 0.00159959981849 0.0245214680673 0.0146207564215 0.0334679624934 0.0106603101352 0.00857053946432 -0.00144891410734 0.000245342108163 0.0113899161034 -0.025866840273 0.00389824315976 0.0217690742146 0.013725195074 0.00593128046835 0.0187156992749 -0.0121618667066 0.0313728777767 0.0113169065175 0.00485385667117 0.0185303687994 0.00857215146235 -0.00233298770154 0.0382605978059 0.00464607088505 0.0200381948531 0.00799468283807 0.00480063085953 0.0175228715837 0.00386863476371 0.0154688525181 0.00154315181372 0.453920905795 0.0515756941996 0.0316049840321 -0.0082893522869 0.0159273853349 -0.00122511105634 0.0259367744356 0.00673040430377 -0.000323817256511 -0.01611642145 -0.0133654376007 0.00853545986791 0.00894907200949 -0.00643177904803 -0.00346002026007 0.00761947263135 0.0184422179053 0.0432617262182 -0.0296354865567 -0.00524680710639 0.00571884966467 0.0312275603617 
