30
0.0623269012124 -0.0142899737039 0.0649972461493 0.025637758891 0.0202129727645 0.191301962015 0.275152850517 0.143828325424 0.0123351660469 0.0566217234647 0.0914492870129 0.00496789573306 0.0524452719686 0.0826231173305 0.109959402945 0.065309734793 0.12260521459 0.0367129888202 0.0797862135264 0.0402434153999 0.0160420823192 0.0328562524986 0.0907505897935 0.0940944116816 0.0916609470377 0.0142076594304 0.0798623823862 0.0381517477001 0.101022755506 0.035272852014 
0.256490360239 0.0140945770882 0.0241270150233 0.041832547587 0.0221920513734 0.0123549534976 0.0130100659751 -0.0025913377047 0.0234672712767 0.0352443849355 0.0668991102072 0.0119704428569 0.0334348222629 0.00784942515598 0.0203942616516 0.0226268667373 0.0514478369897 0.0183411226434 0.036319433855 0.017383341363 0.0480987083848 0.0159615472246 0.024187822385 0.0129636752502 0.0136780192723 0.0306041662667 0.0390107359321 0.0313861498354 0.0051175471236 0.0250056277789 
0.0140945770882 0.188292219973 -0.00402401124734 0.0162983287335 0.0252935002823 0.008036264585 0.000701409792923 0.0108843572878 0.00790367651596 0.0218077180074 0.0220929967804 0.00884994716467 0.00639136644494 0.022252165775 0.0353359150529 0.0198783688036 0.018462826638 0.003339999252 0.0357590726874 0.0146194593473 0.0127702324344 -0.00222559542877 0.0202325704193 0.0375352051166 -0.010848620978 0.0129871090831 0.00090745543799 0.0195524462113 0.00698668823999 0.0213023604351 
0.0241270150233 -0.00402401124734 0.2770172575 0.0347271080495 0.019695134559 0.0238839573622 -0.0695861088677 7.45409993425e-05 0.0035374782735 0.0305070915573 0.0337965280646 0.0232566347152 0.0314793331616 0.0263269813027 0.0351265458041 0.00731254046027 0.0372380677754 0.0342996785068 0.0138528717995 0.0164210332964 0.0131573948878 0.00579049683289 0.0214928256004 0.0106641995662 -0.00978178061898 0.00392626042292 -0.00227346341848 0.029722234065 -0.0121329912987 0.0262235826048 
0.041832547587 0.0162983287335 0.0347271080495 0.267462011685 0.0466403393425 0.00635564612874 -0.0124126407395 0.00475820815902 0.00521211006716 0.0150879986663 0.00594691174987 -0.00069346773478 0.024855724018 0.0266305878346 0.0243080108528 0.00106118055821 0.034494577208 0.0331212604019 0.0120198904577 0.00432212931646 0.0518031179737 0.00324613634505 -0.000338520882606 0.0239269318986 0.0440738294883 0.00430420650189 0.0339126304094 0.0450964609213 0.00185502942668 0.00994465643751 
0.0221920513734 0.0252935002823 0.019695134559 0.0466403393425 0.1989240258 0.0382507476165 -0.00558293619201 0.0153226072505 0.0164815938253 0.0320189045489 0.0482982515383 0.0219305015412 0.0625977856225 0.0278087805769 0.0278231770904 0.0341928868231 0.0255442303603 0.0449486338342 0.0165790539372 0.00278520393557 0.0125410309736 0.0231714180096 0.0163632428556 0.0374888831509 0.0344380935224 0.00684843281113 0.0182427988434 0.0116550335982 0.00553342833738 0.0132963725409 
0.0123549534976 0.008036264585 0.0238839573622 0.00635564612874 0.0382507476165 0.446311434039 0.00659476449503 0.00461020900622 0.0207783222928 0.0514796401921 0.0824776346174 0.0318615951307 0.00696744501564 0.00241692171135 0.0664361906278 0.0136398853173 0.0215856189099 0.0196924852081 0.0209889356015 0.0116625605962 0.0209843004157 0.0537642228112 0.0225315653246 0.0939538267896 0.0281005474192 0.00989394351538 0.0420197286516 0.0590236205893 -0.0431320845944 0.00883567275732 
0.0130100659751 0.000701409792923 -0.0695861088677 -0.0124126407395 -0.00558293619201 0.00659476449503 2.71851412334 -0.00422934990877 -0.00945908843302 0.000913201445574 -0.0273310612072 -0.00684476917071 0.0126559180162 0.012308822722 -0.0357276873959 -0.0156281361123 0.00194639606636 0.0131962066623 -0.021066309516 -0.00504419564717 -0.00362418668261 -0.0336972392453 -0.0111281391974 0.00060293350355 0.00419843157513 0.00430429706626 0.0524869216659 0.00367807078904 -0.0314187354676 -0.00385252127867 
-0.0025913377047 0.0108843572878 7.4540999343e-05 0.00475820815902 0.0153226072505 0.00461020900622 -0.00422934990877 0.604283947596 0.0271605302612 -0.00270036548591 0.0313361334169 -0.0173542138286 0.0230833948543 -6.75465572036e-06 0.0385800603993 -0.00210286647666 0.0315982801113 0.0291983776684 0.00270369124162 0.00628356857335 0.0187267518382 -0.00846929866794 0.0117915218542 -0.00484919805599 0.0118407106484 0.0126540716934 -0.0149163559087 -0.00217825334207 -0.00433864887002 0.0271799256669 
0.0234672712767 0.00790367651596 0.0035374782735 0.00521211006716 0.0164815938253 0.0207783222928 -0.00945908843302 0.0271605302612 0.226884077759 0.00945973594744 0.0243742714124 0.0082789356483 0.012389067363 0.00192270728323 0.00910435617569 -0.0200474052882 -0.00502796122994 -2.58521894978e-05 0.0159759740509 0.016988652782 0.0318685702271 0.0357643789562 0.00461841916602 0.0176255671232 0.010345814358 0.0117441573914 -0.00443714195223 0.00549166974059 -0.013065790608 0.0220689543363 
0.0352443849355 0.0218077180074 0.0305070915573 0.0150879986663 0.0320189045489 0.0514796401921 0.000913201445574 -0.00270036548591 0.00945973594744 0.194816527708 0.0607042709247 0.0382456121751 0.0325110190953 0.023061177892 0.0230374648029 0.0142019386664 0.0282556886389 0.0215079686426 0.0119120336194 0.00771607513013 0.0398757900999 0.0138272910328 0.0301580404083 0.020477193461 -0.00530971803476 0.0171797670403 0.028767338851 0.0193035913786 0.0193486880412 0.0219832632488 
0.0668991102072 0.0220929967804 0.0337965280646 0.00594691174987 0.0482982515383 0.0824776346174 -0.0273310612072 0.0313361334169 0.0243742714124 0.0607042709247 0.460815576183 0.0226734518806 0.0834394484576 0.0592729489381 0.0732027526128 0.04290782486 0.0513513443273 0.0487159284616 0.0497256330647 0.028626522657 0.051851476066 0.033397094295 0.0115032012462 0.0511946015655 0.0185501362331 0.00568111763801 0.0839132879067 0.0195416808428 0.0435943199715 0.0140849951452 
0.0119704428569 0.00884994716467 0.0232566347152 -0.00069346773478 0.0219305015412 0.0318615951307 -0.00684476917072 -0.0173542138286 0.00827893564829 0.0382456121751 0.0226734518806 0.178806572061 -0.00338307276891 0.0106739061003 0.0126686367859 0.00646565055575 0.0207221288831 0.0128427814947 0.00685156360969 0.0144307186204 0.0332455365407 0.0240769104259 0.00780867370827 0.0179915254949 0.00555331826841 0.0087439082525 0.061711236291 -0.0114163935635 0.0184975974375 0.00171505386284 
0.0334348222629 0.00639136644494 0.0314793331616 0.024855724018 0.0625977856225 0.00696744501564 0.0126559180162 0.0230833948543 0.012389067363 0.0325110190953 0.0834394484576 -0.00338307276891 0.25850302463 0.0210672116609 0.0213650095431 0.0599320634094 0.0237134188192 0.0367379532578 0.00285208683067 0.0127112433682 0.0222798663391 0.0163740862418 0.0158507372337 0.0265316162407 0.0199260115616 0.0185631888958 0.011046728321 0.0182474740747 0.0140753443304 0.0144660079111 
0.00784942515598 0.022252165775 0.0263269813027 0.0266305878346 0.0278087805769 0.00241692171135 0.012308822722 -6.75465572089e-06 0.00192270728323 0.023061177892 0.0592729489381 0.0106739061003 0.0210672116609 0.204341601127 0.0193953857547 0.0118760233994 0.000476152776741 0.0376258842828 0.0131875562185 0.0132181052808 0.0193635492061 0.00850613764665 0.0170144822136 0.0304191751076 0.0109223835205 3.51391565712e-05 0.00302355977602 -0.00308102402278 -0.00277173469353 0.0115673790062 
0.0203942616516 0.0353359150529 0.0351265458041 0.0243080108528 0.0278231770904 0.0664361906278 -0.0357276873959 0.0385800603993 0.00910435617569 0.0230374648029 0.0732027526128 0.0126686367859 0.0213650095431 0.0193953857547 0.395469461846 -0.0154782896418 0.0481149510133 0.0205884700291 0.0100490459756 0.021607554069 0.039187635003 0.0293835721027 0.031556994449 0.0768552112903 0.051055834416 0.0235399280438 0.0237303398561 0.0344659811833 0.0266566999384 0.00551062172309 
0.0226268667373 0.0198783688036 0.00731254046027 0.00106118055821 0.0341928868231 0.0136398853173 -0.0156281361123 -0.00210286647666 -0.0200474052882 0.0142019386664 0.04290782486 0.00646565055575 0.0599320634094 0.0118760233994 -0.0154782896418 0.313039155771 0.0302894512214 0.0192638342203 0.0116788591193 0.0118169241776 -0.00258913135382 0.014260906034 0.0276665345378 0.0289301678192 0.0194006767669 -0.000535222635794 0.018369980715 0.0394409110737 -0.0147826536798 0.0487923711053 
0.0514478369897 0.018462826638 0.0372380677754 0.034494577208 0.0255442303603 0.0215856189099 0.00194639606636 0.0315982801113 -0.00502796122994 0.0282556886389 0.0513513443273 0.0207221288831 0.0237134188192 0.000476152776741 0.0481149510133 0.0302894512214 0.206778780569 0.0410830019047 0.0338969917319 0.0110324108924 0.0392319040671 0.0169815202873 0.0161446737891 0.0473033809356 0.00425196347382 0.0018248720024 0.0366314079862 0.0204831341726 0.000898698329405 0.0139859787119 
0.0183411226434 0.003339999252 0.0342996785068 0.0331212604019 0.0449486338342 0.0196924852081 0.0131962066623 0.0291983776684 -2.58521894978e-05 0.0215079686426 0.0487159284616 0.0128427814947 0.0367379532578 0.0376258842828 0.0205884700291 0.0192638342203 0.0410830019047 0.288185648982 0.0249768879717 0.0283351715956 0.0423708281687 0.0602504631181 0.0353382569438 0.0241578646324 0.0116744349796 0.00887760344335 0.0133695674771 0.0218597555758 0.00365563669728 0.0271480833381 
0.036319433855 0.0357590726874 0.0138528717995 0.0120198904577 0.0165790539372 0.0209889356015 -0.021066309516 0.00270369124162 0.0159759740509 0.0119120336194 0.0497256330647 0.00685156360969 0.00285208683067 0.0131875562185 0.0100490459756 0.0116788591193 0.0338969917319 0.0249768879717 0.243418041146 0.0165337274312 0.0487191110302 0.0198319161915 0.0250179124127 0.0219266872443 0.00198186242591 0.001180027745 -0.00254548505971 0.0175546984286 0.0220508033261 0.0098698190801 
0.017383341363 0.0146194593473 0.0164210332964 0.00432212931646 0.00278520393557 0.0116625605962 -0.00504419564717 0.00628356857334 0.016988652782 0.00771607513013 0.028626522657 0.0144307186204 0.0127112433682 0.0132181052808 0.021607554069 0.0118169241776 0.0110324108924 0.0283351715956 0.0165337274312 0.138443376713 0.0125311359306 0.00779742888485 0.028430290596 -0.00228138407863 -0.0118395219275 0.0272206364112 -0.0166658693034 0.0148700134402 0.00402637902801 0.0344911253006 
0.0480987083848 0.0127702324344 0.0131573948878 0.0518031179737 0.0125410309736 0.0209843004157 -0.00362418668261 0.0187267518382 0.0318685702271 0.0398757900999 0.051851476066 0.0332455365407 0.0222798663391 0.0193635492061 0.039187635003 -0.00258913135382 0.0392319040671 0.0423708281687 0.0487191110302 0.0125311359306 0.172042598097 0.020495637783 0.0219877592092 0.0307044201641 0.0107458909208 0.00552401173521 0.0169835991573 0.0106929823779 0.0150537738365 0.0170695271307 
0.0159615472246 -0.00222559542877 0.00579049683289 0.00324613634505 0.0231714180096 0.0537642228112 -0.0336972392453 -0.00846929866794 0.0357643789562 0.0138272910328 0.033397094295 0.0240769104259 0.0163740862418 0.00850613764665 0.0293835721027 0.014260906034 0.0169815202873 0.0602504631181 0.0198319161915 0.00779742888485 0.020495637783 0.318758534043 0.0173990431429 0.0580741549004 0.0180776925724 0.000803908008696 0.0433176878172 0.0220294351173 0.000760256390837 -0.00184644034485 
0.024187822385 0.0202325704193 0.0214928256004 -0.000338520882606 0.0163632428556 0.0225315653246 -0.0111281391974 0.0117915218542 0.00461841916602 0.0301580404083 0.0115032012462 0.00780867370827 0.0158507372337 0.0170144822136 0.031556994449 0.0276665345378 0.0161446737891 0.0353382569438 0.0250179124127 0.028430290596 0.0219877592092 0.0173990431429 0.342159805089 0.0403174255501 -0.0135225419037 0.0208862050546 -0.023912202734 -0.00965405189536 0.0306700022009 0.0260153754659 
0.0129636752502 0.0375352051166 0.0106641995662 0.0239269318986 0.0374888831509 0.0939538267896 0.00060293350355 -0.00484919805599 0.0176255671232 0.020477193461 0.0511946015655 0.0179915254949 0.0265316162407 0.0304191751076 0.0768552112903 0.0289301678192 0.0473033809356 0.0241578646324 0.0219266872443 -0.00228138407863 0.0307044201641 0.0580741549004 0.0403174255501 0.356538753051 0.0269360348254 -0.00316374274037 0.0160281919455 0.046825091996 0.0144978796667 -0.0137451892797 
0.0136780192723 -0.010848620978 -0.00978178061898 0.0440738294883 0.0344380935224 0.0281005474192 0.00419843157513 0.0118407106484 0.010345814358 -0.00530971803476 0.0185501362331 0.00555331826841 0.0199260115616 0.0109223835205 0.051055834416 0.0194006767669 0.00425196347382 0.0116744349796 0.00198186242591 -0.0118395219275 0.0107458909208 0.0180776925724 -0.0135225419037 0.0269360348254 0.435922286201 -9.10768078606e-05 0.0210265156758 0.00999031952795 0.0147055740081 -0.000498460004263 
0.0306041662667 0.0129871090831 0.00392626042292 0.00430420650189 0.00684843281113 0.00989394351539 0.00430429706626 0.0126540716934 0.0117441573914 0.0171797670403 0.00568111763801 0.0087439082525 0.0185631888958 3.51391565712e-05 0.0235399280438 -0.000535222635794 0.0018248720024 0.00887760344335 0.001180027745 0.0272206364112 0.00552401173521 0.000803908008696 0.0208862050546 -0.00316374274037 -9.10768078605e-05 0.124188426096 -0.0103774374416 0.00425303616932 0.0372311948423 0.017167761532 
0.0390107359321 0.000907455437989 -0.00227346341848 0.0339126304094 0.0182427988434 0.0420197286516 0.0524869216659 -0.0149163559087 -0.00443714195223 0.028767338851 0.0839132879067 0.061711236291 0.011046728321 0.00302355977602 0.0237303398561 0.018369980715 0.0366314079862 0.0133695674771 -0.00254548505971 -0.0166658693034 0.0169835991573 0.0433176878172 -0.023912202734 0.0160281919455 0.0210265156758 -0.0103774374416 0.412364886068 -0.00426121998029 -0.00316202524885 0.0195943532757 
0.0313861498354 0.0195524462113 0.029722234065 0.0450964609213 0.0116550335982 0.0590236205893 0.00367807078904 -0.00217825334207 0.00549166974059 0.0193035913786 0.0195416808428 -0.0114163935635 0.0182474740747 -0.00308102402278 0.0344659811833 0.0394409110737 0.0204831341726 0.0218597555758 0.0175546984286 0.0148700134402 0.0106929823779 0.0220294351173 -0.00965405189536 0.046825091996 0.00999031952795 0.00425303616932 -0.00426121998029 0.3399364664 0.00868648632481 0.0167204400194 
0.0051175471236 0.00698668823999 -0.0121329912987 0.00185502942668 0.00553342833738 -0.0431320845944 -0.0314187354676 -0.00433864887002 -0.013065790608 0.0193486880412 0.0435943199715 0.0184975974375 0.0140753443304 -0.00277173469353 0.0266566999384 -0.0147826536798 0.000898698329405 0.00365563669728 0.0220508033261 0.00402637902801 0.0150537738365 0.000760256390837 0.0306700022009 0.0144978796667 0.0147055740081 0.0372311948423 -0.00316202524885 0.00868648632481 0.467589654038 0.0203319856239 
0.0250056277789 0.0213023604351 0.0262235826048 0.00994465643751 0.0132963725409 0.00883567275732 -0.00385252127867 0.0271799256669 0.0220689543363 0.0219832632488 0.0140849951452 0.00171505386284 0.0144660079111 0.0115673790062 0.00551062172309 0.0487923711053 0.0139859787119 0.0271480833381 0.0098698190801 0.0344911253006 0.0170695271307 -0.00184644034485 0.0260153754659 -0.0137451892797 -0.000498460004263 0.017167761532 0.0195943532757 0.0167204400194 0.0203319856239 0.272440402059 
0.0222127167792 0.0012206261814 0.00208946079276 0.00362280489154 0.00192188802514 0.00106997035915 0.00112670476393 -0.000224416428205 0.00203232530831 0.00305225326949 0.005793632893 0.00103667076086 0.00289554054507 0.000679780159018 0.00176619486817 0.00195954414025 0.00445551338029 0.00158838781431 0.00314535523695 0.00150544152231 0.00416547033504 0.00138231053802 0.00209472686476 0.00112268720931 0.00118455121633 0.00265039854486 0.00337842883376 0.00271812030845 0.00044319258141 0.00216555088941 
0.0012206261814 0.0163065845831 -0.000348489596531 0.00141147667224 0.00219048137951 0.000695960928214 6.07438699134e-05 0.000942612991512 0.000684478464612 0.0018886037793 0.00191330964575 0.000766427906675 0.000553508570622 0.00192709408504 0.00306018001018 0.00172151723697 0.00159892768941 0.000289252420085 0.0030968265363 0.00126608231843 0.00110593457004 -0.000192742217986 0.00175219199669 0.00325064411672 -0.000939518136297 0.00112471663877 7.85879462101e-05 0.00169329151251 0.000605064950416 0.00184483852974 
0.00208946079276 -0.000348489596531 0.0239903982282 0.00300745577708 0.0017056486859 0.00206841138186 -0.006026333803 6.4554399054e-06 0.000306354605019 0.00264199162842 0.00292686518637 0.00201408364699 0.00272619022121 0.00227998346131 0.00304204810135 0.00063328458048 0.00322491126813 0.00297043929285 0.00119969388937 0.00142210319911 0.00113946382204 0.000501471735782 0.00186133329691 0.000923546773532 -0.000847127051029 0.000340024126812 -0.000196887707498 0.00257402097575 -0.00105074786885 0.0022710288714 
0.00362280489154 0.00141147667224 0.00300745577708 0.0231628896667 0.00403917187117 0.000550415100495 -0.00107496622084 0.000412072914221 0.000451381972548 0.00130665901373 0.000515017664945 -6.00560675024e-05 0.0021525688429 0.00230627655825 0.0021051354914 9.19009321411e-05 0.0029873180155 0.00286838529134 0.00104095304871 0.000374307378649 0.00448628161605 0.000281123653896 -2.93167684048e-05 0.00207213308588 0.00381690559789 0.000372755217377 0.00293691994437 0.00390546807786 0.000160650260828 0.000861232510679 
0.00192188802514 0.00219048137951 0.0017056486859 0.00403917187117 0.0172273259766 0.00331261191497 -0.000483496456999 0.00132697671311 0.00142734789476 0.00277291847407 0.00418275127905 0.00189923714524 0.00542112725698 0.00240831104279 0.00240955781743 0.00296119086175 0.00221219524121 0.00389266587658 0.00143578818804 0.000241205736293 0.00108608514128 0.00200670366381 0.00141709840013 0.00324663251682 0.00298242638483 0.000593091679055 0.00157987272345 0.0010093555178 0.000479208951019 0.00115149963986 
0.00106997035915 0.000695960928214 0.00206841138186 0.000550415100495 0.00331261191497 0.0386517039877 0.000571123358467 0.000399255811614 0.00179945549536 0.00445826761841 0.00714277268228 0.00275929507883 0.000603398438302 0.000209311560099 0.00575354288144 0.00118124871895 0.00186936943324 0.00170541924538 0.00181769514293 0.00101000737495 0.00181729372406 0.00465611827692 0.00195129079582 0.00813664007826 0.00243357879253 0.000856840642793 0.00363901524725 0.00511159548536 -0.0037353480977 0.000765191706736 
0.00112670476393 6.07438699134e-05 -0.006026333803 -0.00107496622084 -0.000483496456999 0.000571123358467 0.235430229136 -0.000366272446249 -0.000819181087964 7.9085565064e-05 -0.00236693933178 -0.000592774398488 0.00109603465102 0.0010659753168 -0.00309410849033 -0.0013534362887 0.00016856284393 0.00114282502031 -0.00182439592048 -0.000436840157211 -0.00031386377352 -0.00291826652239 -0.000963725124177 5.22155730867e-05 0.000363594840011 0.000372763060482 0.00454550075291 0.000318530274023 -0.00272094230698 -0.000333638129595 
-0.000224416428205 0.000942612991512 6.45543990545e-06 0.000412072914221 0.00132697671311 0.000399255811614 -0.000366272446249 0.0523325249717 0.00235217091865 -0.00023385851103 0.00271378875954 -0.00150291900383 0.00199908063494 -5.84970344765e-07 0.00334113123853 -0.000182113578955 0.00273649132923 0.00252865368101 0.000234146529923 0.000544173001094 0.00162178428222 -0.000733462779868 0.0010211757475 -0.000419952870447 0.00102543562204 0.00109587475478 -0.00129179431488 -0.000188642273011 -0.000375738013954 0.00235385061005 
0.00203232530831 0.000684478464612 0.000306354605019 0.000451381972548 0.00142734789476 0.00179945549536 -0.000819181087964 0.00235217091865 0.0196487375054 0.000819237164357 0.00211087382419 0.000716976858772 0.00107292470656 0.000166511335132 0.000788460373325 -0.00173615622596 -0.000435434215437 -2.23886528485e-06 0.00138355993783 0.00147126048853 0.0027598991399 0.00309728607266 0.00039996683231 0.00152641888848 0.000895973805686 0.0010170738647 -0.000384267765083 0.000475592550455 -0.0011315306587 0.00191122750902 
0.00305225326949 0.0018886037793 0.00264199162842 0.00130665901373 0.00277291847407 0.00445826761841 7.9085565064e-05 -0.00023385851103 0.000819237164357 0.0168716062072 0.0052571440739 0.00331216717269 0.00281553684394 0.00199715658957 0.00199510297581 0.00122992396681 0.00244701441627 0.00186264472283 0.00103161237251 0.00066823170802 0.00345334472225 0.00119747852999 0.00261176291219 0.00177337697354 -0.000459835070503 0.0014878114688 0.00249132462443 0.00167174005182 0.00167564553736 0.00190380644315 
0.005793632893 0.00191330964575 0.00292686518637 0.000515017664945 0.00418275127905 0.00714277268228 -0.00236693933178 0.00271378875954 0.00211087382419 0.0052571440739 0.0399077995434 0.00196357853201 0.0072260682042 0.00513318795376 0.00633954433896 0.00371592663499 0.0044471568706 0.00421892316167 0.00430636614533 0.0024791295843 0.00449046954968 0.00289227320721 0.000996206450407 0.00443358254924 0.00160648892215 0.00049199921964 0.00726710390423 0.00169235920425 0.0037753788556 0.0012197963608 
0.00103667076086 0.000766427906675 0.00201408364699 -6.00560675024e-05 0.00189923714524 0.00275929507883 -0.000592774398488 -0.00150291900383 0.000716976858772 0.00331216717269 0.00196357853201 0.0154851033769 -0.000292982696073 0.000924387384045 0.00109713612879 0.000559941763328 0.00179458900332 0.00111221750297 0.000593362814163 0.00124973689201 0.00287914792067 0.00208512160735 0.000676250980122 0.00155811181314 0.000480931469574 0.000757244667502 0.00534434983269 -0.000988688684563 0.00160193892898 0.000148528021408 
0.00289554054507 0.000553508570622 0.00272619022121 0.0021525688429 0.00542112725698 0.000603398438302 0.00109603465102 0.00199908063494 0.00107292470656 0.00281553684394 0.0072260682042 -0.000292982696073 0.0223870186284 0.00182447404852 0.00185026410164 0.00519026894137 0.0020536423108 0.00318160008043 0.000246997964916 0.00110082596705 0.00192949302426 0.00141803746492 0.00137271411131 0.00229770536679 0.00172564322085 0.0016076193159 0.00095667473547 0.00158027761036 0.00121896057571 0.00125279303424 
0.000679780159018 0.00192709408504 0.00227998346131 0.00230627655825 0.00240831104279 0.000209311560099 0.0010659753168 -5.84970344811e-07 0.000166511335132 0.00199715658957 0.00513318795376 0.000924387384045 0.00182447404852 0.0176965017626 0.00167968967798 0.00102849379598 4.1236040074e-05 0.00325849716288 0.00114207586991 0.00114472149631 0.00167693255199 0.000736653129009 0.00147349738292 0.00263437784053 0.00094590615986 3.04314022582e-06 0.000261847957589 -0.00026682450734 -0.000240039265715 0.00100176440746 
0.00176619486817 0.00306018001018 0.00304204810135 0.0021051354914 0.00240955781743 0.00575354288144 -0.00309410849033 0.00334113123853 0.000788460373325 0.00199510297581 0.00633954433896 0.00109713612879 0.00185026410164 0.00167968967798 0.034248660038 -0.00134045920369 0.00416687698794 0.00178301380702 0.000870272909869 0.00187126907374 0.00339374874268 0.00254469198949 0.00273291588599 0.00665585653906 0.00442156496157 0.00203861756892 0.00205510771558 0.00298484152711 0.00230853793278 0.000477233840285 
0.00195954414025 0.00172151723697 0.00063328458048 9.19009321411e-05 0.00296119086175 0.00118124871895 -0.0013534362887 -0.000182113578955 -0.00173615622596 0.00122992396681 0.00371592663499 0.000559941763328 0.00519026894137 0.00102849379598 -0.00134045920369 0.0271099861277 0.00262314342244 0.00166829698091 0.00101141886845 0.00102337565324 -0.000224225352614 0.00123503069064 0.00239599217444 0.00250542602672 0.00168014789307 -4.63516399278e-05 0.00159088699663 0.00341568309382 -0.00128021536221 0.00422554328881 
0.00445551338029 0.00159892768941 0.00322491126813 0.0029873180155 0.00221219524121 0.00186936943324 0.00016856284393 0.00273649132923 -0.000435434215437 0.00244701441627 0.0044471568706 0.00179458900332 0.0020536423108 4.1236040074e-05 0.00416687698794 0.00262314342244 0.0179075676936 0.00355789233132 0.00293556559517 0.000955434809785 0.0033975825561 0.00147064279637 0.00139816976372 0.00409659295751 0.000368230838429 0.000158038551274 0.00317237298925 0.00177389145426 7.78295583603e-05 0.00121122128613 
0.00158838781431 0.000289252420085 0.00297043929285 0.00286838529134 0.00389266587658 0.00170541924538 0.00114282502031 0.00252865368101 -2.23886528485e-06 0.00186264472283 0.00421892316167 0.00111221750297 0.00318160008043 0.00325849716288 0.00178301380703 0.00166829698091 0.00355789233132 0.0249576093025 0.0021630619491 0.00245389784224 0.00366942135735 0.005217843165 0.00306038282388 0.00209213244728 0.00101103572672 0.000768823010666 0.00115783850728 0.00189311036492 0.000316587424685 0.00235109298349 
0.00314535523695 0.0030968265363 0.00119969388937 0.00104095304871 0.00143578818804 0.00181769514293 -0.00182439592048 0.000234146529923 0.00138355993783 0.00103161237251 0.00430636614533 0.000593362814163 0.000246997964916 0.00114207586991 0.000870272909869 0.00101141886845 0.00293556559517 0.0021630619491 0.0210806207371 0.00143186279747 0.00421919878019 0.00171749432276 0.00216661476991 0.00189890681744 0.000171634320764 0.000102193400434 -0.000220445472667 0.00152028147949 0.00190965558543 0.000854751405412 
0.00150544152231 0.00126608231843 0.00142210319911 0.000374307378649 0.000241205736293 0.00101000737495 -0.000436840157211 0.000544173001094 0.00147126048853 0.00066823170802 0.0024791295843 0.00124973689201 0.00110082596705 0.00114472149631 0.00187126907374 0.00102337565324 0.000955434809785 0.00245389784224 0.00143186279747 0.0119895481219 0.00108522820542 0.000675277149848 0.00246213538931 -0.000197573656788 -0.00102533267579 0.00235737626393 -0.00144330661929 0.00128778093938 0.000348694652352 0.00298701907155 
0.00416547033504 0.00110593457004 0.00113946382204 0.00448628161605 0.00108608514128 0.00181729372406 -0.00031386377352 0.00162178428222 0.0027598991399 0.00345334472225 0.00449046954968 0.00287914792067 0.00192949302426 0.00167693255199 0.00339374874268 -0.000224225352614 0.0033975825561 0.00366942135735 0.00421919878019 0.00108522820542 0.0148993260485 0.00177497429869 0.00190419580475 0.00265908078706 0.000930621452367 0.000478393449349 0.00147082283179 0.000926039438148 0.00130369505652 0.00147826441258 
0.00138231053802 -0.000192742217986 0.000501471735782 0.000281123653896 0.00200670366381 0.00465611827692 -0.00291826652239 -0.000733462779868 0.00309728607266 0.00119747852999 0.00289227320721 0.00208512160735 0.00141803746492 0.000736653129009 0.00254469198949 0.00123503069064 0.00147064279637 0.005217843165 0.00171749432276 0.000675277149848 0.00177497429869 0.0276052988154 0.00150680133633 0.00502936934471 0.00156557410095 6.96204757836e-05 0.00375142180829 0.00190780504426 6.58401347854e-05 -0.000159906424522 
0.00209472686476 0.00175219199669 0.00186133329691 -2.93167684048e-05 0.00141709840013 0.00195129079582 -0.000963725124177 0.0010211757475 0.00039996683231 0.00261176291219 0.000996206450407 0.000676250980122 0.00137271411131 0.00147349738292 0.00273291588599 0.00239599217444 0.00139816976372 0.00306038282388 0.00216661476991 0.00246213538931 0.00190419580475 0.00150680133633 0.0296319083361 0.00349159147416 -0.00117108648123 0.00180879841659 -0.00207085750281 -0.000836065419084 0.00265610010401 0.00225299760425 
0.00112268720931 0.00325064411672 0.000923546773532 0.00207213308588 0.00324663251682 0.00813664007826 5.22155730867e-05 -0.000419952870447 0.00152641888848 0.00177337697354 0.00443358254924 0.00155811181314 0.00229770536679 0.00263437784053 0.00665585653906 0.00250542602672 0.00409659295751 0.00209213244728 0.00189890681744 -0.000197573656788 0.00265908078706 0.00502936934471 0.00349159147416 0.0308771617576 0.0023327290436 -0.00027398815842 0.00138808214015 0.00405517192031 0.00125555320924 -0.00119036830961 
0.00118455121633 -0.000939518136297 -0.000847127051029 0.00381690559789 0.00298242638483 0.00243357879253 0.000363594840011 0.00102543562204 0.000895973805686 -0.000459835070503 0.00160648892215 0.000480931469574 0.00172564322085 0.00094590615986 0.00442156496157 0.00168014789307 0.000368230838429 0.00101103572672 0.000171634320764 -0.00102533267579 0.000930621452367 0.00156557410095 -0.00117108648123 0.0023327290436 0.0377519773926 -7.88748293029e-06 0.00182094967283 0.000865187050313 0.00127354006682 -4.31679026462e-05 
0.00265039854486 0.00112471663877 0.000340024126812 0.000372755217377 0.000593091679055 0.000856840642793 0.000372763060482 0.00109587475478 0.0010170738647 0.0014878114688 0.00049199921964 0.000757244667502 0.0016076193159 3.04314022582e-06 0.00203861756892 -4.63516399278e-05 0.000158038551274 0.000768823010666 0.000102193400434 0.00235737626393 0.000478393449349 6.96204757836e-05 0.00180879841659 -0.00027398815842 -7.88748293028e-06 0.0107550331855 -0.000898712445063 0.000368323736585 0.00322431605467 0.00148677176128 
0.00337842883376 7.85879462101e-05 -0.000196887707498 0.00293691994437 0.00157987272345 0.00363901524725 0.00454550075291 -0.00129179431488 -0.000384267765083 0.00249132462443 0.00726710390423 0.00534434983269 0.00095667473547 0.000261847957589 0.00205510771558 0.00159088699663 0.00317237298925 0.00115783850728 -0.000220445472667 -0.00144330661929 0.00147082283179 0.00375142180829 -0.00207085750281 0.00138808214015 0.00182094967283 -0.000898712445063 0.0357118466964 -0.000369032475404 -0.000273839419291 0.00169692077074 
0.00271812030845 0.00169329151251 0.00257402097575 0.00390546807786 0.0010093555178 0.00511159548536 0.000318530274023 -0.000188642273011 0.000475592550455 0.00167174005182 0.00169235920425 -0.000988688684563 0.00158027761036 -0.00026682450734 0.00298484152711 0.00341568309382 0.00177389145426 0.00189311036492 0.00152028147949 0.00128778093938 0.000926039438148 0.00190780504426 -0.000836065419084 0.00405517192031 0.000865187050313 0.000368323736585 -0.000369032475404 0.0294393615575 0.000752271782691 0.00144803258192 
0.00044319258141 0.000605064950416 -0.00105074786885 0.000160650260828 0.000479208951019 -0.0037353480977 -0.00272094230698 -0.000375738013954 -0.0011315306587 0.00167564553736 0.0037753788556 0.00160193892898 0.00121896057571 -0.000240039265715 0.00230853793278 -0.00128021536221 7.78295583603e-05 0.000316587424685 0.00190965558543 0.000348694652352 0.00130369505652 6.58401347854e-05 0.00265610010401 0.00125555320924 0.00127354006682 0.00322431605467 -0.000273839419291 0.000752271782691 0.0404944518944 0.00176080160597 
0.00216555088941 0.00184483852974 0.0022710288714 0.000861232510679 0.00115149963986 0.000765191706736 -0.000333638129595 0.00235385061005 0.00191122750902 0.00190380644315 0.0012197963608 0.000148528021408 0.00125279303424 0.00100176440746 0.000477233840285 0.00422554328881 0.00121122128613 0.00235109298349 0.000854751405412 0.00298701907155 0.00147826441258 -0.000159906424522 0.00225299760425 -0.00119036830961 -4.31679026462e-05 0.00148677176128 0.00169692077074 0.00144803258192 0.00176080160597 0.02359403092 

['AXP', 'CCU', 'SHW', 'AA', 'ETN', 'NVDA', 'PTV', 'SBUX', 'JNJ', 'ASN', 'KBH', 'AEP', 'IR', 'MWV', 'EBAY', 'GR', 'GS', 'S', 'COF', 'HNZ', 'HBAN', 'HPQ', 'ACE', 'MOT', 'FDX', 'PEP', 'APA', 'MXIM', 'CMX', 'BA']