50
0.00792878112812 0.0479071153807 0.0571686925308 0.0243185800675 0.0213104348082 0.0277880817415 0.123331646141 0.0564449965361 0.106356452037 0.105790735219 0.115739319126 0.0797862135264 0.0801839086902 0.0674926048947 0.0723241103927 0.0558285331973 0.0201569416701 0.00496789573306 0.158066549078 0.0952470994091 0.0331605059077 0.0948967479515 -0.0108233812146 0.0824662750087 0.0798623823862 0.036872425502 0.0415097954764 0.0839491815724 0.18030920859 0.0493870590102 0.0524263551757 0.0639224219563 0.102864057578 0.12260521459 0.0372282541949 0.00859756350963 0.134581744136 0.103166553638 0.0347685991573 0.0826231173305 0.0150252709272 0.0593939882808 0.0771685990004 0.0336878097659 0.190895055806 0.0637259516476 0.00753480783794 0.143553651187 0.0538940625226 0.0901624306535 
0.238888198328 0.00671293702683 -0.0016883370441 -0.00217478252515 0.0059466630309 0.015777993699 0.00255744917562 0.00493820512215 0.0163375235083 0.00653346660993 0.00942303468663 0.0142122023396 -0.0122217557842 0.0291066005386 0.00340416991945 0.0182725919547 0.00874769586307 0.00613685506674 0.00492238642461 0.0133892373523 0.00745250082217 0.0219293561782 0.00581275337578 0.0165816772939 0.00531555391563 -0.00291099849718 0.00909942993726 -0.0188952089876 0.0287221825781 0.00949693337329 0.0122187586536 0.0320495300191 0.00528046192922 0.00395592992351 0.0194077461687 0.000952645039743 0.00253811740992 0.00794086034297 0.0189739771576 0.0049301738312 0.0157719441356 0.00392893726419 0.0099066746751 0.00216543741895 -0.0102949840445 0.00947990421638 0.0336523538191 0.0237097481678 0.0304756512084 0.0142130687032 
0.00671293702683 0.234340553166 0.0110586438328 0.00392491737125 0.010102219303 0.00517663867554 0.00977737294891 0.0165326084471 0.030118038602 -0.00413568591295 0.0497499022311 0.0116325535743 0.0289157402679 0.0102596957457 0.0215930890688 0.00914785573958 0.0172408185751 0.0240344877835 0.0307972460974 0.0108157359624 0.0116271289389 0.0257158982166 0.00142104474868 0.0215413630394 0.0280223094603 0.0133842890799 0.0143595223682 0.0125103919141 0.00698303135087 0.000392729284527 0.000112527491484 0.00870334739452 0.00246131103175 0.00585162806341 0.011022948823 0.00762965739603 -0.00855272800828 0.000974214934343 0.00363753821182 0.0233912347928 0.0101225786071 0.016204978726 0.0283597074837 0.00680980080442 0.0187147672609 0.0223293490152 0.0130012684168 0.028308933501 0.00396805182159 -0.00296614897061 
-0.0016883370441 0.0110586438328 0.364106287466 -0.00332803790419 0.0383660125894 0.0157492507075 0.0373791076593 0.00936958872368 0.0157657421638 0.0144992240261 0.0202851614108 0.0168380410398 -0.00559376111232 -0.00943102631584 0.0142272621079 0.0380029666344 0.0267546773248 -0.00623334782622 0.00352131231272 0.0169702397994 -0.0165891310865 0.0102529940134 0.0101610037297 0.0090835983475 0.001955809142 0.0114857430018 -0.00233338110598 0.013014860849 0.0223247528694 0.000814245022082 0.00651200772268 0.0200180552152 0.00693298033653 0.0347213653168 0.0163428845745 0.023366373154 0.0638314806609 0.00648969116482 0.0070926417898 0.0173086471868 0.0176958399639 0.0231973572176 0.0142280824733 0.0299159344596 0.00462433135529 0.0173405605169 0.0257491172531 0.00542814148745 -0.0179811212222 0.0285960425653 
-0.00217478252515 0.00392491737125 -0.00332803790419 0.224837057621 0.00967772524463 0.00535334904424 0.0254414143208 0.01229457417 0.0304852532669 0.0320350722785 0.0135977536092 -0.0033153135041 0.00530316361398 0.000666320488436 0.0221307308284 -0.00250768919852 -0.0129115632137 0.00940449351351 0.019673331969 0.0239616353479 0.0154334842224 0.000721321237695 0.0169749604053 -0.0133257393953 -0.00101660477802 -0.00713118638854 0.0164176581468 -0.000471486068667 0.00790668706019 0.0271618052909 0.00543753205332 0.0262673549272 0.000591320368135 0.022141956126 0.010647775734 0.0149820722068 -0.00129719851383 0.00761649687538 0.00790267405047 0.0252263867918 0.00267096160713 -0.0173966591479 0.0260925614972 -0.0113266217095 -0.0131726731365 0.0107347599436 0.0131063621296 0.0203743992252 0.0276148749634 0.00822150331993 
0.0059466630309 0.010102219303 0.0383660125894 0.00967772524463 0.325736747221 0.0131928099238 0.0384075553133 -4.77345422724e-05 0.0174277722138 0.00421479831491 0.0247725873603 0.00698819871025 0.0532800153982 0.00846257625669 0.0341679395594 0.0208452579559 0.00329381517621 -0.0117002303908 0.00861698617897 0.00158938565243 -0.000270510220066 0.0297046457868 0.00424971629177 -0.0106387209282 -0.00803246376538 0.000157856671998 0.00926867892836 0.045874348879 0.000914479749423 -0.00314843665779 0.104973106979 0.0237657575821 0.0318337407735 -0.0043363676114 0.00292409994773 0.00539713902668 0.0492042542626 0.0269007652458 -0.000581367316298 0.0128096228034 0.0240872476893 0.00215531222433 0.0231143425101 0.0157072649347 0.0217019640187 0.030648896463 0.0191896654022 0.0381686865381 0.0173742449912 0.0348465285946 
0.015777993699 0.00517663867554 0.0157492507075 0.00535334904424 0.0131928099238 0.168273816353 0.0108806996034 0.0225827896418 0.0314031812749 -0.00898760676119 0.0141241687735 0.0265743986058 0.0164253350586 0.00849682434782 0.0139961473297 0.0231504828912 0.0158851455369 0.00831400399175 -0.00476727342291 0.0316798710627 0.0161987651203 0.0169139256815 0.0263892341418 -0.0096244175067 -0.00870034196319 0.019821105053 0.0159557412538 0.0281457012566 0.00990638776943 0.0237262478347 -0.00158272997185 0.0145969930716 0.00117824798987 0.00719761523346 0.00731822413789 0.0034585447463 0.0234690194673 0.0201973572838 0.0106905351032 0.0156789646191 0.027852560155 0.0139280974369 0.0322313926882 0.0117861709017 -0.000819925019232 0.00379536420544 0.00961668647147 0.0261239440946 -0.00102816154195 0.0130290851504 
0.00255744917562 0.00977737294891 0.0373791076593 0.0254414143208 0.0384075553133 0.0108806996034 0.421093343107 0.00718829570914 0.0712177226561 0.061556327543 0.0544972785192 0.0154193862008 0.014324639262 0.0333751983749 0.0277974908061 0.0758754778201 0.0156822188056 -0.00568863051297 -0.00165269062364 0.0773018977166 0.008435749794 0.0568005483594 -0.00328753106008 0.0145108530061 -0.00444167191536 0.017680268879 -0.0082148324801 0.0772465766726 0.0254038389378 0.014056361286 0.00300692166377 -0.00425377797713 0.0204968692907 0.0249011507832 0.0156285999692 0.0194961990531 0.0380310085601 0.0120430426795 -0.0112087122335 0.0397911461368 0.0248345459472 0.0200192416702 0.0402969316469 0.0738295169446 0.00318036626871 -0.0119468140583 0.0158684685866 0.0532444714608 0.0195714279258 0.0812087563064 
0.00493820512215 0.0165326084471 0.00936958872368 0.01229457417 -4.77345422724e-05 0.0225827896418 0.00718829570914 0.235642838827 0.0501972104049 0.0153713506157 0.0529480641213 0.0120130141444 0.000650019686757 0.0235777733944 0.00867118340159 -0.00796376906423 0.0106147736705 0.0536891357432 -0.00879658009679 0.0147094212107 0.0234577778882 0.0454954665398 0.0668496372945 0.0550046534519 0.0370374241034 0.0189159632158 0.0439103921507 -0.00267413598442 0.0424247104311 0.0296745760131 -0.00827471739979 0.00971788079244 -0.0151267638734 0.00840267788023 0.0131118708435 0.0231678688136 -0.0338270187021 0.00584883705257 0.0455692245978 0.0378532167669 0.0113033980913 0.00150770904393 0.0311021383475 0.0214064274765 0.00221258629732 0.0172135651887 0.0141172574814 0.0472677431023 0.0131943540463 0.0129218988831 
0.0163375235083 0.030118038602 0.0157657421638 0.0304852532669 0.0174277722138 0.0314031812749 0.0712177226561 0.0501972104049 0.464997438212 0.00122656290889 0.0382156962941 0.0026846589766 0.012045076437 0.0143060946817 0.0566575846541 0.00173430073056 0.00333013284639 0.029433444458 -0.0145332940945 0.0246134722589 0.0196323869998 0.0016124512563 0.0283562342015 0.127127627791 0.146909059924 0.00960223120151 0.153772184395 -0.0114166750562 0.0284990603947 0.0391792198626 -0.00355698610721 0.0465869845208 0.0141079781915 0.027014067607 0.0234125218825 -0.00738517472655 0.00612199691129 -0.0183839615175 0.0827968153118 -0.00126780408318 0.016788872768 3.63611774318e-05 0.0504143825159 0.0314621308999 0.0656680305776 0.00812230961534 0.0191132755122 0.0682266744003 0.00826028698691 -0.0211095349058 
0.00653346660993 -0.00413568591295 0.0144992240261 0.0320350722785 0.00421479831491 -0.00898760676119 0.061556327543 0.0153713506157 0.00122656290889 0.34295103575 0.0274889951532 0.0116695792918 0.0370162321998 -0.00491914391074 -0.0299554772047 0.00504189294519 0.0238603523801 0.0273854039057 -0.0137889721811 0.0209294170686 0.0124781163989 0.00744394235947 0.0326413030847 0.00818492046021 0.0126116701459 0.0101194168541 0.0189329418416 0.0518974847552 0.00656808035136 0.0128727276059 0.000495037154828 0.0550280897917 0.015426041578 0.0187667946016 0.0248051483199 0.013676456657 0.0281417795118 0.00936447216191 0.0143797333236 0.00498650439008 0.0181105777727 0.0014825720564 0.0240450134146 0.0186643007913 0.00598641484296 -0.00441209593757 0.016151218563 0.0478529766265 0.017761800301 -0.0447180635333 
0.00942303468663 0.0497499022311 0.0202851614108 0.0135977536092 0.0247725873603 0.0141241687735 0.0544972785192 0.0529480641213 0.0382156962941 0.0274889951532 0.339414244503 0.0257591981885 0.0280973259575 0.0597259333261 -0.00285837343367 0.0475076095524 0.0388763441783 0.0397864621247 -1.83140477011e-05 0.0104151479771 0.0401168260683 0.00183344794535 0.0178867836882 0.0422748606744 0.0144266091906 0.0518270217581 -0.00422704866766 0.034935671811 0.0275498836583 0.0012426421347 -0.00246630055229 0.0165194954241 -0.00103616751194 0.0137583408626 0.0126334401488 0.0291947392724 0.036101577779 0.0251659787113 0.00655154273793 0.0121476825229 0.0348510166205 0.00719946253233 0.034317709979 0.0428615158051 0.0285615163815 0.0245925314444 -0.00908682454786 0.0322809120963 0.0126253133488 0.00766308154308 
0.0142122023396 0.0116325535743 0.0168380410398 -0.0033153135041 0.00698819871025 0.0265743986058 0.0154193862008 0.0120130141444 0.0026846589766 0.0116695792918 0.0257591981885 0.235554286386 0.0227665263003 0.0166083216561 0.00254802064937 0.0277617889616 0.00676210075455 0.00696433392097 0.00923644785698 0.0161780620794 0.030917530221 0.0110469295941 0.0178385761584 -0.0139896337893 0.00460571757324 0.0190214197494 1.21176199765e-06 0.0180750761814 0.0346725633772 0.0322315878135 0.0213597683117 0.00404767015979 0.0124319800519 0.0311329874664 0.0198118426317 0.0140466591139 0.0293066410346 0.0104449518385 -0.000414754926365 0.0132432594749 0.0417104155763 0.02499058264 0.0293945988519 0.0175823285799 0.00248584221976 0.00373029282053 0.0321447946439 0.0280821621804 -0.00738287377972 0.0114820833749 
-0.0122217557842 0.0289157402679 -0.00559376111232 0.00530316361398 0.0532800153982 0.0164253350586 0.014324639262 0.000650019686757 0.012045076437 0.0370162321998 0.0280973259575 0.0227665263003 0.549949374264 -0.0256094155256 0.0725638590056 -0.0138540001501 0.0623638311445 -0.0154545527298 0.0157865103957 0.0317376554536 0.00769999294374 -0.00504498428349 0.0102409393518 0.013721307307 -0.0154759082652 0.023544964043 -0.00615675140547 0.0761416101641 0.0115331685638 0.00209696928851 0.0215374212923 0.00793477557559 -0.00231942908356 0.0406612987934 0.0295732665145 0.010772045566 0.00830577785703 -0.0166239293385 -0.020285783746 -0.0031113095068 0.0224029368915 0.0329854447477 -0.00431991630141 0.0508552621419 0.0539305249586 -0.00822099801258 -0.00546472571343 0.0322108279562 0.0520768539897 0.0389623218691 
0.0291066005386 0.0102596957457 -0.00943102631584 0.000666320488436 0.00846257625669 0.00849682434782 0.0333751983749 0.0235777733944 0.0143060946817 -0.00491914391074 0.0597259333261 0.0166083216561 -0.0256094155256 0.335741223452 -0.0104363194521 0.0328059020718 0.0136087712913 1.85816572254e-05 0.00596677498679 0.0238204783902 0.00836186738972 0.036925350409 0.00761963005313 0.0285522883258 0.0297609714357 0.0315968189044 0.0156230855087 -0.0230557285042 0.027404027735 0.0155291510426 0.00266769890588 -0.000411248068876 0.00616198599669 0.0193379392845 0.00962216830465 0.0176812109372 0.0322513082823 0.0284356463705 0.0312897757894 0.00152320371335 0.00097522180279 0.0252647711935 0.0159202204851 0.0181111058894 0.04379958748 0.0166012561871 0.016362351439 0.00844380864633 -0.0117471363276 0.0146385113274 
0.00340416991945 0.0215930890688 0.0142272621079 0.0221307308284 0.0341679395594 0.0139961473297 0.0277974908061 0.00867118340159 0.0566575846541 -0.0299554772047 -0.00285837343367 0.00254802064937 0.0725638590056 -0.0104363194521 0.367029135512 0.0263336836968 0.000637962004779 0.00200638011243 0.00591319196746 0.0246053194062 0.00369824243923 -0.0198615444237 0.0146821122095 -0.0296415402245 0.0192958890128 0.00795966946978 0.000423121651776 0.0178128217948 0.0264045498844 0.00571392455062 0.0183447710192 -0.00167205105093 -0.0197250975473 0.0348277570085 0.0255730062208 0.00941787155843 0.014771753405 -0.0275354014723 0.018555656203 0.0217214785686 0.0261003234325 0.0254901518287 0.0348134742737 0.0210223875553 0.0250535712094 0.0330003358256 0.00199523809795 0.00440574884633 0.00213338501087 0.0087593094162 
0.0182725919547 0.00914785573958 0.0380029666344 -0.00250768919852 0.0208452579559 0.0231504828912 0.0758754778201 -0.00796376906423 0.00173430073056 0.00504189294519 0.0475076095524 0.0277617889616 -0.0138540001501 0.0328059020718 0.0263336836968 0.260300060188 0.0216448292527 0.0144374242364 -0.0100347218232 0.0560985398881 0.0152043657708 0.005123860283 0.00657143323646 -0.0111416020442 0.0183357870436 0.0349719540784 -0.0341931869883 0.0114439327603 0.0105674891401 0.0346015366536 -0.0060535112021 0.0133608503515 0.0408324992752 0.0390619215141 0.0241573904142 0.0114140837255 0.061072795208 0.0352374144416 -0.0104034636562 0.0210089615813 0.0121016622618 0.0387002269294 0.0326603406704 0.0829608673359 0.021200823982 0.00718854444894 0.00140225673385 0.00674280261789 0.0201505125636 0.0831534594667 
0.00874769586307 0.0172408185751 0.0267546773248 -0.0129115632137 0.00329381517621 0.0158851455369 0.0156822188056 0.0106147736705 0.00333013284639 0.0238603523801 0.0388763441783 0.00676210075455 0.0623638311445 0.0136087712913 0.000637962004779 0.0216448292527 0.167352303466 0.00585012793279 0.0170514113233 0.0271983225593 -0.00561010080552 0.0133009714295 0.0171555740849 0.0198507675661 0.0160519539519 0.0566773737015 0.0110628935119 0.0165206253152 0.020656499196 0.0135194780849 -0.0102680325023 0.031157646552 0.00787917686602 0.0241504483799 0.0240414177298 0.0148456333627 0.0193449554363 0.0149591132734 -0.00653988251974 0.0167559751135 0.017155825507 0.00579447001816 0.0242408443706 0.0185327710159 0.0269282242442 0.0279912705322 0.0129864998342 -0.00620942777999 -0.00958364969669 0.00758237547077 
0.00613685506674 0.0240344877835 -0.00623334782622 0.00940449351351 -0.0117002303908 0.00831400399175 -0.00568863051297 0.0536891357432 0.029433444458 0.0273854039057 0.0397864621247 0.00696433392097 -0.0154545527298 1.85816572255e-05 0.00200638011243 0.0144374242364 0.00585012793279 0.157489874673 0.0100559772299 0.0113027744946 0.0323451068838 0.0274479428688 0.0316847044913 0.0398026517908 0.039082766956 0.0202947305935 0.0177554151557 0.0044868423618 0.019909149738 -0.00216467883489 -0.00713802436362 0.028105937396 0.017798214365 0.0167571872563 0.0105971340467 0.0139376862348 -0.0152722420815 0.00405066467609 0.0149851634175 0.00591796316815 0.0117520520767 0.0135101868966 0.0308822506344 0.00722257857617 0.0234253155404 0.0167745875196 -0.000338293531825 0.0118299982013 -0.00343326762002 0.00265299576843 
0.00492238642461 0.0307972460974 0.00352131231272 0.019673331969 0.00861698617897 -0.00476727342291 -0.00165269062364 -0.00879658009679 -0.0145332940945 -0.0137889721811 -1.8314047701e-05 0.00923644785698 0.0157865103957 0.00596677498679 0.00591319196746 -0.0100347218232 0.0170514113233 0.0100559772299 0.68854364404 -0.00260027094765 0.00824667500791 -0.00015869251704 0.00181614251909 -0.0204918361314 -0.00360603124279 0.0156350868453 -0.0150032211054 0.00734261354656 -0.0123872467905 -0.00828443547709 0.00459166239785 -0.00536227790421 -0.00386730169923 0.0133532422527 -0.0159868479443 0.00440618294244 -0.0173374395744 0.0191118463476 -0.0112767208728 -0.0183597796185 -0.0058652475679 0.00185719903593 -0.00960823131815 -0.0127087322246 -0.0157851488354 -0.000699432365892 0.0131845432155 -0.0125505175467 0.00823666415538 -0.0264603830878 
0.0133892373523 0.0108157359624 0.0169702397994 0.0239616353479 0.00158938565243 0.0316798710627 0.0773018977166 0.0147094212107 0.0246134722589 0.0209294170686 0.0104151479771 0.0161780620794 0.0317376554536 0.0238204783902 0.0246053194062 0.0560985398881 0.0271983225593 0.0113027744946 -0.00260027094765 0.442822663088 0.0214052062113 -0.00561290942913 0.00838393824511 0.034536610892 0.00219477471587 0.0237426808506 0.058607557718 0.03938737977 0.0555755640356 0.0229076499617 0.0111399646369 0.0641577407204 -0.00150255928513 0.0390727241977 0.0280354304655 0.00261399453237 0.0187775388766 0.0398484237105 0.0199536447009 0.0342713955511 0.0214869192368 0.0242827905464 0.00378674859122 0.0385976413425 0.0660258901793 -0.00432004553914 0.0228264188449 0.00852565870224 0.0215268658083 0.0554888531451 
0.00745250082217 0.0116271289389 -0.0165891310865 0.0154334842224 -0.000270510220066 0.0161987651203 0.008435749794 0.0234577778882 0.0196323869998 0.0124781163989 0.0401168260683 0.030917530221 0.00769999294374 0.00836186738972 0.00369824243923 0.0152043657708 -0.00561010080552 0.0323451068838 0.00824667500791 0.0214052062113 0.13928680833 0.00851749834148 0.0319218118279 0.0231235777872 0.0134040218001 0.00856468733477 0.0235970339313 -0.00303589703487 0.029044414155 0.0196491090165 -0.00302944714291 0.00875459013376 0.0107097167207 0.0295456220569 -0.0127249734008 0.0202543705284 -0.020664848053 -0.0055295361128 0.0139578902827 0.0174996273176 0.0164134388257 0.0203985376034 0.0265306141098 0.00329796595144 0.0327523579948 0.0112521459407 -0.00532706604253 0.00913766440141 0.00904679014953 0.0172446194222 
0.0219293561782 0.0257158982166 0.0102529940134 0.000721321237695 0.0297046457868 0.0169139256815 0.0568005483594 0.0454954665398 0.0016124512563 0.00744394235947 0.00183344794535 0.0110469295941 -0.00504498428349 0.036925350409 -0.0198615444237 0.005123860283 0.0133009714295 0.0274479428688 -0.00015869251704 -0.00561290942913 0.00851749834148 0.54250144768 0.0081899022011 0.0266561215543 0.0302443069339 -0.0106735585702 0.006615763184 0.0696056654208 -0.00315892436238 -0.0104604779572 0.0508846565689 0.0168221644307 0.00064257646837 0.0228621379149 0.0140966214624 -0.000643300649193 0.0218009608546 0.047050844205 0.00766370959722 -0.0171721322855 0.0258233368234 0.00658524927475 0.00217217410885 -0.0167764307781 0.0419255542647 0.00477725968468 0.0282197085311 0.0341933333326 0.0531994498654 0.0112197644189 
0.00581275337578 0.00142104474868 0.0101610037297 0.0169749604053 0.00424971629177 0.0263892341418 -0.00328753106008 0.0668496372945 0.0283562342015 0.0326413030847 0.0178867836882 0.0178385761584 0.0102409393518 0.00761963005313 0.0146821122095 0.00657143323646 0.0171555740849 0.0316847044913 0.00181614251909 0.00838393824511 0.0319218118279 0.0081899022011 0.204503557699 0.0297743744176 0.0289192611607 0.0194142772102 0.0256071689843 0.00897125499364 0.0245383131059 0.0106030330976 -0.00367629204611 0.018272206454 0.000958409442027 0.018287578015 0.0121450409124 0.0140203496796 -0.00778626588121 0.027637016921 0.0447921362483 0.0175041357603 0.0127342483064 0.00907350984176 0.0249825672323 0.0157930192642 0.0225056568953 0.015514757395 0.0205137463915 0.0301624661949 -0.000420400830807 -0.0014470275524 
0.0165816772939 0.0215413630394 0.0090835983475 -0.0133257393953 -0.0106387209282 -0.0096244175067 0.0145108530061 0.0550046534519 0.127127627791 0.00818492046021 0.0422748606744 -0.0139896337893 0.013721307307 0.0285522883258 -0.0296415402245 -0.0111416020442 0.0198507675661 0.0398026517908 -0.0204918361314 0.034536610892 0.0231235777872 0.0266561215543 0.0297743744176 0.362091662878 0.16172184403 0.00799650817526 0.149209092895 0.00305842314637 0.00767914031857 0.02326091627 -0.0051770664323 0.0323779702217 0.0113738337824 0.0080719951904 0.0329289233399 -0.00957220687998 -0.0277107570787 -0.0201968207416 0.096446481757 0.0146038075305 -0.00647412192519 0.00656242208681 0.0148555051123 -0.00296271343849 0.0724729279301 0.00862775559569 0.00218403502795 0.0394536358496 -0.00415501733617 0.000807487171528 
0.00531555391563 0.0280223094603 0.001955809142 -0.00101660477802 -0.00803246376538 -0.00870034196319 -0.00444167191536 0.0370374241034 0.146909059924 0.0126116701459 0.0144266091906 0.00460571757324 -0.0154759082652 0.0297609714357 0.0192958890128 0.0183357870436 0.0160519539519 0.039082766956 -0.00360603124279 0.00219477471587 0.0134040218001 0.0302443069339 0.0289192611607 0.16172184403 0.32552969837 0.00360533612518 0.124271909691 -0.00618146723298 0.0131771677155 0.0271829257724 -0.0306413172078 0.0189462975045 0.00641417972625 0.0333050649697 0.0195828476818 -0.00565701139445 0.0125907476096 -0.00224175612133 0.0835710377466 0.00581150659793 -0.00318481284968 0.00628124799464 0.0262191121404 0.00973569973669 0.0784327983609 0.00733505400898 0.000881119543554 0.0119778668179 -0.0251945983828 0.00266244651339 
-0.00291099849718 0.0133842890799 0.0114857430018 -0.00713118638854 0.000157856671998 0.019821105053 0.017680268879 0.0189159632158 0.00960223120151 0.0101194168541 0.0518270217581 0.0190214197494 0.023544964043 0.0315968189044 0.00795966946978 0.0349719540784 0.0566773737015 0.0202947305935 0.0156350868453 0.0237426808506 0.00856468733477 -0.0106735585702 0.0194142772102 0.00799650817526 0.00360533612518 0.161857872934 -0.00921978440141 0.00907952259778 0.0010260895796 0.016667722099 0.000150494242966 0.0181310117251 0.00102305659214 0.0229283289288 0.0115826505189 0.0171264619681 0.01993151163 0.0235709333552 -0.00019133733999 0.011835063956 0.0131200590627 0.00211759657222 0.0133042957596 0.000167858087789 0.0111733004567 0.00736739271005 -0.0129814188976 0.00629442955962 -0.0124891016428 0.0200808383015 
0.00909942993726 0.0143595223682 -0.00233338110598 0.0164176581468 0.00926867892836 0.0159557412538 -0.0082148324801 0.0439103921507 0.153772184395 0.0189329418416 -0.00422704866766 1.21176199752e-06 -0.00615675140547 0.0156230855087 0.000423121651776 -0.0341931869883 0.0110628935119 0.0177554151557 -0.0150032211054 0.058607557718 0.0235970339313 0.006615763184 0.0256071689843 0.149209092895 0.124271909691 -0.00921978440141 0.393917825883 -0.00730761391512 0.017719733518 0.00981942598465 0.0202115449638 0.0205865362806 0.0499571418853 0.0197832304309 0.0111041782604 -0.00790230199643 -0.0105672351373 -0.00719832120887 0.096143310021 0.00392146464108 -0.010766283601 0.00250805958072 0.0233573597753 0.0148324810015 0.0230143948165 0.0287949097643 0.0105461386141 0.00840344446842 0.00674205092706 -0.000650136767279 
-0.0188952089876 0.0125103919141 0.013014860849 -0.000471486068667 0.045874348879 0.0281457012566 0.0772465766726 -0.00267413598442 -0.0114166750562 0.0518974847552 0.034935671811 0.0180750761814 0.0761416101641 -0.0230557285042 0.0178128217948 0.0114439327603 0.0165206253152 0.0044868423618 0.00734261354656 0.03938737977 -0.00303589703487 0.0696056654208 0.00897125499364 0.00305842314637 -0.00618146723298 0.00907952259778 -0.00730761391512 0.58220763872 -0.0135707492378 0.00408763959035 0.0713998364987 0.00193664465037 -0.0117139733564 0.0276659848533 0.0157778601962 0.00432186792143 -0.0164354255182 0.0163367716627 0.000864072610463 0.0110214538797 0.0287413835055 0.00142111337725 0.0336494937445 0.00999015444069 0.0341658087915 0.00354239627236 0.0105809480736 0.0178841302378 -0.00939667572595 0.0254945001744 
0.0287221825781 0.00698303135087 0.0223247528694 0.00790668706019 0.000914479749422 0.00990638776943 0.0254038389378 0.0424247104311 0.0284990603947 0.00656808035136 0.0275498836583 0.0346725633772 0.0115331685638 0.027404027735 0.0264045498844 0.0105674891401 0.020656499196 0.019909149738 -0.0123872467905 0.0555755640356 0.029044414155 -0.00315892436238 0.0245383131059 0.00767914031857 0.0131771677155 0.0010260895796 0.017719733518 -0.0135707492378 0.977407405284 0.0200346303589 0.00903811910842 -0.0118829460474 -0.00285314810273 -0.00391138716733 0.0222125815199 0.0173338262371 0.0382602437534 0.0195372331808 0.0107332417029 6.01711814765e-05 0.0270581983777 0.000265180764579 0.00438393824189 0.0425514541513 -0.0316987200542 0.0143317720622 0.00990581241045 -0.00168594067441 0.0136250008864 0.00819425511752 
0.00949693337329 0.000392729284527 0.000814245022082 0.0271618052909 -0.00314843665779 0.0237262478347 0.014056361286 0.0296745760131 0.0391792198626 0.0128727276059 0.0012426421347 0.0322315878135 0.00209696928851 0.0155291510426 0.00571392455062 0.0346015366536 0.0135194780849 -0.00216467883489 -0.00828443547709 0.0229076499617 0.0196491090165 -0.0104604779572 0.0106030330976 0.02326091627 0.0271829257724 0.016667722099 0.00981942598465 0.00408763959035 0.0200346303589 0.206955306585 -0.00738837694314 0.0162334686306 0.00891405643783 0.0225285901109 0.00557740511147 -0.00077618249989 0.0239251882195 0.0174874257666 0.010052774745 0.00375416379526 0.0121053722858 -0.0167419563557 0.0170920268368 0.00581454271145 0.00582014540624 0.0206408309335 -0.00383185629563 0.0221640805519 0.00574717023648 0.0106500024375 
0.0122187586536 0.000112527491484 0.00651200772268 0.00543753205332 0.104973106979 -0.00158272997185 0.00300692166377 -0.00827471739979 -0.00355698610721 0.000495037154828 -0.00246630055229 0.0213597683117 0.0215374212923 0.00266769890588 0.0183447710192 -0.0060535112021 -0.0102680325023 -0.00713802436362 0.00459166239785 0.0111399646369 -0.00302944714291 0.0508846565689 -0.00367629204611 -0.0051770664323 -0.0306413172078 0.000150494242966 0.0202115449638 0.0713998364987 0.00903811910842 -0.00738837694314 0.263062352675 0.0154309796424 0.0885167177264 0.009421875411 0.0107531554994 0.0291931394189 0.0257051807353 0.0133307818235 0.01694294807 -0.00528261590379 -0.00121359504241 -0.0003128579219 0.0230861971671 0.0177964676643 0.0342966459106 0.00965740474684 0.0571246780125 0.00694057331956 0.0183523703474 0.00891823576335 
0.0320495300191 0.00870334739452 0.0200180552152 0.0262673549272 0.0237657575821 0.0145969930716 -0.00425377797713 0.00971788079244 0.0465869845208 0.0550280897917 0.0165194954241 0.00404767015979 0.00793477557559 -0.000411248068876 -0.00167205105093 0.0133608503515 0.031157646552 0.028105937396 -0.00536227790421 0.0641577407204 0.00875459013376 0.0168221644307 0.018272206454 0.0323779702217 0.0189462975045 0.0181310117251 0.0205865362806 0.00193664465037 -0.0118829460474 0.0162334686306 0.0154309796424 0.441777656526 0.00382345343797 0.0278327373958 0.0331349519449 0.00892492490309 0.0099717652924 0.014356217526 0.0456677633353 0.0279740277221 -0.00531693567109 0.0376458843913 0.0408188263968 0.0493249107309 0.0328660336286 0.0261819668056 0.0154799340006 0.0547846425584 0.0532393781463 0.0289336723428 
0.00528046192922 0.00246131103175 0.00693298033653 0.000591320368135 0.0318337407735 0.00117824798987 0.0204968692907 -0.0151267638734 0.0141079781915 0.015426041578 -0.00103616751194 0.0124319800519 -0.00231942908356 0.00616198599669 -0.0197250975473 0.0408324992752 0.00787917686602 0.017798214365 -0.00386730169922 -0.00150255928513 0.0107097167207 0.00064257646837 0.000958409442027 0.0113738337824 0.00641417972625 0.00102305659214 0.0499571418853 -0.0117139733564 -0.00285314810273 0.00891405643783 0.0885167177264 0.00382345343797 0.616503758562 0.025581141749 0.012334610153 -0.00227070774278 0.0221579475304 -0.00867882791626 -0.00313566788595 -0.00424118865076 -0.0023301043896 0.0147849910338 0.0169138283981 0.00617987664041 0.0159603015946 0.0174974926485 0.0217747258725 0.00550451193245 0.0368843805002 0.0221070833376 
0.00395592992351 0.00585162806341 0.0347213653168 0.022141956126 -0.0043363676114 0.00719761523346 0.0249011507832 0.00840267788023 0.027014067607 0.0187667946016 0.0137583408626 0.0311329874664 0.0406612987934 0.0193379392845 0.0348277570085 0.0390619215141 0.0241504483799 0.0167571872563 0.0133532422527 0.0390727241977 0.0295456220569 0.0228621379149 0.018287578015 0.0080719951904 0.0333050649697 0.0229283289288 0.0197832304309 0.0276659848533 -0.00391138716733 0.0225285901109 0.009421875411 0.0278327373958 0.025581141749 0.191976324422 0.0342553244293 0.0186964374503 0.0131337317004 0.00943931640139 0.021334817209 -0.000739119667453 0.0250964634091 0.0144449825621 0.0319385183666 0.0691295215137 0.0345429364205 0.00733028729417 0.019251059737 0.0246383105009 0.0199799324754 0.0180106367796 
0.0194077461687 0.011022948823 0.0163428845745 0.010647775734 0.00292409994773 0.00731822413789 0.0156285999692 0.0131118708435 0.0234125218825 0.0248051483199 0.0126334401488 0.0198118426317 0.0295732665145 0.00962216830465 0.0255730062208 0.0241573904142 0.0240414177298 0.0105971340467 -0.0159868479443 0.0280354304655 -0.0127249734008 0.0140966214624 0.0121450409124 0.0329289233399 0.0195828476818 0.0115826505189 0.0111041782604 0.0157778601962 0.0222125815199 0.00557740511147 0.0107531554994 0.0331349519449 0.012334610153 0.0342553244293 0.174108400433 0.00689999593161 0.0138872618927 0.0110262249258 0.0171566082659 0.0212613491272 0.0262047793693 0.0337676139216 0.0142725175397 0.0368482912085 0.02646183342 0.0191349420631 0.0335406293596 0.0431591728377 0.0245974138817 0.0188332823588 
0.000952645039743 0.00762965739603 0.023366373154 0.0149820722068 0.00539713902668 0.0034585447463 0.0194961990531 0.0231678688136 -0.00738517472655 0.013676456657 0.0291947392724 0.0140466591139 0.010772045566 0.0176812109372 0.00941787155843 0.0114140837255 0.0148456333627 0.0139376862348 0.00440618294244 0.00261399453237 0.0202543705284 -0.000643300649193 0.0140203496796 -0.00957220687998 -0.00565701139445 0.0171264619681 -0.00790230199643 0.00432186792143 0.0173338262371 -0.00077618249989 0.0291931394189 0.00892492490309 -0.00227070774278 0.0186964374503 0.00689999593161 0.216688996986 0.0432838348444 0.0192957074248 -0.0132927155183 0.00101045355214 0.0206260205896 0.0145493396655 0.0168755741771 0.0304373563363 0.0187090508633 0.0296064983078 0.000707467237561 0.0612525669282 0.0160349201353 -0.0186046833938 
0.00253811740993 -0.00855272800828 0.0638314806609 -0.00129719851383 0.0492042542626 0.0234690194673 0.0380310085601 -0.0338270187021 0.00612199691129 0.0281417795118 0.036101577779 0.0293066410346 0.00830577785703 0.0322513082823 0.014771753405 0.061072795208 0.0193449554363 -0.0152722420815 -0.0173374395744 0.0187775388766 -0.020664848053 0.0218009608546 -0.00778626588121 -0.0277107570787 0.0125907476096 0.01993151163 -0.0105672351373 -0.0164354255182 0.0382602437534 0.0239251882195 0.0257051807353 0.0099717652924 0.0221579475304 0.0131337317004 0.0138872618927 0.0432838348444 0.37023280621 0.00975418610433 0.000595165103868 0.0139812474503 0.0344220158075 -0.00723437775167 0.0220841313619 0.0252749194989 0.0449603349885 0.00341664601874 0.01164619823 0.0214861119765 0.0267876179038 0.029948068579 
0.00794086034297 0.000974214934343 0.00648969116482 0.00761649687538 0.0269007652458 0.0201973572838 0.0120430426795 0.00584883705257 -0.0183839615175 0.00936447216191 0.0251659787113 0.0104449518385 -0.0166239293385 0.0284356463705 -0.0275354014723 0.0352374144416 0.0149591132734 0.00405066467609 0.0191118463476 0.0398484237105 -0.0055295361128 0.047050844205 0.027637016921 -0.0201968207416 -0.00224175612133 0.0235709333552 -0.00719832120887 0.0163367716627 0.0195372331808 0.0174874257666 0.0133307818235 0.014356217526 -0.00867882791626 0.00943931640139 0.0110262249258 0.0192957074248 0.00975418610432 0.370830558499 -0.0206776423274 0.0120244742537 0.0120034504506 -0.00862325171038 0.0288140213426 0.0268626084095 0.0284877683323 0.00802703648309 0.00893312380867 0.0135695222546 0.0201019247436 0.0402548584754 
0.0189739771576 0.00363753821182 0.0070926417898 0.00790267405047 -0.000581367316298 0.0106905351032 -0.0112087122335 0.0455692245978 0.0827968153118 0.0143797333236 0.00655154273793 -0.000414754926365 -0.020285783746 0.0312897757894 0.018555656203 -0.0104034636562 -0.00653988251974 0.0149851634175 -0.0112767208728 0.0199536447009 0.0139578902827 0.00766370959722 0.0447921362483 0.096446481757 0.0835710377466 -0.00019133733999 0.096143310021 0.000864072610463 0.0107332417029 0.010052774745 0.01694294807 0.0456677633353 -0.00313566788595 0.021334817209 0.0171566082659 -0.0132927155183 0.000595165103868 -0.0206776423274 0.207646848259 -0.00387285705132 0.00200015741546 0.0134723028912 0.0101875831285 0.0178237894173 0.0246733588551 0.00971287103506 0.00743060693119 0.0170189639933 0.00705334381302 0.00135095507032 
0.0049301738312 0.0233912347928 0.0173086471868 0.0252263867918 0.0128096228034 0.0156789646191 0.0397911461368 0.0378532167669 -0.00126780408318 0.00498650439008 0.0121476825229 0.0132432594749 -0.0031113095068 0.00152320371335 0.0217214785686 0.0210089615813 0.0167559751135 0.00591796316815 -0.0183597796185 0.0342713955511 0.0174996273176 -0.0171721322855 0.0175041357603 0.0146038075305 0.00581150659793 0.011835063956 0.00392146464108 0.0110214538797 6.01711814766e-05 0.00375416379526 -0.00528261590379 0.0279740277221 -0.00424118865076 -0.000739119667453 0.0212613491272 0.00101045355214 0.0139812474503 0.0120244742537 -0.00387285705132 0.188916604962 0.0123161091759 0.00555203713345 0.007411264661 0.0235335183216 0.0150154189038 0.0202415800234 0.00930430419052 0.0599573977035 -0.00365648424346 0.039320694995 
0.0157719441356 0.0101225786071 0.0176958399639 0.00267096160713 0.0240872476893 0.027852560155 0.0248345459472 0.0113033980913 0.016788872768 0.0181105777727 0.0348510166205 0.0417104155763 0.0224029368915 0.00097522180279 0.0261003234325 0.0121016622618 0.017155825507 0.0117520520767 -0.0058652475679 0.0214869192368 0.0164134388257 0.0258233368234 0.0127342483064 -0.00647412192519 -0.00318481284968 0.0131200590627 -0.010766283601 0.0287413835055 0.0270581983777 0.0121053722858 -0.00121359504241 -0.00531693567109 -0.0023301043896 0.0250964634091 0.0262047793693 0.0206260205896 0.0344220158075 0.0120034504506 0.00200015741546 0.0123161091759 0.174414476712 0.0196106132836 0.0266359811833 0.0177327911714 0.0238889779104 -0.00272875464384 0.0160156468593 0.0420045941349 -0.00590729134012 0.0140698648678 
0.00392893726419 0.016204978726 0.0231973572176 -0.0173966591479 0.00215531222433 0.0139280974369 0.0200192416702 0.00150770904393 3.63611774318e-05 0.0014825720564 0.00719946253233 0.02499058264 0.0329854447477 0.0252647711935 0.0254901518287 0.0387002269294 0.00579447001816 0.0135101868966 0.00185719903593 0.0242827905464 0.0203985376034 0.00658524927475 0.00907350984176 0.00656242208681 0.00628124799464 0.00211759657222 0.00250805958072 0.00142111337725 0.000265180764579 -0.0167419563557 -0.0003128579219 0.0376458843913 0.0147849910338 0.0144449825621 0.0337676139216 0.0145493396655 -0.00723437775167 -0.00862325171038 0.0134723028912 0.00555203713345 0.0196106132836 0.222502447601 0.0170272877673 0.0282331287469 0.00158332976353 0.028106675429 0.0129239008316 0.0047189528442 0.0164528016437 0.0345876255609 
0.0099066746751 0.0283597074837 0.0142280824733 0.0260925614972 0.0231143425101 0.0322313926882 0.0402969316469 0.0311021383475 0.0504143825159 0.0240450134146 0.034317709979 0.0293945988519 -0.00431991630141 0.0159202204851 0.0348134742737 0.0326603406704 0.0242408443706 0.0308822506344 -0.00960823131815 0.00378674859122 0.0265306141098 0.00217217410886 0.0249825672323 0.0148555051123 0.0262191121404 0.0133042957596 0.0233573597753 0.0336494937445 0.00438393824189 0.0170920268368 0.0230861971671 0.0408188263968 0.0169138283981 0.0319385183666 0.0142725175397 0.0168755741771 0.0220841313619 0.0288140213426 0.0101875831285 0.007411264661 0.0266359811833 0.0170272877673 0.200553373984 0.0257118104651 0.0281674880809 0.02550064759 0.0127191752115 0.0574321889532 0.0065456385136 0.0238859352594 
0.00216543741895 0.00680980080442 0.0299159344596 -0.0113266217095 0.0157072649347 0.0117861709017 0.0738295169446 0.0214064274765 0.0314621308999 0.0186643007913 0.0428615158051 0.0175823285799 0.0508552621419 0.0181111058894 0.0210223875553 0.0829608673359 0.0185327710159 0.00722257857617 -0.0127087322246 0.0385976413424 0.00329796595144 -0.0167764307781 0.0157930192642 -0.00296271343849 0.00973569973669 0.000167858087789 0.0148324810015 0.00999015444069 0.0425514541513 0.00581454271145 0.0177964676643 0.0493249107309 0.00617987664041 0.0691295215137 0.0368482912085 0.0304373563363 0.0252749194989 0.0268626084095 0.0178237894173 0.0235335183216 0.0177327911714 0.0282331287469 0.0257118104651 0.314615682007 0.0183446329677 -1.98167221994e-05 0.0260971616175 0.0397800548206 0.0138265754453 0.0583248820282 
-0.0102949840445 0.0187147672609 0.00462433135529 -0.0131726731365 0.0217019640187 -0.000819925019232 0.00318036626871 0.00221258629732 0.0656680305776 0.00598641484296 0.0285615163815 0.00248584221976 0.0539305249586 0.04379958748 0.0250535712094 0.021200823982 0.0269282242442 0.0234253155404 -0.0157851488354 0.0660258901793 0.0327523579948 0.0419255542647 0.0225056568953 0.0724729279301 0.0784327983609 0.0111733004567 0.0230143948165 0.0341658087915 -0.0316987200542 0.00582014540624 0.0342966459106 0.0328660336286 0.0159603015946 0.0345429364205 0.02646183342 0.0187090508633 0.0449603349885 0.0284877683323 0.0246733588551 0.0150154189038 0.0238889779104 0.00158332976353 0.0281674880809 0.0183446329677 0.541659111635 0.0240273319529 0.0064594241981 0.0691198840996 -0.024139672978 0.0340970389862 
0.00947990421638 0.0223293490152 0.0173405605169 0.0107347599436 0.030648896463 0.00379536420544 -0.0119468140583 0.0172135651887 0.00812230961534 -0.00441209593757 0.0245925314444 0.00373029282053 -0.00822099801258 0.0166012561871 0.0330003358256 0.00718854444894 0.0279912705322 0.0167745875196 -0.000699432365892 -0.00432004553914 0.0112521459407 0.00477725968468 0.015514757395 0.00862775559569 0.00733505400898 0.00736739271005 0.0287949097643 0.00354239627236 0.0143317720622 0.0206408309335 0.00965740474684 0.0261819668056 0.0174974926485 0.00733028729417 0.0191349420631 0.0296064983078 0.00341664601874 0.00802703648309 0.00971287103506 0.0202415800234 -0.00272875464384 0.028106675429 0.02550064759 -1.98167221995e-05 0.0240273319529 0.191582748533 0.0177593958233 0.0354211071346 -0.00856435290983 -0.00396227712642 
0.0336523538191 0.0130012684168 0.0257491172531 0.0131063621296 0.0191896654022 0.00961668647147 0.0158684685866 0.0141172574814 0.0191132755122 0.016151218563 -0.00908682454786 0.0321447946439 -0.00546472571342 0.016362351439 0.00199523809795 0.00140225673385 0.0129864998342 -0.000338293531826 0.0131845432155 0.0228264188449 -0.00532706604253 0.0282197085311 0.0205137463915 0.00218403502795 0.000881119543555 -0.0129814188976 0.0105461386141 0.0105809480736 0.00990581241045 -0.00383185629563 0.0571246780125 0.0154799340006 0.0217747258725 0.019251059737 0.0335406293596 0.000707467237561 0.01164619823 0.00893312380867 0.00743060693119 0.00930430419052 0.0160156468593 0.0129239008316 0.0127191752115 0.0260971616175 0.0064594241981 0.0177593958233 0.302642895156 0.0118625192159 0.0061713814487 0.00854046495578 
