30
0.106465020668 0.0288411222523 0.0946597506959 0.0590120409917 0.0826231173305 0.0695206157777 0.110955558587 -0.00660692339257 0.00154943769328 0.00413185853021 0.0363676427781 0.00477989818121 0.0904248988876 0.103166553638 0.0189508527873 0.0762578269544 0.0475630895173 0.0270606760034 0.0214629747746 0.0407864154506 0.0431815223905 0.072987431854 0.035272852014 0.161692830297 0.00859756350963 0.0759168136047 0.134581744136 0.134360436546 0.275152850517 0.0331605059077 
0.260679630581 0.0341387923582 0.035195311064 0.0503353056189 0.0107987945417 -0.0010727156159 0.0511735184435 0.0185053458981 0.0209905455329 0.0223972036708 0.0326636216541 0.0137777030226 0.015763650879 0.0162618418628 0.0270616701944 0.0115390282621 0.00130813294265 0.0323888614679 0.0304264327877 0.0194847880543 0.0155950405796 -0.00651787450436 0.0212401301641 0.0387524244592 0.0140109080192 0.00287374749995 0.0222266576839 0.0374135165011 -0.0170411546517 0.0153714783299 
0.0341387923582 0.193628317817 0.00508541672689 0.011489186089 0.0148952383265 0.021415924885 0.0298171050299 0.0275905574909 0.0121888244705 0.00828614379215 0.0136412673796 0.0191551905606 -0.0137520329181 0.0338597706184 -0.00412971407321 0.0272605673607 -0.00971872283112 0.0141605316295 0.012372644034 0.0237553263393 0.00725386555495 0.00909627952578 0.0173781243957 0.0144200404998 0.00796327834414 0.0185421415622 0.0200013109289 0.0229707477796 -0.000991226336287 0.0278451191989 
0.035195311064 0.00508541672689 0.462475888965 0.00292386476676 0.0240857523133 0.0156998243195 0.0155289851862 0.0103943294968 0.0105470200831 0.0340350402449 0.0388167081094 -0.00553262423293 0.0246822785858 -0.000815707699892 0.0243435707078 0.0121510189525 0.0144937838801 0.0182498334058 0.00918627640667 0.017549067647 0.0149993263282 -0.00274172189214 0.00283380066533 0.025473451873 0.0298747710828 0.0423349443344 0.0119758058652 0.0290331906986 -0.00913387587597 0.0123166499037 
0.0503353056189 0.011489186089 0.00292386476676 0.283691163214 0.00836170970121 -0.0142687700852 0.0180570353046 0.0154511038416 0.0145054024982 0.0135371609933 0.00579455225301 0.0310030192121 0.0261509243005 -0.0033766816155 -0.00714822056745 0.0329143171466 0.00933555261932 0.0225496749765 0.0111604219849 0.0154945737072 0.00771064469682 0.0146063019728 0.0149109498116 0.0365450403444 0.0110735361982 0.038882743376 0.0054572652216 0.0184369476877 0.00835537068308 0.0211350635756 
0.0107987945417 0.0148952383265 0.0240857523133 0.00836170970121 0.209486340046 0.00943671373355 0.00703140544286 0.0357159785481 0.010749665112 0.0105038440225 0.0317245351161 0.022598528803 0.00615397159826 0.0200201918874 0.00893986613384 0.00716088751366 0.00370233970258 0.0195925747785 -0.00281525274634 0.0280086892697 0.0204361996313 0.00764798365007 0.0125789115387 -0.011829883308 0.00935100531515 0.019326122399 0.0182020757022 0.0402666532199 0.011547142649 0.0190722980523 
-0.0010727156159 0.021415924885 0.0156998243195 -0.0142687700852 0.00943671373355 0.807725103261 0.0163280324553 0.00670679487042 -0.00962064784113 0.0237888556073 -0.00473382718932 0.00311523067905 -0.0142930140456 0.0364363359005 0.0146492059512 -0.00735574009559 0.00315789768829 -0.00681115712006 0.0421865599598 -0.0117743619104 0.0155125223416 0.0311686335026 -0.0114998081087 -0.0157266300314 0.00989289246836 0.00594221345912 0.00402095257298 -0.0159665193993 -0.0165398495878 0.031456827625 
0.0511735184435 0.0298171050299 0.0155289851862 0.0180570353046 0.00703140544286 0.0163280324553 0.489679996434 0.0373783655226 0.00792396511903 0.0128345493185 0.0584138717009 0.0225412675613 -0.0101974160793 -4.76685783167e-05 -0.0164139828432 -0.0197002018095 0.00501989275421 0.00169722395795 0.0073685480228 0.0600203012936 0.010166246444 0.0112842483062 0.0459831852624 0.0129380302593 0.0123734738294 0.0312689891471 0.0575900862058 -0.0141447575028 -0.00273102566772 0.0165454345829 
0.0185053458981 0.0275905574909 0.0103943294968 0.0154511038416 0.0357159785481 0.00670679487042 0.0373783655226 0.174384267711 0.00551957150517 0.00165128909177 0.0357395544192 0.0257238310024 0.0100235179336 0.0269975442127 0.0346219318501 0.0101903371237 -0.00483720410238 0.00667431733017 0.011796689605 0.0445636775081 0.0157710944385 0.0124999580795 0.00291209926983 0.0190668809994 0.0274044885751 0.0232533817945 0.0375570210381 0.013008143065 -0.0226100904166 0.014187737957 
0.0209905455329 0.0121888244705 0.0105470200831 0.0145054024982 0.010749665112 -0.00962064784113 0.00792396511903 0.00551957150517 0.295299063928 0.00643929979918 0.00322741552708 0.0265947566165 0.0332640546 -0.0190408651608 0.0155793644416 0.0237448231185 -0.00563774440127 -0.000166961333189 0.00301704213976 0.0162453372841 0.0119894143924 0.0117453158191 0.0300210815665 0.013841033797 -0.0148319794179 0.0132261463153 0.00906478920727 0.00371960961289 -0.0261567801789 -0.00711661053005 
0.0223972036708 0.00828614379215 0.0340350402449 0.0135371609933 0.0105038440225 0.0237888556073 0.0128345493185 0.00165128909177 0.00643929979918 0.190564689385 0.0213528132596 0.0123971335214 0.0239347949489 0.0173242948213 0.0148162800591 0.0463011799932 -0.0159495785934 0.0382272739311 0.0328875089221 0.0416955360896 0.0210020212977 0.00993464996488 -0.00645622415475 0.0292001261488 0.0249745357235 0.00117012156293 -0.00747085140174 0.0385556588659 0.00550234737328 0.0376913663732 
0.0326636216541 0.0136412673796 0.0388167081094 0.00579455225301 0.0317245351161 -0.00473382718932 0.0584138717009 0.0357395544192 0.00322741552708 0.0213528132596 0.20289312044 0.00842771451938 0.00214974872004 0.0164511037385 0.0115852764441 0.0190141981262 0.0310680493859 -0.00587445066719 0.0123666503907 0.0257765873683 0.0111625967863 0.00206968112087 0.0143963745536 0.0146549183805 0.00687962666961 0.0108680659619 0.0421895709433 0.0070768526563 -0.0124371643207 0.00744174171264 
0.0137777030226 0.0191551905606 -0.00553262423293 0.0310030192121 0.022598528803 0.00311523067905 0.0225412675613 0.0257238310024 0.0265947566165 0.0123971335214 0.00842771451938 0.172335107671 0.00287928540513 -0.00815203103697 0.00431908782388 0.0248340026132 -0.00600754041647 0.0152932327624 0.0105499615577 0.0237061234355 0.0128210130574 0.0168456089516 0.0198082840246 -0.000157720211063 0.0331464098959 -0.00651962643736 0.0192640551358 0.00530619958361 0.0020002117523 0.00222836614025 
0.015763650879 -0.0137520329181 0.0246822785858 0.0261509243005 0.00615397159826 -0.0142930140456 -0.0101974160793 0.0100235179336 0.0332640546 0.0239347949489 0.00214974872004 0.00287928540513 0.353758243473 -0.0316906063577 -0.00130611049917 0.153682057774 0.0369943746601 0.104513029406 0.0245977468017 0.0116843758779 0.0119577471718 0.0220756814371 0.0171374934649 0.0165731960117 -0.00213337270337 -0.00164561317701 -0.0143970835746 0.068623313683 0.0363817170365 0.0247148239733 
0.0162618418628 0.0338597706184 -0.000815707699891 -0.0033766816155 0.0200201918874 0.0364363359005 -4.76685783174e-05 0.0269975442127 -0.0190408651608 0.0173242948213 0.0164511037385 -0.00815203103697 -0.0316906063577 0.384224353654 0.00913456407753 0.0114026411644 0.0211158838613 0.00423151649112 0.00156040098055 0.0285169019515 0.0109566181572 -0.0159341240802 0.0121335395811 0.00697916722097 0.0252814199366 -0.00113586105171 0.0208849574586 -0.0168790044365 -0.0112059252196 0.00101093632485 
0.0270616701944 -0.00412971407321 0.0243435707078 -0.00714822056745 0.00893986613384 0.0146492059512 -0.0164139828432 0.0346219318501 0.0155793644416 0.0148162800591 0.0115852764441 0.00431908782388 -0.00130611049918 0.00913456407753 0.396591235943 0.017434625954 -0.0320618267896 0.00934861262293 0.00422406512908 0.029213777667 0.0149477892191 0.0263432968801 0.036727219242 0.0143747768697 0.0084999058217 -0.00570640412271 0.0450156855546 -0.0156787469596 0.0174465608994 -0.0136412118094 
0.0115390282621 0.0272605673607 0.0121510189525 0.0329143171466 0.00716088751366 -0.00735574009559 -0.0197002018095 0.0101903371237 0.0237448231185 0.0463011799932 0.0190141981262 0.0248340026132 0.153682057774 0.0114026411644 0.017434625954 0.470198743656 0.000794674668781 0.0806852866923 0.0491183143024 0.0311669564229 0.00253854667368 0.02031722619 -0.00757764384296 0.00790777746428 -0.0297166358737 0.0163095614925 -0.00272969534746 0.0604410137001 0.0628140143509 0.0265224178387 
0.00130813294265 -0.00971872283112 0.0144937838801 0.00933555261932 0.00370233970258 0.00315789768829 0.00501989275421 -0.00483720410238 -0.00563774440127 -0.0159495785934 0.0310680493859 -0.00600754041647 0.0369943746601 0.0211158838613 -0.0320618267896 0.000794674668781 0.312568007881 0.00685061306307 0.0144075045659 -0.00105522992173 -0.00810294600396 -0.00187823002968 0.0240904978196 -0.0137877730174 0.0135448519277 0.0167310710631 0.0268901589624 0.0200684297926 -0.012753501283 0.0146620087875 
0.0323888614679 0.0141605316295 0.0182498334058 0.0225496749765 0.0195925747785 -0.00681115712006 0.00169722395795 0.00667431733017 -0.000166961333189 0.0382272739311 -0.00587445066719 0.0152932327624 0.104513029406 0.00423151649112 0.00934861262293 0.0806852866923 0.00685061306307 0.20543684203 0.0244846099213 0.0249236593626 0.021951215894 0.00933613933405 0.00957877545053 0.0221635716529 0.00163821308792 0.00122544743206 0.00895428085214 0.0365621510633 0.0245959271918 0.0284993122182 
0.0304264327877 0.012372644034 0.00918627640667 0.0111604219849 -0.00281525274634 0.0421865599598 0.0073685480228 0.011796689605 0.00301704213976 0.0328875089221 0.0123666503907 0.0105499615577 0.0245977468017 0.00156040098055 0.00422406512908 0.0491183143024 0.0144075045659 0.0244846099213 0.158456835484 0.0133043120042 0.000262224142536 0.0325039961035 0.0162833066634 0.0310396184893 0.015119693159 0.0273293909025 -0.00123307786637 0.0266875652945 0.00433377522103 0.0220615348182 
0.0194847880543 0.0237553263393 0.017549067647 0.0154945737072 0.0280086892697 -0.0117743619104 0.0600203012936 0.0445636775081 0.0162453372841 0.0416955360896 0.0257765873683 0.0237061234355 0.0116843758779 0.0285169019515 0.029213777667 0.0311669564229 -0.00105522992173 0.0249236593626 0.0133043120042 0.219517711504 0.0143556555061 0.00423690041012 0.0269680147786 0.0165468085392 0.0249987169019 0.0159117789004 0.0409338612305 -0.00730726130848 0.0134626366166 0.0304239972527 
0.0155950405796 0.00725386555495 0.0149993263282 0.00771064469682 0.0204361996313 0.0155125223416 0.010166246444 0.0157710944385 0.0119894143924 0.0210020212977 0.0111625967863 0.0128210130574 0.0119577471718 0.0109566181572 0.0149477892191 0.00253854667368 -0.00810294600396 0.021951215894 0.000262224142536 0.0143556555061 0.222181693503 0.00972387790545 0.0188781994197 0.0199906993066 0.0181829020556 0.0185402575859 0.0253557428444 0.0224182333888 -0.01388580909 0.0100025526942 
-0.00651787450435 0.00909627952578 -0.00274172189214 0.0146063019728 0.00764798365007 0.0311686335026 0.0112842483063 0.0124999580795 0.0117453158191 0.00993464996488 0.00206968112088 0.0168456089516 0.0220756814371 -0.0159341240802 0.0263432968801 0.02031722619 -0.00187823002968 0.00933613933404 0.0325039961035 0.00423690041012 0.00972387790545 0.488542653249 0.00996648125281 -0.012810479606 0.0156124323443 0.00171197871148 0.00950828915122 -0.00465960229765 0.00663516421431 -0.0123255712657 
0.0212401301641 0.0173781243957 0.00283380066533 0.0149109498116 0.0125789115387 -0.0114998081087 0.0459831852624 0.00291209926983 0.0300210815665 -0.00645622415475 0.0143963745536 0.0198082840246 0.0171374934649 0.0121335395811 0.036727219242 -0.00757764384296 0.0240904978196 0.00957877545053 0.0162833066634 0.0269680147786 0.0188781994197 0.0099664812528 0.270872581642 0.00667706099898 0.0198907999012 0.0475927207658 0.0274438249988 0.00249091909772 -0.00418700494713 -0.00382024833012 
0.0387524244592 0.0144200404998 0.025473451873 0.0365450403444 -0.011829883308 -0.0157266300314 0.0129380302593 0.0190668809994 0.013841033797 0.0292001261488 0.0146549183805 -0.000157720211063 0.0165731960117 0.00697916722097 0.0143747768697 0.00790777746429 -0.0137877730174 0.0221635716529 0.0310396184893 0.0165468085392 0.0199906993066 -0.012810479606 0.00667706099898 0.899502494343 0.0160457767278 0.0108591906177 0.0155023720939 0.0260289443455 -0.00882064377949 0.0266106364005 
0.0140109080192 0.00796327834414 0.0298747710828 0.0110735361982 0.00935100531515 0.00989289246836 0.0123734738294 0.0274044885751 -0.0148319794179 0.0249745357235 0.00687962666961 0.0331464098959 -0.00213337270337 0.0252814199366 0.0084999058217 -0.0297166358737 0.0135448519277 0.00163821308792 0.015119693159 0.0249987169019 0.0181829020556 0.0156124323443 0.0198907999012 0.0160457767278 0.228246028016 0.017410390731 0.0474068199096 0.0172932700764 -0.00804194505011 0.0220306506479 
0.00287374749995 0.0185421415622 0.0423349443344 0.038882743376 0.019326122399 0.00594221345912 0.0312689891471 0.0232533817945 0.0132261463153 0.00117012156293 0.0108680659619 -0.00651962643736 -0.00164561317701 -0.00113586105171 -0.00570640412271 0.0163095614925 0.0167310710631 0.00122544743206 0.0273293909025 0.0159117789004 0.0185402575859 0.00171197871148 0.0475927207658 0.0108591906177 0.017410390731 0.345738599503 0.00170402649897 0.0386689969129 -0.00503271876359 0.0168448063628 
0.0222266576839 0.0200013109289 0.0119758058652 0.0054572652216 0.0182020757022 0.00402095257298 0.0575900862058 0.0375570210381 0.00906478920727 -0.00747085140174 0.0421895709433 0.0192640551358 -0.0143970835746 0.0208849574586 0.0450156855546 -0.00272969534747 0.0268901589624 0.00895428085214 -0.00123307786637 0.0409338612305 0.0253557428444 0.00950828915122 0.0274438249988 0.0155023720939 0.0474068199096 0.00170402649897 0.389922395038 -0.0151116018234 -0.0345814416949 -0.0128390326336 
0.0374135165011 0.0229707477796 0.0290331906986 0.0184369476877 0.0402666532199 -0.0159665193993 -0.0141447575028 0.013008143065 0.00371960961289 0.0385556588659 0.00707685265629 0.00530619958361 0.068623313683 -0.0168790044365 -0.0156787469596 0.0604410137001 0.0200684297926 0.0365621510633 0.0266875652945 -0.00730726130848 0.0224182333888 -0.00465960229765 0.00249091909772 0.0260289443455 0.0172932700764 0.0386689969129 -0.0151116018234 0.559100065775 -0.0231087607436 0.0384248205116 
-0.0170411546517 -0.000991226336286 -0.00913387587597 0.00835537068308 0.011547142649 -0.0165398495878 -0.00273102566772 -0.0226100904166 -0.0261567801789 0.00550234737328 -0.0124371643207 0.0020002117523 0.0363817170365 -0.0112059252196 0.0174465608994 0.0628140143509 -0.012753501283 0.0245959271918 0.00433377522103 0.0134626366166 -0.01388580909 0.00663516421431 -0.00418700494713 -0.00882064377949 -0.00804194505011 -0.00503271876359 -0.0345814416949 -0.0231087607436 2.71899824819 -0.00264742673564 
0.0153714783299 0.0278451191989 0.0123166499037 0.0211350635756 0.0190722980523 0.031456827625 0.0165454345829 0.014187737957 -0.00711661053005 0.0376913663732 0.00744174171264 0.00222836614025 0.0247148239733 0.00101093632485 -0.0136412118094 0.0265224178387 0.0146620087875 0.0284993122182 0.0220615348182 0.0304239972527 0.0100025526942 -0.0123255712657 -0.00382024833012 0.0266106364005 0.0220306506479 0.0168448063628 -0.0128390326336 0.0384248205116 -0.00264742673564 0.152118816758 
0.0225755182332 0.00295650614367 0.00304800334755 0.00435916533732 0.000935203040333 -9.28998974402e-05 0.00443175669731 0.00160260996536 0.00181783456708 0.00193965473527 0.00282875261321 0.00119318408234 0.00136517221176 0.00140831681655 0.00234360938572 0.000999309161 0.000113287635986 0.00280495768309 0.00263500637407 0.00168743214423 0.00135057013149 -0.000564464489945 0.00183944923018 0.00335605840399 0.00121338022747 0.000248873833902 0.00192488501955 0.00324010557348 -0.00147580728382 0.00133120907274 
0.00295650614367 0.0167687042121 0.000440410007432 0.000994992702191 0.00128996547862 0.00185467349959 0.00258223704232 0.00238941236917 0.00105558316337 0.000717601102341 0.00118136840905 0.00165888816398 -0.00119096098607 0.00293234215219 -0.000357643729777 0.0023608343856 -0.000841666086409 0.00122633801222 0.00107150240454 0.0020572716085 0.000628203184622 0.000787760914925 0.00150498971968 0.00124881213964 0.000689640134343 0.00160579656335 0.00173216433734 0.00198932511211 -8.58427188125e-05 0.00241145805977 
0.00304800334755 0.000440410007432 0.0400515868482 0.000253214116524 0.00208588733725 0.00135964466957 0.00134484956663 0.00090017533995 0.000913398732615 0.00294752094709 0.0033616255314 -0.000479139313531 0.00213754802786 -7.06423590169e-05 0.00210821506518 0.00105230910947 0.00125519850371 0.00158048193442 0.000795554873436 0.0015197938395 0.00129897976398 -0.000237440080871 0.000245414336544 0.00220606564441 0.00258723106899 0.00366631372614 0.00103713521101 0.00251434806979 -0.00079101685436 0.00106665317061 
0.00435916533732 0.000994992702191 0.000253214116524 0.0245683754173 0.000724145302032 -0.00123571173746 0.00156378512909 0.00133810484433 0.00125620470556 0.00117235253153 0.000501822945467 0.00268494022317 0.00226473647767 -0.000292429205951 -0.000619054060326 0.00285046347972 0.00080848257267 0.00195285913767 0.00096652089559 0.00134186944512 0.0006677614187 0.00126494285638 0.00129132613314 0.00316489333205 0.000958996365738 0.00336734435324 0.000472613031709 0.00159668650658 0.000723596326959 0.00183035019671 
0.000935203040333 0.00128996547862 0.00208588733725 0.000724145302032 0.0181420492225 0.000817243382149 0.000608937573783 0.00309309447437 0.000930948306914 0.000909659576088 0.00274742533338 0.00195709000315 0.000532949573826 0.00173379947631 0.000774215117834 0.000620151050047 0.000320632023587 0.00169676674838 -0.00024380803964 0.00242562364343 0.00176982680375 0.000662334812869 0.00108936569445 -0.00102449794685 0.000809820815384 0.00167369129542 0.00157634599597 0.00348719446138 0.00100001188752 0.00165170946218 
-9.28998974402e-05 0.00185467349959 0.00135964466957 -0.00123571173746 0.000817243382149 0.0699510458698 0.00141404909001 0.000580825473576 -0.000833172543129 0.00206017532829 -0.000409961460307 0.000269786890671 -0.00123781132601 0.00315547925107 0.0012686584499 -0.000637025778642 0.000273481962061 -0.000589863509514 0.00365346326235 -0.00101968965278 0.00134342384246 0.00269928284145 -0.000995912596074 -0.00136196611231 0.000856749619451 0.000514610781031 0.000348224707561 -0.00138274114098 -0.00143239299178 0.00272424118457 
0.00443175669731 0.00258223704232 0.00134484956663 0.00156378512909 0.000608937573783 0.00141404909001 0.0424075316637 0.00323706140945 0.000686235509178 0.00111150457559 0.00505878968264 0.00195213103416 -0.000883122137762 -4.12821997846e-06 -0.00142149261195 -0.00170608752267 0.000434735464942 0.00014698390635 0.000638134977675 0.00519791056631 0.000880422768162 0.000977244569582 0.00398226065842 0.00112046628795 0.00107157426693 0.0027079738952 0.00498744776604 -0.00122497193278 -0.000236513760663 0.00143287666655 
0.00160260996536 0.00238941236917 0.00090017533995 0.00133810484433 0.00309309447437 0.000580825473576 0.00323706140945 0.0151021205858 0.000478008914148 0.000143005830247 0.0030951362047 0.00222774911307 0.000868062116577 0.0023380559128 0.00299834725103 0.000882509082227 -0.000418914163595 0.000578012836085 0.00102162328785 0.0038593276808 0.00136581684292 0.00108252812431 0.000252195194601 0.00165124033164 0.00237329832837 0.0020138019358 0.00325253343095 0.00112653823503 -0.00195809126826 0.0012286941493 
0.00181783456708 0.00105558316337 0.000913398732615 0.00125620470556 0.000930948306914 -0.000833172543129 0.000686235509178 0.000478008914148 0.0255736491075 0.000557659720868 0.000279502383502 0.00230317348374 0.00288075163165 -0.00164898729393 0.00134921253812 0.0020563620029 -0.000488242987154 -1.44592755992e-05 0.000261283513732 0.00140688747811 0.00103831374403 0.00101717418748 0.00259990192857 0.00119866868828 -0.00128448709643 0.00114541787032 0.000785033773345 0.000322127641693 -0.00226524361161 -0.000616316550786 
0.00193965473527 0.000717601102341 0.00294752094709 0.00117235253153 0.000909659576088 0.00206017532829 0.00111150457559 0.000143005830247 0.000557659720868 0.0165033862071 0.00184920787251 0.00107362325636 0.00207281404601 0.00150032794179 0.00128312749207 0.00400979980993 -0.00138127402416 0.00331057903417 0.00284814181937 0.0036109393478 0.00181882839746 0.000860365924729 -0.000559125413054 0.00252880510386 0.00216285823843 0.000101335499902 -0.00064699471018 0.00333901800375 0.000476517260571 0.00326416807826 
0.00282875261321 0.00118136840905 0.0033616255314 0.000501822945467 0.00274742533338 -0.000409961460307 0.00505878968264 0.0030951362047 0.000279502383502 0.00184920787251 0.0175710596554 0.000729861486962 0.000186173700331 0.00142470737578 0.00100331437105 0.00164667786099 0.00269057200142 -0.000508742351107 0.0010709833398 0.00223231794838 0.000966709238914 0.000179239642841 0.00124676260859 0.00126915316079 0.000595793146444 0.000941202121299 0.00365372402117 0.000612873417919 -0.00107709002528 0.000644473737155 
0.00119318408234 0.00165888816398 -0.000479139313531 0.00268494022317 0.00195709000315 0.000269786890671 0.00195213103416 0.00222774911307 0.00230317348374 0.00107362325636 0.000729861486962 0.0149246581207 0.000249353430559 -0.000705986597046 0.000374043977665 0.00215068771407 -0.000520268261493 0.00132443280782 0.00091365347179 0.00205301051204 0.001110332301 0.00145887252943 0.00171544771707 -1.36589709471e-05 0.00287056330141 -0.000564616211794 0.00166831611275 0.000459530363696 0.000173223419044 0.000192982168639 
0.00136517221176 -0.00119096098607 0.00213754802786 0.00226473647767 0.000532949573826 -0.00123781132601 -0.000883122137762 0.000868062116577 0.00288075163165 0.00207281404601 0.000186173700331 0.000249353430559 0.0306363625646 -0.00274448701671 -0.000113112487243 0.0133092566138 0.00320380682528 0.00905109384917 0.00213022736061 0.00101189663376 0.00103557128228 0.00191181009304 0.00148415046978 0.0014352808768 -0.000184755495686 -0.000142514281609 -0.00124682401161 0.00594295329414 0.00315074911869 0.0021403665411 
0.00140831681655 0.00293234215219 -7.06423590168e-05 -0.000292429205951 0.00173379947631 0.00315547925107 -4.12821997851e-06 0.0023380559128 -0.00164898729393 0.00150032794179 0.00142470737578 -0.000705986597046 -0.00274448701671 0.0332748051017 0.000791076454364 0.000987497691859 0.00182868918473 0.000366460077784 0.000135134688925 0.00246963615273 0.000948870966369 -0.00137993562405 0.0010507953515 0.000604413611062 0.00218943519089 -9.83684525951e-05 0.00180869037161 -0.00146176466326 -0.000970461591312 8.75496538928e-05 
0.00234360938572 -0.000357643729777 0.00210821506518 -0.000619054060326 0.000774215117834 0.0012686584499 -0.00142149261195 0.00299834725103 0.00134921253812 0.00128312749207 0.00100331437105 0.000374043977665 -0.000113112487244 0.000791076454364 0.0343458085245 0.00150988289817 -0.00277663564916 0.00080961360216 0.000365814770902 0.00252998736001 0.00129451651941 0.00228139643176 0.00318067048739 0.00124489219429 0.000736113437137 -0.000494189093453 0.00389847272591 -0.00135781931665 0.00151091649475 -0.00118136359654 
0.000999309161 0.0023608343856 0.00105230910947 0.00285046347972 0.000620151050047 -0.000637025778642 -0.00170608752267 0.000882509082227 0.0020563620029 0.00400979980993 0.00164667786099 0.00215068771407 0.0133092566138 0.000987497691859 0.00150988289817 0.0407204056834 6.88208450908e-05 0.00698755079871 0.0042537707977 0.00269913760209 0.00021984459081 0.0017595234015 -0.000656243206883 0.000684833617154 -0.00257353615817 0.00141244945771 -0.00023639855155 0.00523434532948 0.00543985321416 0.00229690876181 
0.000113287635986 -0.000841666086409 0.00125519850371 0.00080848257267 0.000320632023587 0.000273481962061 0.000434735464942 -0.000418914163595 -0.000488242987154 -0.00138127402416 0.00269057200142 -0.000520268261493 0.00320380682528 0.00182868918473 -0.00277663564916 6.88208450908e-05 0.0270691835235 0.000593280494412 0.00124772649592 -9.13855919052e-05 -0.000701735708493 -0.000162659491986 0.00208629831016 -0.00119405616946 0.00117301858599 0.00144895325732 0.00232875607733 0.00173797700145 -0.00110448560983 0.00126976720805 
0.00280495768309 0.00122633801222 0.00158048193442 0.00195285913767 0.00169676674838 -0.000589863509514 0.00014698390635 0.000578012836085 -1.44592755991e-05 0.00331057903417 -0.000508742351107 0.00132443280782 0.00905109384917 0.000366460077784 0.00080961360216 0.00698755079871 0.000593280494412 0.0177913524071 0.00212042941936 0.00215845221632 0.00190103106082 0.000808533383655 0.000829546287731 0.001919421609 0.000141873415095 0.000106126860717 0.000775463469058 0.00316637516379 0.00213006977777 0.00246811283713 
0.00263500637407 0.00107150240454 0.000795554873436 0.00096652089559 -0.00024380803964 0.00365346326235 0.000638134977675 0.00102162328785 0.000261283513732 0.00284814181937 0.0010709833398 0.00091365347179 0.00213022736061 0.000135134688925 0.000365814770902 0.0042537707977 0.00124772649592 0.00212042941936 0.0137227644932 0.00115218721755 2.27092768921e-05 0.00281492863501 0.00141017572282 0.00268810981355 0.00130940383731 0.00236679467915 -0.000106787675712 0.00231121095102 0.00037531594357 0.0019105849599 
0.00168743214423 0.0020572716085 0.0015197938395 0.00134186944512 0.00242562364343 -0.00101968965278 0.00519791056631 0.0038593276808 0.00140688747811 0.0036109393478 0.00223231794838 0.00205301051204 0.00101189663376 0.00246963615273 0.00252998736001 0.00269913760209 -9.13855919052e-05 0.00215845221632 0.00115218721755 0.0190107914743 0.00124323623562 0.000366926338847 0.00233549858879 0.00143299565465 0.00216495238991 0.00137800047472 0.00354497637006 -0.000632827392523 0.00116589853119 0.00263479545055 
0.00135057013149 0.000628203184622 0.00129897976398 0.0006677614187 0.00176982680375 0.00134342384246 0.000880422768162 0.00136581684292 0.00103831374403 0.00181882839746 0.000966709238914 0.001110332301 0.00103557128228 0.000948870966369 0.00129451651941 0.00021984459081 -0.000701735708493 0.00190103106082 2.27092768921e-05 0.00124323623562 0.0192414990829 0.000842112528942 0.00163490002752 0.00173124534389 0.00157468550946 0.00160563340621 0.00219587174351 0.00194147596226 -0.00120254634241 0.000866246473583 
-0.000564464489945 0.000787760914925 -0.00023744008087 0.00126494285638 0.000662334812869 0.00269928284145 0.000977244569582 0.00108252812431 0.00101717418748 0.000860365924729 0.000179239642841 0.00145887252943 0.00191181009304 -0.00137993562405 0.00228139643176 0.0017595234015 -0.000162659491986 0.000808533383655 0.00281492863501 0.000366926338847 0.000842112528942 0.0423090348546 0.000863122595127 -0.00110942007735 0.0013520763025 0.000148261705488 0.000823441995149 -0.00040353339613 0.000574622076787 -0.00106742578322 
0.00183944923018 0.00150498971968 0.000245414336544 0.00129132613314 0.00108936569445 -0.000995912596074 0.00398226065842 0.000252195194601 0.00259990192857 -0.000559125413054 0.00124676260859 0.00171544771707 0.00148415046978 0.0010507953515 0.00318067048739 -0.000656243206884 0.00208629831016 0.000829546287731 0.00141017572282 0.00233549858879 0.00163490002752 0.000863122595127 0.0234582536891 0.000578250444774 0.0017225938016 0.00412165052184 0.0023767049626 0.00021571992174 -0.000362605264998 -0.000330843210265 
0.00335605840399 0.00124881213964 0.00220606564441 0.00316489333205 -0.00102449794685 -0.00136196611231 0.00112046628795 0.00165124033164 0.00119866868828 0.00252880510386 0.00126915316079 -1.36589709471e-05 0.0014352808768 0.000604413611062 0.00124489219429 0.000684833617155 -0.00119405616946 0.001919421609 0.00268810981355 0.00143299565465 0.00173124534389 -0.00110942007735 0.000578250444774 0.0778992010868 0.00138960502698 0.000940433493947 0.00134254480523 0.00225417270369 -0.000763890159077 0.00230454871337 
0.00121338022747 0.000689640134343 0.00258723106899 0.000958996365738 0.000809820815384 0.000856749619451 0.00107157426693 0.00237329832837 -0.00128448709643 0.00216285823843 0.000595793146444 0.00287056330141 -0.000184755495686 0.00218943519089 0.000736113437137 -0.00257353615817 0.00117301858599 0.000141873415095 0.00130940383731 0.00216495238991 0.00157468550946 0.0013520763025 0.0017225938016 0.00138960502698 0.0197666858575 0.00150778406628 0.00410555103544 0.00149764112007 -0.000696452870923 0.0019079103123 
0.000248873833902 0.00160579656335 0.00366631372614 0.00336734435324 0.00167369129542 0.000514610781031 0.0027079738952 0.0020138019358 0.00114541787032 0.000101335499902 0.000941202121299 -0.000564616211794 -0.000142514281609 -9.83684525951e-05 -0.000494189093453 0.00141244945771 0.00144895325732 0.000106126860717 0.00236679467915 0.00137800047472 0.00160563340621 0.000148261705488 0.00412165052184 0.000940433493947 0.00150778406628 0.0299418410238 0.000147573023683 0.00334883336654 -0.000435846229937 0.0014588030232 
0.00192488501955 0.00173216433734 0.00103713521101 0.000472613031709 0.00157634599597 0.000348224707561 0.00498744776604 0.00325253343095 0.000785033773345 -0.00064699471018 0.00365372402117 0.00166831611275 -0.00124682401161 0.00180869037161 0.00389847272591 -0.00023639855155 0.00232875607733 0.000775463469058 -0.000106787675712 0.00354497637006 0.00219587174351 0.000823441995148 0.0023767049626 0.00134254480523 0.00410555103544 0.000147573023683 0.0337682699607 -0.0013087031071 -0.00299484070073 -0.00111189284207 
0.00324010557348 0.00198932511211 0.00251434806979 0.00159668650658 0.00348719446138 -0.00138274114098 -0.00122497193278 0.00112653823503 0.000322127641693 0.00333901800375 0.000612873417919 0.000459530363696 0.00594295329414 -0.00146176466326 -0.00135781931665 0.00523434532948 0.00173797700145 0.00316637516379 0.00231121095102 -0.000632827392523 0.00194147596226 -0.00040353339613 0.000215719921739 0.00225417270369 0.00149764112007 0.00334883336654 -0.0013087031071 0.0484194860219 -0.00200127738539 0.00332768706989 
-0.00147580728382 -8.58427188124e-05 -0.00079101685436 0.000723596326959 0.00100001188752 -0.00143239299178 -0.000236513760663 -0.00195809126826 -0.00226524361161 0.000476517260571 -0.00107709002528 0.000173223419044 0.00315074911869 -0.000970461591312 0.00151091649475 0.00543985321416 -0.00110448560983 0.00213006977777 0.00037531594357 0.00116589853119 -0.00120254634241 0.000574622076787 -0.000362605264998 -0.000763890159077 -0.000696452870923 -0.000435846229937 -0.00299484070073 -0.00200127738539 0.235472155578 -0.000229273880773 
0.00133120907274 0.00241145805977 0.00106665317061 0.00183035019671 0.00165170946218 0.00272424118457 0.00143287666655 0.0012286941493 -0.000616316550786 0.00326416807826 0.000644473737155 0.000192982168639 0.0021403665411 8.75496538928e-05 -0.00118136359654 0.00229690876181 0.00126976720805 0.00246811283713 0.0019105849599 0.00263479545055 0.000866246473583 -0.00106742578322 -0.000330843210265 0.00230454871337 0.0019079103123 0.0014588030232 -0.00111189284207 0.00332768706989 -0.000229273880773 0.0131738759706 

['BSC', 'USB', 'Q', 'MO', 'MWV', 'FSH', 'HSP', 'PPG', 'SYY', 'PNW', 'ABK', 'MMM', 'APC', 'BSX', 'SLR', 'OXY', 'NKE', 'KMI', 'KSE', 'PX', 'PLL', 'PFE', 'BA', 'ADBE', 'TSN', 'DE', 'FDO', 'TXU', 'PTV', 'XEL']