50
0.0498631258667 0.0773544805674 0.135848421796 0.0135435889675 0.16701162673 0.00238062118955 0.0367129888202 0.0678408515538 0.0511719962834 0.0623269012124 0.087070388143 0.0205855922537 -0.0290439391383 0.134360436546 0.12993100308 0.0617018630506 0.0328562524986 0.0904248988876 0.0499403633474 0.162419244675 0.0123351660469 0.0464034886179 0.0121413644826 0.085684238521 0.075466134778 0.103166553638 0.0566389432936 0.0269248151276 0.0842142990337 0.0316067218978 0.0946597506959 0.399937027552 0.119808933935 0.0601344650096 0.0415474718814 0.00646873977314 -0.00773505516991 0.0524452719686 0.126255379542 0.0463620133958 0.0114549593271 0.11775000089 0.0256858872149 0.176385145314 0.0526772687529 0.0132966740539 0.0657027666716 0.0110311255814 0.0146033592013 0.0887704215167 
0.270717494527 0.0239830752063 0.017508056739 0.0106133806985 0.016410008008 0.0101559426607 -0.00627438332275 0.00244815657842 -0.0140637985522 0.0397934094814 0.0432476951154 0.00200337447924 -0.0133767418815 0.066819979467 0.0455582930165 0.0165976346697 0.00605706954637 0.0336265243477 0.0373683557638 -0.00839349783424 0.0109059822086 0.00201567273147 -0.00523320582229 0.00909623290032 -0.00171917732965 0.0116572309071 0.000322548542388 0.0243427487229 0.107314167084 0.0323174981076 0.0163201392394 0.00646709657493 -0.00330680338679 0.0011801432821 0.0160100177244 0.0467215415797 0.00978502009434 0.023049674931 -0.00288498272726 0.0128491482958 0.0310825242809 -0.0107101043049 0.0500996704327 0.00842763190307 0.0429405257628 0.0108670097048 0.0126523582669 0.0182290705747 -0.00100848271083 0.0163042138178 
0.0239830752063 0.262185954647 -0.0151330703799 0.01173230737 -0.00843774714029 0.00806565584169 0.0330640255747 0.0220197667145 0.0160332589957 0.0180364269397 0.0348521271768 0.0225715682844 0.0313104458723 -0.0178075857927 -0.000909381670018 0.0288873741531 -0.0161323394517 -0.00699076610353 0.00656422635578 0.0410186423354 0.00605902510181 0.00735866457928 0.0186486421329 0.100800775768 0.0114030593551 0.0056791944461 0.0131690298725 -0.00414519572916 0.0250572658901 0.0152780862047 0.0321154833914 0.0462625872036 -0.00129256229862 0.0362600128891 0.034719548113 0.0280113500261 0.0125110710776 0.0420450505501 0.0588585455158 0.0112654190732 0.02694429395 0.0407576283268 0.0247143693809 0.0486927881834 0.0312798775052 0.0113945782848 0.0131961756657 0.00309926203156 -0.00331248519529 0.0381036206017 
0.017508056739 -0.0151330703799 0.630335116844 -0.0033379871594 -0.0120820552895 0.016249645293 -0.00780470937064 0.0341993464837 0.0101435592896 0.0103835376922 0.0257568331945 0.000730983305717 -0.00285456801621 0.0165606099867 -0.00526172040574 0.0163615339645 0.0174008016593 0.0136941021333 0.00857559875325 0.00844128564551 -0.00983912372383 0.0157256703144 0.0113409920843 0.0139355451619 -6.78663462871e-05 0.0426162544179 -0.0212168914576 0.0152521467943 0.0180625493946 0.0221919281903 -0.000240839615255 -0.0174950350703 -0.028733505319 0.0320438978096 -0.00201601542946 0.00825186648226 0.00215946891526 0.0249127940266 0.00279373617474 0.019325302404 0.0194448692092 0.0392215992497 0.0175054901631 0.000444940401406 0.0138563488977 0.00693392753805 0.00547740861403 0.0123775807632 -0.025631429322 0.0284989335132 
0.0106133806985 0.01173230737 -0.0033379871594 0.239476722989 0.0263040373191 0.00942104536499 0.0369269078347 0.0222231565408 0.00569055877159 0.0355028492243 0.0415093628835 0.0132263805029 0.0184287269732 0.0197848913063 0.0191544155931 -0.0125759170501 0.00563367875019 -0.0116728409184 0.0149683324698 -0.024820989283 0.00022817360313 0.0208145677615 0.00251655509193 0.00898571360893 -0.000803715292003 0.00996089531865 0.00729248867019 0.0146797079957 0.0310732589481 0.0248342316832 -0.00716248335791 -0.00177395672328 0.00109562360957 0.0234229711385 0.00491247042969 0.00186231552512 0.0179448058177 0.0208889309094 0.0146354900957 0.00348640811905 0.0400514874978 0.0530038597954 0.0188879151213 0.0358558079637 0.015799184229 0.00770604693989 -0.00262179321633 0.0125047534842 -0.00291040924376 0.00130236434527 
0.016410008008 -0.00843774714029 -0.0120820552895 0.0263040373191 0.505981315443 0.0113211115107 0.0106138628025 -0.0170643184144 -0.0280509435842 0.0243501630061 0.000105400256075 0.0354230994538 0.0118905718663 -0.0107709763704 0.024219950044 -0.0153996243211 -0.00253092844987 -0.00569290167156 -0.00514926727924 -0.0095919004037 0.00378611447749 0.00895883150058 0.00127495609317 0.0104454925411 0.018492910426 0.0162949889611 0.0117706593357 0.000147130838322 -0.0120852041135 0.0104995216212 0.0445580323335 0.0170377411783 -0.00190266614651 0.0170568958601 0.00195662594277 0.0274573692236 0.0116328720557 0.0284070268344 0.0234849149021 0.0072647308712 0.0170648968802 -0.0065762023576 0.0447770656964 0.00803854254958 0.0149060857646 0.0328061546942 0.00357971477745 0.0142848735841 0.00937634111243 -0.030171630482 
0.0101559426607 0.00806565584169 0.016249645293 0.00942104536499 0.0113211115107 0.112771294104 0.0192721203522 0.0124701250082 0.0175334209519 0.0234197157774 0.00411878687499 0.0046573639598 0.0061246202713 0.0285206951221 0.0249495621809 0.0197599321898 0.0103997833759 0.0194473616204 0.041845123203 0.0214394609077 0.000983769589128 0.0112046244233 0.0243299649641 0.00337316502678 0.0169349503314 0.00345207854038 0.00533407458243 0.04185055343 0.00678007630822 0.0207525593276 0.0249538796411 0.0088896661846 0.0108140604103 0.0052425257225 0.00335065397995 0.0155981971951 0.0347762528466 0.000260351417448 0.00478434193198 0.00671043676236 0.00375627090405 0.0289987359367 0.0164437976249 0.0099736209591 0.013592627908 0.00902114065393 0.0157862588298 0.0365809440613 0.0150705344663 0.0145102275297 
-0.00627438332275 0.0330640255747 -0.00780470937064 0.0369269078347 0.0106138628025 0.0192721203522 0.274201625016 0.034744510062 0.0195063977943 0.0185518989779 0.00715633593512 0.0103209612501 0.00393036442774 -0.00145261642373 0.00586042160211 0.0139024777429 0.0581629536339 0.0168629779737 0.0293839610946 0.00298306857542 -0.0018431743408 0.0199652654903 0.0158644209998 0.026728707468 0.0398011287521 0.0153585231355 -0.000112404764796 0.0101292245619 0.019508446082 0.0194122685926 0.0422463928914 0.0216526173696 -0.0241216321253 0.0227184500882 0.0271292166444 0.0463091591079 0.00828298692113 0.0413517795914 0.0288551302596 0.0135973314454 0.0155924476209 0.0613771254786 0.0353866950903 0.0107205253999 0.0247069276897 0.0164264055588 0.0395407693484 0.0154488535135 0.0246151311792 0.0286053484892 
0.00244815657842 0.0220197667145 0.0341993464837 0.0222231565408 -0.0170643184144 0.0124701250082 0.034744510062 0.340574467681 0.00898794403145 0.0088732064861 0.00211378124436 0.00602212309181 0.00917479932996 0.0320034093924 0.00808842159254 -0.000487601710328 -0.0161898255144 0.00104559637122 0.0320123453394 0.00489345637682 0.00680402251159 0.0351118919433 0.0947585105906 0.0308546951549 0.0331272974323 -0.00394278705027 0.000574127238224 0.00250016457265 0.0291934135875 0.0211447625961 0.0307610960759 0.0139526096622 0.0199478350648 0.0357877528582 0.0198377630059 0.0248622080898 0.0184902192558 0.0218913869503 0.00329263299676 0.0215735286974 0.024522212332 0.0542104946845 0.00609441253709 0.00300318964267 0.0112581944405 0.00360211276534 -0.00196075746762 0.001148804863 0.0121564145584 0.00737653475851 
-0.0140637985522 0.0160332589957 0.0101435592896 0.00569055877159 -0.0280509435842 0.0175334209519 0.0195063977943 0.00898794403145 0.286271694291 0.00260436116509 0.0155652620392 0.0167511383493 -0.00389041477147 -0.0140844921178 0.0286751767309 0.00832717658158 0.00342523252483 -0.0230594762563 0.014826631673 0.00544428508987 -0.0028109873762 -0.0122674584049 0.000179077210844 0.0282439121352 0.118377389947 -0.0213124853181 -0.00355182889562 0.00727638585494 0.0317169837615 0.0172779324246 -0.010673967351 0.0598880179743 -0.00712762872869 0.00313681743163 0.00367386419726 0.0150194603952 0.000427643839535 -0.0181039323384 0.00316341684721 0.0244205157028 0.0202222837141 -0.0140979300776 0.00833361434942 0.00834203063698 0.0104619907431 -0.0121621453577 0.0064487835107 0.00229869069697 0.00726224326719 0.0320177390495 
0.0397934094814 0.0180364269397 0.0103835376922 0.0355028492243 0.0243501630061 0.0234197157774 0.0185518989779 0.0088732064861 0.00260436116509 0.254075771212 -0.00303802145423 0.0027104481383 -0.00013830919755 0.0250105849096 0.0114053187382 0.000497380788945 0.0182118235612 0.0212939258731 0.0362406374206 0.00671541553051 0.0212400961217 0.0202455668181 0.00115205947517 0.0340365121288 0.00366488923914 0.0118152746028 0.00168177715771 0.0147248450917 0.00926205783187 0.0393393879643 -0.00395958617866 0.0176506586802 -0.0147891223115 0.0212760289365 0.0205649312096 0.0298166369887 0.0158279212078 0.0392346294669 0.0337572443471 -0.0179726748873 0.0346420796799 0.0216551532862 0.0470054282107 0.0348221501114 0.023943513782 0.0240355775768 0.0220368651707 0.0282717360032 0.0105172400606 0.0178874789535 
0.0432476951154 0.0348521271768 0.0257568331945 0.0415093628835 0.000105400256076 0.00411878687499 0.00715633593512 0.00211378124436 0.0155652620392 -0.00303802145423 0.602125787613 0.0111533038301 0.038453073028 -0.0261600958428 0.041474708884 0.0421294252076 0.0452806439882 0.00654403397159 -8.64082997037e-05 0.00780822815337 0.0425351585415 -0.00695161957382 -0.00182046722161 0.0131508657288 0.0118443839012 0.0369515932651 0.0379039443245 -0.00133661485611 0.0910470545221 0.0146090419057 -0.00611815221869 0.0324971622075 0.0520686052843 -0.00358704348704 -0.00184206226979 0.0277912085993 0.000112236719196 0.0208579826795 0.0169257485926 0.00828159357498 0.00710580268188 0.0276306237739 0.0242555548731 0.00679286236259 0.0454625433498 0.0125649160804 0.0625469002799 -0.00228326487886 8.74317095556e-05 0.0160623127418 
0.00200337447924 0.0225715682844 0.000730983305716 0.0132263805029 0.0354230994538 0.0046573639598 0.0103209612501 0.00602212309181 0.0167511383493 0.0027104481383 0.0111533038301 0.154867412036 0.00851990009649 0.00695418539294 0.0139378848232 0.00871392413989 -0.00890140838126 -0.0210825289587 0.00314532006185 0.0244610222176 0.00459321600356 0.00983667651936 0.00961740226326 -7.11718224554e-05 0.0107599155341 -0.00529668787528 0.00849178207149 0.0270089590241 0.00704920619516 0.0236357364188 -0.0102773226796 0.0228397656938 -0.0064281278858 0.0205046125344 0.0121602377845 0.00960474483916 -0.00138110097721 0.00681587507958 -0.00226757849444 0.0172847557184 0.0069943716375 -0.000141934972969 0.0011035949435 0.0432881010034 -0.00253732466136 -0.0149304230747 -0.00163988324081 0.0151701534818 2.15993941542e-05 0.0152779745252 
-0.0133767418815 0.0313104458723 -0.00285456801621 0.0184287269732 0.0118905718663 0.0061246202713 0.00393036442774 0.00917479932996 -0.00389041477147 -0.00013830919755 0.038453073028 0.00851990009649 0.314496912833 -0.0201467205535 -0.0193276343643 0.00571749635615 0.0154977920441 0.000949281354439 0.00595042692333 0.0336588325307 0.0046697093746 0.0104744107726 0.024787298078 -0.000708885796591 -0.00707045641372 -0.0267822750609 0.034068792298 0.00138519440919 -0.0144675807189 0.00916737326236 0.0541673809434 0.0914038856905 -0.000177013113655 0.0243872846033 0.0114123284439 0.00525019852085 0.00849720789468 0.0102628965543 0.0540237303405 0.0521298200723 -0.00503572692271 -0.000686524502229 0.0125808315177 -0.0086726893583 0.0106124713297 0.0255231959095 0.00790221348495 -0.00521176789873 0.00190045723967 0.0100839977041 
0.066819979467 -0.0178075857927 0.0165606099867 0.0197848913063 -0.0107709763704 0.0285206951221 -0.00145261642373 0.0320034093924 -0.0140844921178 0.0250105849096 -0.0261600958428 0.00695418539294 -0.0201467205535 0.547586797686 0.0542460415981 0.0121790171546 0.0127851972159 0.062426486324 0.0317729285143 0.0147931620687 0.00364683612255 -0.0262178748933 0.00784761694412 0.0130657024747 0.0511595837446 -0.0189948040376 -0.00201907154353 0.0623059948498 -0.000907293062485 0.0135861370427 0.0307395788407 0.0168565114165 0.056354520803 -0.00876721651365 0.0134669029888 -0.00233829856514 0.0345906879852 0.0102119882129 -0.0087770992087 0.0141264774321 0.0237632954852 0.0474712788059 0.00278588190307 0.018004745816 -0.00774454827886 -0.00697110497368 -0.0109917632489 0.0288205232104 -0.00308939621598 0.0110139047322 
0.0455582930165 -0.000909381670018 -0.00526172040574 0.0191544155931 0.024219950044 0.0249495621809 0.00586042160211 0.00808842159254 0.0286751767309 0.0114053187382 0.041474708884 0.0139378848232 -0.0193276343643 0.0542460415981 0.633159237329 0.0153295181484 0.0413579382259 0.180350375633 0.0735151954099 0.0217042080396 0.0164575550111 -0.00488022008818 0.0126909814074 -0.00583888583474 0.031445841273 -0.017742480381 0.00355538444105 0.0626517808919 0.000836287660139 0.0128525218054 0.040449259763 0.0622725797101 -0.0119318692265 -0.0387234077325 -0.0024397151662 0.00237189449076 0.0212151977375 0.0309938568527 0.0167434676382 0.00906290938146 0.0016941319632 0.0528809498739 0.0302355797932 0.0371263564022 0.045143880267 -0.0127290473123 0.0105466927155 0.030691440051 0.00579692434238 0.0267796580283 
0.0165976346697 0.0288873741531 0.0163615339645 -0.0125759170501 -0.0153996243211 0.0197599321898 0.0139024777429 -0.000487601710328 0.00832717658158 0.000497380788945 0.0421294252076 0.00871392413989 0.00571749635615 0.0121790171546 0.0153295181484 0.246794269482 0.0164135451858 0.0267465638578 0.0181891688009 0.0239973297325 0.0165453182249 0.00707446977448 0.00630378522051 0.0190111603628 0.0174660500037 0.0108950284728 0.0306600220265 -0.00821216993408 0.0161921012903 0.00561524142796 -0.026647758951 0.0218161731491 0.00345596629091 -0.00307147781748 0.022015399395 0.0239765543023 0.00609955198995 0.0281854470772 0.0407408592468 0.00916447045901 -0.00309013219291 0.0755808004029 0.0147348907841 0.0116839539826 0.024822175454 0.00400613059128 0.0267130581 0.00350060225103 -0.000888822799271 0.0834752979261 
0.00605706954637 -0.0161323394517 0.0174008016593 0.00563367875019 -0.00253092844987 0.0103997833759 0.0581629536339 -0.0161898255144 0.00342523252483 0.0182118235612 0.0452806439882 -0.00890140838126 0.0154977920441 0.0127851972159 0.0413579382259 0.0164135451858 0.29702037 0.0444961368474 0.00876814438691 0.0110096374726 0.0279450722275 0.000658705266529 -0.0131886878756 -0.00754562309485 -0.0102317295479 0.00915541656362 -0.00249638440565 0.026223070876 0.0297331793962 0.0153050251135 0.0147370723932 0.0411020613154 0.00992805223437 0.014484450042 0.0170058079536 0.0051275491822 0.00653701209736 0.0185196055576 0.00444434758893 0.0267643335541 -0.0120463996009 0.0850400189134 0.0082353508812 0.0245962380997 -0.00115980359287 0.0666900549192 0.0539352388316 0.0191003159782 0.0124906347354 0.00624405547554 
0.0336265243477 -0.00699076610353 0.0136941021333 -0.0116728409184 -0.00569290167156 0.0194473616204 0.0168629779737 0.00104559637122 -0.0230594762563 0.0212939258731 0.00654403397159 -0.0210825289587 0.000949281354439 0.062426486324 0.180350375633 0.0267465638578 0.0444961368474 0.337628571936 0.0611798587332 0.00402817435312 0.00497924707737 -0.012218724278 0.00899750477895 0.00436863616918 -0.0180352038464 -0.0369392323896 0.0144042824386 0.0568934988534 0.0369949421902 -0.00224356654851 0.0147874337305 0.0170248947972 0.0262977769396 -0.0153831850927 0.00495645160858 0.00602458006913 0.0163475117298 0.0124152158449 0.0156905633768 0.00425027501649 -0.00160067709738 0.0625624168794 -0.0128065482329 0.0224284379608 0.0182048237541 0.00113884347442 -0.00293115301986 0.0109958864604 0.00608038519633 0.0117025298377 
0.0373683557638 0.00656422635578 0.00857559875325 0.0149683324698 -0.00514926727924 0.041845123203 0.0293839610946 0.0320123453394 0.014826631673 0.0362406374206 -8.64082997036e-05 0.00314532006185 0.00595042692333 0.0317729285143 0.0735151954099 0.0181891688009 0.00876814438691 0.0611798587332 0.245300937128 0.0388061994261 -0.00162170226679 0.00156301135165 0.0585884225513 -0.0197091947693 0.0229830592815 0.00549555834207 0.0131102558636 0.0466288188051 0.0297893468634 0.00489262261179 -0.00992873025668 0.017529480031 0.00655381145402 0.00351136427716 0.00908210918828 0.0228737096164 0.0312474949838 0.00170362200517 0.00897773541613 0.0430772964861 0.00901179781197 0.0326455094239 0.0164311378968 0.0551692326032 0.0241602993697 -0.00501341673566 0.00786378634489 0.0318064079366 0.00872135197138 0.0434648191597 
-0.00839349783424 0.0410186423354 0.00844128564551 -0.024820989283 -0.0095919004037 0.0214394609077 0.00298306857542 0.00489345637682 0.00544428508987 0.00671541553051 0.00780822815337 0.0244610222176 0.0336588325307 0.0147931620687 0.0217042080396 0.0239973297325 0.0110096374726 0.00402817435312 0.0388061994261 1.27767278885 0.0179000681339 -0.000188291308951 0.00679091133079 0.00775293293358 -0.00137851047913 0.00180599201735 0.0024563685516 -0.00895937730424 0.0150125427623 0.0169552062665 -0.000313141555645 0.00975746171729 0.24520413547 0.0191763909076 0.0197235537798 0.0167494712736 0.00901383110602 0.025213878326 0.0598685475588 0.000291587569227 -0.0107405706732 0.0409378847558 0.00900884695247 0.000294924532941 0.0109312246479 0.000584580421254 0.0051941179196 0.00826991660696 -0.0126906380621 0.0273091144403 
0.0109059822086 0.00605902510181 -0.00983912372383 0.000228173603131 0.00378611447749 0.000983769589127 -0.0018431743408 0.00680402251159 -0.0028109873762 0.0212400961217 0.0425351585415 0.00459321600356 0.0046697093746 0.00364683612255 0.0164575550111 0.0165453182249 0.0279450722275 0.00497924707737 -0.00162170226679 0.0179000681339 0.219258581662 0.0261761306758 0.00495532943073 0.00511960334297 0.00454205918959 0.0181826004675 0.0135994760406 0.00865755227711 0.00508794367511 0.0307463291283 -0.0183069936553 0.00653909617806 -0.00508960517175 -0.00410608491141 0.00784492591963 0.0253764373323 -0.00084899560096 0.00754978072697 0.019997234368 -0.00053094658178 -0.00664926770155 0.0377184955509 0.00645660681268 0.00553531396676 0.0143749954656 0.0275109869584 0.0146275953413 0.0021692924145 -0.00893286137551 0.0104415454049 
0.00201567273147 0.00735866457928 0.0157256703144 0.0208145677615 0.00895883150058 0.0112046244233 0.0199652654903 0.0351118919433 -0.0122674584049 0.0202455668181 -0.00695161957382 0.00983667651936 0.0104744107726 -0.0262178748933 -0.00488022008818 0.00707446977448 0.000658705266529 -0.012218724278 0.00156301135165 -0.000188291308951 0.0261761306758 0.180196136507 0.0101769986966 -0.00102595026675 0.00506574209142 -0.010087305753 -0.000292765647668 0.0109227936348 0.0134399506997 0.0138301883414 -0.00894778194234 0.0156967746519 0.0199215242348 0.00223935426602 0.00432324195195 0.0188503211294 0.00123571377087 0.0157047310212 0.0231702476745 -0.00222250170794 -0.00731371427112 0.00668618844041 0.0026904411456 0.0191941376032 -0.00390900941494 0.0152287581526 0.00514309161898 -0.00250554426668 -0.00247059439856 -0.0120156032378 
-0.00523320582229 0.0186486421329 0.0113409920843 0.00251655509193 0.00127495609317 0.0243299649641 0.0158644209998 0.0947585105906 0.000179077210844 0.00115205947517 -0.00182046722161 0.00961740226326 0.024787298078 0.00784761694412 0.0126909814074 0.00630378522051 -0.0131886878756 0.00899750477895 0.0585884225513 0.00679091133079 0.00495532943073 0.0101769986966 0.24106064348 -0.00755657721041 -0.00797100201513 -0.00219884261716 0.00456358945861 0.0169632663172 0.0088193157722 0.0138459961849 0.00435793520543 -0.00300826981106 -0.0193208876168 0.0133844732937 0.0181811636032 0.0283405980328 0.0154594236815 0.013577907487 0.0098985305632 -0.0139191650146 0.0133198758961 0.0363126677155 0.00374634234325 -0.0247924773506 0.00749040626147 0.0155685411366 -0.00975196105308 0.0222723840116 -0.00361222924867 0.0357460371349 
0.00909623290032 0.100800775768 0.0139355451619 0.00898571360893 0.0104454925411 0.00337316502678 0.026728707468 0.0308546951549 0.0282439121352 0.0340365121288 0.0131508657288 -7.11718224557e-05 -0.00070888579659 0.0130657024747 -0.00583888583474 0.0190111603628 -0.00754562309485 0.00436863616918 -0.0197091947693 0.00775293293358 0.00511960334297 -0.00102595026675 -0.00755657721041 0.451023937072 0.0118229516481 0.0274859065455 -0.0079081368337 -0.00111696074585 0.0613197330996 0.0130242399548 0.0337647461927 0.0419067275382 0.0185950263926 0.0227473884185 0.00518603285851 -0.00632153148947 0.00528778517062 0.0206086553494 0.0490010221042 -0.00591196014701 0.00297079176845 -0.016321527659 0.0162357067568 0.0677620261976 0.00122589735702 0.0134434558925 0.00160954488566 0.00374928903751 -0.00325028058243 0.00237148194606 
-0.00171917732965 0.0114030593551 -6.78663462869e-05 -0.000803715292003 0.018492910426 0.0169349503314 0.0398011287521 0.0331272974323 0.118377389947 0.00366488923914 0.0118443839012 0.0107599155341 -0.00707045641372 0.0511595837446 0.031445841273 0.0174660500037 -0.0102317295479 -0.0180352038464 0.0229830592815 -0.00137851047913 0.00454205918959 0.00506574209142 -0.00797100201513 0.0118229516481 0.434779369692 0.00746856644806 -0.00579972012494 0.011902179773 0.0396805409075 0.0111824873708 0.0133154264353 0.016260449735 -0.00176763947317 0.0225571714536 0.00935600594768 0.000559610848669 0.0118964278679 0.0198545097238 0.0658223736479 -0.00172818676673 0.0125553788649 0.00257402329749 0.00120288551906 -0.0100973892459 -0.00258205235766 0.00663142360813 0.0122495398255 0.00147011491527 0.0161918739742 0.0373322128677 
0.0116572309071 0.0056791944461 0.0426162544179 0.00996089531865 0.0162949889611 0.00345207854038 0.0153585231355 -0.00394278705027 -0.0213124853181 0.0118152746028 0.0369515932651 -0.00529668787528 -0.0267822750609 -0.0189948040376 -0.017742480381 0.0108950284728 0.00915541656362 -0.0369392323896 0.00549555834207 0.00180599201735 0.0181826004675 -0.010087305753 -0.00219884261716 0.0274859065455 0.00746856644806 0.36599973013 0.00645723804883 -0.00320149320016 0.0196267049516 0.0183026030691 -0.00432586859177 0.077389130644 -0.0118652344183 0.0149230114087 0.0213972434533 0.0177815182061 0.0154401252606 0.0221973504597 0.0191006983065 0.0534796224088 0.0127520107213 0.0166897241317 0.0119884278213 0.0176246667401 0.0133620708435 -0.00917215527678 -0.000291916017367 0.00575072610923 -0.00035177613671 0.0346606509318 
0.000322548542388 0.0131690298725 -0.0212168914576 0.00729248867019 0.0117706593357 0.00533407458243 -0.000112404764796 0.000574127238224 -0.00355182889562 0.00168177715771 0.0379039443245 0.00849178207149 0.034068792298 -0.00201907154353 0.00355538444105 0.0306600220265 -0.00249638440565 0.0144042824386 0.0131102558636 0.0024563685516 0.0135994760406 -0.000292765647668 0.00456358945861 -0.0079081368337 -0.00579972012494 0.00645723804883 0.196946274537 -0.00438585580512 0.0207927261961 -0.00068027006303 0.0490731564439 -0.00160527585806 -0.00818862433479 -0.00802137293506 0.000957913601872 0.00271163843415 0.00337034996956 0.0128639369562 0.0189448411325 0.00316581892868 0.0163109079522 -0.0130176307721 -0.00353772861457 0.0073364848222 -0.00653189841146 0.00157758738633 0.00374875462862 0.00198393006563 0.00446070241432 0.0152658237751 
0.0243427487229 -0.00414519572916 0.0152521467943 0.0146797079957 0.000147130838323 0.04185055343 0.0101292245619 0.00250016457265 0.00727638585494 0.0147248450917 -0.00133661485611 0.0270089590241 0.00138519440919 0.0623059948498 0.0626517808919 -0.00821216993408 0.026223070876 0.0568934988534 0.0466288188051 -0.00895937730424 0.00865755227711 0.0109227936348 0.0169632663172 -0.00111696074585 0.011902179773 -0.00320149320016 -0.00438585580512 0.185399465296 0.0127383406543 0.0204641289876 0.0258440670785 0.00541898284885 0.0246000347491 -0.00197098940117 0.0128830509183 0.00729449595028 0.0455886825049 0.0060515315568 0.00131519581433 0.0153199448899 0.00637266126172 0.0136810291264 -0.00307803514722 0.00992288310067 0.00488807756947 0.00349244950299 0.00664670115973 0.0352566874968 0.0176919275343 0.0300903233321 
0.107314167084 0.0250572658901 0.0180625493946 0.0310732589481 -0.0120852041135 0.00678007630822 0.019508446082 0.0291934135875 0.0317169837615 0.00926205783187 0.0910470545221 0.00704920619516 -0.0144675807189 -0.000907293062485 0.000836287660139 0.0161921012903 0.0297331793962 0.0369949421902 0.0297893468634 0.0150125427623 0.00508794367511 0.0134399506997 0.0088193157722 0.0613197330996 0.0396805409075 0.0196267049516 0.0207927261961 0.0127383406543 0.494287071206 -0.00143249071516 0.0121443621226 0.094998325419 0.0391413637784 -0.0231769393858 0.00229085155035 0.00660097927272 -0.00529593387935 0.0351839518428 0.0409411374721 0.0101958215026 0.0436353204832 -0.0439737348036 0.0101545503016 0.0578648044838 0.0273769606749 0.0269459212838 -0.00640079296455 -0.009296010508 0.025140638483 -0.00577515827859 
0.0323174981076 0.0152780862047 0.0221919281903 0.0248342316832 0.0104995216212 0.0207525593276 0.0194122685926 0.0211447625961 0.0172779324246 0.0393393879643 0.0146090419057 0.0236357364188 0.00916737326236 0.0135861370427 0.0128525218054 0.00561524142795 0.0153050251135 -0.00224356654851 0.00489262261179 0.0169552062665 0.0307463291283 0.0138301883414 0.0138459961849 0.0130242399548 0.0111824873708 0.0183026030691 -0.000680270063028 0.0204641289876 -0.00143249071516 0.123245710104 0.0169310732499 0.0171363221476 -0.0152376232754 0.0148289276747 0.0252611910236 0.0526542470629 0.022401404047 0.0226143758239 0.0188839336582 0.00102303361005 0.0286859673159 0.0408407320908 0.023945442045 0.0202762584305 0.0218898308304 0.00697084593553 0.0212689074594 0.0194105728987 0.00821454027142 0.0257546820131 
0.0163201392394 0.0321154833914 -0.000240839615255 -0.00716248335791 0.0445580323335 0.0249538796411 0.0422463928914 0.0307610960759 -0.010673967351 -0.00395958617866 -0.00611815221869 -0.0102773226796 0.0541673809434 0.0307395788407 0.040449259763 -0.026647758951 0.0147370723932 0.0147874337305 -0.00992873025668 -0.000313141555645 -0.0183069936553 -0.00894778194234 0.00435793520543 0.0337647461927 0.0133154264353 -0.00432586859177 0.0490731564439 0.0258440670785 0.0121443621226 0.0169310732499 0.441306392417 0.0267861864437 -0.000662061855208 0.00207467675355 0.00931248314632 0.00602181086441 0.0251582166065 0.0223460922321 0.0434540214126 0.0345500342525 0.000488338070665 0.000877190249972 0.012690099433 0.077520811453 0.0156228390805 0.00219795946991 -0.00545293251594 0.0137932048756 0.0276935883047 -0.00132428687328 
0.00646709657493 0.0462625872036 -0.0174950350703 -0.00177395672328 0.0170377411783 0.0088896661846 0.0216526173696 0.0139526096622 0.0598880179743 0.0176506586802 0.0324971622075 0.0228397656938 0.0914038856905 0.0168565114165 0.0622725797101 0.0218161731491 0.0411020613154 0.0170248947972 0.017529480031 0.00975746171729 0.00653909617806 0.0156967746519 -0.00300826981106 0.0419067275382 0.016260449735 0.077389130644 -0.00160527585806 0.00541898284885 0.094998325419 0.0171363221476 0.0267861864437 1.30389841598 0.0431839584146 -0.0256845846408 0.0486475691305 0.00500124723437 0.0138788618718 0.0140742242286 0.102817649447 0.00295437318767 0.0243383357009 0.136092478356 -0.0139291982954 0.0397795700864 0.00635455010844 0.008413005523 0.0232373324338 0.0093392577841 0.0219510828971 0.00237483792395 
-0.00330680338679 -0.00129256229862 -0.028733505319 0.00109562360957 -0.00190266614651 0.0108140604103 -0.0241216321253 0.0199478350648 -0.00712762872869 -0.0147891223115 0.0520686052843 -0.0064281278858 -0.000177013113655 0.056354520803 -0.0119318692265 0.00345596629091 0.00992805223437 0.0262977769396 0.00655381145402 0.24520413547 -0.00508960517175 0.0199215242348 -0.0193208876168 0.0185950263926 -0.00176763947317 -0.0118652344183 -0.00818862433479 0.0246000347491 0.0391413637784 -0.0152376232754 -0.000662061855208 0.0431839584146 0.588021028524 0.0165792391573 0.0187826241849 -0.0197741732386 0.0150315916531 -0.00434141540348 0.00180670646491 -0.0105545937857 0.000527487355542 -0.0241583057316 -0.00875172347022 -0.0336517949312 0.0424249565946 -0.00626146175445 0.005086823939 0.0205197447737 0.00349983826983 -0.0273483852237 
0.0011801432821 0.0362600128891 0.0320438978096 0.0234229711385 0.0170568958601 0.0052425257225 0.0227184500882 0.0357877528582 0.00313681743163 0.0212760289365 -0.00358704348704 0.0205046125344 0.0243872846033 -0.00876721651365 -0.0387234077325 -0.00307147781748 0.014484450042 -0.0153831850927 0.00351136427716 0.0191763909076 -0.00410608491141 0.00223935426602 0.0133844732937 0.0227473884185 0.0225571714536 0.0149230114087 -0.00802137293506 -0.00197098940117 -0.0231769393858 0.0148289276747 0.00207467675355 -0.0256845846408 0.0165792391573 0.277732884713 0.0223746653066 0.0172857691709 -0.00513248971582 0.0299424340012 -0.0153722154947 0.00785863211927 0.0201323582942 0.0186888543123 0.0102131183809 0.0232805814622 -0.00496095370859 0.0560527286499 0.00945789245225 0.00617114029106 -0.0142624604681 0.021674517543 
0.0160100177244 0.034719548113 -0.00201601542946 0.00491247042969 0.00195662594277 0.00335065397995 0.0271292166444 0.0198377630059 0.00367386419726 0.0205649312096 -0.00184206226979 0.0121602377845 0.0114123284439 0.0134669029888 -0.0024397151662 0.022015399395 0.0170058079536 0.00495645160858 0.00908210918828 0.0197235537798 0.00784492591963 0.00432324195195 0.0181811636032 0.00518603285851 0.00935600594768 0.0213972434533 0.000957913601872 0.0128830509183 0.00229085155035 0.0252611910236 0.00931248314632 0.0486475691305 0.0187826241849 0.0223746653066 0.166751288303 0.023446283026 0.0142935788296 0.0153663324321 0.0331579831834 0.0213321696847 0.0219681473943 0.00569809278762 0.0107402227314 0.055183512081 0.00483053654009 0.0250177167356 0.0271286363018 0.0095274373213 0.00421024037071 0.0188622238344 
0.0467215415797 0.0280113500261 0.00825186648226 0.00186231552512 0.0274573692236 0.0155981971951 0.0463091591079 0.0248622080898 0.0150194603952 0.0298166369887 0.0277912085993 0.00960474483916 0.00525019852085 -0.00233829856514 0.00237189449076 0.0239765543023 0.0051275491822 0.00602458006913 0.0228737096164 0.0167494712736 0.0253764373323 0.0188503211294 0.0283405980328 -0.00632153148947 0.000559610848669 0.0177815182061 0.00271163843415 0.00729449595028 0.00660097927272 0.0526542470629 0.00602181086441 0.00500124723437 -0.0197741732386 0.0172857691709 0.023446283026 0.172395579218 0.00766211145932 0.0186421599712 0.0164430291808 0.021796095929 0.0400509264987 0.0361016156053 0.031578600631 0.0228449382048 0.03320444774 0.0176123718899 0.0141921930453 0.0226685404138 0.00886909627531 0.0281220041545 
0.00978502009434 0.0125110710776 0.00215946891526 0.0179448058177 0.0116328720557 0.0347762528466 0.00828298692113 0.0184902192558 0.000427643839534 0.0158279212078 0.000112236719196 -0.00138110097721 0.00849720789468 0.0345906879852 0.0212151977375 0.00609955198995 0.00653701209736 0.0163475117298 0.0312474949838 0.00901383110602 -0.000848995600961 0.00123571377087 0.0154594236815 0.00528778517062 0.0118964278679 0.0154401252606 0.00337034996956 0.0455886825049 -0.00529593387935 0.022401404047 0.0251582166065 0.0138788618718 0.0150315916531 -0.00513248971582 0.0142935788296 0.00766211145932 0.122267421378 0.0140184670337 0.0183298912729 0.0113459364334 0.0238627730803 0.0271481978937 0.00626950650858 0.0171573350601 0.00970954808683 0.00463907855721 0.00602109269865 0.0423275827836 0.00498071876932 0.00730571063435 
0.023049674931 0.0420450505501 0.0249127940266 0.0208889309094 0.0284070268344 0.000260351417447 0.0413517795914 0.0218913869503 -0.0181039323384 0.0392346294669 0.0208579826795 0.00681587507958 0.0102628965543 0.0102119882129 0.0309938568527 0.0281854470772 0.0185196055576 0.0124152158449 0.00170362200517 0.025213878326 0.00754978072697 0.0157047310212 0.013577907487 0.0206086553494 0.0198545097238 0.0221973504597 0.0128639369562 0.0060515315568 0.0351839518428 0.0226143758239 0.0223460922321 0.0140742242286 -0.00434141540348 0.0299424340012 0.0153663324321 0.0186421599712 0.0140184670337 0.261522815544 0.0531709947599 0.00134764318886 0.021174926781 -0.00172434825715 0.00280418499499 0.00914382504785 0.0269632373125 0.0226292232213 0.017295650189 0.0111885083371 0.0124809012096 0.0283264494645 
-0.00288498272726 0.0588585455158 0.00279373617474 0.0146354900957 0.0234849149021 0.00478434193198 0.0288551302596 0.00329263299676 0.00316341684721 0.0337572443471 0.0169257485926 -0.00226757849444 0.0540237303405 -0.0087770992087 0.0167434676382 0.0407408592468 0.00444434758893 0.0156905633768 0.00897773541613 0.0598685475588 0.019997234368 0.0231702476745 0.0098985305632 0.0490010221042 0.0658223736479 0.0191006983065 0.0189448411325 0.00131519581433 0.0409411374721 0.0188839336582 0.0434540214126 0.102817649447 0.00180670646491 -0.0153722154947 0.0331579831834 0.0164430291808 0.0183298912729 0.0531709947599 0.506094474943 0.00718756169387 0.0123575791943 -0.0290945290197 0.0146600497219 0.0344162020833 0.028571579211 0.0329373604744 0.0196383312861 -0.00235256740272 0.0344965445931 0.0348097923882 
0.0128491482958 0.0112654190732 0.019325302404 0.00348640811905 0.0072647308712 0.00671043676236 0.0135973314454 0.0215735286974 0.0244205157028 -0.0179726748873 0.00828159357498 0.0172847557184 0.0521298200723 0.0141264774321 0.00906290938146 0.00916447045901 0.0267643335541 0.00425027501649 0.0430772964861 0.000291587569227 -0.00053094658178 -0.00222250170794 -0.0139191650146 -0.00591196014701 -0.00172818676673 0.0534796224088 0.00316581892868 0.0153199448899 0.0101958215026 0.00102303361005 0.0345500342525 0.00295437318767 -0.0105545937857 0.00785863211927 0.0213321696847 0.021796095929 0.0113459364334 0.00134764318886 0.00718756169387 0.393910246205 0.00853914863986 -0.0133020992472 0.00606798181747 0.0395857074073 -0.0139623143624 0.0205523783919 0.0112461082909 0.00143650523008 0.0135528397778 -0.000307555552467 
0.0310825242809 0.02694429395 0.0194448692092 0.0400514874978 0.0170648968802 0.00375627090405 0.0155924476209 0.024522212332 0.0202222837141 0.0346420796799 0.00710580268188 0.0069943716375 -0.00503572692271 0.0237632954852 0.0016941319632 -0.00309013219291 -0.0120463996009 -0.00160067709738 0.00901179781197 -0.0107405706732 -0.00664926770155 -0.00731371427112 0.0133198758961 0.00297079176845 0.0125553788649 0.0127520107213 0.0163109079522 0.00637266126172 0.0436353204832 0.0286859673159 0.000488338070665 0.0243383357009 0.000527487355541 0.0201323582942 0.0219681473943 0.0400509264987 0.0238627730803 0.021174926781 0.0123575791943 0.00853914863986 0.14959508689 0.0143026032287 0.0251825937533 0.0147677815369 0.00812947705437 0.0178830875517 0.014167576313 0.0164367702588 0.0215868436766 0.0036933856136 
-0.0107101043049 0.0407576283268 0.0392215992497 0.0530038597954 -0.0065762023576 0.0289987359367 0.0613771254786 0.0542104946845 -0.0140979300776 0.0216551532862 0.0276306237739 -0.000141934972969 -0.000686524502229 0.0474712788059 0.0528809498739 0.0755808004029 0.0850400189134 0.0625624168794 0.0326455094239 0.0409378847558 0.0377184955509 0.00668618844041 0.0363126677155 -0.016321527659 0.00257402329749 0.0166897241317 -0.0130176307721 0.0136810291264 -0.0439737348036 0.0408407320908 0.000877190249972 0.136092478356 -0.0241583057316 0.0186888543123 0.00569809278762 0.0361016156053 0.0271481978937 -0.00172434825715 -0.0290945290197 -0.0133020992472 0.0143026032287 0.866221141696 -0.0431286504311 -0.00237935927373 0.0318836130091 0.0409715105753 0.0633129371779 0.0332823571175 -0.0243086946825 0.100910305327 
0.0500996704327 0.0247143693809 0.0175054901631 0.0188879151213 0.0447770656964 0.0164437976249 0.0353866950903 0.00609441253709 0.00833361434942 0.0470054282107 0.0242555548731 0.0011035949435 0.0125808315177 0.00278588190307 0.0302355797932 0.0147348907841 0.0082353508812 -0.0128065482329 0.0164311378968 0.00900884695247 0.00645660681268 0.0026904411456 0.00374634234325 0.0162357067568 0.00120288551906 0.0119884278213 -0.00353772861457 -0.00307803514722 0.0101545503016 0.023945442045 0.012690099433 -0.0139291982954 -0.00875172347022 0.0102131183809 0.0107402227314 0.031578600631 0.00626950650858 0.00280418499499 0.0146600497219 0.00606798181747 0.0251825937533 -0.0431286504311 0.200327696186 0.0117741655798 0.00794317561304 0.00265183637383 0.0343039722368 0.00583683332358 0.00469113352344 0.0284600973452 
0.00842763190307 0.0486927881834 0.000444940401406 0.0358558079637 0.00803854254958 0.0099736209591 0.0107205253999 0.00300318964267 0.00834203063698 0.0348221501114 0.00679286236259 0.0432881010034 -0.0086726893583 0.018004745816 0.0371263564022 0.0116839539826 0.0245962380997 0.0224284379608 0.0551692326032 0.000294924532941 0.00553531396676 0.0191941376032 -0.0247924773506 0.0677620261976 -0.0100973892459 0.0176246667401 0.0073364848222 0.00992288310067 0.0578648044838 0.0202762584305 0.077520811453 0.0397795700864 -0.0336517949312 0.0232805814622 0.055183512081 0.0228449382048 0.0171573350601 0.00914382504785 0.0344162020833 0.0395857074073 0.0147677815369 -0.00237935927373 0.0117741655798 0.610295105115 -0.0191292832834 0.0203841799834 -0.00873875012156 0.00940078427344 0.00320449032802 0.051973802473 
0.0429405257628 0.0312798775052 0.0138563488977 0.015799184229 0.0149060857646 0.013592627908 0.0247069276897 0.0112581944405 0.0104619907431 0.023943513782 0.0454625433498 -0.00253732466136 0.0106124713297 -0.00774454827886 0.045143880267 0.024822175454 -0.00115980359287 0.0182048237541 0.0241602993697 0.0109312246479 0.0143749954656 -0.00390900941494 0.00749040626147 0.00122589735702 -0.00258205235766 0.0133620708435 -0.00653189841146 0.00488807756947 0.0273769606749 0.0218898308304 0.0156228390805 0.00635455010844 0.0424249565946 -0.00496095370859 0.00483053654009 0.03320444774 0.00970954808684 0.0269632373125 0.028571579211 -0.0139623143624 0.00812947705437 0.0318836130091 0.00794317561304 -0.0191292832834 0.236994459614 0.0047781682744 0.0219256566162 0.00908696647592 0.00405360392986 0.0158719416523 
0.0108670097048 0.0113945782848 0.00693392753805 0.00770604693989 0.0328061546942 0.00902114065393 0.0164264055588 0.00360211276534 -0.0121621453577 0.0240355775768 0.0125649160804 -0.0149304230747 0.0255231959095 -0.00697110497368 -0.0127290473123 0.00400613059128 0.0666900549192 0.00113884347442 -0.00501341673566 0.000584580421254 0.0275109869584 0.0152287581526 0.0155685411366 0.0134434558925 0.00663142360813 -0.00917215527678 0.00157758738633 0.00349244950299 0.0269459212838 0.00697084593553 0.00219795946991 0.008413005523 -0.00626146175445 0.0560527286499 0.0250177167356 0.0176123718899 0.00463907855721 0.0226292232213 0.0329373604744 0.0205523783919 0.0178830875517 0.0409715105753 0.00265183637383 0.0203841799834 0.0047781682744 0.283081546015 0.0299373865911 0.000776363558334 0.00537183941829 0.00171668123667 
0.0126523582669 0.0131961756657 0.00547740861403 -0.00262179321633 0.00357971477745 0.0157862588298 0.0395407693484 -0.00196075746762 0.0064487835107 0.0220368651707 0.0625469002799 -0.00163988324081 0.00790221348495 -0.0109917632489 0.0105466927155 0.0267130581 0.0539352388316 -0.00293115301986 0.00786378634489 0.0051941179196 0.0146275953413 0.00514309161898 -0.00975196105308 0.00160954488566 0.0122495398255 -0.000291916017367 0.00374875462862 0.00664670115973 -0.00640079296455 0.0212689074594 -0.00545293251594 0.0232373324338 0.005086823939 0.00945789245225 0.0271286363018 0.0141921930453 0.00602109269865 0.017295650189 0.0196383312861 0.0112461082909 0.014167576313 0.0633129371779 0.0343039722368 -0.00873875012156 0.0219256566162 0.0299373865911 0.164550129925 0.00844420786379 0.0244690211296 0.00421292476046 
