20
0.0408230851415 0.0861150338972 0.0429486266904 0.0755027876102 0.0392369654355 0.0482129600444 0.0292815331214 0.28152338764 0.165275344352 0.0205855922537 0.0358419118375 0.0384658872101 0.0270606760034 0.0731585002716 0.102864057578 0.0464034886179 0.124759587163 0.0541634245192 0.0283013122104 0.101218808556 
0.215518057075 0.0249099024897 0.00297986272893 0.024661322023 0.0342839069295 0.0226271143152 0.0248012014588 -0.00973443859884 -0.00108659943579 0.00320441905962 0.0162463313233 0.0302356082563 0.0193233587391 0.0104134178749 0.0287289831478 0.0101375687935 0.056153717011 0.00580428812917 0.00520642590807 0.0252889892155 
0.0249099024897 0.244777747856 -0.000134539956614 0.0518334765855 0.0326980385005 0.0197729304992 0.0227171325874 -0.0230600133202 0.0151028404596 0.00836628829369 0.0276273438525 0.0226033693416 0.00619732152645 0.0311975747531 0.0322567903676 0.00310164643504 0.043878572122 -0.00278995865895 0.00322218632846 0.04700170137 
0.00297986272893 -0.000134539956615 0.222111639888 0.0173262025028 0.0203704750259 -0.000539601919043 0.0086335183174 0.0100127137486 -0.0105108225472 0.0114256022395 0.0139224393626 0.0185415651509 0.0154915436779 0.0281578017975 0.00713773924775 0.00753440197696 0.0194135827239 0.0272875664147 0.00656191062721 0.026009615369 
0.024661322023 0.0518334765855 0.0173262025028 0.732898251499 0.0292087280615 0.0261903515767 0.00560564799834 0.00228029450049 0.0146791022697 0.0112731526678 0.0392947903073 0.0132749158785 -0.0172767753442 0.0219336982138 0.0211404753199 0.00112017383625 0.0730389635259 -0.0273551349683 -0.0352369639223 0.0127012372945 
0.0342839069295 0.0326980385005 0.0203704750259 0.0292087280615 0.189115402173 0.0218554133735 0.0502819180396 -0.00301548631553 0.0230485755069 0.0238378690117 0.0155600315177 0.0620618166196 0.0195170978492 0.0213117316526 -0.0042674914365 0.00927357054771 0.0197592373088 0.0327802262939 0.0247968262545 0.0443416151464 
0.0226271143152 0.0197729304992 -0.000539601919043 0.0261903515767 0.0218554133735 0.288757163244 0.0239678341966 0.0055812646521 -0.00807000305256 -0.00147284466715 0.0357863348596 0.0324179994825 0.0278752820651 -0.0049062198796 0.00143825267021 0.00391792981652 0.054810918464 0.042970449534 0.0159427415227 0.026872869691 
0.0248012014588 0.0227171325874 0.0086335183174 0.00560564799834 0.0502819180396 0.0239678341966 0.163777474753 -0.00358295168339 0.00236567026896 0.0174883549045 0.0231552333866 0.0341366073109 0.0140299808926 0.0206177515428 -0.0117805934981 0.0117276408948 0.00637043250661 -0.00836322112798 0.0216213275521 0.0331570080669 
-0.00973443859884 -0.0230600133202 0.0100127137486 0.00228029450049 -0.00301548631554 0.0055812646521 -0.00358295168339 1.68727964135 0.954763301634 -0.0170222717171 -0.00393504178612 -0.00967003839279 -0.0202734625505 -0.00781222063801 -0.00737365319248 -0.00848609615693 -0.0168782771214 -0.01929545898 -0.00879187919554 -0.026404831921 
-0.00108659943579 0.0151028404596 -0.0105108225472 0.0146791022697 0.0230485755069 -0.00807000305256 0.00236567026896 0.954763301634 0.992938431476 -0.00467352422732 -0.000731836785901 0.0174312353795 -0.00437669315746 0.00983176030235 -0.00393135731546 -0.00121201634481 -0.0123335121263 -0.00436793884708 0.0151801982938 0.0180767043159 
0.00320441905962 0.00836628829369 0.0114256022395 0.0112731526678 0.0238378690117 -0.00147284466715 0.0174883549045 -0.0170222717171 -0.00467352422732 0.174043294996 0.0150061373697 0.0237818725051 0.00484793243703 -0.00816604256155 0.0145291650989 0.0123376660699 -0.00927376153147 0.0159050340349 0.00777602626924 0.0251442046798 
0.0162463313233 0.0276273438525 0.0139224393626 0.0392947903073 0.0155600315177 0.0357863348596 0.0231552333866 -0.00393504178612 -0.000731836785902 0.0150061373697 0.220738385759 0.0396141218954 0.01867704114 0.0182625113348 0.0426462341169 -0.0015833780266 0.0311018133798 0.0132548256014 0.018479496468 0.0220767854017 
0.0302356082563 0.0226033693416 0.0185415651509 0.0132749158785 0.0620618166196 0.0324179994825 0.0341366073109 -0.00967003839279 0.0174312353795 0.0237818725051 0.0396141218954 0.244416289979 0.0155000360695 0.0282937393855 0.0027589873674 0.0226547935481 0.00188680727699 0.0240043703877 0.022525071457 0.0461293628539 
0.0193233587391 0.00619732152645 0.0154915436779 -0.0172767753442 0.0195170978492 0.0278752820651 0.0140299808926 -0.0202734625505 -0.00437669315746 0.00484793243703 0.01867704114 0.0155000360695 0.240260857655 0.0170316484822 0.0735334966299 0.000264262646387 0.0501076061887 -0.00397657257916 0.00142557805913 0.000353011787234 
0.0104134178749 0.0311975747531 0.0281578017975 0.0219336982138 0.0213117316526 -0.0049062198796 0.0206177515428 -0.00781222063801 0.00983176030235 -0.00816604256155 0.0182625113348 0.0282937393855 0.0170316484822 0.349933148418 0.00701944441205 0.0243522420589 -0.016393947662 0.00418896785196 -0.00516256530438 0.0023558835324 
0.0287289831478 0.0322567903676 0.00713773924775 0.0211404753199 -0.0042674914365 0.00143825267021 -0.0117805934981 -0.00737365319248 -0.00393135731546 0.0145291650989 0.0426462341169 0.0027589873674 0.0735334966299 0.00701944441205 0.618326315986 -0.000816146977912 0.0835663965035 0.0106818278106 0.0300971918322 0.0148352626053 
0.0101375687935 0.00310164643504 0.00753440197696 0.00112017383625 0.00927357054771 0.00391792981652 0.0117276408948 -0.00848609615693 -0.00121201634481 0.0123376660699 -0.0015833780266 0.0226547935481 0.000264262646387 0.0243522420589 -0.000816146977912 0.194799247003 -0.00038000918969 0.0295098295609 0.0176074238868 0.0103988120495 
0.056153717011 0.043878572122 0.0194135827239 0.0730389635259 0.0197592373088 0.054810918464 0.00637043250661 -0.0168782771214 -0.0123335121263 -0.00927376153148 0.0311018133798 0.00188680727699 0.0501076061887 -0.016393947662 0.0835663965035 -0.00038000918969 0.321928757885 0.038861805064 -0.000598059865779 0.0258634388653 
0.00580428812917 -0.00278995865895 0.0272875664147 -0.0273551349683 0.0327802262939 0.042970449534 -0.00836322112798 -0.01929545898 -0.00436793884708 0.0159050340349 0.0132548256014 0.0240043703877 -0.00397657257916 0.00418896785196 0.0106818278106 0.0295098295609 0.038861805064 0.310912881956 0.0535391030287 0.0315123127064 
0.00520642590807 0.00322218632846 0.00656191062721 -0.0352369639223 0.0247968262545 0.0159427415227 0.0216213275521 -0.00879187919554 0.0151801982938 0.00777602626924 0.018479496468 0.022525071457 0.00142557805913 -0.00516256530438 0.0300971918322 0.0176074238868 -0.000598059865779 0.0535391030287 0.209834522401 0.0116625809501 
0.0252889892155 0.04700170137 0.026009615369 0.0127012372945 0.0443416151464 0.026872869691 0.0331570080669 -0.026404831921 0.0180767043159 0.0251442046798 0.0220767854017 0.0461293628539 0.000353011787234 0.0023558835324 0.0148352626053 0.0103988120495 0.0258634388653 0.0315123127064 0.0116625809501 0.35138185484 
0.0186644112401 0.00215726083619 0.000258063682304 0.00213573313628 0.00296907343419 0.00195956558113 0.00214784705077 -0.000843027111817 -9.41022715131e-05 0.000277510831 0.00140697356443 0.00261848048488 0.00167345195545 0.000901828441988 0.00248800292309 0.000877939210775 0.00486305454485 0.000502666097074 0.000450889709931 0.00219009070967 
0.00215726083619 0.0211983747925 -1.16515020252e-05 0.00448891074895 0.00283173319953 0.00171238601195 0.00196736139219 -0.00199705573469 0.00130794435073 0.000724541819772 0.00239259816153 0.0019575092061 0.000536703787733 0.00270178922726 0.00279351999028 0.00026861046063 0.00379999581395 -0.000241617507416 0.000279049521618 0.00407046674075 
0.000258063682304 -1.16515020252e-05 0.0192354322619 0.00150049315185 0.00176413488596 -4.67308969822e-05 0.00074768461869 0.000867126446713 -0.000910263934057 0.000989486179291 0.00120571861707 0.00160574664466 0.00134160703689 0.00243853716714 0.000618146351414 0.000652498351437 0.00168126558173 0.00236317257226 0.000568278130052 0.00225249876522 
0.00213573313628 0.00448891074895 0.00150049315185 0.0634708504187 0.00252955005135 0.00226815097994 0.000485463357123 0.000197479296553 0.00127124754703 0.000976283659101 0.00340302866425 0.00114964143839 -0.00149621263436 0.00189951398521 0.00183081886751 9.70098998847e-05 0.00632535978796 -0.00236902418065 -0.00305161059089 0.00109995941565 
0.00296907343419 0.00283173319953 0.00176413488596 0.00252955005135 0.0163778742529 0.00189273431917 0.00435454183733 -0.000261148775402 0.001996065191 0.00206442001362 0.0013475382578 0.00537471097976 0.00169023025456 0.00184565010098 -0.000369575599444 0.000803114767811 0.00171120014688 0.00283885087123 0.00214746814696 0.00384009651616 
0.00195956558113 0.00171238601195 -4.67308969822e-05 0.00226815097994 0.00189273431917 0.0250071038894 0.00207567532879 0.000483351697396 -0.000698882765213 -0.000127552089758 0.00309918750968 0.00280748110917 0.0024140702406 -0.000424891105229 0.000124556334946 0.000339302675135 0.00474676477945 0.00372135009085 0.00138068191646 0.0023272587825 
0.00214784705077 0.00196736139219 0.00074768461869 0.000485463357123 0.00435454183733 0.00207567532879 0.0141835453704 -0.000310292717835 0.000204873054989 0.00151453596177 0.00200530203433 0.00295631691303 0.00121503198676 0.0017855496605 -0.0010202293241 0.00101564349413 0.000551695638382 -0.000724276195429 0.00187246189237 0.00287148112994 
-0.000843027111817 -0.00199705573469 0.000867126446713 0.000197479296553 -0.000261148775402 0.000483351697396 -0.000310292717835 0.146122703269 0.0826849273816 -0.00147417197371 -0.000340784615173 -0.000837449890373 -0.00175573335914 -0.000676558153248 -0.000638577098338 -0.000734917485086 -0.00146170167593 -0.00167103576543 -0.000761399073034 -0.00228672552263 
-9.4102271513e-05 0.00130794435073 -0.000910263934057 0.00127124754703 0.001996065191 -0.000698882765213 0.000204873054989 0.0826849273816 0.0859909906052 -0.000404739070606 -6.33789248015e-05 0.0015095892658 -0.000379032745893 0.000851455418576 -0.000340465530654 -0.000104963694441 -0.00106811348192 -0.000378274600375 0.00131464373569 0.00156548851543 
0.000277510831 0.000724541819772 0.000989486179291 0.000976283659101 0.00206442001362 -0.000127552089758 0.00151453596177 -0.00147417197371 -0.000404739070606 0.0150725914825 0.00129956961748 0.0020595705739 0.00041984326463 -0.000707200030669 0.00125826260714 0.00106847322399 -0.00080313130749 0.00137741635223 0.000673423628965 0.00217755200107 
0.00140697356443 0.00239259816153 0.00120571861707 0.00340302866425 0.0013475382578 0.00309918750968 0.00200530203433 -0.000340784615173 -6.33789248015e-05 0.00129956961748 0.0191165049658 0.00343068359101 0.00161747920948 0.00158157987528 0.0036932722121 -0.000137124559483 0.00269349604907 0.00114790156935 0.00160037133905 0.00191190569918 
0.00261848048488 0.0019575092061 0.00160574664466 0.00114964143839 0.00537471097976 0.00280748110917 0.00295631691303 -0.000837449890373 0.0015095892658 0.0020595705739 0.00343068359101 0.0211670716221 0.00134234249958 0.00245030970759 0.000238935314889 0.00196196267302 0.000163402303392 0.00207883945576 0.00195072841038 0.00399492000919 
0.00167345195545 0.000536703787733 0.00134160703689 -0.00149621263436 0.00169023025456 0.0024140702406 0.00121503198676 -0.00175573335914 -0.000379032745893 0.00041984326463 0.00161747920948 0.00134234249958 0.0208072006264 0.00147498402539 0.00636818761106 2.28858165042e-05 0.00433944598822 -0.000344381287354 0.000123458681428 3.0571717558e-05 
0.000901828441988 0.00270178922726 0.00243853716714 0.00189951398521 0.00184565010098 -0.000424891105229 0.0017855496605 -0.000676558153248 0.000851455418576 -0.000707200030669 0.00158157987528 0.00245030970759 0.00147498402539 0.0303050996156 0.000607901718129 0.00210896602621 -0.00141975751436 0.000362775257543 -0.000447091270229 0.000204025498742 
0.00248800292309 0.00279351999028 0.000618146351414 0.00183081886751 -0.000369575599444 0.000124556334946 -0.0010202293241 -0.000638577098338 -0.000340465530654 0.00125826260714 0.0036932722121 0.000238935314889 0.00636818761106 0.000607901718129 0.0535486297473 -7.06804016094e-05 0.00723706222747 0.000925073424287 0.00260649327092 0.0012847714288 
0.000877939210775 0.00026861046063 0.000652498351437 9.70098998847e-05 0.000803114767811 0.000339302675135 0.00101564349413 -0.000734917485086 -0.000104963694441 0.00106847322399 -0.000137124559483 0.00196196267302 2.28858165042e-05 0.00210896602621 -7.06804016094e-05 0.0168701096543 -3.29097611943e-05 0.0025556262061 0.00152484763811 0.000900563540406 
0.00486305454485 0.00379999581395 0.00168126558173 0.00632535978796 0.00171120014688 0.00474676477945 0.000551695638382 -0.00146170167593 -0.00106811348192 -0.00080313130749 0.00269349604907 0.000163402303392 0.00433944598822 -0.00141975751436 0.00723706222748 -3.29097611943e-05 0.0278798482537 0.00336553104223 -5.17935036749e-05 0.00223983950866 
0.000502666097074 -0.000241617507416 0.00236317257226 -0.00236902418065 0.00283885087123 0.00372135009085 -0.000724276195429 -0.00167103576543 -0.000378274600375 0.00137741635223 0.00114790156935 0.00207883945576 -0.000344381287354 0.000362775257543 0.000925073424287 0.0025556262061 0.00336553104223 0.0269258454138 0.00463662233186 0.00272904633358 
0.000450889709931 0.000279049521618 0.000568278130052 -0.00305161059089 0.00214746814696 0.00138068191646 0.00187246189237 -0.000761399073034 0.00131464373569 0.000673423628965 0.00160037133905 0.00195072841038 0.000123458681428 -0.000447091270229 0.00260649327092 0.00152484763811 -5.17935036748e-05 0.00463662233186 0.0181722026991 0.00101000913765 
0.00219009070967 0.00407046674075 0.00225249876522 0.00109995941565 0.00384009651616 0.0023272587825 0.00287148112994 -0.00228672552263 0.00156548851543 0.00217755200107 0.00191190569918 0.00399492000919 3.0571717558e-05 0.000204025498742 0.0012847714288 0.000900563540406 0.00223983950866 0.00272904633358 0.00101000913765 0.030430561272 

['UPS', 'SPLS', 'BCR', 'LXK', 'WB', 'BMS', 'AIG', 'ESRX', 'GT', 'WWY', 'APD', 'WM', 'KMI', 'STJ', 'IGT', 'LLY', 'BNI', 'ABT', 'BMY', 'HET']