20
0.0336878097659 0.148588071013 0.033790820858 0.0916953774684 0.0449819155318 0.0169596300077 0.0202129727645 0.0132966740539 0.0431194173031 0.0665048210348 0.0176756211385 0.259768981863 0.101022755506 0.0994766710856 0.0214629747746 0.0431815223905 0.126841392599 0.0621428512979 -0.00168409401267 0.00643120824938 
0.347418260542 0.0541657736265 0.0245857090988 0.0913248661736 0.0323433458702 0.0509560913939 0.0310546203431 0.0331518465572 0.0268449628798 0.0449682387916 0.0263748596595 0.0214557952736 0.0131105282087 -0.000552349147115 0.0051282237809 0.024173129606 0.0232105772763 0.0332768890212 0.0127636011465 0.0143368471636 
0.0541657736265 0.484422604054 0.0233865079892 0.0672646252183 0.0383861312953 0.00906115759988 0.013970111675 0.0129373917178 0.0104248576688 0.0282696872857 0.00615459948614 0.00652253871561 0.0393084347619 0.00457447519022 0.0091831077756 0.0148000312275 0.03519702744 0.0265578909264 0.0191396665493 0.0237084696772 
0.0245857090988 0.0233865079892 0.190226033128 0.0359188771419 0.0077279728586 0.017890857021 0.0122074232373 0.0115137796962 0.0303871509788 0.00412224324833 -0.00120026486804 0.027226169127 0.0207516032989 0.00319049864484 0.0226368387026 0.0170408324948 0.0181626413769 0.0037444844044 0.0225302281501 0.0132433261862 
0.0913248661736 0.0672646252183 0.0359188771419 0.523872200964 0.0338045393565 0.0631604260328 0.0646822876536 0.0758674521303 0.0132683044685 0.0535166114891 0.0355293077823 0.0270330511889 0.0468807193817 0.0472851603698 0.0216787516414 0.0492895908656 0.00727610313353 0.0333635075342 0.0120042546509 0.0303223055494 
0.0323433458702 0.0383861312953 0.0077279728586 0.0338045393565 0.224356556842 0.0412666629961 0.0127500153149 0.0126813470377 0.0185873746703 0.0690439176232 0.0180230224133 0.0495619332439 0.0299547567902 -0.0143710808972 0.020764416573 0.00861545532702 0.0159926256657 0.0334986340291 0.0182127709288 0.0307504293999 
0.0509560913939 0.00906115759988 0.017890857021 0.0631604260328 0.0412666629961 0.209386763448 0.0183045974041 -0.00146995690341 0.00806121012882 0.0320697995102 0.0213437136853 0.00281557329523 0.0080283284588 0.0144109991813 0.0675072541866 0.00178995806719 0.013166030894 0.0358811410888 0.0234583390164 0.0371246575892 
0.0310546203431 0.013970111675 0.0122074232373 0.0646822876536 0.0127500153149 0.0183045974041 0.207372045992 0.0164691125612 0.0414465193711 0.0295337321952 0.0296462022628 0.0636490945373 0.00260924643646 0.0273606486882 0.0279976468653 0.0408815154874 0.00311978227353 0.0429771903909 0.0203245809785 0.0266033766233 
0.0331518465572 0.0129373917178 0.0115137796962 0.0758674521303 0.0126813470377 -0.00146995690341 0.0164691125612 0.3003380735 0.0246105947014 0.0180341871833 0.0136904162744 -0.00134729571825 -0.00718621252957 0.00958028709441 -0.000987777160826 0.0229948095397 -0.0167239564746 0.00826218611153 0.0179897709079 0.0082726413686 
0.0268449628798 0.0104248576688 0.0303871509788 0.0132683044685 0.0185873746703 0.00806121012882 0.0414465193711 0.0246105947014 0.18837737821 0.0133952877377 0.028517615814 0.0303123465579 0.0168524694143 0.00623351486828 0.0156199912522 0.00972415899894 0.0113253294923 0.0199890532216 0.00721838587665 0.0281060511548 
0.0449682387916 0.0282696872857 0.00412224324833 0.0535166114891 0.0690439176232 0.0320697995102 0.0295337321952 0.0180341871833 0.0133952877377 0.245198157969 0.0327843265566 0.0131137197192 0.0261873147503 -0.0168107172156 -0.00473303140732 -0.00181258271527 0.00251581174057 0.050820857933 0.0170685996958 0.0399365747715 
0.0263748596595 0.00615459948614 -0.00120026486804 0.0355293077823 0.0180230224133 0.0213437136853 0.0296462022628 0.0136904162744 0.028517615814 0.0327843265566 0.199098769637 0.0206675465351 0.0100277038011 0.00253951760693 0.00999348204893 -0.00613518743068 0.00139735971502 0.0123587201634 0.0211416083939 0.0184582338069 
0.0214557952736 0.00652253871561 0.027226169127 0.0270330511889 0.0495619332439 0.00281557329523 0.0636490945373 -0.00134729571825 0.0303123465579 0.0131137197192 0.0206675465351 0.618308333101 -0.00576448105903 0.0838288280103 -0.000770400675553 0.0451790867547 0.0669379631279 0.0208509005251 0.0321873726295 0.020065423051 
0.0131105282087 0.0393084347619 0.0207516032989 0.0468807193817 0.0299547567902 0.0080283284588 0.00260924643646 -0.00718621252957 0.0168524694143 0.0261873147503 0.0100277038011 -0.00576448105903 0.471604409101 0.00845580034417 0.00720092905913 -0.00164541014264 0.0174760705055 0.00651900346563 0.0103005464755 0.014872953858 
-0.000552349147115 0.00457447519022 0.00319049864484 0.0472851603698 -0.0143710808972 0.0144109991813 0.0273606486882 0.00958028709441 0.00623351486828 -0.0168107172156 0.00253951760693 0.0838288280103 0.00845580034417 0.395641381369 0.0222382316828 0.0434559059086 0.198943971479 0.010275920074 0.020139650674 0.011785069636 
0.0051282237809 0.0091831077756 0.0226368387026 0.0216787516414 0.020764416573 0.0675072541866 0.0279976468653 -0.000987777160826 0.0156199912522 -0.00473303140732 0.00999348204893 -0.000770400675553 0.00720092905913 0.0222382316828 0.16918776544 0.00270654808059 0.0191720169373 0.0190415507061 0.0127997702114 0.0304796238426 
0.024173129606 0.0148000312275 0.0170408324948 0.0492895908656 0.00861545532702 0.00178995806719 0.0408815154874 0.0229948095397 0.00972415899894 -0.00181258271527 -0.00613518743068 0.0451790867547 -0.00164541014264 0.0434559059086 0.00270654808059 0.211330311568 0.00953935368016 0.0322785830251 0.0101495754476 0.016333136809 
0.0232105772763 0.03519702744 0.0181626413769 0.00727610313353 0.0159926256657 0.013166030894 0.00311978227353 -0.0167239564746 0.0113253294923 0.00251581174057 0.00139735971502 0.0669379631279 0.0174760705055 0.198943971479 0.0191720169373 0.00953935368016 0.857607780624 0.0075477822544 0.0095611246177 0.00932779912639 
0.0332768890212 0.0265578909264 0.0037444844044 0.0333635075342 0.0334986340291 0.0358811410888 0.0429771903909 0.00826218611153 0.0199890532216 0.050820857933 0.0123587201634 0.0208509005251 0.00651900346563 0.010275920074 0.0190415507061 0.0322785830251 0.0075477822544 0.185176893186 0.0200537508238 0.0446417845992 
0.0127636011465 0.0191396665493 0.0225302281501 0.0120042546509 0.0182127709288 0.0234583390164 0.0203245809785 0.0179897709079 0.00721838587665 0.0170685996958 0.0211416083939 0.0321873726295 0.0103005464755 0.020139650674 0.0127997702114 0.0101495754476 0.0095611246177 0.0200537508238 0.113813749075 0.0272701017495 
0.0143368471636 0.0237084696772 0.0132433261862 0.0303223055494 0.0307504293999 0.0371246575892 0.0266033766233 0.0082726413686 0.0281060511548 0.0399365747715 0.0184582338069 0.020065423051 0.014872953858 0.011785069636 0.0304796238426 0.016333136809 0.00932779912639 0.0446417845992 0.0272701017495 0.214357714888 
0.0300873039368 0.00469089359761 0.00212918486496 0.00790896541036 0.0028010159167 0.00441292696247 0.0026894090122 0.00287103413009 0.00232484198175 0.0038943637157 0.00228412984864 0.00185812637653 0.00113540504858 -4.7834839316e-05 0.000444117207055 0.00209345443278 0.00201009495577 0.00288186312512 0.00110536028367 0.00124160738538 
0.00469089359761 0.0419522281278 0.00202533100244 0.00582528742151 0.00332433648547 0.000784719266919 0.00120984716042 0.00112041098863 0.000902819157203 0.00244822673465 0.000533003950512 0.000564868422488 0.00340421030868 0.000396161172371 0.000795280461936 0.00128172030198 0.00304815199007 0.00229998082132 0.00165754374517 0.00205321370253 
0.00212918486496 0.00202533100244 0.016474057715 0.00311066600803 0.000669262081531 0.00154939366757 0.00105719386382 0.000997122571045 0.00263160446962 0.000356996737363 -0.0001039459867 0.00235785541117 0.00179714156261 0.000276305287717 0.00196040773778 0.00147577938421 0.00157293088323 0.000324281861828 0.00195117499311 0.00114690569079 
0.00790896541036 0.00582528742151 0.00311066600803 0.0453686634371 0.00292755898459 0.00546985334583 0.00560165042829 0.00657031408652 0.00114906887349 0.0046346745074 0.00307692831183 0.00234113090714 0.00405998939322 0.00409501501022 0.00187743496438 0.00426860378318 0.000630129015419 0.0028893645084 0.00103959894812 0.00262598869071 
0.0028010159167 0.00332433648547 0.000669262081531 0.00292755898459 0.0194298477731 0.00357379784841 0.00110418371614 0.00109823686889 0.00160971386541 0.00597937866385 0.00156083952629 0.00429218932499 0.00259415803445 -0.00124457211368 0.0017982512247 0.000746120317837 0.00138500200997 0.00290106680613 0.00157727222977 0.00266306530376 
0.00441292696247 0.000784719266919 0.00154939366757 0.00546985334583 0.00357379784841 0.0181334256362 0.0015852246358 -0.000127302002082 0.000698121275681 0.00277732610701 0.00184841982626 0.000243835799989 0.000695273639524 0.00124802913849 0.00584629970654 0.00015501491579 0.00114021172212 0.00310739796997 0.00203155175188 0.00321508965791 
0.0026894090122 0.00120984716042 0.00105719386382 0.00560165042829 0.00110418371614 0.0015852246358 0.0179589459864 0.00142626698558 0.00358937386738 0.00255769623496 0.00256743642853 0.00551217327972 0.00022596736987 0.0023695016828 0.00242466734315 0.00354044309573 0.000270181070315 0.00372193386618 0.00176016034486 0.00230391999823 
0.00287103413009 0.00112041098863 0.000997122571045 0.00657031408652 0.00109823686889 -0.000127302002082 0.00142626698558 0.0260100401374 0.00213134002136 0.00156180642373 0.0011856248282 -0.000116679231841 -0.00062234426076 0.000829677199931 -8.55440114553e-05 0.00199140892166 -0.00144833711588 0.000715526306338 0.00155795986145 0.00071643175816 
0.00232484198175 0.000902819157203 0.00263160446962 0.00114906887349 0.00160971386541 0.000698121275681 0.00358937386738 0.00213134002136 0.0163139595028 0.00116006594718 0.00246969797503 0.00262512621675 0.00145946666293 0.00053983822308 0.00135273092313 0.000842136872352 0.000980802304659 0.00173110278875 0.000625130554349 0.00243405543001 
0.0038943637157 0.00244822673465 0.000356996737363 0.0046346745074 0.00597937866385 0.00277732610701 0.00255769623496 0.00156180642373 0.00116006594718 0.0212347833763 0.0028392059644 0.00113568144149 0.00226788798307 -0.00145585081645 -0.000409892543565 -0.000156974267788 0.000217875687847 0.00440121540121 0.00147818409436 0.00345860882923 
0.00228412984864 0.000533003950512 -0.0001039459867 0.00307692831183 0.00156083952629 0.00184841982626 0.00256743642853 0.0011856248282 0.00246969797503 0.0028392059644 0.0172424592367 0.00178986203333 0.000868424623338 0.000219928676096 0.000865460932663 -0.000531322817195 0.000121014901143 0.00107029656198 0.0018309169946 0.00159852993858 
0.00185812637653 0.000564868422488 0.00235785541117 0.00234113090714 0.00429218932499 0.000243835799989 0.00551217327972 -0.000116679231841 0.00262512621675 0.00113568144149 0.00178986203333 0.0535470723837 -0.000499218703675 0.00725978946264 -6.67186556122e-05 0.00391262368493 0.00579699765463 0.00180574095465 0.00278750823782 0.00173771660998 
0.00113540504858 0.00340421030868 0.00179714156261 0.00405998939322 0.00259415803445 0.000695273639524 0.00022596736987 -0.00062234426076 0.00145946666293 0.00226788798307 0.000868424623338 -0.000499218703675 0.0408421398818 0.000732293790738 0.000623618749606 -0.000142496698317 0.00151347210161 0.000564562260859 0.000892053492062 0.00128803558703 
-4.7834839316e-05 0.000396161172371 0.000276305287717 0.00409501501022 -0.00124457211368 0.00124802913849 0.0023695016828 0.000829677199931 0.00053983822308 -0.00145585081645 0.000219928676096 0.00725978946264 0.000732293790738 0.0342635487054 0.00192588735726 0.00376339184613 0.0172290533231 0.000889920783137 0.00174414491071 0.00102061696901 
0.000444117207055 0.000795280461936 0.00196040773778 0.00187743496438 0.0017982512247 0.00584629970654 0.00242466734315 -8.55440114553e-05 0.00135273092313 -0.000409892543565 0.000865460932663 -6.67186556122e-05 0.000623618749606 0.00192588735726 0.014652090288 0.000234393939436 0.00166034537095 0.0016490466639 0.00110849261657 0.00263961285454 
0.00209345443278 0.00128172030198 0.00147577938421 0.00426860378318 0.000746120317837 0.00015501491579 0.00354044309573 0.00199140892166 0.000842136872352 -0.000156974267788 -0.000531322817195 0.00391262368493 -0.000142496698317 0.00376339184613 0.000234393939436 0.0183017418408 0.00082613226227 0.00279540728979 0.000878979017529 0.00141449114 
0.00201009495577 0.00304815199007 0.00157293088323 0.000630129015419 0.00138500200997 0.00114021172212 0.000270181070315 -0.00144833711588 0.000980802304659 0.000217875687847 0.000121014901143 0.00579699765463 0.00151347210161 0.0172290533231 0.00166034537095 0.00082613226227 0.0742710124503 0.000653657117454 0.000828017680768 0.000807811100485 
0.00288186312512 0.00229998082132 0.000324281861828 0.0028893645084 0.00290106680613 0.00310739796997 0.00372193386618 0.000715526306338 0.00173110278875 0.00440121540121 0.00107029656198 0.00180574095465 0.000564562260859 0.000889920783137 0.0016490466639 0.00279540728979 0.000653657117454 0.0160367893693 0.00173670576546 0.00386609195331 
0.00110536028367 0.00165754374517 0.00195117499311 0.00103959894812 0.00157727222977 0.00203155175188 0.00176016034486 0.00155795986145 0.000625130554349 0.00147818409436 0.0018309169946 0.00278750823782 0.000892053492062 0.00174414491071 0.00110849261657 0.000878979017529 0.000828017680768 0.00173670576546 0.00985655979991 0.00236166008788 
0.00124160738538 0.00205321370253 0.00114690569079 0.00262598869071 0.00266306530376 0.00321508965791 0.00230391999823 0.00071643175816 0.00243405543001 0.00345860882923 0.00159852993858 0.00173771660998 0.00128803558703 0.00102061696901 0.00263961285454 0.00141449114 0.000807811100485 0.00386609195331 0.00236166008788 0.018563922659 

['BBBY', 'CC', 'PBG', 'PHM', 'MEL', 'GAS', 'ETN', 'VFC', 'SEE', 'STT', 'DD', 'ATI', 'CMX', 'MIL', 'KSE', 'PLL', 'ACS', 'MER', 'KO', 'SNV']