50
0.0905831054983 0.0571643700905 0.134016582451 -0.0108233812146 0.10004428458 0.0824662750087 0.104921073146 0.102864057578 0.080702843163 0.0472299451056 0.0566217234647 0.0413413845105 0.109746753301 -0.00694067656108 0.025042174885 0.12260521459 0.135547989167 0.0283464571838 0.0243185800675 0.135848421796 0.0214629747746 0.046041615311 0.0262084488718 0.0962618702605 0.0617018630506 0.0506400072768 0.0907505897935 0.143828325424 -0.00277796207049 0.122670110856 0.0367129888202 0.0773544805674 -0.00660692339257 0.171372180847 0.0437038130991 0.0639224219563 0.128291051585 0.0251356843311 0.12993100308 0.151477321577 0.101022755506 0.0315903614714 0.0798623823862 0.0444205393046 0.0678408515538 0.101218808556 0.0839491815724 0.0415097954764 0.0477990277318 0.035272852014 
0.311600256748 0.0348862162165 -6.21177692613e-05 0.0184385851981 0.021183165777 0.0132005240021 0.00533236890588 0.00493423796532 -0.00163441012631 0.0181670486603 0.0157290571342 0.026841945695 0.0190318318944 0.0222058618018 0.0124329450016 0.0166753876627 0.00568177577362 0.0200926245966 0.0317055982675 -0.00380312003227 0.00717283313439 0.0211417802358 0.00973424283774 0.00668393206805 0.0186345727488 -0.0204215286537 0.0455026895312 -0.00208253054743 0.00504602594198 0.00679096536089 0.0046387419504 0.0245616447664 0.00731785553507 0.0380731512071 0.0164494812635 0.0098628747773 0.00477598245181 0.0083408650368 0.000735214927048 0.0407336753069 0.0300572554996 0.0202737886792 0.0220386100729 0.0138505778 0.0276890533445 0.0147574850597 0.00387279753196 0.00491636887626 0.0220774201375 0.0368014224999 
0.0348862162165 0.183461902104 0.02839285438 0.0209668195081 0.00504482620877 -0.00176945766179 0.0569836837623 0.0168237597676 0.0069261423328 0.0228486416252 0.0158498049368 0.0168816461723 0.0216788854227 0.0333649878103 0.00827310930808 0.0394150357636 0.0249331122742 0.0210890054189 0.0219845691588 -0.01547512038 0.0122480396424 0.0104820358244 0.0186885563341 0.0311609682533 0.0114887894088 0.0206558513962 0.0490298424429 0.0218544387829 0.00023122973298 0.00367316250945 0.0316850794344 0.0303381438817 0.0167871409426 0.0276123264083 -0.0017828934926 0.0231352781233 0.0204582375184 0.0306793119228 0.0122998231587 0.0219420843711 0.0296834440111 0.0181565248957 -0.00568060639704 0.0218908876595 0.0192252210076 0.0432529892193 0.0104228499288 0.013896650132 0.00982441318613 0.00805472176218 
-6.21177692613e-05 0.02839285438 0.21533665544 0.023395333002 0.0148554723047 -0.00517904755802 0.0348810817922 0.0302806323049 0.00678573466569 0.0133305895826 0.00831034298522 0.00346157175877 0.0111908790023 0.00340468846886 0.0470138365257 0.0148738455542 0.00745728091846 0.00954389844611 0.0140489630448 0.0136832330065 0.013214227621 0.0317638577892 0.0224934505503 0.0137523532531 0.0026658725594 0.0272820740631 0.0197957762313 0.0106321791941 0.00613966708689 0.011065781448 0.0130639506363 0.00685784024347 0.0228105334044 0.00554021086967 0.00397793949816 0.014361222711 0.0276971038145 0.00386278722646 0.0312702991967 -0.00723209106939 0.00350415153507 0.0253206120008 0.005681193554 0.00710300450211 0.0198254233705 0.014173428428 0.0413829496003 0.0250364299233 0.0136848371772 0.00833605697812 
0.0184385851981 0.0209668195081 0.023395333002 0.214438666594 0.0162824499428 0.0293542853598 0.0153724583594 -0.00912035101505 0.00258872229622 0.0123375527609 0.0225091788751 0.00873190371302 0.0106876431574 -0.00641467702831 0.0271810157801 0.0201499137299 0.00485028465855 0.0108138703878 0.0159602595599 0.00924223019356 0.0371146407454 0.0186244492749 0.00815417615608 0.0327427303835 0.00746759462725 0.0188553572397 0.00429981684946 -0.00688181983228 0.01135236339 -0.00446963200128 0.0176098894056 0.0010785519737 0.00995486018715 0.0585622524992 0.0183885285831 0.020286868077 -0.000858021337289 0.0167943722157 0.0324764480941 0.0132491874645 0.00685283204866 0.0296494735196 0.0281137304871 0.0115066756014 0.00184640894329 0.00947889005423 0.0100100550956 0.0239348515383 0.0159187540592 -0.00171509794142 
0.021183165777 0.00504482620877 0.0148554723047 0.0162824499428 0.481798439217 0.0174574121865 -0.0332604513924 0.0214923437168 0.0149019845564 0.063062439926 0.0339823256235 0.0440734251417 0.0156949975916 0.0842656198831 0.025666781508 0.0178815452738 -0.0255803142483 0.0201483822907 -0.00142518041912 0.0312449749586 0.00491436134113 -0.00203424842289 0.118945396752 0.00674308730026 0.0493573506018 0.0344984221332 0.0301288862949 0.0293253378112 0.0176910003465 -0.000468721621636 0.0555633492497 0.0374375956223 0.0389205181154 0.033341848271 0.00775569628723 0.0389876540286 0.0144646336843 0.0140150801312 0.0602877207306 0.0280200124214 0.0011971650463 0.0319007869249 0.0457467254992 0.0383991265018 0.0334174920574 0.0529791433657 -0.00120800359129 0.013188633944 0.0110782869176 0.032538986697 
0.0132005240021 -0.00176945766179 -0.00517904755802 0.0293542853598 0.0174574121865 0.344821581455 0.0143556888417 0.00205223312733 0.0876947347367 0.0187099190337 0.0057240863317 0.0148687049221 0.0102308753007 -0.000355292060807 -0.00361698000817 0.0107202766116 -0.00840776500584 0.00269734481608 -0.0158021787442 0.0165971778898 0.0148170145395 0.0119953637192 0.0305586071938 0.0342445555958 0.0327098046732 -0.00267467254677 -0.025548766776 -0.0137950183562 -0.0109361757176 -0.0040163717661 0.00433104647977 -0.00475373462822 0.00775460409826 0.181083158703 0.0043182242605 0.0281339890967 -0.00667412260401 -0.00345057357553 0.141771459133 0.0590644460307 -0.00770063677297 0.0102170707479 0.148209500049 0.0234024706286 -0.00369677557191 -0.00761176102673 0.0164137407875 0.122450709046 0.0299843045861 0.0232774104628 
0.00533236890588 0.0569836837623 0.0348810817922 0.0153724583594 -0.0332604513924 0.0143556888417 0.237052760671 0.0185725551743 0.0261727337091 0.0160352803341 0.0298606940422 0.0188822429148 0.0271363896065 0.0390904492133 0.0271022822197 0.0662900013834 0.0312529703418 0.0165445615951 0.0238877699824 0.0222331859041 0.00531001706395 0.064321352245 -0.00450222369602 0.017669796165 -0.00799596478152 0.0658399757121 0.0047598290759 0.00400909104311 0.00385091880746 0.0108714288089 0.0315482086988 0.0247395279765 0.0141461488881 0.0209132295135 0.0207895545713 0.0261047486197 0.00202549258796 0.0275721550709 0.0137685280726 0.0338736547098 0.0182409493322 0.0172044913755 0.0211473345672 0.0192172011196 0.0186144132582 0.0271853398775 0.0291293989956 0.0256418861443 0.0340690907959 0.0235842712614 
0.00493423796532 0.0168237597676 0.0302806323049 -0.00912035101505 0.0214923437168 0.00205223312733 0.0185725551743 0.568438336856 0.0870091849928 0.031339292883 0.0132336769774 -0.00639111356397 0.182878102888 -0.00223062346801 -0.0020185156479 0.0169988675249 0.105415964015 0.00195110817695 -0.00685219016455 0.0115672134566 0.00204213163853 0.0141729554911 -0.0156734458833 0.122883371807 0.002659047206 -0.0169510182738 0.00614685969749 0.00681188562606 0.00719175026083 -0.00715002207629 0.00862046730117 0.0190191513965 0.0055712888473 0.0123524786286 0.0064519322002 0.00318832715407 -0.0114789984076 0.00107630792133 0.0170043491295 -0.0214250074564 0.0467475742449 0.00940038591575 0.00306281863972 -0.00325316705186 0.00613021058054 0.00864953406483 -0.0119642599244 0.0301498367517 0.0168385614771 0.0161938412991 
-0.00163441012631 0.0069261423328 0.00678573466569 0.00258872229622 0.0149019845564 0.0876947347367 0.0261727337091 0.0870091849928 0.316021202079 -0.0166303567354 0.0223062818303 0.0187832368343 0.0736970787662 0.0346221288578 -0.000762213430413 0.022798687859 0.0233008911875 -0.00780326188573 0.0125119077337 -0.00716237723858 0.0166656222273 0.00592889130154 -0.0228955371439 0.0450535373665 -0.00606227969727 0.0187438432811 -0.00503191206222 -0.00108662716456 0.0254387493632 -0.00669009033228 -0.00272713542373 0.0020121956275 -0.0157466698619 0.135682010645 0.0192730362706 0.0640342690165 -0.0102925089556 -0.00483642162659 0.179607213561 0.0271300825543 -0.00616763346752 0.00263581732868 0.0944646680906 0.00790884483136 -0.0151402011479 -0.00836207049209 0.0139680638367 0.169835848568 -0.0201311386947 -0.00531500980699 
0.0181670486603 0.0228486416252 0.0133305895826 0.0123375527609 0.063062439926 0.0187099190337 0.0160352803341 0.031339292883 -0.0166303567354 0.23908162155 0.0221734174471 0.0154752067735 0.00275108955108 0.0147527798989 0.0241990748937 0.030991879975 -0.0274432805407 0.00745578532623 0.0221447538073 0.0229580943752 -0.00945812355464 0.0530996411853 0.0601735707533 0.0295464204261 0.062100250701 -0.00209330005416 0.023826921561 0.0156302443419 -0.0105705742356 -0.00585285776717 0.0320843499214 0.0341757279827 0.013294322675 0.0186408390582 0.0305213359829 0.0390365074344 0.00649572280099 0.00582004236632 0.0149551879372 0.0101299987635 0.0655500878887 0.0197732653016 0.0135412420086 0.00464291831514 0.017192545776 0.0355104109453 0.00821296386943 -0.0114854357273 0.0832794168483 0.0145848232484 
0.0157290571342 0.0158498049368 0.00831034298522 0.0225091788751 0.0339823256235 0.0057240863317 0.0298606940422 0.0132336769774 0.0223062818303 0.0221734174471 0.166549283483 0.0224605771942 0.00842332411359 0.0159174225874 0.0206414034868 0.0202066716743 -0.00200793586425 0.0254778193208 0.0229632229538 0.0246416868205 0.0353829778382 0.0431710298598 0.0365686737527 0.0194817095121 0.0226760034576 0.0260502527055 0.0223484308773 -0.00758613722434 0.0107310898436 0.0109553772718 0.017950510048 0.0343116980074 0.0184597903239 0.0221050908393 0.0170786378275 0.0388040487537 -0.0106308798164 0.0183344226149 0.0501249021961 0.0181161117126 0.0107170656218 0.0713315248132 0.0145598652306 0.0300847583355 0.021895898208 0.00877326533353 0.0332882699468 0.0249609289914 0.0220038960785 0.0138614356992 
0.026841945695 0.0168816461723 0.00346157175877 0.00873190371302 0.0440734251417 0.0148687049221 0.0188822429148 -0.00639111356397 0.0187832368343 0.0154752067735 0.0224605771942 0.22526537386 0.0158888777993 0.0676934284062 0.0320519631932 0.00760597362846 -0.0114661117698 0.0134151761018 0.0182458036821 0.0334329427194 0.000640732492721 0.0135056087408 0.0191905507729 -0.0160548913788 0.0207964085983 0.0110119839879 0.0138391694662 0.00567800091169 -0.0154177444795 -0.00148113683711 0.0202191747562 0.0240826261648 0.0352757339946 0.0252708055793 0.00708198913786 0.0507279751825 0.0216754344994 0.00279883157255 0.010102271114 0.0149851520022 0.01158223469 0.0222866181625 0.00169451804047 0.0188811240036 0.00214366806082 -0.000223711709995 0.0161146944564 0.00882216776986 0.0171487940507 0.0226144145078 
0.0190318318944 0.0216788854227 0.0111908790023 0.0106876431574 0.0156949975916 0.0102308753007 0.0271363896065 0.182878102888 0.0736970787662 0.00275108955108 0.00842332411359 0.0158888777993 0.339220269671 0.00276893369678 0.0140311406174 0.0373776319432 0.0793571115227 0.0236611110232 0.00990573241992 0.0258447133083 0.015460650588 0.0124539756017 0.0106225331122 0.0918766440903 0.000837742756258 0.00542033492231 -0.00359314876798 -0.00741074046993 0.0249824457316 0.00356989061063 0.0230878027109 -0.00374194013365 0.0265778395294 0.0069076332771 0.0116583118996 -0.0171215256836 0.00521621518321 0.00476699678883 -0.00494878597486 0.0282031823026 -0.0217878200331 0.0115013368079 0.00739912950093 0.0274313258021 -0.00308900377323 0.0100223036126 0.00422167285121 0.0332703992885 0.00490907222577 -0.00640152535213 
0.0222058618018 0.0333649878103 0.00340468846886 -0.00641467702831 0.0842656198831 -0.000355292060807 0.0390904492133 -0.00223062346801 0.0346221288578 0.0147527798989 0.0159174225874 0.0676934284062 0.00276893369678 0.372555185602 0.0304027632544 0.0205940051054 0.0372478164927 0.0195048811947 -0.00160571330663 -0.0251261794572 0.00515200296026 0.0151411328221 0.00134226685932 -0.00533472219707 0.0152654200869 0.0234256850614 0.0045387364486 0.0134291556632 -0.0013861529274 0.0173077797889 0.00885553333436 0.0629475177984 0.0165206475882 -0.00860657759669 0.0207905823258 0.0367543534073 0.0219429561143 0.0134794536701 -0.00438591383687 0.0628073281873 -0.00781617275889 0.0139447258709 0.00362167715262 0.0195033207429 0.00879354781111 0.000335802762249 0.0226474089664 0.0229557123061 -0.0096387672983 0.00602993923145 
0.0124329450016 0.00827310930808 0.0470138365257 0.0271810157801 0.025666781508 -0.00361698000817 0.0271022822197 -0.0020185156479 -0.000762213430413 0.0241990748937 0.0206414034868 0.0320519631932 0.0140311406174 0.0304027632544 0.159782701412 0.0279699719948 -0.00225606294006 0.0104865730447 0.0271618438059 0.0158061452464 0.00866608533633 0.0413675752971 0.0146255198595 0.0190142868547 0.0106624233622 0.018433741661 0.0219367132344 0.013400928976 -0.0141791721619 0.00413930712264 0.0181505928524 0.017621101522 0.0173402005274 0.0113002593758 0.0152854853059 0.0158901708175 0.0132979064297 0.0172774258376 0.00801104789093 -0.00585637364877 0.00901174286425 0.02328079704 -0.00371907064587 0.0203433970235 0.013125175233 0.0100300727184 0.0429569911653 0.00643989344428 0.0162597208069 -0.000728283816673 
0.0166753876627 0.0394150357636 0.0148738455542 0.0201499137299 0.0178815452738 0.0107202766116 0.0662900013834 0.0169988675249 0.022798687859 0.030991879975 0.0202066716743 0.00760597362846 0.0373776319432 0.0205940051054 0.0279699719948 0.192364488241 0.000775897467084 0.0246240178472 0.0197033620878 0.031740193832 0.00557896825546 0.0147581878953 0.00986888234162 0.0254880177971 0.0169383961771 0.0452101700808 0.00974737110898 0.0305561807643 -0.000584202053576 0.0165022970516 0.0375774869402 0.00994335627473 0.016158508652 0.0269738273565 0.0329112081084 0.0289810778827 0.0223325172321 0.0262613705641 0.017735666811 0.0305021036218 -0.00408742888441 0.021451827395 0.027695082087 0.0053452567912 0.0371056634766 0.0254016308799 0.0313722147755 0.0130545079944 0.0151561322143 0.00971989069417 
0.00568177577362 0.0249331122742 0.00745728091846 0.00485028465855 -0.0255803142483 -0.00840776500584 0.0312529703418 0.105415964015 0.0233008911875 -0.0274432805407 -0.00200793586425 -0.0114661117698 0.0793571115227 0.0372478164927 -0.00225606294006 0.000775897467084 0.465412310461 0.0238960843879 -0.0128366760447 0.046893257815 0.0121746827636 0.0176414398387 -0.00255366424867 0.0241409184097 0.000353969810615 0.0676757582803 0.0108805309834 0.0359342182777 0.0241467219014 0.0122927961642 0.00880511283253 0.0174666414544 0.00523845354678 0.000744637259397 0.0189657087078 -0.00518594954949 0.0293045477838 0.0110452759407 -0.00648829268704 0.00166345167726 -0.0289691366309 0.00327275543348 -0.0353678526536 -0.0188281550279 0.00863880371441 0.0087960408631 0.0599873826512 0.00973130978292 0.00102033225993 0.0254524908015 
0.0200926245966 0.0210890054189 0.00954389844611 0.0108138703878 0.0201483822907 0.00269734481608 0.0165445615951 0.00195110817695 -0.00780326188573 0.00745578532623 0.0254778193208 0.0134151761018 0.0236611110232 0.0195048811947 0.0104865730447 0.0246240178472 0.0238960843879 0.175650483438 0.0374918378461 0.0110252439592 0.0106914559843 0.0116415641535 0.0125990097784 0.0129159711989 0.0108265978386 0.00585640628317 0.0149404945498 0.0182515635949 0.0200169843267 0.00291265304479 0.025316261354 0.031205282025 0.0333945825994 -0.0133189569696 0.0173949712564 0.0312770189064 0.0252931028014 0.0191916844566 -0.00529409918872 0.0137671709044 -0.0105205591082 0.0202431321861 0.0131660690796 0.0105669818448 0.00476155006803 0.0201914479777 -0.00168130131245 0.0159663261846 -0.00510212057822 0.0191088577425 
0.0317055982675 0.0219845691588 0.0140489630448 0.0159602595599 -0.00142518041912 -0.0158021787442 0.0238877699824 -0.00685219016455 0.0125119077337 0.0221447538073 0.0229632229538 0.0182458036821 0.00990573241992 -0.00160571330663 0.0271618438059 0.0197033620878 -0.0128366760447 0.0374918378461 0.219593875161 -0.00609977740075 -0.0212074771196 0.0138005745629 -0.00996660929893 0.0278670618423 -0.0036024588588 -0.019882333367 0.00988437463569 -0.0320418043189 0.0172184738917 -0.0106808291084 0.0129410421071 0.0180446946382 -0.000984058985851 0.0176530545676 0.000714277593105 0.023034117254 0.012947294385 0.00304757362857 0.0248469376671 -0.00531314930106 0.00748321417532 0.0256501771226 -0.00151243613209 -0.00260512831092 0.000668733642209 0.0123284495674 0.00608873510639 0.014239610845 0.00880659608388 0.013012307103 
-0.00380312003227 -0.01547512038 0.0136832330065 0.00924223019356 0.0312449749586 0.0165971778898 0.0222331859041 0.0115672134566 -0.00716237723858 0.0229580943752 0.0246416868205 0.0334329427194 0.0258447133083 -0.0251261794572 0.0158061452464 0.031740193832 0.046893257815 0.0110252439592 -0.00609977740075 0.616362576187 0.00651694838438 -0.00155704969499 0.0254780466674 -0.00918979338171 0.0179671511836 -0.00266002303965 0.00668799985068 0.0279350925213 0.0177454656302 0.0132668291764 -0.0102855175806 -0.0178945463816 0.00101037399215 -0.00800946554541 0.00870387592597 0.00198286501536 0.131767033187 0.00854617689806 -0.00188094679512 0.00874412580352 0.000278515563763 0.00606712060094 0.00628250836577 0.0200457236087 0.0335926727159 -0.00772793337802 0.0300245186632 0.00398947420892 0.00687689205373 -0.0163026485867 
0.00717283313439 0.0122480396424 0.013214227621 0.0371146407454 0.00491436134113 0.0148170145395 0.00531001706395 0.00204213163853 0.0166656222273 -0.00945812355464 0.0353829778382 0.000640732492721 0.015460650588 0.00515200296026 0.00866608533633 0.00557896825546 0.0121746827636 0.0106914559843 -0.0212074771196 0.00651694838438 0.161289621515 0.0119309716408 0.0135828186298 0.00519939991655 0.0169002947894 0.0246918199631 -4.15735195515e-05 -0.00731973326654 0.0148633220174 0.0250721592836 0.01569692673 0.00759005402748 0.00828830533929 0.0340027470323 0.0160905383607 0.00834472509536 0.00285730295976 -0.000370373979855 0.0291012137238 0.0175843759859 0.0133920114585 0.0188991152794 0.0277182770745 0.0139175086959 0.0152815512722 0.00555151759367 0.00124775676771 0.0173886561613 -0.0062281110255 0.0128265352067 
0.0211417802358 0.0104820358244 0.0317638577892 0.0186244492749 -0.00203424842289 0.0119953637192 0.064321352245 0.0141729554911 0.00592889130154 0.0530996411853 0.0431710298598 0.0135056087408 0.0124539756017 0.0151411328221 0.0413675752971 0.0147581878953 0.0176414398387 0.0116415641535 0.0138005745629 -0.00155704969499 0.0119309716408 0.282482823143 0.0439101152739 0.0262891880613 0.0176552351353 0.0483271059099 0.0240109988009 0.00535759260259 0.0103682972187 0.00988086521446 0.0510031797866 0.0133082648788 0.022323905047 0.00238732151398 0.00861972742582 0.00703194101998 0.0218637789915 0.0247969101723 -0.0106055122346 0.012682616949 0.00117423050255 0.0193018845059 0.00901559269803 0.0211675038209 0.00688259930727 0.0329077604253 0.0402279088594 0.010111597642 0.0435024831194 0.0160620398258 
0.00973424283774 0.0186885563341 0.0224934505503 0.00815417615609 0.118945396752 0.0305586071938 -0.00450222369602 -0.0156734458833 -0.0228955371439 0.0601735707533 0.0365686737527 0.0191905507729 0.0106225331122 0.00134226685932 0.0146255198595 0.00986888234162 -0.00255366424867 0.0125990097784 -0.00996660929893 0.0254780466674 0.0135828186298 0.0439101152739 0.278627813262 0.000529108922446 0.0410993493024 0.0718384313415 0.030747872302 0.0343662532617 0.0177568030433 0.0236349236542 0.0402729910219 0.0211162019103 0.0380238414528 0.0174941655916 0.0406123150259 0.00862698231883 -0.00213262549382 0.0189302830497 0.0434044883244 0.0263481641903 -0.00378355502792 0.0219493007452 0.0288547016766 0.0287237423099 0.0289324268208 0.0428981018995 0.00767230422089 0.0046329780565 0.0268478322024 0.013832251733 
0.00668393206805 0.0311609682533 0.0137523532531 0.0327427303835 0.00674308730026 0.0342445555958 0.017669796165 0.122883371807 0.0450535373665 0.0295464204261 0.0194817095121 -0.0160548913788 0.0918766440903 -0.00533472219707 0.0190142868547 0.0254880177971 0.0241409184097 0.0129159711989 0.0278670618423 -0.00918979338171 0.00519939991655 0.0262891880613 0.000529108922446 0.356761351875 0.0226794722616 -0.00466600301381 0.00120289280696 0.0235276221595 0.0158026610869 -0.0111525502694 0.00985459261598 0.0417068936453 -0.00100895590408 0.0480714237537 0.00233549034072 0.0252805226989 0.00978366300029 -0.00994405755602 0.0632308706528 0.0354700067978 0.00696784140359 0.0204576554179 0.00449358057305 0.000724652911373 0.0302015293206 0.0363134442231 -0.0036694906225 0.0287451821199 0.0128108546488 0.0199222877087 
0.0186345727488 0.0114887894088 0.0026658725594 0.00746759462725 0.0493573506018 0.0327098046732 -0.00799596478152 0.002659047206 -0.00606227969727 0.062100250701 0.0226760034576 0.0207964085983 0.000837742756258 0.0152654200869 0.0106624233622 0.0169383961771 0.000353969810615 0.0108265978386 -0.0036024588588 0.0179671511836 0.0169002947894 0.0176552351353 0.0410993493024 0.0226794722616 0.245283848296 -0.0372322510417 0.0248988379233 0.0207141682843 -0.00137913221521 0.0230742278907 0.0130170961605 0.0322361730042 0.0125429133302 0.00322867123082 0.0212218356138 0.0241070076548 0.000650557816241 0.00106326222344 0.0167667058224 0.0580257135908 0.0208240010125 0.0219720556182 0.0239926899366 0.0188811163551 -0.00532460411699 0.026323616546 0.0443303457405 -0.00380458863595 0.041463291587 0.0296612612186 
-0.0204215286537 0.0206558513962 0.0272820740631 0.0188553572397 0.0344984221332 -0.00267467254677 0.0658399757121 -0.0169510182738 0.0187438432811 -0.00209330005416 0.0260502527055 0.0110119839879 0.00542033492231 0.0234256850614 0.018433741661 0.0452101700808 0.0676757582803 0.00585640628317 -0.019882333367 -0.00266002303965 0.0246918199631 0.0483271059099 0.0718384313415 -0.00466600301381 -0.0372322510417 0.496218197486 0.0445715499356 0.0075727208368 0.0168012450408 -0.0161898791205 0.0364993311978 0.0458945060889 0.0197444561696 0.0183749424351 0.0332714784477 0.0106243213234 0.0354765732016 0.0217116367385 0.0421018135232 0.0447754553862 0.00650940166567 0.0108293340857 0.0554670785714 0.00631868348819 0.0198511081678 0.0310118389805 0.052026309045 0.0121708860275 -0.0172472544711 0.0144997870694 
0.0455026895312 0.0490298424429 0.0197957762313 0.00429981684946 0.0301288862949 -0.025548766776 0.0047598290759 0.00614685969749 -0.00503191206222 0.023826921561 0.0223484308773 0.0138391694662 -0.00359314876798 0.0045387364486 0.0219367132344 0.00974737110898 0.0108805309834 0.0149404945498 0.00988437463569 0.00668799985068 -4.15735195516e-05 0.0240109988009 0.030747872302 0.00120289280696 0.0248988379233 0.0445715499356 0.321408575427 0.00554563874813 -0.0126102226498 -0.0137086004058 0.025378518677 0.019667958819 0.0225363845548 -0.029556063798 0.00700981734699 0.00254489935469 0.0490961740679 0.0213160469245 0.0314057896021 0.0573855184389 0.0229104800441 0.019063683507 -0.0241801693424 0.0246085603522 0.0168821679232 0.0293671112957 0.0277128759208 -0.00639507134522 0.0205494928548 0.0220692601843 
-0.00208253054743 0.0218544387829 0.0106321791941 -0.00688181983228 0.0293253378112 -0.0137950183562 0.00400909104311 0.00681188562606 -0.00108662716456 0.0156302443419 -0.00758613722434 0.00567800091169 -0.00741074046993 0.0134291556632 0.013400928976 0.0305561807643 0.0359342182777 0.0182515635949 -0.0320418043189 0.0279350925213 -0.00731973326654 0.00535759260259 0.0343662532617 0.0235276221595 0.0207141682843 0.0075727208368 0.00554563874813 0.596687640781 -0.00856588695403 -0.0214799113022 0.0263541048479 0.0399308837313 -0.0056550104979 -0.00592001758874 -0.00631367846707 0.00275299215246 0.00401802197628 -0.0105845438824 0.00739411059177 -0.014828266064 -0.00494093808775 0.00749735575981 -0.0108438887775 0.0451215022127 0.0126657348752 0.0253864586741 0.0274166664884 -0.0118568026171 0.0182676100396 0.0235801653351 
0.00504602594198 0.000231229732981 0.00613966708689 0.01135236339 0.0176910003465 -0.0109361757176 0.00385091880746 0.00719175026083 0.0254387493632 -0.0105705742356 0.0107310898436 -0.0154177444795 0.0249824457316 -0.0013861529274 -0.0141791721619 -0.000584202053576 0.0241467219014 0.0200169843267 0.0172184738917 0.0177454656302 0.0148633220174 0.0103682972187 0.0177568030433 0.0158026610869 -0.00137913221521 0.0168012450408 -0.0126102226498 -0.00856588695403 0.25965840691 0.0126861341065 0.0171298797317 0.0347134683827 0.013420395482 -0.00137162534325 0.00506693930257 0.0281753970033 -0.00237263164365 0.000639124914733 0.00571662360884 0.0301156044343 0.00132911339964 0.010448034153 -0.00682883992006 0.00861271192657 -0.00707154725395 0.0178361387956 0.0392915826202 0.00460997341552 0.00827202506349 0.0193425855955 
0.00679096536089 0.00367316250945 0.011065781448 -0.00446963200128 -0.000468721621636 -0.0040163717661 0.0108714288089 -0.00715002207629 -0.00669009033228 -0.00585285776717 0.0109553772718 -0.00148113683711 0.00356989061063 0.0173077797889 0.00413930712264 0.0165022970516 0.0122927961642 0.00291265304479 -0.0106808291084 0.0132668291764 0.0250721592836 0.00988086521446 0.0236349236542 -0.0111525502694 0.0230742278907 -0.0161898791205 -0.0137086004058 -0.0214799113022 0.0126861341065 0.399716570042 0.0166552477275 0.00465679906178 0.0231611786791 0.0216638954362 -0.00420922675904 -0.00867751786104 -0.00570936424443 0.0151793331943 -0.00523861280598 0.0180191061821 -0.00340801694912 0.00830043121297 0.0180481930071 0.00187185119427 0.0168477066493 0.0392587110797 0.0109336377285 -0.0051600033651 -0.0144653184145 0.0129785559491 
0.0046387419504 0.0316850794344 0.0130639506363 0.0176098894056 0.0555633492497 0.00433104647977 0.0315482086988 0.00862046730117 -0.00272713542373 0.0320843499214 0.017950510048 0.0202191747562 0.0230878027109 0.00885553333436 0.0181505928524 0.0375774869402 0.00880511283253 0.025316261354 0.0129410421071 -0.0102855175806 0.01569692673 0.0510031797866 0.0402729910219 0.00985459261598 0.0130170961605 0.0364993311978 0.025378518677 0.0263541048479 0.0171298797317 0.0166552477275 0.280056103423 0.0298906306568 0.049219465182 0.00253032533658 0.00926916977921 0.0346046391912 0.0292494640529 0.0149293163281 0.013858025955 0.0301226519188 -0.00352980035967 -0.00453804955997 0.0186060599096 0.00819989100741 0.0349024284022 0.0211408389489 0.0142433556145 -0.0110864981648 0.0283841336924 0.0207858560601 
0.0245616447664 0.0303381438817 0.00685784024347 0.0010785519737 0.0374375956223 -0.00475373462822 0.0247395279765 0.0190191513965 0.0020121956275 0.0341757279827 0.0343116980074 0.0240826261648 -0.00374194013365 0.0629475177984 0.017621101522 0.00994335627473 0.0174666414544 0.031205282025 0.0180446946382 -0.0178945463816 0.00759005402748 0.0133082648788 0.0211162019103 0.0417068936453 0.0322361730042 0.0458945060889 0.019667958819 0.0399308837313 0.0347134683827 0.00465679906178 0.0298906306568 0.260523594446 0.0202879022113 -0.0051919462198 0.037611509667 0.0331566863484 0.0492680927745 0.0183657819762 -0.00714123163418 0.00875074751163 0.0351033856213 0.0291669924873 0.00401874330638 0.00937796691959 0.0220417753736 0.0791294341408 0.00224156446849 0.00898685588176 0.0442592869829 0.0472222822351 
0.00731785553507 0.0167871409426 0.0228105334044 0.00995486018715 0.0389205181154 0.00775460409826 0.0141461488881 0.0055712888473 -0.0157466698619 0.013294322675 0.0184597903239 0.0352757339946 0.0265778395294 0.0165206475882 0.0173402005274 0.016158508652 0.00523845354678 0.0333945825994 -0.000984058985851 0.00101037399215 0.00828830533929 0.022323905047 0.0380238414528 -0.00100895590408 0.0125429133302 0.0197444561696 0.0225363845548 -0.0056550104979 0.013420395482 0.0231611786791 0.049219465182 0.0202879022113 0.157715767873 -0.00339576568322 0.0168100576176 0.0349105205701 0.00511064505044 0.00686957960118 0.000526321777027 0.0378211809566 0.0188455943996 0.0177058189024 -0.00503311905166 0.012999046396 0.00193899730039 0.025996387558 0.0359635706883 0.00274397706583 0.0198325900931 0.000460231185258 
0.0380731512071 0.0276123264083 0.00554021086967 0.0585622524992 0.033341848271 0.181083158703 0.0209132295135 0.0123524786286 0.135682010645 0.0186408390582 0.0221050908393 0.0252708055793 0.0069076332771 -0.00860657759669 0.0113002593758 0.0269738273565 0.000744637259397 -0.0133189569696 0.0176530545676 -0.00800946554541 0.0340027470323 0.00238732151398 0.0174941655916 0.0480714237537 0.00322867123082 0.0183749424351 -0.029556063798 -0.00592001758874 -0.00137162534325 0.0216638954362 0.00253032533658 -0.0051919462198 -0.00339576568322 0.503956814723 0.00982775183938 0.0378960675412 0.0146058591904 -0.00167096292661 0.189433664152 0.0761829404511 0.00528606037565 0.0331735123245 0.16408356823 0.0190840835598 0.0262116881759 0.00493034985132 -0.0329060132095 0.144567974338 -0.00194634701531 0.00942788502674 
0.0164494812635 -0.0017828934926 0.00397793949816 0.0183885285831 0.00775569628723 0.0043182242605 0.0207895545713 0.0064519322002 0.0192730362706 0.0305213359829 0.0170786378275 0.00708198913786 0.0116583118996 0.0207905823258 0.0152854853059 0.0329112081084 0.0189657087078 0.0173949712564 0.000714277593105 0.00870387592597 0.0160905383607 0.00861972742582 0.0406123150259 0.00233549034072 0.0212218356138 0.0332714784477 0.00700981734699 -0.00631367846707 0.00506693930257 -0.00420922675904 0.00926916977921 0.037611509667 0.0168100576176 0.00982775183938 0.194018913885 0.0309873806052 0.0284777465112 0.000667407803038 0.0355301206399 0.023287981526 -0.000597321594417 0.0161144847314 0.0243474410362 0.00193130681103 0.0314394227281 0.0390186027316 0.00229589074788 -0.00258796403332 0.0277679661804 0.0418255321241 
0.0098628747773 0.0231352781233 0.014361222711 0.020286868077 0.0389876540286 0.0281339890967 0.0261047486197 0.00318832715407 0.0640342690165 0.0390365074344 0.0388040487537 0.0507279751825 -0.0171215256836 0.0367543534073 0.0158901708175 0.0289810778827 -0.00518594954949 0.0312770189064 0.023034117254 0.00198286501536 0.00834472509536 0.00703194101998 0.00862698231883 0.0252805226989 0.0241070076548 0.0106243213234 0.00254489935469 0.00275299215246 0.0281753970033 -0.00867751786104 0.0346046391912 0.0331566863484 0.0349105205701 0.0378960675412 0.0309873806052 0.434353606071 0.0101191156147 0.015464137353 0.0831311801959 0.03501567599 0.0443036684095 0.0270165360042 0.00870313199538 0.0372571219189 0.0625045760098 0.028819122388 0.0068279563004 0.00675858915708 0.00824620070305 -0.00152080943885 
0.00477598245181 0.0204582375184 0.0276971038145 -0.000858021337289 0.0144646336843 -0.00667412260401 0.00202549258796 -0.0114789984076 -0.0102925089556 0.00649572280099 -0.0106308798164 0.0216754344994 0.00521621518321 0.0219429561143 0.0132979064297 0.0223325172321 0.0293045477838 0.0252931028014 0.012947294385 0.131767033187 0.00285730295976 0.0218637789915 -0.00213262549382 0.00978366300029 0.000650557816242 0.0354765732016 0.0490961740679 0.00401802197628 -0.00237263164365 -0.00570936424443 0.0292494640529 0.0492680927745 0.00511064505044 0.0146058591904 0.0284777465112 0.0101191156147 0.478228258779 0.00897948395105 -0.0130690832008 -0.0220191975327 0.0176326329732 8.51944453328e-05 0.0130806034219 0.00980665474565 0.0220140412648 0.0492451287818 -0.0252287332443 -0.0202132180756 -0.00253472748538 0.0129811021255 
0.0083408650368 0.0306793119228 0.00386278722646 0.0167943722157 0.0140150801312 -0.00345057357553 0.0275721550709 0.00107630792133 -0.00483642162659 0.00582004236632 0.0183344226149 0.00279883157255 0.00476699678883 0.0134794536701 0.0172774258376 0.0262613705641 0.0110452759407 0.0191916844566 0.00304757362857 0.00854617689806 -0.000370373979855 0.0247969101723 0.0189302830497 -0.00994405755602 0.00106326222344 0.0217116367385 0.0213160469245 -0.0105845438824 0.000639124914733 0.0151793331943 0.0149293163281 0.0183657819762 0.00686957960118 -0.00167096292661 0.000667407803037 0.015464137353 0.00897948395105 0.125209986594 0.00420824848448 0.00968902903169 0.0106007952326 0.0289262751215 -0.00571045751795 0.0179326892758 0.023081184792 0.015996816468 0.0333714138278 0.0125054954341 0.00850555709006 0.0171959765723 
0.000735214927049 0.0122998231587 0.0312702991967 0.0324764480941 0.0602877207306 0.141771459133 0.0137685280726 0.0170043491295 0.179607213561 0.0149551879372 0.0501249021961 0.010102271114 -0.00494878597486 -0.00438591383687 0.00801104789093 0.017735666811 -0.00648829268704 -0.00529409918872 0.0248469376671 -0.00188094679512 0.0291012137238 -0.0106055122346 0.0434044883244 0.0632308706528 0.0167667058224 0.0421018135232 0.0314057896021 0.00739411059177 0.00571662360884 -0.00523861280598 0.013858025955 -0.00714123163418 0.000526321777027 0.189433664152 0.0355301206399 0.0831311801959 -0.0130690832008 0.00420824848448 0.555939804558 0.0522347263385 0.00118142067325 0.0387308746572 0.107598150498 0.0178884370213 0.00106801386061 -0.0135550465395 -0.0187141168218 0.177336574851 0.0293406638454 0.000185930700815 
0.0407336753069 0.0219420843711 -0.00723209106939 0.0132491874645 0.0280200124214 0.0590644460307 0.0338736547098 -0.0214250074564 0.0271300825543 0.0101299987635 0.0181161117126 0.0149851520022 0.0282031823026 0.0628073281873 -0.00585637364877 0.0305021036218 0.00166345167726 0.0137671709044 -0.00531314930106 0.00874412580352 0.0175843759859 0.012682616949 0.0263481641903 0.0354700067978 0.0580257135908 0.0447754553862 0.0573855184389 -0.014828266064 0.0301156044343 0.0180191061821 0.0301226519188 0.00875074751163 0.0378211809566 0.0761829404511 0.023287981526 0.03501567599 -0.0220191975327 0.00968902903169 0.0522347263385 0.550279838451 0.0083698017271 0.0148263166842 0.0410256913434 0.0196618461819 0.0116103816992 0.0182807608658 -0.0238474477849 0.0635325917274 0.0220143856422 -0.00262183793067 
0.0300572554996 0.0296834440111 0.00350415153507 0.00685283204866 0.0011971650463 -0.00770063677297 0.0182409493322 0.0467475742449 -0.00616763346752 0.0655500878887 0.0107170656218 0.01158223469 -0.0217878200331 -0.00781617275889 0.00901174286425 -0.00408742888441 -0.0289691366309 -0.0105205591082 0.00748321417532 0.000278515563763 0.0133920114585 0.00117423050255 -0.00378355502792 0.00696784140359 0.0208240010125 0.00650940166567 0.0229104800441 -0.00494093808775 0.00132911339964 -0.00340801694912 -0.00352980035967 0.0351033856213 0.0188455943996 0.00528606037565 -0.000597321594417 0.0443036684095 0.0176326329732 0.0106007952326 0.00118142067325 0.0083698017271 0.454141537399 0.0221651118651 -0.00390414767296 0.00708606929533 -0.0152511145065 0.0186178794343 -0.0145315732993 -0.0127194095457 0.0761575811468 0.0106610174811 
0.0202737886792 0.0181565248957 0.0253206120008 0.0296494735196 0.0319007869249 0.0102170707479 0.0172044913755 0.00940038591575 0.00263581732868 0.0197732653016 0.0713315248132 0.0222866181625 0.0115013368079 0.0139447258709 0.02328079704 0.021451827395 0.00327275543348 0.0202431321861 0.0256501771226 0.00606712060094 0.0188991152794 0.0193018845059 0.0219493007452 0.0204576554179 0.0219720556182 0.0108293340857 0.019063683507 0.00749735575981 0.010448034153 0.00830043121297 -0.00453804955997 0.0291669924873 0.0177058189024 0.0331735123245 0.0161144847314 0.0270165360042 8.51944453328e-05 0.0289262751215 0.0387308746572 0.0148263166842 0.0221651118651 0.140197959289 0.0104282942407 0.0192434088385 0.0171295404127 0.0233566192479 0.0384183851487 0.026401240935 0.0162716285663 0.0133929005803 
0.0220386100729 -0.00568060639704 0.005681193554 0.0281137304871 0.0457467254992 0.148209500049 0.0211473345672 0.00306281863972 0.0944646680906 0.0135412420086 0.0145598652306 0.00169451804047 0.00739912950093 0.00362167715262 -0.00371907064587 0.027695082087 -0.0353678526536 0.0131660690796 -0.00151243613209 0.00628250836577 0.0277182770745 0.00901559269803 0.0288547016766 0.00449358057305 0.0239926899366 0.0554670785714 -0.0241801693424 -0.0108438887775 -0.00682883992006 0.0180481930071 0.0186060599096 0.00401874330638 -0.00503311905166 0.16408356823 0.0243474410362 0.00870313199538 0.0130806034219 -0.00571045751795 0.107598150498 0.0410256913434 -0.00390414767296 0.0104282942407 0.314945634383 -0.0162444239855 0.0124003225108 0.0118343118719 -0.00223940513233 0.104441225477 0.00798989187564 0.00852508962329 
0.0138505778 0.0218908876595 0.00710300450211 0.0115066756014 0.0383991265018 0.0234024706286 0.0192172011196 -0.00325316705186 0.00790884483136 0.00464291831514 0.0300847583355 0.0188811240036 0.0274313258021 0.0195033207429 0.0203433970235 0.0053452567912 -0.0188281550279 0.0105669818448 -0.00260512831092 0.0200457236087 0.0139175086959 0.0211675038209 0.0287237423099 0.000724652911373 0.0188811163551 0.00631868348819 0.0246085603522 0.0451215022127 0.00861271192657 0.00187185119427 0.00819989100741 0.00937796691959 0.012999046396 0.0190840835598 0.00193130681103 0.0372571219189 0.00980665474565 0.0179326892758 0.0178884370213 0.0196618461819 0.00708606929533 0.0192434088385 -0.0162444239855 0.163897417258 0.00709278517886 0.00364112042335 0.0116724667711 0.0165848229138 -0.00191624008787 0.0201998597631 
0.0276890533445 0.0192252210076 0.0198254233705 0.00184640894329 0.0334174920574 -0.00369677557191 0.0186144132582 0.00613021058054 -0.0151402011479 0.017192545776 0.021895898208 0.00214366806082 -0.00308900377323 0.00879354781111 0.013125175233 0.0371056634766 0.00863880371441 0.00476155006803 0.000668733642209 0.0335926727159 0.0152815512722 0.00688259930727 0.0289324268208 0.0302015293206 -0.00532460411699 0.0198511081678 0.0168821679232 0.0126657348752 -0.00707154725395 0.0168477066493 0.0349024284022 0.0220417753736 0.00193899730039 0.0262116881759 0.0314394227281 0.0625045760098 0.0220140412648 0.023081184792 0.00106801386061 0.0116103816992 -0.0152511145065 0.0171295404127 0.0124003225108 0.00709278517886 0.352585422006 0.0250352206268 0.0179541183626 -0.00702915142582 0.0225406529519 0.00547969065663 
0.0147574850597 0.0432529892193 0.014173428428 0.00947889005423 0.0529791433657 -0.00761176102673 0.0271853398775 0.00864953406483 -0.00836207049209 0.0355104109453 0.00877326533353 -0.000223711709995 0.0100223036126 0.000335802762249 0.0100300727184 0.0254016308799 0.0087960408631 0.0201914479777 0.0123284495674 -0.00772793337802 0.00555151759367 0.0329077604253 0.0428981018995 0.0363134442231 0.026323616546 0.0310118389805 0.0293671112957 0.0253864586741 0.0178361387956 0.0392587110797 0.0211408389489 0.0791294341408 0.025996387558 0.00493034985132 0.0390186027316 0.028819122388 0.0492451287818 0.015996816468 -0.0135550465395 0.0182807608658 0.0186178794343 0.0233566192479 0.0118343118719 0.00364112042335 0.0250352206268 0.319512493967 0.00289624754336 -0.0109556999334 0.0437048055627 0.0168749888418 
0.00387279753196 0.0104228499288 0.0413829496003 0.0100100550956 -0.00120800359129 0.0164137407875 0.0291293989956 -0.0119642599244 0.0139680638367 0.00821296386943 0.0332882699468 0.0161146944564 0.00422167285121 0.0226474089664 0.0429569911653 0.0313722147755 0.0599873826512 -0.00168130131245 0.00608873510639 0.0300245186632 0.00124775676771 0.0402279088594 0.00767230422089 -0.0036694906225 0.0443303457405 0.052026309045 0.0277128759208 0.0274166664884 0.0392915826202 0.0109336377285 0.0142433556145 0.00224156446849 0.0359635706883 -0.0329060132095 0.00229589074788 0.0068279563004 -0.0252287332443 0.0333714138278 -0.0187141168218 -0.0238474477849 -0.0145315732993 0.0384183851487 -0.00223940513233 0.0116724667711 0.0179541183626 0.00289624754336 0.589937666082 -0.00539725592063 0.020320385422 0.00416140766526 
