30
0.107494880462 0.0762578269544 0.0639224219563 0.0704328117516 0.0415957971797 0.0950879331279 0.0300114281637 0.125840316239 0.0466490289559 0.0636277148901 0.0114549593271 -0.00773505516991 0.00535997805058 0.0798623823862 -0.00662659235152 0.0665048210348 0.0749299903321 0.0101927526284 0.201678989994 0.0703179731329 0.0161964684659 0.072987431854 0.0605665428979 0.0301217617298 0.110374427341 0.00633581846688 0.0566389432936 0.0824662750087 0.073470583658 0.0479071153807 
0.459884772368 0.0668295206348 0.0600895248478 0.0212890153332 0.0285374625611 0.0284158870833 0.0468674690955 0.0524971696794 0.023763785814 -0.00112324041038 0.0321716749463 0.0145815104048 0.0253050163921 0.0353141505031 0.0174894560997 0.0370283238954 0.0238572745744 -0.000722256365977 0.028789307256 0.0170232066782 0.0346640081965 0.00893906025311 0.0318952855207 0.011397594533 0.0669922198532 0.0258147298812 0.00445150007104 0.0350115468445 0.114578551053 0.0490175721291 
0.0668295206348 0.425267200987 0.0954217018705 0.00907185793838 0.019970812833 0.0123501990856 0.00330550959231 0.0311065358255 -0.00579452673055 0.0113835070949 -0.00230449484559 0.0239597582601 0.0321339363532 0.137250673856 0.0248149328112 0.0178686170855 0.0292585491868 0.0183123329278 -0.0207378530917 0.0221306710206 -0.00921419664268 0.0262350954629 0.00249004718814 0.00749086905398 0.145500525599 -0.00891663683962 -0.0145583781769 0.129590498083 0.111517846303 0.0141347237278 
0.0600895248478 0.0954217018705 0.441626316657 0.0277461404244 0.0776524941675 0.0206214524721 0.0138146504594 0.0361301280304 0.0351807415054 0.0121716672749 -0.00368911534812 0.0229554173928 0.0111068695902 0.00838973322038 0.0144431905211 0.0289498811299 0.0485352441851 0.0116430747031 0.0456470860503 0.00284348779387 0.0197957919218 0.0163974086156 0.0400777111113 0.0164691692747 0.0476582076346 0.0186904693721 0.00836977934623 0.0329529121875 0.0465747306588 0.00691094675315 
0.0212890153332 0.00907185793838 0.0277461404244 0.294347945043 0.00975647577177 0.0172115940003 0.0164282973368 0.0233021781241 0.0196074156116 0.0101095793395 -0.0136186710898 0.00203639478645 0.00579330417389 0.000136606816173 0.00975566726972 0.0137632204082 0.0125392434664 0.00866831817203 0.0519472342666 0.0103966581109 0.0148790643553 0.0170949682481 0.0202226725466 -0.0172170530676 -0.0085978941212 0.000483596013059 0.00779138546303 -0.0191311302443 0.0283481819164 0.0187247094486 
0.0285374625611 0.019970812833 0.0776524941675 0.00975647577177 0.237537225827 0.0390383383278 0.0138119605374 0.0385737341815 0.0235522206355 0.0225151313414 0.0336404779456 0.00916028913487 0.0148663691625 0.023330146641 0.0203075120086 0.0478114713053 0.0393693818318 0.0455580489437 0.0159591975911 0.0491180469452 0.0166722191923 0.00749162568617 0.00780849762102 0.00583273495901 0.0220330033044 0.0317910082766 0.00515407220155 -0.0118177420334 0.0360106670432 0.0071320933932 
0.0284158870833 0.0123501990856 0.0206214524721 0.0172115940003 0.0390383383278 0.299299174333 0.0316423822801 0.0394730917606 0.0308574400422 0.0154252459963 0.0314885109455 0.0140562979182 0.00767663056155 0.0108027269544 0.0266484286362 0.0633464055757 0.0376344798095 0.0333401299957 0.0149216550344 0.0182168610001 0.0247073270385 0.0184407991892 0.0269520824214 0.0194912945544 0.0278068929707 0.0209706469945 0.0344326764691 0.0047529457887 0.0324071276304 0.0212031425276 
0.0468674690955 0.00330550959231 0.0138146504594 0.0164282973368 0.0138119605374 0.0316423822801 0.214901538791 0.0306158989437 0.0296337038499 0.0187293331603 0.0312333731909 0.0295408888439 0.028214847193 0.0136754320971 0.0180538943511 0.0269490423663 0.0133785534756 0.0285776532135 0.00839804777931 0.000114897892459 0.00557579035142 0.019180785329 0.0172156566105 0.0107637213669 -0.0108957586635 0.0245762489108 0.00047483400368 0.00585366631031 0.0348089376786 0.0301400084512 
0.0524971696794 0.0311065358255 0.0361301280304 0.0233021781241 0.0385737341815 0.0394730917606 0.0306158989437 0.391724793146 0.0517398139986 0.00701292032935 0.0172185074311 0.0165101697954 0.0191073411052 0.0368431518817 0.0160299171357 -0.012340991345 0.0944615449785 0.0372022539969 0.0152119095517 0.0249162497873 0.0272501102225 -0.0193934701653 0.0507553875804 0.0222863664234 0.0236367516318 0.0394385467449 -0.00801676504289 0.00390377817823 0.0386252818899 0.0153090372651 
0.023763785814 -0.00579452673055 0.0351807415054 0.0196074156116 0.0235522206355 0.0308574400422 0.0296337038499 0.0517398139986 0.232258134268 0.00404151360764 0.0125983571295 -0.00422347870683 0.0105052422625 -0.0294435454629 -0.000127314455494 0.0297885563726 0.0392661086224 0.0154546883843 0.0137985575528 0.020836922822 0.025640152226 0.00501353951288 0.0221502372934 0.0233591989121 -0.00942378858954 0.0270847407549 -0.00654906778408 -0.00220520543766 2.98993263006e-05 -0.00717442458863 
-0.00112324041038 0.0113835070949 0.0121716672749 0.0101095793395 0.0225151313414 0.0154252459963 0.0187293331603 0.00701292032935 0.00404151360764 0.241759181974 -0.00533612811527 -0.00568903713799 -0.0046588310834 0.0194244698328 0.0107555272413 0.0178377183273 0.020399410715 -0.00784239092328 0.00266410052723 0.0198479289428 -0.00370169630321 0.0624112296003 -0.00538195742189 -0.000557693633622 -0.0149013226847 0.00350021416351 -0.00607006567768 0.000910700394205 0.014124958426 0.0106794810531 
0.0321716749463 -0.00230449484559 -0.00368911534812 -0.0136186710898 0.0336404779456 0.0314885109455 0.0312333731909 0.0172185074311 0.0125983571295 -0.00533612811527 0.16523432781 0.029733064653 0.0123527641638 -0.00378410174423 0.0131851361517 0.0434748401426 0.0128977031648 0.0266751571946 0.00672881807047 0.0327774040442 0.0195537561272 -0.00876807515342 0.0125769630207 0.0133983576405 0.0131307359925 0.0344065201562 0.0112645721668 0.00332027268643 0.0192247544522 -0.0178886161885 
0.0145815104048 0.0239597582601 0.0229554173928 0.00203639478645 0.00916028913487 0.0140562979182 0.0295408888439 0.0165101697954 -0.00422347870682 -0.00568903713799 0.029733064653 0.13383369641 0.0475290661473 0.0173668277433 0.0456043147734 0.008356641626 0.00757026041557 0.0112467021119 0.0146580082188 0.0104997794536 0.00726854202994 0.0037152032857 0.0379962319826 -0.00116570700729 0.0170142262912 0.00344187622337 0.010461464733 0.0239311442828 0.0168930977887 -0.00161536341849 
0.0253050163921 0.0321339363532 0.0111068695902 0.00579330417389 0.0148663691625 0.00767663056155 0.028214847193 0.0191073411052 0.0105052422625 -0.0046588310834 0.0123527641638 0.0475290661473 0.13310352118 0.0187679569859 0.0528161305888 0.0291683397378 0.0294739710047 0.00354160902436 0.00587610503909 0.0207111207511 -0.00124120937418 0.0114554667947 0.00868456001126 0.000953788155106 0.0162460967139 0.000654820416219 0.00574853815702 0.0208630333203 0.0261916193204 0.0162189657205 
0.0353141505031 0.137250673856 0.00838973322038 0.000136606816173 0.023330146641 0.0108027269544 0.0136754320971 0.0368431518817 -0.0294435454629 0.0194244698328 -0.00378410174423 0.0173668277433 0.0187679569859 0.331833940526 0.0471700837271 -0.0228262284411 0.0193382287742 0.0131362698504 -0.0151019975002 0.00937149076451 0.00470864663422 0.0164327989273 0.0164740206465 0.00299644165825 0.16245626182 0.00721019469941 0.00331744762281 0.161827760362 0.0648929714138 0.02941609403 
0.0174894560997 0.0248149328112 0.0144431905211 0.00975566726972 0.0203075120086 0.0266484286362 0.0180538943511 0.0160299171357 -0.000127314455494 0.0107555272413 0.0131851361517 0.0456043147734 0.0528161305888 0.0471700837271 0.164131248817 0.00306046417303 0.0232188667008 0.0141856801818 0.0134081669208 0.0216987023502 0.0232140577077 0.0141188157614 0.030078608278 0.0126884207982 0.0409433597338 0.00939920521601 0.00453801282472 0.0307239973718 0.020672967344 0.0225012704761 
0.0370283238954 0.0178686170855 0.0289498811299 0.0137632204082 0.0478114713053 0.0633464055757 0.0269490423663 -0.012340991345 0.0297885563726 0.0178377183273 0.0434748401426 0.008356641626 0.0291683397378 -0.0228262284411 0.00306046417303 0.243772473434 0.043629166672 0.0116075593923 -0.00192867756527 0.0177319231873 0.0291305123302 -0.00474063506821 0.020474008011 0.0297126230721 -0.00193020266269 0.0168711472969 0.0156389961609 -0.0075198829306 0.0169807847693 0.0209524115238 
0.0238572745744 0.0292585491868 0.0485352441851 0.0125392434664 0.0393693818318 0.0376344798095 0.0133785534756 0.0944615449785 0.0392661086224 0.020399410715 0.0128977031648 0.00757026041557 0.0294739710047 0.0193382287742 0.0232188667008 0.043629166672 0.430318023453 0.0180807500997 0.00753096843791 0.00410537211899 0.0262008497874 -0.0109570202895 0.0399570007361 0.00173566567717 0.0304970505146 0.0628400754875 0.0137718683023 0.0277087272745 0.0105511396759 0.0107798191071 
-0.000722256365976 0.0183123329278 0.0116430747031 0.00866831817203 0.0455580489437 0.0333401299957 0.0285776532135 0.0372022539969 0.0154546883843 -0.00784239092328 0.0266751571946 0.0112467021119 0.00354160902436 0.0131362698504 0.0141856801818 0.0116075593923 0.0180807500997 0.263757190165 0.0284600116908 0.00900677593449 0.00863270193374 0.0182192462313 0.0212971658826 0.0030975434539 0.0123270612183 0.016173018449 0.00246734830942 0.0106071501744 0.0159540374544 0.0268399228281 
0.028789307256 -0.0207378530917 0.0456470860503 0.0519472342666 0.0159591975911 0.0149216550344 0.00839804777931 0.0152119095517 0.0137985575528 0.00266410052723 0.00672881807047 0.0146580082188 0.00587610503909 -0.0151019975002 0.0134081669208 -0.00192867756527 0.00753096843791 0.0284600116908 1.24433748247 -0.0226665702486 0.0254980822259 0.0130427215982 0.0113491386259 -0.00493217155269 -0.01399891375 0.0127462873164 -0.0204187079916 -0.0311071137112 0.0264832257544 0.0211120510689 
0.0170232066782 0.0221306710206 0.00284348779387 0.0103966581109 0.0491180469452 0.0182168610001 0.000114897892459 0.0249162497873 0.020836922822 0.0198479289428 0.0327774040442 0.0104997794536 0.0207111207511 0.00937149076451 0.0216987023502 0.0177319231873 0.00410537211899 0.00900677593449 -0.0226665702486 0.283806526238 0.0101277436277 0.0159483243501 0.00801782479879 0.00856211348871 0.00831613734512 0.00312866646609 0.00967607187687 0.0142556198019 0.0159521699283 0.0115794014282 
0.0346640081965 -0.00921419664268 0.0197957919218 0.0148790643553 0.0166722191923 0.0247073270385 0.00557579035142 0.0272501102225 0.025640152226 -0.00370169630321 0.0195537561272 0.00726854202994 -0.00124120937418 0.00470864663422 0.0232140577077 0.0291305123302 0.0262008497874 0.00863270193374 0.0254980822259 0.0101277436277 0.175889672833 -0.00482312952649 0.0313645440912 0.019381561898 0.0165564010138 0.0228547425708 0.0185682342978 0.00813884484342 0.0131576610064 0.021232531119 
0.00893906025311 0.0262350954629 0.0163974086156 0.0170949682481 0.00749162568617 0.0184407991892 0.019180785329 -0.0193934701653 0.00501353951288 0.0624112296003 -0.00876807515342 0.0037152032857 0.0114554667947 0.0164327989273 0.0141188157614 -0.00474063506821 -0.0109570202895 0.0182192462313 0.0130427215982 0.0159483243501 -0.00482312952649 0.485289946585 0.00317324227033 0.010416312273 -0.0298860453148 0.00866345604172 0.00154365732249 0.00562562008484 -0.000303908552222 0.0123945395518 
0.0318952855207 0.00249004718814 0.0400777111113 0.0202226725466 0.00780849762102 0.0269520824214 0.0172156566105 0.0507553875804 0.0221502372934 -0.00538195742189 0.0125769630207 0.0379962319826 0.00868456001126 0.0164740206465 0.030078608278 0.020474008011 0.0399570007361 0.0212971658826 0.0113491386259 0.00801782479879 0.0313645440912 0.00317324227033 0.253709786698 0.000176914114103 0.00178116800173 0.00756941117234 -0.0314880287198 0.00424732218851 0.00015851711967 0.0194847231533 
0.011397594533 0.00749086905398 0.0164691692747 -0.0172170530676 0.00583273495901 0.0194912945544 0.0107637213669 0.0222863664234 0.0233591989121 -0.000557693633621 0.0133983576405 -0.00116570700729 0.000953788155106 0.00299644165825 0.0126884207982 0.0297126230721 0.00173566567717 0.0030975434539 -0.00493217155269 0.00856211348871 0.019381561898 0.010416312273 0.000176914114103 0.190643780861 0.00767523999688 0.031223367231 0.000598935376634 0.00750773497461 0.013650618674 0.00769336586096 
0.0669922198532 0.145500525599 0.0476582076346 -0.0085978941212 0.0220330033044 0.0278068929707 -0.0108957586635 0.0236367516318 -0.00942378858953 -0.0149013226847 0.0131307359925 0.0170142262912 0.0162460967139 0.16245626182 0.0409433597338 -0.00193020266269 0.0304970505146 0.0123270612183 -0.01399891375 0.00831613734512 0.0165564010138 -0.0298860453148 0.00178116800173 0.00767523999688 0.442606662862 -0.00662542043768 0.00686154886977 0.172494830856 0.0898188940404 0.00578252343859 
0.0258147298812 -0.00891663683962 0.0186904693721 0.000483596013058 0.0317910082766 0.0209706469945 0.0245762489108 0.0394385467449 0.0270847407549 0.00350021416351 0.0344065201562 0.00344187622337 0.00065482041622 0.00721019469941 0.00939920521601 0.0168711472969 0.0628400754875 0.016173018449 0.0127462873164 0.00312866646609 0.0228547425708 0.00866345604172 0.00756941117234 0.031223367231 -0.00662542043768 0.197994614812 0.0211483673763 -0.00212042440988 0.0124381372465 0.0101916100403 
0.00445150007104 -0.0145583781769 0.00836977934623 0.00779138546303 0.00515407220155 0.0344326764691 0.00047483400368 -0.00801676504289 -0.00654906778409 -0.00607006567768 0.0112645721668 0.010461464733 0.00574853815702 0.00331744762282 0.00453801282472 0.0156389961609 0.0137718683023 0.00246734830942 -0.0204187079916 0.00967607187687 0.0185682342978 0.00154365732249 -0.0314880287198 0.000598935376634 0.00686154886977 0.0211483673763 0.207062789251 0.0133905496492 0.0151852948568 0.0169180804645 
0.0350115468445 0.129590498083 0.0329529121875 -0.0191311302444 -0.0118177420334 0.0047529457887 0.00585366631031 0.00390377817823 -0.00220520543766 0.000910700394206 0.00332027268643 0.0239311442828 0.0208630333203 0.161827760362 0.0307239973718 -0.0075198829306 0.0277087272745 0.0106071501744 -0.0311071137112 0.0142556198019 0.00813884484342 0.00562562008484 0.00424732218851 0.00750773497461 0.172494830856 -0.00212042440988 0.0133905496492 0.374279562839 0.0997020215087 0.0292470371943 
0.114578551053 0.111517846303 0.0465747306588 0.0283481819164 0.0360106670432 0.0324071276304 0.0348089376786 0.0386252818899 2.98993263018e-05 0.014124958426 0.0192247544522 0.0168930977887 0.0261916193204 0.0648929714138 0.020672967344 0.0169807847693 0.0105511396759 0.0159540374544 0.0264832257544 0.0159521699283 0.0131576610064 -0.000303908552221 0.00015851711967 0.013650618674 0.0898188940404 0.0124381372465 0.0151852948568 0.0997020215087 0.432311115192 0.043972717072 
0.0490175721291 0.0141347237278 0.00691094675315 0.0187247094486 0.0071320933932 0.0212031425276 0.0301400084512 0.0153090372651 -0.00717442458864 0.0106794810531 -0.0178886161885 -0.00161536341849 0.0162189657205 0.02941609403 0.0225012704761 0.0209524115238 0.0107798191071 0.0268399228281 0.0211120510689 0.0115794014282 0.021232531119 0.0123945395518 0.0194847231533 0.00769336586096 0.00578252343859 0.0101916100403 0.0169180804645 0.0292470371942 0.043972717072 0.237302575519 
0.0398271895684 0.00578760625924 0.00520390550196 0.00184368281001 0.00247141675375 0.00246088800852 0.00405884188478 0.00454638825692 0.0020580042205 -9.72754729948e-05 0.00278614877858 0.00126279584361 0.00219147870388 0.00305829514487 0.00151463132807 0.0032067469153 0.00206610058465 -6.25492360981e-05 0.0024932271441 0.00147425294372 0.00300199116952 0.000774145326515 0.00276221275219 0.000987060640765 0.00580169642488 0.00223562118689 0.000385511214646 0.00303208889931 0.00992279359408 0.00424504626956 
0.00578760625924 0.0368292199451 0.00826376178922 0.000785645943416 0.00172952312476 0.00106955861499 0.000286265527939 0.00269390502486 -0.000501820735157 0.00098584063283 -0.000199575107917 0.00207497593218 0.00278288052055 0.0118862570245 0.00214903622077 0.00154746763265 0.00253386468736 0.0015858945518 -0.00179595075974 0.00191657233066 -0.000797972836802 0.00227202591416 0.000215644412155 0.000648728289717 0.0126007151432 -0.000772203401943 -0.00126079253391 0.0112228663429 0.0096577287874 0.00122410298237 
0.00520390550196 0.00826376178922 0.0382459609205 0.00240288624645 0.00672490326163 0.00178587017038 0.00119638382423 0.00312896087163 0.00304674158676 0.00105409730664 -0.000319486760896 0.00198799746166 0.000961883122165 0.000726572209983 0.0012508169903 0.00250713324951 0.00420327544431 0.0010083198471 0.00395315361283 0.000246253266484 0.00171436586923 0.00142005724173 0.00347083159479 0.00142627189712 0.00412732185104 0.00161864212849 0.000724844153791 0.00285380590831 0.0040334899925 0.000598505545243 
0.00184368281001 0.000785645943416 0.00240288624645 0.0254912797959 0.000844935586976 0.00149056776438 0.00142273228346 0.0020180278219 0.00169805200222 0.000875515252962 -0.00117941151296 0.00017635696172 0.000501714858644 1.18304973136e-05 0.000844865568645 0.00119192985114 0.00108593033861 0.000750698374506 0.00449876245312 0.000900377003849 0.00128856477163 0.00148046767798 0.00175133481578 -0.00149104053348 -0.000744599472801 4.18806432478e-05 0.000674753774166 -0.00165680447947 0.00245502456907 0.0016216074061 
0.00247141675375 0.00172952312476 0.00672490326163 0.000844935586976 0.0205713271911 0.00338081927134 0.00119615087015 0.003340583372 0.00203968213859 0.00194986757112 0.00291335084964 0.000793304309681 0.00128746533568 0.00202044996651 0.00175868212871 0.00414059487427 0.00340948847977 0.00394544277321 0.00138210705379 0.00425374764389 0.0014438565358 0.000648793815987 0.000676235730519 0.000505129664805 0.00190811405833 0.00275318207794 0.000446355745948 -0.00102344648163 0.00311861524666 0.000617657406068 
0.00246088800852 0.00106955861499 0.00178587017038 0.00149056776438 0.00338081927134 0.0259200688304 0.00274031068908 0.00341847002306 0.00267233269723 0.00133586548924 0.00272698504062 0.00121731110803 0.000664815708177 0.000935543597267 0.00230782161699 0.0054859596467 0.00325924155733 0.00288733995418 0.00129225323263 0.00157762644033 0.0021397172875 0.00159702005639 0.00233411880618 0.00168799562367 0.0024081475713 0.0018161113031 0.00298195725425 0.000411617179583 0.00280653957916 0.0018362460069 
0.00405884188478 0.000286265527939 0.00119638382423 0.00142273228346 0.00119615087015 0.00274031068908 0.0186110191906 0.00265141462449 0.00256635403423 0.00162200783127 0.00270488946292 0.00255831601892 0.0024434774433 0.00118432716039 0.00156351311453 0.00233385552969 0.00115861671757 0.00247489736634 0.000727292271908 9.95044937105e-06 0.000482877609051 0.00166110473594 0.00149091959676 0.000932165614296 -0.000943600379606 0.00212836558865 4.11218309767e-05 0.000506942373001 0.00301454243084 0.0026102012989 
0.00454638825692 0.00269390502486 0.00312896087163 0.0020180278219 0.003340583372 0.00341847002306 0.00265141462449 0.0339243622156 0.00448079933099 0.000607336715994 0.00149116648506 0.00142982264636 0.00165474427959 0.00319071054851 0.001388231546 -0.00106876120126 0.00818060976321 0.00322180970394 0.00131739001119 0.00215781052829 0.00235992877087 -0.00167952378307 0.00439554550235 0.00193005594807 0.00204700273761 0.00341547833694 -0.000694272218332 0.000338077107309 0.0033450475345 0.00132580151791 
0.0020580042205 -0.000501820735157 0.00304674158676 0.00169805200222 0.00203968213859 0.00267233269723 0.00256635403423 0.00448079933099 0.0201141444512 0.000350005345396 0.00109104973201 -0.000365763985245 0.000909780667222 -0.00254988583484 -1.10257552727e-05 0.00257976465608 0.00340054475748 0.00133841527484 0.00119499013763 0.00180453045006 0.00222050231846 0.000434185258103 0.00191826681959 0.00202296596699 -0.000816124031843 0.00234560735487 -0.000567165907212 -0.000190976392958 2.58935761324e-06 -0.000621323395129 
-9.72754729949e-05 0.00098584063283 0.00105409730664 0.000875515252962 0.00194986757112 0.00133586548924 0.00162200783127 0.000607336715994 0.000350005345396 0.0209369593188 -0.000462122250567 -0.000492685068457 -0.000403466607017 0.00168220843302 0.000931455982206 0.0015447917217 0.00176664079014 -0.000679170976597 0.000230717873481 0.0017188810677 -0.000320576303567 0.00540497103153 -0.000466091184944 -4.82976854245e-05 -0.00129049239949 0.000303127438429 -0.000525683107951 7.88689676618e-05 0.00122325728243 0.000924870189126 
0.00278614877858 -0.000199575107917 -0.000319486760896 -0.00117941151296 0.00291335084964 0.00272698504062 0.00270488946292 0.00149116648506 0.00109104973201 -0.000462122250567 0.014309712546 0.00257495893218 0.00106978075728 -0.000327712824101 0.00114186628597 0.0037650315989 0.00111697385912 0.00231013637805 0.000582732738647 0.00283860645724 0.00169340495456 -0.000759337582516 0.00108919694783 0.00116033180857 0.00113715509399 0.00297969205111 0.000975540565918 0.000287544049394 0.00166491257372 -0.00154919960578 
0.00126279584361 0.00207497593218 0.00198799746166 0.00017635696172 0.000793304309681 0.00121731110803 0.00255831601892 0.00142982264636 -0.000365763985245 -0.000492685068457 0.00257495893218 0.0115903380974 0.00411613787017 0.00150401140088 0.00394944951159 0.000723706393844 0.000655603783315 0.000973992973774 0.00126942074863 0.000909307574098 0.000629474204641 0.000321746042564 0.0032905702145 -0.000100953188168 0.00147347521939 0.000298075224612 0.000905989421958 0.00207249788905 0.00146298518336 -0.000139894575676 
0.00219147870388 0.00278288052055 0.000961883122165 0.000501714858644 0.00128746533568 0.000664815708177 0.0024434774433 0.00165474427959 0.000909780667222 -0.000403466607017 0.00106978075728 0.00411613787017 0.0115271030675 0.00162535275269 0.00457401108195 0.00252605231992 0.00255252076405 0.000306712338537 0.000508885623916 0.00179363567113 -0.000107491884946 0.000992072525638 0.000752104959044 8.26004772151e-05 0.00140695324666 5.67091115363e-05 0.00049783800786 0.00180679168554 0.00226826076977 0.0014046036337 
0.00305829514487 0.0118862570245 0.000726572209983 1.18304973136e-05 0.00202044996651 0.000935543597267 0.00118432716039 0.00319071054851 -0.00254988583484 0.00168220843302 -0.000327712824101 0.00150401140088 0.00162535275269 0.0287376622334 0.00408504908063 -0.00197680937026 0.00167473973827 0.00113763434014 -0.00130787134831 0.000811594907339 0.000407780760268 0.00142312213263 0.00142669203824 0.0002594994597 0.014069124974 0.000624421177592 0.000287299391708 0.0140146951511 0.00561989617714 0.00254750847101 
0.00151463132807 0.00214903622077 0.0012508169903 0.000844865568645 0.00175868212871 0.00230782161699 0.00156351311453 0.001388231546 -1.10257552726e-05 0.000931455982206 0.00114186628597 0.00394944951159 0.00457401108195 0.00408504908063 0.014214183103 0.000265043972122 0.002010812841 0.00122851594074 0.00116118131716 0.00187916274644 0.00201039636998 0.00122272531207 0.00260488388792 0.00109884947451 0.00354579896458 0.000813995049245 0.00039300343889 0.00266077622298 0.00179033148915 0.00194866718498 
0.0032067469153 0.00154746763265 0.00250713324951 0.00119192985114 0.00414059487427 0.0054859596467 0.00233385552969 -0.00106876120126 0.00257976465608 0.0015447917217 0.0037650315989 0.000723706393844 0.00252605231992 -0.00197680937026 0.000265043972122 0.0211113154737 0.00377839666839 0.00100524413097 -0.000167028376723 0.00153562959382 0.00252277637032 -0.000410551039914 0.00177310110548 0.00257318863935 -0.000167160454034 0.00146108421501 0.0013543767965 -0.000651240965138 0.00147057909864 0.00181453206502 
0.00206610058465 0.00253386468736 0.00420327544431 0.00108593033861 0.00340948847977 0.00325924155733 0.00115861671757 0.00818060976321 0.00340054475748 0.00176664079014 0.00111697385912 0.000655603783315 0.00255252076405 0.00167473973827 0.002010812841 0.00377839666839 0.0372666340016 0.00156583889058 0.000652200998233 0.000355535654704 0.00226906015167 -0.00094890579205 0.00346037776965 0.000150313056891 0.00264112204862 0.00544211017479 0.00119267878074 0.00239964617263 0.00091375549982 0.000933559719493 
-6.25492360981e-05 0.0015858945518 0.0010083198471 0.000750698374506 0.00394544277321 0.00288733995418 0.00247489736634 0.00322180970394 0.00133841527484 -0.000679170976597 0.00231013637805 0.000973992973774 0.000306712338537 0.00113763434014 0.00122851594074 0.00100524413097 0.00156583889058 0.0228420427114 0.00246470931163 0.000780009676546 0.000747613917792 0.00157783300741 0.00184438866829 0.00026825513204 0.00106755481691 0.00140062448327 0.000213678631594 0.000918606151277 0.00138166017284 0.00232440550048 
0.0024932271441 -0.00179595075974 0.00395315361283 0.00449876245312 0.00138210705379 0.00129225323263 0.000727292271908 0.00131739001119 0.00119499013763 0.000230717873481 0.000582732738647 0.00126942074863 0.000508885623916 -0.00130787134831 0.00116118131716 -0.000167028376723 0.000652200998233 0.00246470931163 0.10776278707 -0.0019629825652 0.00220819869554 0.00112953282385 0.000982864236107 -0.000427138586045 -0.00121234149329 0.00110386086199 -0.00176831198332 -0.00269395507123 0.00229351462775 0.00182835725516 
0.00147425294372 0.00191657233066 0.000246253266484 0.000900377003849 0.00425374764389 0.00157762644033 9.95044937105e-06 0.00215781052829 0.00180453045006 0.0017188810677 0.00283860645724 0.000909307574098 0.00179363567113 0.000811594907339 0.00187916274644 0.00153562959382 0.000355535654704 0.000780009676546 -0.0019629825652 0.0245783661482 0.000877088326459 0.0013811654035 0.000694363995885 0.00074150077913 0.000720198620223 0.000270950463961 0.000837972405422 0.00123457288952 0.00138149844034 0.00100280557975 
0.00300199116952 -0.000797972836802 0.00171436586923 0.00128856477163 0.0014438565358 0.0021397172875 0.000482877609051 0.00235992877087 0.00222050231846 -0.000320576303567 0.00169340495456 0.00062947420464 -0.000107491884946 0.000407780760268 0.00201039636998 0.00252277637032 0.00226906015167 0.000747613917792 0.00220819869554 0.000877088326459 0.0152324924937 -0.000417695269569 0.00271624919611 0.00167849249687 0.00143382638732 0.00197927876633 0.00160805626053 0.000704844639186 0.00113948686859 0.00183879113357 
0.000774145326515 0.00227202591416 0.00142005724173 0.00148046767798 0.000648793815987 0.00159702005639 0.00166110473594 -0.00167952378307 0.000434185258103 0.00540497103153 -0.000759337582516 0.000321746042564 0.000992072525638 0.00142312213263 0.00122272531207 -0.000410551039914 -0.00094890579205 0.00157783300741 0.00112953282385 0.0013811654035 -0.000417695269569 0.0420273421944 0.000274810841847 0.000902079104221 -0.00258820744613 0.00075027730167 0.000133684645602 0.000487192990551 -2.63192526651e-05 0.001073398612 
0.00276221275219 0.000215644412155 0.00347083159479 0.00175133481578 0.000676235730519 0.00233411880618 0.00149091959676 0.00439554550235 0.00191826681959 -0.000466091184944 0.00108919694783 0.0032905702145 0.000752104959044 0.00142669203824 0.00260488388792 0.00177310110548 0.00346037776965 0.00184438866829 0.000982864236107 0.000694363995885 0.00271624919611 0.000274810841847 0.021971912047 1.53212117101e-05 0.00015425367379 0.000655530236693 -0.00272694327864 0.000367828891331 1.37279852569e-05 0.00168742652364 
0.000987060640765 0.000648728289717 0.00142627189712 -0.00149104053348 0.000505129664805 0.00168799562367 0.000932165614296 0.00193005594807 0.00202296596699 -4.82976854245e-05 0.00116033180857 -0.000100953188168 8.26004772151e-05 0.0002594994597 0.00109884947451 0.00257318863935 0.000150313056891 0.00026825513204 -0.000427138586045 0.00074150077913 0.00167849249687 0.000902079104221 1.53212117101e-05 0.0165102357299 0.000664695281744 0.00270402292137 5.1869325139e-05 0.00065018892129 0.00118217825491 0.00066626502762 
0.00580169642488 0.0126007151432 0.00412732185104 -0.000744599472801 0.00190811405833 0.0024081475713 -0.000943600379606 0.00204700273761 -0.000816124031843 -0.00129049239949 0.00113715509399 0.00147347521939 0.00140695324666 0.014069124974 0.00354579896458 -0.000167160454034 0.00264112204862 0.00106755481691 -0.00121234149329 0.000720198620223 0.00143382638732 -0.00258820744613 0.00015425367379 0.000664695281744 0.0383308613923 -0.000573778240978 0.000594227563053 0.0149384905543 0.00777854439788 0.00050078121958 
0.00223562118689 -0.000772203401943 0.00161864212849 4.18806432477e-05 0.00275318207794 0.0018161113031 0.00212836558865 0.00341547833694 0.00234560735487 0.000303127438429 0.00297969205111 0.000298075224612 5.67091115363e-05 0.000624421177592 0.000813995049245 0.00146108421501 0.00544211017479 0.00140062448327 0.00110386086199 0.000270950463961 0.00197927876633 0.00075027730167 0.000655530236693 0.00270402292137 -0.000573778240978 0.017146836624 0.00183150233964 -0.000183634140576 0.00107717428312 0.000882619320035 
0.000385511214646 -0.00126079253391 0.000724844153791 0.000674753774166 0.000446355745949 0.00298195725425 4.11218309767e-05 -0.000694272218332 -0.000567165907212 -0.000525683107951 0.000975540565918 0.000905989421958 0.00049783800786 0.000287299391708 0.00039300343889 0.0013543767965 0.00119267878074 0.000213678631594 -0.00176831198332 0.000837972405422 0.00160805626053 0.000133684645602 -0.00272694327864 5.1869325139e-05 0.000594227563053 0.00183150233964 0.017932163567 0.00115965561669 0.00131508511099 0.00146514874655 
0.00303208889931 0.0112228663429 0.00285380590831 -0.00165680447947 -0.00102344648163 0.000411617179583 0.000506942373001 0.000338077107309 -0.000190976392958 7.88689676619e-05 0.000287544049394 0.00207249788905 0.00180679168554 0.0140146951511 0.00266077622298 -0.000651240965138 0.00239964617263 0.000918606151277 -0.00269395507123 0.00123457288952 0.000704844639186 0.000487192990551 0.000367828891331 0.00065018892129 0.0149384905543 -0.000183634140576 0.00115965561669 0.0324135609536 0.00863444834352 0.00253286771956 
0.00992279359408 0.0096577287874 0.0040334899925 0.00245502456907 0.00311861524666 0.00280653957916 0.00301454243084 0.0033450475345 2.58935761334e-06 0.00122325728243 0.00166491257372 0.00146298518336 0.00226826076977 0.00561989617714 0.00179033148915 0.00147057909864 0.00091375549982 0.00138166017284 0.00229351462775 0.00138149844034 0.00113948686859 -2.63192526651e-05 1.37279852569e-05 0.00118217825491 0.00777854439788 0.00107717428312 0.00131508511099 0.00863444834352 0.0374392408095 0.00380814900578 
0.00424504626956 0.00122410298237 0.000598505545243 0.0016216074061 0.000617657406068 0.0018362460069 0.0026102012989 0.00132580151791 -0.000621323395129 0.000924870189126 -0.00154919960578 -0.000139894575676 0.0014046036337 0.00254750847101 0.00194866718498 0.00181453206502 0.000933559719493 0.00232440550048 0.00182835725516 0.00100280557975 0.00183879113357 0.001073398612 0.00168742652364 0.00066626502762 0.00050078121958 0.000882619320035 0.00146514874655 0.00253286771956 0.00380814900578 0.0205510058783 

['NUE', 'OXY', 'ASH', 'EDS', 'MTG', 'GDW', 'NCC', 'ODP', 'DOW', 'CLX', 'PFG', 'DTE', 'SO', 'APA', 'DUK', 'STT', 'SHLD', 'INTC', 'MNST', 'BF.B', 'RTN', 'PFE', 'WMI', 'MDP', 'RIG', 'LIZ', 'LH', 'DVN', 'FCX', 'MCK']