40
0.0616353203302 0.0755027876102 0.0436793340255 0.025042174885 0.0301615681032 0.0213104348082 0.148588071013 0.0363676427781 0.0594275332512 0.0279461936292 0.165275344352 0.0205902908148 0.142251168296 0.0431320253577 0.107494880462 0.176756138136 0.0900156737744 0.0916953774684 0.0415097954764 0.0324129219316 0.0896854693356 0.151795006465 0.0176756211385 0.109959402945 0.00839736130492 0.0833786368315 0.0189508527873 0.0283013122104 0.110057805124 -0.00277796207049 0.00477989818121 0.0637387331612 0.0300114281637 0.00388664565626 0.00859756350963 0.102568127786 0.0172601721071 -0.00660692339257 0.0905831054983 0.0495038718221 
0.267965495272 -0.0198269978734 0.00322152402057 0.00961851812199 0.0209065776259 0.0700803791998 0.0195478447194 0.0367554036755 -0.000708104786048 -0.00178639607453 -0.0144506320667 0.00207735554305 0.056853254836 0.0259317912204 0.0197823458279 0.0449979982373 0.00462863305801 0.0233761948144 -0.00912270706531 -0.0107538857447 0.0166681996482 0.00476080032633 0.0163302041487 0.00104940370369 0.0322738768949 0.0191712758591 0.0285948507064 0.0017020067596 0.0309462213388 0.0272608575079 -0.00446976372644 -0.0202108821845 0.0348869518797 0.0317566538055 0.0291438616224 0.0399705073032 0.0311457881366 0.0221262277459 0.0213514178306 0.0396762798641 
-0.0198269978734 0.726378617974 0.00802028716154 0.0112310605541 0.0187779268805 0.0384005714155 0.0331832717659 0.0199129237124 0.0209564738568 0.0073574980156 0.0119659103418 0.0484780837948 0.0161689982046 0.016609570051 0.0773584047976 0.0127902229642 0.0325939393692 0.0163660251269 -0.0309993457222 -0.0176998955437 -0.0162806511012 0.0028201112648 -0.00931872408762 0.0370622743727 0.00787250228167 0.0145873437176 -0.00493791949136 -0.0384957667692 0.0203693273219 0.0303663695112 -0.0146813596106 -0.0201739363277 0.0304778284598 0.022057903913 -0.0302371313718 0.0167072686179 0.00930821314288 0.0219393702266 -0.000844515718546 0.0249985262513 
0.00322152402057 0.00802028716154 0.205386081401 0.00737310676245 0.0339854512109 0.00046591588987 0.000954460921286 0.0133029023563 0.0189499572425 0.000302839541319 0.00753871152973 0.0316589733567 0.00575919288789 0.0176958041194 0.0179863920716 0.0396387723248 0.00372316813716 -0.0014146859933 0.0302222721427 0.00448617992775 0.0280848090021 0.0410223591161 0.00886246121391 0.0153132524503 0.00630117240922 0.00789160560165 -0.00845413284089 -0.00505631373269 0.0170655319957 0.0176824078403 0.0099527391979 0.0347456702474 0.0215618215273 0.0495964306597 0.0155012006039 0.0300400860417 -0.00499762845722 0.00456762288331 0.0287866041409 0.0359898038889 
0.00961851812199 0.0112310605541 0.00737310676245 0.168359007121 0.024869659318 0.034198422855 0.0263650070998 0.0140260930016 0.0135120722981 0.0185379189987 -0.0120118735448 0.0111025832986 0.012213266795 0.017785636675 0.0168877424284 0.00733417710606 0.0229220833916 0.042773691006 0.00466837884065 0.0134782060692 0.00551611488365 0.00650800427166 0.0308959732745 0.0446177225225 0.0265426161196 0.0147071925998 -0.00144118711267 -0.000795329044214 0.03989983132 -0.0148616692402 0.0279851063288 -0.00463468554534 0.0146635391768 0.0135992379088 0.0213300449164 0.0293374413932 0.0164703780194 0.0181643068037 0.0112396899437 0.000502422692968 
0.0209065776259 0.0187779268805 0.0339854512109 0.024869659318 0.217709076482 0.0246356237969 0.0409834599802 0.0137514183808 0.019210886726 0.00740412151465 0.00846927460365 0.0203404181567 0.0177212513335 0.0458863165148 0.0183408951645 0.0132579689462 0.00912355984194 0.0153904677776 0.0389339934572 0.0122062228449 0.0179328014767 0.0204421971822 0.00317490288487 0.0320675700272 0.0283792782674 -0.00131175014145 0.00296775251782 0.00407518596861 0.0296444256963 0.00566258788383 0.0297775555779 0.0152446169918 0.0259711642977 0.0232652933334 0.0138004235753 0.043759663872 0.0272549393216 0.0306272264441 0.0302680648963 0.00127628592033 
0.0700803791998 0.0384005714155 0.00046591588987 0.034198422855 0.0246356237969 0.342208685327 0.00563478436209 0.000651252437097 0.000695665026569 -0.0115416386145 -0.0127709769005 0.0245674435981 0.00626930199764 0.025351111759 0.0157610239717 0.00744601691371 0.00557042249038 0.0403456330798 0.00728332851638 0.0077192408195 0.0117160853533 0.0156452941686 0.0158040456842 0.03092432601 0.0280270267969 0.0165011927525 0.0355018478429 0.0121824701202 0.0401733519658 0.0114544275451 0.00633365169965 -0.00947288826224 0.0354787309213 -0.011418907339 0.013315177282 0.0167728820583 0.0176057059061 0.0373086928097 0.0309751831446 0.0337570630932 
0.0195478447194 0.0331832717659 0.000954460921286 0.0263650070998 0.0409834599802 0.00563478436209 0.465805577236 0.0323136108089 -0.00948773277841 -0.00247869742432 0.0100099243248 -0.00875730291864 0.0164973711292 0.0646078852432 0.000313527984647 0.0537822939425 0.0154672190161 0.0567329408271 0.00577864526006 0.0683179839772 0.0256869310268 -0.00210011881676 0.00100510036187 0.0257193313954 0.0257905990989 0.0340343752562 0.0153840642442 0.0331854644461 0.0487865703652 0.0138296185557 0.020603070773 -0.0156598662219 0.0274002382176 0.0105875087993 0.0118212184432 0.0472443863727 0.0321379552718 0.0215742424775 -0.00101251783081 0.0132497217037 
0.0367554036755 0.0199129237124 0.0133029023563 0.0140260930016 0.0137514183808 0.000651252437097 0.0323136108089 0.193842443141 0.0128250030164 -0.00893857277179 0.0088859003755 -0.00158397891148 0.0271457015895 0.0400593128737 0.016181610255 -0.00576521482671 0.0109231314879 0.0499719145684 -0.000957325442278 -0.00811121087993 0.0463465950329 0.00296036101137 0.01536517195 0.0287266148715 0.0201069384025 0.0154247578397 0.00618934446427 0.00796883669015 0.0479363036058 0.00618051861129 0.00162480107146 0.00775498220018 0.0225306636833 -0.00229146577898 0.00474062074531 0.0237222886621 0.0131416877386 0.0313139103509 0.0192503209073 0.000882282074868 
-0.000708104786048 0.0209564738568 0.0189499572425 0.0135120722981 0.019210886726 0.000695665026569 -0.00948773277841 0.0128250030164 0.232477852748 -0.0100493760318 0.00735243466913 0.000229520881977 0.0156437024939 0.00993306593565 0.0386319448262 -0.00930921679993 0.00334671949869 0.00922385067683 -0.00143219485367 0.0118353575996 -0.000640365473021 0.0354324289683 0.000729170406702 0.00236957648058 0.0233531842547 0.00714715866466 -0.0130643212081 0.00537329209157 -0.00406456817287 0.0102069200454 0.00739670253084 0.0274310629764 0.00817068850053 0.0215766908133 -0.00180510493024 -0.00127316930711 0.00805523733871 -0.00324740143446 0.00702622740528 -0.00993227902479 
-0.00178639607453 0.0073574980156 0.000302839541319 0.0185379189987 0.00740412151465 -0.0115416386145 -0.00247869742432 -0.00893857277179 -0.0100493760318 0.183199117091 0.00997603716654 -0.00268344995819 0.0341287394716 0.0112357909881 -0.00397212561368 0.00541690559125 -0.00203425280112 0.0190526498121 0.0190954716867 0.05254873936 0.00163008102756 0.00568735755372 0.0202938972915 -0.000881683457141 0.0185238757686 -0.00357652478216 0.0079622702494 0.00493307695677 -0.003423014229 -0.00864188123121 0.00704816998672 0.010777504636 0.0163699464653 -0.00316709512637 0.0165271223854 0.00916840123772 0.00427920368521 0.0168336701344 0.00242873349349 -7.45119086673e-05 
-0.0144506320667 0.0119659103418 0.00753871152973 -0.0120118735448 0.00846927460365 -0.0127709769005 0.0100099243248 0.0088859003755 0.00735243466913 0.00997603716654 1.37535935263 -0.00220192416846 -0.0153850467597 0.0283572995282 0.00360659545227 -0.0196978771785 0.0173912439482 0.0208554020425 -0.0120558008891 -0.0229635280241 -0.0118168121328 -0.0341931268392 0.00193376013263 0.0156315437457 -0.00211709415575 -0.00760880496099 -0.00583783316912 0.00713326829697 -0.0152624891529 -0.000716831027099 0.00253506438592 -0.0028252912389 0.00509726211187 -0.00872120771548 -0.0274026541193 -0.0253496965917 -0.00711274556507 0.00978436195171 0.0239033881055 -0.0093860501375 
0.00207735554305 0.0484780837948 0.0316589733567 0.0111025832986 0.0203404181567 0.0245674435981 -0.00875730291864 -0.00158397891148 0.000229520881977 -0.00268344995819 -0.00220192416846 0.302752856162 0.00853987721779 0.00875464354539 0.01481557946 0.0206729489437 0.00121017127683 0.0220577817595 0.0302596633679 0.0213711273289 0.0214216977732 0.0154374011209 -0.000926150885915 0.0449772155298 0.0134253393094 0.0343921719476 0.00823779959514 0.0101101443397 0.0288202435475 0.018958585477 -0.00102655444809 0.000404881557604 -0.00701398418014 0.011698715636 0.0179753521646 0.013422927053 0.0162458932581 0.00412546745258 0.0192194363665 0.0263418048635 
0.056853254836 0.0161689982046 0.00575919288788 0.012213266795 0.0177212513335 0.00626930199764 0.0164973711292 0.0271457015895 0.0156437024939 0.0341287394716 -0.0153850467597 0.00853987721779 0.804086011515 0.00190735351519 0.0276719425098 0.0120749660309 -0.0136979263409 0.0263396560366 -0.0251408357059 0.0279901953307 -0.00585740742674 -0.0133323791249 0.00279751178704 0.0148828248182 0.022373346216 -0.0141397610007 0.0302526100218 0.0159003371136 0.0270012890093 0.034957801286 0.00501154362112 -0.0026684303728 0.0285055058421 0.07019610938 0.0252921045126 0.0284042517071 0.0222746821532 0.0209323334449 0.00984978496188 0.00436753665176 
0.0259317912204 0.016609570051 0.0176958041194 0.017785636675 0.0458863165148 0.025351111759 0.0646078852432 0.0400593128737 0.00993306593565 0.0112357909881 0.0283572995282 0.00875464354539 0.00190735351519 0.379293285714 0.0246222126953 0.0286874755539 0.0285036153592 0.0628962824884 -0.00958339161047 0.000856492288594 0.01777360385 0.049767961732 0.0124259111698 0.0381118031314 0.0242877550382 0.0249199868423 0.0062298540307 -0.0054786915198 0.0654162714364 0.024392020561 0.046526581314 -0.00140181150544 0.0213965030716 0.012059008665 0.00698131467356 0.0419574301814 0.0394839146002 0.0396444180952 0.00914446748569 -0.00621292414527 
0.0197823458279 0.0773584047976 0.0179863920716 0.0168877424284 0.0183408951645 0.0157610239717 0.000313527984647 0.016181610255 0.0386319448262 -0.00397212561368 0.00360659545227 0.01481557946 0.0276719425098 0.0246222126953 0.449520075426 0.103149609261 0.0185607745643 0.0438861494844 0.0428611793271 0.0111241613137 0.0163717676338 0.0889988563209 0.0349952838811 0.0207377774453 0.021602690005 0.0356183760688 0.0388688097838 0.0177837857991 0.0505984989915 0.0128681879136 0.00659240054024 0.0632546558486 0.0474963232041 0.018361859089 0.00772672135429 0.0432551353709 0.038394962906 0.0556486503982 0.0286454064303 0.00704340340416 
0.0449979982373 0.0127902229642 0.0396387723248 0.00733417710606 0.0132579689462 0.00744601691371 0.0537822939425 -0.00576521482671 -0.00930921679993 0.00541690559125 -0.0196978771785 0.0206729489437 0.0120749660309 0.0286874755539 0.103149609261 1.48660166447 0.00384783076787 -0.00736289302806 0.0113847959771 -0.0117964305531 0.0148140897493 0.0305235180144 -0.00546997706137 0.00797398039882 0.0259980356431 0.0615466236388 -0.0144818938161 -0.0103521819256 0.0150613592378 0.00923341472036 -0.000347283772856 -0.0229560565498 -0.00571812172078 0.0147503229799 -0.0203316104283 0.0025874973223 0.0115119708928 0.0192418815452 -0.00846882533714 0.000482184980133 
0.00462863305801 0.0325939393692 0.00372316813716 0.0229220833916 0.00912355984194 0.00557042249038 0.0154672190161 0.0109231314879 0.00334671949869 -0.00203425280112 0.0173912439482 0.00121017127683 -0.0136979263409 0.0285036153592 0.0185607745643 0.00384783076787 0.237119082461 0.0603329596698 0.0210782855173 0.00392523847214 0.00627780351939 -0.00234432982559 0.0244008701154 0.017618953324 0.0117888746255 0.0345226820773 0.00998711866284 0.000202819450809 0.0356761476658 -0.00927175485596 0.0208301860403 0.00746987285428 0.0150032056239 0.00924193988236 0.00177945194758 -0.00944168157798 0.013244958776 0.0119893648616 0.023219877887 -0.0104502113827 
0.0233761948144 0.0163660251269 -0.0014146859933 0.042773691006 0.0153904677776 0.0403456330798 0.0567329408271 0.0499719145684 0.00922385067683 0.0190526498121 0.0208554020425 0.0220577817595 0.0263396560366 0.0628962824884 0.0438861494844 -0.00736289302806 0.0603329596698 0.461361670457 0.0442897043008 0.00983664681039 0.0549549203672 0.0713588340623 0.0202213474181 0.0649111792176 0.0312862273737 0.0383097192369 0.0224606338505 0.0124921231778 0.231974736128 -0.00107630153459 0.00598019878106 0.0670223255899 0.0367581003435 0.01706822946 0.0140642923417 0.0530642495625 0.0291142587704 0.0157969750717 0.0380566773138 0.0100736082494 
-0.00912270706531 -0.0309993457222 0.0302222721427 0.00466837884065 0.0389339934572 0.00728332851638 0.00577864526006 -0.000957325442278 -0.00143219485367 0.0190954716867 -0.0120558008891 0.0302596633679 -0.0251408357059 -0.00958339161047 0.0428611793271 0.0113847959771 0.0210782855173 0.0442897043008 0.413870791395 -0.00574614077655 0.0402970263395 0.160811223319 0.0287086410611 0.0235693086594 -0.00877401834881 0.011880825618 0.00186570184167 -0.0131735445815 0.0295102459475 0.0133741960469 0.00670433097987 0.170778900145 0.0017546930858 0.029047558421 -0.00714416161632 0.00768957428199 0.0287334171869 -0.00215463665202 0.00993695164691 -0.0110665359283 
-0.0107538857447 -0.0176998955437 0.00448617992775 0.0134782060692 0.0122062228449 0.0077192408195 0.0683179839772 -0.00811121087993 0.0118353575996 0.05254873936 -0.0229635280241 0.0213711273289 0.0279901953307 0.000856492288593 0.0111241613137 -0.0117964305531 0.00392523847214 0.00983664681039 -0.00574614077655 0.274865281579 0.0159840856234 0.00155910381253 -0.00345480489107 0.00291409782188 0.0168898378169 0.0129382179894 -0.00411894246565 0.0434119290517 0.0274586714832 0.00367730917375 0.0150983406803 0.000809013372991 0.00319250491592 0.00503837464253 0.0181257584765 -0.000192756490306 0.00317220332785 0.0109386991616 -0.00215578841256 -0.0060611788917 
0.0166681996482 -0.0162806511012 0.0280848090021 0.00551611488365 0.0179328014767 0.0117160853533 0.0256869310268 0.0463465950329 -0.000640365473021 0.00163008102756 -0.0118168121328 0.0214216977732 -0.00585740742674 0.01777360385 0.0163717676338 0.0148140897493 0.00627780351939 0.0549549203672 0.0402970263395 0.0159840856234 0.24996120918 0.00243767201403 0.0272534761808 0.0233776870427 0.0301903100351 0.0193653078974 0.00201266558293 0.00368193925601 0.042372681836 0.00208667110451 0.0175256604739 0.0345872159873 0.0200613338663 -0.00742885995069 0.0198374078127 0.046853765102 -0.0107915633764 0.0163098437499 0.0158056462593 0.012577272101 
0.00476080032633 0.0028201112648 0.0410223591161 0.00650800427166 0.0204421971822 0.0156452941686 -0.00210011881675 0.00296036101137 0.0354324289683 0.00568735755372 -0.0341931268392 0.0154374011209 -0.0133323791249 0.049767961732 0.0889988563209 0.0305235180144 -0.00234432982559 0.0713588340623 0.160811223319 0.00155910381253 0.00243767201403 0.445738634261 0.0188180814263 0.0346377037306 0.0174261879613 0.014076371148 -0.00600843885521 0.0244412598621 0.0700513546832 0.00461878557467 0.0281671267709 0.139832740543 0.0074190779788 0.0363863419974 -0.0207385315607 0.00429465418438 0.0180199778086 0.00327437828882 0.0231368519428 -0.00501485200269 
0.0163302041487 -0.00931872408762 0.00886246121391 0.0308959732745 0.00317490288487 0.0158040456842 0.00100510036187 0.01536517195 0.000729170406702 0.0202938972915 0.00193376013263 -0.000926150885915 0.00279751178704 0.0124259111698 0.0349952838811 -0.00546997706137 0.0244008701154 0.0202213474181 0.0287086410611 -0.00345480489107 0.0272534761808 0.0188180814263 0.183002215763 0.016211924306 0.0158825860694 0.0165233440498 0.0237122421324 0.0138830881353 0.0237501506923 0.0220071770726 0.0202011793591 0.00442072071591 0.0193866581462 -0.0113604700886 0.0245904263255 0.0365393623109 0.0159443521592 0.0206825862728 0.0206764672819 0.0163885324049 
0.00104940370368 0.0370622743727 0.0153132524503 0.0446177225225 0.0320675700272 0.03092432601 0.0257193313954 0.0287266148715 0.00236957648058 -0.000881683457141 0.0156315437457 0.0449772155298 0.0148828248182 0.0381118031314 0.0207377774453 0.00797398039882 0.017618953324 0.0649111792176 0.0235693086594 0.00291409782188 0.0233776870427 0.0346377037306 0.016211924306 0.397378379879 0.0229691526004 0.0355255122531 0.0357863594947 0.0176898157861 0.0664143051479 0.0421872074041 0.0255121920087 0.0515896223292 0.0139850887423 0.0109359163285 0.0221463079947 0.0150033626188 0.00684536281831 0.014092287355 0.0110991714927 0.049995897724 
0.0322738768949 0.00787250228167 0.00630117240922 0.0265426161196 0.0283792782674 0.0280270267969 0.0257905990989 0.0201069384025 0.0233531842547 0.0185238757686 -0.00211709415575 0.0134253393094 0.022373346216 0.0242877550382 0.021602690005 0.0259980356431 0.0117888746255 0.0312862273737 -0.00877401834881 0.0168898378169 0.0301903100351 0.0174261879613 0.0158825860694 0.0229691526004 0.134817495513 0.00441866926748 0.011948606836 0.0101656218748 0.0349097113552 0.0170303426386 0.0170700787341 0.0074851651202 0.0273158177295 0.0168243676938 0.0396746104577 0.0263584071009 0.0167159714114 0.026153675154 0.021707902579 0.00668010577587 
0.0191712758591 0.0145873437176 0.00789160560165 0.0147071925998 -0.00131175014145 0.0165011927525 0.0340343752562 0.0154247578397 0.00714715866466 -0.00357652478216 -0.00760880496099 0.0343921719476 -0.0141397610007 0.0249199868423 0.0356183760688 0.0615466236388 0.0345226820773 0.0383097192369 0.011880825618 0.0129382179894 0.0193653078974 0.014076371148 0.0165233440498 0.0355255122531 0.00441866926748 0.371454910563 0.0213098628872 0.00831008741906 0.0723032845398 0.00696931733737 0.0127761969544 0.0145628607039 0.0283373501509 0.0186440742727 0.0285990029472 0.0294009851562 0.0087400095928 0.0100280245058 0.0126842524689 0.00373066959263 
0.0285948507064 -0.00493791949136 -0.00845413284089 -0.00144118711267 0.00296775251782 0.0355018478429 0.0153840642442 0.00618934446427 -0.0130643212081 0.0079622702494 -0.00583783316912 0.00823779959514 0.0302526100218 0.0062298540307 0.0388688097838 -0.0144818938161 0.00998711866284 0.0224606338505 0.00186570184167 -0.00411894246565 0.00201266558293 -0.00600843885521 0.0237122421324 0.0357863594947 0.011948606836 0.0213098628872 0.392353550624 0.0150535396567 0.000443881588797 0.0543726752782 0.00468445959249 0.0116885811824 -0.0120299394702 0.00409788507764 0.00145971261524 0.0216543477239 0.00280788054025 0.0290431939277 0.0347191075728 0.0149747556434 
0.0017020067596 -0.0384957667692 -0.00505631373269 -0.000795329044214 0.00407518596861 0.0121824701202 0.0331854644461 0.00796883669015 0.00537329209157 0.00493307695677 0.00713326829697 0.0101101443397 0.0159003371136 -0.0054786915198 0.0177837857991 -0.0103521819256 0.000202819450809 0.0124921231778 -0.0131735445815 0.0434119290517 0.00368193925601 0.0244412598621 0.0138830881353 0.0176898157861 0.0101656218748 0.00831008741906 0.0150535396567 0.207406375714 -0.00595192587717 0.0166095555408 0.00768906451539 0.0110535877942 0.0167483637897 -0.00354594949437 0.00971209843024 0.00385941166391 0.00458263339838 -0.00124800025391 0.0250303815055 0.0104432455257 
0.0309462213388 0.0203693273219 0.0170655319957 0.03989983132 0.0296444256963 0.0401733519658 0.0487865703652 0.0479363036058 -0.00406456817287 -0.00342301422901 -0.0152624891529 0.0288202435475 0.0270012890093 0.0654162714364 0.0505984989915 0.0150613592378 0.0356761476658 0.231974736128 0.0295102459475 0.0274586714832 0.042372681836 0.0700513546832 0.0237501506923 0.0664143051479 0.0349097113552 0.0723032845398 0.000443881588797 -0.00595192587717 0.396811142922 -0.00356064505473 0.01944270975 0.0389197089495 0.0173356812324 0.00721420067074 0.0279799935527 0.0625461875082 0.0126889793803 0.0405849436175 0.0280771182558 0.00323046301054 
0.0272608575079 0.0303663695112 0.0176824078403 -0.0148616692402 0.00566258788383 0.0114544275451 0.0138296185557 0.00618051861129 0.0102069200454 -0.00864188123121 -0.000716831027099 0.018958585477 0.034957801286 0.024392020561 0.0128681879136 0.00923341472036 -0.00927175485596 -0.00107630153459 0.0133741960469 0.00367730917375 0.00208667110451 0.00461878557467 0.0220071770726 0.0421872074041 0.0170303426386 0.00696931733737 0.0543726752782 0.0166095555408 -0.00356064505473 0.257594400985 -0.000265768621042 0.0120504411532 0.0063483180339 -0.00206824419326 0.0255517373242 0.0224590344959 -0.00251020875807 0.0132233529503 0.000389203066854 -0.00614211717599 
-0.00446976372644 -0.0146813596106 0.0099527391979 0.0279851063288 0.0297775555779 0.00633365169965 0.020603070773 0.00162480107146 0.00739670253084 0.00704816998672 0.00253506438592 -0.00102655444809 0.00501154362112 0.046526581314 0.00659240054024 -0.000347283772856 0.0208301860403 0.00598019878106 0.00670433097987 0.0150983406803 0.0175256604739 0.0281671267709 0.0202011793591 0.0255121920087 0.0170700787341 0.0127761969544 0.00468445959249 0.00768906451539 0.01944270975 -0.000265768621042 0.16413625397 -0.00834403600903 -0.00690606360005 0.00513777137817 0.0246614846552 0.0252152664168 0.0138359540741 0.0208494105524 0.017314466314 0.00513229527036 
-0.0202108821845 -0.0201739363277 0.0347456702474 -0.00463468554534 0.0152446169918 -0.00947288826224 -0.0156598662219 0.00775498220018 0.0274310629764 0.010777504636 -0.0028252912389 0.000404881557604 -0.0026684303728 -0.00140181150544 0.0632546558486 -0.0229560565498 0.00746987285428 0.0670223255899 0.170778900145 0.000809013372991 0.0345872159873 0.139832740543 0.00442072071591 0.0515896223292 0.0074851651202 0.0145628607039 0.0116885811824 0.0110535877942 0.0389197089495 0.0120504411532 -0.00834403600903 0.391132289012 0.0123433477598 0.0177264368262 -0.0192772608763 -0.0247674216008 0.014377572388 -0.00470660739034 -0.00165861278849 0.0194622862335 
0.0348869518797 0.0304778284598 0.0215618215273 0.0146635391768 0.0259711642977 0.0354787309213 0.0274002382176 0.0225306636833 0.00817068850053 0.0163699464653 0.00509726211187 -0.00701398418014 0.0285055058421 0.0213965030716 0.0474963232041 -0.00571812172078 0.0150032056239 0.0367581003435 0.0017546930858 0.00319250491592 0.0200613338663 0.0074190779788 0.0193866581462 0.0139850887423 0.0273158177295 0.0283373501509 -0.0120299394702 0.0167483637897 0.0173356812324 0.0063483180339 -0.00690606360005 0.0123433477598 0.208638388726 0.023412098014 0.0160822117499 0.00632168106844 0.010042598947 0.0270991458975 0.0225380601322 0.00270438341745 
0.0317566538055 0.022057903913 0.0495964306597 0.0135992379088 0.0232652933334 -0.011418907339 0.0105875087993 -0.00229146577898 0.0215766908133 -0.00316709512637 -0.00872120771548 0.011698715636 0.07019610938 0.012059008665 0.018361859089 0.0147503229799 0.00924193988236 0.01706822946 0.029047558421 0.00503837464253 -0.00742885995069 0.0363863419974 -0.0113604700886 0.0109359163285 0.0168243676938 0.0186440742727 0.00409788507764 -0.00354594949437 0.00721420067074 -0.00206824419326 0.00513777137817 0.0177264368262 0.023412098014 0.227456150701 0.0194359322729 0.0152295062689 0.00840364287689 -0.00275364472216 0.0293203381281 0.0108570017484 
0.0291438616224 -0.0302371313718 0.0155012006039 0.0213300449164 0.0138004235753 0.013315177282 0.0118212184432 0.00474062074531 -0.00180510493024 0.0165271223854 -0.0274026541193 0.0179753521646 0.0252921045126 0.00698131467356 0.00772672135429 -0.0203316104283 0.00177945194758 0.0140642923417 -0.00714416161632 0.0181257584765 0.0198374078127 -0.0207385315607 0.0245904263255 0.0221463079947 0.0396746104577 0.0285990029472 0.00145971261524 0.00971209843024 0.0279799935527 0.0255517373242 0.0246614846552 -0.0192772608763 0.0160822117499 0.0194359322729 0.216386370988 0.0416679347744 -0.00215331974568 0.0274447481487 0.0227115228059 -0.0185093132858 
0.0399705073032 0.0167072686179 0.0300400860417 0.0293374413932 0.043759663872 0.0167728820583 0.0472443863727 0.0237222886621 -0.00127316930711 0.00916840123772 -0.0253496965917 0.013422927053 0.0284042517071 0.0419574301814 0.0432551353709 0.0025874973223 -0.00944168157798 0.0530642495625 0.00768957428199 -0.000192756490306 0.046853765102 0.00429465418438 0.0365393623109 0.0150033626188 0.0263584071009 0.0294009851562 0.0216543477239 0.00385941166391 0.0625461875082 0.0224590344959 0.0252152664168 -0.0247674216008 0.00632168106844 0.0152295062689 0.0416679347744 0.29315269377 0.012374049505 0.0261144212729 0.0217727065574 0.024274486411 
0.0311457881366 0.00930821314288 -0.00499762845722 0.0164703780194 0.0272549393216 0.0176057059061 0.0321379552718 0.0131416877386 0.00805523733871 0.00427920368521 -0.00711274556507 0.0162458932581 0.0222746821532 0.0394839146002 0.038394962906 0.0115119708928 0.013244958776 0.0291142587704 0.0287334171869 0.00317220332785 -0.0107915633764 0.0180199778086 0.0159443521592 0.00684536281831 0.0167159714114 0.0087400095928 0.00280788054025 0.00458263339838 0.0126889793803 -0.00251020875807 0.0138359540741 0.014377572388 0.010042598947 0.00840364287689 -0.00215331974568 0.012374049505 0.188029009126 0.0288364536757 0.0132840077225 0.0452640344946 
0.0221262277459 0.0219393702266 0.00456762288331 0.0181643068037 0.0306272264441 0.0373086928097 0.0215742424775 0.0313139103509 -0.00324740143446 0.0168336701344 0.00978436195171 0.00412546745258 0.0209323334449 0.0396444180952 0.0556486503982 0.0192418815452 0.0119893648616 0.0157969750717 -0.00215463665202 0.0109386991616 0.0163098437499 0.00327437828882 0.0206825862728 0.014092287355 0.026153675154 0.0100280245058 0.0290431939277 -0.00124800025391 0.0405849436175 0.0132233529503 0.0208494105524 -0.00470660739034 0.0270991458975 -0.00275364472216 0.0274447481487 0.0261144212729 0.0288364536757 0.160880894687 0.00586733622822 0.000203106208809 
0.0213514178306 -0.000844515718546 0.0287866041409 0.0112396899437 0.0302680648963 0.0309751831446 -0.00101251783082 0.0192503209073 0.00702622740528 0.00242873349349 0.0239033881055 0.0192194363665 0.00984978496188 0.00914446748569 0.0286454064303 -0.00846882533714 0.023219877887 0.0380566773138 0.00993695164691 -0.00215578841256 0.0158056462593 0.0231368519428 0.0206764672819 0.0110991714927 0.021707902579 0.0126842524689 0.0347191075728 0.0250303815055 0.0280771182558 0.000389203066854 0.017314466314 -0.00165861278849 0.0225380601322 0.0293203381281 0.0227115228059 0.0217727065574 0.0132840077225 0.00586733622822 0.317013567511 -0.0158149538695 
0.0396762798641 0.0249985262513 0.0359898038889 0.000502422692968 0.00127628592033 0.0337570630932 0.0132497217037 0.000882282074868 -0.00993227902479 -7.45119086672e-05 -0.0093860501375 0.0263418048635 0.00436753665176 -0.00621292414527 0.00704340340416 0.000482184980133 -0.0104502113827 0.0100736082494 -0.0110665359283 -0.0060611788917 0.012577272101 -0.00501485200269 0.0163885324049 0.049995897724 0.00668010577587 0.00373066959263 0.0149747556434 0.0104432455257 0.00323046301054 -0.00614211717599 0.00513229527036 0.0194622862335 0.00270438341745 0.0108570017484 -0.0185093132858 0.024274486411 0.0452640344946 0.000203106208809 -0.0158149538695 0.322691235963 
0.0232064926243 -0.00171706838392 0.000278992164072 0.000832988104041 0.00181056273302 0.00606913886939 0.00169289301163 0.00318311133093 -6.13236733259e-05 -0.000154706438176 -0.00125146144705 0.000179904267297 0.00492363629758 0.00224575899625 0.00171320140334 0.0038969409593 0.000400851381304 0.00202443785531 -0.000790049606984 -0.00093131382443 0.00144350843307 0.000412297402495 0.00141423716417 9.08810266217e-05 0.00279499972696 0.00166028119169 0.00247638671292 0.000147398109123 0.00268002138305 0.00236085951308 -0.000387092893601 -0.00175031374046 0.00302129865885 0.00275020689347 0.00252393245294 0.00346154747267 0.00269730437472 0.00191618753179 0.00184908702482 0.003436066629 
-0.00171706838392 0.0629062335931 0.000694577242754 0.000972638375129 0.00162621617089 0.00332558703657 0.00287375563299 0.00172450977986 0.00181488387338 0.000637178018981 0.00103627823354 0.00419832520931 0.00140027631989 0.00143843096101 0.00669943437509 0.00110766580071 0.00282271795031 0.00141733935189 -0.00268462208961 -0.00153285591852 -0.00140994574438 0.000244228799682 -0.000807025179073 0.00320968711288 0.000681778696727 0.00126330102332 -0.000427636372136 -0.00333383119603 0.00176403549188 0.00262980474174 -0.00127144303849 -0.00174711413541 0.00263945736984 0.00191027051429 -0.00261861239056 0.00144689190509 0.000806114904558 0.00190000519593 -7.31372066156e-05 0.00216493587908 
0.000278992164072 0.000694577242754 0.0177869564077 0.000638529776109 0.00294322641077 4.03494996654e-05 8.26587404753e-05 0.00115206513846 0.00164111443726 2.62266736053e-05 0.000652871569655 0.00274174751846 0.00049876073462 0.00153250159078 0.00155766724565 0.00343281838081 0.000322435818934 -0.000122515400857 0.00261732554356 0.000388514578338 0.00243221580563 0.00355264051177 0.00076751165513 0.00132616656365 0.000545697538001 0.000683433092767 -0.000732149380718 -0.000437889614202 0.00147791842374 0.00153134143898 0.000861932498263 0.00300906331057 0.00186730851945 0.00429517688883 0.00134244335121 0.0026015477644 -0.000432807320263 0.000395567745186 0.00249299304747 0.0031168084445 
0.00083298810404 0.000972638375129 0.000638529776109 0.0145803177122 0.00215377567529 0.00296167029618 0.00228327659194 0.00121469528552 0.00117017978679 0.00160543087861 -0.00104025876369 0.000961511918422 0.00105769993077 0.0015402813183 0.00146252139555 0.00063515836897 0.00198511065248 0.00370431030248 0.000404293467049 0.00116724688534 0.000477709561944 0.000563609702719 0.00267566977304 0.00386400811635 0.00229865798425 0.00127368024098 -0.000124810465118 -6.88775156657e-05 0.00345542675298 -0.00128705831047 0.00242358130084 -0.000401375542082 0.00126989974365 0.00117772855011 0.00184723607614 0.00254069695285 0.00142637657747 0.00157307511341 0.000973385702192 4.35110815548e-05 
0.00181056273302 0.00162621617089 0.00294322641077 0.00215377567529 0.0188541590868 0.00213350760462 0.00354927174778 0.00119090776559 0.00166371159339 0.00064121573244 0.000733460695838 0.00176153188473 0.00153470538416 0.00397387157879 0.00158836811406 0.001148173791 0.000790123459607 0.00133285360716 0.00337178274047 0.00105708990679 0.00155302616399 0.0017703462069 0.000274954655285 0.00277713302812 0.00245771759206 -0.000113600894591 0.000257014907258 0.000352921457396 0.00256728257336 0.000490394495856 0.00257881195931 0.00132022255859 0.00224916880476 0.00201483350532 0.00119515173992 0.00378969805742 0.00236034698311 0.0026523956148 0.00262129131236 0.000110529602949 
0.00606913886939 0.00332558703657 4.03494996654e-05 0.00296167029618 0.00213350760462 0.0296361414889 0.000487986640242 5.64001154803e-05 6.02463585533e-05 -0.000999535224146 -0.0011059990427 0.0021276030262 0.000542937479395 0.00219547067975 0.00136494471492 0.000644843980428 0.000482412738648 0.00349403431788 0.00063075475193 0.000668505864762 0.00101464275489 0.00135492221997 0.00136867050451 0.00267812519196 0.00242721171987 0.00142904521164 0.00307455021132 0.0010550328605 0.00347911433576 0.000991982523983 0.000548510327062 -0.000820376188231 0.00307254822719 -0.000988906383905 0.00115312817821 0.00145257419571 0.00152469885662 0.00323102757552 0.00268252954901 0.00292344741959 
0.00169289301163 0.00287375563299 8.26587404753e-05 0.00228327659194 0.00354927174778 0.000487986640242 0.040339946311 0.00279844078485 -0.000821661761042 -0.000214661493776 0.000866884875521 -0.000758404679618 0.00142871424935 0.00559520699054 2.71523199502e-05 0.0046576832828 0.00133950045939 0.00491321679877 0.000500445359467 0.00591651096596 0.00222455348145 -0.000181875624628 8.70442446731e-05 0.00222735943567 0.00223353139985 0.00294746335738 0.00133229904489 0.00287394552467 0.00422504092998 0.00119768009939 0.00178427826854 -0.0013561841968 0.00237293023662 0.000916905158302 0.00102374754755 0.0040914838785 0.0027832285691 0.00186838420529 -8.7686616327e-05 0.00114745955885 
0.00318311133093 0.00172450977986 0.00115206513846 0.00121469528552 0.00119090776559 5.64001154803e-05 0.00279844078485 0.0167872480092 0.00111067784158 -0.000774103109395 0.000769541546068 -0.00013717659764 0.00235088671801 0.00346923826068 0.00140136855549 -0.000499282249821 0.000945970935738 0.0043276947492 -8.29068152702e-05 -0.000702451467748 0.00401373286774 0.000256374784022 0.00133066292422 0.00248779782435 0.00174131194489 0.00133582321364 0.000536012953883 0.000690121501228 0.00415140566861 0.000535248612594 0.000140711900398 0.000671601159125 0.00195121271139 -0.00019844675765 0.000410549799514 0.00205441046173 0.00113810354302 0.00271186418557 0.00166712669367 7.64078690139e-05 
-6.13236733259e-05 0.00181488387338 0.00164111443726 0.00117017978679 0.00166371159339 6.02463585533e-05 -0.000821661761042 0.00111067784158 0.0201331726297 -0.000870301493571 0.000636739520313 1.98770914491e-05 0.00135478437689 0.000860228743774 0.00334562456171 -0.000806201823808 0.00028983441052 0.000798808900685 -0.000124031712645 0.00102497203441 -5.54572767343e-05 0.00306853836043 6.31480095891e-05 0.000205211342839 0.00202244508239 0.000618962096847 -0.00113140340494 0.000465340745326 -0.000352001929312 0.000883945205372 0.000640573229594 0.00237559973904 0.000707602380787 0.0018685962374 -0.000156326672608 -0.000110259696327 0.000697604016884 -0.000281233213853 0.000608489142574 -0.000860160595295 
-0.000154706438176 0.000637178018981 2.62266736053e-05 0.00160543087861 0.00064121573244 -0.000999535224146 -0.000214661493776 -0.000774103109395 -0.000870301493571 0.0158655089352 0.000863950161532 -0.000232393583358 0.00295563553816 0.00097304804273 -0.000343996168847 0.000469117785192 -0.000176171460349 0.00165000787467 0.00165371635779 0.00455085432226 0.00014116915801 0.000492539612193 0.00175750305962 -7.63560271981e-05 0.00160421469922 -0.000309736131861 0.000689552830778 0.000427216996339 -0.000296441727983 -0.000748408868272 0.000610389425869 0.000933359280422 0.00141767894975 -0.000274278483563 0.00143129078372 0.000794006838395 0.000370589909936 0.00145783859754 0.000210334490438 -6.45292057904e-06 
-0.00125146144705 0.00103627823354 0.000652871569655 -0.00104025876369 0.000733460695838 -0.0011059990427 0.000866884875521 0.000769541546068 0.000636739520313 0.000863950161532 0.119109613871 -0.000190692226709 -0.00133238413323 0.00245581417741 0.000312340328284 -0.00170588620372 0.00150612590626 0.00180613079749 -0.00104406298329 -0.00198869986294 -0.00102336594988 -0.00296121164776 0.000167468539968 0.00135373139842 -0.000183345732108 -0.000658941838866 -0.000505571182752 0.000617759155719 -0.00132177033314 -6.20793879689e-05 0.000219543015844 -0.000244677398598 0.000441435847863 -0.000755278743329 -0.00237313945984 -0.00219534812267 -0.000615981835 0.000847350601001 0.00207009413359 -0.000812855786027 
0.000179904267297 0.00419832520931 0.00274174751846 0.000961511918422 0.00176153188473 0.0021276030262 -0.000758404679618 -0.00013717659764 1.98770914491e-05 -0.000232393583358 -0.000190692226709 0.0262191664505 0.000739575061581 0.000758174371139 0.00128306681842 0.00179032989564 0.000104803906867 0.00191025993548 0.00262056371865 0.00185079391743 0.00185517344638 0.00133691815391 -8.02070194939e-05 0.00389514112403 0.00116266848964 0.00297844945979 0.000713414372068 0.000875564183408 0.00249590630554 0.00164186166429 -8.8902223041e-05 3.50637714409e-05 -0.000607428848175 0.00101313849324 0.00155671116165 0.0011624595821 0.00140693562687 0.000357275961642 0.00166445201398 0.00228126721934 
0.00492363629758 0.00140027631989 0.00049876073462 0.00105769993077 0.00153470538416 0.000542937479395 0.00142871424935 0.00235088671801 0.00135478437689 0.00295563553816 -0.00133238413323 0.000739575061581 0.06963589128 0.000165181659815 0.00239646051855 0.00104572273326 -0.00118627521904 0.00228108112546 -0.00217726023937 0.00242402202132 -0.000507266363187 -0.00115461790151 0.000242271627496 0.00128889043727 0.00193758861907 -0.00122453922301 0.00261995288096 0.00137700958691 0.0023383802217 0.00302743439741 0.000434012408806 -0.000231092849108 0.0024686492207 0.00607916139699 0.00219036050231 0.00245988035538 0.00192904406059 0.00181279325238 0.00085301639988 0.000378239769238 
0.00224575899625 0.00143843096101 0.00153250159078 0.0015402813183 0.00397387157879 0.00219547067975 0.00559520699054 0.00346923826068 0.000860228743774 0.00097304804273 0.00245581417741 0.000758174371139 0.000165181659815 0.0328477620913 0.00213234616916 0.00248440826001 0.00246848550008 0.00544697784385 -0.000829946058908 7.41744080068e-05 0.00153923924509 0.00431003191545 0.00107611547382 0.00330057896959 0.00210338128639 0.00215813416674 0.000539521185245 -0.000474468603565 0.00566521528847 0.00211241094555 0.00402932013692 -0.000121400437503 0.00185299152122 0.00104434078483 0.000604599585912 0.00363362004146 0.00341940730846 0.00343330731887 0.000791934114669 -0.000538055014159 
0.00171320140334 0.00669943437509 0.00155766724565 0.00146252139555 0.00158836811406 0.00136494471492 2.71523199501e-05 0.00140136855549 0.00334562456171 -0.000343996168847 0.000312340328284 0.00128306681842 0.00239646051855 0.00213234616916 0.038929580483 0.00893301820108 0.00160741022866 0.00380065203278 0.00371188701335 0.000963380629345 0.00141783666758 0.00770752704816 0.00303068048536 0.00179594420857 0.00187084783344 0.00308464185171 0.00336613766876 0.00154012102775 0.004381958552 0.00111441776339 0.000570918633977 0.00547801388725 0.00411330224811 0.00159018364318 0.000669153698078 0.00374600460753 0.0033251013254 0.00481931449312 0.00248076496704 0.00060997662771 
0.0038969409593 0.00110766580071 0.00343281838081 0.00063515836897 0.001148173791 0.000644843980428 0.0046576832828 -0.000499282249821 -0.000806201823808 0.000469117785192 -0.00170588620372 0.00179032989564 0.00104572273326 0.00248440826001 0.00893301820108 0.128743480674 0.000333231919444 -0.000637645240764 0.000985952253308 -0.00102160085329 0.00128293780568 0.00264341420133 -0.000473713909326 0.000690566959466 0.00225149593154 0.00533009395883 -0.00125416879397 -0.00089652525322 0.00130435197155 0.000799637171151 -3.00756569616e-05 -0.00198805281428 -0.000495203867212 0.00127741544146 -0.00176076911307 0.000224083841334 0.000996965924083 0.00166639582347 -0.000733421788218 4.17584442118e-05 
0.000400851381304 0.00282271795031 0.000322435818934 0.00198511065248 0.000790123459607 0.000482412738648 0.00133950045939 0.000945970935738 0.00028983441052 -0.000176171460349 0.00150612590626 0.000104803906867 -0.00118627521904 0.00246848550008 0.00160741022866 0.000333231919444 0.0205351149133 0.00522498757596 0.00182543307262 0.000339935623279 0.000543673732776 -0.000203024918381 0.00211317733944 0.00152584611667 0.00102094649077 0.00298975196858 0.000864909847263 1.75646796782e-05 0.00308964501877 -0.000802957524292 0.00180394702764 0.000646909965485 0.00129931572085 0.000800375471838 0.000154105059142 -0.000817673610097 0.00114704707721 0.00103830945454 0.00201090041229 -0.000905014853234 
0.00202443785531 0.00141733935189 -0.000122515400857 0.00370431030248 0.00133285360716 0.00349403431788 0.00491321679877 0.0043276947492 0.000798808900685 0.00165000787467 0.00180613079749 0.00191025993548 0.00228108112546 0.00544697784385 0.00380065203278 -0.000637645240764 0.00522498757596 0.0399550926948 0.00383560090506 0.000851878602585 0.0047592357101 0.00617985630824 0.00175122005628 0.00562147301921 0.00270946676942 0.0033177190071 0.00194514794996 0.00108184960192 0.0200896014523 -9.32104471084e-05 0.000517900406408 0.00580430365816 0.00318334486923 0.001478152031 0.00121800344542 0.00459549881539 0.00252136877076 0.00136805817151 0.00329580493374 0.000872400065178 
