40
0.0766259396051 0.0300827450696 0.0358419118375 0.0384658872101 0.00535997805058 0.0147816990943 0.0436793340255 0.0669670800901 0.133040507733 0.0723018126246 0.151477321577 0.0367129888202 0.28152338764 0.0243185800675 0.0625636206577 0.0279461936292 0.0534982218633 0.0422860283868 0.0398839612709 0.0392369654355 0.0429486266904 0.119808933935 0.105904751354 0.034888990542 0.134581744136 0.0965978414643 0.0657027666716 0.752636600207 0.109959402945 0.0150252709272 0.0771685990004 0.0946597506959 0.100072423231 0.00194148072761 0.0275413533974 0.0839491815724 0.0408230851415 0.0363676427781 0.0114549593271 0.0413132452317 
0.242735979126 -0.00533217473757 0.0172550274903 0.0196282808744 0.00996067719495 0.0359351043897 0.0134221843698 0.0493415654861 0.0132000501639 0.007963527251 -0.00135042327769 0.028429255012 -0.00979550160196 0.0136248835223 0.0395863363273 0.0186510034424 0.05254525953 0.00748259451363 0.0282354404937 0.0467875420999 -0.00947824326635 -0.0106822430841 0.0137499557799 0.00727664022366 0.0399739053748 0.0153164920954 -0.00113317271903 0.0524930760524 0.0503590937399 0.0152313057997 0.0121409165157 0.0167356576805 0.0235366505512 0.0315340097207 0.0341423518385 0.0150799528075 0.0316605364139 0.0181671687203 0.0235683451303 0.0141297707549 
-0.00533217473756 0.15014346519 0.00483599659968 0.0115344611759 -0.000628140528054 0.0173206758615 0.00769370052464 -0.00682068512195 0.000592646920932 -0.00550603944827 0.0264267166161 0.0264775592944 0.0165110038115 0.0199788081886 0.00596244463207 -0.00373837876831 0.0106565302438 0.0209099821318 0.0125991946509 0.0161099641026 0.014480857299 0.0352259174123 -0.00547701127264 -0.00528049250973 -0.00574130015466 0.0211866900658 -0.00925327630063 -0.00142918387362 0.0163210596968 0.0154798477735 0.0209705699205 0.000930966377831 0.00927732782796 0.0219085726175 0.0156495519977 0.0135860424945 -0.00411999843304 0.00880199889906 0.00515142911512 0.0119272926903 
0.0172550274903 0.00483599659967 0.2145489919 0.0302159598191 0.0182710787805 0.00542813361795 0.0338140743508 -0.00313306647294 0.0223561548046 0.0158352834033 0.0575777919466 0.0258533044018 -0.00341989186735 0.0079426231669 0.00599847919306 0.0105821006102 0.0203185839576 0.011081457137 0.0106411970354 0.00908569376432 0.00964568845376 -0.0115989766995 0.000271721100211 0.0137147652043 0.0376673326376 0.0148532974563 0.0125362452186 -0.0151733227438 0.0178039291765 0.00462033417268 0.0205221197616 0.0224228125976 0.00537084261074 0.0309586639084 0.00151361674078 0.00908734609801 0.017010053358 0.00967014676182 0.0139841924865 0.00313038317571 
0.0196282808744 0.0115344611759 0.0302159598191 0.219175866598 0.0145413124674 0.0293523040455 0.017373256512 0.0273594816781 0.00669962833479 0.0296862574098 0.0228266934396 0.0134087414695 -0.000941432258339 0.00433182250054 0.0190682623528 0.00525903344869 0.0303248668507 0.00652778368554 0.00919212096015 0.0457974953194 0.0116323379631 -0.0140578206738 0.0437064114648 0.0441810677817 0.0788855574955 0.01761392168 0.0204965337496 -0.00504184387548 0.020146723737 0.0335327674064 0.0323827491953 0.0308547610306 0.010599943434 0.0260015019894 0.00177410434131 0.0246286543352 0.0153600119624 0.0325260325851 0.00852881575165 0.0285805594411 
0.00996067719495 -0.000628140528057 0.0182710787805 0.0145413124674 0.128244938483 0.0223222409974 0.0508649808077 0.00363642781941 0.0335242665509 0.00178438138677 0.028643497863 0.02232190332 -0.00517844790372 0.0185368431252 0.00650338607283 0.00829253947023 0.0116700182383 0.0120611890014 -3.79351757986e-06 0.0168793458588 0.0218578543393 0.0149259217065 0.00893491850819 0.0195776610534 -0.019687042904 0.0100713489776 0.00544323043868 -0.0215285340061 0.0262579996936 0.0190265896565 0.0360964867834 0.0288188248942 0.0203276123931 0.0185842825013 0.0171165025422 0.000521881024327 0.0137678475259 0.00640802340274 0.0125791465194 0.0174248597654 
0.0359351043897 0.0173206758615 0.00542813361795 0.0293523040455 0.0223222409974 0.208625697459 0.0218086651975 0.0218605176368 0.00559543908439 0.030383154858 0.00923126285568 0.0196740308336 -0.00379174357572 0.0238652185324 0.0181156012165 0.00681016793754 0.0159116780299 0.00355017031457 0.00425677442916 0.0449509125961 0.00606078666944 0.0243210195878 0.0311919250253 0.0146059013756 0.0188309875769 0.00634789717852 0.026264454032 -0.0091992293027 0.0256459562921 0.0310383176653 -0.00384575325171 -0.0097140552541 0.00405116162751 0.0368463406581 0.0230380862878 0.00666954811125 0.0101895518248 0.0188444762485 0.0298498302497 0.0109937209592 
0.0134221843698 0.00769370052464 0.0338140743508 0.017373256512 0.0508649808077 0.0218086651975 0.205371894025 0.00376011762009 0.0439384601211 0.0230692145116 0.0360667753113 0.00844532140886 0.00280289910974 -0.00638042958515 -0.00375733323767 -0.00388131555151 0.00753556716723 0.00561925840156 0.0144478932322 0.0221735871352 0.000382225732052 0.0142210940482 0.0164510633878 0.0183687691724 -0.0144704692412 0.0105537378839 0.0146682877691 0.0430804416823 0.0153039238546 0.0166835289704 0.0416980287696 0.00400632430407 0.0213299032158 0.0283574401101 0.0186402060157 0.00763575003095 0.00820237074772 0.00703128100345 0.0190020671903 0.0115111115076 
0.0493415654861 -0.00682068512196 -0.00313306647294 0.0273594816781 0.0036364278194 0.0218605176368 0.00376011762009 0.243714059514 -0.0264085309501 0.0293223162427 -0.0126669703301 0.0340068838252 -0.0225791419089 -0.00322518343867 0.0527495190533 0.00655801064866 0.0442815246817 0.0313044145489 0.00160213552573 0.0399894778775 0.0136795721298 -0.00826474611995 0.00679097384106 0.00458942274231 0.0357261507458 0.00551926216671 -0.00293782375964 0.00154676737392 0.0235421445805 0.0104475152971 0.0121495953889 0.00675118654375 -0.00257277686861 0.0203163752943 0.0230842087785 0.0110475295509 0.0391808016417 0.03412747624 0.0194389542214 0.0223458569879 
0.0132000501639 0.000592646920933 0.0223561548046 0.0066996283348 0.0335242665509 0.0055954390844 0.0439384601211 -0.0264085309501 0.492951043252 -0.0121504156695 0.108638543049 0.0169912701382 -0.0398050952271 0.0106738278701 0.0116052755313 0.0134270481879 0.0181572019488 -0.00570935424735 0.00330390082314 0.00826219798108 0.0166889366661 0.0056386931741 0.0174933516599 0.0128878913832 -0.0232111986897 -0.0174473784685 0.000789243845693 0.0100608241648 0.0410708293243 0.00205528432266 0.0454804884536 0.0267312739692 0.0085468638524 0.0244158899652 0.0175638922518 -0.000289335211795 0.0155372982391 0.00728181962644 -0.00119302212474 -0.00629701285878 
0.007963527251 -0.00550603944827 0.0158352834032 0.0296862574098 0.00178438138677 0.030383154858 0.0230692145116 0.0293223162427 -0.0121504156695 0.450841974983 0.0488364828293 0.0739813162851 0.0177354788042 0.0116696777254 0.0181443817162 -0.00797370975663 0.0209350630358 0.0143540603276 -0.00521962044615 0.0361638288948 0.0177195346718 -0.00942047038058 0.0128000347915 0.0165282731029 0.0461450877783 0.0317984268815 0.0211457819451 -0.039429924488 0.045197039997 0.0323571472261 0.0395759637987 0.0352470981223 -0.00010004477934 0.0548719255635 0.0214099981588 0.0281757637648 0.0249936235005 0.100990947488 0.0463788327854 0.0184471069272 
-0.00135042327769 0.0264267166161 0.0575777919466 0.0228266934396 0.028643497863 0.00923126285568 0.0360667753113 -0.0126669703301 0.108638543049 0.0488364828293 0.55755265094 0.031070641682 -0.0294810482968 -0.00500592612026 -0.00398805266298 0.00149137851047 -0.00421767059167 0.00367373792819 0.00922961608542 0.0121027569539 0.017377727098 0.0334120626767 0.0340696866901 0.0208047877065 0.012955485861 0.0311690979915 0.0412216829198 0.0150425438596 0.0138694454573 0.0281914508487 0.0280573839044 0.0180537163105 0.0624336815138 0.0253492693534 0.0572300096034 -0.0214494238484 0.00449009471623 0.0269805014065 0.0278294398678 0.0116545248819 
0.028429255012 0.0264775592944 0.0258533044018 0.0134087414695 0.02232190332 0.0196740308336 0.00844532140886 0.0340068838252 0.0169912701382 0.0739813162851 0.031070641682 0.273076658224 -0.00807310495826 0.00431972546134 0.0648288240703 0.0307961712346 0.0275796657058 0.06030007054 0.0148007093119 0.029487692859 0.0241841442955 -0.0161375194289 0.0202595312309 0.0210238252594 0.0170300600343 0.0327620161781 0.04346733631 -0.0224296979106 0.0187249622448 0.0267678781832 0.0184163139395 0.0369595963702 0.014072442763 0.0289365845908 0.00481778772759 0.0140265098794 0.0275756722154 0.0273066687648 0.0120581991915 0.00637074718001 
-0.00979550160197 0.0165110038115 -0.00341989186735 -0.000941432258342 -0.00517844790372 -0.00379174357573 0.00280289910974 -0.0225791419089 -0.0398050952271 0.0177354788042 -0.0294810482968 -0.00807310495827 1.93623771571 -0.00285354503846 -0.0224327542759 0.0039408134892 -0.0179521752428 -0.00821686931941 -0.00302218763486 0.00739576966649 0.00420051456002 -0.0313417731725 -0.0156607693329 0.0107064559865 -0.0353780286955 -0.0118147710671 0.0171779665288 -0.0374014958127 -0.00169150781274 0.0320971152144 0.00303184582586 -0.00755463680463 -0.0354840452045 -0.01721727169 0.00173755886895 0.00705400910427 -0.00826435281172 0.00877953183505 -0.0248446492166 0.0037219298519 
0.0136248835223 0.0199788081886 0.0079426231669 0.00433182250054 0.0185368431252 0.0238652185324 -0.00638042958515 -0.00322518343866 0.0106738278701 0.0116696777254 -0.00500592612026 0.00431972546134 -0.00285354503846 0.222491344797 0.0106713814713 0.00383677606237 0.025618689698 0.00385559954209 0.0213302250042 0.00945763850778 0.0312272299845 0.0294105938984 -0.0102159633561 0.0191541635618 0.00321841615936 0.018735320123 0.00696024350842 -0.0584038893561 0.0142288119672 0.00169945804229 0.0251923676822 0.0364339652636 0.0220241638121 0.0176537956609 0.0133970689152 0.00216233582212 0.0097139148808 0.00427467918374 0.0129560076211 -0.0036340311044 
0.0395863363273 0.00596244463206 0.00599847919306 0.0190682623528 0.00650338607283 0.0181156012165 -0.00375733323767 0.0527495190533 0.0116052755313 0.0181443817162 -0.00398805266299 0.0648288240703 -0.0224327542759 0.0106713814713 0.287965516484 0.0117787939681 0.0915615587854 0.0272680076015 0.00259529341981 0.0256018072683 0.00743213023049 -0.0286623901306 0.0199760967208 0.0231621732772 0.0210639647168 0.0268615964976 0.0123025910287 0.0234561805791 0.0329493404453 0.0109173425426 0.0242544155135 0.0212512833051 0.0106492827562 -0.000977469555999 0.0425918233115 0.0220027478936 0.0299348188811 0.0170506530634 0.0237996109153 0.018657325372 
0.0186510034424 -0.0037383787683 0.0105821006102 0.0052590334487 0.00829253947022 0.00681016793754 -0.00388131555152 0.00655801064866 0.0134270481879 -0.00797370975663 0.00149137851047 0.0307961712346 0.0039408134892 0.00383677606237 0.0117787939681 0.1873688639 0.0246599008902 -0.0085854628163 0.00286781443628 0.0212303164848 0.0204120960598 -0.0270930318786 0.000983347838032 0.00189368479775 0.00504859117527 -0.00904146972735 0.00932128192813 0.0109734028227 0.00119773607223 0.00754442797479 0.0140544426017 -0.00306634504797 0.0110487222162 0.016369003293 0.0129322534784 -0.0105602307091 -0.00142111087805 -0.00875808127045 0.00704488994264 0.0232837537018 
0.05254525953 0.0106565302438 0.0203185839576 0.0303248668507 0.0116700182383 0.0159116780299 0.00753556716724 0.0442815246817 0.0181572019488 0.0209350630358 -0.00421767059168 0.0275796657058 -0.0179521752428 0.025618689698 0.0915615587854 0.0246599008902 0.215059233467 0.0228348220384 0.0062797471077 0.034650423378 0.00253038011591 -0.00925297385031 0.0368816553532 0.0112519178866 0.0415318660405 0.0121285977066 0.016787292501 -0.021231201281 0.0216967100064 0.0203455424344 0.041351761499 0.0246147765236 -0.00219844953388 0.0310107115061 0.0244134650224 0.0137185958104 0.0275090013318 0.0195763509835 0.0350257962682 0.0167598303245 
0.00748259451363 0.0209099821318 0.011081457137 0.00652778368554 0.0120611890014 0.00355017031457 0.00561925840156 0.0313044145489 -0.00570935424736 0.0143540603276 0.00367373792819 0.06030007054 -0.0082168693194 0.00385559954209 0.0272680076015 -0.0085854628163 0.0228348220384 0.238784210207 0.00622315479213 0.0162854989421 0.0181212864519 -0.0227279742517 0.0150794873279 0.00791037317732 -0.00181537951527 0.0326797042854 0.0357281269352 -0.0135417634989 0.0279459957364 0.0169557642419 0.000707970931408 0.0110818536934 0.000356057378678 0.00603789729699 0.0159393978649 0.0043238011184 0.0127774857017 0.0179924723021 0.0153191199682 -0.000139376951379 
0.0282354404936 0.0125991946509 0.0106411970354 0.00919212096014 -3.79351758305e-06 0.00425677442917 0.0144478932322 0.00160213552573 0.00330390082314 -0.00521962044615 0.00922961608541 0.0148007093119 -0.00302218763486 0.0213302250042 0.00259529341981 0.00286781443628 0.00627974710769 0.00622315479212 0.136887199757 0.0175896870749 0.00628346486075 -0.00578000043415 0.0188374545242 0.0166444393389 0.00117521855964 0.0279723055547 0.0154789074293 -0.00754985048969 0.00941965857875 0.00888702039287 0.0173189587913 -0.0213185452828 0.00474823357967 0.0150489687993 0.0106329995022 0.0193763528735 0.00624604049397 0.0138889371828 0.00750274166754 0.00647890738123 
0.0467875420999 0.0161099641026 0.00908569376432 0.0457974953194 0.0168793458588 0.0449509125961 0.0221735871352 0.0399894778775 0.00826219798108 0.0361638288948 0.0121027569539 0.029487692859 0.00739576966649 0.00945763850778 0.0256018072683 0.0212303164848 0.034650423378 0.0162854989421 0.0175896870749 0.158862897791 0.0107715556612 -0.00529909751669 0.0313645079214 0.0112358417838 0.0258589914329 0.0318836725404 0.0201151956732 -0.0136878280625 0.0273251194533 0.0339962137682 0.0330593773074 0.0204573134383 0.0165061549314 0.0353045928746 0.0298993453746 0.0296116409569 0.0158358081173 0.0236813134082 0.0294393730014 0.0296285986693 
-0.00947824326635 0.0144808572989 0.00964568845375 0.0116323379631 0.0218578543393 0.00606078666944 0.000382225732056 0.0136795721298 0.0166889366661 0.0177195346718 0.017377727098 0.0241841442955 0.00420051456002 0.0312272299845 0.00743213023049 0.0204120960598 0.00253038011591 0.0181212864519 0.00628346486076 0.0107715556612 0.210592657489 -0.00504018984176 0.00296340839807 -0.00811276804358 0.0209955720274 0.0141707398306 0.0162631793202 -0.000192222171787 0.00118890756895 0.0223639133411 0.0214270122901 0.0346266990501 0.0243745136354 0.00872688347999 0.0245225601904 -0.0116151821867 -0.00156962046787 0.0109040853172 0.00811554963341 0.0148365321 
-0.0106822430841 0.0352259174123 -0.0115989766995 -0.0140578206738 0.0149259217065 0.0243210195878 0.0142210940482 -0.00826474611994 0.0056386931741 -0.00942047038057 0.0334120626767 -0.0161375194288 -0.0313417731725 0.0294105938984 -0.0286623901306 -0.0270930318786 -0.0092529738503 -0.0227279742516 -0.00578000043414 -0.00529909751668 -0.00504018984176 0.637219304715 0.0544642980884 0.0019550415264 0.00913223884864 -0.00780297591124 0.0129958120474 0.0750114833336 0.00537119050448 -0.00207628863878 0.0156947740549 0.000580411825605 0.0403115096936 -0.000692349307963 0.010338463828 -0.0347681042831 0.00159980753825 -0.00158519714614 -0.00421343694044 -0.0161235636724 
0.0137499557799 -0.00547701127264 0.000271721100213 0.0437064114648 0.00893491850819 0.0311919250253 0.0164510633878 0.00679097384107 0.0174933516599 0.0128000347915 0.0340696866901 0.0202595312309 -0.0156607693329 -0.0102159633561 0.0199760967208 0.000983347838033 0.0368816553532 0.0150794873279 0.0188374545242 0.0313645079214 0.00296340839807 0.0544642980884 0.408531879271 0.0312079661117 0.00897031014778 0.0416384511899 -0.002209158493 0.0680450507215 0.0427461518833 0.0337825905843 0.023696934281 0.0140865805475 0.0318565664421 0.000492006970048 0.0186949230108 0.0380594143253 0.00818184885123 0.0213427938467 0.0193826190869 0.0142173915275 
0.00727664022366 -0.00528049250972 0.0137147652043 0.0441810677816 0.0195776610534 0.0146059013756 0.0183687691724 0.00458942274231 0.0128878913832 0.0165282731029 0.0208047877065 0.0210238252594 0.0107064559865 0.0191541635618 0.0231621732772 0.00189368479775 0.0112519178866 0.00791037317732 0.0166444393389 0.0112358417838 -0.00811276804358 0.0019550415264 0.0312079661117 0.147957920393 0.00578249938486 0.0276267232321 0.022797178762 0.00726781703167 0.0120788305728 0.00406276508223 0.0136596099474 0.00700119374406 0.00463065607957 0.00982006999925 0.0191870729077 0.0115018124935 -0.00325393030676 0.0117272218656 0.0053643878154 0.0101079533539 
0.0399739053748 -0.00574130015466 0.0376673326376 0.0788855574955 -0.019687042904 0.0188309875769 -0.0144704692412 0.0357261507458 -0.0232111986897 0.0461450877783 0.012955485861 0.0170300600343 -0.0353780286955 0.00321841615936 0.0210639647168 0.00504859117528 0.0415318660405 -0.00181537951527 0.00117521855964 0.0258589914329 0.0209955720274 0.00913223884862 0.00897031014778 0.00578249938486 0.374004737597 0.0334703196716 0.0148316916248 0.0609548009911 0.0112581651536 0.0391581031522 0.0259641456559 0.00427635658205 0.0102777614891 0.0235211750391 0.0132715855806 -0.00750655495979 0.0436356798915 0.0372034126977 0.0073635196252 0.0166935062325 
0.0153164920954 0.0211866900658 0.0148532974563 0.01761392168 0.0100713489776 0.00634789717852 0.0105537378839 0.00551926216671 -0.0174473784685 0.0317984268815 0.0311690979915 0.0327620161781 -0.0118147710671 0.018735320123 0.0268615964976 -0.00904146972735 0.0121285977066 0.0326797042854 0.0279723055547 0.0318836725404 0.0141707398306 -0.00780297591126 0.0416384511899 0.0276267232321 0.0334703196716 0.436045418501 0.0204701954816 -0.0781793156118 0.0331570252003 0.0249543212586 0.0445559104397 0.0481517625573 0.0113393639582 0.0256089742573 -0.00365370572323 -0.000676872367534 0.0190473630126 0.0198622080298 0.00663991206584 0.0152686012766 
-0.00113317271903 -0.00925327630062 0.0125362452186 0.0204965337496 0.00544323043867 0.026264454032 0.0146682877691 -0.00293782375964 0.000789243845694 0.0211457819451 0.0412216829198 0.04346733631 0.0171779665288 0.00696024350841 0.0123025910287 0.00932128192813 0.0167872925011 0.0357281269352 0.0154789074293 0.0201151956732 0.0162631793202 0.0129958120474 -0.002209158493 0.022797178762 0.0148316916248 0.0204701954816 0.181628758068 -0.0309403801534 0.00128026115429 0.0273394664543 0.0353755339125 -0.00810645003466 0.0239089970766 0.0213522264344 0.00852753716058 0.0300372648104 0.0186085648923 0.0135873811281 0.0126114019952 -0.00636486987094 
0.0524930760524 -0.00142918387362 -0.0151733227438 -0.00504184387548 -0.0215285340061 -0.0091992293027 0.0430804416823 0.00154676737392 0.0100608241648 -0.039429924488 0.0150425438596 -0.0224296979106 -0.0374014958127 -0.0584038893561 0.0234561805791 0.0109734028227 -0.021231201281 -0.0135417634989 -0.00754985048969 -0.0136878280625 -0.000192222171787 0.0750114833336 0.0680450507215 0.00726781703167 0.0609548009911 -0.0781793156118 -0.0309403801534 7.41803620351 0.0201461425266 0.00491911381865 -0.0155036499554 0.00715677225108 0.07375109277 -0.0580830736825 -0.0175858445085 -0.0199405206627 0.00834091267505 -0.0215480671052 0.0264767604993 0.0165117424537 
0.0503590937399 0.0163210596968 0.0178039291765 0.020146723737 0.0262579996936 0.0256459562921 0.0153039238546 0.0235421445805 0.0410708293243 0.045197039997 0.0138694454573 0.0187249622448 -0.00169150781274 0.0142288119672 0.0329493404453 0.00119773607223 0.0216967100064 0.0279459957364 0.00941965857875 0.0273251194533 0.00118890756895 0.00537119050447 0.0427461518833 0.0120788305728 0.0112581651536 0.0331570252003 0.00128026115429 0.0201461425266 0.391644038973 0.0109719036684 0.0245618025205 0.034354625895 0.0319419759543 0.0390707838996 0.0330164528385 0.119376491579 0.0410193238646 0.0265220514368 0.0184457318875 0.0212480851814 
0.0152313057997 0.0154798477735 0.00462033417268 0.0335327674064 0.0190265896565 0.0310383176653 0.0166835289704 0.0104475152971 0.00205528432265 0.0323571472261 0.0281914508487 0.0267678781832 0.0320971152144 0.00169945804229 0.0109173425426 0.00754442797478 0.0203455424344 0.0169557642419 0.00888702039286 0.0339962137682 0.0223639133411 -0.00207628863879 0.0337825905843 0.00406276508222 0.0391581031522 0.0249543212586 0.0273394664543 0.00491911381865 0.0109719036684 0.176121223507 0.0271810675384 0.027449720252 -0.00160093013339 0.0114612029846 0.0122871026767 0.0365002226445 0.0189218783184 0.0274612176602 0.025311727568 0.00562044757393 
0.0121409165157 0.0209705699205 0.0205221197616 0.0323827491953 0.0360964867834 -0.00384575325171 0.0416980287696 0.0121495953889 0.0454804884536 0.0395759637987 0.0280573839044 0.0184163139395 0.00303184582586 0.0251923676822 0.0242544155135 0.0140544426017 0.041351761499 0.000707970931407 0.0173189587913 0.0330593773074 0.0214270122901 0.0156947740549 0.023696934281 0.0136596099474 0.0259641456559 0.0445559104397 0.0353755339125 -0.0155036499554 0.0245618025206 0.0271810675384 0.211806242912 0.0198169675735 0.00982789479947 0.0298606605559 0.0365330522985 0.0353595652685 0.0331124359429 0.021976371806 0.0260328077831 -0.000633500394375 
0.0167356576805 0.000930966377833 0.0224228125976 0.0308547610306 0.0288188248942 -0.0097140552541 0.00400632430407 0.00675118654375 0.0267312739692 0.0352470981223 0.0180537163105 0.0369595963702 -0.00755463680463 0.0364339652636 0.0212512833051 -0.00306634504797 0.0246147765236 0.0110818536934 -0.0213185452828 0.0204573134383 0.0346266990501 0.000580411825604 0.0140865805475 0.00700119374406 0.00427635658206 0.0481517625574 -0.00810645003466 0.00715677225108 0.034354625895 0.027449720252 0.0198169675735 0.454700243875 -0.00391335673006 0.0413520225986 -0.00556818459853 -0.00923464433857 -0.00390258538 0.0314882844334 0.0011505599279 0.0239532740237 
0.0235366505512 0.00927732782796 0.00537084261075 0.010599943434 0.0203276123931 0.00405116162751 0.0213299032158 -0.00257277686862 0.00854686385243 -0.000100044779342 0.0624336815139 0.014072442763 -0.0354840452045 0.0220241638121 0.0106492827562 0.0110487222162 -0.00219844953388 0.000356057378678 0.00474823357967 0.0165061549314 0.0243745136354 0.0403115096936 0.0318565664421 0.00463065607957 0.0102777614891 0.0113393639582 0.0239089970766 0.07375109277 0.0319419759543 -0.00160093013339 0.00982789479947 -0.00391335673006 0.488481260484 0.0257126742432 0.0113004042369 0.0224072004238 0.0137729637682 -0.00721260845002 -0.0076469076545 0.00151976108697 
0.0315340097207 0.0219085726175 0.0309586639084 0.0260015019894 0.0185842825013 0.0368463406581 0.0283574401101 0.0203163752943 0.0244158899652 0.0548719255635 0.0253492693534 0.0289365845908 -0.01721727169 0.0176537956609 -0.000977469555995 0.016369003293 0.0310107115061 0.00603789729699 0.0150489687993 0.0353045928746 0.00872688347999 -0.000692349307972 0.000492006970047 0.00982006999925 0.0235211750391 0.0256089742573 0.0213522264344 -0.0580830736825 0.0390707838996 0.0114612029846 0.0298606605559 0.0413520225986 0.0257126742432 0.200128569894 0.00773385528337 0.0303472723054 0.0229744297135 0.0264256148777 0.0124704324824 0.0216008867018 
0.0341423518385 0.0156495519977 0.00151361674078 0.00177410434132 0.0171165025422 0.0230380862878 0.0186402060157 0.0230842087785 0.0175638922518 0.0214099981588 0.0572300096034 0.00481778772759 0.00173755886895 0.0133970689152 0.0425918233115 0.0129322534784 0.0244134650224 0.0159393978649 0.0106329995022 0.0298993453746 0.0245225601904 0.010338463828 0.0186949230108 0.0191870729076 0.0132715855806 -0.00365370572322 0.00852753716058 -0.0175858445085 0.0330164528385 0.0122871026767 0.0365330522985 -0.00556818459853 0.0113004042369 0.00773385528337 0.18856491535 0.0211532999824 0.0138863044387 0.0107184968893 0.0124244422606 0.00884990770963 
0.0150799528075 0.0135860424945 0.00908734609801 0.0246286543352 0.000521881024324 0.00666954811125 0.00763575003094 0.0110475295509 -0.000289335211793 0.0281757637647 -0.0214494238484 0.0140265098794 0.00705400910427 0.00216233582212 0.0220027478936 -0.0105602307091 0.0137185958104 0.0043238011184 0.0193763528735 0.0296116409569 -0.0116151821867 -0.0347681042831 0.0380594143252 0.0115018124935 -0.0075065549598 -0.000676872367541 0.0300372648104 -0.0199405206627 0.119376491579 0.0365002226445 0.0353595652685 -0.00923464433856 0.0224072004237 0.0303472723054 0.0211532999824 0.591048770973 0.0258009702568 0.0100219630232 0.0128466216061 -0.000311787117556 
0.0316605364139 -0.00411999843306 0.017010053358 0.0153600119624 0.0137678475259 0.0101895518248 0.00820237074772 0.0391808016417 0.0155372982391 0.0249936235005 0.00449009471622 0.0275756722154 -0.00826435281172 0.0097139148808 0.0299348188811 -0.00142111087805 0.0275090013318 0.0127774857017 0.00624604049398 0.0158358081173 -0.00156962046787 0.00159980753824 0.00818184885123 -0.00325393030676 0.0436356798915 0.0190473630126 0.0186085648923 0.00834091267505 0.0410193238646 0.0189218783184 0.0331124359429 -0.00390258538 0.0137729637682 0.0229744297135 0.0138863044387 0.0258009702568 0.203016948986 0.0136438104069 0.0154934287131 0.00652598349147 
0.0181671687203 0.00880199889907 0.00967014676183 0.0325260325851 0.00640802340273 0.0188444762485 0.00703128100343 0.03412747624 0.00728181962643 0.100990947488 0.0269805014065 0.0273066687648 0.00877953183505 0.00427467918374 0.0170506530634 -0.00875808127045 0.0195763509835 0.0179924723021 0.0138889371828 0.0236813134082 0.0109040853172 -0.00158519714615 0.0213427938467 0.0117272218656 0.0372034126977 0.0198622080298 0.0135873811281 -0.0215480671052 0.0265220514368 0.0274612176602 0.021976371806 0.0314882844334 -0.00721260845002 0.0264256148777 0.0107184968893 0.0100219630232 0.0136438104069 0.175603624788 0.0166034107072 0.0200646882214 
0.0235683451303 0.00515142911511 0.0139841924865 0.00852881575165 0.0125791465194 0.0298498302497 0.0190020671903 0.0194389542214 -0.00119302212474 0.0463788327854 0.0278294398678 0.0120581991915 -0.0248446492166 0.0129560076211 0.0237996109153 0.00704488994265 0.0350257962682 0.0153191199682 0.00750274166754 0.0294393730014 0.00811554963341 -0.00421343694045 0.0193826190869 0.00536438781539 0.0073635196252 0.00663991206584 0.0126114019952 0.0264767604993 0.0184457318876 0.025311727568 0.0260328077831 0.0011505599279 -0.0076469076545 0.0124704324824 0.0124244422606 0.0128466216061 0.0154934287131 0.0166034107072 0.161467250757 0.0222185121384 
0.0141297707549 0.0119272926903 0.00313038317572 0.0285805594411 0.0174248597654 0.0109937209592 0.0115111115076 0.0223458569879 -0.00629701285878 0.0184471069272 0.0116545248819 0.00637074718001 0.0037219298519 -0.0036340311044 0.018657325372 0.0232837537019 0.0167598303245 -0.000139376951381 0.00647890738124 0.0296285986693 0.0148365321 -0.0161235636724 0.0142173915275 0.0101079533539 0.0166935062325 0.0152686012766 -0.00636486987093 0.0165117424537 0.0212480851814 0.00562044757393 -0.000633500394371 0.0239532740237 0.00151976108698 0.0216008867018 0.00884990770964 -0.000311787117555 0.00652598349147 0.0200646882214 0.0222185121384 0.139001822112 
0.0210215524336 -0.000461779878015 0.00149432921496 0.00169985898698 0.000862619948972 0.00311207132891 0.00116239526385 0.00427310491735 0.00114315787731 0.000689661690309 -0.000116950086434 0.0024620457051 -0.000848315323011 0.00117994952539 0.00342827729022 0.00161522427872 0.00455055296015 0.000648011693502 0.00244526087545 0.00405192000391 -0.000820839945191 -0.00092510938802 0.00119078110063 0.000630175528789 0.00346184175431 0.00132644712515 -9.81356361557e-05 0.00454603373842 0.00436122544903 0.00131906977554 0.00105143421278 0.00144935047004 0.00203833372974 0.00273092535013 0.0029568144037 0.00130596222192 0.00274188288319 0.00157332296266 0.0020410785608 0.00122367404234 
-0.000461779878015 0.0130028055067 0.000418809590794 0.000998913639727 -5.43985654441e-05 0.00150001453068 0.000666294010345 -0.000590688658682 5.13247289002e-05 -0.000476837003644 0.00228862079282 0.00229302389792 0.00142989487428 0.00173021554287 0.000516362852003 -0.000323753098232 0.000922882590729 0.00181085757189 0.00109112226349 0.00139516381669 0.00125407902895 0.00305065393506 -0.000474323089892 -0.000457304065792 -0.000497211178469 0.00183482118191 -0.000801357234458 -0.000123770954123 0.00141344523141 0.00134059414186 0.0018161046283 8.06240533271e-05 0.000803440157825 0.00189733804474 0.00135529095878 0.00117658579371 -0.000356802330657 0.000762275465067 0.000446126847949 0.00103293384682 
0.00149432921496 0.000418809590793 0.0185804877342 0.0026167788803 0.00158232183785 0.000470090160828 0.00292838473932 -0.000271331515731 0.00193609979917 0.00137137577033 0.00498638305195 0.00223896183837 -0.000296171323532 0.000687851343522 0.000519483536526 0.000916436795383 0.00175964098762 0.000959682339162 0.00092155469593 0.000786844161091 0.000835341123794 -0.00100450084796 2.35317375527e-05 0.00118773350739 0.0032620866957 0.00128633329271 0.00108567068273 -0.00131404829559 0.0015418654954 0.000400132676751 0.0017772677053 0.00194187253339 0.000465128614063 0.00268109894119 0.000131083054911 0.000786987257386 0.00147311383277 0.000837459275406 0.00121106659448 0.000271099135374 
0.00169985898698 0.000998913639726 0.0026167788803 0.018981186837 0.00125931460012 0.0025419840963 0.00150456814858 0.00236940061676 0.000580204833384 0.00257090530602 0.00197684964031 0.00116123107454 -8.15304251664e-05 0.000375146833015 0.00165135996035 0.000455445656592 0.00262621050591 0.000565322650208 0.000796061026615 0.00396617943763 0.00100739001814 -0.00121744298254 0.00378508626368 0.00382619270652 0.00683168967828 0.00152541036352 0.00177505189167 -0.000436636487808 0.00174475745593 0.00290402284332 0.00280442834475 0.00267210068802 0.000917982029252 0.00225179612593 0.000153641942854 0.00213290403153 0.00133021605619 0.0028168370503 0.000738617110513 0.00247514905303 
0.000862619948972 -5.43985654444e-05 0.00158232183785 0.00125931460011 0.0111063374633 0.00193316277732 0.00440503655425 0.000314923887063 0.00290328664763 0.000154531961099 0.00248059968026 0.00193313353359 -0.000448466743679 0.00160533770524 0.000563209754969 0.00071815498431 0.0010106532257 0.0010445296075 -3.28528259387e-07 0.0014617942313 0.00189294571301 0.00129262273727 0.000773786640883 0.00169547518189 -0.00170494792802 0.000872204406495 0.000471397583855 -0.00186442573555 0.00227400947872 0.00164775099899 0.00312604745418 0.00249578344656 0.00176042287307 0.00160944607572 0.00148233260255 4.5196222482e-05 0.00119233057129 0.000554951105482 0.00108938604437 0.00150903712142 
0.00311207132891 0.00150001453068 0.000470090160828 0.0025419840963 0.00193316277732 0.0180675153882 0.00188868580837 0.00189317636134 0.000484579239241 0.00263125839542 0.000799450814203 0.00170382104967 -0.000328374626121 0.00206678855159 0.00156885708583 0.000589777843795 0.00137799173907 0.000307453768018 0.000368647479383 0.00389286322315 0.000524879522266 0.0021062620809 0.00270129994649 0.00126490816364 0.00163081136199 0.000549744021721 0.00227456844082 -0.000796676627137 0.00222100496533 0.00268799715889 -0.000333052001267 -0.000841261862382 0.000350840888426 0.00319098670464 0.00199515679798 0.000577599809611 0.000882441073344 0.00163197951522 0.00258507112949 0.000952084163275 
0.00116239526385 0.000666294010345 0.00292838473932 0.00150456814858 0.00440503655425 0.00188868580837 0.0177857277449 0.000325635738022 0.0038051822668 0.00199785258124 0.00312347436521 0.000731386288319 0.000242738183328 -0.00055256141078 -0.00032539460343 -0.000336131786771 0.000652599259875 0.000486642052618 0.00125122425703 0.00192028897522 3.31017193937e-05 0.00123158287154 0.00142470388131 0.00159078207395 -0.00125317939675 0.000913980511233 0.00127031098381 0.00373087569031 0.00132535868356 0.00144483599131 0.00361115522022 0.000346957862313 0.00184722380451 0.00245582635216 0.00161428919414 0.000661275350375 0.000710346143878 0.000608926797013 0.00164562729112 0.000996891499138 
0.00427310491735 -0.000590688658683 -0.000271331515731 0.00236940061676 0.000314923887063 0.00189317636134 0.000325635738021 0.0211062566799 -0.00228704586794 0.0025393870764 -0.00109699180948 0.00294508252962 -0.00195541104887 -0.000279309078975 0.00456824235375 0.000567940382003 0.00383489252926 0.002711041825 0.000138749006559 0.0034631903726 0.00118468569773 -0.000715748009571 0.00058811558628 0.000397455668355 0.00309397541253 0.000477982124651 -0.000254423000769 0.000133953983956 0.00203880952662 0.000904781365372 0.00105218582525 0.000584669905257 -0.000222809012649 0.00175944971177 0.00199915112284 0.00095674412401 0.00339315695624 0.00295552613909 0.00168346281788 0.00193520798209 
0.00114315787731 5.13247289003e-05 0.00193609979917 0.000580204833385 0.00290328664763 0.000484579239242 0.0038051822668 -0.00228704586794 0.0426908126278 -0.00105225686363 0.00940837381105 0.00147148715822 -0.00344722236667 0.000924380609117 0.0010050463428 0.00116281648285 0.00157245981493 -0.000494444581741 0.000286126204442 0.000715527334272 0.0014453043115 0.000488325153292 0.00151496869348 0.0011161241339 -0.00201014877175 -0.00151098729832 6.83505220151e-05 0.000871292930969 0.00355683815494 0.000177992843542 0.00393872583773 0.00231499623329 0.000740180121887 0.00211447809659 0.00152107768794 -2.50571643624e-05 0.00134556949812 0.000630624078227 -0.00010331874673 -0.000545337310366 
0.00068966169031 -0.000476837003644 0.00137137577033 0.00257090530602 0.000154531961098 0.00263125839542 0.00199785258124 0.0025393870764 -0.00105225686363 0.0390440603427 0.00422936347617 0.00640696993083 0.00153593751927 0.00101062373642 0.00157134955022 -0.000690543521164 0.00181302964189 0.00124309808911 -0.000452032390448 0.0031318794521 0.00153455671691 -0.000815836666519 0.00110851552988 0.00143139043878 0.00399628182759 0.00275382454797 0.00183127843473 -0.00341473162759 0.00391417848132 0.00280221114918 0.00342737900289 0.00305248823836 -8.66413204241e-06 0.00475204814925 0.00185416023005 0.00244009271913 0.0021645112884 0.00874607260772 0.004016524739 0.00159756632253 
-0.000116950086434 0.00228862079282 0.00498638305195 0.00197684964031 0.00248059968026 0.000799450814203 0.00312347436521 -0.00109699180948 0.00940837381105 0.00422936347617 0.0482854759661 0.00269079650085 -0.00255313367552 -0.000433525918961 -0.000345375491777 0.000129157167673 -0.000365260987718 0.000318155037266 0.000799308199715 0.00104812949779 0.00150495531269 0.00289356950709 0.00295052141726 0.00180174746742 0.0011219779874 0.00269932306737 0.00356990245953 0.001302722512 0.00120112921025 0.00244145126045 0.00242984072249 0.00156349769576 0.00540691542428 0.00219531112274 0.00495626421754 -0.00185757459492 0.000388853608965 0.00233657996249 0.00241010018986 0.00100931146168 
0.0024620457051 0.00229302389792 0.00223896183837 0.00116123107454 0.00193313353359 0.00170382104967 0.00073138628832 0.00294508252962 0.00147148715822 0.00640696993083 0.00269079650085 0.0236491323203 -0.000699151398128 0.000374099198689 0.00561434085424 0.00266702666284 0.00238846911291 0.00522213929377 0.00128177902581 0.00255370911148 0.00209440833287 -0.00139755017795 0.00175452687147 0.00182071667594 0.00147484646177 0.00283727382894 0.00376438174793 -0.00194246881898 0.00162162929889 0.00231816625121 0.00159489957157 0.00320079493703 0.00121870929261 0.00250598173544 0.000417232656213 0.0012147313882 0.00238812326649 0.0023648268843 0.00104427068237 0.000551722889898 
-0.000848315323012 0.00142989487428 -0.000296171323532 -8.15304251667e-05 -0.00044846674368 -0.000328374626121 0.000242738183328 -0.00195541104887 -0.00344722236667 0.00153593751927 -0.00255313367552 -0.000699151398128 0.167683104957 -0.000247124249415 -0.00194273350798 0.000341284459322 -0.00155470398135 -0.000711601757018 -0.000261729126679 0.000640492441172 0.000363775231794 -0.0027142771767 -0.00135626240851 0.000927206286885 -0.00306382715861 -0.0010231891884 0.00148765553993 -0.00323906455134 -0.000146488873653 0.00277969171639 0.000262565550555 -0.000654250738918 -0.00307300845761 -0.00149105946674 0.000150477012108 0.000610895108282 -0.000715713948079 0.000760329760248 -0.00215160973697 0.000322328580284 
0.00117994952539 0.00173021554287 0.000687851343523 0.000375146833015 0.00160533770524 0.00206678855159 -0.00055256141078 -0.000279309078975 0.000924380609117 0.00101062373642 -0.000433525918961 0.00037409919869 -0.000247124249415 0.0192683156716 0.000924168744762 0.000332274553864 0.00221864360902 0.000333904715027 0.00184725167221 0.000819055520755 0.00270435744564 0.00254703214564 -0.000884728379055 0.00165879922328 0.000278723015396 0.00162252631746 0.000602774769481 -0.00505792518622 0.00123225126293 0.000147177383729 0.00218172303942 0.00315527394789 0.00190734853584 0.00152886355156 0.00116022020168 0.000187263775347 0.000841249705697 0.000370198076615 0.00112202317315 -0.000314716325456 
0.00342827729022 0.000516362852002 0.000519483536526 0.00165135996035 0.000563209754969 0.00156885708583 -0.00032539460343 0.00456824235375 0.0010050463428 0.00157134955022 -0.000345375491778 0.00561434085424 -0.00194273350798 0.000924168744762 0.0249385452689 0.00102007348023 0.00792946359183 0.00236147872935 0.000224759003183 0.00221718154771 0.000643641358384 -0.00248223579863 0.00172998072286 0.00200590304649 0.00182419285491 0.00232628249531 0.00106543563632 0.00203136482573 0.00285349658636 0.000945469598372 0.00210049399886 0.00184041512052 0.000922254939891 -8.46513466921e-05 0.00368856009813 0.00190549386289 0.00259243136087 0.0014766298704 0.00206110676528 0.00161577177388 
0.00161522427872 -0.000323753098232 0.000916436795383 0.000455445656592 0.00071815498431 0.000589777843795 -0.000336131786772 0.000567940382003 0.00116281648285 -0.000690543521164 0.000129157167673 0.00266702666284 0.000341284459322 0.000332274553864 0.00102007348023 0.0162266196016 0.00213561006257 -0.000743522890216 0.000248360015515 0.00183859934062 0.00176773937322 -0.00234632538724 8.51604208492e-05 0.000163997914161 0.000437220821111 -0.000783014247143 0.00080724669456 0.000950324561042 0.000103726986558 0.000653366628319 0.00121715043291 -0.000265553270831 0.000956847411859 0.00141759726864 0.00111996600405 -0.000914542806387 -0.000123071812199 -0.000758472086862 0.000610105365719 0.00201643222013 
0.00455055296015 0.000922882590729 0.00175964098762 0.00262621050591 0.0010106532257 0.00137799173907 0.000652599259875 0.00383489252926 0.00157245981493 0.00181302964189 -0.000365260987719 0.00238846911291 -0.00155470398135 0.00221864360902 0.00792946359183 0.00213561006257 0.0186246759501 0.00197755359761 0.000543842052461 0.00300081468972 0.000219137346161 -0.000801331041492 0.00319404504695 0.000974444673106 0.00359676510576 0.00105036737262 0.00145382217667 -0.00183867596622 0.00187899020441 0.00176197566019 0.00358116759494 0.00213170217779 -0.000190391314528 0.00268560639537 0.00211426809038 0.0011880652476 0.00238234939861 0.00169536172651 0.0030333229356 0.00145144388241 
0.000648011693502 0.00181085757189 0.000959682339162 0.000565322650208 0.0010445296075 0.000307453768018 0.000486642052618 0.002711041825 -0.000494444581742 0.00124309808911 0.000318155037266 0.00522213929377 -0.000711601757018 0.000333904715027 0.00236147872935 -0.000743522890216 0.00197755359761 0.0206793192062 0.000538941014166 0.00141036557972 0.00156934944166 -0.00196830030785 0.0013059219102 0.000685058412498 -0.000157216477773 0.00283014540993 0.00309414655555 -0.00117275112021 0.00242019422418 0.00146841225741 6.1312081174e-05 0.000959716681954 3.0835473514e-05 0.000522897244463 0.00138039234721 0.000374452160944 0.00110656272142 0.00155819380905 0.00132667470561 -1.20703980596e-05 
