20
0.0213104348082 0.125840316239 0.332832739506 0.0755027876102 0.0539269159384 0.0498631258667 0.065309734793 0.134581744136 0.0616353203302 0.201887649263 0.0328492958576 0.234070828585 0.0870955077299 0.00610402508206 0.0292815331214 0.0665048210348 -0.0014382556632 -0.00277796207049 0.0524263551757 0.171628318037 
0.32651587224 0.00200787013978 0.0348513487866 0.0355110861269 0.0416334737583 0.00748836786327 0.0165769567353 0.0520054208517 0.0653746675299 0.0676963037277 0.0491345268001 0.0594729071569 0.0115974837963 0.0132343160558 0.0101676264501 0.0278825947888 0.00887539393262 0.00853362277032 0.102450434918 0.00550762266752 
0.00200787013978 0.402603541051 0.0333765116735 0.0208232810018 0.034914683006 0.0100155865016 0.058373979008 0.0400215896539 0.0412248898877 0.0125379682115 0.0670335086729 0.0814610903508 0.00316983474138 0.0302919087107 0.0395291276206 0.000909547953903 0.011071541814 0.0288503318723 0.00927807904733 0.0348320214065 
0.0348513487866 0.0333765116735 0.530482021514 0.0553646280266 0.00765647897278 0.0139339632902 0.0273126621887 0.0218062669811 0.0233843247037 -0.00705887942599 0.00776402498796 0.0399960735915 0.025112717584 0.0331247699048 0.0362637620349 0.0224341402459 0.00709331418054 -0.0142359708036 0.0109292997729 0.00308411202827 
0.0355110861269 0.0208232810018 0.0553646280266 0.732319874548 0.0134100056327 0.00301373059151 0.013263572832 0.00491493664332 -0.0177275768415 -0.00704797796745 0.0565187213008 0.0593129304762 -0.0151100955736 0.0432719131769 0.00351914736946 0.0117384952382 0.0167443105678 0.0301257335992 0.0175643932924 0.0286743065684 
0.0416334737583 0.034914683006 0.00765647897278 0.0134100056327 0.234226103106 0.00269751520338 0.0115683475553 0.0254188584681 0.0352219696174 0.0292572057311 0.0160483055104 0.0433760060612 0.0490337223172 0.00819071612255 0.016547759026 0.0494172591273 0.00140377353855 0.0208727461781 0.0130831862897 0.0257792575763 
0.00748836786327 0.0100155865016 0.0139339632902 0.00301373059151 0.00269751520338 0.31618895985 0.024996832963 0.0152994515299 -0.00401707875152 0.0294475285541 -0.00121607716261 0.0568638934392 0.0303986954168 0.00918385542275 0.0194719657728 0.0634178767224 6.86813503725e-05 0.00277948714415 0.00623352496284 0.0260391413542 
0.0165769567353 0.058373979008 0.0273126621887 0.013263572832 0.0115683475553 0.024996832963 0.319025175816 0.0456708800956 0.038215666381 0.0397944159542 0.00815560690891 0.00189444550822 0.0273362698596 0.00126428205296 0.0205457669467 0.00986132786566 0.033927868981 0.0159220979214 0.0140700129444 0.00730028115307 
0.0520054208517 0.0400215896539 0.0218062669811 0.00491493664332 0.0254188584681 0.0152994515299 0.0456708800956 0.389481477225 0.0413434542966 -0.00505375694832 0.013461163976 0.0694012824222 0.0128168193227 0.0358314370573 0.033461617131 0.0341509234763 0.00793016231554 0.0136104907018 0.0229039418728 0.0220701648207 
0.0653746675299 0.0412248898877 0.0233843247037 -0.0177275768415 0.0352219696174 -0.00401707875152 0.038215666381 0.0413434542966 0.281728237376 0.0582596542883 0.0251358865303 0.0363436084521 0.00708639271505 0.0344263537426 0.0181670650299 0.00782601265124 0.0267875594404 0.0256128619557 0.0243090108988 0.0143961251228 
0.0676963037277 0.0125379682115 -0.00705887942599 -0.00704797796745 0.0292572057311 0.0294475285541 0.0397944159542 -0.00505375694832 0.0582596542883 0.775907058771 0.0065370656263 0.0752016871163 0.00405669198151 0.00357608288382 0.0106592297227 0.00546430166821 0.0436902221019 0.0567298273809 0.0597595541002 0.00303569307292 
0.0491345268001 0.0670335086729 0.00776402498796 0.0565187213008 0.0160483055104 -0.00121607716261 0.00815560690891 0.013461163976 0.0251358865303 0.0065370656263 0.335130588085 -0.00824044166277 0.00479692653879 0.0135486166503 0.0203646733225 0.0248700823473 -0.00555208551181 -0.00249407289746 0.0126589511525 0.00953982273815 
0.0594729071569 0.0814610903508 0.0399960735915 0.0593129304762 0.0433760060612 0.0568638934392 0.00189444550822 0.0694012824222 0.0363436084521 0.0752016871163 -0.00824044166277 1.01712102476 0.0339399097113 0.01309080045 0.0154899027829 0.0134690981205 0.041023194685 0.0241405139734 0.08152321632 0.0194014851992 
0.0115974837963 0.00316983474138 0.025112717584 -0.0151100955736 0.0490337223172 0.0303986954168 0.0273362698596 0.0128168193227 0.00708639271505 0.00405669198151 0.00479692653879 0.0339399097113 0.473058114766 0.00808543971516 0.0364831806554 -0.00754015599219 0.0183314450431 -0.0164724709167 0.0103615191604 0.0129651421378 
0.0132343160558 0.0302919087107 0.0331247699048 0.0432719131769 0.00819071612255 0.00918385542275 0.00126428205296 0.0358314370573 0.0344263537426 0.00357608288382 0.0135486166503 0.01309080045 0.00808543971516 0.186626329019 0.0332397371695 0.0330507104827 0.0257621539199 0.0134373518943 0.00713027989742 0.0427981650237 
0.0101676264501 0.0395291276206 0.0362637620349 0.00351914736946 0.016547759026 0.0194719657728 0.0205457669467 0.033461617131 0.0181670650299 0.0106592297227 0.0203646733225 0.0154899027829 0.0364831806554 0.0332397371695 0.159081717442 0.0339920645282 0.00700898398826 0.00318085481666 0.00868211799717 0.0210913645737 
0.0278825947888 0.000909547953903 0.0224341402459 0.0117384952382 0.0494172591273 0.0634178767224 0.00986132786566 0.0341509234763 0.00782601265124 0.00546430166821 0.0248700823473 0.0134690981205 -0.00754015599219 0.0330507104827 0.0339920645282 0.257046191306 0.00948284606984 -0.00838227570247 0.0102344826328 0.0321397139163 
0.00887539393262 0.011071541814 0.00709331418054 0.0167443105678 0.00140377353855 6.86813503726e-05 0.033927868981 0.00793016231554 0.0267875594404 0.0436902221019 -0.00555208551181 0.041023194685 0.0183314450431 0.0257621539199 0.00700898398826 0.00948284606984 0.224142867762 0.00870659167764 0.0116415086726 0.00619640174885 
0.00853362277032 0.0288503318723 -0.0142359708036 0.0301257335992 0.0208727461781 0.00277948714415 0.0159220979214 0.0136104907018 0.0256128619557 0.0567298273809 -0.00249407289746 0.0241405139734 -0.0164724709167 0.0134373518943 0.00318085481666 -0.00838227570247 0.00870659167764 0.265309258115 0.0243204545187 0.0179640274422 
0.102450434918 0.00927807904733 0.0109292997729 0.0175643932924 0.0130831862897 0.00623352496284 0.0140700129444 0.0229039418728 0.0243090108988 0.0597595541002 0.0126589511525 0.08152321632 0.0103615191604 0.00713027989742 0.00868211799717 0.0102344826328 0.0116415086726 0.0243204545187 0.288952795366 -0.00505122235988 
0.00550762266752 0.0348320214065 0.00308411202827 0.0286743065684 0.0257792575763 0.0260391413542 0.00730028115307 0.0220701648207 0.0143961251228 0.00303569307292 0.00953982273815 0.0194014851992 0.0129651421378 0.0427981650237 0.0210913645737 0.0321397139163 0.00619640174885 0.0179640274422 -0.00505122235988 0.292591992495 
0.0282771040099 0.000173886654855 0.00301821534053 0.00307535027019 0.00360556459225 0.000648511680248 0.00143560656502 0.00450380155921 0.00566161228449 0.00586267187705 0.00425517484118 0.00515050484348 0.00100437155875 0.0011461253906 0.000880542280201 0.00241470354105 0.000768631661424 0.000739033410541 0.00887246792676 0.000476974114453 
0.000173886654855 0.0348664894204 0.0028904906999 0.00180334903377 0.00302370024483 0.000867375234419 0.00505533487409 0.00346597133401 0.0035701801911 0.0010858198983 0.00580527214155 0.00705473736637 0.000274515741184 0.00262335624726 0.00342332287089 7.8769163404e-05 0.000958823646996 0.0024985120309 0.000803505215331 0.00301654154032 
0.00301821534053 0.0028904906999 0.0459410906882 0.00479471743421 0.000663070529397 0.00120671661847 0.00236534593004 0.00188847811674 0.00202514192438 -0.000611316890516 0.000672384287519 0.00346376157819 0.00217482513858 0.00286868922321 0.0031405339159 0.0019428535365 0.000614299027738 -0.00123287123634 0.000946505124895 0.00026709193646 
0.00307535027019 0.00180334903377 0.00479471743421 0.0634207615055 0.00116134055428 0.000260996725241 0.00114865910174 0.000425645999111 -0.00153525318922 -0.000610372796513 0.00489466484359 0.00513665045653 -0.00130857266203 0.00374745760816 0.000304767102161 0.00101658350785 0.00145009983206 0.00260896506046 0.00152112107933 0.00248326779242 
0.00360556459225 0.00302370024483 0.000663070529397 0.00116134055428 0.0202845755519 0.000233611669323 0.00100184828627 0.00220133771685 0.003050312046 0.00253374834069 0.00138982402597 0.00375647231637 0.00424644491688 0.000709336823731 0.00143307796923 0.00427966017896 0.000121570354555 0.0018076328437 0.00113303716893 0.00223254919518 
0.000648511680248 0.000867375234419 0.00120671661847 0.000260996725241 0.000233611669323 0.0273827671626 0.00216478923601 0.00132497136889 -0.000347889224782 0.00255023078065 -0.000105315371578 0.00492455762765 0.00263260424729 0.000795345210079 0.00168632170208 0.00549214922957 5.94797941888e-06 0.000240710647633 0.000539839097294 0.00225505579054 
0.00143560656502 0.00505533487409 0.00236534593004 0.00114865910174 0.00100184828627 0.00216478923601 0.0276283906703 0.0039552142376 0.00330957379085 0.00344629751451 0.000706296276639 0.00016406379362 0.00236739041431 0.000109490037541 0.00177931561161 0.000854016044671 0.00293823964338 0.00137889412815 0.00121849886414 0.000632222893333 
0.00450380155921 0.00346597133401 0.00188847811674 0.000425645999111 0.00220133771685 0.00132497136889 0.0039552142376 0.033730085358 0.0035804481701 -0.00043766819018 0.00116577099677 0.00601032736328 0.00110996911292 0.00310309347458 0.00289786104871 0.00295755672932 0.000686772202139 0.00117870307057 0.00198353955086 0.00191133234004 
0.00566161228449 0.0035701801911 0.00202514192438 -0.00153525318922 0.003050312046 -0.000347889224782 0.00330957379085 0.0035804481701 0.0243983810531 0.00504543406294 0.00217683162819 0.00314744881847 0.000613699611242 0.00298140969008 0.00157331398281 0.000677752576631 0.00231987069808 0.00221813891173 0.00210522209792 0.00124674100724 
0.00586267187705 0.0010858198983 -0.000611316890516 -0.000610372796513 0.00253374834069 0.00255023078065 0.00344629751451 -0.00043766819018 0.00504543406294 0.0671955223871 0.000566126489858 0.00651265714502 0.000351319831132 0.000309697862343 0.000923116372465 0.000473222405861 0.00378368422372 0.00491294716642 0.00517532919696 0.000262898731924 
0.00425517484118 0.00580527214155 0.000672384287519 0.00489466484359 0.00138982402597 -0.000105315371578 0.000706296276639 0.00116577099677 0.00217683162819 0.000566126489858 0.0290231602867 -0.000713643181837 0.000415426024268 0.00117334462053 0.00176363244371 0.00215381231069 -0.000480824709721 -0.000215993048809 0.00109629732834 0.000826172883884 
0.00515050484348 0.00705473736637 0.00346376157819 0.00513665045653 0.00375647231637 0.00492455762765 0.00016406379362 0.00601032736328 0.00314744881847 0.00651265714502 -0.000713643181837 0.0880852646164 0.00293928240121 0.00113369657456 0.00134146493121 0.00116645811384 0.00355271287416 0.00209062983614 0.00706011763313 0.00168021790536 
0.00100437155875 0.000274515741184 0.00217482513858 -0.00130857266203 0.00424644491688 0.00263260424729 0.00236739041431 0.00110996911292 0.000613699611242 0.000351319831132 0.000415426024268 0.00293928240121 0.0409680344853 0.00070021961941 0.00315953612584 -0.000652996663773 0.00158754970954 -0.0014265578277 0.000897333881467 0.0011228142455 
0.0011461253906 0.00262335624726 0.00286868922321 0.00374745760816 0.000709336823731 0.000795345210079 0.000109490037541 0.00310309347458 0.00298140969008 0.000309697862343 0.00117334462053 0.00113369657456 0.00070021961941 0.0161623141945 0.00287864568039 0.00286227548911 0.00223106797508 0.00116370881001 0.000617500352726 0.00370642981459 
0.000880542280201 0.00342332287089 0.0031405339159 0.000304767102161 0.00143307796923 0.00168632170208 0.00177931561161 0.00289786104871 0.00157331398281 0.000923116372465 0.00176363244371 0.00134146493121 0.00315953612584 0.00287864568039 0.0137768808582 0.00294379914085 0.000606995818855 0.000275470107698 0.00075189347442 0.00182656575213 
0.00241470354105 7.8769163404e-05 0.0019428535365 0.00101658350785 0.00427966017896 0.00549214922957 0.000854016044671 0.00295755672932 0.000677752576631 0.000473222405861 0.00215381231069 0.00116645811384 -0.000652996663773 0.00286227548911 0.00294379914085 0.0222608531617 0.000821238559666 -0.000725926369986 0.000886332195458 0.00278338087219 
0.000768631661424 0.000958823646996 0.000614299027738 0.00145009983206 0.000121570354555 5.94797941889e-06 0.00293823964338 0.000686772202139 0.00231987069808 0.00378368422372 -0.000480824709721 0.00355271287416 0.00158754970954 0.00223106797508 0.000606995818855 0.000821238559666 0.0194113417559 0.000754012957321 0.00100818422488 0.000536624132656 
0.000739033410541 0.0024985120309 -0.00123287123634 0.00260896506046 0.0018076328437 0.000240710647633 0.00137889412815 0.00117870307057 0.00221813891173 0.00491294716642 -0.000215993048809 0.00209062983614 -0.0014265578277 0.00116370881001 0.000275470107698 -0.000725926369986 0.000754012957321 0.0229764557387 0.00210621314448 0.00155573041192 
0.00887246792676 0.000803505215331 0.000946505124895 0.00152112107933 0.00113303716893 0.000539839097294 0.00121849886414 0.00198353955086 0.00210522209792 0.00517532919696 0.00109629732834 0.00706011763313 0.000897333881467 0.000617500352726 0.00075189347442 0.000886332195458 0.00100818422488 0.00210621314448 0.0250240461282 -0.000437448688382 
0.000476974114453 0.00301654154032 0.00026709193646 0.00248326779242 0.00223254919518 0.00225505579054 0.000632222893333 0.00191133234004 0.00124674100724 0.000262898731924 0.000826172883884 0.00168021790536 0.0011228142455 0.00370642981459 0.00182656575213 0.00278338087219 0.000536624132656 0.00155573041192 -0.000437448688382 0.0253392098444 

['ADI', 'ODP', 'EK', 'LXK', 'CBE', 'PRU', 'GR', 'FDO', 'ASD', 'MU', 'HAS', 'PMCS', 'EP', 'CMA', 'AIG', 'STT', 'CTL', 'IPG', 'LLTC', 'BLL']