60
0.0205902908148 0.0558285331973 0.0363676427781 0.0358059899839 0.0831393543584 0.0905877796438 0.0408230851415 0.0132966740539 0.0402434153999 0.0870955077299 0.0913653440874 0.099400173405 0.0324129219316 -0.00662659235152 0.105790500039 0.0160922749751 0.134627172929 0.00326137985962 0.0392369654355 0.0300827450696 0.0637387331612 0.00388664565626 0.0413132452317 0.103848753038 -0.00953493093171 0.0861575830063 0.0345230729479 0.00265371642944 0.234257183995 0.0914492870129 0.00787829448736 0.110057805124 0.0430779984078 0.125840316239 0.00108215816497 0.135848421796 0.0594362545722 0.101801748802 0.100072423231 0.0560151075184 0.0450347688147 0.0800542827641 0.0566389432936 0.0415474718814 0.0336878097659 -0.00168409401267 0.0277285522359 0.00640420781163 0.105904751354 -0.0148687542544 0.106465020668 0.142595623168 0.0616353203302 0.0372282541949 0.087070388143 0.0609589558998 0.12260521459 0.0495038718221 0.116406698245 0.0146303634135 
0.291468689135 0.0251506072813 -0.00522829124484 0.0111154553903 0.000502567060499 0.00867045870907 0.0233026749876 -0.00372720423535 0.00793872626622 0.0222830430891 0.0341834306864 0.0205185219126 0.0103718539234 0.0117947204945 0.00785073630454 0.00754673882944 0.0206210964818 -0.010656532076 0.0129593963371 -0.00688641564327 0.00358567429306 0.00788715414535 -0.000151930198084 0.00615322954568 -0.0113442112221 0.00420668687987 -0.00298259607964 0.0174971835716 -0.001486664325 0.00493555992367 -0.0264379147702 0.0330536198363 0.0148576253849 0.0162429785219 0.000748952361547 0.0213378321584 -0.00631671276373 0.022181912778 0.0363959656289 -0.00361273901939 0.0267833655741 0.0350783105917 0.00902166799315 0.00959973738033 0.0300602829266 0.00557117870851 0.0307783969768 0.0113403658017 0.00860767617781 0.00389767309042 0.0357614329543 0.0265373291249 -0.00022880343499 0.0166142077271 0.0429650583772 -0.00126931534675 0.0304546661157 0.0284396945998 0.0373347843601 -0.00919798879272 
0.0251506072813 0.260216613899 0.0398201930751 -0.00858154279343 0.046523954063 0.0166319394778 0.0479089037823 0.0200287917497 0.00912215045954 -0.00525048207257 0.0454277192916 0.0838638720821 0.0165464526244 0.0171869080851 0.0395602496625 0.0104235333894 0.0400178493472 0.0207500924981 0.0432775589681 -0.00454194974463 -0.0211239844922 0.00248483094847 0.0140148615832 0.00997644568098 0.0298438863846 -0.00814004683349 0.0171200673031 0.0257817600104 -0.00446393827391 0.0528522979764 0.000653379635338 0.0637830622363 0.040254083339 0.0277388957457 0.0115506801771 0.0262699471742 0.0186681553691 -0.013963201165 -0.0104881793457 -0.000775650189562 -0.00968878716002 -0.00740299587786 0.0130594926275 0.0120063420258 0.0746061271929 -0.00389274048803 0.00505361704973 -0.000936816261077 0.0119505008811 -0.000545884056587 0.0310456627811 0.00247716845642 0.0130303537429 0.0163475637659 0.00599944324634 0.044879219886 0.0388419258507 0.0234851424252 0.0335488659991 0.0163969088847 
-0.00522829124484 0.0398201930751 0.185076190834 0.00593353371604 0.0317531205588 0.0184372525587 0.0158843840279 0.0142609120623 0.0034922618162 0.0161682962438 0.0407371168066 0.0290686439251 -0.00679197394101 0.0195530852686 0.0255161629111 0.00342721418251 0.00529978564896 0.00556326915216 0.031759693601 0.00561430847239 0.00319855352241 -0.00508283061598 0.0218140411544 0.00939543484849 0.0154346089216 0.00236594488286 0.0224416118839 0.00453274990891 0.026044933336 0.0263997165161 0.0226026128499 0.0442753828817 0.0105597291783 0.0303868718182 0.0133710058525 0.0133653105449 0.00268779629323 0.00685773771718 -0.00744667027953 0.0106387355899 0.00413491234105 -0.0124809259255 0.00939893004169 0.0227794956357 0.0325178983408 0.0157512713209 0.0104526841064 0.00319263170417 0.0176216687238 0.0124061758562 0.0272725896571 0.0192038171239 0.0316700941211 0.0196690258812 0.00930031444855 0.0130508843498 0.0154074392232 -0.00108107671196 0.00692766226781 0.0184440474748 
0.0111154553903 -0.00858154279343 0.00593353371604 0.193546243976 -0.00405479855523 0.00989510831588 -0.000523247203293 -0.00605973692546 0.00621162213615 0.0466406926251 0.0189143611606 0.0151655825675 -0.00422622409116 0.0253209131635 0.00834473612508 0.0102471629532 0.00127263377196 0.0146447282138 0.0207511813327 0.00382353761141 0.0409274138779 0.0426895752778 0.0145472925618 0.00603593286233 -0.00863651624031 0.00297430717748 0.00193590945831 -0.00224843518408 0.0229901157632 0.0507384953199 0.00770253417056 0.000801664597508 0.0223730980476 0.0315867528073 0.00594639375044 0.0212264109731 0.00538510699615 0.0125606782662 0.0239316847613 0.0125692376417 0.0439830262226 0.00601924270045 0.012891580507 0.0111370716618 0.010629570902 0.0106116861345 0.0491329390443 0.0605025415234 0.0322816165659 0.042292775336 0.0130746092953 0.0121650669333 0.00312792420014 0.00764364884061 -0.0134903812183 0.0204078966105 0.0134603249547 0.01595656144 0.0161207896382 0.00240646923424 
0.000502567060498 0.046523954063 0.0317531205588 -0.00405479855523 0.285158423786 -0.00129120694295 0.0256034184724 0.0089985860718 -0.00716664815891 -0.00720222035684 0.0189541301967 0.0265880116315 -0.00581240146427 0.00396794746765 -0.0152672883075 -0.0227997393774 0.0474860016086 -0.00537376265373 0.00896183406882 -0.00637972701446 0.00874515982858 -0.0128990103621 0.0181828837236 0.0107930912654 0.010807741949 -0.00128822515865 0.0137242870838 0.0096513189373 -0.0124535886679 0.0326384806402 0.0244080650837 0.0288576005608 0.0508510384902 0.0220700831871 -0.00159948984578 0.0110496593618 0.0116579947874 0.00126201461116 -0.0050739882686 -0.0133602710555 -0.00346805761343 0.0224272681665 0.0259809584104 0.0107723394368 0.032373053353 0.00606935677193 0.00767890456763 0.0267605908648 0.000355916557534 0.00415331446004 0.00517952827083 0.0215668909755 -0.00735858781343 0.0150787640501 0.0806259955247 0.0231389998955 0.00490599685431 0.00326731797434 0.00984465501067 0.0224780824374 
0.00867045870907 0.0166319394778 0.0184372525587 0.00989510831588 -0.00129120694295 0.425773353543 0.0157020556073 0.0165129216541 0.0104322763865 0.00857954868935 0.0409657564231 0.00979924150491 0.0312157962296 0.0213112082323 -2.33134840042e-05 -0.00416053108159 -0.0392238199875 -0.00690227233376 0.0104795749988 0.0292724812839 0.0442276970009 0.0280039420731 0.0262837587911 0.00616195253125 0.0140449774804 -0.0221705056388 0.00365747619556 0.0130306468908 0.0129235613343 0.0637458031896 0.0188585832515 0.0374813493413 -0.00368206456528 0.0428738993359 -0.00496173332052 0.0113717665692 0.0356350550295 0.0120683486339 0.0071867610508 0.00852592067974 0.0265243795058 0.0324446548901 -0.00270842603675 0.0421685355946 0.0351257429972 0.00341285870475 0.0237252139372 -0.00231960882842 0.0175231637651 0.0017410171742 0.0134773261707 0.0621796927621 0.0427801321168 0.048226853976 0.00958448863259 0.00776649382361 0.0162396195293 0.0243481071913 0.0101684137298 0.023533844046 
0.0233026749876 0.0479089037823 0.0158843840279 -0.000523247203293 0.0256034184724 0.0157020556073 0.193804848805 0.0107542840056 0.0134083545884 0.0185579729716 0.00171062775319 0.0118783365909 -0.000611447022893 0.0146997512499 0.0247441400205 0.0150062295467 0.0540449581447 0.0198423171116 0.0249905189067 -0.00107143742637 0.00994665840509 0.00229647417624 0.0119383491604 -3.24951721782e-05 -0.00314414532847 -0.0100406366762 0.00230049933054 0.010442517867 0.028933292846 0.0363056028872 -0.0145452225837 0.0297766317622 0.00807193344572 0.0286857593505 -0.00774797048941 0.016111127357 0.0225732387269 0.011413679795 0.0106258644319 -0.00140140880743 -0.00118409362092 0.0167927353272 -0.00594905442707 0.017410279628 0.0248678766522 0.0201173887227 0.013961157503 0.00683091749716 0.0110490975022 -0.00337192139285 0.0139228541977 0.00639260006699 0.00818819360809 0.00522086585165 0.00470254871093 0.0214100599063 0.0106090374589 0.0109900750936 0.0194345255611 -0.00874584019975 
-0.00372720423535 0.0200287917497 0.0142609120623 -0.00605973692546 0.0089985860718 0.0165129216541 0.0107542840056 0.257115215138 0.0233807677039 -0.0175436567513 0.00517266157316 0.0481284826122 0.0128754578002 0.00737378879753 0.00353035514004 -0.00531105264572 0.0424167788407 0.00983571469495 -0.00104457567361 -0.00433356459471 0.000897533458816 0.00459500213175 0.00744540700093 0.00979181936415 0.0173817284194 0.00772426786767 -0.000196341863258 0.00543274775721 -0.00174213777043 0.0404636466408 0.0182587461201 0.0514325812699 0.0154075962047 -0.00554963589695 -0.00285241106982 0.00841355327776 0.0606168883426 0.0419706031026 -0.00796033543728 -0.00244787455963 -0.00713078439222 0.112973506027 0.0024893857221 0.0206709726445 0.0226935444162 0.00640526744123 -0.0133765431209 0.00371024395659 0.00717798882564 0.0107913365773 -0.001358461882 0.0341101070847 0.0155232961676 0.0148213991405 0.0105226814921 0.00385958777769 0.0194928735555 0.00256272623822 0.0180622252391 -0.00735222946443 
0.00793872626622 0.00912215045954 0.0034922618162 0.00621162213615 -0.00716664815891 0.0104322763865 0.0134083545884 0.0233807677039 0.13325939192 0.0034151645803 0.00948080223658 0.0070614291255 0.0149296837099 0.00258506533432 0.000424564713339 0.00204815883443 -0.000358159043226 0.0103261526517 0.0212618257624 0.00602548773198 -0.0124035199316 0.00493744148666 0.00158300014745 0.000554701659856 0.00257523508779 0.0143969976286 -0.00597487492867 0.000545225102918 -0.000573139452529 0.0203594164542 0.00110410656498 0.0141664366443 0.0157382539409 0.0201159239661 0.027204881613 -0.0117421348651 0.0284673660395 0.0121827779631 0.0114278504651 8.46339131451e-05 0.00661150900032 0.0182194399786 0.00442781096034 0.0271986155714 0.0118739925164 0.0130441399247 0.0134491746466 -0.00237988615913 0.0124996103533 0.0155132282648 0.0112697944306 0.00917395288996 0.0151779528233 0.00937206270202 0.0125763390715 0.0189690738513 0.0066362094479 0.0174872953058 0.00865574626931 0.0179429248617 
0.0222830430891 -0.00525048207257 0.0161682962438 0.0466406926251 -0.00720222035684 0.00857954868935 0.0185579729716 -0.0175436567513 0.0034151645803 0.443509705944 0.00822194236939 0.0181315356226 0.00109877844558 0.0361711319443 0.045901543447 0.0250703920071 -0.0038445699962 0.00480124950734 0.00149339441417 -0.0118458371987 0.0719193272262 0.0662430106265 0.0056220452057 0.0324689712932 -0.0146300611988 -0.0064079579808 0.0286177996552 0.00282353451421 0.0170746486626 0.0489089316248 0.0169507464208 0.0416879248168 -0.00531567274937 -0.0115493794719 0.00615814417039 0.00425386067022 0.0130789899374 0.00593660640115 0.0216357356552 0.00451470597369 0.0302266413886 0.00209174835746 0.0271376174887 0.0029984350009 0.011396379438 -0.00937075082278 0.040216654489 0.052659717885 0.011404707125 0.0259121158479 0.0179123691451 -0.000391837407074 0.00793493867605 0.0312739091552 0.00954677650987 -0.00890966041132 0.0234276250331 -0.00518319481607 0.0171493844985 0.0265917927509 
0.0341834306864 0.0454277192916 0.0407371168066 0.0189143611606 0.0189541301967 0.0409657564231 0.00171062775319 0.00517266157316 0.00948080223658 0.00822194236939 0.350767589092 0.0274462688533 0.0188648866462 0.0235305901027 0.00209957236296 0.0218071606232 0.027829613838 0.00608082915962 0.0173908017429 0.00709534902153 0.0213390080346 0.0103026845627 0.0153824254081 0.0153977431245 0.00057360759495 0.00862961591278 0.0228535181141 0.00280160705294 0.00427437861325 0.0934237463435 0.0173005064223 0.0777252577395 0.00377650549784 0.0344554213462 0.0168406787014 -0.00351543252102 0.00429120375015 0.00959780397908 -0.0144008639541 0.0220039159171 0.015036271261 -0.00155519716655 -0.005697658329 0.0158196565548 0.0515343994721 0.0109720341849 0.0395650474907 0.0155145096396 0.00793021825152 0.0130273026315 0.029858230762 0.0490997174377 0.029343122567 0.0329732058925 -0.0253824216972 0.0205713385641 0.034429047379 -0.00898674796736 0.0235946335923 0.0207765253084 
0.0205185219126 0.0838638720821 0.0290686439251 0.0151655825675 0.0265880116315 0.00979924150491 0.0118783365909 0.0481284826122 0.0070614291255 0.0181315356226 0.0274462688533 0.325346306057 0.0198543797245 0.0113889553792 0.00430885619095 -0.00460687978924 0.0652149316884 0.0194886933551 0.0201657921925 0.0044660557443 0.00265883990148 0.025327172757 0.0152957208903 0.0181258553823 0.00904670286533 0.0384536500462 0.0169003131236 0.0140448688715 -0.0208832866722 0.0489195067219 0.00275153045351 0.0280289178478 0.0389379682929 0.0512619537526 0.0204447521161 -0.00919125589674 0.0122309251564 0.0297369649018 -0.00565181073347 0.028593612189 -0.00509947935948 0.0257874339366 0.0021873585386 0.0155314224901 0.0526967049776 -0.000563784066988 0.00651274551704 0.0134215235716 0.0031565299586 -0.00489682480151 0.0108896484481 0.0469215115204 0.0188395346622 0.0346339625598 0.041324849411 0.0469727716061 0.0309004146745 -0.00688281829671 0.0571419952486 -0.0083290218155 
0.0103718539234 0.0165464526244 -0.00679197394101 -0.00422622409116 -0.00581240146427 0.0312157962296 -0.000611447022894 0.0128754578002 0.0149296837099 0.00109877844558 0.0188648866462 0.0198543797245 0.278661412032 0.000942559622296 -0.0014757486087 0.012932014152 0.0261468736375 0.0101804792046 0.0169069970023 -0.00278835576708 -0.00126139925948 0.00297210420463 0.00591887221872 0.00320172707744 0.0181312143177 0.00972153882959 0.0194748866215 0.00619483643377 -0.0260589120306 0.0181872962745 -0.0093189560025 0.0238233647544 0.0161806175884 -0.006631522418 -0.00661249042591 0.0285639477359 0.00288504795903 0.0050925072368 0.0497222771135 -0.00824425589222 -0.00197207530883 0.0241465732397 -0.00590771723658 0.0099749763587 0.00976945907732 0.0219922661885 -0.00445597415416 0.00660509370175 0.0166559343232 0.0063148781394 -0.00485332289054 -0.00588037435539 -0.00946561904947 0.00398463164603 0.0183769348935 0.00340560074376 0.00429102198421 -0.00431880983813 0.0111396840838 0.0145491772042 
0.0117947204945 0.0171869080851 0.0195530852686 0.0253209131635 0.00396794746765 0.0213112082323 0.0146997512499 0.00737378879753 0.00258506533432 0.0361711319443 0.0235305901027 0.0113889553792 0.000942559622296 0.157751450197 0.0340068742029 0.00680048577929 0.00576265793579 0.0116501555397 0.00916447573948 0.00476165856072 0.0350110996164 0.026342867896 0.00301662289709 0.00851105076473 -0.004486489937 -0.00155302071776 0.022989933111 0.0104988125121 0.00366676484213 0.0280274109152 -0.00121077681509 0.0232723399399 0.0114078118262 0.0149500670008 -0.00377186799714 0.00775102129286 0.0165211008692 0.0146112440962 0.00171873089661 0.0129227915354 0.0319051275362 -0.0010097242307 0.00223994173603 0.0192308190246 0.000111909139599 0.0067945778743 0.0446892641474 0.0310963927885 0.0190595119821 0.0398848584138 0.0149004539789 0.013269867108 0.00342263785008 0.00717542594202 -0.000184117759634 0.0134453637973 0.0250936918687 0.00753594750762 0.020755926383 0.0187883634721 
0.00785073630454 0.0395602496625 0.0255161629111 0.00834473612508 -0.0152672883075 -2.33134840041e-05 0.0247441400205 0.00353035514004 0.000424564713339 0.045901543447 0.00209957236296 0.00430885619095 -0.0014757486087 0.0340068742029 0.545278461417 0.00626381687667 -0.00516277798612 -0.00240605486004 0.0151633543123 0.00481491416939 0.000360684895218 0.00824963818191 0.00795390119455 -0.000798146394649 0.0407956340835 0.0173293559014 0.0121724795981 0.00868441257091 0.018744003594 0.00561811854647 0.0104369975534 0.0351198793738 0.0101274973518 0.00283506356478 -0.000214780138558 0.00281770140962 0.00996168230276 -1.47524124439e-05 -0.00223625969788 -0.00478433861133 0.00146954185425 0.0350050186187 -0.000391755621746 0.0131855174271 0.0152961034999 0.00948471205817 0.0247602145298 0.0142788353183 -0.000878904997022 0.012422151467 -0.00252111645004 0.00462037971448 -0.00213194718046 0.0175130325417 0.0097424877443 0.0244493914715 0.0139810600414 0.00447120764599 0.00615181195224 0.00445366076044 
0.00754673882944 0.0104235333894 0.00342721418251 0.0102471629532 -0.0227997393774 -0.00416053108159 0.0150062295467 -0.00531105264572 0.00204815883443 0.0250703920071 0.0218071606232 -0.00460687978924 0.012932014152 0.00680048577929 0.00626381687667 0.215321027833 -0.0237844373036 0.0106807457789 -0.00190875242154 0.00313102931543 -0.00816428552944 0.00793747411107 -0.00184733316832 0.00464482915806 0.00483932020827 -0.0295080825136 0.0126849469586 0.0173872534736 -0.000858472815469 0.00953846465685 -0.0131175326188 0.00515091650833 -0.0040347129298 -0.0082127579735 -0.00172792227916 0.00335546170232 0.0182191100818 -0.00753324719916 0.0424976944467 0.00289867641912 0.0109107590171 -0.00244113615419 0.00258258812187 0.00383939250209 -0.0166876230483 0.0078332612026 0.0129846789535 0.0136002411632 0.0269589059866 0.00305848622811 0.0190834170258 0.00285526283683 -0.00376075348271 0.00660089336841 0.00336473114355 0.00618342455254 0.00126909790484 -0.0145868913315 0.00518300259477 0.00296393490213 
0.0206210964818 0.0400178493472 0.00529978564896 0.00127263377196 0.0474860016086 -0.0392238199875 0.0540449581447 0.0424167788407 -0.000358159043226 -0.0038445699962 0.027829613838 0.0652149316884 0.0261468736375 0.00576265793579 -0.00516277798612 -0.0237844373036 0.726493594534 0.0139553827709 0.0083190484049 -0.00381319701627 0.0131746664033 0.00122477227473 0.00656605501791 0.0325074571988 0.0134266176401 0.0203936865822 0.00680105287237 0.00183427563224 0.0025678868821 0.0155714793593 -0.00642954654475 0.0314150314881 0.0260496351077 0.0333374466932 0.00249686393535 0.0131523865876 0.0289369753876 0.0259097572056 0.068805727154 -0.0132245267865 -0.00112443609787 0.00167060532219 0.0190896222199 9.53397712412e-05 0.0284872577205 0.0120422796552 0.0163543954464 0.0329895066361 -0.00367319972385 0.0103913704534 -0.00310215758707 0.00351356412305 0.0151944761328 0.0177088466254 0.00474572216355 0.0639364027917 0.0101536629273 0.000327638091745 -0.000436532314271 0.0142315251642 
-0.010656532076 0.0207500924981 0.00556326915216 0.0146447282138 -0.00537376265373 -0.00690227233376 0.0198423171116 0.00983571469495 0.0103261526517 0.00480124950734 0.00608082915962 0.0194886933551 0.0101804792046 0.0116501555397 -0.00240605486004 0.0106807457789 0.0139553827709 0.156708411475 0.00799384436949 0.00731344501276 -0.0157171700849 0.0176264697092 0.00434532694393 0.0221063291499 0.0185224469035 0.0225445057205 0.00344004629977 0.0175119423921 0.0124176785421 0.0160218312293 0.0203028846083 0.0109910368344 0.00351523156557 -0.00316858858827 0.0197819862109 0.000656489084914 0.0154361048414 0.00361287187715 -0.00487275394228 -0.000393568104278 0.00723051158185 0.0118554517804 0.00834855137866 0.0117048943565 0.0223459909936 0.00445270192765 0.010201114971 0.00576312255292 0.0380850915482 0.0146132990493 0.0135230387663 0.0230297521659 0.020298545635 0.00346343822701 0.0202745445598 -0.000859813776843 0.0205652662664 -0.009594301442 0.0231657684956 0.00130306009298 
0.0129593963371 0.0432775589681 0.031759693601 0.0207511813327 0.00896183406882 0.0104795749988 0.0249905189067 -0.00104457567361 0.0212618257624 0.00149339441417 0.0173908017429 0.0201657921925 0.0169069970023 0.00916447573948 0.0151633543123 -0.00190875242154 0.0083190484049 0.00799384436949 0.158530371019 0.01866936918 0.00700767178935 0.0122870700461 0.034204996063 -0.0123927991063 0.0195355020863 0.0325223472503 0.0226176156896 0.0145583343236 -0.00191533920841 0.0397902132612 0.0101856667358 0.046426633935 0.0290539072649 0.0162363818272 0.0237539047823 0.0135716073028 0.010876932496 0.0091169400839 0.00554591240282 0.0210722105033 0.0213479991692 0.0228587095829 -0.00239642535715 0.0109074220746 0.041078644223 0.0217480727007 0.0184512816154 0.0125250953 0.0318027752162 0.0163685871954 0.0300848168803 0.00711029705196 0.0147985244842 0.0184488964778 0.0231377746444 0.0202316585804 0.0379756912902 0.00624344342467 0.0332912564551 0.0253071021845 
-0.00688641564327 -0.00454194974463 0.00561430847238 0.00382353761141 -0.00637972701446 0.0292724812839 -0.00107143742637 -0.00433356459471 0.00602548773198 -0.0118458371987 0.00709534902153 0.0044660557443 -0.00278835576708 0.00476165856072 0.00481491416939 0.00313102931543 -0.00381319701627 0.00731344501276 0.01866936918 0.14968675334 -0.00907451284887 0.00928199224932 0.0107722618179 -0.0137200597405 0.00384853447496 0.000996326443746 0.0148111056881 -0.00417737409163 0.0341184727795 0.00154029394551 0.0109317780695 0.0119033422218 0.0226868814971 0.0103166633383 0.00725536131483 -0.00504890359752 0.0137692650377 0.00148820850748 0.0106754874631 0.00768572945628 0.0274296649955 0.00264985602401 0.0193790322292 0.00658005797797 0.00650980336393 0.00411671697993 0.00416273741335 0.00983016671913 -0.000694413572569 0.00720444327443 0.00271895467099 0.00718417258206 0.0141055922513 0.0143182720235 0.0255380955589 0.0245252577791 0.00168335809368 -0.00260178596744 0.00376443408418 -0.00340548920619 
0.00358567429306 -0.0211239844922 0.00319855352241 0.0409274138779 0.00874515982858 0.0442276970009 0.00994665840509 0.000897533458816 -0.0124035199316 0.0719193272262 0.0213390080346 0.00265883990148 -0.00126139925948 0.0350110996164 0.000360684895218 -0.00816428552944 0.0131746664033 -0.0157171700849 0.00700767178935 -0.00907451284887 0.427334605074 0.0126438534591 0.0129611997734 0.0329982528886 0.011746174059 0.00707202149779 0.0385639755684 -0.0102626209351 0.0638267650774 0.0639306691057 -0.00970390984206 0.0420076050284 -0.018019957439 0.0175396091857 -0.0164381678255 -0.0175485329792 0.041774732088 0.011664575528 0.00438877004358 0.0299297258291 0.0168085388524 0.0261107070093 0.0014561422084 -0.0102738615417 0.000359173241842 0.00624847213521 0.0323285040985 0.0613616408922 0.0107146949706 0.0290749129399 0.0159550842481 -0.0081485983597 -0.0275924797097 0.0148868497763 0.0266505401069 0.00193338399808 0.0265157414366 0.0115745148018 0.0319841602824 -0.00481949294725 
0.00788715414535 0.00248483094847 -0.00508283061598 0.0426895752778 -0.0128990103621 0.0280039420731 0.00229647417624 0.00459500213175 0.00493744148666 0.0662430106265 0.0103026845627 0.025327172757 0.00297210420463 0.026342867896 0.00824963818191 0.00793747411107 0.00122477227473 0.0176264697092 0.0122870700461 0.00928199224932 0.0126438534591 0.202337551296 -0.00721917479371 0.0297618332504 0.00364320851421 0.00551124551092 -0.00772356168317 0.00207728301219 -0.0355741926561 0.0197716267149 0.00241145670317 0.00842858004227 0.00892812118902 0.0453274177228 0.0116537905498 0.0127515801154 0.0495050958071 0.00857019542307 0.0160531971139 0.0149230287102 0.0450347393237 -0.016294515199 0.00211669142768 0.00762359128444 -0.00375734452143 0.00232833893324 0.0509294262192 0.0193139967383 0.0266991141203 0.0432149430399 0.0246655651879 0.000503443607427 0.0256327317858 -0.00272698159284 0.00862857928283 0.0155795214937 0.0100358762007 0.00654969922507 0.0264082426577 0.00422457393181 
-0.000151930198085 0.0140148615832 0.0218140411544 0.0145472925618 0.0181828837236 0.0262837587911 0.0119383491604 0.00744540700093 0.00158300014745 0.0056220452057 0.0153824254081 0.0152957208903 0.00591887221872 0.00301662289709 0.00795390119455 -0.00184733316832 0.00656605501791 0.00434532694393 0.034204996063 0.0107722618179 0.0129611997734 -0.00721917479371 0.136507380138 0.000420822261648 0.0154832499646 0.0349022596911 -0.00192524585473 -0.00103119903496 -0.0134759105571 0.0167700951088 0.0179895797372 0.0166603407989 -0.00457532695997 0.000992870277223 -0.00279820905673 0.0047473355439 0.00321873771337 0.0190164663456 -0.000653388014842 0.00598281243478 0.000136259965524 0.0101362487786 0.0100804801597 0.00811126128011 0.00789043244242 0.0114442772452 0.00645081434697 0.0117671319341 0.012567792182 0.0185726098604 0.0147913065302 0.00189831643217 0.00764670835711 0.0188082024011 0.0243328752809 -0.000772433516664 0.00259539098291 0.00446189721229 -0.000462555282391 0.00802658692646 
0.00615322954568 0.00997644568098 0.00939543484849 0.00603593286233 0.0107930912654 0.00616195253125 -3.24951721781e-05 0.00979181936415 0.000554701659856 0.0324689712932 0.0153977431245 0.0181258553823 0.00320172707744 0.00851105076473 -0.000798146394649 0.00464482915806 0.0325074571988 0.0221063291499 -0.0123927991063 -0.0137200597405 0.0329982528886 0.0297618332504 0.000420822261648 0.348667175211 0.0291401956357 -0.00535886600928 0.00827054349077 -0.00742875176889 0.0363249997368 0.0265326343965 0.0292646586831 0.0140247943151 0.00489235379117 0.0206593941547 -0.00282395664548 0.00295671206765 0.0106909354692 0.00648470250228 0.0309889235244 -0.00617879867341 -0.0115653805455 0.0291023651578 0.00729632827092 -0.0286385293348 -0.00358010856187 -0.00837252609092 -0.000108749873365 0.0124042850869 0.0201408323352 0.0128061839893 0.00355302462418 0.0207063765088 -0.00386156425402 -0.00585659811402 0.0246411250715 -0.000538324381589 0.0165483964835 0.0224889370024 0.0143105558738 0.0178862187752 
-0.0113442112221 0.0298438863846 0.0154346089216 -0.00863651624031 0.010807741949 0.0140449774804 -0.00314414532847 0.0173817284194 0.00257523508779 -0.0146300611988 0.00057360759495 0.00904670286533 0.0181312143177 -0.004486489937 0.0407956340835 0.00483932020827 0.0134266176401 0.0185224469035 0.0195355020863 0.00384853447496 0.011746174059 0.00364320851421 0.0154832499646 0.0291401956357 0.208794697992 0.0052198826166 0.0193856798073 0.00990013724968 0.00640732703895 0.0110561960216 0.0243792821062 0.0371151057119 -0.00873685788537 0.0256417023041 -0.0025973053419 -0.0169931151072 0.0259526858106 -0.0144278914589 -0.000660746457503 0.0159776634354 -0.0123497507289 0.0296194663954 -0.00574423345156 0.00915869635332 0.0109911397469 0.00461610999211 0.000303311646799 0.0203278695163 0.0438167243918 0.00639494877538 -0.000130413161141 0.0179778225695 0.00700303241073 0.00832710483346 0.00635176028248 0.0254441629328 4.58473481862e-06 0.00524468725952 0.0253705707026 0.0213059642193 
0.00420668687987 -0.00814004683349 0.00236594488286 0.00297430717748 -0.00128822515865 -0.0221705056388 -0.0100406366762 0.00772426786767 0.0143969976286 -0.0064079579808 0.00862961591278 0.0384536500462 0.00972153882959 -0.00155302071776 0.0173293559014 -0.0295080825136 0.0203936865822 0.0225445057205 0.0325223472503 0.000996326443746 0.00707202149779 0.00551124551092 0.0349022596911 -0.00535886600928 0.0052198826166 0.549983008089 0.00527644187252 -0.00879830462092 0.00987930407094 -8.01767415896e-05 -0.00644208878752 0.00547858245671 0.00697194274542 0.0187819843475 0.00203773404146 0.00821950783114 0.00543195405501 -0.0245457399983 0.0669012837315 0.00800523488901 -0.0165970039508 -0.0104730661453 0.0145785430222 -0.000379600774493 0.0318481621626 0.0145963470934 0.00121833499768 -0.00416077271736 0.0521403126778 -0.0017833426819 0.0354939695971 0.0350981831446 0.0074053843972 0.0264610877546 0.119573241326 -0.00175801417508 0.0455882543053 -0.0088456362841 -0.0103783094003 0.00951839179923 
-0.00298259607964 0.0171200673031 0.0224416118839 0.00193590945831 0.0137242870838 0.00365747619556 0.00230049933054 -0.000196341863258 -0.00597487492867 0.0286177996552 0.0228535181141 0.0169003131236 0.0194748866215 0.022989933111 0.0121724795981 0.0126849469586 0.00680105287237 0.00344004629977 0.0226176156896 0.0148111056881 0.0385639755684 -0.00772356168317 -0.00192524585473 0.00827054349077 0.0193856798073 0.00527644187252 0.179321845273 0.0113640154696 0.0239652877176 0.0212599850813 -0.00503014050965 0.0426920977596 0.017939229792 0.00421448957598 0.0161180775113 0.0221838704612 0.00694344397507 0.00713390174348 0.0284727979642 0.00698471299087 -0.0117595432575 0.00839511712997 0.0236221993263 0.0124961666685 0.0106814018855 0.0229844054568 0.00348092025064 0.0353639594469 0.0250454274011 -0.000374406195727 0.0154997665922 0.0014931438219 -0.00779590872759 0.0196099547732 0.00381267548055 0.016308027285 0.0125720385248 0.00183136934533 0.0530796041816 0.00790932170592 
0.0174971835716 0.0257817600104 0.00453274990891 -0.00224843518408 0.0096513189373 0.0130306468908 0.010442517867 0.00543274775721 0.000545225102918 0.00282353451421 0.00280160705294 0.0140448688715 0.00619483643377 0.0104988125121 0.00868441257091 0.0173872534736 0.00183427563224 0.0175119423921 0.0145583343236 -0.00417737409163 -0.0102626209351 0.00207728301219 -0.00103119903496 -0.00742875176889 0.00990013724968 -0.00879830462092 0.0113640154696 0.237660200293 0.0201417027142 0.00697442067529 0.00546553739509 0.00202740025768 -0.0238273587382 -0.000869048752067 -0.00207712984513 -0.0112258590492 0.0162970182408 -0.00674842395796 -0.0107433232288 -0.0056602431132 -0.0114733747173 0.0160888346384 0.00890784751543 0.00740804497797 -0.0115774427909 0.0112793268289 0.015057666954 -0.00014565034435 0.00896082024478 0.0118149616562 0.00976865120733 0.0244062406824 -0.00550122964205 0.0191331747855 0.00905393007923 0.0037071930332 0.0113625072951 0.0239254125712 -0.00521014517276 -0.00667774410633 
-0.001486664325 -0.00446393827391 0.026044933336 0.0229901157632 -0.0124535886679 0.0129235613343 0.028933292846 -0.00174213777043 -0.000573139452529 0.0170746486626 0.00427437861325 -0.0208832866722 -0.0260589120306 0.00366676484213 0.018744003594 -0.000858472815469 0.0025678868821 0.0124176785421 -0.00191533920841 0.0341184727795 0.0638267650774 -0.0355741926561 -0.0134759105571 0.0363249997368 0.00640732703895 0.00987930407094 0.0239652877176 0.0201417027142 1.25201765644 0.0303816149992 0.0358256585473 0.0579308655908 0.0105230907945 0.0804184545628 0.0252639317834 -0.00569008570673 0.0403009138022 0.00696703973019 -0.00788702266016 0.00661570755515 0.00210137628416 0.0392318357975 -0.00608699453237 0.0219135617637 0.0223540255619 0.0111580089706 0.0272916374429 -0.000490534860247 0.0117695980261 -0.0121079391024 -0.00517572301386 0.00679924605829 0.000464166341795 0.0269684476239 0.00831767878657 0.0332926924662 0.0411634768594 0.0300690724678 -0.017708698469 0.030273824904 
0.00493555992367 0.0528522979764 0.0263997165161 0.0507384953199 0.0326384806402 0.0637458031896 0.0363056028872 0.0404636466408 0.0203594164542 0.0489089316248 0.0934237463435 0.0489195067219 0.0181872962745 0.0280274109152 0.00561811854647 0.00953846465685 0.0155714793593 0.0160218312293 0.0397902132612 0.00154029394551 0.0639306691057 0.0197716267149 0.0167700951088 0.0265326343965 0.0110561960216 -8.01767415897e-05 0.0212599850813 0.00697442067529 0.0303816149992 0.407820092857 0.0267600514103 0.189134998771 0.0203419839885 0.0880756698404 0.0228547578005 0.0165420290069 0.0250821054125 0.02066605403 0.0158889277831 0.00713311049436 0.0184158512919 0.0355664235288 0.00860037481026 0.0216749573535 0.0716207259846 0.0149063962356 0.0119652660064 0.0492600705172 0.0603226482886 0.0235610106222 0.0278163250188 0.037241562148 0.0207038916588 0.0340155623438 0.017821989651 0.064814480349 0.03580422003 -0.0107161517579 0.026810829176 0.0193161346181 
-0.0264379147702 0.000653379635338 0.0226026128499 0.00770253417056 0.0244080650837 0.0188585832515 -0.0145452225837 0.0182587461201 0.00110410656498 0.0169507464208 0.0173005064223 0.00275153045351 -0.0093189560025 -0.00121077681509 0.0104369975534 -0.0131175326188 -0.00642954654475 0.0203028846083 0.0101856667358 0.0109317780695 -0.00970390984206 0.00241145670317 0.0179895797372 0.0292646586831 0.0243792821062 -0.00644208878752 -0.00503014050965 0.00546553739509 0.0358256585473 0.0267600514103 0.135571775295 0.0291410491705 0.00337056796772 0.0106466998336 -0.0109465289024 0.000186553371977 0.0189575317991 0.0222227635032 -0.00402176970501 0.00507675068793 -0.00464570950811 0.00882750953318 -0.000432557180422 0.00458650395813 0.000422638841035 0.000439439175301 0.0045381161943 0.00768200571289 0.0212826333977 0.00273033831679 0.00126252549814 0.00515691428507 0.0219462471258 -0.00304488547444 -0.00632022856825 0.00454783290453 0.00500280045499 0.0107517956008 0.00551833873862 0.0126073358418 
0.0330536198363 0.0637830622363 0.0442753828817 0.000801664597509 0.0288576005608 0.0374813493413 0.0297766317622 0.0514325812699 0.0141664366443 0.0416879248168 0.0777252577395 0.0280289178478 0.0238233647544 0.0232723399399 0.0351198793738 0.00515091650833 0.0314150314881 0.0109910368344 0.046426633935 0.0119033422218 0.0420076050284 0.00842858004227 0.0166603407989 0.0140247943151 0.0371151057119 0.00547858245671 0.0426920977596 0.00202740025768 0.0579308655908 0.189134998771 0.0291410491705 0.40625943027 0.0242887241804 0.0284550570834 -0.00246103129153 0.0371324430118 0.0285938741678 0.0209868461648 -0.00312534747304 0.0340439820802 0.0112027899324 0.000326248470859 0.00809438266169 0.0118555936696 0.0496262045925 0.00828515202303 -0.00075690198554 0.0238907888802 0.0483254366323 0.0154523420924 0.0320790971967 0.0597620912599 0.0262297545586 0.0275277915943 -0.00406241566417 0.0289945098498 0.0371318593937 -0.000668725468767 0.059100806382 0.0144143770228 
0.0148576253849 0.040254083339 0.0105597291783 0.0223730980476 0.0508510384902 -0.00368206456528 0.00807193344572 0.0154075962047 0.0157382539409 -0.00531567274937 0.00377650549784 0.0389379682929 0.0161806175884 0.0114078118262 0.0101274973518 -0.0040347129298 0.0260496351077 0.00351523156557 0.0290539072649 0.0226868814971 -0.018019957439 0.00892812118902 -0.00457532695997 0.00489235379117 -0.00873685788537 0.00697194274542 0.017939229792 -0.0238273587382 0.0105230907945 0.0203419839885 0.00337056796772 0.0242887241804 0.314669198881 0.0229726446766 -0.00182803454076 0.00407059617372 0.0171662215034 -0.0179565637273 0.0351004095554 0.00317277784908 0.00615374221851 0.0328810051872 -0.00382713796067 0.0155431393048 0.0126556265216 0.0187346271468 -0.00702300229291 0.000854034147467 -0.00304017071256 0.0012093659307 0.00381294221206 -0.00903392232773 0.0178314266795 -0.00580046691366 -0.00638273626859 0.0921673647704 0.0149873114073 0.00934982255593 0.0162582781531 0.017254552759 
0.0162429785219 0.0277388957457 0.0303868718182 0.0315867528073 0.0220700831871 0.0428738993359 0.0286857593505 -0.00554963589695 0.0201159239661 -0.0115493794719 0.0344554213462 0.0512619537526 -0.006631522418 0.0149500670008 0.00283506356478 -0.0082127579735 0.0333374466932 -0.00316858858827 0.0162363818272 0.0103166633383 0.0175396091857 0.0453274177228 0.000992870277222 0.0206593941547 0.0256417023041 0.0187819843475 0.00421448957598 -0.000869048752067 0.0804184545628 0.0880756698404 0.0106466998336 0.0284550570834 0.0229726446766 0.371955576151 0.0117083121353 0.0283065584801 0.0180259087329 0.0292602794394 0.0184719728694 0.0127932758367 0.0113717991395 0.0102096036915 -0.00723562732445 0.0140125181273 0.0589777949326 0.00934790977421 0.0247134958225 0.00646894937515 0.012338850427 0.00407187193458 0.0219463885046 0.0305912422293 0.0286785820301 0.0361899015137 0.0011489962426 0.0615101682215 0.0331411246857 0.0209334822093 0.0304185563014 0.0156665574456 
0.000748952361547 0.0115506801771 0.0133710058525 0.00594639375044 -0.00159948984578 -0.00496173332052 -0.00774797048941 -0.00285241106982 0.027204881613 0.00615814417038 0.0168406787014 0.0204447521161 -0.00661249042591 -0.00377186799714 -0.000214780138558 -0.00172792227916 0.00249686393535 0.0197819862109 0.0237539047823 0.00725536131483 -0.0164381678255 0.0116537905498 -0.00279820905673 -0.00282395664548 -0.0025973053419 0.00203773404146 0.0161180775113 -0.00207712984513 0.0252639317834 0.0228547578005 -0.0109465289024 -0.00246103129153 -0.00182803454076 0.0117083121353 0.236986206155 -0.00940635383418 0.0111397336934 0.0119738027036 0.0249686519153 0.0171789143997 0.0192664848467 0.00743093529462 0.0267665245076 0.0156759026013 0.00453586801661 0.0154041565022 0.0105269285052 0.0170004986836 -0.0101392508674 0.0123675602224 0.0108737679403 0.0446320367746 0.0234919489931 0.0237025951364 -0.0154203771667 0.0221682853299 0.0188990200968 0.00963493663491 0.00849876163969 0.0140141976032 
0.0213378321584 0.0262699471742 0.0133653105449 0.0212264109731 0.0110496593618 0.0113717665692 0.016111127357 0.00841355327776 -0.0117421348651 0.00425386067022 -0.00351543252102 -0.00919125589674 0.0285639477359 0.00775102129286 0.00281770140962 0.00335546170232 0.0131523865876 0.000656489084914 0.0135716073028 -0.00504890359752 -0.0175485329792 0.0127515801154 0.0047473355439 0.00295671206765 -0.0169931151072 0.00821950783113 0.0221838704612 -0.0112258590492 -0.00569008570673 0.0165420290069 0.000186553371977 0.0371324430118 0.00407059617372 0.0283065584801 -0.00940635383418 0.63127238873 0.0106031882845 -0.00730819369883 0.0194751314251 0.00198367413183 0.0151118515034 0.00197612793612 -0.0215277901633 -0.00346666514256 0.00595789787455 0.00997168040944 0.000157514076676 0.0167326432375 0.00932926800229 0.0045702937981 0.0325120854146 -0.00289830637579 0.0282995538008 0.0181939532483 0.0253524110745 0.0164265718179 0.0321014598672 0.00225069280328 0.02136445735 0.00965551261196 
-0.00631671276373 0.0186681553691 0.00268779629323 0.00538510699615 0.0116579947874 0.0356350550295 0.0225732387269 0.0606168883426 0.0284673660395 0.0130789899374 0.00429120375015 0.0122309251564 0.00288504795903 0.0165211008692 0.00996168230276 0.0182191100818 0.0289369753876 0.0154361048414 0.010876932496 0.0137692650377 0.041774732088 0.0495050958071 0.00321873771337 0.0106909354692 0.0259526858106 0.00543195405501 0.00694344397507 0.0162970182408 0.0403009138022 0.0250821054125 0.0189575317991 0.0285938741678 0.0171662215034 0.0180259087329 0.0111397336934 0.0106031882845 0.260187861677 0.0215296851238 0.027859681717 0.0153163106237 0.0192511317067 0.0326794011699 0.0018957808914 0.0305152332792 0.0208470612681 0.0231020112987 0.0380591476719 0.0122862661441 -9.15867124497e-05 0.0088096426126 0.0261074310339 0.0449847939572 0.0218345423418 0.00845544956037 0.0121227251938 0.0204884220117 0.0201296743747 0.0440458424101 0.0418563832882 0.000729676067798 
0.022181912778 -0.013963201165 0.00685773771718 0.0125606782662 0.00126201461116 0.0120683486339 0.011413679795 0.0419706031026 0.0121827779631 0.00593660640115 0.00959780397908 0.0297369649018 0.0050925072368 0.0146112440962 -1.47524124437e-05 -0.00753324719916 0.0259097572056 0.00361287187715 0.0091169400839 0.00148820850748 0.011664575528 0.00857019542307 0.0190164663456 0.00648470250228 -0.0144278914589 -0.0245457399983 0.00713390174348 -0.00674842395796 0.00696703973019 0.02066605403 0.0222227635032 0.0209868461648 -0.0179565637273 0.0292602794394 0.0119738027036 -0.00730819369883 0.0215296851238 0.291492568988 0.049055091522 0.0271501732429 0.008357010749 0.0316439075413 0.0101594546728 0.00929467279672 -0.00170862372032 0.0125226677494 0.0221945041546 0.00603925005196 0.0378217446271 0.0239385251374 0.00700633578567 0.0497568761697 0.0092101687241 0.0166779265456 0.024426715197 0.00118737766819 0.025579604034 -0.0109660388014 0.0287805125052 0.000177461363267 
0.0363959656289 -0.0104881793457 -0.00744667027953 0.0239316847613 -0.0050739882686 0.0071867610508 0.0106258644319 -0.00796033543728 0.0114278504651 0.0216357356552 -0.0144008639541 -0.00565181073347 0.0497222771135 0.00171873089661 -0.00223625969788 0.0424976944467 0.068805727154 -0.00487275394228 0.00554591240282 0.0106754874631 0.00438877004358 0.0160531971139 -0.000653388014842 0.0309889235244 -0.000660746457503 0.0669012837315 0.0284727979642 -0.0107433232288 -0.00788702266016 0.0158889277831 -0.00402176970501 -0.00312534747304 0.0351004095554 0.0184719728694 0.0249686519153 0.0194751314251 0.027859681717 0.049055091522 0.472232168881 0.00701950940792 0.0241234321028 0.0139774397404 0.0049904230889 -0.0064632698044 0.0164878352719 0.0235433767628 0.0147186893486 0.0170329992669 0.0317881779677 0.0068268103922 0.00684370916241 0.00373351645622 -0.00657159495223 -0.00736615163801 0.0391163419624 0.0677001765349 0.00850770101626 0.00557708897575 0.0256127308965 0.0237364096103 
