30
-0.00953493093171 0.073470583658 0.0637387331612 0.0194782181544 0.0900156737744 0.0593939882808 0.105790500039 0.0136100125143 0.00610402508206 0.0206658862902 0.0621428512979 0.0695206157777 0.105790735219 0.0451759103614 0.0946597506959 0.0766259396051 0.0423549004831 0.0797862135264 0.0283013122104 0.121962687623 0.0916953774684 0.0307338128464 0.0506132512338 0.0905877796438 0.11775000089 0.0453963667668 0.0216083944488 0.0146303634135 0.0755027876102 0.0678408515538 
0.221816661285 0.006380053243 0.0179615433329 0.0201582100378 0.00855214452027 0.0215792131316 0.0425308205369 0.00464737160194 0.0220126146176 0.00398356821316 0.00577169342846 0.0240906731108 0.0104514891343 0.0408541797593 -0.0180660195297 0.0213825182099 -0.00213294084661 0.0145082172461 0.00509272124271 -0.0239286695862 0.0427609730469 0.0133014789198 0.0163632987972 0.0192544549393 0.0222694918378 0.002770613671 -0.00343738957544 0.0237380064347 -0.00102892863879 0.0147720029818 
0.006380053243 0.465847687807 0.0775409099378 0.0389101737143 0.0213218336442 0.0157892237191 -0.0138007373276 0.00374332677706 0.0329790417732 0.0364130663443 0.0351012740792 0.00275978957088 0.0129518626504 0.0122434997874 0.0140956026861 0.00392102894165 0.0335284144086 0.00260393072422 -0.00894208139812 0.100595313865 0.0220221222201 0.0200570862537 0.021338872339 0.0217238282551 0.0452824237039 -0.0160427250421 0.00815043339524 0.027891612751 0.0545986756001 0.0018287542169 
0.0179615433329 0.0775409099378 0.439317457941 -0.000750377177583 0.0120000215133 0.00893786743346 0.0102502514087 -0.0158040765969 -0.0121833917263 0.0362649863985 0.0229499436626 0.00189503084686 0.0160328906716 0.0105851236179 0.0276700377709 0.00282215544566 -0.0112371240973 -0.0126041762453 0.0136508650799 0.0957353369808 0.0767107027249 -0.00611105440922 0.00317133796523 0.045045488859 0.0301946020124 0.0126668060919 -0.0205346137477 0.000103771824091 -0.0197410110089 0.000917321354683 
0.0201582100378 0.0389101737143 -0.000750377177583 0.159535360101 0.0234986519286 0.0279759387953 0.0221181925412 -0.000284811308108 0.0302300623923 0.0304281227324 0.0314783915319 -0.00209594207914 0.0195908074179 0.0159920759552 0.00732214083562 0.0412747870562 0.0163535781989 0.0363609620245 -1.91775181037e-05 0.0153060825567 0.0541219751026 0.0171237199923 0.0608031212498 0.0249722857203 0.0506523702843 0.010354627086 0.0388165356199 0.00884515773431 0.0102098998159 0.0203189151762 
0.00855214452027 0.0213218336442 0.0120000215133 0.0234986519286 0.237221425048 0.0106293449304 0.0237568331986 0.00302983525012 0.0321120752398 0.023720924996 0.0243574052306 -0.00745188601441 0.00195277998956 0.0121269790114 0.0154100150288 0.00230097031227 0.0164469270827 0.0121223419646 -0.00470031366718 0.00456308950206 0.067781919592 0.00499092204119 0.0196611857428 0.0200964553058 -0.039861330519 -0.00847496880895 0.0143237161585 -0.00521379908266 0.0294711350429 0.015726810457 
0.0215792131316 0.0157892237191 0.00893786743346 0.0279759387953 0.0106293449304 0.234842199912 -0.000826086108403 0.0178811418388 0.0141549268574 0.0261085789129 0.0139552964891 0.0166378243057 -0.000365412520909 0.0142961478819 0.0180968240093 0.0281236844133 -0.00134790429507 0.0233806582523 0.00467381419663 -0.000320233218125 0.0266791542353 0.00692517988737 0.0228516713 0.0400895417159 0.0239243043063 0.0137505923401 0.00627395299269 0.0164722329995 0.0156048908205 0.0186895743033 
0.0425308205369 -0.0138007373276 0.0102502514087 0.0221181925412 0.0237568331986 -0.000826086108403 0.548256106353 0.0145981006065 0.00793537351324 -0.00805164276408 0.00383444183501 -0.0185775875439 0.0192445470165 0.000232640390017 0.00357175956215 0.0343242425279 0.0374166212296 0.0307070335358 -0.00845562167297 0.0123409888292 0.0434299581309 0.0012640375025 0.0178760043793 0.00254840875886 0.00102619023875 -0.0184675712536 0.0310657286964 0.00934718796099 0.00604784499386 0.0149555713133 
0.00464737160194 0.00374332677706 -0.0158040765969 -0.000284811308108 0.00302983525012 0.0178811418388 0.0145981006065 0.160588510552 0.0209182359956 0.0186799731418 0.00763884311611 0.0137203403245 0.0101015144282 -0.000469431117453 0.0203708596083 0.0268624926575 0.0120641878081 0.0169807340971 0.0242236762117 0.0110282877676 -0.00366086876212 0.00762288246728 0.0156288248316 0.0128124367225 -0.00146830090399 0.00059358754105 0.00784085879566 0.00994260212614 -0.00226000190441 -0.00023227823735 
0.0220126146176 0.0329790417732 -0.0121833917263 0.0302300623923 0.0321120752398 0.0141549268574 0.00793537351324 0.0209182359956 0.167466395242 0.0318118038318 0.0176230137841 0.0123183686975 0.020139724775 0.0273061474505 -0.00202341958988 0.016695292781 0.0156061407463 0.0350038284763 0.0233385636034 0.0142537789434 0.0296435673606 0.00808064889449 0.0256831603816 -0.0106198729243 0.0694610987479 0.00709026174008 0.0188470256901 0.0176144292799 0.0452813096546 0.00519728180779 
0.00398356821316 0.0364130663443 0.0362649863985 0.0304281227324 0.023720924996 0.0261085789129 -0.00805164276408 0.0186799731418 0.0318118038318 0.209808311795 0.0351793735561 0.0257250368812 0.0371737477928 0.0217635303116 0.0170544738721 0.0206923954343 0.0134218892296 0.0315247869036 0.0222301971978 0.0310850500631 0.054378172724 0.0282337086746 0.0141994696642 0.0107676427238 0.10149163427 -0.00297822653219 0.0270178864752 0.0133229035267 0.0229775647974 0.0302008643813 
0.00577169342846 0.0351012740792 0.0229499436626 0.0314783915319 0.0243574052306 0.0139552964891 0.00383444183501 0.00763884311611 0.0176230137841 0.0351793735561 0.178460113138 -0.00843204819938 0.0300628093111 0.00882200211019 0.0134135152754 0.0277239672184 0.0119634888714 0.0234447182487 0.0249687249194 0.0211274185603 0.0317461875331 0.0214073511925 0.0366688508041 0.0151643307827 0.0524447933699 -0.00396722444624 0.0281916061522 0.0123986356263 0.0253217622631 0.0304795870768 
0.0240906731108 0.00275978957088 0.00189503084686 -0.00209594207914 -0.00745188601441 0.0166378243057 -0.0185775875439 0.0137203403245 0.0123183686975 0.0257250368812 -0.00843204819938 0.804793498433 0.0079429100793 -0.00542708341197 0.0137724756846 -0.00123241884513 0.0142258413096 0.088955389091 0.0170912843068 -0.00609045523983 0.0142982234532 0.0178664807795 0.0170539713406 0.00503324986849 -0.0347947703514 0.000654452791393 0.000210256283284 0.000361982087061 0.0249310006018 0.00392368352116 
0.0104514891343 0.0129518626504 0.0160328906716 0.0195908074179 0.00195277998956 -0.000365412520909 0.0192445470165 0.0101015144282 0.020139724775 0.0371737477928 0.0300628093111 0.0079429100793 0.358461398065 -0.042700595232 0.0317165702575 0.027450123627 0.0118567363313 0.0156599707656 0.0109221301982 0.0245110900759 0.0336344996555 0.0117455475275 0.0218798700018 0.0443114090118 0.0245364529912 0.0213740386401 0.0190992124172 0.0113458532658 -0.0401164510408 0.0237567287486 
0.0408541797593 0.0122434997874 0.0105851236179 0.0159920759552 0.0121269790114 0.0142961478819 0.000232640390017 -0.000469431117453 0.0273061474505 0.0217635303116 0.00882200211019 -0.00542708341197 -0.042700595232 0.375060159236 0.024226242368 0.0309108268492 -0.00122655484048 0.01752994536 0.000505461352746 0.0281019341373 0.0762865100217 0.011355810001 0.0101704642806 0.0310884358055 0.0415898548655 0.0317077726873 0.00986068108832 0.00856610376298 0.0219346014978 0.0236293126872 
-0.0180660195297 0.0140956026861 0.0276700377709 0.00732214083562 0.0154100150288 0.0180968240093 0.00357175956215 0.0203708596083 -0.00202341958988 0.0170544738721 0.0134135152754 0.0137724756846 0.0317165702575 0.024226242368 0.459863631972 0.0176381398478 -0.00211310771414 0.00716814763971 0.020640086457 0.0168395604394 0.0507319997692 0.00419447186488 0.0232877884632 0.051207814543 0.000378700241353 -0.00113353002693 0.00237590932323 0.0230930235027 0.0453173679247 0.0269385482826 
0.0213825182099 0.00392102894165 0.00282215544566 0.0412747870562 0.00230097031227 0.0281236844133 0.0343242425279 0.0268624926575 0.016695292781 0.0206923954343 0.0277239672184 -0.00123241884513 0.027450123627 0.0309108268492 0.0176381398478 0.258594527006 0.00013031659366 0.0220408326851 0.0137506005585 0.040320229705 0.0648333576174 0.018374702462 0.0307874353101 0.0114668805473 0.033361251855 0.01759580345 0.0325759300217 0.0114953990212 0.0102854172223 0.00733174912672 
-0.00213294084661 0.0335284144086 -0.0112371240973 0.0163535781989 0.0164469270827 -0.00134790429507 0.0374166212296 0.0120641878081 0.0156061407463 0.0134218892296 0.0119634888714 0.0142258413096 0.0118567363313 -0.00122655484048 -0.00211310771414 0.00013031659366 0.221216710309 0.0345810160525 -0.00506339189247 0.0085241858708 -0.0111238892019 0.0113841383376 -0.00523405895365 0.0177400708973 0.0424581043476 -0.0113440886235 0.00908173061166 0.0112846531425 0.0146035283397 -0.0130022714331 
0.0145082172461 0.00260393072422 -0.0126041762453 0.0363609620245 0.0121223419646 0.0233806582523 0.0307070335358 0.0169807340971 0.0350038284763 0.0315247869036 0.0234447182487 0.088955389091 0.0156599707656 0.01752994536 0.00716814763971 0.0220408326851 0.0345810160525 0.225008236053 0.0175793226635 0.022107998571 0.038712783011 -0.00589794252964 0.0402295484045 0.0155510827738 0.0276495939159 -0.00737500155718 0.0277815864271 0.00758523453342 0.019935228206 0.00749501773107 
0.00509272124271 -0.00894208139812 0.0136508650799 -1.91775181037e-05 -0.00470031366718 0.00467381419663 -0.00845562167297 0.0242236762117 0.0233385636034 0.0222301971978 0.0249687249194 0.0170912843068 0.0109221301982 0.000505461352746 0.020640086457 0.0137506005585 -0.00506339189247 0.0175793226635 0.207955011778 0.0125583375796 0.0114017232545 0.0343197849327 0.0328747409657 0.00599551495606 -0.0250668210746 0.00785809776316 0.00555673926891 0.00936773336922 -0.0362836900971 0.0135171550779 
-0.0239286695862 0.100595313865 0.0957353369808 0.0153060825567 0.00456308950206 -0.000320233218126 0.0123409888292 0.0110282877676 0.0142537789434 0.0310850500631 0.0211274185603 -0.00609045523983 0.0245110900759 0.0281019341373 0.0168395604394 0.040320229705 0.0085241858708 0.022107998571 0.0125583375796 0.438935947186 0.0674310919235 0.0179442028727 0.00329802733965 0.0191687068849 0.0415264473647 0.0110289800913 -0.00258338873844 -0.000752151748344 -0.012197401299 -0.00271734417024 
0.0427609730469 0.0220221222201 0.0767107027249 0.0541219751026 0.067781919592 0.0266791542353 0.0434299581309 -0.00366086876212 0.0296435673606 0.054378172724 0.0317461875331 0.0142982234532 0.0336344996555 0.0762865100217 0.0507319997692 0.0648333576174 -0.0111238892019 0.038712783011 0.0114017232545 0.0674310919235 0.513656955329 0.0154641747114 0.0402696484536 0.060699447714 0.0176756114599 0.0320935922094 0.00897967786357 0.0123546314509 0.0223433789285 0.0582468389691 
0.0133014789198 0.0200570862537 -0.00611105440922 0.0171237199923 0.00499092204119 0.00692517988737 0.0012640375025 0.00762288246728 0.00808064889449 0.0282337086746 0.0214073511925 0.0178664807795 0.0117455475275 0.011355810001 0.00419447186488 0.018374702462 0.0113841383376 -0.00589794252964 0.0343197849327 0.0179442028727 0.0154641747114 0.175473293925 0.0127048955432 0.0166266553758 0.0438851514884 -0.0132301742587 0.00325239433188 0.0134400004333 -0.00205891086007 0.0239676389529 
0.0163632987972 0.021338872339 0.00317133796523 0.0608031212498 0.0196611857428 0.0228516713 0.0178760043793 0.0156288248316 0.0256831603816 0.0141994696642 0.0366688508041 0.0170539713406 0.0218798700018 0.0101704642806 0.0232877884632 0.0307874353101 -0.00523405895365 0.0402295484045 0.0328747409657 0.00329802733965 0.0402696484536 0.0127048955432 0.149664312042 0.00329529072419 0.017773797294 0.0109531232453 0.034233774083 0.0162392363024 0.00367159941437 0.020530848115 
0.0192544549393 0.0217238282551 0.045045488859 0.0249722857203 0.0200964553058 0.0400895417159 0.00254840875886 0.0128124367225 -0.0106198729243 0.0107676427238 0.0151643307827 0.00503324986849 0.0443114090118 0.0310884358055 0.051207814543 0.0114668805473 0.0177400708973 0.0155510827738 0.00599551495606 0.0191687068849 0.060699447714 0.0166266553758 0.00329529072419 0.443761805827 0.0100118484814 0.0156947527649 0.0200946538131 0.027150651104 0.0115095475414 0.0513906176126 
0.0222694918378 0.0452824237039 0.0301946020124 0.0506523702843 -0.039861330519 0.0239243043063 0.00102619023875 -0.00146830090399 0.0694610987479 0.10149163427 0.0524447933699 -0.0347947703514 0.0245364529912 0.0415898548655 0.000378700241353 0.033361251855 0.0424581043476 0.0276495939159 -0.0250668210746 0.0415264473647 0.0176756114599 0.0438851514884 0.017773797294 0.0100118484814 0.892789627694 0.02495666744 0.00652981713183 0.0390711056963 7.20430168935e-05 0.0555003285977 
0.002770613671 -0.0160427250421 0.0126668060919 0.010354627086 -0.00847496880895 0.0137505923401 -0.0184675712536 0.00059358754105 0.00709026174008 -0.00297822653219 -0.00396722444624 0.000654452791393 0.0213740386401 0.0317077726873 -0.00113353002693 0.01759580345 -0.0113440886235 -0.00737500155718 0.00785809776316 0.0110289800913 0.0320935922094 -0.0132301742587 0.0109531232453 0.0156947527649 0.02495666744 0.374112498585 0.00186506401815 0.0210493498635 -0.0011076919593 0.00859353869079 
-0.00343738957544 0.00815043339524 -0.0205346137477 0.0388165356199 0.0143237161585 0.00627395299269 0.0310657286964 0.00784085879566 0.0188470256901 0.0270178864752 0.0281916061522 0.000210256283284 0.0190992124172 0.00986068108832 0.00237590932323 0.0325759300217 0.00908173061166 0.0277815864271 0.00555673926891 -0.00258338873844 0.00897967786357 0.00325239433188 0.034233774083 0.0200946538131 0.00652981713183 0.00186506401815 0.265287522558 0.0213562012094 0.0268925206034 0.0238752929419 
0.0237380064347 0.027891612751 0.000103771824091 0.00884515773431 -0.00521379908266 0.0164722329995 0.00934718796099 0.00994260212614 0.0176144292799 0.0133229035267 0.0123986356263 0.000361982087061 0.0113458532658 0.00856610376298 0.0230930235027 0.0114953990212 0.0112846531425 0.00758523453342 0.00936773336922 -0.000752151748344 0.0123546314509 0.0134400004333 0.0162392363024 0.027150651104 0.0390711056963 0.0210493498635 0.0213562012094 0.158768987686 -0.0108546461221 0.0155001996671 
-0.00102892863879 0.0545986756001 -0.0197410110089 0.0102098998159 0.0294711350429 0.0156048908205 0.00604784499386 -0.00226000190441 0.0452813096546 0.0229775647974 0.0253217622631 0.0249310006018 -0.0401164510408 0.0219346014978 0.0453173679247 0.0102854172223 0.0146035283397 0.019935228206 -0.0362836900971 -0.012197401299 0.0223433789285 -0.00205891086007 0.00367159941437 0.0115095475414 7.20430168937e-05 -0.0011076919593 0.0268925206034 -0.0108546461221 0.732549470748 0.013040609253 
0.0147720029818 0.0018287542169 0.000917321354682 0.0203189151762 0.015726810457 0.0186895743033 0.0149555713133 -0.00023227823735 0.00519728180779 0.0302008643813 0.0304795870768 0.00392368352116 0.0237567287486 0.0236293126872 0.0269385482826 0.00733174912672 -0.0130022714331 0.00749501773107 0.0135171550779 -0.00271734417024 0.0582468389691 0.0239676389529 0.020530848115 0.0513906176126 0.0555003285977 0.00859353869079 0.0238752929419 0.0155001996671 0.013040609253 0.358267916499 
0.0192098863656 0.000552528818594 0.00155551528175 0.00174575219876 0.000740637441139 0.00186881467656 0.00368327710288 0.00040247418681 0.00190634834625 0.00034498712703 0.00049984331319 0.00208631349082 0.000905125509768 0.00353807575223 -0.0015645631858 0.00185178039666 -0.000184718095794 0.00125644846988 0.000441042597058 -0.00207228357404 0.00370320889491 0.00115194186524 0.00141710324481 0.00166748471134 0.00192859456609 0.000239942182316 -0.000297686669503 0.00205577166077 -8.91078339869e-05 0.0012792929847 
0.000552528818594 0.0403435931936 0.00671523978387 0.00336971989023 0.00184652495912 0.00136738688468 -0.00119517891167 0.00032418160836 0.0028560687968 0.00315346404839 0.00303985950578 0.000239004787748 0.00112166420815 0.00106031818471 0.00122071500078 0.000339571067244 0.00290364586265 0.000225507015687 -0.000774406965348 0.00871180973087 0.00190717172878 0.00173699462216 0.00184800055337 0.00188133871364 0.00392157292725 -0.00138934074324 0.000705848237213 0.00241548451949 0.00472838400826 0.000158374760912 
0.00155551528175 0.00671523978387 0.0380460078903 -6.49845698207e-05 0.00103923234765 0.000774042025303 0.000887697811507 -0.00136867318163 -0.00105511267392 0.0031406399489 0.00198752342273 0.000164114485433 0.00138848906177 0.000916698595526 0.00239629556333 0.000244405830937 -0.000973163493372 -0.00109155368222 0.00118219959429 0.00829092338652 0.00664334173019 -0.000529232836229 0.000274645924187 0.00390105376778 0.00261492923999 0.00109697758604 -0.00177834971624 8.98690358601e-06 -0.00170962170301 7.94423596589e-05 
0.00174575219876 0.00336971989023 -6.49845698207e-05 0.013816167465 0.00203504295248 0.00242278736914 0.00191549166265 -2.46653828107e-05 0.00261800019897 0.00263515272757 0.00272610867369 -0.00018151390854 0.00169661369046 0.00138495440365 0.000634115997374 0.00357450141265 0.0014162614163 0.00314895168192 -1.66082178593e-06 0.00132554563266 0.00468710053418 0.00148295765207 0.00526570476317 0.00216266338243 0.00438662394281 0.000896737010321 0.00336161059337 0.00076601312984 0.000884203261069 0.00175966967199 
0.000740637441139 0.00184652495912 0.00103923234765 0.00203504295248 0.0205439780413 0.00092052827353 0.00205740210634 0.000262391429588 0.00278098729259 0.00205429236478 0.00210941316999 -0.000645352259459 0.000169115707896 0.0010502271895 0.00133454644876 0.000199269874378 0.00142434566678 0.00104982560947 -0.000407059104153 0.000395175142853 0.00587008642839 0.000432226527598 0.00170270863218 0.00174040408209 -0.00345209248581 -0.000733953828484 0.00124047020699 -0.000451528245581 0.00255227516255 0.00136198173763 
0.00186881467656 0.00136738688468 0.000774042025303 0.00242278736914 0.00092052827353 0.0203379311005 -7.1541155559e-05 0.00154855230811 0.00122585262472 0.00226106925952 0.00120856412769 0.00144087785125 -3.16456525968e-05 0.0012380827242 0.00156723093199 0.00243558251499 -0.00011673193614 0.00202482440037 0.000404764182685 -2.77330102032e-05 0.00231048253193 0.000599738170824 0.00197901278647 0.0034718561552 0.00207190552971 0.00119083622836 0.000543340267382 0.00142653722346 0.00135142318738 0.00161856461326 
0.00368327710288 -0.00119517891167 0.000887697811507 0.00191549166265 0.00205740210634 -7.1541155559e-05 0.0474803715882 0.00126423259722 0.000687223505098 -0.000697292717589 0.000332072403845 -0.00160886627541 0.00166662666006 2.01472487701e-05 0.000309323451703 0.00297256659948 0.00324037445086 0.00265930711169 -0.000732278317358 0.00106876098339 0.00376114470266 0.00010946885885 0.00154810739106 0.00022069867244 8.88706815875e-05 -0.00159933858518 0.00269037102381 0.000809490222816 0.000523758740283 0.00129519046854 
0.00040247418681 0.00032418160836 -0.00136867318163 -2.46653828107e-05 0.000262391429588 0.00154855230811 0.00126423259722 0.0139073729694 0.00181157237746 0.00161773312828 0.000661543219408 0.00118821632696 0.000874816811148 -4.06539273041e-05 0.00176416819177 0.00232636010504 0.00104478931178 0.0014705747103 0.00209783189724 0.0009550777367 -0.000317040534792 0.000660160986673 0.00135349593355 0.00110958956861 -0.000127158588326 5.14061889919e-05 0.000679038290453 0.000861054602096 -0.000195721906182 -2.01158854291e-05 
0.00190634834625 0.0028560687968 -0.00105511267392 0.00261800019897 0.00278098729259 0.00122585262472 0.000687223505098 0.00181157237746 0.014503015256 0.00275498302585 0.00152619776283 0.00106680202252 0.00174415132804 0.00236478173716 -0.000175233276735 0.0014458547672 0.00135153143414 0.00303142046902 0.00202117889684 0.00123441346649 0.00256720823931 0.000699804722169 0.00222422693399 -0.000919707973737 0.00601550760904 0.000614034678639 0.00163220030334 0.00152545432295 0.00392147644775 0.000450097807617 
0.00034498712703 0.00315346404839 0.0031406399489 0.00263515272757 0.00205429236478 0.00226106925952 -0.000697292717589 0.00161773312828 0.00275498302585 0.018169932794 0.00304662311888 0.00222785354524 0.00321934099425 0.00188477701259 0.00147696076214 0.00179201401113 0.00116236970396 0.00273012663075 0.00192519155044 0.00269204430325 0.00470928789904 0.00244511089552 0.00122971014495 0.000932505213765 0.00878943335493 -0.00025792198351 0.00233981760441 0.00115379729063 0.00198991548316 0.00261547157704 
0.00049984331319 0.00303985950578 0.00198752342273 0.00272610867369 0.00210941316999 0.00120856412769 0.000332072403845 0.000661543219408 0.00152619776283 0.00304662311888 0.015455099154 -0.00073023679466 0.00260351565725 0.000764007793967 0.00116164449825 0.00240096599048 0.00103606852805 0.00203037215879 0.00216235500803 0.00182968811896 0.0027493004877 0.00185393099605 0.00317561563239 0.00131326956893 0.00454185233546 -0.000343571715296 0.00244146471013 0.00107375334246 0.00219292893884 0.00263960967053 
0.00208631349082 0.000239004787748 0.000164114485433 -0.00018151390854 -0.000645352259459 0.00144087785125 -0.00160886627541 0.00118821632696 0.00106680202252 0.00222785354524 -0.00073023679466 0.0696971614444 0.000687876190865 -0.000469999210323 0.00119273138158 -0.000106730602799 0.00123199399643 0.00770376267563 0.0014801486393 -0.00052744889583 0.00123826247395 0.00154728262312 0.00147691724163 0.000435892224971 -0.00301331550432 5.66772742924e-05 1.8208728263e-05 3.1348568311e-05 0.0021590879863 0.000339800960573 
0.000905125509768 0.00112166420815 0.00138848906177 0.00169661369046 0.000169115707896 -3.16456525968e-05 0.00166662666006 0.000874816811148 0.00174415132804 0.00321934099425 0.00260351565725 0.000687876190865 0.0310436677 -0.00369798002277 0.00274673555639 0.0023772504398 0.00102682348689 0.00135619325055 0.000945884221512 0.00212272266802 0.00291283311453 0.00101719425402 0.0018948523253 0.00383748058817 0.00212491916091 0.00185104604438 0.00165404031456 0.000982579715581 -0.0034741865711 0.00205739306071 
0.00353807575223 0.00106031818471 0.000916698595526 0.00138495440365 0.0010502271895 0.0012380827242 2.01472487701e-05 -4.06539273041e-05 0.00236478173716 0.00188477701259 0.000764007793967 -0.000469999210323 -0.00369798002277 0.0324811625846 0.00209805413289 0.00267695613034 -0.000106222765099 0.00151813780087 4.3774237211e-05 0.00243369888584 0.00660660556449 0.000983441994141 0.000880788043524 0.00269233751715 0.00360178708532 0.00274597366446 0.00085396003211 0.000741846347019 0.0018995922119 0.00204635850611 
-0.0015645631858 0.00122071500078 0.00239629556333 0.000634115997374 0.00133454644876 0.00156723093199 0.000309323451703 0.00176416819177 -0.000175233276735 0.00147696076214 0.00116164449825 0.00119273138158 0.00274673555639 0.00209805413289 0.0398253587564 0.00152750771837 -0.000183000496137 0.000620779795407 0.00178748392081 0.0014583487129 0.00439352005849 0.000363251919044 0.00201678164071 0.00443472682665 3.27964029431e-05 -9.81665799271e-05 0.000205759783101 0.00199991450036 0.00392459918554 0.00233294671538 
0.00185178039666 0.000339571067244 0.000244405830937 0.00357450141265 0.000199269874378 0.00243558251499 0.00297256659948 0.00232636010504 0.0014458547672 0.00179201401113 0.00240096599048 -0.000106730602799 0.0023772504398 0.00267695613034 0.00152750771837 0.0223949429667 1.12857480644e-05 0.00190879210259 0.00119083694009 0.0034918343211 0.00561473347093 0.0015912959119 0.00266627010959 0.000993060985611 0.00288916916085 0.00152384127877 0.00282115829507 0.000995530757901 0.0008907432603 0.000634948099791 
-0.000184718095794 0.00290364586265 -0.000973163493372 0.0014162614163 0.00142434566678 -0.00011673193614 0.00324037445086 0.00104478931178 0.00135153143414 0.00116236970396 0.00103606852805 0.00123199399643 0.00102682348689 -0.000106222765099 -0.000183000496137 1.12857480644e-05 0.0191579290869 0.00299480383901 -0.000438502600819 0.00073821615107 -0.000963357063773 0.000985895300056 -0.000453282801877 0.0015363352062 0.00367697969616 -0.000982426893071 0.000786500942002 0.000977279629429 0.0012647026527 -0.0011260297368 
0.00125644846988 0.000225507015687 -0.00109155368222 0.00314895168192 0.00104982560947 0.00202482440037 0.00265930711169 0.0014705747103 0.00303142046902 0.00273012663075 0.00203037215879 0.00770376267563 0.00135619325055 0.00151813780087 0.000620779795407 0.00190879210259 0.00299480383901 0.0194862848483 0.00152241400079 0.00191460883893 0.00335262535387 -0.000510776806073 0.00348398109011 0.00134676327384 0.00239452507355 -0.000638693870147 0.00240595596033 0.00065690057996 0.00172644140566 0.000649087575692 
0.000441042597058 -0.000774406965348 0.00118219959429 -1.66082178593e-06 -0.000407059104153 0.000404764182685 -0.000732278317358 0.00209783189724 0.00202117889684 0.00192519155044 0.00216235500803 0.0014801486393 0.000945884221512 4.3774237211e-05 0.00178748392081 0.00119083694009 -0.000438502600819 0.00152241400079 0.0180094323044 0.00108758393733 0.000987418198531 0.00297218056041 0.00284703608192 0.000519226826072 -0.00217085038427 0.000680531228832 0.000481227736908 0.000811269507362 -0.00314225973672 0.00117061996843 
-0.00207228357404 0.00871180973087 0.00829092338652 0.00132554563266 0.000395175142853 -2.77330102032e-05 0.00106876098339 0.0009550777367 0.00123441346649 0.00269204430325 0.00182968811896 -0.00052744889583 0.00212272266802 0.00243369888584 0.0014583487129 0.0034918343211 0.00073821615107 0.00191460883893 0.00108758393733 0.0380129680898 0.00583970386107 0.00155401355385 0.000285617545851 0.00166005871201 0.00359629583467 0.000955137693692 -0.000223728027534 -6.51382521567e-05 -0.00105632593851 -0.000235328908225 
0.00370320889491 0.00190717172878 0.00664334173019 0.00468710053418 0.00587008642839 0.00231048253193 0.00376114470266 -0.000317040534792 0.00256720823931 0.00470928789904 0.0027493004877 0.00123826247395 0.00291283311453 0.00660660556449 0.00439352005849 0.00561473347093 -0.000963357063773 0.00335262535387 0.000987418198531 0.00583970386107 0.0444839972145 0.00133923681486 0.00348745385623 0.0052567263716 0.00153075285517 0.0027793866152 0.000777662914765 0.00106994246908 0.00193499337584 0.00504432422374 
0.00115194186524 0.00173699462216 -0.000529232836229 0.00148295765207 0.000432226527598 0.000599738170824 0.00010946885885 0.000660160986673 0.000699804722169 0.00244511089552 0.00185393099605 0.00154728262312 0.00101719425402 0.000983441994141 0.000363251919044 0.0015912959119 0.000985895300056 -0.000510776806073 0.00297218056041 0.00155401355385 0.00133923681486 0.0151964330225 0.00110027622929 0.00143991059355 0.00380056560379 -0.00114576670045 0.000281665611453 0.00116393818022 -0.000178306910895 0.00207565842019 
0.00141710324481 0.00184800055337 0.000274645924187 0.00526570476317 0.00170270863218 0.00197901278647 0.00154810739106 0.00135349593355 0.00222422693399 0.00122971014495 0.00317561563239 0.00147691724163 0.0018948523253 0.000880788043524 0.00201678164071 0.00266627010959 -0.000453282801877 0.00348398109011 0.00284703608192 0.000285617545851 0.00348745385623 0.00110027622929 0.0129613096268 0.000285380548 0.00153925599784 0.000948568298121 0.00296473180233 0.00140635911759 0.000317969836536 0.00177802360288 
0.00166748471134 0.00188133871364 0.00390105376778 0.00216266338243 0.00174040408209 0.0034718561552 0.00022069867244 0.00110958956861 -0.000919707973737 0.000932505213765 0.00131326956893 0.000435892224971 0.00383748058817 0.00269233751715 0.00443472682665 0.000993060985611 0.0015363352062 0.00134676327384 0.000519226826072 0.00166005871201 0.0052567263716 0.00143991059355 0.000285380548 0.0384308997076 0.000867051512377 0.00135920546005 0.00174024806824 0.00235131535853 0.000996756055693 0.00445055803687 
0.00192859456609 0.00392157292725 0.00261492923999 0.00438662394281 -0.00345209248581 0.00207190552971 8.88706815875e-05 -0.000127158588326 0.00601550760904 0.00878943335493 0.00454185233546 -0.00301331550432 0.00212491916091 0.00360178708532 3.27964029431e-05 0.00288916916085 0.00367697969616 0.00239452507355 -0.00217085038427 0.00359629583467 0.00153075285517 0.00380056560379 0.00153925599784 0.000867051512377 0.0773178497818 0.00216131079968 0.000565498751823 0.0033836570087 6.2391082795e-06 0.0048064694484 
0.000239942182316 -0.00138934074324 0.00109697758604 0.000896737010321 -0.000733953828484 0.00119083622836 -0.00159933858518 5.14061889919e-05 0.000614034678639 -0.00025792198351 -0.000343571715296 5.66772742924e-05 0.00185104604438 0.00274597366446 -9.81665799271e-05 0.00152384127877 -0.000982426893071 -0.000638693870147 0.000680531228832 0.000955137693692 0.0027793866152 -0.00114576670045 0.000948568298121 0.00135920546005 0.00216131079968 0.0323990927648 0.00016151928194 0.00182292717149 -9.59289376321e-05 0.000744222281463 
-0.000297686669503 0.000705848237213 -0.00177834971624 0.00336161059337 0.00124047020699 0.000543340267382 0.00269037102381 0.000679038290453 0.00163220030334 0.00233981760441 0.00244146471013 1.8208728263e-05 0.00165404031456 0.00085396003211 0.000205759783101 0.00282115829507 0.000786500942002 0.00240595596033 0.000481227736908 -0.000223728027534 0.000777662914765 0.000281665611453 0.00296473180233 0.00174024806824 0.000565498751823 0.00016151928194 0.0229745733842 0.00184950127757 0.00232896060143 0.00206766102104 
0.00205577166077 0.00241548451949 8.98690358601e-06 0.00076601312984 -0.000451528245581 0.00142653722346 0.000809490222816 0.000861054602096 0.00152545432295 0.00115379729063 0.00107375334246 3.1348568311e-05 0.000982579715581 0.000741846347019 0.00199991450036 0.000995530757901 0.000977279629429 0.00065690057996 0.000811269507362 -6.51382521567e-05 0.00106994246908 0.00116393818022 0.00140635911759 0.00235131535853 0.0033836570087 0.00182292717149 0.00184950127757 0.0137497976669 -0.000940039929085 0.00134235666755 
-8.91078339869e-05 0.00472838400826 -0.00170962170301 0.000884203261069 0.00255227516255 0.00135142318738 0.000523758740283 -0.000195721906182 0.00392147644775 0.00198991548316 0.00219292893884 0.0021590879863 -0.0034741865711 0.0018995922119 0.00392459918554 0.0008907432603 0.0012647026527 0.00172644140566 -0.00314225973672 -0.00105632593851 0.00193499337584 -0.000178306910895 0.000317969836536 0.000996756055693 6.23910827952e-06 -9.59289376321e-05 0.00232896060143 -0.000940039929085 0.0634406451197 0.00112934988939 
0.0012792929847 0.000158374760912 7.94423596589e-05 0.00175966967199 0.00136198173763 0.00161856461326 0.00129519046854 -2.01158854291e-05 0.000450097807617 0.00261547157704 0.00263960967053 0.000339800960573 0.00205739306071 0.00204635850611 0.00233294671538 0.000634948099791 -0.0011260297368 0.000649087575692 0.00117061996843 -0.000235328908225 0.00504432422374 0.00207565842019 0.00177802360288 0.00445055803687 0.0048064694484 0.000744222281463 0.00206766102104 0.00134235666755 0.00112934988939 0.0310269117049 

['TRB', 'FCX', 'WFT', 'STI', 'MCO', 'MHP', 'AOC', 'SLE', 'CMA', 'SPG', 'MER', 'FSH', 'SYMC', 'AZO', 'Q', 'WAG', 'MKC', 'COF', 'BMY', 'WMB', 'PHM', 'CL', 'JPM', 'ADSK', 'AVP', 'MAT', 'FRE', 'RRD', 'LXK', 'WEN']