20
0.0433119494187 0.0194782181544 0.0475630895173 0.0751688044393 0.0403512104362 0.0731585002716 0.282509070746 0.0566217234647 0.162419244675 0.0205902908148 0.0300114281637 0.10004428458 0.0913653440874 0.0413299620627 0.0807794462486 0.0940944116816 0.102568127786 0.144106781955 0.0242911243805 0.0121413644826 
0.185315808667 0.0376710964771 0.00512338565319 0.0382780572777 0.0174163237397 0.00889371597112 0.0288867902085 0.028608874193 0.0131196610502 0.0276904677943 0.042602195021 0.0339784576785 0.0285884487565 0.0125361960434 -0.0186132336958 0.0249958689912 0.0203095145088 0.0451902315326 0.0453760545875 0.0084523610953 
0.0376710964771 0.170999035859 -0.000618660123921 0.0785940428519 0.0146783241854 0.018361539648 0.00902539497372 0.0349388021249 0.030645800401 0.0152459669504 0.034086374633 0.0318326689069 0.0272303248256 0.0308312298331 0.00521857021349 0.0303614363506 0.0390465585132 0.00916433815682 0.0446029525261 0.017095805108 
0.00512338565319 -0.000618660123921 0.319297743593 0.0132275591291 0.00431553963495 -0.00708659161258 -0.00230681198698 0.00432621975512 0.00668666059372 0.0326718841667 0.00821872689692 -0.000134799859547 0.0338011314148 0.0130935295614 0.00594278195535 0.00304150006145 0.0216688490085 -0.00366396084628 0.00570669818985 0.0075997141559 
0.0382780572777 0.0785940428519 0.0132275591291 0.337090931653 0.00658108581485 0.0177047464328 -0.0389704623632 0.0215140889912 0.00956019461867 0.0150731205963 0.0408078872921 0.0563641057392 0.0356258817932 0.0541718729989 0.0107822021928 0.0267489116811 0.0320116350667 0.0143662442554 0.026257535941 0.00169368081893 
0.0174163237397 0.0146783241854 0.00431553963495 0.00658108581485 0.191010814309 0.0274975962783 0.0256351758795 0.0200787181438 0.0172877314157 0.0200819631198 0.0228236780159 0.0306425845015 0.0327249851408 0.0135105346244 -0.00788718528874 0.016206662994 0.031381727357 0.0220645397689 0.0349354331628 0.0200786627113 
0.00889371597112 0.018361539648 -0.00708659161258 0.0177047464328 0.0274975962783 0.344520993443 -0.00359711134801 0.0214485931446 -0.00964133850983 -0.0142411510586 0.00244643784509 0.0173669133452 0.0357692393502 -0.00128254444035 0.00351363608999 0.0580973429111 0.0335771471688 -0.0213167441376 0.0200696931836 0.0190030500883 
0.0288867902085 0.00902539497373 -0.00230681198698 -0.0389704623632 0.0256351758795 -0.00359711134801 0.869672360408 0.0374626777879 0.0394548535 0.0574451233817 -0.00751499565758 0.0758893570997 0.0238658585298 0.0211600804735 0.017262031742 0.101899722158 0.0313376283359 0.122515255767 0.0466508104579 0.00107171423882 
0.028608874193 0.0349388021249 0.00432621975512 0.0215140889912 0.0200787181438 0.0214485931446 0.0374626777879 0.195752324343 0.0141519097597 0.0173681725286 0.0459437230034 0.045301101552 0.0362192887402 0.0374712750965 0.00547172580321 0.0286358640328 0.0473387766459 -0.00667720951746 0.071670303055 0.016301735247 
0.0131196610502 0.030645800401 0.00668666059372 0.00956019461867 0.0172877314157 -0.00964133850983 0.0394548535 0.0141519097597 1.30361662325 0.0440671461983 0.0111743746212 0.0407705564462 0.0210948482997 0.00619048089827 -0.0324728111511 0.0339375528071 0.018557169478 -0.00377962846051 0.0138357226576 0.00721676942511 
0.0276904677943 0.0152459669504 0.0326718841667 0.0150731205963 0.0200819631198 -0.0142411510586 0.0574451233817 0.0173681725286 0.0440671461983 0.296518296141 -0.00520016973927 0.00233584119692 0.0364746726431 0.00827185512063 0.0422305170268 0.0705036319998 0.016782720159 0.0282129149439 0.00377507976433 0.0271982123401 
0.042602195021 0.034086374633 0.00821872689692 0.0408078872921 0.0228236780159 0.00244643784509 -0.00751499565758 0.0459437230034 0.0111743746212 -0.00520016973927 0.215598904403 0.0314002714296 0.0195520142005 0.0187706446517 0.0177699875993 0.0244153221621 0.0133802138605 0.016543785157 0.0492687246192 0.0360014470235 
0.0339784576785 0.0318326689069 -0.000134799859547 0.0563641057392 0.0306425845015 0.0173669133452 0.0758893570997 0.045301101552 0.0407705564462 0.00233584119692 0.0314002714296 0.513195424489 0.0475017706216 0.015038444469 0.0122439974704 0.0135400620272 0.103964738429 -0.0109980228996 0.0226571132988 0.0355094858367 
0.0285884487565 0.0272303248256 0.0338011314148 0.0356258817932 0.0327249851408 0.0357692393502 0.0238658585298 0.0362192887402 0.0210948482997 0.0364746726431 0.0195520142005 0.0475017706216 0.38227582265 0.0246578046053 0.0155467416885 0.0328248992175 0.0468965998062 0.000345344073609 0.0585882614229 0.020825501438 
0.0125361960434 0.0308312298331 0.0130935295614 0.0541718729989 0.0135105346244 -0.00128254444035 0.0211600804735 0.0374712750965 0.00619048089827 0.00827185512063 0.0187706446517 0.015038444469 0.0246578046053 0.294858499866 0.0246935887231 0.0323248394777 0.0166343027264 -0.0208452156102 0.0230324279082 0.0263143474703 
-0.0186132336958 0.00521857021349 0.00594278195535 0.0107822021928 -0.00788718528874 0.00351363608999 0.017262031742 0.00547172580321 -0.0324728111511 0.0422305170268 0.0177699875993 0.0122439974704 0.0155467416885 0.0246935887231 0.503537853169 0.0154680014405 0.00601742171576 0.0419973202895 0.0147766603981 0.01452175694 
0.0249958689912 0.0303614363506 0.00304150006145 0.0267489116811 0.016206662994 0.0580973429111 0.101899722158 0.0286358640328 0.0339375528071 0.0705036319998 0.0244153221621 0.0135400620272 0.0328248992175 0.0323248394777 0.0154680014405 0.367830041556 0.0306040088354 0.0250825614472 0.0350795557194 -0.00690343257946 
0.0203095145088 0.0390465585132 0.0216688490085 0.0320116350667 0.031381727357 0.0335771471688 0.0313376283359 0.0473387766459 0.018557169478 0.016782720159 0.0133802138605 0.103964738429 0.0468965998062 0.0166343027264 0.00601742171576 0.0306040088354 0.304165580126 0.00933113966639 0.0363221886962 0.0228859326847 
0.0451902315326 0.00916433815682 -0.00366396084628 0.0143662442554 0.0220645397689 -0.0213167441376 0.122515255767 -0.00667720951746 -0.00377962846051 0.0282129149439 0.016543785157 -0.0109980228996 0.00034534407361 -0.0208452156102 0.0419973202895 0.0250825614472 0.00933113966639 0.319538450319 0.0117303943689 -0.00777217927294 
0.0453760545875 0.0446029525261 0.00570669818985 0.026257535941 0.0349354331628 0.0200696931836 0.0466508104579 0.071670303055 0.0138357226576 0.00377507976433 0.0492687246192 0.0226571132988 0.0585882614229 0.0230324279082 0.0147766603981 0.0350795557194 0.0363221886962 0.0117303943689 0.243259653643 0.022879752759 
0.0084523610953 0.017095805108 0.0075997141559 0.00169368081893 0.0200786627113 0.0190030500883 0.00107171423882 0.016301735247 0.00721676942511 0.0271982123401 0.0360014470235 0.0355094858367 0.020825501438 0.0263143474703 0.01452175694 -0.00690343257946 0.0228859326847 -0.00777217927294 0.022879752759 0.270964642648 
0.0160488198029 0.00326241265376 0.000443698212905 0.003314977001 0.00150829787991 0.000770218396503 0.00250166941543 0.00247760118248 0.00113619597585 0.00239806485525 0.00368945831451 0.0029426207531 0.00247583228779 0.00108566642404 -0.00161195332271 0.0021647057536 0.00175885555032 0.00391358885101 0.00392968159963 0.000731995943049 
0.00326241265376 0.0148089509076 -5.35775383624e-05 0.00680644376958 0.00127118016295 0.00159015597878 0.000781622132643 0.00302578902179 0.00265400416666 0.00132033946843 0.00295196663551 0.00275678999436 0.00235821530523 0.00267006282653 0.000451941437632 0.0026293775175 0.00338153116027 0.000793654965268 0.00386272899714 0.00148054015217 
0.000443698212905 -5.35775383624e-05 0.0276519957323 0.00114554022358 0.000373736695491 -0.000613716836274 -0.000199775778248 0.000374661621029 0.000579081794064 0.00282946816779 0.00071176262795 -1.16740102794e-05 0.00292726384819 0.00113393292254 0.000514660014248 0.000263401631882 0.00187657737121 -0.000317308317135 0.000494214560414 0.000658154552051 
0.003314977001 0.00680644376958 0.00114554022358 0.0291929310197 0.000569938750014 0.00153327601783 -0.00337494104038 0.00186317476056 0.000827937140489 0.00130537053507 0.00353406670697 0.00488127474317 0.00308529186651 0.00469142181876 0.000933766100771 0.00231652370394 0.00277228891845 0.00124415324821 0.00227396931657 0.00014667706151 
0.00150829787991 0.00127118016295 0.000373736695491 0.000569938750014 0.0165420217589 0.002381361692 0.00222007135421 0.00173886799879 0.00149716145798 0.00173914902196 0.00197658849696 0.00265372566159 0.00283406684704 0.00117004662034 -0.00068305028244 0.00140353818634 0.00271773731058 0.00191084519626 0.00302549726112 0.0017388631982 
0.000770218396503 0.00159015597878 -0.000613716836274 0.00153327601783 0.002381361692 0.0298363932459 -0.000311518980762 0.00185750265386 -0.0008349644076 -0.00123331985958 0.000211867732263 0.00150401881423 0.00309770699513 -0.000111071606682 0.000304289811358 0.00503137748534 0.00290786624348 -0.00184608419491 0.00173808641431 0.00164571241259 
0.00250166941543 0.000781622132643 -0.000199775778248 -0.00337494104038 0.00222007135421 -0.000311518980762 0.0753158357083 0.00324436306581 0.00341689054336 0.00497489361721 -0.000650817714879 0.00657221111252 0.00206684397699 0.00183251672362 0.00149493580095 0.00882477480277 0.00271391822333 0.0106101323846 0.00404007869637 9.28131756417e-05 
0.00247760118248 0.00302578902179 0.000374661621029 0.00186317476056 0.00173886799879 0.00185750265386 0.00324436306581 0.0169526485731 0.0012255913364 0.00150412786271 0.00397884312654 0.00392319047635 0.0031366824156 0.00324510761458 0.000473865354812 0.00247993857117 0.00409965831595 -0.000578263306851 0.00620683031426 0.00141177168497 
0.00113619597585 0.00265400416666 0.000579081794064 0.000827937140489 0.00149716145798 -0.0008349644076 0.00341689054336 0.0012255913364 0.112896511253 0.003816326808 0.000967729229338 0.00353083376088 0.00182686745165 0.000536111371954 -0.00281222793891 0.00293907828732 0.00160709801903 -0.000327325426367 0.00119820873012 0.00062499056554 
0.00239806485525 0.00132033946843 0.00282946816779 0.00130537053507 0.00173914902196 -0.00123331985958 0.00497489361721 0.00150412786271 0.003816326808 0.0256792377145 -0.00045034790982 0.000202289781574 0.00315879931036 0.000716363667089 0.00365727005602 0.00610579363709 0.00145342620023 0.00244331010563 0.000326931497722 0.0023554342824 
0.00368945831451 0.00295196663551 0.00071176262795 0.00353406670697 0.00197658849696 0.000211867732263 -0.000650817714879 0.00397884312654 0.000967729229338 -0.00045034790982 0.0186714128241 0.00271934327438 0.00169325409928 0.00162558551138 0.00153892606859 0.00211442892339 0.00115876051112 0.00143273382207 0.00426679671323 0.00311781676953 
0.0029426207531 0.00275678999436 -1.16740102794e-05 0.00488127474317 0.00265372566159 0.00150401881423 0.00657221111252 0.00392319047635 0.00353083376088 0.000202289781574 0.00271934327438 0.0444440274713 0.00411377400831 0.00130236749436 0.00106036128532 0.00117260376843 0.00900361045771 -0.000952456722245 0.00196216356932 0.00307521168099 
0.00247583228779 0.00235821530523 0.00292726384819 0.00308529186651 0.00283406684704 0.00309770699513 0.00206684397699 0.0031366824156 0.00182686745165 0.00315879931036 0.00169325409928 0.00411377400831 0.0331060573668 0.00213542851897 0.00134638732483 0.0028427196599 0.00406136467833 2.99076740792e-05 0.00507389227558 0.00180354132918 
0.00108566642404 0.00267006282653 0.00113393292254 0.00469142181876 0.00117004662034 -0.000111071606682 0.00183251672362 0.00324510761458 0.000536111371954 0.000716363667089 0.00162558551138 0.00130236749436 0.00213542851897 0.0255354951405 0.00213852751448 0.00279941321609 0.00144057287353 -0.00180524862658 0.00199466676793 0.00227888933933 
-0.00161195332271 0.000451941437632 0.000514660014248 0.000933766100771 -0.00068305028244 0.000304289811358 0.00149493580095 0.000473865354812 -0.00281222793891 0.00365727005602 0.00153892606859 0.00106036128532 0.00134638732483 0.00213852751448 0.0436076572612 0.00133956821933 0.000521124007113 0.00363707462616 0.00127969632878 0.00125762104176 
0.0021647057536 0.0026293775175 0.000263401631882 0.00231652370394 0.00140353818634 0.00503137748534 0.00882477480277 0.00247993857117 0.00293907828732 0.00610579363709 0.00211442892339 0.00117260376843 0.0028427196599 0.00279941321609 0.00133956821933 0.0318550160263 0.00265038491091 0.00217221354053 0.00303797864065 -0.000597854798712 
0.00175885555032 0.00338153116027 0.00187657737121 0.00277228891845 0.00271773731058 0.00290786624348 0.00271391822333 0.00409965831595 0.00160709801903 0.00145342620023 0.00115876051112 0.00900361045771 0.00406136467833 0.00144057287353 0.000521124007113 0.00265038491091 0.0263415119346 0.000808100399735 0.0031455938132 0.00198197990943 
0.00391358885101 0.000793654965268 -0.000317308317135 0.00124415324821 0.00191084519626 -0.00184608419491 0.0106101323846 -0.000578263306851 -0.000327325426367 0.00244331010563 0.00143273382207 -0.000952456722245 2.99076740793e-05 -0.00180524862658 0.00363707462616 0.00217221354053 0.000808100399735 0.0276728415462 0.00101588195199 -0.000673090469313 
0.00392968159963 0.00386272899714 0.000494214560414 0.00227396931657 0.00302549726112 0.00173808641431 0.00404007869637 0.00620683031426 0.00119820873012 0.000326931497722 0.00426679671323 0.00196216356932 0.00507389227558 0.00199466676793 0.00127969632878 0.00303797864065 0.0031455938132 0.00101588195199 0.0210669039771 0.00198144471216 
0.000731995943049 0.00148054015217 0.000658154552051 0.00014667706151 0.0017388631982 0.00164571241259 9.28131756416e-05 0.00141177168497 0.00062499056554 0.0023554342824 0.00311781676953 0.00307521168099 0.00180354132918 0.00227888933933 0.00125762104176 -0.000597854798712 0.00198197990943 -0.000673090469313 0.00198144471216 0.023466226406 

['ZION', 'STI', 'NKE', 'PGR', 'AN', 'STJ', 'AMD', 'ASN', 'HUM', 'EMC', 'NCC', 'BC', 'FLR', 'CB', 'PAYX', 'MOT', 'HOT', 'NSC', 'PCL', 'HSY']