20
0.0795042219188 0.0498631258667 0.0801839086902 0.0506400072768 0.0493870590102 0.0946597506959 0.0979044774238 0.110955558587 0.0336878097659 0.107494880462 0.0423549004831 0.0413413845105 0.101218808556 0.103848753038 0.0324129219316 0.0756818342608 0.0678408515538 0.139274044211 0.075466134778 0.0205902908148 
0.281078101183 0.0115099255748 0.0194271678222 0.018987087371 0.0228208490515 0.0250374530499 0.0133753441831 0.0408021508753 0.0225848096846 0.0227705570759 0.0133544398149 0.0170474235661 0.0273973007502 -0.000457317477048 0.0180785007056 0.0295938952971 0.0125322511956 0.0370100333959 0.0218952378016 0.0113312383368 
0.0115099255748 0.316311056909 0.0439787008701 0.0298654533644 0.0196289363258 0.0176320733101 0.0210059538115 0.0154304372879 0.0250443271138 0.0389392771117 -0.00339592608429 0.0275425197581 0.0237093417518 0.0049144467913 0.0129921195303 0.0240616261655 0.00813379476408 0.0299183823579 0.00662260433496 0.0425915189691 
0.0194271678222 0.0439787008701 0.565820472313 0.0412576491652 0.00268307617317 0.043991541679 -0.00895297905218 0.0191395442493 0.0539486762451 0.0532997608789 -0.00939277284829 0.00224448649883 0.0379149182868 -0.016880377824 -0.00278203887276 0.0220243245455 0.016525129993 0.0953791978337 -0.0180670657505 -0.0191829515441 
0.018987087371 0.0298654533644 0.0412576491652 0.515066096582 0.00820545534854 0.0487164097136 -0.011890866784 0.020134261769 0.0617039632703 0.0358522262394 0.00958453592728 0.0124802796667 0.0367237710534 0.0678469650303 -0.00652552576845 0.0037815675604 0.0253969423174 0.0999721992651 0.0236053941238 0.0184114124292 
0.0228208490515 0.0196289363258 0.00268307617317 0.00820545534854 0.226681003621 0.00693493359503 0.00793994377027 0.026751120108 0.017935899985 0.032959534903 -0.00252074835551 0.0228754489749 0.0286250231228 0.00627650738149 -0.00200764506819 0.0194344467747 0.00870539084468 -0.00398218845243 0.00138901575924 0.0178845699137 
0.0250374530499 0.0176320733101 0.043991541679 0.0487164097136 0.00693493359503 0.464880336034 0.00463752510722 0.0165089430434 0.0433234760907 0.00448358381746 -0.00156822651433 0.0187268554992 0.0219278048974 0.00365850894037 0.00728991770536 0.0122613575404 0.0296787641777 0.0120034593328 0.0165866810038 0.0164626132064 
0.0133753441831 0.0210059538115 -0.00895297905218 -0.011890866784 0.00793994377027 0.00463752510722 0.519720590122 0.0114319141164 0.0105513156202 0.00488570828466 0.00991506826242 0.00133663648342 0.0226376976777 0.00820687511661 0.0836818885939 0.0385764627632 0.0304729929976 0.0497039198298 -0.0073704588068 0.00821545897731 
0.0408021508753 0.0154304372879 0.0191395442493 0.020134261769 0.026751120108 0.0165089430434 0.0114319141164 0.500347875471 0.0443075283664 0.00958384498351 0.0229498564661 0.0258821050522 0.0447443011554 -0.0211768159537 0.0134864626585 0.0155006476838 0.00876533118911 0.0342984345916 -0.00145471771074 -0.00943570024967 
0.0225848096846 0.0250443271138 0.0539486762451 0.0617039632703 0.017935899985 0.0433234760907 0.0105513156202 0.0443075283664 0.34359387771 0.0419853328612 0.0101848789935 0.0303251927114 0.0505432089463 0.00777354320399 0.0188260978279 0.0143075439692 0.0670414085081 0.0303089851527 0.0350645475967 0.0468217369295 
0.0227705570759 0.0389392771117 0.0532997608789 0.0358522262394 0.032959534903 0.00448358381746 0.00488570828466 0.00958384498351 0.0419853328612 0.482209997005 0.026683771679 0.0452885879998 0.0594779347372 0.0060460881608 0.00859643312347 0.0553977780993 0.0365037752144 0.0472885684252 0.0514939269863 0.0255278876564 
0.0133544398149 -0.00339592608429 -0.00939277284829 0.00958453592728 -0.00252074835551 -0.00156822651433 0.00991506826242 0.0229498564661 0.0101848789935 0.026683771679 0.228232939096 0.00900652240641 -0.00989798142435 -0.00112589283074 0.00925617301184 0.0192669860079 -0.0101059587336 0.0247974229967 0.0398985351246 0.0273861935638 
0.0170474235661 0.0275425197581 0.00224448649883 0.0124802796667 0.0228754489749 0.0187268554992 0.00133663648342 0.0258821050522 0.0303251927114 0.0452885879998 0.00900652240641 0.252210202434 0.00890751889689 -0.00490914518992 -0.0101207721533 0.0119585960989 0.0132968091863 0.0509369427957 0.0300348341331 -0.00138633524769 
0.0273973007502 0.0237093417518 0.0379149182868 0.0367237710534 0.0286250231228 0.0219278048974 0.0226376976777 0.0447443011554 0.0505432089463 0.0594779347372 -0.00989798142435 0.00890751889689 0.346597916737 0.0170501995074 0.0220925279006 0.0112250698292 0.0345646458079 0.0262356305086 0.0119250806995 0.0101714073109 
-0.000457317477048 0.00491444679129 -0.016880377824 0.0678469650303 0.00627650738149 0.00365850894037 0.00820687511661 -0.0211768159537 0.00777354320399 0.0060460881608 -0.00112589283074 -0.00490914518992 0.0170501995074 0.359150516087 0.0082958362523 0.0036662653156 0.021559393122 0.0512813269371 -0.0176752925958 0.00769144980281 
0.0180785007056 0.0129921195303 -0.00278203887276 -0.00652552576845 -0.00200764506819 0.00728991770536 0.0836818885939 0.0134864626585 0.0188260978279 0.00859643312347 0.00925617301184 -0.0101207721533 0.0220925279006 0.0082958362523 0.281979173244 0.0247045181056 0.0245923991624 0.00644493278005 -0.0172204668689 0.018402428614 
0.0295938952971 0.0240616261655 0.0220243245455 0.0037815675604 0.0194344467747 0.0122613575404 0.0385764627632 0.0155006476838 0.0143075439692 0.0553977780993 0.0192669860079 0.0119585960989 0.0112250698292 0.0036662653156 0.0247045181056 0.225510178105 -0.000136525083624 0.00916463169758 0.0144951496008 0.0045837469685 
0.0125322511956 0.00813379476408 0.016525129993 0.0253969423174 0.00870539084468 0.0296787641777 0.0304729929976 0.00876533118911 0.0670414085081 0.0365037752144 -0.0101059587336 0.0132968091863 0.0345646458079 0.021559393122 0.0245923991624 -0.000136525083624 0.363597340222 0.00272635984901 0.0372902345632 0.0100965359789 
0.0370100333959 0.0299183823579 0.0953791978337 0.0999721992651 -0.00398218845243 0.0120034593328 0.0497039198298 0.0342984345916 0.0303089851527 0.0472885684252 0.0247974229967 0.0509369427957 0.0262356305086 0.0512813269371 0.00644493278005 0.00916463169758 0.00272635984901 0.649069503012 0.0280172489307 0.0656877350639 
0.0218952378016 0.00662260433496 -0.0180670657505 0.0236053941237 0.00138901575924 0.0165866810038 -0.0073704588068 -0.00145471771074 0.0350645475967 0.0514939269863 0.0398985351246 0.0300348341331 0.0119250806995 -0.0176752925958 -0.0172204668689 0.0144951496008 0.0372902345632 0.0280172489307 0.458811737134 0.0118317931989 
0.0113312383368 0.0425915189691 -0.0191829515441 0.0184114124292 0.0178845699137 0.0164626132064 0.00821545897731 -0.00943570024967 0.0468217369295 0.0255278876564 0.0273861935638 -0.00138633524769 0.0101714073109 0.00769144980281 0.018402428614 0.0045837469685 0.0100965359789 0.0656877350639 0.0118317931989 0.307102458168 
0.0243420776072 0.000996788794349 0.00168244208576 0.00164433000071 0.00197634350145 0.00216830703873 0.00115833878469 0.0035335699187 0.00195590189265 0.0019719880886 0.0011565284133 0.00147635018773 0.00237267584448 -3.96048552718e-05 0.00156564408734 0.00256290651242 0.0010853247902 0.00320516291158 0.00189618321581 0.000981314025598 
0.000996788794349 0.0273933410781 0.0038086672179 0.00258642413091 0.00169991575074 0.0015269823408 0.00181916896315 0.00133631506828 0.00216890235012 0.00337224031837 -0.000294095825837 0.00238525217947 0.00205328922641 0.000425603576681 0.00112515055622 0.00208379795157 0.000704407289486 0.00259100791621 0.000573534359329 0.0036885337413 
0.00168244208576 0.0038086672179 0.0490014903004 0.00357301722775 0.000232361212626 0.00380977926456 -0.000775350729874 0.00165753315367 0.00467209241288 0.00461589469367 -0.00081343798986 0.000194378232644 0.00328352824188 -0.00146188360211 -0.000240931633813 0.00190736245576 0.00143111823748 0.00826008083165 -0.00156465379118 -0.00166129233568 
0.00164433000071 0.00258642413091 0.00357301722775 0.0446060324268 0.000710613278145 0.00421896483931 -0.0010297792708 0.00174367821784 0.00534371997063 0.00310489387055 0.000830045159651 0.00108082392377 0.0031803718655 0.00587571952859 -0.000565127108853 0.000327493357343 0.00219943972253 0.00865784642358 0.00204428709775 0.00159447508832 
0.00197634350145 0.00169991575074 0.000232361212626 0.000710613278145 0.0196311507691 0.000600582866686 0.000687619300968 0.00231671495932 0.00155329450267 0.00285437945229 -0.000218303211242 0.00198107199352 0.00247899972083 0.000543561483941 -0.000173867163083 0.00168307246154 0.000753908962136 -0.000344867636246 0.000120292293376 0.0015488491881 
0.00216830703873 0.0015269823408 0.00380977926456 0.00421896483931 0.000600582866686 0.0402598180725 0.000401621455354 0.00142971640652 0.00375192308748 0.000388289748592 -0.000135812400029 0.00162179325953 0.00189900360904 0.000316836168234 0.000631325392434 0.00106186471149 0.00257025637308 0.00103953007155 0.00143644871138 0.00142570412494 
0.00115833878469 0.00181916896315 -0.000775350729874 -0.0010297792708 0.000687619300968 0.000401621455354 0.0450091233915 0.000990032803866 0.00091377073704 0.000423114749 0.000858670099552 0.000115756115027 0.00196048212721 0.000710736233667 0.0072470641359 0.00334081967411 0.00263903860653 0.00430448572403 -0.000638300456424 0.00071147961781 
0.0035335699187 0.00133631506828 0.00165753315367 0.00174367821784 0.00231671495932 0.00142971640652 0.000990032803866 0.0433313970887 0.00383714451442 0.000829985322165 0.00198751587128 0.00224145604786 0.00387497014751 -0.00183396605872 0.00116796192694 0.00134239546693 0.000759099948235 0.00297033156664 -0.000125982249284 -0.000817155611871 
0.00195590189265 0.00216890235012 0.00467209241288 0.00534371997063 0.00155329450267 0.00375192308748 0.00091377073704 0.00383714451442 0.0297561026682 0.00363603648441 0.000882036394282 0.00262623872627 0.00437717029363 0.000673208589208 0.00163038789731 0.00123906965431 0.00580595628735 0.00262483511052 0.0030366788991 0.00405488136302 
0.0019719880886 0.00337224031837 0.00461589469367 0.00310489387055 0.00285437945229 0.000388289748592 0.000423114749 0.000829985322165 0.00363603648441 0.0417606107365 0.00231088241428 0.00392210677094 0.00515094024471 0.000523606594077 0.000744472946686 0.00479758831472 0.00316131966697 0.00409531015648 0.00445950489108 0.00221077992154 
0.0011565284133 -0.000294095825837 -0.00081343798986 0.000830045159651 -0.000218303211242 -0.000135812400029 0.000858670099552 0.00198751587128 0.000882036394282 0.00231088241428 0.0197655523237 0.00077998772037 -0.000857190335968 -9.75051793359e-05 0.000801608097007 0.00166856993372 -0.000875201699286 0.00214751982635 0.00345531449917 0.00237171393392 
0.00147635018773 0.00238525217947 0.000194378232644 0.00108082392377 0.00198107199352 0.00162179325953 0.000115756115027 0.00224145604786 0.00262623872627 0.00392210677094 0.00077998772037 0.0218420442401 0.000771413764939 -0.000425144444534 -0.000876484579063 0.00103564480152 0.00115153745446 0.00441126864522 0.00260109293577 -0.000120060154266 
0.00237267584448 0.00205328922641 0.00328352824188 0.0031803718655 0.00247899972083 0.00189900360904 0.00196048212721 0.00387497014751 0.00437717029363 0.00515094024471 -0.000857190335968 0.000771413764939 0.0300162600793 0.0014765905913 0.00191326903958 0.000972119563136 0.00299338613424 0.00227207225047 0.0010327422828 0.000880869712349 
-3.96048552718e-05 0.000425603576681 -0.00146188360211 0.00587571952859 0.000543561483941 0.000316836168234 0.000710736233667 -0.00183396605872 0.000673208589208 0.000523606594077 -9.75051793359e-05 -0.000425144444534 0.0014765905913 0.0311033470714 0.000718440494013 0.000317507890032 0.00186709821338 0.00444109318673 -0.00153072524073 0.000666099092117 
0.00156564408734 0.00112515055622 -0.000240931633813 -0.000565127108853 -0.000173867163083 0.000631325392434 0.0072470641359 0.00116796192694 0.00163038789731 0.000744472946686 0.000801608097007 -0.000876484579063 0.00191326903958 0.000718440494013 0.0244201127368 0.00213947402677 0.00212976424147 0.00055814755132 -0.00149133617735 0.0015936970671 
0.00256290651242 0.00208379795157 0.00190736245576 0.000327493357343 0.00168307246154 0.00106186471149 0.00334081967411 0.00134239546693 0.00123906965431 0.00479758831472 0.00166856993372 0.00103564480152 0.000972119563136 0.000317507890032 0.00213947402677 0.019529754305 -1.18234190672e-05 0.000793680386643 0.0012553167786 0.000396964131924 
0.0010853247902 0.000704407289486 0.00143111823748 0.00219943972253 0.000753908962136 0.00257025637308 0.00263903860653 0.000759099948235 0.00580595628735 0.00316131966697 -0.000875201699286 0.00115153745446 0.00299338613424 0.00186709821338 0.00212976424147 -1.18234190672e-05 0.031488453338 0.00023610968891 0.00322942904448 0.000874385664798 
0.00320516291158 0.00259100791621 0.00826008083165 0.00865784642358 -0.000344867636246 0.00103953007155 0.00430448572403 0.00297033156664 0.00262483511052 0.00409531015648 0.00214751982635 0.00441126864522 0.00227207225047 0.00444109318673 0.00055814755132 0.000793680386643 0.00023610968891 0.056211067843 0.00242636493182 0.00568872472824 
0.00189618321581 0.000573534359329 -0.00156465379118 0.00204428709775 0.000120292293376 0.00143644871138 -0.000638300456424 -0.000125982249284 0.0030366788991 0.00445950489108 0.00345531449917 0.00260109293577 0.0010327422828 -0.00153072524073 -0.00149133617735 0.0012553167786 0.00322942904448 0.00242636493182 0.0397342619913 0.00102466334826 
0.000981314025598 0.0036885337413 -0.00166129233568 0.00159447508832 0.0015488491881 0.00142570412494 0.00071147961781 -0.000817155611871 0.00405488136302 0.00221077992154 0.00237171393392 -0.000120060154266 0.000880869712349 0.000666099092117 0.0015936970671 0.000396964131924 0.000874385664798 0.00568872472824 0.00102466334826 0.0265958530338 

['ITT', 'PRU', 'TXT', 'ERTS', 'CIT', 'Q', 'TEK', 'HSP', 'BBBY', 'NUE', 'MKC', 'IP', 'HET', 'KG', 'SGP', 'CAH', 'WEN', 'LSI', 'XRX', 'EMC']