20
0.0723241103927 0.0307338128464 0.00477989818121 0.28152338764 0.0408960175479 0.0963264580192 0.085684238521 0.0194782181544 0.082081594572 0.191301962015 0.161692830297 0.0966324757555 0.0594275332512 -0.00694067656108 0.105904751354 0.0385950792128 0.0578888041786 0.0283464571838 0.0541634245192 0.0301217617298 
0.377547500926 -0.00451436665537 0.00567902663653 0.0395655365654 0.0247415968366 0.0229094134902 0.038902565709 0.0343047582985 0.0183162381273 0.0896194154657 0.00071502855476 0.0209394785948 0.0354360410152 0.0412282842743 0.0155826559953 0.0327029999562 0.00580080585017 0.0047732192821 0.000718834258668 -0.00874204802424 
-0.00451436665537 0.1770167238 0.0137123593135 0.00686808127363 0.018699604719 0.0205467380793 0.0154111836337 0.0180813974456 0.0258360546097 0.0127847581569 0.0185252703307 0.0213184682713 0.0359748270089 0.0122276301922 0.0213382027704 0.0192545398461 0.0125883927004 0.0086450233442 0.0457541039312 0.0124724938488 
0.00567902663653 0.0137123593135 0.183443821581 0.00295521971164 0.0150821562035 0.0180965429861 0.0127437673606 0.0302699019856 0.0224188534927 0.00955191721228 0.000596201783388 0.0201047196309 0.00879710664002 0.0111873743419 0.0139518238243 0.0201672437971 0.0146768763678 0.0175686040043 0.00769949686539 0.00368178309115 
0.0395655365654 0.00686808127363 0.00295521971164 1.93677686208 0.00155536778569 0.00313660324427 -0.0284626301349 0.0173126565026 -0.00721434195413 -0.0226742735257 -0.0359013523296 -0.0414623045645 0.01256559049 -0.0339415526621 -0.0182071841859 -0.00627345392414 -0.0279041574772 -0.0294190478349 -0.0191396145837 -0.0242076406552 
0.0247415968366 0.018699604719 0.0150821562035 0.00155536778569 0.219078886707 0.0261739422003 0.0378953337022 0.0220305333887 0.0233290433467 0.0252885033261 0.00430924642102 0.0255007030473 0.000785651453826 0.0271407811357 0.0275136512137 0.0430517749375 0.0408411151894 0.012318265017 0.0218354693301 -0.00789543613031 
0.0229094134902 0.0205467380793 0.0180965429861 0.00313660324427 0.0261739422003 0.467598198896 0.0486299932019 0.0527934381026 0.04113849363 0.0454059322717 -0.008468761009 0.0421809897936 0.0212646093849 0.00559197799093 0.0208950956047 0.038061795321 0.0208697088323 0.0376749387216 0.0288839076012 0.0116941914853 
0.038902565709 0.0154111836337 0.0127437673606 -0.0284626301349 0.0378953337022 0.0486299932019 0.467375987116 0.0183764815129 0.0471120954736 0.0031262797567 0.000462323756327 0.0543248630622 -0.0462488495446 0.0243641970229 0.010308080105 0.036224907156 0.000192128053407 0.0245776773708 0.0127894814173 0.0240909015145 
0.0343047582985 0.0180813974456 0.0302699019856 0.0173126565026 0.0220305333887 0.0527934381026 0.0183764815129 0.182061073452 0.0248663781288 0.0141404640513 0.041370994258 0.025406064308 0.0141936712261 0.0163853713448 0.0338812462315 0.0444924977908 0.0232727263316 0.0230964021979 0.0286605766331 0.020609304145 
0.0183162381273 0.0258360546097 0.0224188534927 -0.00721434195413 0.0233290433467 0.04113849363 0.0471120954736 0.0248663781288 0.282396069504 0.0487504830266 0.0413217132466 0.0176802415975 0.00099108856589 0.0430013385443 0.0314145629539 0.0410575827709 0.0562489880989 0.0292029313299 0.0161153439354 0.0132870340169 
0.0896194154657 0.0127847581569 0.00955191721228 -0.0226742735257 0.0252885033261 0.0454059322717 0.0031262797567 0.0141404640513 0.0487504830266 0.465911259411 0.0209496967034 0.0571368392584 0.0258559854404 0.0167740293303 0.0418353481668 0.0163516521897 0.0295589552891 0.0150557383963 0.0121768772501 0.0139394990731 
0.000715028554759 0.0185252703307 0.000596201783388 -0.0359013523296 0.00430924642102 -0.008468761009 0.000462323756328 0.041370994258 0.0413217132466 0.0209496967034 0.900044597617 0.0111331343351 0.00145300256175 0.0170397464976 0.00183689728324 0.0270866712432 0.0407518365648 0.0363006741274 0.0188383562529 -0.00511875650345 
0.0209394785948 0.0213184682713 0.0201047196309 -0.0414623045645 0.0255007030473 0.0421809897936 0.0543248630622 0.025406064308 0.0176802415975 0.0571368392584 0.0111331343351 0.474585037842 0.00494649458701 0.0507716981372 0.0151146616407 0.0226479185044 0.000304848845869 0.0357628281818 0.0185130068421 0.0114102896111 
0.0354360410152 0.0359748270089 0.00879710664002 0.01256559049 0.000785651453826 0.0212646093849 -0.0462488495446 0.0141936712261 0.00099108856589 0.0258559854404 0.00145300256175 0.00494649458701 0.231860798585 -0.0168376018059 0.0188264690942 0.00904404251156 0.0176721752217 0.0154943384424 0.0189918378414 0.00686562418973 
0.0412282842743 0.0122276301922 0.0111873743419 -0.0339415526621 0.0271407811357 0.00559197799093 0.0243641970229 0.0163853713448 0.0430013385443 0.0167740293303 0.0170397464976 0.0507716981372 -0.0168376018059 0.400705261232 0.0277287661681 0.0197098569949 0.0212090381314 0.0287257764564 0.00728731877465 0.0165992617628 
0.0155826559953 0.0213382027704 0.0139518238243 -0.0182071841859 0.0275136512137 0.0208950956047 0.010308080105 0.0338812462315 0.0314145629539 0.0418353481668 0.00183689728324 0.0151146616407 0.0188264690942 0.0277287661681 0.430317993122 0.0249936408258 -0.0133152947968 0.0168686059175 0.0105672397953 -0.00426667317093 
0.0327029999562 0.0192545398461 0.0201672437971 -0.00627345392414 0.0430517749375 0.038061795321 0.036224907156 0.0444924977908 0.0410575827709 0.0163516521897 0.0270866712432 0.0226479185044 0.00904404251156 0.0197098569949 0.0249936408258 0.211022234353 0.0309509140549 0.0111269098626 0.0146557583332 0.0182190321239 
0.00580080585017 0.0125883927004 0.0146768763678 -0.0279041574772 0.0408411151894 0.0208697088323 0.000192128053406 0.0232727263316 0.0562489880989 0.0295589552891 0.0407518365648 0.000304848845869 0.0176721752217 0.0212090381314 -0.0133152947968 0.0309509140549 0.459917213699 0.00184128664121 -0.0154577970215 0.00780514440121 
0.0047732192821 0.0086450233442 0.0175686040043 -0.0294190478349 0.012318265017 0.0376749387216 0.0245776773708 0.0230964021979 0.0292029313299 0.0150557383963 0.0363006741274 0.0357628281818 0.0154943384424 0.0287257764564 0.0168686059175 0.0111269098626 0.00184128664121 0.191858340901 0.00840198493701 0.0166708051979 
0.000718834258668 0.0457541039312 0.00769949686539 -0.0191396145837 0.0218354693301 0.0288839076012 0.0127894814173 0.0286605766331 0.0161153439354 0.0121768772501 0.0188383562529 0.0185130068421 0.0189918378414 0.00728731877466 0.0105672397953 0.0146557583332 -0.0154577970215 0.00840198493701 0.318258081722 0.0267804211999 
-0.00874204802423 0.0124724938488 0.00368178309115 -0.0242076406552 -0.00789543613031 0.0116941914853 0.0240909015145 0.020609304145 0.0132870340169 0.0139394990731 -0.00511875650345 0.0114102896111 0.00686562418973 0.0165992617628 -0.00426667317093 0.0182190321239 0.00780514440121 0.0166708051979 0.0267804211999 0.193763762661 
0.0326965726937 -0.000390955620555 0.0004918181336 0.003426475978 0.00214268513907 0.00198401340684 0.00336906101764 0.00297087921572 0.001586232752 0.00776126904656 6.19232892853e-05 0.00181341204051 0.00306885117287 0.0035704741536 0.00134949759503 0.0028321628742 0.000502364522867 0.000413372915613 6.22528729117e-05 -0.000757083567009 
-0.000390955620555 0.0153300979706 0.00118752515113 0.000594793285822 0.00161943327274 0.00177939971416 0.00133464765291 0.00156589495238 0.00223746796256 0.00110719253451 0.00160433547183 0.00184623350927 0.00311551140865 0.00105894383745 0.00184794256703 0.00166749206449 0.00109018678713 0.000748680983239 0.00396242163318 0.00108014965216 
0.0004918181336 0.00118752515113 0.0158867009657 0.000255929534404 0.00130615304161 0.00156720659466 0.00110364262742 0.00262145040896 0.00194152966484 0.000827220296068 5.16325890196e-05 0.00174111979363 0.000761851783006 0.000968855038177 0.0012082633861 0.00174653454526 0.00127105477828 0.00152148573767 0.000666795988178 0.000318851768816 
0.003426475978 0.000594793285822 0.000255929534404 0.167729796402 0.000134698801464 0.000271637809113 -0.00246493607553 0.00149932003383 -0.000624780340387 -0.00196364968856 -0.00310914831476 -0.00359074090523 0.00108821205779 -0.00293942468492 -0.00157678840364 -0.000543297046777 -0.00241657092464 -0.00254776427802 -0.00165753924481 -0.00209644317731 
0.00214268513907 0.00161943327274 0.00130615304161 0.000134698801464 0.0189727881321 0.00226672988627 0.0032818321671 0.00190790015735 0.00202035441842 0.00219004863041 0.000373191687177 0.00220842566534 6.80394117534e-05 0.0023504605942 0.00238275209019 0.00372839307739 0.00353694432729 0.00106679304352 0.00189100711434 -0.000683764826281 
0.00198401340684 0.00177939971416 0.00156720659466 0.000271637809113 0.00226672988627 0.0404951919008 0.00421148094987 0.004572045855 0.0035626980557 0.00393226908298 -0.000733416217237 0.00365298087181 0.00184156919289 0.000484279499755 0.00180956836082 0.00329624816616 0.00180736980183 0.00326274540189 0.00250141977432 0.0010127466903 
0.00336906101764 0.00133464765291 0.00110364262742 -0.00246493607553 0.0032818321671 0.00421148094987 0.0404759477962 0.00159144998224 0.00408002715056 0.000270743768864 4.00384117753e-05 0.0047046711469 -0.00400526786014 0.00211000135646 0.000892705923521 0.00313716898468 1.6638777503e-05 0.00212848929692 0.00110760158086 0.00208633327116 
0.00297087921572 0.00156589495238 0.00262145040896 0.00149932003383 0.00190790015735 0.004572045855 0.00159144998224 0.015766951465 0.00215349151597 0.00122460010897 0.00358283320073 0.00220022971009 0.00122920798548 0.0014190147835 0.00293420199483 0.00385316333647 0.00201547722185 0.00200020710394 0.00248207874514 0.00178481809439 
0.001586232752 0.00223746796256 0.00194152966484 -0.000624780340387 0.00202035441842 0.0035626980557 0.00408002715056 0.00215349151597 0.024456217012 0.00422191567478 0.00357856533995 0.00153115383685 8.58307875461e-05 0.00372402515761 0.00272058095669 0.00355569096976 0.00487130526308 0.00252904803967 0.00139562972388 0.00115069089996 
0.00776126904656 0.00110719253451 0.000827220296068 -0.00196364968856 0.00219004863041 0.00393226908298 0.000270743768864 0.00122460010897 0.00422191567478 0.0403490986559 0.00181429695467 0.00494819542897 0.00223919402312 0.00145267355238 0.00362304742886 0.00141609461901 0.00255988061897 0.0013038651924 0.00105454850373 0.00120719603133 
6.19232892853e-05 0.00160433547183 5.16325890196e-05 -0.00310914831476 0.000373191687177 -0.000733416217237 4.00384117753e-05 0.00358283320073 0.00357856533995 0.00181429695467 0.0779461486075 0.000964157715792 0.000125833713024 0.0014756853341 0.000159079971143 0.00234577454006 0.0035292125716 0.00314373059688 0.00163144950806 -0.000443297316778 
0.00181341204051 0.00184623350927 0.00174111979363 -0.00359074090523 0.00220842566534 0.00365298087181 0.0047046711469 0.00220022971009 0.00153115383685 0.00494819542897 0.000964157715792 0.0411002699027 0.000428378997204 0.00439695803801 0.00130896809504 0.00196136727676 2.64006844837e-05 0.00309715177166 0.00160327342257 0.000988160066776 
0.00306885117287 0.00311551140865 0.000761851783006 0.00108821205779 6.80394117534e-05 0.00184156919289 -0.00400526786014 0.00122920798548 8.58307875461e-05 0.00223919402312 0.000125833713024 0.000428378997204 0.0200797341716 -0.00145817909027 0.00163042004991 0.000783237056792 0.00153045526821 0.00134184907059 0.00164474140352 0.000594580496114 
0.0035704741536 0.00105894383745 0.000968855038177 -0.00293942468492 0.0023504605942 0.000484279499755 0.00211000135646 0.0014190147835 0.00372402515761 0.00145267355238 0.0014756853341 0.00439695803801 -0.00145817909027 0.0347020935657 0.00240138159172 0.00170692368625 0.00183675658116 0.00248772521547 0.000631100318433 0.00143753823706 
0.00134949759503 0.00184794256703 0.0012082633861 -0.00157678840364 0.00238275209019 0.00180956836082 0.000892705923521 0.00293420199483 0.00272058095669 0.00362304742886 0.000159079971143 0.00130896809504 0.00163042004991 0.00240138159172 0.037266631375 0.00216451278882 -0.00115313835529 0.0014608641251 0.000915149811057 -0.000369504735567 
0.0028321628742 0.00166749206449 0.00174653454526 -0.000543297046777 0.00372839307739 0.00329624816616 0.00313716898468 0.00385316333647 0.00355569096976 0.00141609461901 0.00234577454006 0.00196136727676 0.000783237056792 0.00170692368625 0.00216451278882 0.0182750615713 0.00268042778419 0.00096361866066 0.00126922590283 0.00157781446516 
0.000502364522867 0.00109018678713 0.00127105477828 -0.00241657092464 0.00353694432729 0.00180736980183 1.66387775029e-05 0.00201547722185 0.00487130526308 0.00255988061897 0.0035292125716 2.64006844837e-05 0.00153045526821 0.00183675658116 -0.00115313835529 0.00268042778419 0.0398299990701 0.000159460100693 -0.00133868449072 0.000675945333166 
0.000413372915614 0.000748680983239 0.00152148573767 -0.00254776427802 0.00106679304352 0.00326274540189 0.00212848929692 0.00200020710394 0.00252904803967 0.0013038651924 0.00314373059688 0.00309715177166 0.00134184907059 0.00248772521547 0.0014608641251 0.00096361866066 0.000159460100693 0.0166154197148 0.000727633239767 0.00144373408029 
6.22528729117e-05 0.00396242163318 0.000666795988178 -0.00165753924481 0.00189100711434 0.00250141977432 0.00110760158086 0.00248207874514 0.00139562972388 0.00105454850373 0.00163144950806 0.00160327342257 0.00164474140352 0.000631100318433 0.000915149811057 0.00126922590283 -0.00133868449072 0.000727633239767 0.0275619583731 0.00231925250831 
-0.000757083567009 0.00108014965216 0.000318851768816 -0.00209644317731 -0.000683764826281 0.0010127466903 0.00208633327116 0.00178481809439 0.00115069089996 0.00120719603133 -0.000443297316778 0.000988160066776 0.000594580496114 0.00143753823706 -0.000369504735567 0.00157781446516 0.000675945333166 0.00144373408029 0.00231925250831 0.0167804340797 

['UNM', 'CL', 'MMM', 'ESRX', 'FISV', 'MON', 'HLT', 'STI', 'PH', 'NVDA', 'ADBE', 'FD', 'ABC', 'JNY', 'TSG', 'CTAS', 'COP', 'IFF', 'ABT', 'MDP']