30
0.126514999345 0.0749299903321 0.059162885268 0.0194782181544 0.0324129219316 0.00859756350963 0.0413299620627 0.0598638009539 0.00108215816497 0.0723018126246 0.0384658872101 0.0147816990943 0.00839736130492 0.0737969483193 0.201678989994 0.0759168136047 0.0350054865441 0.0755027876102 0.106356452037 0.0176197090425 -0.0014382556632 0.16701162673 0.13190386478 0.0101927526284 0.00265371642944 0.099400173405 0.0262084488718 0.0540494724418 0.0415957971797 0.0463620133958 
0.269653439866 0.0362862957751 0.0161725730891 0.012362273032 0.00303542080804 0.0228935663543 0.000355159427684 0.0246664620807 0.0408899728343 0.0201972324086 0.0205180143882 0.0166638379705 0.023206906427 0.0075320440766 0.00942930155439 0.0337258622974 0.00477222175913 0.0105079256257 0.0772807918847 0.0180440926742 0.0258573393296 0.0152765542509 -0.00527050044765 0.00624801691212 -0.0107319027316 0.00921819937313 0.0317293024042 0.0482753434676 0.0103573199172 0.0420916087483 
0.0362862957751 0.435111872218 0.0489886298993 0.0212944783265 0.0221072419308 0.0125544998324 0.022387373771 0.0388201912333 0.00114926527832 0.0705314128246 0.0184114202314 0.0182810477136 0.023790223305 0.0235635160809 0.00478574663939 0.0314501187837 0.0196898447923 0.0107038668903 0.0325506246503 0.0161446753076 0.0217371236427 0.0316191486242 -0.000763867843369 0.0153986446519 -0.00366650082829 0.0740727889567 0.0184624856175 0.0208879756062 0.039643277126 0.0246313196472 
0.0161725730891 0.0489886298993 0.3493740939 -0.00492951819109 0.00720792532941 0.0170182201663 0.0108719390008 0.0133074599144 -0.0150538472645 0.02084700964 -0.00218087759056 0.00134346149968 0.0101043778005 0.00682381696564 -0.0182121927153 -0.0106673459956 -0.00956023944233 0.0119663201607 0.014523474755 0.0103449234432 0.0323698397346 -0.0279157696177 -0.00154982506222 -0.0105863866358 -0.00116491125504 0.0100489605239 0.0239651462875 0.0101180495017 0.040096254939 0.0212905394664 
0.012362273032 0.0212944783265 -0.00492951819109 0.165540829686 0.0142835995288 0.0160035711025 0.0299613948945 0.0443568177061 0.00952200645512 0.0419106591972 0.0523670274723 0.0663515230517 0.0307338654795 0.025305695065 0.0016750371548 0.00667749352793 0.0203315013289 0.0135649903915 0.0113058055981 0.00958581133587 -0.00478593736462 4.3308750429e-05 0.006643347207 0.0267270110269 0.0151637451904 0.0356765614714 0.0423713285391 0.0242605423391 0.0302013513967 0.0137440844724 
0.00303542080804 0.0221072419308 0.00720792532941 0.0142835995288 0.2883431469 0.0236840330823 0.00347158448629 0.0157233638258 -0.0069502695554 0.00534041729768 0.0219443726159 0.0103465945238 0.0194527431267 0.0145502506956 -0.00634022040338 0.0139765223527 0.0102847587328 -0.0127356157035 0.0167718609088 -0.00382566198375 0.0175960525389 -0.00635965675993 -0.0168726362841 0.00499575849209 0.00641779800569 0.0235975156473 0.00924903537337 0.04679238436 -0.00782973412366 -0.000254580859014 
0.0228935663543 0.0125544998324 0.0170182201663 0.0160035711025 0.0236840330823 0.228372764034 0.0063248035275 0.0247566520707 0.0191989198758 0.00806217063964 0.021615525921 0.00447167091659 0.0389715413061 0.0150650150579 0.0200342581935 0.0159404011762 0.0233787774921 -0.0306713392274 -0.00856274392671 0.008046962244 0.00753019927195 0.008237317222 -0.00183649043879 0.0233783499621 -0.00100348166002 0.0358375758524 0.0369718726293 0.0105942835213 0.0205199863768 0.0176970642582 
0.000355159427684 0.022387373771 0.0108719390008 0.0299613948945 0.00347158448629 0.0063248035275 0.258473433586 0.0181501574892 -0.0046911616728 0.0488569579048 0.0370148207914 0.0374089126365 0.0173844012992 -0.00353809319215 0.0552540360376 0.0238002589327 0.00996966825146 0.0235839955839 -0.00286859428563 0.0101796620387 0.00591242740366 0.0957755067338 -0.0359301302436 0.0109140243333 0.0832991458511 0.014145857458 0.0199772404014 0.0157519086196 0.0296488184964 0.0142438600075 
0.0246664620807 0.0388201912333 0.0133074599144 0.0443568177061 0.0157233638258 0.0247566520707 0.0181501574892 0.205392986878 0.013298987235 0.022432449772 0.0349171688956 0.0257950279454 0.033252585924 0.0190640907795 0.0211263600487 0.0117764683492 0.0268959810376 0.0241823181612 0.053595503933 0.0305299520839 0.00948105227552 -0.00274898614205 -0.01526302901 0.0344534351179 0.0138792314584 0.010078317596 0.0445211738423 0.0384697205365 0.0237969807415 0.0238093981259 
0.0408899728343 0.00114926527832 -0.0150538472645 0.00952200645512 -0.0069502695554 0.0191989198758 -0.0046911616728 0.013298987235 0.250137823995 0.0220320535421 0.00764735341283 0.00494601318687 0.0123838282889 -0.0129531584674 0.0137957433738 0.00713725126499 0.0130410912467 0.0125268783635 0.0162534879502 0.017594945256 0.00153252753372 0.015354862769 -0.00869762048512 0.0235683360141 0.000820752693075 0.0241540896879 0.013841768408 0.0199106249192 0.0167374185082 0.00218259585993 
0.0201972324086 0.0705314128246 0.02084700964 0.0419106591972 0.00534041729768 0.00806217063964 0.0488569579048 0.022432449772 0.0220320535421 0.455248324714 0.0342655918935 0.0306030402161 0.013723059392 0.0127709856964 0.00466618012492 0.0201727018773 0.0185392808736 0.0370870714665 0.0413200826949 0.00614373520216 0.030784366651 0.0208332748774 -0.00694487301629 0.0491135192907 0.00916219754703 0.0548032318557 0.0789632219515 0.0112735719475 0.0935967804703 0.0197274593249 
0.0205180143882 0.0184114202314 -0.00218087759056 0.0523670274723 0.0219443726159 0.021615525921 0.0370148207914 0.0349171688956 0.00764735341283 0.0342655918935 0.238035146879 0.0289951508235 0.0304513513692 0.014484621033 -0.00121540148019 0.00594644539222 0.00848264949077 0.0130445103613 0.00973656206869 0.0110015351601 0.0196574559669 0.0222318731338 -0.000448240583759 0.0317263964149 0.0215024960218 0.0411420326704 0.0298013602132 0.0264093115685 0.0336724769224 0.0298048972449 
0.0166638379705 0.0182810477136 0.00134346149968 0.0663515230517 0.0103465945238 0.00447167091659 0.0374089126365 0.0257950279454 0.00494601318687 0.0306030402161 0.0289951508235 0.212112633782 0.0138740047491 0.0133415417336 -0.003538576141 0.00598059844236 0.0123308578687 -0.0280021940433 0.0074707152289 0.0166587425105 0.000395234603002 0.0124719524412 -0.00920270375743 0.0107234933438 0.0151229461079 0.0274685030614 0.0248517046678 0.0234857793243 0.0378509356177 0.0255424348628 
0.023206906427 0.023790223305 0.0101043778005 0.0307338654795 0.0194527431267 0.0389715413061 0.0173844012992 0.033252585924 0.0123838282889 0.013723059392 0.0304513513692 0.0138740047491 0.14340373504 0.0213036400276 0.0360665337164 0.0329108464457 0.0228865712602 0.00822228648779 0.0177234297715 0.0203120652718 0.0069531506342 0.0223508053308 0.00970137545939 0.0168050951836 0.00397603511406 0.0291943777091 0.0441764690212 0.0282601519998 0.0132387713462 0.00282556668767 
0.0075320440766 0.0235635160809 0.00682381696564 0.025305695065 0.0145502506956 0.0150650150579 -0.00353809319215 0.0190640907795 -0.0129531584674 0.0127709856964 0.014484621033 0.0133415417336 0.0213036400276 0.348091781104 0.0217704705525 -0.00218875431132 0.0377151640603 0.015436752629 0.0173376012854 0.00914701313289 0.0309665819807 0.0297269856494 0.0102825179866 0.0215206193228 0.00533327523173 0.0246606669982 0.0031254116492 -0.00173274642362 0.0259373638638 0.00746564317062 
0.00942930155439 0.00478574663939 -0.0182121927153 0.0016750371548 -0.00634022040338 0.0200342581935 0.0552540360376 0.0211263600487 0.0137957433738 0.00466618012492 -0.00121540148019 -0.003538576141 0.0360665337164 0.0217704705525 1.24038751895 0.101548908586 0.0138767519916 0.048855115471 0.00417735856555 0.00148849957261 0.013383830015 0.0270025468094 0.0031180824737 0.0234821038916 0.0150469437747 0.0285206396469 -0.00760064635464 0.0180386148805 0.0157453034888 0.0185201239663 
0.0337258622974 0.0314501187837 -0.0106673459956 0.00667749352793 0.0139765223527 0.0159404011762 0.0238002589327 0.0117764683492 0.00713725126499 0.0201727018773 0.00594644539222 0.00598059844236 0.0329108464457 -0.00218875431132 0.101548908586 0.32752641138 0.0140233555474 0.0418815593541 0.035320778786 -0.00523104635508 -0.00173369286687 0.0236789638555 -0.00368309516845 0.0556660345912 -0.00362066124392 0.00803048627512 0.0286263587566 0.012292161824 0.0181444079825 -0.0309603162164 
0.00477222175913 0.0196898447923 -0.00956023944233 0.0203315013289 0.0102847587328 0.0233787774921 0.00996966825146 0.0268959810376 0.0130410912467 0.0185392808736 0.00848264949077 0.0123308578687 0.0228865712602 0.0377151640603 0.0138767519916 0.0140233555474 0.140622012006 0.0116642196342 0.0338385470055 0.0195596760423 0.00427798884922 0.0154741757452 0.0175634783264 0.0142368540413 0.00940441586182 0.0331512179476 0.0172845771694 0.0227304704306 0.0103666450353 0.0155398985393 
0.0105079256257 0.0107038668903 0.0119663201607 0.0135649903915 -0.0127356157035 -0.0306713392274 0.0235839955839 0.0241823181612 0.0125268783635 0.0370870714665 0.0130445103613 -0.0280021940433 0.00822228648779 0.015436752629 0.048855115471 0.0418815593541 0.0116642196342 0.723138800635 -0.0142748056397 0.00485069380246 0.0160318122123 0.0160307743078 0.120525515316 0.0139383698261 0.0472988337221 0.0384418522431 0.0215886047335 -0.00874232288904 0.0177794776742 -0.0160106426077 
0.0772807918847 0.0325506246503 0.014523474755 0.0113058055981 0.0167718609088 -0.00856274392671 -0.00286859428563 0.053595503933 0.0162534879502 0.0413200826949 0.00973656206869 0.0074707152289 0.0177234297715 0.0173376012854 0.00417735856555 0.035320778786 0.0338385470055 -0.0142748056397 0.545289034677 0.0198448339559 -0.0020983818383 0.0283313859295 -0.0244778532905 0.0278277456788 -0.00603687134298 0.0534850715094 0.053268257535 0.0359272889895 0.0321661012281 0.00867901341752 
0.0180440926742 0.0161446753076 0.0103449234432 0.00958581133587 -0.00382566198375 0.008046962244 0.0101796620387 0.0305299520839 0.017594945256 0.00614373520216 0.0110015351601 0.0166587425105 0.0203120652718 0.00914701313289 0.00148849957261 -0.00523104635508 0.0195596760423 0.00485069380246 0.0198448339559 0.188851564883 0.0146496325729 0.00970615791593 -0.002302714996 -0.00430191033731 -0.00318265445709 0.0168430618748 0.018110439442 0.0545592134359 -0.00266674779269 0.00987683838073 
0.0258573393296 0.0217371236427 0.0323698397346 -0.00478593736462 0.0175960525389 0.00753019927195 0.00591242740366 0.00948105227551 0.00153252753372 0.030784366651 0.0196574559669 0.000395234603003 0.0069531506342 0.0309665819807 0.013383830015 -0.00173369286687 0.00427798884922 0.0160318122123 -0.0020983818383 0.0146496325729 0.226048503781 0.00206607365052 0.00855973489765 0.0106582653239 0.000813534570791 0.00747188888285 0.00530604415069 0.0110107355399 0.0205903715476 0.00862745830087 
0.0152765542509 0.0316191486242 -0.0279157696177 4.3308750429e-05 -0.00635965675993 0.008237317222 0.0957755067338 -0.00274898614205 0.015354862769 0.0208332748774 0.0222318731338 0.0124719524412 0.0223508053308 0.0297269856494 0.0270025468094 0.0236789638555 0.0154741757452 0.0160307743078 0.0283313859295 0.00970615791593 0.00206607365052 0.493467055574 0.0402033329105 0.0169959510205 0.0924164260316 0.0292071458755 -0.015778403645 0.0156896672284 0.0235304083072 0.00716886990889 
-0.00527050044765 -0.000763867843369 -0.00154982506222 0.006643347207 -0.0168726362841 -0.00183649043879 -0.0359301302436 -0.01526302901 -0.00869762048512 -0.00694487301629 -0.000448240583759 -0.00920270375743 0.00970137545939 0.0102825179866 0.0031180824737 -0.00368309516845 0.0175634783264 0.120525515316 -0.0244778532905 -0.002302714996 0.00855973489765 0.0402033329105 1.06325184804 -0.00120360389311 -0.00938685845022 -0.0166538152695 0.0083542859954 0.0120342560114 -0.0102208728028 -0.0234733202415 
0.00624801691212 0.0153986446519 -0.0105863866358 0.0267270110269 0.00499575849209 0.0233783499621 0.0109140243333 0.0344534351179 0.0235683360141 0.0491135192907 0.0317263964149 0.0107234933438 0.0168050951836 0.0215206193228 0.0234821038916 0.0556660345912 0.0142368540413 0.0139383698261 0.0278277456788 -0.00430191033731 0.0106582653239 0.0169959510205 -0.00120360389311 0.253813172116 0.00534984409711 0.0229051037312 0.0357320948592 0.00462284401568 0.0364483583132 0.00982432472827 
-0.0107319027316 -0.00366650082829 -0.00116491125504 0.0151637451904 0.00641779800569 -0.00100348166002 0.0832991458511 0.0138792314584 0.000820752693075 0.00916219754703 0.0215024960218 0.0151229461079 0.00397603511406 0.00533327523173 0.0150469437747 -0.00362066124392 0.00940441586182 0.0472988337221 -0.00603687134298 -0.00318265445709 0.000813534570791 0.0924164260316 -0.00938685845022 0.00534984409711 0.210600454463 0.00772715771684 0.00502541121579 0.0199001551737 0.00225895686486 -0.00165443289526 
0.00921819937313 0.0740727889567 0.0100489605239 0.0356765614714 0.0235975156473 0.0358375758524 0.014145857458 0.010078317596 0.0241540896879 0.0548032318557 0.0411420326704 0.0274685030614 0.0291943777091 0.0246606669982 0.0285206396469 0.00803048627512 0.0331512179476 0.0384418522431 0.0534850715094 0.0168430618748 0.00747188888285 0.0292071458755 -0.0166538152695 0.0229051037312 0.00772715771684 0.355483685418 0.0406675168029 0.00721807674749 0.0172378417189 0.0239504884484 
0.0317293024042 0.0184624856175 0.0239651462875 0.0423713285391 0.00924903537337 0.0369718726293 0.0199772404014 0.0445211738423 0.013841768408 0.0789632219515 0.0298013602132 0.0248517046678 0.0441764690212 0.0031254116492 -0.00760064635464 0.0286263587566 0.0172845771694 0.0215886047335 0.053268257535 0.018110439442 0.00530604415069 -0.015778403645 0.0083542859954 0.0357320948592 0.00502541121579 0.0406675168029 0.316717076373 0.00876221742838 0.0389529148637 0.000478355297527 
0.0482753434676 0.0208879756062 0.0101180495017 0.0242605423391 0.04679238436 0.0105942835213 0.0157519086196 0.0384697205365 0.0199106249192 0.0112735719475 0.0264093115685 0.0234857793243 0.0282601519998 -0.00173274642362 0.0180386148805 0.012292161824 0.0227304704306 -0.00874232288905 0.0359272889895 0.0545592134359 0.0110107355399 0.0156896672284 0.0120342560114 0.00462284401568 0.0199001551737 0.00721807674749 0.00876221742838 0.268040198693 0.0135250751524 0.0145996049689 
0.0103573199172 0.039643277126 0.040096254939 0.0302013513967 -0.00782973412366 0.0205199863768 0.0296488184964 0.0237969807415 0.0167374185082 0.0935967804703 0.0336724769224 0.0378509356177 0.0132387713462 0.0259373638638 0.0157453034888 0.0181444079825 0.0103666450353 0.0177794776742 0.0321661012281 -0.00266674779269 0.0205903715476 0.0235304083072 -0.0102208728028 0.0364483583132 0.00225895686486 0.0172378417189 0.0389529148637 0.0135250751524 0.238832889888 0.0189592858745 
0.0420916087483 0.0246313196472 0.0212905394664 0.0137440844724 -0.000254580859014 0.0176970642582 0.0142438600075 0.0238093981259 0.00218259585993 0.0197274593249 0.0298048972449 0.0255424348628 0.00282556668767 0.00746564317062 0.0185201239663 -0.0309603162164 0.0155398985393 -0.0160106426077 0.00867901341752 0.00987683838073 0.00862745830087 0.00716886990889 -0.0234733202415 0.00982432472827 -0.00165443289526 0.0239504884484 0.000478355297527 0.0145996049689 0.0189592858745 0.402830338505 
0.0233526729142 0.00314248539504 0.00140058591397 0.00107060424942 0.000262875153093 0.00198264100461 3.07577086768e-05 0.00213617827834 0.00354117552346 0.0017491316352 0.00177691216954 0.0014431307007 0.00200977705091 0.000652294151276 0.000816601468604 0.0029207453514 0.00041328652759 0.00091001305329 0.00669271289967 0.00156266426441 0.00223931127337 0.00132298840636 -0.000456438727832 0.000541094136917 -0.000929410039655 0.000798319483428 0.00274783819264 0.00418076738194 0.000896970216344 0.00364524024622 
0.00314248539504 0.0376817934829 0.00424253979893 0.00184415591911 0.00191454331197 0.00108725157867 0.00193880344097 0.00336192717878 9.9529292671e-05 0.00610819952709 0.00159447576401 0.00158318517277 0.00206029377438 0.00204066035285 0.000414457816579 0.00272366018187 0.00170519057867 0.000926982064573 0.00281896678563 0.00139816989522 0.00188249012798 0.00273829859546 -6.61528957492e-05 0.00133356174524 -0.000317528286029 0.00641489169657 0.00159889815617 0.00180895175086 0.00343320850803 0.00213313485432 
0.00140058591397 0.00424253979893 0.0302566840741 -0.00042690879819 0.000624224644385 0.00147382109912 0.000941537536309 0.00115245983457 -0.00130370141557 0.00180540399412 -0.000188869539597 0.000116347178773 0.000875064786464 0.000590959884302 -0.00157722215501 -0.000923819262312 -0.000827941022332 0.0010363137249 0.00125776980891 0.000895896650205 0.00280331035266 -0.00241757656551 -0.00013421878753 -0.000916807976092 -0.000100884274002 0.00087026550953 0.00207544254904 0.000876248790526 0.00347243753738 0.00184381480381 
0.00107060424942 0.00184415591911 -0.00042690879819 0.0143362563872 0.00123699600494 0.00138594991261 0.00259473291114 0.00384141309645 0.000824629948513 0.00362956955542 0.00453511761117 0.00574621045425 0.00266163082618 0.00219153747868 0.000145062472834 0.000578287902879 0.00176075966479 0.00117476262811 0.000979111485824 0.000830155613275 -0.000414474333868 3.75064780776e-06 0.000575330744742 0.00231462705165 0.00131321885514 0.00308968085539 0.0036694646907 0.00210102459753 0.00261551375381 0.00119027263049 
0.000262875153093 0.00191454331197 0.000624224644385 0.00123699600494 0.0249712490223 0.00205109743133 0.000300648035651 0.00136168325061 -0.000601910999813 0.00046249370466 0.00190043841555 0.00089604137003 0.0016846569721 0.00126008867338 -0.000549079193492 0.0012104023414 0.00089068623344 -0.00110293667321 0.00145248576158 -0.000331312046422 0.0015238628505 -0.000550762431344 -0.00146121316509 0.000432645376532 0.000555797610928 0.00204360480168 0.000800989959384 0.00405233935594 -0.000678074865596 -2.20473491223e-05 
0.00198264100461 0.00108725157867 0.00147382109912 0.00138594991261 0.00205109743133 0.0197776615186 0.000547744052876 0.00214398896059 0.00166267523377 0.000698204458358 0.00187195945637 0.000387258061113 0.00337503447957 0.00130466857485 0.00173501765416 0.00138047923651 0.00202466152175 -0.0026562158939 -0.000741555376663 0.00069688737266 0.000652134386507 0.000713372597329 -0.00015904473738 0.00202462449657 -8.69040609805e-05 0.00310362510982 0.00320185809225 0.000917491866431 0.00177708294876 0.001532610722 
3.07577086768e-05 0.00193880344097 0.000941537536309 0.00259473291114 0.000300648035651 0.000547744052876 0.0223844559688 0.00157184974683 -0.000406266518191 0.00423113666972 0.00320557751219 0.00323970686712 0.00150553331547 -0.000306407858536 0.00478513988702 0.00206116288523 0.000863398597307 0.00204243392984 -0.00024842755245 0.000881584592744 0.00051203123296 0.00829440218918 -0.00311164055523 0.000945182233018 0.00721391764206 0.0012250671917 0.00173007976851 0.00136415530226 0.00256766300101 0.00123355446144 
0.00213617827834 0.00336192717878 0.00115245983457 0.00384141309645 0.00136168325061 0.00214398896059 0.00157184974683 0.0177875544396 0.00115172607901 0.00194270713717 0.00302391552919 0.0022339149492 0.00287975841517 0.00165099869151 0.00182959644917 0.00101987207573 0.00232926028383 0.002094250185 0.00464150679346 0.0026439714081 0.00082108321252 -0.000238069183367 -0.00132181708613 0.00298375500598 0.0012019767028 0.000872807906551 0.00385564675537 0.00333157552611 0.00206087898555 0.00206195436259 
0.00354117552346 9.95292926711e-05 -0.00130370141557 0.000824629948513 -0.000601910999812 0.00166267523377 -0.000406266518191 0.00115172607901 0.0216625710027 0.0019080318065 0.000662280232723 0.000428337306728 0.00107247098942 -0.0011217764292 0.00119474642258 0.000618104090867 0.00112939163127 0.00108485948929 0.0014075933465 0.00152376695699 0.00013272077762 0.00132977012296 -0.000753236029259 0.00204107777132 7.10792682427e-05 0.0020918055275 0.00119873230746 0.00172431069852 0.00144950296219 0.00018901834609 
0.0017491316352 0.00610819952709 0.00180540399412 0.00362956955542 0.00046249370466 0.000698204458358 0.00423113666972 0.00194270713717 0.0019080318065 0.0394256614233 0.00296748730555 0.00265030102602 0.00118845180511 0.00110599980445 0.000404103052682 0.00174700722887 0.00160554882045 0.00321183460419 0.00357842413003 0.000532063075919 0.00266600435592 0.00180421452879 -0.000601443645816 0.0042533555375 0.000793469583022 0.00474609909965 0.00683841561747 0.000976319969797 0.00810571895997 0.00170844809275 
0.00177691216954 0.00159447576401 -0.000188869539597 0.00453511761117 0.00190043841555 0.00187195945637 0.00320557751219 0.00302391552919 0.000662280232723 0.00296748730555 0.0206144484191 0.00251105371997 0.00263716438653 0.00125440497787 -0.000105256855764 0.000514977277188 0.00073461899504 0.00112968773528 0.000843211009701 0.000952760892924 0.00170238562411 0.00192533669076 -3.88187732543e-05 0.00274758652659 0.00186217077997 0.00356300454559 0.0025808735012 0.00228711347148 0.00291612204232 0.00258117981712 
0.0014431307007 0.00158318517277 0.000116347178773 0.00574621045425 0.00089604137003 0.000387258061113 0.00323970686712 0.0022339149492 0.000428337306728 0.00265030102602 0.00251105371997 0.0183694929319 0.00120152405649 0.00115541140669 -0.000306449683133 0.000517935018092 0.00106788361648 -0.00242506114032 0.000646982917267 0.00144268942092 3.42283206655e-05 0.00108010276488 -0.000796977523743 0.000928681765303 0.00130968555095 0.00237884214551 0.00215222075696 0.00203392815225 0.00327798718019 0.00221203974657 
0.00200977705091 0.00206029377438 0.000875064786464 0.00266163082618 0.0016846569721 0.00337503447957 0.00150553331547 0.00287975841517 0.00107247098942 0.00118845180511 0.00263716438653 0.00120152405649 0.0124191277542 0.0018449493457 0.00312345344249 0.0028501629082 0.00198203521169 0.000712070897562 0.00153489404243 0.00175907645287 0.000602160508556 0.00193563652115 0.000840163759948 0.0014553639342 0.000344334741512 0.00252830727437 0.00382579444219 0.00244740095467 0.00114651123007 0.000244701253161 
0.000652294151276 0.00204066035285 0.000590959884302 0.00219153747868 0.00126008867338 0.00130466857485 -0.000306407858536 0.00165099869151 -0.0011217764292 0.00110599980445 0.00125440497787 0.00115541140669 0.0018449493457 0.0301456325284 0.00188537805508 -0.000189551683625 0.00326622901841 0.00133686199286 0.00150148031539 0.000792154574183 0.00268178466637 0.00257443247503 0.000890492179128 0.00186374030387 0.000461875183605 0.00213567640947 0.000270668588549 -0.000150060242117 0.00224624160132 0.000646543664135 
0.000816601468604 0.000414457816579 -0.00157722215501 0.000145062472834 -0.000549079193492 0.00173501765416 0.00478513988702 0.00182959644917 0.00119474642258 0.000404103052682 -0.000105256855764 -0.000306449683133 0.00312345344249 0.00188537805508 0.107420710195 0.00879439345619 0.00120176197467 0.00423097711027 0.000361769863848 0.000128907844341 0.00115907367929 0.00233848915038 0.000270033863332 0.00203360985044 0.00130310355582 0.00246995984664 -0.00065823528283 0.00156218987356 0.00136358328116 0.00160388978361 
0.0029207453514 0.00272366018187 -0.000923819262312 0.00057828790288 0.0012104023414 0.00138047923651 0.00206116288523 0.00101987207573 0.000618104090868 0.00174700722887 0.000514977277188 0.000517935018092 0.0028501629082 -0.000189551683625 0.00879439345619 0.0283646192665 0.00121445821504 0.00362704943508 0.00305886917101 -0.000453021903187 -0.000150142206507 0.00205065842341 -0.000318965398044 0.0048208200084 -0.000313558461573 0.0006954605119 0.00247911539011 0.0010645324407 0.00157135182495 -0.00268124203526 
0.00041328652759 0.00170519057867 -0.000827941022332 0.00176075966479 0.00089068623344 0.00202466152175 0.000863398597307 0.00232926028383 0.00112939163127 0.00160554882045 0.00073461899504 0.00106788361648 0.00198203521169 0.00326622901841 0.00120176197467 0.00121445821504 0.0121782234728 0.00101015105186 0.00293050413339 0.00169391763424 0.000370484702054 0.0013401029298 0.00152104184095 0.00123294772698 0.000814446304409 0.0028709796909 0.00149688829223 0.00196851648329 0.000897777795262 0.00134579469073 
0.00091001305329 0.000926982064573 0.0010363137249 0.00117476262811 -0.00110293667321 -0.0026562158939 0.00204243392984 0.002094250185 0.00108485948929 0.00321183460419 0.00112968773528 -0.00242506114032 0.000712070897562 0.00133686199286 0.00423097711027 0.00362704943508 0.00101015105186 0.0626256571812 -0.00123623443181 0.000420082405891 0.00138839566446 0.00138830577929 0.0104378158068 0.00120709823568 0.00409619915727 0.0033291620611 0.00186962801315 -0.000757107371 0.00153974793319 -0.00138656232292 
0.00669271289967 0.00281896678563 0.00125776980891 0.000979111485824 0.00145248576158 -0.000741555376663 -0.00024842755245 0.00464150679346 0.0014075933465 0.00357842413003 0.000843211009701 0.000646982917267 0.00153489404243 0.00150148031539 0.000361769863848 0.00305886917101 0.00293050413339 -0.00123623443181 0.0472234156435 0.00171861303397 -0.00018172519788 0.00245356999394 -0.00211984427797 0.00240995346879 -0.00052280839424 0.00463194306503 0.00461316642406 0.0031113944954 0.00278566608042 0.000751624609936 
0.00156266426441 0.00139816989522 0.000895896650205 0.000830155613275 -0.000331312046422 0.00069688737266 0.000881584592744 0.0026439714081 0.00152376695699 0.000532063075919 0.000952760892924 0.00144268942092 0.00175907645287 0.000792154574183 0.000128907844341 -0.000453021903187 0.00169391763424 0.000420082405891 0.00171861303397 0.0163550252733 0.00126869539642 0.000840577932834 -0.000199420968421 -0.000372556363691 -0.000275625961131 0.00145865194611 0.00156841006305 0.00472496648459 -0.000230947133396 0.000855359294678 
0.00223931127337 0.00188249012798 0.00280331035266 -0.000414474333868 0.0015238628505 0.000652134386507 0.00051203123296 0.00082108321252 0.00013272077762 0.00266600435592 0.00170238562411 3.42283206655e-05 0.000602160508556 0.00268178466637 0.00115907367929 -0.000150142206507 0.000370484702054 0.00138839566446 -0.00018172519788 0.00126869539642 0.0195763746762 0.000178927226744 0.000741294787102 0.00092303285308 7.04541605162e-05 0.00064708455868 0.00045951690281 0.000953557669194 0.00178317848336 0.000747159805864 
0.00132298840636 0.00273829859546 -0.00241757656551 3.75064780777e-06 -0.000550762431344 0.000713372597329 0.00829440218918 -0.000238069183367 0.00132977012296 0.00180421452879 0.00192533669076 0.00108010276488 0.00193563652115 0.00257443247503 0.00233848915038 0.00205065842341 0.0013401029298 0.00138830577929 0.00245356999394 0.000840577932834 0.000178927226744 0.0427355006058 0.00348171076173 0.00147189253452 0.00800349726703 0.00252941303002 -0.00136644983877 0.00135876503967 0.00203779313555 0.000620842345753 
-0.000456438727832 -6.61528957492e-05 -0.00013421878753 0.000575330744742 -0.00146121316509 -0.00015904473738 -0.00311164055523 -0.00132181708613 -0.000753236029259 -0.000601443645816 -3.88187732543e-05 -0.000796977523743 0.000840163759948 0.000890492179128 0.000270033863332 -0.000318965398044 0.00152104184095 0.0104378158068 -0.00211984427797 -0.000199420968421 0.000741294787102 0.00348171076173 0.0920803111028 -0.000104235154752 -0.000812925787962 -0.00144226270933 0.00072350239025 0.00104219714215 -0.000885153549611 -0.00203284916403 
0.000541094136917 0.00133356174524 -0.000916807976092 0.00231462705165 0.000432645376532 0.00202462449657 0.000945182233018 0.00298375500598 0.00204107777132 0.0042533555375 0.00274758652659 0.000928681765303 0.0014553639342 0.00186374030387 0.00203360985044 0.0048208200084 0.00123294772698 0.00120709823568 0.00240995346879 -0.000372556363691 0.00092303285308 0.00147189253452 -0.000104235154752 0.0219808654867 0.000463310089439 0.00198364017075 0.00309449018785 0.000400350035531 0.00315652042255 0.000850811478971 
-0.000929410039655 -0.000317528286029 -0.000100884274002 0.00131321885514 0.000555797610928 -8.69040609805e-05 0.00721391764206 0.0012019767028 7.10792682428e-05 0.000793469583022 0.00186217077997 0.00130968555095 0.000344334741512 0.000461875183605 0.00130310355582 -0.000313558461573 0.000814446304409 0.00409619915727 -0.00052280839424 -0.000275625961131 7.04541605161e-05 0.00800349726703 -0.000812925787962 0.000463310089439 0.0182385343614 0.000669191488183 0.000435213377734 0.00172340399196 0.000195631403102 -0.000143278091615 
0.000798319483428 0.00641489169657 0.00087026550953 0.00308968085539 0.00204360480168 0.00310362510982 0.0012250671917 0.000872807906551 0.0020918055275 0.00474609909965 0.00356300454559 0.00237884214551 0.00252830727437 0.00213567640947 0.00246995984664 0.0006954605119 0.0028709796909 0.0033291620611 0.00463194306503 0.00145865194611 0.00064708455868 0.00252941303002 -0.00144226270933 0.00198364017075 0.000669191488183 0.0307857902202 0.00352191026601 0.000625103782979 0.0014928408835 0.00207417314293 
0.00274783819264 0.00159889815617 0.00207544254904 0.0036694646907 0.000800989959384 0.00320185809225 0.00173007976851 0.00385564675537 0.00119873230747 0.00683841561747 0.0025808735012 0.00215222075696 0.00382579444219 0.000270668588549 -0.00065823528283 0.00247911539011 0.00149688829223 0.00186962801315 0.00461316642406 0.00156841006305 0.00045951690281 -0.00136644983877 0.00072350239025 0.00309449018785 0.000435213377734 0.00352191026601 0.0274285033951 0.000758830288646 0.00337342138234 4.14267839693e-05 
0.00418076738194 0.00180895175086 0.000876248790526 0.00210102459753 0.00405233935594 0.000917491866431 0.00136415530226 0.00333157552611 0.00172431069852 0.000976319969797 0.00228711347148 0.00203392815225 0.00244740095467 -0.000150060242117 0.00156218987356 0.0010645324407 0.00196851648329 -0.000757107371 0.0031113944954 0.00472496648459 0.000953557669194 0.00135876503967 0.00104219714215 0.000400350035531 0.00172340399196 0.000625103782979 0.000758830288646 0.0232129621304 0.00117130586701 0.00126436287883 
0.000896970216344 0.00343320850803 0.00347243753738 0.00261551375381 -0.000678074865596 0.00177708294876 0.00256766300101 0.00206087898555 0.00144950296219 0.00810571895997 0.00291612204232 0.00327798718019 0.00114651123007 0.00224624160132 0.00136358328116 0.00157135182495 0.000897777795262 0.00153974793319 0.00278566608042 -0.000230947133396 0.00178317848336 0.00203779313555 -0.000885153549611 0.00315652042255 0.000195631403102 0.0014928408835 0.00337342138234 0.00117130586701 0.0206835349902 0.00164192232049 
0.00364524024622 0.00213313485432 0.00184381480381 0.00119027263049 -2.20473491223e-05 0.001532610722 0.00123355446144 0.00206195436259 0.00018901834609 0.00170844809275 0.00258117981712 0.00221203974657 0.000244701253161 0.000646543664135 0.00160388978361 -0.00268124203526 0.00134579469073 -0.00138656232292 0.000751624609936 0.000855359294678 0.000747159805864 0.000620842345753 -0.00203284916403 0.000850811478971 -0.000143278091615 0.00207417314293 4.14267839693e-05 0.00126436287883 0.00164192232049 0.0348861306561 

['AYE', 'SHLD', 'STZ', 'STI', 'SGP', 'TSN', 'CB', 'PSA', 'CCE', 'MBI', 'WM', 'SAFC', 'GPC', 'CMVT', 'MNST', 'DE', 'SIAL', 'LXK', 'HAL', 'KR', 'CTL', 'PKI', 'CVG', 'INTC', 'ADP', 'JCP', 'BDK', 'SWY', 'MTG', 'HMA']