20
0.0279461936292 0.0292815331214 0.0493870590102 0.0201569416701 0.151477321577 0.162419244675 0.0737969483193 0.0291549562933 0.0559799775446 0.105904751354 0.0498631258667 0.234257183995 0.0714432896303 0.0275413533974 0.256023639664 0.110374427341 0.106356452037 0.0798623823862 0.0479071153807 0.11775000089 
0.195060735876 0.00135032468171 -0.000573396123942 0.0157864242689 0.00363690932418 -0.0085378258906 -0.00155387382912 0.0238350564887 0.0120345797766 0.00396065232872 0.0177940502391 -0.00826300058887 -0.00613061764576 0.0161275883019 0.0384780491769 0.00209905766819 0.000563061195065 0.0053929051863 -0.00112636112681 0.00670247817601 
0.00135032468171 0.160218297983 0.00605557844857 0.013956034154 0.0106438070124 0.0490811411905 0.0221143583991 0.0211073013116 0.0300829950325 0.0175310202648 0.020589158506 0.0207785143811 0.0110978340319 0.0206154123305 0.0445318778477 0.0154733062882 0.0170436351227 -0.00745372679832 0.0106365222518 0.0332641546868 
-0.000573396123941 0.00605557844857 0.220398427921 0.0182500432232 0.0125530629514 0.0238340619576 0.0128891674469 0.00679147627489 0.00706381343495 0.0194414376088 0.0142107227996 0.0015487366486 0.00493825515471 0.0265442884408 0.0433827750442 0.0287783460635 0.0413201362557 0.0255261738721 -0.00244832764585 0.0215278362213 
0.0157864242689 0.013956034154 0.0182500432232 0.197064133279 0.0150527157086 0.0245532151176 0.0368004220017 0.00707573388231 0.0277003751257 0.0162303881728 0.0286918522004 0.0108800933383 -0.0163848600388 0.0226174405856 0.0158072846108 0.0274163231007 0.00315398681333 0.0144217932287 0.0214108900649 0.0573784797865 
0.00363690932418 0.0106438070124 0.0125530629514 0.0150527157086 0.572370882182 0.0202766099405 -0.00813731941455 0.0257447589861 0.0263390244348 0.0396717330476 0.0346273198503 0.0156803704284 0.0144799073195 0.054264750546 0.0181301576484 0.0636366752049 0.0739260981163 0.055127651641 0.0514997959121 0.0233865136185 
-0.0085378258906 0.0490811411905 0.0238340619576 0.0245532151176 0.0202766099405 1.30009957582 0.0104432105446 0.00759055283825 0.0322839675458 0.0694720520883 -0.00872414790639 -0.0198047972862 0.0352421769835 0.027995550436 0.00447417178348 0.0311955147992 0.00880693381742 0.0177748379846 0.0652544398141 0.0365536396768 
-0.00155387382912 0.0221143583991 0.0128891674469 0.0368004220017 -0.00813731941455 0.0104432105446 0.351266490857 0.013230189476 0.0345689055626 0.0131413797941 0.0341851426102 -0.000225748833253 0.0150989043786 0.00970432015933 0.0355716541703 0.0185844272891 0.0150745637838 -0.0015560131544 0.0139409969908 0.0111097579973 
0.0238350564887 0.0211073013116 0.00679147627489 0.00707573388231 0.0257447589861 0.00759055283825 0.013230189476 0.258480982271 0.0224671463049 -0.00114993862955 0.0196033984178 0.0391365683851 0.00915409853295 0.00675019808001 0.0137465861972 0.016260184324 -0.0170022483466 0.018899354235 0.0142985263655 0.0100270017773 
0.0120345797766 0.0300829950325 0.00706381343495 0.0277003751257 0.0263390244348 0.0322839675458 0.0345689055626 0.0224671463049 0.259097710407 0.0274951004084 0.012357991775 0.0354340835695 0.00987754406464 -0.00370115885717 0.0104826696578 0.0131257593064 0.0178125640325 0.010952032884 0.0174866551735 0.0125127132492 
0.00396065232872 0.0175310202648 0.0194414376088 0.0162303881728 0.0396717330476 0.0694720520883 0.0131413797941 -0.00114993862955 0.0274951004084 0.424157503174 0.0422671689832 0.0174782557433 -0.00212192391545 0.021025512623 0.00260985721836 -0.0106877687093 0.0211727376935 0.020975481205 0.0350485711152 0.0342607035757 
0.0177940502391 0.020589158506 0.0142107227996 0.0286918522004 0.0346273198503 -0.00872414790639 0.0341851426102 0.0196033984178 0.012357991775 0.0422671689832 0.308527146488 0.0190760749768 -0.0202268074832 0.0231651251043 0.0429182013394 0.048878835131 0.0561023517076 0.0172966907433 0.0264788862064 -0.00655930605997 
-0.00826300058887 0.0207785143811 0.0015487366486 0.0108800933383 0.0156803704284 -0.0198047972862 -0.000225748833253 0.0391365683851 0.0354340835695 0.0174782557433 0.0190760749768 1.25451249681 0.148331177523 -0.00936221612877 0.00434527327355 0.0119287739339 0.0552469233553 0.0277188400334 0.0101576103831 0.0209250970048 
-0.00613061764576 0.0110978340319 0.00493825515471 -0.0163848600388 0.0144799073195 0.0352421769835 0.0150989043786 0.00915409853295 0.00987754406464 -0.00212192391545 -0.0202268074832 0.148331177523 0.345431415801 0.0214906455217 0.0458704448605 0.0253954497233 0.0385270395971 0.0237715015692 0.00602953247108 0.017120820546 
0.0161275883019 0.0206154123305 0.0265442884408 0.0226174405856 0.054264750546 0.027995550436 0.00970432015933 0.00675019808001 -0.00370115885717 0.021025512623 0.0231651251043 -0.00936221612877 0.0214906455217 0.197809236102 0.0350134363988 0.0129384946385 0.02983222132 0.0137414085865 0.0343320300663 0.0495174192595 
0.0384780491769 0.0445318778477 0.0433827750442 0.0158072846108 0.0181301576484 0.00447417178348 0.0355716541703 0.0137465861972 0.0104826696578 0.00260985721836 0.0429182013394 0.00434527327355 0.0458704448605 0.0350134363988 0.713077121649 0.048939010889 0.0722445416445 0.0452661918012 -0.0106644718866 -0.0297327429356 
0.00209905766819 0.0154733062882 0.0287783460635 0.0274163231007 0.0636366752049 0.0311955147992 0.0185844272891 0.016260184324 0.0131257593064 -0.0106877687093 0.048878835131 0.0119287739339 0.0253954497233 0.0129384946385 0.048939010889 0.457161904241 0.200634015439 0.178798270992 0.00533006641249 0.0272433087296 
0.000563061195065 0.0170436351227 0.0413201362557 0.00315398681333 0.0739260981163 0.00880693381742 0.0150745637838 -0.0170022483466 0.0178125640325 0.0211727376935 0.0561023517076 0.0552469233553 0.0385270395971 0.02983222132 0.0722445416445 0.200634015439 0.480132443974 0.150401730086 0.0363291985491 0.0816026172094 
0.0053929051863 -0.00745372679832 0.0255261738721 0.0144217932287 0.055127651641 0.0177748379846 -0.0015560131544 0.018899354235 0.010952032884 0.020975481205 0.0172966907433 0.0277188400334 0.0237715015692 0.0137414085865 0.0452661918012 0.178798270992 0.150401730086 0.357440031026 0.028597782076 0.0634637307325 
-0.00112636112681 0.0106365222518 -0.00244832764585 0.0214108900649 0.0514997959121 0.0652544398141 0.0139409969908 0.0142985263655 0.0174866551735 0.0350485711152 0.0264788862064 0.0101576103831 0.00602953247108 0.0343320300663 -0.0106644718866 0.00533006641249 0.0363291985491 0.028597782076 0.22917914204 0.0542791964088 
0.00670247817601 0.0332641546868 0.0215278362213 0.0573784797865 0.0233865136185 0.0365536396768 0.0111097579973 0.0100270017773 0.0125127132492 0.0342607035757 -0.00655930605997 0.0209250970048 0.017120820546 0.0495174192595 -0.0297327429356 0.0272433087296 0.0816026172094 0.0634637307325 0.0542791964088 0.902114258048 
0.0168927552549 0.000116941547772 -4.96575609765e-05 0.00136714444518 0.0003149655866 -0.000739397411434 -0.000134569421029 0.00206417644199 0.00104222518104 0.000343002553223 0.00154100995433 -0.000715596842144 -0.000530927062212 0.00139669011712 0.00333229680753 0.000181783726466 4.87625298811e-05 0.000467039289153 -9.75457349653e-05 0.000580451636873 
0.000116941547772 0.0138753116204 0.000524428477107 0.00120862801134 0.000921780726569 0.00425055151177 0.0019151596162 0.00182794591412 0.00260526379201 0.00151823089035 0.00178307343087 0.00179947213069 0.000961100619861 0.00178534707877 0.00385657374944 0.00134002763261 0.0014760220989 -0.000645511676022 0.000921149847797 0.00288076029941 
-4.96575609765e-05 0.000524428477107 0.0190870637533 0.00158050010515 0.00108712714112 0.00206409031307 0.00111623464427 0.000588159098325 0.000611744188226 0.00168367788553 0.00123068469506 0.000134124528146 0.000427665441435 0.00229880281151 0.0037570585275 0.00249227787699 0.00357842876853 0.00221063150347 -0.000212031393809 0.00186436530562 
0.00136714444518 0.00120862801134 0.00158050010515 0.0170662545594 0.00130360341996 0.00212637080364 0.00318701003235 0.00061277652925 0.00239892285533 0.00140559284709 0.00248478728872 0.000942243722654 -0.0014189705031 0.00195872781157 0.00136895100378 0.00237432322836 0.000273143270354 0.00124896393042 0.00185423747138 0.00496912211256 
0.0003149655866 0.000921780726569 0.00108712714112 0.00130360341996 0.0495687724356 0.00175600593111 -0.000704712533171 0.00222956152963 0.00228102642714 0.00343567286314 0.00299881386553 0.00135795991317 0.00125399675832 0.00469946525029 0.00157011770981 0.00551109773398 0.00640218789714 0.00477419467721 0.00446001315496 0.00202533148995 
-0.000739397411434 0.00425055151177 0.00206409031307 0.00212637080364 0.00175600593111 0.112591926011 0.000904408562867 0.000657361158669 0.00279587360296 0.00601645619615 -0.00075553337133 -0.00171514575666 0.00305206205524 0.00242448578705 0.000387474642539 0.00270161083002 0.000762702841534 0.00153934612428 0.00565120025888 0.00316563805609 
-0.000134569421029 0.0019151596162 0.00111623464427 0.00318701003235 -0.000704712533171 0.000904408562867 0.030420570458 0.00114576801831 0.00299375503983 0.00113807687425 0.00296052019325 -1.95504224472e-05 0.00130760347612 0.000840418778444 0.00308059561661 0.00160945861471 0.00130549551877 -0.000134754692033 0.00120732575481 0.000962133265556 
0.00206417644199 0.00182794591412 0.000588159098325 0.00061277652925 0.00222956152963 0.000657361158669 0.00114576801831 0.0223851097042 0.00194571194506 -9.95876065981e-05 0.00169770410303 0.00338932624385 0.000792768187828 0.000584584301787 0.00119048928621 0.00140817326948 -0.00147243789896 0.00163673208826 0.00123828870692 0.000868363826293 
0.00104222518104 0.00260526379201 0.000611744188226 0.00239892285533 0.00228102642714 0.00279587360296 0.00299375503983 0.00194571194506 0.0224385199274 0.00238114554333 0.00107023348169 0.0030686816531 0.000855420408698 -0.000320529759375 0.000907825822316 0.00113672410033 0.00154261329587 0.00094847387006 0.00151438876074 0.00108363275441 
0.000343002553223 0.00151823089035 0.00168367788553 0.00140559284709 0.00343567286314 0.00601645619615 0.00113807687425 -9.95876065981e-05 0.00238114554333 0.0367331172954 0.00366044420855 0.00151366134875 -0.000183764001568 0.00182086280591 0.000226020265135 -0.000925587921201 0.00183361287102 0.00181652995801 0.00303529529521 0.00296706396481 
0.00154100995433 0.00178307343087 0.00123068469506 0.00248478728872 0.00299881386553 -0.00075553337133 0.00296052019325 0.00169770410303 0.00107023348169 0.00366044420855 0.0267192346616 0.00165203655344 -0.00175169291179 0.00200615868222 0.00371682526446 0.00423303129309 0.00485860617908 0.00149793735851 0.00229313881186 -0.000568052567913 
-0.000715596842144 0.00179947213069 0.000134124528146 0.000942243722654 0.00135795991317 -0.00171514575666 -1.95504224472e-05 0.00338932624385 0.0030686816531 0.00151366134875 0.00165203655344 0.10864396916 0.0128458567908 -0.000810791700323 0.000376311704128 0.00103306212627 0.00478452391066 0.00240052196324 0.000879674863352 0.00181216655828 
-0.000530927062212 0.000961100619861 0.000427665441435 -0.0014189705031 0.00125399675832 0.00305206205524 0.00130760347612 0.000792768187828 0.000855420408698 -0.000183764001568 -0.00175169291179 0.0128458567908 0.0299152381349 0.00186114449655 0.00397249705321 0.00219931046009 0.00333653950237 0.0020586724245 0.00052217282929 0.00148270655265 
0.00139669011712 0.00178534707877 0.00229880281151 0.00195872781157 0.00469946525029 0.00242448578705 0.000840418778444 0.000584584301787 -0.000320529759375 0.00182086280591 0.00200615868222 -0.000810791700323 0.00186114449655 0.0171307823567 0.00303225253951 0.00112050650436 0.00258354615144 0.00119004089197 0.00297324102009 0.00428833430086 
0.00333229680753 0.00385657374944 0.0037570585275 0.00136895100378 0.00157011770981 0.000387474642539 0.00308059561661 0.00119048928621 0.000907825822316 0.000226020265135 0.00371682526446 0.000376311704128 0.00397249705321 0.00303225253951 0.0617542902206 0.0042382426666 0.00625656083489 0.00392016720324 -0.00092357035717 -0.00257493107064 
0.000181783726466 0.00134002763261 0.00249227787699 0.00237432322836 0.00551109773398 0.00270161083002 0.00160945861471 0.00140817326948 0.00113672410033 -0.000925587921201 0.00423303129309 0.00103306212627 0.00219931046009 0.00112050650436 0.0042382426666 0.0395913822715 0.0173754154234 0.0154843844832 0.000461597291708 0.0023593397443 
4.87625298811e-05 0.0014760220989 0.00357842876853 0.000273143270354 0.00640218789714 0.000762702841534 0.00130549551877 -0.00147243789896 0.00154261329587 0.00183361287102 0.00485860617908 0.00478452391066 0.00333653950237 0.00258354615144 0.00625656083489 0.0173754154234 0.0415806893663 0.0130251719028 0.00314620088427 0.00706699395186 
0.000467039289153 -0.000645511676022 0.00221063150347 0.00124896393042 0.00477419467721 0.00153934612428 -0.000134754692033 0.00163673208826 0.00094847387006 0.00181652995801 0.00149793735851 0.00240052196324 0.0020586724245 0.00119004089197 0.00392016720324 0.0154843844832 0.0130251719028 0.0309552147198 0.00247664057697 0.00549612030333 
-9.75457349653e-05 0.000921149847797 -0.000212031393809 0.00185423747138 0.00446001315496 0.00565120025888 0.00120732575481 0.00123828870692 0.00151438876074 0.00303529529521 0.00229313881186 0.000879674863352 0.00052217282929 0.00297324102009 -0.00092357035717 0.000461597291708 0.00314620088427 0.00247664057697 0.0198474959024 0.0047007162987 
0.000580451636873 0.00288076029941 0.00186436530562 0.00496912211256 0.00202533148995 0.00316563805609 0.000962133265556 0.000868363826293 0.00108363275441 0.00296706396481 -0.000568052567913 0.00181216655828 0.00148270655265 0.00428833430086 -0.00257493107064 0.0023593397443 0.00706699395186 0.00549612030333 0.0047007162987 0.0781253864586 

['MDT', 'AIG', 'CIT', 'LMT', 'PD', 'HUM', 'CMVT', 'AVY', 'HON', 'TSG', 'PRU', 'CSC', 'AGN', 'SNA', 'AAPL', 'RIG', 'HAL', 'APA', 'MCK', 'AVP']