30
0.09797045465 0.0176197090425 0.126841392599 0.00194148072761 0.424855775916 0.0301217617298 0.0785253906611 0.0315088302779 0.114977551813 0.0431320253577 0.035272852014 0.0506400072768 0.0940944116816 -0.00277796207049 0.10643743266 0.171628318037 0.0751688044393 0.0669670800901 0.0657027666716 0.0823962853659 0.0422457423554 0.0493061267197 0.0408230851415 0.171372180847 0.101670797752 0.0573021249509 0.0916953774684 0.0499403633474 0.142251168296 0.752636600207 
0.956161716955 -0.0113778457705 0.00481361982513 0.0469103620296 -0.023650408113 0.00309535116152 0.0172818173433 -0.0163908389056 0.0267731386371 0.0239485037917 0.0471794109144 0.0710001173791 0.0373506884923 0.019213358748 0.0457897856119 -0.0464573668891 -0.000904083297016 0.0129901124106 0.0171271174202 0.0901656916779 -0.00541168341995 0.0138003124753 -0.0201367544322 -0.025820382357 0.0045852287047 0.016836510759 -0.0118759804769 -0.0198838422679 -0.000746051781998 -0.0292741531606 
-0.0113778457705 0.191894169824 0.00367121353478 0.0168428086002 -0.019683745912 0.00317040632066 0.0266053564019 0.0176268519627 0.0076932710496 0.0249377501194 -0.00128617256717 0.00284974630665 0.0159196208499 0.00467648099065 0.0133896327771 0.00117817824214 0.0109159129582 0.0157346433989 0.0162098915668 0.00414922321605 0.00749782713954 0.0165206203147 0.00241952650613 0.0106644231188 -0.013210606938 -0.00176839299126 0.0271705692569 0.0331642487975 0.0161203572673 -0.0221056075884 
0.00481361982513 0.00367121353478 0.880901922054 0.0139216500896 -0.00894243942053 -0.00219736183767 -0.00673420747234 0.0039693020106 0.00932767450414 -0.00431628084029 -0.0134739633213 0.0126346467156 -0.00949583810316 -0.0057839957387 0.0215999146199 0.0139220343994 0.0134241793997 0.00285824305262 0.035241210186 -0.000941496317513 0.0159968078731 0.00130820174021 -0.0138716561917 -0.00468251789144 0.0257578812543 0.023852941517 0.0164204249491 0.0468891095866 0.0190904101066 0.00130099059206 
0.0469103620296 0.0168428086002 0.0139216500896 0.206525040878 -0.00641981921791 0.0250993679133 0.0106388409867 0.0123485481727 0.0224513318692 0.0246235754501 0.031945069957 0.0384831508281 0.0492573865547 0.025323900226 0.0232588765359 0.01468088482 0.0238657336652 0.0262437245171 0.0193488696349 0.0325941722214 0.00993156818776 0.0240751851468 0.0302472482512 0.0269773170983 0.0141394323013 -0.00722045058356 0.0518722098795 0.0315583421026 0.0370900858362 -0.0586775092829 
-0.023650408113 -0.019683745912 -0.00894243942053 -0.00641981921791 3.74716702032 0.0378524056454 0.0186990656278 0.04063421961 -0.0233631765875 -0.0212912525969 -0.00641964049723 -0.00669196634237 0.0237592043641 0.00479458822434 -0.0379419712525 -0.00905129194725 0.0124030366331 0.0121347186682 0.00492113988386 0.000280813603386 -0.0122479484748 -0.00594446909759 -0.00599641356554 -0.0531923769325 0.0039978510469 0.0243236885024 -0.00116685534498 -0.00370799013128 0.126806070143 -0.0462285092879 
0.00309535116152 0.00317040632066 -0.00219736183767 0.0250993679133 0.0378524056454 0.184910314226 0.00512679293927 0.00590544124139 0.00690671642156 -0.0121060292695 0.00331994640197 0.00447624670851 0.0136986723281 0.00749907385818 0.00739995402059 0.0230517145776 0.0063252205028 0.0446004480345 0.010397077288 -0.00194265259972 0.0128436387199 0.0123133738333 0.0325887330482 0.00956290577494 -0.00599738968292 0.0165427564752 0.0151462505165 0.0105542320548 0.0123576833851 0.00513704508282 
0.0172818173433 0.0266053564019 -0.00673420747234 0.0106388409867 0.0186990656278 0.00512679293927 0.322570208612 0.0321180732752 0.0385733699765 0.0233896569674 0.00529718149243 0.0357644176888 0.0403224330043 0.0126544787385 0.0186121166408 0.0166625963721 0.0395733188076 0.0272615818955 0.0201439758889 0.0226022144924 0.0313475825838 0.0191856355393 0.0314796950243 -0.0011060782612 -0.00306393102079 0.0751498077759 0.0655505670294 0.0166488538968 0.0239309395405 0.0137852220581 
-0.0163908389056 0.0176268519627 0.0039693020106 0.0123485481727 0.04063421961 0.00590544124139 0.0321180732752 0.223247657879 0.00408480104758 0.0551378421836 0.0178573419335 0.0283592890425 0.0039893593005 0.00697901536403 0.0260568574026 0.0321463888604 0.027431712906 0.0341515179522 0.0128754490859 0.0222543923079 0.0269696556614 0.00526977522634 0.028104116018 0.0392655863027 0.00674126331504 0.0379505347105 0.0739948983017 0.0366874588651 0.0262999772309 0.0400866166502 
0.0267731386371 0.0076932710496 0.00932767450414 0.0224513318692 -0.0233631765875 0.00690671642156 0.0385733699765 0.00408480104759 0.611997227692 0.0168649558818 0.00687240918759 0.00874100857995 0.0346230352624 0.0281045049543 -0.00831597424349 0.0676425421563 0.0128622156015 0.0171459615877 0.0250367286509 -0.0100119152398 0.0146155446367 -0.000749311701441 0.00750029572493 0.0223851123186 -0.00631461207157 0.0139749532737 0.00144424892727 0.0318772606349 0.0280933728643 -0.0201415103807 
0.0239485037917 0.0249377501194 -0.00431628084029 0.0246235754501 -0.0212912525969 -0.0121060292695 0.0233896569674 0.0551378421836 0.0168649558818 0.374345985806 0.031728254468 0.088776454001 -0.00588393449725 0.0257362581981 0.0055152664733 0.0593609113117 0.0545911211595 0.0574491998706 0.0284174607099 0.0211969331589 0.0259303320283 0.00832131335303 0.015321050807 0.028673681752 0.0131016455496 0.0538583560879 0.0753668345252 0.0341497170364 0.00437280692696 0.0302281000938 
0.0471794109144 -0.00128617256717 -0.0134739633213 0.031945069957 -0.00641964049723 0.00331994640197 0.00529718149243 0.0178573419335 0.00687240918759 0.031728254468 0.271897061484 0.012049379206 -0.0146852358047 0.0194962902512 0.00148284448897 0.0172605631344 0.020091164405 0.0200568246994 0.0172329814676 0.0325385022681 0.0210241246609 0.0185425332742 0.0119430896795 0.0179545028172 0.0131366776053 0.0353175447508 0.0136402189495 0.0200149163555 0.0113243508735 0.0194072139368 
0.0710001173791 0.00284974630665 0.0126346467156 0.0384831508281 -0.00669196634237 0.00447624670851 0.0357644176888 0.0283592890425 0.00874100857999 0.088776454001 0.012049379206 0.506855489559 0.0588461196118 0.0190492175812 0.0288636636825 0.0206412807978 0.0463013274527 0.00944191379259 0.021536373756 0.0551677749558 -0.00899225809062 0.0289687573655 0.03964687971 0.02582290211 0.0258708831177 0.0102189281279 0.065591010635 0.0248601648274 0.0233394148275 -0.00735324216723 
0.0373506884923 0.0159196208499 -0.00949583810316 0.0492573865547 0.0237592043641 0.0136986723281 0.0403224330043 0.0039893593005 0.0346230352624 -0.00588393449725 -0.0146852358047 0.0588461196118 0.366350873995 0.02140991486 0.0313171264126 0.0323982627926 0.019765060457 0.0243824367342 0.0296357765009 0.0441346106908 0.0160041287789 0.0246370751473 0.0271448854562 0.0540459845925 0.0168641148108 -0.00559945646511 0.083336594532 0.0249234863541 0.0096063415902 -0.00635313237132 
0.019213358748 0.00467648099065 -0.0057839957387 0.025323900226 0.00479458822434 0.00749907385818 0.0126544787385 0.00697901536403 0.0281045049543 0.0257362581981 0.0194962902512 0.0190492175812 0.02140991486 0.268298039753 0.011345850199 0.0119869672359 -0.0110181086705 0.0052281659447 0.017054092514 0.00294024926514 0.010431152563 0.0052998924918 0.0101319269251 0.000935797349757 -0.00458322933981 -0.0124910446857 0.0047595619097 0.00611850250556 0.0365626189516 0.0273098615379 
0.0457897856119 0.0133896327771 0.0215999146199 0.0232588765359 -0.0379419712525 0.00739995402059 0.0186121166408 0.0260568574026 -0.00831597424349 0.0055152664733 0.00148284448897 0.0288636636825 0.0313171264126 0.011345850199 0.490975791094 0.0193555267497 -0.00216577467174 -0.00307548256893 0.0208697890716 -0.00158359583695 -0.00194571474917 0.019654220802 0.0250849919335 0.178065747248 -0.0101102509525 0.0122356556218 0.0556370790428 0.0544348965619 0.00504082072841 0.00369909779042 
-0.0464573668891 0.00117817824214 0.0139220343994 0.01468088482 -0.00905129194725 0.0230517145776 0.0166625963721 0.0321463888604 0.0676425421563 0.0593609113117 0.0172605631344 0.0206412807978 0.0323982627926 0.0119869672359 0.0193555267497 0.25932318618 0.021569908543 0.0191124211451 0.0585283085538 -0.0121850996801 0.0164181602691 0.00159297237781 0.0184007097719 0.0506789500537 0.0321168902767 0.0126203564596 -0.00561481229842 0.0282842082298 0.048157305373 -0.007640601998 
-0.000904083297016 0.0109159129582 0.0134241793997 0.0238657336652 0.0124030366331 0.0063252205028 0.0395733188076 0.027431712906 0.0128622156015 0.0545911211595 0.020091164405 0.0463013274527 0.019765060457 -0.0110181086705 -0.00216577467174 0.021569908543 0.334696720699 0.060718710472 0.0360451214519 -0.0217233172948 0.0267374254879 0.0252727146481 0.0221204295609 -0.0220574295249 0.00309312192162 0.0137549581105 0.0693504986996 0.0143405779533 0.00933807568854 -0.0271664336108 
0.0129901124106 0.0157346433989 0.00285824305262 0.0262437245171 0.0121347186682 0.0446004480345 0.0272615818955 0.0341515179522 0.0171459615877 0.0574491998706 0.0200568246994 0.0094419137926 0.0243824367342 0.0052281659447 -0.00307548256893 0.0191124211451 0.060718710472 0.248267296923 -0.00660703224268 -4.0431303713e-06 -0.00303975753305 -0.012054449689 0.0442991734844 -0.0207625529302 -0.00853423990055 0.0332366660633 0.0406087111998 0.00775655078189 0.00221328243106 0.00191959893544 
0.0171271174202 0.0162098915668 0.035241210186 0.0193488696349 0.00492113988386 0.010397077288 0.0201439758889 0.0128754490859 0.0250367286509 0.0284174607099 0.0172329814676 0.021536373756 0.0296357765009 0.017054092514 0.0208697890716 0.0585283085538 0.0360451214519 -0.00660703224268 0.182375974554 0.0235653143725 0.00732301052831 0.0197489839453 0.0218648010998 -0.00906014770055 0.0294528567075 0.00582033199486 0.022144789205 0.00568900434628 0.00964610829398 -0.0314438900413 
0.0901656916779 0.00414922321606 -0.000941496317514 0.0325941722214 0.000280813603387 -0.00194265259972 0.0226022144924 0.0222543923078 -0.0100119152398 0.0211969331589 0.0325385022681 0.0551677749558 0.0441346106908 0.00294024926514 -0.00158359583695 -0.0121850996801 -0.0217233172948 -4.04313037184e-06 0.0235653143725 0.321329252928 0.0136350443496 0.0281808098506 0.00485610466565 0.0048830342686 0.0212644539134 0.0226090626952 0.00813073260921 -0.00568984320246 0.0102845847069 0.0653832357135 
-0.00541168341995 0.00749782713954 0.0159968078731 0.00993156818775 -0.0122479484748 0.0128436387199 0.0313475825838 0.0269696556614 0.0146155446367 0.0259303320283 0.0210241246609 -0.00899225809062 0.0160041287789 0.010431152563 -0.00194571474917 0.016418160269 0.0267374254879 -0.00303975753305 0.00732301052831 0.0136350443496 0.195401344633 0.0385371576027 0.0128220158681 0.00480972978357 0.00497586092823 0.0266954396597 0.0204186164983 0.021401680274 0.0276260628539 -0.00137408703797 
0.0138003124753 0.0165206203147 0.00130820174021 0.0240751851468 -0.00594446909759 0.0123133738333 0.0191856355393 0.00526977522634 -0.000749311701441 0.00832131335303 0.0185425332742 0.0289687573655 0.0246370751473 0.0052998924918 0.019654220802 0.00159297237781 0.0252727146481 -0.012054449689 0.0197489839453 0.0281808098506 0.0385371576027 0.216462719754 0.0114282282594 0.0186011248065 -0.019121671771 0.0336757141435 0.022124917703 0.0228383462466 0.010140781315 0.0755775722017 
-0.0201367544322 0.00241952650613 -0.0138716561917 0.0302472482512 -0.00599641356554 0.0325887330482 0.0314796950243 0.028104116018 0.00750029572493 0.015321050807 0.0119430896795 0.03964687971 0.0271448854562 0.0101319269251 0.0250849919335 0.0184007097719 0.0221204295609 0.0442991734844 0.0218648010998 0.00485610466565 0.0128220158681 0.0114282282594 0.205086905102 -0.00366779294963 0.00780334253997 0.020383107319 0.0423957141937 0.0220039942357 0.0133118429797 0.00824705910664 
-0.025820382357 0.0106644231188 -0.00468251789144 0.0269773170983 -0.0531923769325 0.00956290577494 -0.0011060782612 0.0392655863027 0.0223851123186 0.028673681752 0.0179545028172 0.02582290211 0.0540459845925 0.000935797349756 0.178065747248 0.0506789500537 -0.0220574295249 -0.0207625529302 -0.00906014770055 0.0048830342686 0.00480972978357 0.0186011248065 -0.00366779294963 0.592469036426 0.0112174180933 0.0140812335504 0.101119186912 0.074639770396 -0.0336766092053 0.0236752361178 
0.0045852287047 -0.013210606938 0.0257578812543 0.0141394323013 0.0039978510469 -0.00599738968292 -0.00306393102079 0.00674126331504 -0.00631461207156 0.0131016455496 0.0131366776053 0.0258708831177 0.0168641148108 -0.00458322933981 -0.0101102509525 0.0321168902767 0.00309312192162 -0.00853423990055 0.0294528567075 0.0212644539134 0.00497586092823 -0.019121671771 0.00780334253997 0.0112174180933 0.298807425607 -0.0117873442878 0.0587881406039 0.0154343814083 -0.0295366613336 -0.0173950894424 
0.016836510759 -0.00176839299126 0.023852941517 -0.00722045058356 0.0243236885024 0.0165427564752 0.0751498077759 0.0379505347105 0.0139749532737 0.0538583560879 0.0353175447508 0.0102189281279 -0.00559945646511 -0.0124910446857 0.0122356556218 0.0126203564596 0.0137549581105 0.0332366660633 0.00582033199486 0.0226090626952 0.0266954396597 0.0336757141435 0.020383107319 0.0140812335504 -0.0117873442878 0.313348144568 0.0726276131547 0.00624372568388 0.0320630464121 0.00937150914019 
-0.0118759804769 0.0271705692569 0.0164204249491 0.0518722098795 -0.00116685534498 0.0151462505165 0.0655505670294 0.0739948983017 0.00144424892725 0.0753668345252 0.0136402189495 0.065591010635 0.083336594532 0.0047595619097 0.0556370790428 -0.00561481229843 0.0693504986996 0.0406087111998 0.022144789205 0.00813073260921 0.0204186164983 0.022124917703 0.0423957141937 0.101119186912 0.0587881406039 0.0726276131547 0.503998386623 0.0101616927348 0.0322762859995 -0.0179649709064 
-0.0198838422679 0.0331642487975 0.0468891095866 0.0315583421026 -0.00370799013128 0.0105542320548 0.0166488538968 0.0366874588651 0.031877260635 0.0341497170364 0.0200149163555 0.0248601648274 0.0249234863541 0.00611850250556 0.0544348965619 0.0282842082298 0.0143405779533 0.00775655078189 0.00568900434628 -0.00568984320246 0.021401680274 0.0228383462466 0.0220039942357 0.074639770396 0.0154343814083 0.00624372568388 0.0101616927348 0.276600475811 0.0109670649936 0.0228531914035 
-0.000746051781999 0.0161203572673 0.0190904101066 0.0370900858362 0.126806070143 0.0123576833851 0.0239309395405 0.0262999772309 0.0280933728643 0.00437280692696 0.0113243508735 0.0233394148275 0.0096063415902 0.0365626189516 0.00504082072841 0.048157305373 0.00933807568854 0.00221328243106 0.00964610829398 0.0102845847069 0.0276260628539 0.010140781315 0.0133118429797 -0.0336766092053 -0.0295366613336 0.0320630464121 0.0322762859995 0.0109670649936 0.799184467588 0.00867720065129 
-0.0292741531606 -0.0221056075884 0.00130099059206 -0.0586775092829 -0.0462285092879 0.00513704508282 0.0137852220581 0.0400866166502 -0.0201415103807 0.0302281000938 0.0194072139368 -0.00735324216723 -0.00635313237132 0.0273098615379 0.00369909779042 -0.007640601998 -0.0271664336108 0.00191959893544 -0.0314438900413 0.0653832357135 -0.00137408703797 0.0755775722017 0.00824705910664 0.0236752361178 -0.0173950894424 0.00937150914019 -0.0179649709064 0.0228531914035 0.00867720065129 7.41951823438 
0.0828060337009 -0.000985350347758 0.000416871705273 0.00406255652183 -0.00204818542357 0.000268065273951 0.00149664928429 -0.00141948828816 0.00231862181987 0.00207400126662 0.00408585683874 0.0061487905322 0.00323466450832 0.00166392567678 0.00396551175737 -0.00402332599189 -7.82959102353e-05 0.00112497673456 0.00148325187795 0.00780857795429 -0.000468665531892 0.00119514211838 -0.00174389408881 -0.00223611070566 0.000397092454043 0.00145808460284 -0.00102849007878 -0.00172199125288 -6.46099795749e-05 -0.00253521603114 
-0.000985350347758 0.0166185225905 0.000317936418384 0.00145863001189 -0.00170466240014 0.000274565241401 0.00230409145208 0.00152653015885 0.000666256816715 0.00215967251166 -0.000111385811682 0.00024679526959 0.00137867960746 0.000404995133822 0.00115957621323 0.000102033228788 0.000945345792732 0.00136266009029 0.00140381778895 0.000359333271108 0.000649330877603 0.00143072768788 0.000209537141944 0.000923566133759 -0.00114407212077 -0.000153147325431 0.00235304032118 0.00287210819561 0.00139606389116 -0.00191440177376 
0.000416871705273 0.000317936418384 0.0762883442741 0.00120565026402 -0.000774437970998 -0.000190297117273 -0.00058319947454 0.000343751637647 0.000807800307882 -0.000373800885756 -0.00116687945259 0.00109419250235 -0.000822363702756 -0.00050090872451 0.00187060747804 0.00120568354623 0.00116256803851 0.000247531109376 0.00305197832812 -8.15359728536e-05 0.00138536419976 0.00011329359403 -0.00120132066546 -0.000405517944767 0.00223069795139 0.00206572533087 0.00142205051469 0.00406071600628 0.0016532780121 0.000112669090281 
0.00406255652183 0.00145863001189 0.00120565026402 0.0178855931918 -0.000555972653041 0.00217366902318 0.000921350656129 0.00106941564174 0.00194434237475 0.00213246418718 0.00276652421085 0.00333273862348 0.00426581480804 0.00219311409186 0.00201427779436 0.00127140192042 0.0020668331634 0.00227277321217 0.00167566126383 0.00282273811591 0.000860099035002 0.00208497219379 0.00261948853801 0.00233630419331 0.0012245107568 -0.000625309363213 0.00449226515061 0.00273303259622 0.00321209565627 -0.00508162136698 
-0.00204818542357 -0.00170466240014 -0.000774437970998 -0.000555972653041 0.324514183182 0.00327811448833 0.00161938658607 0.00351902664452 -0.00202331044379 -0.00184387656273 -0.000555957175376 -0.000579541285377 0.0020576074553 0.000415223520297 -0.00328587109743 -0.000783864876339 0.00107413448083 0.00105089746345 0.0004261832155 2.43191714261e-05 -0.00106070345235 -0.000514806125052 -0.000519304647935 -0.00460659497112 0.000346224056716 0.00210649321568 -0.000101052637129 -0.000321121365067 0.0109817278098 -0.00400350634224 
0.000268065273951 0.000274565241401 -0.000190297117273 0.00217366902318 0.00327811448833 0.0160137029541 0.000443993292535 0.00051142621356 0.00059813918778 -0.00104841288863 0.000287515792331 0.000387654336317 0.00118633982343 0.000649438846604 0.000640854816867 0.0019963370425 0.000547780163996 0.00386251210181 0.000900413305649 -0.000168238650209 0.00111229174085 0.00106636945459 0.00282226706969 0.00082817193351 -0.00051938918218 0.00143264473561 0.00131170377194 0.000914023307686 0.00107020677435 0.000444881154211 
0.00149664928428 0.00230409145208 -0.00058319947454 0.000921350656129 0.00161938658607 0.000443993292535 0.0279353995162 0.0027815067377 0.00334055183092 0.00202560371196 0.00045874937409 0.00309728942701 0.00349202513241 0.00109591000592 0.00161185658291 0.00144302317512 0.00342714993994 0.00236092224688 0.0017445194853 0.00195740919322 0.00271478028648 0.00166152477648 0.00272622155944 -9.57891872777e-05 -0.000265344209945 0.00650816426234 0.005676845628 0.00144183304186 0.00207248015785 0.00119383524991 
-0.00141948828816 0.00152653015885 0.000343751637647 0.00106941564174 0.00351902664452 0.00051142621356 0.0027815067377 0.0193338143059 0.000353754147661 0.00477507720409 0.00154649117585 0.0024559864744 0.000345488649905 0.000604400459865 0.00225659004535 0.0027839589393 0.00237565602459 0.00295760821244 0.00111504659935 0.00192728690844 0.00233564069341 0.000456375921824 0.00243388784225 0.00340049952327 0.000583810528442 0.00328661271465 0.00640814616797 0.00317722713775 0.00227764484009 0.00347160283708 
0.00231862181987 0.000666256816715 0.000807800307882 0.00194434237475 -0.00202331044379 0.000598139187781 0.00334055183092 0.000353754147662 0.0530005146227 0.00146054802273 0.000595168094166 0.000756993548494 0.00299844280933 0.00243392152512 -0.000720184495208 0.00585801598839 0.00111390054598 0.00148488383073 0.00216824430393 -0.000867057293817 0.00126574329456 -6.48922968801e-05 0.000649544663369 0.00193860759345 -0.000546861446902 0.00121026645517 0.00012507562604 0.00276065175129 0.00243295745785 -0.00174430596603 
0.00207400126662 0.00215967251166 -0.000373800885756 0.00213246418718 -0.00184387656273 -0.00104841288863 0.00202560371196 0.00477507720409 0.00146054802273 0.0324193133513 0.0027477474387 0.00768826644227 -0.000509563674883 0.00222882533979 0.000477636087452 0.00514080571877 0.00472772977452 0.0049752466515 0.00246102428858 0.00183570825979 0.00224563262651 0.000720646875657 0.00132684192115 0.00248321368173 0.00113463578773 0.00466427045782 0.00652695933016 0.00295745224856 0.000378696188459 0.00261783025894 
0.00408585683874 -0.000111385811682 -0.00116687945259 0.00276652421085 -0.000555957175376 0.00028751579233 0.00045874937409 0.00154649117585 0.000595168094165 0.0027477474387 0.023546976246 0.00104350684923 -0.00127177872674 0.00168842826371 0.000128418099731 0.0014948086158 0.00173994587664 0.0017369719709 0.00149241997339 0.00281791695652 0.00182074260487 0.00160583048659 0.00103430190622 0.0015549055552 0.00113766965275 0.00305858909535 0.00118127761235 0.00173334260185 0.000980717553783 0.0016807140286 
0.0061487905322 0.00024679526959 0.00109419250235 0.00333273862348 -0.000579541285377 0.000387654336317 0.00309728942701 0.0024559864744 0.000756993548497 0.00768826644227 0.00104350684922 0.0438949730005 0.00509622344979 0.00164971063475 0.00249966659953 0.00178758735375 0.0040098125803 0.000817693720473 0.00186510467781 0.0047776694582 -0.000778752394386 0.00250876797946 0.00343352050096 0.00223632892267 0.00224048419983 0.000884985135817 0.00568034814698 0.00215295342828 0.00202125261501 -0.0006368094517 
0.00323466450832 0.00137867960746 -0.000822363702756 0.00426581480804 0.0020576074553 0.00118633982343 0.00349202513241 0.000345488649905 0.00299844280933 -0.000509563674883 -0.00127177872674 0.00509622344979 0.0317269163578 0.00185415301616 0.00271214270469 0.00280577186169 0.00171170444631 0.0021115809618 0.00256653353106 0.00382216940444 0.0013859982088 0.00213363329525 0.00235081603879 0.00468051956297 0.00146047518385 -0.000484927154617 0.00721716079296 0.00215843723335 0.000831933585454 -0.000550197402717 
0.00166392567678 0.000404995133822 -0.00050090872451 0.00219311409186 0.000415223520297 0.000649438846604 0.00109591000592 0.000604400459865 0.00243392152512 0.00222882533979 0.00168842826371 0.00164971063475 0.00185415301616 0.0232352918212 0.000982579449986 0.00103810181406 -0.000954196201031 0.000452772452331 0.00147692773556 0.000254633055707 0.000903364311032 0.000458984153523 0.000877450610647 8.10424277684e-05 -0.000396919303965 -0.00108175620176 0.000412190152469 0.000529877860293 0.0031664156841 0.00236510338657 
0.00396551175737 0.00115957621323 0.00187060747804 0.00201427779436 -0.00328587109743 0.000640854816867 0.00161185658291 0.00225659004535 -0.000720184495208 0.000477636087452 0.000128418099731 0.00249966659953 0.00271214270469 0.000982579449986 0.0425197507731 0.00167623778689 -0.00018756158846 -0.000266344603359 0.00180737675076 -0.000137143422413 -0.00016850384013 0.00170210545061 0.00217242402681 0.0154209460661 -0.000875573416351 0.00105963886004 0.00481831238434 0.0047142003275 0.000436547880673 0.000320351265759 
-0.00402332599189 0.000102033228788 0.00120568354623 0.00127140192042 -0.000783864876339 0.0019963370425 0.00144302317512 0.0027839589393 0.0058580159884 0.00514080571877 0.0014948086158 0.00178758735375 0.00280577186169 0.00103810181406 0.00167623778689 0.0224580467022 0.00186800887555 0.00165518422395 0.00506870020481 -0.00105526058706 0.00142185438764 0.000137955454671 0.00159354821102 0.00438892581837 0.00278140428702 0.00109295492988 -0.000486257008792 0.00244948428529 0.00417054498309 -0.000661695543047 
-7.82959102353e-05 0.000945345792732 0.00116256803851 0.0020668331634 0.00107413448083 0.000547780163996 0.00342714993994 0.00237565602459 0.00111390054598 0.00472772977452 0.00173994587664 0.0040098125803 0.00171170444631 -0.000954196201031 -0.00018756158846 0.00186800887555 0.0289855862689 0.00525839457538 0.00312159908598 -0.00188129446317 0.00231552897043 0.00218868129078 0.00191568539424 -0.00191022943108 0.000267872216113 0.00119121431517 0.0060059293639 0.00124193048125 0.000808701076874 -0.00235268216371 
0.00112497673456 0.00136266009029 0.000247531109376 0.00227277321217 0.00105089746345 0.00386251210181 0.00236092224688 0.00295760821244 0.00148488383072 0.0049752466515 0.0017369719709 0.000817693720473 0.0021115809618 0.000452772452331 -0.000266344603359 0.00165518422395 0.00525839457538 0.0215005786065 -0.000572185776578 -3.50145361236e-07 -0.000263250724497 -0.00104394596594 0.00383642096042 -0.0017980898285 -0.000739086855587 0.00287837971479 0.00351681755139 0.000671737002286 0.000191675881105 0.000166242144317 
0.00148325187795 0.00140381778895 0.00305197832812 0.00167566126383 0.0004261832155 0.000900413305649 0.0017445194853 0.00111504659935 0.00216824430393 0.00246102428858 0.00149241997339 0.00186510467781 0.00256653353106 0.00147692773556 0.00180737675076 0.00506870020481 0.00312159908598 -0.000572185776578 0.0157942227003 0.00204081608947 0.00063419131497 0.00171031217956 0.00189354732012 -0.000784631807071 0.00255069221227 0.000504055536601 0.0019177950013 0.000492682228612 0.000835377483024 -0.00272312075695 
0.00780857795429 0.000359333271108 -8.15359728537e-05 0.00282273811591 2.43191714261e-05 -0.000168238650209 0.00195740919322 0.00192728690844 -0.000867057293816 0.00183570825979 0.00281791695652 0.0047776694582 0.00382216940444 0.000254633055707 -0.000137143422413 -0.00105526058706 -0.00188129446317 -3.50145361283e-07 0.00204081608947 0.0278279296014 0.00118082947884 0.00244052972298 0.000420551000389 0.000422883172416 0.00184155572866 0.00195800226498 0.000704142099095 -0.000492754875688 0.000890671162352 0.00566235431096 
-0.000468665531892 0.000649330877603 0.00138536419976 0.000860099035001 -0.00106070345235 0.00111229174085 0.00271478028648 0.00233564069341 0.00126574329456 0.00224563262651 0.00182074260487 -0.000778752394386 0.0013859982088 0.000903364311032 -0.00016850384013 0.00142185438764 0.00231552897043 -0.000263250724496 0.00063419131497 0.00118082947884 0.0169222528386 0.00333741574736 0.00111041914695 0.000416534817791 0.000430922196954 0.00231189289105 0.00176830405977 0.0018534398801 0.0023924872238 -0.000118999428189 
0.00119514211838 0.00143072768788 0.00011329359403 0.00208497219379 -0.000514806125052 0.00106636945459 0.00166152477648 0.000456375921824 -6.48922968801e-05 0.000720646875657 0.00160583048659 0.00250876797946 0.00213363329525 0.000458984153523 0.00170210545061 0.000137955454671 0.00218868129078 -0.00104394596594 0.00171031217956 0.00244052972298 0.00333741574736 0.0187462214279 0.000989713599288 0.00161090466214 -0.00165598535165 0.00291640239389 0.00191607407875 0.001977858803 0.000878217423298 0.0065452097483 
-0.00174389408881 0.000209537141944 -0.00120132066546 0.00261948853801 -0.000519304647935 0.00282226706969 0.00272622155944 0.00243388784225 0.000649544663369 0.00132684192115 0.00103430190622 0.00343352050096 0.00235081603879 0.000877450610647 0.00217242402681 0.00159354821102 0.00191568539424 0.00383642096042 0.00189354732012 0.000420551000389 0.00111041914695 0.000989713599288 0.0177610469802 -0.00031764018702 0.000675789287405 0.00176522887463 0.00367157655033 0.00190560179929 0.00115283941916 0.000714216269286 
-0.00223611070566 0.000923566133759 -0.000405517944767 0.00233630419331 -0.00460659497112 0.00082817193351 -9.57891872775e-05 0.00340049952327 0.00193860759345 0.00248321368173 0.0015549055552 0.00223632892267 0.00468051956297 8.10424277683e-05 0.0154209460661 0.00438892581837 -0.00191022943108 -0.0017980898285 -0.000784631807071 0.000422883172415 0.000416534817791 0.00161090466214 -0.00031764018702 0.0513093236501 0.00097145690337 0.00121947059712 0.00875717846761 0.00646399372956 -0.00291647990851 0.00205033559187 
0.000397092454043 -0.00114407212077 0.00223069795139 0.0012245107568 0.000346224056716 -0.00051938918218 -0.000265344209945 0.000583810528442 -0.000546861446902 0.00113463578773 0.00113766965275 0.00224048419983 0.00146047518385 -0.000396919303965 -0.000875573416351 0.00278140428702 0.000267872216113 -0.000739086855587 0.00255069221227 0.00184155572866 0.000430922196954 -0.00165598535165 0.000675789287405 0.00097145690337 0.0258774821416 -0.00102081395964 0.00509120232042 0.00133665663913 -0.00255794990579 -0.00150645893583 
0.00145808460284 -0.000153147325431 0.00206572533087 -0.000625309363213 0.00210649321568 0.00143264473561 0.00650816426234 0.00328661271465 0.00121026645517 0.00466427045782 0.00305858909535 0.000884985135817 -0.000484927154617 -0.00108175620176 0.00105963886004 0.00109295492988 0.00119121431517 0.00287837971479 0.000504055536601 0.00195800226498 0.00231189289105 0.00291640239389 0.00176522887463 0.00121947059712 -0.00102081395964 0.0271367453425 0.00628973580082 0.00054072250565 0.00277674127156 0.00081159649872 
-0.00102849007878 0.00235304032118 0.00142205051469 0.00449226515061 -0.000101052637129 0.00131170377194 0.005676845628 0.00640814616797 0.000125075626039 0.00652695933016 0.00118127761235 0.00568034814698 0.00721716079296 0.000412190152469 0.00481831238434 -0.000486257008792 0.0060059293639 0.00351681755139 0.0019177950013 0.000704142099095 0.00176830405977 0.00191607407875 0.00367157655033 0.00875717846761 0.00509120232042 0.00628973580082 0.0436475406282 0.000880028405377 0.00279520836154 -0.00155581211832 
-0.00172199125288 0.00287210819561 0.00406071600628 0.00273303259622 -0.000321121365067 0.000914023307686 0.00144183304186 0.00317722713775 0.00276065175129 0.00295745224856 0.00173334260185 0.00215295342828 0.00215843723335 0.000529877860293 0.0047142003275 0.00244948428529 0.00124193048125 0.000671737002286 0.000492682228612 -0.000492754875688 0.0018534398801 0.001977858803 0.00190560179929 0.00646399372956 0.00133665663913 0.00054072250565 0.000880028405377 0.0239543038751 0.000949775688945 0.0019791444313 
-6.4609979575e-05 0.00139606389116 0.0016532780121 0.00321209565627 0.0109817278098 0.00107020677435 0.00207248015785 0.00227764484009 0.00243295745785 0.000378696188459 0.000980717553783 0.00202125261501 0.000831933585454 0.0031664156841 0.000436547880673 0.00417054498309 0.000808701076874 0.000191675881105 0.000835377483024 0.000890671162352 0.0023924872238 0.000878217423298 0.00115283941916 -0.00291647990851 -0.00255794990579 0.00277674127156 0.00279520836154 0.000949775688945 0.0692114051241 0.000751467619775 
-0.00253521603114 -0.00191440177376 0.000112669090281 -0.00508162136698 -0.00400350634224 0.000444881154211 0.00119383524991 0.00347160283708 -0.00174430596603 0.00261783025894 0.0016807140286 -0.0006368094517 -0.000550197402717 0.00236510338657 0.000320351265759 -0.000661695543047 -0.00235268216371 0.000166242144317 -0.00272312075695 0.00566235431096 -0.000118999428189 0.0065452097483 0.000714216269286 0.00205033559187 -0.00150645893583 0.00081159649872 -0.00155581211832 0.0019791444313 0.000751467619775 0.642549127482 

['ANDW', 'KR', 'ACS', 'CMCSA', 'SANM', 'MDP', 'LTD', 'MAS', 'ADM', 'CFC', 'BA', 'ERTS', 'MOT', 'IPG', 'SLB', 'BLL', 'PGR', 'COST', 'VZ', 'AMAT', 'ECL', 'CA', 'UPS', 'EOG', 'ABI', 'GPS', 'PHM', 'EXC', 'DRI', 'SBL']