40
0.0578888041786 0.0169596300077 0.00108215816497 0.0621428512979 0.00388664565626 0.133040507733 0.0363676427781 0.0617018630506 0.357744060202 0.0593939882808 0.135547989167 0.0291549562933 0.185813705736 0.0913653440874 0.0403512104362 0.0300827450696 0.0230030392576 0.0998681056981 0.162419244675 0.0678116165217 0.101670797752 0.087070388143 0.13534553156 0.0916609470377 0.0135435889675 0.0558285331973 0.101218808556 -0.0108233812146 0.0842142990337 0.0601344650096 0.0585004976968 -0.00139328324831 0.161692830297 0.0123351660469 0.0905831054983 0.0444735285872 0.0493061267197 0.0328492958576 0.0526772687529 0.0345230729479 
0.412576803403 0.0411719197857 0.00677091273907 0.0187238098201 0.0409792845454 0.177606402424 -0.000187779357738 0.025692518478 0.0208298722221 0.033882020931 -0.018510528534 0.0393260242721 0.041032657237 0.000117725386604 0.000433615415062 0.00111968347223 -0.00178830661993 -0.010141316671 0.0247645211364 0.00314510176793 0.00250341826304 -0.00216422944126 0.0369536433133 0.021660873749 0.0286573346169 -0.00879685898084 0.012367082961 0.0553134264658 0.0157390834649 -0.0272624369682 0.00864669429367 -0.00292431269432 0.0370439652736 0.00622816133986 0.00470518065882 0.0119482154504 0.0153682682321 -0.00747895081795 0.039100609277 0.0273171185222 
0.0411719197857 0.196750431428 0.00747200953569 0.0236905891283 0.0210713662331 0.0522438242998 0.0160392133842 0.0210393516736 0.00840273020489 0.0140685762031 0.0102137584054 0.0237409674978 0.0488646639847 0.0317706325835 0.0172874454683 0.0180225914024 0.0383203190825 0.0233946735565 0.00635298661503 0.0154500567284 0.0116870638038 0.0145738424989 0.0358473848621 -0.00883670858193 0.0399277823225 0.0146816304173 0.0164627719532 0.0499113115772 0.00143095551927 -0.002027702769 0.0343586153015 0.0130437878729 0.033402142174 0.00840959025007 0.0206841587669 0.0272600783855 0.00684253267367 0.0114284525317 0.0125302431599 0.0129892501285 
0.00677091273907 0.00747200953569 0.245685469877 0.0102271637318 0.0142523048092 0.0215339879159 0.0183049615666 0.028207053491 0.0269025441931 0.0245348613274 -0.0138526644878 0.00642775452029 0.00528932816145 0.0202470786671 0.00730088535365 0.0120912450848 0.0178653115966 0.0243896311355 0.0130249242858 0.00308359580373 -0.00186364968014 -0.00961145560521 0.0185519989304 0.00628724062677 0.000302773970052 0.00727824453604 0.0116063529574 0.0105667093863 -0.0182445207818 -0.00127899353158 0.0136361164985 0.0251674543738 0.00136708254338 0.00409419318445 -0.00661392699047 0.0326170715762 0.0120923530284 0.023206066802 -0.00820071629024 0.0082042113727 
0.0187238098201 0.0236905891283 0.0102271637318 0.165544576411 0.0159261771298 0.0183396004824 0.0188287598386 0.0188687213332 0.00912350667128 0.0132602905341 0.0370733703923 0.0106643838272 0.035751123147 0.0217316165297 0.0203066355062 0.000302861482225 0.030725915002 0.0251462891158 0.0243816263848 0.00351987652096 0.000951368569394 0.0128622393982 0.0709845231647 0.00988051656018 0.026845034963 0.0277278393712 -0.00434741777901 0.0302807828001 0.0192668206866 0.024305335995 0.0112703367189 -0.00298421287882 0.0377352552521 0.0111497971577 0.0190793730491 0.0241878080706 0.0216331706435 0.0287030388838 0.00911890745364 0.024818880805 
0.0409792845454 0.0210713662331 0.0142523048092 0.0159261771298 0.225260523861 0.0335341184627 -1.57254743357e-05 0.00204653898811 0.00440827730388 0.0140569761164 0.00128796190904 -0.0120405720923 0.0308302031463 0.0154610390734 0.00429776345743 0.0032563652751 -0.000818164707468 0.0137061193089 0.037414619862 0.0278806822648 -0.000448334291048 0.00755918577108 0.00867857745092 -0.00289022321979 0.0185218352668 0.00370459856941 0.0380273812685 0.0535699092824 0.012517074676 0.000895698780428 -0.00632565674399 0.00934094793182 0.0628962945477 0.00758342441772 0.0279644236124 0.00675000832713 0.021982910213 0.0108787555113 0.0131177213128 -0.00365078163743 
0.177606402424 0.0522438242998 0.0215339879159 0.0183396004824 0.0335341184627 0.458930513947 0.00263887570998 0.0316441463785 0.0290065996169 0.00152787866073 -0.029240186859 0.0208277952066 0.0750910793408 0.0464985292791 0.0277591233328 0.00313608825304 0.0051594910383 -0.00346115517274 0.00543473783432 0.00627294449606 -0.00657795059595 -0.0148689243461 0.0328263930045 0.0163190198907 -0.0186408444091 -0.0155607275464 -0.0190331339262 0.0546606128462 0.0149224311131 -0.0404477452321 0.00811475098071 -0.00146677847145 0.0136777988589 0.0124449826601 0.0151361586953 0.01314166872 0.0309611470443 -0.00582884051694 0.0375353267884 0.0211391966438 
-0.00018777935774 0.0160392133842 0.0183049615665 0.0188287598386 -1.57254743401e-05 0.00263887570998 0.19521331147 0.0174260552514 -0.00772880171608 0.0260575250631 -0.00832512770727 0.0207589066818 0.0507022741403 0.0464745341823 0.0172543649118 0.00902298231384 0.0282871687403 0.0112585917121 0.00793489345691 0.00587492517673 0.021405580443 0.0108188683586 0.0152566994004 0.0062437902134 0.0274888486548 0.0478266948841 0.0257394682612 0.00940794103121 0.00323994818037 0.0313449494045 0.017404234707 0.023553377595 0.0178880182453 -0.00136641907385 0.0193001523011 -0.000346529247139 -0.00249022720509 0.0078610484019 0.0208544815423 0.0336346540229 
0.025692518478 0.0210393516737 0.028207053491 0.0188687213332 0.00204653898811 0.0316441463785 0.0174260552514 0.243353461882 0.109131690929 0.0142448095911 -0.0124640444588 0.00292631266161 5.72999798126e-05 0.0115508697585 0.0177327043438 0.0233815622171 0.0129934231042 0.027448433927 0.026011306788 0.0156228239071 0.00998475839941 0.0563801487357 0.025601115466 0.0032339866311 -0.00995448759454 0.0335486993664 0.0354004249845 0.018594685264 0.0147564211445 0.00312938316743 1.49366574525e-05 -0.000344440458057 0.010234099464 0.0234748845147 0.0323300231293 0.0253123566556 0.00604106900578 -0.00471663564189 0.0201984016819 0.0385307112423 
0.0208298722221 0.00840273020489 0.0269025441931 0.00912350667128 0.00440827730388 0.0290065996169 -0.00772880171608 0.109131690929 2.88492871928 0.0121047243422 0.00201726984815 -0.0183273762818 0.0429035794552 0.0109449786578 0.00957844275802 0.0185884921678 -0.00287709031948 0.0402907649583 0.0255956659597 -0.00599221114474 0.0794975709086 -0.0308041283101 -0.00829911880306 0.00304448009846 -0.0198232809013 0.00713422031263 0.0186501022438 -0.0267777910625 0.0207720176483 -0.0255763732483 0.0158810441582 0.0235386742771 0.0588083685204 0.00258200822146 0.00649963257641 -2.11647628729e-05 -0.0234692584465 0.00856354718759 0.019943335379 0.136211595264 
0.033882020931 0.0140685762031 0.0245348613274 0.013260290534 0.0140569761164 0.00152787866073 0.0260575250631 0.0142448095911 0.0121047243422 0.227252632912 0.0125247280753 0.0132914627726 0.022576337663 0.0211267525418 -0.00804018278305 0.00703822164262 0.0155955478974 0.0207316178706 0.0104733268421 0.0230731398889 -0.0124025682653 0.00897155369629 0.00998260057726 -0.0121641842691 0.0323376827307 0.0399673347118 0.0316879215647 0.00708445220014 0.0345101907675 0.00833646974488 0.0223889907991 0.0163456427274 -8.64599669971e-05 0.0109712594641 0.00819998401342 0.0256284568668 0.0071445613148 -0.00114391748716 0.0083707751395 0.00854448463191 
-0.018510528534 0.0102137584054 -0.0138526644878 0.0370733703923 0.00128796190904 -0.029240186859 -0.00832512770727 -0.0124640444588 0.00201726984815 0.0125247280753 0.475419114552 0.0244365947372 -0.00706368615921 0.00927434183054 0.0204429234662 -0.0176497652995 0.011893014257 0.106476502256 0.0173619660861 0.0144554837643 -0.0135754538135 0.0747280120985 0.033504494177 0.0232009152254 0.00594923452182 0.000563323378444 0.011830689113 0.00377378164022 0.0270403644863 -0.00886655339072 0.0740394660567 0.00344715117479 -0.00438587059402 0.0196435733825 -0.00215370073691 0.00941742321436 0.0382951201832 -6.5761609778e-05 0.00313943568305 0.0113932735676 
0.0393260242721 0.0237409674978 0.00642775452029 0.0106643838272 -0.0120405720923 0.0208277952066 0.0207589066818 0.00292631266161 -0.0183273762818 0.0132914627726 0.0244365947372 0.248169384492 -0.00212281545527 0.0197941161866 0.00624397301053 0.00502880090654 0.0139740656501 0.0119851408926 0.0074311343367 -0.00190229475729 0.0303461418516 0.0357186211333 0.00811448224895 0.0215585096791 0.0185218967062 0.0187163916769 0.010705152905 0.0104225542158 0.0155609516918 0.0158752940606 -0.0274558823771 0.00360397183445 0.0125522474894 0.00236093234466 0.0205611568325 0.000552652549818 0.0053687045844 0.0130525882277 0.00699304418924 0.0139623577748 
0.041032657237 0.0488646639847 0.00528932816145 0.035751123147 0.0308302031463 0.0750910793408 0.0507022741403 5.7299979813e-05 0.0429035794552 0.022576337663 -0.00706368615921 -0.00212281545527 0.597088231846 0.12828799542 0.0519541529935 0.00502154869104 0.0283299786669 0.0543624224427 0.0305963332457 0.0182999151247 0.0296348832441 0.0261948901324 0.0616947264911 0.021738930772 0.0267610133952 0.0603058134523 0.0351829311212 0.0305793766312 0.0269902787009 0.0419939014194 0.0587439796034 0.0406236025047 0.00365901067048 0.0225454421856 0.043034134755 0.0466053085549 0.0433588422369 0.0627107560576 0.0309961519914 0.0394820357662 
0.000117725386603 0.0317706325835 0.0202470786671 0.0217316165297 0.0154610390734 0.0464985292791 0.0464745341823 0.0115508697585 0.0109449786578 0.0211267525418 0.00927434183054 0.0197941161866 0.12828799542 0.357819356959 0.0257143479841 0.00815039202421 0.00806170149956 0.0123194086938 0.0188190613631 -0.00504152690362 0.0236943906411 -0.0209665706924 0.0186388039608 -0.00182592783881 0.0348189448082 0.0564928390717 0.0309403080531 0.0191157580651 -0.0115833157996 -0.00239075762638 0.0382550578408 0.0244024853329 0.00963431905969 -0.0157189333062 0.00605772729433 0.0189996735785 0.0104792809277 0.0461036439748 0.0228512099246 0.0229203760231 
0.000433615415065 0.0172874454682 0.00730088535365 0.0203066355062 0.00429776345743 0.0277591233328 0.0172543649118 0.0177327043438 0.00957844275802 -0.00804018278306 0.0204429234662 0.00624397301053 0.0519541529935 0.0257143479841 0.176721859686 -0.00437184616793 0.0188477001253 0.0111107236994 0.0154010870698 0.00892228059529 0.0241421069991 0.0301127478465 0.0199767698526 0.0119125150867 0.0156190821737 -0.00302613782522 0.0156841687304 0.0114620061615 -0.00766127017132 0.00616594732489 0.0256019225864 0.0255186931299 0.0297234509424 0.0125231555662 0.0240542199331 0.0189332727415 0.0275386335577 0.0170925530282 0.0168672994756 0.0124972334074 
0.00111968347223 0.0180225914024 0.0120912450848 0.000302861482224 0.00325636527509 0.00313608825304 0.00902298231383 0.0233815622171 0.0185884921678 0.00703822164262 -0.0176497652995 0.00502880090654 0.00502154869105 0.00815039202421 -0.00437184616793 0.152544974109 0.00585807406994 0.0254989989611 0.0166026362356 0.0315201694686 0.0224456357639 0.0202681687467 0.00480396078364 -0.00942030370075 0.00727637463711 -0.00537400870915 0.0269769887523 -0.00281345796995 0.0177758630486 -0.00145343956726 0.0184901395534 -0.00405579329078 0.0147893537082 0.0113635534039 0.00740779324881 0.00246002940621 0.00598588673708 0.0121206498428 0.0146416703979 0.00494108529643 
-0.00178830661993 0.0383203190825 0.0178653115966 0.030725915002 -0.000818164707474 0.0051594910383 0.0282871687403 0.0129934231042 -0.00287709031948 0.0155955478974 0.011893014257 0.0139740656501 0.0283299786669 0.00806170149956 0.0188477001253 0.00585807406994 0.128987284194 0.0141036541283 0.0154008347109 0.00050224341724 0.0116113836445 -0.00944643823603 0.0333551479275 0.003357129886 0.00836683570153 0.0308139953895 0.0227804571579 0.0315059774325 0.0144845186798 0.0207431814709 0.0108802853962 0.00541370071723 0.0391088466285 0.0182632596241 0.013719220306 0.00862544126128 0.00863231566301 0.0073796070178 0.016758104251 0.0148000753242 
-0.010141316671 0.0233946735565 0.0243896311355 0.0251462891158 0.0137061193089 -0.00346115517274 0.0112585917121 0.027448433927 0.0402907649583 0.0207316178706 0.106476502256 0.0119851408926 0.0543624224427 0.0123194086938 0.0111107236994 0.0254989989611 0.0141036541283 0.397200042225 0.00366856384438 0.012967302582 0.00956225121797 0.0899285890616 0.0154383129886 0.0194600587057 0.00604071560971 0.00227561327549 0.00958083386159 0.0124150046363 0.0181201304418 -0.00366337815043 0.074385066101 0.023291776226 0.0090571195986 0.0388776511157 0.0167193245095 0.0110474618656 0.014839355658 0.0241416052079 0.0225261254699 0.0052959024395 
0.0247645211364 0.00635298661503 0.0130249242858 0.0243816263848 0.037414619862 0.00543473783432 0.00793489345691 0.026011306788 0.0255956659597 0.0104733268421 0.0173619660861 0.0074311343367 0.0305963332457 0.0188190613631 0.0154010870698 0.0166026362356 0.0154008347109 0.00366856384438 1.30097434537 0.0178152081513 0.00251375624017 0.0147626294402 0.0142403030772 0.0141391602779 -0.0264668897662 0.0323304874809 0.0497995191175 -0.00429229422478 0.0149389534794 0.0192093040172 0.0386997063566 0.0344592863608 0.00364967757778 0.0170704741999 0.0197793455287 0.0217175548835 0.0131654950401 0.0207818917554 0.0170186980588 0.00296179704079 
0.00314510176792 0.0154500567284 0.00308359580373 0.00351987652096 0.0278806822648 0.00627294449606 0.00587492517673 0.0156228239071 -0.00599221114474 0.0230731398889 0.0144554837643 -0.00190229475729 0.0182999151247 -0.00504152690362 0.00892228059529 0.0315201694686 0.00050224341724 0.012967302582 0.0178152081513 0.236463656871 0.00255028947525 -0.00101058311706 0.0157028976512 -0.0183475777139 -8.84605525607e-05 0.00718995178457 0.031135565445 0.0200046383176 -0.0033317388504 -0.0127648833245 0.0161142699614 0.0479309516759 0.0315512965676 0.00455630501971 0.030167318613 -0.00611523213315 -0.00408110175716 -0.00938980045146 0.0121749514556 0.00926116317197 
0.00250341826304 0.0116870638038 -0.00186364968014 0.000951368569394 -0.000448334291046 -0.00657795059595 0.021405580443 0.00998475839941 0.0794975709086 -0.0124025682653 -0.0135754538135 0.0303461418516 0.0296348832441 0.0236943906411 0.0241421069991 0.0224456357639 0.0116113836445 0.00956225121797 0.00251375624017 0.00255028947525 0.290185790924 0.00441496718482 0.0133198481149 0.0044736166924 0.000399365126433 -0.00420941872979 0.00804626939001 0.0145867954996 0.0052116020947 0.000633640012041 -0.00759888965544 0.00648796101758 -0.0171259391092 0.00235018944299 0.0274908532091 0.00163591465895 -0.017878865128 0.0482569613943 0.0138691471108 0.00965140576082 
-0.00216422944126 0.0145738424989 -0.00961145560521 0.0128622393982 0.00755918577108 -0.0148689243461 0.0108188683586 0.0563801487357 -0.0308041283101 0.00897155369629 0.0747280120985 0.0357186211333 0.0261948901324 -0.0209665706924 0.0301127478465 0.0202681687467 -0.00944643823603 0.0899285890616 0.0147626294402 -0.00101058311706 0.00441496718482 0.599852193392 0.0199347808009 0.0269567182893 0.0399478446033 0.00852401316219 0.0140391978691 0.00501459294149 0.091840003199 -0.00343493267867 0.021672694437 0.0114310961796 -0.00387033739776 0.0411159818996 0.0244065556198 0.0199074825437 0.0496293579338 0.0128621472902 0.0532636818231 0.0125203557422 
0.0369536433133 0.0358473848621 0.0185519989305 0.0709845231647 0.00867857745092 0.0328263930045 0.0152566994004 0.025601115466 -0.00829911880306 0.00998260057726 0.033504494177 0.00811448224895 0.0616947264911 0.0186388039608 0.0199767698526 0.00480396078364 0.0333551479275 0.0154383129886 0.0142403030772 0.0157028976512 0.0133198481149 0.0199347808009 0.222287799242 0.0108001518674 0.00413262539493 0.0472231555494 0.0358379547478 0.0239785513869 0.0340009123178 0.0210187057646 0.00212305325393 0.00732509033884 0.0164687231931 -0.00258134970594 0.00467934605343 0.0214457878343 0.0258333850871 0.016889622055 0.0158489533487 0.0293866608492 
0.021660873749 -0.00883670858193 0.00628724062677 0.00988051656018 -0.00289022321979 0.0163190198907 0.0062437902134 0.0032339866311 0.00304448009846 -0.0121641842691 0.0232009152255 0.0215585096791 0.021738930772 -0.00182592783881 0.0119125150867 -0.00942030370076 0.003357129886 0.0194600587057 0.0141391602779 -0.0183475777139 0.0044736166924 0.0269567182893 0.0108001518674 0.438675804741 -0.0258314212353 0.0415832957668 0.00769050761562 0.00389626026044 0.028811557968 0.00921538910799 0.00453907996009 0.00985262430112 0.00851743703955 0.00949059197902 -0.00127820250343 0.00097596589775 -0.00521558602591 0.00890356674489 0.00661054320657 0.00114835604187 
0.0286573346169 0.0399277823225 0.000302773970051 0.026845034963 0.0185218352668 -0.0186408444091 0.0274888486548 -0.00995448759453 -0.0198232809013 0.0323376827308 0.00594923452182 0.0185218967062 0.0267610133952 0.0348189448082 0.0156190821737 0.0072763746371 0.00836683570152 0.00604071560972 -0.0264668897662 -8.84605525596e-05 0.000399365126432 0.0399478446033 0.00413262539493 -0.0258314212353 0.234657138042 0.0323364822242 0.0346353315449 0.0198461021462 0.0303248173657 0.0174082265531 0.00562859472108 0.0315752298726 -0.0195961646983 0.00751291283562 0.0536880939446 0.0164910305076 0.0094651289425 0.0189613709438 0.0150624677166 0.0171236252291 
-0.00879685898084 0.0146816304173 0.00727824453604 0.0277278393712 0.0037045985694 -0.0155607275464 0.0478266948841 0.0335486993664 0.00713422031263 0.0399673347118 0.000563323378441 0.0187163916769 0.0603058134523 0.0564928390717 -0.00302613782522 -0.00537400870915 0.0308139953895 0.00227561327549 0.0323304874809 0.00718995178457 -0.0042094187298 0.00852401316219 0.0472231555494 0.0415832957668 0.0323364822242 0.283574151372 0.0595087109604 0.00427885938129 0.0177915405508 0.0657411475448 0.0167219154838 0.0431883481295 0.0133137722118 0.00634906504187 0.00684580168356 0.0561062345026 0.0109633180631 0.0294400204217 0.0232734915341 0.0237240017552 
0.012367082961 0.0164627719532 0.0116063529574 -0.00434741777901 0.0380273812685 -0.0190331339262 0.0257394682612 0.0354004249845 0.0186501022438 0.0316879215647 0.011830689113 0.010705152905 0.0351829311212 0.0309403080531 0.0156841687304 0.0269769887523 0.0227804571579 0.00958083386159 0.0497995191175 0.031135565445 0.00804626939001 0.0140391978691 0.0358379547478 0.00769050761562 0.0346353315449 0.0595087109604 0.32617467486 0.0116848711819 0.033552278981 0.0658543654441 0.0269511431986 0.0134692377869 0.00104291020823 0.0149461149194 0.0162292522172 0.0524433627076 -0.0104076209106 0.0294200962655 0.0237055103088 0.0138782742794 
0.0553134264658 0.0499113115772 0.0105667093863 0.0302807828001 0.0535699092824 0.0546606128462 0.00940794103121 0.018594685264 -0.0267777910625 0.00708445220014 0.00377378164021 0.0104225542158 0.0305793766312 0.0191157580651 0.0114620061615 -0.00281345796996 0.0315059774325 0.0124150046363 -0.00429229422478 0.0200046383176 0.0145867954996 0.00501459294149 0.0239785513869 0.00389626026044 0.0198461021462 0.00427885938128 0.0116848711819 0.205955063745 -0.00131745219163 0.0168437825656 0.0197849971701 0.0157489367829 0.0394613201622 0.0056943925879 0.0173167347884 -0.00785750720732 0.00939514088437 0.000675652872787 0.014520960105 -0.00255484447847 
0.015739083465 0.00143095551927 -0.0182445207818 0.0192668206866 0.012517074676 0.0149224311131 0.00323994818038 0.0147564211445 0.0207720176483 0.0345101907675 0.0270403644863 0.0155609516918 0.0269902787009 -0.0115833157996 -0.00766127017132 0.0177758630486 0.0144845186798 0.0181201304418 0.0149389534794 -0.0033317388504 0.0052116020947 0.091840003199 0.0340009123178 0.028811557968 0.0303248173657 0.0177915405508 0.033552278981 -0.00131745219163 0.518619683288 -0.0223821920271 0.0736182683669 0.0153677732148 0.016277532746 0.0018878316725 0.0195856035582 0.0561387188844 0.0661236973092 -0.0044478813497 0.0252381121597 0.0032139921552 
-0.0272624369682 -0.002027702769 -0.00127899353158 0.024305335995 0.000895698780425 -0.0404477452321 0.0313449494045 0.00312938316743 -0.0255763732483 0.00833646974488 -0.00886655339072 0.0158752940606 0.0419939014194 -0.00239075762638 0.0061659473249 -0.00145343956727 0.0207431814709 -0.00366337815043 0.0192093040172 -0.0127648833245 0.00063364001204 -0.00343493267866 0.0210187057646 0.00921538910798 0.0174082265531 0.0657411475448 0.0658543654441 0.0168437825656 -0.0223821920271 0.274431436006 -0.0165323096775 0.0201703216481 -0.00557061082153 -0.00117383945488 0.0209224457415 0.0383651346419 0.00316938605577 0.0243880389406 -0.00345423411508 0.00173412762313 
0.00864669429367 0.0343586153015 0.0136361164986 0.0112703367189 -0.00632565674398 0.00811475098071 0.017404234707 1.49366574515e-05 0.0158810441582 0.0223889907991 0.0740394660567 -0.0274558823771 0.0587439796034 0.0382550578408 0.0256019225864 0.0184901395534 0.0108802853962 0.074385066101 0.0386997063566 0.0161142699614 -0.00759888965544 0.021672694437 0.00212305325393 0.00453907996009 0.00562859472108 0.0167219154838 0.0269511431986 0.0197849971701 0.0736182683669 -0.0165323096775 0.33404213932 0.00166744413964 0.00143912605242 0.0174069683127 0.0246955379508 0.0332210068247 0.0380228265914 0.00479693231971 0.0233824805284 0.0223253948465 
-0.00292431269432 0.0130437878729 0.0251674543738 -0.00298421287883 0.00934094793182 -0.00146677847145 0.023553377595 -0.000344440458056 0.0235386742771 0.0163456427274 0.00344715117479 0.00360397183445 0.0406236025047 0.0244024853329 0.0255186931299 -0.00405579329078 0.00541370071723 0.023291776226 0.0344592863608 0.0479309516759 0.00648796101758 0.0114310961796 0.00732509033884 0.00985262430113 0.0315752298726 0.0431883481295 0.0134692377869 0.0157489367829 0.0153677732148 0.0201703216481 0.00166744413964 0.352827625365 -0.0557092540686 -0.00467190340789 0.0229406806222 0.0233785672987 0.0215296830522 0.0464614786982 0.001559549138 0.0112785063871 
0.0370439652736 0.033402142174 0.00136708254338 0.0377352552521 0.0628962945477 0.0136777988589 0.0178880182453 0.010234099464 0.0588083685204 -8.64599669967e-05 -0.00438587059402 0.0125522474894 0.00365901067048 0.00963431905969 0.0297234509424 0.0147893537082 0.0391088466285 0.0090571195986 0.00364967757778 0.0315512965676 -0.0171259391092 -0.00387033739776 0.0164687231931 0.00851743703955 -0.0195961646983 0.0133137722118 0.00104291020823 0.0394613201622 0.016277532746 -0.00557061082153 0.00143912605242 -0.0557092540686 0.892372282035 0.0188992427624 0.000350890790949 0.0305762734784 0.00823804159581 0.0133883249505 0.00177757437186 0.0136099614679 
0.00622816133986 0.00840959025007 0.00409419318445 0.0111497971577 0.00758342441772 0.0124449826601 -0.00136641907385 0.0234748845147 0.00258200822146 0.0109712594641 0.0196435733825 0.00236093234466 0.0225454421856 -0.0157189333062 0.0125231555662 0.0113635534039 0.0182632596241 0.0388776511157 0.0170704741999 0.00455630501971 0.00235018944299 0.0411159818996 -0.00258134970594 0.00949059197902 0.00751291283562 0.00634906504187 0.0149461149194 0.0056943925879 0.0018878316725 -0.00117383945488 0.0174069683127 -0.00467190340789 0.0188992427624 0.22410020242 0.0058712770633 0.0105917553258 -0.00167846592854 0.0174698878729 0.0140454467479 0.0276444245039 
0.00470518065882 0.0206841587669 -0.00661392699047 0.0190793730491 0.0279644236124 0.0151361586953 0.0193001523011 0.0323300231293 0.00649963257641 0.00819998401342 -0.00215370073691 0.0205611568325 0.043034134755 0.00605772729433 0.0240542199331 0.00740779324881 0.013719220306 0.0167193245095 0.0197793455287 0.030167318613 0.0274908532091 0.0244065556198 0.00467934605343 -0.00127820250342 0.0536880939446 0.00684580168356 0.0162292522172 0.0173167347884 0.0195856035582 0.0209224457415 0.0246955379508 0.0229406806222 0.000350890790949 0.0058712770633 0.315309181726 0.0252431376243 0.0265603371572 -0.0105184196749 0.0118934114736 -0.00606822345246 
0.0119482154504 0.0272600783855 0.0326170715762 0.0241878080706 0.00675000832713 0.01314166872 -0.00034652924714 0.0253123566556 -2.11647628731e-05 0.0256284568668 0.00941742321436 0.000552652549818 0.0466053085549 0.0189996735785 0.0189332727415 0.00246002940622 0.00862544126128 0.0110474618656 0.0217175548835 -0.00611523213315 0.00163591465895 0.0199074825437 0.0214457878343 0.000975965897749 0.0164910305076 0.0561062345026 0.0524433627076 -0.00785750720732 0.0561387188844 0.0383651346419 0.0332210068247 0.0233785672987 0.0305762734784 0.0105917553258 0.0252431376243 0.335609480215 0.0294706974246 0.00872991663978 0.0280470164097 0.00520775864225 
0.0153682682321 0.00684253267366 0.0120923530284 0.0216331706435 0.021982910213 0.0309611470443 -0.0024902272051 0.00604106900579 -0.0234692584465 0.00714456131481 0.0382951201832 0.0053687045844 0.0433588422369 0.0104792809277 0.0275386335576 0.00598588673708 0.00863231566301 0.014839355658 0.0131654950401 -0.00408110175716 -0.017878865128 0.0496293579338 0.0258333850871 -0.00521558602591 0.00946512894251 0.0109633180631 -0.0104076209106 0.00939514088437 0.0661236973092 0.00316938605577 0.0380228265914 0.0215296830522 0.00823804159581 -0.00167846592854 0.0265603371572 0.0294706974246 0.207574916994 0.00342187205189 0.0186426921608 -0.00127347666548 
-0.00747895081795 0.0114284525317 0.023206066802 0.0287030388838 0.0108787555113 -0.00582884051694 0.00786104840191 -0.00471663564189 0.00856354718759 -0.00114391748716 -6.57616097791e-05 0.0130525882277 0.0627107560576 0.0461036439748 0.0170925530282 0.0121206498428 0.0073796070178 0.0241416052079 0.0207818917554 -0.00938980045146 0.0482569613943 0.0128621472902 0.016889622055 0.00890356674489 0.0189613709438 0.0294400204217 0.0294200962655 0.000675652872788 -0.0044478813497 0.0243880389406 0.00479693231971 0.0464614786982 0.0133883249505 0.0174698878729 -0.0105184196749 0.00872991663978 0.00342187205189 0.327194734405 -0.00354012371266 0.00825546546897 
0.039100609277 0.0125302431599 -0.00820071629024 0.00911890745364 0.0131177213128 0.0375353267884 0.0208544815423 0.0201984016819 0.019943335379 0.0083707751395 0.00313943568305 0.00699304418924 0.0309961519914 0.0228512099246 0.0168672994756 0.0146416703979 0.016758104251 0.0225261254699 0.0170186980588 0.0121749514556 0.0138691471108 0.0532636818231 0.0158489533486 0.00661054320657 0.0150624677166 0.0232734915341 0.0237055103088 0.014520960105 0.0252381121597 -0.00345423411508 0.0233824805284 0.00155954913799 0.00177757437186 0.0140454467479 0.0118934114736 0.0280470164097 0.0186426921608 -0.00354012371265 0.245603907628 0.0227696816385 
0.0273171185222 0.0129892501285 0.0082042113727 0.024818880805 -0.00365078163743 0.0211391966438 0.0336346540229 0.0385307112423 0.136211595264 0.00854448463191 0.0113932735676 0.0139623577748 0.0394820357662 0.0229203760231 0.0124972334074 0.00494108529643 0.0148000753242 0.0052959024395 0.00296179704079 0.00926116317197 0.00965140576082 0.0125203557422 0.0293866608492 0.00114835604187 0.0171236252291 0.0237240017552 0.0138782742793 -0.00255484447848 0.0032139921552 0.00173412762314 0.0223253948465 0.0112785063871 0.0136099614679 0.0276444245039 -0.00606822345246 0.00520775864225 -0.00127347666548 0.00825546546897 0.0227696816385 0.144013075023 
0.0357301992759 0.0035655928457 0.000586378243884 0.00162152949598 0.00354891014452 0.0153811656374 -1.62621694107e-05 0.00222503736891 0.0018039198502 0.00293426908578 -0.00160305879479 0.00340573360495 0.0035535323552 1.01953175469e-05 3.75521964916e-05 9.69674331153e-05 -0.000154871896261 -0.000878263786488 0.00214467044167 0.000272373802851 0.000216802381209 -0.000187427767575 0.00320027938717 0.00187588669348 0.00248179797829 -0.000761830335092 0.00107102080149 0.00479028324897 0.00136304461129 -0.00236099629835 0.000748825691708 -0.000253252908189 0.00320810149839 0.000539374593919 0.000407480597993 0.001034745811 0.00133093107012 -0.0006476961402 0.00338621209373 0.00236573185984 
0.0035655928457 0.0170390871822 0.000647095007523 0.00205166520157 0.00182483384503 0.00452444790345 0.00138903662474 0.00182206130285 0.000727697781858 0.00121837443869 0.000884537424717 0.00205602809635 0.00423180403582 0.00275141749116 0.0014971366942 0.00156080219965 0.00331863698066 0.00202603816132 0.000550184779852 0.00133801416167 0.00101212941498 0.00126213178348 0.00310447459498 -0.000765281411779 0.00345784738081 0.00127146649103 0.00142571787282 0.0043224463762 0.000123924383137 -0.000175604210928 0.00297554336899 0.00112962516595 0.00289271036635 0.000728291879198 0.0017913006948 0.0023607920391 0.000592580712162 0.000989733021839 0.00108515088921 0.00112490205874 
0.000586378243884 0.000647095007523 0.0212769858254 0.000885698360038 0.00123428580272 0.001864898058 0.00158525617319 0.00244280248891 0.00232982866977 0.00212478131879 -0.00119967593565 0.000556659870386 0.000458069255677 0.00175344844781 0.000632275218638 0.00104713254068 0.00154718136891 0.00211220401523 0.00112799153139 0.000267047230103 -0.000161396796676 -0.000832376472146 0.00160665023648 0.000544491010249 2.6220994967e-05 0.000630314466317 0.00100513965064 0.000915103876295 -0.00158002184769 -0.000110764088962 0.00118092232967 0.00217956548363 0.000118392821164 0.000354567530574 -0.000572782879252 0.0028247212582 0.00104722849141 0.00200970433725 -0.000710202863658 0.000710505546677 
0.00162152949598 0.00205166520157 0.000885698360038 0.0143365808631 0.00137924739796 0.0015882559913 0.0016306184342 0.00163407920115 0.000790118854893 0.00114837484641 0.00321064805637 0.000923562731006 0.00309613808591 0.00188201319801 0.00175860622137 2.62285737435e-05 0.00266094229463 0.00217773251852 0.00211151078348 0.000304830248533 8.23909349457e-05 0.00111390260684 0.00614744003361 0.000855677834363 0.00232484822434 0.00240130132875 -0.000376497423749 0.00262239271514 0.00166855561647 0.00210490384192 0.000976039790781 -0.000258440416336 0.00326796896666 0.000965600758558 0.00165232217488 0.0020947256251 0.00187348753417 0.00248575608392 0.000789720550961 0.00214937812707 
0.00354891014452 0.00182483384503 0.00123428580272 0.00137924739796 0.0195081336133 0.00290413984822 -1.36186602613e-06 0.000177235475354 0.000381768013209 0.00121736984172 0.000111540773234 -0.0010427441308 0.00266997391286 0.00133896526065 0.000372197233359 0.000282009505224 -7.08551421147e-05 0.00118698475088 0.00324020112734 0.00241453791162 -3.88268885435e-05 0.000654644690968 0.000751586854121 -0.000250300673094 0.00160403798657 0.000320827647193 0.00329326782179 0.0046392902317 0.00108401046505 7.75697897989e-05 -0.000547817943592 0.000808949820438 0.00544697888822 0.000656743819343 0.00242179012506 0.000584567868705 0.00190377586936 0.000942127863432 0.00113602798967 -0.000316166964169 
0.0153811656374 0.00452444790345 0.001864898058 0.0015882559913 0.00290413984822 0.039744548365 0.000228533340227 0.00274046346448 0.00251204521456 0.000132318173409 -0.00253227446313 0.00180373997537 0.00650307823067 0.00402689075943 0.0024040105993 0.000271593209564 0.000446825030977 -0.000299744830603 0.000470662102743 0.000543252929011 -0.000569667232093 -0.00128768662106 0.00284284902565 0.00141326857903 -0.00161434448063 -0.00134759853565 -0.00164831774937 0.00473374793112 0.00129232044302 -0.00350287748968 0.000702758049468 -0.0001270267418 0.00118453212797 0.00107776711333 0.00131082979458 0.00113810189596 0.00268131398706 -0.000504792396227 0.00325065465381 0.00183070813092 
-1.6262169411e-05 0.00138903662474 0.00158525617319 0.0016306184342 -1.36186602651e-06 0.000228533340227 0.016905968689 0.00150914065355 -0.000669333862694 0.00225664786644 -0.000720977208425 0.00179777405412 0.00439094574351 0.00402481272309 0.00149427183398 0.000781413190168 0.00244974067303 0.00097502264335 0.000687181931 0.000508783444838 0.00185377764464 0.000936941483871 0.00132126892587 0.000540728094071 0.00238060412558 0.00414191327487 0.00222910333941 0.000814751593033 0.000280587743115 0.00271455224646 0.00150725093897 0.00203978233422 0.00154914782238 -0.000118335363017 0.00167144221897 -3.00103131177e-05 -0.00021566000208 0.000680786761643 0.00180605107984 0.00291284648313 
0.00222503736891 0.00182206130285 0.00244280248891 0.00163407920115 0.000177235475354 0.00274046346448 0.00150914065355 0.0210750280089 0.00945108167021 0.0012336366978 -0.00107941791352 0.000253426110437 4.9623238154e-06 0.00100033466467 0.00153569724395 0.00202490268602 0.00112526344903 0.00237710410749 0.0022526452464 0.00135297623824 0.000864705442454 0.00488266410743 0.00221712163588 0.000280071457803 -0.000862083913853 0.00290540259152 0.00306576673413 0.0016103469814 0.00127794355801 0.000271012532117 1.29355248015e-06 -2.98294186769e-05 0.000886299012071 0.00203298463406 0.00279986213349 0.00219211438934 0.000523171922502 -0.000408472628627 0.00174923289724 0.00333685747617 
0.0018039198502 0.000727697781858 0.00232982866977 0.000790118854893 0.000381768013209 0.00251204521456 -0.000669333862694 0.00945108167021 0.2498421559 0.00104829987862 0.000174700693479 -0.00158719734448 0.00371555897215 0.00094786295615 0.000829517475714 0.00160981064354 -0.000249163330565 0.00348928259918 0.00221664969478 -0.000518940707618 0.0068846915946 -0.0026677157658 -0.000718724771248 0.000263659710658 -0.00171674648469 0.000617841602693 0.00161514623263 -0.00231902473174 0.00179890949713 -0.00221497889697 0.00137533876796 0.00203850898953 0.00509295410938 0.000223608471257 0.000562884692644 -1.8329222313e-06 -0.00203249740226 0.000741624941096 0.00172714350744 0.0117962701788 
0.00293426908578 0.00121837443869 0.00212478131879 0.0011483748464 0.00121736984172 0.000132318173409 0.00225664786644 0.0012336366978 0.00104829987862 0.0196806553179 0.00108467326887 0.00115107444145 0.00195516819406 0.00182963044006 -0.000696300254119 0.000609527873997 0.00135061406651 0.00179541077375 0.000907016710737 0.00199819252889 -0.001074093919 0.00077695934124 0.000864518569574 -0.00105344925933 0.00280052547443 0.0034612727182 0.00274425450682 0.000613531557722 0.00298867018941 0.000721959457694 0.00193894347971 0.00141557418431 -7.48765278299e-06 0.000950138940745 0.000710139446624 0.00221948947065 0.000618737159752 -9.90661603716e-05 0.000724930392017 0.000739974075348 
-0.00160305879479 0.000884537424717 -0.00119967593565 0.00321064805637 0.000111540773233 -0.00253227446313 -0.000720977208425 -0.00107941791352 0.000174700693479 0.00108467326887 0.0411725030647 0.00211627118244 -0.000611733165823 0.000803181562863 0.00177040910494 -0.00152851451202 0.00102996524742 0.00922113558598 0.00150359036902 0.00125188161639 -0.00117566878704 0.00647163568516 0.00290157430982 0.00200925819763 0.000515218822897 4.87852356278e-05 0.00102456773161 0.000326819076876 0.00234176425727 -0.000767866048037 0.00641200584878 0.000298532048806 -0.000379827535213 0.00170118335704 -0.000186515955032 0.000815572774182 0.00331645469196 -5.69512246615e-06 0.000271883105507 0.00098668643418 
0.00340573360495 0.00205602809636 0.000556659870386 0.000923562731006 -0.0010427441308 0.00180373997537 0.00179777405412 0.000253426110437 -0.00158719734448 0.00115107444145 0.00211627118244 0.0214920991411 -0.000183841211181 0.00171422074631 0.000540743924766 0.000435506933564 0.00121018958472 0.00103794364809 0.000643555111452 -0.00016474355853 0.00262805297503 0.00309332332896 0.000702734776615 0.00186702170498 0.00160404330738 0.00162088706594 0.000927093436717 0.000902619672316 0.00134761794722 0.0013748407949 -0.00237774916219 0.000312113116316 0.00108705652005 0.00020446273871 0.00178064841482 4.78611147608e-05 0.00046494345555 0.00113038729904 0.000605615391767 0.00120917565297 
0.0035535323552 0.00423180403582 0.000458069255677 0.00309613808591 0.00266997391286 0.00650307823067 0.00439094574351 4.96232381544e-06 0.00371555897215 0.00195516819406 -0.000611733165824 -0.000183841211181 0.051709357708 0.0111100663034 0.00449936163245 0.000434878873279 0.00245344812142 0.00470792388467 0.00264972018535 0.0015848191385 0.00256645617276 0.0022685440304 0.00534292004208 0.00188264662997 0.00231757174312 0.00522263664456 0.00304693121306 0.00264825169945 0.00233742670102 0.00363677854332 0.0050873778656 0.00351810717623 0.000316879619336 0.00195249256723 0.00372686539277 0.00403613811598 0.00375498588558 0.00543091078364 0.00268434550441 0.00341924459667 
1.01953175469e-05 0.00275141749116 0.00175344844781 0.00188201319801 0.00133896526065 0.00402689075943 0.00402481272309 0.00100033466467 0.00094786295615 0.00182963044006 0.000803181562863 0.00171422074631 0.0111100663034 0.0309880653092 0.0022269278596 0.000705844654377 0.000698163829635 0.00106689208884 0.00162977852158 -0.00043660903724 0.00205199442224 -0.00181575828499 0.00161416777262 -0.000158129989389 0.00301540907369 0.0048924233768 0.00267950927749 0.0016554732097 -0.00100314457425 -0.000207045683873 0.00331298519134 0.00211331722137 0.000834356505385 -0.00136129955635 0.000524614572609 0.00164541999826 0.000907532349682 0.00399269268892 0.00197897283019 0.00198496279003 
3.75521964919e-05 0.0014971366942 0.000632275218638 0.00175860622137 0.000372197233359 0.0024040105993 0.00149427183398 0.00153569724395 0.000829517475714 -0.00069630025412 0.00177040910494 0.000540743924766 0.00449936163245 0.0022269278596 0.0153045619892 -0.000378612984287 0.00163225871114 0.00096221689781 0.00133377326484 0.000772692165522 0.00209076779621 0.00260784046128 0.00173003901779 0.00103165406881 0.00135265219462 -0.000262071223199 0.00135828885577 0.000992638851418 -0.000663485459362 0.000533986702175 0.00221719153456 0.00220998365219 0.00257412636042 0.00108453708559 0.00208315655302 0.00163966951709 0.00238491562464 0.00148025851379 0.00146075098391 0.00108229216079 
9.69674331152e-05 0.00156080219965 0.00104713254068 2.62285737434e-05 0.000282009505223 0.000271593209564 0.000781413190167 0.00202490268602 0.00160981064354 0.000609527873997 -0.00152851451202 0.000435506933564 0.000434878873279 0.000705844654377 -0.000378612984286 0.0132107822798 0.000507324096182 0.00220827808714 0.00143783047498 0.00272972674914 0.00194384907756 0.00175527490228 0.000416035207742 -0.000815822231622 0.000630152528319 -0.000465402806228 0.00233627575771 -0.000243652607446 0.00153943489742 -0.000125871558812 0.00160129305728 -0.000351242002232 0.00128079560168 0.000984112592506 0.000641533713945 0.000213044795984 0.000518392997849 0.00104967906742 0.00126800585184 0.000427910538897 
-0.000154871896261 0.00331863698066 0.00154718136891 0.00266094229463 -7.08551421153e-05 0.000446825030977 0.00244974067303 0.00112526344903 -0.000249163330565 0.00135061406651 0.00102996524742 0.00121018958472 0.00245344812142 0.000698163829635 0.00163225871114 0.000507324096182 0.0111706264878 0.00122141227613 0.00133375140991 4.34955558213e-05 0.00100557532092 -0.000818085548768 0.00288864054522 0.000290735976508 0.000724589226681 0.00266857027994 0.00197284546086 0.00272849768276 0.00125439611383 0.00179641221091 0.000942260355351 0.000468840234961 0.0033869254693 0.00158164467904 0.00118811933051 0.000746985125112 0.000747580465765 0.000639092714736 0.00145129440006 0.00128172412087 
-0.000878263786488 0.00202603816132 0.00211220401523 0.00217773251852 0.00118698475088 -0.000299744830603 0.00097502264335 0.00237710410749 0.00348928259918 0.00179541077375 0.00922113558598 0.00103794364809 0.00470792388467 0.00106689208884 0.00096221689781 0.00220827808714 0.00122141227613 0.0343985326951 0.000317706948464 0.00112300134546 0.000828115247213 0.00778804426539 0.00133699712397 0.00168529051982 0.000523141317505 0.000197073890576 0.000829724551358 0.00107517094031 0.00156924932825 -0.000317257854194 0.00644193569056 0.0020171269911 0.00078436956575 0.00336690335057 0.00144793597594 0.000956738262295 0.00128512589757 0.00209072433982 0.00195081969057 0.000458638604858 
