40
0.0870955077299 0.12260521459 0.114977551813 0.0328492958576 0.0450347688147 0.997925549421 0.0358059899839 0.0948967479515 0.025042174885 0.0729384759615 0.0498180241401 0.0590120409917 0.134627172929 0.0800542827641 0.424855775916 0.28152338764 0.0578888041786 0.0291549562933 0.0336878097659 0.0584521455196 0.0861575830063 0.065309734793 0.0437038130991 0.0621428512979 0.0335790413719 0.0189508527873 0.0300827450696 -0.0014382556632 0.0402434153999 0.0521298167044 0.0160922749751 0.0135435889675 0.0429486266904 0.0833786368315 -0.00168409401267 0.185813705736 0.0697795953642 0.00496789573306 0.0372282541949 0.124759587163 
0.438736008471 0.0238936881094 0.00772185096762 -0.00375918776327 0.0329204151301 0.0153862419781 0.0442470745571 0.0209431532644 0.0267953492076 -0.00551294685329 0.0913402332582 0.00296385759706 -0.0045413237333 0.00456402127729 0.0142091691678 -0.0251118737428 0.097655480397 0.00185553610286 0.0108748941444 0.0248909173097 -0.00618865245593 0.0205676843439 0.00292768593854 0.0262646485126 0.00991341103554 -0.00183631771388 -0.00875700133005 0.0121617017351 0.00225086514276 -0.00537901214777 0.0266689675293 0.0196443473289 -0.00798532236126 -0.0161166356486 -0.0061626005617 0.0654833704988 0.0799172352852 0.0337459750136 0.0253829460859 0.00810637793654 
0.0238936881093 0.194402341258 0.0202782399774 0.0361077166998 0.0166459596503 0.0121755060299 0.0207698094428 0.0237821322357 0.0313815673483 0.023777584854 0.0261768611009 0.0336508107015 0.0138538610156 0.0198851233591 0.0255169302942 -0.0144543739677 0.0345508334136 0.018701663388 0.0685206100746 0.00233159085256 0.039200121684 0.020896322405 0.0363471147917 0.0548015675369 0.0298149218078 0.00807746953911 0.00480687961573 0.0131495934965 0.00906269599455 0.0251816671933 0.000313524750501 0.0105291895353 0.00162938674505 0.0315480997936 0.00934168570263 0.0505024360192 -0.00511978111643 0.0159311925056 0.0354535780575 0.0371985487059 
0.00772185096762 0.0202782399774 0.608164590944 -0.00941207409171 0.0118375413074 -0.0315067454961 -0.00230840166266 0.0240772803652 0.0101949493045 -0.000968442361864 -0.00789860291143 -0.00243294723274 0.0162065062638 0.011854300291 -0.0229261098014 -0.0194859553068 0.0180761892285 0.00319423376067 0.0266474398168 0.0405881998598 0.0304108624105 0.00233446992567 0.0474595974989 0.0355072451849 0.0238247582595 0.0524332143694 -0.00251836962153 -0.00489302690964 0.0166404053363 0.0237081681587 0.0158759898716 0.0401276701808 0.0167946799941 0.0239218553271 -0.00353348482635 0.00364204027549 0.0137312415322 0.0318592317803 0.0171764813184 0.0162926304484 
-0.00375918776328 0.0361077166998 -0.00941207409171 0.333530696146 0.0103592737748 -0.0174714306018 0.00698045871641 0.00447986430669 0.0202501051367 0.00067965440238 0.0151169963047 0.0109662273811 0.00996903564734 0.00325891269148 -0.00937038269346 -0.017492884896 -0.0123608146971 0.0157530267848 0.0214380463968 0.0143324890736 0.0133517825468 0.00491007701808 0.016230592644 0.0264773159508 0.0271708746324 0.00382275480003 0.0137350566992 -0.00960975065674 0.00801996432785 0.00480970816318 -0.00794268119968 0.0238339698349 0.0174727640649 0.0257968893718 0.021856998504 0.068554645861 0.00296069965804 0.0146297998479 0.00757812950259 0.0210884131599 
0.0329204151301 0.0166459596504 0.0118375413074 0.0103592737748 0.189997183348 0.0162399213121 0.0493297994024 0.0219864131134 -0.00539831507403 0.0185822325921 -0.000530183636135 0.0161799972814 -0.00165513672969 -0.0151776516315 0.00538818319973 0.0122778481891 0.0457262692868 -0.0013970246359 0.00235565463923 -0.00274523982436 -0.0180451733457 0.0226168586023 0.0165454515831 0.0087881276071 -0.00758072954843 0.00155474031806 0.0287795948008 0.00849946287231 0.0155244269877 -0.0108946342206 0.0116414030438 0.00505703051866 0.0208334648785 0.0409109584577 0.00867044192835 0.0242897910789 0.0435591016381 0.0520971278366 0.00438410979709 0.00153318581473 
0.0153862419781 0.0121755060299 -0.0315067454961 -0.0174714306018 0.0162399213121 11.8148341512 0.0659472229877 0.0632803411356 0.0221185527796 0.0292460034154 0.0744207184227 0.00269129184196 0.0383158117814 0.037535657158 0.0264490750261 0.0590170319419 0.0979767387367 0.0383250198803 0.0101838288645 0.0121696314785 0.00280714912384 -0.0399098627777 0.0257229936802 0.016738134318 0.00429536877726 0.00565458064309 0.0117525905938 -0.00452542569242 0.00587893181119 0.0436699553448 0.0236298385141 0.0573214117202 -0.0124059663495 0.0255710939962 0.0312039588082 0.0724417140558 0.0339770841163 0.0124050666189 0.0179454166729 -0.0222359692896 
0.0442470745571 0.0207698094428 -0.00230840166266 0.00698045871641 0.0493297994024 0.0659472229877 0.19340960818 0.0596536737606 0.020477651742 0.0147602732689 0.0259269330102 0.0197227441581 0.000675047438953 0.00463330950962 -0.00620828891346 0.00553842725799 0.0600357332971 0.00137493827023 0.0182076811621 0.00610475849339 0.00203145351839 0.00803182724326 0.0180913739267 0.0134783171362 -0.00611612555946 0.014741563488 0.00750981521738 0.0108267088691 0.0097174220642 0.0174984840468 0.0101377214294 0.00984377483238 0.00960532747781 -0.00349125968067 0.0123584870271 0.0329493861118 0.0658063178276 0.0414981355351 0.00583401761864 0.0114100962379 
0.0209431532644 0.0237821322357 0.0240772803652 0.0044798643067 0.0219864131135 0.0632803411356 0.0596536737606 0.55174787084 0.0180524624601 0.0218768527814 0.0141455498447 0.00597405575081 0.0477754829379 0.0278850317176 -0.00335656409883 -0.00689345412988 -0.00390747350541 -0.00936019370443 -0.00976229191706 -0.00321006039878 0.0515075406364 0.0107397108153 -0.00206758730999 0.0169010316811 0.0376118497732 0.026060119688 0.000530237455714 0.0113354711315 -0.00089319656483 0.00404305532351 0.000594418193856 0.00159497473521 0.0284147634232 -0.00893255155413 0.00376004865223 0.0105044829293 0.0166607683573 0.0256455494952 0.0175589226807 0.0140693545737 
0.0267953492076 0.0313815673483 0.0101949493045 0.0202501051367 -0.00539831507402 0.0221185527796 0.020477651742 0.0180524624601 0.17285656543 0.0217301350597 -0.0103234140186 0.00566278165892 0.0219735802779 0.0133441567875 -0.0108340485349 -0.0136018634738 0.0131977179645 0.0107498321615 0.0335761965001 0.00730542284624 0.00467207241222 0.00412372421292 0.0145339898222 0.0315978597928 0.00363122329339 -0.000482980623454 0.0156295136446 0.00646249128391 0.0205830274942 0.0440231134793 0.0100336238092 0.00242112174282 0.0167428649297 0.0207502324246 0.0121618665077 0.0498765812776 0.00829228673681 -0.000746510069238 0.0212795056632 0.0129503957705 
-0.0055129468533 0.023777584854 -0.000968442361862 0.000679654402386 0.0185822325921 0.0292460034154 0.0147602732689 0.0218768527814 0.0217301350597 0.319385906571 0.00683557419804 0.0217110242567 0.0488078904228 0.00694952409914 0.0153407602303 -0.0348305077786 -0.0192976570744 0.00931255891062 0.01243127836 0.00714946718889 -0.00143230919747 0.0267928454975 0.00853467859802 0.0336872829268 0.0200009029534 0.0225617478686 0.000665810311861 0.00245258277511 0.0124084230601 0.00836427768248 0.0110271325127 0.0309396507379 0.0121975967392 0.00655842344886 0.0150936570737 0.0196737008806 -0.0120358561988 0.00670226925904 0.0207893428108 0.0203788215245 
0.0913402332582 0.0261768611009 -0.00789860291143 0.0151169963047 -0.000530183636133 0.0744207184227 0.0259269330102 0.0141455498447 -0.0103234140186 0.00683557419804 0.368756772648 0.0164494150232 0.0143372316217 -0.0172019043318 -0.035962875318 -0.0190805459394 0.127168042319 0.0175702758887 -0.00148336733646 0.0194387429402 -0.000399734961215 0.031516717087 -0.00309610521344 0.00550888280417 -0.0235522898399 0.00521488586743 0.000909345616382 0.00148447119803 -0.00632218281165 -0.013753148241 0.00239071606428 -0.00602551920797 -0.00997889255396 0.0212333631503 -0.00415318319962 0.0593790904319 0.0329097123574 0.0220667950974 0.0299435608537 0.00633855771802 
0.00296385759705 0.0336508107015 -0.00243294723274 0.0109662273811 0.0161799972814 0.00269129184196 0.0197227441581 0.00597405575081 0.00566278165892 0.0217110242567 0.0164494150232 0.289167812284 -0.00897842146828 0.0115501621678 -0.010298415181 -0.0118634130015 0.0237735869881 0.0107452240795 0.0238736432342 0.0100974178424 -0.00676614893086 0.0317505161838 0.0117213176148 0.0208066581067 -0.00532250850149 -0.00592248203175 0.00913092525959 0.001265000525 0.0178139992384 0.00698235604889 -0.00354872700122 0.00171593252667 0.00356328462029 -0.0130991864509 0.0178002859301 0.0257900789843 0.0111593895077 0.0298741855047 0.00318869063291 0.00298194885544 
-0.00454132373326 0.0138538610156 0.0162065062638 0.00996903564735 -0.00165513672967 0.0383158117814 0.000675047438971 0.0477754829379 0.0219735802779 0.0488078904228 0.0143372316218 -0.00897842146827 0.735630233064 0.00628980115182 0.00506227585348 -0.0182758402756 -0.00245655707513 0.00355707400938 0.0371948058464 0.0401574405973 0.0196265570703 0.0467601688752 -0.00679933044085 0.00302522685099 0.0372091915763 0.0124746446555 -0.00249716196235 0.0394472208352 0.00268713456582 0.0103467936767 -0.0239515351963 0.0179061004409 0.0182200071939 0.00910795335676 0.0135658447262 0.0404051475631 0.0159075689586 0.00656749434311 0.013997180707 0.0534390662669 
0.00456402127732 0.0198851233591 0.0118543002909 0.00325891269148 -0.0151776516315 0.037535657158 0.00463330950962 0.0278850317176 0.0133441567875 0.00694952409914 -0.0172019043318 0.0115501621678 0.00628980115181 0.343833511668 0.0484805354349 0.00117697182116 0.010805948928 0.0254199831471 0.0210093538178 0.0279993959368 -0.0091300584035 0.00189647352282 -0.00402345555273 0.00865441050065 0.0288963501912 0.0348366280891 0.00466399117664 -0.0021125542319 0.0260624673685 0.0133245764782 -0.0070352849416 0.00986451367648 0.0298827365563 0.015050544336 0.0225944494634 0.0196834836096 0.0275485017363 0.00282653290143 0.0346794592164 0.0173587039866 
0.0142091691678 0.0255169302942 -0.0229261098014 -0.00937038269346 0.00538818319973 0.0264490750261 -0.00620828891346 -0.00335656409883 -0.0108340485349 0.0153407602303 -0.035962875318 -0.010298415181 0.00506227585348 0.0484805354349 3.74956472673 -0.00293273946719 -0.0427846036319 0.00351649380682 0.0209921280918 -0.00208669011697 0.0371582648074 0.0128602981845 -0.0180567392122 0.00431603616079 -0.00388535056665 0.0162667873991 0.00512432753644 -0.00107437982039 0.00197603650332 0.00759010007112 0.00701756548049 0.00396080220788 0.00471066053955 -0.00639676004894 -0.00789594293239 -0.00530346461757 0.00173678193538 0.00720953169494 0.0113215545584 -0.0246157542749 
-0.0251118737428 -0.0144543739677 -0.0194859553068 -0.017492884896 0.0122778481891 0.0590170319419 0.00553842725798 -0.00689345412989 -0.0136018634738 -0.0348305077786 -0.0190805459394 -0.0118634130015 -0.0182758402756 0.00117697182116 -0.00293273946716 1.9351713358 -0.0297558787012 0.0013937798943 -0.0164047028964 0.00828627035255 -0.0101139769392 -0.0684533996483 -0.0286867601101 -0.0124930640245 -0.00325385125333 -0.0091274889135 0.0156671135268 -0.021603352325 -0.0135899982013 -0.0082955367705 0.0003078470939 -0.0204990024094 0.00523676066196 -0.0164473546039 0.00307281760184 -0.0113844867075 -0.000404890244796 0.00909889760346 0.00365886417407 -0.0179369204833 
0.097655480397 0.0345508334136 0.0180761892285 -0.0123608146971 0.0457262692868 0.0979767387367 0.0600357332971 -0.00390747350537 0.0131977179645 -0.0192976570744 0.127168042319 0.0237735869881 -0.00245655707517 0.010805948928 -0.0427846036319 -0.0297558787012 0.409830287829 0.0341967575726 0.0257267016506 0.035632205355 0.0185224531942 -0.000439553666147 0.00483623910014 0.0193160602275 -0.00798354054385 0.00697876922552 0.00573150732354 -0.000178413245128 -0.0142405580125 0.0025929484363 0.0135152761012 0.0142716631982 0.0152942006119 -0.0114101825416 0.000932600694912 0.0332065327799 0.0182036519199 0.0350049177018 0.0251478413779 0.0203176505123 
0.00185553610286 0.018701663388 0.00319423376067 0.0157530267848 -0.0013970246359 0.0383250198803 0.00137493827024 -0.00936019370443 0.0107498321615 0.00931255891062 0.0175702758887 0.0107452240795 0.00355707400938 0.0254199831471 0.00351649380682 0.0013937798943 0.0341967575726 0.244228763583 0.0194406417477 0.0236155986908 0.0159024543529 0.00343784385807 0.00943231939552 0.00697667334806 0.012969893657 0.018347563243 0.00607928914735 0.0280452445146 0.00837727504707 0.0220942321952 0.00370295890635 0.0200364861504 0.00112090339032 0.00727948499038 0.02069430871 -0.00513980958202 0.00125907598919 -0.00554493932442 0.00838204804549 0.0650680655864 
0.0108748941444 0.0685206100746 0.0266474398168 0.0214380463968 0.00235565463924 0.0101838288645 0.0182076811621 -0.00976229191706 0.0335761965001 0.01243127836 -0.00148336733646 0.0238736432342 0.0371948058464 0.0210093538178 0.0209921280918 -0.0164047028964 0.0257267016506 0.0194406417477 0.333106573064 0.00723526829766 0.0353426828047 0.033635162188 0.0420660844424 0.0260730805227 0.0248060553734 -0.0118504674729 0.0108025006987 0.0144718705807 0.0183445940147 0.0355625646565 -0.0143122215524 0.0243325655942 0.00468235030298 0.04609069978 0.0137452453793 0.0957654279045 0.00557798406815 0.00854516958326 0.043660321518 0.0139261767512 
0.0248909173097 0.00233159085257 0.0405881998598 0.0143324890736 -0.00274523982436 0.0121696314785 0.00610475849339 -0.00321006039878 0.00730542284624 0.00714946718889 0.0194387429402 0.0100974178424 0.0401574405973 0.0279993959368 -0.00208669011696 0.00828627035255 0.0356322053551 0.0236155986908 0.00723526829767 0.331565229887 0.0320609013334 -0.017663447476 0.024352063699 0.0212214480588 0.00717090131363 0.000391126400516 0.00550519535065 0.0225755181284 0.00948811263197 0.010241879262 0.019725012294 -0.00792613847492 0.0214685471715 0.000466381314858 0.0304087800911 0.040536224278 0.0360767151462 0.0201150124364 0.0219070566435 0.0214003242126 
-0.00618865245591 0.039200121684 0.0304108624106 0.0133517825468 -0.0180451733457 0.00280714912384 0.00203145351839 0.0515075406364 0.00467207241222 -0.00143230919747 -0.000399734961173 -0.00676614893086 0.0196265570703 -0.00913005840352 0.0371582648074 -0.0101139769392 0.0185224531943 0.0159024543529 0.0353426828047 0.0320609013334 0.566085693623 0.0428063746577 0.0269446659364 0.0168282322824 0.00377533085984 0.0356744148412 0.00576794871765 -0.00492465986327 0.0165782494722 0.00250604704852 -0.0245601447244 0.0355646621421 0.00270227377143 0.021420451781 0.0171642215667 0.0238691258451 -0.0124116394833 -0.0102518995293 0.0215261741885 0.0249682362985 
0.0205676843439 0.020896322405 0.00233446992568 0.00491007701808 0.0226168586023 -0.0399098627777 0.00803182724326 0.0107397108153 0.00412372421292 0.0267928454975 0.031516717087 0.0317505161838 0.0467601688752 0.00189647352282 0.0128602981845 -0.0684533996483 -0.000439553666131 0.00343784385807 0.033635162188 -0.017663447476 0.0428063746577 0.29833777538 0.0571921950874 0.00119492962615 0.010389468821 0.0293927775003 0.00780943538166 0.0318412101835 0.00906707512876 0.023098947532 -0.00601721547615 0.0148373711183 0.0142698500264 0.0212884853051 0.00760845489355 0.0323011944788 0.0304721382496 0.00252356368943 0.0327528126213 0.00792880669727 
0.00292768593854 0.0363471147917 0.0474595974989 0.016230592644 0.0165454515831 0.0257229936802 0.0180913739267 -0.00206758730999 0.0145339898222 0.00853467859801 -0.00309610521343 0.0117213176148 -0.00679933044086 -0.00402345555273 -0.0180567392122 -0.0286867601101 0.00483623910015 0.00943231939552 0.0420660844424 0.024352063699 0.0269446659364 0.0571921950874 0.196831547828 0.0104968817381 0.000308358153633 0.0196958438577 0.0109332181465 -0.00906573019852 0.0112137907938 0.016998563157 -0.00374085900856 0.0256507080291 0.00548284871753 0.00821996712783 0.0177603973897 0.04688853893 0.011824065304 0.0174779259428 0.021571198263 0.0291105169903 
0.0262646485126 0.0548015675369 0.0355072451849 0.0264773159508 0.0087881276071 0.016738134318 0.0134783171362 0.0169010316811 0.0315978597928 0.0336872829268 0.00550888280417 0.0208066581067 0.00302522685097 0.00865441050065 0.00431603616079 -0.0124930640245 0.0193160602275 0.00697667334806 0.0260730805227 0.0212214480588 0.0168282322824 0.00119492962615 0.0104968817381 0.172604057705 0.0142552028219 -0.00411764617917 0.00418483316347 0.010606105996 0.0141075527923 0.0233138069479 0.00363148579989 0.0212833987447 0.0062155511697 0.0199940877751 0.0230887415529 0.0397968090245 0.0108415732295 0.0311787844641 0.0171189855998 0.0505865614292 
0.00991341103554 0.0298149218078 0.0238247582595 0.0271708746325 -0.00758072954842 0.00429536877726 -0.00611612555946 0.0376118497732 0.00363122329339 0.0200009029534 -0.0235522898399 -0.00532250850148 0.0372091915763 0.0288963501912 -0.00388535056665 -0.00325385125332 -0.00798354054385 0.012969893657 0.0248060553734 0.00717090131364 0.00377533085985 0.010389468821 0.000308358153637 0.0142552028219 0.239323418594 0.00812270521069 0.0060904950238 0.0158910670684 0.0173195192256 0.00478289890787 0.0142919207585 0.0204960474424 0.0145034702084 -0.00415341299091 0.0167144734744 0.0324144077922 0.00270171085635 0.0107939114402 0.0186545751856 0.0278256444857 
-0.00183631771388 0.00807746953911 0.0524332143694 0.00382275480003 0.00155474031806 0.00565458064309 0.014741563488 0.026060119688 -0.000482980623453 0.0225617478686 0.00521488586743 -0.00592248203175 0.0124746446555 0.0348366280891 0.0162667873991 -0.0091274889135 0.00697876922552 0.018347563243 -0.0118504674729 0.000391126400517 0.0356744148412 0.0293927775003 0.0196958438577 -0.00411764617917 0.00812270521069 0.39378930093 0.00399615213711 -0.00331003448399 0.0125062595649 0.0163296221804 5.86897256394e-05 0.00403493415601 -0.000717727723188 0.0189735322786 0.0116572313179 0.030384623177 0.00117559871245 -0.00731411971697 0.0317348555756 0.039602838717 
-0.00875700133005 0.00480687961573 -0.00251836962153 0.0137350566992 0.0287795948008 0.0117525905938 0.00750981521738 0.00053023745571 0.0156295136446 0.000665810311859 0.000909345616382 0.00913092525959 -0.00249716196236 0.00466399117664 0.00512432753644 0.0156671135268 0.00573150732354 0.00607928914735 0.0108025006987 0.00550519535065 0.00576794871765 0.00780943538166 0.0109332181465 0.00418483316347 0.0060904950238 0.00399615213711 0.161296715812 -0.00201089570601 0.010044711646 0.0108947322046 0.00437217845467 0.00727264240718 0.0163513630373 0.0285125591882 0.00997676571408 0.00630962869883 0.00775800312177 0.000431947774061 0.0186736797918 -0.0122133980849 
0.0121617017351 0.0131495934965 -0.00489302690964 -0.00960975065674 0.00849946287231 -0.00452542569242 0.0108267088691 0.0113354711315 0.0064624912839 0.00245258277511 0.00148447119803 0.001265000525 0.0394472208352 -0.0021125542319 -0.00107437982039 -0.021603352325 -0.000178413245121 0.0280452445146 0.0144718705807 0.0225755181284 -0.00492465986326 0.0318412101835 -0.00906573019852 0.010606105996 0.0158910670684 -0.00331003448399 -0.00201089570601 0.220393300619 0.00182580631992 0.0036647896462 0.00281515410339 0.0226517792083 0.0141831822792 0.0232040614668 0.00619077995164 0.0159333252784 0.0373181594505 -0.00272841394924 0.0144083590727 0.0102318579448 
0.00225086514276 0.00906269599455 0.0166404053363 0.00801996432785 0.0155244269877 0.00587893181119 0.0097174220642 -0.000893196564841 0.0205830274942 0.0124084230601 -0.00632218281164 0.0178139992384 0.00268713456581 0.0260624673685 0.00197603650332 -0.0135899982013 -0.0142405580125 0.00837727504707 0.0183445940147 0.00948811263197 0.0165782494722 0.00906707512876 0.0112137907938 0.0141075527923 0.0173195192256 0.0125062595649 0.010044711646 0.00182580631992 0.14351275165 0.0183903697232 0.00467264578047 0.00679621597056 0.00882551128556 -0.00157497530872 0.0166325619992 0.0258627088459 0.0201656515098 0.00913639804227 0.015407743866 0.00257152988186 
-0.00537901214776 0.0251816671933 0.0237081681587 0.00480970816318 -0.0108946342206 0.0436699553448 0.0174984840468 0.00404305532351 0.0440231134793 0.00836427768248 -0.013753148241 0.00698235604889 0.0103467936766 0.0133245764782 0.00759010007112 -0.0082955367705 0.0025929484363 0.0220942321952 0.0355625646565 0.010241879262 0.00250604704852 0.023098947532 0.016998563157 0.0233138069479 0.00478289890787 0.0163296221804 0.0108947322046 0.0036647896462 0.0183903697232 0.161197733916 -0.000594378391303 0.0157578113355 0.0197793472404 0.0119418151819 0.0128704719067 0.028298328209 0.00181309017379 0.00684210114583 0.0196586127502 -0.00804459340476 
0.0266689675292 0.000313524750506 0.0158759898716 -0.00794268119967 0.0116414030438 0.0236298385141 0.0101377214294 0.000594418193854 0.0100336238092 0.0110271325127 0.00239071606428 -0.00354872700122 -0.0239515351963 -0.0070352849416 0.00701756548049 0.0003078470939 0.0135152761012 0.00370295890635 -0.0143122215524 0.019725012294 -0.0245601447244 -0.00601721547615 -0.00374085900856 0.00363148579989 0.0142919207585 5.86897256394e-05 0.00437217845467 0.00281515410339 0.00467264578047 -0.000594378391304 0.222023615111 -0.00671368942261 0.0156483393415 0.0131114950929 0.0122108341097 0.0185410915493 0.00784924891115 0.00593019878755 -0.000711246576898 0.0335718337669 
0.019644347329 0.0105291895353 0.0401276701808 0.0238339698349 0.00505703051866 0.0573214117202 0.00984377483238 0.00159497473521 0.00242112174282 0.0309396507379 -0.00602551920796 0.00171593252667 0.0179061004409 0.00986451367648 0.00396080220788 -0.0204990024094 0.0142716631982 0.0200364861504 0.0243325655941 -0.00792613847492 0.0355646621421 0.0148373711183 0.0256507080291 0.0212833987447 0.0204960474424 0.00403493415601 0.00727264240718 0.0226517792082 0.00679621597056 0.0157578113355 -0.00671368942261 0.246727944325 0.00713920198099 0.0194580509255 0.0172410914707 0.0289125252937 0.00265656493362 -0.00634671087243 0.026408589927 0.00277222323493 
-0.00798532236126 0.00162938674505 0.0167946799941 0.0174727640649 0.0208334648785 -0.0124059663495 0.00960532747781 0.0284147634232 0.0167428649297 0.0121975967392 -0.00997889255396 0.00356328462029 0.0182200071939 0.0298827365563 0.00471066053955 0.00523676066197 0.0152942006119 0.00112090339032 0.00468235030298 0.0214685471715 0.00270227377143 0.0142698500264 0.00548284871753 0.0062155511697 0.0145034702084 -0.000717727723188 0.0163513630373 0.0141831822792 0.00882551128556 0.0197793472404 0.0156483393415 0.00713920198099 0.208790976076 0.0268032853076 0.00224959376189 0.0456611199193 -0.0134189240254 0.0228705020547 0.0179734824055 0.012862205119 
-0.0161166356486 0.0315480997936 0.0239218553271 0.0257968893718 0.0409109584577 0.0255710939962 -0.00349125968067 -0.00893255155414 0.0207502324246 0.00655842344886 0.0212333631503 -0.0130991864509 0.00910795335674 0.015050544336 -0.00639676004894 -0.0164473546039 -0.0114101825416 0.00727948499038 0.04609069978 0.000466381314856 0.021420451781 0.0212884853051 0.00821996712783 0.0199940877751 -0.00415341299091 0.0189735322786 0.0285125591882 0.0232040614668 -0.00157497530872 0.0119418151819 0.0131114950929 0.0194580509255 0.0268032853076 0.372567430441 -0.0116616358473 0.0809639807335 -0.00118913751857 0.0215752569938 0.0363032772885 0.0374678099615 
-0.0061626005617 0.00934168570263 -0.00353348482635 0.021856998504 0.00867044192835 0.0312039588082 0.0123584870271 0.00376004865223 0.0121618665076 0.0150936570737 -0.00415318319962 0.0178002859301 0.0135658447262 0.0225944494634 -0.00789594293239 0.00307281760184 0.000932600694917 0.02069430871 0.0137452453793 0.0304087800911 0.0171642215667 0.00760845489355 0.0177603973897 0.0230887415529 0.0167144734744 0.0116572313179 0.00997676571408 0.00619077995164 0.0166325619992 0.0128704719067 0.0122108341097 0.0172410914707 0.00224959376189 -0.0116616358473 0.106182150335 0.0169209443504 -0.000378226774817 0.0104862835656 0.0118458909 0.0122517733686 
0.0654833704988 0.0505024360192 0.00364204027548 0.068554645861 0.0242897910789 0.0724417140558 0.0329493861118 0.0105044829293 0.0498765812776 0.0196737008806 0.0593790904319 0.0257900789843 0.040405147563 0.0196834836096 -0.00530346461757 -0.0113844867075 0.0332065327799 -0.00513980958203 0.0957654279045 0.040536224278 0.0238691258451 0.0323011944788 0.04688853893 0.0397968090245 0.0324144077922 0.030384623177 0.00630962869884 0.0159333252784 0.0258627088459 0.028298328209 0.0185410915493 0.0289125252937 0.0456611199193 0.0809639807335 0.0169209443504 0.604476434811 0.0489192251223 0.0188968915891 0.0483141081645 0.0319480323842 
0.0799172352852 -0.00511978111643 0.0137312415322 0.00296069965803 0.0435591016381 0.0339770841163 0.0658063178276 0.0166607683572 0.0082922867368 -0.0120358561988 0.0329097123574 0.0111593895077 0.0159075689585 0.0275485017363 0.00173678193538 -0.000404890244793 0.0182036519199 0.00125907598919 0.00557798406816 0.0360767151462 -0.0124116394832 0.0304721382496 0.011824065304 0.0108415732295 0.00270171085633 0.00117559871244 0.00775800312177 0.0373181594505 0.0201656515098 0.00181309017379 0.00784924891114 0.00265656493362 -0.0134189240254 -0.00118913751858 -0.00037822677482 0.0489192251223 0.470918500994 0.0397364099475 0.0200014838568 0.0231836032723 
0.0337459750136 0.0159311925056 0.0318592317803 0.0146297998479 0.0520971278366 0.0124050666189 0.0414981355351 0.0256455494952 -0.00074651006924 0.00670226925904 0.0220667950974 0.0298741855047 0.00656749434309 0.00282653290143 0.00720953169494 0.00909889760346 0.0350049177018 -0.00554493932442 0.00854516958326 0.0201150124364 -0.0102518995293 0.00252356368943 0.0174779259428 0.0311787844641 0.0107939114402 -0.00731411971697 0.000431947774063 -0.00272841394924 0.00913639804227 0.00684210114583 0.00593019878755 -0.00634671087243 0.0228705020547 0.0215752569938 0.0104862835656 0.0188968915891 0.0397364099476 0.166707125162 0.0134148009354 0.0164292001792 
0.0253829460859 0.0354535780575 0.0171764813184 0.00757812950259 0.00438410979709 0.0179454166729 0.00583401761864 0.0175589226807 0.0212795056632 0.0207893428108 0.0299435608537 0.0031886906329 0.013997180707 0.0346794592164 0.0113215545584 0.00365886417408 0.0251478413779 0.00838204804549 0.043660321518 0.0219070566435 0.0215261741885 0.0327528126213 0.021571198263 0.0171189855998 0.0186545751856 0.0317348555756 0.0186736797918 0.0144083590727 0.015407743866 0.0196586127502 -0.000711246576895 0.026408589927 0.0179734824055 0.0363032772885 0.0118458909 0.0483141081645 0.0200014838568 0.0134148009354 0.178915635447 0.0280586204981 
0.00810637793654 0.0371985487059 0.0162926304485 0.0210884131599 0.00153318581474 -0.0222359692896 0.0114100962379 0.0140693545737 0.0129503957705 0.0203788215245 0.00633855771804 0.00298194885545 0.0534390662669 0.0173587039866 -0.0246157542749 -0.0179369204833 0.0203176505123 0.0650680655864 0.0139261767512 0.0214003242126 0.0249682362985 0.00792880669727 0.0291105169903 0.0505865614292 0.0278256444857 0.039602838717 -0.0122133980849 0.0102318579448 0.00257152988186 -0.00804459340476 0.0335718337669 0.00277222323492 0.012862205119 0.0374678099614 0.0122517733686 0.0319480323842 0.0231836032723 0.0164292001792 0.0280586204981 0.325683863681 
0.0379956528891 0.00206925408928 0.000668731910219 -0.000325555210059 0.00285099158058 0.00133248764218 0.00383190906096 0.00181373027623 0.0023205453117 -0.000477435202466 0.00791029623892 0.000256677597225 -0.000393290171985 0.000395255836955 0.0012305501466 -0.00217475205979 0.00845721268426 0.000160694140272 0.00094179345925 0.00215561667137 -0.000535953024202 0.00178121371388 0.000253545039708 0.00227458528334 0.000858526579493 -0.000159029778964 -0.00075837856128 0.00105323426559 0.000194930639412 -0.000465836116723 0.0023096003373 0.00170125038276 -0.000691549202226 -0.00139574158952 -0.000533696863981 0.00567102623774 0.00692103559572 0.00292248716373 0.00219822761333 0.000702032922572 
0.00206925408928 0.0168357366085 0.00175614709644 0.00312701999346 0.00144158239276 0.00105442975259 0.00179871826092 0.00205959306723 0.00271772345342 0.00205919925242 0.00226698267047 0.00291424569254 0.001199779558 0.00172210219863 0.00220983098613 -0.00125178550518 0.00299218994581 0.0016196115587 0.00593405890074 0.000201921690955 0.00339483012098 0.00180967460484 0.00314775247639 0.00474595496542 0.00258204796974 0.000699529381917 0.000416287986016 0.00113878820174 0.000784852495806 0.0021807963499 2.71520398649e-05 0.000911854561885 0.00014110903138 0.00273214558624 0.000809013713265 0.00437363925456 -0.000443386050864 0.00137968174224 0.00307036992528 0.00322148881632 
0.00066873191022 0.00175614709644 0.052668598544 -0.000815109526572 0.00102516114906 -0.00272856419902 -0.0001999134482 0.00208515364503 0.000882908508795 -8.38695687475e-05 -0.00068403907757 -0.000210699410962 0.0014035246131 0.00102661251961 -0.00198545934979 -0.00168753323127 0.00156544390755 0.000276628758236 0.00230773598272 0.00351504121724 0.00263365793985 0.000202171026 0.00411012170875 0.00307501763485 0.00206328458917 0.0045408495646 -0.000218097206836 -0.000423748560515 0.00144110137505 0.00205318759026 0.0013749010539 0.00347515817712 0.00145446195233 0.00207169344189 -0.00030600876235 0.000315409940018 0.00118916039924 0.00275909040668 0.00148752691694 0.00141098318628 
-0.000325555210059 0.00312701999346 -0.000815109526572 0.0288846055805 0.000897139425376 -0.00151307027416 0.000604525457848 0.00038796762951 0.00175371054777 5.88597978255e-05 0.00130917028288 0.000949703149575 0.000863343812183 0.000282230117954 -0.000811498945572 -0.00151492827055 -0.00107047795392 0.00136425213822 0.00185658927872 0.00124122996372 0.00115629828713 0.00042522514322 0.00140561055482 0.00229300282374 0.00235306676747 0.000331060276927 0.0011894908024 -0.000832228819277 0.000694549284536 0.00041653294541 -0.000687856369308 0.00206408233501 0.00151318575545 0.00223407615346 0.0018928715955 0.00593700648631 0.000256404111684 0.00126697783205 0.000656285266241 0.0018263101522 
0.00285099158058 0.00144158239276 0.00102516114906 0.000897139425375 0.0164542387427 0.00140641844117 0.00427208594461 0.00190407922943 -0.000467507799174 0.00160926854838 -4.59152497564e-05 0.00140122886789 -0.000143339045464 -0.00131442318826 0.000466630353121 0.00106329284355 0.00396001108227 -0.00012098588244 0.000204005676012 -0.000237744742738 -0.00156275785331 0.00195867741034 0.00143287813881 0.000761074175944 -0.000656510436816 0.000134644461173 0.00249238602081 0.000736075076595 0.00134445481505 -0.000943503000001 0.00100817507716 0.000437951689687 0.00180423098337 0.00354299293175 0.000750882297199 0.0021035576127 0.00377232885846 0.00451174361707 0.000379675045726 0.000132777786428 
0.00133248764218 0.00105442975259 -0.00272856419902 -0.00151307027416 0.00140641844117 1.02319465164 0.00571119704164 0.00548023829835 0.00191552286021 0.00253277819169 0.0064450232722 0.000233072710414 0.00331824663694 0.00325068326466 0.00229055708792 0.00511102489176 0.00848503447259 0.00331904408169 0.000881945450444 0.00105392100151 0.000243106245346 -0.00345629550271 0.00222767659884 0.00144956495313 0.000371989847973 0.000489701048466 0.00101780420145 -0.000391913361258 0.000509130429561 0.00378192907107 0.00204640404405 0.00496417987305 -0.00107438820172 0.00221452170033 0.00270234210265 0.0062736364666 0.00294250179912 0.00107431028276 0.00155411867203 -0.00192569142826 
0.00383190906096 0.00179871826092 -0.0001999134482 0.000604525457848 0.00427208594461 0.00571119704164 0.0167497634019 0.00516615969058 0.00177341666184 0.00127827716177 0.00224533826291 0.00170803974732 5.84608230893e-05 0.000401256373893 -0.000537653591309 0.000479641870243 0.00519924701701 0.000119073147066 0.00157683144304 0.000528687593925 0.000175929035353 0.000695576643147 0.00156675894099 0.00116725650402 -0.000529672010723 0.00127665684721 0.000650369075598 0.000937620492004 0.000841553436689 0.00151541317123 0.000877952429439 0.000852495907397 0.000831845760745 -0.000302351957467 0.00107027637178 0.00285350054119 0.00569899429682 0.0035938439583 0.000505240746387 0.000988143320164 
0.00181373027623 0.00205959306723 0.00208515364503 0.000387967629511 0.00190407922943 0.00548023829835 0.00516615969058 0.0477827672632 0.00156338910913 0.00189459102635 0.0012250405516 0.000517368404383 0.00413747819023 0.00241491458528 -0.000290686977902 -0.00059699063963 -0.00033839713203 -0.000810616553238 -0.000845439279933 -0.000277999385302 0.00446068386776 0.000930086239537 -0.000179058313499 0.0014636722786 0.0032572817387 0.00225687256754 4.59199106686e-05 0.000981680596371 -7.73530915716e-05 0.000350138861907 5.14781256351e-05 0.000138128863909 0.0024607906967 -0.000773581656649 0.00032562976523 0.000909714907038 0.0014428648644 0.00222096973568 0.00152064731046 0.00121844184757 
0.00232054531171 0.00271772345342 0.000882908508795 0.00175371054777 -0.000467507799174 0.00191552286021 0.00177341666184 0.00156338910913 0.0149698176873 0.00188188489894 -0.000894033879387 0.000490411277271 0.00190296787328 0.001155637877 -0.000938256125702 -0.00117795593071 0.00114295590292 0.000930962773824 0.00290778391315 0.000632668177023 0.00040461333973 0.000357124992659 0.00125868044043 0.00273645492858 0.000314473161889 -4.18273489447e-05 0.0013535555865 0.00055966816236 0.00178254246968 0.00381251346267 0.000868937311076 0.000209675293493 0.00144997463612 0.00179702284141 0.00105324853531 0.00431943864403 0.000718133096955 -6.46496684141e-05 0.00184285924843 0.00112153717263 
-0.000477435202467 0.00205919925242 -8.38695687474e-05 5.8859797826e-05 0.00160926854838 0.00253277819169 0.00127827716177 0.00189459102635 0.00188188489894 0.0276596308701 0.000591978090496 0.00188022985485 0.00422688730113 0.000601846441407 0.00132854880728 -0.0030164104563 -0.001671226126 0.000806491259083 0.00107658028613 0.00061916202091 -0.000124041615108 0.00232032848405 0.000739124847902 0.00291740427991 0.00173212900563 0.0019539046808 5.76608644173e-05 0.000212399898813 0.00107460095909 0.000724367695734 0.000954977688692 0.00267945235232 0.00105634286413 0.000567976131549 0.00130714904618 0.00170379247491 -0.00104233572244 0.000580433544133 0.00180040990021 0.00176485771394 
0.00791029623892 0.00226698267047 -0.000684039077571 0.00130917028288 -4.59152497562e-05 0.0064450232722 0.00224533826291 0.0012250405516 -0.000894033879387 0.000591978090496 0.0319352732931 0.00142456112875 0.00124164068044 -0.00148972861448 -0.00311447636185 -0.00165242375016 0.0110130755198 0.00152163052711 -0.000128463379652 0.00168344452039 -3.46180631193e-05 0.00272942776412 -0.000268130576763 0.000477083245488 -0.00203968813187 0.000451622363903 7.87516404607e-05 0.000128558976868 -0.000547517092225 -0.00119105757587 0.00020704208449 -0.000521825270509 -0.000864197445336 0.00183886318959 -0.000359676215744 0.00514238007676 0.00285006469327 0.00191104051344 0.00259318843791 0.000548935200716 
0.000256677597225 0.00291424569254 -0.000210699410962 0.000949703149574 0.00140122886789 0.000233072710414 0.00170803974732 0.000517368404383 0.000490411277271 0.00188022985484 0.00142456112875 0.0250426671395 -0.000777554107741 0.00100027338551 -0.00089186891655 -0.00102740170349 0.00205885302707 0.00093056370222 0.00206751815217 0.000874462036416 -0.000585965685992 0.00274967535984 0.00101509588203 0.00180190944883 -0.000460942757415 -0.000512901989295 0.000790761323486 0.000109552259045 0.00154273758834 0.000604689771661 -0.000307328773415 0.000148604115928 0.000308589500208 -0.00113442282353 0.00154154998101 0.0022334863566 0.000966431480437 0.00258718035645 0.000276148709291 0.00025824434616 
-0.000393290171981 0.001199779558 0.00140352461311 0.000863343812184 -0.000143339045463 0.00331824663694 5.84608230909e-05 0.00413747819023 0.00190296787328 0.00422688730113 0.00124164068044 -0.00077755410774 0.0637074469625 0.000544712758223 0.000438405949008 -0.00158273419541 -0.000212744083291 0.000308051645527 0.00322116467518 0.00347773637082 0.00169970970117 0.00404954941312 -0.00058883928905 0.000261992330517 0.00322241051593 0.00108033591749 -0.000216260569676 0.0034162295352 0.000232712679738 0.00089605861717 -0.00207426379396 0.00155071378646 0.00157789890871 0.000788771898344 0.00117483661567 0.00349918842333 0.00137763588306 0.000568761694034 0.00121219140736 0.00462795889416 
0.000395255836957 0.00172210219863 0.0010266125196 0.000282230117954 -0.00131442318826 0.00325068326466 0.000401256373893 0.00241491458528 0.001155637877 0.000601846441406 -0.00148972861448 0.00100027338551 0.000544712758222 0.0297768555777 0.00419853752757 0.000101928749667 0.000935822628362 0.00220143511692 0.00181946341233 0.00242481881719 -0.000790686251547 0.000164239424837 -0.000348441471966 0.000749493934834 0.00250249733422 0.00301694049073 0.0004039134842 -0.000182952563169 0.00225707588264 0.00115394217248 -0.000609273548228 0.000854291943981 0.00258792089923 0.00130341537357 0.00195673672198 0.00170463968409 0.00238577023399 0.000244784929727 0.00300332926709 0.00150330786292 
0.0012305501466 0.00220983098614 -0.00198545934979 -0.000811498945572 0.000466630353121 0.00229055708792 -0.000537653591309 -0.000290686977901 -0.000938256125702 0.00132854880728 -0.00311447636185 -0.00089186891655 0.000438405949008 0.00419853752757 0.324721830648 -0.000253982688127 -0.00370525536361 0.000304537296896 0.0018179716207 -0.000180712665112 0.00321800012838 0.0011137344928 -0.00156375948673 0.00037377969589 -0.000336481229332 0.00140874511256 0.000443779782387 -9.3044021777e-05 0.000171129781068 0.000657321947886 0.000607738997883 0.000343015533139 0.000407955169585 -0.000553975670429 -0.000683808716628 -0.000459293508688 0.000150409727687 0.000624363759721 0.000980475385788 -0.00213178685354 
-0.00217475205979 -0.00125178550518 -0.00168753323127 -0.00151492827055 0.00106329284355 0.00511102489176 0.000479641870243 -0.000596990639631 -0.00117795593071 -0.0030164104563 -0.00165242375016 -0.00102740170349 -0.00158273419542 0.000101928749667 -0.000253982688124 0.167590753748 -0.00257693468672 0.000120704879575 -0.00142068894498 0.000717612062794 -0.000875896096264 -0.00592823830709 -0.00248434630076 -0.00108193108163 -0.000281791784552 -0.000790463727185 0.00135681183182 -0.00187090519203 -0.00117692836797 -0.000718414558128 2.66603403799e-05 -0.00177526568388 0.00045351677668 -0.00142438269121 0.000266113810439 -0.000985925469775 -3.50645237738e-05 0.000787987647103 0.000316866932374 -0.00155338288042 
0.00845721268426 0.00299218994581 0.00156544390755 -0.00107047795392 0.00396001108227 0.00848503447259 0.00519924701701 -0.000338397132027 0.00114295590292 -0.001671226126 0.0110130755198 0.00205885302707 -0.000212744083295 0.000935822628363 -0.00370525536361 -0.00257693468672 0.03549234405 0.00296152607849 0.0022279977185 0.00308583950303 0.00160409150066 -3.8066464121e-05 0.00041883059195 0.00167281988581 -0.000691394892312 0.000604379143645 0.000496363094416 -1.54510402653e-05 -0.00123326850029 0.000224555921654 0.00117045724428 0.00123596228839 0.00132451662605 -0.000988150794284 8.07655893381e-05 0.0028757700959 0.00157648250043 0.00303151479871 0.00217786694836 0.00175956014889 
0.000160694140272 0.0016196115587 0.000276628758236 0.00136425213822 -0.00012098588244 0.00331904408169 0.000119073147066 -0.000810616553238 0.000930962773824 0.000806491259083 0.00152163052711 0.00093056370222 0.000308051645526 0.00220143511692 0.000304537296896 0.000120704879575 0.0029615260785 0.0211508313597 0.00168360896194 0.00204517083918 0.00137719294522 0.000297726011533 0.000816862821313 0.000604197635333 0.00112322573913 0.00158894558659 0.000526481883856 0.0024287894205 0.000725493300525 0.00191341663582 0.000320685648207 0.00173521060088 9.70730811206e-05 0.000630421892814 0.00179217970566 -0.000445120566865 0.000109039179193 -0.000480205831739 0.000725906654314 0.00563505977729 
