50
0.0731585002716 0.0896854693356 0.0795042219188 0.0962618702605 0.0101927526284 0.16701162673 0.085684238521 0.0519302207626 0.0315903614714 0.0495038718221 0.0136100125143 0.0307338128464 0.0422457423554 0.070995024039 0.0431815223905 0.00535997805058 0.00413185853021 0.124759587163 0.0905877796438 0.13588321519 0.0904248988876 0.0723018126246 0.067616439087 0.0146303634135 0.143358946574 0.0940944116816 -0.0290439391383 0.0408960175479 0.00238062118955 0.0038222736377 0.0301615681032 -0.00953493093171 0.0321720089654 0.0669670800901 0.13190386478 0.0749299903321 0.00753480783794 0.110374427341 0.099400173405 0.0534982218633 0.0609589558998 0.0826231173305 0.0665048210348 0.0248803539628 0.357744060202 0.234257183995 0.0649337142294 0.034888990542 0.0161964684659 0.165506763093 
0.326050293742 -0.0139086887325 0.00944674886525 -0.0115733441203 0.0201478327893 -0.00496287717024 0.0192282691975 0.0244810314343 0.00491813774837 0.0425651531567 0.000791886848612 -0.00826453957177 0.020834141621 0.0238447113604 0.00893257003888 0.00728251234754 0.0195325963665 -0.0279348334776 0.0508246628442 0.0137549916666 0.011368934889 0.0591684581024 0.0273927511532 0.0122276066078 0.0270240398726 0.0421711573975 0.0153754482296 0.00439003449491 0.00158491914155 -0.00217674482617 0.00446893354906 0.0146907965625 0.0271396480911 0.00440718219423 -0.0082428938597 0.0291487776335 0.0230875653616 -0.00201241769544 0.0224395437231 0.00234027376621 0.0130817779223 0.0162621447374 0.0409171099462 0.0174795616267 0.00836206674402 0.0118632167922 0.0179410515096 -0.00405320840727 -0.000677730005071 -0.000178249669615 
-0.0139086887325 0.237539220328 0.0118902394044 0.0192626126306 0.0276271420575 -0.00637983591486 0.0319732102202 0.033531341083 0.0123066923467 0.0117438428915 0.00180953912612 0.0142967717437 -0.00481576334029 0.0240983525846 0.0004478721001 0.00814322257718 0.00251386266428 0.0106861594719 0.0401300587826 -0.0186967111119 0.0287304949586 0.0658001577427 0.0143970998202 0.0125262562969 -0.000526510034329 0.0298750721161 0.0218003494799 0.0195647395781 0.00404651753248 -0.00636896491622 0.0208821352417 0.0298565032789 0.0104088814721 0.0292731123435 -0.00278977085767 0.0215505873504 0.00516454228488 0.0343901792898 0.0428307211747 0.0287837176616 0.0356445912185 0.00492343910929 0.0120859818511 0.030830393255 -0.00631207912858 0.0531882316452 0.00837190067002 0.016702269534 0.00198006507701 0.0178896679591 
0.00944674886525 0.0118902394044 0.260759863642 0.0282186301391 0.00319178962503 0.00585919808805 0.00218736310079 0.0187426127797 0.0272487018837 -0.00211898899998 0.0365381974302 -0.003133024248 0.0206520969377 0.0455517530372 0.0305827105246 0.0135745245102 0.028481734895 0.0161953598333 0.0280729707503 0.00983891535928 0.00864533656595 0.00622065259414 0.00562034429446 0.00508393357821 0.0367677661975 0.0110996972003 0.0103818107213 0.0130053704221 0.0147464989914 0.0124460295895 0.0362299912885 -0.00358653228526 0.000727073965634 0.0211504483615 -0.00397781474831 0.0235322616196 0.00289616283098 0.0178180864636 0.0315904983442 0.00784110374101 0.0348927123703 0.0101693558948 0.0128626402971 0.00880947346387 -0.0474974736624 0.0124838178175 0.0306437058194 0.00729704548657 -0.00247911048765 0.0189748695045 
-0.0115733441203 0.0192626126306 0.0282186301391 0.374305626147 -0.025190936602 0.0145251300643 0.0255313814164 0.0307306004325 0.020416916742 0.0411836408069 0.0032564772461 0.0156230130634 0.0113831504044 0.0174705140092 0.0124982644273 0.0231300000709 0.0478059030697 0.0677332459876 0.0437055383331 -0.00934590006576 0.0414971027096 -0.0104862269206 0.0176210288136 0.0064551047281 0.00942211676162 0.0671175865236 0.0181785868883 0.0244765309413 0.02350424101 0.0328081495464 0.0193685530821 -0.0117531135014 0.00947227338579 0.0190444576197 -0.0291719135192 0.0276319893229 0.0213030570548 0.0435867551566 0.0300784775688 0.00602396820387 0.0340525016308 -0.00508020043228 0.0360201600573 0.00347598551397 0.00802204312688 -0.00332169860163 0.0345541181943 0.0131131762509 0.0153150283333 0.0420836738212 
0.0201478327893 0.0276271420575 0.00319178962503 -0.025190936602 0.245365763885 0.0199556871502 0.0139700744078 0.00897118717509 0.0378624046581 0.0128788909956 0.0300432030054 0.00213887198656 0.00312728108417 -0.00231171004691 0.022608670911 0.00519716645951 -0.00265231032967 0.0120209801766 0.00347407077756 -0.000380433135936 -0.00148684537765 0.0504399734775 0.0447082023182 0.00797890764691 -0.00531588774383 0.0267021517588 0.0187985885975 0.0242447469967 0.00672705490237 0.0235914417754 0.0354546166407 0.0127441824734 0.00945812613602 0.0154885830863 0.000132229891459 0.0101163321619 0.0200245020772 0.0194286576191 0.0161629044048 0.0158830201996 0.0374662152664 0.0168871200932 0.0036369081025 0.0102060580751 0.0212949072 -0.0271612754729 0.0251371342735 0.0143266865131 0.0129248388309 0.0283298383481 
-0.00496287717024 -0.00637983591486 0.00585919808805 0.0145251300643 0.0199556871502 0.496902473798 0.00261700136615 -0.0147510688439 -0.00877822907233 0.0315454758077 0.00589038255845 0.00964731272244 0.0285789203689 -0.003593094687 0.0169960561039 0.00369076976539 0.00864249075889 0.0245253840496 0.0209689985173 -0.00177382054798 -0.0139229754086 0.0178757181264 0.0432095610747 0.00417821282205 0.0285141201373 0.0431990734105 0.0129297537566 0.0176411327585 0.00892412754044 0.0176333635287 -0.0247588946081 0.0125020641233 0.0229253349881 -0.000433736622141 0.039351625064 0.0263067869151 0.0356802205036 0.0394689586252 0.0238089189164 0.0217925514202 0.018528761417 0.00861052918888 0.0174026452339 0.0290224278359 -0.0544829818547 0.0343144470849 0.0436934014771 -0.00288185255225 0.0179621972394 0.0009980640266 
0.0192282691975 0.0319732102202 0.00218736310079 0.0255313814164 0.0139700744078 0.00261700136615 0.459974197387 -0.0160231019872 0.012363128357 0.0172553628442 0.021276166479 0.0107358481258 0.00453205639732 -0.0232820401439 0.00451189417036 0.000495319233031 0.00475625712844 0.0104580722093 0.0496399037249 0.0172558670056 -0.00644397189343 0.0384282575127 0.0398230414457 0.016223091074 0.00589431118357 0.0251572388585 0.000798791967301 0.030429066077 0.00101349291301 0.0106627716112 0.0157206262909 0.0124327168536 0.00701215044687 0.0307818182723 0.0065706820418 0.0548124095005 0.00676553579841 0.0219120063169 0.0508120379228 0.018773935975 0.0401702560107 0.00379964776441 0.00339529166541 0.0251517060962 0.0401145640905 -0.00152105585055 0.0187709972791 0.00662854241509 0.0117506479196 -0.00155912563696 
0.0244810314343 0.033531341083 0.0187426127797 0.0307306004325 0.00897118717509 -0.0147510688439 -0.0160231019872 0.25492328802 0.0209376769482 0.00239921863804 0.0100419803355 0.0197680831881 0.0134739206447 0.0420691079541 0.00682556935293 0.0557440111714 0.0518781427065 0.0117860393467 0.0348822127952 -0.00475326677914 0.0531277490561 0.0043540426167 0.00587862141736 -0.00262955729589 0.040024811267 0.0111056073423 0.00415718266237 0.00367305642956 0.0442182121905 0.018365123588 0.0326740780005 0.000619935577238 0.0162139923868 0.0102264154638 -0.0104799310371 0.0443658195619 0.00322375827317 0.066908738653 0.0111770506624 0.0208187122349 0.0083210446889 0.0029477776131 0.0164279642138 0.013692601768 0.00282380139958 0.00126828445712 0.0199870716151 0.0122456375296 0.0195285771664 0.00956947975374 
0.00491813774837 0.0123066923467 0.0272487018837 0.020416916742 0.0378624046581 -0.00877822907233 0.012363128357 0.0209376769482 0.140351119602 0.0111233048373 0.0149167659448 0.0157608477007 0.0160909370546 0.0312127910011 0.0252393798103 0.025060504995 0.0333818152016 -0.00352175699724 0.0124953109516 0.0167926544826 0.0181000450348 0.00809892022069 0.0425888812121 0.00880988193277 0.0150830970398 0.0222767441459 0.00617445048762 0.0212046954258 0.0250591703998 0.0208042346009 0.0688963865255 0.0190142168756 0.00987682685306 0.00692414879956 -0.0143143275249 0.0166916036194 0.0127402845443 0.0260248385517 0.0199995040083 0.0354976062415 0.015317568903 0.0176777955121 0.0452462113099 -0.00110635747029 0.0109060786375 0.00432331042584 0.0306341834222 0.0198245642585 0.00968455054754 0.013788493939 
0.0425651531567 0.0117438428915 -0.00211898899998 0.0411836408069 0.0128788909956 0.0315454758077 0.0172553628442 0.00239921863804 0.0111233048373 0.312707015059 0.00155764235678 -0.00565117664672 0.00464371661777 -0.000105981647596 0.0209693795397 0.00967974471619 0.0255918938807 0.0292256116562 0.0255622611099 0.0370376881473 0.0046473118125 0.0217673926698 0.0543507764052 -0.0106994444852 0.0140470334258 0.0175273883764 -0.015757765536 0.0228832542956 -0.00880733183114 0.0145736554822 0.00316377285892 0.01208330421 0.0328913249888 -0.00192911900221 -0.0143904046844 0.0135683418486 0.0368942111457 -0.0158758030849 -0.00898684963415 0.00745247117224 -0.00515020486973 -0.00254841070995 0.0131895186834 -0.000874989744323 0.0190722164125 0.0300009469927 -0.007081899437 -0.00494122275693 0.0153384620924 -0.00326264977102 
0.000791886848612 0.00180953912612 0.0365381974302 0.0032564772461 0.0300432030054 0.00589038255845 0.021276166479 0.0100419803355 0.0149167659448 0.00155764235678 0.14991814975 0.00669048975616 0.0154896069671 0.0145002310476 0.00134146056418 0.00234709311939 0.00372101487064 0.0124165916569 0.0100551780303 -0.00776155676233 -0.0074194315684 -0.00571178030936 0.0149763341154 0.00923010686494 0.00607410322038 0.00436735650836 0.0350041029216 0.014070319788 0.0261488138389 -0.00220595578064 0.00374270218696 0.0038802784746 0.00720724271324 0.00939925268847 -0.0136069964522 -0.00500459504807 0.0129680766995 -0.0177059916498 0.0169631623977 0.00754369022085 0.015685263536 -0.00377559711513 0.00338650166627 0.013193451739 0.00328633501972 -0.00570600886691 -0.00571387319808 0.00260991280215 -0.00248616735141 -0.000497689640976 
-0.00826453957177 0.0142967717437 -0.003133024248 0.0156230130634 0.00213887198656 0.00964731272244 0.0107358481258 0.0197680831881 0.0157608477007 -0.00565117664672 0.00669048975616 0.161468626779 0.00670101607496 0.021954903432 0.021902669534 0.0129242071666 0.0218721754118 0.0158511749353 0.0145961094319 -0.0119122036807 0.0167105918731 0.00721219122851 0.00580966142873 0.0104514441603 0.0112222981887 0.0119357486738 0.0200351389536 0.00494719074663 0.015524672361 0.0179486427343 0.0142133013498 0.00911452068981 0.00946996483823 0.00622941921783 -0.00216128345619 0.0144930388712 0.00337938513532 -0.00915540240495 0.0174696542773 0.00535771306879 0.0055746362415 0.0132815172977 0.0214101296614 0.0118048611145 0.0540502707131 -0.0146557212571 0.0205028735495 0.0358896038484 0.0160615688962 0.0287159173552 
0.020834141621 -0.00481576334029 0.0206520969377 0.0113831504044 0.00312728108417 0.0285789203689 0.00453205639732 0.0134739206447 0.0160909370546 0.00464371661777 0.0154896069671 0.00670101607496 0.182858288855 0.0298492357698 0.0137487683985 0.00617957349255 0.0127833543911 0.0193220383592 0.0286455400129 0.0173483325537 0.0111496499508 0.00325710404459 0.0202818434743 0.00182893270747 0.0410151746527 -0.000886379122659 0.00313136800837 0.000386736921961 0.0171945205251 -0.00260934770733 0.0230835408138 -0.017918851849 0.0142250595137 -0.00296702929919 -0.0133569605042 0.00523977064183 0.0139337193467 -0.0118516599825 0.0245800101224 0.0304601545198 0.0132320794556 0.0240973524759 0.0347960790857 0.00741947871513 -0.00608043599597 0.0092741778651 0.0200859249097 0.0112730544434 0.0228325745845 0.00277322886206 
0.0238447113604 0.0240983525846 0.0455517530372 0.0174705140092 -0.00231171004691 -0.003593094687 -0.0232820401439 0.0420691079541 0.0312127910011 -0.000105981647596 0.0145002310476 0.021954903432 0.0298492357698 0.367083301449 0.0282341540247 0.00902636128573 0.00188848211736 0.02829947098 0.03864947704 0.00190338682913 0.0507475345044 0.00547161867156 -0.00201080463983 0.00543260994388 0.0289049899553 0.00692697299408 0.0017474089446 0.00793501878927 0.0133173137075 0.0392985530983 0.0420912042422 0.00761506303718 0.00537836665244 0.0389362686504 0.0055337323707 -0.00669170412582 0.00898089155033 0.0350841587581 0.0253870375942 0.0247681997623 -0.00207749469354 0.0454181990957 0.0160326628673 0.0194411938309 0.0312306574064 -0.000332391565426 0.0236439613881 0.00060556406801 0.014508338817 0.0369371833162 
0.00893257003888 0.000447872100099 0.0305827105246 0.0124982644273 0.022608670911 0.0169960561039 0.00451189417036 0.00682556935293 0.0252393798103 0.0209693795397 0.00134146056418 0.021902669534 0.0137487683985 0.0282341540247 0.199377759394 0.00374594591128 0.0107916815199 0.0165616900133 0.00924244496612 0.0174855074386 0.00248909848935 0.0163758089517 0.0187730210598 0.00652272327686 0.0336337648921 0.0303683756125 0.0002781128028 0.0144144793478 0.0104935719792 0.009818993325 0.00807243025107 0.0109427585857 0.0109366345618 0.00207488557454 -0.00257568135864 0.035265128664 0.0273972374957 -0.00417745372228 0.0124625929437 0.0189827020824 0.00973269463161 0.0110706196931 -0.00739868507535 -0.0125478039382 0.0537238036135 0.023955395348 0.0172385637866 0.00492400059125 0.00415498806548 0.026464788679 
0.00728251234754 0.00814322257718 0.0135745245102 0.0231300000709 0.00519716645951 0.00369076976539 0.000495319233032 0.0557440111714 0.025060504995 0.00967974471619 0.00234709311939 0.0129242071666 0.00617957349255 0.00902636128573 0.00374594591128 0.115062200233 0.0538036659633 0.0210166710581 0.0197189845174 0.0146812614974 0.0294459745471 0.00195350166763 0.0142051605065 0.0127762054852 0.0149462704328 0.0343792270223 0.0132178349011 0.00165307234298 0.0493952939175 0.0191149037978 0.0188544271904 -0.000869017059073 0.0145912612326 0.0060704770236 0.00245862165996 0.0249721707138 0.0083778762258 0.01756255063 0.00293481657724 0.0110012543981 0.00902038623991 0.00689216623108 0.0191837559834 0.0031593310184 0.010128361298 0.00822745295536 0.0129140119585 0.0169986814624 -0.00306798482869 0.0073553999205 
0.0195325963665 0.00251386266428 0.028481734895 0.0478059030697 -0.00265231032967 0.00864249075889 0.00475625712844 0.0518781427065 0.0333818152016 0.0255918938807 0.00372101487064 0.0218721754118 0.0127833543911 0.00188848211736 0.0107916815199 0.0538036659633 0.173410198886 0.00879296625168 0.0279340837005 0.0130178811912 0.0213779275025 0.0153779848486 0.0253791673002 0.00533472199306 0.0299788493074 0.0408482300788 0.00512368669686 0.000514052158598 0.0426040331197 0.00762561558288 0.0136254842419 -0.00681157494361 0.014952076748 -0.0136837420934 -0.00678900901324 0.0148413529579 0.0124201461524 0.0265592244057 0.0111792098648 0.00531141480359 0.012160118033 0.00576373556306 0.00780233154528 0.00563247789824 0.00325365612137 0.0170860893051 0.0296404482369 0.015081891191 -0.0125554295359 0.0115343097403 
-0.0279348334776 0.0106861594719 0.0161953598333 0.0677332459876 0.0120209801766 0.0245253840496 0.0104580722093 0.0117860393467 -0.00352175699724 0.0292256116562 0.0124165916569 0.0158511749353 0.0193220383592 0.02829947098 0.0165616900133 0.0210166710581 0.00879296625168 0.308421400268 0.00786092644295 0.0923337035654 0.0289120346745 0.0213675091305 0.0241121726748 0.0111597869058 0.0273065438158 0.0574269011527 0.00472159161135 0.0258231560521 0.00903241606572 0.00638676135861 -0.00244449114324 -0.0172817446611 0.00886917787318 0.0134527561862 0.0335834779362 0.0116083494726 0.0150458852003 0.0213192478542 0.0263493424237 0.0101757789001 0.0433515385043 0.0110855476581 0.0317064103771 -0.0179009547365 -0.0016703621645 0.0316840077069 0.0310635507803 0.0186249959855 0.0250089963081 0.0343441820361 
0.0508246628442 0.0401300587826 0.0280729707503 0.0437055383331 0.00347407077756 0.0209689985173 0.0496399037249 0.0348822127952 0.0124953109516 0.0255622611099 0.0100551780303 0.0145961094319 0.0286455400129 0.03864947704 0.00924244496612 0.0197189845174 0.0279340837005 0.00786092644295 0.432285366151 -0.000968029130621 0.0240050322447 0.0537247089662 0.0180705786604 0.0264620291882 0.0252977246679 0.0541368333273 -0.00108688617902 0.0152823294785 0.0175399775978 -0.00661357754558 0.0152699444598 0.0169396639999 0.0227259492266 0.000120156655314 0.0200470547763 0.0342540477796 0.0167884874061 0.0396310396543 0.00380399942849 0.00819218285496 0.00920762923904 0.0306450816843 0.0070078131594 0.0246260450913 -0.00658240808729 0.0175570442348 0.00588577191321 0.00191246373106 0.00518006649923 0.00481319953493 
0.0137549916666 -0.0186967111119 0.00983891535928 -0.00934590006576 -0.000380433135936 -0.00177382054798 0.0172558670056 -0.00475326677914 0.0167926544826 0.0370376881473 -0.00776155676233 -0.0119122036807 0.0173483325537 0.00190338682913 0.0174855074386 0.0146812614974 0.0130178811912 0.0923337035654 -0.000968029130621 1.1728839167 -0.0303592128183 0.0120425826923 0.0237971755988 -0.013412286559 0.20869373328 0.036373179124 -0.0155918497598 0.00152239664735 0.00855840308732 0.014411620294 0.00478843503146 0.00301162792299 0.00425582373118 0.00891430204005 0.176380857663 0.0186747008778 -0.00301815545084 -0.0173450842426 0.0419216681644 0.0382980789261 0.0355434760261 0.0233838791309 -0.00285618605045 -0.0245061289358 0.0180541150071 -0.0154451330877 0.0163790505545 0.00554573493817 0.0204170033057 0.00875004901391 
0.011368934889 0.0287304949586 0.00864533656594 0.0414971027096 -0.00148684537765 -0.0139229754086 -0.00644397189343 0.0531277490561 0.0181000450348 0.0046473118125 -0.0074194315684 0.0167105918731 0.0111496499508 0.0507475345044 0.00248909848935 0.0294459745471 0.0213779275025 0.0289120346745 0.0240050322447 -0.0303592128183 0.336452687273 -0.00940748872441 -0.00394988995628 -0.00281910670252 0.058629213966 0.0195104346707 -0.0069454512829 0.0102555732009 0.02000125399 0.0134118525623 0.0197542326803 -0.0100340800474 0.00565382480868 -0.0103588894432 -0.0299109226344 0.0154724965544 0.0103919948926 0.193273468739 0.0277701825965 0.0191130815595 -0.00401457848438 0.00244632149929 -0.0195772936351 -0.00278988225112 0.0470306665463 0.00400274409072 0.0280832388693 0.0110409887604 0.00926514105344 0.00226395577276 
0.0591684581024 0.0658001577427 0.00622065259414 -0.0104862269206 0.0504399734775 0.0178757181264 0.0384282575127 0.0043540426167 0.00809892022069 0.0217673926698 -0.00571178030936 0.00721219122851 0.00325710404459 0.00547161867156 0.0163758089517 0.00195350166763 0.0153779848486 0.0213675091305 0.0537247089662 0.0120425826923 -0.00940748872441 0.445849561921 0.0141062591048 0.0350095800977 0.0285143555076 0.0541375163188 0.0199901024579 0.0158351104466 0.0197393053178 0.0381224122234 0.0164528593603 0.0482264947476 0.0738282948455 0.0297291077366 -0.0063221766073 0.0675667476341 0.00807958937902 0.0247567946442 0.0505613040646 0.0212659965643 0.0210693249859 0.00864986851884 0.0358734310341 0.0466506411233 0.00120607383495 0.00684559126465 0.022158567311 0.0169506125981 0.0242860944945 0.0306084580495 
0.0273927511532 0.0143970998202 0.00562034429446 0.0176210288136 0.0447082023182 0.0432095610747 0.0398230414457 0.00587862141736 0.0425888812121 0.0543507764052 0.0149763341154 0.00580966142873 0.0202818434743 -0.00201080463983 0.0187730210598 0.0142051605065 0.0253791673002 0.0241121726748 0.0180705786604 0.0237971755988 -0.00394988995628 0.0141062591048 0.394853037696 0.00753444023137 -0.00210933610286 0.0505518811112 0.0503878852019 0.01361783172 0.0117762482388 0.0380348020813 0.0403959991737 -0.00257711006842 0.0242910888023 -0.0262354038375 0.00086216364672 0.066676918681 0.0611335283526 -0.0119655390544 0.0318529735828 0.000339306482129 0.00255871034091 0.014388989972 0.0266860031293 0.000482257848995 0.00123681995332 0.0429154358308 0.024663668455 0.0184978903044 0.0357392351768 0.0154039978538 
0.0122276066078 0.0125262562969 0.00508393357821 0.0064551047281 0.00797890764691 0.00417821282205 0.016223091074 -0.00262955729589 0.00880988193277 -0.0106994444852 0.00923010686494 0.0104514441603 0.00182893270747 0.00543260994388 0.00652272327686 0.0127762054852 0.00533472199306 0.0111597869058 0.0264620291882 -0.013412286559 -0.00281910670252 0.0350095800977 0.00753444023137 0.148444787876 0.0135996560372 -0.000242293307648 0.0291020717973 0.00309313235841 0.0128662533846 0.00517443315601 0.00770978514759 0.0154275175258 0.0234492874155 0.0204821135533 -0.018651803048 0.00574987408115 -0.0139962440089 0.00267082176446 -0.00383328284766 0.0211601070294 0.0232044929589 0.0154367544688 0.00722671873568 0.0167636772973 0.0178300103655 0.0299158214553 0.0206751493218 0.0201355377589 0.0211497429578 0.0123483652076 
0.0270240398726 -0.000526510034329 0.0367677661975 0.00942211676162 -0.00531588774383 0.0285141201373 0.00589431118357 0.040024811267 0.0150830970398 0.0140470334258 0.00607410322038 0.0112222981887 0.0410151746527 0.0289049899553 0.0336337648921 0.0149462704328 0.0299788493074 0.0273065438158 0.0252977246679 0.20869373328 0.058629213966 0.0285143555076 -0.00210933610286 0.0135996560372 0.620503860952 0.00248997618668 0.0305860980615 0.0100555631842 0.0232727791508 0.0203761309734 0.00619149374409 0.0074965646074 0.0207868620144 0.000607186501349 0.0345487456377 -0.00579052670648 -0.00106179719346 0.0598397791154 0.00150663022973 0.0116362463285 0.0569667322911 0.0466528221079 0.0248265400767 0.0222364258373 0.0816571630866 0.0647205072905 0.0112801531511 0.016733193329 0.0181935002402 0.0395311640925 
0.0421711573975 0.0298750721161 0.0110996972003 0.0671175865236 0.0267021517588 0.0431990734105 0.0251572388585 0.0111056073423 0.0222767441459 0.0175273883764 0.00436735650836 0.0119357486738 -0.000886379122659 0.00692697299408 0.0303683756125 0.0343792270223 0.0408482300788 0.0574269011527 0.0541368333273 0.036373179124 0.0195104346707 0.0541375163188 0.0505518811112 -0.000242293307648 0.00248997618668 0.349777617408 0.0278605003176 0.0214920618002 0.0188110784748 0.0175862895667 0.0186901954278 0.015635387658 0.0131882825252 0.0168899380607 0.0117303742112 0.0264344858831 0.036400405525 0.02063840749 0.0462682228355 0.0162964705054 0.0227430533192 0.0275220352929 0.0482423972704 0.0105280522394 -0.0158983065166 0.0160096868372 0.0288267235427 -0.0028773406598 0.0132894673444 0.0119825391232 
0.0153754482296 0.0218003494799 0.0103818107213 0.0181785868883 0.0187985885975 0.0129297537566 0.000798791967301 0.00415718266237 0.00617445048762 -0.015757765536 0.0350041029216 0.0200351389536 0.00313136800837 0.0017474089446 0.000278112802799 0.0132178349011 0.00512368669686 0.00472159161135 -0.00108688617903 -0.0155918497598 -0.0069454512829 0.0199901024579 0.0503878852019 0.0291020717973 0.0305860980615 0.0278605003176 0.331007790733 0.011490287756 0.00291717956257 0.00738479831641 -0.00167992017189 -0.00279020977015 0.0229942832409 -0.0146273320049 -0.0147036996456 -0.00877455005236 0.0202633993911 -0.0100898292462 0.0464635673654 -0.0162871486415 0.00612407165776 0.00236832256088 0.0150597002788 0.0177736490905 0.0114603624952 -0.0375644880068 0.0172112075956 0.00879637034648 0.0172440424932 0.0188103588429 
0.00439003449491 0.0195647395781 0.0130053704221 0.0244765309413 0.0242447469967 0.0176411327585 0.030429066077 0.00367305642956 0.0212046954258 0.0228832542956 0.014070319788 0.00494719074663 0.000386736921961 0.00793501878927 0.0144144793478 0.00165307234298 0.000514052158598 0.0258231560521 0.0152823294785 0.00152239664735 0.0102555732009 0.0158351104466 0.01361783172 0.00309313235841 0.0100555631842 0.0214920618002 0.011490287756 0.20060085277 0.00756054258384 -0.00192129391978 0.0147278859003 -0.00170386770205 0.0146717808109 0.0181093408354 -0.000191125898878 0.0139670599296 -0.00770162495678 0.0256905836857 0.0296955906729 0.00462772894099 0.0216259589779 0.021775274081 0.0229766718817 0.0209134503787 0.0797844033163 0.00128832938683 0.0212052409267 0.0193685414833 0.00607504693522 0.0265997981413 
0.00158491914155 0.00404651753248 0.0147464989914 0.02350424101 0.00672705490237 0.00892412754044 0.00101349291301 0.0442182121905 0.0250591703998 -0.00880733183114 0.0261488138389 0.015524672361 0.0171945205251 0.0133173137075 0.0104935719792 0.0493952939175 0.0426040331197 0.00903241606572 0.0175399775978 0.00855840308732 0.02000125399 0.0197393053178 0.0117762482388 0.0128662533846 0.0232727791508 0.0188110784748 0.00291717956257 0.00756054258384 0.11359548297 0.0183006815488 0.0156296135972 0.0041124029603 0.0199166639288 0.000683012055206 -0.00906956179461 0.012753972497 0.00376769935257 0.0270741303569 -0.00218865601846 0.00927321902769 0.00711384226621 0.0094471366158 0.0137282479134 0.010298917297 0.0214038226035 0.013552211673 0.0109219357396 0.0185484940156 0.0016294616699 0.0122463254527 
-0.00217674482617 -0.00636896491622 0.0124460295895 0.0328081495464 0.0235914417754 0.0176333635287 0.0106627716112 0.018365123588 0.0208042346009 0.0145736554822 -0.00220595578064 0.0179486427343 -0.00260934770733 0.0392985530983 0.009818993325 0.0191149037978 0.00762561558288 0.00638676135861 -0.00661357754558 0.014411620294 0.0134118525623 0.0381224122234 0.0380348020813 0.00517443315601 0.0203761309734 0.0175862895667 0.00738479831641 -0.00192129391978 0.0183006815488 0.207757731292 0.0203233179616 0.00549340140751 0.00863247230417 0.00286370211692 -0.0216088705702 0.00496975816274 0.0263681092214 0.0197016201416 0.0126983788012 0.00599199221788 0.0243895733103 -0.00459300265148 0.010973357853 0.021676664 0.0184265138191 0.0124495426008 0.0171471818938 0.0129666377756 0.00312779223574 0.0257577672307 
0.00446893354906 0.0208821352417 0.0362299912885 0.0193685530821 0.0354546166407 -0.0247588946081 0.0157206262909 0.0326740780005 0.0688963865255 0.00316377285892 0.00374270218696 0.0142133013498 0.0230835408138 0.0420912042422 0.00807243025107 0.0188544271904 0.0136254842419 -0.00244449114324 0.0152699444598 0.00478843503146 0.0197542326803 0.0164528593603 0.0403959991737 0.00770978514759 0.00619149374409 0.0186901954278 -0.00167992017189 0.0147278859003 0.0156296135972 0.0203233179616 0.209731532975 0.00884591802305 0.016021029257 0.0184255976165 -0.0105107895624 0.011979541785 0.00581069333127 0.0242262842927 0.00893973393924 0.031795859665 0.0265487700388 0.0240169971837 0.0226709568877 0.0145261157402 0.0209733628571 -0.0275439441061 0.0209685697504 0.00840320916095 0.0147234957253 0.0342288141359 
0.0146907965625 0.0298565032789 -0.00358653228526 -0.0117531135014 0.0127441824734 0.0125020641233 0.0124327168536 0.000619935577238 0.0190142168756 0.01208330421 0.0038802784746 0.00911452068981 -0.017918851849 0.00761506303718 0.0109427585857 -0.000869017059073 -0.00681157494361 -0.0172817446611 0.0169396639999 0.00301162792299 -0.0100340800474 0.0482264947476 -0.00257711006842 0.0154275175258 0.0074965646074 0.015635387658 -0.00279020977015 -0.00170386770205 0.0041124029603 0.00549340140751 0.00884591802305 0.21051120188 0.00686333250157 0.0239147313799 -0.0176318529748 0.00949948903932 0.0186081729843 0.00297946139081 0.01433853364 0.0267623988154 0.0243634030319 0.0134989586916 0.00647802788517 0.0673634067204 0.0284474724753 0.00959315271466 0.0163440675056 0.0112345867607 0.00519259666599 0.0299653481017 
0.0271396480911 0.0104088814721 0.000727073965634 0.00947227338579 0.00945812613602 0.0229253349881 0.00701215044687 0.0162139923868 0.00987682685306 0.0328913249888 0.00720724271324 0.00946996483823 0.0142250595137 0.00537836665244 0.0109366345618 0.0145912612326 0.014952076748 0.00886917787318 0.0227259492266 0.00425582373118 0.00565382480868 0.0738282948455 0.0242910888023 0.0234492874155 0.0207868620144 0.0131882825252 0.0229942832409 0.0146717808109 0.0199166639288 0.00863247230417 0.016021029257 0.00686333250157 0.133287062785 0.0213054917383 -0.0117443242598 0.0165886282035 0.0238901482538 0.00733984959047 0.0223630777504 0.020851923865 0.0182630714198 0.0147279030756 0.0294483586245 0.0169280152969 -0.0035416591822 0.0225605799807 0.0100660854404 0.00608998147325 0.0107793140835 0.0298251980204 
0.00440718219423 0.0292731123435 0.0211504483615 0.0190444576197 0.0154885830863 -0.000433736622141 0.0307818182723 0.0102264154638 0.00692414879956 -0.00192911900221 0.00939925268847 0.00622941921783 -0.00296702929919 0.0389362686504 0.00207488557454 0.0060704770236 -0.0136837420934 0.0134527561862 0.000120156655313 0.00891430204005 -0.0103588894432 0.0297291077366 -0.0262354038375 0.0204821135533 0.00060718650135 0.0168899380607 -0.0146273320049 0.0181093408354 0.000683012055206 0.00286370211692 0.0184255976165 0.0239147313799 0.0213054917383 0.244109160741 0.0021024782112 0.0436509904902 0.00743779198818 -0.0306694139845 0.0468995505815 0.0511853448426 0.0225156161854 0.0101012353693 0.0493070065869 0.0252958753568 -0.0106658949406 -0.002086032452 0.00721003808517 0.00357420911056 0.0108637492246 0.0168813831179 
-0.0082428938597 -0.00278977085767 -0.00397781474831 -0.0291719135192 0.00013222989146 0.039351625064 0.00657068204181 -0.0104799310371 -0.0143143275249 -0.0143904046844 -0.0136069964522 -0.00216128345619 -0.0133569605042 0.0055337323707 -0.00257568135864 0.00245862165996 -0.00678900901324 0.0335834779362 0.0200470547763 0.176380857663 -0.0299109226344 -0.0063221766073 0.000862163646722 -0.018651803048 0.0345487456377 0.0117303742112 -0.0147036996456 -0.000191125898878 -0.00906956179461 -0.0216088705702 -0.0105107895624 -0.0176318529748 -0.0117443242598 0.0021024782112 1.0523753827 -0.00249521716652 -0.0106372987444 -0.0279216547672 -0.0177930485532 0.0319643479709 0.0208165354379 0.000703721762491 0.00578728538513 -0.017188394009 0.00162887760023 -0.0106443398383 -0.0112377181074 -0.00573662102997 -0.0166669254625 -0.00670479294737 
0.0291487776335 0.0215505873504 0.0235322616196 0.0276319893229 0.0101163321619 0.0263067869151 0.0548124095005 0.0443658195619 0.0166916036194 0.0135683418486 -0.00500459504807 0.0144930388712 0.00523977064183 -0.00669170412582 0.035265128664 0.0249721707138 0.0148413529579 0.0116083494726 0.0342540477796 0.0186747008778 0.0154724965544 0.0675667476341 0.066676918681 0.00574987408115 -0.00579052670648 0.0264344858831 -0.00877455005236 0.0139670599296 0.012753972497 0.00496975816274 0.011979541785 0.00949948903932 0.0165886282035 0.0436509904902 -0.00249521716653 0.417212774422 0.0414124589531 0.0340851900862 0.0633490785858 0.0451887129156 0.035340242211 0.0342930446436 0.0346185383271 0.0332173599956 0.0252539916515 0.012076206633 0.0155544849949 0.0204745487271 0.0256745397229 -0.0167212502591 
0.0230875653616 0.00516454228488 0.00289616283098 0.0213030570548 0.0200245020772 0.0356802205036 0.00676553579841 0.00322375827317 0.0127402845443 0.0368942111457 0.0129680766995 0.00337938513532 0.0139337193467 0.00898089155033 0.0273972374957 0.0083778762258 0.0124201461524 0.0150458852003 0.0167884874061 -0.00301815545084 0.0103919948926 0.00807958937902 0.0611335283526 -0.0139962440089 -0.00106179719346 0.036400405525 0.0202633993911 -0.00770162495678 0.00376769935257 0.0263681092214 0.00581069333127 0.0186081729843 0.0238901482538 0.00743779198818 -0.0106372987444 0.0414124589531 0.292378029112 0.00497318992393 0.0508215338718 0.0250108182453 0.0114821484798 0.0037050973467 0.00388439810883 0.0109919441523 0.000549881214154 -0.0372767005885 0.018582529779 0.0188941855494 -0.00277238022557 0.0155950765698 
-0.00201241769544 0.0343901792898 0.0178180864636 0.0435867551566 0.0194286576191 0.0394689586252 0.0219120063169 0.066908738653 0.0260248385517 -0.0158758030849 -0.0177059916498 -0.00915540240495 -0.0118516599825 0.0350841587581 -0.00417745372228 0.01756255063 0.0265592244057 0.0213192478542 0.0396310396543 -0.0173450842427 0.193273468739 0.0247567946442 -0.0119655390544 0.00267082176446 0.0598397791154 0.02063840749 -0.0100898292462 0.0256905836857 0.0270741303569 0.0197016201416 0.0242262842927 0.00297946139081 0.00733984959047 -0.0306694139845 -0.0279216547672 0.0340851900862 0.00497318992393 0.47537620882 0.0560561237686 -0.00918735028218 -0.00201733392957 0.0100704146291 -0.000685607591277 0.00276786130509 0.0254826412695 0.0190934859423 0.0299773949947 -0.00359095679629 0.0141121796809 0.010442396531 
0.0224395437231 0.0428307211747 0.0315904983442 0.0300784775688 0.0161629044048 0.0238089189164 0.0508120379228 0.0111770506624 0.0199995040083 -0.00898684963415 0.0169631623977 0.0174696542773 0.0245800101224 0.0253870375942 0.0124625929437 0.00293481657724 0.0111792098648 0.0263493424237 0.00380399942849 0.0419216681644 0.0277701825965 0.0505613040646 0.0318529735828 -0.00383328284766 0.00150663022973 0.0462682228355 0.0464635673654 0.0296955906729 -0.00218865601846 0.0126983788012 0.00893973393924 0.01433853364 0.0223630777504 0.0468995505815 -0.0177930485532 0.0633490785858 0.0508215338718 0.0560561237686 0.331997357765 0.0327786445619 0.0503559485221 0.00909223150728 0.0149571225351 0.0156828157695 -0.0175063189913 -0.0168689072448 0.0349157826857 0.0167970615204 0.0119201491264 0.0409760186957 
0.00234027376621 0.0287837176616 0.00784110374101 0.00602396820387 0.0158830201996 0.0217925514202 0.018773935975 0.0208187122349 0.0354976062415 0.00745247117224 0.00754369022085 0.00535771306879 0.0304601545198 0.0247681997623 0.0189827020824 0.0110012543981 0.00531141480359 0.0101757789001 0.00819218285496 0.0382980789261 0.0191130815595 0.0212659965643 0.000339306482129 0.0211601070294 0.0116362463285 0.0162964705054 -0.0162871486415 0.00462772894099 0.00927321902769 0.00599199221788 0.031795859665 0.0267623988154 0.020851923865 0.0511853448426 0.0319643479709 0.0451887129156 0.0250108182453 -0.00918735028218 0.0327786445619 0.221278847003 0.0339508251717 0.0468652100405 0.0522132188259 0.0204843521778 -0.010807170642 0.0340803389278 0.0252281605479 0.0181575777228 0.0302121545834 0.00832410396801 
0.0130817779223 0.0356445912185 0.0348927123703 0.0340525016308 0.0374662152664 0.018528761417 0.0401702560107 0.0083210446889 0.015317568903 -0.00515020486973 0.015685263536 0.0055746362415 0.0132320794556 -0.00207749469354 0.00973269463161 0.00902038623991 0.012160118033 0.0433515385043 0.00920762923904 0.0355434760261 -0.00401457848438 0.0210693249859 0.00255871034091 0.0232044929589 0.0569667322911 0.0227430533192 0.00612407165776 0.0216259589779 0.00711384226621 0.0243895733103 0.0265487700388 0.0243634030319 0.0182630714198 0.0225156161854 0.0208165354379 0.035340242211 0.0114821484798 -0.00201733392957 0.0503559485221 0.0339508251717 0.424451338186 0.0528502453327 0.00539405783759 0.00959572886581 0.0387606705483 0.0361085428067 0.0345515094218 -0.00649312563583 0.00813113415249 0.0662901749378 
0.0162621447374 0.00492343910929 0.0101693558948 -0.00508020043228 0.0168871200932 0.00861052918888 0.00379964776441 0.0029477776131 0.0176777955121 -0.00254841070995 -0.00377559711513 0.0132815172977 0.0240973524759 0.0454181990957 0.0110706196931 0.00689216623108 0.00576373556306 0.0110855476581 0.0306450816843 0.0233838791309 0.00244632149929 0.00864986851884 0.014388989972 0.0154367544688 0.0466528221079 0.0275220352929 0.00236832256088 0.021775274081 0.0094471366158 -0.00459300265148 0.0240169971837 0.0134989586916 0.0147279030756 0.0101012353693 0.000703721762491 0.0342930446436 0.0037050973467 0.0100704146291 0.00909223150728 0.0468652100405 0.0528502453327 0.184160655447 0.0037908472237 0.00396708069347 -0.0291403913579 -0.00324816165108 0.0203552640974 0.00969708398157 0.00695171966245 0.0292547840706 
0.0409171099462 0.0120859818511 0.0128626402971 0.0360201600573 0.0036369081025 0.0174026452339 0.00339529166541 0.0164279642138 0.0452462113099 0.0131895186834 0.00338650166627 0.0214101296614 0.0347960790857 0.0160326628673 -0.00739868507535 0.0191837559834 0.00780233154528 0.0317064103771 0.0070078131594 -0.00285618605045 -0.0195772936351 0.0358734310341 0.0266860031293 0.00722671873568 0.0248265400767 0.0482423972704 0.0150597002788 0.0229766718817 0.0137282479134 0.010973357853 0.0226709568877 0.00647802788517 0.0294483586245 0.0493070065869 0.00578728538512 0.0346185383271 0.00388439810883 -0.000685607591277 0.0149571225351 0.0522132188259 0.00539405783759 0.0037908472237 0.229637708612 0.0112278196842 -0.0268490828464 -0.0179627551735 0.0275985494928 0.0122538173357 0.0277635679024 -0.00214935898393 
0.0174795616267 0.030830393255 0.00880947346387 0.00347598551397 0.0102060580751 0.0290224278359 0.0251517060962 0.013692601768 -0.00110635747029 -0.000874989744323 0.013193451739 0.0118048611145 0.00741947871513 0.0194411938309 -0.0125478039382 0.0031593310184 0.00563247789824 -0.0179009547365 0.0246260450913 -0.0245061289358 -0.00278988225112 0.0466506411233 0.000482257848995 0.0167636772973 0.0222364258373 0.0105280522394 0.0177736490905 0.0209134503787 0.010298917297 0.021676664 0.0145261157402 0.0673634067204 0.0169280152969 0.0252958753568 -0.017188394009 0.0332173599956 0.0109919441523 0.00276786130509 0.0156828157695 0.0204843521778 0.00959572886581 0.00396708069347 0.0112278196842 0.200005755781 0.111395298396 0.0345347643951 0.024155959593 0.0293580691628 0.0137273161753 0.0441749555339 
0.00836206674402 -0.00631207912858 -0.0474974736624 0.00802204312688 0.0212949072 -0.0544829818547 0.0401145640905 0.00282380139958 0.0109060786375 0.0190722164125 0.00328633501972 0.0540502707131 -0.00608043599597 0.0312306574064 0.0537238036135 0.010128361298 0.00325365612137 -0.0016703621645 -0.00658240808729 0.0180541150071 0.0470306665463 0.00120607383495 0.00123681995332 0.0178300103655 0.0816571630866 -0.0158983065166 0.0114603624952 0.0797844033163 0.0214038226035 0.0184265138191 0.0209733628571 0.0284474724753 -0.0035416591822 -0.0106658949406 0.00162887760023 0.0252539916515 0.000549881214154 0.0254826412695 -0.0175063189913 -0.010807170642 0.0387606705483 -0.0291403913579 -0.0268490828464 0.111395298396 2.87784908415 -0.0106111505742 0.0697895226694 0.0305131978202 -0.0104073456489 0.193310305804 
0.0118632167922 0.0531882316452 0.0124838178175 -0.00332169860163 -0.0271612754729 0.0343144470849 -0.00152105585055 0.00126828445712 0.00432331042584 0.0300009469927 -0.00570600886691 -0.0146557212571 0.0092741778651 -0.000332391565426 0.023955395348 0.00822745295536 0.0170860893051 0.0316840077069 0.0175570442348 -0.0154451330877 0.00400274409072 0.00684559126465 0.0429154358308 0.0299158214553 0.0647205072905 0.0160096868372 -0.0375644880068 0.00128832938683 0.013552211673 0.0124495426008 -0.0275439441061 0.00959315271466 0.0225605799807 -0.002086032452 -0.0106443398383 0.012076206633 -0.0372767005885 0.0190934859423 -0.0168689072448 0.0340803389278 0.0361085428067 -0.00324816165108 -0.0179627551735 0.0345347643951 -0.0106111505742 1.25451873443 0.0164289310533 -0.0139198607824 0.0637388861036 0.0351059326811 
0.0179410515096 0.00837190067002 0.0306437058194 0.0345541181943 0.0251371342735 0.0436934014771 0.0187709972791 0.0199870716151 0.0306341834222 -0.007081899437 -0.00571387319808 0.0205028735495 0.0200859249097 0.0236439613881 0.0172385637866 0.0129140119585 0.0296404482369 0.0310635507803 0.00588577191321 0.0163790505545 0.0280832388693 0.022158567311 0.024663668455 0.0206751493218 0.0112801531511 0.0288267235427 0.0172112075956 0.0212052409267 0.0109219357396 0.0171471818938 0.0209685697504 0.0163440675056 0.0100660854404 0.00721003808517 -0.0112377181074 0.0155544849949 0.018582529779 0.0299773949947 0.0349157826857 0.0252281605479 0.0345515094218 0.0203552640974 0.0275985494928 0.024155959593 0.0697895226694 0.0164289310533 0.166777517777 0.0196577292039 0.0153578976228 0.0465466826549 
