20
0.0444205393046 0.00108215816497 0.0823962853659 0.10431458653 0.0940944116816 0.0755027876102 0.0449819155318 0.0262084488718 0.0697795953642 0.025042174885 0.0704328117516 0.125840316239 0.330982708656 0.136929250297 0.185813705736 0.0534982218633 0.0360508970818 -0.0148687542544 0.102922334335 0.0962618702605 
0.18110768358 0.0182091734357 0.0166343638244 0.0459300603432 0.00419389691772 -0.000997257103923 0.0293407553867 0.0410364670305 0.0283147316426 0.0225509255563 0.000431600732264 0.0171730236436 -0.00624867078576 0.0233033492713 0.0314542361685 0.0264383522916 0.0225736511706 0.0160062102929 0.0213763797773 0.00962935491458 
0.0182091734357 0.253102335296 0.0204559005432 -0.00616157153702 -0.00162497461032 0.0113338392538 0.0136629303841 0.0194272632466 0.0101535058258 0.0296242886412 0.0187759163 0.0235470926718 0.0175611066858 0.0305416109693 0.0091576301334 0.0125045619746 0.00355850950351 0.0153784277375 0.0102315245586 0.0163146677708 
0.0166343638244 0.0204559005432 0.341871983303 0.00377079838406 0.0479047711402 -0.00210364204969 0.0221101374409 -0.0127499196009 0.008261508818 0.00441623375118 0.0242086270342 0.00890381224074 0.049713660577 0.0505659475544 0.0150509145825 0.0220056676754 0.0219265558867 0.00518044999445 0.00270595749417 -0.0136261740766 
0.0459300603432 -0.00616157153702 0.00377079838406 0.567012554086 0.0693985240165 0.115685493785 0.00960474841406 0.0365602180815 0.0246180220464 0.0299482224475 0.0144894371138 0.0410246815634 0.0261534187035 0.0177216840014 0.0064335251389 0.029733222978 0.0303677361257 0.00138089961098 0.0225621595038 0.0459672362942 
0.00419389691772 -0.00162497461032 0.0479047711402 0.0693985240165 0.363752039019 0.0260441125122 0.0357803240332 0.0182752693349 0.0157528105184 0.0405610839388 0.0461705752297 0.0357624686024 0.0397806854332 0.00825319408067 0.0736756695131 0.0192462220646 0.0381079614356 0.0245715946071 0.046120153699 0.0764451630891 
-0.000997257103923 0.0113338392538 -0.00210364204969 0.115685493785 0.0260441125122 0.723422223747 0.0663814374056 0.0147112654526 0.00193631777718 0.00814091818806 -0.00850222435031 0.0203398400017 0.0727310902717 0.0121758303945 0.0289781161724 0.0384696125306 0.0357028447322 0.0201261739092 0.0259592896415 -0.0161836779371 
0.0293407553867 0.0136629303841 0.0221101374409 0.00960474841406 0.0357803240332 0.0663814374056 0.225495654582 0.022255503147 0.00865587450959 0.0468089192644 0.00722443498718 0.0132688062613 0.00387672719374 0.0395791902814 0.0358075187471 0.033364965824 0.0451446303315 0.0180265290514 0.0154467742653 0.0225974461034 
0.0410364670305 0.0194272632466 -0.0127499196009 0.0365602180815 0.0182752693349 0.0147112654526 0.022255503147 0.325612583482 -0.00543820712741 0.0242487327845 -0.00205917752651 0.0679448779857 0.0187279710461 0.0105767673398 0.0698504904572 0.0461660475466 0.0296295366845 0.0197315527812 0.0531265128296 0.00532070633523 
0.0283147316426 0.0101535058258 0.008261508818 0.0246180220464 0.0157528105184 0.00193631777718 0.00865587450959 -0.00543820712741 0.47759540405 0.00725111718075 0.00624681493314 0.0355774935006 -0.00907045327167 0.0889804834427 0.0464090725491 0.00133568765868 0.017869341824 0.0667515829435 0.00995563541406 0.0456929453556 
0.0225509255563 0.0296242886412 0.00441623375118 0.0299482224475 0.0405610839388 0.00814091818806 0.0468089192644 0.0242487327845 0.00725111718075 0.173984346038 0.00915230262539 0.0108810934256 -0.0142348995147 0.029437035932 0.0521320710169 0.0353093068704 0.0376009020314 0.00404323032044 0.0188739317293 0.0178450672593 
0.000431600732264 0.0187759163 0.0242086270342 0.0144894371138 0.0461705752297 -0.00850222435031 0.00722443498718 -0.00205917752651 0.00624681493314 0.00915230262539 0.297022872487 0.0255997466293 0.0393197790953 0.0329213937058 0.0248140643381 -0.00156794469447 0.0121236106668 0.00759167750236 0.0139756264893 0.000209647191063 
0.0171730236436 0.0235470926718 0.00890381224074 0.0410246815634 0.0357624686024 0.0203398400017 0.0132688062613 0.0679448779857 0.0355774935006 0.0108810934256 0.0255997466293 0.404102539164 0.0102963862135 0.0326772601755 0.0720134928206 0.0571143791527 0.0250663256994 0.00929861040858 0.0536453429461 0.00717865758584 
-0.00624867078576 0.0175611066858 0.049713660577 0.0261534187035 0.0397806854332 0.0727310902717 0.00387672719374 0.0187279710461 -0.00907045327167 -0.0142348995147 0.0393197790953 0.0102963862135 1.01662113002 0.0139818909309 0.00445979938625 0.0111604251708 -0.0156407067587 0.0194824643876 0.0383879004651 0.08434919791 
0.0233033492713 0.0305416109693 0.0505659475544 0.0177216840014 0.00825319408067 0.0121758303945 0.0395791902814 0.0105767673398 0.0889804834427 0.029437035932 0.0329213937058 0.0326772601755 0.0139818909309 0.676010150938 0.155923638646 0.0144126467353 0.0277300090466 0.0200264758219 0.00233210697755 0.0155984893224 
0.0314542361685 0.0091576301334 0.0150509145825 0.0064335251389 0.0736756695131 0.0289781161724 0.0358075187471 0.0698504904572 0.0464090725491 0.0521320710169 0.0248140643381 0.0720134928206 0.00445979938625 0.155923638646 0.608952245919 0.0751490482019 0.0377337685 0.0288338168415 0.0296375120139 0.0461352597246 
0.0264383522916 0.0125045619746 0.0220056676754 0.029733222978 0.0192462220646 0.0384696125306 0.033364965824 0.0461660475466 0.00133568765868 0.0353093068704 -0.00156794469447 0.0571143791527 0.0111604251708 0.0144126467353 0.0751490482019 0.23886559428 0.0379994247908 0.0185801855445 0.0336186732436 0.0117316200517 
0.0225736511706 0.00355850950351 0.0219265558867 0.0303677361257 0.0381079614356 0.0357028447322 0.0451446303315 0.0296295366845 0.017869341824 0.0376009020314 0.0121236106668 0.0250663256994 -0.0156407067587 0.0277300090466 0.0377337685 0.0379994247908 0.19155478741 0.0293219839882 0.0206478413234 0.0306931131909 
0.0160062102929 0.0153784277375 0.00518044999445 0.00138089961098 0.0245715946071 0.0201261739092 0.0180265290514 0.0197315527812 0.0667515829435 0.00404323032045 0.00759167750236 0.00929861040858 0.0194824643876 0.0200264758219 0.0288338168415 0.0185801855445 0.0293219839882 0.154294747482 -0.00206515116248 0.0332248518276 
0.0213763797773 0.0102315245586 0.00270595749417 0.0225621595038 0.046120153699 0.0259592896415 0.0154467742653 0.0531265128296 0.00995563541406 0.0188739317293 0.0139756264893 0.0536453429461 0.0383879004651 0.00233210697755 0.0296375120139 0.0336186732436 0.0206478413234 -0.00206515116248 0.374276294743 0.00234037686834 
0.00962935491458 0.0163146677708 -0.0136261740766 0.0459672362942 0.0764451630891 -0.0161836779371 0.0225974461034 0.00532070633523 0.0456929453556 0.0178450672593 0.000209647191063 0.00717865758584 0.08434919791 0.0155984893224 0.0461352597246 0.0117316200517 0.0306931131909 0.0332248518276 0.00234037686834 0.392337967205 
0.0156843854801 0.00157696067772 0.00144057816477 0.00397765990545 0.00036320212716 -8.63649986101e-05 0.00254098395311 0.00355386229299 0.00245212769038 0.00195296744106 3.73777198433e-05 0.00148722747351 -0.000541150764035 0.00201812924622 0.00272401675785 0.00228962847188 0.00195493553699 0.0013861784732 0.00185124879281 0.000833926597808 
0.00157696067772 0.0219193052124 0.00177153295277 -0.00053360774783 -0.000140726929304 0.000981539271622 0.00118324448028 0.00168245034976 0.00087931939826 0.00256553865324 0.00162604204952 0.0020392380439 0.00152083645085 0.00264498109719 0.000793074033398 0.00108292683332 0.000308175962965 0.00133181090909 0.000886076018723 0.00141289167438 
0.00144057816477 0.00177153295277 0.0296069822383 0.000326560719315 0.00414867487699 -0.00018218074555 0.0019147940705 -0.00110417542706 0.000715467650998 0.000382457061757 0.00209652860024 0.000771092759101 0.00430532929748 0.00437913951485 0.00130344743786 0.00190574672341 0.00189889544153 0.000448640129823 0.000234342793151 -0.00118006129067 
0.00397765990545 -0.00053360774783 0.000326560719315 0.0491047276103 0.00601008847834 0.0100186576467 0.000831795612353 0.00316620776265 0.00213198324831 0.00259359214377 0.00125482206271 0.00355284164161 0.0022649524993 0.0015347428543 0.000557159620617 0.00257497264354 0.00262992309403 0.000119589414318 0.00195394032946 0.00398087943725 
0.00036320212716 -0.000140726929304 0.00414867487699 0.00601008847834 0.0315018506469 0.00225548630546 0.00309866695684 0.0015826847505 0.001364233409 0.00351269290961 0.00399848910562 0.00309712063117 0.00344510841651 0.000714747573622 0.00638050014392 0.00166677172348 0.00330024626897 0.00212796251413 0.00399412247298 0.00662034532316 
-8.63649986101e-05 0.000981539271622 -0.00018218074555 0.0100186576467 0.00225548630546 0.0626502023427 0.0057488011133 0.00127403296037 0.000167690038484 0.000705024196099 -0.000736314227604 0.00176148181504 0.00629869718202 0.00105445784338 0.00250957847591 0.00333156617252 0.00309195705254 0.00174297778864 0.00224814042937 -0.00140154762202 
0.00254098395311 0.00118324448028 0.0019147940705 0.000831795612353 0.00309866695684 0.0057488011133 0.0195284965311 0.00192738310993 0.000749620721728 0.00405377132067 0.000625654422688 0.00114911233001 0.000335734423332 0.00342765842449 0.00310102208815 0.00288949079999 0.00390963967115 0.00156114321005 0.00133772989203 0.00195699623862 
0.00355386229299 0.00168245034975 -0.00110417542706 0.00316620776265 0.0015826847505 0.00127403296037 0.00192738310993 0.0281988769087 -0.000470962552338 0.0021000018601 -0.000178330004886 0.00588419903927 0.00162188986873 0.000915974920616 0.00604922992027 0.00399809699676 0.00256599314711 0.00170880259646 0.00460089097249 0.000460786685239 
0.00245212769038 0.00087931939826 0.000715467650998 0.00213198324831 0.001364233409 0.000167690038484 0.000749620721728 -0.000470962552338 0.0413609752638 0.000627965168435 0.000540990042484 0.00308110131745 -0.000785524295711 0.00770593591024 0.00401914357936 0.000115673944394 0.00154753039685 0.00578085665719 0.000862183317939 0.00395712514517 
0.00195296744106 0.00256553865324 0.000382457061757 0.00259359214377 0.00351269290961 0.000705024196099 0.00405377132067 0.0021000018601 0.000627965168435 0.015067486353 0.000792612657671 0.000942330332754 -0.00123277846001 0.00254932209292 0.00451476978525 0.00305787567398 0.00325633363644 0.000350154017086 0.00163453043469 0.00154542815788 
3.73777198433e-05 0.00162604204952 0.00209652860024 0.00125482206271 0.00399848910562 -0.000736314227604 0.000625654422688 -0.000178330004886 0.000540990042484 0.000792612657671 0.0257229353079 0.00221700309114 0.00340519275678 0.00285107632772 0.0021489610088 -0.000135787993714 0.00104993548231 0.000657458557438 0.00121032475735 1.81559793292e-05 
0.00148722747351 0.0020392380439 0.000771092759101 0.00355284164161 0.00309712063117 0.00176148181504 0.00114911233001 0.00588419903927 0.00308110131745 0.000942330332754 0.00221700309114 0.034996306465 0.000891693202804 0.0028299337438 0.00623655141979 0.00494625032676 0.00217080748352 0.000805283283372 0.00464582297861 0.000621689983441 
-0.000541150764035 0.00152083645085 0.00430532929748 0.0022649524993 0.00344510841651 0.00629869718202 0.000335734423332 0.00162188986873 -0.000785524295711 -0.00123277846001 0.00340519275678 0.000891693202804 0.0880419724622 0.00121086727391 0.000386229956428 0.000966521171496 -0.00135452493861 0.0016872309088 0.00332448970007 0.00730485481789 
0.00201812924622 0.00264498109719 0.00437913951485 0.0015347428543 0.000714747573622 0.00105445784338 0.00342765842449 0.000915974920616 0.00770593591024 0.00254932209292 0.00285107632772 0.0028299337438 0.00121086727391 0.0585441963929 0.0135033832118 0.00124817182086 0.00240148922815 0.00173434368101 0.00020196638869 0.00135086880139 
0.00272401675785 0.000793074033398 0.00130344743786 0.000557159620617 0.00638050014392 0.00250957847591 0.00310102208815 0.00604922992027 0.00401914357936 0.00451476978525 0.0021489610088 0.00623655141979 0.000386229956428 0.0135033832118 0.0527368114658 0.00650809848131 0.00326784021015 0.00249708178728 0.0025666838309 0.00399543069317 
0.00228962847188 0.00108292683332 0.00190574672341 0.00257497264354 0.00166677172348 0.00333156617252 0.00288949079999 0.00399809699676 0.000115673944394 0.00305787567398 -0.000135787993714 0.00494625032676 0.000966521171496 0.00124817182086 0.00650809848131 0.0206863672736 0.0032908467198 0.00160909126886 0.00291146250705 0.00101598809923 
0.00195493553699 0.000308175962965 0.00189889544153 0.00262992309403 0.00330024626897 0.00309195705254 0.00390963967115 0.00256599314711 0.00154753039685 0.00325633363644 0.00104993548231 0.00217080748352 -0.00135452493861 0.00240148922815 0.00326784021015 0.0032908467198 0.0165891312113 0.00253935830231 0.00178815551193 0.00265810157445 
0.0013861784732 0.00133181090909 0.000448640129823 0.000119589414318 0.00212796251413 0.00174297778864 0.00156114321005 0.00170880259646 0.00578085665719 0.000350154017086 0.000657458557438 0.000805283283372 0.0016872309088 0.00173434368101 0.00249708178728 0.00160909126886 0.00253935830231 0.013362317099 -0.000178847336936 0.00287735657197 
0.00185124879281 0.000886076018723 0.000234342793151 0.00195394032946 0.00399412247298 0.00224814042937 0.00133772989203 0.00460089097249 0.000862183317939 0.00163453043469 0.00121032475735 0.00464582297861 0.00332448970007 0.00020196638869 0.0025666838309 0.00291146250705 0.00178815551193 -0.000178847336936 0.0324132779282 0.000202682582242 
0.000833926597808 0.00141289167438 -0.00118006129067 0.00398087943725 0.00662034532316 -0.00140154762202 0.00195699623862 0.000460786685239 0.00395712514517 0.00154542815788 1.81559793292e-05 0.000621689983441 0.00730485481789 0.00135086880139 0.00399543069317 0.00101598809923 0.00265810157445 0.00287735657197 0.000202682582242 0.0339774646468 

['ITW', 'CCE', 'AMAT', 'R', 'MOT', 'LXK', 'MEL', 'BDK', 'CEG', 'CBSS', 'EDS', 'ODP', 'CIEN', 'VMC', 'DHI', 'HD', 'ASO', 'FE', 'KSS', 'AES']