60
0.073470583658 0.0994766710856 0.0251356843311 0.100072423231 0.0247676168055 0.0485380268731 0.0914492870129 0.0169596300077 -0.0142899737039 0.05514883533 0.0623269012124 0.0301615681032 0.0336878097659 0.0493870590102 0.0121413644826 0.0217130314185 0.143553651187 0.0795042219188 0.0558285331973 0.00851722536111 0.035272852014 0.0573021249509 0.0301217617298 0.0962618702605 0.0181340887913 0.151477321577 0.125568601155 0.259768981863 -0.0108233812146 0.0307338128464 0.0300764430792 0.0172523696575 0.168192385625 0.0723841835345 0.00477989818121 0.142595623168 0.00326137985962 0.0345230729479 0.0415957971797 0.165275344352 0.119808933935 0.0831393543584 0.0350054865441 0.067616439087 0.037281538924 0.0946915784272 0.0755027876102 0.143828325424 0.0617018630506 0.0560151075184 0.124759587163 0.234257183995 0.0998681056981 0.185813705736 0.0402434153999 0.0408960175479 0.0896896089949 0.0283464571838 0.0756818342608 0.0723018126246 
0.407560804433 0.00550217700087 0.00828314115589 -0.00164109851853 0.0190162962196 -0.00272805474428 0.0380646751526 0.0481786491238 -0.00241126686802 0.0873266164059 0.0232628887419 0.0422294109231 0.00217153442405 0.0231986478049 0.0233481272396 0.0267814067596 0.0329295663141 0.0263285480284 0.00252023593374 0.0119554038105 0.0170209004002 -0.00715488624844 0.0142989621974 0.032338435697 0.0144898187441 0.168071841972 0.00530440159381 0.120124009271 0.0453953722516 0.00663986604434 0.00379498509685 0.0197406543163 0.00728927495644 0.0150319871854 0.0147923544024 0.0431186595255 0.00769055380663 0.0327527629546 0.03230557296 -0.00422130007402 0.0360009590011 0.0420735193625 0.0171463195228 0.018891177139 -0.0307804009144 0.0279622013635 0.0410117100637 0.00831953866061 0.0266444231238 0.048194318472 0.0115010216145 0.0303492852759 0.0191305407924 0.0271825526192 0.000733331186762 -0.00447171309387 -0.00381178334439 0.0221078973268 0.00210236517545 0.0209288366957 
0.00550217700088 0.403083444263 0.00319190604135 0.05502721502 -0.0129609650895 0.000312249775407 0.0200280461378 0.00770685560697 -0.00359730575621 0.0337426650694 0.00411467777121 0.0118872001545 -0.00475156820384 0.00615898227654 0.0094593836052 0.000253677835988 0.0151120153754 -0.0316588967025 0.00135697090047 0.00822076861502 -0.0115269889113 0.00598707988368 -0.0185676383512 -0.0200582601947 -0.00524256800339 0.0916962429614 0.0182267511753 0.0747953092386 -0.0138445321731 0.0296048809642 -0.00349611754755 0.0233283642701 -0.0318202177823 0.0141315174136 0.00366194524051 -0.0043344522483 0.0104060245236 0.0974287408648 0.00609657480876 0.0190937052313 0.0429611368475 0.00479070780404 0.00806929427722 0.0114780085995 0.0144012873692 0.0222531918375 0.0162374287805 0.0165030346918 0.0531207814553 -0.0015940223625 -0.00631249089869 0.00974081313788 0.0279814938284 0.0386702715283 0.0052293436431 0.0450842639803 0.0109089600726 0.0154264945055 0.0444922386051 0.00847415797767 
0.00828314115589 0.00319190604135 0.116096658473 0.00299974003649 0.025207340153 0.0233445460179 0.0211288363655 0.0210206772573 0.0231402584516 -0.00486180938424 0.0360035327914 0.0185495873168 0.0217698338573 0.0126782389509 0.00938823227026 0.0125342005643 0.0239995177264 0.01112812694 0.0168709521681 0.0119332827682 0.0134987169268 0.0292506206523 0.0131653298991 -0.00902674925164 -0.000360215041705 0.0109581006794 -0.00419611520364 0.00434917997067 0.00649972519151 0.0077327589017 0.0205742196499 0.00408538836964 0.0286757555035 -0.0178008997058 0.014988705379 0.0161490692243 0.0162735998087 0.0158206139117 0.0129983947775 0.00218208553281 -0.0102509471331 -0.00335565532507 0.012224407885 0.0193187628127 0.00846776620033 -0.000520327817234 0.00464813593236 -0.0109105130552 0.00331940086929 0.0161005757883 0.0138453701593 0.0108397497115 0.0192644727162 0.0136375225722 0.0195996462355 0.000477336025109 0.00621472776479 0.012711512966 0.0138965473227 0.0179915592534 
-0.00164109851853 0.05502721502 0.00299974003649 0.478760150179 0.0022706253203 -0.00298912688674 0.0231281202037 0.00196961524537 -0.000411789898789 -0.00689714898322 0.0121172556986 0.000625509837253 0.0201225219799 0.00317236499044 0.0266915091407 -0.00282147735349 0.0302023412069 0.00481661876792 -0.011380868398 -0.00628922495904 0.0146246990498 -0.00708834619198 0.00286460458297 0.0462811464422 -0.0055132505407 0.0548410815149 0.0578679657139 0.0310220048276 0.0241264723825 0.0127609823464 0.0320612036199 -0.0062723568286 -0.0373774973353 0.0052109526817 0.0160119193762 0.00204587443322 -0.0017847213081 0.0236911168098 3.00515068855e-05 -0.0261147767158 0.0456276776527 -0.00140176132089 -0.00162904241619 0.0184857913606 0.0105347561364 0.0246136613723 -0.000293022376256 0.0211198616204 0.039129766153 -0.003683040319 0.0187822525857 -0.00623391505476 0.0410128165001 -0.00268592884812 0.0132889554532 0.0222592139433 0.0360550961868 0.00255875647573 0.00415853504181 0.00239520492713 
0.0190162962196 -0.0129609650895 0.025207340153 0.00227062532029 0.115832261447 0.023338691383 0.0208558429172 0.00822675329261 0.0120395043995 -0.000810017378205 0.0257822633312 0.00511916264442 0.0187026514753 0.00777547278172 0.0198167465077 -0.000346828815354 0.000907412765599 -0.0104385057839 0.0267962561554 0.00715276356832 0.0190529775821 0.011939309084 0.0138360090025 0.0235329523577 0.00975616513289 0.0140055164848 0.001159844612 0.0139693804276 0.0114591540965 0.00973933122524 0.0162640872207 0.0112225577722 0.00695749511191 0.01511562804 0.0129631260379 0.00859790526892 0.00770866527392 0.0119450250024 0.0205150668313 0.0103197125285 -0.00382179256137 0.00225238724355 -0.00090837517102 0.0126178863678 0.00728115192705 0.014105023425 0.00555478696846 -0.00908917849888 0.0097335546994 0.017920713594 0.0253107753498 0.0124552155002 -0.00527405721154 0.0197503491375 0.00495746861056 0.0116718484913 0.0214817577243 0.0105104291925 0.0116787822359 0.0227053645615 
-0.00272805474428 0.000312249775407 0.0233445460179 -0.00298912688674 0.023338691383 0.181661060478 0.0262721930291 0.0158918144003 0.00135782060084 -0.00302990237398 0.0245132564561 0.0106088739475 0.0193688808689 0.00500499534265 0.0134560765272 0.013550797123 0.0225844730111 0.0108691307979 0.0260963192221 0.0170128641172 0.0160596999677 0.00413496677519 0.00670563796709 -0.00192679686651 0.00149577988014 0.00131123866447 -0.0112733514027 0.023947341076 0.0327555980149 0.0148919996034 0.0101093132013 0.0330754200363 0.0194906193561 0.0133900905528 0.00754565042163 0.0199737158302 0.00312886319116 0.0155678289148 0.0129982162705 0.0161415702397 -0.0229143201746 -0.0127395436128 0.010220790735 0.0343316945087 -0.00608710591918 0.00918775843214 0.0167120858126 0.021417080478 0.00848060405846 0.00631119482583 0.0139302788891 0.0216860966218 0.0267188764676 0.0230877585586 0.0177435061077 0.0154685768481 0.0102142003283 0.00812273123346 0.0107537643671 0.0315477468797 
0.0380646751526 0.0200280461378 0.0211288363655 0.0231281202037 0.0208558429172 0.0262721930291 0.373977758365 0.0432111850481 0.0209118567146 0.0500641331517 0.0592635004289 0.0217433794725 0.0724266641249 0.0443222842358 0.0125278447863 0.0611792518059 0.108196697145 0.0381947245509 0.0607090759596 -0.00157062470985 0.00796009678871 0.0769662905569 0.0201685120833 0.0277471501853 0.057738464184 0.00727558628796 0.0220787313044 0.0223189247511 0.0273481779923 0.00843862512163 0.0312502905511 0.0201057054414 0.0144927181528 0.0120841566909 0.0239371768285 0.0307708266831 0.00816791465579 0.0226009686292 0.0325531771541 -0.0028687115708 0.0164226209575 0.034455916435 0.01900265155 0.00721917284421 0.0131780618456 0.011909147089 0.0284031288144 0.0183569411089 0.0157589044708 0.00781022748488 0.0220583304178 0.0400297744872 0.0320270731557 0.255963032969 0.0196883963152 0.0183063719079 0.00400957940306 0.0140441238148 0.0332319089841 0.0666280577827 
0.0481786491238 0.00770685560697 0.0210206772573 0.00196961524537 0.00822675329261 0.0158918144003 0.0432111850481 0.183246599082 0.0112259850677 0.0473829271817 0.0204509801909 0.0339927545445 0.0416630566793 0.0250257498258 0.0256170664368 0.0146554563789 0.0144164211334 0.00862706820676 0.00671254652576 0.029542835677 0.0108565466049 0.0100519837808 -0.000832066224554 0.02495467992 0.0342951321399 0.0279402949811 0.0198792798743 -0.0151218224075 0.0529003655926 0.0101003447223 0.00656049529088 0.0248554695783 0.000835731951129 0.0123947539812 0.0180526235196 0.00970831448354 0.00302214124251 0.00928929336528 0.0237048765389 0.0162082358983 0.00140599176304 -0.00161221155788 0.0181410902654 0.0256375057701 0.00873131696359 -0.00224151203683 0.0205373950467 0.0178671674495 0.018472162832 0.0123300564482 -0.00362686678933 0.0482271130763 0.0170841806378 0.0364746876552 0.00717502205615 0.0151718076328 0.0168390012542 0.0096976996479 0.00859819187132 0.0140981585516 
-0.00241126686802 -0.00359730575621 0.0231402584516 -0.000411789898789 0.0120395043995 0.00135782060084 0.0209118567146 0.0112259850677 0.179342745992 0.000305535869162 0.0119892260896 0.0104148083534 0.0171977501951 0.00868363346576 0.0106881192101 0.00206195539829 -0.00372240703978 0.0134999797279 0.0167632907672 0.0184439780243 0.0118532274252 0.00895599726183 0.00752450574856 0.0368937374335 0.0172219573259 -0.000709916062677 0.00707250881049 0.0142453282816 0.00691948760344 0.00648399948271 0.0240986291177 0.000348547083759 0.00880910757008 -0.00325308636551 0.00956542886854 0.0160006610484 0.00996458158992 0.00867696854116 0.0271457443564 -0.0057416754979 0.00159149473497 0.00237863963569 0.0144503906823 0.028114247655 0.012595557009 -0.00467920063046 0.0109803804945 0.00407248445125 0.0131135483065 0.00927396177 -0.0180214295284 -0.0141082602739 0.0115519569125 0.0151451844678 0.0113173006301 0.0249155070873 0.0280038982208 0.0222445743959 0.0115221889509 0.0344587345256 
0.0873266164059 0.0337426650694 -0.00486180938424 -0.00689714898322 -0.000810017378205 -0.00302990237398 0.0500641331517 0.0473829271817 0.000305535869162 0.40447327412 0.0211212454089 0.0108928906063 0.00680311042143 0.00925717359737 -0.00413444498691 0.0150456076892 0.0355184052973 0.00252230344789 -0.0279425661243 0.00861482907271 0.0156780797408 0.00380421087974 0.00330593375385 0.0370560813873 0.0330858789649 0.0433055667616 -0.0138000475986 0.0315589743635 0.030942474438 0.00425777813493 -0.00612621935035 -0.00172238766588 0.0114317752565 0.0104512567992 0.00857798649584 0.0178917810178 -0.0114417337705 0.0266317369097 0.0122809071485 -0.00482851942153 0.0112146759143 -0.0103074677597 0.00664491566152 -0.0188823610212 0.0164155566643 -0.00493291288311 -0.0330954979464 -0.0114964377884 -0.00294344866618 0.0317745911917 0.0414894729885 0.0246687231208 0.00600637590196 0.0510246178674 -0.0150786389409 0.02475853719 -0.00191867269143 -0.0123652851336 -0.000539175304957 0.00412590741302 
0.0232628887419 0.00411467777121 0.0360035327914 0.0121172556986 0.0257822633312 0.0245132564561 0.0592635004289 0.0204509801909 0.0119892260896 0.0211212454089 0.230797480482 0.0211177051687 0.0223510023173 0.0235215601512 0.000104195550443 0.0269559235189 0.00608387391181 0.018205100475 0.0247872604849 0.0216204190123 0.023043716067 0.0169657973629 0.0307094548773 -0.0173561614005 0.0180641596258 0.0234948999405 0.0291886613421 0.0336384366324 0.040049037203 0.0130897084838 0.0145610450729 0.0289573443969 0.0214467444597 0.029358399363 0.0291609226563 0.0107841911585 0.0322819606446 0.00721049223659 0.0329096299724 -0.0121577486441 -0.0138691550861 0.000799553535081 0.00643116923838 0.0178889635316 0.00546729383451 0.0167962774758 0.0525643870597 -0.00051210003215 -0.0050796895938 0.0001803698463 0.0161073677394 0.0564013966054 0.00746288936119 0.024607905914 0.012840427906 0.00907098733679 0.0248946607313 0.034088257402 0.0320483930713 0.0442533085041 
0.0422294109231 0.0118872001545 0.0185495873168 0.000625509837253 0.00511916264442 0.0106088739475 0.0217433794725 0.0339927545445 0.0104148083534 0.0108928906063 0.0211177051687 0.204754123371 0.0244508273373 0.0158481325661 0.0160950902159 0.0204923132959 0.0361215274009 0.031693698918 0.0286516245062 0.0269203190531 0.0196473125057 0.0272307333696 0.00599617105847 0.0186587008925 0.00660384910329 0.0144757806692 0.0120989238941 0.0138699192215 0.00885375391555 0.0119636884752 0.0317184911369 0.0118938750715 -0.0152722439162 0.011860512533 0.0271403001774 0.00823792301284 0.0199948062998 0.0243520832177 0.0185981312528 0.0092813566478 -0.000866147947181 0.0189839357831 0.00339140171972 0.0275726352855 0.0371819580686 0.0388612377457 0.0176538014158 0.000557646379684 0.0392866595194 0.0165258190569 -0.00830277080821 -0.0305467181957 0.0379074432219 0.0337014676569 0.00852351236603 0.0114008545034 0.00181050934795 0.0216755821478 0.0114808417445 0.0139171601697 
0.00217153442405 -0.00475156820384 0.0217698338573 0.0201225219799 0.0187026514753 0.0193688808689 0.0724266641249 0.0416630566793 0.0171977501951 0.00680311042143 0.0223510023173 0.0244508273373 0.316375207065 0.00654946863164 0.0095009801621 0.00261964531148 0.0346954127815 0.0106994491321 0.0812203487827 0.0199282331565 0.0203501454388 0.0341699681945 -0.00314482602921 0.0123349886404 0.00418765780596 0.0189342096005 0.000735950079716 0.0164081542946 0.0185467858302 0.0139137593615 0.019710154733 0.0263161172067 0.00556815277567 0.0158865100766 0.0139068054348 0.0183554818177 0.0180149134808 0.0135776665513 0.0252619990568 -0.00975454805339 -0.0419945960765 0.0406245708445 0.021736645166 0.0124187038882 0.0356498973236 0.0173392443214 0.00361336355926 0.0390492439402 0.0273758944748 0.000992190610116 0.00995587950387 0.0250847979117 0.0306971636924 0.069852553142 0.0131155336182 0.0284009542642 0.0453145339144 0.0226376680999 0.00279292358875 0.0481240063741 
0.0231986478049 0.00615898227654 0.0126782389509 0.00317236499044 0.00777547278172 0.00500499534265 0.0443222842358 0.0250257498258 0.00868363346576 0.00925717359737 0.0235215601512 0.0158481325661 0.00654946863164 0.20053374118 -0.00176366071952 0.00901711217274 0.0195056976722 0.0139332448071 0.0309714356117 0.00464011005469 0.000514906906347 0.0278153266245 0.00689135848689 0.00431438612243 0.00488481567704 0.00794239511844 -0.0109055001511 0.00416142724792 0.0180647870771 0.00129074008061 0.0187264769766 0.00346372210889 -0.00756962610205 0.0242389812614 0.0114514003568 -0.00177212307519 0.00313568525014 0.0274202073208 0.0240068492348 -0.0107578836917 0.0416267152078 -0.0133890830696 0.00901896364924 -0.0181997206251 -0.00535501281544 0.0134087812843 0.0188844344161 0.00604712685846 0.0270505601147 0.0251085238514 0.00823841432453 -0.000969894911388 -0.0113780184794 0.0364877728355 0.00204761743357 -0.0121040503944 0.0114718487151 0.00106468008669 0.0104090572547 0.0173617602935 
0.0233481272396 0.0094593836052 0.00938823227026 0.0266915091407 0.0198167465077 0.0134560765272 0.0125278447863 0.0256170664368 0.0106881192101 -0.00413444498691 0.000104195550443 0.0160950902159 0.0095009801621 -0.00176366071952 0.258973378632 -0.0152029963822 0.0256699430984 0.00963304817095 0.0267831802591 0.0311835440221 0.0228473124307 -0.000876295922312 -0.00088894349971 0.0205178710491 0.00788210218132 2.44496515303e-05 0.0285595298468 0.00123250397507 0.0134763084953 0.0114214863885 0.0116337387402 0.0115236933974 -0.00380547520374 0.018098814529 0.0177908686316 0.0361502374904 0.00735288001154 -0.00742638962514 -0.00192298106078 -0.00205779168239 -0.015190405152 0.00570473870306 0.012459409654 0.0245794075128 -0.00564537630237 0.00158312105196 0.0119901886963 0.00886632321173 0.00906381686572 0.0137274249759 -0.00190534771237 -0.0103768550238 0.0114185377752 0.0297463568861 0.0165902964267 -0.00860682002044 0.00489490692197 0.0114107471034 -0.00185961044571 0.0016404228885 
0.0267814067596 0.000253677835988 0.0125342005643 -0.00282147735349 -0.000346828815354 0.013550797123 0.0611792518059 0.0146554563789 0.00206195539829 0.0150456076892 0.0269559235189 0.0204923132959 0.00261964531148 0.00901711217274 -0.0152029963822 0.258359191434 0.00371643911345 0.020132506188 0.00682370072544 0.0114976014736 0.0207617267888 0.00706338970397 0.0103851968946 0.000888224114005 -0.00763952001334 0.0191864790333 0.0345743566275 -0.0235882925888 -2.53003099551e-05 -0.00616397936977 0.0175356678458 0.00464412494997 0.0129941449626 0.0256417967052 0.00568293537105 0.0253629555225 0.0119281657961 0.00305371319832 0.0208827641838 0.0174858774315 0.0175890354446 -0.00281395663587 0.0121315863424 0.0214946820276 0.0244641041967 0.0264089177493 0.0129978347096 -0.0181502891591 0.00704810877035 0.0122439268201 0.0168555427899 -0.000941625052315 0.0125457609863 0.0464527357409 0.0144001007336 0.00941572199637 0.0310130800486 0.0141864050636 0.0148439131543 0.00276928888881 
0.0329295663141 0.0151120153754 0.0239995177264 0.0302023412069 0.000907412765598 0.0225844730111 0.108196697145 0.0144164211334 -0.00372240703978 0.0355184052973 0.00608387391181 0.0361215274009 0.0346954127815 0.0195056976722 0.0256699430984 0.00371643911345 0.863781496436 0.041444644302 0.00385242801562 0.025345422632 0.00552914129318 0.0271396411947 0.00764836623352 0.00808121758086 0.0213996713201 -0.0282336467284 -0.0139524495504 0.0067101938164 0.0312725092752 0.0111905150875 0.0184913755905 0.0183017890693 0.00639513649965 0.0297243361195 0.0106839588466 0.0725388311158 0.0166998731771 0.0110941922667 -0.00421039615179 0.00698374827786 0.00882346254613 0.011236265974 0.0281585125676 0.0117776316637 0.0416371859735 0.00512687688243 -0.00680961115851 0.00981994808709 0.0135607035606 0.0201808925524 0.0117375580196 -0.00675858143912 0.0231268880461 0.192659782903 0.0202503084331 0.0447737473435 0.051086345562 0.00974905169186 0.0471905943296 -0.0176119839106 
0.0263285480284 -0.0316588967025 0.01112812694 0.00481661876792 -0.0104385057839 0.0108691307979 0.0381947245509 0.00862706820676 0.0134999797279 0.00252230344789 0.018205100475 0.031693698918 0.0106994491321 0.0139332448071 0.00963304817095 0.020132506188 0.041444644302 0.253761400995 0.0140987024409 0.0134031960184 0.00934023377233 0.0149387786205 -0.0120019817032 0.032197823818 0.0207084780216 0.0358201422684 0.0150476171544 0.0231576696631 0.0142969932502 -0.00243386619785 0.00434843252435 0.00593178068518 -0.0224340364926 -0.00476080285409 0.0219387614917 0.0204796664224 0.0232200254061 -0.00478900179683 0.0160685297412 -0.0435673201553 -0.0147167372698 -0.00511944479923 0.0171761598981 -0.000266775960152 0.0140459544468 0.0186146745008 0.0167203470563 0.0379394182191 0.00261997258993 0.0249351944807 0.0171303289182 0.0139679933598 0.017975379462 0.0444125347998 0.0182526215564 0.00264864993748 -0.00225804884157 0.0266479159973 0.0195431420213 0.00108113190893 
0.00252023593374 0.00135697090047 0.0168709521681 -0.011380868398 0.0267962561554 0.0260963192221 0.0607090759596 0.00671254652576 0.0167632907672 -0.0279425661243 0.0247872604849 0.0286516245062 0.0812203487827 0.0309714356117 0.0267831802591 0.00682370072544 0.00385242801562 0.0140987024409 0.261683719133 0.022289690231 0.0114535401938 0.0310751106887 0.0240934493009 0.0413801860387 0.0167564025942 -0.00668743165912 -0.00300693061482 0.00572506465211 -0.00269212746961 0.019459787957 0.00210412635261 0.00901054391398 -0.00371072717577 0.00195657078586 0.019453838801 0.00478102214315 0.0254210781881 0.018634085045 0.0222767478927 -0.0149830723076 -0.00393137665337 0.0449712278861 0.0324834321349 0.0163600232915 0.0335910560029 0.0226835496396 0.0591774843336 0.059008396209 0.0311790013254 0.00390022685708 0.0531202010399 -0.000851041659893 -0.00648617517934 0.0452527528424 0.00724235705165 0.0344709369217 0.0320238104321 0.0204469408747 0.00496238067983 0.0673852915016 
0.0119554038105 0.00822076861502 0.0119332827682 -0.00628922495904 0.00715276356832 0.0170128641172 -0.00157062470985 0.029542835677 0.0184439780243 0.00861482907271 0.0216204190123 0.0269203190531 0.0199282331565 0.00464011005469 0.0311835440221 0.0114976014736 0.025345422632 0.0134031960184 0.022289690231 0.135782493247 0.0182439886917 0.00284286603383 0.0106910959907 0.0233789626784 0.00697843471216 0.00449807484003 0.00618046234503 0.0106524860932 0.0341385731079 0.0113693544331 0.00769932183656 0.017216444068 0.00634884542062 0.00274279908868 0.0173757907274 0.0205646583145 0.00747740530846 0.0113936486802 0.0230113199725 -0.00834873786516 0.00628830207803 0.00907505752667 0.00876741258244 0.0335939561228 0.0296361634604 0.0168412489107 0.00698073533791 0.00747971097171 0.0126799291495 0.00171765369882 0.0189213192722 -0.00676222118047 0.0255783942325 0.0291415497119 0.0150000731553 0.00357933919775 -0.00182557890511 0.00916061669401 0.0117327451098 -0.00663173962275 
0.0170209004002 -0.0115269889113 0.0134987169268 0.0146246990498 0.0190529775821 0.0160596999677 0.00796009678871 0.0108565466049 0.0118532274252 0.0156780797408 0.023043716067 0.0196473125057 0.0203501454388 0.000514906906347 0.0228473124307 0.0207617267888 0.00552914129318 0.00934023377233 0.0114535401938 0.0182439886917 0.254187223907 0.0316975970767 0.00457424761022 0.0213576702852 0.027714917396 -0.0032035983287 -0.0209002285525 0.0332519467364 -0.00844287831664 0.0166185362421 -0.00230556523221 -0.00897920172437 -0.0313975102901 -0.000977278836481 0.0162168767583 0.00808433661402 0.0331273772953 0.00744672162734 0.00109051431988 -0.0138784690981 -0.00260370304299 0.00622432731858 0.0253318288643 0.0532054039681 0.0132675416631 0.00373803393303 0.0067280220405 0.0221922855209 0.0318168146453 0.0182646562429 -0.00747799946273 0.0188357776942 -0.00490149929302 0.0105968498859 0.0339090095406 0.0280514584997 0.0183171558549 0.0154698580635 0.0239714295915 0.0129738173115 
-0.00715488624844 0.00598707988368 0.0292506206523 -0.00708834619198 0.011939309084 0.00413496677519 0.0769662905569 0.0100519837808 0.00895599726183 0.00380421087974 0.0169657973629 0.0272307333696 0.0341699681945 0.0278153266245 -0.000876295922313 0.00706338970397 0.0271396411947 0.0149387786205 0.0310751106887 0.00284286603383 0.0316975970767 0.300635110345 0.0123153463938 -0.00293113311229 0.0234898609636 -0.0142538747869 0.00168047042354 0.0410527606319 0.00685584660598 0.0071148578544 -0.0216080019578 0.0032042026756 0.036162681926 0.0160210210338 0.0110746903863 0.00258146868628 0.0137717935032 0.0236539325424 0.0194155026987 -0.0110204695329 0.0269232023206 0.0245534442707 0.01395960652 0.0122039176899 0.0146343951257 -0.00814185405009 0.00124147855623 0.0623213295643 0.0181942777898 -0.00163725414494 0.0215001340943 0.0142320821578 0.001428245668 0.0602308898289 0.0156566577441 0.00476056615303 0.0450449559903 0.0174400880997 -0.00062047157478 -0.00775829714698 
0.0142989621974 -0.0185676383512 0.0131653298991 0.00286460458297 0.0138360090025 0.00670563796709 0.0201685120833 -0.000832066224555 0.00752450574856 0.00330593375385 0.0307094548773 0.00599617105847 -0.00314482602921 0.00689135848689 -0.000888943499709 0.0103851968946 0.00764836623352 -0.0120019817032 0.0240934493009 0.0106910959907 0.00457424761022 0.0123153463938 0.175877275905 0.00853844034845 0.00272121024543 -0.00265117987646 0.00935200807456 0.00332696529124 0.00636735361879 0.0120857175799 0.0186697966421 0.00450534123518 0.0368140699411 0.0149377518168 0.00158281560174 -0.00214339321699 -0.00583714425762 0.0116416711276 0.00209159776968 -0.0206097270015 0.0113445577946 0.049911584952 0.00329840879296 0.00238828200389 0.00934098489803 0.0183969981708 -0.00246353985661 0.0030822917296 -0.00205108041619 -0.00246136318056 0.0117584825569 0.0212663374955 -0.00915934319133 0.00351026306447 1.86873406161e-05 -0.00778054590932 0.000624149946368 0.0113037080027 0.0136227245369 0.013103666899 
0.032338435697 -0.0200582601947 -0.00902674925164 0.0462811464422 0.0235329523577 -0.00192679686651 0.0277471501853 0.02495467992 0.0368937374335 0.0370560813873 -0.0173561614005 0.0186587008925 0.0123349886404 0.00431438612243 0.0205178710491 0.000888224114005 0.00808121758086 0.032197823818 0.0413801860387 0.0233789626784 0.0213576702852 -0.00293113311229 0.00853844034845 0.370681817422 0.0224409472759 0.0327211328711 0.014787808556 0.0188621858232 0.0319270475591 0.0140094795616 0.00723991920106 -0.00673186978745 0.0190620685625 0.0551159222878 0.00144431342573 0.0173382790713 0.00797377015033 0.0159569509638 -0.000302663012865 -0.0115191149263 0.0426613765543 0.020574864293 0.0235988717539 0.0155462606262 0.0752751885705 0.0258112168481 -0.015421102675 0.0219540624799 0.0145881428921 -0.00208374849527 0.0660897509978 -0.00183960829072 0.0420743616168 0.0348911233389 0.00277695172969 0.0234974565808 0.0108296005389 0.0140158361742 0.013770396278 -0.0106304155425 
0.0144898187441 -0.00524256800339 -0.000360215041705 -0.0055132505407 0.00975616513289 0.00149577988014 0.057738464184 0.0342951321399 0.0172219573259 0.0330858789649 0.0180641596258 0.00660384910329 0.00418765780596 0.00488481567704 0.00788210218132 -0.00763952001334 0.0213996713201 0.0207084780216 0.0167564025942 0.00697843471216 0.027714917396 0.0234898609636 0.00272121024543 0.0224409472759 0.276107495634 0.00856792844453 0.0307476709672 0.0121154307884 0.0487836431676 0.0212669320398 -0.00431150021403 0.00733135965019 0.0217072060956 0.00290209753757 0.0204395588927 0.0309208968676 -0.00306947661478 0.00410320256096 0.00665735886862 -0.0201246424973 -0.00170653693911 0.0268938521928 -0.00503849272342 0.0316776285988 0.0202583937597 0.0127197608684 0.048226854326 -0.00810363651038 0.00681947213987 0.0210455539428 0.0330633530372 -0.00600811146584 0.00596870917559 0.03608161281 0.0050509736912 -0.0101872481295 -0.00267847006789 0.00316477934911 0.01792318751 0.0571320034364 
0.168071841972 0.0916962429614 0.0109581006794 0.0548410815149 0.0140055164848 0.00131123866447 0.00727558628796 0.0279402949811 -0.000709916062677 0.0433055667616 0.0234948999405 0.0144757806692 0.0189342096005 0.00794239511844 2.44496515301e-05 0.0191864790333 -0.0282336467284 0.0358201422684 -0.00668743165912 0.00449807484003 -0.0032035983287 -0.0142538747869 -0.00265117987646 0.0327211328711 0.00856792844453 0.506717469648 0.0798969379954 0.124265229534 0.0155474899323 0.039704141559 0.0135823723982 0.0184189275813 -0.00111147526683 0.021853043944 -0.00784319476488 0.0785479577033 0.0224312714732 0.0344153567843 0.0156577307021 -0.0228638999042 0.0258827994052 -0.0123341815214 0.0124990892178 0.0111109769438 -0.0140448984029 0.0265277733631 0.0258156687988 -0.0167399601383 0.0474499310485 0.0323109871491 0.034899214597 0.0110143584779 0.00151737644904 0.0238141504244 0.00894613046273 0.0180944963028 0.00900212207977 0.0073596086106 0.0605621685721 0.0446764812624 
0.00530440159381 0.0182267511753 -0.00419611520364 0.0578679657139 0.001159844612 -0.0112733514027 0.0220787313044 0.0198792798743 0.00707250881049 -0.0138000475986 0.0291886613421 0.0120989238941 0.000735950079716 -0.0109055001511 0.0285595298468 0.0345743566275 -0.0139524495504 0.0150476171544 -0.00300693061483 0.00618046234503 -0.0209002285525 0.00168047042354 0.00935200807455 0.014787808556 0.0307476709672 0.0798969379954 0.803705079711 0.0724571904222 -0.0130945094076 0.0165327775826 0.0744810376455 0.0243768077122 0.00123817310135 0.0122866813919 0.0198840705486 0.0145814192495 -0.00512249814717 0.00530193855079 -0.0154099872263 -0.00394941070188 -0.0124366113928 0.0128516688727 0.0079908548574 0.0496123534359 0.0173774998403 -0.0189319364631 0.0810656822867 -0.0337090018793 -0.00107303146381 0.110905731295 0.0376685324654 0.0348633217983 0.0639429460883 0.0686645125748 0.0015532719489 -0.000408178330826 0.0240365764613 0.00354916343089 0.0460267735032 -0.00715809681734 
0.120124009271 0.0747953092386 0.00434917997067 0.0310220048276 0.0139693804276 0.023947341076 0.0223189247511 -0.0151218224075 0.0142453282816 0.0315589743635 0.0336384366324 0.0138699192215 0.0164081542946 0.00416142724792 0.00123250397507 -0.0235882925888 0.0067101938164 0.0231576696631 0.00572506465211 0.0106524860932 0.0332519467364 0.0410527606319 0.00332696529124 0.0188621858232 0.0121154307884 0.124265229534 0.0724571904222 0.573178567097 0.00197428078464 0.0237747012777 0.0101384827991 -0.000879391188072 -0.00520734765666 0.0219287311673 -0.010628137804 0.017260831609 0.010345642233 0.0218144392523 0.0251457941507 0.00275318197369 0.0448027318606 0.0366091571365 0.0116992570667 0.019066956361 -0.00729889627444 0.045093130169 0.0980163532853 -0.00421533948444 0.0563534980113 -0.003348393121 0.0498684887433 0.00308874474894 0.0536879741785 0.0126846145349 0.00512207679182 0.0343493139824 0.0064767321931 0.00917936694406 0.0139063964538 0.00442815108445 
0.0453953722516 -0.0138445321731 0.00649972519151 0.0241264723825 0.0114591540965 0.0327555980149 0.0273481779923 0.0529003655926 0.00691948760344 0.030942474438 0.040049037203 0.00885375391555 0.0185467858302 0.0180647870771 0.0134763084953 -2.53003099551e-05 0.0312725092752 0.0142969932502 -0.00269212746961 0.0341385731079 -0.00844287831664 0.00685584660598 0.00636735361879 0.0319270475591 0.0487836431676 0.0155474899323 -0.0130945094076 0.00197428078464 0.201298912829 0.00522980855802 0.0130429062492 0.00444330744718 0.0147178583511 0.0114367979843 0.00553117106159 0.0344260919994 0.00913246187055 -0.0104335053717 0.00813325878219 -0.00946906420016 0.00503012616715 0.00413395581873 0.0192479970229 0.0222205099496 0.00965341723182 -0.0093962946647 0.0143568711823 -0.00968800388416 0.0170691340918 0.0199971185973 0.0115883917277 0.00690023030121 0.000545486404075 0.0217347448493 0.0170362388458 0.0096298547102 -0.0180721364191 0.00782878155818 0.00733074036299 0.00613203848194 
0.00663986604434 0.0296048809642 0.0077327589017 0.0127609823464 0.00973933122524 0.0148919996034 0.00843862512163 0.0101003447223 0.00648399948271 0.00425777813493 0.0130897084838 0.0119636884752 0.0139137593615 0.00129074008061 0.0114214863885 -0.00616397936977 0.0111905150875 -0.00243386619785 0.019459787957 0.0113693544331 0.0166185362421 0.0071148578544 0.0120857175799 0.0140094795616 0.0212669320398 0.039704141559 0.0165327775826 0.0237747012777 0.00522980855802 0.160658410061 -0.00785878339899 0.0157590399391 0.00158149785244 0.0212144060346 0.0109818122481 -0.00355720946347 0.0215065415065 0.0192711646341 0.0101377834457 0.00595321146384 0.0293000763891 0.0218415773135 0.00140086858691 0.00546419040452 0.0287242178761 0.0124276693635 -0.0112714212947 -0.00529168030297 0.0188436339245 -0.00939265275689 0.010522279321 -0.0156240279568 0.0163830579706 0.0149950753855 0.0145179983568 0.00746830063518 0.00115595821757 0.00612973253143 0.0303816179134 0.00566992322498 
0.00379498509685 -0.00349611754755 0.0205742196499 0.0320612036199 0.0162640872207 0.0101093132013 0.0312502905511 0.00656049529088 0.0240986291177 -0.00612621935035 0.0145610450729 0.0317184911369 0.019710154733 0.0187264769766 0.0116337387402 0.0175356678458 0.0184913755905 0.00434843252435 0.00210412635261 0.00769932183656 -0.00230556523221 -0.0216080019578 0.0186697966421 0.00723991920106 -0.00431150021403 0.0135823723982 0.0744810376455 0.0101384827991 0.0130429062492 -0.00785878339899 0.36002068821 0.0103558172742 0.0130028453489 0.0244370599079 0.0242836607008 0.0254173466598 0.0117478697162 0.00176748251921 0.0163816119077 0.0078740890418 -0.0214985346715 0.00269529270773 0.00093151396517 0.0285530260195 0.00878804557701 0.0249478105245 0.0111323766798 -0.00257396839148 0.0106067074164 0.00527929918983 -0.00064882219887 0.0241592179824 0.0265051184389 0.0295124019751 0.015475871104 -0.0125215396489 0.0121787233521 0.0432302842921 0.00675372116866 -0.0102914156049 
0.0197406543163 0.0233283642701 0.00408538836964 -0.00627235682861 0.0112225577722 0.0330754200363 0.0201057054414 0.0248554695783 0.000348547083759 -0.00172238766588 0.0289573443969 0.0118938750715 0.0263161172067 0.00346372210889 0.0115236933974 0.00464412494997 0.0183017890693 0.00593178068518 0.00901054391398 0.017216444068 -0.00897920172437 0.0032042026756 0.00450534123518 -0.00673186978745 0.00733135965019 0.0184189275813 0.0243768077122 -0.000879391188072 0.00444330744718 0.0157590399391 0.0103558172743 0.181852667342 0.00544494044485 0.00550736806906 0.0075070252142 0.019279206341 4.61857835606e-05 0.00389213149159 0.015534937629 -0.00725513240362 0.0153402937338 0.00355636019298 0.0134783722943 -0.0101701393959 -0.0260774457796 0.0223687410654 0.000340821752867 -0.0060939732731 -0.000211805065489 0.00701710029274 -0.0205387902944 -0.0357473236686 0.00526330656791 0.0332839366416 0.00530811427519 0.0111725543729 0.0026791765442 0.0103709335708 0.0125388050041 0.0248066183474 
0.00728927495644 -0.0318202177823 0.0286757555035 -0.0373774973353 0.00695749511191 0.0194906193561 0.0144927181528 0.000835731951129 0.00880910757008 0.0114317752565 0.0214467444597 -0.0152722439162 0.00556815277567 -0.00756962610205 -0.00380547520374 0.0129941449626 0.00639513649965 -0.0224340364926 -0.00371072717577 0.00634884542062 -0.0313975102901 0.036162681926 0.0368140699411 0.0190620685625 0.0217072060956 -0.00111147526683 0.00123817310135 -0.00520734765666 0.0147178583511 0.00158149785244 0.0130028453489 0.00544494044485 0.70249096198 0.000962205122081 -0.00406545238575 0.0582543104485 -0.00238867074747 0.0101369872367 0.0477076293294 0.0629360920856 0.00475314525333 0.0220654100728 0.00918724821738 0.00320712272069 -0.00234287732935 -0.00742416317496 0.0671648437443 -0.014789921 -0.0175598675965 0.00570995166286 -0.0185234112155 0.00353158400016 0.0110484628243 0.00708238826622 0.00155536749003 0.00423056634949 -0.0176810015363 -0.00523263182435 -0.0115122087329 0.0304822163774 
0.0150319871854 0.0141315174136 -0.0178008997058 0.0052109526817 0.01511562804 0.0133900905528 0.0120841566909 0.0123947539812 -0.00325308636551 0.0104512567992 0.029358399363 0.011860512533 0.0158865100766 0.0242389812614 0.018098814529 0.0256417967052 0.0297243361195 -0.00476080285409 0.00195657078585 0.00274279908868 -0.000977278836481 0.0160210210338 0.0149377518168 0.0551159222878 0.00290209753757 0.021853043944 0.0122866813919 0.0219287311673 0.0114367979843 0.0212144060346 0.0244370599079 0.00550736806906 0.000962205122081 0.326078638359 -0.00874324387135 0.0580255244544 0.0101362838803 0.0195150305697 0.0238832882879 -0.00874669071395 0.0120751608819 -0.00483603212459 0.0116542016272 0.0247997280421 0.040458729781 0.0260518063648 0.00118817512452 -0.000615628884829 0.0278488147763 -0.0128761625993 0.045523957688 0.0664834194805 0.00957517421885 0.0123618461094 0.00645442213558 0.00404295477552 0.0209597510866 0.00923659930156 0.0090535913523 0.0178142689664 
0.0147923544024 0.00366194524051 0.014988705379 0.0160119193762 0.0129631260379 0.00754565042163 0.0239371768285 0.0180526235196 0.00956542886854 0.00857798649584 0.0291609226563 0.0271403001774 0.0139068054348 0.0114514003568 0.0177908686316 0.00568293537105 0.0106839588466 0.0219387614917 0.019453838801 0.0173757907274 0.0162168767583 0.0110746903863 0.00158281560174 0.00144431342573 0.0204395588927 -0.00784319476488 0.0198840705486 -0.010628137804 0.00553117106158 0.0109818122481 0.0242836607008 0.0075070252142 -0.00406545238575 -0.00874324387135 0.161337419705 0.0264213197799 0.0180109412748 0.0171457830212 0.0285439316166 0.00401961241641 0.00286100140346 0.00223952312795 0.00284782377972 0.00655718435707 -0.00611759125626 0.0169378813899 -0.0186249526969 -0.00538199895696 0.018292708525 0.00463127722109 0.00217915311262 -0.014075987754 0.00754819060273 0.00988355428207 0.0116144677118 0.0146832205142 0.00120928492649 0.00640482217032 -0.00230881829706 0.00731816188168 
0.0431186595255 -0.0043344522483 0.0161490692243 0.00204587443322 0.00859790526892 0.0199737158302 0.0307708266831 0.00970831448354 0.0160006610484 0.0178917810178 0.0107841911585 0.00823792301284 0.0183554818177 -0.00177212307519 0.0361502374904 0.0253629555225 0.0725388311158 0.0204796664224 0.00478102214315 0.0205646583145 0.00808433661402 0.00258146868628 -0.00214339321699 0.0173382790713 0.0309208968676 0.0785479577033 0.0145814192495 0.017260831609 0.0344260919994 -0.00355720946347 0.0254173466598 0.019279206341 0.0582543104485 0.0580255244544 0.0264213197799 0.411819951478 0.0239860389624 -0.00405961534555 0.0162401270977 -0.0130989118264 -0.0131675796071 0.0199516826723 0.0234688869916 0.100774868704 0.0510416904306 0.0428267783962 0.00746149695451 0.0409317991368 -0.00304152295318 0.034767520976 0.0293166355071 0.00954337437383 0.0890275327717 0.0652515648406 0.0142920693998 0.00119018939437 -0.00630615681041 0.00766502822499 -0.0114381901608 0.0865918541866 
0.00769055380663 0.0104060245236 0.0162735998087 -0.0017847213081 0.00770866527392 0.00312886319116 0.00816791465579 0.00302214124251 0.00996458158993 -0.0114417337705 0.0322819606446 0.0199948062998 0.0180149134808 0.00313568525014 0.00735288001154 0.0119281657961 0.0166998731771 0.0232200254061 0.0254210781881 0.00747740530847 0.0331273772953 0.0137717935032 -0.00583714425762 0.00797377015033 -0.00306947661478 0.0224312714732 -0.00512249814717 0.010345642233 0.00913246187055 0.0215065415065 0.0117478697162 4.61857835609e-05 -0.00238867074747 0.0101362838803 0.0180109412748 0.0239860389624 0.152222730068 -0.00340776945202 0.0156244068764 0.00789273200636 -0.00427415449739 0.000603964027113 0.00326770175128 0.0241392552794 -0.00544493461681 -0.00685733819753 -0.0224895642074 0.000190939755226 0.0155659256061 -0.00576975701532 -0.0114230520017 0.011665364425 0.0117374534907 0.0273606077811 0.00316255092451 0.012267145307 0.0233369507462 0.0224118101204 0.0268538755463 0.0159723759112 
0.0327527629546 0.0974287408648 0.0158206139117 0.0236911168098 0.0119450250024 0.0155678289148 0.0226009686292 0.00928929336528 0.00867696854116 0.0266317369097 0.00721049223659 0.0243520832177 0.0135776665513 0.0274202073208 -0.00742638962514 0.00305371319832 0.0110941922667 -0.00478900179683 0.018634085045 0.0113936486802 0.00744672162734 0.0236539325424 0.0116416711276 0.0159569509638 0.00410320256096 0.0344153567843 0.00530193855079 0.0218144392523 -0.0104335053717 0.0192711646341 0.00176748251921 0.00389213149159 0.0101369872367 0.0195150305697 0.0171457830212 -0.00405961534555 -0.00340776945202 0.154129617607 0.00798443574332 -0.000155695813092 0.00233806007865 0.0110055852209 0.0112662737452 0.00808112072931 0.014198526912 -0.00417428703241 -0.00221258791157 0.015608701077 0.0521825912484 0.00526956891282 0.0136222055202 0.0252284941459 0.00727272297327 0.0343712298657 -0.0109700782671 0.0223462475581 0.00496168545459 -0.0044161347248 0.0175483157685 0.039633821374 
0.03230557296 0.00609657480876 0.0129983947775 3.00515068856e-05 0.0205150668313 0.0129982162705 0.0325531771541 0.0237048765389 0.0271457443564 0.0122809071485 0.0329096299724 0.0185981312528 0.0252619990568 0.0240068492348 -0.00192298106078 0.0208827641838 -0.00421039615179 0.0160685297412 0.0222767478927 0.0230113199725 0.00109051431988 0.0194155026987 0.00209159776968 -0.000302663012865 0.00665735886862 0.0156577307021 -0.0154099872263 0.0251457941507 0.00813325878219 0.0101377834457 0.0163816119077 0.015534937629 0.0477076293294 0.0238832882879 0.0285439316166 0.0162401270977 0.0156244068764 0.00798443574332 0.224544848052 -0.00722407014936 -0.0099105990562 0.0269939247355 0.00322954894854 0.022630417314 0.00170495032028 0.0204823922068 0.00912187664155 0.00472870829884 0.0100708845334 0.0372981237639 0.0104012017638 0.0210116388902 0.0284555904054 0.0327024694674 0.0193310012223 0.0147128839939 0.0204257514257 0.0324894517177 0.00715549559321 0.0941535429841 
