100
0.0771685990004 -0.00168409401267 0.0384658872101 0.0962618702605 0.088181568025 0.0704328117516 0.0136100125143 0.0088766616328 0.00413185853021 0.168192385625 0.100220943784 0.0616353203302 0.0541634245192 0.142595623168 0.0309991269713 0.0217130314185 -0.0142899737039 0.0737969483193 0.12260521459 0.0795042219188 0.0939670182087 0.191301962015 0.161692830297 0.259768981863 0.036872425502 0.0402434153999 0.0411806556966 -0.0148687542544 0.0433119494187 0.176756138136 0.0437038130991 -0.00139328324831 0.0301217617298 0.0946597506959 0.0755027876102 0.110955558587 0.144106781955 0.13588321519 0.176385145314 0.072987431854 0.0181340887913 0.0649337142294 0.0833786368315 0.0665048210348 0.0347685991573 0.104550469133 0.00851722536111 0.0887704215167 0.0658076634161 0.0315903614714 0.0205855922537 0.0360508970818 0.125840316239 0.0705908558691 0.0506400072768 0.0135435889675 0.0729384759615 0.0625636206577 0.0363676427781 0.0463620133958 0.0142076594304 0.0248803539628 0.0900156737744 0.075466134778 0.0807794462486 0.00610402508206 0.0607700526619 0.0146033592013 0.149701567326 0.0493934577213 0.39235550597 0.0998681056981 0.0657027666716 0.124759587163 0.0825599502725 0.20394989535 0.126255379542 0.0723841835345 -0.00305157485537 0.110578936942 0.00388664565626 0.110374427341 0.0129348444485 -0.0290439391383 0.0521298167044 0.0407864154506 0.0277880817415 0.18030920859 0.0511719962834 0.0445346556631 0.0797862135264 0.112605751981 0.087070388143 0.0773544805674 0.109746753301 0.112278324126 0.0621428512979 0.0316717201181 0.136929250297 0.0475630895173 
0.16328858749 0.0197049424998 0.0202926604743 0.0167641993675 0.0148752981719 0.0095189098457 0.0114457426017 0.00243814429688 0.0309965376017 0.0118898623158 0.0318125394568 0.00172716246543 0.0220895928226 0.0250970644613 0.00985139926681 -0.00237875884897 0.0151659249728 0.00521042512919 0.024560431306 0.0158666805778 0.0593923453723 0.0363492851295 0.0386504264927 0.0281566298624 0.0145620418724 -0.0050712472789 0.0164607504837 0.0202780335792 0.0155697525283 0.0167152703553 0.0295551740135 -0.00563102980457 0.014861012903 0.00472397679277 0.0268723623055 0.030018152674 0.0111244054322 0.0160841780775 0.0173178072143 -0.0035289802304 0.0343009350524 0.0186043477421 0.0129022005503 0.0161453515522 0.00938934240487 0.022319017224 0.0207231811128 0.0253928301428 0.00374110108738 0.0508526086221 0.0148363872802 0.017726530568 0.0486944576114 0.0182240225239 0.0427996724815 0.0127184550312 0.00740236503315 0.0138491885937 0.0121862232002 0.0156789633753 -0.00446819248439 0.0116360354808 0.00950344346864 0.0105995806315 -0.00270542533224 0.00944284378857 0.00884895479568 0.00010633852817 0.0151341663838 0.0194104852015 -0.00138841232261 0.0342784852964 0.031082788064 0.00163809670567 0.0153863278391 0.0313474293291 0.0123313650514 0.0182357035153 0.0297178995951 0.0187298071421 0.0331105752729 0.0288830453327 0.00574808491871 0.00112920231568 0.0259544931329 0.00527263548156 0.022326039906 -0.00626451835619 -0.0031899875317 0.0139496249604 0.0181355256224 0.0281343664438 0.0189707418869 0.0313570427102 0.00271109354872 0.0117912582368 0.0282861147178 0.0320927522476 0.040425755428 0.0106291397451 
0.0197049424998 0.0721863671015 -0.00318459900837 -0.0063578080754 0.00457326820258 0.00117365708667 0.0180505101512 0.0133047875029 -0.00209118828178 0.0115285698372 0.0257891110081 0.0164113381132 0.0100706639929 0.00332049552852 0.00816668198495 0.000677338122051 -0.000572876328083 -0.0104241995649 0.000612720812318 0.00492212405267 0.0223748048018 0.00286687017838 0.00551738898736 0.0220394112615 0.0101114883217 0.009825925281 0.00172728733518 0.00543438260336 0.0167050690912 -0.00155422137934 0.00852842125662 0.00232711001617 0.00347246317576 -0.0073870399478 0.0145324266634 0.0136416128961 0.00815238072011 0.0106302898758 0.0115912171608 0.0164267262109 0.00888711529588 0.00148651996511 -0.0155495829006 0.0165058504846 -0.00467393601951 0.00595416497896 0.0135218255914 0.00428018686161 0.00782551030367 0.015382450382 0.00110762577576 0.0072446261997 0.00984717129953 0.0310992293291 0.000669111678494 0.00864519568853 0.00951474866713 0.0221851897124 0.00655033954768 -0.00615151030512 0.0179084738829 0.0126073940034 -0.00206026997977 -0.00116835156098 0.0292992782409 0.0128216277437 0.0173747826199 0.000277764187979 0.0178915984816 0.0134233109918 0.0182072638227 0.00838800122377 0.0239705250775 0.00823328965036 0.00294652111597 0.00266781471763 0.0141172300919 0.00298083744601 0.00121601953914 0.00590573944711 0.00520718335083 -0.00927964011319 0.0174404355607 -0.0124012361188 0.00696573349579 0.0164831853207 0.00968054933203 0.000643120766971 0.00133363319634 0.0245979147715 0.00824686260582 0.0162491832093 -0.00165770539524 0.00920581142876 0.00614399850005 0.00254445568966 0.0115787889193 0.010176518771 0.0185792475675 0.0104918054255 
0.0202926604743 -0.00318459900837 0.193465774501 -0.00191337790773 0.00870276477394 0.00795600199085 0.0250392853224 -0.00268106464173 0.00936995721926 0.0254147904727 0.0176403994779 0.0197502166548 0.0206024496855 0.0214488133964 0.00722183669202 -0.00423897616921 0.0125764075087 0.00680654996733 0.0212061271153 0.00887240327634 0.0297030296884 -0.00186377006712 0.0017089842288 0.0152595566691 0.0215314787199 -0.00432446370968 0.0090323813435 0.0106786483029 0.035269980048 -0.0131165756469 0.00684990069009 0.019192033954 0.00449056806223 0.02991393834 0.0104270981945 0.0468400965188 0.0156094484631 -0.00952107444495 0.0124438501516 0.04044173489 0.0206736459428 0.0174548200276 0.0156530237661 0.0310809503954 0.00747316526322 0.0205024809747 0.0226296697686 0.014177011215 0.00785323641313 0.0242263749209 0.0133105451174 0.0267712243344 0.0199529432862 0.0199781376239 0.0274711444562 0.0163737502256 0.00934332491444 0.0176978953711 0.0220103972561 0.0164038495553 0.00121091478193 0.00794648325695 0.0207692873906 0.0219931229989 0.00809902226284 0.0353758266749 0.011624541146 0.00705018259295 -0.00177088279021 0.00915915684214 0.0151973414889 0.0212885990937 0.0111103889586 -0.00171558352642 0.0140228012912 0.0135305251253 0.00836723522874 -0.0114306748614 0.00206886053605 0.007054098538 0.00419027687614 0.00119669378313 0.0280082022464 0.0186976060852 0.0566908536726 0.0315790397327 0.030060552227 0.0462588808885 0.0154600191949 0.0314087712009 0.042911781341 0.00213817700633 0.020878103622 0.00899779661021 -0.0125878256422 0.0119101133293 0.00566886984101 0.00834869943983 0.0166216675932 0.000947193373666 
0.0167641993675 -0.0063578080754 -0.00191337790773 0.330589621291 -0.00788642553882 -0.00280514660241 -0.00205202810676 0.0213078647174 0.0426513158176 0.00881001407028 -0.0121927980247 0.00223981407572 0.022657135577 0.0228119355835 -0.0375059231959 -0.00396689814778 0.0321176560412 0.0243726343543 0.0272928192022 0.0261992326059 0.0182605508264 0.0656512395678 0.019424803725 0.0224857590731 0.00898609617196 0.00319000896685 0.0171351401775 0.0215859603014 -0.0059803909488 -0.00074182279681 0.00578374203001 0.0238947294287 0.00506578196504 0.0281748101931 -0.0139465835882 0.0199122495912 0.0107360339889 -0.0043991913056 0.00624682831896 0.0302798577299 0.00630127178869 0.0279583988674 0.0202482849004 0.0351396827329 0.0188944148878 0.000402210752981 0.0202853576429 0.0287726174641 0.00448628772834 0.0108667893186 0.0236361089875 0.0176910083802 -0.00734551094297 0.00843133839069 -0.017225051813 -0.00547073297853 0.0211946823048 0.00105648460011 -0.000143849100116 0.0308751847987 -0.00642144563913 0.00148472763178 -0.00324305954859 -0.00426949728709 0.0534571264863 -0.0163505893471 -0.00880457262478 0.0102692109765 0.0699944095843 0.00728592348817 -0.0161332515079 0.0317388002301 0.00846342782261 0.0485815134059 0.00365397092697 0.0230860948941 0.0184894494023 0.0399183003378 0.0124294656265 -0.00187576571188 0.0449681155365 0.0452404193416 0.00902903658441 0.0158708758233 -0.0203163956696 0.0207971910249 0.0113162078955 0.0415672536011 -0.00384212635926 0.00200586162409 0.0136079159748 0.042723980686 0.0852787855356 0.0454124426792 0.0932874237579 0.0227457994259 0.0213667684597 0.0176890441864 0.0086840348012 -0.00285743495302 
0.0148752981719 0.00457326820258 0.00870276477394 -0.00788642553882 0.281145343349 0.0306083384826 0.0134130188266 0.0487022019426 -0.00120927933924 0.0274866074006 0.00464654953621 0.0109498616226 -0.00971508697054 0.077547924348 0.017846665704 0.035353253597 0.0137704057736 0.0166218445095 -0.00195544279015 -0.0151100178769 -0.0142550817834 0.0702858181666 -0.000920940047374 0.00797673654954 0.00734793998816 0.0135869067718 0.00553684309199 -0.00638768752868 0.00264792542027 0.00149626470765 0.0124410324466 0.00205483931786 -0.0106978203978 0.0476186949706 -0.0034401742932 0.0190572070774 0.0112449861661 0.0311070130878 0.04085100508 0.0136651133586 -0.00359472427152 0.0200955720018 0.0169298013425 0.009804454668 0.0174916859883 0.122773391842 -0.000275994168514 -0.0178205341828 -0.00629478658224 0.00101485626576 0.00739572952302 0.0193890162374 0.00879100674445 0.0225064078936 0.0573479328723 0.012086239492 0.0309631344131 0.0167127381599 0.0139951957432 0.00546501954363 0.013838486396 0.00933906891928 0.00898092932895 0.025712742024 0.00881371440793 -0.0139919435703 0.0705406519123 0.0216895482591 0.0302274249877 0.00990118008202 0.0666134810304 0.048844170323 -0.017818453 -0.00249462442081 -0.0173756152974 0.0162333240389 0.0882738587891 0.00867880287679 0.0466896182538 0.0222476426061 -0.0122767057338 0.0293251841874 0.00305810057152 0.0129511690261 0.0065084842371 0.0168236014317 0.0018969264475 -0.0202863357387 0.00508249612294 0.0301834052276 -0.000563745332437 0.0332240151348 -0.0035950177795 0.0331144082227 0.0237491097942 0.0201631725596 0.0121078615232 0.00220881661885 0.0618048963038 0.00158928884122 
0.0095189098457 0.00117365708667 0.00795600199085 -0.00280514660241 0.0306083384826 0.256496692003 -0.000479719040899 -0.00770316403681 -0.00181593869852 0.0113829231188 0.00854715798859 0.0148074355267 -0.00313845089074 0.0306664848858 -0.0115835613531 0.0220815354236 0.00226612090052 0.0135148978893 0.0101157446355 -0.00651641882408 -0.00516413310183 0.0068522352129 0.0152632121437 0.019108316088 -0.00289094787364 -0.000886807711386 0.00128533329857 0.00612571884599 0.00272528024586 0.00803363377189 0.0120105747418 0.0140114870653 -0.0195016981708 0.0198087374733 -0.0152189529458 -0.0049304575161 0.0401880298968 0.00344265164515 0.0131370761581 0.0150038828085 -0.013143319821 0.0143023820095 0.0215251187294 -0.00368052697345 -0.00484616601491 0.00220328566855 -0.00483652373996 0.0472755613858 0.00481715867956 0.00264115728544 -0.015754582272 -0.000775376070585 0.01485198521 0.00765387941137 0.0134489140661 -0.011733378146 -0.000599864307948 -0.0124950296787 0.0124301755256 0.0297109654442 0.0142373194644 0.00360648355914 0.0143343528673 0.0435743012078 0.00396903992899 0.0130692904484 0.0106262602999 -0.0126209565974 0.00932967319437 0.0259426546147 0.0638147946786 0.0230793576606 0.0182962178799 0.00280921220569 0.00758158882704 0.00330608490774 0.050150052915 0.0132687880757 0.0006613888663 0.0376081824564 -0.0110123315484 -0.0195134046645 -0.00142119683742 0.0291366310429 0.0010541325537 0.0199881766233 0.0143666850912 0.0135704617107 0.0162716875791 0.002927563374 0.0269300866574 0.00930523283277 0.023246373374 0.000635030892135 0.00744514891061 0.0156259137074 0.0104643500884 -0.00490818643876 0.0227175792195 0.000829604241001 
0.0114457426017 0.0180505101512 0.0250392853224 -0.00205202810676 0.0134130188266 -0.000479719040899 0.112703809123 0.00783618366699 0.00727090607073 -0.0119519278972 0.00123677664706 0.000698745540187 0.0190388753415 -0.0153186369123 0.00363063476952 -0.0014539837075 0.0106334060951 0.0101217070708 -0.000693227138759 0.0261491835632 0.0120213020976 -0.00940278649915 0.0647421528505 0.0190136253953 0.000536505036073 0.0106270991968 0.0102602130332 0.00422138162037 0.0133575769662 -0.0100043908871 -0.00474993890787 0.0101272145843 0.000628533400119 0.0144923831555 -0.00663274613763 0.0265086067764 0.00922642715904 -0.00887691725266 0.0152612316384 -0.00043415694338 -0.00229718675171 -0.00755589526717 -0.00454384910008 -0.00493994686843 -0.00357169920315 0.00555419377304 0.0100055579303 -0.00951296933874 0.00786217880049 0.00820873623546 0.00585914949739 0.00256148129456 0.0178670314698 0.0126326790209 -0.0164318066049 0.010640284265 -0.00128884381413 0.00417272589425 -0.000441276209254 -0.00394577699976 0.00940308620561 0.00708385182682 0.00202385561113 0.0125342687078 0.0154733863259 0.00935801134877 0.0188979579076 0.0111127681528 -0.00432842511079 -0.00354470255634 0.0250186378057 0.00154084671509 -0.0110187108988 0.00274216808162 -0.000679303879554 -0.00978896639953 0.00532239765829 0.0035553555869 0.0118269682226 0.0254465745886 0.0223174071063 -0.0130623681758 0.0148227124555 0.0273951881108 -0.0094794003431 0.0136945041663 0.0151740331217 0.0116932027801 0.00650075114144 0.00203453234834 0.0122625595468 -0.00943862246426 0.00611467337506 0.0220650023336 0.0163244170835 0.0191720940368 -0.00445820494355 0.00145727943209 0.00212357350293 0.0131690494297 
0.00243814429687 0.0133047875029 -0.00268106464173 0.0213078647174 0.0487022019426 -0.00770316403681 0.00783618366699 0.2299461751 0.0293822236633 0.0255848181677 0.0183187185005 -0.00431742464224 0.00928476259702 0.0184717942255 -0.00192236597488 -0.00789444691534 0.0223831802081 0.0271422464733 0.0192730453553 0.00825217483968 0.0229048563804 0.0291018344888 0.0404813076035 0.0429329028299 0.00144335784265 0.00640971620805 -0.0135569866699 0.0207002834775 0.0123185586664 -0.0114556694123 0.0245463725225 0.0115581416171 0.00100161447509 0.00422965836377 0.00820660387804 0.0137085082457 0.00957529461698 0.00220398462533 0.030988862591 0.0259174171984 -0.00888451065849 0.0234878369992 0.0175168897368 0.00427489977483 0.0311305297947 0.0240974057991 0.0257438894569 -0.0247805898837 -0.00432250597018 0.0131559884494 0.0139974894087 0.00946109139046 -0.00262729328066 0.0139685714742 0.0126751651063 0.0195357976749 0.0260479913599 0.0158331975027 0.0134298288658 0.01825378951 0.0115935137261 0.0227700288865 0.0145949579024 -0.00625326363804 0.0151921467089 0.0091094172027 0.0341477522655 0.0166301919552 0.019915199361 0.0127400931304 0.0382190142024 0.0366364807928 0.0140730064096 0.0239020127591 0.0244762546354 0.0150185627034 0.0396532646775 0.0228545980418 -0.00529727356631 0.00997576139371 0.015409752439 0.00747943458939 0.00845092565558 0.0267925525391 0.0095756845466 0.0173557056443 0.00489879808221 0.019632971687 -0.00518508454247 0.00500014601236 0.010934575212 0.0584968262181 0.0462138610477 0.0101631495289 0.0207320932087 0.0238265187204 0.00556285720863 0.020854082587 0.0646180837157 -0.00118834022806 
0.0309965376017 -0.00209118828179 0.00936995721926 0.0426513158176 -0.00120927933924 -0.00181593869852 0.00727090607073 0.0293822236633 0.150246616735 0.00512979034123 -0.000782745351488 0.00193549166419 -0.00261639423068 0.0418329418544 0.00249171976238 0.00116973912144 0.00503034180551 0.00318330817872 0.0283658576941 0.0194419953708 0.0110926770646 0.0334819096254 0.0205884650253 0.00660165281715 0.000723710297894 0.00672070479031 0.00321114874746 0.0463233546544 0.0223168340689 0.0193012193479 0.00813611909996 0.00214003112278 0.00159383799801 0.0248686808946 0.00472475384351 0.00268087580368 0.00877156988037 0.017819511074 0.0165574035231 0.00573201594268 0.0317908272879 0.0236736998336 0.00425101361133 0.00537089504032 0.0333124275734 0.0184061621633 0.0073984026524 0.00527146589793 -0.0131896603176 0.0172371190909 0.0119857823788 0.0234042767164 0.0237565194417 0.0195289268865 0.0124335200327 0.00798280730924 0.0133235044617 -0.00941425951084 0.00672037507815 0.0197531726047 0.00444600780848 0.000191036283087 0.00572191666395 0.00798653562109 -0.0153108501046 0.00247961670317 0.00461149392732 0.00736366404799 0.0298555213924 0.0102817153317 -0.0110445530359 0.0184506096661 0.00850721783106 -0.00106118422591 -0.00238765910312 0.0272198278978 0.000950015321551 0.0194708961069 -0.00237337521478 -0.0016970800844 0.0391956787755 0.0145400277546 0.00324155311225 0.00476186379352 0.00281515898149 0.0295884065094 0.00488206178385 0.0266618708211 0.000525188089445 0.0287768332433 0.0174765040905 0.0303157882838 -0.000274649209801 -0.00219218715145 0.0140365789843 0.0202345598475 0.0178512393743 0.0235929176469 0.0181026599933 -0.020383088828 
0.0118898623158 0.0115285698372 0.0254147904727 0.00881001407028 0.0274866074006 0.0113829231188 -0.0119519278972 0.0255848181677 0.00512979034123 0.689796368478 -0.0366086117895 0.00456129965774 0.00668677937271 0.0499336516645 0.00509570211276 0.0122699494039 0.00292038177797 0.00155632523035 0.0240041269608 -0.0384169442343 -0.00808960248995 0.0164162154448 0.0312982500124 -0.00543835457563 -0.00132326244322 -0.00417398076204 0.0238840863069 0.00530051321496 0.00341725156535 0.0368490055371 -0.0176055287719 -0.0100124464216 0.0339447715462 0.0179420811063 0.0717963401148 0.0104784567466 -0.0374608840476 0.0121193385003 0.0594187605684 0.0139339721359 0.0132513757805 0.0156009377439 -0.000431810451754 0.0301712299137 -0.00720953139397 -0.00161226801317 0.000612003324134 -0.035867840542 -0.0113602072029 -0.00288681425708 0.0457830699683 0.0222839333723 0.0155332201868 0.000929139594395 0.0159106265561 0.00198072113825 0.0211562187061 -0.0186122634044 0.00129684575024 0.0187224173525 -0.00672316239443 0.0291402287038 0.058941924619 0.0388684357231 0.0110158461148 -0.00127045076633 0.0100568885892 0.0197062992149 0.0215112003584 0.0224430209269 -0.0104855394059 0.000665624080293 0.0182780674827 -0.0204866742659 0.00095519409007 -0.00402861322757 -0.0156644567338 -0.00391945729483 -0.0133576206051 -0.00589978295044 -0.00241087971436 0.0133972864138 -0.00658754129991 -0.00575877148577 0.023541211226 0.04579799793 0.00536829683662 0.00663302188754 -0.00581890356258 -0.00416299730003 0.00116459111827 0.0224139038761 -0.00194268561838 -0.0151572510435 0.0017564942523 -0.00953721506946 0.0318329167627 0.00141186863578 0.0199178575143 0.00136266064677 
0.0318125394568 0.0257891110081 0.0176403994779 -0.0121927980247 0.00464654953621 0.00854715798859 0.00123677664706 0.0183187185005 -0.000782745351488 -0.0366086117895 1.07615967763 0.0024883140638 0.00102191386423 -0.0176329111916 0.182282628278 -0.00121979275584 -0.0143830405373 -0.00126481140223 0.0151937579524 -0.0436116616686 0.0611160245952 0.0367703095763 0.0476750268965 0.124880349493 -0.00479707481998 0.00488010574638 -0.0141468158754 0.0109913534324 -0.0235849683614 -0.022976779949 0.0123197469198 0.0256269687825 -0.00848817038718 -0.00827696406386 -0.00956423611434 0.0441580374554 -0.0192818541968 -0.00279471358684 -0.000764645807382 0.0693555886737 -0.0255522665776 0.0593696570848 0.00227827503778 -0.0234579123307 0.00540202559873 -0.00701842274124 0.000776017613538 0.0419476449291 0.0212787157265 0.00915670293966 0.00141192264727 0.0121758255919 0.00811173147638 -0.00405211175658 0.00936963081916 -0.00637697140362 -0.0121209100803 -0.00616150544445 0.00644466237268 -0.000619437611514 0.0255434561568 0.111218800896 0.00938449955621 0.0074877984233 0.0125212306473 0.0173867664214 -0.0144429070149 0.0458222826619 -0.011501609116 -0.00511541463779 -0.00200703864117 0.0206679935741 0.0284139560134 -0.007216313378 0.00272813934839 0.0197729600555 0.00298859566043 0.0382912558171 0.0154797680866 0.0345943069137 -0.00039422974719 0.0255187700032 0.00347189689359 0.00868588716888 -0.00367603872123 0.00428378167665 -0.0128610183723 -0.0105620271328 0.0136140704031 -0.00559355993037 0.00145077057777 -0.00643029521096 -0.023664176781 0.0292595889349 0.00990647981296 -0.00761486187549 0.0139173224617 -0.00462766300749 -0.00295163723789 -0.0063617201126 
0.00172716246542 0.0164113381132 0.0197502166548 0.00223981407572 0.0109498616226 0.0148074355267 0.000698745540191 -0.00431742464224 0.00193549166419 0.00456129965774 0.0024883140638 0.234701167947 -0.00290142731188 0.0500444116501 0.028163307398 0.0193701996844 0.0143459005575 0.0102528604118 0.00998493358508 0.024571950125 0.0235271323934 0.0111117966624 0.0312356318418 0.00253345065485 0.00359314453993 0.0125872983952 0.0135315556235 0.00867726012949 0.00633606774692 0.0433081838674 0.00752620211632 0.0149239302143 -0.00496241353767 0.0360985924176 -0.0193188750578 0.0162498964311 -0.0119537877906 -0.0138856068874 0.0366136344045 -0.0306734351546 0.00927042639549 0.0177414142522 0.00640864658402 -0.0108009765249 0.0106323538185 0.0244446056493 0.0131670493521 0.0214199615022 0.011641156925 0.0104906980135 0.00845048764774 0.0222091778623 0.0180270493226 -0.00186296159005 0.0163136276708 0.0226265549532 0.0447579302717 0.0242663930261 0.0302190774321 0.029604542027 -0.00449334250934 0.0244848895727 -0.00923597153448 0.0150692312832 -0.00619687336865 0.0244052403739 0.0331679874479 0.00167181830635 0.0387029203895 0.00707956212778 0.0126570452328 0.0346423877802 0.00205436015346 0.0132464843781 0.00915151913859 0.0310480302005 0.033675268284 -0.00858565815736 0.0430988115242 -0.00799508263539 0.022350288752 -0.0182819954468 -0.00389947048597 0.0244804895481 0.025414207786 0.0249819731184 0.0268466065332 0.0110836997292 -0.011418047792 0.000666339693848 0.00795739774642 -0.0192410554093 -0.0137454258239 0.0285438461664 -0.0100510010455 0.0215566976017 -0.00102779728057 0.0292286664992 0.0726460071089 0.0105891004093 
0.0220895928226 0.0100706639929 0.0206024496855 0.022657135577 -0.00971508697054 -0.00313845089073 0.0190388753415 0.00928476259702 -0.00261639423068 0.00668677937271 0.00102191386423 -0.00290142731188 0.272734558521 0.00768866284904 0.047040932686 0.0172985024212 -0.00314430158976 0.0175123591687 0.0174276855309 0.0168691537503 0.0107769925558 0.00615429252405 0.0150047900174 0.0431981299358 0.000425058618942 0.011163661182 0.0142770483716 -0.00854718606881 0.040708548754 -0.00401192638373 0.012073360301 0.000163004698985 0.0213334937631 0.0113819874084 -0.0459596703697 -0.00682180674402 0.0338086601141 0.00425254854652 0.0125774120667 0.00919237768479 0.0015093772261 0.0139019695865 0.0104135844559 0.0428413168337 -0.00602622476838 -0.00655373842947 0.00970917219754 0.0048306344088 0.0557910377847 0.0187891262599 0.0119949262561 0.0073626248186 0.00354080500679 0.0204340007408 -0.0198877897508 0.0159965100439 0.00762594870384 0.00439176255389 0.0189748575909 0.00686648405876 -0.0118247974058 0.0108175815777 -0.00223683140947 -0.0229676625467 -0.0342351388149 -0.00782421071549 0.0320733255926 -0.00863559097254 0.00108688167631 0.0103044620272 0.0521986868796 0.023785897852 0.00589091564041 0.0279401352506 -0.00289608516638 -0.0226140888793 0.0145613891326 -0.00462931180113 -0.00451868696848 -0.0037677398955 -0.00418466453198 -0.0310804453721 -0.000412851651613 0.0131073460852 0.00999531188613 -0.00736048930612 0.00868263795277 -0.000607019206981 -0.0120246988579 0.0147006292045 0.0048222216808 -0.0171225371227 -0.000354925653771 0.0271726902767 0.0117024204459 0.0296798261216 0.0220323743119 0.00804292920515 0.0141883353831 0.00992523098683 
0.0250970644613 0.00332049552853 0.0214488133964 0.0228119355835 0.077547924348 0.0306664848858 -0.0153186369123 0.0184717942255 0.0418329418544 0.0499336516645 -0.0176329111916 0.0500444116501 0.00768866284904 0.369465788259 0.0236728082407 0.00518459375616 0.0144846059722 0.00449339361214 0.0140955226563 0.0234472741351 0.00278830174911 0.0593799063454 -0.000315994904808 0.0119155487378 0.0200400550174 0.00924662143878 0.00522841720329 0.00796636032441 0.00359662155694 0.0614669570097 0.0207126904133 0.0276147349025 0.00278066867453 0.0221532776551 0.0023178877644 0.00456131924139 0.00765393961785 0.0124212381418 0.0209479950225 0.033220983371 0.0383431589686 0.0117526143916 0.007579161402 0.0286664078116 0.00202089627425 0.106421822947 0.0217954875401 0.00954861658419 -0.0120685309286 0.00847805095208 -0.00241144132885 0.0120586103569 0.0255612159453 0.000828214139876 0.0784690510722 0.0185705367164 0.01756761818 -0.00280364785826 0.0170638728098 -2.08153255771e-05 0.00847616046391 0.0120878637623 0.0157453481772 0.0639847097844 0.011288906081 0.0255950510911 0.0850216847515 0.0199882109281 0.0243903885478 0.016896028033 0.0489391886208 0.069174401567 0.00617656713061 0.0214061485793 0.0135923441217 0.0562683520162 0.0757970095845 0.0453318895377 0.0218569182656 0.0654278050283 -0.00142633975293 0.018070365826 -0.00575389557865 0.0383578853805 0.0199997203764 0.0219884888156 0.0230843651971 -0.0390962559729 0.00188496174305 -0.00445378372872 0.0175340940458 0.0310014759504 0.0198058685377 0.0299813864826 0.0213117104108 0.0130700863617 0.0343643872205 -0.00834810950008 0.0763058644354 -0.00317239411515 
0.00985139926681 0.00816668198495 0.00722183669202 -0.0375059231959 0.017846665704 -0.0115835613531 0.00363063476952 -0.00192236597488 0.00249171976238 0.00509570211276 0.182282628278 0.028163307398 0.047040932686 0.0236728082407 0.422689609377 0.00735802905115 -0.00288918304218 -0.0073585194292 0.0040073456124 0.00353556802794 0.00514392559336 0.00399863153972 0.0493019866516 0.0173525034882 0.000989314237383 0.0103911584096 0.00235715047707 0.00132044033339 -0.00448872374059 -0.0171499922708 0.00823613828834 0.0158589211151 -0.00925166960666 0.00659202144961 -0.00836729762929 0.0155931651753 -0.00184040372654 -0.0300956524385 0.00545106691315 -0.0110443109461 0.00538802815108 0.00226912887738 -0.0074759092038 -0.012900700829 0.00631597426659 0.0253908845205 -0.00366722322487 0.00636522922431 0.0777856910587 -0.0028513069658 0.00822544024579 0.00552116371449 0.0315297261735 0.0258770714723 -0.00473133799427 -0.00436069189891 0.0278781552609 0.00282926188874 -0.00104072432877 -0.0138593075823 0.00161025883815 -0.00257043002319 -0.000646805023894 0.0132140363486 -0.0161202308717 0.0168085133437 0.0214528394488 -0.0236673322371 0.00452634927191 -0.00486820188367 -0.0140168660017 0.0133845457466 -0.00355640378374 -0.00831504018915 0.0127951831921 0.0218247517651 -0.00156329109022 0.0168125867105 0.0333902134928 0.023485816265 0.00416329735112 -0.0179490862483 0.00364213744677 0.0249812535755 0.0178515407059 0.00236615367567 -0.00749813850639 0.000392961764611 0.00115885219551 0.070580803574 0.0141219219518 -0.013495268516 0.0188696360309 0.0141774319256 0.00843773638672 0.0132021163291 0.0174047939689 0.00425828909616 0.0120768191967 0.0202478795564 
-0.00237875884897 0.000677338122051 -0.00423897616921 -0.00396689814778 0.035353253597 0.0220815354236 -0.0014539837075 -0.00789444691534 0.00116973912144 0.0122699494039 -0.00121979275584 0.0193701996844 0.0172985024212 0.00518459375616 0.00735802905115 0.240766839502 0.0013783218773 0.0108346057788 0.00934430527309 0.0194748310545 0.0092978845001 0.0426936340045 0.0200236844419 -0.0211563492154 0.0220771422699 0.0124345720194 -0.00447679671348 0.00417492338311 -0.00504948998355 0.0124285359591 0.0174436131148 -0.0209312466076 0.0143032629989 -0.0199804580518 0.0224622511692 0.0069500619617 0.00111599761224 -0.00149870787197 0.0188087296905 0.00550125756441 -0.00917173533687 0.0232001182102 0.0302509146071 -0.00158725548591 0.0103756326701 0.0577133304131 0.00675224983496 0.0241160474369 -0.00115944457929 0.0256903245682 -0.00400357289585 0.00562543775643 0.0272521785152 -0.00397588552558 0.00958096644106 -0.00367141574271 0.00198192006998 0.0258547115226 0.000334760126163 -0.00548634041091 0.00746622296525 -0.00398761213852 0.0147186710748 0.0149056290011 -0.00756394601424 0.00666602420396 0.0364502702196 0.00878297865054 0.00312975227665 0.00883050289307 0.0149386695646 0.00228621192508 0.0232648687171 0.0129193681303 0.00179009452132 0.0163921789916 0.0343663663211 0.0186430552745 0.017866963299 0.00890325961168 0.0148997402671 0.0265808607299 0.00263787102036 -0.00264701722737 0.00591129180905 0.0198291659353 0.00421649169729 0.024818974166 0.0251368302466 0.027469671128 0.024973454345 0.0168402492122 0.0270056320583 0.0202019648161 0.0222764285852 0.0100530776971 0.00887257762923 0.013739514778 0.0102877246956 0.00826619086262 
0.0151659249728 -0.000572876328083 0.0125764075087 0.0321176560412 0.0137704057736 0.00226612090052 0.0106334060951 0.0223831802081 0.00503034180551 0.00292038177797 -0.0143830405373 0.0143459005575 -0.00314430158976 0.0144846059722 -0.00288918304218 0.0013783218773 0.153877327043 0.020738917308 0.0231105012592 0.00657367814189 0.006012166395 0.00465372380756 0.0179391019826 0.021255008266 -0.000741635450086 0.0124033363434 0.0108948208119 0.0122142391109 -0.00585619672695 -0.0153468457155 -0.00227505825971 0.0302786658311 0.00366749222539 0.00175507731333 0.0186521171508 0.00481202190214 -0.0139765620848 -0.0117413216577 0.0294756754507 0.0105590999168 0.0105746096107 0.0171559322854 0.0149893067553 0.0136906315033 -0.00560555942805 0.00314990538345 0.0101114134164 0.0111011801238 0.0128598483653 0.0248284502778 0.0129155846757 0.0134711440534 -0.00880784523577 0.0103237602836 0.020872347577 0.00248212246273 0.00142618114147 0.00231668855148 0.0214407941038 0.0454449454078 0.0122914451689 0.0125704810784 0.0113799802927 0.0255049700551 0.00511422369756 0.000286957254966 0.0198445378344 0.0140798898673 -0.00902547322947 0.0098372540708 -0.00618304224608 0.00860599117736 -0.0145936280408 -0.00783607449252 0.0169611979946 -0.00340884831088 0.0232057631805 -0.000123607490048 0.00749991582825 0.0120333637189 0.0225869558197 0.002643677001 0.0149357719238 0.00673558280604 0.0128003760497 0.0103628582399 0.00179063232449 0.0362934456094 0.0040934615864 0.0160344855678 0.0285282358827 -0.00626153053693 0.00353207606993 0.0214279016296 -0.0139970144954 -0.000895301320711 0.000613819305238 0.0168960295849 0.0038636665565 0.0122186689598 
0.00521042512919 -0.0104241995649 0.00680654996733 0.0243726343543 0.0166218445095 0.0135148978893 0.0101217070708 0.0271422464733 0.00318330817873 0.00155632523035 -0.00126481140223 0.0102528604118 0.0175123591687 0.00449339361214 -0.0073585194292 0.0108346057788 0.020738917308 0.306017947091 0.0108666443121 -0.0264029824133 0.0140475918266 0.014101902543 -0.0011847893682 -0.00161308915239 0.0106721145609 -0.00612911857523 0.0243174272993 -0.00406158282603 0.000797245242588 0.0020318322313 -0.00403072527184 0.0292895659673 0.0144276730606 -0.000659860103286 0.00788803886717 0.0109534564369 -0.000263875083919 0.0179489271281 0.0355966828706 0.00752075787303 0.015325914143 0.00321031106228 0.0156300002751 0.00961730857734 -0.00410017906588 0.0384058811292 0.0011301323258 0.0179299059367 0.0103033127479 0.0136289547166 -0.00975619608534 0.00257438734937 0.0234471854242 0.0255195371525 0.0218614720086 0.0557522126615 -3.5111682919e-05 0.0311997409887 -0.00890762110823 -0.00191702363818 -0.0038303012214 0.0224998351069 0.0122976146385 -0.0160166271125 -9.65805394886e-05 0.00488906951599 0.0059488341392 0.0108855282236 0.0312207984784 0.00804167634789 0.103589939116 0.0255750923467 0.0012113870682 0.00642563995046 0.00276427207446 -0.00202780425647 0.00519429575566 0.0163868024859 0.00238472437512 0.0307668998908 0.0165679634692 0.0208658465639 0.0127420320781 0.0176642250738 0.00187401328114 0.00182861678969 -0.00742468224962 -0.00630940937308 0.0100152228827 0.0132832844625 0.00812713987164 0.00507570856599 0.0526597999209 0.0205451163992 0.0160337443211 0.00814361471356 0.0186140447359 0.00229980616002 0.0103675345145 -0.00285227608419 
0.024560431306 0.000612720812318 0.0212061271153 0.0272928192022 -0.00195544279015 0.0101157446355 -0.000693227138754 0.0192730453553 0.0283658576941 0.0240041269608 0.0151937579524 0.00998493358507 0.0174276855308 0.0140955226563 0.0040073456124 0.00934430527308 0.0231105012592 0.0108666443121 0.170994963999 0.00582255927045 0.0139486286624 0.0134930124208 0.0080149284713 0.00726879534936 0.0204178431891 0.00633922199648 0.0225033656967 0.00242654849121 0.0282171589856 0.00267200124071 0.0307470498682 0.0135982591554 0.0114960592049 0.00518984923 0.0169688271403 0.0160343163058 0.0174859603598 -0.0098145920531 0.0222701833255 0.00907537713433 -0.000844759420652 0.0323568647456 0.0219668513167 0.0357611947197 0.0261935380107 -0.00627439173677 0.00816596507993 0.0362201865539 0.0280802594324 0.016554848055 -0.00728449168515 0.0224919781292 0.0391031104527 0.0157420661979 0.0358515153057 0.0137890947104 0.0172943513452 0.0330909838645 0.017256035096 0.0115554466919 0.00343716624751 0.0200668214837 0.013405764182 -0.00392233378682 0.010415977755 0.00942457965849 0.00655434363318 0.0158300723911 0.0174921003209 0.0208079851619 0.0625343450629 -0.00363775532523 0.0118439304041 0.025229622736 0.0222465002657 0.022763943624 0.02342865517 0.0188601646234 0.0209809623228 0.0178894945589 0.0102209792125 0.024584177415 0.00714233966599 -0.00326360987768 0.0141005185864 0.00873548988215 -0.000336181911381 -0.0115319323637 0.00453766745669 -0.00754578968534 0.0270761585962 0.0266463393886 -0.0080010035107 0.00905754763928 0.026206203708 0.0162590384359 0.0441964480733 0.0244879953294 0.0101089467228 0.0225598129485 
0.0158666805778 0.00492212405267 0.00887240327634 0.0261992326059 -0.0151100178769 -0.00651641882408 0.0261491835632 0.00825217483968 0.0194419953708 -0.0384169442343 -0.0436116616686 0.024571950125 0.0168691537503 0.0234472741351 0.00353556802793 0.0194748310545 0.00657367814189 -0.0264029824133 0.00582255927045 0.227490093969 0.0187232425431 -0.000204410156299 0.06649122678 0.0236085307918 -0.00241451568542 0.0148223694839 0.00508890896106 0.00262497340345 0.0128130621591 0.0179049787812 0.0129089896752 0.0152520129376 -0.0125355052805 0.00650688600754 0.012965720315 0.0355081736521 0.000345911338479 0.0111395457209 0.046061132743 0.00730919895076 0.00898316512935 0.0178994498965 0.00326623964477 0.0100917146557 0.00780043396877 0.0178175631574 0.00832338472312 0.0133654507885 0.00790406333712 0.0187385915971 0.0124855724195 -0.00210361786221 0.0424970671599 0.03583531543 0.0139146896201 0.0116657004308 0.0257885459538 0.0319676106392 0.0150597967111 0.0140019424071 -0.00193020761191 0.00264502274418 0.0280552114426 0.0205096029908 0.00211113259384 0.00258416128723 0.00329600885484 -0.00221828717229 0.022920518314 0.00131928360454 0.0039616068866 0.0108167917767 0.00173450372348 0.00647509412485 0.028897830243 0.0254122666367 -0.00464526042701 -0.010590648295 0.032961223107 -0.00600248983961 0.0282716410129 0.0219840392826 0.017585689976 0.00564523257623 0.0172569151462 0.0179276080527 0.0138942188652 -0.0105943179072 -0.00770858298706 0.00479966041881 0.0135797641273 0.0188502406925 0.0187074494585 0.0104228714226 0.0212497628479 0.007367663034 0.0177950477625 0.000486710299852 0.037866169475 -0.00784268536936 
0.0593923453723 0.0223748048018 0.0297030296884 0.0182605508264 -0.0142550817833 -0.00516413310183 0.0120213020976 0.0229048563804 0.0110926770646 -0.00808960248995 0.0611160245952 0.0235271323934 0.0107769925558 0.00278830174911 0.00514392559336 0.0092978845001 0.00601216639501 0.0140475918266 0.0139486286624 0.0187232425431 0.185949568803 0.0276171278775 0.0135502982814 -0.00334229340427 0.0136780823937 0.0113960065283 0.0123386920457 0.0234680109959 0.019816556323 0.0273100871737 0.0195929867789 -0.000293821662785 0.00647222070534 0.019170425961 0.0311404982592 0.0537960048397 0.00434254225623 -0.00888450603124 0.0298804772332 0.0134209224713 0.022863994245 0.0137403268731 0.0183620437513 0.0246767245043 0.00443579453886 0.00694186116241 0.0266362077658 0.04484552909 0.0102635812453 0.0638223676479 0.0116434702854 0.0171906874375 0.0256285814186 0.00353680356545 0.00621910351115 -0.00563739018288 -0.000629028391824 0.0182979743002 0.00641078589022 0.0180134391581 0.0163106600252 0.00714739449588 0.0107088677174 -0.00654491997763 -0.0126824874059 0.0209294896756 -0.0112421377393 -0.00659302992807 0.013808479423 0.0179382186024 0.00802439799855 0.0253196162032 0.0177402747296 -0.00121454187182 0.0232068282953 0.0266600034554 0.00163385787045 0.000127621870538 0.00953209787406 0.00892502242501 0.0334993932233 0.0211473929315 0.00427071558243 0.00963276843509 0.0249547522927 0.0270564347215 0.0259591964149 0.012076760491 0.0151259038719 0.010114826691 0.0159775482486 0.0378396334708 0.0201872408862 0.0220897947602 0.0232020284054 0.0191159631831 0.0312275278598 0.0228961683067 0.0353211836937 -2.93316543841e-05 
0.0363492851295 0.00286687017838 -0.00186377006712 0.0656512395678 0.0702858181666 0.0068522352129 -0.00940278649915 0.0291018344888 0.0334819096254 0.0164162154448 0.0367703095763 0.0111117966624 0.00615429252404 0.0593799063454 0.00399863153972 0.0426936340045 0.00465372380756 0.014101902543 0.0134930124208 -0.000204410156299 0.0276171278775 0.379834466969 0.0100033179507 0.025440525962 0.00279698421059 0.0100840613946 0.0248702516293 0.016013598653 -0.00247209877616 -0.00626233772944 0.00445615100103 -0.00461730639517 0.0129962352757 0.0299842120141 0.00846669208542 -0.024690545119 0.0243188111832 0.0140607987151 0.00138228924771 0.0284135201364 0.0415392880418 0.0197247950046 0.0489299958106 -0.00264098226572 0.00294526823504 0.0510274712421 0.0301250396359 -0.0198769147617 -0.00775094439575 0.0426382798073 -0.00125786530983 0.0203250251902 0.0354149953399 0.0210996815589 0.112631596465 0.0103170889113 0.0222480855233 -0.000345489593427 -0.00254635491841 0.0248178007551 0.00766600673249 0.00038013384194 0.00440622793593 -0.00722678202569 -0.00852936240665 0.0121258071862 0.0102183846909 0.0209988149975 0.067695879983 0.00148966873631 0.0738542488139 0.0777440641305 0.0301573419519 0.0241286068544 0.00342255621125 0.0673514085816 0.0139647547322 0.015770055549 0.00755840706855 0.0496705073784 0.0298511983672 0.0296302400196 -4.87705994149e-05 0.0168199684763 -0.00784467688871 -0.00396764137028 0.00509185413388 0.0615715250542 0.00915999149258 0.0541790466077 0.0183741840963 0.0471012393464 0.020553196012 -0.0030984210174 0.0581743669678 0.0169763094146 0.0223698989431 -0.0111897834807 -0.00956760659049 -0.0131471665527 
0.0386504264927 0.00551738898736 0.0017089842288 0.019424803725 -0.000920940047374 0.0152632121437 0.0647421528505 0.0404813076035 0.0205884650253 0.0312982500124 0.0476750268965 0.0312356318418 0.0150047900174 -0.000315994904808 0.0493019866516 0.0200236844419 0.0179391019826 -0.0011847893682 0.0080149284713 0.06649122678 0.0135502982814 0.0100033179507 0.866996444288 0.0133472021762 0.000804543673956 0.0138103393791 -0.00694198073644 0.0124127931434 0.0307817319506 0.0349595616623 -0.009386208275 -0.063263582795 -0.00492989253877 0.019960654033 0.0540775548024 0.0044197438668 -0.0200423890995 0.0098465762335 -0.000669653592987 -0.0146889750809 0.0373334001385 0.0244120911059 -0.00167564450022 0.0313777935994 0.0139714096159 0.000346615210197 0.0191977725731 0.00199161611447 0.0167981496996 0.0223891105333 0.000350293755712 0.0135624826187 0.0396281324657 0.0141168914549 0.020726637398 -0.0301285332679 0.00226671917838 -0.00801303400785 0.00647215125164 -0.000653735677135 0.00907871739267 0.00692390314632 -0.0190570514089 0.0225202928792 0.0109785608923 0.0308077052329 0.0248827700548 0.00310222110433 0.026888274378 0.0209638976735 -0.0102855475652 -0.00171273405841 0.0107076167667 0.0161111381338 0.099118230277 -0.0377667067802 -0.00864182357213 0.0283800714852 0.0175538510741 -0.0199103926861 0.0564255278574 0.0135258796828 0.00517092023759 0.052905139954 0.0221550048575 0.00695926799313 0.0308961649968 0.00440825052915 0.0281843706519 0.031029826892 0.0171280463775 0.0208978086254 -0.0138400321388 0.000896256282641 0.00745334790913 -0.000399435268306 0.0336201765826 -0.00441257656147 0.0106649160079 -0.0138920545114 
