20
0.0146033592013 0.0433119494187 0.075466134778 0.0436793340255 0.187838769987 0.0493934577213 0.0363676427781 0.0461662895592 0.282509070746 0.0161964684659 0.0335790413719 0.155431064381 0.104921073146 0.00413185853021 0.0658076634161 0.0678408515538 0.0617018630506 0.0703179731329 0.0825599502725 0.0216083944488 
0.183430470831 0.00023784145619 0.0215458529343 0.00261334412234 0.0176711210564 0.0101510470242 0.0270358402222 -0.00562271612095 0.0189540071455 0.00991584242875 0.00801490878225 0.0153260724249 0.0138676737732 0.013361334578 -0.00630346682575 0.00872731977176 -0.00230511236656 -0.0091678641766 0.0189011621026 0.00319571433487 
0.000237841456191 0.192556153058 -0.00505908958808 0.00920222224193 0.00717147790716 0.0321179928437 0.0531789937511 0.0195937031152 0.0368451371418 0.0216510497107 0.031955985352 0.0209814512638 0.0312290851174 0.031171872202 0.0141697329771 0.0212003227878 0.0278740749043 0.00748268712379 0.0287485369423 0.0264485913277 
0.0215458529343 -0.00505908958808 0.451318328061 0.0229118332832 0.0178332327468 0.00769649955805 0.0015398406732 0.0261676050206 0.04319883834 -0.00594409563222 0.0318911948396 0.00811074884343 0.0221100850288 0.0134079725211 -0.0452078147201 0.0351538335798 0.0241079375562 0.0512698784514 0.0735722112195 0.0240417277671 
0.00261334412234 0.00920222224193 0.0229118332832 0.219078708978 0.0174149741174 0.0311195648217 0.0130022948859 0.0101429571888 0.0284961292651 0.0210743137005 -0.00503744528525 -0.0100899445383 0.0178030013354 0.0568579700068 0.0147606789858 0.0271011930774 0.0416521770276 0.0308469102313 0.0246033478149 0.0072521405822 
0.0176711210564 0.00717147790716 0.0178332327468 0.0174149741174 0.65992110396 0.011890644282 0.00765686057835 -0.00379464192628 0.0568313906022 -0.000476684798069 -0.0108843573985 0.0505282150374 0.0558463628857 0.0465681060443 0.000204178356731 0.000598083071551 0.0349120082451 0.0114856813729 -0.0202225342558 -0.0273332142552 
0.0101510470242 0.0321179928437 0.00769649955805 0.0311195648217 0.011890644282 0.167957605754 0.0295383458222 0.0261340900122 -0.000121817456316 0.0253332889629 0.0141602156001 -0.00470295590923 0.0469445869357 0.017625226636 0.0181895406035 0.0352965186822 0.023925610115 0.0199884703584 0.0284728595875 0.0258600247926 
0.0270358402222 0.0531789937511 0.0015398406732 0.0130022948859 0.00765686057835 0.0295383458222 0.199945480333 0.0810991268754 0.00597967821458 0.0189799101768 0.017122511854 0.0198237539824 0.0264248869074 0.0164123173092 0.0110152854759 0.0250695696777 0.0156960959195 0.0256336048413 0.0183104100789 0.017439294309 
-0.00562271612095 0.0195937031152 0.0261676050206 0.0101429571888 -0.00379464192628 0.0261340900122 0.0810991268754 0.350039623576 0.0149322825352 0.0334097258111 0.00576848849153 0.0189786894237 0.0240663981477 0.0161486594183 -0.00242764700511 0.0273314308771 0.047665198362 0.0230369604932 0.024389219966 9.67251169822e-05 
0.0189540071455 0.0368451371418 0.04319883834 0.0284961292651 0.0568313906022 -0.000121817456316 0.00597967821458 0.0149322825352 0.885293634304 0.0176641314588 0.0155865593814 0.0253324100794 0.0469462574843 0.0708724827089 -0.00179025526653 0.0321576718705 0.00236064837981 -0.0124489362694 -0.00471450914743 0.0105887563587 
0.00991584242875 0.0216510497107 -0.00594409563222 0.0210743137005 -0.000476684798069 0.0253332889629 0.0189799101768 0.0334097258111 0.0176641314588 0.184654771868 -0.00121667483076 0.00228216319656 0.0455576710059 -0.00198393165074 0.0162995564224 0.0127066751124 0.0369730798303 0.0133814184194 0.00200669648757 0.0103210041662 
0.00801490878225 0.031955985352 0.0318911948396 -0.00503744528525 -0.0108843573985 0.0141602156001 0.017122511854 0.00576848849153 0.0155865593814 -0.00121667483076 0.246034041177 0.00855047941731 0.0214499105293 0.0159069704825 0.0140345456343 0.0118866941107 0.0164233249824 0.0556556976179 0.0396303265889 0.00749405607453 
0.0153260724249 0.0209814512638 0.00811074884343 -0.0100899445383 0.0505282150374 -0.00470295590923 0.0198237539824 0.0189786894237 0.0253324100794 0.00228216319656 0.00855047941731 0.714795702079 0.0212004081995 0.0278782197967 0.00495448166447 0.0219025572213 0.00781374371521 -0.0282533226505 0.00777378292745 0.00539717440758 
0.0138676737732 0.0312290851174 0.0221100850288 0.0178030013354 0.0558463628857 0.0469445869357 0.0264248869074 0.0240663981477 0.0469462574843 0.0455576710059 0.0214499105293 0.0212004081995 0.2750860337 0.0327216785497 0.0173276164794 0.0243455777178 -0.00232876679916 0.020453383032 0.0245989118992 0.0483082419688 
0.013361334578 0.031171872202 0.0134079725211 0.0568579700068 0.0465681060443 0.017625226636 0.0164123173092 0.0161486594183 0.0708724827089 -0.00198393165074 0.0159069704825 0.0278782197967 0.0327216785497 0.190517757294 -0.00823314359251 0.0297460049891 0.0021719957155 0.0227119773807 0.00868596472826 0.000806085519972 
-0.00630346682575 0.0141697329771 -0.0452078147201 0.0147606789858 0.000204178356732 0.0181895406035 0.0110152854759 -0.00242764700511 -0.00179025526653 0.0162995564224 0.0140345456343 0.00495448166447 0.0173276164794 -0.00823314359251 0.260399717415 0.0261129022158 0.0168658132452 0.0201604444923 0.0246943255125 0.00819888647043 
0.00872731977176 0.0212003227878 0.0351538335798 0.0271011930774 0.000598083071551 0.0352965186822 0.0250695696777 0.0273314308771 0.0321576718705 0.0127066751124 0.0118866941107 0.0219025572213 0.0243455777178 0.0297460049891 0.0261129022158 0.365836971744 0.0069256296582 0.0378458835729 0.0105895679971 0.0255725868274 
-0.00230511236656 0.0278740749043 0.0241079375562 0.0416521770276 0.0349120082451 0.023925610115 0.0156960959195 0.047665198362 0.00236064837981 0.0369730798303 0.0164233249824 0.00781374371521 -0.00232876679915 0.0021719957155 0.0168658132452 0.0069256296582 0.280459158251 0.00855723035969 0.0192655217888 0.025130319368 
-0.0091678641766 0.00748268712379 0.0512698784514 0.0308469102313 0.0114856813729 0.0199884703584 0.0256336048413 0.0230369604932 -0.0124489362694 0.0133814184194 0.0556556976179 -0.0282533226505 0.020453383032 0.0227119773807 0.0201604444923 0.0378458835729 0.00855723035969 0.272375061559 0.0507842111733 0.0266436753068 
0.0189011621026 0.0287485369423 0.0735722112195 0.0246033478149 -0.0202225342558 0.0284728595875 0.0183104100789 0.024389219966 -0.00471450914743 0.00200669648757 0.0396303265889 0.00777378292745 0.0245989118992 0.00868596472826 0.0246943255125 0.0105895679971 0.0192655217888 0.0507842111733 0.366824445206 0.0233546982515 
0.00319571433487 0.0264485913277 0.0240417277671 0.0072521405822 -0.0273332142552 0.0258600247926 0.017439294309 9.67251169817e-05 0.0105887563587 0.0103210041662 0.00749405607454 0.00539717440758 0.0483082419688 0.000806085519973 0.00819888647042 0.0255725868274 0.025130319368 0.0266436753068 0.0233546982515 0.270391657089 
0.0158855447568 2.05976743134e-05 0.00186592559873 0.000226322239878 0.00153036397482 0.000879106459799 0.00234137244451 -0.000486941499901 0.00164146516915 0.000858737144322 0.000694111461444 0.00132727680602 0.0012009757779 0.0011571255173 -0.000545896240301 0.000755808062929 -0.000199628586802 -0.000793960327538 0.00163688865419 0.000276756979724 
2.05976743135e-05 0.0166758520203 -0.00043813001033 0.000796935823278 0.000621068205028 0.00278149977212 0.00460543595362 0.0016968644652 0.00319088247707 0.0018750359068 0.00276746951178 0.00181704698027 0.00270451810486 0.00269956332104 0.0012271348723 0.00183600181026 0.00241396569741 0.000648019713777 0.00248969633136 0.00229051519841 
0.00186592559873 -0.00043813001033 0.0390853137295 0.00198422296705 0.00154440325903 0.000666536413749 0.000133354114077 0.0022661810704 0.00374112914164 -0.000514773782002 0.00276185848881 0.000702411454213 0.00191478953148 0.00116116448165 -0.00391511159972 0.00304441129205 0.00208780863565 0.00444010171878 0.00637154039287 0.00208207469972 
0.000226322239878 0.000796935823278 0.00198422296705 0.0189727727403 0.00150818099919 0.00269503336903 0.00112603176787 0.000878405859504 0.00246783718531 0.0018250891032 -0.00043625555872 -0.00087381482929 0.00154178514201 0.00492404464335 0.00127831229788 0.00234703216779 0.00360718434288 0.00267142078886 0.00213071242258 0.0006280537976 
0.00153036397482 0.000621068205028 0.00154440325903 0.00150818099919 0.0571508440523 0.00102976000156 0.000663103577409 -0.000328625630642 0.00492174279939 -4.12821144726e-05 -0.000942613001099 0.00437587178303 0.0048364368968 0.00403291628405 1.76823643832e-05 5.17955133537e-05 0.00302346860374 0.000994689184872 -0.00175132283944 -0.00236712579121 
0.000879106459799 0.00278149977212 0.000666536413749 0.00269503336903 0.00102976000156 0.0145455553342 0.00255809578678 0.00226327858553 -1.05497011794e-05 0.00219392718033 0.00122631064328 -0.000407287929027 0.00406552048565 0.00152638940143 0.00157526042458 0.00305676818439 0.00207201861606 0.00173105231131 0.00246582197212 0.00223954384129 
0.00234137244451 0.00460543595362 0.000133354114077 0.00112603176787 0.000663103577409 0.00255809578678 0.017315786534 0.00702339040988 0.000517855324028 0.00164370843747 0.00148285302422 0.00171678745471 0.00228846233539 0.00142134837247 0.000953951705204 0.00217108842029 0.00135932178066 0.00221993529832 0.0015857280282 0.00151028718957 
-0.000486941499901 0.0016968644652 0.0022661810704 0.000878405859504 -0.000328625630642 0.00226327858553 0.00702339040988 0.0303143206348 0.0012931736012 0.00289336712859 0.00049956575751 0.00164360271715 0.00208421121735 0.00139851492933 -0.000210240397785 0.00236697134613 0.00412792726579 0.00199505930131 0.0021121684069 8.37664084906e-06 
0.00164146516915 0.00319088247707 0.00374112914164 0.00246783718531 0.00492174279939 -1.05497011794e-05 0.000517855324028 0.0012931736012 0.0766686777116 0.00152975865791 0.00134983563818 0.00219385106679 0.0040656651594 0.00613773704552 -0.000155040654007 0.00278493607664 0.000204438146632 -0.00107810950594 -0.000408288468805 0.000917013200114 
0.000858737144322 0.0018750359068 -0.000514773782002 0.0018250891032 -4.12821144726e-05 0.00219392718033 0.00164370843747 0.00289336712859 0.00152975865791 0.0159915723368 -0.000105367131158 0.00019764113038 0.00394541004283 -0.000171813520891 0.00141158299323 0.0011004303445 0.00320196263892 0.00115886482898 0.000173785013592 0.000893825180047 
0.000694111461444 0.00276746951178 0.00276185848881 -0.00043625555872 -0.000942613001099 0.00122631064328 0.00148285302422 0.00049956575751 0.00134983563818 -0.000105367131158 0.0213071729855 0.000740493238992 0.00185761674272 0.00137758405351 0.00121542730498 0.00102941790668 0.00142230166494 0.00481992480025 0.00343208695863 0.000649004293793 
0.00132727680602 0.00181704698027 0.000702411454213 -0.00087381482929 0.00437587178303 -0.000407287929027 0.00171678745471 0.00164360271715 0.00219385106679 0.00019764113038 0.000740493238992 0.0619031236517 0.00183600920714 0.00241432465562 0.000429070698401 0.00189681709615 0.000676690055603 -0.00244680951567 0.000673229349867 0.000467409014562 
0.0012009757779 0.00270451810486 0.00191478953148 0.00154178514201 0.0048364368968 0.00406552048565 0.00228846233539 0.00208421121735 0.0040656651594 0.00394541004283 0.00185761674272 0.00183600920714 0.0238231493411 0.00283378048785 0.00150061560582 0.00210838887734 -0.000201677120756 0.0017713149299 0.00213032826102 0.00418361647571 
0.0011571255173 0.00269956332104 0.00116116448165 0.00492404464335 0.00403291628405 0.00152638940143 0.00142134837247 0.00139851492933 0.00613773704552 -0.000171813520891 0.00137758405351 0.00241432465562 0.00283378048785 0.0164993217689 -0.000713011150412 0.00257607959816 0.000188100346653 0.00196691493819 0.000752226611105 6.98090537918e-05 
-0.000545896240301 0.0012271348723 -0.00391511159972 0.00127831229788 1.76823643833e-05 0.00157526042458 0.000953951705204 -0.000210240397785 -0.000155040654007 0.00141158299323 0.00121542730498 0.000429070698401 0.00150061560582 -0.000713011150412 0.0225512770419 0.00226144366854 0.00146062227259 0.0017459457082 0.00213859132231 0.000710044396613 
0.000755808062929 0.00183600181026 0.00304441129205 0.00234703216779 5.17955133537e-05 0.00305676818439 0.00217108842029 0.00236697134613 0.00278493607664 0.0011004303445 0.00102941790668 0.00189681709615 0.00210838887734 0.00257607959816 0.00226144366854 0.0316824111174 0.00059977712212 0.00327754966028 0.000917083490056 0.0022146509833 
-0.000199628586802 0.00241396569741 0.00208780863565 0.00360718434288 0.00302346860374 0.00207201861606 0.00135932178066 0.00412792726579 0.000204438146632 0.00320196263892 0.00142230166494 0.000676690055603 -0.000201677120756 0.000188100346654 0.00146062227259 0.00059977712212 0.024288475577 0.000741077887753 0.00166844312863 0.00217634949779 
-0.000793960327538 0.000648019713777 0.00444010171878 0.00267142078886 0.000994689184872 0.00173105231131 0.00221993529832 0.00199505930131 -0.00107810950594 0.00115886482898 0.00481992480025 -0.00244680951567 0.0017713149299 0.00196691493819 0.00174594570819 0.00327754966028 0.000741077887753 0.0235883722668 0.00439804169872 0.00230740996659 
0.00163688865419 0.00248969633136 0.00637154039287 0.00213071242258 -0.00175132283944 0.00246582197212 0.0015857280282 0.0021121684069 -0.000408288468805 0.000173785013592 0.00343208695863 0.000673229349867 0.00213032826102 0.000752226611105 0.00213859132231 0.000917083490056 0.00166844312863 0.00439804169872 0.0317679288278 0.00202257619835 
0.000276756979724 0.00229051519841 0.00208207469972 0.0006280537976 -0.00236712579121 0.00223954384129 0.00151028718957 8.37664084902e-06 0.000917013200114 0.000893825180047 0.000649004293793 0.000467409014562 0.00418361647571 6.98090537919e-05 0.000710044396613 0.0022146509833 0.00217634949779 0.00230740996659 0.00202257619835 0.023416604401 

['CZN', 'ZION', 'XRX', 'ETR', 'SUN', 'AFL', 'ABK', 'XL', 'AMD', 'RTN', 'TMO', 'MEDI', 'BEN', 'PNW', 'WYE', 'WEN', 'CI', 'BF.B', 'LUV', 'FRE']