50
-0.00953493093171 0.0731585002716 0.168192385625 0.204332601919 0.0940944116816 0.190895055806 0.00851722536111 0.0677272644226 0.0262084488718 0.109746753301 0.0230030392576 0.0413132452317 0.00477989818121 0.0172523696575 0.0697795953642 0.0594275332512 0.0161964684659 0.0560151075184 0.0370780174455 0.275152850517 0.0519302207626 0.073470583658 0.110578936942 0.0449819155318 0.0146033592013 0.0521298167044 0.0472299451056 0.0214629747746 0.101670797752 0.0160420823192 -0.00139328324831 0.0962618702605 0.0385950792128 0.036872425502 0.0913653440874 0.158066549078 0.0797862135264 0.067616439087 0.099400173405 0.0248803539628 0.0482129600444 0.00535997805058 0.0146303634135 0.0243185800675 0.088181568025 0.0704328117516 0.0279461936292 0.114977551813 0.102864057578 0.151795006465 
0.208365515026 0.0169007275176 0.0124803710447 0.0138463026604 0.0143562879982 0.00769824114745 -0.00029688537566 -0.0112712790729 0.0399512827239 -0.00463748661133 0.0158228864413 0.0146338735299 0.0110603265982 0.01129184312 -0.0088355238384 0.00133466104668 0.00538137100886 0.0132497672446 0.0130511874064 -0.00644653338811 -0.000149568403054 -0.00664671276204 0.0465251921757 0.0102901591321 0.00823904438861 0.0305783563491 0.00102113499447 0.0129804593261 0.0112877827491 0.0230989152292 0.0415699585448 -0.00570793037821 0.00120751023299 0.0111252558023 0.00629615524377 0.00392232932779 0.0194459292159 -0.00317172179335 0.0154893177732 0.074805438762 0.00882603256612 -0.00226375113272 0.0193343618674 -0.00195100172725 0.0144873064209 0.00180502480286 0.0111674091396 0.00823686243701 -0.0170606042133 0.00572900119067 
0.0169007275176 0.329053561689 0.0356016538535 -0.0118901796531 0.0460595928994 0.0331427837847 0.012628477043 -0.00737760409521 0.0137105008842 -0.0158871344929 0.00820225125337 0.0227363218397 0.0345399626297 0.00749414539738 -0.00245009257381 -0.00364425252236 0.00644715957454 0.0338687702999 -0.016525966553 -0.010156203612 0.0267090280315 0.0098216962709 0.0163350544767 0.00915304842479 0.0217461471328 0.014742777807 0.0314489939908 0.00841696638601 0.0143426128397 0.00930354534886 -0.000209315817149 -0.00417027588109 0.00269361928504 -0.000484318825815 0.0293328578641 -0.00836428446273 0.00468832678157 0.0284582504569 0.0200666043626 0.0212762140242 -0.0133856255027 0.0106452425326 0.0152201543616 0.0097790174112 0.0600944053958 -0.00789524207087 0.0271406754186 0.00975480007372 0.00498677779024 -0.0079741168037 
0.0124803710447 0.0356016538535 0.710543696812 0.00801304736876 0.0645964906348 -0.0139435321317 0.0054123193497 -0.00313633759184 -0.00691505712947 -0.00244249843148 0.0143905813397 -0.00090955996853 -0.00440017873813 0.00632373058909 0.0250569614762 -0.0270696262432 0.00752299690913 0.00593778942363 -0.00686746308036 -0.0191678692253 0.00265252150535 0.0122165938915 -0.000855375886776 0.0176304832714 0.0178937393525 0.0307148962494 -0.020214430445 0.00317167726053 -0.00549188445304 0.0252917668222 -0.0089821160769 0.00636379753178 0.00806772360908 -0.00135733994215 0.0236773646357 0.044275769506 0.00690905605945 2.88959250641e-05 0.0153850989724 0.0251523031449 0.0185755589176 0.00545277756822 -0.0146656861097 0.00214207629551 0.03053834425 0.0112456371481 0.012464515445 -0.00383507423673 0.0150268227757 0.0105994316083 
0.0138463026604 -0.0118901796531 0.00801304736876 0.896212215124 0.0283380813332 -0.0173545596482 0.00168135239736 0.0116927029551 -0.0143374516276 0.0269064409517 -0.0108311859065 0.000771640034057 -0.00590145408648 -0.00168886665521 0.0136789385867 -0.00203213498374 -0.0240703788943 -0.0133800330485 0.00610033725269 1.10830563964 -0.000808683153389 0.0181381222465 0.00642943649834 0.0127177536166 0.0313182346371 -0.0116133620911 -0.0292280532315 -0.0110823821389 0.0101818070174 -0.0037543168483 -0.00500178275825 0.0257617800827 0.000949213924613 -0.00331924289142 0.0156391017409 -0.0209470334102 -0.0280811750518 -0.0220105741081 -0.0179987578443 -0.020369376758 0.105384453021 0.0140267295124 -0.0022152911619 -0.00163801944599 0.0235523063849 -0.00795609314667 -0.00706371871984 0.0106516404974 0.022615416529 0.0093262028755 
0.0143562879982 0.0460595928994 0.0645964906348 0.0283380813332 0.344054474333 0.0209890094964 0.0223886742023 0.0119612243149 0.0176794148554 0.0685836702271 0.0177256106496 0.0277446307702 0.0094411088877 0.00279096914589 0.00596045510189 0.00289405106644 0.0173052410487 -0.0102466971776 0.0216040798788 -0.012402947942 0.0123045289628 0.0125311232199 0.0639587445812 0.0287080732288 0.0282103399511 0.0118974646655 0.0331081907069 0.0176640913263 0.0128633504734 0.0290898757951 0.0190708806358 0.0647797238031 0.0154636770545 0.0044832548069 0.0277976349729 -0.0194973240994 0.0202834842526 0.0458704031555 0.0499868423961 0.00555622897514 0.0328446930375 0.0379972469991 0.00495052399036 0.0246124237897 0.0505643834844 0.0381437981759 -0.00392582739898 0.0289699869136 0.0449508841997 0.0292232357613 
0.00769824114745 0.0331427837847 -0.0139435321317 -0.0173545596482 0.0209890094964 0.540518481344 0.00706969475896 0.00412757791587 0.0378127060739 0.00391454962706 0.0187413083899 -0.00641378145933 0.00580467151481 0.022988860334 -7.78831152076e-05 0.0131462651763 -0.00422555288702 0.00449388002796 0.0203583800383 0.0098590454766 0.0527396966544 0.11154653956 -0.0049937297404 0.0153536497182 -0.00434414824948 0.0300111225813 0.0366989784578 0.03026430903 -0.00255920387869 0.0125234495582 0.0351402992057 -0.0139285736453 0.0224786559274 0.0166079488211 0.036929570363 -0.00902614551188 0.00699987867691 0.0173900532253 0.0689097606117 0.0289194278971 0.0142827493028 0.0141583046971 0.00788823097342 -0.00990468543653 0.0637747523678 0.0367702276104 0.000517363755135 0.0798089535053 0.0264629355237 0.0862439354007 
-0.00029688537566 0.012628477043 0.0054123193497 0.00168135239736 0.0223886742023 0.00706969475896 0.135564568395 0.0231487893281 0.0247279757419 0.00581542867462 0.0141698253599 0.0132388238161 0.0172574250696 0.0184149686364 0.0120763964009 -0.00205704047689 0.00803745870653 0.00230176696394 0.00862089776118 0.0307551566785 0.0287394436417 0.00707804646008 0.0070236537129 0.0382748573046 -0.00362066555567 0.0270849310331 0.026744264243 0.00812301429739 0.0151129055289 0.0173742012326 0.0142357537704 0.0281849261082 0.0242641801068 0.0140838754829 0.00901368511652 -0.00667060227179 0.0110215556306 0.0460495273344 0.0134183270703 0.010458256647 0.027989109588 0.0177191544107 0.00780246783692 0.00343858996573 0.0085396840976 -0.00207889114314 0.0114566014546 0.0275190270763 0.0135305092707 0.0182220250492 
-0.0112712790729 -0.00737760409521 -0.00313633759184 0.0116927029551 0.0119612243149 0.00412757791587 0.0231487893281 0.298745593913 0.026016278732 0.0139222662086 0.00766299425029 0.0268743663364 0.00751069532131 0.00202018788314 -0.0127001940574 -0.00155874649583 0.0282399267273 0.00240550739234 0.0210816774628 -0.00611953715266 0.0120209667001 0.0121469119069 0.00356034422018 0.0443253431834 0.00792455984879 0.0212545473323 0.0240851426711 -0.0228143171508 -0.0064613973605 0.0342679946098 -0.00229619336096 -0.0115482895469 0.0366311526323 0.015080881075 -0.00103264793488 -0.00328776319731 0.00446997941771 0.0343405924606 0.00795353336872 0.00468957083321 0.00560094274212 0.00285020627833 0.0134089788159 0.00256836094192 0.0206552063513 0.0144627657589 -0.00523757996298 0.0018318643307 -0.00960805519012 -0.0245232240338 
0.0399512827239 0.0137105008842 -0.00691505712947 -0.0143374516276 0.0176794148554 0.0378127060739 0.0247279757419 0.026016278732 0.304840866508 0.0147680769484 0.0199223020882 0.00457600527481 0.0312233853019 0.0144628180508 -0.00441701084704 0.021190811386 0.0254275560348 0.0200094677583 0.0105090152079 -0.0188079244161 0.0147866652235 0.0388926046338 0.0253322260201 0.0115485413669 -0.00368676323911 0.0337394616278 0.0728236850425 0.0173582726067 -0.013193195085 0.0412819430328 0.00561737449793 0.00402169464093 0.0364487181403 0.0333472336775 0.0474559371879 -0.0330951787313 0.0270250696625 -0.00476978171569 0.0364119953925 0.0235436632976 0.0306388424685 0.0103737751842 0.0262748447002 -0.0129554205761 -0.0101152818621 -0.00764886377035 -0.00124001353031 0.0455122911476 -0.0127594433698 0.0418600218821 
-0.00463748661133 -0.0158871344929 -0.00244249843148 0.0269064409517 0.0685836702271 0.00391454962706 0.00581542867462 0.0139222662086 0.0147680769484 0.347726639068 0.00998407254712 0.00416536861342 0.0140305423764 -0.0218100663131 0.0253416734273 -0.00933087172305 0.0265873405671 0.01619068663 0.0240799090749 0.0027500039129 0.0149691001726 -0.00196276043888 0.00330130693428 0.00637527460288 0.0140528540353 -0.0169298141948 -0.0112776313387 0.0148269536848 0.0132323268034 0.0181167085906 -0.00193313135279 0.0844379165644 0.0271813272523 0.00627948746805 0.003873998146 0.0104553794326 0.00367626124139 0.0368633019512 0.014196265584 0.00573948131324 0.0172327149188 0.0204277937505 0.0124681567645 0.00962274708178 0.0387060914965 0.0190696201586 -7.5682867697e-05 0.0266135352919 0.188710591744 0.00998171511816 
0.0158228864413 0.00820225125338 0.0143905813397 -0.0108311859065 0.0177256106496 0.0187413083899 0.0141698253599 0.00766299425029 0.0199223020882 0.00998407254712 0.125625899278 0.0147386128289 0.0109334841714 0.008023792568 0.0109306392082 0.0169307944115 0.0197141159866 0.00773525886809 0.0288708559289 -0.00154312406915 0.0239897209508 0.00506562169389 0.0117090555442 0.0394935411744 0.0052587098623 0.0332665317031 0.00692757016004 0.0151293501433 0.0102803527126 0.0486747412437 0.00306731284572 0.00341840353043 0.0229723339991 0.0224328761593 0.00812573205866 0.00539152515904 0.0178682897007 0.0220108134844 0.00809385568436 0.00363319352869 0.0187123880344 0.0211183978074 0.0220581031726 0.00898617120418 0.0120136626398 0.000651998538841 0.00998197698152 -0.0085846859908 0.00669977738811 0.0139495819454 
0.0146338735299 0.0227363218397 -0.00090955996853 0.000771640034056 0.0277446307702 -0.00641378145933 0.0132388238161 0.0268743663364 0.0045760052748 0.00416536861342 0.0147386128289 0.139085212672 0.0128541276389 0.00662676859295 0.0136678970379 0.00837640170336 0.00950813368047 0.00530912324039 0.0154170867863 -0.00139184405225 0.00626047894792 0.0211248907268 0.0162128837332 0.0297187673013 0.00652604815176 0.0253580117444 0.0097189512807 0.0145649423853 0.00500833325213 0.00397231040277 0.0109277459159 0.00440095270389 0.016041759516 0.0116076826695 0.0176649669559 -0.0107537406415 0.0191334521735 0.00234542674049 0.0144629065873 0.0126581378828 0.00899214470338 0.0105515086206 0.00726657592948 -0.00943363383178 0.0166779108301 -0.00604623163207 0.0216456715864 -0.00236464685839 0.00372241103708 0.0026931992484 
0.0110603265982 0.0345399626297 -0.00440017873813 -0.00590145408648 0.0094411088877 0.00580467151481 0.0172574250696 0.00751069532131 0.0312233853019 0.0140305423764 0.0109334841714 0.0128541276389 0.169469662488 0.0159804516658 0.0136149421877 0.00386148679939 0.00803766068861 0.00963314351143 -0.00338167994756 0.00447619017761 0.0250982493252 0.00612137922115 0.00747185109591 0.0101140826329 -0.00932251737667 0.0117280117852 0.0166108534152 0.00312822398999 -0.00403636147543 0.014216744567 0.016535638575 0.00121315602454 0.0160230009557 0.0116657616527 -0.00311673980002 -0.0160084035706 0.024250868867 0.0117677163594 0.0162692962583 0.012351164932 0.0198751410302 0.00466625861853 -0.00127827022679 0.0173785142546 0.00708616240703 0.0109077415452 0.00773237667587 0.00221802796812 0.00424337269222 0.0253361847876 
0.01129184312 0.00749414539738 0.00632373058909 -0.00168886665521 0.00279096914589 0.022988860334 0.0184149686364 0.00202018788315 0.0144628180508 -0.0218100663131 0.008023792568 0.00662676859295 0.0159804516658 0.193561109143 -0.00147404199494 -0.00388762533171 -0.00307975093273 0.0142476231816 0.0228072450232 -0.00175909867228 0.0160501572831 0.0114360479334 -0.00262743563803 0.0131674578094 0.00679017245476 0.0270650400545 -0.00494784586968 0.0139597166031 0.00367058781632 0.0242034983109 0.00916307209398 -0.00148537439614 0.0227346217331 0.00228697588861 0.0135476369707 0.00775586709719 0.0229746942994 -0.00288730078882 0.0136520807158 0.0177659771625 0.0146327825613 0.0047060752798 0.0034607368486 0.00493633439961 0.00330642589509 -0.000527157096661 0.0049457470089 0.0229209518318 -0.0304211297629 0.0263811574925 
-0.0088355238384 -0.00245009257381 0.0250569614762 0.0136789385867 0.00596045510189 -7.78831152134e-05 0.0120763964009 -0.0127001940574 -0.00441701084704 0.0253416734273 0.0109306392082 0.0136678970379 0.0136149421877 -0.00147404199494 0.471752170084 0.00431440472492 -0.00178334000396 -0.000486441552049 0.0188391934175 0.01099476167 0.0402436215211 -0.00981813383106 0.0301507751328 0.00873931749716 0.0348304563448 0.0014857850201 0.00786993152863 0.0455806932007 0.00720181777669 0.0216361955396 0.0316509684629 0.0346951050006 0.0104375195446 0.00298638871016 0.0127636679256 0.000932459621133 0.0394559331579 0.0244472935942 0.0110271229454 0.0134781405714 0.00496025910424 0.0383051969507 0.0132015081935 0.0380053908193 0.00661131237181 0.00778754964917 0.000362930472115 0.0143555482303 0.0180712907852 0.088281453194 
0.00133466104668 -0.00364425252236 -0.0270696262432 -0.00203213498374 0.00289405106644 0.0131462651763 -0.00205704047689 -0.00155874649583 0.021190811386 -0.00933087172305 0.0169307944115 0.00837640170336 0.00386148679939 -0.00388762533171 0.00431440472492 0.226751661259 0.0133625093322 -0.00270744689719 0.0152435449764 -0.0318717305914 0.0329964182188 0.011582567455 0.00533015031115 0.0107551121053 0.00790396583884 -0.00943467003245 0.00651281547359 0.0108980823187 0.0226156378858 0.0156711723992 0.0110699508776 0.00807243710041 0.000805746496071 0.00515345952951 0.00952584619501 -0.000855710400892 -0.00673831496702 -0.0087477912038 0.0278462775432 0.0112813802801 0.0324992003409 0.0179552500986 0.00227549858596 0.0231729973937 0.00108914232957 -0.00352495687078 -0.00738047943586 -0.00122759242317 -0.000166548701683 0.034985754431 
0.00538137100886 0.00644715957454 0.00752299690914 -0.0240703788943 0.0173052410487 -0.00422555288702 0.00803745870653 0.0282399267273 0.0254275560348 0.0265873405671 0.0197141159866 0.00950813368047 0.00803766068861 -0.00307975093273 -0.00178334000396 0.0133625093322 0.157909374138 0.00949500151316 0.0191926426244 -0.0252909740246 0.0162242204328 0.0163145804709 2.40908435657e-05 0.0117798502215 0.00856235803188 0.0136861751967 0.0213053883014 0.00963725870393 0.00327969289447 0.0221290268865 0.0114271236235 0.0106365486009 0.025619902053 0.065503756016 0.0183064767915 0.0308318712209 0.0170793928275 0.0364580307373 0.0136100385007 0.0145766009748 0.0130642186085 -0.00389894578977 0.0223773780194 0.00113670288291 0.0051521083027 0.0158502920201 0.00128731612848 0.00279762210118 0.0137185155135 0.0100970804148 
0.0132497672446 0.0338687702999 0.00593778942363 -0.0133800330485 -0.0102466971776 0.00449388002797 0.00230176696394 0.00240550739234 0.0200094677583 0.01619068663 0.00773525886809 0.00530912324039 0.00963314351143 0.0142476231816 -0.00048644155205 -0.00270744689719 0.00949500151316 0.359275258488 -0.0116128323422 0.0066237018154 0.0237687538073 0.049876936626 0.00503428921086 0.00326039810957 0.00353572323155 0.00592419227247 0.00811239141936 0.0136567893033 0.0185561161948 0.0153619359935 0.0018291124166 0.00154513626208 0.0165901986805 0.0268114684341 0.0225037086001 -0.0111692870465 0.0152748906138 0.0143533152784 0.021603888649 0.00727482321558 0.0158628132887 0.0210844031913 0.00791720752878 0.0276704350797 0.0138558112429 0.00680591535962 0.00198257972952 0.00766650049953 0.000349547369641 0.0243785158802 
0.0130511874064 -0.016525966553 -0.00686746308036 0.00610033725269 0.0216040798788 0.0203583800383 0.00862089776119 0.0210816774628 0.0105090152079 0.0240799090749 0.0288708559289 0.0154170867863 -0.00338167994755 0.0228072450232 0.0188391934175 0.0152435449764 0.0191926426244 -0.0116128323422 0.181311100537 -0.00797178511016 0.012840048855 0.014558044568 -0.00831380970538 0.0384168960602 -0.0100499137684 0.0125717797758 0.0361873187707 0.0197956552818 0.0141173733417 0.0366737130377 0.017067439097 0.0149171864715 0.0392126804753 0.0434026931268 0.0277258184098 -0.0118387637168 0.0330125603318 0.0116493425039 0.0346305048317 0.0125008374447 0.0263421077539 0.00857012029933 0.00079382515205 0.000985755685192 0.00646568526171 -0.0107571913246 0.0222112475432 0.00562312372184 -0.0115129181638 0.0203992169617 
-0.00644653338811 -0.010156203612 -0.0191678692253 1.10830563964 -0.012402947942 0.00985904547659 0.0307551566785 -0.00611953715266 -0.0188079244161 0.0027500039129 -0.00154312406915 -0.00139184405225 0.00447619017761 -0.00175909867228 0.01099476167 -0.0318717305914 -0.0252909740246 0.0066237018154 -0.00797178511016 2.47658952471 0.00723710168985 0.00827588157622 0.0120033607958 -0.022674381609 0.0324336087276 0.00152665245262 -0.02025836684 0.00933498461519 0.00931015378158 -0.0036860236914 -0.0374181547254 0.00358206592395 0.0134201003079 -0.023172283288 -0.0298197610141 -0.0118367242484 -0.0113021907885 -0.0576325442056 -0.021805001753 -0.014299741008 0.162130716281 0.00534414260225 -0.00647735281466 -0.00796874627508 -0.00189541496401 -0.0115150728327 0.0307515353729 -0.0113195604281 -0.000321813200704 0.0285399650696 
-0.000149568403055 0.0267090280315 0.00265252150535 -0.000808683153389 0.0123045289628 0.0527396966544 0.0287394436417 0.0120209667001 0.0147866652235 0.0149691001726 0.0239897209508 0.00626047894792 0.0250982493252 0.0160501572831 0.0402436215211 0.0329964182188 0.0162242204328 0.0237687538073 0.012840048855 0.00723710168985 0.258982641708 0.0599303047324 0.00459861579115 0.0228501015807 0.00448259714131 -0.00197332112207 0.0283669672714 0.0408789273364 0.00306070602939 0.0213044962558 0.0289344266413 0.0406605232188 0.00537363082232 0.0248095727575 0.026082566642 -0.00710058426273 0.0197813907871 0.00205879308895 0.00781183788085 0.00885499446118 0.0047133176227 0.0588923051309 -0.00606242893592 0.00305458705953 -0.00213773459457 0.00994921054262 0.0111019600519 0.0191594919605 -0.000282114411441 0.0520052825936 
-0.00664671276204 0.0098216962709 0.0122165938915 0.0181381222465 0.0125311232199 0.11154653956 0.00707804646008 0.0121469119069 0.0388926046338 -0.00196276043888 0.00506562169389 0.0211248907268 0.00612137922115 0.0114360479334 -0.00981813383106 0.011582567455 0.0163145804709 0.049876936626 0.014558044568 0.00827588157622 0.0599303047324 0.424845096489 -0.0093481968276 0.0379742156932 0.0158408444863 0.00754650187343 0.0182038552659 0.0121657679168 0.0385884165277 0.0386729649192 0.0252757097707 0.0391370916944 0.025299974313 0.0183827449909 0.0356588141626 -0.0146338450646 0.00671618787091 0.0278337836978 0.0433042507512 0.0302069365871 0.0280068548688 0.0254083953926 0.0212357771332 0.0204813941125 0.0129002337582 0.0215026416044 0.00660965804311 0.0716243563956 -0.0255631168187 0.154057991063 
0.0465251921757 0.0163350544767 -0.000855375886778 0.00642943649834 0.0639587445812 -0.0049937297404 0.0070236537129 0.00356034422018 0.0253322260201 0.00330130693428 0.0117090555442 0.0162128837332 0.00747185109591 -0.00262743563803 0.0301507751328 0.00533015031115 2.40908435646e-05 0.00503428921085 -0.00831380970538 0.0120033607958 0.00459861579115 -0.0093481968276 0.838958549579 0.000911580106565 0.0147944151225 0.014089537848 -0.0125476507489 0.00613229076304 0.021432889321 0.0200531632975 0.0180841158787 0.00378615395118 0.0183687094952 -0.0177617650277 -0.0278625026908 -0.0111059531322 0.0463341423808 0.065783416601 0.0494529571064 0.0177908558839 -0.00500198540168 0.00460989328221 -0.00504693319399 0.0124139730521 0.0291441684329 0.0398089791127 0.0204740335321 0.0339544099418 0.00409201339761 0.0266333838953 
0.0102901591321 0.00915304842479 0.0176304832714 0.0127177536166 0.0287080732288 0.0153536497182 0.0382748573046 0.0443253431834 0.0115485413669 0.00637527460288 0.0394935411744 0.0297187673013 0.0101140826329 0.0131674578094 0.00873931749716 0.0107551121053 0.0117798502215 0.00326039810957 0.0384168960602 -0.022674381609 0.0228501015807 0.0379742156932 0.000911580106567 0.20926537874 0.00189732611503 0.0498090522671 0.0266939658539 0.0163042934596 -0.00199783619512 0.0445660017169 0.0092480918313 0.0146820605992 0.0281400083187 0.0159575407362 0.0295771884939 -0.00805993296323 0.0241459925253 0.0303740335181 0.0130238523405 0.00312650424006 0.0241362947551 0.0238034639351 0.00216562553478 0.0183073243551 0.0179974323202 0.00244145478658 0.0146576206708 -0.0136505274654 0.0168616203985 0.0134060562487 
0.00823904438861 0.0217461471328 0.0178937393525 0.0313182346371 0.0282103399511 -0.00434414824948 -0.00362066555567 0.00792455984879 -0.0036867632391 0.0140528540353 0.00525870986229 0.00652604815176 -0.00932251737667 0.00679017245477 0.0348304563448 0.00790396583884 0.00856235803188 0.00353572323155 -0.0100499137684 0.0324336087276 0.0044825971413 0.0158408444863 0.0147944151225 0.00189732611504 0.162191516703 -0.00500012111241 -0.00301536925393 0.00037110083862 0.0275027145264 -0.00329083005662 0.00212892796966 0.00994455671169 0.00436099991532 -0.00361649787624 0.0183569304151 0.0271150803991 0.0102075868967 0.0036422704168 -0.00798246811912 0.0195957712064 -0.00183605182638 0.00493137269734 0.0165638902677 0.0229531910269 0.0288313559707 -0.0026944161388 0.00220529366821 -0.00136382769138 0.00303106913966 0.0166611375308 
0.0305783563492 0.014742777807 0.0307148962494 -0.0116133620911 0.0118974646655 0.0300111225813 0.0270849310331 0.0212545473323 0.0337394616278 -0.0169298141948 0.0332665317031 0.0253580117444 0.0117280117852 0.0270650400545 0.0014857850201 -0.00943467003245 0.0136861751967 0.00592419227247 0.0125717797758 0.00152665245262 -0.00197332112207 0.00754650187343 0.014089537848 0.0498090522671 -0.0050001211124 0.136014148395 0.0257544091816 0.00538024931151 -0.00766825241688 0.0406890105686 0.000144100403562 -0.018918933097 0.0135865271225 0.00362424565141 0.0147454319176 0.0014415045236 0.0382501583091 0.0197221746144 0.0258338246178 0.0176705439828 0.0253443633823 0.00872925443677 0.0192612628853 0.017804206347 0.0101679291765 0.00799645949327 -7.35052641766e-05 0.0241622110773 -0.00838882907155 0.00119570258316 
0.00102113499447 0.0314489939908 -0.020214430445 -0.0292280532315 0.0331081907069 0.0366989784578 0.026744264243 0.0240851426711 0.0728236850425 -0.0112776313387 0.00692757016004 0.0097189512807 0.0166108534152 -0.00494784586968 0.00786993152863 0.00651281547359 0.0213053883014 0.00811239141936 0.0361873187707 -0.02025836684 0.0283669672714 0.0182038552659 -0.0125476507489 0.0266939658539 -0.00301536925393 0.0257544091816 0.255755711674 -0.0126988931508 0.0352766415836 0.0291719435103 -0.00885677178843 0.0304269607564 0.0148958301035 0.0218569849026 0.0433015923585 0.00721379648971 0.028360651875 0.0129932223382 0.0362116667391 0.00994131247225 0.0232274365181 0.0220263337065 0.0225995594717 0.0294445039138 -0.0143318274135 0.022349282521 0.00607414119656 0.0705414043736 0.0366266024701 -0.0089789197114 
0.0129804593261 0.00841696638601 0.00317167726053 -0.0110823821389 0.0176640913263 0.03026430903 0.00812301429739 -0.0228143171508 0.0173582726067 0.0148269536848 0.0151293501434 0.0145649423853 0.00312822398998 0.0139597166031 0.0455806932007 0.0108980823187 0.00963725870392 0.0136567893033 0.0197956552818 0.00933498461519 0.0408789273364 0.0121657679168 0.00613229076304 0.0163042934596 0.000371100838611 0.0053802493115 -0.0126988931508 0.144790259748 -0.00288940428799 0.0168489905642 -0.0155536460163 0.00890953806631 0.0104909333313 0.011804439048 0.0123206657404 -0.0287949847554 0.0275996607895 0.0105339265188 0.00029144479811 0.0357141855572 0.00954644400537 0.0250351946506 0.00130639499289 -0.0189103402248 0.0150166086194 0.0256648520137 0.0163119625461 0.00867908561629 0.00566916108307 0.0481856822316 
0.0112877827491 0.0143426128397 -0.00549188445304 0.0101818070174 0.0128633504734 -0.00255920387869 0.0151129055289 -0.0064613973605 -0.013193195085 0.0132323268034 0.0102803527126 0.00500833325213 -0.00403636147543 0.00367058781632 0.00720181777669 0.0226156378858 0.00327969289447 0.0185561161948 0.0141173733417 0.00931015378158 0.00306070602939 0.0385884165277 0.021432889321 -0.00199783619513 0.0275027145264 -0.00766825241688 0.0352766415837 -0.00288940428799 0.286131238928 0.00867283891913 0.0114822017483 0.00717500749404 0.0275491576601 0.0115830521645 0.025048143345 0.0074248977671 0.00118305047178 0.000741703399773 -0.00917253232683 0.0145914527563 0.0152746490814 0.000724582379518 0.00714046499851 0.0348670739807 0.00549077962271 0.0867519571873 0.000501722058587 -0.0129887736777 0.00448897122324 0.00534035382951 
0.0230989152292 0.00930354534886 0.0252917668222 -0.0037543168483 0.0290898757951 0.0125234495582 0.0173742012326 0.0342679946098 0.0412819430328 0.0181167085906 0.0486747412437 0.00397231040277 0.014216744567 0.0242034983109 0.0216361955396 0.0156711723992 0.0221290268865 0.0153619359935 0.0366737130377 -0.00368602369139 0.0213044962558 0.0386729649192 0.0200531632975 0.0445660017169 -0.00329083005661 0.0406890105686 0.0291719435103 0.0168489905642 0.00867283891913 0.158728661766 0.00619337597668 0.0230316597218 0.0389221502903 0.0264375659573 0.0267302077844 0.0180489540305 0.0409430192942 0.0295306333596 0.0178831899613 0.00870120516752 0.0293299274125 0.0218815868194 0.00253605581164 0.00248424191195 0.010048013924 0.0135273596896 0.0120616497865 -0.0048427122123 0.00102020136595 0.0273266126381 
0.0415699585448 -0.000209315817149 -0.0089821160769 -0.00500178275825 0.0190708806358 0.0351402992057 0.0142357537704 -0.00229619336096 0.00561737449794 -0.00193313135278 0.00306731284572 0.0109277459159 0.016535638575 0.00916307209398 0.0316509684629 0.0110699508776 0.0114271236235 0.0018291124166 0.017067439097 -0.0374181547254 0.0289344266413 0.0252757097707 0.0180841158787 0.0092480918313 0.00212892796966 0.000144100403561 -0.00885677178843 -0.0155536460163 0.0114822017483 0.00619337597668 0.353695247143 0.0247622892934 0.000641747091002 -0.00192010524266 0.0286755688921 -0.0248449364433 0.00303509798704 0.0149280175672 0.0387667879552 0.0556306127007 0.0148477224827 0.000466245204053 0.0345801198403 0.0336854504236 0.00306924316525 0.00574795574982 -0.00925670688305 0.00240499133555 0.00491248645412 0.0280803904938 
-0.00570793037821 -0.00417027588109 0.00636379753178 0.0257617800827 0.0647797238031 -0.0139285736453 0.0281849261082 -0.0115482895469 0.00402169464093 0.0844379165644 0.00341840353043 0.00440095270389 0.00121315602454 -0.00148537439614 0.0346951050006 0.00807243710041 0.0106365486009 0.00154513626208 0.0149171864715 0.00358206592395 0.0406605232188 0.0391370916944 0.00378615395118 0.0146820605992 0.00994455671169 -0.018918933097 0.0304269607564 0.00890953806631 0.00717500749404 0.0230316597218 0.0247622892934 0.355569024178 0.028994962829 0.012713640455 0.0114908349215 0.0416843491259 0.0180401759715 0.0204689144107 0.04822307256 0.0134507285603 0.00562287819162 0.0270956733302 0.00907927616743 0.0298735809682 -0.00223901417135 0.00338649283143 0.012041165307 0.0536145836564 0.130237699439 0.0461462040892 
0.00120751023299 0.00269361928504 0.00806772360908 0.000949213924612 0.0154636770545 0.0224786559274 0.0242641801068 0.0366311526323 0.0364487181403 0.0271813272523 0.0229723339991 0.016041759516 0.0160230009557 0.0227346217331 0.0104375195446 0.000805746496068 0.025619902053 0.0165901986805 0.0392126804753 0.0134201003079 0.00537363082232 0.025299974313 0.0183687094952 0.0281400083188 0.00436099991534 0.0135865271225 0.0148958301035 0.0104909333313 0.0275491576601 0.0389221502903 0.000641747091003 0.028994962829 0.194169895413 0.0245521428001 0.0447471610086 -0.0191995620428 0.0203930898197 0.00782104359071 0.0291692389681 0.0171246342527 0.0185615715523 0.0127125109892 0.0121835865261 0.0149096780638 0.0124459243953 0.00501052791378 0.012848583719 0.0117826347279 0.0108894417565 0.0239617401418 
0.0111252558023 -0.000484318825815 -0.00135733994215 -0.00331924289142 0.0044832548069 0.0166079488211 0.0140838754829 0.015080881075 0.0333472336775 0.00627948746805 0.0224328761593 0.0116076826695 0.0116657616527 0.00228697588862 0.00298638871016 0.00515345952951 0.065503756016 0.0268114684341 0.0434026931268 -0.023172283288 0.0248095727575 0.0183827449909 -0.0177617650277 0.0159575407362 -0.00361649787625 0.00362424565141 0.0218569849026 0.011804439048 0.0115830521645 0.0264375659573 -0.00192010524266 0.012713640455 0.0245521428001 0.161126696381 0.0186164876347 0.016315803979 0.018974171139 0.0189902656181 0.0212634146165 -0.000458917670595 0.0100591229992 0.00172203597937 0.0161360081104 -0.00470926104414 0.0127705734807 -0.00348216691546 0.00844858919141 0.0219902997268 -0.002080706559 -0.00413514392664 
0.00629615524377 0.0293328578641 0.0236773646357 0.015639101741 0.0277976349729 0.036929570363 0.00901368511653 -0.00103264793488 0.0474559371879 0.003873998146 0.00812573205866 0.0176649669559 -0.00311673980002 0.0135476369707 0.0127636679256 0.009525846195 0.0183064767915 0.0225037086001 0.0277258184097 -0.0298197610141 0.026082566642 0.0356588141626 -0.0278625026908 0.0295771884938 0.018356930415 0.0147454319176 0.0433015923585 0.0123206657404 0.025048143345 0.0267302077844 0.0286755688921 0.0114908349215 0.0447471610086 0.0186164876347 0.366867302422 0.0221541020208 0.0297363529984 0.0251050417557 0.038674134695 0.0212700237658 0.0349604111253 0.0158930436426 0.0265580078404 0.0274346697636 0.0417411250281 0.00419110225776 0.0170661868429 0.00631790876117 -0.00367290395551 0.0530728226695 
0.00392232932779 -0.00836428446273 0.044275769506 -0.0209470334102 -0.0194973240994 -0.00902614551188 -0.00667060227179 -0.00328776319731 -0.0330951787313 0.0104553794326 0.00539152515904 -0.0107537406415 -0.0160084035706 0.00775586709719 0.000932459621133 -0.000855710400893 0.0308318712209 -0.0111692870465 -0.0118387637168 -0.0118367242484 -0.00710058426273 -0.0146338450646 -0.0111059531322 -0.00805993296323 0.0271150803991 0.0014415045236 0.00721379648971 -0.0287949847554 0.0074248977671 0.0180489540305 -0.0248449364433 0.0416843491259 -0.0191995620428 0.016315803979 0.0221541020208 0.682774374332 0.00920912556642 -0.00354597469856 -0.0215293215155 0.0107530917311 -0.0221264148418 -0.00563536849325 0.00469649388686 0.0166711442914 0.00945641684549 -0.0172362546275 -0.0162801269346 -0.0207535651436 -0.0104164643532 -0.0256800045764 
0.0194459292159 0.00468832678157 0.00690905605945 -0.0280811750518 0.0202834842526 0.00699987867691 0.0110215556306 0.0044699794177 0.0270250696625 0.00367626124139 0.0178682897007 0.0191334521735 0.024250868867 0.0229746942994 0.0394559331579 -0.00673831496702 0.0170793928275 0.0152748906138 0.0330125603319 -0.0113021907885 0.0197813907871 0.00671618787091 0.0463341423808 0.0241459925253 0.0102075868967 0.0382501583091 0.028360651875 0.0275996607895 0.00118305047178 0.0409430192942 0.00303509798704 0.0180401759715 0.0203930898197 0.018974171139 0.0297363529984 0.00920912556642 0.227801871837 0.0333752143442 0.0227802346395 -0.00612076313452 -0.000986744792326 0.0195994082583 0.00935812830844 -0.00485432179288 0.00698645037798 0.0314305034422 -0.00227901771566 -0.0145414911014 0.0150103657689 -0.0137270143102 
-0.00317172179335 0.0284582504569 2.88959250641e-05 -0.0220105741081 0.0458704031555 0.0173900532253 0.0460495273344 0.0343405924606 -0.00476978171568 0.0368633019512 0.0220108134844 0.00234542674049 0.0117677163594 -0.00288730078882 0.0244472935942 -0.0087477912038 0.0364580307373 0.0143533152784 0.0116493425039 -0.0576325442056 0.00205879308895 0.0278337836978 0.065783416601 0.0303740335181 0.0036422704168 0.0197221746144 0.0129932223382 0.0105339265188 0.000741703399773 0.0295306333596 0.0149280175672 0.0204689144107 0.00782104359071 0.0189902656182 0.0251050417557 -0.00354597469856 0.0333752143442 0.385590958232 0.0234125982698 0.00316769727426 0.0310573227109 0.0217704158374 0.00604047153755 0.012289854009 0.120464160784 0.0564720464169 0.000915847462786 0.00550403623693 0.0417087856269 0.00260994202023 
0.0154893177732 0.0200666043626 0.0153850989724 -0.0179987578443 0.0499868423961 0.0689097606117 0.0134183270702 0.00795353336872 0.0364119953925 0.014196265584 0.00809385568436 0.0144629065873 0.0162692962583 0.0136520807158 0.0110271229454 0.0278462775432 0.0136100385006 0.021603888649 0.0346305048317 -0.021805001753 0.00781183788085 0.0433042507512 0.0494529571064 0.0130238523405 -0.00798246811912 0.0258338246178 0.0362116667391 0.000291444798109 -0.00917253232683 0.0178831899613 0.0387667879552 0.04822307256 0.0291692389681 0.0212634146165 0.038674134695 -0.0215293215155 0.0227802346395 0.0234125982698 0.341433000364 0.0127417893528 0.0345903575295 0.0053553002004 -0.00240022559798 -0.00683885665629 0.0662907312994 0.0297504281586 0.0217768503128 0.00559078856591 0.00275018590254 0.0276147055573 
0.074805438762 0.0212762140242 0.0251523031449 -0.020369376758 0.00555622897513 0.0289194278971 0.010458256647 0.00468957083321 0.0235436632976 0.00573948131324 0.00363319352868 0.0126581378828 0.012351164932 0.0177659771625 0.0134781405714 0.0112813802801 0.0145766009748 0.00727482321558 0.0125008374447 -0.014299741008 0.00885499446118 0.0302069365871 0.0177908558839 0.00312650424006 0.0195957712064 0.0176705439828 0.00994131247225 0.0357141855572 0.0145914527563 0.00870120516752 0.0556306127007 0.0134507285603 0.0171246342527 -0.000458917670594 0.0212700237658 0.0107530917311 -0.00612076313452 0.00316769727426 0.0127417893528 0.234281973476 0.021815166564 0.00758099378879 0.0275073534289 0.00422029730862 0.021402796433 0.00594834941924 -0.0011575204207 0.00292828737689 -0.0115118599818 0.0128273755266 
0.00882603256612 -0.0133856255027 0.0185755589176 0.105384453021 0.0328446930375 0.0142827493028 0.027989109588 0.00560094274212 0.0306388424685 0.0172327149188 0.0187123880344 0.00899214470338 0.0198751410302 0.0146327825613 0.00496025910424 0.0324992003409 0.0130642186085 0.0158628132887 0.0263421077539 0.162130716281 0.0047133176227 0.0280068548688 -0.00500198540168 0.0241362947551 -0.00183605182637 0.0253443633823 0.0232274365181 0.00954644400537 0.0152746490814 0.0293299274125 0.0148477224827 0.00562287819162 0.0185615715523 0.0100591229991 0.0349604111253 -0.0221264148418 -0.000986744792329 0.0310573227109 0.0345903575295 0.021815166564 0.201572029335 0.00396698686051 0.00337693811315 0.00758484550631 0.0106838524918 0.00164540299742 -0.00381355525619 0.0137104709502 0.00256025017578 0.0256766818873 
-0.00226375113272 0.0106452425326 0.00545277756822 0.0140267295124 0.0379972469991 0.0141583046971 0.0177191544107 0.00285020627834 0.0103737751842 0.0204277937505 0.0211183978074 0.0105515086206 0.00466625861854 0.00470607527979 0.0383051969507 0.0179552500986 -0.00389894578975 0.0210844031913 0.00857012029934 0.00534414260224 0.0588923051309 0.0254083953926 0.00460989328222 0.0238034639351 0.00493137269735 0.00872925443678 0.0220263337065 0.0250351946506 0.000724582379519 0.0218815868194 0.000466245204056 0.0270956733302 0.0127125109892 0.00172203597934 0.0158930436426 -0.00563536849325 0.0195994082583 0.0217704158374 0.0053553002004 0.00758099378877 0.00396698686051 0.120538507051 0.0137238848224 0.0202870994483 -0.00469779988637 0.00229550885729 0.00624015611345 0.00089442974565 0.0108564784937 0.0334555807368 
0.0193343618674 0.0152201543616 -0.0146656861097 -0.0022152911619 0.00495052399036 0.00788823097341 0.00780246783692 0.0134089788159 0.0262748447002 0.0124681567645 0.0220581031726 0.00726657592948 -0.00127827022679 0.0034607368486 0.0132015081935 0.00227549858596 0.0223773780194 0.00791720752878 0.000793825152048 -0.00647735281467 -0.00606242893592 0.0212357771332 -0.00504693319399 0.00216562553477 0.0165638902677 0.0192612628853 0.0225995594717 0.00130639499289 0.0071404649985 0.00253605581165 0.0345801198403 0.00907927616742 0.0121835865261 0.0161360081104 0.0265580078404 0.00469649388686 0.00935812830845 0.00604047153755 -0.00240022559798 0.0275073534289 0.00337693811316 0.0137238848224 0.153663626604 0.0122849510646 0.00892216780799 0.00740608836468 0.0138765923884 0.0170490100437 -0.00667743369584 0.00396690320707 
-0.00195100172725 0.0097790174112 0.00214207629551 -0.00163801944599 0.0246124237897 -0.00990468543653 0.00343858996573 0.00256836094192 -0.0129554205761 0.00962274708178 0.00898617120418 -0.00943363383178 0.0173785142546 0.00493633439961 0.0380053908193 0.0231729973937 0.00113670288291 0.0276704350797 0.000985755685191 -0.00796874627508 0.00305458705953 0.0204813941125 0.0124139730521 0.0183073243551 0.0229531910269 0.017804206347 0.0294445039138 -0.0189103402248 0.0348670739807 0.00248424191195 0.0336854504236 0.0298735809682 0.0149096780638 -0.00470926104414 0.0274346697636 0.0166711442914 -0.00485432179288 0.012289854009 -0.00683885665629 0.00422029730862 0.00758484550631 0.0202870994483 0.0122849510646 0.221621946448 0.00653461651036 -0.00245905836013 0.00550330088476 -0.0121474193125 -0.00469885214272 0.0148516732353 
0.0144873064209 0.0600944053958 0.03053834425 0.0235523063849 0.0505643834844 0.0637747523678 0.0085396840976 0.0206552063513 -0.0101152818621 0.0387060914965 0.0120136626398 0.0166779108301 0.00708616240703 0.00330642589509 0.00661131237182 0.00108914232957 0.0051521083027 0.0138558112429 0.0064656852617 -0.00189541496401 -0.00213773459457 0.0129002337582 0.0291441684329 0.0179974323202 0.0288313559707 0.0101679291765 -0.0143318274135 0.0150166086194 0.00549077962271 0.010048013924 0.00306924316525 -0.00223901417135 0.0124459243953 0.0127705734807 0.0417411250281 0.00945641684548 0.00698645037798 0.120464160784 0.0662907312994 0.021402796433 0.0106838524918 -0.00469779988638 0.00892216780799 0.00653461651036 0.342343205206 0.040724841768 0.0144876433168 -0.0342007416072 0.032610417194 0.0354321096666 
0.00180502480286 -0.00789524207087 0.0112456371481 -0.00795609314667 0.0381437981759 0.0367702276104 -0.00207889114313 0.0144627657589 -0.00764886377035 0.0190696201586 0.000651998538837 -0.00604623163207 0.0109077415452 -0.000527157096659 0.00778754964917 -0.00352495687078 0.0158502920201 0.00680591535962 -0.0107571913246 -0.0115150728327 0.00994921054262 0.0215026416044 0.0398089791127 0.00244145478658 -0.00269441613881 0.00799645949327 0.022349282521 0.0256648520137 0.0867519571873 0.0135273596896 0.00574795574982 0.00338649283144 0.00501052791378 -0.00348216691546 0.00419110225776 -0.0172362546275 0.0314305034422 0.0564720464169 0.0297504281586 0.00594834941924 0.00164540299742 0.0022955088573 0.00740608836468 -0.00245905836013 0.040724841768 0.267927889708 0.00622293175179 0.0302841765686 -0.00985616826237 -0.020852682828 
0.0111674091396 0.0271406754186 0.012464515445 -0.00706371871984 -0.00392582739898 0.000517363755136 0.0114566014546 -0.00523757996298 -0.00124001353031 -7.56828676986e-05 0.00998197698152 0.0216456715864 0.00773237667588 0.0049457470089 0.000362930472116 -0.00738047943586 0.00128731612848 0.00198257972952 0.0222112475432 0.0307515353729 0.0111019600519 0.00660965804312 0.0204740335321 0.0146576206708 0.00220529366821 -7.35052641798e-05 0.00607414119656 0.0163119625461 0.000501722058585 0.0120616497865 -0.00925670688305 0.012041165307 0.012848583719 0.00844858919141 0.0170661868429 -0.0162801269346 -0.00227901771566 0.000915847462783 0.0217768503128 -0.00115752042069 -0.00381355525618 0.00624015611345 0.0138765923884 0.00550330088476 0.0144876433168 0.00622293175179 0.18595816083 0.00503999954034 0.00857250499502 0.00154584554646 
