30
0.0907505897935 0.0952470994091 0.0905831054983 0.0751688044393 0.0639224219563 -0.00694067656108 0.0431815223905 0.034888990542 0.0499403633474 0.0948967479515 0.0511719962834 0.0328562524986 0.0288411222523 -0.0014382556632 0.0578888041786 0.0697795953642 0.0939670182087 0.0372282541949 0.0833786368315 0.0270606760034 0.0205902908148 0.0121413644826 0.0916953774684 0.110057805124 0.00792878112812 0.00108215816497 0.0917148498368 0.070293401022 0.0566389432936 0.155431064381 
0.334521415568 0.0369849761646 0.0504839666393 0.0636572171658 0.00879961773685 0.0170253914136 0.0268100932439 -0.0105354986688 0.0221924370895 -0.00241566457012 0.0552938778035 0.023395456421 0.0230593529467 0.0136433437387 -0.0196804093204 0.00818917961021 0.0318689359016 0.0199900592145 0.0167850900303 -0.00419013485714 -0.00340112598968 -0.00303187944305 0.00620833506033 0.0140770600873 0.0274422715552 0.0198554363155 0.0271657759352 0.0208692238419 0.0229810286155 0.00918592465241 
0.0369849761646 0.448499689061 0.00945473074402 0.0232170164786 0.068416747453 0.0241325179216 0.0104335535343 0.0191702969194 0.0260409238766 0.00660316225452 0.00439443829652 -0.0211756118958 0.0402082807326 0.00365889852885 0.0459165676017 0.0109377703425 0.019277673111 0.0341791444304 0.0688583618204 0.0178222522634 0.034064402331 0.0202875375863 0.11324346261 0.0894437018527 0.0112117644221 0.0153076299063 0.0202102844824 -0.00129184804259 0.00262812815867 0.0205454378032 
0.0504839666393 0.00945473074402 0.314408339742 0.0265256015446 0.017887872093 0.0264263344356 -0.00717850922154 0.0384236691174 0.032163765334 0.00900109593733 0.0126209317795 -0.000421978480546 0.011287627824 -0.00431300482115 0.00962065828851 0.0425349569155 0.0180301346222 0.0225493170536 0.0113868202089 0.0178780716522 0.0203567877884 0.0408809142334 0.0402380636154 0.0277842788195 -0.00402434593633 -0.0096624404857 0.0242674449416 0.0007571917555 0.0112128153858 0.0371224065612 
0.0636572171658 0.0232170164786 0.0265256015446 0.330151583163 0.00616009267611 0.0214526693145 -0.00404490073387 0.0249358040898 0.0129309889572 0.0100632374256 0.0339335184582 0.0376228542448 0.0496631635309 -0.0105797504973 -0.00768460873479 -0.0204705646218 0.0284695887141 0.0251710416057 0.0506401284837 -0.0168785154273 0.0092497615602 0.00356438609166 0.0645878472896 0.0606038164878 0.0374001126544 0.00695356733152 0.017736224585 0.0207810619398 -0.00423285796516 0.0116153620783 
0.00879961773685 0.068416747453 0.017887872093 0.00616009267611 0.453131370344 0.0467337536695 0.00894093197358 0.0101237376051 0.0424644731369 0.0212453621632 0.0146457116577 0.0460339997023 0.0275265691418 0.00330214668635 0.0489213305157 0.00347512053945 0.0437837098141 0.0407224110497 0.0217910372873 0.0255469772155 -0.00578728981383 0.0210851162387 0.0325037900271 0.0219757142017 0.0343251180617 0.0193804347206 0.0442098283028 0.0414912544848 0.0040105351032 0.0146106995035 
0.0170253914136 0.0241325179216 0.0264263344356 0.0214526693145 0.0467337536695 0.395122548408 0.0226943701906 0.00357869372802 -0.00868862885048 0.0159616687301 0.012235694776 -0.00821187422159 -0.00205158469775 -0.00636078815308 0.0200910878607 0.0149830804563 0.00290674938241 0.0341340188179 0.00805589363968 -0.00111808305207 0.0163113227338 0.0167982467522 0.0345878910269 0.0545066769636 0.00204081862065 0.0567383675324 0.0146707770206 0.0260655270314 0.009645906407 0.033363979332 
0.0268100932439 0.0104335535343 -0.00717850922154 -0.00404490073387 0.00894093197358 0.0226943701906 0.21250356653 0.0141391194485 0.0122157026852 0.0177550475798 -0.0194081402978 0.0117197808676 0.00545472776369 -7.33917685261e-05 0.0028483187552 0.0225723539066 0.0185312690139 0.0157975241733 0.0103538707468 0.0148581950416 0.0349954083884 0.00892381209326 0.0457544810117 0.0344075456783 0.0149071000828 0.00821347419613 0.0131751838587 0.0360246780437 0.0101887303374 0.0172474870881 
-0.0105354986688 0.0191702969194 0.0384236691174 0.0249358040898 0.0101237376051 0.00357869372802 0.0141391194485 0.15020284086 0.0104793380389 0.0135777391962 9.67482520468e-05 0.0154818130791 0.0194642572342 0.0217381384072 0.0117536639786 0.0414678147647 0.0161196127863 0.0148552444835 0.00869242431344 0.00945232341293 -0.00442404701817 0.0180433981742 0.0289388821993 0.0114261764137 -0.00752164433048 0.00225887682701 0.0222269765834 0.0163106404622 0.00385512220424 0.01459088755 
0.0221924370895 0.0260409238766 0.032163765334 0.0129309889572 0.0424644731369 -0.00868862885048 0.0122157026852 0.0104793380389 0.268797300993 0.0456773422113 0.0211865442355 0.0155302451774 0.00774276548792 -0.00227816623419 0.0596894814114 0.0463983953825 0.0418151452991 0.017360712927 0.0309247944711 0.0551322798889 0.0222841855662 0.0564525640974 0.0105607872451 0.0233839422446 0.00370670921124 0.024833791019 0.0379876738568 0.0180396089606 0.0102242713033 0.0273240984098 
-0.00241566457012 0.00660316225452 0.00900109593733 0.0100632374256 0.0212453621632 0.0159616687301 0.0177550475798 0.0135777391962 0.0456773422113 0.556985097457 -0.0242262096443 0.0358404999549 0.0128918036569 0.0125256863076 0.00591054741833 0.019854432301 0.00746192070538 0.0200956233121 -0.00693798051837 0.0317063049095 0.0621360618662 0.0413817364025 0.0161797535141 -0.0104640524221 0.0238076751107 0.0341533947563 0.00459540355397 -0.0183235662755 0.0121865879794 0.0110283029072 
0.0552938778035 0.00439443829652 0.0126209317795 0.0339335184582 0.0146457116577 0.012235694776 -0.0194081402978 9.67482520468e-05 0.0211865442355 -0.0242262096443 0.315913309334 -0.00119304380504 0.0243564221069 -0.00857851025865 -0.00584450737928 0.0346904764522 0.0247992850183 0.00672655616607 0.0327758453671 -0.00135766945056 0.00010639405778 0.000526610570687 0.00109024675194 0.0121810455355 0.00535028045864 -0.000332726194766 0.0210518341118 0.00672236985757 -0.00720470454494 -0.00744694029057 
0.023395456421 -0.0211756118958 -0.000421978480546 0.0376228542448 0.0460339997023 -0.00821187422159 0.0117197808676 0.0154818130791 0.0155302451774 0.0358404999549 -0.00119304380504 0.322200481589 0.000878579717085 0.00752214016798 0.0268426712025 0.0300467810351 0.0281418218312 0.0314682429783 0.0330980802498 0.0312146557589 0.0303565005918 -0.0151987551562 0.0277044497751 0.0537923194632 0.0243848978764 0.000314359479553 0.012806429059 -0.0172704495768 0.000661770044985 0.0236665643241 
0.0230593529467 0.0402082807326 0.011287627824 0.0496631635309 0.0275265691418 -0.00205158469775 0.00545472776369 0.0194642572342 0.00774276548792 0.0128918036569 0.0243564221069 0.000878579717085 0.183648491682 -0.00730681185194 0.00422353266605 0.00440041165932 0.0422407693491 0.0159053504694 0.00761116357659 0.00931157731542 0.0141202654687 0.0256313613811 0.0380819697113 0.0368034431481 0.0137589310899 0.00801550429875 0.0330213409691 0.00236449377634 0.00340323822302 0.00515508960459 
0.0136433437387 0.00365889852885 -0.00431300482115 -0.0105797504973 0.00330214668635 -0.00636078815308 -7.33917685261e-05 0.0217381384072 -0.00227816623419 0.0125256863076 -0.00857851025865 0.00752214016798 -0.00730681185194 0.228625862186 0.00433258991584 0.0395476371509 0.00881540477741 0.0201297782388 0.0234853960979 0.00726329917694 0.0175474901802 0.012313293561 0.00948963718475 0.0156244491168 0.0141880519291 0.00266613866374 0.0112025183001 0.00577946501167 -0.0113235778185 0.0169704586122 
-0.0196804093204 0.0459165676017 0.00962065828851 -0.00768460873479 0.0489213305157 0.0200910878607 0.0028483187552 0.0117536639786 0.0596894814114 0.00591054741833 -0.00584450737928 0.0268426712025 0.00422353266605 0.00433258991584 0.444280681027 0.0327383589843 0.0280076561515 0.0289677238544 -0.00584679468161 0.0954404914836 -0.00230785497575 -0.0076737648966 0.0410654019431 0.0270739410774 -0.000605917300302 0.0110724748306 0.013146755452 0.0350318878662 -0.00234518397458 -0.0062395000773 
0.00818917961021 0.0109377703425 0.0425349569155 -0.0204705646218 0.00347512053945 0.0149830804563 0.0225723539066 0.0414678147647 0.0463983953825 0.019854432301 0.0346904764522 0.0300467810351 0.00440041165932 0.0395476371509 0.0327383589843 0.478343597305 0.0214092303239 0.020899026473 -0.00299186682363 0.0278354648446 0.0248341297534 0.00387186844848 0.0643545745139 0.0219726659979 0.0075268230596 0.0116052850342 0.0125768054352 0.00429200455865 0.0142139938848 0.00106564518619 
0.0318689359016 0.019277673111 0.0180301346222 0.0284695887141 0.0437837098141 0.00290674938241 0.0185312690139 0.0161196127863 0.0418151452991 0.00746192070537 0.0247992850183 0.0281418218312 0.0422407693491 0.00881540477741 0.0280076561515 0.0214092303239 0.23075514414 0.0175217986239 0.0234388568429 0.0309523428105 0.00332441677164 0.0111665613336 0.0330875560036 0.0487652802942 0.0166999645829 0.020466328878 0.0806988697627 0.029409326046 0.0200715408646 0.0419056717079 
0.0199900592145 0.0341791444304 0.0225493170536 0.0251710416057 0.0407224110497 0.0341340188179 0.0157975241733 0.0148552444835 0.017360712927 0.0200956233121 0.00672655616607 0.0314682429783 0.0159053504694 0.0201297782388 0.0289677238544 0.020899026473 0.0175217986239 0.188528013368 0.0326599900542 0.018429360496 0.0213050943285 0.00439141484965 0.0328904200453 0.0371989644835 0.016843693909 0.0276187496218 0.0154914848922 0.024169383487 0.00366109649801 0.0249424598128 
0.0167850900303 0.0688583618204 0.0113868202089 0.0506401284837 0.0217910372873 0.00805589363968 0.0103538707468 0.00869242431344 0.0309247944711 -0.00693798051837 0.0327758453671 0.0330980802498 0.00761116357659 0.0234853960979 -0.00584679468161 -0.00299186682363 0.0234388568429 0.0326599900542 0.358816244562 -0.00420967061402 0.0350566944435 -0.0103004306926 0.0352605580763 0.0705386281136 0.0492118002647 0.00693816806967 0.0206255018744 0.0253063147986 0.00284832921823 0.0916400869759 
-0.00419013485714 0.0178222522634 0.0178780716522 -0.0168785154273 0.0255469772155 -0.00111808305207 0.0148581950416 0.00945232341293 0.0551322798889 0.0317063049095 -0.00135766945056 0.0312146557589 0.00931157731542 0.00726329917694 0.0954404914836 0.0278354648446 0.0309523428105 0.018429360496 -0.00420967061402 0.213065068455 0.0334708507814 0.0206164310661 0.0273396367233 0.0421310839578 0.0169679025613 -0.00369363363939 0.0273451358125 0.022404559182 0.00318054310982 -0.00314503195028 
-0.00340112598968 0.034064402331 0.0203567877884 0.0092497615602 -0.00578728981383 0.0163113227338 0.0349954083884 -0.00442404701817 0.0222841855662 0.0621360618662 0.00010639405778 0.0303565005918 0.0141202654687 0.0175474901802 -0.00230785497575 0.0248341297534 0.00332441677164 0.0213050943285 0.0350566944435 0.0334708507814 0.30084416873 0.0159991667789 0.0181214586211 0.0301732786421 0.0203247430825 0.00019306015759 0.0222188818953 0.0298447412991 0.0112744316227 0.00432991033315 
-0.00303187944305 0.0202875375863 0.0408809142334 0.00356438609166 0.0210851162387 0.0167982467522 0.00892381209326 0.0180433981742 0.0564525640974 0.0413817364025 0.000526610570687 -0.0151987551562 0.0256313613811 0.012313293561 -0.0076737648966 0.00387186844848 0.0111665613336 0.00439141484965 -0.0103004306926 0.0206164310661 0.0159991667789 0.258315432438 0.0149967409134 0.0397469535356 0.0193254469997 0.0177350484391 0.0243466723221 0.00855074269021 0.005414306725 0.024957713395 
0.00620833506033 0.11324346261 0.0402380636154 0.0645878472896 0.0325037900271 0.0345878910269 0.0457544810117 0.0289388821993 0.0105607872451 0.0161797535141 0.00109024675194 0.0277044497751 0.0380819697113 0.00948963718475 0.0410654019431 0.0643545745139 0.0330875560036 0.0328904200453 0.0352605580763 0.0273396367233 0.0181214586211 0.0149967409134 0.467609743468 0.238091604504 0.00645418205215 0.00978488684777 0.0336858405858 0.0304006343835 0.0251662446843 0.0549593971216 
0.0140770600873 0.0894437018527 0.0277842788195 0.0606038164878 0.0219757142017 0.0545066769636 0.0344075456783 0.0114261764137 0.0233839422446 -0.0104640524221 0.0121810455355 0.0537923194632 0.0368034431481 0.0156244491168 0.0270739410774 0.0219726659979 0.0487652802942 0.0371989644835 0.0705386281136 0.0421310839578 0.0301732786421 0.0397469535356 0.238091604504 0.404048447304 0.0152473697771 0.00545845822674 0.0432217304 0.0183486483599 0.00256475318942 0.0431136187556 
0.0274422715552 0.0112117644221 -0.00402434593633 0.0374001126544 0.0343251180617 0.00204081862065 0.0149071000828 -0.00752164433048 0.00370670921124 0.0238076751107 0.00535028045864 0.0243848978764 0.0137589310899 0.0141880519291 -0.000605917300302 0.0075268230596 0.0166999645829 0.016843693909 0.0492118002647 0.0169679025613 0.0203247430825 0.0193254469997 0.00645418205215 0.0152473697771 0.237845163934 0.0171690181906 -8.31889511419e-05 0.0199519369578 -0.0067649777184 0.0179947955837 
0.0198554363155 0.0153076299063 -0.0096624404857 0.00695356733152 0.0193804347206 0.0567383675324 0.00821347419613 0.00225887682701 0.024833791019 0.0341533947563 -0.000332726194767 0.000314359479553 0.00801550429875 0.00266613866374 0.0110724748306 0.0116052850342 0.020466328878 0.0276187496218 0.00693816806967 -0.00369363363939 0.000193060157589 0.0177350484391 0.00978488684777 0.00545845822674 0.0171690181906 0.245466930743 0.0134342687715 0.0102282606602 0.0215847793866 -0.000175159475919 
0.0271657759352 0.0202102844824 0.0242674449416 0.017736224585 0.0442098283028 0.0146707770206 0.0131751838587 0.0222269765834 0.0379876738568 0.00459540355397 0.0210518341118 0.012806429059 0.0330213409691 0.0112025183001 0.013146755452 0.0125768054352 0.0806988697627 0.0154914848922 0.0206255018744 0.0273451358125 0.0222188818953 0.0243466723221 0.0336858405858 0.0432217304 -8.31889511418e-05 0.0134342687715 0.185485214197 0.025132295515 -0.00162011306831 0.0243922129533 
0.0208692238419 -0.00129184804259 0.000757191755499 0.0207810619398 0.0414912544848 0.0260655270314 0.0360246780437 0.0163106404622 0.0180396089606 -0.0183235662755 0.00672236985757 -0.0172704495768 0.00236449377634 0.00577946501167 0.0350318878662 0.00429200455865 0.029409326046 0.024169383487 0.0253063147986 0.022404559182 0.0298447412991 0.00855074269021 0.0304006343835 0.0183486483599 0.0199519369578 0.0102282606602 0.025132295515 0.335033647924 0.00934456778423 0.0353083480961 
0.0229810286155 0.00262812815867 0.0112128153858 -0.00423285796516 0.0040105351032 0.009645906407 0.0101887303374 0.00385512220424 0.0102242713033 0.0121865879794 -0.00720470454494 0.000661770044985 0.00340323822302 -0.0113235778185 -0.00234518397458 0.0142139938848 0.0200715408646 0.00366109649801 0.00284832921823 0.00318054310982 0.0112744316227 0.005414306725 0.0251662446843 0.00256475318942 -0.0067649777184 0.0215847793866 -0.00162011306831 0.00934456778423 0.211497087596 -0.0158921855415 
0.00918592465241 0.0205454378032 0.0371224065612 0.0116153620783 0.0146106995035 0.033363979332 0.0172474870881 0.01459088755 0.0273240984098 0.0110283029072 -0.00744694029057 0.0236665643241 0.00515508960459 0.0169704586122 -0.0062395000773 0.00106564518619 0.0419056717079 0.0249424598128 0.0916400869759 -0.00314503195028 0.00432991033315 0.024957713395 0.0549593971216 0.0431136187556 0.0179947955837 -0.000175159475918 0.0243922129533 0.0353083480961 -0.0158921855415 0.702911005492 
0.0289704043992 0.00320299289169 0.00437203975934 0.00551287671998 0.00076206925037 0.00147444214735 0.0023218221827 -0.000912400948873 0.00192192142914 -0.000209202688474 0.00478859028516 0.00202610595937 0.00199699854466 0.00118154822702 -0.00170437344283 0.000709203757859 0.00275993080824 0.00173118991029 0.0014536314371 -0.000362876323156 -0.000294546150854 -0.000262568461889 0.000537657587745 0.00121910916462 0.00237657043044 0.00171953122524 0.00235262520734 0.00180732780043 0.00199021545862 0.000795524410624 
0.00320299289169 0.0388412124316 0.000818803701026 0.00201065260706 0.00592506413386 0.00208993735774 0.000903572241249 0.00166019641303 0.00225521016152 0.000571850625773 0.000380569520015 -0.00183386178425 0.0034821392557 0.000316869907585 0.00397649139976 0.000947238697739 0.00166949546399 0.00296000073564 0.00596330905994 0.00154345232128 0.00295006377833 0.001756952293 0.00980717154331 0.00774605180129 0.000970967281081 0.00132567963706 0.00175026197795 -0.000111877322271 0.000227602574981 0.00177928710695 
0.00437203975934 0.000818803701026 0.0272285609378 0.00229718447882 0.00154913516522 0.00228858769501 -0.000621677134715 0.00332758735623 0.00278546378606 0.000779517774363 0.00109300475405 -3.65444084003e-05 0.000977537244404 -0.000373517174176 0.000833173447898 0.00368363532377 0.00156145546165 0.00195282814064 0.000986127556927 0.00154828642215 0.00176294953642 0.00354039102561 0.003484718529 0.00240618912835 -0.000348518581448 -0.000836791892317 0.00210162238044 6.55747295799e-05 0.000971058297208 0.00321489471316 
0.00551287671998 0.00201065260706 0.00229718447882 0.0285919658119 0.000533479674718 0.00185785566054 -0.000350298679132 0.00215950398056 0.0011198564933 0.000871501925492 0.00293872890246 0.00325823475389 0.00430095612501 -0.00091623326964 -0.000665506638248 -0.00177280289923 0.00246553870617 0.00217987614702 0.00438556377178 -0.00146172231382 0.000801052849008 0.000308684890428 0.00559347165285 0.00524844446447 0.00323894476631 0.000602196595602 0.00153600210578 0.00179969275575 -0.000366576252844 0.0010059198634 
0.00076206925037 0.00592506413386 0.00154913516522 0.000533479674718 0.039242327797 0.0040472617892 0.000774307422262 0.000876741394728 0.00367753124949 0.0018399023346 0.00126835583521 0.003986661318 0.00238387081558 0.00028597429174 0.00423671150135 0.000300954266838 0.0037917804971 0.00352666424724 0.00188715918657 0.00221243312585 -0.000501193999784 0.00182602463045 0.00281491078827 0.0019031526765 0.00297264242293 0.00167839488044 0.00382868344072 0.00359324804187 0.000347322528214 0.00126532369371 
0.00147444214735 0.00208993735774 0.00228858769501 0.00185785566054 0.0040472617892 0.034218616453 0.0019653901108 0.000309923968083 -0.000752457330857 0.00138232106071 0.00105964225089 -0.000711169168858 -0.000177672446627 -0.000550860412866 0.00173993924771 0.00129757283021 0.00025173188076 0.00295609274295 0.000697660854214 -9.68288326633e-05 0.00141260198568 0.00145477084264 0.00299539922926 0.00472041669264 0.000176740077 0.00491368676523 0.00127052655931 0.00225734085722 0.000835359999099 0.00288940536728 
0.0023218221827 0.000903572241249 -0.000621677134715 -0.000350298679132 0.000774307422262 0.0019653901108 0.0184033487009 0.00122448366296 0.00105791088505 0.00153763222495 -0.00168079425381 0.00101496279581 0.000472393281408 -6.35591359723e-06 0.000246671640008 0.00195482319063 0.00160485497304 0.00136810572509 0.000896671509424 0.00128675743604 0.00303069126802 0.000772824797136 0.00396245428931 0.00297978086393 0.00129099273685 0.000711307730718 0.00114100439212 0.0031198286349 0.000882369930454 0.00149367619698 
-0.000912400948873 0.00166019641303 0.00332758735623 0.00215950398056 0.000876741394728 0.000309923968083 0.00122448366296 0.0130079475905 0.000907537295652 0.00117586670699 8.37864440443e-06 0.00134076434232 0.00168565412306 0.00188257800917 0.0010178971593 0.00359121810256 0.00139599941721 0.00128650191022 0.000752786027592 0.000818595220039 -0.000383133710527 0.00156260411895 0.00250618071417 0.000989535904238 -0.000651393506842 0.000195624471621 0.00192491263705 0.00141254289923 0.000333863376356 0.0012636079282 
0.00192192142914 0.00225521016152 0.00278546378606 0.0011198564933 0.00367753124949 -0.000752457330857 0.00105791088505 0.000907537295652 0.0232785291129 0.00395577387323 0.00183480855264 0.00134495868506 0.000670543160808 -0.000197294983285 0.0051692607241 0.00401821890961 0.0036212978092 0.00150348184226 0.00267816576188 0.00477459549523 0.00192986708029 0.00488893546171 0.000914591003823 0.00202510880245 0.000321010434138 0.00215066938947 0.00328982905907 0.00156227596342 0.000885447868382 0.00236633633584 
-0.000209202688474 0.000571850625773 0.000779517774363 0.000871501925492 0.0018399023346 0.00138232106071 0.00153763222495 0.00117586670699 0.00395577387323 0.0482363243927 -0.00209805129894 0.00310387834453 0.00111646294675 0.00108475625423 0.000511868421455 0.00171944427504 0.000646221289188 0.00174033202932 -0.000600846737987 0.00274584655118 0.00538114080672 0.00358376349773 0.00140120775702 -0.000906213522409 0.00206180514509 0.00295777074844 0.000397973621838 -0.00158686738825 0.00105538947756 0.000955079047822 
0.00478859028516 0.000380569520015 0.00109300475405 0.00293872890246 0.00126835583521 0.00105964225089 -0.00168079425381 8.37864440443e-06 0.00183480855264 -0.00209805129894 0.0273588951277 -0.000103320624299 0.00210932802899 -0.000742920781061 -0.000506149186307 0.0030042833877 0.00214768108215 0.00058253685198 0.00283847147184 -0.000117577623412 9.21399568491e-06 4.56058132117e-05 9.44181383575e-05 0.00105490948784 0.000463347879455 -2.88149337172e-05 0.00182314231371 0.000582174307029 -0.000623945716268 -0.00064492394721 
0.00202610595937 -0.00183386178425 -3.65444084003e-05 0.00325823475389 0.003986661318 -0.000711169168858 0.00101496279581 0.00134076434232 0.00134495868506 0.00310387834453 -0.000103320624299 0.0279033802167 7.60872354245e-05 0.00065143644763 0.00232464351668 0.00260212756783 0.00243715326146 0.00272522978316 0.00286637783128 0.00270326848576 0.00262895006825 -0.00131625080712 0.00239927573031 0.00465855151836 0.00211179410297 2.72243295213e-05 0.00110906928969 -0.00149566480683 5.73109670421e-05 0.00204958459249 
0.00199699854466 0.0034821392557 0.000977537244404 0.00430095612501 0.00238387081558 -0.000177672446627 0.000472393281408 0.00168565412306 0.000670543160808 0.00111646294675 0.00210932802899 7.60872354245e-05 0.0159044259164 -0.000632788468445 0.000365768658252 0.000381086828408 0.00365815793317 0.00137744375626 0.000659146100968 0.000806406250446 0.00122285086041 0.00221974100896 0.00329799531961 0.0031872716713 0.00119155838528 0.000694163034686 0.00285973201463 0.00020477116774 0.000294729075627 0.000446443855636 
0.00118154822702 0.000316869907585 -0.000373517174176 -0.00091623326964 0.00028597429174 -0.000550860412866 -6.35591359723e-06 0.00188257800917 -0.000197294983286 0.00108475625423 -0.000742920781061 0.00065143644763 -0.000632788468445 0.0197995804615 0.00037521329313 0.00342492584324 0.000763436448188 0.00174328993273 0.00203389496387 0.000629020160252 0.00151965722687 0.00106636250281 0.000821826687469 0.00135311698553 0.00122872134008 0.000230894381281 0.000970166543423 0.000500516352039 -0.000980650605256 0.00146968482721 
-0.00170437344283 0.00397649139976 0.000833173447898 -0.000665506638248 0.00423671150135 0.00173993924771 0.000246671640008 0.0010178971593 0.0051692607241 0.000511868421455 -0.000506149186307 0.00232464351668 0.000365768658252 0.00037521329313 0.038475835618 0.00283522505587 0.00242553417276 0.00250867847477 -0.000506347272499 0.00826538901745 -0.000199866103725 -0.000664567534312 0.00355636812993 0.00234467207536 -5.24739774654e-05 0.000958904448609 0.00113854241988 0.00303385048346 -0.000203098889853 -0.000540356557386 
0.000709203757859 0.000947238697739 0.00368363532377 -0.00177280289923 0.000300954266838 0.00129757283021 0.00195482319063 0.00359121810256 0.00401821890961 0.00171944427504 0.0030042833877 0.00260212756783 0.000381086828408 0.00342492584324 0.00283522505587 0.0414257707003 0.0018540937336 0.001809908784 -0.0002591032674 0.00241062196816 0.00215069872473 0.000335313643649 0.00557326963788 0.00190288869431 0.00065184199794 0.00100504716578 0.00108918330053 0.000371698498095 0.00123096797935 9.22875802662e-05 
0.00275993080824 0.00166949546399 0.00156145546165 0.00246553870617 0.0037917804971 0.00025173188076 0.00160485497304 0.00139599941721 0.0036212978092 0.000646221289188 0.00214768108215 0.00243715326146 0.00365815793317 0.000763436448188 0.00242553417276 0.0018540937336 0.019983981688 0.00151743227283 0.00202986454616 0.00268055151806 0.000287902937701 0.000967052578783 0.00286546640482 0.00422319715574 0.00144625935711 0.00177243607305 0.00698872712712 0.0025469223464 0.00173824642819 0.00362913762617 
0.00173118991029 0.00296000073564 0.00195282814064 0.00217987614702 0.00352666424724 0.00295609274295 0.00136810572509 0.00128650191022 0.00150348184226 0.00174033202932 0.00058253685198 0.00272522978316 0.00137744375626 0.00174328993273 0.00250867847477 0.001809908784 0.00151743227283 0.0163270048902 0.00282843810743 0.00159602943651 0.00184507529185 0.000380307681835 0.00284839393004 0.00322152482372 0.00145870668188 0.00239185387932 0.0013416019459 0.00209313000935 0.000317060257298 0.00216008038307 
0.0014536314371 0.00596330905994 0.000986127556927 0.00438556377178 0.00188715918657 0.000697660854214 0.000896671509424 0.000752786027592 0.00267816576188 -0.000600846737987 0.00283847147184 0.00286637783128 0.000659146100968 0.00203389496387 -0.000506347272499 -0.0002591032674 0.00202986454616 0.00282843810743 0.0310743983081 -0.000364568169331 0.00303599879608 -0.000892043464972 0.00305365390457 0.00610882438945 0.00426186691952 0.000600862980406 0.0017862208589 0.00219159114918 0.000246672546133 0.00793626433262 
-0.000362876323156 0.00154345232128 0.00154828642215 -0.00146172231382 0.00221243312585 -9.68288326633e-05 0.00128675743604 0.000818595220039 0.00477459549523 0.00274584655118 -0.000117577623412 0.00270326848576 0.000806406250446 0.000629020160252 0.00826538901745 0.00241062196816 0.00268055151806 0.00159602943651 -0.000364568169331 0.0184519761941 0.0028986607063 0.00178543530386 0.00236768199326 0.00364865889965 0.0014694634667 -0.000319878056398 0.00236815822835 0.00194029174122 0.000275443113094 -0.000272367756466 
-0.000294546150854 0.00295006377833 0.00176294953642 0.000801052849008 -0.000501193999784 0.00141260198568 0.00303069126802 -0.000383133710527 0.00192986708029 0.00538114080672 9.2139956849e-06 0.00262895006825 0.00122285086041 0.00151965722687 -0.000199866103725 0.00215069872473 0.000287902937701 0.00184507529185 0.00303599879608 0.0028986607063 0.02605386927 0.001385568487 0.00156936435195 0.00261308258195 0.00176017438348 1.67195000931e-05 0.0019242116165 0.00258463041344 0.000976394419851 0.000374981234462 
-0.000262568461889 0.001756952293 0.00354039102561 0.000308684890428 0.00182602463045 0.00145477084264 0.000772824797136 0.00156260411895 0.00488893546171 0.00358376349773 4.56058132116e-05 -0.00131625080712 0.00221974100896 0.00106636250281 -0.000664567534312 0.000335313643649 0.000967052578783 0.000380307681835 -0.000892043464971 0.00178543530386 0.001385568487 0.0223707726681 0.0012987558605 0.00344218714849 0.00167363280412 0.00153590024856 0.00210848367285 0.000740516039095 0.000468892716773 0.00216140138204 
0.000537657587745 0.00980717154331 0.003484718529 0.00559347165285 0.00281491078827 0.00299539922926 0.00396245428931 0.00250618071417 0.000914591003823 0.00140120775702 9.44181383575e-05 0.00239927573031 0.00329799531961 0.000821826687469 0.00355636812993 0.00557326963788 0.00286546640482 0.00284839393004 0.00305365390457 0.00236768199326 0.00156936435195 0.0012987558605 0.04049619169 0.0206193377928 0.000558948561781 0.000847396058333 0.00291727936951 0.00263277216673 0.00217946072145 0.0047596234084 
0.00121910916462 0.00774605180129 0.00240618912835 0.00524844446447 0.0019031526765 0.00472041669264 0.00297978086393 0.000989535904238 0.00202510880245 -0.000906213522409 0.00105490948784 0.00465855151836 0.0031872716713 0.00135311698553 0.00234467207536 0.00190288869431 0.00422319715574 0.00322152482372 0.00610882438945 0.00364865889965 0.00261308258195 0.00344218714849 0.0206193377928 0.0349916219725 0.00132046095679 0.000472716348985 0.00374311165219 0.00158903956048 0.000222114141648 0.00373374890915 
0.00237657043044 0.000970967281081 -0.000348518581448 0.00323894476631 0.00297264242293 0.000176740077 0.00129099273685 -0.000651393506842 0.000321010434138 0.00206180514509 0.000463347879455 0.00211179410297 0.00119155838528 0.00122872134008 -5.24739774654e-05 0.00065184199794 0.00144625935711 0.00145870668188 0.00426186691952 0.0014694634667 0.00176017438348 0.00167363280412 0.000558948561781 0.00132046095679 0.0205979954134 0.00148688059111 -7.2043745003e-06 0.00172788842601 -0.000585864256017 0.00155839501114 
0.00171953122524 0.00132567963706 -0.000836791892317 0.000602196595602 0.00167839488044 0.00491368676523 0.000711307730718 0.000195624471621 0.00215066938947 0.00295777074844 -2.88149337172e-05 2.72243295213e-05 0.000694163034686 0.000230894381281 0.000958904448609 0.00100504716577 0.00177243607305 0.00239185387932 0.000600862980406 -0.000319878056398 1.67195000931e-05 0.00153590024856 0.000847396058333 0.000472716348985 0.00148688059111 0.0212580597812 0.00116344180374 0.000885793356828 0.00186929672839 -1.51692555859e-05 
0.00235262520734 0.00175026197795 0.00210162238044 0.00153600210578 0.00382868344072 0.00127052655931 0.00114100439212 0.00192491263705 0.00328982905907 0.000397973621838 0.00182314231371 0.00110906928969 0.00285973201463 0.000970166543423 0.00113854241988 0.00108918330053 0.00698872712712 0.0013416019459 0.0017862208589 0.00236815822835 0.0019242116165 0.00210848367285 0.00291727936951 0.00374311165219 -7.2043745003e-06 0.00116344180374 0.0160634907521 0.00217652063714 -0.000140305907416 0.0021124276072 
0.00180732780043 -0.000111877322271 6.55747295798e-05 0.00179969275575 0.00359324804187 0.00225734085722 0.0031198286349 0.00141254289923 0.00156227596342 -0.00158686738825 0.000582174307029 -0.00149566480683 0.00020477116774 0.000500516352039 0.00303385048346 0.000371698498095 0.0025469223464 0.00209313000935 0.00219159114918 0.00194029174122 0.00258463041344 0.000740516039095 0.00263277216673 0.00158903956048 0.00172788842601 0.000885793356828 0.00217652063714 0.0290147650225 0.000809263308853 0.00305779264169 
0.00199021545862 0.000227602574981 0.000971058297208 -0.000366576252844 0.000347322528214 0.000835359999099 0.000882369930454 0.000333863376356 0.000885447868382 0.00105538947756 -0.000623945716268 5.73109670421e-05 0.000294729075627 -0.000980650605256 -0.000203098889853 0.00123096797935 0.00173824642819 0.000317060257298 0.000246672546133 0.000275443113094 0.000976394419851 0.000468892716773 0.00217946072145 0.000222114141648 -0.000585864256017 0.00186929672839 -0.000140305907416 0.000809263308853 0.0183161850685 -0.00137630364006 
0.000795524410624 0.00177928710695 0.00321489471316 0.0010059198634 0.00126532369371 0.00288940536728 0.00149367619698 0.0012636079282 0.00236633633584 0.000955079047822 -0.00064492394721 0.00204958459249 0.000446443855636 0.00146968482721 -0.000540356557386 9.22875802662e-05 0.00362913762617 0.00216008038307 0.00793626433262 -0.000272367756466 0.000374981234462 0.00216140138204 0.0047596234084 0.00373374890915 0.00155839501114 -1.51692555859e-05 0.0021124276072 0.00305779264169 -0.00137630364006 0.0608738787356 

['ACE', 'YHOO', 'ACV', 'PGR', 'ASH', 'JNY', 'PLL', 'PG', 'EXC', 'SUNW', 'EFX', 'HPQ', 'USB', 'CTL', 'COP', 'CEG', 'PLD', 'DHR', 'INTU', 'KMI', 'EMC', 'HSY', 'PHM', 'CTX', 'RX', 'CCE', 'EQR', 'LPX', 'LH', 'MEDI']