40
0.0962618702605 0.0328492958576 0.0697795953642 0.0946597506959 0.0657027666716 0.0493934577213 0.075466134778 0.0916953774684 -0.00953493093171 0.168192385625 0.0584521455196 0.128291051585 0.025042174885 0.107494880462 0.09797045465 0.022553065058 0.103848753038 0.12993100308 0.065309734793 0.099400173405 0.165275344352 0.033790820858 0.0520830917934 0.0948967479515 0.0731585002716 0.0269248151276 0.0538940625226 0.126841392599 0.0415957971797 0.0413132452317 0.0445346556631 0.0966324757555 -0.00773505516991 0.0950879331279 0.070995024039 0.0798623823862 0.0268374832388 0.0755027876102 0.102568127786 0.0905831054983 
0.387058538052 0.00451585818154 0.03925709984 0.030155767591 0.0265011602831 0.0131071318372 -0.00791960473678 0.0426411514179 -0.0110646133727 0.0120753610097 -0.00481624316898 0.00669674317354 0.0145052985592 0.0380294222759 0.00360991505015 -0.00527851256256 0.0241919805569 0.0754417781426 -0.000229839306622 0.0403292897263 -0.012801549387 0.000214466709837 0.0228599462245 0.0552095093431 -0.00640282537308 0.0295733743128 0.0547944210667 -0.000567651203638 0.00278198216682 0.00595406373478 -0.00641509143251 0.0385943490112 0.0220330217074 0.0187593387345 0.0233875328935 0.0137271422327 0.0198414831257 -0.00550137761353 0.0311683811761 0.0138760469202 
0.00451585818154 0.32288069495 0.00200940246308 0.00823716180811 0.00822630096258 0.0149927234626 -0.010086185142 0.047027089399 0.0250098240627 0.00392916465637 0.0163794972335 0.0155678368844 0.0175707525823 0.0190900130011 0.0207759239344 0.0222735658983 0.0143951430947 0.0254390285562 0.0048125383885 0.00495750611438 -0.0112849896317 -0.00277113198791 0.0119475280116 0.00306356442008 0.00427000555909 0.0170997031858 0.0679009309668 -0.0211808139254 0.049002373148 -0.00656657831629 -0.00897168287974 0.0183176426144 0.00733978127743 0.0162810839214 0.0104124332883 -0.00188960669048 0.00723625663083 0.0587582932716 0.0463947799796 -0.00647873087285 
0.03925709984 0.00200940246308 0.46043048496 0.0276460187587 -0.00828053397675 0.0155840121969 0.0645054081485 0.0567047453593 -0.00713879952989 0.0245128753465 0.0332494240905 0.012198145775 0.00611150254334 -0.0105765043003 -0.00505203021195 -0.00114464633871 0.0236940408517 0.0434052819935 0.0285830832746 0.00239173722038 0.00290079209591 0.00787757112109 0.0673372534242 0.0203425505693 -0.00685247445938 0.061309947301 -0.010631087948 0.0523499255742 0.00406352474861 0.0120846341153 -0.00172639256896 0.00846435551568 0.0493230821161 0.0498521828976 0.0204978924843 0.0398535413679 0.0112867588894 0.00291962817016 0.013424571159 0.0447889747901 
0.030155767591 0.00823716180811 0.0276460187587 0.446349836954 -0.00416507810144 0.00124406585435 0.0167786824577 0.0526779368717 -0.012761157037 0.0241392258528 0.0101547104976 0.0117111090581 0.0124899128803 -0.00346322754849 0.0711697007363 0.000365116399262 -0.00102030478569 0.0400214906198 0.0467842031579 0.0381651824072 0.00393235285068 0.0105999287026 -0.000949851488254 0.0223702350149 0.0328364153033 0.0300803648969 0.034952451266 -0.00270522407353 0.020122860368 0.0222983100115 -0.0175943265701 0.00507134910121 0.0274057871694 0.0291982491342 0.00336135565722 0.0218468716307 -0.0133210397694 0.0435553953326 0.0295030708518 -0.0243530182295 
0.0265011602831 0.00822630096258 -0.00828053397675 -0.00416507810144 0.195925682923 0.0139394125563 0.0101140826294 0.0244821977837 0.0131182853134 0.0167914913754 0.0299017448127 0.00715737678965 0.0199781989652 0.0316216416794 0.0180764502927 0.0159278664501 0.0201080815304 0.0127615005705 0.00562589105782 0.00620615775474 0.0124269207492 0.0109484226094 0.0165422084212 0.0117230012208 -0.00641720447886 0.00944831769871 -0.00238068634569 0.0296080171227 0.0109465214411 -0.00642619427605 0.0072424934618 0.0184579285432 0.00987440621865 0.0291549417519 0.0147706805225 -0.00193152106532 0.00467433997339 0.00306792073183 0.0146825216644 0.030772502402 
0.0131071318372 0.0149927234626 0.0155840121969 0.00124406585435 0.0139394125563 0.160896193996 0.00947208783881 0.0183769150324 0.0252558898098 0.0234750784412 -0.0117900250733 0.0120604930993 0.0205293611809 0.035906445042 0.0102012053285 0.0102445775686 0.00641403640805 0.00467945844627 0.0168547651565 0.0200531374864 0.0280557735721 0.00966938596292 0.0164737421727 0.0240624328973 0.0211444270327 0.0116499471778 0.0106141107399 0.0108527863734 0.0562337792 0.0253632214376 -0.00895664202552 0.00903647080551 0.00768266917467 0.0130048600885 0.0177958437905 0.0141602753791 0.00855456757723 -0.00341253337008 0.0193416022138 0.0216160987744 
-0.00791960473678 -0.010086185142 0.0645054081485 0.0167786824577 0.0101140826294 0.00947208783881 0.422479535483 0.00770459730239 0.00298765837058 0.0394040287273 0.00379730602861 -0.000354556131479 0.00142983884137 0.0259868298813 -0.00789415077186 0.0158825755726 -0.0190787633737 0.0256279651364 0.00247538888484 0.0424149270715 -0.0143478023976 0.00830768546425 -0.0150489117726 0.0152686132375 0.00138778390398 0.014686342501 -0.0182236520792 0.164920265368 0.0201961340778 -0.00678407138106 0.018677659668 0.029685794572 0.0169554429773 0.0143053589846 0.0375751617768 -0.0262893882477 0.0138314119456 0.00861543992041 0.00645094797889 -0.00948865227939 
0.0426411514179 0.047027089399 0.0567047453593 0.0526779368717 0.0244821977837 0.0183769150324 0.00770459730239 0.507480017667 0.0446946573501 0.00598858942126 0.0224789033039 0.0540494382813 0.0521711954872 0.0544199179531 -0.0147318400065 0.033274829059 0.0378439615948 0.0758491544946 0.012153053856 0.0567061852749 0.0177291829238 0.0305286297447 0.0126488541649 0.00919585493822 0.0339978597129 0.00992292390221 0.00394129341508 0.00725869095247 0.0308301269729 0.0262430684179 0.0541056124023 0.0355175191161 0.0106958694924 0.0852795067293 0.0368778871379 0.0616811814205 0.00471675118801 0.0178603641682 0.056576876208 0.0442768593384 
-0.0110646133727 0.0250098240627 -0.00713879952989 -0.012761157037 0.0131182853134 0.0252558898098 0.00298765837058 0.0446946573501 0.21269046871 0.0158194369558 0.0161553850687 -0.00373429270316 -2.54073130466e-05 0.0185953120079 -0.0119156313986 0.0091900082493 0.0274017367828 -0.0259427513498 0.00487947471143 0.0162943438637 0.0115395419397 0.00469243132409 0.012996037961 0.00837444267465 0.0179334518273 -0.00285070955868 0.0166790770784 0.0160416789321 0.0213016019025 0.0176595201586 0.0507676290587 0.0561985049147 0.00408981336535 0.0100429314578 0.00880337747925 0.00627572891289 0.00436856576468 -0.00543005926145 0.0298344578487 0.00364865230056 
0.0120753610097 0.00392916465637 0.0245128753465 0.0241392258528 0.0167914913754 0.0234750784412 0.0394040287273 0.00598858942126 0.0158194369558 0.707662079775 -0.0192087568579 0.01148032701 0.0253349742656 0.0176913462938 -0.00443614379978 0.0163521831573 -0.00833627516606 0.0184998315333 0.00456087381998 0.015888704712 0.0621253721752 0.0114231287207 0.00199317261625 -0.0139639612879 0.0351262112929 -0.000622592107177 0.0327625488353 0.0101047497391 0.0458675512677 -0.00340787489002 0.00327339738692 -0.0092918487276 0.0148652176113 0.0152656454191 0.00474496013584 -0.0258778696212 0.0114085015478 0.0639025201962 -0.0121256724942 -0.00372184975987 
-0.00481624316898 0.0163794972335 0.0332494240905 0.0101547104976 0.0299017448127 -0.0117900250733 0.00379730602861 0.0224789033039 0.0161553850687 -0.0192087568579 0.321764519443 0.0594540653781 0.00839431804448 0.0350222145231 0.0215751792229 0.00904605805604 0.0167871752401 -0.000131360927832 -0.0144825316423 0.0163986539411 -0.00151383036316 0.0196368500731 0.0269156852216 0.00386389143133 0.0150593744855 0.00693635229559 -0.0116428818163 0.0672961327939 0.0144765852416 -0.00387635466157 0.0310350656326 0.0177294468493 0.0239027540967 0.0346968821404 0.021845628876 0.0477368787932 0.00781164107975 -0.00604610981808 0.0347458453865 0.00922604317523 
0.00669674317354 0.0155678368844 0.012198145775 0.0117111090581 0.00715737678965 0.0120604930993 -0.000354556131479 0.0540494382813 -0.00373429270316 0.01148032701 0.0594540653781 0.497976291388 0.015586973541 0.0198829412355 0.00433396865065 0.0242254171018 -0.00911289920933 -0.0255338624601 0.0177124951415 0.0111397937686 0.0148371197629 0.00800844983107 0.0168520101062 0.0311032282998 -0.000392677486532 0.00130034250471 -0.00787393078629 -0.00322745293624 0.0252953085073 0.00753205166395 0.0472889220911 0.0296108828588 0.00656170621702 -0.000588255438619 0.0118807163893 0.00410583302853 0.00110243529607 0.00816429450624 0.0443892138132 0.00263355533734 
0.0145052985592 0.0175707525823 0.00611150254334 0.0124899128803 0.0199781989652 0.0205293611809 0.00142983884137 0.0521711954872 -2.54073130465e-05 0.0253349742656 0.00839431804448 0.015586973541 0.171911766195 0.019264915456 0.0133915003082 0.023506111902 -0.00480699560792 0.0088396626249 0.000459923538416 0.0260838466277 -0.0140993284855 0.00828201509352 0.00650489103357 0.0233657953344 0.0429481564826 0.00942473742021 0.00402948501689 0.00272755074338 0.0245000998691 0.00561812453221 0.00679590506714 0.0213531313752 0.0116796192568 0.0375935192958 0.029737502705 -0.00498634319398 0.0134719155705 0.0106195616488 0.0291145604653 0.0160853717122 
0.0380294222759 0.0190900130011 -0.0105765043003 -0.00346322754849 0.0316216416794 0.035906445042 0.0259868298813 0.0544199179531 0.0185953120079 0.0176913462938 0.0350222145231 0.0198829412355 0.019264915456 0.430624378274 0.0540834620245 0.0136332263265 -0.000945143491527 0.0855164566943 0.0207475409512 0.0217139443302 -0.000991224058687 0.0166945035136 0.0237965065589 -0.0163712773434 0.00833966212048 0.00943339994268 -0.00218042124374 0.170128737801 0.0261294902058 0.0160210747483 0.051953852595 0.0112748776163 0.0205068964904 0.0228413500913 0.0510028612123 0.0559905033114 0.00938757217881 0.0829370147717 0.0428727060984 0.0357485803302 
0.00360991505015 0.0207759239344 -0.00505203021195 0.0711697007363 0.0180764502927 0.0102012053285 -0.00789415077186 -0.0147318400065 -0.0119156313986 -0.00443614379978 0.0215751792229 0.00433396865065 0.0133915003082 0.0540834620245 0.954435649177 0.0807769902847 0.0212213846107 -0.00612131542345 0.0285441821606 0.00864670209392 0.00583636574976 0.00596211493969 -0.00747235546223 0.0136534023498 -0.00586415941871 -0.0263570836398 0.049018233194 0.0013240577867 0.0242359007279 0.0209995634757 0.0143481453957 -0.00335773881606 -0.00313522122981 0.078763909865 -0.0564938180382 -0.0173318370007 -0.00902577188072 -0.00229980415892 0.0237781903127 0.000333877734805 
-0.00527851256256 0.0222735658983 -0.00114464633871 0.000365116399262 0.0159278664501 0.0102445775686 0.0158825755726 0.033274829059 0.0091900082493 0.0163521831573 0.00904605805604 0.0242254171018 0.023506111902 0.0136332263265 0.0807769902847 0.227312810869 -0.0136701466303 -0.00700801704142 0.0172687107025 0.0309424508604 0.0138671677749 0.0214041535934 0.0202326191374 -0.0200706827333 0.00275501384151 0.0118682858655 0.0178626915222 0.00139580503174 0.0496194652924 0.0116729539316 0.026952012489 0.0247387664672 0.00819478352208 0.0348554367441 0.00497206752578 -0.0127709891962 -0.000670420965586 -0.012426793994 0.0363389796525 0.0405163939129 
0.0241919805569 0.0143951430947 0.0236940408517 -0.00102030478569 0.0201080815304 0.00641403640805 -0.0190787633737 0.0378439615948 0.0274017367828 -0.00833627516606 0.0167871752401 -0.00911289920933 -0.00480699560792 -0.000945143491527 0.0212213846107 -0.0136701466303 0.346406253422 0.0205064044567 0.0111483774419 0.014527684526 -0.0251239265387 0.010247669109 0.0180482119178 -0.00895046547896 0.030143977238 0.0125558837482 -0.00654785501894 -0.00289353845598 0.0362945240761 -0.00041572177668 0.00477852011263 0.083569241219 0.00845740270555 -0.0252847793282 0.0058299893075 0.0260327201439 0.0102023222898 -0.00503117300466 0.00961759470267 -0.00271383501584 
0.0754417781426 0.0254390285562 0.0434052819935 0.0400214906198 0.0127615005705 0.00467945844627 0.0256279651364 0.0758491544946 -0.0259427513498 0.0184998315333 -0.000131360927832 -0.0255338624601 0.0088396626249 0.0855164566943 -0.00612131542345 -0.00700801704142 0.0205064044567 0.616038312364 0.0129378648394 0.0283442293752 0.00143986378951 0.0435922895543 0.0240781994479 0.0315896953413 0.00971049690212 0.0628786857607 0.0406258007008 0.0586115553563 0.0204023212876 0.00603411793434 0.151274206035 -0.00389852812938 0.0218973674829 0.0115330085063 0.0412087359637 0.172848059221 -0.0109765000293 -0.0191261412194 0.00247059106497 0.00554170456629 
-0.000229839306622 0.0048125383885 0.0285830832746 0.0467842031579 0.00562589105782 0.0168547651565 0.00247538888484 0.012153053856 0.00487947471143 0.00456087381998 -0.0144825316423 0.0177124951415 0.000459923538416 0.0207475409512 0.0285441821606 0.0172687107025 0.0111483774419 0.0129378648394 0.307503920644 0.0635260631117 -0.0540276026795 0.0177138312152 0.00368431844666 0.0127727582686 0.02214182345 0.0193612408184 0.0265862941497 -0.0179367887644 0.0283924606363 0.0126939823389 -0.0256666635107 0.0103424024004 0.0205026819743 0.0381840997081 0.0261390577417 0.0139182787967 0.00622253243791 0.00966120594139 0.0149496805492 0.0249158469798 
0.0403292897263 0.00495750611438 0.00239173722038 0.0381651824072 0.00620615775474 0.0200531374864 0.0424149270715 0.0567061852749 0.0162943438637 0.015888704712 0.0163986539411 0.0111397937686 0.0260838466277 0.0217139443302 0.00864670209392 0.0309424508604 0.014527684526 0.0283442293752 0.0635260631117 0.345919463179 -0.0139940020309 0.0122562020557 0.0121786810338 0.0176813778433 0.0234947378916 0.00345174996662 0.0270559110055 -0.0138002669842 0.0164565314187 0.0183369738194 -0.00263318322359 0.0854912530302 -0.00685812449433 0.0228272596489 0.0226994427388 0.0431955922818 0.00849082498873 0.0345006900718 0.0519845517236 0.0198440764971 
-0.012801549387 -0.0112849896317 0.00290079209591 0.00393235285068 0.0124269207492 0.0280557735721 -0.0143478023976 0.0177291829238 0.0115395419397 0.0621253721752 -0.00151383036316 0.0148371197629 -0.0140993284855 -0.000991224058688 0.00583636574976 0.0138671677749 -0.0251239265387 0.00143986378951 -0.0540276026795 -0.0139940020309 1.37220593112 0.0234626539442 -0.00192913937055 0.00528485795155 0.00479992304262 -0.0196750006042 -0.023800431025 0.00433617978267 -0.00842695629924 0.00429643510881 0.0382392120359 -0.0286300512874 -0.000967842988362 0.0209311543842 -0.00300627601634 -0.0313106628778 -0.00354098130173 0.0116941681449 -0.0253565767018 0.0236485998811 
0.000214466709837 -0.00277113198791 0.00787757112109 0.0105999287026 0.0109484226094 0.00966938596292 0.00830768546425 0.0305286297447 0.00469243132409 0.0114231287207 0.0196368500731 0.00800844983107 0.00828201509352 0.0166945035136 0.00596211493969 0.0214041535934 0.010247669109 0.0435922895543 0.0177138312152 0.0122562020557 0.0234626539442 0.182534745594 0.0206095637334 0.0078100684218 0.0121516439585 0.00479325468917 0.0277039075261 0.0155857019727 0.0075934354488 0.00244146011345 0.00513684771955 0.0235052837839 0.0128926124297 0.0131882573726 0.0108015021842 0.0126336689461 0.0174201871103 0.0128946586551 0.025853536459 -0.000352239471972 
0.0228599462245 0.0119475280116 0.0673372534242 -0.000949851488254 0.0165422084212 0.0164737421727 -0.0150489117726 0.0126488541649 0.012996037961 0.00199317261625 0.0269156852216 0.0168520101062 0.00650489103357 0.0237965065589 -0.00747235546223 0.0202326191374 0.0180482119178 0.0240781994479 0.00368431844666 0.0121786810338 -0.00192913937055 0.0206095637334 0.213510329817 0.000146674585351 -0.00396144652257 0.0399777792986 0.00317158447599 -0.00277278648837 0.0122606100979 -0.00600221842399 0.0135061322231 -0.00780996479348 0.050439712693 0.0154897401938 0.0308429948826 0.0345255932869 0.00657086082922 0.0199181673705 0.0267275262702 0.0171349875187 
0.0552095093431 0.00306356442008 0.0203425505693 0.0223702350149 0.0117230012208 0.0240624328973 0.0152686132375 0.00919585493822 0.00837444267465 -0.0139639612879 0.00386389143133 0.0311032282998 0.0233657953344 -0.0163712773434 0.0136534023498 -0.0200706827333 -0.00895046547896 0.0315896953413 0.0127727582686 0.0176813778433 0.00528485795155 0.0078100684218 0.000146674585351 0.55611390838 -0.00336397579405 0.0157828386183 0.0521918131176 -0.0252982381302 -0.0204788299497 -0.00176197990129 0.014654730787 0.0399900923406 0.0159091250773 0.00813577171219 0.0055371709336 0.0320315502782 0.002051286825 -0.0109756755658 0.0100361116094 0.0131757030533 
-0.00640282537308 0.00427000555909 -0.00685247445938 0.0328364153033 -0.00641720447886 0.0211444270327 0.00138778390398 0.0339978597129 0.0179334518273 0.0351262112929 0.0150593744855 -0.000392677486531 0.0429481564826 0.00833966212048 -0.00586415941871 0.00275501384151 0.030143977238 0.00971049690212 0.02214182345 0.0234947378916 0.00479992304262 0.0121516439585 -0.00396144652257 -0.00336397579405 0.336574805093 0.0167081081792 0.0108118108643 -0.00653304679616 0.0484719415647 0.0212297058243 0.00223259084572 0.0157880205122 0.0275636413155 0.0172170305542 0.0211915147154 0.00236218700276 0.00782050688108 0.015785888484 0.0294061074063 -0.00692647328008 
0.0295733743128 0.0170997031858 0.061309947301 0.0300803648969 0.00944831769871 0.0116499471778 0.014686342501 0.00992292390221 -0.00285070955868 -0.000622592107177 0.00693635229559 0.00130034250471 0.00942473742021 0.00943339994268 -0.0263570836398 0.0118682858655 0.0125558837482 0.0628786857607 0.0193612408184 0.00345174996662 -0.0196750006042 0.00479325468917 0.0399777792986 0.0157828386183 0.0167081081792 0.196096948911 -0.00427656428882 0.00912007227852 0.00274132176506 0.0137292635575 0.0329324510843 0.0145437617988 0.0445739840243 0.00528520432469 0.0131324740615 0.0554695402256 0.00391516278141 0.00144203466939 -0.00440934889862 0.0226476550071 
0.0547944210667 0.0679009309668 -0.010631087948 0.034952451266 -0.00238068634569 0.0106141107399 -0.0182236520792 0.00394129341508 0.0166790770784 0.0327625488353 -0.0116428818163 -0.00787393078629 0.00402948501689 -0.00218042124374 0.049018233194 0.0178626915222 -0.00654785501894 0.0406258007008 0.0265862941497 0.0270559110055 -0.023800431025 0.0277039075261 0.00317158447599 0.0521918131176 0.0108118108643 -0.00427656428882 0.404987607768 0.00536123295052 0.0327084423085 0.0109044425997 0.00159225246821 -0.00303692434312 0.00294433638098 0.0292533387658 -0.000587161747615 -0.0336647188953 0.00307172972584 -0.0345172559254 0.0159431993517 -0.00866713980149 
-0.000567651203638 -0.0211808139254 0.0523499255742 -0.00270522407353 0.0296080171227 0.0108527863734 0.164920265368 0.00725869095247 0.0160416789321 0.0101047497391 0.0672961327939 -0.00322745293624 0.00272755074338 0.170128737801 0.0013240577867 0.00139580503174 -0.00289353845598 0.0586115553563 -0.0179367887644 -0.0138002669842 0.00433617978267 0.0155857019727 -0.00277278648836 -0.0252982381302 -0.00653304679616 0.00912007227852 0.00536123295052 0.843655259505 0.0209725380584 -0.00225081713317 -0.00328520647939 -0.00374453678023 -0.00945082632094 0.00705021164906 0.0202754883872 -0.00512670578123 0.010527919743 -0.0147605030505 0.000551775341947 -0.0109538237836 
0.00278198216682 0.049002373148 0.00406352474861 0.020122860368 0.0109465214411 0.0562337792 0.0201961340778 0.0308301269729 0.0213016019025 0.0458675512677 0.0144765852416 0.0252953085073 0.0245000998691 0.0261294902058 0.0242359007279 0.0496194652924 0.0362945240761 0.0204023212876 0.0283924606363 0.0164565314187 -0.00842695629924 0.0075934354488 0.0122606100979 -0.0204788299497 0.0484719415647 0.00274132176506 0.0327084423085 0.0209725380584 0.225558333172 0.034311207173 0.043691624749 0.0329524946939 0.0039392110037 0.0358548965928 0.0084724772167 0.0276076396931 0.0176750994209 0.0134247400705 0.0427464396653 0.0186571322342 
0.00595406373478 -0.00656657831629 0.0120846341153 0.0222983100115 -0.00642619427605 0.0253632214376 -0.00678407138106 0.0262430684179 0.0176595201586 -0.00340787489002 -0.00387635466157 0.00753205166395 0.00561812453221 0.0160210747483 0.0209995634757 0.0116729539316 -0.00041572177668 0.00603411793434 0.0126939823389 0.0183369738194 0.00429643510881 0.00244146011345 -0.00600221842399 -0.00176197990129 0.0212297058243 0.0137292635575 0.0109044425997 -0.00225081713317 0.034311207173 0.13534699327 0.0232723167551 0.0155737831471 0.0122725605893 0.0447794114433 0.00362088389629 -0.00729872863432 -0.000957370442202 0.029979049933 0.00587334728475 0.0132079619418 
-0.00641509143251 -0.00897168287974 -0.00172639256896 -0.0175943265701 0.0072424934618 -0.00895664202552 0.018677659668 0.0541056124023 0.0507676290587 0.00327339738692 0.0310350656326 0.0472889220911 0.00679590506714 0.051953852595 0.0143481453957 0.026952012489 0.00477852011263 0.151274206035 -0.0256666635107 -0.00263318322359 0.0382392120359 0.00513684771955 0.0135061322231 0.014654730787 0.00223259084572 0.0329324510843 0.00159225246821 -0.00328520647939 0.043691624749 0.0232723167551 0.600849388661 0.0365452361006 0.0186410627192 0.0398271756953 -0.00564548157539 0.0241124496768 0.0101491893051 0.00370185675958 0.000745579311371 0.0227798189937 
0.0385943490112 0.0183176426144 0.00846435551568 0.00507134910121 0.0184579285432 0.00903647080551 0.029685794572 0.0355175191161 0.0561985049147 -0.0092918487276 0.0177294468493 0.0296108828588 0.0213531313752 0.0112748776163 -0.00335773881606 0.0247387664672 0.083569241219 -0.00389852812938 0.0103424024004 0.0854912530302 -0.0286300512874 0.0235052837839 -0.00780996479348 0.0399900923406 0.0157880205122 0.0145437617988 -0.00303692434312 -0.00374453678023 0.0329524946939 0.0155737831471 0.0365452361007 0.456249724634 0.0265542864445 0.0153843457932 0.0194896034413 -0.000626274635121 0.0306961527924 0.0271084172106 0.0317626960059 0.0131753686897 
0.0220330217074 0.00733978127743 0.0493230821161 0.0274057871694 0.00987440621865 0.00768266917467 0.0169554429773 0.0106958694924 0.00408981336535 0.0148652176113 0.0239027540967 0.00656170621702 0.0116796192568 0.0205068964904 -0.00313522122981 0.00819478352208 0.00845740270555 0.0218973674829 0.0205026819743 -0.00685812449433 -0.000967842988362 0.0128926124297 0.050439712693 0.0159091250773 0.0275636413155 0.0445739840243 0.00294433638098 -0.00945082632094 0.0039392110037 0.0122725605893 0.0186410627192 0.0265542864445 0.116083208208 0.00397528312803 0.0186367951759 0.0208160882026 0.00900630486476 0.0298458814942 0.0194968702086 0.0124481949311 
0.0187593387345 0.0162810839214 0.0498521828976 0.0291982491342 0.0291549417519 0.0130048600885 0.0143053589846 0.0852795067293 0.0100429314578 0.0152656454191 0.0346968821404 -0.000588255438618 0.0375935192958 0.0228413500913 0.078763909865 0.0348554367441 -0.0252847793282 0.0115330085063 0.0381840997081 0.0228272596489 0.0209311543842 0.0131882573726 0.0154897401938 0.00813577171219 0.0172170305542 0.00528520432469 0.0292533387658 0.00705021164906 0.0358548965928 0.0447794114433 0.0398271756953 0.0153843457932 0.00397528312803 0.269865531483 0.053394908924 0.0131897713888 0.0279211805266 0.0187483685379 0.0334347987305 0.0144801395105 
0.0233875328935 0.0104124332883 0.0204978924843 0.00336135565722 0.0147706805225 0.0177958437905 0.0375751617768 0.0368778871379 0.00880337747925 0.00474496013584 0.021845628876 0.0118807163893 0.029737502705 0.0510028612123 -0.0564938180382 0.00497206752578 0.0058299893075 0.0412087359637 0.0261390577417 0.0226994427388 -0.00300627601634 0.0108015021842 0.0308429948826 0.0055371709336 0.0211915147154 0.0131324740615 -0.000587161747615 0.0202754883872 0.0084724772167 0.00362088389629 -0.00564548157539 0.0194896034413 0.0186367951759 0.053394908924 0.373442267241 0.0167607728458 0.0349621782119 0.0264047809812 0.0296468910635 0.0192472250512 
0.0137271422327 -0.00188960669048 0.0398535413679 0.0218468716307 -0.00193152106532 0.0141602753791 -0.0262893882477 0.0616811814205 0.00627572891289 -0.0258778696212 0.0477368787932 0.00410583302853 -0.00498634319398 0.0559905033114 -0.0173318370007 -0.0127709891962 0.0260327201439 0.172848059221 0.0139182787967 0.0431955922818 -0.0313106628778 0.0126336689461 0.0345255932869 0.0320315502782 0.00236218700276 0.0554695402256 -0.0336647188953 -0.00512670578123 0.0276076396931 -0.00729872863432 0.0241124496768 -0.000626274635122 0.0208160882026 0.0131897713888 0.0167607728458 0.373326629026 -0.000624051093586 -0.0172886298225 0.00872249138621 0.0213218032897 
0.0198414831257 0.00723625663083 0.0112867588894 -0.0133210397694 0.00467433997339 0.00855456757723 0.0138314119456 0.00471675118801 0.00436856576468 0.0114085015478 0.00781164107975 0.00110243529607 0.0134719155705 0.00938757217881 -0.00902577188072 -0.000670420965586 0.0102023222898 -0.0109765000293 0.00622253243791 0.00849082498873 -0.00354098130173 0.0174201871103 0.00657086082922 0.002051286825 0.00782050688108 0.00391516278141 0.00307172972584 0.010527919743 0.0176750994209 -0.000957370442202 0.0101491893051 0.0306961527924 0.00900630486476 0.0279211805266 0.0349621782119 -0.000624051093586 0.158453418264 0.00496121880845 0.0331986037894 0.0259356235374 
-0.00550137761353 0.0587582932716 0.00291962817016 0.0435553953326 0.00306792073183 -0.00341253337008 0.00861543992041 0.0178603641682 -0.00543005926145 0.0639025201962 -0.00604610981808 0.00816429450624 0.0106195616488 0.0829370147717 -0.00229980415892 -0.012426793994 -0.00503117300465 -0.0191261412194 0.00966120594139 0.0345006900718 0.0116941681449 0.0128946586551 0.0199181673705 -0.0109756755658 0.015785888484 0.00144203466939 -0.0345172559254 -0.0147605030505 0.0134247400705 0.029979049933 0.00370185675958 0.0271084172106 0.0298458814942 0.0187483685379 0.0264047809812 -0.0172886298225 0.00496121880846 0.726267045888 0.014378854124 0.000768079602493 
0.0311683811761 0.0463947799796 0.013424571159 0.0295030708518 0.0146825216644 0.0193416022138 0.00645094797889 0.056576876208 0.0298344578487 -0.0121256724942 0.0347458453865 0.0443892138132 0.0291145604653 0.0428727060984 0.0237781903127 0.0363389796525 0.00961759470267 0.00247059106497 0.0149496805492 0.0519845517236 -0.0253565767018 0.025853536459 0.0267275262702 0.0100361116094 0.0294061074063 -0.00440934889862 0.0159431993517 0.000551775341946 0.0427464396653 0.00587334728475 0.000745579311371 0.0317626960059 0.0194968702086 0.0334347987305 0.0296468910635 0.00872249138621 0.0331986037894 0.014378854124 0.296401925898 0.0265693298654 
0.0138760469202 -0.00647873087285 0.0447889747901 -0.0243530182295 0.030772502402 0.0216160987744 -0.00948865227939 0.0442768593384 0.00364865230056 -0.00372184975987 0.00922604317523 0.00263355533734 0.0160853717122 0.0357485803302 0.000333877734805 0.0405163939129 -0.00271383501584 0.00554170456629 0.0249158469798 0.0198440764971 0.0236485998811 -0.000352239471972 0.0171349875187 0.0131757030533 -0.00692647328008 0.0226476550071 -0.00866713980149 -0.0109538237836 0.0186571322342 0.0132079619418 0.0227798189937 0.0131753686897 0.0124481949311 0.0144801395105 0.0192472250512 0.0213218032897 0.0259356235374 0.000768079602493 0.0265693298654 0.315928074508 
0.0335202526705 0.00039108479051 0.00339976457404 0.00261156608045 0.00229506780349 0.00113511091418 -0.000685857888998 0.00369283203745 -0.000958223626378 0.00104575693942 -0.000417098893514 0.00057995497109 0.00125619570418 0.00329344457822 0.000312627813893 -0.000457132597337 0.00209508697301 0.00653344963782 -1.99046678323e-05 0.00349261894195 -0.00110864669769 1.85733618985e-05 0.00197972941595 0.00478128376216 -0.000554500942908 0.00256112934305 0.00474533606295 -4.91600362839e-05 0.000240926722935 0.000515637045007 -0.000555563214815 0.00334236866862 0.00190811565208 0.00162460639023 0.00202541976177 0.00118880538949 0.00171832284356 -0.000476433276913 0.00269926098933 0.0012017009137 
0.00039108479051 0.0279622884218 0.000174019357945 0.00071335913809 0.000712418561277 0.00129840793905 -0.000873489256023 0.00407266540856 0.00216591429825 0.000340275640807 0.00141850607055 0.00134821422238 0.00152167180999 0.00165324362175 0.00179924779143 0.00192894739008 0.00124665596111 0.00220308449773 0.000416778050113 0.000429332623447 -0.00097730877025 -0.000239987069877 0.00103468627704 0.000265312461392 0.000369793328847 0.00148087773561 0.00588039311578 -0.00183431229322 0.00424372999919 -0.000568682363785 -0.000776970528855 0.00158635438415 0.000635643704448 0.00140998322771 0.00090174317429 -0.000163644739711 0.00062667820706 0.00508861746562 0.00401790580654 -0.000561074552017 
0.00339976457404 0.000174019357945 0.0398744496652 0.00239421545585 -0.000717115278076 0.00134961504554 0.00558633221381 0.00491077499963 -0.000618238174541 0.00212287727698 0.00287948459236 0.00105639041202 0.000529271645783 -0.000915952140729 -0.000437518650424 -9.91292807675e-05 0.00205196412959 0.00375900768648 0.00247536762343 0.000207130519202 0.000251215964615 0.000682217671098 0.00583157720865 0.00176171655708 -0.000593441696061 0.00530959718674 -0.000920679223285 0.00453363654335 0.000351911566121 0.00104656001393 -0.000149509982163 0.000733034690324 0.00427150421055 0.00431732568234 0.00177516956154 0.00345141792553 0.000977461992462 0.000252847216497 0.00116260196586 0.00387883899777 
0.00261156608045 0.00071335913809 0.00239421545585 0.0386550297777 -0.00036070634446 0.000107739263385 0.00145307652504 0.00456204315498 -0.00110514861757 0.00209051828162 0.000879423725901 0.00101421179508 0.00108165818454 -0.000299924303608 0.00616347688174 3.16200077099e-05 -8.83609864013e-05 0.00346596275741 0.00405163084306 0.00330520175047 0.000340551746533 0.000917980753473 -8.22595518651e-05 0.00193731918115 0.00284371698219 0.00260503601558 0.00302697107209 -0.000234279277061 0.00174269082755 0.00193109029314 -0.00152371337722 0.000439191715311 0.00237341078994 0.00252864254962 0.000291101939031 0.00189199458254 -0.00115363588451 0.00377200788299 0.00255504088473 -0.00210903324456 
0.00229506780349 0.000712418561277 -0.000717115278076 -0.00036070634446 0.0169676618665 0.00120718853876 0.000875905249305 0.00212022052211 0.00113607683355 0.00145418580985 0.00258956706253 0.00061984701243 0.00173016278257 0.00273851450038 0.00156546651637 0.00137939369739 0.00174141094267 0.00110517836844 0.0004872164575 0.00053746902755 0.00107620290596 0.000948161211112 0.00143259727274 0.00101524168658 -0.000555746209997 0.000818248315011 -0.000206173485381 0.0025641294984 0.000947996565106 -0.000556524749272 0.000627218332466 0.00159850350197 0.000855148663264 0.0025248920203 0.00127917845636 -0.000167274631051 0.000404809716288 0.000265689729056 0.0012715436753 0.00266497688182 
0.00113511091418 0.00129840793905 0.00134961504554 0.000107739263385 0.00120718853876 0.0139340191373 0.000820306869528 0.00159148752612 0.00218722421705 0.00203300142859 -0.00102104612247 0.00104446934062 0.00177789483062 0.0031095893566 0.000883450296373 0.000887206442544 0.000555471847017 0.000405252989042 0.00145966548003 0.00173665264888 0.00242970126363 0.000837393388288 0.00142666792169 0.00208386781659 0.00183116109588 0.00100891502087 0.000919208953932 0.000939878870121 0.0048699881338 0.00219651940868 -0.00077566795267 0.000782581327813 0.000665338667413 0.00112625392093 0.00154116528043 0.00122631582029 0.000740847284027 -0.000295534058975 0.00167503188671 0.00187200906694 
-0.000685857888998 -0.000873489256023 0.00558633221381 0.00145307652504 0.000875905249305 0.000820306869528 0.0365878010307 0.00066723769898 0.000258738804675 0.00341248898893 0.000328856348672 -3.07054616928e-05 0.000123827675995 0.0022505254841 -0.000683653510974 0.00137547139234 -0.00165226937544 0.00221944688554 0.000214374965851 0.00367324043436 -0.00124255613648 0.000719466665869 -0.00130327398944 0.00132230069442 0.000120185611581 0.00127187456945 -0.00157821456503 0.0142825139408 0.00174903651696 -0.000587517815708 0.00161753277557 0.00257086522309 0.00146838443507 0.00123888042909 0.003254104465 -0.00227672780724 0.00119783541151 0.000746118983585 0.000558668482821 -0.000821741392163 
0.00369283203745 0.00407266540856 0.00491077499963 0.00456204315498 0.00212022052211 0.00159148752612 0.00066723769898 0.0439490587213 0.00387067086786 0.000518627057164 0.00194673013104 0.00468081866118 0.00451815806378 0.00471290314193 -0.00127581476901 0.00288168472717 0.0032773832121 0.00656872946479 0.00105248533729 0.00491089969998 0.00153539228004 0.00264385689016 0.00109542290355 0.000796384398602 0.00294430101856 0.000859350417913 0.000341326022123 0.000628621076306 0.00266996731605 0.00227271639231 0.00468568348277 0.00307590738339 0.000926289469597 0.00738542192498 0.00319371870993 0.00534174700456 0.000408482635214 0.00154675290905 0.00489970120629 0.00383448849869 
-0.000958223626378 0.00216591429825 -0.000618238174541 -0.00110514861757 0.00113607683355 0.00218722421705 0.000258738804675 0.00387067086786 0.0184195349045 0.00137000342773 0.00139909738774 -0.000323399234611 -2.20033785403e-06 0.00161040125902 -0.00103192394933 0.000795878060488 0.00237306001617 -0.0022467081713 0.000422574905722 0.0014111315724 0.000999353646783 0.000406376473217 0.00112548990227 0.000725248009878 0.001553082486 -0.000246878689663 0.00144445044616 0.00138925014745 0.00184477283888 0.0015293593076 0.00439660564547 0.00486693329108 0.000354188227113 0.000869743377096 0.000762394853613 0.000543494066583 0.000378328893032 -0.000470256926447 0.00258373984051 0.000315982558186 
0.00104575693942 0.000340275640807 0.00212287727698 0.00209051828162 0.00145418580985 0.00203300142859 0.00341248898893 0.000518627057164 0.00137000342773 0.061285333838 -0.0016635271414 0.000994225483445 0.00219407313182 0.00153211553176 -0.000384181322545 0.00141614060215 -0.000721942606675 0.00160213240736 0.000394983259156 0.00137600219138 0.00538021505233 0.000989271966286 0.00017261381198 -0.00120931452128 0.00304201913183 -5.39180581011e-05 0.00283731995841 0.000875096997291 0.00397224646072 -0.000295130622767 0.000283484529375 -0.000804697704622 0.00128736560842 0.00132204367381 0.000410925601758 -0.00224108924878 0.00098800521595 0.00553412058557 -0.0010501140418 -0.000322321644112 
-0.000417098893514 0.00141850607055 0.00287948459236 0.000879423725901 0.00258956706253 -0.00102104612247 0.000328856348672 0.00194673013104 0.00139909738774 -0.0016635271414 0.0278656247874 0.00514887309757 0.000726969267397 0.00303301274738 0.00186846532982 0.000783411608064 0.00145381202157 -1.13761900567e-05 -0.00125422403133 0.00142016509009 -0.000131101555152 0.00170060110136 0.00233096671621 0.000334622813699 0.00130418008695 0.000600705729758 -0.00100830314262 0.00582801605759 0.00125370905793 -0.0003357021611 0.0026877155246 0.00153541513665 0.00207003922681 0.00300483813657 0.00189188695683 0.00413413497323 0.000676507962031 -0.000523608469653 0.00300907847807 0.000798998776616 
0.00057995497109 0.00134821422238 0.00105639041202 0.00101421179508 0.00061984701243 0.00104446934062 -3.07054616928e-05 0.00468081866118 -0.000323399234611 0.000994225483444 0.00514887309757 0.0431260118824 0.00134987150546 0.00172191322119 0.000375332695067 0.00209798266275 -0.00078920022174 -0.00221129735472 0.00153394707569 0.000964734439657 0.00128493226336 0.000693552099864 0.00145942688568 0.00269361858473 -3.40068678831e-05 0.00011261296427 -0.000681902408856 -0.00027950562323 0.00219063797639 0.00065229480836 0.00409534078484 0.00256437767842 0.000568260427611 -5.09444153758e-05 0.00102890022083 0.00035557557064 9.54736972426e-05 0.000707048644638 0.00384421868163 0.00022807258244 
0.00125619570418 0.00152167180999 0.000529271645783 0.00108165818454 0.00173016278257 0.00177789483062 0.000123827675995 0.00451815806378 -2.20033785402e-06 0.00219407313182 0.000726969267397 0.00134987150546 0.0148879956735 0.00166839061867 0.00115973794617 0.00203568900513 -0.000416298031234 0.000765537239405 3.98305468067e-05 0.0022589273808 -0.00122103766447 0.000717243546552 0.000563340088392 0.00202353723392 0.00371941945597 0.00081620620299 0.00034896363888 0.000236212823388 0.00212177088819 0.000486543856651 0.000588542642985 0.00184923542213 0.00101148469829 0.00325569427278 0.00257534327876 -0.000431829987797 0.00116670211217 0.000919681016488 0.0025213948983 0.00139303405321 
0.00329344457822 0.00165324362175 -0.000915952140729 -0.000299924303608 0.00273851450038 0.0031095893566 0.0022505254841 0.00471290314193 0.00161040125902 0.00153211553176 0.00303301274738 0.00172191322119 0.00166839061867 0.0372931651075 0.00468376520379 0.00118067203343 -8.18518273884e-05 0.00740594239389 0.00179678975298 0.00188048274063 -8.58425215666e-05 0.00144578641463 0.00206083792013 -0.00141779420718 0.000722235925532 0.000816956399442 -0.000188830018803 0.0147335808849 0.00226288023061 0.0013874657728 0.00449933561717 0.000976433044029 0.00177594933135 0.00197811894358 0.00441697734756 0.00484891982384 0.000812987598671 0.00718255617063 0.00371288526102 0.00309591787152 
0.000312627813893 0.00179924779143 -0.000437518650424 0.00616347688174 0.00156546651637 0.000883450296373 -0.000683653510974 -0.00127581476901 -0.00103192394933 -0.000384181322545 0.00186846532982 0.000375332695067 0.00115973794617 0.00468376520379 0.0826565518464 0.00699549256278 0.00183782581763 -0.000530121466129 0.00247199868813 0.000748826367229 0.000505444100507 0.000516334299805 -0.00064712496564 0.0011824193283 -0.000507851102845 -0.00228259040017 0.00424510351947 0.000114666767936 0.00209889057139 0.00181861554384 0.00124258584099 -0.000290788711398 -0.00027151812315 0.00682115468445 -0.00489250815779 -0.00150098111368 -0.000781654773746 -0.000199168882535 0.00205925168668 2.89146600099e-05 
-0.000457132597337 0.00192894739008 -9.91292807675e-05 3.16200077099e-05 0.00137939369739 0.000887206442544 0.00137547139234 0.00288168472717 0.000795878060488 0.00141614060215 0.000783411608064 0.00209798266275 0.00203568900513 0.00118067203343 0.00699549256278 0.0196858668818 -0.00118386942553 -0.000606912078802 0.0014955142159 0.00267969485005 0.00120093195716 0.00185365407584 0.00175219621581 -0.00173817211183 0.000238591197453 0.00102782370589 0.00154695446382 0.000120880261622 0.00429717174654 0.0010109074642 0.00233411274986 0.00214244002189 0.000709689070863 0.00301856936804 0.000430593678665 -0.00110600010754 -5.80601587427e-05 -0.00107619192864 0.00314704795267 0.00350882263983 
0.00209508697301 0.00124665596111 0.00205196412959 -8.83609864013e-05 0.00174141094267 0.000555471847017 -0.00165226937544 0.0032773832121 0.00237306001617 -0.000721942606675 0.00145381202157 -0.00078920022174 -0.000416298031234 -8.18518273884e-05 0.00183782581763 -0.00118386942553 0.0299996615493 0.00177590671997 0.000965477807566 0.00125813438577 -0.00217579586253 0.000887474177798 0.00156302100137 -0.000775133048047 0.00261054500592 0.00108737142929 -0.00056706087867 -0.000250587780971 0.00314319798681 -3.60025619511e-05 0.000413831981003 0.00723730858706 0.000732432559305 -0.00218972612273 0.000504891884409 0.00225449969742 0.000883547028052 -0.000435712363287 0.000832908133582 -0.00023502500654 
0.00653344963782 0.00220308449773 0.00375900768648 0.00346596275741 0.00110517836844 0.000405252989042 0.00221944688554 0.00656872946479 -0.0022467081713 0.00160213240736 -1.13761900567e-05 -0.00221129735472 0.000765537239405 0.00740594239389 -0.000530121466129 -0.000606912078802 0.00177590671997 0.0533504828212 0.00112045196216 0.00245468226896 0.000124695861971 0.00377520301632 0.00208523323992 0.00273574786634 0.000840953700061 0.00544545392254 0.0035182975456 0.00507590958939 0.00176689285313 0.000522569942057 0.0131007305364 -0.000337622439741 0.00189636765162 0.00099878783485 0.00356878122024 0.014969081028 -0.000950592787 -0.00165637241723 0.000213959462463 0.000479925693468 
