20
0.0870955077299 0.109959402945 0.0169596300077 0.0088766616328 0.204332601919 0.0831393543584 0.00851722536111 0.0511719962834 0.099400173405 0.0946597506959 -0.0148687542544 0.0680936188342 0.0800542827641 0.0616353203302 0.00643120824938 0.110057805124 0.0201569416701 0.0445332570478 0.0607700526619 0.116406698245 
0.467738940298 0.0271862476312 0.041106568199 0.0586888511426 0.0247181961348 -0.00679235145964 0.0106437126509 0.00370614902431 0.0171905040019 0.029392273834 0.040087048378 -0.00109403280205 0.00377685820433 0.00522268413092 0.0194454101795 0.0532872824972 0.00782918754784 0.00426247923634 0.0198068829643 0.0258739478078 
0.0271862476312 0.403386802195 0.0417607432282 0.0618582115715 -0.0349012088346 0.0185766628214 0.0331020904615 0.00391290781892 0.052876889068 0.031972338256 0.0153252863533 0.0484598213787 0.0235118550693 0.00397421053702 0.0747037939481 0.0850479613076 0.0106060021141 0.0185637737573 0.0103054376021 0.0353924025999 
0.041106568199 0.0417607432282 0.210217862207 0.0447199864018 -0.00269975861928 0.00631662383644 0.0319040773291 0.0194940901812 0.0108613484973 -0.00666704942116 0.0465528157405 0.0103230843186 -0.00416322770565 0.0211509460981 0.0339107066406 0.0638332197708 0.0290738008728 0.0181652405037 0.01440239955 0.0455125602361 
0.0586888511426 0.0618582115715 0.0447199864018 0.269526433028 0.070215067425 0.012092874138 0.0299862000622 -0.000622707384461 0.0253749265118 0.0214305438266 0.026226580829 0.0181853181015 0.0296504545205 0.0179504519925 0.0546301743535 0.0134476966634 0.0160424846434 0.0115388120047 0.0558614784501 0.0184116193447 
0.0247181961348 -0.0349012088346 -0.00269975861928 0.070215067425 1.42865086022 0.0101609507143 0.0244388596309 -0.00726670636114 -0.0239608384675 0.00551825063498 0.0129232766296 0.0116571996532 0.01360450426 -0.0165795966431 0.0105424926693 -0.00812688517245 -0.0293695051304 -0.0182991975405 0.0462070570854 -0.0252917397542 
-0.00679235145964 0.0185766628214 0.00631662383644 0.012092874138 0.0101609507143 0.31558700597 0.0152215129789 -0.0194452651372 0.0465830838362 0.0344182117169 0.00721215498981 -0.00761496364571 0.0282474856206 0.000537741213416 0.0114632905519 0.0437415083809 0.0242274626842 0.0156291639216 0.0128520270458 0.0183837445725 
0.0106437126509 0.0331020904615 0.0319040773291 0.0299862000622 0.0244388596309 0.0152215129789 0.149991649623 0.0226416389773 0.0167525590853 0.00871684315021 0.0219833951629 0.0315602814622 0.0187559452158 0.0287846221601 0.0208515411339 0.0302789929461 0.0282595049202 0.0181210258417 0.0205896959799 0.0348122734928 
0.00370614902431 0.00391290781892 0.0194940901812 -0.000622707384461 -0.00726670636114 -0.0194452651372 0.0226416389773 0.328085155056 -4.02796137721e-06 -0.00429825677829 0.00245500538032 0.00650373223074 -0.00298935039776 0.0124313840003 0.0038357752774 0.0196657438987 -0.0054024751108 -0.0066855090131 -0.00109151252307 0.0261190811991 
0.0171905040019 0.052876889068 0.0108613484973 0.0253749265118 -0.0239608384675 0.0465830838362 0.0167525590853 -4.02796137718e-06 0.360358623217 0.0424074790295 0.00624935237693 0.0154773031144 0.0328968093101 0.02992156009 0.00441213608148 0.0542877310167 0.0301235670359 0.0197399973219 0.0695874978117 0.063251832576 
0.029392273834 0.031972338256 -0.00666704942116 0.0214305438266 0.00551825063498 0.0344182117169 0.00871684315021 -0.00429825677829 0.0424074790295 0.458619684708 0.028411981032 0.0432059548448 0.00398128787795 0.0496392044224 0.017779137652 0.0446684574445 -0.00697917908035 0.0223525032453 0.0146883997101 0.0464969012436 
0.040087048378 0.0153252863533 0.0465528157405 0.026226580829 0.0129232766296 0.00721215498981 0.0219833951629 0.00245500538032 0.00624935237693 0.028411981032 0.16045755788 0.0147021158014 0.0202299998729 0.0163619451867 0.0293983154088 0.0222316530077 0.0121176952637 0.0117984063112 0.00200846779319 0.00728254417482 
-0.00109403280205 0.0484598213787 0.0103230843186 0.0181853181015 0.0116571996532 -0.00761496364571 0.0315602814622 0.00650373223074 0.0154773031144 0.0432059548448 0.0147021158014 0.306539216875 0.0406140858853 0.0325429116483 0.0174679790823 0.0196845859109 0.00834912400606 0.0117263673327 0.0221939137292 0.0300415279886 
0.00377685820433 0.0235118550693 -0.00416322770565 0.0296504545205 0.01360450426 0.0282474856206 0.0187559452158 -0.00298935039776 0.0328968093101 0.00398128787795 0.0202299998729 0.0406140858853 0.349470984093 -0.000179813358602 0.0133348946548 0.0249253973523 0.00872067161494 0.0302224038285 0.0448530334841 0.0437363010299 
0.00522268413092 0.00397421053702 0.0211509460981 0.0179504519925 -0.0165795966431 0.000537741213416 0.0287846221601 0.0124313840003 0.02992156009 0.0496392044224 0.0163619451867 0.0325429116483 -0.000179813358602 0.294006046673 0.0234824205635 0.0429214374894 0.0170229017555 0.0132019983447 0.0548516535676 0.0267192854913 
0.0194454101795 0.0747037939481 0.0339107066406 0.0546301743535 0.0105424926693 0.0114632905519 0.0208515411339 0.0038357752774 0.00441213608148 0.017779137652 0.0293983154088 0.0174679790823 0.0133348946548 0.0234824205635 0.207837706243 0.0364462624229 0.0167669885606 0.00845359132453 0.0117767673716 0.0195903402329 
0.0532872824972 0.0850479613076 0.0638332197708 0.0134476966634 -0.00812688517245 0.0437415083809 0.0302789929461 0.0196657438987 0.0542877310167 0.0446684574445 0.0222316530077 0.0196845859109 0.0249253973523 0.0429214374894 0.0364462624229 0.477037288774 0.0281355063785 0.0234499969374 0.0245177912168 0.0668416669473 
0.00782918754784 0.0106060021141 0.0290738008728 0.0160424846434 -0.0293695051304 0.0242274626842 0.0282595049202 -0.0054024751108 0.0301235670359 -0.00697917908035 0.0121176952637 0.00834912400606 0.00872067161494 0.0170229017555 0.0167669885606 0.0281355063785 0.201682443368 0.0295726452713 0.0319827101057 0.028798859889 
0.00426247923634 0.0185637737573 0.0181652405037 0.0115388120047 -0.0182991975405 0.0156291639216 0.0181210258417 -0.0066855090131 0.0197399973219 0.0223525032453 0.0117984063112 0.0117263673327 0.0302224038285 0.0132019983447 0.00845359132453 0.0234499969374 0.0295726452713 0.188581139431 0.00941749701272 0.000597999109475 
0.0198068829643 0.0103054376021 0.01440239955 0.0558614784501 0.0462070570854 0.0128520270458 0.0205896959799 -0.00109151252307 0.0695874978117 0.0146883997101 0.00200846779319 0.0221939137292 0.0448530334841 0.0548516535676 0.0117767673716 0.0245177912168 0.0319827101057 0.00941749701272 0.275036188277 0.0272948765464 
0.0258739478078 0.0353924025999 0.0455125602361 0.0184116193447 -0.0252917397542 0.0183837445725 0.0348122734928 0.0261190811991 0.063251832576 0.0464969012436 0.00728254417482 0.0300415279886 0.0437363010299 0.0267192854913 0.0195903402329 0.0668416669473 0.028798859889 0.000597999109475 0.0272948765464 0.555693451029 
0.0405073804637 0.00235439810822 0.00355993323227 0.00508260360084 0.00214065857885 -0.000588234891548 0.000921772554623 0.000320961920526 0.00148874131695 0.00254544558152 0.00347164022581 -9.47460199148e-05 0.000327085515144 0.000452297713332 0.00168402192024 0.00461481403412 0.000678027530742 0.000369141530177 0.00171532638169 0.00224074960978 
0.00235439810822 0.0349343218252 0.00361658645165 0.00535707826536 -0.00302253334736 0.00160878619209 0.0028667251258 0.000338867757385 0.0045792729206 0.00276888571481 0.00132720873022 0.00419674363768 0.00203618637801 0.000344176728505 0.00646953833181 0.00736536950325 0.000918506726342 0.00160766996639 0.000892477076057 0.00306507197525 
0.00355993323227 0.00361658645165 0.0182054009 0.00387286442809 -0.000233805954838 0.000547035670851 0.00276297414513 0.00168823773206 0.000940620371801 -0.000577383416701 0.0040315921049 0.000894005326534 -0.000360546095484 0.00183172566351 0.00293675334111 0.00552811899268 0.00251786501404 0.0015731559742 0.00124728438857 0.00394150333558 
0.00508260360084 0.00535707826536 0.00387286442809 0.0233416737994 0.00608080321185 0.00104727362083 0.00259688110168 -5.39280414068e-05 0.00219753309784 0.00185593953707 0.00227128852523 0.00157489474518 0.00256780468485 0.00155455474349 0.00473111188033 0.00116460469329 0.0013893199241 0.000999290432554 0.00483774594307 0.00159449300773 
0.00214065857885 -0.00302253334736 -0.000233805954838 0.00608080321185 0.123724793809 0.000879964144519 0.00211646732799 -0.000629315231059 -0.00207506948088 0.000477894523434 0.00111918858614 0.00100954310367 0.00117818462951 -0.00143583518774 0.000913006647079 -0.000703808901298 -0.00254347375395 -0.00158475699389 0.00400164852701 -0.0021903289133 
-0.000588234891548 0.00160878619209 0.000547035670851 0.00104727362083 0.000879964144519 0.0273306364274 0.00131822169237 -0.00168400935922 0.00403421339888 0.00298070456997 0.000624590943721 -0.000659475196608 0.00244630401405 4.65697551481e-05 0.000992750082894 0.00378812574577 0.00209815981537 0.0013535252996 0.00111301819118 0.00159207898165 
0.000921772554623 0.0028667251258 0.00276297414513 0.00259688110168 0.00211646732799 0.00131822169237 0.0129896578929 0.00196082345377 0.00145081417463 0.000754900760889 0.00190381786725 0.00273320054968 0.00162431250289 0.0024928214029 0.001805796433 0.00262223770924 0.00244734491593 0.00156932687216 0.00178311997748 0.00301483132082 
0.000320961920526 0.000338867757385 0.00168823773206 -5.39280414068e-05 -0.000629315231059 -0.00168400935922 0.00196082345377 0.0284130078883 -3.48831687813e-07 -0.000372239956198 0.000212609702579 0.000563239733124 -0.000258885338527 0.00107658943485 0.000332187883344 0.00170310338006 -0.000467868068926 -0.000578982064258 -9.45277573527e-05 0.00226197878419 
0.00148874131695 0.0045792729206 0.000940620371801 0.00219753309784 -0.00207506948088 0.00403421339888 0.00145081417463 -3.4883168781e-07 0.0312079722179 0.003672595415 0.000541209791563 0.00134037376792 0.0028489472566 0.00259128311588 0.000382102193151 0.00470145541743 0.00260877743057 0.00170953391514 0.00602645408907 0.00547776938467 
0.00254544558152 0.00276888571481 -0.000577383416701 0.00185593953707 0.000477894523434 0.00298070456997 0.000754900760889 -0.000372239956198 0.003672595415 0.0397176297633 0.00246054973456 0.00374174544904 0.000344789644208 0.00429888120534 0.0015397184864 0.00386840188948 -0.000604414638114 0.00193578356486 0.00127205272899 0.00402674976742 
0.00347164022581 0.00132720873022 0.0040315921049 0.00227128852523 0.00111918858614 0.000624590943721 0.00190381786725 0.000212609702579 0.000541209791563 0.00246054973456 0.0138960321353 0.00127324057734 0.00175196938085 0.0014169860187 0.00254596879725 0.00192531762728 0.00104942319337 0.00102177195897 0.000173938413158 0.000630686825958 
-9.47460199148e-05 0.00419674363768 0.000894005326534 0.00157489474518 0.00100954310367 -0.000659475196608 0.00273320054968 0.000563239733123 0.00134037376792 0.00374174544904 0.00127324057734 0.026547074907 0.00351728301281 0.00281829882005 0.0015127713638 0.00170473514618 0.000723055348859 0.00101553320042 0.00192204930989 0.00260167264066 
0.000327085515144 0.00203618637801 -0.000360546095484 0.00256780468485 0.00117818462951 0.00244630401405 0.00162431250289 -0.000258885338527 0.0028489472566 0.000344789644208 0.00175196938085 0.00351728301281 0.030265075011 -1.55722936489e-05 0.00115483575279 0.00215860273065 0.00075523231566 0.00261733694789 0.0038843866434 0.00378767477594 
0.000452297713332 0.000344176728505 0.00183172566351 0.00155455474349 -0.00143583518774 4.65697551481e-05 0.0024928214029 0.00107658943485 0.00259128311588 0.00429888120534 0.0014169860187 0.00281829882005 -1.55722936489e-05 0.0254616705285 0.00203363727503 0.00371710552327 0.00147422653664 0.00114332659473 0.00475029254292 0.00231395800065 
0.00168402192024 0.00646953833181 0.00293675334111 0.00473111188033 0.000913006647079 0.000992750082894 0.00180579643301 0.000332187883344 0.000382102193151 0.0015397184864 0.00254596879725 0.0015127713638 0.00115483575279 0.00203363727503 0.017999273347 0.00315633891312 0.00145206380385 0.000732102484026 0.00101989797183 0.00169657323105 
0.00461481403412 0.00736536950325 0.00552811899268 0.00116460469329 -0.000703808901298 0.00378812574577 0.00262223770924 0.00170310338006 0.00470145541743 0.00386840188948 0.00192531762728 0.00170473514618 0.00215860273065 0.00371710552327 0.00315633891312 0.0413126410631 0.00243660632721 0.00203082930664 0.00212330300384 0.00578865816077 
0.000678027530742 0.000918506726342 0.00251786501404 0.0013893199241 -0.00254347375395 0.00209815981537 0.00244734491593 -0.000467868068926 0.00260877743057 -0.000604414638114 0.00104942319337 0.000723055348859 0.00075523231566 0.00147422653664 0.00145206380385 0.00243660632721 0.0174662119454 0.00256106620621 0.00276978394334 0.00249405442639 
0.000369141530177 0.00160766996639 0.0015731559742 0.000999290432554 -0.00158475699389 0.00135352529961 0.00156932687216 -0.000578982064258 0.00170953391514 0.00193578356486 0.00102177195897 0.00101553320042 0.00261733694789 0.00114332659473 0.000732102484026 0.00203082930664 0.00256106620621 0.0163316057422 0.000815579165308 5.17882420246e-05 
0.00171532638169 0.000892477076057 0.00124728438857 0.00483774594307 0.00400164852701 0.00111301819118 0.00178311997748 -9.45277573527e-05 0.00602645408907 0.00127205272899 0.000173938413158 0.00192204930989 0.0038843866434 0.00475029254292 0.00101989797183 0.00212330300384 0.00276978394334 0.000815579165308 0.0238188326008 0.00236380564824 
0.00224074960978 0.00306507197525 0.00394150333558 0.00159449300773 -0.0021903289133 0.00159207898165 0.00301483132082 0.00226197878419 0.00547776938467 0.00402674976742 0.000630686825958 0.00260167264066 0.00378767477594 0.00231395800065 0.00169657323105 0.00578865816077 0.00249405442639 5.17882420246e-05 0.00236380564824 0.0481244645308 

['EP', 'EBAY', 'GAS', 'APCC', 'UIS', 'TJX', 'PBI', 'EFX', 'JCP', 'Q', 'FE', 'A', 'CSCO', 'ASD', 'SNV', 'CTX', 'LMT', 'DGX', 'ROK', 'NTAP']