40
0.00477989818121 0.00326137985962 0.0277880817415 0.114977551813 0.0759168136047 0.0243185800675 0.1366928931 0.0520830917934 0.00194148072761 0.123331646141 0.025637758891 0.00642009941462 0.0616353203302 0.0598638009539 0.0887704215167 0.107494880462 0.0482129600444 -0.0142899737039 0.0695206157777 0.0268374832388 0.0256858872149 0.0905831054983 0.033790820858 0.0101927526284 0.0384658872101 0.0896854693356 0.161692830297 0.119808933935 0.131188957491 0.102864057578 0.16701162673 0.105790735219 0.0321720089654 0.0900156737744 0.0110311255814 0.0203567883068 0.100220943784 0.09797045465 0.035272852014 0.0466490289559 
0.163535610451 0.0193600479708 -0.000727254754432 -0.00113987169954 -0.00898248099128 0.0107516672765 0.016738712811 0.00339339764269 0.0151312933639 0.00944881998826 0.0199100966548 0.0104321768765 -0.00165775305554 0.0320774492785 0.0365274117155 0.00458008326869 0.016298100986 0.012251864837 -0.00043311426432 0.0125284876119 0.00694016147848 0.0122877573916 0.00289379272475 0.0287315647754 0.0207702785787 0.0182465609502 -0.00191617035686 0.0015355591755 0.0203966930161 0.00486044620777 0.00461741131837 0.0175445425815 0.015142146997 0.0173897146038 0.0128861156027 0.0490792158191 0.00649413943594 -0.013598036703 0.0199378090247 0.0147778653924 
0.0193600479708 0.162782997554 0.0110227740361 -0.00147274226786 0.0017340449562 0.000809895104984 0.00815948797927 0.00457561449846 0.0154659479453 0.0186832029685 0.0250450145935 0.0189129847461 0.0200632435537 0.0127689216606 0.01636210298 0.00030241197437 -0.011333330502 0.0114498983499 0.0298383071012 0.00962249237279 0.0108936765124 0.0263313374802 0.00404817298146 0.0212306219266 0.0287004260756 0.0164454016312 0.0246485624554 -0.00658572270354 0.00918713779879 -0.00101530808295 0.00250903386152 0.0119513700136 0.00973619414756 0.0038007430441 0.0136035664599 0.0151077983391 0.0154448165635 0.00665368261043 0.0389273190964 0.00249072296154 
-0.000727254754432 0.0110227740361 0.167785093799 0.00597082383222 0.0164443675609 0.00404565398919 0.00397252157522 0.00905690033974 0.0168379607656 0.0244262550389 0.0263660762741 0.0118194807826 0.0240738112506 0.0311586391249 0.0172253972564 0.0425517322116 0.0136963282304 0.00422238344661 0.0166697697223 0.000716483001166 0.02857129684 0.00261741983779 0.0124243613003 0.0127932174892 0.0403556692853 0.0101597708111 0.0358785192268 0.012591012289 0.0245781513284 0.0012220380294 0.0130679538352 -0.00643975885521 0.0210369974794 0.0231622854537 0.0201969820659 0.0216624879496 -0.0155732595499 0.00712298178601 0.00934738281621 0.0204056196371 
-0.00113987169954 -0.00147274226786 0.00597082383222 0.599166885628 -0.00610381871825 -0.0120628979613 0.0608756255133 0.0180725393977 0.0175059985638 -0.0112170125275 0.0590739261096 0.0199146863988 -0.0081796225304 0.0306803678167 0.096120606931 0.023019743495 0.0141828031482 0.00776773645355 0.00474747723038 0.0153124261964 -0.0187329815336 0.0221262057786 0.00550417364246 -0.0184195725037 0.0259391299052 -0.00556811392641 0.0175984089977 -0.0109368592822 0.0567224933789 0.0228528460121 -0.00605033241937 0.0489969985721 0.02214651432 -0.0129833065194 0.0129150313214 0.00253200578993 0.0272317372082 0.0207361518476 0.00433171821851 -0.00640469928068 
-0.00898248099128 0.0017340449562 0.0164443675609 -0.00610381871825 0.340001875927 -0.0035093861173 -0.0104061996123 0.0290410054719 0.0192175077363 0.043471955456 0.0136102670915 0.0205612820251 0.02494962761 0.014702686983 0.0153390184939 0.00508795764675 0.0263538875479 0.00456101846944 0.00417578082602 0.0135945354286 0.00465612293804 0.00213723057242 0.0167920161864 0.0579459355205 0.00256850864028 0.0232859636683 0.0108438947879 0.00658171086632 -0.014370587613 -0.00259519104668 0.0290287743605 -0.0122940153083 0.0211755861155 0.00215125304835 0.0205156459275 0.0224579463327 0.0197471181139 -0.000421605153942 0.0465276447576 0.0228592125952 
0.0107516672765 0.000809895104984 0.00404565398919 -0.0120628979613 -0.0035093861173 0.229890430411 0.00380704447338 -0.00139162824234 0.0276313347745 0.0266807553552 -0.00343639594426 0.00777703497723 0.00491059002558 0.0338112233279 0.00732186812784 0.0134722576291 0.00432153860423 0.0197706485764 0.00939396197378 0.0151941992186 0.0313914464708 0.0337137082299 0.00362705001602 -0.0028744761141 0.00428095134577 0.00664454420059 0.00824986599752 0.0230768361668 0.0201269219742 0.00165915178969 0.0163935536753 0.0282246225202 0.0155876645788 0.0216880628957 0.0149011937914 0.00237376999884 -0.000798549255275 0.0109595732045 0.0114538750084 0.00676445365618 
0.016738712811 0.00815948797927 0.00397252157522 0.0608756255133 -0.0104061996123 0.00380704447338 0.52375905835 0.00341289309578 0.0135916941958 0.0228585450095 -0.00246533247458 0.000647621336952 -0.00167673193385 0.0220204420192 0.018769631754 0.0205881830063 0.0361386287001 0.0023142480946 -0.00357814769582 0.00772710676574 -0.0110648700792 0.0317916640578 -0.00287330235374 0.0121298490379 0.0223702195499 -0.00299369284417 0.00469303094725 0.0345663743328 0.00222744582344 0.0154614980583 -0.00252269118916 0.000140283202108 0.0184607800462 0.0111569780692 0.00236760651966 0.00743018553738 0.0240751226903 0.0251595764614 0.0224265963176 0.00526590404439 
0.00339339764269 0.00457561449846 0.00905690033974 0.0180725393977 0.0290410054719 -0.00139162824234 0.00341289309578 0.209909803664 0.032866979411 0.0150188700849 -0.00352830283482 0.0574483510183 0.000858074204058 0.0328878283387 0.0272461306684 0.0201389886023 0.00974777076198 0.0379000344302 -0.0022015008847 0.00329586374313 0.00955084913695 0.0217062489981 0.0184904053176 0.00013975439327 0.0241467150032 0.020388475108 0.0274220650455 0.0382726109217 0.0142621830833 0.0102643513653 0.0110664100454 0.0324270361596 0.0169033226453 -0.00669827256196 0.0508164993623 0.00684225279287 0.0268185656096 -0.00946526338407 0.0244412978131 -0.0134804106486 
0.0151312933639 0.0154659479453 0.0168379607656 0.0175059985638 0.0192175077363 0.0276313347745 0.0135916941958 0.032866979411 0.209132505658 0.0173065965628 0.0119877668381 0.0207402452439 0.0127758978798 0.0200427253582 0.0265803633411 0.0370693644923 0.0234464605475 0.0253517216603 0.02357868519 0.00360820742458 0.0227503369808 0.0198414009973 0.0226007311018 0.0132453659446 0.0352649959129 0.03723902593 0.0398792512916 -0.00813408129937 0.0509575878691 0.0236992795886 0.00458974183556 0.0353299059566 0.0332986723264 0.00310040778506 0.0115295508656 0.0112420883154 0.0258717819968 0.0460296500067 0.0224746619533 0.00461326333647 
0.00944881998826 0.0186832029685 0.0244262550389 -0.0112170125275 0.043471955456 0.0266807553552 0.0228585450095 0.0150188700849 0.0173065965628 0.459802186014 0.00746447512887 0.000374132586529 0.0354301774656 0.0532100646612 0.0534684804012 0.0189295643566 0.0285162318184 0.0208159923878 0.0170978520548 0.00537691240782 0.00560607677895 0.00581051940192 0.0183821254174 0.0257980708121 0.0252756903218 0.0499028273404 0.00214095380361 0.00933689826842 0.0539327343072 0.0237890080323 0.0313549748486 0.0594695983739 0.0155082162174 0.00807536658562 0.00289777602077 0.007592377103 0.016581654945 0.0309051055421 0.0134517023415 0.0457582574311 
0.0199100966548 0.0250450145935 0.0263660762741 0.0590739261096 0.0136102670915 -0.00343639594426 -0.00246533247458 -0.00352830283482 0.0119877668381 0.00746447512887 0.254702101688 0.00628014824841 0.000309359488728 0.0236850971557 0.0227056688569 0.0768577115744 0.0233542769291 0.0206363789964 0.00830477328533 0.0160780869593 0.0357091275962 0.0156026291175 -0.0115303100876 0.0204006483363 0.0292122457959 0.021821015071 0.0161485119707 -0.0142462532942 0.0303875972142 0.0212088268899 0.00893678121154 0.0226536388722 0.0216202416615 0.0124421241885 0.00542010634986 0.0263291288639 0.0246811607801 0.0606825930825 0.0038525429475 0.00513480516461 
0.0104321768764 0.0189129847461 0.0118194807826 0.0199146863988 0.0205612820251 0.00777703497723 0.000647621336952 0.0574483510183 0.0207402452439 0.000374132586528 0.00628014824841 0.153928018915 0.0130839644014 0.0303484459166 0.0186588589024 0.0270142524014 0.00841706131256 0.0111697570606 0.0152963108567 -0.00617889529172 0.0138058032549 0.0182159671199 0.0102488834662 0.00597401144787 0.0170863299488 0.0166358429616 0.0279724295154 0.023476533665 0.0267487030263 0.0270985482867 0.0038044242462 0.0196354248293 0.0145746333962 0.0146098034293 0.0484111054206 -0.00281758088181 -0.00739139267487 -0.000662193050523 0.0155284131272 0.00624545150399 
-0.00165775305554 0.0200632435537 0.0240738112506 -0.0081796225304 0.02494962761 0.00491059002558 -0.00167673193385 0.000858074204058 0.0127758978798 0.0354301774656 0.000309359488728 0.0130839644014 0.289453745148 0.0270617629175 0.0342423320321 0.0271826620674 0.00817703049653 0.0206816861772 -0.00464371217148 0.00999554097988 -0.00207908747242 0.0254848333742 0.0305618199521 0.0171973407513 0.0307686891817 0.020598869503 0.0363886290955 0.00158910329742 0.0176033343888 -0.00728535417195 0.0274244332628 0.0293603842567 0.0335827301188 0.00169629654421 0.015548496713 0.00266826467529 0.00281012568052 0.00887939967162 0.0312054356352 0.0210609339391 
0.0320774492785 0.0127689216606 0.0311586391249 0.0306803678167 0.014702686983 0.0338112233279 0.0220204420192 0.0328878283387 0.0200427253582 0.0532100646612 0.0236850971557 0.0303484459166 0.0270617629175 0.190610999267 0.0293232686542 0.0440637072897 0.0333041772183 0.0112256047421 0.0116056063992 0.00611522156894 0.0149280173367 0.0284639966179 0.0104798543471 0.0371386379722 0.0265017722462 0.0211949463559 0.0258856228291 -0.0110538445357 0.0294467592262 0.0217471130344 -0.00326139901063 0.0357755252897 0.0210041599775 0.0312060927626 0.0357496765016 0.0180669646014 0.0322316635007 0.000949311368577 0.0137162473813 0.0202917440193 
0.0365274117155 0.01636210298 0.0172253972564 0.096120606931 0.0153390184939 0.00732186812784 0.018769631754 0.0272461306684 0.0265803633411 0.0534684804012 0.0227056688569 0.0186588589024 0.0342423320321 0.0293232686542 0.315550865053 0.057759945661 0.00159712580466 0.00898978207569 -0.0091144423354 0.0103554654391 0.0293326237091 0.0306633198517 0.0320439510924 0.0112398613044 0.0151420100889 0.00157367596507 0.00952035017203 -0.0278034695961 0.0128068379384 0.00831829927594 -0.0337238444762 0.00943527282072 0.00977388077942 -0.00886803072646 0.0280023866785 0.0169956057226 0.0324583546553 -0.0137597941788 0.0309457145695 0.0273892086474 
0.00458008326869 0.00030241197437 0.0425517322116 0.023019743495 0.00508795764675 0.0134722576291 0.0205881830063 0.0201389886023 0.0370693644923 0.0189295643566 0.0768577115744 0.0270142524014 0.0271826620674 0.0440637072897 0.057759945661 0.444363126514 0.0565508025332 0.00133088798965 0.0142060538661 0.00721811279912 0.0493756951662 0.0296246628902 0.0234481305803 -0.00373773722402 0.0191522597654 0.0236872796737 0.0455301837424 0.00587909970808 0.058897049867 0.013264123249 0.0104703667273 -0.000614658834064 0.015038025834 0.0214371490118 0.0180626794467 0.0123029847356 0.155045216083 0.0461557293792 0.0171420443828 0.0321178489279 
0.016298100986 -0.011333330502 0.0136963282304 0.0141828031482 0.0263538875479 0.00432153860423 0.0361386287001 0.00974777076198 0.0234464605475 0.0285162318184 0.0233542769291 0.00841706131256 0.00817703049653 0.0333041772183 0.00159712580466 0.0565508025332 0.282212702161 0.0114142928158 -0.000958146884875 0.00716056186238 0.00838613230584 0.0226953032176 0.00791728486932 0.0202405912156 0.0271582065994 0.0324751510626 0.00860333799136 0.00663854333232 -0.00232037585386 0.00784908735313 0.00830914396472 0.0174307506969 0.00441202425693 0.0201736165378 0.0087980697955 0.00802873585801 0.0310297260407 -0.0268608616443 0.0149509805633 0.0115833405127 
0.012251864837 0.0114498983499 0.00422238344661 0.00776773645355 0.00456101846944 0.0197706485764 0.0023142480946 0.0379000344302 0.0253517216603 0.0208159923878 0.0206363789964 0.0111697570606 0.0206816861772 0.0112256047421 0.00898978207569 0.00133088798965 0.0114142928158 0.182793516126 0.0195034598836 0.0125156448584 0.00952053730251 0.0138305366731 0.0275362939289 0.0305216703529 0.0256228098536 0.0323921128633 0.0218213939078 -0.000895780120984 0.0248763619925 -0.0177495919554 0.00615024278297 0.00948938211452 0.0106932215025 0.0168137265818 0.00976350991241 -0.00345093659356 -0.011474566369 -0.00882614786785 0.019506806369 0.0133282216439 
-0.00043311426432 0.0298383071012 0.0166697697223 0.00474747723038 0.00417578082602 0.00939396197378 -0.00357814769582 -0.0022015008847 0.02357868519 0.0170978520548 0.00830477328533 0.0152963108567 -0.00464371217148 0.0116056063992 -0.0091144423354 0.0142060538661 -0.000958146884875 0.0195034598836 0.807622201225 0.00273648017149 0.000811130997405 -0.00298966052084 0.00541510349262 0.0150235675312 0.0118011410449 0.0186441749469 -0.0190256962253 0.0166615824563 0.0472436696528 -0.0156178098838 0.0179505930026 0.00229070010833 0.0138977566972 -0.00833129125517 0.015387067289 0.011936871926 0.0292875055896 0.00269624021063 -0.0126752252218 -0.00665783643738 
0.0125284876119 0.00962249237279 0.000716483001166 0.0153124261964 0.0135945354286 0.0151941992186 0.00772710676574 0.00329586374313 0.00360820742458 0.00537691240782 0.0160780869593 -0.00617889529172 0.00999554097988 0.00611522156894 0.0103554654391 0.00721811279912 0.00716056186238 0.0125156448584 0.00273648017149 0.158750848606 0.000999818412193 0.0231253768822 0.0158050945373 0.0114551917944 0.00961448388792 0.0169102846736 0.0303353578217 0.0159785867369 0.010237182149 0.0170178284686 0.00495015133563 0.0202593056921 0.0160300601916 -0.00788494876375 0.00550745677111 0.00917347928956 0.0180021763349 -0.0115794926027 0.0320733256278 0.0249618433881 
0.00694016147848 0.0108936765124 0.02857129684 -0.0187329815336 0.00465612293804 0.0313914464708 -0.0110648700792 0.00955084913695 0.0227503369808 0.00560607677895 0.0357091275962 0.0138058032549 -0.00207908747242 0.0149280173367 0.0293326237091 0.0493756951662 0.00838613230584 0.00952053730251 0.000811130997405 0.000999818412193 0.198286379584 0.0193942807781 0.0115573095096 0.0132434551036 0.00953690127761 0.0273370917951 0.0207689141299 -0.00616980633773 0.0436662989014 -0.0139381580018 0.0370948699511 0.0248689221741 0.0338075717778 0.0403441685443 0.00465919830635 0.0155543992034 -0.0106939172552 0.0536899232729 0.0102456332141 0.0171020552831 
0.0122877573916 0.0263313374802 0.00261741983779 0.0221262057786 0.00213723057242 0.0337137082299 0.0317916640578 0.0217062489981 0.0198414009973 0.00581051940192 0.0156026291175 0.0182159671199 0.0254848333742 0.0284639966179 0.0306633198517 0.0296246628902 0.0226953032176 0.0138305366731 -0.00298966052084 0.0231253768822 0.0193942807781 0.316674151517 -0.00320047258713 0.0134121574643 0.0300192042839 0.018126980859 -0.00223174685474 0.00317323335679 -0.00893501999493 0.00956421066205 0.0207727789596 0.0107021594806 0.0117602828372 0.0262087022198 0.0150985752651 0.0215964267384 0.00888021062473 -0.00255975658584 0.0393191273985 0.0238668036396 
0.00289379272475 0.00404817298146 0.0124243613003 0.00550417364246 0.0167920161864 0.00362705001602 -0.00287330235374 0.0184904053176 0.0226007311018 0.0183821254174 -0.0115303100876 0.0102488834662 0.0305618199521 0.0104798543471 0.0320439510924 0.0234481305803 0.00791728486932 0.0275362939289 0.00541510349262 0.0158050945373 0.0115573095096 -0.00320047258713 0.178321420227 0.0284825696587 0.00872140106564 0.0222471551282 -0.00639223806702 -0.0255493336426 0.00746000176272 0.000484666555948 0.0257609639482 0.0180294788519 0.0268038889957 0.00775443251295 0.00664186974226 0.00992836910409 0.0244748967622 0.00417377841675 0.0310321574642 0.00413057614272 
0.0287315647754 0.0212306219266 0.0127932174892 -0.0184195725037 0.0579459355205 -0.0028744761141 0.0121298490379 0.00013975439327 0.0132453659446 0.0257980708121 0.0204006483363 0.00597401144787 0.0171973407513 0.0371386379722 0.0112398613044 -0.00373773722402 0.0202405912156 0.0305216703529 0.0150235675312 0.0114551917944 0.0132434551036 0.0134121574643 0.0284825696587 0.249945024866 0.0315199057608 0.0275988280437 0.0115093068389 0.0164523621611 0.0148676505618 -0.00378720595418 0.0170427258071 0.00512863462424 0.0133832596035 0.0198869207089 0.00859517300215 0.0401102826893 0.0259564299787 0.0325188811912 0.0142811175732 0.0107533664203 
0.0207702785787 0.0287004260756 0.0403556692853 0.0259391299052 0.00256850864028 0.00428095134577 0.0223702195499 0.0241467150032 0.0352649959129 0.0252756903218 0.0292122457959 0.0170863299488 0.0307686891817 0.0265017722462 0.0151420100889 0.0191522597654 0.0271582065994 0.0256228098536 0.0118011410449 0.00961448388792 0.00953690127761 0.0300192042839 0.00872140106564 0.0315199057608 0.233375000082 0.0182272696023 0.0080326988423 -0.0153258227155 0.021645189831 0.00237156143838 0.0240071522117 0.0143958274696 0.0245290744668 0.0295346273564 0.0128091509413 0.0390401903202 0.0182789301826 0.0149985720487 0.00244427467838 0.0368161712758 
0.0182465609502 0.0164454016312 0.0101597708111 -0.00556811392641 0.0232859636683 0.00664454420059 -0.00299369284417 0.020388475108 0.03723902593 0.0499028273404 0.021821015071 0.0166358429616 0.020598869503 0.0211949463559 0.00157367596507 0.0236872796737 0.0324751510626 0.0323921128633 0.0186441749469 0.0169102846736 0.0273370917951 0.018126980859 0.0222471551282 0.0275988280437 0.0182272696023 0.257121830364 -0.0326002233581 -0.00547962699184 0.02948009537 0.0149873108176 -0.00286345858896 0.0122533457733 0.0225798433876 0.00822225522887 0.013505728714 0.00175612778727 -0.000842533032489 -0.000617871304867 0.0187940375463 0.0208622528041 
-0.00191617035686 0.0246485624554 0.0358785192268 0.0175984089977 0.0108438947879 0.00824986599752 0.00469303094725 0.0274220650455 0.0398792512916 0.00214095380361 0.0161485119707 0.0279724295154 0.0363886290955 0.0258856228291 0.00952035017203 0.0455301837424 0.00860333799136 0.0218213939078 -0.0190256962253 0.0303353578217 0.0207689141299 -0.00223174685474 -0.00639223806702 0.0115093068389 0.0080326988423 -0.0326002233581 0.893747006984 -0.0157850089527 0.0448597281666 0.00512150568416 0.0240023276412 -0.00132010102211 0.00143999556851 -0.013437161792 0.0193073812113 0.0365623903336 0.0459660900755 -0.0297656969202 0.00564164733209 -0.0083191115034 
0.0015355591755 -0.00658572270354 0.012591012289 -0.0109368592822 0.00658171086632 0.0230768361668 0.0345663743328 0.0382726109217 -0.00813408129937 0.00933689826842 -0.0142462532942 0.023476533665 0.00158910329742 -0.0110538445357 -0.0278034695961 0.00587909970808 0.00663854333232 -0.000895780120984 0.0166615824563 0.0159785867369 -0.00616980633773 0.00317323335679 -0.0255493336426 0.0164523621611 -0.0153258227155 -0.00547962699184 -0.0157850089527 0.639479185654 0.0135722524288 -0.00751002617378 -0.00381422780516 0.0605921716313 0.0078600493677 -0.0144962146513 0.0171862266693 -0.0227670730504 0.054779308237 -0.036849780482 0.0013938332665 0.0324738696722 
0.0203966930161 0.00918713779879 0.0245781513284 0.0567224933789 -0.014370587613 0.0201269219742 0.00222744582344 0.0142621830833 0.0509575878691 0.0539327343072 0.0303875972142 0.0267487030263 0.0176033343888 0.0294467592262 0.0128068379384 0.058897049867 -0.00232037585386 0.0248763619925 0.0472436696528 0.010237182149 0.0436662989014 -0.00893501999493 0.00746000176272 0.0148676505618 0.021645189831 0.02948009537 0.0448597281666 0.0135722524288 0.379302664383 0.0175251126595 0.044545195284 0.0612187612696 0.033479226647 0.05367773671 0.0168403346969 0.0419577632274 0.0139463076984 0.0838064351464 0.00830676469637 0.0274844147296 
0.00486044620777 -0.00101530808295 0.0012220380294 0.0228528460121 -0.00259519104668 0.00165915178969 0.0154614980583 0.0102643513653 0.0236992795886 0.0237890080323 0.0212088268899 0.0270985482867 -0.00728535417195 0.0217471130344 0.00831829927594 0.013264123249 0.00784908735313 -0.0177495919554 -0.0156178098838 0.0170178284686 -0.0139381580018 0.00956421066205 0.000484666555948 -0.00378720595418 0.00237156143838 0.0149873108176 0.00512150568416 -0.00751002617377 0.0175251126595 0.626969239951 0.0128677843621 0.013303743262 0.00993246932266 0.000747255034806 0.0126053410366 -0.00121375177722 0.000277773402229 0.0248395667586 0.0196663423236 0.0112178969989 
0.00461741131837 0.00250903386152 0.0130679538352 -0.00605033241937 0.0290287743605 0.0163935536753 -0.00252269118916 0.0110664100454 0.00458974183556 0.0313549748486 0.00893678121154 0.0038044242462 0.0274244332628 -0.00326139901063 -0.0337238444762 0.0104703667273 0.00830914396472 0.00615024278297 0.0179505930026 0.00495015133563 0.0370948699511 0.0207727789596 0.0257609639482 0.0170427258071 0.0240071522117 -0.00286345858896 0.0240023276412 -0.00381422780516 0.044545195284 0.0128677843621 0.502234472202 0.0112369630992 0.0244087640328 0.0408613418943 0.0144888012291 0.0364668977822 -0.0501019750577 0.032123584986 0.00590646781657 0.0415787845215 
0.0175445425815 0.0119513700136 -0.00643975885521 0.0489969985721 -0.0122940153083 0.0282246225202 0.000140283202108 0.0324270361596 0.0353299059566 0.0594695983739 0.0226536388722 0.0196354248293 0.0293603842567 0.0357755252897 0.00943527282072 -0.000614658834064 0.0174307506969 0.00948938211452 0.00229070010833 0.0202593056921 0.0248689221741 0.0107021594806 0.0180294788519 0.00512863462424 0.0143958274696 0.0122533457733 -0.00132010102211 0.0605921716313 0.0612187612696 0.013303743262 0.0112369630992 0.344889667268 0.0182022151119 -0.00164788152414 0.00803863643902 0.0100011110237 0.0312259144938 0.0391384915942 -0.00237815968957 0.00517650054599 
0.015142146997 0.00973619414756 0.0210369974794 0.02214651432 0.0211755861155 0.0155876645788 0.0184607800462 0.0169033226453 0.0332986723264 0.0155082162174 0.0216202416615 0.0145746333962 0.0335827301188 0.0210041599775 0.00977388077942 0.015038025834 0.00441202425693 0.0106932215025 0.0138977566972 0.0160300601916 0.0338075717778 0.0117602828372 0.0268038889957 0.0133832596035 0.0245290744668 0.0225798433876 0.00143999556851 0.0078600493677 0.033479226647 0.00993246932266 0.0244087640328 0.0182022151119 0.150912916212 0.00477136501238 0.0111882654617 0.0245722820467 0.00608559264024 0.0227288333378 0.00965671441254 0.0118478915957 
0.0173897146038 0.0038007430441 0.0231622854537 -0.0129833065194 0.00215125304835 0.0216880628957 0.0111569780692 -0.00669827256196 0.00310040778506 0.00807536658562 0.0124421241885 0.0146098034293 0.00169629654421 0.0312060927626 -0.00886803072646 0.0214371490118 0.0201736165378 0.0168137265818 -0.00833129125517 -0.00788494876375 0.0403441685443 0.0262087022198 0.00775443251295 0.0198869207089 0.0295346273564 0.00822225522887 -0.013437161792 -0.0144962146513 0.05367773671 0.000747255034806 0.0408613418943 -0.00164788152414 0.00477136501238 0.235648108852 0.00264323475339 0.0246002251277 0.00930379350372 0.000767663072501 0.00153199245623 0.0185737361953 
0.0128861156027 0.0136035664599 0.0201969820659 0.0129150313214 0.0205156459275 0.0149011937914 0.00236760651966 0.0508164993623 0.0115295508656 0.00289777602077 0.00542010634986 0.0484111054206 0.015548496713 0.0357496765016 0.0280023866785 0.0180626794467 0.0087980697955 0.00976350991241 0.015387067289 0.00550745677111 0.00465919830635 0.0150985752651 0.00664186974226 0.00859517300215 0.0128091509413 0.013505728714 0.0193073812113 0.0171862266693 0.0168403346969 0.0126053410366 0.0144888012291 0.00803863643902 0.0111882654617 0.00264323475339 0.14481637961 0.00283054294342 0.00805522970593 -0.00213631343414 -0.00209643552765 0.00494034802266 
0.0490792158191 0.0151077983391 0.0216624879496 0.00253200578993 0.0224579463327 0.00237376999884 0.00743018553738 0.00684225279287 0.0112420883154 0.007592377103 0.0263291288639 -0.00281758088181 0.00266826467529 0.0180669646014 0.0169956057226 0.0123029847356 0.00802873585801 -0.00345093659356 0.011936871926 0.00917347928956 0.0155543992034 0.0215964267384 0.00992836910409 0.0401102826893 0.0390401903202 0.00175612778727 0.0365623903336 -0.0227670730504 0.0419577632274 -0.00121375177722 0.0364668977822 0.0100011110237 0.0245722820467 0.0246002251277 0.00283054294342 0.262539007386 0.0190181629569 0.0289257946574 0.00963127523169 0.0365941882985 
0.00649413943594 0.0154448165635 -0.0155732595499 0.0272317372082 0.0197471181139 -0.000798549255275 0.0240751226903 0.0268185656096 0.0258717819968 0.016581654945 0.0246811607801 -0.00739139267487 0.00281012568052 0.0322316635007 0.0324583546553 0.155045216083 0.0310297260407 -0.011474566369 0.0292875055896 0.0180021763349 -0.0106939172552 0.00888021062473 0.0244748967622 0.0259564299787 0.0182789301826 -0.000842533032489 0.0459660900755 0.054779308237 0.0139463076984 0.00027777340223 -0.0501019750577 0.0312259144938 0.00608559264024 0.00930379350372 0.00805522970593 0.0190181629569 1.10309083259 -0.0090866114787 -0.0054775685619 -0.0315233432053 
-0.013598036703 0.00665368261043 0.00712298178601 0.0207361518476 -0.000421605153942 0.0109595732045 0.0251595764614 -0.00946526338407 0.0460296500067 0.0309051055421 0.0606825930825 -0.000662193050523 0.00887939967162 0.000949311368577 -0.0137597941788 0.0461557293792 -0.0268608616443 -0.00882614786785 0.00269624021063 -0.0115794926027 0.0536899232729 -0.00255975658584 0.00417377841675 0.0325188811912 0.0149985720487 -0.000617871304867 -0.0297656969202 -0.036849780482 0.0838064351464 0.0248395667586 0.032123584986 0.0391384915942 0.0227288333378 0.000767663072501 -0.00213631343414 0.0289257946574 -0.0090866114787 0.954858477501 0.0475832293107 -0.0121296696705 
0.0199378090247 0.0389273190964 0.00934738281621 0.00433171821851 0.0465276447576 0.0114538750084 0.0224265963176 0.0244412978131 0.0224746619533 0.0134517023415 0.0038525429475 0.0155284131272 0.0312054356352 0.0137162473813 0.0309457145695 0.0171420443828 0.0149509805633 0.019506806369 -0.0126752252218 0.0320733256278 0.0102456332141 0.0393191273985 0.0310321574642 0.0142811175732 0.00244427467838 0.0187940375463 0.00564164733209 0.0013938332665 0.00830676469637 0.0196663423236 0.00590646781657 -0.00237815968957 0.00965671441254 0.00153199245623 -0.00209643552765 0.00963127523169 -0.0054775685619 0.0475832293107 0.262512166504 -0.0102364173623 
0.0147778653924 0.00249072296154 0.0204056196371 -0.00640469928068 0.0228592125952 0.00676445365618 0.00526590404439 -0.0134804106486 0.00461326333647 0.0457582574311 0.00513480516461 0.00624545150399 0.0210609339391 0.0202917440193 0.0273892086474 0.0321178489279 0.0115833405127 0.0133282216439 -0.00665783643738 0.0249618433881 0.0171020552831 0.0238668036396 0.00413057614272 0.0107533664203 0.0368161712758 0.0208622528041 -0.0083191115034 0.0324738696722 0.0274844147296 0.0112178969989 0.0415787845215 0.005176500546 0.0118478915957 0.0185737361953 0.00494034802266 0.0365941882985 -0.0315233432053 -0.0121296696705 -0.0102364173623 0.226787331739 
0.0141625993074 0.00167662933612 -6.29821092361e-05 -9.87157848858e-05 -0.000777905672746 0.000931121699445 0.00144961505209 0.000293876856371 0.00131040844452 0.000818291814562 0.00172426494948 0.000903453019178 -0.00014356562593 0.00277798859638 0.00316336664801 0.000396646846213 0.00141145694873 0.00106104261926 -3.75087955643e-05 0.00108499885429 0.000601035614673 0.00106415100567 0.000250609801292 0.0024882264986 0.00179875888929 0.00158019853145 -0.000165945220702 0.000132983325499 0.00176640543051 0.000420926988966 0.000399879550143 0.00151940195733 0.00131134839672 0.00150599346115 0.0011159703468 0.00425038476971 0.000562408972724 -0.00117762452264 0.00172666491112 0.00127980068436 
0.00167662933612 0.0140974211186 0.000954600233541 -0.000127543221719 0.000150172698338 7.01389735317e-05 0.000706632387192 0.000396259839359 0.00133939038142 0.00161801283948 0.00216896188761 0.00163791252515 0.00173752785998 0.00110582105371 0.001416999684 2.61896452213e-05 -0.000981495212424 0.000991590284178 0.00258407319556 0.000833332284256 0.000943420060035 0.00228036071734 0.000350582064086 0.00183862579265 0.00248552980809 0.0014242135588 0.00213462812532 -0.000570340316355 0.000795629472182 -8.792825925e-05 0.000217288706303 0.00103501900418 0.000843179146796 0.000329154002945 0.00117810341363 0.00130837371569 0.00133756035008 0.000576225816935 0.00337120472387 0.000215702935848 
-6.29821092361e-05 0.000954600233541 0.0145306153607 0.000517088512022 0.00142412400569 0.000350363912956 0.000344030460123 0.000784350577376 0.00145821017709 0.0021153757383 0.00228336918515 0.00102359706173 0.00208485321089 0.00269841730295 0.00149176316144 0.00368508810703 0.00118613681861 0.000365669132928 0.00144364440548 6.2049248039e-05 0.00247434688825 0.00022667520719 0.00107598125119 0.00110792513418 0.00349490347878 0.000879861961905 0.00310717091005 0.00109041365016 0.00212853034285 0.000105831597785 0.00113171799968 -0.000557699476286 0.00182185742365 0.00200591276126 0.00174910995489 0.00187602648736 -0.001348683839 0.000616868317738 0.000809507097773 0.00176717849857 
-9.87157848858e-05 -0.000127543221719 0.000517088512022 0.051889374406 -0.00052860620701 -0.00104467760777 0.00527198381658 0.00156512782293 0.00151606394748 -0.000971421780342 0.00511595207122 0.00172466243298 -0.00070837609047 0.00265699779267 0.00832428874294 0.00199356826553 0.00122826678232 0.000672705709867 0.00041114358854 0.00132609500797 -0.00162232378968 0.00191618562936 0.000476675420121 -0.00159518177151 0.002246394545 -0.000482212811144 0.00152406692582 -0.000947159797598 0.00491231202321 0.00197911451953 -0.000523974157651 0.00424326454727 0.00191794440064 -0.00112438732709 0.0011184745215 0.00021927813366 0.00235833762115 0.00179580342767 0.000375137801926 -0.000554663228067 
-0.000777905672746 0.000150172698338 0.00142412400569 -0.00052860620701 0.0294450261887 -0.000303921752927 -0.000901203322108 0.00251502484901 0.00166428498971 0.00376478177771 0.00117868370535 0.00178065925681 0.00216070113252 0.00127329004312 0.00132839796849 0.000440630057546 0.00228231361049 0.000394995786166 0.000361633227597 0.00117732130338 0.000403232074748 0.000185089596946 0.00145423125982 0.00501826522068 0.000222439373233 0.00201662360884 0.000939108836232 0.00056999288106 -0.00124452939402 -0.00022475013741 0.00251396560369 -0.00106469295715 0.00183385955161 0.000186303978984 0.00177670705482 0.0019449152041 0.00171015059381 -3.6512077368e-05 0.00402941223384 0.00197966588179 
0.000931121699445 7.01389735317e-05 0.000350363912956 -0.00104467760777 -0.000303921752927 0.0199090952823 0.000329699722729 -0.000120518541049 0.00239294378552 0.00231062119297 -0.000297600618519 0.00067351098564 0.000425269570972 0.0029281378335 0.000634092380187 0.00116673173531 0.00037425622147 0.00171218839164 0.000813540971147 0.00131585625135 0.00271857901053 0.00291969277829 0.000314111745467 -0.000248936933738 0.000370741261781 0.000575434407428 0.000714459353167 0.00199851263594 0.00174304257297 0.000143686759861 0.00141972339411 0.00244432401147 0.00134993135109 0.00187824134266 0.00129048123701 0.000205574512173 -6.91563941242e-05 0.00094912688097 0.000991934672901 0.000585818870898 
0.00144961505209 0.000706632387192 0.000344030460123 0.00527198381658 -0.000901203322108 0.000329699722729 0.0453588649993 0.000295565212135 0.0011770752454 0.00197960806718 -0.000213504055176 5.60856529833e-05 -0.000145209245005 0.00190702621912 0.00162549779186 0.00178298895012 0.00312969705122 0.000200419764058 -0.000309876680307 0.000669187075689 -0.000958245857816 0.00275323887026 -0.000248835283109 0.00105047574109 0.00193731784184 -0.000259261405418 0.000406428402107 0.0029935358289 0.000192902466865 0.00133900500991 -0.000218471465571 1.2148881675e-05 0.00159875044937 0.000966222643736 0.000205040739219 0.00064347294302 0.0020849667849 0.0021788832364 0.00194220021315 0.000456040667634 
0.000293876856371 0.000396259839359 0.000784350577376 0.00156512782293 0.00251502484901 -0.000120518541049 0.000295565212135 0.0181787222476 0.00284636391156 0.00130067230296 -0.00030555998872 0.00497517313874 7.43114059046e-05 0.00284816948166 0.00235958413137 0.00174408757361 0.000844181711014 0.00328223926208 -0.000190655569261 0.000285430172897 0.000827127798031 0.00187981630532 0.00160131607313 1.21030854862e-05 0.00209116686107 0.0017656937388 0.00237482049536 0.00331450533274 0.00123514128635 0.000888918903573 0.000958379222802 0.00280826370837 0.00146387068192 -0.000580087420013 0.00440083793791 0.000592556473774 0.0023225559111 -0.000819715854412 0.00211667848076 -0.00116743780751 
0.00131040844452 0.00133939038142 0.00145821017709 0.00151606394748 0.00166428498971 0.00239294378552 0.0011770752454 0.00284636391156 0.0181114062657 0.00149879522764 0.00103817106164 0.0017961579262 0.00110642521201 0.00173575093213 0.00230192698952 0.00321030113525 0.0020305230463 0.00219552349875 0.00204197403624 0.000312479929181 0.001970236977 0.00171831573103 0.00195728072783 0.00114708233905 0.0030540382325 0.00322499424675 0.00345364447024 -0.000704432104171 0.00441305656103 0.00205241781751 0.00039748330264 0.00305965960718 0.0028837496147 0.000268503190396 0.000998488394384 0.000973593407268 0.00224056204504 0.00398628462331 0.0019463628193 0.000399520324373 
0.000818291814562 0.00161801283948 0.0021153757383 -0.000971421780342 0.00376478177771 0.00231062119297 0.00197960806718 0.00130067230296 0.00149879522764 0.0398200373804 0.000646442508752 3.24008324317e-05 0.00306834337458 0.00460812677336 0.00463050623292 0.00163934836154 0.00246957811749 0.00180271782128 0.00148071742296 0.000465654273909 0.000485500490614 0.000503205741125 0.00159193875871 0.00223417846919 0.00218893899169 0.00432171161975 0.000185412038225 0.0008085991093 0.00467071180056 0.00206018852868 0.00271542047539 0.00515021829446 0.00134305092116 0.000699347260802 0.000250954764846 0.000657519144631 0.00143601344192 0.00267646065061 0.00116495159519 0.00396278133682 
0.00172426494948 0.00216896188761 0.00228336918515 0.00511595207122 0.00117868370535 -0.000297600618519 -0.000213504055176 -0.00030555998872 0.00103817106164 0.000646442508752 0.022057849046 0.000543876792265 2.67913176141e-05 0.00205118958279 0.001966368604 0.00665607307001 0.00202253971076 0.0017871628453 0.000719214463777 0.0013924031751 0.00309250116453 0.00135122731816 -0.000998554144933 0.00176674797129 0.00252985469609 0.00188975533879 0.00139850215999 -0.00123376172615 0.00263164311475 0.00183673828711 0.000773947955726 0.00196186267515 0.00187236785148 0.00107751956243 0.00046939497902 0.00228016944557 0.00213745122304 0.0052552667177 0.00033364000617 0.000444687171604 
0.000903453019178 0.00163791252515 0.00102359706173 0.00172466243298 0.00178065925681 0.00067351098564 5.60856529833e-05 0.00497517313874 0.0017961579262 3.24008324317e-05 0.000543876792265 0.0133305574734 0.00113310455538 0.00262825251292 0.00161590458151 0.00233950288438 0.000728938892189 0.000967329336856 0.00132469937861 -0.000535108028995 0.00119561763384 0.00157754902803 0.000887579344215 0.000517364567636 0.00147971957931 0.00144070626181 0.00242248345659 0.00203312745467 0.0023165056339 0.00234680312219 0.000329472804398 0.00170047767162 0.0012622002772 0.00126524609141 0.00419252471195 -0.000244009662087 -0.000640113382578 -5.73476003962e-05 0.00134480002487 0.000540871966056 
-0.00014356562593 0.00173752785998 0.00208485321089 -0.00070837609047 0.00216070113252 0.000425269570972 -0.000145209245005 7.43114059046e-05 0.00110642521201 0.00306834337458 2.67913176141e-05 0.00113310455538 0.0250674296518 0.00234361741578 0.00296547294246 0.00235408758929 0.000708151613751 0.00179108656226 -0.000402157270837 0.000865639241315 -0.000180054256781 0.00220705131133 0.00264673124644 0.00148933339682 0.00266464664725 0.00178391442788 0.00315134772056 0.00013762038248 0.00152449347721 -0.000630930178848 0.00237502558899 0.00254268386312 0.00290834974113 0.000146903589964 0.00134653931441 0.000231078499282 0.000243364022716 0.000768978568598 0.00270246999962 0.00182393038187 
0.00277798859638 0.00110582105371 0.00269841730295 0.00265699779267 0.00127329004312 0.0029281378335 0.00190702621912 0.00284816948166 0.00173575093213 0.00460812677336 0.00205118958279 0.00262825251292 0.00234361741578 0.0165073967606 0.00253946955766 0.00381602898978 0.00288422635232 0.00097216588795 0.0010050749968 0.000529593722848 0.00129280422417 0.00246505441644 0.000907582009253 0.00321630039459 0.00229512080105 0.0018355361976 0.00224176069628 -0.000957291017742 0.0025501641549 0.00188335523467 -0.000282445439509 0.00309825137346 0.00181901361257 0.00270252690853 0.00309601280275 0.00156464503141 0.00279134393979 8.22127761289e-05 0.00118786186768 0.00175731658078 
0.00316336664801 0.001416999684 0.00149176316144 0.00832428874294 0.00132839796849 0.000634092380187 0.00162549779186 0.00235958413137 0.00230192698952 0.00463050623292 0.001966368604 0.00161590458151 0.00296547294246 0.00253946955766 0.0273275065322 0.00500215802636 0.000138315151987 0.000778537965204 -0.000789333860378 0.000896809613823 0.00254027972917 0.00265552139559 0.00277508756836 0.000973400542467 0.00131133654014 0.000136284336308 0.00082448651019 -0.00240785109836 0.00110910469968 0.000720385848925 -0.00292057060296 0.000817118595438 0.000846442904854 -0.000767993989065 0.00242507782301 0.00147186263085 0.00281097596966 -0.00119163313097 0.00267997749555 0.00237197504782 
0.000396646846213 2.61896452213e-05 0.00368508810703 0.00199356826553 0.000440630057546 0.00116673173531 0.00178298895012 0.00174408757361 0.00321030113525 0.00163934836154 0.00665607307001 0.00233950288438 0.00235408758929 0.00381602898978 0.00500215802636 0.0384829756066 0.00489744315981 0.000115258280863 0.00123028035356 0.000625106905142 0.00427606063435 0.00256557106415 0.00203066767538 -0.000323697538867 0.00165863434967 0.0020513785944 0.00394302957599 0.000509144969858 0.00510063413928 0.00114870676926 0.000906760357274 -5.3231016496e-05 0.0013023312395 0.00185651156289 0.00156427392613 0.00106546973234 0.0134273095863 0.00399720341726 0.00148454459083 0.00278148730865 
0.00141145694873 -0.000981495212424 0.00118613681861 0.00122826678232 0.00228231361049 0.00037425622147 0.00312969705122 0.000844181711014 0.0020305230463 0.00246957811749 0.00202253971076 0.000728938892189 0.000708151613751 0.00288422635232 0.000138315151987 0.00489744315981 0.0244403369342 0.000988506754474 -8.29779542859e-05 0.000620122847819 0.000726260361636 0.0019654709133 0.000685656982583 0.00175288661803 0.00235196968363 0.00281243058119 0.000745070925786 0.000574914716991 -0.000200950443577 0.000679750904434 0.000719592975715 0.00150954729106 0.000382092508861 0.00174708644079 0.000761935194718 0.000695308921331 0.00268725310237 -0.00232621885515 0.00129479289793 0.00100314671447 
0.00106104261926 0.000991590284178 0.000365669132928 0.000672705709867 0.000394995786166 0.00171218839164 0.000200419764058 0.00328223926208 0.00219552349875 0.00180271782128 0.0017871628453 0.000967329336856 0.00179108656226 0.00097216588795 0.000778537965204 0.000115258280863 0.000988506754474 0.0158303828612 0.00168904917209 0.00108388663922 0.000824502716165 0.00119775961069 0.00238471300685 0.00264325418915 0.00221900042496 0.00280523926219 0.00188978814702 -7.75768340977e-05 0.00215435614393 -0.00153715975401 0.000532626648949 0.000821804597739 0.000926060146945 0.00145611143521 0.000845544761425 -0.000298859875687 -0.000993726597297 -0.000764366827111 0.00168933898622 0.00115425785309 
