60
0.0413132452317 0.0658076634161 0.0771685990004 0.00839736130492 0.0385950792128 0.0422860283868 0.0905831054983 -0.0148687542544 0.0436793340255 0.151795006465 0.0160420823192 0.0444735285872 0.0499403633474 0.0475630895173 0.0495038718221 0.0539269159384 0.109746753301 0.158066549078 0.0100273700484 0.0413299620627 0.0917148498368 0.0461662895592 0.151477321577 0.0558285331973 0.234257183995 0.0408960175479 0.0916953774684 0.0194782181544 0.0485380268731 0.0402434153999 0.0300764430792 0.0566389432936 0.0737969483193 0.0601344650096 0.088181568025 0.176756138136 0.136929250297 0.00851722536111 0.332832739506 0.0358059899839 0.13588321519 0.0350054865441 0.0176197090425 -0.00773505516991 0.022775665512 0.12260521459 0.080702843163 0.0998681056981 0.0373342989671 0.201678989994 0.075466134778 0.128291051585 0.110374427341 0.0966324757555 0.139274044211 0.0451759103614 0.00788248566947 -0.0108233812146 0.101218808556 0.0755027876102 
0.138949137416 0.00915146887388 -0.00184898414519 0.0147034178165 0.0154011814894 0.00727318091448 0.00941392558622 0.0167756601481 0.0104311449163 0.00674902744765 0.015057610104 -0.00592235360531 0.0102396633066 -0.00222055638343 -0.00082165879225 0.0137473367243 0.00316065389719 -0.0121269894771 0.0168966736047 -0.00292459438507 0.00866556660235 0.0229052372356 0.00930525203897 0.00878713470339 -0.0125687153675 0.000321547114153 0.0327977945406 0.0198965759835 0.0129399554425 0.00357842325137 -0.0056177964723 0.00724035902531 0.0177317404441 -0.00545893614762 0.020776752642 -0.00153724001154 0.00552023191201 0.0165132450684 0.00880997406117 0.0110660547612 0.0268868847764 -0.00699064687341 0.00256341421962 0.00516195990331 0.0180237602537 0.00946259822687 0.00453362919944 0.00932187168155 -0.00443488724279 0.00370529249246 -0.00437398773849 0.00392623844014 -0.00290119184996 0.0156285799969 -0.00620836624773 -0.00218574934146 0.0215110752058 0.00956420088361 0.0201921089774 0.0185704654731 
0.00915146887388 0.235667276154 0.00755902866966 0.0147430565417 0.0168531497081 0.00455439463279 0.0143109674447 0.00442104333031 0.0137258777534 0.00177097151479 0.0156515590891 0.00726364201647 0.0110517362864 0.0118822175603 -0.0153325795305 0.0105195598535 0.0109374913484 0.0289993809317 0.0126471007596 0.00404662636715 0.00909846590355 -0.0113634866354 0.0209999106319 0.0314828380277 -0.00940446020494 0.0203278737585 0.0193846209227 0.0308210924267 0.0197644517487 -0.000423884505311 0.00476185649 0.00590529289509 0.0146221237529 0.0141384837959 -0.00213797403629 -0.0251968430512 0.00442300315971 0.00344837010362 -0.0129502054467 0.00938307705131 -0.00342148854437 -0.00330796755497 0.0151173752504 -0.00932696547691 0.0162763183898 0.0244261654161 -0.0026064696127 0.0151791383891 -0.00233615622897 -0.0109509864707 -0.0387847672232 0.0697592780125 -0.00898542888518 0.0172985636875 -0.0126318921641 0.00532011950998 0.0142845255942 -0.000526764759152 0.0291316606919 -0.0141742600673 
-0.00184898414519 0.00755902866966 0.187238137378 0.030642281939 0.012358843938 -0.000288358295541 0.0155175293259 0.0203744512869 0.0266928845404 0.0306826325619 0.0338651090447 0.0111722737602 0.0400936002399 0.00506311084824 0.010012941736 0.0324855417384 0.00832293349727 -0.00952892163806 0.00986726940277 0.0214466934036 0.0775478399929 0.0125865595426 0.0243219188619 0.0280819938937 0.0106532275321 0.0142462007925 0.0417319093704 0.0241707691978 0.0105568938945 0.00062172409499 0.0233270034154 0.00317466765616 0.00864939138677 0.0122874524518 0.0178497221309 0.0188131286165 0.0420425635772 0.0203455248976 0.0102730841109 0.0298167988152 0.0143440567551 0.0139274175406 0.0131746664995 0.019109250072 0.0263050468601 0.0297335048455 0.0166984887915 0.0360259633549 0.0438164077166 0.019001589811 0.0103952383285 -0.0107279421685 0.0264823621745 0.0365634528178 0.0535597234831 0.0200109351872 0.0217944911988 0.0181862469237 0.0229795741809 0.0334347140351 
0.0147034178165 0.0147430565417 0.030642281939 0.122015858106 0.0116541039727 0.0150836443663 0.0223678155726 0.0114311610781 0.00815082704537 0.0148040286028 0.0213810047335 -0.00894521199054 0.0264615202634 0.00285418968717 -0.00353026430296 0.016750011287 0.0195802389321 -0.007665547666 0.0127788349909 0.0154788118081 0.0192095998055 0.0275657263646 0.0122842569128 0.0291145200389 0.0314467957679 0.00821457784095 0.0324410725476 0.018678823054 0.0184208429166 0.0132887464238 0.0249841464964 0.0059567282337 0.0162166139002 0.0185359718962 0.00916365897133 0.0222683297921 0.0499727315242 0.0234125794067 -0.00349901185202 0.0144673596353 0.0096475991129 0.0180164069525 0.018980740309 0.00707210456316 0.0415249714114 0.0127691518797 -0.012117511874 0.0255834132702 0.00696164301083 0.0252885095041 0.00800465005625 0.0119234987604 -0.00733250405943 0.0210277559558 0.0225685065121 0.0159588689982 0.0125596994614 0.0124751457224 0.0153482881179 -0.00255037960359 
0.0154011814894 0.0168531497081 0.012358843938 0.0116541039727 0.172019550696 0.000877879822161 0.00493821638299 0.00898032093509 0.022677119815 0.0170346999677 0.0332858858478 0.0298900018652 -0.00333548683147 -0.000762921666155 0.00295454401577 0.0212484133446 0.0262679099845 -0.0209139924062 0.0137099316082 0.00798594620957 0.00976667645351 0.0161641959332 0.0369780094571 0.0241998281609 0.0361051006747 0.0411929472925 0.0306620013154 0.0278071819485 0.0372921847538 0.0167045792656 0.00330065023009 -0.000591802875541 0.0153837683672 0.0143389905388 0.00518957582169 0.0289949246953 0.0261399418997 0.0265623723295 0.0149201791869 0.000735028823497 0.0485646011632 0.0308545326759 -0.0127879825256 0.0146468579213 0.034893496913 0.0356977810462 0.0259990163454 0.0102271120318 0.00346090069292 -0.00162125435836 0.00160364236312 0.0222846414545 0.0310425629835 0.0151698378422 0.000607924868932 0.00767949943172 0.0341081179278 0.0169559700473 0.0225480951388 0.0381712198359 
0.00727318091448 0.00455439463279 -0.000288358295541 0.0150836443663 0.000877879822161 0.220030028929 0.0175034064526 0.00423479184286 -0.000862670874433 -0.00172434499707 0.00342411012584 0.0173832312033 0.00454194575372 0.0156197553309 0.00375547970093 -0.019509489173 0.0189935483983 -0.00291720278876 0.0155877335467 0.01841383673 0.00172963910218 -0.00807437141267 -0.00157802139586 0.0259121422741 0.0309198298741 0.00250086779126 0.0419657239465 0.0100270842343 0.0121137875146 -0.00150061748157 0.0235359295322 0.000395995743832 -0.00788188964554 0.00240183335956 -0.000249311479425 0.0860954451295 0.0183610948728 0.00393984553919 0.0131754311466 0.00439046830429 0.0118124375651 2.2754511009e-05 0.00558645616542 0.0119743699049 0.000391751815317 0.0170780264394 -0.00574663386073 0.0282097815881 0.0252301309536 0.00209424299318 0.0316347167277 0.0338147922542 -0.0281561603753 0.0243203345402 0.00582029379516 0.0235380902835 0.0268198906043 0.00727350593047 0.00569608239689 0.0094167263204 
0.00941392558622 0.0143109674447 0.0155175293259 0.0223678155726 0.004938216383 0.0175034064526 0.308848374486 0.0079469532125 0.0217352683902 0.0180832255103 0.00358048359684 0.0240523132386 0.0346804086034 0.0109902955443 -0.0144563948198 0.0285640253931 0.0149672631847 -0.0021973016472 0.0184431659063 0.0301016723304 0.0221507715349 0.0313478283306 0.0466449585839 0.00265145021993 -0.0166525810341 0.0060601540304 0.0430006320635 0.0140600592829 0.0140943865439 0.0207380061294 0.00382696181382 0.00923472572222 0.0273893650186 0.0220592730284 0.00429762953768 -0.0126267462814 0.00501851707953 0.0231263330143 0.0231377362259 0.0151231711488 -0.000612099147488 0.00899695524443 -2.24618958773e-05 0.0100583294589 -0.00142650245422 0.0103690732191 -0.000268413824475 0.0162873454173 0.0223802265724 0.0440356126002 -0.00936191422221 0.00303832279978 0.0118088469958 0.00682566925736 0.0223799833196 -0.00791976196999 0.00546843255319 0.019106046901 0.0157724424044 -0.00486652662162 
0.0167756601481 0.00442104333031 0.0203744512869 0.0114311610781 0.00898032093509 0.00423479184286 0.0079469532125 0.133072408942 0.0271806964725 0.0329805743411 0.00500813005848 -0.00696179309205 0.047591544868 0.00467301261032 0.00770556045226 0.0038936159997 0.00492314634481 -0.0127883108537 0.0157695287182 0.015105406333 0.00145166324221 0.00379086915073 0.0183691861457 -0.00513251765111 -0.0118549407851 0.00954772677755 0.0235960648847 0.0114159941686 0.00386667898947 0.0177924443421 -0.0030439930809 0.00836007890027 0.00113572933064 0.00207568807971 -0.00514676513395 -0.0115054432473 0.0207742586382 0.0128412363783 0.0172181516117 0.0403305997864 0.0135530652489 0.00350399254842 0.00448609851238 0.0390794303566 0.016641988733 0.00235944852421 0.0163692067351 0.0262200524097 0.0339467741403 0.00500708937933 0.00254633361488 0.00415259204433 0.0129693128736 0.00521541152575 0.0129128721096 0.00330829856698 0.0144497214536 0.034049972943 0.0185015683103 0.0170392433588 
0.0104311449163 0.0137258777534 0.0266928845404 0.00815082704537 0.022677119815 -0.000862670874433 0.0217352683902 0.0271806964725 0.181814266038 0.0288789168224 0.0169430560539 0.0267556038618 0.0546908487776 0.0160645758425 0.0296337059564 0.00430783853815 0.00479170983402 -0.000641866554055 0.00805249311569 0.00293866262385 0.0284009651277 0.00937780265656 0.0326621943808 0.0167414849269 -0.00744555555954 0.013043481173 -0.00277869444948 0.0117678192638 0.0141583937641 0.0107861486724 -0.00610398594919 0.00130593539541 -0.000279415542326 -0.00147900508941 0.0145875457972 0.0366442506132 -0.0200644315291 0.0137985003041 0.0137628307937 0.0385633879593 0.005251737571 0.0201330336246 0.0248071289904 0.0294521754 0.0205101035901 0.00540297846503 0.0183182548123 -0.00185436130504 0.0488883126107 0.00497094306851 0.00650741126053 -0.0127266137915 0.0382664583517 0.0138932667647 0.00533536000957 0.0126644039883 0.0300028870625 0.0419538170687 0.0279739941812 0.00613721214776 
0.00674902744765 0.00177097151479 0.0306826325619 0.0148040286028 0.0170346999677 -0.00172434499707 0.0180832255103 0.0329805743411 0.0288789168224 0.424950627909 0.0184301270994 0.0100832137794 0.0434327030509 0.00406329312854 -0.00522606101773 0.0164285421731 -0.00429023828171 -0.0370456789112 0.00310309159196 0.0061984410377 0.0259700657941 -0.00941243630319 0.0893518247004 -0.00738578855281 0.0126423487308 0.0127412031984 0.0776947081947 0.0152345182225 -0.00108351188858 -0.00639948035179 0.0229674747225 -0.00608641722835 0.00620991126155 -0.0341467515326 0.0223032878071 0.0214934793499 0.0543374987039 0.0156914710288 0.0329479080961 0.0630876895647 0.00176392928796 0.011645356466 0.0112249048786 0.02460148335 0.0517541665934 0.0291546366782 0.129647334382 9.41720655578e-05 0.0525102934002 -0.0120972218364 0.0164683661737 -0.00489196009108 0.178960828895 0.0109085952191 0.0485794492847 0.0247932907986 -0.00948565065669 0.0495299232137 -0.00752109597102 0.00178589128748 
0.015057610104 0.0156515590891 0.0338651090447 0.0213810047335 0.0332858858478 0.00342411012584 0.00358048359684 0.00500813005848 0.0169430560539 0.0184301270994 0.149555021212 0.019269725679 0.0229299612228 -0.00330998189157 0.0112304939027 0.0301907834825 0.0135430112641 0.0138289528618 0.0200720515434 0.02133198943 0.0192340710866 0.00665714382257 0.0282916440745 0.036207177473 0.0310779365436 0.0029266387298 0.0447959237529 0.0709340167228 0.0390786574966 0.00873278770588 0.0250014799622 0.00400554430189 0.0075549263513 0.01372933652 0.00616815911688 0.0302837590875 0.0127576538426 0.0178959086894 0.0191815873369 0.0246826081111 0.0118854761447 0.00941753685193 0.0109669335485 0.0120110948066 0.0323022773817 0.028270196627 -0.000833070291091 0.0203033303826 0.0193095462125 0.00319810132414 0.0176836333968 0.0161151169146 0.033162552253 0.0224751658863 0.0369643855115 0.0111603737765 0.0274827025582 0.0221343124665 0.0166970243823 0.0176212077892 
-0.00592235360531 0.00726364201646 0.0111722737602 -0.00894521199054 0.0298900018652 0.0173832312033 0.0240523132386 -0.00696179309205 0.0267556038618 0.0100832137794 0.019269725679 0.326604697115 0.0320827800958 0.00521433411802 0.0167928053122 0.0210774869915 0.0157554677512 0.019501811574 0.0168595566025 0.0168900134426 0.0164923770648 0.0245750297199 -0.0061123410774 0.0496112723299 0.0014317338044 0.0110392181488 0.0377045531736 0.0285240060963 0.0105184281724 0.0196356618 0.0116649962121 -0.00393659097194 0.0121419088002 0.0306274665346 0.031312499073 0.000841458355699 0.0251388883437 0.0200028760835 0.0304226708938 0.000378298222048 0.00646302695172 0.0161857818936 0.0180631853978 -0.000130962465428 0.012217729485 0.0283748975313 0.0195987262145 0.00127572343905 0.0100008761618 0.0348163707541 0.0339984506072 0.00200357547791 0.0231239264797 0.0375710069049 0.0471755390495 0.0492079341055 0.00373101982828 -0.0124404053159 0.0511749536536 0.000346620496136 
0.0102396633066 0.0110517362864 0.0400936002399 0.0264615202634 -0.00333548683147 0.00454194575372 0.0346804086034 0.047591544868 0.0546908487776 0.0434327030509 0.0229299612228 0.0320827800958 0.250263628513 0.00204177551591 0.00662434537414 0.00317500327391 0.0153604385694 -0.0103266167329 0.0285378528917 0.00629825628101 0.0318289579133 -0.00307913492362 0.0422180098969 0.00383147591926 0.00881749363544 0.00352743657517 0.00751108643063 0.0183521671795 -0.00890100556244 0.0109063832086 -0.00926411610746 0.0142426322876 0.00341463956566 0.00380878590666 -0.00311571654967 0.048649872807 0.0179648550027 0.0319611890583 0.00275952150831 0.0303343084051 1.3934948948e-05 0.00811545017603 0.0248493342474 0.0307036107546 0.00562748803564 0.0435162433958 0.0382565028615 0.0172371096236 0.0495165864091 -0.00750508280017 0.00573956464668 0.0124380269803 0.0616153153854 0.00970233666056 -0.000551237911616 0.0165864097983 0.0258799938369 0.0336105485316 0.0124903892666 -0.00311736179453 
-0.00222055638343 0.0118822175603 0.00506311084824 0.00285418968717 -0.000762921666155 0.0156197553309 0.0109902955443 0.00467301261032 0.0160645758425 0.00406329312854 -0.00330998189157 0.00521433411802 0.00204177551591 0.301950304867 -0.00391415533856 -0.0233298036502 -0.00095985679331 -0.00332077188001 -0.00680447052106 0.00646966846615 -0.00703368705636 -0.000130965397635 0.00345571409856 0.0305083402413 0.00327637036204 -0.00046591511294 0.0442755461828 -0.00582243853015 -0.00574486382435 -0.00195186012859 0.01512351562 -0.0145033874066 -0.00173028707404 0.0332342168891 -0.000979040857948 0.00549239054386 0.0442666552457 -0.0116948944363 -0.00168957396214 -0.00155333881835 0.00816914394831 -0.000215972983001 -0.0038126109371 0.00321866618809 0.00390774420395 0.0114532420837 0.00596897986378 -0.000177242856885 -0.00106660029092 0.0458020340933 0.00469157280171 0.0150281706792 0.0485015914884 0.0211406754552 0.0111075650239 0.0136351814888 0.00684163834476 -0.00566209158504 -0.00514134329116 0.00956077311992 
-0.00082165879225 -0.0153325795305 0.010012941736 -0.00353026430296 0.00295454401577 0.00375547970093 -0.0144563948198 0.00770556045226 0.0296337059565 -0.00522606101773 0.0112304939027 0.0167928053122 0.00662434537414 -0.00391415533856 0.309219952179 0.0315987790434 0.0476728756618 0.0164427620188 -0.00358603437561 0.00521599300079 0.0270962116116 0.013188562627 -0.0145851942018 0.0123115083954 0.0330663178244 0.0243653470514 9.28814092711e-05 -0.00282091340124 0.00821751610686 0.0151241957511 -0.0132487842604 -0.0104923014585 0.00544748477583 -0.00421942646386 0.0435200903194 0.000324177925749 0.0218016880962 0.0287119632157 -0.00252294238736 0.0124643831168 0.0374008373304 0.0120703823922 0.0271127577084 0.035360703762 0.0191118380572 -0.00647126989678 0.0124007033888 0.0265744646919 -0.00261217937002 0.00437559823116 0.0187851086428 0.0241903933619 -0.0168854675494 0.0195832486195 0.00534632583078 0.0319523762249 -0.00308944495193 0.0408154213121 -0.00801236508516 0.00837492730121 
0.0137473367243 0.0105195598535 0.0324855417384 0.016750011287 0.0212484133446 -0.019509489173 0.0285640253931 0.0038936159997 0.00430783853815 0.0164285421731 0.0301907834825 0.0210774869915 0.00317500327391 -0.0233298036502 0.0315987790434 0.212576126799 0.0373398789318 -0.00150091557136 0.0055414646576 0.0109860667186 0.0204978789859 0.0156705330073 0.00773622398772 0.0415747509426 -0.0172179365275 0.0110904926811 0.0551955875988 0.0239747677088 0.0169912209053 0.00610481674213 0.00589161450583 0.010595359901 0.0134718432286 -0.00387125654829 0.0125798925069 0.015202853974 0.0259806500509 0.0241039831624 0.00134061868072 0.002027706273 0.00525588980733 0.0144643072465 0.0214904679861 0.0197238298136 0.0124794381432 0.010696445925 0.0241654509584 0.0190952961725 0.0181748019941 0.0230350193947 0.0235724280555 -0.0049810261327 0.0102218703812 0.0117109676494 0.0471853560414 0.0173501468174 -0.00184561291758 0.0269155968509 0.0133797926771 0.00803188155369 
0.00316065389719 0.0109374913484 0.00832293349727 0.0195802389321 0.0262679099845 0.0189935483983 0.0149672631847 0.00492314634481 0.00479170983402 -0.00429023828171 0.0135430112641 0.0157554677512 0.0153604385694 -0.00095985679331 0.0476728756618 0.0373398789318 0.387260733582 0.00692750986511 0.0121283135977 0.00436987215158 0.0110948763692 -0.00168991588759 0.0280424425384 0.0241389441492 0.0133227129815 0.0201538451593 0.0130750326117 -0.0017406974549 0.00194488736305 0.0105803245429 0.0273280691957 0.0107109608232 0.0235892425287 0.0138453875996 0.0395942390389 -0.0432949892791 0.00188330582595 0.00763026859744 0.0118284480011 -0.000118990078919 0.00883614253894 0.00623511595448 0.01654463161 -0.00232148862027 0.0222582800341 0.0350547371644 0.0945289319498 0.0283417632675 0.0421834599012 -0.0173470426019 -0.0154436960773 0.00456807715557 -0.00281441774866 0.0145421663619 0.0392724277588 0.0086664928911 0.0109451218625 0.00731533606002 0.0127199713231 0.0149054595864 
-0.0121269894771 0.0289993809317 -0.00952892163806 -0.007665547666 -0.0209139924062 -0.00291720278876 -0.0021973016472 -0.0127883108537 -0.000641866554055 -0.0370456789112 0.0138289528618 0.019501811574 -0.0103266167329 -0.00332077188001 0.0164427620188 -0.00150091557136 0.00692750986511 0.681889416925 0.0157211569305 0.0149270103131 -0.00401653996406 -0.0117044794289 0.0326658617202 -0.014792627724 0.0192885715472 -0.0128813967569 0.034702831913 0.00109905106229 -0.00234910789712 0.0166977165477 0.0211495365773 0.00478379282434 -0.0172393928791 -0.00682128835798 0.0054471333526 -0.0342139454759 -0.00657468712947 -0.00753168890137 -0.0273626449914 0.000723155325925 0.00246014267627 -0.00815677802195 0.0128496916695 -0.00859984168987 -0.00672065483228 0.0115907356117 -0.0221963068325 0.0146472833385 -0.0221849014711 0.00577832709885 -0.0144860225475 0.0112710736948 0.0441078178082 -0.0320631913525 0.00695054753586 0.00533652111774 -0.00337351736264 0.00235173615732 -0.00019202222584 -0.0212152607702 
0.0168966736047 0.0126471007596 0.00986726940277 0.0127788349909 0.0137099316082 0.0155877335467 0.0184431659063 0.0157695287182 0.00805249311569 0.00310309159196 0.0200720515434 0.0168595566025 0.0285378528917 -0.00680447052106 -0.00358603437561 0.0055414646576 0.0121283135977 0.0157211569305 0.183654456294 0.00454480178691 0.00113385097756 0.0159643057684 0.0238151912591 0.0186409112184 0.00922653414917 0.0167834831691 -0.0020361035847 0.0118411204902 0.0163182659019 0.0191139536247 0.000501711856265 0.0119363927385 0.0177866690864 0.00361669313237 0.0140029673461 -0.0125444023907 0.0196661127791 0.00581330144683 0.0110463483866 0.00708438446354 0.0171393481118 0.00991794077316 0.0124708870064 0.0153198621602 0.00739651329547 0.0292506834539 -0.00135135187976 -0.00388799282651 0.0193044206058 -0.00268452690206 -0.00341914830032 -0.00110137027919 0.014162914338 0.00903947101578 0.0176008367332 0.00465495252606 0.0301295862843 0.0176047488974 0.0204277217827 0.000873289952327 
-0.00292459438507 0.00404662636715 0.0214466934036 0.0154788118081 0.00798594620957 0.01841383673 0.0301016723304 0.015105406333 0.00293866262385 0.0061984410377 0.02133198943 0.0168900134426 0.00629825628101 0.00646966846615 0.00521599300079 0.0109860667186 0.00436987215158 0.0149270103131 0.00454480178691 0.27904056426 0.019016459285 0.0038600343229 0.00903429535693 0.0349828593017 0.0183524280013 0.0104863029613 0.0196273382017 0.0265747287546 0.0191802166391 0.00115806176369 0.00599133818737 0.0137321445429 -1.91053841548e-05 0.0217176448887 0.014995037498 0.0427736544217 0.0217885242825 -0.00288609709706 0.00102157906964 0.00427145017146 -0.0272960508444 0.0103045842126 0.00784120627494 0.0049399702913 0.0202375105495 0.0251528479442 0.00371305347226 0.00658946602473 0.009716404921 0.0498522957044 0.0213185264632 0.0204169200113 -0.0098137408569 0.00448863867466 0.001498444444 0.0213220987758 0.0420586339853 0.00642714186891 -0.00688635682607 0.0436794698982 
0.00866556660235 0.00909846590355 0.0775478399929 0.0192095998055 0.00976667645351 0.00172963910218 0.0221507715349 0.00145166324221 0.0284009651277 0.0259700657941 0.0192340710866 0.0164923770648 0.0318289579133 -0.00703368705636 0.0270962116116 0.0204978789859 0.0110948763692 -0.00401653996406 0.00113385097756 0.019016459285 0.159605223596 -0.00136303944838 0.00783858618281 0.0343817102011 -0.0231654245141 0.0130134854275 0.0337390346092 0.0288523534669 0.00857664050546 0.0158881424548 0.0214574234707 0.00231846717216 0.0184022206694 0.0201777973482 0.0133060015581 0.0349269338768 0.0345324267617 0.0267963349211 0.0250617371276 0.01159796566 -0.00240781816167 0.0146866440031 0.0133130357821 0.0275031750293 0.0330625166503 0.0258960242744 0.0138754941344 0.0230179270215 0.0307996993895 0.0327955639628 -0.00625006582549 0.000599211795754 0.0239777515648 0.020289837051 0.014618766134 0.00726441364083 0.0159717425418 0.0148124671348 0.0342754898667 0.0273889232491 
0.0229052372356 -0.0113634866354 0.0125865595426 0.0275657263646 0.0161641959332 -0.00807437141267 0.0313478283306 0.00379086915073 0.00937780265656 -0.00941243630319 0.00665714382257 0.0245750297199 -0.00307913492362 -0.000130965397635 0.013188562627 0.0156705330073 -0.00168991588759 -0.0117044794289 0.0159643057684 0.0038600343229 -0.00136303944838 0.311286416031 0.0190229591924 0.0471609973492 0.114667152349 0.0247881876755 0.0488898432367 0.0251484857967 0.0114539005817 0.0158750330173 0.0217154639445 0.0264019733262 0.010084212771 0.00885758127269 0.0244171865537 0.00864229583556 0.0130170280863 0.0169740730154 0.035459640397 0.00451344597685 -0.0112137754605 0.0151181339385 0.00634173750968 0.0137859299422 0.035799920052 0.0025715571463 -0.00316335642177 0.000854648371209 -0.000931545716454 0.037652196903 0.0253037029387 0.0389337666159 -0.0048389751013 0.038911625413 0.0289753497879 -0.000577718190784 0.0336142738091 0.00364714596686 0.0576363644986 0.0213905952929 
0.00930525203897 0.0209999106319 0.0243219188619 0.0122842569128 0.0369780094571 -0.00157802139586 0.0466449585839 0.0183691861457 0.0326621943808 0.0893518247004 0.0282916440745 -0.0061123410774 0.0422180098969 0.00345571409856 -0.0145851942018 0.00773622398772 0.0280424425384 0.0326658617202 0.0238151912591 0.00903429535693 0.00783858618281 0.0190229591924 0.550394225337 -0.00704719667864 0.0112759806522 0.0325639485918 0.0114952873146 0.0117325846886 0.000222081930637 0.00894169770113 0.0113506663818 0.012024889988 -0.0162633053478 -0.0092834853654 0.0173794070151 0.0778391575498 -0.0118417097958 0.00448222261766 0.0203753377977 0.00924111279294 0.0608605139543 0.0175996708239 0.00657228966297 0.00660837369121 0.0299738226482 0.0340330462839 0.040439779687 0.0119899317598 0.0264297697352 0.0235033767316 0.0375403938933 -0.0179151515095 0.0539645204411 0.00626664979459 0.061564515393 0.0193435497091 0.0265009131832 0.0139258860664 0.022929648093 0.0234879480198 
0.00878713470339 0.0314828380277 0.0280819938937 0.0291145200389 0.0241998281609 0.0259121422741 0.00265145021993 -0.00513251765111 0.0167414849269 -0.00738578855281 0.036207177473 0.0496112723299 0.00383147591926 0.0305083402413 0.0123115083954 0.0415747509426 0.0241389441492 -0.014792627724 0.0186409112184 0.0349828593017 0.0343817102011 0.0471609973492 -0.00704719667864 0.259133913055 -0.00499189261974 0.0329098845537 0.0619867139475 0.0523284864193 0.0233077174817 0.00891227048928 0.000795758488099 0.00651143122919 0.0208665024708 0.0623205512167 0.00881690772086 -0.0112047277589 0.00220511198379 0.0210830391214 -0.00860434167441 -0.0110533209637 0.0502155756566 0.030974261592 0.0128254230875 -0.00270563171088 0.0261744127213 0.0465768265428 -0.0235700157008 -9.6610049381e-05 0.0178372662002 0.00533339432428 -0.000275320959502 0.00477419099115 0.0119419042072 0.0504364738545 0.0132798168395 0.0585112667627 0.0251526326923 -0.00100374076887 0.0572629726972 0.044675279108 
-0.0125687153675 -0.00940446020494 0.0106532275321 0.0314467957679 0.0361051006747 0.0309198298741 -0.0166525810341 -0.0118549407851 -0.00744555555954 0.0126423487308 0.0310779365436 0.0014317338044 0.00881749363544 0.00327637036204 0.0330663178244 -0.0172179365275 0.0133227129815 0.0192885715472 0.00922653414917 0.0183524280013 -0.0231654245141 0.114667152349 0.0112759806523 -0.00499189261974 1.24392221647 -0.0047401923483 0.0609238260479 -0.00936020043711 0.0187272103631 0.000848996033263 0.0214613708951 -0.00785001646309 -0.00298335978934 -0.00451370266332 -0.0161920088863 0.00942406475812 0.0272061665574 -0.00963229032364 -0.0301881197909 0.0207333779176 -0.0112382496538 0.0252406988582 0.00852373043478 -0.00239837663344 0.0428887998357 0.0425737136657 0.0330244275692 0.0188814604605 0.0114922475114 0.10160890234 -0.00164437578599 -0.00921713930559 0.0159999878483 -0.0171690645208 0.10403246248 -0.00679342305204 0.031794020312 0.0101339359625 -0.00418167986451 0.00228214190511 
0.000321547114152 0.0203278737585 0.0142462007925 0.00821457784095 0.0411929472925 0.00250086779126 0.0060601540304 0.00954772677755 0.013043481173 0.0127412031984 0.0029266387298 0.0110392181488 0.00352743657517 -0.00046591511294 0.0243653470514 0.0110904926811 0.0201538451593 -0.0128813967569 0.0167834831691 0.0104863029613 0.0130134854275 0.0247881876755 0.0325639485918 0.0329098845537 -0.0047401923483 0.185784533814 0.0496471058387 0.0134061637946 0.0154684342604 -0.00171631927324 -0.00280432004376 0.0136926444546 0.0169822180273 -0.00821027072857 0.0271953297649 -0.0635977890499 0.0439517602213 0.00632622879862 -0.0107851405004 0.00662563261537 0.00640889638882 0.023131776179 0.000414061537471 0.00879670131371 0.0413107495158 0.00889245497703 0.0105277988639 0.0306952709706 -0.00403231752799 0.00137897778664 0.00156179386275 0.000574866341523 0.0296102961791 0.022291640783 0.014905041097 -0.00110848884816 0.0330019482602 0.0015199327067 0.0230771852617 -0.0113109884788 
0.0327977945406 0.0193846209227 0.0417319093704 0.0324410725476 0.0306620013154 0.0419657239465 0.0430006320635 0.0235960648847 -0.00277869444948 0.0776947081947 0.0447959237529 0.0377045531736 0.00751108643063 0.0442755461828 9.28814092711e-05 0.0551955875988 0.0130750326117 0.034702831913 -0.0020361035847 0.0196273382017 0.0337390346092 0.0488898432367 0.0114952873146 0.0619867139475 0.0609238260479 0.0496471058387 0.487794428451 0.0448169835607 0.0215557261678 0.0103073402917 0.0271476488946 0.0243513134753 0.000235578301311 0.045916541111 0.0313868288126 -0.00871866206892 0.0744945122557 0.0210771535731 0.0404276322336 0.0293458668641 0.0241544382654 0.0293280401557 0.0248642271377 0.00943125202039 0.0133460553398 0.0344069671262 0.0520932953078 0.0344581631726 0.0236807940509 -0.0109079463595 0.00864275430521 0.05255474039 0.0589498613065 0.027517859956 0.048266668524 0.0670109963481 0.044863974556 0.0127366965145 0.0343362042778 0.0091508880772 
0.0198965759835 0.0308210924267 0.0241707691978 0.018678823054 0.0278071819485 0.0100270842343 0.0140600592829 0.0114159941686 0.0117678192638 0.0152345182225 0.0709340167228 0.0285240060963 0.0183521671795 -0.00582243853015 -0.00282091340124 0.0239747677088 -0.0017406974549 0.00109905106229 0.0118411204902 0.0265747287546 0.0288523534669 0.0251484857967 0.0117325846886 0.0523284864193 -0.00936020043711 0.0134061637946 0.0448169835607 0.139709514435 0.0494134492089 0.00887834301675 0.00990654575726 -0.000264266154709 0.0183567520774 0.0189108722845 0.0113779945172 0.0286536720967 0.0191622825144 0.0141558075174 -0.00299033672216 0.00845043467081 -0.000234625835499 0.0108367135947 0.00701144753246 0.0124029811821 0.0217094953497 0.0289989974621 -0.000493679601257 0.023829019973 0.00321932153143 -0.00368112186784 0.00661720009208 0.00705298253711 0.0188433728579 0.0109354619692 0.0175096950554 0.00995419146329 0.0381211406335 0.0178382191034 0.0308816969029 0.00993078241384 
0.0129399554425 0.0197644517487 0.0105568938945 0.0184208429166 0.0372921847538 0.0121137875146 0.0140943865439 0.00386667898947 0.0141583937641 -0.00108351188858 0.0390786574966 0.0105184281724 -0.00890100556244 -0.00574486382435 0.00821751610686 0.0169912209053 0.00194488736305 -0.00234910789712 0.0163182659019 0.0191802166391 0.00857664050546 0.0114539005817 0.000222081930637 0.0233077174817 0.0187272103631 0.0154684342604 0.0215557261678 0.0494134492089 0.179869970787 0.0153545918369 0.00894716441237 -0.0091581880368 0.0128089169466 0.00385037535844 0.0260097401949 0.0123152113786 0.0276434020516 0.0157223536284 0.0104780690408 0.0196571727544 0.00717968882826 0.0075006190526 0.00486704297402 0.0102956493895 0.0272010868508 0.017963622515 -0.0106682052994 0.0187085916906 0.00508056261812 -0.00028151946001 0.00390195701203 0.016208112609 0.00020901927698 -0.00110468961351 0.0328616170328 0.00810289869559 0.0252841953376 0.025641180195 0.00153397082113 0.0174646889908 
0.00357842325137 -0.000423884505312 0.00062172409499 0.0132887464238 0.0167045792656 -0.00150061748157 0.0207380061294 0.0177924443421 0.0107861486724 -0.00639948035179 0.00873278770588 0.0196356618 0.0109063832086 -0.00195186012859 0.0151241957511 0.00610481674213 0.0105803245429 0.0166977165477 0.0191139536247 0.00115806176369 0.0158881424548 0.0158750330173 0.00894169770113 0.00891227048929 0.000848996033263 -0.00171631927324 0.0103073402917 0.00887834301675 0.0153545918369 0.134074315557 0.0166563260766 0.00792503858578 3.71099849121e-05 0.00267714319331 0.0131882057351 0.00326592923356 0.0297343701287 0.0154866649692 0.0125980096887 0.00291111423198 0.0105107244908 0.0117793595432 0.00378639843802 0.00388572952804 0.00532360703335 0.00890147093329 -0.0215479665003 0.0116158713027 0.0114149024344 -0.000146424034146 0.0112397913594 0.0252963113787 -0.000675632691864 0.0101427810895 0.0224166395946 0.00954728301308 0.0108453165197 0.013644212923 0.0235660200945 -0.0021296110271 
-0.0056177964723 0.00476185649 0.0233270034154 0.0249841464964 0.00330065023009 0.0235359295322 0.00382696181382 -0.0030439930809 -0.00610398594919 0.0229674747225 0.0250014799622 0.0116649962121 -0.00926411610746 0.01512351562 -0.0132487842604 0.00589161450583 0.0273280691957 0.0211495365773 0.000501711856265 0.00599133818737 0.0214574234707 0.0217154639445 0.0113506663818 0.000795758488099 0.0214613708951 -0.00280432004376 0.0271476488946 0.00990654575726 0.00894716441237 0.0166563260766 0.359250363123 0.00429551792197 0.0136587469398 -0.00995600938993 0.00443373486014 0.0639719545608 0.00668574653346 0.0114992111851 0.0315315500459 0.00118516940447 -0.0134816746473 0.0041365873616 0.0149904770685 0.00950614468328 0.0184143643715 0.0246605045261 -0.00776600523259 0.0204748886462 0.012460769075 -0.00190722929214 0.027134374413 0.00140583875722 -0.00267232343459 0.0489170093891 0.062059772319 -0.0171027943508 -0.00105767804532 0.0115136933597 0.00594078707568 0.0249919832408 
0.00724035902531 0.00590529289509 0.00317466765616 0.0059567282337 -0.000591802875542 0.000395995743832 0.00923472572222 0.00836007890027 0.00130593539541 -0.00608641722835 0.00400554430189 -0.00393659097194 0.0142426322876 -0.0145033874066 -0.0104923014585 0.010595359901 0.0107109608232 0.00478379282434 0.0119363927385 0.0137321445429 0.00231846717216 0.0264019733262 0.012024889988 0.00651143122919 -0.00785001646309 0.0136926444546 0.0243513134753 -0.000264266154708 -0.0091581880368 0.00792503858578 0.00429551792197 0.200997138683 0.0226142350392 -0.00879141953108 -0.00394367129656 -0.0149164636034 -0.0137830192079 0.00401857040445 -0.00642335265704 0.0104454922713 0.0165043349271 -0.00723267235507 -0.00354105597283 0.00624464167601 0.0109515930664 -0.00558787313508 0.0143285872102 0.0115213185357 0.000395515050757 -0.0192162828095 0.00713059249107 -0.0321009417213 0.00595746105021 0.00802412055485 0.0231341474742 0.000942131845888 0.0102288506827 0.00120463295859 0.00102442184419 0.0193165396071 
0.0177317404441 0.0146221237529 0.00864939138677 0.0162166139002 0.0153837683672 -0.00788188964554 0.0273893650186 0.00113572933064 -0.000279415542326 0.00620991126155 0.0075549263513 0.0121419088002 0.00341463956566 -0.00173028707404 0.00544748477583 0.0134718432286 0.0235892425287 -0.0172393928791 0.0177866690864 -1.91053841548e-05 0.0184022206694 0.010084212771 -0.0162633053478 0.0208665024708 -0.00298335978934 0.0169822180273 0.000235578301311 0.0183567520774 0.0128089169466 3.7109984912e-05 0.0136587469398 0.0226142350392 0.33772910525 -0.00307053460227 0.0292129499118 0.005580267373 0.0122826261 -0.000661558087684 -0.00015445812644 -0.00244926507424 0.0157623585559 0.0336944426056 0.00800228821123 0.0050255228191 0.0204342516173 0.0299589610972 0.0158015540647 0.0437894691713 -0.00547410094189 0.0175955319853 -0.0139869217225 0.00350131993516 0.0180347028334 0.0220503584593 0.0405410062006 0.02962209566 0.00995110642374 0.0111753996992 0.0181856059566 0.00854275755131 
-0.00545893614762 0.0141384837959 0.0122874524518 0.0185359718962 0.0143389905388 0.00240183335956 0.0220592730284 0.00207568807971 -0.00147900508941 -0.0341467515326 0.01372933652 0.0306274665346 0.00380878590666 0.0332342168891 -0.00421942646386 -0.00387125654829 0.0138453875996 -0.00682128835798 0.00361669313237 0.0217176448887 0.0201777973482 0.00885758127269 -0.0092834853654 0.0623205512167 -0.00451370266332 -0.00821027072857 0.045916541111 0.0189108722845 0.00385037535844 0.00267714319331 -0.00995600938993 -0.00879141953108 -0.00307053460227 0.262490355505 -0.0138900638865 0.0107917117916 -0.00072874759464 0.00792767535369 0.0348920117041 -0.0127137571969 -0.0138916384251 -0.00158052469422 0.0125129375886 0.00141456656976 -0.00107690466775 0.0277229841347 -0.0350588047305 -0.010720062777 -0.0223386802964 -0.0143285115135 0.018273097571 0.0208315607001 -0.0254227535073 0.0552074028152 0.00776639492542 0.0380838395628 -0.00700746470367 0.0202422841061 0.0578671179719 0.0151458407034 
0.020776752642 -0.00213797403629 0.0178497221309 0.00916365897134 0.00518957582169 -0.000249311479425 0.00429762953768 -0.00514676513395 0.0145875457972 0.0223032878071 0.00616815911688 0.031312499073 -0.00311571654967 -0.000979040857948 0.0435200903194 0.0125798925069 0.0395942390389 0.0054471333526 0.0140029673461 0.014995037498 0.0133060015581 0.0244171865537 0.0173794070151 0.00881690772086 -0.0161920088863 0.0271953297649 0.0313868288126 0.0113779945172 0.0260097401949 0.0131882057351 0.00443373486014 -0.00394367129656 0.0292129499118 -0.0138900638865 0.342101822435 -0.00107011184174 0.0613611633743 0.000459009495568 0.0371558587418 -0.00252610682244 0.0271456685834 0.027437484562 -0.00773109699355 0.00595682242123 0.018113747043 0.0110416471246 0.0428323286439 0.0630273583754 -0.0186852143345 0.0731761783036 0.0411381753577 0.0136344986499 0.0264042254586 0.0289690207116 0.0967361460389 0.0348959959958 0.0134783345748 0.0126086713497 0.00840026096691 0.000863163566991 
-0.00153724001154 -0.0251968430512 0.0188131286165 0.0222683297921 0.0289949246953 0.0860954451295 -0.0126267462814 -0.0115054432473 0.0366442506132 0.0214934793499 0.0302837590875 0.000841458355699 0.048649872807 0.00549239054386 0.000324177925749 0.015202853974 -0.0432949892791 -0.0342139454759 -0.0125444023907 0.0427736544217 0.0349269338768 0.00864229583556 0.0778391575498 -0.0112047277589 0.00942406475812 -0.0635977890499 -0.00871866206892 0.0286536720967 0.0123152113786 0.00326592923356 0.0639719545608 -0.0149164636034 0.005580267373 0.0107917117916 -0.00107011184174 1.44570123458 0.0244484634648 0.0101793724602 0.00780130528007 -0.00397709053773 0.00998694755436 0.00582134325678 -0.00505758637271 -0.00213734650641 0.00146258236454 0.00281634850138 0.0192382231184 0.0796516725156 0.0241038355783 0.0732698775516 0.305077600445 -0.00755877753468 0.0500199127115 -0.0107857323332 0.00483558032955 -0.00828251943145 0.0145574961154 0.0202275037078 0.010785060072 0.0121228242877 
0.00552023191201 0.00442300315971 0.0420425635772 0.0499727315242 0.0261399418997 0.0183610948728 0.00501851707953 0.0207742586382 -0.0200644315291 0.0543374987039 0.0127576538426 0.0251388883437 0.0179648550027 0.0442666552457 0.0218016880962 0.0259806500509 0.00188330582595 -0.00657468712947 0.0196661127791 0.0217885242825 0.0345324267617 0.0130170280863 -0.0118417097958 0.00220511198379 0.0272061665574 0.0439517602213 0.0744945122557 0.0191622825144 0.0276434020516 0.0297343701287 0.00668574653346 -0.0137830192079 0.0122826261 -0.00072874759464 0.0613611633743 0.0244484634648 0.643119514136 0.0195255838839 0.00834828527595 0.0267394007921 0.00295941423469 0.0343933700686 0.0105516416851 0.0235187678199 0.0235950242657 0.0175916290754 0.0309270785699 0.0304528844945 0.0338577162067 0.205816713386 0.0084337795046 0.0222191027266 0.00974025728499 -0.00921635495526 0.0520966989832 0.036335666006 -0.00539620378179 0.0420690160003 0.00176685752145 0.00792307560917 
0.0165132450684 0.00344837010362 0.0203455248976 0.0234125794067 0.0265623723295 0.00393984553919 0.0231263330143 0.0128412363783 0.0137985003041 0.0156914710288 0.0178959086894 0.0200028760835 0.0319611890583 -0.0116948944363 0.0287119632157 0.0241039831624 0.00763026859744 -0.00753168890137 0.00581330144682 -0.00288609709706 0.0267963349211 0.0169740730154 0.00448222261766 0.0210830391214 -0.00963229032364 0.00632622879862 0.0210771535731 0.0141558075174 0.0157223536284 0.0154866649692 0.0114992111851 0.00401857040445 -0.000661558087684 0.00792767535369 0.000459009495568 0.0101793724602 0.0195255838839 0.134024564054 0.0132056782228 0.00135926178291 0.00247356069507 0.0146617580609 0.00487378442505 0.0132781424839 0.0220930804465 0.00805271119184 0.0158721936049 0.030842956182 0.0193482262044 0.0139560723549 0.0161044412554 0.0196978597821 -0.00319279643399 0.0211363654092 0.0110792514262 0.0178687935156 0.0252914549595 0.030908373331 0.00347674390314 0.00894555966273 
0.00880997406117 -0.0129502054467 0.0102730841109 -0.00349901185202 0.0149201791869 0.0131754311466 0.0231377362259 0.0172181516117 0.0137628307937 0.0329479080961 0.0191815873369 0.0304226708938 0.00275952150832 -0.00168957396214 -0.00252294238736 0.00134061868072 0.0118284480011 -0.0273626449914 0.0110463483866 0.00102157906964 0.0250617371276 0.0354596403971 0.0203753377977 -0.00860434167441 -0.0301881197909 -0.0107851405004 0.0404276322336 -0.00299033672216 0.0104780690408 0.0125980096887 0.0315315500459 -0.00642335265704 -0.00015445812644 0.0348920117041 0.0371558587418 0.00780130528007 0.00834828527595 0.0132056782228 0.515198076706 -0.00259792756943 0.0305551054244 -0.0120134487128 0.00784278673692 0.0177664345072 0.00629556680972 0.0335945211454 -0.00045944956874 0.0114960020661 0.0138431093006 0.000255073153538 0.0146239133096 0.0111011101613 0.00601263173624 0.0550033646335 0.0521316859575 0.0468379108871 0.016483295395 0.00828656447785 0.025153471762 0.0485305185547 
