60
0.0385950792128 0.0905877796438 0.0147816990943 0.0110311255814 0.117315051398 0.0100273700484 0.00753480783794 0.0129348444485 0.0560151075184 0.0534982218633 0.0625636206577 0.0408230851415 0.0433119494187 0.0755027876102 0.0573021249509 0.0413413845105 0.105790500039 0.0429486266904 0.00535997805058 0.0826231173305 0.0430779984078 0.0946597506959 0.201887649263 0.0288411222523 0.0328492958576 0.399937027552 0.00633581846688 0.0824662750087 0.0292815331214 0.176385145314 0.09797045465 0.0368602928082 0.0729597235382 0.0605665428979 0.0307338128464 0.0965978414643 0.105790735219 0.00477989818121 0.0414486045552 0.0172601721071 0.0243185800675 0.142595623168 0.0566217234647 0.0070666509449 0.109746753301 0.0507347996455 0.0088766616328 0.0422860283868 0.0213104348082 0.087070388143 0.00839736130492 0.0511719962834 0.0916953774684 0.0598638009539 0.151477321577 0.0948967479515 0.0723841835345 0.171628318037 0.0904248988876 0.0413299620627 
0.185170435687 0.0240925405295 0.028472571853 0.0174877692639 0.0156910062772 0.00696359835264 -0.00692198862925 0.0137638990748 0.019495585475 0.0257539739773 0.0246341205054 0.0208338679372 0.013216071433 0.055732072573 0.0192811495115 0.0123961890811 0.0163230308892 0.019526458393 0.0066468379613 0.000944507147914 0.0180116890015 0.0200910503653 0.00206867421319 0.023385100982 0.0191866373261 0.0336074380748 0.00667280155688 0.0327065626956 0.0136429217294 0.0125123503194 0.0363333974067 0.0105208321584 0.0283270091588 0.016109376892 0.0167011953666 0.0187317240182 0.0136183679665 0.0201631435744 0.00852384354284 0.00480543583357 0.00507299019384 0.0140433535755 0.00743896538679 0.019721836747 0.0214778798952 0.0142231430106 0.0336375222354 0.00639684047137 -0.00308938865168 0.0175482354001 0.0131986237361 0.0190247666404 0.0393445704256 0.0205505062333 0.0364044767132 -0.00542507911038 0.0227370894581 0.0134651884679 0.0159182529142 0.0124863970772 
0.0240925405295 0.418861644869 0.0140244946306 0.00797193960265 0.00962506369685 0.0130732112801 0.0145986023734 -0.00208240443653 0.00535605877151 0.00870148605712 0.000690722825742 0.0107042311941 0.00743566383494 0.00630229055565 0.0318318363105 0.0276826985496 -0.000770942617681 0.0259539392492 0.0193851619337 0.0266625981595 -0.00355341603515 0.0416573201248 0.0386155176584 0.0214197565402 0.030350731931 0.0334392820376 -0.00611228760566 0.0173370682354 0.0115078856366 0.0900517549251 -0.0204571914607 0.0261875996174 0.0732656814968 -0.00264001310768 0.0162140616028 0.018204092555 0.0378733578136 0.00801057679062 -0.00754459958923 0.0155391294835 0.00806737992293 0.0584862925971 0.0231707957432 0.0123438810602 0.00826584541915 -0.00251376655988 0.0267574786354 0.0355992921241 0.0166486355544 0.000876716086566 0.0254579446916 0.0398003465214 0.0505074359569 0.0156048085192 0.00885871907349 0.000358362395008 0.0383787146189 0.0173007729237 0.017649990405 0.0212849294561 
0.028472571853 0.0140244946306 0.195556371099 0.00944658132951 0.0248664616882 0.0209682428674 0.0162078796975 0.0116300967844 0.0131745258922 0.0226845066645 0.0124795446126 0.0167564355572 0.00923945298718 -0.0330622288916 -0.002711022891 0.00459830801928 0.0348517280319 0.00279817276492 0.0206301367422 0.0157179522385 0.0252931089537 -0.00691990943615 0.00318825542401 0.0494439444779 0.011350550591 0.026702596483 0.0066569281793 -0.00616910065141 0.0340551861038 0.0202834965171 -0.00102916957164 -0.0050117409788 0.0243713444893 0.00450505770412 0.012069704144 0.00627366509463 0.0318186539582 -0.00119525014349 0.0209578846347 0.0212724041768 0.0172754684331 0.0021736102514 0.00161871519165 -0.000864513696183 0.00871790422734 0.00696967686851 0.0226834899204 0.00791640510436 -0.000897887084763 0.0251762460219 0.00402431114256 0.013326705238 0.043347261247 0.0172401617346 0.0129170345606 0.0139001391727 0.0186255824392 0.0158954196045 -0.00758260105831 0.0431510058739 
0.0174877692639 0.00797193960265 0.00944658132951 0.141018751165 0.00814420557845 0.00847629880555 -0.00154414311511 0.0159920062346 0.017378564476 0.0110917070407 0.0135043639371 0.0290715826121 0.00924819846151 0.0108024206976 0.00574785818534 -0.00533803078676 0.00573273007918 0.00309926815477 0.0473956195363 0.0151485584524 0.000228826262812 0.0128831061939 0.00351818378 0.0179708048239 0.00683457512694 0.00888795800037 -0.00318921209209 0.0325209158343 0.010525449904 0.00797449782858 -0.00567200798541 0.00187437860454 0.0157622541452 0.0131333401504 0.0128131044638 -0.000240141547539 0.012998657353 0.00914397133236 0.0227220417932 0.00824533565577 0.0116656740735 0.00867299417312 0.0192631865224 -0.0139163573136 0.0234467602632 0.0150993945706 0.0199709906897 0.0102329821746 0.00707118801274 -0.0061450434327 0.0185512790897 0.00282495825849 0.0143914343936 0.031548807868 0.013613901761 0.0152360096571 0.011673354919 0.00873819970393 0.0132392627056 0.0155814857311 
0.0156910062772 0.00962506369685 0.0248664616882 0.00814420557845 0.356770813409 0.00704236970418 0.0100713029308 0.0111776154361 -0.00747151526789 0.0175959873135 0.0289451958777 0.00206518987897 0.018285239008 0.00781517611475 0.036672805987 0.00942013448157 0.00765975393525 0.0107734442453 0.0101979185499 -0.00328465442571 0.0568193133177 0.00694977578437 -0.0133426642198 0.00206591727346 0.0246210644582 -0.0208548197325 -0.0157855494014 0.0123624215981 -0.00199024646422 0.0224522158604 -0.00833773420091 -0.00991033624373 -0.00348783709059 0.0330274595881 0.0178367800884 0.0013592163157 0.00834894629739 0.0325590107241 0.0397152585321 0.0105560395664 0.00817667968049 0.011600451091 0.00129137011055 0.0227368490486 -0.00488833438349 0.0334257545398 -0.03553149267 -0.0278703567074 0.00400701760052 0.028270471625 0.00502925131253 0.0368081108985 0.0236623010413 0.0121260830058 0.0176029480363 0.0205282750961 -0.00309933589333 0.00201087099699 0.00560125626775 -0.00819839102001 
0.00696359835264 0.0130732112801 0.0209682428674 0.00847629880556 0.00704236970418 0.160682768939 -0.00742198060736 0.0100340370491 0.00125249341422 0.00853543010131 0.025023075842 -0.00129398284008 0.0185766422301 0.0105720818574 -0.00322721108702 0.0020814377242 0.0339461077224 0.00629884793927 0.0131280059311 -0.00148523615083 0.00593115982501 0.0227885651306 -0.00108363167108 0.0184674962588 0.0139166864194 0.0236929614114 0.0106767634826 0.00157674131287 0.0156529689535 0.0428091675795 0.0721994800437 0.000540477427636 0.0102591388777 0.034318530941 0.0102902485317 0.00738734401624 0.0149720716272 0.00865857423783 0.0457048360648 0.00230563084703 -0.00395906542177 0.0136624916664 0.00380043436258 0.00696804605061 0.0152070801501 0.00995382253492 0.0117090329983 0.012429935603 -0.020844439547 0.0221605863605 0.00987054284907 -0.0120859399643 0.00746191309761 0.000316940486718 0.0314058795715 0.0098864868059 0.00838313382864 -0.00808092165343 0.00273633662194 0.00942281277423 
-0.00692198862925 0.0145986023734 0.0162078796975 -0.00154414311511 0.0100713029308 -0.00742198060736 0.291823964799 0.0237862777597 0.0122373048595 0.0197226253841 0.0216748101633 0.0159608462905 0.00764242645054 -0.00126703940749 -0.00644513012857 0.00850436284134 0.0368215922524 0.0166934733005 0.00904394023039 -0.00256446607592 -0.0164923413761 0.015188541511 0.0247951686765 0.0119784605954 -0.0121658424188 0.0188398047689 0.0299660521004 -0.000531681388761 0.0127101253898 -0.00202265535133 -0.00780243205947 0.024053451384 0.00631800316432 0.00689086253581 0.0080961464533 0.0207959581407 0.0139247832339 0.0099232259609 0.0314192921284 0.0224562225926 0.00714101477277 0.0543486448745 -0.00589291084366 0.0256377188285 0.0278516867184 0.0240364908849 0.00654759398041 0.0180582155439 0.0176553057207 0.0293061246179 0.0079487233643 -0.0105987564637 0.0501732318228 0.0165702416431 0.011231062311 0.0320686756603 0.0247657769344 0.00584279972934 0.0127246043791 0.00915772688657 
0.0137638990748 -0.00208240443653 0.0116300967844 0.0159920062346 0.0111776154361 0.0100340370491 0.0237862777597 0.155616072077 -0.00794872242583 0.0226842671189 0.0147394650764 0.0276386112145 0.0150194481907 -0.00654340006738 0.00476495703684 0.00171352406853 0.0211899269983 0.00658357963976 0.00599433482096 0.00436596665956 0.0236517253947 0.00696136465498 0.00664344295695 0.021726924163 0.0110810212529 0.0102739534848 0.0232540151069 0.00170765536727 0.0189293168984 0.0387467046076 0.0132120437372 0.00263856656514 0.000846260015254 0.00261399665962 0.0173611554747 0.0202541651333 0.000503620893269 0.0312201017824 0.0138509243714 -0.00215429864855 0.00523987539148 0.0035033782252 0.0142526413002 0.0202447665019 0.00767387445106 0.00556524956463 0.0142648740492 0.00121585511942 -0.00179912957534 0.00985027870467 0.0321154648921 0.0153527497935 0.0123960594592 0.00117834059586 0.000747905870945 0.00528026872769 -0.0061731576972 0.0247459440393 0.00557313641818 0.0100006516809 
0.019495585475 0.00535605877151 0.0131745258922 0.017378564476 -0.00747151526789 0.00125249341422 0.0122373048595 -0.00794872242583 0.34467393934 -0.0015982095965 0.00518366356949 -0.00526673096888 0.00174845122953 -0.0187209053208 0.00241446932608 0.0211303061856 -0.00112869567513 0.00724016654629 0.0217751767655 -0.0076170372856 -0.000160104655104 -0.0178780329616 0.0460734737721 0.0143002586331 0.0537964562508 0.0486284800325 0.0101534628447 0.0107078231555 0.0179247150745 0.0120581263017 -0.00595064977783 0.0147753696624 0.0362002829716 0.0180106041671 -0.0104668823731 0.00681649420309 0.0181992162937 0.0122602804272 -0.0138039714142 0.0173273218988 0.0227767670998 0.0308691414279 0.0272881650792 0.0111557755379 0.00735994404243 0.0145762974792 0.00323390791298 -0.0131921197344 -0.00689489190019 -0.0247167697939 0.0149192040087 -0.00879080104858 0.00433214341246 0.0198616878101 0.0482002568488 -0.0176137422799 -0.0150931270088 0.0201381831882 0.0247231874011 0.00110480337305 
0.0257539739773 0.00870148605712 0.0226845066645 0.0110917070407 0.0175959873135 0.00853543010131 0.0197226253841 0.0226842671189 -0.0015982095965 0.20568152745 0.0807008080406 0.0294061249987 0.0206271776018 0.03935063593 0.0450175729259 0.0138601247901 0.0257495598042 0.000300576771623 0.0109224233491 0.0348569121618 0.0126400783046 0.0234376750367 -0.0197130656549 0.0302322569605 0.048029332463 0.00649062423237 0.0449128564488 0.00817101168181 0.0142756863967 0.0180257234519 0.0149468107881 0.0010004350958 0.00892144920003 0.0188289594631 0.00305149942405 0.00782414200516 0.025126572075 0.013663055776 0.0289483151592 0.0157538776529 0.0198382515216 -0.000863306090231 0.0384698726441 0.0114949244362 0.00430563729063 0.0271108458895 -0.00763127699208 0.019502480237 0.0227391587287 0.00502276937243 0.0330706702483 0.00125913429959 0.0567861386927 0.0304384524111 -3.92818909348e-05 -0.00244113397019 -0.00101697981477 0.0125953957386 0.00893616198442 0.0234153049461 
0.0246341205054 0.000690722825741 0.0124795446126 0.0135043639371 0.0289451958777 0.025023075842 0.0216748101633 0.0147394650764 0.00518366356949 0.0807008080406 0.274094699107 0.0290585101863 0.0225087121815 0.0174385855444 0.0460668857909 0.0343751143217 0.0282389596406 0.00219376521482 0.00533518386336 0.0572266233502 0.0312501955757 0.0171222707126 -0.0101625933576 0.0198535249463 0.0287964921103 0.00308745846967 0.0448724622775 0.0173408789982 0.0116059258341 0.0226990477675 0.0417011243077 0.00936161535927 0.0107181290102 0.0312971246249 0.00542488270239 0.0164132999726 -0.00119587658964 0.0146303687408 0.0124699173731 0.0443244366195 -0.00094415652133 0.00599668839407 0.0120842321935 0.00729728294451 0.0100172085891 0.0251072324282 0.0190113461543 0.0294815091007 0.0277810431853 0.0177069886554 0.0314281627726 -0.00767457145483 0.0636708587977 0.0187647650458 -0.00386277880787 -0.000196745667562 0.00407229552075 0.00532275229434 -0.00288311209368 0.00106951096691 
0.0208338679372 0.0107042311941 0.0167564355572 0.0290715826121 0.00206518987897 -0.00129398284008 0.0159608462905 0.0276386112145 -0.00526673096888 0.0294061249987 0.0290585101863 0.192198133908 0.0338819825306 0.0241190693455 0.0157773987495 0.00673094701093 0.0210468385702 -0.00501156973949 0.00337170202926 0.0118148147314 0.0162666797796 -0.00357437377472 -0.00263863924702 -0.00214376653115 0.0157433790605 0.0072930357338 0.0170106859947 0.0111343304787 0.0170071024967 0.0244456452366 -0.0199178095498 0.00406744380793 0.0143409587903 0.0167179236514 0.00700684280086 0.016211421821 0.00338278712822 0.0101596498826 -0.00319648243147 0.000819863217738 0.00446345019344 0.00698703063401 0.0201470360903 0.0186033945146 0.0500360777777 0.0201901927035 0.0138421665588 0.0132195211787 0.0370690549711 0.00744396759973 0.015490569774 -0.00496634503703 0.0368457280602 0.0172063932079 0.00353335962067 0.000513605932857 0.0383362418294 0.0131320150593 0.0134363267821 -0.0030388791776 
0.013216071433 0.00743566383494 0.00923945298718 0.00924819846151 0.018285239008 0.0185766422301 0.00764242645054 0.0150194481907 0.00174845122953 0.0206271776018 0.0225087121815 0.0338819825306 0.173473049213 0.0265038417459 0.0158592594939 0.0154231393492 0.0107258858726 0.00968376106237 0.0151711167425 0.0187340850799 0.0314184268904 0.0194436095519 -0.00791245842817 0.0212364418262 0.000618469825281 0.00895311368754 0.00977326864918 -0.012039891925 0.0130089003486 0.0288071365914 0.0130080371672 -0.0147780582288 0.0115327759917 0.0220275893512 0.0404820883806 0.0186442805747 0.00879101298287 0.0142283133468 0.00303271354643 0.0173204635898 0.00724535441112 0.00938777305137 0.0245259442366 0.00761940408132 0.00953311898361 0.0117785638729 0.0235051565108 0.0136954578906 0.0202967843929 0.0174515033152 0.0259569928513 0.0059453956472 0.0208149778116 0.0204841632296 0.0160427517726 0.0341716033633 0.0116628622374 0.0417167926377 -0.00585506116557 0.00638803168976 
0.055732072573 0.00630229055565 -0.0330622288916 0.0108024206976 0.00781517611475 0.0105720818574 -0.00126703940749 -0.00654340006738 -0.0187209053208 0.03935063593 0.0174385855444 0.0241190693455 0.0265038417459 0.722802490113 0.0102042500588 -0.00315125393115 0.00785058231653 0.0124774708361 0.015700458997 0.033933262425 -0.00253653241055 0.0413609388819 -0.0071194762843 0.00596528976603 0.0492265495618 0.0636518390649 0.0266954596663 -0.026634630113 0.00308563427096 -0.00128761810307 -0.00561716909369 0.0259000198457 -0.0112589663808 0.0180216234326 -0.0106273827956 0.02919676213 -0.038098618307 -0.0155900817274 -0.00389537987341 0.0104650478332 0.00908161875047 0.00842060753571 0.0196362000883 -0.00428033961919 0.0103171481739 0.0152561161662 0.0135437721104 0.0104747870509 0.0328184207482 0.020448828716 0.00342977144382 0.0102090368803 0.0161209115336 0.0179048682057 0.0429745550761 -0.0168574334124 0.00507206387215 0.0263444715619 -0.0223236570652 0.0217702408589 
0.0192811495115 0.0318318363105 -0.002711022891 0.00574785818534 0.036672805987 -0.00322721108702 -0.00644513012857 0.00476495703684 0.00241446932608 0.0450175729259 0.0460668857909 0.0157773987495 0.0158592594939 0.0102042500588 0.308501177894 0.0213247347983 -0.00621175542037 0.00519736606784 -0.00666831806341 0.0138590782788 8.65259037533e-05 0.0219322978739 -0.00156584969097 0.0144708827335 0.0142959387323 -0.0197433499214 0.0170411592236 0.0220252012391 0.0150474686039 0.0370290629191 0.0155393666232 0.00277113010138 0.00159366768682 0.00929096371286 0.0120734342679 0.0246320078208 0.0526412785232 0.00456953132102 -0.00453337935933 0.0277280477916 -0.0225163158163 0.00572583863327 0.0223905754211 0.00495585605332 0.012822402506 0.0434941925656 -0.00129242846483 0.0253720063311 0.0196512807426 0.00469711572676 0.0251228944849 0.0052049816101 0.0641715237769 0.0196689999664 -0.0140845547036 0.000293556390362 0.0196614193909 0.0124659117445 0.0125684385991 0.0275113615719 
0.0123961890811 0.0276826985496 0.00459830801928 -0.00533803078676 0.00942013448157 0.0020814377242 0.00850436284134 0.00171352406853 0.0211303061856 0.0138601247901 0.0343751143217 0.00673094701093 0.0154231393492 -0.00315125393115 0.0213247347983 0.223978258745 0.00810873247634 0.0203984808221 -0.00732684664787 0.0451284978807 -0.00254165725915 0.00980141213852 0.00243831845934 0.0136092030361 0.0233639051163 0.0132977695564 0.0126612089584 0.0237698079165 0.0236355654323 0.00963973244567 0.00379357961125 -0.0143151843975 0.0127544192428 0.00642913180352 -0.000273928452881 0.0493651644879 0.0218490120263 0.0286223331398 0.0166550510237 0.0336640028105 0.0146386505457 0.0502100423201 0.0232548602236 0.0175291500415 0.00276098526438 0.0204066684512 -0.00426566050678 0.00949954601538 0.0259158524369 0.010908841654 0.00935808670765 0.00307186414843 0.0158959458456 0.021957663038 0.0196211010587 -0.00463592973579 0.0263095263529 0.0296695529702 0.00694280994813 0.035649689427 
0.0163230308892 -0.000770942617681 0.0348517280319 0.00573273007918 0.00765975393525 0.0339461077224 0.0368215922524 0.0211899269983 -0.00112869567513 0.0257495598042 0.0282389596406 0.0210468385702 0.0107258858726 0.00785058231653 -0.00621175542037 0.00810873247634 0.536586630356 0.00269191966843 0.0114503743026 0.0198796509656 0.0108618672832 0.00356972704486 0.00365461942272 0.0294443863993 -0.0145749638906 -0.0459023352765 0.0122866437439 0.00858703521153 0.02887966429 0.00659263013913 -0.00521227634393 -0.0193460899936 0.0408375319924 0.0402362242052 -0.00362825328486 0.0124509724473 0.012858667773 0.0197361859712 0.00659082363425 0.0035707009452 0.010617155156 0.00474917855067 -0.00181318511513 0.0197654482223 -0.00560098071679 0.0105114363045 0.0208989213678 0.00374204386012 -0.014838682299 0.00726458227872 0.0125986546252 -0.00814471555772 0.0347361742964 0.0130392446511 -0.0126836467599 0.00148488044123 0.0704506520165 0.0106896573034 -0.010893140816 0.00317153320645 
0.019526458393 0.0259539392492 0.00279817276492 0.00309926815477 0.0107734442453 0.00629884793927 0.0166934733005 0.00658357963976 0.00724016654629 0.000300576771623 0.00219376521482 -0.00501156973949 0.00968376106237 0.0124774708361 0.00519736606784 0.0203984808221 0.00269191966843 0.203015079524 0.0161442279486 0.0210335395826 0.00817306891428 0.0345645341327 -0.0112065547305 0.00692799427873 0.0124279249664 0.0106494838398 0.0120282798744 0.011639994182 0.00102805065143 0.0282487937728 -0.0111691236884 -0.014261267218 -0.00284531938345 0.00456712198256 0.0115740771224 0.0123355644379 0.00499740185264 0.0100150560536 -0.000550814561724 0.0181716435994 0.0297695349148 0.0167288633831 0.0101312804384 -0.00139717360427 0.00644090341623 0.00666761425801 0.00391000261372 0.0183855049505 0.00527319836936 0.0423353849342 0.00483394176784 0.00132447001615 0.0193940607915 0.0146388969143 0.0146678792724 0.0272833397172 0.0106892576904 0.0165082348891 0.017370991325 -0.00822585404438 
0.0066468379613 0.0193851619337 0.0206301367422 0.0473956195363 0.0101979185499 0.0131280059311 0.00904394023039 0.00599433482096 0.0217751767655 0.0109224233491 0.00533518386336 0.00337170202926 0.0151711167425 0.015700458997 -0.00666831806341 -0.00732684664787 0.0114503743026 0.0161442279486 0.119206953396 0.00630442382959 0.00598896036166 0.0306255510892 -0.00652163821773 0.0145742167999 0.00801794699948 0.0110506156268 -0.00164093493362 0.0262790824912 0.0130518735149 0.0121753299115 -0.0156218855214 -0.00504031613167 0.0146846137797 0.00792323635089 0.0132331761287 0.00980631519275 0.0181695939857 0.00551433077273 0.0103137205807 0.0109169273635 0.0186285347432 0.0188537617268 0.030585370302 -0.00625219089757 0.0229189591319 0.0197355083927 0.0291789545207 0.0128707285559 0.00265823704741 -0.00111195467718 0.0201584034016 0.0200774103201 0.00791322854228 0.030280757906 0.0253697421018 0.0205519350059 0.0156195266447 0.00663248691336 0.0272668802049 0.00935754775995 
0.000944507147914 0.0266625981595 0.0157179522385 0.0151485584524 -0.00328465442571 -0.00148523615083 -0.00256446607592 0.00436596665956 -0.0076170372856 0.0348569121618 0.0572266233502 0.0118148147314 0.0187340850799 0.033933262425 0.0138590782788 0.0451284978807 0.0198796509656 0.0210335395826 0.00630442382959 0.178496350088 0.00423334169399 0.0133844693289 0.0104681703575 0.00268028321602 0.0169645880997 -0.00660119875398 0.0217891287282 0.0185907703884 0.00117664356489 0.019066451635 -0.00187936503819 0.006082746997 0.0140088783411 0.010417184092 0.0132243909459 0.0289314276832 0.00897410922964 0.0131255233834 0.0135810690798 0.0416002415405 0.0170738402135 0.0351050027359 0.0101630288108 0.0060894706782 -0.00126048747817 0.0166925752542 0.0160999367585 0.0139947830656 0.00363769423079 -0.00103422921377 0.0242015444286 -0.00974820166931 0.0408502046746 0.0158549608354 -0.00817967328901 -0.00960871575968 0.00415252732824 0.0198606130522 0.00359295472143 0.0117129200656 
0.0180116890015 -0.00355341603515 0.0252931089537 0.000228826262812 0.0568193133177 0.00593115982501 -0.0164923413761 0.0236517253947 -0.000160104655104 0.0126400783046 0.0312501955757 0.0162666797796 0.0314184268904 -0.00253653241055 8.65259037534e-05 -0.00254165725915 0.0108618672832 0.00817306891428 0.00598896036166 0.00423334169399 0.326723281948 -0.00397521295848 0.0235071100957 0.0210198592314 0.00797736699354 0.0181561206596 0.034149062174 -0.00687411613085 0.0138195050028 0.0116912927757 0.00761852732848 0.0206043954619 -0.00288461070613 0.0144225856694 0.0346259200216 0.0286170252445 0.0198001880157 0.00801239526364 0.0200853480125 -0.00840753880024 0.0179989071904 -0.0106498625391 0.0103803258043 0.00352478431913 0.00525838259267 0.00443175092414 0.00933792390246 0.00585053411011 0.0189362257313 -0.00453025540955 0.00505034296682 0.0064362610932 0.0287543468417 0.0157143952453 0.00801808590949 0.0418040356429 0.00262209750078 0.0175069209645 -0.0102575479825 -0.00347799380385 
0.0200910503653 0.0416573201248 -0.00691990943615 0.0128831061939 0.00694977578437 0.0227885651306 0.015188541511 0.00696136465498 -0.0178780329616 0.0234376750367 0.0171222707126 -0.00357437377472 0.0194436095519 0.0413609388819 0.0219322978739 0.00980141213852 0.00356972704486 0.0345645341327 0.0306255510892 0.0133844693289 -0.00397521295848 0.438514032041 0.0437282043034 -0.000459139160336 0.00374948138804 0.0260515535649 0.00331473473991 0.0084007482221 -0.00217277452472 0.0691547860017 0.0684736698636 0.0131595722705 0.0219675937696 -0.00809822223357 0.00617261875115 0.0475707330601 0.0276346349594 -0.00912628405757 0.0106138979648 -0.0029652262043 0.0298928255556 0.0345139974171 0.0119794208941 0.0124728979739 0.0283133056035 -0.00673503228621 0.00752310484429 0.0115375404074 0.00528088220529 -0.017591776001 0.02013856201 -0.00693607488413 0.0475232336417 0.00248245864773 0.019564518875 0.0212559102765 -0.0132102680223 -0.00615362000579 0.0249648898381 0.0156895081114 
0.00206867421319 0.0386155176584 0.00318825542401 0.00351818378 -0.0133426642198 -0.00108363167108 0.0247951686765 0.00664344295695 0.0460734737721 -0.0197130656549 -0.0101625933576 -0.00263863924702 -0.00791245842817 -0.0071194762843 -0.00156584969097 0.00243831845934 0.00365461942272 -0.0112065547305 -0.00652163821773 0.0104681703575 0.0235071100957 0.0437282043034 0.763474118095 -0.0112036606933 -0.0057138718782 0.0593073697551 -0.00102968846095 -0.0183914300424 0.00482160270999 0.0179500108767 0.0119541409322 0.0433305232213 -0.00682753035051 0.0255892198916 -0.00725735270997 0.00301148104317 0.0270118068298 0.00108488385371 0.0283459655721 0.0512438763663 0.0300913671807 0.0906393339466 0.0245248856078 0.0147907949915 0.0231628470982 0.00520014706304 0.0448106287335 0.00958969102099 0.0667430809366 0.048710112555 0.0114723044338 -0.0337051680831 0.00941677473875 0.0629337200422 -0.0254813130912 0.0141020834653 0.0123575171087 0.000181127949193 -0.0189624510583 0.00379678398027 
0.023385100982 0.0214197565402 0.0494439444779 0.0179708048239 0.00206591727346 0.0184674962588 0.0119784605954 0.021726924163 0.0143002586331 0.0302322569605 0.0198535249463 -0.00214376653115 0.0212364418262 0.00596528976603 0.0144708827335 0.0136092030361 0.0294443863993 0.00692799427873 0.0145742167999 0.00268028321602 0.0210198592314 -0.000459139160336 -0.0112036606933 0.168756747708 0.00961904957046 0.00309132846461 -0.0020824570755 -0.000422500525835 0.0144064078437 0.00504936475831 0.0180500628759 -0.0126899130739 0.00672739775609 0.0158091862296 0.0161840036766 0.012970021905 0.0206929500305 0.00922805986641 0.021132903006 0.00864476532057 -0.00846770741481 0.0238733782396 0.0221588717536 0.00370742577414 -0.00434588822564 0.00402197677746 0.0118261716542 0.00612043977873 0.0026216353568 0.0154161681819 0.0204422329735 0.02771753606 0.0420809932132 0.0349462312885 0.0105592904256 0.0123601489613 0.0036516596646 0.0282092128896 -0.0129999291641 0.0292757054108 
0.0191866373261 0.030350731931 0.011350550591 0.00683457512694 0.0246210644582 0.0139166864194 -0.0121658424188 0.0110810212529 0.0537964562508 0.048029332463 0.0287964921103 0.0157433790605 0.000618469825281 0.0492265495618 0.0142959387323 0.0233639051163 -0.0145749638906 0.0124279249664 0.00801794699948 0.0169645880997 0.00797736699354 0.00374948138804 -0.0057138718782 0.00961904957046 0.303803237367 0.0822111026366 0.0240916541304 -0.0120309507271 0.00845563403227 0.0389712104795 0.0193242709885 0.0241493172871 0.00221584829472 0.0288729130085 0.00986390990413 0.019621012344 -0.00609871460988 0.00789305968897 -0.0081423061923 0.0186014167647 0.0459996544722 0.0164512862112 0.0115810249553 0.00960339741123 0.0235307139846 0.00378875305748 0.0106070744267 0.00376200400823 0.0337473575287 0.0109508011831 0.024859580581 -0.0109828354212 0.0410746062983 0.00960396318719 -0.0275779628646 0.00231817094933 0.00605953476087 0.0025334635852 0.0168333162731 0.00252262495127 
0.0336074380748 0.0334392820376 0.026702596483 0.00888795800037 -0.0208548197325 0.0236929614114 0.0188398047689 0.0102739534848 0.0486284800325 0.00649062423237 0.00308745846967 0.0072930357338 0.00895311368754 0.0636518390649 -0.0197433499214 0.0132977695564 -0.0459023352765 0.0106494838398 0.0110506156268 -0.00660119875398 0.0181561206596 0.0260515535649 0.0593073697551 0.00309132846461 0.0822111026366 1.30361846084 0.031818876252 0.0140087639516 0.026950592252 0.0381756380355 0.0528745955924 0.0471266180937 0.0436210987574 0.034803598903 0.0119696756182 0.0268920914448 -0.0265468798155 -0.00383143572816 0.0205202405991 0.0132171598612 0.0143378462956 0.117844769505 0.0244131808764 0.00655317536855 0.0452657561261 0.0189080792257 0.0535435130753 -0.0110821335519 0.0772718735172 0.0341633974329 0.017241345057 0.061552235904 -0.0157315307189 0.0132835388238 0.0832703313091 0.0393627328288 0.0264985631978 0.0317417609496 0.0215465447085 -0.000369066398989 
0.00667280155688 -0.00611228760566 0.0066569281793 -0.00318921209209 -0.0157855494014 0.0106767634826 0.0299660521004 0.0232540151069 0.0101534628447 0.0449128564488 0.0448724622775 0.0170106859947 0.00977326864918 0.0266954596663 0.0170411592236 0.0126612089584 0.0122866437439 0.0120282798744 -0.00164093493362 0.0217891287282 0.034149062174 0.00331473473991 -0.00102968846095 -0.0020824570755 0.0240916541304 0.031818876252 0.177435114299 0.00176235102882 0.00819399826023 0.0319163456516 0.00442420984347 0.00186006689663 -0.0152114010312 0.00141385137506 0.0104815191671 0.00542502563495 0.00405872620286 0.00354146063117 0.0190731585075 0.0154088307729 0.0200355899238 0.0192542514708 0.0077138600593 0.0064232824528 0.00617276828376 0.019889015685 0.00977726453903 0.0321767955962 0.00937148895372 -0.00493964095768 0.0207632171494 -0.00333777754653 0.0485786031042 0.00213398756666 0.0166236498219 0.0103604723902 0.00341270956519 0.0050312856024 -0.00141777751235 0.0499461454534 
0.0327065626956 0.0173370682354 -0.00616910065141 0.0325209158343 0.0123624215981 0.00157674131287 -0.000531681388761 0.00170765536727 0.0107078231555 0.00817101168181 0.0173408789982 0.0111343304787 -0.012039891925 -0.026634630113 0.0220252012391 0.0237698079165 0.00858703521153 0.011639994182 0.0262790824912 0.0185907703884 -0.00687411613085 0.0084007482221 -0.0183914300424 -0.000422500525835 -0.0120309507271 0.0140087639516 0.00176235102882 0.375461794182 -0.00341704917328 0.000135986832181 -0.0211589651898 0.00699652464621 0.164170073038 0.0100667369138 0.00208125313529 -0.0195217017462 0.0105345441506 0.000135870037679 0.023946642992 0.0230682091852 -0.00277485215967 -0.0129950787611 0.0216147668521 0.0201337181674 0.00765273749224 0.00605028207851 0.0134359401951 -0.00345878351622 -0.00643498057347 0.0278975163376 0.0036269711935 -0.0199774440573 0.0324552661054 0.0197914502858 0.0755919269291 0.0361774696981 0.0184393958854 0.0441705813458 0.200056002893 -0.0165316395025 
0.0136429217294 0.0115078856366 0.0340551861038 0.010525449904 -0.00199024646422 0.0156529689535 0.0127101253898 0.0189293168984 0.0179247150745 0.0142756863967 0.0116059258341 0.0170071024967 0.0130089003486 0.00308563427096 0.0150474686039 0.0236355654323 0.02887966429 0.00102805065143 0.0130518735149 0.00117664356489 0.0138195050028 -0.00217277452472 0.00482160270999 0.0144064078437 0.00845563403227 0.026950592252 0.00819399826023 -0.00341704917328 0.143103539851 0.0232215201328 0.0167235589919 0.00114396263894 0.00107471684922 0.0139825025437 -0.0017625120616 0.0279242788006 0.0125085902528 0.025554046464 0.0197334795884 0.00941569900597 0.0161722725333 0.0225549048515 0.0181847243932 0.0131964709638 -0.00209996779026 0.0188669352912 0.0197240106329 0.00526992949505 0.00540806894313 0.00791251128706 0.0181764529992 0.0182938935699 0.0340412143066 0.0290836345074 0.00645825546325 -0.00560218123243 -0.00321175504816 0.0192981010481 -0.00386829634202 0.01824809514 
0.0125123503194 0.0900517549251 0.0202834965171 0.00797449782858 0.0224522158604 0.0428091675795 -0.00202265535133 0.0387467046076 0.0120581263017 0.0180257234519 0.0226990477675 0.0244456452366 0.0288071365914 -0.00128761810307 0.0370290629191 0.00963973244567 0.00659263013913 0.0282487937728 0.0121753299115 0.019066451635 0.0116912927757 0.0691547860017 0.0179500108767 0.00504936475831 0.0389712104795 0.0381756380355 0.0319163456516 0.000135986832181 0.0232215201328 0.609049209132 0.039491328277 0.0221521314425 0.0666738728894 0.0100578733157 -0.0120536705321 0.0111412699575 0.0195568788876 0.0268323796377 0.013784442471 -0.000612410436756 0.0110260346048 0.0269154010408 0.0381833061425 0.0385121177709 -0.00222464212737 0.0145772940906 0.0346985945216 0.000858445528596 0.0246234940537 0.00136591282794 0.0158131586944 0.00978879624965 0.0399570257795 0.02486602221 0.00291568489914 0.00787538292067 0.00379868203637 0.00273251493821 0.0177251038585 -0.0124998058486 
0.0363333974067 -0.0204571914607 -0.00102916957164 -0.00567200798541 -0.00833773420091 0.0721994800437 -0.00780243205947 0.0132120437372 -0.00595064977783 0.0149468107881 0.0417011243077 -0.0199178095498 0.0130080371672 -0.00561716909369 0.0155393666232 0.00379357961125 -0.00521227634393 -0.0111691236884 -0.0156218855214 -0.00187936503819 0.00761852732848 0.0684736698636 0.0119541409322 0.0180500628759 0.0193242709885 0.0528745955924 0.00442420984347 -0.0211589651898 0.0167235589919 0.039491328277 0.931463344104 -0.0027767582956 0.00532395865466 -0.00375981621208 -0.0248488050912 0.0127227719214 0.039469000807 -0.0152081936958 0.169006459612 0.0145727613215 0.0103713510345 0.0555931226165 -0.0102081475111 0.000568250484517 0.0300092296459 0.016208525049 0.0358070291191 0.00561668226112 0.0293287190679 0.117261756212 0.00851125124966 -0.006488429276 -0.0151645948449 0.00286068378358 -0.00742551057233 0.0104954033806 -0.00843325542616 -0.0493057792633 -0.0110858989385 -0.0105667969624 
0.0105208321584 0.0261875996174 -0.0050117409788 0.00187437860454 -0.00991033624373 0.000540477427636 0.024053451384 0.00263856656514 0.0147753696624 0.0010004350958 0.00936161535927 0.00406744380793 -0.0147780582288 0.0259000198457 0.00277113010138 -0.0143151843975 -0.0193460899936 -0.014261267218 -0.00504031613167 0.006082746997 0.0206043954619 0.0131595722705 0.0433305232213 -0.0126899130739 0.0241493172871 0.0471266180937 0.00186006689663 0.00699652464621 0.00114396263894 0.0221521314425 -0.0027767582956 0.319137088686 0.00810618357944 0.00332095059763 0.0115141814927 0.0182697214159 0.0100829142241 -0.00670467608218 0.0137176378781 -0.00667056366759 -0.00278394041706 -0.0211853438974 0.00832974712762 0.0271476442065 0.0123309092144 0.00338595319833 0.0397192919248 -0.0171525489372 0.00214221070704 -0.00891969516478 -0.00307548906082 0.0187611110894 0.0129256708506 -0.00728415523857 -0.00899293843104 0.0195310225046 0.0113967257993 -0.00518405201471 0.015455120932 -0.0078245229047 
0.0283270091588 0.0732656814968 0.0243713444893 0.0157622541452 -0.00348783709059 0.0102591388777 0.00631800316432 0.000846260015253 0.0362002829716 0.00892144920003 0.0107181290102 0.0143409587903 0.0115327759917 -0.0112589663808 0.00159366768682 0.0127544192428 0.0408375319924 -0.00284531938345 0.0146846137797 0.0140088783411 -0.00288461070613 0.0219675937696 -0.00682753035051 0.00672739775609 0.00221584829472 0.0436210987573 -0.0152114010312 0.164170073038 0.00107471684922 0.0666738728894 0.00532395865466 0.00810618357944 0.437806262261 -0.0114589697279 -0.00557629347912 -0.00874271514281 0.0189610357004 0.00655483117002 -0.00340035519048 0.0142531491534 0.00967406802286 0.0422079814431 0.0187413522191 0.00252924217371 0.0497700205971 0.0353062264337 0.0470109474998 -0.0171892741168 0.0148280208595 0.0391437342216 -0.00016572274383 0.00700047516404 0.0784830841292 0.0210587673981 0.0221168295434 -0.00142696593916 0.0347173731173 0.0140067271762 0.158421246089 0.00648633147212 
0.016109376892 -0.00264001310768 0.00450505770412 0.0131333401504 0.0330274595881 0.034318530941 0.00689086253581 0.00261399665962 0.0180106041671 0.0188289594631 0.0312971246249 0.0167179236514 0.0220275893512 0.0180216234326 0.00929096371286 0.00642913180352 0.0402362242052 0.00456712198256 0.00792323635089 0.010417184092 0.0144225856694 -0.00809822223357 0.0255892198916 0.0158091862296 0.0288729130085 0.034803598903 0.00141385137506 0.0100667369138 0.0139825025437 0.0100578733157 -0.00375981621208 0.00332095059763 -0.0114589697279 0.230377961923 0.0196389171759 0.0137551777745 0.00536905152125 0.0143098498568 0.0203990794468 0.0260211124806 -0.0122361837079 0.0414492069305 0.0303488228253 -0.0132071889486 0.00126279833625 0.0282131994446 -0.0149137149199 0.0388546177595 0.0138796416351 -0.0235223719014 0.0208985740653 0.018601622817 0.020509245394 0.0350437746649 -0.0282213518218 -0.00669291192372 0.0177916393738 0.055337170912 0.0193423912842 0.00757899110267 
0.0167011953666 0.0162140616028 0.012069704144 0.0128131044638 0.0178367800884 0.0102902485317 0.0080961464533 0.0173611554747 -0.0104668823731 0.00305149942405 0.00542488270239 0.00700684280086 0.0404820883806 -0.0106273827956 0.0120734342679 -0.000273928452881 -0.00362825328486 0.0115740771224 0.0132331761287 0.0132243909459 0.0346259200216 0.00617261875115 -0.00725735270997 0.0161840036766 0.00986390990413 0.0119696756182 0.0104815191671 0.00208125313529 -0.0017625120616 -0.0120536705321 -0.0248488050912 0.0115141814927 -0.00557629347912 0.0196389171759 0.155926582146 0.0243731951877 0.013540035595 0.00741840088533 0.00527709848264 -0.00637394084461 0.00725423248609 -0.00015127704653 0.0210299920947 0.00534441774941 0.0187159175776 0.0250393142992 0.0223338508854 -0.0110875761893 0.00379048205581 0.0111608664971 0.0133871056727 -0.002909575783 0.00919348798935 0.0197776770538 0.0439275941835 0.00603649455924 0.0178654988467 0.0318008026936 0.0181305305679 0.0093252879339 
0.0187317240182 0.018204092555 0.00627366509463 -0.000240141547539 0.0013592163157 0.00738734401624 0.0207959581407 0.0202541651333 0.00681649420309 0.00782414200516 0.0164132999726 0.016211421821 0.0186442805747 0.02919676213 0.0246320078208 0.0493651644879 0.0124509724473 0.0123355644379 0.00980631519275 0.0289314276832 0.0286170252445 0.0475707330601 0.00301148104317 0.012970021905 0.019621012344 0.0268920914448 0.00542502563495 -0.0195217017462 0.0279242788006 0.0111412699575 0.0127227719214 0.0182697214159 -0.00874271514281 0.0137551777745 0.0243731951877 0.421946311595 -0.0348591253472 0.0127795819283 0.0912764138228 -0.0166345307982 0.022029789116 0.0336287971734 0.0510946511237 0.012940611211 0.0115196406395 0.0402656813075 0.0240886536449 0.0319749979756 0.0295472995995 0.00748091309025 0.0322335050836 0.0211701653233 0.0252748304282 0.0283306273275 0.0264094245719 0.00228315448891 0.0178133663134 0.0187938491444 -0.020306571645 0.0370024869123 
0.0136183679665 0.0378733578136 0.0318186539582 0.012998657353 0.00834894629739 0.0149720716272 0.0139247832339 0.000503620893269 0.0181992162937 0.025126572075 -0.00119587658964 0.00338278712823 0.00879101298287 -0.038098618307 0.0526412785232 0.0218490120263 0.012858667773 0.00499740185264 0.0181695939857 0.00897410922964 0.0198001880157 0.0276346349594 0.0270118068298 0.0206929500305 -0.00609871460988 -0.0265468798155 0.00405872620286 0.0105345441506 0.0125085902528 0.0195568788876 0.039469000807 0.0100829142241 0.0189610357004 0.00536905152125 0.013540035595 -0.0348591253472 0.340589824874 0.0172590157108 -0.00515478238006 0.0129456415806 0.0337677643321 0.0149881762607 0.0241446079224 0.0227107395631 0.00573790225952 0.000807028017884 0.0357491406971 -0.000703096621136 0.0098454409391 0.0597779717296 0.0264894238813 -0.00605366133943 0.0241363537459 0.035712970112 -0.009403848063 0.0149744523137 0.0231062133757 0.00246725888633 0.0219135933874 -0.00946332076314 
0.0201631435744 0.00801057679062 -0.00119525014349 0.00914397133236 0.0325590107241 0.00865857423783 0.0099232259609 0.0312201017824 0.0122602804272 0.013663055776 0.0146303687408 0.0101596498826 0.0142283133468 -0.0155900817274 0.00456953132102 0.0286223331398 0.0197361859712 0.0100150560536 0.00551433077273 0.0131255233834 0.00801239526364 -0.00912628405757 0.00108488385371 0.00922805986641 0.00789305968897 -0.00383143572816 0.00354146063117 0.000135870037679 0.025554046464 0.0268323796377 -0.0152081936958 -0.00670467608218 0.00655483117002 0.0143098498568 0.00741840088533 0.0127795819283 0.0172590157108 0.157723654012 0.0174324212772 0.0100727047354 0.0106323117011 0.0260266971318 0.0128981794684 0.0113784611765 0.0153695602027 0.029622156689 0.00774915194706 0.0061809840728 0.00646589941144 0.0113161411957 0.0141806973066 0.0184475671363 0.00815361464897 0.0267181711988 -0.00306287437541 -0.00100005335822 -0.0151293528816 0.0186248467083 0.00959451414039 0.00551665941314 
0.00852384354284 -0.00754459958923 0.0209578846347 0.0227220417932 0.0397152585321 0.0457048360648 0.0314192921284 0.0138509243714 -0.0138039714142 0.0289483151592 0.0124699173731 -0.00319648243147 0.00303271354643 -0.00389537987341 -0.00453337935933 0.0166550510237 0.00659082363425 -0.000550814561725 0.0103137205807 0.0135810690798 0.0200853480125 0.0106138979648 0.0283459655721 0.021132903006 -0.0081423061923 0.0205202405991 0.0190731585075 0.023946642992 0.0197334795884 0.013784442471 0.169006459612 0.0137176378781 -0.00340035519048 0.0203990794468 0.00527709848264 0.0912764138228 -0.00515478238006 0.0174324212772 0.245960279014 0.0266826188819 0.016670061798 0.0316822402909 -0.00470759498929 -0.00132881846539 -0.0024889758538 0.0109650614303 0.0173483315026 0.00548612659147 0.0225927626325 0.0481159645812 0.0140134883238 -0.00266369915121 0.00816502239307 0.014137717781 0.00910388267577 -0.011417265397 -0.0061138754443 -0.00192363211855 0.00451028965318 -0.00287842517886 
