20
0.085684238521 0.0950879331279 0.0100273700484 0.0946597506959 0.134016582451 0.105904751354 0.0900156737744 0.0534982218633 0.0637387331612 0.332832739506 0.00859756350963 0.0407864154506 0.0453963667668 0.190895055806 0.0994766710856 0.0594362545722 0.10004428458 0.00643120824938 0.0723018126246 0.00496789573306 
0.474853733603 0.0437717352612 0.0172555714322 0.0396859047028 0.00779608668306 0.0106747453379 -0.00210456507547 0.0232067606783 -0.00479798873651 0.0356730143796 0.0117773359526 0.0256484946698 0.0145197019269 0.00523296329354 0.0146986777117 0.0204736840111 0.0186646165861 0.00475521280957 0.049533196178 0.0141303672309 
0.0437717352612 0.296405794929 0.0267071640921 0.0375861265118 0.0452805346352 0.0409673309085 0.0511172288639 0.0571244878045 0.0268356905011 0.0304638835542 0.01804852156 0.0462239372707 0.0128155599431 0.0246666424845 0.0171332312032 0.0217434950474 0.00284220626091 0.0396410823097 0.0542387195033 0.00295297151284 
0.0172555714322 0.0267071640921 0.192582043297 0.0320987677756 0.0199394155316 0.0182354863098 0.00371539834351 0.0165461011189 0.00590297336303 0.0126194996284 0.022244725591 0.0222828835561 -0.019462904982 0.041734214794 -0.00411898055593 0.0252243574444 0.00529444097398 0.0258674632077 0.0193753160189 0.0209954667004 
0.0396859047028 0.0375861265118 0.0320987677756 0.462821317968 0.0299522685045 0.0156073601561 0.0181079947561 0.0281577693231 0.0302448387489 0.019852125356 0.0302044852588 0.0150012143123 0.00277965629861 0.0151599847438 0.0131800605632 0.0138198929856 0.00800149770078 0.0174546121736 0.0402298206663 0.0265036127509 
0.00779608668306 0.0452805346352 0.0199394155316 0.0299522685045 0.229825093196 0.0166952233481 0.00374696450392 0.0304076949725 0.0337155935896 0.0174809132637 0.0102697551954 0.015185823995 -0.00395743464845 0.0186358632139 -0.0133776282572 0.0207006217794 0.0247734732829 0.0453851287207 0.0226019382478 0.0125391707592 
0.0106747453379 0.0409673309085 0.0182354863098 0.0156073601561 0.0166952233481 0.424825794895 0.0301812567954 0.0362153250427 0.016262049869 0.00992589883663 0.0282824846253 0.018158429093 0.0220379776306 0.0512094388168 0.0312422531675 0.0119187387981 0.0159620299278 0.047023059728 0.015068788786 0.0198974088867 
-0.00210456507547 0.0511172288639 0.00371539834351 0.0181079947561 0.00374696450392 0.0301812567954 0.246532645787 0.0199018533016 0.0144471939339 0.0249168014134 0.00277749114659 0.0362066397289 -0.0092737825172 -0.00343873405654 0.0137415940792 0.000733415951797 -0.00707447175794 0.037380078662 0.0275381676855 0.000591963235421 
0.0232067606783 0.0571244878045 0.0165461011189 0.0281577693231 0.0304076949725 0.0362153250427 0.0199018533016 0.249542046804 0.01192528701 0.0216490975809 0.015679918405 0.0327439706029 0.0182604762068 0.024538766748 0.00260242274133 0.0374122699035 0.0477072875437 0.0264577545592 0.0285689700057 0.00948542704237 
-0.00479798873651 0.0268356905011 0.00590297336303 0.0302448387489 0.0337155935896 0.016262049869 0.0144471939339 0.01192528701 0.457162842832 0.034982325668 -0.0228382915714 0.00823603233557 0.018334696578 0.032930091092 0.0439607157197 0.0509260581463 -0.013738640923 0.0190673747209 0.0194132525745 0.0374347183304 
0.0356730143796 0.0304638835542 0.0126194996284 0.019852125356 0.0174809132637 0.00992589883663 0.0249168014134 0.0216490975809 0.034982325668 0.530161314822 0.00348042096228 0.013566003972 0.00449034000064 0.0233790670357 0.0276357854984 0.029825619573 0.0276065593946 0.0112247303306 0.0677167729548 0.0056427789449 
0.0117773359526 0.01804852156 0.022244725591 0.0302044852588 0.0102697551954 0.0282824846253 0.00277749114659 0.015679918405 -0.0228382915714 0.00348042096228 0.237363138079 0.0260706006016 -0.0105283674748 0.0229644005039 0.00911133139454 0.0177240833123 0.0346983040551 0.023634711667 0.0133015376137 0.0124899687707 
0.0256484946698 0.0462239372707 0.0222828835561 0.0150012143123 0.015185823995 0.018158429093 0.0362066397289 0.0327439706029 0.00823603233557 0.013566003972 0.0260706006016 0.227809404386 0.00553669043042 0.0484925044813 0.0112302575578 0.0259300186773 0.0445375324554 0.0408261397096 0.0267913573812 0.0331111133612 
0.0145197019269 0.0128155599431 -0.019462904982 0.00277965629861 -0.00395743464845 0.0220379776306 -0.0092737825172 0.0182604762068 0.018334696578 0.00449034000064 -0.0105283674748 0.00553669043042 0.374253271707 0.00328191420418 -0.0240906438943 -0.00217268937941 0.0527860808676 0.01009463065 0.0162758889774 -0.00558083339419 
0.00523296329354 0.0246666424845 0.041734214794 0.0151599847438 0.0186358632139 0.0512094388168 -0.00343873405654 0.024538766748 0.032930091092 0.0233790670357 0.0229644005039 0.0484925044813 0.00328191420418 0.572183520895 0.0388716087587 0.0414187582111 0.0424511463657 0.00508131898835 0.0477382260707 0.0303038259994 
0.0146986777117 0.0171332312032 -0.00411898055593 0.0131800605632 -0.0133776282572 0.0312422531675 0.0137415940792 0.00260242274133 0.0439607157197 0.0276357854984 0.00911133139454 0.0112302575578 -0.0240906438943 0.0388716087587 0.449414436321 0.0147426686023 0.014352903795 0.0151132916068 0.0145509162793 0.0144183473952 
0.0204736840111 0.0217434950474 0.0252243574444 0.0138198929856 0.0207006217794 0.0119187387981 0.000733415951797 0.0374122699035 0.0509260581463 0.029825619573 0.0177240833123 0.0259300186773 -0.00217268937941 0.0414187582111 0.0147426686023 0.290518259764 0.0661326208378 0.0128268240929 0.0310039871064 0.0315425198335 
0.0186646165861 0.00284220626091 0.00529444097398 0.00800149770078 0.0247734732829 0.0159620299278 -0.00707447175794 0.0477072875437 -0.013738640923 0.0276065593946 0.0346983040551 0.0445375324554 0.0527860808676 0.0424511463657 0.014352903795 0.0661326208378 0.519879627673 0.0239764307732 0.0730907816549 0.0528983442609 
0.00475521280957 0.0396410823097 0.0258674632077 0.0174546121736 0.0453851287207 0.047023059728 0.037380078662 0.0264577545592 0.0190673747209 0.0112247303306 0.023634711667 0.0408261397096 0.01009463065 0.00508131898835 0.0151132916068 0.0128268240929 0.0239764307732 0.211211177964 0.0253481466768 0.0204964415067 
0.049533196178 0.0542387195033 0.0193753160189 0.0402298206663 0.0226019382478 0.015068788786 0.0275381676855 0.0285689700057 0.0194132525745 0.0677167729548 0.0133015376137 0.0267913573812 0.0162758889774 0.0477382260707 0.0145509162793 0.0310039871064 0.0730907816549 0.0253481466768 0.470930240974 0.00737988259101 
0.0141303672309 0.00295297151284 0.0209954667004 0.0265036127509 0.0125391707592 0.0198974088867 0.000591963235421 0.00948542704237 0.0374347183304 0.0056427789449 0.0124899687707 0.0331111133612 -0.00558083339419 0.0303038259994 0.0144183473952 0.0315425198335 0.0528983442609 0.0204964415067 0.00737988259101 0.184814380762 
0.0411235396382 0.00379074347039 0.00149437632171 0.00343690016448 0.000675160911764 0.000924460064158 -0.000182260681927 0.00200976442869 -0.000415518013289 0.00308937366823 0.00101994721239 0.00222122479529 0.00125744307241 0.000453187914928 0.00127294283004 0.00177307304626 0.00161640321154 0.000411813509349 0.00428970062208 0.00122372569867 
0.00379074347039 0.0256694948237 0.00231290825668 0.00325505403891 0.0039214093291 0.0035478749292 0.00442688187672 0.00494712576169 0.00232403897021 0.00263824970559 0.00156304781717 0.00400311039393 0.00110986004744 0.00213619390176 0.00148378134709 0.00188304190781 0.000246142282474 0.00343301843137 0.00469721089586 0.000255734834677 
0.00149437632171 0.00231290825668 0.0166780941808 0.00277983483238 0.0017268040387 0.00157923943946 0.000321762935066 0.00143293439025 0.000511212489025 0.00109288072613 0.0019264497462 0.00192975432292 -0.00168553701459 0.00361428902186 -0.000356714179913 0.0021844934341 0.000458512038231 0.00224018802694 0.00167795158788 0.00181826075268 
0.00343690016448 0.00325505403891 0.00277983483238 0.0400815018773 0.00259394254258 0.00135163703812 0.00156819834704 0.00243853435477 0.00261927986899 0.00171924448774 0.00261578515424 0.00129914326821 0.000240725296838 0.00131289319092 0.00114142672711 0.00119683784032 0.00069295002772 0.00151161375555 0.00348400466867 0.00229528019344 
0.000675160911764 0.0039214093291 0.0017268040387 0.00259394254258 0.0199034369135 0.00144584875413 0.000324496644748 0.00263338363167 0.00291985605522 0.00151389149677 0.000889386888986 0.00131513093571 -0.000342723893937 0.00161391309647 -0.00115853659131 0.00179272643351 0.00214544572029 0.00393046744262 0.00195738526973 0.00108592404199 
0.000924460064158 0.0035478749292 0.00157923943946 0.00135163703812 0.00144584875413 0.0367909930562 0.0026137735103 0.00313633914933 0.00140833483042 0.000859608054791 0.00244933501676 0.00157256608873 0.00190854484761 0.00443486749289 0.00270565849145 0.00103219305803 0.00138235234134 0.00407231642881 0.00130499538929 0.00172316615654 
-0.000182260681927 0.00442688187672 0.000321762935066 0.00156819834704 0.000324496644748 0.0026137735103 0.0213503534114 0.00172355105416 0.00125116369601 0.0021578583005 0.000240537789174 0.00313558697909 -0.000803133124907 -0.000297803104982 0.00119005695611 6.35156845797e-05 -0.000612667226073 0.00323720977168 0.00238487527893 5.12655199981e-05 
0.00200976442869 0.00494712576169 0.00143293439025 0.00243853435477 0.00263338363167 0.00313633914933 0.00172355105416 0.0216109751844 0.00103276014981 0.00187486684741 0.0013579207668 0.00283571103629 0.00158140362803 0.00212511953813 0.000225376420537 0.00323999761496 0.00413157229585 0.00229130875753 0.00247414537849 0.000821462078444 
-0.000415518013289 0.00232403897021 0.000511212489025 0.00261927986899 0.00291985605522 0.00140833483042 0.00125116369601 0.00103276014981 0.0395914635559 0.0030295582712 -0.00197785406799 0.000713261322899 0.00158783130072 0.00285182954346 0.00380710965818 0.00441032600693 -0.00118980120528 0.00165128308917 0.00168123698996 0.00324194170577 
0.00308937366823 0.00263824970559 0.00109288072613 0.00171924448774 0.00151389149677 0.000859608054791 0.0021578583005 0.00187486684741 0.0030295582712 0.045913316674 0.00030141329692 0.00117485040676 0.000388874851218 0.00202468659697 0.00239332922952 0.00258297442338 0.00239079817468 0.000972090161691 0.00586444456412 0.000488678991423 
0.00101994721239 0.00156304781717 0.0019264497462 0.00261578515424 0.000889386888986 0.00244933501676 0.000240537789174 0.0013579207668 -0.00197785406799 0.00030141329692 0.0205562507498 0.00225778024129 -0.000911783369352 0.00198877542191 0.000789064444997 0.00153495064072 0.00300496127799 0.00204682607147 0.00115194694829 0.00108166302479 
0.00222122479529 0.00400311039393 0.00192975432292 0.00129914326821 0.00131513093571 0.00157256608873 0.00313558697909 0.00283571103629 0.000713261322899 0.00117485040676 0.00225778024129 0.0197288731419 0.000479491456563 0.0041995740774 0.000972568833612 0.00224560548951 0.00385706345282 0.0035356474127 0.0023201996094 0.00286750653184 
0.00125744307241 0.00110986004744 -0.00168553701459 0.000240725296838 -0.000342723893937 0.00190854484761 -0.000803133124907 0.00158140362803 0.00158783130072 0.000388874851218 -0.000911783369352 0.000479491456563 0.0324112840747 0.000284222107386 -0.0020863109606 -0.00018816041971 0.00457140869975 0.000874220658475 0.00140953333236 -0.000483314349365 
0.000453187914928 0.00213619390176 0.00361428902186 0.00131289319092 0.00161391309647 0.00443486749289 -0.000297803104982 0.00212511953813 0.00285182954346 0.00202468659697 0.00198877542191 0.0041995740774 0.000284222107386 0.0495525464722 0.0033663800671 0.00358696968041 0.00367637711724 0.000440055132865 0.00413425165089 0.00262438831473 
0.00127294283004 0.00148378134709 -0.000356714179913 0.00114142672711 -0.00115853659131 0.00270565849145 0.00119005695611 0.000225376420538 0.00380710965818 0.00239332922952 0.000789064444997 0.000972568833612 -0.0020863109606 0.0033663800671 0.0389204318681 0.00127675255291 0.00124299793045 0.00130884944662 0.00126014631462 0.00124866551248 
0.00177307304626 0.00188304190781 0.0021844934341 0.00119683784032 0.00179272643351 0.00103219305803 6.35156845797e-05 0.00323999761496 0.00441032600693 0.00258297442338 0.00153495064072 0.00224560548951 -0.00018816041971 0.00358696968041 0.00127675255291 0.0251596193219 0.00572725296644 0.00111083555143 0.00268502404527 0.00273166234752 
0.00161640321154 0.000246142282474 0.000458512038231 0.00069295002772 0.00214544572029 0.00138235234134 -0.000612667226073 0.00413157229585 -0.00118980120528 0.00239079817468 0.00300496127799 0.00385706345282 0.00457140869975 0.00367637711724 0.00124299793045 0.00572725296644 0.0450228964475 0.00207641981416 0.00632984736956 0.00458113099481 
0.000411813509349 0.00343301843137 0.00224018802694 0.00151161375555 0.00393046744262 0.00407231642881 0.00323720977168 0.00229130875753 0.00165128308917 0.000972090161691 0.00204682607147 0.0035356474127 0.000874220658475 0.000440055132865 0.00130884944662 0.00111083555143 0.00207641981416 0.018291424568 0.00219521389609 0.0017750439032 
0.00428970062208 0.00469721089586 0.00167795158788 0.00348400466867 0.00195738526973 0.00130499538929 0.00238487527893 0.00247414537849 0.00168123698996 0.00586444456412 0.00115194694829 0.0023201996094 0.00140953333236 0.00413425165089 0.00126014631462 0.00268502404527 0.00632984736956 0.00219521389609 0.0407837552093 0.000639116580076 
0.00122372569867 0.000255734834677 0.00181826075268 0.00229528019344 0.00108592404199 0.00172316615654 5.12655199981e-05 0.000821462078444 0.00324194170577 0.000488678991423 0.00108166302479 0.00286750653184 -0.000483314349365 0.00262438831473 0.00124866551248 0.00273166234752 0.00458113099481 0.0017750439032 0.000639116580076 0.0160053948724 

['HLT', 'GDW', 'GD', 'Q', 'PNC', 'TSG', 'MCO', 'HD', 'WFT', 'EK', 'TSN', 'PX', 'MAT', 'GILD', 'MIL', 'BOL', 'BC', 'SNV', 'MBI', 'AEP']