50
0.0451759103614 -0.00773505516991 0.00108215816497 0.0593939882808 0.142595623168 0.0324129219316 0.0485380268731 0.162419244675 0.0415957971797 0.0493870590102 0.0558285331973 0.134581744136 0.022775665512 0.0914492870129 0.0292815331214 0.125568601155 0.134360436546 0.0347685991573 0.0485945029431 0.0372282541949 0.0430779984078 0.165506763093 0.105790735219 0.0431815223905 0.0896896089949 0.39235550597 0.0461662895592 0.0541634245192 0.752636600207 0.0172523696575 0.128291051585 0.00787829448736 0.0559799775446 0.143553651187 0.0415097954764 0.0605665428979 0.0495038718221 0.033790820858 0.0160922749751 0.0429486266904 0.0230030392576 0.10431458653 0.0360508970818 0.0466490289559 0.0309991269713 0.0444205393046 0.00477989818121 0.0339335468557 0.0407864154506 0.0639224219563 
0.358970767772 0.0051341709234 -0.00346706534836 0.0111338314458 0.0378546116811 0.0156168188591 0.00382343317925 0.00708212305838 0.0340119272912 0.00285316878781 0.0649713313656 0.0259828160571 0.0048270371382 0.0729915646133 0.0186803733294 0.0234457453255 0.0382525981695 0.0188022897356 0.00449167072862 0.0382098341073 0.0141112720349 0.0105926061734 -0.0454921092769 0.00944044729497 0.0359087448465 0.000295942564833 0.00332503265793 0.00401974731476 0.0257468331376 0.0107440509056 0.013700168347 0.0169888885181 0.0241774078032 0.028134137448 -0.00370722794936 0.0436486453056 0.0342595256538 0.00969993767873 -0.0333412149259 0.00488349469709 0.00291033406406 0.0361285499618 0.0176304287596 0.014706676926 0.00429790389226 0.00595198953672 0.00609817481514 0.024448845387 0.0179436625068 -6.74956148979e-05 
0.00513417092335 0.127529609387 0.0148780568881 0.0163023748874 0.0292363206701 0.00388975569328 0.0124090774216 0.00987303184062 0.00706095616146 0.0137900886808 0.0112057888603 -0.00825709485532 0.0340841407033 0.0181699795836 0.0141915508856 0.00365056166879 0.0407685210138 0.0242231044684 0.0101697328844 0.00804973930211 -0.00655032143326 0.0108728667388 0.0171572252506 0.00819269878588 -0.00384019645373 -0.00530223683233 0.00694516127925 -0.0060921370243 -0.0134275015414 0.0128031978175 0.0114128333209 0.0114229289107 0.0259602567041 0.0242563830575 0.0172578423126 0.0293562203696 0.0368614772786 0.00939387025621 0.00470126052 0.0117833999429 0.0190447000137 0.0027190322594 0.021303892113 -0.00509313640178 -0.00577622911643 0.0114879677369 0.00513759220168 0.0048197810253 0.0223327864806 0.01694599445 
-0.00346706534836 0.0148780568881 0.232997898557 0.0220587890537 0.0400077311754 -0.00691987393743 0.00246095519527 0.012619188683 0.00628537997385 0.027818206196 0.00860095601637 -0.000997681815891 0.0170693226035 0.0159982497972 0.00808301541737 0.0338138068545 0.0126739831388 -0.000359623440231 0.00986044574089 0.0228607032595 0.00660202787557 0.0252430155755 -0.00908157020523 0.00633475138779 0.0154225933757 0.0143053877209 0.0316381785448 -0.0126150995609 -0.0153366828573 -0.0037469806518 -0.0165639296006 -0.00758359651516 0.0095391482412 0.00737804720973 0.013978847698 -0.00972887240579 0.0157527463754 0.0436927143189 -0.000219260868894 0.0119597857704 0.0136073437657 -0.010011239877 -0.00328853749074 0.0106048186644 0.0205748911424 0.0102332438749 0.0271075869109 0.035032028053 0.0158384623025 0.0203419157757 
0.0111338314458 0.0163023748874 0.0220587890537 0.219434861982 0.0251871049532 -0.00151287498818 0.00219317300548 0.0105154523192 0.0179288725515 -0.017798768864 0.043415643483 -0.012660164469 0.0206573850148 0.0262125262223 0.0102338063306 -0.0107710272677 0.00516869372704 0.0103759311735 0.0124563395715 0.0316492177336 0.0197716363349 -0.00844144575712 0.00162842919338 -0.0106214285787 0.0239010803075 0.0351727900932 0.0321243881525 0.00869312755536 0.0316068182247 0.00371572438976 0.0162572905477 -0.0061132682224 0.00464180778878 0.00385319500317 0.00207131959292 0.00747861800696 -0.00701215744645 0.0156192257929 0.00161720186564 0.00846384311018 0.0127358179281 0.0212150916167 0.019448603217 0.0202549809242 -0.00537440200575 0.0248663768058 0.0115888148748 0.0190412977011 0.0291517406382 0.0347386336908 
0.0378546116811 0.0292363206701 0.0400077311754 0.0251871049532 0.437322423006 -0.00703360362125 0.0277640835402 0.00312612360859 0.0289942681698 -0.00537828534323 0.0123643038991 0.0483976231323 0.0254106856251 0.0409124993002 0.0227512615343 0.0319692683712 0.0578699780427 0.0132636983958 -0.00100998713448 0.0426063759305 -0.00676499726886 0.0436598682993 0.00137220392404 0.0300177557696 0.000958818828566 0.0625909520345 0.0328095008936 0.00764832148991 -0.0158700927752 0.0190884755084 0.0121622844581 0.0140575094826 0.0185517439284 0.0757898293497 0.0315248193195 0.0314527204857 0.0715240820083 0.0219357215371 0.0011491770236 0.024019095646 0.0106479386113 0.0498530931674 0.0214835018107 -0.00379523852491 0.0156924216398 0.0118523703263 0.0218405038449 0.0290879478858 0.0324784645616 0.0524780740704 
0.0156168188591 0.00388975569328 -0.00691987393743 -0.00151287498818 -0.00703360362125 0.277124353106 0.0354793230879 0.00188217105876 -0.0106471579286 -0.00665523527689 0.0164751020869 0.0285125998059 0.019805900945 0.0186193220194 0.0192611124723 -0.00127729600102 -0.0172668352622 -0.0146840791744 0.0147746026361 0.00296978063691 0.0129946698186 0.0194619038581 -0.00584172908651 0.0117398208378 0.00876457088167 0.00453435417743 -0.0124134428774 0.0324786563736 0.00439947980996 0.0344241856892 0.00490536082262 -0.0119973213633 -0.00492971435946 0.0447661907595 0.00212074642352 -0.00837277140397 -0.00256956963053 0.000505862469906 0.0142695740211 0.0280198754894 0.00512350748507 0.00330361346201 0.021162032848 0.00832254437179 0.0325943414735 0.01207331788 0.017257005187 0.00695105018808 0.0154927773463 0.00251495110658 
0.00382343317924 0.0124090774216 0.00246095519527 0.00219317300548 0.0277640835402 0.0354793230879 0.179366343509 -0.00993343457647 0.0174225601207 0.00307488492706 0.0233108084952 0.0205815426586 0.0286012439801 0.0310011603796 0.0163449578606 -0.00613504931665 -0.0113875225419 0.00634564364122 0.0299170448072 0.0245211626106 0.0138851341903 0.0117122868182 0.0103968379261 -0.00424682505068 0.0208562290226 0.032929237335 0.0180146395625 0.0113523993799 -0.0127485923153 0.0249637928132 0.0143558292818 -0.00325687618872 0.00806493672783 0.0217184689352 0.00100620579032 0.0266762366237 0.0120517767351 0.00575064668836 0.00300676872385 0.0234533136885 0.0365832242451 0.016378589085 0.0403184745945 0.0134716256671 0.00939166228409 0.0247857317415 0.00245048445641 0.0200319467441 0.0238692019808 0.00450969334499 
0.00708212305838 0.00987303184062 0.012619188683 0.0105154523192 0.00312612360859 0.00188217105876 -0.00993343457647 1.29799320706 0.00619871902909 0.020602745364 0.0324171306876 0.0416739723371 0.0212829440333 0.0623216338345 0.0461331313562 -0.0123747034186 0.020206804698 0.0142241028646 0.0108312322005 0.00180148657481 0.0314648268527 0.0349184542836 0.0601414452396 0.0131430293286 -0.00959016004962 0.0211122451025 0.0329844383347 0.0128454178685 0.0132539832616 -0.00388952399804 0.0116419946145 0.016036173984 0.0299330089119 0.0218112356153 0.00923129640071 0.00270987989947 -0.00156820772466 0.00405864886349 -0.0149505945457 0.00521494028186 0.0129804414977 -0.00951943619679 0.0111589564746 0.0209076963936 0.0109335322883 0.00911556645628 0.0233898842085 0.0189647535323 0.0340327666539 0.0268670936399 
0.0340119272911 0.00706095616146 0.00628537997385 0.0179288725515 0.0289942681698 -0.0106471579286 0.0174225601207 0.00619871902909 0.233575518269 0.0252413979592 0.0287136045695 0.0181443207851 0.020683331498 0.041220000628 0.0363961396332 -0.00753399220108 0.00508076695211 0.0112175817364 0.0184244043415 0.0166515374405 0.00711468963291 0.0243069966932 0.019363428626 0.00979053220929 0.0256319774599 0.0263444231054 0.0388474089206 0.0127055684382 -0.00631107557247 0.0186446667024 0.0183408582842 0.0257343159477 0.0244537646107 -0.00582789728601 0.0234277067004 0.00223357570153 0.0120377208809 0.00970569292345 0.00696486677009 0.0274608146019 0.0295953510872 0.0175995127105 0.0246967174832 0.0288714821052 0.0295562781084 0.00943753177534 0.0238371266427 0.0191999094874 0.0256863724832 0.0775444903469 
0.00285316878781 0.0137900886808 0.027818206196 -0.017798768864 -0.00537828534323 -0.00665523527689 0.00307488492706 0.020602745364 0.0252413979592 0.207120849683 0.0353344679809 0.0218932958346 0.0178182617857 0.0540414383902 0.00609900159308 -0.00782237951244 0.0148069793167 0.0185705979443 0.0121942857047 0.00856993569491 -0.00851270487206 0.0155242797993 0.0125305743699 0.00749764583037 0.0153272959333 -0.00855485769189 0.00271939269 0.0190151284046 0.00537481595111 0.00869609308841 0.0236389062548 -0.00463679060465 0.00609189791614 0.0222938635371 0.0259459903057 0.016124357466 0.00620615500183 0.0114849927349 -0.00867336545757 0.00726389254919 0.0214606367799 -0.002928246185 0.0129830895022 0.0102199152128 0.0167376705769 0.0135954069862 0.0103323220175 -0.019364137818 0.00646252795447 0.0146831706539 
0.0649713313656 0.0112057888603 0.00860095601637 0.043415643483 0.0123643038991 0.0164751020869 0.0233108084952 0.0324171306876 0.0287136045695 0.0353344679809 0.271683515819 0.0662739978393 0.0329327421404 0.0715795254351 0.0124363944838 -0.00382818355812 -0.013427818297 -0.0112446361743 0.0224929004425 0.0274576382844 0.0433463560894 0.0296301280163 0.00751340386979 0.000742036264479 0.0548188702013 -0.0269380954716 0.0470887906567 0.0320058800461 -0.0102180830664 0.00503682157837 0.0118938217163 -0.00504390852391 -0.0199028254801 0.00657133037101 -0.0283770015698 0.0286922945891 0.0139145565237 0.0239351651542 0.00851254546117 0.00706612229931 0.0264652760243 0.0475301061962 0.0424885721909 0.0229917510019 -0.00642582876192 0.00866869950203 0.0177264698915 0.0324697093109 0.0200969690675 0.0169963013194 
0.0259828160571 -0.00825709485532 -0.000997681815893 -0.012660164469 0.0483976231323 0.0285125998059 0.0205815426586 0.0416739723371 0.0181443207851 0.0218932958346 0.0662739978393 0.370145234414 0.0168234361821 0.0411028202296 0.0295635531809 -0.0220263638578 -0.0241526371374 -0.00728582456351 0.0202393904327 0.015673612267 0.0363767721405 0.0123114407195 0.02934681164 0.0205557143826 0.00163026666934 -0.00915777335036 0.0519513778735 0.016216161308 0.0610082495376 0.0332618186295 0.00030556806673 0.0242736872643 0.0140610011391 0.0178312940247 -0.0134357388106 0.00721155412218 -0.0187042682131 -0.00778126948773 0.00393382971348 0.0150522639039 0.0164894580356 0.0284900046316 0.0221314289004 0.0339159862659 0.00601883706324 0.0206254893221 0.0130897412894 0.0166086292946 0.0427923734712 0.00731205541038 
0.0048270371382 0.0340841407033 0.0170693226035 0.0206573850148 0.0254106856251 0.019805900945 0.0286012439801 0.0212829440333 0.020683331498 0.0178182617857 0.0329327421404 0.0168234361821 0.203700648334 0.032039215449 0.0278741215608 0.0274137107815 0.0327737500591 0.0269326056943 0.0137360367714 0.03017203283 0.0262043415757 0.0758849445363 0.0280898857747 0.0230340508464 0.00674158015041 0.0423487811247 0.0392691378292 0.00661226358328 0.0121049445041 0.0223486503134 0.0106564285497 0.000996801879203 0.0205384906282 0.0239198880869 0.0513710533697 0.0199622406502 0.0259444745108 0.00697391773769 0.00782476264556 0.0217486769373 0.0172660005502 0.0481317572847 0.0336618565517 0.0122699553013 0.0251198119508 0.0335092434515 0.0127656463005 0.00635774450074 0.0259625769775 0.0117075837712 
0.0729915646133 0.0181699795836 0.0159982497972 0.0262125262223 0.0409124993002 0.0186193220194 0.0310011603796 0.0623216338345 0.041220000628 0.0540414383902 0.0715795254351 0.0411028202296 0.032039215449 0.442425615217 0.021516143412 0.0393048422271 0.0370619023244 0.0377999507079 0.0310764017721 0.0413981905417 0.0285236658114 0.02060535718 0.0248287639874 0.0470329748439 0.0325774619249 0.0142485959479 0.0407650963624 0.026971735101 -0.0326452665985 0.0268491984183 0.0335290224852 0.038337432845 0.0277254352084 0.13495708224 0.0688498901768 0.0427425723463 -0.0109296029398 0.0257765453 0.0139026945351 0.0223259912729 0.0341352707968 0.029422871878 0.0290214321508 0.012492319641 0.0335360761901 0.0187867637791 0.0221564652903 0.0395697331647 0.00398114008663 0.0414928681542 
0.0186803733294 0.0141915508856 0.00808301541737 0.0102338063306 0.0227512615343 0.0192611124723 0.0163449578606 0.0461331313562 0.0363961396332 0.00609900159308 0.0124363944838 0.0295635531809 0.0278741215608 0.021516143412 0.134148816357 -0.00121567989327 0.010522343453 0.0190445240632 0.0277360198665 0.0135087087226 0.0129583576014 0.0111349408868 0.00248289283815 0.00652098812737 -0.00166226185236 0.023694241936 0.0332247520763 -0.00911906731709 -0.0105850525655 0.0182221022968 0.00999183334599 0.0212884206331 0.0207223933624 0.00409681152808 0.0060470688221 0.0157391189844 0.0227428111024 0.00852381861775 0.00118675969999 0.00287492375566 0.0196709189441 0.00234608833517 0.019693963202 0.01642683614 -0.00800499718849 0.0165481637475 0.028014526711 0.0418993396558 0.0169300989772 0.00853129970506 
0.0234457453255 0.00365056166879 0.0338138068545 -0.0107710272677 0.0319692683712 -0.00127729600102 -0.00613504931665 -0.0123747034186 -0.00753399220108 -0.00782237951244 -0.00382818355812 -0.0220263638578 0.0274137107815 0.0393048422271 -0.00121567989327 0.829649487522 0.00748002022516 0.0189997845857 0.0145603965585 0.00720048555472 0.0447786345176 0.0316937012437 0.0201631163921 0.025607603483 0.0307758655612 -0.0378655578702 0.0190361230241 0.0469140193741 -0.00541878612246 0.0248662706376 -0.00841328573275 -0.0180604158777 0.0232838370971 -0.00705849983617 0.0114483977986 0.000831630565064 0.00481463855074 0.00623619511898 0.0150967320085 0.00118012719756 -0.00225419487697 0.0483577616067 0.0331863173144 0.046047163476 0.0324556634587 0.00459002395997 0.0180282497115 0.00265528990359 0.010420547263 0.0101869464045 
0.0382525981695 0.0407685210138 0.0126739831388 0.00516869372704 0.0578699780427 -0.0172668352622 -0.0113875225419 0.020206804698 0.00508076695211 0.0148069793167 -0.013427818297 -0.0241526371374 0.0327737500591 0.0370619023244 0.010522343453 0.00748002022515 0.553202955094 0.0596806875244 0.0108997768647 0.0100840624113 -0.0182519656922 0.0330121792645 0.0140596325602 0.0219879962988 0.0228719883077 -0.0405804993781 0.0085582252997 -0.0298376847605 0.0414772674969 0.0150565714348 -0.0222324663456 0.00437881898581 0.0144481026829 0.00862966467122 0.0558897428297 0.0218759974276 0.00172327371151 0.016298261667 0.023141970021 0.0139054281675 0.0189467702433 0.00924314158452 0.0164157354068 0.00835505833593 0.0174746200293 0.0278925892217 0.00248503798548 -0.0154354948688 -0.00789982439577 0.0217994574015 
0.0188022897356 0.0242231044684 -0.000359623440231 0.0103759311735 0.0132636983958 -0.0146840791744 0.00634564364121 0.0142241028646 0.0112175817364 0.0185705979443 -0.0112446361743 -0.00728582456351 0.0269326056943 0.0377999507079 0.0190445240632 0.0189997845857 0.0596806875244 0.232425098958 0.00641930612273 0.0263368838235 -0.00622586751872 0.000418885674947 0.013060256648 -0.00504452158065 -5.51556867888e-05 -0.0191429178795 0.0186887122547 -0.0106789900955 0.0324960305973 0.0121342137645 0.00388048874894 -0.0101522165756 0.00859386532218 0.0200221726695 0.134090122108 0.00327913413412 0.0112140873077 0.00762817304373 0.014075086255 -0.00327678190568 0.0128071353496 -0.0110127193172 0.00430040945596 -0.00150755037392 0.0100931421186 0.0196337487203 0.00414450529663 0.0218226609931 0.0174327426554 0.0525542409467 
0.0044916707286 0.0101697328844 0.00986044574089 0.0124563395715 -0.00100998713449 0.0147746026361 0.0299170448072 0.0108312322005 0.0184244043415 0.0121942857047 0.0224929004425 0.0202393904327 0.0137360367714 0.0310764017721 0.0277360198665 0.0145603965585 0.0108997768647 0.00641930612276 0.126405942813 0.0166503719172 0.00829601537326 0.00792674877573 0.0128102615286 0.00578978873187 0.0275942973898 0.0209953815825 0.0144905768358 0.0145080099584 -0.00668843131411 0.0127239212045 0.0127428989673 0.0087647023811 0.0151788977452 0.0331524977635 0.00627630636667 0.0197040007601 0.00860100525739 0.00429332402646 0.00158417408813 4.82206243354e-05 0.0549544720179 0.00386059104977 0.0302642525765 0.0245087154893 -0.00219450106354 0.0161391131215 0.0186125594292 0.0262418751384 0.0179240326139 0.0149351896843 
0.0382098341073 0.0080497393021 0.0228607032595 0.0316492177336 0.0426063759305 0.00296978063691 0.0245211626106 0.00180148657481 0.0166515374405 0.00856993569492 0.0274576382844 0.015673612267 0.03017203283 0.0413981905417 0.0135087087226 0.00720048555473 0.0100840624113 0.0263368838235 0.0166503719172 0.169637331163 -0.00451069227057 0.0230368329277 0.0257628593813 0.00922246032336 0.00594710540166 0.041218741493 0.0130660141172 0.00370335035592 -0.00665096854154 0.00179623646807 0.0234381939655 0.00515849967978 0.0211352444176 0.0444723168779 0.0209916593331 0.0112063659828 0.017512395729 0.0186913904389 0.00510029895284 0.0208347591093 0.000991718097747 0.0272561621842 0.0206546838748 0.0249064115816 -0.00270281752685 0.0265257477772 0.019238895926 0.0187880013716 0.0243837553185 0.0327899337457 
0.0141112720349 -0.00655032143326 0.00660202787557 0.0197716363349 -0.00676499726886 0.0129946698186 0.0138851341903 0.0314648268527 0.00711468963291 -0.00851270487206 0.0433463560894 0.0363767721405 0.0262043415757 0.0285236658114 0.0129583576014 0.0447786345176 -0.0182519656922 -0.00622586751871 0.00829601537325 -0.00451069227057 0.319917086018 0.0489500517382 0.0171490587293 0.00428411845819 0.0245217701087 0.0032211950561 0.0155550224235 0.038660980442 0.0416823523026 0.0156300987408 0.0453501810962 0.00408492178721 0.00423163756696 0.0194703073808 -0.0115602640163 0.0169364688595 0.0105306952679 0.00159406684371 -0.00544677146083 0.00645688410531 0.0218834625295 -0.00438864485311 0.0169801178027 0.0504027868052 -0.00941532813062 0.00145958675395 0.00649176771526 0.00813802477041 0.00299609411341 0.00317141532454 
0.0105926061734 0.0108728667388 0.0252430155755 -0.00844144575713 0.0436598682993 0.0194619038581 0.0117122868182 0.0349184542836 0.0243069966932 0.0155242797993 0.0296301280163 0.0123114407195 0.0758849445363 0.02060535718 0.0111349408868 0.0316937012437 0.0330121792645 0.000418885674945 0.00792674877572 0.0230368329277 0.0489500517382 0.368087198283 0.024510248819 0.0381288452853 0.0364138193574 0.00362051402929 0.0339303984985 -0.00367864068566 0.0101358637525 0.0336760698369 0.0066214468079 0.00292073086111 0.028415128725 0.0275177952705 0.0183806649562 0.00388362220033 -0.00331002880042 0.0133352920146 0.0335671956766 -0.00243047308662 0.00225209215541 0.039676520665 0.00758630739375 -0.0191255448035 0.0537028432748 0.02557740449 0.0141903490737 0.00407383011583 0.00536190361219 0.0228239474544 
-0.0454921092769 0.0171572252506 -0.00908157020523 0.00162842919337 0.00137220392404 -0.00584172908651 0.0103968379261 0.0601414452396 0.019363428626 0.0125305743699 0.00751340386978 0.02934681164 0.0280898857747 0.0248287639874 0.00248289283815 0.0201631163921 0.0140596325602 0.013060256648 0.0128102615286 0.0257628593813 0.0171490587293 0.024510248819 0.334198504208 0.0290090499599 -0.000980150041002 0.0486575165899 0.0523632578692 0.017253874348 -0.0564629757787 0.0228562155419 0.00461879410018 0.0236315684182 0.0140811598221 0.0544619984609 0.019928696633 -0.00874716465034 0.0438436129214 0.00995963657579 -0.00501245263602 0.00821105532436 0.00751760948433 0.00247059552683 -0.00221405558601 0.0100462970532 0.0356426175872 0.0156021028738 0.0172571840595 0.0194273400177 0.00523018540732 0.0532448166373 
0.00944044729497 0.00819269878588 0.00633475138778 -0.0106214285787 0.0300177557696 0.0117398208378 -0.00424682505069 0.0131430293286 0.00979053220928 0.00749764583037 0.00074203626448 0.0205557143826 0.0230340508464 0.0470329748439 0.00652098812737 0.025607603483 0.0219879962988 -0.00504452158065 0.00578978873185 0.00922246032337 0.00428411845819 0.0381288452853 0.0290090499599 0.199542294878 0.0142059018065 0.00188990426216 0.0261192422584 0.0182303970029 -0.0120311037698 0.00175845573302 0.0498338816164 0.006508647782 0.0129309303871 0.024010185423 -0.00550228062806 0.0177790700841 0.0243647838958 0.0107999969118 0.0127118782268 0.00691961297072 0.00842800372701 0.0218696700951 0.0157518541954 -0.00354725194381 0.0145361085414 0.0170822803478 0.00415698870777 0.0203425949171 0.00831869454161 0.0029893785996 
0.0359087448465 -0.00384019645373 0.0154225933757 0.0239010803075 0.000958818828564 0.00876457088168 0.0208562290226 -0.00959016004962 0.0256319774599 0.0153272959333 0.0548188702013 0.00163026666934 0.00674158015042 0.0325774619249 -0.00166226185236 0.0307758655612 0.0228719883077 -5.51556867906e-05 0.0275942973898 0.00594710540166 0.0245217701087 0.0364138193574 -0.000980150041 0.0142059018065 0.304915399924 0.0190457179138 0.0151754536876 0.00535359449254 0.316285655304 0.00420333107221 0.000797656319756 0.00204960457706 0.0208808103443 0.0386571324168 -0.00318879663143 0.0209620748633 0.00284917720562 0.0160076136584 -0.000985224679487 -0.0026391614663 0.00701543684482 0.00275383332664 0.0251536454821 0.00834898010374 -0.00802834386437 0.0210656395369 -0.00142612480644 0.0244240919489 0.0194582162006 0.0245295075824 
0.000295942564833 -0.00530223683233 0.0143053877209 0.0351727900932 0.0625909520345 0.00453435417743 0.032929237335 0.0211122451025 0.0263444231054 -0.00855485769189 -0.0269380954716 -0.00915777335036 0.0423487811248 0.0142485959479 0.023694241936 -0.0378655578702 -0.0405804993781 -0.0191429178795 0.0209953815825 0.041218741493 0.0032211950561 0.00362051402929 0.0486575165899 0.00188990426216 0.0190457179138 3.20387228726 0.00878636204663 0.058705008179 -0.0109860188616 0.00400252422096 0.0240161574862 -0.0121715032915 0.095138397881 0.00717983006393 0.00537849051893 0.00274674504132 -0.023387602703 0.00950784852627 -0.0397619026662 -0.0207665707317 0.0124354127069 0.00625604797811 0.0300366885697 -0.00618158677935 -0.00957866366796 -0.0126869095549 -0.0024695975019 0.00544309852544 0.020497023732 0.00297240384593 
0.00332503265793 0.00694516127925 0.0316381785448 0.0321243881525 0.0328095008936 -0.0124134428774 0.0180146395625 0.0329844383347 0.0388474089206 0.00271939269 0.0470887906567 0.0519513778735 0.0392691378292 0.0407650963624 0.0332247520763 0.0190361230241 0.0085582252997 0.0186887122547 0.0144905768358 0.0130660141172 0.0155550224235 0.0339303984985 0.0523632578692 0.0261192422584 0.0151754536876 0.00878636204663 0.32805019102 -0.0105647628074 0.00133246276666 -0.0126596522082 0.0348912427105 0.0316443904878 0.0364590329403 -0.00779889631098 -0.00839906256242 0.00702150041514 0.0129383024018 0.025808180891 0.0037501706753 0.0110681055411 0.0153548779236 -0.0221709576876 0.0244732784299 0.00878954393983 0.0313475089616 0.00801901233347 0.000706479701526 0.0111221432408 0.0281290126177 -0.0026171787155 
0.00401974731476 -0.0060921370243 -0.0126150995609 0.00869312755535 0.00764832148991 0.0324786563736 0.0113523993799 0.0128454178685 0.0127055684382 0.0190151284046 0.0320058800461 0.016216161308 0.00661226358328 0.026971735101 -0.00911906731709 0.0469140193741 -0.0298376847605 -0.0106789900955 0.0145080099584 0.00370335035592 0.038660980442 -0.00367864068565 0.017253874348 0.0182303970029 0.00535359449254 0.058705008179 -0.0105647628074 0.296093106088 0.00483820170683 0.0119286462231 0.034561719713 -0.000750610531533 -0.0172561148688 0.0220537963562 -0.0247546690163 0.00885956121203 0.00998705795369 -0.00315841782064 0.0146233157639 0.0212117245554 0.0197705191322 0.00711071402401 0.00620418597515 0.0156763625197 0.0427801604509 0.0196109333435 0.000814365800747 0.00161100705873 -3.07177498281e-05 0.0351815275126 
0.0257468331376 -0.0134275015414 -0.0153366828573 0.0316068182247 -0.0158700927752 0.00439947980996 -0.0127485923153 0.0132539832616 -0.00631107557247 0.00537481595111 -0.0102180830664 0.0610082495376 0.0121049445041 -0.0326452665985 -0.0105850525655 -0.00541878612247 0.0414772674969 0.0324960305973 -0.00668843131411 -0.00665096854154 0.0416823523026 0.0101358637525 -0.0564629757787 -0.0120311037698 0.316285655304 -0.0109860188616 0.00133246276666 0.00483820170683 7.41275270483 -0.00734053642687 0.00238831655337 -0.0129579256272 0.0274606254771 0.0679488048802 0.0104927955524 -0.0244978327229 0.00552473016028 -0.0246866338785 -0.0054107041532 -0.000517600644231 -0.00377467835001 0.0198898509113 -0.00401577729788 0.00510089265533 -0.00662060020261 0.00712565333652 0.00240241285729 0.00227905127258 -0.0399409868611 -0.00884595548072 
0.0107440509056 0.0128031978175 -0.00374698065181 0.00371572438977 0.0190884755084 0.0344241856892 0.0249637928132 -0.00388952399804 0.0186446667024 0.00869609308841 0.00503682157837 0.0332618186295 0.0223486503134 0.0268491984183 0.0182221022968 0.0248662706376 0.0150565714348 0.0121342137645 0.0127239212045 0.00179623646806 0.0156300987408 0.0336760698369 0.0228562155419 0.00175845573302 0.0042033310722 0.00400252422096 -0.0126596522082 0.0119286462231 -0.00734053642687 0.186605806465 0.018704165709 0.00904526262451 -0.0176036354502 0.0181933432265 0.000349324402593 0.0165331842467 -0.0164282475577 -0.0054030210318 -0.0052953781109 0.0104724540216 0.00677745393027 -0.0110445717532 0.0125560463759 0.0143613433792 0.00898195935638 0.0060890288992 0.00837882675346 0.0121963535998 0.000660375127552 0.018904992819 
0.013700168347 0.0114128333209 -0.0165639296006 0.0162572905477 0.0121622844581 0.00490536082262 0.0143558292818 0.0116419946145 0.0183408582842 0.0236389062548 0.0118938217163 0.000305568066722 0.0106564285497 0.0335290224852 0.00999183334598 -0.00841328573276 -0.0222324663456 0.00388048874893 0.0127428989673 0.0234381939655 0.0453501810962 0.00662144680791 0.00461879410018 0.0498338816164 0.000797656319748 0.0240161574862 0.0348912427105 0.034561719713 0.00238831655337 0.0187041657089 0.484399986798 0.019606198094 0.0130192574407 0.0175378495097 -0.0198373168273 0.0277110982193 0.0213972326448 0.00700062966773 -0.00437107485222 0.0329488594572 0.0129688830328 -0.00578158664887 0.0249249885801 0.0169190724698 0.109755426981 0.00243646481597 0.023442230083 0.00466545417038 0.0189284499352 0.00894066368136 
0.0169888885181 0.0114229289107 -0.00758359651516 -0.0061132682224 0.0140575094826 -0.0119973213633 -0.00325687618873 0.016036173984 0.0257343159477 -0.00463679060465 -0.00504390852391 0.0242736872643 0.000996801879202 0.038337432845 0.0212884206331 -0.0180604158777 0.00437881898581 -0.0101522165756 0.00876470238109 0.00515849967979 0.00408492178721 0.00292073086111 0.0236315684182 0.006508647782 0.00204960457706 -0.0121715032915 0.0316443904878 -0.000750610531531 -0.0129579256272 0.00904526262451 0.019606198094 0.144621230677 0.00514111166295 0.012281274023 -0.0195721910217 -0.00276226885128 0.00993903182715 0.00417615895989 -0.010138375536 0.00157552392437 0.0091392226462 -0.00206378925202 0.0126662628052 0.00433647437886 0.0140400327881 0.000375035483081 0.000504578192798 0.0198666230744 -0.0062870246107 0.0200545553939 
0.0241774078032 0.0259602567041 0.0095391482412 0.00464180778878 0.0185517439284 -0.00492971435946 0.00806493672783 0.0299330089119 0.0244537646106 0.00609189791614 -0.0199028254801 0.0140610011391 0.0205384906282 0.0277254352084 0.0207223933624 0.0232838370971 0.0144481026829 0.00859386532217 0.0151788977451 0.0211352444176 0.00423163756696 0.028415128725 0.0140811598221 0.0129309303871 0.0208808103443 0.095138397881 0.0364590329403 -0.0172561148688 0.0274606254771 -0.0176036354502 0.0130192574407 0.00514111166295 0.225826164817 0.0134487995155 -0.00524699217996 0.0191778327118 0.00734047024211 0.02229576174 0.010484141263 -0.0161054700652 0.00776660682576 0.0198463504519 0.0204985157401 0.00250709504187 -0.00776154185765 0.00975559683606 0.00558108853307 -0.0112906002912 0.0359422946155 0.0171731641135 
0.028134137448 0.0242563830575 0.00737804720973 0.00385319500317 0.0757898293497 0.0447661907595 0.0217184689352 0.0218112356153 -0.00582789728601 0.0222938635371 0.00657133037101 0.0178312940247 0.0239198880869 0.13495708224 0.00409681152808 -0.00705849983608 0.00862966467121 0.0200221726695 0.0331524977635 0.0444723168779 0.0194703073808 0.0275177952705 0.0544619984609 0.024010185423 0.0386571324168 0.00717983006393 -0.00779889631098 0.0220537963562 0.0679488048802 0.0181933432265 0.0175378495097 0.012281274023 0.0134487995155 0.878832044185 0.0147726920722 0.0402900291443 0.00495887183724 0.0378064534146 0.0197399560677 0.0292682996528 0.00241439949179 0.00990924425332 0.0176831397658 -0.00283842002346 0.0211886615533 0.0253533651014 0.0106907784297 0.0276900582555 0.0166953733104 0.0573280058155 
-0.00370722794936 0.0172578423126 0.013978847698 0.00207131959292 0.0315248193195 0.00212074642352 0.00100620579032 0.00923129640071 0.0234277067004 0.0259459903057 -0.0283770015698 -0.0134357388106 0.0513710533697 0.0688498901768 0.0060470688221 0.0114483977986 0.0558897428298 0.134090122108 0.00627630636667 0.0209916593331 -0.0115602640163 0.0183806649562 0.019928696633 -0.00550228062806 -0.00318879663143 0.00537849051893 -0.00839906256242 -0.0247546690163 0.0104927955524 0.00034932440259 -0.0198373168273 -0.0195721910217 -0.00524699217996 0.0147726920722 0.449405799349 -0.0158172415813 -0.00776893886178 0.0110824305142 -0.00869101805515 0.0149172493424 0.00890802164939 -0.00375575933611 0.0209714873063 -0.0257479561874 -0.00802017264262 0.0196639137668 0.0090945388648 0.0329216728011 0.0263702380764 0.0325853907923 
0.0436486453056 0.0293562203696 -0.00972887240579 0.00747861800696 0.0314527204857 -0.00837277140397 0.0266762366237 0.00270987989947 0.00223357570152 0.016124357466 0.0286922945891 0.00721155412218 0.0199622406502 0.0427425723463 0.0157391189844 0.000831630565068 0.0218759974276 0.00327913413412 0.01970400076 0.0112063659828 0.0169364688595 0.00388362220033 -0.00874716465034 0.0177790700842 0.0209620748633 0.00274674504132 0.00702150041515 0.00885956121203 -0.0244978327229 0.0165331842467 0.0277110982193 -0.00276226885128 0.0191778327118 0.0402900291443 -0.0158172415813 0.241596494004 0.0401120940287 0.022217003053 0.000830837891626 0.00152387037892 0.0221573918258 0.014490342775 0.0227603112436 0.0247272042666 0.00983517637628 0.0215324179018 0.0226902853414 0.0108993301223 0.0127655085737 0.0375721101739 
0.0342595256538 0.0368614772786 0.0157527463754 -0.00701215744645 0.0715240820083 -0.00256956963053 0.0120517767352 -0.00156820772466 0.0120377208809 0.00620615500183 0.0139145565237 -0.0187042682131 0.0259444745108 -0.0109296029398 0.0227428111024 0.00481463855074 0.00172327371151 0.0112140873077 0.00860100525739 0.017512395729 0.0105306952679 -0.00331002880042 0.0438436129214 0.0243647838958 0.00284917720562 -0.023387602703 0.0129383024018 0.00998705795369 0.00552473016028 -0.0164282475577 0.0213972326448 0.00993903182715 0.00734047024211 0.00495887183724 -0.00776893886178 0.0401120940287 0.310333054908 0.0134264960711 -0.0124813098703 -0.0268204673658 0.0205431557184 0.0436902609321 0.010614890547 -0.00227153367167 0.00323430540773 0.00705162504847 -0.00446347921583 -0.00859477139412 0.0256934094272 0.00968345715205 
0.00969993767873 0.00939387025621 0.0436927143189 0.0156192257929 0.0219357215371 0.000505862469906 0.00575064668835 0.00405864886349 0.00970569292344 0.0114849927349 0.0239351651542 -0.00778126948773 0.00697391773769 0.0257765453 0.00852381861775 0.00623619511898 0.016298261667 0.00762817304372 0.00429332402646 0.0186913904389 0.0015940668437 0.0133352920146 0.00995963657579 0.0107999969118 0.0160076136584 0.00950784852627 0.025808180891 -0.00315841782063 -0.0246866338785 -0.0054030210318 0.00700062966773 0.00417615895989 0.02229576174 0.0378064534146 0.0110824305142 0.022217003053 0.0134264960711 0.177464946537 0.0154445912651 0.00532007890992 0.00945340474656 0.0093639477317 -0.000197646724787 0.00732932785853 0.0142864282009 0.0162452855757 -5.57177061627e-05 0.0172849019868 0.0117708697336 0.0160163768282 
-0.0333412149259 0.00470126052001 -0.000219260868893 0.00161720186565 0.0011491770236 0.0142695740211 0.00300676872386 -0.0149505945457 0.00696486677009 -0.00867336545756 0.00851254546117 0.00393382971349 0.00782476264556 0.0139026945351 0.00118675969998 0.0150967320085 0.023141970021 0.014075086255 0.00158417408816 0.00510029895283 -0.00544677146083 0.0335671956766 -0.00501245263603 0.0127118782268 -0.000985224679489 -0.0397619026662 0.00375017067529 0.0146233157639 -0.0054107041532 -0.0052953781109 -0.00437107485222 -0.010138375536 0.010484141263 0.0197399560677 -0.00869101805515 0.000830837891628 -0.0124813098703 0.0154445912651 0.218165143737 0.0118227977408 -0.00279543035128 0.0123028500922 0.00735414945432 -0.00763529733203 0.016104077919 0.00896015044674 0.00818862379575 -0.00507711700128 0.0110724113687 -0.00491365428045 
0.00488349469709 0.0117833999429 0.0119597857704 0.00846384311018 0.024019095646 0.0280198754894 0.0234533136885 0.00521494028186 0.0274608146019 0.00726389254918 0.00706612229931 0.0150522639039 0.0217486769373 0.0223259912729 0.00287492375567 0.00118012719756 0.0139054281675 -0.00327678190569 4.82206243101e-05 0.0208347591093 0.00645688410531 -0.00243047308662 0.00821105532436 0.00691961297072 -0.0026391614663 -0.0207665707317 0.0110681055411 0.0212117245554 -0.000517600644231 0.0104724540217 0.0329488594572 0.00157552392436 -0.0161054700652 0.0292682996528 0.0149172493424 0.00152387037892 -0.0268204673658 0.00532007890992 0.0118227977409 0.200268464498 0.00223894458605 -0.00869892093478 0.00476879018263 0.0156546419127 0.0500241653228 0.00776495671564 0.00532149266847 0.0144992333192 0.0221567412293 0.0250128870294 
0.00291033406408 0.0190447000137 0.0136073437657 0.0127358179281 0.0106479386113 0.00512350748507 0.0365832242452 0.0129804414977 0.0295953510872 0.0214606367799 0.0264652760243 0.0164894580356 0.0172660005503 0.0341352707968 0.0196709189441 -0.00225419487697 0.0189467702433 0.0128071353495 0.0549544720179 0.000991718097715 0.0218834625295 0.00225209215541 0.00751760948434 0.00842800372699 0.00701543684481 0.0124354127069 0.0153548779236 0.0197705191322 -0.00377467835001 0.00677745393025 0.0129688830328 0.00913922264619 0.00776660682574 0.00241439949179 0.00890802164939 0.0221573918258 0.0205431557183 0.00945340474655 -0.00279543035126 0.00223894458602 0.119656802263 0.0188531449805 0.0245424965632 0.0202078723603 0.00649951425138 0.00492752195496 0.00793165486048 0.0274790606978 0.0224511835213 0.00342571735032 
0.0361285499618 0.0027190322594 -0.010011239877 0.0212150916167 0.0498530931674 0.003303613462 0.016378589085 -0.00951943619679 0.0175995127105 -0.002928246185 0.0475301061963 0.0284900046316 0.0481317572847 0.029422871878 0.00234608833518 0.0483577616067 0.00924314158449 -0.0110127193172 0.00386059104977 0.0272561621842 -0.0043886448531 0.039676520665 0.00247059552683 0.0218696700951 0.00275383332665 0.00625604797811 -0.0221709576876 0.00711071402401 0.0198898509113 -0.0110445717532 -0.00578158664891 -0.00206378925202 0.0198463504519 0.00990924425331 -0.00375575933611 0.014490342775 0.0436902609321 0.0093639477317 0.0123028500922 -0.00869892093479 0.0188531449805 0.566650856935 0.029791055961 0.055957881063 0.0131688989796 0.0402953027874 -0.00766547665808 0.011790460982 0.0571618368333 0.0258687152531 
0.0176304287596 0.021303892113 -0.00328853749073 0.019448603217 0.0214835018107 0.021162032848 0.0403184745945 0.0111589564746 0.0246967174832 0.0129830895022 0.0424885721909 0.0221314289004 0.0336618565517 0.0290214321508 0.019693963202 0.0331863173144 0.0164157354068 0.00430040945596 0.0302642525765 0.0206546838748 0.0169801178027 0.00758630739375 -0.00221405558601 0.0157518541954 0.0251536454821 0.0300366885697 0.0244732784299 0.00620418597515 -0.00401577729788 0.0125560463759 0.0249249885801 0.0126662628052 0.0204985157401 0.0176831397658 0.0209714873063 0.0227603112436 0.010614890547 -0.000197646724789 0.00735414945433 0.00476879018263 0.0245424965633 0.029791055961 0.178408999804 0.0156822795396 0.0038745426401 0.0163837454655 0.0069490072587 0.0131047224746 0.0282854922637 0.0205281447731 
0.014706676926 -0.00509313640179 0.0106048186644 0.0202549809242 -0.00379523852491 0.00832254437179 0.0134716256672 0.0209076963936 0.0288714821052 0.0102199152128 0.0229917510019 0.0339159862659 0.0122699553013 0.012492319641 0.01642683614 0.046047163476 0.00835505833593 -0.00150755037391 0.0245087154893 0.0249064115816 0.0504027868052 -0.0191255448035 0.0100462970532 -0.00354725194381 0.00834898010374 -0.00618158677935 0.00878954393984 0.0156763625197 0.00510089265533 0.0143613433792 0.0169190724698 0.00433647437886 0.00250709504186 -0.00283842002347 -0.0257479561874 0.0247272042666 -0.00227153367167 0.00732932785852 -0.00763529733203 0.0156546419127 0.0202078723602 0.055957881063 0.0156822795396 0.217277344713 -0.0141732669694 0.0041116388776 0.0153136158182 -0.00296695953218 0.0456386269462 0.0328263677067 
0.00429790389226 -0.00577622911644 0.0205748911424 -0.00537440200576 0.0156924216398 0.0325943414735 0.00939166228408 0.0109335322883 0.0295562781084 0.0167376705769 -0.00642582876193 0.00601883706323 0.0251198119508 0.0335360761901 -0.0080049971885 0.0324556634587 0.0174746200293 0.0100931421186 -0.00219450106355 -0.00270281752684 -0.00941532813063 0.0537028432748 0.0356426175872 0.0145361085414 -0.00802834386437 -0.00957866366796 0.0313475089616 0.0427801604509 -0.00662060020261 0.00898195935637 0.109755426981 0.0140400327881 -0.00776154185765 0.0211886615533 -0.00802017264264 0.00983517637628 0.00323430540774 0.0142864282009 0.016104077919 0.0500241653228 0.00649951425138 0.0131688989797 0.00387454264009 -0.0141732669694 0.462060344868 0.0371967598596 0.0159742332204 0.0131664006327 0.00279931665286 -0.0100209670106 
0.00595198953672 0.0114879677369 0.0102332438749 0.0248663768058 0.0118523703263 0.01207331788 0.0247857317415 0.00911556645628 0.00943753177535 0.0135954069862 0.00866869950202 0.0206254893221 0.0335092434515 0.0187867637791 0.0165481637475 0.00459002395997 0.0278925892217 0.0196337487203 0.0161391131215 0.0265257477772 0.00145958675395 0.0255774044899 0.0156021028738 0.0170822803478 0.0210656395369 -0.0126869095549 0.00801901233347 0.0196109333435 0.00712565333652 0.00608902889922 0.00243646481597 0.000375035483087 0.00975559683606 0.0253533651013 0.0196639137668 0.0215324179018 0.00705162504847 0.0162452855757 0.00896015044675 0.00776495671564 0.00492752195493 0.0402953027874 0.0163837454655 0.00411163887759 0.0371967598596 0.163103982743 0.028422591158 0.0086650693516 0.0201989324712 0.0336648847354 
0.00609817481514 0.00513759220168 0.0271075869109 0.0115888148748 0.0218405038449 0.017257005187 0.00245048445641 0.0233898842085 0.0238371266427 0.0103323220175 0.0177264698915 0.0130897412894 0.0127656463005 0.0221564652903 0.028014526711 0.0180282497115 0.00248503798548 0.00414450529663 0.0186125594292 0.019238895926 0.00649176771526 0.0141903490737 0.0172571840595 0.00415698870777 -0.00142612480644 -0.0024695975019 0.000706479701526 0.000814365800745 0.00240241285729 0.00837882675347 0.023442230083 0.0005045781928 0.00558108853307 0.0106907784297 0.0090945388648 0.0226902853414 -0.00446347921583 -5.57177061577e-05 0.00818862379576 0.00532149266848 0.0079316548605 -0.00766547665808 0.0069490072587 0.0153136158182 0.0159742332204 0.028422591158 0.165857237103 0.0112782270759 0.0221074550766 0.0185668513017 
