30
0.0275413533974 0.0444735285872 0.0731585002716 0.0524718958424 0.0315903614714 0.10004428458 0.0463620133958 0.0541634245192 0.135848421796 0.0950879331279 0.0800542827641 -0.00305157485537 0.0994766710856 0.0256858872149 0.0289140833203 0.100886603299 0.0998681056981 0.0358059899839 0.0411806556966 0.0283013122104 0.00792878112812 0.0639224219563 0.0798623823862 0.0132966740539 0.0189508527873 0.0392369654355 0.0498180241401 0.107494880462 0.0350054865441 0.0564449965361 
0.185403253953 0.0304388142555 0.0142588528877 0.0088611892783 0.0404149946031 0.0322533056915 0.0204727862575 0.0387328665332 0.0391209139756 0.0164027653038 0.0107993078039 0.0123815046239 0.0387721276566 0.0153044071944 0.0205957091074 0.000431140679628 0.0214923776715 0.00709624755782 0.0147201551475 -0.00538894560159 0.0135661513289 0.0189634208364 0.0252777260561 0.0157536541 0.00482257216609 0.0308024390627 -0.000530568011066 0.0658963469924 0.0164944509753 0.0189742409588 
0.0304388142555 0.348314999466 0.0107084884967 0.0106743319909 0.0188849327466 0.057922346586 0.0131497571833 0.0103998906505 -0.00285413877439 0.0273735602451 0.032688595362 0.0400056278374 0.00380713479007 0.00309911973013 0.0120607650388 -0.00401492407876 0.0150908755357 0.00530210894866 0.0179740052463 0.00117478140583 0.0116773804652 0.0484510727329 0.0323641532409 0.0337751576646 -0.00989444738626 0.022654019809 -0.00450867529722 0.0220388711026 0.0217668462981 0.0160645144371 
0.0142588528877 0.0107084884967 0.34093719089 0.00519074339174 0.0124837993911 0.0182306269426 0.0261111426067 -0.00167902885096 -0.00619027029656 0.0252765028704 0.00373732955811 0.0127002374371 0.0178663513244 0.0139238868974 0.00840118168844 -0.0291370487288 0.0127614866719 0.00461316863533 0.00864073180617 -0.00827964715509 0.0158705326663 0.075015050279 0.00399905375774 0.0291996710745 0.0222741859573 0.0165383628271 0.00703443013614 0.00406492994878 0.0191921221417 -0.00120103291243 
0.0088611892783 0.0106743319909 0.00519074339174 0.196005222703 0.0135893635066 0.0187192741037 0.0241047053993 0.034164882062 0.0060226009093 0.0286065483176 0.0259509224725 0.00658922480161 0.00768444672928 0.038004025599 0.0175523663557 0.0144041886287 0.0334583262141 0.00232060202055 0.0113191657146 0.0220882329868 0.0138286115372 0.0137189067214 -0.0121587945862 -0.00111672530008 0.0216229591542 0.0355295916875 0.000132523806881 0.042740509379 0.000779719425524 -0.00358970870811 
0.0404149946031 0.0188849327466 0.0124837993911 0.0135893635066 0.159889777582 0.041028839855 0.0193068830334 0.0229690891451 0.00407833898065 0.0487007045194 0.0107242866431 0.0200888757023 0.011638940992 0.0210523247409 0.0208628153996 -0.000868597434449 0.0368245786373 0.0335205981539 0.016655836245 0.0181639717723 0.0165816887771 0.0370951812033 0.0245453924464 0.0147969900207 -0.0022842616282 0.0394132102111 0.0135807895997 0.0293218585398 0.0188345996167 0.0449199390676 
0.0322533056915 0.057922346586 0.0182306269426 0.0187192741037 0.041028839855 0.512198992075 -0.0118850067226 0.0133789758221 0.0317503364839 0.00261631910956 0.01670945167 0.0392920513668 0.00571061388319 -0.0263795322361 0.0172381754364 -0.00201589552709 0.0335797308388 0.0119954168968 0.0276775513879 -0.0166957208299 0.0407255596026 0.0514454295395 0.0565530984629 0.0243885392324 0.0212679076154 0.0275149287752 0.00637944551614 0.0712423529963 0.0299515328991 0.0707481624933 
0.0204727862575 0.0131497571833 0.0261111426067 0.0241047053993 0.0193068830334 -0.0118850067226 0.399923408593 0.00798459910792 0.0186320528968 0.0137376986974 0.00204047016637 0.0346711388725 -0.00428585623057 0.00561750804659 0.0364272725866 0.00845928094288 0.0245993067144 0.00142422134538 0.006668239653 0.00669127721978 0.0417504001438 0.0436860598707 0.000134640264126 0.0180763321854 0.032171301315 0.0211655032556 -0.000243996142583 0.0114746636517 0.0116202465064 0.0168132271298 
0.0387328665332 0.0103998906505 -0.00167902885096 0.034164882062 0.0229690891451 0.0133789758221 0.00798459910792 0.306006103345 0.043308155505 0.0209880708297 0.0137592514908 0.00231208374561 -0.0107182692969 0.0116119472498 -0.00915088803374 0.0150089500352 0.0279962131047 -0.00794221557077 0.0217815612044 0.0558734029694 0.00480243791354 0.0334861440174 -0.0192287398069 0.0221002503352 0.00747400602814 0.0217867689256 -0.0269560533625 0.0277534007484 0.00243096192342 -0.0154727822483 
0.0391209139756 -0.00285413877439 -0.00619027029656 0.0060226009093 0.00407833898065 0.0317503364839 0.0186320528968 0.043308155505 0.633765925707 0.0127292313298 -0.000604710999272 0.0268379523387 0.00572823910369 0.0173306302328 0.0241855963375 0.015097499065 0.0374163438356 0.0215670868503 0.0225486431941 0.0147395218105 0.0147747509143 0.00358214138952 0.0112382003405 0.00886600042507 -0.0163846909766 0.0162711659159 -0.0242196916822 0.0147605018297 -0.00295018636985 0.00356597049152 
0.0164027653038 0.0273735602451 0.0252765028704 0.0286065483176 0.0487007045194 0.00261631910956 0.0137376986974 0.0209880708297 0.0127292313298 0.298838334493 0.00337964794929 0.0247138563464 0.0141772947979 0.0336382761651 0.00881021484407 0.0218768819494 0.042905616244 0.0249049457122 0.0418081584649 0.0278787770775 0.00206789871758 0.0238322141539 0.0163237550499 0.0175169014037 0.022080085442 0.0748936405348 0.0260889377485 0.0326572806843 0.00994040718986 0.0121533890246 
0.0107993078039 0.032688595362 0.00373732955811 0.0259509224725 0.0107242866431 0.01670945167 0.00204047016637 0.0137592514908 -0.000604710999272 0.00337964794929 0.326901092489 -0.00160138743788 0.0222289177305 0.0294539169239 0.0278270363176 -0.0046102159087 0.0674468015891 0.00854687795506 0.0348604211304 0.0239458447838 0.0145876436377 0.0336860142544 -0.00098233082391 0.113867279508 0.0298182393523 0.0195566639175 -0.0110454113806 0.0136355905815 -0.000798105574766 0.00242247180003 
0.0123815046239 0.0400056278374 0.0127002374371 0.00658922480161 0.0200888757023 0.0392920513668 0.0346711388725 0.00231208374561 0.0268379523387 0.0247138563464 -0.00160138743788 0.223918578725 0.0194806951234 0.00429802254812 0.0173554515066 0.0357215122717 0.0217254870679 0.0170784698733 0.0279419188485 0.0133338473671 0.0205508165414 0.00980243294016 -0.00108478223272 0.00897815556433 -0.00577299964728 0.0136623625147 -0.00409477878089 0.00329596379113 0.0108716748317 0.0218528586387 
0.0387721276566 0.00380713479007 0.0178663513244 0.00768444672928 0.011638940992 0.00571061388319 -0.00428585623057 -0.0107182692969 0.00572823910369 0.0141772947979 0.0222289177305 0.0194806951234 0.431884520221 -0.00163124371501 0.0313496986547 0.00188919566558 0.0394052839703 0.0174401479844 -0.0132176337404 0.0209408011042 -0.0241716322566 -0.0143595652624 0.0331812418803 0.00615365452318 -0.00941285883515 0.0104470544135 0.0278695416535 0.117418103931 0.00683998712527 -0.00816223151181 
0.0153044071944 0.00309911973013 0.0139238868974 0.038004025599 0.0210523247409 -0.0263795322361 0.00561750804659 0.0116119472498 0.0173306302328 0.0336382761651 0.0294539169239 0.00429802254812 -0.00163124371501 0.216458071538 0.00507359412367 0.00338442499297 0.0118175513957 0.0293781872791 0.00689072004312 0.0146578494209 0.00849174768447 0.0211794437545 0.00290782743216 0.00477311645913 0.0172107227566 0.0444694711251 0.00740295689651 0.0565151356417 0.0180545383121 0.00523507979982 
0.0205957091074 0.0120607650388 0.00840118168844 0.0175523663557 0.0208628153996 0.0172381754364 0.0364272725866 -0.00915088803374 0.0241855963375 0.00881021484407 0.0278270363176 0.0173554515066 0.0313496986547 0.00507359412367 0.225518610057 0.00869736725436 0.0302871913247 0.0458368846345 0.0155619214828 0.0247711636416 0.0159417077376 -0.00539175434589 0.030755766984 0.00418060609286 -3.99243198885e-05 0.00929848570086 0.0219795045587 0.0163256093392 0.0220920329144 0.0566213977163 
0.000431140679628 -0.00401492407876 -0.0291370487288 0.0144041886287 -0.000868597434449 -0.00201589552709 0.00845928094288 0.0150089500352 0.015097499065 0.0218768819494 -0.0046102159087 0.0357215122717 0.00188919566558 0.00338442499297 0.00869736725436 0.376872207829 -0.00353396830475 -0.00167443042471 -0.00190452388298 0.00600337807925 -0.00678465772232 0.013853102305 -0.00565938409224 0.00890984715134 0.0180867883782 0.0132479675284 0.0128621145548 0.0187423328559 -0.00756715617376 0.0137568332089 
0.0214923776715 0.0150908755357 0.0127614866719 0.0334583262141 0.0368245786373 0.0335797308388 0.0245993067144 0.0279962131047 0.0374163438356 0.042905616244 0.0674468015891 0.0217254870679 0.0394052839703 0.0118175513957 0.0302871913247 -0.00353396830475 0.411871527606 0.0345975712133 0.0207680850394 0.0140179477499 0.0194152461617 0.0328677104525 -0.0290698658195 0.0317977836538 0.0570243857914 0.0209102312304 0.002175029361 0.0174585371216 0.0333692279793 0.0271579723132 
0.00709624755782 0.00530210894866 0.00461316863533 0.00232060202055 0.0335205981539 0.0119954168968 0.00142422134538 -0.00794221557077 0.0215670868503 0.0249049457122 0.00854687795506 0.0170784698733 0.0174401479844 0.0293781872791 0.0458368846345 -0.00167443042471 0.0345975712133 0.213041730857 0.00889769091767 0.0135035202417 0.0153895878823 0.0181332110005 0.0593570045685 -0.00697236520548 0.0141483635688 0.0247363524982 0.0348920257984 0.0280399865876 0.0134369421318 0.0705964731488 
0.0147201551475 0.0179740052463 0.00864073180617 0.0113191657146 0.016655836245 0.0276775513879 0.006668239653 0.0217815612044 0.0225486431941 0.0418081584649 0.0348604211304 0.0279419188485 -0.0132176337404 0.00689072004312 0.0155619214828 -0.00190452388298 0.0207680850394 0.00889769091767 0.207720808168 -0.00446610468505 0.0129523591614 0.0100794288271 -0.000422390839074 0.0165535393133 0.0156676389624 0.0391994417871 0.0156116166628 0.00482833385557 0.017890021242 0.0032758323916 
-0.00538894560159 0.00117478140583 -0.00827964715509 0.0220882329868 0.0181639717723 -0.0166957208299 0.00669127721978 0.0558734029694 0.0147395218105 0.0278787770775 0.0239458447838 0.0133338473671 0.0209408011042 0.0146578494209 0.0247711636416 0.00600337807925 0.0140179477499 0.0135035202417 -0.00446610468505 0.206486700011 -0.00303615233747 0.0105548830417 -0.00584341772229 0.0201191000182 0.0182010705121 0.0199522170796 0.0119212724908 0.00827946970184 0.0131738117605 -0.00584394657852 
0.0135661513289 0.0116773804652 0.0158705326663 0.0138286115372 0.0165816887771 0.0407255596026 0.0417504001438 0.00480243791354 0.0147747509143 0.00206789871758 0.0145876436377 0.0205508165414 -0.0241716322566 0.00849174768447 0.0159417077376 -0.00678465772232 0.0194152461617 0.0153895878823 0.0129523591614 -0.00303615233747 0.240042148268 0.0322044382478 0.0126156573515 0.0132462365906 0.000256591627323 0.0274198398828 0.015505490015 -0.0151045719248 0.00529640083712 0.00796230611136 
0.0189634208364 0.0484510727329 0.075015050279 0.0137189067214 0.0370951812033 0.0514454295395 0.0436860598707 0.0334861440174 0.00358214138952 0.0238322141539 0.0336860142544 0.00980243294016 -0.0143595652624 0.0211794437545 -0.00539175434589 0.013853102305 0.0328677104525 0.0181332110005 0.0100794288271 0.0105548830417 0.0322044382478 0.447885505628 0.028841748126 0.0135884249978 0.026651803325 0.0291841548146 0.045771567359 0.0732608517822 0.0278298955697 0.0203555271052 
0.0252777260561 0.0323641532409 0.00399905375774 -0.0121587945862 0.0245453924464 0.0565530984629 0.000134640264127 -0.0192287398069 0.0112382003405 0.0163237550499 -0.00098233082391 -0.00108478223272 0.0331812418803 0.00290782743216 0.030755766984 -0.00565938409224 -0.0290698658195 0.0593570045685 -0.000422390839074 -0.00584341772229 0.0126156573515 0.028841748126 0.389672307949 0.00272368374123 0.0262232199245 0.00318440770364 0.153272624974 0.0510912309423 0.0222465656 0.0569512386916 
0.0157536541 0.0337751576646 0.0291996710745 -0.00111672530008 0.0147969900207 0.0243885392324 0.0180763321854 0.0221002503352 0.00886600042507 0.0175169014037 0.113867279508 0.00897815556433 0.00615365452318 0.00477311645913 0.00418060609286 0.00890984715134 0.0317977836538 -0.00697236520548 0.0165535393133 0.0201191000182 0.0132462365906 0.0135884249978 0.00272368374123 0.280784779543 0.0266092149964 0.0109367347704 -0.015912727741 -0.00546450008384 0.0228225544158 0.0169283678426 
0.00482257216609 -0.00989444738626 0.0222741859573 0.0216229591542 -0.0022842616282 0.0212679076154 0.032171301315 0.00747400602815 -0.0163846909766 0.022080085442 0.0298182393523 -0.00577299964728 -0.00941285883515 0.0172107227566 -3.99243198886e-05 0.0180867883782 0.0570243857914 0.0141483635688 0.0156676389624 0.0182010705121 0.000256591627323 0.026651803325 0.0262232199245 0.0266092149964 0.394672062413 0.000469068849619 0.00157175149632 0.0375906232217 0.00964197339568 -0.0183968978213 
0.0308024390627 0.022654019809 0.0165383628271 0.0355295916875 0.0394132102111 0.0275149287752 0.0211655032556 0.0217867689256 0.0162711659159 0.0748936405348 0.0195566639175 0.0136623625147 0.0104470544135 0.0444694711251 0.00929848570086 0.0132479675284 0.0209102312304 0.0247363524982 0.0391994417871 0.0199522170796 0.0274198398828 0.0291841548146 0.00318440770364 0.0109367347704 0.000469068849619 0.171339346176 -0.00807429847436 0.0497741512788 0.0205761012941 0.0201944722286 
-0.000530568011065 -0.00450867529722 0.00703443013614 0.00013252380688 0.0135807895997 0.00637944551614 -0.000243996142583 -0.0269560533625 -0.0242196916822 0.0260889377485 -0.0110454113806 -0.00409477878089 0.0278695416535 0.00740295689651 0.0219795045587 0.0128621145548 0.002175029361 0.0348920257984 0.0156116166628 0.0119212724908 0.015505490015 0.045771567359 0.153272624974 -0.015912727741 0.00157175149632 -0.00807429847436 0.379083212881 0.0433898570629 0.012429865692 0.0473150578745 
0.0658963469924 0.0220388711026 0.00406492994878 0.042740509379 0.0293218585398 0.0712423529963 0.0114746636517 0.0277534007484 0.0147605018297 0.0326572806843 0.0136355905815 0.00329596379113 0.117418103931 0.0565151356417 0.0163256093392 0.0187423328559 0.0174585371216 0.0280399865876 0.00482833385557 0.00827946970184 -0.0151045719248 0.0732608517822 0.0510912309423 -0.00546450008384 0.0375906232217 0.0497741512788 0.0433898570629 0.456239388776 0.0347157813389 0.0297482842411 
0.0164944509753 0.0217668462981 0.0191921221417 0.000779719425524 0.0188345996167 0.0299515328991 0.0116202465064 0.00243096192342 -0.00295018636985 0.00994040718986 -0.000798105574766 0.0108716748317 0.00683998712527 0.0180545383121 0.0220920329144 -0.00756715617376 0.0333692279793 0.0134369421318 0.017890021242 0.0131738117605 0.00529640083712 0.0278298955697 0.0222465656 0.0228225544158 0.00964197339568 0.0205761012941 0.012429865692 0.0347157813389 0.143930442729 0.0131367921976 
0.0189742409588 0.0160645144371 -0.00120103291243 -0.00358970870811 0.0449199390676 0.0707481624933 0.0168132271298 -0.0154727822483 0.00356597049152 0.0121533890246 0.00242247180003 0.0218528586387 -0.00816223151181 0.00523507979982 0.0566213977163 0.0137568332089 0.0271579723132 0.0705964731488 0.0032758323916 -0.00584394657852 0.00796230611136 0.0203555271052 0.0569512386916 0.0169283678426 -0.0183968978213 0.0201944722286 0.0473150578745 0.0297482842411 0.0131367921976 0.259106973344 
0.0160563927867 0.00263607864063 0.00123485288295 0.000767401502275 0.00350004120201 0.00279321820848 0.00177299529852 0.00335436463791 0.00338797053222 0.00142052114454 0.000935247490145 0.00107226975414 0.00335776475094 0.00132540054202 0.0017836407296 3.73378781163e-05 0.00186129450513 0.000614553065662 0.00127480283054 -0.000466696379059 0.00117486316824 0.0016422804187 0.00218911529145 0.0013643064653 0.000417647000742 0.00266756947269 -4.59485376018e-05 0.0057067910512 0.00142846135661 0.00164321746879 
0.00263607864063 0.0301649638056 0.000927382307428 0.000924424267254 0.00163548315073 0.00501622235902 0.00113880237743 0.000900656949995 -0.000247175668455 0.00237061985642 0.00283091539975 0.00346458900016 0.000329707544383 0.000268391641566 0.00104449289127 -0.000347702624647 0.00130690815793 0.000459176104317 0.0015565945151 0.000101739054134 0.00101129081325 0.00419598598273 0.00280281788786 0.00292501445544 -0.000856884279291 0.00196189566525 -0.00039046273448 0.00190862222456 0.00188506418544 0.0013912277602 
0.00123485288295 0.000927382307428 0.0295260268406 0.000449531564177 0.00108112874085 0.00157881860592 0.00226129128193 -0.000145408163862 -0.000536093133311 0.00218900936046 0.000323662233964 0.00109987282546 0.00154727141199 0.00120584397726 0.0007275636764 -0.00252334243904 0.00110517716479 0.000399512123013 0.000748309325143 -0.000717038477068 0.00137442844606 0.00649649392078 0.000346328214531 0.00252876569326 0.00192900108876 0.00143226423453 0.000609199519904 0.000352033260025 0.00166208653272 -0.000104012501295 
0.000767401502275 0.000924424267254 0.000449531564177 0.0169745502135 0.0011768734018 0.00162113669142 0.00208752872265 0.0029587655783 0.000521572538431 0.00247739975576 0.00224741581128 0.000570643606944 0.000665492608158 0.00329124516148 0.00152007951605 0.00124743932733 0.00289757604695 0.000200970030187 0.000980268505853 0.00191289708913 0.00119759288902 0.00118809217328 -0.0010529824991 -9.67112478918e-05 0.00187260319326 0.00307695289875 1.14768983365e-05 0.00370143668929 6.75256830328e-05 -0.000310877893341 
0.00350004120201 0.00163548315073 0.00108112874085 0.0011768734018 0.0138468609191 0.00355320176023 0.00167202511749 0.00198918147014 0.000353194516249 0.0042176047296 0.000928750467036 0.00173974766917 0.00100796185722 0.00182318480343 0.00180677281305 -7.52227443895e-05 0.00318910205835 0.00290296895513 0.00144243773094 0.00157304609885 0.00143601637186 0.00321253692801 0.00212569334045 0.00128145692575 -0.000197822859891 0.00341328412875 0.00117613087968 0.00253934743816 0.00163112417381 0.0038901808369 
0.00279321820848 0.00501622235902 0.00157881860592 0.00162113669142 0.00355320176023 0.044357733893 -0.00102927177459 0.00115865329385 0.00274965979738 0.000226579881329 0.00144708096296 0.00340279146504 0.000494553669405 -0.00228453450564 0.00149286978428 -0.000174581673784 0.00290808999587 0.00103883357617 0.00239694626164 -0.00144589183732 0.00352693691992 0.00445530488898 0.00489764199316 0.00211210945364 0.00184185482803 0.00238286273027 0.000552476187903 0.00616976875201 0.00259387883729 0.00612697059903 
0.00177299529852 0.00113880237743 0.00226129128193 0.00208752872265 0.00167202511749 -0.00102927177459 0.034634383141 0.000691486566649 0.00161358311332 0.00118971960615 0.000176709899974 0.00300260870418 -0.000371166037264 0.000486490467431 0.00315469434506 0.000732595219429 0.00213036245302 0.000123341186571 0.000577486493802 0.00057948160561 0.00361569071427 0.00378332376393 1.16601889106e-05 0.00156545628798 0.00278611642116 0.00183298635032 -2.11306857902e-05 0.000993735022226 0.00100634286728 0.0014560681814 
0.00335436463791 0.000900656949995 -0.000145408163862 0.0029587655783 0.00198918147014 0.00115865329385 0.000691486566649 0.026500905921 0.00375059628584 0.0018176202515 0.00119158613281 0.000200232325938 -0.000928229349568 0.00100562413057 -0.00079249015044 0.00129981320146 0.00242454317584 -0.000687816044662 0.00188633853371 0.00483877863674 0.000415903323322 0.00289998513939 -0.00166525771555 0.00191393782202 0.000647267908841 0.00188678953559 -0.00233446269977 0.00240351500895 0.000210527478131 -0.00133998224942 
0.00338797053222 -0.000247175668455 -0.000536093133311 0.000521572538431 0.000353194516249 0.00274965979738 0.00161358311332 0.00375059628584 0.0548857391715 0.00110238377022 -5.23695087318e-05 0.00232423485109 0.000496080058274 0.00150087660452 0.0020945340834 0.00130748177239 0.00324035042783 0.0018677645098 0.0019527697827 0.00127648003275 0.00127953096264 0.000310222544327 0.000973256698766 0.000767818159807 -0.00141895586189 0.00140912430323 -0.00209748682686 0.00127829695571 -0.000255493634219 0.00030882210348 
0.00142052114454 0.00237061985642 0.00218900936046 0.00247739975576 0.0042176047296 0.000226579881329 0.00118971960615 0.0018176202515 0.00110238377022 0.0258801589295 0.000292686097994 0.00214028274215 0.00122778974519 0.00291316016985 0.000762986986776 0.00189459355238 0.00371573536324 0.00215683156666 0.0036206927316 0.00241437291756 0.000179085282188 0.00206393028857 0.00141367865584 0.00151700816112 0.00191219149105 0.0064859795285 0.00225936828479 0.00282820346911 0.000860864515038 0.00105251436374 
0.000935247490145 0.00283091539975 0.000323662233964 0.00224741581128 0.000928750467036 0.00144708096296 0.000176709899974 0.00119158613281 -5.23695087318e-05 0.000292686097994 0.0283104650621 -0.00013868422025 0.00192508074532 0.0025507840297 0.0024098920363 -0.000399256409387 0.00584106435802 0.000740181343213 0.00301900102856 0.00207377098979 0.00126332699716 0.00291729440966 -8.50723448427e-05 0.00986119567134 0.00258233527752 0.00169365677658 -0.000956560685089 0.00118087678392 -6.9117970265e-05 0.000209792211877 
0.00107226975414 0.00346458900016 0.00109987282546 0.000570643606944 0.00173974766917 0.00340279146504 0.00300260870418 0.000200232325938 0.00232423485109 0.00214028274215 -0.00013868422025 0.0193919177555 0.00168707768603 0.000372219671271 0.00150302618989 0.00309357370889 0.00188148237104 0.00147903887681 0.00241984115533 0.00115474505501 0.00177975291933 0.000848915594508 -9.39448971107e-05 0.000777531079784 -0.000499956435059 0.00118319530134 -0.000354618244713 0.000285438837308 0.000941514658596 0.00189251307265 
0.00335776475094 0.000329707544383 0.00154727141199 0.000665492608158 0.00100796185722 0.000494553669405 -0.000371166037264 -0.000928229349568 0.000496080058274 0.00122778974519 0.00192508074532 0.00168707768603 0.0374022966013 -0.000141269849696 0.0027149635436 0.000163609143911 0.00341259769616 0.00151036112002 -0.00114468065971 0.00181352657318 -0.00209332475852 -0.00124357483045 0.00287357983975 0.000532922114319 -0.000815177487348 0.000904741451684 0.00241357310637 0.0101687060869 0.000592360261204 -0.00070686998408 
0.00132540054202 0.000268391641566 0.00120584397726 0.00329124516148 0.00182318480343 -0.00228453450564 0.000486490467431 0.00100562413057 0.00150087660452 0.00291316016985 0.0025507840297 0.000372219671271 -0.000141269849696 0.0187458188806 0.000439386139959 0.000293099802111 0.00102342997192 0.00254422565008 0.000596753860771 0.00126940699633 0.000735406921728 0.00183419363294 0.000251825242607 0.000413364010883 0.00149049231247 0.00385116916872 0.00064111487355 0.0048943543164 0.00156356888318 0.000453371209748 
0.0017836407296 0.00104449289127 0.0007275636764 0.00152007951605 0.00180677281305 0.00149286978428 0.00315469434506 -0.00079249015044 0.0020945340834 0.000762986986776 0.0024098920363 0.00150302618989 0.0027149635436 0.000439386139959 0.0195304845335 0.000753214098832 0.00262294770964 0.00396959065238 0.00134770193358 0.00214524569949 0.00138059238805 -0.00046693962345 0.0026635275521 0.000362051107963 -3.45754752522e-06 0.000805272483367 0.00190348093105 0.001413839242 0.00191322617251 0.00490355688201 
3.73378781163e-05 -0.000347702624647 -0.00252334243904 0.00124743932733 -7.52227443895e-05 -0.000174581673784 0.000732595219429 0.00129981320146 0.00130748177239 0.00189459355238 -0.000399256409387 0.00309357370889 0.000163609143911 0.000293099802111 0.000753214098832 0.032638090596 -0.000306050632809 -0.000145009928467 -0.000164936606478 0.000519907792515 -0.000587568594351 0.00119971385174 -0.000490117039365 0.00077161539769 0.00156636182084 0.00114730764281 0.00111389179508 0.00162313363794 -0.000655334948088 0.00119137670345 
0.00186129450513 0.00130690815793 0.00110517716479 0.00289757604695 0.00318910205835 0.00290808999587 0.00213036245302 0.00242454317584 0.00324035042783 0.00371573536324 0.00584106435802 0.00188148237104 0.00341259769616 0.00102342997192 0.00262294770964 -0.000306050632809 0.0356691206002 0.00299623755799 0.00179856892321 0.00121398988604 0.00168140963967 0.00284642722161 -0.00251752422843 0.00275376884282 0.00493845667306 0.00181087914445 0.00018836306806 0.00151195366602 0.00288985991348 0.00235194939385 
0.000614553065662 0.000459176104317 0.000399512123013 0.000200970030187 0.00290296895513 0.00103883357617 0.000123341186571 -0.000687816044662 0.0018677645098 0.00215683156666 0.000740181343213 0.00147903887681 0.00151036112002 0.00254422565008 0.00396959065238 -0.000145009928467 0.00299623755799 0.0184499550988 0.000770562636973 0.00116943915698 0.00133277740599 0.00157038213786 0.00514046738489 -0.00060382453924 0.00122528422726 0.00214223096604 0.00302173807309 0.00242833407066 0.00116367332353 0.00611383391645 
0.00127480283054 0.0015565945151 0.000748309325143 0.000980268505853 0.00144243773094 0.00239694626164 0.000577486493802 0.00188633853371 0.0019527697827 0.0036206927316 0.00301900102856 0.00241984115533 -0.00114468065971 0.000596753860771 0.00134770193358 -0.000164936606478 0.00179856892321 0.000770562636973 0.0179891496768 -0.000386776011322 0.00112170720727 0.000872904141989 -3.65801196964e-05 0.00143357855679 0.00135685733588 0.00339477124018 0.00135200566241 0.000418145977688 0.00154932128699 0.000283695406966 
-0.000466696379059 0.000101739054134 -0.000717038477068 0.00191289708913 0.00157304609885 -0.00144589183732 0.00057948160561 0.00483877863674 0.00127648003275 0.00241437291756 0.00207377098979 0.00115474505501 0.00181352657318 0.00126940699633 0.00214524569949 0.000519907792515 0.00121398988604 0.00116943915698 -0.000386776011322 0.0178822727753 -0.000262938505401 0.000914079684807 -0.000506054819243 0.0017423651717 0.00157625894396 0.00172791268527 0.00103241248225 0.000717023109166 0.00114088556492 -0.000506100619536 
0.00117486316824 0.00101129081325 0.00137442844606 0.00119759288902 0.00143601637186 0.00352693691992 0.00361569071427 0.000415903323322 0.00127953096264 0.000179085282188 0.00126332699716 0.00177975291933 -0.00209332475852 0.000735406921728 0.00138059238805 -0.000587568594351 0.00168140963967 0.00133277740599 0.00112170720727 -0.000262938505401 0.0207882598379 0.00278898616372 0.00109254797518 0.0011471577392 2.2221486766e-05 0.00237462779062 0.00134281482511 -0.00130809430002 0.000458681767357 0.000689555936514 
0.0016422804187 0.00419598598273 0.00649649392078 0.00118809217328 0.00321253692801 0.00445530488898 0.00378332376393 0.00289998513939 0.000310222544327 0.00206393028857 0.00291729440966 0.000848915594508 -0.00124357483045 0.00183419363294 -0.00046693962345 0.00119971385174 0.00284642722161 0.00157038213786 0.000872904141989 0.000914079684807 0.00278898616372 0.0387880225861 0.00249776865666 0.00117679212455 0.00230811387361 0.00252742194575 0.0039639340104 0.00634457587463 0.0024101396548 0.00176284035805 
0.00218911529145 0.00280281788786 0.000346328214531 -0.0010529824991 0.00212569334045 0.00489764199316 1.16601889106e-05 -0.00166525771555 0.000973256698766 0.00141367865584 -8.50723448427e-05 -9.39448971107e-05 0.00287357983975 0.000251825242607 0.0026635275521 -0.000490117039365 -0.00251752422843 0.00514046738489 -3.65801196964e-05 -0.000506054819243 0.00109254797518 0.00249776865666 0.0337466117835 0.000235877931178 0.00227099746237 0.000275777796736 0.0132737986932 0.00442463039066 0.00192660909566 0.00493212194839 
0.0013643064653 0.00292501445544 0.00252876569326 -9.67112478918e-05 0.00128145692575 0.00211210945364 0.00156545628798 0.00191393782202 0.000767818159807 0.00151700816112 0.00986119567134 0.000777531079784 0.000532922114319 0.000413364010883 0.000362051107963 0.00077161539769 0.00275376884282 -0.00060382453924 0.00143357855679 0.0017423651717 0.0011471577392 0.00117679212455 0.000235877931178 0.024316675208 0.00230442561617 0.00094714901456 -0.00137808264672 -0.000473239589159 0.00197649119033 0.00146603965963 
0.000417647000742 -0.000856884279291 0.00192900108876 0.00187260319326 -0.000197822859891 0.00184185482803 0.00278611642116 0.000647267908841 -0.00141895586189 0.00191219149105 0.00258233527752 -0.000499956435059 -0.000815177487348 0.00149049231247 -3.45754752524e-06 0.00156636182084 0.00493845667306 0.00122528422726 0.00135685733588 0.00157625894396 2.2221486766e-05 0.00230811387361 0.00227099746237 0.00230442561617 0.0341796032214 4.06225539894e-05 0.000136117672425 0.00325544346541 0.000835019390327 -0.00159321808641 
0.00266756947269 0.00196189566525 0.00143226423453 0.00307695289875 0.00341328412875 0.00238286273027 0.00183298635032 0.00188678953559 0.00140912430323 0.0064859795285 0.00169365677658 0.00118319530134 0.000904741451684 0.00385116916872 0.000805272483367 0.00114730764281 0.00181087914445 0.00214223096604 0.00339477124018 0.00172791268527 0.00237462779062 0.00252742194575 0.000275777796736 0.00094714901456 4.06225539894e-05 0.0148384226456 -0.000699254759653 0.00431056794593 0.00178194264315 0.0017488925966 
-4.59485376018e-05 -0.00039046273448 0.000609199519904 1.14768983365e-05 0.00117613087968 0.000552476187903 -2.11306857902e-05 -0.00233446269977 -0.00209748682686 0.00225936828479 -0.000956560685089 -0.000354618244713 0.00241357310637 0.00064111487355 0.00190348093105 0.00111389179508 0.00018836306806 0.00302173807309 0.00135200566241 0.00103241248225 0.00134281482511 0.0039639340104 0.0132737986932 -0.00137808264672 0.000136117672425 -0.000699254759653 0.0328295692503 0.00375767184831 0.00107645794549 0.00409760421008 
0.0057067910512 0.00190862222456 0.000352033260025 0.00370143668929 0.00253934743816 0.00616976875201 0.000993735022226 0.00240351500895 0.00127829695571 0.00282820346911 0.00118087678392 0.000285438837308 0.0101687060869 0.0048943543164 0.001413839242 0.00162313363794 0.00151195366602 0.00242833407066 0.000418145977688 0.000717023109166 -0.00130809430002 0.00634457587463 0.00442463039066 -0.000473239589159 0.00325544346541 0.00431056794593 0.00375767184831 0.0395114900888 0.00300647485517 0.00257627698718 
0.00142846135661 0.00188506418544 0.00166208653272 6.75256830328e-05 0.00163112417381 0.00259387883729 0.00100634286728 0.000210527478131 -0.000255493634219 0.000860864515038 -6.9117970265e-05 0.000941514658596 0.000592360261204 0.00156356888318 0.00191322617251 -0.000655334948088 0.00288985991348 0.00116367332353 0.00154932128699 0.00114088556492 0.000458681767357 0.0024101396548 0.00192660909566 0.00197649119033 0.000835019390327 0.00178194264315 0.00107645794549 0.00300647485517 0.0124647419781 0.00113767957674 
0.00164321746879 0.0013912277602 -0.000104012501295 -0.000310877893341 0.0038901808369 0.00612697059903 0.0014560681814 -0.00133998224942 0.00030882210348 0.00105251436374 0.000209792211877 0.00189251307265 -0.00070686998408 0.000453371209748 0.00490355688201 0.00119137670345 0.00235194939385 0.00611383391645 0.000283695406966 -0.000506100619536 0.000689555936514 0.00176284035805 0.00493212194839 0.00146603965963 -0.00159321808641 0.0017488925966 0.00409760421008 0.00257627698718 0.00113767957674 0.0224393221214 

['SNA', 'MCD', 'STJ', 'BLS', 'VNO', 'BC', 'HMA', 'ABT', 'NOVL', 'GDW', 'CSCO', 'FO', 'MIL', 'MET', 'FPL', 'FRX', 'XLNX', 'SRE', 'WMT', 'BMY', 'RX', 'ASH', 'APA', 'VFC', 'SLR', 'WB', 'MUR', 'NUE', 'SIAL', 'EIX']