50
0.0601344650096 0.022775665512 0.0433119494187 0.155431064381 0.176756138136 0.176385145314 0.0904248988876 0.00640420781163 0.0791171504464 0.0315903614714 0.00388664565626 0.0315088302779 0.125568601155 0.0189508527873 0.00496789573306 0.00792878112812 0.0914492870129 0.0110311255814 0.0658076634161 0.143358946574 0.035272852014 0.0798623823862 0.0300310371189 0.0423549004831 0.0321720089654 0.0573021249509 0.110578936942 0.0994766710856 0.168192385625 0.139274044211 0.165275344352 0.0637259516476 0.0662185328213 0.0560151075184 0.0166595463284 0.126255379542 0.0301217617298 -0.00168409401267 -0.0014382556632 0.0979044774238 0.0413299620627 0.0413413845105 0.275152850517 0.0132966740539 0.115739319126 0.142595623168 0.0251356843311 0.0194782181544 0.0453963667668 0.088181568025 
0.28150388572 -0.00683715848731 0.0220118589471 0.00937721008093 0.00924312686114 0.019981934817 -0.0232849847866 0.00935744106129 0.0154786743427 0.00528556195209 0.00267376153675 0.0108413298497 0.00644809364754 -8.86383245421e-05 -0.00844238296194 -0.0104713709196 0.0378110916785 0.00662487019419 0.0151211655655 -0.00794718012469 0.00426807856933 -0.0192760750791 -0.00440518842191 -0.00951973393258 0.024954539812 0.0245018751326 0.000265110596751 -0.0106067492627 -0.00473231217688 -0.000951980906342 -0.0257449514991 -0.00113143326051 0.0134936070216 -0.00368353494801 0.0101800091649 -0.010287010716 0.0349154904351 0.00532188491107 0.0170883610491 0.0448732380838 0.0247948408724 0.00128113019281 -0.020837278334 0.0593119646989 0.0260884781111 0.019903863123 0.00780684029627 0.0264953607207 0.0145060321177 -0.0137903261501 
-0.00683715848731 0.195029854707 0.0252342668202 0.0039969583056 0.00574052394369 0.00881057784824 0.0325741609485 0.0379985443783 0.0207026110526 0.0302236955865 0.0118147855895 0.00602117886248 0.0226510251729 0.00241265602952 0.0374712776077 0.0217782968776 0.0406949675466 0.0295675813638 0.0194230385801 0.0447284177538 0.0312852400609 0.0166844013364 0.0210849770176 0.0182400739783 0.0355516519435 0.0242829601913 0.0280840564355 0.0360900924017 0.0137684667997 0.0669873312916 -0.0148728788265 -0.000453090327669 0.0125799353566 0.00950253836134 0.0258779524376 0.0245156143212 0.0129833784277 0.0272243912555 0.0347206787165 0.0060292894931 0.0243075722845 0.0272928925625 0.0731755753211 0.00773817339472 0.0537020844492 0.0273542169734 0.0197261772845 0.0285992893503 0.0016574933768 0.0293434806316 
0.0220118589471 0.0252342668202 0.177824324347 0.0152772874673 0.00748974927325 0.03437953843 -0.00763341488045 0.00556993584129 0.0179499364065 0.0298611723897 0.00685571139132 0.0366992042003 0.0196785819034 0.00648738771135 0.0105711237473 0.0113487090103 0.0246347008337 0.0126625108937 0.00813906160201 0.0242262415945 0.00399917147709 -0.00351002481296 0.00744137737777 0.00408921551693 0.0208632700745 0.0187252997582 0.00346408300998 -0.0140902749445 0.00286492941454 0.0544697841986 0.00735942002099 0.0118529842585 0.0169177936781 -0.00764866094831 0.0216000908196 0.0109060343662 0.0233134738862 0.0234187362501 0.0143945596697 0.0178215464119 0.00888425139428 0.0183902954569 0.0072678389569 0.0116300081761 0.0302551727029 0.00505075711673 0.0268722356778 0.0375347297424 -0.0150200844312 0.00302986416381 
0.00937721008094 0.0039969583056 0.0152772874673 0.698875053141 -0.00700219138326 -0.00504572533055 -0.00270305099715 0.00485887662873 0.0496635005638 0.027026326884 0.0250216233636 0.0254756438927 -0.00619257112911 0.0251746954899 0.00614212223829 0.0252502360422 0.0808995746874 0.0236159283466 -0.00123007300336 0.0171903700889 0.0204105582531 -0.00325998758002 0.00220310268858 0.020410850541 0.0217583789064 0.003216765358 -0.0222094594685 0.0379881840506 -0.0128936888145 -0.00122610807511 0.00875119856499 0.0220854181478 0.0329640523996 0.0222799516046 0.0110635117055 0.0404458853891 0.0147172942648 0.0250906755571 0.0142150524776 0.00647522979269 0.00864388132728 0.00153022483799 0.0562738280671 0.0132759598071 0.021865555418 0.0549375634624 0.0143263448058 0.0115465413581 0.0197643539911 0.018386932969 
0.00924312686114 0.00574052394369 0.00748974927325 -0.00700219138326 1.48560005468 0.0179557430175 0.0174252183936 0.00752916345396 -0.0129363870894 0.00486166282183 0.0165023191533 -0.00225454020577 -9.45180917752e-05 -0.0134135997792 0.0232291391312 0.0194475993957 0.0301000372311 0.010067859123 -0.0330068357138 0.00239357778529 -0.0150297216217 -0.020532551617 0.037646891235 0.0194152196776 0.0138104314704 0.0207861238787 0.0892971817581 -0.0119306300282 0.0383399433061 0.0086733283051 -0.0198195062578 0.00902882475169 0.0100156801317 -0.00772929588739 0.0216990272902 0.0296241935081 0.00640432391237 -0.000744444004315 0.0239072444609 -0.0141947229138 0.0444295427565 0.0216702957875 -0.0228895394019 -0.0298523330633 0.017964994231 0.0747923675216 0.00381600108402 0.0314640744475 0.00535549836433 0.00528633512492 
0.019981934817 0.00881057784824 0.03437953843 -0.00504572533055 0.0179557430175 0.616611506454 0.0277949894908 0.0267804101791 0.0431856999518 0.0228517998084 0.0365260052734 0.0139433253273 0.0151604519531 0.0286411470401 0.00692526557116 -0.00883150956389 0.0674228452892 0.0108529765573 0.0326653157668 -0.0211094863663 0.00552320902081 0.00884822096205 0.0174728001107 -0.0150774729583 0.0001782504167 0.035525031292 0.0332037834384 -0.009098028189 0.0608110992039 0.0050702381021 0.00262915433171 0.0402995335815 -0.00879697242363 0.0147050581129 0.0100489660377 0.0427235199059 0.0324952989744 0.0165693565758 0.0191085524569 -0.0102646807837 -0.0207809633163 0.0127899754912 -0.0354284169984 0.0176584918185 0.0224725776757 0.0337161176985 0.0213162601904 0.0258865042905 0.0200438444058 0.0537383978498 
-0.0232849847866 0.0325741609485 -0.00763341488045 -0.00270305099715 0.0174252183936 0.0277949894908 0.339979542695 0.0538394782143 -0.00437812787854 0.0152172671476 0.035133524736 0.0214867014446 0.00991110081405 -0.00978282910096 0.0462455008713 0.0140938712703 0.0428513383601 0.0156787406735 0.00420087997375 0.0514652010781 0.0100308283447 0.188606144031 0.0160335412464 -0.010392577038 0.00370519938001 0.00698543228151 0.0248436393197 0.0196181495976 0.00493791164562 0.0225190207971 -0.0205543662742 0.0140178241169 0.00587695536888 0.0324968053745 0.0285589082559 0.00328760477637 0.0187021717838 0.0124941122176 -0.00350464921118 -0.0115862305761 -0.0291036953986 0.0122909638663 0.0370287703892 0.00260919804263 0.0296277501277 0.00536096735229 -0.00909967837291 0.00315908461202 -0.0081097536201 0.00297895221611 
0.00935744106129 0.0379985443783 0.00556993584129 0.00485887662873 0.00752916345396 0.0267804101791 0.0538394782143 0.165024157067 0.0142331968809 0.0276280772521 0.0273012515479 0.0266353200024 0.0249581799556 -0.00023886267048 0.023308223517 0.0161967017576 0.0510471560657 0.0320914401765 0.00297140143976 0.0351551176244 -0.00997574374506 0.0516532437681 0.0220886534912 0.0141670972664 0.0163787157539 0.02050695065 0.00141212482334 0.0580193177988 0.0148304396819 0.0155806817839 0.00631425119611 -0.00230054418354 0.00331391354386 0.0197116446747 0.0163354413466 0.0100784297854 0.00595238989013 0.0150304196209 0.0219192858121 0.0169189006082 0.00450849575471 0.00494638773833 0.0213429191184 0.00454712303263 0.0183340789611 0.0235050983394 0.00670436709593 0.014503771757 0.0106084937516 0.0127472924867 
0.0154786743427 0.0207026110526 0.0179499364065 0.0496635005638 -0.0129363870894 0.0431856999518 -0.00437812787854 0.0142331968809 0.378475425653 0.0335718644926 0.0295640636978 0.0342896512021 -0.00587291087445 -0.00922402979511 -0.00457242835161 0.0164459016203 0.0522517105438 0.0138086317104 0.00648050294984 0.0312101407283 0.00581759064412 -0.0212531390381 0.00506223398303 0.00181966340602 0.018962181828 0.0225727388982 0.00746777588208 -0.0165082905354 0.0235652675075 0.0253479025032 -0.0240011290606 0.024655307068 -0.00767730583097 0.0333966139648 0.0095052680299 0.0142087675947 0.0063286994083 0.0143311895208 0.0099142833164 -0.00325363612687 0.0187520369197 0.0121000659249 0.00749786779093 0.00761230173248 0.000187467583132 0.0231563412822 0.0168591434035 0.0199530850467 0.0216984638949 0.0252076119126 
0.00528556195209 0.0302236955865 0.0298611723897 0.027026326884 0.00486166282183 0.0228517998084 0.0152172671476 0.0276280772521 0.0335718644926 0.145402559915 0.0252150923089 0.0321337861537 0.0375617763445 -0.00168897006638 0.0294331174375 0.0153542151046 0.0482263683199 0.0188646676525 -0.00251060996336 0.0109749112388 0.0156112052307 0.0227566507692 0.0120750452146 0.0101413008807 0.00725095219238 0.0199644640846 0.0102173927943 0.00901255413372 0.000143887820516 0.0364025956963 -0.000229194236052 0.0231198171221 0.00997246254715 0.0294116776505 0.0245810663146 0.0256227174769 0.00753002192545 0.0197187146298 0.00933234339161 0.0202203675102 0.0117348328794 0.0277477433426 -0.01173182626 0.00921638615286 0.0427694025208 0.0105389874396 0.0253064179492 0.0328248599582 0.00292896951794 0.00995858070831 
0.00267376153675 0.0118147855895 0.00685571139132 0.0250216233636 0.0165023191533 0.0365260052734 0.035133524736 0.0273012515479 0.0295640636978 0.0252150923089 0.224710753638 0.0352488080427 0.00867503617483 0.00660174844645 0.0493765626817 0.00203713366157 0.0223382633997 0.0333765144805 0.00597748729895 0.0437675703141 0.00704452917858 0.0206112545161 0.00899207656541 0.00684448828553 0.00581902985178 0.00883609611175 0.00443889370942 0.000451320631435 -0.00148952605308 0.0148380101257 -0.00807696615881 0.00561197759915 0.00118659636352 0.0117892211762 0.0247852714173 0.0131019321546 -0.00657890426497 -0.00431838992731 0.0216546153952 -0.00658944093868 0.00605237257112 0.0088293534801 0.00287476709334 0.00160918229262 0.0396306786914 0.00462273533624 0.00447059196157 0.00592638327033 -0.0306052001974 -0.00916150258064 
0.0108413298497 0.00602117886248 0.0366992042003 0.0254756438927 -0.00225454020577 0.0139433253273 0.0214867014446 0.0266353200024 0.0342896512021 0.0321337861537 0.0352488080427 0.220796788533 0.0196345574792 0.0104270169365 0.0129188930892 0.0192666034322 0.0639524250582 0.0162565135955 0.0167426494313 0.0200326930985 0.0148532899226 0.0277416734267 0.0142880925087 0.00311913322714 0.00988810087809 0.0411815135017 0.0127239342255 0.0175586759405 -0.00922956683395 0.010985013174 0.0154762746295 0.026331610715 0.0536945053917 0.0178019062014 0.00523090262791 0.0128717883247 0.0132038277667 0.0157765254201 0.0170283343172 0.0176761540988 0.0181356809628 0.0181050149743 -0.000264566597018 0.00686836241709 0.0275823560271 0.0209350614118 0.035432195143 0.0274973061272 0.0123348525606 0.0255197081893 
0.00644809364754 0.0226510251729 0.0196785819034 -0.0061925711291 -9.45180917763e-05 0.0151604519531 0.00991110081405 0.0249581799556 -0.00587291087445 0.0375617763445 0.00867503617483 0.0196345574792 0.820170381722 0.0131298668067 0.0146643398659 0.0297437212837 0.0327883296832 0.0237975103789 -0.00887969829501 0.070056038601 -0.0165129362005 -0.0259145576347 -0.0049672767328 0.0162850655203 -0.00104600300929 0.00105491464529 -0.0201509593197 0.0304821200637 0.00133985603628 0.0872377817563 -0.00376737983998 -0.00317717780507 0.00640985920136 0.107026676902 0.0175692581341 0.0242166777622 0.00896818689636 0.0202993060535 0.0122873917071 0.0629752974686 0.00133351980711 0.012526854622 -0.00864518758006 0.0296944929375 0.00595087691709 0.0180988476708 -0.000180723047516 -0.00568854157876 0.00331494526832 0.00803772159485 
-8.86383245419e-05 0.00241265602952 0.00648738771135 0.02517469549 -0.0134135997792 0.0286411470401 -0.00978282910096 -0.000238862670481 -0.00922402979511 -0.00168897006638 0.00660174844645 0.0104270169365 0.0131298668067 0.387555385436 -0.0011764440565 -0.000743834825643 0.0153227111329 -0.013501499705 0.00733252011953 0.0371136482155 0.028889988538 0.0194180154597 -0.00720102071453 0.00101979139948 0.00948295753282 0.0184097542851 0.0322691330967 -0.00715258460321 0.0075991359358 0.0563022985113 -0.00259711876594 -0.00491670873837 0.0182245307986 -0.0113658439163 0.00801377759712 0.0307011141808 0.00603627731568 0.00784059872696 -0.0058781971072 0.0130879777345 -0.0170199548053 0.0199438077611 0.0181134999367 0.0173220059366 0.0071773192066 0.0383174836338 -0.00400889752977 0.000677913893417 0.0513436595703 0.035036380749 
-0.00844238296194 0.0374712776077 0.0105711237473 0.00614212223829 0.0232291391312 0.00692526557116 0.0462455008713 0.023308223517 -0.0045724283516 0.0294331174375 0.0493765626817 0.0129188930892 0.0146643398659 -0.0011764440565 0.156380465152 0.006839448725 0.0222625124132 0.0379229432694 0.0184944205694 0.0204414179747 -0.00128638518238 0.0503323732619 0.0257840235685 0.00950988102864 0.0164475820362 0.0107327527821 0.00330348974239 0.00990413678481 0.0140651761005 0.0106653648148 0.00848817902224 0.0223823998075 0.0120429400242 0.0235513819861 0.0211251018292 0.00525011147013 0.00586752854132 0.00330382278455 -0.00215569019688 -0.0161413026591 0.00457964552715 -0.00696751183519 -0.00926025032613 0.00334093676724 0.0380876414542 0.0125019107971 0.0052374875653 0.00836243753794 -0.00206859982332 -0.020861729715 
-0.0104713709196 0.0217782968776 0.0113487090103 0.0252502360422 0.0194475993957 -0.00883150956389 0.0140938712703 0.0161967017576 0.0164459016203 0.0153542151046 0.00203713366157 0.0192666034322 0.0297437212837 -0.000743834825643 0.006839448725 0.228318664114 0.0124851337063 0.00706536046561 0.0051170751119 -0.00294048909203 -0.00579245327882 0.0143227515931 0.0118973507346 -0.00483774162331 0.0216334038257 0.0280992665373 0.020147013217 -0.0287974660642 0.016364340233 -0.00652921991747 -0.0201228191247 0.00841614257733 0.00976240273261 -0.00510022872228 0.0048726192343 0.0130440947377 -0.00384420317857 -0.00830591906481 0.0127744936951 0.00885741582739 0.0231421089786 0.00365044445999 -0.036380371099 0.0122696961162 0.00819870282682 0.0304118572234 0.0113075703988 0.026953898534 0.0468537616814 0.0230886102264 
0.0378110916785 0.0406949675466 0.0246347008337 0.0808995746874 0.0301000372311 0.0674228452892 0.0428513383601 0.0510471560657 0.0522517105438 0.0482263683199 0.0223382633997 0.0639524250582 0.0327883296832 0.0153227111329 0.0222625124132 0.0124851337063 0.448046721596 0.024682407703 0.0265433602943 0.0423444631105 0.0123386975908 0.0824679782852 -0.00501648087657 -0.0119254211781 0.024552804038 0.0872096121653 0.0355713351901 0.0257563515234 0.0138266057351 0.062325169697 -0.00129583947883 0.0331913935212 0.00951686320049 0.00697613319873 0.0457238133654 0.0342840317593 0.0141546213505 0.0122549375652 0.00599214077423 0.0552151299858 0.0308250214551 0.0217925433853 -0.0292672224104 0.0494764735832 0.0322353400383 0.0393957475074 0.0261320311237 0.047366969582 0.0274050989014 0.0267797361632 
0.00662487019419 0.0295675813638 0.0126625108937 0.0236159283466 0.010067859123 0.0108529765573 0.0156787406735 0.0320914401765 0.0138086317104 0.0188646676525 0.0333765144805 0.0162565135955 0.0237975103789 -0.013501499705 0.0379229432694 0.00706536046561 0.024682407703 0.140517481977 0.00343632172239 0.0167864948402 0.00330222579051 0.0248936226946 0.0250052213125 0.0176583072835 0.00796663087171 0.0010647619006 0.00401287921793 0.00607529676651 -0.00141816115528 0.00649499777152 -0.00114561160544 0.0106495821921 -0.00117448958855 0.00937955293845 0.0198472955372 -0.00786291697488 0.0150364090672 0.00884256516784 0.0227409106468 -0.00027593999334 0.0148754289956 -0.000709679992062 0.00196163864242 0.00126411536078 0.0256518132027 0.016530188317 0.012056831732 0.0186981260591 0.0153703993758 -0.00308864553415 
0.0151211655655 0.0194230385801 0.00813906160201 -0.00123007300336 -0.0330068357138 0.0326653157668 0.00420087997375 0.00297140143976 0.00648050294984 -0.00251060996336 0.00597748729895 0.0167426494313 -0.00887969829501 0.00733252011953 0.0184944205694 0.0051170751119 0.0265433602943 0.00343632172239 0.246494487048 -0.0225005866825 0.00257174197808 0.00159209506451 0.00439461992239 0.00829418431228 0.00854659136209 0.0199102088407 0.00629577899818 0.0123406431107 -0.0127210227843 -0.00871369464854 -0.00372822404789 0.0165638364459 0.00472505522859 0.0181994586514 0.0140739888175 0.0095965779214 0.0173304673125 0.0164168234838 0.0198716881119 0.0453902393659 0.0139580091472 0.0140399939506 -0.0192648165699 0.00428336946342 0.0227943015694 -0.0120262559171 0.00998307229389 0.0361744042546 -0.0101674921819 -0.00786763167941 
-0.00794718012469 0.0447284177538 0.0242262415945 0.0171903700889 0.00239357778529 -0.0211094863663 0.0514652010781 0.0351551176244 0.0312101407283 0.0109749112388 0.0437675703141 0.0200326930985 0.070056038601 0.0371136482155 0.0204414179747 -0.00294048909203 0.0423444631105 0.0167864948402 -0.0225005866825 0.654996496477 0.00949898339985 0.049462668346 0.0259692595379 0.00873430740496 0.0230002563291 0.00364548359532 -0.0239818309534 0.064974005142 0.0418420467972 0.0424245161072 -0.00752664430813 0.0170827561968 0.0555559023472 0.0196823122435 0.00290843443053 0.034007549213 0.00540997258173 0.0257268204722 -0.0017491864651 0.00615986294298 0.00794790988846 0.0313827902822 -0.0294766890009 0.00986748276142 0.0351748483365 0.0295178584897 0.00796733344431 0.00888691575031 0.018336863925 -0.00837467114882 
0.00426807856933 0.0312852400609 0.00399917147709 0.0204105582531 -0.0150297216217 0.00552320902081 0.0100308283447 -0.00997574374506 0.00581759064412 0.0156112052307 0.00704452917858 0.0148532899226 -0.0165129362005 0.028889988538 -0.00128638518238 -0.00579245327882 0.0123386975908 0.0033022257905 0.00257174197808 0.00949898339985 0.260214338695 0.00720572225088 0.0234380811721 0.0159304444877 0.0159298926249 0.0354394902648 0.00132759692537 -0.00733498651246 -0.0342085083182 0.0358591044733 -0.0127505057993 0.0166617448433 0.00730333714829 0.0173115711434 0.0161908632702 0.0310994147662 0.00666583809347 0.0214091783767 -0.00385113436636 -0.00537682115126 0.0236310028937 0.0204810087186 -0.00596622240627 0.00649277427431 0.0594630693231 0.00555644425214 0.0155334974538 0.0202984491657 0.0257160456054 0.0290739002106 
-0.0192760750791 0.0166844013364 -0.00351002481296 -0.00325998758002 -0.020532551617 0.00884822096205 0.188606144031 0.0516532437681 -0.0212531390381 0.0227566507692 0.0206112545161 0.0277416734267 -0.0259145576347 0.0194180154597 0.0503323732619 0.0143227515931 0.0824679782852 0.0248936226946 0.00159209506451 0.049462668346 0.00720572225088 0.360045380032 0.0120381098442 -0.00368063014623 0.00850933761711 0.0159677339712 0.0136763007483 0.0290506533022 -0.0278335116417 0.0249615003294 -0.0273833612417 0.0167416909967 0.0136519942631 0.0159971836549 0.0350219709882 0.00264657701658 0.00512873105091 -0.0116486578502 -0.00152858556887 -0.00938542766201 0.00303447941492 0.0144298860088 0.0506107259686 -0.0121369555409 0.0241582069665 0.00994446843139 -0.00448950702902 0.0167568781001 0.0342348667529 0.0203556973021 
-0.00440518842191 0.0210849770176 0.00744137737777 0.00220310268858 0.037646891235 0.0174728001107 0.0160335412464 0.0220886534912 0.00506223398303 0.0120750452146 0.0089920765654 0.0142880925087 -0.0049672767328 -0.00720102071453 0.0257840235685 0.0118973507346 -0.00501648087657 0.0250052213125 0.00439461992239 0.0259692595379 0.0234380811721 0.0120381098442 0.177380224307 0.0181310965882 -0.00192339353587 0.00867243268703 0.00571049927278 0.0235301145997 0.00681340785845 -0.0048062881308 -0.00492503958437 0.00979878223756 0.00144278508647 -0.0089933237441 0.00137541060764 -0.00182462099169 -0.0030121497261 0.00623079500892 0.012939575008 0.00472137997773 0.0109790269669 0.00499438018506 0.18954503321 -0.00587599189772 0.0184393709448 0.0032361906366 0.0104063862529 0.0206764071591 -0.0107527827686 0.0146718483265 
-0.00951973393258 0.0182400739783 0.00408921551693 0.020410850541 0.0194152196776 -0.0150774729583 -0.010392577038 0.0141670972664 0.00181966340602 0.0101413008807 0.00684448828553 0.00311913322714 0.0162850655203 0.00101979139948 0.00950988102864 -0.00483774162331 -0.0119254211781 0.0176583072835 0.00829418431228 0.00873430740496 0.0159304444877 -0.00368063014623 0.0181310965882 0.212505889193 0.00806062305658 0.00322117493783 0.0351772043405 0.0114801339364 -0.0181808071651 0.00649200457135 -0.0100273549032 0.0132275257367 0.00925282984929 0.0297036719236 0.00214228225373 0.0409004148769 -0.0257165684483 0.0150523758923 0.0251624797095 0.00718879888275 0.0143354790952 0.0054248809009 -0.00933609499223 0.0054841882334 0.0169617608041 0.0344903712488 0.0130100623414 0.0201184562223 -0.0144740295527 0.00396865123328 
0.024954539812 0.0355516519435 0.0208632700745 0.0217583789064 0.0138104314704 0.000178250416701 0.00370519938001 0.0163787157539 0.018962181828 0.00725095219238 0.00581902985177 0.00988810087809 -0.00104600300929 0.00948295753282 0.0164475820362 0.0216334038257 0.024552804038 0.00796663087171 0.00854659136209 0.0230002563291 0.0159298926249 0.00850933761711 -0.00192339353587 0.00806062305658 0.137499192163 0.00200134651487 0.0190972243048 0.0026123937401 0.0236329207611 0.0216215020323 0.017361049246 0.00171911580908 0.0135616731186 0.0220990956471 0.0346603526856 0.0116720163766 0.0136730760489 0.0220497871294 0.0160883687922 0.00451059020824 0.02969515495 0.0066361911765 -0.0157056131737 0.020901205351 0.00848368683022 0.0542698971677 0.0220092413348 0.0258493816292 0.0303527745837 0.0177215249476 
0.0245018751326 0.0242829601913 0.0187252997582 0.00321676535799 0.0207861238787 0.035525031292 0.00698543228151 0.02050695065 0.0225727388982 0.0199644640846 0.00883609611175 0.0411815135017 0.00105491464529 0.0184097542851 0.0107327527821 0.0280992665373 0.0872096121653 0.0010647619006 0.0199102088407 0.00364548359532 0.0354394902648 0.0159677339712 0.00867243268703 0.00322117493783 0.00200134651487 0.311292174772 -0.00416762604523 0.0169314338791 0.0308876564794 0.00476207046315 -0.0109995746728 0.0137477414033 0.00733596337967 -0.00320329688631 0.00960448401249 -0.00177236898956 0.0115472446534 0.0164326161097 0.0197412584131 -0.00381686898295 0.0173589557277 0.0271501697423 -0.00296958373819 0.00120060470912 0.0339593721803 0.00738779174804 0.024626764329 0.0160261227819 0.0546765420861 -0.00562236895429 
0.000265110596752 0.0280840564355 0.00346408300998 -0.0222094594685 0.0892971817581 0.0332037834384 0.0248436393197 0.00141212482334 0.00746777588208 0.0102173927943 0.00443889370942 0.0127239342255 -0.0201509593197 0.0322691330967 0.00330348974239 0.020147013217 0.0355713351901 0.00401287921793 0.00629577899818 -0.0239818309534 0.00132759692537 0.0136763007483 0.00571049927278 0.0351772043405 0.0190972243048 -0.00416762604523 0.811720348652 0.0164451518501 4.0714888429e-05 0.13331322722 -0.0176973795339 0.0317975149134 -0.00631069639827 0.0117992454213 0.0140504223909 0.0151465184005 0.0110108056315 0.0110679959314 0.00622964480842 0.0218873161557 0.00373286266338 -0.0142901458935 0.0112130517911 0.168953684318 -0.0135490953472 0.0599560863504 0.0140300247133 0.00135242475253 0.0261128415706 0.0189828346035 
-0.0106067492627 0.0360900924017 -0.0140902749445 0.0379881840506 -0.0119306300282 -0.009098028189 0.0196181495976 0.0580193177988 -0.0165082905354 0.00901255413372 0.000451320631435 0.0175586759405 0.0304821200637 -0.00715258460321 0.00990413678481 -0.0287974660642 0.0257563515234 0.00607529676651 0.0123406431107 0.064974005142 -0.00733498651246 0.0290506533022 0.0235301145997 0.0114801339364 0.0026123937401 0.0169314338791 0.0164451518501 0.430136284184 -0.0336212167838 0.00506706433657 0.0188381318264 0.00188214509528 -0.00132375979106 -0.00515727006641 -0.000135368477738 0.0428470162085 -0.0133140198536 0.0184539008927 0.00403147333545 0.00685650688724 -0.00101495955869 0.00415082023367 0.0180257346138 0.000706228265563 0.0420587659942 -0.000632611493112 0.00341428250069 0.00714998483017 -0.0257891867989 0.0380832625335 
-0.00473231217688 0.0137684667997 0.00286492941454 -0.0128936888145 0.0383399433061 0.0608110992039 0.00493791164562 0.0148304396819 0.0235652675075 0.000143887820517 -0.00148952605308 -0.00922956683394 0.00133985603628 0.0075991359358 0.0140651761005 0.016364340233 0.0138266057351 -0.00141816115528 -0.0127210227843 0.0418420467972 -0.0342085083182 -0.0278335116417 0.00681340785845 -0.0181808071651 0.0236329207611 0.0308876564794 4.07148884293e-05 -0.0336212167838 0.682487634807 -0.019304590683 0.0650637286806 0.0162630250649 0.0177213323058 0.00450872857056 0.00521513619152 0.000156105307057 0.0363970983111 0.0145918938123 0.0101245116651 -0.00917142862728 0.166018227502 0.0352236461258 -0.0124311578558 0.0104062271242 -0.0317501478271 0.0508426890649 0.0250025595184 0.00629263657802 -0.019777634329 0.0326275085046 
-0.000951980906343 0.0669873312916 0.0544697841986 -0.00122610807511 0.0086733283051 0.0050702381021 0.0225190207971 0.0155806817839 0.0253479025032 0.0364025956963 0.0148380101257 0.010985013174 0.0872377817563 0.0563022985113 0.0106653648148 -0.00652921991747 0.062325169697 0.00649499777152 -0.00871369464854 0.0424245161072 0.0358591044733 0.0249615003294 -0.0048062881308 0.00649200457135 0.0216215020323 0.00476207046315 0.13331322722 0.00506706433657 -0.019304590683 0.59044430165 -0.0271040341165 0.0162927098946 0.0619868559767 -0.019655668747 0.0341343179279 0.166389346571 0.0167489076152 0.0152595207832 -0.00466611651227 0.030319554614 0.0166778056152 0.0312303723106 -0.0282853645298 0.0418563672068 0.0391160210101 0.122567299755 0.0120537383723 0.022386282965 -0.00492763012137 0.0905107593065 
-0.0257449514991 -0.0148728788265 0.00735942002099 0.00875119856499 -0.0198195062578 0.00262915433171 -0.0205543662742 0.00631425119611 -0.0240011290606 -0.000229194236052 -0.00807696615881 0.0154762746295 -0.00376737983998 -0.00259711876594 0.00848817902224 -0.0201228191247 -0.00129583947883 -0.00114561160544 -0.00372822404789 -0.00752664430813 -0.0127505057993 -0.0273833612417 -0.00492503958437 -0.0100273549032 0.017361049246 -0.0109995746728 -0.0176973795339 0.0188381318264 0.0650637286806 -0.0271040341165 1.37297384447 -0.0049504326644 -0.00277974000355 0.00283564261353 -0.0111323928325 -0.00943635577141 -0.021616011456 0.00792609592603 -0.0201903870434 -0.00124906880369 -0.00770403694216 -0.00466966183323 -0.0377212441833 -0.0238517532901 -0.0119608172798 -0.00913085495292 0.00237546289542 0.0232256925868 -0.0179885539375 -0.00131271069487 
-0.00113143326051 -0.000453090327668 0.0118529842585 0.0220854181478 0.00902882475169 0.0402995335815 0.0140178241169 -0.00230054418353 0.024655307068 0.0231198171221 0.00561197759915 0.026331610715 -0.00317717780507 -0.00491670873837 0.0223823998075 0.00841614257733 0.0331913935212 0.0106495821921 0.0165638364459 0.0170827561968 0.0166617448433 0.0167416909967 0.00979878223756 0.0132275257367 0.00171911580909 0.0137477414033 0.0317975149134 0.00188214509528 0.0162630250649 0.0162927098946 -0.0049504326644 0.187692881496 0.0133335038925 -0.00860371931536 0.00636283335435 0.0158618197941 -0.0039061979318 0.00970641956756 0.00408862554926 -0.000537064623781 0.0184919779584 0.0188672709116 -0.00376995230679 -0.0153727615763 0.028585496731 0.046189405514 0.0122719944862 0.0155545130368 -0.021970071468 0.0317771254662 
0.0134936070216 0.0125799353566 0.0169177936781 0.0329640523996 0.0100156801317 -0.00879697242363 0.00587695536888 0.00331391354386 -0.00767730583097 0.00997246254715 0.00118659636352 0.0536945053917 0.00640985920136 0.0182245307986 0.0120429400242 0.00976240273261 0.00951686320049 -0.00117448958855 0.00472505522859 0.0555559023472 0.00730333714829 0.0136519942631 0.00144278508647 0.0092528298493 0.0135616731186 0.00733596337967 -0.00631069639827 -0.00132375979106 0.0177213323058 0.0619868559767 -0.00277974000355 0.0133335038925 0.389199912996 0.017172098745 0.000649494039628 0.0597653302253 -0.00422576331983 0.00899138493065 -0.00423682894042 0.00131952922563 0.0273534617757 0.0542444827776 -0.02009592277 -0.00496468311293 -0.00654786229583 0.0566410217102 0.0156389976382 0.00949029722565 -0.00725779605478 0.0485126096928 
-0.00368353494801 0.00950253836134 -0.00764866094831 0.0222799516046 -0.00772929588739 0.0147050581129 0.0324968053745 0.0197116446747 0.0333966139648 0.0294116776505 0.0117892211762 0.0178019062014 0.107026676902 -0.0113658439163 0.0235513819861 -0.00510022872228 0.00697613319873 0.00937955293845 0.0181994586514 0.0196823122435 0.0173115711434 0.0159971836549 -0.0089933237441 0.0297036719236 0.0220990956471 -0.00320329688631 0.0117992454213 -0.00515727006641 0.00450872857056 -0.019655668747 0.00283564261353 -0.00860371931536 0.017172098745 0.339263129413 0.0283109441954 0.0282880401956 -0.0036411528767 0.0128875313868 -0.00873202864459 -0.00485689370249 0.00118017636247 0.0211299393072 0.00214756674029 -0.0104285735766 0.0211418685306 0.0393288325302 0.014332972234 0.0182586881083 0.000967623118804 0.0132710493184 
0.0101800091649 0.0258779524376 0.0216000908196 0.0110635117055 0.0216990272902 0.0100489660377 0.0285589082559 0.0163354413466 0.0095052680299 0.0245810663146 0.0247852714173 0.00523090262791 0.0175692581341 0.00801377759712 0.0211251018292 0.0048726192343 0.0457238133654 0.0198472955372 0.0140739888175 0.00290843443053 0.0161908632702 0.0350219709882 0.00137541060764 0.00214228225373 0.0346603526856 0.00960448401249 0.0140504223909 -0.000135368477737 0.00521513619152 0.0341343179279 -0.0111323928325 0.00636283335435 0.000649494039628 0.0283109441954 0.209014399347 0.0144485862546 -0.00121498845924 0.00226041950669 0.00238410488268 -0.0039238996953 0.0178259503793 0.0243793326117 -0.00999832004592 0.003045646934 0.0400113303843 0.0211783589206 0.00916748285668 0.0200105796559 -0.0148516116336 0.0153567477166 
-0.010287010716 0.0245156143212 0.0109060343662 0.0404458853891 0.0296241935081 0.0427235199059 0.00328760477637 0.0100784297854 0.0142087675947 0.0256227174769 0.0131019321546 0.0128717883247 0.0242166777622 0.0307011141808 0.00525011147013 0.0130440947377 0.0342840317593 -0.00786291697488 0.00959657792139 0.034007549213 0.0310994147662 0.00264657701658 -0.00182462099169 0.0409004148769 0.0116720163766 -0.00177236898956 0.0151465184005 0.0428470162085 0.000156105307057 0.166389346571 -0.00943635577141 0.0158618197941 0.0597653302253 0.0282880401956 0.0144485862546 0.483203551956 0.00974991086315 0.0167130435332 0.0202859163497 0.0181450593546 -0.0112062274187 0.034623140335 0.0477711556966 0.0233511005749 0.0350007561905 0.0850551236488 0.0180440163951 0.0109119012783 -0.0108276053013 0.102636159218 
0.0349154904351 0.0129833784277 0.0233134738862 0.0147172942648 0.00640432391237 0.0324952989744 0.0187021717838 0.00595238989013 0.0063286994083 0.00753002192545 -0.00657890426497 0.0132038277667 0.00896818689636 0.00603627731568 0.00586752854132 -0.00384420317857 0.0141546213505 0.0150364090672 0.0173304673125 0.00540997258173 0.00666583809347 0.00512873105091 -0.0030121497261 -0.0257165684483 0.0136730760489 0.0115472446534 0.0110108056315 -0.0133140198536 0.0363970983111 0.0167489076152 -0.021616011456 -0.0039061979318 -0.00422576331983 -0.0036411528767 -0.00121498845924 0.00974991086315 0.178688960474 0.00730979294241 -0.00761251005601 0.0188484296264 0.0116818231381 0.0113813878117 -0.0132462374338 0.00309549080302 -0.00189864584064 -0.00242671063265 0.0113872293198 0.0115371029416 0.0129142457888 -0.010389060936 
0.00532188491107 0.0272243912555 0.0234187362501 0.0250906755571 -0.000744444004315 0.0165693565758 0.0124941122176 0.0150304196209 0.0143311895208 0.0197187146298 -0.00431838992731 0.0157765254201 0.0202993060535 0.00784059872696 0.00330382278456 -0.00830591906481 0.0122549375653 0.00884256516784 0.0164168234838 0.0257268204722 0.0214091783767 -0.0116486578502 0.00623079500892 0.0150523758924 0.0220497871294 0.0164326161097 0.0110679959314 0.0184539008927 0.0145918938123 0.0152595207832 0.00792609592603 0.00970641956756 0.00899138493066 0.0128875313868 0.00226041950669 0.0167130435332 0.00730979294242 0.0994672728355 -0.000162138930312 0.0141051701829 -0.0107138853979 0.00172107446839 0.00521748179868 0.00821976078858 0.016086357542 0.00257492718029 0.0202947864325 0.00662199762387 0.00369032323659 0.010468324218 
0.0170883610491 0.0347206787165 0.0143945596697 0.0142150524776 0.0239072444609 0.0191085524569 -0.00350464921118 0.0219192858121 0.0099142833164 0.0093323433916 0.0216546153952 0.0170283343172 0.012287391707 -0.0058781971072 -0.00215569019689 0.0127744936951 0.00599214077423 0.0227409106468 0.0198716881119 -0.0017491864651 -0.00385113436636 -0.00152858556887 0.012939575008 0.0251624797095 0.0160883687922 0.0197412584131 0.00622964480842 0.00403147333545 0.0101245116651 -0.00466611651227 -0.0201903870434 0.00408862554926 -0.00423682894042 -0.00873202864459 0.00238410488268 0.0202859163497 -0.007612510056 -0.000162138930316 0.212288181174 0.00332872579051 0.00441430433592 0.00705128682965 0.0529888990179 0.00108217324625 -0.00213584153947 0.0135858406171 -0.0056078779877 -0.00759052372833 0.0150376393831 0.0321327912608 
0.0448732380838 0.0060292894931 0.0178215464119 0.00647522979268 -0.0141947229138 -0.0102646807837 -0.0115862305761 0.0169189006082 -0.00325363612687 0.0202203675102 -0.00658944093868 0.0176761540988 0.0629752974686 0.0130879777345 -0.0161413026591 0.00885741582739 0.0552151299858 -0.00027593999334 0.0453902393659 0.00615986294298 -0.00537682115126 -0.00938542766201 0.00472137997773 0.00718879888275 0.00451059020824 -0.00381686898295 0.0218873161557 0.00685650688724 -0.00917142862728 0.030319554614 -0.00124906880369 -0.000537064623781 0.00131952922563 -0.00485689370249 -0.0039238996953 0.0181450593546 0.0188484296264 0.0141051701829 0.00332872579051 0.511819725079 -0.00278717666861 -0.00288860060497 -0.0110250750622 0.0553751590142 0.00500194131939 0.0278721814329 0.0110093011426 0.0212961377935 -0.012253954792 0.0327898946997 
0.0247948408724 0.0243075722844 0.00888425139428 0.00864388132728 0.0444295427565 -0.0207809633163 -0.0291036953986 0.00450849575471 0.0187520369197 0.0117348328794 0.00605237257112 0.0181356809628 0.00133351980711 -0.0170199548053 0.00457964552715 0.0231421089786 0.0308250214551 0.0148754289956 0.0139580091472 0.00794790988846 0.0236310028937 0.00303447941492 0.0109790269669 0.0143354790952 0.02969515495 0.0173589557277 0.00373286266338 -0.00101495955868 0.166018227502 0.0166778056152 -0.00770403694216 0.0184919779584 0.0273534617757 0.00118017636247 0.0178259503793 -0.0112062274187 0.0116818231381 -0.0107138853979 0.00441430433592 -0.00278717666861 0.232545342758 0.0303259826433 -0.0165862087067 0.0198121775167 0.0255386888719 0.0249130276799 0.0228639646922 0.0291535451808 -0.00538624313546 0.0128312400208 
0.00128113019281 0.0272928925625 0.0183902954569 0.00153022483799 0.0216702957875 0.0127899754912 0.0122909638663 0.00494638773833 0.0121000659249 0.0277477433426 0.0088293534801 0.0181050149743 0.012526854622 0.0199438077611 -0.00696751183519 0.00365044445999 0.0217925433853 -0.000709679992061 0.0140399939506 0.0313827902822 0.0204810087186 0.0144298860088 0.00499438018506 0.0054248809009 0.0066361911765 0.0271501697423 -0.0142901458935 0.00415082023367 0.0352236461258 0.0312303723106 -0.00466966183323 0.0188672709116 0.0542444827776 0.0211299393072 0.0243793326117 0.034623140335 0.0113813878117 0.00172107446839 0.00705128682965 -0.00288860060497 0.0303259826433 0.231231436823 -0.0194513913877 0.00127647544139 0.0083569662773 0.0472819474944 0.00156977584335 0.0210464788064 0.0161735502499 0.0227741804888 
-0.020837278334 0.0731755753211 0.0072678389569 0.0562738280671 -0.0228895394019 -0.0354284169984 0.0370287703892 0.0213429191184 0.00749786779093 -0.01173182626 0.00287476709334 -0.000264566597018 -0.00864518758006 0.0181134999367 -0.00926025032613 -0.036380371099 -0.0292672224104 0.00196163864242 -0.0192648165699 -0.0294766890009 -0.00596622240627 0.0506107259686 0.18954503321 -0.00933609499223 -0.0157056131737 -0.00296958373819 0.0112130517911 0.0180257346138 -0.0124311578558 -0.0282853645298 -0.0377212441833 -0.00376995230679 -0.02009592277 0.00214756674029 -0.00999832004592 0.0477711556966 -0.0132462374338 0.00521748179868 0.0529888990179 -0.0110250750622 -0.0165862087067 -0.0194513913877 2.70780638688 0.0217519054386 -0.0791380348593 0.000235626728567 0.00450468840873 -0.00410587087793 -0.00387179371214 0.00167372959997 
0.0593119646989 0.00773817339472 0.0116300081761 0.0132759598071 -0.0298523330633 0.0176584918185 0.00260919804263 0.00454712303263 0.00761230173248 0.00921638615287 0.00160918229262 0.00686836241709 0.0296944929375 0.0173220059366 0.00334093676723 0.0122696961162 0.0494764735832 0.00126411536078 0.00428336946342 0.00986748276142 0.00649277427431 -0.0121369555409 -0.00587599189772 0.0054841882334 0.020901205351 0.00120060470912 0.168953684318 0.000706228265562 0.0104062271242 0.0418563672068 -0.0238517532901 -0.0153727615763 -0.00496468311293 -0.0104285735766 0.003045646934 0.0233511005749 0.00309549080302 0.00821976078858 0.00108217324625 0.0553751590142 0.0198121775167 0.00127647544139 0.0217519054386 0.229044541786 0.0243891123117 0.0314695669446 0.00497430495842 0.0112365038235 0.0114098229592 0.0131444867209 
0.0260884781111 0.0537020844492 0.0302551727029 0.021865555418 0.017964994231 0.0224725776757 0.0296277501277 0.0183340789611 0.000187467583132 0.0427694025208 0.0396306786914 0.0275823560271 0.00595087691709 0.0071773192066 0.0380876414542 0.00819870282682 0.0322353400383 0.0256518132027 0.0227943015694 0.0351748483365 0.0594630693231 0.0241582069665 0.0184393709448 0.0169617608041 0.00848368683022 0.0339593721803 -0.0135490953472 0.0420587659942 -0.0317501478271 0.0391160210101 -0.0119608172798 0.028585496731 -0.00654786229583 0.0211418685306 0.0400113303843 0.0350007561905 -0.00189864584064 0.016086357542 -0.00213584153947 0.00500194131939 0.0255386888719 0.0083569662773 -0.0791380348593 0.0243891123117 0.340397375705 -0.00176394703518 0.014812937096 0.037202154407 0.0200583554434 -0.014486306064 
0.019903863123 0.0273542169734 0.00505075711673 0.0549375634624 0.0747923675216 0.0337161176985 0.00536096735229 0.0235050983394 0.0231563412822 0.0105389874396 0.00462273533624 0.0209350614118 0.0180988476708 0.0383174836338 0.0125019107971 0.0304118572234 0.0393957475074 0.016530188317 -0.0120262559171 0.0295178584897 0.00555644425214 0.00994446843139 0.0032361906366 0.0344903712488 0.0542698971677 0.00738779174804 0.0599560863504 -0.000632611493112 0.0508426890649 0.122567299755 -0.00913085495292 0.046189405514 0.0566410217102 0.0393288325302 0.0211783589206 0.0850551236488 -0.00242671063265 0.00257492718029 0.0135858406171 0.0278721814329 0.0249130276799 0.0472819474944 0.000235626728567 0.0314695669446 -0.00176394703519 0.406838567995 0.0139153267341 0.0283482475661 -0.0154943451455 0.103864954112 
0.00780684029627 0.0197261772845 0.0268722356778 0.0143263448058 0.00381600108402 0.0213162601904 -0.00909967837291 0.00670436709593 0.0168591434035 0.0253064179492 0.00447059196157 0.035432195143 -0.000180723047517 -0.00400889752977 0.0052374875653 0.0113075703988 0.0261320311237 0.012056831732 0.00998307229389 0.00796733344431 0.0155334974538 -0.00448950702902 0.0104063862529 0.0130100623414 0.0220092413348 0.024626764329 0.0140300247133 0.00341428250069 0.0250025595184 0.0120537383723 0.00237546289542 0.0122719944862 0.0156389976382 0.014332972234 0.00916748285668 0.0180440163951 0.0113872293198 0.0202947864325 -0.0056078779877 0.0110093011426 0.0228639646922 0.00156977584335 0.00450468840873 0.00497430495842 0.014812937096 0.0139153267341 0.123749534043 0.0337846454633 0.00312868980805 0.011452945445 
