40
0.100886603299 0.0658076634161 0.072987431854 0.05514883533 0.0316067218978 0.0345230729479 0.399937027552 0.126841392599 0.18030920859 0.424855775916 0.0598638009539 0.171628318037 0.0998681056981 0.088181568025 0.0415474718814 0.0585004976968 0.0657027666716 0.102922334335 0.0129348444485 0.0636277148901 0.100220943784 0.134360436546 0.117315051398 0.135848421796 0.0914492870129 0.103848753038 0.142595623168 0.0201569416701 0.112278324126 0.0946915784272 0.0773544805674 0.125840316239 0.0316717201181 0.143553651187 0.0766259396051 0.176756138136 0.0203567883068 0.0472299451056 0.0224960645228 0.0038222736377 
0.374088728849 0.0273412621767 0.000228378943806 -0.0079868432789 -0.00903814765605 0.0128222965726 -0.0078029427478 0.0216278084752 0.0158305338048 0.010277924907 0.000776862781354 -0.00193628581031 -0.00533935356259 -0.00613127646288 0.00789816649319 0.0186541166437 0.0171361118224 0.0104611617501 -0.000874027322277 0.00446323929371 -0.00257886558869 0.00301602062958 0.00251374804705 0.0115468390146 0.00643056138729 -0.00170113211086 -0.00991522072281 0.00104732977266 0.0104896013953 0.000537080611047 0.00879595292737 0.0331023278051 0.000399516837709 -0.00911092353215 0.0187991525496 0.0447604056094 -0.00182805649342 0.00954125402694 0.0130008403482 0.00981912202197 
0.0273412621767 0.220854358843 0.0471376825594 0.00538345400151 0.0109338168742 0.00670818947097 0.0164861227181 0.00886783264271 0.00379203372683 0.0196218016187 0.0113594354356 0.00702530739492 0.00687860067567 -0.0116415641466 0.0201406768744 0.0150325308236 -0.00441955933941 0.0201414875808 0.00720157067629 0.0382000688728 0.0217342481969 -0.0101062772938 0.0283764450149 0.102377250901 0.0293476915451 -0.00135275174941 -0.015005199351 0.0154726474289 0.00892861405259 0.0105191271242 0.0370944851051 -0.00394539164476 -0.0187728068494 0.0109657799797 0.0350758019587 -0.0352733901658 0.0124181748609 0.00468730592757 0.0125471929968 0.00256536072137 
0.000228378943804 0.0471376825594 0.470667029006 0.0215252168939 0.0091246078583 0.00528457401106 -0.0111896617586 0.0270615407928 0.0202000317918 0.03434372831 0.0173535995472 0.0135754860149 0.0346782796537 0.0177073802736 0.0110433656492 -0.00134319255737 0.0360810585251 0.0218143324679 0.00874114856928 0.0620422189265 0.0617446987047 -0.00331091494496 0.00943536075301 -0.0029389297283 0.0108638428531 0.0265980540189 0.0407885664989 -0.00519728764973 0.00100534697029 0.0133604644142 -0.00881317309483 -0.0205433694217 0.00479458600785 0.0174859950111 -0.0156884931556 -0.0410363211176 0.00820517469042 -0.0189267791333 0.00444037685742 0.019127101442 
-0.0079868432789 0.00538345400151 0.0215252168939 0.421566817611 -0.000482237707524 0.0369255833349 0.0331093110931 0.0163834094389 0.0306289587747 -0.0370974830306 0.0237006642529 0.0304704639792 0.00380075385463 0.0119591054287 -0.00740795173805 -0.00700387531644 0.0111228122683 -0.00949110299148 -0.0033581050288 0.00325015437903 0.0249751392635 0.0414464517641 -0.021461075995 -0.0144123620007 0.0621107804877 0.0278726991598 0.0221347373798 0.0115904917912 0.00938373157769 0.0034090921088 -0.0128889958168 0.002247980964 0.0316683488863 0.0450585230196 -0.00515332579829 0.01747214137 -0.0199770040856 0.00633827326221 0.00262675094404 0.014979280869 
-0.00903814765605 0.0109338168742 0.0091246078583 -0.000482237707523 0.136537807721 0.0144347002983 0.0170475248363 0.00129062086415 0.00481875514176 0.008083115857 0.0383035917446 0.0247306802065 0.0230627600136 0.0204689262072 0.0274646549843 0.0163567859389 0.0210283027657 0.0115301085547 0.0203810733739 0.0191141967445 0.00715887527215 0.0171944497968 0.0123590911269 0.0224328034831 0.0452488749844 -0.000867054973018 0.0255783105029 0.0161360470408 0.0241745405069 0.0111278585807 0.0191264412789 0.0129982314992 0.0155928234938 0.0314518996466 0.0316852871343 0.0214391747023 0.0439644005073 0.0202143354205 0.0316389662619 0.0126797292124 
0.0128222965726 0.00670818947097 0.00528457401106 0.0369255833349 0.0144347002983 0.150413741179 0.0172100999188 0.0706254156176 -0.0019186807611 0.0169175819255 0.0277976510436 0.0260150145727 0.0106596498433 0.0134496242095 0.00837710152041 0.0208775782873 0.0258855894133 0.0170221974217 0.0196011008508 0.0036633675727 0.114151928814 0.0167076169454 0.00886495614078 0.0148999025894 0.0388163846005 0.00791935857674 0.00506126367906 0.010965826324 0.0160435259328 0.00192009029172 0.00928029795661 0.00633130993987 0.0109290902776 0.0126385491589 0.0247182053252 -0.0174634845037 0.0136367886036 0.0195504874324 0.0094198645169 0.0142256297769 
-0.0078029427478 0.0164861227181 -0.0111896617586 0.0331093110931 0.0170475248363 0.0172100999188 1.30789808195 0.00765491408457 0.0425950142526 -0.0110071247791 0.0125345764841 0.0341963089095 0.0728918478302 0.0720092767532 0.0480667468247 0.108318088928 0.0268078576994 0.0378469861535 0.00956013032616 0.00264230421966 0.0048408548685 0.0170545467394 -0.0214676134703 -0.0194814014998 0.00460942300105 0.0199618862245 0.115748089778 0.0183163207523 0.0342430723301 0.0534492586926 0.0472818520258 0.0560960598656 -0.0488857245808 0.0437494605258 0.0325048205598 0.0748730860583 0.0203728204246 0.0409653832326 0.00518471884403 0.0157481464647 
0.0216278084752 0.00886783264272 0.0270615407928 0.0163834094389 0.00129062086415 0.0706254156176 0.00765491408457 0.660691372473 -0.00573310183795 -0.00648819504537 0.0289863656983 0.00620649231652 0.0456159517948 0.0108689960074 0.00624649670298 0.0429188719359 0.0180439343349 0.0103180073834 -0.0110390825154 0.0129144341243 0.395489241287 0.00413878425069 0.0135896648049 -0.0108734647813 -0.0055702092929 -0.0018894059937 -0.00304423522164 -0.0213849055003 -0.00831298123637 0.00763034722412 0.00561956954808 0.0120983700089 0.0176048539222 -0.0153960134176 0.00100728791349 0.420184379072 -0.000431352785646 0.00142488046832 0.00648107647138 0.00414138952452 
0.0158305338048 0.00379203372683 0.0202000317918 0.0306289587747 0.00481875514176 -0.0019186807611 0.0425950142526 -0.00573310183795 0.975267188896 0.00109609989259 0.0223941505972 0.0155589665309 0.0428781816303 -0.00969571788963 0.0155856447182 0.0252856562254 0.0119279878361 0.0362622446599 0.013794211533 -0.0025103079769 -0.0117769475752 0.0137596897245 0.031222627919 0.0123336393232 0.101297598411 0.0120589560077 -0.0262612104986 0.0208138635525 0.0380498732121 0.0032703610288 0.0137408763386 0.0303552339181 -0.00179667249962 -0.00542583816899 0.0231998040563 0.00874443340876 0.0168744941107 0.000694529712902 0.0154567503903 0.0320148825937 
0.010277924907 0.0196218016187 0.03434372831 -0.0370974830306 0.008083115857 0.0169175819255 -0.0110071247791 -0.00648819504536 0.00109609989259 3.74791831851 0.01367515583 -0.00870336668487 -0.00132816609386 -0.00112626236196 0.00632996119313 0.0214560591878 0.00426705883521 0.00900767663048 0.000988385846338 -0.0138237446455 0.000197386401898 -0.0234363486429 0.0716306077691 -0.0247934961896 -0.00597730075524 0.00641258240307 0.00153383145351 -0.0204901309842 -0.00993524937569 0.0175467288698 0.0223662044402 -0.0279596435972 0.0787946906446 0.0421173895461 0.014615001528 -0.0394491520412 0.0354997187991 0.00884727642817 0.00740635450571 -0.00566782507843 
0.000776862781355 0.0113594354356 0.0173535995472 0.0237006642529 0.0383035917446 0.0277976510436 0.0125345764841 0.0289863656983 0.0223941505972 0.01367515583 0.189118553937 0.024108635802 0.0337093487367 0.0155277993547 0.032579515464 0.028072711038 0.0255226805954 0.0068894745578 0.00566702688809 0.0161448324281 0.0281881455087 0.0415668844984 0.00832586949544 0.0124904707645 0.0504536299147 0.0107949609679 0.0399117875437 0.0198368690675 0.0252584749399 0.0198769799327 0.037362228928 0.0245047713703 0.0368362990297 0.0503064423272 0.0242392325799 0.0237966846594 0.0232197550952 0.0300956784855 0.0270091747269 0.0254728686356 
-0.00193628581031 0.00702530739492 0.0135754860149 0.0304704639792 0.0247306802065 0.0260150145727 0.0341963089095 0.00620649231652 0.0155589665309 -0.00870336668487 0.024108635802 0.273993085344 0.0197881917505 -0.0292426648209 0.0111160492112 -0.0101806644928 0.0509184704486 0.0367182995613 0.021489404256 0.0185259074527 0.0222125759402 0.0229075181571 0.0102696800347 0.0166269826709 0.0141581313545 0.00349564465393 0.0251101899163 0.0142584250256 0.0143125448744 0.022421893423 0.00987977175004 0.0241211180436 0.0250975292967 0.00572295009232 0.016503424601 0.00331774629121 0.0431544626286 0.0213173397047 0.0302183302963 0.0159292097426 
-0.00533935356259 0.00687860067567 0.0346782796537 0.00380075385463 0.0230627600136 0.0106596498433 0.0728918478302 0.0456159517948 0.0428781816303 -0.00132816609386 0.0337093487367 0.0197881917505 0.390592373219 0.0610975882625 0.00341914204268 0.0559069848866 0.0387103055631 -0.00246631123939 0.0158945629188 0.0048935584091 0.0152946067155 -0.0244220905029 0.00684405203648 0.0364042994105 0.0313396841804 0.0314418266164 0.0836824287091 0.0102965299795 0.0209964725529 0.0346119402775 0.0155258541796 0.0249183520904 0.0405057485921 0.0296884519025 0.000574536571646 0.0708922030649 0.0343076125668 0.00740836698705 0.02018570846 0.0216791183907 
-0.00613127646288 -0.0116415641466 0.0177073802736 0.0119591054287 0.0204689262072 0.0134496242095 0.0720092767532 0.0108689960074 -0.00969571788963 -0.00112626236196 0.0155277993547 -0.0292426648209 0.0610975882625 0.337560825395 0.0155131835083 0.112685466909 -0.00891826332317 0.0085458403016 0.0118673923024 0.00760875015433 0.00420797378769 -0.011202527338 -0.00262058354881 0.0109622206275 0.0347722019209 0.0398014109714 0.11356812109 0.00570645306091 0.0317248219191 0.0375037120942 0.0460771547201 0.013544527329 0.022117190613 0.0228937413581 0.0129842334145 -7.88497405488e-05 0.010497843998 -0.0159399824577 0.00119103655501 0.0331922769133 
0.00789816649318 0.0201406768744 0.0110433656492 -0.00740795173805 0.0274646549843 0.00837710152041 0.0480667468247 0.00624649670298 0.0155856447182 0.00632996119313 0.032579515464 0.0111160492112 0.00341914204268 0.0155131835083 0.169756874048 0.0198128671103 0.0261374661086 0.0136669609741 0.0087868652853 0.0028064868618 0.00768498849668 0.0134631486005 0.0056015447667 -0.00512983298774 0.0236641463861 -0.0250356290666 0.0432464821363 0.0204866813402 0.0335832739205 0.010208872907 0.0327610469022 0.0169598894872 0.0274825217056 0.0345979151711 0.011412378497 0.00528386710274 -0.00762014285381 0.0345350640125 0.0187106215191 -0.00156296143459 
0.0186541166437 0.0150325308236 -0.00134319255737 -0.00700387531644 0.0163567859389 0.0208775782873 0.108318088928 0.0429188719359 0.0252856562254 0.0214560591878 0.028072711038 -0.0101806644928 0.0559069848866 0.112685466909 0.0198128671103 0.305476737644 0.00128419896572 -0.000204004475737 0.00551974644891 -0.00975055025907 -0.00121921876578 0.0100930023693 0.0120644511653 0.0217629403086 0.0476752496615 0.0297065225097 0.0724679067814 0.0138538988851 0.00183573010415 0.0384182302147 0.0527024718935 0.0470009206601 0.021007226099 0.0345852739902 -0.00312725689963 0.0374226688529 0.0158821373415 -0.00572112792155 0.0201622717881 0.000416755599776 
0.0171361118224 -0.00441955933941 0.0360810585251 0.0111228122683 0.0210283027657 0.0258855894133 0.0268078576994 0.0180439343349 0.0119279878361 0.00426705883521 0.0255226805954 0.0509184704486 0.0387103055631 -0.00891826332317 0.0261374661086 0.00128419896572 0.175399420792 0.00796476594267 0.00853267062788 0.00185931375761 0.0260653381792 -0.0125536044746 -0.00478211751761 0.00501629573346 0.0194415365081 0.0188248311624 0.0164458643024 0.0176893341496 0.0291741396995 0.00659273407955 0.0206371762249 0.00909694885526 0.0211513979121 0.019674225176 -0.00250157014077 0.022323012623 0.0480259078288 0.00925252039459 0.0204365909682 0.0234629570046 
0.0104611617501 0.0201414875808 0.0218143324679 -0.00949110299148 0.0115301085547 0.0170221974217 0.0378469861535 0.0103180073834 0.0362622446599 0.00900767663048 0.0068894745578 0.0367182995613 -0.00246631123939 0.0085458403016 0.0136669609741 -0.000204004475737 0.00796476594267 0.366287957807 0.0189109207437 0.0212646700599 -0.0198978849373 0.0108766143326 0.00748555240527 0.0406206340675 0.0398921296782 0.0281086331836 0.00713730816929 -0.00280872861287 0.037783052875 -0.00182157463924 0.0244283359113 0.0501292992517 0.0126777053622 0.018020481763 0.0334300983306 0.00766610792458 0.0153856767138 0.0345944334247 0.0270355869005 0.017524508242 
-0.000874027322276 0.00720157067629 0.00874114856928 -0.0033581050288 0.0203810733739 0.0196011008508 0.00956013032616 -0.0110390825154 0.013794211533 0.000988385846338 0.00566702688809 0.021489404256 0.0158945629188 0.0118673923024 0.0087868652853 0.00551974644891 0.00853267062788 0.0189109207437 0.165285441571 0.0164239461355 0.0080034033625 -0.0128627973457 0.0137301267148 -0.000968022266669 0.0195890960279 0.00228092439265 0.00115073691726 0.0198778420791 0.0122327064873 0.000869435564591 0.0357951326736 0.0026013026178 0.0116189650359 0.0322777475339 0.0299281300098 0.00624560856247 0.0274082191927 0.0114020839793 0.0154553705587 0.0294495023397 
0.00446323929371 0.0382000688728 0.0620422189265 0.00325015437903 0.0191141967445 0.0036633675727 0.00264230421966 0.0129144341243 -0.0025103079769 -0.0138237446455 0.0161448324281 0.0185259074527 0.0048935584091 0.00760875015433 0.0028064868618 -0.00975055025907 0.00185931375761 0.0212646700599 0.0164239461355 0.237529604941 0.0104649294215 -0.000274805092891 -0.0110497725943 0.00165583347485 0.000239040061717 0.00144715330395 0.00518459961523 0.0175258691763 -0.00164815970751 0.000688642841677 -0.000579152689904 0.00912011570374 -0.00504640095439 0.0111024183606 0.0168721017307 0.00194606342581 -0.00632633299412 0.0236404467295 0.00486812067009 0.0233580371618 
-0.00257886558869 0.0217342481969 0.0617446987047 0.0249751392635 0.00715887527215 0.114151928814 0.0048408548685 0.395489241287 -0.0117769475752 0.000197386401897 0.0281881455087 0.0222125759402 0.0152946067155 0.00420797378769 0.00768498849668 -0.00121921876578 0.0260653381792 -0.0198978849373 0.0080034033625 0.0104649294215 1.03104770802 0.0259895676343 -0.000838819089653 0.0754452106125 0.0481278793635 0.0250418123446 -0.0117314597972 -0.0110244670237 -0.00679200523409 0.0306668248212 0.0307707029734 0.0161067972177 -0.00803460293128 0.023744175209 -3.80212180036e-05 -0.0886371279441 0.0211180496344 0.0247995058532 -0.00116052600912 0.0157472620347 
0.00301602062958 -0.0101062772938 -0.00331091494496 0.0414464517641 0.0171944497968 0.0167076169454 0.0170545467394 0.00413878425069 0.0137596897245 -0.0234363486429 0.0415668844984 0.0229075181571 -0.0244220905029 -0.011202527338 0.0134631486005 0.0100930023693 -0.0125536044746 0.0108766143326 -0.0128627973457 -0.00027480509289 0.0259895676343 0.557801041052 0.0534297950698 0.0149687997303 0.0352157441238 0.0166008096516 0.06085066876 0.00669060248827 0.00286932543483 -0.022544807464 -0.0206430297442 0.047922182376 0.0384322212731 0.0132715466329 0.0121415739703 0.051705424203 -0.0169919487916 0.0139979944042 -0.00330243200791 0.0252578484005 
0.00251374804705 0.0283764450149 0.00943536075301 -0.021461075995 0.0123590911269 0.00886495614078 -0.0214676134703 0.0135896648049 0.031222627919 0.0716306077691 0.00832586949544 0.0102696800347 0.00684405203648 -0.00262058354881 0.0056015447667 0.0120644511653 -0.00478211751761 0.00748555240527 0.0137301267148 -0.0110497725943 -0.000838819089653 0.0534297950698 0.357744138656 0.023877931135 0.0250890040994 -0.0329605948918 0.00772055581198 0.0253495505362 0.00782218139146 -0.00556339437161 0.0404214302748 0.0235588638361 -0.000993610677647 0.0268590262215 0.0328167782659 0.0138135948828 0.00838224295003 0.0395009483128 0.0154926667747 0.0164838961143 
0.0115468390146 0.102377250901 -0.0029389297283 -0.0144123620007 0.0224328034831 0.0148999025894 -0.0194814014998 -0.0108734647813 0.0123336393232 -0.0247934961896 0.0124904707645 0.0166269826709 0.0364042994105 0.0109622206275 -0.00512983298774 0.0217629403086 0.00501629573346 0.0406206340675 -0.000968022266669 0.00165583347485 0.0754452106125 0.0149687997303 0.023877931135 0.620090278794 0.0169033374997 0.00309470246114 -0.000198870122429 0.00183212086679 0.026494594211 0.0275008444749 -0.0208191645283 0.023649149319 0.015834723158 0.00977265569472 0.010052046429 0.0249117467028 0.0058242976299 0.0202280719297 0.0242002906794 0.0145857352492 
0.00643056138729 0.0293476915451 0.0108638428531 0.0621107804877 0.0452488749844 0.0388163846005 0.00460942300105 -0.0055702092929 0.101297598411 -0.00597730075524 0.0504536299147 0.0141581313545 0.0313396841804 0.0347722019209 0.0236641463861 0.0476752496615 0.0194415365081 0.0398921296782 0.0195890960279 0.000239040061717 0.0481278793635 0.0352157441238 0.0250890040994 0.0169033374997 0.444526793563 0.0388218559848 0.0489470072308 0.0218373176074 0.023781765234 0.0150430529339 0.0718068871194 0.101606230389 0.00774532256925 0.136792469134 0.0464549407617 0.0306809044502 0.0142812246184 0.0391231490621 0.0275502474816 0.0241872522887 
-0.00170113211086 -0.00135275174941 0.0265980540189 0.0278726991598 -0.000867054973018 0.00791935857674 0.0199618862245 -0.0018894059937 0.0120589560077 0.00641258240307 0.0107949609679 0.00349564465393 0.0314418266164 0.0398014109714 -0.0250356290666 0.0297065225097 0.0188248311624 0.0281086331836 0.00228092439265 0.00144715330395 0.0250418123446 0.0166008096516 -0.0329605948918 0.00309470246114 0.0388218559848 0.351123693768 0.0193559913816 0.00657146714747 0.00994452143009 -0.00716597784121 -0.0035123757125 0.0295161786483 0.0149405812722 -0.00974804154639 -0.00885997355416 -0.0368891040509 0.00238708395366 -0.0167649636291 -0.0138282975216 0.021148014057 
-0.00991522072281 -0.015005199351 0.0407885664989 0.0221347373798 0.0255783105029 0.00506126367906 0.115748089778 -0.00304423522164 -0.0262612104986 0.00153383145351 0.0399117875437 0.0251101899163 0.0836824287091 0.11356812109 0.0432464821363 0.0724679067814 0.0164458643024 0.00713730816929 0.00115073691726 0.00518459961523 -0.0117314597972 0.06085066876 0.00772055581198 -0.000198870122427 0.0489470072308 0.0193559913816 0.409075947252 0.0442334425186 0.0258343120761 0.0457865168558 0.0376259976576 0.0244715132054 0.0104997891946 0.0714592466669 -0.00148305325898 0.0744629867629 0.0413212249416 0.0211288083396 0.0170602350996 0.00838841737916 
0.00104732977266 0.0154726474289 -0.00519728764973 0.0115904917912 0.0161360470408 0.010965826324 0.0183163207523 -0.0213849055003 0.0208138635525 -0.0204901309842 0.0198368690675 0.0142584250256 0.0102965299795 0.00570645306091 0.0204866813402 0.0138538988851 0.0176893341496 -0.00280872861287 0.0198778420791 0.0175258691763 -0.0110244670237 0.00669060248828 0.0253495505362 0.00183212086679 0.0218373176074 0.00657146714747 0.0442334425186 0.187446991894 0.00781294683312 0.0112239791498 0.04055064278 0.0207338222935 0.00961520048101 -0.000533560918737 0.0269123227597 -0.0135129598973 0.0215905915907 0.0449770065662 0.0194442910183 0.0146920351448 
0.0104896013953 0.00892861405259 0.00100534697029 0.00938373157769 0.0241745405069 0.0160435259328 0.0342430723301 -0.00831298123637 0.0380498732121 -0.00993524937569 0.0252584749399 0.0143125448744 0.0209964725529 0.0317248219191 0.0335832739205 0.00183573010414 0.0291741396995 0.037783052875 0.0122327064873 -0.00164815970751 -0.00679200523409 0.00286932543483 0.00782218139146 0.026494594211 0.023781765234 0.00994452143009 0.0258343120761 0.00781294683313 0.257383246905 0.0345392013506 0.0147671528789 0.0504100435649 0.00562045507139 -0.00653918142991 0.0258399555239 -0.0105556382022 0.0182115077563 0.0132787696835 0.0466784800269 -0.000374884425747 
0.000537080611044 0.0105191271242 0.0133604644142 0.0034090921088 0.0111278585807 0.00192009029172 0.0534492586926 0.00763034722412 0.0032703610288 0.0175467288698 0.0198769799327 0.022421893423 0.0346119402775 0.0375037120942 0.010208872907 0.0384182302147 0.00659273407955 -0.00182157463924 0.000869435564591 0.000688642841677 0.0306668248212 -0.022544807464 -0.00556339437161 0.0275008444749 0.0150430529339 -0.00716597784121 0.0457865168558 0.0112239791498 0.0345392013506 0.352971236676 0.0556018628506 0.0625747897543 0.0150895637551 0.00705208500253 0.00315476986728 -0.0122007271113 0.00180827768326 0.02922200499 0.0700195140718 -0.00587276728945 
0.00879595292737 0.0370944851051 -0.00881317309483 -0.0128889958168 0.0191264412789 0.00928029795661 0.0472818520258 0.00561956954809 0.0137408763386 0.0223662044402 0.037362228928 0.00987977175004 0.0155258541796 0.0460771547201 0.0327610469022 0.0527024718935 0.0206371762249 0.0244283359113 0.0357951326736 -0.000579152689904 0.0307707029734 -0.0206430297442 0.0404214302748 -0.0208191645283 0.0718068871194 -0.0035123757125 0.0376259976576 0.04055064278 0.0147671528789 0.0556018628506 0.272140796878 0.0195078845417 0.0159730292148 0.0238951477212 0.0407371748477 0.0155682161188 -0.00789010562946 0.0475374197905 0.0125067087731 0.00764939515702 
0.0331023278051 -0.00394539164476 -0.0205433694217 0.002247980964 0.0129982314992 0.00633130993987 0.0560960598656 0.0120983700089 0.0303552339181 -0.0279596435972 0.0245047713703 0.0241211180436 0.0249183520904 0.013544527329 0.0169598894872 0.0470009206601 0.00909694885526 0.0501292992517 0.0026013026178 0.00912011570374 0.0161067972177 0.047922182376 0.0235588638361 0.023649149319 0.101606230389 0.0295161786483 0.0244715132054 0.0207338222935 0.0504100435649 0.0625747897543 0.0195078845417 0.377557987049 0.0430954438914 0.0210168123897 0.0132574747731 0.0517557672961 0.018744867524 0.030459669435 0.0371495018211 0.0263514025591 
0.00039951683771 -0.0187728068494 0.00479458600785 0.0316683488863 0.0155928234938 0.0109290902776 -0.0488857245808 0.0176048539222 -0.00179667249962 0.0787946906446 0.0368362990297 0.0250975292967 0.0405057485921 0.022117190613 0.0274825217056 0.021007226099 0.0211513979121 0.0126777053622 0.0116189650359 -0.00504640095439 -0.00803460293129 0.0384322212731 -0.000993610677648 0.015834723158 0.00774532256925 0.0149405812722 0.0104997891946 0.00961520048101 0.00562045507139 0.0150895637551 0.0159730292148 0.0430954438914 0.266119739167 -0.00488035829286 0.0105805909631 0.0135234670714 0.0198817281987 0.0107088370604 -0.00339916771242 0.0211589428861 
-0.00911092353215 0.0109657799797 0.0174859950111 0.0450585230196 0.0314518996466 0.0126385491589 0.0437494605258 -0.0153960134176 -0.00542583816898 0.0421173895461 0.0503064423272 0.00572295009231 0.0296884519025 0.0228937413581 0.0345979151711 0.0345852739902 0.019674225176 0.018020481763 0.0322777475339 0.0111024183606 0.023744175209 0.0132715466329 0.0268590262215 0.00977265569471 0.136792469134 -0.00974804154639 0.0714592466669 -0.000533560918738 -0.00653918142992 0.00705208500253 0.0238951477212 0.0210168123897 -0.00488035829286 0.88422150729 0.0489333287233 0.0191785797174 0.00972474201886 0.0357345076864 0.0136688245562 -0.00105500203558 
0.0187991525496 0.0350758019587 -0.0156884931556 -0.00515332579829 0.0316852871343 0.0247182053252 0.0325048205598 0.00100728791349 0.0231998040563 0.014615001528 0.0242392325799 0.016503424601 0.000574536571646 0.0129842334145 0.011412378497 -0.00312725689963 -0.00250157014077 0.0334300983306 0.0299281300098 0.0168721017307 -3.80212180031e-05 0.0121415739703 0.0328167782659 0.010052046429 0.0464549407617 -0.00885997355416 -0.00148305325898 0.0269123227597 0.0258399555239 0.00315476986728 0.0407371748477 0.0132574747731 0.0105805909631 0.0489333287233 0.257784275004 0.00553069161313 0.00718296553538 0.018832733173 0.0270212288445 0.0162332468792 
0.0447604056094 -0.0352733901658 -0.0410363211176 0.01747214137 0.0214391747023 -0.0174634845037 0.0748730860583 0.420184379072 0.00874443340876 -0.0394491520412 0.0237966846594 0.00331774629121 0.0708922030649 -7.88497405489e-05 0.00528386710274 0.0374226688529 0.022323012623 0.00766610792458 0.00624560856247 0.00194606342581 -0.0886371279441 0.051705424203 0.0138135948828 0.0249117467028 0.0306809044502 -0.0368891040509 0.0744629867629 -0.0135129598973 -0.0105556382022 -0.0122007271113 0.0155682161188 0.0517557672961 0.0135234670714 0.0191785797174 0.00553069161313 1.42019626758 0.00394696142771 0.0125514585867 0.0127986168636 -0.00938980755347 
-0.00182805649342 0.0124181748609 0.00820517469042 -0.0199770040856 0.0439644005073 0.0136367886036 0.0203728204246 -0.000431352785646 0.0168744941107 0.0354997187991 0.0232197550952 0.0431544626286 0.0343076125668 0.010497843998 -0.00762014285381 0.0158821373415 0.0480259078288 0.0153856767138 0.0274082191927 -0.00632633299412 0.0211180496344 -0.0169919487916 0.00838224295003 0.0058242976299 0.0142812246184 0.00238708395366 0.0413212249416 0.0215905915907 0.0182115077563 0.00180827768326 -0.00789010562946 0.018744867524 0.0198817281987 0.00972474201886 0.00718296553538 0.00394696142771 0.265449152352 0.0116794967434 0.0169138614052 -0.000820031110027 
0.00954125402694 0.00468730592757 -0.0189267791333 0.00633827326221 0.0202143354205 0.0195504874324 0.0409653832326 0.00142488046832 0.000694529712901 0.00884727642817 0.0300956784855 0.0213173397047 0.00740836698705 -0.0159399824577 0.0345350640125 -0.00572112792155 0.00925252039459 0.0345944334247 0.0114020839793 0.0236404467295 0.0247995058532 0.0139979944042 0.0395009483128 0.0202280719297 0.0391231490621 -0.0167649636291 0.0211288083396 0.0449770065662 0.0132787696835 0.02922200499 0.0475374197905 0.030459669435 0.0107088370604 0.0357345076864 0.018832733173 0.0125514585867 0.0116794967434 0.277237833694 0.0394136892211 0.0212250094324 
0.0130008403482 0.0125471929968 0.00444037685742 0.00262675094404 0.0316389662619 0.0094198645169 0.00518471884403 0.00648107647138 0.0154567503903 0.00740635450571 0.0270091747269 0.0302183302963 0.02018570846 0.00119103655501 0.0187106215191 0.0201622717881 0.0204365909682 0.0270355869005 0.0154553705587 0.00486812067009 -0.00116052600912 -0.00330243200791 0.0154926667747 0.0242002906794 0.0275502474816 -0.0138282975216 0.0170602350996 0.0194442910183 0.0466784800269 0.0700195140718 0.0125067087731 0.0371495018212 -0.00339916771242 0.0136688245562 0.0270212288445 0.0127986168636 0.0169138614052 0.0394136892211 0.190241456292 0.000323328216159 
0.00981912202197 0.00256536072138 0.019127101442 0.014979280869 0.0126797292124 0.0142256297769 0.0157481464647 0.00414138952452 0.0320148825937 -0.00566782507843 0.0254728686356 0.0159292097426 0.0216791183907 0.0331922769133 -0.00156296143459 0.000416755599775 0.0234629570046 0.017524508242 0.0294495023397 0.0233580371618 0.0157472620348 0.0252578484005 0.0164838961143 0.0145857352492 0.0241872522887 0.021148014057 0.00838841737915 0.0146920351448 -0.000374884425747 -0.00587276728945 0.00764939515702 0.0263514025591 0.0211589428861 -0.00105500203558 0.0162332468792 -0.00938980755347 -0.000820031110027 0.0212250094324 0.00032332821616 0.215866240078 
0.0323970342453 0.00236782276166 1.97781967025e-05 -0.000691680917557 -0.00078272654733 0.00111044345668 -0.000675754664387 0.00187302315677 0.00137096444304 0.000890094406767 6.72782903908e-05 -0.000167687270072 -0.000462401582499 -0.000530984117448 0.000684001282642 0.00161549388986 0.00148403081603 0.000905963182868 -7.56929864694e-05 0.000386527861152 -0.000223336311275 0.000261195048356 0.000217696966746 0.000999985592007 0.000556902952199 -0.00014732236232 -0.000858683303008 9.07014189261e-05 0.000908426128389 4.65125453047e-05 0.000761751868559 0.00286674568036 3.45991730696e-05 -0.000789029123078 0.00162805436776 0.00387636483414 -0.000158314336286 0.000826296837129 0.00112590580121 0.000850360911388 
0.00236782276166 0.0191265485294 0.00408224305719 0.000466220792541 0.000946896317337 0.000580946249526 0.00142774010838 0.00076797683451 0.000328399753944 0.00169929786698 0.000983755965986 0.00060840946734 0.000595704292762 -0.00100818902907 0.00174423378227 0.00130185535764 -0.000382745066146 0.0017443039915 0.000623674315282 0.00330822300701 0.00188224110707 -0.000875229287413 0.0024574722252 0.00886613000496 0.00254158464205 -0.000117151738001 -0.00129948838268 0.00133997057373 0.000773240659013 0.000910983131516 0.00321247664413 -0.000341680939224 -0.0016257727632 0.000949664403473 0.00303765355543 -0.00305476519612 0.00107544548982 0.000405932600858 0.00108661878814 0.000222166755458 
1.97781967024e-05 0.00408224305719 0.0407609603843 0.00186413846521 0.000790214220486 0.000457657534175 -0.000969053134273 0.00234359817922 0.0017493740689 0.00297425411771 0.0015028658055 0.00117567157576 0.00300322711396 0.00153350411514 0.000956383519549 -0.000116323887686 0.00312471132782 0.00188917660838 0.000757005671925 0.00537301376975 0.00534724776273 -0.000286733645211 0.000817126210597 -0.000254518780465 0.000940836389351 0.00230345904716 0.0035323934772 -0.000450098313544 8.7065601589e-05 0.00115705015891 -0.000763243178807 -0.00177910797985 0.000415223328343 0.00151433158901 -0.00135866336199 -0.00355384965657 0.000710588972439 -0.00163910715413 0.000384547916091 0.00165645557495 
-0.000691680917557 0.000466220792541 0.00186413846521 0.0365087573444 -4.17630105379e-05 0.00319784932176 0.00286735045084 0.00141884487747 0.00265254563904 -0.0032127362721 0.00205253773296 0.00263881958711 0.000329154939164 0.00103568891078 -0.000641547439516 -0.000606553394897 0.000963263798588 -0.000821953630056 -0.000290820426351 0.000281471625846 0.00216291050653 0.00358936801245 -0.00185858370042 -0.00124814716212 0.00537895137512 0.00241384655444 0.0019169244877 0.00100376603335 0.000812654992858 0.000295236037006 -0.00111621978066 0.000194680862205 0.00274255946314 0.0039021825592 -0.000446291105529 0.00151313182849 -0.00173005930296 0.00054891056612 0.000227483304695 0.0012972437763 
-0.00078272654733 0.000946896317337 0.000790214220486 -4.17630105378e-05 0.0118245210063 0.00125008171544 0.00147635895799 0.000111771045501 0.000417316436738 0.000700018367389 0.0033171883507 0.00214173973117 0.00199729360531 0.00177266100837 0.00237850889226 0.00141653921474 0.00182110443936 0.000998536691679 0.00176505272982 0.00165533799536 0.000619976784821 0.00148908303281 0.00107032868836 0.00194273776944 0.00391866752292 -7.50891633111e-05 0.00221514666814 0.0013974226654 0.00209357662038 0.000963700822064 0.00165639840315 0.00112567986826 0.00135037812624 0.00272381440912 0.00274402635845 0.00185668699283 0.00380742877014 0.00175061279948 0.00274001485323 0.0010980967611 
0.00111044345668 0.000580946249526 0.000457657534175 0.00319784932176 0.00125008171544 0.013026212094 0.00149043837313 0.00611634040776 -0.000166162628086 0.00146510557181 0.00240734719693 0.00225296634998 0.000923152755975 0.00116477162368 0.000725478272676 0.00180805131663 0.00224175780238 0.00147416553954 0.0016975051279 0.000317256938136 0.00988584702435 0.00144692207114 0.000767727722135 0.00129036941563 0.00336159751471 0.000685836570913 0.000438318292132 0.000949668417008 0.0013894101024 0.000166284697019 0.000803697378511 0.000548307524716 0.000946486982069 0.00109453046386 0.00214065937476 -0.00151238212188 0.00118098053568 0.00169312187728 0.000815784197184 0.00123197567716 
-0.000675754664387 0.00142774010838 -0.000969053134273 0.00286735045084 0.00147635895799 0.00149043837313 0.113267296453 0.000662935006102 0.00368883644173 -0.000953244968136 0.00108552616609 0.00296148722313 0.00631261919497 0.00623618629764 0.00416270238274 0.00938062167008 0.00232162857887 0.00327764514656 0.000827931572595 0.000228830257875 0.000419230329216 0.00147696707264 -0.00185914986239 -0.00168713886001 0.000399187741569 0.00172875005779 0.0100240786187 0.00158623990753 0.00296553705415 0.00462884158412 0.00409472849924 0.00485806128958 -0.00423362793694 0.00378881442172 0.00281500003502 0.00648419945862 0.00176433800344 0.00354770625552 0.000449009823041 0.00136382949009 
0.00187302315677 0.00076797683451 0.00234359817922 0.00141884487747 0.000111771045501 0.00611634040776 0.000662935006102 0.0572175512622 -0.000496501183415 -0.000561894173399 0.00251029290581 0.00053749800145 0.00395045730721 0.000941282665607 0.000540962482944 0.00371688333983 0.00156265055183 0.000893565651044 -0.000956012589285 0.00111842280272 0.0342503729878 0.000358429230188 0.001176899495 -0.000941669672773 -0.000482394275205 -0.000163627358861 -0.000263638503703 -0.00185198714208 -0.000719925293188 0.000660807453578 0.000486668998697 0.00104774957721 0.00152462507265 -0.00133333387367 8.72336922008e-05 0.036389034655 -3.73562470363e-05 0.000123398268292 0.000561277686809 0.00035865485352 
0.00137096444304 0.000328399753944 0.0017493740689 0.00265254563904 0.000417316436739 -0.000166162628086 0.00368883644173 -0.000496501183415 0.0844606161062 9.49250352069e-05 0.00193939033133 0.00134744602724 0.00371335945599 -0.000839673800035 0.00134975642603 0.00218980206426 0.00103299404821 0.00314040250737 0.00119461376128 -0.000217399047932 -0.00101991357792 0.00119162408496 0.00270395889508 0.0010681244975 0.00877262935662 0.00104433622458 -0.00227428754259 0.00180253345874 0.00329521568125 0.000283221573049 0.00118999479795 0.00262884037109 -0.000155596402695 -0.000469891369117 0.00200916196756 0.000757290147369 0.00146137405759 6.01480375056e-05 0.0013385938498 0.00277257016253 
0.000890094406767 0.00169929786698 0.00297425411771 -0.0032127362721 0.000700018367389 0.00146510557181 -0.000953244968136 -0.000561894173399 9.4925035207e-05 0.324579247514 0.00118430323495 -0.000753733664754 -0.000115022557773 -9.75371816783e-05 0.000548190719822 0.00185814923217 0.000369538135073 0.000780087679107 8.5596725167e-05 -0.00119717140384 1.70941638405e-05 -0.00202964732967 0.00620339260165 -0.00214717975488 -0.00051764943001 0.000555345926492 0.000132833700387 -0.00177449739592 -0.000860417835228 0.00151959129546 0.00193697012315 -0.0024213761636 0.00682382037815 0.0036474729288 0.00126569625996 -0.00341639678254 0.00307436583072 0.00076619661411 0.000641409115138 -0.000490848050213 
6.72782903908e-05 0.000983755965986 0.0015028658055 0.00205253773296 0.0033171883507 0.00240734719693 0.00108552616609 0.00251029290581 0.00193939033133 0.00118430323495 0.0163781472037 0.00208786910551 0.00291931523511 0.00134474687061 0.00282146880348 0.0024311680912 0.00221032897683 0.000596645998578 0.000490778924901 0.00139818350225 0.00244116500961 0.00359979779318 0.000721041449164 0.00108170649873 0.00436941252193 0.000934871043106 0.00345646219233 0.0017179232544 0.00218744809588 0.00172139695722 0.00323566393937 0.00212217545206 0.00319011707411 0.00435666570294 0.00209917911824 0.00206085334409 0.00201088977821 0.00260636221126 0.00233906314487 0.00220601513457 
-0.000167687270072 0.00060840946734 0.00117567157576 0.00263881958711 0.00214173973117 0.00225296634998 0.00296148722313 0.00053749800145 0.00134744602724 -0.000753733664755 0.00208786910551 0.0237284972369 0.00171370767509 -0.00253248906092 0.000962678100665 -0.000881671407815 0.00440966889303 0.00317989802038 0.00186103699978 0.00160439064822 0.00192366550477 0.00198384926617 0.000889380379875 0.00143993893813 0.00122613014231 0.000302731707291 0.00217460623614 0.00123481582901 0.00123950274541 0.00194179293053 0.000855613331912 0.00208895009935 0.00217350979432 0.000495622016454 0.00142923849539 0.00028732525715 0.0037372860923 0.00184613577254 0.00261698416965 0.00137951002993 
-0.000462401582499 0.000595704292762 0.00300322711396 0.000329154939164 0.00199729360531 0.000923152755975 0.00631261919497 0.00395045730721 0.00371335945599 -0.000115022557773 0.00291931523511 0.00171370767509 0.0338262917732 0.00529120635453 0.000296106386811 0.00484168691608 0.00335241080059 -0.000213588818695 0.00137650952697 0.000423794589718 0.00132455179565 -0.00211501507891 0.000592712292842 0.00315270480964 0.00271409626468 0.00272294205912 0.00724711091124 0.000891705653311 0.00181834786206 0.00299748195546 0.0013445784135 0.00215799259307 0.003507900728 0.00257109535466 4.97563266449e-05 0.00613944487844 0.0029711264026 0.000641583401134 0.00174813363198 0.0018774667258 
-0.000530984117448 -0.00100818902907 0.00153350411514 0.00103568891078 0.00177266100837 0.00116477162368 0.00623618629764 0.000941282665607 -0.000839673800035 -9.75371816783e-05 0.00134474687061 -0.00253248906092 0.00529120635453 0.0292336250115 0.00134348110118 0.00975884769807 -0.00077234425955 0.000740091479787 0.00102774632105 0.00065893709247 0.00036442121986 -0.000970167326127 -0.000226949192601 0.000949356154529 0.0030113610209 0.00344690330077 0.00983528779237 0.000494193331625 0.00274745017124 0.00324791674098 0.00399039865217 0.00117299047492 0.00191540489312 0.00198265616038 0.00112446759857 -6.82858783971e-06 0.000909139958725 -0.00138044297442 0.000103146791347 0.00287453550163 
0.000684001282642 0.00174423378227 0.000956383519549 -0.000641547439516 0.00237850889226 0.000725478272676 0.00416270238274 0.000540962482944 0.00134975642603 0.000548190719822 0.00282146880348 0.000962678100665 0.000296106386811 0.00134348110118 0.0147013765393 0.00171584462394 0.00226357096406 0.00118359353961 0.00076096485567 0.000243048891771 0.000665539526592 0.0011659428703 0.00048510800684 -0.000444256568456 0.00204937519293 -0.00216814907714 0.00374525521543 0.00177419864798 0.00290839683574 0.000884114328147 0.00283718988719 0.00146876951413 0.00238005619571 0.00299626734562 0.000988340969597 0.000457596314119 -0.000659923729187 0.00299082427561 0.00162038735562 -0.000135356430749 
0.00161549388986 0.00130185535764 -0.000116323887686 -0.000606553394897 0.00141653921474 0.00180805131663 0.00938062167008 0.00371688333983 0.00218980206426 0.00185814923217 0.0024311680912 -0.000881671407815 0.00484168691608 0.00975884769807 0.00171584462394 0.0264550615065 0.000111214892783 -1.76673058474e-05 0.00047802406472 -0.000844422422523 -0.000105587442394 0.000874079645225 0.00104481211919 0.00188472591683 0.00412879773386 0.00257266031515 0.00627590482317 0.0011997828376 0.000158978890468 0.00332711633344 0.0045641679502 0.00407039912929 0.00181927914647 0.00299517258724 -0.000270828391924 0.0032408981904 0.00137543344041 -0.000495464211837 0.00174610395665 3.60920936575e-05 
0.00148403081603 -0.000382745066146 0.00312471132782 0.000963263798588 0.00182110443936 0.00224175780238 0.00232162857887 0.00156265055183 0.00103299404821 0.000369538135073 0.00221032897683 0.00440966889303 0.00335241080059 -0.000772344259551 0.00226357096406 0.000111214892783 0.0151900354215 0.000689768964155 0.000738950952587 0.00016102129477 0.00225732450214 -0.00108717403841 -0.000414143525413 0.000434423953807 0.00168368645047 0.00163027820086 0.0014242536273 0.00153194127496 0.00252655461134 0.000570947519328 0.00178723188732 0.000787818880558 0.00183176479174 0.00170383788022 -0.000216642329126 0.00193322960205 0.00415916562195 0.000801291771075 0.00176986069452 0.00203195168139 
0.000905963182868 0.0017443039915 0.00188917660838 -0.000821953630056 0.000998536691679 0.00147416553954 0.00327764514656 0.000893565651044 0.00314040250737 0.000780087679107 0.000596645998578 0.00317989802038 -0.000213588818695 0.000740091479787 0.00118359353961 -1.76673058474e-05 0.000689768964155 0.0317214676562 0.0016377337773 0.00184157444749 -0.00172320738373 0.000941942431922 0.000648267854432 0.00351785010203 0.00345475977124 0.00243427904027 0.000618109018924 -0.000243243033108 0.00327210836223 -0.000157752991247 0.00211555594714 0.00434132466259 0.00109792149054 0.00156061949952 0.00289513144053 0.000663904421084 0.00133243868886 0.00299596581753 0.00234135050621 0.00151766693264 
