20
0.332832739506 0.0948967479515 0.00238062118955 0.0414486045552 0.399937027552 0.158066549078 0.0301615681032 0.0444525953717 0.0300310371189 0.0475630895173 0.116406698245 0.0403512104362 0.0916953774684 0.0963264580192 0.18030920859 0.0445332570478 0.0135435889675 0.0431815223905 0.0482129600444 0.128291051585 
0.527977451741 0.0193988885043 0.0117318047565 0.0353819308013 0.0323091626287 -0.0286420331577 0.0192836563924 0.0226637753602 0.00778654119415 0.00113970649902 0.0568717978257 0.0179256984282 0.0510161712548 -0.0190000892898 0.0265279696505 0.00608763166911 0.0516783680832 0.0291001245726 0.00888613048582 0.0164252513017 
0.0193988885043 0.564150435488 0.0177703975777 -0.00326001123422 0.0455120570133 0.00295123181163 0.0198226942178 0.0396543873418 -0.0123282283139 0.0132669301757 -0.000254181539734 0.0326361909871 0.0144846301569 0.00845844244035 -0.00267682202858 0.00436914073514 0.0109454092154 0.0196482048804 -0.00111291981262 0.0312408465062 
0.0117318047565 0.0177703975777 0.147371048852 0.0119933506823 0.015132706817 -0.00598644647199 0.0336209972662 0.0385038767185 0.0142130166568 0.00355146240609 0.0205533048166 0.0158001523007 0.0286647631041 0.000406688013749 0.0233827305441 0.017291159698 0.0164140041648 0.0207438935531 0.00620713548935 0.00651022964825 
0.0353819308013 -0.00326001123422 0.0119933506823 0.321779648239 0.0322082340606 0.0305118602673 0.0243305000786 0.00501579297425 0.0188259921799 0.00430488917527 0.00554394551119 0.0288857766467 0.0108938529553 0.017824286584 0.027448389226 0.0557508584088 0.0235169957922 0.00225340321559 0.00593795527589 0.0480320740918 
0.0323091626287 0.0455120570133 0.015132706817 0.0322082340606 1.32771308639 -0.033955007003 0.0171588336154 0.0326145563214 0.027477103833 -0.000958517358283 0.0642992077913 0.0274235795933 -0.00458567094058 0.0543076919848 0.0442594514491 0.00519500298979 0.00788922144147 0.0150955766022 0.0173315898428 -0.000197675359986 
-0.0286420331577 0.00295123181163 -0.00598644647199 0.0305118602673 -0.033955007003 0.687625005295 -0.024918182578 -0.0164799283395 0.00568689410632 -0.00208335149919 -0.00258946855601 0.00279085222991 0.0374343054265 -0.0323762789335 -0.0140891198678 -0.00632863807565 -0.0244436111329 0.0257615115556 -0.0261112625922 0.0115895712719 
0.0192836563924 0.0198226942178 0.0336209972662 0.0243305000786 0.0171588336154 -0.024918182578 0.234361982242 0.0178873724074 0.010236670673 0.00517103009346 0.0406302229227 0.0300503023777 0.0435956653693 0.04755044187 -0.0318917881532 0.019682111874 0.0241736574192 0.0193563342563 0.0304926687153 -0.00583209356071 
0.0226637753602 0.0396543873418 0.0385038767185 0.00501579297425 0.0326145563214 -0.0164799283395 0.0178873724074 0.274526043343 0.0265396130532 0.00892531897176 0.0386256295832 0.0185987710754 0.065041657269 0.0181242985562 0.0169559540115 -0.00414875714987 0.0327763929927 0.000163162522864 0.0146178987678 -0.00495576071322 
0.00778654119415 -0.0123282283139 0.0142130166568 0.0188259921799 0.027477103833 0.00568689410632 0.010236670673 0.0265396130532 0.257818205801 -0.00273042433595 0.0204943102568 -0.00326477153017 -0.00274587086588 0.0054946221691 0.0123603165412 -0.00521530661035 0.0143657486672 -0.000492512103837 0.0833866241409 0.00396921210011 
0.00113970649902 0.0132669301757 0.00355146240609 0.00430488917527 -0.000958517358283 -0.00208335149919 0.00517103009346 0.00892531897176 -0.00273042433595 0.311042038696 0.00322513827086 0.0035224997917 0.049955721256 -0.0210883452836 0.0683726769747 0.00942141014041 0.000149212000328 -0.0124456526774 -0.00781872587517 0.0184285749968 
0.0568717978257 -0.000254181539734 0.0205533048166 0.00554394551119 0.0642992077913 -0.00258946855601 0.0406302229227 0.0386256295832 0.0204943102568 0.00322513827086 0.554413113617 0.0216995416873 0.0420785310274 0.0610718796018 0.0727186616798 0.00808770269138 0.00205294849726 0.0429216353133 0.0149118523176 -0.00122434098753 
0.0179256984282 0.0326361909871 0.0158001523007 0.0288857766467 0.0274235795933 0.00279085222991 0.0300503023777 0.0185987710754 -0.00326477153017 0.0035224997917 0.0216995416873 0.191199545123 0.0413851132176 0.0201007331357 0.0181708053642 0.00789479131465 0.0175847431175 0.0295025115053 0.01998847727 0.00995191518422 
0.0510161712548 0.0144846301569 0.0286647631041 0.0108938529553 -0.00458567094058 0.0374343054265 0.0435956653693 0.065041657269 -0.00274587086588 0.049955721256 0.0420785310274 0.0413851132176 0.526150548048 0.0830632048671 0.0889271762993 0.028832689935 0.0346213765942 0.0490199434819 0.0471544886601 0.0517067444535 
-0.0190000892898 0.00845844244035 0.000406688013749 0.017824286584 0.0543076919848 -0.0323762789335 0.04755044187 0.0181242985562 0.0054946221691 -0.0210883452836 0.0610718796018 0.0201007331357 0.0830632048671 0.462021914229 -0.00625639793171 -0.0070533583554 0.0220855770396 0.0213156809712 0.0286478913179 0.0490670979721 
0.0265279696505 -0.00267682202858 0.0233827305441 0.027448389226 0.0442594514491 -0.0140891198678 -0.0318917881532 0.0169559540115 0.0123603165412 0.0683726769747 0.0727186616798 0.0181708053642 0.0889271762993 -0.00625639793171 0.974737217496 0.0127716739525 0.017461594578 0.0182365755286 0.0200075342233 0.0491414997818 
0.00608763166911 0.00436914073514 0.017291159698 0.0557508584088 0.00519500298979 -0.00632863807565 0.019682111874 -0.00414875714987 -0.00521530661035 0.00942141014041 0.00808770269138 0.00789479131465 0.028832689935 -0.0070533583554 0.0127716739525 0.187376975173 0.0181734819936 0.0181736055262 0.00623805593233 0.0121318293769 
0.0516783680832 0.0109454092154 0.0164140041648 0.0235169957922 0.00788922144147 -0.0244436111329 0.0241736574192 0.0327763929927 0.0143657486672 0.000149212000328 0.00205294849726 0.0175847431175 0.0346213765942 0.0220855770396 0.017461594578 0.0181734819936 0.25850131719 -0.0120819553259 0.0240810414651 -0.0028767877412 
0.0291001245726 0.0196482048804 0.0207438935531 0.00225340321559 0.0150955766022 0.0257615115556 0.0193563342563 0.000163162522864 -0.000492512103837 -0.0124456526774 0.0429216353133 0.0295025115053 0.0490199434819 0.0213156809712 0.0182365755286 0.0181736055262 -0.0120819553259 0.208641606713 0.0207466408447 0.0510767406332 
0.00888613048582 -0.00111291981262 0.00620713548935 0.00593795527589 0.0173315898428 -0.0261112625922 0.0304926687153 0.0146178987678 0.0833866241409 -0.00781872587517 0.0149118523176 0.01998847727 0.0471544886601 0.0286478913179 0.0200075342233 0.00623805593233 0.0240810414651 0.0207466408447 0.283042502254 0.0239730530993 
0.0164252513017 0.0312408465062 0.00651022964825 0.0480320740918 -0.000197675359986 0.0115895712719 -0.00583209356071 -0.00495576071322 0.00396921210011 0.0184285749968 -0.00122434098753 0.00995191518422 0.0517067444535 0.0490670979721 0.0491414997818 0.0121318293769 -0.0028767877412 0.0510767406332 0.0239730530993 0.500355934631 
0.0457241885833 0.00167999302499 0.00101600409513 0.00306416509089 0.00279805556114 -0.00248047283306 0.00167001363137 0.00196274052076 0.000674334248175 9.87014781013e-05 0.00492524216759 0.00155241102194 0.00441813003105 -0.00164545599991 0.00229738956281 0.000527204367433 0.00447547795862 0.00252014471332 0.000769561474206 0.00142246848908 
0.00167999302499 0.0488568608688 0.00153896157376 -0.000282325254546 0.0039414597552 0.000255584172133 0.00171669567641 0.00343417068095 -0.00106765589035 0.00114894985624 -2.20127670583e-05 0.00282637704776 0.00125440576803 0.000732522602979 -0.000231819587816 0.000378378686934 0.000947900243532 0.00170158445652 -9.63816830101e-05 0.00270553667101 
0.00101600409513 0.00153896157376 0.0127627072088 0.00103865463673 0.00131053085315 -0.000518441472314 0.00291166377331 0.00333453353824 0.00123088334892 0.000307565666426 0.00177996841029 0.00136833332761 0.00248244130417 3.52202151321e-05 0.0020250038661 0.00149745835594 0.00142149445845 0.00179647387904 0.000537553701851 0.000563802425985 
0.00306416509089 -0.000282325254546 0.00103865463673 0.0278669349795 0.00278931489075 0.00264240461082 0.00210708311548 0.000434380413582 0.00163037874793 0.000372814338626 0.000480119764989 0.00250158163841 0.000943435340441 0.00154362849861 0.00237710023627 0.00482816596648 0.00203663157768 0.000195150442967 0.000514242011546 0.004159699636 
0.00279805556114 0.0039414597552 0.00131053085315 0.00278931489075 0.114983326175 -0.00294058986502 0.00148599858102 0.00282450343075 0.00237958699418 -8.30100382241e-05 0.00556847473905 0.00237495165905 -0.000397130752794 0.00470318408797 0.00383298093125 0.00044990045619 0.00068322661844 0.00130731528223 0.00150095970918 -1.7119188345e-05 
-0.00248047283306 0.000255584172133 -0.000518441472314 0.00264240461082 -0.00294058986502 0.0595500722863 -0.00215797791287 -0.00142720365945 0.000492499476471 -0.000180423532331 -0.000224254555181 0.000241694892931 0.00324190594724 -0.00280386800364 -0.00122015357225 -0.000548076134487 -0.00211687882014 0.0022310123447 -0.00226130167297 0.00100368631405 
0.00167001363137 0.00171669567641 0.00291166377331 0.00210708311548 0.00148599858102 -0.00215797791287 0.0202963430303 0.00154909189117 0.000886521685296 0.000447824342467 0.00351868052125 0.00260243252505 0.00377549537047 0.00411798906206 -0.00276190987128 0.0017045208883 0.00209350014274 0.00167630771901 0.00264074257367 -0.000505074118083 
0.00196274052076 0.00343417068095 0.00333453353824 0.000434380413582 0.00282450343075 -0.00142720365945 0.00154909189117 0.0237746527536 0.00229839791107 0.000772955296642 0.00334507764562 0.00161070082304 0.00563277274992 0.00156961029755 0.00146842869194 -0.000359292908592 0.00283851889761 1.41302889746e-05 0.00126594716829 -0.000429181467272 
0.000674334248175 -0.00106765589035 0.00123088334892 0.00163037874793 0.00237958699418 0.000492499476471 0.000886521685296 0.00229839791107 0.0223277115782 -0.000236461683804 0.00177485933155 -0.000282737508268 -0.000237799392536 0.000475848238264 0.00107043481235 -0.000451658801309 0.00124411032902 -4.26527993594e-05 0.00722149348418 0.000343743851171 
9.87014781013e-05 0.00114894985624 0.000307565666426 0.000372814338626 -8.30100382242e-05 -0.000180423532331 0.000447824342467 0.000772955296642 -0.000236461683804 0.0269370307155 0.000279305167328 0.000305057430444 0.00432629236721 -0.00182630427394 0.00592124751848 0.000815918052107 1.29221382834e-05 -0.00107782513853 -0.000677121523312 0.00159596141028 
0.00492524216759 -2.20127670583e-05 0.00177996841029 0.000480119764989 0.00556847473905 -0.000224254555181 0.00351868052125 0.00334507764562 0.00177485933155 0.000279305167328 0.0480135840584 0.00187923543517 0.00364410768237 0.0052889799192 0.00629762083439 0.000700415598899 0.000177790555129 0.00371712265533 0.00129140429246 -0.000106031039809 
0.00155241102194 0.00282637704776 0.00136833332761 0.00250158163841 0.00237495165905 0.000241694892931 0.00260243252505 0.00161070082304 -0.000282737508268 0.000305057430444 0.00187923543517 0.0165583663268 0.0035840559385 0.00174077455302 0.00157363790526 0.000683708983607 0.00152288342588 0.0025549924439 0.00173105290988 0.000861861136585 
0.00441813003105 0.00125440576803 0.00248244130417 0.000943435340441 -0.000397130752794 0.00324190594724 0.00377549537047 0.00563277274992 -0.000237799392536 0.00432629236721 0.00364410768237 0.0035840559385 0.0455659740825 0.00719348455347 0.0077013193762 0.00249698419432 0.00299829916446 0.00424525163474 0.00408369850821 0.00447793542437 
-0.00164545599991 0.000732522602979 3.52202151322e-05 0.00154362849861 0.00470318408797 -0.00280386800364 0.00411798906206 0.00156961029755 0.000475848238264 -0.00182630427394 0.0052889799192 0.00174077455302 0.00719348455347 0.0400122714827 -0.000541819954504 -0.000610838751777 0.00191266707735 0.001845992122 0.00248098016462 0.00424933533338 
0.00229738956281 -0.000231819587816 0.0020250038661 0.00237710023627 0.00383298093125 -0.00122015357225 -0.00276190987128 0.00146842869194 0.00107043481235 0.00592124751848 0.00629762083439 0.00157363790526 0.0077013193762 -0.000541819954504 0.0844147192365 0.00110605940918 0.00151221844951 0.00157933376858 0.00173270329044 0.00425577871911 
0.000527204367433 0.000378378686934 0.00149745835594 0.00482816596648 0.00044990045619 -0.000548076134487 0.0017045208883 -0.000359292908592 -0.000451658801309 0.000815918052107 0.000700415598899 0.000683708983607 0.00249698419432 -0.000610838751777 0.00110605940918 0.0162273220584 0.00157386970817 0.00157388040641 0.000540231490763 0.00105064724348 
0.00447547795862 0.000947900243532 0.00142149445845 0.00203663157768 0.00068322661844 -0.00211687882014 0.00209350014274 0.00283851889761 0.00124411032902 1.29221382833e-05 0.000177790555129 0.00152288342588 0.00299829916446 0.00191266707735 0.00151221844951 0.00157386970817 0.0223868707599 -0.00104632802396 0.00208547936584 -0.000249137126518 
0.00252014471332 0.00170158445652 0.00179647387904 0.000195150442967 0.00130731528223 0.0022310123447 0.00167630771901 1.41302889746e-05 -4.26527993594e-05 -0.00107782513853 0.00371712265533 0.0025549924439 0.00424525163474 0.001845992122 0.00157933376858 0.00157388040641 -0.00104632802396 0.01806889317 0.00179671180147 0.00442337549309 
0.000769561474206 -9.63816830101e-05 0.000537553701851 0.000514242011546 0.00150095970918 -0.00226130167297 0.00264074257367 0.00126594716829 0.00722149348418 -0.000677121523312 0.00129140429246 0.00173105290988 0.00408369850821 0.00248098016462 0.00173270329044 0.000540231490763 0.00208547936584 0.00179671180147 0.0245121997303 0.00207612729903 
0.00142246848908 0.00270553667101 0.000563802425985 0.004159699636 -1.7119188345e-05 0.00100368631405 -0.000505074118083 -0.000429181467272 0.000343743851171 0.00159596141028 -0.000106031039809 0.000861861136585 0.00447793542437 0.00424933533338 0.00425577871911 0.00105064724348 -0.000249137126518 0.00442337549309 0.00207612729903 0.0433320950325 

['EK', 'SUNW', 'ED', 'COL', 'JDSU', 'MYL', 'EOP', 'XOM', 'OMC', 'NKE', 'NTAP', 'AN', 'PHM', 'MON', 'ADCT', 'DGX', 'NYT', 'PLL', 'BMS', 'AW']