50
0.0962618702605 0.0636277148901 0.112605751981 0.133040507733 -0.00662659235152 0.0161964684659 0.0275413533974 0.0429486266904 0.0437038130991 0.0609589558998 0.080702843163 0.171628318037 0.0940944116816 0.088181568025 0.0450347688147 0.0810581507116 0.0300827450696 0.117315051398 0.0407864154506 0.0408960175479 0.0680936188342 0.0785253906611 0.0493061267197 0.0506132512338 0.0262084488718 0.0445346556631 0.134360436546 0.143828325424 0.0214629747746 0.034888990542 0.0731585002716 0.101218808556 -0.00660692339257 0.107494880462 0.0136100125143 0.025042174885 0.0392369654355 0.332832739506 0.0121413644826 0.162419244675 -0.00953493093171 0.105904751354 0.00753480783794 0.165275344352 0.128291051585 0.187838769987 0.00633581846688 0.00265371642944 0.1366928931 0.037281538924 
0.37188547654 0.00626911013335 0.0470433671567 0.0222722538441 0.0322582204694 0.0155066566005 0.026189407375 0.00675046001328 0.0061507518285 0.034601226679 0.0721406383983 0.0396355678269 0.0708993497975 -0.00327959090382 0.0333984702529 0.0152931551262 -0.000250082294746 0.0392154198838 0.0251732419908 0.0254621412021 0.0504830419835 0.0148478158962 0.0103362015654 -0.0052154787242 -0.0037880553837 -0.00269174047495 -0.00398149358819 0.0247736127701 0.00782406423331 0.0143516540058 -0.00245629105195 0.0377995560037 -0.00453107494201 0.028742868524 0.00721132253383 0.0154119112971 0.0107469979058 -0.0247819729983 0.0269996903649 0.0262793010578 -0.00862921201652 0.0114702141112 0.0256455814179 -0.0183377809569 -0.0010126329266 0.0275905472757 -0.00400465231852 0.0251741959729 0.0238024935569 0.0732650827063 
0.00626911013334 0.224340252807 0.00549020748046 -0.00891009241982 0.00977923666468 -0.00923815274701 0.00431224296311 0.0128218650767 0.00620770755755 0.00943415565201 0.00346499537855 0.0176786609041 -0.00424550837896 -0.000192327350038 -0.00233915747636 0.0225630416166 0.00278021846039 -0.00842454190851 0.00612803866762 -0.00041950546233 0.00806647290555 0.0196546468632 0.00667240406133 0.0172168723839 0.0106471246618 0.00939471716254 0.00295010201863 0.0996099224268 0.0168718357141 0.0300833396568 0.00173096366222 0.0153560770896 0.0193928946541 -0.00222317210984 0.0107295196687 0.0083653915621 0.00319244350357 -0.0129030293471 0.0129597423117 0.0129254657563 0.0191231356212 0.014266664249 -0.00579169064981 -0.0100088434358 -0.00482387844449 -0.0126654557293 -0.000155732240651 -0.00191359430889 0.00382851326957 0.00272059925726 
0.0470433671567 0.00549020748046 0.466839989578 0.157743983116 0.0435321434772 0.0127406899391 0.0100474364267 0.0158928557345 0.0179822407124 0.00792835895789 0.225350710254 0.040568347628 0.0421576161913 0.0563133851284 0.0244031200068 0.0418484449896 0.00446684784371 -0.0130762819394 0.00635065251438 0.0359908940801 0.0289065299468 0.0180524059672 0.0390280891606 0.00580157495522 0.0283366336893 0.107571922473 0.0284650748508 0.0226127223535 0.0411743261194 -0.00514978412404 0.0165585328417 0.00540734215813 0.0152457093713 0.0699764516166 -0.00872700478285 0.0134127074707 0.00902460392036 0.0142735624216 0.0015329479934 0.0127432059108 0.00361549716882 -0.00464481492855 0.0201482036252 -0.00738887111408 -0.0280310326701 0.155053702833 -0.00560361315264 -0.00353458019838 0.0321912788519 0.0464464320731 
0.0222722538441 -0.00891009241982 0.157743983116 0.407774687104 0.041639730768 0.00851897330933 0.0114629798374 0.00573820465429 0.012296296811 0.0151892390018 0.126766386053 0.0374908785068 -0.00395112190062 -0.00302161600481 0.0244821791467 0.0163725590261 0.00580549634112 0.0210312073207 0.0202213197546 0.0134005446727 0.00950619500262 0.0220194922128 0.0188198515516 0.00555850615655 0.0181003002445 0.0161402293358 0.0654752716822 -0.02815861983 0.0255512850099 0.0120781137714 0.0041153584554 -0.0110192440685 -0.00110841862482 0.0517462328296 -0.00379490023499 0.010204446487 0.00290656119465 -0.0424454737853 0.0292908720209 0.00358680713845 -0.034390781464 0.016257220893 0.00984293780393 -0.0341005435637 -0.00199512830958 0.200394937795 0.0065893855397 0.0103346380322 0.0110296393858 0.00186672552422 
0.0322582204694 0.00977923666468 0.0435321434772 0.041639730768 0.157224811725 0.0187658283007 0.00723418886961 0.000797426013791 0.0106609370426 0.0126827722406 0.0296417760888 0.0208275282761 0.0236452742448 0.00287356001523 0.0360117720113 0.0173349147959 0.0043124852537 0.00599635932779 0.0208347816244 0.0181567347396 0.0300898813303 0.0109198899134 0.00236743526831 0.0160554903006 0.0216780386163 0.00697993433377 0.0204849295664 -0.0071902990656 0.0414220932915 0.0408283061512 0.00222108694832 0.014409621048 0.00312019240549 0.0147012078156 0.000768290726846 0.00282081753364 0.0164169909827 0.00817102444037 0.019558177485 0.0362758970169 0.00507984481026 0.0158116867528 0.0084068073533 -0.00273794374277 0.0213700284466 0.00875521023467 0.00964589370111 0.0102336109911 0.00529198646323 0.0201394556202 
0.0155066566005 -0.00923815274701 0.0127406899391 0.00851897330933 0.0187658283007 0.174166679953 0.00475542547526 -0.000418743000412 0.0227409866939 0.00566317889761 0.00140648513318 0.0193426821302 0.0164586760969 0.0136343517502 0.0124486642195 0.0145012264857 0.0154024095753 0.00358483680394 0.0206798793914 0.00427945462123 0.0132041088026 0.0215062096743 0.0130953247056 0.0201271157195 0.0274505251931 -0.00734793620464 -0.00521542931308 0.00143208063765 0.0070245643506 0.00994853213472 0.00543065134671 0.0196531313612 0.0275594917439 0.0347622384823 -0.00344412433343 0.0179360739958 0.0249489466397 0.0026964163127 0.0181371753524 0.013202753769 0.00930653377137 0.00694795068518 -0.0027738984783 -0.011129418858 0.00912077009401 -0.00626149227195 0.0223352334351 0.0310611092145 -0.00257321248155 0.011103268978 
0.026189407375 0.00431224296311 0.0100474364267 0.0114629798374 0.00723418886961 0.00475542547526 0.180494506963 0.0159797564662 0.00950877659046 0.00704330705745 0.00568401057581 0.027810077926 0.00896686959158 -0.00247290392548 0.00361595585025 0.0146143033678 0.0141838233539 0.0162368636192 0.00872425341072 0.0270329189229 -8.8193096201e-05 0.0247890318755 -0.0143507903384 0.0133162255368 0.0415619468466 0.0286980653966 0.0190244308104 0.0141014130422 0.00326244767981 0.0140491200185 0.0150704958922 0.0199342333786 0.024585903283 0.0623527698165 0.0101009191838 0.0272049198 0.0244031771775 0.0216530924072 0.0228392929194 0.0289300422109 0.0115131348135 0.0140288839381 0.0132370315392 0.00530557094788 0.0279096744831 0.0332280970054 0.014027453363 -0.0243565419624 0.0146459675135 0.00684119776919 
0.00675046001328 0.0128218650767 0.0158928557345 0.00573820465429 0.000797426013792 -0.000418743000412 0.0159797564662 0.203891785548 -0.000201105234935 0.0238192679695 0.0114369101063 0.0186174050366 0.0243706783413 -0.00369250369857 0.023587203051 0.0229189181591 0.0126294881301 0.0103935184629 0.0183587639246 -0.00294049934464 0.0205386018726 -0.0075362043818 0.00225291697908 0.0157855613565 0.0368550896399 -0.000895473989682 0.00641909980772 0.00977919110964 -0.00624059889445 -0.00204037917116 0.0208180853065 0.0157839296852 0.019886944041 -0.000328498333927 0.00466449650012 0.015496423712 0.0091066336619 0.0102424370207 0.00956883994133 0.00392089215247 0.0152869784003 0.000233290010692 0.0170912575922 -0.00134794306169 0.0384546236228 0.0297786641741 0.00950520713641 -0.000129291365035 0.0378159409042 0.00138320947046 
0.0061507518285 0.00620770755755 0.0179822407124 0.012296296811 0.0106609370426 0.0227409866939 0.00950877659046 -0.000201105234934 0.196550305874 0.0288560518927 0.0190488004997 -0.00307862108216 0.0223075196489 0.0216268356035 0.0116585893455 0.0199819728973 0.00228494803521 0.013149346451 0.0273018858409 0.0268332427763 -0.00767235956533 0.0198167523903 0.0145801087462 0.0170005855953 0.0412246461984 0.0203813581931 0.00869871207041 -0.00663160622349 0.0168147341401 0.00719074591396 0.0178688236322 0.0364048242508 0.0109736830403 0.0400851171788 -0.00425906562038 0.0112067963941 0.0277390590825 0.0191125375804 0.0106702938918 0.0413578444042 0.000107174620416 0.0289647507848 -0.00170836658976 -0.0223975929583 0.0293544013571 0.013824576402 0.0100683980782 -0.0078208817025 0.0247664458029 0.0265215775606 
0.034601226679 0.009434155652 0.00792835895789 0.0151892390018 0.0126827722406 0.00566317889761 0.00704330705745 0.0238192679695 0.0288560518927 0.415841472695 -0.0042203392298 0.00514078166976 0.025408663082 0.0222724852392 0.0123403323654 -0.00325034591429 0.0206704351545 0.0556293781683 0.022711754934 0.0270280355972 0.0208837537044 0.0251566195777 0.0258843712152 0.0247730437815 0.0407242181291 -0.00935533296629 0.0203092869913 0.0334987091005 -0.00483356729675 -0.00659884285959 0.0174790678489 0.0873938817461 0.0346444115781 0.04687656302 0.0133950064961 0.0151285761272 0.0195423764843 0.0095882267514 0.0271882426339 0.0715497498121 0.023267419121 0.0493568491429 0.0100891351341 0.00892616052926 0.0676944967566 0.011372348605 0.048149819594 0.00123299825649 0.0190141896371 -0.00772936263576 
0.0721406383983 0.00346499537854 0.225350710254 0.126766386053 0.0296417760888 0.00140648513318 0.00568401057581 0.0114369101063 0.0190488004997 -0.0042203392298 0.343580582151 -0.011097682845 0.0388209397738 0.0361915822163 0.00613016658037 0.0148700261543 -0.0150699801266 -0.0313775434044 0.0271523869615 0.0138571292629 0.014396195163 0.0142023672992 0.0279748734902 0.00570466819535 -0.0187685092459 0.0478833312555 0.0057405487215 -0.00596758087372 0.0140016372759 -0.00396108326067 0.00973011046587 -0.00855268772502 -0.0150716690599 0.0421301140603 -0.00938111643054 -0.00485807188021 -0.00639262695604 0.00131992974763 -0.0285688415768 0.00656957610102 -0.00306302248036 -0.00121251996963 0.0133442845929 -0.00653314840154 -0.0111785800218 0.130490139211 -0.00229470963276 0.0139852338022 -0.00463863779458 0.0495084380126 
0.0396355678269 0.0176786609041 0.040568347628 0.0374908785068 0.0208275282761 0.0193426821302 0.027810077926 0.0186174050366 -0.00307862108216 0.00514078166976 -0.011097682845 0.254439324186 0.0216457393794 -0.0262496954059 0.0150314099929 0.0216891985084 -0.00750617565585 -0.00249802067365 0.0290513297774 0.00509551345733 0.0254713365319 0.0190790633973 0.000698686662931 -0.00435920509595 0.0624779850021 0.0148502528532 0.016511058169 0.0183974113981 0.0153640542988 0.0132403508144 -0.019031385683 0.000789925669297 0.0508843962957 0.0572194324315 0.0201639029204 0.0122740325756 0.0224871255535 -0.000191319753032 0.017921446068 0.0209470800343 0.021450513425 -0.00202974626359 0.0166574538308 0.0432431408961 0.0152671775361 0.0169829977924 0.00982373246212 0.0175607757773 0.0403728665705 0.0131515956006 
0.0708993497975 -0.00424550837895 0.0421576161913 -0.00395112190062 0.0236452742448 0.0164586760969 0.00896686959158 0.0243706783413 0.0223075196489 0.025408663082 0.0388209397738 0.0216457393794 0.347398476516 0.0526654729082 0.0100588189198 0.0310026524923 0.0102785876013 -0.022981524739 0.0326732676454 0.0224812929936 0.0592807400298 0.0356153767162 0.014156610064 0.0204720618074 0.0116841006372 0.0130240374608 0.019977264733 -0.00682048118263 0.0138392322837 -0.00204632754362 0.0434583300095 0.02550895707 0.0260665763601 0.0187072512445 0.00566041871421 0.035292792129 0.0351342408878 0.0560336410184 -0.00929392773261 0.0312990862354 0.0152880372018 0.00780836256919 0.0354896609449 0.0091959851064 0.0339645446311 0.0446689515571 0.0289631540866 0.0211123214652 0.0239909805595 0.0551915824454 
-0.00327959090382 -0.000192327350038 0.0563133851284 -0.00302161600481 0.00287356001523 0.0136343517502 -0.00247290392548 -0.00369250369857 0.0216268356035 0.0222724852392 0.0361915822163 -0.0262496954059 0.0526654729082 0.357397137555 -0.0138103824054 0.0156900658978 0.00807853688472 -0.00196870678332 0.0326106271399 0.0372366348782 0.0342201087695 0.0358341267564 0.0460051217781 0.0212065430075 -0.016834526379 0.039606160987 -0.00937294450289 0.0284842411174 0.014430109762 0.0184850832804 0.0606005046498 0.0145880100016 0.0196685086186 0.00842528723322 0.0126133218328 0.0201159261752 0.00627610088395 0.040624512368 0.00661820523102 0.018800130277 0.00958064278682 0.0298980941395 0.0485395760646 -0.00264224167529 0.0160772939085 0.0219944734992 0.0260628773746 0.0164240922504 -0.00289411583117 0.0431581750878 
0.0333984702529 -0.00233915747636 0.0244031200068 0.0244821791467 0.0360117720113 0.0124486642195 0.00361595585025 0.023587203051 0.0116585893455 0.0123403323654 0.00613016658037 0.0150314099929 0.0100588189198 -0.0138103824054 0.186896935327 0.0345784581573 0.0272229304392 0.0140425908588 0.0182132899094 0.0117715330895 0.00349232517001 0.0040346856762 -0.00354555774976 0.0028566778532 -0.0127732795457 0.00415083668604 0.0623532574827 -0.0210916937639 0.0308759254492 0.012940258228 0.00520322282732 0.0184393067883 -0.00377605488692 0.029470270548 -0.000376748805975 -0.00217801822204 0.0211087157964 0.0266527442685 0.0353286315855 0.0252783558506 -0.0203630617559 0.00483387917022 -0.00629161104354 0.0156564470981 0.00795863637559 0.0203508543647 -0.0120107045253 -0.00803683630358 0.00301600821799 -0.00197412323934 
0.0152931551262 0.0225630416166 0.0418484449896 0.0163725590261 0.0173349147959 0.0145012264857 0.0146143033678 0.0229189181591 0.0199819728973 -0.00325034591429 0.0148700261543 0.0216891985084 0.0310026524923 0.0156900658978 0.0345784581573 0.212510147758 0.0239040802676 0.00942635292733 0.0244761043045 0.0219173487466 0.00937207893745 0.0419090816391 0.0284033012081 0.0148815779196 0.0375000341675 0.0069774844943 0.013566591721 0.0193258804605 0.0155514878856 -0.000531248036352 0.0480673090902 0.0247445049895 0.0225246823703 0.028535903505 0.00836816923991 0.0175273701679 0.0101810813485 -0.00619869148708 0.0153975599389 0.0191991070378 0.00941312177813 0.00835156515182 0.00366691219957 0.00710180370586 0.00905762596029 0.0306766742175 0.0070968003408 0.0110060000626 0.00143371635468 0.0287460172258 
-0.000250082294746 0.00278021846039 0.00446684784371 0.00580549634112 0.0043124852537 0.0154024095753 0.0141838233539 0.0126294881301 0.00228494803521 0.0206704351545 -0.0150699801266 -0.00750617565585 0.0102785876013 0.00807853688472 0.0272229304392 0.0239040802676 0.141940602806 0.0323438052586 0.0135914726411 -0.00445342816225 0.021759322235 -0.00759088090799 0.0124669377428 0.0048863390873 -0.00527200749379 0.0111276696792 -0.00152533391698 -0.00165673937473 -0.00783782984851 -0.000910875430852 0.019652987427 0.0197187751501 0.0101115831626 0.0516621772515 0.0139857807285 0.0104140692598 0.0145251810451 -0.0159147462729 -0.00255268597763 0.0161704106995 0.00423086400307 -0.00178683741474 0.00126200440292 0.0168908216821 0.00801170451079 -0.00217719210238 0.00419405881704 -0.00618081264907 0.0171774126002 -0.00479774697144 
0.0392154198838 -0.00842454190851 -0.0130762819394 0.0210312073207 0.00599635932779 0.00358483680394 0.0162368636192 0.0103935184629 0.013149346451 0.0556293781683 -0.0313775434044 -0.00249802067365 -0.022981524739 -0.00196870678332 0.0140425908588 0.00942635292733 0.0323438052586 0.334410243172 0.0156941321609 0.00822558282636 0.0182461886756 -0.0102818697187 0.000978471461329 0.0136990898672 0.00532835804658 0.0236258525417 0.0542559850357 -0.0050403650925 -0.0103697126335 0.00682356187335 -0.0170955342769 0.0662558675398 0.00559524421045 0.00367642983608 0.0100617783206 0.0155780869336 0.0313127757114 -0.0343061222918 0.0123203370846 -0.00160433626585 0.00539176065822 0.0286710097986 0.0130579830566 0.0998805234599 0.0671071199634 0.001698623857 -0.00307758945779 0.00160956700697 0.0171286178197 0.0306341904152 
0.0251732419908 0.00612803866762 0.00635065251438 0.0202213197546 0.0208347816244 0.0206798793914 0.00872425341072 0.0183587639246 0.0273018858409 0.022711754934 0.0271523869615 0.0290513297774 0.0326732676454 0.0326106271399 0.0182132899094 0.0244761043045 0.0135914726411 0.0156941321609 0.210601468273 0.00670989167929 0.0209872547673 0.00388032454518 0.0148699156731 0.0111661732149 0.0178398987471 0.0300488176855 -0.00800371845244 -0.00325634047665 0.00712514131042 0.00885703882641 0.0225811844476 0.0216222045758 0.0393767768123 0.0469711846165 0.0166822352205 0.0170977979886 0.028406625977 0.0125836000089 0.0279068508448 0.0326910054254 -0.00543738574943 0.0165246812269 0.0139562551096 0.0122090752862 0.0137211730081 -0.00873785575418 0.0286149477551 0.0392304449605 0.0186302501816 0.0290615449094 
0.0254621412021 -0.00041950546233 0.0359908940801 0.0134005446727 0.0181567347396 0.00427945462123 0.0270329189229 -0.00294049934464 0.0268332427763 0.0270280355972 0.0138571292629 0.00509551345733 0.0224812929936 0.0372366348782 0.0117715330895 0.0219173487466 -0.00445342816225 0.00822558282636 0.00670989167929 0.211250463826 -0.00535445903265 0.0106266225496 0.0161161422498 0.00954753082634 0.00941037802402 0.00523418323852 -0.00497760395582 0.026343125427 0.019221908201 0.0227748719753 0.00523953216606 0.0226164448523 0.01310515654 0.0288804125872 0.0181171909145 0.0210689494301 0.0159225482654 -0.0113848592393 -0.0038085024095 0.0173860518292 0.00872305481415 0.0231818506706 -0.00254780058157 0.00684129255336 0.00519825946286 0.0107928672656 0.00812633526969 0.00689443591145 0.0285033091827 0.0153263708794 
0.0504830419835 0.00806647290555 0.0289065299468 0.00950619500262 0.0300898813303 0.0132041088026 -8.81930962013e-05 0.0205386018726 -0.00767235956533 0.0208837537044 0.014396195163 0.0254713365319 0.0592807400298 0.0342201087695 0.00349232517001 0.00937207893745 0.021759322235 0.0182461886756 0.0209872547673 -0.00535445903265 0.286613623312 0.0138132591403 0.00417765031626 0.0152832695338 0.0205072866037 -0.00305312118479 0.0169645386186 -0.00710512070494 0.00919183372645 0.00889214768944 -0.0145418996427 0.00900693679484 0.0131193996818 0.00956130088466 0.00539771135542 0.0145025432489 -0.00142035606025 0.00474986529087 0.0254182768247 0.0127784735725 0.000711280741053 0.0163848414819 0.0487257584427 -0.0118058712369 0.0213962625488 0.0114320316547 -0.00807123640479 0.00224305640863 0.0204558050564 0.0620334598995 
0.0148478158962 0.0196546468632 0.0180524059672 0.0220194922128 0.0109198899134 0.0215062096743 0.0247890318755 -0.0075362043818 0.0198167523903 0.0251566195777 0.0142023672992 0.0190790633973 0.0356153767162 0.0358341267564 0.0040346856762 0.0419090816391 -0.00759088090799 -0.0102818697187 0.00388032454518 0.0106266225496 0.0138132591403 0.320011142729 0.0198956108558 0.0202031801376 0.0325731428191 -0.0153997423369 0.013583128245 0.03817995305 0.0137340934206 0.0214325604708 0.0221335396825 0.0537059186292 0.0177499990223 0.0104157849501 0.00285871332861 0.0398639813487 0.0243246352813 0.0140206944983 -0.00566064762589 -0.000759527961042 -0.00212849263739 0.0328164815526 0.0247755565866 -0.0233923742027 -0.00688551583786 0.00430312112601 0.041058866571 0.00884646985214 0.00618500232831 0.0523779311543 
0.0103362015654 0.00667240406133 0.0390280891606 0.0188198515516 0.00236743526831 0.0130953247056 -0.0143507903384 0.00225291697908 0.0145801087462 0.0258843712152 0.0279748734902 0.00069868666293 0.014156610064 0.0460051217781 -0.00354555774976 0.0284033012081 0.0124669377428 0.000978471461329 0.0148699156731 0.0161161422498 0.00417765031626 0.0198956108558 0.21229122851 0.0215906175918 0.0151695312977 -0.0263793354129 -0.000741371307503 0.0009420080246 0.0118993309907 0.0045329364186 0.0039753004069 -0.00248249772247 0.011473187968 -0.00755632838282 0.0105775150049 0.0175476103829 0.00364441009041 0.00747966716417 0.0229528553898 0.0126025896909 0.0121540197838 0.0331196093691 0.0253598482438 -0.01984826432 0.0145097855357 0.0285862201787 0.0202940004311 0.0545587078252 -0.000257044220225 0.00632438493713 
-0.0052154787242 0.0172168723839 0.00580157495522 0.00555850615655 0.0160554903006 0.0201271157195 0.0133162255368 0.0157855613565 0.0170005855953 0.0247730437815 0.00570466819535 -0.00435920509595 0.0204720618074 0.0212065430075 0.0028566778532 0.0148815779196 0.0048863390873 0.0136990898672 0.0111661732149 0.00954753082634 0.0152832695338 0.0202031801376 0.0215906175918 0.146243026388 0.00751177574147 0.0153129880324 0.000764914428015 0.0261645623506 0.0139132559283 0.00838717394015 0.00683231501458 0.0266462191808 0.0186118921633 0.02841330076 0.01529881349 0.0410690593797 0.0675371977608 0.0382666802406 0.01010572983 0.0089670156682 0.0146102799189 0.01952868185 0.0126937140582 0.00947270262021 0.0166569557186 0.0061446281615 0.0175803412939 0.0186377188342 -0.012622961506 0.000743484181696 
-0.0037880553837 0.0106471246618 0.0283366336893 0.0181003002445 0.0216780386163 0.0274505251931 0.0415619468466 0.0368550896399 0.0412246461984 0.0407242181291 -0.0187685092459 0.0624779850021 0.0116841006372 -0.016834526379 -0.0127732795457 0.0375000341675 -0.00527200749379 0.00532835804658 0.0178398987471 0.00941037802402 0.0205072866037 0.0325731428191 0.0151695312977 0.00751177574147 0.298577517202 0.03431292491 0.059180927474 0.0356096332325 0.0162132338329 0.00683273940965 0.0186629058459 0.0519247956313 0.0380539407263 0.0486557786441 -0.00925588721789 0.0205440859757 0.0289874501373 0.0302615247157 0.0109313895221 0.0142654380747 0.0271001924502 0.0394089939216 -0.00449989908128 -0.0151119390144 0.00277909737032 0.0202571979995 0.0270381624282 0.00612030634775 0.0303745531031 0.0236571582188 
-0.00269174047495 0.00939471716254 0.107571922473 0.0161402293358 0.00697993433377 -0.00734793620464 0.0286980653966 -0.000895473989682 0.0203813581931 -0.00935533296629 0.0478833312555 0.0148502528532 0.0130240374608 0.039606160987 0.00415083668604 0.0069774844943 0.0111276696792 0.0236258525417 0.0300488176855 0.00523418323852 -0.0030531211848 -0.0153997423369 -0.0263793354129 0.0153129880324 0.03431292491 0.604045826535 0.0138536267333 0.0323700651815 0.0441480421499 0.0250871364769 -0.000599221850887 0.0134967765019 0.00372944403505 0.0438763145769 0.007701865291 0.00738030871669 0.0341280551817 0.0329147137799 -0.000567284028092 -0.00824727485432 0.0475247079583 0.0241917601184 0.0157311253711 0.0376605458773 0.0485951549965 0.0720392130811 -0.0124654832201 0.0111572847043 -0.0251862174739 0.00072637604226 
-0.00398149358819 0.00295010201863 0.0284650748508 0.0654752716822 0.0204849295664 -0.00521542931308 0.0190244308104 0.00641909980772 0.00869871207041 0.0203092869913 0.0057405487215 0.016511058169 0.019977264733 -0.00937294450289 0.0623532574827 0.013566591721 -0.00152533391698 0.0542559850357 -0.00800371845244 -0.00497760395582 0.0169645386186 0.013583128245 -0.000741371307503 0.000764914428015 0.059180927474 0.0138536267333 0.531618827401 -0.0229916348371 0.0258388678055 0.00178058456655 -0.00430125515919 0.014931929095 0.0101696477868 0.0224384527745 -0.0073748146787 0.00211336301961 0.00784407182161 0.0464075678324 0.00262524193109 0.0154034572755 0.0495098600411 0.10678486974 -0.00256137079372 -0.00944998929245 -0.0265100308265 0.124820412784 -0.0101358210459 -0.0101169830076 -0.000141377899048 0.00412218067772 
0.0247736127701 0.0996099224268 0.0226127223535 -0.02815861983 -0.0071902990656 0.00143208063764 0.0141014130422 0.00977919110964 -0.00663160622349 0.0334987091005 -0.00596758087372 0.0183974113981 -0.00682048118263 0.0284842411174 -0.0210916937639 0.0193258804605 -0.00165673937473 -0.0050403650925 -0.00325634047666 0.026343125427 -0.00710512070494 0.03817995305 0.0009420080246 0.0261645623506 0.0356096332325 0.0323700651815 -0.0229916348371 0.588583183784 -0.0109117936123 0.0158974267717 -0.00031489483406 0.0207683061424 -0.0105739396009 0.015427348857 -0.00642589439329 0.0113090344979 0.0317995090972 0.00833730716403 0.0153524322406 0.0252707934438 0.0280625671656 -0.00443217502961 0.0104403192297 -0.0248524350307 0.0096047042004 -0.0261601654514 0.010662091754 0.00365237837301 0.00760940959243 -0.00491626648024 
0.00782406423331 0.0168718357141 0.0411743261194 0.0255512850099 0.0414220932915 0.0070245643506 0.00326244767981 -0.00624059889445 0.0168147341401 -0.00483356729675 0.0140016372759 0.0153640542988 0.0138392322837 0.014430109762 0.0308759254492 0.0155514878856 -0.00783782984851 -0.0103697126335 0.00712514131042 0.019221908201 0.00919183372645 0.0137340934206 0.0118993309907 0.0139132559283 0.0162132338329 0.0441480421499 0.0258388678055 -0.0109117936123 0.155061848159 0.0186351665018 0.0100912399815 0.00653200751792 0.00747109923643 0.022913623512 0.0160856749194 0.00515862746138 0.0161310377858 0.00753805998821 0.015898323357 0.00691568533791 0.0134313993737 0.00945707416458 0.0116415969354 0.0208941653645 0.00361632669522 0.0161852899235 -0.000362346125262 -0.000382782952405 -0.00089936908688 0.0076440620688 
0.0143516540058 0.0300833396568 -0.00514978412404 0.0120781137714 0.0408283061512 0.00994853213472 0.0140491200185 -0.00204037917116 0.00719074591396 -0.00659884285959 -0.00396108326067 0.0132403508144 -0.00204632754362 0.0184850832804 0.012940258228 -0.000531248036352 -0.00091087543085 0.00682356187335 0.00885703882641 0.0227748719753 0.00889214768944 0.0214325604708 0.0045329364186 0.00838717394015 0.00683273940965 0.0250871364769 0.00178058456655 0.0158974267717 0.0186351665018 0.1433346656 -0.00162957948373 0.0202370844743 0.00456888033654 0.025887121088 0.00381185919152 0.0157323448138 0.0129637268755 0.0116369149743 0.0165174417348 0.0107367098002 0.0116743883729 0.0335553204613 0.0222678416142 0.00661629998454 -0.000899787073814 0.015858791063 0.011647952954 0.00923934624927 0.00670410260806 0.0133509724133 
-0.00245629105195 0.00173096366222 0.0165585328417 0.0041153584554 0.00222108694832 0.00543065134671 0.0150704958922 0.0208180853065 0.0178688236322 0.0174790678489 0.00973011046587 -0.019031385683 0.0434583300095 0.0606005046498 0.00520322282732 0.0480673090902 0.019652987427 -0.0170955342769 0.0225811844476 0.00523953216606 -0.0145418996427 0.0221335396825 0.0039753004069 0.00683231501458 0.0186629058459 -0.000599221850887 -0.00430125515919 -0.00031489483406 0.0100912399815 -0.00162957948373 0.331881538392 -0.0034395790513 0.0123102285741 0.00376168990549 0.004461883828 0.0427628036731 0.0119472524431 0.0342185487437 0.0185075827128 -0.0119936295971 0.02378067907 0.00648346737345 0.0262305061286 0.00684869781064 0.00157071683234 0.0133999415787 0.0103229688757 0.0102651721013 0.0132543933636 -0.0033378686162 
0.0377995560037 0.0153560770896 0.00540734215813 -0.0110192440685 0.014409621048 0.0196531313612 0.0199342333786 0.0157839296852 0.0364048242508 0.0873938817461 -0.00855268772502 0.000789925669297 0.02550895707 0.0145880100016 0.0184393067883 0.0247445049895 0.0197187751501 0.0662558675398 0.0216222045758 0.0226164448523 0.00900693679484 0.0537059186292 -0.00248249772247 0.0266462191808 0.0519247956313 0.0134967765019 0.014931929095 0.0207683061424 0.00653200751792 0.0202370844743 -0.0034395790513 0.311783841183 0.0242061553632 0.051732019735 0.0254396266938 0.0107331939724 0.0296370800784 0.0335975818877 -0.0166300274207 0.0494388445981 0.0229639799862 -0.00308574186655 -0.00682176877242 -0.00283748017686 0.0429206555859 -0.0283662582478 0.0189436269049 -0.00873287106875 0.0110793147471 0.0156463297236 
-0.00453107494201 0.0193928946541 0.0152457093713 -0.00110841862482 0.00312019240549 0.0275594917439 0.024585903283 0.019886944041 0.0109736830403 0.0346444115781 -0.0150716690599 0.0508843962957 0.0260665763601 0.0196685086186 -0.00377605488692 0.0225246823703 0.0101115831626 0.00559524421045 0.0393767768123 0.01310515654 0.0131193996818 0.0177499990223 0.011473187968 0.0186118921633 0.0380539407263 0.00372944403505 0.0101696477868 -0.0105739396009 0.00747109923643 0.00456888033654 0.0123102285741 0.0242061553632 0.155489020163 0.0545557728269 0.00936733609358 0.0202215722632 0.033827791967 0.0102390580872 0.00242043340439 0.0285231644697 0.0163003616145 -3.74751965392e-05 0.015326418868 0.00822376143403 0.000639907815251 -0.00162346263347 0.0302418859008 0.00640839345045 0.0219778637044 0.00842043585171 
0.028742868524 -0.00222317210984 0.0699764516166 0.0517462328296 0.0147012078156 0.0347622384823 0.0623527698165 -0.000328498333927 0.0400851171788 0.04687656302 0.0421301140603 0.0572194324315 0.0187072512445 0.00842528723322 0.029470270548 0.028535903505 0.0516621772515 0.00367642983608 0.0469711846165 0.0288804125872 0.00956130088466 0.0104157849501 -0.00755632838282 0.02841330076 0.0486557786441 0.0438763145769 0.0224384527745 0.015427348857 0.022913623512 0.025887121088 0.00376168990549 0.051732019735 0.0545557728269 0.446421787576 0.0018957723303 0.0135498195199 0.0393356356656 0.0675100349316 0.00791991265879 -0.000898459128445 0.0171132758772 0.0241576047832 -0.0210059659709 0.000762023786265 0.0175832825998 0.0812818823783 0.0232041185559 -3.34135709753e-05 0.0150635528455 -0.00435005873013 
0.00721132253383 0.0107295196687 -0.00872700478285 -0.00379490023499 0.000768290726845 -0.00344412433343 0.0101009191838 0.00466449650012 -0.00425906562038 0.0133950064961 -0.00938111643054 0.0201639029204 0.00566041871421 0.0126133218328 -0.000376748805975 0.00836816923991 0.0139857807285 0.0100617783206 0.0166822352205 0.0181171909145 0.00539771135542 0.00285871332861 0.0105775150049 0.01529881349 -0.00925588721789 0.007701865291 -0.0073748146787 -0.00642589439329 0.0160856749194 0.00381185919152 0.004461883828 0.0254396266938 0.00936733609358 0.0018957723303 0.158332973943 0.00755288360472 0.0199448314995 0.0105043115056 0.00691690999087 0.00975376800025 0.000159186193477 0.0178210241225 0.0144171909581 -0.013396185566 0.00560821639999 -0.0110297872796 0.00811342950372 -0.00218450755696 -0.00599292681693 0.00546853265346 
0.0154119112971 0.0083653915621 0.0134127074707 0.010204446487 0.00282081753364 0.0179360739958 0.0272049198 0.015496423712 0.0112067963941 0.0151285761272 -0.00485807188021 0.0122740325756 0.035292792129 0.0201159261752 -0.00217801822204 0.0175273701679 0.0104140692598 0.0155780869336 0.0170977979886 0.0210689494301 0.0145025432489 0.0398639813487 0.0175476103829 0.0410690593797 0.0205440859757 0.00738030871669 0.00211336301961 0.0113090344979 0.00515862746138 0.0157323448138 0.0427628036731 0.0107331939724 0.0202215722632 0.0135498195199 0.00755288360472 0.167239544949 0.0406618859688 0.0142852413265 0.0175817344898 0.00762387540091 0.000777007421232 0.00713026113313 0.0104420098315 -0.0125931790419 0.015874193732 0.0132798334044 0.0182230082743 0.020428610409 -0.00121564464091 0.00382963172478 
0.0107469979058 0.00319244350357 0.00902460392036 0.00290656119465 0.0164169909827 0.0249489466397 0.0244031771775 0.0091066336619 0.0277390590825 0.0195423764843 -0.00639262695604 0.0224871255535 0.0351342408878 0.00627610088395 0.0211087157964 0.0101810813485 0.0145251810451 0.0313127757114 0.028406625977 0.0159225482654 -0.00142035606025 0.0243246352813 0.00364441009041 0.0675371977608 0.0289874501373 0.0341280551817 0.00784407182161 0.0317995090972 0.0161310377858 0.0129637268755 0.0119472524431 0.0296370800784 0.033827791967 0.0393356356656 0.0199448314995 0.0406618859688 0.158051667456 0.0361700350217 0.0263239528568 0.01466376643 0.0183251478961 0.0321965845464 0.0197834070041 0.0154543733325 0.0107470342748 0.0171386381027 0.0203101754588 0.00906159543345 0.00881612499129 0.0171204585649 
-0.0247819729983 -0.0129030293471 0.0142735624216 -0.0424454737853 0.00817102444037 0.0026964163127 0.0216530924072 0.0102424370207 0.0191125375804 0.0095882267514 0.00131992974763 -0.000191319753032 0.0560336410184 0.040624512368 0.0266527442685 -0.00619869148708 -0.0159147462729 -0.0343061222918 0.0125836000089 -0.0113848592393 0.00474986529087 0.0140206944983 0.00747966716417 0.0382666802406 0.0302615247157 0.0329147137799 0.0464075678324 0.00833730716403 0.00753805998821 0.0116369149743 0.0342185487437 0.0335975818877 0.0102390580872 0.0675100349316 0.0105043115056 0.0142852413265 0.0361700350217 0.511937532929 0.00446301604515 -0.0183298678256 0.012055264685 0.00565677160734 0.0204673697899 -0.022068571719 0.0152543749889 0.038462574801 0.025767946894 -0.00582176317436 0.0477221284296 0.0192066706914 
0.0269996903649 0.0129597423117 0.0015329479934 0.0292908720209 0.019558177485 0.0181371753524 0.0228392929194 0.00956883994133 0.0106702938918 0.0271882426339 -0.0285688415768 0.017921446068 -0.00929392773261 0.00661820523102 0.0353286315855 0.0153975599389 -0.00255268597763 0.0123203370846 0.0279068508448 -0.0038085024095 0.0254182768247 -0.00566064762589 0.0229528553898 0.01010572983 0.0109313895221 -0.000567284028092 0.00262524193109 0.0153524322406 0.015898323357 0.0165174417348 0.0185075827128 -0.0166300274207 0.00242043340439 0.0079199126588 0.00691690999087 0.0175817344898 0.0263239528568 0.00446301604515 0.254869153619 0.00290587692119 0.00247545382431 0.0542486728943 0.0219890388337 -0.00381021645242 0.00347531697934 -0.0055113548478 0.013362118852 -0.0187635856199 -0.0109049071294 0.00456465476054 
0.0262793010578 0.0129254657563 0.0127432059108 0.00358680713845 0.0362758970169 0.013202753769 0.0289300422109 0.00392089215247 0.0413578444042 0.0715497498121 0.00656957610102 0.0209470800343 0.0312990862354 0.018800130277 0.0252783558506 0.0191991070378 0.0161704106995 -0.00160433626585 0.0326910054254 0.0173860518292 0.0127784735725 -0.000759527961042 0.0126025896909 0.0089670156682 0.0142654380747 -0.00824727485432 0.0154034572755 0.0252707934438 0.00691568533791 0.0107367098002 -0.0119936295971 0.0494388445981 0.0285231644697 -0.000898459128445 0.00975376800025 0.00762387540091 0.01466376643 -0.0183298678256 0.00290587692119 1.29761144434 0.00814176106263 0.0674713032942 0.00401035335516 0.00677192859911 0.0116197248906 0.0222518496333 0.00751376953934 0.0026719623432 0.0131010266907 -0.000170587836394 
-0.00862921201652 0.0191231356212 0.00361549716882 -0.034390781464 0.00507984481026 0.00930653377137 0.0115131348135 0.0152869784003 0.000107174620416 0.023267419121 -0.00306302248036 0.021450513425 0.0152880372018 0.00958064278682 -0.0203630617559 0.00941312177813 0.00423086400307 0.00539176065822 -0.00543738574943 0.00872305481415 0.000711280741052 -0.00212849263739 0.0121540197838 0.0146102799189 0.0271001924502 0.0475247079583 0.0495098600411 0.0280625671656 0.0134313993737 0.0116743883729 0.02378067907 0.0229639799862 0.0163003616145 0.0171132758772 0.000159186193477 0.000777007421232 0.0183251478961 0.012055264685 0.00247545382431 0.00814176106263 0.210029700663 0.038581925526 0.0197742674582 0.0107819585543 -0.000633621266385 -0.00327167024492 0.03526497709 0.0128117893359 0.00434127712444 0.000118858466309 
0.0114702141112 0.014266664249 -0.00464481492855 0.016257220893 0.0158116867528 0.00694795068518 0.0140288839381 0.000233290010692 0.0289647507848 0.0493568491429 -0.00121251996963 -0.00202974626359 0.00780836256919 0.0298980941395 0.00483387917022 0.00835156515182 -0.00178683741474 0.0286710097986 0.0165246812269 0.0231818506706 0.0163848414819 0.0328164815526 0.0331196093691 0.01952868185 0.0394089939216 0.0241917601184 0.10678486974 -0.00443217502961 0.00945707416458 0.0335553204613 0.00648346737345 -0.00308574186655 -3.74751965392e-05 0.0241576047832 0.0178210241225 0.00713026113313 0.0321965845464 0.00565677160734 0.0542486728943 0.0674713032942 0.038581925526 0.396944988365 0.0123635805259 0.00418477633941 0.00811645176919 -0.00362169195139 0.0155602425267 0.0100670003795 0.0150753050335 0.00568855292593 
0.0256455814179 -0.00579169064981 0.0201482036252 0.00984293780393 0.0084068073533 -0.0027738984783 0.0132370315392 0.0170912575922 -0.00170836658976 0.0100891351341 0.0133442845929 0.0166574538308 0.0354896609449 0.0485395760646 -0.00629161104354 0.00366691219957 0.00126200440292 0.0130579830566 0.0139562551096 -0.00254780058157 0.0487257584427 0.0247755565866 0.0253598482438 0.0126937140582 -0.00449989908128 0.0157311253711 -0.00256137079372 0.0104403192297 0.0116415969354 0.0222678416142 0.0262305061286 -0.00682176877242 0.015326418868 -0.0210059659709 0.0144171909581 0.0104420098315 0.0197834070041 0.0204673697899 0.0219890388337 0.00401035335516 0.0197742674582 0.0123635805259 0.297492296311 -0.0143213176374 0.0392638087026 0.00745142574885 0.0300894286364 0.0143614589394 0.0117623364215 0.0269612829415 
-0.0183377809569 -0.0100088434358 -0.00738887111409 -0.0341005435637 -0.00273794374277 -0.011129418858 0.00530557094788 -0.00134794306169 -0.0223975929583 0.00892616052926 -0.00653314840154 0.0432431408961 0.0091959851064 -0.00264224167529 0.0156564470981 0.00710180370586 0.0168908216821 0.0998805234599 0.0122090752862 0.00684129255336 -0.0118058712369 -0.0233923742027 -0.01984826432 0.00947270262021 -0.0151119390144 0.0376605458773 -0.00944998929245 -0.0248524350307 0.0208941653645 0.00661629998454 0.00684869781064 -0.00283748017686 0.00822376143403 0.000762023786265 -0.013396185566 -0.0125931790419 0.0154543733325 -0.022068571719 -0.00381021645242 0.00677192859911 0.0107819585543 0.00418477633941 -0.0143213176374 1.36884318657 0.0111519478616 -0.00901066139037 -0.0507549403644 0.0264559596557 -0.0251137239011 0.0354428300838 
-0.0010126329266 -0.00482387844449 -0.0280310326701 -0.00199512830958 0.0213700284466 0.00912077009401 0.0279096744831 0.0384546236228 0.0293544013571 0.0676944967566 -0.0111785800218 0.0152671775361 0.0339645446311 0.0160772939085 0.00795863637559 0.00905762596029 0.00801170451079 0.0671071199634 0.0137211730081 0.00519825946286 0.0213962625488 -0.00688551583786 0.0145097855357 0.0166569557186 0.00277909737032 0.0485951549965 -0.0265100308265 0.0096047042004 0.00361632669522 -0.000899787073814 0.00157071683234 0.0429206555859 0.000639907815251 0.0175832825998 0.00560821639999 0.015874193732 0.0107470342748 0.0152543749889 0.00347531697934 0.0116197248906 -0.000633621266385 0.00811645176919 0.0392638087026 0.0111519478616 0.489457479289 0.00330025840094 0.0307950045665 -0.00494109843002 -0.0120493839438 0.0121243563687 
0.0275905472757 -0.0126654557293 0.155053702833 0.200394937795 0.00875521023467 -0.00626149227195 0.0332280970054 0.0297786641741 0.013824576402 0.011372348605 0.130490139211 0.0169829977924 0.0446689515571 0.0219944734992 0.0203508543647 0.0306766742175 -0.00217719210238 0.001698623857 -0.00873785575418 0.0107928672656 0.0114320316547 0.00430312112601 0.0285862201787 0.0061446281615 0.0202571979995 0.0720392130811 0.124820412784 -0.0261601654514 0.0161852899235 0.015858791063 0.0133999415787 -0.0283662582478 -0.00162346263347 0.0812818823783 -0.0110297872796 0.0132798334044 0.0171386381027 0.038462574801 -0.0055113548478 0.0222518496333 -0.00327167024492 -0.00362169195139 0.00745142574885 -0.00901066139037 0.00330025840094 0.571567057043 -0.000145729416837 -0.0182944693908 0.0214670390597 -0.0162440078067 
-0.00400465231852 -0.000155732240651 -0.00560361315264 0.0065893855397 0.00964589370111 0.0223352334351 0.014027453363 0.00950520713641 0.0100683980782 0.048149819594 -0.00229470963276 0.00982373246212 0.0289631540866 0.0260628773746 -0.0120107045253 0.0070968003408 0.00419405881704 -0.00307758945779 0.0286149477551 0.00812633526969 -0.00807123640479 0.041058866571 0.0202940004311 0.0175803412939 0.0270381624282 -0.0124654832201 -0.0101358210459 0.010662091754 -0.000362346125262 0.011647952954 0.0103229688757 0.0189436269049 0.0302418859008 0.0232041185559 0.00811342950372 0.0182230082743 0.0203101754588 0.025767946894 0.013362118852 0.00751376953934 0.03526497709 0.0155602425267 0.0300894286364 -0.0507549403644 0.0307950045665 -0.000145729416837 0.181716278089 0.0214048558405 0.0122811458323 0.00638089249983 
