20
0.0449819155318 0.073470583658 0.0493961611292 0.0436793340255 0.00640420781163 0.103848753038 0.00326137985962 0.0842142990337 0.0373342989671 0.0590120409917 0.0101927526284 0.025042174885 0.110955558587 0.09797045465 0.0407864154506 0.0605665428979 0.00791209609274 0.39235550597 0.0791171504464 0.0289140833203 
0.228741397516 0.0409670052281 0.00374355135939 0.0200828960031 0.0263434438583 -0.0233822870452 0.0206858993641 0.0463522927491 0.026904834853 0.0225680174843 0.0310734178011 0.0510955172565 0.0399155910676 0.00842565881125 0.0365400733628 0.0226371821332 0.00401460662764 0.0246046100139 0.0323907890116 0.00387137088405 
0.0409670052281 0.477627808018 0.037614422036 0.036923356029 0.0552754518592 0.00919851102783 0.0136743931011 0.0407787626861 0.0503103001206 0.0523360856769 0.0182006489808 0.0180949549743 0.0120415189053 0.00593269977244 0.039589494909 0.00794006194808 0.020424357016 0.0455567733905 0.0129903307603 0.0313162563529 
0.00374355135939 0.037614422036 0.412500734523 -0.000928652390904 0.00369775440202 0.000507936689871 0.00458614426596 0.00449395206373 0.0190745207235 0.125165733515 0.0128896064699 -0.00189894960756 -0.000574185695324 0.000302192683434 0.0290181205637 0.0227694171231 0.0095803175731 -0.0234412646218 0.00393875972168 0.0139832713787 
0.020082896003 0.036923356029 -0.000928652390905 0.210477933765 0.0426037140424 -5.90279016873e-05 0.0131375866201 0.041295146393 0.0563899322948 0.0297638834496 0.0228499975454 0.00570284261951 0.00373637063071 -0.00833838566719 0.0267935199176 0.0313585209118 0.00673930987055 -0.012667696517 0.0140380151949 0.0530651998661 
0.0263434438583 0.0552754518592 0.00369775440202 0.0426037140424 0.196495192642 0.0283455816444 0.0109026444347 0.00526088793402 0.0485868494893 0.00857238326647 0.0144830643891 0.0277870328317 0.00450084812381 0.00183296331479 0.0215093808656 0.0277324293104 0.00921925050571 -0.00670712105431 0.0229615895934 0.0501120791244 
-0.0233822870452 0.00919851102783 0.000507936689871 -5.90279016885e-05 0.0283455816444 0.363018274899 0.0287980728984 0.0205285371702 0.0173604196724 -9.99997009884e-05 0.0379915386297 0.00541630564224 -0.0186296660829 0.0305744049263 -0.0200584267594 0.00289661189818 0.00885960147554 -0.00677611443023 0.00406822744214 0.0188666106961 
0.0206858993641 0.0136743931011 0.00458614426596 0.0131375866201 0.0109026444347 0.0287980728984 0.171937980811 0.028379580258 0.0212676805239 0.00681468052297 0.0234516505518 0.0259867514008 0.0365395712838 -0.001415922241 0.00951211172056 0.0194192064291 0.0109517839612 0.0180250458166 -0.00673195250483 0.0133784234096 
0.0463522927491 0.0407787626861 0.00449395206372 0.041295146393 0.00526088793401 0.0205285371702 0.028379580258 0.539375033003 -0.0116270384132 0.013471642595 0.0490893640976 0.0113772496414 0.0360298028095 -0.00122225293313 0.020469157398 -0.0129016370855 0.0147854083355 -0.000986695189 0.0137122037663 0.0089054695854 
0.026904834853 0.0503103001206 0.0190745207235 0.0563899322948 0.0485868494893 0.0173604196724 0.0212676805239 -0.0116270384132 0.26659488951 0.0220471876558 0.00724841396062 0.014891193547 0.014421965288 -0.00685529350749 0.0315643579073 0.0307091014892 0.0257572539669 -0.0135310595355 -8.84288130202e-05 0.0573712548159 
0.0225680174843 0.0523360856769 0.125165733515 0.0297638834496 0.00857238326647 -9.99997009878e-05 0.00681468052297 0.013471642595 0.0220471876558 0.263265695999 0.0352649578228 0.00840663988152 0.0217900760013 -0.0155359203879 0.011841749651 0.0085098396933 0.0120939271584 5.15533993247e-05 0.0145143315625 0.00508732669109 
0.0310734178011 0.0182006489808 0.0128896064699 0.0228499975454 0.0144830643891 0.0379915386297 0.0234516505518 0.0490893640976 0.00724841396062 0.0352649578228 0.256702756549 0.0256698730709 0.0332323376447 0.0258950400368 0.0231363550241 0.0279804549235 0.00616234847402 0.0270125465394 0.0494289412906 0.00173073309712 
0.0510955172565 0.0180949549743 -0.00189894960756 0.00570284261951 0.0277870328317 0.00541630564224 0.0259867514008 0.0113772496414 0.014891193547 0.00840663988152 0.0256698730709 0.184369293504 0.0262123945571 0.0138024960517 0.0265296627598 0.0233357688932 0.0203436135808 0.012369690652 0.044985248472 0.0147128651964 
0.0399155910676 0.0120415189053 -0.000574185695329 0.00373637063071 0.00450084812381 -0.0186296660829 0.0365395712838 0.0360298028095 0.014421965288 0.0217900760013 0.0332323376447 0.0262123945571 0.497995190154 0.0125584232653 0.0629243353326 0.00146796265187 0.0284120115249 0.0143849018248 0.0341152509898 0.00927858786933 
0.00842565881125 0.00593269977242 0.000302192683434 -0.00833838566719 0.00183296331479 0.0305744049263 -0.00141592224099 -0.00122225293313 -0.00685529350748 -0.0155359203879 0.0258950400368 0.0138024960517 0.0125584232653 0.576472959405 0.00748961213477 -0.00325385018799 -0.00306508768339 0.780405804906 0.00591613309773 -0.00206756075076 
0.0365400733628 0.039589494909 0.0290181205637 0.0267935199176 0.0215093808656 -0.0200584267594 0.00951211172056 0.020469157398 0.0315643579073 0.011841749651 0.0231363550241 0.0265296627598 0.0629243353326 0.00748961213476 0.229620580799 0.0298347148649 0.0286646054675 0.0217183870383 0.0138394904788 0.0245882287564 
0.0226371821332 0.00794006194807 0.0227694171231 0.0313585209118 0.0277324293104 0.00289661189818 0.0194192064291 -0.0129016370855 0.0307091014892 0.0085098396933 0.0279804549235 0.0233357688932 0.00146796265187 -0.003253850188 0.0298347148649 0.267177242311 0.03021781122 0.00531779679675 0.00946315936566 0.0220780484964 
0.00401460662764 0.020424357016 0.0095803175731 0.00673930987056 0.00921925050572 0.00885960147554 0.0109517839612 0.0147854083355 0.0257572539669 0.0120939271584 0.00616234847402 0.0203436135808 0.0284120115249 -0.00306508768339 0.0286646054675 0.03021781122 0.184015330036 0.000871607562493 0.0181820760722 0.0157587279019 
0.0246046100139 0.0455567733905 -0.0234412646218 -0.012667696517 -0.00670712105431 -0.00677611443023 0.0180250458166 -0.000986695189001 -0.0135310595355 5.15533993252e-05 0.0270125465394 0.012369690652 0.0143849018248 0.780405804906 0.0217183870383 0.00531779679675 0.000871607562492 3.11236877776 0.0264954369291 -0.00920234221926 
0.0323907890116 0.0129903307603 0.00393875972168 0.0140380151949 0.0229615895934 0.00406822744214 -0.00673195250483 0.0137122037663 -8.84288130235e-05 0.0145143315625 0.0494289412906 0.044985248472 0.0341152509898 0.00591613309774 0.0138394904788 0.00946315936566 0.0181820760722 0.0264954369291 0.39471407381 0.011577904642 
0.00387137088405 0.0313162563529 0.0139832713787 0.0530651998661 0.0501120791244 0.0188666106961 0.0133784234096 0.00890546958541 0.0573712548159 0.00508732669109 0.00173073309712 0.0147128651964 0.00927858786933 -0.00206756075076 0.0245882287564 0.0220780484964 0.0157587279019 -0.00920234221925 0.011577904642 0.23260340565 
0.0198095861146 0.00354784672445 0.00032420105776 0.00173922981202 0.00228140916044 -0.00202496545797 0.00179145143495 0.00401422630444 0.00233002704674 0.00195444764545 0.00269103691981 0.00442500159636 0.00345679158716 0.000729683457416 0.00316446317883 0.00196043747974 0.000347675132574 0.00213082173222 0.00280512461326 0.000335270553306 
0.00354784672445 0.0413637815297 0.00325750450319 0.00319765643141 0.00478699455157 0.000796614422709 0.00118423718069 0.0035315444421 0.00435699979765 0.00453243797308 0.00157622243827 0.00156706906881 0.00104282612722 0.000513786871595 0.00342855083142 0.000687629535466 0.00176880120318 0.00394533230706 0.0011249956442 0.0027120673553 
0.00032420105776 0.00325750450319 0.0357236115177 -8.04236561808e-05 0.000320234924911 4.39886076943e-05 0.000397171743974 0.000389187665058 0.00165190195116 0.0108396704907 0.00111627266477 -0.000164453860065 -4.9725939864e-05 2.61706540692e-05 0.00251304295782 0.00197188936579 0.000829679839463 -0.00203007306593 0.000341106597838 0.0012109868242 
0.00173922981202 0.00319765643141 -8.04236561809e-05 0.0182279237577 0.00368958986563 -5.11196623933e-06 0.00113774837574 0.00357626458293 0.0048835113885 0.00257762791826 0.00197886783507 0.000493880658228 0.000323579188415 -0.000722125381434 0.00232038689055 0.00271572757348 0.000583641355187 -0.00109705469911 0.00121572777775 0.00459558111409 
0.00228140916044 0.00478699455157 0.000320234924911 0.00368958986563 0.0170169828549 0.00245479937891 0.000944196704888 0.000455606259732 0.00420774459476 0.000742390167974 0.00125427016856 0.0024064276328 0.000389784881379 0.000158739279481 0.00186276702492 0.00240169882915 0.00079841051418 -0.000580853721929 0.00198853198992 0.00433983335582 
-0.00202496545797 0.000796614422709 4.39886076942e-05 -5.11196623943e-06 0.00245479937891 0.0314383048101 0.002493986271 0.00177782346919 0.00150345644566 -8.66022814268e-06 0.00329016375822 0.000469065828084 -0.00161337640918 0.00264782113718 -0.00173711071336 0.000250853948873 0.000767263994522 -0.000586828723553 0.000352318831327 0.00163389641461 
0.00179145143495 0.00118423718069 0.000397171743974 0.00113774837574 0.000944196704888 0.002493986271 0.0148902659258 0.00245774374521 0.00184183516133 0.000590168645157 0.00203097251385 0.00225051868749 0.00316441969752 -0.000122622463049 0.000823773039364 0.00168175260889 0.000948452312716 0.00156101475815 -0.000583004188625 0.00115860545353 
0.00401422630444 0.0035315444421 0.000389187665057 0.00357626458293 0.000455606259732 0.00177782346919 0.00245774374521 0.0467112480748 -0.00100693106366 0.0011666784718 0.00425126363642 0.000985298721465 0.00312027245264 -0.000105850208994 0.00177268103007 -0.00111731454664 0.00128045392238 -8.54503099466e-05 0.00118751168035 0.000771236289359 
0.00233002704674 0.00435699979765 0.00165190195116 0.0048835113885 0.00420774459476 0.00150345644566 0.00184183516133 -0.00100693106366 0.0230877946835 0.00190934245919 0.000627731062704 0.00128961519044 0.00124897883119 -0.000593685832789 0.00273355358018 0.0026594862017 0.00223064362671 -0.00117182412978 -7.6581598502e-06 0.00496849641175 
0.00195444764545 0.00453243797308 0.0108396704907 0.00257762791826 0.000742390167974 -8.66022814263e-06 0.000590168645157 0.0011666784718 0.00190934245919 0.022799478068 0.00305403493379 0.000728036369786 0.00188707593675 -0.00134545017271 0.0010255256023 0.000736973735653 0.00104736481507 4.46465534666e-06 0.00125697798521 0.000440575415184 
0.00269103691981 0.00157622243827 0.00111627266477 0.00197886783507 0.00125427016856 0.00329016375822 0.00203097251385 0.00425126363642 0.000627731062704 0.00305403493379 0.0222311108393 0.00222307621913 0.00287800486274 0.00224257625039 0.00200366712019 0.00242317847732 0.000533675032548 0.0023393551524 0.00428067188398 0.000149885882928 
0.00442500159636 0.00156706906881 -0.000164453860065 0.000493880658228 0.0024064276328 0.000469065828084 0.00225051868749 0.000985298721465 0.00128961519044 0.000728036369786 0.00222307621913 0.0159668491852 0.00227005995805 0.00119533122164 0.00229753619038 0.00202093686784 0.00176180861657 0.00107124663416 0.00389583679723 0.00127417150226 
0.00345679158716 0.00104282612722 -4.97259398644e-05 0.000323579188415 0.000389784881379 -0.00161337640918 0.00316441969752 0.00312027245264 0.00124897883119 0.00188707593675 0.00287800486274 0.00227005995805 0.0431276485636 0.00108759135792 0.00544940729143 0.000127129294832 0.00246055237531 0.00124576904112 0.00295446740137 0.000803549280609 
0.000729683457416 0.000513786871595 2.61706540691e-05 -0.000722125381433 0.000158739279482 0.00264782113718 -0.000122622463048 -0.000105850208994 -0.000593685832788 -0.00134545017271 0.00224257625039 0.00119533122164 0.00108759135792 0.0499240227439 0.00064861943732 -0.000281791692291 -0.000265444379864 0.0675851252309 0.00051235215548 -0.000179056013402 
0.00316446317883 0.00342855083142 0.00251304295782 0.00232038689055 0.00186276702492 -0.00173711071336 0.000823773039364 0.00177268103007 0.00273355358018 0.0010255256023 0.00200366712019 0.00229753619038 0.00544940729143 0.00064861943732 0.0198857256204 0.00258376209877 0.00248242765244 0.00188086749044 0.00119853503301 0.00212940307371 
0.00196043747974 0.000687629535465 0.00197188936579 0.00271572757348 0.00240169882915 0.000250853948873 0.00168175260889 -0.00111731454664 0.0026594862017 0.000736973735653 0.00242317847732 0.00202093686783 0.000127129294832 -0.000281791692291 0.00258376209877 0.0231382279154 0.00261693921633 0.000460534711815 0.000819533641072 0.00191201508638 
0.000347675132574 0.00176880120318 0.000829679839463 0.000583641355188 0.00079841051418 0.000767263994522 0.000948452312716 0.00128045392238 0.00223064362671 0.00104736481507 0.000533675032548 0.00176180861657 0.00246055237531 -0.000265444379864 0.00248242765244 0.00261693921633 0.0159361950497 7.54834291249e-05 0.00157461397721 0.00136474586944 
0.00213082173222 0.00394533230706 -0.00203007306593 -0.00109705469911 -0.000580853721929 -0.000586828723553 0.00156101475815 -8.54503099466e-05 -0.00117182412978 4.46465534671e-06 0.0023393551524 0.00107124663416 0.00124576904112 0.0675851252309 0.00188086749044 0.000460534711815 7.54834291249e-05 0.269539042748 0.0022945721465 -0.000796946213619 
0.00280512461326 0.0011249956442 0.000341106597838 0.00121572777775 0.00198853198992 0.000352318831327 -0.000583004188626 0.00118751168035 -7.65815985048e-06 0.00125697798521 0.00428067188398 0.00389583679723 0.00295446740137 0.000512352155481 0.00119853503301 0.000819533641072 0.00157461397721 0.0022945721465 0.0341832415151 0.00100267595426 
0.000335270553306 0.0027120673553 0.0012109868242 0.00459558111409 0.00433983335582 0.00163389641461 0.00115860545353 0.000771236289359 0.00496849641175 0.000440575415184 0.000149885882928 0.00127417150226 0.000803549280609 -0.000179056013403 0.00212940307371 0.00191201508638 0.00136474586944 -0.000796946213619 0.00100267595426 0.02014404583 

['MEL', 'FCX', 'NWL', 'ETR', 'PGL', 'KG', 'KMB', 'QCOM', 'PPL', 'MO', 'INTC', 'CBSS', 'HSP', 'ANDW', 'PX', 'WMI', 'CPB', 'TLAB', 'CPWR', 'FPL']