20
0.752636600207 0.0213104348082 0.0146033592013 0.0444205393046 0.0723241103927 0.332832739506 0.106356452037 0.0316067218978 0.125840316239 0.0998681056981 0.424855775916 0.102922334335 0.138189015222 0.0372282541949 0.0498180241401 0.0839491815724 0.0324129219316 0.0449819155318 0.0242911243805 0.065309734793 
7.42043011334 0.0365590909838 0.000827675881319 0.00811040393113 -0.00815130569959 -0.0209707021117 0.047038447225 -0.00847096667879 -0.00136887724143 -0.00332317066794 -0.0458083628437 0.0303407605578 -0.0107659323592 -0.00656601118437 0.0249530853112 -0.0200126076689 0.00489525379807 0.00700110947605 -0.0196185855281 0.0511849206964 
0.0365590909838 0.342945184791 0.00345257197118 0.0116291370362 0.0365519045666 0.0371213194435 0.0176193959657 0.0223079590307 0.00857743896522 0.112070796725 0.00784842988506 0.0193541030046 0.0262019721191 0.0122363995083 -0.00206952593891 0.0500882371403 0.00395575219744 0.0161804501878 0.0271011887895 0.0221191701333 
0.000827675881319 0.00345257197118 0.177409271366 0.0051052564436 0.0350164945319 0.0179551039814 0.0230072514715 0.00640698960703 0.00783426820366 0.0293520204528 0.0362157470519 -0.00691522808837 0.00990212609808 0.00861244010457 0.018011564408 0.000532580321418 0.00179057332166 0.00207888248227 0.0104518654098 0.0216409019795 
0.00811040393114 0.0116291370362 0.0051052564436 0.185101364331 0.0151811400345 0.017029820108 0.019419997653 0.0291939825754 0.0184776411838 0.0126839272915 -0.0117014081335 0.0211103870787 0.0377418392268 0.0362171331785 0.0215853763835 0.012503319229 0.0192450735242 0.0287845060314 0.0345085445761 0.0141430275275 
-0.00815130569959 0.0365519045666 0.0350164945319 0.0151811400345 0.378576597896 0.0582499937326 0.0537481975584 0.0202592226447 0.0367509570721 0.0173323981624 -0.0135881940474 0.0184674290995 0.0375365299781 0.0239487585011 0.000130122760953 0.0212879430389 -0.00254352502212 0.0285897805638 0.0267701917633 0.0465831717533 
-0.0209707021117 0.0371213194435 0.0179551039814 0.017029820108 0.0582499937326 0.531448282094 0.0337799329151 0.0234167773379 0.0323373258 0.016941703288 0.0163194454574 0.020420151248 0.0342031836511 0.00845627315917 0.0140686922465 0.0123826013104 0.00280890243411 0.0141816015089 0.00908012915324 0.0247803420409 
0.047038447225 0.0176193959657 0.0230072514715 0.019419997653 0.0537481975584 0.0337799329151 0.523763924978 0.0138817894799 0.0688730723446 0.0188387156152 -0.0601591162012 0.0130074755371 0.0484095726799 0.0370079459813 0.156202545792 -0.00719624388273 0.0243984010793 0.0151508710201 0.0561583669119 0.0315643026436 
-0.00847096667879 0.0223079590307 0.00640698960703 0.0291939825754 0.0202592226447 0.0234167773379 0.0138817894799 0.148019990562 0.0271411906195 0.0279562377515 0.00948720001765 0.0203838619034 0.0322247615374 0.028680984257 -0.000590662940249 0.0368424850215 0.0237103912342 0.060750490774 0.0478964450159 0.00428457302419 
-0.00136887724143 0.00857743896526 0.00783426820366 0.0184776411838 0.0367509570721 0.0323373258 0.0688730723445 0.0271411906195 0.4027250627 0.0445914651496 -0.0259232824728 0.0576758859833 0.0538645901473 0.049566741852 0.0254876229036 0.0106860250495 -0.00488892312821 0.0164886463504 0.0443504436191 0.0527949135999 
-0.00332317066794 0.112070796725 0.0293520204528 0.0126839272915 0.0173323981624 0.016941703288 0.0188387156152 0.0279562377515 0.0445914651496 0.401633121827 5.24383192324e-05 0.00729325168323 0.0415272235999 0.025500641705 -0.00559492233892 0.116698340403 0.0175398030767 0.020391099364 0.0438890960604 0.00352357738399 
-0.0458083628437 0.00784842988506 0.0362157470519 -0.0117014081335 -0.0135881940474 0.0163194454574 -0.0601591162012 0.00948720001764 -0.0259232824728 5.24383192323e-05 3.74974013252 0.00997602003076 -0.00307562975713 0.0128770850245 -0.0337272078256 -0.00796850095298 0.019534759756 -0.00196092267358 -0.0108658550643 0.0141808834211 
0.0303407605578 0.0193541030046 -0.00691522808838 0.0211103870787 0.0184674290995 0.020420151248 0.0130074755371 0.0203838619035 0.0576758859833 0.00729325168321 0.00997602003076 0.37508336744 0.0247185005396 0.0345379786744 -0.00334541294308 -0.00202336443755 0.0350887634739 0.018890216646 0.0224289536168 0.0571540602438 
-0.0107659323592 0.0262019721191 0.00990212609808 0.0377418392268 0.0375365299781 0.0342031836511 0.0484095726799 0.0322247615374 0.0538645901473 0.0415272235999 -0.00307562975713 0.0247185005396 0.318818476204 0.0540938303445 0.0312673598446 0.0430647747138 0.00901669699153 0.0249479706563 0.0307224544564 0.035513938299 
-0.00656601118437 0.0122363995083 0.00861244010457 0.0362171331785 0.0239487585011 0.00845627315917 0.0370079459813 0.028680984257 0.049566741852 0.025500641705 0.0128770850245 0.0345379786744 0.0540938303445 0.192534683388 0.0326010638187 0.0207768692562 0.00741881023821 0.0167205607919 0.0231380507969 0.0337255471475 
0.0249530853112 -0.0020695259389 0.018011564408 0.0215853763835 0.000130122760961 0.0140686922465 0.156202545792 -0.000590662940248 0.0254876229036 -0.00559492233892 -0.0337272078256 -0.00334541294307 0.0312673598446 0.0326010638187 0.385250607433 0.00443252065897 -0.0143083622264 -0.0035710410057 0.0233685403233 0.0236354512251 
-0.0200126076689 0.0500882371403 0.000532580321418 0.012503319229 0.0212879430389 0.0123826013104 -0.00719624388273 0.0368424850215 0.0106860250495 0.116698340403 -0.00796850095298 -0.00202336443755 0.0430647747138 0.0207768692562 0.00443252065897 0.595286481488 -0.00366040423497 0.02151535784 0.0468471772707 -0.00131929860675 
0.00489525379807 0.00395575219741 0.00179057332165 0.0192450735242 -0.00254352502213 0.00280890243412 0.0243984010793 0.0237103912343 -0.00488892312817 0.0175398030767 0.019534759756 0.0350887634739 0.00901669699155 0.00741881023821 -0.0143083622264 -0.00366040423498 0.29118547763 0.0167977422857 0.0257648447966 0.0273175532706 
0.00700110947605 0.0161804501878 0.00207888248227 0.0287845060314 0.0285897805638 0.0141816015089 0.0151508710201 0.060750490774 0.0164886463504 0.020391099364 -0.00196092267358 0.0188902166459 0.0249479706563 0.0167205607919 -0.0035710410057 0.02151535784 0.0167977422856 0.237409959848 0.0523223118784 0.0187294016204 
-0.0196185855281 0.0271011887895 0.0104518654098 0.0345085445761 0.0267701917633 0.00908012915324 0.0561583669119 0.0478964450159 0.0443504436191 0.0438890960604 -0.0108658550643 0.0224289536167 0.0307224544564 0.0231380507969 0.0233685403233 0.0468471772707 0.0257648447966 0.0523223118784 0.250174705027 0.00558505079823 
0.0511849206964 0.0221191701333 0.0216409019795 0.0141430275275 0.0465831717533 0.0247803420409 0.0315643026436 0.0042845730242 0.0527949135999 0.00352357738398 0.0141808834211 0.0571540602438 0.035513938299 0.0337255471475 0.0236354512251 -0.00131929860674 0.0273175532706 0.0187294016204 0.00558505079824 0.311982602632 
0.642628098516 0.00316611015313 7.16788339322e-05 0.000702381583932 -0.000705923780986 -0.00181611607639 0.00407364902515 -0.000733607233845 -0.000118548246574 -0.000287795021955 -0.00396712059284 0.00262758694132 -0.000932357091849 -0.000568633248719 0.00216100057823 -0.00173314266373 0.00042394141471 0.000606313866093 -0.00169901934536 0.00443274416138 
0.00316611015313 0.0296999242135 0.000299001503544 0.00100711280974 0.00316548779114 0.003214800566 0.00152588445056 0.00193192592272 0.000742828004329 0.00970561569859 0.000679693966028 0.00167611448694 0.00226915734844 0.00105970328251 -0.000179226203688 0.00433776857943 0.000342578189406 0.00140126809073 0.00234703179645 0.00191557632461 
7.16788339322e-05 0.000299001503544 0.015364093587 0.000442128177299 0.00303251738161 0.00155495761755 0.00199248642456 0.000554861576147 0.000678467528443 0.00254195953645 0.0031363756964 -0.00059887631975 0.000857549275241 0.000745859191913 0.00155984723392 4.61228087904e-05 0.000155068198389 0.000180036504113 0.00090515809618 0.0018741570875 
0.000702381583932 0.00100711280974 0.000442128177299 0.0160302483786 0.00131472529283 0.00147482568354 0.00168182113089 0.00252827305479 0.00160021066672 0.00109846032542 -0.00101337167036 0.00182821314938 0.00326853915559 0.00313649573849 0.00186934842983 0.0010828192084 0.00166667225697 0.00249281134586 0.00298852762505 0.00122482211252 
-0.000705923780986 0.00316548779114 0.00303251738161 0.00131472529283 0.0327856951057 0.00504459743427 0.00465473044932 0.00175450014712 0.00318272624378 0.00150102971171 -0.00117677212366 0.00159932627428 0.00325075885309 0.0020740233251 1.12689616595e-05 0.0018435899466 -0.000220275728431 0.00247594762568 0.00231836661312 0.00403422101272 
-0.00181611607639 0.003214800566 0.00155495761755 0.00147482568354 0.00504459743427 0.0460247713091 0.00292542800426 0.00202795240494 0.00280049456332 0.00146719454308 0.00141330543418 0.00176843697299 0.00296208259321 0.000732334737718 0.00121838448835 0.00107236472998 0.000243258086469 0.00122816271731 0.000786362251635 0.00214604057219 
0.00407364902515 0.00152588445056 0.00199248642456 0.00168182113089 0.00465473044932 0.00292542800426 0.0453592864617 0.00120219823395 0.00596458302871 0.00163148062974 -0.00520993228994 0.00112648042542 0.00419239197271 0.00320498213617 0.0135275372792 -0.000623213001427 0.00211296351464 0.00131210391928 0.00486345723807 0.00273354879421 
-0.000733607233845 0.00193192592272 0.000554861576147 0.00252827305479 0.00175450014712 0.00202795240494 0.00120219823395 0.0128189072095 0.00235049605654 0.0024210812087 0.000821615622606 0.00176529422356 0.00279074621223 0.00248384609721 -5.1152911133e-05 0.00319065279672 0.00205338011425 0.00526114683026 0.00414795381348 0.000371054908332 
-0.000118548246574 0.000742828004332 0.000678467528443 0.00160021066671 0.00318272624378 0.00280049456332 0.00596458302871 0.00235049605654 0.0348770135039 0.00386173416115 -0.00224502211709 0.00499487824473 0.0046648103432 0.00429260576266 0.00220729289166 0.000925436915832 -0.000423393162618 0.00142795866134 0.00384086108432 0.00457217363681 
-0.000287795021955 0.00970561569859 0.00254195953645 0.00109846032542 0.00150102971171 0.00146719454308 0.00163148062974 0.0024210812087 0.00386173416115 0.0347824486503 4.5412916587e-06 0.000631614123387 0.00359636305861 0.00220842035294 -0.00048453448777 0.0101063727368 0.00151899150418 0.00176592100603 0.00380090721375 0.000305150752673 
-0.00396712059284 0.000679693966028 0.0031363756964 -0.00101337167036 -0.00117677212366 0.00141330543418 -0.00520993228994 0.000821615622606 -0.00224502211709 4.54129165869e-06 0.324737021235 0.00086394867753 -0.000266357350231 0.00111518827579 -0.00292086187757 -0.000690092425536 0.00169175982055 -0.000169820885018 -0.000941010651956 0.00122810052908 
0.00262758694132 0.00167611448694 -0.00059887631975 0.00182821314938 0.00159932627428 0.00176843697299 0.00112648042542 0.00176529422356 0.00499487824473 0.000631614123386 0.00086394867753 0.032483172474 0.00214068494108 0.00299107669274 -0.000289721259486 -0.000175228500403 0.00303877605558 0.00163594074984 0.00194240436124 0.00494968681005 
-0.000932357091849 0.00226915734844 0.000857549275241 0.00326853915559 0.00325075885309 0.00296208259321 0.00419239197271 0.00279074621223 0.0046648103432 0.00359636305861 -0.000266357350231 0.00214068494108 0.0276104899588 0.00468466312663 0.00270783279347 0.00372951889104 0.000780868865289 0.00216055763612 0.00266064260258 0.00307559727554 
-0.000568633248719 0.00105970328251 0.000745859191913 0.00313649573849 0.0020740233251 0.000732334737718 0.00320498213617 0.00248384609721 0.00429260576266 0.00220842035294 0.00111518827579 0.00299107669274 0.00468466312663 0.0166739926923 0.00282333494574 0.0017993296587 0.000642487813214 0.00144804304113 0.00200381397841 0.00292071805863 
0.00216100057823 -0.000179226203688 0.00155984723392 0.00186934842983 1.12689616603e-05 0.00121838448835 0.0135275372792 -5.11529111329e-05 0.00220729289166 -0.000484534487771 -0.00292086187757 -0.000289721259484 0.00270783279347 0.00282333494574 0.033363681286 0.000383867549347 -0.00123914051746 -0.000309261222889 0.00202377495693 0.00204689011909 
-0.00173314266373 0.00433776857943 4.61228087904e-05 0.0010828192084 0.0018435899466 0.00107236472998 -0.000623213001427 0.00319065279672 0.000925436915831 0.0101063727368 -0.000690092425536 -0.000175228500403 0.00372951889104 0.0017993296587 0.000383867549347 0.0515533215498 -0.000317000305561 0.0018632846461 0.0040570845612 -0.000114254610862 
0.00042394141471 0.000342578189404 0.000155068198389 0.00166667225697 -0.000220275728433 0.00024325808647 0.00211296351464 0.00205338011425 -0.000423393162614 0.00151899150418 0.00169175982055 0.00303877605558 0.000780868865291 0.000642487813215 -0.00123914051747 -0.000317000305562 0.025217402084 0.00145472715456 0.00223130101184 0.00236576951016 
0.000606313866093 0.00140126809073 0.000180036504112 0.00249281134586 0.00247594762568 0.00122816271731 0.00131210391928 0.00526114683026 0.00142795866135 0.00176592100603 -0.000169820885018 0.00163594074984 0.00216055763612 0.00144804304113 -0.000309261222889 0.0018632846461 0.00145472715456 0.020560305634 0.00453124512714 0.00162201376009 
-0.00169901934536 0.00234703179645 0.00090515809618 0.00298852762505 0.00231836661312 0.000786362251635 0.00486345723807 0.00414795381348 0.00384086108433 0.00380090721375 -0.000941010651956 0.00194240436124 0.00266064260258 0.00200381397841 0.00202377495693 0.0040570845612 0.00223130101184 0.00453124512714 0.0216657649938 0.000483679587269 
0.00443274416138 0.00191557632461 0.0018741570875 0.00122482211252 0.00403422101272 0.00214604057219 0.00273354879421 0.000371054908333 0.00457217363681 0.000305150752672 0.00122810052908 0.00494968681006 0.00307559727554 0.00292071805863 0.00204689011909 -0.000114254610862 0.00236576951016 0.00162201376009 0.00048367958727 0.0270184859418 

['SBL', 'ADI', 'CZN', 'ITW', 'UNM', 'EK', 'HAL', 'MTB', 'ODP', 'XLNX', 'SANM', 'KSS', 'CAT', 'DHR', 'MUR', 'FNM', 'SGP', 'MEL', 'PCL', 'GR']