50
0.0657027666716 0.0466490289559 0.28152338764 0.0729384759615 0.0247676168055 0.0839491815724 0.0283464571838 -0.00139328324831 0.0407864154506 0.0598638009539 0.0810581507116 0.0558285331973 0.0463620133958 0.0524718958424 0.0224960645228 0.110955558587 -0.0290439391383 0.099400173405 0.0408230851415 0.0714432896303 0.332832739506 0.0940944116816 0.0368602928082 0.037281538924 0.0161964684659 0.0100273700484 0.0070666509449 0.070293401022 0.0578888041786 0.0413132452317 0.142595623168 -0.00648668223639 0.0842142990337 0.148588071013 0.0594362545722 0.00851722536111 0.035272852014 0.0279461936292 0.0615160923796 0.103166553638 0.0262084488718 0.0639224219563 0.162419244675 0.0129348444485 0.0731585002716 0.126841392599 0.0564449965361 -0.0014382556632 0.0101927526284 0.0309991269713 
0.183087928356 0.0125662333877 0.0175775066098 0.00927940060375 0.000597330334059 0.0271803338582 0.0136252691558 0.00145578744462 0.0134662891445 0.0285202843902 -0.00104434282359 0.00255909079611 0.00484754806106 0.0466190497256 0.0177979600814 0.0231420219939 0.0168303875668 0.00555887007031 0.0205412007208 0.00506165986042 0.0125853883281 0.0306507951147 -0.00516949609577 0.0262988725743 0.0271099834062 0.0113141941055 0.00396919228934 0.00418330416613 0.00297563602385 -0.00947374154028 0.0201665270762 0.00475650980799 0.00359057778223 0.0158177447852 0.0350880620085 0.0107032087398 0.0131483166622 0.0134473440303 0.01731926252 0.00907680506271 0.0368467848891 -0.00294913116221 0.00592930367884 0.0120011081694 -0.0100256353642 0.0346874853046 0.0171725047249 0.00142676317495 0.0145076591652 0.0037857325691 
0.0125662333877 0.224338554978 0.0211299641309 0.0287878810441 0.00947669002529 0.0426906914402 0.025288412416 -0.00057169083191 0.0438431220621 0.0183035234476 0.0198394778337 0.0312841537502 0.0171022509495 0.0107151637211 0.0273366104751 0.043654182423 -0.0064784167597 0.0324255240464 0.0175781988619 0.00081024658932 0.00437016009693 0.0141775576231 -0.0126505456771 0.00990866657616 0.0259597909971 0.00727661562904 0.0170501106416 -0.00710984321581 -0.0217502322378 -0.00246527128621 -0.00176405690964 0.020939572483 0.00545395534494 0.0149584267127 0.00291491495335 0.00818557191979 -0.0137323209538 -0.0112554512618 0.00746182733045 0.010009483662 0.00891101298535 0.0368882995378 0.0217856798311 0.01310862741 -0.013491473129 0.0118370010523 0.00745668637751 0.00116467397656 0.0107628168739 -0.00865129251376 
0.0175775066098 0.0211299641309 1.93531909303 -0.034599335141 0.0038409030392 0.00826915611057 -0.0300361230569 -0.0108722347368 0.00926598337558 -0.0111990291081 -0.00399555263799 -0.0206778497553 -0.00985431576212 0.00469466217464 0.00237987280407 -0.0106337146605 0.00612795138149 -0.0332185761022 -0.0082041344395 0.0292781697668 -0.0460839333147 -0.00570844663466 -0.0119974458129 0.0415251481731 -0.0125523609808 -0.00143075617267 -0.00646167141477 -0.0106424520567 -0.0264548838464 0.00416548231185 -0.0129767598425 -0.0261337569906 -0.0372805825186 0.0081052719262 -0.028314575446 -0.0122835578219 -0.0139042837027 0.00457999535278 -0.00380605666802 -0.00199745511902 -0.00777611940503 0.0145362718724 -0.0159673080844 0.00417773382474 -0.00101345604209 0.00353382009323 -0.0165758796777 -0.0223417150974 0.00568891600059 -0.0176777738614 
0.00927940060375 0.0287878810441 -0.034599335141 0.310975542945 0.026388499808 0.0150572566908 0.0381400710622 0.0103320627891 0.0239575205491 0.0107533691685 0.0287409660509 0.00363503559554 0.00993802106716 0.0210970313211 0.0172017066009 -0.000795431835756 0.00753992830508 0.0508588568904 0.0213305652914 0.0156429852803 0.0158213368741 0.0214724383349 -0.00232531753254 -0.00630740825183 0.017054202597 0.00812311420876 -0.00496299642747 0.0200237145098 -0.0185523393437 0.00864746098878 0.0251570594196 0.0206640057775 0.00565748657962 -0.0124093197665 -0.000284789329425 0.0039329674326 0.0139113522524 0.0400485723335 0.0121983891828 0.0115133181286 0.0159180934847 0.0186678473234 -0.0167541780374 0.0199554287092 0.0175027122875 -0.0274921048718 0.0148265495313 0.00615678401252 0.0120478810651 0.0310949625572 
0.000597330334059 0.0094766900253 0.0038409030392 0.026388499808 0.119101947657 0.013712681482 0.0118412249837 0.0144812230446 0.00902350235077 0.00274140715692 0.00971134521281 0.0282184613089 0.0109425339633 0.0306864368637 0.0230535702525 0.0109114738025 0.00367332019862 0.0272296844183 0.01092762252 0.00128287014726 0.00534554137096 0.0162936795877 -0.00666818048785 0.0105652774664 0.0346713197389 0.0134254253328 0.00749084341507 0.00832300281255 0.00897796969273 0.0183483385999 0.0116891517152 0.0133092325459 0.0194696287018 0.0172115367912 0.0049309097233 0.00886342490342 0.0172871642786 0.0118039349845 0.0312386181387 0.0163174597646 0.0105044089052 0.019089395856 0.00894915807833 0.0181529443103 0.00475754621879 -0.00332116044452 0.0061698815605 -0.00717889071268 0.00644403560503 -0.00526088304404 
0.0271803338582 0.0426906914402 0.00826915611057 0.0150572566908 0.013712681482 0.598617582138 2.15218345762e-05 0.0131950205261 0.0107230576531 0.0369973068815 0.0123400977571 0.015053358618 0.00805713584939 0.0225773710024 0.0289308422827 0.00900900107758 -0.00231067163884 -0.0123612851164 0.0285658595121 -0.00926049683677 0.0107985683752 0.00925058927047 0.038764377035 0.0298994849718 0.0111315892684 0.0140989614793 0.0139196621322 0.0133495822416 0.0194709894161 0.00354834703167 0.0224049683622 -0.00402094831701 -0.00213079711922 9.50592059308e-05 -0.00947280972264 0.0184828759149 0.00577489605742 -0.00900094111008 0.0479494004056 0.0238696655089 0.0133339016635 0.00325445842381 0.0340525349371 0.024510074624 0.0178711619004 0.0179816178553 -0.00203846198116 0.00948932159788 0.0440574075816 -0.000620043713647 
0.0136252691558 0.025288412416 -0.0300361230569 0.0381400710622 0.0118412249837 2.15218345763e-05 0.174582995604 0.0249558520653 0.0219736866685 0.0185323282559 0.00176161178429 0.0178580599673 0.00161685478655 0.00895870160441 0.0159615773993 0.0204144382856 0.0281564859073 0.0205351913765 0.0108882939589 5.69785882207e-05 0.0235885306007 0.0044080321081 0.00787427878003 0.0223214778067 0.0239191109875 0.0161155557009 0.00485376486942 0.0175258706738 0.00433177227906 0.00494319598295 0.00982550559561 0.0207065270329 -0.00532598224671 0.00953763364678 0.00978775082111 0.0108498284073 0.0193758835401 0.0114244464353 0.0193782328359 0.0219184947301 0.0122141670943 0.0315459107396 0.0190368240134 0.0213920328622 0.00491809411084 -0.00179883990158 0.00499521748929 -0.0046179260633 0.0299199225663 0.0337126468324 
0.00145578744462 -0.00057169083191 -0.0108722347368 0.0103320627891 0.0144812230446 0.0131950205261 0.0249558520653 0.360318855356 -0.000293703238505 0.00258742106436 0.00814906653589 0.0428866812857 0.0192954395032 -0.0058982002498 0.00602252316216 0.0210090453417 0.00641124813802 0.0372290186446 0.0139362591177 0.0257351322268 -0.0117952896311 0.0182006793336 0.00669027696496 0.0106794864021 0.00545788718641 0.018411044984 0.0144941039763 -0.00590321183515 -0.00635402107765 0.00909069906179 0.0260583212393 0.014296209503 0.0115854728551 0.0342941082052 0.0199774428973 0.00975084565546 0.0155805547021 -0.010167153484 0.0153060910287 0.00614821524461 0.00449115542979 0.0257832222581 0.0344596144537 0.0372036643831 -0.00478603653429 -0.0022097699441 0.0116572438698 0.0148847766192 0.0040434060567 0.0224749561973 
0.0134662891445 0.0438431220621 0.00926598337558 0.0239575205491 0.00902350235077 0.0107230576531 0.0219736866685 -0.000293703238504 0.207363337648 0.0200446453118 0.0133824786542 0.0208510760577 0.0209271563231 0.0272215327154 0.0441417152699 0.0544969366304 0.0174098951638 0.0168029015367 0.0140912718109 0.00258221288942 0.0160073419665 0.0315106550084 -0.00926984682433 0.0268042159257 0.0188443003163 0.0148049664713 0.0140046465758 0.0116174977394 0.015435755213 0.0119431021013 0.0362027469083 0.015166601896 0.0104002702611 0.0176279733473 0.0203107372564 0.0307764048984 0.0255940956554 0.0193352644554 0.0199145356744 0.0221500773986 0.0163508212587 0.0482075018826 0.0339231302052 0.0109253401816 0.0143607827627 0.018775044743 0.0183035313276 0.00985770760242 0.0116444611149 0.00491095436891 
0.0285202843902 0.0183035234476 -0.0111990291081 0.0107533691685 0.00274140715692 0.0369973068815 0.0185323282559 0.00258742106436 0.0200446453118 0.187147753978 0.0228196157753 0.0230562605514 0.0199457778065 0.00975378434969 0.0242351740316 0.0317412731962 -0.00705616518755 0.0124755481895 0.022563855928 -0.0122272423195 0.0239985713579 0.0288335068985 -0.00524746190592 0.0359849859021 0.0149290945389 0.000134025499869 0.00380093860306 0.0206168101399 0.0357821699275 0.0106009634903 0.0445149450693 0.00899025038528 0.00235843169707 0.0369861378678 0.0360258564766 0.0357030470498 0.016810341643 0.00563152228375 0.0269195510188 0.0289503944193 0.0372033287017 0.0305719224131 0.0114378307967 0.00772878567868 0.0146222696394 0.0420110009126 0.0510861161594 0.00366977922158 0.0285152055787 0.0251643380695 
-0.00104434282358 0.0198394778337 -0.00399555263799 0.0287409660509 0.00971134521282 0.0123400977571 0.00176161178429 0.00814906653589 0.0133824786542 0.0228196157753 0.195812241466 0.0207324748316 0.0567977017842 0.00713080255768 0.00943655399594 0.0119865824386 -0.00419884311461 0.0321229557181 0.0125063383944 0.00371251539475 -0.00636754034184 0.0241755149462 0.0218809096335 0.0292438324945 0.0132569966615 0.0165140378295 0.0116234528365 0.0085148935161 0.0305962503433 0.00767024885965 0.0362351897075 0.0257142955616 0.0130030701389 0.0137285137812 0.0389185670929 0.0241526991962 0.0145925517249 0.019878811988 0.0192260935319 0.0294314570436 0.0373031492826 0.0824274554212 0.0210778595607 0.011697624242 0.035894757286 -0.00355670755649 0.0315622952591 0.0160460189959 0.00562774617147 0.0129255164909 
0.00255909079611 0.0312841537502 -0.0206778497553 0.00363503559554 0.0282184613089 0.015053358618 0.0178580599673 0.0428866812857 0.0208510760577 0.0230562605514 0.0207324748316 0.275312048819 0.00196168640994 -0.003126895491 0.0257527802677 0.0479718512173 0.0108575858178 0.0932587147766 0.0523068137578 0.016487882091 0.00552149265399 0.0421657925694 8.41236348374e-05 0.037598927843 0.03636982122 0.0206120395189 -0.00783037555262 0.0253100052178 -0.0123301154402 0.00989057457923 0.00082416102612 0.00908158453595 0.0139345779825 0.0382891835545 0.0184863653021 0.0234973123406 0.016458577079 0.00809755094497 0.03302120743 0.0444660507072 0.0732003550881 0.0159825693616 0.0335852504345 0.0189730972724 0.016323668842 -0.00764889914971 -0.00874832879768 0.0142260466964 0.0280050967924 0.00163935031462 
0.00484754806106 0.0171022509495 -0.00985431576212 0.00993802106716 0.0109425339633 0.00805713584939 0.00161685478655 0.0192954395032 0.0209271563231 0.0199457778065 0.0567977017842 0.00196168640994 0.389731061218 0.0215706327891 0.000546384145608 -0.00437507168382 0.0495775368992 0.0161668005916 0.0135510498499 -0.00271432298678 0.00300551073412 0.0497207755394 0.011479757197 0.0238292730752 0.011236210515 0.0303654918866 0.0166049339429 0.0105623211503 -0.0162363041707 0.0131670487414 -0.00701976694458 -0.000276294220585 0.0077656256376 0.0359915832086 0.00497410870388 0.0183603779496 0.00735204683285 -0.00396342748864 0.0194704579351 0.0441761093724 0.000326211609359 0.0357843304134 -0.00407295657081 0.00759126942176 0.0243309690571 0.0137815205215 0.0137552763093 0.00907960780563 0.00539545039014 -0.0137292926604 
0.0466190497256 0.0107151637211 0.00469466217464 0.0210970313211 0.0306864368637 0.0225773710024 0.00895870160441 -0.0058982002498 0.0272215327154 0.00975378434969 0.00713080255768 -0.003126895491 0.0215706327891 0.184402133871 0.0133969169836 0.0100748646151 0.020342966709 0.00360310371442 -0.00147816915252 0.00162915650845 0.0418589965698 0.0194138894348 -0.0151892033832 0.0135291928737 0.0181243545869 0.0302702243871 0.0128147605451 0.000205886389892 -0.00826707463731 0.00376783496067 0.0278952223545 -0.00431540259557 0.00368268579751 0.0240336754458 -0.00409529551678 0.00978722160771 0.0145720004024 0.01307627388 0.0306847441478 -0.00313700317914 0.004697202882 0.017428809276 0.0126363394259 0.0187113228324 -0.00310144679009 0.0397420476183 -0.00478693463471 0.01768059984 0.0165124064589 0.00690675372123 
0.0177979600814 0.0273366104751 0.00237987280407 0.0172017066009 0.0230535702525 0.0289308422827 0.0159615773993 0.00602252316215 0.0441417152699 0.0242351740316 0.00943655399595 0.0257527802677 0.000546384145608 0.0133969169836 0.197587922164 0.0322786809311 0.0121300512304 0.021702376335 0.014382154882 -0.00668110373146 0.0176835461794 0.0393669939321 -0.0190929379718 0.0103023223679 0.0205752123091 0.0087028498249 0.005563932586 0.0252966999503 0.00796123413321 0.0110545262921 0.0144639709362 0.0196608333191 0.0136391290158 0.0267577725207 0.0077233636198 0.0219256557929 -0.00100392285347 0.0137085289916 0.0129527973559 0.0137335216331 0.026460350414 0.0176891293698 0.00154481914076 0.0114837763699 -0.0123557888722 0.00632387126595 0.013176481024 0.0180424094407 0.0206902389312 0.0154622805607 
0.0231420219939 0.043654182423 -0.0106337146605 -0.000795431835756 0.0109114738025 0.00900900107758 0.0204144382856 0.0210090453417 0.0544969366304 0.0317412731962 0.0119865824386 0.0479718512173 -0.00437507168382 0.0100748646151 0.0322786809311 0.478276010394 0.00854698466355 0.00580617033868 0.00898654033875 0.0113935585383 -0.0286335697473 0.00787883364057 -0.00423479444339 0.0425845790681 0.0219534068078 0.00276308190749 0.0187602869244 -0.00481170130007 -0.00268441682878 0.0255553559069 0.0151178447084 0.0237295872759 0.0315545428437 0.0781009715046 0.0255512091736 0.0129655954022 0.0445281400177 0.0101694232049 0.0294205080335 -0.00245058897493 0.00478259822595 0.000165499586147 0.0109489969538 0.0268813844638 0.0488510201804 0.02072134764 -0.00793614998965 0.0121705631073 0.029815365848 0.0257136602308 
0.0168303875668 -0.0064784167597 0.00612795138149 0.00753992830508 0.00367332019862 -0.00231067163884 0.0281564859073 0.00641124813802 0.0174098951638 -0.00705616518755 -0.00419884311461 0.0108575858178 0.0495775368992 0.020342966709 0.0121300512304 0.00854698466355 0.329116128745 0.0463719132507 -0.0265499462136 0.00434005414646 0.0256594157447 0.0234095142051 0.0280307293234 0.0214160056226 0.00890737034916 0.0232460358325 -0.00272208115958 0.00623853352541 -0.00347725317108 0.00397466985242 0.0442959888813 0.01543789356 -0.0016057146364 0.00531590074758 0.0177643125888 0.0201268335437 0.0111136882868 -0.00539657884024 0.00438615653944 -0.0171844745995 -0.00991650061901 0.0195897279535 0.0346248866736 0.0046934771462 0.0109548794169 -0.0227812332407 0.0118619178715 -0.00163040171315 0.0197681710088 0.0322564105289 
0.00555887007031 0.0324255240464 -0.0332185761022 0.0508588568904 0.0272296844183 -0.0123612851164 0.0205351913765 0.0372290186446 0.0168029015367 0.0124755481895 0.0321229557181 0.0932587147766 0.0161668005916 0.00360310371442 0.021702376335 0.00580617033868 0.0463719132507 0.335026581394 0.0168625997237 0.0138560817466 0.0210719328385 0.0442320160985 0.0154617105466 0.0396576579962 0.00805144442582 0.0105401105127 0.0327505446395 0.00716139848817 0.0442247765915 0.0153713660981 0.0500739998564 0.0136366830464 0.0601918713878 0.0239174487789 0.0137340712221 0.00608064484465 0.0185990802745 0.0181437194756 0.0285673487903 0.0171710266012 0.0383465350723 0.0317727393789 0.0127622821411 0.021939004582 0.0176278727493 -0.00669210177973 0.0110366515204 0.00459084850907 0.0192796361512 -0.00304674806897 
0.0205412007208 0.0175781988619 -0.0082041344395 0.0213305652914 0.01092762252 0.0285658595121 0.0108882939589 0.0139362591177 0.0140912718109 0.022563855928 0.0125063383944 0.0523068137578 0.0135510498499 -0.00147816915252 0.014382154882 0.00898654033875 -0.0265499462136 0.0168625997237 0.199152120294 -1.51638174299e-05 -0.000550104592591 0.0236977741307 0.00833936475092 0.0212395771072 0.0145483160266 -0.00464262383339 0.0163092102899 0.0208095629487 0.0152721649951 0.00908689013991 0.00894077117197 0.0170434357716 0.0204500642564 0.0246528087782 0.0341807564175 0.0189956679414 0.00422396057382 -0.000221331028659 0.0278525070987 0.00496695032307 0.0349345495744 -0.00279885459023 0.0143638619315 0.0256625015558 0.000439651436532 -0.0157472998719 -0.000354227303582 0.00891030132953 0.028424441357 -0.00263206656004 
0.00506165986042 0.00081024658932 0.0292781697668 0.0156429852803 0.00128287014726 -0.00926049683677 5.6978588221e-05 0.0257351322268 0.00258221288942 -0.0122272423195 0.00371251539475 0.016487882091 -0.00271432298678 0.00162915650845 -0.00668110373146 0.0113935585383 0.00434005414646 0.0138560817466 -1.51638174299e-05 0.366651443983 0.0205759623786 0.0298670065189 -0.000311521992857 0.00878465131437 0.0203349105643 -0.00503249658247 -0.00821946660945 0.0155874705917 0.0120799526818 0.00468922133824 0.0130790234015 0.0117771564412 0.0015538199485 0.00717449726387 0.0295042087576 -0.0147689725044 -0.00791213531412 -0.0102978347469 0.0207580645682 0.00267179289646 0.0360792836296 0.00564086725447 0.0339275543111 0.00461137248966 0.0645286331104 0.00736336372202 -0.00279579640527 0.00359709152408 -0.000904415039754 0.0371511706326 
0.0125853883281 0.00437016009693 -0.0460839333147 0.0158213368741 0.00534554137096 0.0107985683752 0.0235885306007 -0.0117952896311 0.0160073419665 0.0239985713579 -0.00636754034184 0.00552149265399 0.00300551073412 0.0418589965698 0.0176835461794 -0.0286335697473 0.0256594157447 0.0210719328385 -0.000550104592591 0.0205759623786 0.515940457072 0.0598105415093 0.066471276888 0.0112547831832 0.0035565172913 0.012131904635 -0.00771916111228 0.0138085857119 0.0193233970026 0.0142671567019 0.0383172829014 0.00304786741268 0.0065577163004 0.0304311757605 0.0259736383264 0.0168618838161 0.000435260838434 -0.00846723325139 0.0335006889448 -0.0140272869678 0.0365472039204 0.00408554996387 -0.0179938921706 -0.00231194335867 0.035360884664 0.00153750983982 0.0112790944411 0.00392610966254 0.0418342817723 0.0286578311169 
0.0306507951147 0.0141775576231 -0.00570844663466 0.0214724383349 0.0162936795877 0.00925058927047 0.0044080321081 0.0182006793336 0.0315106550084 0.0288335068985 0.0241755149462 0.0421657925694 0.0497207755394 0.0194138894348 0.0393669939321 0.00787883364057 0.0234095142051 0.0442320160985 0.0236977741307 0.0298670065189 0.0598105415093 0.343750563189 0.00820727207685 0.0654422540468 0.015366611567 0.0157917095971 0.00970432097998 -0.00359484848404 0.0395757582771 0.0285021265844 0.069468290662 -0.0110679159912 0.0448091834832 0.0198123812604 0.0328855684958 0.018292595947 -0.0208042596701 -0.000876054575827 0.0259794031796 0.0619391985538 0.00860039438321 0.0374911882889 0.0356007227716 0.0119112684805 0.0368711608972 -0.00953665216746 0.016023758581 0.0158074608141 0.0241025688744 -0.0371235855957 
-0.00516949609577 -0.0126505456771 -0.0119974458129 -0.00232531753254 -0.00666818048785 0.038764377035 0.00787427878003 0.00669027696496 -0.00926984682433 -0.00524746190592 0.0218809096335 8.41236348377e-05 0.011479757197 -0.0151892033832 -0.0190929379718 -0.00423479444339 0.0280307293234 0.0154617105466 0.00833936475092 -0.000311521992856 0.066471276888 0.00820727207685 0.321345925506 0.0289665464633 -0.0065983276485 0.000362218879337 0.0294155964164 0.0122321855635 -0.00315202708978 -0.0152051043348 -0.0131108683453 0.0205742304349 0.00168563846063 0.0071852142234 0.0124577422084 0.0160723132357 0.0167105216829 0.00371169994444 0.00404830391203 0.00682508238402 -0.0141100633628 0.0166689682447 0.0113658493964 0.00465926501271 0.00211959797518 0.0113764256942 0.0118661947897 0.0192167893984 0.0145282802249 0.00309975047664 
0.0262988725743 0.00990866657616 0.0415251481731 -0.00630740825183 0.0105652774664 0.0298994849718 0.0223214778067 0.0106794864021 0.0268042159257 0.0359849859021 0.0292438324945 0.037598927843 0.0238292730752 0.0135291928737 0.0103023223679 0.0425845790681 0.0214160056226 0.0396576579962 0.0212395771072 0.00878465131437 0.0112547831832 0.0654422540468 0.0289665464633 0.373987881406 0.00793110519787 -0.0011255091841 0.00143292226759 0.0200710517967 -0.00342884735194 -0.00226377859974 0.0591101795705 0.0124668507221 0.000260022107396 0.0161508707131 0.0169629109612 0.0313892633882 0.0151817689029 0.00133026765717 0.0128415236028 -0.0253037065682 0.0120045819488 0.00347004569461 -0.00033864789271 0.00491535214683 -0.0110399567822 -0.0163200567879 0.0190963104781 0.0143517452773 0.0181483171182 0.000731914182598 
0.0271099834063 0.0259597909971 -0.0125523609808 0.017054202597 0.0346713197389 0.0111315892684 0.0239191109875 0.00545788718641 0.0188443003163 0.0149290945389 0.0132569966615 0.03636982122 0.011236210515 0.0181243545869 0.0205752123091 0.0219534068078 0.00890737034916 0.00805144442582 0.0145483160266 0.0203349105643 0.0035565172913 0.015366611567 -0.0065983276485 0.00793110519787 0.163176554618 0.036724572871 -0.000187193056983 -0.00313232632933 -0.000763546632823 0.0123390285736 0.0192731741266 0.0164580300738 0.000923179178517 0.00308213491147 0.0179436896303 0.00745371211395 0.0457369393704 -0.00346524426663 0.020977668302 0.00750667752057 0.0224293626117 0.0202496028267 0.0125651678024 0.00271201384948 0.00290240558927 -0.00848857031123 0.00962660726452 -0.0166716414285 0.00437424285574 -0.00899778440365 
0.0113141941055 0.00727661562903 -0.00143075617267 0.00812311420877 0.0134254253328 0.0140989614793 0.0161155557009 0.018411044984 0.0148049664713 0.00013402549987 0.0165140378295 0.0206120395189 0.0303654918866 0.0302702243871 0.0087028498249 0.00276308190749 0.0232460358325 0.0105401105127 -0.00464262383339 -0.00503249658247 0.012131904635 0.0157917095971 0.000362218879337 -0.0011255091841 0.036724572871 0.178900833712 0.0049234307257 0.00771627633639 0.0118769519957 0.0157784630843 0.0214120996914 -0.00192662511987 0.00804680609722 0.0130289605924 0.0202481256608 0.000227342911407 0.0227716194346 0.0137628119719 0.0237707544207 0.0153158960983 0.0194712170732 0.0393638453856 0.0276219193384 0.0112116763298 0.0165549906335 -0.00640732090261 0.0180165042587 -0.0167663920464 0.00226781820209 -0.0165041024772 
0.00396919228934 0.0170501106416 -0.00646167141477 -0.00496299642747 0.00749084341508 0.0139196621322 0.00485376486943 0.0144941039763 0.0140046465758 0.00380093860306 0.0116234528365 -0.00783037555262 0.0166049339429 0.0128147605451 0.005563932586 0.0187602869244 -0.00272208115958 0.0327505446395 0.0163092102899 -0.00821946660945 -0.00771916111228 0.00970432097998 0.0294155964164 0.00143292226759 -0.000187193056982 0.0049234307257 0.161803660127 0.00114474482177 0.00762269773118 0.0100886162386 -0.017192189969 0.0178570512959 0.0478795119383 0.00924133553508 0.00386058939079 0.0187346852329 0.00821307077772 0.00224385926397 -0.00186718509112 0.00537920516256 -0.00450139783478 0.0457770968516 0.00331629196239 0.0219176688873 0.0295490776416 0.00512605436857 0.00557951253217 0.0109182509076 0.0123897590992 -0.00562567766236 
0.00418330416613 -0.0071098432158 -0.0106424520567 0.0200237145098 0.00832300281255 0.0133495822416 0.0175258706738 -0.00590321183515 0.0116174977394 0.0206168101399 0.0085148935161 0.0253100052178 0.0105623211503 0.000205886389892 0.0252966999503 -0.00481170130007 0.00623853352541 0.00716139848817 0.0208095629487 0.0155874705917 0.0138085857119 -0.00359484848404 0.0122321855635 0.0200710517967 -0.00313232632933 0.00771627633639 0.00114474482177 0.3173394978 0.0334628911257 0.00673995163696 0.0237323836596 0.0828907612922 0.00988947519515 0.00515929427431 -0.00737337742199 -0.00286283350704 -0.0029057118254 0.0112753878714 0.00689338418499 -0.00277645453311 0.0207871066027 0.0390408016398 0.0267639831579 -0.00329550527152 0.025619377057 0.0866181106236 0.00687685466137 0.000638937803225 0.0161250957121 0.0318041518084 
0.00297563602384 -0.0217502322378 -0.0264548838464 -0.0185523393437 0.00897796969273 0.0194709894161 0.00433177227906 -0.00635402107765 0.015435755213 0.0357821699275 0.0305962503433 -0.0123301154402 -0.0162363041707 -0.00826707463731 0.00796123413321 -0.00268441682878 -0.00347725317108 0.0442247765915 0.0152721649951 0.0120799526818 0.0193233970026 0.0395757582771 -0.00315202708978 -0.00342884735194 -0.000763546632823 0.0118769519957 0.00762269773118 0.0334628911257 0.444617770318 0.000231453353844 0.0190738540493 0.0136841551388 0.0179338706735 0.00393796129338 0.0314395248022 0.00872965928309 0.00996086812136 0.019085796489 0.00935066077887 -0.0318589417424 0.0303467466451 0.0515007981235 0.0229810966686 -0.00205650260115 0.0128724289258 0.0184923257213 0.0821453391836 0.00144897930621 -0.00200867282477 0.00108568260224 
-0.00947374154028 -0.00246527128621 0.00416548231185 0.00864746098878 0.0183483385999 0.00354834703167 0.00494319598295 0.00909069906179 0.0119431021013 0.0106009634903 0.00767024885965 0.00989057457923 0.0131670487414 0.00376783496067 0.0110545262921 0.0255553559069 0.00397466985242 0.0153713660981 0.00908689013992 0.00468922133823 0.0142671567019 0.0285021265844 -0.0152051043348 -0.00226377859974 0.0123390285736 0.0157784630843 0.0100886162386 0.00673995163696 0.000231453353844 0.140686262058 0.00535437611162 -0.00428221447722 0.0264450641501 0.024864199124 0.000332852262869 0.0181191175186 0.0100967006169 0.0215183988009 0.018919053656 -0.00235335437979 0.0129404575568 0.0220100307292 -0.00418488123043 0.021137915039 0.0159230923006 -0.00257895285018 0.00564839371883 0.00896646899795 0.0171605163741 -0.000324916097505 
0.0201665270762 -0.00176405690964 -0.0129767598425 0.0251570594196 0.0116891517152 0.0224049683622 0.00982550559561 0.0260583212393 0.0362027469083 0.0445149450693 0.0362351897075 0.00082416102612 -0.00701976694458 0.0278952223545 0.0144639709362 0.0151178447084 0.0442959888813 0.0500739998564 0.00894077117197 0.0130790234015 0.0383172829014 0.069468290662 -0.0131108683453 0.0591101795705 0.0192731741266 0.0214120996914 -0.017192189969 0.0237323836596 0.0190738540493 0.00535437611162 0.443944338961 0.016906038364 0.0186390396666 0.0288042539987 0.0453539641615 0.0254333144639 0.0139642127486 0.00730134678815 0.0144139457833 0.0390727820115 0.0473356117777 0.0510127274284 0.00492621813247 0.00213192521039 0.0644791547001 0.0218972402831 0.024921468459 0.019681615511 0.0387157804388 0.0191971192881 
0.00475650980799 0.020939572483 -0.0261337569906 0.0206640057775 0.0133092325459 -0.00402094831701 0.0207065270329 0.014296209503 0.015166601896 0.00899025038528 0.0257142955616 0.00908158453596 -0.000276294220585 -0.00431540259557 0.0196608333191 0.0237295872759 0.01543789356 0.0136366830464 0.0170434357716 0.0117771564412 0.00304786741268 -0.0110679159912 0.0205742304349 0.0124668507221 0.0164580300738 -0.00192662511987 0.0178570512959 0.0828907612922 0.0136841551388 -0.00428221447722 0.016906038364 0.248292638692 -0.000382367345947 0.0375510370865 0.0194259612624 -0.00111155823592 0.0195013223482 -0.00951230861625 0.0243889226189 0.00904492369631 0.0273161418033 0.0148911346961 -1.54452889052e-05 -0.0070170753361 -0.00355927543722 -0.0025815606813 0.0203015313313 0.00684327819364 0.00871756703815 0.0169624198009 
0.00359057778223 0.00545395534494 -0.0372805825186 0.00565748657962 0.0194696287018 -0.00213079711922 -0.00532598224671 0.0115854728551 0.0104002702611 0.00235843169707 0.0130030701389 0.0139345779825 0.0077656256376 0.00368268579751 0.0136391290158 0.0315545428437 -0.0016057146364 0.0601918713878 0.0204500642564 0.0015538199485 0.0065577163004 0.0448091834832 0.00168563846063 0.000260022107396 0.000923179178517 0.00804680609722 0.0478795119383 0.00988947519515 0.0179338706735 0.0264450641501 0.0186390396666 -0.000382367345948 0.523336900227 0.00958306739701 0.0280577373825 0.0057170219332 0.0214203406404 0.0197109300361 0.0364594619798 0.0296046009887 -0.015702451091 0.0568231505589 0.0158596335942 0.011406230733 0.0187562244356 0.0600949598965 -0.00768167686741 0.0254527485805 0.0513985093448 -0.016180203587 
0.0158177447852 0.0149584267127 0.0081052719262 -0.0124093197665 0.0172115367912 9.50592059305e-05 0.00953763364678 0.0342941082052 0.0176279733473 0.0369861378678 0.0137285137812 0.0382891835545 0.0359915832086 0.0240336754458 0.0267577725207 0.0781009715046 0.00531590074758 0.0239174487789 0.0246528087782 0.00717449726387 0.0304311757605 0.0198123812604 0.0071852142234 0.0161508707131 0.00308213491147 0.0130289605924 0.00924133553508 0.00515929427431 0.00393796129338 0.024864199124 0.0288042539987 0.0375510370865 0.00958306739701 0.47310846234 0.0180355763276 0.00904037396607 0.010290631393 0.00522511422332 0.0460014157009 0.0178578419564 0.0211260491372 0.00723264368143 -0.00066448214726 0.0194449295343 0.0247358239509 0.0353842879351 0.00897071365429 0.0148079515995 0.00528120430284 -0.00416523611048 
0.0350880620085 0.00291491495334 -0.028314575446 -0.000284789329425 0.0049309097233 -0.00947280972264 0.00978775082111 0.0199774428973 0.0203107372564 0.0360258564766 0.0389185670929 0.0184863653021 0.00497410870388 -0.00409529551678 0.0077233636198 0.0255512091736 0.0177643125888 0.0137340712221 0.0341807564175 0.0295042087576 0.0259736383264 0.0328855684958 0.0124577422084 0.0169629109612 0.0179436896303 0.0202481256608 0.00386058939079 -0.00737337742199 0.0314395248022 0.000332852262869 0.0453539641615 0.0194259612624 0.0280577373825 0.0180355763276 0.268551821465 0.0159192095559 0.0173159698665 0.00765404192566 0.0129322257698 -0.0106195495398 0.049789744952 0.0575075510389 0.00311205691856 0.016278815723 0.0403411571046 -0.0122392625461 0.0446131615197 -0.00200777457103 -0.000230153446938 0.0331342885788 
0.0107032087398 0.00818557191979 -0.0122835578219 0.0039329674326 0.00886342490342 0.0184828759149 0.0108498284073 0.00975084565546 0.0307764048984 0.0357030470498 0.0241526991962 0.0234973123406 0.0183603779496 0.00978722160771 0.0219256557929 0.0129655954022 0.0201268335437 0.00608064484465 0.0189956679414 -0.0147689725044 0.0168618838161 0.018292595947 0.0160723132357 0.0313892633882 0.00745371211395 0.000227342911406 0.0187346852329 -0.00286283350704 0.00872965928309 0.0181191175186 0.0254333144639 -0.00111155823592 0.0057170219332 0.00904037396607 0.0159192095559 0.137615464161 0.0188353950141 0.0147628317794 0.0113021261888 0.0115819438148 0.0218408813451 0.0337022679087 0.0169558646481 0.0180182334561 0.00975305567993 0.0131242708749 0.0370714814899 0.0100586704664 0.0147111638187 -0.000429524236462 
0.0131483166622 -0.0137323209538 -0.0139042837027 0.0139113522524 0.0172871642786 0.00577489605742 0.0193758835401 0.0155805547021 0.0255940956554 0.016810341643 0.0145925517249 0.016458577079 0.00735204683285 0.0145720004024 -0.00100392285347 0.0445281400177 0.0111136882868 0.0185990802745 0.00422396057382 -0.00791213531412 0.000435260838434 -0.0208042596701 0.0167105216829 0.0151817689029 0.0457369393704 0.0227716194346 0.00821307077772 -0.0029057118254 0.00996086812136 0.0100967006169 0.0139642127486 0.0195013223482 0.0214203406404 0.010290631393 0.0173159698665 0.0188353950141 0.26215789265 0.00492131734344 0.0270297790723 0.00801215294725 0.0261806397831 0.00241033260093 0.0429987992076 0.0336976169054 -0.015187551509 -0.0142319388 0.0129528644765 -0.00252295487243 0.0193630305302 -0.00518893589336 
0.0134473440303 -0.0112554512618 0.00457999535278 0.0400485723335 0.0118039349845 -0.00900094111008 0.0114244464353 -0.010167153484 0.0193352644554 0.00563152228375 0.019878811988 0.00809755094497 -0.00396342748864 0.01307627388 0.0137085289916 0.0101694232049 -0.00539657884024 0.0181437194756 -0.000221331028659 -0.0102978347469 -0.00846723325139 -0.000876054575826 0.00371169994444 0.00133026765717 -0.00346524426663 0.0137628119719 0.00224385926397 0.0112753878714 0.019085796489 0.0215183988009 0.00730134678815 -0.00951230861625 0.0197109300361 0.00522511422332 0.00765404192566 0.0147628317794 0.00492131734344 0.180761494373 -0.00198159932157 0.00995493726506 -0.000360301761416 0.0284006682476 -0.00859874431279 0.0215381647858 0.0250625623507 -0.0126952412969 -0.00621384560197 -0.0012509671151 -0.00901534272074 0.00476052639805 
0.01731926252 0.00746182733045 -0.00380605666802 0.0121983891828 0.0312386181387 0.0479494004056 0.0193782328359 0.0153060910287 0.0199145356744 0.0269195510188 0.0192260935319 0.03302120743 0.0194704579351 0.0306847441478 0.0129527973559 0.0294205080335 0.00438615653943 0.0285673487903 0.0278525070987 0.0207580645682 0.0335006889448 0.0259794031796 0.00404830391203 0.0128415236028 0.020977668302 0.0237707544207 -0.00186718509112 0.00689338418499 0.00935066077887 0.018919053656 0.0144139457833 0.0243889226189 0.0364594619798 0.0460014157009 0.0129322257698 0.0113021261888 0.0270297790723 -0.00198159932157 0.1759093847 0.0205900199961 0.00514414655407 0.0127746139444 0.00686724405177 0.0166361862628 0.0100992430454 -0.00102587064478 0.0123802757269 0.022577873772 -0.00082300636975 0.0149835846815 
0.00907680506271 0.010009483662 -0.00199745511902 0.0115133181286 0.0163174597646 0.0238696655089 0.0219184947301 0.00614821524461 0.0221500773986 0.0289503944193 0.0294314570436 0.0444660507072 0.0441761093724 -0.00313700317914 0.0137335216331 -0.00245058897493 -0.0171844745995 0.0171710266012 0.00496695032307 0.00267179289646 -0.0140272869678 0.0619391985538 0.00682508238402 -0.0253037065682 0.00750667752056 0.0153158960983 0.00537920516256 -0.00277645453311 -0.0318589417424 -0.00235335437979 0.0390727820115 0.00904492369631 0.0296046009887 0.0178578419564 -0.0106195495398 0.0115819438148 0.00801215294725 0.00995493726506 0.0205900199961 0.370926007513 0.0199616405163 0.011698003531 -0.0012563981024 -0.00817994549994 0.00508401140197 -0.0171002723183 0.0140718751796 -0.000316649891006 0.00265230267339 0.00453842836181 
0.0368467848891 0.00891101298535 -0.00777611940503 0.0159180934847 0.0105044089052 0.0133339016635 0.0122141670943 0.00449115542979 0.0163508212587 0.0372033287017 0.0373031492826 0.0732003550881 0.000326211609359 0.004697202882 0.026460350414 0.00478259822595 -0.00991650061901 0.0383465350723 0.0349345495744 0.0360792836296 0.0365472039204 0.00860039438321 -0.0141100633628 0.0120045819488 0.0224293626117 0.0194712170732 -0.00450139783478 0.0207871066027 0.0303467466451 0.0129404575568 0.0473356117777 0.0273161418033 -0.015702451091 0.0211260491372 0.049789744952 0.0218408813451 0.0261806397831 -0.000360301761415 0.00514414655407 0.0199616405163 0.308033064949 0.0175866049541 0.0178604690539 0.023411824666 0.00649143314219 0.0155369256394 0.0346510274925 0.00762693044904 0.0383692895884 0.0318739571139 
-0.00294913116221 0.0368882995378 0.0145362718724 0.0186678473234 0.019089395856 0.00325445842381 0.0315459107396 0.0257832222581 0.0482075018826 0.0305719224131 0.0824274554212 0.0159825693616 0.0357843304134 0.017428809276 0.0176891293698 0.000165499586147 0.0195897279535 0.0317727393789 -0.00279885459023 0.00564086725447 0.00408554996387 0.0374911882889 0.0166689682447 0.00347004569461 0.0202496028267 0.0393638453856 0.0457770968516 0.0390408016398 0.0515007981235 0.0220100307292 0.0510127274284 0.0148911346961 0.0568231505589 0.00723264368143 0.0575075510389 0.0337022679087 0.00241033260093 0.0284006682476 0.0127746139444 0.011698003531 0.0175866049541 0.432498553373 0.0281566817605 0.00490697467003 0.0633034738667 0.0224888211226 0.0164814410196 -0.0033404450981 0.00912446946917 -0.000943823218318 
0.00592930367884 0.0217856798311 -0.0159673080844 -0.0167541780374 0.00894915807833 0.0340525349371 0.0190368240134 0.0344596144537 0.0339231302052 0.0114378307967 0.0210778595607 0.0335852504345 -0.00407295657081 0.0126363394259 0.00154481914076 0.0109489969538 0.0346248866736 0.0127622821411 0.0143638619315 0.0339275543111 -0.0179938921706 0.0356007227716 0.0113658493964 -0.00033864789271 0.0125651678024 0.0276219193384 0.00331629196239 0.0267639831579 0.0229810966686 -0.00418488123043 0.00492621813247 -1.54452889051e-05 0.0158596335942 -0.00066448214726 0.00311205691856 0.0169558646481 0.0429987992076 -0.00859874431279 0.00686724405177 -0.0012563981024 0.0178604690539 0.0281566817605 1.29977728152 0.00933060037423 -0.0123270375578 0.0488999078618 0.0109582701217 0.00199361994177 0.0144944394053 0.0130495372197 
0.0120011081694 0.01310862741 0.00417773382474 0.0199554287092 0.0181529443103 0.024510074624 0.0213920328622 0.0372036643831 0.0109253401816 0.00772878567868 0.011697624242 0.0189730972724 0.00759126942176 0.0187113228324 0.0114837763699 0.0268813844638 0.0046934771462 0.021939004582 0.0256625015558 0.00461137248966 -0.00231194335867 0.0119112684805 0.00465926501271 0.00491535214683 0.00271201384947 0.0112116763298 0.0219176688873 -0.00329550527152 -0.00205650260115 0.021137915039 0.00213192521039 -0.0070170753361 0.011406230733 0.0194449295343 0.016278815723 0.0180182334561 0.0336976169054 0.0215381647858 0.0166361862628 -0.00817994549994 0.023411824666 0.00490697467003 0.00933060037423 0.157439424973 0.016699793267 -0.00277678597232 0.0112672701313 0.00637854090335 0.0134040801904 0.00568189874249 
-0.0100256353642 -0.013491473129 -0.00101345604209 0.0175027122875 0.00475754621879 0.0178711619004 0.00491809411084 -0.00478603653429 0.0143607827627 0.0146222696394 0.035894757286 0.016323668842 0.0243309690571 -0.00310144679009 -0.0123557888722 0.0488510201804 0.0109548794169 0.0176278727493 0.000439651436531 0.0645286331104 0.035360884664 0.0368711608972 0.00211959797518 -0.0110399567822 0.00290240558927 0.0165549906335 0.0295490776416 0.025619377057 0.0128724289258 0.0159230923006 0.0644791547001 -0.00355927543722 0.0187562244356 0.0247358239509 0.0403411571046 0.00975305567993 -0.015187551509 0.0250625623507 0.0100992430454 0.00508401140197 0.00649143314218 0.0633034738667 -0.0123270375578 0.016699793267 0.315370267562 -0.00942493818726 -0.00726076204912 0.0192397471132 0.0177130164492 0.00756993119883 
0.0346874853046 0.0118370010523 0.00353382009323 -0.0274921048718 -0.00332116044452 0.0179816178553 -0.00179883990158 -0.0022097699441 0.018775044743 0.0420110009126 -0.00355670755649 -0.00764889914971 0.0137815205215 0.0397420476183 0.00632387126595 0.02072134764 -0.0227812332407 -0.00669210177973 -0.0157472998719 0.00736336372202 0.00153750983982 -0.00953665216746 0.0113764256942 -0.0163200567879 -0.00848857031123 -0.00640732090261 0.00512605436857 0.0866181106236 0.0184923257213 -0.00257895285018 0.0218972402831 -0.0025815606813 0.0600949598965 0.0353842879351 -0.0122392625461 0.0131242708749 -0.0142319388 -0.0126952412969 -0.00102587064477 -0.0171002723183 0.0155369256394 0.0224888211226 0.0488999078618 -0.00277678597232 -0.00942493818726 0.868432559043 -0.0118048493688 0.0144241751362 -0.002769728027 0.0569581855594 
0.0171725047249 0.00745668637751 -0.0165758796777 0.0148265495313 0.0061698815605 -0.00203846198116 0.00499521748929 0.0116572438698 0.0183035313276 0.0510861161594 0.0315622952591 -0.00874832879768 0.0137552763093 -0.00478693463471 0.013176481024 -0.00793614998965 0.0118619178715 0.0110366515204 -0.000354227303582 -0.00279579640527 0.0112790944411 0.016023758581 0.0118661947897 0.0190963104781 0.00962660726452 0.0180165042587 0.00557951253217 0.00687685466137 0.0821453391836 0.00564839371883 0.024921468459 0.0203015313313 -0.00768167686741 0.00897071365429 0.0446131615197 0.0370714814899 0.0129528644765 -0.00621384560197 0.0123802757269 0.0140718751796 0.0346510274925 0.0164814410196 0.0109582701217 0.0112672701313 -0.00726076204912 -0.0118048493688 0.266309223827 0.029130837584 0.022940761052 0.00346500956868 
