40
0.0566389432936 0.00859756350963 0.0301615681032 0.106465020668 -0.00662659235152 0.0268374832388 0.148588071013 0.104921073146 0.0759168136047 0.0347685991573 0.100220943784 0.0594362545722 0.114977551813 -0.00139328324831 0.0771685990004 0.0445346556631 0.0791171504464 0.18030920859 0.00413185853021 0.0307338128464 0.0449819155318 0.0422457423554 0.0339335468557 0.165506763093 0.0291549562933 0.10643743266 0.0170913584406 0.0773544805674 0.0737969483193 0.201887649263 0.0499403633474 0.0807794462486 0.0571643700905 0.0615160923796 0.0566217234647 0.0766259396051 0.0088766616328 0.13190386478 0.110955558587 0.0413413845105 
0.204979410461 0.0133972994234 0.0133671799678 0.00304084186631 0.00227635142298 0.00939207388873 0.00489062148895 0.00346385853013 -0.00080668106836 -0.00579145144356 0.0212625740707 -0.00101173078101 0.0361159658435 0.00778147681802 0.00122019200903 -0.0204697919694 -0.012377860772 -0.00538845156635 0.00914302969365 0.00411999939934 0.00418357465861 0.0195580693386 0.00814365563167 0.0110924685173 0.00482416176437 0.0115392094618 -0.00503408986921 0.0154581049261 0.0204477390537 -0.0148552788876 0.0100667600628 0.00466563690298 -0.00175298090302 0.0197433424867 0.00580547329787 0.0012351650792 0.0134551915955 0.00460714367802 0.027591609839 0.0119481757327 
0.0133972994234 0.223227430982 0.0119300209881 0.00875290220296 0.00924174062416 0.0149007256568 0.0125129814945 0.0100005033344 0.013146178826 -0.0109780285424 -0.0137708075066 0.0147374608946 0.0308587341296 -0.00157067820217 0.0243231579761 -0.0187499564336 0.0221943210005 0.017786057898 0.015989461417 0.00979371564242 0.00352608178454 0.0275546586307 -0.00140253924337 0.0372752728799 -0.0013710800848 -0.0175054387133 0.0105404241736 0.0350978407161 0.0123192448975 0.0229558553244 0.0225941848381 0.0241850625017 0.0355378252159 0.0234741139815 0.0223038645249 0.00812082072408 0.0309258474696 -0.00470706355468 0.010465974138 0.0105120887942 
0.0133671799678 0.0119300209881 0.191518328693 0.033279020593 0.0180161851754 0.0216955230011 0.039529086767 0.0125835630099 0.0206405515622 0.00962567431588 0.0253081476398 0.010928614239 0.040595335648 0.00188180386814 0.0610117985373 0.0358280130973 0.0328590785229 -0.0348781677517 0.0108365551366 0.0180998641214 0.0355126166968 0.0173880766361 0.0286866261192 0.0323152504871 0.00262510150861 0.0241001474379 0.0438172908025 0.0367455829918 0.0180582411365 0.0127908838376 0.0372857011718 -0.0188061990519 0.0136720961298 0.0206921752445 0.0569748361383 0.0119483873319 0.00348950011513 -0.00931879358492 0.0541526524263 0.0310349637833 
0.00304084186631 0.00875290220296 0.033279020593 0.258426426146 0.0172611738323 0.00440777552026 0.0074408672003 0.0358620724726 0.00231647532406 0.0190463988959 0.0171890812423 0.0284454593568 0.0349907444102 0.000149683734832 0.0266792137894 0.00185204881011 0.0330144159998 0.0348910201876 0.0200205720714 0.0123341019009 0.0200182392661 0.0146264450609 0.0255248033001 0.00740713359792 0.00203039683905 0.010985774085 0.0318759930486 0.0237720534697 0.00554742472146 0.0194917272715 0.0277966489059 0.0102653697941 0.0270253841411 0.0348271541054 0.0167208036013 0.0334450628176 0.0158230755419 -0.0229269742211 0.0429656421016 0.0240729030348 
0.00227635142298 0.00924174062416 0.0180161851754 0.0172611738323 0.159698617823 0.00463643284361 0.0136876624232 0.0141009025274 0.0216810393515 0.0318270355482 0.0172303300652 0.0193224605394 0.0130574655489 0.0160555915801 0.0324142622707 0.00736973864379 -0.00692165015813 0.0478430034051 0.0441702169868 0.0191393833794 0.0202084877659 0.00212694442984 0.0105632455354 0.0193768205641 0.0270354619689 0.0352166917892 0.00738692310874 0.0166270126451 0.00595801374121 0.000283531367892 0.0556018603857 0.0245286642907 0.0276071508825 0.0133084896727 0.0215448832527 0.0110427018125 0.0235097850279 -0.0120073530811 0.00125859787884 -0.00103143606186 
0.00939207388873 0.0149007256568 0.0216955230011 0.00440777552026 0.00463643284361 0.159115909397 0.00161087729365 0.0224817528465 0.0123220907264 -0.00128333104626 0.0167442855553 0.0160057451787 0.0153942447882 0.0163492770074 0.00364970545122 0.00675750917105 0.00221895579754 0.000441686899655 -0.00384331050772 0.0164098290001 0.0255067691102 0.0107524958968 0.0148274010837 0.0177557687881 0.0134265940521 -0.000123271486026 0.0134455759509 0.0318329723512 0.00728711951822 0.00597784938638 -0.00168820376324 0.0175744011078 0.00872895813643 0.0106495853107 0.0189908046928 0.010321351824 0.0230507690104 -0.0171410064272 0.00190776418993 0.010716832514 
0.00489062148895 0.0125129814945 0.039529086767 0.0074408672003 0.0136876624232 0.00161087729365 0.471283661548 0.0518971977374 0.000790509688981 -0.00963646329162 0.0226746434561 0.0178255976345 0.0102999091176 0.0335752972701 0.0260365569261 0.0170648123901 0.0238538672295 0.0385396899857 0.0211950150849 0.0111832606426 0.0321796085754 0.011992149815 0.0459302909629 -0.00386289909587 0.0010096223947 -0.00988038162356 0.0375450371243 0.0427462304092 0.0167123424143 0.0105338467101 0.0081839241217 0.00523132827461 0.0326026079217 0.0418617307944 0.0238435206671 0.0332651617191 -0.0015549406828 0.00613403624801 0.0743481766023 0.0243012113495 
0.00346385853013 0.0100005033344 0.0125835630099 0.0358620724726 0.0141009025274 0.0224817528465 0.0518971977374 0.251536722642 0.0101567824989 0.0176013313928 0.0028843602318 0.019262372767 0.00183312659763 0.00759932200849 0.0460475242578 0.00448401437857 -0.00338976257918 0.0173993709277 0.0280981168403 0.00588392641402 0.0213858785108 0.0141786245288 0.0301339186567 0.0203289260732 0.0166755578371 0.0382810721207 0.035877957733 0.0254638345218 0.0422831110755 -0.00645693607427 0.0327874488452 0.0110261192613 0.0591884015482 0.0821889536662 0.0298257151661 0.0333723175727 0.0231711242288 -0.000149768936283 0.0238738725316 0.0187221126025 
-0.00080668106836 0.013146178826 0.0206405515622 0.00231647532406 0.0216810393515 0.0123220907264 0.000790509688981 0.0101567824989 0.337638007007 0.000792125625167 0.0151779424014 0.0112198707338 -0.0142548390404 0.0164900896798 0.0263329624693 0.00291906368133 0.077039682719 0.0260498134121 0.00165252921851 0.00998470864877 0.030153148603 0.001364090272 0.0170002125665 0.049549812308 0.00905586211644 -0.00969790677903 0.0189767724395 0.0176250108978 0.00016953628204 0.0321649685297 0.00454846214681 -0.00165307665789 0.000806743640239 0.00277679171702 0.0328511461204 0.0269668862772 0.0089909308869 0.00131832486374 0.0261557575283 0.0125713483396 
-0.00579145144356 -0.0109780285424 0.00962567431588 0.0190463988959 0.0318270355482 -0.00128333104626 -0.00963646329162 0.0176013313928 0.000792125625167 0.253282244321 0.00699308149278 0.0264364984224 -0.00554512294318 0.0131509814011 0.0190977179897 0.0627878423669 -0.0120098415657 0.012002174121 0.0386322249544 0.000585038043168 0.0140512573325 0.00146955253157 0.0264755750566 0.00809738240181 0.00743070905822 0.0879397559922 0.00706573800738 0.0050390348649 -0.00419827389642 -0.00122238488225 0.0417510332322 0.0310407067452 0.0123764597214 0.00423352909987 0.0193875810198 0.0152782466923 0.037866264755 -0.0349800547224 -0.00375747849938 0.0299811683593 
0.0212625740707 -0.0137708075066 0.0253081476398 0.0171890812423 0.0172303300652 0.0167442855553 0.0226746434561 0.0028843602318 0.0151779424014 0.00699308149278 1.10153840572 0.0366158792636 0.0280263998096 0.0214306040727 0.0320379392582 0.00663876044407 -0.0337938843536 -0.012121840786 -0.00518232671266 0.0535903612787 -0.0224595615469 0.000444500510151 0.00756814060876 0.170259033306 -0.0208526274787 0.0313354984199 0.0058050571026 0.0223498598705 -0.00202033774498 0.0287417419719 0.00877811494522 0.0124276766204 -0.0112086959333 -0.0131846113546 0.0466779233451 0.000738901760321 0.0200380839268 -0.0216671755077 0.0421935730133 0.0126131906797 
-0.00101173078101 0.0147374608946 0.010928614239 0.0284454593568 0.0193224605394 0.0160057451787 0.0178255976345 0.019262372767 0.0112198707338 0.0264364984224 0.0366158792636 0.284605976116 0.0242699376221 0.0206457061958 0.032559618976 0.0137542996461 0.00644109312925 0.00572832948967 0.0314756806669 0.0138337233413 0.0118618802006 -0.00935081930777 0.0233199234775 0.0135899808158 0.0239430195078 0.0286885842661 0.0477324639022 0.0283461131029 0.0171928973399 0.0239356890451 0.0399933111302 0.0260078828753 0.0195333096196 0.0143474461847 0.0262655486341 0.0202964918498 0.0154577619578 0.0235561387064 0.0237326248498 0.0146463666882 
0.0361159658435 0.0308587341296 0.040595335648 0.0349907444102 0.0130574655489 0.0153942447882 0.0102999091176 0.00183312659763 -0.0142548390404 -0.00554512294318 0.0280263998096 0.0242699376221 0.610873175121 0.00516332892832 0.0340981176267 -0.0041582915093 0.0160275694941 0.026643425033 0.0240416000903 0.0100189707668 -0.0111725724094 0.0134652058512 0.00308465301727 0.038891098019 0.00517969861249 -0.00589488367723 0.0177140060595 0.00692355137003 0.0266912445231 0.00399411818299 0.0270851160814 0.00465299837672 -0.00149954635657 0.0123641198643 0.0312658718481 0.027493438043 0.00897587770933 -0.0199616427465 0.00877232554442 0.00130402358667 
0.00778147681802 -0.00157067820217 0.00188180386814 0.000149683734832 0.0160555915801 0.0163492770074 0.0335752972701 0.00759932200849 0.0164900896798 0.0131509814011 0.0214306040727 0.0206457061958 0.00516332892832 0.361811906171 -0.00213643853916 0.0189301286153 0.0121380255725 0.0204337768509 0.00320659439677 0.0215729972038 0.00645875884967 -0.000432989057832 0.0288631777054 0.0289295756387 0.000551076428714 0.027352936666 0.00419634244793 0.0284518851815 0.0328227752805 0.0240366047818 0.0363381983516 0.00186535183754 0.00983678524905 0.0190641102388 -0.00534972796026 0.034696382849 0.0114347741274 -0.0177801750655 0.0230694190975 0.0244209711191 
0.00122019200903 0.0243231579761 0.0610117985373 0.0266792137894 0.0324142622706 0.00364970545122 0.0260365569261 0.0460475242578 0.0263329624693 0.0190977179897 0.0320379392582 0.032559618976 0.0340981176267 -0.00213643853916 0.19176261341 0.018754860049 0.033712890262 0.00485544634475 0.0438704267777 0.0195277354163 0.0341514989213 0.0191713617548 0.0303309003754 0.023304183583 0.00567576948075 0.0424484877398 0.0407108732427 0.0400878767474 0.0138444492838 0.0180174871669 0.0381795167001 0.00281421193324 0.0109097307289 0.0233864031415 0.077617098232 0.00908343823619 0.0172640071242 -0.00176842856223 0.0320927227444 0.0247730081166 
-0.0204697919694 -0.0187499564336 0.0358280130973 0.00185204881011 0.00736973864379 0.00675750917105 0.0170648123901 0.00448401437857 0.00291906368133 0.0627878423669 0.00663876044407 0.0137542996461 -0.0041582915093 0.0189301286153 0.018754860049 0.613895712189 0.0468097470202 0.00442368929159 0.0309776311362 -0.005450002353 0.0333466658492 -0.0157646052612 0.00240797287932 0.0121147388464 0.0260749253206 0.095749128745 0.0441358911029 0.00394601782205 0.0251422929781 0.0128700655776 0.0246968676467 0.016841378858 0.0343556854361 0.0152445193023 0.048197672087 0.0296563162865 0.0151744879276 -0.0174423871341 0.0128446399392 0.00893068216956 
-0.012377860772 0.0221943210005 0.0328590785229 0.0330144159998 -0.00692165015813 0.00221895579754 0.0238538672295 -0.00338976257918 0.077039682719 -0.0120098415657 -0.0337938843536 0.00644109312925 0.0160275694941 0.0121380255725 0.033712890262 0.0468097470202 0.373989286473 0.0211225656467 0.0137994448255 -0.0132887284109 0.0217553362154 0.0118010793984 0.0245182689553 0.0232190723435 0.0104258530167 0.0382236785663 0.0254149529109 -0.000843031885384 0.00911278088417 0.0415132568575 0.0146778442516 -0.00686221162895 0.00477126041639 0.00523051478774 0.0308870261872 0.0287324016145 0.0354603979032 -0.00536073606156 0.0280565709776 0.0162802914588 
-0.00538845156635 0.017786057898 -0.0348781677517 0.0348910201876 0.0478430034051 0.000441686899655 0.0385396899857 0.0173993709277 0.0260498134121 0.012002174121 -0.012121840786 0.00572832948967 0.026643425033 0.0204337768509 0.00485544634475 0.00442368929159 0.0211225656467 0.979283155049 0.0290177917361 0.0332429111744 0.00506320569471 0.0172776234867 -0.00365946664775 0.0196847655444 0.00264758665814 0.0290457255352 0.0264500169312 0.0190540825593 0.00324862665476 -0.010738160934 0.0304909549458 0.0110414870924 0.0154855651437 0.0330333336213 0.0228504970784 0.0239171294431 0.0282007239733 -0.0110942091731 -0.0033815136629 0.00233730578317 
0.00914302969365 0.015989461417 0.0108365551366 0.0200205720714 0.0441702169868 -0.00384331050772 0.0211950150849 0.0280981168403 0.00165252921851 0.0386322249544 -0.00518232671266 0.0314756806669 0.0240416000903 0.00320659439677 0.0438704267777 0.0309776311362 0.0137994448255 0.0290177917361 0.181091120802 0.0229336633999 0.00587394217379 0.021400644784 -0.00048612916532 0.0161189537218 -0.000801603267011 0.0284871640527 0.00666209876234 -0.00032137108771 0.00458848235946 0.00976222051997 0.0541109244252 -0.0099347477405 0.033619975826 0.00863683994802 0.0242908865184 0.000767784882772 0.0387389624367 -0.00367267151742 0.00619270772771 0.00679948424353 
0.00411999939934 0.00979371564242 0.0180998641214 0.0123341019009 0.0191393833794 0.0164098290001 0.0111832606426 0.00588392641402 0.00998470864877 0.000585038043168 0.0535903612787 0.0138337233413 0.0100189707668 0.0215729972038 0.0195277354163 -0.005450002353 -0.0132887284109 0.0332429111744 0.0229336633999 0.164701893506 0.0224492070591 0.00725756125014 0.00576638935972 0.032471669877 0.0131036548724 -0.000741896788221 0.0110002752018 0.0246637456979 -0.0073545774179 -0.00964650160819 0.0216565355489 0.0136097484705 0.00844250085364 0.00624480771397 0.0208821653782 0.0183780962815 0.0217098827684 -0.0028791271019 0.0102619754547 0.00535846927538 
0.00418357465861 0.00352608178454 0.0355126166968 0.0200182392661 0.0202084877659 0.0255067691102 0.0321796085754 0.0213858785108 0.030153148603 0.0140512573325 -0.0224595615469 0.0118618802006 -0.0111725724094 0.00645875884967 0.0341514989213 0.0333466658492 0.0217553362154 0.00506320569471 0.00587394217379 0.0224492070591 0.213775438544 0.0308396297611 0.00399783096496 0.0204263153596 0.0175424541985 0.014381903891 0.0446805247334 0.028987711145 0.00706105615744 0.0108607076673 0.0269380712725 -0.00038492678144 0.0327521988899 0.0363536285338 0.0312766956031 0.047236261082 0.0217581208287 -0.00537546599158 0.0313156261136 0.0186776710214 
0.0195580693386 0.0275546586307 0.0173880766361 0.0146264450609 0.00212694442984 0.0107524958968 0.011992149815 0.0141786245288 0.001364090272 0.00146955253157 0.000444500510151 -0.00935081930777 0.0134652058512 -0.000432989057832 0.0191713617548 -0.0157646052612 0.0118010793984 0.0172776234867 0.021400644784 0.00725756125014 0.0308396297611 0.187799416767 0.00426818319047 0.00382275683939 -8.24296109609e-06 0.000847327575551 0.0180261076484 0.00613679116449 -0.00356273156116 0.0153912942004 0.0199301636489 0.0240955885675 0.0122507650236 0.0214727178828 0.0279694902493 0.0187105633559 0.0151397517562 -0.00750973225823 0.0295241791127 0.0547985180336 
0.00814365563167 -0.00140253924337 0.0286866261192 0.0255248033001 0.0105632455354 0.0148274010837 0.0459302909629 0.0301339186567 0.0170002125665 0.0264755750566 0.00756814060876 0.0233199234775 0.00308465301727 0.0288631777054 0.0303309003754 0.00240797287932 0.0245182689553 -0.00365946664775 -0.00048612916532 0.00576638935972 0.00399783096496 0.00426818319047 0.298983579838 0.00842268042907 -0.00309168883756 0.00776260889424 0.0105775850716 0.0346560671152 0.016744622725 -0.0110992741574 0.00649496597163 0.0220365105307 0.0128293710421 0.0298031058476 0.00896526774851 0.00898702161314 0.0290527636267 -0.00774655295975 0.0230878587501 0.0191914251648 
0.0110924685173 0.0372752728799 0.0323152504871 0.00740713359792 0.0193768205641 0.0177557687881 -0.00386289909587 0.0203289260732 0.049549812308 0.00809738240181 0.170259033306 0.0135899808158 0.038891098019 0.0289295756387 0.023304183583 0.0121147388464 0.0232190723435 0.0196847655444 0.0161189537218 0.032471669877 0.0204263153596 0.00382275683939 0.00842268042907 0.344840954131 0.0439224036277 0.0132602312238 0.0181981545738 0.0275563486517 0.0121078648754 0.0442470889521 0.0130603504713 -0.0011557661347 0.0180487591259 0.0191381652478 0.020845991799 0.0145261953606 0.0352190373187 -0.00289803507558 0.0102111345157 0.0207693936318 
0.00482416176437 -0.0013710800848 0.00262510150861 0.00203039683905 0.0270354619689 0.0134265940521 0.0010096223947 0.0166755578371 0.00905586211644 0.00743070905822 -0.0208526274787 0.0239430195078 0.00517969861249 0.000551076428714 0.00567576948075 0.0260749253206 0.0104258530167 0.00264758665814 -0.000801603267012 0.0131036548724 0.0175424541985 -8.24296109609e-06 -0.00309168883756 0.0439224036277 0.24571759995 0.0378178718984 0.0199452470992 0.0070802633731 0.00434534472058 0.0106380753127 0.00287826556118 0.0126561539812 0.0182654118058 0.0176917967348 0.00962395304318 0.0183034188641 0.0521764382537 0.0211185610276 0.0148385467863 0.0104671524566 
0.0115392094618 -0.0175054387133 0.0241001474379 0.010985774085 0.0352166917892 -0.000123271486026 -0.00988038162356 0.0382810721207 -0.00969790677903 0.0879397559922 0.0313354984199 0.0286885842661 -0.00589488367723 0.027352936666 0.0424484877398 0.095749128745 0.0382236785663 0.0290457255352 0.0284871640527 -0.000741896788221 0.014381903891 0.000847327575551 0.00776260889424 0.0132602312238 0.0378178718984 0.500622811614 0.0154651973358 0.0018074178695 0.0116192878593 -0.0162371266013 0.0515321435116 0.00722506265108 0.0181939674385 0.0147271216626 0.0388584693547 0.011821733023 0.0427217644974 -0.0154650130648 -0.0138216669747 0.00793310711726 
-0.00503408986921 0.0105404241736 0.0438172908025 0.0318759930486 0.00738692310874 0.0134455759509 0.0375450371243 0.035877957733 0.0189767724395 0.00706573800738 0.0058050571026 0.0477324639022 0.0177140060595 0.00419634244793 0.0407108732427 0.0441358911029 0.0254149529109 0.0264500169312 0.00666209876234 0.0110002752018 0.0446805247334 0.0180261076484 0.0105775850716 0.0181981545738 0.0199452470992 0.0154651973358 0.208739289782 0.00509413835199 0.00614169139293 -0.00511812812547 0.02878962593 -0.00433856877338 0.0297502086024 0.0293191874515 0.0385849641105 0.0154181563824 0.0180613575797 0.0275499878624 0.0474869316413 0.00893236604915 
0.0154581049261 0.0350978407161 0.0367455829918 0.0237720534697 0.0166270126451 0.0318329723512 0.0427462304092 0.0254638345218 0.0176250108978 0.00503903486489 0.0223498598705 0.0283461131029 0.00692355137003 0.0284518851815 0.0400878767474 0.00394601782205 -0.000843031885384 0.0190540825593 -0.00032137108771 0.0246637456979 0.028987711145 0.00613679116449 0.0346560671152 0.0275563486517 0.0070802633731 0.0018074178695 0.00509413835199 0.283934131532 0.0299102310434 0.0590303953256 0.00686894471738 0.011854818135 0.0442101505552 0.0275967533965 0.0280017842855 0.0433440811087 0.0201134223154 -0.000181582772956 0.0527824745932 0.0297871460729 
0.0204477390537 0.0123192448975 0.0180582411365 0.00554742472146 0.00595801374121 0.00728711951822 0.0167123424143 0.0422831110755 0.00016953628204 -0.00419827389642 -0.00202033774498 0.0171928973399 0.0266912445231 0.0328227752805 0.0138444492838 0.0251422929781 0.00911278088417 0.00324862665476 0.00458848235946 -0.0073545774179 0.00706105615744 -0.00356273156116 0.016744622725 0.0121078648754 0.00434534472058 0.0116192878593 0.00614169139293 0.0299102310434 0.341534493191 0.0219817021693 0.00249801232793 0.00330048802294 0.0185327992353 0.0288019734579 0.00290307560815 0.0297640198223 0.0409005989034 0.0134080603931 0.0160226436374 0.0410641739314 
-0.0148552788876 0.0229558553244 0.0127908838376 0.0194917272715 0.000283531367892 0.00597784938638 0.0105338467101 -0.00645693607427 0.0321649685297 -0.00122238488225 0.0287417419719 0.0239356890451 0.00399411818299 0.0240366047818 0.0180174871669 0.0128700655776 0.0415132568575 -0.010738160934 0.00976222051997 -0.00964650160819 0.0108607076673 0.0153912942004 -0.0110992741574 0.0442470889521 0.0106380753127 -0.0162371266013 -0.00511812812547 0.0590303953256 0.0219817021693 0.780860979475 -0.0147976099458 0.0201616470424 0.00676015613479 -0.0103180417682 0.0269037277218 0.000972165242057 0.0544849323275 0.00327464676076 0.00795483016796 0.00740074905018 
0.0100667600628 0.0225941848381 0.0372857011718 0.0277966489059 0.0556018603857 -0.00168820376324 0.0081839241217 0.0327874488452 0.00454846214681 0.0417510332322 0.00877811494522 0.0399933111302 0.0270851160814 0.0363381983516 0.0381795167001 0.0246968676467 0.0146778442516 0.0304909549458 0.0541109244252 0.0216565355489 0.0269380712725 0.0199301636489 0.00649496597163 0.0130603504713 0.00287826556118 0.0515321435116 0.02878962593 0.00686894471738 0.00249801232793 -0.0147976099458 0.267534537806 0.00131466352995 0.0135361020587 0.0159206115535 0.0395427194753 0.016589225569 0.0265555770767 -0.00777937691291 -0.00415398249703 0.0103019397589 
0.00466563690298 0.0241850625017 -0.0188061990519 0.0102653697941 0.0245286642907 0.0175744011078 0.00523132827461 0.0110261192613 -0.00165307665789 0.0310407067452 0.0124276766204 0.0260078828753 0.00465299837672 0.00186535183754 0.00281421193324 0.016841378858 -0.00686221162895 0.0110414870924 -0.0099347477405 0.0136097484705 -0.00038492678144 0.0240955885675 0.0220365105307 -0.0011557661347 0.0126561539812 0.00722506265108 -0.00433856877338 0.011854818135 0.00330048802294 0.0201616470424 0.00131466352995 0.500824872154 0.0376231105958 0.0130717136786 0.000498374992381 0.00579359413477 0.0200286443347 0.0132219662448 0.0390845228842 0.00136837458219 
-0.00175298090302 0.0355378252159 0.0136720961298 0.0270253841411 0.0276071508825 0.00872895813643 0.0326026079217 0.0591884015482 0.000806743640239 0.0123764597214 -0.0112086959333 0.0195333096196 -0.00149954635657 0.00983678524905 0.0109097307289 0.0343556854361 0.00477126041639 0.0154855651437 0.033619975826 0.00844250085364 0.0327521988899 0.0122507650236 0.0128293710421 0.0180487591259 0.0182654118058 0.0181939674385 0.0297502086024 0.0442101505552 0.0185327992353 0.00676015613479 0.0135361020587 0.0376231105958 0.195520453099 0.0294981546789 0.0181223609699 0.030008765368 0.0155606399789 -0.02449528858 0.0270661144382 0.0228255790811 
0.0197433424867 0.0234741139815 0.0206921752445 0.0348271541054 0.0133084896727 0.0106495853107 0.0418617307944 0.0821889536662 0.00277679171702 0.00423352909987 -0.0131846113546 0.0143474461847 0.0123641198643 0.0190641102388 0.0233864031415 0.0152445193023 0.00523051478774 0.0330333336213 0.00863683994802 0.00624480771397 0.0363536285338 0.0214727178828 0.0298031058476 0.0191381652478 0.0176917967348 0.0147271216626 0.0293191874515 0.0275967533965 0.0288019734579 -0.0103180417682 0.0159206115535 0.0130717136786 0.0294981546789 0.164743550808 0.0272708810899 0.0386383346021 0.0329701658021 -0.000510320344164 0.0249627072234 0.0138635946156 
0.00580547329787 0.0223038645249 0.0569748361383 0.0167208036013 0.0215448832527 0.0189908046928 0.0238435206671 0.0298257151661 0.0328511461204 0.0193875810198 0.0466779233451 0.0262655486341 0.0312658718481 -0.00534972796026 0.077617098232 0.048197672087 0.0308870261872 0.0228504970784 0.0242908865184 0.0208821653782 0.0312766956031 0.0279694902493 0.00896526774851 0.020845991799 0.00962395304318 0.0388584693547 0.0385849641105 0.0280017842855 0.00290307560815 0.0269037277218 0.0395427194753 0.000498374992381 0.0181223609699 0.0272708810899 0.156243136553 0.0148171625344 0.0221548877744 -0.0023586468394 0.0312320929988 0.0297183227872 
0.0012351650792 0.00812082072408 0.0119483873319 0.0334450628176 0.0110427018125 0.010321351824 0.0332651617191 0.0333723175727 0.0269668862772 0.0152782466923 0.000738901760321 0.0202964918498 0.027493438043 0.034696382849 0.00908343823619 0.0296563162865 0.0287324016145 0.0239171294431 0.000767784882772 0.0183780962815 0.047236261082 0.0187105633559 0.00898702161314 0.0145261953606 0.0183034188641 0.011821733023 0.0154181563824 0.0433440811087 0.0297640198223 0.000972165242057 0.016589225569 0.00579359413477 0.030008765368 0.0386383346021 0.0148171625344 0.257585537452 -0.00395214555904 -0.00179215225864 0.021880252751 -0.00395871086977 
0.0134551915955 0.0309258474696 0.00348950011513 0.0158230755419 0.0235097850279 0.0230507690104 -0.0015549406828 0.0231711242288 0.0089909308869 0.037866264755 0.0200380839268 0.0154577619578 0.00897587770933 0.0114347741274 0.0172640071242 0.0151744879276 0.0354603979032 0.0282007239733 0.0387389624367 0.0217098827684 0.0217581208287 0.0151397517562 0.0290527636267 0.0352190373187 0.0521764382537 0.0427217644974 0.0180613575797 0.0201134223154 0.0409005989034 0.0544849323275 0.0265555770767 0.0200286443347 0.0155606399789 0.0329701658021 0.0221548877744 -0.00395214555904 0.268363839969 0.00634375460812 0.0240500768542 -7.5428238927e-05 
0.00460714367802 -0.00470706355468 -0.00931879358492 -0.0229269742211 -0.0120073530811 -0.0171410064272 0.00613403624801 -0.000149768936283 0.00131832486374 -0.0349800547224 -0.0216671755077 0.0235561387064 -0.0199616427465 -0.0177801750655 -0.00176842856223 -0.0174423871341 -0.00536073606156 -0.0110942091731 -0.00367267151742 -0.0028791271019 -0.00537546599158 -0.00750973225823 -0.00774655295975 -0.00289803507558 0.0211185610276 -0.0154650130648 0.0275499878624 -0.000181582772956 0.0134080603931 0.00327464676076 -0.00777937691291 0.0132219662448 -0.02449528858 -0.000510320344164 -0.0023586468394 -0.00179215225864 0.00634375460812 1.06928073704 -0.0238318876537 0.00318510729637 
0.027591609839 0.010465974138 0.0541526524263 0.0429656421016 0.00125859787884 0.00190776418993 0.0743481766023 0.0238738725316 0.0261557575283 -0.00375747849938 0.0421935730133 0.0237326248498 0.00877232554442 0.0230694190975 0.0320927227444 0.0128446399392 0.0280565709776 -0.0033815136629 0.00619270772771 0.0102619754547 0.0313156261136 0.0295241791127 0.0230878587501 0.0102111345157 0.0148385467863 -0.0138216669747 0.0474869316413 0.0527824745932 0.0160226436374 0.00795483016796 -0.00415398249703 0.0390845228842 0.0270661144382 0.0249627072234 0.0312320929988 0.021880252751 0.0240500768542 -0.0238318876537 0.479691036153 0.0142564741578 
0.0119481757327 0.0105120887942 0.0310349637833 0.0240729030348 -0.00103143606186 0.010716832514 0.0243012113495 0.0187221126025 0.0125713483396 0.0299811683593 0.0126131906797 0.0146463666882 0.00130402358667 0.0244209711191 0.0247730081166 0.00893068216956 0.0162802914588 0.00233730578317 0.00679948424353 0.00535846927538 0.0186776710214 0.0547985180336 0.0191914251648 0.0207693936318 0.0104671524566 0.00793310711726 0.00893236604915 0.0297871460729 0.0410641739314 0.00740074905018 0.0103019397589 0.00136837458219 0.0228255790811 0.0138635946156 0.0297183227872 -0.00395871086977 -7.54282389269e-05 0.00318510729637 0.0142564741578 0.24198306339 
0.0177517376712 0.00116024016428 0.00115763174291 0.000263344630511 0.000197137816024 0.000813377458186 0.000423540244972 0.00029997894822 -6.98606297951e-05 -0.000501554407491 0.0018413929295 -8.76184558147e-05 0.00312773439027 0.000673895660337 0.000105671727731 -0.00177273598557 -0.00107195418731 -0.000466653594352 0.000791809598225 0.000356802414341 0.000362308193299 0.00169377848962 0.00070526126567 0.000960635952666 0.000417784663991 0.000999324853354 -0.000435964971167 0.00133871115604 0.00177082614705 -0.0012865048897 0.000871806994823 0.000404056008281 -0.000151812599436 0.00170982361491 0.000502768735694 0.000106968433645 0.00116525377345 0.000398990346405 0.00238950350518 0.00103474237134 
0.00116024016428 0.0193320626052 0.00103317012434 0.000758023566461 0.000800358215571 0.00129044069536 0.00108365598514 0.000866068993823 0.0011384924826 -0.000950725160118 -0.00119258691313 0.0012763015522 0.00267244476849 -0.000136024722425 0.00210644727076 -0.00162379385913 0.00192208458062 0.00154031779729 0.001384727978 0.000848160654378 0.000305367640123 0.00238630343668 -0.000121463461456 0.0032281333247 -0.000118739018406 -0.00151601546301 0.000912827510097 0.00303956216781 0.00106687790366 0.00198803538765 0.00195671380476 0.00209448785186 0.00307766594322 0.00203291790393 0.00193157132811 0.000703283704664 0.00267825695423 -0.000407643661558 0.000906379947887 0.000910373594264 
0.00115763174291 0.00103317012434 0.0165859737938 0.00288204772466 0.00156024740412 0.00187888740674 0.00342331933287 0.00108976852367 0.0017875242001 0.000833607848611 0.00219174987788 0.000946445755909 0.00351565919463 0.000162968995475 0.00528377674639 0.00310279695094 0.00284567967458 -0.00302053793104 0.000938473203783 0.00156749421342 0.00307548282143 0.00150585160898 0.00248433469681 0.00279858278514 0.000227340459397 0.00208713399162 0.003794688696 0.00318226083478 0.00156388955719 0.00110772303403 0.00322903644127 -0.00162866461275 0.00118403825714 0.00179199494213 0.00493416554723 0.00103476069636 0.000302199574621 -0.000807031197716 0.00468975726835 0.00268770670418 
0.000263344630511 0.000758023566461 0.00288204772466 0.0223803850051 0.00149486150379 0.000381724557473 0.000644398002164 0.00310574657936 0.000200612647788 0.00164946652945 0.00148861810236 0.00246344904253 0.00303028735566 1.29629916898e-05 0.00231048768946 0.00016039213186 0.0028591322947 0.00302165098464 0.00173383240121 0.00106816455791 0.00173363037434 0.00126668729898 0.00221051280845 0.000641476586503 0.000175837524238 0.000951395943784 0.00276054197509 0.00205872022049 0.000480421073437 0.00168803309808 0.00240726040925 0.000889007102091 0.00234046692132 0.00301612001968 0.00144806406904 0.00289642740312 0.00137031853853 -0.00198553421074 0.00372093375499 0.0020847745571 
0.000197137816024 0.000800358215571 0.00156024740412 0.00149486150379 0.0138303059984 0.000401526862551 0.00118538633769 0.0012211739805 0.00187763308589 0.00275630213119 0.0014921903552 0.00167337416907 0.00113080968744 0.00139045501811 0.00280715745713 0.000638238088477 -0.000599432487305 0.00414332563422 0.00382525300012 0.00165751922194 0.00175010637774 0.000184198790868 0.000914803898005 0.0016780818853 0.00234133968681 0.00304985497267 0.000639726306797 0.00143994153397 0.000515979125599 2.45545367364e-05 0.00481526235917 0.00212424463966 0.00239084939904 0.00115254901425 0.00186584162184 0.000956326029604 0.00203600710716 -0.00103986728004 0.000108997773622 -8.93249831953e-05 
0.000813377458186 0.00129044069536 0.00187888740674 0.000381724557473 0.000401526862551 0.0137798419684 0.000139506065868 0.00194697690867 0.00106712435968 -0.000111139728753 0.00145009766591 0.00138613819313 0.00133318070586 0.0014158889222 0.000316073763709 0.000585217460843 0.000192167209055 3.8251207562e-05 -0.000332840453432 0.00142113287858 0.00220895100179 0.000931193460072 0.00128409060106 0.00153769468342 0.00116277715354 -1.06756238461e-05 0.0011644210342 0.00275681627341 0.000631083062319 0.00051769694286 -0.000146202734573 0.00152198778156 0.000755949949472 0.000922281141879 0.00164465193023 0.000893855288102 0.00199625515398 -0.00148445470124 0.000165217225291 0.000928104920525 
0.000423540244972 0.00108365598514 0.00342331933287 0.000644398002164 0.00118538633769 0.000139506065868 0.0408143623289 0.00449442916258 6.84601472595e-05 -0.000834542201318 0.00196368172547 0.00154374203892 0.000891998295249 0.00290770603755 0.00225483197251 0.00147785610407 0.00206580549992 0.00333763505816 0.00183554214971 0.000968498781361 0.00278683585101 0.00103855063858 0.0039776798777 -0.000334536874928 8.74358642038e-05 -0.000855666148509 0.00325149559357 0.00370193214504 0.00144733130876 0.000912257885053 0.000708748619204 0.000453046318135 0.00282346866898 0.00362533223143 0.00206490946133 0.00288084751098 -0.000134661813268 0.000531223121851 0.00643874096627 0.00210454663714 
0.00029997894822 0.000866068993823 0.00108976852367 0.00310574657936 0.0012211739805 0.00194697690867 0.00449442916258 0.0217837191793 0.000879603166479 0.00152432001266 0.00024979292344 0.00166817041534 0.00015875342019 0.000658120591089 0.00398783257886 0.000388327036278 -0.000293562050637 0.00150682972333 0.00243336829822 0.000509562974854 0.00185207140726 0.00122790490327 0.00260967390723 0.00176053664111 0.00144414567092 0.00331523809406 0.00310712228327 0.00220523275736 0.00366182483424 -0.000559187067093 0.00283947636253 0.000954889938543 0.00512586593502 0.00711777217854 0.00258298270199 0.00289012748011 0.00200667822164 -1.29703703519e-05 0.00206753800991 0.00162138251263 
-6.98606297951e-05 0.0011384924826 0.0017875242001 0.000200612647788 0.00187763308589 0.00106712435968 6.84601472595e-05 0.000879603166479 0.0292403091351 6.86000914383e-05 0.00131444836968 0.000971669308263 -0.00123450527358 0.00142808365734 0.00228050144553 0.00025279833033 0.00667183223342 0.00225598001788 0.000143113228372 0.000864701133922 0.00261133926943 0.000118133682861 0.00147226159523 0.00429113962115 0.0007842606646 -0.000839863363418 0.00164343670145 0.00152637071795 1.46822727109e-05 0.00278556798587 0.000393908376729 -0.000143160638013 6.98660486788e-05 0.000240477216796 0.00284499270837 0.0023354008577 0.000778637455172 0.000114170282244 0.00226515504747 0.00108871070219 
-0.000501554407491 -0.000950725160118 0.000833607848611 0.00164946652945 0.00275630213119 -0.000111139728753 -0.000834542201318 0.00152432001266 6.86000914383e-05 0.021934885791 0.000605618622348 0.00228946792209 -0.00048022173359 0.00113890839781 0.00165391089334 0.00543758665386 -0.00104008278913 0.00103941876894 0.00334564882152 5.06657807564e-05 0.00121687458051 0.000127266982453 0.00229285205788 0.000701253886412 0.000643518281255 0.00761580626919 0.000611910861088 0.000436393220355 -0.000363581184634 -0.000105861636123 0.00361574554134 0.00268820405928 0.00107183285276 0.000366634374815 0.00167901376811 0.00132313497608 0.00327931472242 -0.00302936160154 -0.000325407183464 0.00259644534343 
0.0018413929295 -0.00119258691313 0.00219174987788 0.00148861810236 0.0014921903552 0.00145009766591 0.00196368172547 0.00024979292344 0.00131444836968 0.000605618622348 0.09539602426 0.00317102816242 0.00242715742117 0.00185594475454 0.00277456692825 0.00057493351942 -0.00292663623428 -0.00104978220613 -0.000448802658388 0.00464106142653 -0.00194505508575 3.84948733786e-05 0.00065542020266 0.0147448648067 -0.00180589051322 0.00271373376718 0.000502732692127 0.00193555464189 -0.000174966381137 0.00248910786967 0.00076020705399 0.00107626836633 -0.000970701542153 -0.00114182083721 0.00404242674127 6.39907695339e-05 0.00173534897238 -0.00187643244179 0.00365407061059 0.00109233435514 
-8.76184558147e-05 0.0012763015522 0.000946445755909 0.00246344904253 0.00167337416907 0.00138613819313 0.00154374203892 0.00166817041534 0.000971669308263 0.00228946792209 0.00317102816242 0.0246476005385 0.0021018382529 0.00178797060446 0.00281974571707 0.00119115729048 0.000557815027807 0.000496087885931 0.00272587390589 0.00119803558425 0.00102726895904 -0.000809804706673 0.00201956461458 0.00117692686234 0.00207352631371 0.0024845042773 0.00413375263246 0.00245484540457 0.0014889485861 0.00207289147701 0.00346352234202 0.00225234872687 0.00169163423505 0.00124252528754 0.00227466323614 0.00175772775496 0.00133868145411 0.00204002145348 0.00205530560184 0.00126841256251 
0.00312773439027 0.00267244476849 0.00351565919463 0.00303028735566 0.00113080968744 0.00133318070586 0.000891998295249 0.00015875342019 -0.00123450527358 -0.00048022173359 0.00242715742117 0.0021018382529 0.0529031688145 0.000447157402002 0.00295298360859 -0.000360118608339 0.00138802823429 0.00230738829224 0.00208206364258 0.000867668320384 -0.000967573153212 0.00116612103343 0.000267138787482 0.00336806788655 0.000448575058236 -0.000510511901683 0.00153407792504 0.000599597137086 0.00231152958157 0.000345900781218 0.00234563985909 0.000402961479801 -0.000129864523894 0.00107076418979 0.0027077039292 0.00238100157826 0.000777333811754 -0.00172872897197 0.000759705677174 0.000112931755319 
0.000673895660337 -0.000136024722425 0.000162968995475 1.29629916898e-05 0.00139045501811 0.0014158889222 0.00290770603755 0.000658120591089 0.00142808365734 0.00113890839781 0.00185594475454 0.00178797060446 0.000447157402002 0.0313338302136 -0.000185021004854 0.00163939722777 0.00105118384976 0.00176961698482 0.000277699220724 0.00186827636143 0.000559344924073 -3.74979523643e-05 0.00249962451268 0.00250537474238 4.77246186693e-05 0.00236883380209 0.000363413916289 0.00246400553528 0.00284253572156 0.00208163103618 0.00314698029002 0.00016154420783 0.000851890591725 0.00165100037674 -0.000463300031692 0.00300479489666 0.000990280488088 -0.00153980832905 0.00199787029889 0.00211491813742 
0.000105671727731 0.00210644727076 0.00528377674639 0.00231048768946 0.00280715745713 0.000316073763709 0.00225483197251 0.00398783257886 0.00228050144553 0.00165391089334 0.00277456692825 0.00281974571707 0.00295298360859 -0.000185021004854 0.0166071294709 0.00162421852468 0.00291962194019 0.000420493988127 0.00379929040644 0.00169115149489 0.00295760656431 0.00166028863048 0.00262673302447 0.00201820149974 0.000491536055636 0.00367614687349 0.00352566504384 0.00347171196471 0.00119896447812 0.00156036015989 0.00330644313665 0.000243717902582 0.000944810395963 0.00202532192236 0.0067218378837 0.000786648826625 0.00149510687407 -0.000153150405967 0.00277931131733 0.00214540543571 
-0.00177273598557 -0.00162379385913 0.00310279695094 0.00016039213186 0.000638238088477 0.000585217460843 0.00147785610407 0.000388327036278 0.00025279833033 0.00543758665386 0.00057493351942 0.00119115729048 -0.000360118608339 0.00163939722777 0.00162421852468 0.053164928203 0.00405384300642 0.000383102730496 0.0026827415513 -0.000471984048838 0.00288790597569 -0.00136525486369 0.000208536568511 0.00104916716012 0.00225815477295 0.00829211778834 0.00382228029138 0.000341735167768 0.00217738644284 0.00111458037386 0.00213881147759 0.00145850619258 0.00297528963521 0.00132021409843 0.00417404084306 0.00256831232868 0.00131414920347 -0.00151055503607 0.00111237844898 0.000773419763196 
-0.00107195418731 0.00192208458062 0.00284567967458 0.0028591322947 -0.000599432487305 0.000192167209055 0.00206580549992 -0.000293562050637 0.00667183223342 -0.00104008278913 -0.00292663623428 0.000557815027807 0.00138802823429 0.00105118384976 0.00291962194019 0.00405384300642 0.0323884222829 0.00182926784431 0.0011950669777 -0.00115083763878 0.00188406738304 0.00102200345511 0.00212334437721 0.00201083065017 0.000902905356859 0.00331026766645 0.00220099948568 -7.30087028942e-05 0.000789189974482 0.00359515350325 0.00127113859947 -0.000594284959682 0.000413203272866 0.000452975868105 0.00267489493255 0.00248829897099 0.00307096054125 -0.000464253361229 0.00242977032097 0.00140991459843 
-0.000466653594352 0.00154031779729 -0.00302053793104 0.00302165098464 0.00414332563422 3.8251207562e-05 0.00333763505816 0.00150682972333 0.00225598001788 0.00103941876894 -0.00104978220613 0.000496087885931 0.00230738829224 0.00176961698482 0.000420493988127 0.000383102730496 0.00182926784431 0.084808408977 0.00251301448052 0.00287892055728 0.000438486475621 0.00149628608565 -0.000316919108126 0.0017047507029 0.000229287730467 0.00251543361849 0.0022906386593 0.00165013195422 0.000281339321043 -0.000929952015877 0.00264059415687 0.000956220831755 0.00134108928064 0.00286077060878 0.0019789110959 0.00207128416834 0.0024422543366 -0.000960786697879 -0.000292847673532 0.000202416618464 
