60
0.0101927526284 0.0070666509449 0.0373342989671 0.102568127786 0.101670797752 0.0594275332512 0.0695206157777 0.128291051585 0.110955558587 -0.00694067656108 0.0135435889675 0.00633581846688 -0.0108233812146 -0.00168409401267 0.0697795953642 0.0498180241401 0.0279461936292 0.070293401022 0.0300310371189 0.0916609470377 0.0861150338972 0.0798623823862 0.117315051398 0.0773544805674 0.0539269159384 0.0321720089654 0.399937027552 0.0578888041786 0.088181568025 0.0766259396051 0.0213104348082 0.0994766710856 0.0350054865441 0.033790820858 0.0437038130991 0.0230030392576 0.0358419118375 0.0301615681032 0.109959402945 0.036872425502 0.119808933935 0.0601344650096 0.034888990542 0.0771685990004 0.0277285522359 0.0825599502725 0.0433119494187 0.0316067218978 0.0621428512979 0.0493061267197 0.0493961611292 0.0331605059077 0.112605751981 0.0444525953717 0.00792878112812 0.0449819155318 -0.00660692339257 0.133040507733 0.0824662750087 0.0431194173031 
0.240763268385 0.0167994210765 0.00279218595628 0.0428760346844 -0.00108350702531 0.0117558561656 0.0151008185047 0.0208436684626 0.0249928559131 0.0281766467543 0.0151040905203 0.00531261868387 -0.000374019801056 0.0141769848232 -0.00165992219535 0.0186612931622 -0.00722109279936 0.0112865243647 0.0130525081826 0.0193003755052 0.00640670591421 0.0155859036775 0.0183235341848 0.021655728198 0.00453733422915 0.0104575364316 0.0312782289996 -0.00553980436742 0.062916335225 0.0145824939069 0.0447897430068 0.0241887119852 0.00772749730395 0.024417104522 0.00970304444153 0.0281160692671 -0.0043154241588 0.0300104286551 0.0394487893719 0.0112227075776 0.0128053002672 -0.00400303218192 0.0124306540964 0.0239846134227 0.00300269688989 0.00544218651394 0.0117055448056 0.024811471665 0.00695806857118 0.00605671159272 0.0135277350873 0.00857094924025 0.0142899156852 -0.00352398087347 0.0238072650067 0.0257511262217 0.0107816828567 0.00803032409123 0.0102882835499 0.00143030731961 
0.0167994210765 0.176202684102 -0.0155888863304 -0.00418489974026 0.0171682773959 -0.00478122314932 0.00300210864993 -0.00234160150011 0.0212855835695 0.000859884885319 -0.0019517871176 0.0131595172348 0.00954257177564 0.021927412388 -0.000391314358483 0.00811367013877 0.00589803361597 0.00170042177442 -0.00368295432062 0.000696787393309 -6.54449640716e-05 -0.0162640296926 0.0193843614333 0.0136489775037 0.00929866323961 0.00749421823244 0.0061814570747 0.0127648190271 0.022654515441 0.0234769297224 -0.00841685235074 -0.000149170098956 0.0152012318528 0.011116576473 0.0138548419638 -0.00143547264159 0.0112318027895 0.00704214337372 0.0133471904918 -0.0073235515565 0.0109860383516 -0.00882338927048 0.0023504880872 0.0010949398667 0.00477017431502 0.0133651750204 0.013931248887 0.00416575486458 -0.00347916912889 0.00634067621858 0.00676148762087 0.00480041142543 -0.00230660543911 0.00762669006014 0.0141403876682 0.00097692496672 0.00732439484226 0.00348332783621 0.0238775359003 0.00693190088501 
0.00279218595628 -0.0155888863304 0.24214856877 0.0126441074672 0.00957675729019 -0.00152484135498 0.0129355241308 -0.00805974844528 0.00979116841639 -0.00109885240422 -0.000446135197266 0.00206956957041 0.0316273136838 0.006357676039 0.0642934725393 0.0150935888372 -0.00683172910037 -0.00629399721398 0.0151706368635 0.00499875495974 -0.00386223629828 0.0243103491934 -0.0046367997066 0.00230104589012 0.0225554507848 -0.00259427536709 0.00367133147306 0.0383548381218 -0.00200352369351 0.00862753511486 0.000205648349719 0.00743416906085 0.00789766533653 -0.00379513231767 0.0298249946613 0.00877697910412 0.0197755889363 0.0377730531543 0.0224945969663 0.0239632009492 0.0203776753757 -0.0211924144459 0.024426300321 0.0519522484642 0.0633737073302 0.0176719745079 0.0131273246102 0.0192344312357 0.0345647941472 0.00818773794729 0.0213320576336 0.0333478812691 0.024087482509 0.0109661498959 0.0321485232278 0.0113828255521 0.00707642234977 0.039986628367 0.0300714820024 -0.00332791861687 
0.0428760346844 -0.00418489974026 0.0126441074672 0.258038807159 -0.00794791181021 -0.00556882512543 -0.0114949694664 0.0422658356718 0.0360987661469 0.0414068790287 0.0109538847889 0.0315541106213 0.0135864676387 0.011502212832 0.0175915262645 -0.00338304724253 0.00701565575285 0.0108340463744 0.00847781727376 0.013999517092 0.0310316696381 0.0183252814951 0.0378085132166 0.124527916049 0.0289752492783 0.0170833538345 0.0629667760046 0.0151507923687 0.0218813373406 0.0290327246025 0.00972402187066 0.00643100211339 0.0198714177986 0.0217769854482 0.0307488479338 0.025583396464 0.0326015017068 0.043346681337 0.0122747887917 0.0412655182005 -0.0145880659635 0.0556379334853 0.00542967733464 0.0384193627132 0.018207260469 0.0129133865498 0.00844117839003 0.0199578213161 0.0174658577499 -0.00259589713735 0.00964664986059 0.0146949521054 0.0164903523397 0.000966822298287 -0.013986820951 0.00743342368942 0.0308346284577 0.0111571807409 -0.0215303508949 0.0413473171063 
-0.00108350702531 0.0171682773959 0.00957675729019 -0.00794791181021 0.289649783843 0.0168278863773 0.0408390816218 -0.00129351929903 0.0193552097481 -0.00560128371303 0.00193411716815 -0.011251923919 0.00531704523465 0.00950352982986 0.00416877865739 0.0140860691176 0.00644785993146 0.0145630608542 -0.00287949389267 0.00457950777659 0.0192448021175 0.00484435410714 0.0420858300894 0.0022082745047 0.0108900658543 0.030446483266 0.0315441804079 -0.00186181844899 0.0066342834691 0.00360592411833 0.0067435929461 0.0636753169301 0.00947073753275 0.0112216480886 -0.008295691513 0.0112168734776 0.0142962487098 -0.00450639862162 0.00862891603287 0.0124731337221 0.0226242740179 0.0088053288726 0.0112802580245 0.00378683884063 0.00817296702414 -0.0106068679466 -0.000573938687149 0.00630476356749 0.001704190485 -0.0194966207646 0.0226258502031 -0.00354980234248 0.0167664872947 0.0186030853104 -0.0175290775556 0.00539964413241 0.00786472258576 -0.000337728139123 -0.0139321897841 -0.0127956714716 
0.0117558561656 -0.00478122314932 -0.00152484135498 -0.00556882512543 0.0168278863773 0.227955650432 -0.00104232839663 0.00771962491349 0.00326402914686 -0.0183219248627 0.0143079168622 0.0095812483328 0.0163574079093 0.0111116188869 0.00443473949963 -0.00991589716279 -0.00632090303661 0.00787656276983 0.00277670104923 0.000149978460523 0.00590241707718 0.0139649847895 0.0188794792104 0.00151156032295 -0.0108581196189 0.0124367783208 -0.00672883177356 0.00905055380946 0.00260407730307 0.00283908816526 0.00103872321065 0.0433039086915 -0.00592267083172 0.00208555215582 0.00370054954949 0.0141622061679 0.008888116763 0.0186051782311 0.00424127574575 0.0128480705931 0.017798631999 0.0297782989851 0.0174551241752 0.0177333443702 0.00798475872542 -0.00161544525056 0.0214100349798 0.00435926318993 0.00895826191045 -0.0173354116074 0.00739088337126 0.01591658971 0.0134328733725 0.00259059815779 0.0198776921979 0.00998881157674 -0.00284193186176 0.0159889923811 0.0131210135681 -0.00597575656301 
0.0151008185047 0.00300210864993 0.0129355241308 -0.0114949694664 0.0408390816218 -0.00104232839663 0.804015371594 0.00917895525218 0.0121165815698 -0.00599593793314 0.017419339728 0.00804387311958 0.0180002262786 0.00648689298164 0.0156342920667 0.00356489789737 0.0237290784093 -0.00872750281666 -0.00214097986289 0.00839219590599 0.00411948776117 -0.0100658702022 -0.0239968713007 -0.000710799414898 -0.0042147781101 0.0130548497699 0.034403703567 -0.0130001213392 0.0259695904458 -0.00128411613437 0.00644467992579 0.0331765149192 0.00262861785151 0.00791597746472 -0.00347387586402 -0.00216230947842 -0.0022736612667 0.0117348460239 -0.00153543620796 0.0172956119549 0.0162524599559 0.0178179874939 0.00667451494719 0.0370145858331 0.00856620281074 0.00537716920591 0.000421798863935 0.0266045474077 -0.0109412717876 0.00359403298158 0.0173729070523 0.0307703143027 -0.0039761728424 0.00412655772928 0.00567677767931 0.00722706686061 0.00594697713116 -0.0370768731119 -0.0227802053976 0.00424617296707 
0.0208436684626 -0.00234160150011 -0.00805974844528 0.0422658356718 -0.00129351929903 0.00771962491349 0.00917895525218 0.495396296406 0.00290205104819 0.0153149294015 -0.00475624708644 0.0325440451158 0.00298279478887 0.00691071758354 0.0138659833701 -0.0178208202456 -0.00082655214756 0.00659334348864 0.00836282554077 -0.0157794284521 -0.00111924794533 0.0180123953379 0.0675693005297 0.0462541650145 -0.00109645788935 0.0192534121449 -0.00296737988476 -0.0145753517489 0.0200087725758 0.0305241206215 0.0163035794637 -0.0020547837681 -0.00230742260834 0.0106579241412 0.0318069940091 0.015097789579 0.0132069388562 -0.0100198179736 0.0284328935475 0.000392502943412 0.0363053621317 0.022502751307 0.000893693967982 -0.00835437844238 -0.00150776582994 0.00565937159166 0.0118379698233 0.020766056755 0.0136158675756 0.0130838110188 0.00676852195472 0.00331331369026 -0.0193131196495 0.0040473298811 0.00957665918364 0.00518618954226 0.00729517597346 -0.000640366168914 -0.00659775281222 0.0118072561742 
0.0249928559131 0.0212855835695 0.00979116841639 0.0360987661469 0.0193552097481 0.00326402914686 0.0121165815698 0.00290205104819 0.482062237382 0.0170143838301 0.0314904304617 0.0179769429056 0.00297008040205 0.0148260923231 0.00357115514628 0.00555119270972 0.0104220783221 -0.00643288279665 0.006006745627 0.00099943312153 0.0352186641523 -0.016619482029 0.0121015287716 0.0540547140498 0.018991436729 0.0354010342341 -0.0139204813041 0.00162869824876 0.0150326729038 0.0251320195986 0.0237031034496 0.0230008414641 0.0242374270945 0.0231719474172 0.0203014204631 0.0205661969432 0.0210511190621 0.0586605581788 0.0453165846899 -0.000656572370163 -0.000618970585846 -0.00253850755204 0.00538601755832 0.0336304583321 0.00128601186257 0.0228650620524 0.0253972109093 0.0299766183154 0.0148782965653 0.0355883828182 -0.00249573044997 0.0121534820876 -0.0154149559451 -0.00348696571505 0.00688233529234 0.0316850603106 0.0317552396782 0.00404169956795 -0.0209207574031 0.0162340802472 
0.0281766467543 0.000859884885318 -0.00109885240422 0.0414068790287 -0.00560128371303 -0.0183219248627 -0.00599593793314 0.0153149294015 0.0170143838301 0.36657072361 0.00910599506213 0.0581479725878 -0.0109793011639 0.00760802606895 0.0140083174442 0.0381670347259 -0.00223410635985 0.0195864705159 -0.0153522189039 -0.00562583089174 0.0232137248682 -0.00154535306423 0.00605354361438 0.0550462367459 0.0175950058498 0.0213268556719 0.0793195960509 0.0173764988791 0.0714317874847 -0.000512780663112 0.025555433705 0.0226842182634 0.00631893756623 0.0257848549496 0.017634352588 -0.00839726095533 0.0441430640005 0.0117963587877 0.00923423926497 -0.00119704029908 -0.0109001631916 0.0303092920916 0.000780523205438 0.019420180006 0.00252721284266 0.00286921062892 -0.00056271647497 0.0204265392087 0.028387821518 0.0560129636865 0.0100353629397 0.0080020789723 0.0222419209787 -0.00748594546786 0.000644768177158 0.0121303465027 0.0217512738945 0.0309769581449 -0.00826274974472 0.0308127428743 
0.0151040905203 -0.0019517871176 -0.000446135197267 0.0109538847889 0.00193411716815 0.0143079168622 0.017419339728 -0.00475624708644 0.0314904304617 0.00910599506213 0.245189817647 0.0252061052245 0.0191452497269 0.0150341361908 0.00288698832056 0.00460576158792 -0.00588879914755 -0.00640969439706 0.0165559799305 -0.026586411963 0.0240126982853 0.00323926591643 0.00343624562044 0.010789278608 0.0168033603028 0.0280951512057 0.00244591072875 0.0208765159731 0.0171222568987 0.0128847244285 0.0337397777879 0.000753562863374 0.00653110210851 -0.00170171666208 0.0296069172474 0.00261030409074 0.00312283759532 0.0136325914428 0.00125729225053 0.0204988608076 -0.00570413488297 0.0227685682955 0.0220868977292 0.0156762430161 0.00806407966193 0.0105324166738 0.0190839626249 0.024755790784 0.0187636835856 0.013608480515 0.0066832872353 0.00691613632643 0.0260322614231 0.0377289625081 0.00531700750042 0.00986437181331 0.027120254299 -0.0224015354872 0.00552387264298 0.00112307509914 
0.00531261868387 0.0131595172348 0.00206956957041 0.0315541106213 -0.011251923919 0.0095812483328 0.00804387311958 0.0325440451158 0.0179769429056 0.0581479725878 0.0252061052245 0.179083767875 -0.011556192313 0.0111852506871 0.0100636305826 0.00866164421742 0.0120172316399 0.0301416851267 -0.00977846869521 0.0197908923253 0.0260940215922 0.00417582566692 -0.0138884698258 0.0168928752718 -0.0053485747284 0.022426229668 0.0292496348205 -0.0128696001959 0.0196523780004 0.0414454578903 0.0114452027782 0.0149382008287 0.00746575425915 0.0200219990474 0.0102382724621 0.0114902985601 0.0156734050635 0.00507769507484 0.0186282275677 0.0130270769621 -0.00636802468739 0.0404975041557 0.00913708908069 0.0194153645163 0.00336987389986 0.00986199117488 0.0148226861394 0.0136976802373 0.0136261686094 0.0212416467117 -0.00045070351002 0.0112323971598 -0.0120632768871 0.00750368872413 0.0183212553021 0.00148921294672 0.0349838418729 0.00736808826739 -0.000823301264154 0.0142583828967 
-0.000374019801055 0.00954257177563 0.0316273136838 0.0135864676386 0.00531704523465 0.0163574079093 0.0180002262786 0.00298279478887 0.00297008040205 -0.0109793011639 0.0191452497269 -0.011556192313 0.193335537913 0.0119489101461 0.0656019108383 0.0150366595751 0.00935061959056 -0.00740816520486 0.00837572829733 -0.00102175872244 0.00782785179347 0.0229801757939 0.00203538862576 0.0010039358777 0.0267921971182 0.0298949659941 0.0136767687214 0.0489490932575 0.0150542406304 0.0150662238183 0.00228374402508 -0.0199308982439 0.0161813394525 0.00492344979504 0.0157073011155 0.0256201950143 0.0234461931035 0.00964875930015 0.0210419311335 0.0199624975188 0.00319207072637 0.0159048371047 0.00840362161271 0.0256519819503 0.0413194715874 0.0145302577098 0.0164654257147 0.0278455652269 0.0224381279526 0.0082740053662 0.0183739612361 0.026943146656 0.0301995675933 0.0215518981506 0.00139168089249 0.0237010362882 0.0123839459613 0.049566003447 0.0219779928846 6.2237180058e-05 
0.0141769848232 0.021927412388 0.006357676039 0.011502212832 0.00950352982986 0.0111116188869 0.00648689298164 0.00691071758354 0.0148260923231 0.00760802606895 0.0150341361908 0.0111852506871 0.0119489101461 0.100044070101 0.00104823001154 -0.00272911206337 0.0162526674277 0.00241112521175 0.0096796550804 0.00491985682086 0.0152150438431 -0.0114214115853 0.0137504460887 0.00815570165853 -0.00306638445331 0.01812256509 0.00910773701944 0.00502806377899 0.00475313532888 0.0112685795664 0.0307415672133 0.0220235278711 0.00599935571088 0.0228090836101 0.0134130652467 0.0168908521137 0.0148917982548 0.0208101429878 0.00527072536858 0.0102766872587 -7.48164127846e-07 0.00387081356668 0.0116372173084 0.02238703168 -0.000694507502285 0.00012057434675 0.0189152535289 0.0155987976426 0.0156734390746 -0.00148350175446 0.0081951365153 -0.00248568684467 0.0137533591867 0.00506544252115 -0.00928183267795 0.0170610573099 0.0226153134903 0.00754365924263 0.00421699138358 0.00741454717839 
-0.00165992219535 -0.000391314358483 0.0642934725393 0.0175915262645 0.00416877865739 0.00443473949963 0.0156342920666 0.0138659833701 0.00357115514628 0.0140083174442 0.00288698832056 0.0100636305826 0.0656019108383 0.00104823001154 0.466506499426 0.0272852959743 0.0028907298655 3.54458040715e-05 0.0136624524574 0.00322140845358 0.0129943824867 0.0327430759666 0.0328098722956 -0.00121338489501 0.030309663896 0.0199439910177 0.00316052995574 0.0137382107805 0.0109036231235 0.0180577579302 -0.00378187453971 0.0355096734035 -7.08425583652e-05 0.0131975418956 0.0080979808592 0.0103987747531 0.0128948848601 -0.0251254317237 0.0217426466446 -0.00351623776498 0.0238482649869 0.00900018743312 0.0412293860748 0.0129149696363 0.0433741026765 0.00857463342202 0.00717042193057 0.0120737732317 0.00464277321903 0.0107987306745 0.0147399071115 0.037826434415 0.0333104466412 0.0346758214895 0.000209628129788 0.00831019699031 -0.0232236721533 0.0345268629958 0.0313652979016 0.0406265466229 
0.0186612931622 0.00811367013877 0.0150935888372 -0.00338304724253 0.0140860691176 -0.00991589716279 0.00356489789737 -0.0178208202456 0.00555119270972 0.0381670347259 0.00460576158792 0.00866164421742 0.0150366595751 -0.00272911206337 0.0272852959743 0.322913132318 -0.00262715713213 0.0179835952714 0.0200149640425 0.0189893844786 0.00270558921936 0.0970615368493 -0.0119833060255 -0.00893602357416 0.00173074680212 -0.000721451645377 0.00400653939051 0.085118499987 0.0220755782157 0.0041321836953 0.000517732334306 0.0204744437379 0.00406270650765 0.0114747075412 -0.00601118256759 -0.0133705932165 0.00350713519031 0.00579732705703 0.0185779097839 -0.0164440465936 0.0268006338191 -0.0330059808336 -0.00499359828336 0.0210613143322 0.0314681986106 -0.0195938652213 -0.0154705001268 -0.00745575737596 0.00345751001373 0.0367204099809 -0.0036677546747 0.022886500726 0.104645336814 0.065947918083 0.00232875503944 -0.00649059438797 -0.00526604781234 0.132222274439 0.108485661643 0.0332203180061 
-0.00722109279936 0.00589803361597 -0.00683172910037 0.00701565575285 0.00644785993146 -0.00632090303661 0.0237290784093 -0.00082655214756 0.0104220783221 -0.00223410635985 -0.00588879914755 0.0120172316399 0.00935061959056 0.0162526674277 0.0028907298655 -0.00262715713213 0.184302858074 0.00722582961216 0.0203960292755 -0.000703468230554 -0.00224740483844 -0.00227915098608 0.00831904344792 0.0111485086751 0.0153206123725 0.00705384637458 -0.0032467006846 0.0131385988831 0.0201138074916 0.0231197156688 -0.0130878153788 -0.00419858752258 0.000797967305862 -0.0143376293516 0.0033393328422 0.00911907625973 0.0072916553694 0.00624810590853 -0.00285235264928 0.00584177430776 -0.0263404026574 -0.00699742633359 0.00168502633801 0.00855869957646 -0.00133975548354 0.0211705534525 -0.00172712020708 0.020669822918 0.00336629083994 0.0173971851303 0.000450666413985 -0.00282042217065 0.0143805059123 0.0133960706015 0.0126328409509 0.0089069590573 0.0161982524518 0.0102093310998 0.0122218809792 0.00630063398291 
0.0112865243647 0.00170042177442 -0.00629399721398 0.0108340463744 0.0145630608542 0.00787656276983 -0.00872750281666 0.00659334348864 -0.00643288279665 0.0195864705159 -0.00640969439706 0.0301416851267 -0.00740816520486 0.00241112521175 3.54458040712e-05 0.0179835952714 0.00722582961216 0.320687568857 0.00918563094596 0.0107572274602 0.0155560187816 0.00349796007187 0.00516459546925 0.00959589121877 0.0281935172755 0.0125132751368 0.0203649854067 0.025949974749 0.0184949814448 0.00867773479469 0.0219341334219 0.0792193421979 -0.00135875875067 0.0136188939288 0.0206414631001 0.00440157557708 0.015411587778 0.0286337177407 0.0226071887473 0.00443454463748 -0.00112733558998 0.00317100220939 0.010783516705 0.0134664075002 0.000279244635612 0.0471786744378 0.0166465638536 0.00154936360051 0.013965257342 -0.00723305188439 0.0297110881227 0.0189963058795 0.0259720831528 0.0359195322657 0.0239962878503 0.0182696219272 0.0226698973819 0.03180899708 0.013055628192 0.0209654388079 
0.0130525081826 -0.00368295432062 0.0151706368635 0.00847781727376 -0.00287949389267 0.00277670104923 -0.00214097986289 0.00836282554077 0.006006745627 -0.0153522189039 0.0165559799305 -0.00977846869521 0.00837572829733 0.0096796550804 0.0136624524574 0.0200149640425 0.0203960292755 0.00918563094596 0.258500372228 0.00211945985037 0.0019062744446 0.0189923155283 -3.81076557454e-05 0.00173078738026 0.00338037347403 -0.00539801279648 0.0266713126749 0.0215606583758 0.006947349473 -0.00864407180926 0.0106286273796 0.0259332201077 0.00254941705886 -0.00119043577978 -0.00375966468639 0.0161566668012 0.00585441585069 0.00691763790712 -0.0164327206247 -0.00325980467584 0.000622804260481 -0.00668999527132 0.0293612047008 0.00422512941201 0.0160423715367 0.0091585901457 0.0110564487264 0.0103673633243 0.0166306313036 0.00904431809542 0.00113032920799 0.0115083937416 0.0277947875124 0.00834770299099 -0.0046081527762 0.00906756357925 -0.00847396406284 0.0207046981106 -0.00436185812808 0.0279116649642 
0.0193003755052 0.000696787393309 0.00499875495974 0.013999517092 0.00457950777659 0.000149978460523 0.00839219590599 -0.0157794284521 0.00099943312153 -0.00562583089174 -0.026586411963 0.0197908923253 -0.00102175872244 0.00491985682086 0.00322140845358 0.0189893844786 -0.000703468230554 0.0107572274602 0.00211945985037 0.436209646157 0.0132528085261 0.0224580785639 -0.00547061083667 0.00707213383402 0.0129303855404 0.00850092755764 0.0226159398629 0.0158194177877 0.0145478281859 0.0194399088041 0.0172934276882 0.00241028663175 0.00874523048328 -0.0085063857382 0.00600048053302 0.00084617977754 0.0107651889543 -0.00738562927447 0.050843382656 -0.00847609054825 -0.0154310354741 0.0115338400741 0.00896241187373 0.00337241154608 0.0064332142959 0.0223273064377 0.0119871631381 0.00632410298991 0.0080972793251 -0.00268064659999 0.00733444050082 -0.0107203263829 0.00755056951522 0.00509878259877 0.00475398640881 0.00383053428895 0.0112775131333 0.00713085969647 0.017736257712 0.0187427597288 
0.00640670591421 -6.54449640719e-05 -0.00386223629828 0.0310316696381 0.0192448021175 0.00590241707718 0.00411948776117 -0.00111924794533 0.0352186641523 0.0232137248682 0.0240126982853 0.0260940215922 0.00782785179347 0.0152150438431 0.0129943824867 0.00270558921936 -0.00224740483844 0.0155560187816 0.0019062744446 0.0132528085261 0.219094402637 0.0109218024872 -0.0239746832112 0.0216562311402 -0.012328467769 0.0280458256576 0.0462927503767 -8.11395538356e-05 0.0392342116442 0.0188998623544 0.0306851300626 0.0186891853787 0.028353596105 0.0131673374503 0.0461427637875 0.00697519571425 0.0199204666471 0.00362056063327 0.045894037091 0.00531172462832 0.0251666789454 0.0379038123727 8.96297796197e-05 0.0237507327924 0.000281006062186 0.0167298758788 0.0109935340552 0.0216615730436 0.0291763357453 0.02716149295 -0.00698110273116 0.0121836810999 0.022625664213 -0.00922324133482 -0.00340371658222 0.00845752970152 0.0164724185307 -0.00263145946924 0.000698523460271 0.027578167936 
0.0155859036775 -0.0162640296926 0.0243103491934 0.0183252814951 0.00484435410714 0.0139649847895 -0.0100658702022 0.0180123953379 -0.016619482029 -0.00154535306422 0.00323926591643 0.00417582566692 0.0229801757939 -0.0114214115853 0.0327430759666 0.0970615368493 -0.00227915098608 0.00349796007187 0.0189923155283 0.0224580785639 0.0109218024872 0.318146904773 -0.014302007194 0.0046272781556 0.0134693408559 0.00989839955579 0.013782281553 0.103906080517 0.0109887322474 0.00840866264687 -0.0139953662087 0.0321513828574 0.0146347519243 0.011777060932 0.0331659714613 0.0171982180333 0.0166634741597 0.0114447055784 0.0104362775989 0.00961666390208 0.00967850116299 -0.00230842605061 0.0192370254195 0.0307455011797 0.0209707667019 -0.0105065514374 -0.00103202182834 0.000155840307889 0.00722490469969 0.00485609328127 0.000820663631485 0.0122798573697 0.122990696237 0.0753614709847 0.00683415178498 -0.00736304126834 0.000558234491078 0.146300909241 0.144025747318 -0.00355811589091 
0.0183235341848 0.0193843614333 -0.0046367997066 0.0378085132166 0.0420858300894 0.0188794792104 -0.0239968713007 0.0675693005297 0.0121015287716 0.00605354361438 0.00343624562044 -0.0138884698258 0.00203538862576 0.0137504460887 0.0328098722956 -0.0119833060255 0.00831904344792 0.00516459546925 -3.81076557453e-05 -0.00547061083667 -0.0239746832112 -0.014302007194 0.354186239649 0.0374914969293 0.0119944187231 -0.000639456308498 -0.0193625311884 -0.0100530671406 -0.00390320551692 0.0384732016508 0.00932544757541 0.00260367627376 0.00340088986466 0.0058419233412 0.00969989741875 0.0144013979594 -0.0106095816035 0.0186842512353 0.0111131873367 0.0104426667308 0.0487261103681 -0.00172641486381 0.00530973611488 0.0204799758671 0.0340861656174 -0.00744581485466 0.0216637990452 0.0149294261371 0.0143922254208 -0.00270363171327 0.0168684979785 0.00538111955059 -0.018930152871 0.00818547277682 0.00762713377453 0.0183478360415 0.00936464633108 0.0183724263437 0.0203693520903 0.0145617181015 
0.021655728198 0.0136489775037 0.00230104589012 0.124527916049 0.0022082745047 0.00151156032295 -0.000710799414898 0.0462541650145 0.0540547140498 0.0550462367459 0.010789278608 0.0168928752718 0.0010039358777 0.00815570165853 -0.00121338489501 -0.00893602357416 0.0111485086751 0.00959589121877 0.00173078738026 0.00707213383402 0.0216562311402 0.0046272781556 0.0374914969293 0.249333875324 0.0394621314264 0.0147631299434 0.0462418909262 -0.00337056705651 0.0423098582768 0.0357383429201 0.0195547084418 0.0213960102609 0.0276348818141 0.00510948901907 0.0360849525112 0.0172262120042 0.031330722192 0.0348787622055 0.0168189967224 0.0384096069862 0.010318431101 0.0310554348027 0.0267351419857 0.0313028294949 -0.00259169126139 0.0183153401145 0.025399022857 0.00997031070202 0.00214930492934 0.0208905108437 -0.00573674055501 0.0126894258169 0.0240001121907 0.00752984093824 -0.0130602330296 0.0278028583274 0.0175522795499 -0.00943731641426 -0.000517927813677 0.00378290026841 
0.00453733422915 0.00929866323962 0.0225554507848 0.0289752492783 0.0108900658543 -0.0108581196189 -0.0042147781101 -0.00109645788935 0.018991436729 0.0175950058498 0.0168033603028 -0.0053485747284 0.0267921971182 -0.00306638445331 0.030309663896 0.00173074680212 0.0153206123725 0.0281935172755 0.00338037347403 0.0129303855404 -0.012328467769 0.0134693408559 0.0119944187231 0.0394621314264 0.217961796337 0.0178453690704 0.0382670300691 0.0188690219352 0.0183737408801 0.031515159955 0.0427605788188 0.00292436846292 0.0163042342487 0.015271014732 0.0213628270339 0.00297672749241 0.0187268685851 0.0225617181801 0.035682574241 0.00978656176505 -0.0242887535585 0.00711524907167 0.00600343703996 0.0386534126355 0.0159491491337 0.0221072832919 0.00929909098431 0.0168867334329 0.0233804404645 0.0118270770952 -0.0101896583177 0.0167418639841 0.0253447979078 0.0156345249844 0.0155798882241 0.0188089445971 0.00925608749569 -0.00202672466576 -0.000853817529355 0.00394316777087 
0.0104575364316 0.00749421823244 -0.0025942753671 0.0170833538345 0.030446483266 0.0124367783208 0.0130548497699 0.0192534121449 0.0354010342341 0.0213268556719 0.0280951512057 0.022426229668 0.0298949659941 0.01812256509 0.0199439910177 -0.000721451645378 0.00705384637458 0.0125132751368 -0.00539801279648 0.00850092755764 0.0280458256576 0.00989839955579 -0.000639456308498 0.0147631299434 0.0178453690704 0.137734149516 0.0268224173304 0.00267184303281 0.0184765014523 0.0113399121127 0.00717746995343 -0.00572253256947 0.0083805666873 0.0253156339965 0.0165475394563 0.0198066284082 0.0232367279959 0.00842454432832 0.0288947816852 0.00452886275515 0.00661285886877 0.0189018678651 0.00765836078485 0.0156414123785 0.0154568082079 0.0192187166303 0.0108948594271 0.0239102547063 0.0166767814488 0.0101319174273 0.0341111996395 -0.00733860803836 0.0119408442476 0.0141481668257 0.0275087846171 0.0165611203426 0.0162485620257 -0.000527337463655 0.00335534281065 0.0105320275157 
0.0312782289996 0.0061814570747 0.00367133147306 0.0629667760046 0.0315441804079 -0.00672883177356 0.034403703567 -0.00296737988476 -0.0139204813041 0.0793195960509 0.00244591072875 0.0292496348205 0.0136767687214 0.00910773701944 0.00316052995574 0.00400653939052 -0.0032467006846 0.0203649854067 0.0266713126749 0.0226159398629 0.0462927503767 0.013782281553 -0.0193625311884 0.0462418909262 0.0382670300691 0.0268224173304 1.30980258972 0.0105617342155 0.0737606195427 0.0301708770729 0.0802098849297 0.00794593876568 0.0329326760158 0.0170038283052 0.00928471287143 0.00285052015208 0.0389113335277 0.00934283249308 0.0514619121778 0.0214782151525 0.0470113435681 -0.0301169923192 0.00930933353779 0.0296049794821 0.0133966020369 0.0864814405259 0.0110691675501 0.0179991371714 0.0183620247025 0.0236213359291 -0.0131205152637 -0.00141174587078 0.0874118635983 0.026141217385 0.0108739470702 0.0214853983015 0.0115592854086 0.0099800469773 0.0111344413104 0.0108801932264 
-0.00553980436742 0.0127648190271 0.0383548381218 0.0151507923687 -0.00186181844899 0.00905055380946 -0.0130001213392 -0.0145753517489 0.00162869824876 0.0173764988791 0.0208765159731 -0.0128696001959 0.0489490932575 0.00502806377899 0.0137382107805 0.085118499987 0.0131385988831 0.025949974749 0.0215606583758 0.0158194177877 -8.11395538356e-05 0.103906080517 -0.0100530671406 -0.00337056705651 0.0188690219352 0.00267184303281 0.0105617342155 0.372157862372 0.0155841688788 0.0252721988987 -0.0198782636755 0.0225188068822 0.020077532814 -0.00053274390865 0.000562780943245 0.000315891076728 0.00975095511968 0.0123189723636 0.00702233646225 0.00397405244284 0.00576286551355 -0.0149233273365 0.00738949933126 0.0142554578567 0.0335341398229 -0.0112180925698 0.0129891034083 0.0132874980056 0.013663836035 0.00531849917291 -0.00712316916211 0.025023721394 0.133855412393 0.0798376761752 -0.0155722321327 0.0177925890131 0.0170078385091 0.122799578371 0.113740972686 0.00533736522968 
0.062916335225 0.022654515441 -0.00200352369351 0.0218813373406 0.0066342834691 0.00260407730307 0.0259695904458 0.0200087725758 0.0150326729038 0.0714317874847 0.0171222568987 0.0196523780004 0.0150542406304 0.00475313532888 0.0109036231235 0.0220755782157 0.0201138074916 0.0184949814448 0.006947349473 0.0145478281859 0.0392342116442 0.0109887322474 -0.00390320551692 0.0423098582768 0.0183737408801 0.0184765014523 0.0737606195427 0.0155841688788 0.342264657065 -0.00329831774464 0.0879963712547 0.0296951238782 0.0207973766557 0.00693019991424 0.0197054397474 0.0137250082343 0.0297872742974 0.00304863876697 0.0361884519537 0.00749742141746 -0.0205469638873 -0.0111715661505 0.0156861994181 0.0193436575453 -0.00525741979004 -0.0255167285579 0.0052166683612 0.013694577125 0.0209826340523 0.0408395364515 0.00286644290057 -0.0142444381015 0.0551173794327 0.0192525947651 0.0248035279379 0.0234686886197 0.00756656549104 -0.00681466112707 -0.00910961515684 0.00613074216241 
0.0145824939069 0.0234769297224 0.00862753511486 0.0290327246025 0.00360592411833 0.00283908816526 -0.00128411613437 0.0305241206215 0.0251320195986 -0.000512780663112 0.0128847244285 0.0414454578903 0.0150662238183 0.0112685795664 0.0180577579302 0.0041321836953 0.0231197156688 0.00867773479469 -0.00864407180926 0.0194399088041 0.0188998623544 0.00840866264687 0.0384732016508 0.0357383429201 0.031515159955 0.0113399121127 0.0301708770729 0.0252721988987 -0.00329831774464 0.247412945217 0.00182641681211 -0.0035301770644 0.0138979059925 0.0221217446297 0.0177477422734 0.029192513348 0.0120792571723 0.0122301879045 0.0489812115511 0.0204092821107 -0.0129624421623 0.0318364423332 0.0082799828626 0.00557967933534 0.0025851554055 0.0134697890359 0.0158292463671 0.022991880513 0.0227146939186 0.00844944226705 0.022328658566 0.00556948118067 0.0208518853278 0.00958177157715 0.0128500566512 0.0478165109215 0.00831949181536 -0.00350578285797 0.0234596079932 -0.00129917205778 
0.0447897430068 -0.00841685235074 0.000205648349719 0.00972402187066 0.0067435929461 0.00103872321065 0.00644467992579 0.0163035794637 0.0237031034496 0.025555433705 0.0337397777879 0.0114452027782 0.00228374402508 0.0307415672133 -0.00378187453971 0.000517732334307 -0.0130878153788 0.0219341334219 0.0106286273796 0.0172934276882 0.0306851300626 -0.0139953662087 0.00932544757541 0.0195547084418 0.0427605788188 0.00717746995343 0.0802098849297 -0.0198782636755 0.0879963712547 0.00182641681211 0.327087499709 0.0149449420068 0.0299247101362 0.000852778534322 0.0136599747523 0.00791990880635 0.0243178521263 0.0252575838597 0.0257834819213 -0.00158094465527 -0.0188310164572 0.0100503378557 0.013462545764 0.0232397261269 0.00254278677465 -0.00174201819596 0.0216811069645 0.0140781742388 0.0214684362834 0.0195578134918 0.00344732861467 -0.000440222856755 0.0244436952752 0.00698056176537 0.00281632065737 0.00708624250735 0.040776903688 -0.00734358089275 -0.00403992833594 0.00607586932055 
0.0241887119852 -0.000149170098956 0.00743416906085 0.00643100211339 0.0636753169301 0.0433039086915 0.0331765149192 -0.00205478376811 0.0230008414641 0.0226842182634 0.000753562863374 0.0149382008287 -0.0199308982439 0.0220235278711 0.0355096734035 0.0204744437379 -0.00419858752258 0.0792193421979 0.0259332201077 0.00241028663175 0.0186891853787 0.0321513828574 0.00260367627376 0.0213960102609 0.00292436846292 -0.00572253256947 0.00794593876568 0.0225188068822 0.0296951238782 -0.0035301770644 0.0149449420068 0.422999447638 0.00974036671842 0.00910740929346 0.013768728932 0.00231092680418 0.0214109009075 0.0176942458705 0.00322031395106 -0.00332232178027 0.0474954726255 -0.0190494605963 0.0311967935502 0.0324920593619 -0.00145315024037 0.00361526612776 -0.0139277035664 0.00912421454179 0.0100866255052 -0.0127530779196 -0.00251131155117 0.0184768755627 0.00591149873242 0.0309216718465 -0.0309260990318 -0.0121558932421 0.00194043932046 0.0138060124464 -0.00073003415461 0.0078301570277 
0.00772749730395 0.0152012318528 0.00789766533653 0.0198714177986 0.00947073753275 -0.00592267083172 0.00262861785151 -0.00230742260834 0.0242374270945 0.00631893756623 0.00653110210851 0.00746575425915 0.0161813394525 0.00599935571088 -7.08425583651e-05 0.00406270650765 0.000797967305862 -0.00135875875067 0.00254941705886 0.00874523048328 0.028353596105 0.0146347519243 0.00340088986466 0.0276348818141 0.0163042342487 0.0083805666873 0.0329326760158 0.020077532814 0.0207973766557 0.0138979059925 0.0299247101362 0.00974036671842 0.128765989667 0.0212385732392 0.024431564213 0.014591356614 0.018183891659 0.00160494714386 0.0352930904798 0.0190048587087 0.00413354753911 0.00345412071573 0.0151742605913 0.0194445416207 0.0129215894684 -0.00855104896395 0.00380725906813 0.0101608817504 0.00969352701413 0.0156209005946 0.000817017388732 0.00928129694787 0.00662579645835 0.00329024803862 0.00864654783929 0.0111744391192 0.0155497043602 0.0205177060535 0.0213626849126 0.0142747250532 
0.024417104522 0.011116576473 -0.00379513231767 0.0217769854482 0.0112216480886 0.00208555215582 0.00791597746472 0.0106579241412 0.0231719474172 0.0257848549496 -0.00170171666208 0.0200219990474 0.00492344979504 0.0228090836101 0.0131975418956 0.0114747075412 -0.0143376293516 0.0136188939288 -0.00119043577978 -0.0085063857382 0.0131673374503 0.011777060932 0.0058419233412 0.00510948901906 0.015271014732 0.0253156339965 0.0170038283052 -0.00053274390865 0.00693019991424 0.0221217446297 0.000852778534323 0.00910740929346 0.0212385732392 0.175443429419 0.012475492055 0.00904202405506 -0.00341497926459 0.0239366982955 0.018829280925 0.00200383843032 -0.0263302111736 -0.0033495504344 0.0042336385231 0.0181509582762 0.0036852013877 0.00874292014865 0.0153294722562 0.00113288498389 -0.00348101327606 0.00175975071064 0.00333064220463 0.00524614099591 0.0134423241145 0.0184473727177 0.025238857188 0.00207544621356 0.00676468153418 0.0268751884795 0.0146250464508 0.0257222631491 
0.00970304444153 0.0138548419638 0.0298249946613 0.0307488479338 -0.008295691513 0.00370054954949 -0.00347387586402 0.0318069940091 0.0203014204631 0.017634352588 0.0296069172474 0.0102382724621 0.0157073011155 0.0134130652467 0.0080979808592 -0.00601118256759 0.0033393328422 0.0206414631001 -0.00375966468639 0.00600048053302 0.0461427637875 0.0331659714613 0.00969989741875 0.0360849525112 0.0213628270339 0.0165475394563 0.00928471287143 0.000562780943245 0.0197054397474 0.0177477422734 0.0136599747523 0.013768728932 0.024431564213 0.012475492055 0.196665535636 0.00612157226936 0.00106014566931 0.022538505383 0.00255504999703 0.0331267342273 0.0150288375429 0.0111061160918 0.00528133718921 0.033560355921 -0.00191894868957 -0.002733512468 0.0125673568992 0.0126582228803 0.00741986417182 0.00934983294598 0.0116049530876 0.0180460628966 0.0249787106923 0.00995242210314 0.00280629929522 0.0200539009546 0.0151992777334 0.013983264073 0.00933730578415 0.0222250718888 
0.0281160692671 -0.00143547264159 0.00877697910413 0.025583396464 0.0112168734776 0.0141622061679 -0.00216230947842 0.015097789579 0.0205661969432 -0.00839726095533 0.00261030409074 0.0114902985601 0.0256201950143 0.0168908521137 0.0103987747531 -0.0133705932165 0.00911907625973 0.00440157557708 0.0161566668012 0.00084617977754 0.00697519571425 0.0171982180333 0.0144013979594 0.0172262120042 0.00297672749241 0.0198066284082 0.00285052015208 0.000315891076728 0.0137250082343 0.029192513348 0.00791990880635 0.00231092680418 0.014591356614 0.00904202405506 0.00612157226936 0.117068940879 0.0205641541565 0.00876469832414 0.0250727845058 0.0254205743382 -0.00970206122445 0.0223334708381 0.012911096508 0.023641739442 0.0154484285208 0.0173384653919 0.0291154644298 0.0355437309644 0.0283894276316 0.00937893383457 0.00147856605519 0.0145135620101 0.0108153813315 0.0197088546951 0.0084633795724 0.0370339991348 0.0183101287735 0.0070788242147 -0.00795392109435 0.0105950409783 
-0.0043154241588 0.0112318027895 0.0197755889363 0.0326015017068 0.0142962487098 0.008888116763 -0.0022736612667 0.0132069388562 0.0210511190621 0.0441430640005 0.00312283759532 0.0156734050635 0.0234461931035 0.0148917982548 0.0128948848601 0.00350713519031 0.0072916553694 0.015411587778 0.00585441585069 0.0107651889543 0.0199204666471 0.0166634741597 -0.0106095816035 0.031330722192 0.0187268685851 0.0232367279959 0.0389113335277 0.00975095511968 0.0297872742974 0.0120792571723 0.0243178521263 0.0214109009075 0.018183891659 -0.00341497926459 0.00106014566931 0.0205641541565 0.200182953311 0.00873466392801 0.00623548926597 0.0147917834293 -0.015430649557 -0.00563861142934 0.0110496371341 0.0118034336069 0.0203485613586 -0.00728824815727 0.0220404162141 -0.00126401288395 0.0289549687332 0.0174619043826 -0.000233597243269 0.00782033806463 0.0172870656577 0.00447861110532 0.022720724457 0.0184512973474 0.0324771670275 0.0202525638727 0.00611561107192 0.0290238698882 
0.0300104286551 0.00704214337372 0.0377730531543 0.043346681337 -0.00450639862162 0.0186051782311 0.0117348460239 -0.0100198179736 0.0586605581788 0.0117963587877 0.0136325914428 0.00507769507484 0.00964875930015 0.0208101429878 -0.0251254317237 0.00579732705703 0.00624810590853 0.0286337177407 0.00691763790712 -0.00738562927447 0.00362056063327 0.0114447055784 0.0186842512353 0.0348787622055 0.0225617181801 0.00842454432833 0.00934283249308 0.0123189723636 0.00304863876697 0.0122301879045 0.0252575838597 0.0176942458705 0.00160494714386 0.0239366982955 0.022538505383 0.00876469832414 0.00873466392801 0.197535658472 0.0293424972915 0.00807747193614 -0.000141636200394 -0.00214103048165 0.0118981344076 0.066226248471 0.020369852133 0.0148231212777 0.0232649494248 0.0327920894112 0.0322414088179 0.0159134336508 0.0158860321304 0.0169144275373 0.0232784249644 0.00532997149588 0.0105959734489 0.0393501906782 0.0259272821413 0.0141949570669 0.0379841320296 0.00579781096125 
0.0394487893719 0.0133471904918 0.0224945969663 0.0122747887917 0.00862891603287 0.00424127574575 -0.00153543620796 0.0284328935475 0.0453165846899 0.00923423926497 0.00125729225053 0.0186282275677 0.0210419311335 0.00527072536858 0.0217426466446 0.0185779097839 -0.00285235264928 0.0226071887473 -0.0164327206247 0.050843382656 0.045894037091 0.0104362775989 0.0111131873367 0.0168189967224 0.035682574241 0.0288947816852 0.0514619121778 0.00702233646225 0.0361884519537 0.0489812115511 0.0257834819213 0.00322031395106 0.0352930904798 0.018829280925 0.00255504999703 0.0250727845058 0.00623548926597 0.0293424972915 0.391095281338 -0.00231136299551 0.000643373877049 -0.00283154814867 0.0168102533924 0.0198907433806 0.0236474809376 0.00971596124777 0.027773798258 0.0325239761299 0.0451622341534 0.0220960217752 0.051206173954 0.000523080706203 0.0648924406192 0.00803466983324 0.0173539468016 0.0250748827146 0.0150676594884 0.0240668291058 0.0201762075463 0.0146338826004 
