60
0.00787829448736 -0.00305157485537 0.0423549004831 0.0370780174455 0.0114549593271 0.0413299620627 0.0598638009539 0.131188957491 0.0243185800675 -0.0290439391383 0.0194782181544 0.00238062118955 0.0431320253577 0.104550469133 0.0762578269544 -0.00139328324831 0.135848421796 0.085684238521 0.0493934577213 0.0566389432936 0.00642009941462 0.134360436546 0.0524718958424 0.0358419118375 0.151477321577 0.104921073146 0.0714432896303 0.00792878112812 0.28152338764 0.119808933935 0.0962618702605 0.0451759103614 0.00788248566947 0.00477989818121 0.00791209609274 0.0277880817415 0.0110311255814 0.234070828585 0.0914492870129 0.0339335468557 0.0445332570478 0.0677272644226 0.0948967479515 0.10643743266 0.0771685990004 0.116406698245 0.0464034886179 0.0649337142294 0.0524452719686 0.0621428512979 0.0831393543584 0.110057805124 0.0994766710856 0.0444525953717 0.0680936188342 0.0445346556631 0.0798623823862 0.0463620133958 0.149701567326 0.0466490289559 
0.144266651924 0.0102275950936 -0.0013806231101 -0.0044979518242 0.000966781267891 0.0232923376454 0.0110069856845 0.008046460179 0.00948674750099 -0.00161533673016 0.00148034653877 0.00904603168417 0.0288032265356 -0.0104140903095 0.000979397575971 0.0148420854891 -0.0024402019943 0.0119828142379 0.0220947907284 -0.00364050363312 0.00749122028826 0.00362231774775 0.00254542732728 -9.27305990701e-05 -0.0182035422816 0.0186094094719 0.0308047325669 -0.00851705338859 -0.00208237572524 0.0179838661379 -0.0138961359971 0.00482661172209 0.00334687792481 2.27294860709e-05 0.00524355447719 0.0138653293813 -0.000636607130375 0.0244797566569 0.0229514153573 0.0169608517412 0.00915788615177 -0.00420787558983 -0.0070164391173 -0.00873816529408 0.0152531504416 0.00363568714415 0.0128060141757 0.00723380820387 0.00478552408377 -0.00528426423155 0.016061439885 0.0330948486885 0.0149027248045 -8.43460073764e-05 -0.0110631329123 0.00311648100347 -0.000329298523733 0.0116680000295 -0.0106644511604 0.000217514003989 
0.0102275950936 0.207824627319 0.0129674297753 0.00734988860796 0.0144187254563 0.0188361378639 0.0240150474301 -0.0149589110151 0.00272935148784 -0.00445377086584 0.00922479103557 0.0183324081435 0.0305848240425 0.0262154014461 -0.0186987359968 0.0155943453714 0.0250460972444 0.0182152342634 0.0106507543025 -0.0184345198594 0.0197900001639 0.0314675466237 0.00524001236693 0.00368197044716 0.00350299741482 0.0119239802793 1.96323699702e-05 0.015904335942 -0.0101235267664 0.00417215182684 0.0154230712245 0.0339254635892 0.0167317235769 0.0171973327454 0.010331352895 0.0101223984486 0.0112754709829 0.0396931556709 0.0370354452885 -0.000430464105373 0.0157924120457 -0.00282906237951 0.00435915824693 -0.00834215692035 0.0303426968104 0.014641639027 0.00829605065742 0.0113897722001 0.0358541135109 0.00455374102894 0.0102680296418 0.0249480023203 0.0155170490491 0.0126482378822 0.00569931399431 0.0102060973821 -0.00595677303644 0.0347925131888 0.00518592833418 0.00690845817585 
-0.00138062311011 0.0129674297753 0.207311353038 5.79192435127e-05 0.00465336202699 0.00953205763324 0.00847549473439 0.0175239378691 -0.000813242522684 -0.00369602201043 0.0179347383728 0.0191633337385 0.032889255807 0.0385223536152 -0.0176062149474 0.0161779303486 0.00763484323616 0.00344053110189 -0.00384105294585 -0.0184676678115 0.0186147999272 0.00287734979393 0.0188333610445 0.0011593320208 0.0531716246025 -0.00901927310823 -0.0199850642 -0.00018319034819 -0.00924432050598 -0.0024025185976 0.0255682155836 -0.004796389212 0.0139242260952 0.00293503612683 0.0116519727047 0.0214584026909 0.0181877618369 0.0263755817441 -0.0103731799279 0.0284253965994 0.00649094944881 -0.00316707741486 -0.0050876028424 -0.00485231923241 0.00183192079758 0.0228931607738 0.000127794469264 0.0134553129615 0.00250236803215 0.00195012558355 -0.00853254671565 -0.00760369050807 0.0140471719933 -0.00771658404556 0.00463844245613 0.0218751653241 -0.0046625679835 -0.0128630127297 0.0113609532215 -0.0121820564558 
-0.0044979518242 0.00734988860796 5.79192435148e-05 0.188425952494 0.0300583730877 -0.00387866211994 0.0176743543122 0.00855799631651 -0.000982020358564 0.0179372792857 0.0397510832107 0.0124550490622 0.00996620089005 -0.00260500228211 0.010358741285 0.0171709069829 0.0256941549281 0.0209274367997 0.0140811582939 0.0057056106712 0.0164267306795 -0.00283809781982 0.00823387429008 0.0265313660053 0.0215126998606 0.0203896368356 -0.0127926264566 -0.000658377162343 -0.00853963608202 0.012190271197 0.0163012353092 0.0111026651679 0.0194681842722 -0.00268556313513 0.00701913720281 0.0202473105131 0.0190931103424 -0.000813101830375 0.042602532735 0.00232828431521 0.0271198719311 0.0222893945375 0.0107812304054 0.00956210480179 0.0250243908222 0.00833162670838 -0.00156748273333 0.0284794698506 0.0277838730427 0.0180175783801 0.00309603262702 0.0314734757456 0.0306293443676 0.0118787933408 0.00690768059671 0.00147784885216 0.0147313645708 -0.00679400343366 -0.000624437734169 0.0122488972445 
0.000966781267891 0.0144187254563 0.00465336202699 0.0300583730877 0.156975626611 0.0290740824379 0.0291034076428 0.0279833210796 0.00781347853098 -0.00112328174938 0.0284155788538 0.00692112748697 0.024196486086 -0.00939686648709 -0.00590438772237 0.0119758608274 0.0136082404686 0.00880802892797 0.0201374393431 0.0112520226869 0.0146237202114 0.0183673194458 0.010589124497 0.0128215640228 0.0256786819775 0.021402223244 -0.00309829691028 0.0184423042418 -0.025051686691 -0.00253726420192 -0.00530827935948 0.0184754492401 0.0239672153457 0.00998751837694 0.0141603880408 0.0142101056087 0.0165031496502 0.0100437900773 0.0169288992276 0.0182611177751 -0.00349959269687 0.0252074050657 -0.00628172397795 0.00789818537258 0.0195498993922 -0.0036529173184 -0.0010930828645 0.0115905624225 0.0223519940777 0.0210508491298 0.00745466190259 0.03296772069 0.00344922902146 0.00802384989461 -0.00661437236137 0.0114470601969 -0.00810972255599 0.00106001810877 -0.0147110650245 0.0115521227475 
0.0232923376454 0.0188361378639 0.00953205763324 -0.00387866211994 0.0290740824379 0.281736116333 0.0139217445904 0.0372418676222 0.00464545210587 0.0140913514601 0.0274263813808 0.0115628153899 0.010662846231 0.000980516170901 -0.0151637383696 0.0138454448833 -0.00158750138385 0.00102155352534 0.00334895219162 0.00358555332564 0.00914389934504 0.014495968605 0.00533729589655 0.0417468611275 0.0111973305437 0.0336325970567 0.0160384850908 0.0273252453226 -0.00691826688992 -0.0204523037621 0.0136544113674 0.0165565682043 0.0412888997731 0.00342262448839 0.00393438103036 0.0159249901687 0.0103258877208 0.00239405023699 0.0254414209765 0.0123663097577 -0.00243032682194 0.00541553422998 -0.0032458477124 0.0115142216628 0.0219350677353 0.0163025576325 -0.000359240136433 0.0241557732168 0.0151553736063 0.0179803622736 0.0212671039875 0.0269013186461 -0.0126730285574 -0.0124099492277 0.0149707437435 0.0034375153775 -0.0124582978833 0.00414626508365 0.00264447740859 0.0384806026463 
0.0110069856845 0.0240150474301 0.00847549473439 0.0176743543122 0.0291034076428 0.0139217445904 0.17013585551 0.0289445989037 0.0341069813911 -0.0053485807873 0.0324698445058 0.0187913386708 0.0227754298007 0.0281916993107 0.0353635863477 -0.00207058152402 0.0105696428652 0.00349989934909 0.0196548427679 0.0112100607079 0.0208014583654 0.0357612254521 0.0106063477682 0.0251217409586 0.00747816113097 0.0167238966697 -0.0161305989407 -0.004201042731 -0.0127038461728 -0.00794481385858 0.0236433290208 0.0129114452413 0.0153418862959 0.030144566385 0.0112677975424 0.0247956906552 0.0293934209271 0.0274908459721 0.0426308069677 0.0102435613523 0.00562297346802 0.0123907420375 0.00102272104179 0.02139701083 0.0728252961944 0.0378974711793 0.00811664698875 0.0152447509412 0.0161765848128 0.0226978459398 0.0289573296568 0.0468247508039 0.0286972367755 0.0146018961933 0.0293773838042 0.0472880091553 0.00906415340564 0.0169443923349 0.014982679682 0.0199350957097 
0.008046460179 -0.0149589110151 0.0175239378691 0.00855799631651 0.0279833210796 0.0372418676222 0.0289445989037 0.374481246149 0.0177410454694 0.0169821680706 0.0387514172481 0.027774225617 0.0291329465331 0.0157804241459 0.00162495598917 0.00579245188954 0.0488245444992 0.028980201684 0.0290560388498 0.0311009837026 0.0205251351678 0.0168314839407 0.0293549543992 0.00329941690629 0.0369735851879 0.0687574771228 0.0295454835583 0.0108640356907 -0.0310601565939 0.00903166482285 0.0400522161143 -0.0040049947594 0.0556144490843 0.0199669626485 0.0137990745286 0.0279612333443 0.0100283087246 0.052858494927 0.0417659727005 0.0285883795862 0.0105603833242 0.0270370810455 0.00636117085377 0.0196835254822 0.0279189668182 0.0162358052007 0.00731586710802 0.00569902121404 0.0143223135113 0.0388738637448 0.0112771995292 0.0472963767652 0.0119261742554 0.0180877677302 -4.43254303142e-05 -0.015092962379 -0.0100793001858 0.0705095332999 0.0527446208365 0.0247552205652 
0.00948674750099 0.00272935148785 -0.000813242522683 -0.000982020358563 0.00781347853098 0.00464545210587 0.0341069813911 0.0177410454694 0.217964475771 0.00682699042093 0.00512743011363 0.0171984741745 -0.0237471043187 0.00280762173046 0.013331911241 0.0343443246097 -0.00805617538083 -0.0036157284857 0.0170049978284 0.0219209450208 0.00705927668976 -0.0125388895176 0.00887159650808 0.00775645566981 -0.00476670296264 0.0222924505734 0.0384790387451 -0.000342872193739 -0.00255512745105 0.0212387129247 0.0225302846141 -0.0277427551008 0.00298277826728 0.0133819166024 0.013923771632 0.00592801445205 0.0113182482217 0.0317536252295 0.035341425826 0.0196295264469 -0.00169487837867 0.00383887257882 -0.00597169604239 0.0116762610839 0.0250375505061 -0.0179272765918 -0.00377818209898 0.0132830331094 0.00818063972247 0.00871138815168 -0.000463939286447 0.0163203695749 0.00440880295673 0.0109550390791 0.0157087442719 0.00809018443018 -0.00343182402944 0.014338375865 0.0117380477163 0.0150427398827 
-0.00161533673017 -0.00445377086584 -0.00369602201043 0.0179372792857 -0.00112328174938 0.0140913514601 -0.0053485807873 0.0169821680706 0.00682699042094 0.320529791739 0.0082461415389 0.00900137547998 0.00596647962109 0.0500698753893 -0.010256518762 0.0122638506673 -0.00660958829745 0.00368174853663 -0.00457603297518 0.0323744515718 -0.000499552196314 -0.0243708186276 0.014166624077 0.0191242794232 0.0344833326727 -0.00547498504115 0.0118670793446 0.00256321437362 0.00397012775082 0.0134040675358 0.0170363651514 0.0104306900676 0.0209363061508 0.0164256587868 -0.00330615475251 0.00218045667696 -0.0031063448464 0.0589289169305 -0.0187348280969 0.0250559440636 0.0360191169693 0.0507952353223 0.0232546250646 -0.00311948337771 0.0062364322657 0.0463730274735 0.00809370281842 0.014013843432 0.0133349879931 -0.00330619659015 0.00353959969858 -0.0162002635567 0.0149084110946 -0.00199807468961 0.0226421712891 0.00693845002434 -0.00125161439156 0.046197557345 -0.0129798010995 -0.00705772261789 
0.00148034653877 0.00922479103557 0.0179347383728 0.0397510832107 0.0284155788538 0.0274263813808 0.0324698445058 0.0387514172481 0.00512743011363 0.0082461415389 0.152279711619 0.0121493571008 0.046252060377 0.00985952295008 0.0135066682199 0.011817957129 0.00994662795448 0.0140419054504 0.0286897817482 -0.00177312197264 0.0106752234771 0.00529204126939 0.0184862459274 0.0102692428459 0.0104408836155 0.0219321420019 -0.00140413572905 0.025871141702 0.0168821697982 -0.004898900523 0.0153679304434 0.00995766196114 0.0337635900354 0.015815325143 0.00917960633691 0.0377821648002 0.0138238565118 -0.00336706365791 0.038414940718 0.0199555908501 0.0124390371921 0.0300510304384 0.0132586961987 0.0045658255749 0.0258855764147 0.0289385093186 0.0127388624998 0.0194356910916 0.0174204979043 0.0273218237285 0.0148960821353 0.0461492805025 0.00143238406907 0.0207697229057 0.0145682977351 0.0176753158597 0.0107648589955 0.00387315678548 0.00361672762281 0.0086540190113 
0.00904603168417 0.0183324081435 0.0191633337385 0.0124550490622 0.00692112748697 0.0115628153899 0.0187913386708 0.027774225617 0.0171984741745 0.00900137547998 0.0121493571008 0.108643748117 0.00753976357523 -0.000741681316364 0.0123522275384 0.00771496333542 0.0139403363808 0.000316440356839 0.00671076079701 0.00587459616325 0.0501645425272 0.0278587178304 0.0102521866843 0.0151702615324 0.0312588902321 0.00418311284527 0.00573797333644 0.0120806037499 0.000243015038455 0.0114101956585 0.0261201854032 0.000383675058426 0.00253324883725 0.00744593687865 0.0106447217598 0.0180442494295 0.037047275965 0.00275397450535 0.033597810008 0.00597447271407 0.0171351700618 0.00317652780653 0.0113459236964 0.00274345749661 0.0329433043797 0.0131933527837 0.0108630814928 0.00973151648001 -0.00647839665647 0.016647171768 -0.000200827310152 0.0181269938819 0.0189454643654 0.0225346932023 0.0203442574241 0.0121126534918 0.0266060412604 0.000269968930445 0.00746310410515 0.000595099900166 
0.0288032265356 0.0305848240425 0.032889255807 0.00996620089005 0.024196486086 0.010662846231 0.0227754298007 0.0291329465331 -0.0237471043187 0.00596647962109 0.046252060377 0.00753976357523 0.355618578345 -0.00441699470174 0.0161252928385 0.0438205010968 0.0168465616755 0.0333484042567 0.0128793610902 0.0337032968789 0.0070229976817 0.0232041345492 0.0186472923265 0.0125937256621 0.0155296971999 0.0336342670558 -0.00800974634365 0.00604810211736 0.0243426583487 -0.0223396488119 -0.00415695567923 0.0492326654188 0.0173407303896 0.0437490660456 0.0466954361385 0.0247281493291 0.00457905524572 -0.0139656874284 0.0927922014709 0.0531924599032 0.0234878327249 0.0151800096384 0.0125926449507 0.00240815094521 0.0223370803141 0.0824015580788 -0.0117559430164 0.0101111864852 0.0314851935147 0.0260661500247 0.0134545597408 0.0594408951429 -0.014504467507 0.0216616173308 0.0246090108878 0.0308778945827 0.0157825934538 -0.00182103809133 -0.019022421816 0.03326921907 
-0.0104140903095 0.0262154014461 0.0385223536152 -0.00260500228211 -0.00939686648709 0.000980516170901 0.0281916993107 0.0157804241459 0.00280762173046 0.0500698753893 0.00985952295008 -0.000741681316364 -0.00441699470174 0.513644712862 0.0390093725176 -0.010023580967 0.00289052271531 0.0510127464862 -0.00529347939502 0.00166989239133 -0.00335004472913 -0.00724812019818 0.0346005388074 0.0539592295032 0.0486313490986 0.0234687331424 -0.0070441449168 0.0315542311376 -0.0140441814719 -0.0230525372666 0.0104030098805 0.00397073763883 -0.00119209151504 0.0159584402458 0.00902674454331 0.00460625899166 0.00401365702008 0.111231229384 0.0193240737275 0.0198023331674 0.0185431464177 0.0189768657137 0.022718565672 0.0486591495396 0.0249740865786 0.0292178688146 0.0194438830019 0.0343059320455 0.031317217348 0.051005380501 0.00120987858447 0.0206309004546 -1.17965297822e-05 0.0247444174635 0.0191160917444 0.0368849943309 0.0199106796316 -0.0110921454051 0.0736997555468 -0.00431702927243 
0.00097939757597 -0.0186987359968 -0.0176062149474 0.010358741285 -0.00590438772237 -0.0151637383696 0.0353635863477 0.00162495598917 0.013331911241 -0.010256518762 0.0135066682199 0.0123522275384 0.0161252928385 0.0390093725176 0.416455310695 0.00207524592272 -0.0217136867887 0.00438098135982 0.0211732900024 -0.00875906345076 0.0323862842405 0.0477111161013 -0.000446637083385 0.0159525237858 0.0660949401427 0.0134591257103 -0.000822643959997 0.0187551356266 -0.00472520165125 0.00468439157919 0.0207660154626 -0.00583893290465 0.00358976834597 0.0199726214935 0.0145050072503 0.00430877515343 0.0185629070895 0.0343203630367 0.0721404012134 0.0153748437679 -0.00818511845807 -0.0236413933801 0.0406808776663 0.116299496609 0.0183598185801 0.0104473922939 -0.00878839559917 0.0319458284652 0.00771810738356 0.0220080981248 -0.00624221895191 0.0352720385137 0.0163219916547 0.118858799824 -0.000910091360119 0.135610914512 0.152592184912 0.00707633931964 -0.0192078053681 -0.00449753626821 
0.0148420854891 0.0155943453714 0.0161779303486 0.0171709069829 0.0119758608274 0.0138454448833 -0.00207058152402 0.00579245188954 0.0343443246097 0.0122638506673 0.011817957129 0.00771496333542 0.0438205010968 -0.010023580967 0.00207524592272 0.344042253629 0.0185139707159 0.0306046176164 -0.000257742729307 0.00459257202151 0.00160626046214 0.0144405243107 -0.00481490976327 0.011071247697 -0.00310801513612 0.00738317461773 0.0252640658379 -0.00730373230274 -0.0115871876483 0.0220184979413 0.0147381906889 0.0329550030949 0.00394143798313 0.0187458147922 0.0127284926416 0.0132964080393 0.0104281602821 0.0460007966093 0.034252077191 0.0201759917724 0.00705134967646 -0.00174702738044 0.0796690082131 0.0282798271248 -0.00399819131147 -0.0282809622011 0.00766278470791 0.0121480712899 0.00295972303943 -0.00321816173587 0.03991773324 0.0316530992247 0.00617588684817 0.0299333448126 -0.00296973705982 0.0194408348212 0.00275097901131 0.0238562842328 0.00884161402207 -0.00302751680459 
-0.0024402019943 0.0250460972444 0.00763484323616 0.0256941549281 0.0136082404686 -0.00158750138385 0.0105696428652 0.0488245444992 -0.00805617538083 -0.00660958829745 0.00994662795448 0.0139403363808 0.0168465616755 0.00289052271531 -0.0217136867887 0.0185139707159 0.625803597322 0.00773114701801 0.0105984109995 -0.0229705338728 0.0249381808359 0.0141988799373 0.00262411438151 0.0127957399515 0.000584609693563 0.0116213361288 -0.00253893408723 0.0145160822976 -0.0089298359181 -0.024496995949 -0.0126270081394 0.00288487416008 0.00771570854213 0.00657473537217 0.0127336288116 0.00647393090066 0.00912896514463 0.0141135499701 0.0154119281725 0.0423708019919 -0.0195992747637 0.00710218117644 0.046644152729 -0.00585296034844 0.0103698707822 0.0200736072885 0.00988902196574 -0.000379502842229 0.0220845892831 0.0412991575262 0.0127418176137 0.0339970006781 0.00737034645161 -0.00132643824193 -0.0112803163977 0.042941554099 0.00737577129932 0.0160041386636 0.0337326507108 0.00218537799367 
0.0119828142379 0.0182152342634 0.00344053110189 0.0209274367997 0.00880802892797 0.00102155352534 0.00349989934909 0.028980201684 -0.0036157284857 0.00368174853663 0.0140419054504 0.000316440356839 0.0333484042567 0.0510127464862 0.00438098135982 0.0306046176164 0.00773114701801 0.460123065872 0.0191267543449 -0.00614484153366 0.00431865146673 0.00658608687707 0.00560741325141 0.0234789876106 0.000353776467087 0.0223395928645 0.00553658953807 -0.0252284601759 -0.029227650061 0.0184338570088 0.0298660742617 0.0542083978568 0.0231689633474 0.00875325903048 0.0147126802339 0.00445649495889 -0.00547241573815 0.0340017398723 0.0642591753018 0.0257891659828 -0.00287024032725 0.0032121075668 0.00033942133194 -0.00364032291299 0.0165465970664 0.0115302210725 -0.00153793715127 0.0191678058326 0.0188947845884 0.00182113851447 0.0216691858952 0.0240851386977 0.0101730238379 0.0143839446832 -0.0025713288147 0.00717057830507 -0.00104095901094 -0.00774879131944 0.0114052880226 0.0247337519784 
0.0220947907284 0.0106507543025 -0.00384105294585 0.0140811582939 0.0201374393431 0.00334895219162 0.0196548427679 0.0290560388498 0.0170049978284 -0.00457603297518 0.0286897817482 0.00671076079701 0.0128793610902 -0.00529347939502 0.0211732900024 -0.000257742729307 0.0105984109995 0.0191267543449 0.153792460882 -0.00812198985788 0.0214187783373 0.0255273875207 0.0203929897952 0.0183459792512 0.0179744572018 0.0325238941593 0.00329381714913 0.0106179658371 0.0240942653044 0.0089819287314 0.00772141400515 -0.00777369503354 0.0363420209791 0.0172295901802 0.00398885352446 0.0111632507372 -0.0100177996319 0.00849904836394 0.0121172186555 0.0075886255727 0.0101904929615 0.0133891254045 0.017939959506 -0.00179084749454 0.0210721728229 0.0143389830722 0.0112045255923 0.0237574905848 0.00830660187414 0.0201777074731 0.00923341808543 0.0174889054867 -0.00851174664153 0.00754453368295 0.00980044731563 -0.0112178548745 0.0107576226858 0.0235168522326 0.00659509345438 0.0288948512668 
-0.00364050363312 -0.0184345198594 -0.0184676678115 0.0057056106712 0.0112520226869 0.00358555332564 0.0112100607078 0.0311009837026 0.0219209450208 0.0323744515718 -0.00177312197264 0.00587459616325 0.0337032968789 0.00166989239133 -0.00875906345076 0.00459257202151 -0.0229705338728 -0.00614484153366 -0.00812198985788 0.191758061684 -0.0101961958763 -0.00182571586494 -0.0130306305898 0.0211634604788 0.0100945322153 0.00376312390719 -0.00395295415701 -0.00437489392932 -0.0191036855024 -0.00863229760589 0.0174284474054 -7.06550799432e-05 0.0114063302512 0.0129771731356 0.00548798249817 -0.0100611828138 -0.00186294275369 0.0117656731282 0.0056468124572 0.00497810545945 0.0248392202358 0.0155808692227 0.0141786027251 0.00861497609822 0.00328783043372 0.00810010761999 -0.00185502004201 0.0109537467598 0.0123438311509 0.0110351537388 0.0271854315956 0.00134528842484 0.0327880453497 -0.00287174397698 0.00903071094726 -0.0180393071636 0.0031258879866 0.00347888049635 0.000629396367673 -0.0100487985422 
0.00749122028826 0.0197900001639 0.0186147999272 0.0164267306795 0.0146237202114 0.00914389934504 0.0208014583654 0.0205251351678 0.00705927668976 -0.000499552196315 0.0106752234771 0.0501645425272 0.0070229976817 -0.00335004472913 0.0323862842405 0.00160626046214 0.0249381808359 0.00431865146673 0.0214187783373 -0.0101961958763 0.135095909911 0.0415390392185 0.0065006138272 0.0203824913701 0.013971516653 0.0303981408343 -0.0136291736343 0.0100786209106 -0.00248593857612 0.0203708658843 0.0287868266989 -0.00274693567779 0.00840392578559 0.00846856162812 0.00616331090441 0.0092218468062 0.0434643640298 0.00412288538986 0.0168209374426 0.00788619125803 0.00575709210639 0.00922098905716 0.0160729420107 0.0236091442743 0.033337939104 0.0146130215236 -0.00203442251879 0.0210858474165 -0.00488639778638 0.0228122418898 -0.00673139133236 0.00154573896054 -0.00176250145452 0.0175685161856 0.0206119060707 0.00796124785019 0.0328932984022 0.0267888250538 0.0195323338828 0.00307295385236 
0.00362231774775 0.0314675466237 0.00287734979393 -0.00283809781982 0.0183673194458 0.014495968605 0.0357612254521 0.0168314839407 -0.0125388895176 -0.0243708186276 0.00529204126939 0.0278587178304 0.0232041345492 -0.00724812019818 0.0477111161013 0.0144405243107 0.0141988799373 0.00658608687707 0.0255273875207 -0.00182571586494 0.0415390392185 0.54607405351 -0.0153427548531 -0.00665474544894 0.0750380388215 0.0161421745062 -0.0299394474204 0.0277637016592 -0.0186805296211 0.0533354006386 -0.00909233776289 0.0345203674333 -0.0126204907265 0.00209410760528 0.0117683543647 0.0171271012641 0.0317734584928 0.0317523393345 0.0264218725845 -0.0141652981059 -0.00642610530391 0.0115146924713 0.0212606870944 0.0283158715371 0.0339284443663 0.029572677289 -0.0266544535256 0.00731262194261 0.000129395881541 0.0273062297842 -0.0125094207798 0.020250096292 -0.00965020021639 0.0473373572816 0.0173137233643 0.0197215210002 0.0553781444485 0.00785787912021 -0.00865498556389 -0.00320524749285 
0.00254542732728 0.00524001236694 0.0188333610445 0.00823387429008 0.010589124497 0.00533729589655 0.0106063477682 0.0293549543992 0.00887159650808 0.014166624077 0.0184862459274 0.0102521866843 0.0186472923265 0.0346005388074 -0.000446637083384 -0.00481490976327 0.00262411438151 0.00560741325141 0.0203929897952 -0.0130306305898 0.0065006138272 -0.0153427548531 0.185935617195 0.00812237755683 0.0296891126168 0.025733899501 0.00260863183504 0.0104650400885 0.00339298231363 -0.0151842783756 0.0089359294183 -0.00713314306517 0.0280825195402 0.00044846529459 0.0136603064132 0.0162829498445 0.0062954456624 0.0219884458469 0.00795175032685 0.0184458896428 -0.00374440111938 0.0517712907689 0.0195809150048 0.0041757491869 0.00839474733231 0.00910051330382 0.00722675691041 0.015147659046 0.00956598177635 0.0288637409395 -0.0131958574356 0.0176613456702 0.0118400952461 -0.00353281502316 0.0113797796248 0.026603107038 -0.0133258981288 0.0210259090205 -0.00456134533872 0.0131962019819 
-9.27305990702e-05 0.00368197044716 0.00115933202081 0.0265313660053 0.0128215640228 0.0417468611275 0.0251217409586 0.00329941690629 0.00775645566981 0.0191242794232 0.0102692428459 0.0151702615324 0.0125937256621 0.0539592295032 0.0159525237858 0.011071247697 0.0127957399515 0.0234789876106 0.0183459792512 0.0211634604788 0.0203824913701 -0.00665474544894 0.00812237755683 0.195529250097 0.0524036831269 0.0113131925955 0.00808620231056 0.0173495494609 -0.00336279037856 -0.0161162017337 0.00933800133352 0.00210471607747 0.0026569101196 0.00233961158543 0.00599193691413 0.00927755423937 0.00762290482741 0.0182738687336 0.00192802384266 0.00952490006867 0.0064120689563 -0.00354894532136 -0.00350449916484 0.0022886391244 0.0112361684523 0.0325943470531 -0.00527706800222 0.0269699025973 0.0268943135435 0.0270748105441 0.00393924566121 0.010480117844 0.0151162160875 0.00305506875068 0.0153817403677 0.012062735292 0.0213941655711 0.0111150020258 0.0383772845537 0.0400853282223 
-0.0182035422816 0.00350299741482 0.0531716246025 0.0215126998606 0.0256786819775 0.0111973305437 0.00747816113097 0.0369735851879 -0.00476670296264 0.0344833326727 0.0104408836155 0.0312588902321 0.0155296971999 0.0486313490986 0.0660949401427 -0.00310801513612 0.000584609693564 0.000353776467087 0.0179744572018 0.0100945322153 0.013971516653 0.0750380388215 0.0296891126168 0.0524036831269 0.545331552603 0.0343622635191 0.0197686070085 0.00527763358237 -0.0312909938727 0.0316507733137 0.0362343904493 0.0126529094638 0.0288712890513 -0.00322647651078 -0.00317754358661 0.0148714284225 0.00752353796607 0.0197875762231 0.00645894469621 0.0047105734708 0.00118500840039 0.00819060322846 0.0168785826037 0.0127026590232 0.0234406978217 0.0201984551342 0.00292636275985 0.0403818784895 0.0515865782386 0.021005350712 0.00223110179701 0.0185111240573 0.100746533645 0.04662291755 0.00518812877717 0.0313707928615 0.054488129922 0.00545833684135 0.00466266702376 0.016166135672 
0.0186094094719 0.0119239802793 -0.00901927310822 0.0203896368356 0.021402223244 0.0336325970567 0.0167238966697 0.0687574771228 0.0222924505734 -0.00547498504115 0.0219321420019 0.00418311284527 0.0336342670558 0.0234687331424 0.0134591257103 0.00738317461773 0.0116213361288 0.0223395928645 0.0325238941593 0.00376312390719 0.0303981408343 0.0161421745062 0.025733899501 0.0113131925955 0.0343622635191 0.244477790281 0.0171165061223 -0.00911843160653 0.0235912435007 0.00338885001723 0.0183050840929 0.0252879529201 0.047929392063 0.00751348125545 0.00334508264634 0.013731948999 0.0158471298565 0.0272875516716 0.0527948977372 0.0257770901602 0.0130793981637 0.0344942475107 0.00247772983234 0.0282072426607 0.0356730495382 0.012481226005 0.0134775905778 0.0284294333475 0.0344008468186 0.0319560229632 0.008755818817 0.0242253863214 0.0020966690721 0.016022088949 -0.00513176360032 0.00514362558123 0.0229394169677 0.0265415700793 0.0366728857199 0.0186152369216 
0.0308047325669 1.96323699694e-05 -0.0199850642 -0.0127926264566 -0.00309829691028 0.0160384850908 -0.0161305989407 0.0295454835583 0.0384790387451 0.0118670793446 -0.00140413572905 0.00573797333644 -0.00800974634365 -0.0070441449168 -0.000822643959998 0.0252640658379 -0.00253893408723 0.00553658953807 0.00329381714913 -0.00395295415701 -0.0136291736343 -0.0299394474203 0.00260863183504 0.00808620231056 0.0197686070085 0.0171165061223 0.349047341825 0.0139338642288 0.028822629799 0.020008588394 -0.0117879927233 0.0567777803506 0.00115246453657 -0.0110884929268 0.00435060787745 -0.0047627736793 0.000603000942657 0.00908033665546 0.0328552227649 -0.0107195968208 0.00619453210041 -0.00332208269717 -0.0322928365316 0.000823598625356 -0.00981119901 0.0256051144601 0.00449478480865 0.0127229776074 -0.000381888905857 0.00886007510026 0.021165860904 0.0838778041944 0.0210011988106 0.019631181264 0.000163153157683 0.0471358303229 0.0375958975316 -0.0108725302865 0.0135995776894 -0.00118648635282 
-0.00851705338859 0.015904335942 -0.000183190348188 -0.000658377162342 0.0184423042418 0.0273252453226 -0.004201042731 0.0108640356907 -0.000342872193739 0.00256321437362 0.025871141702 0.0120806037499 0.00604810211736 0.0315542311376 0.0187551356266 -0.00730373230274 0.0145160822976 -0.0252284601759 0.0106179658371 -0.00437489392932 0.0100786209106 0.0277637016592 0.0104650400885 0.0173495494609 0.00527763358237 -0.00911843160653 0.0139338642288 0.223030247686 -0.0293583496212 0.0210548464996 0.0117481007008 -0.000188143944153 -0.00491481846032 0.00987210871325 -0.00780180695096 0.0115245998133 0.00693961352253 0.0120989091637 0.020026644257 0.00160329500564 0.00614548092735 0.00322768440565 0.0202964487219 0.00108301135474 0.00741311787961 0.021359122662 0.0107763908009 0.036271310964 0.0322286340588 0.0114122966805 -0.00653502405064 0.013568365031 -0.032504989736 0.0182924083787 0.0300261838208 0.0213467823428 0.00443138808711 0.043470392991 -0.0121309209771 0.0171219978407 
-0.00208237572524 -0.0101235267664 -0.00924432050598 -0.00853963608202 -0.025051686691 -0.00691826688992 -0.0127038461728 -0.0310601565939 -0.00255512745105 0.00397012775082 0.0168821697982 0.000243015038455 0.0243426583487 -0.0140441814719 -0.00472520165125 -0.0115871876483 -0.0089298359181 -0.029227650061 0.0240942653044 -0.0191036855024 -0.00248593857612 -0.0186805296211 0.00339298231363 -0.00336279037856 -0.0312909938727 0.0235912435007 0.028822629799 -0.0293583496212 1.93463184525 -0.0317085758297 -0.0131469534718 -0.0137450973247 0.0313166236552 0.00215847874756 0.00178452713555 0.00727477677967 -0.00648858528824 0.00080358355927 -0.0239689033143 0.0158628820873 0.0156174275768 -0.0082988239985 -0.00550928970375 -0.0102287809266 0.00371212404518 0.000526942516852 -0.00953158029976 -0.0108464313355 -0.00608840130959 -0.0135188293204 -0.0190228601924 -0.0206158515173 0.0202255717134 -0.00553143001512 -0.0122641007747 0.0504723128831 -0.0246372496948 -0.00857299340946 -0.0296110248539 0.0210564193303 
0.0179838661379 0.00417215182684 -0.0024025185976 0.012190271197 -0.00253726420192 -0.0204523037621 -0.00794481385858 0.00903166482285 0.0212387129247 0.0134040675358 -0.004898900523 0.0114101956585 -0.0223396488119 -0.0230525372666 0.00468439157919 0.0220184979413 -0.024496995949 0.0184338570088 0.0089819287314 -0.00863229760589 0.0203708658843 0.0533354006386 -0.0151842783756 -0.0161162017337 0.0316507733137 0.00338885001723 0.020008588394 0.0210548464996 -0.0317085758297 0.635731261549 0.0399522379101 0.00953367967951 -0.00819071022147 0.00456918076346 0.00347116593469 0.00991937700082 0.0149443892093 0.0383608179786 0.00971632544314 -0.0258223135273 -0.00439918839959 -0.0139162876453 0.00501600786217 0.00761172716638 0.00740653452787 -0.0020527198741 0.0151803272544 0.00842944362084 -0.00216438256288 0.00343853114149 0.011664133593 -0.0405173662795 0.0490180331575 0.00253534061693 -0.00378706225906 -0.0269830256199 0.0128889166801 -0.0133585196089 0.0144371810884 0.0328337832539 
-0.0138961359971 0.0154230712245 0.0255682155836 0.0163012353092 -0.00530827935948 0.0136544113674 0.0236433290208 0.0400522161143 0.0225302846141 0.0170363651514 0.0153679304434 0.0261201854032 -0.00415695567923 0.0104030098805 0.0207660154626 0.0147381906889 -0.0126270081394 0.0298660742617 0.00772141400515 0.0174284474054 0.0287868266989 -0.00909233776288 0.0089359294183 0.00933800133352 0.0362343904493 0.0183050840929 -0.0117879927233 0.0117481007008 -0.0131469534718 0.0399522379101 0.365758767729 -0.0111002278996 0.0215809571056 0.00198146875471 0.0069484877904 0.00900958854447 0.0268843307007 0.0523536840891 0.0247327765527 -0.0034645350302 -0.00865225926933 -0.0159736614644 0.0511486253146 0.0735750840895 0.0181625420063 0.0157503188565 0.000323471945272 0.0343947294773 0.0144049125721 0.0332658620024 0.0250391379798 0.0284204717049 -0.0193389762762 0.0224978908325 0.0515762921884 -0.00251450486862 0.0176134405807 0.044504902821 0.0872048340226 0.00764478003139 
0.00482661172209 0.0339254635892 -0.004796389212 0.0111026651679 0.0184754492401 0.0165565682043 0.0129114452413 -0.0040049947594 -0.0277427551008 0.0104306900676 0.00995766196114 0.000383675058426 0.0492326654188 0.00397073763883 -0.00583893290465 0.0329550030949 0.00288487416008 0.0542083978568 -0.00777369503354 -7.06550799434e-05 -0.00274693567779 0.0345203674333 -0.00713314306517 0.00210471607747 0.0126529094638 0.0252879529201 0.0567777803506 -0.000188143944152 -0.0137450973247 0.0095336796795 -0.0111002278996 0.349727657391 0.0166049476708 0.00438752755836 -0.00645847235519 0.0187169297735 0.00657334468823 0.0197988401478 0.0565977168774 0.0234862780661 0.0116415417782 0.010057210707 -0.00528095907928 0.0111567062349 0.0169981616667 0.0802249458741 0.0309177526964 0.00944199305937 0.0156528690405 0.00137215781241 0.0433018051085 0.0633902818292 0.0110678423393 0.0123655934435 0.00686237189392 0.0194668392487 0.0377508773554 0.0171352365803 0.00983296927463 0.0248228060489 
0.00334687792481 0.0167317235769 0.0139242260952 0.0194681842722 0.0239672153457 0.0412888997731 0.0153418862959 0.0556144490843 0.00298277826728 0.0209363061508 0.0337635900354 0.00253324883725 0.0173407303896 -0.00119209151504 0.00358976834597 0.00394143798313 0.00771570854213 0.0231689633474 0.0363420209791 0.0114063302512 0.00840392578559 -0.0126204907265 0.0280825195402 0.00265691011961 0.0288712890513 0.047929392063 0.00115246453656 -0.00491481846032 0.0313166236552 -0.00819071022147 0.0215809571056 0.0166049476708 0.208486594642 0.0164233500866 -0.00469235756965 0.0166604667609 0.0129663442815 0.0208082664359 0.0280118325796 0.0048031687041 0.0150254676142 0.05440528619 -0.000421532723099 0.0216672922266 0.0190181890565 0.0254045878841 -0.00674374566599 0.0135480221922 -0.00640782198413 0.00860731399193 0.0070168709337 0.0423897214834 0.00553378213913 0.0021224949147 0.0124409059844 0.0431499626518 0.00653671616706 0.0287860123519 0.00781354287025 0.0122152845565 
2.2729486073e-05 0.0171973327454 0.00293503612683 -0.00268556313513 0.00998751837693 0.00342262448839 0.030144566385 0.0199669626485 0.0133819166024 0.0164256587868 0.015815325143 0.00744593687865 0.0437490660456 0.0159584402458 0.0199726214935 0.0187458147922 0.00657473537217 0.00875325903049 0.0172295901802 0.0129771731356 0.00846856162812 0.00209410760528 0.000448465294593 0.00233961158543 -0.00322647651078 0.00751348125545 -0.0110884929268 0.00987210871325 0.00215847874756 0.00456918076346 0.00198146875471 0.00438752755836 0.0164233500866 0.163909673694 0.0220547175953 -0.00377359747122 0.0115805237791 -0.00862270458764 0.0197197482977 0.0125316342386 0.00654188541298 0.00416645458469 -0.00508596662197 -0.00265608486214 0.00391568589037 0.0139125678535 0.0149257109893 0.0102458635667 0.0139569027207 0.0153574426287 0.00434121837596 0.0214382836112 0.0040294451824 -0.000123984330207 0.0173485073887 0.0282797346514 0.0023964924294 0.00572592532078 0.00642909224179 0.0194941794013 
0.00524355447719 0.010331352895 0.0116519727047 0.00701913720281 0.0141603880408 0.00393438103036 0.0112677975424 0.0137990745286 0.013923771632 -0.00330615475251 0.00917960633691 0.0106447217598 0.0466954361385 0.00902674454331 0.0145050072503 0.0127284926416 0.0127336288116 0.0147126802339 0.00398885352446 0.00548798249817 0.00616331090441 0.0117683543647 0.0136603064132 0.00599193691414 -0.00317754358661 0.00334508264634 0.00435060787745 -0.00780180695096 0.00178452713555 0.00347116593469 0.0069484877904 -0.00645847235519 -0.00469235756965 0.0220547175953 0.169620803694 0.0172501500788 0.0161684010615 0.00782503141777 0.0286409401439 0.0132786735815 0.0200129394042 -0.00457654347275 0.0117637304411 0.00149750156253 0.00520807485421 0.00988185658621 0.0113770553124 0.00189931527056 0.00745671597125 0.0184633389584 -0.00366500797622 0.0240294698497 -0.00330186540728 0.0315527222852 0.00228776983685 0.0071700539834 0.0188755723052 0.0143628534079 0.00426066823587 0.00773819759888 
0.0138653293813 0.0101223984486 0.0214584026909 0.0202473105131 0.0142101056087 0.0159249901687 0.0247956906552 0.0279612333443 0.00592801445205 0.00218045667696 0.0377821648002 0.0180442494295 0.0247281493291 0.00460625899166 0.00430877515343 0.0132964080393 0.00647393090066 0.00445649495889 0.0111632507372 -0.0100611828138 0.0092218468062 0.0171271012641 0.0162829498445 0.00927755423937 0.0148714284225 0.013731948999 -0.0047627736793 0.0115245998133 0.00727477677967 0.00991937700082 0.00900958854447 0.0187169297735 0.0166604667609 -0.00377359747122 0.0172501500788 0.156270668076 0.0156054451417 0.00772949606431 0.0205750539692 0.0148892285691 -0.000552903314409 0.0138643947126 0.0186298703704 0.0528828740351 0.0287267289066 0.00136971968487 0.0100979026117 0.013801525707 0.014578318868 0.0257538700037 0.00289283427052 0.0368719149294 -0.0151963291814 0.000742138574164 0.000231181104819 0.0282826965051 -0.0141804892327 -0.000412239891973 -0.012268812607 0.0222741650127 
-0.000636607130377 0.0112754709829 0.0181877618369 0.0190931103424 0.0165031496502 0.0103258877208 0.0293934209271 0.0100283087246 0.0113182482217 -0.0031063448464 0.0138238565118 0.0370472759651 0.00457905524572 0.00401365702008 0.0185629070895 0.0104281602821 0.00912896514463 -0.00547241573815 -0.0100177996319 -0.00186294275369 0.0434643640298 0.0317734584928 0.0062954456624 0.00762290482741 0.00752353796607 0.0158471298565 0.000603000942656 0.00693961352253 -0.00648858528824 0.0149443892093 0.0268843307007 0.00657334468823 0.0129663442815 0.011580523779 0.0161684010615 0.0156054451417 0.135622248373 0.0021847224663 0.0226173436669 0.00183529347374 0.0110612186704 0.00580226363029 0.0107849305089 0.00947339200349 0.0242214632222 0.00994354442236 -0.00227164010297 0.0224138972359 0.00569382765078 0.0307391097991 0.00141571794469 0.017521786135 0.00710528032347 0.0246201552346 0.00532641813947 0.00428996479133 0.0180355769918 -0.00330610354482 0.020736648218 0.00773266589076 
0.0244797566569 0.0396931556709 0.0263755817441 -0.000813101830375 0.0100437900773 0.00239405023699 0.0274908459721 0.052858494927 0.0317536252295 0.0589289169305 -0.00336706365791 0.00275397450535 -0.0139656874284 0.111231229384 0.0343203630367 0.0460007966093 0.0141135499701 0.0340017398723 0.00849904836394 0.0117656731282 0.00412288538986 0.0317523393345 0.0219884458469 0.0182738687336 0.0197875762231 0.0272875516716 0.00908033665546 0.0120989091637 0.000803583559269 0.0383608179786 0.0523536840891 0.0197988401478 0.0208082664359 -0.00862270458764 0.00782503141777 0.00772949606431 0.0021847224663 0.995228326846 0.0869297446496 0.0486928885652 0.0220468874885 -0.00932257465752 0.129567600429 0.0193117325111 0.042422881638 0.0192150282741 0.0192714322445 0.0356401819603 0.0537872881805 0.0159088489604 0.0457315706466 0.0452033140581 0.0252270965104 1.53433803855e-05 0.0820335614695 -0.00393664988112 0.00552525935773 0.0196178155352 0.0620224638279 0.00783272800465 
0.0229514153573 0.0370354452885 -0.0103731799279 0.042602532735 0.0169288992276 0.0254414209765 0.0426308069677 0.0417659727005 0.035341425826 -0.0187348280969 0.038414940718 0.033597810008 0.0927922014709 0.0193240737275 0.0721404012134 0.034252077191 0.0154119281725 0.0642591753018 0.0121172186555 0.0056468124572 0.0168209374426 0.0264218725845 0.00795175032685 0.00192802384266 0.00645894469621 0.0527948977372 0.0328552227649 0.020026644257 -0.0239689033143 0.00971632544314 0.0247327765527 0.0565977168774 0.0280118325796 0.0197197482977 0.0286409401439 0.0205750539692 0.0226173436669 0.0869297446496 0.406907678329 0.0355437648239 0.00769079813292 -0.00648339280531 -0.00553191233036 0.0440299516323 0.0520710888723 0.0252524529091 0.0137732556874 0.0502180457016 0.0732656925018 0.0149175419825 0.0340158979931 0.189186958384 0.0193215093303 0.0339079290257 0.00612033246188 0.0320417026565 0.0576583652106 0.0111759986821 0.0100189036956 0.0135451712401 
