20
0.0339335468557 0.0526772687529 0.0493061267197 0.102568127786 0.0415957971797 0.20394989535 0.0524263551757 0.00788248566947 0.00388664565626 0.151795006465 0.00839736130492 0.126255379542 0.0316067218978 0.0213104348082 0.0100273700484 0.0498180241401 -0.0014382556632 0.0904248988876 0.0594362545722 0.107494880462 
0.305182319282 0.00408305231904 0.0302121730713 0.0390830928783 0.0300896741552 0.02719547818 0.0300560400295 0.0179120830847 0.0142845445774 0.0107096241012 0.0215560525353 0.0459231373157 0.0286902652479 0.0211097894682 0.0166350032565 -0.000172140353547 0.00663605025361 0.00334351581572 0.0261449432538 -0.00949093152497 
0.00408305231904 0.253448979605 0.0265620573958 0.010056998332 0.0296546356042 0.0506592789249 0.00346963174251 0.0241645557161 0.016157770154 0.036710153868 0.0181771397601 0.0278233938218 0.0280030952792 0.0164480142912 0.0110330694682 0.00801807037421 0.00324832860514 0.0172983501055 0.0221684176647 0.0502989327967 
0.0302121730713 0.0265620573958 0.225560575765 0.0137514525685 0.0215209666547 0.0344055342409 0.0430468651053 0.0230593145154 0.02102732978 0.0105770942917 0.0290197320268 0.0159702107149 0.0197533105426 0.0237259394797 0.0197046716385 0.0433687337776 0.0198798888698 0.0172001006253 0.0267701517054 -0.00425104973413 
0.0390830928783 0.010056998332 0.0137514525685 0.314694032725 0.0535708559155 0.00756308179011 0.0149724182641 0.0263337795306 0.0206604142407 0.0103902308427 0.0426291044501 0.058333083802 0.0323119027648 0.0265410085921 0.0360778002405 -0.00458680419861 0.00113843580861 0.00259774784374 0.0499147021749 0.0474953627565 
0.0300896741552 0.0296546356042 0.0215209666547 0.0535708559155 0.255763058664 -0.0119957467063 0.00897463476289 0.0510572435925 -0.00675631209648 0.0291635420895 0.0183753829297 0.0267114042824 0.0408225088749 0.0192737269978 0.0228771110648 0.0119045625768 0.032217078717 0.00891043539793 0.040127657865 0.0411815976805 
0.02719547818 0.0506592789249 0.0344055342409 0.00756308179011 -0.0119957467063 0.722779432089 -0.00207950047474 -0.0276609568661 0.018510884138 0.193906833589 0.0355117828546 0.0672720586873 0.00549102415103 0.0274200497068 -0.00273979448524 0.160871758761 0.0162392891081 0.112293908703 -0.00596098843648 0.0501159650189 
0.0300560400295 0.00346963174251 0.0430468651053 0.0149724182641 0.00897463476289 -0.00207950047474 0.287280474674 0.0177383545635 0.00275881064907 0.00599860765315 0.0178276546104 0.0956735466195 0.00850794056246 0.107026375357 0.000324967615499 9.70637403259e-05 0.0173974074854 -0.00312938162441 0.0145330549881 -0.00279910603401 
0.0179120830847 0.0241645557161 0.0230593145154 0.0263337795306 0.0510572435925 -0.0276609568661 0.0177383545635 0.243485895156 0.0068005158113 0.0104489264923 0.0321416549067 0.0244122816019 0.035955473714 0.0150434232056 0.0342422392464 0.015401905745 0.0060229258526 0.00984732064163 0.0119775694364 0.0418696555645 
0.0142845445774 0.016157770154 0.02102732978 0.0206604142407 -0.00675631209648 0.018510884138 0.00275881064907 0.0068005158113 0.241243647913 0.0314173817276 0.0229158754208 0.017102499938 0.0214324048356 -0.00495104891922 0.0243636861669 0.0302962542219 0.026506188376 0.0360333524442 0.0517672182 0.0258820945839 
0.0107096241012 0.036710153868 0.0105770942917 0.0103902308427 0.0291635420895 0.193906833589 0.00599860765315 0.0104489264923 0.0314173817276 0.43592397767 0.0125784741373 0.0182686078732 0.029900937742 0.0192590073308 0.014921377346 0.121681995896 0.00726345528759 0.139636365465 0.0293706247213 0.0920685262639 
0.0215560525353 0.0181771397601 0.0290197320268 0.0426291044501 0.0183753829297 0.0355117828546 0.0178276546104 0.0321416549067 0.0229158754208 0.0125784741373 0.154112367584 0.015030433334 0.044479904655 0.0366112277809 0.0188024028402 -0.000262738170986 0.011838495467 -0.00113220353861 0.0169381859895 0.0346340466227 
0.0459231373157 0.0278233938218 0.0159702107149 0.058333083802 0.0267114042824 0.0672720586873 0.0956735466195 0.0244122816019 0.017102499938 0.0182686078732 0.015030433334 0.521952020144 0.021604513408 0.0700045794511 0.0283149267985 0.0299146716435 0.0260406190307 0.00304281445222 0.0230343692941 0.0579472669678 
0.0286902652479 0.0280030952792 0.0197533105426 0.0323119027648 0.0408225088749 0.00549102415103 0.00850794056246 0.035955473714 0.0214324048356 0.029900937742 0.044479904655 0.021604513408 0.153236880357 0.0240780169336 0.0201830574416 -0.00619041846377 0.0147808252766 0.00122547785538 0.0265685352941 0.0315753478389 
0.0211097894682 0.0164480142912 0.0237259394797 0.0265410085921 0.0192737269978 0.0274200497068 0.107026375357 0.0150434232056 -0.00495104891922 0.0192590073308 0.0366112277809 0.0700045794511 0.0240780169336 0.340242173777 -0.00856790836747 -0.00622308673195 0.0166047578562 -0.0182880555503 0.034310337528 0.0294822901348 
0.0166350032565 0.0110330694682 0.0197046716385 0.0360778002405 0.0228771110648 -0.00273979448524 0.000324967615499 0.0342422392464 0.0243636861669 0.014921377346 0.0188024028402 0.0283149267985 0.0201830574416 -0.00856790836747 0.193030265807 -0.0140525441506 -0.0151861638869 0.0067655683522 0.0239065343148 0.0327004375592 
-0.000172140353546 0.00801807037421 0.0433687337776 -0.00458680419861 0.0119045625768 0.160871758761 9.70637403259e-05 0.015401905745 0.0302962542219 0.121681995896 -0.000262738170986 0.0299146716435 -0.00619041846377 -0.00622308673195 -0.0140525441506 0.342258009359 0.0023009450185 0.128175768997 0.00658280807603 0.0301311629336 
0.00663605025361 0.00324832860514 0.0198798888698 0.00113843580861 0.032217078717 0.0162392891081 0.0173974074854 0.0060229258526 0.026506188376 0.00726345528759 0.011838495467 0.0260406190307 0.0147808252766 0.0166047578562 -0.0151861638869 0.0023009450185 0.230658383275 0.00106417238876 0.00598935415479 -0.00899864632745 
0.00334351581572 0.0172983501055 0.0172001006253 0.00259774784374 0.00891043539793 0.112293908703 -0.00312938162441 0.00984732064163 0.0360333524442 0.139636365465 -0.00113220353861 0.00304281445222 0.00122547785538 -0.0182880555503 0.0067655683522 0.128175768997 0.00106417238876 0.341097757999 0.0610679259511 0.0601949619975 
0.0261449432538 0.0221684176647 0.0267701517054 0.0499147021749 0.040127657865 -0.00596098843648 0.0145330549881 0.0119775694364 0.0517672182 0.0293706247213 0.0169381859895 0.0230343692941 0.0265685352941 0.034310337528 0.0239065343148 0.00658280807603 0.00598935415479 0.0610679259511 0.287747743279 0.0344503001675 
-0.00949093152497 0.0502989327967 -0.00425104973413 0.0474953627565 0.0411815976805 0.0501159650189 -0.00279910603401 0.0418696555645 0.0258820945839 0.0920685262639 0.0346340466227 0.0579472669678 0.0315753478389 0.0294822901348 0.0327004375592 0.0301311629336 -0.00899864632745 0.0601949619975 0.0344503001675 0.474050204021 
0.0264295641284 0.000353602703327 0.00261645093833 0.0033846951291 0.002605842221 0.00235519749719 0.00260292942027 0.00155123189861 0.00123707784855 0.000927480653658 0.00186680891009 0.00397706035369 0.0024846498546 0.0018281613948 0.00144063354122 -1.49077919188e-05 0.000574698810042 0.000289556963437 0.00226421850383 -0.00082193878062 
0.000353602703327 0.0219493254901 0.00230034164816 0.000870961604135 0.00256816677732 0.00438722224863 0.000300478923079 0.00209271191213 0.00139930394218 0.00317919258265 0.00157418648004 0.00240957658691 0.00242513918964 0.0014244398218 0.00095549184412 0.00069438526334 0.000281313509189 0.0014980810635 0.00191984128593 0.00435601535852 
0.00261645093833 0.00230034164816 0.0195341188705 0.00119091072632 0.0018637703837 0.00297960666834 0.00372796787345 0.00199699521642 0.00182102017632 0.000916003235481 0.00251318251462 0.00138306081829 0.00171068687387 0.00205472663181 0.00170647462122 0.00375584251813 0.00172164887856 0.00148957240891 0.002318363144 -0.000368151706251 
0.0033846951291 0.000870961604135 0.00119091072632 0.0272533026759 0.00463937221253 0.000654982096113 0.00129664945728 0.00228057220512 0.00178924435851 0.000899820386097 0.00369178873943 0.00505179324536 0.00279829286389 0.00229851876828 0.0031244291521 -0.000397228895818 9.8591433083e-05 0.000224971562531 0.00432274001058 0.00411321907091 
0.002605842221 0.00256816677732 0.0018637703837 0.00463937221253 0.0221497306153 -0.00103886213851 0.000777226169435 0.00442168699983 -0.000585113791145 0.00252563683139 0.00159135484214 0.00231327546793 0.00353533297319 0.00166915372057 0.00198121593473 0.00103096536124 0.00279008086047 0.000771666341339 0.00347515711054 0.00356643097598 
0.00235519749719 0.00438722224863 0.00297960666834 0.000654982096113 -0.00103886213851 0.0625945349522 -0.000180090023831 -0.0023955091339 0.00160308959101 0.0167928243856 0.00307541060858 0.00582593117881 0.000475536640759 0.00237464596191 -0.000237273162537 0.0139319029839 0.0014063636907 0.00972493776271 -0.000516236741766 0.00434016988416 
0.00260292942027 0.000300478923079 0.00372796787345 0.00129664945728 0.000777226169435 -0.000180090023831 0.0248792189079 0.00153618656734 0.000238920010633 0.000519494661496 0.00154392017825 0.00828557218426 0.000736809266098 0.00926875599338 2.8143021043e-05 8.40596649086e-06 0.00150665968423 -0.000271012398488 0.00125859948143 -0.000242409693334 
0.00155123189861 0.00209271191213 0.00199699521642 0.00228057220512 0.00442168699983 -0.0023955091339 0.00153618656734 0.0210864970668 0.000588941945142 0.000904903578465 0.00278354896689 0.00211416560316 0.00311383536415 0.0013027986656 0.00296546490699 0.00133384416419 0.000521600679347 0.000852802983486 0.00103728794075 0.00362601853665 
0.00123707784855 0.00139930394218 0.00182102017632 0.00178924435851 -0.000585113791145 0.00160308959101 0.000238920010633 0.000588941945142 0.0208923127594 0.00272082506965 0.00198457302644 0.00148111994146 0.00185610070518 -0.000428773413942 0.00210995711503 0.00262373257957 0.00229550324911 0.00312057986002 0.00448317260445 0.00224145514128 
0.000927480653658 0.00317919258265 0.000916003235481 0.000899820386097 0.00252563683139 0.0167928243856 0.000519494661496 0.000904903578465 0.00272082506965 0.0377521238781 0.00108932781437 0.00158210785099 0.00258949716815 0.00166787896001 0.00129222918411 0.0105379699629 0.00062903367983 0.0120928639784 0.00254357071337 0.00797336826335 
0.00186680891009 0.00157418648004 0.00251318251462 0.00369178873943 0.00159135484214 0.00307541060858 0.00154392017825 0.00278354896689 0.00198457302644 0.00108932781437 0.0133465225365 0.00130167370971 0.00385207273892 0.0031706253322 0.00162833585118 -2.27537930618e-05 0.0010252437817 -9.80517026692e-05 0.0014668899361 0.00299939642111 
0.00397706035369 0.00240957658691 0.00138306081829 0.00505179324536 0.00231327546793 0.00582593117881 0.00828557218426 0.00211416560316 0.00148111994146 0.00158210785099 0.00130167370971 0.0452023709001 0.00187100574477 0.00606257441859 0.00245214459138 0.00259068655891 0.00225518376108 0.000263515461462 0.00199483489689 0.0050183805274 
0.0024846498546 0.00242513918964 0.00171068687387 0.00279829286389 0.00353533297319 0.000475536640759 0.000736809266098 0.00311383536415 0.00185610070518 0.00258949716815 0.00385207273892 0.00187100574477 0.0132707031186 0.00208521743372 0.00174790404704 -0.000536105964968 0.00128005701784 0.000106129495453 0.00230090265061 0.00273450533618 
0.0018281613948 0.0014244398218 0.00205472663181 0.00229851876828 0.00166915372057 0.00237464596191 0.00926875599338 0.0013027986656 -0.000428773413942 0.00166787896001 0.0031706253322 0.00606257441859 0.00208521743372 0.029465836593 -0.000742002630353 -0.000538935119983 0.00143801421271 -0.00158379206924 0.00297136239116 0.00255324122185 
0.00144063354122 0.00095549184412 0.00170647462122 0.0031244291521 0.00198121593473 -0.000237273162537 2.8143021043e-05 0.00296546490699 0.00210995711503 0.00129222918411 0.00162833585118 0.00245214459138 0.00174790404704 -0.000742002630353 0.0167169113888 -0.00121698602222 -0.00131516037121 0.000585915406404 0.0020703666033 0.00283194096411 
-1.49077919188e-05 0.00069438526334 0.00375584251813 -0.000397228895818 0.00103096536124 0.0139319029839 8.40596649086e-06 0.00133384416419 0.00262373257957 0.0105379699629 -2.27537930618e-05 0.00259068655891 -0.000536105964968 -0.000538935119983 -0.00121698602222 0.0296404130754 0.000199267683874 0.0111003472101 0.000570087902208 0.00260943525461 
0.000574698810042 0.000281313509189 0.00172164887856 9.8591433083e-05 0.00279008086047 0.0014063636907 0.00150665968423 0.000521600679347 0.00229550324911 0.00062903367983 0.0010252437817 0.00225518376108 0.00128005701784 0.00143801421271 -0.00131516037121 0.000199267683874 0.0199756019512 9.2160032267e-05 0.000518693285031 -0.000779305631924 
0.000289556963437 0.0014980810635 0.00148957240891 0.000224971562531 0.000771666341339 0.00972493776271 -0.000271012398488 0.000852802983486 0.00312057986002 0.0120928639784 -9.80517026692e-05 0.000263515461462 0.000106129495453 -0.00158379206924 0.000585915406404 0.0111003472101 9.2160032267e-05 0.0295399323601 0.00528863752301 0.00521303662697 
0.00226421850383 0.00191984128593 0.002318363144 0.00432274001058 0.00347515711054 -0.000516236741766 0.00125859948143 0.00103728794075 0.00448317260445 0.00254357071337 0.0014668899361 0.00199483489689 0.00230090265061 0.00297136239116 0.0020703666033 0.000570087902208 0.000518693285031 0.00528863752301 0.0249196855562 0.00298348351131 
-0.00082193878062 0.00435601535852 -0.000368151706251 0.00411321907091 0.00356643097598 0.00434016988416 -0.000242409693334 0.00362601853665 0.00224145514128 0.00797336826335 0.00299939642111 0.0050183805274 0.00273450533618 0.00255324122185 0.00283194096411 0.00260943525461 -0.000779305631924 0.00521303662697 0.00298348351131 0.0410539519352 

['MMC', 'GENZ', 'CA', 'HOT', 'MTG', 'VLO', 'LLTC', 'STA', 'CMS', 'MRO', 'GPC', 'TER', 'MTB', 'ADI', 'GD', 'MUR', 'CTL', 'APC', 'BOL', 'NUE']