40
0.0896854693356 0.0917148498368 0.110578936942 0.0413132452317 0.0316067218978 0.0965978414643 0.136929250297 0.0714432896303 0.0336878097659 0.0904248988876 0.0431194173031 0.0998681056981 0.00792878112812 0.0136100125143 0.0170913584406 0.035272852014 0.190895055806 0.0464034886179 0.0300827450696 0.00787829448736 0.0705908558691 0.10643743266 0.025042174885 0.0657027666716 0.0413413845105 0.201678989994 0.0940944116816 0.0123351660469 0.0450347688147 0.067616439087 0.0437038130991 0.0300310371189 0.0279461936292 0.00642009941462 0.0384658872101 0.20394989535 0.065309734793 0.0756818342608 0.0785253906611 0.134581744136 
0.259379932448 0.0195591171495 0.0312540723034 0.00443715438938 0.016713412323 0.0238336098389 0.0103097533406 0.0236029408986 0.0496620854723 0.0361466932906 0.010775188446 0.00570647294845 -0.00344748235023 0.00562846655711 0.0310524191762 0.0186588567525 0.0306928485807 0.0168797690328 0.0131662962727 0.0226218091453 0.0158033863633 0.0231492084239 0.0103092963278 0.0109957204812 0.00574718439412 0.0224006004549 0.0352107558059 0.00802807423248 0.00121045340237 0.011014922299 0.0209741962831 0.0136110585622 0.00200400109699 0.0145772741122 0.0160038639554 0.010142095713 0.00249913635693 0.00870920827639 0.0267731744265 0.0299202101329 
0.0195591171495 0.186092203137 -0.00235620578221 0.00919061249979 0.0374439188162 0.0288741734936 0.0370838310989 -0.0123683148839 0.0310906036507 0.0352058300963 0.0218697636584 0.0308181754918 0.00477411923638 0.00906029350442 0.0484773880197 0.0139295939117 0.0242467913702 -0.00173724647983 0.0124528157657 0.0196182280347 0.00476118798156 0.0365989214006 0.0262024155251 0.0285971955148 0.0203411310611 0.0277470300472 0.0244251079809 0.0100361821067 0.0149903634592 0.0244543661086 0.0321863248842 0.0140654232589 0.0100337311564 0.0266010858258 0.0256920477931 0.00697189059474 0.0182714219267 0.0214470066127 0.02766442551 0.0131861547766 
0.0312540723034 -0.00235620578221 0.837116398983 0.016448830068 0.0103737670624 -0.0116845225478 -0.010190582753 0.00777566561379 0.0147241115956 0.0281366920087 -0.00227233956972 0.0738833954365 0.0194233141605 0.0236499498882 0.0228218140283 0.00390883144897 -0.00274201972695 0.0188895329294 0.00803272411829 0.0207940747457 0.0308769423323 0.0281875170599 0.00403098076049 0.0671166162756 -0.00890531871344 0.025515769028 0.0619131384436 0.0544889880442 -0.0177268408037 0.0616589788036 -0.00846350684185 0.00589331241663 0.0180343360239 0.0134940546641 0.0119749434709 0.00827770549951 0.00111798856718 -0.00154408508631 0.0208102722353 0.00737006410581 
0.00443715438938 0.00919061249979 0.016448830068 0.144763839093 0.0231975838227 0.0171636063973 0.00430927450475 0.00670524530411 0.0166844338867 0.00412306867643 0.00409965633111 0.00400273315997 0.0128697604224 0.0136761324187 0.0178598402952 0.0151358150252 -0.0020978806291 0.0052337277917 0.0103269535896 0.019436390092 0.0126730656994 0.00613656586564 0.00568338970746 -0.0117361598634 0.0118400075477 -0.00108787224351 0.0298968109462 0.0127575724349 0.000586463454212 0.00738219996335 0.00993162924192 0.0119359414134 0.0234903072427 0.0130411972898 0.0328532721972 0.00377177830907 0.0179033015529 0.00551759956326 0.0069551100097 0.0179968539032 
0.0167134123231 0.0374439188162 0.0103737670624 0.0231975838227 0.12999105209 0.0255130047315 0.0258123125507 -0.00101333858821 0.022940167084 0.00432237680406 0.00717457751344 0.0243574691107 0.0168956194454 0.0192214213463 0.0491799366359 0.00738434526287 0.0232866294823 0.00980449232466 0.0112239864794 0.00271207048847 0.0160644476391 0.00891759300981 0.0510507886331 0.0265087896496 0.0212535529431 0.00160403593154 0.0146283919275 0.0297345889708 0.013042423676 0.0217715911883 0.0189244546041 0.0114564703313 0.0207247962459 0.024129518016 0.0416370037129 0.00299109173155 -0.00118615943223 0.0168977164175 0.0291970867568 0.0217513193787 
0.0238336098389 0.0288741734936 -0.0116845225478 0.0171636063973 0.0255130047315 0.335769642516 0.0749805991856 0.00709490108734 0.0425744385025 -0.0178703083452 0.0177404281399 0.031827994129 0.029962858731 -0.0042388340428 0.0291138240687 0.0346886269364 0.0278540633583 0.0200934410196 0.00705933240882 0.00902784861593 0.0181017896432 0.0196137780455 0.0151921293707 0.0237527454244 0.0471723175811 0.272081693924 0.0427813368062 0.0114184393712 0.0275827688889 0.0531615753278 0.0426068334105 0.0199355599125 -0.0122444976964 0.0153865572591 0.0245848955615 -0.0179863865389 0.0204631037003 0.0171383962346 0.0258304803945 0.0268357226218 
0.0103097533406 0.0370838310989 -0.010190582753 0.00430927450475 0.0258123125507 0.0749805991856 0.612448610996 0.00214653500661 0.0354425513063 -0.0169102662503 0.0425098942732 0.0339990407548 0.0141639759886 0.0118587843838 0.0169283837838 0.0489732187306 0.0361032220327 0.0194157069883 -0.0030443599571 0.0167891090552 0.0397061180302 0.0117539807261 0.031527651036 0.00482351924619 0.0180499014572 0.205451825687 0.000284705741418 0.00549919981257 0.016290117064 0.0669533206627 0.0569163054527 -0.0139835166772 0.0153137232756 0.022033538721 0.037046399629 0.215167208557 0.0474521870757 0.0358829126042 0.0452236969811 0.018775462933 
0.0236029408986 -0.0123683148839 0.00777566561379 0.00670524530411 -0.00101333858821 0.00709490108734 0.00214653500661 0.375077201344 0.0146620921178 0.000112863580381 0.00153086642451 -0.011514901102 0.0103809482734 -0.021791905864 0.00608979361812 -0.00721715398685 0.0395498527459 0.0103082677945 0.017816898891 0.0364467811425 0.0169841444511 0.014304524831 0.0051703254152 0.00749633499772 0.0195988451997 0.0176262653917 0.0334885793394 -0.00997428250118 -0.00316937499166 -0.00430401345909 0.00862789945668 0.00777006303944 -0.00651439648355 -0.0158918718655 -2.85575001609e-06 0.0193909946149 0.00919285775274 0.0135276337333 0.00942204483854 0.00825732295901 
0.0496620854723 0.0310906036507 0.0147241115956 0.0166844338867 0.022940167084 0.0425744385025 0.0354425513063 0.0146620921178 0.341204615205 0.0050559959019 0.0178707375271 0.0362900354726 0.00389596562336 0.00711986132965 0.0280034938594 0.0265502867822 0.02221216379 0.000707124846336 0.0127484953456 0.00435779315161 0.0153421566977 0.0194627272522 0.0346659823773 0.020970355588 0.0223582686139 0.00546188876666 0.0377319694869 0.00826446650798 0.0074137133276 0.0128642648872 0.0423598192381 0.0204537032032 0.0117689227159 9.4918267735e-05 0.033099017492 0.0204690662182 0.0379507208568 0.0121737191043 0.0768774396002 0.0326665270196 
0.0361466932906 0.0352058300963 0.0281366920087 0.00412306867643 0.00432237680406 -0.0178703083452 -0.0169102662503 0.000112863580381 0.0050559959019 0.34768799293 0.0187117379433 -0.00758420416117 0.00638137501622 -0.00418342180945 0.024182673376 0.0205376715328 0.0553403101356 -0.008395701902 0.00975565089431 -0.0141621109707 -0.00916278416739 0.135480386979 -0.00689801058542 0.00511511174746 0.0167618905255 -0.0225724260123 0.0156481707925 0.0141822386633 0.0388302547387 0.00113974970159 0.0121717932304 0.0249933777204 0.0130321639848 0.0484274565051 -0.00321350252818 0.1384263788 0.0243235895245 0.0103758654852 -0.00380887144063 -0.0224523051844 
0.010775188446 0.0218697636584 -0.00227233956972 0.00409965633111 0.00717457751343 0.0177404281399 0.0425098942732 0.00153086642451 0.0178707375271 0.0187117379433 0.178804478217 0.0157299995139 0.0174472147742 0.00313513506567 0.0131738491086 0.0108255713416 0.0024422068528 0.00255154697091 0.000460806742088 0.0033416985459 0.00885943382449 0.0325680786212 0.0130123075648 0.0150281175567 0.0401245994444 0.0118979647434 0.0236763686891 -0.00757558639535 0.00222478427825 0.0161510127358 0.0181994338114 0.0266717195389 0.00777745018284 0.014783445977 0.0149187911643 0.00354555165899 0.0201176565913 0.0141377751516 0.0290202627995 0.0246897991471 
0.00570647294845 0.0308181754918 0.0738833954365 0.00400273315997 0.0243574691107 0.031827994129 0.0339990407548 -0.011514901102 0.0362900354726 -0.00758420416117 0.0157299995139 0.39453732742 0.0119364954777 0.00716558643956 0.0118234385498 0.00332644223261 0.0153709662015 0.028745180337 0.0287290418073 0.0104368881535 0.0748189275291 0.0165795620924 0.0216378259668 0.0395380742631 0.0112523836681 0.0221980733481 0.0504735029275 0.041671915988 0.0105743915618 0.106441836455 0.000205741709639 0.017381309604 -0.000564505653224 0.0107549144984 0.0313974425449 0.022666581246 -0.00275126446143 0.00962790295615 0.0459554402264 -0.000574775466618 
-0.00344748235023 0.00477411923638 0.0194233141605 0.0128697604224 0.0168956194454 0.029962858731 0.0141639759886 0.0103809482734 0.00389596562336 0.00638137501622 0.0174472147742 0.0119364954777 0.238975465501 -0.00245492287903 0.0141747390186 -0.00255177976768 -0.0120535235343 0.00745058011187 0.00819407890207 -0.00844650787925 0.0225090920971 0.00438248217954 0.0176147215829 -0.00561410009687 0.005308320006 0.0103568528068 0.0287641988604 0.0261749563603 0.0122191982768 0.0193220243804 0.00335736769981 -0.00357705550851 0.00989397821628 0.01922409632 0.0140453346949 0.047058908273 0.0231241097911 0.00563072576147 0.0244194913407 0.00581273838273 
0.00562846655711 0.00906029350442 0.0236499498882 0.0136761324187 0.0192214213463 -0.0042388340428 0.0118587843838 -0.021791905864 0.00711986132965 -0.00418342180945 0.00313513506567 0.00716558643956 -0.00245492287903 0.155305157112 0.000135053115674 0.0107025654323 0.0118023033126 0.0094655189168 0.0157886467423 0.00144770548042 0.0225388613519 -0.00129646258434 0.00747166657805 -0.00231272937013 0.00326570116129 0.00207580954816 0.00613409424147 -0.00101836929492 0.00618604672447 0.0132611758668 -0.00322690843301 -0.00676017967117 0.0118121028103 0.0095464315152 0.0228083527179 -0.016190123214 0.00925076026441 0.0252174089241 0.00368348636905 0.0363666793949 
0.0310524191762 0.0484773880197 0.0228218140283 0.0178598402952 0.0491799366359 0.0291138240687 0.0169283837838 0.00608979361812 0.0280034938594 0.024182673376 0.0131738491086 0.0118234385498 0.0141747390186 0.000135053115674 0.220485646425 0.00981398435277 0.0108239245434 0.00275099756622 0.0164438991718 0.0104732837671 0.00890672659884 0.0222385028488 0.0339128103419 0.0190377229914 0.00920085517781 0.0279766176893 0.0245417925266 0.0073466241788 0.0181024925718 0.0249649505802 0.0190953638751 0.0178309248857 0.00357530647968 0.0250917633714 0.0489493641406 -0.00376595102452 0.00814977652321 0.0201236564006 0.022024218886 0.0296929735861 
0.0186588567525 0.0139295939117 0.00390883144897 0.0151358150252 0.00738434526287 0.0346886269364 0.0489732187306 -0.00721715398685 0.0265502867822 0.0205376715328 0.0108255713416 0.00332644223261 -0.00255177976768 0.0107025654323 0.00981398435277 0.242560403632 0.0165105438375 0.00342739390808 0.0116738893239 -0.00344212810632 -0.0158665918074 0.0118215269422 0.00288021598155 0.0170920184361 0.016869527215 0.110789175599 -0.0189593681437 0.0210636525378 0.0189260548038 0.0391563854347 0.0316308526051 0.00926376880532 0.00781492726297 0.0142456731004 0.00354663532913 -0.0192895149202 0.0325292264794 0.0255004719464 0.00918670283327 0.032670380502 
0.0306928485807 0.0242467913702 -0.00274201972695 -0.0020978806291 0.0232866294823 0.0278540633583 0.0361032220327 0.0395498527459 0.02221216379 0.0553403101356 0.0024422068528 0.0153709662015 -0.0120535235343 0.0118023033126 0.0108239245434 0.0165105438375 0.556895174277 -0.00160688844617 0.00413705472775 0.00917698270278 -0.0130898452344 0.0274410139519 0.00967349868718 0.0274252320272 0.0166482091499 0.033519948677 0.0226046216733 0.0121305422521 0.00249211715981 0.0226338815397 0.059292112207 0.0123364925552 0.00489892797232 0.0252845065085 0.0416525921513 0.0891467510381 0.0616171471486 0.00839031635605 0.044843847025 0.0410181556914 
0.0168797690328 -0.00173724647983 0.0188895329294 0.0052337277917 0.00980449232465 0.0200934410196 0.0194157069883 0.0103082677945 0.000707124846336 -0.008395701902 0.00255154697091 0.028745180337 0.00745058011187 0.0094655189168 0.00275099756622 0.00342739390808 -0.00160688844616 0.18562486023 0.0104560036338 0.0103157826165 0.0233547882004 -0.000573312258928 0.0136642158222 4.05604644805e-06 0.00831478717841 -0.000794017971742 0.00084104674006 0.0185666912815 -0.013256671185 0.0253352291217 -0.00354838943461 0.0008954164768 0.0224596342015 -0.00110594626822 0.016182899677 0.00415217998789 -0.00208419998069 0.0211489121713 0.0141640963813 0.0128958317645 
0.0131662962727 0.0124528157657 0.00803272411829 0.0103269535896 0.0112239864794 0.00705933240882 -0.0030443599571 0.017816898891 0.0127484953456 0.00975565089432 0.000460806742088 0.0287290418073 0.00819407890207 0.0157886467423 0.0164438991718 0.0116738893239 0.00413705472775 0.0104560036338 0.153347912377 0.0104004525415 0.00341530956138 -0.0188528188242 0.0120701956399 0.00193981354571 0.0239054442159 0.0315477985701 0.00851056466891 0.0142955764552 0.0306907544743 0.000158607751981 0.00905056868223 -0.0156448087042 -0.00349705625863 0.00363419435897 0.00977167626357 -0.000238679515103 0.000373523937454 0.0110000017229 -0.00906118437769 -0.00512436142955 
0.0226218091453 0.0196182280347 0.0207940747457 0.019436390092 0.00271207048847 0.00902784861593 0.0167891090552 0.0364467811425 0.00435779315162 -0.0141621109707 0.0033416985459 0.0104368881535 -0.00844650787925 0.00144770548042 0.0104732837671 -0.00344212810632 0.00917698270278 0.0103157826165 0.0104004525415 0.152810876068 -0.0149493446658 -0.0061849256393 0.00149531871714 0.00373686146878 0.0153531454053 0.00763583460962 0.00541706721392 0.000544565408547 0.00269261814527 -0.002749684957 0.00827544209325 0.000414281230853 0.000152314520877 0.00906173218138 0.0300032892779 -0.00115964121816 0.00246434416989 0.00866071636095 0.0204000380902 0.0236889442773 
0.0158033863633 0.00476118798156 0.0308769423323 0.0126730656994 0.0160644476391 0.0181017896432 0.0397061180302 0.0169841444511 0.0153421566977 -0.00916278416739 0.00885943382449 0.0748189275291 0.0225090920971 0.0225388613519 0.00890672659884 -0.0158665918074 -0.0130898452344 0.0233547882004 0.00341530956138 -0.0149493446658 0.475238081845 -0.00131314232302 -0.00241530413205 0.0226421267977 0.0141343395564 0.0225080810887 0.0341975903568 0.00799928670481 0.00637295672028 0.0583777822487 0.00440347574455 0.00443618050079 0.0060143822464 0.00684609265271 0.0272876003515 0.0261941806857 0.045082302026 0.0320294079832 0.0143906323591 0.0031653655072 
0.0231492084239 0.0365989214006 0.0281875170599 0.00613656586564 0.00891759300981 0.0196137780455 0.0117539807261 0.014304524831 0.0194627272522 0.135480386979 0.0325680786212 0.0165795620924 0.00438248217954 -0.00129646258434 0.0222385028488 0.0118215269422 0.0274410139519 -0.000573312258928 -0.0188528188242 -0.0061849256393 -0.00131314232302 0.488612243682 0.0281754879951 0.0147468103499 0.00585176366767 -0.0291397135069 0.0362459427889 0.0132584372402 -0.00470863351593 0.00317978268531 0.0262446206092 0.0380353676008 0.0069848991607 0.0321027251863 0.0115898155164 0.131354768979 -0.0156555899156 0.014109222848 0.0126850124658 0.00731652937142 
0.0103092963278 0.0262024155251 0.00403098076049 0.00568338970746 0.0510507886331 0.0151921293708 0.031527651036 0.0051703254152 0.0346659823773 -0.00689801058542 0.0130123075648 0.0216378259668 0.0176147215829 0.00747166657805 0.0339128103419 0.00288021598155 0.00967349868718 0.0136642158222 0.0120701956399 0.00149531871714 -0.00241530413205 0.0281754879951 0.163831683392 0.0140753986565 0.0402063917218 0.00371181542382 0.0392570077964 0.0236317643243 0.00276106593842 0.0187490479025 0.0103543703626 -0.00730090862856 0.0164754518755 0.0131992373779 0.030886090065 -0.000296826021133 0.00456210138879 0.020870562895 0.0366037782056 0.0251823558917 
0.0109957204812 0.0285971955148 0.0671166162756 -0.0117361598634 0.0265087896496 0.0237527454244 0.00482351924619 0.00749633499772 0.020970355588 0.00511511174746 0.0150281175567 0.0395380742631 -0.00561410009687 -0.00231272937012 0.0190377229914 0.0170920184361 0.0274252320272 4.05604644894e-06 0.00193981354571 0.00373686146877 0.0226421267977 0.0147468103499 0.0140753986565 0.184028773198 0.0142129315104 0.0113897802177 0.0251184827085 0.016618867581 0.00283175419614 0.00746115334022 -0.00303526440499 0.0219811369177 0.00611177738393 0.0109549273728 0.0212327574166 -0.00437360450925 -0.00234136951289 0.0208460259556 0.0175981058211 0.0126488336864 
0.00574718439412 0.0203411310611 -0.00890531871344 0.0118400075477 0.0212535529431 0.0471723175811 0.0180499014572 0.0195988451997 0.0223582686139 0.0167618905255 0.0401245994444 0.0112523836681 0.005308320006 0.00326570116129 0.00920085517781 0.016869527215 0.0166482091499 0.00831478717841 0.0239054442159 0.0153531454053 0.0141343395564 0.00585176366767 0.0402063917218 0.0142129315104 0.238439954868 0.0288273215949 0.0135500922584 0.00376915949 0.00282671408296 0.0370198540053 0.00575233888756 -0.00173794283807 -0.00262735784304 0.000567245141073 0.0196687682162 0.0386152515611 0.0249714994985 0.00887487737731 0.0149654938403 0.033888394483 
0.0224006004549 0.0277470300472 0.025515769028 -0.00108787224351 0.00160403593154 0.272081693924 0.205451825687 0.0176262653917 0.00546188876666 -0.0225724260123 0.0118979647434 0.0221980733481 0.0103568528068 0.00207580954816 0.0279766176893 0.110789175599 0.033519948677 -0.000794017971742 0.0315477985701 0.00763583460962 0.0225080810887 -0.0291397135069 0.00371181542382 0.0113897802177 0.0288273215949 1.18537075229 0.016637833866 0.00254354628923 0.00549490395136 0.100360681944 0.0344964868272 0.0372772218356 -0.00516959424464 0.0171472728514 -0.0124212066196 -0.0279387138416 0.0671897269937 -0.00873563553426 -0.00824142577583 -0.00583272802905 
0.0352107558059 0.0244251079809 0.0619131384436 0.0298968109462 0.0146283919275 0.0427813368062 0.000284705741419 0.0334885793394 0.0377319694869 0.0156481707925 0.0236763686891 0.0504735029275 0.0287641988604 0.00613409424147 0.0245417925266 -0.0189593681437 0.0226046216733 0.00084104674006 0.00851056466891 0.00541706721392 0.0341975903568 0.0362459427889 0.0392570077964 0.0251184827085 0.0135500922584 0.016637833866 0.362920899608 0.0143008176896 0.0201778499659 0.0542808896479 0.0289662286908 -0.0146174754732 0.00519241180038 0.034719652308 0.0227981437085 0.0332610875021 0.0261049137379 0.00662790717656 0.0354472238511 0.0359829275997 
0.00802807423248 0.0100361821067 0.0544889880442 0.0127575724349 0.0297345889708 0.0114184393712 0.00549919981257 -0.00997428250118 0.00826446650798 0.0141822386633 -0.00757558639535 0.041671915988 0.0261749563603 -0.00101836929493 0.0073466241788 0.0210636525378 0.0121305422521 0.0185666912815 0.0142955764552 0.000544565408544 0.00799928670481 0.0132584372402 0.0236317643243 0.016618867581 0.00376915949 0.00254354628923 0.0143008176896 0.214144503948 -0.0121889267757 0.00311545537515 0.00722934896932 0.00893565599485 0.0387012765183 -0.00411655901471 0.01761363624 -0.0082498659712 -0.0191117125511 0.0287323367348 -0.00842153760875 0.0146523706466 
0.00121045340237 0.0149903634592 -0.0177268408037 0.000586463454213 0.013042423676 0.0275827688889 0.016290117064 -0.00316937499166 0.0074137133276 0.0388302547387 0.00222478427825 0.0105743915618 0.0122191982768 0.00618604672447 0.0181024925718 0.0189260548038 0.00249211715981 -0.013256671185 0.0306907544743 0.00269261814527 0.00637295672029 -0.00470863351594 0.00276106593842 0.00283175419614 0.00282671408296 0.00549490395136 0.0201778499658 -0.0121889267757 0.201876472016 0.0142859819904 0.0158639872342 0.00984945734317 -0.00205606908412 0.0642520203105 0.014616024722 0.0312879787879 0.0191773041823 0.011128304664 0.00294917191101 -0.029708294686 
0.011014922299 0.0244543661086 0.0616589788036 0.00738219996335 0.0217715911883 0.0531615753278 0.0669533206627 -0.00430401345909 0.0128642648872 0.00113974970159 0.0161510127358 0.106441836455 0.0193220243804 0.0132611758668 0.0249649505802 0.0391563854347 0.0226338815397 0.0253352291217 0.000158607751981 -0.002749684957 0.0583777822487 0.00317978268531 0.0187490479025 0.00746115334022 0.0370198540053 0.100360681944 0.0542808896479 0.00311545537515 0.0142859819904 0.38217871817 0.00946811038349 -0.0116667276289 0.00433609343426 0.0144964485083 0.0259379134419 0.00207720352832 0.0211906429557 -0.00448222959176 0.0295524500642 0.0218534908205 
0.0209741962831 0.0321863248842 -0.00846350684185 0.00993162924192 0.0189244546041 0.0426068334105 0.0569163054527 0.00862789945668 0.0423598192381 0.0121717932304 0.0181994338114 0.000205741709639 0.00335736769981 -0.003226908433 0.0190953638751 0.0316308526051 0.059292112207 -0.00354838943461 0.00905056868223 0.00827544209325 0.00440347574455 0.0262446206092 0.0103543703625 -0.00303526440499 0.00575233888756 0.0344964868272 0.0289662286908 0.00722934896932 0.0158639872342 0.00946811038349 0.19106993035 -0.00443634984125 0.00228472783765 0.0146313930474 0.00440070962537 0.016142288598 0.041266805682 0.0174983441498 0.0154782270065 0.0331270792716 
0.0136110585622 0.0140654232589 0.00589331241663 0.0119359414134 0.0114564703313 0.0199355599125 -0.0139835166772 0.00777006303944 0.0204537032032 0.0249933777204 0.0266717195389 0.017381309604 -0.00357705550851 -0.00676017967117 0.0178309248857 0.00926376880532 0.0123364925552 0.0008954164768 -0.0156448087042 0.000414281230854 0.00443618050079 0.0380353676008 -0.00730090862856 0.0219811369177 -0.00173794283807 0.0372772218356 -0.0146174754732 0.00893565599485 0.00984945734317 -0.0116667276289 -0.00443634984125 0.258517462457 0.0192643583461 0.0246334275189 0.0117343811344 0.00712246871811 -0.00190988523059 0.0162025269279 0.00753994000276 -0.0119701895648 
0.00200400109699 0.0100337311564 0.0180343360239 0.0234903072427 0.0207247962459 -0.0122444976964 0.0153137232756 -0.00651439648355 0.0117689227159 0.0130321639848 0.00777745018284 -0.000564505653224 0.00989397821628 0.0118121028103 0.00357530647969 0.00781492726297 0.00489892797232 0.0224596342015 -0.00349705625863 0.00015231452088 0.0060143822464 0.0069848991607 0.0164754518755 0.00611177738394 -0.00262735784304 -0.00516959424464 0.00519241180038 0.0387012765183 -0.00205606908412 0.00433609343426 0.00228472783766 0.0192643583461 0.188493574888 0.00711832906672 0.00233341256099 0.0115231212058 0.00525703799806 0.0119849526232 -0.00292059582605 0.00714901905736 
0.0145772741122 0.0266010858258 0.0134940546641 0.0130411972898 0.0241295180161 0.0153865572591 0.022033538721 -0.0158918718655 9.49182677353e-05 0.0484274565051 0.014783445977 0.0107549144984 0.01922409632 0.0095464315152 0.0250917633714 0.0142456731004 0.0252845065085 -0.00110594626822 0.00363419435897 0.00906173218138 0.00684609265271 0.0321027251863 0.0131992373779 0.0109549273728 0.000567245141073 0.0171472728514 0.034719652308 -0.00411655901471 0.0642520203105 0.0144964485083 0.0146313930474 0.0246334275189 0.00711832906672 0.15058425982 0.0169760105593 0.0101007323492 0.0101808558702 0.0143718718157 0.00720533432278 -0.00721171762795 
0.0160038639554 0.0256920477931 0.0119749434709 0.0328532721972 0.0416370037129 0.0245848955615 0.037046399629 -2.85575001694e-06 0.033099017492 -0.00321350252818 0.0149187911643 0.0313974425449 0.0140453346949 0.0228083527179 0.0489493641406 0.00354663532913 0.0416525921513 0.016182899677 0.00977167626357 0.0300032892779 0.0272876003515 0.0115898155164 0.030886090065 0.0212327574166 0.0196687682162 -0.0124212066196 0.0227981437085 0.01761363624 0.014616024722 0.0259379134419 0.00440070962537 0.0117343811344 0.00233341256099 0.0169760105593 0.220987645451 0.00782713953334 0.0239763782615 0.0103209317193 0.0191921422083 0.0764230508264 
0.010142095713 0.00697189059474 0.00827770549951 0.00377177830907 0.00299109173155 -0.0179863865389 0.215167208557 0.0193909946149 0.0204690662182 0.1384263788 0.00354555165899 0.022666581246 0.047058908273 -0.016190123214 -0.00376595102453 -0.0192895149202 0.0891467510381 0.00415217998789 -0.000238679515103 -0.00115964121816 0.0261941806857 0.131354768979 -0.000296826021134 -0.00437360450925 0.0386152515611 -0.0279387138416 0.0332610875021 -0.0082498659712 0.0312879787879 0.00207720352832 0.016142288598 0.00712246871811 0.0115231212058 0.0101007323492 0.00782713953334 0.715224471613 0.0137103570709 0.0114198866407 0.0252212643194 -0.00416193365372 
0.00249913635693 0.0182714219267 0.00111798856718 0.0179033015529 -0.00118615943223 0.0204631037003 0.0474521870757 0.00919285775274 0.0379507208568 0.0243235895245 0.0201176565913 -0.00275126446143 0.0231241097911 0.00925076026441 0.00814977652321 0.0325292264794 0.0616171471486 -0.00208419998069 0.000373523937453 0.00246434416989 0.045082302026 -0.0156555899156 0.00456210138879 -0.00234136951289 0.0249714994985 0.0671897269937 0.0261049137379 -0.0191117125511 0.0191773041823 0.0211906429557 0.041266805682 -0.00190988523059 0.00525703799806 0.0101808558702 0.0239763782615 0.0137103570709 0.300044313012 0.00516542133858 0.011602815681 0.0418989176323 
0.00870920827639 0.0214470066127 -0.00154408508631 0.00551759956326 0.0168977164175 0.0171383962346 0.0358829126042 0.0135276337333 0.0121737191043 0.0103758654852 0.0141377751516 0.00962790295615 0.00563072576147 0.0252174089241 0.0201236564006 0.0255004719464 0.00839031635605 0.0211489121713 0.0110000017229 0.00866071636095 0.0320294079832 0.014109222848 0.020870562895 0.0208460259556 0.00887487737731 -0.00873563553426 0.00662790717656 0.0287323367348 0.011128304664 -0.00448222959176 0.0174983441498 0.0162025269279 0.0119849526232 0.0143718718157 0.0103209317192 0.0114198866407 0.00516542133858 0.222959752661 -0.00412977892215 0.0118530512585 
0.0267731744265 0.02766442551 0.0208102722353 0.0069551100097 0.0291970867568 0.0258304803945 0.0452236969811 0.00942204483854 0.0768774396002 -0.00380887144063 0.0290202627995 0.0459554402264 0.0244194913407 0.00368348636905 0.022024218886 0.00918670283327 0.044843847025 0.0141640963813 -0.00906118437769 0.0204000380902 0.0143906323591 0.0126850124658 0.0366037782056 0.0175981058211 0.0149654938403 -0.00824142577583 0.0354472238511 -0.00842153760875 0.00294917191101 0.0295524500642 0.0154782270065 0.00753994000276 -0.00292059582605 0.00720533432278 0.0191921422083 0.0252212643194 0.011602815681 -0.00412977892215 0.321397711425 0.0350042480629 
0.0299202101329 0.0131861547766 0.00737006410581 0.0179968539032 0.0217513193787 0.0268357226218 0.018775462933 0.00825732295901 0.0326665270196 -0.0224523051844 0.0246897991471 -0.000574775466618 0.00581273838273 0.0363666793949 0.0296929735861 0.032670380502 0.0410181556914 0.0128958317645 -0.00512436142955 0.0236889442773 0.0031653655072 0.00731652937142 0.0251823558917 0.0126488336864 0.033888394483 -0.00583272802905 0.0359829275997 0.0146523706466 -0.029708294686 0.0218534908205 0.0331270792716 -0.0119701895648 0.00714901905736 -0.00721171762795 0.0764230508264 -0.00416193365372 0.0418989176323 0.0118530512585 0.0350042480629 0.380759321644 
0.0224629610732 0.00169386923271 0.00270668205865 0.000384268842172 0.00144742396557 0.00206405115844 0.000892850829971 0.00204407464222 0.00430086276239 0.00313039546525 0.000933158692479 0.000494195053937 -0.00029856072944 0.000487439502281 0.00268921838555 0.00161590439532 0.00265807865854 0.00146183087924 0.00114023470459 0.00195910613994 0.00136861340565 0.00200478025726 0.000892811251499 0.000952257326961 0.000497720768554 0.0019399489054 0.00304934090144 0.000695251622879 0.000104828339655 0.000953920253164 0.00181641868051 0.00117875224873 0.00017355158592 0.00126242896991 0.00138597527441 0.000878331253504 0.000216431557262 0.00075423956142 0.00231862491933 0.00259116620616 
0.00169386923271 0.0161160575363 -0.000204053406394 0.000795930390116 0.00324273849121 0.00250057677587 0.00321155398013 -0.00107112748915 0.00269252525805 0.00304891432247 0.00189397709029 0.00266893228742 0.00041345085394 0.000784644434057 0.00419826495342 0.0012063382192 0.00209983372869 -0.000150449958417 0.00107844548018 0.00169898838553 0.000412330974422 0.00316955956841 0.00226919574853 0.00247658977928 0.00176159362406 0.00240296329004 0.00211527640017 0.000869158866143 0.00129820355676 0.00211781022835 0.00278741750042 0.00121810138572 0.000868946607616 0.00230372160934 0.00222499660641 0.000603783436745 0.00158235155518 0.00185736525617 0.00239580952727 0.00114195450148 
0.00270668205865 -0.000204053406394 0.0724964067444 0.00142451047014 0.000898394580898 -0.00101190933575 -0.000882530354348 0.000673392395287 0.00127514546899 0.0024367090058 -0.00019679037934 0.00639848973659 0.00168210834887 0.00204814574014 0.00197642707089 0.000338514733392 -0.000237465874121 0.00163588153825 0.000695654314803 0.0018008196978 0.00267402164509 0.00244111058434 0.000349093174075 0.00581246947107 -0.000771223223463 0.00220973041754 0.00536183507202 0.00471888478728 -0.00153518944648 0.00533982420153 -0.000732961193015 0.000510375826524 0.0015618193137 0.00116861941392 0.00103706052547 0.000716870324763 9.6820650032e-05 -0.000133721691035 0.00180222244155 0.000638266274315 
0.000384268842172 0.000795930390116 0.00142451047014 0.0125369162204 0.00200896968969 0.00148641191607 0.000373194119299 0.000580691277196 0.00144491435937 0.000357068221534 0.000355040652953 0.00034664686011 0.00111455394664 0.00118438781001 0.00154670754032 0.00131080003188 -0.000181681791891 0.000453254122411 0.000894340415228 0.00168324075776 0.00109751968395 0.000531442193164 0.000492195986626 -0.00101638125845 0.00102537473173 -9.42124998949e-05 0.00258913977715 0.00110483818192 5.07892249739e-05 0.000639317270408 0.000860104322447 0.00103368284821 0.00203432028149 0.00112940081488 0.00284517683202 0.00032664558331 0.00155047139565 0.000477838138969 0.000602330195452 0.00155857326684 
0.00144742396557 0.00324273849121 0.000898394580898 0.00200896968969 0.0112575553375 0.00220949102244 0.00223541183993 -8.77576960021e-05 0.00198667674618 0.000374328811704 0.000621336638806 0.00210941870218 0.00146320356524 0.00166462391828 0.00425910744832 0.000639503058796 0.00201668127002 0.000849093942436 0.000972025742287 0.000234872193987 0.00139122197532 0.000772286208711 0.00442112798395 0.00229572852602 0.00184061167694 0.00013891358653 0.00126685590257 0.00257509094198 0.00112950702303 0.00188547510499 0.00163890584399 0.000992159434463 0.00179482000372 0.0020896775583 0.00360587029529 0.000259036142457 -0.000102724420125 0.00146338516835 0.00252854188479 0.00188371951478 
0.00206405115844 0.00250057677587 -0.00101190933575 0.00148641191607 0.00220949102244 0.0290785040238 0.00649351036857 0.000614436457898 0.0036870545295 -0.00154761410004 0.00153636614432 0.00275638514672 0.00259485968311 -0.000367093796349 0.00252133112448 0.00300412321494 0.00241223264669 0.00174014303724 0.000611356119979 0.000781834624291 0.0015676609685 0.00169860300516 0.00131567699726 0.00205704809471 0.00408524253807 0.0235629658843 0.00370497244821 0.000988865856699 0.00238873785645 0.00460392747391 0.00368986001083 0.00172647013229 -0.00106040460617 0.00133251494631 0.00212911441056 -0.00155766676649 0.00177215676447 0.00148422865193 0.00223698522136 0.00232404175194 
0.000892850829971 0.00321155398013 -0.000882530354348 0.000373194119299 0.00223541183993 0.00649351036857 0.0530396055635 0.000185895384584 0.00306941498062 -0.00146447201575 0.00368146483528 0.00294440329979 0.00122663630247 0.00102700085344 0.00146604104018 0.00424120515258 0.00312663074388 0.00168144954843 -0.000263649306111 0.00145397949487 0.00343865068998 0.00101792459044 0.00273037467189 0.000417729020284 0.00156316731977 0.0177926500298 2.46562404672e-05 0.000476244673818 0.00141076552081 0.00579832765616 0.00492909664116 -0.00121100806767 0.00132620733832 0.00190816042677 0.00320831231975 0.0186340268672 0.00410947994727 0.0031075513877 0.00391648704387 0.00162600278678 
0.00204407464222 -0.00107112748915 0.000673392395287 0.000580691277196 -8.77576960021e-05 0.000614436457898 0.000185895384584 0.0324826384744 0.00126977442466 9.77427277719e-06 0.000132576921343 -0.000997219687642 0.000899016492014 -0.00188723440751 0.00052739159771 -0.000625023869563 0.00342511771939 0.000892722177901 0.00154298870563 0.00315638383556 0.00147087005562 0.00123880818927 0.000447763315539 0.00064920165433 0.00169730978278 0.00152647936031 0.00290019604445 -0.000863798203054 -0.00027447592569 -0.00037273849938 0.000747198011078 0.000672907198116 -0.000564163284508 -0.00137627647492 -2.47315206079e-07 0.00167930939412 0.000796124834725 0.00117152744661 0.000815973018577 0.000715105144976 
0.00430086276239 0.00269252525805 0.00127514546899 0.00144491435937 0.00198667674618 0.0036870545295 0.00306941498062 0.00126977442466 0.0295491864656 0.000437862089247 0.00154765126828 0.00314280926235 0.00033740052021 0.00061659807829 0.00242517370769 0.00229932228311 0.00192362981152 6.12388080574e-05 0.00110405208293 0.000377395957374 0.0013286697449 0.00168552162273 0.00300216213859 0.00181608606656 0.00193628286043 0.000473013442457 0.00326768441105 0.000715723794464 0.000642046407808 0.00111407801933 0.00366846795599 0.00177134265754 0.00101921860472 8.22016311417e-06 0.00286645899884 0.00177267313367 0.00328662883539 0.00105427500028 0.00665778156716 0.00282900422524 
0.00313039546525 0.00304891432247 0.0024367090058 0.000357068221534 0.000374328811704 -0.00154761410004 -0.00146447201575 9.7742727772e-06 0.000437862089247 0.0301106634468 0.00162048404079 -0.000656811347106 0.000552643287513 -0.000362294956173 0.00209428094751 0.0017786145282 0.00479261144307 -0.000727089112974 0.000844864150493 -0.00122647478719 -0.000793520385835 0.0117329456838 -0.000597385240255 0.00044298167165 0.00145162230105 -0.00195482943517 0.0013551713429 0.0012282178965 0.00336279870391 9.87052195532e-05 0.00105410821471 0.00216449000322 0.00112861850771 0.00419394075741 -0.000278297482453 0.0119880760595 0.00210648464394 0.000898576309643 -0.000329857942733 -0.00194442666632 
0.00093315869248 0.00189397709029 -0.00019679037934 0.000355040652953 0.000621336638806 0.00153636614432 0.00368146483528 0.000132576921343 0.00154765126828 0.00162048404079 0.0154849220447 0.00136225791805 0.00151097312197 0.000271510661117 0.00114088879937 0.00093752197923 0.000211501317582 0.000220970449576 3.99070344883e-05 0.000289399583254 0.000767249475516 0.00282047834384 0.0011268988913 0.00130147315752 0.00347489224355 0.00103039397211 0.00205043367541 -0.000656065026694 0.00019267197029 0.00139871873261 0.00157611720151 0.00230983866833 0.000673546943501 0.00128028397715 0.0012920052142 0.000307053780711 0.00174224016727 0.00122436724342 0.00251322848089 0.00213819932757 
0.000494195053937 0.00266893228742 0.00639848973659 0.00034664686011 0.00210941870218 0.00275638514672 0.00294440329979 -0.000997219687642 0.00314280926235 -0.000656811347106 0.00136225791805 0.0341679348287 0.00103373083158 0.000620557988967 0.00102393981442 0.000288078347766 0.00133116472112 0.00248940564082 0.00248800800315 0.000903861027739 0.00647950919241 0.00143583219557 0.00187389069699 0.00342409767285 0.00097448501097 0.00192240954345 0.00437113357532 0.003608893787 0.000915769172207 0.00921813343954 1.78177547166e-05 0.00150526556681 -4.88876236272e-05 0.000931402917111 0.00271909828578 0.0019629835176 -0.000238266491612 0.00083380085452 0.00397985786781 -4.97770155563e-05 
-0.00029856072944 0.00041345085394 0.00168210834887 0.00111455394664 0.00146320356524 0.00259485968311 0.00122663630247 0.000899016492014 0.00033740052021 0.000552643287513 0.00151097312197 0.00103373083158 0.0206958824005 -0.000212602557757 0.00122756840821 -0.000220990610368 -0.00104386575858 0.000645239164981 0.000709628048981 -0.00073148903967 0.00194934455722 0.000379534089911 0.00152547963714 -0.000486195330328 0.000459713997662 0.000896929763396 0.00249105269326 0.00226681771509 0.00105821361216 0.0016733363966 0.000290756571788 -0.000309782094111 0.000856843647979 0.00166485557779 0.00121636166504 0.00407542100388 0.0020026066519 0.000487635155118 0.00211478998486 0.0005033979105 
0.000487439502281 0.000784644434057 0.00204814574014 0.00118438781001 0.00166462391828 -0.000367093796349 0.00102700085344 -0.00188723440751 0.00061659807829 -0.000362294956173 0.000271510661117 0.000620557988967 -0.000212602557757 0.0134498211398 1.16959429034e-05 0.000926869355007 0.00102210944918 0.000819737984195 0.00136733691702 0.000125374972324 0.00195192265032 -0.000112276953309 0.00064706530652 -0.000200288238661 0.000282818016685 0.000179770380213 0.000531228144232 -8.81933679838e-05 0.000535727361239 0.00114845151847 -0.000279458467867 -0.000585448732938 0.00102295811058 0.000826745220765 0.00197526128722 -0.00140210579937 0.00080113933933 0.00218389167459 0.000318999277009 0.00314944682073 
0.00268921838555 0.00419826495342 0.00197642707089 0.00154670754032 0.00425910744832 0.00252133112448 0.00146604104018 0.00052739159771 0.00242517370769 0.00209428094751 0.00114088879937 0.00102393981442 0.00122756840821 1.16959429034e-05 0.0190946170974 0.000849915976184 0.000937379362319 0.000238243377809 0.00142408344201 0.000907012980332 0.000771345149916 0.00192591084092 0.00293693552698 0.00164871517407 0.000796817432052 0.00242284616309 0.00212538157825 0.00063623631709 0.0015677218439 0.00216202814067 0.00165370702103 0.0015442033924 0.000309630623772 0.00217301045054 0.00423913928449 -0.000326140925665 0.000705791350426 0.001742759766 0.00190735330537 0.00257148694394 
0.00161590439532 0.0012063382192 0.000338514733392 0.00131080003188 0.000639503058796 0.00300412321494 0.00424120515258 -0.000625023869564 0.00229932228311 0.0017786145282 0.00093752197923 0.000288078347766 -0.000220990610368 0.000926869355007 0.000849915976184 0.0210063471497 0.00142985503936 0.000296821019317 0.00101098847154 -0.000298097038315 -0.00137408715766 0.00102377426435 0.000249434020841 0.00148021221677 0.0014609439118 0.00959462405327 -0.00164192944521 0.00182416581942 0.00163904442535 0.00339104245068 0.00273931218994 0.000802265912019 0.000676792553846 0.0012337114799 0.000307147629298 -0.00167052099475 0.00281711364966 0.00220840565141 0.000795591803063 0.00282933794661 
0.00265807865854 0.00209983372869 -0.000237465874121 -0.000181681791891 0.00201668127002 0.00241223264669 0.00312663074388 0.00342511771939 0.00192362981152 0.00479261144307 0.000211501317582 0.00133116472112 -0.00104386575858 0.00102210944918 0.000937379362319 0.00142985503936 0.0482285368169 -0.000139160621543 0.000358279449108 0.00079475001507 -0.00113361385046 0.0023764615188 0.000837749560657 0.00237509476402 0.00144177720514 0.00290291270878 0.0019576176612 0.0010505357752 0.00021582367696 0.00196015163996 0.00513484754153 0.00106837159464 0.000424259607534 0.00218970249585 0.00360722029365 0.00772033510639 0.00533620147394 0.000726622711013 0.00388359107271 0.00355227648452 
0.00146183087924 -0.000150449958417 0.00163588153825 0.000453254122411 0.000849093942436 0.00174014303724 0.00168144954843 0.000892722177901 6.12388080574e-05 -0.000727089112974 0.000220970449576 0.00248940564082 0.000645239164981 0.000819737984195 0.000238243377809 0.000296821019317 -0.000139160621543 0.0160755844533 0.000905516476894 0.000893372980584 0.00202258398815 -4.96502980532e-05 0.00118335580248 3.51263926294e-07 0.000720081692356 -6.8763973459e-05 7.28367842662e-05 0.0016079226314 -0.00114806140158 0.00219409520301 -0.000307299539289 7.75453415876e-05 0.00194506137782 -9.577775635e-05 0.00140148022272 0.00035958933506 -0.000180497012985 0.00183154952028 0.00122664672878 0.0011168117911 
