40
0.0994766710856 0.0519302207626 0.0511719962834 0.0431320253577 0.0214629747746 0.0444735285872 0.0755027876102 0.0373342989671 0.0904248988876 0.0445346556631 0.16701162673 0.00154943769328 0.0590120409917 0.0123351660469 0.0607700526619 0.0279461936292 0.100220943784 0.0206658862902 0.05514883533 0.09797045465 0.0521298167044 0.13534553156 0.0564449965361 0.0444205393046 0.0135435889675 0.099400173405 0.034888990542 0.0289140833203 0.0658076634161 0.00851722536111 0.201678989994 0.187838769987 0.0413132452317 0.103848753038 0.0160922749751 0.00326137985962 0.0917148498368 0.0431194173031 0.0674926048947 0.110578936942 
0.305010815167 0.0185210234239 0.00818190094631 0.00010518831928 0.0155196323318 0.00577980532502 0.0282158444594 0.00910537171804 0.00830881150518 0.0104822745343 -0.0088196892081 -0.025847291994 0.0151008046476 0.0114353191006 0.0150815063101 -0.00433013982678 0.328738218737 0.0295463055211 0.0398189430485 0.0123635258749 0.0029993547851 -0.0016387052689 -0.000601240392453 0.0105176472989 0.00190187792042 0.0130431939835 0.0278194777335 0.0205433716925 -0.00595988835645 0.0160758334057 0.0100044749213 0.017886383006 -0.00209794951554 0.0202492437088 0.0172937130753 0.0106277023233 0.00954925363703 -0.00158095482847 0.0126768207622 0.000608018776946 
0.0185210234239 0.254481015972 0.0247659448829 0.0279843528602 0.0391658121574 0.0296934925752 -0.00144141937394 0.0484231598399 0.0604604679519 0.0214501302675 -0.00670666098618 -0.00648870680233 0.0662652518311 0.00294746847515 0.0176117496999 0.0116970334031 0.000326394895199 0.0185964603156 0.0476307879796 -0.0163013353589 0.0042458263687 0.0362134146258 0.0541249904281 0.000491584587659 0.01848705601 0.016281899081 0.0100970519972 0.0363299522196 0.0151682650102 0.0247137059434 -0.00206859036986 0.0294544422867 0.0125534217285 -0.00714955877622 -0.00841730727938 0.0270449809389 0.0324382313571 0.0145726190137 0.0474948912358 0.00209534741804 
0.00818190094631 0.0247659448829 0.316154440979 0.0314234779992 0.00713216849012 0.0190242811988 0.0137556374482 0.0100863021815 -0.0173567921981 0.0203097928967 -0.023562353756 -0.00334553926309 -0.00689888609068 -0.00342890883772 -0.00353613852493 0.00754778666927 0.0083496491507 0.0246719118216 0.00355871078884 -0.00307431063023 0.0234672318255 0.0043233406297 8.30637179368e-05 -0.00628919500192 0.00234997305694 -0.00290828799205 -0.00318453431792 0.00928512609964 -0.0148766055934 0.0153312365149 0.0424778754697 -0.00651470424902 0.0130840896908 -0.0423219323017 0.0105576588077 -0.000756103202613 0.0237543024448 0.00137554943805 -0.00345165711129 0.0165044158119 
0.000105188319281 0.0279843528602 0.0314234779992 0.383002862406 0.00997899489192 0.0501035198965 0.0239115263451 0.0140731117516 0.0129082102574 0.0349901581829 -0.00780764324715 0.0255764275638 0.0585093731475 0.0171439013256 0.0065874964958 0.0048092352316 -0.00590168442438 0.0519487273073 -0.00389334596785 0.0237360814517 0.0409555785964 0.0578228824378 0.0123520401672 0.0333572606533 0.0421163665099 0.0411814190517 0.0290443104143 -0.00987842680714 0.0209883523488 0.0172689042917 -0.000630253883703 0.0342299456835 0.0374519846111 -0.0113153551133 -0.000384154253435 0.0358652945756 0.0380229582829 0.00227617769963 0.0288756366074 0.0316294049287 
0.0155196323318 0.0391658121574 0.00713216849012 0.00997899489192 0.153597450914 0.00215821190027 0.0136027090055 0.038209136016 0.0248079658202 0.0479174775059 0.00392565303726 0.000505280780904 0.0117527647799 0.0029107652474 0.00978494936005 0.020964142064 0.0185016622442 0.0260979516512 0.0265815543467 -0.0159371073172 0.00824399767796 0.0161720314331 0.0185732137531 0.00892901841697 0.0136350627283 0.00814677540842 0.017909167356 0.0199949688793 -0.00210160055269 0.000696236720012 0.0389179517985 0.0205780696804 0.0158338055779 0.0131476026155 0.00506933204521 0.0113555491213 0.00933028332553 0.0153377433787 0.0289984580606 0.00792607222771 
0.00577980532502 0.0296934925752 0.0190242811988 0.0501035198965 0.00215821190027 0.33498699002 0.00653363104558 0.0126737968715 0.0132854679835 -0.0142253141042 -0.0192404433253 0.0227933983673 0.02197874069 0.0115841920994 0.0463856896951 -0.00023979794253 0.00102644522858 0.019980105144 0.0167977133715 0.000521181099535 0.0173047461421 0.029768937128 0.0191424076458 0.0122084405485 0.0233790588597 0.0860734804235 0.0286831263727 0.0138147465675 0.00968917041067 0.0246873275745 0.0380326161571 -0.0131361859988 -0.00694380017661 -0.00274213151127 -0.0094904894575 0.0256794175863 0.0252837314115 0.0197457773777 0.0350295223048 0.0141078820103 
0.0282158444594 -0.00144141937394 0.0137556374482 0.0239115263451 0.0136027090055 0.00653363104558 0.731576916024 -0.00672981349642 -0.0156109814634 0.000873068863169 0.025496134831 -0.00185682300587 -8.52018423018e-07 -0.0299943325724 0.0325789090401 0.00536354717671 -0.0082863956159 0.0229887427286 -0.0205147228423 -0.00163713650136 0.0152419895664 0.00635992493302 0.0237552753737 0.00606437377756 0.0665178492531 0.0346059478833 0.0038571278909 -0.000478263104441 -0.00922229834632 0.0111924463523 0.0504738683048 -0.01958394226 0.0306313204265 -0.00183675340337 0.012791673663 -0.0211207570337 0.0260536049039 0.0140092155119 -0.00790809619893 0.00043959306064 
0.00910537171804 0.0484231598399 0.0100863021815 0.0140731117516 0.038209136016 0.0126737968715 -0.00672981349642 0.246483597844 0.0346270641222 0.0190697034336 0.000828506107975 0.00412651270239 0.0144810364685 6.87432377864e-05 -0.00544447349237 -0.00127693433133 0.00646851064004 0.0448193627697 0.0165803874874 -0.013949286117 0.0132491865206 0.0355950053352 0.0646601494426 0.0145908925059 0.00108879628793 -0.00727643748087 0.0211578183342 0.0522127331144 -0.00508269760708 0.0228868381459 0.058948881214 0.0537204852482 -0.00263604083252 0.0143136074466 0.0200068083501 0.0140116956369 0.0337499313968 0.00296442052182 0.0272369902961 0.0071976678715 
0.00830881150518 0.0604604679519 -0.0173567921981 0.0129082102574 0.0248079658202 0.0132854679835 -0.0156109814634 0.0346270641222 0.326879388822 0.0115902303886 -0.0137705400483 0.0229241799108 0.0247742279849 0.00768673626616 0.0117872448489 0.00995063504932 0.0447022292836 0.0355062660075 0.149269716441 -0.0133511274306 -0.0199294469132 0.0404932909608 0.0497689244845 0.0125195392584 -0.00528782005364 0.0361437802215 0.0062781688225 0.0286194506961 0.000559007711243 0.00730561275576 -0.0268322789683 0.156940807625 0.0045470132348 0.00180835124256 0.0029597898919 0.00260698444253 0.0257114449949 0.011032895668 0.0178820739698 0.0237261619798 
0.0104822745343 0.0214501302675 0.0203097928967 0.0349901581829 0.0479174775059 -0.0142253141042 0.00087306886317 0.0190697034336 0.0115902303886 0.614927331633 0.0220917456247 0.00143667881336 -0.00573722167612 0.0358223502993 0.0114878226005 -0.00247239077474 0.00433141829796 0.0300578635936 0.0416461936266 0.0135678806091 0.0309156954991 0.00646516255144 0.0258107901134 0.021926681945 0.0729737835873 0.000125040626645 0.0228179122117 0.00498280112521 0.0356409356062 0.0345741646696 0.0202172856546 0.0816434016602 0.0224126255164 0.00700012645884 0.0106639036937 -0.0105504841721 0.0274509626031 -0.0191624771172 0.0116335321546 0.0120930542205 
-0.0088196892081 -0.00670666098618 -0.023562353756 -0.00780764324715 0.00392565303726 -0.0192404433253 0.025496134831 0.000828506107974 -0.0137705400483 0.0220917456247 0.503766681984 0.0403870209435 0.00471696923403 0.00293300088418 0.0173446264973 -0.00456352903244 -0.0480251066233 -0.0237321877479 0.0209421583671 0.0377905655186 0.0187669943813 0.0104913237756 0.0234841750902 0.0214429653777 0.0240887147725 0.0332583405943 0.000879727035526 0.0195871121431 -0.00231876585629 0.00492379796233 0.0325151338391 0.0384121231037 -0.00637615841841 0.013627927423 0.0181748267938 0.00597551446539 0.000373887815888 0.0439893167358 0.0141798398568 0.0284833638241 
-0.025847291994 -0.00648870680233 -0.00334553926309 0.0255764275638 0.000505280780904 0.0227933983673 -0.00185682300587 0.00412651270239 0.0229241799108 0.00143667881336 0.0403870209435 0.287986439123 0.0144558047866 0.00369679556969 0.0276478779986 0.0145780352678 0.0220873793133 0.00963256060695 0.024022617821 0.00569550076008 0.0104331419749 0.0194585253069 0.00430575734626 0.0317354063466 0.000429925875822 0.01699346662 -0.0134225572149 0.0140486497326 0.0109879780683 0.000335226898951 0.00812877388823 0.0285670538618 0.00511596360386 0.0145210333598 -0.00967798641747 0.00736812903118 0.0242969346021 0.0137305513503 0.0244883448119 0.00264226892989 
0.0151008046476 0.0662652518311 -0.00689888609068 0.0585093731475 0.0117527647799 0.02197874069 -8.5201842293e-07 0.0144810364685 0.0247742279849 -0.00573722167612 0.00471696923403 0.0144558047866 0.275917156398 0.00071310676781 -0.00709907807747 0.00440857996578 0.0250822281514 0.0222624109929 0.00671837430508 -0.0112226075741 0.00452344359233 0.0335754425629 0.0350419188386 0.0062251392995 -0.00233604737322 0.0118495967854 -0.000936344274062 0.00125987494809 0.0167201815666 0.0192804937503 0.0181208204056 0.00752856861538 0.0154555058083 -0.00170930658604 -0.00430344587818 -0.00175731313734 0.0206913656843 0.0101694546389 0.0277085787563 0.00811368257693 
0.0114353191006 0.00294746847515 -0.00342890883772 0.0171439013256 0.0029107652474 0.0115841920994 -0.0299943325724 6.87432377872e-05 0.00768673626616 0.0358223502993 0.00293300088418 0.00369679556969 0.00071310676781 0.215706396509 0.00502769603348 0.040637519852 0.0057011650583 0.0158462917486 0.00188335462766 0.00585796676633 0.0136559393425 0.00221379424849 0.0203691389516 0.0276247421365 0.00414600282746 0.0202711491024 0.0102486936022 0.00599916570877 0.0225896718003 0.0172714758016 0.00488518047898 -0.0030164787217 0.0134679962323 0.0152263106013 0.0106942590319 0.0136141728127 0.012544195568 -0.00158064079689 0.0308008841321 0.0567513159406 
0.0150815063101 0.0176117496999 -0.00353613852493 0.0065874964958 0.00978494936005 0.0463856896951 0.0325789090401 -0.00544447349237 0.0117872448489 0.0114878226005 0.0173446264973 0.0276478779986 -0.00709907807747 0.00502769603348 0.27730549586 0.0214968859364 -0.00894468258617 0.00998681631808 0.0104879797686 0.0168302759696 0.0287121613342 0.0100504378389 0.0208961461628 0.0240442747683 0.0324620138884 0.0598643920746 0.0142666768974 0.0157052835107 -0.00636019100308 0.0260040088973 0.00402959014826 0.025913085632 0.000482340264571 0.0200516989398 0.00318521896267 0.02156921737 0.0181844616061 0.0247406711918 0.0139774244669 0.040535288286 
-0.00433013982678 0.0116970334031 0.00754778666927 0.0048092352316 0.020964142064 -0.00023979794253 0.00536354717671 -0.00127693433133 0.00995063504932 -0.00247239077474 -0.00456352903244 0.0145780352678 0.00440857996578 0.040637519852 0.0214968859364 0.187029706937 -0.00226804688395 0.00221208929609 0.0114872606148 -0.00457000986334 0.00287744367936 -0.000366786927342 -0.00918597888154 0.0135283423287 -0.00285156966218 0.01997359492 0.00120129958199 0.000998975878462 0.0201804088703 0.0159543745068 -0.00563201146514 0.0120396016197 0.0230711549325 0.0116592077618 0.00112375802147 0.0180126377248 0.0113503392409 0.00554387932835 0.00775975679611 0.0174016935042 
0.328738218737 0.000326394895199 0.0083496491507 -0.00590168442438 0.0185016622442 0.00102644522858 -0.0082863956159 0.00646851064004 0.0447022292836 0.00433141829796 -0.0480251066233 0.0220873793133 0.0250822281514 0.0057011650583 -0.00894468258617 -0.00226804688395 1.06306162504 0.0708574742573 0.0164576933216 -0.0063613467831 0.00194364261973 -0.00550213254853 -0.013407621718 0.0402219793732 -0.00179360259539 -0.0175792380969 0.0255010631448 0.0366410037763 0.0370311408979 -0.00338140203209 -0.00758677890034 0.0394037726684 -0.00374631829906 0.0223734375355 0.0307692738133 0.0142142781236 0.0370834388365 0.0228944437807 -0.0127220142548 0.0395770508708 
0.0295463055211 0.0185964603156 0.0246719118216 0.0519487273073 0.0260979516512 0.019980105144 0.0229887427286 0.0448193627697 0.0355062660075 0.0300578635936 -0.0237321877479 0.00963256060695 0.0222624109929 0.0158462917486 0.00998681631808 0.00221208929609 0.0708574742573 0.193253577768 0.015091568046 0.0107413302712 0.034132061192 0.0354805326443 0.0411367029828 0.0413387654136 0.0143243307034 0.0303860689579 0.02550241992 0.0360197842097 -0.000523961215758 0.0426388069213 0.0294156142686 0.0313312465049 0.0136307481125 0.00430161137753 -0.00141296508264 0.0158714134621 0.0714278510886 0.0277890700944 0.0254664344909 0.00598613420991 
0.0398189430485 0.0476307879796 0.00355871078884 -0.00389334596785 0.0265815543467 0.0167977133715 -0.0205147228423 0.0165803874874 0.149269716441 0.0416461936266 0.0209421583671 0.024022617821 0.00671837430508 0.00188335462766 0.0104879797686 0.0114872606148 0.0164576933216 0.015091568046 0.373168027537 0.00537011009198 -0.00655834333635 0.0239432408896 0.0610609504836 0.0141520890839 0.014031926915 0.0125628839223 0.0126911391754 0.0107722241639 -0.00153262303646 0.00581960778256 -0.0224401112543 0.137645882004 -0.010090959133 0.0252257863701 -0.00902571260086 -0.0135140937283 0.00687563130575 0.027992237976 0.0154604782954 0.0217739863338 
0.0123635258749 -0.0163013353589 -0.00307431063023 0.0237360814517 -0.0159371073172 0.000521181099535 -0.00163713650136 -0.013949286117 -0.0133511274306 0.0135678806091 0.0377905655186 0.00569550076008 -0.0112226075741 0.00585796676633 0.0168302759696 -0.00457000986334 -0.0063613467831 0.0107413302712 0.00537011009198 0.962549162449 0.0136664305945 0.0694222529511 0.000164157589359 -0.00462350309918 0.0265317814495 0.0104631800698 0.010619979192 -0.00936247983375 0.0152183404809 0.00266407062194 0.0130692789434 0.0136665288967 0.0258342090425 0.0163262636315 -0.0450900951504 0.0112564117573 0.00994997128204 -0.00241824742064 -0.0552179154693 0.0243514496335 
0.0029993547851 0.0042458263687 0.0234672318255 0.0409555785964 0.00824399767796 0.0173047461421 0.0152419895664 0.0132491865206 -0.0199294469132 0.0309156954991 0.0187669943813 0.0104331419749 0.00452344359233 0.0136559393425 0.0287121613342 0.00287744367936 0.00194364261973 0.034132061192 -0.00655834333635 0.0136664305945 0.156685847524 0.0138094061152 0.00562053898208 0.0294971945998 0.0114526306347 0.0269530617057 0.0184331508682 -0.00645301501549 0.0104477990188 0.0267985676586 0.00973467809757 0.00864754094816 0.0245205354824 -0.00280455879463 0.000412296963765 0.0221021180043 0.0389959721492 0.0215359854427 -0.00105974638249 0.0155037000454 
-0.0016387052689 0.0362134146258 0.0043233406297 0.0578228824378 0.0161720314331 0.029768937128 0.00635992493302 0.0355950053352 0.0404932909608 0.00646516255144 0.0104913237756 0.0194585253069 0.0335754425629 0.00221379424849 0.0100504378389 -0.000366786927342 -0.00550213254853 0.0354805326443 0.0239432408896 0.0694222529511 0.0138094061152 0.226713011172 0.00980259483363 0.0173959326493 0.00888286495276 0.037086635142 -0.000213657345482 0.0253668052865 0.0294225554387 0.0192411786543 -0.00283430804529 0.0338444672226 0.00924940126971 0.00485971678033 -0.00029910836414 0.0145512284011 0.0369329471511 0.0177623727378 0.0265567454567 0.0101188269887 
-0.000601240392453 0.0541249904281 8.30637179368e-05 0.0123520401672 0.0185732137531 0.0191424076458 0.0237552753737 0.0646601494426 0.0497689244845 0.0258107901134 0.0234841750902 0.00430575734626 0.0350419188386 0.0203691389516 0.0208961461628 -0.00918597888154 -0.013407621718 0.0411367029828 0.0610609504836 0.000164157589359 0.00562053898208 0.00980259483363 0.251217123041 0.0261634707362 0.0122231540096 0.0112186319411 0.0118718773968 0.0519721929484 -0.00272851083353 0.0326573422831 -0.000612154330404 0.05774997029 0.000719279289376 0.0120940517882 0.0100544453454 0.00617413849996 0.0244240490575 -0.00538940998652 0.0257560688778 0.0149397145061 
0.0105176472989 0.000491584587659 -0.00628919500192 0.0333572606533 0.00892901841697 0.0122084405485 0.00606437377756 0.0145908925059 0.0125195392584 0.021926681945 0.0214429653777 0.0317354063466 0.0062251392995 0.0276247421365 0.0240442747683 0.0135283423287 0.0402219793732 0.0413387654136 0.0141520890839 -0.00462350309918 0.0294971945998 0.0173959326493 0.0261634707362 0.167043512548 0.0130463133986 0.0260499439761 0.0160843536337 0.00195880429384 0.027591894338 0.0226689613569 0.00470896037729 0.024476706439 0.0121461161949 0.00673432574574 0.0131379324774 0.0113321719166 0.0184874205647 0.0235544909117 -0.000545384068443 0.0124802399215 
0.00190187792041 0.01848705601 0.00234997305694 0.0421163665099 0.0136350627283 0.0233790588597 0.0665178492531 0.00108879628793 -0.00528782005364 0.0729737835873 0.0240887147725 0.000429925875822 -0.00233604737322 0.00414600282745 0.0324620138884 -0.00285156966218 -0.00179360259539 0.0143243307034 0.014031926915 0.0265317814495 0.0114526306347 0.00888286495276 0.0122231540096 0.0130463133987 0.238307179725 0.0300205593429 0.0171377730604 0.0147270353553 0.00437749355078 0.00883731007396 0.0116684853388 0.010165548107 0.0248451442016 0.017555391619 -0.00615804150738 0.0126513540081 0.0164380885078 0.00322653462841 0.019712985443 0.00762851985432 
0.0130431939835 0.016281899081 -0.00290828799205 0.0411814190517 0.00814677540842 0.0860734804235 0.0346059478833 -0.00727643748087 0.0361437802215 0.000125040626646 0.0332583405943 0.01699346662 0.0118495967854 0.0202711491024 0.0598643920746 0.01997359492 -0.0175792380969 0.0303860689579 0.0125628839223 0.0104631800698 0.0269530617057 0.037086635142 0.0112186319411 0.0260499439761 0.0300205593429 0.348709817518 0.0182598756275 0.00163763863121 0.0199611686767 0.0137844383645 0.0257189666454 0.0192700787337 0.0195166331321 0.0238952454831 -0.00750249174693 0.0209762337322 0.0163375914327 0.0335462508695 0.041757666063 0.0484784262751 
0.0278194777335 0.0100970519972 -0.00318453431792 0.0290443104143 0.017909167356 0.0286831263727 0.0038571278909 0.0211578183342 0.0062781688225 0.0228179122117 0.000879727035526 -0.0134225572149 -0.000936344274062 0.0102486936022 0.0142666768974 0.00120129958199 0.0255010631448 0.02550241992 0.0126911391754 0.010619979192 0.0184331508682 -0.000213657345481 0.0118718773968 0.0160843536337 0.0171377730604 0.0182598756275 0.144379426136 0.0345857980393 0.019619955199 0.00899379444516 0.0175101963938 0.00599712876321 0.0130186837665 0.00647233767256 0.0217526617288 0.0151445898902 0.0140899370583 0.00941525415557 0.0176279227005 0.003663349804 
0.0205433716925 0.0363299522196 0.00928512609964 -0.00987842680714 0.0199949688793 0.0138147465675 -0.000478263104441 0.0522127331144 0.0286194506961 0.00498280112521 0.0195871121431 0.0140486497326 0.00125987494809 0.00599916570877 0.0157052835107 0.000998975878462 0.0366410037763 0.0360197842097 0.0107722241639 -0.00936247983375 -0.00645301501549 0.0253668052865 0.0519721929484 0.00195880429384 0.0147270353553 0.00163763863121 0.0345857980393 0.219296266832 0.00552913909921 0.0226418750064 -0.00471315092328 0.0314896944244 0.00641033366852 0.0121729994918 0.0244065758459 0.0097283903778 0.0244257243571 0.0100547215094 -0.00277309112109 0.024247364667 
-0.00595988835645 0.0151682650102 -0.0148766055934 0.0209883523488 -0.00210160055269 0.00968917041067 -0.00922229834632 -0.00508269760708 0.000559007711243 0.0356409356062 -0.00231876585629 0.0109879780683 0.0167201815666 0.0225896718003 -0.00636019100308 0.0201804088703 0.0370311408979 -0.000523961215758 -0.00153262303646 0.0152183404809 0.0104477990188 0.0294225554387 -0.00272851083353 0.027591894338 0.00437749355078 0.0199611686767 0.019619955199 0.00552913909921 0.253888366199 0.00651681460511 -0.011230746539 -0.0101714191309 0.010558890331 -0.00262702952503 0.0128980513696 0.0121304385028 0.0108980076668 0.00186787358297 0.0207507405654 0.00270255312961 
0.0160758334057 0.0247137059434 0.0153312365149 0.0172689042917 0.000696236720012 0.0246873275745 0.0111924463523 0.0228868381459 0.00730561275576 0.0345741646696 0.00492379796233 0.000335226898951 0.0192804937503 0.0172714758016 0.0260040088973 0.0159543745068 -0.00338140203209 0.0426388069213 0.00581960778256 0.00266407062194 0.0267985676586 0.0192411786543 0.0326573422831 0.0226689613569 0.00883731007396 0.0137844383645 0.00899379444516 0.0226418750064 0.00651681460511 0.144415811709 0.0156101009202 0.00871025331821 0.0180876106173 -0.0032059718442 -0.00845332973724 0.0111490392914 0.030410359408 0.0187396292847 0.00673924472603 0.00933157035225 
0.0100044749213 -0.00206859036986 0.0424778754697 -0.000630253883703 0.0389179517985 0.0380326161571 0.0504738683048 0.058948881214 -0.0268322789683 0.0202172856546 0.0325151338391 0.00812877388823 0.0181208204056 0.00488518047898 0.00402959014826 -0.00563201146514 -0.00758677890034 0.0294156142686 -0.0224401112543 0.0130692789434 0.00973467809757 -0.00283430804529 -0.000612154330404 0.00470896037729 0.0116684853388 0.0257189666454 0.0175101963938 -0.00471315092328 -0.011230746539 0.0156101009202 1.23743541182 -0.0013256287436 0.00257120024052 -0.0190893226833 0.0159076587973 0.0307477843139 0.0377613074884 0.0225463433153 0.0958006883994 0.0255010745566 
0.017886383006 0.0294544422867 -0.00651470424902 0.0342299456835 0.0205780696804 -0.0131361859988 -0.01958394226 0.0537204852482 0.156940807625 0.0816434016602 0.0384121231037 0.0285670538618 0.00752856861538 -0.0030164787217 0.025913085632 0.0120396016197 0.0394037726684 0.0313312465049 0.137645882004 0.0136665288967 0.00864754094816 0.0338444672226 0.05774997029 0.024476706439 0.010165548107 0.0192700787337 0.0059971287632 0.0314896944244 -0.0101714191309 0.00871025331821 -0.0013256287436 0.614266477655 0.0139569925992 0.0300247531443 0.0295899761873 0.00697172258517 0.0261973989617 0.0161092270183 0.0224382943984 0.0188778952695 
-0.00209794951554 0.0125534217285 0.0130840896908 0.0374519846111 0.0158338055779 -0.00694380017661 0.0306313204265 -0.00263604083252 0.0045470132348 0.0224126255164 -0.00637615841841 0.00511596360386 0.0154555058083 0.0134679962323 0.000482340264571 0.0230711549325 -0.00374631829906 0.0136307481125 -0.010090959133 0.0258342090425 0.0245205354824 0.00924940126971 0.000719279289376 0.0121461161949 0.0248451442016 0.0195166331321 0.0130186837665 0.00641033366852 0.010558890331 0.0180876106173 0.00257120024052 0.0139569925992 0.139473097926 0.00385490330765 -0.00297003645096 0.00455882749324 0.00480036150579 0.0133432347278 0.0147100054509 0.0168384161601 
0.0202492437088 -0.00714955877622 -0.0423219323017 -0.0113153551133 0.0131476026155 -0.00274213151127 -0.00183675340337 0.0143136074466 0.00180835124256 0.00700012645884 0.013627927423 0.0145210333598 -0.00170930658604 0.0152263106013 0.0200516989398 0.0116592077618 0.0223734375355 0.00430161137753 0.0252257863701 0.0163262636315 -0.00280455879463 0.00485971678033 0.0120940517882 0.00673432574574 0.017555391619 0.0238952454831 0.00647233767256 0.0121729994918 -0.00262702952503 -0.0032059718442 -0.0190893226833 0.0300247531443 0.00385490330765 0.356503052388 0.00519519330925 0.0253085527574 0.026805648378 0.00221127299787 0.0198109603617 0.0393828831886 
0.0172937130753 -0.00841730727938 0.0105576588077 -0.000384154253435 0.00506933204521 -0.0094904894575 0.012791673663 0.0200068083501 0.0029597898919 0.0106639036937 0.0181748267938 -0.00967798641747 -0.00430344587818 0.0106942590319 0.00318521896267 0.00112375802147 0.0307692738133 -0.00141296508264 -0.00902571260086 -0.0450900951504 0.000412296963765 -0.000299108364141 0.0100544453454 0.0131379324774 -0.00615804150738 -0.00750249174693 0.0217526617288 0.0244065758459 0.0128980513696 -0.00845332973724 0.0159076587973 0.0295899761873 -0.00297003645096 0.00519519330925 0.218053194058 0.0119453221506 -0.001957467153 0.00821963964921 0.0201043890475 -0.000696510688582 
0.0106277023233 0.0270449809389 -0.000756103202613 0.0358652945756 0.0113555491213 0.0256794175863 -0.0211207570337 0.0140116956369 0.00260698444253 -0.0105504841721 0.00597551446539 0.00736812903118 -0.00175731313734 0.0136141728127 0.02156921737 0.0180126377248 0.0142142781236 0.0158714134621 -0.0135140937283 0.0112564117573 0.0221021180043 0.0145512284011 0.00617413849996 0.0113321719166 0.0126513540081 0.0209762337322 0.0151445898902 0.0097283903778 0.0121304385028 0.0111490392914 0.0307477843139 0.00697172258517 0.00455882749324 0.0253085527574 0.0119453221506 0.159328369782 0.0129802987252 0.0171405254062 0.0256000081141 0.0211576416911 
0.00954925363703 0.0324382313571 0.0237543024448 0.0380229582829 0.00933028332553 0.0252837314115 0.0260536049039 0.0337499313968 0.0257114449949 0.0274509626031 0.000373887815889 0.0242969346021 0.0206913656843 0.012544195568 0.0181844616061 0.0113503392409 0.0370834388365 0.0714278510886 0.00687563130575 0.00994997128204 0.0389959721492 0.0369329471511 0.0244240490575 0.0184874205647 0.0164380885078 0.0163375914327 0.0140899370583 0.0244257243571 0.0108980076668 0.030410359408 0.0377613074884 0.0261973989617 0.00480036150579 0.026805648378 -0.001957467153 0.0129802987252 0.17556956877 0.0298254036383 0.00461853375024 -0.00177104839454 
-0.00158095482847 0.0145726190137 0.00137554943805 0.00227617769963 0.0153377433787 0.0197457773777 0.0140092155119 0.00296442052182 0.011032895668 -0.0191624771172 0.0439893167358 0.0137305513503 0.0101694546389 -0.00158064079689 0.0247406711918 0.00554387932835 0.0228944437807 0.0277890700944 0.027992237976 -0.00241824742064 0.0215359854427 0.0177623727378 -0.00538940998652 0.0235544909117 0.00322653462841 0.0335462508695 0.00941525415557 0.0100547215094 0.00186787358297 0.0187396292847 0.0225463433153 0.0161092270183 0.0133432347278 0.00221127299787 0.00821963964921 0.0171405254062 0.0298254036383 0.179542450063 -0.010141672705 -0.00300365027067 
0.0126768207622 0.0474948912358 -0.00345165711129 0.0288756366074 0.0289984580606 0.0350295223048 -0.00790809619893 0.0272369902961 0.0178820739698 0.0116335321546 0.0141798398568 0.0244883448119 0.0277085787563 0.0308008841321 0.0139774244669 0.00775975679611 -0.0127220142548 0.0254664344909 0.0154604782954 -0.0552179154693 -0.00105974638249 0.0265567454567 0.0257560688778 -0.000545384068443 0.019712985443 0.041757666063 0.0176279227005 -0.00277309112109 0.0207507405654 0.00673924472603 0.0958006883994 0.0224382943984 0.0147100054509 0.0198109603617 0.0201043890475 0.0256000081141 0.00461853375024 -0.010141672705 0.326747716569 -0.00149846718559 
0.000608018776946 0.00209534741804 0.0165044158119 0.0316294049287 0.00792607222771 0.0141078820103 0.00043959306064 0.0071976678715 0.0237261619798 0.0120930542205 0.0284833638241 0.00264226892989 0.00811368257693 0.0567513159406 0.040535288286 0.0174016935042 0.0395770508708 0.00598613420991 0.0217739863338 0.0243514496335 0.0155037000454 0.0101188269887 0.0149397145061 0.0124802399215 0.00762851985432 0.0484784262751 0.003663349804 0.024247364667 0.00270255312961 0.00933157035225 0.0255010745566 0.0188778952695 0.0168384161601 0.0393828831886 -0.000696510688582 0.0211576416911 -0.00177104839454 -0.00300365027067 -0.00149846718559 0.843987890665 
0.0264147114364 0.00160396767892 0.000708573407075 9.10957566782e-06 0.00134403958568 0.000500545824039 0.00244356380911 0.000788548321872 0.000719564183874 0.000907791603618 -0.00076380749077 -0.00223844114858 0.00130776804424 0.000990327684152 0.00130609675919 -0.000375001109193 0.0284695648621 0.00255878511692 0.00344842162319 0.0010707127488 0.000259751743886 -0.000141916039218 -5.20689453645e-05 0.000910854974887 0.000164707459398 0.00112957373362 0.00240923744372 0.00177910817651 -0.000516141472041 0.00139220801164 0.00086641294334 0.0015490062065 -0.000181687757631 0.00175363594592 0.0014976794849 0.000920386019587 0.000826989623684 -0.000136914704369 0.00109784488193 5.26559706813e-05 
0.00160396767892 0.0220387024612 0.00214479374173 0.00242351604854 0.00339185882882 0.00257153188972 -0.000124830579534 0.00419356865529 0.0052360301171 0.00185763577261 -0.00058081387886 -0.000561938492853 0.00573873914739 0.000255258257633 0.00152522226452 0.0010129928076 2.82666270908e-05 0.00161050070538 0.00412494723926 -0.00141173705364 0.000367699349535 0.00313617370238 0.00468736166904 4.25724741022e-05 0.00160102601458 0.0014100538226 0.000874430353293 0.00314626615404 0.00131361028301 0.00214026971686 -0.000179145181032 0.00255082952745 0.00108715821213 -0.000619169952606 -0.00072896019354 0.0023421640538 0.00280923324091 0.00126202582656 0.00411317823602 0.000181462409378 
0.000708573407075 0.00214479374173 0.0273797777407 0.00272135302226 0.000617663909651 0.00164755108069 0.00119127314754 0.000873499391939 -0.00150314229717 0.00175887965941 -0.00204055969256 -0.000289732199119 -0.000597461061234 -0.000296952216072 -0.000306238579389 0.000653657499793 0.000723100827719 0.00213665023974 0.000308193394786 -0.000266243110491 0.00203232189174 0.000374412281453 7.19352898661e-06 -0.000544660264102 0.000203513636552 -0.000251865128264 -0.000275788761854 0.000804115507963 -0.0012883518366 0.00132772402933 0.00367869192556 -0.000564189937779 0.00113311540577 -0.00366518685105 0.000914320073198 -6.54804581345e-05 0.00205718293664 0.000119126075751 -0.000298922274353 0.00142932433678 
9.10957566785e-06 0.00242351604854 0.00272135302226 0.0331690208566 0.000864206308064 0.00433909210494 0.00207079892581 0.00121876722872 0.00111788380003 0.00303023658689 -0.000676161739572 0.00221498360083 0.00506706035053 0.00148470540679 0.000570493931271 0.000416491988334 -0.000511100863663 0.00449889175424 -0.000337173651388 0.00205560495235 0.00354685714912 0.00500760851112 0.00106971805734 0.00288882351264 0.00364738433127 0.00356641550626 0.00251531106542 -0.000855496856441 0.00181764463177 0.00149553098121 -5.45815874121e-05 0.0029644002532 0.00324343700954 -0.0009799384981 -3.32687342446e-05 0.00310602562167 0.00329288478 0.000197122771141 0.00250070348525 0.00273918681749 
0.00134403958568 0.00339185882882 0.000617663909652 0.000864206308064 0.0133019294448 0.000186906633239 0.00117802915591 0.00330900824465 0.00214843286166 0.00414977528054 0.000339971525671 4.37585992307e-05 0.00101781928641 0.00025207966487 0.000847401472055 0.0018155479596 0.00160229095157 0.00226014891167 0.00230203013363 -0.00138019397995 0.000713951141785 0.00140053900518 0.00160848749401 0.000773275677996 0.00118083107049 0.000705531446262 0.00155097938909 0.00173161509974 -0.000182003946724 6.02958686578e-05 0.00337039349207 0.00178211311041 0.0013712477869 0.00113861578639 0.000439017033137 0.0009834194013 0.000808026238441 0.00132828754027 0.00251134013511 0.000686417990143 
0.000500545824039 0.00257153188972 0.00164755108069 0.00433909210494 0.000186906633239 0.0290107243294 0.000565829046443 0.00109758300531 0.00115055527749 -0.0012319483391 -0.00166627126998 0.00197396620246 0.00190341477807 0.00100322046404 0.0040171185648 -2.07671110006e-05 8.88927643541e-05 0.0017303278625 0.00145472465052 4.5135607217e-05 0.00149863497651 0.00257806557965 0.00165778113108 0.00105728196556 0.0020246858889 0.00745418206389 0.00248403160987 0.00119639214743 0.000839106771724 0.0021379852831 0.00329372117645 -0.00113762707838 -0.000601350735175 -0.000237475554927 -0.000821900496454 0.00222390279841 0.00218963537048 0.00171003448266 0.00303364561984 0.00122177842145 
0.00244356380911 -0.000124830579534 0.00119127314754 0.00207079892581 0.00117802915591 0.000565829046443 0.0633564194099 -0.000582818945063 -0.00135195065253 7.56099814758e-05 0.00220803004619 -0.000160805589342 -7.37869598826e-08 -0.00259758539772 0.00282141628563 0.000464496810942 -0.000717622910918 0.0019908835204 -0.0017766271133 -0.000141780179964 0.00131999501688 0.000550785655816 0.00205726719475 0.000525190174941 0.00576061472583 0.0029969629989 0.000334037073917 -4.14187998139e-05 -0.000798674464919 0.000969294287159 0.00437116521792 -0.00169601915034 0.00265275016408 -0.000159067510781 0.0011077914349 -0.00182911121383 0.00225630837069 0.00121323365204 -0.000684861220385 3.80698757842e-05 
0.000788548321872 0.00419356865529 0.000873499391939 0.00121876722872 0.00330900824465 0.00109758300531 -0.000582818945063 0.0213461057349 0.00299879171883 0.00165148476161 7.17507336697e-05 0.000357366482931 0.00125409454548 5.95333902615e-06 -0.000471505235462 -0.000110585756989 0.000560189453892 0.003881470674 0.00143590367687 -0.0012080436142 0.00114741321064 0.00308261788681 0.00559973320298 0.0012636083574 9.4292524489e-05 -0.000630157970749 0.00183232081661 0.00452175532781 -0.000440174524749 0.00198205832467 0.0051051228656 0.00465233049286 -0.000228287832637 0.00123959476686 0.00173264042798 0.00121344843717 0.00292282979656 0.000256726347939 0.00235879255191 0.000623336322472 
0.000719564183874 0.0052360301171 -0.00150314229717 0.00111788380003 0.00214843286166 0.00115055527749 -0.00135195065253 0.00299879171883 0.0283085854694 0.00100374339522 -0.00119256375056 0.00198529221637 0.00214551107941 0.000665690887868 0.00102080534797 0.000861750273649 0.00387132661654 0.0030749328356 0.0129271366454 -0.0011562415524 -0.00172594073102 0.00350682186549 0.00431011529226 0.00108422390415 -0.000457938649709 0.00313014318606 0.000543705368953 0.00247851713452 4.84114878848e-05 0.00063268462367 -0.0023237435228 0.0135914726294 0.000393782897268 0.000156607811502 0.000256325323625 0.00022577147545 0.00222667645336 0.000955476792582 0.00154863303302 0.00205474590088 
0.000907791603618 0.00185763577261 0.00175887965941 0.00303023658689 0.00414977528054 -0.0012319483391 7.56099814758e-05 0.00165148476161 0.00100374339522 0.0532542690675 0.00191320129249 0.000124420034944 -0.000496857971866 0.00310230653824 0.000994874620618 -0.000214115321901 0.000375111828045 0.00260308734555 0.00360666616516 0.0011750129283 0.00267737776779 0.000559899500915 0.002235279993 0.0018989063585 0.00631971503968 1.0828835918e-05 0.00197608916367 0.000431523235644 0.00308659556496 0.00299421049185 0.00175086829724 0.00707052598891 0.00194099030627 0.000606228734306 0.000923521150222 -0.000913698731528 0.00237732309727 -0.00165951919829 0.00100749343817 0.00104728921643 
-0.00076380749077 -0.00058081387886 -0.00204055969256 -0.000676161739572 0.000339971525671 -0.00166627126998 0.00220803004619 7.17507336696e-05 -0.00119256375056 0.00191320129249 0.0436274744178 0.00349761861202 0.000408501518554 0.000254005327502 0.00150208871659 -0.0003952132073 -0.00415909623552 -0.00205526774771 0.0018136441156 0.00327275897625 0.00162526938869 0.0009085752909 0.0020337892215 0.00185701527496 0.00208614389375 0.00288025678424 7.61865961162e-05 0.00169629367027 -0.000200811013698 0.000426413411848 0.00281589319121 0.00332658744211 -0.000552191516889 0.00118021313492 0.00157398617128 0.000517494732771 3.23796346725e-05 0.00380958657883 0.00122801015376 0.00246673166569 
-0.00223844114858 -0.000561938492853 -0.000289732199119 0.00221498360083 4.37585992307e-05 0.00197396620246 -0.000160805589342 0.000357366482931 0.00198529221637 0.000124420034944 0.00349761861202 0.0249403572226 0.00125190941774 0.000320151887595 0.00239437647076 0.00126249488792 0.00191282315883 0.000834204218911 0.00208041972984 0.00049324483455 0.000903536599151 0.00168515772359 0.000372889524439 0.00274836680956 3.72326730206e-05 0.00147167737913 -0.00116242755318 0.00121664875573 0.000951586814334 2.90315010523e-05 0.000703972468883 0.00247397943556 0.000443055444578 0.00125755837788 -0.000838138209501 0.000638098691936 0.00210417625995 0.00118910062773 0.00212075287038 0.000228827201691 
0.00130776804424 0.00573873914739 -0.000597461061234 0.00506706035053 0.00101781928641 0.00190341477807 -7.3786959875e-08 0.00125409454548 0.00214551107941 -0.000496857971866 0.000408501518554 0.00125190941774 0.0238951266781 6.17568576534e-05 -0.000614798195854 0.000381794224498 0.00217218467626 0.00192798134693 0.000581828282033 -0.000971906325589 0.000391741706354 0.00290771862028 0.00303471919116 0.000539112877546 -0.000202307636965 0.00102620518408 -8.10897928026e-05 0.000109108371064 0.00144801019925 0.00166973973853 0.00156930908086 0.000651993167505 0.00133848606583 -0.000148030292637 -0.000372689345432 -0.000152187781934 0.00179192483216 0.000880700605991 0.00239963331057 0.000702665522987 
0.000990327684152 0.000255258257633 -0.000296952216072 0.00148470540679 0.00025207966487 0.00100322046404 -0.00259758539772 5.95333902621e-06 0.000665690887868 0.00310230653824 0.000254005327502 0.000320151887595 6.17568576534e-05 0.0186807219136 0.00043541124875 0.00351931245387 0.000493735377166 0.00137232912101 0.000163103295189 0.000507314803416 0.00118263903831 0.000191720205795 0.00176401917853 0.00239237284632 0.000359054377274 0.00175553300866 0.00088756290151 0.000519542990531 0.00195632296422 0.0014957536805 0.000423069039687 -0.000261234720297 0.00116636268752 0.00131863717866 0.000926149999626 0.00117902195073 0.0010863592032 -0.000136887508436 0.00266743481174 0.00491480813027 
0.00130609675919 0.00152522226452 -0.000306238579389 0.000570493931271 0.000847401472055 0.0040171185648 0.00282141628563 -0.000471505235462 0.00102080534797 0.000994874620618 0.00150208871659 0.00239437647076 -0.000614798195854 0.00043541124875 0.0240153604024 0.00186168493232 -0.000774632234841 0.000864883663439 0.000908285691396 0.00145754465424 0.0024865461113 0.000870393448762 0.00180965934182 0.00208229527649 0.00281129286854 0.00518440843187 0.00123553046208 0.00136011744939 -0.000550808698159 0.00225201323053 0.000348972743523 0.00224413904477 4.17718922387e-05 0.00173652806709 0.000275848053828 0.00186794901821 0.00157482057051 0.00214260497588 0.00121048046678 0.00351045894054 
-0.000375001109193 0.0010129928076 0.000653657499793 0.000416491988334 0.0018155479596 -2.07671110006e-05 0.000464496810942 -0.000110585756989 0.00086175027365 -0.000214115321901 -0.0003952132073 0.00126249488792 0.000381794224498 0.00351931245387 0.00186168493232 0.016197247747 -0.000196418621847 0.000191572552585 0.000994825951228 -0.000395774463719 0.000249193932428 -3.17646796854e-05 -0.000795529107005 0.00117158881277 -0.000246953176811 0.00172976406056 0.000104035595556 8.65138488516e-05 0.00174767467405 0.00138168936244 -0.000487746500321 0.00104266008541 0.00199802062661 0.00100971701097 9.732029943e-05 0.00155994018588 0.000982968212415 0.000480114033387 0.000672014651262 0.00150703086435 
0.0284695648621 2.82666270908e-05 0.000723100827719 -0.000511100863663 0.00160229095157 8.88927643541e-05 -0.000717622910918 0.000560189453892 0.00387132661654 0.000375111828045 -0.00415909623552 0.00191282315883 0.00217218467626 0.000493735377166 -0.000774632234841 -0.000196418621847 0.0920638373076 0.00613643727548 0.00142527805042 -0.000550908791645 0.000168324388456 -0.000476498656202 -0.00116113410121 0.00348332559277 -0.00015533054119 -0.00152240667711 0.00220845685069 0.00317320400904 0.00320699087487 -0.000292838006019 -0.000657034326059 0.00341246681358 -0.000324440681765 0.00193759652757 0.00266469727783 0.00123099259515 0.00321152000921 0.00198271699196 -0.0011017587532 0.0034274731461 
0.00255878511692 0.00161050070538 0.00213665023974 0.00449889175424 0.00226014891167 0.0017303278625 0.0019908835204 0.003881470674 0.0030749328356 0.00260308734555 -0.00205526774771 0.000834204218911 0.00192798134693 0.00137232912101 0.000864883663439 0.000191572552585 0.00613643727548 0.016736250772 0.00130696813108 0.000930226488532 0.00295592320758 0.00307270426098 0.0035625429811 0.00358004210093 0.00124052342813 0.00263151076387 0.00220857435087 0.00311940481644 -4.53763723444e-05 0.00369262899809 0.00254746692245 0.00271336554055 0.0011804574138 0.000372530473015 -0.000122366365622 0.00137450472521 0.00618583335805 0.00240660406493 0.00220545792129 0.000518414429624 
