40
0.0283013122104 0.0279461936292 0.101022755506 0.0904248988876 0.070293401022 0.0392369654355 0.0795042219188 0.256023639664 0.0539269159384 0.0413413845105 0.0609589558998 0.00413185853021 0.0370780174455 0.134360436546 0.0704328117516 0.073470583658 0.0436793340255 0.0762578269544 0.168192385625 0.059162885268 0.0205902908148 0.00610402508206 0.0946597506959 0.0524718958424 0.0038222736377 0.0270606760034 0.0823962853659 0.234070828585 0.0224960645228 0.0444735285872 0.0800542827641 0.0585004976968 0.0363676427781 0.0807794462486 0.0201569416701 0.0367129888202 0.0205855922537 0.0705908558691 0.158066549078 0.101218808556 
0.209225610953 0.0060725727884 -0.00887237153082 0.00104205607399 0.0138082171784 0.0227952209408 0.00566898213688 -0.0125233487821 9.24014096424e-05 0.0048492591415 -0.00137529693638 0.0180472352734 0.0135345696298 -0.00931957315168 0.022377983562 -0.0133721210328 -0.00609641265275 0.0170350411245 0.0116748183748 0.0192499994949 0.00582788721694 0.0133902723431 0.0193516091426 0.0264530146151 0.0167584543631 0.0073524235395 0.0323807969203 0.00294394556096 0.0107178673676 -0.00126570562878 0.0260211520587 0.00584447620616 0.00676666759385 -0.00569485272501 -0.00605721952602 -0.00141654418726 0.0134699476053 0.0338472788438 -0.00131964849865 0.0165635729198 
0.0060725727884 0.183628546829 0.0155995996094 0.0150576389845 0.00965810244142 0.0209989091443 0.0183654974197 0.0355306980282 0.0159199237265 -0.00834064234487 -0.00526596005276 0.00223548179948 0.0188143466151 -0.0219311368731 0.00323875606972 0.00390471839557 -0.000884465757488 0.0156272817082 0.0124154376052 0.0174819986512 -0.00138554443562 0.00919610907104 -0.00249756075228 0.00983708313833 -0.00652552872988 0.00729269932662 0.012209428444 -0.000397504827437 0.011273340345 0.000915758802371 0.028998865341 0.00664942245946 -0.0140550423551 -0.00359731031401 0.011165913983 0.0309050056977 -0.00281014972796 0.00654839824535 -0.0154202398003 -0.00723992386351 
-0.00887237153082 0.0155995996094 0.458391858839 0.00613426670516 -0.0239386821146 0.0300473867436 -0.00654076273039 -0.00230938579187 0.0166814153709 0.0167916892894 0.0138121929017 -0.00318389569523 0.00774373572277 -0.00845032452316 0.0823100999952 0.00388706692558 0.0182548028279 0.00880039322739 0.0138396531105 0.0297974700419 -0.00481396969829 0.0232012199398 0.0273467369363 0.00247891105433 0.00699365278407 -0.00697316507222 -0.0148817516362 0.017825409123 0.0233090064293 -4.91031219413e-05 -0.0165163541485 0.0141941838899 0.0411006551922 0.0277186663252 0.00809818292031 0.00045851566046 0.00949274972625 -0.0226107833492 0.0405957356421 0.027553276389 
0.00104205607399 0.0150576389845 0.00613426670516 0.344563249191 0.0166710630934 -0.010801752037 0.0144355050528 0.02148055287 -0.00685478077646 0.0134779257638 0.00134408054616 0.0197109503237 0.0195049781008 0.064686198377 -0.023095230607 0.091341749778 0.0505200297559 0.14806904402 -0.00465293797217 0.0276617019145 0.0117377511182 -0.000756536611024 0.0264579373854 -0.0173323291839 0.0222646606683 0.103745592451 0.00185866339044 -0.000669469459212 -0.00785377738796 0.0147433837055 0.0142684434563 -0.00794398121699 -0.00106443676147 0.0235236851349 0.0263847729941 0.0224695964779 -0.0175534876664 -0.0107148321563 -0.0147999828822 -0.00248972638841 
0.0138082171784 0.00965810244142 -0.0239386821146 0.0166710630934 0.328291780211 0.0112191635068 0.0306541266625 -0.00690966237763 0.030492648354 0.0242382603006 0.0475773284954 0.00699819961592 0.0272280272034 0.0325977012421 0.0107182826918 0.0473260542212 -0.0114536669295 0.0281912159392 -0.00416200502439 0.0338764709145 0.0274944054194 0.00785083410899 0.00244884850667 0.00510795110087 0.015485521626 0.0154766234239 -0.00463586015179 0.00753045496996 0.0234765051479 0.0337543254505 -0.00366580796965 0.0343760598705 0.00331599380043 -0.0111477606732 -0.00910217098003 0.0429145035876 0.00955190595056 0.00270672391078 -0.00862996740545 0.00519076331947 
0.0227952209408 0.0209989091443 0.0300473867436 -0.010801752037 0.0112191635068 0.166855711376 0.00936772634458 0.0330742734697 0.0188110461144 0.0106346798179 0.028733222122 0.00870280209727 0.044941285771 0.019872862361 0.00524036351372 0.0239496371539 0.0213115679608 0.0291830771345 0.0198304794207 -0.00222216659958 0.023858115925 0.0428601626293 0.0251053273777 0.0384900839055 0.0294812931561 0.00541835937636 0.020765956735 0.00290368622826 0.0442380144371 0.0186401938638 0.0230291399454 0.00751547890182 0.0408130325626 0.00416846299069 0.0306795806861 0.0423366129986 0.0196611845649 0.017810175724 -0.00761924853886 0.0364489745504 
0.00566898213688 0.0183654974197 -0.00654076273039 0.0144355050528 0.0306541266625 0.00936772634458 0.266005243798 0.0231207201783 0.0475187254298 0.012468182642 0.0308000188523 0.0317172858333 0.00890779519013 0.00983892856327 -0.00318267209332 0.0359819329077 0.00715103324149 0.00745136580599 -0.0239756220789 0.00331420853033 0.00664811051681 0.0166487888099 0.0207936156907 0.00622383497529 0.0150625558629 0.0205640667757 -0.012670340243 0.0430720873753 0.0302952849027 0.0115517278867 -0.0126354523948 0.00951389897228 0.0233546768214 0.00584903131192 0.0208362523451 0.00456995368334 0.0254652308423 0.0401178569827 -0.0186417559747 0.0238700406556 
-0.0125233487821 0.0355306980282 -0.00230938579187 0.02148055287 -0.00690966237763 0.0330742734697 0.0231207201783 0.694122666077 0.0285381284148 0.0464392479209 0.0167423894775 -0.0161032909766 0.0252002800999 -0.0131663986886 0.01481061819 0.063861640479 0.0118979476853 0.0599395556851 0.0307369638548 -0.00260737591859 0.00138282069459 -0.00631507219692 0.0257298348435 0.017146069218 0.0145541583881 0.016913771419 0.0560581965157 0.130204771085 0.0270575947913 0.03899076986 0.00506921790847 0.0638856360184 0.0327478252781 -0.0124422705665 0.00844019070136 0.00310477886647 -0.00592976300401 0.0514377304236 -0.0327863430545 0.0126552694498 
9.24014096425e-05 0.0159199237265 0.0166814153709 -0.00685478077646 0.030492648354 0.0188110461144 0.0475187254298 0.0285381284148 0.224189198723 0.0191104739951 -0.0074053521649 0.0215417900607 0.0266100347986 0.0156462665265 9.42342435785e-05 0.018879509081 0.0102304424869 0.0205541574781 0.00991367213777 -0.021278736467 0.0272801419369 0.00844999315988 0.0235702377643 0.0143479244419 0.0292879112328 0.0430078755583 0.0119341896839 0.041180574034 0.0297003451912 0.0313983833541 0.0144036459914 0.0305533867934 0.0189737774592 -0.000758368199866 0.0296063703712 0.0173011834205 0.00844690349619 -0.00236168294487 -0.0025579942337 0.0178132617652 
0.0048492591415 -0.00834064234487 0.0167916892894 0.0134779257638 0.0242382603006 0.0106346798179 0.012468182642 0.0464392479209 0.0191104739951 0.237814123818 0.0297437148619 0.0114567752785 0.00407995591119 0.0241487676003 0.0182509576051 0.0378080462087 -0.0127522177495 0.00860077420381 0.04293914825 0.0176714816738 -0.000898243626318 0.0172444028942 0.0104591632407 0.0151652811241 0.0122321566191 0.00468350025515 0.00442785471243 0.0194661814443 0.0405580374109 0.0230033517296 -0.00217509541671 0.0324487111481 0.0192967375209 0.0038975748477 0.0294713972327 0.0283775641497 0.00075769230986 0.0138828240969 -0.0217074460987 0.00391198024738 
-0.00137529693638 -0.00526596005276 0.0138121929017 0.00134408054616 0.0475773284954 0.028733222122 0.0308000188523 0.0167423894775 -0.0074053521649 0.0297437148619 0.425951560293 0.012682213395 0.026233559426 0.0256037286695 0.00642572530615 0.0182080171994 0.00526558433961 0.00413246552651 0.00576511990548 0.000998739335315 0.00196167531964 0.0172734684525 0.0205170688529 0.0139889521051 0.0235942833442 0.00644196906386 -0.0086649467053 0.0690134546825 0.0376088801902 0.0429824313954 0.000265632021187 0.0239843064509 0.0234121353707 0.0103040381123 0.0324620421354 0.0338550951829 0.00759148516839 0.0715188552849 -0.00958881622691 0.0973408019346 
0.0180472352734 0.00223548179948 -0.00318389569523 0.0197109503237 0.00699819961592 0.00870280209727 0.0317172858333 -0.0161032909766 0.0215417900607 0.0114567752785 0.012682213395 0.188022338451 0.00892975115243 0.0317913844646 0.00305259034038 0.0337352148282 0.0492018705964 0.044386140475 0.0170754991131 0.00909089300506 0.02444653264 0.0140250313895 0.0307450732394 0.00536314406444 0.0183252948395 0.0374506460785 0.00531239340522 0.0382452572766 0.00422488734651 -0.000401424656944 0.00202741655677 0.0148597279873 0.016859585701 -0.00853108878985 0.00499250739351 0.0231952745527 0.013763933466 0.0254263438284 -0.00700276986398 0.0164258209946 
0.0135345696298 0.0188143466151 0.00774373572277 0.0195049781008 0.0272280272034 0.044941285771 0.00890779519013 0.0252002800999 0.0266100347986 0.00407995591119 0.026233559426 0.00892975115243 0.196762209127 0.000365331398373 -0.0047560034383 0.0205345688687 0.0273767374612 0.0116048915949 -0.00559658046047 -0.00266190313248 0.0340299949846 0.0201643243885 0.0147046600902 0.0101795837914 0.00650233336444 0.0120135399815 0.00484447143073 0.00405833041431 0.0122332877057 0.0234371823541 0.0100949865677 0.00359562969047 0.00812122718318 0.0104672150092 0.0361855032004 0.0203996537907 0.0161397737939 -0.00172467020434 -0.0123668765523 0.0427790851742 
-0.00931957315168 -0.0219311368731 -0.00845032452316 0.064686198377 0.0325977012421 0.019872862361 0.00983892856327 -0.0131663986886 0.0156462665265 0.0241487676003 0.0256037286695 0.0317913844646 0.000365331398373 0.556281123673 -0.004916102724 0.0607755251842 0.0535914498224 0.0535789142392 0.0115452118227 0.0317290368239 0.0379655650283 0.0242594844873 0.029927950732 -0.00992768564203 0.0233695527162 0.0344954216139 -0.00464459320963 0.0341219248433 -0.00755959050139 0.0053617564968 -0.0125248998056 0.00957379845932 0.00427993183385 0.005571630582 0.00510804555312 -0.00169474924527 0.00558095314925 0.00348923957726 -0.0209899626063 0.0151363922193 
0.022377983562 0.00323875606972 0.0823100999952 -0.023095230607 0.0107182826918 0.00524036351372 -0.00318267209332 0.01481061819 9.42342435782e-05 0.0182509576051 0.00642572530615 0.00305259034038 -0.0047560034383 -0.004916102724 0.27594804738 0.0306906618019 0.0095969167938 0.00613215176389 0.00876425512956 -0.0147171644385 0.00956644478153 0.0159672476043 0.0205971948968 0.0290610242526 0.00399548273001 -0.00766268412618 0.0229916537556 0.0655872155838 0.0147517924297 0.0199909752956 0.0216126745599 0.0167775165214 0.0108076644171 0.0129216682017 0.0236294468598 0.016844704309 -0.0126916152547 0.0075528810656 -0.0251809343187 0.00771225689231 
-0.0133721210328 0.00390471839557 0.00388706692558 0.091341749778 0.0473260542212 0.0239496371539 0.0359819329077 0.063861640479 0.018879509081 0.0378080462087 0.0182080171994 0.0337352148282 0.0205345688687 0.0607755251842 0.0306906618019 0.442456301856 0.0223591076188 0.129408407218 0.0092794252362 -0.0181408516144 0.0145408979253 0.0367619854947 0.0101422872786 0.0127139144808 0.0195586062355 0.0452766075301 0.0121423389855 0.00573953452572 0.0253664250617 0.00268554650248 0.0034032823038 0.0144099239867 0.024426521506 0.0404932348226 0.0337853122349 0.0310410415314 0.0133194171448 0.0181017569998 -0.01528634473 0.00922372219272 
-0.00609641265275 -0.000884465757488 0.0182548028279 0.0505200297559 -0.0114536669295 0.0213115679608 0.00715103324149 0.0118979476853 0.0102304424869 -0.0127522177495 0.00526558433961 0.0492018705964 0.0273767374612 0.0535914498224 0.0095969167938 0.0223591076188 0.199984395456 0.0456524339704 0.000319660976251 -0.00102479675124 0.0306591319163 0.0215949638696 0.00369877755239 0.00502669630758 0.0169187352643 0.0225731983833 0.014018199728 0.00575122552205 0.011572771299 0.0301206856893 -0.00284023225437 0.0288976695305 0.00976911788862 0.0133171081327 0.0247638946935 0.0112827840401 0.0158530125659 0.0128872943602 -0.00343051318274 0.0296303272095 
0.0170350411245 0.0156272817082 0.00880039322739 0.14806904402 0.0281912159392 0.0291830771345 0.00745136580598 0.0599395556851 0.0205541574781 0.00860077420381 0.00413246552651 0.0443861404751 0.0116048915949 0.0535789142392 0.00613215176389 0.129408407218 0.0456524339704 0.456943652252 0.0185266342005 0.0101036446634 -0.0131804450179 -0.000282679304745 0.00457703217532 0.00876646449249 -0.00227390650376 0.0785317224535 0.00702133575901 0.0368951892438 0.0121948661608 0.0138906416578 0.0123085690529 0.0277306022652 0.00885980940574 0.0027015826444 0.00473973991105 -0.0109303787815 0.00398337058782 0.00613921115976 -0.0233847667766 0.00679564149279 
0.0116748183748 0.0124154376052 0.0138396531105 -0.00465293797217 -0.00416200502439 0.0198304794207 -0.0239756220789 0.0307369638548 0.00991367213777 0.04293914825 0.00576511990548 0.0170754991131 -0.00559658046047 0.0115452118227 0.00876425512956 0.0092794252362 0.000319660976251 0.0185266342005 0.711153668581 0.0276350734672 0.0150067966887 0.00631079326674 0.0261263077341 0.00902765991189 0.0127693313373 -0.00108511509169 0.0385166642628 0.0252931687221 0.0158373165364 0.00891305642753 0.0295093706686 0.000103217884818 0.00828669632624 0.00638436319576 -0.00958245573188 -0.00892633431832 0.0500454715642 0.00150096149308 0.044635516438 -0.0197343862901 
0.0192499994949 0.0174819986512 0.0297974700419 0.0276617019145 0.0338764709145 -0.00222216659958 0.00331420853033 -0.00260737591859 -0.021278736467 0.0176714816738 0.000998739335315 0.00909089300506 -0.00266190313248 0.0317290368239 -0.0147171644385 -0.0181408516144 -0.00102479675124 0.0101036446634 0.0276350734672 0.34871869835 -0.0123518818332 0.00842773453527 0.0144522554107 -5.9700974205e-05 0.00940047391019 -0.00175877213442 0.00711475955276 0.0199607537298 0.00841337113087 0.0108232717987 0.0102738829711 -0.00151637351457 0.0298869985941 0.0106473879928 0.0219489358183 0.00215011638327 -0.00718812410735 0.00183732789208 -0.0149889917306 0.0236668229917 
0.00582788721694 -0.00138554443562 -0.00481396969829 0.0117377511182 0.0274944054194 0.023858115925 0.00664811051681 0.00138282069459 0.0272801419369 -0.000898243626318 0.00196167531964 0.02444653264 0.0340299949846 0.0379655650283 0.00956644478153 0.0145408979253 0.0306591319163 -0.0131804450179 0.0150067966887 -0.0123518818332 0.299769506479 0.00518725541662 0.00900027759612 0.0160131072062 0.0113614502104 0.0350847503935 0.00237953821014 0.0467087824964 0.0173567453885 0.0255184915298 0.0332353047868 0.0333189201997 0.00337740158914 0.0372355912682 0.0143651206543 0.00406677794605 0.00590385589452 0.013970928385 0.0157511477505 0.00596919181114 
0.0133902723431 0.00919610907104 0.0232012199398 -0.000756536611023 0.00785083410899 0.0428601626293 0.0166487888099 -0.00631507219692 0.00844999315988 0.0172444028942 0.0172734684525 0.0140250313895 0.0201643243885 0.0242594844873 0.0159672476043 0.0367619854947 0.0215949638696 -0.000282679304745 0.00631079326674 0.00842773453527 0.00518725541662 0.184297771321 -0.00480880357345 0.0229302918319 0.0154411529422 0.00350916940882 0.00496577471719 0.0161525496002 0.0343551139801 0.00221325763241 0.0165179617646 0.00797520409721 0.0370406528892 -0.000203764384946 0.00800626715742 0.0305621047924 0.0149765138004 0.0121826762526 -0.0120537099481 0.0179539701608 
0.0193516091426 -0.00249756075228 0.0273467369363 0.0264579373854 0.00244884850668 0.0251053273777 0.0207936156907 0.0257298348435 0.0235702377643 0.0104591632407 0.0205170688529 0.0307450732394 0.0147046600902 0.029927950732 0.0205971948968 0.0101422872786 0.00369877755239 0.00457703217532 0.0261263077341 0.0144522554107 0.00900027759612 -0.00480880357345 0.45120665389 0.00666537246936 -3.05183298675e-05 0.0162181694483 0.0347245331251 0.0925282530004 0.00789629326547 -0.0113802704985 -0.00402402336619 0.00771677498859 0.0334030149967 0.0175737240589 -0.00526604608426 0.0438341986601 -0.00196170791314 0.0135173822482 -0.00969087804748 0.0194275640645 
0.0264530146151 0.00983708313833 0.00247891105433 -0.0173323291839 0.00510795110087 0.0384900839055 0.00622383497529 0.017146069218 0.0143479244419 0.0151652811241 0.0139889521051 0.00536314406444 0.0101795837914 -0.00992768564203 0.0290610242526 0.0127139144808 0.00502669630758 0.00876646449249 0.00902765991189 -5.97009742041e-05 0.0160131072062 0.0229302918319 0.00666537246936 0.18912118372 0.0137593422788 0.00975154945282 0.018037405256 0.0178973695058 0.014620787195 0.00151958000085 0.0231280067691 0.021443719689 0.0203428046305 0.0301516096886 0.0283944373235 0.0360916585753 0.00881925469217 0.0315027951908 0.0455295054959 0.00676584599325 
0.0167584543631 -0.00652552872988 0.00699365278407 0.0222646606683 0.015485521626 0.0294812931561 0.0150625558629 0.0145541583881 0.0292879112328 0.0122321566191 0.0235942833442 0.0183252948395 0.00650233336444 0.0233695527162 0.00399548273001 0.0195586062355 0.0169187352643 -0.00227390650376 0.0127693313373 0.00940047391019 0.0113614502104 0.0154411529422 -3.05183298674e-05 0.0137593422788 0.213774345882 0.0186981257376 0.0163200201605 0.0261780129204 -0.00500661397096 0.0463333375159 0.0230515951959 -1.2274259219e-05 0.0060051713631 0.0133178829935 0.0100655561479 0.0222101393049 0.00778720194385 0.0174822682021 0.0279965411855 0.0197025421255 
0.00735242353951 0.00729269932662 -0.00697316507221 0.103745592451 0.0154766234239 0.00541835937636 0.0205640667757 0.016913771419 0.0430078755583 0.00468350025515 0.00644196906386 0.0374506460785 0.0120135399815 0.0344954216139 -0.00766268412618 0.0452766075301 0.0225731983833 0.0785317224535 -0.00108511509169 -0.00175877213442 0.0350847503935 0.00350916940882 0.0162181694483 0.00975154945282 0.0186981257376 0.1981522584 0.0026916650812 0.023366465472 0.00918368122566 0.0184562889626 -0.00678154294946 0.02676063051 -0.00463216466698 0.0116625478787 0.0225732155309 0.0168927998206 0.00388050165507 0.00101769784261 0.00208037475091 -0.00584708006844 
0.0323807969203 0.012209428444 -0.0148817516362 0.00185866339044 -0.00463586015179 0.020765956735 -0.012670340243 0.0560581965157 0.0119341896839 0.00442785471243 -0.0086649467053 0.00531239340522 0.00484447143073 -0.00464459320963 0.0229916537556 0.0121423389855 0.014018199728 0.00702133575901 0.0385166642628 0.00711475955276 0.00237953821014 0.00496577471719 0.0347245331251 0.018037405256 0.0163200201605 0.00269166508121 0.325730772866 0.031928952642 0.000202274472476 0.0298629616999 0.0555554221465 0.0700321824351 -0.00032169888074 0.0058523251353 0.0310585298135 0.0168155797167 -0.00808433922484 0.0208077676635 0.00166192339512 0.0128090445047 
0.00294394556096 -0.000397504827437 0.017825409123 -0.000669469459211 0.00753045496996 0.00290368622826 0.0430720873753 0.130204771085 0.041180574034 0.0194661814443 0.0690134546825 0.0382452572766 0.00405833041431 0.0341219248433 0.0655872155838 0.00573953452572 0.00575122552205 0.0368951892438 0.0252931687221 0.0199607537298 0.0467087824964 0.0161525496002 0.0925282530004 0.0178973695058 0.0261780129204 0.023366465472 0.031928952642 0.997262234432 0.0369711863194 0.00759964247761 0.109047344987 0.0857895796139 0.0188644222662 0.0208414035202 -0.0105936927204 0.0153433255307 -0.00261166755514 0.100222230894 0.035387145807 0.0341250012679 
0.0107178673676 0.011273340345 0.0233090064293 -0.00785377738796 0.0234765051479 0.0442380144371 0.0302952849027 0.0270575947913 0.0297003451912 0.0405580374109 0.0376088801902 0.00422488734651 0.0122332877057 -0.00755959050139 0.0147517924297 0.0253664250617 0.011572771299 0.0121948661608 0.0158373165364 0.00841337113087 0.0173567453885 0.0343551139801 0.00789629326547 0.014620787195 -0.00500661397096 0.00918368122566 0.000202274472476 0.0369711863193 0.199972688647 0.00306983365979 0.00902185454314 0.0160283263584 0.00845512990753 0.0171932283398 0.0216319770921 0.0167976402985 0.00830333631351 0.00646500870131 -0.00446006581775 0.0277283903192 
-0.00126570562878 0.000915758802371 -4.91031219418e-05 0.0147433837055 0.0337543254505 0.0186401938638 0.0115517278867 0.03899076986 0.0313983833541 0.0230033517296 0.0429824313954 -0.000401424656945 0.0234371823541 0.0053617564968 0.0199909752956 0.00268554650248 0.0301206856893 0.0138906416578 0.00891305642753 0.0108232717987 0.0255184915298 0.00221325763241 -0.0113802704985 0.00151958000085 0.0463333375159 0.0184562889626 0.0298629616999 0.00759964247761 0.00306983365979 0.338462993633 0.033514807281 0.0346206039811 0.0103278972894 0.0203662620976 0.036955072768 0.0378903474071 0.00405678091696 0.00969195174801 0.0186411305449 0.0573233993149 
0.0260211520587 0.028998865341 -0.0165163541485 0.0142684434563 -0.00366580796965 0.0230291399454 -0.0126354523948 0.00506921790847 0.0144036459914 -0.00217509541671 0.000265632021187 0.00202741655677 0.0100949865677 -0.0125248998056 0.0216126745599 0.0034032823038 -0.00284023225437 0.0123085690529 0.0295093706686 0.0102738829711 0.0332353047868 0.0165179617646 -0.00402402336619 0.0231280067691 0.0230515951959 -0.00678154294946 0.0555554221465 0.109047344987 0.00902185454314 0.033514807281 0.325833123803 0.00878687368936 -0.0032910022765 0.0312976582201 0.0117195720519 0.0463578490064 -0.0112908198345 0.0208571164689 -0.00942276787374 0.0115418963486 
0.00584447620616 0.00664942245946 0.0141941838899 -0.00794398121699 0.0343760598705 0.00751547890182 0.00951389897228 0.0638856360184 0.0305533867934 0.0324487111481 0.0239843064509 0.0148597279873 0.00359562969047 0.00957379845932 0.0167775165214 0.0144099239867 0.0288976695305 0.0277306022652 0.000103217884818 -0.00151637351457 0.0333189201997 0.00797520409721 0.00771677498859 0.021443719689 -1.22742592189e-05 0.02676063051 0.0700321824351 0.0857895796139 0.0160283263584 0.0346206039811 0.00878687368936 0.341068515941 0.014005303997 0.011385515133 0.0155403710987 0.0289402670914 0.0219190910303 0.0146566277155 0.00467586167273 0.0262506502782 
0.00676666759385 -0.0140550423551 0.0411006551922 -0.00106443676147 0.00331599380043 0.0408130325626 0.0233546768214 0.0327478252781 0.0189737774592 0.0192967375209 0.0234121353707 0.016859585701 0.00812122718318 0.00427993183385 0.0108076644171 0.024426521506 0.00976911788862 0.00885980940573 0.00828669632624 0.0298869985941 0.00337740158914 0.0370406528892 0.0334030149967 0.0203428046305 0.0060051713631 -0.00463216466698 -0.000321698880739 0.0188644222662 0.00845512990753 0.0103278972894 -0.0032910022765 0.014005303997 0.197624466541 0.0203008915223 0.00129237869491 0.0492689713599 0.0145416109001 0.00932524198908 -0.00962201893773 0.028867843663 
-0.00569485272501 -0.00359731031401 0.0277186663252 0.0235236851349 -0.0111477606732 0.00416846299069 0.00584903131192 -0.0124422705665 -0.000758368199866 0.0038975748477 0.0103040381123 -0.00853108878985 0.0104672150092 0.005571630582 0.0129216682017 0.0404932348226 0.0133171081327 0.0027015826444 0.00638436319576 0.0106473879928 0.0372355912682 -0.000203764384946 0.0175737240589 0.0301516096886 0.0133178829935 0.0116625478787 0.0058523251353 0.0208414035202 0.0171932283398 0.0203662620976 0.0312976582201 0.011385515133 0.0203008915223 0.496738308073 -0.00696530851966 0.00657439461428 0.0185894921341 0.00856370604694 0.0628911879783 0.00949071922755 
-0.00605721952602 0.011165913983 0.00809818292031 0.0263847729941 -0.00910217098003 0.0306795806861 0.0208362523451 0.00844019070136 0.0296063703712 0.0294713972327 0.0324620421354 0.00499250739351 0.0361855032004 0.00510804555312 0.0236294468598 0.0337853122349 0.0247638946935 0.00473973991105 -0.00958245573188 0.0219489358183 0.0143651206543 0.00800626715742 -0.00526604608426 0.0283944373235 0.0100655561479 0.0225732155309 0.0310585298135 -0.0105936927204 0.0216319770921 0.036955072768 0.0117195720519 0.0155403710987 0.00129237869491 -0.00696530851966 0.182591934876 0.0180797832846 -0.00526044232108 -0.00634183013606 0.0198323427207 0.0293929058393 
-0.00141654418726 0.0309050056977 0.00045851566046 0.0224695964779 0.0429145035876 0.0423366129986 0.00456995368334 0.00310477886647 0.0173011834205 0.0283775641497 0.0338550951829 0.0231952745527 0.0203996537907 -0.00169474924527 0.016844704309 0.0310410415314 0.0112827840401 -0.0109303787815 -0.00892633431832 0.00215011638327 0.00406677794605 0.0305621047924 0.0438341986601 0.0360916585753 0.0222101393049 0.0168927998206 0.0168155797167 0.0153433255307 0.0167976402985 0.0378903474071 0.0463578490064 0.0289402670914 0.0492689713599 0.00657439461428 0.0180797832846 0.287463111991 0.0138900964479 0.0241463332634 -0.0056721698912 0.0365078926611 
0.0134699476053 -0.00281014972796 0.00949274972625 -0.0175534876664 0.00955190595056 0.0196611845649 0.0254652308423 -0.00592976300401 0.00844690349619 0.00075769230986 0.00759148516839 0.013763933466 0.0161397737939 0.00558095314925 -0.0126916152547 0.0133194171448 0.0158530125659 0.00398337058782 0.0500454715642 -0.00718812410735 0.00590385589452 0.0149765138004 -0.00196170791314 0.00881925469217 0.00778720194385 0.00388050165508 -0.00808433922484 -0.00261166755514 0.00830333631351 0.00405678091696 -0.0112908198345 0.0219190910303 0.0145416109001 0.0185894921341 -0.00526044232108 0.0138900964479 0.160564032361 -0.00890102381596 0.00653946385436 0.0266229783152 
0.0338472788438 0.00654839824535 -0.0226107833492 -0.0107148321563 0.00270672391078 0.017810175724 0.0401178569827 0.0514377304236 -0.00236168294487 0.0138828240969 0.0715188552849 0.0254263438284 -0.00172467020434 0.00348923957726 0.0075528810656 0.0181017569998 0.0128872943602 0.00613921115976 0.00150096149308 0.00183732789208 0.013970928385 0.0121826762526 0.0135173822482 0.0315027951908 0.0174822682021 0.00101769784261 0.0208077676635 0.100222230894 0.00646500870131 0.00969195174801 0.0208571164689 0.0146566277155 0.00932524198908 0.00856370604694 -0.00634183013606 0.0241463332634 -0.00890102381596 0.470841665736 0.00540421146812 0.00911055211525 
-0.00131964849865 -0.0154202398003 0.0405957356421 -0.0147999828822 -0.00862996740545 -0.00761924853886 -0.0186417559747 -0.0327863430545 -0.0025579942337 -0.0217074460987 -0.00958881622691 -0.00700276986398 -0.0123668765523 -0.0209899626063 -0.0251809343187 -0.01528634473 -0.00343051318274 -0.0233847667766 0.044635516438 -0.0149889917306 0.0157511477505 -0.0120537099481 -0.00969087804748 0.0455295054959 0.0279965411855 0.00208037475091 0.00166192339512 0.035387145807 -0.00446006581775 0.0186411305449 -0.00942276787374 0.00467586167273 -0.00962201893773 0.0628911879783 0.0198323427207 -0.0056721698912 0.00653946385436 0.00540421146812 0.680692308517 -0.000200143308407 
0.0165635729198 -0.00723992386351 0.027553276389 -0.00248972638841 0.00519076331947 0.0364489745504 0.0238700406556 0.0126552694498 0.0178132617652 0.00391198024738 0.0973408019346 0.0164258209946 0.0427790851742 0.0151363922193 0.00771225689231 0.00922372219272 0.0296303272095 0.00679564149279 -0.0197343862901 0.0236668229917 0.00596919181114 0.0179539701608 0.0194275640645 0.00676584599325 0.0197025421255 -0.00584708006844 0.0128090445047 0.0341250012679 0.0277283903192 0.0573233993149 0.0115418963486 0.0262506502782 0.028867843663 0.00949071922755 0.0293929058393 0.0365078926611 0.0266229783152 0.00911055211525 -0.000200143308407 0.329686005966 
0.0181194694208 0.000525900230108 -0.000768369913751 9.02447032245e-05 0.00119582668575 0.00197412404196 0.000490948254413 -0.00108455381857 8.00219680958e-06 0.000419958160607 -0.000119104208466 0.00156293642148 0.00117212811287 -0.000807098710178 0.00193799022502 -0.00115805965169 -0.000527964822923 0.00147527783683 0.00101106892971 0.00166709885854 0.000504709838026 0.00115963160127 0.00167589851216 0.00229089826633 0.00145132472066 0.000636738556459 0.00280425927278 0.000254953164315 0.00092819454147 -0.000109613322824 0.00225349787186 0.000506146486635 0.000586010603524 -0.000493188713067 -0.000524570598584 -0.000122676325175 0.00116653168139 0.00293126033277 -0.000114284912389 0.0014344474926 
0.000525900230108 0.0159026986414 0.00135096495506 0.00130402978816 0.000836416206662 0.00181855887708 0.00159049873186 0.00307704871066 0.00137870583735 -0.000722320815454 -0.0004560455181 0.000193598402805 0.00162937021243 -0.0018992921666 0.000280484503304 0.000338158532519 -7.65969814762e-05 0.00135336229514 0.00107520843652 0.00151398549409 -0.000119991667932 0.00079640640715 -0.000216295105897 0.000851916389693 -0.00056512736532 0.000631566287902 0.00105736751982 -3.44249278687e-05 0.000976299912426 7.93070386593e-05 0.00251137540662 0.000575856877038 -0.00121720237308 -0.000311536211723 0.000966996516571 0.00267645200384 -0.000243366105285 0.000567107923457 -0.00133543193995 -0.000626995798726 
-0.000768369913751 0.00135096495506 0.0396978994643 0.000531243080026 -0.00207315068444 0.00260218002373 -0.000566446668465 -0.00019999867629 0.00144465294822 0.00145420294971 0.00119617099349 -0.000275733455507 0.000670627185611 -0.000731819570728 0.00712826375839 0.000336629870376 0.00158091229901 0.000762136409821 0.00119854911732 0.00258053660248 -0.000416902005177 0.00200928458667 0.00236829688975 0.000214679994677 0.000605668097625 -0.000603893809732 -0.00128879749697 0.00154372571334 0.00201861917048 -4.25245510063e-06 -0.00143035822705 0.00122925238347 0.00355942115087 0.00240050691966 0.000701323213348 3.97086209991e-05 0.00082209624147 -0.00195815127799 0.00351569383514 0.00238618373103 
9.02447032244e-05 0.00130402978816 0.000531243080026 0.029840052701 0.0014437564147 -0.000935459166943 0.00125015140922 0.00186027044727 -0.000593641428979 0.00116722261018 0.00011640078977 0.0017070183713 0.00168918065356 0.00560198910687 -0.0020001056412 0.00791042757339 0.00437516291686 0.0128231553635 -0.000402956248613 0.00239557365699 0.00101651906517 -6.5517992404e-05 0.00229132459075 -0.001501023738 0.00192817617454 0.00898463185931 0.000160964971321 -5.79777558735e-05 -0.000680157073364 0.00127681448267 0.00123568345056 -0.00068796895411 -9.21829276156e-05 0.00203721089175 0.0022849883686 0.00194592413626 -0.00152017662441 -0.000927931684462 -0.00128171611516 -0.000215616630084 
0.00119582668575 0.000836416206662 -0.00207315068444 0.0014437564147 0.0284309021516 0.000971608060607 0.00265472524206 -0.00059839431506 0.00264074081032 0.00209909491638 0.00412031751212 0.000606061864815 0.00235801632531 0.00282304373806 0.000928230509606 0.00409855652164 -0.00099191665274 0.0024414309167 -0.00036044020818 0.00293378844025 0.00238108535552 0.000679902177928 0.00021207650168 0.000442361541464 0.0013410855119 0.00134031490499 -0.000401477265984 0.000652156530604 0.00203312498502 0.00292321033278 -0.000317468282711 0.00297705411299 0.000287173486997 -0.000965424393827 -0.000788271129829 0.00371650502976 0.000827219320775 0.000234409166776 -0.000747377100695 0.000449533289969 
0.00197412404196 0.00181855887708 0.00260218002373 -0.000935459166943 0.000971608060607 0.0144501284818 0.000811268899011 0.00286431610365 0.00162908438069 0.000920990288339 0.00248837002902 0.000753684770035 0.00389202951564 0.00172104036506 0.000453828792795 0.00207409941867 0.00184563592485 0.00252732861591 0.00171736989475 -0.000192445272667 0.00206617344775 0.00371179896473 0.00217418512794 0.00333333904559 0.00255315488096 0.000469243686676 0.00179838460664 0.000251466603829 0.00383112443155 0.00161428814175 0.001994382022 0.000650859565058 0.00353451230047 0.000360999484467 0.00265692962517 0.0036664582367 0.00170270853017 0.00154240646228 -0.00065984627924 0.00315657379026 
0.000490948254414 0.00159049873186 -0.000566446668465 0.00125015140922 0.00265472524206 0.000811268899011 0.0230367298669 0.00200231310282 0.00411524233776 0.0010797762907 0.00266735987632 0.00274679752707 0.000771437692636 0.000852076208182 -0.000275627488473 0.00311612679753 0.000619297645044 0.000645307208087 -0.00207634977918 0.00028701887807 0.000575743259473 0.00144182740516 0.00180077994247 0.000538999919756 0.00130445560232 0.00178090042328 -0.0010972836525 0.0037301521861 0.00262364863406 0.00100040898075 -0.00109426227622 0.000823927819904 0.00202257434245 0.000506540970365 0.00180447238505 0.000395769598389 0.00220535368227 0.00347430832924 -0.00161442342452 0.00206720615971 
-0.00108455381857 0.00307704871066 -0.00019999867629 0.00186027044727 -0.00059839431506 0.00286431610365 0.00200231310282 0.0601127862165 0.00247147441837 0.00402175684321 0.00144993346075 -0.00139458590702 0.0021824082749 -0.00114024357407 0.00128263715983 0.00553058029822 0.00103039249483 0.00519091779149 0.00266189915335 -0.000225805378271 0.000119755785039 -0.000546901294926 0.00222826906096 0.00148489315178 0.00126042708948 0.00146477557226 0.00485478222729 0.0112760639453 0.00234325644546 0.00337669972119 0.000439007148605 0.00553265837288 0.00283604486096 -0.00107753223914 0.000730941956016 0.00026888173715 -0.00051353253999 0.00445463812599 -0.00283938059824 0.00109597848353 
8.00219680959e-06 0.00137870583735 0.00144465294822 -0.000593641428979 0.00264074081032 0.00162908438069 0.00411524233776 0.00247147441837 0.0194153541348 0.00165501559581 -0.000641322309878 0.00186557374356 0.00230449661312 0.00135500642864 8.16092488454e-06 0.00163501344751 0.000885982308557 0.00178004225294 0.00085854919161 -0.00184279263408 0.00236252959362 0.000731790873826 0.00204124246772 0.00124256670583 0.00253640751514 0.00372459127963 0.00103353114398 0.00356634232559 0.00257212534368 0.00271917976225 0.00124739233357 0.00264600091348 0.00164317732855 -6.56766126506e-05 0.00256398688553 0.00149832643577 0.000731523301102 -0.000204527742595 -0.000221528798912 0.00154267372129 
0.000419958160607 -0.000722320815454 0.00145420294971 0.00116722261018 0.00209909491638 0.000920990288339 0.0010797762907 0.00402175684321 0.00165501559581 0.0205953072605 0.00257588126733 0.000992185843662 0.000353334546541 0.00209134462119 0.00158057929294 0.00327427284842 -0.00110437445257 0.000744848895272 0.00371863932014 0.0015303952052 -7.77901799179e-05 0.00149340909795 0.00090579010688 0.0013133518709 0.00105933583752 0.000405603019959 0.000383463466523 0.00168582076455 0.00351242907255 0.001992148697 -0.000188368788653 0.00281014081743 0.00167114649032 0.000337539883126 0.00255229786885 0.00245756914512 6.56180788591e-05 0.00120228783442 -0.00187991997727 0.000338787427334 
-0.000119104208466 -0.0004560455181 0.00119617099349 0.000116400789771 0.00412031751212 0.00248837002902 0.00266735987632 0.00144993346075 -0.000641322309878 0.00257588126733 0.0368884871995 0.00109831189763 0.00227189288946 0.00221734794594 0.000556484135286 0.00157686054472 0.000456012980388 0.000357882012622 0.000499274029401 8.64933636141e-05 0.000169886066079 0.00149592624914 0.00177683028378 0.00121147878954 0.00204332487601 0.00055789088597 -0.000750406396923 0.0059767404958 0.00325702456526 0.00372238775048 2.30044078406e-05 0.00207710186786 0.00202755039878 0.000892355876683 0.0028112953148 0.00293193724759 0.000657441900828 0.00619371455263 -0.000830415844472 0.00842996073001 
0.00156293642148 0.000193598402805 -0.000275733455507 0.0017070183713 0.000606061864814 0.000753684770035 0.00274679752707 -0.00139458590702 0.00186557374356 0.000992185843662 0.00109831189763 0.0162832121578 0.000773339134748 0.00275321465678 0.000264362078212 0.00292155530434 0.00426100698502 0.00384395252273 0.00147878160142 0.000787294428547 0.00211713183007 0.00121460334722 0.00266260144665 0.000464461900396 0.00158701708628 0.00324332108921 0.000460066764382 0.00331213643758 0.000365885977021 -3.47643950619e-05 0.000175579424221 0.00128689019303 0.00146008295143 -0.000738813961395 0.000432363823136 0.00200876970104 0.00119199160375 0.00220198596808 -0.000606457659907 0.00142251782594 
0.00117212811287 0.00162937021243 0.000670627185611 0.00168918065356 0.00235801632531 0.00389202951564 0.000771437692636 0.0021824082749 0.00230449661312 0.000353334546541 0.00227189288946 0.000773339134748 0.0170401071609 3.16386271791e-05 -0.000411881979806 0.0017783458296 0.00237089501141 0.00100501309293 -0.000484678085309 -0.000230527573514 0.00294708401473 0.00174628171706 0.00127346091921 0.000881577816329 0.000563118587748 0.00104040308134 0.000419543532692 0.000351461723574 0.00105943379249 0.00202971953117 0.000874251481849 0.000311390665455 0.000703318905053 0.000906487410487 0.00313375650202 0.00176666184112 0.00139774541169 -0.000149360821011 -0.00107100292598 0.00370477745115 
-0.000807098710178 -0.0018992921666 -0.000731819570728 0.00560198910687 0.00282304373806 0.00172104036506 0.000852076208182 -0.00114024357407 0.00135500642864 0.00209134462119 0.00221734794594 0.00275321465678 3.16386271791e-05 0.0481753584746 -0.00042574698466 0.00526331487378 0.00464115569718 0.00464007008383 0.000999844673051 0.00274781519271 0.00328791437835 0.00210093298487 0.00259183656171 -0.000859762796678 0.00202386263273 0.00298739114319 -0.000402233570978 0.00295504537403 -0.000654679741641 0.000464341733514 -0.00108468814115 0.000829115267648 0.000370652969458 0.000482517362451 0.000442369721269 -0.000146769589945 0.000483324720458 0.00030217701138 -0.00181778408415 0.00131085001836 
0.00193799022502 0.000280484503304 0.00712826375839 -0.0020001056412 0.000928230509606 0.000453828792795 -0.000275627488473 0.00128263715983 8.16092488452e-06 0.00158057929294 0.000556484135286 0.000264362078212 -0.000411881979805 -0.00042574698466 0.0238978019156 0.00265788927794 0.000831117374143 0.000531059920739 0.000759006758745 -0.00127454382754 0.000828478420471 0.00138280420539 0.00178376940274 0.00251675852628 0.000346018954457 -0.000663607911445 0.00199113562274 0.0056800194859 0.00127754269955 0.00173126924524 0.00187171252126 0.001452975552 0.00093597119408 0.0011190492922 0.0020463701258 0.00145879418508 -0.00109912612256 0.000654098687458 -0.0021807328811 0.000667901038925 
-0.00115805965169 0.000338158532519 0.000336629870376 0.00791042757339 0.00409855652164 0.00207409941867 0.00311612679753 0.00553058029822 0.00163501344751 0.00327427284842 0.00157686054472 0.00292155530434 0.0017783458296 0.00526331487378 0.00265788927794 0.0383178397471 0.00193635552038 0.0112070968114 0.000803621798706 -0.00157104383443 0.00125927869971 0.0031836813332 0.000878347843574 0.00110105729219 0.00169382498626 0.00392106923183 0.00105155740228 0.000497058270517 0.00219679685066 0.000232575149419 0.000294732893134 0.00124793602391 0.00211539881503 0.00350681700377 0.00292589386702 0.00268823305261 0.0011534953611 0.0015676581415 -0.00132383628672 0.000798797773635 
-0.000527964822923 -7.65969814762e-05 0.00158091229901 0.00437516291686 -0.00099191665274 0.00184563592485 0.000619297645044 0.00103039249483 0.000885982308557 -0.00110437445257 0.000456012980388 0.00426100698502 0.00237089501141 0.00464115569718 0.000831117374143 0.00193635552038 0.0173191566826 0.0039536167563 2.76834526032e-05 -8.87500020293e-05 0.00265515870975 0.00187017873049 0.000320323532332 0.000435324669947 0.00146520545388 0.00195489632446 0.00121401170798 0.000498070740499 0.00100223139371 0.00260852789864 -0.000245971328493 0.00250261159236 0.000846030426411 0.00115329539479 0.00214461619012 0.000977117760415 0.00137291116086 0.0011160724302 -0.000297091156427 0.00256606160859 
0.00147527783683 0.00135336229514 0.000762136409821 0.0128231553635 0.0024414309167 0.00252732861591 0.000645307208087 0.00519091779149 0.00178004225294 0.000744848895272 0.000357882012622 0.00384395252273 0.00100501309293 0.00464007008383 0.000531059920739 0.0112070968114 0.0039536167563 0.0395724810949 0.00160445358643 0.00087500129493 -0.00114146002187 -2.44807459033e-05 0.000396382613777 0.000759198095187 -0.000196926079809 0.00680104666476 0.00060806551358 0.00319521711625 0.0010561063891 0.00120296485505 0.00106595334841 0.00240154060239 0.000767282001805 0.000233963920048 0.00041047351703 -0.000946598569773 0.000344970012174 0.000531671282355 -0.00202518020901 0.000588519816777 
