30
0.12825177486 0.126841392599 0.0205855922537 0.0506132512338 -0.00662659235152 0.0160922749751 0.0585004976968 0.0466490289559 0.0331605059077 0.065309734793 0.104921073146 0.0904248988876 0.0963264580192 0.0243185800675 0.112278324126 0.103848753038 0.997925549421 0.126255379542 0.0477990277318 0.0453963667668 0.0368602928082 0.0372282541949 0.0731585002716 0.357744060202 0.0900156737744 0.332832739506 0.158066549078 -0.0142899737039 0.0948967479515 0.13534553156 
0.490893076424 0.0158870661682 -0.00685050245333 0.0185848697183 0.0204078612534 0.0139451570016 -0.0161248264485 -0.00881297803985 0.0403379007926 0.0458937388823 0.0117624236509 0.0661569719296 -0.00185407586155 0.000863719232543 0.0109783910586 0.00637052492384 0.240770850967 0.00416688031259 0.0124225830812 0.0148135891527 -0.024027624487 0.0136303302422 0.0123769131285 0.00289629291351 0.0192168358319 0.0355405316673 -0.0335638090773 -0.00921434588537 0.0264133009984 -0.00060975267064 
0.0158870661681 0.741749562144 0.0213234237786 0.0199597880291 0.0206550182221 0.00722141741318 0.0490212595181 0.0283559718352 0.0204166136966 -0.0173582072166 0.02616083513 0.00148046276161 0.00953070342939 0.00119306582293 -0.0103742458144 -0.0244322193178 0.0649839968684 0.0118572032129 0.0567184294868 -0.0148204983757 -0.00467480554157 0.0192050086824 -0.0114743749745 0.466087669471 0.00450054663716 -0.00356796773667 -0.016178104099 -0.00300637304535 -0.0226985308461 -0.000889666126346 
-0.00685050245333 0.0213234237786 0.16517632228 0.0208375971037 0.00404536746481 0.0128376201332 0.0126144250794 0.0274159453098 0.0243878997947 0.00668649324623 0.00967032108734 -0.0149776233224 0.0121542014502 0.0134041522377 0.00836370035098 -0.00180292706942 0.0460812929928 0.00322658086978 0.0178432230281 -0.00717444516429 -3.96650235843e-05 0.0122150416838 -0.00699143118103 -0.00193043930619 0.011104292556 0.000201561906398 0.00935581289516 0.0197531296209 0.0107541583757 0.0012566797577 
0.0185848697182 0.0199597880291 0.0208375971037 0.159921714031 0.0168088714405 -0.0109386155408 0.0133580149828 0.0266094018328 0.0218454031323 0.00780299080892 0.0464877814607 -0.00673914613265 0.0382672188151 0.011339805405 0.0331722606656 -0.00608389074227 0.0217816364776 0.0153299370478 0.0231968983234 0.0140558885095 0.00254737652114 0.00829041613803 0.0143657163841 0.00653471655579 0.0185137415762 0.0397158434245 0.000457079210614 0.00959989992252 0.0202281996293 0.0447367879781 
0.0204078612534 0.0206550182221 0.0040453674648 0.0168088714406 0.177148908294 0.0104363755801 0.00415688173922 0.00118344327783 0.0463387560968 0.0176465617465 0.0221626427761 0.0520042962088 0.00987457481205 0.00828244372424 0.0271880415719 0.0161158541785 0.0276266421839 0.0296175787162 0.0148337601838 -0.00108035902628 0.00978997753317 0.0184209783512 0.00219077199029 0.0195962511254 0.0196474387407 0.00385711295361 0.00485753156581 0.0184196804779 0.0200034415658 0.0282984442492 
0.0139451570016 0.00722141741319 0.0128376201332 -0.0109386155409 0.0104363755801 0.221294091307 -0.0103339948206 -0.00486911780238 0.0152686646489 -0.00936354962316 -0.00994712565757 0.00645058994814 0.0100574273109 0.0191302282353 0.0190131063849 0.00422116213758 0.0232982962665 0.016458806156 0.00433006737653 -0.0143377949705 -0.0155120903018 0.00701594675325 -0.00169148760716 0.0348124265313 0.0186035088607 -0.00251945608724 0.0430446636727 0.00852900230299 0.00313483372176 -0.00637651261409 
-0.0161248264485 0.0490212595181 0.0126144250794 0.0133580149828 0.00415688173921 -0.0103339948207 0.34256861297 0.0146915878301 0.00174617093513 0.0462239088656 0.0138096787262 -0.00247592994384 0.0401394047928 -0.0114344724235 0.0236859379136 0.0381899815899 0.0898235722163 0.0818761447502 0.0104083549278 0.0119006224657 0.0289617171044 0.0314505594267 0.0255487629055 0.0100164745551 0.00399372534217 0.0228350272615 0.00675422289568 0.0039554891633 0.0293937841523 0.0149456341825 
-0.00881297803986 0.0283559718352 0.0274159453098 0.0266094018328 0.00118344327785 -0.00486911780236 0.0146915878301 0.2371532006 0.0168233971396 0.0187391105577 0.0285456123714 -0.01429463938 0.0314077538262 0.0133241072769 0.0327054596673 -0.0151643060001 0.00436454743503 0.00680640258549 0.0257202351814 0.0195417518502 -0.00857055090345 0.0242089472661 -0.00202307008993 -0.0318271463507 0.0284670358349 0.00131179750723 0.00234878809365 0.0143440371064 0.0381194297166 0.0112598445588 
0.0403379007926 0.0204166136966 0.0243878997947 0.0218454031323 0.0463387560968 0.0152686646489 0.00174617093514 0.0168233971395 0.153825121229 0.0139809008577 0.0162034934244 0.0305905459835 0.00466227689886 0.0188095461518 0.00971007815175 0.00264836292208 0.00970087661199 0.0175979681335 0.0256030451175 -0.0100624547799 0.00195376388888 -0.00425138792995 -0.00373020057509 0.0206519395497 0.0133853938787 0.0327980521376 0.00652123405531 0.0234054386576 0.00933705541803 0.0239282283442 
0.0458937388823 -0.0173582072166 0.00668649324622 0.00780299080892 0.0176465617465 -0.00936354962316 0.0462239088656 0.0187391105577 0.0139809008577 0.313634005044 0.0378264882396 0.0193891440815 0.0214384673763 0.0152322502666 0.0214583648508 0.0100941903661 -0.0407828121135 0.0351677674829 0.0122069372172 0.0365103761548 0.0176423252916 0.033236256833 0.0230593700493 0.000476048864613 0.00888243360138 0.0276017807386 0.0121758670698 0.0223773285624 0.0116302392664 0.0169289984194 
0.0117624236509 0.02616083513 0.00967032108737 0.0464877814607 0.0221626427761 -0.00994712565759 0.0138096787262 0.0285456123714 0.0162034934245 0.0378264882396 0.260811187101 0.024849559959 0.0122322442296 0.024705976357 0.0280759816021 0.0213502575918 0.0396203268193 0.0391564037805 0.0373886244482 -0.0206918697159 0.0126274173915 0.0588538334098 0.0298858278534 0.000669670147845 0.0357072252937 0.03042461922 -0.00100166577967 0.0178636627518 0.00490943808346 0.075892603741 
0.0661569719296 0.00148046276163 -0.0149776233224 -0.00673914613267 0.0520042962088 0.00645058994813 -0.00247592994384 -0.01429463938 0.0305905459835 0.0193891440815 0.024849559959 0.390363818333 -0.00219145315053 0.005429416135 0.00556828549371 0.0155122890374 0.0563879838454 0.0125479722394 0.022858825505 0.00300136158733 0.0189404867583 0.0395056090787 0.0102519872179 0.0496170847742 -0.010249909672 -0.00904478628794 -0.0186024114928 -0.00879996971456 0.0201680835351 0.0559668328486 
-0.00185407586155 0.00953070342937 0.0121542014502 0.0382672188151 0.00987457481205 0.0100574273109 0.0401394047928 0.0314077538262 0.00466227689886 0.0214384673763 0.0122322442296 -0.00219145315053 0.462643590982 0.0143501338501 0.0329543882051 0.0152220182587 0.0688948407948 0.0294413000335 0.0254782437176 0.0217764307654 0.00946130225711 0.055265984034 0.0391026860498 0.0376628305091 0.0126058165844 -0.0198691901623 -0.0329087589721 0.0167269369433 0.00440103812969 0.0332308928071 
0.000863719232547 0.00119306582293 0.0134041522376 0.011339805405 0.00828244372424 0.0191302282353 -0.0114344724235 0.013324107277 0.0188095461518 0.0152322502666 0.024705976357 0.00542941613501 0.0143501338501 0.235376645513 0.0361853104147 0.0182558308471 0.0266637398582 0.0186551700667 0.0171504112678 0.00360097226353 0.00698447341795 0.00933897267074 0.0127484883548 0.00585790189333 0.0202436745527 0.00757716115647 0.0169086419822 0.0186107012646 0.00108847775007 0.00494231254133 
0.0109783910586 -0.0103742458144 0.00836370035098 0.0331722606656 0.0271880415719 0.0190131063849 0.0236859379136 0.0327054596673 0.00971007815174 0.0214583648508 0.0280759816021 0.00556828549369 0.0329543882051 0.0361853104147 0.262416620754 0.0148552512514 -0.0302880647136 0.044987601505 0.0149950069908 0.0119243132835 0.00324429459009 0.0200543562282 -0.0123906290657 -0.00428629378126 0.0289182773829 0.0338722971867 0.00205626282223 0.00281698753675 0.0229125829948 0.0481084858133 
0.00637052492384 -0.0244322193178 -0.00180292706942 -0.00608389074226 0.0161158541785 0.00422116213759 0.0381899815899 -0.0151643060001 0.00264836292208 0.0100941903661 0.0213502575918 0.0155122890374 0.0152220182587 0.0182558308471 0.0148552512514 0.357544725545 0.0150866741077 0.00499208184206 -0.0224457434832 0.0298444831874 0.00757409486322 0.000756491585852 0.0306425023517 0.0509956429531 0.00293438981179 0.0160985384547 0.0107650579845 0.0256987144282 -0.00576355421049 0.00607206132637 
0.240770850967 0.0649839968684 0.0460812929928 0.0217816364776 0.0276266421839 0.0232982962665 0.0898235722163 0.00436454743503 0.00970087661199 -0.0407828121135 0.0396203268193 0.0563879838454 0.0688948407948 0.0266637398582 -0.0302880647136 0.0150866741077 11.8127774863 0.0189650011275 -0.0147609725139 -0.0342755028125 -0.00268019867073 0.0178595172374 0.00840924873543 0.0315327008288 0.0516126442484 0.0596410128786 -0.00495975324018 0.0275540539989 0.0631716484882 0.0205552035666 
0.00416688031259 0.0118572032129 0.00322658086978 0.0153299370478 0.0296175787162 0.016458806156 0.0818761447502 0.00680640258549 0.0175979681335 0.0351677674829 0.0391564037805 0.0125479722394 0.0294413000335 0.0186551700667 0.044987601505 0.00499208184206 0.0189650011275 0.529105034001 0.0332595772946 -0.0115524466597 0.00758132117436 0.044948975895 0.0300466485474 0.033509511573 0.0285291844735 0.0305381259304 0.026125759497 0.0313087359953 0.0438699245481 0.0257695558786 
0.0124225830812 0.0567184294868 0.0178432230281 0.0231968983234 0.0148337601838 0.00433006737653 0.0104083549278 0.0257202351814 0.0256030451175 0.0122069372172 0.0373886244482 0.022858825505 0.0254782437176 0.0171504112678 0.0149950069908 -0.0224457434832 -0.0147609725139 0.0332595772946 0.278720056485 0.0153224732068 0.00879562483437 0.0303997659071 0.0177439935129 0.0117246124236 -0.00267969408789 -0.00138382924733 0.00720801617703 0.0148868150101 -0.00559672118357 0.0337635654939 
0.0148135891527 -0.0148204983757 -0.00717444516429 0.0140558885095 -0.00108035902628 -0.0143377949705 0.0119006224657 0.0195417518502 -0.0100624547799 0.0365103761548 -0.0206918697159 0.00300136158733 0.0217764307654 0.00360097226354 0.0119243132835 0.0298444831874 -0.0342755028125 -0.0115524466597 0.0153224732068 0.368986253454 0.0177653944215 0.0363713566386 -0.0114386425633 -0.00337295312933 -0.00412035175864 0.00617650831673 -0.0169159737601 0.00893216415091 0.0321121526992 0.017004898911 
-0.024027624487 -0.00467480554158 -3.96650235842e-05 0.00254737652115 0.00978997753318 -0.0155120903018 0.0289617171044 -0.00857055090345 0.00195376388888 0.0176423252916 0.0126274173915 0.0189404867583 0.00946130225711 0.00698447341794 0.00324429459007 0.00757409486322 -0.00268019867073 0.00758132117436 0.00879562483437 0.0177653944215 0.327066577516 0.00254689435991 0.00376248008991 0.0382467560297 -0.00801282176761 0.0648787089911 -0.0143027555629 0.0224170052041 0.0203746034166 -0.00423971533581 
0.0136303302422 0.0192050086824 0.0122150416838 0.00829041613807 0.0184209783512 0.00701594675325 0.0314505594267 0.0242089472661 -0.00425138792997 0.033236256833 0.0588538334098 0.0395056090787 0.055265984034 0.00933897267075 0.0200543562282 0.000756491585856 0.0178595172374 0.044948975895 0.0303997659071 0.0363713566386 0.00254689435991 0.178667407435 0.0295938644438 0.00268296649869 0.0213092743834 0.010705273344 -0.0162701802925 0.0211012125105 0.018974859132 0.0302486987048 
0.0123769131286 -0.0114743749745 -0.00699143118103 0.0143657163841 0.00219077199029 -0.00169148760716 0.0255487629055 -0.00202307008995 -0.0037302005751 0.0230593700493 0.0298858278534 0.0102519872179 0.0391026860498 0.0127484883548 -0.0123906290657 0.0306425023517 0.00840924873543 0.0300466485474 0.0177439935129 -0.0114386425633 0.00376248008991 0.0295938644438 0.342559144321 0.0105765056886 0.0237083355264 0.0390948092534 -0.00641723902945 0.0226798876187 -0.00462202581048 0.0188100118902 
0.00289629291352 0.466087669471 -0.00193043930619 0.00653471655579 0.0195962511255 0.0348124265313 0.0100164745551 -0.0318271463506 0.0206519395497 0.000476048864618 0.000669670147848 0.0496170847742 0.0376628305091 0.00585790189333 -0.00428629378126 0.0509956429531 0.0315327008288 0.033509511573 0.0117246124237 -0.00337295312933 0.0382467560297 0.00268296649869 0.0105765056886 2.85381583085 0.00663293171223 0.01525796614 0.00370910440307 -0.00498620003098 -0.0239434184444 -0.0053692973484 
0.0192168358319 0.00450054663715 0.011104292556 0.0185137415762 0.0196474387407 0.0186035088607 0.00399372534219 0.0284670358349 0.0133853938787 0.00888243360137 0.0357072252937 -0.010249909672 0.0126058165844 0.0202436745527 0.0289182773829 0.00293438981179 0.0516126442484 0.0285291844735 -0.00267969408787 -0.00412035175864 -0.00801282176762 0.0213092743834 0.0237083355264 0.00663293171223 0.242009098033 0.0210791898215 0.00855116923462 0.0142060590173 -0.0127597909626 0.0125437878299 
0.0355405316674 -0.00356796773667 0.000201561906397 0.0397158434245 0.00385711295361 -0.00251945608724 0.0228350272615 0.00131179750723 0.0327980521376 0.0276017807386 0.0304246192199 -0.00904478628794 -0.0198691901623 0.00757716115647 0.0338722971868 0.0160985384547 0.0596410128786 0.0305381259304 -0.00138382924733 0.00617650831673 0.0648787089911 0.010705273344 0.0390948092534 0.01525796614 0.0210791898215 0.521964133011 -0.0282879758248 0.0145634347496 0.0141819458601 0.0405422476098 
-0.0335638090773 -0.016178104099 0.00935581289516 0.000457079210615 0.00485753156581 0.0430446636727 0.00675422289568 0.00234878809366 0.00652123405531 0.0121758670698 -0.00100166577967 -0.0186024114928 -0.0329087589721 0.0169086419821 0.00205626282223 0.0107650579845 -0.00495975324018 0.026125759497 0.00720801617703 -0.0169159737601 -0.0143027555629 -0.0162701802925 -0.00641723902945 0.00370910440308 0.00855116923462 -0.0282879758248 0.688182531913 -0.00265576092436 0.00181064708283 0.00269573763102 
-0.00921434588537 -0.00300637304535 0.0197531296209 0.00959989992249 0.0184196804779 0.008529002303 0.00395548916331 0.0143440371064 0.0234054386576 0.0223773285624 0.0178636627518 -0.00879996971455 0.0167269369433 0.0186107012646 0.00281698753675 0.0256987144282 0.0275540539989 0.0313087359953 0.0148868150101 0.00893216415092 0.0224170052041 0.0211012125105 0.0226798876187 -0.00498620003098 0.0142060590173 0.0145634347496 -0.00265576092436 0.190525549082 0.0235087871447 0.0171468269164 
0.0264133009984 -0.0226985308461 0.0107541583757 0.0202281996293 0.0200034415658 0.00313483372176 0.0293937841523 0.0381194297166 0.00933705541803 0.0116302392664 0.00490943808346 0.0201680835351 0.00440103812968 0.00108847775008 0.0229125829948 -0.0057635542105 0.0631716484882 0.0438699245481 -0.00559672118356 0.0321121526992 0.0203746034166 0.018974859132 -0.00462202581048 -0.0239434184444 -0.0127597909626 0.0141819458601 0.00181064708284 0.0235087871447 0.557125850233 0.0290568765347 
-0.000609752670638 -0.000889666126349 0.00125667975769 0.0447367879781 0.0282984442492 -0.00637651261408 0.0149456341825 0.0112598445588 0.0239282283442 0.0169289984194 0.075892603741 0.0559668328486 0.0332308928071 0.00494231254133 0.0481084858133 0.00607206132637 0.0205552035666 0.0257695558786 0.0337635654939 0.017004898911 -0.00423971533581 0.0302486987049 0.0188100118902 -0.00536929734841 0.0125437878299 0.0405422476098 0.00269573763102 0.0171468269164 0.0290568765347 0.230858593983 
0.0425125874725 0.00137586028932 -0.000593270915327 0.0016094969302 0.00176737262823 0.00120768602231 -0.0013964509336 -0.00076322628655 0.00349336468217 0.00397451437468 0.00101865576918 0.00572936183284 -0.000160567679665 7.4800279712e-05 0.000950756554946 0.000551703641948 0.0208513673429 0.000360862420523 0.0010758272529 0.00128289445275 -0.00208085331983 0.00118042122517 0.00107187211898 0.00025082632399 0.00166422680108 0.00307790032879 -0.00290671113087 -0.000797985761599 0.00228745896624 -5.280613028e-05 
0.00137586028932 0.0642373964063 0.00184666266879 0.00172856834874 0.00178877704959 0.000625393093115 0.00424536560682 0.00245569919583 0.00176813061205 -0.00150326484138 0.00226559478068 0.000128211836091 0.000825383128579 0.000103322531105 -0.000898436042038 -0.00211589226 0.00562777921275 0.00102686392002 0.00491196007984 -0.00128349280901 -0.000404850035675 0.00166320253988 -0.000993710022049 0.0403643762153 0.00038975877187 -0.000308995069984 -0.00140106491348 -0.000260359543052 -0.00196575043413 -7.70473466302e-05 
-0.000593270915327 0.00184666266879 0.0143046891198 0.00180458884456 0.000350339099217 0.00111177051595 0.00109244125729 0.00237429051071 0.00211205407672 0.000579067301346 0.000837474372439 -0.00129710022856 0.00105258472186 0.0011608336354 0.000724317697359 -0.000156138064329 0.0039907570371 0.000279430100059 0.00154526844278 -0.000621325177034 -3.43509180657e-06 0.00105785364064 -0.000605475701158 -0.000167180947963 0.000961659944454 1.74557731376e-05 0.000810237164027 0.00171067120559 0.000931337434968 0.000108831659459 
0.0016094969302 0.00172856834874 0.00180458884456 0.0138496266968 0.00145569096765 -0.000947311894061 0.00115683803193 0.00230444179667 0.00189186740685 0.000675758826602 0.00402595997106 -0.000583627175069 0.0033140383626 0.000982055955467 0.00287280204374 -0.000526880393665 0.00188634505256 0.00132761149218 0.00200891032371 0.0012172756522 0.000220609278031 0.000717971098347 0.00124410753322 0.000565923054385 0.00160333705241 0.00343949293384 3.95842207934e-05 0.000831375720669 0.00175181347518 0.00387431948727 
0.00176737262823 0.00178877704959 0.000350339099216 0.00145569096765 0.0153415454836 0.000903816637583 0.000359996518669 0.000102489194254 0.00401305399596 0.00152823707619 0.00191934116591 0.00450370416228 0.00085516326388 0.000717280667061 0.00235455346804 0.00139567391223 0.00239253739525 0.00256495755668 0.00128464131528 -9.35618361969e-05 0.000847836924621 0.00159530352147 0.000189726419749 0.00169708512936 0.00170151810687 0.000334035780309 0.000420674573568 0.00159519112235 0.00173234885591 0.00245071716074 
0.00120768602231 0.000625393093115 0.00111177051595 -0.000947311894061 0.000903816637581 0.0191646304779 -0.000894950203726 -0.000421677971088 0.00132230514678 -0.000810907184326 -0.000861446351409 0.000558637476448 0.000870998754796 0.0016567263632 0.00164658331342 0.000365563364464 0.00201769164317 0.0014253744247 0.000374994834818 -0.00124168946787 -0.00134338642671 0.000607598811991 -0.000146487123799 0.00301484457435 0.00161111112729 -0.000218191297527 0.00372777722379 0.000738633266332 0.000271484563968 -0.000552222191135 
-0.0013964509336 0.00424536560682 0.00109244125729 0.00115683803193 0.000359996518668 -0.000894950203726 0.0296673121371 0.00127232882828 0.000151222838917 0.00400310793398 0.0011959532595 -0.000214421822936 0.00347617442434 -0.00099025435976 0.00205126239457 0.00330734942269 0.0077789495398 0.00709068213176 0.000901389977908 0.00103062413762 0.00250815827496 0.00272369834267 0.00221258777114 0.00086745214211 0.000345866760206 0.00197757137046 0.000584932861048 0.000342555409981 0.00254557637892 0.00129432988777 
-0.000763226286551 0.00245569919583 0.00237429051071 0.00230444179667 0.000102489194256 -0.000421677971087 0.00127232882828 0.0205380696308 0.00145694893008 0.00162285457873 0.00247212254802 -0.0012379520841 0.00271999126893 0.00115390153846 0.00283237589144 -0.00131326742269 0.000377980895476 0.000589451754742 0.00222743770584 0.00169236535368 -0.000742231480681 0.00209655633313 -0.000175203009152 -0.00275631172696 0.00246531762035 0.000113604996588 0.000203411015721 0.0012422300527 0.00330123945123 0.000975131143061 
0.00349336468218 0.00176813061205 0.00211205407672 0.00189186740685 0.00401305399596 0.00132230514678 0.000151222838918 0.00145694893008 0.0133216462724 0.00121078153106 0.00140326369356 0.00264921899373 0.000403765023389 0.00162895448011 0.000840917435215 0.000229354956896 0.000840120558496 0.00152402874586 0.0022172887486 -0.000871434146381 0.000169200916077 -0.000368180994868 -0.000323044845924 0.00178851042875 0.00115920911386 0.00284039463458 0.000564755435592 0.00202697044642 0.000808612718856 0.00207224536136 
0.00397451437468 -0.00150326484138 0.000579067301346 0.000675758826602 0.00152823707619 -0.000810907184325 0.00400310793398 0.00162285457873 0.00121078153106 0.0271615015859 0.00327586997514 0.00167914913322 0.0018566257366 0.00131915156877 0.00185834890845 0.000874182528764 -0.0035318951328 0.00304561800346 0.00105715177325 0.00316189132518 0.00152787018844 0.00287834427441 0.0019970000258 4.12270410198e-05 0.000769241314622 0.00239038433093 0.00105446101955 0.00193793350039 0.00100720826568 0.00146609426918 
0.00101865576918 0.00226559478068 0.000837474372441 0.00402595997105 0.00191934116591 -0.000861446351411 0.0011959532595 0.00247212254802 0.00140326369356 0.00327586997514 0.0225869113621 0.00215203501973 0.00105934342481 0.00213960031505 0.00243145133036 0.00184898654518 0.00343122095317 0.00339104403948 0.00323794985847 -0.00179196848257 0.00109356642452 0.0050968914843 0.00258818861341 5.7995136019e-05 0.0030923364203 0.0026348493145 -8.67468011293e-05 0.00154703857477 0.000425169809859 0.0065724922799 
0.00572936183284 0.000128211836093 -0.00129710022856 -0.00058362717507 0.00450370416228 0.000558637476448 -0.000214421822936 -0.0012379520841 0.00264921899374 0.00167914913322 0.00215203501973 0.0338064983395 -0.000189785409956 0.000470201230063 0.000482227669308 0.00134340363773 0.00488334264783 0.00108668627253 0.0019796323588 0.000259925538057 0.00164029426927 0.00342128610541 0.000887848137 0.00429696558761 -0.000887668216245 -0.000783301469716 -0.00161101609245 -0.000762099732534 0.0017466072687 0.00484686990162 
-0.000160567679665 0.000825383128577 0.00105258472186 0.0033140383626 0.00085516326388 0.000870998754796 0.00347617442434 0.00271999126893 0.000403765023389 0.0018566257366 0.00105934342481 -0.000189785409956 0.0400661102689 0.00124275804619 0.00285393373518 0.00131826545089 0.0059664682318 0.00254969137494 0.00220648063033 0.00188589422466 0.000819372810754 0.00478617461386 0.00338639194753 0.00326169679993 0.00109169573975 -0.00172072234332 -0.00284998212768 0.00144859523204 0.000381141082333 0.00287787973614 
7.48002797123e-05 0.000103322531105 0.0011608336354 0.000982055955469 0.000717280667061 0.00165672636319 -0.000990254359761 0.00115390153846 0.00162895448011 0.00131915156877 0.00213960031505 0.000470201230063 0.00124275804619 0.0203842154472 0.0031337398063 0.00158100132808 0.00230914760771 0.00161558511897 0.00148526918432 0.000311853345854 0.0006048731412 0.000808778757811 0.00110405147751 0.00050730918525 0.00175315364286 0.000656201405007 0.00146433135 0.00161173400774 9.42649383018e-05 0.000428016821423 
0.000950756554947 -0.000898436042038 0.000724317697359 0.00287280204374 0.00235455346804 0.00164658331341 0.00205126239456 0.00283237589143 0.000840917435214 0.00185834890845 0.00243145133036 0.000482227669306 0.00285393373518 0.0031337398063 0.0227259459948 0.00128650249633 -0.00262302334734 0.00389604057586 0.0012986056984 0.00103267582262 0.000280964153237 0.00173675819501 -0.00107305995398 -0.000371203930266 0.00250439628473 0.00293342698483 0.000178077584091 0.000243958276897 0.00198428789399 0.00416631708519 
0.000551703641949 -0.00211589226 -0.000156138064329 -0.000526880393665 0.00139567391223 0.000365563364464 0.00330734942269 -0.00131326742269 0.000229354956896 0.000874182528764 0.00184898654518 0.00134340363773 0.00131826545089 0.00158100132808 0.00128650249633 0.0309642815311 0.00130654430358 0.000432326969299 -0.00194385840633 0.00258460806031 0.000655935856222 6.55140931097e-05 0.00265371854721 0.00441635222797 0.000254125612161 0.00139417432655 0.000932281368777 0.00222557395394 -0.000499138436237 0.000525855936197 
0.0208513673429 0.00562777921275 0.0039907570371 0.00188634505256 0.00239253739525 0.00201769164317 0.0077789495398 0.000377980895476 0.000840120558496 -0.0035318951328 0.00343122095317 0.00488334264783 0.0059664682318 0.00230914760771 -0.00262302334734 0.00130654430358 1.02301653924 0.00164241727593 -0.00127833771816 -0.00296834561631 -0.000232112013604 0.00154667956269 0.000728262303162 0.00273081199677 0.00446978610756 0.00516506322603 -0.00042952723025 0.00238625107403 0.00547082523897 0.00178013284686 
0.000360862420523 0.00102686392002 0.000279430100059 0.00132761149218 0.00256495755668 0.0014253744247 0.00709068213176 0.000589451754742 0.00152402874586 0.00304561800346 0.00339104403947 0.00108668627253 0.00254969137494 0.00161558511897 0.00389604057586 0.0004323269693 0.00164241727593 0.0458218400715 0.00288036388563 -0.00100047122831 0.000656561673125 0.00389269549991 0.00260211609406 0.00290200882907 0.00247069985033 0.00264467928397 0.00226255714175 0.00271141607323 0.00379924691208 0.00223170900351 
0.0010758272529 0.00491196007984 0.00154526844277 0.00200891032371 0.00128464131528 0.000374994834817 0.000901389977908 0.00222743770584 0.0022172887486 0.00105715177325 0.00323794985847 0.0019796323588 0.00220648063033 0.00148526918432 0.0012986056984 -0.00194385840633 -0.00127833771816 0.00288036388563 0.024137864946 0.00132696510459 0.000761723454872 0.00263269695446 0.00153667491467 0.00101538122084 -0.000232068315448 -0.000119843128269 0.00062423251202 0.00128923599802 -0.000484690272287 0.002924010544 
0.00128289445275 -0.00128349280901 -0.000621325177033 0.0012172756522 -9.3561836197e-05 -0.00124168946787 0.00103062413762 0.00169236535368 -0.000871434146381 0.00316189132518 -0.00179196848257 0.000259925538057 0.00188589422466 0.000311853345854 0.00103267582262 0.00258460806031 -0.00296834561631 -0.00100047122831 0.00132696510459 0.0319551469139 0.00153852828773 0.00314985188191 -0.000990615504461 -0.000292106309578 -0.000356832929551 0.000534901310897 -0.0014649663006 0.000773548106546 0.00278099400077 0.00147266744458 
-0.00208085331983 -0.000404850035676 -3.43509180656e-06 0.000220609278032 0.000847836924621 -0.00134338642671 0.00250815827496 -0.000742231480681 0.000169200916077 0.00152787018844 0.00109356642452 0.00164029426927 0.000819372810754 0.0006048731412 0.000280964153236 0.000655935856222 -0.000232112013604 0.000656561673124 0.000761723454872 0.00153852828773 0.0283247964857 0.000220567521644 0.000325840333909 0.00331226623341 -0.000693930720675 0.00561866101511 -0.00123865496616 0.00194136959835 0.00176449241508 -0.000367170118563 
0.00118042122517 0.00166320253988 0.00105785364064 0.000717971098352 0.00159530352147 0.000607598811991 0.00272369834268 0.00209655633313 -0.000368180994869 0.00287834427441 0.0050968914843 0.00342128610542 0.00478617461386 0.000808778757812 0.00173675819501 6.551409311e-05 0.00154667956269 0.00389269549991 0.00263269695446 0.00314985188191 0.000220567521644 0.0154730513667 0.00256290384045 0.000232351714537 0.00184543729522 0.000927103867032 -0.00140903894575 0.00182741860848 0.00164327100416 0.00261961415098 
0.00107187211898 -0.000993710022049 -0.000605475701159 0.00124410753322 0.000189726419749 -0.000146487123799 0.00221258777114 -0.000175203009153 -0.000323044845924 0.0019970000258 0.00258818861341 0.000887848137 0.00338639194753 0.00110405147751 -0.00107305995398 0.00265371854721 0.000728262303162 0.00260211609406 0.00153667491467 -0.000990615504461 0.00032584033391 0.00256290384045 0.0296664921281 0.000915952260962 0.00205320208473 0.00338570979696 -0.000555749202166 0.00196413588328 -0.000400279176882 0.00162899481424 
0.000250826323991 0.0403643762153 -0.000167180947963 0.000565923054385 0.00169708512936 0.00301484457435 0.00086745214211 -0.00275631172696 0.00178851042875 4.12270410202e-05 5.79951360192e-05 0.00429696558761 0.00326169679993 0.00050730918525 -0.000371203930265 0.00441635222797 0.00273081199677 0.00290200882907 0.00101538122084 -0.000292106309577 0.00331226623341 0.000232351714537 0.000915952260963 0.247147700724 0.000574428736436 0.00132137862873 0.000321217863835 -0.000431817589518 -0.00207356086263 -0.000464994790419 
0.00166422680108 0.000389758771869 0.000961659944455 0.0016033370524 0.00170151810687 0.00161111112729 0.000345866760207 0.00246531762035 0.00115920911386 0.000769241314622 0.0030923364203 -0.000887668216245 0.00109169573975 0.00175315364286 0.00250439628473 0.000254125612161 0.00446978610756 0.00247069985033 -0.000232068315447 -0.000356832929551 -0.000693930720676 0.00184543729522 0.00205320208473 0.000574428736436 0.0209586026844 0.00182551138766 0.000740552978924 0.00123028079967 -0.00110503031206 0.00108632389203 
0.00307790032879 -0.000308995069984 1.74557731375e-05 0.00343949293384 0.000334035780309 -0.000218191297527 0.00197757137046 0.000113604996588 0.00284039463458 0.00239038433093 0.00263484931449 -0.000783301469715 -0.00172072234332 0.000656201405007 0.00293342698483 0.00139417432655 0.00516506322603 0.00264467928397 -0.000119843128269 0.000534901310897 0.00561866101511 0.000927103867032 0.00338570979696 0.00132137862873 0.00182551138766 0.0452034199052 -0.00244981056859 0.00126123044595 0.00122819253899 0.00351106163566 
-0.00290671113087 -0.00140106491348 0.000810237164027 3.95842207934e-05 0.000420674573568 0.00372777722379 0.000584932861048 0.000203411015721 0.000564755435592 0.00105446101955 -8.67468011294e-05 -0.00161101609245 -0.00284998212768 0.00146433135 0.000178077584091 0.000932281368777 -0.00042952723025 0.00226255714175 0.00062423251202 -0.0014649663006 -0.00123865496616 -0.00140903894575 -0.000555749202166 0.000321217863835 0.000740552978924 -0.00244981056859 0.0595983555077 -0.000229995642687 0.000156806637102 0.00023345772704 
-0.000797985761599 -0.000260359543053 0.00171067120559 0.000831375720667 0.00159519112235 0.000738633266334 0.000342555409982 0.00124223005269 0.00202697044642 0.00193793350039 0.00154703857477 -0.000762099732534 0.00144859523204 0.00161173400774 0.000243958276897 0.00222557395394 0.00238625107403 0.00271141607323 0.00128923599802 0.000773548106547 0.00194136959835 0.00182741860847 0.00196413588328 -0.000431817589518 0.00123028079967 0.00126123044595 -0.000229995642687 0.0164999965575 0.00203592068795 0.00148495877039 
0.00228745896624 -0.00196575043413 0.000931337434968 0.00175181347518 0.00173234885591 0.000271484563968 0.00254557637892 0.00330123945123 0.000808612718856 0.00100720826568 0.000425169809859 0.0017466072687 0.000381141082333 9.4264938302e-05 0.00198428789399 -0.000499138436238 0.00547082523897 0.00379924691208 -0.000484690272286 0.00278099400077 0.00176449241508 0.00164327100416 -0.000400279176883 -0.00207356086263 -0.00110503031206 0.00122819253899 0.000156806637102 0.00203592068795 0.0482485139407 0.00251639932337 
-5.28061302798e-05 -7.70473466305e-05 0.000108831659459 0.00387431948728 0.00245071716074 -0.000552222191134 0.00129432988777 0.000975131143061 0.00207224536136 0.00146609426918 0.0065724922799 0.00484686990162 0.00287787973614 0.000428016821423 0.00416631708519 0.000525855936197 0.00178013284686 0.00223170900351 0.002924010544 0.00147266744458 -0.000367170118563 0.00261961415098 0.00162899481424 -0.000464994790419 0.00108632389204 0.00351106163566 0.00023345772704 0.00148495877039 0.00251639932337 0.0199929407072 

['NEM', 'ACS', 'WWY', 'JPM', 'DUK', 'CAG', 'TXN', 'DOW', 'XEL', 'GR', 'BEN', 'APC', 'MON', 'WPI', 'CSX', 'KG', 'VIA.B', 'TER', 'WLP', 'MAT', 'NCR', 'DHR', 'STJ', 'BRCM', 'MCO', 'EK', 'MYL', 'CCU', 'SUNW', 'LEH']