30
0.0316717201181 0.170228010564 0.106465020668 0.101022755506 0.0300764430792 0.00791209609274 0.0307338128464 0.10643743266 0.00238062118955 0.0205902908148 0.16701162673 0.00792878112812 0.0677272644226 0.275152850517 0.424855775916 0.0831393543584 0.0479071153807 0.0594275332512 0.0485945029431 0.0521298167044 0.0507347996455 0.0493934577213 0.143553651187 0.0270606760034 0.0202129727645 0.0839491815724 0.0328492958576 0.134360436546 0.0413132452317 0.0444525953717 
0.27514425359 -0.000307335127137 0.0300482724113 0.0108827533799 0.0237401366144 0.00698031667842 0.0163995919068 0.0292409009774 0.0158972422275 0.0233279924969 -0.00289890118293 0.0181191612135 -0.000152793822821 0.0197054041066 0.0786412078212 0.00351009989817 0.019263538748 0.00369615492417 0.0194325403177 0.0242611304446 0.031474991205 0.0388856862296 -0.00454549996343 0.0219593920006 0.0189907712655 0.0275968539486 -0.00240091255029 0.0332554474923 -0.00115590954163 0.0268370909177 
-0.000307335127136 0.588482429946 0.0278603465207 0.0615438079734 0.0126909268616 -0.00864457391929 0.0275267463828 0.00160120988835 -0.000554622469484 0.0417822757786 0.00305399661884 0.0126007219976 0.0136763474449 -0.0207909016976 -0.00907361376625 0.0288637240418 0.00116581508297 0.0101394797364 0.0101115959219 0.0235498438705 0.016382099225 0.0369018386512 0.0103396062208 0.0214004638629 0.022326572141 0.0218453194328 0.0273853083184 -0.013503029956 0.0192276182327 0.0151882966259 
0.0300482724113 0.0278603465207 0.265413379428 0.020519568636 0.0115419311716 0.0248716560887 0.0134659518424 0.0143865153311 0.0211965920467 0.0407022345708 0.00356577700677 0.011252501421 0.0282457813538 -0.0160894747793 0.0097735368111 0.0128286714533 0.0143356486467 0.00106291066132 0.0308329881745 0.0175860132908 0.0230373311277 0.0187147278818 0.0263681174069 0.0304851852358 0.04464295706 0.0279340983149 0.0263948961011 0.035621400786 0.0192899468926 0.020929503985 
0.0108827533799 0.0615438079734 0.020519568636 0.467203163535 0.00977682712045 0.0235177783783 0.0119854508974 -0.0127259822427 0.0168272416311 -0.00484926061682 -0.0155179078967 -0.00234721794667 -0.00184979520182 -0.0309791139013 -0.010073511918 -7.12763856255e-05 0.0101407309377 0.0178395793028 0.018513076221 0.00827076809101 0.0286433907257 0.0399621288654 0.000574015132018 -0.00421173919427 0.0032668531067 -0.0159576069039 0.00589102747473 -0.00866589324425 0.0293354443779 0.000187783756209 
0.0237401366144 0.0126909268616 0.0115419311716 0.00977682712045 0.376727379976 0.0252297105775 -0.00419726096269 -0.00263474979325 0.0165728966469 0.0296070909471 0.00211901777729 0.0265365667751 -0.000613390447136 -0.0165050204867 -0.0024864910386 0.00538316828179 0.00401792073608 -0.000306984272757 0.0190951042095 0.0296243266613 0.0241321914389 -0.00436957857145 0.0248814085643 0.013011853084 0.0238380850156 0.0554501148833 0.00834880413994 0.01218918511 -0.00549641679742 0.01393203132 
0.00698031667842 -0.00864457391929 0.0248716560887 0.0235177783783 0.0252297105775 0.180316404883 0.0115742953612 0.00777672054255 0.0151540541049 0.00880066849943 -0.00374715863356 -0.00230395480582 -0.00324289914298 -0.006476489467 -0.0049942929698 0.00180938770591 0.00173231106239 0.00975288886718 0.0238112863609 0.0110564436915 0.0179792679467 0.008320578121 0.0141040149729 0.0226076153925 0.0169929286613 0.0177604958877 0.0155130921329 0.0130250156535 0.0127859561028 0.0348094497611 
0.0163995919067 0.0275267463828 0.0134659518424 0.0119854508974 -0.00419726096269 0.0115742953612 0.173699642063 -0.00107833756847 0.0236677747834 0.025741253491 0.00832273604117 0.00479096196899 0.0088617523442 0.000456823224294 -0.00276942841673 0.0262108610223 0.0307322672327 0.0313409454204 0.0238519161385 0.0144838502393 0.0280686045772 0.01817254649 0.0156640616707 0.0206693547819 0.0240836007248 -0.0097017071742 0.00664472388298 0.0112548984559 -0.007475461542 0.0120847282324 
0.0292409009775 0.00160120988835 0.0143865153312 -0.0127259822427 -0.00263474979325 0.00777672054255 -0.00107833756847 0.495152173188 0.0140218760982 0.0133168026038 0.0353240256663 0.0112024095097 0.00571986172457 0.0939264086663 -0.0399113103974 0.0110328248841 0.0211497049581 0.0177682546217 0.0035358189625 0.00888482526515 0.0563059937201 0.00780511406297 0.0513890421213 0.107361209205 0.0283752828769 0.0156916858576 -0.0029526120844 0.037547593004 0.00730733468513 0.0961469177401 
0.0158972422274 -0.000554622469484 0.0211965920467 0.0168272416311 0.0165728966469 0.0151540541049 0.0236677747834 0.0140218760982 0.137856318094 0.0153659122775 0.011695795231 0.0118264901592 0.00500198131725 -0.0102630769934 -0.00323742809252 0.00318014821013 0.0182274894716 0.0241915150935 0.012159607822 0.00969192580657 0.0187306195602 0.0155615115114 0.0352047961426 0.0278242024882 0.0163415301096 0.0125668197165 0.0139829738294 0.0341919463704 0.0129837352663 0.0298251168997 
0.0233279924969 0.0417822757786 0.0407022345708 -0.00484926061682 0.0296070909471 0.00880066849942 0.025741253491 0.0133168026038 0.0153659122775 0.30307263277 0.0282644980456 0.0219077798089 0.00914011322371 -0.00893606751689 0.0485079820059 0.0115324784813 0.0199130284356 0.00100024507516 0.00988659241054 -0.00834723360197 0.0115953630707 0.0118589165063 0.0106524061822 0.037561353301 0.0252876103566 -0.00324267291095 -2.69922094634e-05 0.0394280327717 0.00471186243124 0.00332586248105 
-0.00289890118293 0.00305399661884 0.00356577700677 -0.0155179078967 0.00211901777729 -0.00374715863356 0.00832273604117 0.0353240256663 0.011695795231 0.0282644980456 0.512857127765 0.0467701301879 0.0179132335748 -0.0295536970859 0.00287277452216 0.00869348238708 -0.0178296290276 -0.00755580485168 0.0163028043458 0.0184927917628 0.0206717816042 -0.00503951089489 0.0284487438466 0.00764626966584 0.0158143814731 0.0174763485879 0.0216116187315 -0.0120331698567 -0.00294196968165 0.00952049119453 
0.0181191612135 0.0126007219976 0.011252501421 -0.00234721794667 0.0265365667751 -0.00230395480583 0.00479096196899 0.0112024095097 0.0118264901592 0.0219077798089 0.0467701301879 0.238452875526 0.00756461155032 -0.033122073274 4.5091998347e-05 -0.00515749159568 0.00810236015805 0.0158861020781 0.0250292579456 0.0248814388332 0.0051216373999 0.0158739295874 0.0257312190105 0.013193695034 0.0102676958844 -0.0212290792846 0.0088248338381 0.0293648273295 0.019443849652 0.0222430416238 
-0.000152793822825 0.0136763474449 0.0282457813538 -0.00184979520182 -0.000613390447138 -0.00324289914298 0.0088617523442 0.00571986172457 0.00500198131725 0.00914011322371 0.0179132335748 0.00756461155032 0.309861303485 -0.00162977111604 0.00909792554694 0.0146680705339 0.0236855794167 -0.000793304103451 0.0128875997413 0.0261998689264 0.0110868183305 0.0184045646786 0.00500990592525 0.000606863974885 0.0117842224667 0.0457105136238 0.011821184103 0.00866312784821 0.0287284968625 -0.00660609772112 
0.0197054041066 -0.0207909016976 -0.0160894747793 -0.0309791139013 -0.0165050204867 -0.006476489467 0.000456823224294 0.0939264086663 -0.0102630769934 -0.00893606751689 -0.0295536970859 -0.033122073274 -0.00162977111604 2.71777167484 -0.0123708658713 -0.00843671020407 -0.0125403805489 -0.0279565450698 0.000349029781023 -0.00223637104686 -0.0144330610886 -0.00465576228985 -0.029541907783 0.0251764003465 -0.0056528339464 -0.017175398947 -0.0254816182606 -0.0218290204407 -0.000136748080609 0.00678957556096 
0.0786412078212 -0.00907361376625 0.0097735368111 -0.010073511918 -0.0024864910386 -0.0049942929698 -0.00276942841673 -0.0399113103974 -0.00323742809252 0.0485079820059 0.00287277452216 4.50919983469e-05 0.00909792554694 -0.0123708658713 3.7489949038 0.0228633772151 -0.028762339139 -0.0132390223307 0.00726907914239 0.00761988352693 0.0154195113055 0.012294346313 0.0433691309549 -0.0224902433737 -0.00796327230643 -0.00880256070973 -0.0101362372045 -0.0236241220548 0.00929249315672 -0.0143667497035 
0.00351009989818 0.0288637240418 0.0128286714533 -7.12763856254e-05 0.00538316828179 0.00180938770591 0.0262108610223 0.0110328248841 0.00318014821013 0.0115324784813 0.00869348238708 -0.00515749159568 0.0146680705339 -0.00843671020407 0.0228633772151 0.318559423759 0.0171815068653 0.00213813943729 0.00489034428705 0.0234357549936 0.0249664523244 0.00807561221396 0.0169639690946 -0.00269187957739 0.0305080752445 0.011782416517 0.0204164135355 -0.00651593016231 0.0267854435829 0.00626367703529 
0.019263538748 0.00116581508297 0.0143356486467 0.0101407309377 0.00401792073608 0.0017323110624 0.0307322672327 0.0211497049581 0.0182274894716 0.0199130284356 -0.0178296290276 0.00810236015805 0.0236855794167 -0.0125403805489 -0.028762339139 0.0171815068653 0.233685766426 0.0490172665065 0.0176726528836 0.00461454989663 0.054272134115 0.00372441098692 0.0365739491491 0.0196399400275 0.0252758722948 0.0202718258132 0.00461009829829 0.0313699986511 -0.00183116110612 0.00770005533533 
0.00369615492418 0.0101394797364 0.00106291066131 0.0178395793028 -0.000306984272755 0.00975288886718 0.0313409454204 0.0177682546217 0.0241915150935 0.00100024507516 -0.00755580485168 0.0158861020781 -0.000793304103445 -0.0279565450698 -0.0132390223307 0.00213813943729 0.0490172665065 0.2327773286 0.00783449157603 -0.00505140057283 0.0219454629664 0.00116955472467 -0.00319390084671 -0.000430042601552 0.00905414999096 -0.0110567847054 0.00249567514042 0.0211982086233 0.00946529320042 0.0104624816554 
0.0194325403177 0.0101115959219 0.0308329881745 0.018513076221 0.0190951042095 0.0238112863609 0.0238519161385 0.0035358189625 0.012159607822 0.00988659241054 0.0163028043458 0.0250292579456 0.0128875997413 0.000349029781023 0.00726907914239 0.00489034428705 0.0176726528836 0.00783449157603 0.138882838683 0.0438534806385 0.0216568494727 0.029981908196 0.0368576308249 -0.00160618851652 0.0224578333334 0.0365181711102 0.02043271593 0.00611043236697 0.0235939615257 0.0194429733984 
0.0242611304446 0.0235498438705 0.0175860132908 0.00827076809101 0.0296243266613 0.0110564436915 0.0144838502393 0.00888482526515 0.00969192580657 -0.00834723360197 0.0184927917628 0.0248814388332 0.0261998689264 -0.00223637104686 0.00761988352693 0.0234357549936 0.00461454989663 -0.00505140057283 0.0438534806385 0.161075544161 0.0302985160876 0.0345814915719 0.020061077723 -0.00567568367443 0.00984045988301 0.0399300107401 0.00469607123576 0.0164651998575 0.0279282365942 0.00490195431828 
0.031474991205 0.016382099225 0.0230373311277 0.0286433907257 0.0241321914389 0.0179792679466 0.0280686045772 0.0563059937201 0.0187306195602 0.0115953630707 0.0206717816042 0.00512163739991 0.0110868183305 -0.0144330610886 0.0154195113055 0.0249664523244 0.054272134115 0.0219454629664 0.0216568494727 0.0302985160876 0.271066309156 0.00450692241374 0.0256004674394 0.00749397705348 0.0435061290241 0.0116135769802 0.0195175653103 0.038693970107 0.0286261845647 0.0279823680652 
0.0388856862296 0.0369018386512 0.0187147278818 0.0399621288654 -0.00436957857145 0.008320578121 0.01817254649 0.00780511406297 0.0155615115114 0.0118589165063 -0.00503951089489 0.0158739295874 0.0184045646786 -0.00465576228985 0.012294346313 0.00807561221396 0.00372441098692 0.00116955472467 0.029981908196 0.0345814915719 0.00450692241374 0.161955492293 -0.00241201622128 0.0027846955989 0.033713591608 0.0352297789665 0.0222489237122 0.0298762917955 0.0228975839863 0.0165913121314 
-0.00454549996343 0.0103396062208 0.0263681174069 0.000574015132019 0.0248814085643 0.0141040149729 0.0156640616707 0.0513890421213 0.0352047961426 0.0106524061822 0.0284487438466 0.0257312190105 0.00500990592525 -0.029541907783 0.0433691309549 0.0169639690946 0.0365739491491 -0.00319390084671 0.0368576308249 0.020061077723 0.0256004674394 -0.00241201622127 0.896220420342 0.033803529029 0.0307753652401 0.02959413458 0.0769120027989 0.0158884492278 -0.00398822560086 0.045850868729 
0.0219593920006 0.0214004638629 0.0304851852358 -0.00421173919427 0.013011853084 0.0226076153925 0.0206693547819 0.107361209205 0.0278242024882 0.037561353301 0.00764626966584 0.013193695034 0.000606863974885 0.0251764003465 -0.0224902433737 -0.00269187957739 0.0196399400275 -0.000430042601557 -0.00160618851652 -0.00567568367443 0.00749397705348 0.0027846955989 0.033803529029 0.206581937048 0.0233360154089 0.0142861971198 0.0118519702972 0.0420663917996 0.00800502167358 0.0647052444752 
0.0189907712655 0.022326572141 0.04464295706 0.0032668531067 0.0238380850156 0.0169929286613 0.0240836007248 0.0283752828769 0.0163415301096 0.0252876103566 0.0158143814731 0.0102676958844 0.0117842224667 -0.0056528339464 -0.00796327230643 0.0305080752445 0.0252758722948 0.00905414999096 0.0224578333334 0.00984045988301 0.0435061290241 0.033713591608 0.0307753652401 0.0233360154089 0.219188866573 0.0110015135843 0.0236170196272 0.0183336142997 0.0164519063715 0.0163792657396 
0.0275968539486 0.0218453194328 0.0279340983149 -0.0159576069039 0.0554501148833 0.0177604958877 -0.0097017071742 0.0156916858576 0.0125668197165 -0.00324267291095 0.0174763485879 -0.0212290792846 0.0457105136238 -0.017175398947 -0.00880256070973 0.011782416517 0.0202718258132 -0.0110567847054 0.0365181711102 0.0399300107401 0.0116135769802 0.0352297789665 0.02959413458 0.0142861971198 0.0110015135843 0.601660764272 -0.0120106629465 -0.0224270325325 0.00348603261923 0.00193668760818 
-0.00240091255029 0.0273853083184 0.0263948961011 0.00589102747473 0.00834880413994 0.0155130921329 0.00664472388297 -0.0029526120844 0.0139829738294 -2.69922094627e-05 0.0216116187315 0.0088248338381 0.011821184103 -0.0254816182606 -0.0101362372045 0.0204164135355 0.00461009829829 0.00249567514042 0.02043271593 0.00469607123576 0.0195175653103 0.0222489237122 0.0769120027989 0.0118519702972 0.0236170196272 -0.0120106629465 0.335893807506 0.0187144765707 0.00396050795294 0.00782549286866 
0.0332554474923 -0.013503029956 0.035621400786 -0.00866589324425 0.01218918511 0.0130250156535 0.0112548984559 0.037547593004 0.0341919463704 0.0394280327717 -0.0120331698567 0.0293648273295 0.00866312784821 -0.0218290204407 -0.0236241220548 -0.0065159301623 0.0313699986511 0.0211982086233 0.00611043236697 0.0164651998575 0.038693970107 0.0298762917955 0.0158884492278 0.0420663917996 0.0183336142997 -0.0224270325325 0.0187144765707 0.562216942059 0.00210864194052 0.0579786893177 
-0.00115590954163 0.0192276182327 0.0192899468926 0.0293354443779 -0.00549641679742 0.0127859561028 -0.007475461542 0.00730733468513 0.0129837352663 0.00471186243124 -0.00294196968165 0.019443849652 0.0287284968625 -0.000136748080609 0.00929249315672 0.0267854435829 -0.00183116110612 0.00946529320042 0.0235939615257 0.0279282365942 0.0286261845647 0.0228975839863 -0.00398822560086 0.00800502167358 0.0164519063715 0.00348603261923 0.00396050795294 0.00210864194052 0.144174891894 0.0178186769992 
0.0268370909177 0.0151882966259 0.020929503985 0.000187783756208 0.01393203132 0.0348094497611 0.0120847282324 0.0961469177401 0.0298251168997 0.00332586248106 0.00952049119453 0.0222430416238 -0.00660609772112 0.00678957556096 -0.0143667497035 0.00626367703528 0.00770005533533 0.0104624816554 0.0194429733984 0.00490195431828 0.0279823680653 0.0165913121314 0.045850868729 0.0647052444752 0.0163792657396 0.00193668760818 0.00782549286866 0.0579786893177 0.0178186769992 0.251942010966 
0.0238281913314 -2.66160027576e-05 0.0026022567248 0.000942474089014 0.00205595613974 0.000604513156997 0.00142024632029 0.0025323363076 0.00137674156191 0.00202026341216 -0.000251052206748 0.00156916539061 -1.32323332104e-05 0.00170653805482 0.00681052837575 0.000303983568164 0.00166827139226 0.000320096406065 0.00168290735752 0.00210107552895 0.00272581419675 0.00336759921184 -0.000393651844123 0.00190173913242 0.00164464903534 0.0023899576584 -0.000207925126081 0.00288000623426 -0.000100104702753 0.00232416024984 
-2.66160027575e-05 0.0509640734014 0.00241277678452 0.00532985011506 0.00109906650597 -0.0007486420619 0.0023838861651 0.00013866884401 -4.80317148083e-05 0.00361845122522 0.000264483865499 0.0010912545356 0.00118440643183 -0.00180054490377 -0.00078579800257 0.00249967182681 0.000100962547796 0.000878104703291 0.000875689894115 0.0020394763047 0.00141873140962 0.00319579297183 0.000895436165231 0.00185333453581 0.00193353786535 0.00189186015826 0.00237163726942 -0.001169396697 0.00166516058438 0.00131534507183 
0.0026022567248 0.00241277678452 0.0229854729089 0.00177704677135 0.000999560560336 0.0021539486007 0.00116618563816 0.00124590877487 0.00183567871861 0.00352491691291 0.00030880534721 0.000974495208669 0.00244615642022 -0.00139338938924 0.000846413116323 0.00111099553754 0.00124150359077 9.20507634655e-05 0.00267021510337 0.00152299342611 0.0019950913992 0.00162074297706 0.00228354595243 0.00264009448533 0.0038661934914 0.00241916387725 0.00228586505538 0.00308490379991 0.00167055840466 0.00181254821396 
0.000942474089014 0.00532985011506 0.00177704677135 0.040460980835 0.000846698065472 0.00203669935162 0.0010379704953 -0.00110210239102 0.00145728187281 -0.000419958288374 -0.00134389024522 -0.000203275037004 -0.000160196963657 -0.00268286996253 -0.000872391722633 -6.17271606416e-06 0.000878213060501 0.0015449528869 0.00160327943096 0.000716269527563 0.0024805904019 0.00346082187867 4.97111686484e-05 -0.000364747313636 0.000282917778084 -0.00138196929624 0.00051017794475 -0.0007504883696 0.00254052400626 1.62625503295e-05 
0.00205595613974 0.00109906650597 0.000999560560335 0.000846698065472 0.0326255481361 0.00218495702903 -0.000363493462 -0.000228176025357 0.00143525495105 0.00256404928923 0.000183512322621 0.00229813409565 -5.31211709658e-05 -0.00142937670315 -0.000215336440571 0.000466196048488 0.000347962142784 -2.6585617877e-05 0.00165368453334 0.00256554194587 0.00208990908351 -0.000378416604671 0.00215479318987 0.00112685953211 0.00206443872011 0.00480212081317 0.000723027647641 0.00105561439567 -0.000476003657636 0.00120654930495 
0.000604513156997 -0.0007486420619 0.0021539486007 0.00203669935162 0.00218495702903 0.0156158587348 0.00100236338137 0.000673483754798 0.00131237958251 0.000762160249079 -0.000324513456867 -0.000199528339101 -0.000280843303973 -0.000560880440576 -0.000432518458579 0.000156697571861 0.000150022538729 0.000844624951926 0.00206211788854 0.000957516111233 0.00155705027832 0.000720583202696 0.00122144352619 0.00195787692489 0.00147163079054 0.00153810406226 0.00134347318784 0.00112799944406 0.00110729627967 0.00301458677849 
0.00142024632029 0.0023838861651 0.00116618563816 0.0010379704953 -0.000363493462001 0.00100236338137 0.0150428302654 -9.33867728149e-05 0.00204968942134 0.00222925794484 0.000720770084064 0.000414909477371 0.000767450265212 3.95620517277e-05 -0.000239839536285 0.00226992715004 0.00266149241394 0.00271420549127 0.00206563653048 0.00125433822518 0.00243081246127 0.00157378869118 0.00135654753333 0.0017900186321 0.00208570100423 -0.000840192487293 0.000575449968379 0.000974702797979 -0.000647393960038 0.00104656816471 
0.0025323363076 0.00013866884401 0.00124590877487 -0.00110210239102 -0.000228176025357 0.000673483754798 -9.33867728148e-05 0.042881436072 0.00121433009098 0.00115326893521 0.0030591503591 0.000970157121901 0.000495354555961 0.00813426559912 -0.00345642087025 0.000955470662511 0.00183161817763 0.00153877598833 0.000306210904471 0.000769448438781 0.00487624209469 0.000675942705797 0.00445042159532 0.00929775345522 0.0024573715811 0.00135893985809 -0.000255703707261 0.00325171693924 0.000632833747128 0.00832656732585 
0.00137674156191 -4.80317148083e-05 0.00183567871861 0.00145728187281 0.00143525495105 0.00131237958251 0.00204968942134 0.00121433009098 0.0119387073541 0.00133072703847 0.00101288557875 0.00102420409155 0.000433184289 -0.000888808539727 -0.000280369497105 0.000275408913777 0.00157854689296 0.0020950466627 0.00105305292739 0.000839345396008 0.00162211923678 0.00134766642901 0.00304882477946 0.00240964661948 0.00141521802116 0.00108831851193 0.00121096105568 0.00296110941616 0.00112442445767 0.0025829308906 
0.00202026341216 0.00361845122522 0.00352491691291 -0.000419958288374 0.00256404928923 0.000762160249079 0.00222925794484 0.00115326893521 0.00133072703847 0.026246859917 0.00244777733327 0.0018972693855 0.00079155702452 -0.000773886147956 0.00420091447034 0.000998741933342 0.00172451884915 8.66237645097e-05 0.000856204018439 -0.000722891635063 0.00100418789854 0.00102701229558 0.00092252543652 0.00325290861592 0.00218997129698 -0.000280823711705 -2.33759390996e-06 0.00341456780015 0.000408059256459 0.000288028139808 
-0.000251052206748 0.000264483865499 0.000308805347209 -0.00134389024522 0.000183512322621 -0.000324513456867 0.000720770084065 0.0030591503591 0.00101288557875 0.00244777733327 0.0444147301156 0.00405041208811 0.00155133153397 -0.00255942524522 0.000248789571554 0.000752877659456 -0.00154409116779 -0.00065435189476 0.00141186427164 0.00160152274535 0.00179022880107 -0.000436434445762 0.00246373348769 0.00066218637748 0.00136956561009 0.00151349618425 0.00187162108383 -0.0010421030784 -0.000254782048147 0.000824498723097 
0.00156916539061 0.0010912545356 0.00097449520867 -0.000203275037004 0.00229813409565 -0.000199528339102 0.000414909477371 0.000970157121902 0.00102420409155 0.0018972693855 0.00405041208811 0.0206506247811 0.000655114577234 -0.00286845568813 3.90508160759e-06 -0.000446651874166 0.000701684972749 0.00137577679668 0.00216759732187 0.00215479581122 0.000443546809728 0.00137472262806 0.00222838893334 0.00114260750692 0.000889208547426 -0.00183849219594 0.000764253028797 0.00254306864451 0.0016838867746 0.00192630391037 
-1.32323332108e-05 0.00118440643183 0.00244615642022 -0.000160196963657 -5.31211709661e-05 -0.000280843303973 0.000767450265212 0.000495354555961 0.000433184289 0.00079155702452 0.00155133153397 0.000655114577234 0.0268347760468 -0.000141142318885 0.000787903464539 0.00127029217068 0.00205123134782 -6.87021506515e-05 0.00111609887698 0.00226897520661 0.000960146632139 0.00159388205572 0.000433870580184 5.25559618892e-05 0.001020543602 0.00395864660183 0.0010237445736 0.000750248879278 0.00248796080954 -0.000572104844637 
0.00170653805482 -0.00180054490377 -0.00139338938924 -0.00268286996253 -0.00142937670315 -0.000560880440576 3.95620517277e-05 0.00813426559912 -0.000888808539727 -0.000773886147956 -0.00255942524522 -0.00286845568813 -0.000141142318885 0.235365931209 -0.00107134841113 -0.000730640536109 -0.00108602881284 -0.00242110782325 3.02268657043e-05 -0.000193675413887 -0.00124993975571 -0.000403200841699 -0.00255840426163 0.00218034022759 -0.000489549780096 -0.00148743318082 -0.00220677287432 -0.00189044862414 -1.18427311726e-05 0.000587994491671 
0.00681052837575 -0.00078579800257 0.000846413116323 -0.000872391722633 -0.000215336440571 -0.000432518458579 -0.000239839536285 -0.00345642087025 -0.000280369497105 0.00420091447034 0.000248789571554 3.90508160758e-06 0.000787903464539 -0.00107134841113 0.324672482535 0.00198002654846 -0.00249089163666 -0.00114653296597 0.000629520719943 0.00065990127082 0.00133536885045 0.001064721623 0.0037558769147 -0.00194771220989 -0.000689639611462 -0.000762324119298 -0.00087782389179 -0.00204590898416 0.000804753513822 -0.0012441970213 
0.000303983568164 0.00249967182681 0.00111099553754 -6.17271606416e-06 0.000466196048488 0.000156697571861 0.00226992715004 0.000955470662511 0.000275408913777 0.000998741933342 0.000752877659456 -0.000446651874167 0.00127029217068 -0.000730640536109 0.00198002654846 0.027588055359 0.00148796214207 0.000185168306953 0.000423516238584 0.00202959591813 0.00216215819553 0.00069936853284 0.00146912281849 -0.000233123609795 0.00264207681823 0.00102038720217 0.00176811327759 -0.000564296104984 0.00231968745944 0.000542450343366 
0.00166827139226 0.000100962547796 0.00124150359077 0.000878213060501 0.000347962142784 0.000150022538729 0.00266149241394 0.00183161817763 0.00157854689296 0.00172451884915 -0.00154409116779 0.000701684972748 0.00205123134782 -0.00108602881284 -0.00249089163666 0.00148796214207 0.0202377810227 0.00424501980187 0.00153049663495 0.000399631743751 0.00470010468612 0.000322543452881 0.00316739690799 0.00170086869926 0.00218895475101 0.00175559161353 0.000399246224026 0.00271672157486 -0.000158583203632 0.000666844353095 
0.000320096406066 0.000878104703291 9.20507634651e-05 0.0015449528869 -2.65856178768e-05 0.000844624951927 0.00271420549127 0.00153877598833 0.0020950466627 8.66237645095e-05 -0.000654351894759 0.00137577679668 -6.8702150651e-05 -0.00242110782325 -0.00114653296597 0.000185168306953 0.00424501980187 0.0201591079993 0.000678486873058 -0.000437464122076 0.00190053284267 0.000101286410268 -0.000276599927042 -3.72427817654e-05 0.000784112390185 -0.000957545643905 0.000216131807119 0.00183581871825 0.000819718436583 0.000906077490022 
0.00168290735752 0.000875689894115 0.00267021510337 0.00160327943096 0.00165368453334 0.00206211788854 0.00206563653048 0.000306210904471 0.00105305292739 0.000856204018439 0.00141186427164 0.00216759732187 0.00111609887698 3.02268657043e-05 0.000629520719943 0.000423516238584 0.00153049663495 0.000678486873058 0.0120276066449 0.00379782282773 0.00187553818093 0.00259650941517 0.00319196446177 -0.000139100005858 0.00194490541807 0.00316256638811 0.00176952510637 0.00052917896579 0.00204329700571 0.00168381088881 
0.00210107552895 0.0020394763047 0.00152299342611 0.000716269527563 0.00256554194587 0.000957516111233 0.00125433822518 0.000769448438781 0.000839345396008 -0.000722891635063 0.00160152274535 0.00215479581122 0.00226897520661 -0.000193675413887 0.00065990127082 0.00202959591813 0.000399631743751 -0.000437464122076 0.00379782282773 0.0139495513172 0.00262392846288 0.0029948450202 0.00173734029354 -0.00049152862459 0.000852208824361 0.00345804036743 0.000406691698815 0.0014259281355 0.00241865623735 0.000424521696782 
0.00272581419675 0.00141873140962 0.0019950913992 0.0024805904019 0.00208990908351 0.00155705027832 0.00243081246127 0.00487624209469 0.00162211923678 0.00100418789854 0.00179022880107 0.00044354680973 0.000960146632139 -0.00124993975571 0.00133536885045 0.00216215819553 0.00470010468612 0.00190053284267 0.00187553818093 0.00262392846288 0.023475030984 0.000390310930319 0.00221706551513 0.000648997450369 0.00376774129552 0.00100576526937 0.00169027073787 0.00335099610859 0.00247910030465 0.00242334416026 
0.00336759921184 0.00319579297183 0.00162074297706 0.00346082187867 -0.000378416604671 0.000720583202696 0.00157378869118 0.000675942705797 0.00134766642901 0.00102701229558 -0.000436434445762 0.00137472262806 0.00159388205572 -0.000403200841699 0.001064721623 0.00069936853284 0.000322543452881 0.000101286410268 0.00259650941517 0.0029948450202 0.000390310930319 0.0140257570608 -0.000208886732196 0.000241161713046 0.00291968267853 0.00305098835547 0.00192681331416 0.00258736276658 0.00198298894174 0.00143684977879 
-0.000393651844123 0.000895436165231 0.00228354595243 4.97111686485e-05 0.00215479318987 0.00122144352619 0.00135654753333 0.00445042159532 0.00304882477946 0.00092252543652 0.00246373348769 0.00222838893334 0.000433870580184 -0.00255840426163 0.0037558769147 0.00146912281849 0.00316739690799 -0.000276599927042 0.00319196446177 0.00173734029354 0.00221706551513 -0.000208886732196 0.0776149651407 0.00292747148767 0.00266522481086 0.00256292723493 0.00666077482798 0.0013759800658 -0.000345390468637 0.00397080171049 
0.00190173913242 0.00185333453581 0.00264009448533 -0.000364747313636 0.00112685953211 0.00195787692489 0.0017900186321 0.00929775345522 0.00240964661948 0.00325290861592 0.00066218637748 0.00114260750692 5.25559618892e-05 0.00218034022759 -0.00194771220989 -0.000233123609795 0.00170086869926 -3.72427817658e-05 -0.000139100005857 -0.00049152862459 0.00064899745037 0.000241161713046 0.00292747148767 0.0178905205447 0.00202095821672 0.00123722096292 0.00102641073622 0.0036430563944 0.000693255212717 0.00560363854736 
0.00164464903534 0.00193353786535 0.00386619349141 0.000282917778084 0.00206443872011 0.00147163079054 0.00208570100423 0.0024573715811 0.00141521802116 0.00218997129698 0.00136956561009 0.000889208547426 0.001020543602 -0.000489549780096 -0.000689639611462 0.00264207681823 0.00218895475101 0.000784112390185 0.00194490541807 0.000852208824361 0.00376774129552 0.00291968267853 0.00266522481086 0.00202095821672 0.0189823126679 0.000952759024408 0.00204529389588 0.00158773757267 0.00142477688584 0.00141848602258 
0.0023899576584 0.00189186015826 0.00241916387725 -0.00138196929624 0.00480212081317 0.00153810406226 -0.000840192487293 0.00135893985809 0.00108831851193 -0.000280823711705 0.00151349618425 -0.00183849219594 0.00395864660183 -0.00148743318082 -0.000762324119298 0.00102038720217 0.00175559161353 -0.000957545643905 0.00316256638811 0.00345804036743 0.00100576526937 0.00305098835547 0.00256292723493 0.00123722096292 0.000952759024408 0.052105350632 -0.0010401539228 -0.00194223799046 0.000301899280667 0.000167722066787 
-0.000207925126081 0.00237163726942 0.00228586505538 0.00051017794475 0.000723027647641 0.00134347318784 0.000575449968379 -0.000255703707261 0.00121096105568 -2.3375939099e-06 0.00187162108383 0.000764253028798 0.0010237445736 -0.00220677287432 -0.00087782389179 0.00176811327759 0.000399246224026 0.000216131807119 0.00176952510637 0.000406691698815 0.00169027073787 0.00192681331416 0.00666077482798 0.00102641073622 0.00204529389588 -0.0010401539228 0.0290892570274 0.00162072121288 0.000342990049914 0.000677707562139 
0.00288000623426 -0.001169396697 0.00308490379991 -0.0007504883696 0.00105561439567 0.00112799944406 0.000974702797979 0.00325171693924 0.00296110941616 0.00341456780015 -0.0010421030784 0.00254306864451 0.000750248879278 -0.00189044862414 -0.00204590898416 -0.000564296104984 0.00271672157486 0.00183581871825 0.00052917896579 0.0014259281355 0.00335099610859 0.00258736276658 0.0013759800658 0.0036430563944 0.00158773757267 -0.00194223799046 0.00162072121288 0.0486894154261 0.000182613748798 0.00502110178272 
-0.000100104702753 0.00166516058438 0.00167055840466 0.00254052400626 -0.000476003657636 0.00110729627967 -0.000647393960039 0.000632833747128 0.00112442445767 0.000408059256459 -0.000254782048147 0.0016838867746 0.00248796080954 -1.18427311726e-05 0.000804753513822 0.00231968745944 -0.000158583203632 0.000819718436584 0.00204329700571 0.00241865623735 0.00247910030465 0.00198298894174 -0.000345390468637 0.000693255212716 0.00142477688584 0.000301899280667 0.000342990049914 0.000182613748798 0.0124859118968 0.00154314269431 
0.00232416024984 0.00131534507183 0.00181254821396 1.62625503295e-05 0.00120654930494 0.00301458677849 0.00104656816471 0.00832656732585 0.0025829308906 0.000288028139809 0.000824498723097 0.00192630391037 -0.000572104844637 0.000587994491671 -0.0012441970213 0.000542450343366 0.000666844353094 0.000906077490021 0.00168381088881 0.000424521696783 0.00242334416026 0.00143684977879 0.00397080171049 0.00560363854736 0.00141848602258 0.000167722066788 0.000677707562139 0.00502110178272 0.00154314269431 0.0218188181777 

['ORCL', 'GLW', 'BSC', 'CMX', 'HRB', 'CPB', 'CL', 'SLB', 'ED', 'EMC', 'PKI', 'RX', 'FDC', 'PTV', 'SANM', 'TJX', 'MCK', 'ABC', 'WFC', 'BK', 'LEG', 'AFL', 'TIF', 'KMI', 'ETN', 'FNM', 'HAS', 'TXU', 'BUD', 'XOM']