20
0.143358946574 0.0887704215167 0.0214629747746 0.00643120824938 0.131188957491 0.0436793340255 0.0564449965361 0.0256858872149 0.0680936188342 0.022553065058 0.109959402945 0.0939670182087 0.0216083944488 0.0534982218633 0.0485945029431 0.0392369654355 0.0896896089949 0.0657027666716 0.0524452719686 0.0038222736377 
0.677101994739 0.0262567130073 0.0266165158923 0.0263164028513 0.0331580432772 0.0199568324784 0.0345262028779 0.0401989349154 0.00581015900334 -0.00875448989851 0.0304079894367 0.0251410252128 -0.00108181475336 0.026491281325 0.0141809871788 0.023707840623 0.00323681824259 0.0154428914657 0.0504602109818 0.0279890896917 
0.0262567130073 0.338694579615 0.0112901300218 0.00664793441931 0.016057574308 0.0430254059842 0.0404703563012 0.0221287082621 0.0241186705491 0.0261400820395 0.0192627373708 0.0583409876565 0.0167444429909 0.0466740986434 0.016357177586 0.0430425798621 0.026055760157 0.0189283253415 0.0336511496759 0.0164822095913 
0.0266165158923 0.0112901300218 0.172074730255 0.0280413160839 0.0180225482534 0.0451064947788 0.0294186458943 0.0160612801415 0.0108878547805 0.00172370558281 0.0148648238974 0.0351254701291 0.00321120338293 0.00224828241791 0.0134018838497 0.0183186007645 0.0119464595707 0.00409672875959 0.0227671645442 0.0271086201293 
0.0263164028513 0.00664793441931 0.0280413160839 0.200091775663 0.0503798223336 0.0175882094284 0.02357296617 0.0280272351188 0.0189880793985 0.0179036686907 0.0689522984401 0.0387430030691 0.0381783542574 0.0244121168692 0.0385958170781 0.0284366982376 0.00820021589968 0.0247472203459 0.0153486501749 0.0216164517914 
0.0331580432772 0.016057574308 0.0180225482534 0.0503798223336 0.40152922019 0.0094153730638 0.0219938261854 0.0556100720027 0.0133512195577 0.0264588780352 0.0916622524426 0.0469610485433 0.0386569478367 0.0334925415318 0.0271779847376 0.0462374918239 0.0167617956461 0.0462072516739 0.0273816784947 0.0244521981683 
0.0199568324784 0.0430254059842 0.0451064947788 0.0175882094284 0.0094153730638 0.209606837702 0.0707691686275 0.0100285862716 0.0112390002177 0.0152834171884 0.0211118026513 0.0439781129084 0.00909785636301 0.00511469765108 0.00735347802829 0.0237587436047 0.0346238124729 0.0181655331761 -0.018505012731 0.0179190719353 
0.0345262028779 0.0404703563012 0.0294186458943 0.02357296617 0.0219938261854 0.0707691686275 0.277759734351 0.00063238815739 0.0356027251118 0.00628529317207 0.029221851842 0.041575427587 -0.0186374950575 0.0257479089345 0.020829256179 0.0162423121953 0.00243413436902 0.0167322368602 0.00473086979678 0.0215415218965 
0.0401989349154 0.0221287082621 0.0160612801415 0.0280272351188 0.0556100720027 0.0100285862716 0.00063238815739 0.215672968565 0.00325543633229 0.0461214326517 0.019847674406 -0.00956404019774 0.0175224247813 0.0277087128237 0.0223057376006 0.0423099361903 -0.00901198665048 0.0253236190932 0.0180433056035 0.0141792707892 
0.00581015900334 0.0241186705491 0.0108878547805 0.0189880793985 0.0133512195577 0.0112390002177 0.0356027251118 0.00325543633229 0.308066375136 0.00949964275993 0.0493757440143 0.0260530154469 -0.00118320116598 0.00472062453228 -0.00220799451341 0.00707659846077 0.0174036928995 0.0159499785254 0.038228413035 0.0492417731007 
-0.00875448989851 0.0261400820395 0.00172370558281 0.0179036686907 0.0264588780352 0.0152834171884 0.00628529317207 0.0461214326517 0.00949964275993 0.252854767065 0.0380288770747 0.0178088108087 0.0041680379729 0.0259201299234 0.0236648076364 0.0433382867136 0.0195128473681 0.02087606502 -0.00990123664938 0.0114406671652 
0.0304079894367 0.0192627373708 0.0148648238974 0.0689522984401 0.0916622524426 0.0211118026513 0.029221851842 0.019847674406 0.0493757440143 0.0380288770747 0.403798125964 0.03637073381 0.0550431370136 0.0307106112605 0.0224251519171 0.0335575363218 0.0387653732803 0.000910009301653 0.0287033364202 0.0273593287955 
0.0251410252128 0.0583409876565 0.0351254701291 0.0387430030691 0.0469610485433 0.0439781129084 0.041575427587 -0.00956404019774 0.0260530154469 0.0178088108087 0.03637073381 0.237826314504 0.0277892345095 0.0348142381644 0.0358473768185 0.0488238670492 0.0186506068814 0.0288109958146 0.03051270428 0.0300051570207 
-0.00108181475336 0.0167444429909 0.00321120338293 0.0381783542574 0.0386569478367 0.00909785636301 -0.0186374950575 0.0175224247813 -0.00118320116598 0.0041680379729 0.0550431370136 0.0277892345095 0.262449870818 0.0231727902814 0.0439591458245 0.0378122134913 0.0111648508385 0.0132121645975 0.0141681329534 0.018371685972 
0.026491281325 0.0466740986434 0.00224828241791 0.0244121168692 0.0334925415318 0.00511469765108 0.0257479089345 0.0277087128237 0.00472062453228 0.0259201299234 0.0307106112605 0.0348142381644 0.0231727902814 0.248959395873 0.0376387246132 0.0489980680889 0.0238321596754 0.0185294139867 0.0415287558669 0.00667910122308 
0.0141809871788 0.016357177586 0.0134018838497 0.0385958170781 0.0271779847376 0.00735347802829 0.020829256179 0.0223057376006 -0.00220799451341 0.0236648076364 0.0224251519171 0.0358473768185 0.0439591458245 0.0376387246132 0.131207815627 0.0613871534464 0.0241786899932 0.0198713353952 0.0256720425794 0.00474469563856 
0.023707840623 0.0430425798621 0.0183186007645 0.0284366982376 0.0462374918239 0.0237587436047 0.0162423121953 0.0423099361903 0.00707659846077 0.0433382867136 0.0335575363218 0.0488238670492 0.0378122134913 0.0489980680889 0.0613871534464 0.169862870242 0.0167215906394 0.0229985411876 0.0272824509205 0.0266883157913 
0.00323681824259 0.026055760157 0.0119464595707 0.00820021589968 0.0167617956461 0.0346238124729 0.00243413436902 -0.00901198665048 0.0174036928995 0.0195128473681 0.0387653732803 0.0186506068814 0.0111648508385 0.0238321596754 0.0241786899932 0.0167215906394 0.449307516143 -0.00252000792687 0.0524254439441 0.00936860943225 
0.0154428914657 0.0189283253415 0.00409672875959 0.0247472203459 0.0462072516739 0.0181655331761 0.0167322368602 0.0253236190932 0.0159499785254 0.02087606502 0.000910009301653 0.0288109958146 0.0132121645975 0.0185294139867 0.0198713353952 0.0229985411876 -0.00252000792687 0.200216826671 0.0253089606795 0.0214893895195 
0.0504602109818 0.0336511496759 0.0227671645442 0.0153486501749 0.0273816784947 -0.018505012731 0.00473086979678 0.0180433056035 0.038228413035 -0.00990123664938 0.0287033364202 0.03051270428 0.0141681329534 0.0415287558669 0.0256720425794 0.0272824509205 0.0524254439441 0.0253089606795 0.27553025289 0.0226108101385 
0.0279890896917 0.0164822095913 0.0271086201293 0.0216164517914 0.0244521981683 0.0179190719353 0.0215415218965 0.0141792707892 0.0492417731007 0.0114406671652 0.0273593287955 0.0300051570207 0.018371685972 0.00667910122308 0.00474469563856 0.0266883157913 0.00936860943225 0.0214893895195 0.0226108101385 0.21961092298 
0.0586387528397 0.00227389804842 0.0023050578923 0.00227906734055 0.00287157078178 0.00172831239054 0.00299005687885 0.00348132988418 0.000503174529692 -0.000758161064928 0.00263340913302 0.00217727665115 -9.36879058599e-05 0.00229421226063 0.00122810951476 0.00205315922484 0.000280316682552 0.00133739363172 0.00436998245906 0.00242392627018 
0.00227389804842 0.0293318110071 0.000977753941095 0.000575728008981 0.00139062672739 0.00372610945904 0.0035048356657 0.00191640235079 0.0020887381401 0.00226379751032 0.00166820199096 0.00505247773924 0.00145011130023 0.00404209551239 0.00141657313237 0.0037275967605 0.00225649502109 0.00163924105969 0.00291427504858 0.00142740122165 
0.0023050578923 0.000977753941095 0.014902108775 0.00242844920842 0.00156079846283 0.00390633703541 0.00254772946894 0.00139094766198 0.000942915883263 0.000149277282336 0.00128733151179 0.00304195494516 0.000278098370634 0.000194706968879 0.00116063718724 0.00158643736238 0.00103459374735 0.000354787117822 0.00197169428674 0.00234767536935 
0.00227906734055 0.000575728008981 0.00242844920842 0.0173284560813 0.0043630205979 0.00152318361721 0.00204147875458 0.00242722976107 0.00164441591282 0.0015505031907 0.00597144420985 0.00335524248767 0.00330634246616 0.00211415133689 0.00334249580694 0.00246269030735 0.000710159528564 0.00214317214926 0.00132923209652 0.00187203963911 
0.00287157078178 0.00139062672739 0.00156079846283 0.0043630205979 0.0347734505046 0.000815395225936 0.0019047212203 0.00481597350606 0.00115624953085 0.00229140605341 0.00793818391834 0.00406694610269 0.00334778988593 0.00290053918038 0.00235368252064 0.00400428425268 0.00145161408425 0.00400166537887 0.00237132291747 0.00211762247921 
0.00172831239054 0.00372610945904 0.00390633703541 0.00152318361721 0.000815395225936 0.0181524846257 0.00612878978361 0.000868501047527 0.000973325970163 0.00132358275418 0.00182833574157 0.00380861629892 0.000787897473035 0.000442945809851 0.000636829877867 0.00205756755236 0.00299851011774 0.00157318132038 -0.00160258111224 0.00155183715082 
0.00299005687885 0.0035048356657 0.00254772946894 0.00204147875458 0.0019047212203 0.00612878978361 0.0240546986097 5.47664209352e-05 0.00308328643908 0.000544322355724 0.00253068660408 0.00360053764635 -0.00161405441827 0.00222983432316 0.00180386649929 0.00140662549773 0.000210802219979 0.00144905421831 0.000409705342601 0.00186555051986 
0.00348132988418 0.00191640235079 0.00139094766198 0.00242722976107 0.00481597350606 0.000868501047527 5.47664209352e-05 0.0186778269687 0.000281929056417 0.00399423323353 0.00171885902417 -0.000828270177406 0.00151748649965 0.00239964492115 0.00193173354122 0.00366414795733 -0.000780460937788 0.00219308974505 0.00156259610209 0.00122796087105 
0.000503174529692 0.0020887381401 0.000942915883263 0.00164441591282 0.00115624953085 0.000973325970163 0.00308328643908 0.000281929056417 0.026679330692 0.000822693195698 0.00427606486472 0.00225625732222 -0.000102468226753 0.000408818076669 -0.000191217934003 0.000612851403941 0.00150720401706 0.00138130865928 0.00331067768347 0.00426446264326 
-0.000758161064928 0.00226379751032 0.000149277282336 0.0015505031907 0.00229140605341 0.00132358275418 0.000544322355724 0.00399423323353 0.000822693195698 0.0218978651747 0.00329339736241 0.00154228825715 0.000360962676847 0.0022447490983 0.00204943245888 0.00375320572504 0.0016898621521 0.00180792026384 -0.000857472246725 0.000990790840127 
0.00263340913302 0.00166820199096 0.00128733151179 0.00597144420985 0.00793818391834 0.00182833574157 0.00253068660408 0.00171885902417 0.00427606486472 0.00329339736241 0.0349699435085 0.00314979794337 0.00476687549577 0.00265961695173 0.00194207512439 0.00290616789431 0.00335717980479 7.88091172912e-05 0.00248578185133 0.00236938737674 
0.00217727665115 0.00505247773924 0.00304195494516 0.00335524248767 0.00406694610269 0.00380861629892 0.00360053764635 -0.000828270177406 0.00225625732222 0.00154228825715 0.00314979794337 0.0205963630049 0.0024066183037 0.00301500146638 0.00310447389839 0.00422827091756 0.00161518993553 0.00249510542838 0.00264247770446 0.00259852282245 
-9.36879058599e-05 0.00145011130023 0.000278098370634 0.00330634246616 0.00334778988593 0.000787897473035 -0.00161405441827 0.00151748649965 -0.000102468226753 0.000360962676847 0.00476687549577 0.0024066183037 0.0227288255349 0.00200682250602 0.00380697370127 0.00327463374568 0.000966904445562 0.00114420701804 0.00122699630618 0.00159103467621 
0.00229421226063 0.00404209551239 0.000194706968879 0.00211415133689 0.00290053918038 0.000442945809851 0.00222983432316 0.00239964492115 0.000408818076669 0.0022447490983 0.00265961695173 0.00301500146638 0.00200682250602 0.0215605161337 0.00325960916811 0.00424335717014 0.00206392557059 0.00160469432297 0.00359649575683 0.000578427133364 
0.00122810951476 0.00141657313237 0.00116063718724 0.00334249580694 0.00235368252064 0.000636829877867 0.00180386649929 0.00193173354122 -0.000191217934003 0.00204943245888 0.00194207512439 0.00310447389839 0.00380697370127 0.00325960916811 0.0113629301508 0.00531628343506 0.00209393597644 0.00172090812593 0.00222326410408 0.000410902695622 
0.00205315922484 0.0037275967605 0.00158643736238 0.00246269030735 0.00400428425268 0.00205756755236 0.00140662549773 0.00366414795733 0.000612851403941 0.00375320572504 0.00290616789431 0.00422827091756 0.00327463374568 0.00424335717014 0.00531628343506 0.014710556079 0.00144813222854 0.00199173209185 0.00236272955746 0.00231127594595 
0.000280316682552 0.00225649502109 0.00103459374735 0.000710159528564 0.00145161408425 0.00299851011774 0.000210802219979 -0.000780460937788 0.00150720401706 0.0016898621521 0.00335717980479 0.00161518993553 0.000966904445562 0.00206392557059 0.00209393597644 0.00144813222854 0.0389111723091 -0.000218239088241 0.00454017662602 0.000811345376647 
0.00133739363172 0.00163924105969 0.000354787117822 0.00214317214926 0.00400166537887 0.00157318132038 0.00144905421831 0.00219308974505 0.00138130865928 0.00180792026384 7.88091172912e-05 0.00249510542838 0.00114420701804 0.00160469432297 0.00172090812593 0.00199173209185 -0.000218239088241 0.0173392858163 0.00219182028918 0.00186103572357 
0.00436998245906 0.00291427504858 0.00197169428674 0.00132923209652 0.00237132291747 -0.00160258111224 0.000409705342601 0.00156259610209 0.00331067768347 -0.000857472246725 0.00248578185133 0.00264247770446 0.00122699630618 0.00359649575683 0.00222326410408 0.00236272955746 0.00454017662602 0.00219182028918 0.0238616198514 0.00195815359801 
0.00242392627018 0.00142740122165 0.00234767536935 0.00187203963911 0.00211762247921 0.00155183715082 0.00186555051986 0.00122796087105 0.00426446264326 0.000990790840127 0.00236938737674 0.00259852282245 0.00159103467621 0.000578427133364 0.000410902695622 0.00231127594595 0.000811345376647 0.00186103572357 0.00195815359801 0.019018863825 

['X', 'AET', 'KSE', 'SNV', 'ET', 'ETR', 'EIX', 'MET', 'A', 'ALL', 'EBAY', 'PLD', 'FRE', 'HD', 'WFC', 'WB', 'CVS', 'VZ', 'IR', 'TWX']