40
0.0411806556966 0.107494880462 0.0887704215167 0.0751688044393 0.0637387331612 0.100220943784 0.0123351660469 0.0402434153999 0.0965978414643 0.161692830297 0.0571686925308 0.0914492870129 0.0275413533974 0.13190386478 0.0283464571838 0.070995024039 0.0328492958576 0.151795006465 0.0279461936292 0.123331646141 0.0658076634161 0.0669670800901 0.00791209609274 0.0464034886179 0.0521298167044 0.00787829448736 0.00646873977314 0.13534553156 0.12993100308 0.0268374832388 0.0339335468557 0.0300764430792 0.022553065058 0.0948967479515 0.101670797752 0.0277285522359 0.0256858872149 0.0705908558691 0.0585004976968 0.0370780174455 
0.193364520266 0.00511232103849 0.0206634681761 0.00876420245275 0.015706938346 -0.0111595772359 0.00436968431079 0.0141261077225 0.0345944669443 -0.00276210836166 0.0275896935502 0.0383698783921 0.0160077447136 -0.000602053701572 0.0174726156991 0.00970607181743 0.0176823080536 -0.0115263020873 0.0112413213257 0.0627431373909 0.0107524914314 0.0421342896745 0.00767909252224 0.0119583363644 0.0127814329952 0.00578442364216 0.0069879245216 0.0410418885471 -0.00303654706457 0.0181191739482 0.0210333145261 0.0162545122178 0.0135767652099 0.0073263046952 0.00302645812268 0.0199847477 0.00308226367964 0.0190945635696 0.0150910602013 0.0141195046163 
0.00511232103849 0.437082474028 0.0521048012243 0.0203194173545 0.0480912034373 0.151573649386 -0.00269364485847 -0.000794971384685 0.0352378312421 0.0417774320996 0.023677206422 0.0397029873269 0.0535944986602 0.0236616386566 0.0174555906026 0.0423767915857 0.0156410690229 0.0790962675635 0.000297346345863 0.016373673266 -0.00240822795491 0.026755579894 0.0345703251856 0.000369320137859 0.0233549585691 0.000949207165679 0.0298121165586 0.0470536416763 0.0838895064592 0.00736603923349 -0.0139368583312 0.0177244916612 0.0205098728311 -0.0167627041762 0.029460912285 0.0238024557911 0.0567416744497 0.0116190213798 0.0192994831244 0.0455971707332 
0.0206634681761 0.0521048012243 0.326083913701 0.0240232414104 -0.0300843466958 0.0341699931882 0.0195681359474 0.0248806177126 0.0357946655683 0.00777885779175 0.0246045921856 0.0211542806115 0.0423651440587 -0.0118928827 0.013553665769 0.0382056504296 0.00643610931312 0.0112544554898 -0.00162389389527 0.0436641486572 0.0147479719716 0.022584112785 0.020935241848 -0.00880756167911 0.0152422755259 -0.000591212050842 0.032987980287 0.0398944566594 0.0417374847001 0.00838247103494 0.00957588821037 0.018623232368 0.0208645055706 0.000191595384488 0.027480024185 0.0344738050662 0.0178055709366 -0.0221531098046 0.0102462492432 0.0315818100424 
0.00876420245275 0.0203194173545 0.0240232414104 0.320673518598 -0.0110090669223 -0.00646831483991 0.0307173888796 0.00789536912929 0.0216656893675 0.0321141633191 0.0378352844509 0.0604933844176 0.0264738570476 -0.0292458829937 0.0184392985761 0.0535316733118 0.00667078289907 -0.0191814690789 0.014299951398 0.044404733872 0.00985962096529 0.0534961177939 0.0120395895118 0.00450579212157 0.0519540271355 0.00599277090945 0.0642344219007 0.0286830111145 -0.0195414780397 0.0273880187699 0.0218663720549 0.0200089053201 0.0517077985743 0.00645572334913 0.00808828314637 0.00574024740832 0.0184334318744 -0.00531183998115 0.0215866643666 0.0207306058006 
0.015706938346 0.0480912034373 -0.0300843466958 -0.0110090669223 0.39014665759 0.0437478994643 0.0159673633721 -0.00602782413531 -0.00716546552965 -0.00260881444735 0.00871050735043 0.0491343950118 0.0118156422851 -0.0331513195975 0.00973233886209 0.0229429020956 -0.00169272400399 0.127465748999 0.00870773092796 0.0328547505106 -0.00566981796814 -0.00216910505794 0.00731506831362 -0.0055923564317 -0.00658205611085 0.00741629181837 0.00510309410555 0.0467900892522 0.193703600025 -0.00983040507934 0.0140999498107 -0.020496728259 0.00260151859682 0.00566034970441 0.0183634713319 0.0331176074493 0.0161916423039 0.0163596439566 -0.00308475776516 0.00548440295565 
-0.0111595772359 0.151573649386 0.0341699931882 -0.00646831483991 0.0437478994643 1.10167684649 0.00795664925304 0.00880517978178 0.00719028657509 0.0449537737876 0.00317558927693 0.0391648711852 0.0551623859541 -0.0242434979892 0.0124765075838 0.0310939521856 0.00524224236185 0.0626917421246 -0.00450939573057 0.0167396344497 0.0349411446399 -0.001235918601 0.00223464169883 0.027915811668 -0.000457185261869 0.0174259888246 -0.000173240728769 -0.0113033654432 -0.00198847310739 0.0176657908375 0.0104049465003 0.00839995531125 -0.0081514124732 -0.0399406154899 0.0573945947926 -0.0106441763973 -0.0153218407794 0.00425142008209 0.0105411265138 0.0314452482604 
0.00436968431079 -0.00269364485847 0.0195681359474 0.0307173888796 0.0159673633721 0.00795664925304 0.224403925189 0.0157248944161 0.0118152213499 0.016179600496 0.0179533468193 0.0164740037111 0.0213747651813 -0.0072656775147 0.0209404891311 -0.00126240539726 0.0163305373542 0.0126026363823 0.0375933200188 0.0131587981547 0.0220590475084 0.005163833789 0.00664368945061 0.0219909619329 0.0121991714035 0.000423659730778 0.0261660669705 -0.00074133620344 0.015655663539 -0.000590101907488 0.0150797576403 0.00289932719484 -0.00265190960695 0.00107893614065 0.00189793596731 0.00198340197773 0.00354223232428 0.0113473565345 0.0210175474228 0.00384167920662 
0.0141261077225 -0.000794971384685 0.0248806177126 0.00789536912929 -0.00602782413531 0.00880517978178 0.0157248944161 0.135133117138 0.00568511578554 0.014489481859 0.0183630219254 0.029452385679 0.00955063933384 -0.0123726226886 0.0239522208859 0.0215879834369 0.00807127163914 -0.00336463494246 0.00946108588533 0.017354206135 -0.00411687323978 0.000731449089743 0.0104877897543 0.0130979771128 0.012580458969 -0.00312679947494 0.0188381143172 0.00735024543518 -0.0080783366639 0.0255058794296 0.0172260158493 0.0139443149245 0.0409798126525 0.00394374676045 0.00587853342239 0.016302563501 0.0040838086582 0.00250991081893 0.0137958864425 0.0178905837002 
0.0345944669443 0.0352378312421 0.0357946655683 0.0216656893675 -0.00716546552965 0.00719028657509 0.0118152213499 0.00568511578554 0.448981309425 0.0235720059884 0.0100087275155 0.0263915976962 -0.00112300803237 0.00788829203914 0.0296483045212 0.0155753928995 0.0263264847296 0.00380302344936 -0.0103092863013 0.0339183187597 0.00107828750932 0.0103424951017 0.0195952045786 0.0195848137414 0.0276809457466 0.0137017609757 0.018038464121 0.00290607835154 0.00567867138716 0.00691723822617 0.0136241555572 0.0133754437953 0.0238786797412 0.0024625463148 0.00179440848895 0.0258652540297 0.0216460814313 0.0297556630078 0.0421039115158 0.00610458293314 
-0.00276210836166 0.0417774320996 0.00777885779175 0.0321141633191 -0.00260881444735 0.0449537737876 0.016179600496 0.014489481859 0.0235720059884 0.891562675423 -0.00209145401846 0.0132316124054 0.040163307113 0.00230178413874 0.0326227214781 0.0713261310492 0.00852579654145 0.0145836749972 0.035598752862 -0.00422852807617 0.0172326997567 -0.0158670566752 -0.0108915407623 0.0146359671153 0.0294727163229 0.00479285512545 0.0397594708559 0.0173177430795 0.0309361070817 0.0268283383018 0.00509913862062 -0.000474706916833 0.00592041959848 0.0156285567221 -0.016287717256 0.0455173304072 0.0188709677629 0.0139176523391 0.000261086941192 0.0367096746717 
0.0275896935502 0.023677206422 0.0246045921856 0.0378352844509 0.00871050735043 0.00317558927693 0.0179533468193 0.0183630219254 0.0100087275155 -0.00209145401845 0.367050045845 0.0415708429401 0.00434951651618 0.0296421242484 0.0299409087519 0.0334316960514 -0.00317344763804 -0.013466556947 0.014780538324 0.0393567698166 0.0224361605476 0.0258850002583 0.0166474653979 0.00340280174446 0.0266846104137 0.0161586164372 0.011653827004 0.0308064051884 -0.0017338444957 0.0119889850552 0.0259575202441 0.0250124097147 0.0161974982997 0.0134789526209 -0.00132131933337 0.00740730030373 0.00762855967232 -0.00812712684536 0.0325523833303 0.0127519644676 
0.0383698783921 0.0397029873269 0.0211542806115 0.0604933844176 0.0491343950118 0.0391648711852 0.0164740037111 0.029452385679 0.0263915976962 0.0132316124054 0.0415708429401 0.447662302051 0.0449798400123 0.00419664692975 0.0125968281878 0.0288268148891 0.0677236222099 0.103508300281 0.0171629672159 0.0954248572465 0.0233469122134 0.0491790630461 0.0373138187956 0.0142246347179 0.0206778537691 0.0440401499449 0.0415363834948 0.0510683522167 0.102720364629 0.0154360305853 0.0461086466419 0.0346286262309 0.023074604266 -0.00225511349591 0.0146031311121 0.023018969825 0.0328764808033 0.0343510592117 0.0532713079128 0.0430667802596 
0.0160077447136 0.0535944986602 0.0423651440587 0.0264738570476 0.0118156422851 0.0551623859541 0.0213747651813 0.00955063933384 -0.00112300803237 0.040163307113 0.00434951651618 0.0449798400123 0.175771371078 0.0140793613767 0.0137575733175 0.0315626656833 0.00324601633316 0.0245806073946 0.00731749095044 0.0148843120066 0.0276005535863 0.0229177362984 0.0217565563723 0.00344171892231 0.0179165975431 0.00536936322567 0.0165650915033 0.0143872951044 0.035175882811 0.0169176106987 0.0105527536571 0.0199349343681 0.00835321258687 0.0135626250161 0.00609800666367 -0.000155064261531 0.0132106164678 0.0101516524211 0.013918215816 0.0310509261554 
-0.000602053701572 0.0236616386566 -0.0118928827 -0.0292458829937 -0.0331513195975 -0.0242434979892 -0.0072656775147 -0.0123726226886 0.00788829203914 0.00230178413874 0.0296421242484 0.00419664692975 0.0140793613767 1.06601032844 -0.0092648925711 0.00267575531566 0.06336749723 -0.0302757834649 -0.0188008282011 0.0119256377135 -0.00966481378988 0.00279185802188 -0.00964976315219 -0.00648612889773 0.0113928371904 -0.00906073099425 0.00945551914067 -0.0122933064763 -0.0155754665411 -0.0172412888544 -0.00783163461493 -0.0232555630508 -0.0324237433659 -0.0154422107914 0.00289738045784 -0.00906658143342 -0.00529391884729 0.00946336692358 -0.0146553005036 0.0336932331049 
0.0174726156991 0.0174555906026 0.013553665769 0.0184392985761 0.00973233886209 0.0124765075838 0.0209404891311 0.0239522208859 0.0296483045212 0.0326227214781 0.0299409087519 0.0125968281878 0.0137575733175 -0.0092648925711 0.173737811735 0.00729090028601 0.0323556905359 0.0151359379862 0.00931853613303 0.0105494611007 0.0271121449929 0.0270190458252 -0.00193447247844 -0.000381979482972 0.0236972576534 0.0124931497023 0.00609890085485 0.012052605818 -0.00720890267646 0.0216394579341 0.0277761041938 0.0385816898867 0.00816977641982 0.0112869397719 -0.00669045944801 0.0200355820527 0.0217556475178 0.0361380309589 0.0330639838062 0.0157331288697 
0.00970607181743 0.0423767915857 0.0382056504296 0.0535316733118 0.0229429020956 0.0310939521856 -0.00126240539726 0.0215879834369 0.0155753928995 0.0713261310492 0.0334316960514 0.0288268148891 0.0315626656833 0.00267575531566 0.00729090028601 0.363251307602 0.00914791277584 0.00855601790473 0.0105143469426 0.0644181797701 -0.00707792704274 0.0283912083199 0.00595236973468 0.00497343060488 0.0199027680752 0.0130834475188 0.0426510565572 0.0211889302481 0.0421865132281 0.0310417701787 0.00243835392907 0.0318807125948 -0.00654709550816 0.00147854935658 -0.000483607199335 0.0389118427526 -0.0187375235378 0.00385124520155 -0.00945469985636 0.0328190034513 
0.0176823080536 0.0156410690229 0.00643610931312 0.00667078289907 -0.00169272400399 0.00524224236185 0.0163305373542 0.00807127163914 0.0263264847296 0.00852579654145 -0.00317344763804 0.0677236222099 0.00324601633316 0.06336749723 0.0323556905359 0.00914791277584 0.325050140266 0.0210295329361 0.00542519360428 0.0282454848092 0.0276546846064 0.0173974324576 0.0129842215969 0.00675836087236 0.000598009764 0.00621837191776 0.0155897159555 0.0189144555285 0.0179988305718 0.00850749553477 0.00495544379719 0.00423837910071 0.0299789192353 0.00298407149593 0.0527067779747 0.00879510470894 -0.0063643044804 0.0228195633406 0.00324524412995 0.010277890793 
-0.0115263020873 0.0790962675635 0.0112544554898 -0.0191814690789 0.127465748999 0.0626917421246 0.0126026363823 -0.00336463494246 0.00380302344936 0.0145836749972 -0.013466556947 0.103508300281 0.0245806073946 -0.0302757834649 0.0151359379862 0.00855601790473 0.0210295329361 0.420932884945 0.00242330982102 0.00293520250119 -0.0055203083607 0.00178550724572 0.0217564915293 -0.00574678107848 0.00730065515562 -0.0102181290124 0.0111233812969 0.027226087848 0.224815052859 0.00627046146236 0.00566701056918 0.027606076372 -0.00336449530606 0.0401807509163 0.000866607615688 0.0440906398334 0.00915969552693 0.0100650006417 0.0417710232042 0.0267176659638 
0.0112413213257 0.000297346345863 -0.00162389389527 0.014299951398 0.00870773092796 -0.00450939573057 0.0375933200188 0.00946108588533 -0.0103092863013 0.035598752862 0.014780538324 0.0171629672159 0.00731749095044 -0.0188008282011 0.00931853613303 0.0105143469426 0.00542519360428 0.00242330982102 0.186249574 -0.00446407477127 0.0156592015885 0.0119593465168 0.00374829134981 0.0207787271153 0.00243203317135 -0.00137023596951 0.0212003518216 -0.00222366976609 0.0132476134576 0.000332503321632 0.00689323494336 -0.00263627974645 -0.00360243402171 -0.00269347666519 0.00726071981633 -0.00275877156658 0.00359536404599 0.00881508124859 0.00979122425172 0.0199839600729 
0.0627431373909 0.016373673266 0.0436641486572 0.044404733872 0.0328547505106 0.0167396344497 0.0131587981547 0.017354206135 0.0339183187597 -0.00422852807617 0.0393567698166 0.0954248572465 0.0148843120066 0.0119256377135 0.0105494611007 0.0644181797701 0.0282454848092 0.00293520250119 -0.00446407477127 0.442795790616 0.0231440748142 0.0460305078656 -0.00822188505512 0.00332113167186 0.0184561559027 0.019387430243 0.0371996531427 0.0441193989918 0.0184935336842 0.00262247541698 0.0212544719299 -0.00912730036011 0.0299019211585 0.0595077754756 0.00484332038808 0.010808063161 0.00785614783619 0.0431827643837 0.053472345946 0.0321150501022 
0.0107524914314 -0.00240822795491 0.0147479719716 0.00985962096529 -0.00566981796814 0.0349411446399 0.0220590475084 -0.00411687323978 0.00107828750932 0.0172326997567 0.0224361605476 0.0233469122134 0.0276005535863 -0.00966481378988 0.0271121449929 -0.00707792704274 0.0276546846064 -0.0055203083607 0.0156592015885 0.0231440748142 0.245176289291 0.0213097163205 0.0132069975806 0.0205707651826 0.00276795089204 -0.00293835815104 0.0242387554859 0.0229834662762 -0.00774654592996 -0.00506674681905 0.0257961820374 -0.00670522921014 0.0207863421019 0.0368144626375 -0.0188145653389 -0.00201321934689 0.0168449901185 0.0168655846488 0.00880218026233 0.0322244310062 
0.0421342896745 0.026755579894 0.022584112785 0.0534961177939 -0.00216910505794 -0.001235918601 0.005163833789 0.000731449089743 0.0103424951017 -0.0158670566752 0.0258850002583 0.0491790630461 0.0229177362984 0.00279185802188 0.0270190458252 0.0283912083199 0.0173974324576 0.00178550724572 0.0119593465168 0.0460305078656 0.0213097163205 0.244551848906 -0.00252442562469 -0.003457176356 0.0333696018549 0.00104538427427 0.0266618088339 0.0337812825373 -0.0257703328522 0.0329332851853 0.0259931317921 0.0147687388499 0.010045563577 0.00577648412094 -0.0105444988992 -0.00423074875332 0.00931266740354 -0.00375029422737 -0.020804885253 0.0196791333999 
0.00767909252224 0.0345703251856 0.020935241848 0.0120395895118 0.00731506831362 0.00223464169883 0.00664368945061 0.0104877897543 0.0195952045786 -0.0108915407623 0.0166474653979 0.0373138187956 0.0217565563723 -0.00964976315219 -0.00193447247844 0.00595236973468 0.0129842215969 0.0217564915293 0.00374829134981 -0.00822188505512 0.0132069975806 -0.00252442562469 0.174062916533 0.00827256549156 0.00806895886968 0.0111751879407 0.0115508622032 0.0324406373365 0.0136781514897 0.01011496577 0.0226995582834 0.0226608433943 -0.00717043380083 0.015949257765 0.00893030991526 0.00911377276293 0.00131707892827 -0.00207903036856 0.00400515299305 0.00661240717248 
0.0119583363644 0.000369320137859 -0.00880756167911 0.00450579212157 -0.0055923564317 0.027915811668 0.0219909619329 0.0130979771128 0.0195848137414 0.0146359671153 0.00340280174446 0.0142246347179 0.00344171892231 -0.00648612889773 -0.000381979482972 0.00497343060488 0.00675836087236 -0.00574678107848 0.0207787271153 0.00332113167186 0.0205707651826 -0.003457176356 0.00827256549156 0.18403262653 0.0075118917341 0.0112208631017 0.0196221658235 -0.00474749599432 -0.00702954975089 0.021510675875 0.0261122055968 -0.00287931082337 -0.00572209511857 0.0197645597868 -0.000247846955451 0.00375042657759 0.00340093891434 0.0285352532879 0.0207925430433 -0.00151412082872 
0.0127814329952 0.0233549585691 0.0152422755259 0.0519540271355 -0.00658205611085 -0.000457185261869 0.0121991714035 0.012580458969 0.0276809457466 0.0294727163229 0.0266846104137 0.0206778537691 0.0179165975431 0.0113928371904 0.0236972576534 0.0199027680752 0.000598009763999 0.00730065515562 0.00243203317135 0.0184561559027 0.00276795089204 0.0333696018549 0.00806895886968 0.0075118917341 0.148766865 0.0315229192086 0.0339937657948 0.00624900431675 0.00895290785776 0.0156537974196 0.028446958597 0.0250906778097 0.0358633002731 0.00723178501174 -0.0092030971024 0.00963889268437 0.0254719240796 0.00618815399732 0.0145752396585 0.0129867555132 
0.00578442364216 0.000949207165679 -0.000591212050842 0.00599277090945 0.00741629181837 0.0174259888246 0.000423659730778 -0.00312679947494 0.0137017609757 0.00479285512545 0.0161586164372 0.0440401499449 0.00536936322566 -0.00906073099424 0.0124931497023 0.0130834475188 0.00621837191776 -0.0102181290124 -0.00137023596951 0.019387430243 -0.00293835815104 0.00104538427427 0.0111751879407 0.0112208631017 0.0315229192086 0.152558843785 0.00568721529444 0.00140563232007 -0.0136309880554 0.0149752001001 0.0193074340313 -0.00682804613272 0.00918008224445 -0.00350740139676 0.0152906310395 0.0114993387208 0.0202454276949 -0.0123971589376 0.00561585614108 -0.00762385457804 
0.0069879245216 0.0298121165586 0.032987980287 0.0642344219007 0.00510309410555 -0.000173240728769 0.0261660669705 0.0188381143172 0.018038464121 0.0397594708559 0.011653827004 0.0415363834948 0.0165650915033 0.00945551914067 0.00609890085485 0.0426510565572 0.0155897159555 0.0111233812969 0.0212003518216 0.0371996531427 0.0242387554859 0.0266618088339 0.0115508622032 0.0196221658235 0.0339937657948 0.00568721529444 0.170030234155 0.0354116696368 0.00235442002049 0.0123559349548 0.0265037825365 0.0251892160856 0.035916250034 0.018359210408 0.0190625375507 0.0201674029093 0.0342022930109 0.00208070484658 0.00777913721033 0.0344893380565 
0.0410418885471 0.0470536416763 0.0398944566594 0.0286830111145 0.0467900892522 -0.0113033654432 -0.000741336203441 0.00735024543518 0.00290607835154 0.0173177430795 0.0308064051884 0.0510683522167 0.0143872951044 -0.0122933064763 0.012052605818 0.0211889302481 0.0189144555285 0.027226087848 -0.00222366976609 0.0441193989918 0.0229834662762 0.0337812825373 0.0324406373365 -0.00474749599432 0.00624900431675 0.00140563232007 0.0354116696368 0.22489372589 0.0378003537763 0.0047218633357 0.0112738838418 0.0191989535617 0.0277662811362 0.0270121545373 0.00804314055602 0.0174792163308 0.0220166623985 0.0174249411433 0.0106304160481 0.024744195011 
-0.00303654706457 0.0838895064592 0.0417374847001 -0.0195414780397 0.193703600025 -0.00198847310739 0.015655663539 -0.0080783366639 0.00567867138716 0.0309361070817 -0.0017338444957 0.102720364629 0.035175882811 -0.0155754665411 -0.00720890267646 0.0421865132281 0.0179988305718 0.224815052859 0.0132476134576 0.0184935336842 -0.00774654592996 -0.0257703328522 0.0136781514897 -0.00702954975089 0.00895290785776 -0.0136309880554 0.00235442002049 0.0378003537763 0.594327270663 -0.00483288856709 0.0143671393236 0.00300987335999 -0.00400866542431 0.0323615627681 0.00878172359906 0.0457626695841 0.01711248164 0.00412245698017 0.046932619084 -0.00422013644385 
0.0181191739482 0.00736603923349 0.00838247103494 0.0273880187699 -0.00983040507934 0.0176657908375 -0.000590101907488 0.0255058794296 0.00691723822617 0.0268283383018 0.0119889850552 0.0154360305853 0.0169176106987 -0.0172412888544 0.0216394579341 0.0310417701787 0.00850749553477 0.00627046146236 0.000332503321632 0.00262247541698 -0.00506674681905 0.0329332851853 0.01011496577 0.021510675875 0.0156537974196 0.0149752001001 0.0123559349548 0.0047218633357 -0.00483288856709 0.153700636968 0.0129875480172 0.026111640313 -0.000971527655155 0.00227954103452 0.00719504022595 0.0112887713499 0.00221279555893 -0.00737546295191 0.00963319132899 0.0128860069483 
0.0210333145261 -0.0139368583312 0.00957588821037 0.0218663720549 0.0140999498107 0.0104049465003 0.0150797576403 0.0172260158493 0.0136241555572 0.00509913862062 0.0259575202441 0.0461086466419 0.0105527536571 -0.00783163461493 0.0277761041938 0.00243835392907 0.00495544379719 0.00566701056918 0.00689323494336 0.0212544719299 0.0257961820374 0.0259931317921 0.0226995582834 0.0261122055968 0.028446958597 0.0193074340313 0.0265037825365 0.0112738838418 0.0143671393236 0.0129875480172 0.296314899232 0.0321529317736 -0.0103424235176 0.0300577867086 0.0261659681037 0.0050946778179 0.0187027182412 0.0283907962308 0.0216029240206 0.00831488748358 
0.0162545122178 0.0177244916612 0.018623232368 0.0200089053201 -0.020496728259 0.00839995531125 0.00289932719484 0.0139443149245 0.0133754437953 -0.000474706916833 0.0250124097147 0.0346286262309 0.0199349343681 -0.0232555630508 0.0385816898867 0.0318807125948 0.00423837910071 0.027606076372 -0.00263627974645 -0.00912730036011 -0.00670522921014 0.0147687388499 0.0226608433943 -0.00287931082337 0.0250906778097 -0.00682804613272 0.0251892160856 0.0191989535617 0.00300987335999 0.026111640313 0.0321529317736 0.359727155335 0.00797871910929 0.0176747863951 0.000541723910827 0.0106884049865 0.000721479878742 0.0995762938683 0.0102095381169 -0.000380429724647 
0.0135767652099 0.0205098728311 0.0208645055706 0.0517077985743 0.00260151859682 -0.0081514124732 -0.00265190960695 0.0409798126525 0.0238786797412 0.00592041959848 0.0161974982997 0.023074604266 0.00835321258687 -0.0324237433659 0.00816977641982 -0.00654709550816 0.0299789192353 -0.00336449530606 -0.00360243402171 0.0299019211585 0.0207863421019 0.010045563577 -0.00717043380083 -0.00572209511857 0.0358633002731 0.00918008224445 0.035916250034 0.0277662811362 -0.00400866542431 -0.000971527655155 -0.0103424235176 0.00797871910929 0.233875101675 -0.0236197330731 0.0171306984472 0.00971355278044 0.04040979821 0.0191162162498 0.0447768887886 0.018482267437 
0.0073263046952 -0.0167627041762 0.000191595384488 0.00645572334913 0.00566034970441 -0.0399406154899 0.00107893614065 0.00394374676045 0.0024625463148 0.0156285567221 0.0134789526209 -0.0022551134959 0.0135626250161 -0.0154422107914 0.0112869397719 0.00147854935658 0.00298407149593 0.0401807509163 -0.00269347666519 0.0595077754756 0.0368144626375 0.00577648412094 0.015949257765 0.0197645597868 0.00723178501174 -0.00350740139676 0.018359210408 0.0270121545373 0.0323615627681 0.00227954103452 0.0300577867086 0.0176747863951 -0.0236197330731 0.551611476623 0.00688013690419 0.0331710255783 0.00577127093246 0.0731203036245 0.0310470200379 0.0160805759644 
0.00302645812268 0.029460912285 0.027480024185 0.00808828314637 0.0183634713319 0.0573945947926 0.00189793596731 0.00587853342239 0.00179440848895 -0.016287717256 -0.00132131933337 0.0146031311121 0.00609800666367 0.00289738045784 -0.00669045944801 -0.000483607199336 0.0527067779747 0.000866607615687 0.00726071981633 0.00484332038808 -0.0188145653389 -0.0105444988992 0.00893030991526 -0.000247846955452 -0.0092030971024 0.0152906310395 0.0190625375507 0.00804314055602 0.00878172359906 0.00719504022595 0.0261659681037 0.000541723910827 0.0171306984472 0.00688013690419 0.292967638857 0.0114451630256 0.0508505043837 -0.00424467031651 -0.00633971638532 0.00916956636956 
0.0199847477 0.0238024557911 0.0344738050662 0.00574024740832 0.0331176074493 -0.0106441763973 0.00198340197773 0.016302563501 0.0258652540297 0.0455173304072 0.00740730030373 0.023018969825 -0.000155064261531 -0.00906658143342 0.0200355820527 0.0389118427526 0.00879510470894 0.0440906398334 -0.00275877156658 0.010808063161 -0.00201321934689 -0.00423074875332 0.00911377276293 0.00375042657759 0.00963889268437 0.0114993387208 0.0201674029093 0.0174792163308 0.0457626695841 0.0112887713499 0.0050946778179 0.0106884049865 0.00971355278044 0.0331710255783 0.0114451630256 0.209873223389 0.0236503133709 0.00616870494988 0.00761114979841 0.00895087803806 
0.00308226367964 0.0567416744497 0.0178055709366 0.0184334318744 0.0161916423039 -0.0153218407794 0.00354223232428 0.0040838086582 0.0216460814313 0.0188709677629 0.00762855967232 0.0328764808033 0.0132106164678 -0.00529391884729 0.0217556475178 -0.0187375235378 -0.0063643044804 0.00915969552693 0.00359536404599 0.00785614783619 0.0168449901185 0.00931266740354 0.00131707892827 0.00340093891434 0.0254719240796 0.0202454276949 0.0342022930109 0.0220166623985 0.01711248164 0.00221279555893 0.0187027182412 0.000721479878742 0.04040979821 0.00577127093246 0.0508505043837 0.0236503133709 0.205695268791 0.0370734749732 0.00824661320557 0.0134518063223 
0.0190945635696 0.0116190213798 -0.0221531098046 -0.00531183998115 0.0163596439566 0.00425142008209 0.0113473565345 0.00250991081893 0.0297556630078 0.0139176523391 -0.00812712684536 0.0343510592117 0.0101516524211 0.00946336692357 0.0361380309589 0.00385124520155 0.0228195633406 0.0100650006417 0.00881508124859 0.0431827643837 0.0168655846488 -0.00375029422737 -0.00207903036856 0.0285352532879 0.00618815399733 -0.0123971589376 0.00208070484658 0.0174249411433 0.00412245698017 -0.00737546295191 0.0283907962308 0.0995762938683 0.0191162162498 0.0731203036245 -0.00424467031651 0.00616870494988 0.0370734749732 0.469900512071 0.0226016672289 -0.00256464321806 
0.0150910602013 0.0192994831244 0.0102462492432 0.0215866643666 -0.00308475776516 0.0105411265138 0.0210175474228 0.0137958864425 0.0421039115158 0.000261086941192 0.0325523833303 0.0532713079128 0.013918215816 -0.0146553005036 0.0330639838062 -0.00945469985636 0.00324524412994 0.0417710232042 0.00979122425172 0.053472345946 0.00880218026233 -0.020804885253 0.00400515299305 0.0207925430433 0.0145752396585 0.00561585614108 0.00777913721033 0.0106304160481 0.046932619084 0.00963319132899 0.0216029240206 0.0102095381169 0.0447768887886 0.0310470200379 -0.00633971638532 0.00761114979841 0.00824661320557 0.0226016672289 0.352483002903 0.00722690425052 
0.0141195046163 0.0455971707332 0.0315818100424 0.0207306058006 0.00548440295565 0.0314452482604 0.00384167920662 0.0178905837002 0.00610458293314 0.0367096746717 0.0127519644676 0.0430667802596 0.0310509261554 0.0336932331049 0.0157331288697 0.0328190034513 0.010277890793 0.0267176659638 0.0199839600729 0.0321150501022 0.0322244310062 0.0196791333999 0.00661240717248 -0.00151412082872 0.0129867555132 -0.00762385457804 0.0344893380565 0.024744195011 -0.00422013644385 0.0128860069483 0.00831488748358 -0.000380429724647 0.018482267437 0.0160805759644 0.00916956636956 0.00895087803806 0.0134518063223 -0.00256464321806 0.00722690425052 0.18495162693 
0.0167458586741 0.000442739989163 0.00178950883708 0.000759002196799 0.00136026076233 -0.000966447738175 0.000378425761967 0.00122335681442 0.00299596872041 -0.000239205600921 0.00238933754971 0.00332292894277 0.00138631135793 -5.21393800004e-05 0.0015131729066 0.000840570476485 0.0015313327972 -0.00099820704193 0.000973526984015 0.00543371508937 0.000931193073353 0.00364893652286 0.000665028920227 0.00103562230786 0.00110690456706 0.000500945782036 0.000605172015544 0.00355433181011 -0.00026297268977 0.00156916649347 0.00182153847054 0.00140768205067 0.0011757823573 0.00063447659819 0.000262098961773 0.00173072991964 0.000266931864773 0.00165363771254 0.00130692415044 0.00122278496866 
0.000442739989163 0.0378524526057 0.00451240815194 0.00175971316191 0.00416482038753 0.0131266630913 -0.000233276487621 -6.88465414419e-05 0.00305168570299 0.00361803175031 0.00205050622521 0.00343837956312 0.00464141973428 0.00204915801718 0.00151169848999 0.00366993780441 0.00135455631162 0.00684993770545 2.5750948924e-05 0.00141800170017 -0.000208558658705 0.00231710118812 0.00299387798278 3.19840621515e-05 0.00202259874252 8.22037518932e-05 0.00258180502803 0.00407496490323 0.00726504437046 0.000637917710147 -0.00120696733638 0.00153498600478 0.00177620709002 -0.00145169276527 0.00255138984574 0.00206135313875 0.00491397315267 0.0010062367682 0.00167138426656 0.00394883081956 
0.00178950883708 0.00451240815194 0.0282396953031 0.00208047373427 -0.00260538084948 0.00295920821481 0.00169465028352 0.0021547247001 0.00309990897021 0.000673668846008 0.00213082018825 0.00183201444083 0.00366892909898 -0.00102995385424 0.00117378188704 0.00330870638401 0.00055738341667 0.000974664435992 -0.000140633336636 0.00378142619718 0.00127721183817 0.00195584153937 0.00181304512748 -0.000762757215951 0.00132001978169 -5.12004655053e-05 0.00285684289481 0.00345496129372 0.00361457220404 0.000725943286275 0.000829296245398 0.00161281923312 0.00180691918615 1.65926470215e-05 0.00237983990408 0.00298551909524 0.001542007676 -0.00191851558636 0.000887351213815 0.00273506497942 
0.000759002196799 0.00175971316191 0.00208047373427 0.0277711413427 -0.000953413162667 -0.000560172497103 0.00266020391076 0.000683759023822 0.00187630373828 0.00278116812556 0.00327663174939 0.00523888076666 0.00229270327394 -0.00253276776287 0.00159689009948 0.00463597889951 0.000577706745372 -0.00166116395042 0.00123841211835 0.00384556275815 0.000853868222763 0.00463289970134 0.00104265903683 0.000390213044145 0.00449935073282 0.000518989184664 0.00556286411635 0.00248402162822 -0.00169234164098 0.00237187200141 0.00189368336881 0.00173282203091 0.00447802671391 0.000559082042015 0.000700465867776 0.000497120007961 0.00159638202822 -0.000460018836451 0.00186945997245 0.00179532312592 
0.00136026076233 0.00416482038753 -0.00260538084948 -0.000953413162667 0.0337876916675 0.00378867922983 0.00138281423117 -0.000522024883072 -0.000620547517862 -0.000225929958516 0.000754352064532 0.00425516342798 0.00102326463809 -0.00287098849404 0.00084284526928 0.00198691360513 -0.000146594198905 0.0110388576745 0.000754111619294 0.00284530485772 -0.000491020639524 -0.000187850008365 0.000633503499001 -0.000484312273687 -0.000570022780113 0.000642269711658 0.000441940913331 0.00405214059378 0.0167752238426 -0.00085133805282 0.00122109147282 -0.00177506873668 0.000225298119326 0.000490200663833 0.00159032326751 0.00286806893637 0.00140223735641 0.00141678672633 -0.000267147858915 0.000474963228418 
-0.000966447738175 0.0131266630913 0.00295920821481 -0.000560172497103 0.00378867922983 0.0954080135825 0.000689066038213 0.000762550937591 0.000622697083452 0.0038931110096 0.000275014098581 0.00339177733824 0.00477720275696 -0.00209954851353 0.00108049725181 0.00269281524968 0.000453991505816 0.00542926412874 -0.000390525125839 0.00144969486835 0.00302599188955 -0.000107033690548 0.000193525647954 0.00241758020717 -3.95934051015e-05 0.00150913490082 -1.50030872084e-05 -0.000978900162208 -0.000172206822574 0.00152990236432 0.000901094799424 0.00072745746902 -0.000705933027851 -0.00345895876571 0.00497051771303 -0.000921812716246 -0.00132691033477 0.000368183779325 0.000912888334543 0.00272323838218 
0.000378425761967 -0.000233276487621 0.00169465028352 0.00266020391076 0.00138281423117 0.000689066038213 0.0194339499922 0.00136181580361 0.00102322818403 0.00140119450526 0.00155480544285 0.00142669057158 0.0018511089647 -0.000629226130343 0.00181349955552 -0.00010932751439 0.00141426602062 0.00109142032618 0.00325567701489 0.00113958534852 0.00191036955256 0.00044720112422 0.000575360383908 0.00190447316875 0.00105647923405 3.66900089414e-05 0.00226604787136 -6.42015984924e-05 0.00135582023379 -5.11043242706e-05 0.00130594531994 0.000251089100461 -0.000229662108816 9.34386106865e-05 0.000164366076245 0.000171767649863 0.000306766317893 0.000982709902466 0.00182017299934 0.000332699178612 
0.00122335681442 -6.88465414419e-05 0.0021547247001 0.000683759023822 -0.000522024883072 0.000762550937591 0.00136181580361 0.0117028712334 0.000492345469374 0.00125482593776 0.00159028434776 0.00255065142001 0.000827109628549 -0.00107150055598 0.00207432317643 0.00186957420728 0.000698992628034 -0.000291385933463 0.000819354072408 0.00150291833755 -0.000356531680981 6.33453493292e-05 0.000908269235675 0.00113431809178 0.00108949970584 -0.000270788777784 0.00163142855581 0.000636549927092 -0.000699604477126 0.00220887395319 0.00149181673314 0.0012076130963 0.00354895587994 0.000341538488064 0.000509095928078 0.00141184341387 0.00035366820422 0.000217364653043 0.00119475881269 0.00154936999729 
0.00299596872041 0.00305168570299 0.00309990897021 0.00187630373828 -0.000620547517862 0.000622697083452 0.00102322818403 0.000492345469374 0.0388829219786 0.00204139560041 0.000866781228801 0.00228557940514 -9.7255348469e-05 0.000683146129836 0.00256761848945 0.00134886859249 0.00227994045681 0.000329351491834 -0.000892810383182 0.00293741256996 9.33824375656e-05 0.000895686349662 0.00169699449574 0.00169609462284 0.00239724022173 0.00118660730815 0.00156217681741 0.000251673767782 0.000491787368102 0.00059905040279 0.00117988648176 0.00115834741136 0.00206795432647 0.000213262766661 0.00015540033362 0.00223999670651 0.00187460564119 0.00257691600712 0.00364630569714 0.000528672389961 
-0.000239205600921 0.00361803175031 0.000673668846008 0.00278116812556 -0.000225929958516 0.0038931110096 0.00140119450526 0.00125482593776 0.00204139560041 0.0772115925982 -0.000181125231083 0.00114589124761 0.00347824442599 0.000199340353817 0.00282521055406 0.00617702414423 0.000738355639239 0.00126298330281 0.00308294243215 -0.000366201273458 0.00149239557651 -0.0013741274164 -0.000943235098648 0.00126751193308 0.00255241210541 0.00041507342953 0.00344327118023 0.00149976054431 0.00267914546269 0.00232340225107 0.000441598358288 -4.1110824933e-05 0.000512723377335 0.00135347271458 -0.00141055769134 0.00394191644451 0.00163427374767 0.00120530404867 2.26107923669e-05 0.00317915108304 
0.00238933754971 0.00205050622521 0.00213082018825 0.00327663174939 0.000754352064532 0.000275014098581 0.00155480544285 0.00159028434776 0.000866781228801 -0.000181125231083 0.0317874664162 0.00360014060429 0.000376679179719 0.00256708326213 0.00259295875915 0.00289526980721 -0.000274828627212 -0.00116623804176 0.00128003216702 0.00340839624721 0.00194302849976 0.00224170678007 0.00144171279432 0.000294691275475 0.00231095505083 0.00139937723246 0.00100925102367 0.00266791294925 -0.000150155337949 0.00103827656234 0.00224798719506 0.00216613822228 0.00140274450053 0.00116731153861 -0.000114429610921 0.000641491023649 0.000660652647052 -0.000703829830786 0.00281911909178 0.00110435251771 
0.00332292894277 0.00343837956312 0.00183201444083 0.00523888076666 0.00425516342798 0.00339177733824 0.00142669057158 0.00255065142001 0.00228557940514 0.00114589124761 0.00360014060429 0.0387686925893 0.00389536841088 0.000363440285188 0.00109091732177 0.00249647540041 0.00586503772701 0.00896408175455 0.00148635656133 0.00826403505279 0.00202190190767 0.00425903179323 0.00323147149892 0.00123188950253 0.00179075466598 0.00381398886388 0.00359715632878 0.00442264903491 0.0088958445255 0.00133679946204 0.0039931259326 0.00299892700141 0.00199831934767 -0.000195298557587 0.00126466825179 0.00199350126374 0.00284718675627 0.00297488899242 0.00461343059453 0.0037296925764 
0.00138631135793 0.00464141973428 0.00366892909898 0.00229270327394 0.00102326463809 0.00477720275696 0.0018511089647 0.000827109628549 -9.7255348469e-05 0.00347824442599 0.000376679179719 0.00389536841088 0.0152222472612 0.00121930846213 0.00119144079874 0.00273340702929 0.000281113260562 0.00212874304442 0.000633713305505 0.00128901923156 0.00239027805642 0.00198473418317 0.00188417305173 0.00029806160194 0.00155162286217 0.000465000495557 0.00143457900579 0.00124597630521 0.00304632081149 0.00146510806364 0.000913895274694 0.00172641595856 0.000723409430344 0.0011745577806 0.000528102868319 -1.34289589705e-05 0.00114407294608 0.000879158888709 0.0012053528472 0.00268908908616 
-5.21393800004e-05 0.00204915801718 -0.00102995385424 -0.00253276776287 -0.00287098849404 -0.00209954851353 -0.000629226130343 -0.00107150055598 0.000683146129836 0.000199340353817 0.00256708326213 0.000363440285188 0.00121930846213 0.0923192025129 -0.00080236323299 0.000231727207767 0.00548778623754 -0.00262195976001 -0.00162819948344 0.00103279052162 -0.000836997426488 0.000241781997071 -0.00083569400303 -0.000561715239766 0.000986648642809 -0.000784682321787 0.000818871978179 -0.00106463157049 -0.00134887497004 -0.00149313941419 -0.000678239452968 -0.00201399083813 -0.00280797854406 -0.0013373346836 0.000250920508092 -0.000785188984682 -0.000458466820733 0.000819551616115 -0.00126918625362 0.00291791958045 
0.0015131729066 0.00151169848999 0.00117378188704 0.00159689009948 0.00084284526928 0.00108049725181 0.00181349955552 0.00207432317643 0.00256761848945 0.00282521055406 0.00259295875915 0.00109091732177 0.00119144079874 -0.00080236323299 0.015046135856 0.000631410486415 0.0028020849961 0.00131081068062 0.000807008901729 0.000913610130948 0.00234798063149 0.00233991800706 -0.000167530230925 -3.30803935978e-05 0.00205224271279 0.00108193850155 0.000528180307547 0.00104378628202 -0.000624309285122 0.00187403202951 0.002405481185 0.00334127235628 0.000707523392281 0.000977477657348 -0.000579410784497 0.00173513230372 0.00188409434262 0.00312964528531 0.00286342499265 0.00136252892821 
0.000840570476485 0.00366993780441 0.00330870638401 0.00463597889951 0.00198691360513 0.00269281524968 -0.00010932751439 0.00186957420728 0.00134886859249 0.00617702414423 0.00289526980721 0.00249647540041 0.00273340702929 0.000231727207767 0.000631410486415 0.0314584860341 0.000792232485548 0.000740972886073 0.000910569155647 0.00557877801464 -0.000612966462514 0.00245875076492 0.000515490340295 0.000430711724779 0.00172363027587 0.00113305979204 0.00369368984767 0.00183501518739 0.00365345921526 0.00268829615532 0.000211167644599 0.00276095069979 -0.000566995103107 0.000128046130355 -4.18816120077e-05 0.00336986443318 -0.00162271713877 0.000333527618074 -0.000818801026077 0.00284220907157 
0.0015313327972 0.00135455631162 0.00055738341667 0.000577706745372 -0.000146594198905 0.000453991505816 0.00141426602062 0.000698992628034 0.00227994045681 0.000738355639239 -0.000274828627212 0.00586503772701 0.000281113260562 0.00548778623754 0.0028020849961 0.000792232485548 0.0281501678974 0.00182121097524 0.000469835548175 0.00244613073869 0.00239496594028 0.00150666184689 0.00112446657513 0.000585291220341 5.17891647335e-05 0.000538526805096 0.00135010900552 0.00163803989864 0.00155874445136 0.00073677072557 0.000429154021539 0.000367054397208 0.00259625056358 0.000258428172218 0.00456454086778 0.000761678410688 -0.000551164935745 0.00197623215562 0.000281046385801 0.00089009145241 
-0.00099820704193 0.00684993770545 0.000974664435992 -0.00166116395042 0.0110388576745 0.00542926412874 0.00109142032618 -0.000291385933463 0.000329351491834 0.00126298330281 -0.00116623804176 0.00896408175455 0.00212874304442 -0.00262195976001 0.00131081068062 0.000740972886073 0.00182121097524 0.036453857165 0.000209864786624 0.000254195993129 -0.000478072727709 0.000154629463344 0.00188416743616 -0.000497685840395 0.000632255282904 -0.000884915930386 0.000963313077909 0.0023578483722 0.0194695546929 0.000543037891986 0.000490777511643 0.0023907563437 -0.000291373840596 0.00347975510367 7.50504210299e-05 0.00381836141648 0.000793252901725 0.00087165462448 0.00361747672369 0.00231381774545 
