30
0.0088766616328 0.0511719962834 0.075466134778 0.0242911243805 0.115739319126 0.0625636206577 0.0100273700484 0.101801748802 0.110955558587 0.171628318037 0.10431458653 0.102922334335 0.0132966740539 0.0336878097659 0.0070666509449 0.0697795953642 0.0321720089654 0.18030920859 -0.00139328324831 0.135848421796 0.0714432896303 0.0704328117516 0.20394989535 0.0601344650096 0.00642009941462 0.0887704215167 0.0636277148901 0.0824662750087 0.0950879331279 0.101022755506 
0.280457630655 0.00350790762847 -0.00448419091935 0.0530270882265 0.0183997987125 0.0185201977601 0.0276867740234 0.00472016108015 0.0351989534298 0.0127671455858 0.0411642439047 0.00432049697339 0.0209222017472 0.0374910229878 0.0265292712656 0.0298671729784 0.0305351560255 0.0282751696855 0.0141047964261 0.00358244703867 0.0223091370323 0.0236307438997 0.0418953460764 0.00528712309907 0.0312712749152 -0.0149385886174 0.0139796740172 0.0236621014381 0.0167479357148 -0.0410394764306 
0.00350790762847 0.287086426497 0.121672031444 0.0084405995429 0.00606183074261 -0.0102336741372 -0.00373611854173 -0.01037737068 0.0496137564463 -0.00401251457609 -0.0420665343478 -0.00788107812227 -0.00656748518228 0.0123468414813 0.00969380830709 0.0163676640018 0.00740986687519 0.0357533576148 -0.0229022490089 0.00906332354413 0.00624859032736 0.0096417363471 -0.0095036698484 0.0002937107781 0.0162281919374 0.0310893797962 -0.0120454842679 -0.0156900970101 0.0433252229707 0.0478040031541 
-0.00448419091935 0.121672031444 0.439759983038 0.0107875042366 0.00275474001258 0.0235052880619 -0.00935732782616 0.00459123187433 -0.00634569255976 0.00598000950678 0.0130008869874 0.0217119361848 0.00486935234648 0.0356477275921 0.0114566716245 0.0701441222484 0.0236403609975 0.0170837739584 -0.00555821532776 -2.86139163216e-05 -0.00502877768025 0.0469154029358 0.0276533270067 0.0179288734468 -0.00079082904997 0.0373166084783 0.0111150113734 -0.0035523758102 0.00886608428917 0.00616187853559 
0.0530270882265 0.0084405995429 0.0107875042366 0.240138901136 0.0413034909541 0.0443112446684 0.019187600912 0.00878609081494 0.0253031329429 0.0253803895195 0.0394147384436 0.0138419747426 0.0231630675304 0.0478859405015 0.00992550219098 0.023894847615 0.0156377227099 -0.00509754108273 0.0214263480252 0.0158805017707 0.00170868862096 -0.00547925134914 0.0657145833247 0.0175754358343 0.0479794453584 0.0305696123446 0.0154089272441 0.0188097464067 0.0495534559918 0.0136290804539 
0.0183997987125 0.00606183074261 0.00275474001258 0.0413034909541 0.354090729383 0.0514391365858 0.0240661295008 0.0237286888814 0.0544004389195 0.0525733855146 0.00519234143041 0.040635666638 0.0104108796656 0.0452142923104 0.0102433139551 0.00454935047448 0.0118708916889 0.0326756261338 -6.72383610071e-05 0.0108242708575 -0.00875876447945 0.0235522951081 0.0251714168752 0.0238272716137 0.0279286644293 0.0941459738367 0.0112311479977 0.0460977143106 0.0244396309449 0.018200421935 
0.0185201977601 -0.0102336741372 0.0235052880619 0.0443112446684 0.0514391365858 0.288016004215 0.0265467020551 0.00763987996202 0.0164649887551 0.00464023899897 0.0162233952654 0.0413636351068 0.0337043361717 0.10259008722 0.0104259445748 0.00140606099662 0.0152551719718 0.0119122753432 0.0393658545901 0.0220342152953 -0.00548847175072 -0.000971065050552 0.0314553751992 0.0428821816633 -0.00663702179044 0.0515375784615 0.0110363348668 0.0123562079544 0.046374149723 0.000511742416326 
0.0276867740234 -0.00373611854173 -0.00935732782616 0.019187600912 0.0240661295008 0.0265467020551 0.189188478089 -0.00664765678725 0.00156038562897 -0.00403568655418 0.0120663604664 -0.00164321623361 -0.000788927547611 0.0473593933094 0.00891811997838 0.00253688184666 0.0223093300266 0.014402325786 0.0214657140666 -0.0162184148729 -0.000463076747215 0.0299302213181 -0.00371113714503 0.00329175420234 0.0277053789424 0.0260916574028 0.00668500473867 0.00701850668463 0.0287052944867 0.00710385005689 
0.00472016108015 -0.01037737068 0.00459123187433 0.00878609081494 0.0237286888814 0.00763987996202 -0.00664765678725 0.305268975291 0.0136877983744 0.0384782125944 0.00989673877523 0.013173127335 0.0522921612851 0.0095840574885 0.00806572137167 0.0426064103786 0.0241068648835 -0.00381617602197 0.0176022803732 -0.00522798343011 0.00680760549638 0.0182907491568 0.0347931524822 -0.00394192681325 0.0183853340113 0.0339146925063 0.00992525634394 0.0376491676614 0.0279292231664 0.00510741436847 
0.0351989534298 0.0496137564463 -0.00634569255976 0.0253031329429 0.0544004389195 0.0164649887551 0.00156038562897 0.0136877983744 0.471818793741 -0.00818775647284 0.0383108086631 -0.00391055749606 0.0202076150328 0.0364649821475 0.0205994206982 -0.00119030149902 0.0362141414334 -0.00522919805123 0.0248275317818 0.00711450460839 0.0143420383217 -0.00945518054245 0.0112080344075 0.00501197958983 0.0120772751747 0.0151871036221 0.0135205337613 -0.0243895149649 0.0964777530739 0.120698737209 
0.0127671455858 -0.00401251457609 0.00598000950678 0.0253803895195 0.0525733855146 0.00464023899897 -0.00403568655418 0.0384782125944 -0.00818775647284 0.269961920252 0.0669282212158 0.0352101092392 0.0148468918119 0.0100141846935 0.00543536954882 -0.0109752735807 0.0280656627102 0.0205552792321 0.0253165560683 0.0183221935113 0.00221174571755 0.0194561992491 0.00110236719954 0.00264718755766 0.0195257728148 0.0489651205326 0.0178227389159 0.0559132513412 0.0197989817307 0.0254069225934 
0.0411642439047 -0.0420665343478 0.0130008869874 0.0394147384436 0.00519234143041 0.0162233952654 0.0120663604664 0.00989673877523 0.0383108086631 0.0669282212158 0.577416559751 0.0268342869541 0.0421823266203 0.0270070238983 0.00731354420695 0.0313545191526 0.0257642222673 -0.00555987949067 0.0126651601566 0.00105263404597 0.00600785894938 0.0175267795525 -0.00623883584211 0.0162812553054 0.011900275781 0.0077436744401 0.00827639806074 0.0090899824009 0.027131569003 -0.0149562764157 
0.00432049697339 -0.00788107812227 0.0217119361848 0.0138419747426 0.040635666638 0.0413636351068 -0.00164321623361 0.013173127335 -0.00391055749606 0.0352101092392 0.0268342869541 0.362936695792 0.047077442698 0.0657365498233 0.0160268824357 0.000492928134602 0.0203656270572 0.0378667211851 0.0361405681989 0.0384646289095 0.012129260587 0.0118843592646 0.000207799389467 0.0577292951972 0.00751999876557 0.0237643323593 0.0220743145528 -0.00230040417121 0.0181431682317 -0.00120711076327 
0.0209222017472 -0.00656748518228 0.00486935234648 0.0231630675304 0.0104108796656 0.0337043361717 -0.000788927547611 0.0522921612851 0.0202076150328 0.0148468918119 0.0421823266203 0.047077442698 0.290239984587 0.0266127570796 0.0207517157327 0.00126919314465 0.020815434363 0.0254192948727 0.028078861245 0.00695733915378 0.0113657459338 0.0206840001194 0.00284190956697 0.0516736954485 -0.00383277393535 0.00199996257532 0.00647732384483 -0.00181341757044 0.00676158863342 -0.0062843162009 
0.0374910229878 0.0123468414813 0.0356477275921 0.0478859405015 0.0452142923104 0.10259008722 0.0473593933094 0.0095840574885 0.0364649821475 0.0100141846935 0.0270070238983 0.0657365498233 0.0266127570796 0.326635136725 0.01088270575 -0.00711514430491 0.0330910792022 0.0456006682933 0.0226452076522 0.0138381349337 0.0147007883173 0.00627614654369 0.0278187757126 0.025388845106 0.00273554152374 0.0424893889509 -0.00641258432862 0.00948080931254 0.0570747735317 0.0123305255296 
0.0265292712656 0.00969380830709 0.0114566716245 0.00992550219098 0.0102433139551 0.0104259445748 0.00891811997838 0.00806572137167 0.0205994206982 0.00543536954882 0.00731354420695 0.0160268824357 0.0207517157327 0.01088270575 0.182925146843 -0.00582344267917 0.0103795785213 0.0089260267949 0.017447675774 -0.00467888891787 -0.00842537240656 0.00918274635401 -0.000784888877218 -0.0125364555633 -0.00147528884791 0.0128243344357 0.00284318979894 0.0212540483612 0.0171600277667 0.0157998388098 
0.0298671729784 0.0163676640018 0.0701441222484 0.023894847615 0.00454935047448 0.00140606099662 0.00253688184666 0.0426064103786 -0.00119030149902 -0.0109752735807 0.0313545191526 0.000492928134603 0.00126919314465 -0.00711514430491 -0.00582344267917 0.426801003755 0.0181011137809 0.212488269705 0.0338559678598 0.00347769000898 -0.0130628100273 -0.00293049125991 0.0514269675656 -7.34877687047e-05 0.0474774055568 0.0240378193575 0.000299948638994 0.0444827285039 0.0414370063427 0.0259371575129 
0.0305351560255 0.00740986687519 0.0236403609975 0.0156377227099 0.0118708916889 0.0152551719718 0.0223093300266 0.0241068648835 0.0362141414334 0.0280656627102 0.0257642222673 0.0203656270572 0.020815434363 0.0330910792022 0.0103795785213 0.0181011137809 0.151213395651 0.0109220108736 0.0290945224675 0.0180153916306 0.0358816241755 0.00846843438302 0.0196941537558 0.0233475692721 0.0227991282006 0.0101359164372 0.00074488350989 0.000709283696461 0.033677412438 0.0174043909448 
0.0282751696855 0.0357533576148 0.0170837739584 -0.00509754108273 0.0326756261338 0.0119122753432 0.014402325786 -0.00381617602197 -0.00522919805123 0.0205552792321 -0.00555987949067 0.0378667211851 0.0254192948727 0.0456006682933 0.0089260267949 0.212488269705 0.0109220108736 0.956562375124 0.0159832510902 0.012234173738 0.0153297963828 0.0216783377891 -0.0338025689981 0.0376269014173 0.0316724059829 0.00821901539265 -0.00312951452975 0.0122150532202 0.0610730057964 0.0117092141444 
0.0141047964261 -0.0229022490089 -0.00555821532776 0.0214263480252 -6.72383610074e-05 0.0393658545901 0.0214657140666 0.0176022803732 0.0248275317818 0.0253165560683 0.0126651601566 0.0361405681989 0.028078861245 0.0226452076522 0.017447675774 0.0338559678598 0.0290945224675 0.0159832510902 0.361951561419 0.0226734362183 0.0268524800132 0.00795794217048 0.0161535869194 0.0209017485484 0.0051326866958 0.00248908738154 0.0111975062813 0.00319337176543 0.0396778820281 0.0109833402638 
0.00358244703867 0.00906332354413 -2.86139163215e-05 0.0158805017707 0.0108242708575 0.0220342152953 -0.0162184148729 -0.00522798343011 0.00711450460839 0.0183221935113 0.00105263404597 0.0384646289095 0.00695733915378 0.0138381349337 -0.00467888891787 0.00347769000898 0.0180153916306 0.012234173738 0.0226734362183 0.636286403171 -0.000817692140144 0.01842017536 0.00131438720409 0.0307514359444 0.0292517964157 0.0338400711416 0.00565139572337 0.013622464713 0.0135197592535 -0.00404254419504 
0.0223091370323 0.00624859032736 -0.00502877768025 0.00170868862096 -0.00875876447945 -0.00548847175072 -0.000463076747215 0.00680760549638 0.0143420383217 0.00221174571755 0.00600785894938 0.012129260587 0.0113657459338 0.0147007883173 -0.00842537240656 -0.0130628100273 0.0358816241755 0.0153297963828 0.0268524800132 -0.000817692140144 0.378702705955 0.0234049777519 0.0262384035283 0.0130235905497 -0.0133449016466 0.0222835557512 -8.37059596689e-06 -0.00218062570122 0.0139269229012 0.00218451587982 
0.0236307438997 0.0096417363471 0.0469154029358 -0.00547925134914 0.0235522951081 -0.000971065050551 0.0299302213181 0.0182907491568 -0.00945518054245 0.0194561992491 0.0175267795525 0.0118843592646 0.0206840001194 0.00627614654369 0.00918274635401 -0.00293049125991 0.00846843438302 0.0216783377891 0.00795794217048 0.01842017536 0.0234049777519 0.281138457863 0.016624624163 -0.00267837472727 0.0127364784245 0.034918812172 0.0113415787561 -0.0248687470285 0.0157612660957 0.0819843318618 
0.0418953460764 -0.0095036698484 0.0276533270067 0.0657145833247 0.0251714168752 0.0314553751992 -0.00371113714503 0.0347931524822 0.0112080344075 0.00110236719954 -0.00623883584211 0.000207799389467 0.00284190956697 0.0278187757126 -0.000784888877218 0.0514269675656 0.0196941537558 -0.0338025689981 0.0161535869194 0.00131438720409 0.0262384035283 0.016624624163 0.753596825814 -0.03196065211 0.0189005057782 -0.00451661057265 -0.0108083528773 0.167365199851 0.0112730386321 -0.000304364045832 
0.00528712309907 0.0002937107781 0.0179288734468 0.0175754358343 0.0238272716137 0.0428821816633 0.00329175420234 -0.00394192681325 0.00501197958983 0.00264718755766 0.0162812553054 0.0577292951972 0.0516736954485 0.025388845106 -0.0125364555633 -7.34877687049e-05 0.0233475692721 0.0376269014173 0.0209017485484 0.0307514359444 0.0130235905497 -0.00267837472727 -0.03196065211 0.282290968442 0.000718198286495 0.0221214967773 0.0216416617334 -0.0337424189427 0.0105185284568 -0.00418577000911 
0.0312712749152 0.0162281919374 -0.00079082904997 0.0479794453584 0.0279286644293 -0.00663702179044 0.0277053789424 0.0183853340113 0.0120772751747 0.0195257728148 0.011900275781 0.00751999876557 -0.00383277393535 0.00273554152374 -0.00147528884791 0.0474774055568 0.0227991282006 0.0316724059829 0.0051326866958 0.0292517964157 -0.0133449016466 0.0127364784245 0.0189005057782 0.000718198286495 0.158585122453 0.0178496486267 0.0136648833884 0.0417420168483 0.00902823952779 0.0075788703995 
-0.0149385886174 0.0310893797962 0.0373166084783 0.0305696123446 0.0941459738367 0.0515375784615 0.0260916574028 0.0339146925063 0.0151871036221 0.0489651205326 0.0077436744401 0.0237643323593 0.00199996257532 0.0424893889509 0.0128243344357 0.0240378193575 0.0101359164372 0.00821901539265 0.00248908738154 0.0338400711416 0.0222835557512 0.034918812172 -0.00451661057265 0.0221214967773 0.0178496486267 0.313250923969 0.0199996392163 0.050132891625 0.00675233202438 0.0651837441231 
0.0139796740172 -0.0120454842679 0.0111150113734 0.0154089272441 0.0112311479977 0.0110363348668 0.00668500473867 0.00992525634394 0.0135205337613 0.0178227389159 0.00827639806074 0.0220743145528 0.00647732384483 -0.00641258432862 0.00284318979894 0.000299948638993 0.00074488350989 -0.00312951452975 0.0111975062813 0.00565139572337 -8.37059596714e-06 0.0113415787561 -0.0108083528773 0.0216416617334 0.0136648833884 0.0199996392163 0.249462030145 0.00536315088496 0.017073647171 0.00510421543 
0.0236621014381 -0.0156900970101 -0.0035523758102 0.0188097464067 0.0460977143106 0.0123562079544 0.00701850668463 0.0376491676614 -0.0243895149649 0.0559132513412 0.0090899824009 -0.00230040417121 -0.00181341757044 0.00948080931254 0.0212540483612 0.0444827285039 0.000709283696461 0.0122150532202 0.00319337176543 0.013622464713 -0.00218062570122 -0.0248687470285 0.167365199851 -0.0337424189427 0.0417420168483 0.050132891625 0.00536315088496 0.43013571132 0.0160834109024 -0.00340180650116 
0.0167479357148 0.0433252229707 0.00886608428917 0.0495534559918 0.0244396309449 0.046374149723 0.0287052944867 0.0279292231664 0.0964777530739 0.0197989817307 0.027131569003 0.0181431682317 0.00676158863342 0.0570747735317 0.0171600277667 0.0414370063427 0.033677412438 0.0610730057964 0.0396778820281 0.0135197592535 0.0139269229012 0.0157612660957 0.0112730386321 0.0105185284568 0.00902823952779 0.00675233202438 0.017073647171 0.0160834109024 0.276876886747 0.0438159747394 
-0.0410394764306 0.0478040031541 0.00616187853559 0.0136290804539 0.018200421935 0.000511742416326 0.00710385005689 0.00510741436847 0.120698737209 0.0254069225934 -0.0149562764157 -0.00120711076327 -0.0062843162009 0.0123305255296 0.0157998388098 0.0259371575129 0.0174043909448 0.0117092141444 0.0109833402638 -0.00404254419504 0.00218451587982 0.0819843318618 -0.000304364045832 -0.00418577000911 0.0075788703995 0.0651837441231 0.00510421543 -0.00340180650116 0.0438159747394 0.441523032709 
0.0242883432833 0.000303793712038 -0.000388342325158 0.00459228054929 0.00159346931095 0.00160389617433 0.00239774496531 0.000408777940537 0.00304831878568 0.00110566724111 0.00356492809491 0.000374166013593 0.00181191582162 0.00324681783213 0.00229750228599 0.00258657305385 0.00264442208266 0.00244870152439 0.00122151120202 0.00031024901432 0.00193202794065 0.00204648245275 0.00362824340025 0.000457878291673 0.00270817184853 -0.00129371972394 0.00121067528355 0.00204919809524 0.001450413779 -0.00355412291469 
0.000303793712038 0.0248624138428 0.010537107016 0.000730977362732 0.000524969941654 -0.000886262177688 -0.000323557356869 -0.000898706663335 0.00429667734596 -0.000347493955595 -0.00364306873943 -0.00068252138631 -0.000568760900683 0.00106926783793 0.000839508425336 0.00141748128262 0.000641713295258 0.0030963315965 -0.00198339294455 0.000784906843194 0.000541143796134 0.000834998861318 -0.00082304195179 2.543609952e-05 0.00140540264753 0.00269241926914 -0.00104316953769 -0.00135880225986 0.00375207437172 0.00413994811341 
-0.000388342325158 0.010537107016 0.0380843316878 0.000934225271231 0.000238567483172 0.00203561765849 -0.000810368360899 0.000397612343784 -0.000549553096136 0.000517884014774 0.00112590984028 0.00188030883013 0.000421698283203 0.00308718376819 0.000992176866963 0.00607465917933 0.00204731531785 0.00147949822405 -0.000481355567354 -2.47803784363e-06 -0.000435504922108 0.00406299307712 0.0023948483687 0.00155268598662 -6.84878047325e-05 0.00323171309253 0.000962588221275 -0.000307644769542 0.000767825422651 0.000533634334686 
0.00459228054929 0.000730977362732 0.000934225271231 0.0207966388821 0.00357698724312 0.00383746635562 0.00166169498275 0.00076089778457 0.00219131559238 0.00219800620818 0.00341341647757 0.00119875017656 0.00200598049109 0.00414704409584 0.000859573704271 0.00206935450541 0.00135426651241 -0.000441460007448 0.00185557617002 0.00137529179583 0.000147976775291 -0.000474517086207 0.00569104985583 0.00152207739151 0.00415514185398 0.00264740608742 0.00133445224384 0.00162897182269 0.00429145517342 0.00118031299033 
0.00159346931095 0.000524969941654 0.000238567483172 0.00357698724312 0.030665156689 0.00445475990321 0.00208418795185 0.00205496473698 0.00471121620813 0.00455298874186 0.000449669958385 0.00351915196082 0.000901608626617 0.0039156725755 0.000887097010403 0.000393985308162 0.00102804937682 0.00282979223165 -5.82301287409e-06 0.000937409354006 -0.000758531254497 0.00203968858811 0.00217990864632 0.00206350225203 0.00241869328895 0.00815328050066 0.000972645947968 0.00399217916494 0.00211653412574 0.00157620277553 
0.00160389617433 -0.000886262177688 0.00203561765849 0.00383746635562 0.00445475990321 0.0249429176347 0.00229901183664 0.000661633012897 0.0014259098535 0.000401856485274 0.00140498724355 0.00358219587954 0.00291888113424 0.00888456217088 0.000902913286022 0.000121768454234 0.00132113664667 0.00103163330641 0.00340918301167 0.00190821901982 -0.000475315596408 -8.40967002505e-05 0.0027241154008 0.00371370586901 -0.000574782947599 0.00446328521972 0.00095577463593 0.0010700789983 0.0040161191739 4.43181932732e-05 
0.00239774496531 -0.000323557356869 -0.000810368360899 0.00166169498275 0.00208418795185 0.00229901183664 0.0163842028128 -0.00057570396534 0.000135133359439 -0.000349500707763 0.00104497746952 -0.000142306700222 -6.83231297977e-05 0.00410144377137 0.000772331845528 0.000219700412561 0.00193204465445 0.00124727800042 0.0018589853692 -0.0014045559289 -4.0103622699e-05 0.00259203320024 -0.000321393904452 0.000285074276224 0.00239935619856 0.00225960381377 0.00057893839281 0.000607820508552 0.00248595142486 0.000615211461394 
0.000408777940537 -0.000898706663335 0.000397612343784 0.00076089778457 0.00205496473698 0.000661633012897 -0.00057570396534 0.0264370687589 0.00118539811141 0.00333231095989 0.000857082719397 0.00114082629194 0.00452863400917 0.000830003725637 0.000698511960772 0.00368982337519 0.00208771573947 -0.000330490538034 0.00152440219678 -0.000452756646104 0.000589555929881 0.0015840253424 0.00301317539273 -0.000341380876013 0.00159221663108 0.0029370985272 0.000859552413293 0.00326051356261 0.00241874167701 0.000442315059075 
0.00304831878568 0.00429667734596 -0.000549553096135 0.00219131559238 0.00471121620813 0.0014259098535 0.000135133359439 0.00118539811141 0.0408607061363 -0.000709080510548 0.00331781335417 -0.000338664213454 0.00175003079683 0.00315796008882 0.00178396216279 -0.000103083133631 0.00313623664576 -0.000452861835378 0.00215012732363 0.000616134172621 0.00124205695286 -0.000818842654713 0.000970644252339 0.000434050164804 0.00104592271098 0.00131524175466 0.001170912571 -0.00211219395456 0.0083552185062 0.0104528172628 
0.00110566724111 -0.000347493955595 0.000517884014774 0.00219800620818 0.00455298874186 0.000401856485274 -0.000349500707763 0.00333231095989 -0.000709080510548 0.0233793880992 0.0057961539803 0.00304928490712 0.00128577854764 0.000867253834275 0.000470716810823 -0.00095048657344 0.00243055768811 0.00178013939969 0.00219247806914 0.00158674850339 0.000191542797811 0.00168495628108 9.546779991e-05 0.000229253167352 0.00169098152862 0.00424050382806 0.00154349446662 0.00484222960697 0.00171464211479 0.00220030403979 
0.00356492809491 -0.00364306873943 0.00112590984028 0.00341341647757 0.000449669958386 0.00140498724355 0.00104497746952 0.000857082719397 0.00331781335417 0.0057961539803 0.050005740931 0.00232391741947 0.00365309664439 0.00233887687765 0.000633371507492 0.00271538101096 0.00223124709922 -0.00048149968809 0.00109683504386 9.116078247e-05 0.000520295847252 0.0015178636339 -0.000540299032931 0.00140999807 0.00103059411384 0.000670621878376 0.000716757097243 0.000787215567914 0.00234966280012 -0.0012952515322 
0.000374166013593 -0.00068252138631 0.00188030883013 0.00119875017656 0.00351915196082 0.00358219587954 -0.000142306700222 0.00114082629194 -0.000338664213454 0.00304928490712 0.00232391741947 0.0314312398521 0.00407702613217 0.00569295221041 0.00138796873328 4.26888286806e-05 0.00176371503955 0.00327935425043 0.00312986501674 0.00333113457827 0.00105042477975 0.00102921570309 1.79959550169e-05 0.00499950361834 0.000651250996741 0.00205805155271 0.00191169171738 -0.000199220845124 0.00157124445938 -0.000104538858617 
0.00181191582162 -0.000568760900683 0.000421698283203 0.00200598049109 0.000901608626617 0.00291888113424 -6.83231297977e-05 0.00452863400917 0.00175003079683 0.00128577854764 0.00365309664439 0.00407702613217 0.0251355199846 0.00230473236957 0.00179715129967 0.000109915350558 0.00180266949492 0.00220137551061 0.00243170071475 0.000602523244992 0.000984302471162 0.00179128695553 0.000246116588026 0.00447507329658 -0.000331927959498 0.000173201839685 0.000560952699816 -0.000157046568367 0.000585570752648 -0.00054423774754 
0.00324681783213 0.00106926783793 0.00308718376819 0.00414704409584 0.0039156725755 0.00888456217088 0.00410144377137 0.000830003725637 0.00315796008882 0.000867253834275 0.00233887687765 0.00569295221041 0.00230473236957 0.0282874326172 0.000942469964142 -0.000616189571964 0.00286577152278 0.00394913371715 0.00196113251008 0.00119841763936 0.00127312561384 0.000543530234471 0.00240917664693 0.00219873848345 0.000236904845267 0.00367968902228 -0.00055534609325 0.00082106217131 0.00494282037937 0.00106785483506 
0.00229750228599 0.000839508425336 0.000992176866963 0.000859573704271 0.000887097010403 0.000902913286022 0.000772331845528 0.000698511960772 0.00178396216279 0.000470716810823 0.000633371507492 0.00138796873328 0.00179715129967 0.000942469964142 0.0158417824157 -0.000504324929764 0.000898897868004 0.000773016595924 0.00151101304573 -0.000405203666436 -0.000729658654042 0.000795249161908 -6.79733706819e-05 -0.00108568889912 -0.000127763762021 0.00111061994079 0.000246227459366 0.00184065458141 0.00148610199756 0.0013683061785 
0.00258657305385 0.00141748128262 0.00607465917933 0.00206935450541 0.000393985308162 0.000121768454234 0.000219700412561 0.00368982337519 -0.000103083133631 -0.00095048657344 0.00271538101096 4.26888286806e-05 0.000109915350558 -0.000616189571965 -0.000504324929764 0.0369620511612 0.0015676024371 0.018402023957 0.00293201282363 0.000301176789426 -0.00113127253285 -0.000253787987665 0.00445370603514 -6.36422745657e-06 0.0041116639318 0.00208173622152 2.59763141199e-05 0.0038523172914 0.00358855001496 0.00224622373081 
0.00264442208266 0.000641713295258 0.00204731531785 0.00135426651241 0.00102804937682 0.00132113664667 0.00193204465445 0.00208771573947 0.00313623664576 0.00243055768811 0.00223124709922 0.00176371503955 0.00180266949492 0.00286577152278 0.000898897868004 0.0015676024371 0.0130954642026 0.000945873887693 0.00251965955678 0.00156017868112 0.0031074398065 0.000733387930598 0.00170556374586 0.00202195881063 0.00197446242059 0.000877796112529 6.45088042425e-05 6.14257699625e-05 0.00291654947051 0.00150726446956 
0.00244870152439 0.0030963315965 0.00147949822405 -0.000441460007448 0.00282979223165 0.00103163330641 0.00124727800042 -0.000330490538034 -0.000452861835378 0.00178013939969 -0.00048149968809 0.00327935425043 0.00220137551061 0.00394913371715 0.000773016595924 0.018402023957 0.000945873887693 0.0828407317162 0.00138419014792 0.00105951052514 0.00132759931023 0.00187739912372 -0.00292738834655 0.0032585852493 0.00274291081801 0.000711787612413 -0.000271023908427 0.00105785463973 0.00528907745052 0.00101404769074 
0.00122151120202 -0.00198339294455 -0.000481355567354 0.00185557617002 -5.82301287412e-06 0.00340918301167 0.0018589853692 0.00152440219678 0.00215012732363 0.00219247806914 0.00109683504386 0.00312986501674 0.00243170071475 0.00196113251008 0.00151101304573 0.00293201282363 0.00251965955678 0.00138419014792 0.0313459247128 0.00196357717562 0.0023254929846 0.000689178008148 0.00139894166344 0.00181014452264 0.000444503706823 0.000215561290465 0.000969732489867 0.000276554107259 0.00343620538047 0.000951185168688 
0.00031024901432 0.000784906843194 -2.47803784362e-06 0.00137529179583 0.000937409354006 0.00190821901982 -0.0014045559289 -0.000452756646104 0.000616134172621 0.00158674850339 9.11607824701e-05 0.00333113457827 0.000602523244992 0.00119841763936 -0.000405203666436 0.000301176789426 0.00156017868112 0.00105951052514 0.00196357717562 0.0551040189229 -7.08142165839e-05 0.00159523398039 0.000113829270915 0.00266315247307 0.00253327988024 0.00293063612745 0.000489425226328 0.00117974005036 0.00117084549666 -0.000350094596883 
0.00193202794065 0.000541143796134 -0.000435504922108 0.000147976775291 -0.000758531254497 -0.000475315596408 -4.0103622699e-05 0.000589555929881 0.00124205695286 0.000191542797811 0.000520295847252 0.00105042477975 0.000984302471162 0.00127312561384 -0.000729658654042 -0.00113127253285 0.0031074398065 0.00132759931023 0.0023254929846 -7.08142165839e-05 0.0327966163839 0.00202693053081 0.00227231240102 0.00112787602645 -0.0011557023837 0.00192981253672 -7.24914875215e-07 -0.00018884772534 0.0012061069029 0.00018918462469 
0.00204648245275 0.000834998861318 0.00406299307712 -0.000474517086207 0.00203968858811 -8.40967002505e-05 0.00259203320024 0.0015840253424 -0.000818842654713 0.00168495628108 0.0015178636339 0.00102921570309 0.00179128695553 0.000543530234471 0.000795249161908 -0.000253787987665 0.000733387930598 0.00187739912372 0.000689178008148 0.00159523398039 0.00202693053081 0.024347304649 0.00143973468536 -0.000231954055467 0.00110301138704 0.0030240578411 0.00098220953218 -0.0021536966687 0.00136496568347 0.00710005141046 
0.00362824340025 -0.00082304195179 0.0023948483687 0.00569104985583 0.00217990864632 0.0027241154008 -0.000321393904452 0.00301317539273 0.000970644252339 9.546779991e-05 -0.000540299032931 1.79959550169e-05 0.000246116588026 0.00240917664693 -6.79733706819e-05 0.00445370603514 0.00170556374586 -0.00292738834655 0.00139894166344 0.000113829270915 0.00227231240102 0.00143973468536 0.0652633995366 -0.00276787366488 0.00163683181483 -0.000391149949492 -0.000936030816482 0.0144942514781 0.000976273783321 -2.63586995689e-05 
0.000457878291673 2.543609952e-05 0.00155268598662 0.00152207739151 0.00206350225203 0.00371370586901 0.000285074276224 -0.000341380876013 0.000434050164804 0.000229253167352 0.00140999807 0.00499950361834 0.00447507329658 0.00219873848345 -0.00108568889912 -6.36422745659e-06 0.00202195881063 0.0032585852493 0.00181014452264 0.00266315247307 0.00112787602645 -0.000231954055467 -0.00276787366488 0.024447114993 6.21977961059e-05 0.00191577781789 0.00187422288412 -0.00292217919895 0.0009109312854 -0.000362498316229 
0.00270817184853 0.00140540264753 -6.84878047325e-05 0.00415514185398 0.00241869328895 -0.000574782947599 0.00239935619856 0.00159221663108 0.00104592271098 0.00169098152862 0.00103059411384 0.000651250996741 -0.000331927959498 0.000236904845267 -0.000127763762021 0.0041116639318 0.00197446242059 0.00274291081801 0.000444503706823 0.00253327988024 -0.0011557023837 0.00110301138704 0.00163683181483 6.21977961059e-05 0.0137338744707 0.00154582491593 0.00118341361541 0.00361496469958 0.000781868478252 0.000656349429795 
-0.00129371972394 0.00269241926914 0.00323171309253 0.00264740608742 0.00815328050066 0.00446328521972 0.00225960381377 0.0029370985272 0.00131524175466 0.00424050382806 0.000670621878376 0.00205805155271 0.000173201839685 0.00367968902228 0.00111061994079 0.00208173622152 0.000877796112529 0.000711787612413 0.000215561290465 0.00293063612745 0.00192981253672 0.0030240578411 -0.000391149949492 0.00191577781789 0.00154582491593 0.0271283257916 0.00173201956279 0.00434163577124 0.00058476910679 0.00564507783243 
0.00121067528355 -0.00104316953769 0.000962588221275 0.00133445224384 0.000972645947968 0.00095577463593 0.00057893839281 0.000859552413293 0.001170912571 0.00154349446662 0.000716757097243 0.00191169171738 0.000560952699816 -0.00055534609325 0.000246227459366 2.59763141199e-05 6.45088042425e-05 -0.000271023908427 0.000969732489867 0.000489425226328 -7.24914875236e-07 0.00098220953218 -0.000936030816482 0.00187422288412 0.00118341361541 0.00173201956279 0.0216040455385 0.00046446249107 0.00147862121854 0.000442038022877 
0.00204919809524 -0.00135880225986 -0.000307644769542 0.00162897182269 0.00399217916494 0.0010700789983 0.000607820508552 0.00326051356261 -0.00211219395456 0.00484222960697 0.000787215567914 -0.000199220845124 -0.000157046568367 0.00082106217131 0.00184065458141 0.0038523172914 6.14257699625e-05 0.00105785463973 0.000276554107259 0.00117974005036 -0.00018884772534 -0.0021536966687 0.0144942514781 -0.00292217919895 0.00361496469958 0.00434163577124 0.00046446249107 0.0372508453078 0.0013928642421 -0.000294605084876 
0.001450413779 0.00375207437172 0.000767825422651 0.00429145517342 0.00211653412574 0.0040161191739 0.00248595142486 0.00241874167701 0.0083552185062 0.00171464211479 0.00234966280012 0.00157124445938 0.000585570752648 0.00494282037937 0.00148610199756 0.00358855001496 0.00291654947051 0.00528907745052 0.00343620538047 0.00117084549666 0.0012061069029 0.00136496568347 0.000976273783321 0.0009109312854 0.000781868478252 0.00058476910679 0.00147862121854 0.0013928642421 0.0239782417644 0.00379457472159 
-0.00355412291469 0.00413994811341 0.000533634334686 0.00118031299033 0.00157620277553 4.43181932732e-05 0.000615211461394 0.000442315059075 0.0104528172628 0.00220030403979 -0.0012952515322 -0.000104538858617 -0.000544237747539 0.00106785483506 0.0013683061785 0.00224622373081 0.00150726446956 0.00101404769074 0.000951185168688 -0.000350094596883 0.00018918462469 0.00710005141046 -2.63586995689e-05 -0.000362498316229 0.000656349429795 0.00564507783243 0.000442038022877 -0.000294605084876 0.00379457472159 0.0382370162682 

['APCC', 'EFX', 'XRX', 'PCL', 'CVH', 'LOW', 'GD', 'RAI', 'HSP', 'BLL', 'R', 'KSS', 'VFC', 'BBBY', 'IBM', 'CEG', 'CINF', 'ADCT', 'RSH', 'NOVL', 'AGN', 'EDS', 'VLO', 'DG', 'AEE', 'AET', 'CLX', 'DVN', 'GDW', 'CMX']