50
0.0166595463284 0.0810581507116 0.0300827450696 0.18030920859 0.0493934577213 0.0524263551757 0.105790500039 0.080702843163 0.0594362545722 0.0499403633474 0.0345230729479 0.0350054865441 0.28152338764 0.0623269012124 0.0716337087719 0.0321720089654 0.105790735219 0.0495038718221 0.0625194128962 0.0905877796438 0.0123351660469 0.036872425502 -0.00139328324831 0.082081594572 0.0247676168055 0.0370780174455 0.158066549078 0.13534553156 0.087070388143 0.0762578269544 0.0205855922537 0.103848753038 0.0637259516476 0.033790820858 0.0335790413719 0.0451759103614 0.0800542827641 0.022775665512 0.122670110856 0.124759587163 0.0870955077299 0.0413299620627 0.0373342989671 0.0697795953642 0.0169596300077 0.112278324126 0.0593939882808 -0.00953493093171 0.072987431854 0.0534982218633 
0.191689901246 0.0213709433516 0.0196315574935 0.00834055127416 0.0115618795364 0.00125779314721 0.0255629757898 0.0255276588316 0.0137071649883 0.04009831048 0.00854889682654 0.0110034603357 -0.0162448504198 0.0217169640392 0.0120982688199 0.0260783080946 0.0397195296818 -0.00394978140883 0.038559160547 0.0145265740236 0.0162991984968 0.0215076970247 0.0370451552835 0.0117777702099 0.0196676818578 0.000902322457278 -0.00357602310386 0.0389265562255 0.0438416478139 0.049486535886 0.00790217103298 0.0141552166134 0.00613249295072 0.00511616719292 0.00102233708901 0.0108881443079 0.0118483287605 0.0187053913354 0.00138226516536 0.0132457026173 0.0404466625492 0.0192931704896 0.0258281476555 0.0304067179475 0.025894971676 0.0263794634104 0.00600683247133 0.00868892582556 -0.00618614598183 0.0164572219643 
0.0213709433516 0.200648847058 0.0171844946616 0.0346916212802 0.0328161520133 0.0211834340825 0.0170571258436 0.0240482861214 0.0391444965533 0.0412701230242 -0.00743756582344 0.0277892639695 -0.0034104313188 0.010688336093 0.00512138059422 0.0176469629308 0.0404872040997 0.0101923391555 0.0365184156795 0.0585808265801 0.00306121512343 0.0208773755773 0.00890442825294 0.0608565214711 0.0175995076568 0.015004415264 -0.0170245708627 0.013452341787 -0.00278763683695 0.0273402088793 0.0152678804589 0.0104658498863 0.0129205019326 0.023963919463 0.0333413959913 0.0012367036704 0.0089729575575 0.0256465030136 -0.00224768057915 0.000729181311329 -0.00561778309608 0.0188972639497 0.0283772784366 0.0056334652507 0.0299881333115 -0.000254288713396 0.0115480843399 0.00500521064965 -0.00419320754511 0.0167942305181 
0.0196315574935 0.0171844946616 0.150686374884 0.0140149746175 0.0210873485052 0.00793330384296 0.00598012935844 -0.014841105921 0.0136346623769 0.0133787239507 0.0191666598342 0.0109195857016 0.0162199720713 0.00441883452317 0.00422478749198 6.72238089728e-05 0.000829748397212 0.000183833740754 0.0190927046916 0.0312895271719 0.0131033984035 0.00208590840479 -0.00218766496499 0.0309777901083 0.0090967462275 0.00406992683227 0.0130691662592 0.00310435299213 0.0229820202247 0.00405728844446 0.00653511091799 -0.0103723190224 0.0051371502777 0.00602033055922 0.00174155557884 -0.0112147013369 0.00353269474223 0.0134919549945 0.00861319558184 -0.0130001704047 -0.00919322756349 -0.00188017581725 0.00785801052652 0.00574074259901 0.0163532931204 -0.000391516974967 0.00871540793755 0.000889744809162 -0.01856575059 0.00885504473133 
0.00834055127416 0.0346916212802 0.0140149746175 0.954647609814 0.0203050108986 -9.85556938848e-05 -0.0156339608179 0.0368995123214 -0.000606766913947 0.0258831729802 -0.00169297380678 0.00645180513817 -0.0292863096581 0.00755402739285 0.0146610026211 0.0112388074968 -0.000332873606412 -0.00162998789994 0.0218739040601 0.0272107167252 0.00771181613426 0.00239817048854 0.0158070579363 0.0283214175254 0.0215223427035 0.0252284650323 -0.0120053011919 0.0165029912938 0.0219114788679 -0.0152988122988 0.00982549944587 0.00872388184907 0.0099525011758 0.00893705906292 0.00263142904214 0.0691529681682 0.029164926085 0.0107009954491 -0.004004069135 0.0203867008957 0.0251630521441 0.00431468930701 0.040858504007 0.208250438273 0.0465860536627 0.0382843210466 -0.00150699031704 0.00157102233445 0.0160865448718 0.00939758032131 
0.0115618795364 0.0328161520133 0.0210873485052 0.0203050108986 0.151716005171 -0.00257421472261 0.0132427219741 0.0011348903214 0.00883581281173 0.0245913572204 0.00455380317826 0.00855471268461 0.0256162184252 0.0394422344823 0.0159600436937 0.00917236711626 0.0347442639111 0.00927280249014 0.0364944458631 0.0288274987217 0.00807140277883 0.0175249047201 -0.00511765041285 0.0384909937532 0.0236985945283 0.0118938058889 0.00195071929159 0.0226531783646 0.0139962761209 0.0149891448465 0.00951642566413 0.0066758673133 0.00559077571006 0.00763402182342 0.0155378846228 -0.00405738600767 0.0186159762472 0.016790651942 0.00288515428854 -0.00862723080166 0.0176714863798 0.010209140763 0.00467296141695 0.00995432438049 0.0081246700698 0.02819087944 0.0103204689545 0.0237704297011 -0.000820246744979 0.02527904951 
0.00125779314721 0.0211834340825 0.00793330384296 -9.85556938846e-05 -0.00257421472261 0.304974130386 -0.000798070487395 0.0305441787571 0.00884985999322 0.000668508738578 0.00241389210212 0.0268392725279 -0.00452247684762 0.0156857230956 0.0152729290274 0.016168611751 -0.000165440092801 0.044677496643 0.00705222154175 0.0156048507082 0.00563263935982 -0.00849839881321 0.0178759502125 0.0229168156385 -0.00263556736228 -0.00496182013042 0.00607312057924 0.0231511266873 0.0370262601925 -0.0137141133254 0.00836687438159 0.011236240087 0.0144026290288 0.0062538333878 0.0216444468596 0.0135147068903 0.0391270566176 0.0229713821579 0.000720521097989 0.0287104525198 0.00903535572262 -0.00257864223953 -0.00317214066852 0.0144026113516 0.0190842278107 0.0296633922834 0.000984917882192 -0.0116704134183 0.0198511200106 -0.00262794786883 
0.0255629757898 0.0170571258436 0.00598012935844 -0.0156339608179 0.0132427219741 -0.000798070487395 0.545529791177 0.00498399881338 0.0096343631423 0.0218103703864 0.0131277502993 0.00812737637932 -0.00933561388181 0.0153016999957 -0.011628412861 0.0247259883153 0.0126714081499 0.00431204657294 -0.00118917534592 0.0034239317507 0.0170239200136 0.0133316333629 0.00689445872431 -0.0097290937256 0.0271954940015 0.0197632466121 -0.0010159134974 0.00923259398181 0.0101899810773 0.0158279445752 -0.00590184355767 -0.00189446133971 -0.00222275370962 0.00484595364486 0.0140787959847 0.000990087872729 0.035052377433 0.0363607158833 -0.00912828406386 0.0153048775246 0.0471502460307 0.00842606673867 -0.00125216974418 0.0179559699374 0.017227081759 0.00376139472933 -0.00491918923581 0.0438835143063 -0.0175187362925 0.0290636497087 
0.0255276588316 0.0240482861214 -0.014841105921 0.0368995123214 0.0011348903214 0.0305441787571 0.00498399881338 0.402917118043 0.0109317368307 0.0442137074288 0.0247784399695 0.0137119409901 -0.023159507019 0.0104406489135 -0.00456821135909 -0.00362724158749 0.0092096367918 0.00642544817399 -0.017011979364 0.0351449579334 0.000406460248087 -0.0205876576994 -0.000342855578101 0.0512530088232 0.00535101056918 -0.0155340891568 -0.0100717180134 0.0500468607895 0.0230030865858 0.173582426678 -0.00651729084297 0.0183702168488 0.011535046861 0.016640885507 -0.0172534702895 0.0120046046457 0.0122637840326 0.0343079516636 -0.0138530275011 0.0607497776119 0.0810114851926 0.00549857493871 0.0169674904708 0.0351357639664 0.0373284999011 0.0139104168029 0.00087087821087 -0.00665238083227 0.00264937885958 -0.0129857541073 
0.0137071649884 0.0391444965533 0.0136346623769 -0.000606766913947 0.00883581281173 0.00884985999322 0.0096343631423 0.0109317368307 0.27026212848 0.0374839747679 0.0106525611553 0.0160595874189 -0.0279534446737 0.0295231982734 -0.000386756198628 0.021891381566 0.0196999204782 0.04530857369 0.0349281816606 0.0371336465762 0.0198366567998 0.0216814464703 0.017276439703 0.0622408972647 -0.000716922252853 0.0341616505031 0.00833498657208 0.0281503705688 0.0125379421143 0.0155907207269 0.00639725120693 0.0137610601263 0.0191075164361 0.0117913149389 0.0246875495545 0.0320437927014 0.0465686016201 0.0272643636365 0.0010492530612 0.00849180016918 0.0181052049967 -0.00292830433842 0.0256730121987 0.0084519116398 0.035273110255 0.00790345350759 0.00487090694836 0.0256385262217 0.0109998225251 0.0270097952927 
0.04009831048 0.0412701230242 0.0133787239507 0.0258831729802 0.0245913572204 0.000668508738578 0.0218103703864 0.0442137074288 0.0374839747679 0.261580665408 0.0072271893619 0.00509526964492 0.00602750154697 0.0279258894839 0.00659299910911 0.0160610632366 0.00937180087777 0.00451360594419 0.0333873431766 0.0361773931008 0.00234558546829 0.0238320798349 0.0325695413338 0.0101166160083 0.0100699132522 0.01198319852 -0.00609840285377 0.0308913356529 0.00638353285347 0.0599424571318 0.00764470431139 -0.0046250219516 0.0389580687351 0.00783535327234 0.0201142180892 0.0138331204331 -0.00487866331687 0.0061873132778 -0.00120454798769 0.0186421841636 0.0335246783002 0.009156493548 0.0570820279267 0.0341293839108 0.0462866624034 0.00353060519396 0.0292324335711 0.000230701856948 -0.00557712100013 0.0161220130476 
0.00854889682654 -0.00743756582344 0.0191666598342 -0.00169297380678 0.00455380317826 0.00241389210212 0.0131277502993 0.0247784399695 0.0106525611553 0.0072271893619 0.194480400025 0.0137713873559 0.000889053557542 0.00977203051646 0.00199427044963 0.0143404297226 0.0173761263495 -0.00126509076834 -0.00531298960293 0.00587630722405 0.0253268067401 0.0115709456287 0.0119436524714 0.021154403716 0.00936703600101 0.0256716258949 -0.00170785841931 0.0251915529651 0.00398872489436 0.0343605526102 0.00483743794327 0.0117733799549 0.00433360715079 0.0280307809542 0.00647218054039 0.0329848433908 0.0117864071917 0.0392448240441 0.0207203159771 0.0161482028176 0.02935822862 0.0169431918954 0.0062011818838 0.0030374598651 0.0158576069373 0.0146189668765 0.0122835059652 0.0224952915901 0.0152888585321 0.0160094379798 
0.0110034603357 0.0277892639695 0.0109195857016 0.00645180513817 0.00855471268461 0.0268392725279 0.00812737637932 0.0137119409901 0.0160595874189 0.00509526964492 0.0137713873558 0.134680998009 -0.0119810512544 0.00979790982812 0.0067168897546 0.00979965520908 0.0231639684241 0.0121992950649 0.028975192564 0.035022245918 0.0148624303237 0.0198538744167 0.0145552910414 0.0243484499431 0.000293972435861 0.0203664377219 -0.00423193717695 0.022684817171 0.00641605302421 0.017172653903 -0.00239238256862 -0.00439940183803 0.0116811253238 0.0230272652661 -0.0077439785405 0.0104131718199 0.00273897304561 0.0231857542724 -0.00418471131167 0.0148307208231 0.018027523153 0.0125953057137 0.00939908068711 -0.000313305310772 0.0202891470899 0.00550409810709 0.023817019407 0.00324527040727 0.00238380798748 0.015252867144 
-0.0162448504198 -0.0034104313188 0.0162199720713 -0.0292863096581 0.0256162184252 -0.00452247684762 -0.00933561388181 -0.023159507019 -0.0279534446737 0.00602750154697 0.000889053557543 -0.0119810512544 1.93625116616 -0.0216362003588 -0.00984050181257 0.0124786006797 -0.0305928402716 -0.00611430782154 -0.00518492505729 -0.0339598371747 -0.0246149312066 -0.00736456787852 -0.0105811849412 -0.00626169623156 0.00390768508596 -0.00675579009649 0.00780280888441 -0.0154794170245 -0.0125226072471 -0.00212105919284 -0.0177978072692 -0.038775804357 0.00268031689715 0.0160391019546 -0.00357325701618 -0.0120238210374 0.00484611168168 -0.022817576521 -0.0113619448267 -0.0178675124912 -0.0243272075512 -0.00593174812851 0.00331165303109 0.00325594667341 0.0112181230317 -0.0100345633243 -0.0158980621863 0.00753961838492 0.00737804987014 -0.0170447880577 
0.0217169640392 0.010688336093 0.00441883452317 0.00755402739285 0.0394422344823 0.0156857230956 0.0153016999957 0.0104406489135 0.0295231982734 0.0279258894839 0.00977203051646 0.00979790982812 -0.0216362003588 0.246253341665 0.0163566617985 0.0126243878936 0.0137176362251 0.015113645722 0.0549835686747 0.00680761923617 0.0180029119648 0.0346511209031 0.015062943316 0.012942545624 0.0293608533089 0.0381778747087 0.0123932289183 0.0308773128338 -0.00276298740023 0.0377395828382 0.00230993533992 0.021198165588 0.0278842769795 0.0155040777801 0.0384345865753 0.033978658211 0.0377155754931 0.042945564519 0.0181898941767 0.0196880961669 0.0180345773129 0.0323107433069 -0.000217220281933 0.0328273504041 0.0281161217412 0.0177285548826 0.00651204704658 0.0226321158243 -0.0113535275563 0.0330365891197 
0.0120982688199 0.00512138059422 0.00422478749198 0.0146610026211 0.0159600436937 0.0152729290274 -0.011628412861 -0.00456821135909 -0.000386756198629 0.00659299910911 0.00199427044963 0.0067168897546 -0.00984050181257 0.0163566617985 0.18008971059 0.00969008820115 0.00941842247554 0.0146927209349 0.00613456820033 0.0218654119375 0.006367452873 0.00896487735713 0.0174098631658 -0.00535384487224 0.014091824918 0.0190841932926 0.00888245139752 0.0291123977911 0.000474610878496 -0.00607026720493 -0.000681069104762 0.0194160934452 0.0144503241211 4.84634081171e-05 -0.00367137184181 0.0295668154736 -0.000308941224388 0.0190651605066 -0.000713698143197 -0.0016790033876 0.0126894272657 0.013484019746 0.0155305916608 0.0157809052124 0.0167999375568 0.00990524956774 0.00125379856167 0.0113330184449 -0.00586400660535 0.0284227901692 
0.0260783080946 0.0176469629308 6.72238089744e-05 0.0112388074968 0.00917236711626 0.016168611751 0.0247259883153 -0.00362724158749 0.021891381566 0.0160610632366 0.0143404297226 0.00979965520908 0.0124786006797 0.0126243878936 0.00969008820115 0.142229278609 0.0213850358031 0.0326124368556 0.0308435349739 0.026629979804 0.00115239391646 0.00358217257081 0.0290888723831 0.0190116379358 0.0281251179113 0.00288795217457 -0.000922818168021 0.0244388086323 0.0218958643415 0.0124499698046 0.00225942186505 0.00983230706342 0.00237549639471 0.0258524198607 0.00864419100229 0.029804713524 0.0125440254932 0.0303302072841 0.00260611532837 0.00837250254944 0.00515562379588 0.0379235791886 -0.00374018608337 0.0169875202593 0.0176280974578 0.0260524091029 0.0193989475061 0.00967813172621 0.0126682226193 0.0203231226657 
0.0397195296818 0.0404872040997 0.000829748397212 -0.000332873606412 0.0347442639111 -0.000165440092801 0.0126714081499 0.0092096367918 0.0196999204782 0.00937180087777 0.0173761263495 0.0231639684241 -0.0305928402716 0.0137176362251 0.00941842247554 0.0213850358031 0.341349676235 0.0335980409984 0.0399995512349 0.0371451437175 0.000756945816552 0.00599610249389 0.0217745294702 0.0346470781653 0.0103269904541 0.00500279682707 -0.00926123089777 0.0311602285782 0.0621619690592 0.0209768755806 -0.00659492314503 0.00472140520929 -0.00430338064527 0.01631212501 -0.0125669239133 -0.0442723835313 0.0317742420745 0.0276033885581 -0.00325357822951 0.00311742536197 0.0433366614354 -0.0104192923856 0.0167084843113 0.038696858971 0.00316048020475 0.0236944221042 -0.0031920207335 0.00881798397086 5.61401599219e-05 0.0244951074863 
-0.00394978140883 0.0101923391555 0.000183833740755 -0.00162998789994 0.00927280249014 0.044677496643 0.00431204657294 0.00642544817399 0.04530857369 0.00451360594419 -0.00126509076834 0.0121992950649 -0.00611430782154 0.015113645722 0.0146927209349 0.0326124368556 0.0335980409984 0.317899620096 0.0187158270673 0.0269548614312 0.00760075583491 0.0222921619858 0.0109045287224 0.020338814371 -0.00755890531818 -0.00462383046444 0.0136968116525 0.00747606436441 -0.0155791137582 0.00472983053568 -0.00936603541242 0.0179344074199 0.00415861039012 0.0155066790511 -0.0154690558761 0.0324796994606 0.018732947214 0.0211229562833 -0.0112485211256 0.0318534017869 -0.0095312549723 0.0063749260541 0.00201373030612 0.0331904541495 0.0224974731572 0.024456467929 -0.0037923042855 0.00853268257462 0.0111275450459 0.00521722823953 
0.038559160547 0.0365184156795 0.0190927046916 0.0218739040601 0.0364944458631 0.00705222154175 -0.00118917534592 -0.017011979364 0.0349281816606 0.0333873431766 -0.00531298960293 0.028975192564 -0.00518492505729 0.0549835686747 0.00613456820033 0.0308435349739 0.0399995512349 0.0187158270673 0.327892910657 0.0301024486452 0.00982197915739 0.0347177589126 0.00367711836576 0.0347551845012 0.0273041782863 0.0123514992064 0.00296242252439 0.0260518362226 0.00933048641624 0.0256081361032 0.00633453784755 0.000604308085555 0.021360531435 0.00891528454701 0.0150291771545 0.0206020991738 0.00683066301424 0.0508993222268 0.038585325425 0.0279014335392 -0.0231413979133 0.0329285437037 0.0370238886037 -0.0127131825401 0.049768772407 0.0375307346602 0.0214213324437 0.015297081428 -0.0147436342705 0.030873604568 
0.0145265740236 0.0585808265801 0.0312895271719 0.0272107167252 0.0288274987217 0.0156048507082 0.0034239317507 0.0351449579334 0.0371336465762 0.0361773931008 0.00587630722405 0.035022245918 -0.0339598371747 0.00680761923617 0.0218654119375 0.026629979804 0.0371451437175 0.0269548614312 0.0301024486452 0.434285957094 -0.00414174094 -0.00611620128755 0.0329639993839 0.0507551431467 0.011728630229 0.00771706325485 -0.0261157535971 0.0189726746491 0.0039410307522 0.0256863106249 0.0118432908962 0.00657978771625 0.0242099329658 0.0152836118013 0.00650406739467 0.0295189795545 0.034160082734 0.00503782452971 -0.000795467771835 0.0156753109279 0.0115285334799 0.0244993616126 0.00631531390872 0.00296416928175 0.0011449227755 -0.000165257686168 0.0366882118844 0.01590089945 0.029377544015 0.00967474453402 
0.0162991984968 0.00306121512343 0.0131033984035 0.00771181613426 0.00807140277883 0.00563263935982 0.0170239200136 0.000406460248087 0.0198366567998 0.00234558546829 0.0253268067401 0.0148624303237 -0.0246149312066 0.0180029119648 0.006367452873 0.00115239391646 0.000756945816552 0.00760075583491 0.00982197915739 -0.00414174094 0.217561786419 0.00927044112432 -0.00747486515617 0.0148816102212 0.0119688834251 0.0061130314789 0.0033388332018 -0.000607595157467 0.0431649089895 0.0210742574148 0.00632856556311 0.0128262562535 0.0252772973681 -0.0037857707111 0.0182593248563 -0.00724741276305 0.039974524973 0.0186301706847 0.0102840109963 -0.0074483891779 -0.00670939644844 -0.00404333195463 0.00186566949358 0.00254384165877 0.00860005245963 0.000645423514278 0.0103872674238 0.027175576375 0.0292952119658 0.0225344049443 
0.0215076970247 0.0208773755773 0.0020859084048 0.00239817048854 0.0175249047201 -0.00849839881321 0.0133316333629 -0.0205876576994 0.0216814464703 0.0238320798349 0.0115709456287 0.0198538744167 -0.00736456787852 0.0346511209031 0.00896487735713 0.00358217257081 0.00599610249389 0.0222921619858 0.0347177589126 -0.00611620128755 0.00927044112432 0.167086532176 0.000972487453115 0.0294264697684 0.0246183996404 0.0447053107744 0.0150648629168 0.035725123587 0.0206518976205 -0.00201073498939 -0.00784626092199 0.00832590175669 0.00973284263884 0.00181164844545 -0.0153001936935 0.0154436198793 -0.000847725789187 0.0134146725087 -0.000663057471784 0.0219540735684 0.00383717396622 0.00748931796921 0.0234132481432 -0.00152485929442 0.0183117148649 0.00465706103845 0.00524177702285 0.0047854497451 -0.00202073651289 0.0228752979922 
0.0370451552835 0.00890442825294 -0.002187664965 0.0158070579363 -0.00511765041285 0.0178759502125 0.00689445872431 -0.000342855578101 0.017276439703 0.0325695413338 0.0119436524714 0.0145552910414 -0.0105811849412 0.015062943316 0.0174098631658 0.0290888723831 0.0217745294702 0.0109045287224 0.00367711836576 0.0329639993839 -0.00747486515617 0.000972487453115 0.357890237014 0.0105014982031 0.0178180136158 0.0159931607728 -0.023896332869 0.00566202129532 0.0132321513961 0.0119146631773 0.0233384848057 -0.00673915404325 0.00851029162482 0.0210109504293 0.0307674089318 0.0345333824996 0.0157321025249 0.00900502354523 -0.0094194665366 -0.00246374481054 0.0253715743271 0.0103420034427 -0.0104650581679 0.0276442384439 0.00708522897084 0.0172597969304 0.0163975058169 0.0448559966744 -0.00349688340533 0.0175177911274 
0.0117777702099 0.0608565214711 0.0309777901083 0.0283214175254 0.0384909937532 0.0229168156385 -0.0097290937256 0.0512530088232 0.0622408972647 0.0101166160083 0.021154403716 0.0243484499431 -0.00626169623156 0.012942545624 -0.00535384487225 0.0190116379358 0.0346470781653 0.020338814371 0.0347551845012 0.0507551431467 0.0148816102212 0.0294264697684 0.0105014982031 0.25308952152 0.00655010060245 0.0271840690085 0.00112568838292 0.0173616577307 0.0538720982216 0.0398175767023 0.00913257407153 0.0147079887268 0.0184116099721 0.00971325761645 0.0141559476046 0.0133777878919 0.0157143473727 0.0437744049579 -0.0156277703365 0.0272525255957 0.0256174115011 0.00871842943059 0.0192242867547 0.0170226138192 0.0161918046984 0.0128419618819 0.0246518701862 0.0240212066522 0.00823261351803 0.0158250363089 
0.0196676818578 0.0175995076568 0.0090967462275 0.0215223427035 0.0236985945283 -0.00263556736228 0.0271954940015 0.00535101056918 -0.000716922252853 0.0100699132522 0.00936703600101 0.000293972435861 0.00390768508596 0.0293608533089 0.014091824918 0.0281251179113 0.0103269904541 -0.00755890531818 0.0273041782863 0.011728630229 0.0119688834251 0.0246183996404 0.0178180136158 0.00655010060245 0.113787490861 0.0227121357351 0.024094323251 0.0257198056248 0.0140703866086 0.0144949788878 -0.00490235108278 -0.000334405721467 0.00623432196722 0.0076898438491 7.38942743476e-05 0.0140773024239 -0.00216621707204 0.0165688404326 0.00333722313591 0.026930404347 0.0103846774932 0.0144877676002 0.00420555634599 -0.00208593740594 0.0073630294003 0.0197273744704 0.0138543720163 0.0163917562017 0.0169921029156 0.0232725012194 
0.000902322457277 0.015004415264 0.00406992683227 0.0252284650323 0.0118938058889 -0.00496182013042 0.0197632466121 -0.0155340891568 0.0341616505031 0.01198319852 0.0256716258949 0.0203664377219 -0.00675579009649 0.0381778747087 0.0190841932926 0.00288795217457 0.00500279682707 -0.00462383046444 0.0123514992064 0.00771706325485 0.00611303147891 0.0447053107744 0.0159931607728 0.0271840690085 0.0227121357351 0.18826524932 -0.0151376118893 0.0268196222165 0.00759573724241 0.0163563722813 0.0203349105642 0.0012993707993 0.00404015123885 0.00298692265435 0.0132051596798 0.0100338784819 0.00704781237627 0.0219688275672 0.00832794223055 0.0474952561797 0.0253119220228 0.00127683445436 0.00639755282434 0.0124910931565 0.0226956886907 0.00148715221633 0.0233986408437 0.00954665647724 -0.00423641324014 0.0324754642774 
-0.00357602310386 -0.0170245708627 0.0130691662592 -0.0120053011919 0.00195071929159 0.00607312057924 -0.0010159134974 -0.0100717180134 0.00833498657208 -0.00609840285377 -0.00170785841931 -0.00423193717695 0.00780280888441 0.0123932289183 0.00888245139752 -0.000922818168022 -0.00926123089777 0.0136968116525 0.00296242252439 -0.0261157535971 0.00333883320179 0.0150648629168 -0.023896332869 0.00112568838292 0.024094323251 -0.0151376118893 0.688267036128 0.000420796347999 -0.0232208991851 -0.0254522085124 0.0120692076986 0.0108887983507 0.000262821850309 0.0128095021651 -0.00167929963657 0.0032962680234 0.00111437089208 -0.0065910165145 0.0141532394711 0.0275063243255 -0.003363142038 0.0126448311448 -0.0202259038922 0.00453800988956 -0.00514630945222 0.000498634054875 0.00190034908457 0.00174539445818 -0.0272416662054 0.000753844633424 
0.0389265562255 0.013452341787 0.00310435299213 0.0165029912938 0.0226531783646 0.0231511266873 0.00923259398181 0.0500468607895 0.0281503705688 0.0308913356529 0.0251915529651 0.022684817171 -0.0154794170245 0.0308773128338 0.0291123977911 0.0244388086323 0.0311602285782 0.00747606436441 0.0260518362226 0.0189726746491 -0.000607595157468 0.035725123587 0.00566202129532 0.0173616577307 0.0257198056248 0.0268196222165 0.000420796347999 0.219248888631 0.0205988740874 0.0277602745443 -0.00161719566045 -0.00144041806963 0.00820797093346 0.0257409850271 0.0212667602702 0.0134636575164 0.0101040901544 0.00793876967934 0.0123821145849 0.0427287362606 0.00865284211382 0.0205579960565 0.0317591269383 -0.000909306713061 0.0343074103408 0.0419307737428 0.0141392397734 -0.00311074216105 0.000957705001847 0.0535048194257 
0.0438416478139 -0.00278763683695 0.0229820202247 0.0219114788679 0.0139962761209 0.0370262601925 0.0101899810773 0.0230030865858 0.0125379421143 0.00638353285347 0.00398872489436 0.00641605302421 -0.0125226072471 -0.00276298740023 0.000474610878496 0.0218958643415 0.0621619690592 -0.0155791137582 0.00933048641624 0.0039410307522 0.0431649089895 0.0206518976205 0.0132321513961 0.0538720982216 0.0140703866086 0.00759573724241 -0.0232208991851 0.0205988740874 0.612067089224 -0.0165323984267 0.0128518415416 0.0239725642495 0.024082450452 0.00237671154434 0.023808079331 -0.00294462664385 0.03833495207 0.0429378599227 0.0353780988016 0.0205825906184 0.00495121906376 0.017773855402 0.0199753185363 -0.0137760628513 0.0158137550621 0.0237515727267 0.0127217007586 0.00422127893245 0.0492237360515 0.00573473339507 
0.049486535886 0.0273402088793 0.00405728844446 -0.0152988122988 0.0149891448465 -0.0137141133254 0.0158279445752 0.173582426678 0.015590720727 0.0599424571318 0.0343605526102 0.017172653903 -0.00212105919284 0.0377395828382 -0.00607026720493 0.0124499698046 0.0209768755806 0.00472983053568 0.0256081361032 0.0256863106249 0.0210742574148 -0.00201073498939 0.0119146631773 0.0398175767023 0.0144949788878 0.0163563722813 -0.0254522085124 0.0277602745443 -0.0165323984267 0.452554161912 0.00312669534767 0.00436991861793 0.0223040183362 0.0222642110152 -0.0110210349045 0.00902526546049 0.00967203559847 0.0197726038522 0.0384348873827 0.000285829023223 0.0764976454551 -0.0210701836697 0.036308981291 0.0461073206024 0.0706457466741 -0.0174906220494 0.00547953106491 -0.00286486404367 0.0165732825256 0.0280004866631 
0.00790217103298 0.0152678804589 0.00653511091799 0.00982549944587 0.00951642566413 0.00836687438159 -0.00590184355767 -0.00651729084297 0.00639725120693 0.00764470431139 0.00483743794327 -0.00239238256862 -0.0177978072692 0.00230993533992 -0.000681069104764 0.00225942186505 -0.00659492314503 -0.00936603541242 0.00633453784755 0.0118432908962 0.00632856556311 -0.00784626092199 0.0233384848057 0.00913257407153 -0.00490235108278 0.0203349105642 0.0120692076986 -0.00161719566045 0.0128518415416 0.00312669534767 0.156466861472 -0.00435522999446 0.0307778799614 0.0225295493978 0.00146316509715 -0.00495860363912 -0.0130711471637 -0.00212469076387 0.00452311774681 -0.00513836656145 -0.00578556232852 0.0517673085229 0.0104527061187 0.0237475150407 0.0263622326222 0.0106952454798 0.021301967743 0.0103120403001 -0.00658877448487 0.0125604516591 
0.0141552166134 0.0104658498863 -0.0103723190224 0.00872388184907 0.0066758673133 0.011236240087 -0.00189446133971 0.0183702168488 0.0137610601263 -0.0046250219516 0.0117733799549 -0.00439940183803 -0.038775804357 0.021198165588 0.0194160934452 0.00983230706342 0.00472140520929 0.0179344074199 0.000604308085555 0.00657978771625 0.0128262562535 0.00832590175669 -0.00673915404325 0.0147079887268 -0.000334405721467 0.0012993707993 0.0108887983507 -0.00144041806963 0.0239725642495 0.00436991861793 -0.00435522999446 0.35467858476 0.0040947390469 0.0151590310027 0.024772342013 0.0270354355622 0.0282098751883 0.00875596936636 0.00121126742032 0.0185202839479 0.037077731874 -0.00723820037475 0.0108636964275 0.0183642296704 0.00501682530963 0.00759491630624 -0.0104995259866 0.034167022688 0.0280458794125 0.0194449069737 
0.00613249295072 0.0129205019326 0.0051371502777 0.0099525011758 0.00559077571006 0.0144026290288 -0.00222275370962 0.011535046861 0.0191075164361 0.0389580687351 0.00433360715079 0.0116811253238 0.00268031689715 0.0278842769795 0.0144503241211 0.00237549639471 -0.00430338064527 0.00415861039012 0.021360531435 0.0242099329658 0.0252772973681 0.00973284263884 0.00851029162482 0.0184116099721 0.00623432196722 0.00404015123885 0.000262821850309 0.00820797093346 0.024082450452 0.0223040183362 0.0307778799614 0.0040947390469 0.197975135371 0.00286799982692 0.0222683315963 0.022984781084 0.0234954333034 0.00824883790868 -0.00769515990607 0.00889351681329 0.00108697091935 0.0209015043321 0.0165941493429 0.00826489975224 0.00681877640062 0.0103578014544 0.0206757940724 0.009682851374 0.010122959737 0.0197276459526 
0.00511616719292 0.023963919463 0.00602033055922 0.00893705906292 0.00763402182342 0.0062538333878 0.00484595364486 0.016640885507 0.0117913149389 0.00783535327234 0.0280307809542 0.0230272652661 0.0160391019546 0.0155040777801 4.8463408116e-05 0.0258524198607 0.01631212501 0.0155066790511 0.00891528454701 0.0152836118013 -0.0037857707111 0.00181164844545 0.0210109504293 0.00971325761645 0.0076898438491 0.00298692265435 0.0128095021651 0.0257409850271 0.00237671154434 0.0222642110152 0.0225295493978 0.0151590310027 0.00286799982692 0.185361947332 0.0055905816093 0.0128467657301 -0.00281471990371 0.0154655594987 0.0129876920791 0.00446711810492 0.00348118217354 0.0115485370768 -0.000446065053985 0.0116097540848 0.00949524827338 0.000235904187539 0.0196270900863 0.00425517561142 -0.00354564896088 0.0123837418513 
0.00102233708901 0.0333413959913 0.00174155557885 0.00263142904214 0.0155378846228 0.0216444468596 0.0140787959847 -0.0172534702895 0.0246875495545 0.0201142180892 0.00647218054039 -0.0077439785405 -0.00357325701618 0.0384345865753 -0.00367137184181 0.00864419100229 -0.0125669239133 -0.0154690558761 0.0150291771545 0.00650406739467 0.0182593248563 -0.0153001936935 0.0307674089318 0.0141559476046 7.38942743477e-05 0.0132051596798 -0.00167929963657 0.0212667602702 0.023808079331 -0.0110210349045 0.00146316509715 0.024772342013 0.0222683315963 0.0055905816093 0.235889793094 0.02234639272 0.0232607531515 0.00806485252162 0.0167920942662 0.0356044886358 0.00852869894143 -0.0136440957952 0.0127675758593 0.00257435412449 0.00343763440865 0.00771875245805 0.0107403990467 0.00483067678037 0.0215467744368 0.0200941563777 
0.0108881443079 0.0012367036704 -0.0112147013369 0.0691529681682 -0.00405738600767 0.0135147068903 0.000990087872729 0.0120046046457 0.0320437927014 0.0138331204331 0.0329848433908 0.0104131718199 -0.0120238210374 0.033978658211 0.0295668154736 0.029804713524 -0.0442723835313 0.0324796994606 0.0206020991738 0.0295189795545 -0.00724741276305 0.0154436198793 0.0345333824996 0.0133777878919 0.0140773024239 0.0100338784819 0.0032962680234 0.0134636575164 -0.00294462664386 0.00902526546049 -0.00495860363912 0.0270354355622 0.022984781084 0.0128467657301 0.02234639272 0.366651548974 0.0133484526227 0.0104650849507 0.0119778400866 0.0332770038249 -0.00743260441465 0.0219669081339 -0.00365457583758 0.0213449410289 0.0149949263039 0.0153926770297 0.0168237397495 0.0393005224714 -0.00737445732534 0.0359154432906 
0.0118483287605 0.0089729575575 0.00353269474223 0.029164926085 0.0186159762472 0.0391270566176 0.035052377433 0.0122637840326 0.0465686016201 -0.00487866331687 0.0117864071917 0.00273897304561 0.00484611168168 0.0377155754931 -0.000308941224388 0.0125440254932 0.0317742420745 0.018732947214 0.00683066301424 0.034160082734 0.039974524973 -0.000847725789187 0.0157321025249 0.0157143473727 -0.00216621707204 0.00704781237627 0.00111437089208 0.0101040901544 0.03833495207 0.00967203559847 -0.0130711471637 0.0282098751883 0.0234954333034 -0.00281471990371 0.0232607531515 0.0133484526227 0.33084893475 0.0163812023327 0.00491673095803 0.0138589721094 -0.00355651859713 0.00321358150722 -0.00263557566399 0.0177213961208 -0.0105226106148 0.000895512257196 0.0171818269787 0.0248908826784 0.0685664862147 0.0295530987281 
0.0187053913354 0.0256465030136 0.0134919549945 0.0107009954491 0.016790651942 0.0229713821579 0.0363607158833 0.0343079516636 0.0272643636365 0.0061873132778 0.0392448240441 0.0231857542724 -0.022817576521 0.042945564519 0.0190651605066 0.0303302072841 0.0276033885581 0.0211229562833 0.0508993222268 0.00503782452971 0.0186301706847 0.0134146725087 0.00900502354523 0.0437744049579 0.0165688404326 0.0219688275672 -0.0065910165145 0.00793876967934 0.0429378599227 0.0197726038522 -0.00212469076387 0.00875596936636 0.00824883790868 0.0154655594987 0.00806485252162 0.0104650849507 0.0163812023327 0.21467321668 0.0233715764369 0.0469373005633 0.0268798554268 0.0248110129172 0.0325812213646 0.0297348918912 0.0353428469342 0.0248364208694 0.0232971782218 0.0138731975779 0.0204082006187 0.0253478357464 
0.00138226516536 -0.00224768057915 0.00861319558184 -0.004004069135 0.00288515428854 0.000720521097989 -0.00912828406386 -0.0138530275011 0.0010492530612 -0.00120454798769 0.0207203159771 -0.00418471131167 -0.0113619448267 0.0181898941767 -0.000713698143197 0.00260611532837 -0.00325357822951 -0.0112485211256 0.038585325425 -0.000795467771835 0.0102840109963 -0.000663057471785 -0.0094194665366 -0.0156277703365 0.00333722313591 0.00832794223055 0.0141532394711 0.0123821145849 0.0353780988016 0.0384348873827 0.00452311774681 0.00121126742032 -0.00769515990607 0.0129876920791 0.0167920942662 0.0119778400866 0.00491673095803 0.0233715764369 0.36852745938 0.000366150233063 0.0117169517307 -0.00876702216985 -0.0130001350143 -0.017856916042 0.0117312425694 0.0123066191834 -0.00278559342247 0.0261693967408 0.153915107309 0.0155231858609 
0.0132457026173 0.000729181311328 -0.0130001704047 0.0203867008957 -0.00862723080166 0.0287104525198 0.0153048775246 0.0607497776119 0.00849180016918 0.0186421841636 0.0161482028176 0.0148307208231 -0.0178675124912 0.0196880961669 -0.0016790033876 0.00837250254944 0.00311742536197 0.0318534017869 0.0279014335392 0.0156753109279 -0.0074483891779 0.0219540735684 -0.00246374481054 0.0272525255957 0.026930404347 0.0474952561797 0.0275063243255 0.0427287362606 0.0205825906184 0.000285829023223 -0.00513836656145 0.0185202839479 0.00889351681329 0.00446711810492 0.0356044886358 0.0332770038249 0.0138589721094 0.0469373005633 0.000366150233063 0.31379253641 0.00159102405725 -0.00367130675819 0.00962306770855 0.0150396425995 -0.000331125140262 0.0966766956371 0.0216587754261 -0.0198868661416 -0.0002688901471 0.0215235245026 
0.0404466625492 -0.00561778309607 -0.00919322756349 0.0251630521441 0.0176714863798 0.00903535572262 0.0471502460307 0.0810114851926 0.0181052049967 0.0335246783002 0.02935822862 0.018027523153 -0.0243272075512 0.0180345773129 0.0126894272657 0.00515562379588 0.0433366614354 -0.0095312549723 -0.0231413979133 0.0115285334799 -0.00670939644844 0.00383717396622 0.0253715743271 0.0256174115011 0.0103846774932 0.0253119220228 -0.003363142038 0.00865284211382 0.00495121906376 0.0764976454551 -0.00578556232852 0.037077731874 0.00108697091935 0.00348118217354 0.00852869894143 -0.00743260441465 -0.00355651859713 0.0268798554268 0.0117169517307 0.00159102405725 0.440607170072 0.00730292376414 0.0379413862224 0.0775819975598 0.030822087639 0.0188728877622 0.0210451007984 -0.0138488210956 0.0238984841756 -0.00235061630829 
0.0192931704896 0.0188972639497 -0.00188017581725 0.00431468930701 0.010209140763 -0.00257864223953 0.00842606673867 0.00549857493871 -0.00292830433842 0.009156493548 0.0169431918954 0.0125953057137 -0.00593174812851 0.0323107433069 0.013484019746 0.0379235791886 -0.0104192923856 0.0063749260541 0.0329285437037 0.0244993616126 -0.00404333195463 0.00748931796921 0.0103420034427 0.00871842943059 0.0144877676002 0.00127683445436 0.0126448311448 0.0205579960565 0.017773855402 -0.0210701836697 0.0517673085229 -0.00723820037475 0.0209015043321 0.0115485370768 -0.0136440957952 0.0219669081339 0.00321358150722 0.0248110129172 -0.00876702216985 -0.00367130675819 0.00730292376414 0.2881744717 0.0192166274409 0.015150647871 0.00543340641611 0.00832899664092 0.0236705646125 0.0110644304416 0.0138513732759 0.0295271528047 
0.0258281476555 0.0283772784366 0.00785801052652 0.040858504007 0.00467296141695 -0.00317214066852 -0.00125216974418 0.0169674904708 0.0256730121987 0.0570820279267 0.0062011818838 0.0093990806871 0.00331165303109 -0.000217220281933 0.0155305916608 -0.00374018608337 0.0167084843113 0.00201373030612 0.0370238886037 0.00631531390872 0.00186566949358 0.0234132481432 -0.0104650581679 0.0192242867547 0.00420555634599 0.00639755282434 -0.0202259038922 0.0317591269383 0.0199753185363 0.036308981291 0.0104527061187 0.0108636964275 0.0165941493429 -0.000446065053985 0.0127675758593 -0.00365457583758 -0.00263557566399 0.0325812213646 -0.0130001350143 0.00962306770855 0.0379413862224 0.0192166274409 0.253396193362 0.0595442528252 0.0479132394239 0.0133710007715 0.00264444562791 0.00156045899237 0.0170402224495 0.010608820739 
0.0304067179475 0.0056334652507 0.00574074259901 0.208250438273 0.00995432438049 0.0144026113516 0.0179559699374 0.0351357639664 0.0084519116398 0.0341293839108 0.0030374598651 -0.000313305310771 0.00325594667341 0.0328273504041 0.0157809052124 0.0169875202593 0.038696858971 0.0331904541495 -0.0127131825401 0.00296416928175 0.00254384165877 -0.00152485929442 0.0276442384439 0.0170226138192 -0.00208593740594 0.0124910931565 0.00453800988956 -0.000909306713061 -0.0137760628513 0.0461073206024 0.0237475150407 0.0183642296704 0.00826489975224 0.0116097540848 0.00257435412449 0.0213449410289 0.0177213961208 0.0297348918912 -0.017856916042 0.0150396425995 0.0775819975598 0.015150647871 0.0595442528252 0.422678956908 0.0258245763798 0.0133587902923 0.00209478153332 -0.00802812612695 0.0202404532157 -0.000625226328323 
0.025894971676 0.0299881333115 0.0163532931204 0.0465860536627 0.0081246700698 0.0190842278107 0.017227081759 0.0373284999011 0.035273110255 0.0462866624034 0.0158576069373 0.0202891470899 0.0112181230317 0.0281161217412 0.0167999375568 0.0176280974578 0.00316048020475 0.0224974731572 0.049768772407 0.0011449227755 0.00860005245963 0.0183117148649 0.00708522897084 0.0161918046984 0.0073630294003 0.0226956886907 -0.00514630945222 0.0343074103408 0.0158137550621 0.0706457466741 0.0263622326222 0.00501682530963 0.00681877640062 0.00949524827338 0.00343763440865 0.0149949263039 -0.0105226106148 0.0353428469342 0.0117312425694 -0.000331125140263 0.030822087639 0.00543340641611 0.0479132394239 0.0258245763798 0.179803546807 -0.00499880436392 0.0198742556906 0.0208022652342 0.00684117320574 0.0217033927503 
0.0263794634104 -0.000254288713397 -0.000391516974966 0.0382843210466 0.02819087944 0.0296633922834 0.00376139472933 0.0139104168029 0.00790345350759 0.00353060519396 0.0146189668765 0.00550409810709 -0.0100345633243 0.0177285548826 0.00990524956774 0.0260524091029 0.0236944221042 0.024456467929 0.0375307346602 -0.000165257686168 0.000645423514278 0.00465706103845 0.0172597969304 0.0128419618819 0.0197273744704 0.00148715221633 0.000498634054875 0.0419307737428 0.0237515727267 -0.0174906220494 0.0106952454798 0.00759491630624 0.0103578014544 0.000235904187539 0.00771875245805 0.0153926770297 0.000895512257195 0.0248364208694 0.0123066191834 0.0966766956371 0.0188728877622 0.00832899664092 0.0133710007715 0.0133587902923 -0.00499880436392 0.249644807881 0.00972810493514 -0.00014827954594 -0.000139271557862 0.0128953474197 
0.00600683247133 0.0115480843399 0.00871540793755 -0.00150699031704 0.0103204689545 0.000984917882192 -0.00491918923581 0.000870878210869 0.00487090694836 0.0292324335711 0.0122835059652 0.023817019407 -0.0158980621863 0.00651204704658 0.00125379856167 0.0193989475061 -0.0031920207335 -0.0037923042855 0.0214213324437 0.0366882118843 0.0103872674238 0.00524177702285 0.0163975058169 0.0246518701862 0.0138543720163 0.0233986408437 0.00190034908457 0.0141392397734 0.0127217007586 0.00547953106491 0.021301967743 -0.0104995259866 0.0206757940724 0.0196270900863 0.0107403990467 0.0168237397495 0.0171818269787 0.0232971782218 -0.00278559342247 0.0216587754261 0.0210451007984 0.0236705646125 0.00264444562791 0.00209478153332 0.0198742556906 0.00972810493514 0.230150157043 0.0248002721143 0.00375086246735 0.0120247655077 
