30
0.0453963667668 0.0407864154506 0.0649337142294 0.155431064381 0.0283464571838 0.00326137985962 0.0839491815724 0.099400173405 0.0904248988876 0.122670110856 0.119808933935 0.158066549078 0.134581744136 0.139274044211 0.204332601919 0.124759587163 0.0403512104362 0.0224960645228 0.0625636206577 0.201887649263 0.0201569416701 0.0150252709272 0.234257183995 0.134016582451 0.0493934577213 0.0203567883068 0.0413299620627 0.0590120409917 0.0445346556631 0.0202129727645 
0.367894323807 0.00459456458905 0.0259196948768 0.0124625527635 -0.000440948102251 -0.0127986892066 0.00443310117478 0.000446561056994 0.00538620041878 -0.00540070519363 -0.00588092768659 -0.0195640503751 0.00331633585256 -0.00927089869248 0.00951547996345 0.0234624846825 0.00630574387433 0.0236533545767 0.0175834623952 0.0669349769824 0.0231540014023 0.0190016203475 0.0359798397825 3.69917990698e-05 -0.00143221974873 0.0108349674211 -0.00590946915462 -0.0249296031466 -0.00646530982578 0.00599645095745 
0.00459456458905 0.222135921558 0.022366378768 0.0303752944178 0.0309618504525 0.0091238663662 0.0156858607125 0.0239632178113 0.016384163367 -0.00392677617657 -0.000136696643252 0.00381704012328 0.0402697547283 0.0278054533794 0.01461502131 0.0416295054703 0.0117735815361 0.0469425534242 0.0106763159723 0.0077295021973 0.0158002805008 0.032273867087 0.00582657047326 0.0136603565945 0.0275919065442 0.0314971590269 0.0363633340392 0.0212189859731 0.0369965508169 0.0414785695077 
0.0259196948768 0.022366378768 0.191281237464 0.0397907958716 0.0237497267064 0.0305977643366 0.0100983417407 0.042992419559 0.0401169111571 0.00943911959303 0.016525718335 0.0103604300847 0.00854952235641 0.0506735579837 -0.00648886640249 0.038910763994 0.0330570787636 0.0237420296185 0.0315775331053 0.0184715002577 0.0192544213833 0.0170336814308 0.0131579108174 0.0247850899897 0.0264006698124 0.0116785129234 0.0285011179092 0.0174984614869 0.0315576099749 0.0427681293436 
0.0124625527635 0.0303752944178 0.0397907958716 0.701578118198 0.000737253037493 0.0122337346519 -0.0139755304365 0.00434462692 0.00287899286456 -0.0123940557635 0.0403324372183 0.0138029754544 0.0182507312237 0.00742586555731 0.0460437339565 0.0250826122848 0.0294704120235 0.0138509623492 0.0283880829969 0.112634005783 0.010820621672 0.0515703327704 0.0108078504605 0.0127924170709 -0.00707678127119 0.001905754199 0.0100788170755 0.00563649535401 -0.00115566051749 0.0187527413945 
-0.000440948102252 0.0309618504525 0.0237497267064 0.000737253037493 0.183461780698 0.0279776000349 -0.00220642050829 0.0252667237543 0.000741225799666 0.00262908585449 0.0110204338342 -0.00278652924047 0.0187056828825 0.0345755301311 -0.0157853113437 0.0031822075871 0.0317612033166 0.0203896907514 0.0286731046875 0.0427139795062 0.0111835666057 0.0113743307933 0.0219871399835 0.014024005871 0.0147944234544 0.0269700806566 0.0161343204026 0.0146195803988 0.0179901484715 0.0315112871463 
-0.0127986892066 0.0091238663662 0.0305977643366 0.0122337346519 0.0279776000349 0.161531691452 0.00475174369344 0.0211475493628 0.00743426612705 0.0159032578527 -0.00455644546204 -0.00265455876882 0.0143450836754 0.0294741317663 -0.0296357352682 -0.00770151832296 0.0146134591554 0.00483381583385 0.0365823969411 -0.0119838118323 0.0234155818638 0.0245056083889 0.00968615828052 0.0135209934494 0.0279825947979 0.0177261474344 0.0266250422141 0.00574541132695 -0.00587842423829 0.0166943143291 
0.00443310117478 0.0156858607125 0.0100983417407 -0.0139755304365 -0.00220642050829 0.00475174369344 0.583000730784 -0.0135637687766 -0.0101586175777 0.0107621685209 -0.0311374597546 0.00514400287518 -0.0116977723711 0.145200984577 -0.0141144029071 0.00509683124715 0.0136520541091 0.0303673134828 0.0280513306892 0.0137722001636 0.0205193155568 0.0323704037956 0.0773484369039 0.0433002585272 0.0300361832237 0.0424325527768 0.0182267214706 0.0165084481087 -0.0120342672937 0.00615725564135 
0.000446561056994 0.0239632178113 0.042992419559 0.00434462692 0.0252667237543 0.0211475493628 -0.0135637687766 0.344198163573 0.0389587277544 0.0244555285418 0.0223051904558 -0.0246222817214 0.0907514779292 0.0892339517786 -0.0238632666206 0.0402105560758 0.016733518639 0.0185023226356 0.0635908360448 0.0136078708549 0.0227959403456 0.0191337044044 -0.0197347560883 0.0107765008644 0.0220424385109 0.00400746479852 0.0309445452395 0.0171996712258 0.00764507159689 0.0453131450195 
0.00538620041878 0.016384163367 0.0401169111571 0.00287899286456 0.000741225799666 0.00743426612705 -0.0101586175777 0.0389587277544 0.399294932221 0.0123728401851 0.0246579477164 -0.0206436473877 -0.0253681946244 0.0330993358255 0.0317529265168 0.0277790088302 0.0226999184285 -0.00117759475634 0.00246974923318 -0.0192511702247 0.0307216001104 0.00215444905918 0.00871191816654 0.0064666721538 0.0244027867037 -0.0188862378759 -0.0172953464289 0.0381382755981 0.0328482362123 0.0353495303392 
-0.00540070519363 -0.00392677617657 0.00943911959304 -0.0123940557635 0.00262908585449 0.0159032578527 0.0107621685209 0.0244555285418 0.0123728401851 0.40065937801 -0.00342404345345 0.00976224959387 0.0468641972251 0.0171081120039 -0.00945978566709 0.00262792825705 0.0102825962527 -0.00511790327929 0.00673621847525 -0.0119959162391 0.000944069418872 0.00532452200307 0.0351375860559 0.00696926326173 0.00198783409776 0.00496182694048 -0.00637773267513 0.00961083204904 0.0525757817535 0.00235350125538 
-0.00588092768659 -0.000136696643252 0.016525718335 0.0403324372183 0.0110204338342 -0.00455644546204 -0.0311374597546 0.0223051904558 0.0246579477164 -0.00342404345345 0.646675727727 0.0128281339135 0.0106415167052 -0.00251350519286 0.0239922357344 0.0104755992512 0.0138926976282 -0.00368841754511 -0.0303657804645 -0.00545747075072 -0.00118895515957 -0.00209035144802 -0.0158415671063 0.0136075535838 0.0132176662244 -0.0188074487869 -0.0165397197516 0.0213977712093 -0.0253164854406 7.50350652858e-05 
-0.0195640503751 0.00381704012328 0.0103604300847 0.0138029754544 -0.00278652924047 -0.00265455876882 0.00514400287518 -0.0246222817214 -0.0206436473877 0.00976224959387 0.0128281339135 0.690325304094 -0.0195911174701 0.00911393577601 -0.0233280810014 0.0288261352055 0.000195902104347 -0.00401670747613 -0.0106146373541 -0.000496112582413 0.0162337908616 -0.0086076141965 0.018949320732 -0.00856458605043 0.00134463010918 0.00506549160558 0.0117332774041 0.00131572726613 -0.000451873381771 -0.000161256573009 
0.00331633585256 0.0402697547283 0.00854952235641 0.0182507312237 0.0187056828825 0.0143450836754 -0.0116977723711 0.0907514779292 -0.0253681946244 0.0468641972251 0.0106415167052 -0.0195911174701 0.378235766616 0.0568364412723 -0.0339927452074 0.0285092189396 0.0164937234249 0.0578174735845 0.0244255070523 0.00231681434459 0.0219667809359 0.0367498552786 -0.00950658162438 0.0297179350373 0.0201154485921 0.0261985220384 0.0106971205553 0.00423624314657 -0.0036398987626 0.0192144912982 
-0.00927089869248 0.0278054533794 0.0506735579837 0.00742586555731 0.0345755301311 0.0294741317663 0.145200984577 0.0892339517786 0.0330993358254 0.0171081120039 -0.00251350519286 0.00911393577601 0.0568364412723 0.628533793521 0.0100633945111 0.0512049918241 0.0404574676986 0.0224582631898 0.0179450631844 0.0499111344548 0.0395317524049 0.029129262998 0.10773649127 0.0354731018831 0.00955227081731 0.0458323333986 0.00921829265828 -0.00059934699302 0.00755674781551 0.0415464855712 
0.00951547996345 0.01461502131 -0.00648886640249 0.0460437339565 -0.0157853113437 -0.0296357352682 -0.0141144029071 -0.0238632666206 0.0317529265168 -0.00945978566709 0.0239922357344 -0.0233280810014 -0.0339927452074 0.0100633945111 1.42567410427 0.0856209055663 -0.00559854530418 0.000669275445434 -0.0202245807663 0.024710047276 -0.0284438187689 -0.0249250056371 -0.0561453600322 -0.0169819808925 -0.00493615015469 -0.00914981312211 -0.016614259186 0.00759297123566 -0.000777041642983 -0.000908379152615 
0.0234624846825 0.0416295054703 0.038910763994 0.0250826122848 0.0031822075871 -0.00770151832296 0.00509683124715 0.0402105560758 0.0277790088302 0.00262792825705 0.0104755992512 0.0288261352055 0.0285092189396 0.0512049918241 0.0856209055663 0.321768222595 0.0106319431936 0.041110096286 0.0234379640401 0.0191662132597 0.0235872263071 0.0187808867436 0.03462563367 0.0256803377826 -0.00377809145099 -0.00897982058473 0.000841167845938 0.00294057410055 -0.0199189976342 0.056150971853 
0.00630574387433 0.0117735815361 0.0330570787636 0.0294704120235 0.0317612033166 0.0146134591554 0.0136520541091 0.016733518639 0.0226999184285 0.0102825962527 0.0138926976282 0.000195902104347 0.0164937234249 0.0404574676986 -0.00559854530418 0.0106319431936 0.179255542345 -0.00668148063559 0.0292005808094 0.0284289421683 0.0268685304508 0.0238889716925 0.0254695527221 0.0126639343176 0.0177884195878 0.024407378963 0.0104939148025 0.0303411695742 0.0188762407503 0.0279885248362 
0.0236533545767 0.0469425534242 0.0237420296185 0.0138509623492 0.0203896907514 0.00483381583385 0.0303673134828 0.0185023226356 -0.00117759475634 -0.00511790327929 -0.00368841754511 -0.00401670747613 0.0578174735845 0.0224582631898 0.000669275445433 0.041110096286 -0.00668148063559 0.197967830472 0.0426221187205 0.021475170861 0.0193070614909 0.0288360645802 -0.00319028216784 0.0156760092189 0.0184428268623 0.0177079267561 0.0262243700808 0.0102781733874 0.0224086067265 0.0219893498742 
0.0175834623952 0.0106763159723 0.0315775331053 0.0283880829969 0.0286731046875 0.0365823969411 0.0280513306892 0.0635908360448 0.00246974923318 0.00673621847525 -0.0303657804645 -0.0106146373541 0.0244255070523 0.0179450631844 -0.0202245807664 0.0234379640401 0.0292005808094 0.0426221187205 0.304969517539 -0.0091201706338 0.0363188542808 0.0126094593737 0.0048257991728 0.0324970388761 0.0173553536542 -0.000589236236439 0.00969887525767 0.0234690095273 0.0146273717097 0.0458436614602 
0.0669349769824 0.0077295021973 0.0184715002577 0.112634005783 0.0427139795062 -0.0119838118323 0.0137722001636 0.0136078708549 -0.0192511702247 -0.0119959162391 -0.00545747075072 -0.000496112582413 0.00231681434459 0.0499111344548 0.024710047276 0.0191662132597 0.0284289421683 0.021475170861 -0.0091201706338 0.7740393417 0.00190151995564 -0.00704819746608 -0.0229160659296 -0.0117354265061 -0.00242037431144 0.0113532847531 0.00920853942915 0.00582244143971 0.0169142766252 0.0500127126072 
0.0231540014023 0.0158002805008 0.0192544213833 0.010820621672 0.0111835666057 0.0234155818638 0.0205193155568 0.0227959403456 0.0307216001104 0.000944069418872 -0.00118895515957 0.0162337908616 0.0219667809359 0.0395317524049 -0.0284438187689 0.0235872263071 0.0268685304508 0.0193070614909 0.0363188542808 0.00190151995564 0.19139280666 0.0198251259653 0.00319708260143 0.0161175801409 0.031190022361 0.0187234900782 -0.00116431896887 0.0254123365342 0.000204069578339 0.0194283331003 
0.0190016203475 0.032273867087 0.0170336814308 0.0515703327704 0.0113743307933 0.0245056083889 0.0323704037956 0.0191337044044 0.00215444905918 0.00532452200307 -0.00209035144802 -0.0086076141965 0.0367498552786 0.029129262998 -0.0249250056371 0.0187808867436 0.0238889716925 0.0288360645802 0.0126094593737 -0.00704819746608 0.0198251259653 0.181281257715 0.0314868686057 0.0286745187157 0.0286772086047 0.0389911707292 0.0226630436311 0.00328317851023 -0.00458894638123 0.0176580755976 
0.0359798397825 0.00582657047326 0.0131579108174 0.0108078504605 0.0219871399835 0.00968615828052 0.0773484369039 -0.0197347560883 0.00871191816654 0.0351375860559 -0.0158415671063 0.018949320732 -0.00950658162438 0.10773649127 -0.0561453600322 0.03462563367 0.0254695527221 -0.00319028216784 0.0048257991728 -0.0229160659296 0.00319708260143 0.0314868686057 1.25445147332 -0.00276259627036 0.0345217988152 0.0183120687773 0.0226817911444 -0.00394191946674 0.0204942326785 0.0158203734282 
3.69917990697e-05 0.0136603565945 0.0247850899897 0.0127924170709 0.014024005871 0.0135209934494 0.0433002585272 0.0107765008644 0.0064666721538 0.00696926326173 0.0136075535838 -0.00856458605043 0.0297179350373 0.0354731018831 -0.0169819808925 0.0256803377826 0.0126639343176 0.0156760092189 0.0324970388761 -0.0117354265061 0.0161175801409 0.0286745187157 -0.00276259627036 0.226603120391 0.0160326335312 0.0230962804414 0.0308030210649 0.00637102409085 0.0305417711181 0.00294693657444 
-0.00143221974873 0.0275919065442 0.0264006698124 -0.00707678127119 0.0147944234544 0.0279825947979 0.0300361832237 0.0220424385109 0.0244027867037 0.00198783409776 0.0132176662244 0.00134463010918 0.0201154485921 0.00955227081731 -0.00493615015469 -0.00377809145099 0.0177884195878 0.0184428268623 0.0173553536542 -0.00242037431144 0.031190022361 0.0286772086047 0.0345217988152 0.0160326335312 0.169121880779 0.0168382821426 0.0112646667291 0.0135828469054 0.000500508798805 0.0293264006597 
0.0108349674211 0.0314971590269 0.0116785129234 0.001905754199 0.0269700806566 0.0177261474344 0.0424325527768 0.00400746479851 -0.0188862378759 0.00496182694048 -0.0188074487869 0.00506549160558 0.0261985220384 0.0458323333986 -0.00914981312211 -0.00897982058473 0.024407378963 0.0177079267561 -0.000589236236439 0.0113532847531 0.0187234900782 0.0389911707292 0.0183120687773 0.0230962804414 0.0168382821426 0.270273957571 0.0394906734611 0.0184872486907 0.017275566288 0.0179281532891 
-0.00590946915462 0.0363633340392 0.0285011179092 0.0100788170755 0.0161343204026 0.0266250422141 0.0182267214706 0.0309445452395 -0.0172953464289 -0.00637773267513 -0.0165397197516 0.0117332774041 0.0106971205553 0.00921829265828 -0.016614259186 0.000841167845935 0.0104939148025 0.0262243700808 0.00969887525767 0.00920853942916 -0.00116431896887 0.0226630436311 0.0226817911444 0.0308030210649 0.0112646667291 0.0394906734611 0.294490594335 0.0252201311805 0.00716077838229 0.0162078534752 
-0.0249296031466 0.0212189859731 0.0174984614869 0.00563649535401 0.0146195803988 0.00574541132694 0.0165084481087 0.0171996712258 0.0381382755981 0.00961083204904 0.0213977712093 0.00131572726613 0.00423624314657 -0.00059934699302 0.00759297123566 0.00294057410055 0.0303411695742 0.0102781733874 0.0234690095273 0.0058224414397 0.0254123365342 0.00328317851023 -0.00394191946674 0.00637102409085 0.0135828469054 0.0184872486907 0.0252201311805 0.290775646376 -2.11839576754e-06 0.0130637081824 
-0.00646530982578 0.0369965508169 0.0315576099749 -0.00115566051749 0.0179901484715 -0.00587842423829 -0.0120342672937 0.00764507159689 0.0328482362123 0.0525757817535 -0.0253164854406 -0.000451873381771 -0.0036398987626 0.00755674781551 -0.000777041642983 -0.0199189976342 0.0188762407503 0.0224086067265 0.0146273717097 0.0169142766252 0.000204069578339 -0.00458894638123 0.0204942326785 0.0305417711181 0.000500508798805 0.017275566288 0.00716077838229 -2.11839576753e-06 0.629939986355 0.00552694513536 
0.00599645095745 0.0414785695077 0.0427681293436 0.0187527413945 0.0315112871463 0.0166943143291 0.00615725564135 0.0453131450195 0.0353495303392 0.00235350125538 7.50350652856e-05 -0.000161256573009 0.0192144912982 0.0415464855712 -0.000908379152615 0.056150971853 0.0279885248362 0.0219893498742 0.0458436614602 0.0500127126072 0.0194283331003 0.0176580755976 0.0158203734282 0.00294693657444 0.0293264006597 0.0179281532891 0.0162078534752 0.0130637081824 0.00552694513536 0.201754922996 
0.0318605830325 0.000397900965344 0.00224471142217 0.00107928872892 -3.818722583e-05 -0.0011083989988 0.000383917823491 3.86733219698e-05 0.000466458639254 -0.000467714789603 -0.00050930327744 -0.00169429646257 0.00028720310958 -0.00080288337836 0.000824064737755 0.0020319107771 0.000546093438493 0.00204844059482 0.00152277251207 0.00579673904685 0.00200519534137 0.0016455885934 0.00311594552758 3.20358377261e-06 -0.00012403386862 0.000938335703585 -0.000511775041078 -0.00215896696312 -0.000559912255246 0.00051930788617 
0.000397900965344 0.0192375351162 0.00193698522037 0.00263057766133 0.002681374904 0.000790150005386 0.00135843538572 0.0020752755381 0.00141891016956 -0.000340068792389 -1.18382765669e-05 0.000330565371403 0.00348746305989 0.00240802289903 0.00126569797313 0.00360522092843 0.00101962207038 0.00406534437839 0.000924596085081 0.000669394526147 0.00136834443006 0.00279499887757 0.000504595804679 0.00118302158356 0.00238952920061 0.00272773398643 0.00314915710442 0.00183761808953 0.00320399528598 0.00359214949063 
0.00224471142217 0.00193698522037 0.0165654410911 0.00344598400616 0.00205678666607 0.00264984412145 0.000874542048358 0.00372325275082 0.00347422641834 0.000817451735693 0.00143116918939 0.000897239564752 0.000740410355087 0.0043884588514 -0.000561952314632 0.00336977100994 0.00286282699842 0.0020561200787 0.00273469458581 0.00159967884692 0.00166748180531 0.00147516008391 0.00113950850286 0.00214645175662 0.00228636507345 0.00101138888701 0.00246826921457 0.00151541121748 0.0027329691921 0.00370382864839 
0.00107928872892 0.00263057766133 0.00344598400616 0.0607584473099 6.38479859486e-05 0.00105947249917 -0.00121031643894 0.000376255728269 0.000249328095803 -0.00107335671471 0.00349289152276 0.00119537273913 0.00158055968774 0.000643098821772 0.00398750432915 0.00217221794319 0.00255221254723 0.00119952852612 0.002458480104 0.00975439103385 0.000937093325272 0.00446612182608 0.000935987305912 0.00110785581592 -0.000612867235788 0.00016504315497 0.000872851162748 0.000488134816489 -0.00010008313663 0.00162403504382 
-3.818722583e-05 0.002681374904 0.00205678666607 6.38479859486e-05 0.0158882562708 0.00242293123671 -0.000191081621161 0.00218816246416 6.41920372451e-05 0.000227685513871 0.000954397566111 -0.000241320511064 0.00161995965714 0.00299432874429 -0.00136704806303 0.000275587261054 0.0027506008927 0.0017657990166 0.00248316370648 0.00369913913491 0.000968525278545 0.000985045941806 0.00190414217823 0.00121451453471 0.00128123465459 0.00233567749907 0.00139727313414 0.00126609280181 0.00155799255942 0.00272895751746 
-0.0011083989988 0.000790150005386 0.00264984412145 0.00105947249917 0.00242293123671 0.0139890548313 0.000411513075079 0.00183143149759 0.000643826332452 0.00137726253034 -0.000394599752109 -0.000229891532964 0.00124232068823 0.00255253468641 -0.00256652996021 -0.000666971051539 0.00126556268657 0.000418620730933 0.00316812850823 -0.00103782854809 0.00202784887384 0.00212224794 0.000838845913601 0.00117095238116 0.00242336379588 0.00153512939894 0.00230579629343 0.000497567216433 -0.000509086472458 0.00144577003078 
0.000383917823491 0.00135843538572 0.000874542048358 -0.00121031643894 -0.000191081621161 0.000411513075079 0.0504893443283 -0.00117465683316 -0.000879762088966 0.000932031133891 -0.00269658311568 0.000445483716705 -0.00101305680411 0.0125747741298 -0.00122234314768 0.000441398533883 0.00118230256723 0.00262988649208 0.00242931649868 0.00119270752077 0.00177702485405 0.00280335920178 0.00669857113018 0.0037499123875 0.00260120977044 0.00367476686521 0.00157848038213 0.00142967354392 -0.00104219811923 0.0005332339803 
3.86733219698e-05 0.0020752755381 0.00372325275082 0.000376255728269 0.00218816246416 0.00183143149759 -0.00117465683316 0.029808435359 0.00337392479344 0.00211791089801 0.00193168615709 -0.00213235214698 0.00785930853176 0.00772788691204 -0.00206661951107 0.00348233630619 0.00144916522361 0.00160234814315 0.00550712794627 0.00117847618518 0.00197418634425 0.00165702740827 -0.001709080011 0.000933272351247 0.00190893117118 0.000347056632029 0.0026798762286 0.00148953522183 0.000662082621666 0.00392423347123 
0.000466458639254 0.00141891016956 0.00347422641834 0.000249328095803 6.41920372452e-05 0.000643826332452 -0.000879762088966 0.00337392479344 0.0345799554906 0.00107151939173 0.00213544091276 -0.00178779230645 -0.00219695009929 0.00286648656732 0.0027498841008 0.00240573273389 0.00196587060229 -0.000101982697435 0.000213886557691 -0.00166720024672 0.00266056861405 0.000186580761641 0.000754474244792 0.000560030236313 0.00211334332085 -0.00163559617825 -0.00149782093747 0.00330287155245 0.00284474070294 0.00306135912856 
-0.000467714789603 -0.000340068792389 0.000817451735693 -0.00107335671471 0.000227685513871 0.00137726253034 0.000932031133891 0.00211791089801 0.00107151939173 0.0346981199621 -0.000296530861435 0.000845435614638 0.00405855853249 0.00148160596061 -0.000819241470206 0.000227585262993 0.000890498957166 -0.000443223425397 0.000583373632501 -0.00103887682048 8.17588099679e-05 0.000461117131767 0.00304300421521 0.000603555903032 0.000172151482717 0.000429706817964 -0.000552327851521 0.000832322470597 0.00455319626224 0.0002038191875 
-0.00050930327744 -1.18382765669e-05 0.00143116918939 0.00349289152276 0.000954397566111 -0.000394599752109 -0.00269658311568 0.00193168615709 0.00213544091276 -0.000296530861435 0.0560037608222 0.00111094898523 0.000921582380152 -0.000217675934956 0.00207778856396 0.000907213507141 0.00120314290731 -0.000319426329383 -0.0026297537288 -0.000472630831054 -0.000102966537215 -0.000181029745682 -0.00137191995498 0.00117844870869 0.00114468347291 -0.00162877284298 -0.00143238174764 0.00185310134516 -0.00219247195261 6.49822727122e-06 
-0.00169429646257 0.000330565371403 0.000897239564752 0.00119537273913 -0.000241320511064 -0.000229891532964 0.000445483716705 -0.00213235214698 -0.00178779230645 0.000845435614638 0.00111094898523 0.0597839250221 -0.00169664054176 0.000789289991049 -0.00202027107688 0.00249641653809 1.6965619902e-05 -0.00034785707139 -0.000919254560062 -4.29646099506e-05 0.00140588752859 -0.000745441256015 0.00164105931383 -0.000741714909257 0.000116448383325 0.000438684441309 0.00101613163016 0.000113945323692 -3.91333827907e-05 -1.39652288753e-05 
0.00028720310958 0.00348746305989 0.000740410355087 0.00158055968774 0.00161995965714 0.00124232068823 -0.00101305680411 0.00785930853176 -0.00219695009929 0.00405855853249 0.000921582380152 -0.00169664054176 0.0327561782509 0.00492218020026 -0.0029438580894 0.00246897078437 0.0014283983489 0.00500714009068 0.00211531096076 0.000200642007827 0.00190237903298 0.00318263082566 -0.000823294118987 0.00257364866903 0.00174204894893 0.00226885856268 0.000926397814824 0.000366869418153 -0.000315224479561 0.00166402375851 
-0.00080288337836 0.00240802289903 0.0043884588514 0.000643098821772 0.00299432874429 0.00255253468641 0.0125747741298 0.00772788691204 0.00286648656732 0.00148160596061 -0.000217675934956 0.000789289991049 0.00492218020026 0.0544326232326 0.000871515529488 0.00443448237203 0.00350371947998 0.00194494264472 0.00155408805902 0.00432243103696 0.00342355018388 0.00252266817498 0.00933025383542 0.00307206073818 0.000827250919162 0.00396919650379 0.000798327562159 -5.19049721637e-05 0.000654433557823 0.00359803119426 
0.000824064737755 0.00126569797313 -0.000561952314632 0.00398750432915 -0.00136704806303 -0.00256652996021 -0.00122234314768 -0.00206661951107 0.0027498841008 -0.000819241470206 0.00207778856396 -0.00202027107688 -0.0029438580894 0.000871515529488 0.123466999182 0.00741498793154 -0.000484848245766 5.79609537875e-05 -0.00175150007245 0.00213995286697 -0.00246330696345 -0.00215856880712 -0.00486233080925 -0.00147068268595 -0.000427483143086 -0.000792397060363 -0.00143883705201 0.000657570598029 -6.72937802622e-05 -7.86679422433e-05 
0.0020319107771 0.00360522092843 0.00336977100994 0.00217221794319 0.000275587261054 -0.000666971051539 0.000441398533883 0.00348233630619 0.00240573273389 0.000227585262993 0.000907213507141 0.00249641653809 0.00246897078437 0.00443448237203 0.00741498793154 0.0278659454898 0.000920753289728 0.00356023877357 0.00202978722718 0.00165984275772 0.00204271371868 0.00162647250255 0.00299866783803 0.00222398248975 -0.000327192317438 -0.000777675274781 7.28472723429e-05 0.000254661187278 -0.00172503579691 0.00486281680719 
0.000546093438493 0.00101962207038 0.00286282699842 0.00255221254723 0.0027506008927 0.00126556268657 0.00118230256723 0.00144916522361 0.00196587060229 0.000890498957166 0.00120314290731 1.69656199019e-05 0.0014283983489 0.00350371947998 -0.000484848245766 0.000920753289728 0.015523985344 -0.000578633196532 0.00252884447862 0.00246201861205 0.00232688299327 0.0020688456356 0.00220572796803 0.00109672888309 0.00154052232562 0.00211374102217 0.000908799680415 0.00262762236318 0.00163473040177 0.00242387735226 
0.00204844059482 0.00406534437839 0.00205612007871 0.00119952852612 0.0017657990166 0.000418620730933 0.00262988649208 0.00160234814315 -0.000101982697435 -0.000443223425397 -0.000319426329383 -0.00034785707139 0.00500714009068 0.00194494264472 5.79609537875e-05 0.00356023877357 -0.000578633196532 0.0171445170321 0.0036911837575 0.00185980435162 0.00167204057236 0.00249727644716 -0.000276286540259 0.00135758222135 0.00159719565803 0.00153355144192 0.00227109706883 0.000890115925799 0.00194064226885 0.00190433356037 
0.00152277251207 0.000924596085081 0.00273469458581 0.002458480104 0.00248316370648 0.00316812850823 0.00242931649868 0.00550712794627 0.000213886557691 0.000583373632501 -0.0026297537288 -0.000919254560062 0.00211531096076 0.00155408805902 -0.00175150007245 0.00202978722718 0.00252884447862 0.0036911837575 0.0264111349569 -0.000789829945572 0.00314530504435 0.00109201121456 0.000417926467721 0.00281432612145 0.00150301771562 -5.10293549587e-05 0.000839947236128 0.00203247584523 0.00126676754912 0.0039701775427 
0.00579673904685 0.000669394526147 0.00159967884692 0.00975439103385 0.00369913913491 -0.00103782854809 0.00119270752077 0.00117847618518 -0.00166720024672 -0.00103887682048 -0.000472630831054 -4.29646099506e-05 0.000200642007827 0.00432243103696 0.00213995286697 0.00165984275772 0.00246201861205 0.00185980435162 -0.000789829945572 0.0670337733441 0.000164676458738 -0.000610391805652 -0.00198458952498 -0.00101631774785 -0.000209610564037 0.000983223301256 0.00079748290774 0.000504238219883 0.00146481932441 0.004331227963 
0.00200519534137 0.00136834443006 0.00166748180531 0.000937093325272 0.000968525278545 0.00202784887384 0.00177702485405 0.00197418634425 0.00266056861405 8.17588099679e-05 -0.000102966537215 0.00140588752859 0.00190237903298 0.00342355018388 -0.00246330696345 0.00204271371868 0.00232688299327 0.00167204057236 0.00314530504435 0.000164676458738 0.0165751032669 0.00171690627192 0.000276875475083 0.00139582338495 0.00270113517092 0.00162150180552 -0.000100832980515 0.00220077290082 1.76729438981e-05 0.0016825430018 
0.0016455885934 0.00279499887757 0.00147516008391 0.00446612182608 0.000985045941806 0.00212224794 0.00280335920178 0.00165702740827 0.000186580761641 0.000461117131767 -0.000181029745682 -0.000745441256015 0.00318263082566 0.00252266817498 -0.00215856880712 0.00162647250255 0.0020688456356 0.00249727644716 0.00109201121456 -0.000610391805652 0.00171690627192 0.0156994174411 0.00272684280981 0.00248328616491 0.00248351911613 0.00337673443748 0.00196267715116 0.000284331599502 -0.000397414414275 0.00152923420495 
0.00311594552758 0.000504595804679 0.00113950850286 0.000935987305912 0.00190414217823 0.000838845913601 0.00669857113018 -0.001709080011 0.000754474244792 0.00304300421521 -0.00137191995498 0.00164105931383 -0.000823294118987 0.00933025383542 -0.00486233080925 0.00299866783803 0.00220572796803 -0.000276286540259 0.000417926467721 -0.00198458952498 0.000276875475083 0.00272684280981 0.108638684371 -0.000239247855053 0.00298967547583 0.0015858716757 0.00196430073344 -0.000341380239787 0.00177485261306 0.00137008452862 
3.2035837726e-06 0.00118302158356 0.00214645175662 0.00110785581592 0.00121451453471 0.00117095238116 0.0037499123875 0.000933272351247 0.000560030236313 0.000603555903032 0.00117844870869 -0.000741714909257 0.00257364866903 0.00307206073818 -0.00147068268595 0.00222398248975 0.00109672888309 0.00135758222135 0.00281432612145 -0.00101631774785 0.00139582338495 0.00248328616491 -0.000239247855053 0.0196244058836 0.00138846679276 0.00200019655952 0.00266761987555 0.00055174687108 0.00264499496649 0.000255212193681 
-0.00012403386862 0.00238952920061 0.00228636507345 -0.000612867235788 0.00128123465459 0.00242336379588 0.00260120977044 0.00190893117118 0.00211334332085 0.000172151482717 0.00114468347291 0.000116448383324 0.00174204894893 0.000827250919162 -0.000427483143086 -0.000327192317438 0.00154052232562 0.00159719565803 0.00150301771562 -0.000209610564037 0.00270113517092 0.00248351911613 0.00298967547583 0.00138846679276 0.014646384509 0.00145823800916 0.000975548755257 0.00117630904758 4.33453334583e-05 0.00253974079729 
0.000938335703585 0.00272773398643 0.00101138888701 0.00016504315497 0.00233567749907 0.00153512939894 0.00367476686521 0.000347056632029 -0.00163559617825 0.000429706817964 -0.00162877284298 0.000438684441309 0.00226885856268 0.00396919650379 -0.000792397060363 -0.000777675274781 0.00211374102217 0.00153355144192 -5.10293549586e-05 0.000983223301256 0.00162150180552 0.00337673443748 0.0015858716757 0.00200019655952 0.00145823800916 0.0234064113238 0.00341999264299 0.00160104270122 0.00149610792702 0.00155262361913 
-0.000511775041078 0.00314915710442 0.00246826921457 0.000872851162748 0.00139727313414 0.00230579629343 0.00157848038213 0.0026798762286 -0.00149782093747 -0.000552327851521 -0.00143238174764 0.00101613163016 0.000926397814824 0.000798327562159 -0.00143883705201 7.28472723427e-05 0.000908799680415 0.00227109706883 0.000839947236128 0.00079748290774 -0.000100832980515 0.00196267715116 0.00196430073344 0.00266761987555 0.000975548755257 0.00341999264299 0.025503633587 0.00218412742891 0.000620141598993 0.00140364128504 
-0.00215896696312 0.00183761808953 0.00151541121748 0.000488134816489 0.00126609280181 0.000497567216432 0.00142967354392 0.00148953522183 0.00330287155245 0.000832322470598 0.00185310134516 0.000113945323692 0.000366869418153 -5.19049721638e-05 0.000657570598029 0.000254661187278 0.00262762236318 0.000890115925799 0.00203247584523 0.000504238219883 0.00220077290082 0.000284331599502 -0.000341380239787 0.00055174687108 0.00117630904758 0.00160104270122 0.00218412742891 0.0251819096563 -1.83458454996e-07 0.00113135031536 
-0.000559912255246 0.00320399528598 0.0027329691921 -0.00010008313663 0.00155799255942 -0.000509086472458 -0.00104219811923 0.000662082621666 0.00284474070294 0.00455319626224 -0.00219247195261 -3.91333827907e-05 -0.000315224479561 0.000654433557823 -6.72937802622e-05 -0.00172503579691 0.00163473040177 0.00194064226885 0.00126676754912 0.00146481932441 1.76729438981e-05 -0.000397414414275 0.00177485261306 0.00264499496649 4.33453334583e-05 0.00149610792702 0.000620141598993 -1.83458454995e-07 0.0545544031043 0.000478647489255 
0.00051930788617 0.00359214949063 0.00370382864839 0.00162403504382 0.00272895751746 0.00144577003078 0.0005332339803 0.00392423347123 0.00306135912856 0.0002038191875 6.4982272712e-06 -1.39652288753e-05 0.00166402375851 0.00359803119426 -7.86679422433e-05 0.00486281680719 0.00242387735226 0.00190433356037 0.0039701775427 0.004331227963 0.0016825430018 0.00152923420495 0.00137008452862 0.000255212193681 0.00253974079729 0.00155262361913 0.00140364128504 0.00113135031536 0.000478647489255 0.0174724888653 

['MAT', 'PX', 'DOV', 'MEDI', 'IFF', 'KMB', 'FNM', 'JCP', 'APC', 'MRK', 'DYN', 'MYL', 'FDO', 'LSI', 'UIS', 'BNI', 'AN', 'LNC', 'LOW', 'MU', 'LMT', 'NFB', 'CSC', 'PNC', 'AFL', 'FITB', 'CB', 'MO', 'DJ', 'ETN']