20
0.0367129888202 0.161692830297 0.0316067218978 0.330982708656 0.0291549562933 0.0916609470377 0.022553065058 0.0436793340255 0.0300764430792 0.0101927526284 0.126514999345 0.0824662750087 0.1366928931 0.0464034886179 0.105904751354 0.10004428458 0.12825177486 0.114977551813 0.0520830917934 0.0300310371189 
0.303753081627 0.0174723299653 0.0367777934787 -0.00250452000037 0.0365272809489 0.0172437949551 0.0431495221424 0.0128804907337 0.0374831044588 0.0201102016577 0.043325801613 0.00938062836354 0.00309709595144 0.0223346364275 0.0274771569978 0.0676955240614 0.000541134755442 0.011792234539 0.00851662850133 0.0155059660366 
0.0174723299653 0.900595306688 0.0320831368155 0.0103539291527 0.00945806330314 0.00779591167849 0.00864143377357 0.0277197349529 0.00601047627036 0.0121640635095 0.0296756595259 0.00281452259542 0.00366143871438 0.0183930753604 0.00117770447987 0.0201298778108 0.0484278357269 0.0195806350782 0.0311446526084 0.033735148822 
0.0367777934787 0.0320831368155 0.154414066216 -0.000867747571517 0.0176327797367 0.00844592030517 0.0380779978346 0.0237047018671 0.0400705211541 0.0351240532528 0.0218387144512 0.0105365939758 0.0157132973707 0.0183904230946 0.0311662203211 0.0348954715798 0.0225291835534 0.0188593763186 0.02305262619 0.0107351821432 
-0.00250452000037 0.0103539291527 -0.000867747571517 1.01841769425 0.00796381536784 0.0322562269081 0.024440893384 0.0269241731124 0.00204847482405 0.0194303574532 0.0274784904478 0.0228315857076 0.0680369044113 -0.00197307367194 0.0529474161445 -0.00551465702071 0.0188006470685 0.0798130163517 0.0112085701715 0.00774433911965 
0.0365272809489 0.00945806330314 0.0176327797367 0.00796381536784 0.247983765011 0.0233889492513 0.0133386071664 -0.00532885432153 0.0100542390326 0.0158646350882 0.0028634991903 0.0130000815412 0.0307933237297 -0.00128543575827 -0.00259596106885 0.019737423599 0.0156904181433 0.00379179312167 0.0157028039324 0.0796433982425 
0.0172437949551 0.00779591167849 0.00844592030517 0.0322562269081 0.0233889492513 0.440134444344 -0.00108386933031 -0.0170366672103 0.0257139220412 0.0219167412968 -3.7147608011e-05 0.0201831305502 -0.00069071461336 0.00477958733111 0.00825817367359 0.030701174834 0.0429907112746 0.0159887134858 -0.0144300772174 -0.000281719878667 
0.0431495221424 0.00864143377357 0.0380779978346 0.024440893384 0.0133386071664 -0.00108386933031 0.257014908182 0.0192179210852 0.0127212424376 0.0277158931903 0.00764260894893 -0.0229062172601 0.000131492585331 -0.0047791393916 0.0253594138619 0.0234445357016 0.0099620661981 0.0130424220658 0.0203514281579 -0.0120292113862 
0.0128804907337 0.0277197349529 0.0237047018671 0.0269241731124 -0.00532885432153 -0.0170366672103 0.0192179210852 0.212172560992 0.00196235873638 0.0237114406288 0.0533851452199 0.0493607947143 0.00254285003589 -0.00604314643773 0.0260314920533 0.0418060493123 0.0186594314528 0.0209997827239 0.0443659275911 0.019511856495 
0.0374831044588 0.00601047627036 0.0400705211541 0.00204847482405 0.0100542390326 0.0257139220412 0.0127212424376 0.00196235873638 0.381323903127 0.0255415383666 0.0233023733695 0.00290817725433 0.0268743174614 0.00357094739314 0.0132292965135 0.0281509662711 -0.00673303979418 0.00874762074987 -0.00280301292692 -0.00411818820409 
0.0201102016577 0.0121640635095 0.0351240532528 0.0194303574532 0.0158646350882 0.0219167412968 0.0277158931903 0.0237114406288 0.0255415383666 0.261735037095 0.0113548623617 0.0137303053217 0.0119661692919 0.0235445134663 0.0582419942141 0.0493989478203 0.00632092540754 -0.0163936969498 0.00701655423708 0.0129378818079 
0.043325801613 0.0296756595259 0.0218387144512 0.0274784904478 0.0028634991903 -3.71476080112e-05 0.00764260894893 0.0533851452199 0.0233023733695 0.0113548623617 0.267337936993 0.0612977761837 0.00195368617879 0.0122779789264 0.016159653084 0.0654012120172 0.0400087142177 0.0431727162979 0.0441994964267 0.00927228134339 
0.00938062836354 0.00281452259542 0.0105365939758 0.0228315857076 0.0130000815412 0.0201831305502 -0.0229062172601 0.0493607947143 0.00290817725433 0.0137303053217 0.0612977761837 0.456341348512 0.0276016463725 -0.0085082983846 0.0199515814426 0.0390245683364 0.0929383822219 0.029359375677 0.0452568263891 0.0129948291598 
0.00309709595144 0.00366143871438 0.0157132973707 0.0680369044113 0.0307933237297 -0.00069071461336 0.000131492585331 0.00254285003589 0.0268743174614 0.0119661692919 0.00195368617879 0.0276016463725 0.523607408611 0.000669446838283 0.0146898691513 0.0299805307418 0.0317521483481 0.0584497251614 0.00567285735523 0.0141664927039 
0.0223346364275 0.0183930753604 0.0183904230946 -0.00197307367194 -0.00128543575827 0.00477958733111 -0.0047791393916 -0.00604314643773 0.00357094739314 0.0235445134663 0.0122779789264 -0.0085082983846 0.000669446838283 0.193314788832 0.0328549434908 0.0166448688014 0.0103115188112 -0.00809082255882 -0.00519467095661 -0.000854396033723 
0.0274771569978 0.00117770447987 0.0311662203211 0.0529474161445 -0.00259596106885 0.00825817367359 0.0253594138619 0.0260314920533 0.0132292965135 0.0582419942141 0.016159653084 0.0199515814426 0.0146898691513 0.0328549434908 0.425086739335 0.016717003242 0.0137141426222 -0.0189893208143 0.0302603346321 0.0162275210659 
0.0676955240614 0.0201298778108 0.0348954715798 -0.00551465702071 0.019737423599 0.030701174834 0.0234445357016 0.0418060493123 0.0281509662711 0.0493989478203 0.0654012120172 0.0390245683364 0.0299805307418 0.0166448688014 0.016717003242 0.522227031464 0.00711052702312 0.0355655673637 0.0363347304836 0.015135705164 
0.000541134755442 0.0484278357269 0.0225291835534 0.0188006470685 0.0156904181433 0.0429907112746 0.0099620661981 0.0186594314528 -0.00673303979418 0.00632092540754 0.0400087142177 0.0929383822219 0.0317521483481 0.0103115188112 0.0137141426222 0.00711052702312 0.54331077504 0.0266977338823 -0.00425995707769 0.0216529326919 
0.011792234539 0.0195806350782 0.0188593763186 0.0798130163517 0.00379179312167 0.0159887134858 0.0130424220658 0.0209997827239 0.00874762074987 -0.0163936969498 0.0431727162979 0.029359375677 0.0584497251614 -0.00809082255882 -0.0189893208143 0.0355655673637 0.0266977338823 0.609853529771 0.0225220575174 -0.00208065499994 
0.00851662850133 0.0311446526084 0.02305262619 0.0112085701715 0.0157028039324 -0.0144300772174 0.0203514281579 0.0443659275911 -0.00280301292692 0.00701655423708 0.0441994964267 0.0452568263891 0.00567285735523 -0.00519467095661 0.0302603346321 0.0363347304836 -0.00425995707769 0.0225220575174 0.228976805631 0.00773137498107 
0.0155059660366 0.033735148822 0.0107351821432 0.00774433911965 0.0796433982425 -0.000281719878667 -0.0120292113862 0.019511856495 -0.00411818820409 0.0129378818079 0.00927228134339 0.0129948291598 0.0141664927039 -0.000854396033724 0.0162275210659 0.015135705164 0.0216529326919 -0.00208065499994 0.00773137498107 0.258029106921 
0.0263057885167 0.00151314816132 0.00318505034477 -0.000216897794461 0.00316335532329 0.00149335644888 0.00373685823365 0.00111548321886 0.0032461320674 0.00174159455108 0.00375212448361 0.000812386246629 0.000268216377191 0.00193423625305 0.00237959159839 0.00586260435597 4.68636445084e-05 0.00102123746782 0.000737561663675 0.00134285604979 
0.00151314816132 0.0779938414121 0.00277848115153 0.000896676567521 0.000819092309112 0.000675145755923 0.000748370117304 0.00240059946554 0.000520522513897 0.00105343880125 0.00256998750235 0.000243744806716 0.000317089894106 0.00159288705158 0.000101992199772 0.00174329855592 0.00419397359898 0.00169573273999 0.00269720603509 0.00292154958803 
0.00318505034477 0.00277848115153 0.0133726504045 -7.51491441006e-05 0.00152704351914 0.000731438154262 0.003297651345 0.0020528874006 0.00347020892623 0.00304183224008 0.00189128815007 0.000912495805243 0.00136081147002 0.00159265735863 0.0026990738538 0.00302203648651 0.00195108452837 0.00163326989914 0.00199641599045 0.000929694045023 
-0.000216897794461 0.000896676567521 -7.51491441006e-05 0.0881975594881 0.00068968664196 0.00279347119327 0.00211664345617 0.00233170178913 0.000177403123664 0.0016827183159 0.00237970707854 0.00197727332315 0.0058921687615 -0.000170873192344 0.00458538074459 -0.000477583307309 0.00162818379689 0.00691200997132 0.000970690650866 0.000670679441313 
0.00316335532329 0.000819092309112 0.00152704351914 0.00068968664196 0.0214760240225 0.00202554242194 0.00115515726572 -0.000461492321551 0.000870722641793 0.00137391770081 0.000247986304252 0.00112584008659 0.00266678006169 -0.000111322002159 -0.000224816823286 0.0017093110242 0.00135883007081 0.000328378916926 0.00135990271161 0.00689732061217 
0.00149335644888 0.000675145755923 0.000731438154262 0.00279347119327 0.00202554242194 0.0381167609883 -9.38658374434e-05 -0.00147541865999 0.00222689097186 0.00189804547312 -3.21707722273e-06 0.00174791037844 -5.98176401935e-05 0.000413924404835 0.000715178819019 0.00265879973323 0.00372310480906 0.00138466320525 -0.00124968134489 -2.43976571677e-05 
0.00373685823365 0.000748370117304 0.003297651345 0.00211664345617 0.00115515726572 -9.38658374434e-05 0.0222581439637 0.00166432078677 0.00110169191186 0.00240026675913 0.000661869350097 -0.00198373660519 1.13875919306e-05 -0.000413885612136 0.00219618966295 0.00203035634975 0.000862740240173 0.00112950688359 0.0017624853788 -0.0010417602648 
0.00111548321886 0.00240059946554 0.0020528874006 0.00233170178913 -0.000461492321551 -0.00147541865999 0.00166432078677 0.0183746827805 0.000169945251704 0.00205347099449 0.00462328919451 0.00427477021736 0.000220217272909 -0.000523351833386 0.00225439334165 0.00362051007363 0.00161595416583 0.00181863453128 0.00384220203564 0.00168977633997 
0.0032461320674 0.000520522513898 0.00347020892623 0.000177403123664 0.000870722641793 0.00222689097186 0.00110169191186 0.000169945251704 0.0330236187178 0.00221196210772 0.00201804473064 0.000251855538096 0.00232738416309 0.000309253115804 0.00114569068549 0.00243794519319 -0.000583098350645 0.000757566179206 -0.000242748040185 -0.000356645560231 
0.00174159455108 0.00105343880125 0.00304183224008 0.0016827183159 0.00137391770081 0.00189804547312 0.00240026675913 0.00205347099449 0.00221196210772 0.0226669191185 0.000983359926168 0.00118907932103 0.00103630065928 0.00203901467816 0.00504390465565 0.00427807437326 0.000547408197836 -0.00141973580205 0.000607651421634 0.00112045343168 
0.00375212448361 0.00256998750235 0.00189128815007 0.00237970707854 0.000247986304252 -3.21707722275e-06 0.000661869350097 0.00462328919451 0.00201804473064 0.000983359926168 0.0231521444831 0.00530854313706 0.000169194186185 0.00106330416574 0.00139946700871 0.00566391110452 0.00346485628853 0.00373886690643 0.003827788674 0.000803003119441 
0.000812386246629 0.000243744806716 0.000912495805243 0.00197727332315 0.00112584008659 0.00174791037844 -0.00198373660519 0.00427477021736 0.000251855538096 0.00118907932103 0.00530854313706 0.0395203200608 0.00239037269449 -0.000736840254404 0.00172785763749 0.00337962675511 0.00804869999908 0.00254259651756 0.00391935613476 0.00112538521703 
0.000268216377191 0.000317089894106 0.00136081147002 0.0058921687615 0.00266678006169 -5.98176401935e-05 1.13875919306e-05 0.000220217272909 0.00232738416309 0.00103630065928 0.000169194186185 0.00239037269449 0.0453457317467 5.79757968437e-05 0.00127217998633 0.00259639012413 0.00274981670942 0.0050618946834 0.000491283858167 0.00122685425641 
0.00193423625305 0.00159288705158 0.00159265735863 -0.000170873192344 -0.000111322002159 0.000413924404835 -0.000413885612136 -0.000523351833386 0.000309253115804 0.00203901467816 0.00106330416574 -0.000736840254404 5.79757968437e-05 0.0167415518055 0.0028453215703 0.00144148792246 0.000893003724209 -0.000700685787345 -0.000449871701272 -7.39928670097e-05 
0.00237959159839 0.000101992199772 0.0026990738538 0.00458538074459 -0.000224816823286 0.000715178819019 0.00219618966295 0.00225439334165 0.00114569068549 0.00504390465565 0.00139946700871 0.00172785763749 0.00127217998633 0.0028453215703 0.0368135915076 0.00144773494828 0.00118767959019 -0.00164452342258 0.00262062185184 0.00140534454835 
0.00586260435597 0.00174329855592 0.00302203648651 -0.000477583307309 0.0017093110242 0.00265879973323 0.00203035634975 0.00362051007363 0.00243794519319 0.00427807437326 0.00566391110452 0.00337962675511 0.00259639012413 0.00144148792246 0.00144773494828 0.045226187579 0.000615789703632 0.0030800684837 0.00314667996384 0.00131079051762 
4.68636445084e-05 0.00419397359898 0.00195108452837 0.00162818379689 0.00135883007081 0.00372310480906 0.000862740240173 0.00161595416583 -0.000583098350645 0.000547408197836 0.00346485628853 0.00804869999908 0.00274981670942 0.000893003724209 0.00118767959019 0.000615789703632 0.0470520933335 0.00231209157655 -0.000368923104831 0.00187519897776 
0.00102123746782 0.00169573273999 0.00163326989914 0.00691200997132 0.000328378916926 0.00138466320525 0.00112950688359 0.00181863453128 0.000757566179206 -0.00141973580205 0.00373886690643 0.00254259651756 0.0050618946834 -0.000700685787345 -0.00164452342258 0.0030800684837 0.00231209157655 0.0528148649369 0.00195046739556 -0.000180190008646 
0.000737561663675 0.00269720603509 0.00199641599045 0.000970690650866 0.00135990271161 -0.00124968134489 0.0017624853788 0.00384220203564 -0.000242748040185 0.000607651421634 0.003827788674 0.00391935613476 0.000491283858167 -0.000449871701272 0.00262062185184 0.00314667996384 -0.000368923104831 0.00195046739556 0.0198299730554 0.000669556713979 
0.00134285604979 0.00292154958803 0.000929694045023 0.000670679441313 0.00689732061217 -2.43976571677e-05 -0.0010417602648 0.00168977633997 -0.000356645560231 0.00112045343168 0.000803003119441 0.00112538521703 0.00122685425641 -7.39928670097e-05 0.00140534454835 0.00131079051762 0.00187519897776 -0.000180190008646 0.000669556713979 0.0223459761509 

['S', 'ADBE', 'MTB', 'CIEN', 'AVY', 'FDX', 'ALL', 'ETR', 'HRB', 'INTC', 'AYE', 'DVN', 'OMX', 'LLY', 'TSG', 'BC', 'NEM', 'ADM', 'CNP', 'OMC']