60
0.035272852014 0.143828325424 0.0639224219563 0.0301217617298 0.080702843163 0.0169596300077 0.0637387331612 0.065309734793 0.0335790413719 0.0415097954764 0.191301962015 0.0506132512338 0.0129348444485 0.0431194173031 0.0166595463284 0.256023639664 0.0566389432936 0.0729597235382 0.151477321577 0.0429486266904 0.0444525953717 0.00633581846688 0.0291549562933 0.101022755506 0.0256858872149 0.0437038130991 0.0737969483193 0.0288411222523 0.0649337142294 0.0842142990337 0.0248803539628 0.170228010564 0.0963264580192 0.0384658872101 0.144106781955 0.0825599502725 0.110578936942 0.10004428458 -0.00953493093171 0.0539269159384 -0.0014382556632 0.0807794462486 0.0801839086902 0.0607700526619 0.102568127786 0.13190386478 0.0189508527873 0.105790500039 0.0714432896303 0.0433119494187 0.18030920859 0.0800542827641 0.0283464571838 0.0766259396051 0.0279461936292 0.112278324126 0.0571643700905 0.0905877796438 0.114977551813 0.0146303634135 
0.251706441954 0.0234467749879 -0.00192971453878 -0.00117518905797 -0.00532044205448 0.014061939736 -0.00474394346498 0.0423620881131 0.0062652722385 0.019340437009 0.00202632883653 0.00431723626048 0.0333280399479 0.0129075507526 0.0132145562982 -0.0102177476526 0.0209628439947 0.00248584661569 -0.000469235684406 0.00422551662292 0.00485817239884 0.00816530555181 0.0215903650332 0.0154497285097 0.0130525584179 0.0384381420848 0.0246123403323 0.0134581988005 0.00772506606847 0.0222186745813 0.0189552800148 0.00290564406359 0.0124067849297 -0.00405847306731 -0.00275770705804 -0.0114421812693 0.00153661271787 0.0410417011335 -0.00898040439378 0.0110088505287 -0.011124345549 0.0482397271432 0.0513249545509 0.00771218735185 0.0405805850178 -0.0160394243355 0.0302235784161 0.00748204031107 -0.00815415357015 0.00981461414645 0.0308552852386 0.00260144849545 0.0238605622083 0.0312563429487 0.00836567903041 -0.00475241192973 0.00924044112605 0.00372917543153 0.00175800783821 0.0116643152034 
0.0234467749879 0.591610404105 0.00046367550305 0.00174341487477 -0.00260280898154 0.0123989513752 0.0047419587529 -0.00601888652339 0.0470144345709 -0.0176625161352 0.00457706656374 0.0238895592184 0.00525056831906 -0.0197331479498 0.00809345472267 0.0287789376153 -0.00816045204584 0.00352746233179 -0.0195918252809 0.00923446858368 0.00481522135088 0.00877600397898 -0.00480290322005 -0.00321576030409 -0.000513625851302 -0.00533811473916 0.00796587509643 0.0234140611203 0.00624408623931 0.0155607320702 0.0107647720299 -0.0205608581165 0.0442742794089 0.0309583589744 -0.0080700645001 0.0353360944894 0.00511305701363 0.0348127832893 0.0281541466862 0.00432199685638 0.0558355028444 0.0264230419106 0.0355365370281 0.0219461006796 0.0237006040142 -0.0157946579916 0.00639653519327 0.0201212080067 -0.0156100155335 0.00496673462618 -0.00119335479119 0.0116822870055 0.0129740824456 0.0352721288005 0.00674796170819 -0.00822308439165 0.0182711034758 -0.00817840533257 0.0170746579852 0.018375981971 
-0.00192971453878 0.00046367550305 0.421126295842 0.00926153609727 0.0551008455975 0.0295368186525 0.0339846371211 0.0314193287041 -0.00144985434998 0.00655800088485 0.00603184384541 0.0159160315111 0.00665963216756 0.0297636884163 0.0226502454653 0.0349464552928 -0.00190284623002 0.0894069194987 0.0358491685566 0.0231475217548 0.0306998558984 0.0171898356024 0.00737198896246 0.0477436131411 0.0148350943177 0.0317658286586 0.0145978873926 0.0227325986574 0.0278127050178 0.0556846359098 0.0498563430348 0.0189027669622 0.0346921158977 0.0309328437763 -0.02367894869 -0.00899482825443 -0.00360098395612 0.0558374114056 0.0218064598819 0.0138829834663 -0.000440574357437 0.00633158000829 0.0188326317566 0.0356155765375 0.0284047336687 -0.0112182762976 0.0224616954405 0.00873059437689 -0.00439470530303 0.0257136649783 -0.0155157805221 0.0341639225526 0.0324361371633 0.00474165633453 0.0267240463882 -0.0121574988839 0.0232210861454 0.0960655477249 0.0242979258873 0.00618702574337 
-0.00117518905797 0.00174341487477 0.00926153609727 0.179405109374 0.00466143704087 -0.00375730157912 0.0150376251252 0.0123353537928 0.00416124186349 0.00160651779234 0.00304189416162 0.023634929885 0.0305625403573 0.0106637284482 -0.00613410709649 0.00771441114157 0.000469268361343 0.0208535268557 -0.00554185240817 -0.000566910457389 0.00768738214423 0.0293264633587 0.0124603576447 -0.00814229916849 0.0124277759377 -0.00167259777113 0.0134903418163 0.0163795821969 0.00326350429774 0.0128498602511 0.0120476118065 0.0102075698504 0.00663873698804 0.0036002269414 0.0132975404994 -0.00164426331874 0.00374504421109 0.00727264589484 0.0114612607446 -0.00503132531786 -0.0101899953252 0.00651312698013 -0.00989532733187 0.0021289020223 0.0286725882762 -0.011798896944 0.00391949877511 0.00103395542669 -0.00766229058845 0.0244158711813 0.00579835600762 0.0264582870399 0.00844878809608 0.0132648852126 -0.00531352124179 0.0223598563687 0.0149983037563 0.0167684396374 0.00876372346362 0.0184385132209 
-0.00532044205448 -0.00260280898154 0.0551008455975 0.00466143704087 0.333353393598 0.0236360717614 0.13855421958 0.00454485524741 -0.00850064573818 0.184910875022 0.0431672744267 0.00307213045329 -0.00316206280777 0.0280091240981 0.0191421852568 0.0454956258499 0.0130916677486 0.171713772099 0.037739840713 0.0088331814937 0.0817045314085 -0.00183525381615 0.0273829058624 -0.00373962924036 0.00628004133136 0.0146555186129 0.0152796791999 -0.0141277621174 0.0339057799888 0.0385945003443 -0.00512381710801 0.00324025741777 0.00180148813046 -0.00877580409913 0.0259011885381 -0.0205004192072 0.00847420728562 0.0247869649564 -0.0175383328644 0.0289123540376 0.00874286705534 0.00234222924104 -0.00240949211273 0.017291518902 -0.00251317534409 -0.0259503018143 0.0369892890747 0.00522126394429 0.0258723814957 -0.0109162364834 0.0404671588287 0.00570810195963 -0.00696643882505 0.00255875058357 0.00375577771185 0.0156791474362 0.00424932759741 0.0185205758344 0.013667702864 -0.0126240324834 
0.014061939736 0.0123989513752 0.0295368186525 -0.00375730157912 0.0236360717614 0.185884073498 0.0477141140132 -0.000567314497531 0.00880809794968 0.049201484083 0.0353406926977 0.0279709586465 0.0118195733101 0.000775248094261 0.0321411254861 -0.000987067792413 -0.00368796039135 0.0395220362589 0.0303680817148 0.00138981205855 0.0405975873626 -0.00247903434754 0.0189542513003 0.0115802436871 0.0324499657167 0.0235429119798 0.0158070371791 0.0257104951935 0.0221861022614 0.00337505833766 0.03874693168 0.0131832505223 0.0162883290614 0.0266197418139 -0.00733254243818 -0.00109149704912 0.00192827180605 0.0332040580171 0.0115360472309 0.0144415767749 0.0143202564984 0.00168692206449 0.00656717538223 0.00992735152465 0.0241818863488 -0.00265477243945 -0.0120052255938 0.015087914658 0.0151162478027 0.0271513744345 0.0499089760492 -0.012886822647 0.0136023026752 0.0252767228161 8.46070531803e-05 -0.00499755033512 0.0228724334832 0.00202138548011 0.0113926729407 0.00750582332181 
-0.00474394346498 0.0047419587529 0.033984637121 0.0150376251252 0.13855421958 0.0477141140132 0.35188669091 -0.0112135832018 -0.0107838368535 0.142544556884 0.0762162690451 -0.00180367290462 -0.00751940016915 0.00475432770983 0.0300777252633 0.00024856820727 0.0050464110807 0.166622621386 0.022076945731 0.00277046249942 0.0817712298512 -0.00474438910876 0.0285061471284 -0.0193033387708 0.00999370173149 0.0162260105007 0.00111675569034 -0.00974194707223 0.0280998604429 0.000737790001248 0.0344894557673 0.00514362143297 0.0188431286831 0.00587781775957 0.00310523832949 0.00299781195787 0.0461662820453 -0.02657834394 0.0201209897434 -0.00785340981808 0.0102629508019 -0.000211305092643 0.00216928183125 -0.0249305355916 -0.019879678011 -0.0294527976118 -0.00187883623497 -0.000351448894448 0.0455685056123 -0.00211852468023 0.00190497150459 0.021909371701 0.00797916941398 0.00735499415567 0.00316612723706 0.0177541391585 0.00795070888112 0.0301947419081 0.00988446574765 0.00421431080915 
0.0423620881131 -0.00601888652339 0.0314193287041 0.0123353537928 0.00454485524741 -0.000567314497531 -0.0112135832018 0.296416431767 0.00638558819663 -0.00296797100884 0.00851707392716 0.00459458229482 0.0189093618601 0.0185252975523 0.00926268375704 0.0410673497304 0.000515955812465 0.00490429064487 0.0396923233354 0.0148285006808 0.0195395806723 0.0293238546392 -0.00487579794602 -0.0181833680655 -0.000104251283367 0.0522369844737 0.0264598760308 -0.0122972253944 0.0415928344027 0.0492177164378 0.0140781384711 0.0151836836763 0.0107482640016 0.0244253430069 0.0145408655498 -0.00833167019387 -0.00330283032153 0.0114701835033 -0.00454527318195 0.0107923875382 0.0379206448843 0.0115138173171 0.0358758126984 0.0226017929664 0.0150016356081 0.00731349802125 0.0217472704157 -0.00221546927889 0.010326530491 0.0169720907227 0.0596375690158 -0.00555864310127 0.0107908245199 -0.00157855992067 0.00382734734781 0.01749949475 0.00805554179507 0.00526946970311 0.00321108755496 0.0129933454167 
0.0062652722385 0.0470144345709 -0.00144985434998 0.00416124186349 -0.00850064573818 0.00880809794968 -0.0107838368535 0.00638558819663 0.230526738582 -0.0171241415253 0.0219443570162 -0.00389315015869 0.0203541185998 -0.0032800261772 0.00829943400294 0.0192383204566 -0.00350425237655 -0.0111858127154 0.0423763356256 0.013225170071 0.014653548731 0.0189321493936 0.012059790126 0.00913449747329 -0.0026788093936 0.00754259476019 0.00266876607482 -0.00894978587087 0.025560628774 0.0140937563324 0.00673883568807 0.031890698795 0.00245341208499 -0.00330469711509 0.0177714169445 0.0376576644124 0.034629673387 0.0111920933815 0.00325648788098 0.0119408126759 0.0117816512372 0.0113402316371 -0.00192041813317 0.0223593127403 0.0102424627758 0.00599931923333 0.00840642645995 0.0172728934936 -0.00588990553043 0.0275040475677 0.00547462421604 0.0163649485555 0.011780740994 0.0185221612299 0.0238711752286 0.00790833300309 -0.00246313862555 0.00894604297558 0.022495003688 0.00398558646713 
0.019340437009 -0.0176625161352 0.00655800088485 0.00160651779234 0.184910875022 0.049201484083 0.142544556884 -0.00296797100884 -0.0171241415253 0.360455536676 0.0561715315438 0.0018880361859 -0.0101103169906 -0.000369634575058 0.0242847803482 0.0543961827877 0.00442612797692 0.164483367979 0.0820588970189 0.0138196142336 0.0878387602982 -0.0206401044252 0.0338507823037 -0.00719451372916 0.0102837529267 0.00232380257114 0.00241014450525 -0.00103735725813 0.0239270165857 0.00549050537167 -0.00848872617569 -0.00856116784702 0.000611082927113 -0.000966859904849 0.00424806512402 -0.00656536616375 0.0188720264332 0.0311197122289 -0.0141056818616 0.00415296213758 0.0143891160821 0.0105642013088 -0.00750435585545 0.0077042502934 0.00881647761221 -0.0165053108963 -0.00915285214193 0.0116661641748 -0.0196115310152 -6.77508042389e-05 0.0173440999777 -0.00337669945837 0.0151107397148 0.00584529138374 0.0102616661264 -0.00111506151398 0.0140492416364 0.0120619216839 -0.00329929904401 0.00460765482428 
0.00202632883653 0.00457706656374 0.00603184384541 0.00304189416162 0.0431672744267 0.0353406926977 0.0762162690451 0.00851707392716 0.0219443570162 0.0561715315438 0.425852003418 0.00530398056784 0.00377210081857 0.00115718591174 0.0285510480495 0.0133935151788 0.000435606669855 0.0552202662876 0.0202282491437 0.00902514424137 0.00937080675517 0.00868735862832 -0.00298101252525 -0.0439862749925 0.000794664209262 0.017742213438 0.0312705481844 0.00432535058817 0.0346479199124 0.0130826068957 0.0140817642558 0.0976968854149 0.0400462651504 0.0158188252397 0.0437579764695 -0.00244777300264 0.0517149590377 0.0351696564495 0.0118300899163 0.0345283694747 0.0136185406903 0.0070910010271 0.034060459653 0.0278230049167 0.0238336318031 0.0146079727246 0.0500027513419 -0.0160632367855 0.027355682588 0.00391923763138 0.063468138929 0.0463676212036 0.010770872083 -0.0113571607839 -0.00207243275679 0.0285094785004 0.0206877217024 0.0513231703956 0.0052655755193 0.0170439300165 
0.00431723626048 0.0238895592184 0.0159160315111 0.023634929885 0.00307213045329 0.0279709586465 -0.00180367290462 0.00459458229482 -0.00389315015869 0.0018880361859 0.00530398056784 0.136192825773 0.0150051778318 0.0047733247012 0.0153105298582 0.0321246597509 -0.00460047466129 0.00807652144412 0.00337164758341 0.0139535160697 0.0157352962649 0.0149754494888 0.0088365923743 0.00574174522704 0.038534903202 0.0195429777395 0.00804287261608 0.0512026599847 0.0265353079721 -0.000116283283562 0.0110071769718 0.00908041904484 0.0202288289632 0.0347689193747 0.0161997473243 0.0279948145154 0.0178991066181 0.00979371481179 0.0127990254537 0.0147532174609 -0.00168639220707 0.00877158381315 0.0503771912596 0.0104326175114 0.0185156727593 0.00726972331388 -0.00346443447628 0.00971008907415 0.0111040881048 0.029332922135 0.00514252722586 0.0165790709246 0.018468740846 0.0290633127635 0.00996646593092 0.02751465197 0.0300220762218 0.00537219517028 -0.00807285834691 0.00570753441725 
0.0333280399479 0.00525056831906 0.00665963216756 0.0305625403573 -0.00316206280777 0.0118195733101 -0.00751940016915 0.0189093618601 0.0203541185998 -0.0101103169906 0.00377210081857 0.0150051778318 0.151414259829 0.00151816667142 0.00525191605686 0.0117892012967 0.0105363583013 0.0101413956581 -0.000827164703171 0.00231109440743 0.0215806129098 0.0180649082705 0.00949492579078 0.0196987423757 0.0032965816775 -0.00107419652227 0.013727210869 0.0179152206536 0.0110087763793 0.00599836373712 0.0202377445897 0.00741700990421 0.0304373583994 0.0309571910974 0.0109213217481 0.024323022805 0.021853616703 0.00786232321371 0.0128776059768 0.0104527568897 0.0105444058903 0.00349461138213 0.0144625564106 0.00184135792048 0.0242756541672 -0.0186163094773 0.0202006126581 0.021475641344 0.00371818025594 0.0166611465944 0.0124394628488 0.0131464792407 0.0167498381085 0.0223879852321 0.0182741336492 0.00457460861332 0.0190307049751 -0.00242368400531 -0.00390329825307 0.0156706510361 
0.0129075507526 -0.0197331479498 0.0297636884163 0.0106637284482 0.0280091240981 0.000775248094261 0.00475432770983 0.0185252975523 -0.0032800261772 -0.000369634575058 0.00115718591174 0.0047733247012 0.00151816667142 0.16506324085 -0.00432798281521 0.00451571236274 0.00542795223368 0.0194299659954 0.0106255050576 0.00524301376476 -0.00487471162996 0.0218378376509 0.0293248362954 0.0158170982062 0.00776596573905 0.0202723718639 0.0266222459574 0.0103815946477 0.0246772732109 -0.0135419172671 0.0232692264703 -0.00115624396549 0.021474680001 0.0173173745698 0.0185638340364 0.019719086411 -0.0027420276888 0.0327987874796 3.82294033631e-05 0.00353353417114 0.0133743655522 0.0109972054057 0.0130508216927 0.0202885339193 0.0355501805063 0.00633113899552 0.00249561694974 -0.00748769080344 -0.00599875719233 0.0115130105345 0.039299476645 0.013120230026 0.0200912899984 0.00279143671067 0.00728250816899 0.0225518999546 0.026005529739 0.0282811104302 -0.00927446217532 -0.00480627111056 
0.0132145562982 0.00809345472267 0.0226502454653 -0.00613410709649 0.0191421852568 0.0321411254861 0.0300777252633 0.00926268375704 0.00829943400294 0.0242847803482 0.0285510480495 0.0153105298582 0.00525191605686 -0.00432798281521 0.195478465283 0.0300513015767 0.0225739342995 0.0444880619407 0.00249616869285 0.0104037530045 0.0315500370127 0.0155060169959 0.00657404081906 0.00330889876189 0.0328154134372 0.0162775746005 0.0282967008105 0.0166123189135 0.00182649482491 0.0141800478312 0.00643300708792 0.00211907480736 0.0295220878086 0.0194416115291 0.0103458120447 0.0129512313198 0.0119258804878 0.0208390051814 0.00418480074383 0.0196601695008 0.00393408473856 0.00748556206942 0.0406796983877 -0.00971487394158 0.0207536744525 -0.0345854952608 -0.00179191144368 0.0250916422938 0.0223222251256 0.0221255768724 0.0144213579834 0.0111080450759 0.019146725353 0.0188651820855 -0.00219496388479 0.023267114384 0.0270284671378 0.0156269792147 0.0123557236055 0.00735883308945 
-0.0102177476526 0.0287789376153 0.0349464552928 0.00771441114157 0.0454956258499 -0.000987067792412 0.000248568207269 0.0410673497304 0.0192383204566 0.0543961827877 0.0133935151788 0.0321246597509 0.0117892012967 0.00451571236274 0.0300513015767 0.685151243605 0.0104031270188 0.0443335358261 0.00816009821618 0.0115856445154 0.0289024027604 0.0411565604365 0.00111370678999 -0.00290546134343 0.0325336705283 0.0107777449838 0.0252725092636 0.0213653354362 0.0232895758188 0.0547288753273 0.0265741276522 0.0791233139599 0.123155470884 0.0278095938185 -0.00646959659565 0.012783213658 0.0114908384966 0.0354461513118 0.0338567478886 0.0266406900319 -0.0122720390586 -0.00751107933102 -0.00349263544736 0.0434232922793 0.0298805447816 0.0241572019818 0.0283354524015 0.0495588532573 0.038356888522 0.00423376807686 -0.0380896786714 0.00952660172268 0.038436562995 0.0233348435449 0.0305104737584 0.0187608301302 0.0132809269122 0.0142707620806 -0.0162772905663 0.00646331890979 
0.0209628439947 -0.00816045204584 -0.00190284623002 0.000469268361343 0.0130916677486 -0.00368796039135 0.0050464110807 0.000515955812464 -0.00350425237655 0.00442612797692 0.000435606669855 -0.00460047466129 0.0105363583013 0.00542795223368 0.0225739342995 0.0104031270188 0.200932842643 0.0113803839735 0.0130289010033 0.0276112272527 -0.00864684212217 0.0229215898374 0.00109343518496 0.0103468890786 0.000146293560836 -0.00391656693377 0.0178903665871 0.00503240678336 0.016274217214 0.0218584240545 0.00985414182802 0.0175221937551 -0.0146207143972 0.0141107468383 -0.00693644340227 -0.00822224154381 0.00449543910976 -0.002028529466 -0.00428960881583 0.0132740329235 -0.0113510789191 0.00505313901311 0.0102534064887 -0.00410580485148 0.011438644502 0.00459007468106 0.00135080891543 0.00111014880871 -0.00403074165826 0.00695527191899 -0.00552760321744 0.00425413247148 0.00415583784405 -0.00122828075831 -0.00542800788121 0.0153733724782 -0.00424789325166 -0.00994458823422 0.0386862654845 -0.00112265519404 
0.00248584661569 0.00352746233179 0.0894069194987 0.0208535268557 0.171713772099 0.0395220362589 0.166622621386 0.00490429064487 -0.0111858127154 0.164483367979 0.0552202662876 0.00807652144412 0.0101413956581 0.0194299659954 0.0444880619407 0.0443335358261 0.0113803839735 0.390351980002 0.0276994665564 0.00172978582424 0.0837329232327 -0.00797046243015 0.0177573246164 -0.0145426153482 0.0154182114167 0.0277660821628 0.0196564944479 0.010376348813 0.0221697752453 0.0576195937988 -0.0125974853066 0.0182650231896 0.000747155801558 -0.00475425391661 -0.000131099235011 -0.00972231582706 0.0213200849046 0.0136883067404 -0.0076527230397 0.0224479446509 -0.0125020406577 0.0103909457513 0.0158175988572 0.0213933045733 0.00625585523215 -0.00419906468047 0.00342492771075 0.0368021217758 0.0298176425803 0.0120849828083 0.0269394215327 0.00633608884753 -0.00980803326144 0.0296053894794 0.0204150172628 -0.00643672127052 0.0220926143118 0.0759332143901 0.000223161650501 -0.0122436575827 
-0.000469235684406 -0.0195918252809 0.0358491685566 -0.00554185240817 0.037739840713 0.0303680817148 0.022076945731 0.0396923233354 0.0423763356256 0.0820588970189 0.0202282491437 0.00337164758341 -0.000827164703171 0.0106255050576 0.00249616869285 0.00816009821618 0.0130289010033 0.0276994665564 0.551427375998 0.0163686046345 0.0515124268525 0.0158757709893 0.0165672131762 0.00877934467041 0.0232311130596 0.0268199533033 -0.0162051828047 0.0169513172222 0.0444925541487 0.0522674261688 0.0534676631881 0.00361182748077 0.0245891404684 0.0242819129197 0.0340536277095 0.0360716510992 0.0290895726993 0.0425732768801 0.00380244200149 0.00921937638908 -0.00838674586523 0.0791382062106 0.00775619937123 0.0293968936641 0.00615315781167 -0.00792795793712 0.0155426746893 -0.0154950642744 0.0142030226803 0.019062505757 -0.0308868479325 0.00330265068951 0.0142175067441 -0.00305347109852 -0.00228401746762 0.0127362977935 0.0270899310997 0.0115270790863 0.0437691321422 0.0095429947329 
0.00422551662292 0.00923446858368 0.0231475217548 -0.000566910457389 0.0088331814937 0.00138981205855 0.00277046249942 0.0148285006808 0.013225170071 0.0138196142336 0.00902514424137 0.0139535160697 0.00231109440743 0.00524301376476 0.0104037530045 0.0115856445154 0.0276112272527 0.00172978582424 0.0163686046345 0.202014127235 0.016394582561 0.0103091445913 -0.00479585250822 0.0231256239307 0.00547925768173 0.007804378082 0.0140335182367 0.00709740514794 0.0166868495336 0.0114481776757 -0.00647249124801 0.0145322053644 0.0121255213274 0.0110175761702 0.00557778218364 0.041865784214 0.0317006472063 0.0247402677529 0.00952513011723 -0.00402311117641 0.0145330267013 -0.00139479851715 -0.0143937867844 0.00278333298208 0.0311259396147 0.00824582161246 -0.000810896803817 0.00504087554133 0.0253946038458 0.0139422099888 -0.0139442987049 0.0175292543138 0.00687414297202 -0.00953771113955 0.019216803554 0.0141525824352 0.00727448696443 0.0256788836887 0.0158211229421 0.00857803353129 
0.00485817239884 0.00481522135088 0.0306998558984 0.00768738214423 0.0817045314085 0.0405975873626 0.0817712298512 0.0195395806723 0.014653548731 0.0878387602982 0.00937080675517 0.0157352962649 0.0215806129098 -0.00487471162996 0.0315500370127 0.0289024027604 -0.00864684212217 0.0837329232327 0.0515124268525 0.016394582561 0.207902702953 0.00364292234787 -0.00655770057021 0.000432435365596 0.0178599491441 0.00485536688041 0.00429115560419 0.0191535392369 0.0421966399175 0.0410577971046 0.0170567269727 0.00763368598641 0.0127750534608 0.0182550743717 -0.000350125341016 -0.00762703165285 0.00321323716813 0.0265512858666 0.00724456222073 0.0195325420772 0.00606556515266 0.00790024990558 0.00109469209038 0.0240968281466 -0.00334035430516 -0.0241556214048 0.00377140678281 0.006296434297 0.0120223778279 0.00646374586857 0.0183565370544 0.00688099716511 0.00238637924168 0.00921409335162 0.00741432325451 -0.0133192955588 0.0121455881427 -0.00578495050116 0.00364747454036 0.020785809014 
0.00816530555181 0.00877600397898 0.0171898356024 0.0293264633587 -0.00183525381615 -0.00247903434754 -0.00474438910876 0.0293238546392 0.0189321493936 -0.0206401044252 0.00868735862832 0.0149754494888 0.0180649082705 0.0218378376509 0.0155060169959 0.0411565604365 0.0229215898374 -0.00797046243015 0.0158757709893 0.0103091445913 0.00364292234787 0.181511883345 0.0162960516475 -0.0241911190057 0.00861090826568 0.0165750553353 -0.00239188068295 0.00170799348216 0.0226330000579 0.0152327534682 0.0304758066836 -0.00367254991785 0.029402355782 0.0219538667706 -0.0115033781529 0.0148982472708 0.0257935462011 0.0351294668965 0.0200749497584 -0.00397430287575 0.00719792095625 -0.00256798305508 0.0206055942351 0.0211338024946 0.0313141309152 0.0027950143243 0.0041473181379 0.00915723356119 0.0170341274495 0.0110354275052 0.0126957873178 0.0110008395512 0.0291892734223 0.038050694165 0.00581643888729 0.0267799468198 0.0168202577245 -0.000748205347959 0.00278806821004 0.0123094581221 
0.0215903650332 -0.00480290322005 0.00737198896246 0.0124603576447 0.0273829058624 0.0189542513003 0.0285061471284 -0.00487579794602 0.012059790126 0.0338507823037 -0.00298101252525 0.0088365923743 0.00949492579078 0.0293248362954 0.00657404081906 0.00111370678999 0.00109343518496 0.0177573246164 0.0165672131762 -0.00479585250822 -0.00655770057021 0.0162960516475 0.234893631739 0.00189314544243 0.0208895774361 0.00622101655811 -3.50094489419e-05 0.0122607651034 0.00270139852167 0.00723117388444 0.001629194248 0.0305421801753 0.00314548952523 0.0119472162168 0.0297251546381 -0.00262662755813 0.0152088084854 0.0162737860983 0.00789021653419 -0.00270983834872 0.0252708739844 0.0114142186834 0.0243991488888 0.0363823268607 0.0144260063746 0.0215980322478 0.0185150610025 0.0393007538997 0.0147388594882 0.0244985992763 0.000433638805122 0.0207294628329 -0.0021454989856 0.0122238036555 0.0240948008481 0.0321545293827 0.010890792578 -0.00419910812016 0.00477602778332 0.00118814092008 
0.0154497285097 -0.00321576030409 0.0477436131411 -0.00814229916849 -0.00373962924036 0.0115802436871 -0.0193033387708 -0.0181833680655 0.00913449747329 -0.00719451372916 -0.0439862749925 0.00574174522704 0.0196987423757 0.0158170982062 0.00330889876189 -0.00290546134343 0.0103468890786 -0.0145426153482 0.00877934467041 0.0231256239307 0.000432435365596 -0.0241911190057 0.00189314544243 0.45378979483 0.0438640833198 0.0108119624211 -0.000522388139662 0.00853602109808 -0.00214481847672 0.0235323045157 -0.00659656007049 0.0670514450066 0.010461525427 0.0338290157204 0.0202157811547 -0.00772957883845 0.00202094899755 0.00963540417706 0.000571220381072 0.0152774984143 0.00241639386688 0.0332389512889 -0.00759190919379 -0.00880906546094 0.0316782708186 -0.0238617130837 -0.0116667417597 -0.0134416527455 0.00699991384341 0.0233895665079 0.0186225227591 -0.0190982844011 -0.0115552891804 0.0153142841536 0.0128172540519 -0.00265841312344 0.0320282401891 0.0271439380267 -0.00430619440935 -0.0011851236941 
0.0130525584179 -0.000513625851302 0.0148350943177 0.0124277759377 0.00628004133136 0.0324499657167 0.00999370173149 -0.000104251283367 -0.0026788093936 0.0102837529267 0.000794664209262 0.038534903202 0.0032965816775 0.00776596573905 0.0328154134372 0.0325336705283 0.000146293560836 0.0154182114167 0.0232311130596 0.00547925768173 0.0178599491441 0.00861090826568 0.0208895774361 0.0438640833198 0.183069002903 0.0160673723851 0.017431729198 0.0176571637481 0.0283895552341 0.00353594556329 0.00895710082301 0.0360216255067 0.0141700443054 0.00553324558478 0.0158530132235 0.018881116691 0.00621398100752 -0.0305998539303 0.0214085588309 0.0012398578083 -0.000125787367153 0.0109905826803 0.0517879918525 0.00994222275216 0.00910812368084 -0.00452936466235 0.0206692146705 0.0611410763488 0.0300183772112 0.0154668563992 -0.00407887765128 0.0252069794092 0.0179503750251 0.0185779972121 -0.00145043945775 0.0225336052518 0.0405458494001 0.0058336941339 -0.0122292670457 0.0127534983616 
0.0384381420848 -0.00533811473916 0.0317658286586 -0.00167259777113 0.0146555186129 0.0235429119798 0.0162260105007 0.0522369844737 0.00754259476019 0.00232380257114 0.017742213438 0.0195429777395 -0.00107419652227 0.0202723718639 0.0162775746005 0.0107777449838 -0.00391656693377 0.0277660821628 0.0268199533033 0.007804378082 0.00485536688041 0.0165750553353 0.00622101655811 0.0108119624211 0.0160673723851 0.192040745072 0.00217342047146 0.0240558219867 0.0145886815512 0.00316323331137 0.0216962671332 -0.0100038584551 0.00363554424992 0.00918969751699 0.00784196530461 0.00354715326663 -0.0127619682218 0.020470360662 0.00664369003069 0.0201093869809 -0.00108860311412 0.00220913693288 0.0487650684875 0.0132353855853 0.0420426775421 0.00730344686972 0.0136538437786 0.0106149015627 0.00848037999328 0.0144774083077 0.0226934918548 0.00318357641163 0.0170741102328 0.0189704566549 0.000192899162033 0.000541490649365 1.4930352139e-05 0.00474658633827 0.0487787721219 0.00419138935164 
0.0246123403323 0.00796587509643 0.0145978873926 0.0134903418163 0.0152796791999 0.0158070371791 0.00111675569034 0.0264598760308 0.00266876607482 0.00241014450525 0.0312705481844 0.00804287261608 0.013727210869 0.0266222459574 0.0282967008105 0.0252725092636 0.0178903665871 0.0196564944479 -0.0162051828047 0.0140335182367 0.00429115560419 -0.00239188068295 -3.50094489417e-05 -0.000522388139663 0.017431729198 0.00217342047146 0.32352050095 0.00702918130965 0.00514672648043 0.0525267833783 0.0286509112086 0.0183410976579 0.0136257108771 0.0114238329751 0.020021621251 0.00204550554475 0.0305093731265 -0.0153430082394 0.0308030557555 0.0147436328682 0.0304858704671 0.00274735897846 0.0711000775206 0.00350969646407 0.02392336261 0.0118861628167 0.0170062990881 0.0232734584496 0.00861067851216 0.00430488275798 -0.00322395473426 0.0274685704848 0.0141215144445 0.021742340455 -0.00658568596955 0.0163518883447 0.00946989752266 0.0414535021445 0.0267856687209 -0.000765534659136 
0.0134581988005 0.0234140611203 0.0227325986574 0.0163795821969 -0.0141277621174 0.0257104951935 -0.00974194707223 -0.0122972253944 -0.00894978587087 -0.00103735725813 0.00432535058817 0.0512026599847 0.0179152206536 0.0103815946477 0.0166123189135 0.0213653354362 0.00503240678336 0.010376348813 0.0169513172222 0.00709740514794 0.0191535392369 0.00170799348216 0.0122607651034 0.00853602109808 0.0176571637481 0.0240558219867 0.00702918130965 0.166579727473 0.00572238894584 0.0100473719276 0.00526388919608 -0.00806202530299 0.0383495812407 0.0448956313144 -0.00617652484093 0.0215247496678 0.0131404656514 0.0125195346891 0.00843505382835 0.0300010944917 -0.00750785402373 -0.0105887849768 0.0218062194896 -0.0112426197479 0.0187679446901 -0.00973356450287 -0.00964229812161 0.030960851259 -0.0171928623253 0.0235146262609 0.00557313872157 0.0126091610423 0.0101822759627 0.0226630869148 0.0165532952049 0.00515077575833 0.0209017311259 0.0268757787765 0.0231738094951 0.00940102006345 
0.00772506606847 0.00624408623931 0.0278127050178 0.00326350429774 0.0339057799888 0.0221861022614 0.0280998604429 0.0415928344027 0.025560628774 0.0239270165857 0.0346479199124 0.0265353079721 0.0110087763793 0.0246772732109 0.00182649482491 0.0232895758188 0.016274217214 0.0221697752453 0.0444925541487 0.0166868495336 0.0421966399175 0.0226330000579 0.00270139852167 -0.00214481847672 0.0283895552341 0.0145886815512 0.00514672648043 0.00572238894584 0.167899164316 0.0221239195397 0.0384348706393 0.0259830326385 0.0381099744685 0.0212687450475 0.00668717592237 0.0168523492911 -0.00668893880127 0.0390562012354 0.0155575179851 0.0279703181455 0.0077891918569 0.0185870201745 0.00893023310933 0.0362487643113 0.0294602565609 -0.00844926397429 0.0123389637464 0.00672729086448 0.00240648033835 0.0169492655256 0.00815648057354 0.0221673235739 0.0174594744908 0.0295860289416 0.0177492212206 0.0180014427942 0.0186015786751 0.00461631149173 0.0226099613665 0.0172441260347 
0.0222186745813 0.0155607320702 0.0556846359098 0.0128498602511 0.0385945003443 0.00337505833766 0.000737790001247 0.0492177164378 0.0140937563324 0.00549050537167 0.0130826068957 -0.000116283283563 0.00599836373712 -0.0135419172671 0.0141800478312 0.0547288753273 0.0218584240545 0.0576195937988 0.0522674261688 0.0114481776757 0.0410577971046 0.0152327534682 0.00723117388444 0.0235323045157 0.00353594556329 0.00316323331137 0.0525267833783 0.0100473719276 0.0221239195397 0.50174157004 0.00782099571848 0.0322973778325 -0.0302725437752 0.0077795257403 0.0136756369301 0.03876530311 0.104225212628 -0.0356534178205 0.00734516900102 0.00899011555952 0.0218753190662 0.021553273303 0.00980768466947 0.0574318974903 -0.0105251178945 -0.00965443057182 0.0118461227165 0.0327491506674 -0.000551874603128 0.0135995673806 0.00976395322375 0.0123275474003 -0.00514278369488 0.0505018389038 0.0142547161512 0.0164951182357 0.0258426020504 0.0182123413208 0.00475050665942 -0.0245188141194 
0.0189552800148 0.0107647720299 0.0498563430348 0.0120476118065 -0.00512381710801 0.03874693168 0.0344894557673 0.0140781384711 0.00673883568807 -0.00848872617569 0.0140817642558 0.0110071769718 0.0202377445897 0.0232692264703 0.00643300708792 0.0265741276522 0.00985414182802 -0.0125974853066 0.0534676631881 -0.00647249124801 0.0170567269727 0.0304758066836 0.001629194248 -0.00659656007049 0.00895710082301 0.0216962671332 0.0286509112086 0.00526388919608 0.0384348706393 0.00782099571848 0.220050725727 -0.0135815089531 0.0206988139205 0.0183579199302 -0.0113605186628 0.00238648739992 0.0098950220218 -0.00244299918554 0.0709396009658 0.0167161102887 0.00867858725163 0.00884270788122 0.010548510649 0.00193971458904 0.0155165633397 -0.0191048234421 0.004487051697 0.0148615330048 0.0359740775652 0.00755330915696 0.0108622953889 0.0206343206501 0.0196995494401 0.0047877904608 -0.00601898268019 3.76761761004e-05 0.01585622234 0.0225621208343 0.00180303533623 0.0248453569683 
0.00290564406359 -0.0205608581165 0.0189027669622 0.0102075698504 0.00324025741777 0.0131832505223 0.00514362143297 0.0151836836763 0.031890698795 -0.00856116784702 0.0976968854149 0.00908041904484 0.00741700990421 -0.00115624396549 0.00211907480736 0.0791233139599 0.0175221937551 0.0182650231896 0.00361182748077 0.0145322053644 0.00763368598641 -0.00367254991785 0.0305421801753 0.0670514450066 0.0360216255067 -0.0100038584551 0.0183410976579 -0.00806202530299 0.0259830326385 0.0322973778325 -0.0135815089531 0.565589094072 0.0231625039784 0.0178916085694 0.0360110960858 0.0332961122325 -0.00908740200033 -0.00144076591108 0.00301610943282 0.0215263938266 0.0185271374984 -0.028293186549 -0.0184992255656 0.0379255221081 0.00516425483274 0.00996961640445 -0.00729679154091 -0.0166492491918 0.0253734708073 0.0208351173022 0.0259261687251 0.0405308289644 0.0142929484297 0.00627234016214 -0.00853662651815 0.035004435685 0.0134242697921 0.00891797073634 0.00345552462973 0.0069038075531 
0.0124067849297 0.0442742794089 0.0346921158977 0.00663873698804 0.00180148813046 0.0162883290614 0.0188431286831 0.0107482640016 0.00245341208499 0.000611082927112 0.0400462651504 0.0202288289632 0.0304373583994 0.021474680001 0.0295220878086 0.123155470884 -0.0146207143972 0.000747155801558 0.0245891404684 0.0121255213274 0.0127750534608 0.029402355782 0.00314548952523 0.010461525427 0.0141700443054 0.00363554424992 0.0136257108771 0.0383495812407 0.0381099744685 -0.0302725437752 0.0206988139205 0.0231625039784 0.437937955316 0.0260180680778 0.00607537167227 0.0109862839277 0.00839002797023 0.0388571292535 0.024591610424 0.0142231401548 0.00089429995054 -0.00292331045325 0.0198759110276 0.00455634559705 0.0319602698194 -0.00907726812129 0.0281106913671 0.00446584642584 0.0331607445777 0.0207682285854 -0.00306418442849 0.0109322757076 0.0201854291551 0.0583657437826 0.027714036101 0.0221273299209 0.0193863781631 0.0306553744305 0.0102930375137 0.0142047171304 
-0.00405847306731 0.0309583589744 0.0309328437763 0.0036002269414 -0.00877580409913 0.0266197418139 0.00587781775957 0.0244253430069 -0.00330469711509 -0.000966859904849 0.0158188252397 0.0347689193747 0.0309571910974 0.0173173745698 0.0194416115291 0.0278095938185 0.0141107468383 -0.00475425391661 0.0242819129197 0.0110175761702 0.0182550743717 0.0219538667706 0.0119472162168 0.0338290157204 0.00553324558478 0.00918969751699 0.0114238329751 0.0448956313144 0.0212687450475 0.0077795257403 0.0183579199302 0.0178916085694 0.0260180680778 0.218541319128 0.0073646332287 0.017139881108 0.0148813037219 0.0363411632098 0.026916372672 0.0178253995135 0.0147064218098 0.0113570273803 0.0123009804432 0.0148925519249 0.0195157050899 0.00103802395203 0.0148225258084 0.0249313766179 -0.00525366597617 0.0452816570649 0.0523681014591 -0.00341135342396 0.0195129323477 0.0190540981913 0.00512708281144 0.0151928013996 0.0308208253548 -0.011531201531 0.024981621359 0.0224004566814 
-0.00275770705804 -0.0080700645001 -0.02367894869 0.0132975404994 0.0259011885381 -0.00733254243818 0.00310523832949 0.0145408655498 0.0177714169445 0.00424806512402 0.0437579764695 0.0161997473243 0.0109213217481 0.0185638340364 0.0103458120447 -0.00646959659565 -0.00693644340227 -0.000131099235011 0.0340536277095 0.00557778218364 -0.000350125341016 -0.0115033781529 0.0297251546381 0.0202157811547 0.0158530132235 0.00784196530461 0.020021621251 -0.00617652484093 0.00668717592237 0.0136756369301 -0.0113605186628 0.0360110960858 0.00607537167227 0.0073646332287 0.298862056934 0.00386545918931 -0.00959207136654 -0.00744170590199 -0.00034105690596 0.00170662129587 0.0082182356736 0.040339915531 0.073182985444 0.0134732587874 0.000250664960292 0.00532297544299 0.0227053256814 0.00183514173486 0.00241000173872 0.0410162778972 0.0222344647082 -0.0155985059605 0.011303223592 -0.00360804723999 -0.0121213961531 0.113320155501 0.018473538549 -0.0296532475272 0.0164458016832 0.0202678817279 
-0.0114421812693 0.0353360944894 -0.00899482825443 -0.00164426331874 -0.0205004192072 -0.00109149704912 0.00299781195787 -0.00833167019387 0.0376576644124 -0.00656536616375 -0.00244777300264 0.0279948145154 0.024323022805 0.019719086411 0.0129512313198 0.012783213658 -0.00822224154381 -0.00972231582706 0.0360716510992 0.041865784214 -0.00762703165285 0.0148982472708 -0.00262662755813 -0.00772957883845 0.018881116691 0.00354715326663 0.00204550554475 0.0215247496678 0.0168523492911 0.03876530311 0.00238648739992 0.0332961122325 0.0109862839277 0.017139881108 0.00386545918931 0.355153399932 0.016566270245 0.0220979772881 0.0143944428527 0.0263863204791 0.00575200804764 -0.00104782713136 -0.0105353079942 0.0182075217174 0.0194214675448 -0.0171499485491 -0.01439891277 -0.02207559349 0.0188258797187 0.0216543689284 0.0269974469508 0.0304541407226 0.0170094706839 0.016480258528 0.0146113099511 0.00998853371143 0.0264995732408 0.0470823046281 0.032281973501 0.0159406900329 
0.00153661271787 0.00511305701363 -0.00360098395612 0.00374504421109 0.00847420728562 0.00192827180605 0.0461662820453 -0.00330283032153 0.034629673387 0.0188720264332 0.0517149590377 0.0178991066181 0.021853616703 -0.0027420276888 0.0119258804878 0.0114908384966 0.00449543910976 0.0213200849046 0.0290895726993 0.0317006472063 0.00321323716813 0.0257935462011 0.0152088084854 0.00202094899755 0.00621398100752 -0.0127619682218 0.0305093731265 0.0131404656514 -0.00668893880127 0.104225212628 0.0098950220218 -0.00908740200033 0.00839002797023 0.0148813037219 -0.00959207136654 0.016566270245 0.810642922275 0.0205494387083 0.0454269044354 -0.00107939595608 0.00755205025435 0.0259054423516 0.011254451853 0.0313064278599 -0.00735537660161 -0.0281752629377 0.0298351929112 0.00636253117932 0.00120917859334 0.0054220628337 0.0173107444988 0.198308730759 0.0125845419321 0.00685788032216 0.0115807336145 -0.0012292754484 0.00111867420993 0.0500527636476 0.0286021356749 -0.00544690145793 
0.0410417011335 0.0348127832893 0.0558374114056 0.00727264589484 0.0247869649564 0.0332040580171 -0.02657834394 0.0114701835033 0.0111920933815 0.0311197122289 0.0351696564495 0.00979371481179 0.00786232321371 0.0327987874796 0.0208390051814 0.0354461513118 -0.002028529466 0.0136883067404 0.0425732768801 0.0247402677529 0.0265512858666 0.0351294668965 0.0162737860983 0.00963540417706 -0.0305998539303 0.020470360662 -0.0153430082394 0.0125195346891 0.0390562012354 -0.0356534178205 -0.00244299918554 -0.00144076591108 0.0388571292535 0.0363411632098 -0.00744170590199 0.0220979772881 0.0205494387083 0.49199188149 0.0139614918568 0.0472598965503 -0.00603645991444 0.00401130281484 -0.0281360156309 0.0657414886472 0.0975693479178 0.0351362709051 0.00924710814431 -0.00692171439134 0.03724657964 0.032151914288 0.035057030281 0.0139929114072 0.0177959511755 0.00815927537608 -0.0131175964512 0.0410408776453 0.0136565661641 0.00144897936594 0.0312712713953 0.0317989336984 
-0.00898040439378 0.0281541466862 0.0218064598819 0.0114612607446 -0.0175383328644 0.0115360472309 0.0201209897434 -0.00454527318195 0.00325648788098 -0.0141056818616 0.0118300899163 0.0127990254537 0.0128776059768 3.82294033632e-05 0.00418480074383 0.0338567478886 -0.00428960881583 -0.0076527230397 0.00380244200149 0.00952513011723 0.00724456222073 0.0200749497584 0.00789021653419 0.000571220381072 0.0214085588309 0.00664369003069 0.0308030557555 0.00843505382835 0.015557517985 0.00734516900102 0.0709396009658 0.00301610943282 0.024591610424 0.026916372672 -0.00034105690596 0.0143944428527 0.0454269044354 0.0139614918568 0.197403080528 0.0101351210073 0.00877610763762 -0.0254695205948 -0.0220366093409 0.0255768246474 0.0249049144307 -0.0143652838258 3.86066925896e-05 0.036956425186 0.0275402970626 -0.000354030047638 0.00323965203357 0.0113225215303 0.017847281756 0.0186369319654 0.00389537099395 -0.0064872517507 0.0102209346126 0.0124481879487 0.00569137129908 0.013704429547 
