30
0.0605665428979 0.0511719962834 0.0262084488718 0.0795042219188 0.072987431854 0.0584521455196 0.0339335468557 0.0861150338972 0.0445346556631 0.0360508970818 0.036872425502 0.0952470994091 0.0716337087719 0.0150252709272 0.0256858872149 0.00108215816497 0.00792878112812 0.0637259516476 0.0202129727645 0.151477321577 0.0413413845105 0.00238062118955 0.070995024039 0.00643120824938 0.143553651187 0.0415957971797 0.075466134778 0.0269248151276 -0.00660692339257 0.080702843163 
0.248327682075 0.0174283192427 0.0716424262531 -0.00457557889688 -0.000698405259973 0.0294028179264 0.0178195153108 0.0136611674959 0.0354976766487 0.0304796361738 0.0360100042795 -0.00127047870129 0.0136209792256 0.0188725525924 0.0125301655168 -0.000516674739982 -0.000271045439408 0.0175135398439 0.0288356980415 -0.0184232695564 0.0178945077745 0.0197243492236 0.013579964056 0.02793819943 0.0453338666139 0.0107990428801 0.0281876864203 0.0178643967843 0.0166885023505 -0.0122774492197 
0.0174283192427 0.302144452257 -0.0065687965333 0.00258275242609 -0.0218916006849 0.00563317617347 0.00770729714281 -0.00519002758262 0.018987297143 0.00931756391233 -0.00705618940751 0.0113323433821 -0.00571613645523 0.0317793205451 0.00599485021977 -0.00232308561354 0.00702198443664 0.00258935591627 -0.0197698940407 0.0222774987307 0.00058290836165 0.0168783396542 0.0176166887535 0.0017899825542 -0.00758962823196 0.0309407405712 0.117188610908 0.00615017900566 0.0100590184842 -0.00111413646086 
0.0716424262531 -0.0065687965333 0.304315972238 0.043757386995 0.00273789214454 0.0527434005989 0.00380128531272 0.044563666583 0.0377493989561 0.0180112112384 0.0391357696228 0.00944106659541 0.00937407584969 0.0299927598546 -0.00895012614881 0.0114695479675 0.0210648586826 0.0324148626989 0.0429323491209 0.0385790081382 0.0250354480579 0.0171158040884 0.0763351414384 0.0192190603263 0.0390672809992 0.0477907959128 0.024617989792 0.00878394490357 0.0431520878715 -0.0101905594736 
-0.00457557889688 0.00258275242609 0.043757386995 0.267590873206 -0.00294242199065 -0.0295131627229 0.0193853523275 0.0198418776689 0.0164507519143 0.00448599539986 0.0019336697003 0.0407699771029 -0.000346031789675 0.0198881173477 0.00332261301776 0.0279259816726 0.0187583369887 0.0192897797685 0.0333962889517 0.0363876148176 0.0116980062977 0.0202161191486 0.0441040923298 0.0146430785368 0.0500525592137 0.0148560571307 0.018234273597 0.00852730602827 0.0285950717174 0.0171855797491 
-0.000698405259974 -0.0218916006849 0.00273789214454 -0.00294242199065 0.486033522437 0.0286510425074 0.0330347100012 0.00709909648935 0.0401258528202 0.0189642834998 -0.00300228220137 -0.00391113575025 -0.00339865868688 0.00300959820767 -0.0144330259895 0.000755447008765 0.00327326640948 0.00916160257832 0.0219924454202 0.030848085273 -0.00664642001903 0.0115404609138 -0.00634232909087 0.0308737802677 0.0206136755772 0.00720237618443 -0.0208176125704 0.00798053656372 0.0131968359053 0.00498754646036 
0.0294028179264 0.00563317617347 0.0527434005989 -0.0295131627229 0.0286510425074 0.33181158111 0.0267872045814 0.0301926809438 0.0337137228808 0.0101167069767 0.000608443643284 -0.00707696020041 0.00404802387801 0.0166515927913 0.00564203841443 0.0271717600705 0.0012900796587 0.0133715229571 0.0293117448165 0.0418281903598 0.0168840385791 0.0281478619831 0.020688571516 0.0303453767919 0.0386094488747 0.0156379590599 0.0127520830301 0.0096377326741 0.0100409020061 0.00929742299018 
0.0178195153108 0.00770729714281 0.00380128531272 0.0193853523275 0.0330347100012 0.0267872045814 0.304307214934 0.0252830888902 0.00168348906186 0.018467938823 2.56757787189e-05 0.0348596619378 0.0127136502863 0.0186323450729 0.0217485382511 0.0357529602246 0.00071799167478 0.0213367571179 0.00551145492666 0.00957460967143 0.0229865078734 0.00913791540944 0.00702045225415 0.0183026487438 0.0346705775954 0.0280476681563 0.00645500766745 0.00851111280947 0.00151324250109 0.0203143027978 
0.0136611674959 -0.00519002758262 0.044563666583 0.0198418776689 0.00709909648935 0.0301926809438 0.0252830888902 0.242188835978 -0.00146254011068 0.0364663380941 0.0123801409215 0.0385265633435 0.0192357095314 0.0187949635861 0.0213561981394 -0.00157170384696 -0.00223385384373 -0.00634124125854 0.0321301602429 0.00722327723294 0.00682119403446 0.00669231679553 0.0120656279881 0.0296740286293 0.0215808223084 0.0382751449449 0.034357117001 -0.0065306293531 0.022680717916 0.0245266868182 
0.0354976766487 0.018987297143 0.0377493989561 0.0164507519143 0.0401258528202 0.0337137228808 0.00168348906186 -0.00146254011068 0.618818452187 0.0356334638021 -0.0112589454587 0.057116186885 -0.0109936328722 -0.0123428059894 0.0550914542002 -0.00108029716599 0.0193772175901 0.0233362944806 -0.00476179753884 0.0359214015928 0.00863568873995 0.0130120060741 -0.000456014078153 0.0228836586288 0.0133172117514 0.0413290874366 0.0163037733323 0.034083618354 0.0043769645192 0.0674780779401 
0.0304796361738 0.00931756391233 0.0180112112384 0.00448599539986 0.0189642834998 0.0101167069767 0.018467938823 0.0364663380941 0.0356334638021 0.185141522288 0.023927484897 0.0390330739496 0.0197132150409 0.0411645643131 0.0205237266795 0.00366244826886 0.0160491894335 0.0204468460838 0.0214255623854 0.0116038055851 0.0157561271722 0.0138554066603 0.0434254590784 0.0564995162228 0.0202836930607 0.0290446417065 0.00438182115866 0.023689844924 0.0222960295587 0.0102473483948 
0.0360100042795 -0.00705618940751 0.0391357696228 0.0019336697003 -0.00300228220137 0.000608443643284 2.56757787189e-05 0.0123801409215 -0.0112589454587 0.023927484897 0.183064841994 0.0363210861375 0.0154132669951 0.0189530244711 0.0222064706546 0.00863884512147 0.00106427821782 0.0136359016976 0.0243349292825 0.00921318741631 0.0156738889177 0.0144841961819 0.0225848772958 0.00231551172923 0.012109390378 0.0117423153406 -0.0181073154298 0.00811117787107 0.0230980978879 -0.0110491188504 
-0.0012704787013 0.0113323433821 0.00944106659541 0.0407699771029 -0.00391113575025 -0.00707696020041 0.0348596619378 0.0385265633435 0.057116186885 0.0390330739496 0.0363210861375 0.4659527825 0.0141157698016 0.0290811299051 0.0551546148565 0.0160452599786 0.0156102946899 -0.00179081508292 0.0418742156606 0.0292021412597 0.0331235096238 0.0155369998802 0.0278857931473 0.030831954612 0.0223911423457 0.0404044008605 0.000818722769838 0.0224813435929 0.017357981111 0.0553247994972 
0.0136209792256 -0.00571613645523 0.00937407584969 -0.000346031789675 -0.00339865868688 0.00404802387801 0.0127136502863 0.0192357095314 -0.0109936328722 0.0197132150409 0.0154132669951 0.0141157698016 0.190213495204 0.000867167606566 0.00744667087579 -0.00800502367463 0.0114992686309 0.0170184632942 0.0105082860292 0.00644380978708 0.0173832121868 0.022105139558 0.0121312596971 0.0170702202323 0.0080237259387 0.0145150855127 0.0174299267744 0.0129315088198 0.0139740700757 -0.000683658717912 
0.0188725525924 0.0317793205451 0.0299927598546 0.0198881173477 0.00300959820767 0.0166515927913 0.0186323450729 0.0187949635861 -0.0123428059894 0.0411645643131 0.0189530244711 0.0290811299051 0.000867167606566 0.180512200026 0.0352373289562 0.0190032521544 0.0143534175648 -0.000345998171491 0.0134614965451 0.0298853840662 0.0187353873362 0.0243554354553 0.0398027714865 0.0283943792857 0.0502629637454 0.0148444611331 0.0143211114889 0.00630181277965 0.0290801452086 -0.0179091298655 
0.0125301655168 0.00599485021977 -0.00895012614881 0.00332261301776 -0.0144330259895 0.00564203841443 0.0217485382511 0.0213561981394 0.0550914542002 0.0205237266795 0.0222064706546 0.0551546148565 0.00744667087579 0.0352373289562 0.210535816653 0.00479253201306 0.00248490709693 0.00426408344789 0.0209976321726 0.0245181972068 0.0227074257361 0.0168812855503 -0.0131580984171 0.0314688410321 0.00925340871694 0.0402698120933 0.00673616878905 -0.000804680290151 0.0330255144646 0.0112951940302 
-0.000516674739982 -0.00232308561354 0.0114695479675 0.0279259816726 0.000755447008765 0.0271717600705 0.0357529602246 -0.00157170384696 -0.00108029716599 0.00366244826886 0.00863884512147 0.0160452599786 -0.00800502367463 0.0190032521544 0.00479253201306 0.246770787623 0.0175823275472 0.0289946807254 0.0273265593482 0.0361140414101 0.0234102834221 0.00960715639079 0.00762782012961 0.00387089484108 0.00942246414719 0.0125539000214 0.0190465709859 0.0107701479678 0.0094737918431 0.0132862692749 
-0.000271045439408 0.00702198443664 0.0210648586826 0.0187583369887 0.00327326640948 0.0012900796587 0.00071799167478 -0.00223385384373 0.0193772175901 0.0160491894335 0.00106427821782 0.0156102946899 0.0114992686309 0.0143534175648 0.00248490709693 0.0175823275472 0.246446232068 0.00730434855926 0.0104375446794 0.0111639530545 0.0102093942426 0.0114073235269 0.00373029246985 0.0253040760371 0.0263300915596 0.0257453415132 0.0204335241656 0.0242901541171 0.00554648888513 0.0259263124602 
0.0175135398439 0.00258935591627 0.0324148626989 0.0192897797685 0.00916160257832 0.0133715229571 0.0213367571179 -0.00634124125854 0.0233362944806 0.0204468460838 0.0136359016976 -0.00179081508292 0.0170184632942 -0.000345998171491 0.00426408344789 0.0289946807254 0.00730434855926 0.201012628112 0.0245161945801 0.0230840997735 0.0219302987098 0.0164889373893 -0.000970901035782 0.0151865695602 0.0398734676499 0.0315703014569 0.0104104859395 0.0196391386747 0.0193363579035 0.0154109279763 
0.0288356980415 -0.0197698940407 0.0429323491209 0.0333962889517 0.0219924454202 0.0293117448165 0.00551145492666 0.0321301602429 -0.00476179753884 0.0214255623854 0.0243349292825 0.0418742156606 0.0105082860292 0.0134614965451 0.0209976321726 0.0273265593482 0.0104375446794 0.0245161945801 0.206626441526 0.0439229802787 0.0266975992022 0.0117179446226 0.0352582350875 0.0250196279544 0.0283220017827 0.0347505142105 0.0063573577711 0.0113165481567 0.0349320613456 0.0250661223485 
-0.0184232695564 0.0222774987307 0.0385790081382 0.0363876148176 0.030848085273 0.0418281903598 0.00957460967143 0.00722327723294 0.0359214015928 0.0116038055851 0.00921318741631 0.0292021412597 0.00644380978708 0.0298853840662 0.0245181972068 0.0361140414101 0.0111639530545 0.0230840997735 0.0439229802787 0.569226685393 0.0225653322563 0.0377984940191 0.0419032070425 -0.000967367417462 -0.0172215331813 0.0221964582399 0.0516774287776 0.0389719392179 0.0413279961348 0.0593697602386 
0.0178945077745 0.00058290836165 0.0250354480579 0.0116980062977 -0.00664642001903 0.0168840385791 0.0229865078734 0.00682119403446 0.00863568873995 0.0157561271722 0.0156738889177 0.0331235096238 0.0173832121868 0.0187353873362 0.0227074257361 0.0234102834221 0.0102093942426 0.0219302987098 0.0266975992022 0.0225653322563 0.246774308652 0.0060793631417 0.0143878902587 0.00670902044453 0.019807628929 0.0390973009647 0.0318098063043 -0.000324728220015 0.0398294618875 0.0236196178063 
0.0197243492236 0.0168783396542 0.0171158040884 0.0202161191486 0.0115404609138 0.0281478619831 0.00913791540944 0.00669231679553 0.0130120060741 0.0138554066603 0.0144841961819 0.0155369998802 0.022105139558 0.0243554354553 0.0168812855503 0.00960715639079 0.0114073235269 0.0164889373893 0.0117179446226 0.0377984940191 0.0060793631417 0.126267592569 0.0153776682137 0.0203050311522 0.0342136559951 0.0186854141785 0.0173540168447 0.0566954867291 0.00607154901213 0.0125635067542 
0.013579964056 0.0176166887535 0.0763351414384 0.0441040923298 -0.00634232909087 0.020688571516 0.00702045225415 0.0120656279881 -0.000456014078153 0.0434254590784 0.0225848772958 0.0278857931473 0.0121312596971 0.0398027714865 -0.0131580984171 0.00762782012961 0.00373029246985 -0.000970901035782 0.0352582350875 0.0419032070425 0.0143878902587 0.0153776682137 0.374566025674 0.0203155897356 0.0454197001098 0.00869765437254 0.0369754203921 0.0200440391877 0.0287717772235 0.0227481755799 
0.02793819943 0.0017899825542 0.0192190603263 0.0146430785368 0.0308737802677 0.0303453767919 0.0183026487438 0.0296740286293 0.0228836586288 0.0564995162228 0.00231551172923 0.030831954612 0.0170702202323 0.0283943792857 0.0314688410321 0.00387089484108 0.0253040760371 0.0151865695602 0.0250196279544 -0.000967367417462 0.00670902044453 0.0203050311522 0.0203155897356 0.204423219864 0.0335694819535 0.0258903446875 0.00229224576583 0.0120826604638 0.0301972536483 0.0130548337851 
0.0453338666139 -0.00758962823196 0.0390672809992 0.0500525592137 0.0206136755772 0.0386094488747 0.0346705775954 0.0215808223084 0.0133172117514 0.0202836930607 0.012109390378 0.0223911423457 0.0080237259387 0.0502629637454 0.00925340871694 0.00942246414719 0.0263300915596 0.0398734676499 0.0283220017827 -0.0172215331813 0.019807628929 0.0342136559951 0.0454197001098 0.0335694819535 0.896869747172 0.00263643097616 0.0050000878688 0.0237648067544 0.0153479035073 0.0397368124088 
0.0107990428801 0.0309407405712 0.0477907959128 0.0148560571307 0.00720237618443 0.0156379590599 0.0280476681563 0.0382751449449 0.0413290874366 0.0290446417065 0.0117423153406 0.0404044008605 0.0145150855127 0.0148444611331 0.0402698120933 0.0125539000214 0.0257453415132 0.0315703014569 0.0347505142105 0.0221964582399 0.0390973009647 0.0186854141785 0.00869765437254 0.0258903446875 0.00263643097616 0.247644417633 0.0137523082948 0.00772412565793 0.0405339607341 0.0238447780877 
0.0281876864203 0.117188610908 0.024617989792 0.018234273597 -0.0208176125704 0.0127520830301 0.00645500766745 0.034357117001 0.0163037733323 0.00438182115866 -0.0181073154298 0.000818722769838 0.0174299267744 0.0143211114889 0.00673616878905 0.0190465709859 0.0204335241656 0.0104104859395 0.0063573577711 0.0516774287776 0.0318098063043 0.0173540168447 0.0369754203921 0.00229224576583 0.0050000878688 0.0137523082948 0.443413853946 0.0161780451478 0.00779441457505 0.00328666909139 
0.0178643967843 0.00615017900566 0.00878394490357 0.00852730602827 0.00798053656372 0.0096377326741 0.00851111280947 -0.0065306293531 0.034083618354 0.023689844924 0.00811117787107 0.0224813435929 0.0129315088198 0.00630181277965 -0.000804680290151 0.0107701479678 0.0242901541171 0.0196391386747 0.0113165481567 0.0389719392179 -0.000324728220015 0.0566954867291 0.0200440391877 0.0120826604638 0.0237648067544 0.00772412565793 0.0161780451478 0.216564802578 -0.0161688905514 0.0500877669282 
0.0166885023505 0.0100590184842 0.0431520878715 0.0285950717174 0.0131968359053 0.0100409020061 0.00151324250109 0.022680717916 0.0043769645192 0.0222960295587 0.0230980978879 0.017357981111 0.0139740700757 0.0290801452086 0.0330255144646 0.0094737918431 0.00554648888513 0.0193363579035 0.0349320613456 0.0413279961348 0.0398294618875 0.00607154901213 0.0287717772235 0.0301972536483 0.0153479035073 0.0405339607341 0.00779441457505 -0.0161688905514 0.169645438839 -0.0116790696985 
-0.0122774492197 -0.00111413646086 -0.0101905594736 0.0171855797491 0.00498754646036 0.00929742299018 0.0203143027978 0.0245266868182 0.0674780779401 0.0102473483948 -0.0110491188504 0.0553247994972 -0.000683658717912 -0.0179091298655 0.0112951940302 0.0132862692749 0.0259263124602 0.0154109279763 0.0250661223485 0.0593697602386 0.0236196178063 0.0125635067542 0.0227481755799 0.0130548337851 0.0397368124088 0.0238447780877 0.00328666909139 0.0500877669282 -0.0116790696985 0.450397670239 
0.021505808114 0.00150933672095 0.0062044161124 -0.000396256756172 -6.04836697274e-05 0.00254635872671 0.00154321529423 0.00118309180968 0.00307418897531 0.00263961392246 0.00311855784964 -0.000110026683029 0.00117961140338 0.00163441099793 0.00108514416512 -4.47453450318e-05 -2.34732236107e-05 0.0015167170415 0.00249724470398 -0.00159550194566 0.00154970983209 0.00170817875008 0.00117605938549 0.00241951904424 0.00392602801395 0.000935224547074 0.00244112525139 0.00154710214385 0.00144526669866 -0.00106325829179 
0.00150933672095 0.0261664771267 -0.000568874467013 0.000223672921268 -0.00189586823226 0.000487847367022 0.000667471512019 -0.000449469573289 0.0016443481675 0.000806924704946 -0.000611083928082 0.00098140972533 -0.000495031938173 0.0027521698907 0.000519169258221 -0.00020118511565 0.000608121690711 0.000224244800293 -0.00171212304694 0.00192928798335 5.04813449267e-05 0.00146170709142 0.00152564999911 0.000155017036427 -0.000657281085416 0.00267954673466 0.0101488314081 0.000532621125673 0.00087113655445 -9.64870478389e-05 
0.0062044161124 -0.000568874467013 0.0263545362736 0.00378950087409 0.000237108414999 0.00456771248006 0.000329200964785 0.00385932673467 0.00326919384736 0.00155981664854 0.003389257069 0.000817620351044 0.000811818782283 0.00259744919637 -0.000775103661195 0.000993291990981 0.00182427027462 0.00280720945574 0.00371805049828 0.00334104011005 0.00216813340133 0.00148227211467 0.00661081716871 0.00166441944795 0.00338332578021 0.00413880433276 0.00213198045499 0.000760711943193 0.00373708043231 -0.000882528338288 
-0.000396256756172 0.000223672921268 0.00378950087409 0.0231740494018 -0.000254821219256 -0.00255591486641 0.00167882075769 0.00171835701201 0.00142467690692 0.000388498597754 0.000167460708299 0.00353078358828 -2.99672320375e-05 0.00172236148566 0.000287746728033 0.00241846095541 0.00162451963649 0.00167054393129 0.00289220346243 0.00315125988151 0.00101307706274 0.00175076727486 0.00381952643684 0.00126812780024 0.00433467878035 0.00128657228752 0.00157913441545 0.000738486364633 0.00247640585303 0.00148831486415 
-6.04836697274e-05 -0.00189586823226 0.000237108414999 -0.000254821219256 0.0420917377521 0.00248125306563 0.00286088980677 0.000614799790369 0.00347500078908 0.00164235512754 -0.000260005265572 -0.000338714291736 -0.000294332476163 0.000260638850302 -0.00124993671604 6.54236300803e-05 0.000283473186396 0.000793418057221 0.00190460164253 0.00267152255045 -0.00057559685807 0.000999433232272 -0.000549261811185 0.00267374780227 0.00178519667152 0.000623744074333 -0.00180285813321 0.000691134740001 0.00114287951435 0.000431934193723 
0.00254635872671 0.000487847367022 0.00456771248006 -0.00255591486641 0.00248125306563 0.0287357258512 0.00231983996639 0.00261476287057 0.00291969404709 0.000876132524447 5.26927651855e-05 -0.000612882731513 0.000350569151348 0.00144207023708 0.000488614859603 0.00235314344866 0.000111724175734 0.00115800785682 0.00253847156403 0.00362242754459 0.0014622006328 0.00243767635396 0.00179168285009 0.00262798671892 0.00334367635516 0.00135428698092 0.00110436278553 0.000834652133065 0.000869567621417 0.000805180449923 
0.00154321529423 0.000667471512019 0.000329200964785 0.00167882075769 0.00286088980677 0.00231983996639 0.0263537778687 0.0021895797265 0.000145794429457 0.00159937041762 2.22358766325e-06 0.00301893528055 0.00110103441228 0.00161360841652 0.00188347866207 0.0030962971815 6.21799030065e-05 0.00184781736985 0.00047730599783 0.000829185520678 0.00199068997626 0.000791366688221 0.000607988999815 0.00158505587686 0.00300256009615 0.00242899931403 0.000559020062164 0.000737083990748 0.000131050644803 0.0017592702283 
0.00118309180968 -0.000449469573289 0.00385932673467 0.00171835701201 0.000614799790369 0.00261476287057 0.0021895797265 0.020974168447 -0.000126659688991 0.00315807751725 0.00107215165404 0.0033364982576 0.0016658613114 0.00162769159287 0.0018495010117 -0.00013611354587 -0.000193457417701 -0.000549167602143 0.0027825534998 0.00062555415823 0.000590732731799 0.00057957163551 0.00104491403503 0.00256984626256 0.00186895403536 0.00331472478558 0.00297541361237 -0.000565569092249 0.00196420778913 0.00212407338552 
0.00307418897531 0.0016443481675 0.00326919384736 0.00142467690692 0.00347500078908 0.00291969404709 0.000145794429457 -0.000126659688991 0.0535912499925 0.00308594848774 -0.000975053278705 0.00494640688097 -0.000952076534719 -0.00106891835408 0.00477105988688 -9.35564789384e-05 0.00167811626877 0.00202098238504 -0.000412383763631 0.00311088463189 0.000747872582797 0.00112687278144 -3.94919776164e-05 0.00198178297041 0.00115330436842 0.00357920396353 0.00141194818833 0.00295172793474 0.000379056246509 0.00584377296947 
0.00263961392246 0.000806924704946 0.00155981664854 0.000388498597754 0.00164235512754 0.000876132524447 0.00159937041762 0.00315807751725 0.00308594848774 0.0160337261596 0.00207218097695 0.00338036336282 0.00170721450157 0.00356495584309 0.00177740686847 0.000317177324088 0.00138990057595 0.00177074881358 0.00185550813161 0.00100491904172 0.00136452063964 0.00119991341475 0.00376075507329 0.00489300163505 0.00175661934731 0.00251533975616 0.000379476843824 0.00205160075159 0.00193089280014 0.000887446403136 
0.00311855784964 -0.000611083928082 0.003389257069 0.000167460708299 -0.000260005265572 5.26927651855e-05 2.22358766325e-06 0.00107215165404 -0.000975053278705 0.00207218097695 0.0158538803707 0.00314549832881 0.00133482807731 0.00164138006705 0.00192313677153 0.000748145933455 9.21691973323e-05 0.00118090372736 0.0021074666958 0.000797885435235 0.00135739859788 0.00125436818469 0.00195590774795 0.000200529198028 0.00104870396917 0.00101691433842 -0.00156813951565 0.000702448609096 0.002000353955 -0.000956881761384 
-0.000110026683029 0.00098140972533 0.000817620351044 0.00353078358828 -0.000338714291736 -0.000612882731513 0.00301893528055 0.0033364982576 0.00494640688097 0.00338036336282 0.00314549832881 0.0403526946609 0.00122246152421 0.00251849972686 0.00477652976016 0.00138956027518 0.0013518911762 -0.000155089135529 0.00362641345256 0.00252897961758 0.00286858007967 0.00134554365949 0.00241498052702 0.00267012559423 0.00193912980911 0.00349912375699 7.09034717337e-05 0.00194694146626 0.00150324526005 0.00479126818238 
0.00117961140338 -0.000495031938173 0.000811818782283 -2.99672320375e-05 -0.000294332476163 0.000350569151348 0.00110103441228 0.0016658613114 -0.000952076534719 0.00170721450157 0.00133482807731 0.00122246152421 0.0164729718989 7.50989176625e-05 0.000644900615205 -0.000693255386012 0.000995865875928 0.00147384215461 0.000910044265151 0.000558050297276 0.00150543033532 0.00191436124115 0.00105059790776 0.00147832443694 0.000694875049591 0.00125704327921 0.00150947593728 0.00111990151472 0.00121018996798 -5.9206581723e-05 
0.00163441099793 0.0027521698907 0.00259744919637 0.00172236148566 0.000260638850302 0.00144207023708 0.00161360841652 0.00162769159287 -0.00106891835408 0.00356495584309 0.00164138006705 0.00251849972686 7.50989176625e-05 0.0156328150915 0.00305164220375 0.00164572991203 0.00124304242423 -2.99643206174e-05 0.0011657997981 0.00258815018032 0.00162253213829 0.00210924258245 0.00344702112483 0.00245902537861 0.0043529003473 0.00128556804468 0.00124024463598 0.000545752995707 0.00251841444964 -0.00155097614232 
0.00108514416512 0.000519169258221 -0.000775103661195 0.000287746728033 -0.00124993671604 0.000488614859603 0.00188347866207 0.0018495010117 0.00477105988688 0.00177740686847 0.00192313677153 0.00477652976016 0.000644900615205 0.00305164220375 0.0182329365628 0.000415045447176 0.000215199267199 0.000369280458973 0.00181844828808 0.00212333816361 0.0019665207542 0.00146196221351 -0.00113952474947 0.00272528157614 0.000801368702047 0.00348746802784 0.00058336932955 -6.96873573196e-05 0.00286009344994 0.000978192497083 
-4.47453450318e-05 -0.00020118511565 0.000993291990981 0.00241846095541 6.54236300803e-05 0.00235314344866 0.0030962971815 -0.00013611354587 -9.35564789384e-05 0.000317177324088 0.000748145933455 0.00138956027518 -0.000693255386012 0.00164572991203 0.000415045447176 0.0213709770994 0.00152267423135 0.00251101300828 0.00236654945936 0.00312756772944 0.00202739001533 0.000832004149256 0.000660588600774 0.000335229326775 0.000816009331772 0.00108719963351 0.00164948143288 0.00093272217426 0.000820454440629 0.00115062467135 
-2.34732236107e-05 0.000608121690711 0.00182427027462 0.00162451963649 0.000283473186396 0.000111724175734 6.21799030065e-05 -0.000193457417701 0.00167811626877 0.00138990057595 9.21691973323e-05 0.0013518911762 0.000995865875928 0.00124304242423 0.000215199267199 0.00152267423135 0.0213428697637 0.000632575141042 0.000903917884552 0.000966826695182 0.000884159477135 0.000987903196346 0.000323052804243 0.00219139726674 0.00228025281746 0.00222961197795 0.00176959510163 0.00210358905272 0.000480340027633 0.0022452845217 
0.0015167170415 0.000224244800293 0.00280720945574 0.00167054393129 0.000793418057221 0.00115800785682 0.00184781736985 -0.000549167602143 0.00202098238504 0.00177074881358 0.00118090372736 -0.000155089135529 0.00147384215461 -2.99643206174e-05 0.000369280458973 0.00251101300828 0.000632575141042 0.0174082042426 0.00212316473105 0.00199914168273 0.00189921957953 0.00142798386605 -8.40824961548e-05 0.00131519550355 0.00345314359218 0.00273406830668 0.000901574528933 0.00170079930008 0.00167457771611 0.00133462551234 
0.00249724470398 -0.00171212304694 0.00371805049828 0.00289220346243 0.00190460164253 0.00253847156403 0.00047730599783 0.0027825534998 -0.000412383763631 0.00185550813161 0.0021074666958 0.00362641345256 0.000910044265151 0.0011657997981 0.00181844828808 0.00236654945936 0.000903917884552 0.00212316473105 0.0178943747455 0.00380384167313 0.00231207991292 0.00101480377233 0.00305345272783 0.00216676334017 0.00245275730298 0.00300948281009 0.000550563333072 0.000980041818681 0.00302520525318 0.00217078987282 
-0.00159550194566 0.00192928798335 0.00334104011005 0.00315125988151 0.00267152255045 0.00362242754459 0.000829185520678 0.00062555415823 0.00311088463189 0.00100491904172 0.000797885435235 0.00252897961758 0.000558050297276 0.00258815018032 0.00212333816361 0.00312756772944 0.000966826695182 0.00199914168273 0.00380384167313 0.0492964770062 0.00195421509788 0.00327344560453 0.00362892417989 -8.37764758315e-05 -0.00149142852271 0.00192226967098 0.00447539661236 0.00337506893975 0.00357910945402 0.00514157205832 
0.00154970983209 5.04813449267e-05 0.00216813340133 0.00101307706274 -0.00057559685807 0.0014622006328 0.00199068997626 0.000590732731799 0.000747872582797 0.00136452063964 0.00135739859788 0.00286858007967 0.00150543033532 0.00162253213829 0.0019665207542 0.00202739001533 0.000884159477135 0.00189921957953 0.00231207991292 0.00195421509788 0.0213712820294 0.000526488291954 0.00124602784709 0.000581018213947 0.00171539098412 0.00338592558548 0.0027548100349 -2.81222887859e-05 0.00344933258136 0.0020455189048 
0.00170817875008 0.00146170709142 0.00148227211467 0.00175076727486 0.000999433232272 0.00243767635396 0.000791366688221 0.00057957163551 0.00112687278144 0.00119991341475 0.00125436818469 0.00134554365949 0.00191436124115 0.00210924258245 0.00146196221351 0.000832004149256 0.000987903196346 0.00142798386605 0.00101480377233 0.00327344560453 0.000526488291954 0.0109350942839 0.0013317451324 0.00175846728025 0.00296298952481 0.00161820433588 0.00150290194452 0.00490997317873 0.000525811568483 0.00108803160098 
0.00117605938549 0.00152564999911 0.00661081716871 0.00381952643684 -0.000549261811185 0.00179168285009 0.000607988999815 0.00104491403503 -3.94919776164e-05 0.00376075507329 0.00195590774795 0.00241498052702 0.00105059790776 0.00344702112483 -0.00113952474947 0.000660588600774 0.000323052804243 -8.40824961548e-05 0.00305345272783 0.00362892417989 0.00124602784709 0.0013317451324 0.0324383693629 0.00175938168039 0.00393346141273 0.000753238963995 0.00320216533752 0.0017358647131 0.00249170899876 0.0019700497942 
0.00241951904424 0.000155017036427 0.00166441944795 0.00126812780024 0.00267374780227 0.00262798671892 0.00158505587686 0.00256984626256 0.00198178297041 0.00489300163505 0.000200529198028 0.00267012559423 0.00147832443694 0.00245902537861 0.00272528157614 0.000335229326775 0.00219139726674 0.00131519550355 0.00216676334017 -8.37764758315e-05 0.000581018213947 0.00175846728025 0.00175938168039 0.0177035701525 0.00290720241636 0.00224216962121 0.000198514306493 0.0010463890907 0.0026151588784 0.00113058177001 
0.00392602801395 -0.000657281085416 0.00338332578021 0.00433467878035 0.00178519667152 0.00334367635516 0.00300256009615 0.00186895403536 0.00115330436842 0.00175661934731 0.00104870396917 0.00193912980911 0.000694875049591 0.0043529003473 0.000801368702047 0.000816009331772 0.00228025281746 0.00345314359218 0.00245275730298 -0.00149142852271 0.00171539098412 0.00296298952481 0.00393346141273 0.00290720241636 0.0776711984937 0.000228321620068 0.000433020311554 0.00205809263654 0.00132916743322 0.00344130890114 
0.000935224547074 0.00267954673466 0.00413880433276 0.00128657228752 0.000623744074333 0.00135428698092 0.00242899931403 0.00331472478558 0.00357920396353 0.00251533975616 0.00101691433842 0.00349912375699 0.00125704327921 0.00128556804468 0.00348746802784 0.00108719963351 0.00222961197795 0.00273406830668 0.00300948281009 0.00192226967098 0.00338592558548 0.00161820433588 0.000753238963995 0.00224216962121 0.000228321620068 0.0214466356776 0.0011909848344 0.000668928904179 0.00351034397118 0.00206501835715 
0.00244112525139 0.0101488314081 0.00213198045499 0.00157913441545 -0.00180285813321 0.00110436278553 0.000559020062164 0.00297541361237 0.00141194818833 0.000379476843824 -0.00156813951565 7.09034717336e-05 0.00150947593728 0.00124024463598 0.00058336932955 0.00164948143288 0.00176959510163 0.000901574528933 0.000550563333072 0.00447539661236 0.0027548100349 0.00150290194452 0.00320216533752 0.000198514306493 0.000433020311554 0.0011909848344 0.0384007661907 0.00140105980816 0.000675016102962 0.000284633892697 
0.00154710214385 0.000532621125673 0.000760711943193 0.000738486364633 0.000691134740001 0.000834652133065 0.000737083990748 -0.000565569092249 0.00295172793474 0.00205160075159 0.000702448609096 0.00194694146626 0.00111990151472 0.000545752995707 -6.96873573196e-05 0.00093272217426 0.00210358905272 0.00170079930008 0.000980041818681 0.00337506893975 -2.81222887859e-05 0.00490997317873 0.0017358647131 0.0010463890907 0.00205809263654 0.000668928904179 0.00140105980816 0.0187550620598 -0.00140026699685 0.00433772785786 
0.00144526669866 0.00087113655445 0.00373708043231 0.00247640585303 0.00114287951435 0.000869567621417 0.000131050644803 0.00196420778913 0.000379056246509 0.00193089280014 0.002000353955 0.00150324526005 0.00121018996798 0.00251841444964 0.00286009344994 0.000820454440629 0.000480340027633 0.00167457771611 0.00302520525318 0.00357910945402 0.00344933258136 0.000525811568483 0.00249170899876 0.0026151588784 0.00132916743322 0.00351034397118 0.000675016102962 -0.00140026699685 0.014691725967 -0.00101143710515 
-0.00106325829179 -9.64870478389e-05 -0.000882528338288 0.00148831486415 0.000431934193723 0.000805180449923 0.0017592702283 0.00212407338552 0.00584377296947 0.000887446403136 -0.000956881761384 0.00479126818238 -5.9206581723e-05 -0.00155097614232 0.000978192497083 0.00115062467135 0.0022452845217 0.00133462551234 0.00217078987282 0.00514157205832 0.0020455189048 0.00108803160098 0.0019700497942 0.00113058177001 0.00344130890114 0.00206501835715 0.000284633892697 0.00433772785786 -0.00101143710515 0.0390055824232 

['WMI', 'EFX', 'BDK', 'ITT', 'PFE', 'BMET', 'MMC', 'SPLS', 'DJ', 'ASO', 'NOC', 'YHOO', 'FII', 'NFB', 'MET', 'CCE', 'RX', 'BAX', 'ETN', 'PD', 'IP', 'ED', 'SWK', 'SNV', 'TIF', 'MTG', 'XRX', 'D', 'PPG', 'BHI']