30
0.0904248988876 0.0345230729479 0.100220943784 0.0275413533974 0.165506763093 0.142595623168 0.0316067218978 0.116406698245 0.0755027876102 0.110955558587 0.101218808556 0.133040507733 0.0824662750087 0.00413185853021 0.036872425502 0.0797862135264 -0.00139328324831 0.0771685990004 0.0206658862902 0.0464034886179 -0.0108233812146 0.00859756350963 0.0088766616328 0.00633581846688 0.0350054865441 0.0429486266904 0.0288411222523 0.0723241103927 0.151795006465 0.0268374832388 
0.298518838435 0.0190174504374 0.0430892662271 0.0146388015436 0.00538362048571 0.0131124350558 -0.00233440323771 0.043801592333 -0.0188849835497 -0.0141117398263 0.00582383304063 0.160415726777 0.185173004513 0.0235050287256 0.0145954902518 0.001077336169 0.0102384509228 0.0305697992931 0.035511189116 -0.0124424961828 0.0282929390214 -0.00719027471783 0.0249397115965 -0.00763528250383 0.00687016962713 0.0219232964534 -0.0155206126784 -0.00660854001032 0.121978408268 0.00035190563716 
0.0190174504374 0.155167560104 0.122610987825 0.0299006560267 0.0397524931136 0.00726429616933 0.0179079789812 0.0459513513968 0.00594758795377 0.0123919261716 0.0183637418394 0.015542902683 0.0246711322412 0.00192219428311 0.0129749056268 0.0145201772814 0.011657875326 0.020730404529 0.0300104646382 0.00954687614527 -0.00355227754381 0.000218461189014 0.0185947353369 0.0173846781606 0.0145653773325 -0.00549252163904 0.0197178825481 0.0278747993859 0.039549750305 -0.0011692778696 
0.0430892662271 0.122610987825 1.09285619069 0.0561416996525 0.166377025225 -0.0202012892066 0.0039494580295 0.0590773951611 -0.0108539975169 0.0439425648323 0.0106645922093 0.0279808730147 0.00379782805536 -0.00425747982219 -0.00708156087201 0.00259664236677 0.0210510520601 0.0273977450852 0.0678546692108 0.0258812770963 -0.0252701208641 -0.0139701604183 0.0157793580172 0.0242377490839 0.0063100940247 0.0189332229501 0.00917150423106 0.0280457295659 0.0581011969954 0.0157699044348 
0.0146388015436 0.0299006560267 0.0561416996525 0.186873648987 0.0195291618714 0.0173196304733 0.0291895499455 0.038466153087 0.0227137932929 -0.0179611455405 0.0344737563402 0.00966936340147 0.026310155362 0.00481040039068 0.00867514425071 0.00756898257426 0.0174332458812 0.0318351935152 0.0427068474091 0.00324996882467 0.00512167206741 0.0076318797003 0.0120140643699 0.0131359069611 0.0215490619651 0.0240776272497 0.0350538067688 0.00618962710764 0.0312194434986 0.0232411877656 
0.00538362048571 0.0397524931136 0.166377025225 0.0195291618714 0.348740415697 0.0559405356597 0.0132694720474 0.0476090762935 0.0335346846861 0.0160576919606 0.0329158238703 0.00827009961155 0.0169324878695 0.0146075716538 0.0208898214171 0.0117461042964 0.0316385572569 0.0260000511937 0.0200976492173 0.0186619038576 0.00179464589078 0.0417079865706 0.0410651596087 0.0136029759455 0.00251817822093 -5.1176347052e-05 0.0101007299167 0.0129832927643 0.0372846275096 0.0230905793933 
0.0131124350558 0.00726429616934 -0.0202012892066 0.0173196304733 0.0559405356597 0.45582510249 0.0342222915212 0.032481032277 0.0153849245322 0.0227243407703 -0.00635960740016 0.0190297818411 -0.00610193391269 0.0474737204258 0.0185126883664 0.0369465722259 0.0279362584741 0.0469516175503 0.0323217488542 0.0266377981387 0.0382125753148 0.0421968639429 0.046845329467 0.0281204374522 0.0370148397707 0.025296070362 0.0288494002846 0.0808794390655 0.0360733466517 0.00306079285013 
-0.00233440323771 0.0179079789812 0.0039494580295 0.0291895499455 0.0132694720474 0.0342222915212 0.132034318857 0.0024141593093 0.0246363434515 0.0368785714082 0.0208912160615 0.00983195887365 0.0129856715048 0.0188599877748 0.0177348415415 0.0376998490339 0.0055238191455 0.041540488744 0.0397109315071 0.0189663061633 0.034463984593 0.0205409159559 0.0230133720875 0.0236041787054 0.0107927218741 0.0205351261174 0.0587426381234 0.0239872361037 0.0223214303308 0.0118291429496 
0.043801592333 0.0459513513968 0.0590773951611 0.038466153087 0.0476090762935 0.032481032277 0.0024141593093 0.550734228712 -0.0102817895387 -0.015036632421 0.0349364764884 0.0101786428493 0.0207303816321 0.0158700484801 0.0223665303317 0.00977718722948 -0.0192668936122 0.0418974819991 0.0515633028791 0.000114433217998 0.0258937878516 0.0191384284349 0.0163859563565 0.0168990608826 0.0159507730359 0.00842283681419 0.0185537687499 0.0538288527617 0.0583460861677 0.0159421481981 
-0.0188849835497 0.00594758795377 -0.0108539975169 0.0227137932929 0.0335346846861 0.0153849245322 0.0246363434515 -0.0102817895387 0.734807475635 0.0346533303982 0.0111506156682 -0.00435342093348 -0.024450450503 0.0178844240517 0.0372290347137 0.0191162137073 0.00234180140742 0.0378995545974 0.021448147512 -0.0011348926999 0.0182776293078 -0.0335360210687 0.0177565335961 0.0325135065099 0.0137024850039 0.0176073662446 0.00307644531151 0.0262330028519 0.00697665886535 0.00733777522369 
-0.0141117398263 0.0123919261716 0.0439425648323 -0.0179611455405 0.0160576919606 0.0227243407703 0.0368785714082 -0.015036632421 0.0346533303982 0.489397521934 0.0417411273242 0.00427806738238 -0.017289539162 0.00716958947677 0.00321703475976 0.0493812032104 0.0282839352874 0.0426355287883 0.0669156264142 -0.0096283528632 0.00777853117559 0.0149748173164 0.0282624854378 0.0219057246451 0.029339048758 0.0272943686133 0.0280837259728 0.0028649582362 -0.0096249778945 0.0112252926178 
0.00582383304063 0.0183637418394 0.0106645922093 0.0344737563402 0.0329158238703 -0.00635960740016 0.0208912160615 0.0349364764884 0.0111506156682 0.0417411273242 0.34402056154 -0.0117152154146 -0.00382192424901 0.0215490860666 0.04006477201 0.0463107766366 0.0281032381293 0.0270796124522 0.0377827059971 0.0110060459295 0.0148294288563 0.030494275709 0.0110059406083 0.0305300871222 0.0207150204439 0.0216808602839 0.0152919922742 0.0405462776206 -0.00121778043407 0.0160127200165 
0.160415726777 0.015542902683 0.0279808730147 0.00966936340147 0.00827009961155 0.0190297818411 0.00983195887365 0.0101786428493 -0.00435342093348 0.00427806738238 -0.0117152154146 0.407833616838 0.202417347608 0.0274883778507 -0.00154555180077 -0.00146599334679 -0.0107664697841 0.0321713532632 0.0219214986464 -0.00307851065799 0.0518741875507 -0.00545473279785 0.015219725281 0.00692042025007 0.025053537177 0.0126537057056 0.00422440725619 -0.00960626528259 0.168425296341 0.00935856616116 
0.185173004513 0.0246711322412 0.00379782805536 0.026310155362 0.0169324878695 -0.00610193391269 0.0129856715048 0.0207303816321 -0.024450450503 -0.017289539162 -0.00382192424901 0.202417347608 0.357859936287 0.0153906742558 0.0158068073095 -0.00396093464428 0.00475255340303 0.0203472969694 0.0348877317407 -0.00182488043951 0.0317550225585 -0.00492415469474 0.0189097868552 -0.00085064474814 0.0259133761052 0.0205419732287 9.86743989225e-06 -0.011170965797 0.140215571016 0.00597631723431 
0.0235050287256 0.00192219428311 -0.00425747982219 0.00481040039068 0.0146075716538 0.0474737204258 0.0188599877748 0.0158700484801 0.0178844240517 0.00716958947677 0.0215490860666 0.0274883778507 0.0153906742558 0.18891176488 -0.00364873347741 0.0208694111485 0.0080834332962 0.0445358650257 0.0317789982591 0.00748750908458 0.0589190485313 0.0188202178005 0.0388729483793 -0.00297698349822 0.0141029695204 0.00575119158333 0.0068364855167 0.00846114039483 0.0457313080876 -0.0027342410565 
0.0145954902518 0.0129749056268 -0.00708156087201 0.00867514425072 0.0208898214171 0.0185126883664 0.0177348415415 0.0223665303317 0.0372290347137 0.00321703475976 0.04006477201 -0.00154555180077 0.0158068073095 -0.00364873347742 0.181768211904 0.0214449807136 0.00287717950169 0.0189813067436 0.025776755799 0.00529416606508 0.0236235169489 0.0232088455197 0.0059442084636 0.0129730574095 0.0220487580476 -0.00271498883422 0.0334301341137 0.0074765039594 -0.000470728531113 0.00363191353324 
0.001077336169 0.0145201772814 0.00259664236677 0.00756898257426 0.0117461042964 0.0369465722259 0.0376998490339 0.00977718722948 0.0191162137073 0.0493812032104 0.0463107766366 -0.00146599334679 -0.00396093464428 0.0208694111485 0.0214449807136 0.243018153038 0.00426911679996 0.0287021688139 0.0308993844676 0.00747493959961 0.0216032829106 0.0174185359481 0.014008467749 0.0303237236035 0.0171385422717 0.0130917311281 0.0323522125663 0.00502467731538 -0.0017382879381 0.00427762366226 
0.0102384509228 0.011657875326 0.0210510520601 0.0174332458812 0.0316385572569 0.0279362584741 0.0055238191455 -0.0192668936122 0.00234180140742 0.0282839352874 0.0281032381293 -0.0107664697841 0.00475255340302 0.0080834332962 0.00287717950169 0.00426911679996 0.366672839188 0.00348484190422 0.0022883204225 0.0121065221632 0.0135331864376 0.00041315284702 0.0154829933391 0.0416358672773 0.0186930788269 0.00471853626764 0.0154245312796 0.0155811742438 0.0444254254075 0.0196897968457 
0.0305697992931 0.020730404529 0.0273977450852 0.0318351935152 0.0260000511937 0.0469516175503 0.041540488744 0.0418974819991 0.0378995545974 0.0426355287883 0.0270796124522 0.0321713532632 0.0203472969694 0.0445358650257 0.0189813067436 0.0287021688139 0.00348484190422 0.20666650189 0.0695187832172 0.00996568884425 0.0267703993164 0.027187916293 0.0205939836733 0.0216557666937 0.0200592551956 0.0197807770577 0.03126748778 0.0319452455894 0.0388334817373 0.0137577969363 
0.035511189116 0.0300104646382 0.0678546692108 0.0427068474091 0.0200976492173 0.0323217488542 0.0397109315071 0.0515633028791 0.021448147512 0.0669156264142 0.0377827059971 0.0219214986464 0.0348877317407 0.0317789982591 0.025776755799 0.0308993844676 0.0022883204225 0.0695187832172 0.195747978982 0.0114339482531 0.0254957329664 0.0323557618282 0.0186907121042 0.0103264211792 0.0271944769954 0.00799277456582 0.029444356196 0.00845860195159 0.0400206231192 0.018989456812 
-0.0124424961828 0.00954687614527 0.0258812770963 0.00324996882466 0.0186619038576 0.0266377981387 0.0189663061633 0.000114433217998 -0.0011348926999 -0.0096283528632 0.0110060459295 -0.00307851065799 -0.00182488043951 0.00748750908458 0.00529416606508 0.00747493959961 0.0121065221632 0.00996568884425 0.0114339482531 0.188844933349 -0.00822686561403 0.0215692855087 0.0274536611598 0.0170273872253 -0.00470743844266 0.0078200343995 0.00327217554185 -0.0123347485251 -0.00463861617112 0.0196290167397 
0.0282929390214 -0.00355227754381 -0.0252701208641 0.00512167206741 0.00179464589078 0.0382125753148 0.034463984593 0.0258937878516 0.0182776293078 0.00777853117559 0.0148294288563 0.0518741875507 0.0317550225585 0.0589190485313 0.0236235169489 0.0216032829106 0.0135331864376 0.0267703993164 0.0254957329664 -0.00822686561403 0.207846817879 0.0207235692312 0.0298574417186 -0.00902081046615 0.0135071481083 0.00289170867792 0.0235013851644 0.0128187182873 0.054467737866 0.00624381741227 
-0.00719027471783 0.000218461189015 -0.0139701604183 0.0076318797003 0.0417079865706 0.0421968639429 0.0205409159559 0.0191384284349 -0.0335360210687 0.0149748173164 0.030494275709 -0.00545473279785 -0.00492415469474 0.0188202178005 0.0232088455196 0.0174185359481 0.00041315284702 0.027187916293 0.0323557618282 0.0215692855086 0.0207235692312 0.220801719262 0.0317121044053 0.0239757468859 0.024154635274 0.0331015029279 0.00231279881002 0.0087140062944 -0.021691829958 0.0181013421116 
0.0249397115965 0.0185947353369 0.0157793580172 0.0120140643699 0.0410651596087 0.046845329467 0.0230133720875 0.0163859563565 0.0177565335961 0.0282624854378 0.0110059406083 0.015219725281 0.0189097868552 0.0388729483793 0.0059442084636 0.014008467749 0.0154829933391 0.0205939836733 0.0186907121042 0.0274536611598 0.0298574417186 0.0317121044053 0.283743934981 0.0153034183207 0.0387818655718 0.0094053538211 0.0161490486864 0.019992055979 0.0353402465633 0.0266770801378 
-0.00763528250383 0.0173846781606 0.0242377490839 0.0131359069611 0.0136029759455 0.0281204374522 0.0236041787054 0.0168990608826 0.0325135065099 0.0219057246451 0.0305300871222 0.00692042025007 -0.00085064474814 -0.00297698349822 0.0129730574095 0.0303237236035 0.0416358672773 0.0216557666937 0.0103264211792 0.0170273872253 -0.00902081046615 0.0239757468859 0.0153034183207 0.204893955742 0.0119279240364 0.0137957361991 0.00691920467734 0.00870407059077 0.0149025485992 0.0183782076408 
0.00687016962712 0.0145653773325 0.0063100940247 0.0215490619651 0.00251817822093 0.0370148397707 0.0107927218741 0.0159507730359 0.0137024850039 0.029339048758 0.0207150204439 0.025053537177 0.0259133761052 0.0141029695204 0.0220487580476 0.0171385422717 0.0186930788269 0.0200592551956 0.0271944769954 -0.00470743844267 0.0135071481083 0.024154635274 0.0387818655718 0.0119279240364 0.138802396496 -0.00542543686004 0.0153188453733 0.00979050081724 0.0128730597733 0.0062137203512 
0.0219232964534 -0.00549252163904 0.0189332229501 0.0240776272497 -5.11763470522e-05 0.025296070362 0.0205351261174 0.00842283681419 0.0176073662446 0.0272943686133 0.0216808602839 0.0126537057056 0.0205419732287 0.00575119158333 -0.00271498883422 0.0130917311281 0.00471853626764 0.0197807770577 0.00799277456582 0.0078200343995 0.00289170867792 0.0331015029279 0.0094053538211 0.0137957361991 -0.00542543686004 0.215695402419 0.011103842914 0.0219482970294 -0.00347283695347 5.02517633901e-05 
-0.0155206126784 0.0197178825481 0.00917150423106 0.0350538067688 0.0101007299167 0.0288494002846 0.0587426381234 0.0185537687499 0.00307644531151 0.0280837259728 0.0152919922742 0.00422440725619 9.86743989264e-06 0.0068364855167 0.0334301341137 0.0323522125663 0.0154245312796 0.03126748778 0.029444356196 0.00327217554185 0.0235013851644 0.00231279881002 0.0161490486864 0.00691920467734 0.0153188453733 0.011103842914 0.184834227099 0.000563502338763 0.016987402663 0.00884554804812 
-0.00660854001032 0.0278747993859 0.0280457295659 0.00618962710764 0.0129832927643 0.0808794390655 0.0239872361037 0.0538288527617 0.0262330028519 0.0028649582362 0.0405462776206 -0.00960626528259 -0.011170965797 0.00846114039483 0.0074765039594 0.00502467731538 0.0155811742438 0.0319452455894 0.00845860195159 -0.0123347485251 0.0128187182873 0.0087140062944 0.019992055979 0.00870407059077 0.00979050081724 0.0219482970294 0.000563502338763 0.378258056812 0.0276494500851 -0.00563210240024 
0.121978408268 0.039549750305 0.0581011969954 0.0312194434986 0.0372846275096 0.0360733466517 0.0223214303308 0.0583460861677 0.00697665886535 -0.0096249778945 -0.00121778043407 0.168425296341 0.140215571016 0.0457313080876 -0.000470728531113 -0.0017382879381 0.0444254254075 0.0388334817373 0.0400206231192 -0.00463861617112 0.054467737866 -0.021691829958 0.0353402465633 0.0149025485992 0.0128730597733 -0.00347283695347 0.016987402663 0.0276494500851 0.433672467155 -0.00172455794756 
0.000351905637159 -0.0011692778696 0.0157699044348 0.0232411877656 0.0230905793933 0.00306079285013 0.0118291429496 0.0159421481981 0.00733777522369 0.0112252926178 0.0160127200165 0.00935856616116 0.00597631723431 -0.0027342410565 0.00363191353324 0.00427762366226 0.0196897968457 0.0137577969363 0.018989456812 0.0196290167397 0.00624381741227 0.0181013421116 0.0266770801378 0.0183782076408 0.00621372035119 5.02517633901e-05 0.00884554804812 -0.00563210240024 -0.00172455794756 0.166285870611 
0.0258524897593 0.0016469595194 0.00373163991831 0.00126775740177 0.000466235210496 0.00113557018638 -0.000202165250653 0.00379332916866 -0.00163548755041 -0.00122211251812 0.000504358736058 0.0138924094556 0.0160364526003 0.0020355951993 0.00126400653388 9.33000490774e-05 0.000886675859457 0.00264742227764 0.0030753591893 -0.00107755177808 0.00245024039403 -0.000622696056583 0.00215984238056 -0.000661234861339 0.00059497414254 0.00189861316633 -0.00134412448618 -0.000572316353087 0.0105636400273 3.04759221515e-05 
0.0016469595194 0.0134379048894 0.010618423024 0.00258947277089 0.00344266689002 0.000629106502326 0.00155087647281 0.00397950376478 0.000515076225921 0.00107317228664 0.00159034669415 0.00134605485721 0.0021365827261 0.000166466908018 0.00112365978845 0.00125748423931 0.00100960161865 0.00179530569529 0.00259898247561 0.000826783726859 -0.000307636259423 1.89192939427e-05 0.00161035131784 0.00150555729237 0.00126139867856 -0.000475666327025 0.00170761871955 0.00241402843936 0.00342510884775 -0.000101262433916 
0.00373163991831 0.010618423024 0.0946441223823 0.00486201381107 0.0144086730451 -0.00174948296421 0.000342033098472 0.00511625249989 -0.000939983758222 0.00380553774522 0.000923580777427 0.00242321468508 0.000328901557515 -0.000368708568211 -0.00061328116136 0.000224875825416 0.00182307458604 0.00237271432502 0.00587638673019 0.00224138434478 -0.0021884566625 -0.00120985138172 0.00136653248983 0.00209905064372 0.000546470172566 0.00163966520503 0.000794275565502 0.00242883142717 0.00503171125883 0.00136571378558 
0.00126775740177 0.00258947277089 0.00486201381107 0.0161837327321 0.00169127502953 0.0014999239974 0.00252788917779 0.00333126657592 0.00196707220079 -0.00155548083192 0.00298551487545 0.000837391434409 0.0022785262921 0.000416592894071 0.000751289530261 0.000655493119011 0.00150976338035 0.00275700863186 0.00369852147718 0.000281455556367 0.000443549812023 0.000660940169909 0.00104044849471 0.00113760291301 0.00186620350895 0.00208518368611 0.00303574871611 0.000536037431517 0.00270368311618 0.00201274590192 
0.000466235210496 0.00344266689002 0.0144086730451 0.00169127502953 0.030201805932 0.00484459249827 0.00114916998878 0.00412306695209 0.00290418888461 0.0013906369164 0.00285059396582 0.000716211635543 0.00146639646443 0.00126505281398 0.00180911160277 0.00101724247162 0.00273997943235 0.00225167048334 0.00174050747786 0.00161616828237 0.000155420893221 0.00361201759108 0.00355634714316 0.00117805227359 0.000218080631058 -4.43200166199e-06 0.000874748870463 0.00112438613587 0.00322894345939 0.00199970283427 
0.00113557018638 0.000629106502326 -0.00174948296421 0.0014999239974 0.00484459249827 0.0394756118439 0.00296373738331 0.0028129399093 0.00133237354802 0.00196798563913 -0.000550758156664 0.00164802745028 -0.000528442978061 0.00411134479009 0.00160324584176 0.00319966701304 0.00241935095252 0.00406612935473 0.00279914556025 0.0023069009889 0.00330930609667 0.00365435561346 0.00405692453671 0.00243530131991 0.00320557915585 0.00219070395494 0.00249843135304 0.00700436488746 0.00312404345999 0.000265072436394 
-0.000202165250653 0.00155087647281 0.000342033098472 0.00252788917779 0.00114916998878 0.00296373738331 0.0114345074301 0.000209072329064 0.00213356992854 0.00319377796948 0.00180923238252 0.000851472615355 0.00112459214084 0.0016333228528 0.00153588233071 0.00326490269822 0.000478376770591 0.00359751185379 0.00343906754931 0.00164253029534 0.00298466861732 0.00177889550348 0.00199301648545 0.00204418183943 0.000934677131899 0.00177839408876 0.00508726169002 0.00207735558324 0.00193309257153 0.00102443382993 
0.00379332916866 0.00397950376478 0.00511625249989 0.00333126657592 0.00412306695209 0.0028129399093 0.000209072329064 0.0476949832798 -0.000890429093692 -0.00130221056639 0.00302558761577 0.000881496328353 0.00179530371236 0.00137438651431 0.00193699834618 0.000846729251829 -0.00166856193202 0.00362842837658 0.00446551301963 9.9102073823e-06 0.00224246780797 0.00165743652131 0.001419065447 0.00146350160244 0.00138137746591 0.000729439065302 0.00160680350733 0.00466171539482 0.00505291928326 0.00138063053305 
-0.00163548755041 0.000515076225921 -0.000939983758222 0.00196707220079 0.00290418888461 0.00133237354802 0.00213356992854 -0.000890429093692 0.0636361940791 0.00300106644506 0.000965671643653 -0.000377017312176 -0.00211747112696 0.00154883655608 0.00322412898205 0.00165551266947 0.000202805950944 0.00328219770734 0.00185746406095 -9.82845908683e-05 0.00158288913015 -0.00290430461874 0.00153776091774 0.00281575226037 0.00118667001084 0.00152484264616 0.000266427979312 0.00227184468873 0.000604196381093 0.000635469975097 
-0.00122211251812 0.00107317228664 0.00380553774522 -0.00155548083192 0.0013906369164 0.00196798563913 0.00319377796948 -0.00130221056639 0.00300106644506 0.0423830686544 0.00361488766453 0.000370491503224 -0.0014973180134 0.000620904662159 0.000278603382681 0.00427653764497 0.00244946064779 0.00369234510345 0.00579506323849 -0.000833839817614 0.000673640560219 0.0012968572213 0.00244760303632 0.00189709140309 0.00254083615473 0.00236376165994 0.00243212201254 0.000248112661333 -0.00083354753675 0.000972138857196 
0.000504358736058 0.00159034669415 0.000923580777427 0.00298551487545 0.00285059396582 -0.000550758156664 0.00180923238252 0.00302558761577 0.000965671643653 0.00361488766453 0.0297930545718 -0.00101456741599 -0.000330988349098 0.0018662055962 0.00346971103575 0.00401063090363 0.00243381181486 0.00234516323083 0.00327207832172 0.000953151537018 0.00128426621131 0.0026408817434 0.000953142415934 0.00264398310276 0.00179397339443 0.00187761757818 0.00132432537839 0.00351141064483 -0.000105462879213 0.0013867422318 
0.0138924094556 0.00134605485721 0.00242321468508 0.000837391434409 0.000716211635543 0.00164802745028 0.000851472615355 0.000881496328353 -0.000377017312176 0.000370491503224 -0.00101456741599 0.0353194272699 0.0175298565195 0.00238056335275 -0.000133848712233 -0.00012695874801 -0.000932403634208 0.00278612092 0.00189845747169 -0.000266606843564 0.00449243642196 -0.000472393717379 0.0013180668732 0.000599325974143 0.002169699965 0.00109584305931 0.000365844399979 -0.000831926977022 0.0145860585271 0.000810475603856 
0.0160364526003 0.0021365827261 0.000328901557515 0.0022785262921 0.00146639646443 -0.000528442978061 0.00112459214084 0.00179530371236 -0.00211747112696 -0.0014973180134 -0.000330988349098 0.0175298565195 0.0309915795821 0.00133287148869 0.00136890966827 -0.000343027002468 0.000411583197986 0.00176212760738 0.00302136619679 -0.000158039281949 0.00275006562334 -0.000426444305781 0.00163763557967 -7.36679961485e-05 0.00224416420049 0.00177898706599 8.54545361701e-07 -0.000967434016501 0.0121430246506 0.000517564254599 
0.0020355951993 0.000166466908018 -0.000368708568211 0.000416592894071 0.00126505281398 0.00411134479009 0.0016333228528 0.00137438651431 0.00154883655608 0.000620904662159 0.0018662055962 0.00238056335275 0.00133287148869 0.016360238746 -0.000315989588308 0.00180734402166 0.000700045858431 0.00385691904917 0.00275214197992 0.000648437307832 0.00510253927949 0.001629878672 0.00336649608165 -0.000257814333611 0.00122135298735 0.00049806780132 0.000592057013007 0.000732756252691 0.00396044745522 -0.0002367922215 
0.00126400653388 0.00112365978845 -0.00061328116136 0.000751289530261 0.00180911160277 0.00160324584176 0.00153588233071 0.00193699834618 0.00322412898205 0.000278603382681 0.00346971103575 -0.000133848712233 0.00136890966827 -0.000315989588308 0.0157415889109 0.00185718980817 0.000249171053971 0.0016438293837 0.00223233253491 0.000458488230421 0.00204585658045 0.00200994498125 0.000514783553487 0.00112349972814 0.00190947845911 -0.000235124930142 0.00289513453943 0.000647484236033 -4.0766286623e-05 0.000314532938414 
9.33000490774e-05 0.00125748423931 0.000224875825416 0.000655493119011 0.00101724247162 0.00319966701304 0.00326490269822 0.000846729251829 0.00165551266947 0.00427653764497 0.00401063090363 -0.00012695874801 -0.000343027002468 0.00180734402166 0.00185718980817 0.0210459894112 0.000369716360049 0.00248568073366 0.00267596519102 0.000647348758502 0.00187089918057 0.00150848946278 0.00121316889388 0.00262611149779 0.00148424129911 0.00113377717365 0.0028017837951 0.000435149820094 -0.000150540151348 0.000370453075935 
0.000886675859458 0.00100960161865 0.00182307458604 0.00150976338035 0.00273997943235 0.00241935095252 0.000478376770591 -0.00166856193202 0.000202805950944 0.00244946064779 0.00243381181486 -0.000932403634208 0.000411583197986 0.000700045858431 0.000249171053971 0.000369716360049 0.0317547993614 0.000301796161723 0.000198174361789 0.00104845557448 0.00117200832491 3.57800861165e-05 0.00134086655583 0.00360577187707 0.0016188681139 0.000408637227646 0.00133580359296 0.0013493692716 0.00384735469768 0.00170518642638 
0.00264742227764 0.00179530569529 0.00237271432502 0.00275700863186 0.00225167048334 0.00406612935473 0.00359751185379 0.00362842837658 0.00328219770734 0.00369234510345 0.00234516323083 0.00278612092 0.00176212760738 0.00385691904917 0.0016438293837 0.00248568073366 0.000301796161723 0.0178978440748 0.00602050323063 0.000863053970533 0.00231838458775 0.00235454261857 0.00178349130262 0.00187544440951 0.00173718245804 0.00171306554386 0.002707843873 0.00276653942106 0.00336307817019 0.0011914601647 
0.0030753591893 0.00259898247561 0.00587638673019 0.00369852147718 0.00174050747786 0.00279914556025 0.00343906754931 0.00446551301963 0.00185746406095 0.00579506323849 0.00327207832172 0.00189845747169 0.00302136619679 0.00275214197992 0.00223233253491 0.00267596519102 0.000198174361789 0.00602050323063 0.0169522722538 0.00099020896527 0.0022079952437 0.0028020911702 0.0016186631497 0.00089429430714 0.00235511079206 0.000692194582072 0.00254995604638 0.000732536417058 0.00346588762965 0.00164453520033 
-0.00107755177808 0.000826783726858 0.00224138434478 0.000281455556367 0.00161616828237 0.0023069009889 0.00164253029534 9.9102073823e-06 -9.82845908683e-05 -0.000833839817614 0.000953151537018 -0.000266606843564 -0.000158039281948 0.000648437307832 0.000458488230421 0.000647348758502 0.00104845557448 0.000863053970533 0.00099020896527 0.0163544509656 -0.000712467461527 0.0018679549192 0.00237755679913 0.00147461498972 -0.00040767612781 0.000677234844844 0.000283378714488 -0.00106822055721 -0.00040171594426 0.00169992271479 
0.00245024039403 -0.000307636259423 -0.0021884566625 0.000443549812023 0.000155420893221 0.00330930609667 0.00298466861732 0.00224246780797 0.00158288913015 0.000673640560219 0.00128426621131 0.00449243642196 0.00275006562334 0.00510253927949 0.00204585658045 0.00187089918057 0.00117200832491 0.00231838458775 0.0022079952437 -0.000712467461527 0.0180000624379 0.00179471374113 0.00258573030203 -0.000781225102641 0.00116975333945 0.000250429317543 0.00203527965765 0.00111013356808 0.00471704446786 0.000540730449561 
-0.000622696056583 1.89192939428e-05 -0.00120985138172 0.000660940169909 0.00361201759108 0.00365435561346 0.00177889550348 0.00165743652131 -0.00290430461874 0.0012968572213 0.0026408817434 -0.000472393717379 -0.000426444305781 0.001629878672 0.00200994498125 0.00150848946278 3.57800861165e-05 0.00235454261857 0.0028020911702 0.0018679549192 0.00179471374113 0.019121989808 0.00274634880224 0.00207636058779 0.00209185277665 0.0028666742439 0.000200294252332 0.000754655081969 -0.00187856757982 0.00156762221112 
0.00215984238056 0.00161035131784 0.00136653248983 0.00104044849471 0.00355634714316 0.00405692453671 0.00199301648545 0.001419065447 0.00153776091774 0.00244760303632 0.000953142415934 0.0013180668732 0.00163763557967 0.00336649608165 0.000514783553487 0.00121316889388 0.00134086655583 0.00178349130262 0.0016186631497 0.00237755679913 0.00258573030203 0.00274634880224 0.0245729455864 0.00132531490305 0.00335860807914 0.000814527534065 0.00139854864093 0.00173136283517 0.00306055512998 0.00231030290981 
-0.000661234861339 0.00150555729237 0.00209905064372 0.00113760291301 0.00117805227359 0.00243530131991 0.00204418183943 0.00146350160244 0.00281575226037 0.00189709140309 0.00264398310276 0.000599325974143 -7.36679961485e-05 -0.000257814333611 0.00112349972814 0.00262611149779 0.00360577187707 0.00187544440951 0.00089429430714 0.00147461498972 -0.000781225102641 0.00207636058779 0.00132531490305 0.0177443370755 0.00103298852299 0.00119474580123 0.000599220702456 0.000753794624794 0.0012905985668 0.0015915994693 
0.00059497414254 0.00126139867856 0.000546470172566 0.00186620350895 0.000218080631058 0.00320557915585 0.000934677131899 0.00138137746591 0.00118667001084 0.00254083615473 0.00179397339443 0.002169699965 0.00224416420049 0.00122135298735 0.00190947845911 0.00148424129911 0.0016188681139 0.00173718245804 0.00235511079206 -0.00040767612781 0.00116975333945 0.00209185277665 0.00335860807914 0.00103298852299 0.0120206401471 -0.000469856614742 0.00132665092499 0.00084788224235 0.00111483967881 0.000538123967615 
0.00189861316633 -0.000475666327025 0.00163966520503 0.00208518368611 -4.43200166201e-06 0.00219070395494 0.00177839408876 0.000729439065302 0.00152484264616 0.00236376165994 0.00187761757818 0.00109584305931 0.00177898706599 0.00049806780132 -0.000235124930142 0.00113377717365 0.000408637227646 0.00171306554386 0.000692194582072 0.000677234844844 0.000250429317543 0.0028666742439 0.000814527534066 0.00119474580123 -0.000469856614742 0.0186797697974 0.000961621004314 0.00190077827973 -0.000300756502491 4.35193036808e-06 
-0.00134412448618 0.00170761871955 0.000794275565502 0.00303574871611 0.000874748870463 0.00249843135304 0.00508726169002 0.00160680350733 0.000266427979312 0.00243212201254 0.00132432537839 0.000365844399979 8.54545361734e-07 0.000592057013007 0.00289513453943 0.0028017837951 0.00133580359296 0.002707843873 0.00254995604638 0.000283378714488 0.00203527965765 0.000200294252332 0.00139854864093 0.000599220702456 0.00132665092499 0.000961621004314 0.0160071136157 4.88007340461e-05 0.00147115222505 0.000766046932007 
-0.000572316353087 0.00241402843936 0.00242883142717 0.000536037431517 0.00112438613587 0.00700436488746 0.00207735558324 0.00466171539482 0.00227184468873 0.000248112661333 0.00351141064483 -0.000831926977022 -0.000967434016501 0.000732756252691 0.000647484236033 0.000435149820094 0.0013493692716 0.00276653942106 0.000732536417058 -0.00106822055721 0.00111013356808 0.000754655081969 0.00173136283517 0.000753794624794 0.00084788224235 0.00190077827973 4.88007340461e-05 0.0327581086385 0.00239451261744 -0.000487754375532 
0.0105636400273 0.00342510884775 0.00503171125883 0.00270368311618 0.00322894345939 0.00312404345999 0.00193309257153 0.00505291928326 0.000604196381093 -0.00083354753675 -0.000105462879213 0.0145860585271 0.0121430246506 0.00396044745522 -4.0766286623e-05 -0.000150540151348 0.00384735469768 0.00336307817019 0.00346588762965 -0.00040171594426 0.00471704446786 -0.00187856757982 0.00306055512998 0.0012905985668 0.00111483967881 -0.000300756502491 0.00147115222505 0.00239451261744 0.0375571373478 -0.000149351099288 
3.04759221515e-05 -0.000101262433916 0.00136571378558 0.00201274590192 0.00199970283427 0.000265072436394 0.00102443382993 0.00138063053305 0.000635469975097 0.000972138857196 0.0013867422318 0.000810475603856 0.000517564254599 -0.0002367922215 0.000314532938414 0.000370453075935 0.00170518642638 0.0011914601647 0.00164453520033 0.00169992271479 0.000540730449561 0.00156762221112 0.00231030290981 0.0015915994693 0.000538123967615 4.35193036808e-06 0.000766046932007 -0.000487754375532 -0.000149351099288 0.014400778824 

['APC', 'MSFT', 'SYK', 'SNA', 'CMI', 'FSL.B', 'MTB', 'NTAP', 'LXK', 'HSP', 'HET', 'XTO', 'DVN', 'PNW', 'NOC', 'COF', 'RSH', 'AIV', 'SPG', 'LLY', 'NI', 'TSN', 'APCC', 'LIZ', 'SIAL', 'BCR', 'USB', 'UNM', 'MRO', 'GIS']