20
0.110057805124 0.0100273700484 0.0372282541949 0.185813705736 0.0795042219188 0.0147816990943 0.13588321519 0.0594362545722 0.0605665428979 0.00787829448736 0.00108215816497 0.0373342989671 0.0520830917934 0.149701567326 0.0615160923796 0.0584521455196 0.0444205393046 0.0110311255814 0.0831393543584 0.101670797752 
0.406481602442 0.0134680522334 0.0399325893124 0.277836703727 0.020323125354 0.0493382159953 0.017502411209 0.0430834067251 0.0448653448815 0.0331993828859 0.0107124033235 0.0301388313925 0.0211612307002 0.0210307374655 0.0466511751954 0.041894007214 0.0205382930402 0.0227348996309 0.0372789856426 0.0266022625197 
0.0134680522334 0.194698098743 0.0320214124515 0.0163435377568 0.0274742309684 0.0301719506486 0.0182298149897 0.0246786551651 0.029585167596 0.00254469131516 0.0180177677038 0.0216495404193 0.0236402289899 -0.00779386940354 0.0306553765027 0.00392875050757 0.00396585753677 0.00828748112146 0.0166081603959 0.00464769916437 
0.0399325893124 0.0320214124514 0.19646577252 0.0562657229732 0.0252906905209 0.0176041225895 0.0168418224529 0.0230289721519 0.0231272759123 0.00558168279911 0.0315075246564 0.0211935567544 0.0136138891401 0.0065012730309 0.0315911010372 0.0251693634779 0.037391079916 0.0142795431719 0.0246935847853 0.0123497980579 
0.277836703727 0.0163435377568 0.0562657229732 0.57185472758 0.0697025620281 0.0162348066287 0.0362785130958 0.0368676983265 0.0412421244385 0.0372857552635 0.0131538580799 0.0403954007406 0.0239298403691 0.00506223278276 0.060803547457 0.040461679005 0.0318854497559 0.0282333352287 0.0354260345133 0.0341939872356 
0.020323125354 0.0274742309684 0.0252906905209 0.0697025620281 0.275196950016 0.00744422209064 0.0157160599281 0.0209882165205 -5.87921048016e-05 -0.000995247517994 0.03458690263 0.0242544734289 0.00438546916621 0.0333223919558 0.0159156307406 -0.021175625536 0.0279382058449 0.0201264417787 0.00452053019277 -0.0220713765939 
0.0493382159953 0.0301719506486 0.0176041225895 0.0162348066287 0.00744422209064 0.221537741064 -0.0405739204445 0.0216922097012 0.012578439028 0.0102448569756 0.00850482994931 0.00667715220236 0.0282093511028 0.0162844760666 0.0455615984175 0.00437888088068 0.0211824006626 0.0192369463037 0.0138921415808 0.0237836520737 
0.017502411209 0.0182298149897 0.0168418224529 0.0362785130958 0.0157160599281 -0.0405739204445 1.21092044428 0.0310699561154 0.0209312445735 -0.016997666704 0.00503558221408 -0.0116571685827 0.00800103159169 -0.00719322626035 0.0187536596404 0.00111149606928 -3.30423084146e-06 0.0141369204733 0.0171429742357 0.0303102905935 
0.0430834067251 0.0246786551651 0.0230289721519 0.0368676983265 0.0209882165205 0.0216922097012 0.0310699561154 0.289916112219 0.046481969225 0.0283927025672 0.0203154636711 0.0277925613456 0.0434406834692 0.0377828992267 0.0177242259978 0.03651810228 0.0246301459914 0.0216640395898 0.0151212371051 0.0170536372599 
0.0448653448815 0.029585167596 0.0231272759123 0.0412421244385 -5.87921048015e-05 0.012578439028 0.0209312445735 0.046481969225 0.258771811319 0.00314460922219 -0.000873452994119 0.0310619693067 0.0261605009188 -0.00362987499283 0.00659333022138 0.0327961690148 0.0292186089566 0.0157955011512 0.0129510710552 0.025286092384 
0.0331993828859 0.00254469131516 0.00558168279911 0.0372857552635 -0.000995247517994 0.0102448569756 -0.016997666704 0.0283927025672 0.00314460922219 0.158360592085 -0.00381117903206 0.00221489249618 0.00343937755527 -0.0133351653732 0.020663777789 0.00931362945408 0.00150057904526 5.94241966731e-05 0.0218804114273 0.0171689252261 
0.0107124033235 0.0180177677038 0.0315075246564 0.0131538580799 0.03458690263 0.00850482994931 0.00503558221407 0.0203154636711 -0.000873452994119 -0.00381117903206 0.254247392171 0.00959970893711 0.00484068134972 -0.00492319663733 0.00944681546569 0.0314205998823 0.0170058723937 0.00568342254051 -0.0008854799331 0.00506394170459 
0.0301388313925 0.0216495404193 0.0211935567544 0.0403954007406 0.0242544734289 0.00667715220236 -0.0116571685827 0.0277925613456 0.0310619693067 0.00221489249618 0.00959970893711 0.273080584417 0.0557577936221 0.0313954908708 0.0208040773288 0.0122799786527 0.0166746623124 0.049849924926 0.009360718284 0.00712534838139 
0.0211612307002 0.0236402289899 0.0136138891401 0.0239298403691 0.00438546916621 0.0282093511028 0.00800103159169 0.0434406834692 0.0261605009188 0.00343937755527 0.00484068134972 0.0557577936221 0.224861292503 0.00787694284213 0.0126531317646 0.032291445011 0.0258065030078 0.0547194138005 0.00498921646645 0.0058733731103 
0.0210307374655 -0.00779386940354 0.0065012730309 0.00506223278276 0.0333223919558 0.0162844760666 -0.00719322626035 0.0377828992267 -0.00362987499283 -0.0133351653732 -0.00492319663733 0.0313954908708 0.00787694284213 0.489619949188 0.0369692948951 0.00398068621326 0.00766160706096 0.0254901571098 0.0195508172195 0.0072347380964 
0.0466511751954 0.0306553765027 0.0315911010372 0.060803547457 0.0159156307406 0.0455615984175 0.0187536596404 0.0177242259978 0.00659333022138 0.020663777789 0.00944681546569 0.0208040773288 0.0126531317646 0.0369692948951 0.195313421897 0.00376068523615 0.0233209818899 0.0182691863205 0.0241025084891 0.00811529949997 
0.041894007214 0.00392875050757 0.0251693634779 0.040461679005 -0.021175625536 0.00437888088068 0.00111149606928 0.03651810228 0.0327961690148 0.00931362945408 0.0314205998823 0.0122799786527 0.032291445011 0.00398068621326 0.00376068523615 0.339957647631 0.0273302453733 0.0154587931274 0.0289902179055 0.0151841066812 
0.0205382930402 0.00396585753677 0.037391079916 0.0318854497559 0.0279382058449 0.0211824006626 -3.30423084153e-06 0.0246301459914 0.0292186089566 0.00150057904526 0.0170058723937 0.0166746623124 0.0258065030078 0.00766160706096 0.0233209818899 0.0273302453733 0.186311852189 0.0190995406018 0.00803157181178 0.00205712846823 
0.0227348996309 0.00828748112146 0.0142795431719 0.0282333352287 0.0201264417787 0.0192369463037 0.0141369204733 0.0216640395898 0.0157955011512 5.9424196673e-05 0.00568342254051 0.049849924926 0.0547194138005 0.0254901571098 0.0182691863205 0.0154587931274 0.0190995406018 0.150540667598 0.00265420735349 0.00135173701885 
0.0372789856426 0.0166081603959 0.0246935847853 0.0354260345133 0.00452053019277 0.0138921415808 0.0171429742357 0.0151212371051 0.0129510710552 0.0218804114273 -0.000885479933099 0.009360718284 0.00498921646645 0.0195508172195 0.0241025084891 0.0289902179055 0.00803157181178 0.00265420735349 0.318689241377 -0.00796495994594 
0.0266022625197 0.00464769916437 0.0123497980579 0.0341939872356 -0.0220713765939 0.0237836520737 0.0303102905935 0.0170536372599 0.025286092384 0.0171689252261 0.00506394170459 0.00712534838139 0.0058733731103 0.0072347380964 0.00811529949997 0.0151841066812 0.00205712846823 0.00135173701885 -0.00796495994594 0.306846532471 
0.0352023393886 0.00116636753736 0.00345826367834 0.0240613643531 0.00176003428408 0.00427281484294 0.00151575327344 0.00373113247055 0.00388545284169 0.00287515089691 0.000927721341371 0.00261009936263 0.00183261633618 0.00182131529054 0.00404011028356 0.00362812745136 0.00177866835232 0.00196890006329 0.00322845485938 0.00230382351402 
0.00116636753736 0.016861349958 0.0027731356648 0.00141539188851 0.00237933819681 0.00261296757434 0.00157874828873 0.00213723423042 0.00256215067134 0.000220376732372 0.00156038445509 0.00187490519834 0.00204730388566 -0.000674968889724 0.00265483348139 0.000340239774468 0.000343453337464 0.000717716918457 0.0014383088813 0.000402502554549 
0.00345826367834 0.0027731356648 0.0170144349977 0.00487275454571 0.00219023804703 0.00152456173738 0.00145854460902 0.00199436749066 0.00200288084604 0.00048338790999 0.00272863167628 0.00183541585458 0.00117899738397 0.000563026760169 0.00273586960317 0.0021797308169 0.00323816250822 0.00123664471413 0.00213852717346 0.00106952388498 
0.0240613643531 0.00141539188851 0.00487275454571 0.0495240721359 0.00603641894252 0.0014059754966 0.00314181139525 0.00319283633298 0.00357167274698 0.00322904112575 0.0011391575255 0.00349834432374 0.00207238496681 0.000438402218974 0.00526574167379 0.00350408418981 0.00276136094997 0.00244507855417 0.00306798458439 0.00296128616027 
0.00176003428408 0.00237933819681 0.00219023804703 0.00603641894252 0.0238327549758 0.000644688544191 0.00136105071452 0.00181763286868 -5.09154563001e-06 -8.61909633636e-05 0.00299531363158 0.00210049901448 0.000379792770545 0.00288580379486 0.00137833405386 -0.00183386296552 0.00241951959979 0.00174300098681 0.000391489398551 -0.00191143728268 
0.00427281484294 0.00261296757434 0.00152456173738 0.0014059754966 0.000644688544191 0.0191857311658 -0.00351380458361 0.00187860046655 0.00108932477382 0.000887230639902 0.000736539879097 0.000578258343218 0.00244300146793 0.0014102769961 0.00394575016666 0.000379222208282 0.00183444970869 0.00166596841903 0.00120309475219 0.00205972468906 
0.00151575327344 0.00157874828873 0.00145854460902 0.00314181139525 0.00136105071452 -0.00351380458361 0.104868786671 0.00269073712904 0.00181269895334 -0.00147204111707 0.000436094212023 -0.00100954041288 0.000692909661488 -0.000622951667663 0.00162411456625 9.62583832204e-05 -2.86154784867e-07 0.00122429322612 0.00148462511846 0.00262494816501 
0.00373113247055 0.00213723423042 0.00199436749066 0.00319283633298 0.00181763286868 0.00187860046655 0.00269073712904 0.0251074718148 0.00402545661667 0.00245888017053 0.00175937076288 0.00240690641615 0.0037620735442 0.00327209505589 0.00153496299765 0.00316256042725 0.00213303321275 0.00187616086334 0.00130953754697 0.0014768883094 
0.00388545284169 0.00256215067134 0.00200288084604 0.00357167274698 -5.09154563001e-06 0.00108932477382 0.00181269895334 0.00402545661667 0.0224102962386 0.000272331147139 -7.56432481919e-05 0.00269004545112 0.00226556583714 -0.000314356395635 0.000570999146725 0.00284023155136 0.00253040576197 0.00136793052624 0.001121595654 0.0021898398367 
0.00287515089691 0.000220376732371 0.00048338790999 0.00322904112575 -8.61909633636e-05 0.000887230639902 -0.00147204111707 0.00245888017053 0.000272331147139 0.0137144295704 -0.000330057786013 0.000191815316835 0.000297858833607 -0.00115485919769 0.00178953565034 0.000806583970867 0.000129953957359 5.14628639184e-06 0.00189489921413 0.00148687254014 
0.000927721341371 0.00156038445509 0.00272863167628 0.0011391575255 0.00299531363158 0.000736539879097 0.000436094212023 0.00175937076288 -7.56432481919e-05 -0.000330057786013 0.0220184700466 0.000831359180848 0.000419215302049 -0.000426361335575 0.000818118217815 0.00272110377002 0.00147275175065 0.000492198830052 -7.66848116606e-05 0.000438550215946 
0.00261009936263 0.00187490519834 0.00183541585458 0.00349834432374 0.00210049901448 0.000578258343218 -0.00100954041288 0.00240690641615 0.00269004545112 0.000191815316835 0.000831359180848 0.0236494723386 0.00482876657357 0.00271892926584 0.0018016859469 0.00106347734712 0.0014440681162 0.00431713013627 0.000810661983161 0.00061707327091 
0.00183261633618 0.00204730388566 0.00117899738397 0.00207238496681 0.000379792770545 0.00244300146793 0.000692909661488 0.0037620735442 0.00226556583714 0.000297858833607 0.000419215302049 0.00482876657357 0.0194735591636 0.000682163260544 0.00109579335456 0.00279652117045 0.00223490871876 0.00473884024314 0.000432078820492 0.000508649031942 
0.00182131529054 -0.000674968889724 0.000563026760169 0.000438402218974 0.00288580379486 0.0014102769961 -0.000622951667663 0.00327209505589 -0.000314356395635 -0.00115485919769 -0.000426361335575 0.00271892926584 0.000682163260544 0.0424023314197 0.00320163485392 0.000344737538518 0.000663514634861 0.00220751236035 0.00169315043768 0.000626546698121 
0.00404011028356 0.00265483348139 0.00273586960317 0.00526574167379 0.00137833405386 0.00394575016666 0.00162411456625 0.00153496299765 0.000570999146725 0.00178953565035 0.000818118217815 0.0018016859469 0.00109579335456 0.00320163485392 0.0169146385063 0.000325684895015 0.00201965627578 0.001582157946 0.00208733846465 0.000702805552629 
0.00362812745136 0.000340239774468 0.0021797308169 0.00350408418981 -0.00183386296552 0.000379222208282 9.62583832204e-05 0.00316256042725 0.00284023155136 0.000806583970867 0.00272110377002 0.00106347734712 0.00279652117045 0.000344737538518 0.000325684895015 0.0294411959059 0.00236686867849 0.00133877075602 0.00251062651674 0.00131498221197 
0.00177866835232 0.000343453337464 0.00323816250822 0.00276136094997 0.00241951959979 0.00183444970869 -2.86154784873e-07 0.00213303321275 0.00253040576197 0.000129953957358 0.00147275175065 0.0014440681162 0.00223490871876 0.000663514634861 0.00201965627578 0.00236686867849 0.0161350797022 0.00165406873617 0.000695554522132 0.000178152551234 
0.00196890006329 0.000717716918457 0.00123664471413 0.00244507855417 0.00174300098681 0.00166596841903 0.00122429322612 0.00187616086334 0.00136793052624 5.14628639183e-06 0.000492198830052 0.00431713013627 0.00473884024314 0.00220751236035 0.001582157946 0.00133877075602 0.00165406873617 0.0130372042442 0.000229861099504 0.000117063859756 
0.00322845485938 0.0014383088813 0.00213852717346 0.00306798458439 0.000391489398551 0.00120309475219 0.00148462511846 0.00130953754697 0.001121595654 0.00189489921413 -7.66848116606e-05 0.000810661983161 0.000432078820492 0.00169315043768 0.00208733846465 0.00251062651674 0.000695554522132 0.000229861099504 0.0275992978946 -0.000689785765331 
0.00230382351402 0.000402502554549 0.00106952388498 0.00296128616027 -0.00191143728268 0.00205972468906 0.00262494816501 0.0014768883094 0.0021898398367 0.00148687254014 0.000438550215946 0.00061707327091 0.000508649031942 0.000626546698121 0.000702805552629 0.00131498221197 0.000178152551234 0.000117063859756 -0.000689785765331 0.0265736892183 

['CTX', 'GD', 'DHR', 'DHI', 'ITT', 'SAFC', 'WAT', 'BOL', 'WMI', 'TAP', 'CCE', 'PPL', 'CNP', 'CTXS', 'TROW', 'BMET', 'ITW', 'PGN', 'TJX', 'ABI']