40
-0.00168409401267 -0.0108233812146 0.135848421796 -0.00953493093171 0.0810581507116 0.0129348444485 0.072987431854 0.0731585002716 0.0607700526619 0.00388664565626 0.00791209609274 0.104550469133 0.0415097954764 0.0385950792128 0.134627172929 0.0669670800901 0.28152338764 0.151477321577 0.125568601155 0.0321720089654 0.0170349265424 0.259768981863 0.105790500039 0.0301615681032 0.131188957491 0.191301962015 0.0601344650096 0.0538940625226 0.0493061267197 0.0493934577213 0.0415957971797 0.0315088302779 0.0506132512338 0.036872425502 0.0170913584406 0.18030920859 0.0135435889675 0.0368602928082 0.0914492870129 0.0205855922537 
0.108076119683 0.0124736481959 0.0108218570679 0.00525748106017 0.0131567525804 0.0191811311331 0.0207504311197 0.00318435673166 0.0148795742448 -0.000810009248658 0.00553775770776 0.0162931590678 0.000705433135555 0.0165738270116 0.0121041087331 0.0108134169318 0.00411120166938 0.0256862679602 0.019518240503 0.0176069192707 0.0108886402847 0.0277052122617 0.0124178771192 0.0261859175125 0.0081641762617 0.00676075973568 0.0011657252451 0.00855796252274 -0.00137266263843 0.0127507905962 0.01128881743 0.0136912968643 0.0195391930758 0.0116387499658 0.0233952055976 0.000643706896808 0.0128283352398 0.00993556759375 0.019806180832 0.00977420378383 
0.0124736481959 0.215565517702 0.00588270071806 -0.0123308280696 0.0336700354635 0.0103464666403 -0.00320496607384 0.0193323029449 0.0310047526081 0.0565131549824 0.00854177204773 0.00805169494797 0.0437820888432 0.0198825997792 0.0193154686753 0.00220716542759 -0.00919237324455 0.0255967223855 -0.0115881449866 0.030261453188 0.0304955793126 0.00357094673906 0.00731226298797 0.0126520216053 0.0220336195562 0.0225520406609 0.00667813652945 0.000414987055148 0.00791564904383 0.0129770562955 0.00877974143889 0.0134429955361 0.0193275325896 0.0227820843486 0.0229396545225 0.0243533784594 0.0212514731146 -0.00222154732413 0.0371211859246 0.00207835403665 
0.0108218570679 0.00588270071806 0.633398260502 -0.0143598190324 0.0189459288272 -0.00176372520264 0.00371081714147 -0.0104552205366 -0.00555450305357 0.0155495771549 0.0156773892368 0.00949997445178 -0.00285580367824 0.0195022437313 0.0137710529948 0.0320275727587 -0.007714846813 0.000646265655378 0.0204941855086 0.0151217315627 0.0248583834429 0.0235047663929 0.00343422420021 0.0219512540583 0.0494993577185 0.0210226220937 0.0302396830936 -0.0081542575609 0.00448497962936 0.0106633677795 0.0272072675342 0.0252348314725 0.0205967921862 0.000579401412888 0.00508378237949 0.00927701717681 -0.00227547191189 0.000895340973429 0.0195903890063 -0.0016507420352 
0.00525748106017 -0.0123308280696 -0.0143598190324 0.215711793668 0.00611218620388 0.0163552951048 0.026364667343 0.0169955453612 0.029154516568 0.00489745215939 0.00489233841414 -0.00865716864992 -0.0128834092961 0.000635551712394 0.0156874928271 0.0210057870905 0.00666781873323 0.0107566985114 -0.00468452382121 0.0095787262241 0.014069938815 -0.00562052650246 0.0414744908205 0.0108981489277 0.00168503726512 0.0174962095967 0.0191497673297 0.0169638270431 0.00729240664219 0.0243652900235 0.0287671826137 0.035944696077 0.0139708429331 0.00953497568689 0.0300670125818 -9.42799615248e-05 0.0504360631835 0.00523657847709 0.0295001299994 0.00604869218802 
0.0131567525804 0.0336700354635 0.0189459288272 0.00611218620388 0.209490923187 0.0122961416574 -0.000436682915407 0.0423159847852 0.0461289940535 0.0385637467667 0.00985383349583 0.0235106929358 0.0166812941816 0.0269182788129 -0.00140928256653 0.0207153024634 -0.00232803013757 0.0153057791202 0.0415355791741 0.0154377822369 0.0157331316709 0.00873959720728 0.0187551275993 0.0211726025803 0.033329286991 0.00274059829369 0.0124818879453 0.0372580957746 0.0265305621133 0.0368685967573 0.0279293188941 0.00620619126904 0.00421610313968 0.0224248003899 0.03645590613 0.0322979825719 0.0085068998732 0.018081015539 0.0381935798335 0.0174870280792 
0.0191811311331 0.0103464666403 -0.00176372520264 0.0163552951048 0.0122961416574 0.158084949863 0.0097624105327 0.0131746316158 0.00712008913472 0.00611778566092 0.0187852587396 0.0182571242153 -0.00960446522662 0.0151455874069 0.0569798254812 0.0423440381018 0.00451240277687 0.00746571168168 1.8616029163e-05 0.0162781945592 0.0106998832425 -0.00579577349644 0.0237149188429 0.0181810532922 0.0185901924386 0.00479520642052 0.00680662268105 0.0172312190591 0.0137833290139 0.0117466782056 0.0162623626907 0.0177506087575 0.0212385640428 0.0137634424987 0.0176884533288 0.0149555944597 0.00637291377038 0.00521802767273 0.0206223507034 0.011697384954 
0.0207504311197 -0.00320496607384 0.00371081714147 0.026364667343 -0.000436682915408 0.0097624105327 0.485607057524 -0.000740631277427 0.00876694942879 -0.0144374577998 0.00770396981367 0.0337355331797 0.00511057616281 0.00805715670848 0.00520770624051 -0.000363357458666 0.005567934882 0.0272378557231 -0.0125965979509 0.0121063450808 0.00986900710415 0.0213784825321 -0.0137553104999 0.00329009832867 0.015739117467 0.0417105094344 0.00280787853037 -0.00639889826619 0.00116554510732 0.000894866739791 0.00301439726964 0.0318976195562 0.00384303094739 -0.00593089611233 0.013263310042 0.0184555317689 0.0212877562334 -0.00535853173514 0.0107464567442 -0.00785421497394 
0.00318435673166 0.0193323029449 -0.0104552205366 0.0169955453612 0.0423159847852 0.0131746316159 -0.000740631277427 0.333683927666 0.0470609998313 0.0163693008826 0.00778662838668 0.0303942746111 -0.00636101003148 0.00102188376211 0.0355183716922 0.0103764130248 -0.00155075771043 0.0062747510407 0.0224160520578 0.0340284043885 0.0185184867362 -0.0115721561982 0.00421345400727 0.00643378228921 0.0359281146342 0.018191953281 -0.00710118059398 0.00695350736491 0.00421243538688 0.0230363916175 0.0498779270864 -0.00210689149111 0.00767103919412 0.000620223143634 0.0179361660755 -0.00919018218455 0.0158654266102 0.0056349456312 0.0381814430152 -0.0120766461596 
0.0148795742448 0.0310047526081 -0.00555450305357 0.029154516568 0.0461289940535 0.00712008913472 0.00876694942879 0.0470609998313 0.259780623405 0.0162060805421 -0.00291861000099 0.086178749032 0.00403461253736 0.0166891254964 0.0147854927681 0.00244868533331 -0.0175409019628 0.0260840848199 0.0292713477283 0.0366699040097 0.00725233963326 0.0556557452034 0.0206289646039 0.000635755579863 -0.00346999847813 0.0284230824055 0.0200316204043 -0.0128076895314 0.0339768474228 0.0120965706722 0.0179350632278 0.0297997611772 0.0172925370321 0.00674048949637 0.0171598996976 0.0128768958816 0.0277273631419 0.017461139703 0.0242716782767 -0.00158402338866 
-0.000810009248657 0.0565131549824 0.0155495771549 0.00489745215939 0.0385637467667 0.00611778566092 -0.0144374577998 0.0163693008826 0.0162060805421 0.227470683521 0.0173788652112 -0.0173365770035 0.0227410528274 0.00344255357017 0.00592948152111 -0.0126465048171 -0.0189486238614 0.029185656757 0.00520771102598 0.0014142263361 0.0127439891113 0.0260755645724 0.0131640987608 0.0304063956099 0.0187049339784 0.0353495626635 -0.000209975395642 -0.00565797607959 0.0233550848761 0.00782440658227 -0.0119613295943 0.0378876652813 -0.000717977853898 0.0238140314113 0.0185436903237 0.0270474396046 0.0148281547196 0.0271231037751 0.025780464444 0.00848326699383 
0.00553775770777 0.00854177204774 0.0156773892368 0.00489233841415 0.00985383349582 0.0187852587396 0.00770396981367 0.00778662838667 -0.00291861000099 0.0173788652112 0.177381173896 0.0137311889358 0.0107681679456 0.0124152941845 -0.00628411593959 -0.0018828422581 0.00285862132982 -0.00135616164117 0.00203679032526 0.0072273065233 0.00527105064104 0.0213893258787 0.0156597177953 0.0269680218685 0.0171154379378 0.000685521192743 0.000995737864277 0.0185714795845 0.0107350869171 0.00679968730379 0.000981055712053 0.0211448305955 0.000589223405724 0.0155450217164 0.00269787756997 0.0153881046583 0.0320002182063 0.00640886675417 0.0417430145202 0.00636532155034 
0.0162931590678 0.00805169494797 0.00949997445178 -0.00865716864992 0.0235106929358 0.0182571242153 0.0337355331797 0.0303942746111 0.086178749032 -0.0173365770035 0.0137311889358 0.525343517053 0.0676743645034 0.00408966665913 0.0735049497067 -0.0233288452337 -0.0124587119506 0.0528713882443 0.0401723105688 0.0114640549802 0.00761184511136 0.00013758899768 -0.0101424606817 0.0378416349193 0.0209625712989 0.0803723966648 0.000607218581249 0.0213244981302 0.0420385598587 0.000148974749178 0.0224259363566 0.0149835779675 0.011841399708 0.017271264541 -0.00230510605402 0.00630958312615 0.00708226125933 0.00790951142837 0.0272628160323 0.0147226272768 
0.000705433135554 0.0437820888432 -0.00285580367824 -0.0128834092961 0.0166812941816 -0.00960446522662 0.00511057616281 -0.00636101003148 0.00403461253736 0.0227410528274 0.0107681679456 0.0676743645034 0.458076490179 0.0395207866893 0.00146894049608 -0.0283539980014 -0.0230513570427 0.0823085177437 -1.27901492678e-05 -0.00242994986032 0.00452354007271 0.0346785668996 0.0229677373747 0.0354526905291 0.0194272477766 0.0653944740776 -0.0384626470754 0.00238971633349 0.0237433314538 0.00771386817043 0.0171818258025 0.0300731980285 0.00166789810327 -0.011679970776 0.0196552008727 0.0204181084604 0.000262062211908 0.010337614006 0.060240535348 -0.00607480696639 
0.0165738270116 0.0198825997792 0.0195022437313 0.000635551712395 0.0269182788129 0.0151455874069 0.00805715670848 0.00102188376211 0.0166891254964 0.00344255357017 0.0124152941845 0.00408966665913 0.0395207866893 0.198398817016 0.0109549060977 0.0252404214845 -0.00438952398304 0.0404543892503 0.0111231050929 0.021364333644 0.025100064194 0.0370743939027 0.0193441618518 0.012972384652 0.0376476131975 0.0108918728074 0.0113945381288 0.00622862004911 0.018050357884 0.0238135624165 0.0343394215752 0.0290594727686 0.0392409605216 0.0344531290091 0.0147680642621 0.0217537023863 0.0202252074854 0.0164947671732 0.0346047007078 0.00445652989174 
0.0121041087331 0.0193154686753 0.0137710529948 0.0156874928271 -0.00140928256653 0.0569798254812 0.00520770624051 0.0355183716922 0.0147854927681 0.00592948152111 -0.00628411593959 0.0735049497067 0.00146894049608 0.0109549060977 0.730729950996 0.023541063231 -0.0171458118306 0.00142459735656 0.100176616939 0.0212062792353 0.0114266068364 0.0155150591591 -0.000767725245735 0.00710565903047 0.00574986609463 0.0167778731979 0.0476501732439 0.0195073195206 0.0232124886416 -0.0204468670433 0.0328678859054 0.0308089532608 0.00966502026417 0.00287414193048 0.0145755432831 0.00201319935131 0.0153295554545 0.00297567965425 0.0256798013648 0.0124269619288 
0.0108134169318 0.00220716542759 0.0320275727587 0.0210057870905 0.0207153024633 0.0423440381018 -0.000363357458666 0.0103764130248 0.0024486853333 -0.0126465048171 -0.0018828422581 -0.0233288452337 -0.0283539980014 0.0252404214845 0.023541063231 0.238577444406 -0.022326918732 -0.0109513401252 -0.0142867389409 0.0193943645992 0.0138742605111 0.0214743395853 0.0373766102242 0.0263992907813 0.0121622428674 -0.0206254727625 0.071498242969 0.0144447505365 -0.00975806805138 0.0164757637511 0.0148000699236 0.0378782224885 0.0236152707835 0.00795214656359 0.0273957321622 0.0175311519979 0.0266004649259 0.0132271546559 0.0538526263899 0.0135288499576 
0.00411120166938 -0.00919237324455 -0.007714846813 0.00666781873323 -0.00232803013757 0.00451240277687 0.005567934882 -0.00155075771043 -0.0175409019628 -0.0189486238614 0.00285862132982 -0.0124587119506 -0.0230513570427 -0.00438952398304 -0.0171458118306 -0.022326918732 1.93614987098 -0.0283795492288 -0.0347145902111 0.0127452983683 0.00838539125479 -0.0216272432982 -0.0107658430443 0.00918380978653 -0.0276734001294 -0.0187176151804 -0.0296741135178 -0.0450623505569 -0.0270389850513 0.025356658495 -0.00951391542855 0.00446194351543 0.00180487237255 -0.00841970887094 0.00973447948977 -0.0271920840536 -0.0198246719259 -0.0120714606174 -0.0206925898407 -0.0169430371278 
0.0256862679602 0.0255967223855 0.000646265655378 0.0107566985114 0.0153057791202 0.00746571168168 0.0272378557231 0.0062747510407 0.0260840848199 0.029185656757 -0.00135616164117 0.0528713882443 0.0823085177437 0.0404543892503 0.00142459735656 -0.0109513401252 -0.0283795492288 0.547938685619 0.0874539458375 0.02337385575 0.00107979255182 0.144363638409 -0.0101020298777 0.0178456644486 0.042799791065 0.0150748294491 -0.00763462478715 0.00533065347001 0.0030963639559 0.0183585654081 0.025327641369 0.0251540191588 0.00682543453768 0.00389559026024 0.0189046510956 -0.0289517437425 0.0186266541883 -0.00878292642987 0.021861391941 0.0204320501976 
0.019518240503 -0.0115881449866 0.0204941855086 -0.00468452382121 0.0415355791741 1.86160291626e-05 -0.0125965979509 0.0224160520578 0.0292713477283 0.00520771102598 0.00203679032526 0.0401723105688 -1.27901492676e-05 0.0111231050929 0.100176616939 -0.0142867389409 -0.0347145902111 0.0874539458375 0.818047764303 -0.00061845582316 0.00314814163703 0.0747268262151 -0.0195647037321 0.0176638497983 0.018016930391 0.0347429874463 0.00232707717784 0.0184756832883 0.00490110847456 0.00797126145182 -0.0139031549373 0.0162691732953 0.00797795471897 0.00956295552121 0.0495105312324 0.0657181574627 0.0375825944929 0.0222845899875 0.030214650386 -0.0220693100991 
0.0176069192707 0.030261453188 0.0151217315627 0.0095787262241 0.0154377822369 0.0162781945592 0.0121063450808 0.0340284043885 0.0366699040097 0.00141422633611 0.0072273065233 0.0114640549802 -0.00242994986032 0.021364333644 0.0212062792353 0.0193943645992 0.0127452983683 0.02337385575 -0.00061845582316 0.145823735627 0.0286045109194 0.00844625101289 0.0264321369153 0.0155712842273 0.0345857232265 0.0293706003604 0.0220716617709 0.0169639090161 0.0156787509954 0.0090307302471 0.0362656437053 0.00998320315119 0.0137369217046 0.0106299394475 0.0174862231347 0.0134162260137 0.0264380031512 0.00134610097774 0.0289864836089 0.00345150477682 
0.0108886402847 0.0304955793126 0.0248583834429 0.014069938815 0.0157331316709 0.0106998832425 0.00986900710415 0.0185184867362 0.00725233963327 0.0127439891113 0.00527105064105 0.00761184511136 0.00452354007271 0.025100064194 0.0114266068364 0.0138742605111 0.00838539125479 0.00107979255182 0.00314814163703 0.0286045109194 0.189768999769 0.0270603578299 0.0313491695714 0.0269311022589 0.0581908554267 -0.00531646971968 0.0240575819685 0.0109663819805 0.00540962718024 0.0274224071516 0.0169890190911 0.0166552313131 0.0506053807445 0.0190032642905 0.0385472174763 -0.00110113632012 0.00171490232007 0.00494619036666 0.0218257520814 0.00754444238568 
0.0277052122617 0.00357094673906 0.0235047663929 -0.00562052650246 0.00873959720728 -0.00579577349644 0.0213784825321 -0.0115721561982 0.0556557452034 0.0260755645724 0.0213893258787 0.00013758899768 0.0346785668996 0.0370743939027 0.0155150591591 0.0214743395853 -0.0216272432982 0.144363638409 0.0747268262151 0.00844625101289 0.0270603578299 0.600382531125 -0.0150872389877 0.0228401338505 0.0384277849637 0.0413185981448 -0.00544010705993 -0.00516784136735 -4.0149260547e-05 0.0357782932247 0.0271802407258 0.0239471496769 0.00589880432259 0.0197484279191 0.0190523380678 -0.0175388994162 0.0317062600196 0.0153928366678 0.0312559152213 -0.0118564951682 
0.0124178771192 0.00731226298797 0.0034342242002 0.0414744908205 0.0187551275993 0.0237149188429 -0.0137553104999 0.00421345400727 0.0206289646039 0.0131640987608 0.0156597177953 -0.0101424606817 0.0229677373747 0.0193441618518 -0.000767725245736 0.0373766102242 -0.0107658430443 -0.0101020298777 -0.0195647037321 0.0264321369153 0.0313491695714 -0.0150872389877 0.547514836737 -0.00232022674531 0.0181850353466 -0.0101901727916 0.00411717482609 -0.0187254263975 0.0142481209941 0.0151761716058 0.0219728368922 0.024336164842 0.0171308729235 0.014127627181 -0.00120928521924 -0.0123579054295 0.0119631004796 -0.0194002841483 0.0177070285547 -0.00744393769151 
0.0261859175125 0.0126520216053 0.0219512540583 0.0108981489277 0.0211726025803 0.0181810532922 0.00329009832867 0.00643378228921 0.000635755579863 0.0304063956099 0.0269680218685 0.0378416349193 0.0354526905291 0.012972384652 0.00710565903047 0.0263992907813 0.00918380978653 0.0178456644486 0.0176638497983 0.0155712842273 0.0269311022589 0.0228401338505 -0.00232022674531 0.217854154786 0.0190556232571 0.0317563437698 8.91958285417e-05 0.0100649533708 0.0176855492831 0.01182333393 0.025100781746 0.0388822248054 0.0111845542893 0.0202260995564 0.0549053927309 -0.0357098121252 0.0150526094522 0.00169990936523 0.0437245408195 0.0241940084174 
0.0081641762617 0.0220336195562 0.0494993577185 0.00168503726512 0.033329286991 0.0185901924386 0.015739117467 0.0359281146342 -0.00346999847813 0.0187049339784 0.0171154379378 0.0209625712989 0.0194272477766 0.0376476131975 0.00574986609463 0.0121622428674 -0.0276734001294 0.042799791065 0.018016930391 0.0345857232265 0.0581908554267 0.0384277849637 0.0181850353466 0.0190556232571 0.38323965549 0.0599073555149 0.00834558245197 0.0580582503363 0.0431198558416 0.0291560846814 0.0515047441937 -0.00368993592052 0.0368718183709 0.00718278082408 0.0374065634698 0.0830418948004 0.00821718901667 0.00348224401078 0.0449782687508 0.00456680753846 
0.00676075973568 0.0225520406609 0.0210226220937 0.0174962095967 0.00274059829369 0.00479520642052 0.0417105094344 0.018191953281 0.0284230824055 0.0353495626635 0.000685521192743 0.0803723966648 0.0653944740776 0.0108918728074 0.0167778731979 -0.0206254727625 -0.0187176151804 0.0150748294491 0.0347429874463 0.0293706003604 -0.00531646971968 0.0413185981448 -0.0101901727916 0.0317563437698 0.0599073555149 0.446119426781 0.000709539111975 0.0258716748848 0.008604889047 0.00225631333757 0.0309659706058 0.0282690774218 0.00781125770001 0.00392351961495 0.0209569905524 0.0617312374832 0.01856313708 0.0210942900951 0.0807547304811 -0.00112273369292 
0.0011657252451 0.00667813652945 0.0302396830936 0.0191497673297 0.0124818879453 0.00680662268105 0.00280787853037 -0.00710118059398 0.0200316204043 -0.000209975395643 0.000995737864277 0.000607218581249 -0.0384626470754 0.0113945381288 0.0476501732439 0.071498242969 -0.0296741135178 -0.00763462478715 0.00232707717784 0.0220716617709 0.0240575819685 -0.00544010705993 0.00411717482609 8.91958285412e-05 0.00834558245197 0.000709539111976 0.278699695046 -0.0111009801749 -0.00377131340311 0.0178550765535 0.00396026538451 0.00521973072501 0.0310168627252 0.00233982283444 0.0194635074721 0.0361535370317 0.0200508779159 0.0235168465145 0.0385209314595 0.0165557760791 
0.00855796252274 0.000414987055147 -0.0081542575609 0.0169638270431 0.0372580957746 0.0172312190591 -0.00639889826619 0.00695350736491 -0.0128076895314 -0.00565797607959 0.0185714795845 0.0213244981302 0.00238971633349 0.00622862004911 0.0195073195206 0.0144447505365 -0.0450623505569 0.00533065347001 0.0184756832883 0.0169639090161 0.0109663819805 -0.00516784136735 -0.0187254263975 0.0100649533708 0.0580582503363 0.0258716748848 -0.0111009801749 0.419931032617 -0.00574286126352 0.0159042890406 0.032353043426 0.00190397549265 0.00711252411926 -0.0124504905637 -0.000735073182204 0.0090961978188 -0.00114296311924 0.0142798379881 0.0059706331982 0.0179870802243 
-0.00137266263843 0.00791564904383 0.00448497962936 0.00729240664219 0.0265305621133 0.0137833290139 0.00116554510732 0.00421243538688 0.0339768474228 0.0233550848761 0.0107350869171 0.0420385598587 0.0237433314538 0.018050357884 0.0232124886416 -0.00975806805138 -0.0270389850513 0.0030963639559 0.00490110847456 0.0156787509954 0.00540962718024 -4.01492605472e-05 0.0142481209941 0.0176855492831 0.0431198558416 0.008604889047 -0.00377131340311 -0.00574286126352 0.221975627797 0.0210098766939 0.012985494154 0.0102072582439 0.0184465789897 0.0152336808213 0.0142720443732 -0.0201961207827 0.0163829054468 -0.00112085307861 0.0401844515834 0.0163456512961 
0.0127507905962 0.0129770562955 0.0106633677795 0.0243652900235 0.0368685967573 0.0117466782056 0.000894866739791 0.0230363916175 0.0120965706722 0.00782440658227 0.00679968730379 0.000148974749178 0.00771386817043 0.0238135624165 -0.0204468670433 0.0164757637511 0.025356658495 0.0183585654081 0.00797126145182 0.0090307302471 0.0274224071516 0.0357782932247 0.0151761716058 0.01182333393 0.0291560846814 0.00225631333757 0.0178550765535 0.0159042890406 0.0210098766939 0.154737087208 0.0531204689053 0.0124479857006 0.0257372987331 0.0235957424564 0.022138676953 0.0227828523202 0.00377650329758 0.00376701938734 0.0154083860901 0.00536117663719 
0.01128881743 0.00877974143889 0.0272072675342 0.0287671826137 0.0279293188941 0.0162623626907 0.00301439726964 0.0498779270864 0.0179350632278 -0.0119613295943 0.000981055712052 0.0224259363566 0.0171818258025 0.0343394215752 0.0328678859054 0.0148000699236 -0.00951391542855 0.025327641369 -0.0139031549373 0.0362656437053 0.0169890190911 0.0271802407258 0.0219728368922 0.025100781746 0.0515047441937 0.0309659706058 0.00396026538451 0.032353043426 0.012985494154 0.0531204689053 0.236315686924 0.022071599257 0.0307014957156 0.011622646993 0.0107246778307 0.0170058317312 0.0281933543307 0.0061804889881 0.0448389419015 0.0260504224192 
0.0136912968643 0.0134429955361 0.0252348314725 0.035944696077 0.00620619126904 0.0177506087575 0.0318976195562 -0.00210689149111 0.0297997611772 0.0378876652813 0.0211448305955 0.0149835779675 0.0300731980285 0.0290594727686 0.0308089532608 0.0378782224885 0.00446194351543 0.0251540191588 0.0162691732953 0.00998320315119 0.0166552313131 0.0239471496769 0.024336164842 0.0388822248054 -0.00368993592051 0.0282690774218 0.005219730725 0.00190397549265 0.0102072582438 0.0124479857006 0.022071599257 0.224064914194 0.0164339603197 0.018069630921 0.0409578676188 0.0330978539034 0.0246040716087 -0.00279133237911 0.0693573802735 0.0131644803717 
0.0195391930758 0.0193275325896 0.0205967921862 0.0139708429331 0.00421610313968 0.0212385640428 0.00384303094739 0.00767103919412 0.0172925370321 -0.000717977853898 0.000589223405725 0.011841399708 0.00166789810327 0.0392409605216 0.00966502026417 0.0236152707835 0.00180487237255 0.00682543453768 0.00797795471897 0.0137369217046 0.0506053807445 0.00589880432259 0.0171308729235 0.0111845542893 0.0368718183709 0.00781125770001 0.0310168627252 0.00711252411926 0.0184465789897 0.0257372987331 0.0307014957156 0.0164339603197 0.149156433901 0.0227663843602 0.0408995434558 0.00144316218779 0.0123037272773 0.00391638854942 0.0466347668978 0.0202668059047 
0.0116387499658 0.0227820843486 0.000579401412888 0.00953497568689 0.0224248003899 0.0137634424987 -0.00593089611233 0.000620223143634 0.00674048949637 0.0238140314113 0.0155450217164 0.017271264541 -0.011679970776 0.0344531290092 0.00287414193048 0.00795214656359 -0.00841970887094 0.00389559026024 0.00956295552121 0.0106299394475 0.0190032642905 0.0197484279191 0.014127627181 0.0202260995564 0.00718278082408 0.00392351961495 0.00233982283444 -0.0124504905637 0.0152336808213 0.0235957424564 0.011622646993 0.018069630921 0.0227663843602 0.1848897508 0.0133301863432 0.00459144426734 0.0190257483027 -0.00797204950005 0.0194842562918 -0.0073087306497 
0.0233952055976 0.0229396545225 0.00508378237949 0.0300670125818 0.03645590613 0.0176884533288 0.013263310042 0.0179361660755 0.0171598996976 0.0185436903237 0.00269787756997 -0.00230510605402 0.0196552008727 0.0147680642621 0.0145755432831 0.0273957321622 0.00973447948977 0.0189046510956 0.0495105312324 0.0174862231347 0.0385472174763 0.0190523380678 -0.00120928521924 0.0549053927309 0.0374065634698 0.0209569905524 0.0194635074721 -0.000735073182204 0.0142720443732 0.022138676953 0.0107246778307 0.0409578676188 0.0408995434558 0.0133301863432 0.209591554383 0.0220618827256 0.0409654541414 0.00564645420331 0.0306526640087 0.0303573446529 
0.000643706896808 0.0243533784594 0.00927701717681 -9.42799615251e-05 0.0322979825719 0.0149555944597 0.0184555317689 -0.00919018218455 0.0128768958816 0.0270474396046 0.0153881046583 0.00630958312615 0.0204181084604 0.0217537023863 0.00201319935131 0.0175311519979 -0.0271920840536 -0.0289517437425 0.0657181574627 0.0134162260137 -0.00110113632011 -0.0175388994162 -0.0123579054295 -0.0357098121252 0.0830418948004 0.0617312374832 0.0361535370317 0.0090961978188 -0.0201961207827 0.0227828523202 0.0170058317312 0.0330978539034 0.00144316218779 0.00459144426734 0.0220618827256 0.969552719022 0.0143023138421 0.0189772650176 0.0962737824459 0.0158251864098 
0.0128283352398 0.0212514731146 -0.00227547191189 0.0504360631835 0.0085068998732 0.00637291377038 0.0212877562334 0.0158654266102 0.0277273631419 0.0148281547196 0.0320002182063 0.00708226125933 0.000262062211909 0.0202252074854 0.0153295554545 0.026600464926 -0.0198246719259 0.0186266541883 0.0375825944929 0.0264380031512 0.00171490232007 0.0317062600196 0.0119631004796 0.0150526094522 0.00821718901667 0.01856313708 0.0200508779159 -0.00114296311924 0.0163829054468 0.00377650329758 0.0281933543307 0.0246040716087 0.0123037272773 0.0190257483027 0.0409654541414 0.0143023138421 0.242973517575 -0.0153045563352 0.0152528016804 0.0174779965353 
0.00993556759375 -0.00222154732413 0.000895340973429 0.00523657847709 0.018081015539 0.00521802767273 -0.00535853173514 0.0056349456312 0.017461139703 0.0271231037751 0.00640886675417 0.00790951142837 0.010337614006 0.0164947671732 0.00297567965425 0.0132271546559 -0.0120714606174 -0.00878292642987 0.0222845899875 0.00134610097774 0.00494619036666 0.0153928366678 -0.0194002841483 0.00169990936523 0.00348224401078 0.0210942900951 0.0235168465145 0.0142798379881 -0.00112085307861 0.00376701938734 0.0061804889881 -0.00279133237911 0.00391638854942 -0.00797204950005 0.00564645420331 0.0189772650176 -0.0153045563352 0.333427673457 0.0210701375084 -0.00267212508355 
0.019806180832 0.0371211859246 0.0195903890063 0.0295001299994 0.0381935798335 0.0206223507034 0.0107464567442 0.0381814430152 0.0242716782767 0.025780464444 0.0417430145202 0.0272628160323 0.060240535348 0.0346047007078 0.0256798013648 0.0538526263899 -0.0206925898407 0.021861391941 0.030214650386 0.0289864836089 0.0218257520814 0.0312559152213 0.0177070285547 0.0437245408195 0.0449782687508 0.0807547304811 0.0385209314595 0.0059706331982 0.0401844515834 0.0154083860901 0.0448389419015 0.0693573802735 0.0466347668978 0.0194842562918 0.0306526640087 0.0962737824459 0.0152528016804 0.0210701375084 0.468383267634 0.00886104761873 
0.00977420378383 0.00207835403666 -0.0016507420352 0.00604869218802 0.0174870280792 0.011697384954 -0.00785421497394 -0.0120766461596 -0.00158402338866 0.00848326699383 0.00636532155034 0.0147226272768 -0.00607480696639 0.00445652989174 0.0124269619288 0.0135288499576 -0.0169430371278 0.0204320501976 -0.0220693100991 0.00345150477682 0.00754444238568 -0.0118564951682 -0.00744393769151 0.0241940084174 0.00456680753846 -0.00112273369292 0.0165557760791 0.0179870802243 0.0163456512961 0.00536117663719 0.0260504224192 0.0131644803717 0.0202668059047 -0.0073087306497 0.030357344653 0.0158251864098 0.0174779965353 -0.00267212508355 0.00886104761873 0.163526120756 
0.00935966651876 0.00108024962155 0.00093720031369 0.000455311215802 0.00113940819659 0.00166113468345 0.00179704004892 0.000275773382433 0.00128860892935 -7.01488586638e-05 0.000479583885493 0.00141102896607 6.10923016062e-05 0.001435335523 0.00104824656531 0.000936469376464 0.000356040508576 0.0022244960582 0.00169032921128 0.00152480393708 0.000942983909925 0.00239934176359 0.00107541970463 0.00226776697872 0.000707038404361 0.000585498967998 0.000100954767609 0.000741141294933 -0.000118876071571 0.00110425085746 0.000977640267309 0.00118570108952 0.00169214375731 0.00100794531386 0.00202608423743 5.57466525227e-05 0.00111096642059 0.000860445393721 0.00171526557524 0.000846470877856 
0.00108024962155 0.018668521451 0.00050945682647 -0.0010678810358 0.00291591060577 0.00089603029499 -0.000277558203822 0.00167422654639 0.00268509033967 0.00489418278628 0.000739739158667 0.000697297236846 0.00379164011689 0.0017218836502 0.00167276865588 0.000191146133065 -0.000796082875084 0.00221674118394 -0.00100356279412 0.00262071872163 0.00264099463878 0.000309253059159 0.000633260550674 0.00109569721194 0.0019081674273 0.00195306401195 0.000578343588445 3.59389332e-05 0.00068551531594 0.00112384604182 0.000760347912474 0.00116419756372 0.00167381342151 0.0019729863797 0.00198663235705 0.00210906444138 0.00184043155851 -0.000192391641841 0.00321478900293 0.00017999073938 
0.00093720031369 0.00050945682647 0.0548538984308 -0.00124359680758 0.00164076556626 -0.000152743083078 0.000321366191331 -0.00090544865869 -0.000481034074979 0.00134663288343 0.00135770173441 0.000822721921055 -0.000247319853358 0.00168894385021 0.00119260817304 0.00277366916306 -0.000668125332636 5.59682475151e-05 0.00177484852803 0.00130958036825 0.00215279915586 0.00203557248063 0.000297412539967 0.00190103436594 0.00428677012552 0.00182061247873 0.00261883337614 -0.000706179419674 0.000388410629448 0.000923474738696 0.00235621848522 0.00218540051154 0.00178373452697 5.01776342549e-05 0.000440268468795 0.000803413254646 -0.000197061648129 7.75388028039e-05 0.00169657745495 -0.000142958453758 
0.000455311215802 -0.0010678810358 -0.00124359680758 0.0186811893212 0.000529330852522 0.00141641010471 0.00228324716814 0.0014718574034 0.00252485519829 0.000424131798385 0.000423688935056 -0.000749732797568 -0.00111573597378 5.50403928352e-05 0.001358576731 0.00181915452468 0.000577450041081 0.000931557417168 -0.00040569166338 0.000829542024597 0.00121849244435 -0.000486751873377 0.00359179626595 0.000943807382561 0.000145928507791 0.00151521619806 0.00165841849841 0.00146911051647 0.000631540940686 0.00211009601309 0.00249131109388 0.0031129019934 0.00120991048924 0.000825753116931 0.00260387967117 -8.16488417483e-06 0.00436789119838 0.000453500999007 0.00255478619944 0.00052383210945 
0.00113940819659 0.00291591060577 0.00164076556626 0.000529330852522 0.0181424461342 0.00106487710438 -3.78178498141e-05 0.00366467178102 0.00399488807014 0.00333971843651 0.000853367013205 0.0020360857343 0.00144464245293 0.00233119132781 -0.000122047450373 0.00179399781803 -0.000201613323991 0.00132551935428 0.00359708667256 0.00133695115953 0.0013625291708 0.000756871320035 0.00162424169522 0.00183360116987 0.00288640092242 0.00023734277439 0.00108096320478 0.00322664574375 0.00229761407668 0.00319291413937 0.00241874996727 0.000537471929973 0.000365125242394 0.00194204468124 0.00315717408266 0.00279708733983 0.000736719139764 0.0015658618783 0.00330766103973 0.00151442105533 
0.00166113468345 0.00089603029499 -0.000152743083078 0.00141641010471 0.00106487710438 0.0136905582537 0.000845449552349 0.00114095656648 0.000616617806788 0.000529815779726 0.00162685112851 0.00158111333705 -0.000831771087602 0.00131164634496 0.00493459763699 0.0036671012695 0.000390785543688 0.000646549597367 1.61219541728e-06 0.0014097330016 0.000926637070556 -0.00050192870825 0.00205377221666 0.00157452540186 0.00160995789131 0.000415277057656 0.000589470815577 0.00149226734434 0.00119367130747 0.00101729217361 0.00140836192157 0.00153724781166 0.00183931360009 0.00119194908474 0.00153186499364 0.00129519247308 0.000551910522128 0.000451894452223 0.00178594795949 0.0010130232528 
0.00179704004892 -0.000277558203822 0.000321366191331 0.00228324716814 -3.78178498142e-05 0.000845449552349 0.0420548048073 -6.41405501089e-05 0.000759240091902 -0.00125032052207 0.000667183356862 0.00292158287438 0.000442588878497 0.000697770239182 0.000451000589973 -3.1467678986e-05 0.000482197305443 0.00235886750008 -0.00109089738267 0.00104844023869 0.000854681086232 0.00185143089671 -0.00119124483299 0.000284930873357 0.00136304755596 0.0036122360775 0.000243169413804 -0.000554160845475 0.000100939167219 7.74977329661e-05 0.000261054461261 0.00276241488559 0.000332816242797 -0.000513630670048 0.00114863634347 0.00159829593522 0.00184357376877 -0.000464062460962 0.000930670454118 -0.000680194969421 
0.000275773382433 0.00167422654639 -0.00090544865869 0.0014718574034 0.00366467178102 0.00114095656648 -6.41405501089e-05 0.0288978758193 0.00407560213814 0.00141762304065 0.000674341799269 0.00263222139428 -0.000550879628099 8.84977297705e-05 0.00307598121865 0.000898623727964 -0.000134299557235 0.000543409380367 0.00194128705346 0.00294694626507 0.00160374799532 -0.00100217812442 0.000364895820797 0.000557181890487 0.00311146599833 0.00157546936858 -0.000614980279125 0.000602191402342 0.000364807605684 0.00199501003522 0.00431955519449 -0.000182462155432 0.000664331481554 5.37128998402e-05 0.00155331754679 -0.000795893123722 0.00137398624863 0.000488000606557 0.00330660996043 -0.00104586823667 
0.00128860892935 0.00268509033967 -0.000481034074979 0.00252485519829 0.00399488807014 0.000616617806788 0.000759240091902 0.00407560213814 0.022497661928 0.00140348774453 -0.00025275904046 0.00746329859281 0.000349407695178 0.00144532066468 0.00128046123447 0.000212062370452 -0.00151908667051 0.00225894800885 0.00253497307357 0.00317570684267 0.000628071035928 0.00481992892127 0.00178652074007 5.50580482759e-05 -0.000300510683316 0.0024615111417 0.00173478921491 -0.0011091784498 0.00294248130087 0.00104759375008 0.00155322203738 0.00258073502062 0.00149757763657 0.00058374351378 0.00148609090645 0.00111517189553 0.00240126008609 0.00151217905619 0.00210198899801 -0.000137180449477 
-7.01488586637e-05 0.00489418278628 0.00134663288343 0.000424131798385 0.00333971843651 0.000529815779726 -0.00125032052207 0.00141762304065 0.00140348774453 0.0196995390546 0.00150505387619 -0.00150139160997 0.00196943294574 0.000298133884566 0.000513508162855 -0.00109521944407 -0.00164099896307 0.00252755201777 0.000451001004407 0.000122475593377 0.00110366183159 0.00225821013377 0.00114004439448 0.00263327110357 0.00161989480014 0.00306136192792 -1.81844026795e-05 -0.000489995101893 0.00202260968102 0.000677613486979 -0.00103588152917 0.00328116806237 -6.2178706083e-05 0.00206235561687 0.00160593069003 0.00234237698049 0.00128415586785 0.00234892968987 0.00223265371299 0.000734672472374 
0.000479583885493 0.000739739158668 0.00135770173441 0.000423688935056 0.000853367013204 0.00162685112851 0.000667183356862 0.000674341799269 -0.00025275904046 0.00150505387619 0.0153616602747 0.00118915584425 0.000932550699313 0.00107519601592 -0.000544220404402 -0.000163058922683 0.000247563869143 -0.000117447043289 0.000176391216386 0.000625903105011 0.000456486375978 0.00185236995807 0.00135617134268 0.00233549920279 0.0014822404051 5.93678767748e-05 8.62334285974e-05 0.0016083373106 0.000929685798204 0.000588870194287 8.49619169166e-05 0.00183119604544 5.10282437862e-05 0.00134623837088 0.000233643051189 0.00133264895502 0.00277130018933 0.000555024141858 0.0036150511005 0.000551253016585 
0.00141102896607 0.000697297236846 0.000822721921055 -0.000749732797568 0.0020360857343 0.00158111333705 0.00292158287438 0.00263222139428 0.00746329859281 -0.00150139160997 0.00118915584425 0.0454960831481 0.00586077188449 0.000354175521982 0.00636571537499 -0.00202033726133 -0.00107895610476 0.00457879653529 0.00347902414813 0.000992816284323 0.000659205123611 1.19155567272e-05 -0.000878362860727 0.00327718171609 0.00181541192735 0.00696045372747 5.25866717012e-05 0.00184675571037 0.00364064607761 1.29015917311e-05 0.00194214305884 0.00129761591595 0.00102549529635 0.0014957353848 -0.00019962804012 0.000546425927453 0.000613341816682 0.000684983782849 0.00236102912627 0.00127501692321 
6.10923016061e-05 0.00379164011689 -0.000247319853358 -0.00111573597378 0.00144464245293 -0.000831771087602 0.000442588878497 -0.000550879628099 0.000349407695178 0.00196943294574 0.000932550699313 0.00586077188449 0.0396705877372 0.00342260052505 0.000127213978625 -0.00245552825681 -0.00199630607907 0.00712812673139 -1.10765941841e-06 -0.000210439830896 0.0003917500618 0.00300325199019 0.00198906440339 0.00307029306307 0.00168244901002 0.00566332758184 -0.00333096294641 0.000206955505264 0.00205623282095 0.000668040579704 0.00148798976284 0.00260441534657 0.000144444212836 -0.00101151514075 0.00170219032722 0.00176826006239 2.26952532885e-05 0.000895263634369 0.00521698339489 -0.000526093715598 
0.001435335523 0.0017218836502 0.00168894385021 5.50403928353e-05 0.00233119132781 0.00131164634496 0.000697770239182 8.84977297706e-05 0.00144532066468 0.000298133884565 0.00107519601592 0.000354175521982 0.00342260052505 0.0171818415617 0.000948722697666 0.00218588462078 -0.000380143927984 0.00350345287854 0.000963289157941 0.00185020556706 0.00217372932286 0.00321073669496 0.00167525355786 0.00112344146563 0.00326037894209 0.000943263854599 0.000986795948396 0.000539414319305 0.00156320684749 0.00206231500073 0.00297388114354 0.00251662416382 0.00339836686806 0.00298372849618 0.00127895188157 0.00188392588929 0.00175155434792 0.00142848874015 0.00299685499034 0.000385946809898 
0.00104824656531 0.00167276865588 0.00119260817304 0.001358576731 -0.000122047450373 0.00493459763699 0.000451000589973 0.00307598121865 0.00128046123447 0.000513508162855 -0.000544220404402 0.00636571537499 0.000127213978625 0.000948722697666 0.0632830700868 0.00203871587901 -0.00148487086138 0.000123373750095 0.00867554951344 0.00183651765375 0.000989573179936 0.0013436435373 -6.64869565933e-05 0.000615368123102 0.00049795301063 0.00145300644109 0.00412662605239 0.00168938342645 0.00201026048487 -0.00177075062873 0.00284644241628 0.00266813361878 0.000837015307686 0.000248907992587 0.00126227907571 0.000174348178112 0.00132757844523 0.00025770141741 0.0022239360346 0.00107620647222 
0.000936469376464 0.000191146133065 0.00277366916306 0.00181915452468 0.00179399781803 0.0036671012695 -3.14676789859e-05 0.000898623727964 0.000212062370452 -0.00109521944407 -0.000163058922683 -0.00202033726133 -0.00245552825681 0.00218588462078 0.00203871587901 0.0206614127625 -0.00193356788102 -0.000948413875389 -0.001237267886 0.00167960124332 0.00120154620613 0.00185973236104 0.00323690939615 0.00228624564585 0.00105328112902 -0.00178621833773 0.00619192947371 0.00125095209159 -0.000845073482435 0.00142684299552 0.00128172365316 0.00328035029253 0.00204514244158 0.000688676093869 0.00237254000077 0.00151824229878 0.00230366783783 0.00114550519518 0.00466377425142 0.00117163277472 
0.000356040508576 -0.000796082875084 -0.000668125332636 0.000577450041081 -0.000201613323991 0.000390785543688 0.000482197305443 -0.000134299557235 -0.00151908667051 -0.00164099896307 0.000247563869143 -0.00107895610476 -0.00199630607907 -0.000380143927984 -0.00148487086138 -0.00193356788102 0.16767549738 -0.00245774105801 -0.00300637170048 0.00110377521657 0.000726196184732 -0.00187297421101 -0.000932349356952 0.000795341257866 -0.00239658675212 -0.00162099302445 -0.00256985361412 -0.00390251403365 -0.0023416447947 0.00219595104118 -0.000823929245058 0.000386415643462 0.000156306532522 -0.00072916817747 0.000843030653076 -0.00235490355723 -0.00171686695095 -0.00104541915555 -0.00179203084721 -0.001467310057 
0.0022244960582 0.00221674118394 5.59682475151e-05 0.000931557417168 0.00132551935428 0.000646549597367 0.00235886750008 0.000543409380367 0.00225894800885 0.00252755201777 -0.000117447043289 0.00457879653529 0.00712812673139 0.00350345287854 0.000123373750094 -0.000948413875388 -0.00245774105801 0.0474528821463 0.00757373387564 0.00202423528639 9.3512778069e-05 0.0125022578245 -0.000874861450391 0.00154547987599 0.0037065706339 0.00130551852607 -0.000661177901403 0.00046164813238 0.000268152984517 0.00158989840204 0.00219343808435 0.00217840195988 0.00059109997015 0.00033736801281 0.00163719080985 -0.00250729455648 0.00161311557146 -0.000760623740784 0.0018932520783 0.00176946745225 
