20
0.104921073146 0.0444735285872 0.0205902908148 0.0578888041786 0.0300827450696 0.110374427341 0.16701162673 0.0485380268731 0.0962618702605 0.0716337087719 0.121962687623 0.0147816990943 0.0461662895592 0.070293401022 0.0704328117516 0.0292815331214 0.0674926048947 0.126255379542 0.0801839086902 0.103848753038 
0.271161147825 0.0352205036637 0.0379663866332 0.0319270856644 0.0285413770272 0.0328591902347 0.0344693284197 0.0296288750916 0.0284891512745 0.0354039228571 0.0383783617913 0.0306119397488 0.0218431539541 0.0160257987807 0.0444930608222 0.0208010635407 0.0106315501224 0.0368564442365 0.0641702175382 0.0189855774823 
0.0352205036637 0.3470117873 0.0204609119634 0.00734174354225 0.00245225660301 0.0308006005541 -0.0189700472228 0.0201693902551 0.0444249450858 0.0305245581655 0.0184789886991 0.036923078721 0.0358711912462 0.0363343459016 0.0164833702392 0.0261130296752 0.0427764383243 0.0573767528172 0.00382128854576 -0.00509581965463 
0.0379663866332 0.0204609119634 0.296539288313 -0.00906393234181 -0.00809822460146 0.0181176835983 0.0239375870311 0.0180530653664 0.0809558872382 0.00879346369306 0.043772481041 0.0147561225918 0.0108083253257 0.0272497346996 0.00887125140981 0.0131333139321 0.0518828485355 0.0496699573636 -0.0118488400243 0.00618820970193 
0.0319270856644 0.00734174354225 -0.00906393234181 0.416660000427 0.000749240533448 0.163878090806 0.00258423799678 0.00495630377714 0.0139274066685 0.004978390977 0.128752521512 0.00646835346924 0.0148516845699 0.0328493774564 0.00463026000056 0.0148476523398 0.0474372868086 0.0295041676004 0.0100271097121 -0.00220510962545 
0.0285413770272 0.00245225660301 -0.00809822460146 0.000749240533447 0.161740285353 0.0126972480175 -0.0126943625274 0.00510135274705 0.00771231020292 0.0062116337944 0.0033716553678 0.0206188158523 0.0275252007705 0.00442012678163 0.0212312830459 0.0130980809103 0.0132183170821 0.0283361297709 0.0100272730205 -0.0114240162389 
0.0328591902347 0.0308006005541 0.0181176835983 0.163878090806 0.0126972480175 0.487088824186 0.0335534121322 0.00195440084739 0.0508313352923 0.0129078876434 0.145684089446 0.0108591421476 -0.000924282591946 0.0267373677199 -0.0134133939241 0.019336889786 0.0310002308467 0.0156652268235 0.013595514429 0.0309818668411 
0.0344693284197 -0.0189700472228 0.0239375870311 0.00258423799678 -0.0126943625274 0.0335534121322 0.513952260824 0.0196157961881 0.0211037495121 0.00971181181049 0.0169225496195 0.0182202575661 -0.00579207716441 0.00607079157156 0.0107295232894 0.0166109808083 0.0148950636326 0.0259110184503 0.0433619330926 0.0161587258948 
0.0296288750916 0.0201693902551 0.0180530653664 0.00495630377714 0.00510135274705 0.00195440084739 0.0196157961881 0.206582782568 0.000948238488177 0.0103554354722 0.00983350220949 0.0384233748659 0.0248706422232 0.0101403574183 0.018514918033 0.0284411144949 0.0166377960763 0.0218783705418 0.0309699722207 0.00683223882621 
0.0284891512745 0.0444249450858 0.0809558872382 0.0139274066685 0.00771231020292 0.0508313352923 0.0211037495121 0.000948238488177 0.395928560516 0.0147087931802 0.0544394582329 0.0495369379994 0.0151659625986 0.0093802760913 0.00766351953869 0.00327574633665 0.0125646308283 0.0314615553262 -0.00150383130575 0.0284868022534 
0.0354039228571 0.0305245581655 0.00879346369306 0.004978390977 0.0062116337944 0.0129078876434 0.00971181181049 0.0103554354722 0.0147087931802 0.189787509818 0.0112600866058 0.0152969317209 0.00256874010806 0.0198521169066 -0.0115238566967 0.0176575269166 0.0108212995975 0.00920844501905 0.00653515197898 0.0218672854533 
0.0383783617913 0.0184789886991 0.043772481041 0.128752521512 0.0033716553678 0.145684089446 0.0169225496195 0.00983350220949 0.0544394582329 0.0112600866058 0.418754400184 0.0161193974165 -0.00479748261539 0.0284573265857 0.0139275443986 0.00470626459514 0.0525588243233 0.0334342447747 0.00983339482238 0.0179548065931 
0.0306119397488 0.036923078721 0.0147561225918 0.00646835346924 0.0206188158523 0.0108591421476 0.0182202575661 0.0384233748659 0.0495369379994 0.0152969317209 0.0161193974165 0.218831814748 0.0391432573895 0.00544305590322 -0.00135533344305 0.0431479631745 0.0239679313483 0.0020010584204 0.0226439114766 0.0044326995278 
0.0218431539541 0.0358711912462 0.0108083253257 0.0148516845699 0.0275252007705 -0.000924282591946 -0.00579207716441 0.0248706422232 0.0151659625986 0.00256874010806 -0.00479748261539 0.0391432573895 0.35559791359 0.00994287367896 0.0308386281045 0.0441901903254 0.0314859852198 0.0380191247744 0.0200766904578 0.0115020521426 
0.0160257987807 0.0363343459016 0.0272497346996 0.0328493774564 0.00442012678163 0.0267373677199 0.00607079157156 0.0101403574183 0.0093802760913 0.0198521169066 0.0284573265857 0.00544305590322 0.00994287367896 0.344209429015 0.00541491394582 0.00357799974771 0.000625999060402 0.044475078194 0.00544217626903 0.0207899601902 
0.0444930608222 0.0164833702392 0.00887125140981 0.00463026000056 0.0212312830459 -0.0134133939241 0.0107295232894 0.018514918033 0.00766351953869 -0.0115238566967 0.0139275443986 -0.00135533344305 0.0308386281045 0.00541491394582 0.290805385219 0.0182455238785 0.0104864052053 0.0640687643091 0.0460886876916 -0.00324739215911 
0.0208010635407 0.0261130296752 0.0131333139321 0.0148476523398 0.0130980809103 0.019336889786 0.0166109808083 0.0284411144949 0.00327574633665 0.0176575269166 0.00470626459514 0.0431479631745 0.0441901903254 0.00357799974771 0.0182455238785 0.163929568594 0.0170622561719 0.023250037759 0.0181672761946 0.00932628498933 
0.0106315501224 0.0427764383243 0.0518828485355 0.0474372868086 0.0132183170821 0.0310002308467 0.0148950636326 0.0166377960763 0.0125646308283 0.0108212995975 0.0525588243233 0.0239679313483 0.0314859852198 0.000625999060401 0.0104864052053 0.0170622561719 0.347086662994 0.0339282505676 -0.0237630044935 0.0169935285772 
0.0368564442365 0.0573767528172 0.0496699573636 0.0295041676004 0.0283361297709 0.0156652268235 0.0259110184503 0.0218783705418 0.0314615553262 0.00920844501905 0.0334342447747 0.0020010584204 0.0380191247744 0.044475078194 0.0640687643091 0.023250037759 0.0339282505676 0.531240597609 0.050243431524 0.0105500960583 
0.0641702175382 0.00382128854576 -0.0118488400243 0.0100271097121 0.0100272730205 0.013595514429 0.0433619330926 0.0309699722207 -0.00150383130575 0.00653515197898 0.00983339482238 0.0226439114766 0.0200766904578 0.00544217626903 0.0460886876916 0.0181672761946 -0.0237630044935 0.050243431524 0.574852281081 -0.00981576993811 
0.0189855774823 -0.00509581965463 0.00618820970193 -0.00220510962545 -0.0114240162389 0.0309818668411 0.0161587258948 0.00683223882621 0.0284868022534 0.0218672854533 0.0179548065931 0.0044326995278 0.0115020521426 0.0207899601902 -0.00324739215911 0.00932628498933 0.0169935285772 0.0105500960583 -0.00981576993811 0.365805627686 
0.0234832442536 0.00305018509069 0.00328798553143 0.00276496672541 0.00247175575646 0.0028456893491 0.00298513140628 0.00256593585149 0.0024672328736 0.00306606965879 0.00332366362669 0.00265107174816 0.00189167262231 0.001387874886 0.00385321209642 0.0018014249452 0.000920719248762 0.0031918617002 0.00555730385544 0.00164419924052 
0.00305018509069 0.0300521023215 0.00177196695449 0.000635813641566 0.000212371651481 0.00266741025317 -0.00164285428059 0.00174672043398 0.0038473131006 0.00264350428106 0.00160032736497 0.00319763241583 0.00310653628832 0.00314664665807 0.00142750173671 0.00226145470685 0.00370454822723 0.00496897255263 0.000330933295582 -0.000441310927401 
0.00328798553143 0.00177196695449 0.0256810556899 -0.000784959566619 -0.000701326823042 0.00156903742539 0.00207305584742 0.00156344132235 0.00701098549342 0.000761536294544 0.00379080805682 0.00127791770259 0.00093602843044 0.00235989624962 0.000768272908425 0.00113737835011 0.00449318648524 0.00430154448818 -0.00102613964664 0.000535914680582 
0.00276496672541 0.000635813641566 -0.000784959566619 0.0360838145111 6.48861335511e-05 0.0141922589762 0.000223801575464 0.000429228497988 0.00120614879837 0.000431141305606 0.0111502954431 0.000560175842502 0.00128619361265 0.00284483953757 0.000400992278661 0.00128584441128 0.00410818954629 0.00255513586594 0.000868373173724 -0.000190968095377 
0.00247175575646 0.000212371651481 -0.000701326823042 6.48861335511e-05 0.0140071195931 0.00109961393413 -0.00109936404335 0.000441790107261 0.000667905655759 0.000537943266495 0.000291993920132 0.00178564183241 0.00238375231115 0.000382794208084 0.00183868304727 0.00113432708092 0.00114473983884 0.00245398082265 0.000868387316646 -0.000989348827617 
0.0028456893491 0.00266741025317 0.00156903742539 0.0141922589762 0.00109961393413 0.0421831295645 0.00290581072901 0.000169256078301 0.00440212276715 0.00111785586083 0.0126166122388 0.00094042929631 -8.00452204901e-05 0.00231552396757 -0.00116163398892 0.00167462377848 0.00268469874364 0.00135664843852 0.0011774060873 0.0026831083741 
0.00298513140628 -0.00164285428059 0.00207305584742 0.000223801575464 -0.00109936404335 0.00290581072901 0.0445095714206 0.00169877778144 0.00182763831926 0.000841067574466 0.00146553578673 0.00157792059157 -0.000501608596506 0.000525745972205 0.000929203973914 0.00143855313618 0.00128995034968 0.00224396002159 0.00375525356154 0.00139938671177 
0.00256593585149 0.00174672043398 0.00156344132235 0.000429228497988 0.000441790107261 0.000169256078301 0.00169877778144 0.0178905937689 8.21198619608e-05 0.00089680701862 0.000851606272159 0.0033275618733 0.00215386079738 0.00087818071277 0.00160343893656 0.00246307276645 0.00144087540651 0.00189472246826 0.00268207826977 0.000591689238822 
0.0024672328736 0.0038473131006 0.00701098549342 0.00120614879837 0.000667905655759 0.00440212276715 0.00182763831926 8.21198619608e-05 0.034288419149 0.0012738188553 0.00471459537979 0.00429002467332 0.00131341088833 0.000812355738957 0.00066368026029 0.000283687954389 0.00108812894864 0.00272465061551 -0.000130235611378 0.00246702944241 
0.00306606965879 0.00264350428106 0.000761536294544 0.000431141305606 0.000537943266495 0.00111785586083 0.000841067574466 0.00089680701862 0.0012738188553 0.0164360804823 0.000975152104943 0.00132475314703 0.00022245941893 0.001719243756 -0.000997995264895 0.00152918668778 0.000937152035336 0.000797474731585 0.000565960763139 0.00189376247144 
0.00332366362669 0.00160032736497 0.00379080805682 0.0111502954431 0.000291993920132 0.0126166122388 0.00146553578673 0.000851606272159 0.00471459537979 0.000975152104943 0.0362651948506 0.00139598076564 -0.000415474181915 0.0024644767747 0.00120616072615 0.000407574469632 0.0045517277057 0.00289549053312 0.000851596972163 0.00155493186296 
0.00265107174816 0.00319763241583 0.00127791770259 0.000560175842502 0.00178564183241 0.00094042929631 0.00157792059157 0.0033275618733 0.00429002467332 0.00132475314703 0.00139598076564 0.0189513910728 0.00338990552862 0.000471382468641 -0.000117375319228 0.00373672322307 0.00207568374238 0.000173296742652 0.00196102025797 0.000383883039842 
0.00189167262231 0.00310653628832 0.00093602843044 0.00128619361265 0.00238375231115 -8.00452204901e-05 -0.000501608596506 0.00215386079738 0.00131341088833 0.00022245941893 -0.000415474181915 0.00338990552862 0.0307956826702 0.00086107811926 0.00267070353564 0.00382698274198 0.00272676630635 0.00329255278843 0.00173869239603 0.000996106935115 
0.001387874886 0.00314664665807 0.00235989624962 0.00284483953757 0.000382794208084 0.00231552396757 0.000525745972205 0.00087818071277 0.000812355738957 0.001719243756 0.0024644767747 0.000471382468641 0.00086107811926 0.0298094109749 0.000468945303639 0.000309863867625 5.42131089053e-05 0.00385165475513 0.000471306290085 0.00180046336683 
0.00385321209642 0.00142750173671 0.000768272908425 0.000400992278661 0.00183868304727 -0.00116163398892 0.000929203973914 0.00160343893656 0.00066368026029 -0.000997995264895 0.00120616072615 -0.000117375319228 0.00267070353564 0.000468945303639 0.0251844851157 0.00158010871842 0.000908149330216 0.00554851774808 0.0039913974368 -0.000281232410584 
0.0018014249452 0.00226145470685 0.00113737835011 0.00128584441128 0.00113432708092 0.00167462377848 0.00143855313618 0.00246307276645 0.000283687954389 0.00152918668778 0.000407574469632 0.00373672322307 0.00382698274198 0.000309863867625 0.00158010871842 0.0141967170834 0.00147763472908 0.00201351233383 0.00157333227021 0.000807679972369 
0.000920719248762 0.00370454822723 0.00449318648524 0.00410818954629 0.00114473983884 0.00268469874364 0.00128995034968 0.00144087540651 0.00108812894864 0.000937152035336 0.0045517277057 0.00207568374238 0.00272676630635 5.42131089053e-05 0.000908149330216 0.00147763472908 0.0300585867468 0.00293827268975 -0.00205793655616 0.00147168274478 
0.0031918617002 0.00496897255263 0.00430154448818 0.00255513586594 0.00245398082265 0.00135664843852 0.00224396002159 0.00189472246826 0.00272465061551 0.000797474731585 0.00289549053312 0.000173296742652 0.00329255278843 0.00385165475513 0.00554851774808 0.00201351233383 0.00293827268975 0.0460067853051 0.00435120880731 0.000913665119885 
0.00555730385544 0.000330933295582 -0.00102613964664 0.000868373173724 0.000868387316646 0.0011774060873 0.00375525356154 0.00268207826977 -0.000130235611379 0.000565960763139 0.000851596972163 0.00196102025797 0.00173869239603 0.000471306290085 0.0039913974368 0.00157333227021 -0.00205793655616 0.00435120880731 0.0497836678839 -0.00085007061241 
0.00164419924052 -0.000441310927401 0.000535914680582 -0.000190968095377 -0.000989348827617 0.0026831083741 0.00139938671177 0.000591689238822 0.00246702944241 0.00189376247144 0.00155493186296 0.000383883039842 0.000996106935115 0.00180046336683 -0.000281232410584 0.000807679972369 0.00147168274478 0.000913665119885 -0.00085007061241 0.0316796966423 

['BEN', 'MCD', 'EMC', 'COP', 'HCR', 'RIG', 'PKI', 'MI', 'AES', 'FII', 'WMB', 'SAFC', 'XL', 'LPX', 'EDS', 'AIG', 'AMGN', 'TER', 'TXT', 'KG']