40
-0.00277796207049 0.0300764430792 0.399937027552 0.357744060202 0.0110311255814 0.201678989994 0.00610402508206 0.0901624306535 0.0566217234647 0.165275344352 0.09797045465 0.12260521459 0.00108215816497 0.00640420781163 0.0714432896303 0.0839491815724 0.0413413845105 0.0194782181544 0.0896896089949 0.0309991269713 0.00859756350963 0.075466134778 0.0506400072768 0.110955558587 0.0800542827641 0.0301615681032 0.0301217617298 -0.0142899737039 0.0870955077299 0.022553065058 -0.0290439391383 0.0321720089654 0.0519302207626 0.101670797752 0.0479071153807 0.0649972461493 0.275152850517 0.00788248566947 0.0275413533974 0.036872425502 
0.265054707585 0.0123349706261 0.0241241700848 -0.0176416358129 0.00795976608214 0.0201578015397 0.00833723899095 0.0161998259706 0.0168121490286 0.000189172744859 0.0162708640394 0.00155565573021 0.0154591389216 0.0110756606026 0.0179898181161 0.035715858851 -0.0135264036331 -0.00506464868317 0.0127438411087 0.0174051466049 0.0232426826759 0.0117300637946 0.0175377045253 0.0125928699307 0.0245855004123 0.0104900533791 0.00829203468099 0.0144589098941 -0.0165912343386 -0.0132087764097 0.0192659367549 0.0137579312642 0.00923028185835 -0.00627518673276 0.0138309397483 0.0158846650495 -0.00437771607813 0.00693140161699 0.0102713411745 0.00995095041854 
0.0123349706261 0.366007255951 0.0213183722854 -0.00912472083193 0.025762079402 0.00457634187566 0.0168643786506 0.0221192672059 0.0205886158263 0.00786265426114 0.0136535733888 0.0307032861851 0.0441286458153 0.0200666663447 -0.00203514498856 0.0511474040586 0.0245583601668 0.00959515780589 0.0121995300281 0.0256641503052 0.0200133365115 0.0491895682546 -0.00543842227752 0.0245310905599 0.00893118621163 0.0302494880663 0.0199629864375 0.021333861872 0.00610811440663 0.00227163791985 0.020082124084 0.0171932125116 -0.0140780897171 0.00220194551319 0.0055633305784 0.0334858980362 -0.0166562297399 0.000844374469663 0.0218535186944 -0.00950263403436 
0.0241241700848 0.0213183722854 1.31557690358 0.0174462917922 0.0122327580578 0.0382067510193 0.0184963011145 0.0477835555203 0.0286437134538 -0.0267986676507 0.0516859900432 0.0186283776605 0.0146101167782 0.0197397625286 0.0319008064473 0.0240615107868 0.0156962553772 0.0252384619737 0.0911395836242 0.00151102702922 0.0251406848214 0.0240413844064 0.0773514555797 -0.0118461335849 0.00944240941342 0.0153590378207 0.00587953599457 0.00928475603736 0.0320181820208 0.0870302368872 0.0893677750096 0.0267603021683 0.0132562688671 0.0343076585116 0.00993397109903 0.0211390685874 -0.0225480593424 0.0201554116073 0.016708055567 0.0215193178098 
-0.0176416358129 -0.00912472083193 0.0174462917922 2.88306584999 0.00893104817857 0.0209238141493 -0.00132903047148 0.000628079170625 0.0464886432684 0.0291029583324 0.00144924399562 0.0189619104204 0.0275611742547 0.0775129345613 0.0117063443288 0.0309054681133 -0.00337655254256 -0.00217703866354 0.030692353726 0.136734926732 -0.0120838362255 -0.0104286856013 0.0065337785624 0.0231019209819 0.0208440233884 0.0212173559345 -0.0104399137699 -0.00695329648467 0.1122331419 -0.0133886764865 0.0106372023231 -0.00344599841287 0.00188399560737 0.0798752382392 0.065865580729 0.052553045848 -0.0117647084421 0.0151698757018 0.056492282975 -0.00191272436884 
0.00795976608214 0.025762079402 0.0122327580578 0.00893104817857 0.148656108393 -0.0024746502926 0.0232071144479 0.00439039942067 0.0221341867045 -0.00386308156336 -0.00435314826642 0.0239799966141 8.26692576279e-05 0.0374058566197 -0.000731152427178 0.00635702576955 -0.000637623566893 0.0201810540842 -0.00455858499743 0.00709941543087 0.0185650205294 0.00406892661608 0.0169438063577 0.00610703133369 -0.00555000334759 0.0194351094754 0.0105348815878 0.013160179043 0.0291141015376 0.00664680528896 -0.00775771520184 0.0140221749595 0.0443667907997 0.00334998041858 0.0213410832543 0.0223090260412 0.00430174926651 0.0123749774884 0.0245417078476 0.0134179599931 
0.0201578015397 0.00457634187566 0.0382067510193 0.0209238141493 -0.0024746502926 1.24077994875 -0.00100791055552 0.041600396777 0.0422927720546 0.0040269146054 0.00470072481297 0.0197873922649 0.0119904277964 0.00817665904633 0.0164532214641 0.0194417384564 0.0397256740627 -0.00113028836409 0.00211937074499 -0.0155236245973 0.0187725430046 0.0255988480703 0.0230194314607 0.0716298872422 0.0216377264218 0.0134696804108 -0.00732068413199 0.0169209422104 0.00920014425689 0.00708040975592 0.00985293115201 0.00177081419203 -0.000655141979539 0.0127266192919 0.0193352306533 0.0545874004155 -0.00100082744276 0.0162193027488 -0.0192665177041 0.0282724208694 
0.00833723899095 0.0168643786506 0.0184963011145 -0.00132903047148 0.0232071144479 -0.00100791055552 0.175767982183 0.0369915916706 0.0278025395114 0.0033591919889 0.0188270588904 0.010170536678 0.00689668447171 0.0321230284118 -0.0012415328587 0.0294452132953 0.0166484448169 0.0335610991734 0.0132997569504 0.0257971663583 0.0191224745785 0.0242409478601 0.0104685767488 0.0510115714585 0.017018348105 0.0249041290793 0.00395764584248 0.00581530579468 0.0049063295271 0.0223443871084 0.00178703549178 0.0238499006214 0.0111532167046 0.00369651117627 0.0255009725846 0.00734669265598 0.0252025415167 0.0116618252489 0.0145994372504 0.0197088715019 
0.0161998259706 0.0221192672059 0.0477835555203 0.000628079170625 0.00439039942067 0.041600396777 0.0369915916706 0.544548197721 0.0145646492675 -0.00468734380452 0.0139204471452 0.0260160414677 0.0162158420209 0.0178047150939 0.0170184360211 0.0299140875034 0.00223176730161 0.0267589848134 0.0718257444592 -0.0141452719095 -0.0140217447807 0.0256970385585 0.0156653608212 0.0273669877273 0.0120275488413 0.0311874878771 0.0146531988855 0.0160071973082 -0.0151775990767 0.012773128724 -0.00206903715553 0.00986937325214 0.0131580336509 0.00428496318703 -0.00349306455483 0.0345146586248 0.0816264901151 0.010601577398 0.0350812178321 0.0278421997635 
0.0168121490286 0.0205886158263 0.0286437134538 0.0464886432684 0.0221341867045 0.0422927720546 0.0278025395114 0.0145646492675 0.172085770554 -0.00642666310581 -0.0145811157354 0.0274690040452 0.0146252461994 0.0468931680987 0.00721270412202 0.029883524363 0.0304975655943 0.029616386754 0.00848657874967 0.0243753852233 0.022735287145 0.0149397890655 0.0322149723719 0.0392768434623 0.0149047309764 0.0693415008282 0.0178522290268 0.0176222337976 0.0176996453389 0.00610015409414 -0.00276054675571 0.0105515029564 0.0409383526317 -0.0070243712874 0.0277619216705 0.0248541423007 0.00104704881859 0.0348544094344 0.0375272228102 0.0207923192084 
0.000189172744859 0.00786265426114 -0.0267986676507 0.0291029583324 -0.00386308156336 0.0040269146054 0.0033591919889 -0.00468734380452 -0.00642666310581 1.36397982285 0.00393606967755 -0.0113374252977 -0.0284223853091 0.00335658277611 0.01167854005 0.0155820527469 -0.00640251008265 0.0203996627271 -0.0121243572461 -0.0200894785613 -0.0277279373381 -0.0120852732438 0.0171755340757 -0.0156269941578 -0.00641642402949 0.009183764224 -0.020948655036 -0.00590572759617 -0.0196898433194 0.0136626987037 0.0102106376618 0.0119485635712 0.00408019298987 0.171538444227 0.00200063028889 0.00649893347592 -0.0386054218468 0.0371937720636 0.00221254719096 -0.00887995730337 
0.0162708640394 0.0136535733888 0.0516859900432 0.00144924399562 -0.00435314826642 0.00470072481297 0.0188270588904 0.0139204471452 -0.0145811157354 0.00393606967755 0.95037947761 0.0567147434074 0.0217834474921 -0.0072161022128 -0.00827976639656 0.0951918633849 0.00526534960613 0.0138708090541 0.01398986326 -0.013227943937 0.00330527259819 -0.00982951055192 0.0676803348531 0.00957990603808 0.0132225198133 -0.00259865485392 -0.00182961921329 -0.0123038135705 -0.00736927951529 0.0736887618626 0.053225330536 0.0216546992291 -0.023977055384 0.000898488977117 0.028249307432 0.0614303842009 -0.0011518393624 0.0609787222757 -0.0123641244408 0.0185605559076 
0.00155565573021 0.0307032861851 0.0186283776605 0.0189619104204 0.0239799966141 0.0197873922649 0.010170536678 0.0260160414677 0.0274690040452 -0.0113374252977 0.0567147434074 0.205669168358 0.0167875779616 0.0297080614215 0.0206254118152 0.0213587692686 0.0181611124397 0.0374316742268 0.0289931146661 0.00821273318823 0.0211758042025 -0.00189551676481 0.0444854892432 0.0219809944364 0.021000425012 0.0235422388751 0.0240250476452 0.0212362455986 0.0260676279844 0.0242477047541 -0.00115052227136 0.0268867375312 0.0514398152823 0.0246573688841 0.00450210828206 0.0305506540419 0.00132703872815 0.0293767712568 0.0173193156099 0.0246266787266 
0.0154591389216 0.0441286458153 0.0146101167782 0.0275611742547 8.26692576277e-05 0.0119904277964 0.00689668447171 0.0162158420209 0.0146252461994 -0.0284223853091 0.0217834474921 0.0167875779616 0.241918489857 0.0127265827305 0.00629121659947 0.0116671540411 0.0233803008544 0.00550020609761 0.00317650628152 0.0132549098261 0.0150891223047 0.0170391914074 0.00615816603988 0.0197184183106 0.00617011056459 0.0205667061546 0.00112251033175 0.0319419679314 0.00294297738529 0.0104483678775 0.0245406678543 0.0139587125944 0.0287514184989 0.0092751082743 -0.00280888831375 0.000478240455823 -0.00944916819228 -0.000781595303162 0.0116410565324 0.00528524568611 
0.0110756606026 0.0200666663447 0.0197397625286 0.0775129345613 0.0374058566197 0.00817665904633 0.0321230284118 0.0178047150939 0.0468931680987 0.00335658277611 -0.0072161022128 0.0297080614215 0.0127265827305 0.171309280792 0.00413212728501 0.00630804868972 0.0106087813313 0.0198275635568 0.0101730493573 0.0164042288927 0.0151620174207 0.0276287981672 0.0151497288557 -0.00163209029623 0.0124311517489 0.0119816541439 0.00847435685009 0.0220745226554 0.0574334972714 -0.00305408935916 0.00555788288988 0.0244938818104 0.0388773832993 0.00639002586938 0.023095195487 0.00708821427255 0.0235606532453 0.0102966028029 0.0284554244708 0.004809701183 
0.0179898181161 -0.00203514498856 0.0319008064473 0.0117063443288 -0.000731152427178 0.0164532214641 -0.0012415328587 0.0170184360211 0.00721270412202 0.01167854005 -0.00827976639656 0.0206254118152 0.00629121659947 0.00413212728501 0.365961859647 -0.0101374102099 0.0198878200704 0.000341249631108 -0.00840977339008 0.0411077248311 0.00756725904859 -0.0066216129654 0.062600615547 0.0133287024262 0.00848479915523 -0.0282451981655 7.83858945014e-05 -0.0063815349132 0.00754017156615 0.0357658494862 0.0029195351242 0.0271521277904 0.00518960151965 0.0511747986463 0.0115719733823 -0.00704028515025 -0.0139034025876 0.00628609990319 0.0196727679491 0.00574505519594 
0.035715858851 0.0511474040586 0.0240615107868 0.0309054681133 0.00635702576955 0.0194417384564 0.0294452132953 0.0299140875034 0.029883524363 0.0155820527469 0.0951918633849 0.0213587692686 0.0116671540411 0.00630804868972 -0.0101374102099 0.587695245731 0.0154569614533 0.0312338560927 0.0263905250549 -0.00201824481115 0.00442207510265 -0.0174487683913 0.0452546702552 0.00718200791769 0.0380300444523 0.0337429612382 0.0103952335433 0.0180225321166 0.031081361213 0.0298905201763 -0.0117519939259 0.00828874085712 -0.00377865655931 -0.0139288400819 0.00764884238931 0.0443548987066 -0.0157639379953 0.0438551563026 0.0196709540062 0.00932965740058 
-0.0135264036331 0.0245583601668 0.0156962553772 -0.00337655254256 -0.000637623566893 0.0397256740627 0.0166484448169 0.00223176730161 0.0304975655943 -0.00640251008265 0.00526534960613 0.0181611124397 0.0233803008544 0.0106087813313 0.0198878200704 0.0154569614533 0.242231095623 0.0261598039249 0.00753926482129 0.0391151142046 0.0098383634201 0.0330768874498 0.0111656034187 0.017395949178 -2.54653215638e-05 0.0381103291093 0.0162321935729 0.00345959777493 0.0290622556501 0.0181308229908 0.0240718340617 0.0150629187458 0.0118271796156 0.00876260543475 0.0131975717535 0.0211347330409 -0.018273290055 0.0115777344289 0.00860199693541 0.0162064800646 
-0.00506464868317 0.00959515780589 0.0252384619737 -0.00217703866354 0.0201810540842 -0.00113028836409 0.0335610991734 0.0267589848134 0.029616386754 0.0203996627271 0.0138708090541 0.0374316742268 0.00550020609761 0.0198275635568 0.000341249631108 0.0312338560927 0.0261598039249 0.163457776076 0.0238726262596 0.00425264418568 0.0184982897838 0.0210264225759 0.0395144079874 0.034751835977 0.0171551213342 0.033513848271 0.0153102145829 0.017404987678 0.0164392583816 0.0372950679654 0.00767325751604 0.0255273433568 0.020410717657 0.000709682450102 0.0225205021895 0.00371692534455 -0.00413580915742 0.0371581024834 0.0429604561767 0.0349538525593 
0.0127438411087 0.0121995300281 0.0911395836242 0.030692353726 -0.00455858499743 0.00211937074499 0.0132997569504 0.0718257444592 0.00848657874967 -0.0121243572461 0.01398986326 0.0289931146661 0.00317650628152 0.0101730493573 -0.00840977339008 0.0263905250549 0.00753926482129 0.0238726262596 0.432943786108 -0.00651175906184 0.02758220307 0.0288647669696 0.0158008287389 0.01376168964 0.0149745485478 0.00425129161822 -0.00335390846073 0.0282257156297 0.0232487679289 0.00555487799784 -0.0137364658933 0.00223724408491 0.0347534461111 -0.00866132868607 0.0155442708866 0.00586807565781 -0.0171814258977 0.00743557002705 0.0128126917676 0.0137454672852 
0.0174051466049 0.0256641503052 0.00151102702922 0.136734926732 0.00709941543087 -0.0155236245973 0.0257971663583 -0.0141452719095 0.0243753852233 -0.0200894785613 -0.013227943937 0.00821273318823 0.0132549098261 0.0164042288927 0.0411077248311 -0.00201824481115 0.0391151142046 0.00425264418568 -0.00651175906184 0.463267773506 0.0160866880966 0.0102868862894 0.00320078579877 0.0240133242313 0.0146251759378 0.0192139197524 -0.00661482028027 -0.00135343093371 -0.022838770257 0.0071094244556 0.0302928805356 0.0119252988679 0.00214712547551 -0.0322291163673 -0.00378075560071 0.0133695692804 0.00218834087878 0.00331358518951 0.0310635199656 -0.000868294964021 
0.0232426826759 0.0200133365115 0.0251406848214 -0.0120838362255 0.0185650205294 0.0187725430046 0.0191224745785 -0.0140217447807 0.022735287145 -0.0277279373381 0.00330527259819 0.0211758042025 0.0150891223047 0.0151620174207 0.00756725904859 0.00442207510265 0.0098383634201 0.0184982897838 0.02758220307 0.0160866880966 0.230056871598 -0.0024332502822 0.0172748372697 0.0151705331102 0.0163631953473 0.0164860652375 0.0142824106305 0.0154488521193 -0.00105646649049 0.0204352508393 0.0191000516951 0.00108625576236 0.0180971115708 0.0048101474288 0.00853356912916 0.0253944079306 -0.00807336193026 0.0124388177451 0.00572475414872 0.0212437403045 
0.0117300637946 0.0491895682546 0.0240413844064 -0.0104286856013 0.00406892661608 0.0255988480703 0.0242409478601 0.0256970385585 0.0149397890655 -0.0120852732438 -0.00982951055192 -0.00189551676481 0.0170391914074 0.0276287981672 -0.0066216129654 -0.0174487683913 0.0330768874498 0.0210264225759 0.0288647669696 0.0102868862894 -0.0024332502822 0.456104789699 0.0262569635419 -0.00437246430777 0.0234422365812 0.00444974690793 -0.00717630574534 0.0140088484357 -0.020502418746 0.0136882540435 -0.00722843835004 0.0225060221596 0.0303698829389 0.00174198848977 0.00108751946203 0.00770072778365 -0.00716396736136 0.015208763692 0.00623103837579 -0.0187931839937 
0.0175377045253 -0.00543842227752 0.0773514555797 0.0065337785624 0.0169438063577 0.0230194314607 0.0104685767488 0.0156653608212 0.0322149723719 0.0171755340757 0.0676803348531 0.0444854892432 0.00615816603988 0.0151497288557 0.062600615547 0.0452546702552 0.0111656034187 0.0395144079874 0.0158008287389 0.00320078579877 0.0172748372697 0.0262569635419 0.508791474601 0.0160419010139 0.012026323637 0.0219809448348 0.00334985618974 0.0286845405942 0.0346563924296 0.0125714579121 -0.00311873477188 0.0552585937496 0.0180781158512 0.0212847182676 0.0161464106026 0.011512428652 -0.0209419209073 0.0525543921505 0.0101049727765 0.00619167979095 
0.0125928699307 0.0245310905599 -0.0118461335849 0.0231019209819 0.00610703133369 0.0716298872422 0.0510115714585 0.0273669877273 0.0392768434623 -0.0156269941578 0.00957990603808 0.0219809944364 0.0197184183106 -0.00163209029623 0.0133287024262 0.0071820079177 0.017395949178 0.034751835977 0.01376168964 0.0240133242313 0.0151705331102 -0.00437246430777 0.0160419010139 0.484370743057 -0.0180574815334 0.0664976947318 0.000845857213225 0.0108217838617 -0.00412805533858 0.0417764848698 0.0118965235046 0.0417236816964 0.00171132657284 0.0260753239183 -0.0109816047168 0.0131725403807 -0.0045909431311 0.038683879021 -0.0163966784998 0.00143885741393 
0.0245855004123 0.00893118621163 0.00944240941342 0.0208440233884 -0.00555000334759 0.0216377264218 0.017018348105 0.0120275488413 0.0149047309764 -0.00641642402949 0.0132225198133 0.021000425012 0.00617011056459 0.0124311517489 0.00848479915523 0.0380300444523 -2.54653215639e-05 0.0171551213342 0.0149745485478 0.0146251759378 0.0163631953473 0.0234422365812 0.012026323637 -0.0180574815334 0.349203444347 -0.000815550278019 0.0307681098163 0.0142092010574 0.00336861125891 -0.00100973595651 0.0215373670944 0.0219467941917 -0.00301471963655 0.0392340694416 0.0207900351321 0.0251490562982 0.00193933039205 0.0124666866381 0.0151673463801 0.00178070867671 
0.0104900533791 0.0302494880663 0.0153590378207 0.0212173559345 0.0194351094754 0.0134696804108 0.0249041290793 0.0311874878771 0.0693415008282 0.009183764224 -0.00259865485392 0.0235422388751 0.0205667061546 0.0119816541439 -0.0282451981655 0.0337429612382 0.0381103291093 0.033513848271 0.00425129161822 0.0192139197524 0.0164860652375 0.00444974690793 0.0219809448348 0.0664976947318 -0.000815550278019 0.206924483828 0.00399936211569 0.0152707392562 0.0142878462683 -0.000173580658682 0.00154325158541 0.0129296286385 0.0398280218832 -0.00456969215336 0.0349107414119 0.0139922696499 -0.0100034527211 0.0157723116021 0.0416677585265 0.0171764512252 
0.00829203468099 0.0199629864375 0.00587953599457 -0.0104399137699 0.0105348815878 -0.00732068413199 0.00395764584248 0.0146531988855 0.0178522290268 -0.020948655036 -0.00182961921329 0.0240250476452 0.00112251033175 0.00847435685008 7.83858945014e-05 0.0103952335433 0.0162321935729 0.0153102145829 -0.00335390846073 -0.00661482028027 0.0142824106305 -0.00717630574534 0.00334985618974 0.000845857213224 0.0307681098163 0.00399936211569 0.189189957514 0.00701693346612 0.0126272700997 0.0022319709667 -0.0159457525504 0.0179791002615 0.00658743238474 -0.000128006790706 0.00976832565743 0.0170006435316 -0.0136569681683 0.0108224931607 -0.00226977541096 0.0144067809762 
0.0144589098941 0.021333861872 0.00928475603736 -0.00695329648467 0.013160179043 0.0169209422104 0.00581530579468 0.0160071973082 0.0176222337976 -0.00590572759617 -0.0123038135705 0.0212362455986 0.0319419679314 0.0220745226554 -0.0063815349132 0.0180225321166 0.00345959777494 0.017404987678 0.0282257156297 -0.00135343093372 0.0154488521193 0.0140088484357 0.0286845405942 0.0108217838617 0.0142092010574 0.0152707392562 0.00701693346612 0.186815999224 0.0248201439237 0.019466309959 0.0251217455427 0.0125824051518 0.0127841193138 0.000613299908937 0.00651997460565 -0.00140632577146 1.56579271612e-06 0.0238744651802 0.0153558802318 0.00208482979536 
-0.0165912343386 0.00610811440663 0.0320181820208 0.1122331419 0.0291141015376 0.00920014425689 0.0049063295271 -0.0151775990767 0.0176996453389 -0.0196898433194 -0.00736927951529 0.0260676279844 0.00294297738529 0.0574334972714 0.00754017156615 0.031081361213 0.0290622556501 0.0164392583816 0.0232487679289 -0.022838770257 -0.00105646649049 -0.020502418746 0.0346563924296 -0.00412805533858 0.00336861125891 0.0142878462683 0.0126272700997 0.0248201439237 0.448044152622 -0.0160726152921 0.0266777945386 0.0112708661807 0.0515616544094 0.0262110538589 -0.0103100266213 0.0139947196572 0.0358148544303 0.00936282353983 0.00585339349804 0.00434327652941 
-0.0132087764097 0.00227163791985 0.0870302368872 -0.0133886764865 0.00664680528896 0.00708040975592 0.0223443871084 0.012773128724 0.00610015409414 0.0136626987037 0.0736887618626 0.0242477047541 0.0104483678775 -0.00305408935916 0.0357658494862 0.0298905201763 0.0181308229908 0.0372950679654 0.00555487799784 0.0071094244556 0.0204352508393 0.0136882540435 0.0125714579121 0.0417764848698 -0.00100973595651 -0.000173580658682 0.0022319709667 0.019466309959 -0.0160726152921 0.214913973833 0.00820549555545 0.032261697029 0.00206319731308 0.0103898032341 0.0165222300705 0.023339345483 -0.0210429406897 0.0551514835277 0.00972761877445 0.0128512722435 
0.0192659367549 0.020082124084 0.0893677750096 0.0106372023231 -0.00775771520184 0.00985293115201 0.00178703549178 -0.00206903715553 -0.00276054675571 0.0102106376618 0.053225330536 -0.00115052227136 0.0245406678543 0.00555788288988 0.0029195351242 -0.0117519939259 0.0240718340617 0.00767325751604 -0.0137364658933 0.0302928805356 0.0191000516951 -0.00722843835004 -0.00311873477188 0.0118965235046 0.0215373670944 0.00154325158541 -0.0159457525504 0.0251217455427 0.0266777945386 0.00820549555545 0.327089790963 0.0224921527245 0.0086259555128 0.00470650880398 0.00970300761757 0.00546396608663 -0.0250320973624 0.0246396906449 0.0191105339666 -0.00176034790115 
0.0137579312642 0.0171932125116 0.0267603021683 -0.00344599841287 0.0140221749595 0.00177081419203 0.0238499006214 0.00986937325214 0.0105515029564 0.0119485635712 0.0216546992291 0.0268867375312 0.0139587125944 0.0244938818104 0.0271521277904 0.00828874085712 0.0150629187458 0.0255273433568 0.00223724408491 0.0119252988679 0.00108625576236 0.0225060221596 0.0552585937496 0.0417236816964 0.0219467941917 0.0129296286385 0.0179791002615 0.0125824051518 0.0112708661807 0.032261697029 0.0224921527245 0.14280695859 0.01897832506 0.0252901295097 0.00741318071071 0.0214917339724 -0.0140801411797 0.0114129211862 0.0165674316708 0.0110601571406 
0.00923028185835 -0.0140780897171 0.0132562688671 0.00188399560737 0.0443667907997 -0.000655141979539 0.0111532167046 0.0131580336509 0.0409383526317 0.00408019298987 -0.023977055384 0.0514398152823 0.0287514184989 0.0388773832993 0.00518960151965 -0.00377865655931 0.0118271796156 0.020410717657 0.0347534461111 0.00214712547551 0.0180971115708 0.0303698829389 0.0180781158512 0.00171132657284 -0.00301471963655 0.0398280218832 0.00658743238474 0.0127841193138 0.0515616544094 0.00206319731308 0.0086259555128 0.01897832506 0.269905160082 0.00828324403673 0.0317853807806 0.0356823065923 0.00697016142 0.0295970674863 0.02254882913 0.0287187553262 
-0.00627518673276 0.00220194551319 0.0343076585116 0.0798752382392 0.00334998041858 0.0127266192919 0.00369651117627 0.00428496318703 -0.0070243712874 0.171538444227 0.000898488977117 0.0246573688841 0.0092751082743 0.00639002586938 0.0511747986463 -0.0139288400819 0.00876260543474 0.000709682450103 -0.00866132868607 -0.0322291163673 0.0048101474288 0.00174198848977 0.0212847182676 0.0260753239183 0.0392340694416 -0.00456969215336 -0.000128006790706 0.000613299908937 0.0262110538589 0.0103898032341 0.00470650880398 0.0252901295097 0.00828324403673 0.229282196143 0.0157357487351 -0.00588592623212 0.0158099547379 0.0139392031602 0.00881321326937 0.0170617857476 
0.0138309397483 0.0055633305784 0.00993397109903 0.065865580729 0.0213410832543 0.0193352306533 0.0255009725846 -0.00349306455483 0.0277619216705 0.00200063028889 0.028249307432 0.00450210828206 -0.00280888831375 0.023095195487 0.0115719733823 0.00764884238931 0.0131975717535 0.0225205021895 0.0155442708866 -0.00378075560071 0.00853356912916 0.00108751946203 0.0161464106026 -0.0109816047168 0.0207900351321 0.0349107414119 0.00976832565743 0.00651997460565 -0.0103100266213 0.0165222300705 0.00970300761757 0.00741318071071 0.0317853807806 0.0157357487351 0.229979661104 0.0311767286101 -0.0113959666884 0.0225544296459 0.0314957674075 0.0158723518146 
0.0158846650495 0.0334858980362 0.0211390685874 0.052553045848 0.0223090260412 0.0545874004155 0.00734669265598 0.0345146586248 0.0248541423007 0.00649893347592 0.0614303842009 0.0305506540419 0.000478240455823 0.00708821427254 -0.00704028515025 0.0443548987066 0.0211347330409 0.00371692534456 0.00586807565781 0.0133695692804 0.0253944079306 0.00770072778365 0.011512428652 0.0131725403807 0.0251490562982 0.0139922696499 0.0170006435316 -0.00140632577146 0.0139947196572 0.023339345483 0.00546396608663 0.0214917339724 0.0356823065923 -0.00588592623213 0.0311767286101 0.25970949613 -0.0700562283867 0.0003922827012 0.00781217203977 0.010479465739 
-0.00437771607813 -0.0166562297399 -0.0225480593424 -0.0117647084421 0.00430174926651 -0.00100082744276 0.0252025415167 0.0816264901151 0.00104704881859 -0.0386054218468 -0.0011518393624 0.00132703872815 -0.00944916819228 0.0235606532453 -0.0139034025876 -0.0157639379953 -0.018273290055 -0.00413580915742 -0.0171814258977 0.00218834087878 -0.00807336193026 -0.00716396736136 -0.0209419209073 -0.0045909431311 0.00193933039205 -0.0100034527211 -0.0136569681683 1.565792716e-06 0.0358148544303 -0.0210429406897 -0.0250320973624 -0.0140801411797 0.00697016142 0.0158099547379 -0.0113959666884 -0.0700562283867 2.71708712762 0.00887547522897 -0.0238586903154 -0.0237563113465 
0.00693140161699 0.000844374469663 0.0201554116073 0.0151698757018 0.0123749774884 0.0162193027488 0.0116618252489 0.010601577398 0.0348544094344 0.0371937720636 0.0609787222757 0.0293767712568 -0.000781595303161 0.0102966028029 0.00628609990319 0.0438551563026 0.0115777344289 0.0371581024834 0.00743557002705 0.00331358518951 0.0124388177451 0.015208763692 0.0525543921505 0.038683879021 0.0124666866381 0.0157723116021 0.0108224931607 0.0238744651802 0.00936282353983 0.0551514835277 0.0246396906449 0.0114129211862 0.0295970674863 0.0139392031602 0.0225544296459 0.000392282701201 0.00887547522897 0.217565330646 0.029083450748 0.0149796864375 
0.0102713411745 0.0218535186944 0.016708055567 0.056492282975 0.0245417078476 -0.0192665177041 0.0145994372504 0.0350812178321 0.0375272228102 0.00221254719096 -0.0123641244408 0.0173193156099 0.0116410565324 0.0284554244707 0.0196727679491 0.0196709540062 0.00860199693541 0.0429604561767 0.0128126917676 0.0310635199656 0.00572475414872 0.00623103837579 0.0101049727765 -0.0163966784998 0.0151673463801 0.0416677585265 -0.00226977541096 0.0153558802318 0.00585339349804 0.00972761877445 0.0191105339666 0.0165674316708 0.02254882913 0.00881321326937 0.0314957674075 0.00781217203977 -0.0238586903154 0.029083450748 0.181169235049 0.0119526538181 
0.00995095041854 -0.00950263403436 0.0215193178098 -0.00191272436884 0.0134179599931 0.0282724208694 0.0197088715019 0.0278421997635 0.0207923192084 -0.00887995730337 0.0185605559076 0.0246266787266 0.00528524568611 0.004809701183 0.00574505519594 0.00932965740058 0.0162064800646 0.0349538525593 0.0137454672852 -0.000868294964021 0.0212437403045 -0.0187931839938 0.00619167979095 0.00143885741393 0.00178070867671 0.0171764512252 0.0144067809762 0.00208482979536 0.00434327652941 0.0128512722435 -0.00176034790115 0.0110601571406 0.0287187553262 0.0170617857476 0.0158723518146 0.010479465739 -0.0237563113465 0.0149796864375 0.0119526538181 0.180911649153 
0.0229544110161 0.00106823979172 0.00208921441386 -0.00152781047783 0.000689335963531 0.00174571682178 0.000722026076359 0.00140294608274 0.0014559748151 1.63828402752e-05 0.00140909815997 0.00013472373819 0.00133880070267 0.000959180344556 0.0015579639498 0.0030930841083 -0.00117142091681 -0.000438611442087 0.00110364901419 0.00150732991165 0.00201287536494 0.00101585332341 0.0015188097643 0.00109057452665 0.00212916679218 0.00090846527134 0.00071811126828 0.00125217832793 -0.00143684304174 -0.00114391359237 0.00166847906575 0.00119147179783 0.000799365857342 -0.000543447112406 0.00119779451803 0.00137565234635 -0.000379121333421 0.000600276988415 0.000889524238808 0.000861777585426 
0.00106823979172 0.0316971581623 0.00184622519665 -0.000790224004289 0.00223106152165 0.000396322832072 0.00146049803304 0.00191558473134 0.00178302643343 0.000680925833132 0.00118243414071 0.0026589825816 0.00382165283106 0.00173782428238 -0.000176248726048 0.00442949512523 0.00212681637798 0.000830965041322 0.00105651029185 0.00222258061309 0.00173320578334 0.00425994157097 -0.000470981184884 0.00212445476074 0.00077346341452 0.00261968251169 0.00172884533903 0.0018475666342 0.000528978224536 0.000196729614679 0.00173916296187 0.00148897588077 -0.00121919833318 0.000190694075217 0.000481798561055 0.00289996383679 -0.0014424718086 7.31249741035e-05 0.00189257023514 -0.000822952247663 
0.00208921441386 0.00184622519665 0.113932301914 0.00151089318939 0.00105938792364 0.00330880169788 0.00160182666412 0.00413817729637 0.00248061835097 -0.0023208326973 0.00447613803971 0.00161326482853 0.00126527322822 0.00170951358145 0.00276269087846 0.00208378795948 0.00135933559009 0.00218571492217 0.00789291947089 0.000130858779311 0.00217724717239 0.00208204496381 0.00669883255517 -0.00102590526212 0.000817736642495 0.00133013169304 0.000509182753376 0.00080408345963 0.0027728559013 0.00753703960417 0.0077394763438 0.00231751014907 0.00114802655983 0.00297113038154 0.000860307133222 0.0018306970409 -0.00195271921966 0.00174550984757 0.00144696005689 0.00186362758954 
-0.00152781047783 -0.000790224004289 0.00151089318939 0.249680826688 0.000773451460507 0.00181205545974 -0.000115097415071 5.43932517349e-05 0.00402603460579 0.00252039012411 0.000125508211649 0.00164214961284 0.00238686770627 0.0067128170452 0.00101379915742 0.0026764920502 -0.000292418027907 -0.000188537078764 0.00265803580286 0.0118415920135 -0.00104649091465 -0.00090315066588 0.000565841821774 0.00200068504465 0.00180514537714 0.00183747692404 -0.000904123053802 -0.000602173139577 0.00971967520321 -0.00115949339603 0.000921208743703 -0.000298432216695 0.00016315880566 0.00691739854484 0.00570412661463 0.00455122727506 -0.0010188536379 0.001313749773 0.00489237521741 -0.000165646789385 
0.000689335963531 0.00223106152165 0.00105938792364 0.000773451460507 0.0128739966296 -0.000214311001888 0.00200979506604 0.000380219743106 0.00191687679782 -0.000334552677076 -0.000376993698516 0.00207672862504 7.15936772178e-06 0.00323944220829 -6.33196575975e-05 0.000550534580894 -5.52198206981e-05 0.00174773055121 -0.000394785041308 0.000614827411516 0.00160777794003 0.000352379381566 0.00146737667426 0.000528884427668 -0.00048064438901 0.00168312985311 0.00091234750809 0.00113970493696 0.00252135515399 0.000575630223425 -0.000671837844012 0.00121435597312 0.00384227679169 0.000290116814467 0.00184819202425 0.00193201832854 0.000372542414551 0.00107170448762 0.00212537424483 0.0011620294221 
0.00174571682178 0.000396322832072 0.00330880169788 0.00181205545974 -0.000214311001888 0.107454695613 -8.72876145819e-05 0.00360270004164 0.00366266149958 0.000348741034714 0.000407094710423 0.0017136384376 0.0010384015074 0.000708119445221 0.0014248907762 0.0016837039397 0.00344034429208 -9.78858436904e-05 0.00018354289052 -0.00134438532601 0.00162574991356 0.00221692527365 0.00199354124257 0.0062033302022 0.00187388207614 0.00116650854166 -0.000633989843138 0.00146539658102 0.000796755864494 0.000613181471783 0.000853288867938 0.000153357007568 -5.67369597366e-05 0.00110215756111 0.00167448009338 0.00472740754864 -8.66741990236e-05 0.00140463282121 -0.00166852937743 0.00244846346994 
0.000722026076359 0.00146049803304 0.00160182666412 -0.000115097415071 0.00200979506604 -8.72876145819e-05 0.0152219537743 0.00320356581132 0.00240777055066 0.000290914559858 0.00163047112776 0.000880794313325 0.000597270395439 0.00278193586511 -0.000107519899527 0.00255003027336 0.00144179761449 0.00290647644631 0.00115179273832 0.00223410014119 0.00165605487682 0.00209932766587 0.000906605340589 0.004417731677 0.00147383217893 0.00215676084418 0.000342742183877 0.000503620254897 0.000424900600981 0.00193508068679 0.000154761813334 0.00206546198159 0.000965896900006 0.000320127258403 0.00220844900794 0.000636242247388 0.00218260411934 0.00100994369201 0.00126434835398 0.00170683834006 
0.00140294608274 0.00191558473134 0.00413817729637 5.43932517349e-05 0.000380219743106 0.00360270004164 0.00320356581132 0.0471592572811 0.00126133562628 -0.000405935881099 0.00120554608598 0.00225305528169 0.00140433311338 0.00154193355785 0.0014738397927 0.0025906359709 0.000193276717853 0.00231739606279 0.00622029193474 -0.00122501648171 -0.00121431871855 0.00222542881937 0.00135666004306 0.00237005065969 0.00104161628418 0.00270091567818 0.00126900424815 0.00138626395123 -0.00131441863688 0.00110618539608 -0.000179183873806 0.000854712795578 0.00113951914055 0.000371088697425 -0.000302508264154 0.0029890571172 0.00706906140615 0.000918123534688 0.00303812258383 0.00241120522924 
0.0014559748151 0.00178302643343 0.00248061835097 0.00402603460579 0.00191687679782 0.00366266149958 0.00240777055066 0.00126133562628 0.0149030648929 -0.000556565351119 -0.00126276166424 0.00237888553198 0.00126658347453 0.00406106748374 0.000624638499965 0.0025879891253 0.00264116665582 0.00256485432972 0.000734959278843 0.00211097028304 0.00196893362299 0.00129382368579 0.00278989844563 0.00340147442189 0.00129078756621 0.00600515012537 0.00154604838514 0.00152613021401 0.00153283425014 0.000528288841252 -0.000239070361878 0.000913786960837 0.00354536533682 -0.00060832839805 0.00240425294246 0.00215243186217 9.06770875905e-05 0.00301848040041 0.00324995282871 0.00180066766381 
1.63828402752e-05 0.000680925833132 -0.0023208326973 0.00252039012411 -0.000334552677076 0.000348741034714 0.000290914559858 -0.000405935881099 -0.000556565351119 0.118124117683 0.000340873633182 -0.00098184983213 -0.00246145077138 0.000290688595402 0.00101139123624 0.00134944535219 -0.000554473637956 0.00176666261503 -0.00105000013797 -0.00173979987828 -0.00240130981294 -0.00104661536408 0.00148744488331 -0.00135333739254 -0.000555678621099 0.000795337312035 -0.00181420674363 -0.000511451012611 -0.00170519045111 0.00118322441617 0.000884267160398 0.00103477595914 0.000353355078157 0.0148556650426 0.000173259665376 0.000562824148765 -0.00334332760431 0.00322107514696 0.000191612207444 -0.000769026860924 
0.00140909815997 0.00118243414071 0.00447613803971 0.000125508211649 -0.000376993698516 0.000407094710423 0.00163047112776 0.00120554608598 -0.00126276166424 0.000340873633182 0.0823052770846 0.00491164085599 0.00188650189101 -0.000624932783259 -0.000717048803682 0.00824385719249 0.000455992651871 0.00120124730119 0.00121155769786 -0.00114557354893 0.000286245003647 -0.000851260584473 0.00586128893194 0.000829644199485 0.00114510380603 -0.000225050111916 -0.000158449671796 -0.00106554151154 -0.000638198326783 0.00638163397465 0.0046094488369 0.00187535196437 -0.00207647390705 7.78114279204e-05 0.00244646178755 0.00532002732822 -9.97522148921e-05 0.00528091225811 -0.00107076458613 0.00160739129243 
0.00013472373819 0.0026589825816 0.00161326482853 0.00164214961284 0.00207672862504 0.0017136384376 0.000880794313325 0.00225305528169 0.00237888553198 -0.00098184983213 0.00491164085599 0.0178114724573 0.00145384689827 0.00257279358882 0.00178621305955 0.00184972367802 0.00157279847337 0.00324167807866 0.00251087738357 0.000711243557551 0.00183387843849 -0.000164156567162 0.00385255637844 0.00190360995823 0.00181869015507 0.00203881769278 0.00208063015879 0.00183911281694 0.00225752280509 0.00209991283005 -9.96381514615e-05 0.00232845977269 0.00445481868004 0.00213539078441 0.000389894014285 0.00264576425025 0.000114924925038 0.00254410301896 0.00149989672943 0.00213273293881 
0.00133880070267 0.00382165283106 0.00126527322822 0.00238686770627 7.15936772176e-06 0.0010384015074 0.000597270395439 0.00140433311338 0.00126658347453 -0.00246145077138 0.00188650189101 0.00145384689827 0.0209507557862 0.0011021543948 0.000544835339585 0.00101040517895 0.0020247934488 0.000476331820658 0.000275093513507 0.00114790886342 0.00130675632366 0.00147563726187 0.000533312823126 0.00170766511794 0.000534347249309 0.00178112900021 9.72122463307e-05 0.00276625556754 0.000254869317843 0.000904855200999 0.00212528417877 0.00120885997109 0.00248994588149 0.00080324793884 -0.00024325686361 4.14168383861e-05 -0.000818321969914 -6.76881388017e-05 0.00100814506839 0.000457715702942 
0.000959180344556 0.00173782428238 0.00170951358145 0.0067128170452 0.00323944220829 0.000708119445221 0.00278193586511 0.00154193355785 0.00406106748374 0.000290688595402 -0.000624932783259 0.00257279358882 0.0011021543948 0.014835818907 0.000357852720049 0.000546293041361 0.000918747413608 0.00171711737353 0.00088101191774 0.00142064789505 0.00131306922589 0.00239272410888 0.00131200500494 -0.00014134316578 0.00107656932129 0.0010376416868 0.000733900831291 0.0019117097396 0.00497388676652 -0.000264491897046 0.00048132677739 0.00212123238851 0.00336688015698 0.000553392473373 0.00200010259971 0.000613857362749 0.00204041242402 0.00089171196 0.00246431204671 0.000416532340909 
0.0015579639498 -0.000176248726048 0.00276269087846 0.00101379915742 -6.33196575975e-05 0.0014248907762 -0.000107519899527 0.0014738397927 0.000624638499965 0.00101139123624 -0.000717048803683 0.00178621305955 0.000544835339585 0.000357852720049 0.031693226727 -0.000877925477032 0.00172233574068 2.95530849572e-05 -0.000728307739588 0.00356003339955 0.00065534385731 -0.000573448504206 0.00542137233563 0.00115429949005 0.000734805161443 -0.00244610591463 6.78841759366e-06 -0.000552657134996 0.000652998012518 0.0030974134243 0.00025283915848 0.00235144324333 0.000449432675154 0.00443186756613 0.0010021622921 -0.000609706579001 -0.00120406998399 0.000544392220689 0.00170371168067 0.000497536374583 
0.0030930841083 0.00442949512523 0.00208378795948 0.0026764920502 0.000550534580894 0.0016837039397 0.00255003027336 0.0025906359709 0.0025879891253 0.00134944535219 0.00824385719249 0.00184972367802 0.00101040517895 0.000546293041361 -0.000877925477032 0.0508959012486 0.00133861212839 0.00270493128345 0.00228548651168 -0.000174785127752 0.000382962937634 -0.00151110766916 0.00391916940809 0.00062198013069 0.00329349846027 0.00292222616312 0.000900253632676 0.00156079706535 0.00269172483946 0.0025885949805 -0.00101775252849 0.000717826014765 -0.000327241257254 -0.00120627293562 0.000662409181868 0.00384124690622 -0.00136519707676 0.0037979679445 0.0017035545886 0.000807972031751 
-0.00117142091681 0.00212681637798 0.00135933559009 -0.000292418027907 -5.52198206981e-05 0.00344034429208 0.00144179761449 0.000193276717853 0.00264116665582 -0.000554473637956 0.000455992651871 0.00157279847337 0.0020247934488 0.000918747413608 0.00172233574068 0.00133861212839 0.0209778282396 0.0022655054757 0.00065291948611 0.00338746825731 0.000852027265347 0.00286454248096 0.000966969620921 0.00150653339111 -2.20536153898e-06 0.00330045131552 0.00140574919933 0.000299609955997 0.00251686516843 0.00157017533015 0.00208468198131 0.0013044870289 0.00102426380022 0.000758863890983 0.00114294324068 0.00183032157157 -0.00158251333984 0.00100266121337 0.000744954786934 0.00140352234419 
-0.000438611442087 0.000830965041322 0.00218571492217 -0.000188537078764 0.00174773055121 -9.78858436904e-05 0.00290647644631 0.00231739606279 0.00256485432972 0.00176666261503 0.00120124730119 0.00324167807866 0.000476331820658 0.00171711737353 2.95530849571e-05 0.00270493128345 0.0022655054757 0.0141558586528 0.00206743007959 0.000368289789806 0.00160199888793 0.00182094161015 0.00342204811326 0.00300959727843 0.00148567708804 0.00290238439813 0.00132590347662 0.00150731614817 0.00142368153779 0.00322984762939 0.000664523593867 0.00221073278381 0.00176762000004 6.14603030409e-05 0.00195033270021 0.000321895177235 -0.000358171579553 0.00321798607071 0.00372048464072 0.00302709242765 
