60
0.0759168136047 -0.00662659235152 0.10431458653 0.0136100125143 0.0475630895173 0.0146303634135 0.0665048210348 0.0181340887913 0.0541634245192 0.0415097954764 0.12825177486 0.0121413644826 0.099400173405 0.143828325424 0.0573021249509 0.0649972461493 0.0697795953642 0.105904751354 0.0998681056981 0.0833786368315 0.0368602928082 0.0962618702605 0.0566389432936 0.0585004976968 0.073470583658 0.0584521455196 0.0251356843311 0.0963264580192 0.13588321519 0.13190386478 0.0861150338972 0.135547989167 0.191301962015 0.0598638009539 0.0170913584406 -0.00305157485537 0.070995024039 0.00477989818121 0.0798623823862 0.025637758891 0.0824662750087 0.0637387331612 0.0160420823192 0.0331605059077 0.0826231173305 0.0662185328213 0.103166553638 0.0825599502725 0.0800542827641 0.00108215816497 0.070293401022 0.0901624306535 0.0558285331973 0.103848753038 0.022553065058 0.0283464571838 0.171628318037 0.0498631258667 0.142251168296 0.0493961611292 
0.331176895979 0.015258795893 0.0243509298136 0.00581225456084 0.0152208951684 0.0149643300571 -0.00841756065752 0.0226215578667 -0.0110395934639 -0.00766888600193 -0.00670281383862 0.0366844753806 0.00634007428632 -0.0217840032026 0.0540515357252 0.0273688605051 -0.0013325165398 0.0362769286369 -0.0010149541241 -0.0126317368562 0.0204806202829 -0.0116424849408 -0.00674684129799 0.0292709929289 0.0159446807464 0.00242424509453 0.0173160666568 0.014566804349 0.0304731719375 -0.00491015429116 0.0140166489126 0.0185552200683 0.0219474261794 0.0157285041491 0.0183254100058 0.0205646852916 0.01016565167 -0.00642792755606 -0.00309878420371 0.00514858399299 0.019142762374 0.0259398960937 0.00780647319008 0.0160095204352 0.011140583763 0.0112160386603 -0.00816475065886 -0.0119542291848 -0.00258103394999 0.0138328865243 0.00442040884494 0.0218933628519 0.0401227680144 -0.00653620745547 0.00519102165441 0.044710483542 0.0322124821581 0.0120745861829 0.0173777648193 -0.000521279453567 
0.015258795893 0.15239307722 0.00779235970321 -0.00198069087321 0.00549373391632 0.0193914208649 0.00216032675885 0.0254448226122 -0.00234503043099 0.0217706573638 0.0228545256682 0.015987051594 0.00725971578189 -0.00618631562102 -0.00163848164971 0.00905906100569 0.055279287018 0.0182518071991 0.0100033668009 0.0214779528149 0.0110283294343 0.0342034155676 0.00270082015759 -0.00270840123287 0.0170533593323 0.0234496710991 0.0113179981819 0.00649326369638 0.0210879512393 -0.0139835621957 0.0115784344089 0.00461715292602 0.0347261412735 0.0291918400606 0.00573924224819 0.0189730268932 0.0213635833818 0.00998234091701 0.048142313957 -0.00402356578317 0.0294128273623 0.0244657049345 0.027849800006 0.0349648025659 0.00611548413547 0.013936534357 0.00155202379121 0.00185670899767 0.00195382950358 -0.00191002444383 -0.00385942992035 0.00770078471997 0.022821761852 0.00441030500465 0.012917413774 0.0175624901008 0.0244986311261 0.0135334585932 0.00821788847799 0.00755874326335 
0.0243509298136 0.00779235970321 0.551864706391 0.00553204818374 0.0179194351356 -0.00395029656535 0.0206043969832 0.032805186049 0.00510147505502 -0.00629094617724 -0.0385593543341 -0.0123435289327 0.0344123783138 0.00916056390067 0.0232489460875 0.0685391994851 0.0212846203536 0.018666533496 0.0261146970747 0.0191729864171 -0.0012442018246 0.0432639362395 0.0096897874427 -0.000123693944962 0.0222379872052 0.00836079507729 0.0228647055727 0.00635297123473 0.0881832857151 0.0307979700428 0.0474832817821 0.0450860388138 0.0133426970621 0.0180556206724 0.0266389549716 0.000694263924713 0.00194305098808 -0.000321940006564 -0.0047886159838 0.0413802249314 0.00880564301899 0.016639747825 0.017964911701 0.00343846137446 0.0167952599622 0.0528963912081 0.0308513573514 0.021814941045 0.0384840631002 -0.00653038758218 0.0231643348018 0.0491324185028 0.0333955114704 0.00591344881206 0.0106912248433 0.00699904143741 0.0614860594867 0.0338024427385 0.00669519834181 0.00272601146489 
0.00581225456084 -0.00198069087321 0.00553204818374 0.135446066547 0.0113754407945 0.00833763416351 -0.00128156633213 4.93869238492e-05 0.0196789582125 -0.0108847062789 0.00323398820771 0.0050155140255 0.0141576847674 -0.00592659245558 -0.00779914002626 0.00477240272666 0.0154714230948 0.0145653784062 0.0119622891834 0.000650833957656 0.011037288514 0.00368740238646 0.0153165949475 0.0099479412731 -0.00285011810303 0.0173178930163 0.0166010982791 0.000586125437275 -0.0061753226089 -0.0132790239886 0.0059133434617 0.00633101788564 -0.00403360030529 0.00334096163426 -0.000593322639045 0.0149029505333 0.00638343457485 0.0113883014313 -0.00836643236161 0.0235838625843 0.00296442009815 -0.00854504878636 0.000125233189972 0.00794453509434 -0.000809713511435 0.0274196054269 -0.00580813438174 0.0139005313059 0.00232270662327 0.00625688715205 -0.00689144519519 0.00384747243721 0.00761797878941 -0.00731683951142 0.013087057087 0.0145399769602 0.00933221725734 0.0202875381734 0.0772093068045 0.0058176948578 
0.0152208951684 0.00549373391632 0.0179194351356 0.0113754407945 0.29741723233 -0.0031429524258 -0.00124346576979 0.0178975276896 0.0113026728874 0.0338672749648 -0.0311189723615 0.00992021503944 0.0233890125905 0.0122796354022 0.0139143748708 -0.00104585718229 0.0497500502612 0.0195267696265 -0.00248380095978 0.0149217418766 0.00722733999494 -0.00976350357913 -0.0194777654579 0.0199670038871 -0.00893908673645 0.0169671147953 0.00694708997444 -0.0215032628822 0.00181984998461 0.0164695553145 0.0164311496422 -0.00100929614598 -0.0100712891449 -0.0107924361397 0.021875687748 0.0174966700598 0.00672533301099 -0.00974626865909 0.040698841954 -0.0166331926245 0.0283872071621 -0.00188950413749 -0.00283008500335 0.0103005732167 0.00250700281269 -0.013876093817 0.0170591049462 -0.00474352759392 0.0126950455118 -0.004576584386 -0.0102407944263 0.0326747118132 0.0298049805598 0.00563434765279 -0.00646469242171 0.00602960547567 -0.0148288347765 0.00910144990569 -0.000802416571939 0.00437024096134 
0.0149643300571 0.0193914208649 -0.00395029656535 0.00833763416351 -0.0031429524258 0.148985270433 0.0108142552852 0.0138127772755 0.0123825942478 -0.00542476033598 0.00968151903679 0.0191665171553 -0.00514538984489 0.0225264138396 0.00149060150306 0.00682327904092 0.012198804849 0.0120069829474 -0.000707347491392 0.0126492549492 0.0184422185447 0.00401507786402 -0.00110861139435 0.0082544415305 0.0238764650832 0.024396973192 0.0153555883531 0.0234490157501 -0.0124500231665 -0.0168521703227 0.0196552686639 0.0102403032225 0.0176425647318 -0.00366167355615 0.00350098503209 0.00300195466891 0.0058565002048 -0.0008310972856 0.0128179363567 0.0105349336711 -0.00343127494146 0.00103472292288 0.00280824066202 0.00477592141926 0.0183597864201 0.0207100449716 0.00779004261687 0.0173662999266 0.0020451049018 0.0176302749632 0.0110279010283 -0.00695943241864 0.0200025845923 0.0186634593861 0.0198592059102 0.0260668223019 0.016986534235 -0.0102248759988 0.0117432209618 -0.0126446385601 
-0.00841756065752 0.00216032675885 0.0206043969832 -0.00128156633213 -0.00124346576979 0.0108142552852 0.218682959943 0.0137663011545 0.0490123006197 0.0122832607477 0.0251652687258 0.0258985284222 0.0145367649629 0.0359612862432 0.0142122778667 -0.00149884374491 -0.00325553381979 0.00150534073468 0.0250292135549 0.039794058827 -0.000203950691118 0.0361443117907 0.0193634916133 0.00244868256894 0.00873944849574 -0.00305287249351 0.0255289867529 0.0325697540704 -0.00254259736094 0.00595031846237 0.0187288460331 0.0034745776162 0.0107231572153 0.035764651855 0.0274586703616 -0.0116136124415 0.00973342823157 0.0304852762056 -0.0207414981995 0.0245138004885 -0.00963261533142 0.00214278251073 0.0440900467295 0.0108415216223 0.0103925470522 0.0141687713384 0.0170563704819 0.0396900531963 0.0149676799183 0.0135736783142 0.00609709903631 0.0330178941309 0.0524959251381 -0.0198964914939 0.0453309509051 0.00841709435183 0.020240119081 0.0562951519923 0.0156833514594 0.00960352412544 
0.0226215578667 0.0254448226122 0.032805186049 4.9386923849e-05 0.0178975276896 0.0138127772755 0.0137663011545 0.256309102709 0.00587717123355 0.0245527151592 0.00165915262843 0.00669185339736 0.0237271048985 -0.00526463286876 0.0168722475152 0.0006774871132 0.100243716907 0.00565019628644 -0.00229756960268 0.0200245385676 -0.00948601988691 0.0134942664359 0.0337779362743 0.014602186212 0.0190162152666 -0.0100271367918 0.00279652764283 -0.00219544130155 0.0432873196336 0.0174599564719 0.0126254666152 0.00404156593034 0.0542367267176 0.0420880152842 0.0327123492707 0.0258241781251 0.0571539902716 0.0181745935041 0.0252785326547 0.00791184035891 0.00400409024973 0.0186470573179 0.0250041669186 0.00843879389819 0.0237023872177 0.00578531992853 0.0053447064591 0.0334718814421 0.0013381531963 -0.000399014062381 -0.0220002403499 0.0128471046432 0.0196818454202 0.00598889591331 0.018648193401 0.00252196248659 0.0260761455472 0.00571425878254 0.0416043911218 0.036448320315 
-0.0110395934639 -0.00234503043099 0.00510147505502 0.0196789582125 0.0113026728874 0.0123825942478 0.0490123006197 0.00587717123355 0.300447479948 -0.021647015473 -0.0035751663797 0.0013974862847 0.0105997153344 0.00321162283552 -0.00305530813853 0.0113700091617 -0.00954636533043 0.0108229211594 0.0284014786827 0.010802815217 0.00158449951728 0.0162485411757 -0.000919773255116 -0.0269788365424 -0.00478555341504 0.0191629008953 0.0106980918839 0.0264264600151 -0.0133915500223 -0.0129415903799 -0.00881244534055 0.030380537751 0.011542481473 0.0224369337732 0.00123547547683 0.000405317121571 -0.00767607561035 0.00435876681965 -0.0186958221182 0.0292541729997 -0.00704805354073 -0.0140014140515 0.0312446299196 0.00564782531893 0.0129666915686 0.015795181338 0.0300477713234 -0.00227322171703 0.0184849984773 -0.0106406113481 0.000213357535898 0.0244544431583 0.0307830981316 0.0084340284226 0.00353873354948 0.00548549763388 0.00875328226123 0.024973052804 0.0510494841236 0.0102791813048 
-0.00766888600193 0.0217706573638 -0.00629094617724 -0.0108847062789 0.0338672749648 -0.00542476033598 0.0122832607477 0.0245527151592 -0.021647015473 0.378570242916 0.0687284503873 -0.00939987515906 0.0163719401662 -0.013152063725 0.00797655232782 -0.028247991269 0.0278036372251 -0.0089942450343 0.0249062726252 0.0134544833346 0.00787389358471 0.0477787623113 0.00651772211812 0.0334180549934 0.0924235983431 0.0069967779027 0.0109253187284 0.00284718556412 -0.0329148282853 -0.0118853859825 0.0178239208294 0.0136222797061 0.0560724601073 0.0218660827758 0.0168573992641 -0.0150917016346 0.0225067550374 0.0097236183564 0.124480335456 -0.00509959164924 0.147110644015 0.160642793607 0.0248032055277 0.0204096707187 0.00250952173955 0.0250379216432 -0.00939944740622 -0.00841415203557 0.00360967074995 0.0228368720033 0.027843275133 0.00579985459336 -0.0293375597142 0.00764938449082 -0.01446354973 0.0122454238202 0.0124834885511 0.0429890714896 -0.0241617910322 -0.00964976169856 
-0.00670281383862 0.0228545256682 -0.0385593543341 0.00323398820771 -0.0311189723615 0.00968151903679 0.0251652687258 0.00165915262843 -0.0035751663797 0.0687284503873 0.507914025412 -0.00537823755005 0.010566090479 0.0076299909 0.0164917329948 -0.0101892998614 0.0039279937814 0.0137041794519 -0.0138331530017 0.0224285632725 -0.0206979852646 0.0124829194327 -0.0111105390748 0.00499889322887 0.16290195152 0.00630796761818 0.0200561643985 0.00817506276209 -0.0216284883593 -0.00912856035233 -0.0252181478246 -0.00538325656003 0.0348777132379 0.00905814086484 0.0120974802351 0.00419139781396 -0.0121684690741 0.0053249612931 0.0513689245158 0.0401340372566 0.0625979005366 0.0610135261876 0.0139873478541 0.0331599562575 0.00607196941266 -0.00212242236859 -0.0205024476035 -0.011262083424 0.0142365423729 0.0102650258408 0.0115326731311 0.0081946191038 -0.00929944626649 0.00463009174908 0.00243915194811 0.00287356988576 0.0146950261973 0.0132822336868 -0.00130542205053 0.0207643965415 
0.0366844753806 0.015987051594 -0.0123435289327 0.0050155140255 0.00992021503944 0.0191665171553 0.0258985284222 0.00669185339736 0.0013974862847 -0.00939987515906 -0.00537823755005 0.227065577878 0.00576134588697 0.0158432486433 -0.0109575830564 0.0272268640439 0.00395238760406 0.0584230528179 0.0211843757115 -0.00767281397575 0.00285789956868 0.0269281452814 0.00685498643581 -0.00168269889791 0.0153575768706 0.000512823514961 0.0111420295333 0.0114051466966 0.0233730617875 -0.0166535317765 -0.00639615830983 -0.0125842794044 0.0105207913283 0.0101970771515 0.0142653017057 0.0132543488098 0.0113913257422 0.0171009431812 0.0173867419698 -0.0064183434471 0.0235601686729 -0.0128308558024 0.0159145557331 0.0195343015594 0.0160655560327 0.0672637744552 -0.00695234944194 0.0039522105411 -0.00486009115421 0.0154815367555 1.04353265041e-05 -0.00255009843765 0.0247658643517 -0.00812880352177 0.00344163187254 0.00672269368584 0.00714141260906 -0.000674533442443 0.000941691821649 0.100412723588 
0.00634007428632 0.00725971578189 0.0344123783138 0.0141576847674 0.0233890125905 -0.00514538984489 0.0145367649629 0.0237271048985 0.0105997153344 0.0163719401662 0.010566090479 0.00576134588697 0.325899000738 0.0282299300615 0.015341045661 0.0120662130593 0.00639492942961 0.0051912814002 9.63936056807e-05 0.0128372828383 0.014627269361 0.0358128161974 0.0118344619065 0.0593087931675 0.0464850290172 0.00302740823393 0.00926935818441 0.0572514694754 0.0254699680519 -0.0190991025531 0.0605162751396 0.0250501801105 0.0121700440526 0.00627037389227 0.00603802048612 0.039276387694 0.0179068062866 0.0166410661329 0.0398931957965 0.0118584179656 0.0336104032055 -0.0097420024308 0.0159341223822 0.00854305020173 0.0153922098363 0.0346748664375 0.0113332502746 0.0159235104354 0.0383938234033 0.0195361774855 -0.00238072056106 0.066912610629 0.0864600074078 0.0210199666868 0.025092360119 0.021820402218 0.019999305741 0.0455807669999 0.0291043879825 0.0279355173642 
-0.0217840032026 -0.00618631562102 0.00916056390067 -0.00592659245558 0.0122796354022 0.0225264138396 0.0359612862432 -0.00526463286876 0.00321162283552 -0.013152063725 0.0076299909 0.0158432486433 0.0282299300615 0.585306795819 0.064079120124 -0.00459048819765 -0.0178837018351 -0.00621852830516 0.0243004853474 0.0180437047419 0.00902138315034 0.0176530475385 -0.00816033027289 0.0355634584807 0.00325458217471 0.014252782848 -0.0123440117581 0.0398247951069 0.0107720849733 -0.0198278915655 0.0166914987032 0.0299013679346 -0.00331102765613 0.018206439806 0.01178361695 0.0691793961968 -0.011284231532 -0.00476826238616 -0.0148761968444 0.00169205536723 -0.00883293806292 0.00780108622208 0.0125178227419 -0.0243592640978 -0.00625929475124 0.0204873515826 0.0212427250211 0.0312920950746 0.00850916897421 0.000333495093227 0.00260446081527 0.0515620005774 0.0567035361078 0.0195899003626 0.0252687089365 0.0133362643197 0.0178267895634 -0.00201000227489 0.0156546630536 0.00424227205467 
0.0540515357252 -0.00163848164971 0.0232489460875 -0.00779914002626 0.0139143748708 0.00149060150306 0.0142122778667 0.0168722475152 -0.00305530813853 0.00797655232782 0.0164917329948 -0.0109575830564 0.015341045661 0.064079120124 0.304241598211 0.0174790707863 0.045309857083 0.0689731769086 0.00273025529926 0.0160184511849 0.000929985508895 0.00331520356971 0.0218841471119 0.0132930916585 -0.00669907212373 0.0237933606023 0.0269419906247 0.0334342281863 0.00552541127837 0.0169864372686 0.0147217048772 0.00266061097584 0.00156833693493 0.0219624119734 0.013767502635 0.0423487806928 0.0202791623003 0.00926023026985 0.0254338956947 0.0167292410917 0.018837127222 -0.00602889680812 0.0225072125737 -2.3680204757e-05 0.0249569910153 -0.00147378965471 0.00454071607384 -0.00509251718792 0.0164328545725 0.0173662615877 0.0144843351315 0.021902666732 0.0390906612652 0.0113168183895 0.00303488105651 0.0113710432332 0.00636208797939 0.0193419759311 0.0340716242411 0.0120540087282 
0.0273688605051 0.00905906100569 0.0685391994851 0.00477240272666 -0.00104585718229 0.00682327904092 -0.00149884374491 0.0006774871132 0.0113700091617 -0.028247991269 -0.0101892998614 0.0272268640439 0.0120662130593 -0.00459048819765 0.0174790707863 0.261987133693 0.015972484441 -0.0024275053293 0.0331664578867 0.0327280901981 0.0131377628484 0.00768123980485 0.0144298143256 0.0116597579745 0.0236065819569 0.0157261606028 0.00255967196907 0.0229862417342 0.023802861328 0.00303934636409 0.0210256862081 0.0379892998984 0.0217558880268 0.0199222926798 0.000853350365835 0.0134049268739 0.0129496626305 -0.000598857408815 0.00505914741886 0.0260029802771 -0.000271495335393 0.00967739755794 0.0180202750169 0.0269825157024 0.0190642533278 0.0523977279431 0.00045132407105 -0.0121602682464 0.0248857161294 0.00752427072117 0.0380324553246 0.0131001022276 0.0115442506526 -0.020224727797 0.0324641146993 0.0342839988516 -0.00295494781371 0.0111173162986 0.0133077085759 0.0243198620318 
-0.0013325165398 0.055279287018 0.0212846203536 0.0154714230948 0.0497500502612 0.012198804849 -0.00325553381979 0.100243716907 -0.00954636533043 0.0278036372251 0.0039279937814 0.00395238760406 0.00639492942961 -0.0178837018351 0.045309857083 0.015972484441 0.457673869235 0.0314437934428 0.0445358832103 -0.00493046592726 0.0147157919246 0.0400106579131 0.0098511468384 0.0266635116934 -0.00659286315412 0.0354946452445 0.00622456549592 -0.0122695513519 0.00183935990293 -0.029487624978 0.00981098949235 0.00609400952201 0.00882766398714 0.036196941452 -6.87269599825e-06 0.02260764127 0.0209344266235 0.0135631792228 0.0349633322927 0.00627872861982 0.0370595714368 0.0381162998744 0.0197810569869 0.0435223923154 0.000555492878678 0.00808934953509 -0.00875549920393 0.00406530962994 0.0210105698089 0.0104297983974 0.00479480792088 0.00217252801789 -0.0134144383372 0.0183197175726 0.003422489534 -0.00291521535049 -0.00653677193471 0.00140302934995 0.0219289389896 0.0151965655643 
0.0362769286369 0.0182518071991 0.018666533496 0.0145653784062 0.0195267696265 0.0120069829474 0.00150534073468 0.00565019628644 0.0108229211594 -0.0089942450343 0.0137041794519 0.0584230528179 0.0051912814002 -0.00621852830516 0.0689731769086 -0.0024275053293 0.0314437934428 0.405092379647 0.0254426088253 0.0121560985585 0.00470317285471 0.0103759691132 0.00698120298544 0.0251320265059 0.0056041317972 0.0280556785257 0.0333219941198 0.0128497569437 0.015410784686 -0.0268490349425 0.0218757802656 0.00906459298572 0.0316979598114 0.0127235995705 0.0211812004859 0.0194820328555 0.0284330752297 0.00888137059466 0.013574144031 0.0376728382134 0.00963957856577 0.0153960194847 0.029351195254 0.00698439835658 0.0236965605144 0.0470518168929 -0.000670773531446 0.000572674631416 0.0010665536441 -0.00921515757671 0.0358333008739 0.00953048310177 0.0079332411078 0.0227023064053 0.0223172807318 0.00900057227999 0.004181274898 0.0334965439578 -0.00220321324593 -0.0136160204089 
-0.0010149541241 0.0100033668009 0.0261146970747 0.0119622891834 -0.00248380095978 -0.000707347491392 0.0250292135549 -0.00229756960268 0.0284014786827 0.0249062726252 -0.0138331530017 0.0211843757115 9.63936056806e-05 0.0243004853474 0.00273025529926 0.0331664578867 0.0445358832103 0.0254426088253 0.370312742068 0.0305600296647 0.0100178062255 0.0404770998989 0.0184870224384 0.0708344869204 0.0322272449393 0.0206148831532 0.0210236365513 0.0243482089887 -0.0325510009579 0.0635498320548 0.0359113026284 0.100757560368 0.088128935971 0.0401191219636 0.0163204439467 0.0149822666141 -0.00721552606879 0.0113629657096 -0.0286365571852 0.00284643673516 0.00997493886564 0.00191932989238 0.0277976029664 0.0189242956628 0.0102919791406 0.0281708236679 0.0412466285846 0.0338446283691 0.0690719917495 0.0254955462188 0.0130833051994 0.0190273677995 -0.0026127507984 0.0250444143139 0.0119983976092 0.00302427252959 0.0252391261056 -0.00200866538519 0.00859826300895 0.0433530120619 
-0.0126317368562 0.0214779528149 0.0191729864171 0.000650833957656 0.0149217418766 0.0126492549492 0.039794058827 0.0200245385676 0.010802815217 0.0134544833346 0.0224285632725 -0.00767281397575 0.0128372828383 0.0180437047419 0.0160184511849 0.0327280901981 -0.00493046592726 0.0121560985585 0.0305600296647 0.369140163519 -0.00448731955357 0.034522764422 -0.00286685410446 0.0270233725134 0.0024303705664 -0.00122180435089 0.0104893079481 0.0120747547285 0.0112711878511 -0.00246153133968 0.0190847545645 -0.00489781799138 0.0698100539561 0.0225984420709 0.0140133926159 0.0383702394723 -0.00132051877258 0.0144730650069 0.00376673175294 0.000825143577791 0.00597218031447 0.0127641177189 0.011855898938 0.0181121366428 0.0146553191767 0.0254650709978 0.0437819621425 0.0410320104232 0.00570882558109 0.0105790556819 0.0263320241375 0.0130689562454 0.0405816209531 0.00537268054613 0.0108484995938 0.0058969514226 0.0149936052938 0.016867839216 -0.0147740179801 0.00564202889028 
0.0204806202829 0.0110283294343 -0.00124420182461 0.011037288514 0.00722733999494 0.0184422185447 -0.000203950691118 -0.00948601988691 0.00158449951728 0.00787389358471 -0.0206979852646 0.00285789956868 0.014627269361 0.00902138315034 0.000929985508895 0.0131377628484 0.0147157919246 0.00470317285471 0.0100178062255 -0.00448731955357 0.330421238982 0.0109394970784 -0.00858851717065 0.0256641209559 -0.00402869157637 -0.0104759042718 -0.00269932535631 0.00495826446058 -0.00444947267722 -0.00483246579746 0.0206035771276 0.0177162518049 0.0218876547915 -0.00195845374378 0.00945853224651 -0.00218195086338 0.0116533580763 -0.00700723620179 -0.00584835680863 0.00236196194859 0.0111491279787 0.0225302872794 -0.0141286614962 0.00303842449745 0.00412449564606 -0.0137329303793 0.00447594432494 0.0165857594399 0.0111967143069 0.0189735725387 0.0135892648224 0.0216245570864 -0.00215094021222 0.0077470913511 0.00530981137922 0.00712074742793 -0.00411311961288 7.55072057795e-06 0.0165995862779 -0.00765567777495 
-0.0116424849408 0.0342034155676 0.0432639362395 0.00368740238646 -0.00976350357913 0.00401507786402 0.0361443117907 0.0134942664359 0.0162485411757 0.0477787623113 0.0124829194327 0.0269281452814 0.0358128161974 0.0176530475385 0.00331520356971 0.00768123980485 0.0400106579131 0.0103759691132 0.0404770998989 0.034522764422 0.0109394970784 0.374434520106 0.0177744680854 -0.0046728816458 0.0267707653787 -0.0119211715073 -0.0132903160621 0.0315933284922 -0.00682945561577 -0.0290661676454 0.00621988220498 0.0358075616983 0.0703535939095 0.0192807201085 0.010001885444 0.0108784126325 0.0231694970898 -0.000291513016278 0.0105643946392 0.00518303519916 0.0418058123634 0.0471257082444 0.0122078178549 0.0259147456066 0.00113092002492 -0.00413380802103 0.0213844087557 0.00639190323974 0.00897498265311 0.017069058875 0.00534904770678 -0.000782605937594 0.0483357067544 0.0125703032728 -0.0111100948803 0.0126527993213 0.0313304958209 0.0154285496947 0.0454994108488 0.00701547345747 
-0.00674684129799 0.00270082015759 0.0096897874427 0.0153165949475 -0.0194777654579 -0.00110861139435 0.0193634916133 0.0337779362743 -0.000919773255116 0.00651772211812 -0.0111105390748 0.00685498643581 0.0118344619065 -0.00816033027289 0.0218841471119 0.0144298143256 0.0098511468384 0.00698120298544 0.0184870224384 -0.00286685410446 -0.00858851717065 0.0177744680854 0.201517562629 -0.00877596077013 0.0129148061025 0.0036601257895 0.0030504601691 -0.0151808156712 0.0199714072422 0.000565268748336 3.65280746592e-05 -0.00996922855568 0.00107155780534 0.00955849480777 -0.00312566822573 -0.0177768204624 0.00670775195395 0.0134434703866 -0.0031045376758 0.0147937580294 0.0130344691608 0.00551601791632 -0.00134468474849 0.00480312427298 0.00295666501248 -0.00749207357333 0.00511414723773 -0.00934301233109 0.00344569282209 0.0221131728782 0.0106939484287 0.0083213637398 0.00927464821064 0.0119073017136 0.00779379574592 0.0121242074404 0.000917912005565 0.00310659659513 -0.00924863217673 -0.00273810216914 
0.0292709929289 -0.00270840123287 -0.000123693944962 0.0099479412731 0.0199670038871 0.0082544415305 0.00244868256894 0.014602186212 -0.0269788365424 0.0334180549934 0.00499889322887 -0.0016826988979 0.0593087931675 0.0355634584807 0.0132930916585 0.0116597579745 0.0266635116934 0.0251320265059 0.0708344869204 0.0270233725134 0.0256641209559 -0.0046728816458 -0.00877596077013 0.319757445465 0.017600190941 0.0216024693039 0.00534975102002 0.0336088086138 -0.0236729883212 -0.0162670108406 0.0171492743587 0.0681019319796 0.0784247650456 0.0369536892186 -0.00571664768618 0.0486974055284 -0.00699043902998 0.0255964514561 0.00314839665634 0.00203831358949 0.011053244081 -0.00225281391394 0.018486271255 -0.0051254742739 0.00891270815189 0.0270993434709 0.0401885663522 0.00867414702363 0.0154955509021 0.00937241936467 0.0343573198005 0.00020956950891 0.0193694505743 0.0189250356762 0.0391059552047 0.0247733642077 -0.0125292905758 0.029425404812 0.016958891271 -0.0186289004775 
0.0159446807464 0.0170533593323 0.0222379872052 -0.00285011810303 -0.00893908673645 0.0238764650832 0.00873944849574 0.0190162152666 -0.00478555341504 0.0924235983431 0.16290195152 0.0153575768706 0.0464850290172 0.00325458217471 -0.00669907212373 0.0236065819569 -0.00659286315412 0.0056041317972 0.0322272449393 0.0024303705664 -0.00402869157637 0.0267707653787 0.0129148061025 0.017600190941 0.401793021896 0.0268673690888 0.00705068238026 0.0201083150589 0.0551850076791 -0.0110409611188 0.011140309279 -0.00556917505238 0.0237339617806 0.0148526520647 0.0203373592759 0.00362226246562 0.0259176689693 0.0102234758399 0.0719519809173 0.0457674436114 0.100048675301 0.0464890929264 0.0320881455872 0.0371531835834 0.013541164932 0.0341583611334 0.035402679383 0.0269446404218 -0.00698314554347 0.0368061826384 0.0405026788107 0.00832057652004 -0.00232054146538 -0.00295597366349 0.0335208848753 0.0203122316824 0.0787007247633 0.0285633342313 0.0141113454615 0.0374529173818 
0.00242424509453 0.0234496710991 0.00836079507729 0.0173178930163 0.0169671147953 0.024396973192 -0.00305287249351 -0.0100271367918 0.0191629008953 0.0069967779027 0.00630796761818 0.000512823514961 0.00302740823393 0.014252782848 0.0237933606023 0.0157261606028 0.0354946452445 0.0280556785257 0.0206148831532 -0.00122180435089 -0.0104759042718 -0.0119211715073 0.0036601257895 0.0216024693039 0.0268673690888 0.327159797173 0.00846522776747 0.0267147978805 0.00157065374414 -0.00840749438983 0.0294378026495 0.0270338863925 0.0264724113814 0.030245059764 0.0114030691281 0.0154463085018 0.0224036148763 0.0243660248726 0.0457295471644 0.0210966193148 0.0195410748588 0.00269500807537 0.00887189040673 0.00691683071704 0.0154561385387 0.000659903152021 -0.0131403058783 0.0139746481288 0.0247725555728 0.0279361451934 0.0106015136356 0.00136952851135 0.0198806286191 0.0115457713156 0.0121916134396 0.0163913950332 0.0266699968783 -0.00159450649834 0.0070352063205 -0.00842892980005 
0.0173160666568 0.0113179981819 0.0228647055727 0.0166010982791 0.00694708997444 0.0153555883531 0.0255289867529 0.00279652764283 0.0106980918839 0.0109253187284 0.0200561643985 0.0111420295333 0.00926935818441 -0.0123440117581 0.0269419906247 0.00255967196907 0.00622456549592 0.0333219941198 0.0210236365513 0.0104893079481 -0.00269932535631 -0.0132903160621 0.0030504601691 0.00534975102002 0.00705068238026 0.00846522776747 0.114546074237 0.0151225457243 -0.00110799352542 -0.0135011586615 0.0181795544633 0.0126227306722 0.00792895280713 0.0211558186395 0.0305054601316 0.00312154349352 0.0117278470629 0.0194542724058 -0.00376866858718 0.0176260975691 -0.00613716327783 -0.00960964141162 0.03592808235 0.0125650022471 0.0107273069447 0.0127873852594 0.00296294556092 -0.000873283452326 0.0145862014258 0.0208144811709 0.0155068064899 0.00886077054853 0.0210150126215 -0.0118872299451 0.0250510620325 0.0176517444976 -0.00518395456342 0.0182484072161 0.0146567659993 -0.00687125956789 
0.014566804349 0.00649326369638 0.00635297123473 0.000586125437275 -0.0215032628822 0.0234490157501 0.0325697540704 -0.00219544130155 0.0264264600151 0.00284718556412 0.00817506276209 0.0114051466966 0.0572514694754 0.0398247951069 0.0334342281863 0.0229862417342 -0.0122695513519 0.0128497569437 0.0243482089887 0.0120747547285 0.00495826446058 0.0315933284922 -0.0151808156712 0.0336088086138 0.0201083150589 0.0267147978805 0.0151225457243 0.453948429648 0.016401594813 -0.00958192708327 0.0231324967005 0.031417421611 0.0362185739637 0.0315009851373 0.02557382588 0.00396823862365 0.00818100304506 0.017467398266 0.00478660490084 0.00436365352612 0.00927753543867 0.0199849882879 0.0253924845952 -0.0014001418103 0.0187568500083 0.0252139308181 0.019685773672 0.011224953865 0.0126645477995 0.0213654819632 0.0472873889363 0.0106921969652 0.0433863799314 0.00955569157621 0.0296752321275 0.0294758837122 0.0280339240607 0.016392358515 0.00594895209711 -0.015669362154 
0.0304731719375 0.0210879512393 0.0881832857151 -0.00617532260891 0.00181984998461 -0.0124500231665 -0.00254259736094 0.0432873196336 -0.0133915500223 -0.0329148282853 -0.0216284883593 0.0233730617875 0.0254699680519 0.0107720849733 0.00552541127837 0.023802861328 0.00183935990293 0.015410784686 -0.0325510009579 0.0112711878511 -0.00444947267722 -0.00682945561577 0.0199714072422 -0.0236729883212 0.0551850076791 0.00157065374414 -0.00110799352542 0.016401594813 1.15138463478 0.172621509346 0.0464133982564 0.0285634489358 0.0226460077703 0.00564847020764 0.0172246704264 0.00861358335699 -0.00862082210896 -0.0281269727427 -0.00131372128483 -0.000962914488274 -0.0131593917292 -0.0184358874959 0.0120811873696 0.00775807629086 0.0223697277995 0.0153720181464 0.0574927229925 -0.00384076517388 0.0207121714518 0.00453896136011 0.0218760736926 0.289778873741 0.0417975935768 0.00977080077933 -0.0204448362585 -0.0154576188362 0.0217041089542 0.016260928609 0.00753270287988 -0.0187683108133 
-0.00491015429116 -0.0139835621957 0.0307979700428 -0.0132790239886 0.0164695553145 -0.0168521703227 0.00595031846237 0.0174599564719 -0.0129415903799 -0.0118853859825 -0.00912856035233 -0.0166535317765 -0.0190991025531 -0.0198278915655 0.0169864372686 0.00303934636409 -0.029487624978 -0.0268490349425 0.0635498320548 -0.00246153133968 -0.00483246579746 -0.0290661676454 0.000565268748336 -0.0162670108406 -0.0110409611188 -0.00840749438983 -0.0135011586615 -0.00958192708327 0.172621509346 1.04617150187 0.0368038225863 0.0175451793287 0.0153178640621 -0.0144915394645 0.0213240652163 -0.00997420759974 0.0040012953307 -0.012765184034 -0.0252693720113 -0.0153932138649 -0.0331171068116 -0.027374194526 -0.000502815719101 0.00364585458346 0.00182034664938 0.0545436633055 0.0202776484543 -0.0199731650849 -0.0117951552652 -0.00833398019764 -0.00140779039964 0.0642316921864 0.0120241299571 -0.0156979908659 -0.0303428127222 -0.00599771868812 -0.0174123227086 -0.0140437451161 -0.000640266172102 -0.0129524038029 
0.0140166489126 0.0115784344089 0.0474832817821 0.0059133434617 0.0164311496422 0.0196552686639 0.0187288460331 0.0126254666152 -0.00881244534055 0.0178239208294 -0.0252181478246 -0.00639615830983 0.0605162751396 0.0166914987032 0.0147217048772 0.0210256862081 0.00981098949235 0.0218757802656 0.0359113026284 0.0190847545645 0.0206035771276 0.00621988220498 3.65280746573e-05 0.0171492743587 0.011140309279 0.0294378026495 0.0181795544633 0.0231324967005 0.0464133982564 0.0368038225863 0.212374082735 0.0380194785881 0.0235685137355 0.00789320255144 0.0209095420498 -0.00370508833617 0.0150656986649 -0.00141828469914 0.00876280680718 0.0122757073169 -0.00347370154679 0.0261028121101 0.0111428909244 0.00663560704908 0.0149964811241 0.0113732711556 0.0177970802787 0.0149105456747 -0.00244504270752 -0.00170956813056 0.0133350060283 0.0322852086023 0.0522755998974 0.0125317974752 0.0334738678752 0.0176938604075 -0.0111886899124 0.013291241958 -0.00502621558699 0.000872486172726 
0.0185552200683 0.00461715292602 0.0450860388138 0.00633101788564 -0.00100929614598 0.0102403032225 0.0034745776162 0.00404156593034 0.030380537751 0.0136222797061 -0.00538325656003 -0.0125842794044 0.0250501801105 0.0299013679346 0.00266061097584 0.0379892998984 0.00609400952201 0.00906459298572 0.100757560368 -0.00489781799138 0.0177162518049 0.0358075616983 -0.00996922855568 0.0681019319796 -0.00556917505238 0.0270338863925 0.0126227306722 0.031417421611 0.0285634489358 0.0175451793287 0.0380194785881 0.46272639892 0.091389221485 -0.00964694634527 0.0036668934433 0.0214002086197 -0.0283134614513 -0.016458197166 -0.0313297335989 0.0414821473764 -0.00642095599864 0.00998485766088 0.00855578316183 0.000171824454165 -0.0148098418119 0.0240766428897 0.0202059621765 -0.00368780525709 0.00967176331342 -0.0150006733313 -0.00857451514886 0.0229916480671 -0.00793805103359 0.0100846744519 0.0161524897201 0.0209593280478 -0.0240190818016 -0.0038869191557 0.00119031988626 0.0137900412745 
0.0219474261794 0.0347261412735 0.0133426970621 -0.00403360030529 -0.0100712891449 0.0176425647318 0.0107231572153 0.0542367267176 0.011542481473 0.0560724601073 0.0348777132379 0.0105207913283 0.0121700440526 -0.00331102765613 0.00156833693493 0.0217558880268 0.00882766398714 0.0316979598114 0.088128935971 0.0698100539561 0.0218876547915 0.0703535939095 0.00107155780534 0.0784247650456 0.0237339617806 0.0264724113814 0.00792895280712 0.0362185739637 0.0226460077703 0.0153178640621 0.0235685137355 0.091389221485 0.405650400632 0.033337742032 0.025980500712 0.0106827845581 0.00390059315687 0.008848752787 0.0411135953593 0.00583797636091 0.00324952431729 0.0768368875993 0.0212000173718 0.00862958176169 0.00828970061052 0.0033053432307 -0.00334809468444 -0.00133156524556 0.0512906353488 -0.0245984882842 0.0174666148039 -0.0239775783504 -0.0111908724051 0.103893346885 0.0164468025044 0.00411341952782 0.0117855789475 0.0140814714933 0.0191983718957 0.016067398859 
0.0157285041491 0.0291918400606 0.0180556206724 0.00334096163426 -0.0107924361397 -0.00366167355615 0.035764651855 0.0420880152842 0.0224369337732 0.0218660827758 0.00905814086484 0.0101970771515 0.00627037389227 0.018206439806 0.0219624119734 0.0199222926798 0.036196941452 0.0127235995705 0.0401191219636 0.0225984420709 -0.00195845374378 0.0192807201085 0.00955849480777 0.0369536892186 0.0148526520647 0.030245059764 0.0211558186395 0.0315009851373 0.00564847020764 -0.0144915394645 0.00789320255144 -0.00964694634527 0.033337742032 0.184075227384 0.0433555913717 0.0249555145885 0.0350813185634 0.0289407339072 0.0191929554879 0.0255519208916 0.0158923649972 0.0295959838977 0.0328327436025 0.0152747360151 0.0229220725814 0.00801791558492 0.0286445766653 0.0127064709891 0.0203618291621 0.0108631168657 0.0210660141197 0.0175403110633 0.0196920910146 0.00391399391794 0.0098554430793 0.0192357456695 0.016659926399 0.0307456732674 0.0168570433362 0.00907539847142 
0.0183254100058 0.00573924224819 0.0266389549716 -0.000593322639044 0.021875687748 0.00350098503209 0.0274586703616 0.0327123492707 0.00123547547683 0.0168573992641 0.0120974802351 0.0142653017057 0.00603802048612 0.01178361695 0.013767502635 0.000853350365834 -6.87269599809e-06 0.0211812004859 0.0163204439467 0.0140133926159 0.00945853224651 0.010001885444 -0.00312566822573 -0.00571664768618 0.0203373592759 0.0114030691281 0.0305054601316 0.02557382588 0.0172246704264 0.0213240652163 0.0209095420498 0.0036668934433 0.025980500712 0.0433555913717 0.1984510889 0.0302026135321 0.0825375816155 0.0122339924586 0.00142473114115 0.0295231220108 0.000916539015726 0.0216468580256 0.0470581644271 0.0148054482423 0.0166720894477 0.0140225879022 0.000426007944051 0.0370630958933 0.00977703080299 0.00991823817291 -0.0143524416681 0.0373237958471 0.0293166290806 -0.00874271958187 0.0195501280558 0.0100682219032 0.0188373696019 0.0255903325958 0.02109296555 0.0020262752893 
0.0205646852916 0.0189730268932 0.000694263924713 0.0149029505333 0.0174966700598 0.00300195466891 -0.0116136124415 0.0258241781251 0.000405317121571 -0.0150917016346 0.00419139781396 0.0132543488098 0.039276387694 0.0691793961968 0.0423487806928 0.0134049268739 0.02260764127 0.0194820328555 0.0149822666141 0.0383702394723 -0.00218195086338 0.0108784126325 -0.0177768204624 0.0486974055284 0.00362226246562 0.0154463085018 0.00312154349352 0.00396823862365 0.00861358335699 -0.00997420759974 -0.00370508833617 0.0214002086197 0.0106827845581 0.0249555145885 0.0302026135321 0.186146874484 0.0284068452622 0.0167054748056 0.00539316998923 0.000829792266105 -0.00854912623208 -0.00981347216825 -0.00278567765429 0.00804463687532 0.0116612898003 0.00429571031635 0.0182487399061 0.00353908741392 -0.00529503191803 0.0112497766199 0.0218688922076 0.022207566167 0.02106939412 0.0195240780745 -0.00251769125547 0.0103606862832 0.00188222052172 0.023496570849 0.0527521211509 0.0316421871741 
0.01016565167 0.0213635833818 0.00194305098808 0.00638343457485 0.00672533301099 0.0058565002048 0.00973342823157 0.0571539902716 -0.00767607561035 0.0225067550374 -0.0121684690741 0.0113913257422 0.0179068062866 -0.011284231532 0.0202791623003 0.0129496626305 0.0209344266235 0.0284330752297 -0.00721552606879 -0.00132051877258 0.0116533580763 0.0231694970898 0.00670775195395 -0.00699043902998 0.0259176689693 0.0224036148763 0.0117278470629 0.00818100304506 -0.00862082210896 0.0040012953307 0.0150656986649 -0.0283134614513 0.00390059315687 0.0350813185634 0.0825375816155 0.0284068452622 0.351708877104 0.0129755903648 0.0109825286526 0.0171345475031 0.0409029201419 0.021039163158 0.0299072688108 0.0202558226569 0.0371650735797 0.0194345136788 -0.00575907904723 0.0751865866534 0.00712638401396 0.00751379120875 0.0241260346408 0.0616758517885 0.0333523708818 0.00606368860214 -0.00554233270098 0.00869415364073 0.0125588679756 0.0242105771866 0.0500225455044 0.0015295526167 
-0.00642792755606 0.00998234091701 -0.000321940006564 0.0113883014313 -0.00974626865909 -0.0008310972856 0.0304852762056 0.0181745935041 0.00435876681965 0.0097236183564 0.0053249612931 0.0171009431812 0.0166410661329 -0.00476826238616 0.00926023026985 -0.000598857408815 0.0135631792228 0.00888137059467 0.0113629657096 0.0144730650069 -0.00700723620179 -0.000291513016278 0.0134434703866 0.0255964514561 0.0102234758399 0.0243660248726 0.0194542724058 0.017467398266 -0.0281269727427 -0.012765184034 -0.00141828469914 -0.016458197166 0.008848752787 0.0289407339072 0.0122339924586 0.0167054748056 0.0129755903648 0.15960221016 0.00162693616031 0.0165389592975 1.4793611596e-05 -0.00225322883702 0.0130566013998 -0.00253813213388 0.0178368556681 0.00680926588138 -0.00940991656568 0.00705420317089 0.00294958236035 0.0257356252644 0.00624574674513 0.0136292484653 0.0213462668456 -0.00457011451713 -7.10778196659e-05 0.0135049149496 0.0208104503922 0.0111467506003 0.00224978636393 0.0361667250092 
-0.00309878420371 0.048142313957 -0.0047886159838 -0.00836643236161 0.040698841954 0.0128179363567 -0.0207414981995 0.0252785326547 -0.0186958221182 0.124480335456 0.0513689245158 0.0173867419698 0.0398931957965 -0.0148761968444 0.0254338956947 0.00505914741886 0.0349633322927 0.013574144031 -0.0286365571852 0.00376673175294 -0.00584835680863 0.0105643946392 -0.0031045376758 0.00314839665634 0.0719519809173 0.0457295471644 -0.00376866858718 0.00478660490084 -0.00131372128483 -0.0252693720113 0.00876280680718 -0.0313297335989 0.0411135953593 0.0191929554879 0.00142473114115 0.00539316998923 0.0109825286526 0.00162693616031 0.328808498647 0.0343500018814 0.171991529945 0.115687895126 0.0226978508967 0.0151324674265 -0.00233023911199 0.0185515502576 0.0028272835593 -0.0167234519545 -0.00901382381294 0.00651052285931 0.0141136988574 0.00344354471118 0.0211898657251 0.0279947454487 -0.00692394237366 0.00430432020218 0.0251581180543 0.00904888537331 -0.00884300564757 -0.00384734493146 
