20
0.0649972461493 0.191301962015 0.0451759103614 0.13190386478 0.0275413533974 0.0206658862902 0.0433119494187 0.0367129888202 0.170228010564 0.102922334335 0.0495038718221 0.18030920859 0.0485380268731 0.0801839086902 0.0466490289559 0.0283464571838 0.0538940625226 0.0905831054983 0.119808933935 0.0798623823862 
0.283591411289 0.0333208114932 0.01864061117 0.00744869681021 0.0187019427968 0.0306494151364 0.0164872845906 0.040327919213 -0.0114434503124 0.00487858199014 0.00143602844898 -0.00742900436185 0.00738970679829 0.0748555670911 0.0321225031412 0.0381226738348 0.0114147143602 0.0441263455891 0.00479470224696 0.00156194383181 
0.0333208114932 0.455273007698 0.0411598614046 0.0138473341045 0.0265118594111 0.0536225839268 0.0127795516794 0.0336506130725 0.099593380669 -0.000576977829502 0.0389224296814 0.0681799240458 0.0213799291732 0.0401820900887 -0.0101563500438 0.0163551896244 0.030003849522 0.0106599123562 0.0405068132294 0.0543324449605 
0.01864061117 0.0411598614046 0.377316009081 -0.00937838443584 0.0257529081398 0.0234404094429 0.00629758355327 0.043980934696 -0.0104404574586 0.0507338306548 0.0385198286264 0.0704031812601 0.0146106125547 0.00904945326096 0.0261225873088 -0.000209403090873 6.47771578506e-05 0.00126344135665 0.00656871638779 0.0461944737517 
0.00744869681021 0.0138473341045 -0.00937838443584 1.07024967795 0.0117282097858 -0.00469364037912 0.0187584107327 -0.0139976355523 0.00839212215091 0.0199388551393 -0.00836397554806 -0.0127209684611 -0.00126432184708 0.0487321313541 0.00353340738346 -0.0105686718745 -0.00368606215474 -0.00116254163198 -0.0205480347587 -0.032782956425 
0.0187019427968 0.0265118594111 0.0257529081398 0.0117282097858 0.205574454407 0.056977518433 0.01493147125 0.020384831305 0.0217168753085 0.0231038072343 0.00910279414441 0.011379993101 0.0247837576802 0.00404410292945 0.00448638569981 0.0247627848473 0.0182598333355 0.0272407397402 0.00764511582496 0.0304594139715 
0.0306494151364 0.0536225839268 0.0234404094429 -0.00469364037912 0.056977518433 0.236730819001 0.0347897537263 0.029670632894 0.0203628516276 0.0326601709249 0.0248934520927 0.0223484484153 0.0271432192952 0.0158597393399 0.0274379928041 0.0210930854793 0.0119427361814 0.0396815641855 0.0135600604216 0.0407055053131 
0.0164872845906 0.0127795516794 0.00629758355327 0.0187584107327 0.01493147125 0.0347897537263 0.192251027037 0.0479773902049 0.0299290929302 0.0460806201417 -0.00399954385499 0.0194305087096 0.0327703479695 0.0259082177476 0.0457703450069 0.0169074621743 0.00450395336448 0.0183608488536 -0.0171370868011 0.00387636041477 
0.040327919213 0.0336506130725 0.043980934696 -0.0139976355523 0.020384831305 0.029670632894 0.0479773902049 0.30124576492 0.0158036712165 0.0376913443543 0.0141962928356 0.0115537762199 0.0392590675679 0.0180163834661 0.0420817918906 0.037490910821 0.00355614777859 0.0149429967895 -0.0229868637021 0.0247925350233 
-0.0114434503124 0.099593380669 -0.0104404574586 0.00839212215091 0.0217168753085 0.0203628516276 0.0299290929302 0.0158036712165 0.583309932236 0.0770043389695 0.0238526941745 0.0264384388821 0.0141791278826 -0.0121075622851 0.00556095282542 0.0177079217039 0.0140866443378 0.00112469523193 0.0135446111072 0.000707759360345 
0.00487858199014 -0.000576977829502 0.0507338306548 0.0199388551393 0.0231038072343 0.0326601709249 0.0460806201417 0.0376913443543 0.0770043389695 0.367862135962 0.00403888059558 0.0391797498098 0.0162111024217 0.00991760204128 0.021511932279 0.0220723900479 0.0406207262551 -0.00889387017159 0.019724292773 0.010095644337 
0.00143602844898 0.0389224296814 0.0385198286264 -0.00836397554806 0.00910279414441 0.0248934520927 -0.00399954385499 0.0141962928356 0.0238526941745 0.00403888059558 0.334034545989 0.00489673466985 0.0198766859606 -0.00918547929566 0.00652760253052 0.0114245189432 0.0149155579902 -0.0091017271244 0.0158218874975 -0.00806976476949 
-0.00742900436185 0.0681799240458 0.0704031812601 -0.0127209684611 0.011379993101 0.0223484484153 0.0194305087096 0.0115537762199 0.0264384388821 0.0391797498098 0.00489673466985 0.9801700192 0.00505750136678 0.0136834712643 0.0272098800753 -0.00408268583783 0.013680452087 0.0343534809925 0.0330903792856 0.014453295895 
0.00738970679829 0.0213799291732 0.0146106125547 -0.00126432184708 0.0247837576802 0.0271432192952 0.0327703479695 0.0392590675679 0.0141791278826 0.0162111024217 0.0198766859606 0.00505750136678 0.20364823587 0.0339524298988 0.0225262664293 0.0160132446974 -0.00763789186522 0.0195131429068 -0.0244094589315 0.00633932697681 
0.0748555670911 0.0401820900887 0.00904945326096 0.0487321313541 0.00404410292945 0.0158597393399 0.0259082177476 0.0180163834661 -0.0121075622851 0.00991760204128 -0.00918547929566 0.0136834712643 0.0339524298988 0.573085136718 0.00447226930677 0.0249551513615 0.0500013994661 0.0165286418059 -0.0133178423575 -0.00723104145868 
0.0321225031412 -0.0101563500438 0.0261225873088 0.00353340738346 0.00448638569981 0.0274379928041 0.0457703450069 0.0420817918906 0.00556095282542 0.021511932279 0.00652760253052 0.0272098800753 0.0225262664293 0.00447226930677 0.235636705153 0.0266893458864 0.0352131827784 0.0296057801294 0.0301459088655 -0.0281885061046 
0.0381226738348 0.0163551896244 -0.000209403090873 -0.0105686718745 0.0247627848473 0.0210930854793 0.0169074621743 0.037490910821 0.0177079217039 0.0220723900479 0.0114245189432 -0.00408268583783 0.0160132446974 0.0249551513615 0.0266893458864 0.193225753931 0.0293505302544 0.0279784736437 0.00760340222469 0.0114809337994 
0.0114147143602 0.030003849522 6.47771578507e-05 -0.00368606215474 0.0182598333355 0.0119427361814 0.00450395336448 0.00355614777859 0.0140866443378 0.0406207262551 0.0149155579902 0.013680452087 -0.00763789186522 0.0500013994661 0.0352131827784 0.0293505302544 0.425177847527 -0.0103642041877 0.00988038546191 -0.0190031307981 
0.0441263455891 0.0106599123562 0.00126344135665 -0.00116254163198 0.0272407397402 0.0396815641855 0.0183608488536 0.0149429967895 0.00112469523193 -0.00889387017159 -0.0091017271244 0.0343534809925 0.0195131429068 0.0165286418059 0.0296057801294 0.0279784736437 -0.0103642041877 0.326112919997 0.00359800099092 0.0309550900734 
0.00479470224696 0.0405068132294 0.00656871638779 -0.0205480347587 0.00764511582496 0.0135600604216 -0.0171370868011 -0.0229868637021 0.0135446111072 0.019724292773 0.0158218874975 0.0330903792856 -0.0244094589315 -0.0133178423575 0.0301459088655 0.00760340222469 0.00988038546191 0.00359800099092 0.647753912768 0.0166350798231 
0.00156194383181 0.0543324449605 0.0461944737517 -0.032782956425 0.0304594139715 0.0407055053131 0.00387636041477 0.0247925350233 0.000707759360344 0.010095644337 -0.00806976476949 0.014453295895 0.00633932697681 -0.00723104145868 -0.0281885061046 0.0114809337994 -0.0190031307981 0.0309550900734 0.0166350798231 0.428857375045 
0.0245597366472 0.00288566692278 0.00161432428153 0.000645076066273 0.00161963575622 0.00265431721193 0.00142784072949 0.00349250025202 -0.000991031867751 0.000422497593791 0.000124363711737 -0.000643370650219 0.000639967381384 0.00648268227156 0.00278189037534 0.00330152040011 0.000988543261291 0.00382145362563 0.000415233394945 0.000135268303763 
0.00288566692278 0.0394277990324 0.00356454855926 0.00119921431092 0.00229599437515 0.00464385198972 0.00110674164033 0.00291422857737 0.00862503977081 -4.99677457769e-05 0.00337078128811 0.00590455462518 0.00185155617951 0.0034798710794 -0.000879565714768 0.00141640096984 0.00259840958974 0.000923175490259 0.0035079929283 0.00470532775855 
0.00161432428153 0.00356454855926 0.0326765249119 -0.00081219191679 0.00223026726704 0.00202999900526 0.000545386733958 0.00380886067289 -0.000904170138632 0.00439367861784 0.00333591501399 0.00609709434785 0.00126531616373 0.000783705641435 0.0022622824222 -1.81348396327e-05 5.60986642836e-06 0.000109417231105 0.000568867526208 0.00400055877835 
0.000645076066273 0.00119921431092 -0.00081219191679 0.0926863409494 0.00101569276154 -0.000406481180455 0.00162452602291 -0.00121223079812 0.000726779097435 0.0017267555073 -0.000724341530125 -0.00110166818481 -0.000109493483813 0.00422032637332 0.0003060020556 -0.000915273832759 -0.000319222346593 -0.000100679058625 -0.00177951200989 -0.00283908730752 
0.00161963575622 0.00229599437515 0.00223026726704 0.00101569276154 0.0178032699886 0.00493439784075 0.00129310334184 0.0017653781762 0.0018807365708 0.0020008483989 0.000788325097448 0.000985536312032 0.00214633637522 0.000350229587242 0.000388532398721 0.00214452007462 0.00158134795374 0.00235911726329 0.000662086451929 0.00263786262837 
0.00265431721193 0.00464385198972 0.00202999900526 -0.000406481180455 0.00493439784075 0.0205014903114 0.00301288105184 0.00256955218325 0.0017634746803 0.00282845377129 0.00215583619001 0.00193543240628 0.00235067174501 0.00137349371658 0.00237619987972 0.00182671478693 0.00103427129238 0.00343652426465 0.00117433568019 0.00352520016751 
0.00142784072949 0.00110674164033 0.000545386733958 0.00162452602291 0.00129310334184 0.00301288105184 0.0166494273318 0.00415496387247 0.00259193547898 0.00399069876648 -0.000346370658198 0.0016827314151 0.00283799538324 0.00224371747362 0.0039638281516 0.00146422917565 0.00039005380311 0.00159009615423 -0.00148411525167 0.000335702659342 
0.00349250025202 0.00291422857737 0.00380886067289 -0.00121223079812 0.0017653781762 0.00256955218325 0.00415496387247 0.0260886485203 0.00136863807465 0.00326416617137 0.00122943502352 0.00100058637161 0.00339993498427 0.00156026457659 0.0036443900814 0.0032468081182 0.000307971431587 0.00129410148284 -0.00199072079194 0.00214709651544 
-0.000991031867751 0.00862503977081 -0.000904170138632 0.000726779097435 0.0018807365708 0.0017634746803 0.00259193547898 0.00136863807465 0.0505161219596 0.00666877137492 0.00206570391038 0.00228963597083 0.00122794849499 -0.00104854565168 0.000481592641606 0.00153355100438 0.00121993918506 9.74014642367e-05 0.00117299773032 6.12937585825e-05 
0.000422497593791 -4.99677457769e-05 0.00439367861784 0.0017267555073 0.0020008483989 0.00282845377129 0.00399069876648 0.00326416617137 0.00666877137492 0.0318577954834 0.000349777319863 0.00339306586492 0.00140392265205 0.000858889531237 0.00186298798381 0.00191152505038 0.00351785808571 -0.000770231750656 0.00170817386131 0.00087430844634 
0.000124363711737 0.00337078128811 0.00333591501399 -0.000724341530125 0.000788325097448 0.00215583619001 -0.000346370658198 0.00122943502352 0.00206570391038 0.000349777319863 0.0289282402568 0.000424069661968 0.00172137149849 -0.000795485841598 0.000565306961724 0.000989392363084 0.00129172521311 -0.000788232690804 0.00137021565086 -0.000698862129295 
-0.000643370650219 0.00590455462518 0.00609709434785 -0.00110166818481 0.000985536312033 0.00193543240628 0.0016827314151 0.00100058637161 0.00228963597083 0.00339306586492 0.000424069661968 0.0848852136655 0.000437992466331 0.00118502337268 0.00235644473792 -0.000353570965124 0.00118476190426 0.00297509872479 0.00286571090822 0.00125169214135 
0.000639967381384 0.00185155617951 0.00126531616373 -0.000109493483813 0.00214633637522 0.00235067174501 0.00283799538324 0.00339993498427 0.00122794849499 0.00140392265205 0.00172137149849 0.000437992466331 0.0176364545699 0.00294036668126 0.00195083189802 0.0013867876705 -0.000661460838664 0.0016898877465 -0.00211392115273 0.000549001820481 
0.00648268227156 0.0034798710794 0.000783705641435 0.00422032637332 0.000350229587242 0.00137349371658 0.00224371747362 0.00156026457659 -0.00104854565168 0.000858889531237 -0.000795485841598 0.00118502337268 0.00294036668126 0.0496306286929 0.000387309883223 0.00216117950343 0.00433024821624 0.0014314223694 -0.00115335898052 -0.000626226559904 
0.00278189037534 -0.000879565714768 0.0022622824222 0.0003060020556 0.000388532398721 0.00237619987972 0.0039638281516 0.0036443900814 0.000481592641606 0.00186298798381 0.000565306961724 0.00235644473792 0.00195083189802 0.000387309883223 0.0204067372726 0.0023113651548 0.00304955108342 0.00256393576909 0.00261071228977 -0.00244119623813 
0.00330152040011 0.00141640096984 -1.81348396327e-05 -0.000915273832759 0.00214452007462 0.00182671478693 0.00146422917565 0.0032468081182 0.00153355100438 0.00191152505038 0.000989392363084 -0.000353570965124 0.0013867876705 0.00216117950343 0.0023113651548 0.0167338411569 0.00254183048149 0.00242300689346 0.000658473948177 0.000994278032943 
0.000988543261291 0.00259840958974 5.60986642837e-06 -0.000319222346593 0.00158134795374 0.00103427129238 0.00039005380311 0.000307971431587 0.00121993918506 0.00351785808571 0.00129172521311 0.00118476190426 -0.000661460838664 0.00433024821624 0.00304955108342 0.00254183048149 0.0368214817085 -0.000897566411652 0.000855666480919 -0.00164571940226 
0.00382145362563 0.000923175490259 0.000109417231105 -0.000100679058625 0.00235911726329 0.00343652426465 0.00159009615423 0.00129410148284 9.74014642367e-05 -0.000770231750656 -0.000788232690804 0.00297509872479 0.0016898877465 0.0014314223694 0.00256393576909 0.00242300689346 -0.000897566411651 0.028242207322 0.000311596026098 0.002680789438 
0.000415233394945 0.0035079929283 0.000568867526208 -0.00177951200989 0.000662086451929 0.00117433568019 -0.00148411525167 -0.00199072079194 0.00117299773032 0.00170817386131 0.00137021565086 0.00286571090822 -0.00211392115273 -0.00115335898052 0.00261071228977 0.000658473948177 0.000855666480919 0.000311596026098 0.0560971343858 0.00144064017208 
0.000135268303763 0.00470532775855 0.00400055877835 -0.00283908730752 0.00263786262837 0.00352520016751 0.000335702659342 0.00214709651544 6.12937585825e-05 0.00087430844634 -0.000698862129295 0.00125169214135 0.000549001820481 -0.000626226559904 -0.00244119623813 0.000994278032943 -0.00164571940226 0.002680789438 0.00144064017208 0.037140138139 

['SHW', 'NVDA', 'AZO', 'CVG', 'SNA', 'SPG', 'ZION', 'S', 'GLW', 'KSS', 'DIS', 'ADCT', 'MI', 'TXT', 'DOW', 'IFF', 'AV', 'ACV', 'DYN', 'APA']