30
0.00265371642944 0.0842142990337 0.0896854693356 0.0704328117516 0.0413299620627 0.0324129219316 0.201678989994 0.082081594572 0.125840316239 0.0475630895173 0.171628318037 0.0800542827641 0.0251356843311 0.0451759103614 0.121962687623 0.0172601721071 0.0979044774238 0.0965978414643 0.13190386478 0.0147816990943 0.0498631258667 0.0495038718221 0.0101927526284 0.0339335468557 0.00238062118955 0.00194148072761 0.102864057578 0.142595623168 0.0593939882808 0.00839736130492 
0.222918432544 0.0118781197196 -0.00235879975058 0.00823646152895 0.0982188784993 0.00461012671721 0.0155467962297 0.0102642235998 -0.00507376179291 0.00458204049567 0.0155017425836 0.0182562988747 0.0184791188416 0.00776921597674 0.00275291960009 0.00855122168006 -0.00124148836007 0.0018705618803 -0.000404797094766 0.00931838136423 0.0213215399465 0.0231112186234 0.00427258129442 0.0191869040182 -0.00725631846298 0.00934435500017 0.033685970134 0.0189850100578 0.0178679431139 0.00422746736711 
0.0118781197196 0.523959408957 0.00778354047221 0.0148581074304 0.00986245370611 0.0017279356696 0.0141450399566 0.0381856333528 -0.00198531894905 0.0204531655517 0.0102205207575 0.0411181234864 0.00867942796119 0.0239822641269 0.0684943679377 0.00710830019257 0.0246878307271 -0.0293732373957 -0.0102652650294 0.0234002621045 0.104290442147 0.013260131442 0.0494836297336 0.0181201711944 0.0074252984255 0.00429062994132 0.0232283284044 0.0230454065022 0.0386951128101 0.00494002206876 
-0.00235879975058 0.00778354047221 0.253086963354 0.0165011228876 0.0174110057622 0.0166745431415 0.022156825308 0.0116437006322 0.0397707154185 0.0694394937886 0.0113220549583 0.0103985569919 0.0158952193161 0.0310962330682 0.0183416352488 -0.00621982684549 0.0163966430332 0.0224307006644 -0.00607598080311 0.0304430570774 0.0356664041411 0.0100668416355 0.0239725118669 0.0295016090884 0.0069858595096 0.0375925320716 0.0138515655092 0.0379160825895 0.0304907578117 0.0285974276307 
0.00823646152894 0.0148581074304 0.0165011228876 0.290050875991 -0.0038256834093 -0.00968034249042 0.0504361571689 0.0150067461547 0.0245343057053 -0.00763360373189 0.0237921445204 0.0245132908018 0.00292650867621 0.0130436089454 0.00896075975954 -0.00635395240472 0.0261037951148 0.0206094667469 -0.00783092480786 0.00226274831006 0.0255827897054 -0.0122847260949 0.00190823773381 0.0320132143939 0.00747158129958 0.0128713415726 -8.67402700849e-06 0.0535037010699 0.0028218878942 0.0162801216226 
0.0982188784993 0.00986245370611 0.0174110057622 -0.0038256834093 0.27107709499 0.00509023955408 0.0549485041906 0.00170720259914 0.0314933343834 0.0111478787317 0.025267079089 -0.00327028632745 0.0274118318713 0.0225925304984 -0.00908995243492 0.0299705175669 -0.000479057250452 0.0256153601746 -0.0298747463282 0.0436181181506 0.0282649668448 -0.00250827333289 0.0155569009296 0.0100668879015 0.0163880911416 0.0166781104313 0.00623099363837 0.0394191916785 0.0210211779121 0.0170654407367 
0.00461012671721 0.0017279356696 0.0166745431415 -0.00968034249042 0.00509023955408 0.280911917811 -0.00882200755637 0.00497317847884 -6.39160700598e-06 0.000326350784461 0.00587912834341 0.0253927841165 0.0113005779368 0.0157464631463 0.0179848925258 0.00489569167797 0.0848493714944 0.0178803988156 -0.0181445322615 0.0123285209727 0.0118019176101 -0.0108862222449 0.00601493453158 0.00875336233611 0.0067947098997 0.00514592459857 0.0210304115652 -0.00341241675443 0.000629518374431 0.0250732300291 
0.0155467962297 0.0141450399566 0.022156825308 0.0504361571689 0.0549485041906 -0.00882200755637 1.21011278077 0.0557285531806 0.00539550564476 0.0458034918524 -0.013387768464 0.0184033094483 0.000844869163377 -0.00595084641115 0.0133809079888 -0.0128039443693 0.00588326582902 0.283116481653 0.00435817651937 -0.00926206413769 0.0139544713109 0.0160531490059 0.0179594090759 0.00302886921852 0.0035242275294 0.0272018101355 0.021939683372 0.0246741418046 0.0145480521543 0.0336858960297 
0.0102642235998 0.0381856333528 0.0116437006322 0.0150067461547 0.00170720259914 0.00497317847884 0.0557285531806 0.272357727151 0.0450247634831 -0.00197216142594 0.0433940579655 0.0248020301262 0.0114260720945 0.0134261920153 0.0363354287654 0.0326953350181 4.87652330355e-05 0.0356559806367 0.00423323674162 0.0170815565155 0.00534873384495 0.0209928985938 0.0239015800416 0.00546635994523 0.014450285308 0.0529928514019 0.0535346992218 0.0612079858394 0.0273616004984 0.0160237354469 
-0.00507376179291 -0.00198531894905 0.0397707154185 0.0245343057053 0.0314933343834 -6.39160700603e-06 0.00539550564476 0.0450247634831 0.401811052873 0.00288792225232 0.0277761195732 0.0207601153201 0.0268651149725 0.0691129731901 0.0296938873589 0.0343532222482 -0.0226555747235 0.0528964026428 -0.0210206065204 -0.00473292919767 0.00711938444133 0.0258188370112 0.0370179678234 0.0232989000567 0.0267925855404 0.0176546733731 0.0196656946755 0.0385938808389 0.0174981722323 0.0509763462901 
0.00458204049567 0.0204531655517 0.0694394937886 -0.00763360373189 0.0111478787317 0.000326350784461 0.0458034918524 -0.00197216142594 0.00288792225232 0.306032306781 -0.0115537632444 0.00892376576575 0.00547737022728 0.0208675278966 0.041807600698 -0.00658037331835 0.00128237598703 0.0256587225148 0.0165876258091 -0.00649353206455 0.00534383135941 -0.00574949766973 0.0206743561484 0.0110067126166 0.0041976299449 -0.00208344870855 0.00543131302177 0.000104131490359 -0.000549925964471 0.00618346251439 
0.0155017425836 0.0102205207575 0.0113220549583 0.0237921445204 0.025267079089 0.00587912834341 -0.013387768464 0.0433940579655 0.0277761195732 -0.0115537632444 0.284551125777 0.0315713415383 -0.00100683858842 0.0160142106938 0.03125782194 0.0289747795137 0.00681504233826 0.0332501327134 -0.0144969693961 0.0194564232789 0.0176438431584 0.00185998310069 0.0241711921272 0.00331584221547 0.0285223940296 0.0173290813519 -0.000713164297484 0.0207583355921 0.0125720990856 0.0322957706213 
0.0182562988747 0.0411181234864 0.0103985569919 0.0245132908018 -0.00327028632745 0.0253927841165 0.0184033094483 0.0248020301262 0.0207601153201 0.00892376576575 0.0315713415383 0.343869346734 0.01011380279 0.0127045105078 0.000651904128016 0.00772117197227 0.043422624585 0.019105076898 -0.00649767699603 0.0153113400123 0.0154431226129 0.0244782274313 0.0129814545015 0.0592022897131 0.0109668098529 0.0188290439844 0.00144088753707 0.0389923109491 0.0127345315752 0.0137834976079 
0.0184791188416 0.00867942796119 0.0158952193161 0.00292650867621 0.0274118318713 0.0113005779368 0.000844869163377 0.0114260720945 0.0268651149725 0.00547737022728 -0.00100683858842 0.01011380279 0.133218504499 0.0142147327098 0.000786854918741 0.0163946963548 0.0129910671887 0.0110179368962 -0.00915166896835 0.0297580869612 0.0216901788229 0.0094743118897 0.0332731293493 0.0350459116282 0.0142198923381 0.023082443592 -0.000554298528966 0.0211370759615 0.0105937272418 0.0320015856892 
0.00776921597674 0.0239822641269 0.0310962330682 0.0130436089454 0.0225925304984 0.0157464631463 -0.00595084641115 0.0134261920153 0.0691129731901 0.0208675278966 0.0160142106938 0.0127045105078 0.0142147327098 0.37739929336 0.0314371869791 0.0109769602277 0.0271042309214 0.0368386608738 -0.00759741175793 -0.00342453576562 0.00347814371971 0.0365558867062 0.013561147676 0.0262876514827 0.00199139359671 0.0296240631752 -0.00742967986502 0.0439721209543 0.0181144622935 0.0162085914463 
0.00275291960009 0.0684943679377 0.0183416352488 0.00896075975954 -0.00908995243492 0.0179848925258 0.0133809079888 0.0363354287654 0.0296938873589 0.041807600698 0.03125782194 0.000651904128016 0.000786854918741 0.0314371869791 0.450124983252 0.0251703204269 0.0167024912114 -0.0121934282328 -0.0163750332143 0.0180375713771 0.0800095932448 -0.00921402111579 0.0136369441387 0.0180331360251 0.050442514038 0.0186476343267 -0.00124254685018 0.00750171053396 -0.00140328180424 0.0120758812622 
0.00855122168006 0.00710830019257 -0.00621982684549 -0.00635395240472 0.0299705175669 0.00489569167797 -0.0128039443693 0.0326953350181 0.0343532222482 -0.00658037331835 0.0289747795137 0.00772117197227 0.0163946963548 0.0109769602277 0.0251703204269 0.193811894383 0.0146221967306 0.002748371961 -0.00423566672312 0.0251171456861 0.0309654809377 0.0377897083534 0.00794023909378 0.0141935874106 0.0135436354169 0.00985520001982 0.0198406007742 0.044599188613 0.0162857231176 0.0211319005305 
-0.00124148836007 0.0246878307271 0.0163966430332 0.0261037951148 -0.000479057250452 0.0848493714944 0.00588326582902 4.87652330357e-05 -0.0226555747235 0.00128237598703 0.00681504233826 0.043422624585 0.0129910671887 0.0271042309214 0.0167024912114 0.0146221967306 0.517075635244 0.022348957336 0.0107817036759 0.0127620380298 0.0163765293183 0.0231301675975 0.0151984349274 0.0159336692825 0.00682166669215 0.0122836009392 0.0199601516265 0.0321498629213 -0.0114329380328 0.0126723956288 
0.0018705618803 -0.0293732373957 0.0224307006644 0.0206094667469 0.0256153601746 0.0178803988156 0.283116481653 0.0356559806367 0.0528964026428 0.0256587225148 0.0332501327134 0.019105076898 0.0110179368962 0.0368386608738 -0.0121934282328 0.002748371961 0.022348957336 0.343876052165 0.00970382625138 0.0237011264777 0.009480343901 -0.0163313099649 0.0482453698014 0.0121922072438 0.0230628345828 0.0301388334824 0.0195894775368 0.0425992366157 0.0154379885002 0.0263924672868 
-0.000404797094766 -0.0102652650294 -0.00607598080311 -0.00783092480786 -0.0298747463282 -0.0181445322615 0.00435817651937 0.00423323674162 -0.0210206065204 0.0165876258091 -0.0144969693961 -0.00649767699603 -0.00915166896835 -0.00759741175793 -0.0163750332143 -0.00423566672312 0.0107817036759 0.00970382625138 1.0710629007 -0.0108161726629 -0.0133327473518 -0.00748132052628 0.000953768134696 -0.00730957276861 -0.00744765636413 0.00105133368501 -0.00795547766896 -0.00535933467904 -0.0143588124947 0.0135594688167 
0.00931838136423 0.0234002621045 0.0304430570774 0.00226274831006 0.0436181181506 0.0123285209727 -0.00926206413769 0.0170815565155 -0.00473292919767 -0.00649353206455 0.0194564232789 0.0153113400123 0.0297580869612 -0.00342453576562 0.0180375713771 0.0251171456861 0.0127620380298 0.0237011264777 -0.0108161726629 0.217224626666 0.0369664738899 0.0238202734556 0.0114338133574 0.0211657986228 0.0136450918911 0.047461226188 -0.00927740977138 0.0150545308196 0.0112727480822 0.0182746140721 
0.0213215399465 0.104290442147 0.0356664041411 0.0255827897054 0.0282649668448 0.0118019176101 0.0139544713109 0.00534873384495 0.00711938444133 0.00534383135941 0.0176438431584 0.0154431226129 0.0216901788229 0.00347814371971 0.0800095932448 0.0309654809377 0.0163765293183 0.009480343901 -0.0133327473518 0.0369664738899 0.289167869057 0.0113912609415 0.0214269828426 0.0118180020475 0.0171223617815 0.00145832208076 -0.0249122962837 0.0150099729934 0.01850821547 0.0288037572454 
0.0231112186234 0.013260131442 0.0100668416355 -0.0122847260949 -0.00250827333289 -0.0108862222449 0.0160531490059 0.0209928985938 0.0258188370112 -0.00574949766973 0.00185998310068 0.0244782274313 0.0094743118897 0.0365558867062 -0.00921402111579 0.0377897083534 0.0231301675975 -0.0163313099649 -0.00748132052628 0.0238202734556 0.0113912609415 0.317166010873 0.0144845924086 -0.00746058801504 0.000937782189527 0.00708892658467 0.0665771233965 0.0670628720425 -0.00489267422636 0.00247026897386 
0.00427258129442 0.0494836297336 0.0239725118669 0.00190823773381 0.0155569009296 0.00601493453158 0.0179594090759 0.0239015800416 0.0370179678234 0.0206743561484 0.0241711921272 0.0129814545015 0.0332731293493 0.013561147676 0.0136369441387 0.00794023909378 0.0151984349274 0.0482453698014 0.000953768134696 0.0114338133574 0.0214269828426 0.0144845924086 0.25511440275 0.0375053136938 0.00456679218924 0.0176894975048 -0.00891218792313 0.0419666111569 0.00870099374 0.0186896705409 
0.0191869040182 0.0181201711944 0.0295016090884 0.0320132143939 0.0100668879015 0.00875336233611 0.00302886921852 0.00546635994523 0.0232989000567 0.0110067126166 0.00331584221547 0.0592022897131 0.0350459116282 0.0262876514827 0.0180331360251 0.0141935874106 0.0159336692825 0.0121922072438 -0.00730957276861 0.0211657986228 0.0118180020475 -0.00746058801504 0.0375053136938 0.298282626725 0.0106280129783 0.030372677464 0.00684344805963 0.030218076325 0.0226105209006 0.0175920512644 
-0.00725631846298 0.0074252984255 0.0069858595096 0.00747158129958 0.0163880911416 0.0067947098997 0.0035242275294 0.014450285308 0.0267925855404 0.0041976299449 0.0285223940296 0.0109668098529 0.0142198923381 0.00199139359671 0.050442514038 0.0135436354169 0.00682166669215 0.0230628345828 -0.00744765636413 0.0136450918911 0.0171223617815 0.000937782189527 0.00456679218924 0.0106280129783 0.136889399078 0.0344702905015 0.00765446060757 0.0254708226015 0.0224904391652 0.0280790973578 
0.00934435500017 0.00429062994132 0.0375925320716 0.0128713415726 0.0166781104313 0.00514592459857 0.0272018101355 0.0529928514019 0.0176546733731 -0.00208344870855 0.0173290813519 0.0188290439844 0.023082443592 0.0296240631752 0.0186476343267 0.00985520001982 0.0122836009392 0.0301388334824 0.00105133368501 0.047461226188 0.00145832208076 0.00708892658467 0.0176894975048 0.030372677464 0.0344702905015 0.224414658778 0.0226106255325 0.0255014325201 0.0347987909589 0.0242896789514 
0.033685970134 0.0232283284044 0.0138515655092 -8.67402700907e-06 0.00623099363837 0.0210304115652 0.021939683372 0.0535346992218 0.0196656946755 0.00543131302177 -0.000713164297484 0.00144088753707 -0.000554298528967 -0.00742967986503 -0.00124254685018 0.0198406007742 0.0199601516265 0.0195894775368 -0.00795547766896 -0.00927740977138 -0.0249122962837 0.0665771233965 -0.00891218792313 0.00684344805963 0.00765446060757 0.0226106255325 0.621205896268 0.0328934562745 0.0146372395718 0.0141454755128 
0.0189850100578 0.0230454065022 0.0379160825895 0.0535037010699 0.0394191916785 -0.00341241675443 0.0246741418046 0.0612079858394 0.0385938808389 0.00010413149036 0.0207583355921 0.0389923109491 0.0211370759615 0.0439721209543 0.00750171053396 0.044599188613 0.0321498629213 0.0425992366157 -0.00535933467904 0.0150545308196 0.0150099729933 0.0670628720425 0.0419666111569 0.030218076325 0.0254708226015 0.0255014325201 0.0328934562745 0.454962139092 0.0252805759617 0.0372605639751 
0.0178679431139 0.0386951128101 0.0304907578117 0.0028218878942 0.0210211779121 0.000629518374431 0.0145480521543 0.0273616004984 0.0174981722323 -0.000549925964471 0.0125720990856 0.0127345315752 0.0105937272418 0.0181144622935 -0.00140328180424 0.0162857231176 -0.0114329380328 0.0154379885002 -0.0143588124947 0.0112727480822 0.01850821547 -0.00489267422636 0.00870099374 0.0226105209006 0.0224904391652 0.0347987909589 0.0146372395718 0.0252805759617 0.233406474154 0.0276994018811 
0.00422746736711 0.00494002206876 0.0285974276307 0.0162801216226 0.0170654407367 0.0250732300291 0.0336858960297 0.0160237354469 0.0509763462901 0.00618346251439 0.0322957706213 0.0137834976079 0.0320015856892 0.0162085914463 0.0120758812622 0.0211319005305 0.0126723956288 0.0263924672868 0.0135594688167 0.0182746140721 0.0288037572454 0.00247026897386 0.0186896705409 0.0175920512644 0.0280790973578 0.0242896789514 0.0141454755128 0.0372605639751 0.0276994018811 0.143440230923 
0.0193053025555 0.00102867534264 -0.000204278050644 0.000713298492136 0.00850600439116 0.000399248685177 0.00134639204824 0.000888907838754 -0.000439400660541 0.000396816347042 0.00134249028803 0.00158104186046 0.00160033863564 0.000672833840334 0.000238409830825 0.000740557520832 -0.000107516045833 0.000161995410769 -3.50564567446e-05 0.000806995498358 0.00184649952415 0.00200149024402 0.00037001639407 0.00166163462997 -0.000628415612689 0.000809244881213 0.00291729058871 0.00164415010012 0.001547409265 0.000366109413359 
0.00102867534264 0.0453762158709 0.000674074378032 0.00128674984868 0.000854113545314 0.000149643618597 0.001224996394 0.00330697285431 -0.000171933664449 0.00177129609556 0.000885123061593 0.00356093394951 0.00075166051047 0.00207692499742 0.00593178626502 0.000615596854449 0.0021380288574 -0.00254379697761 -0.000888998029202 0.00202652214377 0.00903181722713 0.00114836106863 0.00428540804208 0.00156925285753 0.000643049706716 0.000371579452742 0.00201163224857 0.00199579074715 0.00335109506958 0.00042781846068 
-0.000204278050644 0.000674074378032 0.0219179739631 0.00142903916116 0.00150783732955 0.00144405779571 0.00191883735839 0.00100837405416 0.00344424498791 0.00601363656468 0.000980518721692 0.000900541451765 0.00137656637265 0.00269301277991 0.00158843220724 -0.000538652805534 0.00141999094035 0.00194255566 -0.00052619537284 0.00263644607979 0.00308880120479 0.000871814059226 0.00207608042692 0.0025549142923 0.000604993180258 0.00325560877665 0.00119958076132 0.00328362907345 0.00264057708456 0.00247660988111 
0.000713298492136 0.00128674984868 0.00142903916116 0.0251191426998 -0.000331313901929 -0.000838342251403 0.00436789933775 0.00129962233981 0.0021247332005 -0.000661089475424 0.00206046015651 0.00212291325647 0.000253443085799 0.00112960967037 0.000776024558897 -0.000550268419692 0.00226065497046 0.00178483217613 -0.000678177981873 0.000195959751888 0.00221553457845 -0.00106388848767 0.000165258235394 0.0027724256922 0.000647057921188 0.00111469087826 -7.51192774246e-07 0.0046335564323 0.000244382660301 0.00140989989019 
0.00850600439116 0.000854113545314 0.00150783732955 -0.000331313901929 0.0234759650646 0.000440827676518 0.0047586800529 0.000147848082026 0.00272740276259 0.000965434617995 0.00218819323705 -0.000283215103722 0.00237393427648 0.00195657053474 -0.000787212972783 0.00259552295775 -4.14875748758e-05 0.00221835526383 -0.00258722892519 0.00377743983837 0.00244781793247 -0.000217222842592 0.00134726714092 0.000871818065979 0.00141925032482 0.00144436673206 0.000539619878165 0.00341380213902 0.00182048740894 0.00147791052047 
0.000399248685177 0.000149643618597 0.00144405779571 -0.000838342251403 0.000440827676518 0.024327685705 -0.00076400826562 0.000430689890023 -5.53529403818e-07 2.82628069888e-05 0.00050914744975 0.00219907961177 0.00097865875707 0.00136368371045 0.00155753738117 0.000423979336221 0.00734817112093 0.00154848796041 -0.00157136258782 0.00106768123534 0.00102207604637 -0.00094277450153 0.000520908610645 0.00075806341516 0.000588439138449 0.000445650142832 0.00182128706675 -0.000295523959764 5.45178904407e-05 0.00217140541601 
0.00134639204824 0.001224996394 0.00191883735839 0.00436789933775 0.0047586800529 -0.00076400826562 0.104798840959 0.00482623427706 0.000467264495462 0.00396669875262 -0.00115941475898 0.00159377334959 7.31678158359e-05 -0.000515358416608 0.0011588206244 -0.00110885410925 0.000509505766515 0.0245186065342 0.000377429157995 -0.000802118283472 0.00120849266517 0.00139024348498 0.00155533044967 0.000262307768798 0.000305207056917 0.00235574586063 0.00190003231511 0.00213684336194 0.00125989827412 0.0029172841711 
0.000888907838754 0.00330697285431 0.00100837405416 0.00129962233981 0.000147848082027 0.000430689890023 0.00482623427706 0.023586871063 0.00389925889758 -0.000170794189523 0.00375803565714 0.00214791881547 0.000989526869932 0.00116274233613 0.00314674043682 0.0028314990711 4.22319306302e-06 0.00308789850283 0.000366609055848 0.00147930618786 0.000463213938781 0.00181803834813 0.00206993755066 0.00047340065788 0.00125143141687 0.0045893155533 0.00463624095101 0.00530076706514 0.00236958411198 0.00138769619605 
-0.000439400660541 -0.000171933664449 0.00344424498791 0.0021247332005 0.00272740276259 -5.53529403823e-07 0.000467264495462 0.00389925889758 0.0347978579309 0.000250101403467 0.00240548251689 0.00179787872527 0.00232658720418 0.00598535905137 0.00257156607899 0.00297507631688 -0.00196203032479 0.00458096284575 -0.00182043792496 -0.000409883691949 0.00061655677855 0.00223597687479 0.00320585005315 0.00201774393293 0.00232030597111 0.00152893956366 0.0017030991172 0.00334232812371 0.00151538616729 0.00441468108793 
0.000396816347042 0.00177129609556 0.00601363656468 -0.000661089475424 0.000965434617995 2.82628069888e-05 0.00396669875262 -0.000170794189523 0.000250101403467 0.0265031752051 -0.0010005852479 0.000772820785056 0.000474354176275 0.00180718092726 0.00362064442758 -0.000569877046008 0.000111057018197 0.00222211055265 0.00143653053392 -0.000562356372819 0.000462789371079 -0.000497921104098 0.00179045176314 0.000953209273813 0.000363525416797 -0.000180431950908 0.000470365505276 9.01805159852e-06 -4.76249855433e-05 0.000535503562081 
0.00134249028803 0.000885123061593 0.000980518721692 0.00206046015651 0.00218819323705 0.00050914744975 -0.00115941475898 0.00375803565714 0.00240548251689 -0.0010005852479 0.0246428503599 0.00273415838037 -8.71947795085e-05 0.00138687132824 0.0027070067867 0.00250928951279 0.00059019997928 0.0028795459609 -0.00125547437749 0.00168497568263 0.00152800163955 0.00016107926158 0.00209328664219 0.000287160359354 0.00247011178064 0.0015007424675 -6.17618398693e-05 0.00179772459631 0.0010887757187 0.00279689577928 
0.00158104186046 0.00356093394951 0.000900541451765 0.00212291325647 -0.000283215103722 0.00219907961177 0.00159377334959 0.00214791881547 0.00179787872527 0.000772820785056 0.00273415838037 0.0297799589855 0.000875881014503 0.00110024288424 5.64565535694e-05 0.000668673107497 0.00376050959896 0.00165454819349 -0.000562715334415 0.00132600094166 0.00133741364965 0.00211987667952 0.00112422693763 0.00512706868538 0.000949753593111 0.00163064304194 0.00012478452111 0.00337683318342 0.00110284278494 0.00119368590814 
0.00160033863564 0.00075166051047 0.00137656637265 0.000253443085799 0.00237393427648 0.00097865875707 7.31678158359e-05 0.000989526869932 0.00232658720418 0.000474354176275 -8.71947795085e-05 0.000875881014503 0.0115370609151 0.00123103196346 6.81436348722e-05 0.00141982235306 0.00112505942077 0.00095418132494 -0.000792557781362 0.00257712592764 0.00187842458733 0.000820499477986 0.00288153752799 0.00303506497688 0.00123147880039 0.00199899825321 -4.80036607365e-05 0.00183052447444 0.000917443691217 0.00277141861682 
0.000672833840334 0.00207692499742 0.00269301277991 0.00112960967037 0.00195657053474 0.00136368371045 -0.000515358416608 0.00116274233613 0.00598535905137 0.00180718092726 0.00138687132824 0.00110024288424 0.00123103196346 0.032683737542 0.00272254025474 0.000950632641349 0.0023472952528 0.00319032161581 -0.000657955158538 -0.000296573496919 0.000301216081928 0.00316583265454 0.00117442983919 0.00227657739899 0.000172459744369 0.0025655191273 -0.00064342915051 0.00380809738047 0.00156875845221 0.00140370519521 
0.000238409830825 0.00593178626502 0.00158843220724 0.000776024558897 -0.000787212972783 0.00155753738117 0.0011588206244 0.00314674043682 0.00257156607899 0.00362064442758 0.0027070067867 5.64565535694e-05 6.81436348722e-05 0.00272254025474 0.0389819670374 0.00217981369111 0.00144647816956 -0.00105598186089 -0.00141811947514 0.00156209950351 0.00692903402965 -0.000797957635728 0.00118099400541 0.00156171539077 0.00436844985877 0.00161493250474 -0.000107607713765 0.000649667189425 -0.000121527769114 0.00104580199461 
0.000740557520832 0.000615596854449 -0.000538652805534 -0.000550268419692 0.00259552295775 0.000423979336221 -0.00110885410925 0.0028314990711 0.00297507631688 -0.000569877046008 0.00250928951279 0.000668673107497 0.00141982235306 0.000950632641349 0.00217981369111 0.0167846024091 0.00126631938278 0.000238015993728 -0.000366819498418 0.00217520862348 0.00268168931325 0.00327268474357 0.000687644876733 0.00122920072684 0.00117291323306 0.000853485357654 0.00171824642968 0.00386240303271 0.00141038499388 0.00183007626897 
-0.000107516045833 0.0021380288574 0.00141999094035 0.00226065497046 -4.14875748758e-05 0.00734817112093 0.000509505766515 4.22319306304e-06 -0.00196203032479 0.000111057018197 0.00059019997928 0.00376050959896 0.00112505942077 0.0023472952528 0.00144647816956 0.00126631938278 0.04478006358 0.00193547648011 0.000933722927939 0.00110522491379 0.00141824904154 0.00200313127333 0.00131622307449 0.00137989623741 0.000590773665155 0.00106379104633 0.00172859983719 0.0027842598018 -0.000990121477629 0.00109746165414 
0.000161995410769 -0.00254379697761 0.00194255566 0.00178483217613 0.00221835526383 0.00154848796041 0.0245186065342 0.00308789850283 0.00458096284575 0.00222211055265 0.0028795459609 0.00165454819349 0.00095418132494 0.00319032161581 -0.00105598186089 0.000238015993727 0.00193547648011 0.0297805396928 0.000840376004761 0.0020525777628 0.000821021865487 -0.00141433293066 0.0041781715863 0.00105587612013 0.0019973000632 0.00261009954362 0.00169649851938 0.0036892021091 0.00133696902245 0.00228565471389 
-3.50564567446e-05 -0.000888998029202 -0.00052619537284 -0.000678177981873 -0.00258722892519 -0.00157136258782 0.000377429157995 0.000366609055848 -0.00182043792496 0.00143653053392 -0.00125547437749 -0.000562715334415 -0.000792557781362 -0.000657955158538 -0.00141811947514 -0.000366819498418 0.000933722927939 0.000840376004761 0.0927567681059 -0.000936708029775 -0.00115464979089 -0.000647901362962 8.25987433967e-05 -0.000633027570843 -0.000644985961 9.10481679069e-05 -0.000688964576056 -0.000464131997943 -0.00124350963886 0.00117428444571 
0.000806995498358 0.00202652214377 0.00263644607979 0.000195959751888 0.00377743983837 0.00106768123534 -0.000802118283472 0.00147930618786 -0.000409883691949 -0.000562356372819 0.00168497568263 0.00132600094166 0.00257712592764 -0.000296573496919 0.00156209950351 0.00217520862348 0.00110522491379 0.0020525777628 -0.000936708029775 0.0188122045021 0.0032013905477 0.00206289619376 0.000990197282964 0.00183301192987 0.00118169962147 0.00411026275736 -0.000803447254333 0.00130376061318 0.000976248620965 0.00158262800308 
0.00184649952415 0.00903181722713 0.00308880120479 0.00221553457845 0.00244781793247 0.00102207604637 0.00120849266517 0.000463213938781 0.00061655677855 0.000462789371079 0.00152800163955 0.00133741364965 0.00187842458733 0.000301216081928 0.00692903402965 0.00268168931325 0.00141824904154 0.000821021865487 -0.00115464979089 0.0032013905477 0.0250426720562 0.000986512135644 0.00185563114682 0.00102346899951 0.00148284002756 0.000126294396884 -0.00215746814483 0.00129990179224 0.00160285847758 0.0024944785499 
0.00200149024402 0.00114836106863 0.000871814059226 -0.00106388848767 -0.000217222842592 -0.00094277450153 0.00139024348498 0.00181803834813 0.00223597687479 -0.000497921104098 0.00016107926158 0.00211987667952 0.000820499477986 0.00316583265454 -0.000797957635728 0.00327268474357 0.00200313127333 -0.00141433293066 -0.000647901362962 0.00206289619376 0.000986512135644 0.0274673822633 0.00125440249893 -0.000646105874819 8.12143199347e-05 0.000613919050789 0.00576574801723 0.00580781508396 -0.000423718017247 0.000213931568555 
0.00037001639407 0.00428540804208 0.00207608042692 0.000165258235394 0.00134726714092 0.000520908610645 0.00155533044967 0.00206993755066 0.00320585005315 0.00179045176314 0.00209328664219 0.00112422693763 0.00288153752799 0.00117442983919 0.00118099400541 0.000687644876733 0.00131622307449 0.0041781715863 8.25987433967e-05 0.000990197282964 0.00185563114682 0.00125440249893 0.0220935553653 0.00324805544358 0.000395495804969 0.00153195542193 -0.000771818114473 0.00363441513726 0.000753528161701 0.00161857294768 
0.00166163462997 0.00156925285753 0.0025549142923 0.0027724256922 0.000871818065979 0.00075806341516 0.000262307768798 0.00047340065788 0.00201774393293 0.000953209273813 0.000287160359354 0.00512706868538 0.00303506497688 0.00227657739899 0.00156171539077 0.00122920072684 0.00137989623741 0.00105587612013 -0.000633027570843 0.00183301192987 0.00102346899951 -0.000646105874819 0.00324805544358 0.0258320332251 0.000920412923094 0.00263035102648 0.000592659986912 0.00261696217509 0.00195812854927 0.00152351632997 
-0.000628415612689 0.000643049706716 0.000604993180258 0.000647057921188 0.00141925032482 0.000588439138449 0.000305207056917 0.00125143141687 0.00232030597111 0.000363525416797 0.00247011178064 0.000949753593111 0.00123147880039 0.000172459744369 0.00436844985877 0.00117291323306 0.000590773665155 0.0019973000632 -0.000644985961 0.00118169962147 0.00148284002756 8.12143199347e-05 0.000395495804969 0.000920412923094 0.011854969711 0.00298521472501 0.000662895733842 0.00220583794282 0.00194772916593 0.00243172116272 
0.000809244881213 0.000371579452742 0.00325560877665 0.00111469087826 0.00144436673206 0.000445650142832 0.00235574586063 0.0045893155533 0.00152893956366 -0.000180431950908 0.0015007424675 0.00163064304194 0.00199899825321 0.0025655191273 0.00161493250474 0.000853485357654 0.00106379104633 0.00261009954362 9.10481679069e-05 0.00411026275736 0.000126294396884 0.000613919050789 0.00153195542193 0.00263035102648 0.00298521472501 0.0194348795483 0.00195813761066 0.00220848883953 0.00301366369914 0.00210354790217 
0.00291729058871 0.00201163224857 0.00119958076132 -7.51192774296e-07 0.000539619878165 0.00182128706675 0.00190003231511 0.00463624095101 0.0017030991172 0.000470365505276 -6.17618398693e-05 0.00012478452111 -4.80036607366e-05 -0.00064342915051 -0.000107607713765 0.00171824642968 0.00172859983719 0.00169649851938 -0.000688964576056 -0.000803447254333 -0.00215746814483 0.00576574801723 -0.000771818114473 0.000592659986912 0.000662895733842 0.00195813761066 0.0537980087149 0.0028486568752 0.00126762213105 0.00122503411427 
0.00164415010012 0.00199579074715 0.00328362907345 0.0046335564323 0.00341380213902 -0.000295523959764 0.00213684336194 0.00530076706514 0.00334232812371 9.01805159853e-06 0.00179772459631 0.00337683318342 0.00183052447444 0.00380809738047 0.000649667189425 0.00386240303271 0.0027842598018 0.0036892021091 -0.000464131997943 0.00130376061318 0.00129990179224 0.00580781508396 0.00363441513726 0.00261696217509 0.00220583794282 0.00220848883953 0.0028486568752 0.0394008770214 0.00218936210052 0.00322685949617 
0.001547409265 0.00335109506958 0.00264057708456 0.000244382660301 0.00182048740894 5.45178904407e-05 0.00125989827412 0.00236958411198 0.00151538616729 -4.76249855433e-05 0.0010887757187 0.00110284278494 0.000917443691217 0.00156875845221 -0.000121527769114 0.00141038499388 -0.000990121477629 0.00133696902245 -0.00124350963886 0.000976248620965 0.00160285847758 -0.000423718017247 0.000753528161701 0.00195812854927 0.00194772916593 0.00301366369914 0.00126762213105 0.00218936210052 0.0202135936025 0.00239883856987 
0.000366109413359 0.00042781846068 0.00247660988111 0.00140989989019 0.00147791052047 0.00217140541601 0.0029172841711 0.00138769619605 0.00441468108793 0.000535503562081 0.00279689577928 0.00119368590814 0.00277141861682 0.00140370519521 0.00104580199461 0.00183007626897 0.00109746165414 0.00228565471389 0.00117428444571 0.00158262800308 0.0024944785499 0.000213931568555 0.00161857294768 0.00152351632997 0.00243172116272 0.00210354790217 0.00122503411427 0.00322685949617 0.00239883856987 0.0124222883904 

['ADP', 'QCOM', 'CCL', 'EDS', 'CB', 'SGP', 'MNST', 'PH', 'ODP', 'NKE', 'BLL', 'CSCO', 'C', 'AZO', 'WMB', 'WY', 'TEK', 'HPC', 'CVG', 'SAFC', 'PRU', 'DIS', 'INTC', 'MMC', 'ED', 'CMCSA', 'IGT', 'FSL.B', 'MHP', 'GPC']