20
0.0723018126246 0.148588071013 0.109746753301 0.0431194173031 0.0914492870129 0.0463620133958 0.0328492958576 0.234257183995 0.752636600207 0.00646873977314 0.282509070746 0.0408960175479 0.0172523696575 0.0146033592013 0.126841392599 0.00496789573306 0.075466134778 0.12260521459 0.28152338764 0.162419244675 
0.468256036159 0.0613434018186 0.0119940000656 0.0196993709297 0.0879413729718 0.0215250240718 0.0460864842082 0.0107678816344 -0.0394970805571 0.0299404156284 0.0481566423461 0.0273718322789 0.0331949971809 0.0435231716278 0.00409835300156 0.00988784773597 0.0221636960425 0.0599895528558 0.0183107699284 0.00582047541421 
0.0613434018187 0.479991951644 0.0126641272632 0.00756245956205 0.0672818192079 0.0392699412479 0.0446303624285 0.00379801009691 -0.0243405981945 0.040772123855 0.0371032519715 0.0236871695579 0.0331243407415 0.0183310526015 0.0341409997902 0.00937404008601 0.0131461105401 0.0278448093405 0.00658299697613 -0.000421275417854 
0.0119940000656 0.0126641272632 0.362766611808 0.0327266579223 0.0206989752784 0.0430480400011 0.0190790814735 0.0190272841965 0.0104906718407 0.00859282577241 0.196258503806 0.030120147916 -0.0129047809914 0.0196733764082 -0.0214006582114 0.0184019237173 -0.0266208206685 0.0407651257303 -0.00966686622342 0.0354001242689 
0.0196993709297 0.00756245956205 0.0327266579223 0.190310343043 0.0313295845362 0.0290039134133 0.0101257467126 0.0107168993004 -0.0254107259074 0.0233354351521 0.0347320392342 0.0303861940054 -0.00236208388336 0.0071784289364 0.0126093974918 0.0140751368393 0.00834818090903 0.0191867064223 -0.00703936799828 0.00977919038759 
0.0879413729718 0.0672818192079 0.0206989752784 0.0313295845362 0.483193842412 0.0273218855862 0.0652723867597 0.045588813643 -0.0286261919841 0.0553271253319 0.0490479377139 0.051509803338 0.0388962562465 0.0207927662258 0.0128922289385 0.0357594119129 0.0299240479244 0.0607928802943 -0.0247839630826 0.0693934509144 
0.0215250240717 0.0392699412479 0.0430480400011 0.0290039134133 0.0273218855862 0.403415864003 0.00185457104004 -0.0244527484514 -0.0116681083546 0.0211080026625 -0.0170142666929 0.0376871806018 -0.00401708722097 0.0128913241048 0.0117244090785 0.0101685554202 0.00729805501147 0.0245054893074 -0.010371745367 -0.0010022903795 
0.0460864842083 0.0446303624285 0.0190790814735 0.0101257467126 0.0652723867597 0.00185457104003 0.331153799491 0.0289533887753 -0.00747915293005 0.0203754853855 0.049693544092 -0.00022227845095 0.0184758285834 0.010140648819 -0.0201853148658 0.0118815068378 -0.0123290274869 0.0315544905311 -0.0177925477561 0.0225179929366 
0.0107678816344 0.00379801009691 0.0190272841965 0.0107168993004 0.045588813643 -0.0244527484514 0.0289533887753 1.26092894006 -0.0704262387727 0.0244788110124 0.00457691137259 0.00512210421327 -0.0342708348543 0.00168424027448 0.0261849112843 0.00187274840837 0.00277581902523 0.0467926098058 -0.0328722661679 -0.0177636188179 
-0.0394970805571 -0.0243405981945 0.0104906718407 -0.0254107259074 -0.0286261919841 -0.0116681083546 -0.00747915293005 -0.0704262387727 7.42033107292 -0.00910693042269 0.0162824424748 0.039249217043 -0.00685345874375 0.00117799618274 0.00108476030111 -0.0176619444579 0.0130315589504 -0.00246906675341 -0.0385294359232 0.0128519343909 
0.0299404156284 0.040772123855 0.0085928257724 0.0233354351521 0.0553271253319 0.0211080026625 0.0203754853855 0.0244788110124 -0.00910693042269 0.203517817744 -0.00714994926486 0.0339363101423 0.0279101876008 0.0071927475144 0.00589653426283 0.00911384818325 0.0147808593144 0.0540488163513 0.0121658050494 0.0158321851415 
0.0481566423461 0.0371032519716 0.196258503806 0.0347320392342 0.0490479377139 -0.0170142666929 0.049693544092 0.00457691137259 0.0162824424748 -0.00714994926486 0.861850414572 0.00993309664336 -0.0427228827193 0.0142038576254 0.0287551818453 0.0229580854516 0.0469918206291 0.0344114255258 -0.0371899971918 0.037705090005 
0.0273718322789 0.0236871695579 0.030120147916 0.0303861940054 0.0515098033381 0.0376871806018 -0.000222278450947 0.00512210421327 0.039249217043 0.0339363101423 0.00993309664336 0.216672587056 0.0185170050724 0.00125576428396 0.0183056382065 0.00967749808289 -0.0295264520135 0.0165039471816 0.000976476584831 0.021354111953 
0.0331949971809 0.0331243407415 -0.0129047809914 -0.00236208388336 0.0388962562465 -0.00401708722097 0.0184758285834 -0.0342708348543 -0.00685345874375 0.0279101876008 -0.0427228827193 0.0185170050724 0.187980516589 -0.00289978077751 0.0377188309834 0.0243928839276 0.0101909421778 0.0285628767077 -0.0138142491784 -0.00100898183384 
0.0435231716278 0.0183310526015 0.0196733764082 0.0071784289364 0.0207927662258 0.0128913241049 0.010140648819 0.00168424027447 0.00117799618274 0.0071927475144 0.0142038576254 0.00125576428396 -0.00289978077751 0.174670122045 0.0478715362411 0.00253552879246 0.0116337705211 0.0146566420503 -0.000141820335111 -0.0141463441787 
0.00409835300155 0.0341409997902 -0.0214006582114 0.0126093974918 0.0128922289385 0.0117244090785 -0.0201853148658 0.0261849112843 0.00108476030111 0.00589653426284 0.0287551818453 0.0183056382065 0.0377188309834 0.0478715362411 0.862761234744 0.0198428197108 0.166595896572 0.0162940609755 0.00394381439162 0.0516812340857 
0.00988784773596 0.00937404008602 0.0184019237173 0.0140751368393 0.0357594119129 0.0101685554202 0.0118815068378 0.00187274840837 -0.0176619444579 0.00911384818325 0.0229580854516 0.00967749808289 0.0243928839276 0.00253552879245 0.0198428197108 0.195039658321 0.0102490227952 0.0277681871326 0.00822461627489 0.0319022312375 
0.0221636960425 0.0131461105401 -0.0266208206685 0.00834818090902 0.0299240479244 0.00729805501145 -0.0123290274869 0.00277581902523 0.0130315589504 0.0147808593144 0.0469918206291 -0.0295264520135 0.0101909421778 0.0116337705211 0.166595896572 0.0102490227952 0.433217314157 0.00153576527434 -0.0100176450515 -0.0017212647223 
0.0599895528558 0.0278448093405 0.0407651257303 0.0191867064223 0.0607928802943 0.0245054893074 0.0315544905311 0.0467926098058 -0.00246906675341 0.0540488163513 0.0344114255258 0.0165039471816 0.0285628767077 0.0146566420503 0.0162940609755 0.0277681871326 0.00153576527434 0.215891466742 -0.0176969805997 0.0113916812346 
0.0183107699284 0.00658299697614 -0.00966686622342 -0.00703936799828 -0.0247839630826 -0.010371745367 -0.0177925477561 -0.0328722661679 -0.0385294359232 0.0121658050494 -0.0371899971918 0.000976476584831 -0.0138142491784 -0.000141820335112 0.00394381439162 0.00822461627489 -0.0100176450515 -0.0176969805997 1.93781229008 -0.0154356784355 
0.00582047541421 -0.000421275417858 0.0354001242689 0.00977919038759 0.0693934509144 -0.0010022903795 0.0225179929366 -0.0177636188179 0.0128519343909 0.0158321851415 0.037705090005 0.021354111953 -0.00100898183384 -0.0141463441787 0.0516812340857 0.0319022312375 -0.0017212647223 0.0113916812346 -0.0154356784356 1.3024043022 
0.0405521622789 0.00531249443295 0.00103871087498 0.00170601556637 0.00761594630373 0.00186412176632 0.00399120660954 0.000932525904036 -0.00342054751377 0.0025929160534 0.00417048756327 0.00237047021017 0.00287477108372 0.00376921722829 0.000354927781303 0.00085631273281 0.00191943238145 0.00519524767348 0.00158575919208 0.000504067957081 
0.00531249443296 0.0415685223736 0.00109674559267 0.000654928209583 0.00582677646468 0.00340087667258 0.00386510276432 0.000328917322775 -0.00210795763797 0.00353096950246 0.00321323587704 0.00205136905809 0.00286865205657 0.0015875157231 0.00295669731289 0.000811815685058 0.00113848656887 0.00241143122524 0.000570104261437 -3.64835213851e-05 
0.00103871087498 0.00109674559267 0.0314165101471 0.00283421171417 0.00179258384234 0.00372806962241 0.00165229692369 0.00164781114792 0.00090851883168 0.00074416054092 0.0169964850004 0.0026084813261 -0.00111758681688 0.00170376437477 -0.00185335136688 0.00159365334177 -0.00230543069685 0.00353036344709 -0.000837175172446 0.0030657406914 
0.00170601556637 0.000654928209583 0.00283421171417 0.0164813591678 0.00271322160984 0.00251181258251 0.00087691538854 0.000928110704398 -0.00220063341644 0.00202090796501 0.0030078828302 0.0026315215933 -0.000204562464886 0.000621670181818 0.00109200585543 0.00121894260645 0.000722973674261 0.00166161751766 -0.00060962715131 0.00084690273041 
0.00761594630372 0.00582677646469 0.00179258384234 0.00271322160984 0.0418458142481 0.00236614469969 0.00565275450996 0.00394810707433 -0.00247910094718 0.00479146960558 0.00424767600634 0.00446087982347 0.00336851460216 0.00180070637665 0.00111649977722 0.00309685591409 0.00259149856866 0.00526481787041 -0.0021463541636 0.00600964913481 
0.00186412176632 0.00340087667258 0.00372806962241 0.00251181258251 0.0023661446997 0.0349368386516 0.00016061056338 -0.00211767013513 -0.00101048782492 0.00182800665289 -0.00147347871828 0.00326380557982 -0.000347889958258 0.00111642141632 0.00101536361063 0.00088062273137 0.000632030103815 0.00212223762724 -0.000898219496938 -8.68008930616e-05 
0.00399120660955 0.00386510276432 0.00165229692369 0.00087691538854 0.00565275450996 0.000160610563379 0.0286787602919 0.00250743702051 -0.000647713643621 0.00176456879583 0.00430358715878 -1.92498785236e-05 0.00160005369092 0.000878205948814 -0.00174809954571 0.00102896867568 -0.00106772510076 0.00273269904034 -0.00154087983548 0.00195011539254 
0.000932525904037 0.000328917322775 0.00164781114792 0.000928110704399 0.00394810707433 -0.00211767013513 0.00250743702051 0.109199649446 -0.00609909118702 0.00211992721912 0.000396372151954 0.000443587236953 -0.00296794135928 0.000145859486377 0.0022676798368 0.000162184769654 0.000240392979215 0.00405235888012 -0.00284682175814 -0.00153837451594 
-0.00342054751377 -0.00210795763797 0.00090851883168 -0.00220063341644 -0.00247910094718 -0.00101048782492 -0.000647713643621 -0.00609909118702 0.642619521364 -0.000788683309655 0.00141010088188 0.00339908190379 -0.000593526937587 0.000102017461982 9.39429977777e-05 -0.00152956925807 0.00112856611019 -0.000213827453209 -0.0033367470303 0.00111301016703 
0.0025929160534 0.00353096950247 0.000744160540919 0.00202090796501 0.00479146960558 0.00182800665289 0.00176456879583 0.00211992721912 -0.000788683309655 0.0176251600289 -0.000619203769914 0.0029389706694 0.00241709314867 0.000622910207048 0.00051065484659 0.000789282405293 0.0012800599656 0.00468076480047 0.00105358962303 0.00137110745299 
0.00417048756327 0.00321323587704 0.0169964850004 0.0030078828302 0.00424767600634 -0.00147347871828 0.00430358715878 0.000396372151954 0.00141010088188 -0.000619203769914 0.0746384353282 0.00086023140314 -0.00369991017578 0.00123009015353 0.00249027179684 0.00198822852234 0.00406961104349 0.00298011686858 -0.00322074823348 0.00326535657963 
0.00237047021017 0.00205136905809 0.0026084813261 0.0026315215933 0.00446087982347 0.00326380557982 -1.92498785234e-05 0.000443587236953 0.00339908190379 0.0029389706694 0.00086023140314 0.0187643964695 0.00160361967947 0.000108752377108 0.00158531477193 0.000838095918486 -0.00255706575273 0.0014292837522 8.45653528664e-05 0.00184932034266 
0.00287477108372 0.00286865205657 -0.00111758681688 -0.000204562464886 0.00336851460216 -0.000347889958258 0.00160005369092 -0.00296794135928 -0.000593526937587 0.00241709314867 -0.00369991017578 0.00160361967947 0.0162795902783 -0.000251128381873 0.00326654658327 0.00211248571528 0.000882561481445 0.0024736176834 -0.00119634907227 -8.73803900059e-05 
0.00376921722829 0.0015875157231 0.00170376437478 0.000621670181819 0.00180070637665 0.00111642141632 0.000878205948814 0.000145859486377 0.000102017461981 0.000622910207048 0.00123009015353 0.000108752377108 -0.000251128381873 0.0151268762973 0.0041457966503 0.00021958323463 0.0010075140813 0.00126930243497 -1.2282001298e-05 -0.00122510934294 
0.000354927781302 0.00295669731289 -0.00185335136688 0.00109200585543 0.00111649977722 0.00101536361064 -0.00174809954571 0.0022676798368 9.39429977777e-05 0.00051065484659 0.00249027179684 0.00158531477193 0.00326654658327 0.0041457966503 0.0747173146689 0.00171843859523 0.0144276278597 0.00141110707356 0.000341544345095 0.00447572616171 
0.00085631273281 0.000811815685059 0.00159365334177 0.00121894260645 0.00309685591409 0.000880622731369 0.00102896867568 0.000162184769654 -0.00152956925807 0.000789282405293 0.00198822852234 0.000838095918486 0.00211248571528 0.000219583234629 0.00171843859523 0.0168909298851 0.000887591410461 0.00240479554739 0.000712272663043 0.00276281426891 
0.00191943238145 0.00113848656887 -0.00230543069685 0.00072297367426 0.00259149856866 0.000632030103813 -0.00106772510076 0.000240392979215 0.00112856611019 0.0012800599656 0.00406961104349 -0.00255706575273 0.000882561481445 0.0010075140813 0.0144276278597 0.00088759141046 0.0375177199419 0.000133001174182 -0.000867553510072 -0.000149065897615 
0.00519524767348 0.00241143122524 0.00353036344709 0.00166161751766 0.00526481787041 0.00212223762724 0.00273269904034 0.00405235888012 -0.000213827453209 0.00468076480047 0.00298011686858 0.0014292837522 0.0024736176834 0.00126930243497 0.00141110707356 0.00240479554739 0.000133001174183 0.0186967494659 -0.00153260347696 0.000986548534099 
0.00158575919208 0.000570104261437 -0.000837175172446 -0.00060962715131 -0.0021463541636 -0.000898219496938 -0.00154087983548 -0.00284682175814 -0.0033367470303 0.00105358962303 -0.00322074823348 8.45653528664e-05 -0.00119634907227 -1.2282001298e-05 0.000341544345095 0.000712272663043 -0.000867553510072 -0.00153260347696 0.167819467097 -0.00133676896498 
0.000504067957081 -3.64835213855e-05 0.0030657406914 0.00084690273041 0.00600964913481 -8.68008930612e-05 0.00195011539254 -0.00153837451594 0.00111301016703 0.00137110745299 0.00326535657963 0.00184932034266 -8.73803900059e-05 -0.00122510934294 0.00447572616171 0.00276281426891 -0.000149065897615 0.000986548534099 -0.00133676896498 0.11279152117 

['MBI', 'CC', 'UNP', 'SEE', 'KBH', 'HMA', 'HAS', 'CSC', 'SBL', 'BBT', 'AMD', 'FISV', 'SLM', 'CZN', 'ACS', 'AEP', 'XRX', 'GS', 'ESRX', 'HUM']