50
0.0861575830063 0.0831393543584 0.0291549562933 -0.00660692339257 0.0939670182087 0.0203567883068 0.0160922749751 0.0677272644226 0.035272852014 0.0914492870129 0.0123351660469 0.330982708656 0.0166595463284 0.12993100308 0.00640420781163 0.00646873977314 0.0300827450696 0.0444525953717 0.0913653440874 0.0598638009539 0.114977551813 0.00496789573306 0.0714432896303 0.101801748802 0.0324129219316 0.0584521455196 0.0917148498368 0.357744060202 0.165275344352 0.0585004976968 0.0901624306535 0.143553651187 0.105790735219 0.134016582451 0.0070666509449 0.00477989818121 0.0309991269713 0.0605665428979 0.100886603299 0.0507347996455 0.0519302207626 -0.00168409401267 0.0493870590102 0.036872425502 0.0962618702605 0.0755027876102 -0.0148687542544 0.135848421796 0.158066549078 0.0801839086902 
0.50652162848 0.0115647601894 0.0141947803555 -0.000499959499561 0.00664831964007 0.0233141366924 -0.0204555176643 0.0678218093141 0.0260160970871 0.00199088203573 0.00788089138802 0.0983593601195 0.0231233553148 -0.0274100440294 0.00202686105245 0.0159412876212 -0.00199295444745 0.0283931557682 -0.00422072895874 -0.00296702372037 0.0315694456765 -0.00330896203617 -0.00277402214285 -0.016995126222 0.0151450219154 0.0282481821336 -0.00565836300886 -0.00631992711009 0.00451838218663 0.054254132123 0.0334258386038 0.0440703099853 -0.00348274849492 0.0158332967853 0.0259211253432 -0.00311045725456 -0.00155064115757 -0.00516500606456 0.0155318742007 0.0134981708247 0.0273492419207 0.00914343222531 0.01230090787 0.0289961297844 -0.0164183659069 -0.017474894658 -0.00362171882291 0.0101958826755 0.00469404200109 0.228827853698 
0.0115647601894 0.298142515822 0.0124211864405 0.0118888692756 0.0096903908586 0.0136572307273 -0.0283141553431 0.0182740497822 0.00893441984467 0.0485679587817 0.00440192024805 -0.00390335201041 0.00889072634831 -0.00303355278483 0.0199325639551 0.00792117675365 0.000736566643514 -0.00155242052073 0.0211751186437 0.0212921189193 0.0726718013187 -0.00296478178875 0.0264282879577 0.00561795978438 -0.000972970272902 0.0207286751788 0.0223956095226 0.0207450110265 -0.025253947135 -0.00231901338652 0.0383118781603 0.0118174079174 0.0169052530136 0.0121105633895 0.00751993885298 0.0045498318398 -0.0063569170199 0.0131822531535 0.00688798614534 0.0162762228082 -0.00949081532353 0.00928164052969 -0.00992888028771 0.0101588198865 0.0288104537304 0.0169379190326 0.00207801831554 0.0143901784022 -0.0382016365421 -0.00563455084823 
0.0141947803555 0.0124211864405 0.237463515819 0.0150398030564 0.000217990279971 0.0214063325824 0.00876943782277 0.0143048605225 0.018262604276 0.00580670215679 0.00754068245121 0.00441572252219 0.00949007545411 0.0174381487186 0.029538587006 0.0241449714086 -0.000229532414093 0.0104391258595 0.00969771188358 0.016782465537 -0.000351569887897 -0.00572942062885 0.0157763694618 0.016597374697 -0.00151064379073 0.0333304861174 0.0141240304602 -0.0202550271462 0.00247012661459 -0.0238774015614 0.0710162799385 -0.0158314814984 0.0161560339974 0.0116373072058 0.0110892009783 0.0103197763761 0.00642769191466 0.0047118331848 0.00618520982304 0.0243976561214 0.0039812028153 0.0220464653868 0.00232369137134 0.00178736055705 0.0115886702687 0.0389271383279 0.00672792937998 -0.00792117031383 -0.00580841723774 0.0225784291667 
-0.00049995949956 0.0118888692756 0.0150398030564 0.172743866129 0.0316020275343 0.0407109841998 0.00872421748269 0.0173199112656 0.0042009262007 0.0370578136312 0.0187214267741 0.00450308840281 0.0126322261631 -0.00620279030406 0.0106033242499 0.0253731655404 0.0192389500301 0.0110763379169 0.0242516994014 0.0160349921748 0.0327029771952 0.00494586818113 0.0102280018868 0.0165693814363 0.0137313426059 0.00853348258923 0.018716757407 0.00231521169647 0.00906468174503 0.020126711696 0.0176892651222 0.00879933797233 0.0223548126582 0.0226675782964 0.00999172979729 0.0177345028384 0.00860875123891 0.0111719932303 -0.004622156727 0.025101981878 0.0136263780421 0.0300465637021 0.00307971323904 0.022901570754 0.00294509704155 0.0222506796824 -0.0008506542195 0.00156993616938 -0.00774084969012 0.0225024832444 
0.00664831964007 0.00969039085861 0.000217990279972 0.0316020275343 0.206526082877 0.0177520871975 -0.00688258179692 0.00419450410155 0.0177464016845 0.0517904220213 0.0204409943083 0.00106994545927 0.023383852819 0.0472620162991 0.0323060272901 0.029555720299 0.0154027765179 -3.89910119752e-05 0.00497341763503 0.0536719355105 0.043653637754 0.0399292875165 -0.0108299016033 -0.00359640798314 0.00595272391198 0.0221856453638 0.0673506768286 0.0577352901731 -0.00575901822484 0.0157779234957 0.0183771832564 0.0494883057922 0.033279543773 0.0341924909851 0.00700199512437 0.0195195792568 0.00267937002663 0.0232127700536 0.00780550396168 0.0287406042301 0.0334926803592 0.0203530733792 0.0233507946745 0.0138423809888 0.0261039741032 0.0212161794339 0.0265162883866 0.0267549080828 -0.0255819459567 0.0114972557034 
0.0233141366924 0.0136572307273 0.0214063325824 0.0407109841998 0.0177520871975 0.263174779212 0.00821938008113 0.0272754410809 0.00876878308814 0.0121595020949 0.0246153212365 -0.0015185609289 0.00955632150153 -0.0130294443611 0.00493614269376 0.047357882503 0.00701401412342 -0.0138836911085 0.0144513121993 0.0210301422931 0.00732333884914 -3.77249309501e-05 0.00932327710131 0.0109462184662 0.0173178238024 0.0155127097078 0.0311078012085 0.00483427354381 0.0224346216323 0.0211559291935 -0.00522807313493 0.0112602572992 0.0111859386824 0.0225683180947 0.0133373807172 0.0485144006184 0.0174146359011 0.0280039196566 -0.00179684079309 0.0319877353317 -0.00118961456798 0.0101143932577 -0.00215637063744 0.0163194036342 -0.0229263076596 0.0167657338696 0.00220375417331 0.00617420575865 0.00849929055397 0.0221242992234 
-0.0204555176642 -0.0283141553431 0.00876943782277 0.00872421748269 -0.00688258179693 0.00821938008113 0.215046787881 -0.00804709827124 0.0014412787361 0.00952135756765 0.00886953454664 0.0171370488147 -0.00415985509568 0.00540817796959 0.00605546448693 0.00343369203117 0.00331411778818 0.0111589056015 0.011924292444 0.00442175911814 0.0154729954881 0.00996405987607 -0.00189093149782 -0.00594281339944 0.00689842384683 0.0162686507197 -0.0032856315719 0.033939726458 -0.00315369772527 -0.0102747344114 0.0109350153207 0.0208728332398 -0.00523433466711 0.0108797626454 -0.00171250912341 0.010613248649 0.0167375478735 -0.00336452689734 0.00665652546999 0.016671614803 -0.00781225410917 0.00782577009508 -0.00756146938683 -0.00587926106847 0.0334415602201 0.00851839332105 0.008650261921 0.00301655483087 0.0428586901772 -0.0232627875636 
0.0678218093141 0.0182740497822 0.0143048605225 0.0173199112656 0.00419450410155 0.0272754410809 -0.00804709827124 0.277580768727 0.0353727449467 -0.00918927117693 0.0113195477679 0.00947363789458 0.00711627486408 -0.0211041778533 -0.00815129029795 0.0400800553384 0.0140351515631 0.00239929475547 0.00962407550546 0.0219736806705 -0.00280391860981 0.00495479478499 -0.00135942069304 -0.00953253444796 -0.00678779871788 0.0101278417679 0.00624338815028 -0.0171581636285 -0.000976831535623 0.00646928333715 0.0179064285389 0.00185013162222 0.0295393073851 0.026683426658 0.0152267025891 0.00558063376831 0.025577447655 -0.00647805029236 0.00731519560192 0.0101115582591 0.0106856187969 0.00981317080472 0.00509868895093 0.0151493816059 -0.00458935621322 0.00143639960717 -0.00334045313204 0.00243606336174 -0.00499667671503 0.105375562972 
0.0260160970871 0.00893441984467 0.018262604276 0.0042009262007 0.0177464016845 0.00876878308815 0.0014412787361 0.0353727449467 0.264491211824 0.0179231407155 0.0132485526546 0.0395598815465 0.0120897578925 0.00474396081709 -0.00845050745666 0.0161672997915 0.0149399017925 0.0105895788683 0.0093972688474 0.0107963759159 0.00165296344567 1.4613675474e-05 -0.00651639574616 0.0262315510233 0.0122313955616 0.0194352847542 0.0225540376679 -0.00572434500532 -0.0168235128428 0.0230884832898 0.0253127415451 0.00645806628428 0.000106699724293 0.00873550504509 0.0096688897277 0.0150625961464 0.000532729130607 0.0243329012419 0.0108129216804 0.0166762792775 0.0117080963244 0.0184172697668 0.00129318588556 0.0439320283241 0.0229556139801 -0.0016182647689 0.0114994502718 -0.0125424354299 -0.00223238288233 0.045242903298 
0.00199088203574 0.0485679587817 0.00580670215679 0.0370578136312 0.0517904220213 0.0121595020949 0.00952135756765 -0.00918927117693 0.0179231407155 0.441034853431 0.0250251686254 -0.0141690971183 0.0387325320508 0.0945787826383 0.0473018523757 0.0469372325545 0.00542499720765 0.046417749199 0.0911127325398 0.0470917170847 -0.0128296228758 0.0233234259535 0.0489099924634 0.0325436758094 0.0223895087973 0.0181444670587 0.0417277398609 0.0218626087531 -0.00705761970104 0.0530478636695 0.0708892036172 0.119031337716 0.0398256481962 0.0280621384946 -0.00188858958312 0.0265255906057 0.038226404348 0.0464462008822 0.0107296504826 0.0527797594324 0.0139744216683 0.0110254664964 0.0538558538836 0.0129119597191 0.0343797759529 0.0286457514154 0.0290145388941 0.0193383682735 0.0122171022117 0.0306549537119 
0.00788089138802 0.00440192024805 0.00754068245121 0.0187214267741 0.0204409943083 0.0246153212365 0.00886953454664 0.0113195477679 0.0132485526546 0.0250251686254 0.217518499614 0.00633532244959 0.0168362788623 0.0151200671102 0.00510979841939 0.0264336590584 0.0157232267042 0.00662123571025 -0.0121687618327 0.0208809579263 0.000159834950749 0.00533483487689 -0.00887063929998 0.00143467424301 0.0437241943095 0.0171849814765 0.00269331435169 0.00292732116332 -0.0226216626055 0.0206191446534 -0.0168554131705 0.00951459985216 -0.0022272451988 0.0158271344766 0.0226537590343 0.0193330245926 0.00987153241984 0.00891435325891 -0.00976767069809 0.0115232578033 0.00229070558477 0.0151817726472 0.00926396411966 0.0125037246243 0.0280938413399 -0.0238537806019 0.00962404457267 -0.00965933516525 0.000412772253774 0.00105092447317 
0.0983593601195 -0.00390335201041 0.00441572252219 0.00450308840281 0.00106994545927 -0.0015185609289 0.0171370488147 0.00947363789458 0.0395598815465 -0.0141690971183 0.00633532244959 1.0011504289 0.0140280691412 0.0612050523772 -0.010077329208 -0.0158976847454 0.0180660657624 0.000164980107932 0.0250879032323 0.012121572052 0.0799602323713 0.0151205449085 0.00409873302212 0.024991097723 0.0437856524824 -0.000908815835645 0.00842697722728 0.0153454589087 0.0169039082596 0.0414072776542 0.0221778815664 0.0206760185898 -0.00611916501646 -0.0163711704435 0.0338517416618 0.0135588294547 -0.0127543949782 0.0132955980914 -0.0104058627826 0.00351428037991 0.0309178048331 0.0216485221405 0.000417432515828 0.036107255108 0.0785594677541 0.0753410618163 0.0151406268103 0.0016623412174 0.0587742490865 0.0579546422654 
0.0231233553148 0.0088907263483 0.00949007545411 0.0126322261631 0.023383852819 0.00955632150153 -0.00415985509568 0.00711627486408 0.0120897578925 0.0387325320508 0.0168362788622 0.0140280691412 0.190051598639 0.0482153023253 0.0131009316945 0.0199638861623 0.015853716718 0.0347299481199 0.0144819600437 0.0365417508367 0.00608527630628 0.0237176320158 0.0328686755959 0.046494297777 -0.00557614923044 -0.00608069962775 0.00683488548775 -0.0127210006523 -0.0131638034539 0.0197634591732 0.0060370963741 0.0149482484391 0.0509370672314 0.0137341048872 0.00932738288143 0.0200248296689 -0.00168931043444 0.0101757528731 0.0224356161464 0.018201756292 0.0452168719937 -0.000636065160143 0.0180487705934 0.0205316343763 0.0324952062278 -0.0026403466093 0.0178746171862 0.0162163288124 -0.00698593763906 0.0401617356796 
-0.0274100440294 -0.00303355278483 0.0174381487186 -0.00620279030406 0.0472620162991 -0.0130294443611 0.00540817796959 -0.0211041778533 0.00474396081709 0.0945787826383 0.0151200671102 0.0612050523772 0.0482153023253 0.615415890318 0.0534286918579 -0.00352558977598 0.00274143187527 0.147667451019 0.0600143988415 0.0404410284045 0.0150233214092 0.0459578185983 0.0302607649142 0.0328721159402 -0.0112369389332 0.00453392492869 0.0417310541208 0.0144074272064 0.000233993452051 0.0430546861803 0.00245069024344 0.149930047193 0.0178246842891 0.0253424524432 -0.0100613640149 0.009804795457 -0.0130627547727 0.00139270501309 -0.0101878785616 0.0582963334281 0.0736142152187 0.00643260724591 0.0155929382868 -0.00955631499553 0.0674189637462 -0.0219738230047 0.0210963323807 -0.00209583043569 -0.0142516488555 0.0124657571903 
0.00202686105245 0.0199325639551 0.029538587006 0.0106033242499 0.0323060272901 0.00493614269375 0.00605546448693 -0.00815129029795 -0.00845050745666 0.0473018523757 0.00510979841939 -0.010077329208 0.0131009316945 0.0534286918579 0.156775567159 0.018240072489 0.000508518412277 0.0505062125148 0.0183505885295 0.0277120262268 0.0187843486848 0.0253035627944 -0.00231770738027 0.00616696994053 0.00181687170309 0.0216933124642 0.013126732047 0.0773312314219 0.00175645325792 0.0170084687035 0.0130690502569 0.0203240294186 0.0185179378916 0.0203084677401 -4.64266236347e-05 0.00496918240306 0.0102167609005 0.020934107062 0.00518875066653 0.0425386014875 0.0347240208543 0.0129575898709 0.0212964433151 0.00440034381034 0.032099559958 0.0108269128087 0.0384357078443 0.0140371221899 -0.00412334360088 -0.00267444659824 
0.0159412876212 0.00792117675365 0.0241449714086 0.0253731655404 0.029555720299 0.0473578825031 0.00343369203117 0.0400800553384 0.0161672997915 0.0469372325545 0.0264336590584 -0.0158976847454 0.0199638861623 -0.00352558977598 0.018240072489 0.176507206132 0.0235129369533 0.0193622742367 0.0193808842152 0.0233704186344 0.00642812148574 -0.000236959059438 0.00595361209276 0.0134343236001 0.0233296517245 0.0117197969345 0.0283652580625 -0.00271818538073 0.0189550647367 0.00939659220331 0.0309561060735 0.0288205514739 0.0217216010522 0.0359399892144 0.0118428350585 0.0165382651267 -0.00318924349851 0.0195498974224 -0.00585958898905 0.00978022821858 0.0313263692537 0.0130085562552 0.0192845521713 0.0274033333141 0.0222625152693 -0.003855110973 0.00750533608011 0.0155365163551 0.0216668883725 0.0347870922019 
-0.00199295444744 0.000736566643513 -0.000229532414095 0.0192389500301 0.0154027765179 0.00701401412342 0.00331411778818 0.0140351515632 0.0149399017925 0.00542499720765 0.0157232267042 0.0180660657624 0.015853716718 0.00274143187527 0.00050851841229 0.0235129369533 0.152511892871 -2.46195483946e-05 0.00446937504373 0.0186244585123 -0.00446074787501 0.00309253646666 0.0160131076229 -0.000337257452113 -0.00272911886225 -0.00183160729947 0.00748237786944 0.0197972433159 0.018612121131 0.0211113897758 0.0127795846524 -0.013805074558 0.0111294196789 -0.00363137947362 0.0200379899694 0.0150344664155 -0.000198346982106 0.00300923325102 0.016932586373 0.0144429072544 0.0155423374257 0.0017856082101 0.0216566870198 3.90710511723e-05 0.00185922771363 0.0147521553101 0.00711928150177 -0.00405406221073 0.0112618287436 0.010737364232 
0.0283931557682 -0.00155242052073 0.0104391258595 0.0110763379169 -3.89910119685e-05 -0.0138836911085 0.0111589056015 0.00239929475547 0.0105895788683 0.046417749199 0.00662123571025 0.000164980107932 0.0347299481199 0.147667451019 0.0505062125148 0.0193622742367 -2.46195483974e-05 0.224069835589 0.0204194975376 0.0196765677602 0.00449871434997 0.0233570991737 0.0184467346285 0.0127141795486 -0.00181746770083 0.0218630253662 0.00857455617258 0.0480472543859 0.00200647086063 0.01378427426 0.00801104126862 0.0243396699016 -0.00191976647702 0.0125339152721 0.0158356732371 0.00904239638629 -0.0112736674205 0.00936429673318 0.0127043910236 0.0110340035121 0.0335025662969 0.00337773944125 0.0161893747356 0.00216023090574 0.0194741753029 -0.00933377258431 0.0278088530703 0.00518723851193 -0.0173048537346 -0.00700941106762 
-0.00422072895873 0.0211751186437 0.00969771188358 0.0242516994014 0.00497341763503 0.0144513121993 0.011924292444 0.00962407550546 0.0093972688474 0.0911127325398 -0.0121687618327 0.0250879032323 0.0144819600437 0.0600143988415 0.0183505885295 0.0193808842152 0.00446937504373 0.0204194975376 0.325144146037 0.0186576964617 0.0122867533979 0.02401665052 0.0542895035445 0.0113887335286 0.0183467340181 -0.008020270528 0.0201170088717 0.0121861004094 0.0133092388424 0.0374091754162 0.0716288326019 0.135979052245 -0.0185955034894 0.0155055251259 -0.00492117364838 0.00119053646411 0.00914838961974 0.0320508018076 0.0160487451933 0.0353446325846 0.025301634607 -0.000760668470277 0.0200570658386 0.0223769728984 0.0125051905849 0.0958961212629 0.0118661251682 0.000200437522489 0.0231561905928 0.0131533892066 
-0.00296702372037 0.0212921189193 0.016782465537 0.0160349921748 0.0536719355105 0.0210301422931 0.00442175911814 0.0219736806705 0.0107963759159 0.0470917170847 0.0208809579263 0.012121572052 0.0365417508367 0.0404410284045 0.0277120262269 0.0233704186344 0.0186244585123 0.0196765677602 0.0186576964617 0.170090140685 0.0302739416247 0.0155465214616 -0.0119698463146 0.000260475958817 0.0120164454344 0.0169187539069 0.0700630463067 0.0357261378263 -0.0170779827639 0.0386455067356 0.0158276353556 0.0437703555611 0.0330240433679 0.0219479129439 0.00609733594781 0.0247372496183 0.015181043666 0.0403022843116 0.00306455345144 0.0445282724976 0.0294495961068 0.0213958023452 0.0192554189414 0.0204323254407 0.0208632078823 0.0170102550032 0.0277261329068 0.0111158561321 -0.00616554221978 -0.00527439272883 
0.0315694456765 0.0726718013187 -0.000351569887897 0.0327029771952 0.043653637754 0.00732333884915 0.0154729954881 -0.00280391860981 0.00165296344567 -0.0128296228758 0.000159834950752 0.0799602323713 0.00608527630628 0.0150233214092 0.0187843486848 0.00642812148574 -0.00446074787501 0.00449871434997 0.0122867533979 0.0302739416247 0.597654941107 0.0242659066242 0.0116011976488 0.0179954092698 -0.0075043020636 0.0362765215193 0.0173702611718 0.0163605009197 -0.0397035416796 -0.0212391827368 0.000780806871683 -0.00522167545587 0.0494414443044 0.0039544576144 -0.00168188842828 0.00252030354823 0.00443319314748 0.0197980068906 0.034495445829 0.0178475464836 0.0220391343644 -0.00722847917684 -0.0156923189658 0.0178072734002 0.0486233406983 0.00785555513859 0.020603135069 0.0120238821178 -0.025618548304 0.0140103587633 
-0.00330896203617 -0.00296478178875 -0.00572942062885 0.00494586818113 0.0399292875165 -3.77249309508e-05 0.00996405987607 0.00495479478499 1.4613675473e-05 0.0233234259535 0.0053348348769 0.0151205449085 0.0237176320158 0.0459578185983 0.0253035627944 -0.000236959059447 0.00309253646667 0.0233570991737 0.02401665052 0.0155465214616 0.0242659066242 0.160899149019 -0.00179849953216 0.0176092997507 0.000501912688883 0.0234615175958 0.0255374368922 0.0178526958761 0.00489541378367 -0.0065324781199 -0.00551983491631 0.00827183485312 0.0252221960979 0.0111590911994 0.000573560276885 0.000121483485095 -0.00432446219262 0.0434705232935 -0.0023445281987 -2.52632371855e-06 0.0479828971072 0.00419877581224 0.000816867056902 0.0200758549301 0.0365033848562 0.016219589274 0.0338358014543 0.010503272963 0.00900902678408 -0.0129961710377 
-0.00277402214285 0.0264282879577 0.0157763694618 0.0102280018868 -0.0108299016033 0.00932327710131 -0.00189093149782 -0.00135942069304 -0.00651639574616 0.0489099924634 -0.00887063929998 0.00409873302212 0.0328686755959 0.0302607649142 -0.00231770738026 0.00595361209276 0.0160131076229 0.0184467346285 0.0542895035445 -0.0119698463146 0.0116011976488 -0.00179849953216 0.367313859188 -0.000909091159282 -0.00747395903272 0.0275904933702 -0.0138164225354 0.0120389461153 0.0165663697588 0.0146507463978 0.00605817297128 -0.00318122390968 -0.006671931262 -0.003845454021 -0.00257228589359 -0.00758606852796 0.04031308351 0.00187973104454 0.0196833336991 0.0220896424733 0.00366894390116 -0.00407627423002 0.00662713076915 0.0111537145159 -0.00868537178972 0.0151205915114 0.000573266879337 -0.00892064233283 0.00587777213835 -0.0113120787745 
-0.016995126222 0.00561795978438 0.016597374697 0.0165693814363 -0.00359640798314 0.0109462184662 -0.00594281339943 -0.00953253444796 0.0262315510233 0.0325436758094 0.00143467424301 0.024991097723 0.046494297777 0.0328721159402 0.00616696994054 0.0134343236001 -0.00033725745212 0.0127141795486 0.0113887335286 0.000260475958815 0.0179954092698 0.0176092997507 -0.000909091159281 0.302014080333 0.00893693938741 0.0213586700223 0.00746896364033 0.0216250251411 0.0005939095274 0.0125091832335 0.00844109574721 0.00571705985627 0.0110064978693 0.00627075182738 0.0122185327204 0.0226238925709 0.0239500668604 -0.00653900192469 0.0160192679047 0.0336673118634 0.0517375888062 0.0142642365774 0.00352469140345 0.0174959739296 0.00266631972187 0.00788416378203 0.0210511995847 -0.0100134573973 -0.00401128065732 -0.000810208186817 
0.0151450219154 -0.000972970272905 -0.00151064379073 0.0137313426059 0.00595272391198 0.0173178238024 0.00689842384683 -0.00678779871789 0.0122313955616 0.0223895087973 0.0437241943095 0.0437856524824 -0.00557614923044 -0.0112369389332 0.00181687170309 0.0233296517245 -0.00272911886225 -0.00181746770083 0.0183467340181 0.0120164454344 -0.00750430206361 0.000501912688886 -0.00747395903272 0.00893693938741 0.272308301976 0.00442334199459 0.0132260500856 0.0485090737457 -0.0238681128999 0.00133944907407 -0.00443658416437 0.0467513672974 -0.00695081362829 0.00724028616802 -0.00906152987012 0.0159929339498 0.0213835101119 -0.00171001100713 0.0128525190444 0.00705933941494 -0.0116914809833 0.0195335283687 -0.0084812757566 0.00904153837158 0.0327336090305 -0.0186214515709 0.00714854522708 0.0285494677171 -0.00321613978278 -0.00944727560308 
0.0282481821336 0.0207286751788 0.0333304861174 0.00853348258923 0.0221856453638 0.0155127097078 0.0162686507197 0.0101278417679 0.0194352847542 0.0181444670587 0.0171849814765 -0.000908815835644 -0.00608069962776 0.00453392492869 0.0216933124642 0.0117197969345 -0.00183160729946 0.0218630253662 -0.008020270528 0.0169187539069 0.0362765215193 0.0234615175958 0.0275904933702 0.0213586700223 0.00442334199459 0.284796524684 0.00654046009797 0.127022736098 -0.00337825926212 0.0244993078686 0.003780525328 0.0357819309292 0.0321976725648 -0.00547203952982 0.00406137754078 0.0196780584053 0.0961932985257 0.0379257654247 0.000112321559657 0.0388574754448 0.00794667232855 0.0167032435647 0.0101780055985 -0.0023934194338 -0.000881011943504 -0.00308110302626 0.019463349378 0.0512619918764 -0.0319200493657 0.0194292328455 
-0.00565836300886 0.0223956095226 0.0141240304602 0.018716757407 0.0673506768287 0.0311078012085 -0.0032856315719 0.00624338815028 0.0225540376679 0.0417277398609 0.00269331435169 0.00842697722728 0.00683488548775 0.0417310541208 0.013126732047 0.0283652580625 0.00748237786944 0.00857455617258 0.0201170088717 0.0700630463067 0.0173702611718 0.0255374368922 -0.0138164225354 0.00746896364034 0.0132260500856 0.00654046009797 0.165333533197 0.0414335321006 -0.00377995912905 0.0245827687419 0.0278798991062 0.0331213200453 0.00991891911056 0.023671701516 0.0104075572938 0.017054078223 0.00579614661328 0.032808567957 0.00127013332458 0.0224477136332 0.029636488415 0.020181776592 0.0110524254213 0.0279051085083 0.0288213278954 0.0187092317362 0.00490755736355 0.00687170628875 -0.00380833657474 0.00848898693996 
-0.00631992711009 0.0207450110265 -0.0202550271462 0.00231521169647 0.0577352901731 0.00483427354381 0.033939726458 -0.0171581636285 -0.00572434500532 0.0218626087531 0.00292732116332 0.0153454589087 -0.0127210006523 0.0144074272064 0.0773312314219 -0.00271818538073 0.0197972433159 0.0480472543859 0.0121861004094 0.0357261378263 0.0163605009197 0.0178526958761 0.0120389461153 0.0216250251411 0.0485090737457 0.127022736098 0.0414335321006 2.88250488776 0.0329056490866 0.0146960229301 0.00109703719375 0.000900956402802 0.0291464831818 -0.0172359894718 0.00876522225355 -0.00435413303769 0.13166321804 -0.0157820017114 -0.00519217290839 0.0797952483801 0.00407455672647 0.0256264223428 0.0285080540395 -0.000856942820585 0.00987557609804 0.003037857105 0.00819015828812 0.0150232149929 0.00401122210503 -0.0201168685646 
0.00451838218663 -0.025253947135 0.00247012661459 0.00906468174503 -0.00575901822484 0.0224346216323 -0.00315369772527 -0.000976831535623 -0.0168235128428 -0.00705761970104 -0.0226216626055 0.0169039082596 -0.0131638034539 0.00023399345205 0.00175645325792 0.0189550647367 0.018612121131 0.00200647086063 0.0133092388424 -0.0170779827639 -0.0397035416796 0.00489541378367 0.0165663697588 0.0005939095274 -0.0238681128999 -0.00337825926212 -0.00377995912905 0.0329056490866 1.37277638574 -0.00869966173346 -0.0094380193664 0.00476808931725 -0.0156555799897 0.00874860362164 -0.000102418852319 0.00186167105349 -0.0238608473658 0.0757577991577 -0.00215878146187 0.011980995534 0.00252349413365 0.00636654986199 -0.0142245344373 -0.0071707667811 -0.0118032886834 0.0115829826622 0.0104544050445 0.000615336785682 -0.018276103908 -0.00310080484594 
0.054254132123 -0.00231901338652 -0.0238774015614 0.020126711696 0.0157779234957 0.0211559291935 -0.0102747344114 0.00646928333715 0.0230884832898 0.0530478636695 0.0206191446534 0.0414072776542 0.0197634591732 0.0430546861803 0.0170084687035 0.00939659220331 0.0211113897758 0.01378427426 0.0374091754162 0.0386455067356 -0.0212391827368 -0.0065324781199 0.0146507463978 0.0125091832335 0.00133944907407 0.0244993078686 0.0245827687419 0.0146960229301 -0.00869966173346 0.348820837517 -0.000752496711382 0.0306034484993 0.00547401761215 0.0184594156229 0.00744289476664 0.0181760596127 0.0263904604713 0.0296941057659 0.0190471782464 0.0323341174459 -0.00554083988058 0.00219780222814 0.00698319165873 0.0114725411698 0.0125281145958 -0.0117658458978 -0.0018899880633 0.0180061033216 0.00351554860078 0.0102417669746 
0.0334258386038 0.0383118781603 0.0710162799385 0.0176892651222 0.0183771832564 -0.00522807313493 0.0109350153207 0.0179064285389 0.0253127415451 0.0708892036172 -0.0168554131705 0.0221778815664 0.00603709637409 0.00245069024344 0.0130690502569 0.0309561060735 0.0127795846524 0.00801104126862 0.0716288326019 0.0158276353556 0.000780806871685 -0.00551983491631 0.00605817297128 0.00844109574721 -0.00443658416437 0.003780525328 0.0278798991062 0.00109703719375 -0.0094380193664 -0.000752496711385 0.490832538805 0.042835015893 -0.0289165167447 0.0134226907384 0.0134422157275 0.00688783660992 -0.0115442488311 0.0146484241706 -0.0113057140229 0.0267182940615 0.0181427911705 0.0153400155659 0.00469866916852 0.014104780403 0.00639848248539 0.234131764693 -0.00452534890936 0.00425077454416 -0.0266678872941 0.0340181904503 
0.0440703099853 0.0118174079174 -0.0158314814984 0.00879933797233 0.0494883057922 0.0112602572992 0.0208728332398 0.00185013162222 0.00645806628428 0.119031337716 0.00951459985216 0.0206760185898 0.0149482484391 0.149930047193 0.0203240294186 0.0288205514739 -0.013805074558 0.0243396699016 0.135979052245 0.0437703555611 -0.00522167545587 0.00827183485312 -0.00318122390968 0.00571705985627 0.0467513672974 0.0357819309292 0.0331213200453 0.000900956402801 0.00476808931725 0.0306034484993 0.042835015893 0.863208983912 0.052227081347 0.0284115460475 0.0159420810581 0.009397619444 0.0259764137155 0.0388090207529 -0.00978139725994 0.00855220934571 0.036327933354 0.032269802917 0.0190702245398 0.00737433182495 0.00981070708755 -0.0149268189403 0.013628020892 0.00450251091567 -0.0162958977951 0.0306502804398 
-0.00348274849492 0.0169052530136 0.0161560339974 0.0223548126582 0.033279543773 0.0111859386824 -0.00523433466711 0.0295393073851 0.000106699724295 0.0398256481962 -0.00222724519881 -0.00611916501646 0.0509370672314 0.0178246842891 0.0185179378916 0.0217216010522 0.0111294196789 -0.00191976647702 -0.0185955034894 0.0330240433679 0.0494414443044 0.0252221960979 -0.00667193126199 0.0110064978693 -0.00695081362829 0.0321976725648 0.00991891911056 0.0291464831818 -0.0156555799897 0.00547401761215 -0.0289165167447 0.052227081347 0.342860443162 0.00896878329008 0.027850147816 0.0143817531571 0.0348830176797 -0.00183875783762 -0.0141718256402 -0.00674862640849 0.00490305825608 0.0163893630237 0.0132392817362 0.0168433013962 0.0390376496651 -0.0324532710075 0.0174037583411 0.0092226759786 -0.0100194850338 0.0405047960577 
0.0158332967853 0.0121105633895 0.0116373072058 0.0226675782964 0.0341924909851 0.0225683180947 0.0108797626454 0.026683426658 0.00873550504509 0.0280621384946 0.0158271344766 -0.0163711704435 0.0137341048872 0.0253424524432 0.0203084677401 0.0359399892144 -0.00363137947362 0.0125339152721 0.0155055251259 0.0219479129439 0.0039544576144 0.0111590911994 -0.00384545402099 0.00627075182739 0.00724028616802 -0.00547203952982 0.023671701516 -0.0172359894718 0.00874860362164 0.0184594156229 0.0134226907384 0.0284115460475 0.00896878329008 0.218581773049 -0.00311623121349 0.012499208185 -0.004002953554 0.00583580677505 -0.0111196636949 0.0197643644187 0.0219747263354 -0.00127186117052 0.0234239797145 0.00475680620445 0.0251287136834 0.0298345572399 0.00372548476988 0.020256541512 -0.00373963605312 0.0320167586531 
0.0259211253432 0.00751993885298 0.0110892009783 0.00999172979729 0.00700199512437 0.0133373807172 -0.00171250912341 0.0152267025891 0.0096688897277 -0.00188858958312 0.0226537590343 0.0338517416618 0.00932738288143 -0.0100613640149 -4.64266236377e-05 0.0118428350585 0.0200379899694 0.0158356732371 -0.00492117364838 0.00609733594782 -0.00168188842828 0.000573560276891 -0.00257228589359 0.0122185327204 -0.00906152987012 0.00406137754078 0.0104075572938 0.00876522225355 -0.000102418852319 0.00744289476664 0.0134422157275 0.0159420810581 0.027850147816 -0.00311623121348 0.176101342536 0.0151803720982 -0.0125656925618 -0.0091123059568 -0.0105881423573 0.00541764725572 0.00419747496886 0.0180269075933 0.00764682811719 -0.0116130675459 0.00115045516782 -0.0052926414338 0.00373253810331 0.000354823572699 -0.00290038010689 -0.00706895321261 
-0.00311045725456 0.00454983183981 0.0103197763761 0.0177345028384 0.0195195792568 0.0485144006184 0.010613248649 0.00558063376831 0.0150625961464 0.0265255906057 0.0193330245926 0.0135588294547 0.0200248296689 0.009804795457 0.00496918240307 0.0165382651267 0.0150344664155 0.00904239638629 0.00119053646411 0.0247372496183 0.00252030354823 0.000121483485088 -0.00758606852796 0.0226238925709 0.0159929339498 0.0196780584053 0.017054078223 -0.00435413303769 0.00186167105349 0.0181760596127 0.00688783660992 0.00939761944399 0.0143817531571 0.012499208185 0.0151803720982 0.159629760723 0.019090396634 0.018556316072 -0.00856269466043 0.0287679596046 0.0259301231142 0.00367166515623 0.0140141207536 0.00840576132961 0.00208978889873 -0.0168514164826 0.00667374958032 0.00497417612458 -0.0192965054823 -0.00363230292825 
-0.00155064115757 -0.00635691701989 0.00642769191466 0.00860875123891 0.00267937002663 0.0174146359011 0.0167375478735 0.025577447655 0.000532729130606 0.038226404348 0.00987153241984 -0.0127543949782 -0.00168931043444 -0.0130627547727 0.0102167609004 -0.00318924349851 -0.000198346982105 -0.0112736674205 0.00914838961974 0.015181043666 0.00443319314748 -0.00432446219262 0.04031308351 0.0239500668604 0.0213835101119 0.0961932985257 0.00579614661328 0.13166321804 -0.0238608473658 0.0263904604713 -0.0115442488311 0.0259764137155 0.0348830176797 -0.004002953554 -0.0125656925618 0.019090396634 0.410951110924 0.0094670763314 0.0106012282975 0.0538652890138 -0.00019685849818 0.00842794408112 0.015431289484 -0.00479428123862 -0.0354919580143 -0.0209945234223 0.00287221613841 0.185982624553 -0.0105473219464 -0.0104086209011 
-0.00516500606456 0.0131822531535 0.0047118331848 0.0111719932303 0.0232127700536 0.0280039196566 -0.00336452689734 -0.00647805029236 0.0243329012419 0.0464462008822 0.00891435325891 0.0132955980914 0.0101757528731 0.00139270501309 0.020934107062 0.0195498974224 0.00300923325101 0.00936429673318 0.0320508018076 0.0403022843116 0.0197980068906 0.0434705232935 0.00187973104454 -0.0065390019247 -0.00171001100713 0.0379257654247 0.032808567957 -0.0157820017114 0.0757577991577 0.0296941057659 0.0146484241706 0.0388090207529 -0.00183875783763 0.00583580677505 -0.0091123059568 0.018556316072 0.0094670763314 0.231240908022 0.0160440633132 0.0295119606304 0.0102742384855 0.0198257165116 0.0197861029257 0.0313326618009 -0.00742513180503 0.0142365585445 0.00578331402436 0.0159410238202 0.0110289922901 0.0034900832449 
0.0155318742007 0.00688798614535 0.00618520982304 -0.004622156727 0.00780550396168 -0.00179684079309 0.00665652546999 0.00731519560192 0.0108129216804 0.0107296504826 -0.00976767069809 -0.0104058627826 0.0224356161464 -0.0101878785616 0.00518875066653 -0.00585958898905 0.016932586373 0.0127043910236 0.0160487451933 0.00306455345144 0.034495445829 -0.0023445281987 0.0196833336991 0.0160192679047 0.0128525190444 0.000112321559653 0.00127013332459 -0.00519217290839 -0.00215878146187 0.0190471782464 -0.0113057140229 -0.00978139725994 -0.0141718256402 -0.0111196636949 -0.0105881423573 -0.00856269466043 0.0106012282975 0.0160440633132 0.373842589356 0.0129921690703 0.020553151232 0.00306870597261 0.00548609959616 -0.00327844258151 0.0120826525743 -0.00174697299795 -0.00422187455562 0.014271512848 0.0192587597689 0.0140390057705 
0.0134981708247 0.0162762228082 0.0243976561214 0.025101981878 0.0287406042301 0.0319877353317 0.016671614803 0.0101115582591 0.0166762792775 0.0527797594324 0.0115232578033 0.00351428037991 0.018201756292 0.0582963334281 0.0425386014875 0.00978022821857 0.0144429072544 0.0110340035121 0.0353446325846 0.0445282724976 0.0178475464836 -2.52632372053e-06 0.0220896424733 0.0336673118634 0.00705933941494 0.0388574754448 0.0224477136332 0.0797952483801 0.011980995534 0.0323341174459 0.0267182940615 0.00855220934571 -0.00674862640849 0.0197643644188 0.00541764725572 0.0287679596046 0.0538652890138 0.0295119606304 0.0129921690703 0.237992670296 0.00789109306434 0.0295954744882 0.00623982221341 0.000416369386447 0.0265607830877 0.014703574992 0.0235857798981 0.0109457568876 -0.00640991873615 0.0314692096519 
0.0273492419207 -0.00949081532353 0.00398120281531 0.0136263780421 0.0334926803592 -0.00118961456798 -0.00781225410917 0.0106856187969 0.0117080963244 0.0139744216683 0.00229070558476 0.0309178048331 0.0452168719937 0.0736142152187 0.0347240208543 0.0313263692537 0.0155423374257 0.0335025662969 0.025301634607 0.0294495961068 0.0220391343644 0.0479828971072 0.00366894390116 0.0517375888062 -0.0116914809833 0.00794667232855 0.029636488415 0.00407455672647 0.00252349413365 -0.00554083988058 0.0181427911705 0.036327933354 0.00490305825608 0.0219747263354 0.00419747496887 0.0259301231142 -0.000196858498179 0.0102742384855 0.020553151232 0.00789109306434 0.253247095884 0.0109561645961 0.0125023249751 0.0237912423634 0.0336653783331 -0.0116987315741 0.0535011574435 0.0166352459561 -0.00974781883237 -0.00693005435695 
0.00914343222531 0.00928164052969 0.0220464653868 0.0300465637021 0.0203530733792 0.0101143932577 0.00782577009508 0.00981317080472 0.0184172697668 0.0110254664964 0.0151817726472 0.0216485221405 -0.000636065160141 0.0064326072459 0.0129575898709 0.0130085562552 0.0017856082101 0.00337773944126 -0.000760668470279 0.0213958023452 -0.00722847917683 0.00419877581225 -0.00407627423002 0.0142642365774 0.0195335283687 0.0167032435647 0.020181776592 0.0256264223428 0.00636654986199 0.00219780222814 0.0153400155659 0.032269802917 0.0163893630237 -0.00127186117052 0.0180269075933 0.00367166515623 0.00842794408112 0.0198257165116 0.00306870597261 0.0295954744882 0.0109561645961 0.0952459565361 0.00684842895942 0.005611590108 -0.00430869411543 0.0188476810657 0.00443845873471 0.0100110277949 0.00257524219361 0.0169056238989 
0.01230090787 -0.00992888028771 0.00232369137134 0.00307971323904 0.0233507946745 -0.00215637063744 -0.00756146938684 0.00509868895093 0.00129318588555 0.0538558538836 0.00926396411966 0.000417432515828 0.0180487705934 0.0155929382868 0.0212964433151 0.0192845521713 0.0216566870198 0.0161893747356 0.0200570658386 0.0192554189414 -0.0156923189658 0.000816867056906 0.00662713076915 0.00352469140345 -0.0084812757566 0.0101780055985 0.0110524254213 0.0285080540395 -0.0142245344373 0.00698319165873 0.00469866916852 0.0190702245398 0.0132392817362 0.0234239797145 0.0076468281172 0.0140141207536 0.015431289484 0.0197861029257 0.00548609959616 0.00623982221341 0.0125023249751 0.00684842895942 0.211235863418 0.0238515118421 0.0107949549436 0.0210373987817 0.00610562195677 0.0130038904458 -0.0104375009706 -0.0019203595907 
0.0289961297844 0.0101588198865 0.00178736055704 0.022901570754 0.0138423809888 0.0163194036342 -0.00587926106846 0.0151493816059 0.0439320283241 0.0129119597191 0.0125037246243 0.036107255108 0.0205316343763 -0.00955631499553 0.00440034381034 0.0274033333141 3.90710511746e-05 0.00216023090574 0.0223769728984 0.0204323254407 0.0178072734002 0.0200758549301 0.0111537145159 0.0174959739296 0.00904153837158 -0.0023934194338 0.0279051085083 -0.000856942820585 -0.0071707667811 0.0114725411698 0.014104780403 0.00737433182495 0.0168433013962 0.00475680620445 -0.0116130675459 0.00840576132963 -0.00479428123862 0.0313326618009 -0.00327844258151 0.000416369386443 0.0237912423634 0.005611590108 0.0238515118421 0.167770496902 0.00995153248735 0.032134493937 0.00936199225073 0.00436398272699 0.0147761822394 0.0141830061947 
-0.0164183659069 0.0288104537304 0.0115886702687 0.00294509704155 0.0261039741032 -0.0229263076596 0.0334415602201 -0.00458935621321 0.0229556139801 0.0343797759529 0.0280938413399 0.0785594677541 0.0324952062278 0.0674189637462 0.032099559958 0.0222625152693 0.00185922771363 0.0194741753029 0.0125051905849 0.0208632078823 0.0486233406983 0.0365033848562 -0.00868537178972 0.00266631972187 0.0327336090305 -0.000881011943503 0.0288213278954 0.00987557609804 -0.0118032886834 0.0125281145958 0.00639848248539 0.00981070708755 0.0390376496651 0.0251287136834 0.00115045516782 0.00208978889873 -0.0354919580143 -0.00742513180503 0.0120826525743 0.0265607830877 0.0336653783331 -0.00430869411542 0.0107949549436 0.00995153248735 0.37825783265 -0.00862587209328 0.0279707893581 0.00131913198845 0.0336549512296 -0.0051247299494 
-0.017474894658 0.0169379190326 0.038927138328 0.0222506796824 0.0212161794339 0.0167657338696 0.00851839332105 0.00143639960717 -0.0016182647689 0.0286457514154 -0.0238537806019 0.0753410618163 -0.0026403466093 -0.0219738230047 0.0108269128087 -0.003855110973 0.0147521553101 -0.00933377258431 0.0958961212629 0.0170102550032 0.00785555513859 0.016219589274 0.0151205915114 0.00788416378203 -0.0186214515709 -0.00308110302626 0.0187092317362 0.003037857105 0.0115829826622 -0.0117658458978 0.234131764693 -0.0149268189403 -0.0324532710075 0.0298345572399 -0.0052926414338 -0.0168514164826 -0.0209945234223 0.0142365585445 -0.00174697299795 0.014703574992 -0.0116987315741 0.0188476810657 0.0210373987817 0.032134493937 -0.00862587209328 0.684511748176 0.0248423655963 0.0288322817297 -0.0197277947898 -0.000554132506666 
-0.00362171882291 0.00207801831554 0.00672792937997 -0.0008506542195 0.0265162883866 0.00220375417331 0.00865026192099 -0.00334045313204 0.0114994502718 0.0290145388941 0.00962404457267 0.0151406268103 0.0178746171862 0.0210963323807 0.0384357078443 0.00750533608011 0.00711928150178 0.0278088530703 0.0118661251682 0.0277261329068 0.020603135069 0.0338358014543 0.00057326687934 0.0210511995847 0.00714854522708 0.019463349378 0.00490755736355 0.00819015828812 0.0104544050445 -0.0018899880633 -0.00452534890936 0.013628020892 0.0174037583411 0.00372548476988 0.00373253810331 0.00667374958033 0.00287221613841 0.00578331402435 -0.00422187455562 0.0235857798981 0.0535011574435 0.00443845873471 0.00610562195677 0.00936199225073 0.0279707893581 0.0248423655963 0.140822524793 0.00395887033134 -0.0127508094696 0.0121638784148 
