40
0.0621428512979 0.0445346556631 0.0674926048947 0.0723841835345 0.00535997805058 0.0541634245192 0.101670797752 0.275152850517 -0.00305157485537 0.0861150338972 0.0482129600444 0.0150252709272 0.122670110856 0.0917148498368 0.0300827450696 0.121962687623 0.0445332570478 0.0100273700484 0.134581744136 0.424855775916 0.0998681056981 0.332832739506 0.0288411222523 0.00643120824938 0.00610402508206 0.025042174885 0.0372282541949 0.0729384759615 0.0861575830063 0.0520830917934 0.0321720089654 0.0384658872101 0.0680936188342 0.0560151075184 -0.00277796207049 0.104921073146 0.0422860283868 0.112605751981 0.109959402945 0.0414486045552 
0.16769800616 0.0062344758125 0.0185272922897 0.0319015333967 0.0323688265271 0.0320545936837 0.00411532858515 -0.010596471649 0.0090844795582 0.0281207742477 0.0175443569973 0.00592499326309 0.00917558624443 0.0363360432528 -0.00367453192254 0.022158442689 0.00448879999084 0.0135893107008 0.0182887644084 0.0036446268007 0.0185073653074 0.0355327056261 0.029361899238 0.0354895942016 0.0264044416444 0.0237576152643 0.0137701369019 0.0284160742019 0.0133668140346 0.0181808230094 0.0174157056479 0.0136912533237 0.0183865861623 0.0341262529366 0.00510222717508 0.0396525383625 0.0152397134317 0.0328324569632 0.0453850040059 0.0163848961083 
0.0062344758125 0.613206884872 0.0130917825887 -0.0304049795631 0.0172542481424 0.0154681228752 0.0128592837661 -0.00401562210655 0.0109890251104 -0.00228492438945 0.0422413594763 -0.0108947182985 0.0529834082739 0.0289720475313 0.0096193229495 0.00390906108785 0.0028954974841 0.00413909835184 -0.00885267642939 -0.00171134152262 0.0247006116208 0.0345808665396 0.0120667264274 0.0265252340988 0.0310125440507 0.00825626257508 0.0147859607303 0.0171811137441 0.00705260708475 0.0168543179607 0.0157722795568 0.0415907156432 -0.00369602445244 0.00463800541599 0.0221021058202 0.0110372303881 0.0195813362172 0.123364518193 0.0205713972391 0.0301717477966 
0.0185272922897 0.0130917825887 0.338600786402 0.00125774410511 0.0158274541501 0.0169687545739 0.00648076642173 0.0156540408761 0.0420614793963 0.00174234179022 0.0226953367291 0.00486790763333 0.0287292803903 0.0147933131581 0.0118418110099 0.0583484364247 0.00416348596277 0.0195929015045 0.0361821667561 0.0492332522937 -0.0187882501511 -0.0252844924724 0.02889224728 0.00991402872516 0.00701032264507 0.0194829136609 0.00969747757723 0.0131882555612 0.0381803322042 0.0168190723596 -0.00491101464002 0.0164629866315 0.0310951595331 -0.00485006713167 0.0180213102296 0.00576831201658 0.0128537810922 0.0458191920888 0.0203876382235 0.0168762804883 
0.0319015333967 -0.0304049795631 0.00125774410511 0.335886362642 0.0188277046275 -0.000106493856381 0.0102602372887 -0.032362031377 0.00801153671839 0.00205621565411 0.0146628444809 0.018566297314 0.016274031753 0.0198620883503 0.00334272694035 0.0258949823119 -0.0150299821396 0.0126079947282 0.0162176014104 -0.0111744941016 0.0255103249574 -0.00612458317881 0.0121165705667 0.0478516897184 0.00210136646777 0.031309500836 0.0227135799935 -0.00833758683846 -0.00745536677304 0.023542690692 0.021424978458 -0.00686719000947 0.0372697921785 -0.0100370492739 0.0082065127789 0.0404683929844 0.00291449518986 0.0667226233684 0.0387941921576 0.00170804587355 
0.0323688265271 0.0172542481424 0.0158274541501 0.0188277046275 0.132627116684 0.0089708517189 0.0047352242243 0.0097935583185 0.0145407485003 0.0115271504507 0.00789609099776 0.0187943885932 0.00297792685826 0.0221890601348 0.00781473874621 0.036484550418 0.000323758017858 0.0188764300015 -0.0185883384573 0.00319474268735 0.0288886859304 0.0177474877441 0.0185396586998 0.0189581665168 0.0169984181471 0.00974573485724 0.00958761391735 0.0125219615189 -0.016701208611 0.0377019898181 0.0176826088913 0.0149332482602 0.0282837636414 0.0201439154838 0.00568283250055 0.0150842855251 0.0119478143628 0.0314715984918 0.0177611575343 0.00436516213329 
0.0320545936837 0.0154681228752 0.0169687545739 -0.00010649385638 0.00897085171889 0.307576548632 -0.0102536178172 0.0137158693012 0.00289198202115 -0.0108836241105 0.0470552458934 0.00153143398369 0.0123378552346 0.0166371467779 0.00472793366898 -0.0166794519847 0.00374892470894 0.016938466067 0.0197454957162 -0.00398462855751 0.0292147293313 0.00694231228971 0.0319885978118 0.00315464709832 -0.00323174133045 0.0230347705729 0.00870829252174 0.0152537320964 0.0415267154628 -0.0101343007526 0.00526982010368 0.0198862729065 0.0246609473291 0.00437675457895 0.0205555093529 0.0218119175316 -0.0074677075667 -0.0257527998216 0.02387200535 0.0285593453303 
0.00411532858515 0.0128592837661 0.00648076642173 0.0102602372887 0.0047352242243 -0.0102536178172 0.304018534228 0.0122725071586 -0.00743150482851 0.0180509276488 0.0197819968683 0.0339051474749 -0.0112280279268 0.000548777785701 0.0243129606245 0.00575691854709 0.0160878956116 0.00869076698258 -0.000110228616096 0.00268965446335 0.0112385088599 -0.000418573184536 -0.00251371473764 -0.00763056190648 0.00401361335888 -0.00109912872688 0.00961415524495 -0.00922500899488 -0.00521745250371 0.00489552970643 0.0324118195889 0.0102100303743 0.0195619576232 0.02324174311 -0.00858733147507 0.0313911176778 0.000827898884253 0.0103406936973 0.0124716689963 -0.0067321380046 
-0.010596471649 -0.00401562210655 0.0156540408761 -0.032362031377 0.0097935583185 0.0137158693012 0.0122725071586 2.71129639484 -0.0072968169647 -0.00175909663396 0.186856394036 -0.0250157439414 -0.00805060778477 8.76120133643e-05 -0.0290565335302 -0.00224430259252 -0.0192041930432 -0.0246204487484 -0.0367518260864 -0.0120139340733 -0.00170243942015 -0.0203776976698 -0.000910810953551 0.0063062089475 0.0256179160242 -0.0126445549722 -0.0153016561883 -0.0242752744174 -0.0268978576325 -0.00997635144197 -0.0148411862873 -0.00031645743379 -0.00145600421663 -0.000586789379856 -0.0050491010411 -0.0209088233428 0.00242402844289 0.0834203029535 -0.0385132887576 0.000790305417557 
0.0090844795582 0.0109890251104 0.0420614793963 0.00801153671839 0.0145407485003 0.00289198202115 -0.00743150482851 -0.0072968169647 0.216577261073 0.0055871178278 0.0163736003922 0.0160908881232 0.0139866233406 0.0344037410693 0.00741905745154 0.0227680798991 0.014829748634 0.011607999411 0.0354472929444 0.0482589174249 0.0234683797393 0.00118952472578 -0.010548641166 0.0189151686503 0.0212458982182 0.00802771678763 0.0168849128585 0.0329552613255 0.0252757398687 0.0114257075414 0.0112576641275 0.0108615156954 0.0158258946889 0.0163400261111 -0.00209242101676 0.0150455915913 0.0334573347638 0.00114989828524 0.00686798791226 0.0129390976132 
0.0281207742477 -0.00228492438945 0.00174234179022 0.00205621565411 0.0115271504507 -0.0108836241105 0.0180509276488 -0.00175909663396 0.0055871178278 0.231876190835 0.0229101927875 0.0142093601625 0.00784337437065 0.0203274661808 0.00211464835882 -0.011206402408 0.0106599937496 0.00983962714886 0.0490973992641 -0.0197239561947 0.0374038736073 0.0210327627571 0.00483567487868 0.0268284908704 0.0181701572742 0.0142063509966 0.0181147084709 0.0274212159336 0.0372031918508 0.0199362931435 0.0298674726538 0.012246213993 0.0065248287377 0.0483658324986 0.0164364408344 0.027707894902 0.018455563859 0.0246894545019 0.0468349581918 0.0202875249804 
0.0175443569973 0.0422413594763 0.0226953367291 0.0146628444809 0.00789609099776 0.0470552458934 0.0197819968683 0.186856394036 0.0163736003921 0.0229101927875 0.206799330035 0.0178116829656 0.00890857736692 0.0343502922113 0.00345413787394 0.00819834597217 0.0127597128649 -0.00669701690826 0.0439464079213 0.00905841937793 0.0129302562456 0.0161969567543 0.0129406317892 0.016815093838 0.0236895803472 0.017526153762 0.0262255942229 0.0249374822677 -0.0317564309896 0.0217885575301 0.00817895167744 0.0231776218365 0.0177477482225 0.0140226148703 0.00514487343291 -0.00264759418616 0.000617937421602 0.0336920486238 0.0188862816513 0.00861009009302 
0.00592499326308 -0.0108947182985 0.00486790763333 0.018566297314 0.0187943885932 0.0015314339837 0.0339051474749 -0.0250157439414 0.0160908881232 0.0142093601625 0.0178116829655 0.176096294623 0.00400722171241 0.0193158594316 0.0140687238262 0.0212725647698 0.0180450673519 0.00282140159996 0.0364580520403 0.0216581769612 0.025712425334 0.0248098111415 0.0329264529067 0.0304352821856 0.0356505748433 0.0283019228649 0.0267947023774 0.016976422936 0.0272010703544 0.024485248478 0.025203113377 0.0360331502702 0.0210828422797 0.00738870296125 0.00633640149236 0.0352126358154 0.019350263624 -0.00473627970581 0.0133502516174 0.00748286074074 
0.00917558624443 0.0529834082739 0.0287292803903 0.016274031753 0.00297792685826 0.0123378552346 -0.0112280279268 -0.00805060778477 0.0139866233406 0.00784337437066 0.00890857736692 0.00400722171241 0.396231819032 -0.00342628793454 0.00612407342324 0.0186182708523 0.00108526898179 0.00161623362554 0.0422947710858 -0.0177474888398 -0.013069569608 0.016080353633 -0.00606928720207 0.0127792759001 0.0154421218056 0.000231816422406 0.00758156979125 0.00210816854704 0.0589142523919 -0.00129091166597 0.00508119846391 0.0147819582982 -0.00785117568729 -0.00832970906406 0.0109763154615 0.00843804112418 -0.00358609147202 -0.00418169703292 0.00319091641866 -0.000112728653234 
0.0363360432528 0.0289720475313 0.0147933131581 0.0198620883503 0.0221890601348 0.0166371467779 0.000548777785701 8.76120133642e-05 0.0344037410693 0.0203274661808 0.0343502922113 0.0193158594316 -0.00342628793454 0.191462531563 0.0127568018168 0.0252931022764 0.00212296586548 0.00722017090073 0.0180869723075 -0.00622362135541 0.0301398666169 0.0311371183438 0.036951198989 0.0180764854351 0.0264949851412 0.0296500917571 0.0166953789094 0.000208712420471 -0.00774119338011 0.0297818291808 0.0192786984913 0.0275753676122 0.0222932648984 0.0273102541718 0.00813398121638 0.0338791256566 0.00521680773528 0.0300770283285 0.0181412815431 0.0228287492837 
-0.00367453192254 0.0096193229495 0.0118418110099 0.00334272694035 0.00781473874621 0.00472793366898 0.0243129606245 -0.0290565335302 0.00741905745154 0.00211464835882 0.00345413787394 0.0140687238262 0.00612407342324 0.0127568018168 0.155742935554 0.00275648749936 0.0261572094521 0.013599231574 -0.00615096234279 0.00464756066444 0.0237783091801 -0.0112313124763 0.0162596618285 0.000176713036562 0.00535401594496 0.0098225482334 0.0119984325239 -0.00206911300388 -5.28259685084e-05 0.00294065748958 -0.000184438087814 0.00772976377609 0.0159238593826 0.0118432569005 0.0103039393018 0.0245270226494 0.0192255105151 0.00562255051769 0.0119344831807 0.0125269689336 
0.022158442689 0.00390906108785 0.0583484364247 0.0258949823119 0.036484550418 -0.0166794519847 0.00575691854709 -0.00224430259252 0.0227680798991 -0.011206402408 0.00819834597218 0.0212725647698 0.0186182708523 0.0252931022764 0.00275648749936 0.429154516511 0.00427628698216 0.000534875202707 0.0120785007123 -0.0392884173948 0.00943294826053 -0.00345878170601 -0.00798666137596 -0.00395607231116 0.0206006140514 0.0156521041874 0.0314232474105 0.0144934136791 0.0346882659992 0.0557306847041 -0.00301335469455 0.0216795333424 0.0101686183565 0.0124127230742 -0.00881944626186 0.0438759039336 0.00980304715396 0.148848652006 0.0169842256802 0.00867206136918 
0.00448879999084 0.0028954974841 0.00416348596277 -0.0150299821396 0.000323758017858 0.00374892470893 0.0160878956116 -0.0192041930432 0.014829748634 0.0106599937496 0.0127597128649 0.0180450673519 0.00108526898179 0.00212296586548 0.0261572094521 0.00427628698216 0.173857852187 0.0279757991616 0.0161426101629 0.0189189208359 0.0181412787954 0.00743166287649 0.0112124793699 0.00846896478368 0.0163758964443 0.0205789256527 0.0244536312666 -0.0169453350952 0.0168138218074 0.0267205445578 0.000165349130154 0.0247228458023 0.0125725901011 -0.0234482719651 0.0058606838957 0.00826448761671 0.00427656831159 0.00237776375186 0.0176408021153 0.0468614494051 
0.0135893107008 0.00413909835184 0.0195929015045 0.0126079947282 0.0188764300015 0.016938466067 0.00869076698258 -0.0246204487484 0.011607999411 0.00983962714885 -0.00669701690826 0.00282140159996 0.00161623362554 0.00722017090072 0.013599231574 0.000534875202705 0.0279757991616 0.171772208988 -0.00355714339063 0.00511432697347 -0.00651066121617 0.0106480930458 0.0213324674775 0.024380909316 0.0113273166902 0.0138235208399 0.0232539766244 0.0132955183953 0.0689775805671 0.0248908780144 0.0110737772067 0.0113667225621 0.000386440374192 0.00333384886997 0.020012867509 0.0352942102468 0.0127459230846 0.0152003814729 0.0153069299095 0.0504150820319 
0.0182887644084 -0.00885267642939 0.0361821667561 0.0162176014104 -0.0185883384573 0.0197454957162 -0.000110228616095 -0.0367518260864 0.0354472929444 0.0490973992641 0.0439464079213 0.0364580520403 0.0422947710858 0.0180869723075 -0.00615096234279 0.0120785007123 0.0161426101629 -0.00355714339063 0.379312436257 0.0358518805766 0.00437487240511 0.0241779356874 0.0137423908247 0.00356500733943 0.0333142201819 0.0304013516252 0.0177111155221 0.00730044295843 0.0247183162001 -0.0148909039396 0.0186830640678 0.0814875160309 -0.0174396285414 0.00405581260207 0.0155452177135 0.0256281545348 0.00117149119989 0.00027239754571 0.0134461936819 0.0054568025666 
0.0036446268007 -0.00171134152262 0.0492332522937 -0.0111744941016 0.00319474268735 -0.00398462855751 0.00268965446335 -0.0120139340733 0.0482589174249 -0.0197239561947 0.00905841937793 0.0216581769612 -0.0177474888398 -0.00622362135541 0.00464756066444 -0.0392884173948 0.0189189208359 0.00511432697347 0.0358518805766 3.749077882 -0.00106686783468 0.0151389100525 -0.00708420017009 8.31464067879e-06 0.0102188522681 -0.0113382181588 0.0109083628357 0.0152244299431 0.0359642280665 0.0123565569264 -0.00354655242508 0.0165495977633 0.0058933546949 -0.00300781600702 0.00435434932924 0.0354614558242 0.00692678267264 -0.0386502106073 0.0051893990259 0.022388421951 
0.0185073653074 0.0247006116208 -0.0187882501511 0.0255103249574 0.0288886859304 0.0292147293313 0.0112385088599 -0.00170243942015 0.0234683797393 0.0374038736073 0.0129302562456 0.025712425334 -0.013069569608 0.0301398666169 0.0237783091801 0.00943294826053 0.0181412787954 -0.00651066121617 0.00437487240511 -0.00106686783468 0.407696548729 0.0172057115282 0.023238751043 0.0264921126149 0.0305446300116 0.0216733790196 0.0151746317523 0.0264742608476 0.0286436506412 0.00104206531506 0.0166882290567 0.0356924251839 0.0629538264377 0.0132693466391 0.0342567202008 0.0183854635786 0.0361204206394 0.028435287185 0.0839785688485 0.0374002880201 
0.0355327056261 0.0345808665396 -0.0252844924724 -0.00612458317881 0.0177474877441 0.00694231228971 -0.000418573184536 -0.0203776976698 0.00118952472578 0.0210327627571 0.0161969567543 0.0248098111415 0.0160803536331 0.0311371183438 -0.0112313124763 -0.00345878170601 0.00743166287649 0.0106480930458 0.0241779356874 0.0151389100525 0.0172057115282 0.527792391641 0.00738262476541 0.0100356455358 0.032737108737 0.017877728288 0.00890711000179 0.0201812484389 0.037354813809 -0.00494835657108 0.0103401572172 0.0291837967877 0.0113477119163 0.00987632013896 -0.0157411423935 0.0343878085432 0.0191313844338 0.0257290244116 -0.00774838930432 0.0293753334222 
0.029361899238 0.0120667264274 0.02889224728 0.0121165705667 0.0185396586998 0.0319885978119 -0.00251371473764 -0.000910810953551 -0.010548641166 0.00483567487868 0.0129406317891 0.0329264529067 -0.00606928720207 0.036951198989 0.0162596618285 -0.00798666137596 0.0112124793699 0.0213324674775 0.0137423908247 -0.00708420017009 0.023238751043 0.00738262476541 0.177809864051 0.0156905307986 0.0218837067938 0.0387176195129 0.0138096518322 0.0154021097531 0.0157836112142 0.0212798721934 0.0194718945037 0.0468108844422 0.00801277981287 0.0135985655601 -0.0171919652565 0.0197081342617 0.0175299320665 0.00333482051691 0.0260578887822 0.0203769564551 
0.0354895942016 0.0265252340988 0.00991402872516 0.0478516897184 0.0189581665168 0.00315464709833 -0.00763056190648 0.0063062089475 0.0189151686503 0.0268284908704 0.016815093838 0.0304352821856 0.0127792759001 0.0180764854351 0.000176713036563 -0.00395607231116 0.00846896478368 0.024380909316 0.00356500733943 8.31464067892e-06 0.0264921126149 0.0100356455358 0.0156905307986 0.192561829869 0.0432592759635 0.0331298832943 0.0212842058399 0.0297222683598 0.00870112864913 0.0179329002544 0.0235479634551 0.0205674736439 0.0141543113871 0.00774788496453 -0.00585998985664 0.0188473901619 0.0216715339321 0.0188870961363 0.0692441342572 0.007036583015 
0.0264044416444 0.0310125440507 0.00701032264507 0.00210136646776 0.0169984181471 -0.00323174133044 0.00401361335888 0.0256179160242 0.0212458982182 0.0181701572742 0.0236895803472 0.0356505748433 0.0154421218056 0.0264949851412 0.00535401594496 0.0206006140514 0.0163758964443 0.0113273166902 0.0333142201819 0.0102188522681 0.0305446300116 0.032737108737 0.0218837067938 0.0432592759635 0.168100801716 0.0177106685412 0.0155092433231 0.000550176134279 0.0188967552297 0.0299862274655 0.0229372239242 0.0452244781137 -0.00496128961438 0.0147859973926 0.0133792236087 -0.00316525732695 0.0269329337106 -0.00518144849346 0.0123290676638 0.0154052354583 
0.0237576152643 0.00825626257508 0.0194829136609 0.031309500836 0.00974573485724 0.0230347705729 -0.00109912872688 -0.0126445549722 0.00802771678763 0.0142063509966 0.0175261537621 0.0283019228649 0.000231816422406 0.0296500917571 0.0098225482334 0.0156521041874 0.0205789256527 0.0138235208399 0.0304013516252 -0.0113382181588 0.0216733790196 0.017877728288 0.0387176195129 0.0331298832943 0.0177106685412 0.167784928779 0.0167073698654 0.0201236049423 0.00152657100356 0.00027528011262 0.0217398821693 0.0328158913947 0.0127998450243 0.00537934726287 -0.0137605711257 0.0317338680709 0.00998021078671 0.0119928328332 0.039925676836 0.0100601854629 
0.0137701369019 0.0147859607303 0.00969747757723 0.0227135799935 0.00958761391735 0.00870829252173 0.00961415524494 -0.0153016561883 0.0168849128585 0.0181147084709 0.0262255942229 0.0267947023774 0.00758156979125 0.0166953789094 0.0119984325239 0.0314232474105 0.0244536312666 0.0232539766244 0.0177111155221 0.0109083628357 0.0151746317523 0.00890711000179 0.0138096518322 0.0212842058399 0.0155092433231 0.0167073698654 0.180376226627 0.0199802987029 0.019022510881 0.00823549630777 0.0453503419281 0.0144836265896 0.011654190256 0.00915527325499 0.0122312366781 0.049842893105 0.0310911263559 0.0424148693355 0.047634115939 0.0285792037283 
0.0284160742019 0.0171811137441 0.0131882555612 -0.00833758683846 0.0125219615189 0.0152537320964 -0.00922500899488 -0.0242752744174 0.0329552613255 0.0274212159336 0.0249374822677 0.016976422936 0.00210816854704 0.00020871242047 -0.00206911300388 0.0144934136791 -0.0169453350952 0.0132955183953 0.00730044295843 0.0152244299431 0.0264742608476 0.0201812484389 0.0154021097531 0.0297222683598 0.000550176134277 0.0201236049423 0.0199802987029 0.318587139757 -0.00310271638247 -0.00569581277824 0.0289309050356 0.0164370493018 0.0265606349815 0.0466493431164 0.0241832231309 0.0214285188301 -0.00398728407204 0.00141681946762 0.0157820215623 0.00517467644713 
0.0133668140346 0.00705260708475 0.0381803322042 -0.00745536677304 -0.016701208611 0.0415267154628 -0.00521745250371 -0.0268978576325 0.0252757398687 0.0372031918508 -0.0317564309896 0.0272010703544 0.0589142523919 -0.00774119338011 -5.28259685075e-05 0.0346882659992 0.0168138218074 0.0689775805671 0.0247183162001 0.0359642280665 0.0286436506412 0.037354813809 0.0157836112142 0.00870112864913 0.0188967552297 0.00152657100356 0.019022510881 -0.00310271638247 0.548923896438 -0.0124508880943 0.0162135566715 0.016592793578 -0.00872413979341 0.00717445552236 0.0304177389555 0.0377170721767 -0.00738868819676 0.0362876403409 0.00602743486589 0.104480026229 
0.0181808230094 0.0168543179607 0.0168190723596 0.023542690692 0.0377019898181 -0.0101343007526 0.00489552970643 -0.00997635144196 0.0114257075414 0.0199362931435 0.0217885575301 0.024485248478 -0.00129091166597 0.0297818291808 0.00294065748958 0.0557306847041 0.0267205445578 0.0248908780144 -0.0148909039396 0.0123565569264 0.00104206531506 -0.00494835657108 0.0212798721934 0.0179329002544 0.0299862274655 0.000275280112626 0.00823549630777 -0.00569581277824 -0.0124508880943 0.219310167771 0.0217014029489 0.023955184871 0.011442058466 0.00983542696167 0.0151115516416 0.0153259977936 -0.0139204993461 0.0187443857466 0.0242123400106 0.0239793571342 
0.0174157056479 0.0157722795568 -0.00491101464001 0.021424978458 0.0176826088913 0.00526982010367 0.0324118195889 -0.0148411862873 0.0112576641275 0.0298674726538 0.00817895167745 0.025203113377 0.00508119846391 0.0192786984913 -0.00018443808782 -0.00301335469455 0.000165349130157 0.0110737772067 0.0186830640678 -0.00354655242508 0.0166882290567 0.0103401572172 0.0194718945037 0.0235479634551 0.0229372239242 0.0217398821693 0.0453503419281 0.0289309050356 0.0162135566715 0.0217014029489 0.147143926098 0.0268367607526 0.00485630278143 0.0212679710383 0.0134923688272 0.0190525165404 0.023663551968 0.0183656685725 0.0310837636215 0.0208269392294 
0.0136912533238 0.0415907156432 0.0164629866315 -0.00686719000948 0.0149332482602 0.0198862729065 0.0102100303743 -0.000316457433791 0.0108615156954 0.012246213993 0.0231776218365 0.0360331502702 0.0147819582982 0.0275753676122 0.0077297637761 0.0216795333424 0.0247228458023 0.0113667225621 0.0814875160309 0.0165495977633 0.0356924251839 0.0291837967877 0.0468108844422 0.0205674736439 0.0452244781138 0.0328158913947 0.0144836265896 0.0164370493018 0.016592793578 0.023955184871 0.0268367607526 0.221553711248 0.0132867448406 0.00834092730278 0.0120010264666 0.0282553233489 0.00756767264113 0.00369954167274 0.0237827289934 0.00371435016998 
0.0183865861623 -0.00369602445244 0.0310951595331 0.0372697921785 0.0282837636414 0.0246609473291 0.0195619576232 -0.00145600421663 0.0158258946889 0.0065248287377 0.0177477482225 0.0210828422797 -0.00785117568729 0.0222932648984 0.0159238593826 0.0101686183565 0.0125725901011 0.000386440374192 -0.0174396285414 0.0058933546949 0.0629538264377 0.0113477119163 0.00801277981287 0.0141543113871 -0.00496128961438 0.0127998450243 0.011654190256 0.0265606349815 -0.00872413979342 0.011442058466 0.00485630278143 0.0132867448406 0.297481046032 -0.00119642918127 0.0154800588881 -0.000905825307597 0.00611103939323 0.0382584019703 0.0381250059542 0.0293364069221 
0.0341262529366 0.00463800541599 -0.00485006713168 -0.0100370492739 0.0201439154838 0.00437675457895 0.02324174311 -0.000586789379856 0.0163400261111 0.0483658324986 0.0140226148703 0.00738870296125 -0.00832970906407 0.0273102541718 0.0118432569005 0.0124127230742 -0.0234482719651 0.00333384886997 0.00405581260206 -0.00300781600702 0.0132693466391 0.00987632013896 0.0135985655601 0.00774788496453 0.0147859973926 0.00537934726287 0.00915527325499 0.0466493431164 0.00717445552237 0.00983542696167 0.0212679710383 0.00834092730277 -0.00119642918127 0.35527462757 0.00362633174261 -0.000175094443493 -0.0125063284257 0.063502685536 -0.00344035711434 -0.00961638679235 
0.00510222717508 0.0221021058202 0.0180213102296 0.0082065127789 0.00568283250055 0.0205555093529 -0.00858733147507 -0.0050491010411 -0.00209242101676 0.0164364408344 0.00514487343291 0.00633640149235 0.0109763154615 0.00813398121638 0.0103039393018 -0.00881944626186 0.0058606838957 0.020012867509 0.0155452177135 0.00435434932924 0.0342567202008 -0.0157411423935 -0.0171919652565 -0.00585998985664 0.0133792236087 -0.0137605711257 0.0122312366781 0.0241832231309 0.0304177389555 0.0151115516416 0.0134923688272 0.0120010264666 0.0154800588881 0.00362633174261 0.263118238067 0.00713673067113 0.0124635986772 0.0277674820259 0.0395217077087 0.0068731556389 
0.0396525383625 0.0110372303881 0.00576831201658 0.0404683929844 0.0150842855251 0.0218119175316 0.0313911176778 -0.0209088233428 0.0150455915913 0.027707894902 -0.00264759418616 0.0352126358155 0.00843804112418 0.0338791256566 0.0245270226494 0.0438759039336 0.00826448761671 0.0352942102468 0.0256281545348 0.0354614558242 0.0183854635786 0.0343878085432 0.0197081342617 0.0188473901619 -0.00316525732695 0.0317338680709 0.049842893105 0.0214285188301 0.0377170721767 0.0153259977936 0.0190525165404 0.0282553233489 -0.000905825307598 -0.000175094443493 0.00713673067113 0.257656952646 0.0278995903933 0.0353992439483 0.0410169827733 0.0293032011663 
0.0152397134317 0.0195813362172 0.0128537810922 0.00291449518986 0.0119478143628 -0.0074677075667 0.000827898884252 0.00242402844289 0.0334573347638 0.018455563859 0.000617937421598 0.019350263624 -0.00358609147201 0.00521680773528 0.0192255105151 0.00980304715396 0.00427656831159 0.0127459230846 0.00117149119989 0.00692678267264 0.0361204206394 0.0191313844338 0.0175299320665 0.0216715339321 0.0269329337106 0.00998021078672 0.0310911263559 -0.00398728407204 -0.00738868819676 -0.0139204993461 0.023663551968 0.00756767264113 0.00611103939323 -0.0125063284257 0.0124635986772 0.0278995903933 0.243725270262 -0.0203108504269 0.0260215542702 0.0065670198451 
0.0328324569632 0.123364518193 0.0458191920888 0.0667226233684 0.0314715984918 -0.0257527998216 0.0103406936973 0.0834203029535 0.00114989828524 0.0246894545019 0.0336920486238 -0.00473627970581 -0.00418169703291 0.0300770283285 0.00562255051769 0.148848652006 0.00237776375187 0.0152003814729 0.00027239754571 -0.0386502106073 0.028435287185 0.0257290244116 0.00333482051691 0.0188870961363 -0.00518144849346 0.0119928328332 0.0424148693355 0.00141681946762 0.036287640341 0.0187443857466 0.0183656685725 0.00369954167274 0.0382584019703 0.063502685536 0.0277674820259 0.0353992439483 -0.0203108504269 0.533337601482 0.0736102545963 -0.0119452516265 
0.0453850040059 0.0205713972391 0.0203876382235 0.0387941921576 0.0177611575343 0.02387200535 0.0124716689963 -0.0385132887576 0.00686798791226 0.0468349581918 0.0188862816513 0.0133502516174 0.00319091641867 0.0181412815431 0.0119344831807 0.0169842256802 0.0176408021153 0.0153069299095 0.0134461936819 0.0051893990259 0.0839785688485 -0.00774838930432 0.0260578887822 0.0692441342572 0.0123290676638 0.039925676836 0.047634115939 0.0157820215623 0.00602743486589 0.0242123400106 0.0310837636215 0.0237827289934 0.0381250059542 -0.00344035711435 0.0395217077087 0.0410169827733 0.0260215542702 0.0736102545963 0.390129796119 0.00814361470494 
0.0163848961083 0.0301717477966 0.0168762804883 0.00170804587355 0.00436516213329 0.0285593453303 -0.0067321380046 0.000790305417557 0.0129390976132 0.0202875249804 0.00861009009302 0.00748286074074 -0.000112728653232 0.0228287492837 0.0125269689336 0.00867206136918 0.0468614494051 0.0504150820319 0.0054568025666 0.022388421951 0.0374002880201 0.0293753334222 0.0203769564551 0.007036583015 0.0154052354583 0.0100601854629 0.0285792037283 0.00517467644712 0.104480026229 0.0239793571342 0.0208269392294 0.00371435016998 0.0293364069221 -0.00961638679236 0.0068731556389 0.0293032011663 0.0065670198451 -0.0119452516265 0.00814361470494 0.298217843192 
0.0145230733498 0.000539921443291 0.00160451057862 0.00276275383412 0.00280322260632 0.00277600924381 0.000356397909966 -0.000917681363853 0.000786739007757 0.00243533048726 0.00151938588527 0.000513119468309 0.000794629078229 0.00314679365299 -0.000318223799193 0.0019189774277 0.000388741482458 0.00117686882868 0.00158385345815 0.000315633939672 0.00160278485133 0.00307722257374 0.00254281506435 0.00307348901486 0.00228669172368 0.00205746983522 0.00119252883706 0.00246090421347 0.00115760005216 0.00157450545879 0.00150824435159 0.0011856973188 0.00159232507055 0.00295542019791 0.00044186583495 0.00343401055464 0.00131979789783 0.00284337417988 0.003930456642 0.00141897362682 
0.000539921443291 0.0531052740075 0.00113378163027 -0.00263314847032 0.00149426172145 0.00133957873588 0.00111364664159 -0.000347763075627 0.000951677490845 -0.000197880256699 0.00365820903969 -0.000943510281355 0.00458849775443 0.00250905291617 0.000833057804147 0.000338534620702 0.000250757437783 0.000358456432146 -0.000766664267933 -0.000148206523314 0.00213913571526 0.00299479089082 0.00104500916266 0.00229715265709 0.00268576509839 0.000715013313034 0.00128050176118 0.00148792809677 0.000610773689831 0.00145962675174 0.00136591947718 0.00360186163086 -0.000320085106882 0.000401663051314 0.00191409851174 0.000955852190348 0.00169579346042 0.0106836806681 0.00178153526004 0.00261295000684 
0.00160451057862 0.00113378163027 0.0293236882766 0.000108923834648 0.00137069773712 0.00146953725315 0.000561250835721 0.00135567970706 0.0036426309678 0.000150891225241 0.00196547381548 0.000421573167374 0.00248802866505 0.00128113850011 0.00102553091614 0.00505312282149 0.000360568461206 0.00169679504368 0.00313346755747 0.00426372471973 -0.00162711019235 -0.00218970128029 0.00250214201169 0.000858580072984 0.000607111749935 0.00168726981701 0.000839826193451 0.00114213643476 0.00330651376138 0.00145657439315 -0.000425306343661 0.00142573646451 0.00269291980904 -0.000420028134609 0.00156069124683 0.000499550474331 0.00111317009606 0.00396805843298 0.00176562126247 0.00146152876243 
0.00276275383412 -0.00263314847032 0.000108923834648 0.0290886122833 0.00163052705024 -9.22263849727e-06 0.000888562614088 -0.00280263412906 0.000693819432148 0.000178073499212 0.00126983958122 0.00160788851282 0.00140937249201 0.00172010730836 0.000289488644826 0.00224257125126 -0.00130163463513 0.00109188437254 0.00140448548099 -0.000967739576641 0.00220925894719 -0.000530404462044 0.00104932579175 0.00414407789101 0.000181983674375 0.00271148231038 0.00196705372852 -0.000722056200836 -0.000645653701998 0.00203885682127 0.00185545756201 -0.000594716100082 0.00322765868203 -0.000869233965025 0.000710704854301 0.00350466563748 0.000252402687362 0.00577834868441 0.00335967559278 0.000147921111732 
0.00280322260632 0.00149426172145 0.00137069773712 0.00163052705024 0.0114858452279 0.000776898548215 0.000410082447086 0.000848147029727 0.00125926575913 0.000998280512359 0.000683821539465 0.00162764179703 0.000257896030986 0.00192162897629 0.000676776227815 0.00315965475077 2.80382668144e-05 0.0016347467914 -0.00160979733181 0.00027667283258 0.00250183358977 0.00153697752398 0.00160558154115 0.00164182538127 0.00147210619395 0.000844005396492 0.00083031172141 0.00108443367806 -0.0014463670931 0.00326508809557 0.0015313588505 0.00129325723544 0.00244944578281 0.00174451425407 0.000492147731093 0.00130633744627 0.00103471107579 0.00272552037916 0.00153816136253 0.000378034129907 
0.00277600924381 0.00133957873588 0.00146953725315 -9.22263849717e-06 0.000776898548215 0.0266369104724 -0.000887989351043 0.00118782912498 0.00025045298976 -0.000942549496493 0.0040751038325 0.00013262607341 0.00106848960614 0.00144081917562 0.000409451066475 -0.00144448291399 0.000324666403481 0.00146691419152 0.00171001009005 -0.000345078955545 0.00253006977656 0.000601221880389 0.00277029383365 0.000273200452712 -0.000279877009063 0.00199486964865 0.000754160254741 0.0013210119498 0.00359631905266 -0.000877656190134 0.000456379808316 0.00172220175236 0.00213570068683 0.00037903806515 0.00178015932873 0.00188896746876 -0.00064672244608 -0.0022302578864 0.00206737630724 0.00247331185715 
0.000356397909966 0.00111364664159 0.000561250835721 0.000888562614088 0.000410082447086 -0.000887989351043 0.0263287773863 0.00106283029675 -0.000643587196984 0.00156325619057 0.00171317118255 0.00293627190324 -0.0009723757419 4.7525550345e-05 0.0021055641542 0.00049856377093 0.0013932526293 0.000752642498528 -9.54607817632e-06 0.000232930909266 0.000973283417333 -3.62495011151e-05 -0.000217694082066 -0.000660826045616 0.000347589112976 -9.5187339951e-05 0.000832610267805 -0.000798909213971 -0.000451844641125 0.000423965309075 0.00280694591469 0.000884214567756 0.00169411522495 0.00201279399615 -0.000743684720812 0.00271855053622 7.16981465528e-05 0.000895530343458 0.00108007821784 -0.000583020253376 
-0.000917681363853 -0.000347763075627 0.00135567970706 -0.00280263412906 0.000848147029727 0.00118782912498 0.00106283029675 0.234805155512 -0.000631922885819 -0.000152342237272 0.0161822384095 -0.00216642697478 -0.000697203085752 7.58742292501e-06 -0.00251636961831 -0.00019436230589 -0.00166313190346 -0.00213219340687 -0.00318280150263 -0.00104043721069 -0.000147435578625 -0.00176476038527 -7.88785423821e-05 0.000546133715011 0.0022185766069 -0.00109505058255 -0.0013251622979 -0.00210230043293 -0.00232942280171 -0.000863977378582 -0.00128528443471 -2.74060176879e-05 -0.000126093663962 -5.08174509626e-05 -0.000437264976787 -0.00181075721781 0.000209927021104 0.00722441015492 -0.00333534864473 6.84424568353e-05 
0.000786739007757 0.000951677490844 0.0036426309678 0.000693819432148 0.00125926575913 0.00025045298976 -0.000643587196984 -0.000631922885819 0.0187561409971 0.000483858597281 0.0014179953891 0.00139351178842 0.00121127711261 0.00297945137512 0.000642509222517 0.0019717735588 0.00128429390488 0.0010052822377 0.00306982561852 0.00417934484491 0.00203242130399 0.000103015863095 -0.000913539122514 0.0016381016568 0.00183994875832 0.000695220667247 0.00146227634762 0.00285400934963 0.00218894328257 0.000989495298704 0.000974942312171 0.000940634851585 0.00137056268382 0.00141508777107 -0.000181208975593 0.0013029864533 0.00289749018483 9.95841126785e-05 0.00059478520049 0.00112055872351 
0.00243533048726 -0.000197880256699 0.000150891225241 0.000178073499212 0.000998280512359 -0.000942549496493 0.00156325619057 -0.000152342237272 0.000483858597281 0.0200810671796 0.00198408089596 0.00123056668723 0.000679256145638 0.00176041021071 0.000183133919881 -0.000970502917033 0.000923182539134 0.000852136707468 0.00425195950224 -0.00170814471277 0.00323927047439 0.00182149068594 0.000418781728938 0.0023234154639 0.00157358177902 0.00123030608581 0.0015687797718 0.00237474696012 0.00322189092446 0.00172653363195 0.0025865990065 0.00106055324181 0.000565066744219 0.00418860396189 0.00142343753104 0.00239957408706 0.00159829871431 0.00213816948042 0.00405602635793 0.0017569512013 
0.00151938588527 0.00365820903969 0.00196547381548 0.00126983958122 0.000683821539465 0.0040751038325 0.00171317118255 0.0161822384095 0.0014179953891 0.00198408089596 0.0179093473296 0.00154253699323 0.000771505431133 0.00297482256824 0.000299137114701 0.000709997588092 0.0011050235486 -0.000579978677213 0.00380587056649 0.000784482129942 0.00111979303861 0.00140269760132 0.00112069158704 0.00145622984307 0.00205157783856 0.00151780943886 0.00227120308263 0.00215964931503 -0.00275018759705 0.00188694443329 0.000708317992899 0.00200724093097 0.00153700008207 0.00121439407052 0.000445559109215 -0.000229288382412 5.35149505056e-05 0.00291781700137 0.00163559996931 0.000745655674943 
0.000513119468308 -0.000943510281355 0.000421573167374 0.00160788851282 0.00162764179703 0.00013262607341 0.00293627190324 -0.00216642697478 0.00139351178842 0.00123056668723 0.00154253699323 0.0152503864656 0.000347035580154 0.00167280249637 0.00121838722323 0.00184225814943 0.00156274867397 0.000244340545984 0.00315735992394 0.00187565314481 0.00222676135321 0.00214859267117 0.00285151446737 0.00263577275441 0.00308743034738 0.00245101841769 0.00232048929456 0.00147020135279 0.00235568179371 0.00212048471999 0.00218265364389 0.00312056235124 0.00182582769982 0.000639880446546 0.000548748466096 0.00304950371504 0.00167578198683 -0.000410173854466 0.00115616570476 0.000648034749446 
0.000794629078229 0.00458849775443 0.00248802866505 0.00140937249201 0.000257896030986 0.00106848960614 -0.0009723757419 -0.000697203085752 0.00121127711261 0.000679256145638 0.000771505431133 0.000347035580154 0.034314682107 -0.000296725239199 0.000530360315916 0.00161238955327 9.39870508167e-05 0.000139969937817 0.00366283462075 -0.00153697761886 -0.00113185792971 0.00139259947481 -0.000525615689985 0.00110671775714 0.0013373269772 2.00758910818e-05 0.000656583203978 0.00018257275172 0.00510212392164 -0.000111796229677 0.000440044695142 0.0012801551404 -0.000679931759477 -0.000721373965561 0.000950576802962 0.000730755797172 -0.000310564631506 -0.000362145586144 0.000276341467992 -9.76258774348e-06 
0.00314679365299 0.00250905291617 0.00128113850011 0.00172010730836 0.00192162897628 0.00144081917562 4.7525550345e-05 7.58742292501e-06 0.00297945137512 0.00176041021071 0.00297482256824 0.00167280249637 -0.000296725239199 0.0165811416207 0.00110477144444 0.00219044691119 0.000183854237087 0.000625285141969 0.00156637774959 -0.000538981419732 0.00261018901569 0.00269655354863 0.00320006770248 0.00156546955979 0.00229453302052 0.00256777326862 0.00144586222613 1.80750258213e-05 -0.000670407012278 0.00257918206418 0.00166958426454 0.00238809688708 0.00193065337353 0.00236513738966 0.000704423436729 0.00293401834767 0.000451788802541 0.00260474706028 0.00157108106735 0.00197702768163 
-0.000318223799194 0.000833057804147 0.00102553091614 0.000289488644826 0.000676776227816 0.000409451066475 0.0021055641542 -0.00251636961831 0.000642509222517 0.000183133919881 0.0002991371147 0.00121838722323 0.000530360315916 0.00110477144444 0.013487733865 0.000238718819966 0.00226528078776 0.0011777280015 -0.000532688964657 0.000402490560103 0.0020592619809 -0.000972660192233 0.00140812802004 1.53037978843e-05 0.00046367138206 0.000850657630002 0.00103909473713 -0.000179190442466 -4.57486307078e-06 0.000254668408981 -1.59728069473e-05 0.000669417179535 0.00137904667517 0.00102565613394 0.00089234731944 0.00212410246936 0.00166497805068 0.000486927158238 0.00103355656155 0.00108486733289 
0.0019189774277 0.000338534620702 0.00505312282149 0.00224257125126 0.00315965475077 -0.00144448291399 0.00049856377093 -0.00019436230589 0.0019717735588 -0.000970502917033 0.000709997588092 0.00184225814943 0.00161238955327 0.00219044691119 0.000238718819966 0.0371658713448 0.000370337316043 4.63215513398e-05 0.00104602884565 -0.00340247675384 0.00081691728262 -0.000299539282355 -0.000691665164301 -0.000342605912067 0.00178406551021 0.00135551198489 0.00272133305269 0.00125516644337 0.00300409195685 0.00482641887241 -0.000260964171609 0.00187750266167 0.00088062818181 0.00107497335124 -0.000763786451008 0.00379976474205 0.000848968786983 0.0128906713956 0.00147087709027 0.000751022544889 
0.000388741482458 0.000250757437783 0.000360568461206 -0.00130163463513 2.80382668144e-05 0.000324666403481 0.0013932526293 -0.00166313190346 0.00128429390488 0.000923182539134 0.0011050235486 0.00156274867397 9.39870508168e-05 0.000183854237087 0.00226528078776 0.000370337316043 0.0150565316641 0.00242277527651 0.00139799104845 0.00163842660561 0.0015710808294 0.000643600884341 0.000971029197371 0.000733433864642 0.00141819423305 0.00178218723978 0.00211774658917 -0.00146750906681 0.00145611968199 0.002314067039 1.43196547207e-05 0.00214106125186 0.00108881824189 -0.00203067991966 0.000507550113723 0.000715725622533 0.000370361679885 0.000205920381331 0.0015277382775 0.00405832056429 
0.00117686882868 0.000358456432146 0.00169679504368 0.00109188437254 0.0016347467914 0.00146691419152 0.000752642498528 -0.00213219340687 0.0010052822377 0.000852136707467 -0.000579978677213 0.000244340545985 0.000139969937817 0.000625285141969 0.0011777280015 4.63215513397e-05 0.00242277527651 0.0148759096648 -0.000308057654119 0.000442913708229 -0.000563839800864 0.000922151907952 0.00184744587609 0.00211144868351 0.000980974401039 0.00119715202171 0.00201385344957 0.00115142566868 0.00597363370627 0.0021556132683 0.000959017237681 0.000984387049652 3.34667181098e-05 0.000288719781377 0.00173316516654 0.00305656826802 0.0011038293186 0.00131639165027 0.00132561901556 0.00436607417735 
