40
0.104921073146 0.0601344650096 0.0088766616328 0.0324129219316 0.0437038130991 0.0444735285872 0.151477321577 0.0431194173031 0.0823962853659 0.0791171504464 0.0979044774238 0.162419244675 0.0649337142294 0.134360436546 0.110057805124 0.13534553156 0.0798623823862 0.109746753301 0.0493870590102 0.059162885268 0.103166553638 0.0415097954764 0.0292815331214 0.136929250297 0.0142076594304 0.072987431854 0.036872425502 0.191301962015 -0.00277796207049 0.0242911243805 0.0268374832388 0.0248803539628 0.0300827450696 0.125840316239 0.0466490289559 0.1366928931 0.0230030392576 0.0315903614714 0.39235550597 0.0759168136047 
0.249633875815 0.0195645576866 0.0178709120062 0.0107057650525 0.0145492661544 0.0299416684887 0.0373199018567 0.0150636904901 0.019164233626 -0.00670997229944 0.0242032670201 0.000284434386493 0.0350944731614 0.0236868622386 0.040189485389 0.0598354497086 0.0235735642184 0.0307979164494 0.0217752635595 0.0184611901484 0.0237729961733 0.0350851604328 0.0135541543351 0.0260391452405 0.00489886833786 -0.0143849602849 0.0165047276149 0.0229723883931 0.003481101185 0.0334174507215 0.0274530812971 0.0283748243751 0.0264794874536 0.0398321949345 0.0294578678397 -0.0151131691363 0.0294930727381 0.0205542253795 0.0863584281898 0.00911807818911 
0.0195645576866 0.287057747844 0.00823454755054 0.00245327098984 0.0139071512086 0.0400508056123 -0.00870799563453 0.0133531104228 -0.0112325469703 0.0194181665943 0.0469050389835 0.0203261782882 0.0201227847674 -0.00848982863811 0.0418769559364 0.0264744890889 -0.0223964682832 0.00471855764832 0.012097107178 0.0317754334601 0.0105343074731 -0.0368727027038 0.00622028489833 -0.0070411116713 -0.000371113980845 -0.000546077179519 -0.000304744183974 0.00189835645324 -0.00307006080468 0.0172976424792 0.00917708899738 0.00712337281819 -0.00744776275645 0.028312981471 0.0172511740312 0.00852645048713 0.0234234569858 0.00543819005617 -0.0138034009535 0.0026452780172 
0.0178709120062 0.00823454755054 0.261142102696 0.00799608689808 0.0216308560027 0.0317083588002 0.0420821772516 0.0288162940324 0.0508535171229 0.0347951928337 0.0150859355379 0.000414006112832 0.0397142435691 -0.00680910537927 0.00621433786194 0.0149626541951 0.0116344100815 0.0374024318012 -0.00510994867908 0.0109084328079 0.0227979090067 0.0508931092092 0.0210723862382 0.067075084084 0.0098659797815 0.0258247640347 0.00335247173141 0.0430587622134 0.0164803809848 0.0391645550808 0.0245625731196 0.0295937008947 0.00586788143384 0.00153181243184 0.00243640296134 0.0273934422778 0.0265989018626 0.0199581649318 0.0443265389984 0.00936373818539 
0.0107057650525 0.00245327098984 0.00799608689808 0.262354076538 0.00715385618595 -0.00131665170995 0.015498565823 0.00515617627169 -0.00647689964483 0.0356690846461 0.0698467515733 0.00344442805704 0.0116947438744 -0.0196715721931 0.025478825148 0.0108861798003 -0.0125429504105 0.0115301771222 0.00277252213451 0.00865622585016 0.00591178929386 -0.00330383302065 0.0118597618771 0.0188812608841 0.00481130662707 0.105696038853 0.013421934 0.0179481341192 0.00130663081007 0.0200313120585 0.00582851384093 0.0149349036668 0.000482803138646 -0.00110964052615 0.00900398579231 0.00982831648409 0.00271202301978 -0.00109369377337 0.00307726365904 0.00805800418052 
0.0145492661544 0.0139071512086 0.0216308560027 0.00715385618595 0.189975815597 0.0320948984407 0.0294127171941 0.0177886337452 0.00518716034905 0.00661229355931 0.000303124053283 0.0416875957458 0.0176827278121 0.0128936199495 0.0344597860352 0.0263791802176 0.031451396742 0.00834502832426 0.0018840552488 0.0259851261931 0.0197825044958 0.00632732947772 0.0126791871009 0.062442138166 0.0035935370202 -0.0135146851189 0.0311257530426 0.00553380155347 0.0065122458877 0.0169008627436 0.00385010491196 0.0202567017793 0.00385002797531 0.0488212376842 0.00690298981839 0.024781933764 0.00923191694732 0.0166249552062 0.0483726912126 0.0281008670565 
0.0299416684887 0.0400508056123 0.0317083588002 -0.00131665170995 0.0320948984407 0.341852662544 0.000906527048316 0.0151954583225 0.0382083053392 0.00576319722069 0.022851076064 0.0233673789508 0.0224127841413 0.00556306057555 0.0360961363398 0.0297881244301 0.0302005442227 0.0212526481556 0.0062842563373 0.00454642762328 0.00528708573271 0.00675902421887 0.0196110167203 0.0326543998815 0.00118946077201 0.0192165442584 0.0315098247738 0.000685175106391 0.00209984799268 0.0133971760175 0.0423117836918 0.0307105877018 0.00798945393639 0.0421495319963 0.017419311302 0.0157798914325 0.0114024251739 0.0191188082062 -0.00727402708058 0.00979634086578 
0.0373199018567 -0.00870799563453 0.0420821772516 0.015498565823 0.0294127171941 0.000906527048316 0.561968906239 0.0142641642042 0.00585673011549 -0.026021539575 0.0129619995559 0.0217417035742 0.0544468012113 0.0778662355109 0.023795502225 0.0139479197243 0.0587382931395 0.024097543991 0.0132406018649 -0.0235665121515 0.0095077795163 0.0776524875219 0.00695707543271 -0.00240165568983 0.015343243986 0.0249274545021 0.0065704328754 0.0201702804936 0.0272963907089 0.0152277407385 0.00352988678096 0.0525095680634 0.028576394292 0.0200241143982 0.0168056487482 0.0486889353203 0.0130377309224 0.0205205012656 0.0152783222352 0.0049371912618 
0.0150636904901 0.0133531104228 0.0288162940324 0.00515617627169 0.0177886337452 0.0151954583225 0.0142641642042 0.181730061275 0.00152999381476 0.00490591692003 0.000318742835689 0.0081906623815 0.0225710287747 0.00810533972353 0.0170790123814 0.00921864238318 0.00357241828855 0.039848323726 0.00549330227258 0.0310379578231 -0.00452568921108 0.00942343217301 0.00840713588828 0.0439238299384 0.00447578287163 0.00553905080019 0.0160112344696 0.00522798054612 -0.00161645055576 0.019347856407 0.0203886304618 0.0188309947383 -0.000382221861095 0.0270262025419 0.0245128013247 0.00338585396892 0.013637674282 0.0133009399046 0.000443993958362 0.01078145238 
0.019164233626 -0.0112325469703 0.0508535171229 -0.00647689964483 0.00518716034905 0.0382083053392 0.00585673011549 0.00152999381476 0.320456954508 -0.0125347996884 0.0182786361556 0.00657750876097 0.0163144139214 0.00138406979973 -0.0134029333265 0.00936994954784 -0.00648202347292 -0.00125350689066 0.0151597786796 0.0104244313785 0.0253583351344 0.00260034580904 0.0283325047583 0.0404509790242 0.00942345735068 0.0122099928769 0.0103320307191 0.0672422886534 0.0055361210244 0.00835103236455 0.0122784973514 0.0149271761797 0.00875155026806 0.000716973547603 -0.00315770452559 0.00369317216126 0.0169424608182 0.0125364126797 0.0978264368531 0.0198960094415 
-0.00670997229945 0.0194181665943 0.0347951928337 0.0356690846461 0.00661229355931 0.00576319722069 -0.026021539575 0.00490591692003 -0.0125347996884 0.36821465921 0.00265684495474 0.015124389668 0.0198290357847 0.0469850497626 0.0192691268824 0.013819646195 -0.0248093450482 0.016894483557 0.00336355572247 0.0201811894616 0.0452621729742 0.0421571502803 0.00944876732944 0.0466528725709 0.0160932816485 -0.0104831314635 -0.00989423240692 0.0341529893452 -0.00545818589309 0.0405716573201 0.00333280114668 0.0101343864659 -0.000784190448313 0.0606925815933 0.00766457934955 -0.00177185474218 0.00819907692163 0.0356713838903 0.0262819108774 0.0768060755115 
0.0242032670201 0.0469050389835 0.0150859355379 0.0698467515733 0.000303124053282 0.022851076064 0.0129619995559 0.000318742835689 0.0182786361556 0.00265684495474 0.49878869001 -0.00274367041334 0.0263287223888 -0.0190299394479 0.0708991643074 0.00583294219527 -0.0115575865994 0.028466308933 0.00689808800419 0.00695897122218 -0.00416053063377 -0.0263256754794 0.0187280051645 0.0126710015911 4.51607934604e-05 0.122110831968 0.0115944216675 0.0156464333719 -0.00682534059896 0.00326177029341 -0.000151672448467 -0.0068690645234 -0.00482234213977 -0.0201006463686 0.0031249160747 0.0269342702204 0.0214100781271 0.0231592817986 -0.0174845864974 0.00605512640963 
0.000284434386493 0.0203261782882 0.000414006112832 0.00344442805704 0.0416875957458 0.0233673789508 0.0217417035742 0.0081906623815 0.00657750876097 0.015124389668 -0.00274367041334 1.30067111575 0.00657883213974 0.0185616353065 0.0342550785245 0.0133821824228 0.0194766199087 0.0348163624423 0.023882069175 -0.000748819975103 -0.00119889286135 0.00757794131194 0.0473053373667 0.0147393147397 0.00273172212565 -0.00447889892661 0.012578999523 0.0506106012823 -0.00113454110449 0.0102139224153 0.0337269588213 0.0016639829797 0.0178158120948 0.0381255661799 0.0213887800666 0.0146986503317 0.0148035479382 0.0229349252105 0.0206886475887 0.0230649749398 
0.0350944731614 0.0201227847674 0.0397142435691 0.0116947438744 0.0176827278121 0.0224127841413 0.0544468012113 0.0225710287747 0.0163144139214 0.0198290357847 0.0263287223888 0.00657883213974 0.181451823416 0.0110553751046 0.0258287523868 0.030895228252 0.0344289893116 0.0391994308191 0.0250902145493 0.0038192946226 -0.00256069564133 0.0298620390175 0.00757497672779 0.0534238024312 0.013254764592 0.0139292743415 0.0219010956905 0.0389681011362 0.0134670533678 0.0142515296425 0.0202449887588 0.0428585131169 0.00563588785826 0.0164817584779 0.0110013685158 0.0169129910536 0.0188059046366 0.0340374768085 -0.00258477817268 0.0135000862282 
0.0236868622386 -0.00848982863811 -0.00680910537928 -0.0196715721931 0.0128936199495 0.00556306057555 0.0778662355109 0.00810533972353 0.00138406979973 0.0469850497626 -0.0190299394479 0.0185616353065 0.0110553751046 0.55518477226 0.0240914181546 0.0235958593486 0.0597823067046 -0.00557438972311 0.0136562038238 0.0315873322302 -0.0225604702695 0.0508764954253 0.0103831339639 0.0085307541013 0.00246216666485 -0.000641752134249 -0.000919470475348 0.0152089082427 -0.00337337520537 0.0310549048151 -0.00444743136209 0.0247944116705 -0.000943443901594 0.0467340176679 0.00185250633653 0.00862365510481 0.0151557003717 0.0305403167409 -0.0421948602375 0.0353095023035 
0.040189485389 0.0418769559364 0.00621433786194 0.025478825148 0.0344597860352 0.0360961363398 0.023795502225 0.0170790123814 -0.0134029333265 0.0192691268824 0.0708991643074 0.0342550785245 0.0258287523868 0.0240914181546 0.451324253688 0.0637872079531 0.0662140973317 0.0232890790515 0.0484331008718 0.00676547262442 0.0311029314544 0.039244830687 0.0437767652046 0.0753163469667 0.00894307322677 -0.0186953042965 0.0305160352716 0.0896955962964 0.00322870223581 0.0463171035422 0.00242958014007 0.0369902323662 0.0140087710804 0.0511591018329 0.0198651491762 0.0206493358078 0.0314505530806 0.0454495815158 0.0172041715013 0.026462964227 
0.0598354497086 0.0264744890889 0.0149626541951 0.0108861798003 0.0263791802176 0.0297881244301 0.0139479197243 0.00921864238319 0.00936994954784 0.013819646195 0.00583294219528 0.0133821824228 0.030895228252 0.0235958593486 0.0637872079531 0.210975353175 0.0369457815365 0.0636146095158 0.0331395233621 0.0197850796993 0.00524922829403 0.0337440534743 0.00934721388851 0.00953020409561 -0.00117445030027 0.00254334383447 0.0357153986206 0.0277679805483 0.0184484605936 0.036983422396 0.0103842024838 -0.000863812756312 0.00654304939597 0.0165763639972 0.0164502220608 -0.0189410594936 0.0344376087909 0.0251357616261 0.0673605146028 0.00352129031993 
0.0235735642184 -0.0223964682832 0.0116344100815 -0.0125429504105 0.031451396742 0.0302005442227 0.0587382931395 0.00357241828854 -0.00648202347292 -0.0248093450482 -0.0115575865994 0.0194766199087 0.0344289893116 0.0597823067046 0.0662140973317 0.0369457815365 0.377768808979 0.0022796419215 0.0343100014033 0.0164774093132 -0.00566988476072 0.164326115742 -0.000279588329322 0.0112401798169 -0.0132841860404 0.0186911421701 0.0104401685178 0.0385420343874 -0.00344280159898 0.0111589792773 -0.00347929251811 -0.001226923524 -0.00630626577391 0.0435879199231 -0.0306777310276 0.0163422763251 0.0117706560668 0.0169354115275 -0.0252376992774 0.00943731716675 
0.0307979164494 0.00471855764832 0.0374024318012 0.0115301771222 0.00834502832427 0.0212526481556 0.024097543991 0.039848323726 -0.00125350689066 0.016894483557 0.028466308933 0.0348163624423 0.0391994308191 -0.00557438972311 0.0232890790515 0.0636146095158 0.0022796419215 0.392554023664 0.00798907909482 -0.0151877697363 0.0222852883586 0.0448420017702 -0.00696748606969 -0.00126269176539 -0.00439786408634 0.0240900349635 0.00740768484751 0.0798935124084 0.0279518309063 0.0182992518209 0.00816940431454 -0.00666548193171 -0.0221641695629 0.0278895218067 0.00925652034791 0.00374229586666 0.00459553899452 0.0022800725739 0.0183601714399 0.00681249559056 
0.0217752635595 0.012097107178 -0.00510994867908 0.00277252213451 0.0018840552488 0.0062842563373 0.0132406018649 0.00549330227259 0.0151597786796 0.00336355572247 0.00689808800419 0.023882069175 0.0250902145493 0.0136562038238 0.0484331008718 0.0331395233621 0.0343100014033 0.00798907909482 0.209601383589 -0.00475545993631 0.0182455786367 0.0225525653527 0.00297510748171 0.0135854683863 0.00653327688812 -0.0164522238698 0.0204923114271 -0.0224313577901 -0.0195710421304 0.0246632267081 -0.00570785547396 0.00891600524568 0.0216029345127 0.0217195613606 0.0088841578537 0.000102734212394 0.0197700714667 0.0261901113467 -0.00890121909649 -0.00410556647891 
0.0184611901484 0.0317754334601 0.0109084328079 0.00865622585016 0.0259851261931 0.00454642762328 -0.0235665121515 0.0310379578231 0.0104244313785 0.0201811894616 0.00695897122218 -0.000748819975103 0.0038192946226 0.0315873322302 0.00676547262441 0.0197850796993 0.0164774093132 -0.0151877697363 -0.00475545993631 0.348712821735 0.0087976834789 0.0029238901407 -0.00469065152651 0.00859746196147 0.00769656345622 0.00971054649608 0.0027806220082 0.0087547292578 -0.00835231798787 0.0143751561277 0.00300780405098 0.0221859628811 0.00572349141865 0.0448027684161 -0.0119855124729 0.0161065300185 -0.000411026735529 0.00171299261008 -0.00766705194796 -0.0194806397985 
0.0237729961733 0.0105343074731 0.0227979090067 0.00591178929386 0.0197825044958 0.00528708573271 0.0095077795163 -0.00452568921108 0.0253583351344 0.0452621729742 -0.00416053063377 -0.00119889286135 -0.00256069564133 -0.0225604702695 0.0311029314544 0.00524922829403 -0.00566988476072 0.0222852883586 0.0182455786367 0.0087976834789 0.376789989385 -0.0191816610899 0.0152245230099 0.0167490459934 -0.00802761710186 -0.0155888587038 0.0310483772508 0.00866593188255 0.0187275346869 0.0232804051717 -0.00660294893785 -0.00395715952106 0.0119148555049 0.0277514488296 0.0138647754638 0.0522962331598 0.0194005839461 0.00972015576463 -0.0240998323644 -0.0101104030932 
0.0350851604328 -0.0368727027038 0.0508931092092 -0.00330383302065 0.00632732947772 0.00675902421887 0.0776524875219 0.00942343217301 0.00260034580904 0.0421571502803 -0.0263256754794 0.00757794131194 0.0298620390175 0.0508764954253 0.039244830687 0.0337440534743 0.164326115742 0.0448420017702 0.0225525653527 0.0029238901407 -0.0191816610899 0.429200449164 0.0110704818718 0.00215159095653 0.00227839065538 0.0085526016389 -0.00952193442509 0.0641051530017 0.0100017738591 0.0469173798819 -0.000516856537464 -0.00807251179327 -0.00894773185116 -0.00181014269161 -0.0212327705692 0.0217124521889 0.00387749424347 0.030138699499 0.00240527922429 -0.0069080177997 
0.0135541543351 0.00622028489833 0.0210723862382 0.0118597618771 0.0126791871009 0.0196110167203 0.00695707543271 0.00840713588827 0.0283325047583 0.00944876732944 0.0187280051645 0.0473053373667 0.00757497672779 0.0103831339639 0.0437767652046 0.00934721388851 -0.000279588329325 -0.00696748606969 0.00297510748171 -0.00469065152651 0.0152245230099 0.0110704818718 0.144649787413 0.0141502022048 0.0315772203669 0.0163175501689 0.0203438900509 0.0252018384082 -0.00307813116219 0.0210169675208 0.0139331937273 0.0228535987754 0.0109339363424 0.0331500284137 0.0189093148415 0.0032640988698 0.02567502519 0.0262210145598 0.0223742378149 0.0131000396023 
0.0260391452405 -0.0070411116713 0.067075084084 0.0188812608841 0.062442138166 0.0326543998815 -0.00240165568983 0.0439238299384 0.0404509790242 0.0466528725709 0.0126710015911 0.0147393147397 0.0534238024312 0.0085307541013 0.0753163469667 0.00953020409561 0.0112401798169 -0.00126269176539 0.0135854683863 0.00859746196147 0.0167490459934 0.00215159095653 0.0141502022048 0.672256673033 0.00377751057767 0.0140244461824 0.0133442612669 0.0136413584777 0.0133187011942 0.0789446531456 0.0063216775482 0.0214267296726 0.00445639379855 0.026226702134 0.00677091378665 0.00106677608115 0.000248438558189 0.0276783880228 0.0909287929022 0.0697364372226 
0.00489886833786 -0.000371113980846 0.0098659797815 0.00481130662707 0.0035935370202 0.00118946077201 0.015343243986 0.00447578287163 0.00942345735067 0.0160932816485 4.51607934605e-05 0.00273172212565 0.013254764592 0.00246216666485 0.00894307322677 -0.00117445030027 -0.0132841860404 -0.00439786408634 0.00653327688812 0.00769656345622 -0.00802761710186 0.00227839065538 0.0315772203669 0.00377751057767 0.127815180745 0.00335120280577 0.00180499721631 0.00726143882158 0.0113884525981 0.0133684597724 0.0222052546753 0.0107414074645 0.00771055216172 0.0125736783285 -0.00382324867275 -0.00153090421646 0.0242947341802 0.0187395833764 -0.00906342097644 0.0210816284327 
-0.0143849602849 -0.00054607717952 0.0258247640347 0.105696038853 -0.0135146851189 0.0192165442584 0.0249274545021 0.00553905080019 0.0122099928769 -0.0104831314635 0.122110831968 -0.00447889892661 0.0139292743415 -0.000641752134248 -0.0186953042965 0.00254334383447 0.0186911421701 0.0240900349635 -0.0164522238698 0.00971054649608 -0.0155888587038 0.0085526016389 0.0163175501689 0.0140244461824 0.00335120280577 0.456251536369 -0.00767074520555 0.0423712257365 0.0139857547206 0.0135635960126 0.0142918458077 0.0374887499886 -0.0114964673619 -0.0182527577886 0.00690543274315 0.0261418942767 0.0126163555717 0.0088658752066 0.0162223096651 0.00162799782105 
0.0165047276149 -0.000304744183974 0.0033524717314 0.013421934 0.0311257530426 0.0315098247738 0.0065704328754 0.0160112344696 0.0103320307191 -0.00989423240692 0.0115944216675 0.012578999523 0.0219010956905 -0.000919470475348 0.0305160352716 0.0357153986206 0.0104401685178 0.00740768484751 0.0204923114271 0.0027806220082 0.0310483772508 -0.00952193442509 0.0203438900509 0.0133442612669 0.00180499721632 -0.00767074520555 0.175440425776 -0.00203406249913 0.0102934414316 0.0217623929314 0.00274481446045 0.00125059558949 0.00603561929629 0.000708680538996 0.00583633010412 0.00582527415262 0.0252577912991 0.0212207248484 0.0263349977644 0.0379511102255 
0.0229723883931 0.00189835645324 0.0430587622134 0.0179481341192 0.00553380155347 0.000685175106391 0.0201702804936 0.00522798054612 0.0672422886534 0.0341529893452 0.0156464333719 0.0506106012823 0.0389681011362 0.0152089082427 0.0896955962964 0.0277679805483 0.0385420343874 0.0798935124084 -0.0224313577901 0.0087547292578 0.00866593188254 0.0641051530017 0.0252018384082 0.0136413584777 0.00726143882158 0.0423712257365 -0.00203406249913 0.434795509699 0.0145945316037 0.0232126926924 -0.0106052904724 0.0131114932667 -0.00176842379302 0.050881796072 -0.00768694000323 0.0124472428486 0.00433459055565 0.0439605332353 0.0811941627499 0.0173949980202 
0.003481101185 -0.00307006080468 0.0164803809848 0.00130663081007 0.0065122458877 0.00209984799268 0.0272963907089 -0.00161645055576 0.0055361210244 -0.00545818589309 -0.00682534059896 -0.00113454110449 0.0134670533678 -0.00337337520537 0.00322870223581 0.0184484605936 -0.00344280159898 0.0279518309063 -0.0195710421304 -0.00835231798787 0.0187275346869 0.0100017738591 -0.00307813116219 0.0133187011942 0.0113884525981 0.0139857547206 0.0102934414316 0.0145945316037 0.267926974409 0.0143713305947 0.00694314143874 0.0184718118191 0.0125106871689 0.0297663976113 0.0211475957582 0.00397769496759 0.00673785625231 0.0161647849481 0.0248697086958 0.0138372555821 
0.0334174507215 0.0172976424792 0.0391645550808 0.0200313120585 0.0169008627436 0.0133971760175 0.0152277407385 0.019347856407 0.00835103236454 0.0405716573201 0.00326177029341 0.0102139224153 0.0142515296425 0.0310549048151 0.0463171035422 0.036983422396 0.0111589792773 0.0182992518209 0.0246632267081 0.0143751561277 0.0232804051717 0.0469173798819 0.0210169675208 0.0789446531456 0.0133684597724 0.0135635960126 0.0217623929314 0.0232126926924 0.0143713305947 0.226434205177 0.00669262678662 0.0265999621405 0.0117645674959 0.0339776439863 0.0268650915297 0.0471921124905 0.034948624595 0.0501390279588 0.0114583068161 0.00898434477175 
0.0274530812971 0.00917708899738 0.0245625731196 0.00582851384093 0.00385010491196 0.0423117836918 0.00352988678096 0.0203886304618 0.0122784973514 0.00333280114668 -0.000151672448466 0.0337269588213 0.0202449887588 -0.00444743136209 0.00242958014007 0.0103842024838 -0.00347929251811 0.00816940431454 -0.00570785547396 0.00300780405098 -0.00660294893785 -0.000516856537463 0.0139331937273 0.0063216775482 0.0222052546753 0.0142918458077 0.00274481446045 -0.0106052904724 0.00694314143874 0.00669262678662 0.15034252251 0.0406744626377 0.000519937526889 0.0253635397926 0.0178640271733 0.0125011464377 0.00611973905988 0.0179153443575 -0.0122628474286 0.0110410672118 
0.0283748243751 0.00712337281819 0.0295937008947 0.0149349036668 0.0202567017793 0.0307105877018 0.0525095680634 0.0188309947383 0.0149271761797 0.0101343864659 -0.0068690645234 0.0016639829797 0.0428585131169 0.0247944116705 0.0369902323662 -0.000863812756312 -0.001226923524 -0.00666548193171 0.00891600524568 0.0221859628811 -0.00395715952106 -0.00807251179327 0.0228535987754 0.0214267296726 0.0107414074645 0.0374887499886 0.00125059558949 0.0131114932667 0.0184718118191 0.0265999621405 0.0406744626377 0.237243278083 0.0149931733086 0.0340146139634 0.00380765105819 -0.00646069837784 0.00322971359617 -0.00170228232519 0.0166329333313 0.0239263054628 
0.0264794874536 -0.00744776275645 0.00586788143384 0.000482803138645 0.00385002797531 0.00798945393639 0.028576394292 -0.000382221861093 0.00875155026806 -0.000784190448313 -0.00482234213977 0.0178158120948 0.00563588785826 -0.000943443901594 0.0140087710804 0.00654304939597 -0.00630626577391 -0.0221641695629 0.0216029345127 0.00572349141865 0.0119148555049 -0.00894773185116 0.0109339363424 0.00445639379855 0.00771055216172 -0.0114964673619 0.00603561929629 -0.00176842379302 0.0125106871689 0.0117645674959 0.000519937526887 0.0149931733086 0.155780988378 0.0145630500997 0.0290932304619 0.0156750332834 0.00359105962866 0.0153833940226 0.0123351599695 -0.00670008785073 
0.0398321949345 0.028312981471 0.00153181243184 -0.00110964052615 0.0488212376842 0.0421495319963 0.0200241143982 0.0270262025419 0.000716973547604 0.0606925815933 -0.0201006463686 0.0381255661799 0.0164817584779 0.0467340176679 0.0511591018329 0.0165763639972 0.0435879199231 0.0278895218067 0.0217195613606 0.0448027684161 0.0277514488296 -0.00181014269161 0.0331500284137 0.026226702134 0.0125736783285 -0.0182527577886 0.000708680538996 0.050881796072 0.0297663976113 0.0339776439863 0.0253635397926 0.0340146139634 0.0145630500997 0.382398380828 0.0566996622457 -0.000913407241262 0.0187098166747 0.0266138531337 0.0349580398518 0.0505302858882 
0.0294578678397 0.0172511740312 0.00243640296134 0.0090039857923 0.0069029898184 0.017419311302 0.0168056487482 0.0245128013247 -0.00315770452559 0.00766457934955 0.0031249160747 0.0213887800666 0.0110013685158 0.00185250633653 0.0198651491762 0.0164502220608 -0.0306777310276 0.00925652034791 0.0088841578537 -0.0119855124729 0.0138647754638 -0.0212327705692 0.0189093148415 0.00677091378665 -0.00382324867275 0.00690543274315 0.00583633010412 -0.00768694000323 0.0211475957582 0.0268650915297 0.0178640271733 0.00380765105819 0.0290932304619 0.0566996622457 0.234241689962 0.00736432551881 0.0262766820608 0.0204074804597 -0.00699964040027 0.0205589823129 
-0.0151131691363 0.00852645048713 0.0273934422778 0.00982831648409 0.024781933764 0.0157798914325 0.0486889353203 0.00338585396892 0.00369317216126 -0.00177185474218 0.0269342702204 0.0146986503317 0.0169129910536 0.00862365510481 0.0206493358078 -0.0189410594936 0.0163422763251 0.00374229586666 0.000102734212394 0.0161065300185 0.0522962331598 0.0217124521889 0.0032640988698 0.00106677608116 -0.00153090421646 0.0261418942767 0.00582527415262 0.0124472428486 0.00397769496759 0.0471921124905 0.0125011464377 -0.00646069837784 0.0156750332834 -0.000913407241262 0.00736432551881 0.521561473145 -0.00807598025275 0.0223566358317 0.0301414517504 -0.00709779913871 
0.0294930727381 0.0234234569858 0.0265989018626 0.00271202301978 0.00923191694732 0.0114024251739 0.0130377309224 0.013637674282 0.0169424608182 0.00819907692163 0.0214100781271 0.0148035479382 0.0188059046366 0.0151557003717 0.0314505530806 0.0344376087909 0.0117706560668 0.00459553899452 0.0197700714667 -0.000411026735529 0.0194005839461 0.00387749424347 0.02567502519 0.000248438558189 0.0242947341802 0.0126163555717 0.0252577912991 0.00433459055565 0.00673785625231 0.034948624595 0.00611973905987 0.00322971359617 0.00359105962866 0.0187098166747 0.0262766820608 -0.00807598025275 0.129974055859 0.0290208697621 0.0120281241523 0.0160013570474 
0.0205542253795 0.00543819005617 0.0199581649318 -0.00109369377337 0.0166249552062 0.0191188082062 0.0205205012656 0.0133009399046 0.0125364126797 0.0356713838903 0.0231592817986 0.0229349252105 0.0340374768085 0.0305403167409 0.0454495815158 0.0251357616261 0.0169354115275 0.0022800725739 0.0261901113467 0.00171299261008 0.00972015576463 0.030138699499 0.0262210145598 0.0276783880228 0.0187395833764 0.0088658752066 0.0212207248484 0.0439605332353 0.0161647849481 0.0501390279588 0.0179153443575 -0.00170228232519 0.0153833940226 0.0266138531337 0.0204074804597 0.0223566358317 0.0290208697621 0.152707286318 0.00842800928531 0.0109648290532 
0.0863584281898 -0.0138034009535 0.0443265389984 0.00307726365904 0.0483726912126 -0.00727402708058 0.0152783222352 0.000443993958362 0.0978264368531 0.0262819108774 -0.0174845864974 0.0206886475887 -0.00258477817268 -0.0421948602375 0.0172041715013 0.0673605146028 -0.0252376992774 0.0183601714399 -0.00890121909649 -0.00766705194796 -0.0240998323644 0.00240527922429 0.0223742378149 0.0909287929022 -0.00906342097644 0.0162223096651 0.0263349977644 0.0811941627499 0.0248697086958 0.0114583068161 -0.0122628474286 0.0166329333313 0.0123351599695 0.0349580398518 -0.00699964040027 0.0301414517504 0.0120281241523 0.00842800928531 3.20161845363 -0.0138789870854 
0.00911807818911 0.0026452780172 0.00936373818539 0.00805800418052 0.0281008670565 0.00979634086578 0.0049371912618 0.01078145238 0.0198960094415 0.0768060755115 0.00605512640963 0.0230649749398 0.0135000862282 0.0353095023035 0.026462964227 0.00352129031993 0.00943731716675 0.00681249559056 -0.00410556647891 -0.0194806397985 -0.0101104030932 -0.0069080177997 0.0131000396023 0.0697364372226 0.0210816284327 0.00162799782105 0.0379511102255 0.0173949980202 0.0138372555821 0.00898434477175 0.0110410672118 0.0239263054628 -0.00670008785073 0.0505302858882 0.0205589823129 -0.00709779913871 0.0160013570474 0.0109648290532 -0.0138789870854 0.330290934677 
0.0216189278101 0.00169434039704 0.00154766637862 0.000927146450245 0.00126000340961 0.00259302455429 0.00323199830747 0.00130455386392 0.00165967131641 -0.000581100647001 0.00209606440939 2.46327404413e-05 0.00303927052902 0.00205134244346 0.00348051153119 0.00518190194945 0.00204153054708 0.00266717780288 0.00188579314166 0.00159878596526 0.00205880186102 0.00303846402306 0.0011738241981 0.00225505612711 0.000424254443038 -0.00124577410391 0.00142935133971 0.0019894671934 0.000301472205936 0.00289403612545 0.00237750658155 0.00245733187368 0.0022931908814 0.00344956927018 0.00255112618905 -0.00130883884038 0.00255417502268 0.00178004813338 0.00747885926432 0.000789648734546 
0.00169434039704 0.0248599301986 0.000713132736744 0.000212459499957 0.00120439462409 0.00346850151023 -0.000754134543555 0.00115641328457 -0.000972767102548 0.00168166255656 0.00406209553252 0.00176029867595 0.00174268428035 -0.000735240727438 0.00362665076741 0.00229275801032 -0.00193959104883 0.000408639079267 0.00104764021285 0.00275183325927 0.000912297788298 -0.00319326972477 0.000538692474073 -0.000609778157823 -3.21394135112e-05 -4.72916709891e-05 -2.63916204977e-05 0.000164402491394 -0.000265875064802 0.00149801978126 0.000794759220453 0.000616902182118 -0.000644995174845 0.00245197612107 0.00149399549562 0.000738412272596 0.00202853087942 0.000470961073925 -0.00119540958843 0.000229087796297 
0.00154766637862 0.000713132736744 0.0226155694933 0.00069248143846 0.00187328708039 0.00274602442333 0.00364442345464 0.0024955642675 0.00440404377002 0.00301335209235 0.00130648034157 3.58539811035e-05 0.00343935438229 -0.00058968582355 0.000538177445614 0.0012958038641 0.00100756946886 0.00323914561032 -0.000442534536812 0.000944697992715 0.0019743568353 0.00440747254527 0.00182492218007 0.00580887267778 0.0008544189124 0.00223649017008 0.000290332568487 0.00372899819323 0.00142724285969 0.00339174996279 0.00212718123039 0.00256288967668 0.00050817343881 0.000132658847981 0.000210998685838 0.00237234169096 0.00230353247257 0.00172842778438 0.00383879088345 0.000810923514294 
0.000927146450245 0.000212459499957 0.00069248143846 0.0227205295068 0.000619542119205 -0.000114025382876 0.00134221517249 0.000446537963767 -0.000560915963018 0.00308903334333 0.00604890612343 0.00029829621989 0.0010127945286 -0.00170360812516 0.00220653098368 0.000942770825724 -0.00108625136939 0.000998542629796 0.000240107460104 0.000749651148713 0.00051197597103 -0.000286120332574 0.00102708550684 0.00163516515811 0.000416671376444 0.00915354547262 0.00116237358119 0.00155435400978 0.000113157547489 0.00173476251138 0.000504764105256 0.00129340059785 4.18119783094e-05 -9.60976884714e-05 0.000779768043145 0.000851157175165 0.000234868083078 -9.47166591695e-05 0.000266498850287 0.000697843632413 
0.00126000340961 0.00120439462409 0.00187328708039 0.000619542119205 0.0164523882412 0.00277949973815 0.00254721602844 0.00154054087219 0.000449221263578 0.000572641419964 2.62513130641e-05 0.00361025169386 0.00153136914935 0.0011166202423 0.00298430501154 0.00228450401995 0.00272377085631 0.000722700652411 0.00016316397076 0.00225037794038 0.00171321514439 0.000547962806582 0.00109804981287 0.00540764779183 0.000311209434893 -0.00117040606371 0.00269556928468 0.00047924127248 0.000563977037444 0.00146365764819 0.000333428866099 0.00175428183377 0.00033342220319 0.00422804320787 0.000597816454479 0.00214617841945 0.000799507460201 0.00143976335453 0.00418919794395 0.00243360647393 
0.00259302455429 0.00346850151023 0.00274602442333 -0.000114025382876 0.00277949973815 0.0296053090114 7.8507545306e-05 0.00131596529294 0.00330893630593 0.000499107520014 0.00197896123752 0.00202367437913 0.00194100404359 0.000481775178121 0.00312601710488 0.00257972724875 0.0026154438505 0.00184053332004 0.000544232563199 0.000393732181823 0.000457875055651 0.000585348667834 0.00169836386738 0.00282795398427 0.000103010324536 0.00166420155007 0.00272883087229 5.93379048176e-05 0.000181852170575 0.00116022947702 0.00366430795566 0.00265961491149 0.000691907007128 0.00365025654664 0.0015085566104 0.00136657868495 0.000987478986536 0.00165573735966 -0.000629949223959 0.00084838800539 
0.00323199830747 -0.000754134543555 0.00364442345464 0.00134221517249 0.00254721602844 7.85075453059e-05 0.048667934894 0.00123531285646 0.000507207706312 -0.00225353143175 0.00112254208993 0.00188288676168 0.00471523130038 0.00674341380495 0.00206075094227 0.00120792528112 0.00508688540337 0.0020869085265 0.00114666975764 -0.00204091982018 0.00082339785947 0.0067249026861 0.000602500406077 -0.000207989483854 0.00132876390683 0.00215878088505 0.000569016178396 0.00174679753089 0.00236393677855 0.00131876103218 0.000305697162479 0.00454746198847 0.00247478834054 0.00173413917571 0.00145541187431 0.00421658548706 0.00112910061865 0.00177712753944 0.00132314151829 0.000427573305606 
0.00130455386392 0.00115641328457 0.0024955642675 0.000446537963767 0.00154054087219 0.00131596529294 0.00123531285646 0.0157382849696 0.000132501351121 0.00042486486816 2.76039392981e-05 0.00070933216962 0.00195470843085 0.000701943010688 0.00147908585939 0.000798357849224 0.000309380499083 0.00345096606449 0.000475733931872 0.00268796599564 -0.000391936182643 0.000816093165266 0.000728079325232 0.00380391525582 0.000387614166866 0.000479695870582 0.00138661357966 0.000452756396343 -0.000139988724525 0.00167557351572 0.00176570719283 0.00163081198219 -3.3101384159e-05 0.00234053779691 0.00212287086651 0.000293223555059 0.00118105723768 0.00115189518516 3.84510047068e-05 0.000933701165079 
0.00165967131641 -0.000972767102548 0.00440404377002 -0.000560915963018 0.000449221263578 0.00330893630593 0.000507207706312 0.000132501351121 0.0277523863423 -0.00108554549615 0.00158297632573 0.000569628968061 0.00141286969038 0.000119863960718 -0.0011607280746 0.00081146143406 -0.000561359699548 -0.000108556881113 0.00131287534523 0.000902782239378 0.00219609624241 0.000225196552925 0.00245366688735 0.00350315754429 0.000816095345716 0.00105741640114 0.000894780107539 0.00582335301824 0.000479442144556 0.000723220617552 0.00106334906266 0.00129273137784 0.000757906485464 6.20917306066e-05 -0.000273465233681 0.00031983809122 0.00146726014712 0.0010856851853 0.00847201794765 0.00172304496103 
-0.000581100647001 0.00168166255656 0.00301335209235 0.00308903334333 0.000572641419964 0.000499107520014 -0.00225353143175 0.00042486486816 -0.00108554549615 0.0318883248922 0.000230089522472 0.00130981056692 0.00171724487221 0.00406902466925 0.00166875533889 0.00119681646762 -0.0021485523063 0.00146310519442 0.00029129247027 0.00174774227524 0.00391981916261 0.00365091630939 0.000818287254174 0.00404025728059 0.00139371907379 -0.000907865815861 -0.000856865661534 0.00295773563881 -0.000472692764199 0.00351360859128 0.000288629045878 0.000877663613127 -6.79128849644e-05 0.00525613174811 0.000663772042603 -0.000153447121854 0.000710060890172 0.00308923246372 0.00227608024798 0.0066516012558 
0.00209606440939 0.00406209553252 0.00130648034157 0.00604890612343 2.62513130641e-05 0.00197896123752 0.00112254208993 2.76039392981e-05 0.00158297632573 0.000230089522472 0.0431963676669 -0.000237608827757 0.00228013424379 -0.00164804109943 0.00614004773973 0.000505147611991 -0.00100091636015 0.0024652546688 0.000597391944917 0.000602664586261 -0.000360312522206 -0.0022798703737 0.00162189282347 0.00109734092693 3.91103943918e-06 0.0105751082562 0.00100410637063 0.00135502087787 -0.000591091834818 0.00028247759354 -1.31352193426e-05 -0.00059487843775 -0.000417627079878 -0.00174076703877 0.000270625670539 0.00233257622432 0.0018541671555 0.0020056526371 -0.00151420960814 0.000524389329387 
2.46327404413e-05 0.00176029867595 3.58539811035e-05 0.00029829621989 0.00361025169386 0.00202367437913 0.00188288676168 0.00070933216962 0.000569628968061 0.00130981056692 -0.000237608827757 0.112641422821 0.000569743576025 0.00160748477112 0.00296657682108 0.00115893099362 0.00168672476208 0.00301518543424 0.00206824786005 -6.48497121301e-05 -0.000103827167435 0.000656268968453 0.00409676238942 0.0012764620999 0.000236574075689 -0.000387884025142 0.00108937331411 0.00438300664113 -9.82541418128e-05 0.000884551628395 0.00292084031316 0.000144105153189 0.00154289458631 0.00330177088455 0.00185232268936 0.00127294045886 0.00128202485806 0.00198622278662 0.00179168943817 0.00199748542355 
0.00303927052902 0.00174268428035 0.00343935438229 0.0010127945286 0.00153136914935 0.00194100404359 0.00471523130038 0.00195470843085 0.00141286969038 0.00171724487221 0.00228013424379 0.000569743576025 0.0157141888642 0.000957423568895 0.0022368355715 0.00267560525219 0.00298163793705 0.00339477029032 0.00217287631861 0.00033076061677 -0.000221762747676 0.00258612843979 0.000656012227934 0.00462663700721 0.00114789628579 0.0012063105436 0.00189669052387 0.00337473655212 0.00116628103306 0.00123421867132 0.00175326745644 0.00371165611276 0.000488082205814 0.00142736215409 0.000952746461107 0.00146470799064 0.00162863911564 0.00294773195968 -0.000223848356069 0.00116914176269 
0.00205134244346 -0.000735240727438 -0.00058968582355 -0.00170360812516 0.0011166202423 0.000481775178121 0.00674341380495 0.000701943010688 0.000119863960718 0.00406902466925 -0.00164804109943 0.00160748477112 0.000957423568895 0.0480804116571 0.00208637801351 0.002043461362 0.00517729963031 -0.000482756311081 0.00118266194307 0.00273554321491 -0.00195379403747 0.00440603374939 0.000899205778363 0.000738784976516 0.000213229888011 -5.55773651192e-05 -7.96284789681e-05 0.0013171300902 -0.000292142862435 0.0026894336482 -0.000385158854116 0.00214725903786 -8.17046385826e-05 0.00404728465213 0.000160431754811 0.000746830439424 0.00131252215341 0.00264486901372 -0.00365418208748 0.00305789259898 
0.00348051153119 0.00362665076741 0.000538177445614 0.00220653098368 0.00298430501154 0.00312601710488 0.00206075094227 0.00147908585939 -0.0011607280746 0.00166875533889 0.00614004773973 0.00296657682108 0.0022368355715 0.00208637801351 0.0390858269038 0.00552413425239 0.00573430903779 0.00201689340894 0.00419442957391 0.000585907116135 0.00269359287716 0.00339870203422 0.00379117907626 0.00652258697934 0.000774492860229 -0.00161906084522 0.0026427661768 0.00776786650003 0.000279613815747 0.00401117882973 0.000210407812183 0.0032034480921 0.00121319516315 0.0044305081822 0.00172037238365 0.00178828493808 0.00272369779308 0.0039360492184 0.00148992495712 0.002291759928 
0.00518190194945 0.00229275801032 0.0012958038641 0.000942770825724 0.00228450401995 0.00257972724875 0.00120792528112 0.000798357849224 0.00081146143406 0.00119681646762 0.000505147611991 0.00115893099362 0.00267560525219 0.002043461362 0.00552413425239 0.0182710015422 0.00319959853733 0.00550918678925 0.00286996691009 0.00171343816355 0.00045459650529 0.00292232075354 0.000809492468206 0.000825339885005 -0.000101710379552 0.000220260037121 0.00309304425117 0.00240477765666 0.00159768355348 0.00320285833138 0.000899298314897 -7.48083791079e-05 0.000566644699512 0.0014355552324 0.00142463102026 -0.00164034386961 0.00298238440585 0.00217682081117 0.0058335916858 0.000304952687116 
0.00204153054708 -0.00193959104883 0.00100756946886 -0.00108625136939 0.00272377085631 0.0026154438505 0.00508688540337 0.000309380499082 -0.000561359699548 -0.0021485523063 -0.00100091636015 0.00168672476208 0.00298163793705 0.00517729963031 0.00573430903779 0.00319959853733 0.0327157385333 0.000197422781555 0.00297133328191 0.00142698550537 -0.000491026423931 0.0142310590738 -2.42130595795e-05 0.000973428126455 -0.00115044425796 0.00161870039451 0.000904145115618 0.0033378380893 -0.000298155364491 0.000966395953443 -0.000301315570788 -0.000106254694029 -0.000546138636322 0.00377482459515 -0.00265676944004 0.00141528264532 0.0010193687173 0.00146664966064 -0.00218564887073 0.000817295640997 
0.00266717780288 0.000408639079267 0.00323914561032 0.000998542629796 0.000722700652412 0.00184053332004 0.0020869085265 0.00345096606449 -0.000108556881113 0.00146310519442 0.0024652546688 0.00301518543424 0.00339477029032 -0.000482756311081 0.00201689340894 0.00550918678925 0.000197422781555 0.0339961756851 0.000691874544896 -0.00131529944185 0.00192996258492 0.00388343126895 -0.000603401993687 -0.000109352314598 -0.000380866202116 0.00208625822564 0.000641524326117 0.00691898113433 0.00242069956471 0.00158476169472 0.000707491167018 -0.000577247668133 -0.00191947338952 0.0024153034384 0.000801638177194 0.0003240923289 0.000397985351334 0.000197460077147 0.00159003748848 0.000589979424459 
