30
0.059162885268 0.122670110856 0.00154943769328 0.259768981863 0.0398839612709 0.0584521455196 0.0963264580192 0.067616439087 0.234070828585 0.0729384759615 0.0737969483193 0.124759587163 0.0485380268731 0.125840316239 0.123331646141 0.0300114281637 0.112605751981 0.165506763093 0.0998681056981 0.0771685990004 0.10643743266 0.0798623823862 0.119808933935 0.103166553638 0.0262084488718 0.0358419118375 0.0649972461493 0.075466134778 0.0363676427781 0.106356452037 
0.35364112446 0.0224641009586 0.00202538473621 0.00669084544936 -0.0139587266776 0.0223161166882 0.00671318663693 -0.0181388088038 0.018121024947 0.0109855560575 0.00858098079052 -0.00675660900649 -0.00353448088452 0.0428042699061 0.00854298974195 0.00641062238895 -0.00813761021353 -0.00523672846367 -0.00105139009673 0.0215087011982 0.0146154071596 0.0150132923166 0.0168218321787 0.010289377265 0.0231040768973 -0.00173572713193 0.00385218179134 0.00114969778074 0.0273851703902 0.00911974402253 
0.0224641009586 0.401624829845 -0.0018366278212 0.0086108597154 0.00762021530953 0.0307982843811 0.00477413494493 0.0146067390654 0.0363117974669 0.00100566809343 0.0132436662866 -0.00490965500039 0.00751616214411 0.00467948085256 0.0312505969317 0.0144778982383 0.00278814765878 0.0297535808307 -0.0191163972038 0.000759711148221 0.00827194041523 0.0124952452908 -0.00869080664708 0.00803464700202 0.0214737566482 0.0051069385865 0.00755128512754 -0.0302709686843 0.00176479904771 0.0141771607149 
0.00202538473621 -0.0018366278212 0.290751379489 0.0229729279945 0.0157049129485 0.00480997529489 0.042400079745 0.0283551589023 -0.015389203779 0.0278475125155 0.0136133024825 0.00945226650993 0.0216891576456 0.0198277919645 0.0107544743441 0.00318048703589 0.0264783643643 0.00554730199963 0.0119879368015 0.0118400067878 0.00598419832368 0.0208492063157 -0.00520291025258 -0.0243587584732 0.0219234543298 0.0240268915046 0.0097045692969 -0.0195160161924 -0.00154717934431 0.0221819536132 
0.00669084544936 0.0086108597154 0.0229729279945 0.604598786046 0.0128461743483 0.03068375743 0.0214545050324 0.0191941562826 0.0955753497019 0.0247148035578 0.0126320684892 0.0555680691283 0.0182703226137 0.0254642296381 0.016636797362 0.0528213904088 0.0288390129619 0.0882168407131 0.0488902582312 0.0359757119013 0.0163124395985 0.0474985854889 0.0466185437913 -0.00618169170026 0.0342552638426 0.0223146561387 0.0430619234399 -0.00312746159199 0.0197654293253 0.0406195760462 
-0.0139587266776 0.00762021530953 0.0157049129485 0.0128461743483 0.137057480427 0.0146489263444 0.027750117689 0.022281013943 -0.0369273364004 0.00397377164887 -0.00113062474981 -0.00431494009046 0.00733074780207 0.00603977125666 0.0156987360528 0.0084368483167 0.014652821726 0.00826374011981 0.0232329124363 0.027122613361 0.00184321854265 -0.0118465285744 -0.00375840143674 -0.00293126647156 0.00892253609008 0.0116350144181 0.00993552469632 0.00411983528457 0.0173607878707 0.00328621787855 
0.0223161166882 0.0307982843811 0.00480997529489 0.03068375743 0.0146489263444 0.327264124248 0.0278707362055 0.0260547597416 0.0122683623246 -0.000756542262109 0.00352855960041 0.024843216081 0.0130348251429 0.0115153525939 0.0119858648504 0.0295218228837 0.00540359292038 0.0641730058873 0.0272999557327 0.0204143352603 0.0121287657023 0.0434480370786 0.0250665639017 -0.0117307859562 0.050320235759 0.0301491094417 0.0129090844978 0.0176433878431 0.0115937925488 0.0374103290955 
0.00671318663693 0.00477413494493 0.042400079745 0.0214545050324 0.027750117689 0.0278707362055 0.45796548597 0.00581241292807 0.065554076931 0.0531210768057 0.0184796433438 0.0163589397423 0.0367499096479 0.0299063380503 0.0648361982223 0.0102684629972 0.0136495983388 0.0268835918573 0.0215034556916 0.0269459086521 0.0283475093608 0.002086765811 0.00955200122785 0.0220060187561 0.043447925594 0.0324342935485 0.0265603991018 -0.00481502059744 0.0327301351247 0.0206725070357 
-0.0181388088038 0.0146067390654 0.0283551589023 0.0191941562826 0.022281013943 0.0260547597416 0.00581241292807 0.396591615952 0.0912145996928 0.0345615417536 0.0468640714652 0.0268670658687 0.0347980260957 0.0308877670864 0.00328439262739 0.0283953907546 0.026000059042 0.00694932083027 0.105431983421 0.0387442109749 -0.00211396837574 0.0041423674203 -0.0147849305339 0.0242077628397 -0.00284161684005 0.0477868159941 0.0487842863131 0.0226250597717 0.0205227401827 0.00685320239294 
0.018121024947 0.0363117974669 -0.015389203779 0.0955753497019 -0.0369273364004 0.0122683623246 0.065554076931 0.0912145996928 0.993322601761 0.0168731701853 0.0204391640787 0.0721500965384 0.0192653483053 0.0665880106407 0.1533603686 0.00417164184534 0.0442690478639 0.0570134270472 0.121688633649 0.040582860633 0.0224914874201 0.0119597320784 0.0362441291305 0.0673465591332 -0.000907386495422 0.0193735205816 0.0110641458633 0.0353087442505 0.0196575895705 0.0381154901802 
0.0109855560575 0.00100566809343 0.0278475125155 0.0247148035578 0.00397377164887 -0.000756542262109 0.0531210768057 0.0345615417536 0.0168731701853 0.319540397803 0.00527371549837 0.0203056705778 0.0513226531045 0.0352346874815 0.0167115059464 0.0175967506864 0.00947734337325 0.0333965322203 0.0225217892421 0.0112845065298 -0.00274625618684 -0.00836313063716 -0.00277879453135 0.01470784554 0.0168184363382 0.0217477661407 0.00795749045206 -0.00824707251883 0.0124554973746 0.00244005709689 
0.00858098079052 0.0132436662866 0.0136133024825 0.0126320684892 -0.00113062474981 0.00352855960041 0.0184796433438 0.0468640714652 0.0204391640787 0.00527371549837 0.346721669368 0.0191534557604 0.0178647819439 0.0277549737722 0.0395934540019 0.0107095543546 0.0190772943755 0.0137985965757 0.0442068885274 0.01329164452 0.0110393578466 0.00194227791295 0.00788323335688 0.0128565650761 0.00396721934904 0.00467872465028 0.0221860301687 -0.0114269932304 0.00116791865473 0.0110153531714 
-0.00675660900649 -0.00490965500039 0.00945226650993 0.0555680691283 -0.00431494009046 0.024843216081 0.0163589397423 0.0268670658687 0.0721500965384 0.0203056705778 0.0191534557604 0.32987219127 0.012420976154 0.0312066159707 0.0321326447187 0.00934300418723 0.0507326216679 0.0282999441046 0.00436916140076 0.00857716769747 0.0485374734672 0.0203190836519 0.00856052089902 0.0249863827842 0.033889054584 0.0347576617544 0.00670020670135 -0.00517765448418 0.00391178641133 -0.00144644004144 
-0.00353448088452 0.00751616214411 0.0216891576456 0.0182703226137 0.00733074780207 0.0130348251429 0.0367499096479 0.0347980260957 0.0192653483053 0.0513226531045 0.0178647819439 0.012420976154 0.193694594403 0.0153518879267 0.0157596393879 0.0177649893487 0.0064902789003 0.014215505468 0.0228912215681 0.0192895403494 0.00314859907526 0.00408920268975 -0.0252641027189 0.0261300095615 0.0230387688735 0.0189258231617 0.00534918128336 0.0126917462198 0.0312120913069 0.00683989393297 
0.0428042699061 0.00467948085256 0.0198277919645 0.0254642296381 0.00603977125666 0.0115153525939 0.0299063380503 0.0308877670864 0.0665880106407 0.0352346874815 0.0277549737722 0.0312066159707 0.0153518879267 0.383761584506 0.060332511609 0.0257688145724 0.0159808656594 0.0198422986506 0.0234495155479 0.0552283205577 -0.00115800131152 0.033838323797 0.0373298372084 0.0230953474917 0.0630322191849 0.023634770483 0.0545742452348 0.0512331382593 0.0398664502051 0.0671498549594 
0.00854298974195 0.0312505969317 0.0107544743441 0.016636797362 0.0156987360528 0.0119858648504 0.0648361982223 0.00328439262739 0.1533603686 0.0167115059464 0.0395934540019 0.0321326447187 0.0157596393879 0.060332511609 0.436514409672 0.0357870985343 0.0115343574243 0.0184169853718 0.0614331076372 0.0419528182414 0.0234464811424 -0.00365598001438 0.00427468491235 0.0160695320516 0.0360401871804 -0.00237571290534 0.0179623646012 0.00997292068762 0.0279394152879 0.0616728640346 
0.00641062238895 0.0144778982383 0.00318048703589 0.0528213904088 0.0084368483167 0.0295218228837 0.0102684629972 0.0283953907546 0.00417164184534 0.0175967506864 0.0107095543546 0.00934300418723 0.0177649893487 0.0257688145724 0.0357870985343 0.211210511587 0.00792047073772 0.0131175839131 0.0394802402339 0.0515522673666 0.00379312098191 0.0109707592215 -0.00499350818396 0.0263820922883 0.0251847640751 0.0158014386984 0.0366272619594 0.00328373656714 0.0307316155829 0.00742861256256 
-0.00813761021353 0.00278814765878 0.0264783643643 0.0288390129619 0.014652821726 0.00540359292038 0.0136495983388 0.026000059042 0.0442690478639 0.00947734337325 0.0190772943755 0.0507326216679 0.0064902789003 0.0159808656594 0.0115343574243 0.00792047073772 0.507984940348 0.0152145587124 0.0344536189068 0.0387707586233 0.19182532898 0.155352218107 -0.00167762708292 0.010662604241 0.0223271440958 0.0283237692157 -7.84566279664e-05 0.0298865137799 0.00835736798259 0.171677437148 
-0.00523672846367 0.0297535808307 0.00554730199963 0.0882168407131 0.00826374011981 0.0641730058873 0.0268835918573 0.00694932083027 0.0570134270472 0.0333965322203 0.0137985965757 0.0282999441046 0.014215505468 0.0198422986506 0.0184169853718 0.0131175839131 0.0152145587124 0.369746055338 0.0259724041001 0.027729646582 0.0096904411114 0.00841907020569 0.0580063326132 -0.000495716524573 0.0503332465977 0.0302216222963 0.0259452374346 0.0186861380307 0.0184645488535 0.0429171099774 
-0.00105139009673 -0.0191163972038 0.0119879368015 0.0488902582312 0.0232329124363 0.0272999557327 0.0215034556916 0.105431983421 0.121688633649 0.0225217892421 0.0442068885274 0.00436916140076 0.0228912215681 0.0234495155479 0.0614331076372 0.0394802402339 0.0344536189068 0.0259724041001 0.384264275358 0.0385070115957 0.0188013311279 -0.0319846612112 -0.00245343940638 0.0371306107915 0.0113022006329 0.000768383527913 0.0344647363084 0.0521331706739 0.00608295048509 0.00773592613408 
0.0215087011982 0.000759711148221 0.0118400067878 0.0359757119013 0.027122613361 0.0204143352603 0.0269459086521 0.0387442109749 0.040582860633 0.0112845065298 0.01329164452 0.00857716769747 0.0192895403494 0.0552283205577 0.0419528182414 0.0515522673666 0.0387707586233 0.027729646582 0.0385070115957 0.208034070462 0.0360207009512 0.0269300903899 0.00814939170754 0.029331960534 0.0502353075459 0.0198269103293 0.0285802423173 0.019932349454 0.0277686694499 0.0506073598157 
0.0146154071596 0.00827194041523 0.00598419832368 0.0163124395985 0.00184321854265 0.0121287657023 0.0283475093608 -0.00211396837574 0.0224914874201 -0.00274625618684 0.0110393578466 0.0485374734672 0.00314859907526 -0.00115800131152 0.0234464811424 0.00379312098191 0.19182532898 0.0096904411114 0.0188013311279 0.0360207009512 0.448969944014 0.0871666902791 0.00516500531726 -0.0283530720724 0.0260180576251 0.00930375389797 0.0109967205143 -0.0174256236585 -0.00200644070853 0.184289141174 
0.0150132923166 0.0124952452908 0.0208492063157 0.0474985854889 -0.0118465285744 0.0434480370786 0.002086765811 0.00414236742031 0.0119597320784 -0.00836313063716 0.00194227791295 0.0203190836519 0.00408920268975 0.033838323797 -0.00365598001438 0.0109707592215 0.155352218107 0.00841907020569 -0.0319846612112 0.0269300903899 0.0871666902791 0.359522712578 0.011660992011 -0.000981555997448 0.0330446530725 0.0168104183705 -0.00557015924097 -0.0171617742663 0.0244412967923 0.154913100299 
0.0168218321787 -0.00869080664708 -0.00520291025258 0.0466185437913 -0.00375840143674 0.0250665639017 0.00955200122785 -0.0147849305339 0.0362441291305 -0.00277879453135 0.00788323335688 0.00856052089902 -0.0252641027189 0.0373298372084 0.00427468491235 -0.00499350818396 -0.00167762708292 0.0580063326132 -0.00245343940638 0.00814939170754 0.00516500531726 0.011660992011 0.643805448392 -0.0103193829824 -0.0219785293255 -0.0159930580208 -8.82218221751e-05 -0.000405795568945 -0.00813934565204 0.0279425982287 
0.010289377265 0.00803464700202 -0.0243587584732 -0.00618169170026 -0.00293126647156 -0.0117307859562 0.0220060187561 0.0242077628397 0.0673465591332 0.01470784554 0.0128565650761 0.0249863827842 0.0261300095615 0.0230953474917 0.0160695320516 0.0263820922883 0.010662604241 -0.000495716524572 0.0371306107915 0.029331960534 -0.0283530720724 -0.000981555997448 -0.0103193829824 0.377329756007 0.0257673556251 0.0232870712365 0.00621830547603 0.00162346311777 0.0115704019232 -0.017598858113 
0.0231040768973 0.0214737566482 0.0219234543298 0.0342552638426 0.00892253609008 0.050320235759 0.043447925594 -0.00284161684005 -0.000907386495422 0.0168184363382 0.00396721934904 0.033889054584 0.0230387688735 0.0630322191849 0.0360401871804 0.0251847640751 0.0223271440958 0.0503332465977 0.0113022006329 0.0502353075459 0.0260180576251 0.0330446530725 -0.0219785293255 0.0257673556251 0.313990165644 0.0049264344691 0.00984296918292 0.0336856074803 0.0474360783338 0.0415057568868 
-0.00173572713193 0.0051069385865 0.0240268915046 0.0223146561387 0.0116350144181 0.0301491094417 0.0324342935485 0.0477868159941 0.0193735205816 0.0217477661407 0.00467872465028 0.0347576617544 0.0189258231617 0.023634770483 -0.00237571290534 0.0158014386984 0.0283237692157 0.0302216222963 0.000768383527913 0.0198269103293 0.00930375389797 0.0168104183705 -0.0159930580208 0.0232870712365 0.0049264344691 0.209989677783 0.0502011885229 0.0223429478278 0.0194053272156 0.0175623579676 
0.00385218179134 0.00755128512754 0.0097045692969 0.0430619234399 0.00993552469632 0.0129090844978 0.0265603991018 0.0487842863131 0.0110641458633 0.00795749045206 0.0221860301687 0.00670020670135 0.00534918128336 0.0545742452348 0.0179623646012 0.0366272619594 -7.84566279656e-05 0.0259452374346 0.0344647363084 0.0285802423173 0.0109967205143 -0.00557015924097 -8.82218221752e-05 0.00621830547603 0.00984296918292 0.0502011885229 0.28090756332 0.00620458247664 -0.0060835790416 0.0186416210297 
0.00114969778074 -0.0302709686843 -0.0195160161924 -0.00312746159199 0.00411983528457 0.0176433878431 -0.00481502059744 0.0226250597717 0.0353087442505 -0.00824707251883 -0.0114269932304 -0.00517765448418 0.0126917462198 0.0512331382593 0.00997292068762 0.00328373656714 0.0298865137799 0.0186861380307 0.0521331706739 0.019932349454 -0.0174256236585 -0.0171617742663 -0.000405795568945 0.00162346311777 0.0336856074803 0.0223429478278 0.00620458247665 0.456851385898 0.00389715538618 0.00113377531238 
0.0273851703902 0.00176479904771 -0.00154717934431 0.0197654293253 0.0173607878707 0.0115937925488 0.0327301351247 0.0205227401827 0.0196575895705 0.0124554973746 0.00116791865473 0.00391178641133 0.0312120913069 0.0398664502051 0.0279394152879 0.0307316155829 0.00835736798259 0.0184645488535 0.00608295048509 0.0277686694499 -0.00200644070853 0.0244412967923 -0.00813934565204 0.0115704019232 0.0474360783338 0.0194053272156 -0.0060835790416 0.00389715538618 0.207024266873 0.00892477836389 
0.00911974402253 0.0141771607149 0.0221819536132 0.0406195760462 0.00328621787855 0.0374103290955 0.0206725070357 0.00685320239293 0.0381154901802 0.00244005709689 0.0110153531714 -0.00144644004144 0.00683989393297 0.0671498549594 0.0616728640346 0.00742861256256 0.171677437148 0.0429171099774 0.00773592613408 0.0506073598157 0.184289141174 0.154913100299 0.0279425982287 -0.017598858113 0.0415057568868 0.0175623579676 0.0186416210297 0.00113377531238 0.00892477836389 0.462873960614 
0.0306262197605 0.00194544821033 0.000175403463399 0.000579444213194 -0.00120886119072 0.00193263239658 0.000581379016793 -0.00157086692185 0.00156932679467 0.000951377062052 0.000743134735397 -0.000585139504306 -0.000306095023518 0.00370695851291 0.00073984461408 0.00055517618429 -0.000704737717101 -0.000453513988226 -9.10530533053e-05 0.001862708164 0.00126573138869 0.00130018925406 0.0014568134005 0.000891086210059 0.00200087175241 -0.000150318379029 0.000333608729129 9.95667484797e-05 0.00237162532449 0.000789792999952 
0.00194544821033 0.0347817305436 -0.000159056635046 0.000745722326196 0.000659930004036 0.00266720966671 0.000413452214341 0.00126498070971 0.00314469390634 8.70934116686e-05 0.00114693514434 -0.000425188595415 0.000650918735576 0.000405254929484 0.00270638108262 0.00125382276678 0.000241460670201 0.00257673568529 -0.00165552856073 6.57929153897e-05 0.000716371053818 0.00108211998483 -0.000752645933575 0.000695820841419 0.0018596818772 0.000442273855148 0.000653960475167 -0.00262154278778 0.000152836080789 0.00122777813326 
0.000175403463399 -0.000159056635046 0.0251798080823 0.00198951392426 0.00136008535776 0.000416556079695 0.00367195461816 0.00245562879378 -0.00133274414166 0.00241166532706 0.00117894657793 0.000818590292094 0.00187833615078 0.00171713715423 0.000931364798632 0.000275438256949 0.00229309361901 0.000480410445415 0.00103818578091 0.00102537466592 0.000518246776959 0.00180559423181 -0.000450585245234 -0.00210953036425 0.00189862683883 0.00208078984169 0.00084044035439 -0.00169013658033 -0.000133989661638 0.00192101353346 
0.000579444213194 0.000745722326196 0.00198951392426 0.0523597907813 0.0011125113327 0.00265729134179 0.00185801463836 0.0016622626945 0.00827706808174 0.00214036477306 0.0010939692214 0.00481233595044 0.00158225635188 0.00220526697544 0.00144078891531 0.00457446659572 0.00249753178451 0.00763980250991 0.00423402056258 0.00311558804257 0.001412698709 0.00411349816773 0.00403728432107 -0.000535350205079 0.0029665928701 0.00193250590929 0.00372927196348 -0.000270846118803 0.00171173639124 0.0035177584747 
-0.00120886119072 0.000659930004036 0.00136008535776 0.0011125113327 0.0118695259828 0.00126863423524 0.00240323068767 0.00192959240967 -0.00319800114169 0.000344138719676 -9.79149755481e-05 -0.000373684773414 0.000634861382533 0.000523059534131 0.0013595504229 0.000730652497013 0.00126897158519 0.000715660887403 0.00201202923737 0.00234888721877 0.000159627408266 -0.00102593946921 -0.000325487112184 -0.000253855122963 0.00077271429202 0.00100762180595 0.000860441678694 0.000356788201585 0.00150348833258 0.00028459481652 
0.00193263239658 0.00266720966671 0.000416556079695 0.00265729134179 0.00126863423524 0.0283419045346 0.00241367655761 0.00225640838257 0.00106247134359 -6.55184818023e-05 0.000305582225272 0.00215148562379 0.00112884897077 0.000997258787986 0.00103800634468 0.00255666485833 0.000467964874076 0.00555754533356 0.00236424551867 0.00176793329368 0.00105038192148 0.00376271038546 0.00217082811245 -0.00101591586444 0.00435786024917 0.0026109894678 0.00111795951147 0.0015279622081 0.00100405188734 0.00323982953607 
0.000581379016793 0.000413452214341 0.00367195461816 0.00185801463836 0.00240323068767 0.00241367655761 0.0396609744907 0.0005033697253 0.00567714959439 0.00460042019901 0.00160038405886 0.00141672573958 0.00318263553419 0.00258996484857 0.00561497947453 0.000889274981339 0.00118208989128 0.00232818734934 0.00186225388981 0.00233358414208 0.00245496632404 0.000180719220408 0.00082722757203 0.00190577712789 0.00376270073061 0.00280889221668 0.00230019803568 -0.000416993015712 0.00283451284873 0.00179029162528 
-0.00157086692185 0.00126498070971 0.00245562879378 0.0016622626945 0.00192959240967 0.00225640838257 0.0005033697253 0.0343458414342 0.007899416053 0.00299311731525 0.00405854764136 0.00232675615674 0.00301359746004 0.0026749590963 0.000284436745132 0.00245911297439 0.00225167116303 0.000601828837806 0.00913067760138 0.00335534709538 -0.000183075031619 0.000358739541779 -0.00128041254355 0.0020964537588 -0.000246091237131 0.00413845966168 0.00422484312526 0.00195938765244 0.00177732143535 0.000593504736956 
0.00156932679467 0.00314469390634 -0.00133274414166 0.00827706808174 -0.00319800114169 0.00106247134359 0.00567714959439 0.007899416053 0.0860242607278 0.00146125940229 0.00177008353243 0.00624838164877 0.00166842810452 0.00576669088023 0.0132813975141 0.000361274781355 0.00383381200515 0.00493750761797 0.0105385448092 0.00351457882665 0.00194781994747 0.00103574318023 0.0031388336565 0.00583238310669 -7.85819756086e-05 0.00167779609844 0.000958183138879 0.00305782694967 0.00170239719452 0.00330089827737 
0.000951377062052 8.70934116686e-05 0.00241166532706 0.00214036477306 0.000344138719676 -6.55184818023e-05 0.00460042019901 0.00299311731525 0.00146125940229 0.0276730102033 0.000456717159392 0.00175852265613 0.00444467213782 0.00305141344533 0.0014472588685 0.00152392331184 0.000820762012162 0.0028922245301 0.00195044416224 0.000977266932401 -0.00023783276231 -0.000724268358695 -0.000240650665605 0.00127373678726 0.00145651931208 0.00188341179534 0.000689138888185 -0.000714217430816 0.00107867771432 0.000211315143259 
0.000743134735398 0.00114693514434 0.00117894657793 0.0010939692214 -9.79149755481e-05 0.000305582225272 0.00160038405886 0.00405854764136 0.00177008353243 0.000456717159392 0.0300269773715 0.00165873792587 0.00154713549965 0.00240365123681 0.00342889369892 0.000927474613428 0.00165214215647 0.00119499351711 0.0038284288487 0.00115109018124 0.000956036433661 0.000168206201382 0.000682708035102 0.00111341119613 0.000343571273865 0.000405189440446 0.00192136657352 -0.000989606642641 0.000101144722455 0.000953957567805 
-0.000585139504306 -0.000425188595415 0.000818590292094 0.00481233595044 -0.000373684773414 0.00215148562379 0.00141672573958 0.00232675615674 0.00624838164877 0.00175852265613 0.00165873792587 0.0285677697642 0.00107568808891 0.00270257221967 0.00278276866172 0.000809127897381 0.0043935739165 0.00245084705203 0.00037838047663 0.000742804511852 0.00420346850581 0.00175968426241 0.000741362856818 0.00216388422398 0.002934878218 0.00301010180554 0.000580254921398 -0.000448398031532 0.000338770640639 -0.000125265382094 
-0.000306095023518 0.000650918735576 0.00187833615078 0.00158225635188 0.000634861382533 0.00112884897077 0.00318263553419 0.00301359746004 0.00166842810452 0.00444467213782 0.00154713549965 0.00107568808891 0.0167744439328 0.00132951249406 0.00136482480644 0.0015384932074 0.000562074640531 0.00123109888629 0.00198243794016 0.00167052319699 0.000272676678551 0.000354135341054 -0.00218793547584 0.00226292520814 0.00199521591164 0.00163902436455 0.000463252688084 0.00109913746447 0.0027030463977 0.000592352190515 
0.00370695851291 0.000405254929484 0.00171713715422 0.00220526697544 0.000523059534131 0.000997258787986 0.00258996484857 0.0026749590963 0.00576669088023 0.00305141344533 0.00240365123681 0.00270257221967 0.00132951249406 0.0332347281179 0.00522494877275 0.00223164480451 0.00138398356355 0.00171839347009 0.00203078761709 0.00478291286113 -0.00010028585534 0.00293048480297 0.00323285873416 0.00200011576371 0.0054587503071 0.00204683116509 0.00472626827657 0.00443691992482 0.00345253586363 0.00581534802553 
0.00073984461408 0.00270638108262 0.000931364798632 0.00144078891531 0.0013595504229 0.00103800634468 0.00561497947453 0.000284436745132 0.0132813975141 0.0014472588685 0.00342889369892 0.00278276866172 0.00136482480644 0.00522494877275 0.0378032567894 0.00309925364584 0.000998904654574 0.00159495771931 0.00532026318473 0.00363322063574 0.00203052482987 -0.000316617156818 0.000370198572727 0.00139166229836 0.00312117176554 -0.000205742772812 0.00155558640567 0.000863680266541 0.00241962434062 0.00534102669781 
0.00055517618429 0.00125382276678 0.000275438256949 0.00457446659572 0.000730652497013 0.00255666485833 0.000889274981339 0.00245911297439 0.000361274781355 0.00152392331184 0.000927474613428 0.000809127897381 0.0015384932074 0.00223164480451 0.00309925364584 0.018291366858 0.00068593288688 0.0011360160905 0.00341908909901 0.00446455731622 0.000328493912996 0.000950095618459 -0.000432450494131 0.00228475621267 0.00218106454774 0.00136844473291 0.00317201393279 0.000284379928648 0.00266143597941 0.000643336719405 
-0.000704737717102 0.000241460670201 0.00229309361901 0.00249753178451 0.00126897158519 0.000467964874076 0.00118208989128 0.00225167116303 0.00383381200515 0.000820762012163 0.00165214215647 0.0043935739165 0.000562074640531 0.00138398356355 0.000998904654574 0.00068593288688 0.0439927863081 0.00131761943523 0.00298377092256 0.00335764618917 0.0166125607986 0.0134538967415 -0.000145286767188 0.000923408614318 0.0019335873981 0.00245291036717 -6.79454329142e-06 0.00258824801639 0.00072376929817 0.0148677021826 
-0.000453513988226 0.00257673568529 0.000480410445414 0.00763980250991 0.000715660887403 0.00555754533356 0.00232818734934 0.000601828837806 0.00493750761797 0.0028922245301 0.00119499351711 0.00245084705203 0.00123109888629 0.00171839347009 0.00159495771931 0.0011360160905 0.00131761943523 0.0320209476872 0.0022492761748 0.0024014578378 0.000839216817635 0.000729112867437 0.00502349576234 -4.29303103356e-05 0.00435898702086 0.00261726926521 0.00224692347256 0.00161826702332 0.00159907683766 0.00371673074975 
-9.10530533053e-05 -0.00165552856073 0.00103818578091 0.00423402056258 0.00201202923737 0.00236424551867 0.00186225388981 0.00913067760138 0.0105385448092 0.00195044416224 0.0038284288487 0.00037838047663 0.00198243794016 0.00203078761709 0.00532026318473 0.00341908909901 0.00298377092256 0.0022492761748 0.0332782624227 0.00333480502657 0.00162824303817 -0.00276995291403 -0.000212474085257 0.00321560522035 0.000978799286672 6.65439655022e-05 0.00298473371778 0.00451486501834 0.000526798965005 0.000669950855391 
0.001862708164 6.57929153897e-05 0.00102537466592 0.00311558804257 0.00234888721877 0.00176793329368 0.00233358414208 0.00335534709538 0.00351457882665 0.000977266932401 0.00115109018124 0.000742804511852 0.00167052319699 0.00478291286113 0.00363322063574 0.00446455731622 0.00335764618917 0.0024014578378 0.00333480502657 0.0180162789873 0.00311948420859 0.00233221424039 0.000705758024412 0.00254022229652 0.00435050525016 0.00171706080237 0.00247512158931 0.00172619209842 0.00240483731729 0.00438272592189 
0.00126573138869 0.000716371053818 0.000518246776959 0.001412698709 0.000159627408266 0.00105038192148 0.00245496632404 -0.000183075031619 0.00194781994747 -0.00023783276231 0.000956036433661 0.00420346850581 0.000272676678551 -0.00010028585534 0.00203052482987 0.000328493912996 0.0166125607986 0.000839216817635 0.00162824303817 0.00311948420859 0.0388819377052 0.00754885681455 0.000447302581543 -0.002455448069 0.00225322988604 0.00080572872262 0.000952343932374 -0.00150910327651 -0.000173762862478 0.0159599077898 
0.00130018925406 0.00108211998483 0.00180559423181 0.00411349816773 -0.00102593946921 0.00376271038546 0.000180719220408 0.000358739541779 0.00103574318023 -0.000724268358695 0.000168206201382 0.00175968426241 0.000354135341054 0.00293048480297 -0.000316617156818 0.000950095618459 0.0134538967415 0.000729112867437 -0.00276995291403 0.00233221424039 0.00754885681455 0.031135580233 0.00100987153149 -8.50052429027e-05 0.002861750902 0.00145582493571 -0.000482389940581 -0.00148625324886 0.00211667839236 0.0134158680238 
0.0014568134005 -0.000752645933575 -0.000450585245234 0.00403728432107 -0.000325487112184 0.00217082811245 0.00082722757203 -0.00128041254355 0.0031388336565 -0.000240650665605 0.000682708035102 0.000741362856818 -0.00218793547584 0.00323285873416 0.000370198572727 -0.000432450494131 -0.000145286767188 0.00502349576234 -0.000212474085258 0.000705758024412 0.000447302581543 0.00100987153149 0.0557551873402 -0.000893684781415 -0.00190339647337 -0.00138503945302 -7.64023391718e-06 -3.51429271449e-05 -0.000704888010485 0.00241989999138 
0.000891086210059 0.000695820841419 -0.00210953036425 -0.000535350205079 -0.000253855122963 -0.00101591586444 0.00190577712789 0.0020964537588 0.00583238310669 0.00127373678726 0.00111341119613 0.00216388422398 0.00226292520814 0.00200011576371 0.00139166229836 0.00228475621267 0.000923408614318 -4.29303103355e-05 0.00321560522035 0.00254022229652 -0.002455448069 -8.50052429027e-05 -0.000893684781415 0.0326777154306 0.00223151845597 0.00201671952706 0.000538521051073 0.00014059603021 0.00100202619975 -0.00152410582035 
0.00200087175241 0.0018596818772 0.00189862683883 0.0029665928701 0.00077271429202 0.00435786024917 0.00376270073061 -0.000246091237131 -7.85819756086e-05 0.00145651931208 0.000343571273865 0.002934878218 0.00199521591164 0.0054587503071 0.00312117176554 0.00218106454774 0.0019335873981 0.00435898702086 0.000978799286672 0.00435050525016 0.00225322988604 0.002861750902 -0.00190339647337 0.00223151845597 0.0271923459987 0.000426641740032 0.000852426136108 0.00291725918198 0.0041080848893 0.00359450398672 
-0.000150318379029 0.000442273855148 0.00208078984169 0.00193250590929 0.00100762180595 0.0026109894678 0.00280889221668 0.00413845966168 0.00167779609844 0.00188341179534 0.000405189440446 0.00301010180554 0.00163902436455 0.00204683116509 -0.000205742772812 0.00136844473291 0.00245291036717 0.00261726926521 6.65439655022e-05 0.00171706080237 0.00080572872262 0.00145582493571 -0.00138503945302 0.00201671952706 0.000426641740032 0.0181856395493 0.0043475504561 0.00193495604143 0.00168055063374 0.00152094481503 
0.000333608729129 0.000653960475167 0.00084044035439 0.00372927196348 0.000860441678694 0.00111795951147 0.00230019803568 0.00422484312526 0.000958183138879 0.000689138888185 0.00192136657352 0.000580254921398 0.000463252688084 0.00472626827657 0.00155558640567 0.00317201393279 -6.79454329135e-06 0.00224692347256 0.00298473371778 0.00247512158931 0.000952343932374 -0.000482389940581 -7.64023391718e-06 0.000538521051073 0.000852426136108 0.0043475504561 0.024327308595 0.000537332604465 -0.000526853399595 0.00161441173795 
9.95667484797e-05 -0.00262154278778 -0.00169013658033 -0.000270846118803 0.000356788201585 0.0015279622081 -0.000416993015713 0.00195938765244 0.00305782694967 -0.000714217430816 -0.000989606642641 -0.000448398031532 0.00109913746447 0.00443691992482 0.000863680266541 0.000284379928648 0.00258824801639 0.00161826702332 0.00451486501834 0.00172619209842 -0.00150910327651 -0.00148625324886 -3.51429271449e-05 0.00014059603021 0.00291725918198 0.00193495604143 0.000537332604465 0.0395644905942 0.000337503556693 9.81878222707e-05 
0.00237162532449 0.000152836080789 -0.000133989661638 0.00171173639124 0.00150348833258 0.00100405188734 0.00283451284873 0.00177732143535 0.00170239719452 0.00107867771432 0.000101144722455 0.000338770640639 0.0027030463977 0.00345253586363 0.00241962434062 0.00266143597941 0.00072376929817 0.00159907683766 0.000526798965005 0.00240483731729 -0.000173762862478 0.00211667839236 -0.000704888010485 0.00100202619975 0.0041080848893 0.00168055063374 -0.000526853399595 0.000337503556693 0.0179288274312 0.000772908478627 
0.000789792999952 0.00122777813326 0.00192101353346 0.0035177584747 0.00028459481652 0.00323982953607 0.00179029162528 0.000593504736956 0.00330089827737 0.000211315143259 0.000953957567805 -0.000125265382094 0.000592352190515 0.00581534802553 0.00534102669781 0.000643336719405 0.0148677021826 0.00371673074975 0.000669950855391 0.00438272592189 0.0159599077898 0.0134158680238 0.00241989999138 -0.00152410582035 0.00359450398672 0.00152094481503 0.00161441173795 9.81878222707e-05 0.000772908478627 0.0400860608642 

['STZ', 'MRK', 'SYY', 'ATI', 'K', 'BMET', 'MON', 'ALTR', 'PMCS', 'JCI', 'CMVT', 'BNI', 'MI', 'ODP', 'JWN', 'NCC', 'RDC', 'CMI', 'XLNX', 'AIV', 'SLB', 'APA', 'DYN', 'BSX', 'BDK', 'APD', 'SHW', 'XRX', 'ABK', 'HAL']