60
0.0584521455196 -0.00139328324831 0.0916609470377 0.134016582451 0.135848421796 0.034888990542 -0.00305157485537 0.0230030392576 0.0907505897935 0.0966324757555 0.0621428512979 0.13534553156 0.100220943784 0.0166595463284 0.0431320253577 0.0214629747746 0.135547989167 0.282509070746 0.0566389432936 0.0785253906611 0.0559799775446 -0.0108233812146 0.0756818342608 0.0172523696575 0.0300310371189 0.0146303634135 0.117315051398 0.0123351660469 0.0905831054983 0.234070828585 0.0946915784272 0.0431194173031 0.0593939882808 0.0639224219563 0.0538940625226 0.0301217617298 0.0088766616328 0.0429486266904 0.0524452719686 0.0213104348082 0.099400173405 0.0507347996455 0.12260521459 0.085684238521 0.0716337087719 0.0100273700484 0.0704328117516 0.046041615311 0.0751688044393 0.0444525953717 0.0205855922537 0.00792878112812 0.0695206157777 0.0411806556966 0.0636277148901 0.0519302207626 0.0423549004831 0.39235550597 0.0170349265424 0.0381517477001 
0.287006995399 0.0375190848167 0.0558059448468 -0.0105765872069 0.0598080082369 0.0121719095243 0.00880698728799 0.01169169565 0.0174154110902 0.0154525700203 0.0210556243968 0.0125289974552 0.148104419489 -0.00161262529496 0.0241987595183 0.016763130015 0.013845657107 0.00833609854073 -0.00399305419086 0.0128772443181 0.0245832700219 0.0278831207437 0.00710385528254 -0.0146916497321 0.0306428367782 0.0210570877049 0.00204275347702 0.020397815588 0.00582951188576 0.0170238721432 0.00612342817827 0.0112760227285 0.0185804568888 -0.0077915036103 -0.0215056942946 -0.00190261315314 0.0147599809513 0.0172484470778 0.0111147064903 0.0156074311341 0.0169066031106 0.0446971758314 -0.0069413051127 0.0153055582959 -0.00643503941907 6.87009819402e-06 0.0173945035245 0.000499621465298 0.00931206585924 0.0176014221259 -0.00368713170118 0.0121149559531 0.0172224452641 0.00925413363095 0.00861118890891 0.0152021090328 0.0039094442262 0.0363431983358 0.013697060721 0.0116989804998 
0.0375190848167 0.346337131072 0.0050954371649 0.00945308592345 0.0219361197632 0.0175600948542 0.0110770123688 0.00165681824751 -0.0110648699853 0.0436462967562 -0.0112263053145 0.00225544009276 0.0213905960986 0.0309314606582 0.0388321195627 -0.00941677032562 0.00192767197682 -0.00570446876312 0.00743049368824 0.0157991870802 0.00992467461069 0.00288747955922 0.0229591003351 0.00848470089339 -0.0164919945742 0.0293320420987 0.00890153275101 -0.010271320574 0.0274072025819 0.0515080179672 0.00256960456229 0.00390523662211 0.0161660742747 0.018330594159 0.0614103804001 0.0240368322593 0.0143282553874 -0.00399256643385 -0.00119468813975 0.0138335187098 0.0289275856561 0.0118325827439 0.0116448962652 0.0278842406049 0.0213563406434 0.0200470445494 0.00215776224817 0.0213401850452 -0.00201578944986 0.0273682654899 0.019869041953 -0.00373757520672 -0.0139970673496 0.0168191915883 0.00739693933784 0.0297519022897 0.00912559726059 0.0027418491572 0.0135286398537 0.0144896767858 
0.0558059448468 0.0050954371649 0.426055887566 0.0199759764397 0.010680547523 0.00909893467124 0.00442429550691 0.00190007415256 -0.0165958577829 0.0226763745652 0.00396210971934 0.00923252555075 -0.00267786498044 -0.00550220069071 0.0210247057922 -0.00690410426132 0.00975966745874 0.0328415104307 0.00666437438119 0.00657686498133 -6.98009722506e-05 0.00186993555966 0.00589210719383 0.000933064676198 0.00121160908132 -0.0029572963215 -0.0091970569325 0.00864797278302 -0.00632257799066 0.0207296537149 0.0761123928562 0.0178181604207 -0.0113655138739 -0.0185506947567 0.00643400947984 0.0165430914003 0.00575710407036 0.0151989747109 0.0200430855662 0.00943759545162 0.00818700409406 0.0326684094044 0.00995376792075 0.000619291357074 0.00567799018229 0.00253532444784 0.013455520628 0.0185704784314 0.0020307571059 0.0137640684453 -0.0090021063062 0.0056574797558 0.00231927204771 0.0196867558616 -0.0111500953848 -0.0275626915096 0.0294228039665 0.01607299058 -0.00751375530738 0.00806272520673 
-0.0105765872069 0.00945308592345 0.0199759764397 0.214746726811 0.0158571507177 0.00763419285066 -0.00344947059482 0.0273457083655 0.0230684437589 0.0100039906198 0.0266145292944 0.0190226298205 -0.0118607856161 0.0120636671406 0.0381507380111 0.0139664479245 -0.000130892973967 0.0250663696899 0.0018989290078 0.0188030441626 0.00424532041048 0.0194926463692 0.00973483380683 0.0265459882218 0.0183233094282 0.00447425611085 0.00363337984744 0.0148061395733 -0.0062559816679 0.0285104302613 0.0138359548273 0.0134182971574 0.00302047756337 0.0163199457835 -0.0142514359294 0.0104812081631 0.0173639239726 0.0135335671431 0.00620885179924 0.0240627855152 0.006950281551 0.0181553321831 0.0132200827304 0.00520112611522 0.00501078800071 0.0123069063461 0.0103319595825 0.0325717530865 0.0332678592903 0.0142753610896 0.0159062880539 0.0111595553873 -0.00102453566417 0.0117963287727 -0.00033233487296 0.0231735216016 0.00743054516834 0.0346913125219 0.0295310264769 -0.00167587248197 
0.0598080082369 0.0219361197632 0.010680547523 0.0158571507177 0.618373871154 0.00575930472878 0.0235247147994 0.0210046008881 0.00946598082535 0.00483012268511 0.0376588001776 0.0251134033135 0.0653252610352 0.0123156177624 0.0214230928643 0.00507773759192 0.0493744710251 0.0480739392869 -0.0236915701957 -0.0185434543287 -0.0339611427372 0.0083089448846 0.00568328320493 0.0181201810457 -0.000617518735592 0.00721179485921 0.0256036059113 -0.0128468739533 -0.00653664397197 0.0125780088821 0.0213011145445 0.00441761425132 0.00125276753246 0.00136383361018 -0.00807037675022 0.0157015616466 -0.0030846014297 0.0571226555203 0.0167729997187 0.0295973877532 -0.00794326089207 0.0139502661879 0.0314306415122 0.00573534575763 -0.00293549195617 -0.0146999460462 0.0163267750962 -0.00330036893161 0.0212207102082 -0.00357988534159 -0.00131623621575 0.01345687799 -0.0144210437424 0.0208347804371 0.00563050650304 0.01198706794 0.00927512403456 -0.0140995096963 0.0300729362486 0.0082897618629 
0.0121719095243 0.0175600948542 0.00909893467124 0.00763419285065 0.00575930472878 0.138593809022 0.00745663215755 0.0168510225497 -0.0138747943244 0.0142246326531 0.00967517281151 -0.0024197135745 0.0294731050668 0.00790717000761 0.0268427950599 0.0216726791854 0.00998463040162 0.00905790353901 0.00394278548026 0.0163463102175 0.0139549797182 0.013000018948 0.0105733404948 0.0168070431118 0.0251789447588 0.0181104081928 0.0109227149586 0.0110845235709 0.0363891533542 0.00961002577128 0.0128274876275 0.00528583467092 0.0123510944969 0.00755840270788 -0.00707087774205 -0.0109495613627 0.0188463200547 -0.00822115699016 0.0162496936528 0.0101434239649 0.0141903148484 0.0122309435702 0.0157424085014 0.00503803771544 0.00947154649813 0.0106287445987 0.00554342489384 -0.000392045168396 0.0213441513128 0.0174558592205 0.0165808970389 -0.00513327966851 0.00488822162657 0.00552032041428 0.0275182808729 0.00991817436622 0.0120720584409 0.0110067775733 0.0228912384088 0.00919032079485 
0.00880698728799 0.0110770123688 0.00442429550691 -0.00344947059482 0.0235247147994 0.00745663215755 0.202128521677 0.00551239669173 0.00745517450898 0.0484697911574 0.00362529540332 -0.000461614385176 0.0194631572211 0.0157477552064 0.0315446352201 0.011475134788 0.0259532875714 0.0118039729919 -0.0194758637637 0.026181502549 0.0205716074556 0.00888139350745 0.000841181895743 0.00738134967313 0.00663362913788 0.00460361602004 0.022522547252 0.000423998539283 0.0215130206453 0.0355183797908 -0.000309219972296 0.00609831607832 0.0194464317627 0.00259942196133 0.000640041724186 -0.0024314097474 0.00568908599847 0.0172538445931 0.0291525075232 0.0292836606467 0.0319776357323 0.0279004868662 0.0177054835467 0.0187442787025 0.0124121990481 0.0173963208609 -0.000281582402185 0.0257428164165 0.0220051397404 -0.000382709628025 0.0158805716821 0.0205711326008 -0.00766508365199 0.0175834296493 0.0415940543054 0.0341760306774 0.0128116498522 -0.0137248218908 -0.00990186458834 0.0130014576225 
0.01169169565 0.00165681824751 0.00190007415256 0.0273457083655 0.0210046008881 0.0168510225497 0.00551239669173 0.122366322432 0.0287988829256 0.00792703426615 0.0263097381456 0.0299857238984 0.000477879790565 0.0101954293206 0.0280641803677 0.0183330362068 0.00897177351421 0.00334470673724 -0.00824670910602 0.0128327209178 0.00937424929896 0.0292709503396 0.0193289015965 0.005890794669 0.0104250434596 0.0134894845664 0.0192242038622 0.0168931004217 0.00641896728288 -0.00446034355547 0.0149100271295 0.00968263194781 0.00974181651695 0.00460721329385 -0.00884247834563 0.0216347742385 0.0216575053956 -0.00141606148121 0.00936759387043 0.0123242610754 0.00905263453606 0.0170909222695 0.0271291818497 0.0186142935319 0.0165575692108 0.0126012549184 0.00472455906565 0.0245599768754 0.0294140121704 0.0106124804674 0.0124695803941 0.0123410673694 -0.000341317688198 0.0134126550516 0.00499936136108 0.016805904164 0.00279712051564 0.00917375160126 0.0284678992766 0.0133011957349 
0.0174154110902 -0.0110648699853 -0.0165958577829 0.0230684437589 0.00946598082535 -0.0138747943244 0.00745517450898 0.0287988829256 0.327030774306 0.0130545669295 0.0120093296837 0.0097900204473 0.014650355682 -1.25492356871e-05 0.0309374814275 -0.00276161772303 0.00241031572111 0.0296318125474 0.0197183486235 -0.0133194489224 0.0390212369089 -0.00043300981321 0.0280268315801 0.00484782941266 -0.00383394821132 0.0195888292188 0.00209240983559 -0.00358371671817 0.0464942915572 0.0172494152285 0.015912668089 0.0189622090771 0.024845995621 0.00830265815031 0.0323550751945 0.00276740675144 0.0269135888868 0.018692525012 0.0118979768097 -0.00193331537602 0.0109215186139 0.0303043508936 0.0115969007161 0.0117261644769 0.00702598939436 0.0121244811152 0.00305037476685 0.0265164021252 0.0634202890571 -0.0131362258461 0.0277163957128 0.0279327575253 0.000870622623285 0.0182286214656 -8.26349373773e-05 0.0137022270472 0.00610384492816 0.0252869043191 0.0280250070482 -0.0117413292845 
0.0154525700203 0.0436462967562 0.0226763745652 0.0100039906198 0.00483012268511 0.0142246326531 0.0484697911574 0.00792703426614 0.0130545669295 0.392563262708 0.0143312379288 0.0226370302082 -0.012083357843 0.0161667875792 0.0149624383958 0.022571502353 0.0191459386041 0.0112813905955 0.00504570543531 0.0734478450474 -0.00196866214308 -0.00492644985105 0.0208882203135 0.0169268153074 0.0194606647034 0.0121076101052 -0.0093917472277 0.0154630753286 0.00954374704635 0.0770170067056 0.0177987999151 0.0105142670373 0.0260851879528 0.00981728082908 -0.00336625265343 0.0120939160398 0.0186700219523 0.0126415834193 0.0299923506811 0.0165411690725 0.0744762265914 0.043247492537 0.0266786950817 0.0505605845399 0.0175019404572 0.0211754442017 0.0150827110395 0.0191274443174 0.041290431182 0.0238844941055 0.0332101290337 0.00135769159736 0.213605147337 0.0239743811685 0.037608538742 0.00198906274843 0.00749230667462 -0.0423747764704 0.00258915110877 0.00798697421713 
0.0210556243968 -0.0112263053145 0.00396210971934 0.0266145292944 0.0376588001776 0.0096751728115 0.00362529540332 0.0263097381456 0.0120093296837 0.0143312379288 0.148966038622 0.0577907567717 0.0136654621786 0.0292508483519 0.0247553824599 0.012373609621 0.0200411946364 0.062334403748 0.0152018095625 0.0182358265262 0.00825335572455 0.0241166852969 0.0299409340404 0.0133380787131 0.0167004175887 0.0115971267369 0.0111665925351 0.00886709207998 0.0161380560025 0.0181731262892 0.0150831953123 0.0091150322757 0.0124246736256 0.0204670911271 0.0194701763465 0.0274559596099 0.00855200577229 0.00334747336633 0.0197667413192 0.02034833502 0.013735591103 0.0111451298364 0.0461510661928 0.00150545981425 0.0168581582284 0.0171629542845 0.0134752430984 0.0219387082212 0.0186022062675 0.0131027618937 0.00597652809554 0.0173573100931 -0.0113548262772 0.0226486653739 0.00802531110787 0.0262412719375 0.015838318618 0.0186017245065 0.0237169042561 0.0121054925982 
0.0125289974552 0.00225544009276 0.00923252555075 0.0190226298205 0.0251134033134 -0.00241971357449 -0.000461614385175 0.0299857238984 0.0097900204473 0.0226370302082 0.0577907567717 0.196769521091 -0.00462517097167 0.0296346294779 0.0530429454682 0.018433455142 0.000104234965068 0.0598284073008 0.0104345875006 0.0154869623722 0.00396425354271 0.020902155499 0.0124180762564 -0.00261780341062 -0.00611347828859 0.00690143483783 0.00966651332052 -9.82634462289e-05 0.0043679998834 0.0178807384534 0.0114470286175 0.00977958564104 0.00449440474719 0.0189259846685 0.0110131175257 0.0164743785177 0.014577170482 0.00507113251079 0.0186298247017 0.0113374469603 0.0239913393136 0.0123373731433 0.0851592926224 0.0286544084707 0.0228893388195 0.00946739727114 0.0107443596448 0.0337348966838 0.0322982722837 0.0365893881963 -0.00426279284994 0.00535907134629 -0.0110155098692 0.0354460835257 0.00113227992844 0.0400631888812 0.000766423096326 0.0652583649252 0.0227830285376 -0.0024975376663 
0.148104419489 0.0213905960986 -0.00267786498044 -0.0118607856161 0.0653252610352 0.0294731050668 0.0194631572211 0.000477879790565 0.014650355682 -0.012083357843 0.0136654621786 -0.00462517097167 1.0979876914 -0.00974503882398 -0.00849840767776 0.0191347136736 -0.00497458683516 -0.0236491383072 0.0268333147168 -0.0141516981781 0.0106174353945 -0.0274813927011 0.0648365281474 0.0365918466276 0.0147857979049 0.0285615895783 0.0023961965577 0.00797590698625 0.00776385147708 0.00560849405587 0.031893200728 0.0196665026293 0.0199065963434 0.00984563305832 -0.00191561273986 -0.0109916805222 0.0199824350067 0.0130810282816 0.047292664393 -0.00422604841547 -0.0171248679004 0.0818357047683 0.0196605359194 0.0249639632973 0.0113666909556 -0.00769278128471 0.0079303331797 0.0166913761153 -0.00448516576995 0.043891141594 0.000504099376632 -0.0268659351103 0.030883892044 -0.0101577190824 0.0150669446185 0.00281994627432 0.0117230950915 -0.00143204864739 0.00344722915687 0.0265483076384 
-0.00161262529496 0.0309314606582 -0.00550220069071 0.0120636671406 0.0123156177624 0.00790717000761 0.0157477552064 0.0101954293206 -1.25492356873e-05 0.0161667875792 0.0292508483519 0.0296346294779 -0.00974503882398 0.187557503244 0.0416539834749 0.0107018814694 0.00467353014128 0.0310758725595 0.0203207320079 0.00246876211402 0.00769000724673 0.0283519113909 0.0152002388362 0.0163216735455 0.0028066817469 0.0137524418123 0.00507723706693 0.0139347627153 0.0439221794217 0.047830284993 0.00487210111399 -0.00317708197355 0.00202715378701 0.0269662023145 0.0296984055014 -0.00278096671981 0.0192612669944 0.0132499930069 0.0110028586823 -0.00696981038154 0.0330788835284 0.0217521817104 0.0268841221298 0.0101217555374 0.0114675530297 0.0124840631823 0.00428379063481 0.0054042039117 0.0123179651081 0.0363220241739 0.00369415737467 0.00579431363756 -0.000549614843116 0.0122781533552 0.00592101904008 0.055431032519 0.00384821326169 0.0524262617686 0.0103613493109 -0.000972016685121 
0.0241987595183 0.0388321195627 0.0210247057922 0.0381507380111 0.0214230928643 0.0268427950599 0.0315446352201 0.0280641803677 0.0309374814275 0.0149624383958 0.0247553824599 0.0530429454682 -0.00849840767776 0.0416539834749 0.371936568661 0.0146064586208 -0.00128061549062 -0.0187398039837 0.03143571359 0.0364134793697 0.0153661698032 0.0168672758332 -0.00618623772609 0.0224389194624 0.00578622618147 0.0174131504948 0.0327412207349 0.019629650808 0.00878928881032 -0.0105554255086 0.0041937855758 -0.00334443949931 0.0292308592451 0.0321312780774 0.0224808694096 -0.010881329406 -0.0148310277457 0.0219092854245 0.0404075466007 0.035229012895 0.0403785639817 0.0297202241108 0.0304387061663 0.0393379397506 0.0359103421996 0.00841128722221 0.0127639723924 0.0317983412815 0.0487570169081 0.0314063866373 -0.00580543445267 0.00518311515491 -0.0225956428538 0.0324487862196 0.000790937169868 0.0284846565217 0.0328704385846 0.0333406971228 0.0208599732427 -0.007827448392 
0.016763130015 -0.00941677032562 -0.00690410426132 0.0139664479245 0.00507773759192 0.0216726791854 0.011475134788 0.0183330362068 -0.00276161772303 0.022571502353 0.012373609621 0.018433455142 0.0191347136736 0.0107018814694 0.0146064586208 0.145789127557 0.0173442386954 0.0118756632037 -0.0116867340177 0.00385626964068 0.0384386390981 0.0347179037898 0.0137375679692 0.0208913144181 0.0183453950952 0.00171673236147 -0.00878518030696 0.00750653767724 0.00283350217664 -0.001126543291 0.00333328486782 0.0113242053648 0.0285751897513 0.0123011358616 -0.00926088455159 0.000364257280232 0.0196834692514 -0.00682172348191 0.0138017463794 -0.00458364368481 0.00868076096967 0.0222342577282 0.00468960053552 0.00701852576418 0.00385729712406 0.0151825540858 0.0297635447548 0.0123063803764 -0.0104068579861 0.0348890927936 -0.000554570024158 0.0170001575282 0.0369576887055 -0.00722288641966 0.00865642478277 0.0416935773541 0.017192562624 -0.00892058678132 0.00920560166201 -0.0157526392724 
0.013845657107 0.00192767197682 0.00975966745875 -0.000130892973967 0.0493744710251 0.00998463040162 0.0259532875714 0.00897177351421 0.00241031572111 0.0191459386041 0.0200411946364 0.000104234965069 -0.00497458683516 0.00467353014128 -0.00128061549062 0.0173442386954 0.386344755245 0.177578365689 -0.0134212353509 0.00605897116066 0.0181913430629 -0.0105349960192 -0.00392503954741 -0.0110607341799 0.016891384891 0.000686624705438 -0.0222524588598 0.0272626231478 -0.00411402879041 0.0613211991209 0.0347241717258 0.00506446112622 0.00283597283798 -0.0201701846709 0.022230795214 0.000842504820471 0.0319041790798 -0.0122760853072 0.0138440859509 0.0564593974381 0.0212436193104 0.00103954298568 -0.0168252788265 0.0347961156648 0.0129369602897 0.0048736090783 0.0129108733935 0.022947014955 -0.00787237214979 -0.0189435433177 0.00671524843249 0.025508203618 0.0178103461859 -0.0031850899949 -0.00234619494075 0.00104938077463 0.0141520976767 0.23038119664 -0.0168916889982 0.0512530757821 
0.00833609854073 -0.00570446876312 0.0328415104307 0.0250663696899 0.0480739392869 0.00905790353901 0.0118039729919 0.00334470673724 0.0296318125474 0.0112813905955 0.062334403748 0.0598284073008 -0.0236491383072 0.0310758725595 -0.0187398039837 0.0118756632037 0.177578365689 0.829624944141 0.00931746448515 0.0370947217186 0.0236841683794 0.0331645899742 -0.0153117001531 -0.044912304537 0.000714673405042 -0.00246064536186 0.0194319919878 0.01413419596 0.00749502975792 0.129186287566 0.0631011666817 0.0311083114126 0.0010313768601 0.0190750545485 0.035096868354 0.0278694157572 0.0563030874359 -0.0117608984609 0.0219596393818 0.0766182157424 0.0421074960274 0.0340220018853 0.0267173402212 0.0334429450669 0.00700852532329 0.00212930449137 -0.00666462933867 0.0108675442103 -0.0393108652789 0.0372891542794 0.0196375413886 0.0230635731793 -0.0302801001054 0.0439230263214 -0.00601353018118 0.0108626146406 -0.0116714756588 0.107727213756 -0.0133705719363 0.0573701788695 
-0.00399305419085 0.00743049368824 0.00666437438119 0.0018989290078 -0.0236915701957 0.00394278548026 -0.0194758637637 -0.00824670910602 0.0197183486235 0.00504570543531 0.0152018095625 0.0104345875006 0.0268333147168 0.0203207320079 0.03143571359 -0.0116867340176 -0.0134212353509 0.00931746448515 0.198776071327 0.0144793624645 -0.000341699990271 0.00303850768666 0.00862759754894 -0.00867703402153 -0.0139406711863 -0.00831785312947 0.00119740993109 0.0119849440988 0.00988326352427 0.0145441341716 0.00838703981063 0.00178273475741 0.00481567640227 -0.000847487225885 0.000906158566205 0.00534529876794 0.0183903475279 0.0297212948299 0.016273072446 0.00345106288856 0.00650342790016 0.00361191704754 -0.0129102098638 -0.00530986252751 0.00944825141864 0.0140955359426 0.00227499162608 0.00523394374722 -0.00764076884856 -0.0053190387084 0.00795757963402 -0.00584017473554 0.0147999779509 0.0124332412182 -0.00492723819309 0.0121474733394 -0.0160673775355 0.00891320453365 0.00934081046048 -0.00206386971326 
0.0128772443181 0.0157991870802 0.00657686498133 0.0188030441626 -0.0185434543287 0.0163463102175 0.026181502549 0.0128327209178 -0.0133194489224 0.0734478450474 0.0182358265262 0.0154869623722 -0.0141516981781 0.00246876211402 0.0364134793697 0.00385626964068 0.00605897116066 0.0370947217186 0.0144793624645 0.291530247253 0.0310187630154 0.0182911229938 -0.0019447254154 0.00589075723765 0.00845444654398 0.0100347508907 -0.0127808970712 -0.0132486071977 0.00201861633933 0.0965066493818 0.00909456433417 0.0256863429977 0.0080436061343 0.0293859844604 -0.0173777772858 0.0103151572745 0.0246497728144 -0.0115791526996 0.0448048498085 0.0322059364977 0.0541720396902 0.0239629667515 0.0210349131806 0.0194094697022 0.0222046272589 0.0124709124331 0.00760442126031 0.0193911602782 0.0485378490637 0.00310560404725 0.0145051939866 0.0222567074959 0.0658738802606 0.0373795154665 0.0214161533088 0.0171804160837 0.00175973903915 -0.00430493396559 0.0154958935395 0.0099098844736 
0.0245832700219 0.00992467461069 -6.98009722501e-05 0.00424532041048 -0.0339611427372 0.0139549797182 0.0205716074556 0.00937424929895 0.0390212369089 -0.00196866214308 0.00825335572456 0.00396425354271 0.0106174353945 0.00769000724673 0.0153661698032 0.0384386390981 0.0181913430629 0.0236841683794 -0.000341699990271 0.0310187630154 0.217791558208 0.0214516191075 0.0106033820144 -0.0112885503313 0.0181793348317 0.00896451994378 0.0205804467353 -0.00943114741403 0.0396139054862 0.0324174396759 0.00299739386648 0.0434523049469 0.00202628028171 0.0135152562863 0.0167339338383 0.00787593803409 0.0121953301279 -0.0114944957836 0.0224499337848 -0.00419845451644 0.0094114550149 0.0222656340491 -0.000559930351684 0.0251780649264 -0.00968432483172 0.020539309108 0.0186994946193 0.0169421905176 -0.0138267691709 0.0242942852998 0.0130380529425 0.00707449292222 -1.09129751108e-05 0.00724572940499 0.000651669766825 0.0120584382893 0.0098419366748 0.0930189221832 -0.00844026942479 0.0257925655891 
0.0278831207437 0.00288747955922 0.00186993555966 0.0194926463692 0.0083089448846 0.013000018948 0.00888139350745 0.0292709503396 -0.000433009813211 -0.00492644985105 0.0241166852969 0.020902155499 -0.0274813927011 0.0283519113909 0.0168672758332 0.0347179037898 -0.0105349960192 0.0331645899742 0.00303850768666 0.0182911229938 0.0214516191075 0.207854302703 0.011511399401 0.0172737179498 0.0105599761766 0.0208802491395 0.00424858151192 0.00373115918293 0.0202541205193 0.0243306213664 -0.00186871848501 0.0047014679688 0.00782227870534 0.0264217855612 -0.000143715462448 0.00581999975812 0.0301494233837 0.00275737390036 0.000886532826055 -0.0031560787391 0.0105907668148 0.0190402632079 0.0169788551029 -0.00117536645239 0.0249692758357 0.0204359592528 -0.0067269126616 0.0212317248681 -0.00189987462496 0.0414925286584 0.000775365185416 0.00529566421518 0.018365071235 0.00743851542715 0.00373714658008 0.0471525577276 0.0262914965489 0.00848942725751 0.0295987168761 -0.00253046248077 
0.00710385528254 0.0229591003351 0.00589210719383 0.00973483380683 0.00568328320493 0.0105733404948 0.000841181895744 0.0193289015966 0.0280268315801 0.0208882203135 0.0299409340404 0.0124180762564 0.0648365281474 0.0152002388362 -0.00618623772609 0.0137375679692 -0.00392503954741 -0.0153117001531 0.00862759754895 -0.0019447254154 0.0106033820144 0.011511399401 0.20392075952 0.0141581110539 0.00994888925209 0.00618646062276 0.0164841149708 0.0293277977029 0.0326299930688 0.00378683876778 0.00268830150615 0.0121238239216 -0.00895362793952 0.00599024019066 -0.00430627733233 0.0162444172737 0.0182064335584 0.0150941521076 0.0368717180602 0.0166684334722 0.0112640579069 0.0206943873254 0.00150363908491 0.00751625305368 0.0295150562322 0.0037459561773 0.00454064594018 0.0203856243039 0.0163811438295 0.0076190337317 0.00701762807379 0.0109625488357 -0.0082315596885 -0.000297241709754 0.00835460229115 0.027339461358 0.0176657083659 0.0225062478469 0.00413210343863 0.0123236825731 
-0.0146916497321 0.00848470089339 0.000933064676198 0.0265459882218 0.0181201810457 0.0168070431118 0.00738134967313 0.005890794669 0.00484782941266 0.0169268153074 0.0133380787131 -0.00261780341061 0.0365918466276 0.0163216735455 0.0224389194624 0.0208913144181 -0.0110607341799 -0.044912304537 -0.00867703402153 0.00589075723765 -0.0112885503313 0.0172737179498 0.0141581110539 0.182469112782 0.0139233894742 -0.000719823212186 0.0202058382558 0.0156954080495 0.00401165977122 -0.0011551538849 0.0265335639755 -0.00713602936848 -0.00648905001523 0.0214863240638 0.00674677310316 0.0103167077076 0.00160393038946 0.0143875364246 0.0212472089389 0.022623047969 0.0193272966596 0.00986857827108 0.0193705494759 0.00229198671589 -0.00498387807865 -0.000140385324975 -0.00668707895798 0.0105263973602 0.0192762718386 0.0100953961132 0.00266117552659 -0.00731766751386 0.00930577714465 -0.00890492599387 0.014340429434 0.0148400234094 0.00403865567595 0.00612397675419 0.0164501174047 0.0069549788062 
0.0306428367782 -0.0164919945742 0.00121160908132 0.0183233094282 -0.000617518735592 0.0251789447588 0.00663362913788 0.0104250434596 -0.00383394821132 0.0194606647034 0.0167004175887 -0.0061134782886 0.0147857979049 0.00280668174691 0.00578622618147 0.0183453950952 0.016891384891 0.000714673405042 -0.0139406711863 0.00845444654398 0.0181793348317 0.0105599761766 0.00994888925208 0.0139233894742 0.254288841777 0.00202019769005 0.00341645858384 0.00909217746882 0.0101234991406 -0.0301187568331 5.54123499397e-05 0.0267486162244 0.0146788116237 -0.00108229912321 -0.00506922938337 -0.00769238195456 0.0507984932068 0.00545413808273 0.00457707245179 0.0119489691718 -0.00457188812772 0.00549442202599 0.00920276183337 0.00632896074114 0.0220214265366 -0.00337876947422 -0.00145099169338 0.00318882258863 0.0046623127399 0.021054237678 0.0026461728014 -0.00514315248855 -0.00568695008819 -0.002058751952 0.0116844784087 0.0241144053467 0.0128870357229 -0.00523352943125 0.000526124107729 0.00679821211701 
0.0210570877049 0.0293320420987 -0.0029572963215 0.00447425611085 0.00721179485921 0.0181104081928 0.00460361602004 0.0134894845664 0.0195888292188 0.0121076101052 0.0115971267369 0.00690143483784 0.0285615895783 0.0137524418123 0.0174131504948 0.00171673236148 0.000686624705439 -0.00246064536186 -0.00831785312947 0.0100347508907 0.00896451994378 0.0208802491395 0.00618646062276 -0.000719823212186 0.00202019769005 0.151968111186 -0.00180517273814 3.51991513498e-05 0.0051013042323 0.00948929570279 0.0182182413595 0.00142312303829 0.0108790226776 0.00699436293582 0.016736489674 0.0216365902858 0.0186677080672 0.0172191230039 0.00514827355159 0.00272109814827 -0.00237125177903 -0.000547819838084 0.0170665051275 0.0149183433292 0.00191269928327 0.0200216487748 0.00268828464012 0.00990977654239 0.0175118735595 0.0107333703006 0.0129369861744 -0.00405437757376 -0.00344668456832 0.0132590399913 0.00636143317486 -0.00339966093289 0.0102162927588 0.0332072217076 0.00680430211861 0.00818783350167 
0.00204275347702 0.00890153275101 -0.0091970569325 0.00363337984744 0.0256036059113 0.0109227149586 0.022522547252 0.0192242038622 0.00209240983559 -0.0093917472277 0.0111665925351 0.00966651332052 0.0023961965577 0.00507723706693 0.0327412207349 -0.00878518030696 -0.0222524588598 0.0194319919878 0.00119740993109 -0.0127808970712 0.0205804467353 0.00424858151192 0.0164841149708 0.0202058382558 0.00341645858384 -0.00180517273814 0.363139919794 0.0355123166853 0.00497078042213 0.0216912528502 -0.00547076834474 0.0122105881175 0.0133842954978 0.0273113808661 0.000900632361365 0.0160146147379 -0.0358226212062 0.0130798679349 0.00742934544409 0.0038742599002 0.0329481208803 0.0357113801438 0.00298183434457 0.0385206853109 0.0082442710132 0.00678306934618 0.0234496727436 0.0204790225029 -0.00828388983511 -0.000333371538654 0.0151316215901 0.0090379342268 -0.019563342832 -0.000445106915064 -0.0114337975442 0.0277399244931 -0.00626228096961 0.0179920818148 0.0147384790873 -0.013638773121 
0.020397815588 -0.010271320574 0.00864797278302 0.0148061395733 -0.0128468739533 0.0110845235709 0.000423998539282 0.0168931004217 -0.00358371671817 0.0154630753286 0.00886709207998 -9.82634462282e-05 0.00797590698625 0.0139347627153 0.019629650808 0.00750653767724 0.0272626231478 0.01413419596 0.0119849440988 -0.0132486071977 -0.00943114741403 0.00373115918293 0.0293277977029 0.0156954080495 0.00909217746882 3.51991513505e-05 0.0355123166853 0.216712972987 0.00787155383795 0.0192079593148 0.00991063927486 -0.0105670833586 0.00762596900769 0.0186548542426 0.0227474815563 0.00114194904496 0.0178765390784 0.0236920570707 0.00549821153084 0.0055094023689 0.0193224248913 0.0108570119524 -0.0066298068838 -0.00175066093467 -0.00097623697199 0.00579527146056 -0.00522863144839 0.00745271257059 0.0367925894099 0.0074988018898 -0.000555142428409 0.0193477469512 0.0208975010852 0.00517245251684 0.0164750458987 0.00429834793407 0.00885120677462 0.00802895618809 0.0126367336958 0.000291506052315 
0.00582951188576 0.0274072025819 -0.00632257799066 -0.0062559816679 -0.00653664397197 0.0363891533542 0.0215130206453 0.00641896728288 0.0464942915572 0.00954374704635 0.0161380560025 0.00436799988339 0.00776385147708 0.0439221794217 0.00878928881032 0.00283350217664 -0.00411402879041 0.00749502975792 0.00988326352427 0.00201861633933 0.0396139054862 0.0202541205193 0.0326299930688 0.00401165977122 0.0101234991406 0.0051013042323 0.00497078042213 0.00787155383795 0.306840557811 -0.00377819453891 0.0429701018647 0.0191299295254 0.00736700656756 0.0127032755226 -0.0214111409163 0.011046557523 0.0168824619184 0.00329945962605 0.0228662218423 0.0387346351209 0.0157073076291 0.0215324083562 0.0168455800683 0.000583968054319 -0.00393036925692 0.0165786678785 0.0208932306113 0.014539651888 0.0286208385657 0.0229759048818 0.0263562940012 -0.00238737660337 -0.00268892980505 0.010395664459 0.0148156165641 0.0268934220109 0.0194518845532 0.0130342016999 0.0122268176184 0.00204069793248 
0.0170238721432 0.0515080179672 0.0207296537149 0.0285104302613 0.0125780088821 0.00961002577128 0.0355183797908 -0.00446034355547 0.0172494152285 0.0770170067056 0.0181731262892 0.0178807384534 0.00560849405587 0.047830284993 -0.0105554255086 -0.001126543291 0.0613211991209 0.129186287566 0.0145441341716 0.0965066493818 0.0324174396759 0.0243306213664 0.00378683876778 -0.0011551538849 -0.0301187568331 0.00948929570279 0.0216912528502 0.0192079593148 -0.00377819453891 0.989685434279 0.0397061103923 0.0203999803002 0.00957113143287 0.00304003680133 0.0411126786069 -5.2232832675e-05 0.00603307901239 0.030606442249 0.0529809929603 0.0566215070005 0.112385233304 0.0349662359409 0.026924318801 0.0307875103385 -0.00602787501157 -0.00324438663856 0.0674370245642 0.0190046910782 -0.00114136053204 0.0088552506005 -0.00941346949309 0.011742867635 0.0641017957549 0.0686095468595 0.0159836318042 -0.015826656846 0.0276767334536 -0.0430979025395 0.0170070137441 0.0778157906185 
0.00612342817827 0.00256960456229 0.0761123928562 0.0138359548273 0.0213011145445 0.0128274876275 -0.000309219972296 0.0149100271295 0.015912668089 0.0177987999151 0.0150831953123 0.0114470286175 0.031893200728 0.00487210111399 0.0041937855758 0.00333328486782 0.0347241717258 0.0631011666817 0.00838703981063 0.00909456433417 0.00299739386648 -0.00186871848501 0.00268830150615 0.0265335639755 5.54123499415e-05 0.0182182413595 -0.00547076834474 0.00991063927486 0.0429701018647 0.0397061103923 0.350152868115 0.0203343191791 0.0144960234609 0.0419460176488 0.0266078373975 0.0155174891083 0.0110196270461 0.0282847928565 0.0357839386451 0.0266125611599 0.0316770727575 0.0116220390072 0.0212538275712 0.0288407305671 0.00178298352112 0.00512089698693 0.0174341454102 0.00921539022921 -0.0144439084924 -0.013354769389 -0.000163142895024 0.00175220063912 -0.000436119564947 0.0092546127622 0.000987496380361 0.00745248009899 0.0244316073809 0.0152504731894 0.00344090604043 0.0258894834081 
0.0112760227286 0.00390523662211 0.0178181604207 0.0134182971574 0.00441761425132 0.00528583467092 0.00609831607832 0.00968263194782 0.0189622090771 0.0105142670373 0.00911503227569 0.00977958564105 0.0196665026293 -0.00317708197355 -0.00334443949931 0.0113242053649 0.00506446112622 0.0311083114126 0.00178273475742 0.0256863429977 0.0434523049469 0.0047014679688 0.0121238239216 -0.00713602936848 0.0267486162244 0.00142312303829 0.0122105881175 -0.0105670833586 0.0191299295254 0.0203999803002 0.0203343191791 0.168535973453 0.0182371520012 0.0355581360964 0.0235444936954 0.0121969474973 0.0270038195809 0.00872189659346 0.0279918126585 0.0032881600464 0.0260582217553 0.0178223468147 0.0139940428238 0.0191810630513 0.00646387801036 0.00261362957084 0.00837053988952 0.0259422380031 0.0183677470764 -0.0103325413844 0.00535395216145 0.0134371039038 0.000469640494872 0.0144768901987 -0.0134913511588 0.0107824336121 0.000546763856896 -0.000894696899904 0.0181519084157 -0.00125439680441 
0.0185804568888 0.0161660742747 -0.0113655138739 0.00302047756336 0.00125276753247 0.0123510944969 0.0194464317627 0.00974181651696 0.024845995621 0.0260851879528 0.0124246736256 0.00449440474719 0.0199065963434 0.00202715378701 0.0292308592451 0.0285751897513 0.00283597283798 0.0010313768601 0.00481567640227 0.0080436061343 0.00202628028171 0.00782227870534 -0.00895362793952 -0.00648905001523 0.0146788116237 0.0108790226777 0.0133842954978 0.00762596900769 0.00736700656756 0.00957113143287 0.0144960234609 0.0182371520012 0.220185520145 0.0346307295882 0.009609863542 0.0250521228133 0.0139764233574 0.00575527558341 0.0120788623646 0.0067514805721 0.0191151599848 -0.00967202246962 0.0133541884938 0.0370003421622 -0.00320551957892 0.00719505899917 -0.00173578974484 0.0140874430645 0.0392879309566 0.0118487324588 0.0197432788791 0.00776172170413 0.0142290217801 0.0217475435748 0.00387004047174 0.0347203026828 -0.000918020834414 0.0359786549576 0.0083154652952 0.00421251068031 
-0.0077915036103 0.018330594159 -0.0185506947567 0.0163199457835 0.00136383361019 0.00755840270788 0.00259942196133 0.00460721329385 0.00830265815031 0.00981728082908 0.0204670911271 0.0189259846685 0.00984563305831 0.0269662023145 0.0321312780774 0.0123011358616 -0.0201701846709 0.0190750545485 -0.000847487225886 0.0293859844604 0.0135152562863 0.0264217855612 0.00599024019066 0.0214863240638 -0.00108229912321 0.00699436293582 0.0273113808661 0.0186548542426 0.0127032755226 0.00304003680133 0.0419460176488 0.0355581360964 0.0346307295882 0.438455751643 0.0501526578789 0.0135862769645 0.0362126260879 0.0291606527916 0.0371123969673 0.0203235456713 0.0356041520501 0.0335516889948 0.0305270114994 0.0505688248312 0.00041649228577 0.0496333115574 0.0303306774584 0.0103806548449 0.00321013196886 0.0470924299643 0.0203100743839 0.0352699694549 -0.00182573933032 0.00906540929766 0.0154761837261 0.0396443518416 -0.00520480482212 0.000517997103018 0.0220053556737 0.0748013056043 
-0.0215056942946 0.0614103804001 0.00643400947984 -0.0142514359294 -0.00807037675021 -0.00707087774204 0.000640041724185 -0.00884247834563 0.0323550751945 -0.00336625265342 0.0194701763465 0.0110131175257 -0.00191561273986 0.0296984055014 0.0224808694096 -0.00926088455159 0.022230795214 0.035096868354 0.000906158566203 -0.0173777772858 0.0167339338383 -0.000143715462448 -0.00430627733233 0.00674677310316 -0.00506922938337 0.016736489674 0.000900632361364 0.0227474815563 -0.0214111409163 0.0411126786069 0.0266078373975 0.0235444936954 0.009609863542 0.0501526578789 0.407823654856 0.0012601879675 0.0151019592982 -0.00454206025516 -0.0029788415903 0.0170457577618 0.01655695866 0.00503139523545 0.0142227831423 0.0153516039619 -0.00785077566538 0.0014049260992 0.0136458277843 -0.0147023527167 0.0148139396636 0.0101517827862 0.0186228977371 0.0317381031058 -0.00266628298953 0.0230675648088 -0.00160039382185 -0.00167035604904 0.00766169858846 0.0497520895327 0.00570832174945 0.00543180145321 
-0.00190261315314 0.0240368322593 0.0165430914003 0.0104812081631 0.0157015616466 -0.0109495613627 -0.0024314097474 0.0216347742385 0.00276740675144 0.0120939160398 0.0274559596099 0.0164743785177 -0.0109916805222 -0.00278096671981 -0.010881329406 0.000364257280223 0.000842504820472 0.0278694157572 0.00534529876794 0.0103151572745 0.00787593803409 0.00581999975813 0.0162444172737 0.0103167077076 -0.00769238195456 0.0216365902858 0.0160146147379 0.00114194904496 0.011046557523 -5.22328326747e-05 0.0155174891083 0.0121969474973 0.0250521228133 0.0135862769645 0.0012601879675 0.178299659127 0.00376715032136 0.00128973012698 0.0028896314157 -0.0156246114786 0.00199536263502 0.00791909376998 0.0205201223535 0.0195182751846 0.00129519384025 0.00210731231612 -0.0158834482495 0.00795584613059 0.0102417336068 0.0111000517988 0.00830330657172 -0.00127771868364 -0.00712675052812 0.0211320183932 0.00249000380001 0.004015674613 -0.0269192958461 -0.0082745074166 0.0108916503328 0.0116607526108 
0.0147599809513 0.0143282553874 0.00575710407036 0.0173639239726 -0.0030846014297 0.0188463200547 0.00568908599847 0.0216575053955 0.0269135888868 0.0186700219523 0.00855200577229 0.014577170482 0.0199824350067 0.0192612669944 -0.0148310277457 0.0196834692514 0.0319041790798 0.0563030874359 0.0183903475279 0.0246497728144 0.0121953301279 0.0301494233837 0.0182064335584 0.00160393038946 0.0507984932068 0.0186677080672 -0.0358226212062 0.0178765390784 0.0168824619184 0.00603307901239 0.0110196270461 0.0270038195809 0.0139764233574 0.0362126260879 0.0151019592982 0.00376715032136 0.255780679741 0.0142024271277 0.0257851533532 0.0322685890367 0.017128687634 0.0115618672891 0.0234481678879 0.0337198610055 0.00424278701021 0.0138045239972 0.00535205575659 0.0236144977136 0.0146340923285 0.036659131853 0.0120110320727 0.0110374295364 0.00990431162071 -0.00555839426028 0.00835699630789 0.0313845964455 0.0200379486003 0.0425583569093 0.0204958268374 0.0633238303042 
0.0172484470778 -0.00399256643385 0.0151989747109 0.0135335671431 0.0571226555203 -0.00822115699016 0.0172538445931 -0.00141606148122 0.018692525012 0.0126415834193 0.00334747336634 0.00507113251078 0.0130810282816 0.0132499930069 0.0219092854245 -0.00682172348191 -0.0122760853072 -0.0117608984609 0.0297212948299 -0.0115791526996 -0.0114944957836 0.00275737390036 0.0150941521076 0.0143875364246 0.00545413808273 0.0172191230039 0.0130798679349 0.0236920570707 0.00329945962604 0.030606442249 0.0282847928565 0.00872189659346 0.00575527558341 0.0291606527916 -0.00454206025516 0.00128973012698 0.0142024271277 0.195237038334 0.0123114265049 0.00975699872634 -0.00135572905483 0.00497838097652 0.00393020406046 0.00530257587353 -0.000346808359452 0.0151349866273 0.00490531080492 0.0213213244551 0.0288659358201 0.0188489584637 0.00918179172132 0.02797788494 0.0156091366347 0.00970920436297 0.0108702105445 0.0138019228474 0.00148218159062 -0.01917499959 0.00978906538197 -0.00588826269253 
0.0111147064903 -0.00119468813975 0.0200430855662 0.00620885179924 0.0167729997187 0.0162496936528 0.0291525075232 0.00936759387042 0.0118979768097 0.0299923506811 0.0197667413192 0.0186298247017 0.047292664393 0.0110028586823 0.0404075466007 0.0138017463794 0.0138440859509 0.0219596393818 0.016273072446 0.0448048498085 0.0224499337848 0.000886532826055 0.0368717180602 0.0212472089389 0.00457707245179 0.00514827355159 0.00742934544409 0.00549821153084 0.0228662218423 0.0529809929603 0.0357839386451 0.0279918126585 0.0120788623646 0.0371123969673 -0.0029788415903 0.0028896314157 0.0257851533532 0.0123114265049 0.242392428672 0.0295265915113 0.0472904908649 0.024035782828 0.0318273498404 0.0182281080754 0.00157028807117 0.022717526643 0.0201916468545 0.0183843531353 0.0339283220127 0.0258268025637 0.00604422199491 0.0280503902108 -0.00575361282692 0.0218912887026 0.00223170431159 -0.000615446029871 0.00041810358648 -0.0517880262931 0.0107908412996 0.0131140126221 
