50
0.0917148498368 0.0571686925308 0.099400173405 0.0785253906611 0.332832739506 0.00535997805058 0.0279461936292 0.190895055806 0.143828325424 0.0538940625226 0.0609589558998 0.0277285522359 0.0590120409917 0.0485945029431 0.0160922749751 0.357744060202 0.075466134778 0.037281538924 0.107494880462 0.100072423231 0.0680936188342 0.0621428512979 0.165275344352 0.0464034886179 0.0431194173031 0.10004428458 0.125568601155 0.0345230729479 0.112278324126 0.0477990277318 0.0639224219563 0.0485380268731 0.0166595463284 0.0979044774238 0.05514883533 0.330982708656 0.0384658872101 0.0408960175479 0.0176197090425 0.0601344650096 0.110578936942 0.0994766710856 0.0594362545722 0.117315051398 0.0444735285872 0.00477989818121 0.0566389432936 0.0749299903321 0.0506400072768 0.1366928931 
0.180392092208 0.0174220505661 0.00888818282072 0.0253316765013 0.0260239992905 0.0235326116596 0.0122110653718 0.0241330180112 0.0180031258114 0.0035686671958 0.00902600120883 0.0208997201976 0.0247627556165 0.0288144002996 -0.00249096250195 0.0418109018924 0.0106429810229 0.036205570185 0.0347908183438 0.0094585601851 0.0195818900251 0.0327967362436 -0.0043919937114 -0.0042034151665 0.0244574411336 0.0320796887552 0.0246684067363 0.0128127772612 0.0086282784066 0.0434735506982 0.0414832282991 0.0169684041268 0.010936834068 0.00634845086874 0.0156356983742 0.0104525276159 0.0299757683948 0.00979908666287 0.0145315269956 0.0216363327259 -0.00150064153328 -0.00136891713279 0.0363464530337 0.0113990071195 0.0186497445973 0.0236451951523 -0.00243070414706 0.0168412911162 0.0358803115306 0.00584371663169 
0.0174220505661 0.313584966909 0.0309723440853 0.0376465663386 0.0145612956584 -0.0189638720311 0.0142605021284 0.00470296382395 0.178208495184 -0.0186843206775 0.047504832922 0.00777532509099 -0.00054286641149 0.0035769921089 0.00158616474782 -0.00107431062532 0.0268015634677 -0.00232750378246 0.017084022925 0.00769366898505 0.00225476223857 0.0161491896172 -0.00813298873259 -0.000320563040752 0.01626728948 0.0558592896974 0.0120341097886 -0.0076416311047 0.0246923313431 0.016098925252 0.0195424653802 0.0211955129308 0.00899972712002 0.0122622040896 0.0202271555099 -0.0138657628536 0.0225160819504 0.0165593607955 0.0139843124485 0.0440365871298 0.0476472324086 -0.00467831069229 0.0374393528623 -0.00350242282544 0.0247914494299 0.00684213249026 0.00462027695447 0.0346232271725 0.000938587199135 -0.00776128511389 
0.00888818282072 0.0309723440853 0.32534878061 0.0626096817716 0.0187335131634 0.00612073255892 0.0283545031864 0.0755871836027 0.0319304817861 0.0288904959605 0.0500090509404 0.0046769798991 0.0102653061444 -0.00317760894316 -0.00602795989813 -0.0160972507064 0.0250567671315 0.0303258159782 0.0150584161314 0.00072948231048 0.005814460128 0.0138602654056 -0.0143163403076 -0.00404817086162 0.0297139834954 0.0562554335702 0.0205331141358 0.024260208234 0.0222758820233 0.0116909180723 0.0347458489879 0.0162649970924 0.0352164287198 0.00626053655818 0.015406204326 0.025586917358 0.0324268220227 0.0339189708164 0.00726690980838 0.0460652536569 0.0498228319988 0.00564827383458 0.00891197060279 0.036903543919 0.0726931147399 0.0101138960217 0.0105072882563 0.0583307184223 0.042688841263 0.0279993364023 
0.0253316765013 0.0376465663386 0.0626096817716 0.309846984305 0.0100177200276 0.00610652268831 -0.00013298532264 0.0405591077848 0.0306212173805 -0.0133507675024 0.0246168577152 0.0264579147885 -0.0177395603853 0.0367761701886 -0.00875242220814 0.000871306232762 0.030546306585 0.0490142638401 0.00745122974082 -0.0176527138821 0.0128893373502 0.0111409291365 -0.023308909566 0.0157288883182 0.0301159532517 0.0600260949113 0.0334250775609 0.00542416110589 0.0184851386337 0.0151869313141 0.0257550713793 0.0124143390616 0.00997697263752 0.0173644871202 -0.000339607775324 0.0189739354167 0.0258264177023 0.0172738562267 0.0202585013133 0.0233139972323 0.0183360001602 -0.00734014500754 0.00722998187359 -0.0129308222764 0.044559016582 0.000540488431532 0.0185294941862 0.0478883219545 0.0352546923533 0.00447587099092 
0.0260239992905 0.0145612956584 0.0187335131634 0.0100177200276 0.51644441491 0.0128045380711 -0.00749554314475 0.0173945151713 0.00450475015742 0.00223700139726 0.00766265932806 0.00572105024806 -0.00728070073542 0.00916387275743 -0.008946358342 0.00795766462257 0.0196361614298 0.0120259321833 0.0677291093335 0.021466686172 0.00228258123211 0.0293491519035 -0.0190753304103 0.00981614798305 0.00265920051413 0.0187938098366 0.0388494122004 0.00403280593971 0.0232298070478 -0.00699047268679 0.00499416974678 0.010544130551 0.00637858340341 0.0587092510232 -0.00197892569054 0.0379679848235 0.028571743684 -0.0100267237782 0.00426039399733 0.0336079182644 0.0217203101448 0.0283832835992 0.0266006230889 -0.0347745395723 0.0344524976503 0.0118352625267 -0.00361883224215 0.0322837282091 0.0408860651734 0.0415648527934 
0.0235326116596 -0.0189638720311 0.00612073255892 0.00610652268831 0.0128045380711 0.121940182443 0.0129692468053 0.0151426027672 -0.0170525133152 0.00110333723739 0.0112079541751 0.0569623217064 0.0216976454453 0.0141821550527 0.00980776787327 0.00795392622284 0.0208891582531 0.0233320001204 0.022371561535 0.0168965440048 0.0284413934338 0.0287543013373 -0.00511835486638 0.00050811426501 0.0136167144033 0.0152210423191 0.0199596158625 0.00264972743622 0.0120030087124 0.0197702392086 0.0145829918515 0.0120534932957 0.0309504139961 0.00742197449583 0.0350878838518 0.00357930778918 0.0164348370042 0.00947403198848 0.0274805404738 0.0104824628435 0.00547138893511 0.0129333852118 0.0165713125224 0.00690386837286 0.00435441523765 0.00430766925791 0.000308409237378 0.0253733390802 0.00311112834881 0.00313263671464 
0.0122110653718 0.0142605021284 0.0283545031864 -0.000132985322637 -0.00749554314475 0.0129692468053 0.17890654448 0.00259682718951 0.0105420154122 0.0103417439975 -0.00884304306365 -0.00108928022684 0.00641089953572 0.0233911578561 0.00214713650031 -0.00609119855396 -0.00160160193835 0.00231620887432 0.0044507857788 0.0181350921055 -0.00151890992526 0.00963108315274 0.00852377400628 0.0200123576854 0.00753358222497 -0.00928538469549 -0.0104543348966 -0.00249490503532 -0.0159805573015 0.00702003640905 0.0374131394708 0.043503060157 0.000261157926936 0.0251908756905 0.0135133990705 -0.0129134847529 -5.73753031468e-05 0.013178400251 -0.00318792018618 -0.006055520352 0.0195929973574 0.00261745061971 0.00839158505977 0.0012452025096 0.00128712924028 0.00843089629071 -0.00380920477608 -0.00570730071908 -0.00769844385471 0.0202787440088 
0.0241330180112 0.00470296382395 0.0755871836027 0.0405591077848 0.0173945151713 0.0151426027672 0.00259682718951 0.554721287215 0.00537012938757 -0.0236604580715 0.0224541630283 0.0335077080089 0.0133262435994 0.0128410521675 0.00696142817199 0.0162438255674 0.0364731806225 0.0247488130591 0.0683355263839 0.0113147503958 0.00403352107635 0.0220710298475 -0.0271862437438 -0.00256513825273 0.00592317926484 0.0299225604223 -0.0355329789982 0.0209260257985 -0.0112742020381 0.0147089136797 0.0390816186068 0.0187851036835 0.0235597855297 0.0171617422805 0.0372772402241 0.0273859630737 0.0405798683446 0.0297069461005 0.0315069074125 -0.0166845818967 -0.00771611149251 0.0374379660227 0.0386273319227 -0.0179357745522 0.0263870074163 0.0113077947177 -0.00860841960706 0.0177616946087 0.0542083586286 0.0144480731214 
0.0180031258114 0.178208495184 0.0319304817861 0.0306212173805 0.00450475015742 -0.0170525133151 0.0105420154122 0.00537012938757 0.569200841054 0.0209536509819 0.0259795623574 -0.00432106908501 -0.015807162798 0.0162713590853 -0.01053534253 0.0225655924232 0.0171998986628 -0.0021040751762 0.0112136041383 0.0209345867544 -0.00425452274056 0.00627676741146 -0.0221723160629 -0.00327822716335 -0.021433540148 0.0247289557299 -0.0378492817644 0.0177479822768 -0.00959871551164 0.0170765758955 0.00088682250712 0.0169833357509 0.0118007966391 -0.0126409225964 -0.0166187023945 -0.00662308882037 0.0308818758782 0.0244485690118 0.00966715094453 0.0446200556273 0.0058567209071 0.0095306094017 -0.0122367785215 -0.00804424090388 0.0252230280967 -0.00138490952254 -0.0129169385132 0.0464835799536 0.00935376356935 0.0095686191144 
0.0035686671958 -0.0186843206775 0.0288904959605 -0.0133507675024 0.00223700139726 0.00110333723738 0.0103417439975 -0.0236604580715 0.0209536509819 0.407934239319 0.00922210277754 0.0134645505904 0.00723274733009 0.0233079392864 -0.0032565919021 0.0209551069759 -0.0113539371742 0.0484971728273 -0.0090888841962 0.0135566257959 0.0302689446413 0.017281743777 -0.0259848231412 -0.00261539827279 0.025069902656 0.00357900842822 0.0189258288675 0.00851281817386 0.0282393907103 -0.0170283403552 0.0542824707403 -0.00426238309643 0.0367286543488 -0.0275301271059 -0.00710374743066 0.065301214617 0.0293218447497 0.0140656994325 0.0034677780262 -0.00440049438085 -0.00656849980798 -0.00688999944693 0.00520759398808 0.00360106938571 -0.0293468344379 0.0110621112425 -0.00178914914039 0.0278740005808 0.020730887138 -0.00122206566282 
0.00902600120883 0.047504832922 0.0500090509404 0.0246168577152 0.00766265932806 0.0112079541751 -0.00884304306365 0.0224541630283 0.0259795623574 0.00922210277754 0.42392200892 0.0185170382646 0.0197869622049 0.008700026675 0.00340217692991 0.03611423265 0.00249944006936 -0.0102340802986 0.0427121134159 0.0690612605702 0.0248590494492 0.00976580477346 0.00871778553088 0.0268608460043 0.00767859362571 0.0448955727211 0.0356614387768 0.0124018756634 0.0397713994315 0.0340461533902 0.0215306372782 0.0192883965555 0.00287279449622 0.00557271493288 0.00178327489296 -0.0106505095764 0.0191263740852 0.0252546161579 0.00592409447016 0.0436202348113 -0.0152518851162 0.0211539013991 0.025211097886 0.0625217257488 0.0360500148136 0.0260046288525 -0.00130000411599 0.0256075857533 0.0362145800244 0.0170493691909 
0.0208997201976 0.00777532509099 0.00467697989909 0.0264579147885 0.00572105024806 0.0569623217064 -0.00108928022683 0.0335077080089 -0.00432106908501 0.0134645505904 0.0185170382646 0.199735828285 0.0211329047269 0.0120003962007 0.0195842055662 -0.010980904613 0.0282264464185 0.00969352616362 0.0227330853553 0.0222946331936 0.0232388586591 0.0301685030537 0.0156805685382 0.0034601585921 0.0103215939793 0.0185942276064 0.0155041546454 0.0083177201011 0.0133053938989 0.0205590547711 0.0194098101959 0.0153697006429 0.031903338273 -0.0053046213664 0.0444308147518 0.00818247739634 0.0185763165559 -0.00380380693189 0.0202546929766 -0.0142021059663 0.000419511660594 0.00846611774935 0.0443838944214 0.0310576038891 -0.00238466078523 0.0050133790977 0.0103766939125 0.0219656565476 0.0153896301424 0.000364970898192 
0.0247627556165 -0.000542866411491 0.0102653061444 -0.0177395603853 -0.00728070073542 0.0216976454453 0.00641089953572 0.0133262435994 -0.015807162798 0.00723274733009 0.0197869622049 0.0211329047269 0.275220416655 0.0143353701427 -0.00768189553347 0.0167647410245 -0.0140729732482 -0.000838093714702 0.0161945859713 0.0372772771492 0.00943737555115 0.0149379793583 -0.00572109812225 -0.00152092650442 0.0104694088565 0.0239252751054 0.0385515143642 -0.00451219521642 -0.00196854028754 0.0200200826456 0.0191370809515 -0.00568214589468 0.052033058763 0.00293044398851 0.0123494112327 0.00683510925225 0.0152348039465 0.000133269640542 0.00979934051386 0.00284250531029 0.00840726738671 0.0163095881804 0.0236838083104 0.0232413054058 0.0223311737574 0.0243483837128 -0.00697971538963 0.0473897041921 0.00694722944553 0.0012594643625 
0.0288144002996 0.0035769921089 -0.00317760894316 0.0367761701886 0.00916387275743 0.0141821550527 0.0233911578561 0.0128410521675 0.0162713590853 0.0233079392864 0.008700026675 0.0120003962007 0.0143353701427 0.128257437418 -0.00110880876738 0.00236251831835 0.00496248461841 0.000628552147412 0.0299750019795 -0.00922168021224 -0.00923280421658 0.0295594345913 0.00971240844482 0.00913041192981 0.0138013013116 0.0154751662796 0.0117490018847 0.0162112771162 0.0235395808764 0.0187604878353 0.0185180258905 0.0359187959825 0.0115988979081 0.0274345456744 0.00257311574026 -0.00568722081521 0.0490653279772 0.0149789718142 0.0147502408125 0.016918839524 0.0098577187995 0.00323417689213 0.00409780396319 0.0203148219621 0.0145589718569 0.0204930847184 0.00198370055162 0.00805183272763 0.0223544408388 -0.00124669915908 
-0.00249096250195 0.00158616474782 -0.00602795989813 -0.00875242220814 -0.008946358342 0.00980776787327 0.00214713650031 0.00696142817199 -0.01053534253 -0.0032565919021 0.00340217692991 0.0195842055662 -0.00768189553347 -0.00110880876738 0.217296787426 0.0305143864641 2.82568407077e-05 0.012724841928 0.0439138699385 0.0296055984097 -0.00555092694221 0.00699247769812 -0.0044185008131 0.00100833273227 0.0047250073171 0.0233945024559 0.0139929502461 0.00610615842123 0.0117291657551 -0.00118152780613 -0.00397162480612 0.0024223578207 -0.00868087235151 0.0117000912522 -0.00678643338501 0.0160389635779 0.0128350286835 0.0205598751196 0.00530248874206 -0.0116915641702 0.00108847036222 0.0130013209182 0.0127524140498 0.0167391316702 -0.00951053943314 0.00778687487966 -0.000390969744802 -0.0215107108091 -0.0171715284043 0.00484737125724 
0.0418109018924 -0.00107431062532 -0.0160972507064 0.000871306232762 0.00795766462257 0.00795392622284 -0.00609119855396 0.0162438255674 0.0225655924232 0.0209551069759 0.03611423265 -0.010980904613 0.0167647410245 0.00236251831835 0.0305143864641 2.85353592611 -0.0137738012194 -0.00233565685468 0.17529868219 0.124892379026 0.0039101043085 0.00714297512464 0.0320060789507 0.0220577088693 0.0208218781663 0.000416417175824 0.0609917199416 0.133120648895 -0.00962661601238 0.012910584584 0.01993950177 -0.00756630083224 -0.0176031535114 -0.00728701727056 0.0224694799673 0.0068848017386 0.00295023638933 0.0793566266459 0.00299132885949 -0.0257769759373 0.00902178585823 0.382538140284 0.0258054607044 -0.00466685722002 0.000963171495042 -0.00400385201753 0.0332202145514 0.0200717656846 0.00403980467898 0.00834201961519 
0.0106429810229 0.0268015634677 0.0250567671315 0.030546306585 0.0196361614298 0.0208891582531 -0.00160160193835 0.0364731806225 0.0171998986628 -0.0113539371742 0.00249944006936 0.0282264464185 -0.0140729732482 0.00496248461841 2.82568407059e-05 -0.0137738012194 0.450450331731 0.00460227663795 0.0522891392284 -0.0211427118275 0.024242828515 0.0119953541717 -0.0119870704789 0.00432748113253 0.00385723755692 0.0197998725583 -0.000467766292226 0.00465441014522 -0.0033948314687 0.0400701728448 0.0222301242907 0.00673669917557 0.0108105511846 -0.010700736082 -0.00132107379989 -0.000492355300034 0.0136065284207 -0.0256220743366 0.00210548488442 0.0142796726622 0.0514400038328 0.0217698796228 -0.00478413434413 0.0214528890638 0.0251922571387 0.00869483592143 -0.0028508292593 0.0060157827303 0.0213236974646 -0.00547744997198 
0.036205570185 -0.00232750378245 0.0303258159782 0.0490142638401 0.0120259321833 0.0233320001204 0.00231620887432 0.0247488130591 -0.0021040751762 0.0484971728273 -0.0102340802986 0.00969352616362 -0.0008380937147 0.000628552147411 0.012724841928 -0.00233565685468 0.00460227663794 0.368060859805 -0.00600029463274 0.0128249398617 0.0648222158147 0.0409193661431 0.038355330456 0.0169915009719 0.0242491423561 0.049544661757 0.0175432178032 0.011611811189 0.050291308361 0.0166515561385 0.000737026980884 0.000700180228309 0.013584532665 0.0159549424744 0.0120083055846 0.0388820088729 -0.00283285367579 0.019940836348 0.0186435760662 0.0127993004083 0.04612663501 0.0170389882751 0.0144234464206 0.0260574416357 0.0272563863722 -0.00731502204377 0.0118569090212 0.0180490127767 0.033249258704 0.00136354139245 
0.0347908183438 0.017084022925 0.0150584161314 0.00745122974082 0.0677291093335 0.022371561535 0.0044507857788 0.0683355263839 0.0112136041383 -0.0090888841962 0.0427121134159 0.0227330853553 0.0161945859713 0.0299750019795 0.0439138699385 0.17529868219 0.0522891392284 -0.00600029463274 0.420005640483 0.0147912266341 0.0089691891958 0.0308241195134 -0.0020745490922 -0.00875512518534 0.0263641524749 0.0623988752727 0.0559152808937 0.039985316605 0.0242489070236 0.0528784317282 0.0696331463568 0.0270497472043 0.0375392113482 0.00277109884636 0.0517106369799 0.0430959392456 0.0189760173953 0.0142235680438 0.0145600037421 0.0103184418899 -0.00956051873895 0.0482171562676 0.0195015473781 0.0105393960063 0.0108769905481 -0.000903256963342 -0.00553606833328 0.0178060507563 0.0308801620108 0.0123891203036 
0.0094585601851 0.00769366898505 0.00072948231048 -0.0176527138821 0.021466686172 0.0168965440048 0.0181350921055 0.0113147503958 0.0209345867544 0.0135566257959 0.0690612605702 0.0222946331936 0.0372772771492 -0.00922168021224 0.0296055984097 0.124892379026 -0.0211427118275 0.0128249398617 0.0147912266341 0.447244948452 -0.00308915588341 -0.00263970435677 -0.0317773855134 0.0250123041175 -0.0167646506551 0.00832327937378 0.0546155369643 0.00515173744672 0.0331705107949 0.0114512825217 -0.0160671001321 0.0019033886108 0.0262433125989 0.006816480813 -0.00672801339905 0.127237033243 0.0124574998585 0.0144480026058 0.0128900771442 -0.00677241748796 0.0318204126526 0.014261045626 0.023048183835 0.0413707910573 0.00170084461429 0.00988087598695 0.000660766686025 0.0361653380222 -0.0237413583711 0.0558739893705 
0.0195818900251 0.00225476223856 0.005814460128 0.0128893373502 0.00228258123211 0.0284413934338 -0.00151890992527 0.00403352107635 -0.00425452274056 0.0302689446413 0.0248590494492 0.0232388586591 0.00943737555115 -0.00923280421658 -0.00555092694221 0.0039101043085 0.024242828515 0.0648222158147 0.0089691891958 -0.00308915588341 0.293928927404 0.0115703051028 -0.011066706885 0.010351181042 0.016877406966 0.0263283694558 0.0107325463653 0.0160367220908 0.0415869037522 0.0247840643085 0.0218798388908 0.0133878918162 0.0195303395796 0.0347797705963 0.0157237831358 0.00114997295363 0.00636790747386 -0.00284233736488 0.00649679064742 -0.00278036396262 0.0301677631596 0.016123935879 0.0135254875431 0.0189344751413 0.0112287493461 0.0123170135463 0.0128198935601 0.0211648447682 0.0233219901102 0.0224539756798 
0.0327967362436 0.0161491896172 0.0138602654056 0.0111409291365 0.0293491519035 0.0287543013373 0.00963108315275 0.0220710298475 0.00627676741146 0.017281743777 0.00976580477346 0.0301685030537 0.0149379793583 0.0295594345913 0.00699247769812 0.00714297512464 0.0119953541717 0.0409193661431 0.0308241195134 -0.00263970435677 0.0115703051028 0.165825660171 -0.010247807352 0.00492307474292 0.011791128615 0.0286859262574 0.0356867652211 0.0250308695962 0.0431002527743 0.00963573066499 0.0215702122707 0.0206411943341 0.0314111192872 0.0216142209402 0.0125625904731 0.0199564865383 0.0138892853228 0.00757508498615 0.0331026232008 0.0168194862265 0.00701628565423 0.0043553218153 0.0232824229424 0.0172180461241 0.0191271609684 0.0129509937475 0.0145746017802 0.0213831086634 0.025692059431 0.00437293805686 
-0.0043919937114 -0.00813298873259 -0.0143163403076 -0.023308909566 -0.0190753304103 -0.00511835486638 0.00852377400628 -0.0271862437438 -0.0221723160629 -0.0259848231412 0.00871778553088 0.0156805685382 -0.00572109812225 0.00971240844482 -0.0044185008131 0.0320060789507 -0.0119870704789 0.038355330456 -0.0020745490922 -0.0317773855134 -0.011066706885 -0.010247807352 1.36757827988 -0.00657092507265 9.82789741118e-05 -0.0379625389002 -0.00192716897438 -0.00167148916937 -0.00256778208994 0.0502901065786 0.0439635620546 0.0164243297148 -0.0102272855093 -0.000694498789579 -0.00309880904742 0.0163431603803 0.0121783206315 0.00464256429027 -0.0293678776625 -0.0230187091121 -0.021038069119 0.0123250077908 -0.0242250164235 0.0998454335427 -0.0222350928948 0.00204353313298 -0.0230183565525 -0.0228532112754 0.022879098182 -0.0249922348296 
-0.0042034151665 -0.000320563040753 -0.00404817086162 0.0157288883182 0.00981614798305 0.000508114265009 0.0200123576855 -0.00256513825273 -0.00327822716335 -0.00261539827279 0.0268608460043 0.0034601585921 -0.00152092650442 0.00913041192981 0.00100833273227 0.0220577088693 0.00432748113253 0.0169915009719 -0.00875512518534 0.0250123041175 0.010351181042 0.00492307474292 -0.00657092507265 0.176578209842 0.00458020506816 0.0141689206788 0.00919719492206 0.00917607397709 -0.0131403652608 -0.00257338717724 0.0212605517097 0.0248258555517 -0.00655823888259 0.050562206775 -0.00142699314126 -0.00435457753567 0.0216016101598 0.00708369637706 -0.000230141355108 0.0054048182753 0.0213339747574 0.0175046271424 -0.000213554923706 0.01167173442 0.0168328281037 0.0109199900109 -0.00325520073608 0.0162038185309 -0.00945456028219 -0.00624329932445 
0.0244574411336 0.01626728948 0.0297139834954 0.0301159532517 0.00265920051413 0.0136167144033 0.00753358222497 0.00592317926485 -0.021433540148 0.025069902656 0.00767859362571 0.0103215939793 0.0104694088565 0.0138013013116 0.0047250073171 0.0208218781663 0.00385723755692 0.0242491423561 0.0263641524749 -0.0167646506551 0.016877406966 0.011791128615 9.82789741118e-05 0.00458020506816 0.175957701914 0.0285775366532 0.0210027905245 0.0056266172583 0.0306685314919 0.00822018066168 0.033065396047 0.00767309824527 -0.006026328438 0.000527704627931 0.0241807263427 -0.00403235028547 0.0197832516489 0.0261525219638 0.00108680746254 0.0149094859221 -0.000435764842324 -0.0011225778606 0.0146771957003 0.0148018800568 0.0145392259986 0.00987251054501 0.001374634554 0.00281641296769 0.00363745803484 0.00248863370245 
0.0320796887552 0.0558592896974 0.0562554335702 0.0600260949113 0.0187938098366 0.0152210423191 -0.00928538469549 0.0299225604223 0.0247289557299 0.00357900842822 0.0448955727211 0.0185942276064 0.0239252751054 0.0154751662796 0.0233945024559 0.000416417175825 0.0197998725583 0.049544661757 0.0623988752727 0.00832327937378 0.0263283694558 0.0286859262574 -0.0379625389002 0.0141689206788 0.0285775366532 0.498157544047 0.032767620514 0.0397724477277 0.0289028975555 0.0199089355377 0.0490180499209 0.0196821523754 0.00596321682398 -0.014256425899 0.0405618699151 -0.0101537912933 0.0352184780563 -0.00970393857832 0.0255292890631 0.0306244386493 0.0110885827924 0.00831822342534 0.053537015637 0.0117276292081 0.0441782663777 0.0306030297484 -0.00219457234023 0.0242016286454 0.0360769416794 0.0245109992223 
0.0246684067363 0.0120341097886 0.0205331141358 0.0334250775609 0.0388494122004 0.0199596158625 -0.0104543348966 -0.0355329789982 -0.0378492817644 0.0189258288675 0.0356614387768 0.0155041546454 0.0385515143642 0.0117490018847 0.0139929502461 0.0609917199416 -0.000467766292227 0.0175432178032 0.0559152808937 0.0546155369643 0.0107325463653 0.0356867652211 -0.00192716897438 0.00919719492206 0.0210027905245 0.032767620514 0.821506888912 0.00345648337502 0.0430380247949 -0.0232883143186 0.00797770214973 -0.00654283547468 0.0156204126612 0.0627311133901 -0.0101192511121 0.00861828933779 -0.000817122330299 -0.00041391980417 0.00278956383163 0.000239433834956 -0.0124226375665 0.0153346661132 0.0110915195793 -0.021447573481 0.0270806713106 0.0156043424768 -0.00787090089556 0.0629547502022 0.0135390681025 0.0384529831106 
0.0128127772612 -0.0076416311047 0.024260208234 0.00542416110588 0.00403280593971 0.00264972743622 -0.00249490503532 0.0209260257985 0.0177479822768 0.00851281817386 0.0124018756634 0.0083177201011 -0.00451219521642 0.0162112771162 0.00610615842123 0.133120648895 0.00465441014523 0.011611811189 0.039985316605 0.00515173744672 0.0160367220908 0.0250308695962 -0.00167148916938 0.00917607397708 0.0056266172583 0.0397724477277 0.00345648337502 0.145647735258 0.0134823176025 0.00293158572488 0.00332659654758 0.0211788419575 0.0192301660665 0.00130871080153 0.0318118192987 0.0209285410639 0.0139378862433 0.0143244276599 0.00694708541382 0.00250608354749 0.00867445500333 0.0289178830748 0.00777855992146 0.0143147550005 0.00427987642668 0.0170559915929 0.0144519712933 0.0133384341516 0.0316973023365 0.00529829919425 
0.0086282784066 0.0246923313431 0.0222758820233 0.0184851386337 0.0232298070478 0.0120030087124 -0.0159805573015 -0.0112742020381 -0.00959871551164 0.0282393907103 0.0397713994315 0.0133053938989 -0.00196854028754 0.0235395808764 0.0117291657551 -0.00962661601238 -0.0033948314687 0.050291308361 0.0242489070236 0.0331705107949 0.0415869037522 0.0431002527743 -0.00256778208994 -0.0131403652608 0.0306685314919 0.0289028975555 0.0430380247949 0.0134823176025 0.244713166716 0.0139127573904 -0.0135478360271 0.0238826364978 0.0252115974327 0.0281597490298 0.0072104174699 0.0416854599758 0.0256082699512 0.0247264177436 -0.00216372145183 0.0402408836275 -2.256652175e-05 -0.00424684350651 0.00423921196779 -0.00139533674643 0.015509571516 0.00900160247793 0.0136237885462 0.0182186608502 0.00561208196397 0.00549361890802 
0.0434735506982 0.016098925252 0.0116909180723 0.0151869313141 -0.00699047268679 0.0197702392086 0.00702003640906 0.0147089136797 0.0170765758955 -0.0170283403552 0.0340461533901 0.0205590547711 0.0200200826456 0.0187604878353 -0.00118152780613 0.012910584584 0.0400701728448 0.0166515561385 0.0528784317282 0.0114512825217 0.0247840643085 0.009635730665 0.0502901065786 -0.00257338717724 0.00822018066168 0.0199089355377 -0.0232883143186 0.00293158572488 0.0139127573904 0.25865822887 0.0110772458368 0.0100410144538 0.0100756583037 -0.0167437447023 -0.00260512076254 0.0221636849383 0.00850680128484 0.0146411785522 0.00655916557916 0.0212582225083 -0.0041960901104 0.0210052389895 0.026758660027 0.0349962157067 0.0224591140867 0.0204041167839 0.0294734921877 0.0386012055054 -0.0136267089109 0.0395411346818 
0.0414832282991 0.0195424653802 0.0347458489879 0.0257550713793 0.00499416974678 0.0145829918515 0.0374131394708 0.0390816186068 0.000886822507121 0.0542824707403 0.0215306372782 0.0194098101959 0.0191370809515 0.0185180258905 -0.00397162480611 0.01993950177 0.0222301242907 0.000737026980882 0.0696331463568 -0.0160671001321 0.0218798388908 0.0215702122707 0.0439635620546 0.0212605517097 0.033065396047 0.0490180499209 0.00797770214973 0.00332659654758 -0.0135478360271 0.0110772458368 0.436124958472 0.0107382808565 0.0256321969393 -0.00888876407739 0.0291556987772 0.0620702006976 0.0321278909996 0.0116147115586 0.0030979301727 -0.0211741995089 0.00973933280592 -0.0269740730334 0.0618269743998 0.0220271589219 0.0444381664097 0.0204220124236 0.00533031832015 0.0528849633934 0.00952166842936 0.00865109622439 
0.0169684041269 0.0211955129308 0.0162649970924 0.0124143390616 0.010544130551 0.0120534932957 0.043503060157 0.0187851036835 0.0169833357509 -0.00426238309643 0.0192883965555 0.0153697006429 -0.00568214589467 0.0359187959825 0.0024223578207 -0.00756630083224 0.00673669917557 0.00070018022831 0.0270497472043 0.0019033886108 0.0133878918162 0.0206411943341 0.0164243297148 0.0248258555517 0.00767309824527 0.0196821523754 -0.00654283547468 0.0211788419575 0.0238826364978 0.0100410144538 0.0107382808565 0.186804164643 0.0128906156039 0.0272865889099 -0.00602822518447 -0.0219828938959 0.0382455030758 0.0235188741311 0.00717421727326 -0.00096322547385 0.0105981978169 0.00990124438661 0.00601267656213 0.00325393506053 0.0142971067121 0.00594173276361 -0.00486198746331 0.0126732764143 0.0308269410517 0.00782506683241 
0.010936834068 0.00899972712002 0.0352164287198 0.00997697263752 0.00637858340341 0.0309504139961 0.000261157926936 0.0235597855297 0.0118007966391 0.0367286543488 0.00287279449622 0.031903338273 0.052033058763 0.0115988979081 -0.00868087235151 -0.0176031535114 0.0108105511846 0.013584532665 0.0375392113482 0.0262433125989 0.0195303395796 0.0314111192872 -0.0102272855093 -0.00655823888259 -0.006026328438 0.00596321682398 0.0156204126612 0.0192301660665 0.0252115974327 0.0100756583037 0.0256321969393 0.0128906156039 0.190396156788 -0.00453832917698 0.0461356473933 0.0115065468054 0.020776283512 0.0229752429987 0.0239896406595 0.0056704466118 0.0161851694787 0.0125998538971 0.0158625752593 0.0109026247844 0.0274982419776 0.0195323455845 0.0223040996865 0.0562637405867 0.0123255334837 0.0112672732239 
0.00634845086874 0.0122622040896 0.00626053655818 0.0173644871202 0.0587092510232 0.00742197449583 0.0251908756905 0.0171617422805 -0.0126409225964 -0.0275301271059 0.00557271493288 -0.0053046213664 0.00293044398851 0.0274345456744 0.0117000912522 -0.00728701727056 -0.010700736082 0.0159549424744 0.00277109884636 0.006816480813 0.0347797705963 0.0216142209403 -0.000694498789579 0.050562206775 0.000527704627931 -0.014256425899 0.0627311133901 0.00130871080153 0.0281597490298 -0.0167437447023 -0.00888876407739 0.0272865889099 -0.00453832917698 0.50864586071 -0.00473334454409 -0.00542312811242 0.0182846768338 0.0157841654741 0.00114986181926 0.0466169045727 0.0280836916471 0.0149688934099 0.0207633429587 0.0161086426649 0.0194922478898 0.0155155069095 -0.0050144022829 0.0401012129711 -0.0149266850894 0.0260260091378 
0.0156356983742 0.0202271555099 0.015406204326 -0.000339607775324 -0.00197892569054 0.0350878838518 0.0135133990705 0.0372772402241 -0.0166187023945 -0.00710374743066 0.00178327489296 0.0444308147518 0.0123494112327 0.00257311574026 -0.00678643338501 0.0224694799673 -0.00132107379989 0.0120083055846 0.0517106369799 -0.00672801339905 0.0157237831358 0.0125625904731 -0.00309880904742 -0.00142699314126 0.0241807263427 0.0405618699151 -0.0101192511121 0.0318118192987 0.0072104174699 -0.00260512076254 0.0291556987772 -0.00602822518447 0.0461356473933 -0.00473334454409 0.41794504499 0.0100465649097 -0.00721406950961 0.029731497009 -0.00276802988211 -0.0255992141669 0.0244760181727 0.0351641531086 0.0255575745586 -0.0275549006869 0.0121895888963 0.00800396297723 0.0159706335423 0.00582939216233 0.0216282681871 0.0291478423393 
0.0104525276159 -0.0138657628536 0.0255869173581 0.0189739354167 0.0379679848235 0.00357930778918 -0.0129134847529 0.0273859630737 -0.00662308882037 0.065301214617 -0.0106505095764 0.00818247739634 0.00683510925225 -0.00568722081521 0.0160389635779 0.0068848017386 -0.000492355300033 0.0388820088729 0.0430959392456 0.127237033243 0.00114997295363 0.0199564865383 0.0163431603803 -0.00435457753567 -0.00403235028547 -0.0101537912932 0.00861828933779 0.0209285410639 0.0416854599758 0.0221636849383 0.0620702006976 -0.0219828938959 0.0115065468054 -0.00542312811242 0.0100465649097 1.00420929426 -0.0114060836679 0.0107651836262 -0.0166396587311 -0.0205930278858 0.0521737348176 0.011192760327 0.0139701571459 0.0271002008004 0.0116320709137 0.00916771125748 0.0161552424502 0.022706636331 0.0329258863274 0.0651592666164 
0.0299757683948 0.0225160819504 0.0324268220227 0.0258264177023 0.028571743684 0.0164348370042 -5.737530315e-05 0.0405798683446 0.0308818758782 0.0293218447497 0.0191263740852 0.0185763165559 0.0152348039465 0.0490653279772 0.0128350286835 0.00295023638933 0.0136065284207 -0.00283285367579 0.0189760173953 0.0124574998585 0.00636790747386 0.0138892853228 0.0121783206315 0.0216016101598 0.0197832516489 0.0352184780563 -0.000817122330299 0.0139378862433 0.0256082699512 0.00850680128484 0.0321278909997 0.0382455030758 0.020776283512 0.0182846768338 -0.00721406950961 -0.0114060836679 0.227521169822 0.0121009613353 0.0063814832771 0.0214717870697 0.0159144756193 0.0246914013083 0.0142765887323 0.0125281939931 0.00860639225087 0.0210886713454 0.0183385696105 0.0114430878425 0.0341667493411 0.0228223836757 
0.00979908666287 0.0165593607955 0.0339189708164 0.0172738562267 -0.0100267237782 0.00947403198848 0.013178400251 0.0297069461005 0.0244485690118 0.0140656994325 0.0252546161579 -0.00380380693189 0.000133269640546 0.0149789718142 0.0205598751196 0.0793566266459 -0.0256220743366 0.019940836348 0.0142235680438 0.0144480026058 -0.00284233736488 0.00757508498615 0.00464256429027 0.00708369637706 0.0261525219638 -0.00970393857831 -0.00041391980417 0.0143244276599 0.0247264177436 0.0146411785522 0.0116147115586 0.0235188741311 0.0229752429987 0.0157841654741 0.029731497009 0.0107651836262 0.0121009613353 0.194349602005 0.00438552630764 -0.00542677691633 -0.022309287306 0.0132691873676 0.0124581823042 0.00901852308727 0.0173050602229 0.0166681800807 0.0118745423502 0.0177855356184 0.0383008571425 0.0252909533008 
0.0145315269956 0.0139843124485 0.00726690980837 0.0202585013133 0.00426039399733 0.0274805404738 -0.00318792018618 0.0315069074125 0.00966715094453 0.0034677780262 0.00592409447016 0.0202546929766 0.00979934051386 0.0147502408125 0.00530248874206 0.00299132885949 0.00210548488442 0.0186435760662 0.0145600037421 0.0128900771442 0.00649679064742 0.0331026232008 -0.0293678776625 -0.0002301413551 0.00108680746254 0.0255292890631 0.00278956383163 0.00694708541382 -0.00216372145183 0.00655916557916 0.0030979301727 0.00717421727326 0.0239896406595 0.00114986181926 -0.00276802988211 -0.0166396587311 0.0063814832771 0.00438552630765 0.183190173889 0.00781824342019 0.0197459696458 -0.00063016875285 0.0222801654512 0.00877613687972 0.0135409884001 0.0133354298677 -0.00593084630772 0.0102829058211 0.00409288136179 0.0235136052052 
0.0216363327259 0.0440365871298 0.0460652536569 0.0233139972323 0.0336079182644 0.0104824628435 -0.006055520352 -0.0166845818967 0.0446200556273 -0.00440049438086 0.0436202348113 -0.0142021059664 0.00284250531029 0.016918839524 -0.0116915641702 -0.0257769759373 0.0142796726622 0.0127993004083 0.01031844189 -0.00677241748796 -0.00278036396261 0.0168194862265 -0.0230187091121 0.0054048182753 0.0149094859221 0.0306244386493 0.000239433834954 0.0025060835475 0.0402408836275 0.0212582225083 -0.0211741995089 -0.000963225473848 0.0056704466118 0.0466169045727 -0.0255992141669 -0.0205930278858 0.0214717870697 -0.00542677691634 0.00781824342018 0.26985709637 0.00447646625299 -0.00441795703594 0.0190885742437 0.00503604546173 0.0260698384098 -0.00166860058489 -0.00881837677095 0.0430586294972 -0.00316732555083 0.00640487574678 
-0.00150064153328 0.0476472324086 0.0498228319988 0.0183360001602 0.0217203101448 0.00547138893511 0.0195929973574 -0.00771611149251 0.0058567209071 -0.00656849980798 -0.0152518851162 0.000419511660593 0.00840726738671 0.0098577187995 0.00108847036222 0.00902178585823 0.0514400038328 0.04612663501 -0.00956051873895 0.0318204126526 0.0301677631596 0.00701628565423 -0.021038069119 0.0213339747574 -0.000435764842325 0.0110885827924 -0.0124226375665 0.00867445500333 -2.256652175e-05 -0.0041960901104 0.00973933280592 0.0105981978169 0.0161851694787 0.0280836916471 0.0244760181727 0.0521737348176 0.0159144756193 -0.022309287306 0.0197459696458 0.00447646625299 0.83755713893 0.00976363384941 0.0826190599253 -0.0103857232404 0.0104230553679 0.00999441724717 0.00672777333653 0.0234721275873 0.026224278939 0.000642034916614 
-0.00136891713279 -0.00467831069229 0.00564827383458 -0.00734014500754 0.0283832835992 0.0129333852118 0.00261745061971 0.0374379660227 0.0095306094017 -0.00688999944693 0.0211539013991 0.00846611774935 0.0163095881804 0.00323417689213 0.0130013209182 0.382538140284 0.0217698796228 0.0170389882751 0.0482171562676 0.014261045626 0.016123935879 0.00435532181531 0.0123250077908 0.0175046271424 -0.0011225778606 0.00831822342534 0.0153346661132 0.0289178830748 -0.00424684350651 0.0210052389895 -0.0269740730334 0.00990124438661 0.0125998538971 0.0149688934099 0.0351641531086 0.011192760327 0.0246914013083 0.0132691873676 -0.000630168752853 -0.00441795703594 0.00976363384941 0.222473718477 0.000993619477111 0.0109265404816 0.0026042578642 0.00650937740339 0.0198786650617 0.0138858252123 0.0249188224807 0.0137113417382 
0.0363464530337 0.0374393528623 0.00891197060279 0.00722998187359 0.0266006230889 0.0165713125224 0.00839158505977 0.0386273319227 -0.0122367785215 0.00520759398808 0.025211097886 0.0443838944214 0.0236838083104 0.00409780396319 0.0127524140498 0.0258054607044 -0.00478413434413 0.0144234464206 0.0195015473781 0.023048183835 0.0135254875431 0.0232824229424 -0.0242250164235 -0.000213554923707 0.0146771957003 0.053537015637 0.0110915195793 0.00777855992146 0.00423921196779 0.026758660027 0.0618269743998 0.00601267656213 0.0158625752593 0.0207633429587 0.0255575745586 0.0139701571459 0.0142765887323 0.0124581823042 0.0222801654512 0.0190885742437 0.0826190599253 0.000993619477111 0.263452614873 0.014732490368 0.0255933822248 0.0200853498839 -0.00128588017455 0.0174622215263 0.0209219532916 0.00934244973932 
0.0113990071195 -0.00350242282544 0.036903543919 -0.0129308222764 -0.0347745395723 0.00690386837286 0.0012452025096 -0.0179357745522 -0.00804424090388 0.00360106938571 0.0625217257488 0.0310576038891 0.0232413054058 0.0203148219621 0.0167391316702 -0.00466685722002 0.0214528890638 0.0260574416357 0.0105393960063 0.0413707910573 0.0189344751413 0.0172180461241 0.0998454335427 0.01167173442 0.0148018800568 0.0117276292081 -0.021447573481 0.0143147550005 -0.00139533674643 0.0349962157067 0.0220271589219 0.00325393506053 0.0109026247844 0.0161086426649 -0.0275549006869 0.0271002008004 0.0125281939931 0.00901852308727 0.00877613687971 0.00503604546173 -0.0103857232404 0.0109265404816 0.014732490368 0.34343316648 0.0371784201166 0.0330282714565 0.00280200654525 0.0142681508869 -0.00719112558767 0.0106558918157 
0.0186497445973 0.0247914494299 0.0726931147399 0.044559016582 0.0344524976503 0.00435441523765 0.00128712924029 0.0263870074163 0.0252230280967 -0.0293468344379 0.0360500148136 -0.00238466078524 0.0223311737574 0.0145589718569 -0.00951053943313 0.000963171495042 0.0251922571387 0.0272563863722 0.0108769905481 0.00170084461429 0.011228749346 0.0191271609684 -0.0222350928948 0.0168328281037 0.0145392259986 0.0441782663777 0.0270806713106 0.00427987642668 0.015509571516 0.0224591140867 0.0444381664097 0.0142971067121 0.0274982419776 0.0194922478898 0.0121895888963 0.0116320709137 0.00860639225087 0.0173050602229 0.0135409884001 0.0260698384098 0.0104230553679 0.0026042578642 0.0255933822248 0.0371784201166 0.325683587003 0.0152588146149 -0.0053083741824 0.0586173282827 0.0140821223687 0.00788639622156 
0.0236451951523 0.00684213249026 0.0101138960217 0.000540488431531 0.0118352625267 0.00430766925791 0.00843089629071 0.0113077947177 -0.00138490952254 0.0110621112425 0.0260046288525 0.00501337909769 0.0243483837128 0.0204930847184 0.00778687487966 -0.00400385201753 0.00869483592144 -0.00731502204376 -0.00090325696334 0.00988087598695 0.0123170135463 0.0129509937475 0.00204353313298 0.0109199900109 0.00987251054501 0.0306030297484 0.0156043424768 0.0170559915929 0.00900160247793 0.0204041167839 0.0204220124236 0.00594173276361 0.0195323455845 0.0155155069095 0.00800396297722 0.00916771125748 0.0210886713454 0.0166681800807 0.0133354298677 -0.00166860058489 0.00999441724717 0.00650937740339 0.0200853498839 0.0330282714565 0.0152588146149 0.166122466138 0.0147628643968 0.0154849450096 0.00322296004551 0.0116636085741 
-0.00243070414706 0.00462027695447 0.0105072882563 0.0185294941862 -0.00361883224215 0.000308409237378 -0.00380920477608 -0.00860841960706 -0.0129169385132 -0.0017891491404 -0.00130000411599 0.0103766939125 -0.00697971538963 0.00198370055162 -0.000390969744801 0.0332202145514 -0.0028508292593 0.0118569090212 -0.00553606833328 0.000660766686025 0.0128198935601 0.0145746017802 -0.0230183565525 -0.00325520073609 0.001374634554 -0.00219457234023 -0.00787090089556 0.0144519712933 0.0136237885461 0.0294734921877 0.00533031832015 -0.0048619874633 0.0223040996865 -0.0050144022829 0.0159706335423 0.0161552424502 0.0183385696105 0.0118745423502 -0.00593084630772 -0.00881837677095 0.00672777333652 0.0198786650617 -0.00128588017454 0.00280200654525 -0.0053083741824 0.0147628643968 0.201197782137 0.0109044732086 -0.00655242142939 0.0301400148098 
