40
0.0206658862902 0.0526772687529 0.187838769987 0.0414486045552 0.0519302207626 0.00194148072761 0.0534982218633 0.191301962015 0.0723841835345 0.18030920859 0.133040507733 0.00791209609274 0.0289140833203 0.0559799775446 0.162419244675 -0.00277796207049 0.00646873977314 0.0431320253577 0.070293401022 0.0751688044393 0.101801748802 0.0423549004831 0.0194782181544 0.0277880817415 0.072987431854 0.13588321519 0.142595623168 0.105790735219 0.128291051585 0.0558285331973 0.00792878112812 0.0430779984078 0.0625194128962 0.0411806556966 0.0347685991573 0.09797045465 0.0594362545722 0.165275344352 0.131188957491 0.116406698245 
0.215704222122 0.0347480440802 0.0345496648688 0.0130649001527 0.0242187712414 0.0310101410716 0.0378253984513 0.0430863179572 0.00813169852653 0.0192590895351 0.0339653370104 0.0182406295965 0.0417738014761 0.0161231563772 0.0288185750591 0.00965107676719 0.0211404962011 0.045504605726 0.0203885849045 0.0172023925408 0.0146413547999 0.0152977025119 0.0310905979704 0.0318584290386 0.0153204516408 0.00688241870724 0.0280580763793 0.030371695245 -0.00339441360981 0.035113250722 -0.00498032542443 0.0208342106668 0.0264234571592 0.0182536880132 0.0141262302219 0.00280171693395 0.0423151780678 0.0101354672874 0.0247301591888 0.0471584516335 
0.0347480440802 0.245113263894 0.0364961699879 0.0248854377347 0.0231261942942 0.0192261671908 0.0102804528891 0.0232783992535 0.0119119762355 -0.00652027500566 0.0357123700133 0.000551820568523 -0.00221710857183 0.00793785366553 0.0154287943319 0.0239865472635 0.0324485278711 0.0234957630029 0.0185512725218 0.015378598187 0.00610570978085 0.0216207315536 0.0170697788406 0.0134424812386 0.00519526606364 -0.00714623888776 0.0221158910399 0.0214240319776 0.0206752963264 0.02432039365 0.00487126011161 0.0420018337525 0.0201743202941 -0.00843842357879 0.0203421208574 -0.00215455589038 0.013716818786 -0.0114135803037 0.0283186364091 0.0155427491845 
0.0345496648688 0.0364961699879 0.596584063296 0.00255321388882 0.0287443600919 0.0100624051165 0.0243767230545 0.0703670570211 0.0130054456665 -0.0208103874359 0.220634090925 0.0401223953538 0.0357899693298 0.0211428489259 0.0183233213787 -0.014692612974 0.00780911076266 0.0332308806513 0.0639385557908 -0.0151259315251 0.0152883288518 -0.0223226763585 0.00937114106865 0.00943865922386 0.00527657738522 -0.00746530179274 0.0425412193614 0.0441001533009 -0.00081363755274 -0.0234209859966 0.040137445973 -0.0326332355535 0.0220213911718 0.0102831529122 0.127579288936 0.0144568257701 0.01599603327 -0.0088431710932 0.0266921780757 0.0269337814816 
0.0130649001527 0.0248854377347 0.00255321388882 0.26305814864 0.0216327982948 0.0276314516808 0.0280935068177 0.00988070084391 -0.00203400829187 0.0252774024323 0.000949203049559 0.0190682703313 0.0151102282835 0.0553937602223 0.040224621366 0.010062320269 0.0220997300036 0.0142629545312 -0.00515082162994 0.0135905157073 0.0246901478355 0.00845734193115 0.0227126433644 0.00563776935171 0.00908911065374 0.00810420711615 0.0386186072289 -0.00987384036402 0.0477489062266 0.0081349219274 0.00899147670173 0.019397293159 0.0177708294279 5.90316433372e-06 -0.0015215911994 0.174006236345 0.0162521368868 -0.016943392209 0.00287244364203 0.0020920641022 
0.0242187712414 0.0231261942942 0.0287443600919 0.0216327982948 0.264663773329 0.0151504213159 0.0212371487487 0.0169851172358 0.0361654514411 0.0271567923 0.0626720958587 0.00696163042773 0.0424284787213 0.0125888486819 0.0451561919563 0.00714497351841 0.0274154989384 0.0298498206067 0.020086072089 0.0031564337189 0.0480276533398 -0.00387196960029 0.0224486507205 0.0200857754357 -0.013370848644 -0.000479174611899 0.0245623111109 0.0069334892908 0.00153025288236 0.00402970339504 0.00169478394758 0.00720730759527 0.0290915116309 -0.00966655228177 0.0377116989574 -0.0217812376088 0.0306273848283 0.00525152599403 0.0334992280945 0.0333720865736 
0.0310101410716 0.0192261671908 0.0100624051165 0.0276314516808 0.0151504213159 0.208321194528 0.0320233248091 0.0316514740555 0.0246810842707 0.0207216271846 0.0223117421105 0.0201245299717 0.0142646803411 0.0127829146527 0.0196649406603 0.022229140324 0.0325178856194 0.0143888927543 -0.00303428681498 0.0213877497851 0.0151806495492 0.00450219547148 0.0290961167405 0.0155842866218 0.0105796207353 0.00559942499052 0.0198783282104 0.0340543974813 0.0282236774695 0.0468472604814 -0.0054808067848 0.0171418334152 0.017796495579 0.00952951555108 0.026999285469 0.0452421922393 0.0420814189248 -0.0104498389005 0.0473824798275 0.0323139123174 
0.0378253984513 0.0102804528891 0.0243767230545 0.0280935068177 0.0212371487487 0.0320233248091 0.227141510054 0.0124604573959 0.00224003829863 0.00758386684283 0.00958330062904 0.0089668478995 0.0060515143263 0.0114672822754 0.00056585461499 0.0032135470739 0.0371871276208 0.0523707206968 0.0121464144277 0.0275095577727 0.0198108319238 -0.0232366159096 0.027693541789 0.0209822398716 0.0110290367574 0.0446025415916 -0.00132257802879 0.0252084816849 0.02125927016 0.053368498044 0.00389063751463 0.0137513986183 0.0348697342685 0.0615012257947 -0.00282370210074 0.0145784667488 0.0304528862547 -0.0176824530514 0.0288230616787 0.0255886605493 
0.0430863179572 0.0232783992535 0.0703670570211 0.00988070084391 0.0169851172358 0.0316514740555 0.0124604573959 0.436278219249 0.030424384474 0.0666726261855 0.0137205067341 0.00242245287969 0.0399738789186 0.00481260260531 0.0539017663533 0.0159548064252 0.000631648408236 0.0132468494772 0.0201885554571 -0.0169586884011 0.0115888499463 -0.000417401777519 0.00827317098832 0.0098340191852 0.0410478124687 0.0201186635729 0.0884368843996 0.00766794429993 0.0452352339538 -0.00792845349381 0.0157845222988 0.0224903579964 0.0133891834068 0.0293898946978 0.016707770989 0.0664584797527 0.0282266012528 -0.000294980969099 0.0518937858612 0.0804021651045 
0.00813169852653 0.0119119762355 0.0130054456665 -0.00203400829187 0.0361654514411 0.0246810842707 0.00224003829863 0.030424384474 0.337278038796 -0.00205468337956 0.0384623493319 0.00746727824333 0.0195995283036 0.00260662614077 0.00297625556071 0.00678549705463 0.0137385716476 -0.0100598245849 0.0337961272981 0.0117607934805 0.0169686918984 0.0395397898785 0.00873908409073 0.0466977610774 0.0160354129908 1.01826799292e-05 0.058935081562 0.0246767218098 0.0200950166241 0.0157471162446 0.0119346251357 0.00223582408795 0.0171342810322 0.0106523511373 0.0114864506311 -0.00784537249997 0.0152940151474 -0.00813828456314 0.05401409369 0.0194985167231 
0.0192590895351 -0.00652027500566 -0.0208103874359 0.0252774024323 0.0271567923 0.0207216271846 0.00758386684283 0.0666726261855 -0.00205468337956 0.969401318716 0.00959546062609 0.014177186277 0.0243530475825 0.0851425957818 0.010780091097 0.0199626024738 0.0111744881214 0.03370345396 -0.0219401306867 0.0278208879383 0.000363116288928 0.00188720902379 0.0127986955397 0.0122338295649 0.0174388868316 -0.0210632129181 -0.0237437578575 0.00344005802026 0.0487654556119 0.0150936649662 0.0307136020518 0.0427130092826 0.0170639442262 0.00730847156494 0.0148283221837 -0.00679772677985 0.0021144422928 -0.00806233740489 0.0844612646067 0.0685707438426 
0.0339653370104 0.0357123700133 0.220634090925 0.000949203049559 0.0626720958587 0.0223117421105 0.00958330062904 0.0137205067341 0.0384623493319 0.00959546062609 0.435717142873 0.00618388944505 0.025006763381 0.0014130054887 0.0036936293779 0.0090071472972 0.0117436268751 0.00236232299653 0.0263936049929 0.00416550368876 0.0465548401759 -0.00435312160881 0.0121324948737 0.00845687202756 0.00544451772352 9.9557822613e-05 0.00520641845713 0.00804341810063 -0.00806512544746 -0.00651760487331 0.0126875574751 -0.0128830363775 0.0400693297859 -0.00118335229659 0.11640937727 -0.0295041147277 0.0239232368491 -0.0314187243372 0.00606559310494 0.0164917860604 
0.0182406295965 0.000551820568522 0.0401223953538 0.0190682703313 0.00696163042773 0.0201245299717 0.0089668478995 0.00242245287969 0.00746727824333 0.014177186277 0.00618388944505 0.173314412258 0.0151421812339 0.011667651067 0.0129333547707 0.00230328412017 0.00920010453405 0.0519315762357 0.00311672283285 0.0112190442805 0.00732017502272 0.0139543578688 0.0126263528241 0.0157713244571 0.00700359205083 0.00336312989061 -0.000126408554467 -0.00455440562346 0.0149847330301 0.00847290074842 -0.00415555829905 0.0206228791388 0.00948329787015 0.00919839881729 0.0170655476537 -0.0078479519762 0.013788797715 0.00753838403304 0.0194355962351 0.00800466684209 
0.0417738014761 -0.00221710857183 0.0357899693298 0.0151102282835 0.0424284787213 0.0142646803411 0.0060515143263 0.0399738789186 0.0195995283036 0.0243530475825 0.025006763381 0.0151421812339 0.22505194268 0.013443146417 -0.0135822879379 0.000829321988128 0.0127798271501 -0.0127457242981 0.00544704601319 0.00989577525392 0.00876153286395 0.0258192440444 0.00590327335829 0.00728130363508 0.0298980837613 -0.00384586732163 0.0158831762107 0.0155321101915 0.0130533829913 0.00033891796076 0.0158969467253 0.0103370838329 0.00758912272571 0.0160875826144 0.0252681023454 -0.0138617971246 0.0371151575473 -0.00805927280856 0.0193989302172 0.0222925663103 
0.0161231563772 0.00793785366553 0.0211428489259 0.0553937602223 0.0125888486819 0.0127829146527 0.0114672822754 0.00481260260531 0.00260662614077 0.0851425957818 0.0014130054887 0.011667651067 0.013443146417 0.230187984095 0.032002274035 0.00894015235817 0.00955184445639 0.0105707539437 0.0212315056523 -0.00838235318055 0.020089964365 0.0124791307437 0.00531638346171 -0.00355050665912 0.0132138946144 0.0299922416938 0.0303894499058 0.0177425597627 0.0094640132092 -0.0122173569921 0.000235066966112 0.00275706360136 0.0323334362294 0.0117187482175 0.00813521045649 0.0661054122727 0.0128283363953 0.00548621851017 0.00951703134649 0.0111332159479 
0.0288185750591 0.0154287943319 0.0183233213787 0.040224621366 0.0451561919563 0.0196649406603 0.00056585461499 0.0539017663533 0.00297625556071 0.010780091097 0.0036936293779 0.0129333547707 -0.0135822879379 0.032002274035 1.29884756102 -0.00138476960223 0.0104889215405 0.0244516836475 0.0264209012247 0.00716200694104 0.0307706033669 0.0021976780051 0.0269284886105 0.00886611634277 -0.00461674711972 0.0190001279785 0.00298270731332 0.063674071938 0.012256634364 0.0354031136744 0.0318624021003 0.0334298087739 0.0278359240823 0.000763018149174 0.0144592897148 -0.017448205216 0.0019831765157 0.00717611944108 0.0204575692333 0.000595702843475 
0.00965107676719 0.0239865472635 -0.014692612974 0.010062320269 0.00714497351841 0.022229140324 0.0032135470739 0.0159548064252 0.00678549705463 0.0199626024738 0.0090071472972 0.00230328412017 0.000829321988129 0.00894015235817 -0.00138476960223 0.267887932859 -0.00119214107333 0.0264074500596 -0.00351590793538 -0.0105979201476 0.00230295141724 0.0166545790418 -0.00369652927395 0.0052738386124 0.0127908866263 0.0275926715754 0.0155838244732 0.00933287280447 -0.00300261509267 0.00241324481695 0.000212615154334 0.0264487042664 0.0204844411907 0.00551180646379 0.00821083285695 0.0165004253475 0.0149122410074 -0.000455128002487 0.0285712789977 0.0123868294057 
0.0211404962011 0.0324485278711 0.00780911076266 0.0220997300036 0.0274154989384 0.0325178856194 0.0371871276208 0.000631648408236 0.0137385716476 0.0111744881214 0.0117436268751 0.00920010453405 0.0127798271501 0.00955184445639 0.0104889215405 -0.00119214107333 0.166597684634 0.0360488505233 0.0149407103325 0.0665771774317 0.0138192561483 0.0177238381022 0.0704864246708 0.0350753108453 0.0058832116168 -0.00851821792783 0.0257994683404 0.0183018186358 0.0235874264699 0.0447512534382 0.0115696017164 0.0170981659309 0.0206154872016 0.00920521275146 0.00289666333299 0.0225376225178 0.0229619620245 0.0192370948073 0.0471646453117 0.00959390420864 
0.045504605726 0.0234957630029 0.0332308806513 0.0142629545312 0.0298498206067 0.0143888927543 0.0523707206968 0.0132468494772 -0.0100598245849 0.03370345396 0.00236232299653 0.0519315762357 -0.0127457242981 0.0105707539437 0.0244516836475 0.0264074500596 0.0360488505233 0.372006314643 0.0284361358671 0.0529356722014 0.056176137741 0.0270557411758 0.0488351912433 0.0280974609845 0.0134488716102 0.00516875986643 0.0294471723925 0.0105584327895 0.00638272065528 0.0610494406733 0.00357603342268 -0.00828580812272 0.0399597174629 0.0278916231718 0.0203004559852 0.022708558942 0.0160354716544 0.0279206375418 0.0229151891594 0.077697784229 
0.0203885849045 0.0185512725218 0.0639385557908 -0.00515082162994 0.020086072089 -0.00303428681498 0.0121464144277 0.0201885554571 0.0337961272981 -0.0219401306867 0.0263936049929 0.00311672283285 0.00544704601319 0.0212315056523 0.0264209012247 -0.00351590793538 0.0149407103325 0.0284361358671 0.332455185302 0.0253215053765 0.0143395838052 0.0165498012419 0.0100322511212 -2.96249763558e-05 0.0112684900807 0.0299952520521 0.0237253024334 0.010196718451 0.00835244131225 0.0206698174804 0.0177551507789 0.0171721679841 -0.00387428499983 0.00233111874393 0.00732476055532 -0.0143185208583 -0.00614133436587 0.00395925376671 0.0195320952417 0.0315957554851 
0.0172023925408 0.015378598187 -0.0151259315251 0.0135905157073 0.0031564337189 0.0213877497851 0.0275095577727 -0.0169586884011 0.0117607934805 0.0278208879383 0.00416550368876 0.0112190442805 0.00989577525392 -0.00838235318055 0.00716200694104 -0.0105979201476 0.0665771774317 0.0529356722014 0.0253215053765 0.317749883012 -0.032875157979 0.00736041866706 0.0640461869245 0.0306090035174 -0.0109705673826 -0.0295976882476 0.0155811703266 0.00746992769162 0.0163843020585 0.0806620043015 0.0418165334207 0.0196288492941 0.0564211176961 0.016897265415 -0.00955046528786 -0.00222822735278 0.0164438417546 0.00834741469809 0.0342423192521 0.0420074997532 
0.0146413547999 0.00610570978085 0.0152883288518 0.0246901478355 0.0480276533398 0.0151806495492 0.0198108319238 0.0115888499463 0.0169686918984 0.000363116288928 0.0465548401759 0.00732017502272 0.00876153286395 0.020089964365 0.0307706033669 0.00230295141724 0.0138192561483 0.056176137741 0.0143395838052 -0.032875157979 0.292162514408 0.0246227661275 -0.0102829340111 0.00522801382199 0.0411175057154 0.00801595158408 0.0543480413143 0.0119473977286 0.00921331857409 -0.0101082732413 0.00314448176169 -0.00838302577516 0.00921843754157 0.0285558277382 0.0127000285096 -0.017943565241 0.024457802235 0.00120046647371 0.0141540717171 0.0307454125089 
0.0152977025119 0.0216207315536 -0.0223226763585 0.00845734193115 -0.00387196960029 0.00450219547148 -0.0232366159096 -0.000417401777519 0.0395397898785 0.00188720902379 -0.00435312160881 0.0139543578688 0.0258192440444 0.0124791307437 0.0021976780051 0.0166545790418 0.0177238381022 0.0270557411758 0.0165498012419 0.00736041866706 0.0246227661275 0.213491144844 0.0183442676712 0.0198467162107 0.0223337939114 0.00782560432161 0.0381080358167 0.0128458093348 -0.0129083521902 0.00531310469888 -0.00260721615133 -0.0320555533855 0.00566307264263 -0.00183940233528 0.0124563096755 -0.00607842289488 0.00880675914285 -0.0120630608849 0.0154145401544 0.022136264669 
0.0310905979704 0.0170697788406 0.00937114106865 0.0227126433644 0.0224486507205 0.0290961167405 0.027693541789 0.00827317098832 0.00873908409073 0.0127986955397 0.0121324948737 0.0126263528241 0.00590327335829 0.00531638346171 0.0269284886105 -0.00369652927395 0.0704864246708 0.0488351912433 0.0100322511212 0.0640461869245 -0.0102829340111 0.0183442676712 0.141099546806 0.0361797394196 0.00751045591043 0.0064586271509 0.0346842591845 0.01850197414 0.0112263622624 0.0535617773943 0.0245870044502 0.0238516880221 0.0203091666425 0.00445774060554 0.0217847541225 0.0176767326311 0.0104039698179 0.0207438422024 0.0382684614927 0.030391350442 
0.0318584290386 0.0134424812386 0.00943865922386 0.00563776935171 0.0200857754357 0.0155842866218 0.0209822398716 0.0098340191852 0.0466977610774 0.0122338295649 0.00845687202756 0.0157713244571 0.00728130363508 -0.00355050665912 0.00886611634277 0.0052738386124 0.0350753108453 0.0280974609845 -2.96249763557e-05 0.0306090035174 0.00522801382199 0.0198467162107 0.0361797394196 0.166358579723 0.00447833889015 0.0175479877379 0.027306092323 -0.00641327125609 0.0216292759481 0.0187430734487 0.0136414825298 0.0146804883682 0.0338996534296 0.00941778416789 0.0102487327613 0.0102932979158 0.00246471705744 0.0169569251679 0.0238212404494 0.00327360814653 
0.0153204516408 0.00519526606364 0.00527657738522 0.00908911065374 -0.013370848644 0.0105796207353 0.0110290367574 0.0410478124687 0.0160354129908 0.0174388868316 0.00544451772352 0.00700359205083 0.0298980837613 0.0132138946144 -0.00461674711972 0.0127908866263 0.0058832116168 0.0134488716102 0.0112684900807 -0.0109705673826 0.0411175057154 0.0223337939114 0.00751045591043 0.00447833889015 0.484420308287 -0.019515387271 0.0303732530724 0.00304299139659 -0.0119960251198 -0.00834270847359 0.00387143943931 0.0132943110287 -0.00864649458461 0.0271158303309 -0.00677996206456 0.00779116979832 0.0129015428625 0.005596850938 0.0130796870559 0.00511537359503 
0.00688241870724 -0.00714623888776 -0.00746530179274 0.00810420711614 -0.000479174611899 0.00559942499052 0.0446025415916 0.0201186635729 1.01826799293e-05 -0.0210632129181 9.95578226129e-05 0.00336312989061 -0.00384586732163 0.0299922416938 0.0190001279785 0.0275926715754 -0.00851821792783 0.00516875986643 0.0299952520521 -0.0295976882476 0.00801595158408 0.00782560432161 0.0064586271509 0.0175479877379 -0.019515387271 1.20637533584 0.018337177643 -0.0525723983519 0.00712980223654 0.0641764021481 0.0182900894131 0.00118057514393 0.0225073998998 0.0232927638404 -0.00156198284117 0.0129586770048 0.0325743095323 0.02156669435 0.00683040631743 -0.0242327894347 
0.0280580763793 0.0221158910399 0.0425412193614 0.0386186072289 0.0245623111109 0.0198783282104 -0.00132257802879 0.0884368843996 0.058935081562 -0.0237437578575 0.00520641845713 -0.000126408554467 0.0158831762107 0.0303894499058 0.00298270731332 0.0155838244732 0.0257994683404 0.0294471723925 0.0237253024334 0.0155811703266 0.0543480413143 0.0381080358167 0.0346842591845 0.027306092323 0.0303732530724 0.018337177643 0.445300722931 0.0115349194814 0.0154794368123 0.0237545835681 0.0370280814195 -0.00292092432269 0.0452227338587 0.0155087444538 0.0180169119409 0.0567571274288 0.0535635438382 -0.0114753613435 0.0446019583408 0.0246076857612 
0.030371695245 0.0214240319776 0.0441001533009 -0.00987384036402 0.0069334892908 0.0340543974813 0.0252084816849 0.00766794429993 0.0246767218098 0.00344005802026 0.00804341810063 -0.00455440562346 0.0155321101915 0.0177425597627 0.063674071938 0.00933287280447 0.0183018186358 0.0105584327895 0.010196718451 0.00746992769162 0.0119473977286 0.0128458093348 0.01850197414 -0.00641327125609 0.00304299139659 -0.0525723983519 0.0115349194814 0.346521832446 0.0161468681605 0.00816329415521 0.0046741635994 0.0148878737443 0.0390222996621 0.0221977743513 0.00834975138675 0.0427297071071 0.0304121170055 -0.0159025646089 0.0627518770855 0.0127044751294 
-0.00339441360981 0.0206752963264 -0.000813637552741 0.0477489062266 0.00153025288236 0.0282236774695 0.02125927016 0.0452352339538 0.0200950166241 0.0487654556119 -0.00806512544746 0.0149847330301 0.0130533829913 0.0094640132092 0.012256634364 -0.00300261509267 0.0235874264699 0.00638272065528 0.00835244131225 0.0163843020585 0.00921331857409 -0.0129083521902 0.0112263622624 0.0216292759481 -0.0119960251198 0.00712980223654 0.0154794368123 0.0161468681605 0.499661742259 0.0159255332177 0.00813387528555 0.0416877011126 0.0137506053228 0.0112442088114 0.00125451887588 -0.0014931658059 0.0313176282988 0.016847054796 0.0114439265248 -0.00420257166258 
0.035113250722 0.02432039365 -0.0234209859966 0.0081349219274 0.00402970339504 0.0468472604814 0.053368498044 -0.00792845349381 0.0157471162446 0.0150936649662 -0.00651760487331 0.00847290074842 0.00033891796076 -0.0122173569921 0.0354031136744 0.00241324481695 0.0447512534382 0.0610494406733 0.0206698174804 0.0806620043015 -0.0101082732413 0.00531310469888 0.0535617773943 0.0187430734487 -0.00834270847359 0.0641764021481 0.0237545835681 0.00816329415521 0.0159255332177 0.275278729823 0.0108429837319 0.0485325355962 0.0262518310482 0.0658266701065 -0.00719008273667 -0.0109408869278 0.0192122402454 -0.0184323366613 0.0173184072758 0.044229298905 
-0.00498032542443 0.00487126011161 0.040137445973 0.00899147670173 0.00169478394758 -0.0054808067848 0.00389063751463 0.0157845222988 0.0119346251357 0.0307136020518 0.0126875574751 -0.00415555829905 0.0158969467253 0.000235066966112 0.0318624021003 0.000212615154334 0.0115696017164 0.00357603342268 0.0177551507789 0.0418165334207 0.00314448176169 -0.00260721615133 0.0245870044502 0.0136414825298 0.00387143943931 0.0182900894131 0.0370280814195 0.0046741635994 0.00813387528555 0.0108429837319 0.233841426121 -0.0109601210503 0.0222206085753 0.0185751550515 0.0159766099315 -0.0301600502019 -0.00242888593268 -0.0203316803995 0.0121718869221 0.0220335711795 
0.0208342106668 0.0420018337525 -0.0326332355535 0.019397293159 0.00720730759527 0.0171418334152 0.0137513986183 0.0224903579964 0.00223582408795 0.0427130092826 -0.0128830363775 0.0206228791388 0.0103370838329 0.00275706360136 0.0334298087739 0.0264487042664 0.0170981659309 -0.00828580812272 0.0171721679841 0.0196288492941 -0.00838302577516 -0.0320555533855 0.0238516880221 0.0146804883682 0.0132943110287 0.00118057514393 -0.00292092432269 0.0148878737443 0.0416877011126 0.0485325355962 -0.0109601210503 0.325678897963 0.0378945694263 0.0176580977481 -0.000357506368413 0.00758362506018 0.0200410208945 -0.0149426733763 0.0146093078334 0.0158700742242 
0.0264234571592 0.0201743202941 0.0220213911718 0.0177708294279 0.0290915116309 0.017796495579 0.0348697342685 0.0133891834068 0.0171342810322 0.0170639442262 0.0400693297859 0.00948329787015 0.00758912272571 0.0323334362294 0.0278359240823 0.0204844411907 0.0206154872016 0.0399597174629 -0.00387428499983 0.0564211176961 0.00921843754157 0.00566307264263 0.0203091666425 0.0338996534296 -0.00864649458461 0.0225073998998 0.0452227338587 0.0390222996621 0.0137506053228 0.0262518310482 0.0222206085753 0.0378945694263 0.339472790217 0.0254726477221 0.0165365525653 0.0028418871465 0.0383094237519 0.00685102495181 0.0417979474773 0.022357145275 
0.0182536880132 -0.00843842357879 0.0102831529122 5.90316433383e-06 -0.00966655228177 0.00952951555108 0.0615012257947 0.0293898946978 0.0106523511373 0.00730847156494 -0.00118335229659 0.00919839881729 0.0160875826144 0.0117187482175 0.000763018149174 0.00551180646379 0.00920521275146 0.0278916231718 0.00233111874393 0.016897265415 0.0285558277382 -0.00183940233528 0.00445774060554 0.00941778416789 0.0271158303309 0.0232927638404 0.0155087444538 0.0221977743513 0.0112442088114 0.0658266701065 0.0185751550515 0.0176580977481 0.0254726477221 0.187572805561 -0.00989331326676 0.0299585997475 0.00975327227226 -0.0117588668565 0.0332768738129 0.0151463343811 
0.0141262302219 0.0203421208574 0.127579288936 -0.0015215911994 0.0377116989574 0.026999285469 -0.00282370210074 0.016707770989 0.0114864506311 0.0148283221837 0.11640937727 0.0170655476537 0.0252681023454 0.00813521045649 0.0144592897148 0.00821083285695 0.00289666333299 0.0203004559852 0.00732476055532 -0.00955046528786 0.0127000285096 0.0124563096755 0.0217847541225 0.0102487327613 -0.00677996206456 -0.00156198284117 0.0180169119409 0.00834975138675 0.00125451887589 -0.00719008273667 0.0159766099315 -0.000357506368413 0.0165365525653 -0.00989331326676 0.223469642024 -0.0191069581426 0.0230846960656 -0.00672558030703 0.0140657684144 0.0309184541801 
0.00280171693395 -0.00215455589038 0.0144568257701 0.174006236345 -0.0217812376088 0.0452421922393 0.0145784667488 0.0664584797527 -0.00784537249997 -0.00679772677985 -0.0295041147277 -0.0078479519762 -0.0138617971246 0.0661054122727 -0.017448205216 0.0165004253475 0.0225376225178 0.022708558942 -0.0143185208583 -0.00222822735278 -0.017943565241 -0.00607842289488 0.0176767326311 0.0102932979158 0.00779116979832 0.0129586770048 0.0567571274288 0.0427297071071 -0.0014931658059 -0.0109408869278 -0.0301600502019 0.00758362506018 0.0028418871465 0.0299585997475 -0.0191069581426 0.939134157919 -0.022860517799 0.0071070858947 0.0885974581091 0.00482835275906 
0.0423151780678 0.013716818786 0.01599603327 0.0162521368868 0.0306273848283 0.0420814189248 0.0304528862547 0.0282266012528 0.0152940151474 0.0021144422928 0.0239232368491 0.013788797715 0.0371151575473 0.0128283363953 0.0019831765157 0.0149122410074 0.0229619620245 0.0160354716544 -0.00614133436587 0.0164438417546 0.024457802235 0.00880675914285 0.0104039698179 0.00246471705744 0.0129015428625 0.0325743095323 0.0535635438382 0.0304121170055 0.0313176282988 0.0192122402454 -0.00242888593268 0.0200410208945 0.0383094237519 0.00975327227226 0.0230846960656 -0.022860517799 0.277007058566 -0.0235089501334 0.023585749712 0.0465792264644 
0.0101354672874 -0.0114135803037 -0.0088431710932 -0.016943392209 0.00525152599403 -0.0104498389005 -0.0176824530514 -0.000294980969099 -0.00813828456314 -0.00806233740489 -0.0314187243372 0.00753838403304 -0.00805927280856 0.00548621851017 0.00717611944108 -0.000455128002487 0.0192370948073 0.0279206375418 0.00395925376671 0.00834741469809 0.00120046647371 -0.0120630608849 0.0207438422024 0.0169569251679 0.005596850938 0.02156669435 -0.0114753613435 -0.0159025646089 0.016847054796 -0.0184323366613 -0.0203316803995 -0.0149426733763 0.00685102495181 -0.0117588668565 -0.00672558030703 0.0071070858947 -0.0235089501334 1.37554351287 -0.0160531248923 0.00470759634901 
0.0247301591888 0.0283186364091 0.0266921780757 0.00287244364203 0.0334992280945 0.0473824798275 0.0288230616787 0.0518937858612 0.05401409369 0.0844612646067 0.00606559310494 0.0194355962351 0.0193989302172 0.00951703134649 0.0204575692333 0.0285712789977 0.0471646453117 0.0229151891594 0.0195320952417 0.0342423192521 0.0141540717171 0.0154145401544 0.0382684614927 0.0238212404494 0.0130796870559 0.00683040631743 0.0446019583408 0.0627518770855 0.0114439265248 0.0173184072758 0.0121718869221 0.0146093078334 0.0417979474773 0.0332768738129 0.0140657684144 0.0885974581091 0.023585749712 -0.0160531248923 0.378112466159 0.016260714684 
0.0471584516335 0.0155427491845 0.0269337814816 0.0020920641022 0.0333720865736 0.0323139123174 0.0255886605493 0.0804021651045 0.0194985167231 0.0685707438426 0.0164917860604 0.00800466684209 0.0222925663103 0.0111332159479 0.000595702843475 0.0123868294057 0.00959390420864 0.077697784229 0.0315957554851 0.0420074997532 0.0307454125089 0.022136264669 0.030391350442 0.00327360814653 0.00511537359503 -0.0242327894347 0.0246076857612 0.0127044751294 -0.00420257166259 0.044229298905 0.0220335711795 0.0158700742242 0.022357145275 0.0151463343811 0.0309184541801 0.00482835275906 0.0465792264644 0.00470759634901 0.016260714684 0.542206245339 
0.0186805336061 0.00300926889053 0.00299208874686 0.00113145354301 0.00209740711435 0.00268555699429 0.00327577559671 0.00373138459065 0.000704225749989 0.00166788607912 0.00294148446991 0.00157968486116 0.00361771732909 0.00139630630119 0.00249576181021 0.000835807765426 0.00183082067587 0.00394081445479 0.00176570324745 0.00148977089462 0.00126797852026 0.00132481989948 0.00269252476612 0.00275902088721 0.00132679003184 0.000596034943995 0.00242990069258 0.00263026596382 -0.000293964841704 0.00304089671347 -0.000431308833667 0.00180429557053 0.00228833851557 0.00158081575322 0.00122336742318 0.000242635803902 0.00366460191724 0.000877757215015 0.00214169460972 0.00408404171177 
0.00300926889053 0.0212274313337 0.00316066103503 0.00215514212626 0.00200278717517 0.00166503492046 0.00089031333644 0.0020159685113 0.00103160740292 -0.000564672379456 0.00309278196609 4.77890630671e-05 -0.000192007234615 0.000687438292587 0.00133617278412 0.00207729592793 0.00281012494518 0.00203479276418 0.00160658732764 0.00133182567045 0.000528769977835 0.00187241027739 0.0014782862113 0.00116415302426 0.000449923239053 -0.000618882441831 0.00191529234679 0.00185537559441 0.00179053318494 0.0021062078731 0.00042186350051 0.00363746550352 0.00174714738788 -0.000730788918713 0.00176167934294 -0.000186590013494 0.00118791135278 -0.00098844504911 0.00245246585308 0.00134604156385 
0.00299208874686 0.00316066103503 0.0516656954308 0.000221114808901 0.00248933460551 0.000871429845403 0.00211108614262 0.00609396589698 0.00112630463347 -0.00180223241821 0.0191074727682 0.00347470136371 0.00309950226403 0.00183102442782 0.00158684617956 -0.00127241760834 0.000676288830143 0.00287787868342 0.00553724135962 -0.00130994409566 0.0013240081167 -0.00193320048069 0.00081156462279 0.000817411866553 0.000456965006064 -0.000646514099943 0.00368417766749 0.00381918530694 -7.04630790146e-05 -0.00202831688547 0.00347600478556 -0.0028261210997 0.00190710841814 0.000890547165298 0.0110486905215 0.0012519978375 0.00138529711716 -0.000765841081672 0.00231161042959 0.00233253389831 
0.00113145354301 0.00215514212626 0.000221114808901 0.0227815039395 0.00187345528782 0.00239295390991 0.00243296905855 0.000855693793802 -0.000176150285227 0.00218908726481 8.22033954268e-05 0.00165136065132 0.00130858415505 0.00479724035636 0.00348355439606 0.0008714224974 0.00191389275999 0.00123520809571 -0.000446074238189 0.00117697318531 0.00213822952488 0.000732427296087 0.00196697261407 0.000488245147926 0.000787140072395 0.000701844924011 0.0033444694919 -0.000855099658816 0.00413517657952 0.000704504904693 0.000778684724124 0.00167985486403 0.00153899897309 5.11229027571e-07 -0.000131773663286 0.0150693821092 0.00140747634098 -0.00146734080793 0.000248760916494 0.000181178065885 
0.00209740711435 0.00200278717517 0.00248933460551 0.00187345528782 0.0229205551164 0.00131206497376 0.00183919103203 0.00147095430124 0.00313201996873 0.00235184720171 0.00542756271221 0.000602894880218 0.00367441404166 0.00109022627629 0.00391064093723 0.000618772857631 0.00237425185381 0.00258507029438 0.00173950486914 0.000273355178593 0.00415931678764 -0.000335322403653 0.00194411018046 0.0017394791782 -0.00115794945959 -4.14977386753e-05 0.00212715853977 0.00060045778627 0.000132523787034 0.000348982550982 0.000146772595253 0.000624171147039 0.00251939881069 -0.000837147984303 0.0032659289317 -0.00188631050951 0.00265240933128 0.000454795491946 0.0029011182537 0.00289010747501 
0.00268555699429 0.00166503492046 0.000871429845403 0.00239295390991 0.00131206497376 0.0180411446608 0.00277330127984 0.00274109805993 0.00213744459714 0.00179454555496 0.00193225354704 0.00174283541947 0.00123535755523 0.00110703288237 0.00170303381757 0.00192510002249 0.00281613150237 0.00124611466575 -0.000262776946414 0.00185223346437 0.00131468281555 0.000389901565111 0.00251979762488 0.00134963881143 0.000916222031918 0.000484924428838 0.0017215137215 0.00294919733294 0.00244424216768 0.00405709176746 -0.000474651790887 0.0014845263205 0.00154122172697 0.000825280255299 0.00233820671001 0.00391808878021 0.00364435778161 -0.000904982595327 0.00410344312249 0.00279846689625 
0.00327577559671 0.00089031333644 0.00211108614262 0.00243296905855 0.00183919103203 0.00277330127984 0.0196710317961 0.00107910726476 0.000193993007207 0.000656782134481 0.000829938179685 0.000776551807284 0.000524076513794 0.000993095776285 4.9004447143e-05 0.000278301340226 0.00322049972134 0.0045354374538 0.00105191034593 0.0023823975878 0.00171566837161 -0.00201234996757 0.002398331071 0.00181711527571 0.000955142601118 0.00386269340917 -0.000114538617142 0.002183118553 0.00184110680245 0.00462184750679 0.000336939092458 0.0011909060541 0.00301980756998 0.00532616239021 -0.000244539775196 0.00126253225527 0.00263729731151 -0.00153134535438 0.00249615036286 0.00221604300845 
0.00373138459065 0.0020159685113 0.00609396589698 0.000855693793802 0.00147095430124 0.00274109805993 0.00107910726476 0.0377828020988 0.0026348289849 0.00577401880137 0.00118823073845 0.000209790573328 0.00346183946314 0.000416783611451 0.00466802989708 0.00138172676767 5.47023567793e-05 0.00114721081673 0.00174838018915 -0.00146866549702 0.00100362384542 -3.61480542916e-05 0.000716477624574 0.000851651043568 0.00355484483677 0.00174232737443 0.00765885885216 0.000664063455854 0.00391748617501 -0.000686624213837 0.00136697972974 0.00194772213651 0.00115953729662 0.00254523954229 0.00144693541171 0.00575547317627 0.00244449537474 -2.55461012872e-05 0.00449413368543 0.00696303174997 
0.000704225749989 0.00103160740292 0.00112630463347 -0.000176150285227 0.00313201996873 0.00213744459714 0.000193993007207 0.0026348289849 0.0292091349736 -0.000177940800343 0.00333093716107 0.000646685265585 0.00169736894131 0.000225740445607 0.000257751292373 0.000587641282661 0.00118979520586 -0.000871206364811 0.00292683047897 0.00101851459228 0.0014695318253 0.00342424624951 0.000756826882838 0.00404414473929 0.00138870750102 8.81845949729e-07 0.00510392778068 0.00213706679694 0.0017402794886 0.00136374027042 0.00103356885521 0.000193628045856 0.00148387226495 0.00092252066949 0.000994755804588 -0.000679429188712 0.00132450056435 -0.000704796117491 0.00467775772979 0.00168862108183 
0.00166788607912 -0.000564672379456 -0.00180223241821 0.00218908726481 0.00235184720171 0.00179454555496 0.000656782134481 0.00577401880137 -0.000177940800343 0.083952616847 0.000830991266321 0.00122778034701 0.0021090357866 0.00737356508912 0.000933583274512 0.00172881208679 0.000967739058741 0.00291880473247 -0.0019000710537 0.00240935957104 3.1446793074e-05 0.000163437095685 0.00110839954727 0.00105948071887 0.00151025190099 -0.00182412774724 -0.00205626974859 0.000297917763603 0.0042232123387 0.00130714972969 0.00265987596186 0.00369905511108 0.00147778091886 0.000632932203807 0.00128417037066 -0.000588700407933 0.00018311607404 -0.000698218900652 0.00731456007852 0.00593840061241 
0.00294148446991 0.00309278196609 0.0191074727682 8.22033954268e-05 0.00542756271221 0.00193225354704 0.000829938179685 0.00118823073845 0.00333093716107 0.000830991266321 0.0377342114593 0.000535540535361 0.00216564923544 0.00012236986489 0.000319877687342 0.0007800418375 0.00101702792064 0.000204583172694 0.00228575324213 0.000360743201403 0.00403176742615 -0.000376991389899 0.00105070487719 0.000732386601242 0.000471509065992 8.62196035283e-06 0.00045088906466 0.000696580440841 -0.000698460352221 -0.000564441139211 0.00109877470854 -0.00111570367808 0.00347010575072 -0.000102481315047 0.0100813477954 -0.00255513128704 0.00207181308521 -0.00272094134305 0.00052529577179 0.00142823056821 
0.00157968486116 4.77890630671e-05 0.00347470136371 0.00165136065132 0.000602894880218 0.00174283541947 0.000776551807284 0.000209790573328 0.000646685265585 0.00122778034701 0.000535540535361 0.0150094683857 0.00131135136173 0.00101044822265 0.00112006137876 0.00019947025602 0.000796752424396 0.00449740642787 0.00026991611498 0.000971597735307 0.000633945752983 0.00120848284079 0.00109347423028 0.00136583676311 0.000606528863376 0.00029125559215 -1.09473019424e-05 -0.000394423096906 0.0012977159473 0.000733774729187 -0.000359881905388 0.00178599372334 0.000821277686721 0.000796604704991 0.00147791977976 -0.000679652577907 0.00119414491088 0.00065284320761 0.00168317200773 0.000693224483408 
0.00361771732909 -0.000192007234615 0.00309950226403 0.00130858415505 0.00367441404166 0.00123535755523 0.000524076513794 0.00346183946314 0.00169736894131 0.0021090357866 0.00216564923544 0.00131135136173 0.0194900699532 0.00116421063039 -0.00117626063957 7.18213909636e-05 0.0011067654968 -0.00110381210318 0.0004717280223 0.000856999276004 0.000758771003627 0.0022360121249 0.000511238469376 0.000630579392065 0.00258925000618 -0.000333061880012 0.00137552340913 0.00134512020002 0.00113045612758 2.93511563817e-05 0.00137671597067 0.000895217720037 0.000657237307291 0.00139322552296 0.00218828185365 -0.0012004668452 0.00321426693014 -0.000697953498824 0.00167999663744 0.00193059287403 
0.00139630630119 0.000687438292587 0.00183102442782 0.00479724035636 0.00109022627629 0.00110703288237 0.000993095776285 0.000416783611451 0.000225740445607 0.00737356508912 0.00012236986489 0.00101044822265 0.00116421063039 0.0199348641872 0.00277147822932 0.000774239905588 0.000827213995223 0.000915454145241 0.00183870232555 -0.000725933079785 0.00173984195012 0.00108072442412 0.00046041231341 -0.00030748289631 0.0011443568419 0.00259740432233 0.00263180356254 0.00153655074827 0.000819607586092 -0.00105805415222 2.03573964243e-05 0.000238768711863 0.00280015771663 0.00101487336569 0.000704529892045 0.00572489663558 0.00111096652066 0.000475120460052 0.000824199091467 0.00096416478367 
0.00249576181021 0.00133617278412 0.00158684617956 0.00348355439606 0.00391064093723 0.00170303381757 4.9004447143e-05 0.00466802989708 0.000257751292373 0.000933583274512 0.000319877687342 0.00112006137876 -0.00117626063957 0.00277147822932 0.112483498349 -0.000119924565392 0.00090836725124 0.0021175779204 0.00228811716515 0.000620247995302 0.00266481242055 0.000190324498176 0.00233207552222 0.000767828198575 -0.000399822028853 0.00164545935046 0.000258310030539 0.00551433638607 0.00106145567241 0.00306599958151 0.00275936496445 0.00289510636419 0.00241066173931 6.60793100733e-05 0.00125221122137 -0.00151105889675 0.000171748124278 0.000621470173656 0.00177167746557 5.15893795556e-05 
0.000835807765426 0.00207729592793 -0.00127241760834 0.0008714224974 0.000618772857631 0.00192510002249 0.000278301340226 0.00138172676767 0.000587641282661 0.00172881208679 0.0007800418375 0.00019947025602 7.18213909636e-05 0.000774239905588 -0.000119924565392 0.0231997755223 -0.00010324244544 0.00228695226008 -0.000304486558941 -0.000917806807506 0.000199441443101 0.00144232885395 -0.000320128825707 0.00045672782138 0.00110772327553 0.00238959545425 0.00134959878819 0.000808250493896 -0.000260034094804 0.000208993131703 1.84130124883e-05 0.00229052497919 0.00177400464535 0.000477336441838 0.000711078984035 0.00142897875242 0.00129143795398 -3.94152412128e-05 0.00247434534306 0.00107273089377 
0.00183082067587 0.00281012494518 0.000676288830143 0.00191389275999 0.00237425185381 0.00281613150237 0.00322049972134 5.47023567793e-05 0.00118979520586 0.000967739058741 0.00101702792064 0.000796752424396 0.0011067654968 0.000827213995223 0.00090836725124 -0.00010324244544 0.0144277827105 0.00312192203304 0.00129390346985 0.00576575269681 0.00119678268858 0.00153492940491 0.00610430343869 0.00303761102377 0.000509501071598 -0.000737699312047 0.00223429949869 0.00158498398741 0.00204273105329 0.00387557223287 0.0010019568998 0.00148074460543 0.0017853535628 0.000797194809 0.000250858403258 0.00195181536413 0.0019885642434 0.00166598127982 0.00408457810004 0.000830856476615 
0.00394081445479 0.00203479276418 0.00287787868342 0.00123520809571 0.00258507029438 0.00124611466575 0.0045354374538 0.00114721081673 -0.000871206364811 0.00291880473247 0.000204583172694 0.00449740642787 -0.00110381210318 0.000915454145241 0.0021175779204 0.00228695226008 0.00312192203304 0.0322166918849 0.00246264160463 0.00458436368928 0.00486499623702 0.00234309591765 0.00422925162154 0.00243331149944 0.00116470644667 0.000447627735039 0.00255019993615 0.000914387101982 0.000552759823273 0.00528703665099 0.000309693578882 -0.000717572032516 0.00346061304509 0.00241548542195 0.00175807105916 0.00196661889271 0.00138871258144 0.0024179981401 0.00198451359446 0.006728825496 
0.00176570324745 0.00160658732764 0.00553724135962 -0.000446074238189 0.00173950486914 -0.000262776946414 0.00105191034593 0.00174838018915 0.00292683047897 -0.0019000710537 0.00228575324213 0.00026991611498 0.0004717280223 0.00183870232555 0.00228811716515 -0.000304486558941 0.00129390346985 0.00246264160463 0.0287914636091 0.00219290669181 0.0012418443855 0.00143325483031 0.000868818432809 -2.56559821106e-06 0.000975879867216 0.002597665027 0.00205467146198 0.000883061721376 0.000723342636003 0.00179005870297 0.00153764116226 0.00148715337123 -0.000335522923136 0.000201880805148 0.000634342871754 -0.00124002028079 -0.000531855157398 0.0003428814342 0.00169152906684 0.00273627269018 
