30
0.0896854693356 0.142595623168 0.100886603299 0.0206658862902 0.0408230851415 0.0625194128962 -0.0142899737039 0.0444525953717 0.046041615311 0.0123351660469 0.0147816990943 0.073470583658 0.101218808556 0.0916953774684 0.0201569416701 0.0771685990004 0.0716337087719 0.0916609470377 0.00413185853021 0.11775000089 0.134581744136 0.12825177486 0.0205855922537 0.0368602928082 -0.00662659235152 0.0751688044393 0.0170913584406 0.0511719962834 0.110955558587 0.0479071153807 
0.254653276911 0.0393264850238 0.0267852241994 0.00701484167888 0.00893706494588 0.041426137329 0.0303350270617 0.0270248761861 0.0292636541634 0.00761031403485 0.0180108518939 0.0180214505589 0.0390225068879 0.0620157153283 0.00678958673737 0.0277922962792 -0.00303851070437 -0.0048031176783 0.00542158561166 0.0118637427183 0.0278197768633 0.00306169287961 0.0160811682675 0.0150364113019 0.0278876531285 0.0361084003161 0.0247807157556 -0.0063265734023 0.0254717577715 0.00363747105235 
0.0393264850238 0.46214127412 -0.00882135891105 0.0295099894528 0.00440327670387 0.0439053429116 0.0229945906753 0.0100333073856 0.0210423666863 0.0145457122182 0.014840701005 0.0657221915234 -0.00745822966496 0.0636780199589 0.0427024833185 0.0481619067037 0.00776459411432 0.0311253719065 0.0537460145618 0.0324227343936 0.0440299484687 -0.00486702701525 0.00831629513678 -0.00147450113408 0.015536910279 0.00881251211671 0.024104990667 0.0203910696144 0.0185868269111 0.0109994693286 
0.0267852241994 -0.00882135891105 0.377989107952 -0.0027129604349 -0.000449306599901 0.0144207986073 0.00355146571194 0.00940030371053 0.000821236369187 -0.00997230495295 0.0080039757167 0.00838840834244 0.0326095816884 -0.000433575507436 0.000205452739949 0.0108608278288 -0.00488995138921 -0.0109036332494 -0.000816918132876 0.0131211939227 -0.00417193031154 0.0111154652705 0.0124688998597 -0.0051348684401 0.0101219316856 0.00292804052676 -0.00243530075242 0.0235359686062 0.0182134146694 0.0112696018691 
0.00701484167888 0.0295099894528 -0.0027129604349 0.193675956834 0.0231254818062 0.018980305732 0.00904358606734 0.0264988983889 0.0285404890995 0.0107454727132 0.0065217413507 0.0318921042775 0.0316627472928 0.0524719846248 0.0139204433444 0.0739612431576 0.018681297643 0.00960003191239 0.0332061085311 0.100675926526 0.0233225145615 0.0162854932929 0.0161129599332 0.0210958563761 0.0319784624067 0.0048523733154 0.0418340810436 0.029087039598 0.0657892900014 0.0376732849841 
0.00893706494588 0.00440327670387 -0.000449306599901 0.0231254818062 0.18738122819 0.0370137657336 0.00791202349615 0.00485029588036 0.0494095269292 -0.00702114564374 0.014757635407 0.00722530332295 0.0125992511091 0.0454395394223 0.0105057337939 0.0315167106911 0.0156521096096 0.087718270154 0.0168698172997 0.0172358611756 0.0435590954243 0.0127953435333 0.00095443971436 0.0155396724516 0.019193656201 0.0206364574788 0.0339127302135 -0.00128715867033 0.012411101846 0.0179270715447 
0.041426137329 0.0439053429116 0.0144207986073 0.018980305732 0.0370137657336 0.329422852589 0.00322907281314 0.0126045781592 0.0301422270722 0.00685135260047 0.0282702217507 0.0503911001251 0.0632599363901 0.0191373222246 0.0357388474398 0.042630219667 0.00998820000114 0.0128098724961 0.0462870105699 0.0955101768068 0.0268801392857 -0.0105752396442 0.00651433750476 -0.017511728433 0.018759821569 0.0496618302445 0.0297529210361 -0.0046116253734 0.0191664599057 0.000206229155365 
0.0303350270617 0.0229945906753 0.00355146571194 0.00904358606734 0.00791202349615 0.00322907281314 0.187492813574 0.00748550982043 0.0355845273643 0.00814698074715 0.0336164114154 0.00331188558652 0.0287154989603 0.0422930198481 0.0106847815475 0.0182145372638 0.0156182713593 -0.00578790702843 0.0168644128218 -0.00822811739641 0.00854251935233 0.000664312234595 0.0190205231627 0.0220907532087 0.0152406716612 0.00667280245741 0.0272460021854 0.00211002301143 0.00878686130704 0.00569489734882 
0.0270248761861 0.0100333073856 0.00940030371053 0.0264988983889 0.00485029588036 0.0126045781592 0.00748550982043 0.252916989554 0.0134085558922 0.00787397155222 0.0142806052857 0.0886228549503 0.00780226625233 0.0615146254344 0.00340123433297 0.0291913471298 0.00872437565702 0.00531934300666 0.0310052929431 0.011638694087 -0.0062640515524 0.0875979264504 0.00385283220168 0.00836704645999 0.0363710791799 0.000850609345943 0.013333157919 -0.00210928059145 -0.00829446479537 0.00173976534384 
0.0292636541634 0.0210423666863 0.000821236369187 0.0285404890995 0.0494095269292 0.0301422270722 0.0355845273643 0.0134085558922 0.279146106627 0.0101705925902 0.0305284921652 0.0132565933718 0.0342636153026 0.0321637179806 0.0457322292676 0.0472005902645 0.0184706753631 0.0155901976722 0.0122055668874 0.0147671458744 0.0280658883704 -0.00405676021942 0.0185326322914 0.0116787826249 0.021428114079 0.0735005554012 0.0953680746026 0.0125098246941 0.0177106731906 0.0266763406081 
0.00761031403485 0.0145457122182 -0.00997230495295 0.0107454727132 -0.00702114564374 0.00685135260047 0.00814698074715 0.00787397155222 0.0101705925902 0.228162894177 0.0295219747367 0.0130174518905 0.0133475764655 0.031219706383 0.00979212050126 0.0109891466343 0.00144221302257 0.0108888323669 -0.00318166635138 0.0400284052612 0.00970095755737 0.0222238237995 0.00389827150871 -0.00648542003375 0.005856487466 0.0274248404186 0.00617239080587 -0.00443438763119 0.0183771226862 0.0189955063006 
0.0180108518939 0.014840701005 0.0080039757167 0.0065217413507 0.014757635407 0.0282702217507 0.0336164114154 0.0142806052857 0.0305284921652 0.0295219747367 0.208872231969 0.025444290026 0.0349125391376 0.0451466279082 0.0281320077509 -0.00252364041081 0.0124543975375 -0.00260996943626 0.0143959362944 0.0339407802864 0.019174862581 0.00564686023484 0.022142223488 -0.00354747534883 0.0185700197895 0.059919359624 0.0166108099876 0.016010480631 0.0034879232338 0.0156178603893 
0.0180214505589 0.0657221915234 0.00838840834244 0.0318921042775 0.00722530332295 0.0503911001251 0.00331188558652 0.0886228549503 0.0132565933718 0.0130174518905 0.025444290026 0.438096185877 0.00589627766895 0.0183909900586 0.0319728425682 0.0408793136943 -0.00354125797365 0.0357482378813 0.0321884283291 0.0449116272836 0.00695016343656 0.166944671706 0.00940475458044 0.00262133699789 0.0275319135864 0.00341030802441 0.0249366057613 0.0206202606544 0.017550172635 0.0479413114423 
0.0390225068879 -0.00745822966496 0.0326095816884 0.0316627472928 0.0125992511091 0.0632599363901 0.0287154989603 0.00780226625233 0.0342636153026 0.0133475764655 0.0349125391376 0.00589627766895 0.3309811777 0.0444599285279 0.0306584154526 0.0206514724708 0.0208118645432 0.00793899985272 0.018833536815 0.0463594511426 0.0727490134792 0.00451759702241 0.0215182448201 0.0224070389989 0.0167905081733 0.0267764194183 0.0150471863322 0.03285955934 0.0344947315573 0.0196492659549 
0.0620157153283 0.0636780199589 -0.000433575507435 0.0524719846248 0.0454395394223 0.0191373222246 0.0422930198481 0.0615146254344 0.0321637179806 0.031219706383 0.0451466279082 0.0183909900586 0.0444599285279 0.52325641561 0.0194127328464 0.0534491351709 0.0289447163738 0.022573687354 0.013479272544 0.0153736244426 0.038346158355 0.0312155191244 -0.00223363295368 0.014896621625 0.0336829273096 0.0681772078608 0.0466367241579 0.00147339804367 0.0556273145117 0.0268682002848 
0.00678958673737 0.0427024833185 0.000205452739949 0.0139204433444 0.0105057337939 0.0357388474398 0.0106847815475 0.00340123433297 0.0457322292676 0.00979212050126 0.0281320077509 0.0319728425682 0.0306584154526 0.0194127328464 0.189369238505 0.0195239371868 0.0149590272822 0.000631397372337 -0.000414808982504 0.0488134913252 0.0199348891957 0.0077423699647 -0.00887049152228 0.00460840030268 0.0121667995224 0.0203082486626 0.0135356015701 -0.00953792040339 0.00226678028089 0.0206641838763 
0.0277922962792 0.0481619067037 0.0108608278288 0.0739612431576 0.0315167106911 0.042630219667 0.0182145372638 0.0291913471298 0.0472005902645 0.0109891466343 -0.00252364041081 0.0408793136943 0.0206514724708 0.0534491351709 0.0195239371868 0.204223891639 0.0234891368366 0.00332628252615 0.0462695861001 0.0440194431076 0.0208782270058 -0.0068383614478 0.0148691857682 0.0110151307765 0.0321968901762 0.0177060843486 0.037562807404 0.00425992370279 0.0377474879211 0.0290500655798 
-0.00303851070437 0.00776459411432 -0.00488995138921 0.018681297643 0.0156521096096 0.00998820000114 0.0156182713593 0.00872437565702 0.0184706753631 0.00144221302257 0.0124543975375 -0.00354125797365 0.0208118645432 0.0289447163738 0.0149590272822 0.0234891368366 0.186961790388 0.00406164705084 0.0161892200987 0.0108651567198 0.0137181153846 0.00986706086577 0.00128511160912 0.0100685481828 0.00784711770786 0.0202036552369 0.00494057721806 -0.004838365231 0.0138465792934 0.0272902647432 
-0.0048031176783 0.0311253719065 -0.0109036332494 0.00960003191239 0.087718270154 0.0128098724961 -0.00578790702843 0.00531934300666 0.0155901976722 0.0108888323669 -0.00260996943626 0.0357482378813 0.00793899985272 0.022573687354 0.000631397372337 0.00332628252615 0.00406164705084 0.429561398874 0.00190773540035 -0.00280410457314 0.0471071213898 0.0385312178488 -0.0080337011957 -0.0226527745226 0.00209638990694 0.00272185482904 -0.00852197996838 -0.0168131026291 0.00191014780608 0.0191038252411 
0.00542158561166 0.0537460145618 -0.000816918132876 0.0332061085311 0.0168698172997 0.0462870105699 0.0168644128218 0.0310052929431 0.0122055668874 -0.00318166635138 0.0143959362944 0.0321884283291 0.018833536815 0.013479272544 -0.000414808982504 0.0462695861001 0.0161892200987 0.00190773540035 0.189447614702 0.0133623581254 -0.0136884665025 0.0202326025597 0.0151569757883 0.0091460868987 0.0518497654175 -0.0176329184581 0.0181774019723 0.00863579536777 0.0094293029374 0.0058473207459 
0.0118637427183 0.0324227343936 0.0131211939227 0.100675926526 0.0172358611756 0.0955101768068 -0.00822811739641 0.011638694087 0.0147671458744 0.0400284052612 0.0339407802864 0.0449116272836 0.0463594511426 0.0153736244426 0.0488134913252 0.0440194431076 0.0108651567198 -0.00280410457314 0.0133623581254 0.890216787191 0.0514391329523 0.00144367297743 0.000134125784598 -0.00220350508613 0.0393884749871 0.0679002710502 0.0550383937489 -0.00778973930063 -0.00337400190004 0.0558182251118 
0.0278197768633 0.0440299484687 -0.00417193031154 0.0233225145615 0.0435590954243 0.0268801392857 0.00854251935233 -0.0062640515524 0.0280658883704 0.00970095755737 0.019174862581 0.00695016343656 0.0727490134792 0.038346158355 0.0199348891957 0.0208782270058 0.0137181153846 0.0471071213898 -0.0136884665025 0.0514391329523 0.381281187867 0.013092945316 0.00539167575061 -0.0299794325422 -0.00973949021189 0.0248411495236 0.0226794600817 -3.73875289446e-05 0.0563924212314 -0.0131404825924 
0.00306169287961 -0.00486702701525 0.0111154652705 0.0162854932929 0.0127953435333 -0.0105752396442 0.000664312234595 0.0875979264504 -0.00405676021942 0.0222238237995 0.00564686023484 0.166944671706 0.00451759702241 0.0312155191244 0.0077423699647 -0.0068383614478 0.00986706086577 0.0385312178488 0.0202326025597 0.00144367297743 0.013092945316 0.519532268136 0.00732779602764 -0.01994610367 0.0251399315832 -0.00980963558244 0.0149867110007 0.015392365761 -0.0247340667488 0.0399271023446 
0.0160811682675 0.00831629513678 0.0124688998597 0.0161129599332 0.00095443971436 0.00651433750476 0.0190205231627 0.00385283220168 0.0185326322914 0.00389827150871 0.022142223488 0.00940475458044 0.0215182448201 -0.00223363295368 -0.00887049152228 0.0148691857682 0.00128511160912 -0.0080337011957 0.0151569757883 0.000134125784598 0.00539167575061 0.00732779602764 0.168274046651 -0.00273674432943 0.0021654325733 0.0199636016205 0.0240901694039 0.0172947785286 0.0308959270108 0.0168858704945 
0.0150364113019 -0.00147450113408 -0.0051348684401 0.0210958563761 0.0155396724516 -0.017511728433 0.0220907532087 0.00836704645999 0.0116787826249 -0.00648542003375 -0.00354747534883 0.00262133699789 0.0224070389989 0.014896621625 0.00460840030268 0.0110151307765 0.0100685481828 -0.0226527745226 0.0091460868987 -0.00220350508613 -0.0299794325422 -0.01994610367 -0.00273674432943 0.334461086338 0.00901262012226 -0.00146094110516 0.00970697931181 0.0151242869305 -0.0063465480655 0.00573232286341 
0.0278876531285 0.015536910279 0.0101219316856 0.0319784624067 0.019193656201 0.018759821569 0.0152406716612 0.0363710791799 0.021428114079 0.005856487466 0.0185700197895 0.0275319135864 0.0167905081733 0.0336829273096 0.0121667995224 0.0321968901762 0.00784711770786 0.00209638990694 0.0518497654175 0.0393884749871 -0.00973949021189 0.0251399315832 0.0021654325733 0.00901262012226 0.172681135273 0.00211039594487 0.00566599685715 0.00842176100689 0.00740388790614 0.0201056143763 
0.0361084003161 0.00881251211671 0.00292804052676 0.0048523733154 0.0206364574788 0.0496618302445 0.00667280245741 0.000850609345943 0.0735005554012 0.0274248404186 0.059919359624 0.00341030802441 0.0267764194183 0.0681772078608 0.0203082486626 0.0177060843486 0.0202036552369 0.00272185482904 -0.0176329184581 0.0679002710502 0.0248411495236 -0.00980963558244 0.0199636016205 -0.00146094110516 0.00211039594487 0.320460070977 0.0488438149156 0.041022011217 0.0497924169413 -0.00304888713653 
0.0247807157556 0.024104990667 -0.00243530075242 0.0418340810436 0.0339127302135 0.0297529210361 0.0272460021854 0.013333157919 0.0953680746026 0.00617239080587 0.0166108099876 0.0249366057613 0.0150471863322 0.0466367241579 0.0135356015701 0.037562807404 0.00494057721806 -0.00852197996838 0.0181774019723 0.0550383937489 0.0226794600817 0.0149867110007 0.0240901694039 0.00970697931181 0.00566599685715 0.0488438149156 0.198010928847 0.00689473764886 0.0498784548268 0.00343817291866 
-0.0063265734023 0.0203910696144 0.0235359686062 0.029087039598 -0.00128715867033 -0.0046116253734 0.00211002301143 -0.00210928059145 0.0125098246941 -0.00443438763119 0.016010480631 0.0206202606544 0.03285955934 0.00147339804367 -0.00953792040339 0.00425992370279 -0.004838365231 -0.0168131026291 0.00863579536777 -0.00778973930063 -3.73875289448e-05 0.015392365761 0.0172947785286 0.0151242869305 0.00842176100689 0.041022011217 0.00689473764886 0.317778541753 0.0492099945798 -0.00577110031542 
0.0254717577715 0.0185868269111 0.0182134146694 0.0657892900014 0.012411101846 0.0191664599057 0.00878686130704 -0.00829446479537 0.0177106731906 0.0183771226862 0.0034879232338 0.017550172635 0.0344947315573 0.0556273145117 0.00226678028089 0.0377474879211 0.0138465792934 0.00191014780608 0.0094293029374 -0.00337400190004 0.0563924212314 -0.0247340667488 0.0308959270108 -0.0063465480655 0.00740388790614 0.0497924169413 0.0498784548268 0.0492099945798 0.485858586873 -0.00424947015981 
0.00363747105235 0.0109994693286 0.0112696018691 0.0376732849841 0.0179270715447 0.000206229155365 0.00569489734882 0.00173976534384 0.0266763406081 0.0189955063006 0.0156178603893 0.0479413114423 0.0196492659549 0.0268682002848 0.0206641838763 0.0290500655798 0.0272902647432 0.0191038252411 0.0058473207459 0.0558182251118 -0.0131404825924 0.0399271023446 0.0168858704945 0.00573232286341 0.0201056143763 -0.00304888713653 0.00343817291866 -0.00577110031542 -0.00424947015981 0.233106113459 
0.0220536206962 0.00340577350722 0.00231966846028 0.000607503109744 0.000773972527841 0.00358760873075 0.002627090406 0.00234042293113 0.00253430679131 0.000659072528496 0.00155978552839 0.00156070339971 0.00337944822842 0.00537071849082 0.000587995459576 0.00240688346073 -0.000263142745965 -0.000415962192678 0.000469523086849 0.0010274302578 0.00240926334912 0.000265150381233 0.00139267002422 0.00130219141692 0.00241514160612 0.00312707919638 0.00214607293683 -0.00054789732853 0.00220591893092 0.000315014233686 
0.00340577350722 0.0400226083525 -0.000763952091287 0.00255564005315 0.000381334948544 0.00380231423233 0.00199138996744 0.000868909907991 0.00182232241061 0.00125969562971 0.00128524240803 0.00569170874516 -0.000645901635711 0.00551467829471 0.00369814353585 0.00417094347001 0.000672433575308 0.00269553627733 0.00465454139627 0.0028078911645 0.00381310539012 -0.000421496903611 0.000720212285382 -0.000127695544002 0.00134553589979 0.000763185936423 0.00208755342756 0.00176591842964 0.00160966642808 0.000952581986675 
0.00231966846028 -0.000763952091287 0.0327348169841 -0.000234949265608 -3.89110929602e-05 0.00124887779368 0.000307565952721 0.000814090181661 7.11211558228e-05 -0.000863626942354 0.000693164630193 0.000726457472187 0.00282407261489 -3.75487403898e-05 1.77927292073e-05 0.000940575280589 -0.000423482212633 -0.00094428233875 -7.07471855883e-05 0.0011363287265 -0.000361299763262 0.000962627529913 0.00107983840357 -0.000444692651422 0.000876584997506 0.000253575747949 -0.000210903231745 0.00203827467156 0.00157732797933 0.000975976150922 
0.000607503109744 0.00255564005315 -0.000234949265608 0.016772829872 0.00200272547189 0.00164374269355 0.000783197527562 0.00229487191771 0.00247167885966 0.000930585234534 0.000564799368662 0.00276193724844 0.00274207435091 0.00454420716721 0.00120554575682 0.006405231547 0.00161784783345 0.000831387151327 0.00287573335488 0.0087187909921 0.00201978900904 0.00141036509049 0.00139542326323 0.00182695475363 0.00276941608181 0.000420227855978 0.00362293769277 0.00251901152128 0.00569751964382 0.00326260218402 
0.000773972527841 0.000381334948544 -3.89110929602e-05 0.00200272547189 0.0162276903805 0.0032054861415 0.0006852013343 0.000420047944826 0.00427899055097 -0.000608049049115 0.00127804871623 0.000625729622772 0.00109112715292 0.0039351795476 0.000909823235091 0.00272942721022 0.00135551245447 0.00759662503293 0.00146096903388 0.00149266936342 0.00377232832034 0.001108109255 8.26569039016e-05 0.00134577511096 0.00166221938615 0.00178716964207 0.00293692858766 -0.00011147121072 0.00107483294876 0.00155252993732 
0.00358760873075 0.00380231423233 0.00124887779368 0.00164374269355 0.0032054861415 0.0285288558929 0.000279645908685 0.00109158848898 0.00261039343712 0.000593344540229 0.00244827302067 0.00436399728329 0.00547847119556 0.0016573407207 0.00309507497848 0.00369188532005 0.000865003493907 0.00110936750009 0.00400857270187 0.00827142394347 0.00232788834787 -0.000915842618297 0.000564158176795 -0.00151656016871 0.00162464820492 0.00430084065902 0.00257667854541 -0.00039937847261 0.0016598641179 1.78599687547e-05 
0.002627090406 0.00199138996744 0.000307565952721 0.000783197527562 0.0006852013343 0.000279645908685 0.0162373539582 0.000648264166477 0.00308171046791 0.000705549229118 0.00291126662698 0.000286817705235 0.0024868351582 0.00366268295912 0.000925329225403 0.00157742519887 0.00135258197603 -0.000501247452136 0.00146050099236 -0.000712575869061 0.000739803877144 5.75311271204e-05 0.00164722562521 0.00191311534675 0.00131988088293 0.000577881644255 0.00235957300441 0.000182733353047 0.000760964511143 0.000493192577603 
0.00234042293113 0.000868909907991 0.000814090181661 0.00229487191771 0.000420047944826 0.00109158848898 0.000648264166477 0.0219032538002 0.00116121500307 0.00068190593929 0.00123673669588 0.00767496437429 0.000675696078161 0.00532732283304 0.000294555533658 0.00252804481851 0.000755553095114 0.000460668617521 0.00268513713405 0.00100794047462 -0.000542482777499 0.00758620296249 0.000333665056317 0.000724607478899 0.00314982785328 7.36649302283e-05 0.00115468534705 -0.00018266905759 -0.000718321722359 0.000150668098439 
0.00253430679131 0.00182232241061 7.11211558228e-05 0.00247167885966 0.00427899055097 0.00261039343712 0.00308171046791 0.00116121500307 0.0241747619706 0.000880799155462 0.00264384497543 0.00114805466276 0.00296731612776 0.00278545968513 0.00396052723175 0.00408769102427 0.00159960740895 0.00135015072342 0.00105703309921 0.00127887234686 0.00243057723085 -0.000351325740708 0.00160497303634 0.00101141224385 0.00185572911476 0.00636533481697 0.00825911753158 0.00108338259819 0.00153378929012 0.00231023886466 
0.000659072528496 0.00125969562971 -0.000863626942354 0.000930585234534 -0.000608049049115 0.000593344540229 0.000705549229118 0.00068190593929 0.000880799155462 0.0197594862558 0.00255667800919 0.00112734440297 0.00115593402981 0.00270370588263 0.000848022511101 0.000951688015123 0.000124899311522 0.000943000544728 -0.000275540388666 0.00346656158292 0.000840127568572 0.00192463959796 0.00033760021574 -0.000561653850344 0.00050718669225 0.00237506084972 0.000534544723997 -0.000384029233884 0.00159150550947 0.00164505910141 
0.00155978552839 0.00128524240803 0.000693164630193 0.000564799368662 0.00127804871623 0.00244827302067 0.00291126662698 0.00123673669588 0.00264384497543 0.00255667800919 0.018088865903 0.00220354015438 0.00302351458038 0.00390981266637 0.00243630333717 -0.000218553670578 0.00107858246563 -0.00022602998349 0.00124672465422 0.00293935779523 0.00166059181093 0.000489032441499 0.00191757280368 -0.000307220377139 0.00160821088865 0.00518916876129 0.00143853834267 0.00138654829532 0.000302063012692 0.00135254638499 
0.00156070339971 0.00569170874516 0.000726457472187 0.00276193724844 0.000625729622772 0.00436399728329 0.000286817705235 0.00767496437429 0.00114805466276 0.00112734440297 0.00220354015438 0.037940242627 0.000510632624908 0.00159270645915 0.00276892938952 0.00354025241485 -0.000306681936653 0.00309588821457 0.00278759966409 0.00388946101529 0.000601901809652 0.0144578326724 0.000814475638302 0.000227014443206 0.00238433365807 0.000295341338387 0.00215957340734 0.00178576695593 0.00151988953427 0.00415183935997 
0.00337944822842 -0.000645901635711 0.0028240726149 0.00274207435091 0.00109112715292 0.00547847119556 0.0024868351582 0.000675696078161 0.00296731612776 0.00115593402981 0.00302351458038 0.000510632624908 0.0286638108062 0.00385034275556 0.00265509666217 0.00178846997852 0.00180236033945 0.00068753755531 0.00163103213249 0.0040148462395 0.00630024937732 0.000391235378546 0.00186353466591 0.00194050649966 0.00145410066205 0.00231890594387 0.00130312456191 0.00284572131456 0.00298733138254 0.00170167634827 
0.00537071849082 0.00551467829471 -3.75487403898e-05 0.00454420716721 0.0039351795476 0.0016573407207 0.00366268295912 0.00532732283304 0.00278545968513 0.00270370588263 0.00390981266637 0.00159270645915 0.00385034275556 0.0453153348611 0.00168119198018 0.00462883088683 0.00250668596851 0.00195493867057 0.00116733924477 0.00133139493155 0.0033208747273 0.00270334325541 -0.000193438288062 0.00129008527578 0.0029170270724 0.00590431939666 0.004038858787 0.000127600013571 0.00481746675115 0.00232685440006 
0.000587995459576 0.00369814353585 1.77927292073e-05 0.00120554575682 0.000909823235091 0.00309507497848 0.000925329225403 0.000294555533658 0.00396052723175 0.000848022511101 0.00243630333717 0.00276892938952 0.00265509666217 0.00168119198018 0.0163998571241 0.00169082255856 0.00129548976422 5.46806164326e-05 -3.59235116567e-05 0.0042273723535 0.00172641204651 0.000670508907493 -0.000768207100235 0.000399099173293 0.00105367574691 0.00175874592482 0.00117221748152 -0.000826008136861 0.000196308930805 0.00178957081854 
0.00240688346073 0.00417094347001 0.000940575280589 0.006405231547 0.00272942721022 0.00369188532005 0.00157742519887 0.00252804481851 0.00408769102427 0.000951688015123 -0.000218553670578 0.00354025241485 0.00178846997852 0.00462883088683 0.00169082255856 0.0176863078219 0.00203421892135 0.000288064516781 0.00400706369853 0.00381219559917 0.0018081074973 -0.000592219473405 0.00128770926088 0.000953938307848 0.00278833248155 0.00153339188474 0.00325303454493 0.00036892021448 0.00326902834687 0.00251580947737 
-0.000263142745965 0.000672433575308 -0.000423482212633 0.00161784783345 0.00135551245447 0.000865003493907 0.00135258197603 0.000755553095114 0.00159960740895 0.000124899311522 0.00107858246563 -0.000306681936653 0.00180236033945 0.00250668596851 0.00129548976422 0.00203421892135 0.0161913660013 0.000351748952723 0.00140202758729 0.000940950173542 0.00118802364151 0.000854512537044 0.00011129393002 0.000871961850553 0.000679580328149 0.00174968786845 0.00042786653802 -0.000419014720283 0.00119914894236 0.00236340625436 
-0.000415962192678 0.00269553627733 -0.00094428233875 0.000831387151327 0.00759662503293 0.00110936750009 -0.000501247452136 0.000460668617521 0.00135015072342 0.000943000544728 -0.00022602998349 0.00309588821457 0.00068753755531 0.00195493867057 5.46806164326e-05 0.000288064516781 0.000351748952723 0.037201108391 0.00016521473204 -0.000242842579521 0.00407959638227 0.00333690134958 -0.000695738932189 -0.00196178782027 0.000181552691565 0.000235719542736 -0.000738025114316 -0.00145605739933 0.000165423652505 0.00165443979682 
0.000469523086849 0.00465454139627 -7.07471855883e-05 0.00287573335488 0.00146096903388 0.00400857270187 0.00146050099236 0.00268513713405 0.00105703309921 -0.000275540388666 0.00124672465422 0.00278759966409 0.00163103213249 0.00116733924477 -3.59235116567e-05 0.00400706369853 0.00140202758729 0.00016521473204 0.0164066447018 0.00115721415911 -0.001185455973 0.00175219478013 0.00131263260772 0.00079207435995 0.00449032140318 -0.00152705553276 0.00157420918828 0.000747881817037 0.000816601588376 0.000506392831002 
0.0010274302578 0.0028078911645 0.0011363287265 0.0087187909921 0.00149266936342 0.00827142394347 -0.000712575869061 0.00100794047462 0.00127887234686 0.00346656158292 0.00293935779523 0.00388946101529 0.0040148462395 0.00133139493155 0.0042273723535 0.00381219559917 0.000940950173542 -0.000242842579521 0.00115721415911 0.0770950352583 0.00445475958853 0.000125025747321 1.16156336764e-05 -0.000190829138196 0.00341114199551 0.00588033596533 0.00476646471701 -0.000674611212321 -0.000292197135785 0.0048340000941 
0.00240926334912 0.00381310539012 -0.000361299763262 0.00201978900904 0.00377232832034 0.00232788834787 0.000739803877144 -0.000542482777499 0.00243057723085 0.000840127568572 0.00166059181093 0.000601901809652 0.00630024937732 0.0033208747273 0.00172641204651 0.0018081074973 0.00118802364151 0.00407959638227 -0.001185455973 0.00445475958853 0.0330199194678 0.0011338823254 0.0004669328169 -0.00259629501726 -0.00084346459434 0.00215130665466 0.00196409885749 -3.23785498508e-06 0.00488372693673 -0.0011379991743 
0.000265150381233 -0.000421496903611 0.000962627529913 0.00141036509049 0.001108109255 -0.000915842618297 5.75311271204e-05 0.00758620296249 -0.000351325740708 0.00192463959796 0.000489032441499 0.0144578326724 0.000391235378546 0.00270334325541 0.000670508907493 -0.000592219473405 0.000854512537044 0.00333690134958 0.00175219478013 0.000125025747321 0.0011338823254 0.0449928142292 0.000634605751369 -0.00172738324848 0.00217718194004 -0.000849539361626 0.00129788724458 0.00133301797734 -0.00214203301434 0.00345778849299 
0.00139267002422 0.000720212285382 0.00107983840357 0.00139542326323 8.26569039017e-05 0.000564158176795 0.00164722562521 0.000333665056317 0.00160497303634 0.00033760021574 0.00191757280368 0.000814475638302 0.00186353466591 -0.000193438288062 -0.000768207100235 0.00128770926088 0.00011129393002 -0.000695738932189 0.00131263260772 1.16156336764e-05 0.0004669328169 0.000634605751369 0.0145729599197 -0.000237009011295 0.000187531961866 0.00172889861544 0.00208626986852 0.00149777175586 0.00267566576648 0.00146235928132 
0.00130219141692 -0.000127695544002 -0.000444692651422 0.00182695475363 0.00134577511096 -0.00151656016871 0.00191311534675 0.000724607478899 0.00101141224385 -0.000561653850344 -0.000307220377139 0.000227014443206 0.00194050649966 0.00129008527578 0.000399099173293 0.000953938307848 0.000871961850553 -0.00196178782027 0.00079207435995 -0.000190829138196 -0.00259629501726 -0.00172738324848 -0.000237009011295 0.0289651797346 0.000780515798054 -0.00012652121105 0.000840649067804 0.00130980166959 -0.000549627185106 0.000496433722241 
0.00241514160612 0.00134553589979 0.000876584997506 0.00276941608181 0.00166221938615 0.00162464820492 0.00131988088293 0.00314982785328 0.00185572911476 0.00050718669225 0.00160821088865 0.00238433365807 0.00145410066205 0.0029170270724 0.00105367574691 0.00278833248155 0.000679580328149 0.000181552691565 0.00449032140318 0.00341114199551 -0.00084346459434 0.00217718194004 0.000187531961866 0.000780515798054 0.0149546249901 0.00018276565003 0.000490689721605 0.000729345897657 0.000641195501349 0.00174119728086 
0.00312707919638 0.000763185936423 0.000253575747949 0.000420227855978 0.00178716964207 0.00430084065902 0.000577881644255 7.36649302283e-05 0.00636533481697 0.00237506084972 0.00518916876129 0.000295341338387 0.00231890594387 0.00590431939666 0.00175874592482 0.00153339188474 0.00174968786845 0.000235719542736 -0.00152705553276 0.00588033596533 0.00215130665466 -0.000849539361626 0.00172889861544 -0.00012652121105 0.00018276565003 0.0277526562365 0.00422999845347 0.00355261038283 0.0043121497987 -0.000264041371351 
0.00214607293683 0.00208755342756 -0.000210903231745 0.00362293769277 0.00293692858766 0.00257667854541 0.00235957300441 0.00115468534705 0.00825911753158 0.000534544723997 0.00143853834267 0.00215957340734 0.00130312456191 0.004038858787 0.00117221748152 0.00325303454493 0.00042786653802 -0.000738025114316 0.00157420918828 0.00476646471701 0.00196409885749 0.00129788724458 0.00208626986852 0.000840649067804 0.000490689721605 0.00422999845347 0.0171482494609 0.000597101795634 0.00431960089816 0.000297754509016 
-0.00054789732853 0.00176591842964 0.00203827467156 0.00251901152128 -0.00011147121072 -0.00039937847261 0.000182733353047 -0.00018266905759 0.00108338259819 -0.000384029233884 0.00138654829532 0.00178576695593 0.00284572131456 0.000127600013571 -0.000826008136861 0.00036892021448 -0.000419014720283 -0.00145605739933 0.000747881817037 -0.000674611212321 -3.2378549851e-06 0.00133301797734 0.00149777175586 0.00130980166959 0.000729345897656 0.00355261038283 0.000597101795634 0.0275204289936 0.00426171054262 -0.000499791948094 
0.00220591893092 0.00160966642808 0.00157732797933 0.00569751964382 0.00107483294876 0.0016598641179 0.000760964511143 -0.000718321722359 0.00153378929012 0.00159150550947 0.000302063012692 0.00151988953427 0.00298733138254 0.00481746675115 0.000196308930805 0.00326902834687 0.00119914894236 0.000165423652505 0.000816601588376 -0.000292197135785 0.00488372693673 -0.00214203301434 0.00267566576648 -0.000549627185106 0.000641195501349 0.0043121497987 0.00431960089816 0.00426171054262 0.0420765878879 -0.000368014911102 
0.000315014233686 0.000952581986675 0.000975976150922 0.00326260218402 0.00155252993732 1.78599687547e-05 0.000493192577603 0.000150668098439 0.00231023886466 0.00164505910141 0.00135254638499 0.00415183935997 0.00170167634827 0.00232685440006 0.00178957081854 0.00251580947737 0.00236340625436 0.00165443979682 0.000506392831002 0.0048340000941 -0.0011379991743 0.00345778849299 0.00146235928132 0.000496433722241 0.00174119728086 -0.000264041371351 0.000297754509016 -0.000499791948094 -0.000368014911102 0.0201875816033 

['CCL', 'FSL.B', 'FRX', 'SPG', 'UPS', 'EMN', 'CCU', 'XOM', 'RF', 'JNJ', 'SAFC', 'FCX', 'HET', 'PHM', 'LMT', 'AIV', 'FII', 'FDX', 'PNW', 'AVP', 'FDO', 'NEM', 'WWY', 'NCR', 'DUK', 'PGR', 'FHN', 'EFX', 'HSP', 'MCK']