50
-0.0014382556632 0.0584521455196 0.0493934577213 0.0519302207626 0.0135435889675 0.0328492958576 0.0372282541949 0.102922334335 0.0950879331279 0.0824662750087 0.0998681056981 0.117315051398 0.0268374832388 0.190895055806 0.0216083944488 0.176385145314 0.025042174885 0.165275344352 0.103848753038 0.0324129219316 0.106356452037 0.10431458653 0.0270606760034 0.0370780174455 0.0524263551757 0.0678408515538 0.0479071153807 0.0678116165217 0.033790820858 0.0511719962834 0.00792878112812 0.0521298167044 0.00265371642944 0.0723841835345 0.0598638009539 0.11775000089 0.115739319126 0.0170913584406 0.0444525953717 0.332832739506 0.00646873977314 0.100072423231 0.0795042219188 0.0385950792128 0.135848421796 0.0538940625226 -0.00662659235152 -0.00694067656108 0.155431064381 0.142251168296 
0.214806126994 0.0199895191701 0.00113563180783 0.00128561884722 0.0228618224558 -0.0127492898181 0.012602570965 0.0421647191677 0.00975389511978 0.00733401385136 0.0320970987442 -0.00562750378 0.00653654094684 0.00765694451314 0.0021853366307 0.0179280137402 0.00666023400085 -0.0202498448061 0.00711436785465 0.00928986881293 -0.00675853819638 0.00899219204178 0.00758917112514 -0.0137766538075 0.0138273920179 0.0223101742926 0.0022011763294 0.00172773182845 -0.000700732007079 -0.00835763409737 0.0123779594842 0.000534448573292 0.00500687494358 0.0149322647775 0.00631510456761 -0.00851313788631 -0.00674951640524 0.0142567721844 0.00771432944403 0.00871264189324 0.00528432402402 0.0174831270387 0.0112547054184 0.0213894053615 0.0441732468728 0.0102504134931 0.0265512226591 -0.0121851961895 0.0201797634708 0.00685133597744 
0.0199895191701 0.320910488707 -0.00978546945866 0.00470065473461 -0.00907933161177 0.011396149271 0.0202010314418 0.0093473538921 0.0355005305433 0.0166521655443 0.0225529044996 0.00317875095793 0.00878939077293 0.0253241396961 0.0076079891236 0.00876240137985 0.0049163739542 0.000948841723987 0.0175381112927 0.0133410598843 0.0347015199051 0.00517211559587 0.00291937872849 0.0196281406934 0.0122598271908 0.00815518474595 0.0275584721947 0.0128309312039 0.0161762571097 0.00544079510878 0.00307734068608 0.00449975348684 0.00777337247301 0.015128208333 0.0269965660339 0.0722771630132 0.0156087763127 0.0102583687228 0.0259149252746 0.0168449497328 0.00598468909467 0.0336529191513 -0.02844091797 0.0127071233215 0.0648382090189 -0.0144589561069 0.0210856276224 0.0339867886547 0.0177851439368 0.0107320710174 
0.00113563180783 -0.00978546945867 0.157857331974 0.022684632032 0.00908524685783 0.013941713372 0.0257015315685 0.0121805801384 0.00978665434682 0.0117058831595 0.0125131352131 0.0273467657567 0.00868087067851 0.0099749156964 0.0205418255737 0.0326237927883 0.0165486145115 0.0273035986151 0.0142513435203 -0.00180383155934 0.00428630728994 -0.00130058728967 -0.000198871237549 0.0107184235022 -0.00104018341048 0.0343907849959 0.00485053960675 0.00622583421834 0.00536329494076 0.0176538439063 0.0126107210687 0.0303561667705 0.016142992226 0.0250550558309 0.023995009034 0.00754980623524 0.0273366956694 0.0248669339028 0.0123024370596 0.0133615808788 0.0232219255272 -0.00451708284599 0.00272691996958 0.0301045884844 0.0123417449892 0.0143620520154 0.0102439121417 -0.00271556474976 -0.00858045177315 0.0282634809363 
0.00128561884722 0.00470065473461 0.022684632032 0.252417321501 0.0178102375061 0.0106861091473 0.0101797681175 -0.0124910338326 0.00167139532805 0.0518530489688 0.0162972714929 0.0217830285362 0.00220150351041 0.0520439299825 0.0142993388217 0.0520032003398 0.0120690089284 0.00503209288775 -0.00483061441334 -0.00627115530795 0.0487548555357 -0.0118226912174 0.046921077766 0.0131422851951 -0.00540458971278 0.0401677743066 0.0246480803848 0.0409066409539 0.00883232896963 0.020473487848 0.00676946816763 -0.00543702302703 0.000322110444874 0.0394578167407 0.0310967017331 0.025906984383 0.0327319993695 0.0284122518218 0.0373902756993 0.0059338117636 0.0247796087683 0.00425148634596 0.0216856416036 0.00202609717399 0.0119009455445 -0.00322501278425 0.0566315702252 0.00116750839124 0.0317785579657 0.011231554187 
0.0228618224558 -0.00907933161177 0.00908524685783 0.0178102375061 0.241765782528 0.0177001574702 0.0285894169598 0.0136517434249 0.0290790270857 -0.0017377845447 0.00987836053847 0.00881370975819 0.0104790314275 0.0275151951195 -0.00642676627055 0.0322146553559 0.00268913167276 -0.0142560952015 0.020625292357 0.00725279317755 0.00426905859549 0.0271141595157 -0.00979394770449 0.020416551738 -0.00168478014377 0.0212206309053 -0.0154759044596 0.00557224160585 -0.00213260588353 0.00554874973753 0.00456405157103 0.0108941226247 0.00836941433959 -0.0196494234447 0.0233933173469 0.0461286367629 0.00963385397586 0.0418703602418 0.0376619992315 0.0458760816086 0.00911946730471 -0.00694757442551 0.0128058047096 0.0199705416068 -0.000839522011392 -0.00323275528515 -0.00081526374857 0.00913599783189 0.0208155228144 0.00334273345747 
-0.0127492898181 0.011396149271 0.013941713372 0.0106861091473 0.0177001574702 0.326596826723 0.00425961832365 0.0206819958132 0.0197572902851 -0.0179800831522 0.0160656690892 0.0251284725308 0.00700928212951 0.0107348444532 -0.00803482322361 0.0437632234394 0.0171495420447 -0.0112186209668 0.0203444266323 -0.0115225434778 0.0259706880575 0.0134030142749 0.00722197688548 0.0186083371999 0.0131125663343 0.0275451839482 0.00178253924479 -0.0109643909163 -0.00162963211224 0.000463957165263 0.00882935303127 -0.00212385227634 -0.00280656716442 0.00856866734686 0.0158488836271 0.0275173461146 0.0160500278561 0.00771587703412 0.00766870202953 0.00634145392159 0.0191111671576 0.00662929004355 0.0212546519943 0.0314362436746 0.021529638712 0.0641568899019 0.019027790993 0.0109664519641 0.0404213829578 0.00835037493818 
0.012602570965 0.0202010314418 0.0257015315685 0.0101797681175 0.0285894169598 0.00425961832365 0.177029421819 0.0320378527284 0.0340490967648 0.0335219374048 0.0165215675675 0.0103426995152 0.00977334206785 0.0273877089537 0.0179723670523 0.0328770074019 0.0168334837754 0.007215289761 0.00693231827665 0.00541193744631 0.0246256144468 0.0294448207568 0.0141656020047 0.00836318702099 0.00892406123093 0.0173988774807 0.0151952911385 0.0264682067687 0.0208247983788 0.00790991259222 0.0196207852802 0.012074220491 0.0158858695406 0.0265825563195 0.0233009389771 0.0221179482707 0.0162068125578 0.00996219878501 0.0282102875739 0.00721518701797 0.0183062743835 -0.00234706164944 0.0238795060685 0.0348767696442 0.0169242361256 0.0245845702449 0.00604847644989 0.0343479185768 0.0295555006113 -0.0113123796487 
0.0421647191677 0.0093473538921 0.0121805801384 -0.0124910338326 0.0136517434249 0.0206819958132 0.0320378527284 0.357134241058 0.0183767106914 -0.008057562985 -0.00366736985089 0.0180706529769 0.00527977066934 0.0255403610272 0.00360194593581 0.0597505828282 0.0137350955958 -0.0267952619413 0.0270928716246 0.0310447374827 0.0117302148285 0.0281561380987 -0.0115587501187 0.0161963787049 -0.00174410121197 0.0250389136673 0.00509327077809 0.00684259885178 0.0109767101099 -0.00486576868273 0.015318739244 0.0278718326902 -0.0132448754758 -0.00348598516409 0.00665882050895 0.067728477539 0.0358278237112 0.0191270888168 -0.000681307919361 0.0133148391699 0.0162409737727 0.00466840826922 0.0253151951003 0.00799430726741 0.0372486933676 0.0370027535472 0.0125852146893 0.0148003979415 -0.0140436345416 0.0368361091968 
0.00975389511978 0.0355005305433 0.00978665434682 0.00167139532805 0.0290790270857 0.0197572902851 0.0340490967648 0.0183767106914 0.279998217836 0.00540598829198 0.0319488918574 0.020261903539 0.0220625052904 0.0197266182782 0.0490763858963 0.0357643350837 0.0351748086443 0.0215712148897 -0.0144537908979 0.0164207961881 0.0319486178396 0.0221710955894 0.0244386268033 0.0245776201858 0.02172463119 0.0170101383605 0.0198483674081 0.0102171356729 0.0150179848904 0.0439308811636 -0.000819459521664 0.0367261206892 0.0218968548432 0.00170848918725 0.0345650222639 0.00999176893619 0.0266960748307 0.0486989932884 0.0263996829888 0.0301732045966 0.0561745391974 0.0260723798913 0.0281371204561 0.0204075121728 0.006958020895 0.0289781160409 0.024845011876 0.0081044912673 0.00777856380393 0.0164270116008 
0.00733401385136 0.0166521655443 0.0117058831595 0.0518530489688 -0.0017377845447 -0.0179800831522 0.0335219374048 -0.008057562985 0.00540598829198 0.39956730342 0.00201110117216 0.0252057785249 0.00792430678694 0.0787413725398 -0.0144172996273 0.00811734909281 -0.00451666936952 -0.0300921176411 0.00642578160081 0.000334439960331 0.156983278799 0.0113166934787 0.0910399561182 0.0198693514557 -0.0105049029338 -0.00562960535802 0.0242564883782 0.00402552925889 0.0170432513295 -0.0172802093805 0.0174970779205 -0.0206679121668 -0.00905275965805 0.0130911712438 0.0116760849426 0.0595096355498 0.0343521187321 0.00574984396433 0.117827701218 -0.027295971636 0.00821419968916 0.00770993452213 0.0185048840581 0.0272484571433 0.00674657626539 -0.00400626862341 0.0345320370566 0.00358454876824 0.0031615005192 -0.0256054134429 
0.0320970987442 0.0225529044996 0.0125131352131 0.0162972714929 0.00987836053847 0.0160656690892 0.0165215675675 -0.00366736985089 0.0319488918574 0.00201110117216 0.393929912424 -0.00232642995667 0.000268657960632 0.00791718673166 0.0237555661534 0.0231279521772 0.0228118804438 0.00228656607604 0.0386339787722 0.00716386579257 0.00844391091944 0.0377586301217 0.0248718964798 -0.00884987433346 0.108668513174 0.0377226792247 0.0315969716965 0.0127991968003 0.0158241503164 0.0268807919555 0.0163766392854 0.0204430223551 -0.00331798981596 0.0212995581187 0.0404415638404 0.0222132549716 0.0486965044722 0.013462010065 0.0024110583205 0.0145851925546 0.0339586558581 0.0450549159125 0.0226124479004 0.00824015634317 0.0326124036797 0.0712736236455 0.00820473611034 0.0282015187497 0.0289701555615 0.00945998502524 
-0.00562750378 0.00317875095793 0.0273467657567 0.0217830285362 0.00881370975819 0.0251284725308 0.0103426995152 0.0180706529769 0.020261903539 0.0252057785249 -0.00232642995667 0.344465563691 0.0023200514388 -0.0133766871754 0.00527036861194 0.0232282002606 0.014176540015 0.101603512626 -0.0307666124375 0.0154958450681 -0.0202762785965 -0.0258635541854 0.00920931982779 0.0179880740987 0.0151211481545 0.0315734512406 0.032235095687 0.0336375290692 0.00457952896138 0.0279146776044 0.00959180446938 -0.00016030900524 0.00567262853308 0.0015035344849 0.0214818777553 -0.0126770160976 0.0398292666977 0.00559528984728 0.00394645420398 -0.031265280535 0.0193396984577 0.0465977886741 0.00495548207269 0.0152060006961 0.0253966022932 0.00200497828618 0.00749215220895 0.0132373347829 0.0080212340658 0.0448287442296 
0.00653654094684 0.00878939077293 0.00868087067851 0.00220150351041 0.0104790314275 0.00700928212951 0.00977334206785 0.00527977066934 0.0220625052904 0.00792430678694 0.000268657960632 0.0023200514388 0.161499400015 0.0129525252048 0.0280517297263 0.00413338078448 0.00995841635315 -0.00301183025898 0.0157640086089 0.00694040539105 -0.00596074440567 0.0180857232128 4.46942809232e-05 0.0154082004538 0.013953684114 0.0253336412561 0.0155395141742 -0.0031214006831 0.0145822045283 0.00580468189042 0.0012618329878 0.0204972441381 0.00694636122386 0.0123542231487 0.00892846120327 0.0116216245226 0.0070994489741 0.00964688625909 0.00733697703971 0.00511651037474 0.0169054784243 0.00373637793728 0.00931863108905 0.00388645398051 -0.00653281484512 0.00316522163716 0.00512888850928 0.0283091938849 0.00306809700926 0.00917778748785 
0.00765694451314 0.0253241396961 0.0099749156964 0.0520439299825 0.0275151951195 0.0107348444532 0.0273877089537 0.0255403610272 0.0197266182782 0.0787413725398 0.00791718673166 -0.0133766871754 0.0129525252048 0.548605040093 0.00833460729938 0.021307544039 0.00816443401364 -0.0225765461041 0.000882720094182 0.00162553885761 0.0655144901379 0.0171637177596 0.0335756941413 0.020890643773 0.0391770014424 0.0340605039122 0.0217874528727 0.0109434228401 0.0209494869706 0.00448297304515 -0.0126986289722 0.0343269396949 -0.00906660702509 0.0110324223917 0.0177140004254 0.0585069132853 0.0303152450645 0.00724965766606 0.0385850270341 0.0186724862271 0.00551456821714 0.0075410117854 0.0620755731444 0.0191429318717 0.0290389995981 -0.0222468731148 0.0299662246963 0.052637632346 0.0601894156522 -0.0240864037396 
0.0021853366307 0.0076079891236 0.0205418255737 0.0142993388217 -0.00642676627055 -0.00803482322361 0.0179723670523 0.00360194593581 0.0490763858963 -0.0144172996273 0.0237555661534 0.00527036861194 0.0280517297263 0.00833460729938 0.254008432217 0.0255297368976 0.0248943288581 0.0268548598026 -0.0108194862759 0.00303160636692 -0.0225474493247 0.0257359402421 -0.00997456433638 0.00647786365989 0.0325942922589 0.0247726826953 0.00938066699577 0.00195130550073 0.0121124234532 0.014720995034 0.00070997408818 0.029935130417 0.00479801784573 0.0253608323219 0.0151289158495 0.00853904400723 0.0173704858182 0.0220822626311 -0.00226986064314 -0.00735588576143 0.0433181484638 -0.0101902248075 -0.0104181329369 0.0100739395568 0.0169055049015 0.00371237199316 0.0100296265107 0.0194213046228 -0.000788735068524 0.0214079334879 
0.0179280137402 0.00876240137985 0.0326237927883 0.0520032003398 0.0322146553559 0.0437632234394 0.0328770074019 0.0597505828282 0.0357643350837 0.00811734909281 0.0231279521772 0.0232282002606 0.00413338078448 0.021307544039 0.0255297368976 0.6142868149 0.0227933808788 0.00402788915243 0.00554536379458 -0.00438219527833 0.0468335591857 0.0236562644948 0.0107682752593 0.0153307992285 0.0180888437295 0.00158905401275 -0.00571762257109 -0.00922994891171 0.0217855110912 0.0100307777993 -0.00558731902869 0.0235659319224 0.00873613662075 0.0059920205045 0.0268992584624 -0.00794995144416 0.0202338479824 0.0220482181613 0.0330844528112 0.058702135339 0.0185411100828 0.0071584894222 0.0392789703914 0.0173043184971 -0.00216429475081 0.0638934365058 0.00615198449322 0.00257416604789 -0.00447433394798 0.0705159348237 
0.00666023400085 0.0049163739542 0.0165486145115 0.0120690089284 0.00268913167276 0.0171495420447 0.0168334837754 0.0137350955958 0.0351748086443 -0.00451666936952 0.0228118804438 0.014176540015 0.00995841635315 0.00816443401364 0.0248943288581 0.0227933808788 0.162505790564 -0.0125935489907 0.00529372134876 0.0157749861979 0.0169857827493 0.0249200855532 0.0102690477768 0.0204961299155 0.00622871391098 0.0135478399788 0.00787574227909 0.00967518872052 0.00532744708564 0.0055670039608 0.0172603780229 0.0317572568647 0.0147199438748 0.0314726347503 0.0269972224188 0.0186986412992 0.0110688685311 0.0271993831898 0.00537321010173 0.0172185362031 0.0633585912471 -0.0125584879165 0.0127954974326 0.0169197364965 0.0167399936739 0.00664494116426 -9.33170959766e-05 0.0297699343094 0.022320053476 0.00920285926576 
-0.0202498448061 0.000948841723987 0.0273035986151 0.00503209288775 -0.0142560952015 -0.0112186209668 0.007215289761 -0.0267952619413 0.0215712148897 -0.0300921176411 0.00228656607604 0.101603512626 -0.00301183025898 -0.0225765461041 0.0268548598026 0.00402788915243 -0.0125935489907 1.3688260569 -0.0225767412745 -0.0212757386652 -0.0140817993187 0.0121108199707 -0.0121710499824 0.0037021002875 -0.00259982057481 -0.0279077246802 0.00667863171736 0.00192063217377 0.0247392087876 0.0209145330561 -0.0201181686389 -0.000998262098411 0.0238983598827 -0.00946820843998 -0.0153171108144 -0.0271124684074 -0.012698531585 0.0175493081616 0.00837626629574 -0.0201147066348 0.0174302888355 -0.0273227974446 -0.0438053185529 -0.00172570320205 1.85474000403e-05 -0.0224777677914 0.000243950467518 -0.0252654178569 0.00853932687995 -0.0155854837059 
0.00711436785465 0.0175381112927 0.0142513435203 -0.00483061441334 0.020625292357 0.0203444266323 0.00693231827665 0.0270928716246 -0.0144537908979 0.00642578160081 0.0386339787722 -0.0307666124375 0.0157640086089 0.000882720094182 -0.0108194862759 0.00554536379458 0.00529372134876 -0.0225767412745 0.349135045529 0.00419314502831 0.0528860136223 0.00215773925837 0.0107811635192 0.00687245156202 0.0163735533019 0.0206947539384 -0.000318652681725 -0.0156460673854 0.017948272192 -0.0437477136924 0.00765280025569 0.000152598898072 0.00324078695331 0.0114735125941 0.0121097979033 0.00685992489257 -0.00406804149947 -0.0013422921727 0.0210898842756 0.0156601622081 -0.0117219585035 0.0339523590426 -0.00878141957005 -0.00533860799382 0.000516705269831 -0.00964094419067 0.0148245227769 -0.00797386928244 -0.0211099300274 0.0350070831514 
0.00928986881293 0.0133410598843 -0.00180383155934 -0.00627115530795 0.00725279317755 -0.0115225434778 0.00541193744631 0.0310447374827 0.0164207961881 0.000334439960331 0.00716386579257 0.0154958450681 0.00694040539105 0.00162553885761 0.00303160636692 -0.00438219527833 0.0157749861979 -0.0212757386652 0.00419314502831 0.281263887096 0.0180689003317 0.00480769199307 -0.00140253384798 0.0143737501776 0.00682395017262 0.0210458512924 0.00343953095477 -0.0139726387355 -0.00152192057352 0.00393027468475 0.00404119620672 -0.00221346734818 0.00837012747297 0.00015506445117 0.0124718987729 0.0175838187477 0.0180869073109 0.022552934002 -0.000886406305947 -0.000173453485393 0.0183104237419 0.0516669887198 0.0110697443059 0.0167118361856 0.0269128439891 0.00980186703193 0.000520727484763 -0.00238307010832 0.0278839861872 0.0271174731002 
-0.00675853819638 0.0347015199051 0.00428630728994 0.0487548555357 0.00426905859549 0.0259706880575 0.0246256144468 0.0117302148285 0.0319486178396 0.156983278799 0.00844391091944 -0.0202762785965 -0.00596074440567 0.0655144901379 -0.0225474493247 0.0468335591857 0.0169857827493 -0.0140817993187 0.0528860136223 0.0180689003317 0.490889405438 -0.00250801812491 0.0704773115886 0.00915279705614 -0.00766340044701 -0.000291118565302 0.033691294792 0.00640044324181 0.0168031788197 -0.00136027882773 0.0192943874367 0.00389321883824 -0.00111784282989 0.0822888810271 0.0410220284245 0.0704350425024 0.0360383721114 0.0125140434347 0.11057891688 0.0309674422082 -0.00304582413759 0.0358071778351 0.0290109143162 0.0361618494174 0.0109620355745 0.00884425688353 0.0363690918829 0.0223274390666 0.0238581671232 -0.0106635329756 
0.00899219204178 0.00517211559587 -0.00130058728967 -0.0118226912174 0.0271141595157 0.0134030142749 0.0294448207568 0.0281561380987 0.0221710955894 0.0113166934787 0.0377586301217 -0.0258635541854 0.0180857232128 0.0171637177596 0.0257359402421 0.0236562644948 0.0249200855532 0.0121108199707 0.00215773925837 0.00480769199307 -0.00250801812491 0.553044007065 0.0147019481002 0.0273966590814 0.029657334273 0.000370655058145 0.0108952319817 -0.0154355549838 0.0074347805597 -0.0453441024479 0.00898915018611 0.0203176537229 0.131326261782 0.0453156430431 0.0240021304024 0.0557791592144 0.00414623159155 0.0297369186182 -0.00945042926264 0.0163542550404 0.0108351083208 0.0115046992904 -0.00128177739892 0.0258082091108 0.000218668027136 0.0126688115624 0.0125832598339 0.0878295395809 -0.00162009485173 0.0105188750421 
0.00758917112514 0.00291937872849 -0.000198871237549 0.046921077766 -0.00979394770449 0.00722197688548 0.0141656020047 -0.0115587501187 0.0244386268033 0.0910399561182 0.0248718964798 0.00920931982779 4.46942809232e-05 0.0335756941413 -0.00997456433638 0.0107682752593 0.0102690477768 -0.0121710499824 0.0107811635192 -0.00140253384798 0.0704773115886 0.0147019481002 0.194207893444 0.0109012445955 0.022802121255 0.0147871801737 0.00890983800301 0.016546624438 0.00473132111717 -0.000925651907532 0.0102972604878 -0.0081140675056 0.00435429230422 0.0291964794381 0.0240297024275 0.0608387190802 0.00449570037788 0.0129656603882 0.0579797095487 0.0131549092054 0.0133796103597 0.0161628265386 0.0193796878689 0.00588100479887 0.0166248449941 0.00676840112288 0.0288399565981 -0.00409915188641 -0.00424458537947 0.00525103407768 
-0.0137766538075 0.0196281406934 0.0107184235022 0.0131422851951 0.020416551738 0.0186083371999 0.00836318702099 0.0161963787049 0.0245776201858 0.0198693514557 -0.00884987433346 0.0179880740987 0.0154082004538 0.020890643773 0.00647786365989 0.0153307992285 0.0204961299155 0.0037021002875 0.00687245156202 0.0143737501776 0.00915279705614 0.0273966590814 0.0109012445955 0.188045688967 -0.00124410416208 0.0178492338635 0.0267010868171 0.0231769831498 0.00180375442462 -0.00187617651906 0.00228494416839 0.0136536999005 0.00569761563109 0.00570020240349 0.0178007967625 0.0258787141579 0.0389685139042 0.0235995244537 0.017575749804 0.0185876457734 0.0416643803688 0.0105953243003 0.00706012716767 0.0428465961419 0.0246259549383 -0.0180810995646 0.018833605417 0.00189890394506 0.00428569305689 0.0345662585312 
0.0138273920179 0.0122598271908 -0.00104018341048 -0.00540458971278 -0.00168478014377 0.0131125663343 0.00892406123093 -0.00174410121197 0.02172463119 -0.0105049029338 0.108668513174 0.0151211481545 0.013953684114 0.0391770014424 0.0325942922589 0.0180888437295 0.00622871391098 -0.00259982057481 0.0163735533019 0.00682395017262 -0.00766340044701 0.029657334273 0.022802121255 -0.00124410416208 0.2849354803 -0.00304703366351 -0.00119880968031 0.00889842270309 0.000918916550989 0.00350836802807 0.0128313405539 -0.00166472757455 0.00535919635338 0.0362863256545 0.0170335884041 -0.0210976540591 -0.000884844161002 0.0115197375972 0.009472135543 0.0129879614905 -0.00494930637428 0.0224553973328 0.011302522052 0.00155751857838 0.0354981893461 0.0200487138893 0.00260272464338 0.0543445737951 0.00969760553915 0.00105580729621 
0.0223101742926 0.00815518474595 0.0343907849959 0.0401677743066 0.0212206309053 0.0275451839482 0.0173988774807 0.0250389136673 0.0170101383605 -0.00562960535802 0.0377226792247 0.0315734512406 0.0253336412561 0.0340605039122 0.0247726826953 0.00158905401275 0.0135478399788 -0.0279077246802 0.0206947539384 0.0210458512924 -0.000291118565302 0.000370655058145 0.0147871801737 0.0178492338635 -0.00304703366351 0.352285093929 -0.00593137283837 0.00613091637955 3.61796070011e-05 0.0138877836302 0.0244226396883 0.0167920509862 -0.0133878658015 0.00168549956222 0.0135258125337 0.0504597499879 0.00697272738377 0.0172233909596 -0.000664320637088 0.013226089683 0.0223594869897 0.00895247499781 0.00469780642326 0.0258731747821 0.0292849953488 0.00943307953342 0.0276338387098 0.0151044874806 0.015046832353 0.0045865966235 
0.0022011763294 0.0275584721947 0.00485053960675 0.0246480803848 -0.0154759044596 0.00178253924479 0.0151952911385 0.00509327077809 0.0198483674081 0.0242564883782 0.0315969716965 0.032235095687 0.0155395141742 0.0217874528727 0.00938066699577 -0.00571762257109 0.00787574227909 0.00667863171736 -0.000318652681724 0.00343953095477 0.033691294792 0.0108952319817 0.00890983800301 0.0267010868171 -0.00119880968031 -0.00593137283837 0.229099750492 -0.00399792960123 0.000784762577228 -0.00633792827971 0.00945164165587 0.00266147649127 -0.00339590455308 0.0139207791215 0.0146574641898 0.0501278708529 0.041498704836 0.00939995122475 0.00483857574667 0.0159586098376 0.0217736960612 0.0309241606376 -0.000976786148689 0.00230120750442 0.00399979573209 0.00602721072613 0.0201711865527 -0.00178883190946 0.0409379970061 0.00115955784745 
0.00172773182845 0.0128309312039 0.00622583421834 0.0409066409539 0.00557224160585 -0.0109643909163 0.0264682067687 0.00684259885178 0.0102171356729 0.00402552925889 0.0127991968003 0.0336375290692 -0.0031214006831 0.0109434228401 0.00195130550073 -0.00922994891171 0.00967518872052 0.00192063217377 -0.0156460673854 -0.0139726387355 0.00640044324181 -0.0154355549838 0.016546624438 0.0231769831498 0.00889842270309 0.00613091637955 -0.00399792960123 0.23633150039 0.00585699847783 0.0117331313374 0.00847420495146 0.00569380803073 -0.00734546603227 -0.0155110509719 0.0143909419161 0.0193336821588 0.0273972968972 0.0218770496613 -0.00787969948625 -0.0106015256563 0.0234477131918 0.0167542202367 0.0165482580779 0.0105091316115 0.00525849893445 0.0192830883335 0.023580421466 0.0122491391525 -0.0024396932815 0.0109218871695 
-0.000700732007079 0.0161762571097 0.00536329494076 0.00883232896963 -0.00213260588353 -0.00162963211223 0.0208247983788 0.0109767101099 0.0150179848904 0.0170432513295 0.0158241503164 0.00457952896138 0.0145822045283 0.0209494869706 0.0121124234532 0.0217855110912 0.00532744708564 0.0247392087876 0.017948272192 -0.00152192057352 0.0168031788197 0.0074347805597 0.00473132111717 0.00180375442462 0.000918916550989 3.61796070012e-05 0.000784762577228 0.00585699847783 0.181548091112 0.0124907353127 0.0236790166744 0.0167788451675 -0.000146959564089 0.0112433878907 0.011413051416 0.0220231519929 0.0185251772123 0.0151080768161 0.0143616348687 0.0137706403375 0.00621430420632 -0.00321793171474 0.00812541999446 0.0240679552848 0.0102606241631 0.0276206336247 0.0148706410648 0.0313308531007 0.0192148339933 0.00930942752098 
-0.00835763409737 0.00544079510878 0.0176538439063 0.020473487848 0.00554874973753 0.000463957165263 0.00790991259222 -0.00486576868273 0.0439308811636 -0.0172802093805 0.0268807919555 0.0279146776044 0.00580468189042 0.00448297304515 0.014720995034 0.0100307777993 0.0055670039608 0.0209145330561 -0.0437477136924 0.00393027468475 -0.00136027882773 -0.0453441024479 -0.000925651907532 -0.00187617651906 0.00350836802807 0.0138877836302 -0.00633792827971 0.0117331313374 0.0124907353127 0.310636337112 0.0117863431956 0.0200298390767 0.00643044988857 0.0235094198793 0.0148465454527 -0.00458490974066 0.00918045847663 0.00885178622628 0.000687859594552 0.0340429733352 0.00265881934555 -0.0100999445122 0.00129336489604 0.0243760570492 0.00627551212472 -0.000205616767981 0.00770692224052 0.0125633733333 -0.00558405476224 0.0121867408323 
0.0123779594842 0.00307734068608 0.0126107210687 0.00676946816763 0.00456405157103 0.00882935303127 0.0196207852802 0.015318739244 -0.000819459521664 0.0174970779205 0.0163766392854 0.00959180446938 0.0012618329878 -0.0126986289722 0.00070997408818 -0.00558731902869 0.0172603780229 -0.0201181686389 0.00765280025569 0.00404119620672 0.0192943874367 0.00898915018611 0.0102972604878 0.00228494416839 0.0128313405539 0.0244226396883 0.00945164165587 0.00847420495146 0.0236790166744 0.0117863431956 0.239269104121 0.025083431931 0.0128893356802 0.0151263770824 0.00329307151562 0.0101028095855 0.0103275589277 0.0141974769126 0.0268221503148 -0.00911221166882 0.0100490590421 -0.0238903934077 0.0198146317367 0.00752210621238 0.015271764601 0.0295513961638 0.00644775797252 0.00438114655848 0.0239911988497 0.00997968423448 
0.000534448573292 0.00449975348684 0.0303561667705 -0.00543702302703 0.0108941226247 -0.00212385227634 0.012074220491 0.0278718326902 0.0367261206892 -0.0206679121668 0.0204430223551 -0.00016030900524 0.0204972441381 0.0343269396949 0.029935130417 0.0235659319224 0.0317572568647 -0.000998262098411 0.000152598898072 -0.00221346734818 0.00389321883824 0.0203176537229 -0.0081140675056 0.0136536999005 -0.00166472757455 0.0167920509862 0.00266147649127 0.00569380803073 0.0167788451675 0.0200298390767 0.025083431931 0.140879521087 0.00735621142845 0.0128577968299 0.0334965343598 0.0256479638454 0.0256531724802 0.0396417979823 0.0123431594474 0.0252394425235 0.0357221955564 -0.0197481505712 0.0204324060483 0.0155989525579 0.0080125689717 0.00121932462558 0.0094726187898 0.0177935941157 0.00425943178991 0.0145150593966 
0.00500687494358 0.00777337247301 0.016142992226 0.000322110444874 0.00836941433959 -0.00280656716442 0.0158858695406 -0.0132448754758 0.0218968548432 -0.00905275965805 -0.00331798981596 0.00567262853308 0.00694636122386 -0.00906660702509 0.00479801784573 0.00873613662075 0.0147199438748 0.0238983598827 0.00324078695331 0.00837012747297 -0.00111784282989 0.131326261782 0.00435429230422 0.00569761563109 0.00535919635338 -0.0133878658015 -0.00339590455308 -0.00734546603227 -0.000146959564089 0.00643044988857 0.0128893356802 0.00735621142845 0.199677863112 0.000926652156371 0.0126001346147 -0.00170242172786 -0.010718991505 0.0242837752822 -0.00340027874277 -0.0140425704265 0.0138138651585 -0.0109531840732 0.000487698204182 0.0136056422226 -0.00889942427762 0.00871022685664 0.0156289864806 0.0469568568039 -0.00299275713193 -0.00438013948469 
0.0149322647775 0.015128208333 0.0250550558309 0.0394578167407 -0.0196494234447 0.00856866734686 0.0265825563195 -0.00348598516409 0.00170848918725 0.0130911712438 0.0212995581187 0.0015035344849 0.0123542231487 0.0110324223917 0.0253608323219 0.0059920205045 0.0314726347503 -0.00946820843998 0.0114735125941 0.00015506445117 0.0822888810271 0.0453156430431 0.0291964794381 0.00570020240349 0.0362863256545 0.00168549956222 0.0139207791215 -0.0155110509719 0.0112433878907 0.0235094198793 0.0151263770824 0.0128577968299 0.000926652156371 0.33099108719 0.018417146803 0.0060225622005 0.00295429738906 -0.0117628837755 -0.000630455503796 -0.0109576458801 0.0229390445547 0.0135318044427 0.00234066582123 0.0266472034952 0.0183009117732 -0.0171467634647 0.0312652841089 0.0390003705933 0.00676196136656 0.00649299386541 
0.00631510456761 0.0269965660339 0.023995009034 0.0310967017331 0.0233933173469 0.0158488836271 0.0233009389771 0.00665882050895 0.0345650222639 0.0116760849426 0.0404415638404 0.0214818777553 0.00892846120327 0.0177140004254 0.0151289158495 0.0268992584624 0.0269972224188 -0.0153171108144 0.0121097979033 0.0124718987729 0.0410220284245 0.0240021304024 0.0240297024275 0.0178007967625 0.0170335884041 0.0135258125337 0.0146574641898 0.0143909419161 0.011413051416 0.0148465454527 0.00329307151562 0.0334965343598 0.0126001346147 0.018417146803 0.193691034345 0.0459836829974 0.0325489616638 0.0419243922121 0.0248881197886 0.0221337741467 0.0178637797983 0.0167644488192 0.0261611439826 0.0218408499323 0.0119865071606 -0.00290687569541 0.0284400272076 0.00857954707314 0.0369485761415 0.0170086657281 
-0.00851313788631 0.0722771630132 0.00754980623524 0.025906984383 0.0461286367629 0.0275173461146 0.0221179482707 0.067728477539 0.00999176893619 0.0595096355498 0.0222132549716 -0.0126770160976 0.0116216245226 0.0585069132853 0.00853904400723 -0.00794995144416 0.0186986412992 -0.0271124684074 0.00685992489257 0.0175838187477 0.0704350425024 0.0557791592144 0.0608387190802 0.0258787141579 -0.0210976540591 0.0504597499879 0.0501278708529 0.0193336821588 0.0220231519929 -0.00458490974066 0.0101028095855 0.0256479638454 -0.00170242172786 0.0060225622005 0.0459836829974 0.874604392853 0.128839324492 0.0515178385295 -0.00428503690375 0.0434078534372 0.0343618567409 0.0113095532234 0.00756739619579 0.031556503732 0.0340849056311 -0.00822489599049 0.031887713961 -0.000549308698394 0.0116183718743 0.0681898976556 
-0.00674951640524 0.0156087763127 0.0273366956694 0.0327319993695 0.00963385397586 0.0160500278561 0.0162068125578 0.0358278237112 0.0266960748307 0.0343521187321 0.0486965044722 0.0398292666977 0.0070994489741 0.0303152450645 0.0173704858182 0.0202338479824 0.0110688685311 -0.012698531585 -0.00406804149947 0.0180869073109 0.0360383721114 0.00414623159155 0.00449570037788 0.0389685139042 -0.000884844161002 0.00697272738377 0.041498704836 0.0273972968972 0.0185251772123 0.00918045847663 0.0103275589277 0.0256531724802 -0.010718991505 0.00295429738906 0.0325489616638 0.128839324492 0.338979286889 0.0255753818434 0.0137217896646 -0.00359192405354 0.0235903583797 0.0463889533438 0.0243831506672 0.0253682629539 0.00574367227572 0.00788938200719 0.00875174232399 0.00473736272482 0.0180023535341 0.0133067974353 
0.0142567721844 0.0102583687228 0.0248669339028 0.0284122518218 0.0418703602418 0.00771587703412 0.00996219878501 0.0191270888168 0.0486989932884 0.00574984396433 0.013462010065 0.00559528984728 0.00964688625909 0.00724965766606 0.0220822626311 0.0220482181613 0.0271993831898 0.0175493081616 -0.0013422921727 0.022552934002 0.0125140434347 0.0297369186182 0.0129656603882 0.0235995244537 0.0115197375972 0.0172233909596 0.00939995122475 0.0218770496613 0.0151080768161 0.00885178622628 0.0141974769126 0.0396417979823 0.0242837752822 -0.0117628837755 0.0419243922121 0.0515178385295 0.0255753818434 0.20697314751 0.0129480238285 0.0298093107723 0.0546568893957 -0.0184275738194 0.0228553131854 0.0155492350103 0.00708205582837 -0.000204736256978 0.00778364268416 0.0171367399861 0.0155844913442 0.0200412845068 
0.00771432944403 0.0259149252746 0.0123024370596 0.0373902756993 0.0376619992315 0.00766870202953 0.0282102875739 -0.000681307919361 0.0263996829888 0.117827701218 0.0024110583205 0.00394645420398 0.00733697703971 0.0385850270341 -0.00226986064314 0.0330844528112 0.00537321010173 0.00837626629574 0.0210898842756 -0.000886406305947 0.11057891688 -0.00945042926264 0.0579797095487 0.017575749804 0.009472135543 -0.000664320637088 0.00483857574667 -0.00787969948625 0.0143616348687 0.000687859594552 0.0268221503148 0.0123431594474 -0.00340027874277 -0.000630455503796 0.0248881197886 -0.00428503690375 0.0137217896646 0.0129480238285 0.213989931242 0.0261130701899 0.0182859403245 0.00909443144558 0.00577008251199 0.0265863270682 -0.00217447220811 0.0149202015747 0.0286302362064 0.00430449171831 -0.000257299057083 -0.0111883108294 
0.00871264189324 0.0168449497328 0.0133615808788 0.0059338117636 0.0458760816086 0.00634145392159 0.00721518701797 0.0133148391699 0.0301732045966 -0.027295971636 0.0145851925546 -0.031265280535 0.00511651037474 0.0186724862271 -0.00735588576143 0.058702135339 0.0172185362031 -0.0201147066348 0.0156601622081 -0.000173453485393 0.0309674422082 0.0163542550404 0.0131549092054 0.0185876457734 0.0129879614905 0.013226089683 0.0159586098376 -0.0106015256563 0.0137706403375 0.0340429733352 -0.00911221166882 0.0252394425235 -0.0140425704265 -0.0109576458801 0.0221337741467 0.0434078534372 -0.00359192405354 0.0298093107723 0.0261130701899 0.519674037296 -0.000342800341051 0.0296539156498 0.00492488240948 0.0178769921916 0.00946508196217 0.00033443920866 0.0067001813663 0.0601465996854 -0.00346503504983 0.00135016892699 
0.00528432402402 0.00598468909467 0.0232219255272 0.0247796087683 0.00911946730471 0.0191111671576 0.0183062743835 0.0162409737727 0.0561745391974 0.00821419968916 0.0339586558581 0.0193396984577 0.0169054784243 0.00551456821714 0.0433181484638 0.0185411100828 0.0633585912471 0.0174302888355 -0.0117219585035 0.0183104237419 -0.00304582413759 0.0108351083208 0.0133796103597 0.0416643803688 -0.00494930637428 0.0223594869897 0.0217736960612 0.0234477131918 0.00621430420632 0.00265881934555 0.0100490590421 0.0357221955564 0.0138138651585 0.0229390445547 0.0178637797983 0.0343618567409 0.0235903583797 0.0546568893957 0.0182859403245 -0.000342800341051 0.162679119237 -0.00596874226496 0.00604553998365 0.0321721328208 0.00887655383821 0.00902522852385 0.0113718439401 0.0133742074539 0.0291706512379 0.0234421560191 
0.0174831270387 0.0336529191513 -0.00451708284599 0.00425148634596 -0.00694757442551 0.00662929004355 -0.00234706164944 0.00466840826922 0.0260723798913 0.00770993452213 0.0450549159125 0.0465977886741 0.00373637793728 0.0075410117854 -0.0101902248075 0.0071584894222 -0.0125584879165 -0.0273227974446 0.0339523590426 0.0516669887198 0.0358071778351 0.0115046992904 0.0161628265386 0.0105953243003 0.0224553973328 0.00895247499781 0.0309241606376 0.0167542202367 -0.00321793171474 -0.0100999445122 -0.0238903934077 -0.0197481505712 -0.0109531840732 0.0135318044427 0.0167644488192 0.0113095532234 0.0463889533438 -0.0184275738194 0.00909443144558 0.0296539156498 -0.00596874226496 0.486198828923 0.00719850617896 0.0265342371478 0.0193560899412 0.0241562030056 0.00316575462121 0.0120522595345 0.0170884641135 0.00634434801136 
0.0112547054184 -0.02844091797 0.00272691996958 0.0216856416036 0.0128058047096 0.0212546519943 0.0238795060685 0.0253151951003 0.0281371204561 0.0185048840581 0.0226124479004 0.00495548207269 0.00931863108905 0.0620755731444 -0.0104181329369 0.0392789703914 0.0127954974326 -0.0438053185529 -0.00878141957005 0.0110697443059 0.0290109143162 -0.00128177739892 0.0193796878689 0.00706012716767 0.011302522052 0.00469780642326 -0.000976786148688 0.0165482580779 0.00812541999446 0.00129336489604 0.0198146317367 0.0204324060483 0.000487698204182 0.00234066582123 0.0261611439826 0.00756739619579 0.0243831506672 0.0228553131854 0.00577008251199 0.00492488240948 0.00604553998365 0.00719850617896 0.24752413432 0.0195536125193 0.00491245562516 0.0271883709004 0.0102716878673 6.32053205331e-05 0.0235555347469 0.0895137722259 
0.0213894053615 0.0127071233215 0.0301045884844 0.00202609717399 0.0199705416068 0.0314362436746 0.0348767696442 0.00799430726741 0.0204075121728 0.0272484571433 0.00824015634317 0.0152060006961 0.00388645398051 0.0191429318717 0.0100739395568 0.0173043184971 0.0169197364965 -0.00172570320205 -0.00533860799382 0.0167118361856 0.0361618494174 0.0258082091108 0.00588100479887 0.0428465961419 0.00155751857838 0.0258731747821 0.00230120750442 0.0105091316115 0.0240679552848 0.0243760570492 0.00752210621238 0.0155989525579 0.0136056422226 0.0266472034952 0.0218408499323 0.031556503732 0.0253682629539 0.0155492350103 0.0265863270682 0.0178769921916 0.0321721328208 0.0265342371478 0.0195536125193 0.194452857129 0.0183660032253 0.00382747676845 0.0238843035832 0.0149824629334 0.0126512970951 0.0165623122569 
0.0441732468728 0.0648382090189 0.0123417449892 0.0119009455445 -0.000839522011392 0.021529638712 0.0169242361256 0.0372486933676 0.006958020895 0.00674657626539 0.0326124036797 0.0253966022932 -0.00653281484512 0.0290389995981 0.0169055049015 -0.00216429475082 0.0167399936739 1.85474000405e-05 0.000516705269831 0.0269128439891 0.0109620355745 0.000218668027137 0.0166248449941 0.0246259549383 0.0354981893461 0.0292849953488 0.00399979573209 0.00525849893445 0.0102606241631 0.00627551212472 0.015271764601 0.0080125689717 -0.00889942427762 0.0183009117732 0.0119865071606 0.0340849056311 0.00574367227572 0.00708205582837 -0.00217447220811 0.00946508196217 0.00887655383821 0.0193560899412 0.00491245562516 0.0183660032253 0.627051622472 -0.0073610009607 0.00388235876854 -0.0219409007404 -0.016244938191 -0.00606325658063 
0.0102504134931 -0.0144589561069 0.0143620520154 -0.00322501278425 -0.00323275528515 0.0641568899019 0.0245845702449 0.0370027535472 0.0289781160409 -0.00400626862341 0.0712736236455 0.00200497828618 0.00316522163716 -0.0222468731148 0.00371237199316 0.0638934365058 0.00664494116426 -0.0224777677914 -0.00964094419067 0.00980186703193 0.00884425688353 0.0126688115624 0.00676840112288 -0.0180810995646 0.0200487138893 0.00943307953342 0.00602721072613 0.0192830883335 0.0276206336247 -0.000205616767981 0.0295513961638 0.00121932462558 0.00871022685664 -0.0171467634647 -0.00290687569541 -0.00822489599049 0.00788938200719 -0.000204736256978 0.0149202015747 0.00033443920866 0.00902522852385 0.0241562030056 0.0271883709004 0.00382747676845 -0.0073610009607 0.406999181836 0.000608907828252 -0.013589880689 0.0216064538196 0.0158348568405 
0.0265512226591 0.0210856276224 0.0102439121417 0.0566315702252 -0.00081526374857 0.019027790993 0.00604847644989 0.0125852146893 0.024845011876 0.0345320370566 0.00820473611034 0.00749215220895 0.00512888850928 0.0299662246963 0.0100296265107 0.00615198449322 -9.33170959766e-05 0.000243950467518 0.0148245227769 0.000520727484763 0.0363690918829 0.0125832598339 0.0288399565981 0.018833605417 0.00260272464338 0.0276338387098 0.0201711865527 0.023580421466 0.0148706410648 0.00770692224052 0.00644775797252 0.0094726187898 0.0156289864806 0.0312652841089 0.0284400272076 0.031887713961 0.00875174232399 0.00778364268416 0.0286302362064 0.0067001813663 0.0113718439401 0.00316575462121 0.0102716878673 0.0238843035832 0.00388235876854 0.000608907828252 0.160621365485 0.00367498827927 0.0170547012972 0.00945909473344 
