20
0.0771685990004 0.101022755506 0.18030920859 0.0189508527873 0.171628318037 0.00413185853021 -0.00139328324831 0.073470583658 -0.00660692339257 0.0578888041786 0.134360436546 0.234070828585 0.0703179731329 0.0136100125143 0.102922334335 0.176385145314 0.136929250297 0.0584521455196 0.0449819155318 0.0950879331279 
0.221448258627 0.0252952320483 0.00481327362915 -0.00242350869992 0.040242700527 0.0525006410709 -0.0036281310528 0.0380237603059 0.0287587962391 0.0230332591559 0.0428900601973 0.0543124025652 0.0263515015835 0.0147821689396 0.0274449384276 0.031617564692 0.0590425600217 0.0330744446434 0.041369436443 0.0440468186052 
0.0252952320483 0.470081513581 0.0151725374765 -0.0136909571593 0.0256682736634 -0.00421987130621 0.00928956863507 0.00328746112289 0.0182479453522 -0.00849093240134 -0.00779219361494 0.0221489555967 0.0155369216343 0.00693060100169 -0.00710750507609 0.0291923090293 0.0163676131399 0.0207131184179 0.0284043940797 0.0567544640559 
0.00481327362915 0.0151725374765 0.976895063137 0.0312304857861 0.0240431918803 0.0349388439573 0.0185696572938 -0.0227537182409 -0.0100504022143 -0.0150550568134 0.0189465033285 0.00727744288964 -0.00408192582883 0.0128867188668 0.0428956256859 0.0312913049454 0.102008176206 0.0307182663929 0.00642966863268 0.0651788485215 
-0.00242350869992 -0.0136909571593 0.0312304857861 0.398644194642 0.0129221920996 0.0128855443731 0.00771292000005 0.0226408478169 0.0364397621847 0.00632797361777 -0.0190955316264 0.0554129849596 -0.0158318773572 0.0096140698932 -0.0227312532451 0.0297281435649 0.0236156578281 0.00614003176171 -0.00209270109324 0.0251831763119 
0.040242700527 0.0256682736634 0.0240431918803 0.0129221920996 0.270287121033 0.0209213283031 0.0242891096972 0.0921945385583 0.0593860124168 0.0270823362605 0.0165084567802 0.0164841988422 0.022504521652 0.0126281835939 0.0403879962381 -0.0024160252825 -0.0179487460493 0.0243272644557 0.0173812653855 0.0136758780613 
0.0525006410709 -0.00421987130621 0.0349388439573 0.0128855443731 0.0209213283031 0.19784863622 0.00531203071739 0.0376674206489 0.00602881237408 0.0386250377518 0.0362548415073 0.0417146941695 0.0250447892501 0.00742479380881 -0.00541636465265 0.0273917455389 0.0323017334916 0.00163037849733 0.0151807837113 0.00593506974343 
-0.0036281310528 0.00928956863507 0.0185696572938 0.00771292000005 0.0242891096972 0.00531203071739 0.360506288267 0.0365739081014 0.00239820406916 -0.0152210771352 0.0177946143592 0.0553106144899 0.0269771996373 0.00523222046553 0.0321945202942 0.054387385751 0.0288006563653 0.0373928363488 0.00786252059368 0.0436219935868 
0.0380237603059 0.00328746112289 -0.0227537182409 0.0226408478169 0.0921945385583 0.0376674206489 0.0365739081014 0.456733111217 0.0334373490594 0.12034105886 0.0620487072629 0.0126733726855 0.0191259116579 -0.000856266018363 0.00516459335349 0.0385580304659 0.0338407671516 0.0286726053788 0.0400033252031 0.039364497268 
0.0287587962391 0.0182479453522 -0.0100504022143 0.0364397621847 0.0593860124168 0.00602881237408 0.00239820406916 0.0334373490594 0.178436892274 0.0066848793268 0.0113172561909 0.0255630291345 0.0202213163369 0.0101429653627 0.0305940656671 0.0320563573434 0.0150878209029 0.0152618828399 0.0290557900491 0.0389133804082 
0.0230332591559 -0.00849093240134 -0.0150550568134 0.00632797361777 0.0270823362605 0.0386250377518 -0.0152210771352 0.12034105886 0.0066848793268 0.435338618706 0.0988127806111 0.0474581414525 0.00730587726653 0.000765783949784 0.0116367300595 0.0337352766035 0.022522270404 0.0411332700724 0.0115312342843 0.0143443105339 
0.0428900601973 -0.00779219361494 0.0189465033285 -0.0190955316264 0.0165084567802 0.0362548415073 0.0177946143592 0.0620487072629 0.0113172561909 0.0988127806111 0.561004952249 0.0328771347912 0.0276745600342 -0.00830399059262 0.00741783980161 0.0163891601342 0.00687323472048 0.0151646401617 0.0252582952911 0.0040063598109 
0.0543124025652 0.0221489555967 0.00727744288964 0.0554129849596 0.0164841988422 0.0417146941695 0.0553106144899 0.0126733726855 0.0255630291345 0.0474581414525 0.0328771347912 1.02094853567 0.00514997222318 0.0230122861112 0.120335851438 0.046247957663 0.0369614727159 0.0209894598294 0.0241132465905 0.0124761585729 
0.0263515015835 0.0155369216343 -0.00408192582883 -0.0158318773572 0.022504521652 0.0250447892501 0.0269771996373 0.0191259116579 0.0202213163369 0.00730587726653 0.0276745600342 0.00514997222318 0.28213798036 -3.96801748433e-05 0.0396644313118 0.0274723549773 -0.0343332310493 0.0250878606854 0.0321851196849 0.023099047422 
0.0147821689396 0.00693060100169 0.0128867188668 0.0096140698932 0.0126281835939 0.00742479380881 0.00523222046553 -0.000856266018363 0.0101429653627 0.000765783949784 -0.00830399059262 0.0230122861112 -3.96801748434e-05 0.162392704359 0.0213237438401 0.0186966731419 0.00668328154946 0.0177063887271 0.0234129752168 0.0335644751006 
0.0274449384276 -0.00710750507609 0.0428956256859 -0.0227312532451 0.0403879962381 -0.00541636465265 0.0321945202942 0.00516459335349 0.0305940656671 0.0116367300595 0.00741783980161 0.120335851438 0.0396644313118 0.0213237438401 0.355375994467 0.0612531492018 -8.24316200516e-05 0.0143636387961 0.0161475308683 0.0210844501633 
0.031617564692 0.0291923090293 0.0312913049454 0.0297281435649 -0.0024160252825 0.0273917455389 0.054387385751 0.0385580304659 0.0320563573434 0.0337352766035 0.0163891601342 0.046247957663 0.0274723549773 0.0186966731419 0.0612531492018 0.625543589226 0.0645814983543 0.00373967931903 0.0135098881051 0.0404954901943 
0.0590425600217 0.0163676131399 0.102008176206 0.0236156578281 -0.0179487460493 0.0323017334916 0.0288006563653 0.0338407671516 0.0150878209029 0.022522270404 0.00687323472048 0.0369614727159 -0.0343332310493 0.00668328154946 -8.24316200517e-05 0.0645814983543 0.685265233789 0.020559715215 0.0434062309888 0.0529703834219 
0.0330744446434 0.0207131184179 0.0307182663929 0.00614003176171 0.0243272644557 0.00163037849733 0.0373928363488 0.0286726053788 0.0152618828399 0.0411332700724 0.0151646401617 0.0209894598294 0.0250878606854 0.0177063887271 0.0143636387961 0.00373967931903 0.020559715215 0.340763041775 0.00972437485134 0.0336212392623 
0.041369436443 0.0284043940797 0.00642966863268 -0.00209270109324 0.0173812653855 0.0151807837113 0.00786252059368 0.0400033252031 0.0290557900491 0.0115312342843 0.0252582952911 0.0241132465905 0.0321851196849 0.0234129752168 0.0161475308683 0.0135098881051 0.0434062309888 0.00972437485134 0.230309645561 0.0651050621461 
0.0440468186052 0.0567544640559 0.0651788485215 0.0251831763119 0.0136758780613 0.00593506974343 0.0436219935868 0.039364497268 0.0389133804082 0.0143443105339 0.0040063598109 0.0124761585729 0.023099047422 0.0335644751006 0.0210844501633 0.0404954901943 0.0529703834219 0.0336212392623 0.0651050621461 0.290091824023 
0.0191779817595 0.00219063135484 0.000416841723821 -0.000209882010043 0.00348512009733 0.00454668888824 -0.000314205365998 0.00329295423724 0.00249058481253 0.0019947387561 0.00371438817007 0.0047035920362 0.00228210697992 0.00128017338248 0.00237680138836 0.00273816142291 0.00511323568832 0.00286433092773 0.00358269828999 0.0038145663868 
0.00219063135484 0.0407102532611 0.00131398028945 -0.00118567167021 0.00222293770638 -0.000365451575188 0.000804500242817 0.000284702484637 0.00158031842419 -0.000735336316138 -0.000674823762175 0.00191815582141 0.00134553688319 0.000600207653096 -0.000615527995342 0.00252812812145 0.00141747687785 0.00179380867415 0.00245989268522 0.00491508076506 
0.000416841723821 0.00131398028945 0.0846015941508 0.00270463940633 0.00208220149564 0.00302579264459 0.0016081794956 -0.00197052980271 -0.000870390363581 -0.00130380616559 0.00164081531954 0.000630245041702 -0.000353505146413 0.00111602259101 0.00371487015552 0.00270990650003 0.00883416719882 0.00266027990565 0.000556825637382 0.0056446538609 
-0.000209882010043 -0.00118567167021 0.00270463940633 0.0345235999631 0.00111909466309 0.00111592087687 0.00066795846574 0.00196075493727 0.00315577597598 0.000548018590747 -0.00165372154872 0.00479890526745 -0.00137108079809 0.000832602876127 -0.00196858427701 0.00257453275346 0.00204517596062 0.000531742348568 -0.000181233230927 0.00218092704341 
0.00348512009733 0.00222293770638 0.00208220149564 0.00111909466309 0.023407551313 0.00181184017914 0.00210349860331 0.00798428124817 0.00514297953824 0.00234539911955 0.0014296742949 0.00142757349584 0.00194894874507 0.0010936327796 0.00349770307502 -0.000209233927083 -0.00155440700448 0.00210680290232 0.00150526173738 0.00118436578202 
0.00454668888824 -0.000365451575188 0.00302579264459 0.00111592087687 0.00181184017914 0.0171341945071 0.000460035354694 0.0032620943177 0.00052211046706 0.00334502639152 0.00313976137555 0.00361259848619 0.0021689423723 0.000643006005629 -0.000469070938536 0.00237219474906 0.002797412179 0.000141194919647 0.00131469443433 0.000513992117104 
-0.000314205365998 0.000804500242817 0.0016081794956 0.00066795846574 0.00210349860331 0.000460035354694 0.0312207603864 0.00316739335315 0.000207690564735 -0.0013181839472 0.00154105880856 0.00479003972472 0.00233629402088 0.000453123584135 0.00278812724374 0.00471008577058 0.0024942100058 0.00323831461976 0.000680914257191 0.00377777546099 
0.00329295423724 0.000284702484637 -0.00197052980271 0.00196075493727 0.00798428124817 0.0032620943177 0.00316739335315 0.0395542477064 0.00289575937206 0.0104218414091 0.00537357567616 0.00109754626973 0.00165635253663 -7.415481243e-05 0.000447266904434 0.00333922339034 0.00293069640368 0.00248312046508 0.00346438958617 0.00340906546413 
0.00249058481253 0.00158031842419 -0.000870390363581 0.00315577597598 0.00514297953824 0.00052211046706 0.000207690564735 0.00289575937206 0.0154530881681 0.000578927531825 0.000980103136242 0.00221382326282 0.00175121736457 0.000878406567378 0.00264952380728 0.00277616198121 0.00130664361897 0.00132171782489 0.00251630523095 0.00336999759806 
0.0019947387561 -0.000735336316138 -0.00130380616559 0.000548018590747 0.00234539911955 0.00334502639152 -0.0013181839472 0.0104218414091 0.000578927531825 0.0377014303048 0.00855743782278 0.00410999561143 0.000632707530974 6.63188354324e-05 0.00100777038486 0.00292156065423 0.00195048583208 0.00356224568234 0.000998634182723 0.00124225373221 
0.00371438817007 -0.000674823762175 0.00164081531954 -0.00165372154872 0.0014296742949 0.00313976137555 0.00154105880856 0.00537357567616 0.000980103136242 0.00855743782278 0.0485844540296 0.00284724339329 0.00239668720282 -0.0007191466806 0.00064240377094 0.00141934290229 0.000595239587411 0.00131329636193 0.00218743253784 0.000346960937294 
0.0047035920362 0.00191815582141 0.000630245041702 0.00479890526745 0.00142757349584 0.00361259848619 0.00479003972472 0.00109754626973 0.00221382326282 0.00410999561143 0.00284724339329 0.0884167367848 0.000446000677406 0.00199292243714 0.0104213904332 0.00400519062093 0.00320095743333 0.0018177405424 0.00208826841151 0.00108046702657 
0.00228210697992 0.00134553688319 -0.000353505146413 -0.00137108079809 0.00194894874507 0.0021689423723 0.00233629402088 0.00165635253663 0.00175121736457 0.000632707530974 0.00239668720282 0.000446000677406 0.0244338658364 -3.43640394409e-06 0.00343504051427 0.00237917573121 -0.00297334502827 0.00217267246802 0.00278731312709 0.00200043618707 
0.00128017338248 0.000600207653096 0.00111602259101 0.000832602876127 0.0010936327796 0.000643006005629 0.000453123584135 -7.415481243e-05 0.000878406567378 6.63188354324e-05 -0.0007191466806 0.00199292243714 -3.4364039441e-06 0.0140636207364 0.00184669038693 0.00161917939071 0.000578789160248 0.00153341824469 0.00202762313159 0.00290676881018 
0.00237680138836 -0.000615527995342 0.00371487015552 -0.00196858427701 0.00349770307502 -0.000469070938536 0.00278812724374 0.000447266904434 0.00264952380728 0.00100777038486 0.00064240377094 0.0104213904332 0.00343504051427 0.00184669038693 0.0307764639104 0.00530467832705 -7.13878770398e-06 0.00124392760882 0.00139841719403 0.00182596694662 
0.00273816142291 0.00252812812145 0.00270990650003 0.00257453275346 -0.000209233927083 0.00237219474906 0.00471008577058 0.00333922339034 0.00277616198121 0.00292156065423 0.00141934290229 0.00400519062093 0.00237917573121 0.00161917939071 0.00530467832705 0.0541736639444 0.00559292181892 0.000323865729228 0.00116999063013 0.00350701232469 
0.00511323568832 0.00141747687785 0.00883416719882 0.00204517596062 -0.00155440700448 0.002797412179 0.0024942100058 0.00293069640368 0.00130664361897 0.00195048583208 0.000595239587411 0.00320095743333 -0.00297334502827 0.000578789160248 -7.13878770399e-06 0.00559292181892 0.0593457100792 0.00178052356707 0.00375908987188 0.00458736976916 
0.00286433092773 0.00179380867415 0.00266027990565 0.000531742348568 0.00210680290232 0.000141194919647 0.00323831461976 0.00248312046508 0.00132171782489 0.00356224568234 0.00131329636193 0.0018177405424 0.00217267246802 0.00153341824469 0.00124392760882 0.000323865729228 0.00178052356707 0.0295109450848 0.000842155565718 0.00291168473078 
0.00358269828999 0.00245989268522 0.000556825637382 -0.000181233230927 0.00150526173738 0.00131469443433 0.000680914257191 0.00346438958617 0.00251630523095 0.000998634182723 0.00218743253784 0.00208826841151 0.00278731312709 0.00202762313159 0.00139841719403 0.00116999063013 0.00375908987188 0.000842155565718 0.0199454003793 0.00563826377335 
0.0038145663868 0.00491508076506 0.0056446538609 0.00218092704341 0.00118436578202 0.000513992117104 0.00377777546099 0.00340906546413 0.00336999759806 0.00124225373221 0.000346960937294 0.00108046702657 0.00200043618707 0.00290676881018 0.00182596694662 0.00350701232469 0.00458736976916 0.00291168473078 0.00563826377335 0.0251226889034 

['AIV', 'CMX', 'ADCT', 'SLR', 'BLL', 'PNW', 'RSH', 'FCX', 'PPG', 'COP', 'TXU', 'PMCS', 'BF.B', 'SLE', 'KSS', 'BBY', 'VMC', 'BMET', 'MEL', 'GDW']