60
0.0350054865441 0.142595623168 0.0861150338972 0.0101927526284 0.0291549562933 0.00633581846688 0.0680936188342 0.072987431854 0.0571643700905 0.0605665428979 0.0321720089654 0.161692830297 0.100220943784 0.0705908558691 0.0345230729479 0.0422457423554 0.0114549593271 0.00610402508206 0.0205902908148 0.0370780174455 0.122670110856 0.125568601155 0.00643120824938 0.0301615681032 0.1366928931 0.0300764430792 0.12260521459 0.0279461936292 0.0256858872149 0.0534982218633 0.104921073146 0.0336878097659 0.0477990277318 0.0430779984078 -0.00773505516991 0.0135435889675 0.165275344352 0.0506132512338 0.00791209609274 0.0038222736377 0.165506763093 0.099400173405 0.18030920859 0.136929250297 0.0571686925308 0.0384658872101 0.065309734793 0.0662185328213 0.0277285522359 0.144106781955 0.0723841835345 0.0962618702605 0.0833786368315 0.0896896089949 0.0607700526619 0.0360508970818 0.119808933935 0.0464034886179 0.128291051585 -0.00694067656108 
0.13320675929 0.0301293233876 0.0325490518334 0.0189183581947 0.00285963356661 0.00590366987527 0.000542211837624 -0.000132884531103 0.00921167980658 0.0138743250079 0.00771764521533 0.00684883580926 0.00913861833482 0.0097174444502 0.016591445535 0.00985606474654 0.00531728030472 -0.000190544774929 0.000709960031457 0.0228933496407 0.000175049267829 0.0123645221461 0.0130457018452 0.0112240575031 -0.00107617333959 0.00241919411282 0.0219128997765 -0.00150664377068 0.0116595327636 0.012634656687 0.0120047161113 0.0241247427387 0.0184328271986 0.00373706764573 0.019932228817 0.00589777928229 -0.00746952302641 0.016859867112 0.0103708807232 -0.00364315684566 0.002865198541 0.030502271467 0.00368918022533 0.0371219349441 0.00401408335328 0.00693074401315 0.0153247534823 0.0175962383276 0.00980253400286 -0.00714480174323 0.0179412527765 0.0303291892997 0.0224693128692 0.000783947070364 0.012999245784 0.00944836851305 0.00706810653896 -0.00572140006599 -0.00409957428207 0.00500528735791 
0.0301293233876 0.412429009624 0.0368873880051 0.0372956102482 0.00584648254301 0.00846150334276 0.0467130172005 0.0374690262273 0.0287526762287 0.0417529756365 0.0523619462292 0.00677400788483 -0.0169128865054 0.015657328802 0.00790591156548 0.0222285631845 0.0299571204186 0.0261143269302 0.0285400235888 -0.0161620892197 -0.0192997838687 0.0231120402155 0.0154652569864 0.0162321855409 0.0205569480035 0.0205847487523 0.0203343859339 0.00664223028527 0.00921472870439 -0.00347075272445 0.0324503618482 0.0212135687928 0.0113349224395 -0.00825967466024 0.0349610727393 0.0205829352303 -0.0129166231347 0.0160104492083 0.00224690533987 0.000606173246881 0.0475200132209 0.0419951204661 -0.0311656309448 0.088008113294 0.0480661538898 0.026066261882 0.0175377901433 0.054873702177 0.0251051662901 0.0216311238398 0.0543399573034 0.0305152510415 0.0207806378067 -0.00952364579329 0.0966119191804 0.0211521705825 -0.0137374919974 0.0174816974583 0.0165396887127 0.112445417042 
0.0325490518334 0.0368873880051 0.224676934353 0.012405587191 0.0162509511619 0.0246540863476 0.00701801469462 -0.000219421780681 0.00772528666509 0.0106264791567 0.0270676695636 -0.0148259863034 0.020867422406 0.0315291147782 0.00701463613712 0.014588305245 0.0252903326495 0.0190377019651 0.00957988641587 0.0133500217754 0.0090516808843 0.000602897595052 0.0307556491456 0.0082965149537 0.00622206017616 -0.0031550724323 0.0238111577368 -0.00461210684392 0.0167046111669 0.0364400647381 0.0178480863589 0.038205364787 0.0166591081054 0.0186463865806 0.0134507754398 0.019494302265 -0.00034349927192 0.0206462344183 2.26602972121e-05 0.00399206721517 0.0108225924222 0.057748687536 0.0145658882512 0.018536948059 0.0245311969069 0.0069567274569 0.00316081402706 0.0127493979248 -0.00621236561363 0.0273199054474 -9.22000210706e-05 0.00906293212474 0.0192388261666 0.0035400827396 0.00602448227037 0.02996498184 0.0257147035896 -0.00484901698289 -0.00509593795849 0.0313314334312 
0.0189183581947 0.0372956102482 0.012405587191 0.244800502303 0.0106341154661 0.00449885833119 0.0267673715119 0.0132591758597 0.0291546698796 0.0143398687593 0.00950365205762 0.00795903649866 0.0212734825927 0.0154477017766 0.0159600180056 -0.00658578610373 0.0161883629072 0.0140526745752 0.0133318135434 0.00892381493776 -0.00203011684528 0.000296421919999 0.030680434499 0.0407736927023 0.00647105522886 0.0187943026956 0.00443834509655 -0.00798127785501 0.0139410754452 0.0143765275204 0.0034177751619 0.01609320181 0.00160030110608 0.0125586102054 0.00840303226353 0.00949566095943 0.00777257871818 0.02621020588 0.00464455463001 0.0231825688303 0.0237748505399 0.0198866328661 0.00382870763624 0.0205742258592 -0.00202199530762 0.028073377112 0.0240017281475 0.0101658350709 0.00218039953838 0.00385894787011 0.00795948781173 -0.0251702847737 0.0368884685642 0.0461753520805 0.0233496762096 0.0139996003809 0.0125279091198 0.0178634198902 0.0214409982155 0.0290310631357 
0.00285963356661 0.00584648254301 0.0162509511619 0.0106341154661 0.240471628681 0.0116974626325 0.0177666441146 0.00111877336319 0.0123034629507 0.00126641471987 0.00352131871594 0.00761550646545 -0.0217692013388 0.00336527347984 0.01068255863 -0.0052611155579 0.0338289779174 0.0328009897597 0.00454375337135 0.0138137590487 0.0151928490854 0.0202201209293 0.016226144388 0.00168855863239 0.026569452634 0.00325863454812 0.0178901527586 0.0231170156667 0.0274706223384 0.0141620876821 0.0155755610671 0.0145605491804 0.00375214975016 0.00893931858981 0.0155910713324 0.0136930390668 0.000801504003203 0.00855965118281 0.00938403679115 0.00331460488694 0.0426497285175 0.00363177703143 0.000835177297137 -0.00237453096962 0.00709040373068 0.0104155164409 -0.00338461110592 0.00641277279073 0.00277536829676 0.0368196019086 0.00474684371728 0.00550983353584 0.00704517975782 -0.00447703795275 0.0392948806067 0.0212168366641 0.000446867891004 -0.00634575393598 0.0210804102051 0.0138783448146 
0.00590366987527 0.00846150334276 0.0246540863476 0.00449885833119 0.0116974626325 0.168745812025 0.000861406800838 0.000431197637547 0.0136450879731 0.014343104841 0.024713733395 -0.00816722521826 0.0261597858919 0.0257634549313 0.00709481889078 0.0180384355497 0.020839943734 0.0212693760424 -0.00226777098906 0.0162131964117 0.00964168032259 0.0173313866976 0.0184293242082 0.00254089404239 0.00915505522266 0.0281465860099 0.0215321575675 0.00756895652107 0.0121230393831 0.0505422588871 0.0200758238621 0.027181065952 0.00887683464923 0.0209482877738 -0.00189354480167 0.00961272789839 -0.0511479298019 0.0115531288897 0.00207037770928 -0.00053409737866 0.0152438647877 0.0408056628239 0.00400777775852 0.0209161677993 0.018246021612 0.0180502741444 0.0265812830063 0.00161280555139 0.000424566641444 -0.00302739091039 -0.00306563328412 -0.00160137363305 0.0224171165754 0.0256678684331 0.0166782346591 0.0234797590292 -0.00732010598996 0.013640415063 0.0308813397204 0.058935292571 
0.000542211837624 0.0467130172005 0.00701801469462 0.0267673715119 0.0177666441146 0.000861406800838 0.288453713823 0.0130285900567 0.0148438557912 0.00719988487656 0.000527320758695 0.0215619425376 -0.0111199264337 0.0263294651937 0.01956807177 0.0118343064212 -0.00682938775656 -0.00932827642794 0.0265739338475 0.00635500736699 -0.0148081849738 0.00793159431412 0.00964347046274 0.0245348126116 0.0209284047243 0.0157928733327 0.0219077315308 -0.00330502663803 -0.00391903336795 0.00311095553724 -0.000599520100377 -0.00502517262814 0.0257116675001 0.0124505059854 0.0106922030045 -0.00331150381683 -0.0113650975923 0.01172093612 0.00506031671722 0.0443251203444 0.0365284462403 0.0136628144958 0.011240115843 0.0274693341387 -0.000647387141862 0.00728838515137 -0.00755607012694 0.0102742676292 0.0215602575683 0.0358576125383 0.0305175722887 0.052351683547 0.0214593821707 0.0144634488202 0.0155961499358 0.0208509518946 -0.00238645642206 0.0135494250458 0.0246696399483 -0.0111045625823 
-0.000132884531103 0.0374690262273 -0.000219421780681 0.0132591758597 0.00111877336319 0.000431197637548 0.0130285900567 0.443292960743 0.0101258485169 -0.00404067042628 0.010680038584 -0.0197263255158 0.068645857232 0.0218894630798 0.00372920071471 0.00329984883245 -0.0117097990688 0.0106549660918 0.00530192592356 -0.00610374738664 0.155662684721 -0.0135836552583 0.0268822895294 -0.00172991932933 0.0269363109987 -0.0048348017995 0.0109485301407 0.0381283424471 -0.0158306461285 0.0078584326216 -0.0135168418851 -0.00214198109251 -0.0254751266194 0.00698723751635 -0.000386414807286 0.0171338855716 0.00636913703626 0.00320867623252 0.00324726871551 0.0211658157389 0.0231431554269 0.00526418585233 0.0215960651269 0.0125083774268 0.00540715760408 0.0329091669421 -0.020660942356 0.0522419053657 0.00655140481819 0.00516708045382 0.0120561871252 0.0413697847969 -0.00897101916701 -0.000378718058374 0.00691378605384 0.0153708526247 0.000778040073782 0.0546902377127 -0.0129783150267 0.00061409984122 
0.00921167980658 0.0287526762287 0.00772528666509 0.0291546698796 0.0123034629507 0.0136450879731 0.0148438557912 0.0101258485169 0.17825729079 0.010072694386 0.0219043266458 0.00718322272913 -0.010746222498 0.0121421049168 0.0180282791059 0.0120983320266 0.0199251785157 0.0239124592378 0.0283130888019 0.00292327641537 0.00367731132755 -0.00922370200378 0.0131655117087 0.0125210087459 -0.00379988035778 0.0215450102211 0.0316806301753 0.00710871168311 0.0494287753945 0.0222391271257 0.0469452906088 0.0415186056397 0.0156258410393 0.0211852716982 0.0126035615726 0.0171223621693 0.0281585498051 0.0290702563524 0.0108990528379 0.0150896334948 0.00733669928288 0.0297962586228 0.0125325573236 0.010267240732 0.0135552673642 0.0285778081659 0.00926927194391 0.010690964494 0.0510888043517 0.0241663437236 0.00755788542868 0.0344548167672 0.0222440553159 0.00822471950898 0.00784418520732 0.0466103937803 0.0136487473697 0.00213248654011 0.0179240548623 0.0350435248136 
0.0138743250079 0.0417529756365 0.0106264791567 0.0143398687593 0.00126641471987 0.014343104841 0.00719988487656 -0.00404067042628 0.010072694386 0.229883458626 0.0291021236955 0.0163299855566 0.00424974849685 -0.0153766412559 0.0171428830083 0.0141270755737 0.00451343699826 0.0379136962023 -0.0064055649215 0.0188052306021 8.63856215259e-05 0.00226203881917 0.0207660277848 0.0212071698944 0.00890805448687 0.0219164413253 0.0120870285904 -0.000831267787525 -0.00414185545629 0.0302073907711 -0.00267216483525 0.0464156575257 0.0148082955831 0.0211600675258 0.0307687771414 0.0217698902239 0.0762693164904 0.00459395238889 0.0215287598788 0.0181358150775 -0.00112503651019 0.00103229153791 0.0475777954154 0.0304052155605 0.01820385122 0.0139900813064 -0.00211173900084 0.0111612228181 0.0172028788834 0.0160448136075 0.0232574178042 -0.00762429699975 0.0116743512257 0.00598530145933 0.0211719926021 0.0221767626234 -0.00569060987288 0.00187922528043 0.0278189391562 0.00561013924412 
0.00771764521533 0.0523619462292 0.0270676695636 0.00950365205762 0.00352131871594 0.024713733395 0.000527320758695 0.010680038584 0.0219043266458 0.0291021236955 0.136659594076 0.00255066690229 0.00489565910832 0.00800430467629 0.0165610371265 0.0122386498355 0.0298661115818 0.0143294671382 0.00829006556568 -0.00187166400193 0.00293987686167 -0.00245839932448 0.0243136593411 0.0110907628939 0.013269073306 0.019505284162 0.0254379312057 0.00909371243205 0.0319888691018 0.0165765407318 0.0134013020753 0.0268238190415 0.00719541743257 0.0103199854315 0.0201896912529 0.0252964074028 0.0141114366134 0.0149463487862 0.00377874040885 0.0148191735142 0.0228515544879 0.0209007677717 0.0121776787036 0.0233522815907 0.00743060183823 0.0194441837402 0.0172538617161 0.0123357854497 0.0086162154405 0.0132231886427 0.0155349084831 0.0122234772337 0.0101271050934 -0.00135582109312 0.0269438605662 0.0172750650664 0.0082198924853 -0.00828199183112 0.014885063439 0.0101971516229 
0.00684883580926 0.00677400788483 -0.0148259863034 0.00795903649866 0.00761550646545 -0.00816722521826 0.0215619425376 -0.0197263255158 0.00718322272913 0.0163299855566 0.00255066690229 0.889885554372 0.0458655786732 0.0158282555329 0.0114161935485 0.0210145948841 0.00633512302994 0.0350219313226 0.0158964246952 0.0403013593648 0.0164807460858 0.00281988499838 0.0295284584987 0.00932357232919 0.00195904523057 0.000319294331711 0.0104903154849 0.037772629773 0.0198747952123 0.00291584634736 0.026067305173 0.0234388068215 0.0269784637271 0.00561603409212 0.0214532522169 -0.0221249422814 -0.0386285095477 0.0371079351826 -0.00956461450728 0.0549435070763 0.0370961434738 -0.00615223670224 0.00834578537138 0.00615484208042 -0.00245940191101 0.0108763841837 -0.0037249242589 -0.0214905361496 0.0480616389004 -0.0133337985371 0.0301809507127 0.0196382917015 0.00657028166907 0.0145262397393 0.0305081857178 0.0150106387989 -0.0172515912193 0.0155768690035 0.0172024928656 0.0166378363161 
0.00913861833482 -0.0169128865054 0.020867422406 0.0212734825927 -0.0217692013388 0.0261597858919 -0.0111199264337 0.068645857232 -0.010746222498 0.00424974849685 0.00489565910832 0.0458655786732 1.08942652101 -0.00848626293214 0.131251405243 0.000663387694114 0.0058935318448 0.0170988229297 -0.0249788517229 0.036623544602 0.0265484418833 0.056322695426 0.00857001289678 0.0272356193528 0.0234498053298 0.0077825050152 0.0160979905815 -0.00190768046902 -0.0101803885264 -0.00474015871934 0.00381872447826 0.0173264358467 0.0219678031256 0.0454698008694 0.00635757671208 -0.00717004392371 0.0199504170072 0.0109705014962 0.00580554460766 0.013433018609 0.166805357508 -0.0243808799475 -0.0154848834911 0.00127506687826 0.0043417240927 0.0173804612358 -0.00374936783993 -0.00559701057954 -0.0077790356507 -0.0183177774955 0.0372363634514 -0.0175369578011 0.00288690134496 0.0156369055041 -0.0104254929384 0.0108488652756 0.050666128358 0.0202994638252 0.0327285834756 0.0325073080843 
0.0097174444502 0.015657328802 0.0315291147782 0.0154477017766 0.00336527347983 0.0257634549313 0.0263294651937 0.0218894630798 0.0121421049168 -0.0153766412559 0.00800430467629 0.0158282555329 -0.00848626293214 0.426728376292 0.0209434944737 0.0050348266801 -0.000113313814607 0.00590278685732 0.00537517092142 -0.00247924528926 0.0411396179429 0.187238868341 0.00159683271555 0.0024257954955 0.0317859461857 0.08995104222 0.0100095099966 0.0116726491725 0.036195280371 0.00891081166784 0.00196409150371 0.0200551850739 -0.0331640317356 0.0512554443559 0.002674069538 0.0101190835635 -0.00677326622086 0.0170245016187 -0.00185802314073 0.0122323574988 0.0230429449962 0.0195718544263 -0.000460936813313 0.0500602746609 -0.00687280011205 0.0294787252316 0.0381688836341 0.00304214211636 0.00795170651162 0.0485804838058 -0.00598882684422 0.0122966804139 0.00230607491141 -0.00018051011939 0.0143684782832 -0.00287815487168 0.00225600776633 0.0286118724886 0.0126778869167 -0.00786054567714 
0.016591445535 0.00790591156548 0.00701463613712 0.0159600180056 0.01068255863 0.00709481889078 0.01956807177 0.00372920071471 0.0180282791059 0.0171428830083 0.0165610371266 0.0114161935485 0.131251405243 0.0209434944737 0.149829423215 0.0106677559316 0.00382940786114 0.00949832659759 0.00785983787596 0.0179920712476 0.0183411334271 0.00133269621852 0.021512643639 0.0216351102068 0.00504420931519 -0.00546009763949 0.01537926602 -0.00834287273994 0.0189256736097 0.0248387681788 0.0137328211023 0.0151226211045 0.00289420476957 0.00543466221326 -0.00272347861377 0.00912120162729 -0.00271799884568 0.0152343225226 0.00977516916715 0.0125739947756 0.0363644439222 0.0297058576984 2.80778195244e-05 0.00143168585707 0.000488725389018 0.0124487087253 -8.49856804707e-05 -0.0174821705182 0.00962848467255 0.00732980956449 0.0161749956629 0.0220508021742 0.0155692564966 0.00672317534566 0.000426567569572 0.026412222176 -0.000508813730822 0.00465454430679 0.00107784171842 0.0149120567965 
0.00985606474654 0.0222285631845 0.014588305245 -0.00658578610373 -0.0052611155579 0.0180384355497 0.0118343064212 0.00329984883245 0.0120983320266 0.0141270755737 0.0122386498355 0.0210145948841 0.000663387694114 0.0050348266801 0.0106677559316 0.178846501502 0.0163961364852 0.018402082876 0.0185630889193 0.00148655339955 0.00403067411636 0.0199464251169 0.0217547193151 0.0191293942959 -0.000456186441852 0.0154833917753 0.0141441478675 0.0123866799087 -0.00426781943743 0.0291626531847 0.00673610870495 0.00405586123322 0.0282592765544 -0.00489042292801 0.00720995388597 0.00691606423541 -0.00590070755702 0.00720042068548 0.0170540612682 -0.00707086647112 0.00228693645463 0.0178400332175 0.0106530346168 0.0557582290538 0.00949589526239 0.0170015047359 0.0193668386164 0.0368231273522 0.00450590972095 0.0111304498301 0.00764912820452 0.0148887894981 0.0147346832438 0.0170728316449 0.0127189420725 0.00823745003165 -0.0225518814624 0.00876491714243 0.0118291163052 0.0258405155986 
0.00531728030472 0.0299571204186 0.0252903326495 0.0161883629072 0.0338289779174 0.020839943734 -0.00682938775656 -0.0117097990688 0.0199251785157 0.00451343699826 0.0298661115818 0.00633512302994 0.0058935318448 -0.000113313814608 0.00382940786114 0.0163961364852 0.150666812745 0.0211435716112 0.0123598167326 0.0315918483018 -0.00345742186672 0.0195213151184 0.0333785227237 0.0140903753984 0.00872770582894 0.000869706459587 0.0172032448404 0.00745312735757 0.0260369682537 0.0321756998086 0.0231532829521 0.0252615859997 0.0145418407884 0.0108387268703 0.0222048172954 0.0365295038996 -0.0186882981474 0.0166271929526 0.0119184547746 0.00819287507991 0.0115753451217 0.00661427789689 -0.000749070662812 -0.00035941702001 0.00236523175963 0.014851416976 0.0183152859038 -0.00273794141624 0.00287162126422 -0.00300800771002 0.00676234052277 -0.0067948198716 0.0127638108857 0.0288903469273 0.0201524795531 0.0142974881872 -0.00221313005144 -0.00257963534082 0.0130964817098 0.000775851432498 
-0.00019054477493 0.0261143269302 0.0190377019651 0.0140526745752 0.0328009897597 0.0212693760424 -0.00932827642794 0.0106549660917 0.0239124592378 0.0379136962023 0.0143294671382 0.0350219313226 0.0170988229297 0.00590278685732 0.00949832659759 0.018402082876 0.0211435716112 0.153719991806 0.00624824696957 0.0081251917103 0.0148568567991 0.0130879895198 0.0372169963138 0.0353844550256 0.0276151690305 0.0181498604792 0.0129172921594 0.00332967459648 0.0118404200927 0.0236681240889 -0.00581646461463 0.00970999436159 0.014041128854 0.00759014001807 0.0201985954411 0.0305550459028 0.000916702727869 0.0237515995814 0.0248956680954 0.00601113346049 0.0165324358544 0.00399671085199 0.042865802738 0.0229403586834 0.0232203333169 0.0467626058022 -0.00340963201397 -0.00699428161175 0.0242155483942 0.0111256232909 -0.0044050644549 -0.0210659779691 0.00687773655046 0.0107036404723 0.0144288861344 0.0221686253172 -0.000812797349503 -0.00272002949171 0.00493044060558 0.00833812335072 
0.000709960031457 0.0285400235888 0.00957988641587 0.0133318135434 0.00454375337135 -0.00226777098906 0.0265739338475 0.00530192592356 0.0283130888019 -0.0064055649215 0.00829006556568 0.0158964246952 -0.0249788517229 0.00537517092142 0.00785983787596 0.0185630889193 0.0123598167326 0.00624824696957 0.283465937267 0.0343373228211 -0.00513339603125 0.040796326562 0.00378992788542 0.0214624467542 0.0101718181777 0.0226546642513 0.024816440458 -0.00248007282216 0.00578277627107 0.0127202346786 0.0279151647292 0.0373786411575 0.00802050014161 0.00679127910411 0.0179841643583 -0.0133282394493 -0.00248693987686 0.00586072009659 0.00498852100612 0.00975540664302 0.0198624708128 0.0156740878948 0.0333741654747 -0.00576874830218 0.0134653979634 -0.0190219368568 0.0129858860938 -0.0212875727255 0.0250270131344 0.0291188285114 0.0254114546532 0.0711795182083 0.0278657489588 0.0353672804424 0.022636470511 0.0153573680687 0.0272030808787 -0.0123832659511 0.0109675222241 0.0107606040743 
0.0228933496407 -0.0161620892197 0.0133500217754 0.00892381493776 0.0138137590487 0.0162131964117 0.00635500736699 -0.00610374738664 0.00292327641537 0.0188052306021 -0.00187166400193 0.0403013593648 0.036623544602 -0.00247924528926 0.0179920712476 0.00148655339955 0.0315918483018 0.0081251917103 0.0343373228211 0.17885591168 0.00634253023182 0.00448263168585 0.00282822135937 0.0153890134356 0.00831627087218 0.00171624454701 0.0199433225107 0.0191645464446 0.0148733862199 0.0283252069149 0.0187738868421 0.0154086863425 0.0348909387397 0.01914412142 0.0199936615988 0.0234423221361 0.00232198758466 0.0304909672434 0.00729229069783 0.000482705050638 0.0119026120828 0.0350287844478 0.0235803910223 0.00614598933049 0.0147790703257 0.0199023565539 0.00743466399244 0.0289961034065 0.00667264660272 0.0113184971451 0.0015777553517 0.0160325672122 -0.00166475899509 0.0281221388029 0.0224407872295 0.0289517337184 0.00996366446002 -0.00245639726954 0.0346839903319 -0.00196117901086 
0.000175049267829 -0.0192997838687 0.0090516808843 -0.00203011684528 0.0151928490854 0.00964168032259 -0.0148081849738 0.155662684721 0.00367731132755 8.63856215253e-05 0.00293987686167 0.0164807460858 0.0265484418833 0.0411396179429 0.0183411334271 0.00403067411636 -0.00345742186672 0.0148568567991 -0.00513339603125 0.00634253023182 0.362745042679 -0.0160823404555 0.0090251392941 0.0142927353756 0.0130239740283 0.0409600063347 0.0136441532133 0.00373965453863 0.0165395753074 0.0142258616927 0.0183644374411 0.00112405348334 -0.000891773345266 -0.00431635272904 -0.00653602941209 0.0244010484128 -0.0168842303668 0.00589125717152 0.0170373850902 0.0151632841821 0.0245985391013 0.0283420453907 -0.00386325001797 -0.0150520262187 -0.0136805690336 0.0104895769917 -0.00879237849671 -0.008190150774 -0.0158983720716 0.00176430971808 0.0110189600927 -0.0192042925867 -0.0154749327123 0.0216378282956 0.00915024012288 -0.00354022723622 -0.00647092001529 0.0150896354495 -0.000826420523991 0.0149810038512 
0.0123645221461 0.0231120402155 0.000602897595051 0.000296421919999 0.0202201209293 0.0173313866976 0.00793159431412 -0.0135836552583 -0.00922370200378 0.00226203881917 -0.00245839932448 0.00281988499838 0.056322695426 0.187238868341 0.00133269621852 0.0199464251169 0.0195213151184 0.0130879895198 0.040796326562 0.00448263168585 -0.0160823404554 0.80306173885 0.0162520365122 0.0188631523564 0.0331822629478 0.0670329648583 0.0247947516257 -0.0114537300366 0.0106284551515 -0.0140286187478 0.0205750319189 -0.00437181376467 -0.0165556650311 0.0345687211127 -0.00085983372506 0.0396944457832 -0.00309803798777 0.00343250066161 0.00172783924027 0.0198254463547 0.0233939928563 0.0145211817869 0.0645059580636 0.00801249939083 0.00511680899681 -0.0100407948537 0.0361528332283 0.0115761701547 0.0161972024127 0.0398095316003 0.0143569401538 0.0146089007725 0.0280604581923 0.0190089829847 0.0305277934589 0.0307130801376 -0.0132115490224 0.00918546576578 -0.0105646447602 0.0451802299109 
0.0130457018452 0.0154652569864 0.0307556491456 0.030680434499 0.016226144388 0.0184293242082 0.00964347046274 0.0268822895294 0.0131655117087 0.0207660277848 0.0243136593411 0.0295284584987 0.00857001289678 0.00159683271555 0.021512643639 0.0217547193151 0.0333785227237 0.0372169963138 0.00378992788542 0.00282822135937 0.0090251392941 0.0162520365122 0.185892533477 0.0274503563219 0.0143081671963 -0.00040392490009 2.57352245255e-05 0.010885570005 0.0251860687169 0.0205160168463 0.0177231748897 0.00575154065906 0.00836306381669 -0.000786275805976 0.0170838032796 0.0178859373867 0.00315381143482 0.0209163230351 0.0117081549184 0.0207734896472 0.00616199401851 0.00251773220928 0.0215512046406 0.0258938586509 0.00212311119956 0.0159340561426 -0.0163900911941 0.014835433767 0.0237239180421 0.0292014121172 0.0448711572213 0.0303511477281 0.0204187019302 0.00481238088033 0.00321415952753 0.0504305988591 0.0025470663052 0.0165557114661 0.0217043087928 -0.00130496990667 
0.0112240575031 0.0162321855409 0.0082965149537 0.0407736927023 0.00168855863239 0.00254089404239 0.0245348126116 -0.00172991932933 0.0125210087459 0.0212071698944 0.0110907628939 0.00932357232919 0.0272356193528 0.0024257954955 0.0216351102068 0.0191293942959 0.0140903753984 0.0353844550256 0.0214624467542 0.0153890134356 0.0142927353756 0.0188631523564 0.0274503563219 0.212992713778 0.0272663836956 0.0286373585565 0.0187797321196 0.00987671872057 -0.00299244826048 0.0269116488707 0.0238416244685 0.0314208945052 0.0475286818813 0.00513858233531 0.0217662117986 0.0179343630103 0.0064897117412 0.0146058592941 0.0263111566906 0.0242695825935 0.0316718575979 0.0157833286614 -0.036178277171 0.0178356120845 -0.000590259255998 0.0229933603261 0.00776382739021 0.00968749193166 0.0214371780084 -0.0062847564739 0.00954975334947 0.0286216485215 0.00552808877171 0.00726795910929 0.00280911553432 0.0235595546907 0.00136471951045 0.00216534562105 -0.00760231790845 0.0160891825603 
-0.00107617333959 0.0205569480035 0.00622206017616 0.00647105522886 0.026569452634 0.00915505522266 0.0209284047243 0.0269363109987 -0.00379988035778 0.00890805448687 0.013269073306 0.00195904523057 0.0234498053298 0.0317859461857 0.00504420931519 -0.000456186441852 0.00872770582894 0.0276151690305 0.0101718181777 0.00831627087218 0.0130239740283 0.0331822629478 0.0143081671963 0.0272663836956 0.51404239119 0.0215502701365 -0.0176834950547 0.0206453635474 -0.00849739094676 0.0041631367236 -0.0109289238474 0.0330211992404 0.0441478640249 -0.00416317990207 0.00570867266972 0.0442132703904 -0.0256072639625 -0.0118819728397 -0.00889457757585 -0.00297437941254 0.04666612165 0.0270383353094 0.0287224094416 0.000235418162489 -0.00441671370908 0.0195473273357 0.027688086325 -0.0129160482613 0.00209628865594 0.0202911166861 -0.00833650513752 0.0222960331768 0.0213988847463 -0.00136545193901 0.0228487570763 0.0025612059266 0.0319907091521 -0.0076141531176 -0.0104127813462 0.00800909901793 
0.00241919411282 0.0205847487523 -0.0031550724323 0.0187943026956 0.00325863454812 0.0281465860099 0.0157928733327 -0.0048348017995 0.0215450102211 0.0219164413253 0.019505284162 0.000319294331711 0.0077825050152 0.08995104222 -0.00546009763949 0.0154833917753 0.000869706459587 0.0181498604793 0.0226546642513 0.00171624454701 0.0409600063347 0.0670329648583 -0.00040392490009 0.0286373585565 0.0215502701365 0.347953942141 0.0211972960072 -0.00162438341895 -0.00496262933044 0.0206350369086 0.0149453995342 0.0154593225244 0.0153804001243 0.0141364977932 0.0121958692966 -0.00990882806439 0.00738451301887 0.0166436297996 0.0248973229932 0.0113301264353 -0.000349512845356 -0.00122484702139 -0.0127109717322 0.00360173989002 0.0208190799556 0.0340045083487 -0.0116382534236 0.0270553897405 0.00992194917056 0.00439759628024 0.0262830843448 0.0116252225096 0.0227685193476 0.0115765353687 0.0124310209697 -0.00151502589695 -0.0196555369298 -0.0045104802331 0.003395157027 0.0593170818901 
0.0219128997765 0.0203343859339 0.0238111577368 0.00443834509655 0.0178901527586 0.0215321575675 0.0219077315308 0.0109485301407 0.0316806301753 0.0120870285904 0.0254379312057 0.0104903154849 0.0160979905815 0.0100095099966 0.01537926602 0.0141441478675 0.0172032448404 0.0129172921594 0.024816440458 0.0199433225107 0.0136441532133 0.0247947516257 2.5735224526e-05 0.0187797321196 -0.0176834950547 0.0211972960072 0.185895387288 0.000840202416855 0.0218439550767 0.0348916349549 0.0649267205439 0.062584663926 0.0131984268138 0.0136351044715 0.0173832061229 0.0128419453172 -0.010150056527 0.0400586818714 0.0191579814639 0.0247315524487 0.0221253909687 0.0353246844624 -0.00992912053691 0.0206315715635 0.0273027943314 0.0214417405882 0.0240623141375 0.00988855395603 0.0266424757091 0.0342848835945 0.0200746147321 0.030213187239 0.0326983155541 0.0242168550681 0.0018301271298 0.0226146422577 -0.0099619084619 -0.0029591988523 0.0261314672416 0.0151040831386 
-0.00150664377068 0.00664223028527 -0.00461210684392 -0.00798127785501 0.0231170156667 0.00756895652107 -0.00330502663803 0.0381283424471 0.00710871168311 -0.000831267787526 0.00909371243205 0.037772629773 -0.00190768046902 0.0116726491725 -0.00834287273994 0.0123866799087 0.00745312735757 0.00332967459648 -0.00248007282216 0.0191645464446 0.00373965453863 -0.0114537300366 0.010885570005 0.00987671872057 0.0206453635474 -0.00162438341895 0.000840202416855 0.175565828837 0.00137475574841 0.0258318767001 0.00339553351231 0.00181242821817 0.000255641229621 -0.00596440097551 0.0100451371143 -0.0071471017777 0.0117679853773 0.0114523274927 0.00719496669069 -0.0109167749993 0.00490909108446 0.0264087114301 -0.00893989581095 0.0138787631593 0.0136353082154 -0.0028269954285 0.00717817652327 0.0115657555171 -0.00346338794521 -0.0223707966085 0.00664705133485 0.0133596324308 -0.000978047651779 0.0113082596198 0.0177278324819 0.0129011787489 -0.0265379424896 0.0200050314436 -0.00162523595148 -0.00758654671341 
0.0116595327636 0.00921472870439 0.0167046111669 0.0139410754452 0.0274706223384 0.0121230393831 -0.00391903336795 -0.0158306461285 0.0494287753945 -0.00414185545629 0.0319888691018 0.0198747952123 -0.0101803885264 0.036195280371 0.0189256736097 -0.00426781943743 0.0260369682537 0.0118404200927 0.00578277627107 0.0148733862199 0.0165395753074 0.0106284551515 0.0251860687169 -0.00299244826048 -0.00849739094676 -0.00496262933044 0.0218439550767 0.00137475574841 0.18588411844 0.0259023768732 0.0515507111345 0.00496749277723 0.0140461766261 0.00181557542524 0.000933392312959 0.0215251786361 0.0679845639857 0.0424581440857 0.0056533263829 0.0101875767068 0.0115379222826 0.00381270606224 -0.00660416540112 0.0301520142801 0.00929577938056 0.00945842391771 0.00832313562149 0.0107095540141 0.018634314907 0.0135071977917 0.0336094660901 0.00480758288678 0.0164597740562 -0.0127818614485 0.00899871715788 0.0110708175051 -0.00901755931969 0.00237364978516 0.0262479159429 0.0139849872207 
0.012634656687 -0.00347075272445 0.0364400647381 0.0143765275204 0.0141620876821 0.0505422588871 0.00311095553724 0.0078584326216 0.0222391271257 0.0302073907711 0.0165765407318 0.00291584634736 -0.00474015871934 0.00891081166784 0.0248387681788 0.0291626531847 0.0321756998086 0.0236681240889 0.0127202346786 0.0283252069149 0.0142258616927 -0.0140286187478 0.0205160168463 0.0269116488707 0.0041631367236 0.0206350369086 0.0348916349549 0.0258318767001 0.0259023768732 0.220661308897 0.0432956333464 0.0529043539483 0.0401227123006 0.0152561621369 0.0103989776838 0.0219502545874 -0.0190267871004 0.0246710420448 0.00724298997939 0.00355888049524 0.0144347992535 0.0277046781996 0.00729766627644 0.015289812768 0.0221236697282 0.0334559730575 0.0108885102837 0.0290833916482 0.0142994297175 -0.0144240194573 0.00162327087496 0.00810647046205 0.0139493268025 0.0142442813504 0.00118341517065 0.0274357782656 -0.0123063113549 0.0105768114178 0.0207326663081 -0.0059198603361 
0.0120047161113 0.0324503618482 0.0178480863589 0.0034177751619 0.0155755610671 0.0200758238621 -0.000599520100377 -0.0135168418851 0.0469452906088 -0.00267216483525 0.0134013020753 0.026067305173 0.00381872447826 0.00196409150371 0.0137328211023 0.00673610870495 0.0231532829521 -0.00581646461463 0.0279151647292 0.0187738868421 0.0183644374411 0.0205750319189 0.0177231748897 0.0238416244685 -0.0109289238474 0.0149453995342 0.0649267205439 0.00339553351231 0.0515507111345 0.0432956333464 0.241397239077 0.0544656386889 0.0257851278951 -0.0041940463793 0.0106195689054 0.0179114486625 0.0392030607746 0.0321055647119 0.00902124454124 0.0149986880496 0.00924210236124 0.0287728027271 0.0176951868995 0.0278147787378 0.015336703134 0.0229692313606 0.0327233072092 0.031135866171 0.0287471506866 0.0184633309544 0.0377134621047 0.0229068880746 0.0308148011286 0.00199995332749 0.00196022990478 0.0373608263941 0.00964382945281 0.0138359429858 0.00360452953319 0.0289583567673 
0.0241247427387 0.0212135687928 0.038205364787 0.01609320181 0.0145605491804 0.027181065952 -0.00502517262814 -0.00214198109251 0.0415186056397 0.0464156575257 0.0268238190415 0.0234388068215 0.0173264358467 0.0200551850739 0.0151226211045 0.00405586123322 0.0252615859997 0.00970999436158 0.0373786411575 0.0154086863425 0.00112405348334 -0.00437181376467 0.00575154065906 0.0314208945052 0.0330211992404 0.0154593225244 0.062584663926 0.00181242821817 0.00496749277723 0.0529043539483 0.0544656386889 0.313164583533 0.0421732240325 0.018393038549 0.0117261702692 0.0219583185 -0.0128635425545 0.0284000360234 0.010840656458 0.00716780964578 0.0283627365179 0.0655482832653 0.0384353746352 0.0324349459228 0.0282688334131 0.0218590359112 0.0277315474417 0.0239432718917 0.0112872936709 0.00429559231573 0.0178630840627 0.0147897127235 0.0394083548779 0.0435401480168 0.00734744776684 0.0268046054436 -0.0504161429533 0.00521696566527 0.0239463017048 0.0214589097884 
0.0184328271986 0.0113349224395 0.0166591081054 0.00160030110608 0.00375214975016 0.00887683464923 0.0257116675001 -0.0254751266194 0.0156258410393 0.0148082955831 0.00719541743257 0.0269784637271 0.0219678031256 -0.0331640317356 0.00289420476957 0.0282592765544 0.0145418407884 0.014041128854 0.00802050014161 0.0348909387397 -0.000891773345266 -0.0165556650311 0.00836306381669 0.0475286818813 0.0441478640249 0.0153804001243 0.0131984268138 0.000255641229621 0.0140461766261 0.0401227123006 0.0257851278951 0.0421732240325 0.255998479434 0.0286991029202 0.0060351411471 -0.0113765034244 0.0508559154806 0.0167330301115 0.0132020436093 0.020211948254 -0.000382104661162 0.0151692236695 -0.00238167211338 0.0298253805277 0.0215739910111 0.00542548556819 0.0180354995859 0.0217134472008 0.0234652420106 0.00724211652727 0.00720788109311 0.0231792672955 0.0330825189675 0.0111435700809 -0.00439671726911 0.0111907269053 -0.0042680598481 0.00352033432745 -0.00148073669216 -0.0108308619542 
0.00373706764573 -0.00825967466023 0.0186463865806 0.0125586102054 0.00893931858981 0.0209482877738 0.0124505059854 0.00698723751635 0.0211852716982 0.0211600675258 0.0103199854315 0.00561603409212 0.0454698008694 0.0512554443559 0.00543466221326 -0.00489042292801 0.0108387268703 0.00759014001807 0.00679127910411 0.01914412142 -0.00431635272904 0.0345687211127 -0.000786275805976 0.00513858233531 -0.00416317990207 0.0141364977932 0.0136351044715 -0.00596440097551 0.00181557542524 0.0152561621369 -0.0041940463793 0.018393038549 0.0286991029202 0.316937534977 -0.0135529100927 0.0162403509015 -0.0162620382333 0.0225487525609 0.0151596328486 0.0227576959507 0.0330546629685 0.0423846910058 0.0396106040537 0.00392711390371 0.0215393028139 0.0111768528934 -0.011331992123 0.00355505416715 -0.00969857244023 0.000447544716736 -0.00465198670835 0.0283260203367 0.0126621853519 0.0331583408899 0.0156929877913 0.0163264818632 0.0510702655916 0.0132315593324 0.0403578928869 0.00637532402774 
0.019932228817 0.0349610727393 0.0134507754398 0.00840303226353 0.0155910713324 -0.00189354480167 0.0106922030045 -0.000386414807286 0.0126035615726 0.0307687771414 0.0201896912529 0.0214532522169 0.00635757671208 0.002674069538 -0.00272347861377 0.00720995388597 0.0222048172954 0.0201985954411 0.0179841643583 0.0199936615988 -0.00653602941209 -0.00085983372506 0.0170838032796 0.0217662117986 0.00570867266972 0.0121958692966 0.0173832061229 0.0100451371143 0.000933392312957 0.0103989776838 0.0106195689054 0.0117261702692 0.0060351411471 -0.0135529100927 0.120792833581 0.0212514043093 -0.00227433489011 0.00465879507611 0.0141654146996 0.0078540951245 0.00923122471558 -0.000880222046785 0.0309665129339 0.0241926151644 -0.0028182764389 0.0121445706703 0.0178197784214 0.00848146337073 0.0459677970914 -0.0127399066386 -0.000843172308967 0.02414681155 0.00166766994796 -0.0107049191922 0.02653394701 0.0115081737961 0.017022050003 0.000106443465597 0.0064256031482 -0.00564516615004 
0.00589777928229 0.0205829352303 0.019494302265 0.00949566095943 0.0136930390668 0.00961272789839 -0.00331150381683 0.0171338855716 0.0171223621693 0.0217698902239 0.0252964074028 -0.0221249422814 -0.00717004392371 0.0101190835635 0.00912120162729 0.00691606423541 0.0365295038996 0.0305550459028 -0.0133282394493 0.0234423221361 0.0244010484128 0.0396944457832 0.0178859373867 0.0179343630103 0.0442132703904 -0.00990882806439 0.0128419453172 -0.0071471017777 0.0215251786361 0.0219502545874 0.0179114486625 0.0219583185 -0.0113765034244 0.0162403509015 0.0212514043093 0.233914778712 -0.0157165211624 0.0138996320188 0.0293734752969 0.0142995400346 0.00600608741524 0.0238628892912 0.00931939556238 0.0100379562247 0.0186168537917 0.0228356957445 0.00797760899449 0.0160273799432 0.0103054165724 0.00289813421598 -0.0247995278328 0.00231362266873 0.0191528766248 0.0299071924444 0.02836335028 0.0218752494108 -0.00571328939841 0.0205504406795 -0.00487856394154 0.00152659746483 
-0.00746952302641 -0.0129166231347 -0.00034349927192 0.00777257871818 0.000801504003203 -0.0511479298019 -0.0113650975923 0.00636913703626 0.0281585498051 0.0762693164904 0.0141114366134 -0.0386285095477 0.0199504170072 -0.00677326622086 -0.00271799884568 -0.00590070755702 -0.0186882981474 0.000916702727869 -0.00248693987686 0.00232198758466 -0.0168842303668 -0.00309803798777 0.00315381143482 0.0064897117412 -0.0256072639625 0.00738451301887 -0.010150056527 0.0117679853773 0.0679845639857 -0.0190267871004 0.0392030607746 -0.0128635425545 0.0508559154806 -0.0162620382333 -0.00227433489011 -0.0157165211624 1.36652494142 0.00733065325455 0.00615331238237 0.00586877165416 0.0287802930522 -0.0126433731714 -0.007511297873 -0.00524074671423 -0.0137549868438 0.00994450221144 -0.0551148013905 -0.00454559387424 0.0136622668024 0.0542849970954 -0.0147515354947 -0.0149812074179 -0.00857632882131 -0.0103797921974 -0.0068253118187 0.00558065870616 -0.00330472234995 -0.00464565486864 0.0158223179989 -0.0220350997364 
0.016859867112 0.0160104492083 0.0206462344183 0.02621020588 0.00855965118281 0.0115531288897 0.01172093612 0.00320867623252 0.0290702563524 0.00459395238889 0.0149463487861 0.0371079351826 0.0109705014962 0.0170245016187 0.0152343225226 0.00720042068548 0.0166271929526 0.0237515995814 0.0058607200966 0.0304909672434 0.00589125717152 0.00343250066161 0.0209163230351 0.0146058592941 -0.0118819728397 0.0166436297996 0.0400586818714 0.0114523274927 0.0424581440857 0.0246710420448 0.0321055647119 0.0284000360234 0.0167330301115 0.0225487525609 0.00465879507611 0.0138996320188 0.00733065325455 0.137665829049 -0.00284869918893 0.00678403272119 -0.00446543613445 0.0131921222365 0.0029615790581 0.027090340343 0.0281553793663 0.0357711657081 0.00506230417383 0.00507878410172 0.0117004050702 0.0224117964385 0.0035480205182 -0.00679426220635 0.0039791606147 0.00713196104914 0.00735613913688 0.0275852528208 -0.0119581519039 0.0146776790956 0.0170980663291 0.0167792441018 
0.0103708807232 0.00224690533987 2.26602972123e-05 0.00464455463001 0.00938403679115 0.00207037770928 0.00506031671722 0.00324726871551 0.0108990528379 0.0215287598788 0.00377874040885 -0.00956461450728 0.00580554460766 -0.00185802314073 0.00977516916715 0.0170540612682 0.0119184547746 0.0248956680954 0.00498852100612 0.00729229069783 0.0170373850902 0.00172783924027 0.0117081549184 0.0263111566906 -0.00889457757585 0.0248973229932 0.0191579814639 0.00719496669069 0.0056533263829 0.00724298997939 0.00902124454124 0.010840656458 0.0132020436093 0.0151596328486 0.0141654146996 0.0293734752969 0.00615331238237 -0.00284869918893 0.175828492803 0.00608404511417 0.0077064406816 0.00016142151846 0.0144740666433 0.00285109603098 0.0170448610737 0.0218299640327 0.00620647735104 0.00284419386715 0.0107985410706 0.00223681167414 0.00755718329164 0.00967463364996 0.016622466169 0.0107350682486 -0.000881840620906 0.00586152781676 0.00184440852987 0.0086204690206 0.0158410251709 -0.00206985008678 
