40
0.0485380268731 0.0350054865441 0.12825177486 0.0917148498368 0.116406698245 0.357744060202 0.0242911243805 -0.00648668223639 0.0316717201181 0.0256858872149 0.0839491815724 0.00194148072761 -0.00662659235152 0.0950879331279 0.0449819155318 0.0826231173305 0.0088766616328 0.0861150338972 0.00787829448736 0.00753480783794 0.072987431854 0.0585004976968 0.143828325424 0.09797045465 0.0499403633474 0.234257183995 0.0678408515538 0.151477321577 0.0831393543584 0.0511719962834 0.00640420781163 0.0121413644826 0.168192385625 0.0605665428979 0.0704328117516 0.0251356843311 0.0431815223905 0.0948967479515 0.0617018630506 0.0723841835345 
0.184158430555 0.0123606302819 0.0059020275475 0.0139836862586 0.00873034201047 -0.0055596470431 0.0171945215947 0.00593921176598 0.011022350734 0.0338708668314 0.0522730573538 0.0186351639218 0.0127271450008 0.0304705796743 0.0329933287613 0.0110489888797 0.0275731684203 0.0144423633157 -0.000930362485907 0.024854082764 0.0261263006993 0.0361667578415 0.0216043210656 0.0186083543973 -0.00663891650226 0.0188318798499 0.0195021012875 0.00825138550723 -0.00985239012878 0.00856386731834 0.0133572339594 0.014508545456 0.0173107164277 0.034707093908 0.0134208439988 0.0215756452334 0.0023618912859 0.0202843043977 0.0104020112303 0.0135662944392 
0.0123606302819 0.137575720212 0.0149396193834 0.0239683550708 0.0127493563373 0.0131865833961 0.0301111072647 0.00697969052396 0.00271180402131 0.00598475001657 0.0274663502255 0.0269693860921 0.0208004372414 0.00442663995957 0.013404258293 0.00563000386845 0.0323267851284 0.0364314486645 -0.0052140103957 0.0107383034396 -0.0038458127924 0.0310220817922 0.00390148635193 0.0107384811091 0.00986614030177 0.0270675519347 0.0196948862277 0.0175569950323 -0.0012315864557 0.0043582246791 0.00685386721379 0.0178674018357 0.00637836179936 0.0145807750172 0.00805955351648 0.012812501202 0.0157724460407 0.00744551632108 0.0112582908756 0.0146964008894 
0.0059020275475 0.0149396193834 0.5362152282 0.00992118246943 0.0308475876007 0.00264291636937 0.0226670666498 -0.00202837801178 0.0234888290832 0.0458414211404 -0.013286315541 0.0106847691615 0.0264929052554 0.0384620248377 0.0237050655427 0.00894246988206 0.0207085942771 -0.0251960754467 0.0150582265926 -0.00514681140682 -0.000261265977043 0.00671415993716 0.00442547166751 -0.00364958350032 0.0433492940797 -0.0143987267192 -0.0180421204013 0.092122546524 0.0318149667366 0.0105653645 0.0490439626217 -0.0027553584389 -0.0250440624694 0.0021965781307 0.0118823075552 0.0156564077311 -0.0200630269968 0.0354689174081 -0.00796976805283 -0.0105875625955 
0.0139836862586 0.0239683550708 0.00992118246943 0.177323352729 0.0315373169805 0.0425642326351 0.062784014438 0.0233975168208 0.034727153542 0.00553317362379 0.0166370450016 0.0311793308607 0.0215724724796 0.0387724166325 0.0407633716686 0.0279362549014 0.0192951032729 0.0185884442361 0.0173266000121 0.00166457346746 0.000358446622719 0.026957617752 0.0179332337956 0.00594254762196 0.0388818449209 -0.0200979389255 0.0238611655638 0.0100984726718 0.0232097146794 0.0246445062796 0.0218577260914 0.0256913243943 0.0195787141199 0.0376787489792 -0.0023503154671 0.019955064315 0.00843301005524 0.00650708826177 0.0124302794736 0.0195117781792 
0.00873034201047 0.0127493563373 0.0308475876007 0.0315373169805 0.54683111834 0.0800986044671 0.0227218755625 0.0209837143415 0.0314982676812 -0.00394756769135 0.0352155218297 0.0373531785084 0.0193484899408 0.0438654060494 0.0183087886575 -0.00720653770745 0.0147066378899 0.00547496116389 0.00384462700781 0.0221797136104 0.00283071006514 0.0468487663846 0.0362255210986 0.00110310887446 0.0433595215277 -0.0140227780229 0.0224222469049 0.0232894613248 0.0160114169892 0.0206971479661 0.0331658901026 0.0267815598893 0.0375624065057 0.0437127101811 0.0205242738698 0.0179431652775 0.0389328860218 -0.00444328849927 0.0380030718271 0.0179614301938 
-0.0055596470431 0.0131865833961 0.00264291636937 0.0425642326351 0.0800986044671 2.8810636347 0.00942704056073 -0.0057928020616 -0.00476136718936 -0.00638848758687 0.0332350148684 0.0266901862392 0.0200059111804 0.00628585793158 -0.0253899351772 -0.0262305711285 0.0389997949142 0.0233141868086 0.0163539745241 -0.00249800991074 0.0814238295171 0.0159996905941 0.0226311128327 0.000403218772143 0.00782646358563 -0.0102236693396 0.0169775841127 0.168515780681 0.0194568393398 -0.00743100906639 0.0785331216021 -0.0016514840869 -0.0236824689461 -0.0129583467345 0.0138498092708 -0.00423338230669 0.0546823607032 -0.0315121362708 0.107658014223 0.039327542684 
0.0171945215947 0.0301111072647 0.0226670666498 0.062784014438 0.0227218755625 0.00942704056073 0.231097022269 0.0180753295178 0.0225374443687 0.0195286340614 0.0452385742686 0.0214284702612 0.0255556310548 0.0397704795518 0.0387297466455 0.0445924995588 0.0455374227403 0.0302492110009 0.0122711819405 0.020402886541 0.0136105491609 0.012526980712 0.0118425015526 0.0057040393946 0.0546289998179 0.0213423056256 0.0147969247969 0.0208294254495 0.0247067101336 0.00293851984247 0.0414637452527 0.016237903949 0.0152858385732 0.0338230310332 -0.00446602571675 0.0328339430543 0.0129887979723 -0.00461241307067 0.0219328055899 0.01987442949 
0.00593921176598 0.00697969052396 -0.00202837801178 0.0233975168208 0.0209837143415 -0.0057928020616 0.0180753295178 0.263118510171 0.00888846274031 0.0112575273792 -0.00239234253921 -0.00699789081592 0.00291626567291 0.0214044813233 0.00983642502732 0.0515579277108 0.0282818631419 0.0333991090095 0.00616491683814 0.00306464640535 0.00885232386023 0.0177261443735 -0.0167027717161 0.00655453104059 0.0176861550174 0.0132116071802 0.0150597714496 0.0415735500801 0.00449803009584 0.000969217464182 0.0130971773291 0.00178535102214 -0.0183716658411 0.00618172555041 -0.0016721684363 0.012398446825 0.0135563486976 0.00098995542345 0.00942523182761 0.0106636957602 
0.011022350734 0.0027118040213 0.0234888290832 0.034727153542 0.0314982676812 -0.00476136718936 0.0225374443687 0.00888846274031 0.277778624318 0.0104867021791 0.0162467832405 0.00829693948473 0.0133375665274 0.0117940254599 0.0167424646074 0.00283966143414 0.02100675745 0.00225579043419 0.0108156717951 0.0268112002227 0.00886309741259 0.0166802881392 -0.00376683350679 -0.00559973186188 0.0266141776834 0.0698626696137 0.00661805745994 0.0142764557078 0.00423752261195 -0.00597937914413 0.020142139292 -0.0202764671034 0.00641317855099 0.0262425525099 -0.00736317247459 0.0210123250681 0.0221140557618 0.0323052540443 0.0210505292129 0.0142264886026 
0.0338708668314 0.00598475001657 0.0458414211404 0.00553317362379 -0.00394756769135 -0.00638848758687 0.0195286340614 0.0112575273792 0.0104867021791 0.195996793177 0.0206778101688 0.0237727134318 0.0120900401459 0.0240724709239 0.0307607202907 0.0162696400532 0.0227213625905 0.015174127262 0.0164007633953 0.0162616886664 -0.0135350293138 0.00719936799705 0.0038250507964 0.0556218632855 0.0167346150963 0.0640349632716 0.00139114208508 0.0225362333072 -0.00678527842213 0.00657033907498 0.0139944038592 0.00863669203583 0.0390769199201 0.0114836957736 0.043537619998 0.0227937011954 0.00122847077265 0.00151276701693 0.00867419418322 0.027059399118 
0.0522730573538 0.0274663502255 -0.013286315541 0.0166370450016 0.0352155218297 0.0332350148684 0.0452385742686 -0.00239234253921 0.0162467832405 0.0206778101688 0.580430327426 0.0231975684494 0.00435022591148 0.0481959888082 0.0173737316586 0.014775101707 0.0329883190461 0.0127754800847 0.00174734532235 0.0150550336716 0.0121813769507 0.0123841039005 0.0211784611879 0.0969599553036 -0.00179598875648 0.0832382478098 0.0107427686022 -0.0268364377161 0.00456562102321 -0.000825545387467 0.00491220435492 0.0137972200246 0.0382630463043 0.00410051922757 0.00536771719062 0.0274960807911 0.0141618010159 0.0746167398878 0.0337812272249 0.00933743082228 
0.0186351639218 0.0269693860921 0.0106847691615 0.0311793308607 0.0373531785084 0.0266901862392 0.0214284702612 -0.00699789081592 0.00829693948473 0.0237727134318 0.0231975684494 0.211698669463 0.0351810854732 0.0465864775657 0.030718685661 0.0160347567192 0.0379471871101 0.0216248134724 0.0137952418275 0.0142854889813 0.00687121533027 0.00559507360205 -0.00840306943086 0.0477978005223 0.0242124246174 0.0418155705397 0.0207542593026 0.0282912017415 0.0357741460337 0.00837336665106 0.0219772935742 0.0190219535747 0.0165003711932 0.014674864121 0.00733614994935 0.0155832822952 0.00653877764487 -0.00937850745987 0.0137247728058 0.022432094716 
0.0127271450008 0.0208004372414 0.0264929052554 0.0215724724796 0.0193484899408 0.0200059111804 0.0255556310548 0.00291626567291 0.0133375665274 0.0120900401459 0.00435022591148 0.0351810854732 0.167727250035 0.0254452513585 0.0156288906284 0.00930280644478 0.027536985002 0.0163854146799 0.00450054146982 0.0105570306695 0.00831574558333 0.00353603670195 -0.00297143075634 -0.00557715186743 0.0579775450673 0.00590427221232 0.0265401348629 0.0209017814381 0.00270564912369 0.00509613152564 0.0368350029057 0.012912807946 0.00838127261887 0.0301995391104 0.00512892738449 0.00472452451514 0.0220864740034 0.0169168898487 0.00939911758776 0.0310467697975 
0.0304705796743 0.00442663995957 0.0384620248377 0.0387724166325 0.0438654060494 0.00628585793158 0.0397704795518 0.0214044813233 0.0117940254599 0.0240724709239 0.0481959888082 0.0465864775657 0.0254452513585 0.278578171419 0.0569230641203 0.0208771503533 0.0109290598071 0.0248084009368 0.0251699837309 0.0126273363403 0.0136343041133 0.0155541199949 0.0270137190405 0.0722625252286 0.013766317496 0.00968656158006 0.0112664388186 0.013888565656 0.0352236625534 0.049623520957 0.0233624731122 0.0134457263998 0.0154413404466 0.0221626667956 0.00976599837887 0.0429119558511 0.0226174590597 0.00517922082299 0.0210732540691 0.00428810074944 
0.0329933287613 0.013404258293 0.0237050655427 0.0407633716686 0.0183087886575 -0.0253899351772 0.0387297466455 0.00983642502732 0.0167424646074 0.0307607202907 0.0173737316586 0.030718685661 0.0156288906284 0.0569230641203 0.216302584 0.0237184556553 0.0199332442016 0.0159384065241 0.00726576203527 0.00724734771163 0.00748074125678 0.0193525446157 0.0143344933464 0.0118817909669 0.022559137981 -0.0143044041633 0.0352286252241 0.0248594612021 0.00986493177813 0.0258027900439 0.0196490209444 0.0272963456148 0.0167658364161 0.00679900370949 0.00440630224152 0.0269117060274 0.0101171675302 0.0154604239006 0.0236351139061 0.0299409668829 
0.0110489888797 0.00563000386845 0.00894246988206 0.0279362549014 -0.00720653770745 -0.0262305711285 0.0445924995588 0.0515579277108 0.00283966143414 0.0162696400532 0.014775101707 0.0160347567192 0.00930280644478 0.0208771503533 0.0237184556553 0.198605980427 0.0191157638159 0.0199262727695 0.0162381587016 0.00805492634395 0.00585127986846 0.0158291994086 0.00126646733496 -0.00163801849829 0.00936033560956 -0.00143656285384 0.0201227065856 0.00306081432941 0.0270400142643 -0.0116170651734 0.0212462492815 0.0199543958027 0.0117480708473 0.0190929107993 -0.000884237428454 0.0139089581473 0.0256367494148 -0.0132570045876 0.0211357987943 0.0148484005647 
0.0275731684203 0.0323267851284 0.0207085942771 0.0192951032729 0.0147066378899 0.0389997949142 0.0455374227403 0.0282818631419 0.02100675745 0.0227213625905 0.0329883190461 0.0379471871101 0.027536985002 0.0109290598071 0.0199332442016 0.0191157638159 0.267674077224 0.0294559412111 -9.35376822782e-05 0.0164855455673 0.0274188221921 0.0354846916666 -0.00568961006024 0.0434691266816 0.0294537898912 0.0440153132705 0.0297274600349 0.0360503838997 0.00872153617377 -0.00482801417971 0.0247802291134 -0.00140455149708 0.0296177351636 -0.0154783401437 0.00153738350313 0.020351779212 0.00218304475385 0.031318942485 0.00104419065046 0.0306688466919 
0.0144423633157 0.0364314486645 -0.0251960754467 0.0185884442361 0.00547496116389 0.0233141868086 0.0302492110009 0.0333991090095 0.00225579043419 0.015174127262 0.0127754800847 0.0216248134724 0.0163854146799 0.0248084009368 0.0159384065241 0.0199262727695 0.0294559412111 0.230664674952 -0.000576757085967 0.0217347252014 -0.00272781477388 0.0297427006497 0.0197087081756 0.0497588960204 -0.00111295746408 0.0281581332223 0.041376537678 0.00934837145006 0.040563546941 -0.000951106897822 0.0156020266784 -0.00517851766838 0.0339062288948 0.0156860048375 0.0309360578784 0.0162254790155 0.0148501166442 -0.000415311695519 0.0185783795001 0.00129490709642 
-0.000930362485908 -0.0052140103957 0.0150582265926 0.0173266000121 0.00384462700781 0.0163539745241 0.0122711819405 0.00616491683814 0.0108156717951 0.0164007633953 0.00174734532235 0.0137952418274 0.00450054146982 0.0251699837309 0.00726576203527 0.0162381587016 -9.35376822795e-05 -0.000576757085967 0.149887317693 0.0127843402002 -0.00292506112583 0.00788678826211 0.0123146359867 -0.0122051545408 0.00246523327756 0.0400572449587 0.0322275387582 -0.0203074154705 0.0199580278817 -0.00217074980968 0.00680113785878 0.00455172594236 0.0191665388951 0.00256601930428 0.0188536768703 0.00600019439382 0.0156103625105 -0.00812560357396 -0.00454453561159 -0.0106500707531 
0.024854082764 0.0107383034396 -0.00514681140682 0.00166457346746 0.0221797136104 -0.00249800991074 0.020402886541 0.00306464640535 0.0268112002227 0.0162616886664 0.0150550336716 0.0142854889813 0.0105570306695 0.0126273363403 0.00724734771163 0.00805492634395 0.0164855455673 0.0217347252014 0.0127843402002 0.300533735112 0.0470080088005 0.0457629755423 0.00886926050518 -0.00244704062079 0.00358207538671 -0.0403795176696 0.00843725005211 0.0209185392095 0.00302923924979 -0.00804105107441 0.0301722972045 0.0211916136248 0.0123480272624 0.00795997538684 0.0218275851803 0.0158847894646 0.0315990431769 0.0296826614062 0.00997842118247 0.037373860599 
0.0261263006993 -0.0038458127924 -0.000261265977043 0.000358446622719 0.00283071006514 0.0814238295171 0.0136105491609 0.00885232386023 0.00886309741259 -0.0135350293138 0.0121813769507 0.00687121533027 0.00831574558333 0.0136343041133 0.00748074125678 0.00585127986846 0.0274188221921 -0.00272781477388 -0.00292506112583 0.0470080088005 0.471354161249 -0.00115313902891 0.00595842177593 0.00995760187793 -0.0130673963994 -0.011425995136 0.0781239705214 0.0167479394031 0.0227799487039 -0.0243281483123 0.00869744797768 0.0352745687501 0.0105531616711 0.000208796952113 0.018375319989 0.0117217082327 -0.00148381689229 0.0335618437562 -0.000402229969032 0.0162217199635 
0.0361667578415 0.0310220817922 0.00671415993716 0.026957617752 0.0468487663846 0.0159996905941 0.012526980712 0.0177261443735 0.0166802881392 0.00719936799705 0.0123841039005 0.00559507360205 0.00353603670195 0.0155541199949 0.0193525446158 0.0158291994086 0.0354846916666 0.0297427006497 0.00788678826211 0.0457629755423 -0.0011531390289 0.353538601026 0.0449631815147 0.0182022078589 0.00197489830959 0.0236541356049 0.0113241336003 0.016015508021 -0.00265077706792 0.0439370241051 0.0157528983706 -0.00347169384877 0.00440696666548 0.0311081008467 0.0225777701337 0.0116095432469 0.0197759223563 0.0340914178851 0.000978547913778 0.0273207085197 
0.0216043210656 0.00390148635193 0.00442547166752 0.0179332337956 0.0362255210986 0.0226311128327 0.0118425015526 -0.0167027717161 -0.00376683350678 0.0038250507964 0.0211784611879 -0.00840306943086 -0.00297143075634 0.0270137190405 0.0143344933464 0.00126646733496 -0.00568961006024 0.0197087081756 0.0123146359867 0.00886926050518 0.00595842177593 0.0449631815147 0.585440404624 0.118905723297 -0.01278924636 -0.0470743875554 0.0146323419761 -0.0140630012538 0.0672868251093 -0.0127202008203 -0.000793805248475 0.0165846382308 -0.0161808207295 0.0165998827122 -0.00684388859927 -0.00929298234007 -0.0044642588651 0.0132877678647 0.0248194197192 0.00390402755958 
0.0186083543973 0.0107384811091 -0.00364958350032 0.00594254762196 0.00110310887446 0.000403218772142 0.0057040393946 0.00655453104059 -0.00559973186188 0.0556218632855 0.0969599553036 0.0477978005223 -0.00557715186743 0.0722625252286 0.0118817909669 -0.00163801849829 0.0434691266816 0.0497588960204 -0.0122051545408 -0.00244704062079 0.00995760187793 0.0182022078589 0.118905723297 0.948147465633 -0.0182801032294 0.012572983618 0.0083330503972 -0.000801720170664 0.016956103934 -0.00577712664387 -0.00836871239844 -0.0204754069634 -0.00668866535714 -0.00496888080526 0.0541810292149 0.0222361691944 0.00869443095482 0.00600941489656 0.000712453676699 -0.00648145457619 
-0.00663891650226 0.00986614030176 0.0433492940797 0.0388818449209 0.0433595215277 0.00782646358563 0.0546289998179 0.0176861550174 0.0266141776834 0.0167346150963 -0.00179598875648 0.0242124246174 0.0579775450673 0.013766317496 0.022559137981 0.00936033560956 0.0294537898912 -0.00111295746408 0.00246523327756 0.00358207538671 -0.0130673963994 0.00197489830959 -0.01278924636 -0.0182801032294 0.262414033662 0.00563378200068 0.0359161178656 0.0490809090415 -0.00223871670366 0.0198564757963 0.0393045647044 0.0554448044998 -0.00192784255188 0.0181513178042 0.0113551691406 0.00379413714276 0.0113573096449 0.0458699391275 0.0258485797637 0.0437402828774 
0.0188318798499 0.0270675519347 -0.0143987267192 -0.0200979389255 -0.0140227780229 -0.0102236693396 0.0213423056256 0.0132116071802 0.0698626696137 0.0640349632716 0.0832382478098 0.0418155705397 0.00590427221232 0.00968656158006 -0.0143044041633 -0.00143656285384 0.0440153132705 0.0281581332223 0.0400572449587 -0.0403795176696 -0.011425995136 0.0236541356049 -0.0470743875554 0.012572983618 0.00563378200068 1.25116930998 0.00862653517069 0.0192954585618 -0.00500867039626 -0.00884013734756 0.00470347111408 -0.00717391643319 0.000805993252722 0.00364822914648 0.049929317608 0.0107039154202 0.0232957779033 0.0224276250015 0.0327719725647 0.0682323419568 
0.0195021012875 0.0196948862277 -0.0180421204013 0.0238611655638 0.0224222469049 0.0169775841127 0.0147969247968 0.0150597714496 0.00661805745994 0.00139114208508 0.0107427686022 0.0207542593026 0.0265401348629 0.0112664388186 0.0352286252241 0.0201227065856 0.0297274600349 0.041376537678 0.0322275387582 0.00843725005211 0.0781239705214 0.0113241336003 0.0146323419761 0.0083330503972 0.0359161178656 0.00862653517069 0.338313030522 0.0151400460874 0.0268583207274 0.0233530894091 0.0156430606214 0.0910292549511 0.0242801852465 0.0237536014223 -0.00802453041925 0.0216887325943 0.011972076831 0.036033957341 -0.00146296387092 -0.00272255461844 
0.00825138550723 0.0175569950323 0.092122546524 0.0100984726718 0.0232894613248 0.168515780681 0.0208294254495 0.0415735500801 0.0142764557078 0.0225362333072 -0.0268364377161 0.0282912017415 0.0209017814381 0.013888565656 0.0248594612021 0.0030608143294 0.0360503838997 0.00934837145006 -0.0203074154705 0.0209185392095 0.0167479394031 0.016015508021 -0.0140630012538 -0.000801720170665 0.0490809090415 0.0192954585618 0.0151400460874 0.544175897372 0.000601056910973 0.0279996244267 0.0282069286946 0.00924169469629 0.00306127385368 -0.0145760811677 0.0301727727034 0.0135920719454 0.0122852906655 0.0265680789756 0.044323143079 0.027152549076 
-0.00985239012877 -0.0012315864557 0.0318149667366 0.0232097146794 0.0160114169892 0.0194568393398 0.0247067101336 0.00449803009584 0.00423752261195 -0.00678527842213 0.00456562102321 0.0357741460337 0.00270564912369 0.0352236625534 0.00986493177813 0.0270400142643 0.00872153617377 0.040563546941 0.0199580278817 0.00302923924979 0.0227799487039 -0.00265077706792 0.0672868251093 0.016956103934 -0.00223871670367 -0.00500867039626 0.0268583207274 0.000601056910974 0.302138267936 -0.0218963215294 0.0195626384213 0.00414086969789 0.0250914338586 0.0133973266474 -0.003553547415 -0.00514053181161 -0.00494835622015 0.0154947820938 0.0254314056507 0.00482175181434 
0.00856386731833 0.0043582246791 0.0105653645 0.0246445062796 0.0206971479661 -0.00743100906639 0.00293851984246 0.000969217464185 -0.00597937914413 0.00657033907498 -0.000825545387466 0.00837336665105 0.00509613152564 0.049623520957 0.0258027900439 -0.0116170651734 -0.00482801417971 -0.000951106897823 -0.00217074980968 -0.00804105107441 -0.0243281483123 0.0439370241051 -0.0127202008203 -0.00577712664387 0.0198564757963 -0.00884013734756 0.0233530894091 0.0279996244267 -0.0218963215294 0.312692973915 -0.00426979567802 -0.00260527931828 0.00719891029999 0.0131969980298 0.0243742456708 0.00815266177094 -0.0189214272885 -0.0273020088464 0.0186263788711 0.0201832230187 
0.0133572339594 0.00685386721379 0.0490439626217 0.0218577260914 0.0331658901026 0.0785331216021 0.0414637452527 0.0130971773291 0.020142139292 0.0139944038592 0.00491220435492 0.0219772935742 0.0368350029057 0.0233624731122 0.0196490209444 0.0212462492815 0.0247802291134 0.0156020266784 0.00680113785878 0.0301722972045 0.00869744797768 0.0157528983706 -0.000793805248475 -0.00836871239844 0.0393045647044 0.00470347111408 0.0156430606214 0.0282069286946 0.0195626384213 -0.00426979567802 0.170034301395 -0.0026452689867 0.0159084285213 0.0256762883719 0.0109146745311 0.00529946559726 0.00715908390648 0.0321153753146 0.017201462502 0.0170085288619 
0.014508545456 0.0178674018357 -0.0027553584389 0.0256913243943 0.0267815598893 -0.0016514840869 0.016237903949 0.00178535102214 -0.0202764671034 0.00863669203583 0.0137972200246 0.0190219535747 0.012912807946 0.0134457263998 0.0272963456148 0.0199543958027 -0.00140455149707 -0.00517851766838 0.00455172594236 0.0211916136248 0.0352745687501 -0.00347169384877 0.0165846382308 -0.0204754069634 0.0554448044998 -0.00717391643319 0.0910292549511 0.00924169469629 0.00414086969789 -0.00260527931828 -0.0026452689867 0.243996214954 -0.00784687093883 0.0151117839017 -0.00686402436492 0.00888363543204 0.00921620405866 0.0402758023747 0.0110037968861 0.0158054619083 
0.0173107164277 0.00637836179936 -0.0250440624694 0.0195787141199 0.0375624065057 -0.0236824689461 0.0152858385732 -0.0183716658411 0.00641317855099 0.0390769199201 0.0382630463043 0.0165003711932 0.00838127261887 0.0154413404466 0.0167658364161 0.0117480708473 0.0296177351636 0.0339062288948 0.0191665388951 0.0123480272624 0.0105531616711 0.00440696666548 -0.0161808207295 -0.00668866535714 -0.00192784255188 0.000805993252723 0.0242801852465 0.00306127385368 0.0250914338586 0.00719891029999 0.0159084285213 -0.00784687093883 0.712016511337 0.0133313469703 0.0108267234508 0.0257224781646 0.0149968209433 -0.0162497805273 -0.025211587244 0.00196293382851 
0.034707093908 0.0145807750172 0.0021965781307 0.0376787489792 0.0437127101811 -0.0129583467345 0.0338230310332 0.0061817255504 0.0262425525099 0.0114836957736 0.00410051922757 0.014674864121 0.0301995391104 0.0221626667956 0.00679900370949 0.0190929107993 -0.0154783401437 0.0156860048375 0.00256601930428 0.00795997538684 0.000208796952113 0.0311081008467 0.0165998827122 -0.00496888080526 0.0181513178042 0.00364822914648 0.0237536014223 -0.0145760811677 0.0133973266474 0.0131969980298 0.0256762883719 0.0151117839017 0.0133313469703 0.250740280333 0.0251980900617 0.0212635751562 0.0264339860538 -0.00776301159598 0.032496681467 0.0210233730955 
0.0134208439988 0.00805955351648 0.0118823075552 -0.0023503154671 0.0205242738698 0.0138498092708 -0.00446602571675 -0.00167216843629 -0.00736317247459 0.043537619998 0.00536771719062 0.00733614994934 0.00512892738449 0.00976599837887 0.00440630224152 -0.000884237428454 0.00153738350313 0.0309360578784 0.0188536768703 0.0218275851803 0.018375319989 0.0225777701337 -0.00684388859927 0.0541810292149 0.0113551691406 0.049929317608 -0.00802453041924 0.0301727727034 -0.003553547415 0.0243742456708 0.0109146745311 -0.00686402436492 0.0108267234508 0.0251980900617 0.280848235277 -0.000978788728086 0.00264757631177 0.0444897752268 0.0304823686758 0.0179143351783 
0.0215756452334 0.012812501202 0.0156564077311 0.019955064315 0.0179431652775 -0.00423338230669 0.0328339430543 0.012398446825 0.0210123250681 0.0227937011954 0.0274960807911 0.0155832822952 0.00472452451514 0.0429119558511 0.0269117060274 0.0139089581473 0.020351779212 0.0162254790155 0.00600019439382 0.0158847894646 0.0117217082327 0.0116095432469 -0.00929298234007 0.0222361691944 0.00379413714276 0.0107039154202 0.0216887325943 0.0135920719454 -0.00514053181161 0.00815266177094 0.00529946559726 0.00888363543204 0.0257224781646 0.0212635751562 -0.000978788728086 0.122266131662 0.0193009822612 0.0127962551292 0.00785581598568 -0.0135984831724 
0.0023618912859 0.0157724460407 -0.0200630269968 0.00843301005524 0.0389328860218 0.0546823607032 0.0129887979723 0.0135563486976 0.0221140557618 0.00122847077265 0.0141618010159 0.00653877764487 0.0220864740034 0.0226174590597 0.0101171675302 0.0256367494148 0.00218304475385 0.0148501166442 0.0156103625105 0.0315990431769 -0.00148381689229 0.0197759223563 -0.0044642588651 0.00869443095482 0.0113573096449 0.0232957779033 0.011972076831 0.0122852906655 -0.00494835622015 -0.0189214272885 0.00715908390648 0.00921620405866 0.0149968209433 0.0264339860538 0.00264757631177 0.0193009822612 0.205109359636 0.0213444147511 0.0103044742261 0.024167016272 
0.0202843043977 0.00744551632108 0.0354689174081 0.00650708826178 -0.00444328849927 -0.0315121362708 -0.00461241307067 0.000989955423449 0.0323052540443 0.00151276701693 0.0746167398878 -0.00937850745987 0.0169168898487 0.00517922082299 0.0154604239006 -0.0132570045876 0.031318942485 -0.000415311695519 -0.00812560357396 0.0296826614062 0.0335618437562 0.0340914178851 0.0132877678647 0.00600941489656 0.0458699391275 0.0224276250015 0.036033957341 0.0265680789756 0.0154947820938 -0.0273020088464 0.0321153753146 0.0402758023747 -0.0162497805273 -0.00776301159598 0.0444897752268 0.0127962551292 0.0213444147511 0.547361553563 0.0253321020655 0.0108162930078 
0.0104020112303 0.0112582908756 -0.00796976805283 0.0124302794736 0.0380030718271 0.107658014223 0.0219328055899 0.00942523182761 0.0210505292129 0.00867419418322 0.0337812272249 0.0137247728058 0.00939911758776 0.0210732540691 0.0236351139061 0.0211357987943 0.00104419065046 0.0185783795001 -0.00454453561159 0.00997842118247 -0.000402229969032 0.000978547913778 0.0248194197192 0.000712453676699 0.0258485797637 0.0327719725647 -0.00146296387092 0.044323143079 0.0254314056507 0.0186263788711 0.017201462502 0.0110037968861 -0.025211587244 0.032496681467 0.0304823686758 0.00785581598568 0.0103044742261 0.0253321020655 0.248229013871 0.0221916152533 
0.0135662944392 0.0146964008894 -0.0105875625955 0.0195117781792 0.0179614301938 0.039327542684 0.01987442949 0.0106636957602 0.0142264886026 0.027059399118 0.00933743082228 0.022432094716 0.0310467697975 0.00428810074944 0.0299409668829 0.0148484005647 0.0306688466918 0.00129490709642 -0.0106500707531 0.037373860599 0.0162217199635 0.0273207085197 0.00390402755958 -0.00648145457619 0.0437402828774 0.0682323419568 -0.00272255461844 0.027152549076 0.00482175181434 0.0201832230187 0.0170085288619 0.0158054619083 0.00196293382851 0.0210233730955 0.0179143351783 -0.0135984831724 0.024167016272 0.0108162930078 0.0221916152533 0.336368546171 
0.0159485879182 0.00107046198309 0.000511130578997 0.00121102275385 0.000756069796479 -0.00048147955754 0.00148908925069 0.000514350826779 0.000954563574503 0.00293330311242 0.00452697956019 0.00161385253599 0.00110220308883 0.0026388296066 0.00285730608627 0.000956870505595 0.00238790643148 0.00125074535221 -8.05717547524e-05 0.00215242670614 0.00226260401125 0.00313213310633 0.00187098908743 0.00161153076307 -0.000574947034456 0.00163088863511 0.00168893151421 0.000714590946568 -0.000853242013951 0.000741652665232 0.00115677039332 0.00125647689369 0.00149915201841 0.00300572250158 0.00116227918431 0.00186850568752 0.000204545785457 0.00175667229065 0.000900840597585 0.00117487556196 
0.00107046198309 0.0119144068647 0.00129380899089 0.00207572043782 0.001104126647 0.00114199162101 0.00260769838273 0.00060445893043 0.000234849117254 0.000518294554965 0.00237865570445 0.00233561734803 0.00180137070609 0.000383358265839 0.00116084282006 0.000487572637349 0.00279958171439 0.00315505600401 -0.000451546545827 0.000929964357221 -0.000333057157642 0.00268659109103 0.000337878629329 0.000929979743857 0.000854432813863 0.00234411875937 0.00170562717978 0.00152048037121 -0.000106658515759 0.00037743332875 0.000593562312131 0.00154736238893 0.000552382335277 0.00126273215717 0.000697977808843 0.00110959515269 0.00136593389511 0.000644800627835 0.000974996590144 0.00127274565144 
0.000511130578997 0.00129380899089 0.0464376009517 0.00085919960541 0.00267147945077 0.000228883271595 0.0019630255548 -0.000175662688668 0.00203419226912 0.00396998352532 -0.00115062867812 0.00092532815274 0.00229435289712 0.00333090905904 0.00205291889584 0.000774440609044 0.00179341687206 -0.00218204414125 0.00130408067652 -0.00044572694268 -2.26262973263e-05 0.000581463307065 0.00038325708878 -0.000316063202451 0.00375415899091 -0.0012469663121 -0.00156249346056 0.00797804655511 0.00275525694145 0.000914987405725 0.00424733175326 -0.000238621040462 -0.00216887943124 0.000190229246258 0.00102903801984 0.00135588468271 -0.00173750910561 0.00307169835202 -0.000690202159602 -0.000916909817187 
0.00121102275385 0.00207572043782 0.00085919960541 0.0153566528148 0.00273121176724 0.00368617067546 0.00543725514548 0.00202628439523 0.00300745971685 0.000479186892176 0.00144081036153 0.00270020925984 0.00186823091898 0.00335778977699 0.00353021154089 0.00241935064312 0.0016710049603 0.00160980649253 0.00150052757717 0.000144156290928 3.10423881176e-05 0.00233459817987 0.0015530636039 0.000514639720381 0.00336726654475 -0.00174053256732 0.00206643755421 0.000874553387321 0.0020100202527 0.00213427685019 0.00189293460641 0.00222493395823 0.00169556638012 0.00326307537988 -0.000203543290141 0.0017281592631 0.000730320093821 0.000563530373936 0.00107649378003 0.00168976955762 
0.000756069796479 0.001104126647 0.00267147945077 0.00273121176724 0.0473569640062 0.00693674262762 0.00196777214587 0.00181724296855 0.00272782999872 -0.000341869390387 0.00304975365121 0.00323488015004 0.00167562838136 0.00379885559861 0.00158558760899 -0.000624104472798 0.00127363220169 0.000474145545266 0.000332954465684 0.00192081954352 0.000245146682716 0.0040572221825 0.00313722215367 9.5532030842e-05 0.00375504471389 -0.00121440819995 0.00194182354296 0.00201692651478 0.00138662938633 0.00179242559246 0.0028722503368 0.00231935112171 0.00325299982612 0.00378563174851 0.00177745425655 0.00155392369546 0.00337168683375 -0.000384800071671 0.00329116256241 0.00155550548362 
-0.00048147955754 0.00114199162101 0.000228883271595 0.00368617067546 0.00693674262762 0.249507429757 0.00081640566081 -0.000501671374444 -0.000412346494273 -0.000553259254199 0.00287823671712 0.00231143793149 0.00173256273081 0.000544371265333 -0.00219883288639 -0.00227163409531 0.0033774813138 0.00201906780448 0.00141629573907 -0.000216334004161 0.00705151048352 0.00138561385071 0.00195991186291 3.49197699958e-05 0.000677791628695 -0.000885395736801 0.00147030191365 0.0145938947008 0.00168501171456 -0.000643544262724 0.00680116783459 -0.00014302271732 -0.00205096197316 -0.00112222574631 0.00119942866661 -0.000366621662152 0.00473563135079 -0.00272903105381 0.00932345752379 0.00340586510327 
0.00148908925069 0.00260769838273 0.0019630255548 0.00543725514548 0.00196777214587 0.00081640566081 0.0200135892024 0.00156536945442 0.00195179993597 0.00169122931984 0.00391777545476 0.00185575996104 0.00221318257032 0.00344422456125 0.00335409444772 0.00386182374362 0.0039436564916 0.00261965851712 0.0010627155295 0.00176694180551 0.00117870813328 0.00108486835293 0.00102559071889 0.000493984301991 0.00473101016256 0.00184829788471 0.0012814512772 0.00180388115855 0.00213966386196 0.00025448328331 0.00359086567249 0.00140624373241 0.00132379245225 0.00292916041078 -0.000386769172466 0.00284350287914 0.00112486290087 -0.000399446689194 0.00189943668171 0.0017211760824 
0.000514350826779 0.00060445893043 -0.000175662688668 0.00202628439523 0.00181724296855 -0.000501671374444 0.00156536945442 0.0227867314014 0.00076976345337 0.000974930469416 -0.000207182941351 -0.00060603512195 0.000252556015692 0.00185368245808 0.000851859395608 0.0044650475164 0.00244928119473 0.0028924476866 0.000533897459404 0.000265406164065 0.000766633734549 0.00153512913386 -0.00144650246198 0.000567639039105 0.00153166595403 0.00114415874429 0.00130421446505 0.00360037504949 0.000389540832998 8.39366945773e-05 0.00113424882848 0.000154615933985 -0.00159103293283 0.000535353136587 -0.000144814034524 0.00107373699179 0.00117401423547 8.57326545322e-05 0.000816249019927 0.000923503142659 
0.000954563574503 0.000234849117253 0.00203419226912 0.00300745971685 0.00272782999872 -0.000412346494273 0.00195179993597 0.00076976345337 0.0240563345288 0.000908175048901 0.0014070127016 0.000718536036743 0.00115506714374 0.00102139256612 0.0014499399672 0.000245921894011 0.00181923856028 0.000195357182162 0.000936664653359 0.00232191804988 0.000767566751552 0.0014445553271 -0.00032621735087 -0.000484951004677 0.00230485539746 0.00605028466617 0.000573140588401 0.00123637733189 0.000366980223106 -0.000517829423768 0.00174436043134 -0.00175599356105 0.000555397554416 0.00227267171338 -0.000637669441544 0.00181972073015 0.00191513340704 0.00279771706781 0.00182302930615 0.00123205005365 
0.00293330311242 0.000518294554965 0.00396998352532 0.000479186892176 -0.000341869390387 -0.000553259254199 0.00169122931984 0.000974930469416 0.000908175048902 0.0169738201952 0.00179075089008 0.00205877737488 0.00104702818991 0.0020847371352 0.00266395652104 0.00140899215965 0.0019677277212 0.00131411796892 0.00142034777418 0.00140830354935 -0.00117216792268 0.000623483557664 0.000331259116045 0.00481699466111 0.0014492601796 0.00554559049236 0.000120476438596 0.00195169505497 -0.000587622348531 0.000569008055041 0.00121195092528 0.000747959470769 0.00338416053525 0.000994517226923 0.00377046849385 0.00197399242815 0.000106388689692 0.000131009466667 0.000751207252003 0.00234341270474 
0.00452697956019 0.00237865570445 -0.00115062867812 0.00144081036153 0.00304975365121 0.00287823671712 0.00391777545476 -0.000207182941351 0.0014070127016 0.00179075089008 0.0502667408677 0.00200896835832 0.000376740615154 0.00417389506684 0.00150460929749 0.00127956134218 0.0028568722322 0.00110638902989 0.000151324543834 0.00130380416144 0.00105493818924 0.0010724948581 0.00183410854018 0.00839697844428 -0.000155537188802 0.00720864371698 0.000930351051645 -0.00232410368092 0.000395394379015 -7.14943277523e-05 0.000425409375994 0.00119487430429 0.00331367701257 0.000355115381978 0.000464857944741 0.00238123044696 0.00122644794431 0.00646199922904 0.00292554009478 0.000808645229818 
0.00161385253599 0.00233561734803 0.00092532815274 0.00270020925984 0.00323488015004 0.00231143793149 0.00185575996104 -0.00060603512195 0.000718536036744 0.00205877737488 0.00200896835832 0.0183336425703 0.00304677137525 0.00403450730447 0.00266031621533 0.00138865066623 0.00328632280395 0.00187276378192 0.00119470298739 0.00123715963633 0.000595064703089 0.000484547587542 -0.000727727159689 0.00413941094973 0.00209685748059 0.00362133463611 0.00179737157927 0.00245008994118 0.00309813192639 0.000725154823502 0.00190328945417 0.00164734950253 0.00142897406252 0.00127088051259 0.00063532922221 0.0013495518342 0.000566274755015 -0.000812202570983 0.0011886001911 0.00194267638841 
0.00110220308883 0.00180137070609 0.00229435289712 0.00186823091898 0.00167562838136 0.00173256273081 0.00221318257032 0.000252556015692 0.00115506714374 0.00104702818991 0.000376740615154 0.00304677137525 0.0145256059437 0.00220362340821 0.00135350163172 0.000805646670767 0.00238477285554 0.00141901853643 0.000389758324365 0.000914265674834 0.000720164692657 0.00030622976126 -0.000257333452058 -0.000482995519796 0.00502100268773 0.000511324972672 0.00229844310112 0.00181014737098 0.000234316087484 0.000441337936223 0.00319000482648 0.00111828197155 0.000725839500398 0.00261535680522 0.000444178140914 0.000409155825092 0.00191274475669 0.0014650456362 0.000813987460416 0.00268872913501 
0.0026388296066 0.000383358265839 0.00333090905904 0.00335778977699 0.00379885559861 0.000544371265333 0.00344422456125 0.00185368245808 0.00102139256612 0.0020847371352 0.00417389506684 0.00403450730447 0.00220362340821 0.0241255773388 0.00492968195895 0.00180801425646 0.000946484343245 0.00214847054385 0.00217978453238 0.00109355940529 0.0011807653725 0.00134702630491 0.00233945669398 0.00625811825896 0.00119219806681 0.000838880840365 0.000975702222706 0.00120278506802 0.00305045865856 0.0042975229774 0.00202324952104 0.00116443406345 0.00133725930952 0.00191934324606 0.000845760268942 0.00371628438932 0.00195872941148 0.000448533680452 0.00182499733643 0.0003713604183 
0.00285730608627 0.00116084282006 0.00205291889584 0.00353021154089 0.00158558760899 -0.00219883288639 0.00335409444772 0.000851859395608 0.0014499399672 0.00266395652104 0.00150460929749 0.00266031621533 0.00135350163172 0.00492968195895 0.0187323532648 0.0020540785136 0.00172626958584 0.00138030649457 0.00062923345004 0.000627638722833 0.000647851196751 0.00167597952651 0.00124140353884 0.00102899328197 0.0019536786579 -0.00123879773915 0.00305088843844 0.00215289249254 0.000854328152646 0.00223458716666 0.00170165512973 0.00236393287329 0.0014519640252 0.000588810993284 0.000381596967791 0.00233062210789 0.000876172409546 0.00133891198512 0.0020468609064 0.00259296379345 
0.000956870505595 0.000487572637349 0.000774440609044 0.00241935064312 -0.000624104472798 -0.00227163409531 0.00386182374362 0.0044650475164 0.000245921894011 0.00140899215965 0.00127956134218 0.00138865066623 0.000805646670767 0.00180801425646 0.0020540785136 0.0171997824393 0.00165547370773 0.00172566584212 0.00140626579462 0.000697577083947 0.000506735701074 0.00137084888094 0.000109679288514 -0.000141856563139 0.000810628842583 -0.000124409992556 0.00174267750961 0.000265074296553 0.00234173392716 -0.00100606735576 0.00183997916129 0.00172810136823 0.00101741277992 0.00165349457844 -7.65772076018e-05 0.00120455110958 0.00222020762637 -0.0011480902751 0.00183041386851 0.00128590920946 
0.00238790643148 0.00279958171439 0.00179341687206 0.0016710049603 0.00127363220169 0.0033774813138 0.0039436564916 0.00244928119473 0.00181923856028 0.0019677277212 0.0028568722322 0.00328632280395 0.00238477285554 0.000946484343245 0.00172626958584 0.00165547370773 0.0231812550811 0.00255095933812 -8.1006009064e-06 0.00142769012566 0.00237453965602 0.00307306444288 -0.000492734684979 0.00376453679866 0.00255077302835 0.00381183794478 0.00257447355802 0.00312205482733 0.000755307188651 -0.000418118292946 0.00214603079238 -0.000121637727739 0.00256497110542 -0.00134046357728 0.000133141316907 0.00176251578098 0.000189057221443 0.00271229998117 9.04295629695e-05 0.00265600003399 
0.00125074535221 0.00315505600401 -0.00218204414125 0.00160980649253 0.000474145545266 0.00201906780448 0.00261965851712 0.0028924476866 0.000195357182163 0.00131411796892 0.00110638902989 0.00187276378192 0.00141901853643 0.00214847054385 0.00138030649457 0.00172566584212 0.00255095933812 0.0199761468264 -4.9948628826e-05 0.00188228241687 -0.0002362356891 0.00257579343398 0.00170682419559 0.00430924680179 -9.63849437222e-05 0.00243856586937 0.00358331327498 0.000809592715976 0.00351290621185 -8.23682735229e-05 0.0013511751454 -0.000448472785476 0.00293636555694 0.00135844786731 0.00267914120157 0.0014051677016 0.00128605782631 -3.59670478808e-05 0.00160893486082 0.000112142244104 
