60
0.0506400072768 0.0785253906611 0.134581744136 0.11775000089 0.0129348444485 0.100886603299 0.10643743266 0.0797862135264 0.00388664565626 0.0705908558691 0.0564449965361 0.142251168296 0.158066549078 -0.00277796207049 0.0142076594304 0.0445332570478 0.176756138136 0.0905831054983 0.0506132512338 0.121962687623 0.201887649263 0.0962618702605 0.103166553638 0.0519302207626 0.135547989167 0.0723241103927 0.0315903614714 0.0402434153999 0.0601344650096 0.116406698245 0.0315088302779 0.0625194128962 0.0324129219316 0.0578888041786 0.0900156737744 0.00753480783794 0.0649972461493 0.0437038130991 0.0731585002716 0.1366928931 -0.00773505516991 -0.0290439391383 0.0321720089654 0.0381517477001 0.0723841835345 0.00642009941462 0.0451759103614 0.0444205393046 -0.0148687542544 0.0498631258667 0.151477321577 0.0966324757555 0.0625636206577 0.100220943784 0.0756818342608 -0.00648668223639 0.0538940625226 0.123331646141 0.114977551813 0.0300114281637 
0.485662420252 0.0305064997136 0.0313240646072 0.0412197703233 0.0174025285693 -0.0230810758674 0.0277940330898 0.0275402078612 0.014303260088 0.00690827209963 0.00207698592641 0.0185680536428 0.00687571094619 0.0178935837006 0.00661318227178 0.0106401840599 0.0193440306575 -0.0213026385317 0.0112075315436 0.021270723021 0.00897308106118 -0.00830963799636 0.0240264700399 0.0110413275846 0.0569241514645 0.12357529585 0.00903390524715 -0.000508387405352 -0.0062917824462 0.0768895714411 0.0291835773425 0.0447818028283 -0.0144457560838 0.0054018273826 0.0180480481384 -0.00447141050289 0.0143005580921 0.0350621960702 0.0506910559883 0.0131927588968 0.0200888322714 -0.000657260336586 0.0535688526797 0.0319415723608 0.0228759930424 0.0279504928642 0.0753349429896 0.00375828794685 -0.000134644521827 0.0232132097884 0.0460146572427 0.0221634840075 0.00127489319294 0.00231427764663 -0.00384597832135 0.0155710448428 0.0200278944871 0.035843151083 0.0105309249375 0.0153189679033 
0.0305064997136 0.297938111836 0.0290581325867 0.0417354089097 0.00164936196068 -0.00312451081974 0.0145796301675 0.0309104850795 0.0140080069031 0.0141447438587 0.0190999609912 0.0217335188607 -0.0141169145898 0.00656182229728 0.0112467958285 0.0147511438094 0.0124976593583 -0.000223821694292 0.0138633605419 0.0249433507729 0.0195505539016 0.0148344079911 0.0357849175393 0.00806350628793 0.0132263124575 0.0027276745691 0.0291726051014 0.0187384083429 0.0222618700967 0.0264764680367 0.0278918457321 0.0351850095697 0.00250572861302 -0.000881384359377 0.0191785441412 0.0172148717044 0.0274464333987 0.0137610962341 0.0233847556763 0.000425248515576 0.0186836476227 0.0165401262993 0.00858895415761 0.0235121852713 0.0175133392821 0.00330260054869 0.0384493750053 0.0085731022873 0.00278312116699 -0.00114437727603 -0.00177749187501 0.0908111667442 0.0561274520565 -0.0149865169107 -0.00687928074511 0.00992223889229 -0.013692513958 0.0874038861848 0.0346595242104 0.00717546864725 
0.0313240646072 0.0290581325867 0.376116411886 0.0481887443814 0.0173626489247 -0.00630970425406 0.00197655034671 0.0349839879754 -0.00204436107715 -0.00194946179459 -0.0374204711808 0.0424121301033 -0.0184007063325 0.0138605327196 0.00987940719725 0.0103949225087 -0.0210368162002 0.0405269182553 0.0153528891782 0.0112879143477 0.000801324330876 -0.00570852716723 0.0170178836346 -0.0155212737029 0.000584195234146 0.0135175918131 0.0152626615964 0.00262927248016 0.0394189147995 0.0234887665629 0.034011747238 0.0321211446441 0.0319597079681 0.00696823170525 0.00715176625341 0.0114904982668 -0.00287897866576 0.038717352416 0.00571058677324 0.0124007294897 -0.00664395367378 0.0154740020772 0.0153743991556 0.0313914121192 0.0206028621551 -0.00987674728897 0.0212325609157 0.0210162895663 -0.0157301436342 0.0173388928004 0.0188012361167 0.0360685285447 0.01850686108 -0.0167801329695 0.0075233404153 -0.00176348274189 0.0295871596575 0.0455767072961 0.00975242877981 0.0232553199657 
0.0412197703233 0.0417354089097 0.0481887443814 0.869118926506 0.0229177130096 0.00400685149253 0.0441631311549 0.0234626271324 0.0351174344584 -0.0248775527165 0.0741125970662 0.0599686547379 -0.0446462457581 0.0335704331787 0.00837161735379 0.0319353417095 0.0129831951896 0.0586246136063 0.0156960743417 0.0304504352098 0.0059236464008 0.00812278329516 0.0168818102092 0.0243338775976 0.0139551940688 -0.00445420745789 0.041744839937 0.0181904007904 0.014977847004 0.111302189588 0.0410268849555 0.0984056517423 0.0222203666014 0.0454324090603 -0.0403653309543 0.00878155773099 0.0209160303757 0.0153520422176 -0.00913707798026 0.0497420276831 0.0218848181454 0.00146556469396 0.0261027661208 -0.0535090797608 0.00523875575996 0.0331074409253 0.0327872626878 0.0363759705449 0.0115249981706 -0.0147388340475 0.014887205804 0.0185565801556 0.0407074367532 0.0519269813769 0.0148038467033 0.00210786115445 -0.00845493244029 0.051815548638 0.0745176796097 0.0211158037128 
0.0174025285693 0.00164936196068 0.0173626489247 0.0229177130096 0.159225315548 -0.00123285073657 -0.00325152291172 0.0300763543969 -0.00153798798908 0.0419178895032 0.00529340155164 0.0172314832491 -0.0023847533308 0.0192965225117 0.0248019859516 0.0162789130039 0.00311659641696 0.0195428826805 0.0188792614502 0.00309540564998 0.0037108399954 0.0133603153037 -0.00685502112172 0.0123825834911 0.00785534925127 0.00189915035056 0.010519519216 0.0127331641779 0.0154139317057 0.00935296668527 0.0183558347557 0.0131047365292 0.00778281649916 0.00095478060214 0.000792024063865 0.0182778803163 0.0146096183374 0.00249412931032 0.0190273506508 0.00148830611294 0.00208464405627 0.0045922809013 0.0182549530322 0.000610102318119 -0.00112323661422 0.00842806596383 0.0118884024839 0.0163209362149 0.00945908020874 0.013784124034 -0.00286084731714 0.0225518507605 0.0189567087694 0.00443315161918 0.0227015263037 -0.00500229384813 0.0165596193081 0.0127775714527 -0.00075186188774 0.00784073509428 
-0.0230810758674 -0.00312451081974 -0.00630970425406 0.00400685149253 -0.00123285073657 0.355391880823 -0.0107809284492 -0.00166215593859 0.0216718244726 0.000310911573779 0.00481302386969 0.00669673193848 0.0213228352611 0.017200777122 -0.00708385694032 -0.00999084052868 0.0466385749704 0.0217638208733 -0.00601203399988 0.0186269321866 -0.00458407935582 0.00457414046759 0.0109440040342 0.0114726105073 0.00994714641284 0.0156340308227 -0.00435407529937 -0.00542697025901 0.0395579632701 0.0794482693296 -0.0136224431469 0.0157564677591 0.0111999329503 -0.00403700441193 0.00949901727553 -0.0127451089292 0.0135744270401 0.0121241115733 -0.0319555827533 -0.00596776650406 0.00420726301869 0.0272588845665 0.0142874773659 0.0252949177445 -0.00218342918467 0.00839273598554 0.0332207390203 0.00432001179757 -0.00332875295585 -0.00466317347932 0.00669335752766 0.0193072020067 0.0136522724605 -0.000509741145843 0.00359061880057 -0.018565136907 -0.00925095787969 -0.0042315775522 0.0316328982545 0.000239476757844 
0.0277940330898 0.0145796301675 0.00197655034671 0.0441631311549 -0.00325152291172 -0.0107809284492 0.483961984541 -0.00281100557121 0.00539475957131 -0.00112596749207 0.0329490426625 -0.00211111294303 -0.014061422484 0.0109013641689 -0.00880398039594 -0.0154089811911 -0.0206620883202 0.0122995237092 0.0059431496281 0.0794516774203 -0.0179536854049 0.0772881894907 -0.0239163104163 0.0428607524031 0.0460993154784 0.024411431619 0.0237456651571 -0.00996460048197 -0.0253390588294 0.0414388419527 0.0220859092338 -0.000692306748803 -0.00326907684896 0.118503356174 0.0132697151497 0.021468669671 -0.00122601431483 0.0297265932263 -0.00809518653549 0.000308228359057 0.00912795259137 -0.00459236735553 0.0123604778451 0.00659969726632 0.0792155133141 0.0223418341582 0.016396436125 0.0235954887459 0.0122417796766 0.0342414327275 0.0217827860443 0.0170684622347 0.00565519061029 0.0259125129902 0.0123550038748 0.0216280853944 0.00816425930029 0.0277639548915 -0.0103856831028 -0.000840881946439 
0.0275402078612 0.0309104850795 0.0349839879754 0.0234626271324 0.0300763543969 -0.00166215593859 -0.00281100557121 0.220477090817 0.0113649235072 0.0190604259993 0.0121435630044 0.016616460677 0.0142395849709 -0.00209797945493 -0.00308281565605 0.0235074658292 0.0605204500203 0.0025001232499 0.0384553118911 0.0147434062831 -0.0213929541352 0.0132401332474 0.0124043236556 0.0155274002033 0.0141764550201 0.000520771549862 0.0365642098381 0.0119076671321 0.0146605741215 -0.00441391696555 0.0174534748534 0.011394779166 0.0182220020488 -0.00532156202939 0.0172579923742 0.0265169236126 0.0175750619873 0.0103949476763 0.00876128008036 0.00386704094425 0.0143258446027 0.00552656383912 0.0171892676965 0.0143284285384 0.0334059162218 0.0244228777181 0.00659365002177 0.0053695850283 0.0176225271868 0.00654641709564 0.0103241690886 0.0640733961576 0.0149214085054 0.00769622365398 0.00904473547675 0.0148481969551 -0.00306271206201 0.0141899568766 -0.0138270886655 0.011350493687 
0.014303260088 0.0140080069031 -0.00204436107715 0.0351174344584 -0.00153798798908 0.0216718244726 0.00539475957131 0.0113649235072 0.198926630419 -0.00866146650649 0.054444539254 0.0692509340127 0.000945511686788 -0.00233193711251 0.00707198324856 -0.0082391934174 0.0147529280137 0.019386675675 -0.00761298179032 0.0462136552876 0.0116573953926 0.0387622237635 0.000797860240625 0.0543412875241 0.00289174634078 -0.0041622031754 0.0211139706201 0.00797194002439 -0.00118694311855 0.0171671836056 0.0242045465226 0.00485885719952 0.000448151533487 0.0389044576688 0.0113338323338 0.00336696692103 0.0175826172857 0.0202071061785 0.0154824192951 -0.00102372427619 0.0331382021886 0.0260908647606 -0.00245211678967 -0.00856954183077 -0.00481623947405 0.0353882031297 0.00296834498626 0.00753339681416 0.041627392225 0.0211386829691 0.0186431014468 0.0358806622741 -0.00302312024301 0.00193609685961 0.0103209917467 0.0181048771205 -0.00721309640108 0.0103792774942 0.00623226294599 0.0153154204695 
0.00690827209962 0.0141447438587 -0.00194946179459 -0.0248775527165 0.0419178895032 0.000310911573779 -0.00112596749207 0.0190604259993 -0.00866146650649 0.466299400035 0.0136866042453 0.0458114002814 0.0011261881963 0.0448859163001 -0.0027807476408 -0.0246547813485 -0.0216659986064 -0.000925447717651 0.0201400257237 0.00947659435722 0.0288362800627 0.0081464899792 0.0267180907282 -0.0103072609602 0.025028939552 0.0147737316304 0.0299069022264 -0.00164440815178 -0.0107801734795 0.00311255881279 0.0244078617735 0.0627259575488 0.0190158282846 -0.013386575638 0.0138171239907 0.0287618337862 0.0219660333171 0.00194681953856 0.0185945792396 0.039348078114 0.00134225842771 -0.00143910913655 0.00841781528365 0.0309134198499 0.00400796359775 0.00756399424974 0.0145564421366 -0.00196355485149 0.00928380310878 0.0178510607441 0.0411441182321 0.0188420499933 0.0145245753306 0.000642583875793 0.0254294719612 0.0188364394911 0.0584866987245 0.0407438001787 -0.00880881656752 0.011592889054 
0.00207698592642 0.0190999609912 -0.0374204711808 0.0741125970662 0.00529340155165 0.00481302386969 0.0329490426625 0.0121435630044 0.054444539254 0.0136866042453 0.230936746916 0.0183610230575 -0.00631026825851 0.00753479720047 0.00776904027716 0.0129959450407 0.0154850629563 0.0156314335399 0.0077822006824 0.0628747055248 0.00892950991662 0.0416173268186 0.0127061312537 0.0476978250895 -0.0188458763133 0.013725007022 0.0333065848133 0.0219468676836 0.00830368754438 0.0338327759734 0.0276156562635 0.0315211487168 -0.0109140991084 0.0640892325523 0.0102626660232 0.0106784817397 -0.0125178182597 0.00213475885901 -0.00818995163047 0.024069848748 0.0484567080108 0.0130625632824 0.00931359662875 -0.000720949551277 0.00933730225344 0.032178089885 0.0049751495541 0.0212242132113 0.0455877790654 0.00454846941476 0.0151144602724 0.00745190644075 0.0229150041039 -0.0129283437269 -0.0023122221385 0.0162748616861 0.0134037042742 0.00898170867512 0.00710521852388 0.0246364448926 
0.0185680536428 0.0217335188607 0.0424121301033 0.0599686547379 0.0172314832491 0.00669673193848 -0.00211111294303 0.016616460677 0.0692509340127 0.0458114002814 0.0183610230575 0.797943192682 0.00496939845293 0.0315372420994 0.011440424907 0.00925940310593 0.0146052131096 0.00749073488868 0.0213707442826 -0.0212971444421 0.0282053558737 0.0446230773197 0.0149033628945 0.00794201490981 -0.0024267494299 0.00684696605402 0.0170517864702 0.0167399849487 -0.00267234490671 0.0309158221594 0.023817162801 0.0148753063075 0.0250895783212 -0.0224067416666 -0.0142535790458 -0.00655292821433 0.00825230998955 -0.000120955277998 0.0178767715889 -0.00557957408245 0.0125224198449 0.0310821093407 -3.15309951062e-05 0.0135253375699 0.00258644240269 0.0102852722473 0.00207210909771 0.0176513510232 0.00318351599595 -0.0183710262173 0.00606016309903 0.0227479616953 0.0253924613264 0.0293444579264 0.0510276783924 -0.00925239282066 0.0168961738187 0.015708055574 0.0219841674697 0.0277276672734 
0.00687571094619 -0.0141169145898 -0.0184007063325 -0.0446462457581 -0.0023847533308 0.0213228352611 -0.014061422484 0.0142395849709 0.000945511686788 0.0011261881963 -0.00631026825851 0.00496939845294 0.682546204999 0.00672696752595 0.00216411073418 -0.00116479435069 -0.037251054679 0.00238349239956 0.000900369079875 0.00967436750968 -0.000914422974443 0.0379449424925 0.0218095341478 -0.00860050165986 -0.0107096559953 0.00806980854359 -0.0099142957249 0.0194430975082 -0.00686593017848 -0.000148639195242 0.0045705800338 0.00652659099165 0.00162018317597 -0.040268661459 0.00537840857002 0.0134459662489 0.00232288087171 -0.00418335676835 -0.00605179602131 -0.0309151908032 -0.00807158659363 -0.0257295829039 0.00151207095572 0.00861455394637 0.00729881759315 -0.0035700144109 0.0082644126168 -0.00967420066863 -0.0135817985915 0.00308383572865 0.0358936161824 -0.0321267943119 -0.00795433501437 -0.0172637509913 0.0172651685041 -0.012381004962 0.00644428763538 0.000600562814436 -0.0222526104055 -0.00834855934244 
0.0178935837006 0.00656182229728 0.0138605327196 0.0335704331787 0.0192965225117 0.017200777122 0.0109013641689 -0.00209797945493 -0.00233193711251 0.0448859163001 0.00753479720047 0.0315372420994 0.00672696752595 0.252457529137 0.0121764355959 0.0103269296029 0.00950540127633 -0.00198361243593 -0.00170457855938 -0.00716955814462 0.0593051164913 0.0143021597135 0.00828435834075 0.00876881021853 0.0219519555908 0.00985384664621 0.00709012744969 0.00546966541554 -0.00630551075854 0.00657813506132 0.00299823731678 0.00794212763233 -0.000460920229639 0.00414600496184 -0.005483095838 0.0126833882524 0.0143456621396 0.00392334328059 -0.00878971940388 -0.00392809712932 0.000418025682028 0.0184713430025 0.0081145446423 0.0151379179822 0.00385058636256 0.0089247168842 -0.00715079178123 0.00859521128923 0.0123085400384 -0.00739439447616 0.0314265942236 -0.0157021796566 0.00563687986686 -0.0142044266994 0.00617176275284 0.0149275316013 -0.00112785305548 0.0276976640359 0.0273606439215 0.00564053946478 
0.00661318227178 0.0112467958285 0.00987940719725 0.00837161735379 0.0248019859516 -0.00708385694032 -0.00880398039594 -0.00308281565605 0.00707198324856 -0.0027807476408 0.00776904027716 0.011440424907 0.00216411073418 0.0121764355959 0.119815034377 0.00902825837019 -0.00120336432635 0.011544230337 0.00879026977921 -0.00664971089983 0.00221972326443 -0.00757800167808 -0.00293500089847 0.00470421544755 -0.00921985324387 0.0162115935339 0.0194291349265 0.0275350431655 -0.000736506677381 0.00142606847055 0.00579559163982 0.00851997811445 0.00411123627872 0.000672489816084 0.00593616249009 0.0074387524911 0.00193312785982 -0.00113154138401 0.0168813437124 -0.00223718754966 0.00284374872732 -0.00363938322401 0.0148281501309 0.00684657515416 0.00891482606844 0.0158792572173 -0.00388769176652 0.0226629240835 0.0173835105844 0.0177047364278 0.00794293020761 0.0146005819344 0.0169687059477 0.02663099909 0.00733594680003 -0.00435667165774 0.00287481807978 -0.0023694120787 0.00273575593505 -0.00541892842123 
0.0106401840599 0.0147511438094 0.0103949225087 0.0319353417095 0.0162789130039 -0.00999084052868 -0.0154089811911 0.0235074658292 -0.0082391934174 -0.0246547813485 0.0129959450407 0.00925940310593 -0.00116479435069 0.0103269296029 0.00902825837019 0.163807280024 -0.0311084717301 0.0334549193898 0.00913821783861 0.00682798400267 -0.0220316598111 -0.00680160856345 0.00379228256371 0.00234989697878 0.0207070671293 0.0200730496575 0.0124521843411 0.0216361232843 0.00222430649312 -0.000940902647493 -0.000661873065257 0.0026469198051 0.00690901362543 0.0128812664365 0.00848137836595 0.0137308828784 0.0223298302542 0.0147409339507 0.014610445652 0.0226320627828 0.0164611867491 0.0379928273644 -0.000101673980418 0.0243473801812 -0.00322427157827 -0.000454872664438 0.0117009751919 0.0134716105832 0.00866374787832 -0.000371156463926 0.00522590693946 -0.000508427538401 0.018537426958 -0.00382684129702 -0.0129961185787 -0.0142179987925 -0.00209221987555 0.0157998068041 0.0131738187602 0.0237668974921 
0.0193440306575 0.0124976593583 -0.0210368162002 0.0129831951896 0.00311659641696 0.0466385749704 -0.0206620883202 0.0605204500203 0.0147529280137 -0.0216659986064 0.0154850629563 0.0146052131096 -0.037251054679 0.00950540127633 -0.00120336432635 -0.0311084717301 1.48410305603 -0.00812269100408 0.0276526844102 0.0269462427674 -0.00801693412207 -0.000503499447993 0.0140008665372 0.0496025080851 0.0274909383329 0.0137391991373 0.00528751225049 0.0060725138516 0.00893259778895 0.0371447451353 -0.000533866006378 0.0178068430961 -0.00930739558163 0.00536911873259 0.00568906694897 0.0153966647455 0.0127399833893 -0.0057043611535 -0.00667150199237 -0.00232695671629 0.0050395589072 -0.0473417800483 0.0171562665266 0.00953587623968 0.0626710932579 0.0132319106862 -0.00289413702492 -0.00769543923946 -0.0078749950527 0.00974825856446 0.088567476772 -0.00539345237085 0.00213194352013 -0.0257531522449 -0.00336181715619 0.0174632903415 -0.0126337153223 0.0257968957269 -0.00325878512076 -0.00335302044389 
-0.0213026385317 -0.000223821694292 0.0405269182553 0.0586246136063 0.0195428826805 0.0217638208733 0.0122995237092 0.0025001232499 0.019386675675 -0.00092544771765 0.0156314335399 0.00749073488868 0.00238349239956 -0.00198361243593 0.011544230337 0.0334549193898 -0.00812269100408 0.302106051282 0.0107828861589 0.05112129534 0.0112142503353 0.0100993236371 0.0041069005872 0.0308548177047 0.00376751627002 0.0165124207912 0.0209181876294 0.0187504276093 0.0184039250595 0.00428526092517 0.0136843600633 0.0217590849715 -0.00651360066155 -0.00499158738457 0.0339074349143 0.0104120481784 0.0416652625848 0.0150434312652 -0.00446905998174 0.0265451238823 0.0106444555763 0.0296536206222 0.0159226327062 0.0102413273793 -0.0158029773886 0.0132887093747 -0.00580817023868 0.0110296815887 0.00915833117328 -0.00632922560377 0.0442392881573 0.0137293680756 0.00880107348422 0.00518639139991 0.0316543470149 0.00356523697672 -0.0146825319669 0.00753238132068 0.0171837437304 0.0168715370142 
0.0112075315436 0.0138633605419 0.0153528891782 0.0156960743417 0.0188792614502 -0.00601203399988 0.0059431496281 0.0384553118911 -0.00761298179031 0.0201400257237 0.0077822006824 0.0213707442826 0.000900369079875 -0.00170457855938 0.00879026977921 0.00913821783861 0.0276526844102 0.0107828861589 0.143595026697 0.00462064238527 -0.0113781053422 -0.00533747773106 0.00735668851838 0.00771861449432 0.0258461529888 0.0281095001367 0.017655057975 0.0195423641247 0.0359834993415 0.0114359163375 0.0162836366698 0.0245177791515 0.0171967827852 0.0168615034956 0.0222010865252 0.00721142892266 0.0165705983654 0.0231160638889 0.0137917276786 -0.013295409205 0.00929276206345 0.00660503719839 0.0222560715588 0.0266696941805 0.00585479887235 0.0129847188082 -0.00164164347553 0.0135816209619 0.00905825067166 0.0329892494874 -0.000878388301417 0.0223579542711 0.0243942674533 0.0128704025165 0.024862488581 0.00293860637394 0.0084583739192 0.0349796649081 -0.0010411364236 0.0351836050706 
0.021270723021 0.0249433507729 0.0112879143477 0.0304504352098 0.00309540564998 0.0186269321866 0.0794516774203 0.0147434062831 0.0462136552876 0.00947659435722 0.0628747055248 -0.0212971444421 0.00967436750968 -0.00716955814462 -0.00664971089983 0.00682798400267 0.0269462427674 0.05112129534 0.00462064238527 0.402589444186 0.0128439001678 0.0500252878844 -0.00144456271068 0.0477025526959 -0.0302541501122 -0.0233617994179 0.0281017825576 0.00419190523418 -0.0197991550599 0.0341618529449 0.0298551638362 0.0210156573845 0.0185568841436 0.129401389097 -0.00280267968335 0.00617592245414 0.00483913222058 -0.00422912593875 -0.00300920806634 0.0193675661676 0.0218795088807 -0.00902954357513 -0.00767977677367 0.0279809612244 0.0214495239036 0.0493002212606 0.0282484088952 0.0032531107333 0.0250830245034 0.0733484754505 0.0564282951529 -0.000780995891094 0.0182729609316 0.00236926413552 0.0286079630147 0.0284110951334 0.0154313081298 0.0177538276785 0.00977979937767 0.00902216337002 
0.00897308106118 0.0195505539016 0.000801324330876 0.0059236464008 0.0037108399954 -0.00458407935582 -0.0179536854049 -0.0213929541352 0.0116573953926 0.0288362800627 0.00892950991662 0.0282053558737 -0.000914422974443 0.0593051164913 0.00221972326443 -0.0220316598111 -0.00801693412207 0.0112142503353 -0.0113781053422 0.0128439001678 0.770307166327 0.0249797428582 0.0416467036796 -0.0161504977776 0.0573503754427 0.0455667640918 0.0237808310239 0.00401449310921 0.00280901278971 0.00424748082649 0.0250987801883 0.0135125833018 0.00768292257554 -0.029461244043 -0.000694409547975 0.0301981360675 0.0057161018258 0.020364176326 0.0428667530384 0.0383082138975 0.0356014595626 0.0037321200589 0.0325494473277 0.0592938006628 0.020036673266 -0.00909533069044 -0.0248912143334 0.0249295873274 -0.00421875971116 0.0345845085154 -0.025011421324 -0.0145196316822 -0.00943528402354 0.0356269087156 -0.00476081735065 0.00590552977967 0.0251965775224 0.0212792065997 0.00219914575236 0.00413206291626 
-0.00830963799636 0.0148344079911 -0.00570852716723 0.00812278329516 0.0133603153037 0.00457414046759 0.0772881894907 0.0132401332474 0.0387622237635 0.0081464899792 0.0416173268186 0.0446230773197 0.0379449424925 0.0143021597135 -0.00757800167808 -0.00680160856345 -0.000503499447993 0.0100993236371 -0.00533747773106 0.0500252878844 0.0249797428582 0.368263612737 0.0131248355188 0.0310439823801 0.0387474625319 -0.00358005431041 0.0202485199033 0.00267203972008 0.0218086197973 0.0165989763566 0.0222411879436 0.00323267946967 0.0334808951859 0.00593207344946 0.00993948747344 0.024242411934 0.0128111664173 0.0104316032895 -0.00305193717739 0.024177031646 0.0196714199652 0.0185139634808 0.0148113586952 0.00455223954987 0.0591828214316 0.0301021030666 -0.0112746645406 0.00716027709717 0.0284645205424 0.0140071527581 0.0398693130744 0.0376784594141 0.00338890143457 -0.018302449048 0.00765257415242 0.00517596107145 0.0576023839941 0.0358976079573 0.0546403791469 -0.00915449244065 
0.0240264700399 0.0357849175393 0.0170178836346 0.0168818102092 -0.00685502112172 0.0109440040342 -0.0239163104163 0.0124043236556 0.000797860240625 0.0267180907282 0.0127061312537 0.0149033628945 0.0218095341478 0.00828435834075 -0.00293500089847 0.00379228256371 0.0140008665372 0.0041069005872 0.00735668851838 -0.00144456271068 0.0416467036796 0.0131248355188 0.354088089613 0.00544435858075 0.0284077948815 -0.0292560332507 0.00673450683838 -0.01759646663 0.005272172561 -0.0142820970468 -0.00167946445422 0.0453886601175 0.00946976457303 -0.0239123527014 0.0155517243883 0.0108594463706 0.00595860875961 0.0119225960513 0.0127206570646 0.0447794489128 0.00653165189952 -0.012949359862 0.00875177461933 0.0032175992553 0.013950053991 0.0129912258948 0.0112315509611 -0.00849982918319 -0.00533163562778 0.0133642824855 0.00821672869176 0.0508869339 0.0144537719808 -0.0513390169351 -0.00191636119297 0.00163243841173 0.0146215212798 0.022450860426 0.0935389003094 0.0277387592287 
0.0110413275846 0.00806350628793 -0.0155212737029 0.0243338775976 0.0123825834911 0.0114726105073 0.0428607524031 0.0155274002033 0.0543412875241 -0.0103072609602 0.0476978250895 0.00794201490981 -0.00860050165986 0.00876881021853 0.00470421544755 0.00234989697878 0.0496025080851 0.0308548177047 0.00771861449432 0.0477025526959 -0.0161504977776 0.0310439823801 0.00544435858075 0.244115698425 -0.00918886354532 0.00505431862735 0.0187534791006 0.00672178018463 0.00380455562697 0.0329372909582 0.0341122740545 0.0248918665531 -0.00331334428964 0.0386280219242 0.00279656066847 0.00104968136227 0.0234035843192 0.0309766451636 0.0334548419818 -0.00368148679125 0.024334797639 0.00577129492548 0.0131791254069 0.0021029682651 0.0331989074971 0.0515306570473 0.00659674289017 -0.00391710198412 0.0441999428434 0.0442233084937 0.0381989835769 0.00451561836057 0.00778120234041 0.00174111366122 0.0230510809674 0.00772820472151 0.00391633676987 0.0104543676602 0.021120054072 0.0374131850984 
0.0569241514645 0.0132263124575 0.000584195234145 0.0139551940688 0.00785534925127 0.00994714641284 0.0460993154784 0.0141764550201 0.00289174634078 0.025028939552 -0.0188458763133 -0.0024267494299 -0.0107096559953 0.0219519555908 -0.00921985324387 0.0207070671293 0.0274909383329 0.00376751627002 0.0258461529888 -0.0302541501122 0.0573503754427 0.0387474625319 0.0284077948815 -0.00918886354532 0.469840809485 0.0406200954123 -0.00453547761285 0.00921930696059 -0.0164721314041 0.0540759440234 -0.00584953195691 0.00565826660729 0.0266830659162 -0.0246554451423 -0.0092481750441 0.0230612901087 0.044548171065 0.0146138614847 -0.0210859848302 0.0262504103242 -0.00245237688568 0.0254061862952 0.00478855623688 0.0840779986793 0.0284941456722 0.0127434528065 0.00730105424626 -0.0185061801121 0.0038674969533 0.00405458084412 -0.00381154707158 0.0144184552728 0.00395464149501 -0.00858597898188 0.00241977638041 0.0117757543539 0.0358271774247 0.018211345021 -0.0122367875683 0.0107842613218 
0.12357529585 0.0027276745691 0.0135175918131 -0.00445420745789 0.00189915035056 0.0156340308227 0.024411431619 0.000520771549862 -0.0041622031754 0.0147737316304 0.013725007022 0.00684696605402 0.00806980854359 0.00985384664621 0.0162115935339 0.0200730496575 0.0137391991373 0.0165124207912 0.0281095001367 -0.0233617994179 0.0455667640918 -0.00358005431041 -0.0292560332507 0.00505431862735 0.0406200954123 0.347044625154 0.0117903350825 -0.000255072593166 0.0211481980673 0.040500196883 0.0081247061105 0.0103543393284 -0.00265395727836 0.0058173290991 0.032148261242 -0.00558467119604 0.0143475329814 0.0257795527995 0.0262484281075 0.01343764724 0.00854277082422 0.035656693341 0.0280244156387 0.00973019504557 0.00556548772366 0.0132080936579 0.0509075593434 0.00858641584851 0.0117011574249 0.0334472013099 0.0207615765674 0.0201097730396 0.0221512584198 0.0277274806407 0.0070907496977 0.0138153427511 -0.000470454943182 0.0219282505008 -0.0457335443557 0.0144211867573 
0.00903390524715 0.0291726051014 0.0152626615964 0.041744839937 0.010519519216 -0.00435407529937 0.0237456651571 0.0365642098381 0.0211139706201 0.0299069022264 0.0333065848133 0.0170517864702 -0.0099142957249 0.00709012744969 0.0194291349265 0.0124521843411 0.00528751225049 0.0209181876294 0.017655057975 0.0281017825576 0.0237808310239 0.0202485199033 0.00673450683838 0.0187534791006 -0.00453547761285 0.0117903350825 0.146072250893 0.0118601076278 0.00498249908622 0.0309190519335 0.0351337642883 0.0183854944765 -0.000185827988947 0.0112701043172 0.0256883224515 0.00775004467863 0.0082815104465 0.0196337983305 0.010869135716 0.0191140902804 0.0209384586267 0.00459129818461 0.00807714424237 0.0286460665967 0.0168151858372 0.018847850782 -0.00018212428719 0.0191974839497 0.0210115014003 0.031929681117 0.016543043204 0.0178049644025 0.0202865856441 0.00754434302617 0.0255616969257 0.00717133603168 0.00830444686383 0.0322372952992 0.0218584259988 0.0223126073383 
-0.000508387405352 0.0187384083429 0.00262927248016 0.0181904007904 0.0127331641779 -0.00542697025901 -0.00996460048197 0.0119076671321 0.00797194002439 -0.00164440815178 0.0219468676836 0.0167399849487 0.0194430975082 0.00546966541554 0.0275350431655 0.0216361232843 0.0060725138516 0.0187504276093 0.0195423641247 0.00419190523418 0.00401449310921 0.00267203972008 -0.01759646663 0.00672178018463 0.00921930696059 -0.000255072593166 0.0118601076278 0.128109333531 0.00377032225698 0.00640809781902 0.0231613485019 0.0247675015928 0.0149871972697 -0.0150116919235 -0.000880785009035 0.0292368298486 0.0154491505431 0.0128202317475 0.00996134489594 0.000763852001888 0.00994161064364 0.00758367993653 0.00724132158735 0.0125119750296 0.0152629530862 0.00617217210058 0.0105597731083 0.01161522212 0.0117200368441 0.00374814886134 0.00673418972397 0.0112682888438 0.0192911786865 0.00640474738498 0.0183193784799 0.00953813917721 0.00988465683356 0.0194196433813 0.0194345371437 0.00360426098688 
-0.0062917824462 0.0222618700967 0.0394189147995 0.014977847004 0.0154139317057 0.0395579632701 -0.0253390588294 0.0146605741215 -0.00118694311855 -0.0107801734795 0.00830368754438 -0.00267234490671 -0.00686593017848 -0.00630551075854 -0.000736506677381 0.00222430649312 0.00893259778895 0.0184039250595 0.0359834993415 -0.0197991550599 0.00280901278971 0.0218086197973 0.005272172561 0.00380455562697 -0.0164721314041 0.0211481980673 0.00498249908622 0.00377032225698 0.273638576505 0.0152567015182 0.00697326391288 0.016389248141 0.00665606308238 -0.0290559264586 0.00718246005221 0.00563353916949 -0.00345448176046 0.00976740578388 5.29624186897e-05 0.00615639699468 -0.00465774160849 0.0186770753877 0.0208303342487 -0.00172051779986 0.0153108346226 0.0053676014022 0.0434886267542 -0.00509847710332 0.00018945535253 -0.00800877145804 -0.0103695328909 0.0545584074421 0.040595549752 -0.0148432803967 0.0258917021956 0.00257530964465 -0.0058476168143 0.0415267180448 0.00342742962142 0.0316747780036 
0.0768895714411 0.0264764680367 0.0234887665629 0.111302189588 0.00935296668527 0.0794482693296 0.0414388419527 -0.00441391696555 0.0171671836056 0.00311255881279 0.0338327759734 0.0309158221594 -0.000148639195242 0.00657813506132 0.00142606847055 -0.000940902647493 0.0371447451353 0.00428526092517 0.0114359163375 0.0341618529449 0.00424748082649 0.0165989763566 -0.0142820970468 0.0329372909582 0.0540759440234 0.040500196883 0.0309190519335 0.00640809781902 0.0152567015182 0.520422456099 0.0310355799365 0.0169752569867 0.0100182472749 0.0210087845808 0.00655090988464 0.0222503639052 0.0143770453589 -0.00412610140398 0.0221401285226 0.000838315061501 0.00971614660318 0.0444744400379 0.00481618543695 0.0192434705645 0.0133179868184 0.0110843424973 0.0730668578523 0.0336761030541 0.00156128170893 0.00248266673316 0.0168637618249 0.0371687182885 0.0194435714931 0.0653975415672 0.0120960319069 0.0124852246385 0.030176619031 0.0214619073118 0.0286171181355 0.00347823534892 
0.0291835773425 0.0278918457321 0.034011747238 0.0410268849555 0.0183558347557 -0.0136224431469 0.0220859092338 0.0174534748534 0.0242045465226 0.0244078617735 0.0276156562635 0.023817162801 0.0045705800338 0.00299823731678 0.00579559163982 -0.000661873065257 -0.000533866006378 0.0136843600633 0.0162836366698 0.0298551638362 0.0250987801883 0.0222411879436 -0.00167946445422 0.0341122740545 -0.00584953195691 0.0081247061105 0.0351337642883 0.0231613485019 0.00697326391288 0.0310355799365 0.212441620429 0.0295068247854 0.0229657943635 0.0171596976124 0.0336474216404 0.0306620704329 0.00255452556034 0.0127860019967 -0.0052588271336 -0.00348621038374 0.00717300871627 -0.00478222632166 0.0109462665371 -0.0028730717562 -0.0141890707874 0.007244948188 0.0329053439021 0.0218581656471 0.0215525677719 0.0209530787256 0.0192821079263 0.0395327508576 0.0495327722619 0.0270364052041 0.00641475455303 0.0179707491215 -0.00636984431992 0.0161021619633 -0.00179671701979 0.0533214676232 
0.0447818028283 0.0351850095697 0.0321211446441 0.0984056517423 0.0131047365292 0.0157564677591 -0.000692306748803 0.011394779166 0.00485885719952 0.0627259575488 0.0315211487168 0.0148753063075 0.00652659099165 0.00794212763233 0.00851997811445 0.0026469198051 0.0178068430961 0.0217590849715 0.0245177791515 0.0210156573845 0.0135125833018 0.00323267946967 0.0453886601175 0.0248918665531 0.00565826660729 0.0103543393284 0.0183854944765 0.0247675015928 0.016389248141 0.0169752569867 0.0295068247854 0.310164207369 -0.0113884042049 0.0220527585334 0.014343034834 -0.00224464341676 0.0539166652037 0.0343819254348 0.00963828656443 0.00108055735711 0.016093768093 -0.0102763427209 0.029981547942 -0.00741254198993 0.0257618454528 0.0368447640396 0.0141740104627 0.0328068225826 0.00415619944687 0.028612119031 0.0538456503673 0.00767711563593 0.014672309838 -0.0502944830384 -0.000538753259042 0.0247667115076 0.0100941358193 0.0403994464492 0.00284929294017 0.0318807810814 
-0.0144457560838 0.00250572861302 0.0319597079681 0.0222203666014 0.00778281649916 0.0111999329503 -0.00326907684896 0.0182220020488 0.000448151533486 0.0190158282846 -0.0109140991084 0.0250895783212 0.00162018317597 -0.000460920229639 0.00411123627872 0.00690901362543 -0.00930739558163 -0.00651360066155 0.0171967827852 0.0185568841436 0.00768292257554 0.0334808951859 0.00946976457304 -0.00331334428964 0.0266830659162 -0.00265395727836 -0.000185827988947 0.0149871972697 0.00665606308238 0.0100182472749 0.0229657943635 -0.0113884042049 0.279124812043 0.00124845174723 0.00261226197406 0.00977794615762 -0.00369083338599 0.002756351196 0.00763215315576 0.0105749986543 0.00191619934405 -0.00417734154406 0.00994080838545 0.00444482461542 -0.0019479992871 0.00408878792042 0.0123735361063 0.0139752182278 0.00518813712195 0.0123046684096 0.0080622268893 0.00763156119454 0.0127938734293 0.0498324695439 0.0165246483901 0.0113878523529 0.00644825355768 0.0312566521408 -0.00688319627107 0.00113515571945 
0.0054018273826 -0.000881384359377 0.00696823170525 0.0454324090603 0.00095478060214 -0.00403700441193 0.118503356174 -0.00532156202939 0.0389044576688 -0.013386575638 0.0640892325523 -0.0224067416666 -0.040268661459 0.00414600496184 0.000672489816084 0.0128812664365 0.00536911873259 -0.00499158738457 0.0168615034956 0.129401389097 -0.029461244043 0.00593207344946 -0.0239123527014 0.0386280219242 -0.0246554451423 0.0058173290991 0.0112701043172 -0.0150116919235 -0.0290559264586 0.0210087845808 0.0171596976124 0.0220527585334 0.00124845174723 0.401165006432 -0.00154055121325 0.00139744437535 0.0375282337516 0.00511898599853 0.0259882335345 0.0125473516939 0.0272242353561 -0.00255983278535 0.00200896845095 0.0216955032922 0.0259927201854 0.0311698868035 0.0089662905138 0.021068885483 0.0292496400826 0.0468513669455 0.0650278493346 -0.000845278021051 0.00650762496747 0.0207733104758 -0.00888529098749 0.00420389491377 -0.0144911603062 0.0282405056186 0.0133790900712 0.0129578934415 
0.0180480481384 0.0191785441412 0.00715176625341 -0.0403653309543 0.000792024063865 0.00949901727553 0.0132697151497 0.0172579923742 0.0113338323338 0.0138171239907 0.0102626660232 -0.0142535790458 0.00537840857002 -0.005483095838 0.00593616249009 0.00848137836595 0.00568906694897 0.0339074349143 0.0222010865252 -0.00280267968335 -0.000694409547975 0.00993948747344 0.0155517243883 0.00279656066847 -0.0092481750441 0.032148261242 0.0256883224515 -0.000880785009036 0.00718246005221 0.00655090988464 0.0336474216404 0.014343034834 0.00261226197406 -0.00154055121325 0.229973486906 0.0224754041111 -0.00277050121013 -0.00998868719196 0.0231787294593 0.0105576128119 0.000984539138994 0.00133154636913 0.00594650713442 0.0127013769647 -0.0159272437728 0.0120831814163 0.0139785960994 0.0369314971303 0.0305395059862 0.035818504764 0.0279431227988 -0.0128166691333 0.0131923172896 0.0072885228418 0.00966926270069 -0.00232900413534 0.0205315817351 0.0104872890085 -0.00890210245924 0.0175745708043 
-0.00447141050289 0.0172148717044 0.0114904982668 0.00878155773099 0.0182778803163 -0.0127451089292 0.021468669671 0.0265169236126 0.00336696692103 0.0287618337862 0.0106784817397 -0.00655292821433 0.0134459662489 0.0126833882524 0.0074387524911 0.0137308828784 0.0153966647455 0.0104120481784 0.00721142892266 0.00617592245414 0.0301981360675 0.024242411934 0.0108594463706 0.00104968136227 0.0230612901087 -0.00558467119604 0.00775004467863 0.0292368298486 0.00563353916949 0.0222503639052 0.0306620704329 -0.00224464341676 0.00977794615762 0.00139744437535 0.0224754041111 0.29599253759 0.0235014374321 -0.00246950822363 0.0264585619889 0.0110766554892 0.0081652559398 0.0252372888063 0.0237690598864 0.0528384170699 0.030747528251 0.00171125836954 0.0155167007921 0.0146605434708 0.0194651089105 0.0197803668343 0.0137476788049 0.0296062216088 0.0226308682989 0.00124954073583 0.0125591245683 -0.002954633386 0.00613606997273 0.013914106234 -0.00768344671053 0.0193338663367 
0.0143005580921 0.0274464333987 -0.00287897866576 0.0209160303757 0.0146096183374 0.0135744270401 -0.00122601431483 0.0175750619873 0.0175826172857 0.0219660333171 -0.0125178182597 0.00825230998955 0.00232288087171 0.0143456621396 0.00193312785982 0.0223298302542 0.0127399833893 0.0416652625848 0.0165705983654 0.00483913222058 0.0057161018258 0.0128111664173 0.00595860875961 0.0234035843192 0.044548171065 0.0143475329814 0.0082815104465 0.0154491505431 -0.00345448176046 0.0143770453589 0.00255452556034 0.0539166652037 -0.00369083338599 0.0375282337516 -0.00277050121013 0.0235014374321 0.266912050285 0.0312385493086 -0.0101925935092 0.00780777732505 0.00197770275783 0.0107602889945 0.0195022341879 0.0248078835651 0.0208274654783 0.014678156394 0.0098552745192 0.0156210951963 0.0116946090748 0.00558937514696 0.00503216412361 -0.0216082536549 0.0349196536808 0.0451999975606 0.0124616329563 0.00943040855418 0.0149150304274 0.0128479878704 0.0290004906436 0.0356205230176 
0.0350621960702 0.0137610962341 0.038717352416 0.0153520422176 0.00249412931032 0.0121241115733 0.0297265932263 0.0103949476763 0.0202071061785 0.00194681953856 0.00213475885902 -0.000120955277998 -0.00418335676835 0.00392334328059 -0.00113154138401 0.0147409339507 -0.0057043611535 0.0150434312652 0.0231160638889 -0.00422912593875 0.020364176326 0.0104316032895 0.0119225960513 0.0309766451636 0.0146138614847 0.0257795527995 0.0196337983305 0.0128202317475 0.00976740578388 -0.00412610140398 0.0127860019967 0.0343819254348 0.002756351196 0.00511898599853 -0.00998868719196 -0.00246950822363 0.0312385493086 0.195945533583 0.0182288591533 0.0208137580196 0.0214050854217 -0.000221945835495 0.00917854594631 0.0132620910834 0.000956885499588 0.0170030368894 0.0252075000777 0.00308777865192 0.0140482739332 0.013072861914 0.0275446980656 0.0100791705685 0.0319031340988 0.0133274302498 0.0157740734796 0.0126983852485 -0.00525391769172 0.0283246269766 0.0468240894858 0.00717143418598 
0.0506910559883 0.0233847556763 0.00571058677324 -0.00913707798026 0.0190273506508 -0.0319555827533 -0.00809518653549 0.00876128008036 0.0154824192951 0.0185945792396 -0.00818995163047 0.0178767715889 -0.00605179602131 -0.00878971940389 0.0168813437124 0.014610445652 -0.00667150199237 -0.00446905998174 0.0137917276786 -0.00300920806634 0.0428667530384 -0.00305193717739 0.0127206570646 0.0334548419818 -0.0210859848302 0.0262484281075 0.010869135716 0.00996134489594 5.29624186899e-05 0.0221401285226 -0.0052588271336 0.00963828656443 0.00763215315576 0.0259882335345 0.0231787294593 0.0264585619889 -0.0101925935092 0.0182288591533 0.327878343304 0.012487004637 0.0222199380036 0.0139305595103 0.0359814559442 0.0426683905989 0.00727638145614 -0.00015351245256 0.0320027246793 0.0112868676295 0.0232681905354 -0.00380189326793 0.00197200453297 0.0173526827615 -0.00473419150169 0.0192765855629 -0.00460742071975 0.00450574542547 0.0113325332179 0.00268500958106 0.0108593855572 -0.00096540296967 
