30
0.0678116165217 0.0205902908148 0.0433119494187 0.0172601721071 0.112278324126 0.0251356843311 0.0181340887913 0.087070388143 0.110374427341 0.0524718958424 0.0430779984078 0.0979044774238 0.0360508970818 0.0248803539628 0.0521298167044 0.259768981863 0.121962687623 0.00326137985962 0.0132966740539 0.105790500039 0.070995024039 0.0268374832388 0.0621428512979 0.109959402945 0.0413299620627 0.12825177486 0.0450347688147 0.0637387331612 0.0616353203302 0.0609589558998 
0.24183866063 0.0183147653301 0.000802519792502 -0.00741774317428 0.0174314404938 0.0026938116585 0.0160400217764 0.00458857535905 0.0084077828519 0.00452779712382 0.00336435504847 -0.00527031626487 0.0204768414708 0.00627193871144 0.011498544835 -0.00252879608154 0.018497862725 0.0116532960751 0.0103927311302 -0.00828550900778 0.0340213589029 -0.00577755432206 0.000836503724593 0.0492784729884 -0.0103864706691 -0.0138599244386 0.0357671846577 -0.011524992427 0.0267705506484 0.0113693521097 
0.0183147653301 0.302214696718 0.0244159152644 0.0123138494332 0.0328999608851 0.00095068654378 0.023367270878 0.0446926691388 0.0213129422597 0.0205688130847 0.0162993092465 0.0101684088625 0.0206146902913 -0.00939557340134 -0.00683184714135 0.0169239349955 0.0471794089541 -0.00664683628969 0.00720672812908 0.0111597514867 0.0201225359291 0.0137169352186 0.0439389127526 0.0474143502834 0.0137419969138 -0.010368659477 0.0258592169466 0.00272223510523 0.00596186154237 0.00457040141183 
0.000802519792502 0.0244159152644 0.180510910989 0.0129017450542 0.0380329852902 0.0293693812172 0.0342216983107 0.0198531514413 0.00459272457479 0.0302332516812 0.0331860831387 0.0189510292719 0.0314282604547 0.00561455606502 0.0396375359779 0.0513652893075 -0.00190583407231 0.0181247339683 0.0176451148561 0.0153503812809 0.0199278358861 0.00425899865437 0.0308938882249 0.0342980376728 0.0111842475142 0.0165345492522 0.0129958815957 -0.00622390941282 0.0173589644894 0.023414346389 
-0.00741774317428 0.0123138494332 0.0129017450542 0.192564716608 0.0266965835928 0.0183223703761 0.0129325472649 0.0452099269745 0.0248050964431 0.0111084927297 -0.0108975195799 0.0145350760582 0.0103958508283 0.0122936690148 0.0037906011793 0.0406581606256 0.0149167168158 0.0144652991774 0.0121045232202 0.0097320799936 0.0262866693417 0.0199022377179 0.0222192560435 0.0129730983107 0.031503566844 0.013773322563 0.00927104037936 0.0156393382118 0.0400224225313 0.026779456191 
0.0174314404938 0.0328999608851 0.0380329852902 0.0266965835928 0.263223000177 0.0210399609407 0.0266975751403 0.0245836481259 -0.0141194863648 0.0333960548104 0.0240991715105 0.0315001149957 0.0190938221867 -0.00103057352746 0.00434120554947 0.0318921946195 0.0150923534584 0.0116390029667 0.00910622111496 0.00428213554435 0.00875808816101 0.00580116250329 0.0452146266227 0.0396034698576 0.00916754410869 0.00147346904001 0.00418454550295 0.0161411476512 0.0257751764206 0.0401657709057 
0.0026938116585 0.00095068654378 0.0293693812172 0.0183223703761 0.0210399609407 0.130352480006 0.00772170116988 -0.00313977336192 -0.00221436199266 0.0282927777355 0.00767838067906 0.00995949595695 0.030901615383 0.0163498117789 0.0321293383618 0.00600996554453 0.00592529696281 0.0223501381829 0.0134824912664 0.023305132131 0.0163361660809 0.011611762997 0.0289142683174 0.0234245959612 0.0306564909645 0.0195125282608 0.00799370828448 -0.00464539591332 0.0111872392041 0.0263397397651 
0.0160400217764 0.023367270878 0.0342216983107 0.0129325472649 0.0266975751403 0.00772170116988 0.295614383071 0.00380909503968 0.0271633160552 -0.000211943810861 0.00677740180875 0.0234362505009 0.0296431659533 0.0126896446754 0.0147835697804 0.0219251707578 0.0295794880936 -0.00302409092968 0.00520696348809 0.0100238269103 0.0641610152855 0.00706751184727 0.0223047320488 0.0279150695572 0.0261809038579 0.00258363983319 0.0371012805383 0.0274488835018 0.0312922013619 -0.0155544427298 
0.00458857535905 0.0446926691388 0.0198531514413 0.0452099269745 0.0245836481259 -0.00313977336192 0.00380909503968 0.617340142097 0.00646400117765 0.0153592800826 -0.00161311315201 0.0145290285386 0.00872504467939 0.023529616995 0.0156058486245 0.101735074772 0.0303293235668 0.0234036327939 0.0208795320144 0.013017584273 -0.0053995781658 0.0147069990553 0.0170229110736 0.0354666862313 0.0179061405068 0.0071813694437 -0.00651917917107 0.0232188209075 -0.00350142910938 0.0161079453933 
0.0084077828519 0.0213129422597 0.00459272457479 0.0248050964431 -0.0141194863648 -0.00221436199266 0.0271633160552 0.00646400117765 0.474260099564 -0.00163072203357 0.00895630988832 -0.0356815883533 0.00533188668495 0.00890852171824 0.00592405258012 0.0307903992566 0.15165823897 -0.00296513377699 0.000603801910569 0.0428146226342 0.0418339209603 -0.00672207113645 0.0190063041073 0.0373851190001 0.00399545779613 0.0895068431452 0.0354376486466 0.16788174267 -0.0043412094447 0.00861073366752 
0.00452779712382 0.0205688130847 0.0302332516812 0.0111084927297 0.0333960548104 0.0282927777355 -0.000211943810861 0.0153592800826 -0.00163072203357 0.199672761274 0.0172467953931 0.0178378760233 0.0126193035992 0.00737362050205 0.0211400299741 0.0289636372677 -0.00966077639642 0.0062628544967 0.00577799945833 0.0369362413571 0.0150060767815 0.000289670961028 0.0341289521304 0.0105643051867 0.0134082101242 0.0290694834994 0.000148569322591 -0.010907753108 0.0197579370187 0.0128454086185 
0.00336435504847 0.0162993092465 0.0331860831387 -0.0108975195799 0.0240991715105 0.00767838067906 0.00677740180875 -0.00161311315201 0.00895630988832 0.0172467953931 0.327624422158 0.0038109896356 0.0209797910217 0.0249983400123 0.0134209540507 0.0425509612542 -0.00757921939452 0.0050246985328 0.0253385044488 0.0113950489486 0.0136685028861 0.0129794937189 0.0178873140275 0.0205708837546 -0.00450364084182 -0.0227469142702 0.00771708273058 -0.0145293591719 0.0176647756323 0.0974444762852 
-0.00527031626487 0.0101684088625 0.0189510292719 0.0145350760582 0.0315001149957 0.00995949595695 0.0234362505009 0.0145290285386 -0.0356815883533 0.0178378760233 0.0038109896356 0.520477821498 0.0293609510655 0.00307313651312 0.0178483275404 0.0091424371256 0.0261519894962 0.0270897659213 0.0652842142303 0.0229377940192 -0.00670984918264 0.00311351711226 0.0267145773975 0.00546389206276 -0.00311878214548 0.0144327955211 -0.00441482723092 -0.0158974759206 0.0049107172702 0.0120247276678 
0.0204768414708 0.0206146902913 0.0314282604547 0.0103958508283 0.0190938221867 0.030901615383 0.0296431659533 0.00872504467939 0.00533188668495 0.0126193035992 0.0209797910217 0.0293609510655 0.18240727648 0.0283020427839 0.0289067979755 0.0268838974985 0.00880179325051 0.00486530869163 0.0130450699495 0.0432704275083 0.0421293130662 0.0103058435764 0.0354344168147 0.0532230521019 0.0284689745121 0.0149840705019 0.0129764414633 0.024339129312 0.0313228887424 0.025559760522 
0.00627193871144 -0.00939557340134 0.00561455606502 0.0122936690148 -0.00103057352746 0.0163498117789 0.0126896446754 0.023529616995 0.00890852171824 0.00737362050205 0.0249983400123 0.00307313651312 0.0283020427839 0.249258174902 0.0165778665365 0.0234843324165 -0.0118029867178 0.0268046170296 0.0186446131635 0.0198224138751 0.0235564915213 0.0451414928567 0.011165638843 0.0205974708239 0.0317604271616 0.0254650846124 0.00298783022967 0.0383466021977 0.0325615895358 0.0228722849962 
0.011498544835 -0.00683184714135 0.0396375359779 0.0037906011793 0.00434120554947 0.0321293383618 0.0147835697804 0.0156058486245 0.00592405258012 0.0211400299741 0.0134209540507 0.0178483275404 0.0289067979755 0.0165778665365 0.160571585679 0.0141754650383 -0.00543174869191 0.020667438308 0.0203261409023 0.0292157492378 0.0300847442109 0.0249028681221 0.0217224628343 0.0159910525881 0.0364173954106 0.0120681800715 -0.00672291117318 -0.00131520836714 0.0395991388891 0.00831168401442 
-0.00252879608154 0.0169239349955 0.0513652893075 0.0406581606256 0.0318921946195 0.00600996554453 0.0219251707578 0.101735074772 0.0307903992566 0.0289636372677 0.0425509612542 0.0091424371256 0.0268838974985 0.0234843324165 0.0141754650383 0.610169368327 0.0318497090577 0.0112264638926 -0.00331531096258 -0.0203255709696 0.0444273511936 0.0072746500646 0.0153150146755 0.014030587596 -0.0110592129725 0.0425692126782 0.0274563117017 0.0375674212136 0.00574117366391 0.0754009386259 
0.018497862725 0.0471794089541 -0.00190583407231 0.0149167168158 0.0150923534584 0.00592529696281 0.0295794880936 0.0303293235668 0.15165823897 -0.00966077639642 -0.00757921939452 0.0261519894962 0.00880179325051 -0.0118029867178 -0.00543174869191 0.0318497090577 0.419221790251 0.0335681117711 0.004110989921 0.00724503423842 0.0520413478245 0.0207308691082 0.0217128852902 0.0209978354883 -0.000342758038338 0.0754953213783 0.0523592768141 0.0784368525341 0.0193961292981 0.00830465214996 
0.0116532960751 -0.00664683628969 0.0181247339683 0.0144652991774 0.0116390029667 0.0223501381829 -0.00302409092968 0.0234036327939 -0.00296513377699 0.0062628544967 0.0050246985328 0.0270897659213 0.00486530869163 0.0268046170296 0.020667438308 0.0112264638926 0.0335681117711 0.167337878531 0.0185559564292 0.00171295787448 0.0229136830605 0.00897122563021 0.021714036617 -0.000145735308881 0.0293566174356 0.0131354854455 0.00817426282333 -0.0115612708439 0.0214939792595 0.00779431650437 
0.0103927311302 0.00720672812908 0.0176451148561 0.0121045232202 0.00910622111496 0.0134824912664 0.00520696348809 0.0208795320144 0.000603801910569 0.00577799945833 0.0253385044488 0.0652842142303 0.0130450699495 0.0186446131635 0.0203261409023 -0.00331531096258 0.004110989921 0.0185559564292 0.299853855868 0.00816535857922 0.0218951796996 -0.000949330566082 0.00528145861859 0.0286105858349 0.0179081048885 -0.00819710769528 -0.00908589800626 0.0144676734334 0.023940837047 0.0134205009175 
-0.00828550900778 0.0111597514867 0.0153503812809 0.0097320799936 0.00428213554435 0.023305132131 0.0100238269103 0.013017584273 0.0428146226342 0.0369362413571 0.0113950489486 0.0229377940192 0.0432704275083 0.0198224138751 0.0292157492378 -0.0203255709696 0.00724503423842 0.00171295787448 0.00816535857922 0.549682689044 0.00981880389523 0.0102056382028 0.00131228975288 0.0167414483187 0.0062615481245 0.00926976800611 0.00459813152271 0.00233142051091 -0.000452469814341 0.0281590116585 
0.0340213589029 0.0201225359291 0.0199278358861 0.0262866693417 0.00875808816101 0.0163361660809 0.0641610152855 -0.0053995781658 0.0418339209603 0.0150060767815 0.0136685028861 -0.00670984918264 0.0421293130662 0.0235564915213 0.0300847442109 0.0444273511936 0.0520413478245 0.0229136830605 0.0218951796996 0.00981880389523 0.374861406503 0.0396335190322 0.0318475829577 -0.0039278494307 0.00974476455577 -0.010356168664 0.0104786132421 0.023993609881 0.0324276585366 0.00797098888562 
-0.00577755432206 0.0137169352186 0.00425899865437 0.0199022377179 0.00580116250329 0.011611762997 0.00706751184727 0.0147069990553 -0.00672207113645 0.000289670961028 0.0129794937189 0.00311351711226 0.0103058435764 0.0451414928567 0.0249028681221 0.0072746500646 0.0207308691082 0.00897122563021 -0.000949330566082 0.0102056382028 0.0396335190322 0.157788183571 0.0170963535744 0.0231216678734 0.014155515985 0.0135420128676 -0.00634675350516 -0.0149474257073 0.00990709630892 0.010011244491 
0.000836503724593 0.0439389127526 0.0308938882249 0.0222192560435 0.0452146266227 0.0289142683174 0.0223047320488 0.0170229110736 0.0190063041073 0.0341289521304 0.0178873140275 0.0267145773975 0.0354344168147 0.011165638843 0.0217224628343 0.0153150146755 0.0217128852902 0.021714036617 0.00528145861859 0.00131228975288 0.0318475829577 0.0170963535744 0.174933092114 0.0525019026463 0.025381981079 0.0135242088557 0.0134571382795 0.0223627253607 0.00984418106718 0.0139198227441 
0.0492784729884 0.0474143502834 0.0342980376728 0.0129730983107 0.0396034698576 0.0234245959612 0.0279150695572 0.0354666862313 0.0373851190001 0.0105643051867 0.0205708837546 0.00546389206276 0.0532230521019 0.0205974708239 0.0159910525881 0.014030587596 0.0209978354883 -0.000145735308881 0.0286105858349 0.0167414483187 -0.0039278494307 0.0231216678734 0.0525019026463 0.405864174666 0.031385370644 -0.00596225190412 0.00896076031941 0.0583591430383 0.00907748479238 0.0574118557162 
-0.0103864706691 0.0137419969138 0.0111842475142 0.031503566844 0.00916754410869 0.0306564909645 0.0261809038579 0.0179061405068 0.00399545779613 0.0134082101242 -0.00450364084182 -0.00311878214548 0.0284689745121 0.0317604271616 0.0364173954106 -0.0110592129725 -0.000342758038338 0.0293566174356 0.0179081048885 0.00626154812449 0.00974476455577 0.014155515985 0.025381981079 0.031385370644 0.294711460952 -0.0124486499665 0.0082417412772 -0.00930314282841 0.0188724914687 0.0216507624145 
-0.0138599244386 -0.010368659477 0.0165345492522 0.013773322563 0.00147346904001 0.0195125282608 0.00258363983319 0.0071813694437 0.0895068431452 0.0290694834994 -0.0227469142702 0.0144327955211 0.0149840705019 0.0254650846124 0.0120681800715 0.0425692126782 0.0754953213783 0.0131354854455 -0.00819710769528 0.00926976800611 -0.010356168664 0.0135420128676 0.0135242088557 -0.00596225190412 -0.0124486499665 0.536773455507 0.0207004865937 0.0700219013602 0.00680798541697 0.00128041698987 
0.0357671846577 0.0258592169466 0.0129958815957 0.00927104037936 0.00418454550295 0.00799370828448 0.0371012805383 -0.00651917917107 0.0354376486466 0.000148569322591 0.00771708273058 -0.00441482723092 0.0129764414633 0.00298783022967 -0.00672291117318 0.0274563117017 0.0523592768141 0.00817426282333 -0.00908589800626 0.00459813152271 0.0104786132421 -0.00634675350516 0.0134571382795 0.00896076031941 0.0082417412772 0.0207004865937 0.207550246814 0.0158404750747 0.0247284158629 0.0185598366863 
-0.011524992427 0.00272223510523 -0.00622390941282 0.0156393382118 0.0161411476512 -0.00464539591332 0.0274488835018 0.0232188209075 0.16788174267 -0.010907753108 -0.0145293591719 -0.0158974759206 0.024339129312 0.0383466021977 -0.00131520836714 0.0375674212136 0.0784368525341 -0.0115612708439 0.0144676734334 0.00233142051091 0.023993609881 -0.0149474257073 0.0223627253607 0.0583591430383 -0.00930314282841 0.0700219013602 0.0158404750747 0.413947476877 -0.021432498696 0.00580361493283 
0.0267705506484 0.00596186154237 0.0173589644894 0.0400224225313 0.0257751764206 0.0111872392041 0.0312922013619 -0.00350142910938 -0.0043412094447 0.0197579370187 0.0176647756323 0.0049107172702 0.0313228887424 0.0325615895358 0.0395991388891 0.00574117366391 0.0193961292981 0.0214939792595 0.023940837047 -0.00045246981434 0.0324276585366 0.00990709630892 0.00984418106718 0.00907748479238 0.0188724914687 0.00680798541697 0.0247284158629 -0.021432498696 0.289657389402 0.0532682312837 
0.0113693521097 0.00457040141183 0.023414346389 0.026779456191 0.0401657709057 0.0263397397651 -0.0155544427298 0.0161079453933 0.00861073366752 0.0128454086185 0.0974444762852 0.0120247276678 0.025559760522 0.0228722849962 0.00831168401442 0.0754009386259 0.00830465214996 0.00779431650437 0.0134205009175 0.0281590116585 0.00797098888562 0.010011244491 0.0139198227441 0.0574118557162 0.0216507624145 0.00128041698987 0.0185598366863 0.00580361493283 0.0532682312837 0.432644016395 
0.0209438423723 0.00158610520402 6.95002527347e-05 -0.000642395402768 0.00150960702922 0.000233290932927 0.00138910663356 0.000397382282812 0.000728135353925 0.000392118733241 0.000291361693933 -0.000456422777136 0.0017733464903 0.000543165825509 0.000995803193363 -0.000219000164761 0.00160196190356 0.00100920504389 0.000900036917346 -0.000717546128402 0.00294633610812 -0.000500350881465 7.24433475858e-05 0.00426764094677 -0.000899494745512 -0.00120030466583 0.00309752905354 -0.00099809362202 0.00231839769348 0.000984614775158 
0.00158610520402 0.0261725604755 0.00211448028756 0.00106641064275 0.002849220191 8.23318697949e-05 0.00202366501974 0.00387049868371 0.00184575494263 0.00178131146571 0.00141156158716 0.000880610039096 0.00178528454834 -0.000813680524868 -0.000591655317918 0.00146565576381 0.00408585666898 -0.000575632908167 0.000624120963795 0.000966462828741 0.00174266273032 0.00118792143614 0.00380522146584 0.00410620318493 0.0011900918426 -0.00089795225103 0.00223947387977 0.00023575247562 0.000516312354954 0.000395808372813 
6.95002527347e-05 0.00211448028756 0.0156327034577 0.001117323897 0.00329375314431 0.00254346302275 0.00296368600977 0.00171933334933 0.000397741615435 0.0026182763995 0.00287399910503 0.00164120727773 0.00272176719505 0.000486234818328 0.00343271131003 0.0044483645413 -0.000165050072202 0.00156964800533 0.00152811177181 0.00132938201471 0.00172580121198 0.000368840102937 0.00267548920244 0.00297029719246 0.000968584246954 0.00143193396925 0.00112547636065 -0.000539006366235 0.00150333042312 0.00202774187859 
-0.000642395402768 0.00106641064275 0.001117323897 0.0166765936455 0.00231199195857 0.00158676382033 0.0011199914467 0.00391529452631 0.00214818436631 0.000962023690171 -0.000943752879447 0.00125877451123 0.000900307091125 0.00106466296725 0.000328275691689 0.00352109999729 0.00129182557036 0.00125273165609 0.00104828246094 0.000842822850612 0.00227649234308 0.00172358434558 0.00192424401869 0.00112350327029 0.00272828891967 0.00119280472341 0.000802895648804 0.00135440641898 0.00346604346331 0.0023191689361 
0.00150960702922 0.002849220191 0.00329375314431 0.00231199195857 0.0227957805013 0.00182211406693 0.00231207782909 0.00212900637948 -0.00122278338803 0.0028921831852 0.00208704947383 0.00272798998084 0.00165357350691 -8.92502855249e-05 0.000375959428889 0.00276194507229 0.00130703614979 0.00100796722439 0.000788621881803 0.000370843816386 0.000758472683602 0.000502395409933 0.00391570152779 0.00342976109747 0.000793932608844 0.000127606162034 0.000362392270885 0.00139786439122 0.00223219575673 0.0034784577967 
0.000233290932927 8.23318697949e-05 0.00254346302275 0.00158676382033 0.00182211406693 0.0112888559132 0.000668718937355 -0.000271912349355 -0.000191769373882 0.00245022642625 0.000664967272799 0.000862517650761 0.00267615839396 0.00141593523476 0.00278248232281 0.000520478283743 0.000513145769476 0.00193557874445 0.0011676179943 0.0020182836464 0.00141475348265 0.00100560817381 0.00250404908947 0.00202862951758 0.00265492999661 0.00168983451659 0.000692275444481 -0.000402303087157 0.000968843334896 0.00228108837656 
0.00138910663356 0.00202366501974 0.00296368600977 0.0011199914467 0.00231207782909 0.000668718937355 0.0256009565464 0.000329877306979 0.00235241217548 -1.8354872438e-05 0.000586940213803 0.00202963883032 0.00256717347642 0.00109895546539 0.00128029469885 0.00189877548586 0.002561658812 -0.000261893956846 0.000450936265726 0.000868088874747 0.00555650691699 0.000612064480128 0.00193164645788 0.0024175159385 0.0022673327835 0.000223749772977 0.00321306514591 0.00237714304181 0.00270998413197 -0.00134705425457 
0.000397382282812 0.00387049868371 0.00171933334933 0.00391529452631 0.00212900637948 -0.000271912349355 0.000329877306979 0.0534632245832 0.000559798922994 0.00133015267354 -0.000139699696882 0.00125825078068 0.000755611034151 0.0020377246059 0.00135150613564 0.00881051592087 0.00262659646884 0.00202681405404 0.00180822051436 0.00112735586763 -0.00046761718613 0.00127366347953 0.00147422734361 0.00307150512643 0.00155071725626 0.00062192483722 -0.000564577477397 0.00201080887518 -0.000303232655827 0.00139498899134 
0.000728135353925 0.00184575494263 0.000397741615435 0.00214818436631 -0.00122278338803 -0.000191769373882 0.00235241217548 0.000559798922994 0.0410721294224 -0.000141224670758 0.000775639188745 -0.00309011619613 0.000461754931927 0.000771500611816 0.000513038002774 0.00266652679489 0.0131339887641 -0.00025678811765 5.22907793407e-05 0.00370785508547 0.00362292382915 -0.000582148437021 0.0016459942189 0.00323764627776 0.00034601679512 0.00775151999763 0.00306899039784 0.0145389853983 -0.000375959766226 0.000745711410129 
0.000392118733241 0.00178131146571 0.0026182763995 0.000962023690171 0.0028921831852 0.00245022642625 -1.8354872438e-05 0.00133015267354 -0.000141224670758 0.0172921683707 0.00149361629443 0.00154480537858 0.0010928637495 0.000638574267264 0.00183078029944 0.00250832456598 -0.000836647777958 0.000542379109435 0.000500389431396 0.00319877233356 0.00129956437039 2.50862410989e-05 0.00295565395495 0.000914895666504 0.00116118505869 0.00251749111854 1.28664807587e-05 -0.000944639128977 0.00171108753846 0.00111244501856 
0.000291361693933 0.00141156158716 0.00287399910503 -0.000943752879447 0.00208704947383 0.000664967272799 0.000586940213803 -0.000139699696882 0.000775639188745 0.00149361629443 0.0283731072489 0.000330041383799 0.00181690319909 0.00216491975031 0.00116228871509 0.00368502134016 -0.000656379653651 0.000435151657576 0.00219437885465 0.000986840186689 0.00118372707311 0.00112405712889 0.00154908683533 0.00178149079098 -0.000390026737854 -0.00196994056157 0.000668318968779 -0.00125827941436 0.00152981444497 0.00843893919214 
-0.000456422777136 0.000880610039096 0.00164120727773 0.00125877451123 0.00272798998084 0.000862517650761 0.00202963883032 0.00125825078068 -0.00309011619613 0.00154480537858 0.000330041383799 0.0450747015524 0.0025427329502 0.000266141428966 0.00154571050651 0.000791758280327 0.00226482872632 0.00234604254704 0.00565377879895 0.00198647123274 -0.000581089984773 0.000269638491434 0.00231355026776 0.000473186932989 -0.000270094456686 0.00124991675689 -0.00038233525353 -0.00137676180033 0.000425280590679 0.00104137196339 
0.0017733464903 0.00178528454834 0.00272176719505 0.000900307091125 0.00165357350691 0.00267615839396 0.00256717347642 0.000755611034151 0.000461754931927 0.0010928637495 0.00181690319909 0.0025427329502 0.0157969335267 0.00245102880298 0.00250340213889 0.00232821381865 0.00076225765538 0.00042134809242 0.00112973619704 0.00374732894548 0.00364850553593 0.00089251223446 0.00306871051298 0.00460925151872 0.00246548551472 0.00129765857068 0.00112379279579 0.00210783042902 0.00271264173709 0.00221354019267 
0.000543165825509 -0.000813680524868 0.000486234818328 0.00106466296725 -8.92502855249e-05 0.00141593523476 0.00109895546539 0.0020377246059 0.000771500611816 0.000638574267264 0.00216491975031 0.000266141428966 0.00245102880298 0.0215863911566 0.00143568535612 0.00203380284636 -0.00102216863382 0.00232134792863 0.00161467086433 0.00171667139802 0.00204005200815 0.00390936795786 0.000966972688752 0.00178379329872 0.0027505336757 0.00220534101839 0.000258753688109 0.0033209131652 0.00281991637256 0.00198079798493 
0.000995803193363 -0.000591655317918 0.00343271131003 0.000328275691689 0.000375959428889 0.00278248232281 0.00128029469885 0.00135150613564 0.000513038002774 0.00183078029944 0.00116228871509 0.00154571050651 0.00250340213889 0.00143568535612 0.0139059072324 0.00122763128336 -0.000470403235416 0.00178985266058 0.00176029543823 0.00253015810305 0.0026054152753 0.00215665164208 0.00188122046473 0.00138486577746 0.00315383895653 0.00104513505194 -0.000582221186336 -0.000113900385722 0.00342938602459 0.000719812950472 
-0.000219000164761 0.00146565576381 0.0044483645413 0.00352109999729 0.00276194507229 0.000520478283743 0.00189877548586 0.00881051592087 0.00266652679489 0.00250832456598 0.00368502134016 0.000791758280327 0.00232821381865 0.00203380284636 0.00122763128336 0.0528422173582 0.00275826571471 0.00097224029257 -0.000287114351504 -0.00176024608061 0.00384752147565 0.000630003175958 0.00132631917683 0.00121508452882 -0.000957755938004 0.00368660195984 0.00237778634279 0.00325343411256 0.000497200224048 0.00652991283192 
0.00160196190356 0.00408585666898 -0.000165050072202 0.00129182557036 0.00130703614979 0.000513145769476 0.002561658812 0.00262659646884 0.0131339887641 -0.000836647777958 -0.000656379653651 0.00226482872632 0.00076225765538 -0.00102216863382 -0.000470403235416 0.00275826571472 0.0363056720177 0.00290708375509 0.000356022170629 0.000627438370176 0.00450691292632 0.00179534592903 0.00188039102508 0.00181846589574 -2.96837168552e-05 0.00653808661804 0.00453444638448 0.00679283068874 0.00167975407072 0.000719203973146 
0.00100920504389 -0.000575632908167 0.00156964800533 0.00125273165609 0.00100796722439 0.00193557874445 -0.000261893956846 0.00202681405404 -0.00025678811765 0.000542379109435 0.000435151657576 0.00234604254704 0.00042134809242 0.00232134792863 0.00178985266058 0.00097224029257 0.00290708375509 0.0144918853823 0.00160699296592 0.000148346503491 0.00198438316247 0.000776930929884 0.0018804907329 -1.26210479719e-05 0.00254235764684 0.00113756640869 0.000707911926222 -0.00100123542508 0.00186143320672 0.000675007609792 
0.000900036917346 0.000624120963795 0.00152811177181 0.00104828246094 0.000788621881803 0.0011676179943 0.000450936265726 0.00180822051436 5.22907793407e-05 0.000500389431396 0.00219437885465 0.00565377879895 0.00112973619704 0.00161467086433 0.00176029543823 -0.000287114351504 0.000356022170629 0.00160699296592 0.0259681056604 0.000707140796061 0.00189617818403 -8.22144386816e-05 0.000457387733273 0.00247774941502 0.00155088737671 -0.000709890350167 -0.000786861848962 0.0012529372727 0.00207333730705 0.00116224947261 
-0.000717546128402 0.000966462828741 0.00132938201471 0.000842822850612 0.000370843816386 0.0020182836464 0.000868088874747 0.00112735586763 0.00370785508547 0.00319877233356 0.000986840186689 0.00198647123274 0.00374732894548 0.00171667139802 0.00253015810305 -0.00176024608061 0.000627438370176 0.000148346503491 0.000707140796061 0.0476039172733 0.000850333360805 0.000883834194543 0.000113647626312 0.00144985195401 0.000542265974283 0.000802785458048 0.000398209870861 0.000201906938935 -3.91850353665e-05 0.00243864194417 
0.00294633610812 0.00174266273032 0.00172580121198 0.00227649234308 0.000758472683602 0.00141475348265 0.00555650691699 -0.00046761718613 0.00362292382915 0.00129956437039 0.00118372707311 -0.000581089984773 0.00364850553593 0.00204005200815 0.0026054152753 0.00384752147565 0.00450691292632 0.00198438316247 0.00189617818403 0.000850333360805 0.032463950093 0.00343236343233 0.00275808158905 -0.000340161738923 0.00084392136592 -0.000896870514892 0.000907474526412 0.00207790756855 0.0028083176078 0.000690307886823 
-0.000500350881465 0.00118792143614 0.000368840102937 0.00172358434558 0.000502395409933 0.00100560817381 0.000612064480128 0.00127366347953 -0.000582148437021 2.50862410989e-05 0.00112405712889 0.000269638491434 0.00089251223446 0.00390936795786 0.00215665164208 0.000630003175958 0.00179534592903 0.000776930929884 -8.22144386816e-05 0.000883834194543 0.00343236343233 0.0136648575389 0.00148058765076 0.00200239517562 0.00122590364466 0.00117277271617 -0.000549644976703 -0.00129448503837 0.000857979708126 0.00086699920527 
7.24433475858e-05 0.00380522146584 0.00267548920244 0.00192424401869 0.00391570152779 0.00250404908947 0.00193164645788 0.00147422734361 0.0016459942189 0.00295565395495 0.00154908683533 0.00231355026776 0.00306871051298 0.000966972688752 0.00188122046473 0.00132631917683 0.00188039102508 0.0018804907329 0.000457387733273 0.000113647626312 0.00275808158905 0.00148058765076 0.0151496501733 0.00454679814387 0.00219814404128 0.00117123084351 0.00116542236123 0.00193666882602 0.000852531088363 0.00120549201126 
0.00426764094677 0.00410620318493 0.00297029719246 0.00112350327029 0.00342976109747 0.00202862951758 0.0024175159385 0.00307150512643 0.00323764627776 0.000914895666504 0.00178149079098 0.000473186932989 0.00460925151872 0.00178379329872 0.00138486577746 0.00121508452882 0.00181846589574 -1.26210479719e-05 0.00247774941502 0.00144985195401 -0.000340161738923 0.00200239517562 0.00454679814387 0.0351488685747 0.00271805282849 -0.000516346161273 0.000776024607383 0.00505405004142 0.000786133243266 0.00497201255286 
-0.000899494745512 0.0011900918426 0.000968584246954 0.00272828891967 0.000793932608844 0.00265492999661 0.0022673327835 0.00155071725626 0.00034601679512 0.00116118505869 -0.000390026737854 -0.000270094456686 0.00246548551472 0.0027505336757 0.00315383895653 -0.000957755938004 -2.96837168552e-05 0.00254235764684 0.00155088737671 0.000542265974283 0.00084392136592 0.00122590364466 0.00219814404128 0.00271805282849 0.0255227611971 -0.00107808471138 0.000713755731747 -0.000805675802444 0.00163440570446 0.00187501102622 
-0.00120030466583 -0.00089795225103 0.00143193396925 0.00119280472341 0.000127606162034 0.00168983451659 0.000223749772977 0.00062192483722 0.00775151999763 0.00251749111854 -0.00196994056157 0.00124991675689 0.00129765857068 0.00220534101839 0.00104513505194 0.00368660195984 0.00653808661804 0.00113756640869 -0.000709890350167 0.000802785458048 -0.000896870514892 0.00117277271617 0.00117123084351 -0.000516346161273 -0.00107808471138 0.0464859448547 0.00179271472608 0.00606407453992 0.000589588831969 0.000110887364067 
0.00309752905354 0.00223947387977 0.00112547636065 0.000802895648804 0.000362392270885 0.000692275444481 0.00321306514591 -0.000564577477397 0.00306899039784 1.28664807587e-05 0.000668318968779 -0.00038233525353 0.00112379279579 0.000258753688109 -0.000582221186336 0.00237778634279 0.00453444638448 0.000707911926222 -0.000786861848962 0.000398209870861 0.000907474526412 -0.000549644976703 0.00116542236123 0.000776024607383 0.000713755731747 0.00179271472608 0.0179743786303 0.00137182538227 0.00214154363326 0.00160732900604 
-0.00099809362202 0.00023575247562 -0.000539006366235 0.00135440641898 0.00139786439122 -0.000402303087157 0.00237714304181 0.00201080887518 0.0145389853983 -0.000944639128977 -0.00125827941436 -0.00137676180033 0.00210783042902 0.0033209131652 -0.000113900385722 0.00325343411256 0.00679283068874 -0.00100123542508 0.0012529372727 0.000201906938935 0.00207790756855 -0.00129448503837 0.00193666882602 0.00505405004142 -0.000805675802444 0.00606407453992 0.00137182538227 0.0358489030808 -0.00185610883373 0.000502607796561 
0.00231839769348 0.000516312354954 0.00150333042312 0.00346604346331 0.00223219575673 0.000968843334896 0.00270998413197 -0.000303232655827 -0.000375959766226 0.00171108753846 0.00152981444497 0.000425280590679 0.00271264173709 0.00281991637256 0.00342938602459 0.000497200224048 0.00167975407072 0.00186143320672 0.00207333730705 -3.91850353664e-05 0.0028083176078 0.000857979708126 0.000852531088363 0.000786133243266 0.00163440570446 0.000589588831969 0.00214154363326 -0.00185610883373 0.0250850657616 0.00461316415064 
0.000984614775158 0.000395808372813 0.00202774187859 0.0023191689361 0.0034784577967 0.00228108837656 -0.00134705425457 0.00139498899134 0.000745711410129 0.00111244501856 0.00843893919214 0.00104137196339 0.00221354019267 0.00198079798493 0.000719812950472 0.00652991283192 0.000719203973146 0.000675007609792 0.00116224947261 0.00243864194417 0.000690307886823 0.00086699920527 0.00120549201126 0.00497201255286 0.00187501102622 0.000110887364067 0.00160732900604 0.000502607796561 0.00461316415064 0.0374680708994 

['HCA', 'EMC', 'ZION', 'WY', 'CSX', 'C', 'UST', 'BMC', 'RIG', 'BLS', 'YUM', 'TEK', 'ASO', 'GCI', 'BK', 'ATI', 'WMB', 'KMB', 'VFC', 'AOC', 'SWK', 'GIS', 'MER', 'EBAY', 'CB', 'NEM', 'PCG', 'WFT', 'ASD', 'NAV']