20
0.0594362545722 0.0142076594304 0.101801748802 0.0289140833203 0.00642009941462 0.00791209609274 0.0901624306535 -0.00139328324831 0.123331646141 0.0345230729479 0.0657027666716 0.0952470994091 0.119808933935 0.0662185328213 0.0590120409917 0.112605751981 -0.0108233812146 0.034888990542 0.0723841835345 0.201678989994 
0.290904128397 0.00925132826618 0.027046492941 0.0425402463565 0.0299669112777 0.0182294725513 0.0435252628999 0.0242125483384 0.0323977507959 0.017817659258 0.0366679015227 0.0204896995211 0.0253154925774 0.0235563606335 0.0300724294778 0.0485587740915 0.0408593482274 0.0026142170756 0.0218509033229 0.0169081380484 
0.00925132826618 0.137981782693 0.012851737023 0.00901703014099 0.0142442302391 0.00890244115987 0.0163932721335 0.00952998019361 0.00222576597089 0.0183751514955 0.00974095329169 0.0119505084349 -0.00649251436338 -0.000303858621195 0.016277712209 -0.00075962603459 0.0151222194477 0.0127768882628 0.00860980457485 0.00824203119069 
0.027046492941 0.012851737023 0.287873367285 0.0156990622611 0.00840369967142 0.00996422864841 0.0116432796568 0.0225725766081 -0.000134083236883 0.0111175887308 0.0157610761205 0.0188060295837 0.0319307470803 0.0375401437071 0.121362621286 0.0370543891855 0.0179528471916 0.0182892633927 0.0233143348122 0.0423470711006 
0.0425402463565 0.00901703014099 0.0156990622611 0.22575292491 0.0578254616891 0.0165494745359 -0.0136005015693 0.0125186281733 0.0135791873053 0.0250430971644 0.03114756392 0.0237301564428 0.0142591906378 0.00507561257822 0.00296059932207 0.0218289831275 0.0655819665561 0.0370637542642 0.0249487580465 -0.00238153479856 
0.0299669112777 0.0142442302391 0.00840369967142 0.0578254616891 0.155700057601 0.0132899540896 0.00313070252101 0.00701423498118 0.00682429543192 0.00421499868123 0.010960404262 0.0253682404114 0.0236998450645 0.0137518928455 0.0269865577025 0.0480093019423 0.0625281533709 0.0145059236856 0.0268069271154 0.0259229254638 
0.0182294725513 0.00890244115987 0.00996422864841 0.0165494745359 0.0132899540896 0.187736931623 0.00143136546036 0.0241990388449 0.0012385785023 0.01121132857 0.0157519134059 0.0219183544616 0.0013229512001 0.00760474339035 0.014213789205 0.0241022950868 0.0107140705986 0.0169714989691 0.00747012196662 0.0193830055978 
0.0435252628999 0.0163932721335 0.0116432796568 -0.0136005015693 0.00313070252101 0.00143136546036 0.552628102357 0.0290303801277 0.0917513321251 0.00357621367896 -0.00397929810044 0.0644835494714 -0.0261572480651 0.022204328971 0.00652216129393 0.0349619870098 0.00369569436766 0.0111553983776 -0.007346546517 0.0420835906278 
0.0242125483384 0.00952998019361 0.0225725766081 0.0125186281733 0.00701423498118 0.0241990388449 0.0290303801277 0.368437993114 0.0574450261292 0.0147800561093 0.00093201582065 0.0266583670668 0.0229041707928 0.00103848633474 0.0111524494115 0.0110896527958 0.0111305111096 0.0255793670524 0.0233720635772 -0.00921638497118 
0.0323977507959 0.00222576597089 -0.000134083236883 0.0135791873053 0.00682429543192 0.0012385785023 0.0917513321251 0.0574450261292 0.463815940802 0.0340201302924 0.0265499274359 0.0894065706114 0.0136518351646 -0.00873878603979 0.0243124934647 0.0270860702352 0.0102589359261 0.0150589306848 0.0113540388116 0.0357956120449 
0.017817659258 0.0183751514955 0.0111175887308 0.0250430971644 0.00421499868123 0.01121132857 0.00357621367896 0.0147800561093 0.0340201302924 0.204097705267 0.0353687728966 0.035867756327 0.00928817796431 -0.00993927513394 0.00582311075553 0.0503241880441 -0.00663042147169 0.0251001077563 0.0274691139198 0.00843482516134 
0.0366679015227 0.00974095329169 0.0157610761205 0.03114756392 0.010960404262 0.0157519134059 -0.00397929810044 0.00093201582065 0.0265499274359 0.0353687728966 0.199226376175 0.0119052075052 0.00468625234244 -0.00127282559635 0.00460828453674 0.0100386170348 0.0163940542439 0.0289426773 0.0480551995605 0.0194313199296 
0.0204896995211 0.0119505084349 0.0188060295837 0.0237301564428 0.0253682404114 0.0219183544616 0.0644835494714 0.0266583670668 0.0894065706114 0.035867756327 0.0119052075052 0.464287313488 -0.00090727432594 0.0497578547179 0.0203109023189 0.0679579574549 0.0206565081524 0.0183596975483 0.00506346668204 0.0581048394592 
0.0253154925774 -0.00649251436338 0.0319307470803 0.0142591906378 0.0236998450645 0.0013229512001 -0.0261572480651 0.0229041707928 0.0136518351646 0.00928817796431 0.00468625234244 -0.00090727432594 0.6488548089 -0.0268452662878 0.0172728824674 0.00325977834631 0.00286165915101 0.00275986229222 0.0127980741733 -0.0250634219436 
0.0235563606335 -0.000303858621195 0.0375401437071 0.00507561257822 0.0137518928455 0.00760474339035 0.022204328971 0.00103848633474 -0.00873878603979 -0.00993927513394 -0.00127282559635 0.0497578547179 -0.0268452662878 0.411660724974 0.0112787160381 0.0191153699835 0.010407734527 0.0392743104433 0.0288133581231 0.0278013506458 
0.0300724294778 0.016277712209 0.121362621286 0.00296059932207 0.0269865577025 0.014213789205 0.00652216129393 0.0111524494115 0.0243124934647 0.00582311075553 0.00460828453674 0.0203109023189 0.0172728824674 0.0112787160381 0.269104182655 0.0135035875736 0.0336739766383 0.00210572816368 0.00592300056169 0.0161737254752 
0.0485587740915 -0.00075962603459 0.0370543891855 0.0218289831275 0.0480093019423 0.0241022950868 0.0349619870098 0.0110896527958 0.0270860702352 0.0503241880441 0.0100386170348 0.0679579574549 0.00325977834631 0.0191153699835 0.0135035875736 0.580672698112 0.0588787133489 0.00786969361033 0.0639190414259 -0.0130710192111 
0.0408593482274 0.0151222194477 0.0179528471916 0.0655819665561 0.0625281533709 0.0107140705986 0.00369569436766 0.0111305111096 0.0102589359261 -0.0066304214717 0.0163940542439 0.0206565081524 0.00286165915101 0.010407734527 0.0336739766383 0.0588787133489 0.216118435403 0.0201059672171 0.0156789813298 -0.0118431210656 
0.0026142170756 0.0127768882628 0.0182892633927 0.0370637542642 0.0145059236856 0.0169714989691 0.0111553983776 0.0255793670524 0.0150589306848 0.0251001077563 0.0289426773 0.0183596975483 0.00275986229222 0.0392743104433 0.00210572816368 0.00786969361033 0.0201059672171 0.155226790264 0.00471282723804 0.019456191416 
0.0218509033229 0.00860980457485 0.0233143348122 0.0249487580465 0.0268069271154 0.00747012196662 -0.007346546517 0.0233720635772 0.0113540388116 0.0274691139198 0.0480551995605 0.00506346668204 0.0127980741733 0.0288133581231 0.00592300056169 0.0639190414259 0.0156789813298 0.00471282723804 0.349551921336 0.0103253182549 
0.0169081380484 0.00824203119069 0.0423470711006 -0.00238153479856 0.0259229254638 0.0193830055978 0.0420835906278 -0.00921638497118 0.0357956120449 0.00843482516134 0.0194313199296 0.0581048394592 -0.0250634219436 0.0278013506458 0.0161737254752 -0.0130710192111 -0.0118431210656 0.019456191416 0.0103253182549 1.24447667132 
0.0251930365257 0.000801188529726 0.00234229499701 0.0036840934028 0.00259521064395 0.0015787186327 0.00376939833777 0.00209686819514 0.00280572752147 0.00154305455534 0.00317553342221 0.00177446003011 0.00219238596814 0.00204004067293 0.00260434878813 0.00420531319399 0.0035385233547 0.000226397839848 0.00189234373733 0.00146428770806 
0.000801188529726 0.0119495729072 0.00111299307447 0.000780897716879 0.00123358652444 0.000770974020014 0.00141969901187 0.000825320494523 0.000192756987367 0.00159133479935 0.000843591300768 0.00103494438928 -0.000562268237312 -2.63149285114e-05 0.00140969122885 -6.57855443331e-05 0.00130962262033 0.00110651098169 0.000745630948344 0.000713780838992 
0.00234229499701 0.00111299307447 0.0249305649142 0.00135957867337 0.000727781740123 0.000862927513864 0.00100833759662 0.00195484247714 -1.16119489362e-05 0.000962811426974 0.00136494923114 0.00162864993638 0.00276528381334 0.00325107181121 0.0105103113104 0.00320900423564 0.00155476217382 0.00158389667145 0.00201908062197 0.0036673639349 
0.0036840934028 0.000780897716879 0.00135957867337 0.019550776795 0.00500783188084 0.00143322653674 -0.00117783798632 0.00108414500186 0.00117599211691 0.00216879583338 0.00269745816208 0.00205509183153 0.00123488213297 0.000439560943251 0.000256395422334 0.00189044539272 0.00567956490677 0.00320981527524 0.00216062582611 -0.000206246963555 
0.00259521064395 0.00123358652444 0.000727781740123 0.00500783188084 0.0134840205253 0.00115094378567 0.000271126791489 0.000607450568181 0.000591001320697 0.000365029593486 0.000949198852662 0.00219695406456 0.00205246678916 0.00119094885543 0.00233710445311 0.00415772751 0.0054150969271 0.00125624984171 0.00232154798794 0.0022449911992 
0.0015787186327 0.000770974020014 0.000862927513864 0.00143322653674 0.00115094378567 0.0162584952014 0.000123959885077 0.00209569823868 0.000107264044757 0.000970929535183 0.00136415571677 0.00189818517729 0.000114570934725 0.00065859009653 0.00123095025355 0.00208731998347 0.000927865731637 0.00146977492475 0.000646931539246 0.00167861752494 
0.00376939833777 0.00141969901187 0.00100833759662 -0.00117783798632 0.000271126791489 0.000123959885077 0.0478589975487 0.00251410466721 0.00794589844514 0.000309709189534 -0.000344617324421 0.00558443919684 -0.00226528413175 0.00192295129629 0.000564835736812 0.00302779689173 0.000320056520701 0.000966085838433 -0.00063622959138 0.00364454585661 
0.00209686819514 0.000825320494523 0.00195484247714 0.00108414500186 0.000607450568181 0.00209569823868 0.00251410466721 0.0319076661756 0.0049748851949 0.001279990406 8.07149377412e-05 0.00230868231033 0.00198355937592 8.99355547371e-05 0.000965830450479 0.000960392104031 0.000963930537804 0.00221523816801 0.00202408007967 -0.00079816235161 
0.00280572752147 0.000192756987367 -1.16119489362e-05 0.00117599211691 0.000591001320697 0.000107264044757 0.00794589844514 0.0049748851949 0.0401676387414 0.00294622970733 0.00229929116281 0.00774283614148 0.00118228360609 -0.00075680107087 0.00210552369698 0.00234572249123 0.00088844991278 0.00130414165269 0.000983288604641 0.00309999093749 
0.00154305455534 0.00159133479935 0.000962811426974 0.00216879583338 0.000365029593486 0.000970929535183 0.000309709189534 0.001279990406 0.00294622970733 0.0176753797615 0.00306302558291 0.00310623881559 0.000804379807196 -0.00086076647612 0.000504296184334 0.0043582025271 -0.000574211343229 0.00217373309547 0.0023788950474 0.00073047728662 
0.00317553342221 0.000843591300768 0.00136494923114 0.00269745816208 0.000949198852662 0.00136415571677 -0.000344617324421 8.07149377412e-05 0.00229929116281 0.00306302558291 0.0172535102872 0.00103102121369 0.000405841357709 -0.000110229930103 0.000399089147668 0.000869369737099 0.00141976674462 0.00250650937953 0.00416170236033 0.00168280166881 
0.00177446003011 0.00103494438928 0.00162864993638 0.00205509183153 0.00219695406456 0.00189818517729 0.00558443919684 0.00230868231033 0.00774283614148 0.00310623881559 0.00103102121369 0.0402084608135 -7.85722614465e-05 0.00430915662235 0.00175897573819 0.00588533175453 0.00178890608135 0.00158999644826 0.000438509077786 0.00503202670545 
0.00219238596814 -0.000562268237312 0.00276528381334 0.00123488213297 0.00205246678916 0.000114570934725 -0.00226528413175 0.00198355937592 0.00118228360609 0.000804379807196 0.000405841357709 -7.85722614465e-05 0.0561924747875 -0.00232486825766 0.00149587550133 0.000282305085861 0.000247826952174 0.000239011085601 0.00110834573536 -0.00217055601089 
0.00204004067293 -2.63149285114e-05 0.00325107181121 0.000439560943251 0.00119094885543 0.00065859009653 0.00192295129629 8.99355547371e-05 -0.00075680107087 -0.00086076647612 -0.000110229930103 0.00430915662235 -0.00232486825766 0.0356508645567 0.000976765461108 0.00165543960085 0.000901336249626 0.003401255056 0.00249531001029 0.00240766759188 
0.00260434878813 0.00140969122885 0.0105103113104 0.000256395422334 0.00233710445311 0.00123095025355 0.000564835736812 0.000965830450479 0.00210552369698 0.000504296184334 0.000399089147668 0.00175897573819 0.00149587550133 0.000976765461108 0.0233051058444 0.0011694449881 0.00291625192152 0.000182361408321 0.000512946895305 0.00140068571353 
0.00420531319399 -6.57855443331e-05 0.00320900423564 0.00189044539272 0.00415772751 0.00208731998347 0.00302779689173 0.000960392104031 0.00234572249123 0.0043582025271 0.000869369737099 0.00588533175453 0.000282305085861 0.00165543960085 0.0011694449881 0.0502877307849 0.00509904615023 0.000681535458654 0.00553555136604 -0.00113198346902 
0.0035385233547 0.00130962262033 0.00155476217382 0.00567956490677 0.0054150969271 0.000927865731637 0.000320056520701 0.000963930537804 0.00088844991278 -0.000574211343229 0.00141976674462 0.00178890608135 0.000247826952174 0.000901336249626 0.00291625192152 0.00509904615023 0.0187164055285 0.00174122783777 0.00135783961371 -0.00102564437029 
0.000226397839848 0.00110651098169 0.00158389667145 0.00320981527524 0.00125624984171 0.00146977492475 0.000966085838433 0.00221523816801 0.00130414165269 0.00217373309547 0.00250650937953 0.00158999644826 0.000239011085601 0.003401255056 0.000182361408321 0.000681535458654 0.00174122783777 0.0134430343717 0.000408142811179 0.00168495560271 
0.00189234373733 0.000745630948344 0.00201908062197 0.00216062582611 0.00232154798794 0.000646931539246 -0.00063622959138 0.00202408007967 0.000983288604641 0.0023788950474 0.00416170236033 0.000438509077786 0.00110834573536 0.00249531001029 0.000512946895305 0.00553555136604 0.00135783961371 0.000408142811179 0.0302720843819 0.000894198791086 
0.00146428770806 0.000713780838992 0.0036673639349 -0.000206246963555 0.0022449911992 0.00167861752494 0.00364454585661 -0.00079816235161 0.00309999093749 0.00073047728662 0.00168280166881 0.00503202670545 -0.00217055601089 0.00240766759188 0.00140068571353 -0.00113198346902 -0.00102564437029 0.00168495560271 0.000894198791086 0.107774841178 

['BOL', 'PEP', 'RAI', 'FPL', 'AEE', 'CPB', 'COH', 'RSH', 'JWN', 'MSFT', 'VZ', 'YHOO', 'DYN', 'ROH', 'MO', 'RDC', 'NI', 'PG', 'MOLX', 'MNST']