40
0.00477989818121 0.124759587163 0.0559799775446 0.0224960645228 0.00496789573306 0.0398839612709 0.0381517477001 0.0385950792128 0.0414486045552 0.0756818342608 0.0194782181544 0.115739319126 0.201678989994 0.187838769987 0.0307338128464 0.0585004976968 0.0539269159384 0.105904751354 0.0729384759615 0.036872425502 0.135547989167 0.330982708656 0.0176197090425 0.0283464571838 0.0506400072768 0.0524718958424 0.0493061267197 0.116406698245 0.134016582451 0.101801748802 0.0493934577213 0.0495038718221 0.0300310371189 0.128291051585 0.00388664565626 0.122670110856 -0.00660692339257 0.0723018126246 0.0649972461493 0.0594362545722 
0.168513732595 -0.000879042746744 0.00751288395481 0.0284952047942 0.00426157999181 0.0206573338846 -0.00427495738877 0.015072660912 0.0192108607629 0.00329272851039 0.0232295108508 0.00437184367959 0.00715940775272 0.0110154488332 0.0121518801254 0.024610196249 0.0150276468551 0.00797773572208 0.0227405891977 0.00706023907856 -0.02226887173 0.0127434068762 0.0159506717716 0.01148188128 0.00273968884761 0.000956974890848 0.00494952848264 0.0213012474878 0.0145468034745 0.0274517269483 0.0159286218207 0.00160259599618 0.00772775248266 0.0249925086938 0.00207912717702 0.019071814108 0.0240827790299 0.0122481820691 0.00123416986823 0.026446903945 
-0.000879042746743 0.333328560145 0.0203491295049 0.0397062617105 0.0154630183727 -0.00887137413849 0.0211286503785 0.0453212131401 0.00782389293569 0.0174520923326 0.0169554280978 0.0119047943119 -0.01848569049 0.0122693823909 0.0179118693308 0.00340172314683 0.0453170925032 0.0223585164978 0.0223416472336 0.0231394812451 0.0492361275724 0.0451821942763 0.0108083405514 0.00079491666692 0.0141351875151 0.0278352218635 0.0106259211538 0.0153046388422 0.0184837627684 0.0150220369132 -0.00428766252595 0.0328536725317 0.028883445662 0.0178210452938 0.00841137914671 0.00100291010147 0.0256976744372 0.0185057115356 0.0127419119937 0.0146919525226 
0.00751288395482 0.0203491295049 0.24160819038 0.0157853859303 0.0125364264161 0.0113220928601 0.025004703 0.00176381564868 0.0583195128594 0.0167762044496 0.00308276271498 0.0155009569205 0.0572428442371 0.0225142720261 0.00329547350242 0.0324367599158 -0.00237030112689 0.0224527736001 0.00910656027594 0.0152216039664 0.033508717707 0.0148525831288 -0.00207232244682 0.0075054260359 0.0168953578693 0.0221131445665 0.0156151140449 0.0114672298659 0.00514324921313 0.0170229828909 0.0176661277204 0.0107379188335 0.0147716128396 0.00853587194772 0.0129296034987 0.0272015747203 0.0129288296581 0.011560379424 0.0370994215647 0.0103736504352 
0.0284952047942 0.0397062617105 0.0157853859303 0.202922828646 0.00243631699965 -0.00410244611603 0.00327905401069 0.0351618340253 0.0186296487256 0.00281042616935 0.0337088799907 0.0325075781552 -0.0123992864217 0.0140265145844 0.00111217126978 0.024069040988 0.0328264138623 0.0124967921752 0.0207617750705 0.016982625369 0.000685819834427 0.0181563963735 0.00677221254317 0.020293149576 -0.0133375912391 0.0199647056581 0.014781108402 0.0190439394514 0.0199237110777 0.00369028659048 0.0175907376988 0.00526968700014 -0.00225850883634 0.0284432979964 0.0146272197754 -0.00359292115606 0.0407261339911 0.0128787453003 0.00779121368956 0.00932939789747 
0.00426157999181 0.0154630183727 0.0125364264161 0.00243631699965 0.17205671082 0.00932628581176 -0.00984126689992 0.0149171514635 -0.00467622083807 0.00176324217619 0.014529515155 0.0441986495289 -0.0120313688269 0.0457451304625 0.0211692894869 -0.00282464609059 0.01313892891 0.0175901440372 0.00700769302295 0.0189485377829 -0.00904874325358 0.020795656464 0.0151579437568 0.0131840975895 0.0203563297176 0.00818836977926 0.00613516525197 0.0305435359456 0.011626541875 0.0214844721546 0.0144290828149 0.0143676804033 0.0228679733017 0.0059880696153 0.0491451342716 -0.0120583486014 0.00199963147879 0.00882706483863 0.0257578609334 0.0285035043627 
0.0206573338846 -0.00887137413849 0.0113220928601 -0.00410244611603 0.00932628581176 0.135751190557 0.00332613711527 0.0207404864945 0.00666908416035 0.0232015755289 0.0181847126378 0.0184804920368 0.0401409957009 0.000481787038842 0.0237162491701 0.00418776367137 0.00738868072366 0.0186175272602 0.00381192890335 0.0069339431844 0.00284001586044 0.000493770094525 -0.00264569324976 0.00953314410377 -0.00357709206263 0.0137289421337 0.0107562634182 -0.000478109064517 0.00971721147175 0.0134632605676 0.0103177562818 -0.00840884780046 0.0127939085828 0.00579096854896 0.00401681545467 0.00220442158734 0.0044754639861 0.00312477906035 0.00838678782309 0.019833016213 
-0.00427495738877 0.0211286503785 0.025004703 0.00327905401069 -0.00984126689992 0.00332613711527 0.324368008197 0.00761679983826 0.0277850868985 0.0177903377467 0.00911847395986 -0.00591857186556 0.0517106066492 0.0190266983403 0.0116903433933 0.065218542255 0.0212071804604 0.0139805609497 0.0134867241951 -0.0069584483673 0.0706864094449 0.0429807659953 -0.0120124588182 0.0184335955896 0.0276421519186 0.0257000417562 0.0284748200795 0.0210567749084 0.00792391595614 0.0379304484156 0.020531899513 0.0382887609749 0.0039092448352 0.00577403355322 -0.0048760683237 -0.00177939114243 0.0140075722081 0.0251487855527 0.0245997421661 0.0372629878872 
0.015072660912 0.0453212131401 0.00176381564868 0.0351618340253 0.0149171514635 0.0207404864945 0.00761679983826 0.19740162198 0.0137067184478 0.013138854413 0.0360541004877 0.0318287406543 0.00614360967152 0.0304894145183 0.0167701457501 0.00526194208802 0.02273843293 0.0181858761323 0.0229144951713 0.0277879198794 0.00276690967713 0.0412387948121 -0.00839604710362 0.0069818529999 0.0276729752295 0.0130593649499 0.0192846472331 0.0255853986259 0.0285958102718 -0.00263606743975 0.0278356648546 0.010770182656 0.0227722078206 0.0218306772074 0.00431035531666 0.0056152196277 0.00872566263825 0.0413530085384 0.0124313767623 0.0338884170612 
0.0192108607629 0.00782389293569 0.0583195128594 0.0186296487256 -0.00467622083807 0.00666908416035 0.0277850868985 0.0137067184478 0.282086086451 0.0210370316569 0.0278567956487 0.0486554579788 0.0862744507515 0.00902546734103 -0.00535845387692 0.00699285397289 -0.00128585261551 0.0231494530736 -0.00028633487735 0.0315893867826 0.0827120537601 0.0582299884034 0.00892774986595 0.0132280824195 0.0225685780879 0.0378252421198 -0.00234215950383 -0.00748155047889 0.028182346584 0.0134684964335 0.00326088300588 0.00369909096927 0.0135605997851 0.0418734176049 0.00559017059267 0.00504495685721 0.00116028407956 0.0310559977106 0.0440524322982 0.00898661181501 
0.00329272851039 0.0174520923326 0.0167762044496 0.00281042616935 0.00176324217619 0.0232015755289 0.0177903377467 0.013138854413 0.0210370316569 0.220224689094 0.0264156582384 0.0264901550922 -0.00174219700337 0.0159507971099 0.0395788587821 -0.0114860962129 0.0150841735069 0.0186842201926 0.0308381729178 0.00444309189104 -0.00456261132199 0.0202198544689 0.0163551543727 0.0309532288468 -0.00130608103902 0.019798288965 0.00370935698232 0.0213499769284 0.0121405578096 0.000721839185179 0.00414848369634 -0.00802539798124 0.0134937416864 0.00853289402448 0.0193328260296 0.00609658878254 0.0184160975287 0.0159709409733 0.0180983177964 0.0101481087848 
0.0232295108508 0.0169554280978 0.00308276271498 0.0337088799907 0.014529515155 0.0181847126378 0.00911847395986 0.0360541004877 0.0278567956487 0.0264156582384 0.16224548334 0.0398397275269 -0.00142940994973 0.013073681542 0.0155891771383 0.0225392362569 0.0348269594593 0.0281218333675 0.0269499072691 0.03411046186 -0.00299724654658 -0.014400522901 0.0079457796217 0.0132986263919 0.036937384659 0.0271025939066 0.0174740798731 0.0314273912986 0.0462493768573 -0.00424878665272 0.0325326768816 -0.000238799561556 0.0195813016963 0.0125509164255 0.00739329733249 0.00141428238539 0.0262394230849 0.0426713163265 0.0104275062634 0.0138135407007 
0.00437184367959 0.0119047943119 0.0155009569205 0.0325075781552 0.0441986495289 0.0184804920368 -0.00591857186556 0.0318287406543 0.0486554579788 0.0264901550922 0.0398397275269 0.341387702568 0.0547758998635 0.0229251139271 0.0482978440663 0.0194053030648 0.0264436162255 0.0216602177095 -0.000451730906079 0.0547089980052 -0.00129363044283 0.0324106473914 0.0259668020889 0.0384141284726 -0.0012306623471 -0.0102497341584 0.00694937481648 0.0849028843188 0.0286264376268 0.020185894377 0.0244908093926 -0.00695984525312 -0.00871502179123 -0.0177483218428 0.0396071545044 0.0101126508376 0.0581514649098 0.0071930065653 0.0397974144235 0.0316146748522 
0.00715940775272 -0.01848569049 0.0572428442371 -0.0123992864217 -0.0120313688269 0.0401409957009 0.0517106066492 0.00614360967152 0.0862744507515 -0.00174219700337 -0.00142940994973 0.0547758998635 1.23519301943 -0.0045423073531 0.0105959474753 0.0519833971798 0.0269875457137 0.0102664889486 0.00572650756498 0.0249183655885 0.0516465104556 0.019463971938 -0.000104221900975 0.0140609875037 0.0223349401939 0.0155667032742 0.026037164793 0.00671479757379 0.00861712012451 0.0393268271768 0.021604264867 0.0100661056204 0.0364730912356 0.0383590924521 0.00175001510116 -0.00334409599999 0.00061000249958 0.00206629334641 0.0519259083272 0.01286130482 
0.0110154488332 0.0122693823909 0.0225142720261 0.0140265145844 0.0457451304625 0.000481787038842 0.0190266983403 0.0304894145183 0.00902546734103 0.0159507971099 0.013073681542 0.0229251139271 -0.0045423073531 0.658159282635 0.00867239481071 0.0366464434213 0.0353168480387 0.0125801253191 0.00770166272416 -0.0177964711265 -0.0148329957993 -0.0115459592371 0.0135505633815 0.00698061784304 0.0365720135922 -0.000615878063104 0.0322096231796 0.0334716002092 0.0263980720289 0.0336032406679 0.0080126560731 -0.0107069498772 0.023546628877 -0.00157372716893 0.0317201805024 0.013186508649 0.00495534183493 -0.00898220891778 0.00517684707573 0.0254929030939 
0.0121518801254 0.0179118693308 0.00329547350242 0.00111217126977 0.0211692894869 0.0237162491701 0.0116903433933 0.0167701457501 -0.00535845387692 0.0395788587821 0.0155891771383 0.0482978440663 0.0105959474753 0.00867239481071 0.17022431765 -0.00484827046455 0.0114530744131 0.0188653578968 0.0120707344271 0.0074172414547 -0.0036495752013 0.000759328437458 0.000715289515146 0.0050336046427 -0.00611485829411 0.0214435392932 -0.0124642698794 0.021894296179 0.00654652167249 0.0224994880605 0.0158788999576 -0.00138989462167 0.018284545044 0.00955429432761 0.00793870640406 0.00969763864467 0.0140671426917 0.0167776636904 0.00593751814318 0.0167367056187 
0.024610196249 0.00340172314683 0.0324367599158 0.024069040988 -0.00282464609059 0.00418776367137 0.065218542255 0.00526194208802 0.00699285397289 -0.0114860962129 0.0225392362569 0.0194053030648 0.0519833971798 0.0366464434213 -0.00484827046455 0.335811352706 0.0339241441448 0.0304478271635 0.0358145845816 0.010767954671 0.0645146049214 0.0379637024751 0.0230350142358 0.0269007538615 0.0534660741764 0.0189755698105 0.0410282503959 0.0400192635487 0.0142907881609 0.00470881904766 0.00238534648661 0.0272038036106 -0.0122349560663 0.0427553548317 -0.0014558878085 -0.00229691772239 0.0122514493254 0.0392479143691 0.0116112650544 0.00127907656221 
0.0150276468551 0.0453170925032 -0.00237030112689 0.0328264138623 0.01313892891 0.00738868072366 0.0212071804604 0.02273843293 -0.00128585261551 0.0150841735069 0.0348269594593 0.0264436162255 0.0269875457137 0.0353168480387 0.0114530744131 0.0339241441448 0.226716174111 0.0095937758802 0.000938128802615 0.00860869318541 0.0112052347648 -0.0016723977841 0.0217499767196 0.0133659149776 0.0316485902303 0.0165289504379 0.0136339239903 0.0302379800077 0.0132827581468 0.00592241170083 0.00998055676217 0.0340832690802 0.00178754327369 -0.00539658809201 0.0366807928642 -0.0118241490994 0.0129201069958 0.0321470656355 0.0162557480537 0.0200783597766 
0.00797773572208 0.0223585164978 0.0224527736001 0.0124967921752 0.0175901440372 0.0186175272602 0.0139805609497 0.0181858761323 0.0231494530736 0.0186842201926 0.0281218333675 0.0216602177095 0.0102664889486 0.0125801253191 0.0188653578968 0.0304478271635 0.0095937758802 0.421913386212 0.0257255763577 0.00815035658825 0.00670277346462 0.0477280805984 0.0168419464217 0.0116039971093 0.0174477573934 0.0143857935614 0.0321005026763 -0.00338193894586 0.0178992336026 0.0381216572745 0.030179418466 0.00889651840274 0.0126546102569 0.00916121534787 0.0291466483155 0.0256099218589 0.00738549650669 0.0139283247942 0.00976677686832 0.00860141005129 
0.0227405891977 0.0223416472336 0.00910656027594 0.0207617750705 0.00700769302295 0.00381192890335 0.0134867241951 0.0229144951713 -0.00028633487735 0.0308381729178 0.0269499072691 -0.000451730906079 0.00572650756498 0.00770166272416 0.0120707344271 0.0358145845816 0.000938128802615 0.0257255763577 0.319126699586 0.0105835829337 0.0322905108815 -0.0010754410066 -0.00273983513787 0.0413710778073 0.0229456469203 0.0164672777888 0.0256945976152 0.0125035696349 -0.0194119339857 0.0191959805624 0.0227448535696 -0.00847340632845 0.000193361449139 0.013518602174 0.00859590724275 0.00163498655703 0.0350569922806 0.0228107974636 0.0111260518941 0.00812452780354 
0.00706023907856 0.0231394812451 0.0152216039664 0.016982625369 0.0189485377829 0.0069339431844 -0.0069584483673 0.0277879198794 0.0315893867826 0.00444309189104 0.03411046186 0.0547089980052 0.0249183655885 -0.0177964711265 0.0074172414547 0.010767954671 0.00860869318541 0.00815035658825 0.0105835829337 0.169260243438 0.00763575579272 0.0385710724656 0.0104234991638 0.0170808454933 0.00945323643229 0.00132385750481 0.0166209158021 0.0158384239221 0.0070843668346 0.016862572159 0.019459924731 0.0223785282625 -0.00495974039149 0.00222743422093 0.017674969874 0.000863496567437 0.0199065725254 0.00570195666439 0.0108284263434 0.0269106116696 
-0.02226887173 0.0492361275724 0.033508717707 0.000685819834427 -0.00904874325358 0.00284001586044 0.0706864094449 0.00276690967713 0.0827120537601 -0.00456261132199 -0.00299724654658 -0.00129363044283 0.0516465104556 -0.0148329957993 -0.0036495752013 0.0645146049214 0.0112052347648 0.00670277346462 0.0322905108815 0.00763575579272 0.46404836106 0.0755176206215 0.0081033682941 0.017915210067 0.0534517674449 0.0303801579204 0.038222877707 0.0552976756244 0.0148379565849 0.00153603890458 -0.0131877056027 0.0407540132126 0.00971513135146 0.0249258727886 -0.00543295070272 0.0107761575558 0.00207971872534 0.0152541344366 0.0387096682762 -0.00546665393697 
0.0127434068762 0.0451821942763 0.0148525831288 0.0181563963735 0.020795656464 0.000493770094525 0.0429807659953 0.0412387948121 0.0582299884034 0.0202198544689 -0.014400522901 0.0324106473914 0.019463971938 -0.0115459592371 0.000759328437459 0.0379637024751 -0.0016723977841 0.0477280805984 -0.0010754410066 0.0385710724656 0.0755176206215 1.0130712116 -0.0151402853464 0.00922968453944 0.0283981730424 0.0333552112172 -0.000109841498464 0.00468202554738 -0.0140235588027 0.0238792683853 0.0232768684333 0.0125502932476 0.00565816310343 -0.00755073073976 0.0297757828025 0.0136026838406 0.00451587144867 0.0309386441501 -0.00179363616298 0.018814428552 
0.0159506717716 0.0108083405514 -0.00207232244682 0.00677221254317 0.0151579437568 -0.00264569324976 -0.0120124588182 -0.00839604710362 0.00892774986595 0.0163551543727 0.0079457796217 0.0259668020889 -0.000104221900975 0.0135505633815 0.000715289515146 0.0230350142358 0.0217499767196 0.0168419464217 -0.00273983513787 0.0104234991638 0.0081033682941 -0.0151402853464 0.185102181507 0.0105158803464 0.00269081129692 0.0135906293914 0.00903356398189 0.0239689351511 0.0229560362693 0.00743874400085 0.000973884627875 0.0310777064953 0.00187026443501 0.0137187094436 0.0389964991394 0.00862998843623 0.0126107314077 0.00863908196456 0.0168860463269 0.0275001012785 
0.01148188128 0.00079491666692 0.0075054260359 0.020293149576 0.0131840975895 0.00953314410377 0.0184335955896 0.0069818529999 0.0132280824195 0.0309532288468 0.0132986263919 0.0384141284726 0.0140609875037 0.00698061784304 0.0050336046427 0.0269007538615 0.0133659149776 0.0116039971093 0.0413710778073 0.0170808454933 0.017915210067 0.00922968453944 0.0105158803464 0.182275584857 0.0047397855002 0.0087826356126 0.0191415498149 0.0109221287772 0.012228817386 0.00283780109073 0.0145053013914 0.00685426877945 0.0102154284342 0.0295042254084 0.0134696575347 0.00501374829192 0.0308783094035 0.0247296501391 0.0357587420203 0.0131765387882 
0.00273968884761 0.0141351875151 0.0168953578693 -0.0133375912391 0.0203563297176 -0.00357709206263 0.0276421519186 0.0276729752295 0.0225685780879 -0.00130608103902 0.036937384659 -0.0012306623471 0.0223349401939 0.0365720135922 -0.00611485829411 0.0534660741764 0.0316485902303 0.0174477573934 0.0229456469203 0.00945323643229 0.0534517674449 0.0283981730424 0.00269081129692 0.0047397855002 0.48248542011 0.0138650983626 0.0247540769699 0.0789751105848 0.0317875032202 -0.000772486838769 0.0244440366223 0.0105439092554 0.00806293154961 0.0334273849188 0.017764779948 -0.00998128145279 0.0249990469392 0.186838711202 0.0188131046541 0.0151162997775 
0.000956974890848 0.0278352218635 0.0221131445665 0.0199647056581 0.00818836977926 0.0137289421337 0.0257000417562 0.0130593649499 0.0378252421198 0.019798288965 0.0271025939066 -0.0102497341584 0.0155667032742 -0.000615878063104 0.0214435392932 0.0189755698105 0.0165289504379 0.0143857935614 0.0164672777888 0.00132385750481 0.0303801579204 0.0333552112172 0.0135906293914 0.0087826356126 0.0138650983626 0.191685570232 0.000146248400517 0.0145381901073 0.0134041808376 0.000455109671839 0.0229681957645 -0.0110972081086 0.0161250456536 0.0275721216132 0.00203531924465 0.0228711481591 0.0209354628678 0.0241019719072 0.0164474131526 -0.00328379247219 
0.00494952848264 0.0106259211538 0.0156151140449 0.014781108402 0.00613516525197 0.0107562634182 0.0284748200795 0.0192846472331 -0.00234215950383 0.00370935698232 0.0174740798731 0.00694937481648 0.026037164793 0.0322096231796 -0.0124642698794 0.0410282503959 0.0136339239903 0.0321005026763 0.0256945976152 0.0166209158021 0.038222877707 -0.000109841498464 0.00903356398189 0.0191415498149 0.0247540769699 0.000146248400517 0.222979329215 0.0132723156313 0.00888664154324 0.0113695022357 0.0162424094083 0.00154672298302 0.0084261290245 0.00670204581285 0.0225505796333 0.0152319507355 0.0075043326599 0.00676156581076 0.021669694225 0.0260789590401 
0.0213012474878 0.0153046388422 0.0114672298659 0.0190439394514 0.0305435359456 -0.000478109064517 0.0210567749084 0.0255853986259 -0.00748155047888 0.0213499769284 0.0314273912986 0.0849028843188 0.00671479757379 0.0334716002092 0.021894296179 0.0400192635487 0.0302379800077 -0.00338193894586 0.0125035696349 0.0158384239221 0.0552976756244 0.00468202554738 0.0239689351511 0.0109221287772 0.0789751105848 0.0145381901073 0.0132723156313 0.54310857293 0.0253811550886 0.0347517878063 0.0130991845972 0.0255557254283 0.0212649578966 -0.00206313103162 0.0267639310076 -0.00278635555804 0.00630571152114 0.0628697243135 0.0206592752773 0.0450435220362 
0.0145468034745 0.0184837627684 0.00514324921313 0.0199237110777 0.011626541875 0.00971721147175 0.00792391595614 0.0285958102718 0.028182346584 0.0121405578096 0.0462493768573 0.0286264376268 0.00861712012451 0.0263980720289 0.00654652167249 0.0142907881609 0.0132827581468 0.0178992336026 -0.0194119339857 0.0070843668346 0.0148379565849 -0.0140235588027 0.0229560362693 0.012228817386 0.0317875032202 0.0134041808376 0.00888664154324 0.0253811550886 0.223316806179 0.00467895397672 0.0146982138936 -0.00160628863897 0.0141785272163 0.0256419141901 0.00612768332988 0.0106074170264 0.0255154954135 0.0161806400289 0.0137369380153 0.0194067217891 
0.0274517269483 0.0150220369132 0.0170229828909 0.00369028659048 0.0214844721546 0.0134632605676 0.0379304484156 -0.00263606743975 0.0134684964335 0.000721839185179 -0.00424878665272 0.020185894377 0.0393268271768 0.0336032406679 0.0224994880605 0.00470881904766 0.00592241170083 0.0381216572745 0.0191959805624 0.016862572159 0.00153603890458 0.0238792683853 0.00743874400085 0.00283780109073 -0.000772486838769 0.000455109671839 0.0113695022357 0.0347517878063 0.00467895397672 0.306087971941 -0.00329849048766 -0.00448757145479 -0.00105480804374 0.00797323146756 0.0130658918204 0.0183504749023 0.0181835754248 0.0104379703535 0.0127996306633 0.0293817392779 
0.0159286218207 -0.00428766252595 0.0176661277204 0.0175907376988 0.0144290828149 0.0103177562818 0.020531899513 0.0278356648546 0.00326088300588 0.00414848369634 0.0325326768816 0.0244908093926 0.021604264867 0.0080126560731 0.0158788999576 0.00238534648661 0.00998055676217 0.030179418466 0.0227448535696 0.019459924731 -0.0131877056027 0.0232768684333 0.000973884627875 0.0145053013914 0.0244440366223 0.0229681957645 0.0162424094083 0.0130991845972 0.0146982138936 -0.00329849048766 0.166553796211 0.0141908206275 0.0122987153836 0.0110798986056 0.00752224314272 0.0045709571765 0.0205587054308 0.0309845897694 0.00101301963488 0.0172854884499 
0.00160259599618 0.0328536725317 0.0107379188335 0.00526968700014 0.0143676804033 -0.00840884780046 0.0382887609749 0.010770182656 0.00369909096927 -0.00802539798124 -0.000238799561556 -0.00695984525312 0.0100661056204 -0.0107069498772 -0.00138989462167 0.0272038036106 0.0340832690802 0.00889651840274 -0.00847340632845 0.0223785282625 0.0407540132126 0.0125502932476 0.0310777064953 0.00685426877945 0.0105439092554 -0.0110972081086 0.00154672298302 0.0255557254283 -0.00160628863897 -0.00448757145479 0.0141908206275 0.322247887489 0.00300777774045 0.0199077005431 0.0059015360634 -0.00725343923155 0.0039621840916 0.024861653275 -0.00516930691884 0.0502816684131 
0.00772775248266 0.028883445662 0.0147716128396 -0.00225850883634 0.0228679733017 0.0127939085828 0.0039092448352 0.0227722078206 0.0135605997851 0.0134937416864 0.0195813016963 -0.00871502179123 0.0364730912356 0.023546628877 0.018284545044 -0.0122349560663 0.00178754327369 0.0126546102569 0.000193361449139 -0.00495974039149 0.00971513135146 0.00565816310343 0.00187026443501 0.0102154284342 0.00806293154961 0.0161250456536 0.0084261290245 0.0212649578966 0.0141785272163 -0.00105480804374 0.0122987153836 0.00300777774045 0.260992866488 -0.000247685772521 0.0165136595803 0.00392939747026 -0.00238822237128 -0.00168806020436 -0.0278602883489 0.0176720721724 
0.0249925086938 0.0178210452938 0.00853587194772 0.0284432979964 0.0059880696153 0.00579096854896 0.00577403355322 0.0218306772074 0.0418734176049 0.00853289402448 0.0125509164255 -0.0177483218428 0.0383590924521 -0.00157372716893 0.00955429432761 0.0427553548317 -0.00539658809201 0.00916121534787 0.013518602174 0.00222743422093 0.0249258727886 -0.00755073073976 0.0137187094436 0.0295042254084 0.0334273849188 0.0275721216132 0.00670204581285 -0.00206313103162 0.0256419141901 0.00797323146756 0.0110798986056 0.0199077005431 -0.000247685772521 0.500042400307 0.0120521042345 -0.00248997997674 0.00672294798406 0.0284775195153 -0.00356803890475 0.0327463062345 
0.00207912717702 0.00841137914671 0.0129296034987 0.0146272197754 0.0491451342716 0.00401681545467 -0.0048760683237 0.00431035531666 0.00559017059267 0.0193328260296 0.00739329733249 0.0396071545044 0.00175001510116 0.0317201805024 0.00793870640406 -0.0014558878085 0.0366807928642 0.0291466483155 0.00859590724275 0.017674969874 -0.00543295070272 0.0297757828025 0.0389964991394 0.0134696575347 0.017764779948 0.00203531924465 0.0225505796333 0.0267639310076 0.00612768332988 0.0130658918204 0.00752224314272 0.0059015360634 0.0165136595803 0.0120521042345 0.230148475138 -0.0100022914312 -0.0044738805094 -0.000901290892115 0.0178692650727 0.0471433704011 
0.019071814108 0.00100291010147 0.0272015747203 -0.00359292115606 -0.0120583486014 0.00220442158734 -0.00177939114243 0.0056152196277 0.00504495685721 0.00609658878254 0.00141428238539 0.0101126508376 -0.00334409599999 0.013186508649 0.00969763864467 -0.00229691772239 -0.0118241490994 0.0256099218589 0.00163498655703 0.000863496567437 0.0107761575558 0.0136026838406 0.00862998843623 0.00501374829192 -0.00998128145279 0.0228711481591 0.0152319507355 -0.00278635555804 0.0106074170264 0.0183504749023 0.0045709571765 -0.00725343923155 0.00392939747026 -0.00248997997674 -0.0100022914312 0.404878521421 0.0248781520763 0.00805369282002 0.00859404263477 0.00738633824432 
0.0240827790299 0.0256976744372 0.0129288296581 0.0407261339911 0.00199963147879 0.0044754639861 0.0140075722081 0.00872566263825 0.00116028407956 0.0184160975287 0.0262394230849 0.0581514649098 0.00061000249958 0.00495534183493 0.0140671426917 0.0122514493254 0.0129201069958 0.00738549650669 0.0350569922806 0.0199065725254 0.00207971872534 0.00451587144867 0.0126107314077 0.0308783094035 0.0249990469392 0.0209354628678 0.0075043326599 0.00630571152114 0.0255154954135 0.0181835754248 0.0205587054308 0.0039621840916 -0.00238822237128 0.00672294798406 -0.0044738805094 0.0248781520763 0.166210297084 0.0406674747779 0.0353426348285 0.0175556581372 
0.0122481820691 0.0185057115356 0.011560379424 0.0128787453003 0.00882706483863 0.00312477906035 0.0251487855527 0.0413530085384 0.0310559977106 0.0159709409733 0.0426713163265 0.0071930065653 0.00206629334641 -0.00898220891778 0.0167776636904 0.0392479143691 0.0321470656355 0.0139283247942 0.0228107974636 0.00570195666439 0.0152541344366 0.0309386441501 0.00863908196456 0.0247296501391 0.186838711202 0.0241019719072 0.00676156581076 0.0628697243135 0.0161806400289 0.0104379703535 0.0309845897694 0.024861653275 -0.00168806020436 0.0284775195153 -0.000901290892115 0.00805369282002 0.0406674747779 0.436075627483 0.00598012719481 0.0323228833601 
0.00123416986823 0.0127419119937 0.0370994215647 0.00779121368956 0.0257578609334 0.00838678782309 0.0245997421661 0.0124313767623 0.0440524322982 0.0180983177964 0.0104275062634 0.0397974144235 0.0519259083272 0.00517684707573 0.00593751814318 0.0116112650544 0.0162557480537 0.00976677686832 0.0111260518941 0.0108284263434 0.0387096682762 -0.00179363616298 0.0168860463269 0.0357587420203 0.0188131046541 0.0164474131526 0.021669694225 0.0206592752773 0.0137369380153 0.0127996306633 0.00101301963488 -0.00516930691884 -0.0278602883489 -0.00356803890475 0.0178692650727 0.00859404263477 0.0353426348285 0.00598012719481 0.278404634477 0.00953601291924 
0.026446903945 0.0146919525226 0.0103736504352 0.00932939789747 0.0285035043627 0.019833016213 0.0372629878872 0.0338884170612 0.00898661181501 0.0101481087848 0.0138135407007 0.0316146748522 0.01286130482 0.0254929030939 0.0167367056187 0.00127907656221 0.0200783597766 0.00860141005129 0.00812452780354 0.0269106116696 -0.00546665393697 0.018814428552 0.0275001012785 0.0131765387882 0.0151162997775 -0.00328379247219 0.0260789590401 0.0450435220362 0.0194067217891 0.0293817392779 0.0172854884499 0.0502816684131 0.0176720721724 0.0327463062345 0.0471433704011 0.00738633824432 0.0175556581372 0.0323228833601 0.00953601291924 0.281009804588 
0.0145937173314 -7.61273349693e-05 0.000650634836055 0.00246775712378 0.000369063653316 0.00178897759185 -0.000370222169877 0.00130533072525 0.00166370934492 0.000285158653777 0.00201173465143 0.00037861276879 0.00062002289899 0.000953965852368 0.00105238368924 0.00213130551438 0.00130143239356 0.00069089218 0.00196939279423 0.000611434639882 -0.00192854086318 0.00110361140855 0.00138136869616 0.000994360087172 0.00023726401405 8.28764566258e-05 0.000428641740272 0.00184474214567 0.00125979013528 0.0023773892915 0.0013794591144 0.000138788884469 0.000669242996414 0.00216441474332 0.0001800576953 0.00165166755137 0.00208562984336 0.0010607236822 0.000106882245847 0.00229036906678 
-7.61273349692e-05 0.0288671000892 0.00176228630962 0.00343866313306 0.00133913667299 -0.000768283537041 0.00182979479755 0.00392493219096 0.000677569003879 0.00151139553092 0.00146838314647 0.00103098543009 -0.00160090775708 0.00106255968392 0.00155121338698 0.000294597866179 0.00392457533335 0.0019363043278 0.00193484340667 0.00200393785887 0.00426397372616 0.0039128928042 0.000936029749025 6.88418027444e-05 0.00122414314753 0.00241060092538 0.000920231765779 0.00132542060331 0.0016007408115 0.00130094655834 -0.000371322467033 0.00284521150201 0.00250137976921 0.00154334779465 0.000728446802191 8.68545625587e-05 0.00222548388808 0.00160264163049 0.00110348194793 0.00127236041158 
0.000650634836055 0.00176228630962 0.0209238830631 0.00136705452242 0.0010856863749 0.000980522004083 0.0021654708012 0.000152750915935 0.00505061796726 0.00145286192324 0.000266975082501 0.00134242224761 0.00495737572942 0.00194979315223 0.00028539637706 0.00280910581035 -0.000205274099051 0.00194446723231 0.000788651254006 0.00131822957212 0.00290194007825 0.00128627143013 -0.000179468388378 0.000649988961332 0.00146318091209 0.00191505449522 0.00135230854459 0.000993091237491 0.000445418447657 0.00147423356317 0.00152993153923 0.000929931049357 0.0012792591974 0.000739228195017 0.00111973650907 0.00235572547307 0.00111966949252 0.00100115822586 0.00321290415407 0.000898384480687 
0.00246775712378 0.00343866313306 0.00136705452242 0.0175736324615 0.000210991241337 -0.000355282255414 0.000283974407364 0.00304510415095 0.00161337490599 0.000243390045812 0.0029192746405 0.00281523884979 -0.001073809703 0.00121473179566 9.63168572984e-05 0.00208444009404 0.00284285083199 0.00108225394895 0.00179802246387 0.00147073849925 5.93937399033e-05 0.00157239005006 0.000586490810221 0.00175743830556 -0.00115506928384 0.0017289942279 0.00128008153722 0.0016492535353 0.00172544399309 0.00031958819346 0.00152340257185 0.000456368281212 -0.000195592602695 0.00246326186323 0.00126675439123 -0.000311156099495 0.00352698666342 0.00111533205989 0.000674738898147 0.000807949558123 
0.000369063653316 0.00133913667299 0.0010856863749 0.000210991241337 0.0149005482461 0.000807680043594 -0.000852278714076 0.00129186321195 -0.000404972603948 0.00015270125176 0.00125829292289 0.0038277153305 -0.00104194710464 0.00396164450799 0.00183331424757 -0.000244621527115 0.00113786462145 0.00152335115925 0.00060688401798 0.00164099150846 -0.000783644152992 0.00180095667862 0.00131271643625 0.00114177634385 0.00176290986632 0.000709133624442 0.000531320896462 0.00264514780503 0.00100688806219 0.00186060986728 0.0012495952271 0.00124427762227 0.00198042458124 0.000518582040648 0.00425609347516 -0.00104428362165 0.000173173165884 0.00076444623911 0.00223069619155 0.0024684758875 
0.00178897759185 -0.000768283537041 0.000980522004084 -0.000355282255414 0.000807680043594 0.0117563979617 0.000288051923829 0.00179617881911 0.000577559630284 0.00200931538158 0.00157484231048 0.00160045755783 0.00347631220102 4.17239814851e-05 0.00205388742638 0.000362670972445 0.000639878520714 0.0016123251563 0.000330122726772 0.000600497094609 0.000245952588229 4.27617445487e-05 -0.000229123756491 0.000825594497181 -0.000309785259792 0.00118896126549 0.000931519736992 -4.14054595652e-05 0.000841535198848 0.00116595256693 0.000893543905012 -0.000728227581176 0.00110798498464 0.000501512587592 0.000347866422606 0.000190908509529 0.000387586550568 0.000270613804748 0.000726317131095 0.00171758958741 
-0.000370222169877 0.00182979479755 0.0021654708012 0.000283974407364 -0.000852278714076 0.000288051923829 0.0280910935274 0.000659634215548 0.00240625911005 0.00154068844305 0.000789683009298 -0.00051256335897 0.00447826990033 0.00164776041129 0.00101241343576 0.00564809143906 0.00183659570214 0.00121075209416 0.00116798457668 -0.0006026193057 0.00612162262816 0.00372224352261 -0.00104030944984 0.00159639620637 0.00239388057768 0.00222568890392 0.0024659917557 0.00182357019924 0.000686231251547 0.00328487319049 0.00177811465662 0.00331590396837 0.00033855053369 0.000500045973939 -0.000422279903891 -0.000154099793261 0.00121309133775 0.0021779487163 0.00213040016424 0.00322706941312 
0.00130533072525 0.00392493219096 0.000152750915935 0.00304510415095 0.00129186321195 0.00179617881911 0.000659634215548 0.0170954819383 0.00118703663784 0.00113785816983 0.00312237669329 0.00275644979771 0.000532052204647 0.00264046075193 0.00145233722448 0.000455697552147 0.00196920605596 0.00157494307207 0.00198445349333 0.00240650445339 0.000239621407038 0.00357138439287 -0.00072711900831 0.000604646206341 0.0023965499547 0.00113097418039 0.00167009944069 0.0022157605176 0.00247646981371 -0.000228290136891 0.00241063928953 0.000932725178351 0.00197213104729 0.00189059210434 0.000373287720356 0.000486292284542 0.000755664550957 0.00358127559172 0.00107658880802 0.00293482300691 
0.00166370934492 0.000677569003879 0.00505061796726 0.00161337490599 -0.000404972603948 0.000577559630284 0.00240625911005 0.00118703663784 0.0244293716921 0.00182186038351 0.00241246926998 0.00421368626424 0.00747158660483 0.000781628399836 -0.000464055718242 0.000605598918548 -0.000111358103056 0.00200480144455 -2.47973277775e-05 0.00273572114437 0.00716307397554 0.00504286492194 0.000773165818255 0.00114558554187 0.00195449619514 0.00327576205801 -0.000202836963003 -0.000647921277441 0.002440662808 0.00116640600622 0.000282400752186 0.000320350675029 0.00117438239044 0.00362634433892 0.000484122974474 0.000436906079934 0.000100483548851 0.00268952829573 0.00381505254688 0.000778263412575 
0.000285158653777 0.00151139553092 0.00145286192324 0.000243390045812 0.00015270125176 0.00200931538158 0.00154068844305 0.00113785816983 0.00182186038351 0.0190720175296 0.00228766310921 0.00229411472601 -0.000150878686331 0.00138137955078 0.00342762971581 -0.000994725111068 0.0013063277452 0.00161810093367 0.00267066411531 0.000384783044899 -0.000395133731243 0.00175109076309 0.00141639791696 0.00268062825105 -0.00011310993592 0.00171458211952 0.000321239737839 0.00184896223902 0.00105140314792 6.25131071812e-05 0.000359269226822 -0.000695019852724 0.00116859230925 0.0007389702993 0.00167427184685 0.000527980076211 0.00159488082985 0.00138312406052 0.00156736029774 0.000878852000803 
0.00201173465143 0.00146838314647 0.000266975082501 0.0029192746405 0.00125829292289 0.00157484231048 0.000789683009298 0.00312237669329 0.00241246926998 0.00228766310921 0.0140508710222 0.00345022161182 -0.000123790532889 0.00113221403364 0.00135006234259 0.00195195511804 0.00301610316284 0.00243542220973 0.00233393043247 0.00295405265055 -0.000259569165074 -0.001247121866 0.000688124700526 0.00115169482908 0.00319887134641 0.00234715348316 0.00151329970779 0.00272169192392 0.00400531352676 -0.000367955717651 0.00281741246326 -2.0680648672e-05 0.00169579047081 0.00108694124652 0.000640278330767 0.000122480447387 0.00227240069721 0.00369544439517 0.000903048532218 0.00119628771631 
0.00037861276879 0.00103098543009 0.00134242224761 0.00281523884979 0.0038277153305 0.00160045755783 -0.00051256335897 0.00275644979771 0.00421368626424 0.00229411472601 0.00345022161182 0.0295650422963 0.0047437320797 0.00198537310456 0.00418271599094 0.00168054854223 0.00229008434192 0.0018758298788 -3.91210440339e-05 0.00473793820881 -0.00011203168266 0.0028068443994 0.00224879102641 0.00332676111215 -0.000106578485607 -0.000887653016324 0.000601833513149 0.00735280546747 0.00247912222046 0.00174814973286 0.00212096630932 -0.000602740279561 -0.000754743026574 -0.00153704975904 0.00343008019724 0.000875781252495 0.00503606458792 0.000622932641514 0.00344655718957 0.00273791115544 
0.00062002289899 -0.00160090775708 0.00495737572942 -0.001073809703 -0.00104194710464 0.00347631220102 0.00447826990033 0.000532052204647 0.00747158660483 -0.000150878686331 -0.000123790532889 0.0047437320797 0.10697085334 -0.000393375355958 0.000917635969074 0.00450189425328 0.00233719001739 0.000889104023713 0.000495930102624 0.00215799376204 0.00447271900714 0.00168562941568 -9.02588138752e-06 0.00121771723805 0.00193426256 0.00134811604886 0.00225488461533 0.000581518528017 0.000746264493528 0.00340580313853 0.00187098422049 0.00087175031844 0.00315866235646 0.00332199485296 0.000151555753461 -0.000289607208868 5.28277661008e-05 0.000178946252966 0.00449691557259 0.00111382166999 
0.000953965852368 0.00106255968392 0.00194979315223 0.00121473179566 0.00396164450799 4.17239814852e-05 0.00164776041129 0.00264046075193 0.000781628399836 0.00138137955078 0.00113221403364 0.00198537310456 -0.000393375355958 0.0569982658498 0.000751051421773 0.00317367509612 0.00305852875831 0.00108947081091 0.00066698355705 -0.00154121960933 -0.00128457511764 -0.000999909401042 0.0011735132124 0.000604539238619 0.00316722928384 -5.33366048281e-05 0.00278943519199 0.00289872560865 0.0022861400988 0.00291012600679 0.000693916371109 -0.000927249059069 0.0020391978781 -0.000136288770692 0.00274704821277 0.00114198514772 0.000429145191348 -0.000777882110489 0.000448328107909 0.00220775016955 
0.00105238368924 0.00155121338698 0.00028539637706 9.63168572984e-05 0.00183331424757 0.00205388742638 0.00101241343576 0.00145233722448 -0.000464055718242 0.00342762971581 0.00135006234259 0.00418271599094 0.000917635969074 0.000751051421773 0.0147418583427 -0.000419872538672 0.000991865339321 0.00163378791901 0.00104535626562 0.000642351952577 -0.000316062483734 6.57597716655e-05 6.19458891177e-05 0.000435922949318 -0.000529562262324 0.00185706497749 -0.00107943743552 0.0018961016689 0.00056694540748 0.00194851282325 0.00137515307475 -0.000120368405095 0.00158348805047 0.000827426160295 0.00068751214191 0.000839840142301 0.00121825029296 0.0014529882972 0.000514204154742 0.00144944122415 
0.00213130551438 0.000294597866179 0.00280910581035 0.00208444009404 -0.000244621527115 0.000362670972445 0.00564809143906 0.000455697552147 0.000605598918548 -0.000994725111068 0.00195195511804 0.00168054854223 0.00450189425328 0.00317367509612 -0.000419872538672 0.0290821162323 0.0029379170631 0.00263685918136 0.00310163400736 0.000932532229193 0.0055871286777 0.00328775307651 0.00199489075048 0.0023296736225 0.00463029784774 0.00164333255072 0.00355315071157 0.00346576988739 0.00123761855874 0.00040779569171 0.000206577065423 0.00235591850064 -0.00105957827676 0.0037027223432 -0.000126083582722 -0.000198918909799 0.0010610066349 0.00339896908892 0.00100556505072 0.000110771279626 
0.00130143239356 0.00392457533335 -0.000205274099051 0.00284285083199 0.00113786462145 0.000639878520714 0.00183659570214 0.00196920605596 -0.000111358103056 0.0013063277452 0.00301610316284 0.00229008434192 0.00233719001739 0.00305852875831 0.000991865339321 0.0029379170631 0.0196341966229 0.000830845363047 8.12443375086e-05 0.000745534699195 0.000970401796168 -0.000144833896626 0.00188360323709 0.00115752219154 0.00274084831334 0.00143144909771 0.00118073245289 0.00261868588458 0.00115032059874 0.000512895898459 0.000864341569995 0.00295169768675 0.000154805788538 -0.000467358238144 0.00317664984514 -0.00102400134982 0.0011189140878 0.00278401754975 0.0014077890772 0.00173883696329 
0.00069089218 0.0019363043278 0.00194446723231 0.00108225394895 0.00152335115925 0.0016123251563 0.00121075209416 0.00157494307207 0.00200480144455 0.00161810093367 0.00243542220973 0.0018758298788 0.000889104023713 0.00108947081091 0.00163378791901 0.00263685918136 0.000830845363047 0.0365387710657 0.00222790026527 0.000705841585533 0.000580477209617 0.00413337302721 0.00145855534503 0.00100493562821 0.00151102011417 0.00124584626778 0.00277998507919 -0.000292884504116 0.00155011910081 0.00330143236341 0.0026136143063 0.000770461094201 0.00109592139575 0.000793384522079 0.00252417378764 0.00221788429187 0.000639602759435 0.00120622831039 0.000845827688106 0.000744903961278 
