20
0.0662185328213 -0.0148687542544 0.135547989167 0.0335790413719 0.0511719962834 0.12993100308 0.0243185800675 0.0414486045552 0.070293401022 0.117315051398 0.0288411222523 0.0373342989671 0.0507347996455 0.0324129219316 0.00496789573306 0.0407864154506 0.0283013122104 0.0649337142294 0.0336878097659 0.124759587163 
0.411519211473 0.0074613340084 0.031370372557 0.00445928474084 0.000755328510574 -0.00242644200312 -1.96932505393e-05 0.0209055302205 0.0221144421082 0.00220828049877 0.0206543037642 0.0235676516632 0.0120025103946 -0.0021073425126 0.012049722494 0.0633072906059 0.0114984516669 0.0326277124777 0.0349539993006 0.0163764704663 
0.0074613340084 0.158448943803 0.0012294018103 0.000816534172101 -0.0014247154114 0.0367348109488 0.0229551126228 0.0185800775115 0.0125536640324 0.0175311469553 0.01829542584 0.045044673247 0.0309683387701 0.00701655029961 0.043434252756 0.0253010151114 0.00459571984879 0.0272216462783 0.00407121240036 0.00793259240807 
0.031370372557 0.0012294018103 0.490216619462 0.0136535433091 0.0138002925173 -0.00664987749105 -0.0176002828227 0.0952950633482 0.00012806847668 -0.0134874556038 0.00214377183108 0.00313157195529 0.025554304247 0.0251879809366 -0.00443044428557 0.0281217501157 0.0412155222271 0.010116085722 0.015668966317 0.0575076377256 
0.00445928474084 0.000816534172101 0.0136535433091 0.252968945084 0.00203128592026 -0.0056392727816 0.0086772878613 0.00247189206873 0.00196759467906 0.0225931883541 0.000451967966483 0.0140341154367 0.0120041905177 0.0188562068467 0.0118867220403 0.0134600449319 -0.00457212539132 0.0358496375614 0.03429708304 0.0365427653302 
0.000755328510574 -0.0014247154114 0.0138002925173 0.00203128592026 0.322975655384 0.0297123886622 0.00750237024027 -0.00174137973448 0.0107437281786 0.0349345422334 0.0301402707689 0.0148262349456 0.00718021112492 0.00151190027714 -0.0008373503742 0.0396702033825 0.00185776514701 -0.0153455650184 0.0182604544164 -0.0162651862185 
-0.00242644200312 0.0367348109488 -0.00664987749104 -0.0056392727816 0.0297123886622 0.670478145541 0.026915549806 0.00747016769359 0.0617351346999 0.0106955327506 0.00893356731544 0.0668331439286 0.0661680731525 0.00106408196698 0.0573931066699 0.0264440069641 -0.00190603629796 0.0633828726126 0.0289504569372 0.028197597979 
-1.96932505393e-05 0.0229551126228 -0.0176002828227 0.0086772878613 0.00750237024027 0.026915549806 0.239234749478 0.0250046996731 0.00138105398314 0.00812919487882 0.00341627605099 0.0102513032598 0.01815141567 0.00526978952145 0.0101030787873 0.0224177057223 0.031490619305 0.0212038832906 0.00252445199661 0.0144295918814 
0.0209055302205 0.0185800775115 0.0952950633482 0.00247189206873 -0.00174137973448 0.00747016769359 0.0250046996731 0.312448533754 -0.00844599564749 0.0378586888577 0.0290079079372 0.0176046130923 0.0225468005087 0.00474872525176 -0.00116649712207 0.0314348552572 0.0354095737053 0.0146690403141 0.0436740310721 0.0154895980822 
0.0221144421082 0.0125536640324 0.000128068476679 0.00196759467906 0.0107437281786 0.0617351346999 0.00138105398314 -0.00844599564749 0.333758509994 0.0050530792182 0.00634061664931 -0.00346300997887 0.0332021942744 0.0138213610471 0.00139277897658 0.0147554907244 0.0141154120336 0.0619516874032 0.057135503799 0.0414483497138 
0.00220828049877 0.0175311469553 -0.0134874556038 0.0225931883541 0.0349345422334 0.0106955327506 0.00812919487882 0.0378586888577 0.0050530792182 0.376304277591 0.0117190725859 -0.000365862796469 0.0370878920371 0.0169431268029 0.0239319993316 0.018490656107 0.0169891299064 0.0162247000408 0.0252786952283 -0.00142597212238 
0.0206543037642 0.01829542584 0.00214377183108 0.000451967966483 0.0301402707689 0.00893356731544 0.00341627605099 0.0290079079372 0.00634061664931 0.0117190725859 0.200763344704 0.0204933083306 0.0199104144327 0.0117901033864 0.0186775374601 0.0265370242474 0.0110960319487 0.0194469996201 0.045139656892 0.0119454229186 
0.0235676516632 0.045044673247 0.00313157195529 0.0140341154367 0.0148262349456 0.0668331439286 0.0102513032598 0.0176046130923 -0.00346300997887 -0.000365862796469 0.0204933083306 0.268708890829 0.0328300107145 0.0134216095153 0.0622659717363 0.0274055233503 0.00469573292512 0.0281646108679 0.027600316191 0.0148776264005 
0.0120025103946 0.0309683387701 0.025554304247 0.0120041905177 0.00718021112492 0.0661680731525 0.01815141567 0.0225468005087 0.0332021942744 0.0370878920371 0.0199104144327 0.0328300107145 0.277361104403 0.0150127210267 0.00803577653072 0.0382385577202 0.0232489762549 0.0379517396677 0.0482816636684 0.00480881060994 
-0.0021073425126 0.00701655029961 0.0251879809366 0.0188562068467 0.00151190027714 0.00106408196698 0.00526978952145 0.00474872525176 0.0138213610471 0.0169431268029 0.0117901033864 0.0134216095153 0.0150127210267 0.291753109507 0.00115765421926 0.0183067440205 0.0452622606025 0.0194183048354 0.0187501934029 0.00337370022308 
0.012049722494 0.043434252756 -0.00443044428557 0.0118867220403 -0.000837350374199 0.0573931066699 0.0101030787873 -0.00116649712207 0.00139277897658 0.0239319993316 0.0186775374601 0.0622659717363 0.00803577653072 0.00115765421926 0.177586255843 0.0348650024493 0.00953351194595 0.0193025343563 0.0138830892435 0.0199041096403 
0.0633072906059 0.0253010151114 0.0281217501157 0.0134600449319 0.0396702033825 0.0264440069641 0.0224177057223 0.0314348552572 0.0147554907244 0.018490656107 0.0265370242474 0.0274055233503 0.0382385577202 0.0183067440205 0.0348650024493 0.223414027907 0.0110984674532 0.0285879632608 0.0201532134089 0.0475542623271 
0.0114984516669 0.00459571984879 0.0412155222271 -0.00457212539132 0.00185776514701 -0.00190603629796 0.031490619305 0.0354095737053 0.0141154120336 0.0169891299064 0.0110960319487 0.00469573292512 0.0232489762549 0.0452622606025 0.00953351194595 0.0110984674532 0.210169814086 0.0202407691305 0.00233530679778 -0.00231324221834 
0.0326277124777 0.0272216462783 0.010116085722 0.0358496375614 -0.0153455650184 0.0633828726126 0.0212038832906 0.0146690403141 0.0619516874032 0.0162247000408 0.0194469996201 0.0281646108679 0.0379517396677 0.0194183048354 0.0193025343563 0.0285879632608 0.0202407691305 0.196495826256 0.0330886645555 0.0422441294177 
0.0349539993006 0.00407121240036 0.015668966317 0.03429708304 0.0182604544164 0.0289504569372 0.00252445199661 0.0436740310721 0.057135503799 0.0252786952283 0.045139656892 0.027600316191 0.0482816636684 0.0187501934029 0.0138830892435 0.0201532134089 0.00233530679778 0.0330886645555 0.357160084732 0.0242212186854 
0.0163764704663 0.00793259240807 0.0575076377256 0.0365427653302 -0.0162651862185 0.028197597979 0.0144295918814 0.0154895980822 0.0414483497138 -0.00142597212238 0.0119454229186 0.0148776264005 0.00480881060994 0.00337370022308 0.0199041096403 0.0475542623271 -0.00231324221834 0.0422441294177 0.0242212186854 0.343024494504 
0.0356386091281 0.00064617047974 0.00271675395605 0.000386185386828 6.5413367836e-05 -0.000210136041551 -1.70548552502e-06 0.00181047202506 0.00191516686562 0.000191242701061 0.00178871517573 0.00204101850479 0.00103944789109 -0.000182501215039 0.00104353657883 0.00548257219095 0.000995795124773 0.00282564278731 0.00302710513582 0.00141824394482 
0.00064617047974 0.0137220810536 0.000106469319918 7.07139336097e-05 -0.000123383973944 0.00318132794849 0.0019879710678 0.00160908191292 0.00108717919626 0.00151824186208 0.00158443035505 0.00390098313371 0.00268193680879 0.00060765108064 0.00376151662811 0.0021911321828 0.000398001013773 0.00235746372099 0.000352577336291 0.000686982654326 
0.00271675395605 0.000106469319918 0.0424540045811 0.00118243153574 0.00119514038996 -0.00057589628393 -0.00152422920383 0.00825279457148 1.10910554228e-05 -0.00116804791853 0.000185656086563 0.000271202086706 0.00221306766539 0.00218134313612 -0.000383687730136 0.00243541499991 0.00356936892789 0.00087607872221 0.00135697228815 0.0049803075182 
0.000386185386828 7.07139336097e-05 0.00118243153574 0.0219077532811 0.00017591452093 -0.000488375348774 0.000751475172383 0.000214072132693 0.000170398697642 0.00195662750672 3.91415740671e-05 0.00121539004879 0.00103959339402 0.00163299541483 0.00102942032546 0.00116567408471 -0.000395957673817 0.00310466968446 0.00297021451883 0.00316469631005 
6.5413367836e-05 -0.000123383973944 0.00119514038996 0.00017591452093 0.0279705122367 0.00257316833885 0.000649724321667 -0.000150807908769 0.000930434153405 0.00302542010437 0.00261022401628 0.00128398961054 0.000621824523871 0.000130934404799 -7.25166695925e-05 0.00343554039025 0.000160887181157 -0.00132896491413 0.00158140174093 -0.00140860644625 
-0.000210136041551 0.00318132794849 -0.00057589628393 -0.000488375348774 0.00257316833885 0.0580651106721 0.00233095498888 0.000646935499318 0.00534641949562 0.000926260306904 0.000773669624159 0.0057879200457 0.00573032322695 9.21522015115e-05 0.00497038883783 0.00229011818088 -0.000165067585457 0.00548911778473 0.00250718311588 0.00244198361755 
-1.70548552501e-06 0.0019879710678 -0.00152422920383 0.000751475172383 0.000649724321667 0.00233095498888 0.0207183370516 0.00216547051309 0.00011960278334 0.000704008927737 0.00029585818465 0.000887788904484 0.00157195870849 0.000456377159817 0.000874952288625 0.00194143026501 0.0027271676299 0.00183631015886 0.00021862395597 0.00124963931355 
0.00181047202506 0.00160908191292 0.00825279457148 0.000214072132693 -0.000150807908769 0.000646935499318 0.00216547051309 0.0270588367607 -0.000731444679098 0.00327865863047 0.00251215851843 0.00152460421618 0.00195261020146 0.000411251670362 -0.000101021614115 0.0027223383217 0.0030665590366 0.00127037615611 0.00378228203941 0.00134143854336 
0.00191516686562 0.00108717919626 1.10910554228e-05 0.000170398697642 0.000930434153405 0.00534641949562 0.00011960278334 -0.000731444679098 0.0289043348384 0.000437609497029 0.000549113509396 -0.000299905461526 0.00287539437031 0.00119696497816 0.000120618197557 0.00127786298127 0.0012224305406 0.00536517350985 0.0049480797748 0.00358953237971 
0.000191242701061 0.00151824186208 -0.00116804791853 0.00195662750672 0.00302542010437 0.000926260306904 0.000704008927737 0.00327865863047 0.000437609497029 0.0325889063946 0.00101490145682 -3.16846476042e-05 0.0032119056677 0.00146731782308 0.00207257193845 0.00160133779213 0.00147130180871 0.00140510024041 0.00218919922423 -0.000123492808307 
0.00178871517573 0.00158443035505 0.000185656086563 3.91415740671e-05 0.00261022401628 0.000773669624159 0.00029585818465 0.00251215851843 0.000549113509396 0.00101490145682 0.0173866156662 0.00177477256219 0.00172429246986 0.00102105290459 0.00161752219206 0.00229817371391 0.000960944554878 0.00168415956984 0.00390920895866 0.00103450397064 
0.00204101850479 0.00390098313371 0.000271202086706 0.00121539004879 0.00128398961054 0.0057879200457 0.000887788904484 0.00152460421618 -0.000299905461526 -3.16846476042e-05 0.00177477256219 0.0232708725681 0.00284316232853 0.00116234548 0.0053923913315 0.00237338794253 0.000406662400254 0.00243912684993 0.00239025749739 0.00128844024108 
0.00103944789109 0.00268193680879 0.00221306766539 0.00103959339402 0.000621824523871 0.00573032322695 0.00157195870849 0.00195261020146 0.00287539437031 0.0032119056677 0.00172429246986 0.00284316232853 0.0240201762434 0.00130013977891 0.000695918661474 0.00331155623897 0.00201342040487 0.003286717067 0.00418131472738 0.00041645521502 
-0.000182501215039 0.00060765108064 0.00218134313612 0.00163299541483 0.000130934404799 9.21522015115e-05 0.000456377159817 0.000411251670362 0.00119696497816 0.00146731782308 0.00102105290459 0.00116234548 0.00130013977891 0.0252665604466 0.000100255796268 0.00158541053824 0.00391982675145 0.00168167452859 0.00162381438128 0.000292171009794 
0.00104353657883 0.00376151662811 -0.000383687730136 0.00102942032546 -7.25166695925e-05 0.00497038883783 0.000874952288625 -0.000101021614115 0.000120618197557 0.00207257193845 0.00161752219206 0.0053923913315 0.000695918661474 0.000100255796268 0.0153794208923 0.00301939778241 0.000825626353248 0.001671648511 0.00120231079679 0.00172374645882 
0.00548257219095 0.0021911321828 0.00243541499991 0.00116567408471 0.00343554039025 0.00229011818088 0.00194143026501 0.0027223383217 0.00127786298127 0.00160133779213 0.00229817371391 0.00237338794253 0.00331155623897 0.00158541053824 0.00301939778241 0.0193482223729 0.000961155475751 0.00247579024263 0.001745319478 0.00411831992335 
0.000995795124773 0.000398001013773 0.00356936892789 -0.000395957673817 0.000160887181157 -0.000165067585457 0.0027271676299 0.0030665590366 0.0012224305406 0.00147130180871 0.000960944554878 0.000406662400254 0.00201342040487 0.00391982675145 0.000825626353248 0.000961155475751 0.0182012398107 0.00175290202592 0.000202243501251 -0.000200332652619 
0.00282564278731 0.00235746372099 0.00087607872221 0.00310466968446 -0.00132896491413 0.00548911778473 0.00183631015886 0.00127037615611 0.00536517350985 0.00140510024041 0.00168415956984 0.00243912684993 0.003286717067 0.00168167452859 0.001671648511 0.00247579024263 0.00175290202592 0.0170170377276 0.00286556240823 0.00365844892364 
0.00302710513582 0.000352577336291 0.00135697228815 0.00297021451883 0.00158140174093 0.00250718311588 0.00021862395597 0.00378228203941 0.0049480797748 0.00218919922423 0.00390920895866 0.00239025749739 0.00418131472738 0.00162381438128 0.00120231079679 0.001745319478 0.000202243501251 0.00286556240823 0.0309309706596 0.00209761906922 
0.00141824394482 0.000686982654326 0.0049803075182 0.00316469631005 -0.00140860644625 0.00244198361755 0.00124963931355 0.00134143854336 0.00358953237971 -0.000123492808307 0.00103450397064 0.00128844024108 0.00041645521502 0.000292171009794 0.00172374645882 0.00411831992335 -0.000200332652619 0.00365844892364 0.00209761906922 0.0297067926361 

['ROH', 'FE', 'NVLS', 'TMO', 'EFX', 'NOV', 'WPI', 'COL', 'LPX', 'MHS', 'USB', 'PPL', 'LEG', 'SGP', 'AEP', 'PX', 'BMY', 'DOV', 'BBBY', 'BNI']