20
0.190895055806 0.0289140833203 0.0658076634161 0.0415097954764 0.399937027552 0.0422860283868 -0.00662659235152 0.0896896089949 0.0482129600444 0.0160922749751 0.0172523696575 0.0321720089654 0.0347685991573 0.0526772687529 0.0403512104362 0.104550469133 0.124759587163 0.110374427341 0.0315088302779 0.0637259516476 
0.560097287403 0.0249493573054 -0.00101056795635 0.0305436455123 0.0611963573503 0.0132379990238 0.0366866375309 0.0303510828436 0.0206781846164 0.0080496661279 0.027230574102 0.0142170633491 0.0309824442353 0.0920213456927 0.0359616402067 0.0559826940184 0.0146388487417 0.0830830965285 0.0421830357858 0.0267769876133 
0.0249493573054 0.237434943695 0.00590641935111 0.0236636106555 0.0153776671822 0.0208678040606 0.0542218188795 -0.00131401350516 -0.00199275960545 0.0292827766619 0.0057563979524 0.0262098979968 0.0334827456588 0.00431040432191 0.0113829594328 0.0295428273586 0.0193629411375 0.016533291243 0.0237085847808 0.0168202757528 
-0.00101056795635 0.00590641935111 0.262657711334 0.00294428522871 0.0140825003005 0.00552473269408 0.0149022315509 0.0339727949589 0.00153775933597 0.0107490485042 0.0297297968083 0.010065744228 0.00707743205223 0.0148209142705 0.0122047988507 -0.0125298313798 0.0216769411965 -0.00514641120299 0.0231668495273 0.0180538059402 
0.0305436455123 0.0236636106555 0.00294428522871 0.41087516591 0.0615261358664 -0.0103338958149 0.0258264090328 -0.0112939299742 0.0502322244084 -0.0085164305787 0.00265919027631 -0.00493657655739 0.111788233237 0.0114021380149 0.0108344111599 0.0652641850231 0.0340998520949 0.213414934816 0.0286797853965 0.0280644994822 
0.0611963573503 0.0153776671822 0.0140825003005 0.0615261358665 1.31906358518 -0.00703976675992 0.0138653583014 0.0934377432276 0.0154754156245 0.00302242126053 0.00450650399251 0.0338024578766 0.0162210137229 0.0116264034406 0.0235365064529 0.12861489861 0.0537983460597 0.0347970933306 0.023092137133 0.0222148361624 
0.0132379990238 0.0208678040606 0.00552473269408 -0.0103338958149 -0.00703976675992 0.253908434035 0.0158069985959 0.0312875426887 0.00619606381993 0.00100653440783 0.0017856184349 0.0330030196108 -0.000878692789435 -0.00138188973938 -0.0106256551732 0.0101738216889 0.0272575588248 -0.0163879286766 0.036299024929 0.0131285523036 
0.0366866375309 0.0542218188795 0.0149022315509 0.0258264090328 0.0138653583014 0.0158069985959 0.171907055092 -0.00116817216325 0.0314851147551 0.00973913187708 0.0186843298122 0.0210517298205 0.0293131065364 0.0152195558147 0.0246329661681 0.0151373415768 0.0415178302166 0.0500919787899 0.0264937096645 0.0145054157075 
0.0303510828436 -0.00131401350516 0.0339727949589 -0.0112939299742 0.0934377432276 0.0312875426887 -0.00116817216325 0.439463107342 -0.0041805594253 -0.00387741077117 0.00485458267323 0.00315980378504 0.01584615424 0.020452471378 0.0178968000089 0.00607406066661 0.0293949797904 0.0266756465529 0.054107778273 0.0252553925218 
0.0206781846164 -0.00199275960545 0.00153775933597 0.0502322244084 0.0154754156245 0.00619606381993 0.0314851147551 -0.0041805594253 0.288676212062 0.0138004676255 0.0189345849627 0.0109058471758 0.0221930003972 0.0305931578963 0.0198588414441 0.0120641175895 0.0585759685793 0.00341736053393 0.0341585899923 0.0165474210612 
0.0080496661279 0.0292827766619 0.0107490485042 -0.0085164305787 0.00302242126053 0.00100653440782 0.00973913187709 -0.00387741077117 0.0138004676255 0.229024908241 -0.000909564448431 -0.0097838274798 0.0131708069638 0.0158240988361 -0.00627273922698 0.00193316564927 0.0300042137071 -0.00162887883065 0.0229565411508 0.00733861214459 
0.027230574102 0.0057563979524 0.0297297968083 0.00265919027631 0.00450650399251 0.0017856184349 0.0186843298122 0.00485458267323 0.0189345849627 -0.000909564448431 0.202714645432 0.0254993327866 0.00925284047013 0.0359974132221 0.0147092822561 -0.00485551832607 -0.0176276038227 0.013131279543 0.0205334110275 0.0139243271741 
0.0142170633491 0.0262098979968 0.010065744228 -0.00493657655739 0.0338024578766 0.0330030196108 0.0210517298205 0.00315980378504 0.0109058471758 -0.0097838274798 0.0254993327866 0.167661867803 0.0190922610936 0.0303115793699 0.0359439611345 0.017522523034 0.0210417173102 0.0125961843413 0.0240538683031 0.0124827975153 
0.0309824442353 0.0334827456588 0.00707743205223 0.111788233237 0.0162210137229 -0.000878692789435 0.0293131065364 0.01584615424 0.0221930003972 0.0131708069638 0.00925284047013 0.0190922610936 0.232940669298 0.021666500116 0.00592758903809 0.0255420871335 -0.0011320025543 0.125769601148 0.0240514882097 0.013835283358 
0.0920213456927 0.00431040432191 0.0148209142705 0.0114021380149 0.0116264034406 -0.00138188973939 0.0152195558147 0.020452471378 0.0305931578963 0.0158240988361 0.0359974132221 0.0303115793699 0.021666500116 0.243414581618 0.0199876147077 0.0143532884279 0.0158130311617 0.0492816060514 0.0151821235291 0.0112991448035 
0.0359616402067 0.0113829594328 0.0122047988507 0.0108344111599 0.0235365064529 -0.0106256551732 0.0246329661681 0.0178968000089 0.019858841444 -0.00627273922699 0.0147092822561 0.0359439611345 0.00592758903809 0.0199876147077 0.192817959565 0.0372969473663 0.0138971688757 0.0168180863676 0.0282243261188 0.0146874820099 
0.0559826940184 0.0295428273586 -0.0125298313798 0.0652641850231 0.12861489861 0.0101738216889 0.0151373415768 0.00607406066661 0.0120641175895 0.00193316564927 -0.00485551832607 0.017522523034 0.0255420871335 0.0143532884279 0.0372969473663 0.532450472112 0.0500468425551 0.0188891364978 0.0187384168059 0.0283341143495 
0.0146388487417 0.0193629411375 0.0216769411965 0.0340998520949 0.0537983460597 0.0272575588248 0.0415178302166 0.0293949797904 0.0585759685793 0.0300042137071 -0.0176276038227 0.0210417173102 -0.0011320025543 0.0158130311617 0.0138971688757 0.0500468425551 0.337646159925 0.0228960663968 0.0134359369875 0.0104533554574 
0.0830830965285 0.016533291243 -0.00514641120299 0.213414934816 0.0347970933306 -0.0163879286766 0.0500919787899 0.0266756465529 0.00341736053393 -0.00162887883065 0.013131279543 0.0125961843413 0.125769601148 0.0492816060514 0.0168180863676 0.0188891364978 0.0228960663968 0.466136633707 0.0300526302339 0.00898495174639 
0.0421830357858 0.0237085847808 0.0231668495273 0.0286797853965 0.023092137133 0.036299024929 0.0264937096645 0.054107778273 0.0341585899923 0.0229565411508 0.0205334110275 0.0240538683031 0.0240514882097 0.0151821235291 0.0282243261188 0.0187384168059 0.0134359369875 0.0300526302339 0.243843450224 0.0340383765381 
0.0267769876133 0.0168202757528 0.0180538059402 0.0280644994822 0.0222148361624 0.0131285523036 0.0145054157075 0.0252553925218 0.0165474210612 0.00733861214459 0.0139243271741 0.0124827975153 0.013835283358 0.0112991448035 0.0146874820099 0.0283341143495 0.0104533554574 0.00898495174639 0.0340383765381 0.209936787163 
0.0485058479482 0.00216067772346 -8.75177522454e-05 0.00264515729378 0.00529976000845 0.00114644434499 0.00317715600812 0.00262848087749 0.0017907833182 0.000697121535874 0.00235823689319 0.00123123380275 0.00268315837791 0.00796928230603 0.00311436939808 0.00484824351922 0.00126776148925 0.00719520722187 0.00365315805993 0.00231895515099 
0.00216067772346 0.0205624692986 0.000511510920347 0.00204932879729 0.00133174504307 0.00180720484377 0.0046957472589 -0.000113796907638 -0.000172578044196 0.00253596284826 0.000498518686108 0.00226984374958 0.00289969083289 0.000373291964335 0.000985793203904 0.00255848389922 0.00167687989171 0.00143182502246 0.00205322367079 0.00145667861006 
-8.75177522454e-05 0.000511510920347 0.0227468250515 0.000254982580405 0.0012195803009 0.000478455886219 0.00129057110962 0.0029421303472 0.000133173864986 0.000930894907113 0.00257467592853 0.000871719020945 0.000612923595079 0.00128352882655 0.00105696658528 -0.001085115228 0.00187727817525 -0.000445692284011 0.00200630802163 0.00156350545792 
0.00264515729378 0.00204932879729 0.000254982580405 0.0355828331462 0.0053283196657 -0.000894941629573 0.0022366326311 -0.000978083026619 0.00435023824263 -0.000737544523072 0.000230292633278 -0.000427520070642 0.00968114498275 0.000987454117839 0.000938287529949 0.00565204421873 0.00295313381795 0.0184822755098 0.00248374227285 0.0024304569496 
0.00529976000845 0.00133174504307 0.0012195803009 0.0053283196657 0.114234257397 -0.000609661685081 0.00120077525216 0.00809194593074 0.00134021030649 0.000261749359256 0.000390274693977 0.00292737872315 0.00140478099592 0.00100687607342 0.00203832125045 0.0111383769502 0.00465907343693 0.00301351668022 0.00199983773849 0.00192386124575 
0.00114644434499 0.00180720484377 0.000478455886219 -0.000894941629573 -0.000609661685081 0.0219891154109 0.00136892623416 0.00270958067904 0.000536594867153 8.71684366962e-05 0.000154639092609 0.00285814533846 -7.60970277773e-05 -0.000119675161954 -0.00092020873118 0.000881078803616 0.00236057383874 -0.00141923625494 0.00314358777211 0.00113696598098 
0.00317715600812 0.0046957472589 0.00129057110962 0.00223663263109 0.00120077525216 0.00136892623416 0.0148875876799 -0.000101166676936 0.0027266909219 0.000843433561636 0.001618110427 0.00182313328181 0.00253858949244 0.00131805219699 0.00213327744721 0.00131093223512 0.00359554956776 0.00433809261578 0.002294422561 0.00125620584951 
0.00262848087749 -0.000113796907638 0.0029421303472 -0.000978083026619 0.00809194593074 0.00270958067904 -0.000101166676936 0.0380586214984 -0.000362047066434 -0.000335793622874 0.000420419191979 0.000273647034882 0.00137231721241 0.00177123597835 0.00154990834541 0.000526029084141 0.00254567992422 0.00231017875772 0.00468587105268 0.00218718115065 
0.0017907833182 -0.000172578044196 0.000133173864986 0.00435023824263 0.00134021030649 0.000536594867153 0.0027266909219 -0.000362047066434 0.0250000933114 0.00119515555478 0.00163978315878 0.000944474070407 0.00192197021301 0.00264944519202 0.00171982611803 0.00104478323068 0.0050728276841 0.000295952103627 0.00295822066908 0.00143304870061 
0.000697121535874 0.00253596284826 0.000930894907113 -0.000737544523072 0.000261749359256 8.71684366959e-05 0.000843433561636 -0.000335793622874 0.00119515555478 0.0198341388636 -7.87705918721e-05 -0.000847304314375 0.0011406253419 0.00137040715841 -0.000543235152188 0.000167417056199 0.00259844112909 -0.000141065044703 0.00198809478196 0.000635542454574 
0.00235823689319 0.000498518686108 0.00257467592853 0.000230292633278 0.000390274693977 0.000154639092609 0.001618110427 0.000420419191979 0.00163978315878 -7.8770591872e-05 0.0175556032663 0.00220830699728 0.00080131949043 0.00311746743208 0.00127386121052 -0.000420500221892 -0.00152659527183 0.00113720216685 0.00177824555762 0.00120588210634 
0.00123123380275 0.00226984374958 0.000871719020945 -0.000427520070642 0.00292737872315 0.00285814533846 0.00182313328181 0.000273647034882 0.000944474070407 -0.000847304314375 0.00220830699728 0.0145199436763 0.00165343831227 0.00262505977632 0.00311283834551 0.00151749500858 0.00182226617299 0.00109086156303 0.00208312610098 0.00108104197585 
0.00268315837791 0.00289969083289 0.000612923595079 0.00968114498275 0.00140478099592 -7.60970277773e-05 0.00253858949244 0.00137231721241 0.00192197021301 0.0011406253419 0.00080131949043 0.00165343831227 0.0201732537186 0.00187637395115 0.000513344269018 0.00221200963232 -9.80342969172e-05 0.0108919669618 0.00208291997884 0.00119817068566 
0.00796928230603 0.000373291964335 0.00128352882655 0.000987454117839 0.00100687607342 -0.000119675161954 0.00131805219699 0.00177123597835 0.00264944519202 0.00137040715841 0.00311746743208 0.00262505977632 0.00187637395115 0.0210803211333 0.00173097820979 0.00124303124064 0.00136944866968 0.00426791227798 0.00131481046596 0.000978534644087 
0.00311436939808 0.000985793203904 0.00105696658528 0.000938287529949 0.00203832125045 -0.00092020873118 0.00213327744721 0.00154990834541 0.00171982611803 -0.000543235152189 0.00127386121052 0.00311283834551 0.000513344269018 0.00173097820979 0.0166985251289 0.00323001039028 0.00120353012871 0.00145648900374 0.00244429834236 0.00127197325382 
0.00484824351922 0.00255848389922 -0.001085115228 0.00565204421873 0.0111383769502 0.000881078803616 0.00131093223512 0.000526029084142 0.00104478323068 0.000167417056199 -0.000420500221892 0.00151749500858 0.00221200963232 0.00124303124064 0.00323001039028 0.0461115635106 0.00433418370319 0.00163584720626 0.00162279449806 0.00245380628204 
0.00126776148925 0.00167687989171 0.00187727817525 0.00295313381795 0.00465907343693 0.00236057383874 0.00359554956775 0.00254567992422 0.0050728276841 0.00259844112909 -0.00152659527183 0.00182226617299 -9.80342969172e-05 0.00136944866968 0.00120353012871 0.00433418370319 0.0292410151985 0.00198285751464 0.00116358627548 0.000905287138092 
0.00719520722187 0.00143182502246 -0.000445692284011 0.0184822755098 0.00301351668022 -0.00141923625494 0.00433809261578 0.00231017875772 0.000295952103627 -0.000141065044703 0.00113720216685 0.00109086156303 0.0108919669618 0.00426791227799 0.00145648900374 0.00163584720626 0.00198285751464 0.0403686166425 0.00260263412331 0.000778119646415 
0.00365315805993 0.00205322367079 0.00200630802163 0.00248374227285 0.00199983773849 0.00314358777211 0.002294422561 0.00468587105268 0.00295822066908 0.00198809478196 0.00177824555762 0.00208312610098 0.00208291997884 0.00131481046596 0.00244429834236 0.00162279449806 0.00116358627548 0.00260263412331 0.021117462244 0.00294780987856 
0.00231895515099 0.00145667861006 0.00156350545792 0.0024304569496 0.00192386124575 0.00113696598098 0.00125620584951 0.00218718115065 0.00143304870061 0.000635542454574 0.00120588210634 0.00108104197585 0.00119817068566 0.000978534644087 0.00127197325382 0.00245380628204 0.000905287138092 0.000778119646415 0.00294780987856 0.0181810590872 

['GILD', 'FPL', 'WYE', 'BJS', 'JDSU', 'AT', 'DUK', 'CVS', 'BMS', 'CAG', 'SLM', 'CINF', 'CVX', 'GENZ', 'AN', 'NSM', 'BNI', 'RIG', 'MAS', 'BAX']