20
0.11775000089 0.191301962015 0.0861150338972 0.134360436546 0.0451759103614 0.109746753301 0.171372180847 0.0403512104362 0.114977551813 0.0431194173031 0.110374427341 0.112278324126 0.0413299620627 0.0135435889675 0.0965978414643 0.082081594572 0.00643120824938 0.105904751354 0.0573021249509 0.0524718958424 
0.901363373524 0.0491514174812 0.0372202503075 0.0460220870746 0.0389109067591 0.00706721836314 0.032327889787 0.0443432286382 0.0825295238255 0.0199005934061 0.0385640233038 0.0179014632072 0.0281847956983 0.0450082674902 0.0394471931473 0.0339880059876 0.0324751670161 0.0312617616469 0.0296040096771 0.0153195865062 
0.0491514174812 0.458680853046 0.0332825515839 0.00933786097721 0.0403276443371 0.0834511105065 0.0670781068533 0.0302346279231 0.0114646504151 0.00435962129732 0.0498962162639 0.0348435521381 0.0124328486771 0.0208150484134 0.0348571391502 0.0403364316471 0.0378133525195 0.0373027584094 0.0034836924468 0.0339827365206 
0.0372202503075 0.0332825515839 0.246202129514 -0.00276590272048 0.0303024328497 0.0242239648031 -0.00596918051083 0.01350253469 0.0209813281163 0.0309271298866 0.0297807605399 0.0366090435289 0.0246913776113 0.0281486455142 0.0181556140616 0.0344822503184 0.031049454658 0.0266263189469 0.020771524989 0.00546946736525 
0.0460220870746 0.00933786097721 -0.00276590272048 0.549882978046 0.0318850630558 -0.00622445621973 0.103697874911 0.0113084581285 0.0234600319773 0.00797456560961 0.0520856333836 0.00439141456536 0.0109359636924 0.0121549776713 0.0456905958203 0.0214580579007 0.0108627511428 0.105164134135 0.0461034942105 -0.0134693919757 
0.0389109067591 0.0403276443371 0.0303024328497 0.0318850630558 0.381135418533 0.0112330930597 0.0251588251121 0.0186090501198 0.0201019345872 0.0226248356527 0.0272366469983 0.0219877215846 0.0226195621512 0.0449826602756 0.0295052293246 0.0109513249935 0.0170742813021 0.0182690989199 0.0467509563825 -0.0063760593276 
0.00706721836314 0.0834511105065 0.0242239648031 -0.00622445621973 0.0112330930597 0.390576324558 0.0253067909943 0.0279831281449 0.0303867814244 0.0353100952089 0.0132398145148 0.107538072489 0.00292733827324 -0.0115637397883 0.0123679404402 0.036899391849 0.0510406568641 0.0185876493752 0.0102433108726 0.017230947548 
0.032327889787 0.0670781068533 -0.00596918051083 0.103697874911 0.0251588251121 0.0253067909943 0.587304450905 0.0252676251863 0.0209896883687 0.00754520988514 0.222203581103 0.00614428027978 -0.0125159641688 0.0257572945774 0.00578107028672 0.0348467808469 0.0106342334957 0.019330411973 0.0103565582079 -0.00117768941561 
0.0443432286382 0.0302346279231 0.01350253469 0.0113084581285 0.0186090501198 0.0279831281449 0.0252676251863 0.189608120442 0.0131291026735 0.0228139240911 0.0158925517467 0.0164912001317 0.0122949994925 0.0136106228186 0.014278879054 0.0335910181399 0.0109019644263 0.0257834251488 0.0277644207244 0.0191754581758 
0.0825295238255 0.0114646504151 0.0209813281163 0.0234600319773 0.0201019345872 0.0303867814244 0.0209896883687 0.0131291026735 0.613237019791 -0.00545344336478 -0.00533341472608 0.01177343644 0.00247896528202 0.0363718781006 0.00861586535089 0.0347523980618 0.00590944563384 -0.0213914280854 0.0146264657241 0.00246046786663 
0.0199005934061 0.00435962129732 0.0309271298866 0.00797456560961 0.0226248356527 0.0353100952089 0.00754520988514 0.0228139240911 -0.00545344336478 0.184305257572 0.0125564946209 0.0289158427102 0.0355433292642 0.00165502250269 0.0292690905924 0.041830246274 0.0231715769838 0.0112154917535 0.0261232531103 0.0105239261481 
0.0385640233038 0.0498962162639 0.0297807605399 0.0520856333836 0.0272366469983 0.0132398145148 0.222203581103 0.0158925517467 -0.00533341472608 0.0125564946209 0.48215792493 -0.0110859630308 0.0041773004861 0.00552666899349 -0.0126159945212 0.0635662498315 -0.00168003831183 -0.00938635273654 0.0150397977492 0.00100810795907 
0.0179014632072 0.0348435521381 0.0366090435289 0.00439141456536 0.0219877215846 0.107538072489 0.00614428027978 0.0164912001317 0.01177343644 0.0289158427102 -0.0110859630308 0.255768274208 0.0104341085354 0.00510398711188 0.0193025308165 0.017543415931 0.0280765578724 0.0195469702808 0.0232564135623 0.037646429693 
0.0281847956983 0.0124328486771 0.0246913776113 0.0109359636924 0.0226195621512 0.00292733827324 -0.0125159641688 0.0122949994925 0.00247896528202 0.0355433292642 0.0041773004861 0.0104341085354 0.298814202122 0.0147631160492 0.0440236348733 0.010448292681 0.0296821570475 0.0297545961165 0.0261064324493 0.0129733828252 
0.0450082674902 0.0208150484134 0.0281486455142 0.0121549776713 0.0449826602756 -0.0115637397883 0.0257572945774 0.0136106228186 0.0363718781006 0.00165502250269 0.00552666899348 0.00510398711188 0.0147631160492 0.255281415359 0.026538377141 0.0333528780518 0.0259113243837 0.0166741605795 0.00995981925158 0.0170514366988 
0.0394471931473 0.0348571391502 0.0181556140616 0.0456905958203 0.0295052293246 0.0123679404402 0.00578107028672 0.014278879054 0.00861586535089 0.0292690905924 -0.0126159945212 0.0193025308165 0.0440236348733 0.026538377141 0.448139934119 0.0538352603442 0.0293123118932 0.0299827622994 0.021515426758 0.0326744458158 
0.0339880059876 0.0403364316471 0.0344822503184 0.0214580579007 0.0109513249935 0.036899391849 0.0348467808469 0.0335910181399 0.0347523980618 0.041830246274 0.0635662498315 0.017543415931 0.010448292681 0.0333528780518 0.0538352603442 0.279577697014 0.0186220610882 0.0261459246288 0.0275571502937 0.010817006296 
0.0324751670161 0.0378133525195 0.031049454658 0.0108627511428 0.0170742813021 0.0510406568641 0.0106342334957 0.0109019644263 0.00590944563384 0.0231715769838 -0.00168003831183 0.0280765578724 0.0296821570475 0.0259113243837 0.0293123118932 0.0186220610882 0.208124490608 0.0431172419955 0.0371339419602 0.0323875251904 
0.0312617616469 0.0373027584094 0.0266263189469 0.105164134135 0.0182690989199 0.0185876493752 0.019330411973 0.0257834251488 -0.0213914280854 0.0112154917535 -0.00938635273654 0.0195469702808 0.0297545961165 0.0166741605795 0.0299827622994 0.0261459246288 0.0431172419955 0.409790173327 0.0651702805992 0.0215771418102 
0.0296040096771 0.0034836924468 0.020771524989 0.0461034942105 0.0467509563825 0.0102433108726 0.0103565582079 0.0277644207244 0.0146264657241 0.0261232531103 0.0150397977492 0.0232564135623 0.0261064324493 0.00995981925158 0.021515426758 0.0275571502937 0.0371339419602 0.0651702805992 0.326663252713 0.0156270531504 
0.0153195865062 0.0339827365206 0.00546946736525 -0.0134693919757 -0.0063760593276 0.017230947548 -0.00117768941561 0.0191754581758 0.00246046786663 0.0105239261481 0.00100810795907 0.037646429693 0.0129733828252 0.0170514366988 0.0326744458158 0.010817006296 0.0323875251904 0.0215771418102 0.0156270531504 0.207619271673 
0.0780603579513 0.00425663761708 0.00322336823015 0.00398562965418 0.00336978337376 0.000612039063657 0.00279967738063 0.00384023624865 0.00714726641951 0.001723441944 0.00333974238532 0.00155031219023 0.00244087490752 0.00389783030268 0.00341622713735 0.00294344766093 0.00281243196281 0.00270734797533 0.00256378244342 0.00132671510898 
0.00425663761708 0.0397229270967 0.00288235351744 0.000808682482327 0.00349247644707 0.00722707816727 0.00580913445727 0.00261839558554 0.000992867850503 0.000377554279436 0.00432113908373 0.00301754013096 0.00107671627957 0.0018026360707 0.00301871680073 0.00349323745044 0.00327473238841 0.00323051364138 0.00030169661579 0.00294299131169 
0.00322336823015 0.00288235351744 0.0213217298625 -0.000239534202033 0.00262426766443 0.00209785688999 -0.000516946196215 0.0011693538057 0.00181703631539 0.0026783680148 0.00257908951715 0.00317043617043 0.00213833602658 0.00243774420974 0.00157232229986 0.00298625047554 0.00268896165075 0.00230590686173 0.00179886683159 0.000473669768347 
0.00398562965418 0.000808682482327 -0.000239534202033 0.0476212628096 0.00276132746076 -0.000539053721103 0.00898049939912 0.000979341201691 0.00203169836659 0.000690617640207 0.00451074816824 0.000380307657215 0.00094708223725 0.00105265194457 0.00395692166944 0.00185832232579 0.000940741844467 0.00910748117281 0.00399267971895 -0.00116648356245 
0.00336978337376 0.00349247644707 0.00262426766443 0.00276132746076 0.0330072954732 0.000972814395278 0.00217881816764 0.00161159101441 0.00174087860177 0.00195936824317 0.00235876282145 0.00190419254636 0.00195891154454 0.00389561265285 0.00255522781396 0.000948412564948 0.0014786761359 0.00158215037689 0.00404875158785 -0.000552182935374 
0.000612039063657 0.00722707816727 0.00209785688999 -0.000539053721103 0.000972814395278 0.0338249019184 0.00219163238893 0.00242340998508 0.00263157246528 0.00305794394609 0.00114660157112 0.00931307026498 0.00025351493101 -0.00100144924195 0.00107109506137 0.00319558107254 0.00442025054701 0.00160973765556 0.000887096743451 0.00149224383078 
0.00279967738063 0.00580913445727 -0.000516946196215 0.00898049939912 0.00217881816764 0.00219163238893 0.050862057424 0.00218824053047 0.00181776033448 0.000653434343741 0.0192433946047 0.000532110281026 -0.0010839142923 0.00223064714367 0.000500655372936 0.00301781974535 0.000920951635704 0.00167406278342 0.000896904250383 -0.000101990895169 
0.00384023624865 0.00261839558554 0.0011693538057 0.000979341201691 0.00161159101441 0.00242340998508 0.00218824053047 0.0164205449067 0.00113701364441 0.00197574378229 0.00137633535436 0.0014281798253 0.00106477819 0.00117871451222 0.00123658719983 0.00290906750481 0.000944137814435 0.00223291011754 0.00240446936687 0.00166064339095 
0.00714726641951 0.000992867850503 0.00181703631539 0.00203169836659 0.00174087860177 0.00263157246528 0.00181776033448 0.00113701364441 0.053107883768 -0.0004722820492 -0.00046188726417 0.00101960950469 0.000214684690933 0.00314989704185 0.000746155826946 0.00300964595639 0.000511773004119 -0.00185255201452 0.00126668908847 0.000213082767769 
0.001723441944 0.000377554279436 0.0026783680148 0.000690617640207 0.00195936824317 0.00305794394609 0.000653434343741 0.00197574378229 -0.0004722820492 0.0159613035108 0.00108742433242 0.00250418543589 0.00307814260779 0.000143329153116 0.00253477759987 0.00362260559198 0.00200671743137 0.000971290077446 0.0022623400823 0.000911398739177 
0.00333974238532 0.00432113908373 0.00257908951715 0.00451074816824 0.00235876282145 0.00114660157112 0.0192433946047 0.00137633535436 -0.00046188726417 0.00108742433242 0.0417561011625 -0.000960072561005 0.000361764834021 0.000478623574667 -0.00109257717493 0.00550499871774 -0.000145495585738 -0.000812881991872 0.00130248469186 8.73047102311e-05 
0.00155031219023 0.00301754013096 0.00317043617043 0.000380307657215 0.00190419254636 0.00931307026498 0.000532110281026 0.0014281798253 0.00101960950469 0.00250418543589 -0.000960072561005 0.0221501822946 0.000903620305753 0.000442018249948 0.00167164820444 0.00151930438654 0.00243150123684 0.00169281728302 0.00201406449459 0.00326027644759 
0.00244087490752 0.00107671627957 0.00213833602658 0.00094708223725 0.00195891154454 0.00025351493101 -0.0010839142923 0.00106477819 0.000214684690933 0.00307814260779 0.000361764834021 0.000903620305753 0.0258780690049 0.00127852335376 0.00381255861672 0.000904848688791 0.00257055020422 0.00257682361163 0.00226088337032 0.00112352790997 
0.00389783030268 0.0018026360707 0.00243774420974 0.00105265194457 0.00389561265285 -0.00100144924195 0.00223064714367 0.00117871451222 0.00314989704185 0.000143329153116 0.000478623574667 0.000442018249948 0.00127852335376 0.0221080190815 0.00229829087793 0.00288844396822 0.0022439865162 0.00144402466486 0.000862545648897 0.00147669773522 
0.00341622713735 0.00301871680073 0.00157232229986 0.00395692166944 0.00255522781396 0.00107109506137 0.000500655372936 0.00123658719983 0.000746155826945 0.00253477759987 -0.00109257717493 0.00167164820444 0.00381255861672 0.00229829087793 0.0388100567397 0.00466227030775 0.00253852067432 0.00259658338269 0.00186329061457 0.00282969001311 
0.00294344766093 0.00349323745044 0.00298625047554 0.00185832232579 0.000948412564948 0.00319558107254 0.00301781974535 0.00290906750481 0.00300964595639 0.00362260559198 0.00550499871774 0.00151930438654 0.000904848688791 0.00288844396822 0.00466227030775 0.0242121387946 0.00161271779732 0.0022643034934 0.00238651922103 0.000936780224521 
0.00281243196281 0.00327473238841 0.00268896165075 0.000940741844467 0.0014786761359 0.00442025054701 0.000920951635704 0.000944137814435 0.000511773004119 0.00200671743137 -0.000145495585738 0.00243150123684 0.00257055020422 0.0022439865162 0.00253852067432 0.00161271779732 0.0180241096016 0.00373406269093 0.00321589370802 0.00280484195806 
0.00270734797533 0.00323051364138 0.00230590686173 0.00910748117281 0.00158215037689 0.00160973765556 0.00167406278342 0.00223291011754 -0.00185255201452 0.000971290077446 -0.000812881991872 0.00169281728302 0.00257682361163 0.00144402466486 0.00259658338269 0.0022643034934 0.00373406269093 0.0354888700323 0.00564391185707 0.00186863529487 
0.00256378244342 0.00030169661579 0.00179886683159 0.00399267971895 0.00404875158785 0.000887096743451 0.000896904250383 0.00240446936687 0.00126668908847 0.0022623400823 0.00130248469186 0.00201406449459 0.00226088337032 0.000862545648897 0.00186329061457 0.00238651922103 0.00321589370802 0.00564391185707 0.0282898675332 0.00135334250145 
0.00132671510898 0.00294299131169 0.000473669768347 -0.00116648356245 -0.000552182935374 0.00149224383078 -0.000101990895169 0.00166064339095 0.000213082767769 0.000911398739177 8.73047102311e-05 0.00326027644759 0.00112352790997 0.00147669773522 0.00282969001311 0.000936780224521 0.00280484195806 0.00186863529487 0.00135334250145 0.0179803563584 

['AVP', 'NVDA', 'SPLS', 'TXU', 'AZO', 'UNP', 'EOG', 'AN', 'ADM', 'SEE', 'RIG', 'CSX', 'CB', 'NYT', 'HPC', 'PH', 'SNV', 'TSG', 'GPS', 'BLS']