20
0.0328562524986 0.0482129600444 0.0771685990004 0.037281538924 0.0649972461493 0.100886603299 0.0637259516476 0.201678989994 0.0607700526619 0.112278324126 0.0797862135264 0.151795006465 0.0773544805674 0.170228010564 0.0697795953642 0.0147816990943 0.0358059899839 0.0905877796438 0.0402434153999 0.085684238521 
0.325110100951 0.00951629594147 0.022287625143 0.0427895241818 0.0191877573324 -0.00172666284574 0.0225780010421 0.00792187080431 0.0280479411826 0.0285334343432 0.026378475146 0.0500181699894 -0.00891381155009 0.0703323228751 0.0273833201419 0.0207117135252 0.0131726265051 0.0436675664309 0.00998537272626 -0.00610712419684 
0.00951629594147 0.28755029149 0.0330846169622 0.0328377821413 -0.00622098319769 -0.00704657682361 0.0149205750802 0.0200360143873 0.0478103851749 0.0502329865992 -0.00189010619057 0.0440211371221 0.021916663257 0.0334714295348 0.00784872913175 0.00894552848339 0.017925364341 0.018784927454 0.00700518385675 0.0148432278186 
0.022287625143 0.0330846169622 0.225676403415 0.0480431281987 0.0393014889198 0.00817297934083 0.0357398073263 0.0311886239263 0.027783882974 0.0217893157085 0.0421253706057 0.058021598925 0.0481171994116 0.0242304077715 0.0175627297087 0.0140585189855 0.0474763067183 0.0372349666156 0.00887031391053 0.0195227048211 
0.0427895241818 0.0328377821413 0.0480431281987 0.384520834424 0.0211687300825 0.0408559898007 0.0210266179986 0.0289883270318 0.0281766402451 0.0560953837089 0.00366172457534 0.00287809734678 0.0361505417116 0.0411988450601 0.0270108571338 -0.00193894895589 0.0138425458015 0.0388953779444 0.0269887307725 0.0192191959592 
0.0191877573324 -0.00622098319769 0.0393014889198 0.0211687300825 0.291357734181 0.0165285101702 0.020071806597 0.0574839236893 0.0160943690107 0.0171017153873 0.0206416670288 0.0124127967969 0.0327383716379 -0.0155504908282 0.017537063239 0.00292089799192 0.0230730625212 0.01649029262 0.0224356412754 0.0156289476872 
-0.00172666284574 -0.00704657682361 0.00817297934083 0.0408559898007 0.0165285101702 0.377280643501 -0.016362638856 0.0346341267495 -0.00643696932501 0.0131038159351 0.00266480994107 0.0144043101783 0.00864124013851 -0.00816500937742 0.0155903704379 0.0115986352874 -0.00286129132445 0.0182075387028 -0.00284826514705 0.00273280183096 
0.0225780010421 0.0149205750802 0.0357398073263 0.0210266179986 0.020071806597 -0.016362638856 0.205082154037 -0.00888178599828 0.0324454369864 0.0104184817038 0.0100341883044 0.0364475582003 0.027939316433 -0.00736774171774 0.0110255644269 0.00917659481279 0.00614098713398 0.0294974589068 0.0313892908093 0.0167483760802 
0.00792187080431 0.0200360143873 0.0311886239263 0.0289883270318 0.0574839236893 0.0346341267495 -0.00888178599828 1.24236694614 0.00447592462377 -0.0171663221214 0.0131960780535 -0.00224566711616 0.0558233460749 0.0635922093212 0.00598975499684 -0.00285501068231 0.0110282109068 -0.00232432647506 0.00849794502547 0.0557737866626 
0.0280479411826 0.0478103851749 0.027783882974 0.0281766402451 0.0160943690107 -0.00643696932501 0.0324454369864 0.00447592462377 0.283437589292 0.029682437057 0.0182311803398 0.0296601875463 0.0513736228194 0.0447835076639 0.024073712125 0.00945387005753 0.0110314607411 0.0161730595945 0.026469466884 0.0230042135815 
0.0285334343432 0.0502329865992 0.0217893157085 0.0560953837089 0.0171017153873 0.0131038159351 0.0104184817038 -0.0171663221214 0.029682437057 0.264394053028 0.0247278411513 -0.00684650702433 0.02081641016 0.0419447316561 0.025461897913 0.0456290307714 0.0174504193518 0.00130299085455 0.0205974674787 0.0280537928952 
0.026378475146 -0.00189010619057 0.0421253706057 0.00366172457534 0.0206416670288 0.00266480994107 0.0100341883044 0.0131960780535 0.0182311803398 0.0247278411513 0.251451437078 -0.00529553044694 0.0325274671351 0.0270662514017 0.0411652892181 0.0288063985348 0.0243110841977 0.0157431025215 0.0211584417988 0.0227137111599 
0.0500181699894 0.0440211371221 0.058021598925 0.00287809734678 0.0124127967969 0.0144043101783 0.0364475582003 -0.00224566711616 0.0296601875463 -0.00684650702433 -0.00529553044694 0.501285701422 0.0111686359678 0.0166109534918 0.0865756073204 0.0186405252712 0.0813198499908 0.0162891653273 -0.00472516339892 0.00867937429671 
-0.00891381155009 0.021916663257 0.0481171994116 0.0361505417116 0.0327383716379 0.00864124013851 0.027939316433 0.0558233460749 0.0513736228194 0.02081641016 0.0325274671351 0.0111686359678 0.284468249256 0.0182542014419 0.00103561590908 0.042217424317 0.00622381371131 0.0466704388989 0.0255138004477 0.102057178056 
0.0703323228751 0.0334714295348 0.0242304077715 0.0411988450601 -0.0155504908282 -0.00816500937742 -0.00736774171774 0.0635922093212 0.0447835076639 0.0419447316561 0.0270662514017 0.0166109534918 0.0182542014419 0.584852793994 -0.000414965022812 0.019348937225 0.0112019229829 0.0174870725732 -0.00759709594712 0.00193014282458 
0.0273833201419 0.00784872913175 0.0175627297087 0.0270108571338 0.017537063239 0.0155903704379 0.0110255644269 0.00598975499684 0.024073712125 0.025461897913 0.0411652892181 0.0865756073204 0.00103561590908 -0.000414965022812 0.479144343733 0.00587566440156 0.0689625526351 0.0141064007856 0.0204685128418 0.0233135531419 
0.0207117135252 0.00894552848339 0.0140585189855 -0.00193894895589 0.00292089799192 0.0115986352874 0.00917659481279 -0.00285501068231 0.00945387005753 0.0456290307714 0.0288063985348 0.0186405252712 0.042217424317 0.019348937225 0.00587566440156 0.228395799006 0.019505686535 0.0268468810092 0.0205814655224 0.0103722871789 
0.0131726265051 0.017925364341 0.0474763067183 0.0138425458015 0.0230730625212 -0.00286129132445 0.00614098713398 0.0110282109068 0.0110314607411 0.0174504193518 0.0243110841977 0.0813198499908 0.00622381371131 0.0112019229829 0.0689625526351 0.019505686535 0.21860690251 0.0220505580559 0.0112362662185 0.0122245723527 
0.0436675664309 0.018784927454 0.0372349666156 0.0388953779444 0.01649029262 0.0182075387028 0.0294974589068 -0.00232432647506 0.0161730595945 0.00130299085455 0.0157431025215 0.0162891653273 0.0466704388989 0.0174870725732 0.0141064007856 0.0268468810092 0.0220505580559 0.451115978599 0.0177315271904 0.0532693782246 
0.00998537272626 0.00700518385675 0.00887031391053 0.0269887307725 0.0224356412754 -0.00284826514705 0.0313892908093 0.00849794502547 0.026469466884 0.0205974674787 0.0211584417988 -0.00472516339892 0.0255138004477 -0.00759709594712 0.0204685128418 0.0205814655224 0.0112362662185 0.0177315271904 0.145241700222 0.0103234495276 
-0.00610712419684 0.0148432278186 0.0195227048211 0.0192191959592 0.0156289476872 0.00273280183096 0.0167483760802 0.0557737866626 0.0230042135815 0.0280537928952 0.0227137111599 0.00867937429671 0.102057178056 0.00193014282458 0.0233135531419 0.0103722871789 0.0122245723527 0.0532693782246 0.0103234495276 0.463960708941 
0.028155360645 0.000824135403524 0.00193016495639 0.00370568149573 0.00166170852915 -0.000149533388818 0.00195531224691 0.000686054136203 0.0024290229588 0.00247106789984 0.00228444295895 0.00433170058617 -0.000771958724693 0.0060909578317 0.00237146508829 0.00179368700687 0.0011407829188 0.00378172218506 0.000864758644719 -0.000528892469853 
0.000824135403524 0.0249025857296 0.00286521187637 0.00284383535383 -0.000538752948572 -0.000610251453896 0.00129215970585 0.001735169745 0.00414050081262 0.00435030425029 -0.000163687997688 0.00381234230512 0.00189803871467 0.00289871082781 0.000679719881552 0.000774705491689 0.00155238208914 0.00162682243834 0.000606666717813 0.0012854612365 
0.00193016495639 0.00286521187637 0.0195441498392 0.00416065694973 0.00340360878111 0.000707800773377 0.0030951581071 0.00270101406293 0.00240615484713 0.00188701009346 0.00364816410884 0.00502481786372 0.00416707170494 0.00209841486742 0.00152097700875 0.0012175034581 0.00411156876959 0.00322464269982 0.000768191718606 0.00169071583257 
0.00370568149573 0.00284383535383 0.00416065694973 0.0333004810895 0.00183326580173 0.00353823250642 0.00182095853424 0.00251046276228 0.00244016862455 0.00485800273269 0.000317114650391 0.000249250541687 0.00313072874828 0.00356792464287 0.00233920884559 -0.000167917905244 0.00119879963171 0.00336843853896 0.00233729264649 0.00166443119409 
0.00166170852915 -0.000538752948572 0.00340360878111 0.00183326580173 0.025232319939 0.00143141096941 0.00173826944129 0.00497825382241 0.00139381324212 0.00148105199737 0.00178762080234 0.00107497973581 0.00283522615169 -0.00134671200985 0.00151875422727 0.000252957186286 0.00199818582864 0.00142810123248 0.00194298352947 0.00135350657316 
-0.000149533388818 -0.000610251453896 0.000707800773377 0.00353823250642 0.00143141096941 0.0326734621628 -0.00141704609222 0.0029994033603 -0.000557457895884 0.00113482374863 0.000230779310522 0.00124744985384 0.000748353348015 -0.000707110554298 0.00135016568536 0.00100447128082 -0.00024779509746 0.0015768191057 -0.000246666997406 0.000236667580912 
0.00195531224691 0.00129215970585 0.0030951581071 0.00182095853424 0.00173826944129 -0.00141704609222 0.0177606355259 -0.000769185230549 0.00280985726671 0.000902266982434 0.000868986197794 0.00315645113074 0.00241961577954 -0.000638065149608 0.000954841888472 0.000794716422812 0.000531825086234 0.00255455487604 0.00271839232476 0.00145045191576 
0.000686054136203 0.001735169745 0.00270101406293 0.00251046276228 0.00497825382241 0.0029994033603 -0.000769185230549 0.107592133618 0.000387626442961 -0.00148664710467 0.00114281388247 -0.000194480477104 0.00483444358251 0.00550724687549 0.000518727998971 -0.000247251177895 0.000955071080357 -0.000201292577409 0.000735943627202 0.0048301516115 
0.0024290229588 0.00414050081262 0.00240615484713 0.00244016862455 0.00139381324212 -0.000557457895884 0.00280985726671 0.000387626442961 0.0245464152714 0.00257057445376 0.00157886653152 0.00256864758961 0.0044490862446 0.00387836553075 0.00208484462636 0.00081872916339 0.000955352524264 0.00140062804658 0.00229232307462 0.00199222333556 
0.00247106789984 0.00435030425028 0.00188701009346 0.00485800273269 0.00148105199737 0.00113482374863 0.000902266982434 -0.00148664710467 0.00257057445376 0.0228971966532 0.00214149386177 -0.000592924901026 0.00180275400141 0.00363252031691 0.00220506504212 0.00395158997981 0.00151125064654 0.000112842318094 0.00178379300902 0.00242952973197 
0.00228444295895 -0.000163687997688 0.00364816410884 0.000317114650391 0.00178762080234 0.000230779310522 0.000868986197794 0.00114281388247 0.00157886653152 0.00214149386177 0.0217763332328 -0.000458606389356 0.00281696128597 0.00234400612991 0.0035650186217 0.00249470729227 0.00210540165087 0.0013633926718 0.00183237481023 0.00196706508787 
0.00433170058617 0.00381234230512 0.00502481786372 0.000249250541688 0.00107497973581 0.00124744985384 0.00315645113074 -0.000194480477104 0.00256864758961 -0.000592924901026 -0.000458606389356 0.0434126151985 0.000967232247371 0.0014385507705 0.00749766752876 0.00161431684247 0.0070425055924 0.00141068309799 -0.00040921115405 0.00075165586299 
-0.000771958724693 0.00189803871467 0.00416707170494 0.00313072874828 0.00283522615169 0.000748353348015 0.00241961577954 0.00483444358251 0.0044490862446 0.00180275400141 0.00281696128597 0.000967232247371 0.0246356730426 0.00158086021745 8.96869685828e-05 0.00365613619408 0.000538998078242 0.00404177856922 0.00220955993348 0.0088384108835 
0.0060909578317 0.00289871082781 0.00209841486742 0.00356792464287 -0.00134671200985 -0.000707110554298 -0.000638065149608 0.00550724687549 0.00387836553075 0.00363252031691 0.00234400612991 0.0014385507705 0.00158086021745 0.0506497377073 -3.59370251437e-05 0.0016756671173 0.000970114987446 0.00151442490862 -0.000657927808519 0.000167155271902 
0.00237146508829 0.000679719881552 0.00152097700875 0.00233920884559 0.00151875422727 0.00135016568536 0.000954841888472 0.000518727998971 0.00208484462636 0.00220506504212 0.0035650186217 0.00749766752876 8.96869685828e-05 -3.59370251438e-05 0.0414951173753 0.000508847463587 0.00597233224918 0.00122165014363 0.00177262520987 0.00201901292733 
0.00179368700687 0.000774705491689 0.0012175034581 -0.000167917905244 0.000252957186286 0.00100447128082 0.000794716422812 -0.000247251177895 0.00081872916339 0.00395158997981 0.00249470729227 0.00161431684247 0.00365613619408 0.0016756671173 0.000508847463587 0.0197796564057 0.00168924200576 0.00232500809664 0.00178240719895 0.000898266419227 
0.0011407829188 0.00155238208914 0.00411156876959 0.00119879963171 0.00199818582864 -0.00024779509746 0.000531825086234 0.000955071080357 0.000955352524264 0.00151125064654 0.00210540165087 0.0070425055924 0.000538998078241 0.000970114987446 0.00597233224918 0.00168924200576 0.0189319131016 0.00190963434441 0.00097308919889 0.00105867902078 
0.00378172218506 0.00162682243834 0.00322464269982 0.00336843853896 0.00142810123248 0.0015768191057 0.00255455487604 -0.000201292577409 0.00140062804658 0.000112842318094 0.0013633926718 0.00141068309799 0.00404177856922 0.00151442490862 0.00122165014363 0.00232500809664 0.00190963434441 0.039067789752 0.00153559529948 0.00461326347863 
0.000864758644719 0.000606666717813 0.000768191718606 0.00233729264649 0.00194298352947 -0.000246666997406 0.00271839232476 0.000735943627202 0.00229232307462 0.00178379300902 0.00183237481023 -0.00040921115405 0.00220955993348 -0.000657927808519 0.00177262520987 0.00178240719895 0.00097308919889 0.00153559529948 0.0125783002082 0.000894036954557 
-0.000528892469853 0.0012854612365 0.00169071583257 0.00166443119409 0.00135350657316 0.000236667580912 0.00145045191576 0.0048301516115 0.00199222333556 0.00242952973197 0.00196706508787 0.00075165586299 0.0088384108835 0.000167155271902 0.00201901292733 0.000898266419227 0.00105867902078 0.00461326347863 0.000894036954557 0.0401801760301 

['HPQ', 'BMS', 'AIV', 'QLGC', 'SHW', 'FRX', 'BAX', 'MNST', 'ROK', 'CSX', 'COF', 'MRO', 'MAR', 'GLW', 'CEG', 'SAFC', 'SRE', 'ADSK', 'HNZ', 'HLT']