20
0.0791171504464 0.0590120409917 0.0129348444485 -0.00662659235152 0.0358059899839 0.0463620133958 0.101218808556 0.0609589558998 0.0697795953642 0.168192385625 0.0422457423554 0.00839736130492 0.036872425502 -0.00648668223639 0.171628318037 0.0262084488718 0.0824662750087 0.332832739506 0.0205855922537 -0.00953493093171 
0.391899025907 0.0156919480726 -0.00438330791821 0.000239263330165 0.0262606709568 0.0292864453164 0.0376555512428 0.0393374458159 0.0017291736864 0.0283668153988 0.0139652120287 0.0378643811064 -0.00395436128516 0.0246526693856 0.00839603852768 0.0348840575337 0.0112569451888 0.0373587865713 0.0317988723691 0.00933614671322 
0.0156919480726 0.29191706346 0.00485692868177 0.0218238459777 0.0216545592241 -0.0170922566477 0.0169574509164 0.0282131687175 0.0146782384694 0.0126730004585 0.00158984960349 0.0167601844313 0.0329255998196 0.0216666015665 0.0343375295044 0.0166202412389 0.0311559252705 0.000415302267647 0.00839844075929 0.00264050928905 
-0.00438330791821 0.00485692868177 0.174540843688 0.0206786892392 -0.000945446920104 0.0160809471192 0.021752645804 0.0290299340276 0.0162468192571 -0.0016348645042 0.0110439733162 0.0420738068602 0.0163704538312 -0.000705753813074 0.024574021227 0.0242820039617 0.00311531483624 0.00275930754254 0.0193315942642 0.0240519352873 
0.000239263330165 0.0218238459777 0.0206786892392 0.173503127295 0.0384756284425 0.0263051373929 0.0221665547972 0.024779582758 0.0643342814537 0.0122126072507 0.000986107581707 0.0258242506846 0.0229429770417 0.00464402052544 0.0303398703525 0.0259429797626 0.050701220871 0.0105524862339 0.00399028967726 0.00638181768018 
0.0262606709568 0.0216545592241 -0.000945446920105 0.0384756284425 0.22156522309 0.00878966726368 0.0298272859243 0.0342416816301 0.0753035251462 -0.00119573138522 0.0145377429285 0.0280266616704 0.0192025636239 0.0103861717142 0.0199009315522 0.00797232988966 0.0598582815029 0.00787361988945 0.00117434296339 0.000221579067783 
0.0292864453164 -0.0170922566477 0.0160809471192 0.0263051373929 0.00878966726368 0.40869286955 0.0301147972868 -0.00499680714538 0.0179966471729 0.02209035005 0.022735116465 0.00596346933405 -0.00780745059553 0.00858706565217 0.00728603510897 0.00598708151632 0.000742508895962 0.00882346002302 0.016364485641 0.0139841280189 
0.0376555512428 0.0169574509164 0.021752645804 0.0221665547972 0.0298272859243 0.0301147972868 0.335114461439 0.102415562534 0.0123117423429 -0.0185317993572 0.0073215921234 0.0221567440187 0.0416496134063 0.0342907753343 0.013050816836 0.055988782148 -0.0110002288793 0.0369386363632 0.0278544847949 0.0239389560275 
0.0393374458159 0.0282131687175 0.0290299340276 0.024779582758 0.0342416816301 -0.00499680714538 0.102415562534 0.440561103022 -0.0210445338101 0.00783338625805 0.0247449907098 0.0255898558247 0.0148103541466 0.0317043882279 0.0134484963371 0.0474360595422 0.019848357262 0.0149329856882 0.00867233801638 0.0309436647223 
0.0017291736864 0.0146782384694 0.0162468192571 0.0643342814537 0.0753035251462 0.0179966471729 0.0123117423429 -0.0210445338101 0.4802978926 0.0246872861388 0.036240976602 0.0217217267263 0.00130508331198 0.0111410437707 4.38361110201e-05 -0.00122239189084 0.0505301960409 0.03085850883 0.0241311376892 0.00121446588376 
0.0283668153988 0.0126730004585 -0.0016348645042 0.0122126072507 -0.00119573138522 0.02209035005 -0.0185317993572 0.00783338625805 0.0246872861388 0.715228599478 0.0359192462917 -0.000629873092379 0.00190471516272 -0.0132302693612 0.0209490206552 -0.00838898710593 -0.0137718259486 0.0520288767296 0.0475392647556 0.0159409453422 
0.0139652120287 0.00158984960349 0.0110439733162 0.000986107581707 0.0145377429285 0.022735116465 0.0073215921234 0.0247449907098 0.036240976602 0.0359192462917 0.197373825881 0.0482610489338 0.0231276939782 0.0164412723511 0.0226056433185 0.0181863375242 0.0124235366923 0.00761145046403 0.00366485763198 -0.015204249407 
0.0378643811064 0.0167601844313 0.0420738068602 0.0258242506846 0.0280266616704 0.00596346933405 0.0221567440187 0.0255898558247 0.0217217267263 -0.000629873092379 0.0482610489338 0.1511407654 0.0165767142463 0.0157471088682 0.0305103280363 0.0468062228942 0.00316658608703 0.00460156268925 0.0156582475101 0.02607739657 
-0.00395436128516 0.0329255998196 0.0163704538312 0.0229429770417 0.0192025636239 -0.00780745059553 0.0416496134063 0.0148103541466 0.00130508331198 0.00190471516272 0.0231276939782 0.0165767142463 0.18619751035 0.0224290564139 0.0273102053314 0.0386841901844 0.0100734353356 0.0124741056374 -0.00361345907609 0.0114570716681 
0.0246526693856 0.0216666015665 -0.000705753813074 0.00464402052544 0.0103861717142 0.00858706565217 0.0342907753343 0.0317043882279 0.0111410437707 -0.0132302693612 0.0164412723511 0.0157471088682 0.0224290564139 0.270822329437 0.0108040368218 0.0309024501686 0.0323492698834 0.0103338280534 0.00529696465824 0.00215347357046 
0.00839603852768 0.0343375295044 0.024574021227 0.0303398703525 0.0199009315522 0.00728603510897 0.013050816836 0.0134484963371 4.38361110201e-05 0.0209490206552 0.0226056433185 0.0305103280363 0.0273102053314 0.0108040368218 0.281508543537 0.0700953172671 0.055037958235 0.00563380599848 -0.000417724067188 0.0240287904168 
0.0348840575337 0.0166202412389 0.0242820039617 0.0259429797626 0.00797232988966 0.00598708151632 0.055988782148 0.0474360595422 -0.00122239189084 -0.00838898710593 0.0181863375242 0.0468062228942 0.0386841901844 0.0309024501686 0.0700953172671 0.321824373014 0.0420781379543 0.0431311346855 0.0168689596012 0.042124938771 
0.0112569451888 0.0311559252705 0.00311531483624 0.050701220871 0.0598582815029 0.000742508895962 -0.0110002288793 0.019848357262 0.0505301960409 -0.0137718259486 0.0124235366923 0.00316658608703 0.0100734353356 0.0323492698834 0.055037958235 0.0420781379543 0.462203517954 -0.0137632747045 -0.0028493902604 -0.0218733696315 
0.0373587865713 0.000415302267647 0.00275930754254 0.0105524862339 0.00787361988945 0.00882346002302 0.0369386363632 0.0149329856882 0.03085850883 0.0520288767296 0.00761145046403 0.00460156268925 0.0124741056374 0.0103338280534 0.00563380599848 0.0431311346855 -0.0137632747045 0.533551987112 -0.00190869032772 0.0214103387998 
0.0317988723691 0.00839844075929 0.0193315942642 0.00399028967726 0.00117434296339 0.016364485641 0.0278544847949 0.00867233801638 0.0241311376892 0.0475392647556 0.00366485763198 0.0156582475101 -0.00361345907609 0.00529696465824 -0.000417724067188 0.0168689596012 -0.0028493902604 -0.00190869032772 0.167277138012 0.00899982129581 
0.00933614671322 0.00264050928905 0.0240519352873 0.00638181768018 0.000221579067783 0.0139841280189 0.0239389560275 0.0309436647223 0.00121446588376 0.0159409453422 -0.015204249407 0.02607739657 0.0114570716681 0.00215347357046 0.0240287904168 0.042124938771 -0.0218733696315 0.0214103387998 0.00899982129581 0.231648984538 
0.0339394512154 0.00135896256657 -0.000379605600978 2.07208122117e-05 0.0022742408169 0.00253628056305 0.00326106639697 0.00340672273966 0.000149750833998 0.00245663827598 0.00120942283861 0.00327915159367 -0.000342457732869 0.0021349837959 0.000727118265613 0.00302104800113 0.000974880050248 0.00323536582253 0.00275386312834 0.000808534022711 
0.00135896256657 0.0252807592754 0.000420622362278 0.0018900005025 0.00187533983958 -0.00148023284649 0.0014685583277 0.00244333208306 0.00127117273973 0.00109751403392 0.000137685014482 0.00145147454896 0.00285144058786 0.00187638273702 0.0029737172854 0.00143935511299 0.00269818227627 3.59662314032e-05 0.000727326304972 0.000228674812324 
-0.000379605600978 0.000420622362278 0.0151156804632 0.00179082701981 -8.1878105074e-05 0.00139265087221 0.00188383438658 0.00251406603381 0.00140701582074 -0.000141583419238 0.000956436145057 0.00364369855749 0.00141772288893 -6.1120073094e-05 0.00212817266557 0.00210288322857 0.000269794178897 0.00023896304287 0.00167416517284 0.0020829586969 
2.07208122117e-05 0.0018900005025 0.00179082701981 0.0150258115873 0.00333208716578 0.00227809172323 0.00191967995687 0.00214597481636 0.00557151220731 0.00105764281256 8.53994216623e-05 0.00223644571266 0.00198692009566 0.000402183975073 0.00262750984728 0.00224672795243 0.00439085452772 0.000913872115166 0.000345569222896 0.000552681623336 
0.0022742408169 0.00187533983958 -8.1878105074e-05 0.00333208716578 0.0191881111792 0.000761207514116 0.00258311873364 0.002965416616 0.00652147657712 -0.000103553375571 0.00125900546897 0.00242718009898 0.00166299079161 0.000899468855261 0.00172347122832 0.000690424021179 0.00518387924084 0.000681875484401 0.000101701083905 1.91893101647e-05 
0.00253628056305 -0.00148023284649 0.00139265087221 0.00227809172323 0.000761207514116 0.0353938407375 0.00260801794802 -0.000432736192571 0.00155855536347 0.00191308043218 0.00196891884167 0.000516451593798 -0.000676145055452 0.000743661699874 0.000630989149723 0.000518496468766 6.43031566439e-05 0.000764134052921 0.0014172060285 0.00121106101141 
0.00326106639697 0.0014685583277 0.00188383438658 0.00191967995687 0.00258311873364 0.00260801794802 0.0290217636782 0.00886944788975 0.00106622816338 -0.00160490090211 0.000634068477501 0.00191883031853 0.00360696232676 0.0029696682555 0.00113023389201 0.00484877076671 -0.000952647765695 0.00319897974717 0.00241226914417 0.00207317440599 
0.00340672273966 0.00244333208306 0.00251406603381 0.00214597481636 0.002965416616 -0.000432736192571 0.00886944788975 0.0381537107137 -0.00182251008904 0.000678391149713 0.00214297905711 0.00221614652233 0.001282614293 0.00274568056168 0.00116467394706 0.00410808326189 0.00171891816123 0.00129323449603 0.000751046503239 0.00267979997357 
0.000149750833998 0.00127117273973 0.00140701582074 0.00557151220731 0.00652147657712 0.00155855536347 0.00106622816338 -0.00182251008904 0.0415950176376 0.00213798169467 0.00313856063953 0.0018811567159 0.000113023530223 0.000964842693009 3.79631857465e-06 -0.000105862243085 0.00437604334296 0.00267242525697 0.00208981782611 0.000105175830737 
0.00245663827598 0.00109751403392 -0.000141583419238 0.00105764281256 -0.000103553375571 0.00191308043218 -0.00160490090211 0.000678391149713 0.00213798169467 0.0619406136661 0.00311069797734 -5.4548609916e-05 0.000164953171789 -0.00114577493657 0.00181423840718 -0.000726507594575 -0.0011926751128 0.00450583289782 0.00411702109556 0.00138052636267 
0.00120942283861 0.000137685014482 0.000956436145057 8.53994216623e-05 0.00125900546897 0.00196891884167 0.000634068477501 0.00214297905711 0.00313856063953 0.00311069797734 0.0170930747255 0.004179529439 0.00200291705161 0.00142385595266 0.00195770613828 0.00157498302977 0.00107590983804 0.00065917094615 0.000317385981055 -0.00131672662319 
0.00327915159367 0.00145147454896 0.00364369855749 0.00223644571266 0.00242718009898 0.000516451593798 0.00191883031853 0.00221614652233 0.0018811567159 -5.4548609916e-05 0.004179529439 0.0130891742384 0.00143558556486 0.00136373963161 0.00264227191572 0.00405353780816 0.000274234399464 0.0003985070186 0.00135604401225 0.00225836878942 
-0.000342457732869 0.00285144058786 0.00141772288893 0.00198692009566 0.00166299079161 -0.000676145055452 0.00360696232676 0.001282614293 0.000113023530223 0.000164953171789 0.00200291705161 0.00143558556486 0.0161251774084 0.00194241326374 0.00236513315996 0.00335014914245 0.000872385090402 0.00108028923715 -0.000312934735543 0.000992211511756 
0.0021349837959 0.00187638273702 -6.1120073094e-05 0.000402183975073 0.000899468855261 0.000743661699874 0.0029696682555 0.00274568056168 0.000964842693009 -0.00114577493657 0.00142385595266 0.00136373963161 0.00194241326374 0.0234539017205 0.000935657035109 0.00267623068852 0.00280152895129 0.000894935761261 0.000458730595699 0.00018649628184 
0.000727118265613 0.0029737172854 0.00212817266557 0.00262750984728 0.00172347122832 0.000630989149723 0.00113023389201 0.00116467394706 3.79631857465e-06 0.00181423840718 0.00195770613828 0.00264227191572 0.00236513315996 0.000935657035109 0.0243793550086 0.00607043254396 0.0047664270004 0.000487901911468 -3.61759653957e-05 0.00208095429232 
0.00302104800113 0.00143935511299 0.00210288322857 0.00224672795243 0.000690424021179 0.000518496468766 0.00484877076671 0.00410808326189 -0.000105862243085 -0.000726507594575 0.00157498302977 0.00405353780816 0.00335014914245 0.00267623068852 0.00607043254396 0.0278708082587 0.00364407364124 0.00373526583317 0.00146089475501 0.00364812671086 
0.000974880050248 0.00269818227627 0.000269794178897 0.00439085452772 0.00518387924084 6.43031566439e-05 -0.000952647765695 0.00171891816123 0.00437604334296 -0.0011926751128 0.00107590983804 0.000274234399464 0.000872385090402 0.00280152895129 0.0047664270004 0.00364407364124 0.0400279988267 -0.00119193455334 -0.00024676443508 -0.00189428937672 
0.00323536582253 3.59662314032e-05 0.00023896304287 0.000913872115166 0.000681875484401 0.000764134052921 0.00319897974717 0.00129323449603 0.00267242525697 0.00450583289782 0.00065917094615 0.0003985070186 0.00108028923715 0.000894935761261 0.000487901911468 0.00373526583317 -0.00119193455334 0.0462069575079 -0.000165297431176 0.00185418973043 
0.00275386312834 0.000727326304972 0.00167416517284 0.000345569222896 0.000101701083905 0.0014172060285 0.00241226914417 0.000751046503239 0.00208981782611 0.00411702109556 0.000317385981055 0.00135604401225 -0.000312934735543 0.000458730595699 -3.61759653957e-05 0.00146089475501 -0.00024676443508 -0.000165297431176 0.014486625099 0.00077940738717 
0.000808534022711 0.000228674812324 0.0020829586969 0.000552681623336 1.91893101647e-05 0.00121106101141 0.00207317440599 0.00267979997357 0.000105175830737 0.00138052636267 -0.00131672662319 0.00225836878942 0.000992211511756 0.00018649628184 0.00208095429232 0.00364812671086 -0.00189428937672 0.00185418973043 0.00077940738717 0.0200613905371 

['CPWR', 'MO', 'GE', 'DUK', 'SRE', 'HMA', 'HET', 'NAV', 'CEG', 'JNS', 'ECL', 'GPC', 'NOC', 'TIN', 'BLL', 'BDK', 'DVN', 'EK', 'WWY', 'TRB']