30
0.0279461936292 -0.00139328324831 0.0677272644226 0.099400173405 0.0176197090425 -0.00277796207049 0.0373342989671 0.00633581846688 0.275152850517 0.0415097954764 0.0262084488718 0.00154943769328 0.28152338764 0.0578888041786 0.0521298167044 0.0766259396051 0.0729597235382 0.0946915784272 0.0436793340255 0.0431815223905 0.022553065058 0.168192385625 0.0723841835345 0.330982708656 0.0539269159384 0.122670110856 0.0336878097659 0.115739319126 0.185813705736 0.0952470994091 
0.192888955356 -0.00773747815662 -0.00272716577256 0.0225092314989 0.000848341709292 -0.00349495043636 0.000264971818129 0.0112859643725 0.025072580195 0.0051725100216 0.00227119765992 0.0177471846336 0.00504047402979 0.00899221482372 0.00596690167864 0.0229053191662 0.0223213298564 0.00308401541788 -0.00130258009248 -0.000738203647987 0.001103541687 0.0108916307111 0.00748999521736 -0.00754431555907 0.0162739750704 0.0169491874927 0.00745368220049 0.0030312130884 0.0182871290926 0.0101830666965 
-0.00773747815662 0.364137778477 -0.00520255157653 0.0389245884605 0.0211224283537 0.0287096601721 -0.000989158708015 0.0370141138177 -0.0345432516765 -0.00560743318403 0.0100407274567 0.00186509341207 -0.0103707764322 -0.00424519732733 0.00363718198598 0.0341447966085 0.0251128571742 0.00855628963367 0.00555382838804 0.00917947462411 0.0237654900337 -0.00919119163033 0.019735178466 0.0109844905678 0.0109345405339 -0.00895050832427 0.0259787139103 -0.000964049387642 0.0463550455961 0.0224417721167 
-0.00272716577256 -0.00520255157653 0.305597404481 0.00605347364368 -0.0115063841898 0.00392182813133 -0.00943654588791 0.0114470538669 -0.000384055315785 -0.0132057350023 0.0250298246883 0.013148318743 -0.00718220306714 -0.00660540737124 0.0257853986159 0.0212495835187 -0.00534800417805 -0.00115847514155 0.00122169297845 0.0127115885781 0.0526961680397 -0.00278486569645 0.00438927942221 0.0169993772845 0.0243680470751 -0.00713777568766 0.0334543559547 0.0297798141476 0.00766430508148 0.0333962400002 
0.0225092314989 0.0389245884605 0.00605347364368 0.345874464064 0.0120413661892 0.0118682890302 -0.0111885760914 0.05077138154 -0.025336216373 0.0128850451159 0.0383363829766 0.0205193632743 -0.0328595918753 0.0320399870116 0.0255136092091 0.0392992871698 0.059585607501 0.040037879281 0.0329988690378 0.0158360081119 0.024807838574 0.015407405064 0.00193885380573 0.0301837625985 0.0222223687871 0.0263372500194 0.0693445835871 0.0429003044713 0.0507379576224 0.059576830462 
0.000848341709292 0.0211224283537 -0.0115063841898 0.0120413661892 0.18806436578 0.00119087544311 0.0171686221647 0.0133062744078 -0.0200084282813 0.00955485103725 0.0142680941855 -0.0012693005155 -0.0378382861265 0.0204792370963 0.0117457251369 0.0116231156995 0.00342046973582 0.00364301640949 0.0285307469449 0.00352341787686 0.00429144600691 0.00756834024963 0.0268537969087 -0.0119435341111 0.0273595404511 0.00616529176581 0.0133114271682 0.0257740998957 0.0269228357272 0.0119209852566 
-0.00349495043636 0.0287096601721 0.00392182813133 0.0118682890302 0.00119087544311 0.268153881993 0.00556811535703 0.00806623426775 -0.00377510989151 0.0102442266558 0.0153939502042 0.00986861922462 -0.00966216496023 -0.00198876962515 0.0023258694476 0.00719449581374 0.00501752899509 0.0460765243921 0.0161281350498 0.00699527713793 -0.00467577075839 -0.0059994041447 0.00684033721683 0.0234392358719 0.0187525400345 0.016286782589 0.0128205163192 0.0351008439846 0.00965682942411 0.0212002689058 
0.000264971818128 -0.000989158708015 -0.00943654588791 -0.0111885760914 0.0171686221647 0.00556811535702 0.265686097849 0.00154920304707 -0.0100063239408 0.0379293808411 0.0286819940236 0.00409717877248 0.0022955774862 0.0495323575029 0.0123366080841 0.00772776181074 0.015308880169 0.0147439115034 0.059102118445 0.0142351266167 -0.00737643673514 0.00390572161979 0.0332190436433 0.0160410843044 0.0271003928546 -0.0091672471572 0.0233418075932 0.0535913375489 0.0391875612438 0.026142644699 
0.0112859643725 0.0370141138177 0.0114470538669 0.05077138154 0.0133062744078 0.00806623426775 0.00154920304708 0.180002903081 -0.00738202203337 -0.0105914454491 0.029687061383 0.00513645709972 -0.0642936616406 -0.0116347807565 0.0153417738659 0.0392219239711 -0.01661309211 0.0111155272836 2.3773380903e-05 0.0141508809053 0.0287474266426 0.0404161440167 0.00770419056312 0.0061342463483 -0.00186560206734 0.0165844874925 0.0352106960141 0.0262480928496 0.0600484806892 0.0100945785136 
0.025072580195 -0.0345432516765 -0.000384055315785 -0.025336216373 -0.0200084282813 -0.00377510989151 -0.0100063239408 -0.00738202203337 2.71446181992 0.116020589499 -0.0193741490778 -0.0260332126407 -0.0307629408589 0.0661949864766 -0.00167656513727 -0.00471826541403 0.0380014929606 -0.000886267821972 -0.00733092411195 -0.0117667856211 -0.0203091741164 -0.0149238963141 -0.0321748132024 -0.0474372545871 0.0080803103483 -0.00886122920295 0.00476246897378 -0.075683337478 -0.0366913223367 -0.00435949067197 
0.0051725100216 -0.00560743318403 -0.0132057350023 0.0128850451159 0.00955485103725 0.0102442266558 0.0379293808411 -0.0105914454491 0.116020589499 0.400381396462 0.0116962022264 0.0324324349797 -0.0199930070701 0.129839631362 -0.00222585821961 -0.00147341003852 0.198716884982 0.0171716469056 0.0366318842762 -0.00516709500455 -0.00797664761995 -0.011257135684 0.0370450468016 0.0302322293141 0.00486766980493 -0.0047692794008 0.00833043907776 0.0163591832457 0.049611179287 0.0460162541182 
0.00227119765992 0.0100407274567 0.0250298246882 0.0383363829766 0.0142680941855 0.0153939502042 0.0286819940236 0.029687061383 -0.0193741490778 0.0116962022264 0.321586613476 0.0203265875526 -0.00753475651106 0.0292000505757 0.0411887928464 0.0125782137608 0.0160941492541 0.0136341778868 0.0279709709045 0.0243663097221 0.0285662809841 -0.00709472085162 0.0166023491307 0.0163571703166 0.0311545713324 0.0230529646416 0.0498572180895 0.0696471678724 0.0626452403306 0.00340328898987 
0.0177471846336 0.00186509341207 0.013148318743 0.0205193632743 -0.0012693005155 0.00986861922462 0.00409717877248 0.00513645709972 -0.0260332126407 0.0324324349797 0.0203265875526 0.295530734069 -0.0162201970035 0.0093320348002 0.00930705888841 0.0174839875573 0.00157290216219 0.000911235759889 0.0213732855166 0.0106792226552 0.00758579331645 0.000536077665046 0.00549461360489 -0.0138561413003 0.0261126813281 -0.00101254478138 0.0230509991949 0.022651726656 0.0169584036694 0.0143617322897 
0.00504047402979 -0.0103707764322 -0.00718220306714 -0.0328595918753 -0.0378382861265 -0.00966216496023 0.0022955774862 -0.0642936616406 -0.0307629408589 -0.0199930070701 -0.00753475651106 -0.0162201970035 1.93556554669 -0.0235761329276 -0.00761942909917 -0.00941164817363 -0.0397798256979 -0.0197848808932 0.00288255551721 -0.0123079057951 0.005656682097 0.0431075835984 -0.00920046581062 0.0331718090693 -0.0021370519091 -0.0102381014142 -0.0170100561859 -0.0149440836161 -0.0102319681478 0.00728441688728 
0.00899221482372 -0.00424519732733 -0.00660540737124 0.0320399870116 0.0204792370963 -0.00198876962515 0.0495323575029 -0.0116347807565 0.0661949864766 0.129839631362 0.0292000505757 0.0093320348002 -0.0235761329276 0.409169809728 0.00372397181937 0.0191263060495 0.135010708761 -0.00036524104095 0.0244384515009 0.00677234662896 -0.00631142186294 0.0057171023888 0.0301202165544 -0.0121897935363 0.0176514455762 0.0489684058019 0.0179699704325 0.0553363407384 0.0359081335839 0.0339769142799 
0.00596690167864 0.00363718198598 0.0257853986159 0.0255136092091 0.0117457251369 0.0023258694476 0.0123366080841 0.0153417738659 -0.00167656513727 -0.00222585821961 0.0411887928464 0.00930705888841 -0.00761942909917 0.00372397181937 0.159210608007 0.0315057168829 -0.00545863484253 0.0284856095399 0.0178883291462 0.0124493127323 0.0375672130606 0.0338178382012 0.0153436264773 -0.0278810071247 0.0193961899786 0.00863864788455 0.0319552746011 0.0282908030417 0.0276941874981 0.0215123014681 
0.0229053191662 0.0341447966085 0.0212495835187 0.0392992871698 0.0116231156995 0.00719449581374 0.00772776181074 0.0392219239711 -0.00471826541403 -0.00147341003852 0.0125782137608 0.0174839875573 -0.00941164817363 0.0191263060495 0.0315057168829 0.253234421907 0.0271557123772 0.00300810462944 0.016619909098 0.011230499871 0.0252441128925 -0.01536610929 0.0189372693315 -0.00672497603486 0.0331586055163 0.00844201698304 0.0454659223324 0.0425501803715 0.0479613926148 0.0680853451113 
0.0223213298564 0.0251128571742 -0.00534800417805 0.059585607501 0.00342046973582 0.00501752899509 0.015308880169 -0.01661309211 0.0380014929606 0.198716884982 0.0160941492541 0.00157290216219 -0.0397798256979 0.135010708761 -0.00545863484253 0.0271557123772 0.436946633747 0.0223060745602 0.0305321746108 -0.000400901028688 0.00293808508013 0.0654846225595 0.0461890561704 0.0486821406073 0.0245794581353 -0.00853813700298 0.0142384841691 -0.00943541640734 0.0846858545475 0.0756104099882 
0.00308401541788 0.00855628963367 -0.00115847514155 0.040037879281 0.00364301640949 0.0460765243921 0.0147439115034 0.0111155272836 -0.000886267821972 0.0171716469056 0.0136341778868 0.00091123575989 -0.0197848808932 -0.00036524104095 0.0284856095399 0.00300810462944 0.0223060745602 0.371329235109 -0.000329757210764 0.0245549846641 0.0158976449812 -0.00484713894736 0.0379501042783 0.0480198464343 0.0408288514055 -0.00382826360188 0.0226237822165 0.0238705980326 0.0242189190005 0.0181999836993 
-0.00130258009248 0.00555382838804 0.00122169297845 0.0329988690378 0.0285307469449 0.0161281350498 0.059102118445 2.37733809028e-05 -0.00733092411195 0.0366318842762 0.0279709709045 0.0213732855166 0.00288255551721 0.0244384515009 0.0178883291462 0.016619909098 0.0305321746108 -0.000329757210765 0.211365084436 0.00313413379267 0.0193039745474 0.00217816464599 0.0185384999734 0.0267533927152 0.0121299766166 0.0171085467288 0.0122301558227 0.0434040667189 0.0154520647047 0.00961424889175 
-0.000738203647987 0.00917947462411 0.0127115885781 0.0158360081119 0.00352341787686 0.00699527713793 0.0142351266167 0.0141508809053 -0.0117667856211 -0.00516709500455 0.0243663097221 0.0106792226552 -0.0123079057951 0.00677234662896 0.0124493127323 0.011230499871 -0.000400901028688 0.0245549846641 0.00313413379267 0.212945340343 -0.0185540158577 0.0188572825925 0.031324036255 0.0192488154387 0.0190094345953 0.00789198163843 0.0171696033459 0.0251477289491 0.0647086900123 0.0133396723131 
0.001103541687 0.0237654900337 0.0526961680397 0.024807838574 0.00429144600691 -0.00467577075839 -0.00737643673514 0.0287474266426 -0.0203091741164 -0.00797664761995 0.0285662809841 0.00758579331646 0.005656682097 -0.00631142186294 0.0375672130606 0.0252441128925 0.00293808508013 0.0158976449812 0.0193039745474 -0.0185540158577 0.245406208052 0.0184372171511 0.0067604944096 0.0235069813542 0.00822220042468 0.0104840245726 0.0322199375529 0.012000100137 0.0336842264852 0.0340795871174 
0.0108916307111 -0.00919119163033 -0.00278486569645 0.015407405064 0.00756834024963 -0.0059994041447 0.00390572161979 0.0404161440167 -0.0149238963141 -0.011257135684 -0.00709472085162 0.000536077665046 0.0431075835984 0.0057171023888 0.0338178382012 -0.01536610929 0.0654846225595 -0.00484713894736 0.00217816464599 0.0188572825925 0.0184372171511 0.712012245275 0.00263268235276 -0.0113021871957 0.0117560809763 0.00508541078978 0.00595129134151 -0.028439741966 0.00922299483446 0.0499947219595 
0.00748999521736 0.019735178466 0.00438927942221 0.00193885380573 0.0268537969087 0.00684033721682 0.0332190436433 0.00770419056312 -0.0321748132024 0.0370450468016 0.0166023491307 0.00549461360489 -0.00920046581062 0.0301202165544 0.0153436264773 0.0189372693315 0.0461890561704 0.0379501042783 0.0185384999734 0.031324036255 0.0067604944096 0.00263268235276 0.346496058133 0.0162318536646 0.0249838211017 0.012825334923 0.0239025168905 -0.000961120628046 0.02553788416 -0.000788406325135 
-0.00754431555907 0.0109844905678 0.0169993772845 0.0301837625985 -0.0119435341111 0.0234392358719 0.0160410843044 0.0061342463483 -0.0474372545871 0.0302322293141 0.0163571703166 -0.0138561413003 0.0331718090693 -0.0121897935363 -0.0278810071247 -0.00672497603486 0.0486821406073 0.0480198464343 0.0267533927152 0.0192488154387 0.0235069813542 -0.0113021871957 0.0162318536646 1.01921580793 0.00327678790973 0.0159499236769 0.0148545547066 0.0345933674817 0.00271359444869 0.0221902658361 
0.0162739750704 0.0109345405339 0.0243680470751 0.0222223687871 0.0273595404511 0.0187525400345 0.0271003928546 -0.00186560206734 0.0080803103483 0.00486766980493 0.0311545713324 0.0261126813281 -0.0021370519091 0.0176514455762 0.0193961899786 0.0331586055163 0.0245794581353 0.0408288514055 0.0121299766166 0.0190094345953 0.00822220042468 0.0117560809763 0.0249838211017 0.00327678790973 0.231377089344 -0.013803393588 0.025772035343 0.0273343661574 0.0535393798647 0.0326897546655 
0.0169491874927 -0.00895050832428 -0.00713777568766 0.0263372500194 0.00616529176581 0.016286782589 -0.0091672471572 0.0165844874925 -0.00886122920295 -0.0047692794008 0.0230529646416 -0.00101254478138 -0.0102381014142 0.0489684058019 0.00863864788454 0.00844201698304 -0.00853813700297 -0.00382826360188 0.0171085467288 0.00789198163843 0.0104840245726 0.00508541078978 0.012825334923 0.0159499236769 -0.013803393588 0.403445166459 0.00609837945407 0.00423633292562 0.00688155356309 -0.00919307950293 
0.00745368220049 0.0259787139103 0.0334543559547 0.0693445835871 0.0133114271682 0.0128205163192 0.0233418075932 0.0352106960141 0.00476246897378 0.00833043907776 0.0498572180895 0.0230509991949 -0.0170100561859 0.0179699704325 0.0319552746011 0.0454659223324 0.0142384841691 0.0226237822165 0.0122301558227 0.0171696033459 0.0322199375529 0.00595129134151 0.0239025168905 0.0148545547066 0.025772035343 0.00609837945407 0.335301750198 0.0472825624783 0.0924509605149 0.0494983741652 
0.0030312130884 -0.000964049387642 0.0297798141476 0.0429003044713 0.0257740998957 0.0351008439846 0.0535913375489 0.0262480928496 -0.075683337478 0.0163591832457 0.0696471678724 0.022651726656 -0.0149440836161 0.0553363407384 0.0282908030417 0.0425501803715 -0.00943541640734 0.0238705980326 0.0434040667189 0.0251477289491 0.012000100137 -0.028439741966 -0.000961120628045 0.0345933674817 0.0273343661574 0.00423633292562 0.0472825624783 0.346965430347 0.0476657780909 0.0220243529833 
0.0182871290926 0.0463550455961 0.00766430508148 0.0507379576224 0.0269228357272 0.00965682942411 0.0391875612438 0.0600484806892 -0.0366913223367 0.049611179287 0.0626452403306 0.0169584036694 -0.0102319681478 0.0359081335839 0.0276941874981 0.0479613926148 0.0846858545475 0.0242189190005 0.0154520647047 0.0647086900123 0.0336842264852 0.00922299483446 0.02553788416 0.00271359444869 0.0535393798647 0.00688155356309 0.0924509605149 0.0476657780909 0.606734722806 0.105012260461 
0.0101830666965 0.0224417721167 0.0333962400002 0.059576830462 0.0119209852566 0.0212002689058 0.026142644699 0.0100945785136 -0.00435949067197 0.0460162541182 0.00340328898987 0.0143617322897 0.00728441688728 0.0339769142799 0.0215123014681 0.0680853451113 0.0756104099882 0.0181999836993 0.00961424889175 0.0133396723131 0.0340795871174 0.0499947219595 -0.000788406325135 0.0221902658361 0.0326897546655 -0.00919307950293 0.0494983741652 0.0220243529833 0.105012260461 0.450812843395 
0.0167046735447 -0.000670085264486 -0.000236179483936 0.00194935662977 7.34685471337e-05 -0.000302671586285 2.29472325786e-05 0.000977393185281 0.00217134913873 0.000447952508004 0.000196691487051 0.00153695127384 0.000436517855691 0.000778748647363 0.000516748843559 0.00198365882797 0.00193308387019 0.000267083569755 -0.000112806745055 -6.39303112323e-05 9.55695135081e-05 0.000943242888441 0.000648652613246 -0.000653356892832 0.00140936758315 0.00146784269422 0.000645507813736 0.000262510753884 0.00158371183565 0.000881879444757 
-0.000670085264486 0.0315352566638 -0.000450554182977 0.00337096824386 0.00182925595439 0.00248632950431 -8.56636569516e-05 0.00320551628647 -0.00299153334812 -0.00048561795874 0.000869552504997 0.000161521827528 -0.00089813558473 -0.000367644872954 0.000314989199805 0.002957026127 0.00217483722745 0.000740996418489 0.00048097564723 0.000794965821788 0.00205815181026 -0.000795980544292 0.00170911658998 0.000951284787935 0.000946958988107 -0.000775136758561 0.00224982262039 -8.34891260201e-05 0.00401446470798 0.0019435144759 
-0.000236179483936 -0.000450554182977 0.0264655115611 0.000524246195657 -0.000996482101409 0.000339640279101 -0.00081722884629 0.000991343944719 -3.32601659928e-05 -0.00114365019876 0.00216764640323 0.00113867780485 -0.000621997031128 -0.000572045058584 0.00223308102481 0.0018402679147 -0.000463150747774 -0.000100326890223 0.000105801715496 0.00110085586311 0.00456362202045 -0.000241176443925 0.000380122748394 0.00147218925769 0.00211033478076 -0.000618149507203 0.0028972322124 0.00257900755718 0.000663748290292 0.00289219922311 
0.00194935662977 0.00337096824386 0.000524246195657 0.02995360724 0.00104281290161 0.00102782397996 -0.000968959112735 0.00439693061989 -0.00219418070148 0.00111587763993 0.0033200281547 0.0017770289865 -0.0028457241322 0.0027747442689 0.00220954337173 0.00340341810396 0.00516026497958 0.0034673820571 0.00285778588829 0.00137143853195 0.00214842184181 0.00133432041918 0.000167909664999 0.00261399051921 0.00192451359019 0.00228087275826 0.00600541710013 0.00371527535022 0.00439403602371 0.0051595048657 
7.34685471337e-05 0.00182925595439 -0.000996482101409 0.00104281290161 0.0162868518313 0.000103132838648 0.00148684629426 0.00115235716669 -0.00173278071814 0.000827474372764 0.00123565320283 -0.000109924649146 -0.00327689170212 0.00177355395755 0.00101720963544 0.00100659134669 0.00029622136841 0.000315494475703 0.00247083516432 0.000305136938951 0.000371650126096 0.000655437492066 0.0023256070311 -0.00103434039512 0.00236940570665 0.000533929929093 0.00115280340883 0.00223210252693 0.00233158596817 0.00103238760703 
-0.000302671586285 0.00248632950431 0.000339640279101 0.00102782397996 0.000103132838648 0.0232228073929 0.000482212935039 0.000698556378875 -0.000326934106813 0.000887176052602 0.00133315519414 0.00085464749488 -0.000836768031112 -0.000172232501766 0.000201426202751 0.000623061614212 0.000434530757397 0.00399034406416 0.00139673746688 0.000605808770796 -0.000404933625904 -0.000519563639688 0.000592390580022 0.00202989737103 0.00162401760553 0.00141047674679 0.0011102892822 0.0030398222585 0.000836305960129 0.00183599714395 
2.29472325786e-05 -8.56636569515e-05 -0.00081722884629 -0.000968959112735 0.00148684629426 0.000482212935038 0.0230090910169 0.000134164919439 -0.000866573073126 0.00328478073582 0.00248393354556 0.000354826090081 0.00019880284194 0.00428962799068 0.00106838159973 0.000669243804249 0.00132578791298 0.00127686019131 0.00511839359908 0.00123279812762 -0.000638818160204 0.000338245414285 0.00287685356845 0.00138919865119 0.00234696286646 -0.000793906892091 0.00202145983459 0.00464114597402 0.00339374235495 0.00226401944315 
0.000977393185281 0.00320551628647 0.000991343944719 0.00439693061989 0.00115235716669 0.000698556378875 0.000134164919439 0.0155887086823 -0.000639301861219 -0.000917246082174 0.00257097493214 0.00044483023338 -0.00556799442831 -0.00100760157026 0.0013286365907 0.00339671825443 -0.00143873598027 0.000962632900408 2.05883517959e-06 0.00122550223499 0.00248960017659 0.00350014074415 0.000667202474325 0.00053124131707 -0.000161565878367 0.00143625874772 0.00304933572332 0.00227315152086 0.00520035097355 0.000874216143329 
0.00217134913873 -0.00299153334812 -3.32601659928e-05 -0.00219418070148 -0.00173278071814 -0.000326934106813 -0.000866573073126 -0.000639301861219 0.235079289366 0.0100476777869 -0.00167785052781 -0.0022545423489 -0.00266414882789 0.00573265398919 -0.000145194799998 -0.000408613771034 0.00329102582856 -7.67530448385e-05 -0.000634876651416 -0.00101903352688 -0.00175882607147 -0.00129244733315 -0.00278642055953 -0.00410818675582 0.000699775403209 -0.000767404959851 0.000412441911603 -0.00655436928991 -0.00317756172421 -0.000377542966948 
0.000447952508004 -0.00048561795874 -0.00114365019876 0.00111587763993 0.000827474372764 0.000887176052602 0.00328478073582 -0.000917246082174 0.0100476777869 0.0346740460539 0.00101292082559 0.0028087312599 -0.00173144520207 0.0112444419178 -0.000192764976341 -0.000127601052355 0.0172093870555 0.00148710824451 0.00317241423716 -0.000447483553771 -0.000690797947591 -0.000974896547619 0.00320819516146 0.0026181878599 0.00042155257083 -0.000413031711884 0.000721437186602 0.00141674682759 0.00429645415742 0.00398512450534 
0.000196691487051 0.000869552504997 0.00216764640323 0.0033200281547 0.00123565320283 0.00133315519414 0.00248393354556 0.00257097493214 -0.00167785052781 0.00101292082559 0.0278502176787 0.00176033411928 -0.000652529054991 0.00252879855903 0.00356705409562 0.00108930526511 0.00139379421063 0.00118075444097 0.00242235713718 0.00211018432158 0.00247391250238 -0.000614420849026 0.00143780561097 0.00141657250282 0.00269806502178 0.00199644530121 0.00431776174276 0.00603162166791 0.00542523695525 0.000294733472165 
0.00153695127384 0.000161521827528 0.00113867780485 0.0017770289865 -0.000109924649146 0.000854647494879 0.000354826090081 0.00044483023338 -0.0022545423489 0.0028087312599 0.00176033411928 0.0255937123303 -0.00140471026594 0.000808177920597 0.000806014943188 0.00151415773841 0.000136217323012 7.89153316901e-05 0.00185098082198 0.00092484781121 0.000656948971991 4.64256876331e-05 0.000475847496581 -0.00119997703645 0.0022614245391 -8.76889503141e-05 0.00199627508854 0.00196169707237 0.00146864083854 0.00124376250053 
0.000436517855691 -0.00089813558473 -0.000621997031128 -0.0028457241322 -0.00327689170212 -0.000836768031112 0.00019880284194 -0.00556799442831 -0.00266414882789 -0.00173144520207 -0.000652529054991 -0.00140471026594 0.167624893412 -0.00204175300383 -0.000659861916221 -0.000815072640984 -0.00344503396125 -0.00171342094644 0.000249636630572 -0.00106589590859 0.000489883039714 0.0037332262492 -0.000796783711865 0.00287276293435 -0.000185074124248 -0.000886645591118 -0.00147311407768 -0.00129419560478 -0.000886114434668 0.000630849007614 
0.000778748647363 -0.000367644872954 -0.000572045058584 0.0027747442689 0.00177355395755 -0.000172232501766 0.00428962799068 -0.00100760157026 0.00573265398919 0.0112444419178 0.00252879855903 0.000808177920597 -0.00204175300383 0.0354351449686 0.000322505419855 0.00165638669194 0.011692270357 -3.16308019968e-05 0.00211643198289 0.000586502422391 -0.000546585166731 0.000495115590474 0.00260848727036 -0.00105566708693 0.00152866002825 0.00424078834073 0.00155624508998 0.00479226768319 0.00310973558861 0.00294248709086 
0.000516748843559 0.000314989199805 0.00223308102481 0.00220954337173 0.00101720963544 0.000201426202751 0.00106838159973 0.0013286365907 -0.000145194799998 -0.00019276497634 0.00356705409562 0.000806014943188 -0.000659861916221 0.000322505419855 0.0137880431086 0.0027284751185 -0.000472731644362 0.00246692615038 0.00154917474719 0.00107814210858 0.00325341608599 0.00292871069833 0.00132879703155 -0.00241456604531 0.00167975932581 0.000748128852236 0.00276740795895 0.00245005541276 0.00239838699105 0.00186301995653 
0.00198365882797 0.002957026127 0.0018402679147 0.00340341810396 0.00100659134669 0.000623061614212 0.000669243804249 0.00339671825443 -0.000408613771034 -0.000127601052355 0.00108930526511 0.00151415773841 -0.000815072640984 0.00165638669194 0.0027284751185 0.0219307442484 0.00235175367765 0.000260509502634 0.00143932634874 0.000972589818545 0.00218620430609 -0.00133074410025 0.00164001563194 -0.000582400008603 0.00287161947312 0.000731100116649 0.00393746437464 0.00368495371373 0.00415357844053 0.00589636384918 
0.00193308387019 0.00217483722745 -0.000463150747774 0.00516026497958 0.00029622136841 0.000434530757397 0.00132578791298 -0.00143873598027 0.00329102582856 0.0172093870555 0.00139379421063 0.000136217323012 -0.00344503396125 0.011692270357 -0.000472731644362 0.00235175367765 0.0378406884923 0.00193176272278 0.00264416388458 -3.47190475247e-05 0.000254445631787 0.00567113466937 0.00400008960204 0.00421599704765 0.00212864351565 -0.000739424354557 0.00123308890018 -0.000817131030404 0.00733401013794 0.00654805358404 
0.000267083569755 0.000740996418489 -0.000100326890223 0.0034673820571 0.000315494475703 0.00399034406416 0.00127686019131 0.000962632900408 -7.67530448385e-05 0.00148710824451 0.00118075444097 7.89153316902e-05 -0.00171342094644 -3.16308019968e-05 0.00246692615038 0.000260509502634 0.00193176272278 0.0321580550772 -2.85578121603e-05 0.00212652405086 0.00137677644141 -0.000419774546409 0.00328657543813 0.0041586406898 0.00353588225245 -0.000331537353161 0.00195927701292 0.00206725442998 0.00209741991066 0.00157616482321 
-0.000112806745055 0.00048097564723 0.000105801715496 0.00285778588829 0.00247083516432 0.00139673746688 0.00511839359908 2.05883517957e-06 -0.000634876651416 0.00317241423716 0.00242235713718 0.00185098082198 0.000249636630572 0.00211643198289 0.00154917474719 0.00143932634874 0.00264416388458 -2.85578121603e-05 0.0183047532595 0.000271423948331 0.00167177323521 0.000188634591705 0.0016054811925 0.00231691177288 0.00105048678973 0.0014816436089 0.00105916256347 0.00375890244061 0.00133818805751 0.000832618377857 
-6.39303112323e-05 0.000794965821788 0.00110085586311 0.00137143853195 0.000305136938951 0.000605808770796 0.00123279812762 0.00122550223499 -0.00101903352688 -0.000447483553771 0.00211018432158 0.00092484781121 -0.00106589590859 0.000586502422391 0.00107814210858 0.000972589818545 -3.47190475247e-05 0.00212652405086 0.000271423948331 0.0184416074355 -0.0016068249075 0.00163308857714 0.00271274111459 0.00166699631627 0.00164626532711 0.000683465658508 0.00148693126704 0.00217785721174 0.00560393693963 0.00115524951013 
9.55695135081e-05 0.00205815181026 0.00456362202045 0.00214842184181 0.000371650126096 -0.000404933625904 -0.000638818160204 0.00248960017659 -0.00175882607147 -0.000690797947591 0.00247391250238 0.000656948971991 0.000489883039714 -0.000546585166731 0.00325341608599 0.00218620430609 0.000254445631787 0.00137677644141 0.00167177323521 -0.0016068249075 0.021252801042 0.00159670984279 0.000585475990086 0.0020357643019 0.000712063444278 0.000907943161379 0.00279032844291 0.00103923915666 0.0029171395843 0.00295137881942 
0.000943242888441 -0.000795980544292 -0.000241176443925 0.00133432041918 0.000655437492066 -0.000519563639688 0.000338245414285 0.00350014074415 -0.00129244733315 -0.000974896547619 -0.000614420849026 4.64256876331e-05 0.0037332262492 0.000495115590474 0.00292871069833 -0.00133074410025 0.00567113466937 -0.000419774546409 0.000188634591705 0.00163308857714 0.00159670984279 0.0616620692214 0.000227996979759 -0.000978798122984 0.00101810647744 0.000440409493263 0.000515396948707 -0.00246295390196 0.000798734782561 0.00432966992721 
0.000648652613246 0.00170911658998 0.000380122748394 0.000167909664999 0.0023256070311 0.000592390580022 0.00287685356845 0.000667202474325 -0.00278642055953 0.00320819516146 0.00143780561097 0.000475847496581 -0.000796783711865 0.00260848727036 0.00132879703155 0.00164001563194 0.00400008960204 0.00328657543813 0.0016054811925 0.00271274111459 0.000585475990086 0.000227996979759 0.0300074388654 0.00140571976241 0.00216366237576 0.00111070658553 0.00207001868415 -8.32354879989e-05 0.00221164564414 -6.82779906071e-05 
-0.000653356892832 0.000951284787935 0.00147218925769 0.00261399051921 -0.00103434039512 0.00202989737103 0.00138919865119 0.00053124131707 -0.00410818675582 0.0026181878599 0.00141657250282 -0.00119997703645 0.00287276293435 -0.00105566708693 -0.00241456604531 -0.000582400008603 0.00421599704765 0.0041586406898 0.00231691177288 0.00166699631627 0.0020357643019 -0.000978798122984 0.00140571976241 0.0882666781609 0.000283778157264 0.00138130390926 0.00128644217378 0.00299587350416 0.000235004172814 0.00192173339308 
0.00140936758315 0.000946958988107 0.00211033478076 0.00192451359019 0.00236940570665 0.00162401760553 0.00234696286646 -0.000161565878367 0.000699775403209 0.00042155257083 0.00269806502178 0.0022614245391 -0.000185074124248 0.00152866002825 0.00167975932581 0.00287161947312 0.00212864351565 0.00353588225245 0.00105048678973 0.00164626532711 0.000712063444278 0.00101810647744 0.00216366237576 0.000283778157264 0.0200378437226 -0.00119540895056 0.00223192373143 0.00236722554887 0.00463664630657 0.00283101579838 
0.00146784269422 -0.000775136758561 -0.000618149507203 0.00228087275826 0.000533929929093 0.00141047674679 -0.000793906892091 0.00143625874772 -0.000767404959851 -0.000413031711884 0.00199644530121 -8.7688950314e-05 -0.000886645591118 0.00424078834073 0.000748128852236 0.000731100116649 -0.000739424354557 -0.000331537353161 0.0014816436089 0.000683465658508 0.000907943161379 0.000440409493263 0.00111070658553 0.00138130390926 -0.00119540895056 0.0349393763188 0.000528135152914 0.000366877193248 0.000595960020314 -0.000796144038855 
0.000645507813736 0.00224982262039 0.0028972322124 0.00600541710013 0.00115280340883 0.0011102892822 0.00202145983459 0.00304933572332 0.000412441911603 0.000721437186602 0.00431776174276 0.00199627508854 -0.00147311407768 0.00155624508998 0.00276740795895 0.00393746437464 0.00123308890018 0.00195927701292 0.00105916256347 0.00148693126704 0.00279032844291 0.000515396948707 0.00207001868415 0.00128644217378 0.00223192373143 0.000528135152914 0.0290379833605 0.00409479002622 0.00800648804102 0.00428668494731 
0.000262510753884 -8.34891260201e-05 0.00257900755718 0.00371527535022 0.00223210252693 0.0030398222585 0.00464114597402 0.00227315152086 -0.00655436928991 0.00141674682759 0.00603162166791 0.00196169707237 -0.00129419560478 0.00479226768319 0.00245005541276 0.00368495371373 -0.000817131030404 0.00206725442998 0.00375890244061 0.00217785721174 0.00103923915666 -0.00246295390196 -8.32354879988e-05 0.00299587350416 0.00236722554887 0.000366877193248 0.00409479002622 0.0300480876916 0.00412797747178 0.00190736491855 
0.00158371183565 0.00401446470798 0.000663748290292 0.00439403602371 0.00233158596817 0.000836305960129 0.00339374235495 0.00520035097355 -0.00317756172421 0.00429645415742 0.00542523695525 0.00146864083854 -0.000886114434668 0.00310973558861 0.00239838699105 0.00415357844053 0.00733401013794 0.00209741991066 0.00133818805752 0.00560393693963 0.0029171395843 0.000798734782561 0.00221164564414 0.000235004172814 0.00463664630657 0.000595960020314 0.00800648804102 0.00412797747178 0.0525447683308 0.00909432852677 
0.000881879444757 0.0019435144759 0.00289219922311 0.0051595048657 0.00103238760703 0.00183599714395 0.00226401944315 0.000874216143329 -0.000377542966948 0.00398512450534 0.000294733472165 0.00124376250053 0.000630849007614 0.00294248709086 0.00186301995653 0.00589636384918 0.00654805358404 0.00157616482321 0.000832618377857 0.00115524951013 0.00295137881942 0.00432966992721 -6.82779906071e-05 0.00192173339308 0.00283101579838 -0.000796144038855 0.00428668494731 0.00190736491855 0.00909432852677 0.0390415374732 

['MDT', 'RSH', 'FDC', 'JCP', 'KR', 'IPG', 'PPL', 'LIZ', 'PTV', 'BJS', 'BDK', 'SYY', 'ESRX', 'COP', 'BK', 'WAG', 'NE', 'JBL', 'ETR', 'PLL', 'ALL', 'JNS', 'MOLX', 'CIEN', 'CBE', 'MRK', 'BBBY', 'CVH', 'DHI', 'YHOO']