50
0.399937027552 0.0172523696575 0.0088766616328 0.0705908558691 0.0181340887913 0.0566217234647 0.033790820858 0.201887649263 0.106465020668 0.0217130314185 0.0129348444485 0.114977551813 0.00787829448736 0.00640420781163 0.0731585002716 0.0541634245192 0.036872425502 0.142595623168 0.126841392599 0.12993100308 0.0598638009539 0.0373342989671 0.11775000089 0.0372282541949 0.0674926048947 0.0206658862902 0.0573021249509 0.0498631258667 0.0450347688147 0.0202129727645 0.0288411222523 0.0147816990943 0.0479071153807 0.0350054865441 0.0917148498368 0.0300827450696 0.0762578269544 0.0110311255814 0.0751688044393 0.126514999345 0.099400173405 0.0493061267197 0.28152338764 0.067616439087 0.171372180847 0.155431064381 0.0345230729479 0.1366928931 0.112278324126 0.144106781955 
1.30718653488 -0.00125705501549 0.0581091985475 0.0286712328868 0.0396136142097 0.0214590542251 0.0156178528069 0.0598473350635 0.0421241015745 0.0319525824841 0.00889834706332 0.0329655765599 -0.0140248835135 0.0140571762795 0.00592946870079 -0.0101657946193 0.0174386759211 0.120580484696 0.023005041768 0.0566698294301 0.00807739051149 -0.00243152669304 0.126703718399 0.0192487062156 0.00677578578518 0.0395890893181 -0.0245147470845 0.00872030388215 -0.0182766938023 -0.00459221501757 0.000339599027557 0.0215317592474 0.00705841254365 0.0326080208375 0.0198572512366 -0.00903399446392 0.0340786654606 0.00650448420788 0.0331038119099 0.0426999951927 0.0546265364923 0.0254885659713 -0.0397325177197 0.0606508619296 0.00612683740565 0.00824518138396 0.0122847628302 0.0443939539598 0.0333255150319 0.0385716970438 
-0.00125705501549 0.193436376163 0.00185108579963 0.00648369371793 0.0121668385192 0.00251158378392 -0.00607147431586 -0.000677968856806 -0.00782843655117 0.0119868077608 -0.00141732613687 0.0177785783347 0.00926893137993 0.0194990030462 0.00752697552549 0.0219002400944 0.00582650719577 0.0251549308469 0.0341243541303 0.00244539516024 0.0123544346555 0.00783927240214 0.027222071159 0.00885288724988 -0.0112027375879 0.0230591241977 0.00138977231057 0.0236820732629 0.00814943390199 0.00532517351816 0.01862474404 0.0113013626797 -0.00329603019753 0.0143900452677 0.0165415352239 0.000590352252377 0.0307397446804 0.0123263804916 0.0249731027951 0.00951305688714 0.0152102507008 -0.00122932524542 -0.0111805508425 -0.00559146018622 -0.00452581042634 0.00222601655254 0.0030847614414 0.00377643330341 -0.0069625894102 -0.0159051973724 
0.0581091985475 0.00185108579963 0.257408360325 0.0218678995496 0.00460685979747 0.0254075304505 0.0102530300623 0.0424021706697 0.0120655340739 0.00359314360478 0.0164443138999 0.0074481624542 0.00581361515574 0.0273743398301 0.0295776395351 0.0165652620832 0.00763120756933 0.0284979086504 0.0130806803042 0.0355248884678 0.0183907612095 0.00690067643317 -0.0247246672334 0.0234440771758 0.0179115967779 0.0205317980234 -0.00102260851443 0.0215907151183 0.025530090799 0.0181561441339 0.0148089596538 0.0284669801082 0.015666823674 0.0319232985053 0.0139592322034 0.001111160018 0.0246310767948 0.0196329319221 0.0193492724204 0.00910518131778 0.0102868277929 0.0377070566944 -0.0628617001775 0.0440267809438 0.0318679015429 0.0448090236811 0.0200758408983 0.0272867216033 0.0296160824615 0.0260531567417 
0.0286712328868 0.00648369371793 0.0218678995496 0.47355960524 0.00702882065773 0.0308420504901 0.00777066098068 0.0281305462272 0.0038804633608 0.00041804644854 0.0439822617633 -0.00921760476675 -0.00811727188238 0.027037070477 0.0181696410924 0.0326626688319 -0.00188252848582 0.0124253052632 -0.0197770722334 0.0118993434017 0.0175233993703 0.0134844619804 -0.0235323612165 0.00266696988088 -0.000799560178566 0.0203853652746 -0.000450714173549 0.0180214819172 0.0081198036776 0.0235045310333 0.00395792181334 0.00471770196042 0.0112473080443 0.0099209285743 0.00199675772102 0.00918973193462 0.0137911283017 0.0216288334311 -0.000144156923898 0.0114571569278 0.0250358168883 0.0209540039474 -0.0286461496544 0.0652488509454 -0.0162799770542 0.0133974210224 0.0198609312515 0.0378797236536 0.0447724862652 0.0487234502788 
0.0396136142097 0.0121668385192 0.00460685979747 0.00702882065773 0.280629630738 0.0455562007841 0.00211603211936 0.000892989556069 0.00864922085466 -0.00346040208688 0.0064545198454 0.0101397784682 0.0099884619898 0.0287143178916 0.0183135028542 0.00379902095356 0.0207585436557 0.0335654687923 -0.0133175325523 0.0336037411434 0.0443294432134 0.0376112721694 0.0512893780506 0.0158459147782 -0.00777327746877 0.0189952772803 0.0265959928688 0.0133280721882 0.0332057414331 0.0354006656788 -0.00372368999246 0.00466456038964 0.0107122715793 -0.00453849285526 0.023639877196 0.000908602050708 -0.0156457699182 0.0240756987752 -0.000514464229225 0.0359095652108 0.0281552745935 -0.00016486073732 -0.0194759257132 0.0286007411719 0.0312951580572 0.0132642113742 0.0021551494788 0.0123243718362 0.0180068785918 0.0223893842712 
0.0214590542251 0.00251158378392 0.0254075304505 0.0308420504901 0.0455562007841 0.150881725067 0.0144214139234 0.0197340361933 0.0186077352913 0.0221173871629 0.0141159703281 0.0277962274405 0.0136218105668 0.0321067397949 0.0176065720442 0.0181128349925 0.010591398713 0.00761617818622 0.0323707279821 0.0444044017212 0.0599646544418 0.0432972576228 0.0451934502891 0.00419549129132 0.010678828038 0.0601021867206 0.0274833575161 0.0293633725374 0.0177902974699 0.026333495186 0.0166366055916 0.00455075230791 0.0219862046294 0.00862053572617 0.068867707709 0.00893444358519 0.0246218030568 0.00785158640947 0.0250772259047 0.0204249693223 0.006546293112 0.0187988890959 -0.00568954883692 0.0303906578396 0.0228335962026 0.0246283004465 0.027192614928 0.00342105144853 0.00942862232721 -0.0087041081163 
0.0156178528069 -0.00607147431586 0.0102530300623 0.00777066098068 0.00211603211936 0.0144214139234 0.180050249097 0.00581946599512 0.0366760914509 0.00486158376451 0.0187580689714 0.00355198003465 0.00618789120313 0.00267235420256 0.00940355801396 0.00331319243268 0.00145595858021 0.0300390524934 0.0154649043747 0.0392200554889 0.00596655042177 -0.00953350245449 0.0206925448202 0.0212146919963 0.00634362861252 0.0146974300398 0.0256152694154 -0.00662076638442 0.0126075845387 0.00925105319176 0.0107890681471 0.00256368314153 -4.3840862009e-05 0.0204952041078 0.0134133342944 0.00500106116764 0.0149304666998 0.00549031473471 0.0209589242015 0.0173607434019 0.0168766054095 0.00598986935781 0.0162759129854 0.00341687483548 0.0111331789423 0.0158694124749 0.0233301076032 -0.00602591719957 0.00324575103011 -0.00777574550208 
0.0598473350635 -0.000677968856806 0.0424021706697 0.0281305462272 0.000892989556068 0.0197340361933 0.00581946599512 0.760734918201 0.0121979744296 0.0279467015308 0.000999089751426 -0.000458854267108 0.00692963436779 0.0227287634893 0.0348496028452 0.000699578780202 0.0156608524839 0.0853930888025 0.00763073820975 -0.0113156153641 0.0589221511854 -0.0100676101312 0.00217369467862 0.00502746381863 0.00416478899889 0.013267868197 -0.00193093403424 0.0292989579738 -0.0064826238858 0.0462448269553 -0.0127945780332 0.00644919581688 -0.0265264750385 0.0233420018052 0.0496188887707 -0.00217505618258 -0.0059591884439 0.00115960591851 -0.0358869691061 0.00459692731365 0.00401383668196 0.0152032457068 -0.0167228795682 0.0685074037077 -0.0307516926039 0.109182364927 -0.0102823910457 0.0362804545646 0.0250072079207 0.0137473060203 
0.0421241015745 -0.00782843655117 0.0120655340739 0.0038804633608 0.00864922085466 0.0186077352913 0.0366760914509 0.0121979744296 0.24722761464 0.00677420492019 0.0157675072841 0.0328525761938 0.00274109301302 0.0120370192945 0.0410097171888 0.00641928325203 0.0102782578373 0.0208127383808 0.00855811291361 0.0219110299273 0.0256552956843 0.0108506050726 0.0353958159532 0.0228837041793 0.065885817912 0.0345618789621 0.0212630444621 0.0310618854908 0.00877927182914 0.0378759604455 0.028824908689 0.00629364697757 0.0105628297789 0.00785149980502 0.0173945816818 0.00088672061537 0.000981707979131 0.0156306146611 0.0340195165954 0.0367539581115 0.0136452205295 0.00295927056718 -0.00666366297167 0.013000358505 0.0105830738819 0.00850588523183 0.0130702539622 0.00277024842172 0.0322297549155 0.0216006277325 
0.0319525824841 0.0119868077608 0.00359314360478 0.00041804644854 -0.00346040208688 0.0221173871629 0.00486158376451 0.0279467015308 0.00677420492019 0.269755589607 0.00652172579818 -0.0106496112556 0.00652175317785 0.00722222075869 -0.00247863642882 0.0118151041372 0.0229104925317 0.023841993198 0.0160781011413 0.0248561800391 0.0143517846749 0.00932950828761 0.0340285667364 0.00179374700451 0.0225561173681 0.0160440016154 0.0134712033625 0.0104451628973 -0.00951002602018 0.0159210648493 0.00125814762859 0.00958196876126 0.00304396333262 0.0121343923871 0.0185708402607 0.00126947415381 0.0289023478677 -0.0034702828696 0.0221573927787 0.0035719455752 0.0302092196607 0.0205725622756 0.0108461226838 0.0246097885679 0.0355422016489 0.0188450564552 -0.00194097863251 0.0130596294558 0.0202132946609 0.00890871559008 
0.00889834706332 -0.00141732613687 0.0164443138999 0.0439822617633 0.0064545198454 0.0141159703281 0.0187580689714 0.000999089751426 0.0157675072841 0.00652172579818 0.162821866146 -0.000955062695031 0.000514790341677 0.0107129359682 0.019038774382 0.00137824230148 0.00703436926225 0.000849216206568 -0.00434385086188 -0.00503422023517 0.00777469628746 -0.000468914694401 0.0245208763067 0.0317475762786 0.0270514086029 0.0162238078954 0.00737998278022 0.00820013665786 -0.00368989280674 0.0192217084842 0.0281825689857 0.018347272483 0.0134696795205 0.00867423823473 0.0155985435837 0.00699143700121 -0.00861613022778 0.0148022955779 0.0117100600203 0.00187473374613 0.0254771386199 0.0110995507196 0.00446005869223 0.0180557602696 0.00395643183177 0.0125411717184 0.012990041676 0.00120022435308 0.00468900522968 0.00879275985615 
0.0329655765599 0.0177785783347 0.0074481624542 -0.00921760476675 0.0101397784682 0.0277962274405 0.00355198003465 -0.000458854267108 0.0328525761938 -0.0106496112556 -0.000955062695031 0.604801740482 0.0024103172742 0.01342281224 0.00967442055604 0.0161077129101 0.0167080065132 0.0252079248074 0.0062653477813 0.00282249263146 0.0258665457348 0.0454484257207 0.0719291690636 0.0164078017835 -0.0029994602806 0.0230537078626 0.0104969409903 0.00728129829183 0.00609008435683 0.0100632089145 0.0193302584937 -0.0129937311562 0.0222098415468 0.0102493497298 0.0128507682583 -0.00343531998429 0.0325594190486 0.00908365325532 0.00745771756355 0.0367200317755 0.0135622061598 -0.00289765711805 -0.0200065894667 0.00238473591323 0.0100406255821 0.0304932027689 0.0146373560503 0.0585687476781 0.00774059889389 0.0180251234904 
-0.0140248835135 0.00926893137993 0.00581361515574 -0.00811727188238 0.0099884619898 0.0136218105668 0.00618789120312 0.00692963436779 0.00274109301303 0.00652175317785 0.000514790341677 0.0024103172742 0.15511445394 0.0128741865112 0.0233420823835 0.00101984843552 0.0109258264931 0.0191323885227 0.00922408233218 -0.016962333707 0.00910939316833 0.00346530371993 0.00228492889829 0.00575699907441 0.00240800260591 0.0168550189812 0.0288199253656 -0.00311197603834 -0.00201289904308 0.0125887265245 0.00875261869754 0.0167992370773 -0.0010362485247 -0.00639105873177 0.015880380931 0.00968015592281 0.00891028071253 0.00173182011654 0.0148705367119 -0.00123704490066 0.00786849950904 0.0175134623695 7.65430359039e-05 0.00313250974647 -0.00480824412254 0.020851606394 0.00363300166284 -0.0016364830405 -0.00909842609746 -0.0215516697014 
0.0140571762795 0.0194990030462 0.0273743398301 0.027037070477 0.0287143178916 0.0321067397949 0.00267235420256 0.0227287634893 0.0120370192945 0.00722222075869 0.0107129359682 0.01342281224 0.0128741865112 0.156883554107 0.0212622948538 -0.00280049333066 0.000694154180246 0.0171997123533 0.0469026456847 0.034946474555 0.0255692680433 0.035426571189 0.01892347345 0.00914710629339 0.0125722260483 0.0331547970284 0.0256775880237 0.0186590933214 0.0215052156912 0.0347237839335 0.00890162333212 0.0101606101805 0.0178411254481 0.00275150543467 0.0148697745641 -0.00793215988244 0.0559174422169 0.0301160354904 0.00726625462178 0.0449573530756 0.0154698984836 0.00441616282358 0.00362166472166 0.00116403407074 0.0628224280617 0.00446579517626 0.0276551492813 0.0267653255951 0.0136817881136 0.00124393800039 
0.00592946870079 0.00752697552549 0.0295776395351 0.0181696410924 0.0183135028542 0.0176065720442 0.00940355801396 0.0348496028452 0.0410097171888 -0.00247863642882 0.019038774382 0.00967442055604 0.0233420823835 0.0212622948538 0.331565581816 -0.000738881291825 0.00416974752068 0.0664014816412 -0.00926947055818 0.00493789624902 0.0112191272774 -0.0111569465224 -0.0101700724632 0.0251782184394 -0.00237819171353 0.0243333486687 -0.0146086488087 -0.00193104493188 0.0034890314649 0.023788487116 0.00259579160486 0.00761844970193 -0.0176281268453 0.0180170310041 0.016563590302 0.0158353929551 0.0184015093171 -0.00544807036213 0.0204032811929 0.0191311092082 0.0249536589635 0.0073049841639 -8.73472952816e-05 0.0264265104772 -0.000459034361418 0.0180102237195 0.00756407913169 0.0119445127052 -0.00995398342305 -0.026606364625 
-0.0101657946193 0.0219002400944 0.0165652620832 0.0326626688319 0.00379902095357 0.0181128349925 0.00331319243268 0.000699578780202 0.00641928325203 0.0118151041372 0.00137824230148 0.0161077129101 0.00101984843552 -0.00280049333066 -0.000738881291825 0.307277925372 0.00400481740143 0.0128737092667 -0.0110669597909 -0.029266240365 0.0217653787612 -0.0110289297852 0.00963771234984 0.0118180646574 0.019047064945 0.00921326337532 0.000282890244228 0.0205231078823 -0.0254411543682 0.0184228836806 0.0351409977295 0.0220886206904 0.0124677204836 0.00484756727295 0.0203059914555 0.00813637608572 0.00685592476505 0.00405444600488 0.025282252017 -0.00080779588126 0.0115486835215 -0.012892351264 -0.0193550913692 0.00460853428693 -0.00432728900852 0.0162458784597 0.00498031327946 0.0228374752875 0.0393048602834 0.0427753225022 
0.0174386759211 0.00582650719577 0.00763120756934 -0.00188252848582 0.0207585436557 0.010591398713 0.00145595858021 0.0156608524839 0.0102782578373 0.0229104925317 0.00703436926225 0.0167080065132 0.0109258264931 0.000694154180245 0.00416974752068 0.00400481740143 0.165162164136 0.0122803272438 -0.0242706160719 -0.00716736622164 0.016033122372 0.0172390985296 0.0707160825657 0.0120931008346 0.0290751276656 0.0116438592842 0.0204733557248 0.023116324359 0.0154188116479 0.0216181826978 0.0252502946736 0.0275890683805 0.0155415123583 0.019915202647 0.0233839482975 0.0145430162397 0.00522177716076 0.00546345988994 0.00499161713686 0.00550396717061 0.0171729998683 0.0124554768561 -0.00737338123477 0.0169483012967 -0.0110173084815 0.00278243793822 0.013251075895 0.00140361568955 0.000529419845984 0.0137706520456 
0.120580484696 0.0251549308469 0.0284979086504 0.0124253052632 0.0335654687923 0.00761617818622 0.0300390524934 0.0853930888025 0.0208127383808 0.023841993198 0.000849216206567 0.0252079248074 0.0191323885227 0.0171997123533 0.0664014816412 0.0128737092667 0.0122803272438 0.420985343736 0.0173028718603 0.0439725822275 0.0419555974639 0.0211091939736 0.020703031654 0.045258681661 -0.025374699395 0.0135252079075 0.0103750288242 0.00811882847178 0.000880135558628 0.0394091202113 0.0354294324087 0.012723170375 0.00717644870296 0.0216425320306 0.0180792740333 0.0115996977906 0.0125854565787 0.0089916374648 0.00989287719149 0.0296655767159 0.046470743728 0.0437762671635 -0.0100094473705 0.0996135711025 0.024700871051 0.0455991911631 0.00106156677886 0.0147156253198 0.0231463836013 0.0218974356184 
0.023005041768 0.0341243541303 0.0130806803042 -0.0197770722334 -0.0133175325523 0.0323707279821 0.0154649043747 0.00763073820975 0.00855811291361 0.0160781011413 -0.00434385086188 0.0062653477813 0.00922408233218 0.0469026456847 -0.00926947055818 -0.0110669597909 -0.0242706160719 0.0173028718603 0.866323298595 0.0619025113986 0.0346259184788 0.0225639599609 -0.0112226480481 0.0159633063798 -0.00920988566161 0.048093334141 0.0166420415121 0.00269490000979 0.0114372585785 0.00677233078777 0.0326297578303 0.00427179104985 0.0430085383608 0.00700581431605 0.0306780088556 0.055796739288 0.0275329245357 0.00914708726939 0.0119410686175 0.00237664720729 -0.00971979963709 0.00139938006194 0.00241959139299 -0.00458587938676 -0.0214517078741 -0.0106174887437 0.0871281618856 -0.00824069866686 -0.0115670735635 -0.0142895632613 
0.0566698294301 0.00244539516024 0.0355248884678 0.0118993434017 0.0336037411434 0.0444044017212 0.0392200554889 -0.0113156153641 0.0219110299273 0.0248561800391 -0.00503422023517 0.00282249263146 -0.016962333707 0.034946474555 0.00493789624902 -0.029266240365 -0.00716736622164 0.0439725822275 0.0619025113986 0.574706162906 0.0378105340736 0.04533759903 0.0536874476248 0.0340764273852 0.002333152143 0.0312184073469 0.0242343704606 0.035848120836 0.0317525830455 0.00968818097724 -0.0022639371075 0.0165788662896 0.0349111929904 0.0115548171773 0.0447085101906 -0.00229894130663 0.217266915352 0.0215530766113 -0.0205928136603 0.0461263920188 0.0176863511895 0.0181474678263 -0.0115527008472 0.00119634512358 0.220735904221 0.0933836647559 0.0336667690065 0.0269350966803 -0.0218306966428 -0.0149233670421 
0.00807739051149 0.0123544346555 0.0183907612095 0.0175233993703 0.0443294432134 0.0599646544418 0.00596655042177 0.0589221511854 0.0256552956843 0.0143517846749 0.00777469628746 0.0258665457348 0.00910939316833 0.0255692680433 0.0112191272774 0.0217653787612 0.016033122372 0.0419555974639 0.0346259184788 0.0378105340736 0.15849708881 0.0223639853246 0.0432357742238 0.0179764444367 0.0149378121759 0.0602006048638 0.0239369240982 0.0290171836104 0.0218998838878 0.0198616858517 0.0294694314793 0.0212499655868 0.00644999066905 0.0158312565264 0.0591158131864 0.0165764575595 0.0351681608555 0.026521834757 0.0272644459287 0.00581840391175 0.00713711437472 0.000591183847883 -0.0104346108768 0.0326750155182 0.0276202998647 0.0237694281797 0.0264786789117 0.0175574085609 0.0253740560208 -0.00293685204164 
-0.00243152669304 0.00783927240214 0.00690067643317 0.0134844619804 0.0376112721694 0.0432972576228 -0.00953350245449 -0.0100676101312 0.0108506050726 0.00932950828761 -0.000468914694402 0.0454484257207 0.00346530371993 0.035426571189 -0.0111569465224 -0.0110289297852 0.0172390985296 0.0211091939736 0.0225639599609 0.04533759903 0.0223639853246 0.233463889387 0.0631391734808 0.00999968375206 0.037854472184 0.0359473647199 0.0135248886787 0.00924869508227 0.0485381112246 0.00959124652876 0.0116642604197 0.0041508603542 0.0121569700844 0.00735435011734 0.0292483300694 0.00675088400917 0.0191398895842 0.0354863307389 0.0205777485744 0.063631903499 -0.0131029549188 0.010961853618 0.00284656000388 0.033878007992 0.0518248554446 0.0291434904362 -0.0100887326839 -0.0100767194119 0.0115655011137 0.0116815063982 
0.126703718399 0.027222071159 -0.0247246672334 -0.0235323612165 0.0512893780506 0.0451934502891 0.0206925448202 0.00217369467862 0.0353958159532 0.0340285667364 0.0245208763067 0.0719291690636 0.00228492889829 0.01892347345 -0.0101700724632 0.00963771234984 0.0707160825657 0.020703031654 -0.0112226480481 0.0536874476248 0.0432357742238 0.0631391734808 0.87034779697 0.0216370492638 0.053100901595 0.0894536557534 0.0258357999173 -0.0185018800789 0.00515437385605 0.027135750289 0.0387713069955 0.0340116854641 0.0523890711167 0.02559204834 0.0477566364735 -0.01141962527 0.0161199841748 0.0331836272585 0.0647666063674 0.0563056355947 0.0380233763336 0.00976702890152 -0.0179958252857 0.000220954664772 0.0217942069301 0.0074876609309 0.0424276836861 0.0495823019262 0.00993240399338 -0.00411937628728 
0.0192487062156 0.00885288724988 0.0234440771758 0.00266696988088 0.0158459147782 0.00419549129132 0.0212146919963 0.00502746381863 0.0228837041793 0.00179374700451 0.0317475762786 0.0164078017835 0.00575699907441 0.00914710629339 0.0251782184394 0.0118180646574 0.0120931008346 0.045258681661 0.0159633063798 0.0340764273852 0.0179764444367 0.00999968375206 0.0216370492638 0.175235968663 0.0069289745783 0.0170344444199 0.034050540484 0.0197694298275 0.00606685183449 0.0406576329231 0.0104313945282 0.00709888088981 0.00632278334305 0.0139971810725 0.00862797964851 0.0158599287208 0.0281175539899 0.00745953272891 0.0297971207054 0.021017333486 0.0369135579856 0.0269137894504 0.00252928134054 0.0424151245972 0.0307552809726 0.0252423665073 0.0155179894985 0.00775040033693 0.0206950489314 0.00677554906725 
0.00677578578518 -0.0112027375879 0.0179115967779 -0.000799560178566 -0.00777327746877 0.010678828038 0.00634362861252 0.00416478899889 0.065885817912 0.0225561173681 0.0270514086029 -0.0029994602806 0.00240800260591 0.0125722260483 -0.00237819171353 0.019047064945 0.0290751276656 -0.025374699395 -0.00920988566161 0.002333152143 0.0149378121759 0.037854472184 0.053100901595 0.0069289745783 0.332224513633 0.0166336231023 0.0137201177458 0.0525675308581 0.0208988121237 0.00528780245251 0.0164376811981 0.0152432874398 0.00921261565493 -0.00582390188147 0.00598597413562 0.0142873548211 0.0305198085443 0.00442461854267 0.0208576389977 0.00628306172472 0.0412852130839 0.0322510824639 -0.0211404182697 0.0241814225591 0.0485365864404 0.00950080911611 0.0116443774268 0.011509743815 0.0140194789998 -0.00262423176819 
0.0395890893181 0.0230591241977 0.0205317980234 0.0203853652746 0.0189952772803 0.0601021867206 0.0146974300398 0.013267868197 0.0345618789621 0.0160440016154 0.0162238078954 0.0230537078626 0.0168550189812 0.0331547970284 0.0243333486687 0.00921326337532 0.0116438592842 0.0135252079075 0.048093334141 0.0312184073469 0.0602006048638 0.0359473647199 0.0894536557534 0.0170344444199 0.0166336231023 0.17753140152 0.0298756400679 0.0185762864734 0.00470497424569 0.0272864510261 0.0247810513586 0.00257721233564 0.0248398188525 0.0247209824432 0.0592567988161 0.0190597101881 0.0202973048802 0.0251328304538 0.00845113653343 0.0187194615401 0.0196002861213 0.0114963913372 0.00888125477696 0.0264292533252 0.0246923686318 0.0304552641081 0.030868420636 0.0199151557152 0.0222572497314 0.00484362876785 
-0.0245147470845 0.00138977231057 -0.00102260851443 -0.000450714173549 0.0265959928688 0.0274833575161 0.0256152694154 -0.00193093403424 0.0212630444621 0.0134712033625 0.00737998278022 0.0104969409903 0.0288199253656 0.0256775880237 -0.0146086488087 0.000282890244228 0.0204733557248 0.0103750288242 0.0166420415121 0.0242343704606 0.0239369240982 0.0135248886787 0.0258357999173 0.034050540484 0.0137201177458 0.0298756400679 0.324021789343 0.0191397107189 0.00615350979981 0.03020182401 0.0182343714653 3.96812987686e-05 0.0135302356334 0.0210533939509 0.0205834515766 -0.00303115454577 0.00892732551443 0.00359537407542 0.0235818937501 0.0186339099934 0.0272734138655 0.0344917228266 -0.0136928151937 0.0128735089198 0.00249643016927 0.00761355149937 0.0248335388549 0.000397875651315 0.0287221357468 -0.00948524487046 
0.00872030388215 0.0236820732629 0.0215907151183 0.0180214819172 0.0133280721882 0.0293633725374 -0.00662076638442 0.0292989579738 0.0310618854908 0.0104451628973 0.00820013665786 0.00728129829183 -0.00311197603833 0.0186590933214 -0.00193104493188 0.0205231078823 0.023116324359 0.00811882847178 0.00269490000978 0.035848120836 0.0290171836104 0.00924869508227 -0.0185018800789 0.0197694298275 0.0525675308581 0.0185762864734 0.0191397107189 0.286979694514 0.0124369045006 0.0102448923445 0.0344211256428 0.0355995469501 0.0237612018654 0.0058786158203 0.0155400114616 0.00368414467566 0.0420572130021 0.0163158620143 0.0135549685918 0.00793601807914 0.0463641576626 0.053206955117 0.0366657336296 0.00212318913159 0.0539876150011 0.0280569086832 0.0126261369813 -0.00651661383873 0.019956931509 0.0155571632192 
-0.0182766938023 0.00814943390199 0.025530090799 0.0081198036776 0.0332057414331 0.0177902974699 0.0126075845387 -0.0064826238858 0.00877927182914 -0.00951002602018 -0.00368989280674 0.00609008435683 -0.00201289904308 0.0215052156912 0.0034890314649 -0.0254411543682 0.0154188116479 0.000880135558628 0.0114372585785 0.0317525830455 0.0218998838878 0.0485381112246 0.00515437385605 0.0060668518345 0.0208988121237 0.00470497424569 0.00615350979981 0.0124369045006 0.189038911008 0.0034677607479 0.014284505832 0.0214195354621 0.00906156057775 0.0162005710846 0.0126350980801 0.0262201621189 0.0188348506664 0.0313009123884 -0.00577185740324 0.0633652618141 -0.0020557881544 -0.00899398681476 0.0116179927842 0.0125118631251 0.0310867455729 0.0210417636326 -0.0128087435198 0.00921731730314 0.00799542067567 0.00490563857734 
-0.00459221501757 0.00532517351816 0.0181561441338 0.0235045310333 0.0354006656788 0.026333495186 0.00925105319176 0.0462448269553 0.0378759604455 0.0159210648493 0.0192217084842 0.0100632089145 0.0125887265245 0.0347237839335 0.023788487116 0.0184228836806 0.0216181826978 0.0394091202113 0.00677233078777 0.00968818097724 0.0198616858517 0.00959124652876 0.027135750289 0.0406576329231 0.00528780245251 0.0272864510261 0.03020182401 0.0102448923445 0.0034677607479 0.192483353451 0.0093301368851 0.00692511386086 0.0244701130991 0.0139010470752 0.024750327122 0.0133934902562 0.00600552451386 0.0129985991466 0.0200947900099 0.0250487366812 0.0483624824702 0.00140282902503 -0.0151501767527 0.0121093521717 0.0250489541788 0.0130741269541 0.0276539526046 0.0093187253805 0.0343838408982 0.0324033934269 
0.000339599027557 0.01862474404 0.0148089596538 0.00395792181334 -0.00372368999246 0.0166366055916 0.0107890681471 -0.0127945780332 0.028824908689 0.00125814762859 0.0281825689857 0.0193302584937 0.00875261869754 0.00890162333212 0.00259579160486 0.0351409977295 0.0252502946736 0.0354294324087 0.0326297578303 -0.0022639371075 0.0294694314793 0.0116642604197 0.0387713069955 0.0104313945282 0.0164376811981 0.0247810513586 0.0182343714653 0.0344211256428 0.014284505832 0.0093301368851 0.164730147282 0.0526619089395 0.00188664565076 0.0141753820105 0.0318057419618 0.0104533267407 0.0261686636694 0.0158347704085 0.0468185855594 -0.0112083881589 0.00609039633695 0.00627757918485 -0.0114285812309 0.00937079828021 -0.00605490753139 0.00675806284561 0.00841142501418 -0.00160769323144 -0.00301131714883 -0.00332954599522 
0.0215317592474 0.0113013626797 0.0284669801082 0.00471770196042 0.00466456038964 0.00455075230791 0.00256368314153 0.00644919581688 0.00629364697757 0.00958196876126 0.018347272483 -0.0129937311562 0.0167992370773 0.0101606101805 0.00761844970193 0.0220886206904 0.0275890683805 0.012723170375 0.00427179104985 0.0165788662896 0.0212499655868 0.0041508603542 0.0340116854641 0.00709888088981 0.0152432874398 0.00257721233564 3.96812987685e-05 0.0355995469501 0.0214195354621 0.00692511386086 0.0526619089395 0.201493203269 0.019010766454 0.00825811506301 0.00844292420892 0.0190755413701 0.0202767386264 0.0127995530947 0.0655414852071 0.0110293692938 0.0236195119135 0.0135950739912 -0.00262740144549 0.000474128088158 -0.00275884424227 0.00774250678845 0.0187268089399 -0.00581936968008 0.0431179210045 0.00192227696642 
0.00705841254365 -0.00329603019753 0.015666823674 0.0112473080443 0.0107122715793 0.0219862046294 -4.38408620083e-05 -0.0265264750385 0.0105628297789 0.00304396333262 0.0134696795205 0.0222098415468 -0.0010362485247 0.0178411254481 -0.0176281268453 0.0124677204836 0.0155415123583 0.00717644870296 0.0430085383608 0.0349111929904 0.00644999066905 0.0121569700844 0.0523890711167 0.00632278334305 0.00921261565493 0.0248398188525 0.0135302356334 0.0237612018654 0.00906156057775 0.0244701130991 0.00188664565076 0.019010766454 0.217907995426 0.0065168064285 0.0175990822042 0.00801013782578 0.0100885537304 0.0123906343235 -0.00378164991962 0.0218900457413 -0.00167907851526 -0.0196435998989 0.0134424808933 0.0505939810271 0.0268880155411 0.0436719363446 0.0398675401821 0.0219386049085 0.0149504791586 0.0184790686009 
0.0326080208375 0.0143900452677 0.0319232985053 0.0099209285743 -0.00453849285526 0.00862053572617 0.0204952041078 0.0233420018052 0.00785149980502 0.0121343923871 0.00867423823473 0.0102493497298 -0.00639105873177 0.00275150543467 0.0180170310041 0.00484756727295 0.019915202647 0.0216425320306 0.00700581431605 0.0115548171773 0.0158312565264 0.00735435011734 0.02559204834 0.0139971810725 -0.00582390188147 0.0247209824432 0.0210533939509 0.0058786158203 0.0162005710846 0.0139010470752 0.0141753820105 0.00825811506301 0.00651680642849 0.128354529291 0.0123795813842 0.0175034595449 0.0113907313225 0.0272556537327 0.0122673340385 -0.00614723268133 0.032049032219 0.0170942910484 -0.01162995799 0.0223144360083 0.0296472309687 0.0261935479495 0.0109090993473 -0.00559425401467 0.00547296824511 -0.00159684827567 
0.0198572512366 0.0165415352239 0.0139592322034 0.00199675772102 0.023639877196 0.068867707709 0.0134133342944 0.0496188887707 0.0173945816818 0.0185708402607 0.0155985435837 0.0128507682583 0.015880380931 0.0148697745641 0.016563590302 0.0203059914555 0.0233839482975 0.0180792740333 0.0306780088556 0.0447085101906 0.0591158131864 0.0292483300694 0.0477566364735 0.00862797964851 0.00598597413562 0.0592567988161 0.0205834515766 0.0155400114616 0.0126350980801 0.024750327122 0.0318057419618 0.00844292420892 0.0175990822042 0.0123795813842 0.158155981806 0.00796283426792 0.0112914132751 0.0257763814136 0.0215950333245 0.00934790732303 0.0171730648827 0.0135383309969 -0.00842629612901 0.0239835598977 0.0132087285295 0.0156027755621 0.00919461380933 0.00450843988371 0.0118585900244 0.00699894762183 
-0.00903399446392 0.000590352252377 0.001111160018 0.00918973193462 0.000908602050708 0.0089344435852 0.00500106116764 -0.00217505618258 0.00088672061537 0.00126947415381 0.00699143700121 -0.00343531998429 0.00968015592281 -0.00793215988244 0.0158353929551 0.00813637608572 0.0145430162397 0.0115996977906 0.055796739288 -0.00229894130663 0.0165764575595 0.00675088400917 -0.01141962527 0.0158599287208 0.0142873548211 0.0190597101881 -0.00303115454577 0.00368414467566 0.0262201621189 0.0133934902562 0.0104533267407 0.0190755413701 0.00801013782578 0.0175034595449 0.00796283426792 0.145921190422 0.00291370722766 0.00224591465257 0.0160287710038 0.0188248443031 0.00640534182399 0.00551863467381 0.016367978448 0.00999535312774 0.000545559481365 0.00470811337529 0.00292358014241 0.0209249594991 0.00235437639042 -0.0189889138039 
0.0340786654606 0.0307397446804 0.0246310767948 0.0137911283017 -0.0156457699182 0.0246218030568 0.0149304666998 -0.0059591884439 0.000981707979131 0.0289023478677 -0.00861613022778 0.0325594190486 0.00891028071253 0.0559174422169 0.0184015093171 0.00685592476505 0.00522177716075 0.0125854565787 0.0275329245357 0.217266915352 0.0351681608555 0.0191398895842 0.0161199841749 0.0281175539899 0.0305198085443 0.0202973048802 0.00892732551443 0.0420572130021 0.0188348506664 0.00600552451386 0.0261686636694 0.0202767386264 0.0100885537304 0.0113907313225 0.0112914132751 0.00291370722766 0.389696867422 0.0152469006992 -0.030671904314 0.0405785668397 0.0342157995547 -0.00799878114239 -0.00149701484323 0.0205664019064 0.219696390249 -0.00634933778683 0.0215202957394 -0.00900274323868 -0.00675182744421 -0.0275430830186 
0.00650448420788 0.0123263804916 0.0196329319221 0.0216288334311 0.0240756987752 0.00785158640947 0.00549031473471 0.00115960591852 0.0156306146611 -0.0034702828696 0.0148022955779 0.00908365325532 0.00173182011654 0.0301160354904 -0.00544807036213 0.00405444600488 0.00546345988994 0.0089916374648 0.00914708726939 0.0215530766113 0.026521834757 0.0354863307389 0.0331836272585 0.00745953272891 0.00442461854266 0.0251328304538 0.00359537407542 0.0163158620143 0.0313009123884 0.0129985991466 0.0158347704085 0.0127995530947 0.0123906343235 0.0272556537327 0.0257763814136 0.00224591465257 0.0152469006992 0.138558546868 0.00278346000671 0.0302724858544 -0.00175994302896 0.0132646349002 -0.00687220111212 0.00566700662027 0.0251718896292 0.0206188580365 0.00350977160984 -0.00139030354641 0.00867400910534 0.0147161975581 
0.0331038119099 0.0249731027951 0.0193492724204 -0.000144156923898 -0.000514464229225 0.0250772259047 0.0209589242015 -0.0358869691061 0.0340195165954 0.0221573927787 0.0117100600203 0.00745771756355 0.0148705367119 0.00726625462178 0.0204032811929 0.025282252017 0.00499161713686 0.00989287719149 0.0119410686175 -0.0205928136603 0.0272644459287 0.0205777485744 0.0647666063674 0.0297971207054 0.0208576389977 0.00845113653343 0.0235818937501 0.0135549685918 -0.00577185740324 0.0200947900099 0.0468185855594 0.0655414852071 -0.00378164991962 0.0122673340385 0.0215950333245 0.0160287710038 -0.030671904314 0.00278346000671 0.3272102032 0.0158117056729 0.035935051856 0.0163927331039 0.00264027276153 -0.00338826720607 -0.0120806724627 0.0251338628532 0.00994143253421 0.0208880495045 0.0335733717803 -0.00187300082269 
0.0426999951927 0.00951305688714 0.00910518131778 0.0114571569278 0.0359095652108 0.0204249693223 0.0173607434019 0.00459692731365 0.0367539581115 0.0035719455752 0.00187473374613 0.0367200317755 -0.00123704490066 0.0449573530756 0.0191311092082 -0.00080779588126 0.00550396717061 0.0296655767159 0.00237664720728 0.0461263920188 0.00581840391175 0.063631903499 0.0563056355947 0.021017333486 0.00628306172472 0.0187194615401 0.0186339099934 0.00793601807914 0.0633652618141 0.0250487366812 -0.0112083881589 0.0110293692938 0.0218900457413 -0.00614723268133 0.00934790732303 0.0188248443031 0.0405785668397 0.0302724858544 0.0158117056729 0.240158203066 0.00497875861343 0.0119763043136 -0.0148564211898 0.0291505152637 0.0571857569917 0.0198027581105 -0.000998983005231 -0.00251813023987 0.0309019996418 -0.000931036979236 
0.0546265364923 0.0152102507008 0.0102868277929 0.0250358168883 0.0281552745935 0.006546293112 0.0168766054095 0.00401383668196 0.0136452205295 0.0302092196607 0.0254771386199 0.0135622061598 0.00786849950904 0.0154698984836 0.0249536589635 0.0115486835215 0.0171729998683 0.046470743728 -0.00971979963709 0.0176863511895 0.00713711437472 -0.0131029549188 0.0380233763336 0.0369135579856 0.0412852130839 0.0196002861213 0.0272734138655 0.0463641576626 -0.0020557881544 0.0483624824702 0.00609039633695 0.0236195119135 -0.00167907851526 0.032049032219 0.0171730648827 0.00640534182399 0.0342157995547 -0.00175994302897 0.035935051856 0.00497875861343 0.347653545641 0.0369743443776 -0.0333778189546 0.0349892738314 0.0401040083377 0.00051728965461 0.0206471047812 0.0289358243381 0.0253731301785 0.00842734273125 
0.0254885659713 -0.00122932524542 0.0377070566944 0.0209540039474 -0.00016486073732 0.0187988890959 0.00598986935781 0.0152032457068 0.00295927056717 0.0205725622756 0.0110995507196 -0.00289765711805 0.0175134623695 0.00441616282358 0.0073049841639 -0.012892351264 0.0124554768561 0.0437762671635 0.00139938006194 0.0181474678263 0.000591183847883 0.010961853618 0.00976702890152 0.0269137894504 0.0322510824639 0.0114963913372 0.0344917228266 0.053206955117 -0.00899398681476 0.00140282902504 0.00627757918485 0.0135950739912 -0.0196435998989 0.0170942910484 0.0135383309969 0.0055186346738 -0.00799878114239 0.0132646349002 0.0163927331039 0.0119763043136 0.0369743443776 0.212120763528 -0.0261059041913 0.0270364157652 0.0190835029436 0.0113626439878 -0.00831317339662 -0.000907805268894 -0.00419931636525 -0.00559424787325 
-0.0397325177197 -0.0111805508425 -0.0628617001775 -0.0286461496544 -0.0194759257132 -0.00568954883692 0.0162759129854 -0.0167228795682 -0.00666366297167 0.0108461226838 0.00446005869223 -0.0200065894667 7.65430359038e-05 0.00362166472166 -8.73472952816e-05 -0.0193550913692 -0.00737338123477 -0.0100094473705 0.00241959139299 -0.0115527008472 -0.0104346108768 0.00284656000388 -0.0179958252857 0.00252928134054 -0.0211404182697 0.00888125477696 -0.0136928151937 0.0366657336296 0.0116179927842 -0.0151501767527 -0.0114285812309 -0.00262740144549 0.0134424808933 -0.01162995799 -0.00842629612901 0.016367978448 -0.00149701484323 -0.00687220111212 0.00264027276153 -0.0148564211898 -0.0333778189546 -0.0261059041913 1.93478546035 0.00827059970201 -0.0121146484927 -0.00793681717019 0.000215901044607 -0.0223714027581 -0.0131442160354 0.054062787133 
0.0606508619296 -0.00559146018622 0.0440267809438 0.0652488509454 0.0286007411719 0.0303906578396 0.00341687483548 0.0685074037077 0.013000358505 0.0246097885679 0.0180557602696 0.00238473591323 0.00313250974648 0.00116403407074 0.0264265104772 0.00460853428693 0.0169483012967 0.0996135711025 -0.00458587938677 0.00119634512358 0.0326750155182 0.033878007992 0.000220954664771 0.0424151245972 0.0241814225591 0.0264292533252 0.0128735089198 0.00212318913159 0.0125118631251 0.0121093521717 0.00937079828021 0.000474128088157 0.0505939810271 0.0223144360083 0.0239835598977 0.00999535312774 0.0205664019064 0.00566700662027 -0.00338826720607 0.0291505152637 0.0349892738314 0.0270364157652 0.00827059970201 0.390847531513 -0.000254659059543 0.00356589219003 0.00800281535608 -0.00452430944373 0.0194521226885 0.0291805160452 
0.00612683740565 -0.00452581042634 0.0318679015429 -0.0162799770542 0.0312951580572 0.0228335962026 0.0111331789423 -0.0307516926039 0.0105830738819 0.0355422016489 0.00395643183177 0.0100406255821 -0.00480824412254 0.0628224280617 -0.000459034361419 -0.00432728900852 -0.0110173084815 0.024700871051 -0.0214517078741 0.220735904221 0.0276202998647 0.0518248554446 0.0217942069301 0.0307552809726 0.0485365864404 0.0246923686318 0.00249643016927 0.0539876150011 0.0310867455729 0.0250489541788 -0.00605490753139 -0.00275884424227 0.0268880155411 0.0296472309687 0.0132087285295 0.000545559481366 0.219696390249 0.0251718896292 -0.0120806724627 0.0571857569917 0.0401040083377 0.0190835029436 -0.0121146484927 -0.000254659059543 0.534740998491 -0.0197444587097 0.0315873940759 0.0198465729607 0.00580895107997 0.00834683356812 
0.00824518138396 0.00222601655254 0.0448090236811 0.0133974210224 0.0132642113742 0.0246283004465 0.0158694124749 0.109182364927 0.00850588523183 0.0188450564552 0.0125411717184 0.0304932027689 0.020851606394 0.00446579517626 0.0180102237195 0.0162458784597 0.00278243793822 0.0455991911631 -0.0106174887437 0.0933836647559 0.0237694281797 0.0291434904362 0.0074876609309 0.0252423665073 0.00950080911611 0.0304552641081 0.00761355149937 0.0280569086832 0.0210417636326 0.0130741269541 0.00675806284561 0.00774250678845 0.0436719363446 0.0261935479495 0.0156027755621 0.00470811337529 -0.00634933778683 0.0206188580365 0.0251338628532 0.0198027581105 0.00051728965461 0.0113626439878 -0.00793681717019 0.00356589219003 -0.0197444587097 0.692207712953 0.00695996068228 0.0136665773061 0.00863742669557 0.0267613730632 
0.0122847628302 0.0030847614414 0.0200758408983 0.0198609312515 0.0021551494788 0.027192614928 0.0233301076032 -0.0102823910457 0.0130702539622 -0.00194097863251 0.012990041676 0.0146373560503 0.00363300166283 0.0276551492813 0.00756407913169 0.00498031327946 0.013251075895 0.00106156677886 0.0871281618856 0.0336667690065 0.0264786789117 -0.0100887326839 0.0424276836861 0.0155179894985 0.0116443774268 0.030868420636 0.0248335388549 0.0126261369813 -0.0128087435198 0.0276539526046 0.00841142501418 0.0187268089399 0.0398675401821 0.0109090993473 0.00919461380934 0.00292358014241 0.0215202957394 0.00350977160983 0.00994143253421 -0.000998983005231 0.0206471047812 -0.00831317339662 0.000215901044607 0.00800281535608 0.0315873940759 0.00695996068228 0.16844886923 0.00689626585393 0.0125656898096 0.0094697507442 
