60
0.0451759103614 0.39235550597 0.0291549562933 0.0493961611292 0.171628318037 0.0445332570478 0.0617018630506 0.0270606760034 0.0292815331214 0.0759168136047 0.0372282541949 0.102568127786 0.0358059899839 0.106465020668 0.0268374832388 0.0213104348082 0.168192385625 0.0917148498368 0.025042174885 0.0695206157777 0.0625636206577 0.0205902908148 0.0347685991573 -0.00648668223639 0.16701162673 0.0368602928082 0.0248803539628 0.0172601721071 0.0616353203302 0.151477321577 0.0649337142294 0.0965978414643 0.0623269012124 0.0161964684659 0.0316717201181 0.100220943784 0.0914492870129 0.0900156737744 0.0038222736377 0.0339335468557 0.0275413533974 0.0445346556631 0.0773544805674 0.00788248566947 0.0160922749751 0.0288411222523 0.0413132452317 0.191301962015 0.0896896089949 0.0493061267197 -0.00305157485537 0.109746753301 0.0639224219563 0.0498180241401 0.0731585002716 0.0414486045552 0.085684238521 0.158066549078 0.10643743266 0.0243185800675 
0.359010339586 -0.00485865543999 0.00264550582859 0.0238652887856 0.0135743181054 0.0160244931342 -0.0138609548196 0.00352281103622 0.0172805286168 0.0227357323034 0.0359604605172 0.0299933808505 -0.00260310879199 -0.000612502373997 -0.000428128878233 0.00984867163142 0.020329886427 0.0117531290878 0.00737494375017 -0.00852275014106 0.0409048500184 -0.00362944702378 0.0118254828581 0.0141171617662 0.0341043075573 0.00915919275018 0.0340415256485 0.00620137262283 0.0186339946196 0.0168221928309 0.00710198819883 0.0234588693609 0.0289627389446 0.0252602310821 -0.0117273498725 0.0204419676783 0.0686673326398 0.00845644225608 0.015592772043 0.0216275132699 0.0182287038637 0.0217995657697 0.0126664154257 0.0204172297919 -0.0296283183934 -0.0055148735507 -0.00219539628363 0.036576472644 0.0458642071301 0.0018856698614 0.0302322068022 0.00926903582997 -0.00623651876213 0.0127235530189 0.0376317408714 0.0264184086329 0.051322049213 0.0033594540457 0.0176820781126 -0.0281419758075 
-0.00485865543999 3.19399008957 0.0344002397345 -0.0234411548043 -0.0579114620484 0.0489482312398 0.0209026784612 -0.00828299518311 0.021018268812 -0.0137757567915 0.0403651649774 0.0148529557397 0.00266447490543 0.034087026285 -0.0118810931664 0.0448406263969 -0.0112462785309 0.00297988603016 0.0123324535696 0.0033342899111 0.0419632367095 -0.0131514634064 -0.0224889269051 0.00241868619467 0.0487611062208 -0.00814754382797 0.0158163889793 0.0270415895362 0.0159121502833 0.0151293855141 -0.00304698191986 0.0361545584229 0.0120345613983 0.03824064732 -0.00373397821949 0.000136051687331 0.00891750252203 0.00998532114083 0.00107271857084 0.00507673207813 -0.0054323990022 0.0647853981908 0.0270856277229 0.08445218421 -0.0414501824427 0.0300854167298 0.0269168405318 0.0832734847159 0.0172234693843 0.0143653010026 -0.0147199119619 0.0189976626692 0.00221976344786 0.0054461455724 -0.0203106566809 0.219330803138 0.0152358628959 0.039220703724 0.0570893509161 0.00450333109928 
0.00264550582859 0.0344002397345 0.245983239549 0.0171074429259 0.0369217330558 0.00683667179122 0.00484538903505 0.00235797350364 0.0118323196282 0.0104955212962 0.00767773250142 0.0181955437587 -0.00112121656373 -0.00259432401885 0.0154615455503 0.00849021048304 0.0212262238625 0.0072103035972 0.00598263971736 0.00482280982379 0.0075114654898 0.00991911916275 0.00855259097832 0.00307571902702 0.00587450415112 -0.00109922481108 0.00105564892985 0.00599307067893 -0.00210179585677 0.0209489616594 0.0113809097122 0.0197217066135 0.0329488497355 0.00763427734445 0.0244896093062 -0.0164716042693 0.00840550233703 0.0205729986496 0.00162284614578 -0.00538083134707 -3.10055425947e-05 0.0232099664525 0.00832562797935 0.0169010710574 0.0109958481322 0.00594868637853 0.0160785283811 0.00315458468001 0.00464887415609 0.00199178437412 -0.00244758679074 0.018817641502 0.00461371308017 0.0158068258947 0.00318783664248 0.0196674474811 0.00386046455619 -0.0111207058104 0.0354147819574 0.0156735254249 
0.0238652887856 -0.0234411548043 0.0171074429259 0.420910443503 0.0382092575002 0.00484983512401 0.011844332867 0.0197142239473 0.0160068206196 -5.65625593438e-05 0.00544312469399 0.00926439109454 0.00809063289136 0.010312868573 0.0242167797614 -8.53043139476e-05 -0.00631883383303 0.0179823920985 -0.00549301947348 0.0181620199854 0.0145084363543 0.0258675845661 -0.000211235760114 0.0265527266298 0.00199473491108 -0.0101452456667 -0.00805451677516 0.0136953899247 0.0076974139539 0.016887927914 -0.00029739263945 0.0146477177144 0.00896299149622 0.00105461472285 0.0134081996822 -0.0146259662572 0.0072604060715 0.0040273974411 0.0183364744267 0.00578829345635 0.0122986899102 -0.00216072693359 -0.00535927428304 -0.00380970317103 -0.0173681365541 -0.0110404460591 0.00883123662562 0.015132646815 0.0189222421214 -0.008500532594 0.029787990151 0.0233446068499 0.0132428143243 -0.00208916813911 0.0209772990219 0.017042480083 -0.00958336813604 -0.00927644092044 -0.0119215432334 0.0131346101575 
0.0135743181054 -0.0579114620484 0.0369217330558 0.0382092575002 0.253996054456 0.0189186674033 0.049612688988 0.0187945016356 0.0164334628849 0.0249351398169 0.0270774159781 0.0182510774555 0.012657676777 0.0174269982147 0.000835273572761 0.00190035697886 0.0134154119969 0.0239157534471 0.0140039954309 0.00231038707071 0.00760670671935 0.021722830788 0.0147216343995 0.0046928437455 0.0325176624233 -0.00656492818862 0.0122013373392 0.0304358437571 0.00669611824532 0.0642662034702 0.0152692506306 0.0156625874859 0.020434535131 0.023159679824 0.016900614199 0.0178512977446 0.0112823195314 0.00417251948183 0.0134282367774 0.00594377570284 0.0312872479629 0.0196937274446 0.00796948182371 0.0205313053533 0.0039333292669 0.0300239133494 0.00420047395157 0.0242809829356 0.011451650568 -0.00557943592185 0.00397245402077 0.0147203355112 0.0301877334634 -0.00456795759406 -0.0245241252316 0.00941224012103 -0.0110428110683 -0.0339988958821 0.0179810795496 -0.0133712592952 
0.0160244931342 0.0489482312398 0.00683667179122 0.00484983512401 0.0189186674033 0.171355399016 0.0250148820325 0.00883787119845 0.00921891382194 0.0207241762292 0.0207542201944 0.0124371186075 0.0032652123197 0.00465665682254 0.0159862104116 0.00899762988831 -0.0059694404176 0.00252425535465 0.0164335054614 0.00806133077448 0.0126287724621 -0.00617250937809 0.00768665244912 -0.0103455042701 0.00269439613507 -0.0101855102394 0.00361877022536 -0.00923760434032 0.00637354582268 0.00164741493036 0.00864701265256 0.0276628672881 0.000473881622925 0.0107154890986 0.00621518598021 -0.00218146716927 0.0149382212457 0.00688973354457 -0.00378721091792 0.031912885234 0.00546062746207 0.000623008635471 0.0156662722996 0.0144966779829 0.00306015108467 0.00404354787546 0.0155508362228 -0.00943640016663 0.00185137232395 0.00895760778571 0.0154438301418 -0.0110419538893 0.0106589328955 -0.0108660008005 0.0170805208821 0.0353412112185 -0.00654519665712 -0.004883095592 -0.011877384619 0.00118334779575 
-0.0138609548196 0.0209026784612 0.00484538903505 0.011844332867 0.049612688988 0.0250148820325 0.23624337789 0.015411506403 0.0172651180919 -0.0122938644384 0.0178414545501 0.0353288837126 0.0277647923325 0.0239487241572 0.0142168609578 0.00874438198574 -0.0192703236745 0.0143211904471 0.0183694340214 -0.0173514299869 0.0209773275783 0.0241399600526 0.00128259235637 0.00544132409069 -0.0114981924685 -0.00990487171251 0.00275052678295 0.0243473608083 0.00505897988751 0.0416575047238 0.0250970464271 0.0148542891531 -0.000764067425608 0.0306922481239 0.0219164616863 0.102892641716 0.0169803923968 -0.0145530058951 0.022676008504 0.00724373111445 0.0251560781419 -0.00336661564144 0.0278257219831 0.0228444372531 0.0198383579317 0.0158979548921 0.00582210891195 -0.0267013694717 0.034135541354 0.0123731633555 -0.0102660373683 -0.000135888391154 0.0346952967015 0.000298884920147 -0.0118290353531 0.0239176267417 0.00887284126286 -0.00798613363308 0.00312888548692 -0.00264570363477 
0.00352281103622 -0.00828299518312 0.00235797350364 0.0197142239473 0.0187945016356 0.00883787119845 0.015411506403 0.180459418193 0.000438594052773 -0.0012001711488 0.0139669960721 0.0103571623783 0.0386639807115 0.027377564864 -0.00453868613534 0.0218449737799 -0.00787201603938 0.0253723957794 0.0068211214799 -0.011110356558 0.00644803990748 0.0262262537869 0.0554480861075 0.021767833911 -3.81238009928e-06 0.00674162638705 -0.0105006482662 0.00663734717785 0.00257802438774 0.0359130660182 0.00428588264947 0.00236487625646 0.0149130088209 0.0113088136003 0.0105520159078 -0.0161349714757 0.0297697797854 -0.0123792472677 0.0133878673031 0.0105577972444 0.0138778987491 0.0271676922946 0.00949596732515 -0.00144712494434 0.0124732440948 0.0215271912852 0.0041028678019 0.0469520843846 -0.00334452938815 0.0266802807471 -0.00372643112745 0.0602671098645 0.0243861056528 0.0712075810595 0.0106250517933 0.0132585227868 0.00709625749242 0.00185888436085 0.0976616352922 -0.00630516770721 
0.0172805286168 0.021018268812 0.0118323196282 0.0160068206196 0.0164334628849 0.00921891382194 0.0172651180919 0.000438594052769 0.13876873821 0.0142117567304 0.0149517353308 0.0308719627178 0.0104719153333 0.00727982306207 0.0185126423767 0.00593930461966 0.0142388827777 0.0160657123328 0.0221104579709 0.00980305969043 0.0109531086872 0.00794482592364 0.023205854081 -0.000182312043608 0.00840482355251 -0.00100206710692 0.0195706595377 0.0123630062608 0.0133026064581 0.00431787463247 0.0033724903343 0.0252075959418 0.0273241107646 0.0161335796009 0.00527917866501 0.0027222700929 0.0166524187001 0.0166054161718 0.0144685923561 0.0395610674843 0.012041096956 0.030009752196 0.02211614254 0.0302626958716 -0.00243274734811 0.023707098357 0.0184938261717 0.0325460795214 -0.00668819623111 0.00973558811199 0.0196152354236 -0.00153224648859 0.00521776167068 -0.00349952928651 0.0108530041081 0.0177246562085 0.019202907704 0.00288755051619 -0.00358054308163 0.0200915414164 
0.0227357323034 -0.0137757567915 0.0104955212962 -5.65625593433e-05 0.0249351398169 0.0207241762292 -0.0122938644384 -0.0012001711488 0.0142117567304 0.328917430398 0.00732018577661 0.0195001000218 0.0256567648539 0.00626874631578 0.00966033095216 0.0143246467838 0.0232430593424 0.0392732006829 0.00348798016628 0.000822703220273 0.0215178489868 0.016985519257 -0.0079886456089 0.0108601931552 0.0252993038186 0.0159516285893 0.0171005124048 0.00714782011895 0.0181166399652 -0.000293073060102 0.0118232864439 0.0744979615408 0.0298667213546 0.0284897089129 -0.00607033204831 0.0202764155754 0.0383290217811 -0.00632798095894 0.0237109205854 0.0129444071176 -0.00631384361423 0.00474184789908 0.0120364376341 0.0106549375529 -0.0153695589924 0.0139958476816 0.0193675215368 0.0166665791522 0.0359717583696 0.017260209072 0.00937299351823 0.00582245519379 0.0162278452006 0.0282535808629 -0.0246226293583 0.0151399965372 0.0113279418602 -0.00352852526178 -0.0126229748926 -0.00696043621535 
0.0359604605172 0.0403651649774 0.00767773250143 0.00544312469399 0.0270774159781 0.0207542201944 0.0178414545501 0.0139669960721 0.0149517353308 0.00732018577661 0.169118700726 0.0254205516536 0.00781964988276 0.0199266793605 0.00469282769392 -0.00165566461098 0.0134102935694 0.00878733331492 0.0176726439425 -0.00363214617198 0.028215660667 0.0239360866173 0.0165945541382 0.00721498498375 0.0297754907123 0.00285765214989 0.0190288016911 0.0238164715082 0.027407485677 0.0337961049217 0.0290025518495 0.020153871199 0.0109212021339 0.0193687019898 0.0241349023295 0.00984469875341 0.0416843657924 0.0152264941085 0.00479414655333 0.0194525955448 0.0185693728942 0.0105142216507 0.0190956845027 0.00856797084668 0.00629997020482 0.0089194598837 0.020175119337 0.00926649580532 0.00422954985429 0.0251185975758 0.0128113590991 0.0183721752094 0.0324577053196 0.0267763146497 0.0276475925507 0.0154504380252 0.0256556712457 -0.0221665442843 0.0156533806656 0.00841787284824 
0.0299933808505 0.0148529557397 0.0181955437587 0.00926439109454 0.0182510774555 0.0124371186075 0.0353288837126 0.0103571623783 0.0308719627178 0.0195001000218 0.0254205516536 0.257027217691 0.0183206229988 0.0187935775603 0.0266396249856 0.0143845008923 -0.0129393255013 0.0452282064176 0.02780109997 -0.0110837657169 0.0424331593627 0.00682503493315 -0.0108539520878 0.0129194437739 -6.06098406139e-05 0.00737167838015 0.0100794723756 0.00507416387858 0.0416370439653 0.00338760825483 0.0254347825684 0.0309572815512 0.04027426843 0.0362621788154 0.0165681065382 0.0188115662659 0.0650215054755 -0.00409685104909 0.00957202998383 0.0248958749773 0.0247187994338 -0.0015422293028 0.120492081318 0.0129600767933 0.00137515408171 0.0171296966514 0.00492265145515 0.0234533562625 -0.00419444128937 0.00471107838997 0.01887567193 0.0140005550398 0.0287161688283 -0.00722734319274 0.0293243341939 0.0197559754372 0.0876207350146 0.0219796837732 0.0190934719678 0.023240769437 
-0.00260310879199 0.00266447490543 -0.00112121656373 0.00809063289136 0.012657676777 0.00326521231971 0.0277647923325 0.0386639807115 0.0104719153333 0.0256567648539 0.00781964988277 0.0183206229988 0.212636870508 0.016209063621 -0.00424610567041 -0.00143174875392 -0.00684474604097 0.0125880922699 0.0192452225241 0.0315830638585 0.00413262706469 0.0158074691494 0.0426704280924 0.00916857508398 0.010574581686 0.00666501413336 0.00497450777353 0.00788092438509 0.0130233908635 0.0151953109043 0.0248766153256 0.0140495406131 0.0363382019498 0.0098338404454 0.0190791393912 0.00662771217791 0.0505670132147 0.015975864181 0.0186615030525 -0.00392028137488 0.00486409215456 0.0278603033829 -0.00245597075187 0.0139860661024 0.0129493055415 0.0169520902723 0.0105300887607 0.0245475355828 0.00821715889368 0.00870660725933 0.0130808152879 -0.00470186683299 0.0112457244363 0.0325749750085 0.00162257532767 0.0111476861829 0.0083261006096 0.00109460678828 0.039589924939 0.0166721172452 
-0.000612502373997 0.034087026285 -0.00259432401885 0.010312868573 0.0174269982147 0.00465665682254 0.0239487241572 0.027377564864 0.00727982306207 0.00626874631578 0.0199266793605 0.0187935775603 0.016209063621 0.254312652173 0.0044634933116 0.00574370896909 0.00958846873423 0.02282911863 0.0207445427459 -0.00329823595196 0.0256152194296 0.0339915801969 0.0170856446743 0.0124153524878 -0.00152414154832 0.00225133777632 0.00847111423785 0.0142328367855 0.0204586679968 0.0339461057928 0.0187905756407 0.0152459597568 0.0190608063444 0.0202503285508 0.0297746103053 0.012485754839 0.0359006448468 0.0213839151231 0.0124666612453 0.0229211500386 0.0170512049582 0.00329740726425 0.0196711049278 0.022932475833 0.019509820736 0.026276515966 0.0136559997956 0.0143043527469 0.0275582509568 0.00298064445498 0.0162875366675 0.0409592655909 0.00387750594548 -0.000193901247682 0.0430373915653 0.0139274644759 0.020716968955 -0.00918927973351 0.00575180411852 0.00469916437503 
-0.000428128878233 -0.0118810931664 0.0154615455503 0.0242167797614 0.000835273572763 0.0159862104116 0.0142168609578 -0.00453868613534 0.0185126423767 0.00966033095216 0.00469282769392 0.0266396249856 -0.00424610567041 0.0044634933116 0.145786234322 -0.00075633383625 0.0109426125386 0.0135699834345 0.0136525656442 0.00300648188288 0.0183021499535 0.0111590990552 -0.0054726389056 0.0215693973449 0.00465579680576 0.01085105308 0.0404252530657 0.0149491645219 0.0071975667271 0.00047937583329 0.0127948356855 -0.00171813834775 0.0030663048395 0.011848108135 0.0302656955711 0.0158266732361 0.0131822265207 -0.0106965886396 0.0140458591805 0.0129978624911 0.0183921829903 0.00789473339136 0.0299222240646 0.00656597414859 0.00882353674126 0.00748975755276 -0.00143101960159 -0.00818820132839 0.0140255329501 0.0111794383549 0.00271169442039 0.01315274058 0.0191168012971 0.0222400445816 0.00400492311702 0.00864922989286 0.00238468610773 -0.0143073316158 -0.00264418694487 0.0104073210706 
0.00984867163142 0.0448406263969 0.00849021048304 -8.53043139469e-05 0.00190035697886 0.00899762988831 0.00874438198574 0.0218449737799 0.00593930461966 0.0143246467838 -0.00165566461097 0.0143845008923 -0.00143174875392 0.00574370896909 -0.000756333836251 0.332863834062 0.00667343605118 0.0211140697322 0.0349809008045 0.0057593797853 0.0241552163743 0.0203629334642 -0.0085672253063 0.0255216236569 0.0481504384794 0.00920102444545 -0.00254562213637 0.0158391085507 0.0670848611576 0.00983443253626 0.00920306164442 0.0302418577677 0.00115187692101 -0.000615888347817 0.0192298805605 0.000687431325912 0.0314134276402 0.00720088654079 -0.00183607099364 0.022133472193 0.0236744103584 0.0273295762856 0.0286902807011 0.00241368047836 0.00375237604589 0.00170658653973 0.00392756625161 0.0731570771059 0.0385779673834 0.0221014385966 0.0245151876741 0.0347575996611 0.0184057191757 -0.0106901593973 0.015599972879 0.0176442236034 0.0178268503447 0.00379625210938 0.0102409135249 0.00729646384596 
0.020329886427 -0.0112462785309 0.0212262238625 -0.00631883383303 0.0134154119969 -0.0059694404176 -0.0192703236745 -0.00787201603938 0.0142388827777 0.0232430593424 0.0134102935694 -0.0129393255013 -0.00684474604097 0.00958846873423 0.0109426125386 0.00667343605118 0.679260495113 0.0207549448953 0.0206598922806 -0.008062161594 -0.0169499933492 0.0152243423451 -0.011533926747 -0.0202122483066 0.154232857379 0.0123418319662 0.0204913941512 0.0164131049 0.0041848160864 -0.00707723813335 0.00849967898368 0.00594569008444 0.0197397856578 0.000900032839284 0.00410769620528 -0.0297261459961 0.00775527632767 0.0545369177735 0.0114553876986 0.0144753929079 -0.0211345439695 -0.00164938532224 -0.0105769375437 0.0268452546621 -0.0067314571687 0.0261155336799 0.0016908866677 0.0216030865459 -0.02101247207 0.0696562443408 -0.00769053339664 -0.00333536380237 0.110470626193 0.0356024562367 0.0311961836517 -0.0272290826655 0.007357089229 0.0444525020496 0.0239543666216 -0.00285987079302 
0.0117531290878 0.00297988603015 0.0072103035972 0.0179823920985 0.0239157534471 0.00252425535465 0.0143211904471 0.0253723957794 0.0160657123328 0.0392732006829 0.00878733331492 0.0452282064176 0.0125880922699 0.02282911863 0.0135699834345 0.0211140697322 0.0207549448953 0.168464527209 0.0235938812304 0.026859214183 0.0171150256204 0.015788251687 0.0022634358897 0.0160341329986 -0.012079441235 0.0139817116156 0.00399732215261 0.0219320609887 0.0214632284006 0.0050662140418 0.0232984765141 0.0322383248762 0.0337646896749 0.0130142490652 0.0252839890035 0.0358423340797 0.0367354930497 0.0182657154213 0.0258781753051 0.00346383801476 0.0303332984902 0.0254899331486 0.0379189440024 0.0117297824903 0.00169068410348 0.0330489758382 0.00438637586776 0.0354786722673 0.0152620287324 0.0142651161989 0.0187926816425 0.00674874429611 0.0346238426836 0.0113880305038 0.0128646610873 0.0178061173229 0.0065990372022 -0.00657472600341 0.0323077275359 0.0214163030448 
0.00737494375017 0.0123324535696 0.00598263971736 -0.00549301947348 0.0140039954309 0.0164335054614 0.0183694340214 0.0068211214799 0.0221104579709 0.00348798016628 0.0176726439425 0.02780109997 0.0192452225241 0.0207445427459 0.0136525656442 0.0349809008045 0.0206598922806 0.0235938812304 0.156263585284 0.00948787021335 0.0269375936935 0.00997718504907 -0.00475022003712 0.00410092236259 0.0182535879387 -0.00139609668201 0.00898546316448 0.0118558792054 0.00921773661593 -0.00423399946928 0.0260582535685 0.0245436082605 0.0276958049903 0.0144804451472 -0.00120785830659 -0.00239185581958 0.039099344289 0.019916157044 0.00949186447045 0.0200224992223 0.0244856272559 0.00368364014053 0.0113319914945 0.0224477963925 0.0115181442947 0.0438488624264 0.00320420127021 0.00521681326643 0.0243053140569 0.0125555213297 0.00116330127971 0.0074459672605 0.0100343956539 -0.00263866480512 0.0479330174457 0.00483502355489 -0.00321359239479 0.00258847565622 0.024366945168 0.0256310006872 
-0.00852275014106 0.0033342899111 0.00482280982379 0.0181620199854 0.00231038707071 0.00806133077448 -0.0173514299869 -0.011110356558 0.00980305969043 0.000822703220273 -0.00363214617198 -0.0110837657169 0.0315830638585 -0.00329823595196 0.00300648188288 0.0057593797853 -0.008062161594 0.026859214183 0.00948787021335 0.801763486278 0.00328438621269 0.00285218320438 -0.0242971030238 0.00104904601866 0.0218069929742 -0.000110860104368 0.0218510333541 0.00245385870322 -0.00484055855285 0.0044530925266 0.0123154431879 0.0167932994005 0.00897742793615 -0.00215422738697 -0.0155071505707 0.028614271991 -0.00180716474229 -0.00832115341642 -0.00225532099051 0.00404050183743 -0.00211115193536 -0.00654017504198 0.00154498576816 0.0118128019322 0.0141643919599 0.0239845343928 0.0224699466256 0.0982750471377 0.00984099267174 0.00428977179392 0.00268787060236 -0.000829831507416 0.000301192614658 -0.00200287016329 0.0196978415808 -0.0115676075852 0.0146184540052 -0.00739100384509 -0.00978587993816 0.0106404800646 
0.0409048500184 0.0419632367095 0.0075114654898 0.0145084363543 0.00760670671935 0.0126287724621 0.0209773275783 0.00644803990748 0.0109531086872 0.0215178489868 0.028215660667 0.0424331593627 0.00413262706469 0.0256152194296 0.0183021499535 0.0241552163743 -0.0169499933492 0.0171150256204 0.0269375936935 0.00328438621269 0.273264275157 0.0142941496192 0.00189137234711 0.0654868300875 0.00856812297681 -0.00134445365947 0.0327995335708 0.04175723878 0.0235838952541 -0.010400384861 0.0271678869298 0.0145588100578 0.0362074975486 0.0210089008724 -0.000206501498307 -0.00624741787776 0.0759162625198 0.0115924900653 -0.00356608135613 0.0369059293178 0.0366908757603 0.00362753530829 0.0303430185476 0.0155665465864 -0.0093446226202 0.021731688471 0.018145606466 0.000384968699359 0.0584033135257 0.00848578639466 0.0310490527232 0.00796111710452 0.0250441385412 -0.00304165649564 -0.0139117709823 0.0152764249091 0.0360164844339 -0.0139230931538 0.00597294449422 0.00402563644643 
-0.00362944702378 -0.0131514634064 0.00991911916275 0.0258675845661 0.021722830788 -0.00617250937809 0.0241399600526 0.0262262537869 0.00794482592364 0.016985519257 0.0239360866173 0.00682503493315 0.0158074691494 0.0339915801969 0.0111590990552 0.0203629334642 0.0152243423451 0.015788251687 0.00997718504907 0.00285218320438 0.0142941496192 0.286345324442 0.0195038027594 0.00698161549501 0.0235726502044 0.0096770690093 -0.0101384721984 0.00897605692687 -0.00518881325469 0.0373770211382 0.0158391380489 0.0219581921525 -0.00396559723615 0.0177120565935 0.0317914702203 -0.0254473058155 0.0162283487817 0.000220995647505 0.00839100204144 0.0106941094051 0.0217797829548 -0.0198640422611 0.0343397930291 0.0125371348006 0.00532552107096 0.0133396813713 0.00300240534628 0.0425569110061 0.0412110420364 0.0106855190909 0.017272315805 0.0677739396917 -0.0062668998997 -0.00981084953425 -0.0119037609533 0.0105099562187 0.0183178798681 0.0184703019598 0.00601483708635 0.00748192557892 
0.0118254828581 -0.0224889269051 0.00855259097832 -0.000211235760116 0.0147216343995 0.00768665244912 0.00128259235637 0.0554480861075 0.023205854081 -0.0079886456089 0.0165945541382 -0.0108539520878 0.0426704280924 0.0170856446743 -0.00547263890559 -0.0085672253063 -0.011533926747 0.0022634358897 -0.00475022003712 -0.0242971030238 0.00189137234711 0.0195038027594 0.21598672058 0.012758685412 -0.00176530742347 0.00669057766378 -0.00407640712366 0.00868861407183 0.0129169464459 0.0709453651441 0.0145108127279 -0.0169580370663 0.0334243985116 0.00644110700463 0.0149636059996 0.00040550261847 0.0293126368554 0.00649621700411 0.0244684314684 0.0235350052916 0.0132541134529 0.0625820891428 0.0072907530933 0.00211796458206 0.00275815130361 0.0106298956327 0.00314203655587 0.0213507194494 0.0161353624044 0.0110405038089 0.0041797370886 -0.00442775553133 0.0453554126618 0.101396732282 0.0132213813702 0.00521687999725 0.0153836851289 -0.018378209937 0.0789547016222 0.0107717535411 
0.0141171617662 0.00241868619467 0.00307571902702 0.0265527266298 0.0046928437455 -0.0103455042701 0.00544132409069 0.021767833911 -0.000182312043608 0.0108601931552 0.00721498498375 0.0129194437739 0.00916857508398 0.0124153524878 0.0215693973449 0.0255216236569 -0.0202122483066 0.0160341329986 0.00410092236259 0.00104904601866 0.0654868300875 0.00698161549501 0.012758685412 0.246112766521 0.0221916498874 0.0192104385583 0.00339659972803 0.0487471137254 0.014085764931 0.0374943600252 0.0185684801696 0.0346205157692 0.0150232551667 0.0143819015569 0.00542841809504 -0.00585166816366 0.00273559393803 -9.74645005811e-05 0.0141688296014 0.0133319737599 0.00709128419561 -0.00660293084982 0.0173055456722 0.00415938098961 0.00242949728556 -0.0109807356249 -0.00477723257585 0.000706538535826 0.00832147965547 0.00226767007441 0.00736036222079 0.026939020573 0.0161573257226 0.0258282579451 0.00551457828054 -0.00474973062015 0.0233101343808 -0.0143270186557 0.0189371443428 0.0245667263671 
0.0341043075573 0.0487611062208 0.00587450415112 0.00199473491108 0.0325176624233 0.00269439613507 -0.0114981924685 -3.81238010149e-06 0.00840482355252 0.0252993038186 0.0297754907123 -6.06098406153e-05 0.010574581686 -0.00152414154832 0.00465579680576 0.0481504384794 0.154232857379 -0.012079441235 0.0182535879387 0.0218069929742 0.00856812297681 0.0235726502044 -0.00176530742348 0.0221916498874 0.468196334084 -0.00710158137013 0.0232801828564 0.0233248023227 0.0284242733137 0.00479294040911 0.0413628479506 0.00838390940167 0.0208810887031 0.0205798861945 -0.0106765177603 -0.0494285315074 0.0243432039411 0.0348139438945 0.0154514822525 0.00287591314743 -0.0194067000545 0.0209642933916 -0.00494721361926 -0.00594370872709 0.0196935124796 -0.000358909363884 -0.00826312644571 -0.00220525550985 -0.036037857706 0.0394942118198 0.00125508195483 0.0386957687507 -0.00907316476243 0.0435450753919 0.000414797712809 0.00771752743432 0.00757287420058 0.030088844472 0.0206428968534 0.0189600921281 
0.00915919275018 -0.00814754382797 -0.00109922481108 -0.0101452456667 -0.00656492818862 -0.0101855102394 -0.00990487171251 0.00674162638704 -0.00100206710692 0.0159516285893 0.00285765214989 0.00737167838015 0.00666501413336 0.00225133777632 0.01085105308 0.00920102444545 0.0123418319662 0.0139817116156 -0.00139609668201 -0.000110860104369 -0.00134445365947 0.0096770690093 0.00669057766378 0.0192104385583 -0.00710158137013 0.326210002963 0.0208872534014 -0.0073142908947 0.0126238960077 -0.00923611640699 0.0192569181907 0.0153240970277 0.0108402836148 -0.00934421277793 0.00394941760866 0.025728286702 0.0195139749856 -0.00889675029605 0.00856024700782 0.0245499698886 0.0215051528234 -0.0137107340938 0.0150792602651 0.0114911271529 -0.0164386357622 -0.0174507816922 -0.0130511039624 0.0215928163458 0.0145172133916 -0.00783980806514 -0.0034149348165 0.0165325088386 0.0123940083866 0.0202750604028 0.00397350178215 0.0180629592522 0.0360621451995 -0.016347012814 -0.0126443146779 0.00358640110533 
0.0340415256485 0.0158163889793 0.00105564892985 -0.00805451677516 0.0122013373392 0.00361877022536 0.00275052678295 -0.0105006482662 0.0195706595377 0.0171005124048 0.0190288016911 0.0100794723756 0.00497450777353 0.00847111423785 0.0404252530657 -0.00254562213637 0.0204913941512 0.00399732215261 0.00898546316448 0.0218510333541 0.0327995335708 -0.0101384721984 -0.00407640712366 0.00339659972803 0.0232801828564 0.0208872534014 0.204140113707 0.00680979224193 0.0200497089768 0.0356171739547 0.0229284626845 0.0387784160239 0.00815366130066 0.014564688507 0.0227755813465 0.105606907844 0.0223933673797 0.000761197464071 0.0180078525127 0.000832408709932 0.0118470201253 0.0629381520905 0.020021195724 0.0108818234878 0.00517444426938 0.0070600485922 0.0133102833652 0.00428447537054 0.0197476567817 0.0199966626551 0.0209263444782 0.000179054508086 0.0444221570878 0.00391332701816 0.0196338011618 0.00466218959272 0.0207596933345 0.0109873177993 0.0123871039805 0.00704459370602 
0.00620137262283 0.0270415895362 0.00599307067892 0.0136953899247 0.0304358437571 -0.00923760434032 0.0243473608083 0.00663734717785 0.0123630062608 0.00714782011895 0.0238164715083 0.00507416387857 0.00788092438509 0.0142328367855 0.0149491645219 0.0158391085507 0.0164131049 0.0219320609887 0.0118558792054 0.00245385870322 0.04175723878 0.00897605692687 0.00868861407183 0.0487471137254 0.0233248023227 -0.0073142908947 0.00680979224193 0.177177454856 0.0327493392137 0.0157636842213 0.0221380529865 -0.0170034967501 0.00558461974336 0.0162672632252 0.0113164936926 0.0131356003023 0.0424043642995 0.0114159126414 0.00995127713248 0.00654227492967 0.0138283735816 0.0034992146772 0.0123742947766 0.0111189123748 -0.00324284826241 0.00867760016929 0.00866793444658 0.00604815102384 0.000349353916645 0.0148552873297 0.0149270491965 0.0243998000097 0.0173027935375 0.00714298324234 0.0111387717604 0.0285191404011 1.24035903679e-06 0.0138993018466 0.0191221993064 0.0156923402403 
0.0186339946196 0.0159121502833 -0.00210179585677 0.0076974139539 0.00669611824532 0.00637354582268 0.00505897988751 0.00257802438774 0.0133026064581 0.0181166399652 0.027407485677 0.0416370439653 0.0130233908635 0.0204586679968 0.0071975667271 0.0670848611576 0.0041848160864 0.0214632284006 0.00921773661593 -0.00484055855285 0.0235838952541 -0.00518881325469 0.0129169464459 0.014085764931 0.0284242733137 0.0126238960077 0.0200497089768 0.0327493392137 0.270350396732 0.0192531539998 0.022406264947 0.0533492485839 -0.00769481492012 0.00298780583683 0.032888689848 0.00101268801246 0.0254402712621 -0.00268929687651 0.0140869645683 0.00523766904975 0.0236372633419 0.000493813237179 0.0262302915818 0.00539977965148 -0.00428981910273 0.0109234255708 0.00669600951228 0.0164107444404 0.0151377451997 0.0188482206547 0.0522054367292 -0.00485262032217 0.0413589968542 -0.000133493072777 0.00947370366184 0.0213080905908 0.0181824576815 -0.000909681996998 -0.0196194177726 0.0040778461892 
0.0168221928309 0.0151293855141 0.0209489616594 0.016887927914 0.0642662034702 0.00164741493036 0.0416575047238 0.0359130660182 0.00431787463247 -0.000293073060103 0.0337961049217 0.00338760825483 0.0151953109043 0.0339461057928 0.000479375833291 0.00983443253626 -0.00707723813335 0.0050662140418 -0.00423399946928 0.0044530925266 -0.010400384861 0.0373770211382 0.0709453651441 0.0374943600252 0.00479294040911 -0.00923611640699 0.0356171739546 0.0157636842213 0.0192531539998 0.541752355235 0.0435716324506 0.0281201783025 0.0371011255592 0.0111694800044 0.00844378476152 0.136411930831 0.00924651748265 0.0300314836659 0.00612556987694 0.00662018142017 0.0430972245744 0.0306081006179 0.01355053646 0.0273432240945 0.0541359117998 0.0106295436595 0.0110585682152 0.018503474922 0.00288008436766 0.0137383702958 0.00427660868805 0.0222836834085 0.0438816096656 0.0482187692451 0.00426332478248 0.0084784592192 0.00195629818782 0.032382486333 0.0170351040857 -0.00663193279663 
0.00710198819883 -0.00304698191986 0.0113809097122 -0.000297392639451 0.0152692506306 0.00864701265257 0.0250970464271 0.00428588264947 0.00337249033429 0.0118232864439 0.0290025518495 0.0254347825684 0.0248766153256 0.0187905756407 0.0127948356855 0.00920306164442 0.00849967898368 0.0232984765141 0.0260582535684 0.0123154431879 0.0271678869298 0.0158391380489 0.0145108127279 0.0185684801696 0.0413628479506 0.0192569181907 0.0229284626845 0.0221380529865 0.022406264947 0.0435716324506 0.168234303403 0.00801440679195 0.0287619320514 0.0130381863643 0.0189990948477 0.0545375804252 0.0448937220926 0.014953598592 0.0217780842518 0.00580225895146 0.0190218759573 0.0177259101882 0.0284840396275 0.0153410093346 0.0129044146802 0.00614733773875 0.0142497146069 0.0347181832424 0.0205211353683 0.0258022384246 0.0121312109964 0.0395372675534 0.0361510720427 0.0317631335212 0.0161082637729 0.0153057001011 0.0110358495026 0.009807718942 0.0329143781723 0.0103496454173 
0.0234588693609 0.0361545584229 0.0197217066135 0.0146477177144 0.0156625874859 0.0276628672881 0.0148542891531 0.00236487625646 0.0252075959418 0.0744979615408 0.020153871199 0.0309572815512 0.0140495406131 0.0152459597568 -0.00171813834775 0.0302418577677 0.00594569008444 0.0322383248762 0.0245436082605 0.0167932994005 0.0145588100578 0.0219581921525 -0.0169580370663 0.0346205157692 0.00838390940167 0.0153240970277 0.0387784160239 -0.0170034967501 0.0533492485839 0.0281201783025 0.00801440679195 0.412940442465 0.0136145701599 0.0222164408726 0.0114409147225 0.00305673794265 0.014623812968 0.0211738321694 0.0743469647775 0.0100646618918 -0.0091492239436 0.042411504475 0.0373757731544 0.0180173641697 0.0169782041906 0.0162006485421 0.00798257093051 0.0226636939167 -0.0140779036729 -0.00646483184868 0.0425367836047 0.0124339731487 0.0347647201371 -0.00413935077218 -0.0065768488586 0.0812761252004 0.0260971109537 -0.0361492540551 0.000659505525113 0.0246585998673 
0.0289627389446 0.0120345613983 0.0329488497355 0.00896299149622 0.020434535131 0.000473881622928 -0.000764067425608 0.0149130088209 0.0273241107646 0.0298667213546 0.0109212021339 0.04027426843 0.0363382019498 0.0190608063444 0.0030663048395 0.00115187692101 0.0197397856578 0.0337646896749 0.0276958049903 0.00897742793615 0.0362074975486 -0.00396559723615 0.0334243985116 0.0150232551667 0.0208810887031 0.0108402836148 0.00815366130066 0.00558461974335 -0.00769481492012 0.0371011255592 0.0287619320514 0.0136145701599 0.242997139046 0.0246316582982 0.0326101182159 0.00123824688625 0.0602124258925 0.00621939789764 0.0333788290434 0.0456038748491 0.0207549301154 0.0106760042498 0.00719927842407 0.0322431978497 0.00130376710753 0.0281573860391 0.0144478516265 0.0101576933272 0.0240588417099 0.0270641702739 0.0157736196096 0.0125921809014 0.00611109398367 0.00628253424758 0.0152003417233 0.0214501262371 0.0223738513041 0.00996429027509 0.002243559236 0.0210561569484 
0.0252602310821 0.03824064732 0.00763427734445 0.00105461472285 0.023159679824 0.0107154890986 0.0306922481239 0.0113088136003 0.016133579601 0.0284897089129 0.0193687019898 0.0362621788154 0.0098338404454 0.0202503285508 0.011848108135 -0.000615888347816 0.000900032839285 0.0130142490652 0.0144804451472 -0.00215422738698 0.0210089008724 0.0177120565935 0.00644110700463 0.0143819015569 0.0205798861945 -0.00934421277793 0.014564688507 0.0162672632252 0.00298780583683 0.0111694800044 0.0130381863643 0.0222164408726 0.0246316582982 0.159335550564 0.0138096515744 -0.0119713290913 0.0161047523945 0.00653325640985 0.00195189893396 -0.00355045331941 0.00511000393898 -0.0123180759573 0.0284498769373 0.0265510246454 -0.0048122291229 0.0173516286074 0.00876039201856 0.00191261851424 0.00698193008805 0.0108972907295 -0.000348044663564 0.0262057128969 0.0233392243085 -0.00123395141553 0.00891444078864 0.0122172185581 -0.000834029709267 0.0299742400559 0.00235948581419 -0.00176429179403 
-0.0117273498725 -0.00373397821949 0.0244896093062 0.0134081996822 0.016900614199 0.00621518598021 0.0219164616863 0.0105520159078 0.00527917866501 -0.00607033204831 0.0241349023295 0.0165681065382 0.0190791393912 0.0297746103053 0.0302656955711 0.0192298805605 0.00410769620528 0.0252839890035 -0.00120785830659 -0.0155071505707 -0.000206501498309 0.0317914702203 0.0149636059996 0.00542841809504 -0.0106765177603 0.00394941760866 0.0227755813465 0.0113164936926 0.032888689848 0.00844378476152 0.0189990948477 0.0114409147225 0.0326101182159 0.0138096515744 0.27411860861 -0.00408285800644 0.000897385633179 -0.00603988784157 0.014799422723 0.0362934516462 0.00141026214701 0.0449653936255 0.00247198013568 0.00508711741772 -0.00910363221078 0.0114718067128 -0.00130185478576 0.0100391265077 -0.00427852103673 0.016244208276 0.0122617417331 0.00609979251057 0.0299967618744 0.02799880957 0.0138050003424 0.00172876431457 0.013126706131 -0.0111855623101 0.0203775285815 0.0136620464429 
0.0204419676783 0.00013605168733 -0.0164716042693 -0.0146259662572 0.0178512977446 -0.00218146716927 0.102892641716 -0.0161349714757 0.0027222700929 0.0202764155754 0.00984469875341 0.0188115662659 0.00662771217791 0.012485754839 0.0158266732361 0.000687431325912 -0.0297261459961 0.0358423340797 -0.00239185581958 0.028614271991 -0.00624741787776 -0.0254473058155 0.000405502618469 -0.00585166816366 -0.0494285315074 0.025728286702 0.105606907844 0.0131356003023 0.00101268801246 0.136411930831 0.0545375804252 0.00305673794265 0.00123824688625 -0.0119713290913 -0.00408285800644 1.0939842321 0.0389323055156 0.00724845879811 0.0154581780325 0.00916730406451 0.0546813163225 -0.000957366871124 0.0216907254839 0.00369432451338 0.0292343786211 0.0122850749796 -0.00799840092219 0.0341119504121 0.0140909279269 -0.021535064515 0.0189418173883 0.00384108518736 0.00125566565852 0.0316795083732 0.0205811906861 -0.0127395666225 0.0238450525743 -0.0174661516204 0.0290173942078 0.0013856607673 
0.0686673326398 0.00891750252204 0.00840550233703 0.0072604060715 0.0112823195314 0.0149382212457 0.0169803923968 0.0297697797854 0.0166524187001 0.0383290217811 0.0416843657924 0.0650215054755 0.0505670132147 0.0359006448468 0.0131822265207 0.0314134276402 0.00775527632767 0.0367354930497 0.039099344289 -0.00180716474229 0.0759162625198 0.0162283487817 0.0293126368554 0.00273559393803 0.0243432039411 0.0195139749856 0.0223933673797 0.0424043642995 0.0254402712621 0.00924651748265 0.0448937220926 0.014623812968 0.0602124258925 0.0161047523945 0.000897385633179 0.0389323055156 0.4442211837 0.0475982625727 0.015795222202 0.0387534571115 0.0454788035041 0.0352246549414 0.0596079333341 0.0288784098569 0.0160436991268 0.0436954600504 0.0221484870774 0.0826877638314 0.0129991256473 0.0302942150929 0.0434081778718 0.0126047995339 0.042348496418 0.0607127709447 0.0299717551632 0.0094802029086 0.0608135555503 0.00436419663885 0.0527707037085 0.0361985607531 
0.00845644225608 0.00998532114083 0.0205729986496 0.0040273974411 0.00417251948183 0.00688973354457 -0.0145530058951 -0.0123792472677 0.0166054161718 -0.00632798095894 0.0152264941084 -0.00409685104909 0.015975864181 0.0213839151231 -0.0106965886396 0.00720088654079 0.0545369177735 0.0182657154213 0.019916157044 -0.00832115341642 0.0115924900653 0.000220995647505 0.00649621700411 -9.74645005818e-05 0.0348139438945 -0.00889675029605 0.000761197464071 0.0114159126414 -0.00268929687651 0.0300314836659 0.014953598592 0.0211738321694 0.00621939789764 0.00653325640985 -0.00603988784157 0.00724845879811 0.0475982625727 0.226565035989 0.00187764324031 0.0244767940491 0.00614209367024 0.022209474128 0.00126006867881 0.0414137915614 0.0169306256484 0.0198907670833 0.0183448814658 0.011812939429 0.00321824941184 0.00646740581253 0.0247957993758 0.0193634512087 0.00772705450209 0.00151519602359 0.0194882506913 -0.0203521813654 -0.00536740021976 0.00463351300758 -0.00169397784852 0.0231310341261 
0.015592772043 0.00107271857084 0.00162284614578 0.0183364744267 0.0134282367774 -0.00378721091792 0.022676008504 0.0133878673031 0.0144685923561 0.0237109205854 0.00479414655333 0.00957202998383 0.0186615030525 0.0124666612453 0.0140458591805 -0.00183607099364 0.0114553876986 0.0258781753051 0.00949186447045 -0.00225532099051 -0.00356608135612 0.00839100204144 0.0244684314684 0.0141688296014 0.0154514822525 0.00856024700783 0.0180078525127 0.00995127713247 0.0140869645683 0.00612556987694 0.0217780842518 0.0743469647775 0.0333788290434 0.00195189893396 0.014799422723 0.0154581780325 0.015795222202 0.00187764324031 0.195222515062 0.0190959460353 0.0125875550883 0.0183352634722 0.000369828890682 0.010117768731 0.0045241134911 0.00239446446452 0.00296793582474 0.0479913367928 0.00645531955517 0.0131902789559 0.0277515726679 0.0174831274779 -0.0046106149732 0.015162697657 0.00702133858546 0.0259303303807 0.00763564910542 0.0315772981456 0.00744636838704 0.00480248369377 
