30
0.070293401022 0.00788248566947 0.0315088302779 0.39235550597 0.00108215816497 0.165506763093 0.0328492958576 0.131188957491 0.0430779984078 0.0498631258667 0.0759168136047 0.100072423231 0.0965978414643 0.00326137985962 0.142251168296 0.0695206157777 0.0723241103927 0.036872425502 0.0479071153807 0.0948967479515 0.0070666509449 0.0217130314185 0.101218808556 0.0315903614714 0.0506132512338 0.0519302207626 0.0291549562933 0.0605665428979 0.0952470994091 0.0731585002716 
0.33372499554 -0.00256935730086 0.0415639933419 -0.00822525205676 0.0090397895945 0.0751531747741 0.0139353465229 0.0238791976469 0.00604553501996 -0.000142326899985 0.00823594384586 0.021031806087 0.0059444703427 0.017369594854 0.0115066987699 -0.00714116796685 0.0194263425525 0.00166502026676 0.0378829260808 -0.016825317051 0.00654643520031 0.0383305743659 0.0115385925292 0.0160265482482 0.016920554363 0.0267832131707 0.00303175009465 0.00994069411785 0.00789176935304 0.0273092384187 
-0.00256935730087 0.217663129626 0.0314753725501 0.0832727419211 0.00495296209123 0.0171327819951 -0.00914648929732 0.054412874628 0.0141090546635 0.0366000743074 0.0151483160264 -0.0116500187394 0.019668334251 0.0214473898526 0.00812206082185 0.0104026111216 0.0388727173488 0.0098609353972 0.0211025377064 0.00386861483927 0.00898091200074 0.0150899871147 0.0344573237628 0.0298783301959 0.0288122311871 0.02630243071 0.0236049883125 0.00978051789419 0.0600964275453 -0.002337128025 
0.0415639933419 0.0314753725501 0.236692377514 -0.0137412711821 0.0186094469543 0.0109305030546 0.0240850195355 0.00925229513611 0.0178613645516 0.0332409717042 0.0236316121582 0.0224660928184 0.0252041776131 0.0210682563837 0.0294319241691 0.00825172719655 0.0197930046039 0.0141703996804 0.0230623916056 0.0252041342432 -0.00210584183295 0.0144172508832 0.0428654921741 0.0436914007894 0.0237166069253 0.0356322905069 0.008283770167 0.0434614168274 0.0381448877739 0.00288259225114 
-0.00822525205676 0.0832727419211 -0.0137412711821 3.20037398281 0.0139414789526 0.000227936021053 0.0165902981321 0.11411019396 7.44332960033e-05 0.0386486693008 -0.0120159653134 0.0946921129877 0.039394549602 0.0152592343155 -0.00907862262778 0.00223556520581 0.117897994443 0.0260890726814 0.0505326029002 -0.0132953817756 -0.00241731460586 0.0206349689671 0.0348550272365 0.00770546781939 0.0642626227651 -0.00893088147938 0.0353934260657 0.00232811556186 0.0415750841568 -0.0218019270884 
0.00903978959451 0.00495296209122 0.0186094469543 0.0139414789526 0.247222140181 0.0316039192685 0.0225163429132 0.00532998442411 0.00147270799306 -0.0088391637998 0.0135223534398 0.0204917176785 0.00586379949944 0.0179525812739 0.00257120799589 0.00113258541794 0.00959587422347 0.00574326108179 -0.000945903149861 0.0354771212236 0.0159467816322 0.00436816025263 0.0133226324074 0.0217765900274 0.0162596177157 0.0242206518461 0.0021261518056 -0.000894939313165 0.0167964777202 0.0416819923163 
0.0751531747741 0.0171327819951 0.0109305030546 0.000227936021053 0.0316039192685 0.374967069948 0.0300882758648 0.0394960014894 0.0412862678438 0.0191673652911 0.0521470047365 0.0566204094836 0.0388025504615 0.0287157151041 0.0378318317748 -0.000580891074217 0.0238756982527 0.0165022353253 0.047442574902 0.0115289277448 0.000555639347699 0.0219519735184 0.0247553268414 0.0180752862355 0.00198942843289 0.00991401977544 0.0409838240332 0.00872939800905 0.0169689792397 0.00615988119354 
0.0139353465229 -0.00914648929732 0.0240850195355 0.0165902981321 0.0225163429132 0.0300882758648 0.338870261027 0.0341165541952 0.0105925739258 -0.0101289708751 0.0275046952818 0.0097772238055 0.0227236769011 0.0105236084349 0.0123346680292 0.01224585602 0.015485534031 0.0140637432545 0.00341677561782 0.00509988067985 0.0130580517613 0.0064266078032 0.0321539610332 0.0168009740336 0.0215134908209 0.0167781766167 0.0134919339064 0.03766944619 0.015714745834 0.0108644947964 
0.0238791976469 0.054412874628 0.00925229513611 0.11411019396 0.0053299844241 0.0394960014894 0.0341165541952 0.387077575914 0.0260340514958 0.0570746935058 -0.0105217809125 0.00426360491776 0.0237322955985 0.00873690713227 0.0244866443811 0.0493231750068 0.00751142432338 0.00326024337057 0.00968097006339 0.0181690032244 0.012500758609 -0.00892167481953 0.0168138912344 0.036082917393 0.0308339967042 0.0392409025537 0.010455820464 0.00382615015355 0.0778785773555 0.0436649942132 
0.00604553501996 0.0141090546635 0.0178613645516 7.44332960034e-05 0.00147270799307 0.0412862678438 0.0105925739258 0.0260340514958 0.323320044594 0.0118309967599 0.0148098750401 0.0384116825848 0.026269611626 -0.00149810510645 0.0457073539644 -0.0316625035276 0.0216399874973 0.0218117179039 0.0110488243922 0.0429643518774 0.00710862450344 0.0114323329651 0.0872493294582 0.00461731957091 0.0218155743515 0.00227094372174 0.0110885285818 0.0173183556906 0.025378881008 -0.00766844314914 
-0.000142326899985 0.0366000743074 0.0332409717042 0.0386486693008 -0.0088391637998 0.0191673652911 -0.0101289708751 0.0570746935058 0.0118309967599 0.297985110716 0.0168438939049 0.00449683582333 -0.00525323861825 0.0260841444631 -0.0196631891656 0.0122374265311 0.0314214218709 0.0206305280161 0.0180489562523 0.0383912449296 0.0250650271065 0.0192073503415 0.0207517582795 0.0360336804578 0.0267258523981 0.04886572566 0.0143542156316 0.00406271925425 0.0629498645968 0.000294533133511 
0.00823594384586 0.0151483160264 0.0236316121582 -0.0120159653134 0.0135223534398 0.0521470047365 0.0275046952818 -0.0105217809125 0.0148098750401 0.0168438939049 0.34031087422 -0.0101586721618 0.0772934552992 0.000153639567255 0.0190283386298 0.00560261532846 0.0242683801995 0.0327925962176 0.0173825941195 0.0077398840556 0.0119795227113 0.018035882374 0.00905620695842 0.0186024918734 0.0232594935123 0.00713660738969 0.00950826529908 0.0103329469781 0.0171459486674 -0.0178417809792 
0.021031806087 -0.0116500187394 0.0224660928184 0.0946921129877 0.0204917176785 0.0566204094836 0.0097772238055 0.00426360491776 0.0384116825848 0.00449683582333 -0.0101586721618 0.48644100007 0.00440032354681 -0.0029119884359 0.00862463979104 0.0223645039231 -0.0121853447016 0.00912814401345 0.0289472114873 0.0521138206366 0.0159979576109 0.000523001926972 0.0423652184705 0.0167617571376 -0.00645286120361 0.00765494118447 -0.00144868498527 -0.00707261425609 0.0071744727034 0.00522389862758 
0.0059444703427 0.019668334251 0.0252041776131 0.039394549602 0.00586379949945 0.0388025504615 0.0227236769011 0.0237322955985 0.026269611626 -0.00525323861825 0.0772934552992 0.00440032354681 0.438406192829 0.0274077349876 0.0161291156094 0.0172314046215 0.0572398690935 0.020782737614 0.024530967943 0.00597637561998 0.0152626142053 0.0132834186589 0.0270191267452 0.0304003324538 0.019682633752 0.0107633612686 0.0241344047119 0.0222333112787 0.0642531068299 -0.00202336823004 
0.017369594854 0.0214473898526 0.0210682563837 0.0152592343155 0.0179525812739 0.0287157151041 0.0105236084349 0.00873690713227 -0.00149810510645 0.0260841444631 0.000153639567255 -0.0029119884359 0.0274077349876 0.163383720621 0.0249367477111 0.0287549147611 0.0104431017503 0.0200982328347 0.0211886945331 0.0154477479431 0.00864503932445 0.0166488909743 0.0223298126508 0.0177591113684 0.0218480471969 0.0217854551967 -0.0109933021281 0.0122732488361 -0.00451767082505 0.0188344726609 
0.0115066987699 0.00812206082185 0.0294319241691 -0.00907862262778 0.00257120799589 0.0378318317748 0.0123346680292 0.0244866443811 0.0457073539644 -0.0196631891656 0.0190283386298 0.00862463979105 0.0161291156094 0.0249367477111 0.809318190691 0.00159309854928 0.00899481017895 0.0107770714671 0.00176403042069 -0.00739374388679 0.0157005449679 0.0223773239768 0.0439419758029 0.0240269184105 0.0234385501073 0.0128299507003 -0.00361360099291 0.0323866499094 0.0357630935134 0.0189656297506 
-0.00714116796685 0.0104026111216 0.00825172719655 0.00223556520581 0.00113258541794 -0.000580891074217 0.01224585602 0.0493231750068 -0.0316625035276 0.0122374265311 0.00560261532846 0.0223645039231 0.0172314046215 0.0287549147611 0.00159309854928 0.80780807899 0.00424975795679 0.0170040536003 0.000164951456524 0.00135921407017 0.00160723475453 -0.00891757392625 0.0412844333125 0.0187127631028 0.0175722709349 0.00165212114401 0.00412580104274 -0.0103698506837 -0.000612995982684 0.0198099565016 
0.0194263425525 0.0388727173488 0.0197930046039 0.117897994443 0.00959587422346 0.0238756982527 0.015485534031 0.00751142432338 0.0216399874973 0.0314214218709 0.0242683801995 -0.0121853447016 0.0572398690935 0.0104431017503 0.00899481017895 0.00424975795679 0.364670284974 -0.000503997473104 0.0167737186719 -0.0153446979109 -0.00725025222691 0.010116332286 0.0317692158715 0.0111618263866 0.0186235012383 0.00944946925114 -0.0063920479338 0.0262164262882 0.0198787634068 0.045043894834 
0.00166502026676 0.0098609353972 0.0141703996804 0.0260890726814 0.00574326108179 0.0165022353253 0.0140637432545 0.00326024337057 0.0218117179039 0.0206305280161 0.0327925962176 0.00912814401345 0.020782737614 0.0200982328347 0.0107770714671 0.0170040536003 -0.000503997473104 0.180300634971 0.0150486234718 -0.0063557288832 -0.00688077494233 0.0200183855847 0.0340617058728 0.0178348658362 0.0186246031256 0.0294629808147 0.00475352824373 0.035354300035 0.0293004612702 0.00806159043251 
0.0378829260808 0.0211025377064 0.0230623916056 0.0505326029002 -0.000945903149856 0.047442574902 0.00341677561782 0.00968097006339 0.0110488243922 0.0180489562523 0.0173825941195 0.0289472114873 0.024530967943 0.0211886945331 0.00176403042069 0.000164951456523 0.0167737186719 0.0150486234718 0.23383345992 0.0284166940219 0.00164029837534 0.00431172475178 0.0132904884353 0.0342958968016 0.00303524713775 0.0312510916681 0.00878153493297 0.0215129700274 0.0108693924214 -0.0146434624268 
-0.016825317051 0.00386861483928 0.0252041342432 -0.0132953817756 0.0354771212236 0.0115289277448 0.00509988067985 0.0181690032244 0.0429643518774 0.0383912449296 0.0077398840556 0.0521138206366 0.00597637561998 0.0154477479431 -0.00739374388679 0.00135921407017 -0.0153446979109 -0.0063557288832 0.0284166940219 0.558489360482 0.0130343462344 -0.0193874263866 0.00813293156056 0.0182322324987 0.025537985139 0.0473359383794 -0.00376696156168 -8.17032557346e-05 0.00751876036575 -0.00345515172419 
0.00654643520031 0.00898091200074 -0.00210584183295 -0.00241731460586 0.0159467816322 0.000555639347698 0.0130580517613 0.012500758609 0.00710862450344 0.0250650271065 0.0119795227113 0.0159979576109 0.0152626142053 0.00864503932445 0.0157005449679 0.00160723475453 -0.00725025222691 -0.00688077494233 0.00164029837535 0.0130343462344 0.18233653557 0.0103437548939 0.0145365415177 0.00744011554765 0.0116896319177 0.00304934006902 0.0126756234452 -0.00844431087212 0.0209135160737 0.0336703465274 
0.0383305743659 0.0150899871147 0.0144172508832 0.0206349689671 0.00436816025263 0.0219519735184 0.0064266078032 -0.00892167481953 0.0114323329651 0.0192073503415 0.018035882374 0.000523001926971 0.0132834186589 0.0166488909743 0.0223773239768 -0.00891757392624 0.010116332286 0.0200183855847 0.00431172475178 -0.0193874263866 0.0103437548939 0.271607470709 0.0231272048631 0.0387204766573 0.0125911687984 0.0108538416578 0.0190682435225 0.0364090983492 0.0567381410921 -0.000180654999109 
0.0115385925292 0.0344573237629 0.0428654921741 0.0348550272365 0.0133226324074 0.0247553268414 0.0321539610332 0.0168138912344 0.0872493294582 0.0207517582795 0.00905620695842 0.0423652184705 0.0270191267452 0.0223298126508 0.0439419758029 0.0412844333125 0.0317692158715 0.0340617058728 0.0132904884353 0.00813293156056 0.0145365415177 0.0231272048631 0.331430045098 0.0254433452257 0.0271754703964 0.0193513122432 0.00919793644345 0.0247791104542 0.0248999092543 -3.29484133215e-05 
0.0160265482482 0.0298783301959 0.0436914007894 0.00770546781939 0.0217765900274 0.0180752862355 0.0168009740336 0.036082917393 0.00461731957091 0.0360336804578 0.0186024918734 0.0167617571376 0.0304003324538 0.0177591113684 0.0240269184105 0.0187127631028 0.0111618263866 0.0178348658362 0.0342958968016 0.0182322324987 0.00744011554765 0.0387204766573 0.0254433452257 0.165425130453 0.022492302233 0.0304132189214 0.0146005492789 0.0280647224902 0.0331117041453 0.0164857534873 
0.016920554363 0.0288122311871 0.0237166069253 0.0642626227651 0.0162596177157 0.00198942843289 0.0215134908209 0.0308339967042 0.0218155743515 0.0267258523981 0.0232594935123 -0.00645286120362 0.019682633752 0.0218480471969 0.0234385501073 0.0175722709349 0.0186235012383 0.0186246031256 0.00303524713775 0.025537985139 0.0116896319177 0.0125911687984 0.0271754703964 0.022492302233 0.153967668339 0.0115965845375 0.0157506538747 0.0184665747602 0.0332779557296 0.0170620557394 
0.0267832131707 0.02630243071 0.0356322905069 -0.00893088147938 0.0242206518461 0.00991401977544 0.0167781766167 0.0392409025537 0.00227094372174 0.04886572566 0.00713660738969 0.00765494118447 0.0107633612686 0.0217854551967 0.0128299507003 0.00165212114401 0.00944946925114 0.0294629808147 0.0312510916681 0.0473359383794 0.00304934006903 0.0108538416578 0.0193513122432 0.0304132189214 0.0115965845375 0.281372971788 0.0114124277199 0.0187134962435 0.0327948002708 0.0272238864497 
0.00303175009465 0.0236049883125 0.008283770167 0.0353934260657 0.0021261518056 0.0409838240332 0.0134919339064 0.010455820464 0.0110885285818 0.0143542156316 0.00950826529908 -0.00144868498527 0.0241344047119 -0.0109933021281 -0.00361360099291 0.00412580104274 -0.0063920479338 0.00475352824373 0.00878153493297 -0.00376696156168 0.0126756234452 0.0190682435225 0.00919793644345 0.0146005492789 0.0157506538747 0.0114124277199 0.256242407117 0.0108380352794 0.0246327255999 0.00400233204668 
0.00994069411785 0.0097805178942 0.0434614168274 0.00232811556186 -0.00089493931317 0.00872939800905 0.03766944619 0.00382615015355 0.0173183556906 0.00406271925425 0.0103329469781 -0.00707261425609 0.0222333112787 0.0122732488361 0.0323866499094 -0.0103698506837 0.0262164262882 0.035354300035 0.0215129700274 -8.17032557349e-05 -0.00844431087213 0.0364090983492 0.0247791104542 0.0280647224902 0.0184665747602 0.0187134962435 0.0108380352794 0.258852587418 -0.0049900531456 0.025205356277 
0.00789176935304 0.0600964275453 0.0381448877739 0.0415750841568 0.0167964777202 0.0169689792397 0.015714745834 0.0778785773555 0.025378881008 0.0629498645968 0.0171459486674 0.0071744727034 0.0642531068299 -0.00451767082505 0.0357630935134 -0.000612995982683 0.0198787634068 0.0293004612702 0.0108693924214 0.00751876036574 0.0209135160737 0.0567381410921 0.0248999092543 0.0331117041453 0.0332779557296 0.0327948002708 0.0246327255999 -0.0049900531456 0.457040149223 0.0388348570403 
0.0273092384187 -0.002337128025 0.00288259225114 -0.0218019270884 0.0416819923163 0.00615988119354 0.0108644947964 0.0436649942132 -0.00766844314914 0.000294533133512 -0.0178417809792 0.00522389862758 -0.00202336823004 0.0188344726609 0.0189656297506 0.0198099565016 0.045043894834 0.00806159043251 -0.0146434624268 -0.00345515172419 0.0336703465274 -0.000180654999108 -3.29484133228e-05 0.0164857534873 0.0170620557394 0.0272238864497 0.00400233204668 0.025205356277 0.0388348570403 0.338900658191 
0.0289014324015 -0.000222512869395 0.00359954741168 -0.000712327723369 0.000782868743371 0.00650845585294 0.00120683640994 0.00206799917842 0.000523558690675 -1.23258711029e-05 0.000713253659465 0.00182140783588 0.000514806232882 0.0015042510397 0.00099650934484 -0.000618443287199 0.00168237061531 0.000144194984883 0.00328075763557 -0.00145711519929 0.00056693791877 0.00331952511425 0.000999271425418 0.00138793979179 0.00146536299244 0.00231949430008 0.000262557259989 0.000860889363731 0.000683447274054 0.00236504942286 
-0.000222512869395 0.0188501799723 0.00272584722219 0.00721163099465 0.000428939099498 0.00148374244452 -0.000792109208692 0.00471229317208 0.0012218799762 0.00316965941306 0.00131188265034 -0.00100892121829 0.00170332771115 0.00185739844572 0.00070339110028 0.000900892549697 0.00336647607382 0.000853982055905 0.00182753337381 0.000335031872827 0.00077776979418 0.00130683121841 0.00298409177251 0.00258753929724 0.00249521241478 0.00227785731761 0.00204425195346 0.000847017695854 0.00520450329309 -0.000202401224155 
0.00359954741168 0.00272584722219 0.0204981611809 -0.0011900289924 0.00161162538128 0.000946609332145 0.00208582387684 0.000801272263118 0.00154683954479 0.00287875259423 0.00204655764614 0.00194562071045 0.00218274580944 0.00182456452417 0.00254887940127 0.000714620537731 0.00171412448042 0.0012271926105 0.00199726170024 0.0021827420535 -0.000182371252369 0.00124857055176 0.00371226051685 0.00378378630105 0.00205391840889 0.0030858468774 0.000717395540373 0.00376386910569 0.00330344418367 0.000249639811824 
-0.000712327723369 0.00721163099465 -0.0011900289924 0.277160517073 0.00120736749393 1.97398384669e-05 0.00143676196388 0.00988223268 6.44611252263e-06 0.00334707294369 -0.00104061312124 0.00820057753854 0.00341166807259 0.00132148845595 -0.000786231782703 0.000193605626005 0.0102102658243 0.00225937997033 0.00437625178309 -0.00115141383707 -0.000209345585761 0.00178704073318 0.00301853390364 0.000667313087963 0.00556530638284 -0.000773437023933 0.00306516060999 0.000201620721951 0.00360050790442 -0.001888102271 
0.000782868743371 0.000428939099498 0.00161162538128 0.00120736749393 0.0214100653775 0.00273697969457 0.00194997249632 0.000461590191305 0.000127540253435 -0.000765494039884 0.00117107015979 0.00177463480768 0.000507819932922 0.00155473914467 0.000222673144285 9.80847743894e-05 0.000831027084904 0.00049738099974 -8.19176157299e-05 0.00307240882328 0.00138103180021 0.000378293774658 0.00115377381101 0.00188590801715 0.00140812419977 0.0020975699795 0.000184130147595 -7.75040180046e-05 0.00145461763998 0.00360976642262 
0.00650845585294 0.00148374244452 0.000946609332145 1.97398384669e-05 0.00273697969457 0.0324731008157 0.0026057211255 0.00342045406378 0.00357549567802 0.00165994252657 0.00451606308331 0.00490347129855 0.00336039944313 0.0024868538768 0.00327633273886 -5.03066427103e-05 0.00206769612199 0.00142913550109 0.00410864750861 0.000998434430538 4.81197790449e-05 0.00190109667302 0.00214387419237 0.00156536570606 0.00017228955619 0.000858579297915 0.0035493032757 0.000755988043558 0.00146955670978 0.00053346135979 
0.00120683640994 -0.000792109208693 0.00208582387684 0.00143676196388 0.00194997249632 0.0026057211255 0.0293470254637 0.00295458026226 0.000917343811118 -0.000877194609205 0.00238197648374 0.000846732419405 0.00196792814637 0.000911371224411 0.00106821358606 0.00106052224044 0.0013410865862 0.00121795589307 0.000295901448407 0.000441662622502 0.00113086045492 0.000556560561773 0.00278461470871 0.00145500703214 0.0018631229575 0.00145303271793 0.00116843575091 0.0032622697347 0.00136093691063 0.000940892849298 
0.00206799917842 0.00471229317208 0.000801272263118 0.00988223268 0.000461590191305 0.00342045406378 0.00295458026226 0.0335219013977 0.00225461499588 0.00494281344892 -0.000911212956326 0.000369239017048 0.00205527708785 0.000756638352705 0.00212060560874 0.00427151225512 0.000650508428265 0.000282345358144 0.000838396600817 0.00157348183538 0.0010825974522 -0.000772639703801 0.00145612569454 0.0031248723105 0.00267030244461 0.0033983618479 0.000905500613925 0.000331354323167 0.00674448264005 0.00378149942447 
0.000523558690675 0.0012218799762 0.00154683954479 6.44611252263e-06 0.000127540253435 0.00357549567802 0.000917343811118 0.00225461499588 0.0280003372171 0.00102459437462 0.00128257280116 0.00332654929206 0.00227501510157 -0.000129739707973 0.00395837296729 -0.00274205324023 0.00187407789103 0.0018889501805 0.000956856260559 0.00372082201829 0.000615624940594 0.000990069077228 0.00755601357739 0.00039987160458 0.00188928415865 0.000196669495359 0.000960294744241 0.00149981359798 0.00219787556726 -0.000664106657463 
-1.23258711029e-05 0.00316965941306 0.00287875259423 0.00334707294369 -0.000765494039884 0.00165994252657 -0.000877194609205 0.00494281344892 0.00102459437462 0.025806267583 0.00145872400203 0.000389437405965 -0.000454943809555 0.00225895317411 -0.00170288213369 0.00105979222529 0.00272117495632 0.00178665613555 0.00156308546263 0.00332477933919 0.00217069502208 0.00166340533351 0.00179715498433 0.00312060826683 0.00231452671145 0.00423189597959 0.00124311153884 0.000351841808263 0.00545161819056 2.55073175876e-05 
0.000713253659465 0.00131188265034 0.00204655764614 -0.00104061312124 0.00117107015979 0.00451606308331 0.00238197648374 -0.000911212956326 0.00128257280116 0.00145872400203 0.0294717862259 -0.000879766816085 0.00669380958354 1.33055768269e-05 0.00164790246452 0.000485200720208 0.00210170337615 0.00283992213805 0.00150537680912 0.000670293621449 0.00103745709932 0.00156195323156 0.000784290528792 0.0016110230536 0.00201433122608 0.000618048329631 0.000823439929492 0.000894859457903 0.0014848827118 -0.00154514355768 
0.00182140783588 -0.00100892121829 0.00194562071045 0.00820057753854 0.00177463480768 0.00490347129855 0.000846732419405 0.000369239017048 0.00332654929206 0.000389437405965 -0.000879766816085 0.0421270263503 0.000381079197641 -0.000252185596102 0.000746915715753 0.00193682285404 -0.00105528180654 0.000790520460505 0.00250690205167 0.00451318925596 0.00138546376997 4.52932954986e-05 0.00366893554323 0.00145161074932 -0.000558834172943 0.000662937353023 -0.000125459799932 -0.000612506361694 0.000621327561991 0.000452402891827 
0.000514806232882 0.00170332771115 0.00218274580944 0.00341166807259 0.000507819932922 0.00336039944313 0.00196792814637 0.00205527708785 0.00227501510157 -0.000454943809555 0.00669380958354 0.000381079197641 0.0379670900166 0.00237357947595 0.00139682238583 0.00149228341451 0.00495711807443 0.00179983787339 0.00212444414181 0.000517569310946 0.001321781163 0.00115037780077 0.00233992501494 0.00263274601884 0.00170456608426 0.000932134428868 0.00209010075857 0.00192546123776 0.00556448227868 -0.000175228828842 
0.0015042510397 0.00185739844572 0.00182456452417 0.00132148845595 0.00155473914467 0.0024868538768 0.000911371224411 0.000756638352705 -0.000129739707973 0.00225895317411 1.3305576827e-05 -0.000252185596102 0.00237357947595 0.0141494452623 0.00215958570056 0.00249024866668 0.000904399141007 0.0017405580206 0.00183499477387 0.001337814215 0.000748682367169 0.00144183625286 0.00193381850173 0.00153798415937 0.00189209638956 0.00188667576333 -0.000952047891438 0.0010628945279 -0.000391241770043 0.00163111317913 
0.00099650934484 0.00070339110028 0.00254887940127 -0.000786231782703 0.000222673144285 0.00327633273886 0.00106821358606 0.00212060560874 0.00395837296729 -0.00170288213369 0.00164790246452 0.000746915715754 0.00139682238583 0.00215958570056 0.0700890112883 0.000137966381441 0.000778973411719 0.000933321766893 0.000152769515736 -0.000640317003503 0.00135970707954 0.00193793310326 0.00380548673378 0.00208079217182 0.00202983798208 0.00111110632358 -0.0003129470259 0.00280476615651 0.00309717475005 0.00164247171628 
-0.000618443287199 0.000900892549697 0.000714620537731 0.000193605626005 9.80847743894e-05 -5.03066427103e-05 0.00106052224044 0.00427151225512 -0.00274205324023 0.00105979222529 0.000485200720208 0.00193682285404 0.00149228341451 0.00249024866668 0.000137966381441 0.0699582317787 0.000368039835052 0.00147259423852 1.42852151741e-05 0.000117711391395 0.000139190612727 -0.000772284556025 0.00357533680295 0.0016205728222 0.00152180330318 0.000143077888084 0.000357304851397 -0.000898055412553 -5.30870093422e-05 0.00171559255782 
0.00168237061531 0.00336647607382 0.00171412448042 0.0102102658243 0.000831027084904 0.00206769612199 0.0013410865862 0.000650508428265 0.00187407789103 0.00272117495632 0.00210170337615 -0.00105528180654 0.00495711807443 0.000904399141007 0.000778973411719 0.000368039835052 0.0315813730792 -4.36474615151e-05 0.00145264664858 -0.00132888982042 -0.000627890261235 0.000876100075278 0.0027512948003 0.000966642520342 0.00161284251798 0.000818348042377 -0.000553567589288 0.0022704091162 0.00172155141061 0.00390091572116 
0.000144194984883 0.000853982055905 0.0012271926105 0.00225937997033 0.00049738099974 0.00142913550109 0.00121795589307 0.000282345358143 0.0018889501805 0.00178665613555 0.00283992213805 0.000790520460505 0.00179983787339 0.0017405580206 0.000933321766893 0.00147259423852 -4.36474615151e-05 0.0156144930204 0.00130324902186 -0.000550422267242 -0.000595892589778 0.00173364304591 0.00294983025821 0.00154454468873 0.00161293794422 0.00255156898568 0.000411667621668 0.00306177219633 0.00253749438026 0.000698154210946 
0.00328075763557 0.00182753337381 0.00199726170024 0.00437625178309 -8.19176157295e-05 0.00410864750861 0.000295901448406 0.000838396600817 0.000956856260558 0.00156308546263 0.00150537680912 0.00250690205167 0.00212444414181 0.00183499477387 0.000152769515736 1.42852151741e-05 0.00145264664858 0.00130324902186 0.0202505716546 0.00246095789145 0.000142054006283 0.000373406316917 0.00115099006137 0.00297011178757 0.000262860112805 0.00270642392806 0.000760503233617 0.00186307785546 0.000941316996061 -0.0012681610461 
-0.00145711519929 0.000335031872827 0.0021827420535 -0.00115141383707 0.00307240882328 0.000998434430538 0.000441662622502 0.00157348183538 0.00372082201829 0.00332477933919 0.000670293621449 0.00451318925596 0.000517569310946 0.001337814215 -0.000640317003504 0.000117711391395 -0.00132888982042 -0.000550422267242 0.00246095789145 0.0483665973921 0.00112880749607 -0.00167900037648 0.000704332533869 0.00157895765116 0.00221165438918 0.00409941251485 -0.00032622844075 -7.07570950381e-06 0.00065114374817 -0.000299224916708 
0.00056693791877 0.000777769794179 -0.000182371252369 -0.000209345585761 0.00138103180021 4.81197790449e-05 0.00113086045492 0.0010825974522 0.000615624940594 0.00217069502208 0.00103745709932 0.00138546376997 0.001321781163 0.000748682367169 0.00135970707954 0.000139190612727 -0.000627890261235 -0.000595892589778 0.000142054006284 0.00112880749607 0.0157908071842 0.000895795450863 0.00125890142375 0.000644332907136 0.00101235182016 0.000264080596455 0.00109774119123 -0.000731298773271 0.00181116362023 0.0029159375447 
0.00331952511425 0.00130683121841 0.00124857055176 0.00178704073318 0.000378293774658 0.00190109667302 0.000556560561773 -0.000772639703801 0.000990069077228 0.00166340533351 0.00156195323156 4.52932954985e-05 0.00115037780077 0.00144183625286 0.00193793310326 -0.000772284556025 0.000876100075278 0.00173364304591 0.000373406316917 -0.00167900037648 0.000895795450863 0.0235218969491 0.002002874693 0.00335329164319 0.00109042720428 0.000939970260429 0.0016513583296 0.00315312040993 0.00491366715493 -1.56451818549e-05 
0.000999271425418 0.00298409177251 0.00371226051685 0.00301853390364 0.00115377381101 0.00214387419237 0.00278461470871 0.00145612569454 0.00755601357739 0.00179715498433 0.000784290528792 0.00366893554323 0.00233992501494 0.00193381850173 0.00380548673378 0.00357533680295 0.0027512948003 0.00294983025821 0.00115099006137 0.000704332533869 0.00125890142375 0.002002874693 0.0287026838632 0.00220345833227 0.0023534647723 0.00167587279991 0.000796564662242 0.00214593391365 0.00215639539661 -2.85341629508e-06 
0.00138793979179 0.00258753929723 0.00378378630105 0.000667313087963 0.00188590801715 0.00156536570606 0.00145500703214 0.0031248723105 0.00039987160458 0.00312060826683 0.0016110230536 0.00145161074932 0.00263274601884 0.00153798415937 0.00208079217182 0.0016205728222 0.000966642520342 0.00154454468873 0.00297011178757 0.00157895765116 0.000644332907136 0.00335329164319 0.00220345833227 0.0143262365396 0.00194789051234 0.00263386201968 0.00126444465847 0.00243047626267 0.00286755769524 0.00142770813206 
0.00146536299244 0.00249521241477 0.00205391840889 0.00556530638284 0.00140812419977 0.00017228955619 0.0018631229575 0.00267030244461 0.00188928415865 0.00231452671145 0.00201433122608 -0.000558834172943 0.00170456608426 0.00189209638956 0.00202983798208 0.00152180330318 0.00161284251798 0.00161293794422 0.000262860112805 0.00221165438918 0.00101235182016 0.00109042720428 0.0023534647723 0.00194789051234 0.0133339912143 0.00100429368066 0.00136404663817 0.00159925228632 0.00288195550478 0.00147761737111 
0.00231949430008 0.00227785731761 0.0030858468774 -0.000773437023933 0.0020975699795 0.000858579297915 0.00145303271793 0.0033983618479 0.000196669495359 0.00423189597959 0.000618048329631 0.000662937353023 0.000932134428868 0.00188667576333 0.00111110632358 0.000143077888084 0.000818348042377 0.00255156898568 0.00270642392806 0.00409941251485 0.000264080596455 0.000939970260429 0.00167587279991 0.00263386201968 0.00100429368066 0.0243676141507 0.000988345232433 0.00162063631405 0.00284011301465 0.00235765772552 
0.000262557259989 0.00204425195346 0.000717395540373 0.00306516060999 0.000184130147595 0.0035493032757 0.00116843575091 0.000905500613925 0.000960294744241 0.00124311153884 0.000823439929492 -0.000125459799932 0.00209010075857 -0.000952047891438 -0.0003129470259 0.000357304851397 -0.000553567589288 0.000411667621667 0.000760503233617 -0.00032622844075 0.00109774119123 0.0016513583296 0.000796564662243 0.00126444465847 0.00136404663817 0.000988345232432 0.022191243409 0.000938601387903 0.00213325661339 0.000346612122681 
0.000860889363731 0.000847017695854 0.0037638691057 0.000201620721951 -7.7504018005e-05 0.000755988043558 0.0032622697347 0.000331354323167 0.00149981359798 0.000351841808263 0.000894859457903 -0.000612506361694 0.00192546123776 0.0010628945279 0.00280476615651 -0.000898055412552 0.0022704091162 0.00306177219633 0.00186307785546 -7.07570950383e-06 -0.000731298773272 0.00315312040993 0.00214593391365 0.00243047626267 0.00159925228632 0.00162063631405 0.000938601387903 0.0224172916539 -0.000432151279033 0.00218284788473 
0.000683447274054 0.00520450329309 0.00330344418367 0.00360050790442 0.00145461763998 0.00146955670978 0.00136093691063 0.00674448264005 0.00219787556726 0.00545161819056 0.0014848827118 0.00062132756199 0.00556448227868 -0.000391241770043 0.00309717475005 -5.30870093422e-05 0.00172155141061 0.00253749438026 0.000941316996061 0.00065114374817 0.00181116362023 0.00491366715493 0.00215639539661 0.00286755769524 0.00288195550478 0.00284011301465 0.00213325661339 -0.000432151279033 0.0395808379777 0.00336319727493 
0.00236504942286 -0.000202401224155 0.000249639811824 -0.001888102271 0.00360976642262 0.00053346135979 0.000940892849298 0.00378149942447 -0.000664106657463 2.55073175877e-05 -0.00154514355768 0.000452402891827 -0.000175228828843 0.00163111317913 0.00164247171628 0.00171559255782 0.00390091572116 0.000698154210946 -0.0012681610461 -0.000299224916708 0.0029159375447 -1.56451818548e-05 -2.85341629519e-06 0.00142770813206 0.00147761737111 0.00235765772552 0.000346612122681 0.00218284788473 0.00336319727493 0.0293496579353 

['LPX', 'STA', 'MAS', 'TLAB', 'CCE', 'CMI', 'HAS', 'ET', 'YUM', 'PRU', 'DE', 'LU', 'HPC', 'KMB', 'DRI', 'FSH', 'UNM', 'NOC', 'MCK', 'SUNW', 'IBM', 'TYC', 'HET', 'VNO', 'JPM', 'PEG', 'AVY', 'WMI', 'YHOO', 'STJ']