60
0.0916609470377 0.0896854693356 0.0678116165217 0.035272852014 0.0449819155318 0.131188957491 0.0482129600444 0.0833786368315 0.0534982218633 0.134627172929 0.0607700526619 0.0639224219563 0.0952470994091 0.0913653440874 0.190895055806 0.0665048210348 0.13534553156 0.0038222736377 0.0279461936292 0.0657027666716 0.0965978414643 0.0946597506959 0.0479071153807 0.0142076594304 -0.0290439391383 0.0571643700905 0.0771685990004 0.105790735219 0.0146033592013 0.087070388143 0.0422860283868 0.0160420823192 0.139274044211 0.0194782181544 0.0283013122104 0.0464034886179 0.0704328117516 0.116406698245 0.114977551813 0.022553065058 0.191301962015 0.0339335468557 0.00787829448736 0.0900156737744 0.0917148498368 0.080702843163 0.110955558587 0.204332601919 0.0495038718221 0.106356452037 0.0723018126246 0.085684238521 0.0905831054983 0.0962618702605 0.00791209609274 0.0289140833203 0.0100273700484 -0.00168409401267 0.0887704215167 0.0593939882808 
0.429192793462 -0.00807579861706 -0.0159621346882 -0.00199601590473 0.00769283724832 0.0224811164958 0.0183557261723 0.0292139420185 0.0217520836521 0.0624112849346 0.00115387860429 -0.0176388775891 -0.00690268864548 -0.00903916695515 0.0200403276781 0.00179252468658 0.00792356934338 -0.00239494112307 0.00349793751678 0.00813795997148 -0.000553604528359 0.0162658070856 0.0161988192502 0.000809866129583 -0.0226194913103 -0.00287056216949 -0.000912751874483 -0.00679353539925 0.0104484701853 0.0205152856214 0.00956889660665 0.0134419558463 0.0459104086384 0.00442992119206 0.00629301817774 0.00322553266496 0.0127700135199 0.0181109081426 0.010774751896 -0.00179211868185 0.0202360339786 0.0159963533435 -0.0160451160765 0.00788367478234 0.000569552809712 0.0151605323731 0.0010767850166 -0.00269690124335 0.0100180249988 0.00967100534258 0.0253427195254 0.00283743897921 -0.00167345115145 0.0481037906796 -0.0061908893915 -0.00199178434426 0.00223410991196 0.00265013295875 0.00218258070254 -0.0120826779613 
-0.00807579861706 0.244465271097 0.0217096963193 0.0152884243932 0.00664969045406 0.0228469489991 0.0278094795517 0.0211165402384 0.0320427377251 0.0167835619407 0.0132344961874 0.00680492318609 0.0120149025246 0.0219557452446 0.0320036716465 0.00381112613402 0.0332815441933 -0.00930550947579 0.00303606993928 0.00955357657725 0.0281016113061 0.000368382549454 0.000543138897435 -0.00374355270031 0.01728517774 0.0246035735278 0.0255151320091 0.0194709334201 -0.0141608741179 0.00347964569018 0.00964290954756 0.0131791696246 0.0157254784652 0.0155238879596 0.00082435643977 0.0179969232919 0.0184289399017 0.0182653536009 -0.0131884153765 0.00338927790804 0.00247324941323 0.0267795354952 0.0212367412855 0.00703675468972 0.0151776262649 0.0230942423536 0.0230751182623 0.0175646063484 0.0072366366313 0.0323070489756 0.0686263280372 0.0297766378286 0.0120759345877 0.03067770412 0.00327381725163 -0.000329746437996 0.0054479382324 0.0161647103852 0.0016757996431 0.0248289865523 
-0.0159621346882 0.0217096963193 0.229409925681 0.0090274967692 0.00155465700538 0.0209323773668 0.0132136093084 0.0131437477022 -0.00788910012335 -0.00166282709474 0.0133714380683 -0.0100015936653 0.0206819213462 0.00273520666941 0.012682511015 0.00218018542112 0.0148732964271 0.00184678264044 -0.00324014119002 -0.0253359028357 0.0109943619817 0.00995454457356 0.00276296491533 -0.00019283431433 0.0508986651319 0.0116978557358 0.00466095993601 0.0258194652688 -0.00920031242409 -0.0028550192568 -0.0167630608322 0.0171662230697 -0.00109537433624 0.011785329287 -0.000693201749935 -0.00210274680313 0.0115096290889 0.0306411925594 -0.00204133586382 0.0334978111436 0.0123263946067 -0.0202383592514 -0.00490995051985 -0.00364853767584 0.00519991823157 -0.022242964622 0.0134256732337 -0.0149385600198 0.0152544666693 0.0096197633623 0.00720947560337 -0.00915347624684 0.0294627370408 0.00779473425582 -0.00117613389364 0.0229377217602 0.0131315347391 -0.000590285891684 0.0126429125064 0.0234883376652 
-0.00199601590473 0.0152884243932 0.0090274967692 0.251691966058 0.0127916023002 -0.00280031816825 0.0109755404557 0.0117347282837 0.0272290952588 -0.0130292327825 0.0113284288387 -0.00483460329057 0.0224825324084 0.0062337372091 0.0136230889585 0.000822281104928 0.0235103123343 0.0295859641235 0.00804754020647 0.0045502820983 0.0751127875089 0.00192350949421 0.0302048286296 0.020737595795 0.0108869646732 0.00532648140116 0.00386431925312 0.00263801667828 -0.00542690406851 0.0337301916216 -0.00690715252137 0.00769637763588 0.0349588794336 0.0154996198921 0.000569646365926 0.00316033749662 0.00596394149172 -0.00209974684604 0.00253499709892 0.0235256368699 -0.00297639379314 0.01917817138 -0.00129518088009 -0.000601598573016 0.0155740779958 0.00100495016891 0.0366827574104 -0.00957451355086 0.019736896225 0.0196059335508 0.00508582753678 0.0283073343534 0.0331756422118 0.0182091028875 0.0319802432813 -0.00776744538413 0.025175112312 0.0184103877424 0.0239545847379 0.0120440633803 
0.00769283724832 0.00664969045406 0.00155465700538 0.0127916023002 0.204888407735 0.0124864154084 0.0199276051216 0.0111023331719 0.0244083052741 0.0150810661847 0.0360592102423 0.0336587207724 0.0365686008306 0.0304244881348 0.0168334016445 0.0586401514648 0.0235528872528 0.0216042870484 0.00821933506271 0.00096051612576 0.0170722072723 0.0230465166862 0.0177828004583 0.0146918821101 0.0232831367473 0.0270910806894 0.0318433848286 0.013392734873 -0.00266791455105 0.0254350899107 0.0155078465286 0.0467804951584 0.0198317030827 0.0507178479279 0.0129213207447 0.00968878471478 -0.00237246602943 0.0130576143611 -0.0153139108738 0.017624293516 0.000152794102826 0.000273262483324 0.00532881109959 0.0101646264418 0.0366408275097 -0.00290609999543 0.0345272138658 -0.00431392592478 0.0152163918711 0.00864964835786 0.00686258980946 0.00454810438249 0.00465381578984 0.00938830094417 0.00168361599024 0.00248303220333 0.012382825992 0.0123863239224 0.0176283887385 0.018094707218 
0.0224811164958 0.0228469489991 0.0209323773668 -0.00280031816825 0.0124864154084 0.361857658844 0.00111467209076 0.0606949692938 0.0267781980196 0.00465571727489 -0.00393990083379 0.0206538291814 0.0702908241962 -0.000371881416703 -0.0160652632228 0.0420190834604 0.0395641296888 0.0247552053164 -0.00915131236475 0.0283540660052 0.0159043370398 0.0231047474266 0.00518243329056 0.0179125668641 0.010745871236 0.0244519605649 0.0258368494053 0.0625507991377 0.0231706781011 0.0838485393782 0.0392199765809 0.0441987588293 0.0709897002108 0.0319061158593 0.00693934391437 0.00941840213674 0.0312310279561 0.0130146827008 0.0521741225293 0.0154141124109 0.0495607404322 0.0281730808565 0.0106942164423 0.0431309064571 0.00466971097129 0.033127454687 0.0446150349871 -0.0239677279663 0.00847676385332 0.0201531092907 0.0349705317534 0.0285618374593 -0.013698667868 0.0266140202754 0.0171858984512 0.0177317167417 0.0315711936184 0.0120947400696 0.00628996077239 0.0220493974588 
0.0183557261723 0.0278094795517 0.0132136093084 0.0109755404557 0.0199276051216 0.00111467209076 0.206051705999 0.00610420702013 0.0184991464716 0.00727871728147 0.0366081347436 0.0255342541103 0.0319206659388 0.0337712405687 0.0139769416012 0.0304966901338 -0.00433374023055 0.00302015519145 -0.00263687224947 0.0290770343562 0.0403122301544 -0.00945665098881 0.0313335625372 0.0183023717112 0.00964576011218 0.00394743297067 0.0313311246055 0.016454148593 -0.00187613043069 -0.00537738772406 -0.00727373660528 0.0300914302233 0.0184835320095 0.013474355637 0.0206582285805 0.00219253486843 0.00132910306185 0.016382398549 0.0154489924385 -0.00356567271277 0.0120977938619 -0.0045948432345 -0.00547529371356 0.0132266443589 0.022237138643 0.0169300530697 0.00388975506936 0.182665630686 0.0128101510439 0.0184946630095 0.0125694362725 0.0166839569637 0.0253540414352 0.00430580917035 0.00521037901617 -0.00448592013457 -0.015706288575 0.0224290000358 0.01763479962 0.0118372401461 
0.0292139420185 0.0211165402384 0.0131437477022 0.0117347282837 0.0111023331719 0.0606949692938 0.00610420702013 0.349293828479 0.00938084069776 0.00799488656382 0.0196387876215 0.0155319931367 0.0622911998614 0.0570593601336 0.00345343562682 0.0341954171405 0.0136037172913 0.00551287314311 -0.00671008034383 0.0174090895791 0.0452754237307 0.0160108214998 0.0323517599083 -0.0142959535751 0.0157148871896 0.0148537724954 0.0211698771109 -0.0202582870953 0.0107427912916 0.0196712070018 0.0703761863777 0.00431614210766 -0.0110598746413 0.0152653280712 0.00778583157467 0.0018914478235 0.0263245653624 0.0528378801194 0.0185133747589 0.00278746336057 0.0579773145137 0.00180870133656 -0.00492932657077 0.030703258831 0.0176688444215 0.0203664962999 0.00595079437015 -0.0138982527055 0.00198374790697 0.0230271548537 0.0327541062723 0.00498854085238 0.012365952013 0.0293982755878 0.0147214575904 0.0159591513673 0.0218302602894 -0.0144639057481 0.0102330818154 0.0348588151764 
0.0217520836521 0.0320427377251 -0.00788910012335 0.0272290952588 0.0244083052741 0.0267781980196 0.0184991464716 0.00938084069776 0.22333886229 0.0355277954434 0.00512653540049 0.0253880481149 0.0362940007452 0.0423429084922 0.0175258362875 0.0433430865818 0.0477966641151 0.00199885120858 0.0288859979624 0.0130383599484 0.0112272082132 0.0244093201281 0.00819478255571 0.00460486610526 -0.0199570839638 0.02519405965 0.0354480425145 0.0217858836199 -0.00130859935377 0.00236020302329 0.0228790711721 0.0222642053464 0.00601327811791 0.0192646910275 -0.00350754684989 0.0118651366494 -0.0107211661222 0.024175390157 0.0269805088195 0.0177589825115 0.0148341678357 0.0184470456925 0.0211020331169 0.0146081598485 0.0241361139512 -0.0142749834267 0.031103557745 -0.0181687175923 0.010151639839 0.0174106935508 0.0169751294426 0.0144468995917 0.011050711736 -0.000512416821805 0.00809742022712 0.00276096713321 0.00893682158918 0.025564695816 0.0368789863126 0.0087897824801 
0.0624112849346 0.0167835619407 -0.00166282709474 -0.0130292327825 0.0150810661847 0.00465571727489 0.00727871728147 0.00799488656382 0.0355277954434 0.735356553167 0.0241182585973 0.000967039160927 -0.000272955976462 0.0271239202346 -0.00164859950145 0.0318594742265 0.00947505616206 0.0149448703889 0.00397556031039 -4.65537870428e-06 0.0163979341407 0.047811309552 0.0188326462282 0.00855207933193 0.0268757402857 0.0155921243696 0.0221979353102 -0.0164669332114 0.00753010239415 0.0120803109651 0.0128198065211 0.00848284801595 0.0245841121755 0.00542674923403 0.0120243524908 0.0360588413631 0.00852035897274 0.000836638768495 0.016370864829 0.0202104748523 0.0176135041714 0.0319271839786 -0.00416821341009 0.00117218902923 0.0183654262343 0.00662718438931 0.00315501829312 -0.0147902025428 -9.29336682565e-05 0.0336906702028 0.00312296820515 0.0494829430359 0.00711121155909 0.0180597185745 -0.00474598143461 0.0170710153454 -0.0115286735547 0.0150719548841 0.0186149880753 0.00653795740048 
0.00115387860429 0.0132344961874 0.0133714380683 0.0113284288387 0.0360592102423 -0.00393990083379 0.0366081347436 0.0196387876215 0.00512653540049 0.0241182585973 0.242621256035 0.0452109645872 0.00751878960456 0.0247900635449 0.0458501863667 0.0156965588631 0.00726507492604 0.00972945602992 0.0225804598919 0.00463965303816 -0.0120658179999 0.0149100471201 -0.00609696780826 0.00338500941233 0.035115710229 0.0103446696248 0.0156417798211 0.00678145313441 0.00885851792486 0.0122851563162 -0.00795934812007 0.0162458422058 0.109647453074 0.0193934547123 0.00752127251901 0.0200616523175 0.0203609403946 0.0214597091411 0.0110528648026 0.0139513282594 0.0193632160953 0.00634336297444 0.00320550764609 -0.00887540003518 0.00962634556861 0.0151137760072 -0.00163116444501 0.0452793872919 0.0615319247407 0.00424180485314 0.0387154298496 0.0210697818768 0.0204056651148 -0.0145141379294 0.00128288398668 0.0128126733091 0.00552399620745 0.0161444757233 -0.00431219164974 0.0156900114628 
-0.0176388775891 0.00680492318609 -0.0100015936653 -0.00483460329057 0.0336587207724 0.0206538291814 0.0255342541103 0.0155319931367 0.0253880481149 0.000967039160927 0.0452109645872 0.432017657556 0.0527328426598 0.0449060058771 0.0328700171774 0.019300360729 0.00862933523985 -0.00147253285603 0.0338662835431 -0.00390816128467 0.038728069622 0.0414712359966 0.0105744650954 0.00866464820218 0.0229623795165 0.0200948753407 0.0344150567577 0.0579494946698 0.0104534742112 0.00377008895073 0.0231247943179 0.0237440088121 0.0161477071017 0.017337843325 0.0051282978269 0.0180816543721 0.0251436703201 0.0212255645862 0.0223762554073 0.0047661283203 0.00820413697838 0.0215612138645 0.0184718108356 0.0157029114158 0.0405434906166 0.0740099687449 -0.00052418648348 -0.0405855026161 0.015846767522 0.0409545162909 0.00853070310017 0.0511020009603 0.0143064632438 0.0292445030721 0.0213675334073 -0.0111952584006 0.0414598594382 0.025795551271 0.0249132359966 0.0350735216342 
-0.00690268864548 0.0120149025246 0.0206819213462 0.0224825324084 0.0365686008306 0.0702908241962 0.0319206659388 0.0622911998614 0.0362940007452 -0.000272955976462 0.00751878960456 0.0527328426598 0.436763028798 0.0355823256812 0.0712037885045 0.0525447246726 0.0424805926198 0.00555189318712 0.0147442451128 -0.0018187565226 0.0557344251722 0.0383633399472 0.00597714221118 0.00795867838306 0.0130052800877 0.0399943555625 0.000660408237773 0.0238969214389 -0.000908921660379 0.00901151598313 0.0153659226999 0.03605604129 0.0248775778316 0.0345102953409 -0.00257323954395 0.00103639039024 0.0257419310335 0.0113548163001 -0.0200589184529 0.0295274248435 0.0201995715786 0.0266652760868 0.0130044610544 0.0508911884435 0.0162287490352 0.0490392509908 0.0199631671403 -0.0106204951302 0.00735254231764 0.0275539281638 0.0186924438801 0.0203802322436 0.00761574657511 0.0493665014777 0.0115397855692 0.0155261270842 0.0223334454576 0.00160946933107 0.0297634461459 0.0186163419099 
-0.00903916695515 0.0219557452446 0.00273520666941 0.0062337372091 0.0304244881348 -0.000371881416704 0.0337712405687 0.0570593601336 0.0423429084922 0.0271239202346 0.0247900635449 0.0449060058771 0.0355823256812 0.352444642174 0.0389090263464 0.013352472932 0.0153085307771 0.00369293977651 0.0174437390088 0.000294561762115 0.0405610931975 0.0586482224177 0.0181335587754 0.00379659980541 -0.0304549659904 0.0404535225786 0.0459439913751 -0.0136298414491 0.0144233045268 -0.0237737831162 0.0341717060232 0.0249390559147 0.0236288310804 0.0203848739907 -0.00829189942002 0.0162632484737 -0.000198881463823 0.0202358979183 0.00874887346242 0.00718225425939 0.0327129208907 0.0205796145886 0.017833694285 0.0105407980436 0.0198121142645 0.0143983176318 0.00214425029428 -0.00717602857103 -0.00768408311712 0.0451659815388 0.0763754985573 0.0207732928865 0.00904104014467 0.0172759718901 0.00502282534177 -0.000997308154749 0.022692285826 0.00895754466899 0.0329536909761 0.0140688187557 
0.0200403276781 0.0320036716465 0.012682511015 0.0136230889585 0.0168334016445 -0.0160652632228 0.0139769416012 0.00345343562682 0.0175258362875 -0.00164859950145 0.0458501863667 0.0328700171774 0.0712037885045 0.0389090263464 0.544668284617 -0.0104028551487 0.0113526022118 0.017173029652 0.00152164159585 0.0147287350203 0.026346781448 0.0101469734744 0.019675600382 0.00588506709044 -0.000914828425653 0.0113565790747 0.0269731555889 0.00640075360806 -0.00433065054987 0.0386616322427 0.00290086708431 0.0140142388356 0.0650622839085 0.00520438938165 0.0292179478784 -0.0016332905501 0.0291050370277 0.0505922184701 0.0819410809813 0.000472621260861 0.00856716643375 0.0113316691328 0.0102716703517 -0.00460555794499 0.0188666343249 0.0399410734172 0.0170539842533 -0.00464332395048 0.00652698756194 0.0753851916684 0.0395203819369 0.000158630502469 0.0464676914029 -0.0152488094198 0.0104336557 0.0184778428915 0.0377391994534 0.0101258510495 0.0546883353113 0.00570965300609 
0.00179252468658 0.00381112613402 0.00218018542112 0.000822281104928 0.0586401514648 0.0420190834604 0.0304966901338 0.0341954171405 0.0433430865818 0.0318594742265 0.0156965588631 0.019300360729 0.0525447246726 0.013352472932 -0.0104028551487 0.217034549388 0.0374278909626 0.000928722829648 0.0100383923338 0.0112005713298 0.016194231994 0.00430946731512 0.00974724760309 0.0130445123509 0.013780438122 0.0298004061743 0.0148135902791 0.00506365229534 0.00282360902096 0.011624969626 0.00471376315289 0.0372436866664 0.010517433275 0.052031021154 0.00806946374389 0.00930687545161 0.0022266650806 0.0291903254258 0.0193204800103 0.0384229453591 -0.000103533084584 0.0198658942897 0.00116645331414 0.0318720655349 0.0313344752709 0.0109149021062 0.0115420823654 -0.0160935135319 0.0176689329287 -0.0159171417412 0.0367951322245 -0.00172364724492 0.00843532684587 0.0381289246045 0.00151893738045 -0.00339365131184 0.0116633392971 0.01496492672 0.0300709507424 0.019136613013 
0.00792356934338 0.0332815441933 0.0148732964271 0.0235103123343 0.0235528872528 0.0395641296888 -0.00433374023055 0.0136037172913 0.0477966641151 0.00947505616206 0.00726507492604 0.00862933523985 0.0424805926198 0.0153085307771 0.0113526022118 0.0374278909626 0.206465862901 0.0136440068918 -0.00123871249178 0.0105424189654 -0.0082277393093 0.0275029184852 0.014548507423 -0.00866203532791 -0.0137630971675 0.032365473719 0.0189040442965 0.0297870884932 -0.00063814150246 0.00972856395445 0.0229516284349 0.0342062206761 0.0269300016413 0.0284796494069 0.017988654869 -0.00573929402752 0.0135736344126 0.0538748300184 0.0168502822101 0.0203756686584 0.0302699255887 0.00548032356183 -0.00514117498308 0.00583298399305 0.028749082489 0.0502403704136 0.0189686521503 -0.0128015792232 0.00585895253602 0.0259555513173 0.0340619233017 0.0251145684282 0.00443499487703 0.0375646099206 0.033797407584 0.0121366659351 0.0222476035428 0.0168371316023 0.0351067840425 0.00779440072507 
-0.00239494112307 -0.00930550947579 0.00184678264044 0.0295859641235 0.0216042870484 0.0247552053164 0.00302015519145 0.00551287314311 0.00199885120858 0.0149448703889 0.00972945602992 -0.00147253285603 0.00555189318712 0.00369293977651 0.017173029652 0.000928722829648 0.0136440068918 0.19510013568 -0.00121215077048 0.00924761266994 0.0748134565669 -0.007594574759 0.0233968780971 0.01486647344 0.00740553161505 0.0143217066821 0.0274345362441 0.00507317220958 0.00924602632591 -0.00734759213131 0.00459495691193 0.0178729845521 0.0193185737832 0.0231780267107 0.0117311993595 0.00931978387023 -0.000532442426534 0.0382415633009 -0.00407576868996 0.00272487612794 0.0381721828681 0.0186711430101 0.00647795173514 0.00497343577991 0.0189395251641 0.00552589833144 0.0193803996939 -0.00317038312176 0.0167086544277 0.028390534832 0.0294577943287 0.00510685466617 0.0138298158022 0.0389734035216 0.0017848807037 0.0133937662897 -0.00153647084949 0.00402586514575 0.0129989469278 0.00953078002418 
0.00349793751678 0.00303606993928 -0.00324014119002 0.00804754020647 0.00821933506271 -0.00915131236475 -0.00263687224947 -0.00671008034383 0.0288859979624 0.00397556031039 0.0225804598919 0.0338662835431 0.0147442451128 0.0174437390088 0.00152164159585 0.0100383923338 -0.00123871249178 -0.00121215077048 0.183363506248 0.00830825010163 -0.0120784621647 -0.00285034586139 -0.0063915074697 0.014815945867 -0.00166121250331 0.00112135722636 0.0107163146643 -0.000993596107894 0.00645024398006 0.0249827111693 -0.00244046870582 0.0126189244345 -0.00341687228774 0.0236088485053 0.0101861793666 0.0220537220418 0.00823794816332 0.00045698125549 0.00415941593069 -0.00151164141083 -0.000443854884992 0.00738102366221 -0.00156395280391 -0.00407723113437 0.00744772375302 0.010128933684 0.01138328745 0.0173972589372 -0.00736838325936 -0.000154939473434 -0.00819574927228 0.00214090349206 -0.000881887444547 0.00902651958433 0.00364007035954 0.00514452712057 0.0155439610051 0.00963584755929 -0.00409847750014 0.0189484084553 
0.00813795997148 0.00955357657725 -0.0253359028357 0.0045502820983 0.00096051612576 0.0283540660052 0.0290770343562 0.0174090895791 0.0130383599484 -4.65537870412e-06 0.00463965303816 -0.00390816128467 -0.0018187565226 0.000294561762115 0.0147287350203 0.0112005713298 0.0105424189654 0.00924761266994 0.00830825010163 0.160478207405 0.0185453623698 -0.00987568620885 0.0308922782155 0.00173731489923 0.00866533340386 0.018330244946 0.0207960533632 0.0188642646155 0.0137289030749 0.0534560923719 0.0319400550861 0.0249779384905 0.0540952009938 0.018276469664 0.0114155332097 0.00599256089339 0.0204847261453 0.0427299511303 0.0152778546473 0.0156911980791 0.0228115421528 0.0214966557203 0.00418054255178 0.0150061432468 0.0175261166437 -0.0140277948007 0.0187935066352 0.0251852281837 0.00758030342589 0.0238742430268 0.0212106184142 -0.00583018454716 0.0193518445347 0.0120188884541 0.00560048547272 0.0285397989349 0.0113454533346 0.023048973329 0.0110218898902 0.00337404291865 
-0.000553604528359 0.0281016113061 0.0109943619817 0.0751127875089 0.0170722072723 0.0159043370398 0.0403122301544 0.0452754237307 0.0112272082132 0.0163979341407 -0.0120658179999 0.038728069622 0.0557344251722 0.0405610931975 0.026346781448 0.016194231994 -0.0082277393093 0.0748134565669 -0.0120784621647 0.0185453623698 0.415152957179 0.0488692846613 0.0165137681981 -0.000792341051857 0.0149444586347 0.0301914462577 0.033364961481 -0.0391502499174 0.00613150106563 0.00633710717449 0.0314833578675 0.0205848628423 0.0552847701881 0.00851424589804 0.0166712675637 0.0191744932652 0.0290297427322 0.00538551766566 0.00848318320855 0.0172270110131 0.0231251430315 0.00232169048725 0.00947978596322 0.00945499066484 0.0374454354731 -0.0213118707771 0.0297954007525 0.00401798842403 -0.00635344080182 0.0148918543229 0.0256723499506 0.0278553500328 0.0384863812211 0.00219510088555 0.00779000607396 0.00233838401944 0.00488596119019 0.0107298331997 0.0265032573211 0.0048073716944 
0.0162658070856 0.000368382549453 0.00995454457356 0.00192350949421 0.0230465166862 0.0231047474266 -0.00945665098881 0.0160108214998 0.0244093201281 0.047811309552 0.0149100471201 0.0414712359966 0.0383633399472 0.0586482224177 0.0101469734744 0.00430946731512 0.0275029184852 -0.007594574759 -0.00285034586139 -0.00987568620885 0.0488692846613 0.439740570794 -0.000978920322756 -0.000639462350261 0.0567414588232 0.0247316840515 0.0158630043935 0.0316349633539 0.0267328084658 -0.0109140728658 0.0103806898408 0.00133291437404 -0.000254380255286 0.00417203718321 0.0178689678092 -0.0106214975091 0.0250900856137 0.0419221107978 -0.00677873553339 -0.000769290765944 0.0337174767752 0.00576109733339 0.0117950031274 0.0149962356823 -0.000318309380805 0.0164685885062 0.0137202928128 0.0091561798435 0.00728473862865 0.0439305905756 0.0304414883833 0.0314841865362 -0.0300181663339 0.0302098826773 3.49019874108e-05 0.00733579064509 0.0296256926176 -0.00306788611331 -0.00518738963344 0.0153296629725 
0.0161988192502 0.000543138897435 0.00276296491533 0.0302048286296 0.0177828004583 0.00518243329056 0.0313335625372 0.0323517599083 0.00819478255571 0.0188326462282 -0.00609696780826 0.0105744650954 0.00597714221118 0.0181335587754 0.019675600382 0.00974724760309 0.014548507423 0.0233968780971 -0.0063915074697 0.0308922782155 0.0165137681981 -0.000978920322756 0.225844236923 0.010965162906 0.00651981341721 0.00338195247406 0.0204101431094 -0.00227840217799 0.0123391617852 0.0249216685845 0.0123044245576 0.0249458439556 0.0243230688535 0.0173555921391 0.01903761695 -0.00417601627362 0.0133430532273 0.0290232338365 0.0215241304267 0.0149722507652 0.0378360842116 0.00089308166449 -0.000115113518704 -0.010661459617 0.0129597884657 -0.00651971537914 -0.00930903625982 -0.00786031945573 -0.0127908599657 0.0355519729298 0.00234545324686 0.00220404000512 -0.00108713610335 0.0162817116579 0.00113586276107 0.014525331037 0.00922168880654 0.0249434511268 0.035308216946 0.0169288120095 
0.000809866129583 -0.00374355270031 -0.00019283431433 0.020737595795 0.0146918821101 0.0179125668641 0.0183023717112 -0.0142959535751 0.00460486610526 0.00855207933193 0.00338500941233 0.00866464820218 0.00795867838306 0.00379659980541 0.00588506709044 0.0130445123509 -0.00866203532791 0.01486647344 0.014815945867 0.00173731489923 -0.000792341051857 -0.000639462350261 0.010965162906 0.121316432908 -0.00341846807551 0.0110699492438 0.0038460246745 0.000603018207086 0.0020214177944 -0.00578724346009 -0.0027324242948 0.00165434760955 0.00725667220739 0.00872060351962 -0.00446945818983 0.015705739868 0.0102324802468 0.00475919272404 0.00193888389246 0.0068766044922 0.0106828335632 0.0225216418487 -0.00241141145774 0.00825293892053 0.00818551544049 -0.0143258505451 0.0150022210576 0.00293921911106 -0.00123421072436 0.00206753856969 0.0200929989814 0.0107425314203 0.00867326923061 -0.00863819623906 0.00454708264626 0.012576859454 0.00224650808677 0.0200406346843 0.028420976525 0.00727134663787 
-0.0226194913103 0.01728517774 0.0508986651319 0.0108869646732 0.0232831367473 0.010745871236 0.00964576011218 0.0157148871896 -0.0199570839638 0.0268757402857 0.035115710229 0.0229623795165 0.0130052800877 -0.0304549659904 -0.000914828425653 0.013780438122 -0.0137630971675 0.00740553161505 -0.00166121250331 0.00866533340386 0.0149444586347 0.0567414588232 0.00651981341721 -0.00341846807551 0.316315138613 0.0121192845362 -0.00198064408005 0.0106669837586 0.00900233807504 0.0267179363108 -0.0147734113556 -0.00546875966856 0.0679754155415 0.000570474605464 0.00658997873774 0.012068280786 0.0265530873955 0.0451297999586 0.0165830911914 0.0190522978909 0.0198690468402 0.025430045906 -0.00537141547964 0.00170248611022 -0.00822461509253 -0.0080212141973 0.00643442941426 -0.0105684202794 -0.0168085425169 -0.000981104886296 0.0201015645056 -0.000906585414449 0.0336974002203 0.0152074125631 -0.00615389681324 0.00252844856672 0.0225180955162 -0.0104590977456 0.00621521593236 0.0188259383679 
-0.00287056216949 0.0246035735278 0.0116978557358 0.00532648140116 0.0270910806894 0.0244519605649 0.00394743297067 0.0148537724954 0.02519405965 0.0155921243696 0.0103446696248 0.0200948753407 0.0399943555625 0.0404535225786 0.0113565790747 0.0298004061743 0.032365473719 0.0143217066821 0.00112135722636 0.018330244946 0.0301914462577 0.0247316840515 0.00338195247406 0.0110699492438 0.0121192845362 0.179462262288 0.00675375682415 0.0324782157639 0.0248726957014 0.0312316825273 0.0142094587834 0.0230562731349 0.0251377420595 0.0266402903342 0.0174009490535 0.00424213757672 0.0192513220906 0.0236378196086 -0.00879623213736 0.049725137361 0.00821737669731 0.00631709862137 0.00894865499056 0.0208035311161 0.00513290783271 0.0109013383991 0.0222090859864 -0.00150645910931 0.00540296978882 0.00859734466318 0.0377707143885 0.033466562184 0.0342149761597 0.0309877313759 0.0114366183685 0.0297692770222 0.029089926648 0.00553248849904 0.0205401680311 0.014946194983 
-0.000912751874483 0.0255151320091 0.00466095993601 0.00386431925312 0.0318433848286 0.0258368494053 0.0313311246055 0.0211698771109 0.0354480425145 0.0221979353102 0.0156417798211 0.0344150567577 0.000660408237773 0.0459439913751 0.0269731555889 0.0148135902791 0.0189040442965 0.0274345362441 0.0107163146643 0.0207960533632 0.033364961481 0.0158630043935 0.0204101431094 0.0038460246745 -0.00198064408005 0.00675375682415 0.1843325007 0.0262442619292 0.00195850627143 0.0164254414967 -0.00413761692616 0.039463638149 0.0573491088988 0.0251744967937 0.00576538536065 0.00478193764176 0.00644820173252 0.0321837492229 0.0310955317835 -0.000482154333802 0.0395044384529 0.0228181592905 0.0119708825595 0.0179199957581 0.0749427128278 0.0158937267605 0.0392476959769 -0.0123144239741 0.0137423678647 0.0524849973362 0.0282609060934 0.0156108923153 0.0179589431987 0.0176977549274 0.00529067978726 0.0199060834806 0.0117337328854 0.0202253929426 0.0268429902085 0.00943797037047 
-0.00679353539925 0.0194709334201 0.0258194652688 0.00263801667828 0.013392734873 0.0625507991377 0.016454148593 -0.0202582870953 0.0217858836199 -0.0164669332114 0.00678145313441 0.0579494946698 0.0238969214389 -0.0136298414491 0.00640075360806 0.00506365229534 0.0297870884932 0.00507317220958 -0.000993596107894 0.0188642646155 -0.0391502499174 0.0316349633539 -0.00227840217799 0.000603018207086 0.0106669837586 0.0324782157639 0.0262442619292 0.338179103511 0.00537577023662 0.0508465747795 0.000145757895862 0.0174927926153 0.0349940595479 0.019968836716 0.0160210054679 -0.00786042708833 0.00315844474361 0.0123944447535 0.0451359103408 0.00526734781766 0.0153630880468 0.0191939167386 0.030674831924 -0.00352147015038 0.0139644869051 0.00883672462436 0.0315150414657 0.0141886299148 0.0340133630936 0.0152883783001 -0.0302926228108 0.0113652896186 0.0143319672317 0.0228041084346 -0.00563206988898 0.0101349354534 0.00878548340513 0.014718285692 0.012906450243 -0.00434093037057 
0.0104484701853 -0.0141608741179 -0.00920031242409 -0.00542690406851 -0.00266791455105 0.0231706781011 -0.00187613043069 0.0107427912916 -0.00130859935377 0.00753010239415 0.00885851792486 0.0104534742112 -0.000908921660379 0.0144233045268 -0.00433065054987 0.00282360902096 -0.00063814150246 0.00924602632591 0.00645024398006 0.0137289030749 0.00613150106563 0.0267328084658 0.0123391617852 0.0020214177944 0.00900233807504 0.0248726957014 0.00195850627143 0.00537577023662 0.159510459549 -0.00265776033206 0.0150102644304 -0.00271707058116 0.00846541428712 -0.00351878106229 0.0062501116464 0.00100179012437 0.000492028478872 -0.0159764515935 -0.00575234846991 0.0132862077152 0.0191194749512 -0.00341987494768 0.00846755878275 0.0261529209715 0.00607260791424 0.0147875054699 0.0240023801704 0.0452479339631 0.00619806306794 0.0228251559427 0.0441913865668 -0.00405687811027 0.00432498741615 0.0116396054843 -0.00399425592629 0.0216666503884 -0.00158662879505 0.000685559607861 0.00326897181224 -0.00200145607334 
0.0205152856214 0.00347964569018 -0.0028550192568 0.0337301916216 0.0254350899107 0.0838485393782 -0.00537738772406 0.0196712070018 0.00236020302329 0.0120803109651 0.0122851563162 0.00377008895073 0.00901151598313 -0.0237737831162 0.0386616322427 0.011624969626 0.00972856395445 -0.0073475921313 0.0249827111693 0.0534560923719 0.00633710717449 -0.0109140728658 0.0249216685845 -0.00578724346009 0.0267179363108 0.0312316825273 0.0164254414967 0.0508465747795 -0.00265776033206 0.589437591739 0.00287886241555 -0.000181864990261 0.0850124982346 0.0239078826659 0.0009218808029 -0.000717180902474 0.029189181077 0.0411633962691 0.0882089616598 0.0179941903014 0.0397574042647 0.00150129487259 -0.00772153863447 0.0011622100885 0.0118568627667 0.00893710513531 0.0706362931566 0.0127544885862 -0.0186787120867 0.0145433586096 0.00270452262269 0.0148683478126 0.0234450169975 0.0804161396348 0.00631106860248 -0.0109531266247 0.0269735385892 0.00593298141821 0.00778783105609 0.00621714051947 
0.00956889660665 0.00964290954756 -0.0167630608322 -0.00690715252137 0.0155078465286 0.0392199765809 -0.00727373660528 0.0703761863777 0.0228790711721 0.0128198065211 -0.00795934812007 0.0231247943179 0.0153659226999 0.0341717060232 0.00290086708431 0.00471376315289 0.0229516284349 0.00459495691193 -0.00244046870582 0.0319400550861 0.0314833578675 0.0103806898408 0.0123044245576 -0.0027324242948 -0.0147734113556 0.0142094587834 -0.00413761692616 0.000145757895862 0.0150102644304 0.00287886241555 0.227219072621 0.00969154606364 0.0139695512956 0.00794345312521 -0.00611124214017 -0.0108165036234 0.0100173593013 0.0117164578418 0.0198156196369 0.00904847955556 0.0123498732408 0.0136145835534 0.00811017750707 0.0206707976109 -0.00217950535986 -0.0146807266874 0.0123724305115 0.00858118474797 0.0117902407358 -0.00799255376955 0.0130505837473 0.00618448229083 0.0115175917082 -0.0122977809972 0.0226561051457 0.0152815786038 0.00350463480573 0.0106933372271 0.0260485048907 0.0213318510927 
0.0134419558463 0.0131791696246 0.0171662230697 0.00769637763588 0.0467804951584 0.0441987588293 0.0300914302233 0.00431614210766 0.0222642053464 0.00848284801595 0.0162458422058 0.0237440088121 0.03605604129 0.0249390559147 0.0140142388356 0.0372436866664 0.0342062206761 0.0178729845521 0.0126189244345 0.0249779384905 0.0205848628423 0.00133291437404 0.0249458439556 0.00165434760955 -0.00546875966856 0.0230562731349 0.039463638149 0.0174927926153 -0.00271707058116 -0.000181864990261 0.00969154606364 0.154524619116 0.0434749584631 0.0680711755647 0.00522481988598 0.00867809100131 0.00674866863355 0.029474804726 -0.0055046050303 0.0256033344366 0.0144386299488 0.0246652603711 0.00606798864704 0.0116486848441 0.0192071489235 0.00808426996543 0.00383960282819 -0.0034665741078 0.0112422765937 0.0159313913968 0.031818296517 0.00694694009271 0.00624455793925 0.0194279949903 0.00857498025778 0.0067632919754 0.0194233501103 0.0155844765801 0.0264382384248 0.0104681837402 
0.0459104086384 0.0157254784652 -0.00109537433624 0.0349588794336 0.0198317030827 0.0709897002108 0.0184835320095 -0.0110598746413 0.00601327811791 0.0245841121755 0.109647453074 0.0161477071017 0.0248775778316 0.0236288310804 0.0650622839085 0.010517433275 0.0269300016413 0.0193185737832 -0.00341687228774 0.0540952009938 0.0552847701881 -0.000254380255286 0.0243230688535 0.00725667220739 0.0679754155415 0.0251377420595 0.0573491088988 0.0349940595479 0.00846541428712 0.0850124982346 0.0139695512956 0.0434749584631 0.615559071756 0.0147861403051 0.021696990192 0.0171529625628 0.0561269174742 0.0124038367849 0.0198759144848 0.00474758844039 0.103837766787 0.0462323212854 -0.00257289099004 0.00568856495047 0.0165498444574 0.0413729269935 0.0199775184608 0.000465234292671 0.0110200493442 0.0376123049923 0.0393970334748 0.0238419721497 0.0193497881185 0.0449831213684 0.0162976317459 0.0218951319957 0.0119471270433 0.0162583563345 0.0112467314268 0.0163557017547 
0.00442992119206 0.0155238879596 0.011785329287 0.0154996198921 0.0507178479279 0.0319061158593 0.013474355637 0.0152653280712 0.0192646910275 0.00542674923403 0.0193934547123 0.017337843325 0.0345102953409 0.0203848739907 0.00520438938165 0.052031021154 0.0284796494069 0.0231780267107 0.0236088485053 0.018276469664 0.00851424589804 0.00417203718321 0.0173555921391 0.00872060351962 0.000570474605464 0.0266402903342 0.0251744967937 0.019968836716 -0.00351878106229 0.0239078826659 0.00794345312521 0.0680711755647 0.0147861403051 0.140229298389 -0.00229402551987 0.0122866909779 0.00779974804413 0.0290454154058 0.00985350831462 0.0328381240976 0.004900248977 0.0233093365961 0.00160784157578 0.0182276036522 0.0300489325313 0.00409193221922 0.0224525814916 -0.00590753335839 -0.00615375249053 0.00500846215009 0.0396368116659 0.0121622173765 0.0138691096383 0.00920798914352 0.0175008523236 0.00353893292487 0.00702144759334 0.00134612300032 0.0374701982056 0.0215491237792 
0.00629301817774 0.000824356439769 -0.000693201749935 0.000569646365926 0.0129213207447 0.00693934391437 0.0206582285805 0.00778583157467 -0.00350754684989 0.0120243524908 0.00752127251901 0.0051282978269 -0.00257323954395 -0.00829189942002 0.0292179478784 0.00806946374389 0.017988654869 0.0117311993595 0.0101861793666 0.0114155332097 0.0166712675637 0.0178689678092 0.01903761695 -0.00446945818983 0.00658997873774 0.0174009490535 0.00576538536065 0.0160210054679 0.0062501116464 0.0009218808029 -0.00611124214017 0.00522481988598 0.021696990192 -0.00229402551987 0.20410407638 0.0171395982024 0.0174889333812 0.0027363460433 -0.0199925166747 0.0129577509583 0.0225424496365 0.00689871684052 0.00863909466688 -0.00758757125575 0.0202717158072 0.0111097175039 0.011490377057 -0.0043581701341 0.00305536983272 -0.00338597451431 -0.00500579306798 0.026152085646 0.0213321261863 -0.00882506365771 0.0089048865801 0.02422390603 0.012327552396 0.0141921852154 -0.0281234262807 0.00219955996788 
0.00322553266496 0.0179969232919 -0.00210274680313 0.00316033749662 0.00968878471478 0.00941840213674 0.00219253486843 0.0018914478235 0.0118651366494 0.0360588413631 0.0200616523175 0.0180816543721 0.00103639039024 0.0162632484737 -0.0016332905501 0.00930687545161 -0.00573929402752 0.00931978387023 0.0220537220418 0.00599256089339 0.0191744932652 -0.0106214975091 -0.00417601627362 0.015705739868 0.012068280786 0.00424213757672 0.00478193764176 -0.00786042708833 0.00100179012437 -0.000717180902474 -0.0108165036234 0.00867809100131 0.0171529625628 0.0122866909779 0.0171395982024 0.182289108027 0.00372194632185 -0.000100013430145 -0.00987520972726 -0.00607562781387 0.0141210621451 0.0253258673387 0.0136999330211 0.00697425642262 -0.00480094408174 -0.000912588325649 -0.00675658387828 -0.00988704530102 0.00651112128732 -0.00492819235323 -0.000342268981419 0.000251592716029 0.0113296682953 0.00103510794962 0.00889748011836 0.0153299561232 0.00146296904475 0.0120719297166 -0.00670904309702 -0.00472434709955 
0.0127700135199 0.0184289399017 0.0115096290889 0.00596394149172 -0.00237246602943 0.0312310279561 0.00132910306185 0.0263245653624 -0.0107211661222 0.00852035897274 0.0203609403946 0.0251436703201 0.0257419310335 -0.000198881463824 0.0291050370277 0.0022266650806 0.0135736344126 -0.000532442426534 0.00823794816332 0.0204847261453 0.0290297427322 0.0250900856137 0.0133430532273 0.0102324802468 0.0265530873955 0.0192513220906 0.00644820173252 0.00315844474361 0.000492028478873 0.029189181077 0.0100173593013 0.00674866863355 0.0561269174742 0.00779974804413 0.0174889333812 0.00372194632185 0.278700633145 0.00969569449192 0.0232765270021 0.0203267863656 0.0184499733631 0.0292412280719 0.0155196454917 0.0143861861431 -0.0130096372057 0.000780590117987 -0.00231088462633 -0.0115867325005 -0.00431758224866 -0.00489147983336 0.00447175190794 -0.00238565570127 0.0127129261425 -0.00461986402263 -0.00221874167816 -0.00994503399627 0.0126886334241 0.00431716997911 0.0408398711792 -0.000942017498674 
0.0181109081426 0.0182653536009 0.0306411925594 -0.00209974684604 0.0130576143611 0.0130146827008 0.016382398549 0.0528378801194 0.024175390157 0.000836638768495 0.0214597091411 0.0212255645862 0.0113548163001 0.0202358979183 0.0505922184701 0.0291903254258 0.0538748300184 0.0382415633009 0.00045698125549 0.0427299511303 0.00538551766565 0.0419221107978 0.0290232338365 0.00475919272404 0.0451297999586 0.0236378196086 0.0321837492229 0.0123944447535 -0.0159764515935 0.0411633962691 0.0117164578418 0.029474804726 0.0124038367849 0.0290454154058 0.0027363460433 -0.000100013430145 0.00969569449192 0.534313880774 0.0262152253179 0.00257166571153 0.0682825382393 0.0150066309595 0.00527188694398 0.00429187708752 0.0306484701404 0.0365981118277 -0.0229669084482 -0.025894196077 0.0287639342416 0.0559150306154 0.0616662666245 0.0170870885084 0.00730754391112 0.00727723554394 0.0118177414564 0.0205693428165 0.0070741497504 0.0100219963648 0.0392863534359 -0.0054877733854 
0.010774751896 -0.0131884153765 -0.00204133586382 0.00253499709892 -0.0153139108738 0.0521741225293 0.0154489924385 0.0185133747589 0.0269805088195 0.016370864829 0.0110528648026 0.0223762554073 -0.0200589184529 0.00874887346242 0.0819410809813 0.0193204800103 0.0168502822101 -0.00407576868996 0.00415941593069 0.0152778546473 0.00848318320855 -0.00677873553339 0.0215241304267 0.00193888389246 0.0165830911914 -0.00879623213736 0.0310955317835 0.0451359103408 -0.00575234846991 0.0882089616598 0.0198156196369 -0.0055046050303 0.0198759144848 0.00985350831462 -0.0199925166747 -0.00987520972726 0.0232765270021 0.0262152253179 0.590474144729 0.0106771551374 0.00416532134947 0.00174742061637 0.00373595827297 -0.0131091389496 0.015304805935 0.0115636533755 0.00759908411142 0.00364780214756 -0.00332696395432 0.00310848805958 0.00262791765324 -0.0155193801001 0.0157579480732 0.0482709492758 0.00248739422802 0.0371353989968 0.00526226599657 -0.00563197614974 0.0881231635094 0.00229596440923 
