40
0.0801839086902 0.0946915784272 0.201887649263 0.110578936942 0.12993100308 0.00265371642944 0.0328562524986 -0.0142899737039 0.135848421796 0.0810581507116 0.103166553638 0.148588071013 0.0662185328213 0.105790735219 0.0755027876102 0.00792878112812 0.0288411222523 0.0429486266904 0.16701162673 0.00535997805058 0.0300827450696 -0.00168409401267 0.0716337087719 0.0861150338972 0.0367129888202 0.101801748802 0.0189508527873 0.0573021249509 0.0948967479515 0.0913653440874 0.035272852014 0.0979044774238 0.0965978414643 0.0392369654355 0.0940944116816 0.0339335468557 0.00610402508206 0.0205902908148 0.0475630895173 0.0901624306535 
0.56520306085 0.0106659565206 0.0285938684316 0.00862428912772 0.0110096792256 -0.0197710844981 -0.0103971568239 0.0047240621197 0.0104325808946 -0.00774317798848 -0.0145106228481 0.0467750677901 0.0285288245545 0.0405308641835 -0.00167194566483 -0.0136835242705 0.0249361665845 -0.0119305798128 0.0439681959885 -0.00189507244135 0.0119912005303 0.0179530655005 0.00274380368019 0.0514563250112 0.0118764827881 -0.0044207973466 0.0515900813792 0.00801014198502 0.00430570759235 0.0144171039392 0.0552483562296 -0.00982619187807 0.0221674098462 0.0515864365977 0.0186868363464 -0.00756802282596 0.0288516495532 -0.0130936281152 -0.00262157754033 0.0413474240709 
0.0106659565206 0.346485217592 0.0567464955365 -0.00434149998956 0.0134371168836 0.0105275953165 0.0198823731366 -0.00168121961137 0.028592097302 0.0131467499702 -7.89307624705e-05 0.0239827622478 0.0627896170647 0.0159097169517 0.0434716424663 0.000783082466339 0.0145930686863 0.0277431091438 -0.0124938669204 0.00237415184861 0.0137684478666 0.0117263296713 0.000493646243378 0.0363887289136 0.00372008540358 0.00879255182121 0.0886147335697 -0.00561123550037 0.0160015021625 0.0149689416388 0.0092827129607 0.00400732839461 0.0277165289676 0.0173499046824 0.054387629028 0.0242740643167 0.0123331304422 0.05032413892 -0.0200504905106 0.0417833639439 
0.0285938684316 0.0567464955365 0.782274414301 0.000123812419905 -0.00117816862968 0.00642036666893 0.0187123954206 0.0235675791812 0.00584185435228 0.0145277494414 0.0416914331601 0.00866839354072 0.0232193114066 0.0337427416199 -0.00657003179646 0.00322300232921 -0.00848556731458 -0.00523803177492 0.0388359866409 -3.27306738549e-05 0.000598108492901 0.0216738036575 -0.0067772729145 0.0305985643692 0.00626147782592 -0.00980276428263 0.0357685450838 -0.00163208300017 0.0163821759267 0.0228400466848 0.0110332517642 0.0147162447053 0.0104411130638 0.00662979646907 0.0215301246166 -0.00941685397501 0.00490895654273 0.0326820798256 -0.00129337843822 -0.00649789593075 
0.00862428912772 -0.00434149998956 0.000123812419905 0.828774139067 0.000653040443024 0.0262231626671 0.121223480155 0.0125844323497 0.0125438021939 0.00958509906473 0.000926743612956 0.02426473406 -0.00150099544413 0.0067628512463 -0.00329614762599 0.0200563177494 0.0146972974254 0.0334857003714 0.0253795018099 0.00205716268793 0.0104724515635 0.00930685549857 -0.00597852581659 0.028866646949 0.0414820958798 0.0736722843995 0.0360245051543 -0.00104132762963 0.03337590079 -0.0304757505139 0.00333729558873 0.02385088224 -0.00732956649011 0.0162823979522 0.0607875589718 0.0845622094369 0.0240793489152 0.0142173394783 0.0220773569151 0.0104585267546 
0.0110096792256 0.0134371168836 -0.00117816862968 0.000653040443024 0.665647658842 -0.00656990942948 0.0531508865372 -0.00640686589957 -0.00298711778244 0.0520268294624 -0.023190278271 0.00774512646821 -0.0026262268161 0.0272016057082 -0.0209203899965 0.0527088389383 0.010374884534 0.0276876405711 0.0200657431995 0.0490739928175 0.00432884188684 0.0158487989553 -0.00113059183251 0.0131620254361 0.0115189150158 0.0439873812892 0.00641150127867 0.0275268750423 0.0355298326125 0.0901095216144 0.0136003973761 -0.0382032100699 0.00234964648224 0.0210964698294 0.0447112881035 0.016711006086 0.00909318505016 0.0223166606759 0.0058770844158 0.0138484109026 
-0.0197710844981 0.0105275953165 0.00642036666893 0.0262231626671 -0.00656990942948 0.217596982758 0.00356800319762 -0.00333376375685 -0.0124016535781 0.0119128099419 0.0022570076015 0.012066751878 0.0208776500423 -0.00346658228615 0.0448843024546 0.000414607235562 0.0151967894138 -4.51964241747e-05 0.0998129642255 -0.00133142221203 -0.00105181783673 0.00980773971039 0.00991353430759 0.0160795750867 -0.00746962328348 -0.00577028646754 -0.0162152247906 0.020707833346 -0.00654753555535 -0.00189789342214 0.0112317824281 -0.00232534479068 0.00858019693117 0.00784004191527 0.0206231222908 0.0193976103208 0.0137096853983 0.0118693046095 0.00223025481448 0.00554428981816 
-0.0103971568239 0.0198823731366 0.0187123954206 0.121223480155 0.0531508865372 0.00356800319762 0.295924911346 -0.00280355194032 0.0170210477614 0.0341633684404 0.00830371224415 0.00424143464767 -0.0165197576252 0.0324149142622 0.0141269415594 0.023958599372 0.0023217007686 0.0162882381023 -0.0100397945463 0.0106488783241 0.00347431959517 0.0132166970376 0.00131108424186 -0.00413059452856 0.0617736021736 0.00997251496165 0.018952355342 0.00133694399719 0.028219496941 0.0154318088627 0.00169710195797 0.0215467506215 0.0194932450296 0.0105492033435 0.0571687047583 -0.000821572784663 0.0259871307899 0.0197962672339 0.0337663336414 -0.0153737753644 
0.0047240621197 -0.00168121961137 0.0235675791812 0.0125844323497 -0.00640686589957 -0.00333376375685 -0.00280355194032 0.18599699268 -0.00376151706156 0.0314815255223 0.00867036418988 0.0304345761537 0.00666959666359 0.0143634398397 0.00825962789207 0.00629806619138 0.0134368162501 0.00138059509961 0.00841739300013 0.0119113336809 0.0217638225662 -0.00155404074645 0.0168561893103 0.00510694194723 0.00190383720401 0.00638075418587 0.00213313639988 0.0142881165288 0.0256380546812 0.0257618030266 0.021218849263 0.00721949029427 0.0263565200978 0.0269879761469 0.0396317863405 0.0219545898437 0.00941028031229 0.00932582393835 0.0158720684557 0.0111639774788 
0.0104325808946 0.028592097302 0.00584185435228 0.0125438021939 -0.00298711778244 -0.0124016535781 0.0170210477614 -0.00376151706155 0.628873189222 0.0190748997052 0.0390317977403 0.00700227055647 0.00934606399763 0.0135550880191 0.0233094813905 0.0137834189097 0.0191493606684 0.0559474181226 -0.0149648599329 0.0199949601384 -0.00549881374744 0.0116608387938 0.000990910757963 0.0155163843129 -0.00427042834818 -0.00497448993578 -0.0161894819647 0.0408871365228 0.0447777437698 -0.000259308610346 -0.0145711719017 0.00839863159059 0.0270745047905 0.0162581704669 -0.00340746273271 0.0450186378164 0.0189287496499 0.0215598224008 0.0164978170853 -0.00190299963911 
-0.00774317798848 0.0131467499702 0.0145277494414 0.00958509906473 0.0520268294624 0.0119128099419 0.0341633684404 0.0314815255223 0.0190748997052 0.21577230599 0.0297686918749 0.015588898647 0.0286950305523 0.0486016512879 0.0203221938876 0.0295201665557 0.0125465764976 0.021000101546 0.0120347562714 0.0176720785622 0.0250855499596 0.0175324942173 0.00412370287888 0.0154968110863 0.0244986642677 0.0149892353795 0.00521030070721 0.0220675152415 0.0108636449746 0.0469795707012 0.0207718300786 0.0021363863235 0.0175338957842 0.0128455829763 0.0322479033162 0.0144709966304 0.0136538276163 0.00954608964128 0.00788427988602 0.026152630886 
-0.0145106228481 -7.89307624708e-05 0.0416914331601 0.000926743612956 -0.023190278271 0.0022570076015 0.00830371224415 0.00867036418989 0.0390317977403 0.0297686918749 0.37077651943 0.0203442347857 0.00388123089049 0.0129426938122 0.0379915181295 0.00709987983166 0.0316665405566 0.0217968677143 0.0114368890107 3.40112597054e-05 0.012760242174 -0.0036105516021 0.0125387123727 0.0225710212451 0.013275711683 -0.0104122219678 0.00554931033533 0.00446143338833 0.0485788941697 0.0363613153793 0.0102615340222 -0.00818334142343 0.0238857101133 0.00728911483143 0.0581455777695 0.0169525230936 0.00152586162469 0.0123511692553 0.0135285796163 0.0343676652121 
0.0467750677901 0.0239827622478 0.00866839354072 0.02426473406 0.00774512646821 0.012066751878 0.00424143464767 0.0304345761537 0.00700227055647 0.015588898647 0.0203442347857 0.468929788592 0.0334827629728 0.0281204325588 0.0211644165504 -0.00531746612596 0.0103443581731 0.0256161046467 -0.00232014009079 0.0137890095152 0.0111622264337 0.0134696166795 0.0137894938328 0.0264260646849 0.0401084250282 0.0159476466336 0.00876342579065 0.0165157827366 -0.0185932071139 0.0489512878896 0.0112099190089 0.0971426593732 0.0147642870868 0.041218441195 0.0237601895889 0.0469334622881 0.023485936336 -0.00223410679077 -0.0136547229064 0.0256071254727 
0.0285288245545 0.0627896170647 0.0232193114066 -0.00150099544413 -0.0026262268161 0.0208776500423 -0.0165197576252 0.00666959666359 0.00934606399763 0.0286950305523 0.00388123089049 0.0334827629728 0.401708482275 0.0131061717867 0.0158207476594 0.0167712356531 0.0189330086375 -0.0076631208549 0.0219239876636 0.0117364645298 0.00859884384968 0.00975655895763 0.00534970596798 0.0169686640288 0.0399342654212 0.0397295908519 0.0189704342459 0.00671072569612 0.027275163481 0.0247554632355 0.00829024428662 0.00259762810233 0.0337892095951 0.0177402636499 0.000260684781565 0.0217877691799 -0.0014844355989 -0.022290493119 -0.00397652158667 0.0126413300634 
0.0405308641835 0.0159097169517 0.0337427416199 0.0067628512463 0.0272016057082 -0.00346658228615 0.0324149142622 0.0143634398397 0.0135550880191 0.0486016512879 0.0129426938122 0.0281204325588 0.0131061717867 0.351699274379 -0.035812825792 0.00381484217811 0.0254967983415 0.0132773707823 0.0123945328454 0.0204968908992 0.0109442445817 0.0170762066047 0.0123206577763 0.0278381878894 0.00617136137436 0.0179330457367 -0.00133127800466 0.0573483192783 0.0132799585863 -0.0138220505455 0.0039734176744 -0.00693022660579 -0.0305452318948 0.0202463607814 0.0278370811089 0.0238031357052 0.0176687045195 0.0217547062966 0.000934223703186 -0.0269131808201 
-0.00167194566483 0.0434716424663 -0.00657003179646 -0.00329614762599 -0.0209203899965 0.0448843024546 0.0141269415594 0.00825962789207 0.0233094813905 0.0203221938876 0.0379915181295 0.0211644165504 0.0158207476594 -0.035812825792 0.686804298197 0.0110262510056 0.000882958692093 0.00941732000281 0.0225554768283 0.014516813376 0.0166050753451 0.01698906003 0.0014161759526 0.0435626700566 -0.00463486731245 0.00819639511969 -0.00903127984914 0.00244621973734 -0.0215962301782 0.0906444480103 -8.18792263186e-05 0.0459622765014 0.0250493052246 0.0171402876081 0.0216667509153 0.00889156143048 0.0370789078008 0.0414081978636 0.00101592863574 0.23111359978 
-0.0136835242705 0.000783082466339 0.00322300232921 0.0200563177494 0.0527088389383 0.000414607235562 0.023958599372 0.00629806619138 0.0137834189097 0.0295201665557 0.00709987983166 -0.00531746612596 0.0167712356531 0.00381484217811 0.0110262510056 0.23248482447 0.0157540889301 0.0245328390956 0.0458816288034 0.0133131197133 0.00898980009569 -0.00823674468844 0.0107330523164 -0.00216846563038 7.98137745825e-05 -0.000617174244144 -0.00127585222417 0.0305655446479 0.019921459472 0.0173587970695 -0.00133035030986 0.0140509718126 0.0297630420817 0.024735343366 0.0248293771948 -0.00351542943127 0.000431724006229 0.0177197686436 -0.00604129801849 0.0078106286973 
0.0249361665845 0.0145930686863 -0.00848556731458 0.0146972974254 0.010374884534 0.0151967894138 0.0023217007686 0.0134368162501 0.0191493606684 0.0125465764976 0.0316665405566 0.0103443581731 0.0189330086375 0.0254967983415 0.000882958692093 0.0157540889301 0.181213834844 0.00398499248803 0.000452193744064 0.021088810813 0.0152609380331 0.0114674579747 0.0177142550198 0.00641835098735 0.0225636727383 -0.00137865328794 -0.00731888750456 0.0192112918273 0.00806127795853 0.00839784961712 0.0132586579076 0.00643010555453 0.0199325756582 0.0726709865537 0.0255529333894 0.0208819077154 0.0268416345383 0.0130067852927 -0.0117710910232 0.0119054928637 
-0.0119305798128 0.0277431091438 -0.00523803177492 0.0334857003714 0.0276876405711 -4.5196424176e-05 0.0162882381023 0.0013805950996 0.0559474181226 0.021000101546 0.0217968677143 0.0256161046467 -0.0076631208549 0.0132773707823 0.00941732000281 0.0245328390956 0.00398499248803 0.202914803175 -0.0034374405336 0.018018257059 0.0158067342295 0.0021367929908 0.000622203215823 -0.00681563021225 0.0279897293445 -0.00212027429266 0.000884681594088 0.00641285983367 0.0223603926209 0.014535483422 0.007071813069 0.0177693115839 0.0144613108836 0.0109798281571 0.0234677942262 0.0079479370304 0.0160065917867 0.00670892474571 -0.00639749834397 0.0158058186366 
0.0439681959885 -0.0124938669204 0.0388359866409 0.0253795018099 0.0200657431995 0.0998129642255 -0.0100397945463 0.00841739300013 -0.0149648599329 0.0120347562714 0.0114368890107 -0.00232014009079 0.0219239876636 0.0123945328454 0.0225554768283 0.0458816288034 0.000452193744063 -0.0034374405336 0.497000145417 0.00547301180028 -0.0133012832709 0.0018052058422 0.00699177894805 0.0358702087678 0.0131042647222 -0.00050209460624 0.0278528293049 0.0255318951214 0.0185475077271 0.0171148366712 0.00477646259407 0.00115611611066 0.0141058333198 0.0121975515864 0.0473032598667 0.00577422958749 0.00829824095837 0.0206297108837 0.0112859126258 0.000830009862968 
-0.00189507244135 0.00237415184861 -3.27306738549e-05 0.00205716268793 0.0490739928175 -0.00133142221203 0.0106488783241 0.0119113336809 0.0199949601384 0.0176720785622 3.40112597056e-05 0.0137890095152 0.0117364645298 0.0204968908992 0.014516813376 0.0133131197133 0.021088810813 0.018018257059 0.00547301180028 0.138059607235 0.00968992308736 0.0117597787701 0.0180394020652 0.0129487549079 0.0256483242478 0.0273504643049 -0.0103623160366 -0.00434428088458 0.0181946844186 0.0148911643209 -0.00305259760989 0.0103998194436 0.0148963050117 0.0171023226628 0.0414315588979 0.0109119964289 0.0246448975507 0.0213792851836 -0.00138541592682 0.00534663998266 
0.0119912005303 0.0137684478666 0.000598108492901 0.0104724515635 0.00432884188684 -0.00105181783673 0.00347431959517 0.0217638225662 -0.00549881374744 0.0250855499596 0.012760242174 0.0111622264337 0.00859884384968 0.0109442445817 0.0166050753451 0.00898980009569 0.0152609380331 0.0158067342295 -0.0133012832709 0.00968992308736 0.15956900972 0.0084437316013 0.00298264861035 0.00143386979379 0.0239509059908 0.00386677325424 7.80207916165e-05 0.00116038336526 0.00101463431223 0.00167288815266 0.0137198538052 -0.00942430547949 0.0206376248701 0.015998517569 0.00793393411001 -0.00423250316411 0.00126563836804 -0.00680257177379 -0.00586914180768 0.00881612208083 
0.0179530655005 0.0117263296713 0.0216738036575 0.00930685549857 0.0158487989553 0.00980773971039 0.0132166970376 -0.00155404074645 0.0116608387938 0.0175324942173 -0.0036105516021 0.0134696166795 0.00975655895763 0.0170762066047 0.01698906003 -0.00823674468844 0.0114674579747 0.0021367929908 0.0018052058422 0.0117597787701 0.0084437316013 0.111875006867 0.00329903585447 0.0151288571599 0.0215243436226 0.0143972645417 0.00851045633942 0.0164087701373 0.00855978633938 0.00555258789491 0.0187881883642 0.0160072797231 0.0130855051747 0.0268589454209 0.00251826769352 0.0127174835698 0.0209288828118 0.00523209028142 0.00551597384205 0.0169378757285 
0.00274380368019 0.000493646243378 -0.0067772729145 -0.00597852581659 -0.00113059183251 0.00991353430759 0.00131108424186 0.0168561893103 0.000990910757963 0.00412370287888 0.0125387123727 0.0137894938328 0.00534970596798 0.0123206577763 0.0014161759526 0.0107330523164 0.0177142550198 0.000622203215822 0.00699177894805 0.0180394020652 0.00298264861035 0.00329903585447 0.186235086736 0.0168525776975 0.0302594777498 0.00657402004586 0.00668258398089 0.025106717366 -0.0112998219967 0.0212898737706 0.0173919639653 0.00292148789852 0.00710768614037 0.0224551847025 0.0176915954369 0.0107489590669 0.0104537511578 0.0114864823494 0.00788084764838 0.0152482168068 
0.0514563250112 0.0363887289136 0.0305985643692 0.028866646949 0.0131620254361 0.0160795750867 -0.00413059452856 0.00510694194723 0.0155163843129 0.0154968110863 0.0225710212451 0.0264260646849 0.0169686640288 0.0278381878894 0.0435626700566 -0.00216846563038 0.00641835098736 -0.00681563021225 0.0358702087678 0.0129487549079 0.0014338697938 0.0151288571599 0.0168525776975 0.229273544732 0.0285879968747 -0.00499634180648 0.0103396190575 0.0201232542706 -0.00202982185104 0.028151016475 0.0151198746546 -4.94555233677e-05 0.0123298928623 0.0193017889675 0.040581691234 0.0195488833158 0.0188184901846 0.00426752848099 0.0257763540629 0.0453289131606 
0.0118764827881 0.00372008540358 0.00626147782592 0.0414820958798 0.0115189150158 -0.00746962328348 0.0617736021736 0.00190383720401 -0.00427042834818 0.0244986642677 0.013275711683 0.0401084250282 0.0399342654212 0.00617136137436 -0.00463486731245 7.9813774582e-05 0.0225636727383 0.0279897293445 0.0131042647222 0.0256483242478 0.0239509059908 0.0215243436226 0.0302594777498 0.0285879968747 0.281842337964 0.0125741376983 0.0112026315928 0.0167713562804 0.0127849102152 0.0720125607814 0.0283079334269 0.026826377411 0.0377091918661 0.0416274306409 0.0242602523209 -0.00183706845908 0.0267044468901 0.00604587402966 0.00151575508787 0.0376944091316 
-0.0044207973466 0.00879255182121 -0.00980276428263 0.0736722843995 0.0439873812892 -0.00577028646754 0.00997251496165 0.00638075418587 -0.00497448993578 0.0149892353795 -0.0104122219678 0.0159476466336 0.0397295908519 0.0179330457367 0.00819639511969 -0.000617174244144 -0.00137865328794 -0.00212027429266 -0.00050209460624 0.0273504643049 0.00386677325424 0.0143972645417 0.00657402004586 -0.00499634180648 0.0125741376983 0.300699994073 0.0216756604972 0.018791762471 0.0139270372991 0.0163572340334 0.0255293559665 0.0228791366161 0.0319643725184 0.0129882698493 0.00446329717375 0.00886781722276 0.0140243775846 0.0285940597004 0.0188310043801 0.00541728188679 
0.0515900813792 0.0886147335697 0.0357685450838 0.0360245051543 0.00641150127867 -0.0162152247906 0.018952355342 0.00213313639988 -0.0161894819647 0.00521030070721 0.00554931033533 0.00876342579065 0.0189704342459 -0.00133127800466 -0.00903127984914 -0.00127585222417 -0.00731888750456 0.000884681594088 0.0278528293049 -0.0103623160366 7.80207916166e-05 0.00851045633942 0.00668258398089 0.0103396190575 0.0112026315928 0.0216756604972 0.378783875509 0.0252964336406 0.0265343455667 0.0150958306125 0.0298308775938 0.0155869991336 0.0296585368388 -0.00397230381159 0.0590038308732 0.00334522434262 0.00690337822321 -0.000479829488107 -0.0370255410801 0.0206231352826 
0.00801014198502 -0.00561123550037 -0.00163208300017 -0.00104132762963 0.0275268750423 0.020707833346 0.00133694399719 0.0142881165288 0.0408871365228 0.0220675152415 0.00446143338833 0.0165157827366 0.00671072569612 0.0573483192783 0.00244621973734 0.0305655446479 0.0192112918273 0.00641285983367 0.0255318951214 -0.00434428088458 0.00116038336526 0.0164087701373 0.025106717366 0.0201232542706 0.0167713562804 0.018791762471 0.0252964336406 0.322871527198 -0.00344686558423 0.0343714751516 0.0332890063525 -0.00110356159609 0.022133024745 0.0315215902408 -0.00501230278416 0.0123217192174 0.0263705349806 0.0207890775027 0.0208321676024 0.0347944205727 
0.00430570759235 0.0160015021625 0.0163821759267 0.03337590079 0.0355298326125 -0.00654753555535 0.028219496941 0.0256380546812 0.0447777437698 0.0108636449746 0.0485788941697 -0.0185932071139 0.027275163481 0.0132799585863 -0.0215962301782 0.019921459472 0.00806127795853 0.0223603926209 0.0185475077271 0.0181946844186 0.00101463431223 0.00855978633938 -0.0112998219967 -0.00202982185104 0.0127849102152 0.0139270372991 0.0265343455667 -0.00344686558423 0.551646716249 -0.00868058688738 -0.00761596506605 0.00605658896453 -0.00056364580971 0.00855985811334 0.0536749535859 0.0319412246147 0.013951670374 0.0593206708929 0.00947524889774 0.0196952265009 
0.0144171039392 0.0149689416388 0.0228400466848 -0.0304757505139 0.0901095216144 -0.00189789342214 0.0154318088627 0.0257618030266 -0.000259308610346 0.0469795707012 0.0363613153793 0.0489512878896 0.0247554632355 -0.0138220505455 0.0906444480103 0.0173587970695 0.00839784961712 0.014535483422 0.0171148366712 0.0148911643209 0.00167288815266 0.00555258789491 0.0212898737706 0.028151016475 0.0720125607814 0.0163572340334 0.0150958306125 0.0343714751516 -0.00868058688738 0.345939155272 -0.000272814643312 0.0103358142874 0.046827377938 0.025327418689 0.0227771010022 0.0289598665248 0.0233237973673 0.0309147874262 0.0313265286061 0.0715677993883 
0.0552483562296 0.0092827129607 0.0110332517642 0.00333729558873 0.0136003973761 0.0112317824281 0.00169710195797 0.021218849263 -0.0145711719017 0.0207718300786 0.0102615340222 0.0112099190089 0.00829024428662 0.0039734176744 -8.18792263186e-05 -0.00133035030986 0.0132586579076 0.007071813069 0.00477646259407 -0.00305259760989 0.0137198538052 0.0187881883642 0.0173919639653 0.0151198746546 0.0283079334269 0.0255293559665 0.0298308775938 0.0332890063525 -0.00761596506605 -0.000272814643313 0.258280112085 -0.00544626930812 0.0795872677741 0.0159108515878 -0.0213272327679 0.0268297353306 0.014156234597 0.0173986686099 0.0195289375398 0.0235539856877 
-0.00982619187807 0.00400732839461 0.0147162447053 0.02385088224 -0.0382032100699 -0.00232534479068 0.0215467506215 0.00721949029427 0.00839863159059 0.0021363863235 -0.00818334142343 0.0971426593732 0.00259762810233 -0.00693022660579 0.0459622765014 0.0140509718126 0.00643010555453 0.0177693115839 0.00115611611066 0.0103998194436 -0.00942430547949 0.0160072797231 0.00292148789852 -4.94555233678e-05 0.026826377411 0.0228791366161 0.0155869991336 -0.00110356159609 0.00605658896453 0.0103358142874 -0.00544626930812 0.512528011462 0.0174815592963 0.0133713542567 0.0246478519566 0.0149060660688 0.0293951075733 0.00762214984527 0.00372999991741 0.0418884388676 
0.0221674098462 0.0277165289676 0.0104411130638 -0.00732956649011 0.00234964648224 0.00858019693117 0.0194932450296 0.0263565200978 0.0270745047905 0.0175338957842 0.0238857101133 0.0147642870868 0.0337892095951 -0.0305452318948 0.0250493052246 0.0297630420817 0.0199325756582 0.0144613108836 0.0141058333198 0.0148963050117 0.0206376248701 0.0130855051747 0.00710768614037 0.0123298928623 0.0377091918661 0.0319643725184 0.0296585368388 0.022133024745 -0.00056364580971 0.046827377938 0.0795872677741 0.0174815592963 0.434417510244 0.0332247694673 0.046628797487 0.0120450021341 0.0152736982316 0.0160003639792 0.0363775094074 0.03391104874 
0.0515864365977 0.0173499046824 0.00662979646907 0.0162823979522 0.0210964698294 0.00784004191527 0.0105492033435 0.0269879761469 0.0162581704669 0.0128455829763 0.00728911483143 0.041218441195 0.0177402636499 0.0202463607814 0.0171402876081 0.024735343366 0.0726709865537 0.0109798281571 0.0121975515864 0.0171023226628 0.015998517569 0.0268589454209 0.0224551847025 0.0193017889675 0.0416274306409 0.0129882698493 -0.00397230381159 0.0315215902408 0.00855985811334 0.025327418689 0.0159108515878 0.0133713542567 0.0332247694673 0.161140181107 0.034670775693 0.0318192229816 0.0412034472219 0.0198268747177 -0.00763675670975 0.0292135914675 
0.0186868363464 0.054387629028 0.0215301246166 0.0607875589718 0.0447112881035 0.0206231222908 0.0571687047583 0.0396317863405 -0.00340746273271 0.0322479033162 0.0581455777695 0.0237601895889 0.000260684781565 0.0278370811089 0.0216667509153 0.0248293771948 0.0255529333894 0.0234677942262 0.0473032598667 0.0414315588979 0.00793393411001 0.00251826769352 0.0176915954369 0.040581691234 0.0242602523209 0.00446329717375 0.0590038308732 -0.00501230278416 0.0536749535859 0.0227771010022 -0.0213272327679 0.0246478519566 0.046628797487 0.034670775693 0.343485680489 0.00789706683737 -0.00201961771173 0.0634941455657 -0.00180608736394 0.0413288465458 
-0.00756802282596 0.0242740643167 -0.00941685397501 0.0845622094369 0.016711006086 0.0193976103208 -0.000821572784664 0.0219545898437 0.0450186378164 0.0144709966304 0.0169525230936 0.0469334622881 0.0217877691799 0.0238031357052 0.00889156143048 -0.00351542943127 0.0208819077154 0.0079479370304 0.00577422958749 0.0109119964289 -0.00423250316411 0.0127174835698 0.0107489590669 0.0195488833158 -0.00183706845907 0.00886781722276 0.00334522434262 0.0123217192174 0.0319412246147 0.0289598665248 0.0268297353306 0.0149060660688 0.0120450021341 0.0318192229816 0.00789706683737 0.287067737821 0.00308041216498 0.00737707614998 0.0101452643058 0.0260076283989 
0.0288516495532 0.0123331304422 0.00490895654273 0.0240793489152 0.00909318505016 0.0137096853983 0.0259871307899 0.00941028031229 0.0189287496499 0.0136538276163 0.00152586162469 0.023485936336 -0.0014844355989 0.0176687045195 0.0370789078008 0.000431724006229 0.0268416345383 0.0160065917867 0.00829824095837 0.0246448975507 0.00126563836804 0.0209288828118 0.0104537511578 0.0188184901846 0.0267044468901 0.0140243775846 0.00690337822321 0.0263705349806 0.013951670374 0.0233237973673 0.014156234597 0.0293951075733 0.0152736982316 0.0412034472219 -0.00201961771173 0.00308041216498 0.18067149001 -0.000272717967026 0.0107004922947 0.0273263768991 
-0.0130936281152 0.05032413892 0.0326820798256 0.0142173394783 0.0223166606759 0.0118693046095 0.0197962672339 0.00932582393834 0.0215598224008 0.00954608964128 0.0123511692553 -0.00223410679077 -0.022290493119 0.0217547062965 0.0414081978636 0.0177197686436 0.0130067852927 0.00670892474571 0.0206297108837 0.0213792851836 -0.00680257177379 0.00523209028142 0.0114864823494 0.00426752848099 0.00604587402966 0.0285940597004 -0.000479829488107 0.0207890775027 0.0593206708929 0.0309147874262 0.0173986686099 0.00762214984527 0.0160003639792 0.0198268747177 0.0634941455657 0.00737707614998 -0.000272717967026 0.289179461202 0.0294671474111 0.0301418081945 
-0.00262157754033 -0.0200504905106 -0.00129337843822 0.0220773569151 0.0058770844158 0.00223025481448 0.0337663336414 0.0158720684557 0.0164978170853 0.00788427988602 0.0135285796163 -0.0136547229064 -0.00397652158667 0.000934223703186 0.00101592863574 -0.00604129801849 -0.0117710910232 -0.00639749834397 0.0112859126258 -0.00138541592682 -0.00586914180768 0.00551597384205 0.00788084764838 0.0257763540629 0.00151575508787 0.0188310043801 -0.0370255410801 0.0208321676024 0.00947524889774 0.0313265286061 0.0195289375398 0.00372999991741 0.0363775094074 -0.00763675670975 -0.00180608736394 0.0101452643058 0.0107004922947 0.0294671474111 0.306254670142 0.0357563528113 
0.0413474240709 0.0417833639439 -0.00649789593075 0.0104585267546 0.0138484109026 0.00554428981816 -0.0153737753644 0.0111639774788 -0.00190299963911 0.026152630886 0.0343676652121 0.0256071254727 0.0126413300634 -0.0269131808201 0.23111359978 0.0078106286973 0.0119054928637 0.0158058186366 0.000830009862967 0.00534663998266 0.00881612208083 0.0169378757285 0.0152482168068 0.0453289131606 0.0376944091316 0.00541728188679 0.0206231352826 0.0347944205727 0.0196952265009 0.0715677993883 0.0235539856877 0.0418884388676 0.03391104874 0.0292135914675 0.0413288465458 0.0260076283989 0.0273263768991 0.0301418081945 0.0357563528113 0.493328512079 
0.0489480208992 0.000923698930252 0.00247630164542 0.000746885347419 0.000953466189691 -0.00171222614357 -0.000900420193662 0.000409115780472 0.000903488008174 -0.000670578884405 -0.00125665680112 0.004050839697 0.00247066868043 0.00351007580203 -0.000144794741949 -0.00118502796316 0.00215953537351 -0.00103321851998 0.00380775746846 -0.000164118087622 0.00103846842811 0.00155478107992 0.000237620369004 0.00445624846451 0.00102853358021 -0.000382852280714 0.00446783210577 0.000693698644695 0.000372885215624 0.00124855782603 0.00478464800121 -0.000850973178887 0.00191975400629 0.00446751645843 0.00161832749923 -0.00065541000237 0.00249862614542 -0.00113394145755 -0.000227035274792 0.00358079196264 
0.000923698930252 0.0300065000471 0.00491439067104 -0.000375984928149 0.00116368845748 0.000911716498482 0.00172186402238 -0.000145597889279 0.0024761482611 0.00113854194514 -6.83560454395e-06 0.00207696813595 0.00543774034719 0.00137782190472 0.00376475467201 6.78169309107e-05 0.00126379682015 0.00240262372985 -0.00108200061445 0.000205607581333 0.00119238256232 0.00101552993885 4.27510187248e-05 0.00315135636506 0.000322168846375 0.000761457324126 0.00767426104209 -0.000485947248994 0.00138577073714 0.0012963483727 0.000803906524 0.000347044819104 0.00240032181907 0.00150254582082 0.00471010683898 0.00210219563513 0.00106808042712 0.00435819827283 -0.00173642341406 0.0036185454631 
0.00247630164542 0.00491439067104 0.0677469515515 1.07224700941e-05 -0.000102032396325 0.000556020063691 0.00162054097999 0.00204101222766 0.000505919427429 0.00125814000761 0.00361058402369 0.000750704901626 0.00201085135365 0.00292220714362 -0.000568981443941 0.000279120189355 -0.000734871685995 -0.000453626858291 0.0033632951012 -2.83455950413e-06 5.17977149072e-05 0.0018770064564 -0.000586929051234 0.0026499134063 0.000542259886248 -0.000848944289607 0.0030976468699 -0.000141342533923 0.00141873805218 0.00197800606527 0.000955507631414 0.00127446417631 0.000904226915704 0.000574157216414 0.00186456348646 -0.000815523476609 0.000425128107207 0.00283035113775 -0.00011200985842 -0.000562734294718 
0.000746885347419 -0.000375984928149 1.07224700942e-05 0.0717739458431 5.65549613357e-05 0.00227099250373 0.010498261335 0.0010898438107 0.001086325136 0.000830093928784 8.02583511615e-05 0.00210138761121 -0.000129990018558 0.000585680098131 -0.000285454757873 0.00173692806774 0.00127282329374 0.00289994671851 0.00219792933028 0.000178155514747 0.000906940909388 0.000805997329111 -0.000517755523435 0.00249992495799 0.00359245488341 0.00638020698448 0.00311981366224 -9.0181618092e-05 0.00289043779583 -0.00263927741445 0.000289018275978 0.00206554699225 -0.000634759077916 0.00141009702611 0.00526435703037 0.00732330215725 0.00208533278671 0.00123125771624 0.00191195519369 0.000905734985564 
0.000953466189691 0.00116368845748 -0.000102032396325 5.65549613357e-05 0.0576467782527 -0.00056897084665 0.00460300179749 -0.000554850862767 -0.000258691988369 0.00450565559928 -0.00200833701035 0.000670747627699 -0.000227437913884 0.00235572815671 -0.0018117589194 0.00456471935246 0.000898491356778 0.00239782001054 0.00173774433566 0.00424993244451 0.000374888704297 0.00137254625147 -9.79121248265e-05 0.00113986483929 0.000997567302772 0.00380941896424 0.000555252298373 0.00238389730734 0.00307697376347 0.0078037134841 0.00117782896292 -0.00330849504266 0.000203485354353 0.00182700788024 0.00387211113336 0.00144721557933 0.000787492925475 0.00193267950729 0.000508970440427 0.00119930756437 
-0.00171222614357 0.000911716498482 0.000556020063691 0.00227099250373 -0.00056897084665 0.0188444514855 0.000308998140993 -0.000288712410365 -0.00107401470476 0.00103167960401 0.000195462591943 0.00104501136675 0.0018080575308 -0.000300214832412 0.00388709461569 3.59060398589e-05 0.00131608056883 -3.91412514955e-06 0.00864405626463 -0.000115304545878 -9.10900966763e-05 0.000849375174291 0.000858537255166 0.00139253205072 -0.00064688835202 -0.0004997214668 -0.00140427965967 0.0017933509735 -0.000567033212312 -0.000164362391725 0.000972700891252 -0.000201380766129 0.000743066851187 0.000678967546536 0.00178601478092 0.00167988233105 0.00118729358328 0.0010279119317 0.000193145732625 0.000480149582847 
-0.000900420193662 0.00172186402238 0.00162054097999 0.010498261335 0.00460300179749 0.000308998140993 0.0256278490839 -0.000242794720115 0.00147406597604 0.00295863449482 0.000719122574915 0.000367319015338 -0.00143065297677 0.00280721392125 0.00122342902682 0.00207487556953 0.000201065184559 0.00141060279795 -0.000869471712591 0.000922219915052 0.000300884903028 0.00114459953887 0.000113543225996 -0.000357719979447 0.00534975087656 0.000863645129641 0.00164132211877 0.0001157827465 0.00244388012329 0.00133643385014 0.000146973340841 0.00186600334073 0.00168816453978 0.000913587808518 0.00495095506221 -7.11502902576e-05 0.00225055154355 0.00171440703247 0.00292425027261 -0.00133140800176 
0.000409115780472 -0.000145597889279 0.00204101222766 0.0010898438107 -0.000554850862767 -0.000288712410365 -0.000242794720115 0.0161078120689 -0.000325756933208 0.00272638008522 0.00075087556485 0.00263571161025 0.000577604014366 0.00124391037869 0.000715304758034 0.000545428531645 0.00116366242186 0.00011956304286 0.000728967617175 0.00103155175606 0.00188480232258 -0.000134583876494 0.00145978881537 0.000442274146196 0.000164877138334 0.000552589522027 0.000184735031203 0.00123738718861 0.00222032066575 0.00223103758683 0.00183760625008 0.000625226199721 0.00228254159601 0.002337227294 0.00343221337682 0.00190132325343 0.000814954180717 0.000807640044183 0.00137456144932 0.000966828810392 
0.000903488008174 0.0024761482611 0.000505919427429 0.001086325136 -0.000258691988369 -0.00107401470476 0.00147406597604 -0.000325756933208 0.0544620157625 0.00165193477193 0.00338025283985 0.000606414418607 0.000809392884734 0.00117390505751 0.00201866030332 0.00119367909268 0.00165838328051 0.00484518853703 -0.0012959948866 0.00173161434275 -0.000476211239596 0.00100985826249 8.58153889279e-05 0.00134375829899 -0.000369829943457 -0.000430803465525 -0.00140205026555 0.00354092989167 0.00387786636288 -2.2456784398e-05 -0.00126190050297 0.000727342831448 0.00234472089434 0.00140799886434 -0.000295094928898 0.00389872839928 0.00163927780587 0.00186713539002 0.00142875287028 -0.000164804603086 
-0.000670578884405 0.00113854194514 0.00125814000761 0.000830093928784 0.00450565559928 0.00103167960401 0.00295863449482 0.00272638008522 0.00165193477193 0.0186864298421 0.00257804434011 0.00135003822453 0.00248506254207 0.00420902646812 0.00175995361673 0.00255652141612 0.00108656539775 0.00181866214209 0.00104224046594 0.00153044689726 0.00217247235329 0.00151835853839 0.000357123145077 0.00134206320784 0.00212164656146 0.00129810586219 0.00045122527738 0.00191110287975 0.000940819252568 0.00406855016861 0.00179889325311 0.000185016482844 0.00151847991764 0.00111246011839 0.00279275034906 0.00125322507 0.00118245615746 0.000826715613615 0.000682798667184 0.00226488427231 
-0.00125665680112 -6.83560454398e-06 0.00361058402369 8.02583511614e-05 -0.00200833701035 0.000195462591943 0.000719122574915 0.00075087556485 0.00338025283985 0.00257804434011 0.0321101884953 0.0017618624145 0.000336124454912 0.00112087016347 0.00329016198284 0.000614867629804 0.0027424028572 0.00188766411635 0.00099046364235 2.94546149196e-06 0.00110506938811 -0.000312682940909 0.00108588434455 0.00195470777876 0.00114971035708 -0.000901724873395 0.000480584372388 0.000386371465159 0.00420705564387 0.00314898228335 0.0008886749145 -0.000708698156053 0.00206856317455 0.000631255861512 0.00503555474661 0.00146813156573 0.000132143492964 0.00106964263416 0.00117160936248 0.00297632711424 
0.004050839697 0.00207696813595 0.000750704901626 0.00210138761121 0.000670747627699 0.00104501136675 0.000367319015338 0.00263571161025 0.000606414418607 0.00135003822453 0.0017618624145 0.0406105109512 0.00289969233233 0.00243530089613 0.00183289223889 -0.000460506074884 0.000895847696377 0.00221841973701 -0.000200930025897 0.00119416325332 0.000966677165442 0.00116650302236 0.00119420519645 0.00228856433392 0.00347349149802 0.00138110671153 0.000758934935888 0.00143030874133 -0.00161021896985 0.00423930588603 0.000970807463608 0.00841280108084 0.00127862476859 0.00356962171793 0.00205769277827 0.0040645570629 0.00203394174986 -0.000193479323557 -0.00118253369186 0.00221764211773 
0.00247066868043 0.00543774034719 0.00201085135365 -0.000129990018558 -0.000227437913884 0.0018080575308 -0.00143065297677 0.000577604014366 0.000809392884734 0.00248506254207 0.000336124454912 0.00289969233233 0.0347889750566 0.00113502777137 0.00137011693799 0.00145243161284 0.00163964664501 -0.000663645733262 0.00189867302689 0.00101640764334 0.0007446817217 0.000844942791083 0.000463298127105 0.00146952941172 0.00345840883362 0.00344068349597 0.00164288779778 0.000581165893067 0.00236209844669 0.00214388600444 0.000717956215579 0.00022496119262 0.00292623138831 0.00153635189906 2.25759643215e-05 0.00188687616016 -0.000128555893893 -0.0019304133304 -0.000344376871275 0.00109477129726 
0.00351007580203 0.00137782190472 0.00292220714362 0.000585680098131 0.00235572815671 -0.000300214832412 0.00280721392125 0.00124391037869 0.00117390505751 0.00420902646812 0.00112087016347 0.00243530089613 0.00113502777137 0.0304580506104 -0.00310148169172 0.000330375023767 0.00220808750789 0.00114985403929 0.00107339803122 0.00177508282173 0.000947799383294 0.00147884287199 0.00106700026256 0.00241085779076 0.000534455572613 0.00155304731752 -0.000115292057154 0.00496651013594 0.0011500781497 -0.00119702469048 0.000344108064588 -0.000600175229459 -0.00264529467854 0.00175338627709 0.00241076194075 0.00206141202104 0.00153015469659 0.00188401283047 8.09061459777e-05 -0.00233074982869 
-0.000144794741949 0.00376475467201 -0.00056898144394 -0.000285454757874 -0.0018117589194 0.00388709461569 0.00122342902682 0.000715304758033 0.00201866030332 0.00175995361673 0.00329016198284 0.00183289223889 0.00137011693799 -0.00310148169172 0.0594789969667 0.000954901347936 7.64664657845e-05 0.0008155638358 0.00195336159278 0.00125719291656 0.00143804170806 0.00147129575724 0.000122644435118 0.00377263789257 -0.000401391283575 0.00070982863931 -0.000782131777804 0.000211848843578 -0.00187028839603 0.0078500394689 -7.09094900341e-06 0.0039804499066 0.00216933346717 0.00148439244968 0.00187639567101 0.000770031807811 0.00321112761001 0.00358605512748 8.79820006979e-05 0.0200150248569 
-0.00118502796316 6.78169309108e-05 0.000279120189355 0.00173692806774 0.00456471935246 3.5906039859e-05 0.00207487556953 0.000545428531645 0.00119367909268 0.00255652141612 0.000614867629804 -0.000460506074884 0.00145243161284 0.000330375023767 0.000954901347936 0.0201337763985 0.0013643441227 0.00212460618838 0.00397346561108 0.00115294998753 0.000778539525781 -0.000713323014468 0.000929509596619 -0.000187794632314 6.91207563603e-06 -5.3448857399e-05 -0.000110492043761 0.00264705381456 0.00172524899833 0.00150331592413 -0.000115211716427 0.00121684985375 0.00257755505366 0.00214214357263 0.00215028714109 -0.000304445119269 3.73883956818e-05 0.00153457697946 -0.000523191755584 0.000676420287139 
0.00215953537351 0.00126379682015 -0.000734871685995 0.00127282329374 0.000898491356778 0.00131608056883 0.000201065184559 0.00116366242186 0.00165838328051 0.00108656539775 0.0027424028572 0.000895847696377 0.00163964664501 0.00220808750789 7.64664657845e-05 0.0013643441227 0.0156935784492 0.000345110472852 3.91611269792e-05 0.00182634458996 0.00132163600223 0.000993110992291 0.00153409948563 0.000555845500545 0.00195407137941 -0.000119394877037 -0.000633834250639 0.00166374667619 0.000698127149906 0.000727275110559 0.00114823345681 0.000556863475924 0.00172621168829 0.00629349204736 0.00221294894564 0.0018084262561 0.00232455373892 0.0011264206485 -0.00101940638563 0.00103104592645 
-0.00103321851998 0.00240262372985 -0.000453626858291 0.00289994671851 0.00239782001054 -3.91412514966e-06 0.00141060279795 0.00011956304286 0.00484518853703 0.00181866214209 0.00188766411635 0.00221841973701 -0.000663645733262 0.00114985403929 0.0008155638358 0.00212460618838 0.000345110472852 0.0175729374353 -0.00029769108261 0.0015604268345 0.00136890333936 0.000185051701266 5.38843791219e-05 -0.000590250890661 0.00242398166573 -0.000183621140043 7.6615673474e-05 0.000555369952687 0.00193646680483 0.00125880978997 0.000612436976857 0.00153886752394 0.00125238625972 0.000950881011324 0.00203237059707 0.0006883115376 0.00138621151153 0.000581009926186 -0.000554039608654 0.00136882404669 
