50
0.0300310371189 0.0472299451056 0.259768981863 0.0243185800675 0.00238062118955 0.143358946574 0.134016582451 0.0716337087719 0.0230030392576 0.0723841835345 0.0205855922537 0.0301217617298 0.0524263551757 0.0669670800901 0.0493934577213 0.0900156737744 0.0946915784272 0.112605751981 0.0571643700905 0.0449819155318 0.0766259396051 0.0807794462486 0.191301962015 0.357744060202 0.12993100308 0.0571686925308 0.148588071013 0.0824662750087 0.070293401022 0.0413413845105 0.0914492870129 0.0070666509449 0.00388664565626 0.20394989535 0.187838769987 0.00839736130492 0.0444205393046 0.0762578269544 0.10643743266 0.0368602928082 0.0695206157777 0.102568127786 0.0615160923796 0.10431458653 0.0466490289559 0.0594362545722 0.0842142990337 0.100072423231 0.0160922749751 0.0270606760034 
0.261288435937 -0.00320356070831 0.011017932101 -0.00905466813089 0.00763615968275 0.0132489351425 0.0149749879647 0.0212315939251 0.0146000753923 -0.00452833340047 0.0071463453979 -0.00676226116398 0.00285350906114 0.00178196323199 0.0139269979963 -0.000284309738477 -0.00224009282336 0.027737152484 0.0129737305776 0.0109323495441 -0.00925099243355 0.0184236332505 0.0163408048834 0.0188357035311 0.0173728172443 0.00306619354906 -0.00423673709034 0.000287607153866 0.0106513257525 -0.000828458168226 -0.0121736626564 -0.00524596484531 0.0164323622293 -0.00497744783635 0.0137739747861 0.0140013092964 0.0107449727447 0.0245235420975 0.0305961645342 0.00256432119663 -0.00374448203892 0.0146177258668 0.0101709206524 -0.00265739555762 0.00633849371529 0.0187491470787 -0.000714521804212 -0.01478183609 0.00681513731024 0.0259552463587 
-0.00320356070831 0.271724775301 0.0249944858922 0.0189746641121 0.0194516265933 0.0285094507777 0.0213817805351 0.00807266691695 0.00600733434163 0.00810274986731 0.0194869014114 -0.0117970722581 -0.00520877144947 0.0476648067107 0.0295287708895 -0.0104400284687 0.0298625606525 0.00138235168653 0.0321575674275 0.0264922228737 0.0224977028403 0.0130122223492 -0.0171361291146 0.0128895942764 0.0244543252856 0.0226325955233 0.0208008163723 0.0275574594999 0.0272776363892 0.0286600990266 0.0381075759712 0.0131154427496 0.0190919219769 0.00916839737126 -2.13062913579e-05 0.0228549130125 0.0114109313234 0.00265098085213 -0.00324734326744 -0.0082955652254 -0.010038192439 0.0634186512289 0.0182247239599 -0.00594737573688 0.0252955557183 0.0563159857147 -0.0141863690223 -5.12015026057e-05 0.0193212483977 0.018635999314 
0.011017932101 0.0249944858922 0.575176915476 0.0280691337601 0.00882287587501 0.158475540969 0.0108153593206 0.0101746419538 0.00523976722817 0.0191166453609 -0.0112986372325 0.0043004594681 -0.00441537910017 0.0199786121024 0.0369813943019 0.0134220531823 0.0460765216958 0.0156058518373 0.00138992634411 0.0427005572965 -0.00629654054106 -0.00437263020067 0.0367676777378 0.141826213156 0.0251260689992 0.020865861003 0.0088473580699 0.0618379860227 0.0511500021608 0.0253890618307 0.0143380618403 0.00978073757044 0.0194645937881 0.041915478668 0.059137196946 0.0210098802464 0.0172578754812 0.01832240203 0.0103470136337 0.00753098228459 0.0119262220124 -0.00104296806952 0.0252210430779 0.0384456442915 0.0226240649321 -0.00124110469603 0.0380774018012 0.0350310942948 0.0301432006219 0.0038028892439 
-0.00905466813089 0.0189746641121 0.0280691337601 0.225472337603 0.0150405488128 -0.00398800521617 0.0124303701764 0.0016363622771 0.00577213116617 0.00615145341826 0.0153091093971 0.0185018155232 0.00689893308896 -0.0074267954329 0.0131775139506 0.02570154158 0.0206137438723 0.00303621264742 0.0223726265302 0.0130231858345 0.00819688250373 0.0109653362066 0.00283174388851 0.00427825310115 0.0206390845218 -0.00579969664276 0.0294080971656 -0.0148180754353 -0.00269144630519 0.017785435997 0.0312978704988 0.014505464295 0.0144304747848 0.0101726475597 0.0210256047372 0.0144506088233 -0.00784342273868 0.0110480307369 0.0172127757106 0.00869957108648 0.00947675652132 0.0204404861011 0.01133661778 -0.0120668129716 0.0122328490223 0.028070753112 -0.0114094708163 0.0126387190993 0.0193154877201 -0.00507963046144 
0.00763615968275 0.0194516265933 0.008822875875 0.0150405488128 0.118070758816 0.027275108763 0.0128203869587 0.0144497987383 0.0228853040105 0.0259511371904 0.0103758148776 0.00438381002794 -0.000294065111228 0.000716016125685 0.0102349654877 0.00391242173036 0.00376088747262 0.0214164785866 0.0221528634652 0.0236372019994 0.00117077926214 0.0129045580822 0.0222507372812 0.0211685667362 0.0220644988473 0.00541497791309 0.0161218007331 0.0227309648715 -0.000549838488804 0.00453087671815 0.0291181062096 0.000453704367301 0.0484846577823 0.0081168478733 0.024897590194 0.028739417671 0.00310680148193 0.0118055301514 -0.00120707175547 -0.00832643292979 0.0298953972119 0.0100245998708 0.0157637976212 0.00118454478424 0.00850661831196 0.0158595035315 0.0064972877419 0.0135535615013 0.0159390571081 0.0189621002676 
0.0132489351425 0.0285094507777 0.158475540969 -0.00398800521617 0.027275108763 0.637436703446 0.00363444703775 0.0162397906482 0.0199498884728 0.0148381874182 -0.0210024597257 0.00674721861675 0.0142032680386 -0.000737459996828 0.0048463374753 0.0238606810866 0.0397795356246 0.0480181240075 0.0111254011807 0.0349380997143 -0.00339221346182 0.010759707925 0.00241380078984 0.0762558206737 0.0327293935207 0.00767164933516 -0.0160119942538 0.027340040819 0.0524746317511 0.0313749781381 0.0376278622596 -0.0128810926223 0.0436588684345 0.0355018131875 0.0565565069582 0.0138127517305 0.0150677929194 0.0522501059805 -0.000329060214595 0.037638513655 -0.00893559829579 0.0170853676483 0.00681925217306 0.0685545473655 0.0144907163047 0.0248395996423 -0.00924759875087 -0.00273327813146 0.0168980773837 0.0179559581466 
0.0149749879647 0.0213817805351 0.0108153593206 0.0124303701764 0.0128203869587 0.00363444703775 0.20516391168 0.00862158648644 0.0299259041615 0.0552223384937 0.0122878059694 0.00552594622449 0.0114570349965 0.028208909373 0.0100606033724 0.00458595719239 0.011060586761 0.0107009203623 0.0236273260831 0.0511429757366 0.0316457391374 -0.010506886088 0.0269883306731 -0.0188519554037 0.0220505745769 0.00667962293762 0.0233189571167 -0.0107545714932 0.0163789564578 0.00725060626409 0.0289793246209 -0.00187491967533 0.00635015585532 -0.00365800437257 0.0177858101309 0.00801268636314 0.00902778383627 0.0132204744399 0.0658253617147 0.00129603227024 0.00185278509984 0.0142063336578 0.020988596105 0.0248914099433 0.00561660279351 0.0165676295662 0.0136241062361 0.0101477505514 0.00704425025546 0.0128377526539 
0.0212315939251 0.00807266691695 0.0101746419538 0.0016363622771 0.0144497987383 0.0162397906482 0.00862158648644 0.177750806669 0.0181062089383 -0.00374078650717 0.000807405089973 0.00227270414722 0.0139510768215 0.0145977384061 0.0146189848533 0.00409365849038 -0.00357963767519 0.00279090122371 0.00798437244924 0.0173307449532 0.0185533366179 0.00445585432062 0.0152924859143 0.0149230690916 -0.00299907921508 0.0109626993562 0.0134599110572 0.00944158226233 0.0169603179431 0.0175882729082 0.040253989495 0.00459680967324 0.0170976364288 -0.00967626090114 0.00606534574613 0.00419973731669 0.00165187540046 -0.00703444268483 0.00483915851019 0.0050675765661 0.0344423233273 0.00833335470178 0.0326098580859 0.00862854534777 0.0104695733616 -0.000902098261722 -0.00145679523365 -0.00517671218613 -0.00993892868451 0.00957117996904 
0.0146000753923 0.00600733434163 0.00523976722817 0.00577213116617 0.0228853040105 0.0199498884728 0.0299259041615 0.0181062089383 0.122204621069 0.0122431487335 0.0099345134305 0.0166778028888 0.0123515222231 0.0228024587966 0.0310699208065 0.00880010047878 0.00977368015426 0.0161191859378 0.0279590857849 0.0410814325345 0.0300829697356 0.00682655664305 0.0121681496672 -0.00129831189486 0.000606089183186 0.00285717575457 0.0108921060412 -0.00129350267753 0.0112862998261 0.000941199176077 0.0378745607624 -0.0017826140437 0.00653012470153 -0.0231024250613 0.0080255931062 0.0215109332148 0.0105536908806 0.0235432469252 -0.00426743708872 -0.00103928669498 -0.000654942873712 0.0293532072236 0.0284624927929 0.0155832288104 0.0231027411251 0.0189889963458 0.00748779583489 -0.00230935837516 -0.00389620795488 0.0120628992848 
-0.00452833340047 0.00810274986732 0.0191166453609 0.00615145341826 0.0259511371904 0.0148381874182 0.0552223384937 -0.00374078650716 0.0122431487335 0.326574181927 -0.0112771483197 0.0174590655934 0.0313255481704 -0.00231091587737 0.0233710491858 -0.0214149633397 0.0249394280005 0.0474618327759 0.0119148349104 0.0217248467009 0.0126135696691 0.0251319234774 0.0252237828274 0.0392514742216 0.01398192732 0.0205419615152 0.0211533591216 0.0173580503825 0.0280611819412 0.0298637716616 0.0165151792404 0.00421874036125 -0.00112333197368 0.00530265485389 0.0082018190307 0.0173927989644 -0.00932111272961 -0.00741590861001 0.0727189106813 0.00959664102649 -0.00319291967891 0.0286582835805 0.0206908324876 0.0361270712747 -0.0054468446815 0.013159956713 0.0298745985145 0.00410756297323 0.0202784922823 0.0226795531308 
0.0071463453979 0.0194869014114 -0.0112986372325 0.0153091093971 0.0103758148776 -0.0210024597257 0.0122878059694 0.000807405089972 0.0099345134305 -0.0112771483197 0.156856637774 0.0092234654254 0.00404228123752 0.00985375062169 0.00311061558141 0.0103912086966 0.00148764743361 -0.00867558848422 0.0215899694127 0.0246583966377 0.0169450402169 0.0137496889836 -0.00207637091851 0.00114932055811 0.0251899593644 0.0116942854252 0.0142354912015 -0.00466566561806 0.0135545756783 0.00095528023099 0.00460069316413 0.000397855808577 0.0110663518575 -0.00686998213484 0.00235497892353 0.00968603805556 0.0199574291433 0.00488972998906 0.00283258289567 0.00156085078617 0.00763446020716 0.0245664961773 0.00683255462542 0.0478149263546 0.0235195478037 -4.03388249044e-05 0.0108162237876 0.00272683343527 0.0156203823119 -0.000549395145762 
-0.00676226116398 -0.0117970722581 0.0043004594681 0.0185018155232 0.00438381002794 0.00674721861675 0.00552594622448 0.00227270414721 0.0166778028888 0.0174590655934 0.0092234654254 0.180162369789 -0.0028340887737 0.0446519335811 0.0215104582625 -0.00888112246265 0.0165756757841 0.0104809877009 0.0140142705375 0.00566439470141 0.0132244800581 0.00417131027827 0.0121151616302 -0.00940293974485 0.00430111650293 0.0025228780418 0.0112456573315 0.0110366355771 -0.0243487675544 0.0111447257054 0.0199930833364 0.000457343777836 -0.000428810144444 -0.00488354573833 0.00913530680922 0.00583753202002 9.42418104527e-05 0.0109788541618 -7.34286972377e-05 -0.00337556210033 -0.00628513422591 0.0267786465306 0.0156700437517 0.0348165885345 0.0193955401462 0.00450804442418 0.0124295112973 0.000538608014073 -0.00635912240135 -0.0031432790335 
0.00285350906114 -0.00520877144947 -0.00441537910017 0.00689893308896 -0.000294065111228 0.0142032680386 0.0114570349965 0.0139510768215 0.0123515222231 0.0313255481704 0.00404228123752 -0.0028340887737 0.296584474938 -0.010418128989 -0.00316831639672 0.00829256782386 0.041703747069 0.0297227385877 0.0187907182555 0.0159486931638 0.0101221048757 0.00528075992753 0.0644782121711 0.0121809117117 -0.0140897708675 0.011671585642 0.00567519061853 -0.0118172719595 0.0106506010035 0.0161150124131 0.0116783118225 0.00682017163839 -0.00339748663291 0.00711358921283 -0.00859449588165 0.0216313882933 0.00101984353001 -0.00523315787602 0.00307913275759 0.0368587250622 0.0144404008003 0.0153943599994 0.0171965202307 0.0294297940027 0.0221621814494 0.0118320928383 0.0587844070682 0.0254116745946 -0.00974726103734 0.0198379498604 
0.00178196323199 0.0476648067107 0.0199786121024 -0.0074267954329 0.000716016125684 -0.000737459996829 0.028208909373 0.0145977384061 0.0228024587966 -0.00231091587737 0.00985375062169 0.0446519335811 -0.010418128989 0.240788597172 0.0119507828051 -0.000993812290084 0.0202374914437 -0.010533583224 0.0210709556998 0.0217639128261 0.0546612760095 0.00468872218466 -0.0172909732395 -0.00954528246159 -0.0149451656881 0.0316960779582 0.030532908966 -0.0172808187728 0.0205067580352 -0.0138747064605 0.0550217587878 0.0147944242222 -0.00624211459217 -0.0120325735673 0.00315985838757 0.0237640043553 0.0174726291551 -0.00925927668501 0.00612893790103 0.0146111395481 -0.00291704006208 0.0432295157624 0.0298042663901 0.0146321457078 0.0236192766293 0.00331935978271 0.0155267284574 -0.00258140700124 0.00105037391994 -0.0105264357926 
0.0139269979963 0.0295287708895 0.0369813943019 0.0131775139506 0.0102349654877 0.0048463374753 0.0100606033724 0.0146189848533 0.0310699208065 0.0233710491858 0.00311061558141 0.0215104582625 -0.00316831639672 0.0119507828051 0.156140657914 0.0105576910694 0.00569527532478 -0.00408095100921 0.0341777757993 0.0159940737108 0.00616321545267 0.00561070903507 0.00698254953122 0.000788921898794 0.0130917907921 0.0193244697333 -0.00484182400892 0.00433813503582 0.00356836844295 0.0216828679278 0.0210815189383 0.0221128833278 0.00882006104208 -0.0184151256141 0.00495067186434 0.018639900663 0.01877459284 0.0272767452219 0.00255484661709 0.00607575180877 0.00274032183151 0.0190768162935 0.037552034067 -0.00576657577237 0.0343742186982 0.0200349904982 0.0286902936403 -0.00613751180693 0.000809054517342 0.00374903886422 
-0.000284309738476 -0.0104400284687 0.0134220531823 0.02570154158 0.00391242173036 0.0238606810866 0.00458595719239 0.00409365849038 0.00880010047879 -0.0214149633397 0.0103912086966 -0.00888112246265 0.00829256782386 -0.000993812290085 0.0105576910694 0.233156472038 -0.00864217773222 0.0201152835126 0.0255017764662 0.0131359873954 0.00389677111275 0.0165101077056 0.0193633868895 0.00646256769674 0.00879483661301 0.0178909677882 0.0228583685581 -0.0149774530092 0.0112455734447 0.0235182897441 0.0510168798732 0.00885351096939 0.0114555349132 -0.00138186487684 0.0120571736134 0.0113682094123 0.0296781623733 0.0127927119183 0.00479206897933 -0.0122081267515 -0.00671703799326 -0.0032738969475 0.0261761740706 0.0422161046813 0.0237759539945 -0.00616102884024 0.0266411554082 -0.016034667129 0.023509769409 -0.00893002822849 
-0.00224009282336 0.0298625606525 0.0460765216958 0.0206137438723 0.00376088747262 0.0397795356246 0.011060586761 -0.00357963767519 0.00977368015426 0.0249394280005 0.00148764743361 0.0165756757841 0.041703747069 0.0202374914437 0.00569527532478 -0.00864217773222 0.359576426503 0.0285557388115 0.0112248379346 0.037241629958 -0.000836299692115 0.0233090847094 0.0301858008052 0.0324748475845 0.00119714847662 0.0209415387615 0.0255966374321 -0.0103461469981 0.0249028902371 0.0359524572619 0.0118233548071 0.0114438131699 0.00583453321343 0.0218243205539 0.00592509498494 0.0128606853681 0.0172805481991 -0.00549804344125 0.0110762967023 0.0164520321093 0.00127250400833 0.0460880371228 0.0120438859276 0.0302539259425 0.0141690802407 0.0176474248657 0.0221702916079 0.0220040043032 0.00828392747538 0.0206563555026 
0.027737152484 0.00138235168653 0.0156058518373 0.00303621264742 0.0214164785866 0.0480181240075 0.0107009203623 0.00279090122371 0.0161191859378 0.0474618327759 -0.00867558848422 0.0104809877009 0.0297227385877 -0.010533583224 -0.00408095100921 0.0201152835126 0.0285557388115 0.426072883868 0.0112686910016 0.00209486920782 0.0162369864884 -0.015192302084 0.0535649276265 -0.0078894765467 0.216973575695 0.0264993574183 -0.00908799027068 0.131188918832 0.0146331468293 0.0216382206627 0.0508281149633 0.00471684773437 0.00575028576994 0.139957319887 0.11220130183 0.00399922718668 0.0256279783526 0.152967944582 0.166805666596 0.0234650520931 -0.00109200822998 0.0247905591122 0.0191999792394 0.0240552999303 -0.0161474035901 0.0395813294045 0.0772916109651 0.00945408045598 0.00284919767021 0.0743911964794 
0.0129737305776 0.0321575674275 0.00138992634411 0.0223726265302 0.0221528634652 0.0111254011807 0.0236273260831 0.00798437244924 0.0279590857849 0.0119148349104 0.0215899694127 0.0140142705375 0.0187907182555 0.0210709556998 0.0341777757993 0.0255017764662 0.0112248379346 0.0112686910016 0.196761473687 0.02947640841 0.0267266701726 0.0354206670627 0.023328046507 -0.0138829502475 0.0153204834844 0.0155206837697 0.0352529572593 -0.00327096121383 0.00437024025348 0.0184212074466 0.0277032923358 0.0111042498539 0.00442133441538 -0.000824383979246 0.0204072955304 0.0177448531359 0.0214804208268 0.0169301796319 0.018260848513 0.00319301902572 0.00630329826058 0.0438174178335 0.0331020540221 0.0352064038201 0.0238571508302 0.0141088943877 0.0286157591164 0.0165866286122 0.00193481518173 0.00844593746713 
0.0109323495441 0.0264922228737 0.0427005572965 0.0130231858345 0.0236372019994 0.0349380997143 0.0511429757366 0.0173307449532 0.0410814325345 0.0217248467009 0.0246583966377 0.00566439470141 0.0159486931638 0.0217639128261 0.0159940737108 0.0131359873954 0.037241629958 0.00209486920782 0.02947640841 0.206260732056 0.046067516641 0.000781287313633 0.00293271952231 -0.0254035120686 0.018254096706 0.00447676944083 0.0333789868735 -0.00310176427943 0.0207432619157 0.0160666023655 0.034774472897 0.00461865703402 0.00888286964807 0.00474267461546 0.0121414119131 0.0198304674951 0.0255566355943 0.0124224694607 0.0170739291948 -0.00805707654642 0.0133048348022 0.0135746749318 0.0312454313231 0.0113508026227 0.0210305335983 0.0124741693255 0.0425025416746 -0.00594827781945 -0.00578343227572 0.00738776964012 
-0.00925099243355 0.0224977028403 -0.00629654054106 0.00819688250373 0.00117077926214 -0.00339221346182 0.0316457391374 0.0185533366179 0.0300829697356 0.0126135696691 0.0169450402169 0.0132244800581 0.0101221048757 0.0546612760095 0.00616321545267 0.00389677111275 -0.000836299692116 0.0162369864884 0.0267266701726 0.046067516641 0.245323600365 0.000401513781951 -0.00473298636546 -0.00556827220882 0.0100911483073 0.0416126297966 0.0343891867172 0.0227467393439 0.0148337497626 0.000803656975445 0.0413240832134 0.0200196627514 0.0185455391927 0.00485427339517 -0.000722424797533 0.0332209875877 0.0232260289 0.032909718433 0.00749481440521 0.008672287186 0.00114268707414 0.0363954730686 0.0383249191341 0.0120802011284 0.00354924505243 0.0146187683253 0.048519118709 0.0299724868226 0.00561780327235 0.0184627743914 
0.0184236332505 0.0130122223492 -0.00437263020067 0.0109653362066 0.0129045580822 0.010759707925 -0.010506886088 0.00445585432062 0.00682655664305 0.0251319234774 0.0137496889836 0.00417131027827 0.00528075992753 0.00468872218466 0.00561070903507 0.0165101077056 0.0233090847094 -0.015192302084 0.0354206670627 0.000781287313633 0.000401513781951 0.485498870174 0.00401047805825 0.0277413929788 0.0284646089288 0.0436388283058 0.00677777861151 0.0314333297898 -0.0193510165928 0.000939718285573 0.00232362170208 0.0401997866118 0.000948297754561 0.030951540669 -0.00789165294187 0.00278744137158 0.00964677378975 0.00131365228606 0.0013729103692 -0.0203376139032 0.0042592329786 -0.00169501255039 0.0150374542053 0.0489686453195 -0.00195525879319 0.0204511797285 0.0250552674555 0.0831894998004 0.0478852211304 0.00922338186376 
0.0163408048834 -0.0171361291146 0.0367676777378 0.00283174388851 0.0222507372812 0.00241380078984 0.0269883306731 0.0152924859143 0.0121681496672 0.0252237828274 -0.00207637091851 0.0121151616302 0.0644782121711 -0.0172909732395 0.00698254953121 0.0193633868895 0.0301858008052 0.0535649276265 0.023328046507 0.00293271952231 -0.00473298636546 0.00401047805825 0.430700851178 0.0518005809639 0.0801447084399 0.00218811736572 0.0238148673261 -0.00220578696314 0.00877336217916 0.00501949442224 0.0771300433724 -0.0244484477074 0.0290484028385 0.0462164191606 0.0446880477747 0.0195064986507 0.00520609767515 0.0137507095302 0.053531748528 0.0224810141279 0.093264696852 0.023825160177 0.032131305252 0.0205950106577 -0.00161592513397 0.0279920098406 0.0186834085391 0.0319315238259 -0.0161177162533 0.042276273027 
0.0188357035311 0.0128895942764 0.141826213156 0.00427825310115 0.0211685667362 0.0762558206737 -0.0188519554037 0.0149230690916 -0.00129831189486 0.0392514742216 0.00114932055811 -0.00940293974485 0.0121809117117 -0.00954528246159 0.000788921898794 0.00646256769674 0.0324748475845 -0.0078894765467 -0.0138829502475 -0.0254035120686 -0.00556827220882 0.0277413929788 0.0518005809639 2.87933361334 0.0139401121016 -0.00211460535773 2.83361733274e-05 0.00781600365071 0.120724751297 -0.00104109380095 0.0241170896165 0.00782940396991 0.000302565624623 0.00566698963022 0.0234685689883 -0.00272301332526 0.0339560572811 0.0302653723188 0.0403457997098 0.0363925576177 0.0926940263314 0.0163083439567 -0.0183531353976 0.0366805421537 -0.0304337037278 0.0248699904285 0.0183847644359 0.125130242568 0.0317302232327 -0.0201325858196 
0.0173728172443 0.0244543252856 0.0251260689992 0.0206390845218 0.0220644988473 0.0327293935207 0.0220505745769 -0.00299907921508 0.000606089183186 0.01398192732 0.0251899593644 0.00430111650293 -0.0140897708675 -0.0149451656881 0.0130917907921 0.00879483661301 0.00119714847662 0.216973575695 0.0153204834844 0.018254096706 0.0100911483073 0.0284646089288 0.0801447084399 0.0139401121016 0.503767274961 -0.00443688929561 0.00345932303406 0.130631124492 0.0414721739216 0.00775055473643 0.0782908266409 -0.00795872058964 0.0206291164857 0.224494911631 0.161081126989 0.0180905830307 0.0158085514797 0.175510741901 0.145975522973 0.00930866216369 -0.0139867243368 -0.000857135449457 0.00325371937038 -0.0223673303435 -0.00412062309085 0.0174104479108 -0.000252347068249 -0.00688807168381 0.00243935154825 0.0703517216748 
0.00306619354906 0.0226325955233 0.020865861003 -0.00579969664276 0.00541497791309 0.00767164933516 0.00667962293762 0.0109626993562 0.00285717575457 0.0205419615152 0.0116942854252 0.0025228780418 0.011671585642 0.0316960779582 0.0193244697333 0.0178909677882 0.0209415387615 0.0264993574183 0.0155206837697 0.00447676944083 0.0416126297966 0.0436388283058 0.00218811736572 -0.00211460535773 -0.00443688929561 0.363173224587 -0.0104247549678 0.00645072926762 0.00918782903581 0.0379969873641 0.0475808209041 -0.00422557493579 0.00179059873447 -0.00175632186281 -0.0227933138908 0.0167549786838 0.0501380658722 -0.00807385273669 0.0126534060593 0.00870299978537 0.00872924037139 0.0266784500593 0.0250087766063 0.0323675863944 0.00765667413946 0.0386295371453 0.0014266646996 0.00915738531175 -0.00734854901433 0.000683450395108 
-0.00423673709034 0.0208008163723 0.0088473580699 0.0294080971656 0.0161218007331 -0.0160119942538 0.0233189571167 0.0134599110572 0.0108921060412 0.0211533591216 0.0142354912015 0.0112456573315 0.00567519061853 0.030532908966 -0.00484182400892 0.0228583685581 0.0255966374321 -0.00908799027068 0.0352529572593 0.0333789868735 0.0343891867172 0.00677777861151 0.0238148673261 2.83361733275e-05 0.00345932303406 -0.0104247549678 0.476153843877 -0.0107212664056 0.00870308214427 0.028033914601 0.0656404822069 0.012184975613 0.0105886847896 0.0211262807653 0.00767810010315 0.0302619809283 0.0107834856448 -0.00166887125671 -0.00765134078572 0.00857861057978 0.00985286405814 0.0473474840701 0.0479251869817 -0.00208807641035 0.018198620065 0.023433327712 0.0152578652604 0.0224648443819 -0.00830526309392 -0.000119861936856 
0.000287607153866 0.0275574594999 0.0618379860227 -0.0148180754353 0.0227309648715 0.027340040819 -0.0107545714932 0.00944158226233 -0.00129350267753 0.0173580503825 -0.00466566561806 0.0110366355771 -0.0118172719595 -0.0172808187728 0.00433813503582 -0.0149774530092 -0.0103461469981 0.131188918832 -0.00327096121383 -0.00310176427943 0.0227467393439 0.0314333297898 -0.00220578696314 0.00781600365071 0.130631124492 0.00645072926762 -0.0107212664056 0.357508353616 -0.000646631208395 0.0121593248155 0.0268743123867 0.0156432962886 0.0425684394547 0.094090981592 0.144078681021 -0.00130282554549 0.0132747503286 0.108393905244 0.0748125009144 0.0118695352977 -0.026381070245 -0.0131443065102 -0.00213610302191 0.00707971084116 -0.00472031079602 0.0266534397002 0.0498043591932 0.0115805025543 -0.0133636197585 0.0703103086769 
0.0106513257525 0.0272776363892 0.0511500021608 -0.00269144630519 -0.000549838488804 0.0524746317511 0.0163789564578 0.0169603179431 0.0112862998261 0.0280611819412 0.0135545756783 -0.0243487675544 0.0106506010035 0.0205067580352 0.00356836844295 0.0112455734447 0.0249028902371 0.0146331468293 0.00437024025348 0.0207432619157 0.0148337497626 -0.0193510165928 0.00877336217915 0.120724751297 0.0414721739216 0.00918782903581 0.00870308214427 -0.000646631208395 0.296656147383 0.0207643427595 0.0326663597311 0.0074885327711 0.0006914143617 0.0783353266503 0.0375279662257 -4.24491067276e-06 0.0163374044701 0.00222589081674 0.00626649693547 0.00781203755515 -0.0141130807238 0.0122094185553 0.0117462771602 0.0221726136254 0.002710278919 -0.00668962233049 0.011822775911 0.00397756709303 0.00996257925833 0.0181295716226 
-0.000828458168226 0.0286600990266 0.0253890618307 0.017785435997 0.00453087671815 0.0313749781381 0.00725060626409 0.0175882729082 0.000941199176076 0.0298637716616 0.00095528023099 0.0111447257054 0.0161150124131 -0.0138747064605 0.0216828679278 0.0235182897441 0.0359524572619 0.0216382206627 0.0184212074466 0.0160666023655 0.000803656975444 0.000939718285572 0.00501949442223 -0.00104109380096 0.00775055473643 0.0379969873641 0.028033914601 0.0121593248155 0.0207643427595 0.230416789921 0.0201398924922 0.0209890712977 0.0117830235369 0.0249884729087 0.0431020014048 0.0223758528532 0.0276697107584 0.00592429645179 -0.00499226030276 -0.0200125460272 -0.0117386047915 0.038160877028 0.0161644402835 0.0315655667415 0.0142925790917 0.0117480009994 0.00401812198742 -0.0195475299506 -0.0257962712234 -0.000302078095381 
-0.0121736626564 0.0381075759712 0.0143380618403 0.0312978704988 0.0291181062096 0.0376278622596 0.0289793246209 0.040253989495 0.0378745607624 0.0165151792404 0.00460069316413 0.0199930833364 0.0116783118225 0.0550217587878 0.0210815189383 0.0510168798732 0.0118233548071 0.0508281149633 0.0277032923358 0.034774472897 0.0413240832134 0.00232362170208 0.0771300433724 0.0241170896165 0.0782908266409 0.0475808209041 0.0656404822069 0.0268743123867 0.0326663597311 0.0201398924922 0.443485481266 -0.00509821728977 0.0243736167273 0.101201885046 0.068290649967 0.0439560905087 0.0203661136949 0.0580219199099 0.032379082498 0.0270504164201 0.001481597323 0.082460688858 0.0539791908925 0.0290135203663 0.0212205955914 0.0376004912851 0.00539558081442 0.0176265536125 0.0105371968953 0.0179605624631 
-0.00524596484531 0.0131154427496 0.00978073757044 0.014505464295 0.000453704367303 -0.0128810926223 -0.00187491967533 0.00459680967324 -0.0017826140437 0.00421874036124 0.000397855808574 0.000457343777836 0.00682017163839 0.0147944242221 0.0221128833278 0.00885351096939 0.0114438131699 0.00471684773437 0.0111042498539 0.00461865703403 0.0200196627514 0.0401997866118 -0.0244484477074 0.00782940396991 -0.00795872058964 -0.00422557493579 0.012184975613 0.0156432962887 0.0074885327711 0.0209890712977 -0.00509821728977 0.162527913435 0.0103086678487 0.00380680467735 0.00463681043463 0.0205350670213 0.0194094437747 0.016727249587 -0.00758666338277 0.03671535356 0.00569143834782 -0.00295319235534 0.0050352156433 0.00506593899624 0.0237953281971 0.0100930621066 0.0513704669246 0.0106790992469 -0.0082618178059 -0.00692634345157 
0.0164323622293 0.0190919219769 0.0194645937881 0.0144304747848 0.0484846577823 0.0436588684345 0.00635015585532 0.0170976364288 0.00653012470153 -0.00112333197368 0.0110663518575 -0.000428810144444 -0.00339748663291 -0.00624211459217 0.00882006104208 0.0114555349132 0.00583453321343 0.00575028576994 0.00442133441538 0.00888286964807 0.0185455391927 0.000948297754561 0.0290484028385 0.000302565624623 0.0206291164857 0.00179059873447 0.0105886847896 0.0425684394547 0.0006914143617 0.0117830235369 0.0243736167273 0.0103086678487 0.225180223331 0.0179670171949 0.0106282082115 0.0154571029296 0.0158692467486 0.00954055913217 0.0161612549753 0.0262628201234 0.0377315549285 0.0160473360017 0.00961852474627 -0.0115287010438 -0.00520223672271 0.0445087023229 0.0135726224855 0.0252270548369 0.0138588220586 0.0271909278513 
-0.00497744783635 0.00916839737126 0.041915478668 0.0101726475597 0.0081168478733 0.0355018131875 -0.00365800437257 -0.00967626090114 -0.0231024250613 0.00530265485389 -0.00686998213484 -0.00488354573833 0.00711358921283 -0.0120325735673 -0.0184151256141 -0.00138186487684 0.0218243205539 0.139957319887 -0.000824383979245 0.00474267461546 0.00485427339517 0.030951540669 0.0462164191606 0.00566698963022 0.224494911631 -0.00175632186281 0.0211262807653 0.094090981592 0.0783353266503 0.0249884729087 0.101201885046 0.00380680467735 0.0179670171949 0.65211423509 0.245357479161 0.033131029991 0.0124547718764 0.114026799682 0.0765599955419 -0.0195577852626 -0.0119423485449 0.00167735687117 -0.0171100475321 -0.0073783490061 -0.00729665687694 -0.0140104957442 -0.00442580502763 0.0219942619553 0.0209216695619 0.0347098541999 
0.0137739747861 -2.13062913612e-05 0.059137196946 0.0210256047372 0.024897590194 0.0565565069582 0.0177858101309 0.00606534574613 0.00802559310621 0.0082018190307 0.00235497892353 0.00913530680922 -0.00859449588165 0.00315985838757 0.00495067186434 0.0120571736134 0.00592509498493 0.11220130183 0.0204072955304 0.0121414119131 -0.000722424797533 -0.00789165294187 0.0446880477747 0.0234685689883 0.161081126989 -0.0227933138908 0.00767810010315 0.144078681021 0.0375279662257 0.0431020014048 0.068290649967 0.00463681043463 0.0106282082115 0.245357479161 0.52472043217 0.00286256906616 0.0246131299751 0.13961740055 0.0900839287005 -0.0151907598618 0.000984219696451 -0.00294752505943 0.00452138707415 -0.00429510120145 -0.0123386342616 0.0162224217679 0.0121105453139 0.0145350396462 0.0263835686617 0.0704737552116 
0.0140013092964 0.0228549130125 0.0210098802464 0.0144506088233 0.028739417671 0.0138127517305 0.00801268636314 0.00419973731669 0.0215109332148 0.0173927989644 0.00968603805555 0.00583753202002 0.0216313882933 0.0237640043553 0.018639900663 0.0113682094123 0.0128606853681 0.00399922718668 0.0177448531359 0.0198304674951 0.0332209875877 0.00278744137158 0.0195064986507 -0.00272301332526 0.0180905830307 0.0167549786838 0.0302619809283 -0.00130282554549 -4.24491067276e-06 0.0223758528532 0.0439560905087 0.0205350670213 0.0154571029296 0.033131029991 0.00286256906616 0.141814636328 0.0217880313131 -0.00121970394894 -0.0035677186637 -0.00230176675772 0.0128772883283 0.0306367607334 0.0172042814048 0.026826028241 0.0148503474901 0.0110465749862 0.00476185956936 0.004373327957 0.00316255383806 0.0161548903106 
0.0107449727447 0.0114109313234 0.0172578754813 -0.00784342273868 0.00310680148192 0.0150677929194 0.00902778383627 0.00165187540046 0.0105536908806 -0.00932111272961 0.0199574291433 9.42418104606e-05 0.00101984353001 0.0174726291551 0.01877459284 0.0296781623733 0.0172805481991 0.0256279783526 0.0214804208268 0.0255566355943 0.0232260289 0.00964677378975 0.00520609767515 0.0339560572811 0.0158085514797 0.0501380658722 0.0107834856448 0.0132747503286 0.0163374044701 0.0276697107584 0.0203661136949 0.0194094437747 0.0158692467486 0.0124547718764 0.0246131299751 0.0217880313131 0.1626624636 0.00506402947932 0.015258796446 0.0232381922348 -0.00650412803782 0.015011696049 0.0136628133677 0.0366865923553 0.0103870422309 0.0191417274765 0.0105524091536 -0.000236589229475 0.0148574161156 0.00979034650017 
0.0245235420975 0.00265098085213 0.01832240203 0.0110480307369 0.0118055301514 0.0522501059805 0.0132204744399 -0.00703444268483 0.0235432469252 -0.00741590861001 0.00488972998906 0.0109788541618 -0.00523315787602 -0.00925927668501 0.0272767452219 0.0127927119183 -0.00549804344125 0.152967944582 0.0169301796319 0.0124224694607 0.032909718433 0.00131365228606 0.0137507095302 0.0302653723188 0.175510741901 -0.00807385273669 -0.00166887125671 0.108393905244 0.00222589081674 0.00592429645179 0.0580219199099 0.016727249587 0.00954055913217 0.114026799682 0.13961740055 -0.00121970394894 0.00506402947932 0.387906760063 0.0813978605213 -0.00380701564177 -0.00549126908183 -0.00089127934198 -0.00429616576287 -0.0142041903099 0.00505261057605 0.0161113886284 0.0234942000015 -0.00635036905615 -0.00276191455106 0.0475247674028 
0.0305961645342 -0.00324734326744 0.0103470136337 0.0172127757106 -0.00120707175547 -0.000329060214593 0.0658253617147 0.00483915851019 -0.00426743708872 0.0727189106813 0.00283258289567 -7.34286972402e-05 0.00307913275759 0.00612893790103 0.00255484661709 0.00479206897933 0.0110762967023 0.166805666596 0.018260848513 0.0170739291948 0.00749481440521 0.00137291036919 0.053531748528 0.0403457997098 0.145975522973 0.0126534060593 -0.00765134078572 0.0748125009144 0.00626649693548 -0.00499226030276 0.032379082498 -0.00758666338277 0.0161612549753 0.0765599955419 0.0900839287005 -0.0035677186637 0.015258796446 0.0813978605213 0.431465117056 -0.0139754127605 -0.00940826629198 0.0164208804172 0.0188941805911 0.0493402432144 -0.00513954021341 0.0188008907604 -0.00785767597231 -0.00540293146465 -0.0042011809459 0.0720208611766 
0.00256432119663 -0.0082955652254 0.00753098228459 0.00869957108648 -0.00832643292979 0.037638513655 0.00129603227024 0.00506757656609 -0.00103928669498 0.00959664102649 0.00156085078617 -0.00337556210033 0.0368587250622 0.0146111395481 0.00607575180878 -0.0122081267515 0.0164520321093 0.0234650520931 0.00319301902572 -0.00805707654642 0.008672287186 -0.0203376139032 0.0224810141279 0.0363925576177 0.00930866216369 0.00870299978537 0.00857861057978 0.0118695352977 0.00781203755515 -0.0200125460272 0.0270504164201 0.03671535356 0.0262628201234 -0.0195577852626 -0.0151907598618 -0.00230176675772 0.0232381922348 -0.00380701564177 -0.0139754127605 0.323315485752 -0.00294998461869 0.0144389095865 0.00747891874639 -0.000781477980614 -0.0100321130948 0.00820383556693 0.000165173586532 -0.0118050337476 -0.0165873680789 0.007386431373 
-0.00374448203892 -0.010038192439 0.0119262220124 0.00947675652132 0.0298953972119 -0.00893559829579 0.00185278509984 0.0344423233273 -0.000654942873712 -0.00319291967891 0.00763446020716 -0.00628513422591 0.0144404008003 -0.00291704006208 0.00274032183151 -0.00671703799326 0.00127250400833 -0.00109200822998 0.00630329826058 0.0133048348022 0.00114268707414 0.0042592329786 0.093264696852 0.0926940263314 -0.0139867243368 0.00872924037139 0.00985286405814 -0.026381070245 -0.0141130807238 -0.0117386047915 0.001481597323 0.00569143834782 0.0377315549285 -0.0119423485449 0.000984219696452 0.0128772883283 -0.00650412803782 -0.00549126908183 -0.00940826629198 -0.00294998461869 0.797136824876 -0.0100945931259 0.0143045510449 0.00839014233537 -0.000565638231228 0.0399541568829 -0.00223564499459 0.0095602298102 0.0115817967001 -0.00819870001489 
0.0146177258668 0.0634186512289 -0.00104296806952 0.0204404861011 0.0100245998708 0.0170853676483 0.0142063336578 0.00833335470178 0.0293532072236 0.0286582835805 0.0245664961773 0.0267786465306 0.0153943599994 0.0432295157624 0.0190768162935 -0.0032738969475 0.0460880371228 0.0247905591122 0.0438174178335 0.0135746749318 0.0363954730686 -0.00169501255039 0.023825160177 0.0163083439567 -0.000857135449457 0.0266784500593 0.0473474840701 -0.0131443065102 0.0122094185553 0.038160877028 0.082460688858 -0.00295319235534 0.0160473360017 0.00167735687117 -0.00294752505943 0.0306367607334 0.015011696049 -0.00089127934198 0.0164208804172 0.0144389095865 -0.0100945931259 0.285599458814 0.0179074089273 0.00891035271538 0.0358450868068 0.0406995261874 -0.0112638998246 0.0408357005173 -0.00141359345729 0.0145039059159 
0.0101709206524 0.0182247239599 0.0252210430779 0.01133661778 0.0157637976212 0.00681925217306 0.020988596105 0.0326098580859 0.0284624927929 0.0206908324876 0.00683255462542 0.0156700437517 0.0171965202307 0.0298042663901 0.037552034067 0.0261761740706 0.0120438859276 0.0191999792394 0.0331020540221 0.0312454313231 0.0383249191341 0.0150374542053 0.032131305252 -0.0183531353976 0.00325371937038 0.0250087766063 0.0479251869817 -0.00213610302191 0.0117462771602 0.0161644402835 0.0539791908925 0.0050352156433 0.00961852474627 -0.0171100475321 0.00452138707414 0.0172042814048 0.0136628133677 -0.00429616576287 0.0188941805911 0.00747891874638 0.0143045510449 0.0179074089273 0.169642165291 0.0257197723602 0.00667398552958 0.0108795904442 0.0328064213212 0.00643829939127 -0.0118564319605 0.0238863893441 
-0.00265739555762 -0.00594737573688 0.0384456442915 -0.0120668129716 0.00118454478424 0.0685545473655 0.0248914099433 0.00862854534777 0.0155832288104 0.0361270712747 0.0478149263546 0.0348165885345 0.0294297940027 0.0146321457078 -0.00576657577237 0.0422161046813 0.0302539259425 0.0240552999303 0.0352064038201 0.0113508026227 0.0120802011284 0.0489686453195 0.0205950106577 0.0366805421537 -0.0223673303435 0.0323675863944 -0.00208807641035 0.00707971084116 0.0221726136254 0.0315655667415 0.0290135203663 0.00506593899624 -0.0115287010438 -0.0073783490061 -0.00429510120145 0.026826028241 0.0366865923553 -0.0142041903099 0.0493402432144 -0.000781477980614 0.00839014233537 0.00891035271538 0.0257197723602 0.561562637271 0.0581485096376 0.0295956785534 0.0207023212755 0.000610765125354 0.00808920538607 0.014073941991 
0.00633849371529 0.0252955557183 0.0226240649321 0.0122328490223 0.00850661831196 0.0144907163047 0.00561660279351 0.0104695733616 0.0231027411251 -0.0054468446815 0.0235195478037 0.0193955401462 0.0221621814493 0.0236192766293 0.0343742186982 0.0237759539945 0.0141690802407 -0.0161474035901 0.0238571508302 0.0210305335983 0.00354924505243 -0.00195525879319 -0.00161592513397 -0.0304337037278 -0.00412062309086 0.00765667413946 0.018198620065 -0.00472031079602 0.002710278919 0.0142925790917 0.0212205955914 0.0237953281971 -0.00520223672271 -0.00729665687694 -0.0123386342616 0.0148503474901 0.0103870422309 0.00505261057605 -0.00513954021341 -0.0100321130948 -0.000565638231228 0.0358450868068 0.00667398552958 0.0581485096376 0.229139494707 0.0025654626698 0.00861450324342 0.0120351963356 -0.00590034410251 -0.00324812272882 
0.0187491470787 0.0563159857147 -0.00124110469602 0.028070753112 0.0158595035315 0.0248395996423 0.0165676295662 -0.000902098261722 0.0189889963458 0.013159956713 -4.03388249045e-05 0.00450804442418 0.0118320928383 0.00331935978271 0.0200349904982 -0.00616102884023 0.0176474248657 0.0395813294045 0.0141088943877 0.0124741693255 0.0146187683253 0.0204511797285 0.0279920098406 0.0248699904285 0.0174104479108 0.0386295371453 0.023433327712 0.0266534397002 -0.00668962233049 0.0117480009994 0.0376004912851 0.0100930621066 0.0445087023229 -0.0140104957442 0.0162224217679 0.0110465749862 0.0191417274765 0.0161113886284 0.0188008907604 0.00820383556693 0.0399541568829 0.0406995261874 0.0108795904442 0.0295956785534 0.0025654626698 0.274229811577 0.0265070927338 0.026519432035 0.0111217344036 0.0278702596483 
-0.000714521804212 -0.0141863690223 0.0380774018012 -0.0114094708163 0.0064972877419 -0.00924759875087 0.0136241062361 -0.00145679523365 0.00748779583489 0.0298745985145 0.0108162237876 0.0124295112973 0.0587844070682 0.0155267284574 0.0286902936403 0.0266411554082 0.0221702916079 0.0772916109651 0.0286157591164 0.0425025416746 0.048519118709 0.0250552674555 0.0186834085391 0.0183847644359 -0.00025234706825 0.0014266646996 0.0152578652604 0.0498043591932 0.011822775911 0.00401812198741 0.00539558081442 0.0513704669246 0.0135726224855 -0.00442580502763 0.0121105453139 0.00476185956935 0.0105524091536 0.0234942000015 -0.00785767597231 0.000165173586532 -0.00223564499459 -0.0112638998246 0.0328064213212 0.0207023212755 0.00861450324342 0.0265070927338 0.521448954439 0.0254322970713 0.00503461208361 0.00239397828621 
