60
0.0896854693356 0.0482129600444 0.0607700526619 0.0411806556966 0.101218808556 0.0952470994091 0.0194782181544 0.0146303634135 0.0826231173305 -0.00305157485537 0.0573021249509 0.0403512104362 0.0896896089949 0.0807794462486 0.00265371642944 0.0472299451056 0.0916609470377 0.0431194173031 0.0704328117516 0.0904248988876 0.0594362545722 0.0475630895173 0.0524263551757 0.0566217234647 0.0833786368315 0.100220943784 0.0795042219188 0.0913653440874 0.0413413845105 0.128291051585 0.0172523696575 0.161692830297 0.0615160923796 0.125840316239 0.176756138136 0.0571643700905 0.0674926048947 0.143828325424 0.0367129888202 0.00643120824938 0.0423549004831 0.0176756211385 0.165275344352 0.0564449965361 0.00839736130492 0.0998681056981 0.0121413644826 0.0950879331279 0.0540494724418 0.0132966740539 0.0962618702605 0.0289140833203 0.155431064381 0.0716337087719 0.28152338764 0.0916953774684 0.0336878097659 0.0114549593271 0.0201569416701 0.0914492870129 
0.231194184724 0.0323090842016 0.0139374296768 0.0178630345536 0.0363572597034 0.0129915597905 0.0169890789446 0.017459600652 -0.000312102908959 0.0128361125754 0.0137605074502 0.0256679710062 0.00403717816464 0.0105586189773 0.00362092896545 0.0133061274508 -0.00878179294838 0.00709075391664 0.0268461451599 0.0335304708298 0.0284995455096 0.0672430508345 0.0174079612542 0.0170595077133 0.0190382691438 -0.00259412354008 0.0147967092826 0.0203456648369 0.00184517741481 0.0265183825516 0.0194753714448 -0.0371077445422 0.0239739308787 0.0300697437106 0.0134289759879 0.0238906830331 0.0222083474272 0.0205166837462 0.0385996795762 0.00582157048508 0.00573032861377 0.0249910845869 -0.0021411714855 -0.00323401595083 0.0222676582208 0.00265164765337 0.0141241788771 0.013286214462 0.0316237089806 0.00438302012058 0.0224571809499 0.00163515088276 0.00528971543838 -0.00823407961136 -0.021935216226 0.0547261114706 0.0358389122372 0.0204077028597 0.00502321665505 0.0198714756736 
0.0323090842016 0.265760622855 0.0508829674732 0.00173662407059 0.0191704965728 0.0273135297236 0.0131272260299 -0.00259383417902 0.0314876162437 0.00682942827299 0.0233110950277 0.00595339747407 -0.014489048251 0.00750527039353 0.0045082835243 0.00589550637727 0.0111109581391 0.0438760274073 -0.00148951919149 0.0242079266844 0.00664196622641 -0.0137196351115 -0.00793166606415 0.0308294469653 0.00285295069955 0.0363188665625 0.000488965881401 0.0247395832714 0.0176740258254 0.0178195999958 0.0134667591256 0.00889828341826 0.00990152539254 0.0266698192699 -0.0213873791611 0.000871746846272 0.0290806628104 0.0074851408709 0.0177401972978 0.0163495787001 0.00949290372552 0.0476804652019 -0.00870983099925 0.0296110004878 0.0147172291875 0.0184296781643 -0.0175313496018 0.0139409618157 -0.0136027972103 0.0242585557718 0.0161874841896 -0.00839888139018 0.0258139434838 0.00367902727063 0.00657004820315 0.0278119277498 0.0150968004715 0.0272227357721 -0.0120635790261 0.00685465953356 
0.0139374296768 0.0508829674732 0.259779813688 -0.000522641896023 0.0166436026982 0.00488254066787 0.0150145930758 0.00457445520878 0.0297013143316 0.026675656158 0.00326106281873 0.0225313121558 0.0507641423949 0.00504934468904 0.0109889733566 0.000918818150319 0.00477881707841 0.0170610365018 0.0313046813935 0.0193496550229 0.0363126513903 -0.00628423545697 0.0578399892667 0.00806903554926 0.00332322576612 -0.0118831172662 0.0102419829515 0.0180951110527 0.0297911699692 0.0197983025195 0.00903247767454 0.0300731534121 0.00338768395896 0.00836336267822 0.00725826621869 0.0165641102872 0.00633664154591 0.0245441570897 0.028926844711 0.00360095359904 0.00380552169683 0.0120344044278 0.00176785876228 0.0160006684661 0.00370554329175 0.0279232900729 0.00234755726844 -0.000449007581918 0.0205790606519 0.036542337699 -0.00704975486915 0.0153937431783 0.0445097955783 -0.000107003627662 -0.0217203563037 0.0261145727775 0.0128432527284 0.0271744911493 0.0287256324865 0.0200386710062 
0.0178630345536 0.0017366240706 -0.000522641896024 0.179215180952 0.0197782931792 0.0330153007703 0.00621882427757 0.00775743219316 0.0207237647236 0.00982822530631 0.0432044926754 0.00595152428961 0.00418591543139 0.0160830568272 0.00977299595664 0.0127885242274 0.0218218936537 0.0145362626068 0.0103179041719 -0.000978534236689 0.0105215772441 0.028812712458 -0.000799421309425 0.0174075212593 0.0131105772321 -0.0122179661971 0.00801223209755 0.0136042302873 0.0156555010899 0.00606155838581 -0.0131569449477 -0.00614289624705 0.0270311400072 0.0488479955655 0.00840296008177 0.0224753080818 -2.07072084245e-05 0.0256351996661 0.0277261042968 0.0240721736811 -0.00793783040231 0.00433019968362 0.00722555258641 -0.00700446922214 0.0291910607194 0.0184164328194 0.0241199314955 0.0237325625037 0.00766598534977 0.0182901297811 0.0291339333997 0.0142206552347 -0.00628689925091 0.016359582637 -0.0297570865707 0.0207200722502 0.0359892687975 0.0217127036737 -0.00228657148469 0.0220274941849 
0.0363572597034 0.0191704965728 0.0166436026982 0.0197782931792 0.316832947006 0.0186405376248 0.0383505809187 0.0199694958824 0.0264734586261 0.0287647731287 0.0347837348311 0.00504836499947 0.0454931827261 0.0117689491006 -0.0109204165114 0.0497685938081 0.00381129454803 0.0191548134219 0.00814063472572 -0.015191091182 0.0387235687917 -0.00573502118743 0.00548456788699 0.0113864372421 0.0175136425841 0.0171000754498 0.0208975941336 0.0213214370321 -0.00406962326293 0.0472379693764 0.0189195894226 -0.00409848462616 0.0213070015367 0.056893546968 0.00701351932481 0.0451001790542 0.0344338751581 0.0172634475262 0.0262493971061 -0.00467066691443 -0.0151643504059 0.00937333326489 0.0181771785138 0.0180868035701 0.0107229615162 0.00668591811819 -0.0194492331887 0.0386356300843 0.00841263659735 0.019033442059 0.0367219943192 0.00328200932462 -0.00607664531009 0.0225940283291 -0.0255369628767 0.0192267778025 0.0269537397261 0.00344267405168 0.0281938462341 0.0496780665714 
0.0129915597905 0.0273135297236 0.00488254066787 0.0330153007703 0.0186405376248 0.436550980025 0.0311991253516 -0.00756688654336 0.0353515703721 -0.00501484617678 0.027397436011 0.00143916377899 0.000680076950999 0.0249852547829 0.0169212945466 0.0267463534453 -0.00735344587405 0.00915840445046 0.0314282321761 0.0187545252453 0.0151272815037 0.00504076341712 0.0119870633455 0.0240381341353 0.0673062835301 -0.0210220586389 0.0313762860259 0.0361652413721 0.0280246259067 0.029494256414 0.00996400838765 0.038595054778 0.042769058382 -0.00325724060266 0.00399467791736 0.0477164209695 0.0265064005148 0.0393905308048 -0.0109095980947 0.0215481479869 -0.000739755010387 0.0217589562178 0.0323094020504 0.00964150709064 0.014505416533 0.0294836720472 0.0215400955797 0.0200700017489 0.0185659739455 0.021066527939 0.0450312604129 0.0167970251869 0.0137401009143 0.00141112571997 -0.00779036051025 0.10686906175 0.0420747242884 0.0258143341204 0.0316544737656 0.0692339163714 
0.0169890789446 0.0131272260299 0.0150145930758 0.00621882427758 0.0383505809187 0.0311991253516 0.143131482964 0.0126016727134 0.00253239694963 -0.00184315132528 0.0120749834628 0.00474676574938 0.0206550560376 -0.00636640083368 0.01657592759 0.0296622508809 0.00465237726503 0.0146109494289 0.00108908149485 0.00731304508642 0.00849088840809 -0.00586503654932 -0.00301327885535 0.0236234041439 0.0181019245526 0.00184610977174 0.00512720208982 0.0177247956647 0.0228837159636 0.00990264311568 0.0327734034279 0.0382021600356 0.0264382405476 -0.0151250351852 0.0290681146802 0.0303289329343 0.0266665938254 0.0361568010147 0.0193295342446 0.0280198748975 0.0185362519335 0.0260645477105 0.0168597694488 0.00954847766354 0.0265276217271 0.0275712096485 0.0130353693425 0.0427298379009 0.0203726456782 0.00799535537222 0.00982389223655 0.00626509989712 0.011545336617 0.0199706910714 0.0123922391493 0.0404743983656 0.0300642171574 0.0304405095998 0.03358247776 0.0392532836247 
0.017459600652 -0.00259383417902 0.00457445520878 0.00775743219316 0.0199694958825 -0.00756688654336 0.0126016727134 0.141875978853 0.0130109404554 -0.00504179386137 -0.00371621699023 0.0173422901178 -0.0176029975678 0.00589361284002 -0.00727150560154 0.0208801150903 -0.00169650057075 0.000875889245538 0.0105166739668 -0.00346897249664 -0.000357847301664 -0.00579165829618 0.00458549399883 0.00339899676143 0.0097812854193 0.0299208782465 2.56003742369e-05 0.0216492870409 0.00384066045264 0.0161269860771 -0.000788792938453 0.00188209886263 0.0168364784685 0.0237888720443 -0.00572445929238 0.0242744432207 -0.00478101256054 0.0252234644277 0.0435366176749 0.0138067838556 0.0094823936052 0.0145992919786 0.00133139460481 0.0164364354902 0.023608768857 0.0014185414986 0.0146018756475 0.0276216306191 0.0178424938052 -0.00805003985184 0.00540079845047 0.0160364169969 0.0184741985239 -0.00137869542377 -0.0114584074841 -0.00278490556238 0.00964046050518 0.0104813040156 0.00667066972012 0.0295976719212 
-0.000312102908956 0.0314876162437 0.0297013143316 0.0207237647236 0.0264734586261 0.0353515703721 0.00253239694963 0.0130109404554 0.177368732269 0.00934194385084 0.0174123321911 0.0127292624681 -0.000957781332504 0.00180264163994 0.000156819800423 0.0348858193127 0.0154096819359 0.0129172518838 -0.0120550301561 0.000639300779726 0.0145405639167 0.000671302534509 -0.014028443242 0.0166669874377 0.00525012312375 -0.0115284705093 0.0182767885377 0.0381340257055 0.0528584508333 0.0230490434746 0.000656502259628 -0.0172357773413 0.00815431783531 0.0151961397368 0.00732909731113 0.00270300710544 -0.0028354324183 -0.00900204171104 0.0306857532996 0.0214111751048 0.00903581389333 0.00625879030799 0.00172460082498 0.0324702603091 0.0204475310828 0.00700688930412 0.0145717382993 0.0127259800302 0.0104405983182 0.0203850421122 -0.00529452597179 0.00300620657612 0.0327462527108 0.0144467368879 -0.0146335998041 0.0374263522906 0.0181554075353 0.0096273626678 0.010025373616 0.0340111567953 
0.0128361125754 0.00682942827299 0.026675656158 0.0098282253063 0.0287647731287 -0.00501484617678 -0.00184315132528 -0.00504179386137 0.00934194385085 0.185856040275 0.0366674282001 0.00201744855256 0.0478042023998 0.0159426937585 0.0017364639714 -0.00222142855288 0.000566909923936 0.0127819225512 0.00102590368261 -0.0117690952193 0.0135121538527 0.0201180397464 0.019674350463 0.0215011516349 0.030983355446 0.0167783681894 0.0336999623039 0.0395821618684 0.0119318458545 0.0190968718909 0.0117680245035 0.0206135409829 0.00162701171283 0.043301376661 0.0106713833812 0.0138863150225 0.0425937479639 0.0698723620508 0.0234538955454 0.0110551628608 0.0130679785635 0.00347829167814 -0.00510816465559 0.0145828595763 0.0227057513852 0.0113783905101 0.0160706852124 0.00724249539187 0.034546058427 0.000496627364384 0.00858003124769 0.0205907068285 0.00292762193546 0.00771255154987 -0.00380930456092 0.0229166925706 0.0141314965293 0.00913958502735 0.00210153087954 0.0320845834762 
0.0137605074502 0.0233110950277 0.00326106281873 0.0432044926754 0.0347837348311 0.027397436011 0.0120749834628 -0.00371621699023 0.0174123321911 0.0366674282001 0.298605884357 0.0227356664184 0.0446446827625 0.00935237186041 0.0202268576683 0.0166334787238 -0.00178939341975 0.0247448032453 -0.00326803502122 0.00900147943631 -0.00891521254892 0.0125835968299 -0.00140695212738 0.0205607566552 0.00248653712871 0.0314471673075 0.00942552579614 0.0171952931812 0.0213456778686 0.0205612937697 -0.000993522082701 0.00563232454042 0.0294402888367 0.0521639149369 0.0196130026823 0.00780390450793 0.00770489723028 0.0558783204425 0.0010239329953 0.0358381487111 -0.000557911366038 -0.00805333587163 -0.0149660464748 0.00855351583479 0.023940889992 -0.00105278895876 -0.00463833413086 0.0327516207684 0.0180071633998 -0.00550465105732 -0.000669291397646 -0.00326653066222 0.003762849629 0.0176643622257 -0.00551644999506 0.0492160139453 0.0252216136186 0.0121044968413 0.0297324737512 0.0709239713723 
0.0256679710062 0.00595339747406 0.0225313121558 0.0059515242896 0.00504836499947 0.00143916377899 0.00474676574939 0.0173422901178 0.0127292624681 0.00201744855256 0.0227356664184 0.152213369595 0.0145620873843 -0.0120651510455 -0.0016083957394 -0.0129884590846 0.00843901743494 0.0194927154904 0.0119968658149 0.0181115251708 0.0137187940182 0.00233809027972 0.0144977516274 0.00688711607475 -0.00528987101411 0.0179535829667 0.00832541447849 0.0235471249095 0.0254487889063 0.00513873366884 0.0140333689355 0.0296752243054 0.019625779288 0.0464247144085 -0.0404167995846 0.0193856443255 0.0211414740453 0.00311856210854 0.0147154794784 0.00602736307495 -0.000777807428803 0.0172080919727 0.0371904292499 0.0181055330616 0.0288691244682 0.0210988687345 0.0165562837571 0.0189690398852 0.0280205073929 0.010308309248 0.023243762091 0.00618140797257 0.0269210537828 -0.00792875585332 0.025058082432 0.0148472663336 0.0222188969374 -0.00304552204163 0.0291512420596 0.0448406063141 
0.00403717816464 -0.014489048251 0.0507641423949 0.00418591543139 0.0454931827261 0.000680076951 0.0206550560376 -0.0176029975678 -0.000957781332507 0.0478042023998 0.0446446827625 0.0145620873843 0.420341172874 0.0138032820316 -0.0210355720739 -0.00287859027987 0.00797302824857 0.000931591059115 0.0209408866911 0.0148276095652 0.00227805862803 0.0350327967488 0.0443115152495 0.0101457210045 0.026157941675 0.0185993840771 -0.00302180772277 0.0219309202814 0.00207371200802 -0.00196232851267 0.00272800124669 0.0159759600659 0.0225647023591 0.0195378460185 0.0360325120763 0.00498931678191 0.0703903077104 0.0646870132981 0.0197192255485 0.00338737148747 0.00497450669142 0.0216885600295 0.00297119445567 -0.00226271628859 0.0111314433282 0.0202786116076 0.00721007229061 0.0152728959424 -0.00548058270828 0.0186239562633 0.0160812258863 -0.00392530043815 0.00260858527709 -0.00304866312041 -0.0290439550386 0.0261495852594 0.0429499565857 0.0292885687091 0.00171864461005 0.0058838555756 
0.0105586189773 0.00750527039353 0.00504934468904 0.0160830568272 0.0117689491006 0.0249852547829 -0.00636640083368 0.00589361284002 0.00180264163994 0.0159426937585 0.00935237186041 -0.0120651510455 0.0138032820316 0.483949919868 0.0600932841402 0.00713288492003 0.0236231633682 0.0102154709579 0.0164977963574 0.021516826854 0.0213938582654 0.00264538477149 0.00357119960752 -0.00792444481702 0.0272414644888 0.0118659087521 -0.00171406732704 0.00210448677599 0.000421018368715 0.00196021150807 -0.0101918895121 0.00684425283048 0.00991031160727 -0.0122814584506 0.00976344004068 0.0314172919951 0.0131239913403 0.0214815198836 0.0017910769859 -0.0065210091872 0.0573372407554 0.00141329919834 -0.0337335094622 0.017390015892 0.00049449268435 0.0099464831169 0.0114533921745 0.0113907908042 0.0247047477153 0.00680185429048 0.0477033075001 0.0539494118427 0.068577197739 -0.00385469214464 0.00782076213716 0.0169273179661 0.0101671103657 0.0120095170836 -0.00408177009421 -0.00222961285954 
0.00362092896545 0.0045082835243 0.0109889733566 0.00977299595664 -0.0109204165114 0.0169212945466 0.01657592759 -0.00727150560154 0.000156819800422 0.0017364639714 0.0202268576683 -0.0016083957394 -0.0210355720739 0.0600932841402 0.221552058677 -0.00996540216383 0.0119902984682 0.0320879097623 -0.00466676997243 -0.00847267520823 0.0210270872273 0.00969392465671 0.00877903549435 0.0177390087012 0.0109483200344 -0.00807114978589 -0.00750101364817 0.00758949131222 0.0282741633831 -0.00468503319703 -0.0107433551545 0.0152757997904 0.0158304079456 0.00439577416927 -0.00425545288069 0.0220336193843 0.0139567858266 0.0053871159968 -0.00430616371863 0.0222749806999 0.00943428212569 0.0230597933455 0.0152024437853 -0.0126139864437 0.0109756439374 0.000111297160577 -0.0140919930762 0.0217172247682 0.0192629757344 0.0141090085903 0.0220114184248 0.00625722729063 -0.00941773993368 0.00893772485008 0.0279224640998 -0.00270941716534 -0.0109844911851 0.0250007408977 -0.00165407315318 0.00730274886902 
0.0133061274508 0.00589550637727 0.00091881815032 0.0127885242274 0.0497685938081 0.0267463534453 0.0296622508809 0.0208801150903 0.0348858193127 -0.00222142855288 0.0166334787238 -0.0129884590846 -0.00287859027987 0.00713288492003 -0.00996540216383 0.259865848152 0.0110994151119 0.0261335709712 0.015597460108 0.0201085867261 0.0522213980817 0.00591856003375 -0.00956332610057 0.0274362064022 0.0178016065542 0.0216471371271 0.0265186279852 0.0330150943712 0.0259969663759 0.00757610935665 -0.0019058178434 0.0339488471952 0.00577260486966 0.0298909725188 0.0118867578505 0.0201455681846 0.0176214218741 0.0191148417606 0.0327016478846 0.00925636682339 0.00575903998836 -0.00284448517385 -0.00392892374904 0.0153621087055 0.0155221968388 0.00227920059525 0.0251420906997 0.0299567001155 0.0155580329868 0.00800493886973 0.0324151717877 0.00377311563827 0.0375492384242 -0.00118549846751 0.0521833857229 0.0282882294509 0.0503387413754 0.00147419486433 0.0416725400181 0.0197727357309 
-0.00878179294838 0.0111109581391 0.00477881707841 0.0218218936537 0.00381129454803 -0.00735344587405 0.00465237726503 -0.00169650057075 0.0154096819359 0.000566909923937 -0.00178939341975 0.00843901743494 0.00797302824857 0.0236231633682 0.0119902984682 0.0110994151119 0.431830130162 0.0173214066737 0.0176931427117 0.0207980827747 0.011829183921 -0.0139481076785 0.0243589465166 -0.00815372837269 0.0300389769524 0.00302526872403 -0.00125282323262 -0.00493238070482 0.00713152040062 -0.015140335377 0.00228256959203 0.0060938883201 0.000764477430834 0.0428444533327 -0.00776508989336 -0.00280617042003 -0.000244250996792 0.0121052774197 0.0127117896803 0.00373051764299 0.0305289372427 0.0236141864284 -0.0214503469495 -0.0180681589776 0.0106318926768 0.0144938192753 -0.0118617886844 0.0258856499484 0.0104504894775 -0.00212764942603 0.047994093722 0.000423493609947 -0.00597576906232 0.00242520577716 0.00295641902541 0.0220067836634 0.0044330400448 0.00530289174836 0.00184994611509 0.0226166772923 
0.00709075391664 0.0438760274074 0.0170610365018 0.0145362626068 0.0191548134219 0.00915840445046 0.0146109494289 0.000875889245545 0.0129172518838 0.0127819225512 0.0247448032453 0.0194927154904 0.00093159105912 0.0102154709579 0.0320879097623 0.0261335709712 0.0173214066737 0.16328466019 0.0111257390849 0.0168887799014 0.0102455251331 0.016518368999 0.00879917647205 0.0177382487259 0.0206185286374 0.0184525340752 0.00424073832266 0.023431108949 0.0405055586686 0.0066679307836 -0.0109823984459 0.021789161826 -0.000157467437455 0.017502575891 -2.04994600043e-05 0.0267820340674 -0.0120362724572 -0.0233698465952 0.0124627897 0.0219054482129 -0.00261370906122 0.0192703840674 0.0143747834451 -0.00967719092258 0.0156872004942 0.0158229176412 0.000778450713638 0.00212115837313 -0.00413489537698 0.0201657518359 0.0177868877161 0.00937427534989 0.0178833491268 0.00356561596424 -0.0166417655051 -0.00103000568782 0.0188949101618 0.0116884721013 0.0116270462575 0.0213832869377 
0.0268461451599 -0.0014895191915 0.0313046813935 0.0103179041719 0.00814063472572 0.0314282321761 0.00108908149485 0.0105166739668 -0.0120550301561 0.00102590368261 -0.00326803502122 0.0119968658149 0.0209408866911 0.0164977963574 -0.00466676997243 0.015597460108 0.0176931427117 0.0111257390849 0.235562885824 -0.0172584323228 0.000185268746737 0.00147401631197 0.0272926830023 -0.0017490851404 0.0304367669252 0.00942219743144 0.0092707443225 -0.00265637134869 0.0255122162588 0.0103009621806 0.0022613391479 0.0187142287441 0.0237869145966 0.0239741453845 0.0231938277726 0.0137429847 0.0156447287112 -0.00224890448922 0.0145134854657 0.00628415630816 0.0171454890529 0.0139368553729 0.112218028511 0.00103334645754 0.0190447780025 0.0417484071298 -0.0112806014052 0.00689001840026 0.0115519807268 0.0276908729883 0.00349526849854 -0.00421240996412 0.0187571545027 -0.00814475804745 0.111299658729 0.0189937345949 0.00291438044589 -0.0180586616326 0.0210769864757 0.00231525606817 
0.0335304708298 0.0242079266844 0.0193496550229 -0.000978534236688 -0.015191091182 0.0187545252453 0.00731304508642 -0.00346897249664 0.00063930077973 -0.0117690952193 0.00900147943631 0.0181115251708 0.0148276095652 0.021516826854 -0.00847267520823 0.0201085867261 0.0207980827747 0.0168887799014 -0.0172584323228 0.378184436233 0.0501657667172 0.0336966166473 -0.00792444213662 0.0333913984996 -6.3249734083e-05 0.0505703808265 0.0166328575791 0.00924285649961 0.0148525086854 -0.0162779670458 0.00316931426003 0.00893845885715 0.00147079728029 0.00724274172163 0.017675429056 -0.00178548149619 0.0219873861837 -0.0218740171349 0.0137301301401 0.00315775224097 -0.0147475432369 0.0153068247877 -0.0104937034975 0.0732463294157 -0.00232963770111 -0.0122540746928 0.00812481681516 0.00981285537173 0.0278627769184 -0.00282362760767 0.0520816659544 0.0356611690262 -0.00888030136175 0.0125466020868 -0.0248117851281 0.0204497327697 -0.00379945233013 -0.0100866234634 0.0298941632395 0.0556790061184 
0.0284995455096 0.00664196622641 0.0363126513903 0.0105215772441 0.0387235687917 0.0151272815037 0.00849088840809 -0.000357847301665 0.0145405639167 0.0135121538527 -0.00891521254892 0.0137187940182 0.00227805862803 0.0213938582654 0.0210270872273 0.0522213980817 0.011829183921 0.0102455251331 0.000185268746737 0.0501657667172 0.263503940913 -0.0142194055246 0.0126922940651 0.0264504108425 0.00352246656087 0.0346793130394 0.00740493682199 0.0104756665667 0.0101607676551 0.0260898973203 0.0157516368588 0.0423199241059 0.0155100413592 0.0281285309256 -0.0107245115097 0.0182049974532 0.0102941510818 -0.00515906080901 0.0318402112794 0.00643875469182 0.00993412563076 0.00827938666116 -0.0109431856904 0.0380270885347 0.00752201957517 0.0205508098538 0.0180012947675 0.010529758822 0.0245375837203 0.0651505693204 0.0220538909668 0.031074327076 -0.0014328784468 0.00198611343746 -0.0263751025477 0.0226790669094 0.0187169788203 0.0204440993331 0.0250026727412 0.0304916396377 
0.0672430508345 -0.0137196351115 -0.00628423545697 0.028812712458 -0.00573502118743 0.00504076341712 -0.00586503654932 -0.00579165829619 0.00067130253451 0.0201180397464 0.0125835968299 0.00233809027972 0.0350327967488 0.00264538477149 0.00969392465671 0.00591856003375 -0.0139481076785 0.016518368999 0.00147401631197 0.0336966166473 -0.0142194055246 0.297784333717 0.00798280455116 -0.000564302192201 0.00613399863094 -0.0068081939038 -0.0116769174763 0.0260352716852 -0.0209680474928 0.0195412179342 -0.00677635217081 -0.0111904293214 0.011881042215 -0.00237424166924 0.00846671779758 0.00941863530663 0.0207708015829 0.00588089148761 -0.0018782623204 0.00790662603682 0.00264457829481 0.00272524160263 -0.0137486570104 0.00364955386466 0.00351301036 0.000302661518569 0.00529765462432 0.00849389779213 -0.00784620963894 0.0238442639783 -0.0122173929076 -0.00348136466545 0.00786196164968 0.00680988925837 -0.0206369672637 0.0393407185112 0.00998579204816 0.00518613742148 -0.00594358090217 0.0328260237852 
0.0174079612542 -0.00793166606415 0.0578399892667 -0.000799421309422 0.00548456788698 0.0119870633455 -0.00301327885535 0.00458549399884 -0.014028443242 0.019674350463 -0.00140695212738 0.0144977516274 0.0443115152495 0.00357119960752 0.00877903549435 -0.00956332610057 0.0243589465166 0.00879917647205 0.0272926830023 -0.00792444213663 0.0126922940651 0.00798280455116 0.281779062813 0.0156435043749 0.00670543930396 -0.00275777629662 0.0124693035786 0.0138835729121 0.0177443687341 0.0164382537985 -0.00771045194315 0.00386453858709 0.0195773623049 0.0078463382564 0.00286236017109 0.0176354193471 0.000814118887118 -0.00970788666919 0.0123097435308 0.0360800622862 0.027060105707 0.0102157076624 -0.00270451350435 -0.0192807393876 0.0127702396459 0.10872688755 0.000911407048096 0.0215748163673 0.00420308340867 0.0277590025497 0.0219799480324 0.0174852308389 0.00603658856825 0.0156702361964 -0.00504637388078 0.00164323379447 0.0114588615811 -0.00106777769886 -0.00913413338229 0.0122171813483 
0.0170595077133 0.0308294469653 0.00806903554926 0.0174075212593 0.0113864372421 0.0240381341353 0.0236234041439 0.00339899676143 0.0166669874377 0.0215011516349 0.0205607566552 0.00688711607475 0.0101457210045 -0.00792444481702 0.0177390087012 0.0274362064022 -0.00815372837269 0.0177382487259 -0.0017490851404 0.0333913984996 0.0264504108425 -0.000564302192201 0.0156435043749 0.166552138937 0.0262990058206 0.0471216656626 0.0142780763665 0.023855777144 0.0281378383944 -0.0134594124159 0.00887133755248 0.0559498804169 0.0277060673139 0.0302851713827 0.0195669595361 0.0192999840705 0.015875421935 -0.00947555591734 0.0111505997192 0.0242713210412 0.00872976894086 0.0160491155882 -0.00622259114978 0.0319981594646 0.0312609988643 0.0376883310827 0.0132849346731 0.0322698106277 0.021699137228 -0.0100300245528 0.0192039041686 0.0240680937381 0.0280745534985 0.0101178921618 -0.00324190701679 0.0380236949506 0.0256982238871 0.0147030322964 0.0135141008655 0.0470280317409 
0.0190382691438 0.00285295069955 0.00332322576612 0.0131105772321 0.0175136425841 0.0673062835301 0.0181019245526 0.00978128541929 0.00525012312375 0.030983355446 0.00248653712871 -0.00528987101411 0.026157941675 0.0272414644888 0.0109483200344 0.0178016065542 0.0300389769524 0.0206185286374 0.0304367669252 -6.32497340825e-05 0.00352246656087 0.00613399863093 0.00670543930396 0.0262990058206 0.352924435329 -0.000113399557189 0.000993901375943 0.0456350040986 0.0175292412845 -0.00021678053383 -0.00183050344672 0.00347878421826 0.0198540741649 0.0377191336966 0.0596116253807 0.0149067503154 0.01979492126 0.0180545135048 0.0379523757104 0.0210513735165 -0.00824929481379 0.0146445877455 -0.00137059258333 0.0114106107417 -0.003794498493 0.0281025588368 -0.0105501357641 0.00377238984907 -0.00143403790693 -0.00530503224577 0.0313446583033 0.0197185009075 0.0906554069084 0.0116676953067 -0.0184042893323 0.0400710292512 0.0341799760119 0.00840919718003 0.0123490468718 0.028532716801 
-0.00259412354008 0.0363188665625 -0.0118831172662 -0.0122179661971 0.0171000754498 -0.0210220586389 0.00184610977174 0.0299208782465 -0.0115284705093 0.0167783681894 0.0314471673075 0.0179535829667 0.0185993840771 0.0118659087521 -0.00807114978589 0.0216471371271 0.00302526872403 0.0184525340752 0.00942219743144 0.0505703808265 0.0346793130394 -0.0068081939038 -0.00275777629662 0.0471216656626 -0.000113399557189 1.10942844644 -0.0398371226528 0.0107533397007 0.0151870535458 0.0302877288732 0.035843806954 0.0488708933213 -0.0138013228823 0.0122421655502 -0.0224998311525 -0.010894893083 -0.010581050827 0.0213261117603 0.0259345164763 0.011210673162 0.0147128042177 -0.00239364200894 0.0181451869103 -0.0155168193855 0.00492045346812 0.0260309250385 0.00553352338246 0.017832052638 0.0227727966296 0.0151610306583 -0.0148577194164 0.0425728364448 0.00432886876044 0.00926284682216 0.0132466886629 0.0545890583209 0.0136266308785 0.00697264351819 -0.0174454287213 0.0382279862603 
0.0147967092826 0.000488965881401 0.0102419829515 0.00801223209755 0.0208975941336 0.0313762860259 0.00512720208982 2.56003742367e-05 0.0182767885376 0.0336999623039 0.00942552579614 0.00832541447849 -0.00302180772277 -0.00171406732705 -0.00750101364817 0.0265186279852 -0.00125282323262 0.00424073832266 0.0092707443225 0.0166328575791 0.00740493682199 -0.0116769174763 0.0124693035786 0.0142780763665 0.000993901375942 -0.0398371226528 0.247447093746 0.026518335868 0.0130060008806 0.000131967927582 0.00955919147907 0.0694431528272 0.00743567140479 0.0452712029507 0.0204136153365 0.00786906143011 0.00745006534343 0.0385099532366 0.000608057367976 0.00801536470715 0.011627570331 0.0021937216759 -0.022938618168 0.0158383513729 0.0338676217845 0.0181953760402 0.00770532206733 0.022949586686 0.0293400488995 0.00262592829899 0.030017664417 0.00780453105574 0.0231193493177 -0.00780063053116 -0.0496652755588 0.0261345983471 0.00634121748623 0.00807636516714 0.0104262508507 0.0415163779272 
0.0203456648369 0.0247395832714 0.0180951110527 0.0136042302873 0.0213214370321 0.0361652413721 0.0177247956647 0.0216492870409 0.0381340257055 0.0395821618684 0.0171952931812 0.0235471249095 0.0219309202814 0.00210448677599 0.00758949131222 0.0330150943712 -0.00493238070482 0.023431108949 -0.00265637134869 0.00924285649961 0.0104756665667 0.0260352716852 0.0138835729121 0.023855777144 0.0456350040986 0.0107533397007 0.026518335868 0.341914450733 0.0144369497998 0.00897793937444 0.0180945124726 0.00644019465078 0.0134748196939 0.0378199148248 0.0186744351965 0.0375901246944 0.00637334978466 0.0298813609138 0.0552978538507 0.00678483149184 0.00743524070884 -0.00256049529762 0.00305045831861 0.0244238077336 0.0157277328543 0.000758692704633 0.0163404693612 0.0112255557428 -0.00392561171059 0.00594050020195 0.00917715339198 0.00255254485137 0.102696716006 0.0145726800649 0.0195933463826 0.0579800757265 0.0488595046613 0.0107600603124 -0.00824953379823 0.0924079356895 
0.00184517741481 0.0176740258254 0.0297911699692 0.0156555010899 -0.00406962326293 0.0280246259067 0.0228837159636 0.00384066045263 0.0528584508334 0.0119318458545 0.0213456778686 0.0254487889063 0.00207371200802 0.000421018368716 0.0282741633831 0.0259969663759 0.00713152040062 0.0405055586686 0.0255122162588 0.0148525086854 0.0101607676551 -0.0209680474928 0.0177443687341 0.0281378383944 0.0175292412845 0.0151870535458 0.0130060008806 0.0144369497998 0.225963544899 0.0266457714081 0.00671976099034 -0.00212056656072 0.0140263495121 0.0396005871386 0.0223572737956 0.0185210806019 0.0223404687281 0.00432592646159 0.0167459691884 0.00238676706986 0.0104049464338 0.0340700734046 -0.0173344370743 0.0138883611872 0.0136140283253 0.0108898322716 0.0115952670176 0.0133041710875 0.0145913857017 -0.0121788904711 -0.0162095035166 -0.0143566191325 -0.00104306996183 0.0138772336008 0.00622771178035 0.0226497885119 0.0127162099008 0.00516322503519 0.0206894220958 0.0143119372261 
0.0265183825516 0.0178195999958 0.0197983025195 0.00606155838581 0.0472379693764 0.029494256414 0.00990264311568 0.0161269860771 0.0230490434746 0.0190968718909 0.0205612937697 0.00513873366883 -0.00196232851267 0.00196021150807 -0.00468503319703 0.00757610935665 -0.015140335377 0.0066679307836 0.0103009621806 -0.0162779670458 0.0260898973203 0.0195412179342 0.0164382537985 -0.0134594124159 -0.00021678053383 0.0302877288732 0.000131967927582 0.00897793937444 0.0266457714081 0.496464973703 0.017423349926 0.020203354457 0.0158494397444 0.020078310405 -0.00728309797716 0.01749418189 -0.00670992985773 0.00703000104383 0.0242746659729 0.0218077366609 -0.0136627526036 0.0162362804953 0.0177400445577 0.00632815369925 0.0145886956167 -0.00276446776602 0.0061203351054 0.000593333408188 -0.00584087045122 0.0331876795265 0.00595407885702 0.0144678174189 0.00191258807182 -0.00895047298761 -0.000115194307598 0.043250558435 0.0174911607698 0.0120684249668 0.0138408310123 0.0287099524886 
0.0194753714448 0.0134667591256 0.00903247767454 -0.0131569449477 0.0189195894226 0.00996400838765 0.0327734034279 -0.000788792938449 0.000656502259625 0.0117680245035 -0.000993522082703 0.0140333689355 0.00272800124669 -0.0101918895121 -0.0107433551545 -0.0019058178434 0.00228256959203 -0.0109823984459 0.0022613391479 0.00316931426003 0.0157516368588 -0.00677635217081 -0.00771045194315 0.00887133755248 -0.00183050344672 0.035843806954 0.00955919147907 0.0180945124726 0.00671976099034 0.017423349926 0.191415397629 -0.00202295849922 0.00698268601801 0.00198377521608 0.0178756379882 0.00542237848646 -0.0138802430743 -0.00654829002489 0.0038921704479 0.0012575290291 0.012132594104 0.0216151071152 -0.0013712156613 0.00762941477314 0.00704905748449 0.00466686906992 0.0175432538594 0.00727637003583 0.0234597142664 0.016238576226 -0.00836620638778 0.00289455405698 -0.000286765962923 -0.000680521814969 -0.0123468136896 0.0207383597074 0.024000017824 0.00947451076671 0.00867749378224 0.0268360248025 
-0.0371077445422 0.00889828341826 0.0300731534121 -0.00614289624705 -0.00409848462617 0.038595054778 0.0382021600356 0.00188209886263 -0.0172357773413 0.0206135409829 0.00563232454042 0.0296752243054 0.0159759600659 0.00684425283048 0.0152757997904 0.0339488471952 0.0060938883201 0.021789161826 0.0187142287441 0.00893845885715 0.0423199241059 -0.0111904293214 0.00386453858709 0.0559498804169 0.00347878421826 0.0488708933213 0.0694431528272 0.00644019465078 -0.00212056656072 0.020203354457 -0.00202295849922 0.885342608542 0.0225598768628 0.040394826585 0.0442436449731 0.00680399195046 0.00476018257725 -0.0324984045118 0.0117564262692 0.030492579514 0.0132564165172 0.00215573535218 -0.0300159751809 0.0300947409549 0.000811250697763 -0.00166689867549 0.009384091254 0.0249752509183 0.042199226514 -0.00433734011729 0.0174090416705 0.0249515362534 -0.0271579617027 0.00459595445881 -0.0289452950152 -0.00069892376642 0.0212372851117 0.00386421383009 0.00935830198399 0.00996396206335 
0.0239739308787 0.00990152539254 0.00338768395896 0.0270311400072 0.0213070015367 0.042769058382 0.0264382405476 0.0168364784685 0.00815431783531 0.00162701171283 0.0294402888367 0.019625779288 0.0225647023591 0.00991031160727 0.0158304079456 0.00577260486966 0.000764477430835 -0.000157467437452 0.0237869145966 0.00147079728029 0.0155100413592 0.011881042215 0.0195773623049 0.0277060673139 0.0198540741649 -0.0138013228823 0.00743567140479 0.0134748196939 0.0140263495121 0.0158494397444 0.00698268601801 0.0225598768628 0.166660049388 0.00854769048509 0.0119648974414 0.0319324087639 0.00814717933643 0.0177522427096 0.0228245386174 0.0240331483583 0.00416220064178 0.0104829743661 4.9635092306e-05 0.00359632442458 0.0123872212865 0.0139378498304 0.00197495827256 0.0539868259621 0.019225498078 0.00959850561126 0.0189483159832 0.00130964412431 0.00724080880549 0.0326417842069 -0.00554936661525 0.0391282637717 0.0470161162066 0.0259434615312 0.0271302973552 0.0342104984564 
0.0300697437106 0.0266698192699 0.00836336267822 0.0488479955655 0.056893546968 -0.00325724060266 -0.0151250351852 0.0237888720443 0.0151961397368 0.043301376661 0.0521639149369 0.0464247144085 0.0195378460185 -0.0122814584506 0.00439577416927 0.0298909725188 0.0428444533327 0.017502575891 0.0239741453845 0.00724274172163 0.0281285309256 -0.00237424166924 0.0078463382564 0.0302851713827 0.0377191336966 0.0122421655502 0.0452712029507 0.0378199148248 0.0396005871386 0.020078310405 0.00198377521608 0.040394826585 0.00854769048509 0.36679308862 0.0540973316866 0.0117631165688 0.00916007957533 -0.0148051736613 0.0201130230801 0.0109444032533 -0.0147723348272 0.0241946766096 0.00449812445558 0.032551689071 0.034382712827 0.0322094557151 0.0204683822779 0.0215173167282 -0.00275207029923 0.0014785186641 -0.00612493925798 0.0139317310387 0.00308969941942 0.0031596783456 -0.0255097483927 0.0431702971932 0.0609504684026 0.00969796544468 0.0193066760787 0.0866660942165 
0.0134289759879 -0.0213873791611 0.00725826621869 0.00840296008177 0.00701351932481 0.00399467791736 0.0290681146802 -0.00572445929238 0.00732909731113 0.0106713833812 0.0196130026823 -0.0404167995846 0.0360325120763 0.00976344004068 -0.00425545288069 0.0118867578505 -0.00776508989336 -2.04994600052e-05 0.0231938277726 0.017675429056 -0.0107245115097 0.00846671779758 0.00286236017109 0.0195669595361 0.0596116253807 -0.0224998311525 0.0204136153365 0.0186744351965 0.0223572737956 -0.00728309797716 0.0178756379882 0.0442436449731 0.0119648974414 0.0540973316866 1.48374170134 0.0256233333203 -0.00866430843877 0.0137995050478 0.0692970839817 -0.00421401471942 0.0204196934602 -0.00606244262017 -0.0159782975169 0.0148720532407 0.0243018835259 0.0812578690731 0.00821171306571 0.017293551522 -0.0172742895539 -0.0209878076988 -0.000368557862345 0.0104320926621 -0.0109547743138 0.0100433020166 -0.0168260043089 -0.0102485286352 0.0307648314309 0.0321601804807 -0.0178715081641 0.0284233341941 
0.0238906830331 0.000871746846272 0.0165641102872 0.0224753080818 0.0451001790542 0.0477164209695 0.0303289329343 0.0242744432207 0.00270300710544 0.0138863150226 0.00780390450793 0.0193856443255 0.00498931678191 0.0314172919951 0.0220336193843 0.0201455681846 -0.00280617042003 0.0267820340674 0.0137429847 -0.00178548149619 0.0182049974532 0.00941863530663 0.0176354193471 0.0192999840705 0.0149067503154 -0.010894893083 0.00786906143011 0.0375901246944 0.0185210806019 0.01749418189 0.00542237848646 0.00680399195046 0.0319324087639 0.0117631165688 0.0256233333203 0.184076415606 0.0213938671226 0.0161209420371 0.0269616245428 0.0193784066487 0.0196657251917 0.0257827726993 0.0211370683206 0.0259379121768 0.0129324878128 0.0132479668078 0.00180904882779 0.0376880609354 -0.00108003417182 0.00319203140085 0.0312188120232 0.0305598870759 0.00704608550838 0.00527886789908 0.0208862292066 0.0209711715548 0.0374120300648 0.0178370774563 0.00217778159978 0.0203698097234 
0.0222083474272 0.0290806628104 0.00633664154591 -2.07072084215e-05 0.0344338751581 0.0265064005148 0.0266665938254 -0.00478101256054 -0.0028354324183 0.0425937479639 0.00770489723028 0.0211414740453 0.0703903077104 0.0131239913403 0.0139567858266 0.0176214218741 -0.000244250996792 -0.0120362724572 0.0156447287111 0.0219873861837 0.0102941510818 0.0207708015829 0.000814118887118 0.015875421935 0.01979492126 -0.010581050827 0.00745006534343 0.00637334978466 0.0223404687281 -0.00670992985773 -0.0138802430743 0.00476018257725 0.00814717933643 0.00916007957533 -0.00866430843877 0.0213938671226 0.337565647261 -0.012534981916 0.00924983334041 0.0101451806543 0.00825938760238 0.0195464559976 -0.0178881109344 0.0288879193752 0.0268298418342 -0.0175055167628 0.010876982007 0.0100363398847 0.0248476647115 0.000974447880729 0.0142966497705 0.00178931633252 0.00388202478005 0.00875020064442 -0.0155140470409 0.0276484032697 0.0164276746914 0.0168058458502 0.0179869562848 0.0196254819851 
0.0205166837462 0.0074851408709 0.0245441570897 0.0256351996661 0.0172634475262 0.0393905308048 0.0361568010147 0.0252234644277 -0.00900204171104 0.0698723620508 0.0558783204425 0.00311856210853 0.0646870132981 0.0214815198836 0.0053871159968 0.0191148417606 0.0121052774197 -0.0233698465952 -0.00224890448922 -0.0218740171349 -0.00515906080901 0.00588089148761 -0.00970788666919 -0.00947555591734 0.0180545135048 0.0213261117603 0.0385099532366 0.0298813609138 0.00432592646159 0.00703000104383 -0.00654829002489 -0.0324984045118 0.0177522427096 -0.0148051736613 0.0137995050478 0.0161209420371 -0.012534981916 0.583769273548 0.0186402517753 0.014331705944 0.0172077019732 0.00240901160015 -0.0185747065946 -0.00132108025362 -0.00590548678874 0.0255482643564 0.012066604175 0.0268292765859 -0.00735722498366 0.00698983181458 0.0174343534394 -0.0199081374626 -0.00935838365519 0.0123315024611 -0.0222291198901 0.0181818527112 0.0422235233902 0.00230819648581 0.0210198915168 0.0145424819614 
0.0385996795762 0.0177401972978 0.028926844711 0.0277261042968 0.0262493971061 -0.0109095980947 0.0193295342446 0.0435366176749 0.0306857532996 0.0234538955454 0.0010239329953 0.0147154794784 0.0197192255485 0.0017910769859 -0.00430616371863 0.0327016478846 0.0127117896803 0.0124627897 0.0145134854657 0.0137301301401 0.0318402112794 -0.0018782623204 0.0123097435308 0.0111505997192 0.0379523757104 0.0259345164763 0.000608057367975 0.0552978538507 0.0167459691884 0.0242746659729 0.0038921704479 0.0117564262692 0.0228245386174 0.0201130230801 0.0692970839817 0.0269616245428 0.00924983334041 0.0186402517753 0.265671134017 0.0257773521487 0.0193599606614 0.0312438101978 -0.007778258581 0.00950770803611 0.0361836972228 0.0123574759636 0.0183205483899 0.0248227491707 0.00126764829911 0.0229210761614 0.010607561611 0.00895152186175 0.0284406971813 0.0229167240489 -0.00308954862786 0.0257060112596 0.0578102459375 0.0105634452583 0.0198605413166 0.0340802151835 
