50
0.0714432896303 0.0637259516476 0.037281538924 0.121962687623 0.259768981863 0.0566389432936 0.0251356843311 0.0762578269544 0.0540494724418 0.0716337087719 0.0571643700905 0.0288411222523 0.0398839612709 0.0485380268731 0.275152850517 0.00238062118955 0.0242911243805 0.125840316239 0.0300114281637 0.00851722536111 0.0370780174455 0.142251168296 0.0172601721071 0.0203567883068 0.0584521455196 0.0498180241401 0.0566217234647 0.119808933935 0.0962618702605 0.104921073146 0.0444205393046 0.0291549562933 0.142595623168 0.0755027876102 0.0181340887913 0.0363676427781 0.0431320253577 0.073470583658 0.0731585002716 0.204332601919 0.0160922749751 0.0451759103614 0.0279461936292 0.0170349265424 -0.00648668223639 0.0147816990943 0.0372282541949 0.0289140833203 0.158066549078 0.0161964684659 
0.358568389401 -0.00280573153534 0.0113607189073 -0.0183102611444 -0.0013794462305 -0.00279728648144 -0.00771286884365 0.00934796805381 -0.00500590811936 -0.00782663925056 0.0212732664131 -0.0101692534749 0.0101651449413 0.00644076456482 -0.0202744363677 0.0109381169687 0.000434617825353 0.0418852153211 0.00259662702594 -0.0182553823841 -0.0050060522092 0.00125734022503 -0.00278675481442 0.00260373866703 0.0299125369206 0.036865040207 0.00425872495773 0.0142851984396 -0.00830662775444 0.0171567018371 -0.005719647162 0.0175380400685 0.01134686914 0.0153795443215 0.0197141374925 0.0399888752379 -0.00538691478795 0.0389718951508 0.0661101421662 0.0113805404784 0.00398842675084 0.0587752522179 -0.00754308401736 -0.0177044343129 0.00942534741348 0.0227657385373 0.0186236840286 -0.018084712689 0.00764431336331 0.0151184742012 
-0.00280573153534 0.19264090487 0.0152737510228 0.0175115262156 0.0272985531236 0.0117548292181 0.0194127642874 0.0204491165208 -0.00405473153885 0.0111049878867 0.012555441515 0.00621295461992 0.0198051383217 0.0118008616063 -0.00381763924195 0.0162482334271 0.0329010134626 0.0192266627778 0.0162437109203 0.0142459319086 0.00703315499537 0.00119056887942 0.0141862531239 0.00567738367014 0.0164560075988 -0.009875990253 0.0233450593285 -0.0101914221902 0.0253977811953 0.00903400454776 0.0230272641239 -0.00767588244513 0.0510382338205 0.00147035032873 0.0214612782405 -0.0064696877671 0.0292096580377 0.0199770430016 0.0155901052937 -0.00289358375802 0.00491502780051 0.0218157286422 0.0228555327639 -0.0105245078948 0.00649264435675 0.00566375658972 0.0114906817295 0.00954521350479 0.000740234967516 -0.00106298853468 
0.0113607189073 0.0152737510228 0.374722766415 -0.00620804632828 -0.0033529618586 0.0115803083707 0.0105358737893 0.00415889539334 0.00625930381938 -0.000782119036829 0.0199442231722 0.00111070447858 0.00387238563421 0.00139517241173 0.000774569515347 0.0139504101613 0.0388308509539 0.0331595119056 0.00500411025972 0.0326565714291 0.00231220521645 0.0136396907356 0.00582128047051 0.0190149832575 0.0117977978833 0.0121966076856 0.0337335730836 -0.0140882771876 0.0825997928796 0.00662274881327 0.0115144568684 0.0155127096315 0.0613756333001 0.0138719747568 0.0182625340755 0.0180948344047 0.0239276288531 -0.0337457208549 -0.00476761783542 0.0425539516058 0.0112050871604 0.0280372470317 0.00106965827127 0.00403443092428 0.0161771359703 -0.00192817782842 0.02715744959 0.0426752196948 0.00146502519468 0.0127450004334 
-0.0183102611444 0.0175115262156 -0.00620804632828 0.401771945275 0.0233732238487 -0.000407768055728 -0.00273705706842 0.120064141967 0.0434703020336 0.00941797480698 0.00731680995778 -0.00575946591331 0.0139544114089 0.0113288582852 -0.00278224000294 0.0380943775822 0.027129781325 0.0124686267966 0.0140740245802 0.0113460039588 0.036309775736 -0.0154390778951 0.0123636239302 -0.0119127372956 0.0143533880613 0.143050847624 0.0313708229891 0.0412120850824 0.0513243350828 0.0336924918619 0.00890573096211 0.0116010238016 -0.00117349768811 -0.0126974287749 0.0360320890253 -0.0108538021676 0.0210348356815 0.0732233733487 0.000703498889401 -0.00360888830956 0.0260623098288 0.0310954157938 0.014999047283 0.00199496018408 0.029336452898 0.0114919762056 0.0249346953099 0.0535032723851 0.0076523302575 0.0291521995425 
-0.0013794462305 0.0272985531236 -0.0033529618586 0.0233732238487 0.589241053425 0.03194101138 0.00128921961485 0.0250070172694 0.0292439795131 0.0152987193641 -0.00127593021752 0.00493874883987 0.00551007647353 0.0232298001713 0.0319362770183 0.014111178099 0.0285650814648 0.0336559627323 0.0491645716649 0.0097282006136 0.0419425553595 0.0221988999228 0.0394774510523 0.00844181902014 0.0349903297009 0.0324758775128 0.0215005290228 0.048587597719 0.0260109425596 0.0332380848471 0.0260681575382 0.0379834854299 0.0240219653912 0.0988733790069 0.010293642626 0.0201330353722 0.0198327477523 0.12756950263 -0.00788728781983 0.0662774880808 0.0368593996648 0.00455085300315 0.00516829537628 0.0274807487555 0.0348548511527 -0.0143084127268 0.0286400145966 -0.00371528396557 -0.0309956285113 0.000743703714488 
-0.00279728648144 0.0117548292181 0.0115803083707 -0.000407768055728 0.03194101138 0.206516265879 0.00559189833538 -0.00757943541279 -0.00210062121127 0.009577956949 -0.00222624278815 0.00479952170051 0.0015940769557 -0.010451066435 -0.0136121840502 0.00484788081932 -0.000383350140012 -0.0109702930742 -0.00153862239406 0.00470953668644 0.00697267685788 -0.00830491179075 0.0106221773077 0.0151030819566 0.00463186721426 0.00840327684825 0.00553971296566 -0.00637469157172 0.0207367808985 0.00609198428493 0.00721445452814 0.0051241181969 -0.00230430920716 0.0166538550129 0.0296344426342 0.00815135229758 0.0245347016071 0.0105838439663 0.010016650895 0.00434375351162 -0.0026721346814 -0.0017997848106 -0.00186903569419 0.0105097213198 0.00998026734277 -0.00511639666367 -0.000301224390121 0.00219618719485 0.00621520134812 0.0150282807335 
-0.00771286884366 0.0194127642874 0.0105358737893 -0.00273705706842 0.00128921961485 0.00559189833538 0.118156728316 0.00713716608394 0.0205529015188 0.0130172514286 0.0298150663071 0.0296680627074 0.0134212651094 0.0221649132755 0.00484046122109 0.0054649778048 0.0294056599012 0.0220953755672 0.027859274816 0.0105453781659 0.0124831062714 0.0136212321867 0.00776472145156 0.0267743433764 0.0121830824847 0.00815873733708 0.0178050546915 -0.00806287124103 -0.0116180831791 0.0285870509404 0.00990032965338 0.0128071601162 0.0171935990824 0.00890371199577 -0.000788089166158 0.0153480756777 0.0375195953076 0.00641982642137 0.00582299657771 -0.00066402760756 0.00534337398757 0.0134389302108 -0.000868538573081 0.025314490091 0.0151081646649 0.0260038201136 0.0158301356096 0.010251480958 0.0115155718948 0.00649587224329 
0.00934796805381 0.0204491165208 0.00415889539334 0.120064141967 0.0250070172694 -0.00757943541279 0.00713716608394 0.452906930498 0.020315489772 -0.0063115480364 0.0153767886596 0.0247526070004 -0.00526934912171 0.00776822176481 0.0578995440856 0.0182803254882 0.0309212346058 0.0421660733363 0.00267308903226 0.0272445796573 0.0190762110186 -0.0206777386503 0.0183003588581 -0.0282628769218 0.0143547888084 0.121221005831 0.0357220802355 -0.00208228279828 0.0252899550628 0.0127819480034 0.0166101693127 0.0204262083707 0.0249452685059 -0.0219546776116 0.0024215550283 0.0106440096526 0.0246011432897 0.130540542088 0.0194836585054 0.022177345405 0.000580787984652 0.00175893488751 0.0143681937978 0.0120440032458 -0.0112826794706 0.0176722613503 0.0310759205288 0.0184532953884 -0.0247356565335 -0.00313086114881 
-0.00500590811936 -0.00405473153885 0.00625930381938 0.0434703020336 0.0292439795131 -0.00210062121127 0.0205529015188 0.020315489772 0.258889186383 0.0155764895012 -0.00252484823894 0.00916428012142 0.00844463820218 0.0133507238651 -0.020081532405 0.0201378983781 0.0529969787247 0.00241286004779 0.0449600304204 0.0144761331832 0.0126549499699 0.0308189962086 0.0249686574567 -0.00109200600313 0.0195084663597 0.0114692027648 0.0257714191321 0.000180874965287 0.0309352614864 0.0243002516915 0.0133220863699 -0.0107471753787 0.0236609615049 -0.0110474195678 0.00202809705042 0.0225962904576 0.00898060550161 0.0331740026498 0.0307697056882 -0.0214728064684 0.0212277303673 0.00841908570957 0.0180650241131 0.0118373490686 0.0110166542963 0.0194632141628 0.0123964620032 0.0335588584244 0.0163356044561 0.00125065563335 
-0.00782663925056 0.0111049878867 -0.000782119036829 0.00941797480698 0.0152987193641 0.009577956949 0.0130172514286 -0.00631154803641 0.0155764895012 0.177232865128 0.0101857171888 0.0162084370304 0.00577471995772 0.00439082573601 0.00845913737056 0.0174269446935 0.0357044615057 0.00557609774996 0.010533700326 0.00291839001221 0.014727656136 0.000359666029998 0.0244596443323 -0.00881869469061 0.00317579008801 0.00448713891497 0.0181057140723 0.01154607187 0.0154422487339 0.0270584722153 0.00118711038866 0.00477612637774 0.00448460910302 0.00679003121922 0.0114931914472 0.013574929115 0.0338055238482 -0.00714478244036 0.011596715318 -0.0178627604371 -0.00938789466574 0.0316180448735 -0.0047570414008 0.0149615262766 0.00983458736017 0.0107077200429 0.00231268864826 0.00879064423123 0.00813743487483 0.0084824099723 
0.0212732664131 0.012555441515 0.0199442231722 0.00731680995779 -0.00127593021752 -0.00222624278815 0.0298150663071 0.0153767886596 -0.00252484823894 0.0101857171888 0.194582922468 0.0214973824559 0.00813045436516 0.0265491473712 -0.0121142321946 0.0196955918052 0.0124408260581 0.0164533652553 0.0114439754745 0.0175865496292 0.0130899489538 0.0170026325732 0.0122896542262 0.0255952156298 0.00978340261814 0.013276693825 0.020966879753 0.0130671876704 0.0357504476107 0.0624316988064 0.0243511048916 0.0231132091221 0.0347399594924 -0.00128189247148 0.0149742470631 0.0407513946697 0.0236634121734 0.0239971919636 0.00538454554772 0.00756322487505 0.00362568743002 0.00487044868403 0.00663579586427 0.0268696396497 0.00802540561151 0.0456647020542 0.0290358295198 0.028812703975 0.0156399471564 0.0173873091211 
-0.0101692534749 0.00621295461992 0.00111070447858 -0.00575946591331 0.00493874883987 0.00479952170051 0.0296680627074 0.0247526070004 0.00916428012142 0.0162084370304 0.0214973824559 0.164535330755 0.0125508805911 0.0360611475479 0.00334930879342 0.0253446620819 0.0338712122722 0.00291136371958 0.019193358272 0.0261460478337 0.0433884037999 0.0165835169006 0.00837912573211 0.0292104900856 0.0163484396923 -0.0244933098524 0.0251598049009 -0.00600554142357 0.0194048262177 0.0190768927127 0.0173456171304 0.00267473705348 0.0281199293484 0.00548527903574 -0.00734615045439 0.00511893675508 0.0399792330152 0.0152689414316 0.0022478425103 -0.0115471322247 -0.00752287945176 -0.00104041142755 0.016171046004 0.04076765975 -0.010496134765 0.0499557172752 0.0124473837531 0.00300104241405 -0.00965525665021 0.0219906096214 
0.0101651449413 0.0198051383217 0.00387238563421 0.0139544114089 0.00551007647353 0.0015940769557 0.0134212651094 -0.00526934912171 0.00844463820218 0.00577471995772 0.00813045436516 0.0125508805911 0.137499807163 0.00277183779624 0.00405277570211 0.0115176917021 0.0202827705577 -1.10173813925e-05 0.00531409545154 0.0178955531224 0.0131013143278 0.0153347617836 0.00182405793479 0.0129374378104 0.0107920305135 -0.00948732358157 0.0284173773083 -0.00521904752576 0.00650253309125 0.0119298629176 0.0214168392492 0.0125553405468 -0.00312934871194 -0.00187893668515 0.00688360174705 0.0129276471022 0.0159602471014 0.0140151866243 -0.0056867206091 1.79896343451e-05 0.0103782186028 -0.010881520149 0.000117612708684 0.00839458997628 -0.00419339834675 0.00409273407278 0.00867300640055 0.0100628207586 -0.00745370847225 0.0177233361086 
0.00644076456482 0.0118008616063 0.00139517241173 0.0113288582852 0.0232298001713 -0.010451066435 0.0221649132755 0.00776822176481 0.0133507238651 0.00439082573601 0.0265491473712 0.0360611475479 0.00277183779624 0.180186906684 -0.0124019071575 0.00916540710212 0.018868601681 0.0199590388108 0.00837309916259 0.0203651064162 0.0249571116548 0.00359451153722 0.0116185490444 0.0376296271426 0.0120465156315 -0.0122082185659 0.00968394186855 -0.023186401839 0.00096660038029 0.0192803773564 0.0222598701669 0.0130680386607 0.0306125343974 0.0197424851243 0.0056238000648 0.0275141415887 0.0216079686098 -0.0022640941135 -0.00118956131628 -0.0191880271847 0.00221809146216 0.00915580507229 0.0449305181355 0.0333262803301 0.00549775493548 0.0295667413769 0.0246052191689 0.0154614615201 -0.000441884466136 0.0173143945888 
-0.0202744363677 -0.00381763924195 0.000774569515347 -0.00278224000294 0.0319362770183 -0.0136121840502 0.00484046122109 0.0578995440856 -0.020081532405 0.00845913737056 -0.0121142321946 0.00334930879342 0.00405277570211 -0.0124019071575 2.47309264587 -0.00917723083502 0.0282188147854 -0.013598683563 -0.00186186447178 0.0299829209506 -0.00408000619338 0.0019908682245 -0.0140850882446 -0.0218420132003 0.0329832150973 0.0580805590783 -0.00390554653786 -0.0233200244974 0.000992222650026 -0.0169162924849 0.00866341110517 0.159589863578 -0.0077904128291 -0.0472310032565 -0.0155152421357 -0.0115701971054 -0.0220606385419 0.00957420318196 -0.00967709459094 1.11470282588 0.000793967278314 -0.0176410592442 0.0280610997862 -0.00689549680344 -0.0166424158393 -0.00847818838844 -0.0112856049242 -0.0110603855321 -0.011912948864 -0.0266901575572 
0.0109381169687 0.0162482334271 0.0139504101613 0.0380943775822 0.014111178099 0.00484788081932 0.0054649778048 0.0182803254882 0.0201378983781 0.0174269446935 0.0196955918052 0.0253446620819 0.0115176917021 0.00916540710212 -0.00917723083502 0.113003236624 0.0334011447685 0.0199417427401 0.0197388013001 0.0156027528883 0.0130506997396 0.0273182760117 0.00668563468046 0.00585494176296 0.0266658302175 0.0102192510456 0.0202817752818 0.0147583775694 0.0222588872632 0.00722256052262 -0.0028512834565 0.00226708428015 0.0191581726591 0.0081325930313 0.0292614251379 0.00863926065301 0.0120261457331 0.0283416133906 0.00518611901224 -0.00878071005449 0.0172978912976 -0.000371563824147 -0.00106070456609 0.0221186762503 -0.00191111681595 0.00384036495901 0.00513269290692 0.0513453284856 -0.00821756638195 0.000419656435243 
0.000434617825353 0.0329010134626 0.0388308509539 0.027129781325 0.0285650814648 -0.000383350140011 0.0294056599012 0.0309212346058 0.0529969787247 0.0357044615057 0.0124408260581 0.0338712122722 0.0202827705577 0.018868601681 0.0282188147854 0.0334011447685 0.22345373888 0.0373571211604 0.0389501681548 0.0184465989114 0.0169175486558 0.0247412656896 0.0371772316883 0.0177962985358 0.000472173580334 0.0152682525487 0.057057550675 -0.00383834666009 0.0221456431679 0.0292278438525 0.0232146113423 0.0209750803574 0.0273265332074 0.0171865826152 0.0398613159254 0.0101145111063 0.0313104882594 0.0293868809321 0.0175834363989 0.00649373703341 0.00150402523082 0.0107733927093 0.0144625755997 0.0349050566999 0.0165425431536 0.0217305146982 0.0116332229422 0.0154884247783 -0.0112756525994 0.00779472508257 
0.0418852153211 0.0192266627778 0.0331595119056 0.0124686267966 0.0336559627323 -0.0109702930742 0.0220953755672 0.0421660733363 0.00241286004779 0.00557609774996 0.0164533652553 0.00291136371958 -1.10173813923e-05 0.0199590388108 -0.013598683563 0.0199417427401 0.0373571211604 0.384006683461 0.0273828044019 0.0217712434279 -0.00373542283181 0.0656387887646 0.0245005805268 0.0163982456768 0.0204161909792 0.0259938951674 0.0388804276319 0.0433366886862 0.00192488060195 0.0415304749341 0.0132289654964 0.0198293108419 0.0383839839852 0.0211163719881 0.0286294519915 0.0354435115209 0.0469790542692 0.0306454063506 -0.00672821138951 -0.032835029895 -0.00878320782362 0.0616201894469 -0.0134908805467 0.00136647527959 0.0442519368535 -0.0100866748709 0.0440024019106 0.0118312705408 -0.00843454087076 0.0304098236926 
0.00259662702594 0.0162437109203 0.00500411025972 0.0140740245802 0.0491645716649 -0.00153862239406 0.027859274816 0.00267308903226 0.0449600304204 0.010533700326 0.0114439754745 0.019193358272 0.00531409545154 0.00837309916259 -0.00186186447178 0.0197388013001 0.0389501681548 0.0273828044019 0.202427015634 0.0167009064718 0.028218687178 0.0269840048352 0.00329698344934 0.0201101629402 0.0280629842549 0.0023682911165 0.0347136967886 -0.00511878185288 -0.00521970681484 0.0236222205208 0.00496302381535 0.0152552189603 0.0299603105992 0.0272809230359 0.00802534065092 0.0255674135539 0.0193789651072 0.024128829135 -0.00375732340294 -0.00429131659966 -0.00237530636702 0.0102667785913 0.0114936095648 0.0261508101866 0.0119362899385 0.0268099564454 0.00510183975782 0.021165270905 -0.00780933946665 0.00499458361484 
-0.0182553823841 0.0142459319086 0.0326565714291 0.0113460039588 0.0097282006136 0.00470953668644 0.0105453781659 0.0272445796573 0.0144761331832 0.00291839001221 0.0175865496292 0.0261460478337 0.0178955531224 0.0203651064162 0.0299829209506 0.0156027528883 0.0184465989114 0.0217712434279 0.0167009064718 0.137085825515 0.0127725235066 0.0144726044066 -0.0018424454275 0.00613013971155 0.0183629198863 -0.000497475705543 0.0332340305417 0.00534374594291 0.0293794152083 -0.00573774834294 0.0213946126968 0.0184848452028 0.0278607106006 0.0125360579439 0.00770305352848 0.0102586940501 0.0198950541889 0.0121742520132 0.0176033248016 0.000835181829518 -0.0100923324716 0.0260782111553 0.0061790160472 0.0214615495739 0.00519216961255 0.0286677007253 0.0131078184223 0.0186548231692 -0.00894524906622 0.0125955751989 
-0.0050060522092 0.00703315499537 0.00231220521645 0.036309775736 0.0419425553595 0.00697267685788 0.0124831062714 0.0190762110186 0.0126549499699 0.014727656136 0.0130899489538 0.0433884037999 0.0131013143278 0.0249571116548 -0.00408000619338 0.0130506997396 0.0169175486558 -0.00373542283181 0.028218687178 0.0127725235066 0.176464610805 0.0366770604317 0.00475283554978 0.000741913764896 0.0279624214425 -0.00417254434953 0.0110885346766 0.0109405433121 0.0154566312231 0.0245190433155 0.0177316290012 0.0121340257684 -0.0115317230067 0.073322565456 0.018977263749 0.00693047537131 0.0157660986812 0.00894532094357 -0.0163109704885 -0.00338511013579 0.00585155175199 0.0194414759904 0.0162802480748 0.0217110331733 0.0142383186761 0.0321605597304 0.0126322094469 0.0078720545776 -0.0101378217602 0.0248477157991 
0.00125734022503 0.00119056887942 0.0136396907356 -0.0154390778951 0.0221988999228 -0.00830491179075 0.0136212321867 -0.0206777386503 0.0308189962086 0.000359666029998 0.0170026325732 0.0165835169006 0.0153347617836 0.00359451153722 0.0019908682245 0.0273182760117 0.0247412656896 0.0656387887646 0.0269840048352 0.0144726044066 0.0366770604317 0.803619283883 0.0223721289906 0.0234061717187 0.00725437960437 -0.0224561886406 0.0404167324538 -0.010029655999 0.0467769488128 0.00819833095455 0.0204313254248 -0.00909621336185 0.0139384305816 0.0126183531085 0.0433987345852 0.0266361234749 0.00183595704489 0.0115216610313 0.0196043476866 0.0193727541266 0.0100811656544 0.00482619551106 0.0350220327129 0.00985284423237 -0.0077442805569 0.00544001956972 -0.0107212675263 0.0179843600212 0.00413431213806 -0.00128344330762 
-0.00278675481442 0.0141862531239 0.00582128047051 0.0123636239302 0.0394774510523 0.0106221773077 0.00776472145156 0.0183003588581 0.0249686574567 0.0244596443323 0.0122896542262 0.00837912573211 0.00182405793479 0.0116185490444 -0.0140850882446 0.00668563468046 0.0371772316883 0.0245005805268 0.00329698344934 -0.0018424454275 0.00475283554978 0.0223721289906 0.17887640005 0.00675025505187 0.0151832723113 0.0113311750912 0.0141620316036 -0.00820162065226 0.0208410835772 0.00047250027418 0.024007160119 0.0134901557259 0.0402767066353 0.00831068449951 0.00287116290758 0.0088572498803 0.0361463636433 0.0294507824391 0.0059301343083 0.00308548379235 -0.0094337661223 0.00738218463533 0.00159272082755 0.0121165793022 0.048667777483 0.0247569878389 0.0272243903522 0.0238796383002 0.0168568510479 0.0206920221807 
0.00260373866703 0.00567738367014 0.0190149832575 -0.0119127372956 0.00844181902014 0.0151030819566 0.0267743433764 -0.0282628769218 -0.00109200600313 -0.00881869469061 0.0255952156298 0.0292104900856 0.0129374378104 0.0376296271426 -0.0218420132003 0.00585494176296 0.0177962985358 0.0163982456768 0.0201101629402 0.00613013971155 0.000741913764897 0.0234061717187 0.00675025505187 0.25850494101 0.0221767359583 -0.00796750457557 0.0235241454666 -0.0174288345779 -0.0263829080907 0.0224374392072 0.0234277691522 0.0314953426 0.0334643327307 0.00623777511667 0.010832697583 0.0117541839168 0.0465855074037 0.0235959437112 0.040146754161 0.00284782797597 0.00700923202047 -0.000686601809537 0.00926051454945 0.039585776601 0.000235186036864 0.0131264660393 0.0138495276303 0.000962085650762 0.00663432317876 0.0306469289151 
0.0299125369206 0.0164560075988 0.0117977978833 0.0143533880613 0.0349903297009 0.00463186721426 0.0121830824847 0.0143547888084 0.0195084663597 0.00317579008801 0.00978340261814 0.0163484396923 0.0107920305135 0.0120465156315 0.0329832150973 0.0266658302175 0.000472173580333 0.0204161909792 0.0280629842549 0.0183629198863 0.0279624214425 0.00725437960437 0.0151832723113 0.0221767359583 0.326976736445 0.0190530433266 0.0336564939698 0.029078122859 -0.007964878211 -0.00709640490628 0.0201140964281 0.0113039212616 0.0248099914573 -0.0114194888403 -0.00327496779053 0.0134478524146 0.0255713873681 0.0194812732836 0.00922618677016 0.0365350137644 0.0229240749464 0.0260373246048 0.0184736399683 0.0200571600257 -0.00741298840054 0.00158647845477 0.0212536277568 0.0302442369661 -0.0338111792206 0.00383444930479 
0.036865040207 -0.009875990253 0.0121966076856 0.143050847624 0.0324758775128 0.00840327684825 0.00815873733708 0.121221005831 0.0114692027648 0.00448713891497 0.013276693825 -0.0244933098524 -0.00948732358157 -0.0122082185659 0.0580805590783 0.0102192510456 0.0152682525487 0.0259938951674 0.0023682911165 -0.000497475705543 -0.00417254434953 -0.0224561886406 0.0113311750912 -0.00796750457557 0.0190530433266 0.347873606558 0.0333544807098 0.0195532967379 0.0197801912322 0.0437088055522 0.0234212319158 -9.67034000037e-05 -0.00129050144304 -0.0261122451973 0.00829097520052 0.00278982067093 -0.00291336689485 0.0824410415874 0.00557653484208 -0.00523895978122 0.00116502863661 0.0151518419433 6.43425857319e-05 -0.0136089508634 0.025065254598 -0.0135146141267 0.0238030543974 0.015354529662 -0.00577077940547 -0.00247432706564 
0.00425872495773 0.0233450593285 0.0337335730836 0.0313708229891 0.0215005290228 0.00553971296566 0.0178050546915 0.0357220802355 0.0257714191321 0.0181057140723 0.020966879753 0.0251598049009 0.0284173773083 0.00968394186855 -0.00390554653786 0.0202817752818 0.057057550675 0.0388804276319 0.0347136967886 0.0332340305417 0.0110885346766 0.0404167324538 0.0141620316036 0.0235241454666 0.0336564939698 0.0333544807098 0.171515348368 -0.01747381722 0.0219819948152 0.0316174372212 0.0291625481534 0.00878741294081 0.01312193008 0.0200930766353 0.0461378043947 0.011734708835 0.0273309107304 0.0285682006572 0.0170392449827 0.00435560545709 0.00809134004589 0.0177877466107 0.00657699743318 0.020449753216 0.0166263982196 0.00919711665558 0.00413570488084 0.0238190697956 -0.0129531500274 0.0149708909453 
0.0142851984396 -0.0101914221902 -0.0140882771876 0.0412120850824 0.048587597719 -0.00637469157172 -0.00806287124103 -0.00208228279827 0.000180874965287 0.01154607187 0.0130671876704 -0.00600554142357 -0.00521904752576 -0.023186401839 -0.0233200244974 0.0147583775694 -0.00383834666009 0.0433366886862 -0.00511878185288 0.00534374594291 0.0109405433121 -0.010029655999 -0.00820162065226 -0.0174288345779 0.029078122859 0.0195532967379 -0.01747381722 0.638307539969 0.0398633117185 0.00252225216707 0.0129928189858 -0.00227775683663 -0.015675211658 0.00324268343474 -0.00215659286096 -0.00643808581947 -0.0255142387997 0.0376058388142 -0.0148389167427 0.049819706386 -0.00714777641932 0.00915144997353 -0.0241168248897 -0.0118026211316 0.0109020210017 0.0260935343718 -0.00710257108462 0.0125528531178 0.0140779463506 -0.0084792467947 
-0.00830662775444 0.0253977811953 0.0825997928796 0.0513243350828 0.0260109425596 0.0207367808985 -0.0116180831791 0.0252899550628 0.0309352614864 0.0154422487339 0.0357504476107 0.0194048262177 0.00650253309125 0.00096660038029 0.000992222650026 0.0222588872632 0.0221456431679 0.00192488060195 -0.00521970681484 0.0293794152083 0.0154566312231 0.0467769488128 0.0208410835772 -0.0263829080907 -0.007964878211 0.0197801912322 0.0219819948152 0.0398633117185 0.375903532072 0.0302393746036 0.00215165061714 0.00358138047813 0.0299200439273 -0.00786901778686 0.0256261479488 0.00279683231012 -0.00235478633617 0.0331002963042 -0.00130961755402 0.0290745677475 0.0307123928803 -0.00882187548004 0.0127060530663 -0.000466689295825 0.0123462157426 0.0464989194766 0.0298374750486 0.0526997967197 0.0334759891548 0.0190621852117 
0.0171567018371 0.00903400454776 0.00662274881327 0.0336924918619 0.0332380848471 0.00609198428493 0.0285870509404 0.0127819480034 0.0243002516915 0.0270584722153 0.0624316988064 0.0190768927127 0.0119298629176 0.0192803773564 -0.0169162924849 0.00722256052262 0.0292278438525 0.0415304749341 0.0236222205208 -0.00573774834294 0.0245190433155 0.00819833095455 0.000472500274179 0.0224374392072 -0.00709640490628 0.0437088055522 0.0316174372212 0.00252225216707 0.0302393746036 0.252876623435 0.0099765932069 0.0284858254165 0.0331019834416 0.0182168432121 0.0182634424317 0.0107173371185 0.0328623311939 0.0292674420501 0.0294467898939 -0.023051096757 -0.0129021057129 0.0261604989466 0.00287738743381 0.0395304571582 0.0182985554107 0.0228951542241 0.0466680715516 0.0116811596178 -0.00237073361865 0.0274625621425 
-0.005719647162 0.0230272641239 0.0115144568684 0.00890573096211 0.0260681575382 0.00721445452814 0.00990032965338 0.0166101693127 0.0133220863699 0.00118711038866 0.0243511048916 0.0173456171304 0.0214168392492 0.0222598701669 0.00866341110517 -0.0028512834565 0.0232146113423 0.0132289654964 0.00496302381535 0.0213946126968 0.0177316290012 0.0204313254248 0.024007160119 0.0234277691522 0.0201140964281 0.0234212319158 0.0291625481534 0.0129928189858 0.00215165061714 0.0099765932069 0.171637317414 0.00698521945603 0.0198102432884 0.00278952960482 0.0238135223385 0.00995810132629 0.0298824541741 0.00319843946285 0.0117993509755 -0.00956977751181 0.0181745548766 0.00980279101444 0.0116082494248 0.01974274673 0.00833365096938 0.0145611601421 0.029316658187 0.00841547395005 -0.0120809171531 0.0116143673847 
0.0175380400685 -0.00767588244513 0.0155127096315 0.0116010238016 0.0379834854299 0.0051241181969 0.0128071601162 0.0204262083707 -0.0107471753787 0.00477612637774 0.0231132091221 0.00267473705348 0.0125553405468 0.0130680386607 0.159589863578 0.00226708428015 0.0209750803574 0.0198293108419 0.0152552189603 0.0184848452028 0.0121340257684 -0.00909621336185 0.0134901557259 0.0314953426 0.0113039212616 -9.67034000034e-05 0.00878741294081 -0.00227775683663 0.00358138047813 0.0284858254165 0.00698521945603 0.154576423994 0.0136510381441 0.0552827510336 0.00681633288649 0.0273217881425 0.00500015729201 0.0264429984235 -0.00228611633978 0.0932074330223 0.00840075129615 0.00104415256295 0.0172468822381 0.00884225433728 0.0062246467915 0.0254525763693 0.0153958382287 -0.0117972487736 -0.00266394537112 0.0272252080482 
0.01134686914 0.0510382338205 0.0613756333001 -0.00117349768811 0.0240219653912 -0.00230430920716 0.0171935990824 0.0249452685059 0.0236609615049 0.00448460910302 0.0347399594924 0.0281199293484 -0.00312934871194 0.0306125343974 -0.0077904128291 0.0191581726591 0.0273265332074 0.0383839839852 0.0299603105992 0.0278607106006 -0.0115317230067 0.0139384305816 0.0402767066353 0.0334643327307 0.0248099914573 -0.00129050144304 0.01312193008 -0.015675211658 0.0299200439273 0.0331019834416 0.0198102432884 0.0136510381441 0.446716076185 0.011631775428 0.0420427513428 0.020865393745 0.0215165496235 0.0621301142165 0.0697910766601 0.021949629513 -0.00137114470945 0.040949168523 0.00659778409774 0.0319288883141 0.0172255071418 0.0115215525344 0.0498394330254 0.0154869797912 0.0246054849283 0.0169319831337 
0.0153795443215 0.00147035032873 0.0138719747568 -0.0126974287749 0.0988733790069 0.0166538550129 0.00890371199577 -0.0219546776116 -0.0110474195678 0.00679003121922 -0.00128189247148 0.00548527903574 -0.00187893668515 0.0197424851243 -0.0472310032565 0.0081325930313 0.0171865826152 0.0211163719881 0.0272809230359 0.0125360579439 0.073322565456 0.0126183531085 0.00831068449951 0.00623777511667 -0.0114194888403 -0.0261122451973 0.0200930766353 0.00324268343474 -0.00786901778686 0.0182168432121 0.00278952960482 0.0552827510336 0.011631775428 0.717872410478 0.0503384473559 0.0148915369123 0.0173957125947 0.0468094203984 0.0225579550982 0.0554867351416 0.00924198310063 0.0175712586535 0.00270982912325 0.00599316774955 0.0172871552923 -0.0313888703692 0.0127036493458 0.000554965329349 -0.0151798175535 0.0243525420516 
0.0197141374925 0.0214612782405 0.0182625340755 0.0360320890253 0.010293642626 0.0296344426342 -0.000788089166158 0.0024215550283 0.00202809705042 0.0114931914472 0.0149742470631 -0.00734615045439 0.00688360174705 0.0056238000648 -0.0155152421357 0.0292614251379 0.0398613159254 0.0286294519915 0.00802534065092 0.00770305352848 0.018977263749 0.0433987345852 0.00287116290758 0.010832697583 -0.00327496779053 0.00829097520052 0.0461378043947 -0.00215659286096 0.0256261479488 0.0182634424317 0.0238135223385 0.00681633288649 0.0420427513428 0.0503384473559 0.279748874699 0.0243520912488 0.0460253454986 0.0167981662751 0.00961842539752 0.0113765934211 0.00894307489215 0.0517706493502 -0.0123135336868 0.0103195829307 0.0187202285221 0.00905453556192 0.0141887163562 0.0143518091605 -0.0144595433674 0.0162179213575 
0.0399888752379 -0.0064696877671 0.0180948344047 -0.0108538021676 0.0201330353722 0.00815135229758 0.0153480756777 0.0106440096526 0.0225962904576 0.013574929115 0.0407513946697 0.00511893675508 0.0129276471022 0.0275141415887 -0.0115701971054 0.00863926065301 0.0101145111063 0.0354435115209 0.0255674135539 0.0102586940501 0.00693047537131 0.0266361234749 0.0088572498803 0.0117541839168 0.0134478524146 0.00278982067093 0.011734708835 -0.00643808581947 0.00279683231012 0.0107173371185 0.00995810132629 0.0273217881425 0.020865393745 0.0148915369123 0.0243520912488 0.192346561165 0.0425641587123 0.0181960384444 0.0269628716085 -0.00671100414118 0.00465188515879 0.0306485334651 -0.0125740297869 0.0240585751418 0.00732760939623 0.0283478851187 0.0266673756733 0.00609954785541 -0.00920789155585 0.0126399543846 
-0.00538691478795 0.0292096580377 0.0239276288531 0.0210348356815 0.0198327477523 0.0245347016071 0.0375195953076 0.0246011432897 0.00898060550161 0.0338055238482 0.0236634121734 0.0399792330152 0.0159602471014 0.0216079686098 -0.0220606385419 0.0120261457331 0.0313104882594 0.0469790542692 0.0193789651072 0.0198950541889 0.0157660986812 0.00183595704489 0.0361463636433 0.0465855074037 0.0255713873681 -0.00291336689486 0.0273309107304 -0.0255142387997 -0.00235478633617 0.0328623311939 0.0298824541741 0.00500015729201 0.0215165496235 0.0173957125947 0.0460253454986 0.0425641587123 0.378066443047 0.0448805749627 0.0195742228219 -0.0316344890718 -0.00255111940466 0.060770388655 0.00702485870681 0.0201261004635 0.0276158523224 0.0194440762759 0.0386173430388 -0.0132736754937 0.00329102950492 0.0190039193018 
0.0389718951508 0.0199770430016 -0.0337457208549 0.0732233733487 0.12756950263 0.0105838439663 0.00641982642137 0.130540542088 0.0331740026498 -0.00714478244036 0.0239971919636 0.0152689414316 0.0140151866243 -0.0022640941135 0.00957420318196 0.0283416133906 0.0293868809321 0.0306454063506 0.024128829135 0.0121742520132 0.00894532094357 0.0115216610313 0.0294507824391 0.0235959437112 0.0194812732836 0.0824410415874 0.0285682006572 0.0376058388142 0.0331002963042 0.0292674420501 0.00319843946285 0.0264429984235 0.0621301142165 0.0468094203984 0.0167981662751 0.0181960384444 0.0448805749627 0.417827053042 0.0066979475947 0.0065213790344 0.0233792495448 0.00385818577935 0.00503025254827 0.00579717563537 0.034444927147 0.0263151719527 0.0264845862276 0.0261406728817 -0.0172759163428 0.0156993767093 
0.0661101421662 0.0155901052937 -0.00476761783542 0.000703498889402 -0.00788728781983 0.010016650895 0.00582299657771 0.0194836585054 0.0307697056882 0.011596715318 0.00538454554772 0.0022478425103 -0.0056867206091 -0.00118956131628 -0.00967709459094 0.00518611901224 0.0175834363989 -0.00672821138951 -0.00375732340294 0.0176033248016 -0.0163109704885 0.0196043476866 0.0059301343083 0.040146754161 0.00922618677016 0.00557653484208 0.0170392449827 -0.0148389167427 -0.00130961755402 0.0294467898939 0.0117993509755 -0.00228611633978 0.0697910766601 0.0225579550982 0.00961842539752 0.0269628716085 0.0195742228219 0.0066979475947 0.327622061051 -0.0143558106291 -0.000303758879332 0.0307445500145 0.030832963387 0.0198238155425 0.00465873866123 0.00537839861622 0.0236302745823 0.00802888415732 -0.00919462999129 0.00261030964895 
0.0113805404784 -0.00289358375802 0.0425539516058 -0.00360888830956 0.0662774880808 0.00434375351162 -0.00066402760756 0.022177345405 -0.0214728064684 -0.0178627604371 0.00756322487505 -0.0115471322247 1.79896343452e-05 -0.0191880271847 1.11470282588 -0.00878071005449 0.00649373703341 -0.032835029895 -0.00429131659966 0.000835181829518 -0.00338511013579 0.0193727541266 0.00308548379235 0.00284782797597 0.0365350137644 -0.00523895978122 0.00435560545709 0.049819706386 0.0290745677475 -0.023051096757 -0.00956977751181 0.0932074330223 0.021949629513 0.0554867351416 0.0113765934211 -0.00671100414118 -0.0316344890718 0.0065213790344 -0.0143558106291 0.883510429295 -0.0034179646486 0.0184337238118 -0.00525562616666 -0.020460638732 0.00157535351296 -0.0128106544945 -0.0141624332079 0.000669435909045 -0.0192746007097 -0.0236875208874 
0.00398842675085 0.00491502780051 0.0112050871604 0.0260623098288 0.0368593996648 -0.0026721346814 0.00534337398757 0.000580787984652 0.0212277303673 -0.00938789466574 0.00362568743002 -0.00752287945176 0.0103782186028 0.00221809146216 0.000793967278314 0.0172978912976 0.00150402523082 -0.00878320782362 -0.00237530636702 -0.0100923324716 0.00585155175199 0.0100811656544 -0.0094337661223 0.00700923202047 0.0229240749464 0.00116502863661 0.00809134004589 -0.00714777641932 0.0307123928803 -0.0129021057129 0.0181745548766 0.00840075129615 -0.00137114470945 0.00924198310063 0.00894307489215 0.00465188515879 -0.00255111940466 0.0233792495448 -0.000303758879333 -0.0034179646486 0.21412231061 -0.027498672491 -0.00154718491726 -0.00197898301717 0.00431240123745 -0.0026295851375 0.00274978429784 0.0213006594288 0.0461606872635 -0.007929395595 
0.0587752522179 0.0218157286422 0.0280372470317 0.0310954157938 0.00455085300315 -0.0017997848106 0.0134389302108 0.00175893488751 0.00841908570957 0.0316180448735 0.00487044868403 -0.00104041142755 -0.010881520149 0.00915580507229 -0.0176410592442 -0.000371563824147 0.0107733927093 0.0616201894469 0.0102667785913 0.0260782111553 0.0194414759904 0.00482619551106 0.00738218463533 -0.000686601809537 0.0260373246048 0.0151518419433 0.0177877466107 0.00915144997353 -0.00882187548004 0.0261604989466 0.00980279101444 0.00104415256295 0.040949168523 0.0175712586535 0.0517706493502 0.0306485334651 0.060770388655 0.00385818577935 0.0307445500145 0.0184337238118 -0.027498672491 0.363211534739 0.00241606412835 0.00553546282996 0.0113619559193 -0.00213424254292 0.0338578038398 0.0062531855958 0.00762382944612 0.0212326949141 
-0.00754308401736 0.0228555327639 0.00106965827127 0.014999047283 0.00516829537628 -0.00186903569419 -0.000868538573081 0.0143681937978 0.0180650241131 -0.0047570414008 0.00663579586427 0.016171046004 0.000117612708684 0.0449305181355 0.0280610997862 -0.00106070456609 0.0144625755997 -0.0134908805467 0.0114936095648 0.0061790160472 0.0162802480748 0.0350220327129 0.00159272082755 0.00926051454945 0.0184736399683 6.43425857322e-05 0.00657699743318 -0.0241168248897 0.0127060530663 0.00287738743381 0.0116082494248 0.0172468822381 0.00659778409774 0.00270982912325 -0.0123135336868 -0.0125740297869 0.00702485870681 0.00503025254827 0.030832963387 -0.00525562616666 -0.00154718491726 0.00241606412835 0.176350513973 -0.00755137022878 -0.00266197196056 0.00554098724117 0.0171029507473 -0.00309830862528 -0.0150055533979 0.00171750442531 
-0.0177044343129 -0.0105245078948 0.00403443092429 0.00199496018408 0.0274807487555 0.0105097213198 0.025314490091 0.0120440032458 0.0118373490686 0.0149615262766 0.0268696396497 0.04076765975 0.00839458997628 0.0333262803301 -0.00689549680344 0.0221186762503 0.0349050566999 0.00136647527959 0.0261508101866 0.0214615495739 0.0217110331733 0.00985284423237 0.0121165793022 0.039585776601 0.0200571600257 -0.0136089508634 0.020449753216 -0.0118026211316 -0.000466689295825 0.0395304571582 0.01974274673 0.00884225433728 0.0319288883141 0.00599316774955 0.0103195829307 0.0240585751418 0.0201261004635 0.00579717563537 0.0198238155425 -0.020460638732 -0.00197898301717 0.00553546282996 -0.00755137022878 0.184089413342 -0.000243641404999 0.0417562089445 0.0190087241649 0.00666627747707 0.0102587551968 0.0106330378743 
0.00942534741348 0.00649264435675 0.0161771359703 0.029336452898 0.0348548511527 0.00998026734277 0.0151081646649 -0.0112826794706 0.0110166542963 0.00983458736017 0.00802540561151 -0.010496134765 -0.00419339834675 0.00549775493548 -0.0166424158393 -0.00191111681595 0.0165425431536 0.0442519368535 0.0119362899385 0.00519216961255 0.0142383186761 -0.0077442805569 0.048667777483 0.000235186036863 -0.00741298840054 0.025065254598 0.0166263982196 0.0109020210017 0.0123462157426 0.0182985554107 0.00833365096938 0.0062246467915 0.0172255071418 0.0172871552923 0.0187202285221 0.00732760939623 0.0276158523224 0.034444927147 0.00465873866123 0.00157535351296 0.00431240123745 0.0113619559193 -0.00266197196056 -0.000243641404999 0.257581819778 0.00726479884218 0.00767314260526 -0.0049538321302 -0.0146991742909 0.0143275482988 
0.0227657385373 0.00566375658972 -0.00192817782842 0.0114919762056 -0.0143084127268 -0.00511639666367 0.0260038201136 0.0176722613503 0.0194632141628 0.0107077200429 0.0456647020542 0.0499557172752 0.00409273407278 0.0295667413769 -0.00847818838844 0.00384036495901 0.0217305146982 -0.0100866748709 0.0268099564454 0.0286677007253 0.0321605597304 0.00544001956972 0.0247569878389 0.0131264660393 0.00158647845477 -0.0135146141267 0.00919711665558 0.0260935343718 0.0464989194766 0.0228951542241 0.0145611601421 0.0254525763693 0.0115215525344 -0.0313888703692 0.00905453556192 0.0283478851187 0.0194440762759 0.0263151719527 0.00537839861622 -0.0128106544945 -0.0026295851375 -0.00213424254292 0.00554098724117 0.0417562089445 0.00726479884218 0.192525509546 0.00709535420554 0.0212993523995 0.0155795644043 0.0307617861702 
0.0186236840286 0.0114906817295 0.02715744959 0.0249346953099 0.0286400145966 -0.000301224390121 0.0158301356096 0.0310759205288 0.0123964620032 0.00231268864826 0.0290358295198 0.0124473837531 0.00867300640055 0.0246052191689 -0.0112856049242 0.00513269290692 0.0116332229422 0.0440024019106 0.00510183975782 0.0131078184223 0.0126322094469 -0.0107212675263 0.0272243903522 0.0138495276303 0.0212536277568 0.0238030543974 0.00413570488084 -0.00710257108462 0.0298374750486 0.0466680715516 0.029316658187 0.0153958382287 0.0498394330254 0.0127036493458 0.0141887163562 0.0266673756733 0.0386173430388 0.0264845862276 0.0236302745823 -0.0141624332079 0.00274978429784 0.0338578038398 0.0171029507473 0.0190087241649 0.00767314260526 0.00709535420554 0.168079894542 0.0168569806589 -0.0186209257605 0.0218538426325 
