40
0.18030920859 0.085684238521 0.0810581507116 0.0324129219316 0.0797862135264 0.00413185853021 0.0269248151276 0.0403512104362 0.0370780174455 0.025637758891 0.0914492870129 0.0979044774238 0.0615160923796 0.0101927526284 0.128291051585 0.0288411222523 0.0657027666716 0.0430779984078 0.0756818342608 0.0160922749751 0.0415474718814 0.00851722536111 0.0449819155318 0.0905877796438 0.0485380268731 0.101670797752 0.0658076634161 0.16701162673 0.0194782181544 0.110374427341 0.00535997805058 0.0801839086902 0.0665048210348 0.0170349265424 0.00640420781163 0.0224960645228 0.0431815223905 0.0328492958576 -0.0142899737039 0.106356452037 
0.974799700788 0.0294918010202 0.0323465042904 0.0229885064584 0.0320409433572 0.0285932011062 0.030495729889 0.0152021247922 0.0221599405518 -0.00792551748869 0.0938738765788 0.00627711850829 0.0303322748755 0.00575611029276 0.0470207271047 -0.000281339263596 0.0140846029346 0.043251915121 0.00748664787145 0.00308046999807 0.0122938900653 0.0118288375769 0.00332014064003 0.0239318339261 -0.000373784155778 -0.0017346463536 0.00314279036398 0.0123791607838 0.013073152233 0.0222964487971 0.0082758254909 0.0105089595266 0.0224396828229 -0.00201216437285 0.0416051354537 0.0162536582723 0.0153958529103 0.0177843083126 0.041528431521 0.0231733684572 
0.0294918010202 0.467236393618 0.00762763698297 -0.000985616800357 0.0227216461962 0.0064672843284 -0.00522258513871 0.0232508083383 0.0207226723149 0.00848537993384 0.069954783839 -0.0118963039813 0.0239068331755 0.020212926451 0.0266029294171 0.011404784651 -0.000410689241753 0.0455009450167 0.00563597173241 -0.00794886829764 0.015167872331 0.0157100401609 0.013163160558 0.0490928135499 0.00139735745997 -0.00362268662445 0.0200775112318 0.00776478639995 0.0142070204469 0.0168563356004 0.000913179678372 0.021336288219 0.00532265962054 0.00428104657411 0.0154146730882 0.000235005534188 0.00550741882897 0.0287201688695 0.0202251238619 0.00825785232031 
0.0323465042904 0.00762763698297 0.220227799937 0.0105439429344 0.0258661458002 0.0287741969915 0.0163880525711 0.0202128625464 0.0156949864655 0.00580699847681 0.0335023723206 -0.00107772342562 0.0209656801339 0.0116079407833 0.00399593794022 0.00732622760966 0.00130414492144 0.00359332333428 0.00456085269374 0.0139176922554 0.0319490409038 0.0335424221951 0.0281593768 0.062762102077 0.0208130486532 0.00109602291027 0.0111618461125 0.0136450744964 0.0192405678115 0.0316772476303 0.0154850228124 -0.00631760484148 0.0211396540802 0.0223217147296 0.0195331577108 0.0141254404063 0.0226310360808 0.0259689026756 0.0256837726532 0.018513456682 
0.0229885064584 -0.000985616800357 0.0105439429344 0.269415404414 0.0154708067566 -0.0130648035023 0.0110845799281 -0.0018401614271 0.0120960139782 0.00598644839121 0.0148381983573 0.0828828423177 0.00110705767414 0.00106104517989 0.00290303179758 0.00532096996929 0.014064811398 0.0202615828072 0.0196184340946 0.0131446959032 6.23200595762e-05 0.0100117785483 0.0116859277527 0.0314020801961 0.0377927938241 -0.00990089559369 0.0567818528091 -0.00479188848379 0.00730044825569 -0.018982865581 0.00155736619533 -0.00248775886181 0.00167942208996 0.0134416207661 0.00383159357391 0.0202403877356 0.0129906956815 -0.00933812461575 -0.00190536396081 0.0289906619433 
0.0320409433572 0.0227216461962 0.0258661458002 0.0154708067566 0.235505631898 0.0205377773365 0.00595144288379 6.79389321107e-05 0.0267513549726 0.00712566806174 0.0434733013642 0.0452405763534 0.0346899777951 0.0182579828152 0.0212255039666 0.029045369782 0.0259379632377 -0.0138966404826 0.0100560576545 0.00659608734645 0.00937066481718 0.0108140814816 0.0216805424029 0.00675297419368 0.0189127363228 0.00659312692854 -0.00443195734053 0.0105113303853 0.032144685676 0.0101795893744 0.021466849448 0.0233799296415 0.0156853753909 0.0300079739807 0.0156028293074 0.0224556859718 0.0163306128042 0.00696456128162 0.0314407426829 0.00162992172533 
0.0285932011062 0.0064672843284 0.0287741969915 -0.0130648035023 0.0205377773365 0.185546871644 0.0544820546566 0.0267890402158 0.00828476228787 0.00845052569173 0.0174749146263 0.00657761749037 0.0177137749553 -0.00190716867026 0.00080483278459 0.00897530656068 0.011605120173 0.00935530770493 0.00750105218343 0.0106419124143 0.0182909582565 0.0221037624033 0.0106809085931 0.0365967566785 0.00968168235492 0.00393366483727 -0.0127768489354 0.0130050686385 0.00404583477224 0.0260437945225 0.0622306501799 0.00011158194378 0.0162426181164 0.011153528029 0.0360236057667 0.00826200776785 0.0194643680792 0.00957865567271 0.0126793865849 0.0346812421744 
0.030495729889 -0.00522258513871 0.0163880525711 0.0110845799281 0.00595144288379 0.0544820546566 0.206193575308 0.00151923646667 0.00342367463345 -0.000671871056079 0.0186888313748 0.00719690738634 0.0154500016115 0.00546936684841 0.00404795071058 0.0138120659771 0.00543238776886 -0.0112951001734 0.00808119435258 0.0115260613447 0.0162084922003 0.0186436474679 0.017552586431 0.0107216103507 0.00462953885393 0.00292959107411 0.00304246899909 -0.0018229514997 0.0109825960081 0.0590290735624 0.0487767956805 -0.012260690016 0.00187341069956 0.015661143863 0.0400673685516 0.00069522781807 -0.00584198211583 0.0126055515224 0.014236617764 0.0525552615912 
0.0152021247922 0.0232508083383 0.0202128625464 -0.0018401614271 6.79389321111e-05 0.0267890402158 0.00151923646667 0.180791130114 0.00777791543484 0.0291887260491 0.0489114443726 0.0106725401555 0.0184849704295 0.0252255632905 0.00939030081466 0.00454920877247 0.0203692993289 0.0150652423079 0.0253822672142 -0.00719923940297 0.0102561864444 0.0120535255108 0.00323107863653 0.0105544055109 0.0144580635641 0.0235379596464 0.00786556192036 0.0205498312136 0.0111381012398 0.011768829752 0.00898600593153 0.0308059963176 0.00660690437113 0.0119626602462 0.0227028769144 -0.00484207516034 0.0243191342894 0.0162360836493 0.000677328027861 0.0281486407421 
0.0221599405518 0.0207226723149 0.0156949864655 0.0120960139782 0.0267513549726 0.00828476228787 0.00342367463345 0.00777791543484 0.191838004713 0.020739303855 0.0376625397326 0.01999014131 0.0169900870601 0.00667909608491 0.032863481607 0.0366057716974 -0.000396236006793 0.0256980033813 0.0241695394274 0.0112549950189 0.0219119670239 0.0121856598431 0.041016540561 0.00312843856256 0.0227459548221 0.0136229173804 0.0295300532222 0.000428798185396 0.0313662827288 0.0233208049199 0.011497451877 0.0215593483816 0.0135278158417 0.0179067920006 0.0154478297255 0.008997785944 0.0174806682089 0.0146866707441 0.0120313629294 0.0156917024728 
-0.00792551748869 0.00848537993384 0.00580699847681 0.00598644839121 0.00712566806174 0.00845052569173 -0.000671871056079 0.0291887260491 0.020739303855 0.267211774874 0.0107422391169 0.0443910306636 0.0364088921066 0.0192975146177 -0.00561431247163 0.0271148504755 0.0174015796009 0.00115497803426 0.0172018140041 0.00740732795198 0.0181412181326 0.0149145540038 0.0304590084696 0.00763396936063 0.0217295769777 0.0205433023169 0.00481311891667 0.00856979475971 0.0234435702674 0.0247305843148 -0.00109278580988 0.0594810571808 0.0258301812407 0.0159204034036 0.0315321276263 0.0439784274704 0.0271459150353 -0.00337671258244 0.0167324923712 0.000722872295071 
0.0938738765788 0.069954783839 0.0335023723206 0.0148381983573 0.0434733013642 0.0174749146263 0.0186888313748 0.0489114443726 0.0376625397326 0.0107422391169 0.445979893043 0.0605378530124 0.0495787619513 0.0384862023451 0.0332207413861 0.0428103247011 0.0169451698004 0.0290262120844 0.0430552552761 0.0146093541994 0.0246653240972 0.00980578280402 0.0342592892225 0.0731351686565 0.0342610403278 0.0174021356833 0.0182433153098 0.0257055859921 0.0456188985414 0.0794602207174 0.0183519971294 0.023336234972 0.0316490194526 0.0190780018773 0.0467955327723 0.0319706890847 0.0492267482728 0.0636175752767 0.0178303287868 0.109947778434 
0.00627711850829 -0.0118963039813 -0.00107772342562 0.0828828423177 0.0452405763534 0.00657761749037 0.00719690738634 0.0106725401555 0.01999014131 0.0443910306636 0.0605378530124 0.508883217906 0.0203621895641 0.0146853011749 0.0264402338925 -0.00519449608224 0.018366367988 0.000578871406869 0.0331030942935 0.00634656109839 0.0275089043113 0.00384212026229 0.0281040193431 -0.00150413469515 0.0216496552269 0.0127642959026 0.035754482078 0.00208639846654 0.016651285775 -0.0316913301013 0.00917427330078 -0.0103392376454 0.0106668875524 0.00670629052783 0.0162629624803 0.00307542602702 0.0157403544606 0.0212192164598 0.00748352053112 -0.0268576171072 
0.0303322748755 0.0239068331755 0.0209656801339 0.00110705767414 0.0346899777951 0.0177137749553 0.0154500016115 0.0184849704295 0.0169900870601 0.0364088921066 0.0495787619513 0.0203621895641 0.179517641207 0.00688767736072 0.0143375001458 0.0149643531946 0.0197741988209 0.00103209100412 0.0190125196744 -0.0112286407045 0.0149704654956 0.00883582685755 0.0360125120797 0.0248286441284 0.0143443113463 0.00977020057554 0.0276402796533 0.00439937306435 0.0311808742151 0.00352755350188 0.00848860831453 0.0381995748924 0.0483757351647 0.0327643400874 0.012035359007 0.0165979232623 0.0197090038473 0.00652144170992 0.0218938052476 0.0187334026985 
0.00575611029276 0.020212926451 0.0116079407833 0.00106104517989 0.0182579828152 -0.00190716867026 0.00546936684841 0.0252255632905 0.00667909608491 0.0192975146177 0.0384862023451 0.0146853011749 0.00688767736071 0.259229167126 0.0202916395882 0.00452594634366 0.0197143477862 0.0206096814444 -0.00292937833122 0.00443350782218 0.0117632645556 0.0233476284436 0.0315675071911 0.00365900286279 0.0219338378145 0.00306023397287 0.0136359507132 0.0201618182991 0.0277820055544 0.0086235953584 0.00482637089261 0.0283211033993 0.002327128092 0.0277872253001 0.00807336217857 0.0256329714204 0.0218989677835 0.00782679308147 0.0319678327006 0.0320969928439 
0.0470207271047 0.0266029294171 0.00399593794022 0.00290303179758 0.0212255039666 0.00080483278459 0.00404795071058 0.00939030081466 0.032863481607 -0.00561431247163 0.0332207413861 0.0264402338925 0.0143375001458 0.0202916395882 0.495423721685 0.0121546216658 0.00578865338213 0.0424128651657 0.00124912077344 -0.0044075904119 0.0222911388647 0.0194018166782 0.00425248428833 0.0235094179398 0.0181727161129 -0.000812668987841 0.0659899843596 0.0116025905741 0.00899880014796 -0.0188235764248 0.00583998478537 0.0206015374889 0.00867708123566 0.0106488848853 0.006914299129 0.0244885753304 0.0517850098762 0.0104669216132 0.0123269642249 0.00464532213389 
-0.000281339263596 0.011404784651 0.00732622760965 0.00532096996929 0.029045369782 0.00897530656068 0.0138120659771 0.00454920877247 0.0366057716974 0.0271148504755 0.0428103247011 -0.00519449608224 0.0149643531946 0.00452594634366 0.0121546216658 0.165201778063 0.0231690941885 0.0198862861241 0.0140622326403 -0.00807050834413 0.0138703887737 0.0284978716088 0.0378212401174 0.0222316873748 0.0335711956838 -0.00330332577317 0.0172836182811 0.00232041769678 0.0586565443441 0.00599087725956 0.0162195486494 0.0186140797423 0.0484837708357 0.0411069991246 0.0112112170274 0.0240142374943 0.00553334578471 0.010495053455 0.00775458679718 -0.014777141431 
0.0140846029346 -0.000410689241753 0.00130414492144 0.014064811398 0.0259379632377 0.011605120173 0.00543238776886 0.0203692993289 -0.000396236006793 0.0174015796009 0.0169451698004 0.018366367988 0.0197741988209 0.0197143477862 0.00578865338213 0.0231690941885 0.193486416863 0.0221495061631 0.0155199776608 0.0153262506386 0.0269869171416 0.0136801124047 0.00552894373131 0.0133307674284 0.0269672952009 0.030549075491 -0.00129983795122 0.00407908772623 0.0253809782256 -0.00602559879282 0.0115519080352 0.00749024605997 0.0148721447096 0.0202055329139 0.0127607111453 0.0218096151965 0.0202120046011 0.00433013600816 -0.00870309066488 0.0315649300001 
0.043251915121 0.0455009450167 0.00359332333428 0.0202615828072 -0.0138966404826 0.00935530770493 -0.0112951001734 0.0150652423079 0.0256980033813 0.00115497803426 0.0290262120844 0.000578871406869 0.00103209100412 0.0206096814444 0.0424128651657 0.0198862861241 0.0221495061631 0.331880576513 0.0322298280251 -0.00328658024264 0.0177662456367 0.0142528611761 0.00911587017724 -0.00651352643687 0.0162047212539 0.00609734003236 0.0192388338716 -0.0224912311822 0.0226232371446 0.00451294666606 0.00922676507137 0.015119077515 0.037810437167 -0.00622533552128 0.00447789025302 0.0130495889391 0.0107422449685 0.0129164470493 0.0103876368551 -0.0039700249287 
0.00748664787145 0.00563597173241 0.00456085269374 0.0196184340946 0.0100560576545 0.00750105218343 0.00808119435258 0.0253822672142 0.0241695394274 0.0172018140041 0.0430552552761 0.0331030942935 0.0190125196744 -0.00292937833122 0.00124912077344 0.0140622326403 0.0155199776608 0.0322298280251 0.217209633852 0.019414516498 0.0110185657256 0.0147267944796 0.0140501323307 0.00179187663318 0.00307216642117 0.00325228204149 0.0193688696178 0.00670445482504 0.0209215809232 0.00367551598909 0.0181467596978 0.0220489220943 0.0238075287937 0.00701510835094 0.0341952322276 0.00169584968262 0.0125195005177 0.00235846386201 0.012509790164 0.0311354897607 
0.00308046999807 -0.00794886829764 0.0139176922554 0.0131446959032 0.00659608734645 0.0106419124143 0.0115260613447 -0.00719923940297 0.0112549950189 0.00740732795198 0.0146093541994 0.00634656109839 -0.0112286407045 0.00443350782218 -0.0044075904119 -0.00807050834413 0.0153262506386 -0.00328658024264 0.019414516498 0.2277428288 0.00361410328394 -0.00729617352095 -0.000383686360483 -0.000173383168179 0.00167101004171 0.00591011787552 0.0127900062675 0.0168253246145 0.00171392161941 -0.00487052130768 0.0106808938906 -0.0247829791918 -6.24566418144e-05 0.00236880962901 0.0117993920598 0.0090696043252 0.0153609158226 -0.00829077299082 0.00730721381354 0.00969297104299 
0.0122938900653 0.015167872331 0.0319490409038 6.23200595767e-05 0.00937066481718 0.0182909582565 0.0162084922003 0.0102561864444 0.0219119670239 0.0181412181326 0.0246653240972 0.0275089043113 0.0149704654956 0.0117632645556 0.0222911388647 0.0138703887737 0.0269869171416 0.0177662456367 0.0110185657256 0.00361410328394 0.179539128869 0.0299971227585 0.0293760709692 0.0488208589958 0.0134592981549 0.0134132140671 0.00884096133496 0.0027143405982 0.0154358636575 -0.0088061644309 0.0123456608386 0.00174909240134 0.0183768191408 0.0129863002404 0.00499290572385 0.0247224287689 0.0063324177435 0.0245155503707 0.00789709798207 0.00666259615198 
0.0118288375769 0.0157100401609 0.0335424221951 0.0100117785483 0.0108140814816 0.0221037624033 0.0186436474679 0.0120535255108 0.0121856598431 0.0149145540038 0.00980578280402 0.00384212026229 0.00883582685754 0.0233476284436 0.0194018166782 0.0284978716088 0.0136801124047 0.0142528611761 0.0147267944796 -0.00729617352095 0.0299971227585 0.14663412675 0.0347679522414 0.0229711745847 0.015952638296 0.0118708348753 -0.00200589883127 0.00159485327542 0.0154077379536 0.00401057839307 0.0197776429146 0.00276052710692 0.034593614559 0.0187537163851 0.0158078473885 0.0240964620477 0.01220542554 0.00868261829191 0.0172950482806 0.0183545057597 
0.00332014064004 0.013163160558 0.0281593768 0.0116859277527 0.0216805424029 0.0106809085931 0.017552586431 0.00323107863653 0.041016540561 0.0304590084696 0.0342592892225 0.0281040193431 0.0360125120797 0.0315675071911 0.00425248428833 0.0378212401174 0.00552894373131 0.00911587017724 0.0140501323307 -0.000383686360483 0.0293760709692 0.0347679522414 0.212074243555 0.0146628540205 0.0246768531604 0.000829451340343 0.0044997616862 0.0023034902322 0.0496255162759 0.00640144583851 0.0297129206065 0.018807628464 0.0597261505293 0.03302012617 0.015244101007 0.0256234872611 0.00434776545477 0.00659228822062 0.0135270794153 0.0130243543511 
0.0239318339261 0.0490928135499 0.062762102077 0.0314020801961 0.00675297419368 0.0365967566785 0.0107216103507 0.0105544055109 0.00312843856256 0.00763396936063 0.0731351686565 -0.00150413469515 0.0248286441284 0.00365900286279 0.0235094179398 0.0222316873748 0.0133307674284 -0.00651352643687 0.00179187663318 -0.000173383168179 0.0488208589958 0.0229711745847 0.0146628540205 0.436206934447 0.0128900586606 -0.00194448808311 0.0240579488795 0.0261146833885 0.0201163378274 0.0433500036359 0.0248072667864 -0.000749013591599 0.0121039509083 0.0132322751962 -0.000606313499063 0.0011830147261 0.00960244011828 0.0336394030294 0.0339319733549 0.026300181875 
-0.000373784155778 0.00139735745997 0.0208130486532 0.0377927938241 0.0189127363228 0.00968168235492 0.00462953885393 0.0144580635641 0.0227459548221 0.0217295769777 0.0342610403278 0.0216496552269 0.0143443113463 0.0219338378145 0.0181727161129 0.0335711956838 0.0269672952009 0.0162047212539 0.00307216642117 0.00167101004171 0.0134592981549 0.015952638296 0.0246768531604 0.0128900586606 0.182754829987 0.0125407019356 0.0104758263231 0.0180433965672 0.0486458383703 -0.00104608150331 0.00685864873871 0.0257969374881 0.0231505144803 0.0314867417046 0.012668541575 0.0410574185311 5.52101999174e-05 -0.00354339745943 0.00332757701891 0.00617885201256 
-0.0017346463536 -0.00362268662445 0.00109602291027 -0.00990089559369 0.00659312692854 0.00393366483727 0.00292959107411 0.0235379596464 0.0136229173804 0.0205433023169 0.0174021356833 0.0127642959026 0.00977020057554 0.00306023397287 -0.000812668987841 -0.00330332577317 0.030549075491 0.00609734003236 0.00325228204149 0.00591011787552 0.0134132140671 0.0118708348753 0.000829451340343 -0.00194448808311 0.0125407019356 0.303244372696 -0.0130401902252 -0.00308950876524 0.00997450600238 -0.000409150427775 0.00579505839387 -0.00827717695404 0.0156952778917 -0.000156614279242 0.0169065894735 0.01434912242 0.0175101240184 0.0500195478811 0.00103431155368 0.0249015348617 
0.00314279036398 0.0200775112318 0.0111618461125 0.0567818528091 -0.00443195734053 -0.0127768489354 0.00304246899909 0.00786556192036 0.0295300532222 0.00481311891667 0.0182433153098 0.035754482078 0.0276402796533 0.0136359507132 0.0659899843596 0.0172836182811 -0.00129983795122 0.0192388338716 0.0193688696178 0.0127900062675 0.00884096133496 -0.00200589883127 0.0044997616862 0.0240579488795 0.0104758263231 -0.0130401902252 0.237680946689 -0.00676554409892 0.0268364493415 9.22544794569e-05 0.0115884056716 0.0018675731055 0.0235677540385 0.0225278554355 0.00318899491929 0.015819845962 -0.00915916190054 0.0276652253353 0.0104733233863 0.00107804853042 
0.0123791607838 0.00776478639995 0.0136450744964 -0.00479188848379 0.0105113303853 0.0130050686385 -0.0018229514997 0.0205498312136 0.000428798185397 0.00856979475971 0.0257055859921 0.00208639846654 0.00439937306435 0.0201618182991 0.0116025905741 0.00232041769678 0.00407908772623 -0.0224912311822 0.00670445482504 0.0168253246145 0.0027143405982 0.00159485327542 0.0023034902322 0.0261146833885 0.0180433965672 -0.00308950876524 -0.00676554409892 0.512297203767 0.00462228528144 0.031272248322 0.00533104147989 0.0419158914112 0.0276449661636 0.0151321429682 0.00821615257926 0.0273866357365 0.0181888891349 0.0193833019754 0.0100116926327 0.0197145941653 
0.013073152233 0.0142070204469 0.0192405678115 0.00730044825569 0.032144685676 0.00404583477224 0.0109825960081 0.0111381012398 0.0313662827288 0.0234435702674 0.0456188985414 0.016651285775 0.0311808742151 0.0277820055544 0.00899880014796 0.0586565443441 0.0253809782256 0.0226232371446 0.0209215809232 0.00171392161941 0.0154358636575 0.0154077379536 0.0496255162759 0.0201163378274 0.0486458383703 0.00997450600238 0.0268364493415 0.00462228528144 0.145359155442 0.0289857310316 0.0158160563547 0.0201438370216 0.0562366399014 0.0446710077568 0.013076138813 0.02488537846 -0.000894842852056 0.0180223554754 0.0155490873388 0.00582543562594 
0.0222964487971 0.0168563356004 0.0316772476303 -0.018982865581 0.0101795893744 0.0260437945225 0.0590290735624 0.011768829752 0.0233208049199 0.0247305843148 0.0794602207174 -0.0316913301013 0.00352755350188 0.0086235953584 -0.0188235764248 0.00599087725956 -0.00602559879282 0.00451294666606 0.00367551598909 -0.00487052130768 -0.0088061644309 0.00401057839307 0.00640144583851 0.0433500036359 -0.00104608150331 -0.000409150427775 9.22544794568e-05 0.031272248322 0.0289857310316 0.474353305049 0.0212394434445 0.0101874191419 -0.00485138612749 0.00934242498587 0.0522047011263 0.00876231913325 -0.003868314725 -0.00265721994712 0.00325948993007 0.218019870844 
0.0082758254909 0.000913179678372 0.0154850228124 0.00155736619533 0.021466849448 0.0622306501799 0.0487767956805 0.00898600593153 0.011497451877 -0.00109278580988 0.0183519971294 0.00917427330078 0.00848860831453 0.00482637089261 0.00583998478537 0.0162195486494 0.0115519080352 0.00922676507137 0.0181467596978 0.0106808938906 0.0123456608386 0.0197776429146 0.0297129206065 0.0248072667864 0.00685864873871 0.00579505839387 0.0115884056716 0.00533104147989 0.0158160563547 0.0212394434445 0.125789553043 -0.00118202389647 0.0191276165164 0.0132776068952 0.0384232043451 0.0119384424256 0.0117956788853 0.00979320687043 0.0067726559947 0.0281560350784 
0.0105089595266 0.021336288219 -0.00631760484148 -0.00248775886181 0.0233799296415 0.00011158194378 -0.012260690016 0.0308059963176 0.0215593483816 0.0594810571808 0.023336234972 -0.0103392376454 0.0381995748924 0.0283211033993 0.0206015374889 0.0186140797423 0.00749024605997 0.015119077515 0.0220489220943 -0.0247829791918 0.00174909240134 0.00276052710692 0.018807628464 -0.0007490135916 0.0257969374881 -0.00827717695404 0.0018675731055 0.0419158914112 0.0201438370216 0.0101874191419 -0.00118202389647 0.5690004377 0.0246328363052 0.0584478969361 -0.009405819828 0.0259590782583 0.00056873152523 0.033699748722 0.00534379993354 0.0164041172267 
0.0224396828229 0.00532265962054 0.0211396540802 0.00167942208996 0.0156853753909 0.0162426181164 0.00187341069956 0.00660690437113 0.0135278158417 0.0258301812407 0.0316490194526 0.0106668875524 0.0483757351647 0.002327128092 0.00867708123566 0.0484837708357 0.0148721447096 0.037810437167 0.0238075287937 -6.24566418141e-05 0.0183768191408 0.034593614559 0.0597261505293 0.0121039509083 0.0231505144803 0.0156952778917 0.0235677540385 0.0276449661636 0.0562366399014 -0.00485138612749 0.0191276165164 0.0246328363052 0.230804929102 0.0528405587479 0.0144502440078 0.0282577323241 -0.00485500036462 0.0160321342359 0.0188014875537 -0.00252547351747 
-0.00201216437285 0.00428104657411 0.0223217147296 0.0134416207661 0.0300079739807 0.011153528029 0.015661143863 0.0119626602462 0.0179067920006 0.0159204034036 0.0190780018773 0.00670629052783 0.0327643400874 0.0277872253001 0.0106488848853 0.0411069991246 0.0202055329139 -0.00622533552128 0.00701510835094 0.00236880962901 0.0129863002404 0.0187537163851 0.03302012617 0.0132322751962 0.0314867417046 -0.000156614279241 0.0225278554355 0.0151321429682 0.0446710077568 0.00934242498587 0.0132776068952 0.0584478969361 0.0528405587479 0.182129663703 0.0228229500618 0.0113495737118 0.00527925082728 -0.00440788033158 0.0250137295853 0.000770374417008 
0.0416051354537 0.0154146730882 0.0195331577108 0.00383159357391 0.0156028293074 0.0360236057667 0.0400673685516 0.0227028769144 0.0154478297255 0.0315321276263 0.0467955327723 0.0162629624803 0.012035359007 0.00807336217857 0.006914299129 0.0112112170274 0.0127607111454 0.00447789025302 0.0341952322276 0.0117993920598 0.00499290572384 0.0158078473885 0.015244101007 -0.000606313499063 0.012668541575 0.0169065894735 0.00318899491929 0.00821615257926 0.013076138813 0.0522047011263 0.0384232043451 -0.009405819828 0.0144502440078 0.0228229500618 0.173330979409 0.0141111921222 0.0120043900921 0.011318353817 0.021905268704 0.0645922834773 
0.0162536582723 0.000235005534188 0.0141254404063 0.0202403877356 0.0224556859718 0.00826200776785 0.00069522781807 -0.00484207516034 0.008997785944 0.0439784274704 0.0319706890847 0.00307542602702 0.0165979232623 0.0256329714204 0.0244885753304 0.0240142374943 0.0218096151965 0.0130495889391 0.00169584968262 0.0090696043252 0.0247224287689 0.0240964620477 0.0256234872611 0.0011830147261 0.0410574185311 0.01434912242 0.015819845962 0.0273866357365 0.02488537846 0.00876231913325 0.0119384424256 0.0259590782583 0.0282577323241 0.0113495737118 0.0141111921222 0.202874644382 0.0101157586859 0.00987939714832 0.00828010181184 0.00775881291194 
0.0153958529103 0.00550741882897 0.0226310360808 0.0129906956815 0.0163306128042 0.0194643680792 -0.00584198211583 0.0243191342894 0.0174806682089 0.0271459150353 0.0492267482728 0.0157403544606 0.0197090038473 0.0218989677835 0.0517850098762 0.00553334578471 0.0202120046011 0.0107422449685 0.0125195005177 0.0153609158226 0.0063324177435 0.01220542554 0.00434776545477 0.00960244011828 5.52101999166e-05 0.0175101240184 -0.00915916190054 0.0181888891349 -0.000894842852056 -0.003868314725 0.0117956788853 0.00056873152523 -0.00485500036462 0.00527925082727 0.0120043900921 0.0101157586859 0.206379280284 0.0218134997354 0.0169318143508 0.0279219986569 
0.0177843083126 0.0287201688695 0.0259689026756 -0.00933812461575 0.00696456128162 0.00957865567271 0.0126055515224 0.0162360836493 0.0146866707441 -0.00337671258244 0.0636175752767 0.0212192164598 0.00652144170992 0.00782679308147 0.0104669216132 0.010495053455 0.00433013600816 0.0129164470493 0.00235846386201 -0.00829077299082 0.0245155503707 0.00868261829191 0.00659228822062 0.0336394030294 -0.00354339745943 0.0500195478811 0.0276652253353 0.0193833019754 0.0180223554754 -0.00265721994712 0.00979320687043 0.033699748722 0.0160321342359 -0.00440788033158 0.011318353817 0.00987939714831 0.0218134997354 0.329855382183 -0.000475921922225 0.0250092316142 
0.041528431521 0.0202251238619 0.0256837726532 -0.00190536396081 0.0314407426829 0.0126793865849 0.014236617764 0.000677328027861 0.0120313629294 0.0167324923712 0.0178303287868 0.00748352053112 0.0218938052476 0.0319678327006 0.0123269642249 0.00775458679718 -0.00870309066488 0.0103876368551 0.012509790164 0.00730721381354 0.00789709798207 0.0172950482806 0.0135270794153 0.0339319733549 0.00332757701891 0.00103431155368 0.0104733233863 0.0100116926327 0.0155490873388 0.00325948993007 0.0067726559947 0.00534379993354 0.0188014875537 0.0250137295853 0.021905268704 0.00828010181184 0.0169318143508 -0.000475921922225 0.183961972804 -0.00941590658709 
0.0231733684572 0.00825785232031 0.018513456682 0.0289906619433 0.00162992172533 0.0346812421744 0.0525552615912 0.0281486407421 0.0156917024728 0.000722872295071 0.109947778434 -0.0268576171072 0.0187334026985 0.0320969928439 0.00464532213389 -0.014777141431 0.0315649300001 -0.0039700249287 0.0311354897607 0.00969297104299 0.00666259615198 0.0183545057597 0.0130243543511 0.026300181875 0.00617885201256 0.0249015348617 0.00107804853042 0.0197145941653 0.00582543562594 0.218019870844 0.0281560350784 0.0164041172267 -0.00252547351747 0.000770374417007 0.0645922834773 0.00775881291194 0.0279219986569 0.0250092316142 -0.00941590658709 0.494017064097 
0.0844201304484 0.00255406488868 0.00280128944391 0.0019908630588 0.00277482709085 0.00247624385335 0.00264100767909 0.00131654262616 0.00191910714642 -0.000686369948334 0.0081297161869 0.000543614409075 0.00262685205967 0.000498493774052 0.00407211441771 -2.43646949356e-05 0.00121976239436 0.00374572572571 0.000648362724587 0.000266776527392 0.00106468211079 0.00102440738389 0.000287532613841 0.00207255761392 -3.23706574436e-05 -0.00015022478088 0.000272173629397 0.00107206677163 0.00113216819414 0.00193092910725 0.00071670751124 0.000910102591739 0.00194333353775 -0.000174258546348 0.00360311042308 0.00140760809683 0.00133331997332 0.00154016627874 0.00359646766765 0.00200687257752 
0.00255406488869 0.0404638586445 0.00066057273981 -8.53569187506e-05 0.00196775228217 0.000560083252189 -0.000452289140355 0.00201357906795 0.0017946360659 0.000734855458347 0.00605826199208 -0.00103025014589 0.0020703924854 0.00175049077914 0.00230388126903 0.000987683323249 -3.55667316419e-05 0.00394049742807 0.000488089469528 -0.000688392187709 0.001313576276 0.00136052938738 0.00113996314373 0.00425156236775 0.00012101470585 -0.000313733864673 0.00173876347715 0.000672450227732 0.00123036406191 0.00145980148447 7.9083679969e-05 0.00184777676201 0.000460955844709 0.000370749508796 0.00133494984855 2.03520762637e-05 0.000476956461517 0.0024872395842 0.00175154710591 0.000715150989009 
0.00280128944391 0.00066057273981 0.0190722869365 0.000913132243728 0.0022400739361 0.00249191855681 0.00141924698451 0.00175048524484 0.00135922569912 0.000502900820066 0.00290139055167 -9.33335864839e-05 0.00181568116035 0.00100527716039 0.000346058376818 0.000634469922387 0.000112942263218 0.00031119092915 0.00039498142957 0.00120530750552 0.00276686810492 0.00290485897254 0.00243867356636 0.00543535747936 0.00180246288639 9.49183683426e-05 0.000966644228658 0.00118169811505 0.0016662820508 0.00274333011698 0.00134104231337 -0.00054712062838 0.00183074774607 0.00193311720119 0.00169162107937 0.00122329902315 0.001959905216 0.00224897294255 0.00222427995827 0.00160331237985 
0.0019908630588 -8.53569187506e-05 0.000913132243728 0.0233320584393 0.00133981116682 -0.00113144517285 0.000959952780798 -0.000159362654294 0.00104754553896 0.000518441638523 0.00128502567238 0.0071778646985 9.58740069262e-05 9.1889208035e-05 0.00025140992847 0.000460809516618 0.00121804839701 0.00175470454319 0.00169900623084 0.00113836405772 5.39707547583e-06 0.000867045455987 0.00101203103006 0.00271949991815 0.00327295195317 -0.000857442710436 0.00491745270066 -0.000414989715906 0.000632237364844 -0.00164396438298 0.000134871868815 -0.000215446237282 0.000145442219358 0.00116407850515 0.000331825737198 0.00175286899615 0.0011250272473 -0.000808705314095 -0.000165009359352 0.00251066497154 
0.00277482709085 0.00196775228217 0.0022400739361 0.00133981116682 0.0203953859958 0.00177862369107 0.000515410072653 5.88368411139e-06 0.00231673529919 0.00061710095604 0.00376489833678 0.00391794884039 0.00300424020273 0.00158118769398 0.00183818256432 0.00251540280935 0.00224629350863 -0.00120348436852 0.000870880139075 0.000571237920761 0.000811523378203 0.000936526928164 0.00187759004887 0.000584824720283 0.00163789101106 0.000570981541049 -0.000383818764539 0.000910307914124 0.00278381143921 0.000881578299832 0.00185908369612 0.00202476130082 0.00135839335564 0.00259876677834 0.00135124465511 0.0019447194511 0.00141427255478 0.00060314869961 0.00272284818773 0.000141155362031 
0.00247624385335 0.000560083252189 0.00249191855681 -0.00113144517285 0.00177862369107 0.0160688304436 0.00471828433829 0.00231999893698 0.000717481460561 0.000731836992437 0.00151337199953 0.000569638384304 0.00153405791082 -0.000165165651774 6.97005637253e-05 0.00077728434883 0.00100503288838 0.000810193413269 0.000649610174596 0.00092161664956 0.00158404345097 0.00191424197604 0.000924993817713 0.00316937209797 0.000838458287074 0.000340665367905 -0.00110650757584 0.00112627198189 0.000350379569228 0.00225545876674 0.00538933239499 9.66327979175e-06 0.00140665199127 0.000965923861491 0.00311973577299 0.000715510861322 0.00168566372252 0.000829535914667 0.00109806708869 0.00300348367578 
0.00264100767909 -0.000452289140355 0.00141924698451 0.000959952780798 0.000515410072653 0.00471828433829 0.0178568874314 0.00013156973745 0.000296498920686 -5.81857402632e-05 0.00161850027376 0.000623270462525 0.00133800938841 0.000473661063334 0.000350562814863 0.00119616000149 0.000470458581104 -0.000978184368846 0.000699851960226 0.000998186193009 0.00140369660025 0.00161458723264 0.00152009857513 0.000928518693315 0.000400929825531 0.000253710029288 0.000263485544344 -0.000157872230861 0.000951120714249 0.00511206772669 0.00422419441745 -0.00106180690218 0.000162242125754 0.00135629484377 0.00346993590285 6.02084951866e-05 -0.000505930492076 0.00109167278471 0.00123292726476 0.00455141916405 
0.00131654262616 0.00201357906795 0.00175048524484 -0.000159362654294 5.88368411142e-06 0.00231999893698 0.000131569737449 0.0156569711458 0.000673587235506 0.00252781782627 0.00423585533625 0.000924269089754 0.00160084539802 0.00218459786343 0.000813223905467 0.000393973036408 0.00176403306761 0.00130468825528 0.00219816882131 -0.00062347242109 0.000888211800676 0.00104386592975 0.000279819618086 0.00091403832943 0.0012521050336 0.0020384471007 0.000681177643807 0.00177966758745 0.000964587862356 0.0010192105538 0.000778210941526 0.00266787753999 0.000572174702578 0.00103599676701 0.00196612681469 -0.000419336009589 0.00210609880927 0.00140608608983 5.86583278823e-05 0.00243774379647 
0.00191910714642 0.0017946360659 0.00135922569912 0.00104754553896 0.00231673529919 0.000717481460561 0.000296498920686 0.000673587235506 0.0166136585493 0.00179607639952 0.00326167161795 0.00173119701997 0.00147138470066 0.000578426688385 0.00284606099285 0.00317015282151 -3.43150447777e-05 0.00222551237548 0.00209314351419 0.00097471116058 0.00189763200896 0.0010553090986 0.00355213661012 0.000270930726936 0.00196985747092 0.00117977925251 0.00255737762655 3.7135012165e-05 0.00271639976654 0.00201964094974 0.000995708540429 0.00186709433875 0.00117154321766 0.00155077367728 0.00133782129756 0.000779231120532 0.0015138702744 0.00127190299614 0.0010419465939 0.00135894129701 
-0.000686369948334 0.000734855458347 0.000502900820066 0.000518441638523 0.00061710095604 0.000731836992437 -5.81857402632e-05 0.00252781782627 0.00179607639952 0.0231412185231 0.00093030519688 0.00384437602549 0.0031531025488 0.00167121378888 -0.000486213722522 0.00234821493316 0.00150702100004 0.000100024031849 0.00148972079187 0.000641493418058 0.00157107557584 0.00129163826534 0.00263782751088 0.000661121139802 0.00188183656761 0.00177910216841 0.000416828325327 0.000742165996712 0.0020302727407 0.0021417314267 -9.46380272248e-05 0.00515121065626 0.00223695931388 0.0013787473786 0.00273076235598 0.00380864354079 0.00235090520295 -0.000292431887767 0.0014490763462 6.26025771224e-05 
0.0081297161869 0.00605826199208 0.00290139055167 0.00128502567238 0.00376489833678 0.00151337199953 0.00161850027376 0.00423585533625 0.00326167161795 0.00093030519688 0.0386229916952 0.00524273185993 0.0042936467338 0.00333300289261 0.00287700059729 0.00370748287354 0.00146749475186 0.00251374370407 0.00372869448356 0.00126520718696 0.00213607972607 0.000849205701228 0.00296694147823 0.00633369139666 0.00296709312839 0.00150706915818 0.00157991745076 0.00222616904883 0.00395071250295 0.00688145697316 0.00158932957242 0.00202097723145 0.00274088548509 0.00165220342792 0.00405261201644 0.00276874289239 0.00426316145499 0.00550944363168 0.00154415176872 0.00952175692131 
0.000543614409075 -0.00103025014589 -9.33335864839e-05 0.0071778646985 0.00391794884039 0.000569638384304 0.000623270462525 0.000924269089754 0.00173119701997 0.00384437602549 0.00524273185993 0.0440705794266 0.00176341734391 0.00127178438797 0.00228979142329 -0.000449856556708 0.00159057412529 5.01317343873e-05 0.00286681206021 0.000549628313787 0.00238234099639 0.000332737375154 0.00243387946996 -0.000130261885671 0.00187491514097 0.00110542045131 0.00309642897787 0.000180687407444 0.00144204364868 -0.00274454969475 0.000794515373974 -0.000895404245672 0.000923779559967 0.000580781796226 0.00140841386487 0.000266339706686 0.00136315468275 0.00183763805026 0.000648091888969 -0.00232593787 
0.00262685205967 0.0020703924854 0.00181568116035 9.58740069262e-05 0.00300424020273 0.00153405791082 0.00133800938841 0.00160084539802 0.00147138470066 0.0031531025488 0.0042936467338 0.00176341734391 0.0155466837713 0.000596490356745 0.0012416639353 0.00129595100177 0.00171249585184 8.93817028583e-05 0.00164653250279 -0.000972428810004 0.00129648034256 0.000765205052208 0.00311877503151 0.00215022365567 0.00124225380257 0.000846124189849 0.00239371843475 0.000380996883445 0.00270034291825 0.000305495094583 0.000735135044316 0.00330818022705 0.00418946155794 0.00283747508539 0.00104229266437 0.00143742231953 0.00170684980151 0.000564773419009 0.00189605915299 0.00162236026362 
0.000498493774052 0.00175049077914 0.00100527716039 9.1889208035e-05 0.00158118769398 -0.000165165651774 0.000473661063334 0.00218459786343 0.000578426688385 0.00167121378888 0.00333300289261 0.00127178438797 0.000596490356745 0.0224499044133 0.00175730753679 0.000391958450977 0.00170731260019 0.00178485076947 -0.000253691605213 0.000383953040188 0.00101872859366 0.00202196393503 0.00273382631617 0.000316878943169 0.00189952607498 0.000265024036203 0.00118090797224 0.00174606468335 0.00240599225782 0.000746825265233 0.000417975980109 0.0024526795007 0.000201535204553 0.00240644430106 0.000699173674059 0.00221988044245 0.00189650624172 0.000677820163871 0.00276849552226 0.00277968111879 
0.00407211441771 0.00230388126903 0.000346058376818 0.00025140992847 0.00183818256432 6.97005637253e-05 0.000350562814863 0.000813223905467 0.00284606099285 -0.000486213722522 0.00287700059729 0.00228979142329 0.0012416639353 0.00175730753679 0.0429049528617 0.00105262111359 0.000501312088263 0.00367306186808 0.000108177032219 -0.000381708526619 0.00193046925361 0.00168024661229 0.000368275942289 0.0020359753164 0.00157380338095 -7.03791988338e-05 0.00571490028507 0.00100481381869 0.000779318953171 -0.00163016953739 0.000505757518185 0.00178414548224 0.000751457278079 0.000922220483265 0.000598795869508 0.00212077283386 0.0044847134088 0.000906462001647 0.00106754641703 0.000402296697671 
-2.43646949356e-05 0.000987683323249 0.000634469922387 0.000460809516618 0.00251540280935 0.00077728434883 0.00119616000149 0.000393973036408 0.00317015282151 0.00234821493316 0.00370748287354 -0.000449856556708 0.00129595100178 0.000391958450977 0.00105262111359 0.0143068936553 0.00200650241499 0.00172220289704 0.00121782507004 -0.000698926524748 0.00120121090384 0.0024679880767 0.00327541547443 0.00192532060356 0.00290735082976 -0.000286076403654 0.00149680525007 0.00020095406728 0.00507980575002 0.000518825189773 0.00140465411683 0.00161202659249 0.00419881772149 0.00355997055152 0.00097091987531 0.00207969397226 0.000479201801749 0.00090889829061 0.000671566916221 -0.00127973798745 
0.00121976239436 -3.55667316419e-05 0.000112942263218 0.00121804839701 0.00224629350863 0.00100503288838 0.000470458581104 0.00176403306761 -3.43150447776e-05 0.00150702100004 0.00146749475186 0.00159057412529 0.00171249585184 0.00170731260019 0.000501312088263 0.00200650241499 0.016756415229 0.00191820350185 0.00134406949204 0.00132729223978 0.00233713558145 0.00118473248691 0.000478820572741 0.00115447832449 0.00233543627153 0.00264562754374 -0.000112569268656 0.000353259359518 0.00219805719163 -0.00052183216276 0.00100042458206 0.000648674336853 0.00128796551273 0.00174985048004 0.00110511000222 0.00188876808069 0.0017504109446 0.000375000778491 -0.000753709760722 0.00273360312487 
0.00374572572571 0.00394049742807 0.00031119092915 0.00175470454319 -0.00120348436852 0.000810193413269 -0.000978184368846 0.00130468825528 0.00222551237548 0.000100024031849 0.00251374370407 5.01317343873e-05 8.93817028583e-05 0.00178485076947 0.00367306186808 0.00172220289704 0.00191820350185 0.0287417010283 0.00279118498293 -0.00028462619817 0.00153860200513 0.00123433398551 0.000789457515109 -0.000564087936255 0.00140337002671 0.000528045136354 0.0016661318872 -0.00194779775662 0.0019592298083 0.000390832645874 0.000799061294656 0.00130935052098 0.00327447991148 -0.000539129870851 0.000387796671447 0.00113012755302 0.000930305703639 0.00111859712713 0.000899595740184 -0.000343814244191 
