50
0.0350054865441 0.0169596300077 0.0205855922537 0.752636600207 0.126514999345 0.0900156737744 0.256023639664 0.0773544805674 -0.00773505516991 0.0445332570478 0.0132966740539 0.00388664565626 0.0289140833203 0.0415097954764 0.0242911243805 0.0262084488718 -0.00660692339257 0.0566217234647 0.0594275332512 0.0150252709272 0.0649337142294 0.0680936188342 0.0578888041786 0.0415474718814 0.0678408515538 0.259768981863 0.00753480783794 0.022775665512 0.0979044774238 0.0825599502725 0.0723841835345 0.112278324126 0.0309991269713 0.106356452037 0.0703179731329 0.0436793340255 0.035272852014 0.0766259396051 0.144106781955 0.036872425502 0.0914492870129 0.080702843163 0.112605751981 0.0217130314185 0.099400173405 0.0952470994091 0.0966324757555 0.0498631258667 0.0445346556631 0.12825177486 
0.12933843388 0.0213006234407 0.00485915471046 0.00138189702449 -0.00167320753944 -0.0011754914197 0.0187879141955 0.0264272307193 0.0192876467148 0.0143813439665 0.0192600715037 0.0128319149779 0.0190346816518 0.00317829249913 0.0311855503847 0.0168969600154 0.0220602212426 0.00939554270498 -0.00895001684243 0.0239471448012 0.0173503845274 0.00251967192692 0.01687145293 0.0149210560626 0.0203215144122 0.0151310135371 0.00390399361153 0.021170707011 -0.00911664067097 -0.00752527314611 0.0185713329802 0.00607253689618 -0.00737190572148 0.022567320074 -0.00961396712938 0.0193505245306 0.0210927376429 0.0155736663724 0.00162363561826 0.0134447419359 0.0264446263116 0.0155311967066 0.00925411130245 0.0139510132119 0.0274951551973 0.0377467704403 0.000689543574442 0.00154341358939 0.000976892609902 0.00613484559247 
0.0213006234407 0.162809092485 0.0156233216048 -0.010653965105 0.038332792863 0.00534453688353 -0.00119768961582 0.0129226812915 0.0387808973412 0.0210965353822 0.00128811356664 0.0164893642656 0.028784432131 0.0406239823065 0.0306474257567 0.0179031613833 0.0137716994983 0.0324129747592 0.00375367072283 0.0153748008755 0.0205449739321 0.00295781649984 0.0286096632226 0.015144322054 0.0334584588626 -0.00704862446543 -0.00385942556265 0.032966063483 0.00900189432082 0.000374004896842 0.0194693062182 0.000603321599188 0.00622150366853 0.0328125905867 0.0234157581103 0.0429605837774 0.0131815095823 0.0189535787891 0.00565967080745 0.0260914907723 0.0465197222668 0.0228520381709 0.0556195629608 0.0108080761499 0.00254411210534 0.0241200339268 0.0365210816306 0.025557457526 0.0909955596527 0.0222722212114 
0.00485915471048 0.0156233216048 0.156923887368 0.00270949775772 0.0105659755764 0.0200603634971 -0.00829813880965 0.022974027664 -1.04914307496e-05 0.0205666571829 -0.0115893340759 0.00389230373631 0.0161411689256 0.00309120760289 0.00848545453082 0.00791893330516 0.00538708430885 0.0183975623135 0.0131339523312 0.00394856027127 0.0246695835202 0.0109360361229 -0.0125166033201 0.0209551975664 0.0065768662061 -0.0112340517065 -0.0180927957337 0.00173393067361 -0.00937565250546 0.0312858892668 -0.00205908799064 0.0086861531946 0.0105550372039 -0.012169062587 0.00625226114787 0.00954553120805 0.0137033219705 0.0215837724613 -0.0115410128352 -0.00927179766604 0.0123119484088 0.00286793409782 -0.00656077194103 0.00333093976695 0.00759829586374 -0.000672327641472 0.0319902832803 0.00509672847937 0.0312409657178 0.0043432799152 
0.00138189702449 -0.010653965105 0.00270949775772 7.41624502608 -0.00015299265926 -0.0159638208842 0.0479822126466 0.0379270748543 -0.0147383241519 -0.0164044014487 0.0153398266985 0.02145110753 -0.0159697923982 0.00572700118539 -0.0212810923354 -0.0153339559269 -0.0166862255549 -0.0202847260625 0.0177780314923 0.00396560622302 0.00120653687332 -0.00111676402457 0.0364117813635 -0.00655064074695 -0.00762174229603 -0.0113993594472 0.0222946034786 0.0107327065871 0.0071160825748 -0.0122239945302 -0.00519763998359 0.0159994011871 -0.00646213423774 0.0446881887775 0.0152310724232 0.0417656559098 0.0186953736217 0.0509725292479 0.0243923456882 0.00688830475679 -0.0334760094252 0.0343755526408 0.10947812945 0.0309387356689 0.097144313786 -0.0279948343974 0.0608280694429 0.15566197864 -0.0342225003862 -0.0381163839025 
-0.00167320753945 0.038332792863 0.0105659755764 -0.00015299265926 0.247637189941 -0.00434649150596 -0.00918021737265 -0.00958864195619 0.0446473227102 0.0200912503412 -0.00362569184576 0.054294370263 0.0513946677403 0.019550194356 0.00610587357429 0.023668571742 0.0130379516487 0.027144575617 0.00359039534637 0.0337857781169 0.0286684280397 0.0330385345116 0.0483954254845 0.0122504880223 0.0208347890254 0.0311366873482 0.0251810722641 0.0226214027328 0.002473041642 -0.00683013501454 -0.00214443836138 0.0334559788134 0.0190093974491 0.0556118632483 0.00959954457018 0.0462899978891 0.0146512085577 0.0123086500618 0.000352050146013 0.0117978059201 0.0327275664338 0.0257022759021 0.0323966067987 0.00327241872752 0.00987355281309 0.00747440579462 0.0204693935865 0.00568339626531 0.0136216745467 0.0308330872209 
-0.00117549141972 0.00534453688353 0.0200603634971 -0.0159638208842 -0.00434649150596 0.233663912575 0.0262335690377 -0.00162529271556 0.00413285966907 0.00904621417987 0.014588050723 0.00882003129264 0.00460327270194 0.0123447136503 0.0253829254715 -0.00509888446495 0.0181539243686 0.0217859348105 0.00471323340582 0.0195322400223 0.0172112045522 0.00772073385488 -0.00896874113381 0.00121048247636 0.0134868838424 0.0178102592277 0.021411734252 0.0129736216943 0.0224577404756 0.00419295553287 -0.0167680663493 0.0303854251299 0.000863419873936 -0.00829548292621 -0.0121295381646 0.00570434642679 0.00244638567779 -0.000692279292897 -0.00131524318809 -0.00793903816291 0.0438335909058 0.022674957597 0.0119615941682 0.00622589074653 0.00193931825715 0.0499473397077 -0.00676499036283 0.0396023424262 0.0191206867009 0.023596664086 
0.0187879141955 -0.00119768961582 -0.00829813880965 0.0479822126466 -0.00918021737265 0.0262335690377 0.697337651659 0.0436301343945 9.49619026246e-05 -0.00781397044006 0.00312652746813 -0.00301104299383 -0.0194980702872 0.0410090896978 0.0117071196001 0.00610000170794 0.0207748528805 0.0239158488101 -0.0128525661296 0.0289659122792 0.0298806565385 0.0436876262594 0.0204900522978 0.0247163230198 0.0157963980738 0.000418896082261 0.053539702078 0.0119950597367 0.0207735128945 0.0141694166747 0.00494905648684 0.0195839387141 0.00940801252344 0.0637842717976 0.0129024033703 0.00702621038252 -0.0108150506799 0.0269551756814 -0.00510930394947 0.00875590192862 0.0468480890106 0.0369151943445 0.0387715799328 0.00614001938073 0.0972076004586 0.0571194714377 0.0469898540406 0.029098647616 0.0329734115043 0.0209014055066 
0.0264272307193 0.0129226812915 0.022974027664 0.0379270748543 -0.00958864195619 -0.00162529271556 0.0436301343945 0.275850369837 0.0121134780521 0.0235393986293 0.00684611677763 0.0114476684749 0.00643537156073 -0.000906262389122 0.0220149908022 0.0283269268032 0.0290842427881 0.0353079601875 -0.00161987557685 0.00986142702642 0.029415500501 0.00659266687394 -0.00573407357323 0.0380351500212 0.0230117048875 0.00818296638694 0.00290677524377 0.0281718314279 0.00614018105101 0.0209417339586 0.025082303657 0.0176742333313 0.0220914681069 -0.00249604699349 0.000902877845519 0.0205491948087 0.0585326762021 0.0302589794316 -0.00148027114081 0.0362071038937 0.0719615032188 -0.00397087062308 0.0135426985811 0.0258794195808 0.0516782511564 0.046304387805 0.0388458227979 0.00400308778766 0.00599284641196 -0.0167107016875 
0.0192876467148 0.0387808973412 -1.04914307521e-05 -0.0147383241519 0.0446473227102 0.00413285966907 9.49619026223e-05 0.0121134780521 0.115304267496 0.0101719470481 0.0037631747847 0.0406869132677 0.0453487005999 0.00753460522493 0.0157420175369 0.0130266226071 -0.00243215086522 0.0187459474454 0.00534041508119 0.0168318018198 0.0140283048429 0.0101785612571 0.0268320111944 0.0187816660034 0.0200185332087 0.00883783252246 0.0100932516396 0.0325603265454 0.00283182037306 -0.00297513406084 -0.000925851743225 -0.00224088437775 -0.00117092950901 0.00964912421552 0.0091938372874 0.0338596895726 0.0113714044407 0.00705239646764 -0.000523855569114 0.0128650453318 0.0175098203355 0.0042646351047 0.0257808238786 0.00337207578817 -0.0011896695994 0.0108510439916 0.0277648958992 0.0178593226145 0.0122069229193 0.0028591439327 
0.0143813439665 0.0210965353822 0.0205666571829 -0.0164044014487 0.0200912503412 0.00904621417986 -0.00781397044007 0.0235393986293 0.0101719470481 0.171515688604 0.0467307534995 -0.00494904034232 0.00754151833787 -0.0133036551267 0.00224188744175 0.0184098811906 0.00201000094837 -0.00582234373098 0.000492223442193 0.0247904585728 0.00349538842295 0.014840961564 0.019531398432 0.0193100736665 0.00106455969994 0.028623956401 0.0113969940689 0.00948312210519 0.00438122204386 -0.00864806245258 -0.00931405545846 -0.0047740330616 -0.00386739851591 -0.000744916090105 -0.00252711430829 0.000185574108732 0.0364220362619 0.00496358149528 -0.00223187571894 0.0158747488648 0.0121636813626 -0.0214041477244 0.00583357899868 -0.00756955110302 0.0226082881407 0.0209421463698 0.00512144646606 -0.00195715720749 0.00888086319987 -0.0125789463391 
0.0192600715037 0.00128811356664 -0.0115893340759 0.0153398266985 -0.00362569184576 0.014588050723 0.00312652746812 0.00684611677763 0.0037631747847 0.0467307534995 0.270551585546 -0.00102168516795 0.00950305643775 -0.0107109505038 0.0228113486291 0.0128279165953 0.00927879241942 -0.000812839421199 0.0155454483406 0.00757867690377 0.0108933301737 0.0103984936105 -0.000448122026908 0.0263049817899 0.000727892249261 -0.00477538882989 0.0944150126919 0.0219141665584 0.0574453601205 0.0127677660665 0.00756332258449 0.00719381943727 0.0203163712658 0.0122015876516 -8.34232890157e-05 -0.00702622055483 0.00212256197425 0.0153204186556 -0.0114596217617 0.00182835919278 0.0474888591298 -0.000693472886085 -0.0015171686263 0.0242779012529 0.0515527265775 0.0277432853994 0.0359635532059 0.00366788702411 -0.00660701637638 -0.0104314156299 
0.012831914978 0.0164893642656 0.00389230373631 0.02145110753 0.054294370263 0.00882003129264 -0.00301104299383 0.0114476684749 0.0406869132677 -0.00494904034231 -0.00102168516795 0.219236165998 0.043485456168 0.0186880075919 0.0310521512931 0.0264088095614 -0.00465537751538 0.0281904687972 0.0214162113176 0.0119228060055 0.00381378857062 0.0115060826259 0.0408451655623 0.00382204559127 0.0217328829342 0.0244401812986 0.00440524926582 0.0105224099854 -0.01067579854 0.0152840460288 -0.0018100787123 0.00572366005676 0.00397489471313 0.0282391629001 0.00459813456207 0.034658390323 0.00037126905982 0.0124416215982 -0.00877943590647 0.0180223113542 0.0228404884829 -0.000348408895726 0.00805267613127 0.0151119001541 0.0152735942571 0.0320591411465 0.0356170822159 0.0110261668956 -0.00936641359044 0.0205833283326 
0.0190346816518 0.028784432131 0.0161411689256 -0.0159697923982 0.0513946677403 0.00460327270193 -0.0194980702872 0.00643537156073 0.0453487005999 0.00754151833786 0.00950305643775 0.043485456168 0.212893048747 0.0148668079866 0.0190021695466 0.00280407702789 -0.00508119472849 0.0255645687775 0.0035905918371 0.0133277658969 0.0288804651362 0.0147045392521 0.0175135851857 0.0226279440315 0.0218638430776 -0.0035157417659 0.0255583785845 0.0173528473149 0.00724726127164 -0.00457989152459 0.0204539938434 0.025790920836 0.00659318658108 0.0364484812058 0.00115228180277 0.0470847169787 -0.00635864126551 0.0101267480594 0.0165573365096 0.00379643052752 0.00139846418482 0.0131685333468 0.0095009227984 0.0120338478823 0.00210002635375 0.0147305705415 0.00969247224408 0.0174713385621 -0.000156649926297 0.0350843488786 
0.00317829249913 0.0406239823065 0.0030912076029 0.00572700118539 0.019550194356 0.0123447136503 0.0410090896978 -0.000906262389126 0.00753460522493 -0.0133036551267 -0.0107109505038 0.0186880075919 0.0148668079866 0.360853275499 0.0261467837072 0.00340968568136 -0.00774173007988 0.0162698563872 0.00384332688878 -0.0106606285342 0.0138638738315 0.00549967210758 0.107131266707 0.0121073017991 -0.00246750177388 0.0337750321715 0.0131680645162 0.0297742434876 -0.0169734551609 -0.00798904917345 0.0147358882123 0.000708582983225 -0.00629893493394 0.132412105329 0.02032077742 0.02459753813 0.00914193466147 -0.000369356098832 0.0105833357508 -0.0106734453377 0.0279957154975 0.171530132444 0.180706044237 0.0256040855493 0.0047750971827 0.0349739590298 -0.00691482279953 0.0383032749676 0.0549321969895 0.0627407900483 
0.0311855503847 0.0306474257567 0.00848545453081 -0.0212810923354 0.0061058735743 0.0253829254715 0.0117071196 0.0220149908022 0.015742017537 0.00224188744174 0.0228113486291 0.0310521512931 0.0190021695466 0.0261467837072 0.223863140911 0.0244591282705 0.0192151813584 0.0583233213072 0.0236230040726 0.0233911752233 0.0114077954682 0.0229213986139 0.0260006528066 0.0309978416719 0.019996582381 0.0326880233176 0.0162487749997 0.0408862693457 0.00388261612909 0.0185071779274 0.0150028874017 0.0179892265074 0.00750500939472 0.023483649551 0.0206771787782 0.0167776498358 0.0109348003466 0.0219200240457 0.0181016666922 0.0201122255527 0.0733339143769 0.0163519471904 0.0572677408699 -0.00238386721119 0.0100788094764 0.0201826247503 0.015180321903 0.0430981440624 0.0199438300705 0.0115162723282 
0.0168969600154 0.0179031613833 0.00791893330516 -0.0153339559269 0.023668571742 -0.00509888446495 0.00610000170794 0.0283269268032 0.0130266226071 0.0184098811906 0.0128279165953 0.0264088095614 0.00280407702789 0.00340968568137 0.0244591282705 0.305451535674 0.043787138196 0.0353002141176 0.0175875690824 0.0285916270363 0.0036313040748 0.0165043767825 0.0265428360873 0.0150771668257 0.0349362865433 0.0326181784607 -0.00832112845209 0.0357684955738 -0.00362550834628 0.058404455086 0.00998356905204 0.0236655159924 0.028819649845 0.0438061159135 0.0369818211648 0.0225304772074 0.0237950006501 0.0160324788477 0.00905669437005 0.0350396699565 0.0596976758611 -0.0227598681616 0.0303748519602 0.0130809536818 0.0397832509339 -0.00144022342535 0.0448895747644 0.00698664293455 0.0316879901807 0.00543785190852 
0.0220602212426 0.0137716994983 0.00538708430885 -0.0166862255549 0.0130379516487 0.0181539243686 0.0207748528805 0.0290842427881 -0.00243215086522 0.00201000094837 0.00927879241942 -0.00465537751538 -0.00508119472849 -0.00774173007988 0.0192151813584 0.043787138196 0.16753206168 0.0256358355059 -0.00468462542186 0.0292908923451 0.0143576425738 0.00974131640901 0.0118103853735 0.015623053396 0.00515878589001 0.0495354644991 0.014349766291 0.0237681746428 0.0272164286915 0.0270068982497 0.0135086848437 0.0225511917682 0.00612445140658 0.0029895634456 0.0208703471085 0.00308449510666 0.00347805722491 0.0142075310566 0.0170902562726 0.0212220102856 0.0282446617653 -0.0177024237679 0.0219656258543 0.0155608025385 0.0232956931167 0.0140406707129 0.0116593378303 0.010135369506 0.0043427744044 0.00180461726712 
0.00939554270499 0.0324129747592 0.0183975623135 -0.0202847260625 0.027144575617 0.0217859348105 0.0239158488101 0.0353079601875 0.0187459474454 -0.00582234373096 -0.00081283942121 0.0281904687973 0.0255645687775 0.0162698563872 0.0583233213072 0.0353002141176 0.0256358355059 0.167711836487 0.0132470110677 0.017662327069 0.0311177837563 0.0227187633486 0.0187372171866 0.0138407020627 0.0223957655363 0.0252921502629 -0.00238179514951 0.0365767095605 0.00165888751014 0.0260671117796 0.0146422228155 0.0102159960889 0.027431993094 0.0445925150765 0.0160304649089 0.0303431949727 0.0182356143398 0.0166398511645 -0.00420485979202 0.0152016194653 0.0466886340517 0.0236630137996 0.0283764806627 0.022646886681 0.00505035220068 0.0214574219338 0.0207162536886 0.0327533665393 0.0411142823271 0.00786017125918 
-0.00895001684244 0.00375367072284 0.0131339523312 0.0177780314923 0.00359039534638 0.00471323340583 -0.0128525661296 -0.00161987557686 0.00534041508119 0.00049222344219 0.0155454483406 0.0214162113176 0.00359059183711 0.00384332688878 0.0236230040726 0.0175875690824 -0.00468462542186 0.0132470110677 0.226183392355 -0.00402221536145 0.00748791700628 0.0236233404383 0.000776448198804 0.00208215097307 -0.000907685437912 0.0345468913351 -0.00182877722444 0.0104403809283 -0.00597269994934 -0.00794242977763 0.00285751357795 0.00672160151441 0.0132182559778 0.0370901104574 0.019803576063 0.0161352294946 0.0186369288889 0.00296764593628 0.0126906623909 0.00789419509575 0.0112418101649 -0.0217794367061 0.00401833240836 -0.00220038724404 0.0298917199652 0.000770837371044 -0.0060279625761 0.0183924094874 0.0208758188335 0.0272956003573 
0.0239471448012 0.0153748008755 0.00394856027127 0.00396560622302 0.0337857781169 0.0195322400223 0.0289659122792 0.00986142702641 0.0168318018198 0.0247904585728 0.00757867690377 0.0119228060055 0.0133277658969 -0.0106606285342 0.0233911752233 0.0285916270363 0.0292908923451 0.017662327069 -0.00402221536144 0.177354611445 0.0133084729842 0.0125769191017 -0.00518830983643 0.0293687170479 0.00977906666149 0.0223494004503 0.0130280248778 0.0253131211009 0.0151486421587 0.0376872800371 0.0169056186665 0.0130028785908 0.0155012940304 0.0181456203482 0.00227814317512 0.0162688995243 0.0237441754345 0.0156200782124 0.0269681129119 0.0128182304665 0.041059442908 -0.0155569708686 -0.00769022831872 -0.00139059167735 0.0101912620858 0.0258522279617 0.00868240570652 0.0276827522066 -0.00947335419235 -0.000254424284827 
0.0173503845275 0.0205449739321 0.0246695835202 0.00120653687332 0.0286684280398 0.0172112045522 0.0298806565385 0.029415500501 0.0140283048429 0.00349538842294 0.0108933301737 0.00381378857061 0.0288804651362 0.0138638738315 0.0114077954682 0.00363130407481 0.0143576425738 0.0311177837562 0.00748791700628 0.0133084729842 0.17569086433 0.0205158173072 0.0119220918482 0.0252308513895 0.010006222882 0.0488519849429 0.0156759064989 0.0322936387139 0.0260683045521 0.0205848777369 0.0285257220631 0.016730090297 0.0237774888764 0.0415311761237 0.0139396573798 0.0106568699399 0.00851340961644 0.0301258534275 0.0113181447933 0.0181037763819 0.0452692906298 0.0308381572009 0.0421262864877 0.0207844611292 0.0349180408506 0.0243824630536 0.0244545977908 0.0211277538684 0.0101540880653 0.0303365739884 
0.00251967192691 0.00295781649984 0.0109360361229 -0.00111676402457 0.0330385345116 0.00772073385488 0.0436876262594 0.00659266687394 0.0101785612571 0.014840961564 0.0103984936105 0.0115060826259 0.0147045392521 0.00549967210758 0.0229213986139 0.0165043767825 0.00974131640901 0.0227187633486 0.0236233404383 0.0125769191017 0.0205158173072 0.29046087031 0.00405400162754 0.0218023317444 0.0131304995824 0.0202515991055 0.051535364971 0.0295657909482 0.0316734240077 0.0245550450524 0.0264277986405 0.0348758665401 -0.0110175004058 0.0272773039148 0.020398604953 0.0039216072269 0.0154876711875 -0.000680466015398 0.0389315645576 0.00383247890142 0.00499101530276 0.0172367623273 0.0357288018692 0.0220332589535 0.00314828780358 0.0183096643875 0.00847323899185 -0.0020585678372 -0.00126399255305 -0.0254571930173 
0.01687145293 0.0286096632226 -0.0125166033201 0.0364117813635 0.0483954254845 -0.00896874113381 0.0204900522978 -0.00573407357322 0.0268320111944 0.019531398432 -0.000448122026905 0.0408451655623 0.0175135851857 0.107131266707 0.0260006528066 0.0265428360873 0.0118103853735 0.0187372171866 0.0007764481988 -0.00518830983644 0.0119220918482 0.00405400162754 0.385351634724 -0.00337010335571 -0.0258125143285 0.0613053709631 -0.00472529037557 0.0403248410011 0.0158642336352 -0.0174776593706 0.0224493286581 -0.00207508205302 0.00100420175238 0.103597672629 0.00445068608364 0.0163298128022 -0.000847332335468 0.0216568087336 -0.0203761917395 0.00182451651802 0.0310301503455 0.0779479594864 0.132551230174 -0.00907436944711 0.0275125777416 0.0287146671682 -0.0139209118285 0.0370957617545 0.0317701116371 0.0691147515579 
0.0149210560626 0.015144322054 0.0209551975664 -0.00655064074695 0.0122504880222 0.00121048247636 0.0247163230198 0.0380351500212 0.0187816660034 0.0193100736666 0.0263049817899 0.00382204559128 0.0226279440315 0.0121073017991 0.0309978416719 0.0150771668257 0.015623053396 0.0138407020627 0.00208215097307 0.0293687170479 0.0252308513895 0.0218023317444 -0.00337010335571 0.173464615374 0.0191959284508 0.0112771235052 0.0156066208646 0.0133332977446 0.0242323793788 0.0142095457564 0.0346759290651 0.0309658091134 0.0107289596637 -0.00649415843687 -0.00274156339 0.0135565861535 0.0265631470146 0.0110674478925 0.0118315639099 0.015868591764 0.0224306466962 -0.00516583186692 0.00506372418133 0.00927675942043 0.0146992852695 0.0139223059698 0.00917895632687 0.0138549450143 -0.00494415213751 0.00772583422163 
0.0203215144122 0.0334584588626 0.0065768662061 -0.00762174229603 0.0208347890254 0.0134868838424 0.0157963980738 0.0230117048875 0.0200185332087 0.00106455969994 0.000727892249259 0.0217328829342 0.0218638430776 -0.00246750177389 0.019996582381 0.0349362865433 0.00515878589001 0.0223957655363 -0.000907685437912 0.00977906666148 0.010006222882 0.0131304995824 -0.0258125143285 0.0191959284508 0.353670470958 0.0258452356346 0.0144399415047 0.0166019549853 0.0281469372866 0.00898972713672 0.00585594936924 0.0068253163462 0.010530869839 0.00282265233056 0.0397341245556 0.0241556871201 0.00869813982466 0.00682532303503 -0.00526255686338 0.0162223261231 0.0582904780055 0.000659037472103 -0.0167772554779 -0.00658871543871 0.0308647486612 0.0475925348733 0.00102988029409 0.00262719934594 0.0114751086556 -0.0165252315684 
0.0151310135371 -0.00704862446543 -0.0112340517065 -0.0113993594472 0.0311366873482 0.0178102592277 0.000418896082261 0.00818296638694 0.00883783252246 0.028623956401 -0.0047753888299 0.0244401812986 -0.0035157417659 0.0337750321715 0.0326880233176 0.0326181784607 0.0495354644991 0.0252921502629 0.0345468913351 0.0223494004503 0.0488519849429 0.0202515991055 0.0613053709631 0.0112771235052 0.0258452356346 0.608065981092 -0.00575235196353 0.0612055123501 0.00908986482782 0.0247107270087 0.0242978708022 0.0287217157903 0.0326340845564 0.0392554281716 -0.0133970636362 -0.00225435559638 0.0312072146938 -0.00573904529504 0.0477207373836 0.0150163254645 0.0228640916716 0.0104858813579 0.0259768191892 -0.0144124354187 0.0424494939475 0.0160897422062 0.00621906960806 0.0349556108314 -0.0193572663803 0.0424260261814 
0.00390399361154 -0.00385942556264 -0.0180927957337 0.0222946034786 0.0251810722641 0.021411734252 0.053539702078 0.00290677524377 0.0100932516396 0.0113969940689 0.0944150126919 0.00440524926581 0.0255583785845 0.0131680645162 0.0162487749997 -0.00832112845208 0.014349766291 -0.00238179514953 -0.00182877722443 0.0130280248778 0.0156759064989 0.051535364971 -0.00472529037557 0.0156066208646 0.0144399415047 -0.00575235196352 0.279154473629 0.0202413274592 0.0328357681784 0.000252006109019 0.0357140080588 0.0119755850513 0.0177708231383 0.00294215844082 0.00419150738831 0.0103895385535 0.0203969124342 0.0165624940298 -0.010323580456 -0.0168553703047 0.0341193968182 0.0120511232985 0.0138645546604 0.0231392328416 0.0478203681586 0.0122785226956 0.025241010726 0.0140829375212 0.0191115528009 -0.005456604117 
0.021170707011 0.032966063483 0.00173393067362 0.0107327065871 0.0226214027328 0.0129736216943 0.0119950597367 0.0281718314279 0.0325603265454 0.0094831221052 0.0219141665584 0.0105224099854 0.0173528473149 0.0297742434876 0.0408862693457 0.0357684955738 0.0237681746428 0.0365767095605 0.0104403809283 0.0253131211009 0.0322936387139 0.0295657909482 0.0403248410011 0.0133332977446 0.0166019549853 0.0612055123501 0.0202413274592 0.214009470149 0.00501262033113 0.000698063582528 0.0318493050352 0.0282431911219 0.0318973177995 0.0290573363343 0.017840391291 0.0199464761126 0.0276927020758 0.0168592326458 0.0152027203887 0.0155267163064 0.0283995689104 0.0205665521248 0.0381512508383 0.0168884806698 0.030198533945 0.0228846401238 0.0129864632653 0.0208913382608 0.0186343062118 -0.0111423399817 
-0.00911664067096 0.00900189432082 -0.00937565250546 0.0071160825748 0.002473041642 0.0224577404756 0.0207735128945 0.00614018105101 0.00283182037307 0.00438122204386 0.0574453601205 -0.01067579854 0.00724726127164 -0.0169734551609 0.00388261612909 -0.00362550834628 0.0272164286915 0.00165888751013 -0.00597269994933 0.0151486421587 0.0260683045521 0.0316734240077 0.0158642336352 0.0242323793788 0.0281469372866 0.00908986482784 0.0328357681784 0.00501262033113 0.507020496687 0.0100339761885 0.0283444181037 0.0261576810591 0.0135991740736 -0.0292857874321 0.0108525952937 -0.00269538447966 -0.00665962211339 0.026477633878 0.0224152788183 0.0117959373143 0.0571034481364 -0.0304384240065 -0.0169638175958 0.0664308890488 0.000733198431518 -0.00858417165328 0.0487310150859 0.0189146770254 0.0185508242978 0.0118603756202 
-0.00752527314612 0.000374004896841 0.0312858892668 -0.0122239945302 -0.00683013501454 0.00419295553288 0.0141694166747 0.0209417339586 -0.00297513406084 -0.00864806245258 0.0127677660665 0.0152840460288 -0.00457989152459 -0.00798904917345 0.0185071779274 0.058404455086 0.0270068982497 0.0260671117797 -0.00794242977764 0.0376872800371 0.0205848777369 0.0245550450524 -0.0174776593706 0.0142095457564 0.00898972713672 0.0247107270087 0.000252006109013 0.000698063582525 0.0100339761885 0.359127507868 0.0400932759846 0.0120622479105 0.0136130792756 0.0204293540047 0.0553702001309 0.0267257204527 -0.0127920123562 0.0203338582732 0.00116144864167 0.00279807091459 0.00795231178328 -0.0115115533843 -0.0144602028068 0.00796438888007 0.0204159557104 0.0130800925596 0.0436550587411 0.0156574429328 -0.00674923840103 -0.00968235244743 
0.0185713329802 0.0194693062182 -0.00205908799064 -0.00519763998359 -0.00214443836139 -0.0167680663493 0.00494905648683 0.025082303657 -0.000925851743225 -0.00931405545846 0.00756332258449 -0.0018100787123 0.0204539938434 0.0147358882123 0.0150028874017 0.00998356905204 0.0135086848437 0.0146422228155 0.00285751357794 0.0169056186665 0.0285257220631 0.0264277986405 0.0224493286581 0.0346759290651 0.00585594936925 0.0242978708022 0.0357140080588 0.0318493050352 0.0283444181037 0.0400932759845 0.325052826151 0.030744799515 0.017702677786 0.0718663016985 0.0244042716934 0.0149280324508 0.00194979692225 0.018839923964 0.0394096794419 0.00859036155024 0.00980314007757 0.0399027637394 0.0510216347945 0.0250922277054 -0.00392334963733 0.00147798776333 0.00913846529511 0.0241171903793 -0.0351223038057 -0.0149845884572 
0.0060725368962 0.000603321599191 0.00868615319459 0.0159994011871 0.0334559788134 0.03038542513 0.0195839387141 0.0176742333313 -0.00224088437775 -0.00477403306161 0.00719381943726 0.00572366005675 0.025790920836 0.000708582983227 0.0179892265074 0.0236655159924 0.0225511917682 0.0102159960889 0.00672160151442 0.0130028785908 0.016730090297 0.0348758665401 -0.00207508205302 0.0309658091134 0.00682531634619 0.0287217157903 0.0119755850513 0.0282431911219 0.0261576810591 0.0120622479105 0.030744799515 0.233417852507 0.0129460101469 0.00303216830593 0.000538356853288 0.0164032550817 0.00436326031498 0.0251076547982 0.122054787137 0.00556713075633 0.029661712784 0.0210088645528 -0.00349048188447 0.0142794993466 0.0217486656352 0.0184753268025 0.0209115307842 0.0167099474388 -0.0221569464172 -0.000760736162375 
-0.00737190572148 0.00622150366853 0.0105550372039 -0.00646213423774 0.0190093974491 0.000863419873936 0.00940801252344 0.0220914681069 -0.00117092950901 -0.00386739851591 0.0203163712658 0.00397489471313 0.00659318658108 -0.00629893493394 0.00750500939472 0.028819649845 0.00612445140658 0.027431993094 0.0132182559778 0.0155012940304 0.0237774888764 -0.0110175004058 0.00100420175238 0.0107289596637 0.010530869839 0.0326340845564 0.0177708231383 0.0318973177995 0.0135991740736 0.0136130792756 0.017702677786 0.0129460101469 0.476408404734 0.0332809646641 0.0199803953093 -0.00161592314403 -0.00424905642479 -0.00038904172815 -0.00860633841615 -0.00340677012461 0.0414064024318 -0.00903299735894 -0.0127984915037 0.0118324243236 -0.00529214404833 -0.0292768899209 0.00725525524461 -0.0217038041918 0.0696902441177 -0.0303619771297 
0.022567320074 0.0328125905867 -0.012169062587 0.0446881887775 0.0556118632483 -0.00829548292621 0.0637842717976 -0.00249604699348 0.00964912421552 -0.000744916090107 0.0122015876516 0.0282391629001 0.0364484812058 0.132412105329 0.023483649551 0.0438061159135 0.0029895634456 0.0445925150765 0.0370901104574 0.0181456203482 0.0415311761237 0.0272773039148 0.103597672629 -0.00649415843687 0.00282265233056 0.0392554281716 0.00294215844082 0.0290573363343 -0.0292857874321 0.0204293540047 0.0718663016985 0.00303216830593 0.0332809646641 0.453233252021 0.0198046883061 0.0391828018428 0.0202388432252 -0.0127956679492 -0.00183936507118 0.00960015944945 0.103053903812 0.127842771565 0.143322630715 0.0286336203273 0.0295645604787 0.016874851207 0.00351658902642 0.0350166635433 0.0509088701094 0.0493149035446 
-0.00961396712938 0.0234157581103 0.00625226114787 0.0152310724232 0.00959954457018 -0.0121295381646 0.0129024033703 0.000902877845522 0.0091938372874 -0.00252711430829 -8.34232890163e-05 0.00459813456207 0.00115228180278 0.02032077742 0.0206771787782 0.0369818211648 0.0208703471085 0.0160304649089 0.019803576063 0.00227814317512 0.0139396573798 0.020398604953 0.00445068608364 -0.00274156339 0.0397341245556 -0.0133970636362 0.00419150738831 0.017840391291 0.0108525952937 0.0553702001309 0.0244042716934 0.000538356853288 0.0199803953093 0.0198046883061 0.270918612042 0.0238157498739 0.00425185670109 0.0286091879039 -0.00179987688837 0.00141957732008 0.0135964246352 -0.00977586145266 0.00505975083938 0.0157727377115 0.00510705951501 0.00437854320021 0.0115839493248 0.0180515596673 0.0439330103497 0.0127971835618 
0.0193505245306 0.0429605837775 0.00954553120805 0.0417656559098 0.0462899978891 0.00570434642679 0.00702621038252 0.0205491948087 0.0338596895726 0.000185574108739 -0.00702622055484 0.034658390323 0.0470847169787 0.02459753813 0.0167776498358 0.0225304772074 0.00308449510665 0.0303431949727 0.0161352294947 0.0162688995243 0.0106568699399 0.0039216072269 0.0163298128022 0.0135565861535 0.0241556871201 -0.00225435559638 0.0103895385535 0.0199464761126 -0.00269538447966 0.0267257204527 0.0149280324508 0.0164032550817 -0.00161592314403 0.0391828018428 0.0238157498739 0.191311343118 0.00786199436416 0.00805189703685 -0.00794913028063 0.0261266619367 0.00289936729732 0.0108338510964 0.0315300451541 0.00592698972625 0.025754944292 0.00549341333284 0.00869704933944 0.00628712759941 0.0250936206078 0.0127003377285 
0.0210927376429 0.0131815095823 0.0137033219705 0.0186953736217 0.0146512085577 0.00244638567779 -0.0108150506799 0.0585326762021 0.0113714044407 0.0364220362619 0.00212256197426 0.000371269059826 -0.00635864126551 0.00914193466147 0.0109348003466 0.0237950006501 0.0034780572249 0.0182356143398 0.0186369288889 0.0237441754345 0.00851340961644 0.0154876711875 -0.000847332335465 0.0265631470146 0.00869813982466 0.0312072146938 0.0203969124342 0.0276927020758 -0.00665962211339 -0.0127920123562 0.00194979692224 0.00436326031498 -0.00424905642479 0.0202388432252 0.00425185670109 0.00786199436417 0.262004660348 0.0365075302624 0.0058070096893 0.0418331867318 0.00890133347427 -0.00259021751208 0.00605186464533 0.0151931016822 0.0121112442721 0.0257234597059 0.0080388396019 0.0166698283038 0.00284875748211 0.00806987027247 
0.0155736663724 0.0189535787891 0.0215837724613 0.0509725292479 0.0123086500618 -0.000692279292901 0.0269551756814 0.0302589794316 0.00705239646764 0.00496358149529 0.0153204186556 0.0124416215982 0.0101267480594 -0.000369356098835 0.0219200240457 0.0160324788477 0.0142075310566 0.0166398511645 0.00296764593628 0.0156200782124 0.0301258534275 -0.000680466015399 0.0216568087336 0.0110674478925 0.00682532303503 -0.00573904529503 0.0165624940298 0.0168592326458 0.026477633878 0.0203338582732 0.018839923964 0.0251076547982 -0.00038904172815 -0.0127956679492 0.0286091879039 0.00805189703685 0.0365075302624 0.245060577397 0.00505880612906 0.0191374837113 0.0457462988017 0.00619750297321 0.0105429256755 0.000478453072268 0.0321536571143 0.0677494662805 0.0379850708347 0.0334546358932 0.0306144477709 0.00441850164542 
0.00162363561827 0.00565967080745 -0.0115410128352 0.0243923456882 0.000352050146007 -0.0013152431881 -0.00510930394948 -0.0014802711408 -0.000523855569117 -0.00223187571893 -0.0114596217617 -0.00877943590647 0.0165573365096 0.0105833357508 0.0181016666922 0.00905669437005 0.0170902562726 -0.00420485979202 0.0126906623909 0.0269681129119 0.0113181447933 0.0389315645576 -0.0203761917395 0.0118315639099 -0.00526255686338 0.0477207373836 -0.010323580456 0.0152027203887 0.0224152788183 0.00116144864167 0.0394096794419 0.122054787137 -0.00860633841615 -0.00183936507117 -0.00179987688837 -0.00794913028062 0.0058070096893 0.00505880612906 0.312141482348 0.0122466527771 -0.00783573367333 0.0292609001591 0.00499594185616 0.00993253955934 0.0116242116187 -0.0208469090471 0.0106065541774 0.0151394339466 -0.0118343916294 0.00945982313332 
0.0134447419359 0.0260914907723 -0.00927179766605 0.00688830475679 0.0117978059201 -0.00793903816291 0.00875590192861 0.0362071038937 0.0128650453318 0.0158747488648 0.00182835919279 0.0180223113542 0.00379643052754 -0.0106734453377 0.0201122255527 0.0350396699565 0.0212220102856 0.0152016194654 0.00789419509575 0.0128182304665 0.0181037763819 0.00383247890143 0.00182451651802 0.015868591764 0.0162223261231 0.0150163254645 -0.0168553703047 0.0155267163064 0.0117959373143 0.00279807091459 0.00859036155024 0.00556713075632 -0.00340677012461 0.00960015944945 0.00141957732008 0.0261266619367 0.0418331867318 0.0191374837113 0.0122466527772 0.169709647765 0.0080235906756 -0.0188644680049 0.0158999806355 0.0261027541496 0.0166545540378 0.0285358846549 0.011050483482 0.0200817244291 -0.0148106152885 1.33308467824e-05 
0.0264446263116 0.0465197222668 0.0123119484088 -0.0334760094252 0.0327275664338 0.0438335909058 0.0468480890105 0.0719615032188 0.0175098203355 0.0121636813626 0.0474888591298 0.0228404884829 0.00139846418482 0.0279957154975 0.0733339143769 0.0596976758611 0.0282446617653 0.0466886340518 0.0112418101649 0.041059442908 0.0452692906298 0.00499101530276 0.0310301503455 0.0224306466962 0.0582904780055 0.0228640916716 0.0341193968182 0.0283995689104 0.0571034481364 0.00795231178328 0.00980314007757 0.029661712784 0.0414064024319 0.103053903812 0.0135964246352 0.00289936729733 0.00890133347428 0.0457462988017 -0.00783573367333 0.0080235906756 0.439816533128 0.0403903508972 0.0718067376742 0.0571364800503 0.0553216421209 0.0770686326541 0.0281511782283 0.0380314691473 0.0210834865831 0.0245269847411 
0.0155311967066 0.0228520381709 0.00286793409781 0.0343755526408 0.0257022759021 0.022674957597 0.0369151943445 -0.00397087062308 0.00426463510471 -0.0214041477245 -0.000693472886076 -0.000348408895732 0.0131685333468 0.171530132444 0.0163519471904 -0.0227598681616 -0.0177024237679 0.0236630137996 -0.0217794367061 -0.0155569708686 0.0308381572009 0.0172367623273 0.0779479594864 -0.00516583186692 0.000659037472103 0.0104858813579 0.0120511232985 0.0205665521247 -0.0304384240065 -0.0115115533843 0.0399027637394 0.0210088645528 -0.00903299735893 0.127842771565 -0.00977586145266 0.0108338510964 -0.00259021751208 0.00619750297321 0.0292609001591 -0.0188644680049 0.0403903508972 0.325761237829 0.208632084681 0.0274246689282 0.0178221058942 0.0395264694812 -0.00212942046024 0.0081995298874 0.0380488173315 0.0535594486142 
0.00925411130246 0.0556195629608 -0.00656077194102 0.10947812945 0.0323966067987 0.0119615941682 0.0387715799328 0.0135426985811 0.0257808238786 0.00583357899869 -0.0015171686263 0.00805267613127 0.00950092279839 0.180706044237 0.0572677408699 0.0303748519602 0.0219656258543 0.0283764806627 0.00401833240836 -0.00769022831872 0.0421262864877 0.0357288018692 0.132551230174 0.00506372418133 -0.0167772554779 0.0259768191892 0.0138645546604 0.0381512508383 -0.0169638175958 -0.0144602028068 0.0510216347945 -0.00349048188446 -0.0127984915037 0.143322630715 0.00505975083938 0.0315300451541 0.00605186464532 0.0105429256755 0.00499594185616 0.0158999806355 0.0718067376742 0.208632084681 0.433292656825 0.01129857559 0.0332313678648 0.0396151071398 0.022114377046 0.0336221484712 0.0985421407741 0.075597157495 
0.0139510132119 0.0108080761499 0.00333093976695 0.0309387356689 0.00327241872752 0.00622589074653 0.00614001938073 0.0258794195808 0.00337207578817 -0.00756955110302 0.0242779012529 0.0151119001541 0.0120338478823 0.0256040855493 -0.00238386721119 0.0130809536818 0.0155608025385 0.0226468866809 -0.00220038724405 -0.00139059167736 0.0207844611292 0.0220332589535 -0.00907436944711 0.00927675942043 -0.00658871543871 -0.0144124354187 0.0231392328416 0.0168884806697 0.0664308890488 0.00796438888007 0.0250922277054 0.0142794993466 0.0118324243236 0.0286336203273 0.0157727377115 0.00592698972624 0.0151931016822 0.000478453072269 0.00993253955934 0.0261027541496 0.0571364800503 0.0274246689282 0.01129857559 0.248699723705 0.0269507397261 0.0478278251815 0.00163513158718 -0.00117444962071 0.026246168727 0.0521382485477 
0.0274951551972 0.00254411210534 0.00759829586374 0.097144313786 0.00987355281309 0.00193931825715 0.0972076004586 0.0516782511564 -0.0011896695994 0.0226082881407 0.0515527265775 0.0152735942571 0.00210002635374 0.00477509718269 0.0100788094764 0.0397832509339 0.0232956931167 0.0050503522007 0.0298917199652 0.0101912620858 0.0349180408506 0.00314828780358 0.0275125777416 0.0146992852695 0.0308647486612 0.0424494939475 0.0478203681586 0.030198533945 0.000733198431519 0.0204159557104 -0.00392334963733 0.0217486656352 -0.00529214404833 0.0295645604787 0.00510705951501 0.025754944292 0.0121112442721 0.0321536571143 0.0116242116188 0.0166545540378 0.0553216421209 0.0178221058942 0.0332313678648 0.0269507397261 0.312866254057 0.0580269891855 0.0755145127925 0.0162736743667 -0.00595600729041 0.00539691860723 
0.0377467704403 0.0241200339268 -0.000672327641469 -0.0279948343974 0.00747440579462 0.0499473397077 0.0571194714377 0.046304387805 0.0108510439916 0.0209421463698 0.0277432853994 0.0320591411465 0.0147305705414 0.0349739590298 0.0201826247503 -0.00144022342535 0.0140406707129 0.0214574219338 0.000770837371048 0.0258522279617 0.0243824630536 0.0183096643875 0.0287146671682 0.0139223059698 0.0475925348733 0.0160897422062 0.0122785226956 0.0228846401238 -0.00858417165328 0.0130800925596 0.00147798776333 0.0184753268025 -0.0292768899209 0.016874851207 0.00437854320021 0.00549341333284 0.0257234597059 0.0677494662805 -0.0208469090471 0.0285358846549 0.0770686326541 0.0395264694812 0.0396151071398 0.0478278251815 0.0580269891855 0.435076812933 0.0167231380261 0.0649209248785 0.0457784210442 0.0617846467631 
0.000689543574442 0.0365210816306 0.0319902832803 0.0608280694429 0.0204693935865 -0.00676499036282 0.0469898540406 0.0388458227979 0.0277648958992 0.00512144646606 0.0359635532059 0.0356170822159 0.00969247224408 -0.00691482279953 0.015180321903 0.0448895747644 0.0116593378303 0.0207162536886 -0.0060279625761 0.00868240570653 0.0244545977908 0.00847323899185 -0.0139209118285 0.00917895632688 0.00102988029409 0.00621906960808 0.025241010726 0.0129864632653 0.0487310150859 0.0436550587411 0.00913846529511 0.0209115307842 0.00725525524461 0.00351658902641 0.0115839493248 0.00869704933943 0.0080388396019 0.0379850708347 0.0106065541774 0.011050483482 0.0281511782283 -0.00212942046025 0.022114377046 0.00163513158718 0.0755145127925 0.0167231380261 0.455343417347 -0.00568251663814 0.0321985531902 0.0460261663974 
