40
0.0798623823862 0.0916609470377 0.0801839086902 0.0578888041786 0.0477990277318 -0.00305157485537 0.0268374832388 0.0466490289559 0.0521298167044 0.102864057578 0.0088766616328 0.0292815331214 0.170228010564 0.0413299620627 0.0431815223905 0.259768981863 0.0453963667668 0.110374427341 0.0605665428979 0.0731585002716 0.11775000089 0.142595623168 0.0940944116816 0.162419244675 0.28152338764 0.0205902908148 0.0896896089949 0.059162885268 0.0275413533974 0.0950879331279 0.070995024039 0.0422860283868 0.105904751354 0.035272852014 0.110057805124 0.0408960175479 0.0737969483193 0.143828325424 0.0479071153807 0.151477321577 
0.348174791941 0.0259965619566 -0.0205071453748 0.136731738955 0.00540134060355 0.00292870947368 0.00138421779744 -0.0285445108291 0.00169603625125 0.0112105086627 0.00925836775294 -0.0031777108747 0.00451238797878 -0.00986258803347 0.0156944536289 0.0429546292069 0.0388678362201 0.187648451493 0.0112163613624 0.00421464859141 0.0643330722829 -3.47581310422e-05 0.0184665450468 0.0152094567652 -0.0209074640125 -0.0103546199011 0.00775943837774 0.0237189682632 0.0122336906752 0.0110847958652 0.00581645893629 -0.00888988956446 0.024326058097 0.0136337737709 0.0592504116972 0.0117602473668 0.00202882476721 -0.0158450758206 0.0296438455443 0.0573735326803 
0.0259965619566 0.433953967683 0.00366417387586 0.0142597299443 0.0070056383199 0.00428204402548 0.00416711768178 -0.00226867684695 0.00184046313378 0.0479803619745 0.000638368954728 0.00928422586923 -0.00679008142257 -0.0124255275965 0.00546687344111 0.0467680175532 -0.00387766327381 -0.00717375736203 0.0123893236362 -0.0044322873124 -0.00382283065874 0.0272274297893 0.029190200808 0.0127366801321 -0.00498136019342 0.00991312161049 0.00905653856871 -0.0294676386945 0.00236027637791 0.0252051929801 0.00907758282887 0.0138299790028 0.00345375306934 -0.00536372266804 0.0200543054828 0.019104963638 0.0242950752835 0.0109371643121 0.0160614472642 0.0322485995384 
-0.0205071453748 0.00366417387586 0.559913889853 0.00781192968753 0.0419584647586 -0.00806405794705 -0.00709489678878 0.00650881787787 0.0200133688823 -0.00391934827017 0.0372747719927 0.0106856387175 -0.0117943305384 -0.000224627882127 0.0036428211627 0.065268321709 0.0112778622622 0.0129769641897 0.00597362657882 -0.0177791975115 0.0189086355655 0.0451788930775 0.0198234808071 0.000796697096808 -0.0229255092482 -0.0161151085527 0.0249638875175 0.000655164287974 0.000646796884883 0.0684209318095 -0.0341755102182 -0.000830911275745 0.0224796730165 0.0512030572812 0.0252012066451 0.0354570905347 0.0716515609691 0.0289769827853 0.027158240562 0.0013181828449 
0.136731738955 0.0142597299443 0.00781192968753 0.403333287374 0.0135945017273 0.00572839141597 -0.00686295182812 -0.0121439755463 0.00672752770975 0.000402766806246 0.0313760891156 0.0119590136238 -0.00487953757098 -0.00466562097116 0.00048267369493 0.063340528021 -0.0218956891334 0.153405857951 0.00666390127195 0.0205140195896 0.0527123027021 0.0196237220357 0.0336038260241 0.0208093886352 -0.0234692717709 -0.0026466001959 0.00742198317328 0.0164827937415 0.00699578913477 0.0102610449983 0.0328861150833 -0.00325811351401 -0.0243154300684 0.00191539808708 0.0159843486652 0.0309772662095 0.0088405569097 -0.00122934615229 0.0159460885863 0.049949235379 
0.00540134060355 0.0070056383199 0.0419584647586 0.0135945017273 0.258546358885 0.00562675309783 0.00673117372035 0.0224106934082 0.016452840218 0.025128024219 0.00291315841617 0.0136272438259 -0.00780074273001 0.000235928201023 -0.0115976715754 0.0468633334797 0.0113275801169 0.0145937354417 0.0171521842223 0.0203867739977 0.0237174972732 0.00810803382748 0.0175397215945 0.0460686798416 0.0598117127141 0.0111551609657 0.0142963382472 0.00760050621294 0.027950216318 0.0349076665079 0.0516980024753 0.0330829147652 0.00147870649081 0.0413898847693 0.032070355325 0.0072580348304 0.00632833208436 0.0187447296498 0.0379552501622 0.019472299836 
0.00292870947368 0.00428204402548 -0.00806405794705 0.00572839141597 0.00562675309783 0.203464330384 0.00201415086158 0.0155069841168 0.00173870136724 0.000217214941246 0.0112669720419 0.0194855459724 0.00265476839474 0.0201370162081 0.0197490470201 0.0134644533946 -0.00343851099156 -0.0105145932401 0.0294219764861 0.00624876404682 0.0155351571209 0.0339895799175 0.00651217389658 0.0311621193118 -0.00882125164192 0.0154837722548 0.0618189206531 0.0344430625447 0.00830689943511 0.0155767522142 0.0328537243495 0.023291979362 0.0151332393336 0.0327238989374 0.0374340356567 0.016421649213 0.00550914263519 0.0678521071994 -0.00473784583185 0.0105585252094 
0.00138421779744 0.00416711768178 -0.00709489678878 -0.00686295182812 0.00673117372035 0.00201415086158 0.152099489926 0.0213277390781 0.0233410484645 0.0171020113921 0.0267543008998 0.016852584439 0.00122167756436 0.0179018120747 0.00704437658407 0.00772862442093 0.0146552573499 -0.00500617814198 0.0232757371442 0.0144499330305 0.0102015961872 0.00326513069366 -0.0219654438818 0.0320926096316 -0.00898686405987 0.0127421770034 0.0145992999666 0.0045687297008 0.022267328571 0.0218033167836 0.0363327617777 0.0132354142208 0.00848795034015 0.0256106003155 -0.000896431527052 0.0152059901536 0.0124855070538 0.00545969600546 0.00961578756946 0.00663683365714 
-0.0285445108291 -0.00226867684695 0.00650881787787 -0.0121439755463 0.0224106934082 0.0155069841168 0.0213277390781 0.233642615002 0.0337095093171 0.0110190671844 0.00386404676509 0.0191742837349 -0.00184080946214 0.0415749561403 0.00136726771328 0.0245646707981 0.020511367032 -0.00772613452115 0.028212652305 -0.00219487557104 0.0210233856203 0.00035629756031 0.0231882731698 0.0224124539933 0.019845451667 0.0167054968126 0.0165453475896 -0.00747963453368 0.00163136286494 0.0333541774208 0.0102932355936 0.0283494385333 0.00609582546385 -0.00892034049668 0.0214197919071 -0.0127279389073 0.0204678242219 -0.0126445440734 -0.00982162000618 0.018770238439 
0.00169603625125 0.00184046313378 0.0200133688823 0.00672752770976 0.016452840218 0.00173870136724 0.0233410484645 0.0337095093171 0.153288346022 -0.0187450405704 0.0147518869827 0.0373127941851 0.0259821363841 0.0344034944949 0.0108098581384 0.0104645562652 0.0138044629605 -0.00203482695389 0.0154082413897 0.0177244958407 0.0300123135863 0.0344190932036 0.0176739809308 0.00664997491976 -0.0101761408275 -0.00775068402913 0.00707687773557 0.00704073768843 0.0259583584326 0.0446323314839 0.0274537800993 0.00648138371042 0.0108955389489 0.00352880782843 0.0206553959702 0.00346787535468 0.00281370790769 0.0319679144796 0.00112374193107 0.0045215551938 
0.0112105086627 0.0479803619745 -0.00391934827017 0.000402766806246 0.025128024219 0.000217214941246 0.0171020113921 0.0110190671844 -0.0187450405704 0.616322347092 0.0383600468293 -0.0176889421549 0.0171092740338 0.0079228359423 0.0236559200808 -0.0255158000298 -0.0048010468581 0.019612776433 0.00521170161485 0.00163190897829 0.0220893519304 0.0369576501147 0.0612717115276 0.0154485196812 -0.0101443978031 0.0519724320704 0.00630940181812 -0.00735824426606 -0.00731299238045 0.0504877580169 -0.000526769014922 -0.00533495946317 -0.0168069599152 0.0197015516431 -0.00298588923199 0.00874445553451 0.0285593696863 0.00957271119548 -0.000432025487978 -0.010825034528 
0.00925836775294 0.000638368954728 0.0372747719927 0.0313760891156 0.00291315841617 0.0112669720419 0.0267543008998 0.00386404676509 0.0147518869827 0.0383600468293 0.262942526916 0.0286462266614 0.0198705313851 0.0279980645219 -0.0010777180267 0.0532599933336 0.0154761017911 0.0229458538837 0.00601751899684 0.0351185172476 -0.013582998209 0.0425276854039 0.0411283116219 -0.00128022191849 -0.0635170917004 0.0159677451332 0.0196719130329 0.0096276002041 0.0144479288972 0.0144998719757 0.00797912577831 0.0118574175659 0.042395484309 0.0223506842602 0.0104595340646 0.0541977961023 0.0343397322145 -0.00621778047594 0.0185579191739 0.0349027581401 
-0.0031777108747 0.00928422586923 0.0106856387175 0.0119590136238 0.0136272438259 0.0194855459724 0.016852584439 0.0191742837349 0.0373127941851 -0.0176889421549 0.0286462266614 0.14243873169 0.00132656428654 0.0197926785512 0.0125398423913 0.00272003958183 -0.00214605653363 0.0168148300269 0.0173959809919 0.0133935705235 0.0244290411632 0.0271054504392 0.0281216237789 0.046483747712 -0.00136199042171 0.00697066014004 -0.00540866478707 -0.00112051869931 0.0145579741427 0.0381663012828 0.00221426992227 0.0100431615626 0.00852370255418 0.0376921407166 0.0405667962018 0.0120673329217 0.0203794697057 0.0105254961452 0.00682101316136 0.00748829977046 
0.00451238797878 -0.00679008142257 -0.0117943305384 -0.00487953757098 -0.00780074273001 0.00265476839474 0.00122167756436 -0.00184080946214 0.0259821363841 0.0171092740338 0.0198705313851 0.00132656428654 0.558402161687 0.00393833264886 0.0445991877951 0.0644920308762 0.000860381294487 -0.00750432334688 0.00172392019688 0.0344662737939 -0.00789793952601 0.0305586781262 0.0789049010002 -0.00134831468314 0.153394833271 0.0359935418463 -0.00394520756139 0.0194803713076 0.0169308819919 0.0309006436251 0.0409694280314 -0.00382491463459 -0.00740626837776 0.00425212422343 0.0596745775896 -0.00432288231084 0.0256968981515 -0.0136273636572 -0.0016692182842 0.00358831158018 
-0.00986258803347 -0.0124255275965 -0.000224627882127 -0.00466562097116 0.000235928201023 0.0201370162081 0.0179018120747 0.0415749561403 0.0344034944949 0.0079228359423 0.0279980645219 0.0197926785512 0.00393833264886 0.290692167572 0.0144856110018 -0.0105589645728 -0.00789178242061 0.000201157219834 0.00489676793556 -0.00441375993011 0.0271874689675 0.0400018937926 0.0303094836098 0.00371262232419 -0.00594839789024 0.00850804085876 0.00215158474198 0.00852103288117 -0.0128509615527 0.0279783581708 0.00906070845314 0.0277391737765 0.0286903484788 0.0128043532712 0.0363520681827 0.00951734717076 0.00318111137143 0.00306963262584 0.00538215844327 0.0165807841704 
0.0156944536289 0.00546687344111 0.0036428211627 0.00048267369493 -0.0115976715754 0.0197490470201 0.00704437658407 0.00136726771328 0.0108098581384 0.0236559200808 -0.0010777180267 0.0125398423913 0.0445991877951 0.0144856110018 0.200719953133 0.0472646254836 -0.00967715673098 -0.002985096793 0.028018945404 0.013404345106 0.0211784593153 0.0335982198643 0.0236440305404 0.0125500061612 -0.0153379107805 0.0318509400808 0.00774038426828 0.0104351020806 0.0225164895767 0.0130588550719 0.0250461745098 0.0086053259511 0.0271512656452 0.0150417207982 0.0342874823194 0.0238393064826 -0.00852601578517 -0.00741835345197 0.024272004555 0.00584500420218 
0.0429546292069 0.0467680175532 0.065268321709 0.063340528021 0.0468633334797 0.0134644533946 0.00772862442093 0.0245646707981 0.0104645562652 -0.0255158000298 0.0532599933336 0.00272003958183 0.0644920308762 -0.0105589645728 0.0472646254836 0.58990770982 0.00826795110782 0.0191560055233 -0.00641466788097 -0.00838841110377 -0.0189309519833 0.0213209514102 0.0224823280277 0.0325322427178 -0.0252389962899 0.0160684834016 0.00889884110995 0.0101997998692 0.0423732272003 0.0242884874098 0.0361458698511 0.00423597574238 0.0395691202052 0.0290570609069 -0.00425230862055 0.0331940553352 0.012701466804 0.00232694173853 0.0445079878088 0.144695933031 
0.0388678362201 -0.00387766327381 0.0112778622622 -0.0218956891334 0.0113275801169 -0.00343851099156 0.0146552573499 0.020511367032 0.0138044629605 -0.0048010468581 0.0154761017911 -0.00214605653363 0.000860381294487 -0.00789178242061 -0.00967715673098 0.00826795110782 0.366683969922 0.0125907554835 0.00889679407416 -0.00900998109306 0.0226230572424 -0.00554060377998 0.0170070322307 0.00649803612527 -0.0234886909169 -0.00158184319572 0.0303173364803 0.0113341262462 0.0213512433645 0.00750938751579 -0.00183857690684 0.0308068895972 0.0165755824667 0.0286331482541 0.0148283793202 0.00114609144978 0.0232810398503 -0.00825284677058 -0.011480015944 -0.0407546198363 
0.187648451493 -0.00717375736203 0.0129769641897 0.153405857951 0.0145937354417 -0.0105145932401 -0.00500617814198 -0.00772613452115 -0.00203482695389 0.019612776433 0.0229458538837 0.0168148300269 -0.00750432334688 0.000201157219834 -0.00298509679301 0.0191560055233 0.0125907554835 0.463009717571 0.0102961763339 -0.00085787649926 0.0229944804946 0.0301968923051 0.0183347891436 0.027999541728 -0.0284961768286 0.0258177265077 0.0271640627985 -0.00910555346907 0.0145120753869 0.0233820996242 0.044269403754 -0.0215566516315 -0.0115043306289 0.00496236359515 0.08078403641 0.0185636366979 0.0187091066376 -0.0102325871722 0.00941422370064 0.0649005026991 
0.0112163613624 0.0123893236362 0.00597362657882 0.00666390127195 0.0171521842223 0.0294219764861 0.0232757371442 0.028212652305 0.0154082413897 0.00521170161485 0.00601751899684 0.0173959809919 0.00172392019688 0.00489676793556 0.028018945404 -0.00641466788097 0.00889679407416 0.0102961763339 0.214876193053 0.0205082501777 0.115427315594 0.0488480424646 -0.00641632922513 0.00262594694055 0.0840406281461 0.00210113163632 0.0120512485511 0.0195051147492 0.0259837725481 0.0244233189525 0.0128031773806 0.0351260483803 0.0090549111867 0.0194443741204 0.0378031027215 -0.00470314242794 -0.000629641479919 0.00963723799028 0.0103435156925 -0.0179885591951 
0.00421464859141 -0.0044322873124 -0.0177791975115 0.0205140195896 0.0203867739977 0.00624876404682 0.0144499330305 -0.00219487557104 0.0177244958407 0.00163190897829 0.0351185172476 0.0133935705235 0.0344662737939 -0.00441375993011 0.013404345106 -0.00838841110377 -0.00900998109306 -0.00085787649926 0.0205082501777 0.331869229264 -0.00797757235766 0.070603775426 0.0471223690961 -0.00986670587202 -0.00468757074238 -0.0187367796749 -0.00190623051069 0.0396645062612 0.0125499848037 0.0238454280567 0.0213873300517 0.00167181062772 0.00557253346739 -0.00575691494304 0.0454082793394 0.00967237055413 0.00237582153697 0.00153038176329 -0.0161424433231 0.00783530315957 
0.0643330722829 -0.00382283065874 0.0189086355656 0.0527123027021 0.0237174972732 0.0155351571209 0.0102015961872 0.0210233856203 0.0300123135863 0.0220893519304 -0.013582998209 0.0244290411632 -0.00789793952601 0.0271874689675 0.0211784593153 -0.0189309519833 0.0226230572424 0.0229944804946 0.115427315594 -0.00797757235765 0.885865049092 0.0299536829147 0.0156089139045 0.032973508455 -0.0224112875097 0.012622358621 0.0263361609199 -0.0164357705581 0.0417793694678 0.0110212723421 0.063050802853 0.0258103762252 0.028431007658 0.0482024089566 0.0989346370864 0.0125844357786 0.00828532823565 0.0434976613275 0.0543357089008 0.0261569917161 
-3.47581310417e-05 0.0272274297893 0.0451788930775 0.0196237220357 0.00810803382748 0.0339895799175 0.00326513069366 0.00035629756031 0.0344190932036 0.0369576501147 0.0425276854039 0.0271054504392 0.0305586781262 0.0400018937926 0.0335982198643 0.0213209514102 -0.00554060377998 0.0301968923051 0.0488480424646 0.070603775426 0.0299536829147 0.442819088791 0.0719225484008 0.00272122470836 -0.0130798712141 0.0275325490776 -0.0032188830812 0.00724112017104 0.00566957104052 0.00498618335681 0.0127801523229 0.00310117219136 0.0540552961103 0.0120369851329 0.0607016786693 0.00444822873604 0.027008934177 0.0403775880702 0.00562098692368 0.0800234434279 
0.0184665450468 0.029190200808 0.0198234808071 0.0336038260241 0.0175397215945 0.00651217389658 -0.0219654438818 0.0231882731698 0.0176739809308 0.0612717115276 0.0411283116219 0.0281216237789 0.0789049010002 0.0303094836098 0.0236440305404 0.0224823280277 0.0170070322307 0.0183347891436 -0.00641632922513 0.0471223690961 0.0156089139045 0.0719225484008 0.34989061362 0.0320346437959 -0.00934900253631 0.0670677588276 -0.00636429438488 0.00165440741418 0.0124858499785 0.0168578551757 0.00916509249869 0.0320841080744 0.00900062961125 -0.0167749425315 0.0621166577809 0.0253384359467 0.0410597426237 -0.00535417921696 0.0230231318286 0.025155346432 
0.0152094567652 0.0127366801321 0.000796697096808 0.0208093886352 0.0460686798416 0.0311621193118 0.0320926096316 0.0224124539933 0.00664997491976 0.0154485196812 -0.00128022191849 0.046483747712 -0.00134831468314 0.00371262232419 0.0125500061612 0.0325322427178 0.00649803612527 0.027999541728 0.00262594694055 -0.00986670587202 0.032973508455 0.00272122470836 0.0320346437959 1.29680751432 -0.0152091123703 0.0414114719474 -0.00982971641664 -0.000572407519749 0.0254702892176 0.0182005012949 0.0218048938428 0.00377448684227 0.0683539469879 0.0386054222716 0.0327687240466 0.0182744357283 0.00904712610615 0.0243068299716 0.0626274597809 0.0162622903989 
-0.0209074640125 -0.00498136019342 -0.0229255092482 -0.0234692717709 0.0598117127141 -0.00882125164192 -0.00898686405987 0.019845451667 -0.0101761408275 -0.0101443978031 -0.0635170917004 -0.00136199042171 0.153394833271 -0.00594839789024 -0.0153379107805 -0.0252389962899 -0.0234886909169 -0.0284961768286 0.0840406281461 -0.00468757074238 -0.0224112875097 -0.0130798712141 -0.00934900253631 -0.0152091123703 1.92713758382 -0.00883217111753 -0.0246389243581 -0.0101598899555 0.00139319868496 0.00928540561937 -0.0188793997743 -0.00821761768148 -0.0144026472615 -0.0150653098869 -0.0229172107293 0.00544030572662 -0.00451393048908 -0.0267211160164 0.0155810974497 -0.028004989819 
-0.0103546199011 0.00991312161048 -0.0161151085527 -0.0026466001959 0.0111551609657 0.0154837722548 0.0127421770034 0.0167054968126 -0.00775068402913 0.0519724320704 0.0159677451332 0.00697066014004 0.0359935418463 0.00850804085876 0.0318509400808 0.0160684834016 -0.00158184319572 0.0258177265077 0.00210113163632 -0.0187367796749 0.012622358621 0.0275325490776 0.0670677588276 0.0414114719474 -0.00883217111753 0.292037586919 0.0442707652788 -0.00730358020714 0.0168008835261 0.0130720096514 0.0176952349524 0.0165160017909 0.00180404430586 0.0113021350187 0.0300158316094 0.0114184518985 0.0202966149306 0.00864645274281 0.00882308938594 0.0332034948765 
0.00775943837774 0.00905653856871 0.0249638875175 0.00742198317328 0.0142963382472 0.0618189206531 0.0145992999666 0.0165453475896 0.00707687773557 0.00630940181812 0.0196719130329 -0.00540866478707 -0.00394520756139 0.00215158474198 0.00774038426828 0.00889884110995 0.0303173364803 0.0271640627985 0.0120512485511 -0.00190623051069 0.0263361609199 -0.0032188830812 -0.00636429438488 -0.00982971641664 -0.0246389243581 0.0442707652788 0.431603619992 -0.0118004995054 0.0145611634324 0.0177575698145 0.010203990227 0.0241740368286 0.0620382885783 0.0168499745731 0.0209493159762 0.0273414664624 0.0475676244452 0.0674671717595 0.0145280700183 0.00910603042913 
0.0237189682632 -0.0294676386945 0.000655164287974 0.0164827937415 0.00760050621294 0.0344430625447 0.0045687297008 -0.00747963453368 0.00704073768843 -0.00735824426606 0.0096276002041 -0.00112051869931 0.0194803713076 0.00852103288117 0.0104351020806 0.0101997998692 0.0113341262462 -0.00910555346907 0.0195051147492 0.0396645062612 -0.0164357705581 0.00724112017104 0.00165440741418 -0.000572407519749 -0.0101598899555 -0.00730358020714 -0.0118004995054 0.349654340471 0.0203393069079 0.0123699159406 0.0258406468086 0.0274361745101 0.0139163867612 -0.00190695314351 0.00871486801412 -0.000492299313864 0.0110079591865 0.00944973033741 0.0119430082965 -0.0208757192263 
0.0122336906752 0.00236027637791 0.000646796884883 0.00699578913477 0.027950216318 0.00830689943511 0.022267328571 0.00163136286494 0.0259583584326 -0.00731299238045 0.0144479288972 0.0145579741427 0.0169308819919 -0.0128509615527 0.0225164895767 0.0423732272003 0.0213512433645 0.0145120753869 0.0259837725481 0.0125499848037 0.0417793694678 0.00566957104052 0.0124858499785 0.0254702892176 0.00139319868496 0.0168008835261 0.0145611634324 0.0203393069079 0.178765511451 0.00970466913313 0.0351485776081 0.00889439869702 0.0112346224649 -0.00735328385933 0.0658393701434 0.0205564158474 0.0100134258976 0.0160135372955 0.0285754753247 0.0511750155741 
0.0110847958652 0.0252051929801 0.0684209318095 0.0102610449983 0.0349076665079 0.0155767522142 0.0218033167836 0.0333541774208 0.0446323314839 0.0504877580169 0.0144998719757 0.0381663012828 0.0309006436251 0.0279783581708 0.0130588550719 0.0242884874098 0.00750938751579 0.0233820996242 0.0244233189525 0.0238454280567 0.0110212723421 0.00498618335681 0.0168578551757 0.0182005012949 0.00928540561937 0.0130720096514 0.0177575698145 0.0123699159406 0.00970466913314 0.277817903047 0.0491160158282 0.020550071702 0.039143908199 0.0272605013738 0.0778886117781 0.00932706905852 0.0314139378698 0.0331562700292 0.0169995562059 0.0145448996314 
0.00581645893629 0.00907758282887 -0.0341755102182 0.0328861150833 0.0516980024753 0.0328537243495 0.0363327617777 0.0102932355936 0.0274537800993 -0.000526769014923 0.00797912577831 0.00221426992227 0.0409694280314 0.00906070845314 0.0250461745098 0.0361458698511 -0.00183857690684 0.044269403754 0.0128031773806 0.0213873300517 0.063050802853 0.0127801523229 0.00916509249869 0.0218048938428 -0.0188793997743 0.0176952349524 0.010203990227 0.0258406468086 0.0351485776081 0.0491160158282 0.367675151812 0.00502076946742 0.0295678031522 0.0253784521361 0.0229848198173 0.0128701157655 -0.00159301778912 -0.00922981616849 0.0159467734015 0.0359440942973 
-0.00888988956446 0.0138299790028 -0.000830911275744 -0.00325811351401 0.0330829147652 0.023291979362 0.0132354142208 0.0283494385333 0.00648138371042 -0.00533495946317 0.0118574175659 0.0100431615626 -0.00382491463459 0.0277391737765 0.0086053259511 0.00423597574238 0.0308068895972 -0.0215566516315 0.0351260483803 0.00167181062772 0.0258103762252 0.00310117219136 0.0320841080744 0.00377448684227 -0.00821761768148 0.0165160017909 0.0241740368286 0.0274361745101 0.00889439869702 0.020550071702 0.00502076946742 0.236968337374 0.0084246317328 -0.0034329000354 0.0469544323807 -0.0118129031729 -0.00768303773267 0.0249569624772 0.0179387338309 0.0102073531762 
0.024326058097 0.00345375306934 0.0224796730165 -0.0243154300684 0.00147870649081 0.0151332393336 0.00848795034015 0.00609582546385 0.0108955389489 -0.0168069599152 0.042395484309 0.00852370255418 -0.00740626837776 0.0286903484788 0.0271512656452 0.0395691202052 0.0165755824667 -0.0115043306289 0.0090549111867 0.00557253346739 0.028431007658 0.0540552961103 0.00900062961125 0.0683539469879 -0.0144026472615 0.00180404430586 0.0620382885783 0.0139163867612 0.0112346224649 0.039143908199 0.0295678031522 0.0084246317328 0.405887074245 0.0169425952352 0.0578925902704 0.0168595400678 0.00552582143804 -0.00833535949243 0.0321524864595 0.0316233485989 
0.0136337737709 -0.00536372266804 0.0512030572812 0.00191539808708 0.0413898847693 0.0327238989374 0.0256106003155 -0.00892034049668 0.00352880782843 0.0197015516431 0.0223506842602 0.0376921407166 0.00425212422343 0.0128043532712 0.0150417207982 0.0290570609069 0.0286331482541 0.00496236359515 0.0194443741204 -0.00575691494304 0.0482024089566 0.0120369851329 -0.0167749425315 0.0386054222716 -0.0150653098869 0.0113021350187 0.0168499745731 -0.00190695314351 -0.00735328385933 0.0272605013738 0.0253784521361 -0.0034329000354 0.0169425952352 0.256560927193 -0.00261737270573 0.0261659957491 0.0240711598145 0.0192821866381 0.0220757560073 0.00330593794402 
0.0592504116972 0.0200543054828 0.0252012066451 0.0159843486652 0.032070355325 0.0374340356567 -0.000896431527052 0.0214197919071 0.0206553959702 -0.00298588923199 0.0104595340646 0.0405667962018 0.0596745775896 0.0363520681827 0.0342874823194 -0.00425230862055 0.0148283793202 0.08078403641 0.0378031027215 0.0454082793394 0.0989346370864 0.0607016786693 0.0621166577809 0.0327687240466 -0.0229172107293 0.0300158316094 0.0209493159762 0.00871486801412 0.0658393701434 0.0778886117781 0.0229848198173 0.0469544323807 0.0578925902704 -0.00261737270573 0.440096905269 0.053228412746 0.00522030595165 0.0339064041985 0.0113822389245 0.0184844423754 
0.0117602473668 0.019104963638 0.0354570905347 0.0309772662095 0.0072580348304 0.016421649213 0.0152059901536 -0.0127279389073 0.00346787535468 0.00874445553451 0.0541977961023 0.0120673329217 -0.00432288231084 0.00951734717076 0.0238393064826 0.0331940553352 0.00114609144978 0.0185636366979 -0.00470314242794 0.00967237055413 0.0125844357786 0.00444822873604 0.0253384359467 0.0182744357283 0.00544030572662 0.0114184518985 0.0273414664624 -0.000492299313863 0.0205564158474 0.00932706905852 0.0128701157655 -0.0118129031729 0.0168595400678 0.0261659957491 0.053228412746 0.205732411056 0.0168124440388 0.0248343281469 0.0140534434171 0.0200784817371 
0.00202882476721 0.0242950752835 0.0716515609691 0.0088405569097 0.00632833208436 0.00550914263519 0.0124855070538 0.0204678242219 0.00281370790769 0.0285593696863 0.0343397322145 0.0203794697057 0.0256968981515 0.00318111137143 -0.00852601578517 0.012701466804 0.0232810398503 0.0187091066376 -0.000629641479919 0.00237582153697 0.00828532823565 0.027008934177 0.0410597426237 0.00904712610615 -0.00451393048908 0.0202966149306 0.0475676244452 0.0110079591865 0.0100134258976 0.0314139378698 -0.00159301778912 -0.00768303773267 0.00552582143804 0.0240711598145 0.00522030595165 0.0168124440388 0.335172736276 0.00907997220539 0.00881541368859 -0.0119652923258 
-0.0158450758206 0.0109371643121 0.0289769827853 -0.00122934615229 0.0187447296498 0.0678521071994 0.00545969600546 -0.0126445440734 0.0319679144796 0.00957271119548 -0.00621778047594 0.0105254961452 -0.0136273636572 0.00306963262584 -0.00741835345197 0.00232694173854 -0.00825284677058 -0.0102325871722 0.00963723799028 0.00153038176329 0.0434976613275 0.0403775880702 -0.00535417921696 0.0243068299716 -0.0267211160164 0.00864645274281 0.0674671717595 0.00944973033741 0.0160135372955 0.0331562700292 -0.00922981616849 0.0249569624772 -0.00833535949243 0.0192821866381 0.0339064041985 0.0248343281469 0.00907997220539 0.592423599049 0.00866008180721 -0.0171070223823 
0.0296438455443 0.0160614472642 0.027158240562 0.0159460885863 0.0379552501622 -0.00473784583185 0.00961578756946 -0.00982162000618 0.00112374193107 -0.000432025487978 0.0185579191739 0.00682101316136 -0.0016692182842 0.00538215844327 0.024272004555 0.0445079878088 -0.011480015944 0.00941422370064 0.0103435156925 -0.0161424433231 0.0543357089008 0.00562098692368 0.0230231318286 0.0626274597809 0.0155810974497 0.00882308938594 0.0145280700183 0.0119430082965 0.0285754753247 0.0169995562059 0.0159467734015 0.0179387338309 0.0321524864595 0.0220757560073 0.0113822389245 0.0140534434171 0.00881541368859 0.00866008180721 0.218923976975 0.0459031048405 
0.0573735326803 0.0322485995384 0.0013181828449 0.049949235379 0.019472299836 0.0105585252094 0.00663683365714 0.018770238439 0.0045215551938 -0.010825034528 0.0349027581401 0.00748829977046 0.00358831158018 0.0165807841704 0.00584500420218 0.144695933031 -0.0407546198363 0.0649005026991 -0.0179885591951 0.00783530315957 0.0261569917161 0.0800234434279 0.025155346432 0.0162622903989 -0.028004989819 0.0332034948765 0.00910603042913 -0.0208757192263 0.0511750155741 0.0145448996314 0.0359440942973 0.0102073531762 0.0316233485989 0.00330593794402 0.0184844423754 0.0200784817371 -0.0119652923258 -0.0171070223823 0.0459031048405 0.544653651873 
0.0301528214778 0.00225136830655 -0.00177597088537 0.0118413159439 0.000467769817716 0.000253633680451 0.000119876777695 -0.00247202715166 0.000146881047933 0.000970858529126 0.000801798167163 -0.000275197834338 0.000390784262135 -0.000854125178405 0.00135917955411 0.00371998001033 0.00336605335568 0.0162508325973 0.000971365387785 0.000364999274819 0.00557140749005 -3.01014244706e-06 0.00159924971307 0.00131717759364 -0.00181063949635 -0.00089673638809 0.000671987075422 0.00205412290674 0.00105946869068 0.000959971481504 0.00050372011989 -0.000769887019966 0.0021066984286 0.0011807194435 0.00513123617145 0.00101846729744 0.000175701378823 -0.00137222381856 0.00256723233072 0.0049686936806 
0.00225136830655 0.0375815160087 0.000317326766038 0.00123492883828 0.000606706075476 0.000370835890619 0.000360882977298 -0.000196473178243 0.000159388782858 0.00415522123527 5.52843731782e-05 0.000804037545723 -0.000588038300571 -0.0010760822554 0.000473445127928 0.00405022912857 -0.000335815490244 -0.00062126561161 0.00107294690047 -0.000383847340941 -0.000331066846484 0.00235796458773 0.00252794554413 0.00110302885542 -0.00043139844729 0.000858501514548 0.000784319247086 -0.00255197236989 0.000204405930322 0.0021828337428 0.000786141733476 0.00119771131502 0.000299103789645 -0.000464512008938 0.00173675380034 0.00165453838489 0.00210401523824 0.000947186213963 0.00139096213524 0.00279281064367 
-0.00177597088537 0.000317326766038 0.0484899652544 0.000676532956198 0.00363370963847 -0.000698367903974 -0.000614436085631 0.000563680163084 0.00173320858674 -0.000339425516824 0.00322808994659 0.000925403458501 -0.00102141898669 -1.9453345232e-05 0.000315477566834 0.00565240246624 0.000976691521945 0.00112383806523 0.000517331236998 -0.00153972367039 0.00163753587507 0.003912606912 0.00171676379704 6.89959924957e-05 -0.00198540734036 -0.00139560933914 0.00216193607674 5.67388917038e-05 5.60142533397e-05 0.00592542650976 -0.00295968600362 -7.19590273086e-05 0.0019467967901 0.0044343148357 0.00218248851607 0.00307067411473 0.006205207202 0.00250948032171 0.00235197262488 0.000114157983051 
0.0118413159439 0.00123492883828 0.000676532956198 0.0349296873058 0.00117731838477 0.000496093248905 -0.00059434906281 -0.0010516991326 0.000582620990131 3.4880628601e-05 0.00271724902455 0.00103568096025 -0.000422580349519 -0.000404054628546 4.18007681548e-05 0.00548545063553 -0.00189622230229 0.0132853370075 0.000577110778982 0.00177656620984 0.0045650193232 0.00169946417997 0.00291017670012 0.00180214591953 -0.00203249855619 -0.000229202300331 0.000642762597452 0.00142745181054 0.000605853111023 0.00088863256379 0.00284802110939 -0.000282160907154 -0.00210577801432 0.000165878340177 0.0013842852007 0.00268270994772 0.00076561468674 -0.000106464499793 0.00138097178067 0.00432573067378 
0.000467769817716 0.000606706075476 0.00363370963847 0.00117731838477 0.022390771485 0.000487291112354 0.000582936743911 0.0019408229808 0.00142485775932 0.00217615073206 0.000252286919365 0.00118015393368 -0.000675564137258 2.04319815555e-05 -0.0010043878209 0.00405848372995 0.00098099721446 0.00126385456287 0.00148542272669 0.00176554641832 0.00205399551528 0.000702176326934 0.00151898444761 0.00398966470616 0.00517984626542 0.00096606527796 0.00123809921031 0.000658223146202 0.00242055973727 0.00302309259827 0.00447717834685 0.00286506446179 0.000128059738578 0.003584469167 0.00277737424198 0.000628564254468 0.000548049634864 0.00162334120638 0.00328702108475 0.00168635063281 
0.000253633680451 0.000370835890619 -0.000698367903974 0.000496093248905 0.000487291112354 0.0176205278876 0.000174430581318 0.00134294421812 0.000150575955362 1.88113657201e-05 0.000975748401202 0.00168749778187 0.000229909687101 0.00174391675926 0.001710317642 0.00116605586878 -0.000297783786988 -0.00091059048564 0.00254801790665 0.00054115884068 0.00134538407185 0.00294358396725 0.00056397080283 0.00269871869598 -0.000763942801508 0.00134093401191 0.00535367557202 0.00298285671478 0.000719398593749 0.00134898631259 0.00284521598956 0.00201714458319 0.00131057697044 0.00283397277907 0.00324188258448 0.00142215653905 0.000477105747514 0.0058761648535 -0.00041030948496 0.000914395105785 
0.000119876777695 0.000360882977298 -0.000614436085631 -0.00059434906281 0.000582936743911 0.000174430581318 0.0131722022179 0.0018470363847 0.00202139409212 0.00148107763214 0.00231699042397 0.00145947662436 0.000105800380597 0.00155034240305 0.000610060907563 0.000669318508484 0.0012691825164 -0.000433547744683 0.00201573796587 0.00125140090874 0.000883484145729 0.000282768612738 -0.0019022632407 0.00277930152147 -0.000778285257621 0.00110350489845 0.00126433646485 0.000395663598392 0.00192840722169 0.00188822262213 0.00314650946892 0.00114622049448 0.000735078062063 0.00221794304794 -7.7633247518e-05 0.00131687737628 0.00108127662877 0.000472823543767 0.000832751631255 0.000574766654778 
-0.00247202715166 -0.000196473178244 0.000563680163084 -0.0010516991326 0.0019408229808 0.00134294421812 0.0018470363847 0.0202340439998 0.00291932914177 0.000954279210771 0.000334636265998 0.00166054168138 -0.000159418775774 0.00360049681787 0.000118408857348 0.00212736289468 0.00177633649161 -0.000669102876837 0.00244328736042 -0.000190081800267 0.00182067860208 3.08562738535e-05 0.0020081633635 0.00194097545194 0.00171866652932 0.00144673846225 0.0014328691327 -0.000647755351719 0.000141280168383 0.00288855649687 0.00089142035112 0.00245513339529 0.000527913970873 -0.000772524148053 0.00185500839354 -0.00110227184316 0.00177256557363 -0.00109504963868 -0.000850577243167 0.00162555033233 
0.000146881047933 0.000159388782858 0.00173320858674 0.000582620990131 0.00142485775932 0.000150575955362 0.00202139409212 0.00291932914177 0.013275160176 -0.00162336813289 0.00127755088808 0.00323138276505 0.00225011901532 0.00297943002116 0.000936161175919 0.000906257156497 0.00119550156094 -0.000176221183437 0.00133439284711 0.00153498636673 0.00259914259921 0.00298078090895 0.0015306116472 0.000575904721504 -0.000881279646906 -0.000671228926593 0.000612875589848 0.000609745769956 0.00224805978431 0.00386527328952 0.00237756709959 0.000561304294489 0.000943581351768 0.00030560372245 0.00178880976354 0.000300326815431 0.000243674252689 0.00276850260453 9.73189059608e-05 0.000391578166245 
0.000970858529126 0.00415522123527 -0.000339425516824 3.4880628601e-05 0.00217615073206 1.88113657201e-05 0.00148107763214 0.000954279210771 -0.00162336813289 0.0533750809501 0.00332207750446 -0.00153190732722 0.00148170659536 0.000686137719605 0.00204866277398 -0.00220973310237 -0.000415782854387 0.00169851626297 0.000451346599541 0.000141327463187 0.00191299399249 0.00320062638635 0.00530628587163 0.00133788104948 -0.00087853062036 0.00450094464694 0.000546410225718 -0.000637242646166 -0.000633323717915 0.00437236810227 -4.56195348849e-05 -0.000462021042327 -0.0014555254247 0.00170620442169 -0.000258585592779 0.000757292063515 0.00247331396644 0.000829021107837 -3.74145047671e-05 -0.000937475489808 
0.000801798167163 5.52843731781e-05 0.00322808994659 0.00271724902455 0.000252286919365 0.000975748401202 0.00231699042397 0.000334636265998 0.00127755088808 0.00332207750446 0.0227714908045 0.00248083600114 0.00172083849662 0.00242470351327 -9.33331189237e-05 0.00461245072323 0.00134026973027 0.00198716923748 0.000521132431902 0.00304135280797 -0.00117632215085 0.00368300559239 0.00356181626793 -0.000110870470389 -0.0055007414987 0.00138284729265 0.00170363764275 0.000833774635423 0.0012512273457 0.00125572574825 0.0006910125624 0.00102688248354 0.00367155664173 0.00193562603613 0.000905822221167 0.00469366682537 0.00297390804569 -0.000538475584732 0.0016071629446 0.00302266752115 
-0.000275197834338 0.000804037545723 0.000925403458501 0.00103568096025 0.00118015393368 0.00168749778187 0.00145947662436 0.00166054168138 0.00323138276505 -0.00153190732722 0.00248083600114 0.0123355560127 0.00011488383719 0.00171409624343 0.00108598220703 0.000235562337716 -0.000185853947608 0.00145620699637 0.00150653614628 0.00115991723208 0.00211561702374 0.00234740086614 0.00243540405882 0.00402561063817 -0.000117951830491 0.000603676876242 -0.000468404110616 -9.7039765902e-05 0.00126075754352 0.00330529864794 0.000191761400352 0.000869763304756 0.000738174294622 0.00326423513836 0.00351318760609 0.00104506168661 0.00176491384808 0.000911534704918 0.000590717067729 0.000648505783237 
0.000390784262135 -0.000588038300571 -0.00102141898669 -0.000422580349519 -0.000675564137258 0.000229909687101 0.000105800380597 -0.000159418775774 0.00225011901532 0.00148170659536 0.00172083849662 0.00011488383719 0.0483590457549 0.000341069612247 0.00386240296188 0.00558517370804 7.45112057967e-05 -0.000649893465661 0.000149295868459 0.00298486686793 -0.000683981626708 0.00264645915633 0.00683336487492 -0.000116767476789 0.0132843822422 0.00311713216111 -0.000341664997137 0.00168704964275 0.00146625739134 0.00267607423726 0.00354805654537 -0.000331247324086 -0.000641401656239 0.000368244759754 0.00516797001527 -0.000374372589876 0.00222541665976 -0.00118016431137 -0.000144558543857 0.000310756898513 
-0.000854125178405 -0.0010760822554 -1.9453345232e-05 -0.000404054628546 2.04319815555e-05 0.00174391675926 0.00155034240305 0.00360049681787 0.00297943002116 0.000686137719605 0.00242470351327 0.00171409624343 0.000341069612247 0.0251746801798 0.00125449071169 -0.000914433155768 -0.000683448405739 1.74207262531e-05 0.000424072542863 -0.000382242822568 0.00235450387905 0.00346426562239 0.00262487827816 0.00032152252474 -0.000515146368477 0.000736817952012 0.000186332704495 0.000737943094157 -0.00111292591677 0.00242299689321 0.000784680369671 0.00240228291704 0.00248465706261 0.00110888952119 0.00314818145264 0.000824226442652 0.000275492325993 0.000265837983427 0.000466108593906 0.00143593803062 
0.00135917955411 0.000473445127928 0.000315477566834 4.18007681548e-05 -0.0010043878209 0.001710317642 0.000610060907563 0.000118408857348 0.000936161175919 0.00204866277398 -9.33331189237e-05 0.00108598220703 0.00386240296188 0.00125449071169 0.0173828578459 0.00409323663691 -0.000838066356543 -0.00025851696555 0.00242651185071 0.00116085033829 0.00183410837801 0.00290969119244 0.00204763310958 0.00108686241532 -0.00132830203769 0.00275837232444 0.000670336941138 0.00090370634929 0.00194998519774 0.00113093002366 0.00216906233931 0.00074524308815 0.00235136857937 0.00130265123279 0.00296938307204 0.00206454450225 -0.000738374626303 -0.000642448254366 0.00210201725454 0.000506192212431 
0.00371998001033 0.00405022912857 0.00565240246624 0.00548545063553 0.00405848372995 0.00116605586878 0.000669318508484 0.00212736289468 0.000906257156497 -0.00220973310237 0.00461245072323 0.000235562337716 0.00558517370804 -0.000914433155768 0.00409323663691 0.0510875062593 0.000716025569662 0.00165895874183 -0.000555526534176 -0.000726457711326 -0.00163946853354 0.00184644855541 0.00194702672082 0.00281737486357 -0.00218576119531 0.00139157148261 0.000770662246546 0.000883328580025 0.00366962911958 0.00210344471164 0.0031303241533 0.000366846260271 0.00342678633031 0.00251641529047 -0.000368260729013 0.00287468951749 0.00109997929176 0.00020151906587 0.00385450481138 0.0125310353829 
0.00336605335568 -0.000335815490244 0.000976691521945 -0.00189622230229 0.00098099721446 -0.000297783786988 0.0012691825164 0.00177633649161 0.00119550156094 -0.000415782854387 0.00134026973027 -0.000185853947608 7.45112057967e-05 -0.000683448405739 -0.000838066356543 0.000716025569662 0.0317557633113 0.00109039141016 0.000770484968046 -0.000780287251421 0.00195921422832 -0.000479830362577 0.00147285219547 0.000562746435919 -0.00203418030357 -0.00013699163923 0.0026255583567 0.000981564125892 0.00184907191561 0.000650332035554 -0.000159225430813 0.00266795490028 0.00143548754987 0.00247970337784 0.00128417531883 9.92544310569e-05 0.00201619719369 -0.000714717495687 -0.000994198544331 -0.00352945360998 
0.0162508325973 -0.00062126561161 0.00112383806523 0.0132853370075 0.00126385456287 -0.00091059048564 -0.000433547744683 -0.000669102876837 -0.000176221183437 0.00169851626297 0.00198716923748 0.00145620699637 -0.000649893465661 1.74207262531e-05 -0.00025851696555 0.00165895874183 0.00109039141016 0.0400978177615 0.0008916750267 -7.42942841669e-05 0.00199138042551 0.00261512758515 0.00158783931714 0.00242483144308 -0.00246784130443 0.00223588070236 0.00235247684535 -0.000788564061974 0.00125678259467 0.00202494922684 0.00383384282614 -0.00186686079334 -0.000996304257814 0.000429753293621 0.00699610277513 0.0016076580967 0.00162025616302 -0.000886168043753 0.000815295688166 0.00562054840558 
