20
0.0665048210348 0.0110311255814 0.259768981863 0.123331646141 0.101670797752 0.0704328117516 0.0511719962834 0.0607700526619 0.0573021249509 0.073470583658 0.142251168296 0.357744060202 0.0269248151276 -0.00277796207049 0.0605665428979 0.0436793340255 0.126514999345 0.0243185800675 0.18030920859 0.0839491815724 
0.259133468909 0.0178343102949 0.0146490264681 0.0436316764634 0.0209159561768 0.0130940999767 0.0281214007076 0.0258104058916 0.0214623045289 0.0278634062186 0.021774914844 -0.0269821745296 0.00916539287955 -0.0146274327801 0.0218657827627 0.0174676805641 0.00672547374315 0.0276702670259 0.0271892281191 0.0546822336161 
0.0178343102949 0.155081926079 0.0103260258116 0.0102988653256 0.00382085330809 -0.00394666516014 0.00101483862652 -0.00106142253384 0.0114663327069 0.0237132264954 0.016418811627 0.01167456631 0.0509783353597 0.00724653876047 0.0215943544224 0.038169052429 0.0397863962159 0.017854541262 0.0248144475508 0.0156659926977 
0.0146490264681 0.0103260258116 0.591634100443 0.0323374363021 0.0174017470514 0.0246480299873 -0.0100123714062 0.0596613880156 0.0378788141867 0.142671049303 0.0256157652953 0.147805921275 0.00606410267807 0.0211133480244 -0.0109078637502 -0.00392275450382 0.0340311718607 0.0272655353365 -0.00745212730105 0.0702658433408 
0.0436316764634 0.0102988653256 0.0323374363021 0.468061025038 0.00909921922042 0.0180639054596 0.000456680892625 0.0306957599504 0.0692676235519 -0.00206929751874 0.0255706207567 0.0319066768045 0.0134202784932 0.0295978204333 0.0143980053968 0.0194989023641 0.0115104942489 0.034524513382 0.0317301706833 0.0859004101124 
0.0209159561768 0.00382085330809 0.0174017470514 0.00909921922042 0.283158091849 0.0816079706706 0.0103294984098 0.0169551597361 -0.00936103637062 0.0352877197499 -0.0297622249137 0.0799128620701 0.00348879610788 -0.00653298457901 0.034530782425 0.000485382578636 0.00427827509009 0.0435920659287 0.00177741491353 -0.00934666003213 
0.0130940999767 -0.00394666516014 0.0246480299873 0.0180639054596 0.0816079706706 0.287614062478 0.0233732489718 0.0285555972413 -0.000139477324691 0.0240743515551 0.00101954403527 0.0142553214683 -0.0176013179526 0.029466460563 0.0196138637282 0.00675577085183 0.0297775569285 -0.0026797020165 0.02317351628 0.0192472114861 
0.0281214007076 0.00101483862652 -0.0100123714062 0.000456680892625 0.0103294984098 0.0233732489718 0.324243282764 -0.00448078000352 0.00549832418111 0.025941380911 0.0134812070261 -0.00484050111673 0.00761741293202 -0.0103678759592 0.0149331112993 0.0279168780589 -0.000294182366609 0.00740860809749 0.0393904485118 3.87130133142e-05 
0.0258104058916 -0.00106142253384 0.0596613880156 0.0306957599504 0.0169551597361 0.0285555972413 -0.00448078000352 0.289130256344 0.0142653906567 0.0355575169109 0.02434695669 -0.0121957090157 0.0120436890962 0.0176327995364 0.0342324520927 0.0209706711234 0.0294466190416 -0.00060160314305 0.0153216000374 0.0100483154759 
0.0214623045289 0.0114663327069 0.0378788141867 0.0692676235519 -0.00936103637062 -0.000139477324691 0.00549832418111 0.0142653906567 0.327632766841 0.00703070558429 0.0353141307646 0.0318514061548 0.00357438354238 -0.0124981901423 0.0211886504625 0.0172349525511 0.0238648949014 -0.00979695487269 0.0622314519812 0.0246183081501 
0.0278634062186 0.0237132264954 0.142671049303 -0.00206929751874 0.0352877197499 0.0240743515551 0.025941380911 0.0355575169109 0.00703070558429 0.457232202109 0.0124621926497 0.0232324073894 0.0659085093049 0.0224693000425 0.0132106007835 0.0407564613095 0.0786240237278 0.0182161053726 -0.0218489699253 -0.00386747545843 
0.021774914844 0.016418811627 0.0256157652953 0.0255706207567 -0.0297622249137 0.00101954403527 0.0134812070261 0.02434695669 0.0353141307646 0.0124621926497 0.811720626493 0.0198010586833 -0.0029976650736 0.0384536056624 0.0357162826776 0.00598777965067 0.0288223011404 0.0136579935586 0.0280147041675 -0.00728298566965 
-0.0269821745296 0.01167456631 0.147805921275 0.0319066768045 0.0799128620701 0.0142553214683 -0.00484050111673 -0.0121957090157 0.0318514061548 0.0232324073894 0.0198010586833 2.88805893718 -0.00022304094427 -0.0171827406569 -0.00989937062611 0.0300332245761 0.00810025132727 0.00491405318655 -0.0183601000258 0.0308131751792 
0.00916539287955 0.0509783353597 0.00606410267807 0.0134202784932 0.00348879610788 -0.0176013179526 0.00761741293202 0.0120436890962 0.00357438354238 0.0659085093049 -0.0029976650736 -0.00022304094427 0.204870756793 -0.00509687095077 0.0157311289556 0.0435512820944 0.0764437452009 0.0261604463344 0.0335180076092 -0.0274510858422 
-0.0146274327801 0.00724653876047 0.0211133480244 0.0295978204333 -0.00653298457901 0.029466460563 -0.0103678759592 0.0176327995364 -0.0124981901423 0.0224693000425 0.0384536056624 -0.0171827406569 -0.00509687095077 0.265457493797 0.00956409838159 0.0201918328024 0.0212497789657 0.0183999265646 0.0239262115361 0.0395480432768 
0.0218657827627 0.0215943544224 -0.0109078637502 0.0143980053968 0.034530782425 0.0196138637282 0.0149331112993 0.0342324520927 0.0211886504625 0.0132106007835 0.0357162826776 -0.00989937062611 0.0157311289556 0.00956409838159 0.262272248444 0.0299139440065 0.0248163373022 -0.00312967115502 0.0492355605403 0.0153652959531 
0.0174676805641 0.038169052429 -0.00392275450382 0.0194989023641 0.000485382578636 0.00675577085183 0.0279168780589 0.0209706711234 0.0172349525511 0.0407564613095 0.00598777965067 0.0300332245761 0.0435512820944 0.0201918328024 0.0299139440065 0.214246609431 0.0554677896651 -0.00714863585475 0.0258696155567 0.0129980280911 
0.00672547374315 0.0397863962159 0.0340311718607 0.0115104942489 0.00427827509009 0.0297775569285 -0.000294182366609 0.0294466190416 0.0238648949014 0.0786240237278 0.0288223011404 0.00810025132727 0.0764437452009 0.0212497789657 0.0248163373022 0.0554677896651 0.260346818446 0.0136834412995 0.0518958072034 -0.00390309173027 
0.0276702670259 0.017854541262 0.0272655353365 0.034524513382 0.0435920659287 -0.0026797020165 0.00740860809749 -0.000601603143049 -0.00979695487269 0.0182161053726 0.0136579935586 0.00491405318655 0.0261604463344 0.0183999265646 -0.00312967115502 -0.00714863585475 0.0136834412995 0.235240690116 0.0107102350051 0.00296330311624 
0.0271892281191 0.0248144475508 -0.00745212730105 0.0317301706833 0.00177741491353 0.02317351628 0.0393904485118 0.0153216000374 0.0622314519812 -0.0218489699253 0.0280147041675 -0.0183601000258 0.0335180076092 0.0239262115361 0.0492355605403 0.0258696155567 0.0518958072034 0.0107102350051 0.979604823051 -0.0124793568976 
0.0546822336161 0.0156659926977 0.0702658433408 0.0859004101124 -0.00934666003213 0.0192472114861 3.87130133142e-05 0.0100483154759 0.0246183081501 -0.00386747545844 -0.00728298566965 0.0308131751792 -0.0274510858422 0.0395480432768 0.0153652959531 0.0129980280911 -0.00390309173027 0.00296330311624 -0.0124793568976 0.597988347143 
0.0224416167046 0.00154449657744 0.00126864290621 0.0037786140227 0.00181137493935 0.00113398232195 0.00243538474027 0.00223524671841 0.00185869009458 0.00241304176213 0.00188576294201 -0.0023367248592 0.000793746306936 -0.00126677283797 0.00189363233461 0.00151274551137 0.000582443111405 0.00239631541739 0.00235465622604 0.00473562034472 
0.00154449657744 0.0134304887652 0.000894260067294 0.000891907900214 0.000330895602894 -0.000341791228891 8.78876031308e-05 -9.19218878459e-05 0.000993013541238 0.00205362565507 0.0014219107969 0.00101104710026 0.00441485334641 0.000627568665608 0.00187012595082 0.00330553690419 0.0034456029848 0.00154624863058 0.00214899419599 0.00135671476517 
0.00126864290621 0.000894260067294 0.0512370160729 0.00280050413309 0.00150703550167 0.00213458201222 -0.000867096798992 0.00516682776465 0.00328040153509 0.0123556753081 0.00221839034831 0.0128003682654 0.000525166697037 0.0018284695748 -0.000944648710871 -0.000339720505312 0.0029471859352 0.00236126462492 -0.000645373155494 0.00608520053514 
0.0037786140227 0.000891907900214 0.00280050413309 0.0405352738205 0.000788015499948 0.00156438010196 3.95497254437e-05 0.00265833079055 0.00599875216557 -0.000179206421922 0.00221448071658 0.0027631992663 0.0011622302101 0.00256324643919 0.00124690384374 0.00168865447933 0.000996838042964 0.00298991056421 0.00274791338782 0.00743919373528 
0.00181137493935 0.000330895602894 0.00150703550167 0.000788015499948 0.0245222100828 0.0070674575752 0.000894560803124 0.00146835990567 -0.000810689530271 0.00305600617451 -0.00257748428484 0.00692065686418 0.000302138605805 -0.000565773060796 0.00299045347926 4.20353643653e-05 0.00037050949124 0.00377518364977 0.000153928646818 -0.000809444502837 
0.00113398232195 -0.000341791228891 0.00213458201222 0.00156438010196 0.0070674575752 0.0249081084592 0.00202418273785 0.00247298726312 -1.20790906434e-05 0.00208490000264 8.82951034824e-05 0.00123454705306 -0.0015243188487 0.00255187034072 0.0016986104255 0.000585066917983 0.00257881207627 -0.000232069002086 0.00200688537935 0.00166685740989 
0.00243538474027 8.78876031308e-05 -0.000867096798992 3.95497254437e-05 0.000894560803124 0.00202418273785 0.028080291988 -0.000388046931182 0.000476168841908 0.00224658948782 0.00116750677583 -0.000419199693413 0.000659687311024 -0.000897884396392 0.00129324537428 0.00241767255934 -2.54769402829e-05 0.000641604281911 0.00341131290777 3.35264529871e-06 
0.00223524671841 -9.19218878459e-05 0.00516682776465 0.00265833079055 0.00146835990567 0.00247298726312 -0.000388046931182 0.0250394146997 0.00123541907036 0.00307937129404 0.00210850829984 -0.00105617938248 0.00104301407126 0.00152704523384 0.00296461731461 0.00181611339273 0.00255015201456 -5.21003604877e-05 0.0013268894859 0.000870209646738 
0.00185869009458 0.000993013541239 0.00328040153509 0.00599875216557 -0.000810689530271 -1.20790906434e-05 0.000476168841908 0.00123541907036 0.0283738299196 0.000608876964253 0.00305829343547 0.00275841268763 0.000309550695057 -0.00108237501646 0.00183499095725 0.00149259067423 0.00206676052433 -0.000848441179948 0.00538940183301 0.00213200802561 
0.00241304176213 0.00205362565507 0.0123556753081 -0.000179206421922 0.00305600617451 0.00208490000264 0.00224658948782 0.00307937129404 0.000608876964253 0.0395974702455 0.00107925754215 0.00201198549903 0.00570784433836 0.00194589846421 0.00114407158777 0.00352961308623 0.0068090401896 0.00157756100107 -0.00189217630018 -0.000334933199552 
0.00188576294201 0.00142191079689 0.00221839034831 0.00221448071658 -0.00257748428484 8.82951034824e-05 0.00116750677583 0.00210850829984 0.00305829343547 0.00107925754215 0.0702970683319 0.00171482198415 -0.000259605410578 0.00333017993707 0.00309312081275 0.000518556928975 0.00249608449831 0.00118281693865 0.00242614454886 -0.000630725060532 
-0.0023367248592 0.00101104710026 0.0128003682654 0.0027631992663 0.00692065686418 0.00123454705306 -0.000419199693413 -0.00105617938248 0.00275841268763 0.00201198549903 0.00171482198415 0.250113240723 -1.93159123822e-05 -0.00148806899155 -0.000857310644369 0.00260095354404 0.000701502342645 0.00042556948951 -0.00159003130384 0.00266849924764 
0.000793746306936 0.00441485334641 0.000525166697037 0.0011622302101 0.000302138605805 -0.0015243188487 0.000659687311024 0.00104301407126 0.000309550695057 0.00570784433836 -0.000259605410578 -1.93159123822e-05 0.0177423279875 -0.000441401972318 0.00136235573057 0.00377165166612 0.00662022253044 0.00226556110999 0.00290274460738 -0.00237733377008 
-0.00126677283797 0.000627568665608 0.0018284695748 0.00256324643919 -0.000565773060796 0.00255187034072 -0.000897884396392 0.00152704523384 -0.00108237501646 0.00194589846421 0.00333017993707 -0.00148806899155 -0.000441401972318 0.0229892933253 0.000828275216275 0.00174866401558 0.00184028484091 0.00159348038327 0.00207207070066 0.00342496101477 
0.00189363233461 0.00187012595082 -0.000944648710871 0.00124690384374 0.00299045347926 0.0016986104255 0.00129324537428 0.00296461731461 0.00183499095725 0.00114407158777 0.00309312081275 -0.000857310644369 0.00136235573057 0.000828275216275 0.0227134429861 0.0025906235437 0.00214915785326 -0.000271037472574 0.00426392461974 0.0013306736632 
0.00151274551137 0.00330553690419 -0.000339720505312 0.00168865447933 4.20353643654e-05 0.000585066917983 0.00241767255934 0.00181611339273 0.00149259067423 0.00352961308623 0.000518556928975 0.00260095354404 0.00377165166612 0.00174866401558 0.0025906235437 0.0185543006442 0.00480365149417 -0.000619090025262 0.00224037442583 0.0011256622526 
0.000582443111406 0.0034456029848 0.0029471859352 0.000996838042964 0.00037050949124 0.00257881207627 -2.54769402829e-05 0.00255015201456 0.00206676052433 0.0068090401896 0.00249608449831 0.000701502342645 0.00662022253044 0.00184028484091 0.00214915785326 0.00480365149417 0.0225466958568 0.00118502077766 0.00449430873881 -0.000338017659171 
0.00239631541739 0.00154624863058 0.00236126462492 0.00298991056421 0.00377518364977 -0.000232069002086 0.000641604281911 -5.21003604877e-05 -0.000848441179948 0.00157756100107 0.00118281693865 0.00042556948951 0.00226556110999 0.00159348038327 -0.000271037472574 -0.000619090025262 0.00118502077766 0.0203724413644 0.000927533559491 0.000256629577778 
0.00235465622604 0.00214899419599 -0.000645373155494 0.00274791338782 0.000153928646818 0.00200688537935 0.00341131290777 0.0013268894859 0.00538940183301 -0.00189217630018 0.00242614454886 -0.00159003130384 0.00290274460738 0.00207207070066 0.00426392461974 0.00224037442583 0.00449430873881 0.000927533559491 0.0848362662432 -0.00108074400962 
0.00473562034472 0.00135671476517 0.00608520053514 0.00743919373528 -0.000809444502837 0.00166685740989 3.35264529872e-06 0.000870209646738 0.00213200802561 -0.000334933199552 -0.000630725060532 0.00266849924764 -0.00237733377008 0.00342496101477 0.0013306736632 0.0011256622526 -0.000338017659171 0.000256629577778 -0.00108074400962 0.0517873099793 

['STT', 'PGN', 'ATI', 'JWN', 'ABI', 'EDS', 'EFX', 'ROK', 'GPS', 'FCX', 'DRI', 'BRCM', 'D', 'IPG', 'WMI', 'ETR', 'AYE', 'WPI', 'ADCT', 'FNM']