40
0.00839736130492 0.025042174885 0.0213104348082 0.0161964684659 0.121962687623 0.0160922749751 0.100220943784 0.0861150338972 0.114977551813 0.00477989818121 0.0950879331279 0.0277880817415 0.0616353203302 0.997925549421 0.0916609470377 0.0578888041786 0.122670110856 0.0913653440874 0.082081594572 0.110955558587 0.0914492870129 0.28152338764 0.0384658872101 0.0952470994091 0.0403512104362 0.0771685990004 0.0461662895592 0.102864057578 0.0607700526619 0.0381517477001 0.357744060202 0.0940944116816 0.0723018126246 0.0601344650096 0.00792878112812 0.0560151075184 0.165275344352 0.0566389432936 0.059162885268 0.0300764430792 
0.137147064456 0.0262145360967 0.0289022423906 0.0196569908802 0.00867354358605 0.00571308060269 0.0134882895382 0.0276487395874 0.010560328902 0.0225221514136 0.0286929462431 0.0211929767024 0.0388107509045 0.0120825750146 0.00983547416005 0.00759278832929 0.0180067406523 0.0292993085642 0.0155600941065 0.0353739251598 0.0399999802567 -0.00364720334234 0.0190235642989 0.0169779018656 0.0323554887775 0.0383783268332 0.0304849699862 0.00664579922498 0.00891545565645 0.00805542782972 -0.00470426069612 0.03318166194 0.00634811232999 0.0177174618775 0.00880311937938 0.0125756611343 -0.00397072471287 0.0033920745462 0.00546430184236 0.0233791894021 
0.0262145360966 0.167648270255 0.0341390448739 0.0197413375306 0.010166578362 0.0107506631518 0.00274455367093 0.0141318449307 0.0106189421948 0.0314108654232 0.0323342151663 0.0372260606784 0.00839977932347 0.0214812603821 0.0107587375478 0.0157419369458 -0.00050069904175 0.0175353149824 0.00992008489293 0.0191852187655 0.0380061019079 -0.0109145746881 0.0289887145671 0.0295420708157 0.0125801472952 0.0240680841177 0.00626186857183 -0.00202415233342 0.0199883210586 0.00976073339367 -0.00106440149062 0.0348547157291 0.0241493747832 0.024160497083 0.0173737916224 0.00235242006169 -0.00946245428295 0.0171484528513 -0.0050362831684 0.0288157698323 
0.0289022423906 0.0341390448739 0.332606173152 0.00365251332186 0.00892487994589 0.0019856426046 -0.0115220177673 0.0402011914787 0.00180409793793 0.00835501008315 0.0183610841044 0.0141585391245 0.0733943123795 0.0464133560354 0.014813772044 -0.0256386387087 0.00216693719822 0.0228758075249 0.025183325629 0.020482287843 0.0360166346368 -0.00431344882574 0.0197449144005 -0.000168588233528 0.0160557653704 0.023903046895 0.0092611663599 0.0364571057096 0.0504716050834 0.0776897571882 0.0158102460207 0.0348904782221 0.0254715711402 2.44995337176e-05 -0.000889761839992 -0.00184012113536 -0.0177649785188 0.00501488370159 -0.0130206761096 0.0170428270986 
0.0196569908802 0.0197413375306 0.00365251332186 0.178037295507 0.0313950453582 -0.00416878087094 -0.00594489437064 0.00555471011739 0.00454493495177 0.0121998143757 0.0247546831531 0.0236665261228 0.0075761185717 -0.00948824866983 0.00799659589637 -0.00435971599254 0.00769156222089 0.0232017192287 0.0216053945726 0.0204406729681 0.0171567532722 -0.00860628812449 0.0170191966721 0.0260351947598 0.0214953720932 0.0179201642158 0.0276585243972 0.0127133906687 -0.00141434423401 0.0158706827639 -0.00692296873697 0.016845431522 0.026504572712 0.00689008073199 0.0137229459591 0.0119347625726 -0.0083283497569 0.0162730102315 -8.24895822221e-05 0.00934203661441 
0.00867354358604 0.010166578362 0.00892487994588 0.0313950453582 0.423881192385 0.0223457162485 -0.00730891622693 -0.00464997913248 0.0217399272955 -0.00528113743744 0.0256859030316 0.00264584819314 0.0126787924031 0.0670866030251 0.0382500757561 0.141348435183 0.0125962253995 0.0350502846202 0.0198099965127 -0.00742716663732 0.0811664699107 -0.0305670985827 0.015964202515 0.0230847636448 0.026435922176 0.0374952486689 -0.00696669543172 -0.00502451636281 0.0312537278263 0.0197311017501 0.0213811510365 0.0187122673685 -0.0326217603859 -0.0135821571529 0.0260581093463 0.016626866562 -0.0175616950985 0.00110659069818 0.00693360280129 0.0125074309403 
0.00571308060269 0.0107506631518 0.0019856426046 -0.00416878087094 0.0223457162485 0.209786126375 0.0196286855522 -0.0139547892486 0.0136112914249 0.00362108129392 -0.00786932892663 0.00986603358936 -0.00366547148565 0.02351514806 0.0774291823009 0.0116202186463 0.0106764217356 0.0227805383709 0.00793892782214 0.0210907932119 0.00742222317838 0.00179555057734 0.00507662772005 -0.00802669911828 -0.0111446241465 0.00188348511004 0.0071738382853 0.000913281039373 0.00249256633809 -0.0187103978267 0.0317168382996 -0.00204329712949 -0.00580036777403 -0.00797406183255 0.0150202079205 0.00550309577704 -0.00378369676254 -0.00119218566283 -0.0200548847053 -0.000476093242945 
0.0134882895382 0.00274455367092 -0.0115220177673 -0.00594489437064 -0.00730891622693 0.0196286855522 0.654730054702 0.00471685743854 0.0385351001462 0.0189098721543 0.025195395908 0.00243389149346 0.0199754738703 -0.00410730435365 0.00464682950122 0.0357908825982 0.0261211793481 0.0060688868465 0.0216981344737 0.0499596460786 0.0559732268063 0.019100159321 0.0236825048444 -0.0235376372587 0.0301004136423 0.0150555859908 0.0293259291634 -0.00614192498756 0.00128156517483 -0.00310882455437 0.901245305584 -0.0473431511288 0.0401183167135 0.000411203286682 0.00288455101776 0.00145283283036 0.00157845124466 -0.00530017852113 0.034853488507 0.0256163419161 
0.0276487395874 0.0141318449307 0.0402011914787 0.00555471011739 -0.00464997913247 -0.0139547892486 0.00471685743854 0.228149310834 0.021332790135 -0.00699879871558 0.0219151441972 0.00989604417601 0.0102984021766 -0.0103497796343 0.0192897368967 0.00464300266004 0.0145753866127 0.0348786029334 0.022477453389 0.0326084092968 0.0355849260528 -0.0223353537805 0.0128609530156 0.0347132474697 0.009935917866 0.0258623864606 0.0300647785492 0.0271189957591 0.0140133970817 0.0228248529205 0.0249283617266 0.0379824711756 0.0392281549179 0.0350590338385 0.0023045460564 0.048552894797 0.0159299929574 0.00200993130192 0.0146965257556 0.00110176921179 
0.010560328902 0.0106189421948 0.00180409793793 0.00454493495178 0.0217399272955 0.0136112914249 0.0385351001462 0.021332790135 0.61032811494 0.00588588848701 0.0258738973681 0.0118998913473 -0.00500534286771 -0.0311849997718 0.0138621307595 0.0161493306465 -0.00817395830744 0.0129639972747 0.0354604714438 0.00917910057552 -0.0105298124446 -0.00300416305165 0.0305854610468 -0.00027398823711 0.0183271584058 0.0397076239232 0.0097680474292 0.0223626631461 0.0163090615654 -0.0174582077848 0.0106688917567 0.0409094931051 0.00194604809009 0.00510784018406 -0.00428230092075 0.0112689100974 -0.0476343130586 0.0357135569098 0.0230345218938 0.00788424531 
0.0225221514137 0.0314108654232 0.00835501008316 0.0121998143757 -0.00528113743744 0.00362108129391 0.0189098721543 -0.00699879871558 0.00588588848701 0.168539651772 0.0212506251921 -0.00581343472754 0.0021277937964 0.0440802071028 0.0207360015125 0.00719244805345 0.0126584385212 -0.000526114568438 0.0234848554068 0.0181503720272 0.0226852718387 0.0037202814051 0.0191033635116 0.0138221419153 0.0109508974397 0.00963934404778 0.00571029086689 0.00240518856427 0.00578543669739 -0.00595373558473 -0.0064560568127 0.0115823842618 0.0125538437862 0.00769037552613 0.0101035719648 0.017896698206 -0.0026128612522 0.01595556049 0.0128813234099 0.0266472644197 
0.0286929462431 0.0323342151664 0.0183610841044 0.0247546831531 0.0256859030316 -0.00786932892662 0.025195395908 0.0219151441972 0.0258738973681 0.0212506251921 0.259828537312 0.0379248112316 0.00465178329894 0.0594705816449 0.0256146963033 0.00485487316543 0.00973721208609 0.0176271390151 0.0148567279601 0.0868695625156 0.0826911963463 -0.00346624745944 0.0807833314351 0.0283564128089 0.0171322576774 0.0223363051805 0.028031087636 0.0403367156815 0.00092957532587 0.027411297804 0.00170901193462 0.010400522515 0.0472890090803 0.0119473152951 -0.0019548185673 -0.00224984717681 0.0291887898794 0.0316624800751 0.0129995107004 0.0434363350852 
0.0211929767024 0.0372260606784 0.0141585391245 0.0236665261228 0.00264584819314 0.00986603358936 0.00243389149346 0.00989604417601 0.0118998913473 -0.00581343472754 0.0379248112316 0.162988265276 0.0244309177847 0.0482286424221 0.00378681128741 0.00989466594012 0.00302077637406 0.0223146572968 0.010180555019 0.023830906215 0.021516261055 -0.00431448476182 0.0288401262884 0.0284666755366 0.0147068592098 0.0338728364674 0.00693870307209 -0.000945577610666 0.0108197241073 -0.00274661515607 -0.0161906688625 0.0027409599237 0.0234831131894 0.0201569847611 0.0124429670949 0.0323037294377 0.0237089736963 -0.00741137392507 -0.00882710756636 0.0190420397357 
0.0388107509045 0.00839977932343 0.0733943123795 0.0075761185717 0.0126787924031 -0.00366547148564 0.0199754738703 0.0102984021766 -0.00500534286771 0.0021277937964 0.00465178329894 0.0244309177847 0.27259186658 -0.0122064132574 0.00719040552898 0.00577714124619 -0.0198762729094 0.0369842834624 0.0368007098887 0.0274854719184 0.0253649531654 -0.0331521841213 0.0288035568422 0.02858317671 0.0222086158472 0.0215945440367 0.0420615276633 -0.014372212562 0.039412539477 0.03073649107 -0.0121820791446 0.00944157889218 0.026429106402 0.0255182876137 0.0281099695154 0.0242910258602 0.00215587864071 -0.026998485309 0.0179787640831 0.0129970244313 
0.0120825750146 0.0214812603821 0.0464133560354 -0.00948824866983 0.0670866030251 0.02351514806 -0.00410730435365 -0.0103497796343 -0.0311849997718 0.0440802071028 0.0594705816449 0.0482286424221 -0.0122064132574 11.8138700455 -0.00880091261666 0.097568139715 0.0629936763445 0.0363387273564 0.0143333344767 0.0104163495917 0.101767034967 0.0573647194556 0.0473806070011 0.114462412505 0.022920985558 0.0461302354807 0.0221176597589 -0.00996964553502 0.0139161840341 0.0554673461608 0.0337985839349 0.0470906447146 0.00759192698306 -0.0377064773166 0.0295867263807 0.0130713444091 0.0434995723242 -0.0100581947241 -0.0202465538742 -0.00953110454106 
0.00983547416005 0.0107587375478 0.014813772044 0.00799659589637 0.0382500757561 0.0774291823009 0.00464682950122 0.0192897368967 0.0138621307595 0.0207360015125 0.0256146963033 0.00378681128741 0.00719040552898 -0.00880091261666 0.427725188305 0.0166451956772 0.00960747187865 -0.00772081570625 0.00137061465618 -0.0085462049293 0.024330582457 0.00425028985285 0.0241723622127 0.000101741203596 0.0103845837595 0.00339399522583 -0.0131967096641 0.0487479474826 0.0030360802556 0.0156991176182 0.00201141592957 0.0296939543719 0.0280734679958 0.00847430344644 0.00362909863366 -0.00893276514602 -0.0211827444212 0.00447006394882 -0.0277864600175 0.0223628565025 
0.00759278832929 0.0157419369458 -0.0256386387087 -0.00435971599254 0.141348435183 0.0116202186463 0.0357908825982 0.00464300266004 0.0161493306465 0.00719244805345 0.00485487316543 0.00989466594012 0.00577714124619 0.097568139715 0.0166451956772 0.42087204259 0.0361799239765 0.00479408378796 0.0510005315998 -0.00880601382496 0.041694975838 -0.0246044616524 -0.00134037520869 0.0369377883639 0.00172425395022 0.0247423787642 0.00878919773063 0.00672981289271 0.0331688902656 0.0050747480504 0.0129613206178 0.034015188874 -0.00822030674123 -0.0301668495604 -0.0109852907013 0.0302572898778 -0.0152615992581 0.000438241968836 0.0134644428238 0.0109930789303 
0.0180067406523 -0.000500699041745 0.00216693719822 0.0076915622209 0.0125962253995 0.0106764217356 0.0261211793481 0.0145753866127 -0.00817395830744 0.0126584385212 0.00973721208609 0.00302077637406 -0.0198762729094 0.0629936763445 0.00960747187865 0.0361799239765 0.393485290587 -0.0201281640729 -0.00933224121651 0.0231251667463 0.00700842427506 -0.00553334543787 0.016824241035 -0.0159929449274 0.0146155520991 -0.000691304102028 0.0171872478309 -0.00995828205573 0.0116816642726 -0.006449107775 0.0277298692094 0.0137326345012 0.00532606273868 0.00336832726688 -0.0119093979185 -0.011332220454 -0.0183944691023 -0.00736756260252 0.0287920321232 0.0423798933467 
0.0292993085642 0.0175353149825 0.0228758075249 0.0232017192287 0.0350502846202 0.0227805383709 0.0060688868465 0.0348786029334 0.0129639972747 -0.00052611456844 0.0176271390151 0.0223146572968 0.0369842834624 0.0363387273564 -0.00772081570625 0.00479408378796 -0.0201281640729 0.360619158706 0.0317072800515 -0.00474461033656 0.107629914164 0.0170455415451 0.014228906739 0.0408351722698 0.023607830966 0.0463049671357 0.0206394900695 -0.00144149857331 0.02215785058 0.012089874522 0.0133128625934 0.0218212823681 0.0799765896183 0.00165080875773 0.0216310117963 0.0213669931604 0.00209006004754 -0.00130595604719 0.0107562536047 0.0260491690172 
0.0155600941065 0.00992008489292 0.025183325629 0.0216053945726 0.0198099965127 0.00793892782213 0.0216981344737 0.022477453389 0.0354604714438 0.0234848554068 0.0148567279601 0.010180555019 0.0368007098887 0.0143333344767 0.00137061465618 0.0510005315998 -0.00933224121651 0.0317072800515 0.257210005163 0.0152784165462 0.0453001461404 -0.0232125462137 0.0110103592864 0.0547536945371 0.0278542799799 0.0420902812521 0.0287143770699 0.0548158690774 0.0469504776977 0.0447562629976 0.0411488605055 0.0327745954126 0.0266563069255 0.00127046088774 0.028796358483 0.0294176819935 0.0297056242784 0.000418845646079 0.027281910715 -0.00217382689617 
0.0353739251599 0.0191852187655 0.020482287843 0.0204406729681 -0.00742716663732 0.0210907932119 0.0499596460786 0.0326084092968 0.00917910057552 0.0181503720272 0.0868695625156 0.023830906215 0.0274854719184 0.0104163495917 -0.0085462049293 -0.00880601382495 0.0231251667463 -0.00474461033655 0.0152784165462 0.461363712804 0.0470013636583 -0.00222255573937 0.0523220400815 0.0294980554921 -0.00167208518996 0.0388186930382 0.0919198017094 0.111756794592 -0.00334023131033 0.0186273545853 0.0109682914369 0.000140269502229 0.0378101589944 -0.00212452862279 0.00695869036164 0.0168263126587 -0.0158201732164 0.0252683191148 0.0137967304913 0.0176320255864 
0.0399999802567 0.0380061019079 0.0360166346367 0.0171567532722 0.0811664699107 0.00742222317838 0.0559732268063 0.0355849260528 -0.0105298124446 0.0226852718387 0.0826911963463 0.021516261055 0.0253649531654 0.101767034967 0.024330582457 0.041694975838 0.00700842427506 0.107629914164 0.0453001461404 0.0470013636583 0.438874057744 -0.0328533751869 0.0368800887462 0.0823221871325 0.0486908448393 0.0569807502595 0.0329375463301 0.00818069868902 0.0217162376266 0.00828693349912 0.0139197208919 0.0529535956686 0.0781582443763 0.0459627504724 0.0171714011293 0.00647725534826 0.00698829651831 0.0108168400314 0.0409037516565 0.034953272129 
-0.00364720334234 -0.0109145746881 -0.00431344882574 -0.00860628812449 -0.0305670985827 0.00179555057734 0.019100159321 -0.0223353537805 -0.00300416305166 0.0037202814051 -0.00346624745943 -0.00431448476182 -0.0331521841213 0.0573647194556 0.00425028985285 -0.0246044616524 -0.00553334543787 0.0170455415451 -0.0232125462137 -0.00222255573937 -0.0328533751869 1.68158113178 -0.0110871563107 -0.00468955770638 0.0213016613108 0.00318143733276 -0.0130856315321 -0.00755331623352 -0.0197001918017 -0.032064432934 0.0101147509591 -0.0152473793892 0.0234878532326 -0.0245254612543 -0.0303798736574 -0.0245925637341 0.958763517484 -0.0134578425469 -0.00832854267373 -0.0141445043891 
0.0190235642989 0.0289887145671 0.0197449144005 0.0170191966721 0.015964202515 0.00507662772004 0.0236825048444 0.0128609530156 0.0305854610468 0.0191033635116 0.0807833314351 0.0288401262884 0.0288035568422 0.0473806070011 0.0241723622127 -0.00134037520869 0.016824241035 0.014228906739 0.0110103592864 0.0523220400815 0.0368800887462 -0.0110871563107 0.219738534 0.0221180985216 0.0140096964467 0.0283663618242 0.0224421947119 -0.00745506874925 0.021795923106 0.00216364359071 0.00221085704282 0.0268971795895 0.033326284079 0.0283419586066 0.0136856500012 0.00557774678837 0.018600533578 0.00982674726281 -0.0018976430116 0.0300914321065 
0.0169779018656 0.0295420708157 -0.000168588233531 0.0260351947598 0.0230847636448 -0.00802669911828 -0.0235376372587 0.0347132474697 -0.000273988237116 0.0138221419153 0.0283564128089 0.0284666755366 0.02858317671 0.114462412505 0.000101741203593 0.0369377883639 -0.0159929449274 0.0408351722698 0.0547536945371 0.029498055492 0.0823221871325 -0.00468955770638 0.0221180985216 0.446517690381 0.00544319449557 0.00612309778594 0.0303609857654 -0.00151515905507 0.00857663049178 0.0272361611634 0.00264321174498 0.0760759098852 0.0243677088817 0.0206376961778 0.0106553373512 0.0294884085114 0.024585190354 0.00751215244411 0.0111151394305 8.21580388743e-05 
0.0323554887775 0.0125801472952 0.0160557653704 0.0214953720932 0.026435922176 -0.0111446241465 0.0301004136423 0.00993591786599 0.0183271584058 0.0109508974397 0.0171322576774 0.0147068592098 0.0222086158472 0.022920985558 0.0103845837595 0.00172425395022 0.0146155520991 0.023607830966 0.0278542799799 -0.00167208518997 0.0486908448393 0.0213016613108 0.0140096964467 0.00544319449557 0.174533791252 0.0273558747969 0.0155181184956 0.0173694487828 0.0245154450394 0.0157834909697 0.00219344084334 0.0112053982079 0.0249995209021 0.00659886757914 0.00546224856499 0.0110844020268 0.0397533116285 0.00918057261895 -0.00422835772583 0.00574103913033 
0.0383783268332 0.0240680841177 0.023903046895 0.0179201642158 0.0374952486689 0.00188348511004 0.0150555859908 0.0258623864606 0.0397076239232 0.00963934404779 0.0223363051805 0.0338728364674 0.0215945440367 0.0461302354807 0.00339399522583 0.0247423787642 -0.000691304102029 0.0463049671357 0.0420902812521 0.0388186930382 0.0569807502595 0.00318143733277 0.0283663618242 0.00612309778594 0.0273558747969 0.206926370981 0.00717708287755 0.0155918426364 0.0236658475587 0.0129526825979 0.0362375275265 0.0325475372676 0.0386250118236 0.0173705391748 0.0114337244776 0.027106603131 0.00113022837281 0.00634101102137 0.0230137317998 0.0330072525211 
0.0304849699862 0.00626186857183 0.0092611663599 0.0276585243972 -0.00696669543171 0.0071738382853 0.0293259291634 0.0300647785492 0.0097680474292 0.00571029086689 0.028031087636 0.00693870307209 0.0420615276633 0.0221176597589 -0.0131967096641 0.00878919773063 0.0171872478309 0.0206394900695 0.0287143770699 0.0919198017094 0.0329375463301 -0.0130856315321 0.0224421947119 0.0303609857654 0.0155181184956 0.00717708287755 0.331883279383 0.0273453009477 0.0369983752607 0.0131808230734 -0.000105949390143 0.0227957316863 0.0506693412891 0.0176105150979 0.0101873183867 0.0171235008344 -0.00366288491879 0.0213941412188 0.0142313208955 0.0264528622741 
0.00664579922499 -0.00202415233341 0.0364571057096 0.0127133906687 -0.00502451636279 0.000913281039375 -0.00614192498755 0.0271189957591 0.0223626631461 0.00240518856427 0.0403367156815 -0.000945577610659 -0.014372212562 -0.00996964553502 0.0487479474826 0.00672981289273 -0.00995828205573 -0.00144149857329 0.0548158690775 0.111756794592 0.00818069868905 -0.00755331623352 -0.00745506874924 -0.00151515905506 0.0173694487829 0.0155918426364 0.0273453009477 0.609043362868 -0.00411449925383 0.0283140132656 0.00802862287226 0.0646533454517 -0.00741306674174 0.00341605040921 0.0082045540766 -0.00145310317341 -0.00373880910051 0.00962101405761 -0.0111376630242 0.00215546705028 
0.00891545565645 0.0199883210586 0.0504716050834 -0.001414344234 0.0312537278263 0.00249256633809 0.00128156517483 0.0140133970817 0.0163090615654 0.00578543669739 0.000929575325875 0.0108197241073 0.039412539477 0.0139161840341 0.0030360802556 0.0331688902656 0.0116816642726 0.02215785058 0.0469504776977 -0.00334023131034 0.0217162376266 -0.0197001918016 0.021795923106 0.00857663049178 0.0245154450395 0.0236658475587 0.0369983752607 -0.00411449925384 0.266300676265 0.0732204752838 -0.0116398226398 0.0277820884229 0.0450091253042 0.0197019669884 0.0290019219342 0.00968580044706 0.0012907303352 0.00507431258557 -0.000505048037489 0.0229318284304 
0.00805542782972 0.00976073339366 0.0776897571882 0.0158706827639 0.0197311017501 -0.0187103978267 -0.00310882455437 0.0228248529205 -0.0174582077848 -0.00595373558472 0.027411297804 -0.00274661515606 0.03073649107 0.0554673461608 0.0156991176182 0.0050747480504 -0.006449107775 0.012089874522 0.0447562629976 0.0186273545853 0.00828693349912 -0.032064432934 0.00216364359071 0.0272361611634 0.0157834909697 0.0129526825979 0.0131808230734 0.0283140132656 0.0732204752838 0.318543559021 0.0549429054004 0.0461635992235 0.0292909106861 0.000184861622327 -0.00812916422376 0.0120848504339 -0.0110968099423 -0.00477993650703 0.00847132959013 0.0114224978933 
-0.00470426069612 -0.00106440149062 0.0158102460207 -0.00692296873697 0.0213811510365 0.0317168382996 0.901245305584 0.0249283617266 0.0106688917567 -0.0064560568127 0.00170901193462 -0.0161906688625 -0.0121820791446 0.0337985839349 0.00201141592957 0.0129613206178 0.0277298692094 0.0133128625934 0.0411488605055 0.0109682914369 0.0139197208919 0.0101147509591 0.00221085704282 0.00264321174497 0.00219344084334 0.0362375275265 -0.000105949390142 0.00802862287226 -0.0116398226398 0.0549429054004 2.7471397601 -0.00198551713793 -0.00457432378206 -0.0255758499193 -0.03647850891 0.0127920660783 0.0326378191086 0.0389187514836 -0.0121927586589 -0.0133263167147 
0.03318166194 0.0348547157291 0.0348904782221 0.016845431522 0.0187122673685 -0.00204329712949 -0.0473431511288 0.0379824711756 0.0409094931051 0.0115823842618 0.010400522515 0.00274095992369 0.00944157889218 0.0470906447146 0.0296939543719 0.034015188874 0.0137326345012 0.0218212823681 0.0327745954126 0.000140269502225 0.0529535956686 -0.0152473793892 0.0268971795895 0.0760759098853 0.0112053982079 0.0325475372676 0.0227957316863 0.0646533454517 0.0277820884229 0.0461635992235 -0.00198551713793 0.350878798233 0.0662224688621 0.0192533545517 0.0358285615938 -0.0105149844092 0.019399346601 0.0184348515461 0.00396355211948 0.0178610484609 
0.00634811232999 0.0241493747832 0.0254715711402 0.026504572712 -0.0326217603859 -0.00580036777402 0.0401183167135 0.0392281549179 0.00194604809008 0.0125538437862 0.0472890090803 0.0234831131894 0.026429106402 0.00759192698306 0.0280734679958 -0.00822030674123 0.00532606273868 0.0799765896183 0.0266563069255 0.0378101589944 0.0781582443763 0.0234878532326 0.033326284079 0.0243677088817 0.0249995209021 0.0386250118236 0.0506693412891 -0.00741306674177 0.0450091253042 0.0292909106861 -0.00457432378206 0.0662224688621 0.451376373431 0.0453862944643 0.0072888607999 0.029762368885 -0.00388382916201 -0.00701898215996 0.0214280735466 -0.00929568411201 
0.0177174618775 0.024160497083 2.44995337153e-05 0.00689008073199 -0.0135821571529 -0.00797406183255 0.000411203286682 0.0350590338385 0.00510784018406 0.00769037552614 0.0119473152951 0.0201569847611 0.0255182876137 -0.0377064773166 0.00847430344644 -0.0301668495604 0.00336832726689 0.00165080875774 0.00127046088775 -0.0021245286228 0.0459627504724 -0.0245254612542 0.0283419586066 0.0206376961778 0.00659886757914 0.0173705391748 0.0176105150979 0.0034160504092 0.0197019669884 0.000184861622325 -0.0255758499193 0.0192533545517 0.0453862944643 0.284725364039 -0.00635072993612 -0.0085817532098 -0.0166205682567 -0.0102848914817 0.0293736691107 -0.00237605587839 
0.00880311937938 0.0173737916225 -0.000889761839992 0.0137229459591 0.0260581093463 0.0150202079205 0.00288455101776 0.0023045460564 -0.00428230092075 0.0101035719648 -0.0019548185673 0.0124429670949 0.0281099695154 0.0295867263807 0.00362909863366 -0.0109852907013 -0.0119093979185 0.0216310117963 0.028796358483 0.00695869036163 0.0171714011293 -0.0303798736574 0.0136856500012 0.0106553373512 0.00546224856499 0.0114337244776 0.0101873183867 0.00820455407659 0.0290019219342 -0.00812916422377 -0.03647850891 0.0358285615937 0.0072888607999 -0.00635072993612 0.237114853759 0.00189473081246 -0.00565505708162 -0.00237822573373 -0.00108705827048 0.0242566232012 
0.0125756611343 0.0023524200617 -0.00184012113536 0.0119347625726 0.016626866562 0.00550309577704 0.00145283283036 0.048552894797 0.0112689100974 0.017896698206 -0.00224984717681 0.0323037294377 0.0242910258602 0.0130713444091 -0.00893276514602 0.0302572898778 -0.011332220454 0.0213669931604 0.0294176819935 0.0168263126587 0.00647725534826 -0.0245925637341 0.00557774678837 0.0294884085114 0.0110844020268 0.027106603131 0.0171235008344 -0.00145310317342 0.00968580044706 0.0120848504339 0.0127920660783 -0.0105149844092 0.029762368885 -0.0085817532098 0.00189473081246 0.357233617285 0.0173500257803 -0.0128114329258 0.0211578264463 0.0196483159523 
-0.00397072471287 -0.00946245428294 -0.0177649785188 -0.0083283497569 -0.0175616950985 -0.00378369676254 0.00157845124466 0.0159299929574 -0.0476343130586 -0.0026128612522 0.0291887898793 0.0237089736963 0.00215587864071 0.0434995723242 -0.0211827444212 -0.0152615992581 -0.0183944691023 0.00209006004754 0.0297056242784 -0.0158201732164 0.00698829651831 0.958763517484 0.018600533578 0.024585190354 0.0397533116285 0.00113022837281 -0.00366288491879 -0.00373880910051 0.00129073033521 -0.0110968099423 0.0326378191086 0.019399346601 -0.00388382916201 -0.0166205682567 -0.00565505708162 0.0173500257803 0.983037415026 -0.0170731192519 0.00130863708816 0.0186800378099 
0.00339207454621 0.0171484528513 0.0050148837016 0.0162730102316 0.00110659069818 -0.00119218566283 -0.00530017852112 0.00200993130192 0.0357135569098 0.01595556049 0.0316624800751 -0.00741137392506 -0.026998485309 -0.0100581947241 0.00447006394882 0.000438241968836 -0.00736756260252 -0.00130595604719 0.000418845646074 0.0252683191148 0.0108168400314 -0.0134578425469 0.00982674726281 0.00751215244411 0.00918057261894 0.00634101102137 0.0213941412188 0.00962101405761 0.00507431258556 -0.00477993650704 0.0389187514836 0.0184348515461 -0.00701898215995 -0.0102848914817 -0.00237822573374 -0.0128114329258 -0.0170731192519 0.199819804317 -0.00525151029903 0.00342141977778 
0.00546430184235 -0.0050362831684 -0.0130206761096 -8.24895822284e-05 0.00693360280129 -0.0200548847053 0.034853488507 0.0146965257556 0.0230345218938 0.0128813234099 0.0129995107004 -0.00882710756637 0.0179787640831 -0.0202465538742 -0.0277864600175 0.0134644428238 0.0287920321232 0.0107562536047 0.027281910715 0.0137967304913 0.0409037516565 -0.00832854267373 -0.0018976430116 0.0111151394305 -0.00422835772584 0.0230137317998 0.0142313208955 -0.0111376630242 -0.000505048037492 0.00847132959013 -0.0121927586589 0.00396355211948 0.0214280735466 0.0293736691107 -0.00108705827048 0.0211578264463 0.00130863708816 -0.00525151029903 0.34559422629 -0.0339154440608 
0.0233791894021 0.0288157698323 0.0170428270986 0.00934203661441 0.0125074309403 -0.000476093242943 0.0256163419161 0.00110176921179 0.00788424531 0.0266472644197 0.0434363350852 0.0190420397357 0.0129970244313 -0.00953110454106 0.0223628565025 0.0109930789303 0.0423798933467 0.0260491690172 -0.00217382689617 0.0176320255864 0.034953272129 -0.0141445043891 0.0300914321065 8.21580388749e-05 0.00574103913033 0.0330072525211 0.0264528622741 0.00215546705026 0.0229318284304 0.0114224978933 -0.0133263167147 0.0178610484609 -0.00929568411202 -0.00237605587838 0.0242566232012 0.0196483159523 0.0186800378099 0.00342141977778 -0.0339154440608 0.36782345701 
0.0118772841873 0.00227024542082 0.00250300761366 0.00170234534642 0.000751150908635 0.00049476729358 0.00116812013936 0.00239445108653 0.000914551310146 0.00195047552721 0.00248488203559 0.00183536562061 0.00336110962232 0.00104638169058 0.000851777048087 0.000657554757872 0.00155942948442 0.00253739455299 0.00134754367815 0.003063471782 0.00346409990532 -0.000315857074723 0.00164748899533 0.00147032943186 0.00280206752332 0.00332366059923 0.00264007584417 0.000575543095729 0.00077210110848 0.000697620513889 -0.000407400926887 0.00287361621798 0.000549762654385 0.00153437720765 0.000762372501509 0.00108908420117 -0.000343874847278 0.000293762272854 0.000473222420943 0.00202469719421 
0.00227024542081 0.0145187660941 0.00295652801217 0.00170964998062 0.000880451513103 0.000931034739696 0.000237685320108 0.00122385367123 0.0009196273702 0.00272026074114 0.00280022517455 0.00322387142303 0.00072744222803 0.00186033171962 0.000931734002908 0.00136329172998 -4.33618089806e-05 0.00151860282382 0.000859104552497 0.00166148868281 0.00329142497511 -0.000945229895138 0.00251049632381 0.00255841838068 0.0010894727141 0.00208435722664 0.000542293725837 -0.000175296734187 0.00173103938157 0.000845304307848 -9.21798730704e-05 0.00301850692631 0.00209139720478 0.0020923604242 0.00150461449051 0.000203725553379 -0.000819472579118 0.00148509958048 -0.000436154916449 0.00249551887043 
0.00250300761366 0.00295652801217 0.0288045395405 0.000316316932439 0.000772917275887 0.000171961693842 -0.000997836008934 0.00348152530829 0.000156239464516 0.000723565098088 0.00159011652755 0.00122616545623 0.0063561339014 0.00401951454016 0.0012829102916 -0.00222037124402 0.000187662266207 0.00198110304487 0.00218093997465 0.00177381815996 0.00311913205542 -0.000373555626101 0.00170995974664 -1.46001693014e-05 0.0013904700688 0.0020700645839 0.000802040533635 0.0031572779693 0.0043709692172 0.00672813033388 0.0013692074694 0.00302160404905 0.00220590276817 2.12172185803e-06 -7.70556356751e-05 -0.000159359164926 -0.0015384922695 0.00043430166826 -0.00112762362854 0.00147595212197 
0.00170234534643 0.00170964998062 0.000316316932439 0.015418482073 0.00271889068332 -0.000361027013705 -0.000514842954779 0.000481052007232 0.000393602912678 0.00105653491708 0.00214381844732 0.00204958128417 0.000656111114518 -0.000821706438549 0.000692525519005 -0.000377562480282 0.000666108827808 0.00200932782635 0.00187108205586 0.00177021420608 0.00148581841802 -0.000745326414809 0.001473905667 0.00225471400544 0.00186155382965 0.00155193174508 0.00239529847591 0.00110101192874 -0.000122485803635 0.00137444144489 -0.000599546679582 0.00145885716358 0.0022953633285 0.000596698494803 0.00118844198153 0.0010335807576 -0.000721256246108 0.00140928402566 -7.14380737519e-06 0.000809044103117 
0.000751150908634 0.000880451513103 0.000772917275886 0.00271889068332 0.0367091880792 0.0019351957937 -0.000632970712666 -0.000402700005579 0.00188273293143 -0.00045735991817 0.00222446445445 0.000229137174981 0.00109801563104 0.00580987024734 0.00331255373014 0.0122411335654 0.00109086511878 0.0030354436891 0.00171559602289 -0.000643211498606 0.00702922248781 -0.00264718838926 0.00138254049292 0.00199919917568 0.00228941801769 0.00324718378685 -0.00060333352243 -0.000435135881192 0.00270665222605 0.00170876353602 0.00185166199598 0.00162052989035 -0.00282512732103 -0.00117624931326 0.00225669846685 0.0014399288828 -0.00152088740888 9.58335656214e-05 0.000600467616566 0.00108317529304 
0.00049476729358 0.000931034739697 0.000171961693842 -0.000361027013705 0.0019351957937 0.0181680114802 0.00169989403311 -0.00120852019937 0.00117877241523 0.00031359483897 -0.000681503876119 0.000854423572298 -0.000317439142342 0.00203647155937 0.00670556388669 0.00100634045452 0.000924605244452 0.00197285249411 0.000687531317278 0.00182651627075 0.000642783382504 0.000155499241376 0.000439648857112 -0.000695132534496 -0.000965152762652 0.000163114595294 0.000621272619772 7.90924580892e-05 0.00021586257694 -0.00162036798329 0.00274675876952 -0.000176954722162 -0.00050232658436 -0.000690574011833 0.00130078816292 0.000476582074238 -0.000327677751658 -0.000103246307003 -0.00173680396248 -4.12308842961e-05 
0.00116812013936 0.000237685320107 -0.000997836008934 -0.000514842954779 -0.000632970712666 0.00169989403311 0.0567012859993 0.000408491836781 0.0033372375664 0.0016376429668 0.00218198529148 0.000210781186339 0.00172992678243 -0.000355702991133 0.000402427239511 0.00309958135539 0.00226216048922 0.000525581018177 0.0018791135669 0.00432663226682 0.0048474236346 0.00165412231884 0.00205096508205 -0.00203841918111 0.00260677228786 0.00130385199369 0.00253969996451 -0.000531906306736 0.000110986799801 -0.000269232103999 0.0780501329677 -0.00410003715727 0.0034743481431 3.56112492386e-05 0.00024980944599 0.000125819013854 0.000136697887651 -0.000459008924389 0.00301840064576 0.00221844028513 
0.00239445108653 0.00122385367123 0.00348152530829 0.000481052007232 -0.000402700005579 -0.00120852019937 0.000408491836781 0.0197583099038 0.00184747381905 -0.000606113748366 0.00189790716024 0.00085702256534 0.000891867790332 -0.000896317208688 0.00167054021848 0.000402095825343 0.00126226550766 0.00302057561888 0.00194660456473 0.0028239710828 0.00308174499535 -0.00193429837764 0.00111379120284 0.00300625541566 0.000860475728187 0.00223974836774 0.00260368619828 0.00234857392525 0.00121359578661 0.00197669024668 0.00215885945299 0.00328937849366 0.00339725787025 0.00303620139363 0.000199579542904 0.00420480403215 0.00137957785832 0.000174065156732 0.00127275646518 9.54160126519e-05 
0.000914551310146 0.0009196273702 0.000156239464516 0.000393602912679 0.00188273293143 0.00117877241523 0.0033372375664 0.00184747381905 0.0528559652182 0.000509732895359 0.00224074524157 0.0010305608209 -0.000433475407808 -0.00270070020194 0.00120049573883 0.0013985730594 -0.000707885554372 0.00112271509745 0.00307096691005 0.000794933428229 -0.000911908507411 -0.000260168151984 0.0026487786253 -2.37280773676e-05 0.00158717847586 0.00343878110414 0.000845937721905 0.00193666343808 0.00141240616276 -0.00151192514462 0.000923953129152 0.00354286602849 0.0001685327083 0.000442351935787 -0.000370858138402 0.000975916241732 -0.00412525252005 0.00309288475434 0.00199484811241 0.000682795672813 
0.00195047552721 0.00272026074114 0.000723565098089 0.00105653491708 -0.00045735991817 0.00031359483897 0.0016376429668 -0.000606113748366 0.000509732895359 0.014595961998 0.00184035812627 -0.000503458215729 0.00018427234817 0.00381745791551 0.00179579040827 0.000622884272969 0.00109625293316 -4.55628581569e-05 0.00203384813865 0.00157186832637 0.00196460217041 0.000322185820605 0.00165439980988 0.00119703260334 0.000948375537704 0.00083479168212 0.000494525695372 0.000208295439755 0.000501033515192 -0.000515608626379 -0.000559110920808 0.00100306390071 0.0010871947634 0.000666006057027 0.000874994999047 0.00154989952903 -0.000226280422097 0.0013817920716 0.00111555533074 0.00230772079288 
0.00248488203559 0.00280022517455 0.00159011652755 0.00214381844732 0.00222446445445 -0.000681503876119 0.00218198529148 0.00189790716024 0.00224074524157 0.00184035812627 0.022501811394 0.00328438499603 0.000402856250979 0.00515030344823 0.00221829777089 0.000420444349341 0.000843267302859 0.00152655501831 0.00128663038306 0.00752312479541 0.00716126767052 -0.000300185835567 0.00699604172251 0.00245573738527 0.00148369703728 0.0019343807713 0.00242756339885 0.00349326204854 8.05035846935e-05 0.0023738880249 0.000148004775075 0.000900711671058 0.00409534831833 0.00103466785526 -0.000169292253908 -0.000194842480975 0.00252782335412 0.00274205120918 0.00112579065033 0.00376169696311 
0.00183536562061 0.00322387142303 0.00122616545623 0.00204958128417 0.000229137174982 0.000854423572297 0.000210781186339 0.00085702256534 0.0010305608209 -0.000503458215729 0.00328438499603 0.0141151978247 0.00211577954393 0.00417672295276 0.000327947477423 0.000856903206611 0.000261606907909 0.00193250600958 0.000881661927105 0.00206381701774 0.00186336286681 -0.000373645340797 0.00249762820141 0.0024652864176 0.00127365136856 0.0029334736879 0.000600909312975 -8.18894232087e-05 0.000937015593886 -0.000237863849957 -0.00140215305392 0.000237374092468 0.0020336972582 0.00174564608668 0.00107759256026 0.002797585033 0.00205325735187 -0.000641843809605 -0.000764449939441 0.0016490890151 
0.00336110962232 0.000727442228028 0.0063561339014 0.000656111114517 0.00109801563104 -0.000317439142342 0.00172992678243 0.000891867790333 -0.000433475407808 0.00018427234817 0.000402856250978 0.00211577954393 0.0236071481323 -0.001057106397 0.000622707385161 0.000500315108045 -0.00172133572721 0.00320293290192 0.00318703496409 0.00238031169164 0.0021966693807 -0.002871063364 0.00249446119447 0.00247537571517 0.00192332255065 0.00187014237189 0.00364263514784 -0.00124467011873 0.00341322604147 0.00266185820898 -0.00105499900102 0.000817664717247 0.00228882775435 0.00220994853345 0.00243439477 0.00210366454789 0.000186704567033 -0.00233813741413 0.00155700664246 0.00112557533311 
0.00104638169058 0.00186033171962 0.00401951454016 -0.000821706438549 0.00580987024734 0.00203647155937 -0.000355702991133 -0.000896317208687 -0.00270070020194 0.00381745791551 0.00515030344823 0.00417672295276 -0.001057106397 1.02311115765 -0.000762181390251 0.00844964875932 0.00545541239921 0.00314702610318 0.00124130317778 0.000902082336112 0.00881328375491 0.00496793043295 0.00410328093097 0.00991273570079 0.0019850155773 0.00399499558088 0.00191544552235 -0.000863396630005 0.00120517688973 0.00480361308558 0.00292704322995 0.00407816946034 0.0006574801631 -0.00326547672434 0.00256228566605 0.00113201163199 0.00376717346865 -0.000871065214731 -0.00175340299942 -0.000825417865868 
0.000851777048087 0.000931734002908 0.0012829102916 0.000692525519006 0.00331255373014 0.00670556388669 0.000402427239511 0.00167054021848 0.00120049573883 0.00179579040827 0.00221829777089 0.000327947477423 0.000622707385161 -0.000762181390251 0.037042087891 0.00144151623074 0.000832031471306 -0.000668642253955 0.000118698711105 -0.000740123057472 0.00210709024966 0.000368085898602 0.00209338797456 8.81104669258e-06 0.00089933133435 0.00029392860859 -0.00114286858155 0.00422169609023 0.000262932262928 0.00135958346744 0.000174193729258 0.00257157188248 0.00243123364567 0.000733896206399 0.000314289160959 -0.000773600154249 -0.00183447947906 0.000387118893622 -0.00240637802564 0.00193668018324 
0.000657554757872 0.00136329172998 -0.00222037124402 -0.000377562480283 0.0122411335654 0.00100634045452 0.00309958135539 0.000402095825343 0.0013985730594 0.000622884272969 0.000420444349341 0.00085690320661 0.000500315108045 0.00844964875932 0.00144151623074 0.0364485880626 0.00313327332706 0.000415179834825 0.00441677559719 -0.000762623167849 0.00361089082859 -0.00213080888374 -0.000116079898133 0.00319890630827 0.000149324772347 0.00214275285598 0.000761166851361 0.000582818892781 0.00287251015854 0.000439486072945 0.00112248329216 0.00294580176794 -0.00071189944648 -0.00261252580715 -0.000951354081529 0.00262035816839 -0.00132169326599 3.79528678016e-05 0.00116605495332 0.000952028561947 
0.00155942948442 -4.33618089802e-05 0.000187662266207 0.000666108827809 0.00109086511878 0.000924605244452 0.00226216048922 0.00126226550766 -0.000707885554372 0.00109625293316 0.000843267302859 0.000261606907909 -0.00172133572721 0.00545541239921 0.000832031471306 0.00313327332706 0.0340768257664 -0.00174315014187 -0.000808195796774 0.00200269818691 0.00060694734627 -0.000479201771711 0.00145702201357 -0.00138502965884 0.00126574394082 -5.98686914097e-05 0.00148845932427 -0.000862412523831 0.00101166180186 -0.00055850911649 0.0024014771179 0.00118928103389 0.000461250563385 0.000291705698138 -0.00103138411412 -0.000981399079449 -0.00159300775317 -0.000638049637776 0.00249346312452 0.00367020642479 
0.00253739455299 0.00151860282382 0.00198110304487 0.00200932782635 0.0030354436891 0.00197285249411 0.000525581018176 0.00302057561888 0.00112271509745 -4.5562858157e-05 0.00152655501831 0.00193250600958 0.00320293290192 0.00314702610318 -0.000668642253955 0.000415179834825 -0.00174315014187 0.0312305352531 0.00274593100095 -0.000410895308252 0.00932102398735 0.00147618719994 0.0012322594704 0.00353642965535 0.00204449813448 0.00401012778609 0.00178743227213 -0.000124837438401 0.00191892614955 0.00104701384646 0.0011529277203 0.00188977848739 0.00692617583175 0.000142964232099 0.00187330057251 0.00185043588794 0.00018100450966 -0.00011309911131 0.000931518887123 0.00225592421164 
