20
0.0431320253577 0.357744060202 0.10431458653 0.0795042219188 0.05514883533 0.0498631258667 0.0300114281637 0.0916609470377 0.165275344352 0.0524263551757 0.191301962015 0.037281538924 -0.00660692339257 0.259768981863 0.0810581507116 0.00496789573306 0.0482129600444 0.0136100125143 0.0749299903321 0.0807794462486 
0.39932468991 -0.0314770353623 0.00164668079051 0.042090645972 0.00808935038206 0.0341684801597 0.0317339438843 0.0226089552543 0.0289826463785 0.0128511241713 0.0288470331991 0.0245545339488 0.0540957440576 0.0322732627679 0.0303795039823 0.0280702839441 0.00815704426476 0.0157123581568 0.0796180768811 0.0023627574417 
-0.0314770353623 2.88786906152 0.0385786429375 -0.0434098885167 0.0283748236588 -0.0119564188293 0.0146666080886 0.00101689566275 0.0315909013785 0.0152537381335 0.0569680958164 0.000645968785831 0.00378830904506 0.148305253887 -0.0258127259095 0.0206903957548 0.0380021723932 0.00406051589286 0.0255876919 0.0313411710036 
0.00164668079051 0.0385786429375 0.57791276365 0.00249499418118 -0.00153363755184 0.0411684017624 0.0253148092949 0.0424371000826 0.0078172968006 0.0346877342638 0.0221859697874 0.0274352721874 0.0436501164812 0.0437231820394 0.0230211686843 0.0149169996811 0.0369850717343 0.00704142368468 0.038996753624 0.0502232811204 
0.042090645972 -0.0434098885167 0.00249499418118 0.270850648527 0.0156668145114 0.0148404969056 0.0241464920913 0.00278374028924 -0.0466992952924 0.0143292565046 0.0155587084564 0.021221291264 0.0327952959035 0.0372432565279 0.0488390874935 0.0174223001667 0.00460378665667 0.0371282043906 0.0264588239573 0.00661120406429 
0.00808935038206 0.0283748236588 -0.00153363755184 0.0156668145114 0.426261202649 0.0400461715747 0.003860838631 -0.00619973115766 -0.00636046317098 -0.0177144719766 0.0582676551887 0.0161821665993 -0.00969528075509 0.0373210613635 0.0287173339632 0.0487706452742 0.0595457087082 -0.0245714427136 0.0106281550401 0.0210237193618 
0.0341684801597 -0.0119564188293 0.0411684017624 0.0148404969056 0.0400461715747 0.315344853209 0.0207089638535 0.00416350105304 0.0401155602937 0.0139110231641 0.0273091681757 -0.00546523607326 0.012009189178 0.0410992953937 0.0287226036173 0.0145188123898 0.0145450609915 0.0178484768069 0.0155536118914 0.0227192293598 
0.0317339438843 0.0146666080886 0.0253148092949 0.0241464920913 0.003860838631 0.0207089638535 0.223912393062 0.00414225371718 0.00537163735852 0.0148243962365 0.023774968254 0.00870332991068 0.0339859194787 0.0547058796294 0.0253219402827 0.0145549865402 0.0192377902425 0.0298745278714 0.0201697485262 0.015614340121 
0.0226089552543 0.00101689566275 0.0424371000826 0.00278374028924 -0.00619973115766 0.00416350105304 0.00414225371718 0.438970994328 -0.0146049515482 0.0232473027318 0.0318760708353 0.0171237685214 0.00830608977931 0.0502250825281 -0.00176717597241 0.0079535989331 0.00997308143507 0.00685900551492 0.015029226791 0.027187639756 
0.0289826463785 0.0315909013785 0.0078172968006 -0.0466992952924 -0.00636046317097 0.0401155602937 0.00537163735852 -0.0146049515482 1.37516597992 -0.00486501206341 -0.00367558419367 0.0354715592718 0.00860891766683 -0.00357825639169 0.00781193161265 0.00580549572865 -0.0037118347646 -0.0107175141566 -0.0261318363114 -0.0224146546684 
0.0128511241713 0.0152537381335 0.0346877342638 0.0143292565046 -0.0177144719766 0.0139110231641 0.0148243962365 0.0232473027318 -0.00486501206341 0.301694018347 0.066790009445 0.0810486383476 0.022907990641 0.00132390529705 0.0220352820392 -0.0141031948179 -0.0046360337438 0.0248736263532 0.0210139427104 0.00750268953636 
0.0288470331991 0.0569680958164 0.0221859697874 0.0155587084564 0.0582676551887 0.0273091681757 0.023774968254 0.0318760708353 -0.00367558419368 0.066790009445 0.463769133211 0.0622994160529 0.014710991743 0.0392573763121 0.0167418926972 0.0358776559453 0.0191397983029 -0.00313409839693 0.0395809279002 0.00599360563558 
0.0245545339488 0.000645968785831 0.0274352721874 0.021221291264 0.0161821665993 -0.00546523607326 0.00870332991068 0.0171237685214 0.0354715592718 0.0810486383476 0.0622994160529 0.384887587611 0.0092728948785 -0.00238681127951 0.0338562494448 0.019173335145 0.0418494175091 0.00537769404846 0.0308246002335 0.0180465480924 
0.0540957440576 0.00378830904506 0.0436501164811 0.0327952959035 -0.00969528075509 0.012009189178 0.0339859194787 0.00830608977931 0.00860891766683 0.022907990641 0.014710991743 0.0092728948785 0.178239654382 0.0510606343657 0.0310574375588 0.00985013920833 0.0241256224353 0.0102079648656 0.02846859936 -0.00402655375682 
0.0322732627679 0.148305253887 0.0437231820394 0.0372432565279 0.0373210613635 0.0410992953937 0.0547058796294 0.0502250825281 -0.00357825639169 0.00132390529705 0.0392573763121 -0.00238681127952 0.0510606343657 0.601316632492 0.0192700837374 0.00905902952983 0.0776423039926 0.0175886536365 0.017078115393 0.0025790628606 
0.0303795039823 -0.0258127259095 0.0230211686843 0.0488390874935 0.0287173339632 0.0287226036173 0.0253219402827 -0.00176717597241 0.00781193161265 0.0220352820392 0.0167418926972 0.0338562494448 0.0310574375588 0.0192700837374 0.232193168106 0.0353951185485 0.0262061261598 0.0062948412256 0.0326188233365 0.00969487200257 
0.0280702839441 0.0206903957548 0.0149169996811 0.0174223001667 0.0487706452742 0.0145188123898 0.0145549865402 0.0079535989331 0.00580549572865 -0.0141031948179 0.0358776559453 0.019173335145 0.00985013920833 0.00905902952983 0.0353951185485 0.186959608435 0.00125953542304 0.00266446982779 0.0360849941104 0.00845468496956 
0.00815704426476 0.0380021723932 0.0369850717343 0.00460378665667 0.0595457087082 0.0145450609915 0.0192377902425 0.00997308143507 -0.0037118347646 -0.0046360337438 0.0191397983029 0.0418494175091 0.0241256224353 0.0776423039926 0.0262061261598 0.00125953542304 0.279538681017 0.0102419341901 0.0140896896056 0.00860137011651 
0.0157123581568 0.00406051589286 0.00704142368468 0.0371282043906 -0.0245714427136 0.0178484768069 0.0298745278714 0.00685900551492 -0.0107175141566 0.0248736263532 -0.00313409839693 0.00537769404846 0.0102079648656 0.0175886536365 0.0062948412256 0.00266446982779 0.0102419341901 0.159648061026 -0.00095205579842 0.0172949407486 
0.0796180768811 0.0255876919 0.038996753624 0.0264588239573 0.0106281550401 0.0155536118914 0.0201697485262 0.015029226791 -0.0261318363114 0.0210139427104 0.0395809279002 0.0308246002335 0.02846859936 0.017078115393 0.0326188233365 0.0360849941104 0.0140896896056 -0.00095205579842 0.445275097012 0.0116812591613 
0.0023627574417 0.0313411710036 0.0502232811204 0.00661120406429 0.0210237193618 0.0227192293598 0.015614340121 0.027187639756 -0.0224146546684 0.00750268953636 0.00599360563558 0.0180465480924 -0.00402655375682 0.0025790628606 0.00969487200257 0.00845468496956 0.00860137011651 0.0172949407486 0.0116812591613 0.503972585663 
0.034582532582 -0.00272599122596 0.000142606739651 0.00364515686734 0.000700558293098 0.0029590771827 0.00274824015661 0.00195799296033 0.00250997080326 0.00111293999996 0.00249822635742 0.00212648501777 0.00468482885905 0.002794946542 0.00263094222031 0.00243095789871 0.000706420755308 0.00136073013171 0.00689512771795 0.000204620796749 
-0.00272599122596 0.250096797008 0.00334100848274 -0.0037594066231 0.00245733181164 -0.00103545624444 0.00127016551921 8.80657476936e-05 0.00273585231222 0.00132101247263 0.00493358181822 5.59425378581e-05 0.000328077187041 0.0128436117381 -0.00223544763786 0.0017918408338 0.00329108466915 0.000351650991568 0.00221595912096 0.00271422502735 
0.000142606739651 0.00334100848274 0.0500487134492 0.000216072834319 -0.000132816908009 0.00356528817594 0.00219232679414 0.00367516067344 0.000676997761824 0.00300404590722 0.00192136134435 0.0023759642674 0.00378021097508 0.00378653863804 0.00199369169054 0.00129185006721 0.00320300116827 0.000609805178974 0.00337721793035 0.00434946373116 
0.00364515686734 -0.0037594066231 0.000216072834319 0.0234563542256 0.00135678593632 0.00128522473251 0.00209114755634 0.000241078980802 -0.00404427760621 0.00124095001503 0.00134742367733 0.00183781773357 0.00284015593771 0.00322536062728 0.0042295890467 0.00150881545367 0.000398699619828 0.00321539681992 0.00229140137012 0.000572547066928 
0.000700558293098 0.00245733181164 -0.000132816908009 0.00135678593632 0.0369153030142 0.0034681001908 0.000334358433436 -0.000536912467917 -0.00055083226859 -0.00153411827464 0.00504612696123 0.00140141673632 -0.000839635943073 0.0032320987237 0.00248699407411 0.00422366177664 0.00515680964276 -0.00212794935976 0.000920425226005 0.00182070750494 
0.0029590771827 -0.00103545624444 0.00356528817594 0.00128522473251 0.0034681001908 0.0273096653832 0.00179344887832 0.000360569768062 0.00347410943014 0.00120472994528 0.00236504333964 -0.000473303327713 0.0010400262907 0.00355930338886 0.00248745043954 0.00125736603623 0.00125963923182 0.00154572343336 0.00134698230185 0.001967542978 
0.00274824015661 0.00127016551921 0.00219232679414 0.00209114755634 0.000334358433436 0.00179344887832 0.0193913820614 0.0003587296948 0.00046519744124 0.00128383037366 0.00205897264821 0.000753730480017 0.00294326696395 0.00473766814954 0.0021929443558 0.00126049880956 0.00166604150627 0.00258721000627 0.00174675146116 0.00135224152081 
0.00195799296033 8.80657476936e-05 0.00367516067344 0.000241078980802 -0.000536912467917 0.000360569768062 0.0003587296948 0.0380160032612 -0.00126482590617 0.00201327547352 0.00276054871162 0.0014829618548 0.0007193284755 0.00434961973765 -0.000153041928507 0.000688801872758 0.000863694187678 0.000594007302062 0.00130156922003 0.00235451866976 
0.00250997080326 0.00273585231222 0.000676997761824 -0.00404427760621 -0.00055083226859 0.00347410943014 0.00046519744124 -0.00126482590617 0.119092867303 -0.000421322403663 -0.000318314928547 0.00307192714412 0.000745554139856 -0.000309886093646 0.000676533122918 0.000502770678258 -0.000321454320079 -0.000928163952506 -0.00226308340932 -0.00194116603599 
0.00111293999996 0.00132101247263 0.00300404590722 0.00124095001503 -0.00153411827464 0.00120472994528 0.00128383037366 0.00201327547352 -0.000421322403663 0.0261274684059 0.00578418448984 0.00701901797512 0.00198389018448 0.000114653561945 0.00190831140255 -0.00122137249868 -0.000401492299494 0.00215411923061 0.00181986082208 0.00064975197352 
0.00249822635742 0.00493358181822 0.00192136134435 0.00134742367733 0.00504612696123 0.00236504333964 0.00205897264821 0.00276054871162 -0.000318314928547 0.00578418448984 0.0401635850852 0.00539528769427 0.00127400925643 0.00339978851722 0.00144989043832 0.00310709614769 0.00165755515536 -0.00027142088297 0.00342780890669 0.000519061474068 
0.00212648501777 5.59425378581e-05 0.0023759642674 0.00183781773357 0.00140141673632 -0.000473303327713 0.000753730480017 0.0014829618548 0.00307192714412 0.00701901797512 0.00539528769427 0.0333322428473 0.000803056253141 -0.00020670392021 0.00293203720961 0.00166045953108 0.00362426586964 0.000465721965974 0.00266948868637 0.00156287690986 
0.00468482885905 0.000328077187041 0.00378021097508 0.00284015593771 -0.000839635943073 0.0010400262907 0.00294326696395 0.0007193284755 0.000745554139856 0.00198389018448 0.00127400925643 0.000803056253141 0.0154360068657 0.00442198064941 0.00268965299024 0.000853047078522 0.00208934019111 0.000884035689457 0.00246545302559 -0.000348709784311 
0.002794946542 0.0128436117381 0.00378653863804 0.00322536062728 0.0032320987237 0.00355930338886 0.00473766814954 0.00434961973765 -0.000309886093646 0.000114653561945 0.00339978851722 -0.00020670392021 0.00442198064941 0.0520755479456 0.00166883820496 0.000784534970647 0.0067240207666 0.00152322208676 0.00147900817791 0.000223353395524 
0.00263094222031 -0.00223544763786 0.00199369169054 0.0042295890467 0.00248699407411 0.00248745043954 0.0021929443558 -0.000153041928507 0.000676533122918 0.00190831140255 0.00144989043832 0.00293203720961 0.00268965299024 0.00166883820496 0.0201085182165 0.0030653071833 0.00226951709892 0.000545149241416 0.0028248729651 0.000839600544066 
0.00243095789871 0.0017918408338 0.00129185006721 0.00150881545367 0.00422366177664 0.00125736603623 0.00126049880956 0.000688801872758 0.000502770678258 -0.00122137249868 0.00310709614769 0.00166045953108 0.000853047078522 0.000784534970647 0.0030653071833 0.0161911770387 0.000109078967332 0.000230749855848 0.00312505215951 0.000732197196463 
0.000706420755308 0.00329108466915 0.00320300116827 0.000398699619828 0.00515680964276 0.00125963923182 0.00166604150627 0.000863694187678 -0.000321454320079 -0.000401492299494 0.00165755515536 0.00362426586964 0.00208934019111 0.0067240207666 0.00226951709892 0.000109078967332 0.0242087599101 0.000886977519252 0.00122020291299 0.000744900502825 
0.00136073013171 0.000351650991568 0.000609805178974 0.00321539681992 -0.00212794935976 0.00154572343336 0.00258721000627 0.000594007302062 -0.000928163952506 0.00215411923061 -0.00027142088297 0.000465721965974 0.000884035689457 0.00152322208676 0.000545149241416 0.000230749855848 0.000886977519252 0.0138259276514 -8.24504507252e-05 0.00149778580452 
0.00689512771795 0.00221595912096 0.00337721793035 0.00229140137012 0.000920425226005 0.00134698230185 0.00174675146116 0.00130156922003 -0.00226308340932 0.00181986082208 0.00342780890669 0.00266948868637 0.00246545302559 0.00147900817791 0.0028248729651 0.00312505215951 0.00122020291299 -8.24504507252e-05 0.0385619545685 0.00101162671818 
0.000204620796749 0.00271422502735 0.00434946373116 0.000572547066928 0.00182070750494 0.001967542978 0.00135224152081 0.00235451866976 -0.00194116603599 0.00064975197352 0.000519061474068 0.00156287690986 -0.000348709784311 0.000223353395524 0.000839600544066 0.000732197196463 0.000744900502825 0.00149778580452 0.00101162671818 0.0436453061995 

['CFC', 'BRCM', 'R', 'ITT', 'NBR', 'PRU', 'NCC', 'FDX', 'GT', 'LLTC', 'NVDA', 'QLGC', 'PPG', 'ATI', 'GWW', 'AEP', 'BMS', 'SLE', 'SHLD', 'PAYX']