30
0.114977551813 0.0559799775446 0.0539269159384 0.0269248151276 0.0573021249509 0.00787829448736 0.135547989167 0.065309734793 0.0998681056981 0.0479071153807 0.139274044211 0.0288411222523 0.0256858872149 0.123331646141 0.0950879331279 -0.00694067656108 0.00792878112812 0.105790735219 0.0202129727645 0.0170913584406 0.00610402508206 0.00238062118955 0.0321720089654 0.0146303634135 0.357744060202 0.0678116165217 0.0136100125143 0.0558285331973 0.0292815331214 0.073470583658 
0.609945436371 0.0157600745362 0.0419474516278 0.0229925288677 0.012504919845 0.00253118261343 -0.00895645144954 0.00667927360318 0.0184482407061 0.0270826972373 0.031251082528 0.0209467228914 -0.0161045021996 -0.00954729248986 0.0185808125121 0.0140495032642 -0.00619734754369 0.0517143385946 0.0143892842224 0.0184649417458 0.0118281426142 0.0162886413543 0.021558083554 0.0162315765052 0.0181227522261 0.000960256615919 -0.00137938041988 0.0311305051702 -0.00409307558927 0.0741763840036 
0.0157600745362 0.246558767371 0.000257658439319 0.0180234193052 0.0250683129838 0.00385417813391 0.0451059764064 0.0467190420099 0.00895735229208 0.0167562766963 0.0448466579752 0.000368745255675 0.0201563904876 0.00990450132488 0.037025374135 0.0225404354808 0.00387238813272 0.0183680470831 0.0247093626139 0.00882709999926 0.0389811554237 0.0121528748033 0.0112547807305 0.0125053889512 0.0213561535394 0.0150823074974 0.00772318362383 -0.0150309397984 0.0261721286962 0.0163026625634 
0.0419474516278 0.000257658439319 0.23071784638 0.0170842885112 0.0189886623319 0.00628375485648 0.0128106419815 0.010483440596 0.0280204959877 -0.0103947055177 0.0509042599336 0.0290007880986 0.00576245479999 0.0174231322251 0.0329038383137 0.0216471477462 0.0174345429096 0.0181517204645 0.0291268204516 0.0175317444001 0.0020643381158 0.0258634685273 0.0166618373423 0.0136475256461 0.00267014803021 0.0260936848059 0.0269589506461 0.0466397372985 0.017578759113 0.0232601951186 
0.0229925288677 0.0180234193052 0.0170842885112 0.21766424726 0.00409655053241 0.0041525530096 -0.014809339743 0.021655374949 0.0134570988753 0.0119903970612 0.00472559974959 0.0112415781906 0.001353611778 0.0108637834353 0.00747477054014 -0.0135897632434 0.0280087509476 0.0039263537262 0.0174784049126 0.0286803254226 0.011829172705 0.0584949839346 0.0130959279921 0.00953591704157 -0.00081963560832 0.0108649692507 -0.00352407327129 -0.00930358365734 0.00620179051986 0.0651933439351 
0.012504919845 0.0250683129838 0.0189886623319 0.00409655053241 0.320565869719 0.0247288528519 0.00688951435829 0.0379867841464 0.00609116333991 0.0177812086774 0.0006489394155 0.0170184439859 0.019960638505 0.0635591778098 0.0476175079982 0.00827078629992 0.0357231690408 0.050546409524 0.0316386004955 0.0191063274191 0.0286743242727 0.0100565915639 0.00367840164861 0.00259946312499 0.031819573813 -0.0164220273957 -0.00274231935122 0.04242676131 0.0133731699406 0.00256558125975 
0.00253118261343 0.00385417813391 0.00628375485648 0.0041525530096 0.0247288528519 0.156826113096 -0.0130485763331 0.00662130314235 0.0126523942003 -0.00388649934764 -0.00145098573056 0.0106546364219 0.0193296071338 0.0207616877511 0.0206242535743 0.0196543452487 -0.00622776151364 0.0252528099071 0.0112344741214 0.0131533503269 0.0116082921033 0.00896217662209 0.0144171395183 0.0213327210234 0.0143626367047 -0.00389536552134 0.00111383949215 0.00266290328817 0.0256619316435 -0.0130535319943 
-0.00895645144954 0.0451059764064 0.0128106419815 -0.014809339743 0.00688951435829 -0.0130485763331 0.478827394896 0.0231949991282 0.102925933856 0.00992179101368 0.110014907325 0.0019608102309 0.0280607589873 0.0158491112791 0.0312419379456 0.020037432311 0.0155162417416 -0.000954706904095 0.012148033177 0.00383163556694 -0.00374347741085 -0.00255823520881 0.011664075208 0.0107792739985 0.000534907700905 0.0126922400164 0.00549994325839 0.0028877974925 0.00889270200054 -0.00755307064197 
0.00667927360318 0.0467190420099 0.010483440596 0.021655374949 0.0379867841464 0.00662130314235 0.0231949991282 0.31773451144 0.00116792947247 -0.00349539602547 0.0282810213939 -0.00969520757504 0.00199107404526 0.0105925419314 0.0354141589356 0.0164340455828 0.0228328560659 -0.00513928929577 0.0386720878888 0.0131023185118 -0.00149140886659 0.00539649055818 0.0197101770053 0.0145011794364 -0.00274597265005 0.00915399396121 0.0135557305 0.0342119861616 0.0217048825033 0.0465649805176 
0.0184482407061 0.00895735229208 0.0280204959877 0.0134570988753 0.00609116333991 0.0126523942003 0.102925933856 0.00116792947247 0.385259576417 0.0253656584537 0.149290012732 0.0296825201594 0.00983422790025 0.0717629889487 0.0338770692407 0.0141891517226 0.0254870258129 0.0240605340318 0.00409454780771 0.014468619185 0.0329749945948 0.0228689948193 0.021145141251 0.00114833172484 0.04140668376 0.0144980602414 0.00790963556436 -0.00203899332743 0.0191350823254 0.0217270330211 
0.0270826972373 0.0167562766963 -0.0103947055177 0.0119903970612 0.0177812086774 -0.00388649934764 0.00992179101368 -0.00349539602547 0.0253656584537 0.234475127802 0.0344002001616 0.0103200595066 0.0101385937336 0.0161444072784 0.0204769440712 -0.00509170242823 0.014744731231 -0.00578995682502 0.0247240156953 0.0130456931868 0.0200043224947 0.0182746154843 0.0090957829684 0.018497458942 0.0666067949254 0.00812466943579 0.00667467405194 0.0106320473559 0.0142707155151 0.0520282726313 
0.031251082528 0.0448466579752 0.0509042599336 0.00472559974959 0.000648939415501 -0.00145098573056 0.110014907325 0.0282810213939 0.149290012732 0.0344002001616 0.616145416295 0.00783669287287 0.0237166602001 0.0879755675797 0.033683446987 0.130047337712 0.0031045984285 0.04045481581 0.0474161074194 0.0292160123868 0.0303781390529 0.0194285165626 0.0252910997205 0.0179439326561 -0.0131422940716 -0.00389819065529 0.0155913265396 0.0150207291284 0.0211957263557 0.072320365873 
0.0209467228914 0.000368745255675 0.0290007880986 0.0112415781906 0.0170184439859 0.0106546364219 0.0019608102309 -0.00969520757504 0.0296825201594 0.0103200595066 0.00783669287287 0.187308662356 0.0260301014969 0.0124509483492 0.0445805065276 0.00269020955743 0.0194945495459 0.0232895408742 0.0132295767664 0.0305926146803 0.0225796158716 0.0232668694492 0.0179140984405 0.0129902706742 0.0101434181231 0.00761595299044 0.00554228743148 0.0454605591808 0.0284437235803 0.0164747508956 
-0.0161045021996 0.0201563904876 0.00576245479999 0.001353611778 0.019960638505 0.0193296071338 0.0280607589873 0.00199107404526 0.00983422790025 0.0101385937336 0.0237166602001 0.0260301014969 0.220176692465 0.0113698119605 0.0305496845561 0.0153947547791 0.00250381962631 0.0278598532389 0.0218875291384 0.0224607309258 0.00983828439878 0.0173565120569 0.0359686299479 0.0159640669344 -0.00643272821008 0.00193904729993 0.00506420884103 0.0142149683413 0.0280866647965 0.0428587421396 
-0.00954729248986 0.00990450132489 0.0174231322251 0.0108637834353 0.0635591778098 0.0207616877511 0.0158491112791 0.0105925419314 0.0717629889487 0.0161444072784 0.0879755675797 0.0124509483492 0.0113698119605 0.44781618515 0.0448412851581 0.00155242781661 0.00620008123028 0.0591926783597 0.0297152820684 0.0422879892015 0.00617332339456 0.0073036893154 0.0167805285467 -0.00368375909073 0.0320716105947 0.0346192453575 0.0119768744375 0.102546767188 0.0185058099872 -0.007420981949 
0.0185808125121 0.037025374135 0.0329038383137 0.00747477054014 0.0476175079982 0.0206242535743 0.0312419379456 0.0354141589356 0.0338770692407 0.0204769440712 0.033683446987 0.0445805065276 0.0305496845561 0.0448412851581 0.286022480067 0.0114425011533 -0.00141372146432 0.0208603701648 0.019945302356 0.0540729971112 0.0477300779249 0.0135883062129 0.0349177241146 0.0296671448364 0.00821809608336 0.0136336110052 0.0348499114861 0.0479332178584 0.0316680947116 0.0352557149834 
0.0140495032643 0.0225404354808 0.0216471477462 -0.0135897632434 0.00827078629992 0.0196543452487 0.020037432311 0.0164340455828 0.0141891517226 -0.00509170242823 0.130047337712 0.00269020955743 0.0153947547791 0.00155242781661 0.0114425011533 0.38403288157 0.00971602748694 0.00218763077416 0.0302839766231 0.0205487819439 0.0169329627469 -0.00511456597473 0.0273800053637 0.0131738866881 0.0292384471495 0.0116921670849 0.0105353664081 0.0224578672176 0.015950294314 0.0366720724094 
-0.00619734754369 0.00387238813273 0.0174345429096 0.0280087509476 0.0357231690408 -0.00622776151364 0.0155162417416 0.0228328560659 0.0254870258129 0.014744731231 0.0031045984285 0.0194945495459 0.00250381962631 0.00620008123028 -0.00141372146433 0.00971602748693 0.242504164639 0.00884521537564 0.0153561153498 0.0164009711314 0.00169391102511 0.0164956438312 0.0306506268009 -0.00492179078926 -0.0351799780213 0.00936178576938 -0.00142001723037 0.0190668830833 0.00517587419244 0.0201956833532 
0.0517143385946 0.0183680470831 0.0181517204645 0.0039263537262 0.050546409524 0.0252528099071 -0.000954706904096 -0.00513928929577 0.0240605340318 -0.00578995682502 0.04045481581 0.0232895408742 0.0278598532389 0.0591926783597 0.0208603701648 0.00218763077416 0.00884521537565 0.356376430332 0.0101433663672 0.0173778284661 0.0108816665611 0.0127410219915 0.0264311498341 0.0149021547951 0.031275722359 0.0250524927525 0.011613743194 -0.00109334019473 0.0137338733164 0.00788972720373 
0.0143892842224 0.0247093626139 0.0291268204516 0.0174784049126 0.0316386004955 0.0112344741214 0.012148033177 0.0386720878888 0.0040945478077 0.0247240156953 0.0474161074194 0.0132295767664 0.0218875291384 0.0297152820684 0.019945302356 0.0302839766231 0.0153561153498 0.0101433663672 0.211138725368 0.0243170669935 0.0118120097672 0.0160738098032 0.0291469254968 0.0238427976189 0.0477992421522 -1.59858481658e-05 0.0120792932154 0.047824149919 0.0122589810591 0.0175781733492 
0.0184649417458 0.00882709999926 0.0175317444001 0.0286803254226 0.0191063274191 0.0131533503269 0.00383163556694 0.0131023185118 0.014468619185 0.0130456931868 0.0292160123868 0.0305926146803 0.0224607309258 0.0422879892015 0.0540729971112 0.0205487819439 0.0164009711314 0.0173778284661 0.0243170669935 0.226033869557 0.0507566902313 0.0146530329684 0.0181141487064 -0.000339656027141 -0.00617024537291 0.0247208639835 0.00115207173134 0.0388937760353 0.0255736821352 0.0265605739953 
0.0118281426142 0.0389811554237 0.0020643381158 0.011829172705 0.0286743242727 0.0116082921033 -0.00374347741085 -0.00149140886659 0.0329749945948 0.0200043224947 0.0303781390529 0.0225796158716 0.00983828439878 0.00617332339455 0.0477300779249 0.0169329627469 0.00169391102511 0.0108816665611 0.0118120097672 0.0507566902313 0.17715300787 0.0248317955275 0.023590482098 0.0171196768375 0.000507799651834 0.0102332038162 0.0187796182468 0.026395213036 0.025892392647 0.0310323227469 
0.0162886413543 0.0121528748033 0.0258634685273 0.0584949839346 0.0100565915639 0.00896217662209 -0.00255823520882 0.00539649055818 0.0228689948193 0.0182746154843 0.0194285165626 0.0232668694492 0.0173565120569 0.0073036893154 0.0135883062129 -0.00511456597473 0.0164956438312 0.0127410219915 0.0160738098032 0.0146530329684 0.0248317955275 0.127455725029 0.020455285403 0.0129244855774 0.0232175872017 0.0188643938416 0.0234455190551 0.0129780556373 0.0151073119431 0.0356433760218 
0.021558083554 0.0112547807305 0.0166618373423 0.0130959279921 0.00367840164861 0.0144171395183 0.011664075208 0.0197101770053 0.021145141251 0.0090957829684 0.0252910997205 0.0179140984405 0.0359686299479 0.0167805285467 0.0349177241146 0.0273800053637 0.0306506268009 0.0264311498341 0.0291469254968 0.0181141487064 0.023590482098 0.020455285403 0.151774907678 0.0265853175128 -0.00121218735157 0.0115639419894 0.00443863310576 0.0330250990442 0.0262975809033 0.0245349617535 
0.0162315765052 0.0125053889512 0.0136475256461 0.00953591704157 0.00259946312499 0.0213327210234 0.0107792739985 0.0145011794364 0.00114833172484 0.018497458942 0.0179439326561 0.0129902706742 0.0159640669344 -0.00368375909073 0.0296671448364 0.0131738866881 -0.00492179078926 0.0149021547951 0.0238427976189 -0.000339656027141 0.0171196768375 0.0129244855774 0.0265853175128 0.160182654841 0.0189866453889 0.00532423761525 0.00857357321023 0.023596011386 0.0184388044059 0.0192678865549 
0.0181227522261 0.0213561535394 0.00267014803021 -0.00081963560832 0.031819573813 0.0143626367047 0.000534907700905 -0.00274597265005 0.04140668376 0.0666067949254 -0.0131422940716 0.0101434181231 -0.00643272821008 0.0320716105947 0.00821809608336 0.0292384471495 -0.0351799780213 0.031275722359 0.0477992421522 -0.00617024537291 0.000507799651834 0.0232175872017 -0.00121218735157 0.0189866453889 2.89121977269 -0.00386997132152 0.00329242122778 0.00771907722663 0.00829652476414 0.0284419014696 
0.00096025661592 0.0150823074974 0.0260936848059 0.0108649692507 -0.0164220273957 -0.00389536552134 0.0126922400164 0.00915399396121 0.0144980602414 0.0081246694358 -0.0038981906553 0.00761595299044 0.00193904729993 0.0346192453575 0.0136336110052 0.0116921670849 0.00936178576938 0.0250524927525 -1.59858481645e-05 0.0247208639835 0.0102332038162 0.0188643938416 0.0115639419894 0.00532423761525 -0.00386997132152 0.247319997123 0.017758606667 0.00541370263264 0.00895845283822 0.0062549260903 
-0.00137938041988 0.00772318362384 0.0269589506461 -0.00352407327129 -0.00274231935122 0.00111383949215 0.00549994325839 0.0135557305 0.00790963556436 0.00667467405194 0.0155913265396 0.00554228743148 0.00506420884103 0.0119768744375 0.0348499114861 0.0105353664081 -0.00142001723037 0.011613743194 0.0120792932154 0.00115207173134 0.0187796182468 0.0234455190551 0.00443863310577 0.00857357321023 0.00329242122778 0.017758606667 0.161583744701 0.00570990585618 0.00524419060227 -0.00198816916323 
0.0311305051702 -0.0150309397984 0.0466397372985 -0.00930358365734 0.04242676131 0.00266290328817 0.0028877974925 0.0342119861616 -0.00203899332743 0.0106320473559 0.0150207291284 0.0454605591808 0.0142149683413 0.102546767188 0.0479332178584 0.0224578672176 0.0190668830833 -0.00109334019473 0.047824149919 0.0388937760353 0.026395213036 0.0129780556373 0.0330250990442 0.023596011386 0.00771907722663 0.00541370263264 0.00570990585618 0.295469009685 0.0231912916753 0.00677496318415 
-0.00409307558927 0.0261721286962 0.017578759113 0.00620179051986 0.0133731699406 0.0256619316435 0.00889270200054 0.0217048825033 0.0191350823254 0.0142707155151 0.0211957263557 0.0284437235803 0.0280866647965 0.0185058099872 0.0316680947116 0.015950294314 0.00517587419244 0.0137338733164 0.0122589810591 0.0255736821352 0.025892392647 0.0151073119431 0.0262975809033 0.0184388044059 0.00829652476414 0.00895845283822 0.00524419060227 0.0231912916753 0.155884127383 0.0338621278677 
0.0741763840036 0.0163026625634 0.0232601951186 0.0651933439351 0.00256558125975 -0.0130535319943 -0.00755307064197 0.0465649805176 0.0217270330211 0.0520282726313 0.072320365873 0.0164747508956 0.0428587421396 -0.007420981949 0.0352557149834 0.0366720724094 0.0201956833531 0.00788972720373 0.0175781733492 0.0265605739953 0.0310323227469 0.0356433760218 0.0245349617535 0.0192678865549 0.0284419014696 0.0062549260903 -0.00198816916323 0.00677496318415 0.0338621278677 0.464863968012 
0.052822824282 0.00136486249139 0.00363275587337 0.00199121140967 0.00108295782581 0.000219206844485 -0.000775651448306 0.000578442061918 0.00159766451066 0.00234543038105 0.0027064231365 0.001814039415 -0.00139469080202 -0.000826819783358 0.00160914556584 0.00121672267374 -0.000536706040892 0.00447859309628 0.00124614856789 0.00159911086312 0.00102434719835 0.0014106377206 0.00186698480147 0.0014056957597 0.00156947638143 8.31606623538e-05 -0.00011945784851 0.00269598083101 -0.000354470743992 0.0064238632908 
0.00136486249139 0.0213526156069 2.2313875395e-05 0.00156087389813 0.0021709795874 0.000333781617468 0.00390629214305 0.0040459877221 0.000775729463558 0.00145113612918 0.00388383450813 3.19342758939e-05 0.00174559462108 0.000857754975917 0.00320649145855 0.00195205897388 0.000335358649625 0.00159071953919 0.0021398935735 0.00076444928411 0.00337586708658 0.00105246983086 0.000974692602664 0.00108299845159 0.00184949714923 0.00130616614404 0.000668847321633 -0.00130171757082 0.0022665728322 0.00141185199292 
0.00363275587337 2.2313875395e-05 0.0199807516071 0.00147954278563 0.00164446639633 0.000544189133687 0.00110943413947 0.000907892587518 0.0024266461352 -0.000900207904319 0.00440843822634 0.00251154192231 0.000499043224495 0.00150888751205 0.00284955598617 0.00187469798676 0.00150987570631 0.00157198510447 0.00252245664425 0.00151829360232 0.000178776925028 0.00223984207746 0.00144295744121 0.00118191039083 0.000231241602603 0.00225977939203 0.00233471361189 0.00403911973264 0.00152236519589 0.00201439198697 
0.00199121140967 0.00156087389813 0.00147954278563 0.0188502767623 0.000354771682896 0.000359621639687 -0.00128252644307 0.00187541048343 0.00116541894873 0.00103839884565 0.000409248943126 0.000973549229165 0.000117226218661 0.000940831243619 0.000647334117522 -0.00117690802002 0.00242562898489 0.000340032207113 0.00151367426719 0.00248378904047 0.00102443640682 0.00506581420813 0.00113414063273 0.000825834640638 -7.09825258651e-05 0.000940933938248 -0.000305193697774 -0.000805713979349 0.000537090813915 0.00564590920055 
0.00108295782581 0.00217097958739 0.00164446639633 0.000354771682896 0.0277618186763 0.00214158147762 0.000596649445401 0.00328975200789 0.000527510219096 0.00153989784246 5.6199801934e-05 0.00147384048246 0.00172864200211 0.0055043862627 0.00412379715913 0.000716271104501 0.0030937171893 0.00437744747179 0.00273998317693 0.00165465649179 0.00248326932565 0.000870926376979 0.000318558927302 0.000225120110244 0.00275565592596 -0.00142218929063 -0.000237491822345 0.00367426530948 0.00115815048977 0.000222185854641 
0.000219206844485 0.000333781617467 0.000544189133687 0.000359621639687 0.00214158147762 0.0135815397918 -0.00113003985877 0.000573421672743 0.00109572947962 -0.000336580716685 -0.000125659050319 0.000922718580946 0.00167399308231 0.00179801490179 0.00178611275294 0.00170211622801 -0.000539339967952 0.00218695748965 0.000972933998728 0.0011391135528 0.0010053075856 0.000776147262793 0.00124856090728 0.00184746783381 0.00124384082516 -0.000337348549851 9.64613295938e-05 0.000230614189538 0.00222238847135 -0.00113046903162 
-0.000775651448306 0.00390629214305 0.00110943413947 -0.00128252644307 0.000596649445401 -0.00113003985877 0.0414676688007 0.00200874584858 0.0089136473428 0.000859252306888 0.00952757045388 0.000169811147196 0.00243013301325 0.00137257329951 0.00270563119244 0.00173529254079 0.00134374595195 -8.26800432115e-05 0.00105205053373 0.000331829373901 -0.000324194653629 -0.000221549667969 0.00101013854418 0.000933512511702 4.63243657664e-05 0.00109918022852 0.000476309058113 0.000250090598949 0.000770130584075 -0.000654115105253 
0.000578442061918 0.0040459877221 0.000907892587518 0.00187541048343 0.00328975200789 0.000573421672743 0.00200874584858 0.0275166158566 0.000101145659299 -0.000302710175434 0.00244920829721 -0.000839629605495 0.000172432070401 0.000917341040323 0.00306695612919 0.00142323009616 0.00197738333941 -0.000445075508753 0.00334910105291 0.00113469406797 -0.00012915979659 0.000467349791467 0.00170695139997 0.00125583897768 -0.000237808207304 0.000792759131649 0.00117396069798 0.00296284491299 0.0018796979634 0.00403264560549 
0.00159766451066 0.000775729463558 0.0024266461352 0.00116541894873 0.000527510219096 0.00109572947962 0.0089136473428 0.000101145659299 0.0333644580229 0.00219673046046 0.0129288943557 0.00257058165064 0.000851669118822 0.00621485714811 0.00293384025682 0.00122881658499 0.00220724118209 0.00208370337001 0.000354598241848 0.00125301917719 0.00285571830087 0.00198051304725 0.001831222949 9.94484445685e-05 0.00358592400226 0.00125556884746 0.000684994533341 -0.00017658200197 0.00165714673973 0.00188161625451 
0.00234543038105 0.00145113612918 -0.000900207904319 0.00103839884565 0.00153989784246 -0.000336580716685 0.000859252306888 -0.000302710175435 0.00219673046046 0.0203061417232 0.00297914472352 0.000893743370126 0.000878027973195 0.00139814668322 0.00177335537575 -0.000440954365136 0.0012769311818 -0.000501424969728 0.00214116256757 0.00112979017097 0.00173242514659 0.00158262812538 0.000787717911795 0.00160192693492 0.00576831764701 0.000703617012875 0.000578043729096 0.000920762310446 0.00123588021663 0.00450578058137 
0.0027064231365 0.00388383450813 0.00440843822634 0.000409248943126 5.61998019341e-05 -0.000125659050319 0.00952757045388 0.00244920829721 0.0129288943557 0.00297914472352 0.0533597582937 0.000678677510956 0.00205392302262 0.00761890764364 0.00291707207777 0.0112624298153 0.000268866110763 0.00350348981969 0.00410635535738 0.00253018089242 0.00263082401395 0.00168255889011 0.00219027348476 0.0015539901524 -0.001138156053 -0.000337593213628 0.0013502484862 0.00130083330086 0.00183560374757 0.0062631274057 
0.001814039415 3.19342758939e-05 0.00251154192231 0.000973549229165 0.00147384048247 0.000922718580946 0.000169811147196 -0.000839629605495 0.00257058165064 0.000893743370126 0.000678677510956 0.0162214059949 0.00225427291594 0.00107828375716 0.00386078511665 0.000232978981823 0.00168827751421 0.00201693340396 0.0011457149561 0.00264939814813 0.00195545209525 0.00201497000095 0.00155140643353 0.00112499044059 0.000878445777582 0.000659560876375 0.000479976171074 0.00393699991208 0.00246329871987 0.00142675527966 
-0.00139469080202 0.00174559462108 0.000499043224495 0.000117226218661 0.00172864200211 0.00167399308231 0.00243013301325 0.000172432070401 0.000851669118822 0.000878027973195 0.00205392302262 0.00225427291594 0.0190678608996 0.000984654599403 0.00264568029032 0.00133322487237 0.000216837140287 0.00241273406506 0.00189551562599 0.00194515635693 0.0008520204219 0.00150311803624 0.00311497472742 0.00138252875129 -0.000557090604557 0.000167926422088 0.00043857335064 0.00123105236976 0.00243237652214 0.00371167594671 
-0.000826819783358 0.000857754975917 0.00150888751205 0.000940831243619 0.0055043862627 0.00179801490179 0.00137257329951 0.000917341040323 0.00621485714811 0.00139814668322 0.00761890764364 0.00107828375716 0.000984654599403 0.0387820192566 0.00388336920852 0.000134444192672 0.000536942785095 0.00512623631775 0.00257341891519 0.00366224729234 0.000534625488546 0.000632518048848 0.00145323640104 -0.0003190228954 0.00277748295153 0.00299811459394 0.00103722775208 0.00888081054608 0.00160265015665 -0.000642675888886 
0.00160914556584 0.00320649145855 0.00284955598617 0.000647334117522 0.00412379715913 0.00178611275294 0.00270563119244 0.00306695612919 0.00293384025682 0.00177335537575 0.00291707207777 0.00386078511665 0.00264568029032 0.00388336920852 0.0247702733792 0.000990949668162 -0.000122431870198 0.00180656104951 0.00172731385264 0.00468285891571 0.00413354600076 0.00117678183748 0.00302396361256 0.00256925010861 0.000711707997893 0.00118070534758 0.00301809086666 0.00415113843505 0.00274253745097 0.00305323448042 
0.00121672267374 0.00195205897388 0.00187469798676 -0.00117690802002 0.000716271104501 0.00170211622801 0.00173529254079 0.00142323009616 0.00122881658499 -0.000440954365136 0.0112624298153 0.000232978981824 0.00133322487237 0.000134444192672 0.000990949668162 0.0332582231328 0.000841432662755 0.000189454382453 0.00262266930832 0.00177957671802 0.00146643759001 -0.000442934406345 0.00237117802007 0.00114089205385 0.00253212379987 0.00101257137208 0.000912389494755 0.00194490835253 0.00138133600737 0.0031758946316 
-0.000536706040892 0.000335358649625 0.00150987570631 0.00242562898489 0.0030937171893 -0.000539339967952 0.00134374595195 0.00197738333941 0.00220724118209 0.0012769311818 0.000268866110763 0.00168827751421 0.000216837140288 0.000536942785095 -0.000122431870198 0.000841432662755 0.0210014767101 0.000766018121725 0.00132987859964 0.00142036576465 0.000146696997949 0.00142856466096 0.00265442214515 -0.000426239585561 -0.0030466754671 0.000810754430107 -0.000122977099531 0.00165124051211 0.000448243853745 0.00174899748306 
0.00447859309628 0.00159071953919 0.00157198510447 0.000340032207113 0.00437744747179 0.00218695748965 -8.26800432116e-05 -0.000445075508753 0.00208370337001 -0.000501424969728 0.00350348981969 0.00201693340396 0.00241273406506 0.00512623631775 0.00180656104951 0.000189454382453 0.000766018121725 0.0308631041978 0.00087844129539 0.00150496409143 0.000942379967746 0.00110340487148 0.00228900472075 0.00129056446236 0.00270855700846 0.00216960951518 0.0010057796639 -9.46860383613e-05 0.00118938831843 0.000683270418736 
0.00124614856789 0.0021398935735 0.00252245664425 0.00151367426719 0.00273998317693 0.000972933998728 0.00105205053373 0.00334910105291 0.000354598241848 0.00214116256757 0.00410635535738 0.0011457149561 0.00189551562599 0.00257341891519 0.00172731385264 0.00262266930832 0.00132987859964 0.00087844129539 0.0182851499892 0.00210591977619 0.00102295005281 0.00139203276252 0.00252419779224 0.00206484684353 0.00413953579854 -1.38441506126e-06 0.00104609747843 0.00414169287443 0.00106165890217 0.00152231446725 
0.00159911086312 0.00076444928411 0.00151829360232 0.00248378904047 0.00165465649179 0.0011391135528 0.000331829373901 0.00113469406797 0.00125301917719 0.00112979017097 0.00253018089242 0.00264939814813 0.00194515635693 0.00366224729234 0.00468285891571 0.00177957671802 0.00142036576465 0.00150496409143 0.00210591977619 0.0195751073152 0.00439565831523 0.00126898987931 0.00156873129477 -2.94150748052e-05 -0.000534358924052 0.00214088962132 9.97723386324e-05 0.00336829980957 0.00221474583974 0.00230021318191 
0.00102434719835 0.00337586708658 0.000178776925028 0.00102443640683 0.00248326932565 0.0010053075856 -0.000324194653629 -0.00012915979659 0.00285571830087 0.00173242514659 0.00263082401395 0.00195545209525 0.0008520204219 0.000534625488546 0.00413354600076 0.00146643759001 0.000146696997949 0.000942379967746 0.00102295005281 0.00439565831523 0.0153419005172 0.00215049657484 0.00204299567844 0.00148260750459 4.39767398521e-05 0.000886221446696 0.00162636264751 0.00228589250275 0.0022423469797 0.00268747798373 
0.0014106377206 0.00105246983086 0.00223984207746 0.00506581420813 0.000870926376979 0.000776147262793 -0.000221549667969 0.000467349791467 0.00198051304725 0.00158262812538 0.00168255889011 0.00201497000095 0.00150311803624 0.000632518048848 0.00117678183748 -0.000442934406345 0.00142856466096 0.00110340487148 0.00139203276252 0.00126898987931 0.00215049657484 0.0110379895733 0.00177147968007 0.00111929328409 0.00201070203313 0.00163370442938 0.00203044151066 0.00112393258736 0.00130833159256 0.00308680691115 
0.00186698480147 0.000974692602664 0.00144295744121 0.00113414063273 0.000318558927302 0.00124856090728 0.00101013854418 0.00170695139997 0.001831222949 0.000787717911795 0.00219027348476 0.00155140643353 0.00311497472742 0.00145323640104 0.00302396361256 0.00237117802007 0.00265442214515 0.00228900472075 0.00252419779224 0.00156873129477 0.00204299567844 0.00177147968007 0.0131440925706 0.00230235603338 -0.000104978504061 0.00100146675307 0.000384396902767 0.00286005747347 0.00227743731203 0.00212479001594 
0.0014056957597 0.00108299845159 0.00118191039083 0.000825834640638 0.000225120110244 0.00184746783381 0.000933512511702 0.00125583897768 9.94484445685e-05 0.00160192693492 0.0015539901524 0.00112499044059 0.00138252875129 -0.0003190228954 0.00256925010861 0.00114089205385 -0.000426239585561 0.00129056446236 0.00206484684353 -2.94150748053e-05 0.00148260750459 0.00111929328409 0.00230235603338 0.0138722248338 0.00164429172395 0.000461092503059 0.000742493220126 0.00204347452883 0.00159684730309 0.00166864792338 
0.00156947638143 0.00184949714923 0.000231241602603 -7.09825258651e-05 0.00275565592596 0.00124384082516 4.63243657664e-05 -0.000237808207304 0.00358592400227 0.00576831764701 -0.001138156053 0.000878445777582 -0.000557090604557 0.00277748295153 0.000711707997893 0.00253212379987 -0.0030466754671 0.00270855700846 0.00413953579854 -0.000534358924052 4.39767398521e-05 0.00201070203313 -0.000104978504061 0.00164429172395 0.250386977108 -0.000335149347635 0.000285132042321 0.000668491697204 0.000718500120888 0.00246314092046 
8.31606623538e-05 0.00130616614404 0.00225977939203 0.000940933938248 -0.00142218929063 -0.000337348549851 0.00109918022852 0.000792759131649 0.00125556884746 0.000703617012875 -0.000337593213628 0.000659560876375 0.000167926422088 0.00299811459394 0.00118070534758 0.00101257137208 0.000810754430107 0.00216960951518 -1.38441506115e-06 0.00214088962132 0.000886221446696 0.00163370442938 0.00100146675307 0.000461092503059 -0.000335149347635 0.0214185400372 0.00153794045094 0.00046884040084 0.00077582477365 0.000541692489299 
-0.00011945784851 0.000668847321633 0.00233471361189 -0.000305193697774 -0.000237491822345 9.64613295938e-05 0.000476309058113 0.00117396069798 0.000684994533341 0.000578043729096 0.0013502484862 0.000479976171074 0.000438573350641 0.00103722775208 0.00301809086666 0.000912389494755 -0.000122977099531 0.0010057796639 0.00104609747843 9.97723386323e-05 0.00162636264751 0.00203044151066 0.000384396902767 0.000742493220126 0.000285132042321 0.00153794045094 0.013993562775 0.000494492352467 0.000454160228386 -0.000172180500238 
0.00269598083101 -0.00130171757082 0.00403911973264 -0.000805713979349 0.00367426530948 0.000230614189538 0.000250090598949 0.00296284491299 -0.00017658200197 0.000920762310446 0.00130083330086 0.00393699991208 0.00123105236976 0.00888081054608 0.00415113843505 0.00194490835253 0.00165124051211 -9.46860383613e-05 0.00414169287443 0.00336829980957 0.00228589250275 0.00112393258736 0.00286005747347 0.00204347452883 0.000668491697204 0.00046884040084 0.000494492352467 0.0255883668418 0.00200842477374 0.000586729022718 
-0.000354470743992 0.0022665728322 0.00152236519589 0.000537090813915 0.00115815048977 0.00222238847135 0.000770130584075 0.0018796979634 0.00165714673973 0.00123588021663 0.00183560374757 0.00246329871987 0.00243237652214 0.00160265015665 0.00274253745097 0.00138133600737 0.000448243853745 0.00118938831843 0.00106165890217 0.00221474583974 0.0022423469797 0.00130833159256 0.00227743731203 0.00159684730309 0.000718500120888 0.00077582477365 0.000454160228386 0.00200842477374 0.013499961436 0.00293254629597 
0.0064238632908 0.00141185199292 0.00201439198697 0.00564590920055 0.000222185854641 -0.00113046903162 -0.000654115105253 0.00403264560549 0.00188161625451 0.00450578058137 0.0062631274057 0.00142675527966 0.00371167594671 -0.000642675888886 0.00305323448042 0.0031758946316 0.00174899748306 0.000683270418736 0.00152231446725 0.00230021318191 0.00268747798373 0.00308680691115 0.00212479001594 0.00166864792338 0.00246314092046 0.000541692489299 -0.000172180500238 0.000586729022718 0.00293254629597 0.0402584005603 

['ADM', 'HON', 'CBE', 'D', 'GPS', 'TAP', 'NVLS', 'GR', 'XLNX', 'MCK', 'LSI', 'USB', 'MET', 'JWN', 'GDW', 'JNY', 'RX', 'SYMC', 'ETN', 'FHN', 'CMA', 'ED', 'CINF', 'RRD', 'BRCM', 'HCA', 'SLE', 'TGT', 'AIG', 'FCX']