30
0.20394989535 0.0723241103927 0.0316717201181 0.0704328117516 0.168192385625 0.0203567883068 0.0129348444485 0.134016582451 0.0339335468557 0.0524718958424 0.00851722536111 0.0665048210348 0.0905877796438 0.0594362545722 0.119808933935 0.0714432896303 0.0328492958576 0.399937027552 0.059162885268 0.0291549562933 0.0423549004831 -0.00168409401267 0.105904751354 0.0472299451056 0.0901624306535 0.0791171504464 0.13588321519 0.0181340887913 0.117315051398 0.00839736130492 
0.774363440718 0.0139594781607 0.019926889888 0.0112188567005 0.00193355925303 -0.0202382060473 -0.00389877160039 0.0140529184005 0.0283895659256 -0.00362433921835 0.0187008649085 -0.0146639536718 0.0459719790755 0.00451161987315 0.0225762418454 0.0228760216909 0.0219367140223 0.026194122885 0.0165567684668 0.013503583321 0.00338181865821 0.00965777486119 0.0452491889838 0.0164800365196 0.0161407708753 0.0435815640789 -0.0166176667398 0.0178273576589 0.0148938641718 0.033660550141 
0.0139594781607 0.377074884821 -0.0107283394799 0.0349698161686 0.0118483288084 0.00832258478791 0.0111989579618 0.0181333073137 0.00869789239701 0.035413995685 -0.00158022818225 0.0288586710596 0.0228549544419 0.00579988800311 -0.0231551865461 0.0785941515835 0.0137610982834 0.0360853566999 0.0138378122382 -0.000535398558868 0.0187629708071 0.0113300932077 0.0185579807818 0.00296458663679 0.00994167319289 0.018748918125 0.0218600303213 0.0598425406135 0.0107994747665 0.0153380460618 
0.019926889888 -0.0107283394799 0.286416891948 0.00431908899002 0.00621102871797 0.0225588495796 0.00718456796535 0.0130492309616 0.0396103665958 0.0272948007468 0.0269122590531 0.0118467150273 0.015669081708 0.034967777347 0.0133946535374 -0.000551544108963 -0.000650710647301 -0.040862388041 -0.00115939518582 0.0319624384684 0.00725709168509 0.0202338054419 0.000958517327071 0.012525619177 -0.0048484663877 0.0241252448114 -0.020511246217 0.0178526932918 0.010393692709 0.023780114989 
0.0112188567005 0.0349698161686 0.00431908899002 0.293979558555 0.0116356512813 0.0304954608134 8.81087125933e-05 0.0139363723661 0.0370167918379 0.0281218235682 0.00671501877648 0.00789345402663 0.00554453480354 -0.00238174423781 0.00108492371132 0.0212261447203 -0.00172572489328 0.0268687081835 -0.00705573744401 0.0215508798469 0.0147402299459 0.00534439008394 0.0148345581347 0.028537101939 0.00741111281331 -0.021232923772 -0.00047358734286 -0.00493202459157 0.0251965894306 0.0237855237969 
0.00193355925304 0.0118483288084 0.00621102871797 0.0116356512813 0.712575668858 0.0461047226407 -0.00292249141162 0.0139704953365 0.0186767751471 0.0119357483546 0.00426041933195 0.0347439379242 0.0639678769759 0.0232680072528 0.00379595527194 0.0173800153397 0.00687980590102 -0.0171049393914 0.0236729358603 0.0198681682339 -0.0174408344729 0.0105987076036 0.0127817219158 -0.0208416315133 0.0132483762262 0.0268423594882 0.0271013022729 0.0228302539105 -0.0011852858796 -0.00465174806675 
-0.0202382060473 0.00832258478791 0.0225588495796 0.0304954608134 0.0461047226407 0.266998944946 0.0232363727411 0.024451003674 0.0263012341021 0.0299337638715 0.00565931552903 0.0452874511384 -0.00299582047119 0.0232998350805 -0.0211157465479 0.0103380611958 0.0221602173682 0.0248439529746 -0.0162945862602 0.0229303442874 0.0310083955289 0.0142526641733 0.0119919286518 0.0103731521172 0.00808914799184 0.023873503841 -0.018858641303 0.0185721501279 0.0145655901668 0.036630763771 
-0.00389877160039 0.0111989579618 0.00718456796535 8.81087125933e-05 -0.00292249141162 0.0232363727411 0.168912391446 0.0161735882946 0.0277187901664 0.0187170908614 0.0233732160636 0.0286496288562 0.00641073948126 0.0214498633034 -0.0123508178915 0.00925281632726 0.0159362822863 0.0131819230201 -0.00500374425881 0.0166745022485 0.00476865361207 0.0212038058341 0.0143540509028 0.0140190923027 0.0161684189258 -0.00824411838764 -0.0180113110389 0.0115295736085 0.0196285398272 0.0395487909139 
0.0140529184005 0.0181333073137 0.0130492309616 0.0139363723661 0.0139704953365 0.024451003674 0.0161735882946 0.227920454284 0.0277333121531 0.0162372833872 0.023180822357 0.0539200054067 0.0184528786796 0.0203390217367 0.0114039756396 -0.00963770281155 -0.000858822269996 0.0378740240902 0.00717104620469 0.0134835374436 0.00878047717016 0.000533404997776 0.0177692994729 0.0204993479105 0.0188049658848 0.0200937973814 0.0178730564491 0.0198992006229 0.00778146353546 0.0130515882805 
0.0283895659256 0.00869789239701 0.0396103665958 0.0370167918379 0.0186767751471 0.0263012341021 0.0277187901664 0.0277333121531 0.300470386289 0.0210394825273 0.0221430756634 0.0221488811612 0.0211800755215 0.0278434883128 -0.024286077452 -0.00318788879336 0.0118420860377 0.00252192014654 0.00942532223756 -0.00943601184038 0.0315568099028 0.0116727899696 0.00934304200635 0.01034130541 0.0337672709149 0.0246987149348 0.00783208854746 -0.00622161868008 0.00390850758462 0.0168516927039 
-0.00362433921835 0.035413995685 0.0272948007468 0.0281218235682 0.0119357483546 0.0299337638715 0.0187170908614 0.0162372833872 0.0210394825273 0.201370532901 0.0147285105816 0.0256885145963 0.0131689791832 -0.000425322506918 -0.0151697422734 0.00235486201507 -0.00861214498295 0.0123042675037 6.94790055208e-05 0.0251029325956 0.0237907417163 0.0275753963296 0.0230060130247 0.00695151828172 0.0101567215226 0.00788335128201 0.00323233489259 -0.00142464551841 0.0159274010418 0.020618228395 
0.0187008649085 -0.00158022818225 0.0269122590531 0.00671501877648 0.00426041933195 0.00565931552903 0.0233732160636 0.023180822357 0.0221430756634 0.0147285105817 0.149169599169 0.0431599344823 0.0269024386475 0.0243481659618 0.00471025069739 -0.0167754980648 0.00736971340482 0.025576798223 0.00547475228387 0.0299973605205 0.0103027070711 0.0164253618479 0.0231236856429 0.0347959172489 0.00920287030126 0.0174543635448 0.00707803925221 0.0160676255294 0.00657450207065 0.0299689994425 
-0.0146639536718 0.0288586710596 0.0118467150273 0.00789345402663 0.0347439379242 0.0452874511384 0.0286496288562 0.0539200054067 0.0221488811612 0.0256885145963 0.0431599344823 0.243001895707 0.0149336718803 0.00871576897985 -0.0296247956448 0.0125095113422 0.0174865663075 0.029721724698 -0.000293363079582 0.0139907674829 -0.00478350630694 0.0176852596443 0.0107411173932 0.0492774718707 0.0431000112795 0.0219330553891 -0.00238127504213 0.0176502508123 0.0263619267851 0.0215633121505 
0.0459719790755 0.0228549544419 0.015669081708 0.00554453480354 0.0639678769759 -0.00299582047119 0.00641073948126 0.0184528786796 0.0211800755215 0.0131689791832 0.0269024386475 0.0149336718803 0.44008196008 0.0440163054548 0.00484980760518 0.0336249140197 0.0328093545536 0.0415894380337 0.0511110863103 -0.0015728798757 0.0164382882742 0.00418423141735 0.0231732984167 0.028317388366 0.0228874352571 0.045398381082 -0.00129023800019 0.0385766570208 0.0108529153231 0.0315431075378 
0.00451161987315 0.00579988800311 0.034967777347 -0.00238174423781 0.0232680072528 0.0232998350805 0.0214498633034 0.0203390217367 0.0278434883128 -0.000425322506918 0.0243481659618 0.00871576897985 0.0440163054548 0.283390917221 0.0242458264889 0.0304220379253 0.034260934865 0.0558267944165 0.0176003643924 0.0223572556717 0.0149929465382 0.0287034403296 0.0125432132326 0.054389334915 0.034291727866 0.00248416132429 0.0219502361721 0.035189624864 0.01567128056 0.0115852104735 
0.0225762418454 -0.0231551865461 0.0133946535374 0.00108492371132 0.00379595527194 -0.0211157465479 -0.0123508178915 0.0114039756396 -0.024286077452 -0.0151697422734 0.00471025069739 -0.0296247956448 0.00484980760518 0.0242458264889 0.641980276147 0.0198519018461 0.025983010428 0.0444222829346 0.018837531874 0.00430002156009 0.000488656174736 -3.15791558848e-05 0.0558777989978 -0.00986110043437 -0.0299298853737 -0.00225165273553 0.00406869957726 -0.000635197266732 0.0521676720249 -0.0104615605828 
0.0228760216909 0.0785941515835 -0.000551544108963 0.0212261447203 0.0173800153397 0.0103380611958 0.00925281632726 -0.00963770281155 -0.00318788879336 0.00235486201507 -0.0167754980648 0.0125095113421 0.0336249140197 0.0304220379253 0.0198519018461 0.36202060773 0.0378528208536 0.031326740906 0.0175500958393 0.0151154726851 -0.0245808163265 -0.00739998081203 0.000866434430553 0.0386616149631 0.00494933408134 -0.0130666017435 0.0189151749389 0.0156240638704 -0.0439774590751 0.0102626944357 
0.0219367140223 0.0137610982834 -0.000650710647301 -0.00172572489328 0.00687980590102 0.0221602173682 0.0159362822863 -0.000858822269995 0.0118420860377 -0.00861214498295 0.00736971340482 0.0174865663075 0.0328093545536 0.034260934865 0.025983010428 0.0378528208536 0.325057663037 0.0842933403704 0.0182475423904 0.00993375764644 -0.0134052219592 0.019279243618 0.0150813281614 0.0270618765521 0.0202017004631 0.0294785383283 0.0325440748657 0.000755596301746 0.0247757961002 0.0345115286625 
0.026194122885 0.0360853566999 -0.040862388041 0.0268687081835 -0.0171049393914 0.0248439529746 0.0131819230201 0.0378740240902 0.00252192014654 0.0123042675037 0.025576798223 0.029721724698 0.0415894380337 0.0558267944165 0.0444222829346 0.031326740906 0.0842933403704 1.31847581565 -0.0399182956513 0.00823269719311 0.0256515162851 0.0112423464439 0.0177982492011 0.0413886480902 0.0401426736968 0.0671094955382 0.0753054620548 0.0443203724295 -0.0199809279392 0.0200181115253 
0.0165567684668 0.0138378122382 -0.00115939518582 -0.00705573744401 0.0236729358603 -0.0162945862602 -0.00500374425881 0.00717104620469 0.00942532223756 6.94790055207e-05 0.00547475228387 -0.000293363079583 0.0511110863103 0.0176003643924 0.018837531874 0.0175500958393 0.0182475423904 -0.0399182956513 0.348716501838 0.0166590910486 -0.00437179228534 0.0100801690277 0.0108306509215 0.0329466007446 0.00562763106985 0.0225156722673 0.00102533011004 0.0287800723023 0.0173534347177 0.00762514598842 
0.013503583321 -0.000535398558868 0.0319624384684 0.0215508798469 0.0198681682339 0.0229303442874 0.0166745022485 0.0134835374436 -0.00943601184038 0.0251029325956 0.0299973605205 0.0139907674829 -0.0015728798757 0.0223572556717 0.00430002156009 0.0151154726851 0.00993375764644 0.00823269719311 0.0166590910486 0.241854679707 0.0113770619485 0.0198785403188 -0.00431455920225 0.00223296984541 0.0691745926089 0.0172924494577 0.0476149930467 0.0053702543054 -0.0118874256303 0.0123788202041 
0.00338181865821 0.0187629708071 0.00725709168509 0.0147402299459 -0.0174408344729 0.0310083955289 0.00476865361207 0.00878047717016 0.0315568099028 0.0237907417163 0.0103027070711 -0.00478350630694 0.0164382882742 0.0149929465382 0.000488656174736 -0.0245808163265 -0.0134052219592 0.0256515162851 -0.00437179228534 0.0113770619485 0.222289283577 0.0168678630739 0.019253794747 0.0125105676431 -0.0207033612437 0.0010843542273 0.0103147572994 0.020260165124 -0.00935299845543 0.0239172498645 
0.00965777486119 0.0113300932077 0.0202338054419 0.00534439008394 0.0105987076036 0.0142526641733 0.0212038058341 0.000533404997776 0.0116727899696 0.0275753963296 0.0164253618479 0.0176852596443 0.00418423141735 0.0287034403296 -3.15791558848e-05 -0.00739998081202 0.019279243618 0.0112423464439 0.0100801690277 0.0198785403188 0.0168678630739 0.109942504474 0.0207552982484 0.00964838503721 0.0184883865481 0.0170036283491 0.0148637794018 0.0105619055678 0.0146997706204 0.0269258512438 
0.0452491889838 0.0185579807818 0.000958517327071 0.0148345581347 0.0127817219158 0.0119919286518 0.0143540509028 0.0177692994729 0.00934304200635 0.0230060130247 0.0231236856429 0.0107411173932 0.0231732984167 0.0125432132326 0.0558777989978 0.000866434430554 0.0150813281614 0.0177982492011 0.0108306509215 -0.00431455920225 0.019253794747 0.0207552982484 0.423299961693 0.0134570176463 0.0159589083667 0.0351768470909 0.0147661926106 0.0139866596296 0.0346057840403 0.040981537993 
0.0164800365196 0.00296458663679 0.012525619177 0.028537101939 -0.0208416315133 0.0103731521172 0.0140190923027 0.0204993479105 0.01034130541 0.00695151828172 0.0347959172489 0.0492774718707 0.028317388366 0.054389334915 -0.00986110043437 0.0386616149631 0.0270618765521 0.0413886480902 0.0329466007446 0.00223296984541 0.0125105676431 0.00964838503721 0.0134570176463 0.280573758798 0.0441674574067 0.0173562642493 -0.00657669826936 0.0270064778175 0.047634091529 0.0239351710029 
0.0161407708753 0.00994167319289 -0.0048484663877 0.00741111281331 0.0132483762262 0.00808914799184 0.0161684189258 0.0188049658848 0.0337672709149 0.0101567215226 0.00920287030126 0.0431000112795 0.0228874352571 0.034291727866 -0.0299298853737 0.00494933408134 0.0202017004631 0.0401426736968 0.00562763106985 0.0691745926089 -0.0207033612437 0.0184883865481 0.0159589083667 0.0441674574067 0.470498332837 0.0269604474874 0.29267657216 0.0233404086747 0.0123195693985 0.019570176612 
0.0435815640789 0.018748918125 0.0241252448114 -0.021232923772 0.0268423594882 0.023873503841 -0.00824411838764 0.0200937973814 0.0246987149348 0.00788335128201 0.0174543635448 0.0219330553891 0.045398381082 0.00248416132429 -0.00225165273553 -0.0130666017435 0.0294785383283 0.0671094955382 0.0225156722673 0.0172924494577 0.0010843542273 0.0170036283491 0.0351768470909 0.0173562642493 0.0269604474874 0.38226164621 -0.0172905477344 0.0144795569638 0.0177314627914 0.0300450580371 
-0.0166176667398 0.0218600303213 -0.020511246217 -0.000473587342861 0.0271013022729 -0.018858641303 -0.0180113110389 0.0178730564491 0.00783208854746 0.00323233489259 0.00707803925221 -0.00238127504213 -0.00129023800019 0.0219502361721 0.00406869957726 0.0189151749389 0.0325440748657 0.0753054620548 0.00102533011004 0.0476149930467 0.0103147572994 0.0148637794018 0.0147661926106 -0.00657669826936 0.29267657216 -0.0172905477344 1.17167628651 0.0432151175341 -0.00203655674441 0.007617430357 
0.0178273576589 0.0598425406135 0.0178526932918 -0.00493202459157 0.0228302539105 0.0185721501279 0.0115295736085 0.0198992006229 -0.00622161868008 -0.00142464551841 0.0160676255294 0.0176502508123 0.0385766570208 0.035189624864 -0.000635197266732 0.0156240638704 0.000755596301746 0.0443203724295 0.0287800723023 0.0053702543054 0.020260165124 0.0105619055678 0.0139866596296 0.0270064778175 0.0233404086747 0.0144795569638 0.0432151175341 0.294329560722 0.00391014818432 0.0336472207997 
0.0148938641718 0.0107994747665 0.010393692709 0.0251965894306 -0.0011852858796 0.0145655901668 0.0196285398272 0.00778146353546 0.00390850758462 0.0159274010418 0.00657450207065 0.0263619267851 0.0108529153231 0.01567128056 0.0521676720249 -0.0439774590751 0.0247757961002 -0.0199809279392 0.0173534347177 -0.0118874256303 -0.00935299845543 0.0146997706204 0.0346057840403 0.047634091529 0.0123195693985 0.0177314627914 -0.00203655674441 0.00391014818432 0.368511750827 0.00989443092624 
0.033660550141 0.0153380460618 0.023780114989 0.0237855237969 -0.00465174806675 0.036630763771 0.0395487909139 0.0130515882805 0.0168516927039 0.020618228395 0.0299689994425 0.0215633121505 0.0315431075378 0.0115852104735 -0.0104615605828 0.0102626944357 0.0345115286625 0.0200181115253 0.00762514598842 0.0123788202041 0.0239172498645 0.0269258512438 0.040981537993 0.0239351710029 0.019570176612 0.0300450580371 0.007617430357 0.0336472207997 0.00989443092623 0.139371367962 
0.0670618411424 0.00120892627108 0.00172571928614 0.000971581490403 0.000167451143285 -0.0017526800564 -0.000337643524949 0.00121701843322 0.00245860852939 -0.000313876983502 0.00161954240835 -0.00126993563997 0.00398129017416 0.000390717742237 0.00195515989601 0.00198112159219 0.00189977516188 0.00226847758483 0.00143385820968 0.00116944461981 0.0002928740869 0.000836387837382 0.00391869471606 0.00142721302812 0.00139783176146 0.0037742741629 -0.00143913215483 0.00154389446149 0.00128984647333 0.00291508915275 
0.00120892627108 0.0326556429384 -0.000929101452998 0.00302847491677 0.00102609537405 0.000720756985148 0.000969858209087 0.00157039047883 0.000753259577519 0.00306694199127 -0.000136851774961 0.00249923422571 0.00197929711491 0.00050228503498 -0.00200529797783 0.00680645318602 0.00119174606974 0.00312508356068 0.00119838969311 -4.63668753129e-05 0.00162492093694 0.00098121485451 0.00160716827999 0.000256740733918 0.000860974154117 0.00162370393897 0.00189313415858 0.00518251603983 0.000935261949533 0.00132831375339 
0.00172571928614 -0.000929101452998 0.02480443045 0.000374044078657 0.000537890865339 0.00195365368161 0.000622201837321 0.00113009655126 0.00343035837252 0.0023637990838 0.00233067000132 0.0010259556165 0.00135698228131 0.00302829834964 0.00116001102383 -4.7765120967e-05 -5.63531951076e-05 -0.00353878661028 -0.000100406568395 0.00276802836805 0.000628482575688 0.00175229895279 8.30100355211e-05 0.00108475044054 -0.000419889506115 0.00208930748792 -0.00177632602872 0.00154608859166 0.000900120192517 0.00205941836854 
0.000971581490403 0.00302847491677 0.000374044078657 0.0254593765902 0.00100767695992 0.00264098437645 7.63043834005e-06 0.00120692525056 0.00320574820982 0.00243542136108 0.000581537684732 0.000683593171067 0.000480170799204 -0.000206265101526 9.39571495174e-05 0.00183823805522 -0.000149452159753 0.00232689838538 -0.000611044786895 0.00186636094213 0.00127654135908 0.000462837758043 0.00128471041986 0.00247138552296 0.000641821196664 -0.00183882513831 -4.10138669828e-05 -0.000427125858839 0.00218208865356 0.00205988678504 
0.000167451143285 0.00102609537405 0.000537890865339 0.00100767695992 0.061710863135 0.00399278610413 -0.00025309518048 0.00120988038649 0.00161745617382 0.00103366612883 0.000368963137224 0.00300891328699 0.00553978064873 0.00201506853763 0.000328739369713 0.00150515348024 0.000595808668339 -0.00148133120432 0.00205013638371 0.00172063384172 -0.00151042057167 0.000917875003203 0.00110692958832 -0.00180493823469 0.00114734303708 0.00232461652143 0.0023470416244 0.00197715798613 -0.000102648768248 -0.000402853199781 
-0.0017526800564 0.000720756985148 0.00195365368161 0.00264098437645 0.00399278610413 0.0231227869107 0.00201232890856 0.00211751903297 0.00227775368833 0.00259233999436 0.000490111101617 0.00392200831585 -0.000259445663322 0.00201782490837 -0.00182867729303 0.000895302362146 0.00191913111942 0.00215154944064 -0.00141115256455 0.00198582606704 0.00268540582586 0.00123431692457 0.00103853148529 0.000898341325084 0.00070054076559 0.00206750608036 -0.00163320624492 0.00160839538136 0.00126141711056 0.00317231719857 
-0.000337643524949 0.000969858209087 0.000622201837321 7.63043834006e-06 -0.00025309518048 0.00201232890856 0.0146282422007 0.00140067383335 0.00240051764463 0.0016209476171 0.00202417988792 0.00248113063985 0.000555186324782 0.00185761265285 -0.00106961220516 0.000801317399596 0.00138012253018 0.00114158802061 -0.000433336964217 0.00144405425426 0.00041297751699 0.00183630345093 0.0012430972729 0.00121408900722 0.00140022615288 -0.00071396159555 -0.00155982529152 0.00099849036398 0.00169988141296 0.00342502576204 
0.00121701843322 0.00157039047883 0.00113009655126 0.00120692525056 0.00120988038649 0.00211751903297 0.00140067383335 0.0197384903452 0.00240177528557 0.00140618999018 0.00200751810418 0.00466960944544 0.00159806617095 0.00176141095121 0.000987613260803 -0.000834649546893 -7.43761903152e-05 0.00327998670057 0.000621030818497 0.0011677085959 0.00076041162867 4.61942278579e-05 0.0015388664751 0.00177529560515 0.00162855781736 0.00174017389908 0.00154785209282 0.00172332132544 0.000673894510033 0.00113030070106 
0.00245860852939 0.000753259577519 0.00343035837252 0.00320574820982 0.00161745617382 0.00227775368833 0.00240051764463 0.00240177528557 0.0260214987611 0.00182207263511 0.00191764660424 0.0019181493751 0.00183424834557 0.00241131682089 -0.00210323600317 -0.000276079267949 0.00102555473424 0.000218404691322 0.000816256849658 -0.000817182596418 0.00273289990382 0.00101089326468 0.000809131172612 0.000895583319336 0.00292433144287 0.00213897145744 0.000678278764679 -0.000538807982961 0.000338486685917 0.00145939939784 
-0.000313876983502 0.00306694199127 0.0023637990838 0.00243542136108 0.00103366612883 0.00259233999436 0.0016209476171 0.00140618999018 0.00182207263511 0.0174391997066 0.00127552643236 0.00222469062258 0.00114046705146 -3.68340095792e-05 -0.00131373821776 0.000203937032746 -0.000745833633631 0.00106558082332 6.01705838107e-06 0.00217397773372 0.00206033867012 0.00238809937409 0.00199237917192 0.000602019142684 0.000879597885774 0.000682718247718 0.000279928413052 -0.000123377921033 0.00137935339185 0.00178559095711 
0.00161954240835 -0.000136851774961 0.00233067000132 0.000581537684732 0.000368963137224 0.000490111101617 0.00202417988792 0.00200751810418 0.00191764660424 0.00127552643236 0.0129184662353 0.00373775996874 0.00232981952925 0.00210861302585 0.000407919676213 -0.00145280074853 0.000638235902719 0.00221501570086 0.000474127455726 0.00259784762573 0.000892240605136 0.00142247806267 0.00200256991959 0.00301341482855 0.000796991946863 0.00151159222367 0.00061297618014 0.00139149718869 0.000569368581041 0.00259539148432 
-0.00126993563997 0.00249923422571 0.0010259556165 0.000683593171067 0.00300891328699 0.00392200831585 0.00248113063985 0.00466960944544 0.0019181493751 0.00222469062259 0.00373775996874 0.021044581485 0.00129329392201 0.000754807735007 -0.00256558256103 0.00108335546112 0.00151438106472 0.00257397686327 -2.54059879451e-05 0.00121163600586 -0.000414263798098 0.00153158841245 0.000930208052751 0.00426755424743 0.00373257046714 0.00189945831496 -0.000206224467988 0.00152855655866 0.00228300982886 0.00186743761121 
0.00398129017416 0.00197929711491 0.00135698228131 0.000480170799204 0.00553978064873 -0.000259445663322 0.000555186324782 0.00159806617095 0.00183424834557 0.00114046705146 0.00232981952925 0.00129329392201 0.0381122157176 0.00381192387046 0.000420005658955 0.00291200297412 0.00284137345251 0.00360175098663 0.00442634991597 -0.000136215392946 0.00142359752401 0.000362365070274 0.00200686651183 0.00245235776938 0.00198211003601 0.00393161513077 -0.000111737888509 0.00334083649731 0.000939890037491 0.0027317132442 
0.000390717742237 0.00050228503498 0.00302829834964 -0.000206265101526 0.00201506853763 0.00201782490837 0.00185761265285 0.00176141095121 0.00241131682089 -3.68340095792e-05 0.00210861302585 0.000754807735007 0.00381192387046 0.0245423733515 0.00209975016751 0.00263462576782 0.00296708399505 0.00483474221766 0.00152423626797 0.00193619513706 0.00129842725797 0.00248579085015 0.00108627413046 0.00471025457313 0.00296975074716 0.000215134681393 0.00190094621441 0.00304751090818 0.00135717270748 0.00100330865782 
0.00195515989601 -0.00200529797783 0.00116001102383 9.39571495174e-05 0.000328739369713 -0.00182867729303 -0.00106961220516 0.000987613260803 -0.00210323600317 -0.00131373821776 0.000407919676213 -0.00256558256103 0.000420005658955 0.00209975016751 0.0555971227872 0.00171922513122 0.00225019470974 0.00384708255155 0.00163137811475 0.000372392790786 4.23188661038e-05 -2.73483512263e-06 0.00483915934397 -0.000853996348544 -0.0025920041066 -0.000194998846947 0.000352359719427 -5.50096969405e-05 0.00451785292299 -0.000905997722797 
0.00198112159219 0.00680645318602 -4.7765120967e-05 0.00183823805522 0.00150515348024 0.000895302362146 0.000801317399596 -0.000834649546893 -0.000276079267949 0.000203937032746 -0.00145280074853 0.00108335546112 0.00291200297412 0.00263462576782 0.00171922513122 0.0313519042988 0.00327815044641 0.00271297534424 0.00151988288357 0.00130903833355 -0.00212876113845 -0.000640857137073 7.50354227572e-05 0.00334819407093 0.000428624904625 -0.0011316009051 0.00163810220141 0.00135308362221 -0.0038085596753 0.000888775409257 
0.00189977516188 0.00119174606974 -5.63531951076e-05 -0.000149452159753 0.000595808668339 0.00191913111942 0.00138012253018 -7.43761903152e-05 0.00102555473424 -0.000745833633631 0.000638235902719 0.00151438106472 0.00284137345251 0.00296708399505 0.00225019470974 0.00327815044641 0.0281508193885 0.00730001741306 0.00158028352667 0.000860288647686 -0.001160926276 0.0016696314739 0.00130608133106 0.00234362725682 0.00174951858007 0.00255291630587 0.00281839955764 6.54365592317e-05 0.00214564688218 0.00298878605451 
0.00226847758483 0.00312508356068 -0.00353878661028 0.00232689838538 -0.00148133120432 0.00215154944064 0.00114158802061 0.00327998670057 0.000218404691322 0.00106558082332 0.00221501570086 0.00257397686327 0.00360175098663 0.00483474221766 0.00384708255155 0.00271297534424 0.00730001741306 0.114183355063 -0.00345702581098 0.00071297249109 0.00222148647485 0.000973615761859 0.0015413735951 0.00358436206744 0.00347645751973 0.00581185279712 0.00652164431832 0.00383825684291 -0.00173039911865 0.00173361931167 
0.00143385820968 0.00119838969311 -0.000100406568395 -0.000611044786895 0.00205013638371 -0.00141115256455 -0.000433336964217 0.000621030818497 0.000816256849658 6.01705838106e-06 0.000474127455726 -2.54059879451e-05 0.00442634991597 0.00152423626797 0.00163137811475 0.00151988288357 0.00158028352667 -0.00345702581098 0.030199734931 0.00144271960521 -0.000378608317917 0.00087296824524 0.000937961883753 0.00285325932131 0.000487367146962 0.00194991441668 8.87961922559e-05 0.00249242737365 0.00150285153084 0.000660357013353 
0.00116944461981 -4.63668753129e-05 0.00276802836805 0.00186636094213 0.00172063384172 0.00198582606704 0.00144405425426 0.0011677085959 -0.000817182596418 0.00217397773372 0.00259784762573 0.00121163600586 -0.000136215392946 0.00193619513706 0.000372392790786 0.00130903833355 0.000860288647686 0.00071297249109 0.00144271960521 0.020945229665 0.000985282466781 0.00172153209063 -0.000373651787528 0.000193380861201 0.00599069544957 0.0014975700524 0.00412357935795 0.000465077665326 -0.00102948125815 0.00107203727656 
0.0002928740869 0.00162492093694 0.000628482575688 0.00127654135908 -0.00151042057167 0.00268540582586 0.00041297751699 0.00076041162867 0.00273289990382 0.00206033867012 0.000892240605136 -0.000414263798098 0.00142359752401 0.00129842725797 4.23188661038e-05 -0.00212876113845 -0.001160926276 0.00222148647485 -0.000378608317917 0.000985282466781 0.0192508166566 0.00146079979296 0.00166742753701 0.00108344693947 -0.00179296367808 9.39078307545e-05 0.000893284185512 0.00175458176823 -0.000809993426396 0.00207129459713 
0.000836387837382 0.00098121485451 0.00175229895279 0.000462837758043 0.000917875003203 0.00123431692457 0.00183630345093 4.61942278579e-05 0.00101089326468 0.00238809937409 0.00142247806267 0.00153158841245 0.000362365070274 0.00248579085015 -2.73483512263e-06 -0.000640857137073 0.0016696314739 0.000973615761859 0.00087296824524 0.00172153209063 0.00146079979296 0.00952130018304 0.00179746155463 0.000835574654771 0.00160114124256 0.00147255741069 0.00128724105582 0.000914687853407 0.0012730374787 0.00233184711957 
0.00391869471606 0.00160716827999 8.30100355211e-05 0.00128471041986 0.00110692958832 0.00103853148529 0.0012430972729 0.0015388664751 0.000809131172612 0.00199237917192 0.00200256991959 0.000930208052751 0.00200686651183 0.00108627413046 0.00483915934397 7.50354227573e-05 0.00130608133106 0.0015413735951 0.000937961883753 -0.000373651787528 0.00166742753701 0.00179746155463 0.0366588520247 0.00116541191409 0.00138208200623 0.00304640432058 0.0012787897918 0.00121128025533 0.00299694880967 0.00354910529881 
0.00142721302812 0.000256740733918 0.00108475044054 0.00247138552296 -0.00180493823469 0.000898341325084 0.00121408900722 0.00177529560515 0.000895583319336 0.000602019142684 0.00301341482855 0.00426755424743 0.00245235776938 0.00471025457313 -0.000853996348544 0.00334819407093 0.00234362725682 0.00358436206744 0.00285325932131 0.000193380861201 0.00108344693947 0.000835574654771 0.00116541191409 0.0242984002754 0.00382501401348 0.00150309657547 -0.000569558777429 0.00233882958567 0.00412523333503 0.00207284661325 
0.00139783176146 0.000860974154117 -0.000419889506115 0.000641821196664 0.00114734303708 0.00070054076559 0.00140022615288 0.00162855781736 0.00292433144287 0.000879597885774 0.000796991946863 0.00373257046714 0.00198211003601 0.00296975074716 -0.0025920041066 0.000428624904625 0.00174951858007 0.00347645751973 0.000487367146962 0.00599069544957 -0.00179296367808 0.00160114124256 0.00138208200623 0.00382501401348 0.0407463508675 0.00233484324215 0.0253465346583 0.0020213386847 0.00106690600628 0.00169482701026 
0.0037742741629 0.00162370393897 0.00208930748792 -0.00183882513831 0.00232461652143 0.00206750608036 -0.00071396159555 0.00174017389908 0.00213897145744 0.000682718247718 0.00151159222367 0.00189945831496 0.00393161513077 0.000215134681393 -0.000194998846947 -0.0011316009051 0.00255291630587 0.00581185279712 0.00194991441668 0.0014975700524 9.39078307545e-05 0.00147255741069 0.00304640432058 0.00150309657547 0.00233484324215 0.033104829651 -0.00149740535833 0.00125396641662 0.00153558972236 0.00260197835183 
-0.00143913215483 0.00189313415858 -0.00177632602872 -4.10138669828e-05 0.0023470416244 -0.00163320624492 -0.00155982529152 0.00154785209282 0.000678278764679 0.000279928413052 0.00061297618014 -0.000206224467988 -0.000111737888509 0.00190094621441 0.000352359719427 0.00163810220141 0.00281839955764 0.00652164431832 8.87961922559e-05 0.00412357935795 0.000893284185512 0.00128724105582 0.0012787897918 -0.000569558777429 0.0253465346583 -0.00149740535833 0.101470142913 0.00374253896121 -0.000176370987691 0.000659688820072 
0.00154389446149 0.00518251603983 0.00154608859166 -0.000427125858839 0.00197715798613 0.00160839538136 0.00099849036398 0.00172332132544 -0.000538807982961 -0.000123377921033 0.00139149718869 0.00152855655866 0.00334083649731 0.00304751090818 -5.50096969405e-05 0.00135308362221 6.54365592318e-05 0.00383825684291 0.00249242737365 0.000465077665326 0.00175458176823 0.000914687853407 0.00121128025533 0.00233882958567 0.0020213386847 0.00125396641662 0.00374253896121 0.025489687667 0.000338628766018 0.00291393479793 
0.00128984647333 0.000935261949533 0.000900120192517 0.00218208865356 -0.000102648768248 0.00126141711056 0.00169988141296 0.000673894510033 0.000338486685917 0.00137935339185 0.000569368581041 0.00228300982886 0.000939890037491 0.00135717270748 0.00451785292299 -0.0038085596753 0.00214564688218 -0.00173039911865 0.00150285153084 -0.00102948125815 -0.000809993426396 0.0012730374787 0.00299694880967 0.00412523333503 0.00106690600628 0.00153558972236 -0.000176370987691 0.000338628766018 0.0319140537809 0.000856882853811 
0.00291508915275 0.00132831375339 0.00205941836854 0.00205988678504 -0.000402853199781 0.00317231719857 0.00342502576204 0.00113030070106 0.00145939939784 0.00178559095711 0.00259539148432 0.00186743761121 0.0027317132442 0.00100330865782 -0.000905997722797 0.000888775409257 0.00298878605451 0.00173361931167 0.000660357013353 0.00107203727656 0.00207129459713 0.00233184711957 0.00354910529881 0.00207284661325 0.00169482701026 0.00260197835183 0.000659688820072 0.00291393479793 0.000856882853811 0.0120699145216 

['VLO', 'UNM', 'ORCL', 'EDS', 'JNS', 'FITB', 'GE', 'PNC', 'MMC', 'BLS', 'PBI', 'STT', 'ADSK', 'BOL', 'DYN', 'AGN', 'HAS', 'JDSU', 'STZ', 'AVY', 'MKC', 'KO', 'TSG', 'UNH', 'COH', 'CPWR', 'WAT', 'UST', 'MHS', 'GPC']