30
0.0905877796438 0.176756138136 -0.0014382556632 0.0132966740539 0.0566217234647 0.424855775916 0.0422457423554 0.00643120824938 0.0678408515538 0.0498180241401 0.0521298167044 0.0413132452317 0.0431194173031 0.0716337087719 0.033790820858 0.282509070746 0.0315088302779 0.0639224219563 0.135848421796 0.0593939882808 0.122670110856 0.119808933935 0.0415957971797 0.0121413644826 0.0309991269713 0.0398839612709 0.0677272644226 0.0825599502725 0.0665048210348 0.0807794462486 
0.425879424855 0.105486574927 0.0179458264425 0.0321262776455 0.0305645554917 0.0172384563103 0.0214931437782 0.031025333048 0.0427202630648 0.0374398425079 0.00373597214915 0.027592900311 0.0276950358627 0.0219796284837 0.0152826326458 0.0284512856764 0.00299131872695 0.0985124289872 0.0119707133211 0.0315327505514 0.00771874764057 0.0105426082065 0.0450768680756 0.0118485787283 0.00618364376473 0.00443615658362 -0.0090733641001 0.0342704570179 0.0112388555354 0.0228185015687 
0.105486574927 1.47939782074 0.0226327923441 -0.0205433985426 0.0183607661917 -0.0395365420277 0.0377066596195 -0.00560273744041 0.0514147379059 0.0213376784185 0.022290640041 -0.00329537259726 -0.00383008469638 0.0105258987963 0.0189679752137 0.0735212708929 -0.00305077137938 0.0286161901371 0.0170165773909 0.0440547248227 -0.0399334877553 -0.026796151715 0.0198495949085 0.00606707359287 -0.0168043754398 0.0210600986521 0.00715000647439 0.13246342583 0.0140992947955 0.00936715763645 
0.0179458264425 0.0226327923441 0.222843824617 0.00871803895206 0.000745204287209 -0.000979623164556 -0.00138630349392 0.0281884041822 0.0208809337361 0.00639629961799 0.00518577703709 0.010427508935 0.00932399312264 0.0143083898844 0.000214925836466 0.0267627043748 0.0169710583745 -0.00250657166778 0.0410614693025 0.00781954144381 -0.0026286221165 0.0142865624581 0.0244716070417 0.00774744965383 0.027681515197 -0.00326198142349 -0.00882816012826 0.0070795070547 0.00376727065975 0.0299654344063 
0.0321262776455 -0.0205433985426 0.00871803895206 0.305327627301 0.00341820961759 0.0122747878363 0.0031698624938 0.00808267776006 0.00741950091122 -0.0166208237604 0.0232285466617 0.0123931599809 0.0230395895288 0.007639787514 0.0139463025371 -0.000751249591295 0.015603347048 0.0223120928834 0.00654912165051 0.0235495985969 0.0124935350752 -0.00353312077929 0.010231065208 0.0143864428678 0.0224775079411 0.00587970068398 0.0138588505715 0.0173965435378 0.0211607005179 0.014918251222 
0.0305645554917 0.0183607661917 0.000745204287209 0.00341820961759 0.193440730686 -0.00367068186236 0.0252752662336 0.0371752034953 0.0214700174733 0.0460924435933 0.0345618820723 0.00602780103231 0.0239902207891 0.0247792376163 0.0154842588974 0.0374936475702 0.0472622369735 0.0514440788341 0.0146632781218 0.0178889209876 0.0142408182385 -0.0105926807536 0.0295681290038 0.0171696272092 0.0335135373481 0.0329216818891 0.00150907304823 0.0339892693613 0.0367770630805 0.00448820611958 
0.0172384563103 -0.0395365420277 -0.000979623164556 0.0122747878363 -0.00367068186236 3.74977671902 -0.0105358722148 0.000290214865663 0.0085358402178 -0.0370289922159 0.00811885363707 0.00912632438366 0.00377642779096 -0.00924953132249 -0.00303393444136 0.00658766889909 0.0405814383803 0.00158023819965 -0.0243172937768 -0.00217313796746 -0.0170554154961 0.052001921007 0.0190182525974 -0.0200426649208 0.0118279480717 -0.00288185132031 0.00913159668055 -0.013050596079 0.00652079991791 0.00402793490289 
0.0214931437782 0.0377066596195 -0.00138630349392 0.0031698624938 0.0252752662336 -0.0105358722148 0.188056574988 0.0257545639346 0.0188073996843 0.0132145166278 0.00572352869157 0.00577423362642 0.0385150495242 0.0201237844567 0.0112587970839 0.0277098866549 0.0257514937814 0.0339548361731 0.00942660615699 0.0157939154518 0.00651209201199 -0.0224589169042 0.00140993815949 0.0209166829875 0.00773926691554 0.0118643329523 0.0229999786555 0.0024726818323 0.0348022781365 0.0238420191787 
0.031025333048 -0.00560273744041 0.0281884041822 0.00808267776006 0.0371752034953 0.000290214865663 0.0257545639346 0.206562261011 0.0305815015195 -0.00216186608398 0.0272365126265 0.0188434257442 0.0238622947772 0.0142149243523 0.0143788576607 0.0579085922102 0.0287834675077 0.00101599015351 0.0295194950072 0.0191100710856 0.0142370091756 0.00817870730298 0.0279675156601 0.0151852125048 0.00604374594589 0.0184476525491 0.0145795905181 0.014276038752 0.0362762595229 0.00510155602678 
0.0427202630648 0.0514147379059 0.0208809337361 0.00741950091122 0.0214700174733 0.0085358402178 0.0188073996843 0.0305815015195 0.341626390895 -0.00815577579925 0.0173506840826 0.00961968348494 0.0194940633547 0.0215911050342 -0.00113725331361 0.0260009415188 0.0465011472391 0.0564889159838 0.032364925287 0.0156367586127 0.0221127478596 0.0236178382728 0.0373758665733 0.0980326650517 0.00750271758551 -0.00223085325833 0.0171830346099 0.00555082219541 0.0244977582145 -0.00388960848328 
0.0374398425079 0.0213376784185 0.00639629961799 -0.0166208237604 0.0460924435933 -0.0370289922159 0.0132145166278 -0.00216186608398 -0.00815577579925 0.402439435119 -0.00409864602172 -0.00482518054421 0.0287384970313 0.00604255674108 0.022253197297 0.0388314115969 0.0329928168962 0.0441847358373 -0.0281071800408 0.0082790526344 0.00243933118689 0.0302720392942 0.0113494533301 0.00606273554821 0.0203554908852 -0.00841678022307 0.00101212928106 -0.0331332188454 -0.0279218957598 0.0389244980263 
0.00373597214915 0.022290640041 0.00518577703709 0.0232285466617 0.0345618820723 0.00811885363707 0.00572352869157 0.0272365126265 0.0173506840826 -0.00409864602172 0.15659767769 0.0248318175792 0.0211447943855 0.00720854124104 0.0239084353117 -0.0104132910913 0.0324778158085 0.0321500138388 0.00494237425559 0.0124141578383 0.00933097952768 -0.0037906205465 0.0370519154911 0.00964098561264 0.0223843419865 0.0115995530743 0.0237637303645 0.0393531269241 0.0441123401737 -0.0143963548428 
0.027592900311 -0.00329537259726 0.010427508935 0.0123931599809 0.00602780103231 0.00912632438366 0.00577423362642 0.0188434257442 0.00961968348494 -0.00482518054421 0.0248318175792 0.143524051549 0.00450171953021 0.0106789415245 0.00366517982584 0.00338866868692 0.0195709151038 0.0230600760214 0.00620572149859 0.0236937238272 0.0249174939858 -0.0134319985557 0.0340777005709 0.0172754638508 -0.00563446068131 0.00444330893732 0.0263984151963 0.00292515752613 0.0284057342569 0.000773566587495 
0.0276950358627 -0.00383008469638 0.00932399312264 0.0230395895288 0.0239902207891 0.00377642779096 0.0385150495242 0.0238622947772 0.0194940633547 0.0287384970313 0.0211447943855 0.00450171953021 0.180231531308 0.00746574048914 0.0282014609349 0.037132453776 0.003381225325 0.0332253212818 0.00176790554091 0.0212543350488 0.00336400904912 -0.00244048406402 0.024207168584 -0.00406871111865 0.0215961620142 0.00568043515992 0.0148933359997 0.0210784310526 0.0110205286787 0.0136632079237 
0.0219796284837 0.0105258987963 0.0143083898844 0.007639787514 0.0247792376163 -0.00924953132249 0.0201237844567 0.0142149243523 0.0215911050342 0.00604255674108 0.00720854124104 0.0106789415245 0.00746574048914 0.188794294152 0.00460494365695 0.00884478297193 0.025990686763 -0.00198215837734 -0.000498433504859 0.00328578266572 -0.0020765831101 0.0127700226022 0.0149626537849 0.00124434032443 -0.0024646303953 0.00740095337352 -0.00602045074633 0.00609810884428 0.0316242132145 0.00318425627179 
0.0152826326458 0.0189679752137 0.000214925836466 0.0139463025371 0.0154842588974 -0.00303393444136 0.0112587970839 0.0143788576607 -0.00113725331361 0.022253197297 0.0239084353117 0.00366517982584 0.0282014609349 0.00460494365695 0.188171886854 0.017112182552 0.0288633168876 0.0220607891568 0.00777195949323 0.01546660801 0.0116559210717 -0.0201730259743 0.0145866256573 0.018008064288 0.0173053609264 0.0326188958373 0.00419370034326 0.00728599642645 0.00275190111861 0.0114712135303 
0.0284512856764 0.0735212708928 0.0267627043748 -0.000751249591294 0.0374936475702 0.00658766889909 0.0277098866549 0.0579085922102 0.0260009415188 0.0388314115969 -0.0104132910913 0.00338866868692 0.037132453776 0.00884478297193 0.017112182552 0.881125285441 0.0235216965826 0.0235162908407 0.0526018271009 0.00495864543472 -0.00176908593162 0.0272512674028 0.0249327709295 -0.0006407287602 0.00448989088293 0.00678343797332 0.0267180381743 -0.0127845507311 0.0432726978181 0.0191029688888 
0.00299131872695 -0.00305077137938 0.0169710583745 0.015603347048 0.0472622369735 0.0405814383803 0.0257514937814 0.0287834675077 0.0465011472391 0.0329928168962 0.0324778158085 0.0195709151038 0.003381225325 0.025990686763 0.0288633168876 0.0235216965826 0.235945161383 0.0349723984982 0.0239570602498 0.0310432934832 0.0254056323882 -0.00491413233281 0.0221846093364 0.0376867342707 0.0217391196104 0.0172195804414 0.00399009284022 0.0138665832818 0.0284201651768 0.00721141037053 
0.0985124289872 0.0286161901371 -0.00250657166778 0.0223120928834 0.0514440788341 0.00158023819965 0.0339548361731 0.00101599015351 0.0564889159838 0.0441847358373 0.0321500138388 0.0230600760214 0.0332253212818 -0.00198215837734 0.0220607891568 0.0235162908407 0.0349723984982 0.4457731966 0.00330514001523 0.0341919449497 -0.00722926194567 0.0094178218896 0.0782021626682 0.0196905979512 -0.000920756563238 0.0131711346239 0.00717937241578 -0.007609213516 0.0308932269528 0.0081577636298 
0.0119707133211 0.0170165773909 0.0410614693025 0.00654912165051 0.0146632781218 -0.0243172937768 0.00942660615699 0.0295194950072 0.032364925287 -0.0281071800408 0.00494237425559 0.00620572149859 0.00176790554091 -0.00049843350486 0.00777195949323 0.0526018271009 0.0239570602498 0.00330514001523 0.606083968927 0.00444421732128 0.00822622612093 -0.0233921848405 0.0227604876599 0.010411441663 0.185429015958 0.00475666071027 0.00246114838156 0.00360364373855 0.0257998750955 -0.000252595912028 
0.0315327505514 0.0440547248227 0.00781954144381 0.0235495985969 0.0178889209876 -0.00217313796746 0.0157939154518 0.0191100710856 0.0156367586127 0.0082790526344 0.0124141578383 0.0236937238272 0.0212543350488 0.00328578266572 0.01546660801 0.00495864543472 0.0310432934832 0.0341919449497 0.00444421732128 0.230533325291 0.0027677217216 -0.0256388617026 0.0196374342758 0.013568190993 -0.00445256691586 0.0154610619018 0.0235241378335 0.0194770108243 0.0235984709525 0.0208870159511 
0.00771874764057 -0.0399334877553 -0.0026286221165 0.0124935350752 0.0142408182385 -0.0170554154961 0.00651209201199 0.0142370091756 0.0221127478596 0.00243933118689 0.00933097952768 0.0249174939858 0.00336400904912 -0.0020765831101 0.0116559210717 -0.00176908593162 0.0254056323882 -0.00722926194567 0.00822622612093 0.0027677217216 0.404036590565 -0.00438274008598 0.017652507043 -0.00233989637641 0.0239497357147 0.00460806047307 -0.00752477949213 -0.00531324426736 -0.00477453022842 0.0151169555596 
0.0105426082065 -0.026796151715 0.0142865624581 -0.00353312077929 -0.0105926807536 0.052001921007 -0.0224589169042 0.00817870730298 0.0236178382728 0.0302720392942 -0.00379062054651 -0.0134319985557 -0.00244048406402 0.0127700226022 -0.0201730259743 0.0272512674028 -0.00491413233281 0.00941782188959 -0.0233921848405 -0.0256388617026 -0.00438274008597 0.645275997554 -0.00553946465648 -0.0127061437319 0.00209352117 -0.000815137185655 -0.0126601395292 0.00161737501272 -0.0270190936297 0.0243861779181 
0.0450768680756 0.0198495949085 0.0244716070417 0.010231065208 0.0295681290038 0.0190182525974 0.00140993815949 0.0279675156601 0.0373758665733 0.0113494533301 0.0370519154911 0.0340777005709 0.024207168584 0.0149626537849 0.0145866256573 0.0249327709295 0.0221846093364 0.0782021626682 0.0227604876599 0.0196374342758 0.017652507043 -0.00553946465648 0.240407564293 -0.00547330833853 0.0296350162606 0.0119472213835 0.0331002985017 0.0418095089422 0.045004739677 0.00378666625693 
0.0118485787283 0.00606707359287 0.00774744965383 0.0143864428678 0.0171696272092 -0.0200426649208 0.0209166829875 0.0151852125048 0.0980326650517 0.00606273554821 0.00964098561264 0.0172754638508 -0.00406871111865 0.00124434032443 0.018008064288 -0.000640728760201 0.0376867342707 0.0196905979512 0.010411441663 0.013568190993 -0.00233989637641 -0.0127061437319 -0.00547330833853 0.254411004367 0.0139825516025 0.0226236367349 0.0080154108418 -0.000330857908736 0.0214913639107 0.016506459899 
0.00618364376473 -0.0168043754398 0.027681515197 0.0224775079411 0.0335135373481 0.0118279480717 0.00773926691554 0.00604374594589 0.00750271758551 0.0203554908852 0.0223843419865 -0.00563446068131 0.0215961620142 -0.0024646303953 0.0173053609264 0.00448989088292 0.0217391196104 -0.000920756563239 0.185429015958 -0.00445256691586 0.0239497357147 0.00209352117 0.0296350162606 0.0139825516025 0.450419705421 0.0146302703917 0.0195631660002 0.022582921969 -0.0203809903563 -0.0125526309016 
0.00443615658362 0.0210600986521 -0.00326198142349 0.00587970068398 0.0329216818891 -0.00288185132031 0.0118643329523 0.0184476525491 -0.00223085325833 -0.00841678022307 0.0115995530743 0.00444330893732 0.00568043515992 0.00740095337352 0.0326188958373 0.00678343797332 0.0172195804414 0.0131711346239 0.00475666071027 0.0154610619018 0.00460806047307 -0.000815137185656 0.0119472213835 0.0226236367349 0.0146302703917 0.139312538239 0.0106437729536 -0.00147732211265 0.0155734744252 0.0144349619505 
-0.0090733641001 0.00715000647439 -0.00882816012826 0.0138588505715 0.00150907304823 0.00913159668055 0.0229999786555 0.0145795905181 0.0171830346099 0.00101212928106 0.0237637303645 0.0263984151963 0.0148933359997 -0.00602045074633 0.00419370034326 0.0267180381743 0.00399009284022 0.00717937241578 0.00246114838156 0.0235241378335 -0.00752477949213 -0.0126601395292 0.0331002985017 0.0080154108418 0.0195631660002 0.0106437729536 0.306337136392 0.0305615020428 0.045500664953 -0.000760593831154 
0.0342704570179 0.13246342583 0.0070795070547 0.0173965435378 0.0339892693613 -0.013050596079 0.0024726818323 0.014276038752 0.00555082219541 -0.0331332188454 0.0393531269241 0.00292515752613 0.0210784310526 0.00609810884428 0.00728599642645 -0.0127845507311 0.0138665832818 -0.007609213516 0.00360364373855 0.0194770108243 -0.00531324426736 0.00161737501272 0.0418095089422 -0.000330857908736 0.022582921969 -0.00147732211265 0.0305615020428 0.346901364173 0.0471894286331 0.00624536940888 
0.0112388555354 0.0140992947955 0.00376727065975 0.0211607005179 0.0367770630805 0.00652079991791 0.0348022781365 0.0362762595229 0.0244977582145 -0.0279218957598 0.0441123401737 0.0284057342569 0.0110205286787 0.0316242132145 0.0027519011186 0.0432726978181 0.0284201651768 0.0308932269528 0.0257998750955 0.0235984709525 -0.00477453022842 -0.0270190936297 0.045004739677 0.0214913639107 -0.0203809903563 0.0155734744252 0.045500664953 0.0471894286331 0.238091326255 0.0015192044115 
0.0228185015687 0.00936715763645 0.0299654344063 0.014918251222 0.00448820611958 0.00402793490289 0.0238420191787 0.00510155602678 -0.00388960848328 0.0389244980263 -0.0143963548428 0.000773566587496 0.0136632079237 0.00318425627179 0.0114712135303 0.0191029688888 0.00721141037053 0.00815776362981 -0.000252595912035 0.0208870159511 0.0151169555596 0.0243861779181 0.00378666625694 0.016506459899 -0.0125526309016 0.0144349619505 -0.000760593831152 0.00624536940888 0.0015192044115 0.504219926326 
0.0368822400873 0.00913540536447 0.00155415415911 0.002782217257 0.00264696815112 0.00149289410867 0.00186136085191 0.00268687265804 0.00369968330705 0.00324238547256 0.000323544678899 0.00238961526334 0.00239846046158 0.00190349166327 0.0013235148108 0.00246395361661 0.000259055800835 0.00853142660914 0.00103669418375 0.00273081630287 0.000668463154213 0.000913016652901 0.00390377128765 0.00102611701774 0.000535519258821 0.000384182429658 -0.000785776380847 0.00296790863768 0.000973313440308 0.00197614020348 
0.00913540536447 0.128119609507 0.00196005731286 -0.0017791105018 0.0015900889955 -0.00342396497738 0.00326549251223 -0.000485211295413 0.00445264691555 0.00184789715682 0.00193042605421 -0.000285387638416 -0.000331695064571 0.000911569575525 0.00164267483934 0.00636712883117 -0.000264204551569 0.00247823476182 0.0014736788306 0.00381525108532 -0.00345834148578 -0.00232061481088 0.00171902534456 0.000525423985805 -0.00145530160256 0.00182385804389 0.000619208724405 0.0114716691841 0.00122103474684 0.000811219647442 
0.00155415415911 0.00196005731286 0.0192988413195 0.000755004320366 6.45365843732e-05 -8.48378546641e-05 -0.000120057404309 0.00244118741139 0.00180834190702 0.000553935795939 0.000449101465249 0.000903048763591 0.000807481490892 0.00123914291272 1.86131234309e-05 0.00231771818625 0.00146973676815 -0.00021707547407 0.00355602755326 0.000677192153628 -0.000227645352984 0.00123725260214 0.00211930333695 0.000670948821476 0.00239728953758 -0.000282495877942 -0.000764541093975 0.000613103295564 0.000326255209427 0.00259508274313 
0.002782217257 -0.0017791105018 0.000755004320366 0.026442148172 0.000296025636429 0.00106302780923 0.000274518144613 0.000699980427082 0.000642547627252 -0.00143940556084 0.0020116511502 0.00107327913766 0.00199528698247 0.000661625006664 0.0012077852286 -6.50601230644e-05 0.00135128949277 0.00193228392486 0.000567170572182 0.00203945506339 0.00108197187582 -0.000305977234951 0.000886036237788 0.00124590249936 0.00194660928907 0.000509197015898 0.00120021166622 0.00150658486418 0.00183257042104 0.00129195845383 
0.00264696815112 0.0015900889955 6.45365843732e-05 0.000296025636429 0.0167524586901 -0.000317890374202 0.00218890226457 0.00321946706178 0.00185935805516 0.00399172270743 0.00299314678772 0.000522022882294 0.00207761406457 0.00214594492621 0.0013409761564 0.00324704512763 0.00409302978587 0.00445518791446 0.00126987713562 0.00154922600216 0.00123329103652 -0.000917353062681 0.00256067508597 0.00148693333367 0.00290235747141 0.00285110128513 0.000130689559593 0.0029435570723 0.00318498709043 0.000388690051697 
0.00149289410867 -0.00342396497738 -8.48378546641e-05 0.00106302780923 -0.000317890374202 0.324740189719 -0.000912433298904 2.5133344622e-05 0.000739225447126 -0.00320680479355 0.000703113349931 0.000790362875942 0.000327048240253 -0.000801032909838 -0.000262746429964 0.000570508861833 0.00351445565595 0.000136852642493 -0.0021059394162 -0.000188199268575 -0.00147704230918 0.00450349846377 0.0016470289885 -0.00173574569809 0.00102433035048 -0.000249575645332 0.000790819470247 -0.0011302147739 0.00056471783819 0.000348829395069 
0.00186136085191 0.00326549251223 -0.000120057404309 0.000274518144613 0.00218890226457 -0.000912433298904 0.0162861771288 0.00223041066307 0.00162876859057 0.00114441070984 0.000495672124619 0.000500063300786 0.00333550113159 0.00174277085598 0.000975040429069 0.00239974657792 0.00223014478001 0.00294057507072 0.000816368040342 0.00136779320064 0.000563963711416 -0.00194499925805 0.000122104226389 0.001811437883 0.000670240175552 0.00102748137357 0.00199185658022 0.000214140528225 0.00301396569758 0.00206477942863 
0.00268687265804 -0.000485211295413 0.00244118741139 0.000699980427082 0.00321946706178 2.5133344622e-05 0.00223041066307 0.0178888165499 0.00264843572018 -0.000187223094831 0.0023587511845 0.00163188853888 0.00206653534696 0.00123104856019 0.00124524560115 0.00501503119514 0.00249272140706 8.79873282937e-05 0.00255646325831 0.00165498070283 0.001232961162 0.00070829682945 0.00242205790424 0.0013150779791 0.000523403752316 0.00159761357477 0.00126262957654 0.00123634122247 0.00314161623011 0.000441807711802 
0.00369968330705 0.00445264691555 0.00180834190702 0.000642547627252 0.00185935805516 0.000739225447126 0.00162876859057 0.00264843572018 0.0295857133118 -0.000706310902972 0.00150261331886 0.000833089027432 0.00168823540882 0.00186984454554 -9.84890260128e-05 0.00225174758776 0.00402711748142 0.00489208362742 0.00280288474901 0.00135418301915 0.00191502013939 0.00204536479267 0.0032368449941 0.00848987783355 0.000649754402648 -0.000193197559383 0.00148809444863 0.000480715303312 0.00212156809495 -0.00033684997573 
0.00324238547256 0.00184789715682 0.000553935795939 -0.00143940556084 0.00399172270743 -0.00320680479355 0.00114441070984 -0.000187223094831 -0.000706310902972 0.0348522774298 -0.000354953157593 -0.000417872892913 0.00248882684957 0.000523300764159 0.00192718341747 0.00336289889077 0.00285726175745 0.00382651036946 -0.00243415319441 0.000716986990066 0.000211252277609 0.00262163550532 0.000982891490295 0.000525048300118 0.00176283722131 -0.000728914549125 8.76529669313e-05 -0.00286942092292 -0.00241810710498 0.00337096041203 
0.000323544678899 0.00193042605421 0.000449101465249 0.0020116511502 0.00299314678772 0.000703113349931 0.000495672124619 0.0023587511845 0.00150261331886 -0.000354953157593 0.0135617567053 0.00215049848457 0.00183119290956 0.000624277983897 0.00207053123446 -0.00090181746221 0.00281266135496 0.00278427287165 0.000428022166035 0.00107509760546 0.000808086531316 -0.000328277368938 0.00320879000741 0.000834933845807 0.00193854088073 0.00100455076349 0.00205799941843 0.00340808076347 0.00382024072108 -0.00124676090158 
0.00238961526334 -0.000285387638416 0.000903048763591 0.00107327913766 0.000522022882294 0.000790362875942 0.000500063300786 0.00163188853888 0.000833089027432 -0.000417872892914 0.00215049848457 0.0124295474695 0.000389860347387 0.000924823464573 0.000317413883862 0.000293467316788 0.00169489096552 0.00199706116477 0.000537431246659 0.00205193667446 0.00215791827903 -0.00116324519728 0.0029512154397 0.0014960990557 -0.000487958608664 0.000384801841658 0.00228616981796 0.00025332607277 0.00246000874797 6.69928316289e-05 
0.00239846046158 -0.000331695064571 0.000807481490892 0.00199528698247 0.00207761406457 0.000327048240253 0.00333550113159 0.00206653534696 0.00168823540882 0.00248882684957 0.00183119290956 0.000389860347387 0.0156085084676 0.000646552092166 0.00244231815935 0.00321576482749 0.000292822702737 0.0028773972279 0.000153105110992 0.00184067940928 0.00029133172951 -0.000211352119697 0.00209640229474 -0.000352360718941 0.00187028249286 0.000491940115304 0.00128980073228 0.00182544567635 0.000954405779889 0.00118326851591 
0.00190349166327 0.000911569575525 0.00123914291272 0.000661625006664 0.00214594492621 -0.000801032909838 0.00174277085598 0.00123104856019 0.00186984454554 0.000523300764159 0.000624277983897 0.000924823464573 0.000646552092166 0.0163500654825 0.000398799818992 0.000765980674465 0.00225085949985 -0.00017165995091 -4.31656077306e-05 0.000284557125983 -0.000179837372641 0.00110591639804 0.00129580382858 0.000107763033191 -0.000213443253327 0.000640941363369 -0.000521386328856 0.000528111717419 0.00273873720184 0.000275764682353 
0.0013235148108 0.00164267483934 1.86131234309e-05 0.0012077852286 0.0013409761564 -0.000262746429964 0.00097504042907 0.00124524560115 -9.84890260128e-05 0.00192718341747 0.00207053123446 0.000317413883862 0.00244231815935 0.000398799818992 0.0162961634294 0.00148195848042 0.00249963656622 0.00191052038373 0.000673071435832 0.00133944754471 0.00100943237526 -0.0017470352965 0.00126323883747 0.00155954411464 0.00149868821839 0.00282487924385 0.000363185103312 0.000630985799719 0.000238321627742 0.000993436232948 
0.00246395361661 0.00636712883117 0.00231771818625 -6.50601230643e-05 0.00324704512763 0.000570508861833 0.00239974657792 0.00501503119514 0.00225174758776 0.00336289889077 -0.00090181746221 0.000293467316788 0.00321576482749 0.000765980674465 0.00148195848042 0.0763076881109 0.00203703867806 0.00203657052708 0.00455545185549 0.000429431291483 -0.000153207335826 0.00236002898562 0.00215924130117 -5.54887383268e-05 0.000388835956484 0.000587462960989 0.00231384997982 -0.00110717457091 0.00374752556007 0.00165436563454 
0.000259055800835 -0.000264204551569 0.00146973676815 0.00135128949277 0.00409302978587 0.00351445565595 0.00223014478001 0.00249272140706 0.00402711748142 0.00285726175745 0.00281266135496 0.00169489096552 0.000292822702737 0.00225085949985 0.00249963656622 0.00203703867806 0.0204334503658 0.00302869855307 0.00207474227763 0.00268842807736 0.00220019230474 -0.000425576343777 0.00192124352583 0.00326376692641 0.00188266298385 0.00149125941048 0.000345552176309 0.00120088133857 0.00246125850228 0.0006245264578 
0.00853142660914 0.00247823476182 -0.00021707547407 0.00193228392486 0.00445518791446 0.000136852642493 0.00294057507072 8.79873282937e-05 0.00489208362742 0.00382651036946 0.00278427287165 0.00199706116477 0.0028773972279 -0.00017165995091 0.00191052038373 0.00203657052708 0.00302869855307 0.0386050912581 0.000286233521626 0.00296110929312 -0.000626072449556 0.000815607300471 0.00677250595015 0.00170525580414 -7.97398574466e-05 0.0011406537181 0.000621751889529 -0.000658977220768 0.0026754319346 0.000706483054148 
0.00103669418375 0.0014736788306 0.00355602755327 0.000567170572182 0.00126987713562 -0.0021059394162 0.000816368040342 0.00255646325831 0.00280288474901 -0.00243415319441 0.000428022166035 0.000537431246659 0.000153105110992 -4.31656077306e-05 0.000673071435832 0.00455545185549 0.00207474227763 0.000286233521625 0.0524884113917 0.000384880510017 0.0007124120798 -0.00202582263219 0.0019711160516 0.00090165729702 0.0160586238419 0.000411938901228 0.000213141702091 0.000312084702377 0.00223433472471 -2.18754476709e-05 
0.00273081630287 0.00381525108532 0.000677192153628 0.00203945506339 0.00154922600216 -0.000188199268575 0.00136779320065 0.00165498070283 0.00135418301915 0.000716986990066 0.00107509760546 0.00205193667446 0.00184067940928 0.000284557125983 0.00133944754471 0.000429431291483 0.00268842807736 0.00296110929312 0.000384880510017 0.0199647716121 0.000239691732151 -0.00222039055586 0.0017006516948 0.00117503980834 -0.000385603606119 0.00133896723764 0.00203725009659 0.00168675861636 0.00204368753353 0.00180886864229 
0.000668463154213 -0.00345834148578 -0.000227645352984 0.00108197187582 0.00123329103652 -0.00147704230918 0.000563963711416 0.001232961162 0.00191502013939 0.000211252277609 0.000808086531316 0.00215791827903 0.00029133172951 -0.000179837372641 0.00100943237526 -0.000153207335826 0.00220019230474 -0.000626072449556 0.0007124120798 0.000239691732151 0.0349905951488 -0.000379556425264 0.00152875195397 -0.00020264097042 0.00207410795429 0.000399069743185 -0.000651665019806 -0.000460140451204 -0.000413486446895 0.00130916675425 
0.000913016652901 -0.00232061481088 0.00123725260214 -0.000305977234951 -0.000917353062681 0.00450349846377 -0.00194499925805 0.00070829682945 0.00204536479267 0.00262163550532 -0.000328277368938 -0.00116324519728 -0.000211352119697 0.00110591639804 -0.0017470352965 0.00236002898562 -0.000425576343777 0.00081560730047 -0.00202582263219 -0.00222039055586 -0.000379556425264 0.0558825406334 -0.000479731711588 -0.00110038432559 0.000181304251658 -7.05929510347e-05 -0.00109640024477 0.000140068784846 -0.00233992214706 0.00211190495783 
0.00390377128765 0.00171902534456 0.00211930333695 0.000886036237788 0.00256067508597 0.0016470289885 0.000122104226388 0.00242205790424 0.0032368449941 0.000982891490295 0.00320879000741 0.0029512154397 0.00209640229474 0.00129580382858 0.00126323883747 0.00215924130117 0.00192124352583 0.00677250595015 0.0019711160516 0.0017006516948 0.00152875195397 -0.000479731711588 0.020819905794 -0.000474002406391 0.00256646769232 0.00103465972227 0.00286656993753 0.00362080968637 0.0038975247851 0.000327934917416 
0.00102611701774 0.000525423985805 0.000670948821476 0.00124590249936 0.00148693333367 -0.00173574569809 0.001811437883 0.0013150779791 0.00848987783355 0.000525048300118 0.000834933845807 0.0014960990557 -0.000352360718941 0.000107763033191 0.00155954411464 -5.54887383269e-05 0.00326376692641 0.00170525580414 0.00090165729702 0.00117503980834 -0.00020264097042 -0.00110038432559 -0.000474002406391 0.0220326392784 0.00121092448975 0.00195926441384 0.000694154941077 -2.86531354008e-05 0.00186120671086 0.00142950135991 
0.000535519258821 -0.00145530160256 0.00239728953758 0.00194660928907 0.00290235747141 0.00102433035048 0.000670240175552 0.000523403752316 0.000649754402648 0.00176283722131 0.00193854088073 -0.000487958608664 0.00187028249286 -0.000213443253327 0.00149868821839 0.000388835956483 0.00188266298385 -7.97398574467e-05 0.0160586238419 -0.000385603606119 0.00207410795429 0.000181304251658 0.00256646769232 0.00121092448975 0.039007490726 0.00126701858234 0.00169421987347 0.00195573841168 -0.00176504554028 -0.00108708972451 
0.000384182429658 0.00182385804389 -0.000282495877942 0.000509197015898 0.00285110128513 -0.000249575645332 0.00102748137357 0.00159761357477 -0.000193197559383 -0.000728914549125 0.00100455076349 0.000384801841658 0.000491940115304 0.000640941363369 0.00282487924385 0.000587462960989 0.00149125941048 0.0011406537181 0.000411938901228 0.00133896723764 0.000399069743185 -7.05929510347e-05 0.00103465972227 0.00195926441384 0.00126701858234 0.0120648197181 0.000921777776995 -0.000127939847912 0.00134870244774 0.00125010437518 
-0.000785776380847 0.000619208724405 -0.000764541093975 0.00120021166622 0.000130689559593 0.000790819470247 0.00199185658022 0.00126262957654 0.00148809444863 8.76529669313e-05 0.00205799941843 0.00228616981796 0.00128980073228 -0.000521386328856 0.000363185103312 0.00231384997982 0.000345552176309 0.000621751889529 0.000213141702092 0.00203725009659 -0.000651665019806 -0.00109640024477 0.00286656993753 0.000694154941077 0.00169421987347 0.000921777776995 0.0265295742238 0.00264670371469 0.00394047317384 -6.58693579741e-05 
0.00296790863768 0.0114716691841 0.000613103295564 0.00150658486418 0.0029435570723 -0.0011302147739 0.000214140528225 0.00123634122247 0.000480715303312 -0.00286942092292 0.00340808076347 0.00025332607277 0.00182544567635 0.000528111717419 0.000630985799719 -0.00110717457091 0.00120088133857 -0.000658977220768 0.000312084702377 0.00168675861636 -0.000460140451204 0.000140068784846 0.00362080968637 -2.86531354008e-05 0.00195573841168 -0.000127939847912 0.00264670371469 0.0300425393982 0.00408672439863 0.000540864856411 
0.000973313440308 0.00122103474684 0.000326255209427 0.00183257042104 0.00318498709043 0.00056471783819 0.00301396569758 0.00314161623011 0.00212156809495 -0.00241810710498 0.00382024072108 0.00246000874797 0.000954405779889 0.00273873720184 0.000238321627741 0.00374752556007 0.00246125850228 0.0026754319346 0.00223433472471 0.00204368753353 -0.000413486446895 -0.00233992214706 0.0038975247851 0.00186120671086 -0.00176504554028 0.00134870244774 0.00394047317384 0.00408672439863 0.0206193136958 0.00013156696139 
0.00197614020348 0.000811219647442 0.00259508274313 0.00129195845383 0.000388690051697 0.000348829395069 0.00206477942863 0.000441807711802 -0.00033684997573 0.00337096041203 -0.00124676090158 6.69928316291e-05 0.00118326851591 0.000275764682353 0.000993436232948 0.00165436563454 0.0006245264578 0.000706483054148 -2.18754476714e-05 0.00180886864229 0.00130916675425 0.00211190495783 0.000327934917416 0.00142950135991 -0.00108708972451 0.00125010437518 -6.5869357974e-05 0.000540864856411 0.00013156696139 0.0436667265292 

['ADSK', 'RHI', 'CTL', 'VFC', 'ASN', 'SANM', 'ECL', 'SNV', 'WEN', 'MUR', 'BK', 'BUD', 'SEE', 'FII', 'PBG', 'AMD', 'MAS', 'ASH', 'NOVL', 'MHP', 'MRK', 'DYN', 'MTG', 'HSY', 'ZMH', 'K', 'FDC', 'LUV', 'STT', 'PAYX']