30
0.0370780174455 0.126255379542 0.0214629747746 0.0372282541949 0.0559799775446 0.0573021249509 0.0795042219188 0.099400173405 -0.00305157485537 0.0449819155318 0.171628318037 0.0463620133958 0.0203567883068 0.424855775916 0.00413185853021 0.143828325424 0.0269248151276 0.0723241103927 0.0493061267197 0.00792878112812 0.0472299451056 0.0519302207626 0.148588071013 0.16701162673 -0.0290439391383 0.0161964684659 0.05514883533 0.0662185328213 0.131188957491 0.0901624306535 
0.193748930668 0.0130673428226 0.0267773729122 0.0116341663615 0.0180689231053 0.0248372448829 0.00966519453377 0.0338274463077 0.0070799731376 0.0429784814812 0.0264701686645 -0.00231028305713 0.00326493143721 0.00561337966049 0.0111254832165 0.0177008144689 0.011256493103 0.00221591004392 0.00957007447944 -0.00112281212442 0.0342646343003 0.0207555672654 0.0138474998781 0.00188290766904 0.0182302717521 0.0278148105098 0.00478055114442 0.0196857551077 0.01886556684 0.073335480326 
0.0130673428226 0.522293780805 0.00407723430137 0.0415675861978 0.0438238159106 -0.000906819909619 0.0108670127103 0.0583098328893 0.0263188607545 0.0311804158159 0.00994188798124 0.00217441788481 0.0109655549298 0.0456790483034 0.0163408884981 0.0064144226211 0.00204362247058 0.0261113458876 0.0192061019163 0.00911709403574 0.0305367689958 0.0182691000731 0.0239114851038 0.0207115026935 0.0641114720902 0.0324094158943 0.0307813241565 0.0723192135039 0.0421884876392 0.0741835881126 
0.0267773729122 0.00407723430137 0.163707362809 0.00665416127549 0.0370941575421 0.00287176273068 0.00411151246184 0.0110112763331 0.0206463809773 0.015903913228 0.0270113768638 -0.000264789833988 0.0033060515705 -0.0155784573383 0.0330821485212 -0.0053154392459 0.0366866472395 0.0207448223396 0.00780411804159 0.0150466855369 -0.00625021310873 0.0426000108844 0.00950411407469 0.000392965748223 -0.00572365310087 0.00876487261482 0.0337180819264 0.0260386170273 0.019711542203 0.00527190081246 
0.0116341663615 0.0415675861978 0.00665416127549 0.178813335887 0.0277216402083 0.0343741031883 0.0191797550879 0.0387198834277 0.0109854745415 0.00572314715845 0.0299359317793 0.0362193012125 0.0173946166682 0.0105573678758 0.0236883496386 0.0120129594461 0.0140559266719 0.0262619560445 0.0291224601845 0.0203258007562 0.0349849588047 0.0162857082026 0.0447166376711 0.0316756365176 0.00992393246294 0.0248370178719 0.0308579702149 0.0244322619849 0.0435608642716 0.0199242089527 
0.0180689231053 0.0438238159106 0.0370941575421 0.0277216402083 0.25005447018 0.0293949838576 0.0137425220584 0.0164397242453 0.0179159359033 0.0148327096515 -0.00946926006377 0.00258009287471 0.0232752725812 0.0285119993232 0.0287647661359 -0.0191376883372 0.0144387573566 0.0282987898645 0.0193709080538 -0.00236786201497 0.0125338471982 0.0127700706096 0.00696733078936 0.0309902330457 0.0065070753581 0.0229930176405 0.00951185023662 -0.00151685926876 0.0265871754389 0.0193455734903 
0.0248372448829 -0.000906819909619 0.00287176273068 0.0343741031883 0.0293949838576 0.320567034253 0.0180985633647 0.0262619745164 0.0517638779865 0.0228235805832 0.0131261130112 0.00948266161006 0.0131513850618 0.022893611999 -0.000346050623543 0.0613787199322 0.00359114526811 -0.0113654827513 0.0303372534183 0.0306775248391 0.0293578235621 0.00680051768232 0.01669092918 0.0275134886102 -0.0369401673873 0.0229895898332 0.0150763875154 0.00883031057154 0.0395584503437 0.0277514383469 
0.00966519453377 0.0108670127103 0.00411151246184 0.0191797550879 0.0137425220584 0.0180985633647 0.27105630713 0.0338748903621 0.0415842252929 0.0191554212853 0.0223676219517 0.0100999634158 0.00738536785347 -0.0270496466633 0.0384539077327 0.0383979116748 0.00798319749847 0.0020745769202 0.0190616464505 0.0216622232776 0.0310392088274 0.0289674378076 0.0465816386208 0.0133366961028 0.0096712414564 0.00263217609517 0.0097210685298 0.0120691676502 0.0130104130781 0.0268685952657 
0.0338274463077 0.0583098328893 0.0110112763331 0.0387198834277 0.0164397242453 0.0262619745164 0.0338748903621 0.351599182515 0.0395646559351 0.0127870642714 0.033820139736 0.0198532949272 0.00412192084414 0.000942185371685 0.018153193235 0.0373444801269 0.0111986337027 0.0463867395097 0.0457474298646 0.0248759170826 0.0382784367295 0.0177676128585 0.0259097183115 0.0294908589342 0.0448025851923 0.0142249695278 0.0187576187001 0.0283572708693 0.0173098720271 0.0708433462765 
0.0070799731376 0.0263188607545 0.0206463809773 0.0109854745415 0.0179159359033 0.0517638779865 0.0415842252929 0.0395646559351 0.198186743542 0.00710635631188 0.011996212017 0.0337216495488 0.0037394137598 0.0479839379201 0.00912109751191 0.0663652689911 0.0245840397251 0.0451756574961 0.027168970081 0.0207428939138 0.00762686426406 0.0389934944774 0.0213562462326 -0.000121617078442 6.80214002605e-05 0.00192094376975 -0.0144538437695 0.00414465428769 -0.00495714669038 0.025026365693 
0.0429784814812 0.0311804158159 0.015903913228 0.00572314715845 0.0148327096515 0.0228235805832 0.0191554212853 0.0127870642714 0.00710635631188 0.21866508257 0.0203234162112 -0.0092073238956 0.0271287624438 -0.00363039285438 0.0151586347032 0.013299725704 0.0238992044818 0.0309313549383 0.0189046181508 0.0501556613115 0.0304880537216 0.0333351095055 0.0393991657672 0.000812244775861 0.0237824823099 0.0171653149897 -0.0105478456489 0.0325241646013 0.0259268651113 0.0604261155852 
0.0264701686645 0.00994188798124 0.0270113768638 0.0299359317793 -0.00946926006377 0.0131261130112 0.0223676219517 0.033820139736 0.011996212017 0.0203234162112 0.282691242602 -0.00202088405778 0.0503171873883 -0.00847848536771 0.0217058760622 0.0210339475786 0.0127379429166 -0.00827163421374 -0.0070313151092 0.0106459094879 0.0295277625844 0.034153568189 0.0123457329561 0.0259804313915 0.0140814698234 0.0234211926451 0.0302602064337 0.00977584775421 0.0267462245303 0.00773487106892 
-0.00231028305713 0.00217441788481 -0.000264789833988 0.0362193012125 0.00258009287471 0.00948266161006 0.0100999634158 0.0198532949272 0.0337216495488 -0.0092073238956 -0.00202088405778 0.392137526893 -0.000365345668775 0.0154611155548 0.0203120388796 0.0181820389999 0.0143560964686 0.0091413618332 -0.0158242909644 0.0455146341175 0.0225677534775 0.0344876893112 0.0351632465061 0.0036013226562 0.0497777354137 0.0138714602539 0.0121517854783 0.0126974118931 0.0756578830298 0.0105426880072 
0.00326493143721 0.0109655549298 0.0033060515705 0.0173946166682 0.0232752725812 0.0131513850618 0.00738536785347 0.00412192084414 0.0037394137598 0.0271287624438 0.0503171873883 -0.000365345668775 0.271813988031 0.0362762323912 0.00436654411927 0.00759689622335 -0.0113573373556 0.0138579415669 0.0201900240478 0.0173299876388 0.0154169412497 0.00258542748998 0.0126127991941 0.0387369390752 0.0254909723732 0.0326229585195 -0.0172035120275 0.0043535408678 0.0518212987384 0.00387622143116 
0.00561337966049 0.0456790483034 -0.0155784573383 0.0105573678758 0.0285119993232 0.022893611999 -0.0270496466633 0.000942185371686 0.0479839379201 -0.00363039285438 -0.00847848536771 0.0154611155548 0.0362762323912 3.74843920166 0.0184839823443 0.0660382265086 0.0010908423682 -0.0156545241217 -0.00722118002767 0.000444354179797 0.00873573098492 -0.00675030498966 0.0576455006441 0.00367193404146 -0.0310144301313 0.000491996270381 -0.0366572838321 -0.0028648115108 -0.0299741382056 0.0148006873679 
0.0111254832165 0.0163408884981 0.0330821485212 0.0236883496386 0.0287647661359 -0.000346050623542 0.0384539077327 0.018153193235 0.00912109751191 0.0151586347032 0.0217058760622 0.0203120388796 0.00436654411927 0.0184839823443 0.187437064808 -0.0209001871745 0.056718349895 0.0150283042061 0.00420738361331 0.0106274343594 0.0150570050305 0.05537908402 0.0167694202225 0.0126383617781 0.00686525801059 -0.00651514211318 0.0323740102052 0.024919755792 0.0408728661493 -5.88145924271e-05 
0.0177008144689 0.0064144226211 -0.0053154392459 0.0120129594461 -0.0191376883372 0.0613787199322 0.0383979116748 0.0373444801269 0.0663652689911 0.013299725704 0.0210339475786 0.0181820389999 0.00759689622335 0.0660382265086 -0.0209001871745 0.591211507825 -0.011380929832 0.0370347914423 0.00124785402161 -0.00615176152721 0.0168393651956 -0.0150786955492 0.000663768220377 -0.021632265512 0.00651336942179 0.000661030293353 -0.00783530209537 0.0193192628091 0.0233705251347 0.0508777030313 
0.011256493103 0.00204362247058 0.0366866472395 0.0140559266719 0.0144387573566 0.00359114526811 0.00798319749847 0.0111986337027 0.0245840397251 0.0238992044818 0.0127379429166 0.0143560964686 -0.0113573373556 0.0010908423682 0.056718349895 -0.011380929832 0.208697134822 0.00916953447882 0.00907769242453 0.0276470479528 0.0182949239849 0.0550015198193 0.021914111219 0.000614259978459 -0.00264722636076 0.00465099204554 0.0684427617446 0.000471482428855 0.00866059856507 -0.0108693111827 
0.00221591004392 0.0261113458876 0.0207448223396 0.0262619560445 0.0282987898645 -0.0113654827513 0.0020745769202 0.0463867395097 0.0451756574961 0.0309313549383 -0.00827163421374 0.00914136183319 0.0138579415669 -0.0156545241217 0.0150283042061 0.0370347914423 0.00916953447882 0.381705150751 0.000160352149044 -0.0028981353158 0.00951389353183 0.00745756862465 0.0453421976384 0.025793352108 0.0333520348631 0.0176144406207 0.0163356817063 0.00789215841195 0.0240645441839 0.0113237889826 
0.00957007447944 0.0192061019163 0.00780411804159 0.0291224601845 0.0193709080538 0.0303372534183 0.0190616464505 0.0457474298646 0.027168970081 0.0189046181508 -0.0070313151092 -0.0158242909644 0.0201900240478 -0.00722118002767 0.00420738361331 0.00124785402161 0.00907769242453 0.000160352149044 0.221294012641 0.0105876351053 -0.00186026414958 0.0267253643551 0.00172776408484 0.0508582536611 0.00171215130202 0.0139653667973 0.024400279261 0.0321491664954 0.0399528615035 0.0111465741118 
-0.00112281212442 0.00911709403574 0.0150466855369 0.0203258007562 -0.00236786201497 0.0306775248391 0.0216622232776 0.0248759170826 0.0207428939138 0.0501556613115 0.0106459094879 0.0455146341175 0.0173299876388 0.000444354179797 0.0106274343594 -0.00615176152721 0.0276470479528 -0.0028981353158 0.0105876351053 0.235314540819 -0.00568929109379 0.00341326276094 -0.00824310960679 0.0440453822828 0.00563045474642 0.0131311094831 0.0138897177563 0.0114866255192 0.00978973390226 0.00983589231299 
0.0342646343003 0.0305367689958 -0.00625021310873 0.0349849588047 0.0125338471982 0.0293578235621 0.0310392088274 0.0382784367295 0.00762686426406 0.0304880537216 0.0295277625844 0.0225677534775 0.0154169412497 0.00873573098492 0.0150570050305 0.0168393651956 0.0182949239849 0.00951389353183 -0.00186026414958 -0.00568929109379 0.289138539737 0.0326080583379 0.0221444973052 -0.0274609521225 0.0217267589371 0.0298694592419 0.00478061660517 0.0185706904217 0.029936169425 0.0332105790524 
0.0207555672654 0.0182691000731 0.0426000108844 0.0162857082026 0.0127700706096 0.00680051768232 0.0289674378076 0.0177676128585 0.0389934944774 0.0333351095055 0.034153568189 0.0344876893112 0.00258542748998 -0.00675030498966 0.05537908402 -0.0150786955492 0.0550015198193 0.00745756862465 0.0267253643551 0.00341326276094 0.0326080583379 0.268441776343 0.00392979060715 -0.0132976395972 0.000517253710687 0.0199081674668 0.0610041461022 0.0217632065321 0.0355889771225 0.0142995924478 
0.0138474998781 0.0239114851038 0.00950411407469 0.0447166376711 0.00696733078936 0.01669092918 0.0465816386208 0.0259097183115 0.0213562462326 0.0393991657672 0.0123457329561 0.0351632465061 0.0126127991941 0.0576455006441 0.0167694202225 0.000663768220381 0.021914111219 0.0453421976384 0.00172776408484 -0.00824310960679 0.0221444973052 0.00392979060715 0.477896619496 -0.00128441515589 0.00536288279084 0.00742357296665 0.00261946274948 0.0353284871764 0.0551970642301 0.0353708945327 
0.00188290766904 0.0207115026935 0.000392965748223 0.0316756365176 0.0309902330457 0.0275134886102 0.0133366961028 0.0294908589342 -0.000121617078441 0.000812244775862 0.0259804313915 0.0036013226562 0.0387369390752 0.00367193404146 0.0126383617781 -0.021632265512 0.00061425997846 0.025793352108 0.0508582536611 0.0440453822828 -0.0274609521225 -0.0132976395972 -0.00128441515589 0.505296730947 0.0131405892733 0.0222270157652 0.0206773713066 0.0226127472278 0.0488089377403 0.0114727519731 
0.0182302717521 0.0641114720902 -0.00572365310087 0.00992393246294 0.0065070753581 -0.0369401673873 0.0096712414564 0.0448025851923 6.8021400261e-05 0.0237824823099 0.0140814698234 0.0497777354137 0.0254909723732 -0.0310144301313 0.00686525801059 0.0065133694218 -0.00264722636076 0.0333520348631 0.00171215130202 0.00563045474642 0.0217267589371 0.000517253710687 0.00536288279084 0.0131405892733 0.329944475635 0.00766385750783 0.00907413169344 0.0475445156236 0.0160389654464 -0.0122577631011 
0.0278148105098 0.0324094158943 0.00876487261482 0.0248370178719 0.0229930176405 0.0229895898332 0.00263217609517 0.0142249695278 0.00192094376976 0.0171653149897 0.0234211926451 0.0138714602539 0.0326229585195 0.000491996270381 -0.00651514211318 0.000661030293355 0.00465099204554 0.0176144406207 0.0139653667973 0.0131311094831 0.0298694592419 0.0199081674668 0.00742357296665 0.0222270157652 0.00766385750783 0.178069346888 -0.00348160134703 0.0198468950231 0.0299708506996 0.0143058742261 
0.00478055114442 0.0307813241565 0.0337180819264 0.0308579702149 0.00951185023662 0.0150763875154 0.0097210685298 0.0187576187001 -0.0144538437695 -0.0105478456489 0.0302602064337 0.0121517854783 -0.0172035120275 -0.0366572838321 0.0323740102052 -0.00783530209537 0.0684427617446 0.0163356817063 0.024400279261 0.0138897177563 0.00478061660517 0.0610041461022 0.00261946274948 0.0206773713066 0.00907413169344 -0.00348160134703 0.422898740171 -0.00707594127681 0.0288179329143 0.0136677290203 
0.0196857551077 0.0723192135039 0.0260386170273 0.0244322619849 -0.00151685926876 0.00883031057154 0.0120691676502 0.0283572708693 0.00414465428769 0.0325241646013 0.00977584775421 0.0126974118931 0.0043535408678 -0.0028648115108 0.024919755792 0.0193192628092 0.000471482428854 0.00789215841195 0.0321491664954 0.0114866255192 0.0185706904217 0.0217632065321 0.0353284871764 0.0226127472278 0.0475445156236 0.0198468950231 -0.00707594127681 0.402512536125 0.0186745642272 0.0128119993313 
0.01886556684 0.0421884876392 0.019711542203 0.0435608642716 0.0265871754389 0.0395584503437 0.0130104130781 0.0173098720271 -0.00495714669038 0.0259268651113 0.0267462245303 0.0756578830298 0.0518212987384 -0.0299741382056 0.0408728661493 0.0233705251347 0.00866059856507 0.0240645441839 0.0399528615035 0.00978973390226 0.029936169425 0.0355889771225 0.0551970642301 0.0488089377403 0.0160389654464 0.0299708506996 0.0288179329143 0.0186745642272 0.396701037517 0.0104410594524 
0.073335480326 0.0741835881126 0.00527190081246 0.0199242089527 0.0193455734903 0.0277514383469 0.0268685952657 0.0708433462765 0.025026365693 0.0604261155852 0.00773487106892 0.0105426880072 0.00387622143116 0.0148006873679 -5.88145924284e-05 0.0508777030313 -0.0108693111827 0.0113237889826 0.0111465741118 0.00983589231299 0.0332105790524 0.0142995924478 0.0353708945327 0.0114727519731 -0.0122577631011 0.0143058742261 0.0136677290203 0.0128119993313 0.0104410594524 0.544345154539 
0.0167791495915 0.00113166508443 0.00231898851886 0.00100754836209 0.00156481464282 0.00215096850286 0.000837030399877 0.00292954278476 0.000613143659527 0.00372204567788 0.00229238385059 -0.000200076381741 0.000282751356624 0.000486132938707 0.000963495109488 0.00153293549977 0.00097484089847 0.000191903439053 0.00082879276153 -9.72383823426e-05 0.00296740437554 0.00179748485218 0.00119922866734 0.000163064587437 0.00157878784552 0.00240883325029 0.000414007873516 0.0017048364016 0.00163380601402 0.0063510388961 
0.00113166508443 0.0452319682416 0.000353098848216 0.00359985856213 0.00379525378694 -7.85329078388e-05 0.000941110907037 0.00504977965725 0.00227928020121 0.00270030321971 0.000860992755334 0.000188310112669 0.000949644913579 0.00395592162514 0.00141516245598 0.000555505294048 0.000176982897527 0.00226130888657 0.00166329721672 0.000789563504364 0.00264456176998 0.00158215047676 0.00207079535421 0.00179366874831 0.00555221635041 0.00280673774863 0.00266574086816 0.00626302760761 0.00365363020428 0.00642448718494 
0.00231898851886 0.000353098848216 0.0141774734979 0.000576267270545 0.00321244827635 0.000248701947841 0.000356067423993 0.000953604503255 0.00178802904225 0.0013773192875 0.00233925385552 -2.29314722898e-05 0.000286312464627 -0.00134913398067 0.00286499810312 -0.000460330541922 0.00317715684891 0.00179655431431 0.000675856447815 0.00130308119177 -0.000541284333123 0.00368926916274 0.000823080422914 3.40318320778e-05 -0.000495682898781 0.000759060234537 0.00292007155152 0.00225501038251 0.00170706962956 0.000456560002982 
0.00100754836209 0.00359985856213 0.000576267270545 0.0154856891413 0.0024007644655 0.00297688465934 0.00166101551445 0.003353240268 0.000951370002557 0.000495639082882 0.00259252774068 0.00313668349574 0.00150641799238 0.000914294877751 0.00205147125608 0.0010403528055 0.00121727895716 0.00227435210876 0.00252207903405 0.00176026598071 0.00302978630752 0.00141038370221 0.0038725744195 0.00274319059053 0.000859437761834 0.00215094884313 0.00267237861153 0.00211589595509 0.003772481507 0.00172548711034 
0.00156481464282 0.00379525378694 0.00321244827635 0.0024007644655 0.0216553523506 0.00254568027645 0.00119013732147 0.00142372188277 0.00155156556248 0.00128455033652 -0.000820061977027 0.000223442597362 0.00201569773354 0.00246921157266 0.00249110182076 -0.00165737242697 0.00125043306699 0.0024507470919 0.00167756984689 -0.000205062865762 0.00108546300808 0.00110592055561 0.000603388546016 0.00268383290868 0.000563529256445 0.00199125373863 0.00082375039419 -0.000131363866071 0.00230251693449 0.00167537580934 
0.00215096850286 -7.85329078388e-05 0.000248701947841 0.00297688465934 0.00254568027645 0.0277619195279 0.00156738156458 0.00227435370847 0.00448288333347 0.00197658005904 0.00113675473207 0.00082122258498 0.00113894335585 0.00198264495755 -2.99688630984e-05 0.0053155530713 0.000311002303086 -0.000984279678892 0.00262728321413 0.00265675158359 0.00254246210046 0.000588942107177 0.00144547686826 0.00238273800832 -0.00319911233774 0.00199095688181 0.00130565345857 0.000764727327826 0.0034258622932 0.00240334506 
0.000837030399877 0.000941110907037 0.000356067423993 0.00166101551445 0.00119013732147 0.00156738156458 0.023474164783 0.0029336515604 0.00360129955003 0.00165890814532 0.00193709288324 0.00087468248954 0.00063959161774 -0.00234256811738 0.00333020609713 0.00332535669627 0.00069136518371 0.0001796636315 0.00165078700641 0.00187600356608 0.00268807433579 0.0025086537024 0.00403408823955 0.00115499176276 0.000837554078738 0.000227953136565 0.000841869229873 0.00104522057876 0.00112673482393 0.00232688860641 
0.00292954278476 0.00504977965725 0.000953604503255 0.003353240268 0.00142372188277 0.00227435370847 0.0029336515604 0.0304493824008 0.00342639971318 0.00110739224989 0.00292891001709 0.00171934577558 0.000356968816341 8.15956466954e-05 0.00157211265013 0.0032341268481 0.000969830127423 0.00401720948141 0.00396184364206 0.00215431761359 0.00331500986249 0.00153872041 0.00224384742626 0.00255398330165 0.00388001769318 0.00123191849791 0.00162445743088 0.00245581169548 0.00149907889117 0.00613521375646 
0.000613143659527 0.00227928020121 0.00178802904225 0.000951370002557 0.00155156556248 0.00448288333347 0.00360129955003 0.00342639971318 0.0171634754601 0.000615428509444 0.00103890243559 0.00292038051668 0.000323842731125 0.00415553092124 0.000789910215571 0.00574740088753 0.00212904029296 0.00391232670243 0.00235290182848 0.00179638730774 0.000660505820389 0.00337693567998 0.00184950517669 -1.05323479465e-05 5.89082606266e-06 0.000166358610385 -0.00125173958867 0.000358937590305 -0.000429301496415 0.00216734684546 
0.00372204567788 0.00270030321971 0.0013773192875 0.000495639082882 0.00128455033652 0.00197658005904 0.00165890814532 0.00110739224989 0.000615428509444 0.0189369516426 0.00176005947306 -0.000797377639447 0.00234941974496 -0.000314401243761 0.00131277627397 0.0011517900323 0.00206973182115 0.00267873391501 0.00163718795675 0.00434360768394 0.00264034290349 0.00288690516697 0.00341206784423 7.03424609987e-05 0.00205962338454 0.00148655988451 -0.000913470228717 0.00281667527816 0.00224533238268 0.00523305511488 
0.00229238385059 0.000860992755334 0.00233925385552 0.00259252774068 -0.000820061977027 0.00113675473207 0.00193709288324 0.00292891001709 0.00103890243559 0.00176005947306 0.0244817797521 -0.000175013693214 0.00435759625252 -0.000734258371405 0.00187978400813 0.0018215932945 0.00110313821577 -0.000716344535991 -0.000608929750658 0.000921962806288 0.0025571792515 0.00295778576815 0.00106917183684 0.00224997135863 0.00121949105897 0.00202833478176 0.00262061074953 0.000846613249868 0.00231629098986 0.000669859484068 
-0.000200076381741 0.000188310112669 -2.29314722897e-05 0.00313668349574 0.000223442597362 0.00082122258498 0.00087468248954 0.00171934577558 0.00292038051668 -0.000797377639446 -0.000175013693214 0.0339601060067 -3.16398630322e-05 0.00133897188413 0.00175907416724 0.00157461076665 0.0012432744241 0.000791665157273 -0.00137042379721 0.00394168293897 0.00195442478179 0.00298672150613 0.00304522647538 0.000311883690749 0.00431087834111 0.00120130369674 0.00105237549256 0.00109962812618 0.00655216487004 0.00091302356384 
0.000282751356624 0.000949644913579 0.000286312464627 0.00150641799238 0.00201569773354 0.00113894335585 0.00063959161774 0.000356968816341 0.000323842731125 0.00234941974496 0.00435759625252 -3.16398630321e-05 0.0235397818739 0.00314161388044 0.000378153813403 0.000657910511934 -0.000983574266934 0.00120013294411 0.00174850737284 0.00150082095425 0.00133514627709 0.000223904588596 0.00109230045149 0.0033547173304 0.00220758296423 0.00282523108245 -0.00148986784501 0.000377027698793 0.00448785611646 0.000335690623008 
0.000486132938707 0.00395592162514 -0.00134913398067 0.000914294877751 0.00246921157266 0.00198264495755 -0.00234256811738 8.15956466954e-05 0.00415553092124 -0.000314401243761 -0.000734258371405 0.00133897188413 0.00314161388044 0.324624357318 0.00160075982733 0.00571907817773 9.44697202386e-05 -0.00135572155736 -0.000625372534926 3.84822007982e-05 0.000756536495357 -0.000584593560434 0.00499224679717 0.000317998816093 -0.00268592843776 4.26081268717e-05 -0.00317461390324 -0.00024809995454 -0.00259583651426 0.00128177712541 
0.000963495109488 0.00141516245598 0.00286499810312 0.00205147125608 0.00249110182076 -2.99688630983e-05 0.00333020609713 0.00157211265013 0.000789910215571 0.00131277627397 0.00187978400813 0.00175907416724 0.000378153813403 0.00160075982733 0.0162325259734 -0.0018100093037 0.00491195318698 0.00130148932183 0.000364370109259 0.00092036281323 0.00130397488613 0.00479596935996 0.00145227439194 0.00109451423621 0.000594548784071 -0.000564227857928 0.00280367152601 0.0021581141572 0.00353969404108 -5.09349311551e-06 
0.00153293549977 0.000555505294048 -0.000460330541922 0.0010403528055 -0.00165737242697 0.0053155530713 0.00332535669627 0.0032341268481 0.00574740088753 0.0011517900323 0.0018215932945 0.00157461076665 0.000657910511934 0.00571907817773 -0.0018100093037 0.0512004184786 -0.000985617435317 0.00320730702129 0.000108067328292 -0.000532758176059 0.0014583318043 -0.00130585334015 5.74840141072e-05 -0.00187340914748 0.000564074338351 5.72469026715e-05 -0.000678557066092 0.00167309723751 0.00202394684665 0.00440613833113 
0.00097484089847 0.000176982897527 0.00317715684891 0.00121727895716 0.00125043306699 0.000311002303086 0.00069136518371 0.000969830127424 0.00212904029296 0.00206973182115 0.00110313821577 0.0012432744241 -0.000983574266934 9.44697202386e-05 0.00491195318698 -0.000985617435317 0.0180737020453 0.000794104979954 0.000786151224739 0.00239430458668 0.00158438689312 0.00476327134103 0.0018978177017 5.31964745874e-05 -0.000229256527798 0.000402787726423 0.0059273170376 4.08315760826e-05 0.000750029836933 -0.000941309960586 
0.000191903439053 0.00226130888657 0.00179655431431 0.00227435210876 0.0024507470919 -0.000984279678892 0.0001796636315 0.00401720948141 0.00391232670243 0.00267873391501 -0.000716344535991 0.000791665157273 0.00120013294411 -0.00135572155736 0.00130148932183 0.00320730702129 0.000794104979954 0.0330566357306 1.38869034623e-05 -0.000250985880709 0.000823927348747 0.000645844387941 0.00392674950182 0.00223376981743 0.00288837094593 0.0015254553051 0.00141471153458 0.000683480967544 0.00208405065937 0.000980668892599 
0.00082879276153 0.00166329721672 0.000675856447815 0.00252207903405 0.00167756984689 0.00262728321413 0.00165078700641 0.00396184364206 0.00235290182848 0.00163718795675 -0.000608929750658 -0.00137042379721 0.00174850737284 -0.000625372534926 0.000364370109259 0.000108067328293 0.000786151224739 1.38869034623e-05 0.0191646236652 0.000916916096716 -0.000161103601128 0.00231448444569 0.000149628758922 0.00440445396626 0.000148276652267 0.00120943624196 0.00211312616994 0.00278419948955 0.00346001930159 0.000965321634597 
-9.72383823426e-05 0.000789563504364 0.00130308119177 0.00176026598071 -0.000205062865762 0.00265675158359 0.00187600356608 0.00215431761359 0.00179638730774 0.00434360768394 0.000921962806288 0.00394168293897 0.00150082095425 3.84822007982e-05 0.00092036281323 -0.000532758176058 0.00239430458668 -0.000250985880709 0.000916916096716 0.0203788370229 -0.000492707061675 0.000295597226077 -0.000713874232566 0.00381444199763 0.000487611684526 0.00113718743923 0.00120288484283 0.000994770950334 0.000847815825565 0.000851813261194 
0.00296740437554 0.00264456176998 -0.000541284333123 0.00302978630752 0.00108546300808 0.00254246210046 0.00268807433579 0.00331500986249 0.000660505820389 0.00264034290349 0.0025571792515 0.00195442478179 0.00133514627709 0.000756536495357 0.00130397488613 0.0014583318043 0.00158438689312 0.000823927348747 -0.000161103601128 -0.000492707061675 0.0250401320625 0.00282394068887 0.00191776972204 -0.00237818821502 0.00188159251814 0.00258677105008 0.000414013542583 0.0016082689671 0.0025925483214 0.00287612051338 
0.00179748485218 0.00158215047676 0.00368926916274 0.00141038370221 0.00110592055561 0.000588942107177 0.0025086537024 0.00153872041 0.00337693567998 0.00288690516697 0.00295778576815 0.00298672150613 0.000223904588596 -0.000584593560434 0.00479596935996 -0.00130585334015 0.00476327134103 0.000645844387941 0.00231448444569 0.000295597226077 0.00282394068887 0.023247739775 0.000340329849735 -0.00115160937015 4.47954853657e-05 0.0017240978769 0.00528311402607 0.00188474897246 0.00308209582828 0.00123838103235 
0.00119922866734 0.00207079535421 0.000823080422914 0.0038725744195 0.000603388546016 0.00144547686826 0.00403408823955 0.00224384742626 0.00184950517669 0.00341206784423 0.00106917183684 0.00304522647538 0.00109230045149 0.00499224679717 0.00145227439194 5.74840141075e-05 0.0018978177017 0.00392674950182 0.000149628758922 -0.000713874232566 0.00191776972204 0.000340329849735 0.0413870612866 -0.0001112336154 0.000464439273439 0.000642900277597 0.000226852128531 0.00305953673721 0.00478020598376 0.00306320932199 
0.000163064587437 0.00179366874831 3.40318320779e-05 0.00274319059053 0.00268383290868 0.00238273800832 0.00115499176276 0.00255398330165 -1.05323479464e-05 7.03424609988e-05 0.00224997135863 0.00031188369075 0.0033547173304 0.000317998816093 0.00109451423621 -0.00187340914748 5.31964745874e-05 0.00223376981743 0.00440445396626 0.00381444199763 -0.00237818821502 -0.00115160937015 -0.0001112336154 0.0437599805449 0.00113800841314 0.00192491603029 0.0017907128835 0.00195832135487 0.00422697800148 0.000993569466005 
0.00157878784552 0.00555221635041 -0.000495682898781 0.000859437761834 0.000563529256445 -0.00319911233774 0.000837554078738 0.00388001769318 5.89082606271e-06 0.00205962338454 0.00121949105897 0.00431087834111 0.00220758296423 -0.00268592843776 0.000594548784071 0.000564074338351 -0.000229256527798 0.00288837094593 0.000148276652267 0.000487611684526 0.00188159251814 4.47954853657e-05 0.000464439273439 0.00113800841314 0.0285740297738 0.000663709529277 0.00078584285638 0.00411747583406 0.0013890151527 -0.00106155342391 
0.00240883325029 0.00280673774863 0.000759060234537 0.00215094884313 0.00199125373863 0.00199095688181 0.000227953136566 0.00123191849791 0.000166358610385 0.00148655988451 0.00202833478176 0.00120130369674 0.00282523108245 4.26081268717e-05 -0.000564227857928 5.72469026717e-05 0.000402787726423 0.0015254553051 0.00120943624196 0.00113718743923 0.00258677105008 0.0017240978769 0.000642900277597 0.00192491603029 0.000663709529277 0.0154212578041 -0.000301515521238 0.00171879152763 0.00259555180789 0.00123892505032 
0.000414007873516 0.00266574086816 0.00292007155152 0.00267237861153 0.00082375039419 0.00130565345857 0.000841869229873 0.00162445743088 -0.00125173958867 -0.000913470228717 0.00262061074953 0.00105237549256 -0.00148986784501 -0.00317461390324 0.00280367152601 -0.000678557066091 0.0059273170376 0.00141471153458 0.00211312616994 0.00120288484283 0.000414013542583 0.00528311402607 0.000226852128531 0.0017907128835 0.00078584285638 -0.000301515521238 0.0366241052217 -0.00061279449014 0.00249570619883 0.00118366005436 
0.0017048364016 0.00626302760761 0.00225501038251 0.00211589595509 -0.000131363866071 0.000764727327826 0.00104522057876 0.00245581169548 0.000358937590305 0.00281667527816 0.000846613249868 0.00109962812618 0.000377027698793 -0.00024809995454 0.0021581141572 0.00167309723751 4.08315760826e-05 0.000683480967544 0.00278419948955 0.000994770950334 0.0016082689671 0.00188474897246 0.00305953673721 0.00195832135487 0.00411747583406 0.00171879152763 -0.00061279449014 0.0348586081626 0.00161726470254 0.00110955168942 
0.00163380601402 0.00365363020428 0.00170706962956 0.003772481507 0.00230251693449 0.0034258622932 0.00112673482393 0.00149907889117 -0.000429301496415 0.00224533238268 0.00231629098986 0.00655216487004 0.00448785611646 -0.00259583651426 0.00353969404108 0.00202394684665 0.000750029836933 0.00208405065937 0.00346001930159 0.000847815825565 0.0025925483214 0.00308209582828 0.00478020598376 0.00422697800148 0.0013890151527 0.00259555180789 0.00249570619883 0.00161726470254 0.0343553176198 0.000904222272823 
0.0063510388961 0.00642448718494 0.000456560002982 0.00172548711034 0.00167537580934 0.00240334506 0.00232688860641 0.00613521375646 0.00216734684546 0.00523305511488 0.000669859484068 0.00091302356384 0.000335690623008 0.00128177712541 -5.09349311562e-06 0.00440613833113 -0.000941309960586 0.000980668892599 0.000965321634597 0.000851813261193 0.00287612051338 0.00123838103235 0.00306320932199 0.000993569466004 -0.00106155342391 0.00123892505032 0.00118366005436 0.00110955168942 0.000904222272823 0.0471416732258 

['UTX', 'TER', 'KSE', 'DHR', 'HON', 'GPS', 'ITT', 'JCP', 'FO', 'MEL', 'BLL', 'HMA', 'FITB', 'SANM', 'PNW', 'SBUX', 'D', 'UNM', 'CA', 'RX', 'UNH', 'PEG', 'CC', 'PKI', 'THC', 'RTN', 'NBR', 'ROH', 'ET', 'COH']