60
0.131188957491 0.073470583658 0.0413299620627 0.046041615311 0.0360508970818 0.0601344650096 0.106356452037 0.0301217617298 0.0268374832388 0.0519302207626 -0.0014382556632 0.0759168136047 0.110374427341 0.0870955077299 0.00154943769328 0.110955558587 0.0408230851415 0.0703179731329 0.136929250297 0.117315051398 0.0662185328213 0.0498631258667 0.0636277148901 0.0172523696575 0.072987431854 0.0499403633474 0.034888990542 0.0407864154506 0.0384658872101 0.138189015222 0.0277880817415 0.0315088302779 0.0328562524986 0.0300114281637 -0.0290439391383 -0.00139328324831 0.0289140833203 0.158066549078 0.0300310371189 0.0485380268731 0.0415957971797 0.022775665512 0.0110311255814 0.0766259396051 0.0242911243805 0.037281538924 -0.0148687542544 0.0524452719686 0.0833786368315 0.0493870590102 0.0444205393046 0.142251168296 0.0773544805674 0.0695206157777 0.126841392599 0.00646873977314 0.0324129219316 0.143828325424 0.0946915784272 0.0172601721071 
0.37930685836 0.0280975636672 0.0347149888138 0.0332499930084 0.0183506606736 0.0135495231461 0.016352221896 0.00787306677844 0.00647830469611 0.0247566114733 0.0166106841718 -0.0171997804379 0.028029084728 0.0339623507818 0.00500247029797 0.0538662936969 0.0261659053592 0.0107991953567 0.00490471019139 0.00104712603744 0.0218899121886 0.0591473979703 0.0102603970564 0.0133712959606 0.0159287817922 0.0260881692013 0.00173853293059 0.00995682549464 0.016455943946 0.0623373267846 0.0274966962435 -0.00533423568288 0.0376889655905 0.0184889396708 0.0188858502359 0.0123627011244 0.0124176532072 0.0108537592199 -0.000168364444022 0.0276174136583 0.0544849502123 0.0316866082239 0.0115197242412 0.00884879852441 0.0196180225123 0.0174349726062 0.0293606037678 0.0187235333452 0.0703250112541 -0.00162490152976 0.0122901691765 0.0204877764144 0.0224992879902 0.0466433089269 0.0615084107678 0.0455694296243 -0.00981513472969 0.0173866301491 0.0237660711327 0.0213379665814 
0.0280975636672 0.44024059083 0.00924641824022 0.00221702904657 0.0158373302529 -0.0155672569442 0.0814170742879 0.0148069230601 0.0140708544436 0.0548152468295 -0.0118910249488 0.0146286328601 0.110706904334 0.0425978601169 0.000869338794571 0.010296596784 0.00933605540579 0.0167309531235 0.0206460097379 0.00230384915175 0.0329979279782 0.0311361599733 0.0117935951089 0.0161808782472 -0.00149215277275 0.0511725266326 0.0173704498312 0.0335806399639 0.0178599749788 0.0586565430305 0.0234837147684 0.020840885169 0.0406691911646 0.0325439384455 0.0196964786459 0.0280110589367 0.0253571973546 -0.0184218460774 0.0189788335054 0.000554109500776 0.0351686181633 0.0344435224551 0.010733552617 0.000638028422998 0.0305848725275 -0.0336383830484 0.0250358248613 0.0297730157888 0.00578223971669 0.0214565122527 0.00704469295616 0.00929074388139 -0.0053309073983 -0.00168690212391 0.0393203137839 0.0211331285905 -0.00807809139012 0.00781313013775 0.0400265454169 0.0374792522671 
0.0347149888138 0.00924641824022 0.280586015355 0.0183209454524 0.0201953829778 0.0267258556949 -0.00460735481579 0.0192832344544 0.0119948962352 0.0148945150903 0.00224139259014 0.0313254119914 -0.00520941444836 0.00212910865939 0.00755204133725 0.049964073936 -0.00574976322493 0.0108684276591 0.0278485151365 -0.0170753400716 0.0252133140106 0.029106649905 0.00647140542063 0.00598241629377 0.00498379035046 0.00459359435269 0.00516410265185 0.0265447525237 0.0353171636223 0.0109608741714 0.0173407638563 0.0107284010111 -0.00287695216555 0.00870674334071 0.0114216661176 0.0118051376755 0.0155084378881 0.0147952651126 0.00450323571028 0.0162212386416 0.0334029002926 0.0155152595134 0.0101702080373 -0.00211362517663 0.0184262033103 0.00271261481313 0.00699811998178 0.0150044761747 0.0272123763064 -0.000654460926474 0.0233924188685 0.00341788753794 0.0156774638638 -0.00700592818713 0.0329802195699 0.0215419796948 -0.000181690815225 0.0017978558663 -0.00719582799342 0.0233094964899 
0.0332499930084 0.00221702904657 0.0183209454524 0.27874206163 0.0542388318766 0.0187950615765 0.0143661938763 0.000294737483128 0.0361014274711 0.025703689475 -0.00388255190532 0.00652374344787 0.024051600955 0.0142456330457 0.00302091725216 0.0222206400381 0.0501235537532 0.0160449585412 0.0155348921397 0.00970691579218 0.0184001583876 0.0271408529296 0.0272168401803 0.00406589846045 -0.00696371438532 0.0427989802305 0.000857621346293 0.00736462287631 0.0306363271392 0.0259537627454 0.018714628089 0.0308162495603 0.0182865935984 0.0472259449682 0.0128682501742 0.016902411251 0.00860600386399 -0.000203887293502 0.00222457760873 0.0255772883512 0.0108381800205 0.0227601974105 0.0154601329409 0.0171403861877 0.030497941472 0.0127935673845 -0.00621661936952 0.0135304958187 0.0120118021462 0.00911362799852 0.0149557017194 0.0432884179108 0.0229548136503 0.00484174839977 0.0188786505322 0.0705035833785 0.0268798325983 0.00229651544088 0.00402600809478 0.00548333229803 
0.0183506606736 0.0158373302529 0.0201953829778 0.0542388318766 0.166226242512 -0.000174717144885 0.0112680296232 0.0178897660082 0.00786029713904 0.0163492095772 0.00236317016904 0.016058617368 0.00523837668786 0.0170866041036 -0.00570942655291 0.0205271604668 0.0248223339185 -0.00120386551257 0.0175797945989 0.0204036692455 0.0282758900876 0.0113910275693 -0.0109136015225 0.0145993510021 0.0142346513289 0.0193308472939 0.00927079507525 0.0299106303662 0.0245596787671 0.0235772420404 0.0258917794333 0.0352859738165 0.0100114196753 0.0352336471784 -0.00260600010312 0.0130100269094 0.0153694471547 -0.00774845817556 0.0054322789369 0.0401285107223 0.0302592297936 0.0380400201752 0.0124471096 0.0302501610097 0.0234079024585 0.0299180709221 0.0218385911721 0.016296830882 0.0216638571241 0.0109681709637 0.0124038327336 0.0112143369012 0.00960988489129 0.00806564516332 -0.000766964885016 0.0378981504663 0.0168375196105 0.0184175814268 0.00685394631826 0.0075396380571 
0.0135495231461 -0.0155672569442 0.0267258556949 0.0187950615765 -0.000174717144885 0.280164150811 -0.0263713811994 0.0385027307653 0.0101338146679 0.010260085126 0.0105396887438 0.00372241993484 -0.0216194136517 -0.0173287385273 0.00995334266463 -0.000232879315306 0.0308491571149 0.0186089885365 -0.00532231406757 0.00516189146763 0.000529071381938 -0.00984835260345 0.0140216279309 0.0131050995477 0.000658066026122 0.00306613160931 0.0119575768122 -0.0106444450734 0.0214885445813 0.00458143603752 0.0162039651146 0.0099978815218 0.0149159471821 0.0306419799906 0.0241201475318 0.0221285586676 0.00539351491164 -0.00392297818209 -0.0106751032653 0.00508586649053 0.0103834132158 -0.00593227192488 0.0077695105383 0.0261570435691 0.0193780325107 0.0138883995775 0.000361465285911 0.0322700602965 0.0126733131568 0.0169263455286 -0.00874704315542 -0.00185865129814 0.0354893189055 0.0176227786901 -0.0180654808573 0.0136448263 0.00977980719007 0.0518403276145 0.00666801361217 0.0017854165634 
0.016352221896 0.0814170742879 -0.00460735481579 0.0143661938763 0.0112680296232 -0.0263713811994 0.473719962231 0.00768013665174 -0.00301838756687 0.0407624707359 -0.00765522668604 0.0331269598696 0.208953926422 0.0916134712686 0.0256522548737 0.00167088265111 0.025106233177 0.02888227092 0.0411134459278 -0.0213089241884 -0.0183180200438 0.0515400945555 0.00165670918073 0.00210401834405 0.0157411942725 0.0567913273357 0.00479251451158 -0.00763552807424 0.00824756723334 0.0435154669063 0.0335781202303 0.0406535112344 0.0506557375865 0.0131504435683 0.0136651009265 0.0348233004824 0.0340911262385 -0.0204152711025 -0.00611687313325 0.000998005289171 0.029392835925 0.0446258934873 0.0196126683248 -0.00357025497115 0.0377783815973 0.0247510976007 0.0136065772905 0.0255428456729 0.0358553571435 0.0435399293476 0.0184191827324 -0.0122619435819 0.00453456577301 -0.00826572287624 0.0625747787234 -0.0113378807475 0.0240913268268 -0.0148925493922 0.0176738302476 0.0184361577755 
0.00787306677844 0.0148069230601 0.0192832344544 0.000294737483128 0.0178897660082 0.0385027307653 0.00768013665174 0.181109078375 0.00941453475482 0.00135492957834 -0.00673224377949 0.0196030238832 0.00684514746351 0.0103033295501 -0.000880282133998 -0.00507387687429 0.0273275478134 0.00697876323232 -0.00201089165976 0.0129877686219 -0.00189408418908 0.0252137921937 0.000100996371782 -0.000596983606571 0.00953348214341 0.00663896958468 -0.0133892294293 0.0117512707747 0.006978877166 0.00137983967478 0.0102029929148 0.00560998847289 0.0205751221842 0.00937849625881 -0.0173172774637 0.0218057309043 0.00566838048611 0.00545018933203 -0.00722997322572 0.00368568140326 0.00874160467945 0.00698829013462 0.00911708970893 0.0108365205528 0.0127698043021 0.00425125271716 -0.00412850512647 3.55533928132e-05 0.0152501205691 0.00629647167288 0.00191838828619 0.0180522827534 0.0204761482601 -0.0074620697287 -0.00422421727465 0.00960141588116 0.00883663651262 0.00137941905067 0.0186185280905 -0.00482860855792 
0.00647830469611 0.0140708544436 0.0119948962353 0.0361014274711 0.00786029713904 0.0101338146679 -0.00301838756687 0.00941453475482 0.150134515091 0.00169954492421 0.00103926194896 0.0118292583083 -0.00783004422369 0.0230373547405 0.00648313712487 0.00677707202615 0.0111676665293 0.0211825032605 0.00506724661334 0.00123433824913 0.0254454105603 -0.0144352935265 -0.00184379173102 0.00241885671423 0.0136331101495 -2.28958115324e-05 0.0168486170238 0.00713402270612 -0.00096295868433 0.00285464690239 6.03754824967e-05 0.00632187303282 -0.00695912781654 -0.00740809222798 0.0117328978626 0.016494926664 0.0141259062638 -0.0102513697601 0.0117333595166 0.00474647639094 0.0154658916853 0.00732882686161 0.0055276046286 0.0123447026623 0.00710065507161 0.0100041328555 0.000163712636978 0.0325545387264 0.0130189395985 -0.00458219595608 0.0246994931244 0.0083211119713 0.0308381665974 0.00187425311625 0.00888020428914 0.0181426927954 0.00281738851106 0.00398351971074 0.0165000163064 0.0180414340073 
0.0247566114733 0.0548152468295 0.0148945150903 0.025703689475 0.0163492095772 0.010260085126 0.0407624707359 0.00135492957834 0.00169954492421 0.203943458285 0.003633478781 0.00319602363151 0.0583740962827 0.0314319878607 -0.000909647170665 -0.000371454551087 0.000149962375569 0.0191667996499 0.0188618378524 0.0241487154971 0.0221988415357 0.0391840224444 0.0193064415226 0.0125997752692 -0.0122430497644 0.164700079961 0.00747671877055 0.0167062363812 0.000307999716011 0.00491215491965 0.0135568805058 0.0261485633109 0.00818348250943 0.0289379388507 0.00519708716472 0.0227895738518 0.0264385693434 -0.0102995350285 0.0221135589828 -0.00672514547427 0.00990804425172 0.00262791918432 0.0341735191644 0.0135610798775 0.0389830791101 0.0193592953763 0.0459204570937 0.00149114171818 0.0207394160327 0.01144917333 0.0007678579538 0.0118762024429 0.0104174981415 0.00181736471489 0.032749979521 0.0194060389118 -0.00315967720971 -0.0131049301647 0.00213616311357 0.0102860417546 
0.0166106841718 -0.0118910249488 0.00224139259014 -0.00388255190532 0.00236317016904 0.0105396887438 -0.00765522668604 -0.00673224377949 0.00103926194896 0.003633478781 0.210458136244 -0.000681338853369 0.00102913376809 0.0168856579719 0.00676507801281 0.0131282555521 0.00853300188776 0.0039782730546 0.0291601309719 -0.00577588310818 -0.0068539140285 0.00378109900096 0.0174312547885 0.000264835985384 0.00466970799303 -0.000242786484735 0.00962632837329 0.00415862049358 0.0120224311987 -0.00635227349323 0.000402180784434 0.0145133576318 0.00687746178173 0.00511552713074 0.00342271180139 0.016942722709 0.0310493470477 -0.0111532303598 0.0316348911018 0.00277927255955 0.0282126393566 0.0404332066959 0.0229512181995 0.00480582565607 0.00576638582481 0.0109291316853 0.0129270208735 0.0166429936617 0.017520322581 0.00338995498098 0.0146915192511 0.00462751090449 -0.00831421595636 -0.0165140983684 0.0133767596454 0.00148981984458 0.0166090591874 0.0512830499354 0.0181384512264 0.00467071442173 
-0.0171997804379 0.0146286328601 0.0313254119914 0.00652374344787 0.016058617368 0.00372241993484 0.0331269598696 0.0196030238832 0.0118292583083 0.00319602363151 -0.00068133885337 0.329411697531 0.0109278380176 0.000269885369415 0.00924354695972 0.0234958443282 0.033475661247 0.0366723085675 0.0681100709878 -0.00289505796283 0.0137816108337 0.0078684239296 0.00415466850946 0.0131513723668 -0.00294385761005 0.00136532474402 0.0074388915087 0.00908509456233 -0.00237828744054 0.0511625791414 0.0116793509624 0.0195132552199 -0.012751030082 0.0188209857939 0.00417420198226 0.0145905253298 -0.00978650738404 -0.00309729259758 0.0140754154453 0.0141699336608 0.0210502280334 0.0359341631879 0.0167930753973 0.0204867154631 0.00603691556618 0.0456896549762 0.00494041468924 0.0292307924999 -0.0144430398299 -0.00537372749648 0.0107647697105 0.0187592241275 0.0160988829152 0.0064402175289 -0.0125489851821 0.00890454763551 0.0106692354538 -0.0147036747847 -0.00813265876943 0.000113286294402 
0.028029084728 0.110706904334 -0.00520941444836 0.024051600955 0.00523837668786 -0.0216194136517 0.208953926422 0.00684514746351 -0.00783004422369 0.0583740962827 0.00102913376809 0.0109278380176 0.453213572185 0.102476448097 0.0289855492855 -0.0268326043137 0.00293969717235 0.00587605741256 0.0146297733243 -0.00325307596995 -0.00232517702976 0.041507683795 -0.00792441598592 0.0100629999228 -0.027314696376 0.0547005665272 -0.00440424213113 0.00380213363515 0.00153742163082 0.00949991651007 0.000951829056287 0.0265236399309 0.0159875311046 -0.0129618726248 -0.00805550891694 0.0109812462339 0.00387325367907 0.0422688674757 0.0257879889736 0.000634105887587 0.0199066905422 0.0260853640931 0.0240228254245 0.0110646496401 0.029185355966 0.00923129871366 0.0184961232062 0.0192186372072 0.00940742341544 0.0307879831516 0.00775215607281 -0.0149238034188 0.0260106058606 -0.0010414527504 0.0235212714491 0.0153205410388 -0.0139897746571 -0.00150390372054 0.0128165788936 0.0138076705158 
0.0339623507818 0.0425978601169 0.00212910865939 0.0142456330457 0.0170866041036 -0.0173287385273 0.0916134712686 0.0103033295501 0.0230373547405 0.0314319878607 0.0168856579719 0.000269885369415 0.102476448097 0.436411521157 -0.00911869757825 -0.00662729927738 0.0167180849559 -0.000166598547903 0.0294413637042 -0.00369218891168 0.0157903543361 0.00782624669778 -0.00553162321578 0.0162415875835 0.0250560512114 0.0250500228533 0.0283119257672 0.00827288993809 0.0154014214589 0.0276632074513 0.000173645794221 0.025682595869 0.00545761720318 -0.00632166636893 0.0242015259653 0.0205111921379 0.0688040142915 -0.00879518107086 0.0180688890784 0.0150605367364 0.00556994754399 0.0215298796191 0.0170736102612 0.0165806985686 0.00987876610816 0.0128795763322 0.0284894110027 0.0174852209611 -0.0231907001654 0.00993501610907 0.00225379297797 0.00473663766506 0.0206573736329 0.0213944814354 0.0271552600987 0.0174235914795 -0.00489717083905 -0.0172050674498 0.0055507358471 0.00869149514386 
0.00500247029797 0.000869338794571 0.00755204133725 0.00302091725216 -0.00570942655291 0.00995334266463 0.0256522548737 -0.000880282133998 0.00648313712487 -0.000909647170665 0.00676507801281 0.00924354695972 0.0289855492855 -0.00911869757825 0.287113572595 0.00727891689856 0.0173309844368 0.00502596098887 0.021909159167 0.00568868289891 0.0131545336951 -0.00497542114886 -0.00743135437759 -0.00808494094514 0.0146367852113 0.00834376858562 -0.0106546190019 0.0102121078394 0.00338687633852 -0.00110071527885 -0.00435996201121 0.0164745619641 0.00770418749524 0.0028227531548 0.0144371677427 0.000808704499934 0.0159160987674 -0.0220067319713 -0.0160064236214 0.0244939907011 0.00929547094268 0.0238419703497 0.0121966256596 0.0202568426326 0.00325694851955 0.000893439090621 -0.00236506456368 0.0230425311101 0.026612940906 0.0153096343959 0.0328565904571 0.0110177948502 0.0016055395944 -0.0111665425712 -0.0175968375737 0.00911167028989 0.00630345367247 0.00947111094837 -0.00394681810468 0.0385333867707 
0.0538662936969 0.010296596784 0.049964073936 0.0222206400381 0.0205271604668 -0.000232879315306 0.00167088265111 -0.00507387687429 0.00677707202615 -0.000371454551087 0.0131282555521 0.0234958443282 -0.0268326043137 -0.00662729927739 0.00727891689856 0.478386482234 0.0112681323151 0.0162812880923 0.0545389757822 0.011930221585 0.00192411188135 0.00599331402815 0.0139782779176 -0.00534161265304 0.00347260341129 -0.00100056494183 0.00221205158539 0.0523142845656 0.055129755509 0.0200341440187 0.0217805340376 0.00421271406088 0.00598661313229 0.03826784839 0.00590914877269 0.0229129926926 0.00171180346775 0.0207196375727 0.00281534758942 0.0114046997265 0.0302880960203 0.0368267923302 0.000406513898192 0.0232655529272 0.0215330946121 0.0391341564957 0.0161257387469 0.024239907177 0.000258424082948 0.0228178280031 0.0119209485511 -0.00247094062795 0.0576831278552 0.0137701387312 0.0194200788586 0.0156747459253 0.00929892064771 -0.00191544933493 0.0270845346711 0.0184596405149 
0.0261659053592 0.00933605540579 -0.00574976322493 0.0501235537532 0.0248223339185 0.0308491571149 0.025106233177 0.0273275478134 0.0111676665293 0.000149962375569 0.00853300188776 0.033475661247 0.00293969717235 0.0167180849559 0.0173309844368 0.0112681323151 0.187927480947 0.00289098859846 0.0116911772599 0.00506804808083 0.0160823492573 0.0129054289818 -0.00210526088629 0.00335462785156 -0.0104856594439 0.0153819950567 -0.000952603466691 0.0101795401036 0.0182223688422 0.00717362989066 0.0120785227652 0.0224017807853 0.0268030871569 0.0259615884896 -0.0305147374051 0.0132951759448 0.0123315389351 -0.00240244881999 0.00663094218705 0.00575211579121 0.0149639122045 0.0228434279366 0.0246843554891 0.0372913247419 0.0223836821766 0.0196983798558 -0.00516978553403 0.0288660927494 0.0260075714024 -0.00178031691585 0.00402278752173 0.0104288905182 0.0127683938396 0.00106981774294 -0.0172872968872 0.0329191937247 0.00149840299375 -0.00514657746619 0.0345562275214 0.00504142830249 
0.0107991953567 0.0167309531235 0.0108684276591 0.0160449585412 -0.00120386551257 0.0186089885365 0.02888227092 0.00697876323232 0.0211825032605 0.0191667996499 0.0039782730546 0.0366723085675 0.00587605741256 -0.000166598547903 0.00502596098887 0.0162812880923 0.00289098859846 0.260204557386 -0.0438658319183 0.0369346290442 0.000529061597244 0.0178548866629 0.0115957580838 0.0240121200501 0.0129986008228 0.036446883883 0.0105287840915 0.0153503253954 0.0211541147285 -0.0124604785382 0.00665537289782 0.00515865785555 0.0103776616136 -0.00255023111092 0.00100754452917 0.0241466876122 -0.00370869919506 -0.0180800653874 0.0250348407392 0.0265307740916 0.0459879349058 0.0182676417116 0.0153284979239 0.0321835471133 0.0216698981919 0.0169715072066 0.00270454498498 0.012286369757 0.00271210054714 0.00692795993186 0.00641339170049 0.00585388995357 0.00485979964697 0.0109961438633 0.0446187067811 0.00513383907613 0.000931110657104 0.0100441944962 -0.0387081925089 0.00632798791379 
0.00490471019139 0.0206460097379 0.0278485151365 0.0155348921397 0.0175797945989 -0.00532231406757 0.0411134459278 -0.00201089165976 0.00506724661334 0.0188618378524 0.0291601309719 0.0681100709878 0.0146297733243 0.0294413637042 0.021909159167 0.0545389757822 0.0116911772599 -0.0438658319183 0.671480091056 0.0188465688327 0.0432287726033 0.0255276062216 0.00552549430639 0.00717965996291 0.0113765706317 0.0150079270629 0.0172628671816 0.0309299899249 0.0303490067325 0.0656489376574 0.0257450911236 0.0288831744311 0.0187008038171 0.0185583914578 -0.0151187544179 0.0251133854285 -0.00205155662601 -0.00503780301224 -0.00533195675873 0.0288837848721 0.00121614282444 0.0314962405364 0.0176018551685 0.0327525014574 0.0755156426455 0.04061318564 0.0213169863834 0.0409890562571 0.0499806416592 0.00895001081599 0.0161449961428 0.0134014780711 0.0468612573387 -0.0063273811338 -0.000360733739438 0.0232045742215 0.017844475037 0.0118886235416 0.00474728182991 0.0396387103509 
0.00104712603744 0.00230384915175 -0.0170753400716 0.00970691579218 0.0204036692455 0.00516189146763 -0.0213089241884 0.0129877686219 0.00123433824913 0.0241487154971 -0.00577588310819 -0.00289505796283 -0.00325307596995 -0.00369218891168 0.00568868289891 0.011930221585 0.00506804808083 0.0369346290442 0.0188465688327 0.356567182879 0.00208995120029 0.0441738821616 -0.00915110448545 0.0169921407704 0.00946020979012 0.019795470539 0.0055640859389 0.016315502679 0.012045168872 0.0109444582353 0.000722752502069 0.0404047167885 -0.00155228063323 0.00441091146655 0.00690810312778 0.0139944701626 0.0142390617996 0.0703432783473 -0.00280651605146 0.00218311360685 0.00100852809183 -0.000852218687165 0.0040345572201 0.0277199701414 0.0123117197071 0.0296068164949 0.0167949645124 0.00481826832556 -0.00808061914879 0.0244337620818 0.0168357061908 0.041646556541 0.0392059049553 -0.0229926347454 0.0141985066303 0.0205020189272 0.0125957526364 -0.00760296161153 -0.0026606090847 0.00796888786085 
0.0218899121886 0.0329979279782 0.0252133140106 0.0184001583876 0.0282758900876 0.000529071381938 -0.0183180200438 -0.00189408418908 0.0254454105603 0.0221988415357 -0.0068539140285 0.0137816108337 -0.00232517702976 0.0157903543361 0.0131545336951 0.00192411188135 0.0160823492573 0.000529061597245 0.0432287726033 0.00208995120029 0.378733188052 -0.00592833396073 0.00834525887641 0.0123818416159 0.0483939799394 0.0177131328528 0.0251498785681 0.0537531197776 0.0529401699538 0.0290820532889 0.0136875282276 0.0460912312254 -0.0214987626554 0.0554331523503 0.0492757151136 -0.00919427575255 0.00248823738727 -0.0335969048112 -0.00711303463148 0.0206064982148 0.0143523561076 0.0102811636432 -0.00362474331323 0.00508707120504 0.0083565855509 -0.0113595590637 -0.0044540273099 0.0366433425778 0.0157218790822 -0.0146445558609 0.0161883155205 -0.027542246323 0.0301985477371 0.00444233241015 -0.00549013598399 0.00728190560015 -0.0117407566068 0.0128239848732 0.056801603929 0.0162152072386 
0.0591473979703 0.0311361599733 0.029106649905 0.0271408529296 0.0113910275693 -0.00984835260345 0.0515400945555 0.0252137921937 -0.0144352935265 0.0391840224444 0.00378109900096 0.0078684239296 0.041507683795 0.00782624669778 -0.00497542114886 0.00599331402815 0.0129054289818 0.0178548866629 0.0255276062216 0.0441738821616 -0.00592833396073 0.28308605689 0.012839427226 0.0112208118935 0.0123980966918 0.0287900310234 0.019185435498 -0.00878749213685 0.00611157637897 0.0233104042013 0.0242899028895 0.0190037368053 0.00621437379022 0.00953824659245 -0.0147842796229 0.00688192622348 0.0113657971177 -0.000120774830287 -0.00770246184416 0.027923474451 0.00546094114369 0.0277478059359 0.0105035090017 0.0544077513759 0.0347110060581 -0.0105129263784 0.0109657300109 0.0280147061134 0.0141290235035 0.00572263651669 0.0334564769306 -0.0227970973857 0.0200061911814 0.0143359272391 -0.00451413127469 0.0336806386416 0.0067596543078 -0.000410402794264 -0.00545693647737 0.0233330108756 
0.0102603970564 0.0117935951089 0.00647140542063 0.0272168401803 -0.0109136015225 0.0140216279309 0.00165670918073 0.000100996371782 -0.00184379173102 0.0193064415226 0.0174312547885 0.00415466850946 -0.00792441598592 -0.00553162321578 -0.00743135437759 0.0139782779176 -0.00210526088629 0.0115957580838 0.00552549430639 -0.00915110448545 0.00834525887641 0.012839427226 0.208875518566 0.0183608764343 0.0619222696816 0.0207185381124 0.0231945829542 0.00723398019671 0.014697411846 0.00380582796415 0.000279698381305 0.00534039230325 0.0048600647479 0.00750588213644 0.00697994755723 0.00852736164823 0.00884479399868 -0.0277448888413 0.00982474297055 -0.000167254757469 0.0231040382853 -0.00799567905122 0.00331534626118 0.0116707443312 0.00821546365631 0.000997570453425 0.000842112814561 0.00667336163239 -0.00194144449055 -0.00458766732943 0.00506787806497 0.0311366938775 -0.00953238497951 0.00169097197977 0.0080514847066 -0.000366360567217 0.0236179185831 0.102724422202 -0.0055547592994 -0.00285576592334 
0.0133712959606 0.0161808782472 0.00598241629377 0.00406589846045 0.0145993510021 0.0131050995477 0.00210401834405 -0.000596983606571 0.00241885671423 0.0125997752692 0.000264835985385 0.0131513723668 0.0100629999228 0.0162415875835 -0.00808494094514 -0.00534161265304 0.00335462785156 0.0240121200501 0.00717965996291 0.0169921407704 0.0123818416159 0.0112208118935 0.0183608764343 0.187150155373 0.0113476527994 0.0137012761619 0.0092058306629 -0.00573448015936 0.0267863378619 0.013828827171 0.0193328412496 0.00938381139972 0.00715730784535 0.00622615681554 0.00382584741179 0.00904216727039 -0.000548202136428 0.00643844637031 0.0100946132471 0.023606357803 0.0171947944703 0.0202806140247 0.0120059274704 0.00982596201936 0.0117580786621 -0.0258238014269 0.00304248562897 0.0192986978145 -0.00375447015711 0.00753681863089 0.00850644426238 0.00250936398057 0.0159109547449 0.00921497450908 0.0321891235545 0.0166256880567 0.0370854819995 -0.00653026146863 0.0242281536751 0.00202928720647 
0.0159287817922 -0.00149215277275 0.00498379035046 -0.00696371438532 0.0142346513289 0.000658066026122 0.0157411942725 0.00953348214341 0.0136331101495 -0.0122430497644 0.00466970799303 -0.00294385761005 -0.027314696376 0.0250560512114 0.0146367852113 0.00347260341129 -0.0104856594439 0.0129986008228 0.0113765706317 0.00946020979012 0.0483939799394 0.0123980966918 0.0619222696816 0.0113476527994 0.458674156701 -0.00778996859901 0.0393217501602 -0.00492588637851 0.0342711505996 0.00714678995847 0.00310866727706 0.0299104135672 0.0369993802982 0.0155057727193 0.00468661154937 -0.00192346528921 0.0262440241015 -0.0225929283541 0.0186376541035 0.0175045989603 0.00417533164711 0.0217705487175 -0.0103534100753 -0.0191533421395 0.00897720856416 0.0318047335029 0.0101125924944 -0.00660209939284 -0.0150890119203 -0.0190633795608 0.00582128521784 -0.00724441818362 -0.00563377497981 0.0282453647235 0.0267424332534 0.00274557817508 0.112521688992 0.0040773958287 0.00851211203231 0.0132556177534 
0.0260881692013 0.0511725266326 0.00459359435269 0.0427989802305 0.0193308472939 0.00306613160931 0.0567913273357 0.00663896958468 -2.28958115325e-05 0.164700079961 -0.000242786484735 0.00136532474402 0.0547005665272 0.0250500228533 0.00834376858562 -0.00100056494183 0.0153819950567 0.036446883883 0.0150079270629 0.019795470539 0.0177131328528 0.0287900310234 0.0207185381124 0.0137012761619 -0.00778996859901 0.20629908981 0.0110816660812 0.0354731648177 0.00527918600615 -0.00054483665358 0.013862770008 0.0249079380586 0.0128190016275 0.0344343488549 0.0057062769262 0.0297637045632 0.029329773986 -0.00776577641847 0.01686399496 -0.00755655061444 0.0112074874885 0.00737872222339 0.0238826504443 0.0136723638437 0.0367951900025 0.0195559965016 0.0400325476579 0.00378933626296 0.0231821240197 0.00799437774951 0.00152294479082 0.00723114915485 0.00599856645167 0.00617847579386 0.034652971091 0.0221333318586 -0.00159750208934 -0.0166653050415 -0.00264286629087 0.0046316654456 
0.00173853293059 0.0173704498312 0.00516410265185 0.000857621346293 0.00927079507525 0.0119575768122 0.00479251451158 -0.0133892294293 0.0168486170238 0.00747671877055 0.00962632837329 0.0074388915087 -0.00440424213113 0.0283119257672 -0.0106546190019 0.00221205158539 -0.000952603466691 0.0105287840915 0.0172628671816 0.0055640859389 0.0251498785681 0.019185435498 0.0231945829542 0.0092058306629 0.0393217501602 0.0110816660812 0.130052239584 0.00245443317531 0.0350457324134 0.0211507331892 0.00805007565015 0.0215516813465 0.0129827026127 0.01363059258 0.0107868607473 0.0203585732825 0.0303195409209 0.00248411226552 0.0286427273541 0.017056736372 0.0137334205266 0.0133606150664 0.0136196353668 0.00572792269034 0.0104436893713 0.00925847273507 0.0209321712209 0.0192706734847 0.00791198856936 0.00915889797405 0.0149344719141 -0.0125374825714 0.0238795935387 0.0057260531964 0.0157219777942 0.0106056673493 0.0178535466786 0.0140811741577 0.0117373310693 -8.14343144988e-06 
0.00995682549464 0.0335806399639 0.0265447525237 0.00736462287631 0.0299106303662 -0.0106444450734 -0.00763552807423 0.0117512707747 0.00713402270612 0.0167062363812 0.00415862049358 0.00908509456233 0.00380213363515 0.00827288993809 0.0102121078394 0.0523142845656 0.0101795401036 0.0153503253954 0.0309299899249 0.016315502679 0.0537531197776 -0.00878749213685 0.00723398019671 -0.00573448015936 -0.00492588637851 0.0354731648177 0.00245443317531 0.20083450673 0.0301512479228 0.0122950748349 0.0182416952856 0.013877944276 0.0228734542868 0.0113036015863 0.0206026959389 0.00215249001821 0.0185749228171 0.00732507355007 0.0147147354261 0.0293690297179 0.0363090077788 0.0271316728514 0.0179109356549 0.0363482010291 0.0181526808582 0.0271907544701 0.0203106796624 0.0221544263932 0.0338894594128 0.00705902452039 0.0239165221042 -8.58571014754e-06 0.0181590998766 -0.0119025317163 0.0164862647834 0.00504658743676 0.0192421292482 -0.00434061860008 0.0450040263786 0.0196684151524 
0.016455943946 0.0178599749788 0.0353171636223 0.0306363271392 0.0245596787671 0.0214885445813 0.00824756723334 0.006978877166 -0.00096295868433 0.000307999716011 0.0120224311987 -0.00237828744054 0.00153742163082 0.0154014214589 0.00338687633852 0.055129755509 0.0182223688422 0.0211541147285 0.0303490067325 0.012045168872 0.0529401699538 0.00611157637897 0.014697411846 0.0267863378619 0.0342711505996 0.00527918600615 0.0350457324134 0.0301512479228 0.207893697499 0.0224720942993 0.0307391548841 0.0458163294246 0.0199670692136 0.0301130756239 0.0255815145241 0.0206294308462 0.00713742017674 0.00173996296107 0.00550233454989 0.0282661705392 0.0273123318819 0.0190344465771 0.0113700498027 0.0198562570925 0.0163574730348 -0.00248433893453 0.0203791441748 0.0135118145051 0.0227558309211 0.0228955783188 0.0210424202102 0.0120973501718 0.00926333719003 0.0118937385312 -0.000323834259157 0.0398554811224 0.00957870043975 0.0300826935528 0.0407461215914 -0.00765255516114 
0.0623373267846 0.0586565430305 0.0109608741714 0.0259537627454 0.0235772420404 0.00458143603752 0.0435154669063 0.00137983967478 0.00285464690239 0.00491215491965 -0.00635227349323 0.0511625791414 0.00949991651007 0.0276632074513 -0.00110071527885 0.0200341440187 0.00717362989066 -0.0124604785382 0.0656489376574 0.0109444582353 0.0290820532889 0.0233104042013 0.00380582796414 0.013828827171 0.00714678995847 -0.00054483665358 0.0211507331892 0.0122950748349 0.0224720942993 0.289454915398 0.00380900662031 0.0198497497882 0.0198077876393 0.0274113843582 0.0480863911539 0.022512765363 0.00605662002248 -9.0088530558e-05 -0.00835921782894 0.0140665574039 0.014940031426 0.0508927102099 0.0173301976171 0.0246970264915 0.0169437541377 0.033035104476 0.0205456695676 0.0321076077577 0.0156805180596 0.00991065506485 0.0273947759369 0.0444200998722 0.0310816801277 0.0115419880488 0.00499532533634 0.0351051112649 0.00108076792268 0.0154976983133 0.0223701250325 0.0271372812353 
0.0274966962435 0.0234837147684 0.0173407638563 0.018714628089 0.0258917794333 0.0162039651146 0.0335781202303 0.0102029929148 6.03754824966e-05 0.0135568805058 0.000402180784434 0.0116793509624 0.000951829056287 0.000173645794221 -0.00435996201121 0.0217805340376 0.0120785227652 0.00665537289782 0.0257450911236 0.000722752502069 0.0136875282276 0.0242899028895 0.000279698381305 0.0193328412496 0.00310866727706 0.013862770008 0.00805007565015 0.0182416952856 0.0307391548841 0.00380900662031 0.161318465997 0.026577380089 0.00184266796969 0.026155351845 -0.00224970362621 0.0146586234376 0.00220897976592 -0.00386435780965 -0.00221626450156 0.0285107052042 0.00670248190183 0.0135155733589 0.0152796525794 0.0175636604555 0.0247886271943 0.0111366180503 0.00966744040313 0.00704182315868 0.00617415148376 0.0236939693803 0.00754031752576 0.0339124394415 0.0105774070793 0.0169392377611 -0.00182143694668 0.0325871627456 -0.00583775025081 0.0139165830573 -0.00138910148179 0.0145969821145 
-0.00533423568288 0.020840885169 0.0107284010111 0.0308162495603 0.0352859738165 0.0099978815218 0.0406535112344 0.00560998847289 0.00632187303282 0.0261485633109 0.0145133576318 0.0195132552199 0.0265236399309 0.025682595869 0.0164745619641 0.00421271406088 0.0224017807853 0.00515865785555 0.0288831744311 0.0404047167885 0.0460912312254 0.0190037368053 0.00534039230325 0.00938381139972 0.0299104135672 0.0249079380586 0.0215516813465 0.013877944276 0.0458163294246 0.0198497497882 0.026577380089 0.210525443536 0.00506763222141 0.0425120559873 -0.0091014088925 0.00686768948742 0.0113712527035 0.00306125996972 0.0128849601163 0.0158937251365 0.021078462291 0.00263690603734 0.0136984898547 0.0397826778207 0.0235973486965 0.00313695014564 0.0231817221196 0.034442814203 0.0342488728682 0.00818139114698 0.0242729206393 0.0282193240214 0.0285142391338 0.0094106345467 -0.00421115004704 0.0153376159047 0.0181007857101 0.0339172640307 0.00666738468685 0.0196226919183 
0.0376889655905 0.0406691911646 -0.00287695216555 0.0182865935984 0.0100114196753 0.0149159471821 0.0506557375865 0.0205751221842 -0.00695912781654 0.00818348250943 0.00687746178173 -0.012751030082 0.0159875311046 0.00545761720318 0.00770418749524 0.00598661313229 0.0268030871569 0.0103776616136 0.0187008038171 -0.00155228063323 -0.0214987626554 0.00621437379022 0.0048600647479 0.00715730784535 0.0369993802982 0.0128190016275 0.0129827026127 0.0228734542868 0.0199670692136 0.0198077876393 0.00184266796969 0.00506763222141 0.316250112629 0.000395827847658 0.017470872548 0.0228790587559 0.0249412039825 -0.0268112972579 -0.00769895444783 0.0178618487159 0.00989652786351 0.0292971670377 0.0179976238754 -0.00162169157702 0.0189892373608 0.0434328828063 0.0071647395761 0.0187340143356 0.0359177291604 0.0134689781624 0.0160231439745 0.0314037884573 -0.0111796873686 0.00464316181444 -0.012417596611 0.00944145148514 0.0135239248732 -0.00920381563218 0.0112778365502 0.0071953885907 
0.0184889396708 0.0325439384455 0.00870674334071 0.0472259449682 0.0352336471784 0.0306419799906 0.0131504435683 0.00937849625881 -0.00740809222798 0.0289379388507 0.00511552713074 0.0188209857939 -0.0129618726248 -0.00632166636893 0.0028227531548 0.03826784839 0.0259615884896 -0.00255023111092 0.0185583914578 0.00441091146655 0.0554331523503 0.00953824659245 0.00750588213644 0.00622615681554 0.0155057727193 0.0344343488549 0.01363059258 0.0113036015863 0.0301130756239 0.0274113843582 0.026155351845 0.0425120559873 0.000395827847658 0.184385310183 0.0128534294235 0.0024344052178 0.0198078196783 -0.00682286168832 0.00784510385932 0.00946220253501 0.00815370798929 0.0179923545533 0.0163762345876 0.00848684104583 0.0393743254979 -0.000182983422677 0.0204579040769 0.0189365980743 0.0243033975796 0.00451059763373 0.00213381814302 0.0287878044616 0.00565694103314 0.0158494799816 -0.00154305386085 0.0417294540667 -0.00380260514096 0.00977542316256 0.00988190849065 0.00757991842473 
0.0188858502359 0.0196964786459 0.0114216661176 0.0128682501742 -0.00260600010312 0.0241201475318 0.0136651009265 -0.0173172774637 0.0117328978626 0.00519708716472 0.00342271180139 0.00417420198226 -0.00805550891694 0.0242015259653 0.0144371677427 0.00590914877269 -0.0305147374051 0.00100754452917 -0.0151187544179 0.00690810312778 0.0492757151136 -0.0147842796229 0.00697994755723 0.00382584741179 0.00468661154937 0.0057062769262 0.0107868607473 0.0206026959389 0.0255815145241 0.0480863911539 -0.00224970362621 -0.0091014088925 0.017470872548 0.0128534294235 0.325602683785 0.0138805497699 0.00575809245074 -0.0210654016541 -0.00211795613013 0.0153823206753 0.00685852560745 0.00751753967228 -0.00537503769864 -0.00218210494065 -0.0277475282137 0.0304193992361 0.00806352180468 0.00974733664839 0.0221764907839 -0.0258418997129 0.0226993724031 0.0348851212634 0.0420194835905 0.018571547855 -0.0234824689532 0.00950809435117 -8.02877837646e-05 -0.000611679426701 0.0267753855544 -0.000630832972141 
0.0123627011244 0.0280110589367 0.0118051376755 0.016902411251 0.0130100269094 0.0221285586676 0.0348233004824 0.0218057309043 0.016494926664 0.0227895738518 0.016942722709 0.0145905253298 0.0109812462339 0.0205111921379 0.000808704499934 0.0229129926926 0.0132951759448 0.0241466876122 0.0251133854285 0.0139944701626 -0.00919427575255 0.00688192622348 0.00852736164823 0.00904216727039 -0.00192346528921 0.0297637045632 0.0203585732825 0.00215249001821 0.0206294308462 0.022512765363 0.0146586234376 0.00686768948742 0.0228790587559 0.0024344052178 0.0138805497699 0.35762497916 0.00991625433962 -0.023051339055 -0.0142331507819 -0.000306136920544 0.00953521993364 0.00551200057627 0.00800109266374 0.0334460797132 0.0178132534863 0.00997167328296 0.000925953146204 0.00501834131089 -0.0121850706018 0.0166078168707 0.000880763287946 -0.023971797384 0.0313084581999 -0.00266482032225 -0.00652579825425 0.0193579813104 -0.00991231878111 0.0248486858546 0.00867509176155 0.0119940885881 
0.0124176532072 0.0253571973546 0.0155084378881 0.00860600386399 0.0153694471547 0.00539351491164 0.0340911262385 0.00566838048611 0.0141259062638 0.0264385693434 0.0310493470477 -0.00978650738404 0.00387325367907 0.0688040142915 0.0159160987674 0.00171180346775 0.0123315389351 -0.00370869919506 -0.00205155662601 0.0142390617996 0.00248823738727 0.0113657971177 0.00884479399868 -0.000548202136428 0.0262440241015 0.029329773986 0.0303195409209 0.0185749228171 0.00713742017674 0.00605662002248 0.00220897976592 0.0113712527035 0.0249412039825 0.0198078196783 0.00575809245074 0.00991625433962 0.205949936264 0.0181433896661 0.00359748436328 0.0137077592205 0.000171577545899 0.01513445082 0.046150322961 0.00733875195618 0.0153643898405 0.0453097501329 0.0393769455148 -0.00798411840429 0.0234158431456 0.0052416410594 0.00767935784971 0.0218752734355 0.00134421779678 0.0175464489832 0.0251375713649 0.00389688374311 0.00712616007605 -0.0150482507193 1.3711039369e-05 0.0226207234304 
0.0108537592199 -0.0184218460774 0.0147952651126 -0.000203887293502 -0.00774845817556 -0.00392297818209 -0.0204152711025 0.00545018933203 -0.0102513697601 -0.0102995350285 -0.0111532303598 -0.00309729259758 0.0422688674757 -0.00879518107086 -0.0220067319713 0.0207196375727 -0.00240244881999 -0.0180800653874 -0.00503780301224 0.0703432783473 -0.0335969048112 -0.000120774830287 -0.0277448888413 0.00643844637031 -0.0225929283541 -0.00776577641847 0.00248411226552 0.00732507355007 0.00173996296107 -9.00885305581e-05 -0.00386435780965 0.00306125996972 -0.0268112972579 -0.00682286168832 -0.0210654016541 -0.023051339055 0.0181433896661 0.680939899793 0.00187974809966 0.00146397291316 -3.81930166873e-05 -0.00297368718971 0.00394111965914 0.00812357215336 -0.0124300247068 0.00506675044962 -0.0162286403279 -0.00374358998804 -0.00365749271275 -0.0126178432993 -0.00965391180478 0.00344758881437 0.0021665627598 -0.00525080092737 -0.013480508697 0.0188532734652 0.005479466846 -0.035656981799 -0.0222441142727 0.0177565644285 
-0.000168364444022 0.0189788335054 0.00450323571028 0.00222457760873 0.0054322789369 -0.0106751032653 -0.00611687313325 -0.00722997322572 0.0117333595166 0.0221135589828 0.0316348911018 0.0140754154453 0.0257879889736 0.0180688890784 -0.0160064236214 0.00281534758942 0.00663094218705 0.0250348407392 -0.00533195675873 -0.00280651605146 -0.00711303463148 -0.00770246184416 0.00982474297055 0.0100946132471 0.0186376541035 0.01686399496 0.0286427273541 0.0147147354261 0.00550233454989 -0.00835921782894 -0.00221626450156 0.0128849601163 -0.00769895444783 0.00784510385932 -0.00211795613013 -0.0142331507819 0.00359748436328 0.00187974809966 0.251214920357 0.00602115517384 0.019071262062 0.0535325978583 0.0204886960316 -0.0100992824477 0.0286304535922 0.0128221524309 0.0093137012291 0.00571553459357 0.0112029571563 -0.012663075566 0.0110839916741 0.0174410118896 0.00196520340233 -0.00179945713772 0.027450996048 0.0111386631246 -0.00531970752977 0.00283034339539 -0.00389062636448 -0.0043523118423 
