20
0.072987431854 0.142595623168 0.0194782181544 0.0524263551757 0.155431064381 0.0826231173305 0.0291549562933 0.275152850517 0.121962687623 0.0373342989671 0.0206658862902 0.0283013122104 0.126255379542 0.0498180241401 0.0762578269544 0.0307338128464 0.0205902908148 0.0559799775446 0.0449819155318 0.0358419118375 
0.485755059505 0.0366332175838 0.00503792785357 0.0225230540356 0.00996118341214 0.0066004977675 0.0011242460726 0.00728205210227 0.0108229288787 0.014393606573 0.0171271345082 0.0629135357874 -0.00642153047286 -0.00784302148004 0.0228722070379 0.0341848748604 -0.000771555321183 0.0135138768268 0.00864807293559 0.0112324472483 
0.0366332175838 0.454787586135 0.0423734859343 0.0672394378985 0.0581892493192 0.038044605751 0.0153771484967 -0.00286744105374 -0.00113285742352 0.0291722531676 0.0326007706904 0.00411663949146 0.114377233261 0.00189207943375 0.0352175853767 0.00545359619696 0.0307160589343 0.0326089440664 0.0326583786375 0.0441495122518 
0.00503792785357 0.0423734859343 0.186477637921 0.00415159277952 0.0192562634938 0.0187782870945 0.0200507802451 -0.00701652247149 0.026005237139 0.00956201295736 0.0499250520778 0.00111586320571 0.0177080900782 -0.0103837652369 0.0270617569931 0.0239129801631 0.0167263732905 0.0117505110748 0.0704775636092 0.0202852320145 
0.0225230540356 0.0672394378985 0.00415159277952 0.29585787775 0.010352095132 -0.0114519739786 0.0175322739878 -0.0297385681141 0.00824132832087 -0.00453958547213 0.030697034589 0.0277786675954 0.0954287018923 0.00290195364014 -0.008782643725 -0.00505809774557 0.0327211516871 0.0134597445265 0.0148132339336 0.0315679330661 
0.00996118341214 0.0581892493192 0.0192562634938 0.010352095132 0.706562741171 0.0433933560389 0.00266834152075 0.0544136188489 0.0549696817466 0.0331658002883 0.0360755315399 0.024251838777 0.0448278569191 0.0408173502861 -0.0041938645387 0.0111136033758 0.00747336499531 0.00182913441058 0.0214354180743 -0.0105919214333 
0.0066004977675 0.038044605751 0.0187782870945 -0.0114519739786 0.0433933560389 0.210880168202 0.0337371147199 0.0071668651783 0.00989874522998 0.00194360465526 0.0300201180848 -0.00039519827785 0.0241549344676 0.0248226235387 0.00622821417252 0.0141851272894 0.00799844557356 0.00768076643368 0.0323186987642 0.018632724958 
0.0011242460726 0.0153771484967 0.0200507802451 0.0175322739878 0.00266834152075 0.0337371147199 0.179747276684 0.179678465547 0.0100639981627 -0.00193983824179 0.00867075560156 0.0111619615933 0.0417937947744 0.00384240952103 0.0235089964433 0.0169967456743 0.0165887618455 0.0288136692365 0.0353052219103 0.0287766656159 
0.00728205210227 -0.00286744105374 -0.00701652247149 -0.0297385681141 0.0544136188489 0.0071668651783 0.179678465547 2.71270968336 -0.00531683465428 -0.0114651019618 0.00738165996589 -0.00205030101651 0.042219730924 0.050017184559 0.0615251708292 -0.00207048716488 -0.0106312603555 -0.00995578001113 -0.0185566917133 -0.00931136889442 
0.0108229288787 -0.00113285742352 0.026005237139 0.00824132832087 0.0549696817466 0.00989874522998 0.0100639981627 -0.00531683465428 0.414546836463 0.0685440698917 0.0311504470563 0.00751676637362 0.0312750450147 0.147136097692 0.128814479314 0.0190284170643 0.0542893221413 0.0362554526214 0.0180014962593 0.0112006343722 
0.014393606573 0.0291722531676 0.00956201295736 -0.00453958547213 0.0331658002883 0.00194360465526 -0.00193983824179 -0.0114651019618 0.0685440698917 0.264588514372 0.0606193002995 0.000638514773322 0.00385147802128 0.024660083297 0.0416286639046 0.031074775944 0.0532419764445 0.0153690931583 0.0219379474225 0.0234597862583 
0.0171271345082 0.0326007706904 0.0499250520778 0.030697034589 0.0360755315399 0.0300201180848 0.00867075560156 0.00738165996589 0.0311504470563 0.0606193002995 0.232992141403 0.0145377725535 0.0355653207626 0.0245463337404 0.0381574307937 0.0369748566555 0.00348326240423 0.0200214298491 0.0398881105273 0.0339088148869 
0.0629135357874 0.00411663949145 0.00111586320571 0.0277786675954 0.024251838777 -0.00039519827785 0.0111619615933 -0.00205030101651 0.00751676637362 0.000638514773322 0.0145377725535 0.207347673341 -0.00214863621825 0.00362009127048 0.0123463696028 0.029057448563 0.00674263146971 0.0426128735272 0.0167605259164 0.0164494077378 
-0.00642153047286 0.114377233261 0.0177080900782 0.0954287018923 0.0448278569191 0.0241549344676 0.0417937947744 0.042219730924 0.0312750450147 0.00385147802128 0.0355653207626 -0.00214863621825 0.514824640018 0.0282077305944 0.0419815945942 0.014834401209 0.049199645995 0.0453294327778 0.0335529023496 0.0458601545476 
-0.00784302148004 0.00189207943375 -0.0103837652369 0.00290195364014 0.0408173502861 0.0248226235387 0.00384240952103 0.050017184559 0.147136097692 0.024660083297 0.0245463337404 0.00362009127048 0.0282077305944 0.364326749177 0.131392859304 -0.00271436629763 -0.00756027517358 0.0250787652286 -0.00747350058872 0.0157775724746 
0.0228722070379 0.0352175853767 0.0270617569931 -0.008782643725 -0.00419386453869 0.00622821417252 0.0235089964433 0.0615251708292 0.128814479314 0.0416286639046 0.0381574307937 0.0123463696028 0.0419815945942 0.131392859304 0.473547731697 -0.00134857968364 -0.00688552858453 0.0155979443086 0.021997010835 0.0216774927011 
0.0341848748604 0.00545359619696 0.0239129801631 -0.00505809774557 0.0111136033758 0.0141851272894 0.0169967456743 -0.00207048716488 0.0190284170643 0.031074775944 0.0369748566555 0.029057448563 0.014834401209 -0.00271436629763 -0.00134857968364 0.177745674759 0.0262219433263 0.00403378047341 0.0193579327049 0.0212869705456 
-0.000771555321184 0.0307160589343 0.0167263732905 0.0327211516871 0.00747336499531 0.00799844557356 0.0165887618455 -0.0106312603555 0.0542893221413 0.0532419764445 0.00348326240423 0.00674263146971 0.049199645995 -0.00756027517358 -0.00688552858453 0.0262219433263 0.304242709498 0.000735062754465 0.035811530397 0.0261169774418 
0.0135138768268 0.0326089440664 0.0117505110748 0.0134597445265 0.00182913441058 0.00768076643368 0.0288136692365 -0.00995578001113 0.0362554526214 0.0153690931583 0.0200214298491 0.0426128735272 0.0453294327778 0.0250787652286 0.0155979443086 0.00403378047341 0.000735062754465 0.257181207246 0.0168042327119 0.0141098518017 
0.00864807293559 0.0326583786375 0.0704775636092 0.0148132339336 0.0214354180743 0.0323186987642 0.0353052219103 -0.0185566917133 0.0180014962593 0.0219379474225 0.0398881105273 0.0167605259164 0.0335529023496 -0.00747350058872 0.021997010835 0.0193579327049 0.035811530397 0.0168042327119 0.228199706139 0.0215001084179 
0.0112324472483 0.0441495122518 0.0202852320145 0.0315679330661 -0.0105919214333 0.018632724958 0.0287766656159 -0.00931136889442 0.0112006343722 0.0234597862584 0.0339088148869 0.0164494077378 0.0458601545476 0.0157775724746 0.0216774927011 0.0212869705456 0.0261169774418 0.0141098518017 0.0215001084179 0.219688685883 
0.0420676221548 0.00317252970499 0.000436297350362 0.00195055369657 0.000862663788667 0.000571619874428 9.73625658973e-05 0.000630644211225 0.000937293135235 0.00124652289443 0.00148325335781 0.00544847202338 -0.000556120852067 -0.000679225584414 0.00198079123354 0.00296049700543 -6.6818650857e-05 0.00117033606357 0.0007489450856 0.000972758466373 
0.00317252970499 0.0393857602919 0.0036696515266 0.00582310613563 0.00503933681376 0.00329475950574 0.00133170012359 -0.000248327679639 -9.81083307634e-05 0.00252639123288 0.00282330956008 0.000356511437782 0.00990535896188 0.000163858885561 0.00304993235961 0.000472295284855 0.00266008873413 0.00282401739521 0.00282829855464 0.00382345991747 
0.000436297350362 0.0036696515266 0.0161494371677 0.000359538481323 0.00166764133676 0.00162624736634 0.0017364485058 -0.000607648670653 0.00225211959938 0.000828094613239 0.00432363633847 9.66365883292e-05 0.00153356558602 -0.000899260448206 0.00234361690271 0.00207092483015 0.00144854641827 0.00101762410982 0.00610353604824 0.00175675262462 
0.00195055369657 0.00582310613563 0.000359538481323 0.0256220438041 0.000896517736673 -0.000991770038899 0.00151833946596 -0.0025754355459 0.00071371996868 -0.000393139634152 0.00265844117749 0.00240570318209 0.00826436800889 0.000251316557297 -0.000760599257824 -0.000438044114249 0.00283373486021 0.00116564806884 0.00128286368987 0.00273386319802 
0.000862663788667 0.00503933681376 0.00166764133676 0.000896517736673 0.0611901283221 0.00375797486852 0.000231085154295 0.0047123576235 0.00476051408305 0.00287224255865 0.00312423267686 0.00210027084694 0.00388220628891 0.0035348862263 -0.000363199323054 0.000962466285101 0.000647212393769 0.00015840768665 0.00185636165931 -0.000917287303612 
0.000571619874428 0.00329475950574 0.00162624736634 -0.000991770038898 0.00375797486852 0.0182627582817 0.00292171983978 0.000620668730991 0.000857256483476 0.000168321100637 0.0025998184886 -3.4225174815e-05 0.00209187868757 0.00214970225731 0.000539379169362 0.00122846805885 0.000692685705749 0.00066517388521 0.0027988814147 0.00161364131554 
9.73625658973e-05 0.00133170012359 0.0017364485058 0.00151833946596 0.000231085154295 0.00292171983978 0.0155665707869 0.0155606115677 0.000871567807257 -0.000167994919663 0.000750909462095 0.00096665422959 0.00361944879952 0.000332762425695 0.00203593881373 0.00147196135356 0.00143662891756 0.0024953369535 0.00305752190606 0.00249213234596 
0.000630644211225 -0.000248327679639 -0.000607648670653 -0.0025754355459 0.0047123576235 0.000620668730991 0.0155606115677 0.234927549888 -0.000460451387833 -0.000992906955589 0.000639270505256 -0.00017756127657 0.00365633595211 0.00433161524538 0.00532823609103 -0.000179309448299 -0.000920694154208 -0.000862195840413 -0.0016070566434 -0.000806388200658 
0.000937293135235 -9.81083307634e-05 0.00225211959938 0.00071371996868 0.00476051408305 0.000857256483476 0.000871567807258 -0.000460451387833 0.0359008091435 0.0059360905805 0.002697707849 0.000650971063387 0.00270849834872 0.0127423598415 0.0111556611461 0.00164790925715 0.00470159321286 0.00313981429958 0.00155897530667 0.000970003390484 
0.00124652289443 0.00252639123288 0.000828094613239 -0.000393139634152 0.00287224255865 0.000168321100637 -0.000167994919663 -0.000992906955589 0.0059360905805 0.0229140374996 0.0052497854019 5.52970014389e-05 0.000333547780854 0.00213562585947 0.0036051480467 0.00269115453845 0.00461089041487 0.00133100251082 0.00189988197748 0.00203167708671 
0.00148325335781 0.00282330956008 0.00432363633847 0.00265844117749 0.00312423267686 0.0025998184886 0.000750909462095 0.000639270505256 0.002697707849 0.0052497854019 0.0201777113338 0.00125900803457 0.00308004712742 0.00212577485889 0.00330453044105 0.00320211651649 0.000301659373011 0.00173390668694 0.00345441170256 0.00293658951043 
0.00544847202338 0.000356511437782 9.66365883291e-05 0.00240570318209 0.00210027084694 -3.4225174815e-05 0.00096665422959 -0.00017756127657 0.000650971063387 5.52970014388e-05 0.00125900803457 0.0179568352529 -0.000186077354849 0.000313509100425 0.00106922697205 0.00251644886247 0.000583929014113 0.00369038310028 0.00145150412243 0.00142456049781 
-0.000556120852067 0.00990535896188 0.00153356558602 0.00826436800889 0.00388220628891 0.00209187868757 0.00361944879952 0.00365633595211 0.00270849834872 0.000333547780854 0.00308004712742 -0.000186077354849 0.044585121675 0.00244286112779 0.00363571274099 0.00128469682969 0.00426081432889 0.00392564403247 0.00290576658054 0.00397160588597 
-0.000679225584414 0.000163858885561 -0.000899260448206 0.000251316557297 0.0035348862263 0.00214970225731 0.000332762425695 0.00433161524538 0.0127423598415 0.00213562585947 0.00212577485889 0.000313509100425 0.00244286112779 0.0315516220065 0.0113789554033 -0.000235071016893 -0.000654739035992 0.00217188477836 -0.000647224136503 0.0013663778573 
0.00198079123354 0.00304993235961 0.00234361690271 -0.000760599257824 -0.000363199323054 0.000539379169362 0.00203593881373 0.00532823609103 0.0111556611461 0.0036051480467 0.00330453044105 0.00106922697205 0.00363571274099 0.0113789554033 0.0410104365554 -0.000116790426506 -0.000596304267269 0.00135082160181 0.00190499701905 0.00187732593695 
0.00296049700543 0.000472295284855 0.00207092483015 -0.000438044114249 0.000962466285101 0.00122846805885 0.00147196135356 -0.000179309448299 0.00164790925715 0.00269115453845 0.00320211651649 0.00251644886247 0.00128469682969 -0.000235071016893 -0.000116790426506 0.0153932269754 0.00227088690571 0.000349335636326 0.00167644614872 0.00184350572621 
-6.6818650857e-05 0.00266008873413 0.00144854641827 0.00283373486021 0.000647212393769 0.000692685705749 0.00143662891756 -0.000920694154208 0.00470159321286 0.00461089041487 0.000301659373011 0.000583929014113 0.00426081432889 -0.000654739035992 -0.000596304267269 0.00227088690571 0.0263481915341 6.36583018742e-05 0.00310136950722 0.00226179659347 
0.00117033606357 0.00282401739521 0.00101762410982 0.00116564806884 0.00015840768665 0.00066517388521 0.0024953369535 -0.000862195840413 0.00313981429958 0.00133100251082 0.00173390668694 0.00369038310028 0.00392564403247 0.00217188477836 0.00135082160181 0.000349335636326 6.36583018742e-05 0.0222725458851 0.00145528924196 0.00122194901039 
0.0007489450856 0.00282829855464 0.00610353604824 0.00128286368987 0.00185636165931 0.0027988814147 0.00305752190606 -0.0016070566434 0.00155897530667 0.00189988197748 0.00345441170256 0.00145150412243 0.00290576658054 -0.000647224136503 0.00190499701905 0.00167644614872 0.00310136950722 0.00145528924196 0.0197626742652 0.0018619640074 
0.000972758466373 0.00382345991747 0.00175675262462 0.00273386319802 -0.000917287303612 0.00161364131554 0.00249213234596 -0.000806388200658 0.000970003390484 0.00203167708671 0.00293658951043 0.00142456049781 0.00397160588597 0.0013663778573 0.00187732593695 0.00184350572621 0.00226179659347 0.00122194901039 0.0018619640074 0.0190255982899 

['PFE', 'FSL.B', 'STI', 'LLTC', 'MEDI', 'MWV', 'AVY', 'PTV', 'WMB', 'PPL', 'SPG', 'BMY', 'TER', 'MUR', 'OXY', 'CL', 'EMC', 'HON', 'MEL', 'APD']