30
0.752636600207 0.148588071013 0.0373342989671 0.332832739506 0.0521298167044 0.0662185328213 0.0625636206577 0.0833786368315 0.0907505897935 0.0773544805674 -0.0148687542544 0.0904248988876 0.0384658872101 0.101218808556 0.0142076594304 0.0526772687529 0.0262084488718 0.0450347688147 0.00643120824938 0.0146033592013 0.109959402945 0.0216083944488 0.0704328117516 0.0979044774238 0.0147816990943 0.0695206157777 0.0498631258667 0.0524718958424 0.0415957971797 0.0616353203302 
7.41857590605 -0.025919431987 -0.0371937822391 -0.0208003539636 -0.0234174788906 -0.0242208624332 0.0217080812217 0.00603632854338 0.0014150436568 0.0386494167572 -0.015743229974 0.0402803735983 -0.00458819045325 0.0551223391142 0.00134509298271 0.0372963820265 -0.0144401227717 -0.0181162612143 -0.00827398292005 0.00102514807608 0.0191684087271 -0.0131744113192 0.0241099205753 0.00773287373406 -0.0101054318857 -0.000468477004786 0.155824507077 -0.0272577982221 -0.00595777273828 -0.0100294152532 
-0.025919431987 0.471136808695 0.0123954413686 0.0207920592053 0.0201951911183 0.03236487291 0.0281434344998 0.0412537724048 0.0147546957457 0.0495627907475 0.00338081844892 -0.00732536792471 0.0474574405876 0.0464085797361 0.00596091305018 0.00632240972395 0.0230453305887 0.0188961156542 0.0178463253477 0.0258629872934 0.0341384096194 0.00747220660421 0.00891367113023 0.098090261902 0.0175220078116 0.00699945772628 0.0317514848865 0.0215009432258 0.0280440259104 0.0225952731776 
-0.0371937822391 0.0123954413686 0.260888461756 0.0152830076396 0.0120825363458 0.0181617139181 0.00346426453477 0.0486509536686 0.00750080275129 0.00904631798466 0.0427302505661 0.0564554647174 0.0307371264242 -0.0104210322151 0.000216304579579 0.0252547544258 0.0341501890391 0.0588320613589 0.0251295832085 0.0108876519366 0.0290927588013 -0.0054553110954 0.0306409025162 -0.00677166547957 0.00853710941426 0.014566790005 0.0284654173634 0.00465093779469 -0.00305496637778 0.0178479845251 
-0.0208003539636 0.0207920592053 0.0152830076396 0.527129980626 0.0254036123675 0.00895735142257 0.0223124462872 0.0124786586612 0.0347312233743 0.0176245433882 0.0181650279881 0.0039457376789 0.0298831187835 0.031037742299 0.00558722605371 -0.0031496230181 0.0373651560134 0.0252534469198 0.00957037012496 0.020748609903 -0.00261930137781 -0.00622165593129 0.015700893166 0.0620213333341 0.00305865916586 0.0260725892538 0.0162155366913 0.0391141776889 0.0285240197215 0.0192399942675 
-0.0234174788906 0.0201951911183 0.0120825363458 0.0254036123675 0.144355185393 0.0224466933521 0.0177162836771 0.0106269425135 0.0395892848094 0.0229421879439 -0.000663933327789 -0.00859364538127 0.0602545863738 0.022892771008 0.0177132683098 0.0227967658774 0.0359301894352 -0.0103009733866 0.0193406131731 -0.0113647112963 0.00955088973109 0.0383624846542 0.00766187876653 0.0147231986379 0.0236889401196 0.00843807347256 0.02461880988 0.0163804222479 0.0376066005249 0.0339505675613 
-0.0242208624332 0.03236487291 0.018161713918 0.00895735142257 0.0224466933521 0.404902478021 0.0225470136035 0.0215043982701 0.0034239422741 0.0375510338386 0.00428552584943 0.0159264152021 0.0628159429237 0.0118864635144 -0.00245844296995 0.024380575679 -0.00289294138701 0.00874018640937 0.0164828313534 -0.0116694305785 0.0271437103951 0.0212003638316 0.0263925258632 0.00300465679842 0.00701382275169 0.00673690420489 0.00451693150301 0.0123079741555 0.019813753515 0.0492507474095 
0.0217080812217 0.0281434344998 0.00346426453477 0.0223124462872 0.0177162836771 0.0225470136035 0.307333127772 0.0251379873085 0.00394902762561 0.0493263092883 0.00861906942805 0.00462609607068 0.0236943297286 0.055421280492 0.0165358047826 0.0117337796269 0.0492139109849 -0.00398375744446 0.0234605704442 0.00256467767641 0.0422810776567 0.00889418926932 -0.000265338897647 0.0191250175356 0.0162251247003 0.00131357219517 0.0445797417419 0.0104880923444 0.0249636768386 0.0357275504313 
0.00603632854338 0.0412537724048 0.0486509536686 0.0124786586612 0.0106269425135 0.0215043982701 0.0251379873085 0.379899774262 0.0220539604642 0.0291456086904 0.00751621019345 0.0048312417025 0.0230996286686 0.0234632290486 -0.0138344081059 0.00337488870284 0.0426825731358 0.0345576370937 0.0232527881693 0.0171978298814 0.0434293736893 0.00632141055288 0.0322430080963 -0.0121393039138 0.0169160891868 0.00246473658528 0.0191716850355 0.0295560347622 0.027272948365 0.020200065524 
0.0014150436568 0.0147546957457 0.00750080275128 0.0347312233743 0.0395892848094 0.0034239422741 0.00394902762561 0.0220539604642 0.33415395623 0.0279600125723 0.00809299194196 -0.0256639168174 0.0180242509334 0.0350246443404 0.0217545139079 0.0243396848321 0.0385211701296 0.00776686983926 0.0324292473295 0.0179913771144 0.0309961186076 0.0158373916659 0.0035397224919 -0.00240643640321 0.0415581212398 -0.00187042302779 0.0225946724029 0.030562393465 0.059847233299 0.031615233339 
0.0386494167572 0.0495627907475 0.00904631798466 0.0176245433882 0.0229421879439 0.0375510338386 0.0493263092883 0.0291456086904 0.0279600125723 0.288664549211 0.0124665455798 -0.00330667339503 0.0171758801197 0.0874626333051 0.0147945705906 0.031739332788 0.0339848920568 0.0041766351254 0.00567943956841 0.00308418971046 0.026202490344 0.0235752537891 0.00962938673332 0.00941402918127 0.0283520745309 -0.00100631600748 0.0108807679694 0.0258200055972 0.0337473846899 0.03779100125 
-0.015743229974 0.00338081844892 0.0427302505661 0.0181650279881 -0.000663933327785 0.00428552584943 0.00861906942805 0.00751621019346 0.00809299194196 0.0124665455798 0.149179377221 0.0340540961161 0.0252192339756 0.0194005773592 0.021014046953 0.00788034615562 0.0126443188641 0.0551053601241 0.0297508472028 0.0168277840627 0.0180604309315 0.00512941956369 0.00619094714999 0.0182256426454 0.00997321801446 0.0166321333346 0.0290085925404 -0.00532762036898 0.0175905335359 0.0152899924528 
0.0402803735983 -0.00732536792472 0.0564554647174 0.0039457376789 -0.00859364538127 0.0159264152021 0.00462609607068 0.00483124170249 -0.0256639168174 -0.00330667339503 0.0340540961161 0.397144805923 0.000303077370441 0.00208513805338 -0.00438056740072 0.0321051097534 0.0483429606629 0.0414623640728 0.00784452412589 0.0117107905442 0.0310102378906 -0.0100966970919 -0.018709672206 -0.00814503941364 0.0012442900294 -0.0187827978226 0.0476979290522 -0.00763931330216 0.0202719128647 -0.00602115121589 
-0.00458819045325 0.0474574405876 0.0307371264243 0.0298831187834 0.0602545863738 0.0628159429237 0.0236943297286 0.0230996286686 0.0180242509334 0.0171758801197 0.0252192339756 0.000303077370441 0.22571207747 0.039715409338 0.00562361123071 0.0430447811667 0.030945306246 0.00430337950492 0.0223171607913 0.0167524863567 0.0253011638997 0.0314599898881 0.0173256411285 0.0143486565251 0.0322152355295 0.0114006546679 0.0104978509369 0.0120136345958 0.0288744748116 0.0216379531827 
0.0551223391142 0.0464085797361 -0.0104210322151 0.031037742299 0.022892771008 0.0118864635144 0.055421280492 0.0234632290486 0.0350246443404 0.0874626333051 0.0194005773592 0.00208513805339 0.039715409338 0.322760368007 0.00692822419461 0.0214028324867 0.055285337081 0.0275411225643 0.00194358912234 -0.0200409783969 0.0133747884349 0.00568499093992 0.0105823114455 0.0151374566488 0.039922940585 0.0410929704443 0.00730707719091 0.00982657254537 0.0294831699164 0.0469680413608 
0.00134509298271 0.00596091305018 0.00021630457958 0.0055872260537 0.0177132683098 -0.00245844296995 0.0165358047826 -0.0138344081059 0.0217545139079 0.0147945705906 0.021014046953 -0.00438056740072 0.00562361123071 0.00692822419461 0.125786992314 -0.000150907963419 0.0119448799419 0.00538345220628 0.0210090730846 0.00500611808565 0.0206962865178 0.0395527505014 0.0118373256565 -0.000769389324326 -0.00563754508067 0.00101663228165 0.0173591154078 0.00714415805624 0.0191495709684 0.00178372396708 
0.0372963820265 0.00632240972395 0.0252547544258 -0.0031496230181 0.0227967658774 0.024380575679 0.0117337796269 0.00337488870284 0.0243396848321 0.0317393327879 0.00788034615561 0.0321051097534 0.0430447811667 0.0214028324867 -0.000150907963419 0.248494793741 0.0263450194903 0.00774246490794 -0.00730638556431 0.00614125562399 0.0368550145036 -0.00790033991641 0.00595852753389 0.0112791721572 0.0219341232954 0.0231173983893 0.0415199604001 0.0218157841485 0.0246477093062 0.00633278641944 
-0.0144401227717 0.0230453305887 0.0341501890391 0.0373651560134 0.0359301894351 -0.00289294138701 0.0492139109849 0.0426825731358 0.0385211701296 0.0339848920568 0.0126443188641 0.0483429606629 0.030945306246 0.055285337081 0.0119448799419 0.0263450194903 0.320385095575 -0.00661702335718 0.0286872646403 -0.0131023483642 0.014859097421 0.00573437757017 -0.00110342503049 0.0026955719079 0.0235409951605 -0.0062161971446 0.0115426764712 0.00496924049051 0.0461743402916 0.0423962457486 
-0.0181162612143 0.0188961156542 0.0588320613589 0.0252534469198 -0.0103009733866 0.00874018640937 -0.00398375744446 0.0345576370937 0.00776686983926 0.0041766351254 0.0551053601241 0.0414623640728 0.00430337950492 0.0275411225643 0.00538345220627 0.00774246490794 -0.00661702335719 0.199122587532 0.021479859735 -0.000475036368579 0.0110150409129 -0.00756842261396 0.0126913998657 -0.00834764846714 0.0201613874644 0.0100999778739 0.0231389121808 -0.00422829823853 0.000270509178064 0.0248137681874 
-0.00827398292005 0.0178463253477 0.0251295832085 0.00957037012495 0.0193406131731 0.0164828313534 0.0234605704442 0.0232527881693 0.0324292473295 0.00567943956841 0.0297508472028 0.00784452412589 0.0223171607913 0.00194358912234 0.0210090730846 -0.0073063855643 0.0286872646403 0.021479859735 0.200306964056 0.00721209605255 0.0749915802781 0.0413206188989 0.004563637761 0.0203942752416 0.0158760866006 0.0115225893692 0.0257384404548 0.034312354752 0.026117328102 0.0202840284293 
0.00102514807608 0.0258629872934 0.0108876519366 0.020748609903 -0.0113647112963 -0.0116694305785 0.00256467767641 0.0171978298814 0.0179913771144 0.00308418971046 0.0168277840627 0.0117107905442 0.0167524863567 -0.0200409783969 0.00500611808564 0.006141255624 -0.0131023483642 -0.000475036368578 0.00721209605255 0.17596876262 0.0110230683636 0.00290720845961 0.00104273355768 0.00140011183967 0.00562929882836 0.0120394874376 0.00310676675179 0.0288995380276 0.0350572969357 0.0117611426765 
0.0191684087271 0.0341384096194 0.0290927588013 -0.00261930137782 0.00955088973108 0.0271437103951 0.0422810776567 0.0434293736893 0.0309961186076 0.026202490344 0.0180604309315 0.0310102378906 0.0253011638997 0.0133747884349 0.0206962865178 0.0368550145036 0.014859097421 0.0110150409129 0.0749915802781 0.0110230683636 0.409042401824 0.0590733967291 0.0199864772242 0.00431571190442 0.0288115920465 0.000395150970425 0.0342976646134 0.00677885496227 0.0377990028166 0.00914164267602 
-0.0131744113192 0.00747220660421 -0.00545531109539 -0.00622165593129 0.0383624846542 0.0212003638316 0.00889418926932 0.00632141055288 0.0158373916659 0.0235752537891 0.00512941956369 -0.0100966970919 0.0314599898881 0.00568499093992 0.0395527505014 -0.00790033991641 0.00573437757017 -0.00756842261396 0.0413206188989 0.00290720845961 0.0590733967291 0.261119364063 0.0255410198601 0.017590196031 0.0190638117754 0.00130735402017 0.00992729596921 0.0173929263652 0.0160659417109 -0.00560185409861 
0.0241099205753 0.00891367113022 0.0306409025162 0.0157008931659 0.00766187876653 0.0263925258632 -0.000265338897648 0.0322430080963 0.00353972249191 0.00962938673332 0.00619094714999 -0.018709672206 0.0173256411285 0.0105823114456 0.0118373256565 0.00595852753388 -0.00110342503049 0.0126913998657 0.004563637761 0.00104273355768 0.0199864772242 0.0255410198601 0.294278382706 0.0255207150633 -0.00168230789358 0.0177083210152 0.023217404153 0.0314980729586 0.0150589896175 0.0278204766652 
0.00773287373406 0.098090261902 -0.00677166547956 0.0620213333341 0.0147231986379 0.00300465679843 0.0191250175356 -0.0121393039138 -0.0024064364032 0.00941402918127 0.0182256426454 -0.00814503941364 0.0143486565251 0.0151374566488 -0.000769389324325 0.0112791721572 0.00269557190791 -0.00834764846714 0.0203942752416 0.00140011183967 0.00431571190443 0.017590196031 0.0255207150633 0.514754650467 0.0141291661874 0.0343851702523 0.0160485983732 0.0154744536217 0.0161513727146 0.00617721953612 
-0.0101054318857 0.0175220078116 0.00853710941426 0.00305865916586 0.0236889401196 0.00701382275169 0.0162251247003 0.0169160891868 0.0415581212398 0.0283520745309 0.00997321801445 0.0012442900294 0.0322152355295 0.039922940585 -0.00563754508067 0.0219341232954 0.0235409951605 0.0201613874644 0.0158760866006 0.00562929882836 0.0288115920465 0.0190638117754 -0.00168230789358 0.0141291661874 0.213165734492 -0.00641241214345 0.047913744944 0.0251064976997 0.0349651560488 0.0241938991718 
-0.000468477004786 0.0069994577263 0.014566790005 0.0260725892539 0.00843807347256 0.00673690420488 0.00131357219517 0.00246473658527 -0.0018704230278 -0.00100631600749 0.0166321333346 -0.0187827978227 0.0114006546678 0.0410929704443 0.00101663228165 0.0231173983893 -0.00621619714461 0.0100999778739 0.0115225893692 0.0120394874376 0.000395150970408 0.00130735402017 0.0177083210152 0.0343851702523 -0.00641241214346 0.808895987921 0.0148643849824 0.00566701805527 0.0292429150166 -0.00485227352435 
0.155824507077 0.0317514848865 0.0284654173634 0.0162155366913 0.02461880988 0.00451693150301 0.0445797417419 0.0191716850355 0.0225946724029 0.0108807679694 0.0290085925404 0.0476979290522 0.0104978509369 0.00730707719091 0.0173591154078 0.0415199604001 0.0115426764712 0.0231389121808 0.0257384404548 0.00310676675179 0.0342976646134 0.00992729596921 0.023217404153 0.0160485983732 0.047913744944 0.0148643849824 0.263944193937 0.0203577918328 0.0115460829277 -0.00565421388833 
-0.0272577982221 0.0215009432258 0.00465093779469 0.0391141776889 0.0163804222479 0.0123079741555 0.0104880923444 0.0295560347622 0.030562393465 0.0258200055972 -0.00532762036898 -0.00763931330216 0.0120136345958 0.00982657254537 0.00714415805624 0.0218157841485 0.00496924049052 -0.00422829823853 0.034312354752 0.0288995380276 0.00677885496227 0.0173929263652 0.0314980729586 0.0154744536217 0.0251064976997 0.00566701805527 0.0203577918328 0.196206270262 0.0175738805374 0.0147462850471 
-0.00595777273828 0.0280440259104 -0.00305496637777 0.0285240197215 0.0376066005249 0.019813753515 0.0249636768386 0.027272948365 0.059847233299 0.0337473846899 0.0175905335359 0.0202719128647 0.0288744748116 0.0294831699164 0.0191495709684 0.0246477093062 0.0461743402916 0.000270509178062 0.026117328102 0.0350572969357 0.0377990028166 0.0160659417109 0.0150589896175 0.0161513727146 0.0349651560488 0.0292429150166 0.0115460829277 0.0175738805374 0.246213746133 0.0119103729062 
-0.0100294152532 0.0225952731776 0.0178479845251 0.0192399942675 0.0339505675613 0.0492507474095 0.0357275504313 0.020200065524 0.031615233339 0.03779100125 0.0152899924528 -0.00602115121589 0.0216379531827 0.0469680413608 0.00178372396708 0.00633278641945 0.0423962457486 0.0248137681874 0.0202840284293 0.0117611426765 0.00914164267603 -0.00560185409862 0.0278204766652 0.00617721953612 0.0241938991718 -0.00485227352434 -0.00565421388834 0.0147462850471 0.0119103729062 0.287939137512 
0.642467519454 -0.00224468865524 -0.00322107602819 -0.00180136349402 -0.00202801316118 -0.00209758821688 0.00187997498054 0.000522761386416 0.000122546375426 0.00334713767532 -0.00136340370951 0.003488382681 -0.000397348948991 0.00477373459889 0.000116488469348 0.00322996143042 -0.0012505513154 -0.00156891424332 -0.000716547939924 8.87804276527e-05 0.00166003289078 -0.00114093748824 0.00208798037014 0.000669686509795 -0.000875156072919 -4.05712987234e-05 0.0134947981661 -0.00236059457115 -0.000515958254133 -0.000868572839435 
-0.00224468865524 0.0408016444988 0.00107347671163 0.00180064514688 0.00174895485427 0.00280288021303 0.00243729292266 0.00357268149045 0.00127779413409 0.00429226358698 0.000292787466235 -0.000634395471487 0.00410993491474 0.0040191009005 0.000516230213121 0.000547536743408 0.00199578417284 0.00163645161894 0.00154553711153 0.00223980040138 0.00295647299752 0.000647112074157 0.000771946563975 0.0084948658671 0.00151745038901 0.000606170820368 0.00274975925196 0.00186203630389 0.00242868388628 0.00195680805773 
-0.00322107602819 0.00107347671163 0.0225936035435 0.00132354728621 0.00104637834176 0.00157285056293 0.000300014109254 0.00421329617953 0.000649588573139 0.000783434118543 0.00370054825003 0.00488918666278 0.00266191323227 -0.000902487863196 1.87325260871e-05 0.00218712588991 0.00295749312519 0.00509500596938 0.0021762857445 0.000942898316467 0.00251950681881 -0.000472443799416 0.00265357999739 -0.000586443433124 0.000739335362763 0.00126152101959 0.0024651774566 0.000402783028162 -0.000264567849086 0.00154568080051 
-0.00180136349402 0.00180064514688 0.00132354728621 0.0456507954319 0.00220001736582 0.000775729388257 0.00193231453053 0.00108068354057 0.00300781217467 0.00152633023043 0.00157313756981 0.00034171090666 0.00258795400108 0.00268794733071 0.000483867969919 -0.000272765354602 0.0032359174324 0.00218701265657 0.000828818365183 0.00179688232692 -0.000226838153335 -0.00053881120901 0.00135973723438 0.00537120502439 0.000264887653915 0.00225795246363 0.00140430667106 0.00338738715267 0.00247025256969 0.00166623238043 
-0.00202801316118 0.00174895485427 0.00104637834176 0.00220001736582 0.0125015257718 0.00194394066739 0.0015342751725 0.000920320218125 0.00342853263626 0.00198685175778 -5.74983128285e-05 -0.000744231521129 0.00521820024943 0.0019825721256 0.00153401403403 0.0019742578374 0.00311164568136 -0.000892090463652 0.00167494623327 -0.000984212868931 0.000827131313586 0.00332228862628 0.000663538165254 0.00127506640454 0.00205152239323 0.000730758598624 0.0021320514767 0.00141858617914 0.00325682714045 0.0029402053981 
-0.00209758821688 0.00280288021303 0.00157285056293 0.000775729388257 0.00194394066739 0.0350655832021 0.00195262865601 0.0018623355195 0.000296522099046 0.00325201492426 0.000371137425418 0.00137926801563 0.00544002023346 0.00102939793646 -0.000212907406573 0.00211141978969 -0.000250536073281 0.000756922346433 0.00142745506784 -0.00101060233287 0.00235071427551 0.00183600536476 0.00228565978675 0.000260210911709 0.000607414868061 0.000583433018429 0.000391177742876 0.00106590182878 0.00171592138883 0.0042652398412 
0.00187997498054 0.00243729292266 0.000300014109254 0.00193231453053 0.0015342751725 0.00195262865601 0.0266158296075 0.00217701356092 0.000341995824403 0.00427178369186 0.000746433308167 0.000400631671756 0.00205198914706 0.00479962368163 0.00143204270138 0.00101617512393 0.00426204971325 -0.000345003514942 0.00203174499919 0.000222107602029 0.00366164873501 0.00077025938533 -2.29790225974e-05 0.00165627510337 0.001405137017 0.000113758689073 0.00386071888427 0.000908295440751 0.00216191783141 0.00309409662885 
0.000522761386416 0.00357268149045 0.00421329617953 0.00108068354057 0.000920320218125 0.0018623355195 0.00217701356092 0.0329002855403 0.00190992900161 0.00252408375346 0.000650922896771 0.000418397804618 0.0020004865245 0.00203197524109 -0.0011980948866 0.000292273935161 0.00369641926345 0.00299277916179 0.00201375052635 0.00148937575673 0.00376109408854 0.000547450212655 0.00279232641058 -0.00105129455736 0.00146497629685 0.000213452449649 0.00166031662741 0.00255962769392 0.00236190661202 0.00174937699019 
0.000122546375426 0.00127779413409 0.000649588573139 0.00300781217467 0.00342853263626 0.000296522099046 0.000341995824403 0.00190992900161 0.0289385814871 0.00242140811777 0.000700873661436 -0.00222256039245 0.00156094591925 0.00303322317573 0.00188399616912 0.00210787853847 0.00333603119158 0.000672630658869 0.00280845520129 0.00155809896302 0.00268434261329 0.00137155835123 0.000306548960034 -0.000208403505777 0.00359903887273 -0.000161983385789 0.00195675602911 0.00264678091411 0.00518292243831 0.00273795952182 
0.00334713767532 0.00429226358698 0.000783434118543 0.00152633023043 0.00198685175778 0.00325201492426 0.00427178369186 0.00252408375346 0.00242140811777 0.0249990832789 0.00107963451696 -0.000286366316211 0.0014874748516 0.00757448623241 0.00128124739696 0.00274870684935 0.00294317798661 0.000361707212093 0.00049185389455 0.000267098663935 0.00226920222803 0.0020416768682 0.000833929353392 0.000815278842294 0.00245536167938 -8.71495226714e-05 0.000942302147416 0.00223607807731 0.00292260924528 0.00327279671169 
-0.00136340370951 0.000292787466235 0.00370054825003 0.00157313756981 -5.74983128281e-05 0.000371137425418 0.000746433308167 0.000650922896772 0.000700873661436 0.00107963451696 0.0129193130394 0.00294917123394 0.00218404972869 0.00168013928412 0.00181986984976 0.000682457996138 0.00109503013498 0.00477226417521 0.00257649894617 0.00145732884877 0.001564079199 0.000444220764882 0.000536151750538 0.00157838695312 0.0008637060158 0.00144038499869 0.0025122178068 -0.000461385458126 0.00152338489082 0.00132415218878 
0.003488382681 -0.000634395471487 0.00488918666278 0.00034171090666 -0.00074423152113 0.00137926801563 0.000400631671756 0.000418397804618 -0.00222256039245 -0.000286366316211 0.00294917123394 0.034393749091 2.62472702114e-05 0.000180578252463 -0.000379368265201 0.00278038406378 0.00418662320282 0.0035907460588 0.000679355717362 0.00101418421097 0.00268556537907 -0.000874399617588 -0.00162030514269 -0.000705381104704 0.000107758677513 -0.00162663800686 0.00413076182671 -0.000661583938714 0.00175559915241 -0.000521446991299 
-0.000397348948991 0.00410993491474 0.00266191323227 0.00258795400108 0.00521820024943 0.00544002023346 0.00205198914706 0.0020004865245 0.00156094591925 0.0014874748516 0.00218404972869 2.62472702114e-05 0.019547239303 0.00343945534084 0.00048701901868 0.00372778739907 0.00267994213369 0.000372683597338 0.00193272281856 0.00145080787615 0.00219114506825 0.00272451504459 0.00150044453541 0.00124263010609 0.00278992123574 0.000987325656213 0.000909140559648 0.00104041127518 0.00250060287078 0.00187390171421 
0.00477373459889 0.0040191009005 -0.000902487863196 0.00268794733071 0.0019825721256 0.00102939793646 0.00479962368163 0.00203197524109 0.00303322317573 0.00757448623241 0.00168013928412 0.000180578252463 0.00343945534084 0.0279518678029 0.000600001815565 0.00185353966464 0.00478785063689 0.00238513117895 0.000168319755447 -0.00173559964084 0.00115829065549 0.000492334657426 0.00091645505426 0.00131094220066 0.00345742807404 0.00355875563217 0.000632811447474 0.000851006145642 0.00255331741317 0.00406755169844 
0.000116488469348 0.000516230213121 1.87325260872e-05 0.000483867969919 0.00153401403403 -0.000212907406573 0.00143204270138 -0.0011980948866 0.00188399616912 0.00128124739696 0.00181986984976 -0.000379368265201 0.00048701901868 0.000600001815565 0.010893473081 -1.30690129954e-05 0.00103445694749 0.000466220637069 0.00181943910012 0.000433542543651 0.00179235098884 0.00342536867237 0.00102514247314 -6.66310700267e-05 -0.000488225725484 8.80429382217e-05 0.00150334349303 0.000618702236535 0.00165840149302 0.000154475026883 
0.00322996143042 0.000547536743408 0.00218712588991 -0.000272765354602 0.0019742578374 0.00211141978969 0.00101617512393 0.000292273935161 0.00210787853847 0.00274870684935 0.000682457996138 0.00278038406378 0.00372778739907 0.00185353966464 -1.30690129954e-05 0.0215202804088 0.00228154561418 0.000670517129819 -0.000632751550853 0.000531848338151 0.0031917378817 -0.000684189506614 0.00051602362135 0.00097680496218 0.00189955079836 0.00200202542745 0.00359573404706 0.00188930232761 0.00213455424042 0.000548435391598 
-0.0012505513154 0.00199578417284 0.00295749312519 0.0032359174324 0.00311164568136 -0.000250536073281 0.00426204971325 0.00369641926345 0.00333603119158 0.00294317798661 0.00109503013498 0.00418662320282 0.00267994213369 0.00478785063689 0.00103445694749 0.00228154561418 0.0277461631762 -0.000573051032475 0.00248438999435 -0.00113469665326 0.00128683558439 0.000496611665066 -9.55594107577e-05 0.000233443374997 0.00203870998394 -0.000538338464216 0.00099962510517 0.00043034885023 0.00399881516955 0.00367162258434 
-0.00156891424332 0.00163645161894 0.00509500596938 0.00218701265657 -0.000892090463652 0.000756922346433 -0.000345003514942 0.00299277916179 0.000672630658869 0.000361707212093 0.00477226417521 0.0035907460588 0.000372683597338 0.00238513117895 0.000466220637069 0.000670517129819 -0.000573051032476 0.017244521927 0.00186021042003 -4.11393562911e-05 0.000953930525428 -0.000655444625026 0.00109910746933 -0.000722927563441 0.00174602737197 0.000874683741644 0.00200388857645 -0.000366181368934 2.3426782016e-05 0.00214893536139 
-0.000716547939924 0.00154553711153 0.0021762857445 0.000828818365183 0.00167494623327 0.00142745506784 0.00203174499919 0.00201375052635 0.00280845520129 0.00049185389455 0.00257649894617 0.000679355717362 0.00193272281856 0.000168319755447 0.00181943910012 -0.000632751550853 0.00248438999435 0.00186021042003 0.0173470919427 0.000624585839605 0.00649446135907 0.00357847056666 0.00039522262347 0.0017661960451 0.00137490943088 0.000997885511114 0.00222901432877 0.00297153708789 0.00226182696153 0.00175664839108 
8.87804276527e-05 0.00223980040138 0.000942898316467 0.00179688232692 -0.000984212868931 -0.00101060233287 0.000222107602029 0.00148937575673 0.00155809896301 0.000267098663935 0.00145732884877 0.00101418421097 0.00145080787615 -0.00173559964084 0.000433542543651 0.000531848338152 -0.00113469665326 -4.1139356291e-05 0.000624585839604 0.0152393418702 0.000954625723055 0.000251771638012 9.0303375033e-05 0.000121253242129 0.000487511579086 0.00104265019695 0.000269053893068 0.00250277340896 0.00303605097343 0.00101854483354 
0.00166003289078 0.00295647299752 0.00251950681881 -0.000226838153336 0.000827131313586 0.00235071427551 0.00366164873501 0.00376109408854 0.00268434261329 0.00226920222803 0.001564079199 0.00268556537907 0.00219114506825 0.00115829065549 0.00179235098884 0.0031917378817 0.00128683558439 0.000953930525428 0.00649446135907 0.000954625723055 0.0354241111204 0.00511590622552 0.00173087970083 0.000373751614464 0.00249515706358 3.42210778718e-05 0.00297026488457 0.00058706606059 0.00327348966769 0.000791689478975 
-0.00114093748824 0.000647112074157 -0.000472443799416 -0.00053881120901 0.00332228862628 0.00183600536476 0.00077025938533 0.000547450212655 0.00137155835123 0.0020416768682 0.000444220764883 -0.000874399617588 0.00272451504459 0.000492334657425 0.00342536867237 -0.000684189506614 0.000496611665066 -0.000655444625027 0.00357847056666 0.000251771638012 0.00511590622552 0.0226136002699 0.00221191720374 0.00152335566204 0.00165097452905 0.000113220179321 0.000859729050022 0.00150627160784 0.00139135136574 -0.000485134795769 
0.00208798037014 0.000771946563975 0.00265357999739 0.00135973723438 0.000663538165253 0.00228565978675 -2.29790225975e-05 0.00279232641058 0.000306548960034 0.000833929353392 0.000536151750538 -0.00162030514269 0.00150044453541 0.000916455054261 0.00102514247314 0.000516023621349 -9.55594107578e-05 0.00109910746933 0.00039522262347 9.03033750331e-05 0.00173087970083 0.00221191720374 0.0254852555208 0.00221015875676 -0.000145692137283 0.00153358558575 0.00201068618064 0.00272781313524 0.00130414675641 0.00240932395375 
0.000669686509795 0.0084948658671 -0.000586443433123 0.00537120502439 0.00127506640454 0.000260210911709 0.00165627510337 -0.00105129455736 -0.000208403505777 0.000815278842295 0.00157838695312 -0.000705381104703 0.00124263010609 0.00131094220066 -6.66310700266e-05 0.000976804962181 0.000233443374998 -0.00072292756344 0.0017661960451 0.00012125324213 0.000373751614465 0.00152335566204 0.00221015875676 0.0445790604021 0.00122362168526 0.00297784309519 0.00138984938863 0.0013401269946 0.00139874990769 0.000534962904303 
-0.000875156072919 0.00151745038901 0.000739335362764 0.000264887653915 0.00205152239323 0.000607414868061 0.001405137017 0.00146497629685 0.00359903887273 0.00245536167938 0.0008637060158 0.000107758677514 0.00278992123574 0.00345742807404 -0.000488225725484 0.00189955079836 0.00203870998394 0.00174602737197 0.00137490943088 0.000487511579086 0.00249515706358 0.00165097452905 -0.000145692137283 0.00122362168526 0.0184606941286 -0.000555331181577 0.0041494520312 0.0021742864808 0.00302807133855 0.00209525312994 
-4.05712987233e-05 0.000606170820369 0.00126152101959 0.00225795246363 0.000730758598623 0.000583433018429 0.000113758689072 0.000213452449648 -0.00016198338579 -8.71495226718e-05 0.00144038499869 -0.00162663800686 0.000987325656213 0.00355875563217 8.80429382215e-05 0.00200202542745 -0.000538338464216 0.000874683741644 0.000997885511113 0.00104265019695 3.42210778703e-05 0.00011322017932 0.00153358558575 0.0029778430952 -0.000555331181577 0.0700524474559 0.00128729350064 0.000490778159957 0.00253251072851 -0.000420219213819 
0.0134947981661 0.00274975925196 0.0024651774566 0.00140430667106 0.0021320514767 0.000391177742876 0.00386071888427 0.00166031662741 0.00195675602911 0.000942302147416 0.0025122178068 0.00413076182671 0.000909140559648 0.000632811447474 0.00150334349303 0.00359573404706 0.00099962510517 0.00200388857645 0.00222901432877 0.000269053893068 0.00297026488457 0.000859729050023 0.00201068618064 0.00138984938863 0.0041494520312 0.00128729350064 0.0228582377131 0.00176303648922 0.000999920112956 -0.000489669286573 
-0.00236059457115 0.00186203630389 0.000402783028163 0.00338738715267 0.00141858617914 0.00106590182878 0.000908295440751 0.00255962769392 0.00264678091411 0.00223607807731 -0.000461385458126 -0.000661583938714 0.00104041127518 0.000851006145642 0.000618702236535 0.00188930232761 0.00043034885023 -0.000366181368934 0.00297153708789 0.00250277340896 0.00058706606059 0.00150627160784 0.00272781313524 0.0013401269946 0.0021742864808 0.000490778159957 0.00176303648922 0.0169919614429 0.00152194269885 0.00127706574623 
-0.000515958254133 0.00242868388628 -0.000264567849086 0.00247025256969 0.00325682714045 0.00171592138883 0.00216191783141 0.00236190661202 0.00518292243831 0.00292260924528 0.00152338489082 0.00175559915241 0.00250060287078 0.00255331741317 0.00165840149302 0.00213455424043 0.00399881516955 2.34267820159e-05 0.00226182696153 0.00303605097343 0.00327348966769 0.00139135136574 0.00130414675641 0.00139874990769 0.00302807133855 0.00253251072851 0.000999920112956 0.00152194269885 0.0213227358912 0.00103146855053 
-0.000868572839435 0.00195680805772 0.00154568080051 0.00166623238043 0.0029402053981 0.0042652398412 0.00309409662885 0.00174937699019 0.00273795952182 0.00327279671169 0.00132415218878 -0.000521446991299 0.00187390171421 0.00406755169844 0.000154475026883 0.000548435391598 0.00367162258434 0.00214893536139 0.00175664839108 0.00101854483354 0.000791689478976 -0.00048513479577 0.00240932395375 0.000534962904303 0.00209525312994 -0.000420219213819 -0.000489669286573 0.00127706574623 0.00103146855053 0.0249362607829 

['SBL', 'CC', 'PPL', 'EK', 'BK', 'ROH', 'LOW', 'INTU', 'ACE', 'MAR', 'FE', 'APC', 'WM', 'HET', 'PEP', 'GENZ', 'BDK', 'PCG', 'SNV', 'CZN', 'EBAY', 'FRE', 'EDS', 'TEK', 'SAFC', 'FSH', 'PRU', 'BLS', 'MTG', 'ASD']