20
0.0415097954764 0.0578888041786 0.0309991269713 0.106356452037 0.134360436546 0.0723018126246 0.0485945029431 0.073470583658 0.0914492870129 0.122670110856 -0.00694067656108 0.0431320253577 0.256023639664 0.0593939882808 0.0262084488718 0.997925549421 0.0584521455196 0.0392369654355 0.0437038130991 0.282509070746 
0.394975607296 0.12582761445 -0.0130872542904 0.151633209017 0.0420652057574 -0.00539585018838 0.00537991238471 0.082884345291 0.0357714912606 -0.0210122387646 0.0263945616948 -0.0071872545741 0.0362220702074 0.00201326097202 0.00243120871945 0.180530065205 0.0099782531273 -0.00362914235576 0.00218886566076 0.0525037977352 
0.12582761445 0.398969396648 -0.00708592957375 0.118398461535 0.0901509398422 -0.0210599933587 0.000574410672358 0.0973177977761 0.0398854643646 0.0412739573104 0.0154701434555 0.00903808359565 0.0235033340469 0.0374343596292 0.0205730719784 0.0941144779431 0.0351352141513 0.00473603204243 0.00443583413365 0.00290635238231 
-0.0130872542904 -0.00708592957375 0.472748869432 0.0289842101319 0.0155910306492 0.0186216836065 0.00156607622082 -0.0069425164233 0.040497050152 0.0194233489459 0.0381924913267 0.00725563672636 0.00586695394756 -0.00650301405124 0.0284977241787 0.0293161053191 0.12367901719 0.000541269009212 0.005683797725 0.0058444837475 
0.151633209017 0.118398461535 0.0289842101319 0.482009797132 0.0603933012531 0.0422532904394 -0.00246197918318 0.0743745606027 0.10091839332 0.0101480496455 0.0122222516406 0.0158514158798 0.0617066919714 0.000872727435001 0.0436259847868 0.148781537272 0.0385501890492 0.0010350939204 0.0325643545034 0.0420526513742 
0.0420652057574 0.0901509398422 0.0155910306492 0.0603933012531 0.556800204647 0.0174626961109 0.00757830802314 0.0535482432796 0.0288215414156 0.00262744490041 0.00688768103628 0.0249666399297 -0.0141964350051 0.00283825015156 0.060882767764 0.0562162278155 0.0106010934324 0.0156280005075 0.0128011584302 -0.00423723007383 
-0.00539585018838 -0.0210599933587 0.0186216836065 0.0422532904394 0.0174626961109 0.460447270048 0.0179845054536 0.0308354935904 0.0809660013594 0.00376069757825 0.0501408926695 0.0693555937081 0.0638895463354 0.0357767617979 0.080037932488 0.00673952779582 0.010568318465 0.0447427989941 0.0287352733109 0.0474122143196 
0.00537991238471 0.000574410672357 0.00156607622082 -0.00246197918318 0.00757830802314 0.0179845054536 0.141685175997 0.0101280194938 0.0428384498111 0.00850204863418 0.00478506208955 0.0489424640241 0.0222236448233 0.0167301104416 0.017368714274 0.030866976345 0.0201074033422 0.0689104345833 0.0101884574019 -0.0014996371714 
0.082884345291 0.0973177977761 -0.0069425164233 0.0743745606027 0.0535482432796 0.0308354935904 0.0101280194938 0.440077514558 0.0277005368564 -0.000336154690897 0.0431769242579 0.0454516529067 0.0558981125185 0.0114651450712 0.044731890279 0.130767782038 0.0272233563897 0.0239819812189 0.0292595497467 0.0148216187617 
0.0357714912606 0.0398854643646 0.040497050152 0.10091839332 0.0288215414156 0.0809660013594 0.0428384498111 0.0277005368564 0.462560929394 0.00873084862573 0.0511532069898 0.101813075197 0.0522934718007 0.0266443018689 0.0566444898551 0.100503420741 0.021151745561 0.0546582558342 0.0555429607983 0.0400467428628 
-0.0210122387646 0.0412739573104 0.0194233489459 0.0101480496455 0.00262744490041 0.00376069757826 0.00850204863417 -0.0003361546909 0.00873084862572 0.400294178187 0.0195873004273 0.0160814891663 0.00131238353219 -0.00166556813339 0.0209939814891 0.0630894781991 0.0294028096899 0.0114692251633 -0.00169135257133 -0.0101143575302 
0.0263945616948 0.0154701434555 0.0381924913267 0.0122222516406 0.00688768103628 0.0501408926695 0.00478506208955 0.0431769242579 0.0511532069898 0.0195873004273 0.395219038105 -0.00680357424811 0.0523132158232 0.0169957190162 0.0128191811753 -0.0186751835829 0.0280458247846 0.0142752513877 0.0252005122515 0.044303506683 
-0.0071872545741 0.00903808359566 0.00725563672636 0.0158514158798 0.0249666399297 0.0693555937081 0.0489424640241 0.0454516529067 0.101813075197 0.0160814891663 -0.00680357424811 0.383539850043 0.0164572163049 0.034012204033 0.0721614364007 0.0431599113551 0.0215410312335 0.048039310798 0.0152023671463 -0.012134756591 
0.0362220702074 0.0235033340469 0.00586695394756 0.0617066919714 -0.0141964350051 0.0638895463354 0.0222236448233 0.0558981125185 0.0522934718007 0.0013123835322 0.0523132158232 0.0164572163049 0.707469185687 0.00538190014093 0.00741673642655 0.0820527574359 0.0162806346811 0.0319752461988 0.00759366581929 0.0618024304115 
0.00201326097202 0.0374343596292 -0.00650301405125 0.000872727435 0.00283825015156 0.0357767617979 0.0167301104416 0.0114651450712 0.0266443018689 -0.00166556813339 0.0169957190162 0.034012204033 0.00538190014093 0.237582595473 0.0201655055156 0.00248739297522 0.0258436035209 0.0398578223953 0.0201601906105 0.0103117152189 
0.00243120871945 0.0205730719784 0.0284977241787 0.0436259847868 0.060882767764 0.080037932488 0.017368714274 0.044731890279 0.0566444898551 0.0209939814891 0.0128191811753 0.0721614364007 0.00741673642655 0.0201655055156 0.310502703528 0.0158170696784 0.051115698738 0.0340031727165 0.0435313074577 0.00951662623764 
0.180530065205 0.0941144779431 0.0293161053191 0.148781537272 0.0562162278155 0.00673952779583 0.030866976345 0.130767782038 0.100503420741 0.0630894781991 -0.0186751835829 0.0431599113551 0.0820527574359 0.00248739297522 0.0158170696784 11.8112876692 0.0109817865015 0.0504984828606 0.0239946019971 0.15754378944 
0.0099782531273 0.0351352141513 0.12367901719 0.0385501890492 0.0106010934324 0.010568318465 0.0201074033422 0.0272233563897 0.021151745561 0.0294028096899 0.0280458247846 0.0215410312335 0.0162806346811 0.0258436035209 0.051115698738 0.0109817865015 0.315896945757 0.0266278527501 0.0188209737982 0.0166016766734 
-0.00362914235576 0.00473603204243 0.000541269009212 0.0010350939204 0.0156280005075 0.0447427989941 0.0689104345833 0.0239819812189 0.0546582558342 0.0114692251633 0.0142752513877 0.048039310798 0.0319752461988 0.0398578223953 0.0340031727165 0.0504984828606 0.0266278527501 0.175677285271 0.0355259204644 0.00907650406875 
0.00218886566076 0.00443583413365 0.005683797725 0.0325643545034 0.0128011584302 0.0287352733109 0.0101884574019 0.0292595497467 0.0555429607983 -0.00169135257133 0.0252005122515 0.0152023671463 0.00759366581929 0.0201601906105 0.0435313074577 0.0239946019971 0.0188209737982 0.0355259204644 0.213578828919 0.030625229091 
0.0525037977352 0.00290635238231 0.0058444837475 0.0420526513742 -0.00423723007383 0.0474122143196 -0.0014996371714 0.0148216187617 0.0400467428628 -0.0101143575302 0.044303506683 -0.012134756591 0.0618024304115 0.0103117152189 0.00951662623764 0.15754378944 0.0166016766734 0.00907650406875 0.030625229091 0.871997801997 
0.0342058909793 0.0108969910611 -0.00113338946812 0.0131318211066 0.00364295368014 -0.000467294333815 0.000465914079529 0.00717799485981 0.00309790201629 -0.00181971325605 0.00228583609494 -0.000622434504464 0.00313692329773 0.000174353514622 0.000210548851295 0.0156343622615 0.000864142069364 -0.000314292947404 0.000189561326769 0.00454696226339 
0.0108969910611 0.0345517632829 -0.000613659502029 0.0102536075458 0.00780730040784 -0.00182384892522 4.97454234467e-05 0.00842796851144 0.00345418253815 0.00357442955455 0.00133975372327 0.000782720999536 0.00203544843582 0.00324191064133 0.00178168029672 0.00815055287627 0.00304279880225 0.000410152406188 0.000384154504671 0.000251697499543 
-0.00113338946812 -0.000613659502029 0.0409412530538 0.00251010622829 0.00135022286134 0.00161268510644 0.000135626179149 -0.000601239558877 0.003507147421 0.00168211136138 0.00330756677227 0.000628356572566 0.000508093116142 -0.000563177536955 0.00246797530888 0.00253884919464 0.0107109170801 4.68752712258e-05 0.000492231321982 0.000506147139734 
0.0131318211066 0.0102536075458 0.00251010622829 0.041743272919 0.00523021331036 0.0036592422914 -0.000213213651622 0.00644102588772 0.00873978923242 0.000878846879185 0.00105847804122 0.00137277288378 0.00534395628307 7.5580412929e-05 0.00377812110905 0.0128848590892 0.00333854430373 8.9641763037e-05 0.00282015582578 0.00364186643865 
0.00364295368014 0.00780730040784 0.00135022286134 0.00523021331036 0.0482203122057 0.00151231384506 0.000656300726575 0.00463741390082 0.00249601870422 0.00022754340308 0.000596490675058 0.00216217444263 -0.00122944733576 0.000245799673354 0.00527260235363 0.00486846813931 0.000918081622038 0.00135342454498 0.00110861283984 -0.000366954888562 
-0.000467294333815 -0.00182384892522 0.00161268510644 0.0036592422914 0.00151231384506 0.0398759032965 0.00155750385973 0.00267043207875 0.00701186140201 0.000325685963871 0.00434232868202 0.00600637060458 0.00553299701627 0.00309835845821 0.0069314882801 0.00058366022807 0.000915243226601 0.00387484005653 0.00248854766719 0.00410601820504 
0.000465914079529 4.97454234466e-05 0.000135626179149 -0.000213213651622 0.000656300726575 0.00155750385973 0.0122702961753 0.000877112217164 0.00370991857951 0.000736299010141 0.000414398532824 0.00423854171687 0.00192462409817 0.00144887006506 0.00150417477923 0.00267315856528 0.00174135220985 0.0059678186935 0.000882346293543 -0.000129872388689 
0.00717799485981 0.00842796851144 -0.000601239558877 0.00644102588772 0.00463741390082 0.00267043207875 0.000877112217164 0.0381118307242 0.00239893686161 -2.91118501918e-05 0.00373923132646 0.00393622860612 0.00484091854646 0.00099291068897 0.00387389533409 0.0113248221242 0.00235761182097 0.00207690049687 0.00253395133839 0.00128358983728 
0.00309790201629 0.00345418253815 0.003507147421 0.00873978923242 0.00249601870422 0.00701186140201 0.00370991857951 0.00239893686161 0.0400589515654 0.000756113670647 0.00442999767382 0.00881727095584 0.00452874750315 0.00230746422846 0.0049055567199 0.00870385155291 0.00183179489902 0.0047335438079 0.00481016150527 0.0034681496658 
-0.00181971325605 0.00357442955455 0.00168211136138 0.000878846879186 0.00022754340308 0.000325685963872 0.00073629901014 -2.91118501921e-05 0.000756113670647 0.0346664927297 0.00169630997616 0.00139269781487 0.000113655747839 -0.000144242431525 0.00181813212961 0.00546370908319 0.00254635801341 0.00099326403531 -0.000146475429353 -0.000875929056414 
0.00228583609494 0.00133975372327 0.00330756677227 0.00105847804122 0.000596490675058 0.00434232868202 0.000414398532824 0.00373923132646 0.00442999767382 0.00169630997616 0.0342269727059 -0.000589206813539 0.00453045738565 0.00147187244236 0.00111017365536 -0.00161731834032 0.00242883967335 0.00123627303471 0.00218242837982 0.00383679622642 
-0.000622434504464 0.000782720999536 0.000628356572566 0.00137277288378 0.00216217444263 0.00600637060458 0.00423854171687 0.00393622860612 0.00881727095584 0.00139269781487 -0.000589206813539 0.0332155253501 0.00142523673956 0.00294554327313 0.00624936370965 0.00373775796586 0.0018655080272 0.00416032635314 0.00131656361464 -0.00105090074765 
0.00313692329773 0.00203544843582 0.000508093116142 0.00534395628307 -0.00122944733576 0.00553299701627 0.00192462409817 0.00484091854646 0.00452874750315 0.000113655747839 0.00453045738565 0.00142523673956 0.0612686287199 0.000466086224268 0.000642308215857 0.007105977239 0.00140994432235 0.00276913755004 0.000657630750736 0.0053522474752 
0.000174353514622 0.00324191064133 -0.000563177536955 7.5580412929e-05 0.000245799673354 0.00309835845821 0.00144887006506 0.00099291068897 0.00230746422846 -0.000144242431525 0.00147187244236 0.00294554327313 0.000466086224268 0.0205752563177 0.00174638400567 0.000215414550573 0.00223812171745 0.00345178867339 0.00174592372138 0.000893020733616 
0.000210548851295 0.00178168029672 0.00246797530888 0.00377812110905 0.00527260235363 0.0069314882801 0.00150417477923 0.00387389533409 0.0049055567199 0.00181813212961 0.00111017365536 0.00624936370965 0.000642308215857 0.00174638400567 0.0268903229199 0.00136979841549 0.00442674936393 0.00294476113817 0.00376992181184 0.000824164008011 
0.0156343622615 0.00815055287627 0.00253884919464 0.0128848590892 0.00486846813931 0.00058366022807 0.00267315856528 0.0113248221242 0.00870385155291 0.00546370908319 -0.00161731834032 0.00373775796586 0.007105977239 0.000215414550573 0.00136979841549 1.02288751729 0.000951050608926 0.00437329690098 0.00207799348832 0.0136436923864 
0.000864142069364 0.00304279880225 0.0107109170801 0.00333854430373 0.000918081622038 0.000915243226601 0.00174135220985 0.00235761182097 0.00183179489903 0.00254635801341 0.00242883967335 0.0018655080272 0.00140994432235 0.00223812171745 0.00442674936393 0.000951050608926 0.0273574780004 0.00230603969298 0.00162994414332 0.00143774737446 
-0.000314292947404 0.000410152406188 4.68752712259e-05 8.9641763037e-05 0.00135342454498 0.00387484005653 0.0059678186935 0.00207690049687 0.0047335438079 0.00099326403531 0.00123627303471 0.00416032635314 0.00276913755004 0.00345178867339 0.00294476113817 0.00437329690098 0.00230603969298 0.0152140991913 0.0030766349615 0.000786048310109 
0.000189561326769 0.000384154504671 0.000492231321982 0.00282015582578 0.00110861283984 0.00248854766719 0.000882346293543 0.00253395133839 0.00481016150527 -0.000146475429353 0.00218242837982 0.00131656361464 0.000657630750736 0.00174592372138 0.00376992181184 0.00207799348832 0.00162994414332 0.0030766349615 0.0184964691554 0.00265222263895 
0.00454696226339 0.000251697499543 0.000506147139734 0.00364186643865 -0.000366954888561 0.00410601820504 -0.000129872388689 0.00128358983728 0.0034681496658 -0.000875929056414 0.00383679622642 -0.00105090074765 0.0053522474752 0.000893020733616 0.000824164008011 0.0136436923864 0.00143774737446 0.000786048310109 0.00265222263895 0.0755172248573 

['BJS', 'COP', 'ZMH', 'HAL', 'TXU', 'MBI', 'WFC', 'FCX', 'KBH', 'MRK', 'JNY', 'CFC', 'AAPL', 'MHP', 'BDK', 'VIA.B', 'BMET', 'WB', 'LLL', 'AMD']