30
0.0498180241401 0.0946915784272 0.103848753038 0.105790500039 0.0506132512338 0.0617018630506 0.0493934577213 0.0275413533974 0.332832739506 0.0336878097659 0.0479071153807 0.00154943769328 0.0176197090425 0.0762578269544 0.0449819155318 0.0896854693356 0.0485380268731 0.0300827450696 0.11775000089 0.0842142990337 0.0170349265424 0.0566389432936 0.046041615311 0.0493961611292 0.0916609470377 0.0464034886179 0.256023639664 0.0181340887913 0.00646873977314 -0.00277796207049 
0.383759879226 -0.00135155612699 0.0249118209483 -0.0156738796682 0.0017073235601 0.000131065768243 -0.0068772487208 -0.00395531201932 0.0154694200998 0.00974632826542 0.0306509434354 0.0192450143116 -0.00246179149244 0.152001332747 -0.00736680111473 0.0295894503804 -0.0134411736345 0.00114363057646 0.00652487937678 0.0150629763503 -0.0139863837226 0.00849937898012 0.042046595361 -0.00476562494724 0.0265049151227 0.00531443742998 0.0428719775812 0.0168500045889 0.00762232890448 -0.0182776645361 
-0.00135155612699 0.364350116757 -0.00126586696009 -0.00744647655942 0.010978656283 0.0350823310311 0.0126733304468 0.0246185405709 0.0491726351225 0.024025944459 0.0133535410401 0.00200832116637 0.0082997705198 0.00106997402647 0.0436900808714 0.0143055893132 0.014738922112 0.015803449615 0.0182325751138 0.0245478501307 0.0020096601853 0.0083484397733 0.00717355567514 0.00486643922327 0.0794976011554 0.00835842787317 0.0404464225911 0.0162269143833 0.00705000240089 0.0486801705796 
0.0249118209483 -0.00126586696009 0.361157793926 0.00224035007831 -0.00369079842709 -0.0243666686983 0.0136475540845 0.0135434474757 0.0178568430272 0.00940446277331 0.00491774456991 0.0187589650947 0.00302676595312 0.00743980732265 -0.0256504731826 0.0190070743973 0.00604770759513 -0.00763586137896 0.0185198162489 0.0188984938973 0.00399448005189 0.0118297462503 0.00506037370331 0.00107100605532 0.0238611820742 0.0242978722511 0.0410795788523 0.0209751424911 -0.0148072160275 -0.00641818797203 
-0.0156738796682 -0.00744647655942 0.00224035007831 0.548584829957 0.0145113533934 0.012188696419 0.0133359740133 0.0151304662675 0.00961798827554 0.0160928364373 -0.00998571746527 -0.00545267505775 0.0243435214669 0.0228665802305 0.00643962348973 0.0222871246564 0.0293840764125 0.00508443842021 0.00177483282073 0.0359392924265 0.0278571201826 0.000483864370782 0.0168084701206 0.00508986359622 0.0262591462614 0.00733994656871 0.0522104628706 0.0114147645298 0.0376869908614 0.000372013168591 
0.0017073235601 0.010978656283 -0.00369079842709 0.0145113533934 0.149544504335 0.0113451979889 0.0292489949137 0.00826906002734 0.0431247558812 0.0358217990995 0.0124024006655 0.0102784290881 0.00791998474091 0.0173450288659 0.0398823480028 0.0167401686536 0.0389338652856 0.00836262636484 0.018258497777 0.00801436789866 0.0461560413195 -0.00125569469285 0.0370681460025 0.00504885577586 0.00183055986587 0.0148389401645 0.0369842597174 -0.000241356897935 0.0561757162656 0.00681554206662 
0.000131065768242 0.0350823310311 -0.0243666686983 0.012188696419 0.0113451979889 0.259723081919 0.0230100387547 0.0338598037475 0.00230859289135 0.0311360884356 0.0623888013503 0.0112097867708 0.0137592378582 0.0295874076594 0.00867480821617 0.00320549340695 0.00678009041299 0.0308144561353 0.0832764482105 0.0278530097044 0.0242190926879 0.0320860452231 0.0263151681393 0.0115073455643 0.00482395101001 0.00608448800837 0.0139203734434 -0.00382160742217 0.0197107639376 -0.00241937115736 
-0.0068772487208 0.0126733304468 0.0136475540845 0.0133359740133 0.0292489949137 0.0230100387547 0.169256483608 0.0162787299948 0.0113000890016 0.0232999358674 0.00444382786094 0.0169196641771 0.000407323768683 0.024484051174 0.0193614061427 0.0324718722911 0.0252117222767 0.0266516624682 0.0130209596208 0.0313189219981 0.0310339977525 -0.00664669423337 0.0314483214945 0.00113091754071 -0.00809671629619 0.000939928682945 0.0135425315517 0.0139549363017 0.0256239622278 -0.002357159121 
-0.00395531201932 0.0246185405709 0.0135434474757 0.0151304662675 0.00826906002734 0.0338598037475 0.0162787299948 0.193615238668 0.0269621852344 0.0290412075561 0.0372664688016 0.0233129937231 0.0160078135 0.0400459079613 0.0269726986961 0.0164770084139 0.0126921451489 0.0193466422229 0.045173510911 0.00318793257026 0.0206859114382 0.000487130965214 0.0296562560753 0.0160896515489 0.0069465113764 0.00678996575044 0.0327924825796 0.0109093618319 0.0252577951228 0.0100410289615 
0.0154694200998 0.0491726351225 0.0178568430272 0.00961798827554 0.0431247558812 0.00230859289135 0.0113000890016 0.0269621852344 0.53035000124 0.028293436796 0.0118871754237 -0.0110521633963 0.00808143058884 0.0188978118289 0.0104755724551 0.010352736584 0.0123347703162 -0.00869090794158 0.0462545327082 0.0120752415332 0.0248053015728 -0.00173037012542 0.0175721870843 -0.00126578025644 0.0142589098611 0.0132164717906 0.0154472100719 0.0367066566653 -0.00283272748968 -0.01696003164 
0.00974632826542 0.024025944459 0.00940446277331 0.0160928364373 0.0358217990995 0.0311360884356 0.0232999358674 0.0290412075561 0.028293436796 0.345811234101 0.00791624837521 0.0245343912938 0.0155882902476 0.00951934742616 0.0320753704325 0.052968715687 0.0264077519201 0.0107546274134 0.0683785251129 0.0257500727289 0.0431899578532 0.011335350065 0.0266318593678 0.020603350248 0.012761126811 0.00247252264189 0.049532059623 0.0158132077265 0.0512887053328 0.017908022356 
0.0306509434354 0.0133535410401 0.00491774456991 -0.00998571746527 0.0124024006655 0.0623888013503 0.00444382786094 0.0372664688016 0.0118871754237 0.00791624837521 0.23457849596 -0.00435562541715 0.00102381754585 0.0273466450949 0.0253312712334 0.00654556837877 0.0037699177262 0.0106165124406 0.0543658367014 -0.000859160904365 0.011728174699 0.0150871586421 0.0225588742287 0.0107127600768 0.0219489856998 -0.0017651659552 -0.00991335474962 0.0175069805851 0.0262283286252 0.0126917694957 
0.0192450143116 0.00200832116637 0.0187589650947 -0.00545267505775 0.0102784290881 0.0112097867708 0.0169196641771 0.0233129937231 -0.0110521633963 0.0245343912938 -0.00435562541715 0.295998817452 0.0030066080224 0.0217283704716 0.0185178336225 0.00205573789371 0.0233372986687 0.000865620506366 0.0338648129777 0.00989553315329 0.0252840468046 -0.00523985758534 0.00633120286418 0.0148685998336 0.00387788311056 0.00676195843674 0.0149082839631 -0.0115851489883 0.00607111831354 0.0133302344716 
-0.00246179149244 0.0082997705198 0.00302676595312 0.0243435214669 0.00791998474091 0.0137592378582 0.000407323768682 0.0160078135 0.00808143058884 0.0155882902476 0.00102381754585 0.0030066080224 0.194048336951 0.0205726684483 0.012916095067 0.0176167345948 0.00616767946783 -0.00220070615239 0.0437975075981 -0.0175612600459 0.0156289529641 0.000714887203727 0.0124552585406 0.0105149751104 -0.0061369004262 0.00295417520435 0.00878551645917 0.0181475284193 0.0191102417339 0.00397137471042 
0.152001332747 0.00106997402647 0.00743980732265 0.0228665802305 0.0173450288659 0.0295874076594 0.024484051174 0.0400459079613 0.0188978118289 0.00951934742616 0.0273466450949 0.0217283704716 0.0205726684483 0.481069700654 0.023810280834 0.0362832533261 0.00994357571773 0.00643918567626 0.0347727651331 0.0345231922843 0.0093426198956 -0.00789938730214 -0.0266360635539 0.0308468422517 -8.85960602768e-05 -0.0047906752163 0.0665081229422 0.0111438281692 0.00383107249214 0.00439968990515 
-0.00736680111473 0.0436900808714 -0.0256504731826 0.00643962348973 0.0398823480028 0.00867480821617 0.0193614061427 0.0269726986961 0.0104755724551 0.0320753704325 0.0253312712334 0.0185178336225 0.012916095067 0.023810280834 0.216627838393 0.0107110219845 0.0321551085263 0.0147588599444 0.0122844085131 0.047725481343 0.0430894591238 0.000984486325608 0.0522412745435 0.00622673150164 0.00384270029467 0.0112060462625 0.0258515490969 0.035496722966 0.0502637584301 0.00336375882787 
0.0295894503804 0.0143055893132 0.0190070743973 0.0222871246564 0.0167401686536 0.00320549340695 0.0324718722911 0.0164770084139 0.010352736584 0.052968715687 0.00654556837877 0.00205573789371 0.0176167345948 0.0362832533261 0.0107110219845 0.262742629552 0.0119241881099 0.0131026207085 0.0186414133376 0.0130321395291 0.0195282359697 -0.00562750276567 0.0402286723336 0.0045591765005 -0.00296432104496 0.017430553986 0.0469885241295 0.0130706576936 0.0161101573677 0.0101410136777 
-0.0134411736345 0.014738922112 0.00604770759513 0.0293840764125 0.0389338652856 0.00678009041299 0.0252117222767 0.0126921451489 0.0123347703162 0.0264077519201 0.0037699177262 0.0233372986687 0.00616767946783 0.00994357571773 0.0321551085263 0.0119241881099 0.18874841124 0.00260610061115 0.039594499349 0.00713865792698 0.0329206188906 -0.00513478944901 0.0301562652906 -0.0153318821605 0.00880359394912 0.0246870604083 0.0327186807462 0.00955163110604 0.0457682278755 0.0146446419348 
0.00114363057646 0.015803449615 -0.00763586137896 0.00508443842021 0.00836262636484 0.0308144561353 0.0266516624682 0.0193466422229 -0.00869090794158 0.0107546274134 0.0106165124406 0.000865620506366 -0.00220070615238 0.00643918567626 0.0147588599444 0.0131026207085 0.00260610061115 0.157827693074 -0.00868387365169 0.0198716789363 0.00794270696351 0.014406414014 0.0278933956959 -0.00621373832737 -0.0125200326561 0.0116411868792 0.00137425435063 0.000935545965558 0.020322644308 0.0132711790987 
0.00652487937678 0.0182325751138 0.0185198162489 0.00177483282073 0.018258497777 0.0832764482105 0.0130209596208 0.045173510911 0.0462545327082 0.0683785251129 0.0543658367014 0.0338648129777 0.0437975075981 0.0347727651331 0.0122844085131 0.0186414133376 0.039594499349 -0.00868387365169 0.896622005561 -0.0292750523665 0.0242111082867 -0.012856263105 0.0244356145715 0.0119116370144 -0.000428140290627 0.00845239901737 -0.02887210838 0.0636790266385 0.0410977212503 0.036412829608 
0.0150629763503 0.0245478501307 0.0188984938973 0.0359392924265 0.00801436789866 0.0278530097044 0.0313189219981 0.00318793257026 0.0120752415332 0.0257500727289 -0.000859160904365 0.00989553315329 -0.0175612600459 0.0345231922843 0.047725481343 0.0130321395291 0.00713865792698 0.0198716789363 -0.0292750523665 0.535147999593 -0.00629924482033 0.0245499151917 0.0116967944522 0.00769647096733 0.0292147472521 0.0164332297226 0.0581726170461 -0.00312487653412 0.0166278414638 0.0214827278315 
-0.0139863837226 0.0020096601853 0.00399448005189 0.0278571201826 0.0461560413195 0.0242190926879 0.0310339977525 0.0206859114382 0.0248053015728 0.0431899578532 0.011728174699 0.0252840468046 0.0156289529641 0.0093426198956 0.0430894591238 0.0195282359697 0.0329206188906 0.00794270696351 0.0242111082867 -0.00629924482033 0.188310453466 0.0152488670561 0.0277480022042 0.0116355512466 -0.00194909027472 0.0138756492859 0.0352151758652 0.0128855291968 0.053072688448 -0.00255530633109 
0.00849937898012 0.0083484397733 0.0118297462503 0.000483864370782 -0.00125569469285 0.0320860452231 -0.00664669423337 0.000487130965215 -0.00173037012542 0.011335350065 0.0150871586421 -0.00523985758534 0.000714887203727 -0.00789938730214 0.000984486325608 -0.00562750276567 -0.00513478944901 0.014406414014 -0.012856263105 0.0245499151917 0.0152488670561 0.207890450022 0.00474522630439 0.00301217523596 0.00386616520227 -0.00160790013845 0.0118793263952 0.0344470718423 0.00867050660894 0.0251125938827 
0.042046595361 0.00717355567514 0.00506037370331 0.0168084701206 0.0370681460025 0.0263151681393 0.0314483214945 0.0296562560753 0.0175721870843 0.0266318593678 0.0225588742287 0.00633120286418 0.0124552585406 -0.0266360635539 0.0522412745435 0.0402286723336 0.0301562652906 0.0278933956959 0.0244356145715 0.0116967944522 0.0277480022042 0.00474522630439 0.289613984221 0.00245387983317 0.0178438916821 0.00872030181533 0.022918113332 0.056122769283 0.0819472768713 0.0149287687074 
-0.00476562494724 0.00486643922327 0.00107100605532 0.00508986359622 0.00504885577586 0.0115073455643 0.00113091754071 0.0160896515489 -0.00126578025644 0.020603350248 0.0107127600768 0.0148685998336 0.0105149751104 0.0308468422517 0.00622673150164 0.0045591765005 -0.0153318821605 -0.00621373832737 0.0119116370144 0.00769647096733 0.0116355512466 0.00301217523596 0.00245387983317 0.430216019631 0.0100477457241 -0.00431052269766 -0.0173538393455 0.0376861573276 0.0109435795719 0.00284857646805 
0.0265049151227 0.0794976011554 0.0238611820742 0.0262591462614 0.00183055986587 0.00482395101001 -0.00809671629619 0.0069465113764 0.0142589098611 0.012761126811 0.0219489856998 0.00387788311056 -0.0061369004262 -8.85960602769e-05 0.00384270029467 -0.00296432104496 0.00880359394912 -0.0125200326561 -0.000428140290628 0.0292147472521 -0.00194909027472 0.00386616520227 0.0178438916821 0.0100477457241 0.434587492592 0.00435254792604 -0.00868867734437 0.0176301183998 0.00962438066633 0.0261866239885 
0.00531443742998 0.00835842787317 0.0242978722511 0.00733994656871 0.0148389401645 0.00608448800837 0.000939928682945 0.00678996575044 0.0132164717906 0.00247252264189 -0.0017651659552 0.00676195843674 0.00295417520435 -0.0047906752163 0.0112060462625 0.017430553986 0.0246870604083 0.0116411868792 0.00845239901737 0.0164332297226 0.0138756492859 -0.00160790013845 0.00872030181533 -0.00431052269766 0.00435254792604 0.19333380235 0.0114752979377 -0.00222707062534 0.0179792739542 0.00317968054258 
0.0428719775812 0.0404464225911 0.0410795788523 0.0522104628706 0.0369842597174 0.0139203734434 0.0135425315517 0.0327924825796 0.0154472100719 0.049532059623 -0.00991335474962 0.0149082839631 0.00878551645917 0.0665081229422 0.0258515490969 0.0469885241295 0.0327186807462 0.00137425435063 -0.02887210838 0.0581726170461 0.0352151758652 0.0118793263952 0.022918113332 -0.0173538393455 -0.00868867734437 0.0114752979377 0.708407389834 0.00492716423051 0.0308559692935 -0.0150657976339 
0.0168500045889 0.0162269143833 0.0209751424911 0.0114147645298 -0.000241356897935 -0.00382160742217 0.0139549363017 0.0109093618319 0.0367066566653 0.0158132077265 0.0175069805851 -0.0115851489883 0.0181475284193 0.0111438281692 0.035496722966 0.0130706576936 0.00955163110604 0.000935545965558 0.0636790266385 -0.00312487653412 0.0128855291968 0.0344470718423 0.056122769283 0.0376861573276 0.0176301183998 -0.00222707062534 0.00492716423051 0.29236342597 0.0136199156589 0.0493645261434 
0.00762232890448 0.00705000240089 -0.0148072160275 0.0376869908614 0.0561757162656 0.0197107639376 0.0256239622278 0.0252577951228 -0.00283272748968 0.0512887053328 0.0262283286252 0.00607111831354 0.0191102417339 0.00383107249214 0.0502637584301 0.0161101573677 0.0457682278755 0.020322644308 0.0410977212503 0.0166278414638 0.053072688448 0.00867050660894 0.0819472768713 0.0109435795719 0.00962438066633 0.0179792739542 0.0308559692935 0.0136199156589 0.161289185026 -0.00266658609111 
-0.0182776645361 0.0486801705796 -0.00641818797203 0.000372013168591 0.00681554206662 -0.00241937115736 -0.002357159121 0.0100410289615 -0.01696003164 0.017908022356 0.0126917694957 0.0133302344716 0.00397137471042 0.00439968990515 0.00336375882787 0.0101410136777 0.0146446419348 0.0132711790987 0.036412829608 0.0214827278315 -0.00255530633109 0.0251125938827 0.0149287687074 0.00284857646805 0.0261866239885 0.00317968054258 -0.0150657976339 0.0493645261434 -0.00266658609111 0.262409821635 
0.0332345804363 -0.000117048194061 0.00215742697957 -0.00135739779685 0.000147858557552 1.13506284865e-05 -0.000595587210036 -0.000342540068862 0.00133969107882 0.000844056787148 0.0026544495665 0.00166666712901 -0.000213197397127 0.0131637015568 -0.000637983690999 0.00256252157134 -0.00116403978242 9.90413131755e-05 0.000565071129692 0.0013044920176 -0.00121125636108 0.000736067811317 0.00364134197253 -0.000412715226922 0.00229539298214 0.000460243782119 0.00371282216958 0.00145925320279 0.000660113046728 -0.00158289218101 
-0.000117048194061 0.0315536456984 -0.000109627294525 -0.000644883786914 0.000950779524053 0.00303821898969 0.00109754261174 0.00213202815385 0.00425847511871 0.00208070782514 0.00115645057712 0.000173925714903 0.000718781211573 9.26624688314e-05 0.00378367199281 0.00123890037614 0.00127642809734 0.0013686188834 0.00157898732249 0.00212590618215 0.000174041677344 0.000722996092564 0.000621248145014 0.000421445999333 0.00688469421405 0.000723861087387 0.00350276294561 0.0014052920081 0.000610548117591 0.00421582643825 
0.00215742697957 -0.000109627294525 0.0312771824315 0.000194020008119 -0.000319632519811 -0.00211021540983 0.00118191285367 0.00117289695688 0.00154644796929 0.000814450367064 0.000425889172686 0.00162457403208 0.000262125620672 0.000644306214067 -0.00222139613952 0.00164606092797 0.000523746841205 -0.000661284993396 0.0016038631345 0.00163665758083 0.000345932119985 0.00102448607731 0.000438241217971 9.27518451518e-05 0.00206643898406 0.00210425746274 0.00355759588629 0.00181650062453 -0.00128234252391 -0.000555831383004 
-0.00135739779685 -0.000644883786914 0.000194020008119 0.0475088398874 0.0012567200682 0.00105557207379 0.00115492922798 0.00131033681588 0.000832942217992 0.00139368051736 -0.000864788499994 -0.00047221551186 0.00210821080079 0.00198030393773 0.000557687753292 0.00193012161297 0.00254473566399 0.000440325283588 0.000153705031023 0.00311243402354 0.00241249737544 4.19038837083e-05 0.00145565621232 0.000440795117612 0.00227410877441 0.000635658019093 0.00452155871893 0.000988547606099 0.00326378914781 3.22172854542e-05 
0.000147858557552 0.000950779524053 -0.000319632519811 0.0012567200682 0.0129509339751 0.000982522966937 0.00253303726304 0.000716121604909 0.00373471341251 0.00310225880295 0.00107407940443 0.000890138070132 0.000685890798322 0.00150212356272 0.0034539126533 0.00144974113177 0.00337177164049 0.000724224687431 0.00158123229098 0.000694064619551 0.00399723043208 -0.000108746350341 0.00321019561093 0.000437243736194 0.000158531134699 0.00128508991477 0.00320293084555 -2.09021204991e-05 0.00486495973618 0.000590243257026 
1.13506284864e-05 0.00303821898969 -0.00211021540983 0.00105557207379 0.000982522966937 0.0224926786891 0.00199272781037 0.00293234502125 0.000199930009091 0.00269646435597 0.0054030286881 0.000970796011456 0.00119158495219 0.00256234466652 0.000751260428816 0.000277603872208 0.000587173053761 0.0026686101817 0.00721195196872 0.00241214139759 0.00209743495244 0.00277873302702 0.00227896041135 0.000996565358881 0.000417766412128 0.000526932118427 0.00120553970322 -0.000330960911089 0.0017070022298 -0.000209523688346 
-0.000595587210036 0.00109754261174 0.00118191285367 0.00115492922798 0.00253303726304 0.00199272781037 0.014658041456 0.00140977937168 0.000978616414039 0.00201783363677 0.000384846781762 0.00146528590009 3.52752731244e-05 0.00212038103043 0.00167674695725 0.00281214663125 0.00218339919648 0.00230810167506 0.00112764818133 0.00271229820695 0.00268762304347 -0.000575620605729 0.00272350453206 9.79403319844e-05 -0.000701196199974 8.14002117176e-05 0.00117281763553 0.00120853293455 0.00221910022349 -0.000204135967955 
-0.000342540068862 0.00213202815385 0.00117289695688 0.00131033681588 0.000716121604909 0.00293234502125 0.00140977937168 0.0167675715247 0.00233499373545 0.00251504235002 0.00322737086915 0.00201896448025 0.00138631731501 0.00346807736121 0.00233590422794 0.00142695078648 0.00109917201275 0.0016754683643 0.00391214080271 0.00027608305914 0.00179145248059 4.21867790845e-05 0.00256830711424 0.00139340469794 0.000601585531964 0.00058802828307 0.00283991229671 0.000944778448548 0.00218738922199 0.000869578616079 
0.00133969107882 0.00425847511871 0.00154644796929 0.000832942217992 0.00373471341251 0.000199930009091 0.000978616414039 0.00233499373545 0.0459296573971 0.00245028350257 0.00102945958961 -0.0009571454268 0.000699872418886 0.00163659851198 0.000907211186528 0.000896573288044 0.00106822244437 -0.000752654705936 0.00400576003654 0.00104574659246 0.00214820213106 -0.000149854448656 0.00152179604151 -0.000109619785769 0.001234857817 0.00114458003191 0.00133776763399 0.00317888971601 -0.000245321396806 -0.00146878182492 
0.000844056787148 0.00208070782514 0.000814450367064 0.00139368051736 0.00310225880295 0.00269646435597 0.00201783363677 0.00251504235002 0.00245028350257 0.0299481313645 0.00068556721956 0.00212474061269 0.0013499855356 0.00082439966985 0.00277780856303 0.00458722533907 0.00228697840196 0.000931378054824 0.00592175398211 0.00223002171325 0.00374036006892 0.000981670111711 0.00230638667625 0.00178430247178 0.00110514599992 0.000214126741931 0.00428960219353 0.00136946396065 0.00444173217454 0.00155088022918 
0.0026544495665 0.00115645057712 0.000425889172686 -0.000864788499994 0.00107407940443 0.0054030286881 0.000384846781762 0.00322737086915 0.00102945958961 0.00068556721956 0.0203150936683 -0.000377208226062 8.86652003547e-05 0.00236828893605 0.00219375243983 0.000566862849823 0.000326484452107 0.000919416947315 0.00470821956814 -7.44055169118e-05 0.00101568972294 0.0013065862655 0.00195365581628 0.000927752237116 0.00190083792033 -0.00015286785591 -0.00085852170499 0.00151614899303 0.00227143988883 0.00109913948023 
0.00166666712901 0.000173925714903 0.00162457403208 -0.00047221551186 0.000890138070132 0.000970796011456 0.00146528590009 0.00201896448025 -0.0009571454268 0.00212474061269 -0.000377208226062 0.0256342495403 0.000260379892662 0.00188173208112 0.00160369143402 0.000178032123948 0.00202106935028 7.4964934855e-05 0.00293277883331 0.000856978309474 0.00218966268432 -0.000453784978111 0.000548298251689 0.00128765851746 0.000335834528666 0.000585602778555 0.00129109526389 -0.00100330333305 0.000525774268891 0.00115443216908 
-0.000213197397127 0.000718781211573 0.000262125620672 0.00210821080079 0.000685890798322 0.00119158495219 3.52752731244e-05 0.00138631731501 0.000699872418886 0.0013499855356 8.86652003547e-05 0.000260379892662 0.0168050789362 0.00178164534999 0.00111856664458 0.00152565396908 0.000534136710154 -0.000190586743423 0.00379297542024 -0.00152084973222 0.00135350703015 6.19110479268e-05 0.00107865703068 0.000910623556577 -0.000531471166958 0.00025583907742 0.000760848043901 0.0015716220627 0.0016549954814 0.000343931138717 
0.0131637015568 9.26624688314e-05 0.000644306214067 0.00198030393773 0.00150212356272 0.00256234466652 0.00212038103043 0.00346807736121 0.00163659851198 0.00082439966985 0.00236828893605 0.00188173208112 0.00178164534999 0.0416618581757 0.00206203080735 0.00314222191124 0.000861138917601 0.000557649837533 0.00301140979651 0.0029897961538 0.000809094616749 -0.000684107007799 -0.00230675076945 0.00267141490165 -7.67264388749e-06 -0.00041488464386 0.00575977240259 0.000965083828991 0.000331780610193 0.000381024322664 
-0.000637983690999 0.00378367199281 -0.00222139613952 0.000557687753292 0.0034539126533 0.000751260428816 0.00167674695725 0.00233590422794 0.000907211186528 0.00277780856303 0.00219375243983 0.00160369143402 0.00111856664458 0.00206203080735 0.0187605211216 0.00092760171391 0.00278471408452 0.00127815476428 0.00106386098428 0.00413314792509 0.00373165662366 8.52590167655e-05 0.00452422708808 0.000539250766296 0.000332787607431 0.000970472073932 0.00223880982451 0.00307410638397 0.00435296916901 0.000291310059714 
0.00256252157134 0.00123890037614 0.00164606092797 0.00193012161297 0.00144974113177 0.000277603872208 0.00281214663125 0.00142695078648 0.000896573288044 0.00458722533907 0.000566862849823 0.000178032123948 0.00152565396908 0.00314222191124 0.00092760171391 0.0227541791849 0.00103266498227 0.00113472023898 0.00161439375128 0.00112861638979 0.00169119484408 -0.000487356035494 0.00348390522014 0.000394836266977 -0.000256717732991 0.00150953025539 0.00406932555825 0.00113195216068 0.00139518055394 0.000878237546497 
-0.00116403978242 0.00127642809734 0.000523746841205 0.00254473566399 0.00337177164049 0.000587173053761 0.00218339919648 0.00109917201275 0.00106822244437 0.00228697840196 0.000326484452107 0.00202106935028 0.000534136710154 0.000861138917601 0.00278471408452 0.00103266498227 0.0163460919058 0.000225694933407 0.00342898422864 0.000618225911369 0.00285100922676 -0.000444685810592 0.00261160918249 -0.00132777994389 0.000762413600454 0.00213796214584 0.00283352087045 0.000827195518541 0.00396364480263 0.00126826319449 
9.90413131755e-05 0.0013686188834 -0.000661284993396 0.000440325283588 0.000724224687431 0.0026686101817 0.00230810167506 0.0016754683643 -0.000752654705936 0.000931378054824 0.000919416947315 7.4964934855e-05 -0.000190586743423 0.000557649837533 0.00127815476428 0.00113472023898 0.000225694933407 0.0136682791623 -0.000752045518562 0.00172093787746 0.000687858600521 0.00124763205136 0.00241563892705 -0.000538125524397 -0.00108426663364 0.00100815635676 0.000119013917891 8.10206572581e-05 0.00175999262428 0.00114931782376 
0.000565071129692 0.00157898732249 0.0016038631345 0.000153705031023 0.00158123229098 0.00721195196872 0.00112764818133 0.00391214080271 0.00400576003654 0.00592175398211 0.00470821956814 0.00293277883331 0.00379297542024 0.00301140979651 0.00106386098428 0.00161439375128 0.00342898422864 -0.000752045518562 0.0776497434408 -0.00253529390465 0.002096743483 -0.00111338504466 0.0021161862976 0.00103157802551 -3.70780368067e-05 0.000731999227196 -0.00250039793179 0.00551476547572 0.00355916706404 0.00315344354642 
0.0013044920176 0.00212590618215 0.00163665758083 0.00311243402354 0.000694064619551 0.00241214139759 0.00271229820695 0.00027608305914 0.00104574659246 0.00223002171325 -7.44055169118e-05 0.000856978309474 -0.00152084973222 0.0029897961538 0.00413314792509 0.00112861638979 0.000618225911369 0.00172093787746 -0.00253529390465 0.0463451762432 -0.000545530603906 0.00212608502167 0.00101297211385 0.00066653393772 0.00253007132855 0.0014231594406 0.00503789641665 -0.000270622246224 0.00144001331178 0.00186045880446 
-0.00121125636108 0.000174041677344 0.000345932119985 0.00241249737544 0.00399723043208 0.00209743495244 0.00268762304347 0.00179145248059 0.00214820213106 0.00374036006892 0.00101568972294 0.00218966268432 0.00135350703015 0.000809094616749 0.00373165662366 0.00169119484408 0.00285100922676 0.000687858600521 0.002096743483 -0.000545530603906 0.01630816365 0.00132059062495 0.00240304748131 0.00100766829666 -0.000168796169217 0.00120166647756 0.0030497236898 0.00111591956256 0.00459622964431 -0.000221296019717 
0.000736067811317 0.000722996092564 0.00102448607731 4.19038837084e-05 -0.000108746350341 0.00277873302702 -0.000575620605729 4.21867790846e-05 -0.000149854448656 0.000981670111711 0.0013065862655 -0.000453784978111 6.19110479268e-05 -0.000684107007799 8.52590167655e-05 -0.000487356035494 -0.000444685810593 0.00124763205136 -0.00111338504466 0.00212608502167 0.00132059062495 0.0180038410923 0.000410948652631 0.000260862027499 0.00033481972804 -0.000139248236665 0.00102877984381 0.00298320393014 0.000750887898702 0.00217481442573 
0.00364134197253 0.000621248145014 0.000438241217971 0.00145565621232 0.00321019561093 0.00227896041135 0.00272350453206 0.00256830711424 0.00152179604151 0.00230638667625 0.00195365581628 0.000548298251689 0.00107865703068 -0.00230675076945 0.00452422708808 0.00348390522014 0.00261160918249 0.00241563892705 0.0021161862976 0.00101297211385 0.00240304748131 0.000410948652631 0.0250813067627 0.000212512227336 0.00154532634991 0.000755200290074 0.00198476683523 0.00486037439298 0.00709684235415 0.00129286929478 
-0.000412715226922 0.000421445999333 9.27518451518e-05 0.000440795117612 0.000437243736194 0.000996565358881 9.79403319844e-05 0.00139340469794 -0.000109619785769 0.00178430247178 0.000927752237116 0.00128765851746 0.000910623556577 0.00267141490165 0.000539250766296 0.000394836266977 -0.00132777994389 -0.000538125524397 0.00103157802551 0.00066653393772 0.00100766829666 0.000260862027499 0.000212512227336 0.0372578002115 0.000870160304784 -0.000373302215976 -0.00150288657264 0.00326371696167 0.000947741791759 0.000246693958596 
0.00229539298214 0.00688469421405 0.00206643898406 0.00227410877441 0.000158531134699 0.000417766412128 -0.000701196199974 0.000601585531964 0.001234857817 0.00110514599992 0.00190083792033 0.000335834528666 -0.000531471166958 -7.6726438875e-06 0.000332787607431 -0.000256717732991 0.000762413600454 -0.00108426663364 -3.70780368067e-05 0.00253007132855 -0.000168796169217 0.00033481972804 0.00154532634991 0.000870160304784 0.0376363808751 0.000376941707514 -0.000752461530551 0.0015268130406 0.000833495815274 0.00226782816134 
0.000460243782119 0.000723861087387 0.00210425746274 0.000635658019093 0.00128508991477 0.000526932118427 8.14002117176e-05 0.00058802828307 0.00114458003191 0.000214126741931 -0.00015286785591 0.000585602778555 0.00025583907742 -0.00041488464386 0.000970472073932 0.00150953025539 0.00213796214584 0.00100815635676 0.000731999227196 0.0014231594406 0.00120166647756 -0.000139248236665 0.000755200290074 -0.000373302215976 0.000376941707514 0.0167431984245 0.000993789953005 -0.000192869973757 0.00155705079859 0.000275368412579 
0.00371282216958 0.00350276294561 0.00355759588629 0.00452155871893 0.00320293084555 0.00120553970322 0.00117281763553 0.00283991229671 0.00133776763399 0.00428960219353 -0.00085852170499 0.00129109526389 0.000760848043901 0.00575977240259 0.00223880982451 0.00406932555825 0.00283352087045 0.000119013917891 -0.00250039793179 0.00503789641665 0.0030497236898 0.00102877984381 0.00198476683523 -0.00150288657264 -0.000752461530551 0.000993789953005 0.0613498795825 0.000426704939224 0.00267220532666 -0.00130473634792 
0.00145925320279 0.0014052920081 0.00181650062453 0.000988547606099 -2.09021204991e-05 -0.000330960911089 0.00120853293455 0.000944778448548 0.00317888971601 0.00136946396065 0.00151614899303 -0.00100330333305 0.0015716220627 0.000965083828991 0.00307410638397 0.00113195216068 0.000827195518541 8.10206572581e-05 0.00551476547572 -0.000270622246224 0.00111591956256 0.00298320393014 0.00486037439298 0.00326371696167 0.0015268130406 -0.000192869973757 0.000426704939224 0.0253194154027 0.0011795192958 0.00427509336859 
0.000660113046728 0.000610548117591 -0.00128234252391 0.00326378914781 0.00486495973618 0.0017070022298 0.00221910022349 0.00218738922199 -0.000245321396806 0.00444173217454 0.00227143988883 0.000525774268891 0.0016549954814 0.000331780610193 0.00435296916901 0.00139518055394 0.00396364480263 0.00175999262428 0.00355916706404 0.00144001331178 0.00459622964431 0.000750887898702 0.00709684235415 0.000947741791759 0.000833495815274 0.00155705079859 0.00267220532666 0.0011795192958 0.0139680531588 -0.000230933129628 
-0.00158289218101 0.00421582643825 -0.000555831383004 3.22172854542e-05 0.000590243257026 -0.000209523688346 -0.000204135967955 0.000869578616079 -0.00146878182492 0.00155088022918 0.00109913948023 0.00115443216908 0.000343931138717 0.000381024322664 0.000291310059714 0.000878237546497 0.00126826319449 0.00114931782376 0.00315344354642 0.00186045880446 -0.000221296019717 0.00217481442573 0.00129286929478 0.000246693958596 0.00226782816134 0.000275368412579 -0.00130473634792 0.00427509336859 -0.000230933129628 0.0227253571738 

['MUR', 'JBL', 'KG', 'AOC', 'JPM', 'CI', 'AFL', 'SNA', 'EK', 'BBBY', 'MCK', 'SYY', 'KR', 'OXY', 'MEL', 'CCL', 'MI', 'HCR', 'AVP', 'QCOM', 'NTRS', 'LH', 'RF', 'NWL', 'FDX', 'LLY', 'AAPL', 'UST', 'BBT', 'IPG']