60
0.0414486045552 0.112605751981 0.00791209609274 0.0896896089949 0.0194782181544 0.0833786368315 0.176385145314 -0.00648668223639 0.0385950792128 0.114977551813 -0.00694067656108 0.0300827450696 0.171372180847 0.0966324757555 0.0823962853659 0.234070828585 0.099400173405 0.0413413845105 0.0609589558998 0.124759587163 0.0729597235382 0.0038222736377 0.11775000089 0.125840316239 0.204332601919 0.0262084488718 0.0135435889675 0.0797862135264 0.0669670800901 0.0498180241401 0.00851722536111 0.0142076594304 0.0637387331612 0.0360508970818 0.0451759103614 0.0593939882808 0.148588071013 0.282509070746 0.0521298167044 0.142251168296 0.0132966740539 -0.0148687542544 0.234257183995 0.0658076634161 0.0917148498368 0.0339335468557 0.0172523696575 0.0347685991573 0.0445332570478 0.0169596300077 -0.0142899737039 0.155431064381 0.0749299903321 0.105904751354 0.00610402508206 0.0408960175479 0.0088766616328 0.10431458653 0.0161964684659 0.134360436546 
0.30165748982 -0.016330293332 0.0116823425322 0.00351626139214 0.0213206944422 0.011365834822 0.0191582076071 0.0042850940972 0.0192600169198 0.0192165828087 0.021729441196 0.0140872380542 0.025639095615 -0.0112451517271 0.0627790108665 -0.00417244599881 0.0177772109476 0.0208668001919 0.0131332249886 0.0159304240125 -0.0020214302474 0.0327491850389 0.032820535101 0.0220148940117 -0.00735812642644 0.0196048475025 0.0159395300629 0.0156555199367 0.0102242807438 -0.00631109466444 0.00756335521024 -0.00324402096821 0.00335577010797 0.0161038068455 0.0115145049824 0.019676649925 0.00574484593398 0.0506572296226 0.0137602392571 -0.00533411816437 0.018498158014 0.0135092184502 -0.0186903089643 0.0148882606442 0.0108552150037 -0.00568897319418 0.00336172679462 -0.0105647863731 0.0512056718752 0.00697838889381 0.00754557579187 0.0224715402354 0.0230683236503 0.0232435435663 0.0182698817911 0.0239472540845 0.0246673149217 -0.0227249169484 0.0339526753168 -0.0018182697913 
-0.016330293332 0.439352142208 0.00997293107838 0.0456105608074 0.0186180569985 0.0243558621098 0.0335398319646 0.0118607577527 0.0257369025207 0.0162750651446 0.0359343663808 0.00681124293278 0.180537429787 0.0235559910899 0.021732217751 0.03669205158 0.0347700112181 0.0238945187453 -0.00315479767455 0.0370525040891 0.223106506528 0.00564884073417 0.0512076658804 0.011942332411 0.064139076495 0.0297230690649 0.0128102254853 -0.00777647316726 -0.0185383533104 0.101322497555 0.00490726291914 0.00730774388545 0.145432201412 0.0151679014033 0.01308286522 0.00868317826902 -0.0072275068749 0.10175322583 0.0121398734821 -0.0165490820768 -0.00562732866223 0.0222658599718 0.0447371954145 0.000667290872602 0.0181708542656 0.0302677656783 0.00292168092579 0.098426580226 -0.00236734016666 0.0601015756622 -0.00441041953888 0.0373811944643 0.0159776533204 -0.0143586240806 0.00714284915279 0.0304329964244 0.0439173826144 0.00477724168412 0.00997020707734 0.0306357632234 
0.0116823425322 0.00997293107838 0.168740550147 0.013828090932 0.0122330780347 0.0155356644776 0.0127397644715 -0.00656314769869 0.00955365521546 0.00280643442087 -0.00259599906126 0.0168210407756 0.0411308731201 -0.000373136825921 -0.0056034811101 0.0121775380367 -0.00577035190337 0.0251916780532 0.014825571657 -0.00319579527287 0.00240052042683 0.00459807447892 0.0444869309321 0.00974368233809 -0.0102149701115 0.00645958889792 0.026124201979 0.00975320258891 0.00300142734327 0.00505668299569 0.00839877794883 0.0052615993348 0.00310105124811 0.00607045848524 -0.00326514352489 -0.00534184391977 0.0194932523959 0.00795697981985 0.0052488637026 0.00564218973189 -0.00213331923652 0.00665831813668 0.00713203671071 0.00913600560221 0.0166097375612 0.0245766557092 -0.00284172699613 0.0170729689373 0.0127294465277 0.0049690971531 0.0104036925463 0.00476696271215 0.0135011271575 0.0161750672252 0.0242178573271 0.00647554280601 0.00697667931891 -0.00492874404127 0.0069915044253 0.00715669949226 
0.00351626139214 0.0456105608074 0.013828090932 0.4266749918 0.0205687778391 0.0294323779952 0.0293417666806 0.0127079679747 0.0220045141969 0.00631017208438 0.0141272703671 0.000437440616452 -0.0230882462625 0.0617843892827 0.0220209420467 0.0309551053639 0.0495780854778 0.000234192700602 0.0167746524043 0.0247960827672 0.0181380664692 0.00436391302248 0.0263183661763 0.0203363495914 -0.000192066985569 -0.00615266531328 0.0253089074268 0.0111151542654 0.0151156664858 0.00690739645512 -0.00514047704058 0.0115507954367 -0.00585691102256 0.0185254566366 0.031871645754 0.030776287178 -0.00964856482035 0.00428853313864 -0.00168036203694 0.013090530753 0.01258280086 -0.0131103759199 -0.00733643431538 0.0272863216875 0.0139296169904 0.0121985262904 -0.00104774754668 0.0102459368346 0.00108756720451 0.0104914995318 0.021101463411 0.000631683794292 0.0467367658228 0.0586177865786 0.0135295932441 0.0239690957751 0.0148813086848 0.00321597127909 0.00639083741362 0.025591043106 
0.0213206944422 0.0186180569984 0.0122330780347 0.0205687778391 0.149246984273 0.0190204692235 0.0173265408032 0.000123350818315 0.0289016470107 0.0125720945609 0.00437781803621 0.0146861087051 0.0103571877835 0.00867300492911 0.0071363012132 0.000826732990608 0.0323226160598 0.0261514489612 0.0224560137018 0.0194204158625 0.0290171377399 0.0250775815624 0.0419111907204 -0.00965788747959 -0.00863832546357 0.0313826139232 0.00834801278269 0.032408256307 0.0250719146117 -0.0104510588671 0.0144130768454 0.0119335804598 -0.00166303161774 0.0398787618093 0.0132050775799 0.0220423483845 0.0334882819778 0.00309333819519 0.0498010592932 0.0231892659439 0.00263301767763 0.00797195321675 -0.00374308540366 0.0280494082541 0.0302511526397 0.0249417765689 0.0237739514504 0.0139220311986 0.00561572389236 0.0277466844439 0.0121187530113 0.013412064819 0.0136293760322 0.0236431997873 0.0315106199491 0.0136063077204 0.0218418558185 0.00858982970369 0.0195016251253 0.00686748449041 
0.011365834822 0.0243558621098 0.0155356644776 0.0294323779952 0.0190204692235 0.360908347103 0.0177015599317 0.0143370814522 0.0298849256394 0.0173697921125 0.00567075923906 0.029300429703 0.00787706275478 0.0231457551061 -0.0080863012544 -0.00822444717726 0.0111308053387 0.0178010769784 0.0128099783445 0.0308088128306 0.0100998517394 0.0151657646406 0.0259350302979 0.0423987529195 -0.0170991742967 0.0316183588959 0.00923425991992 0.0160467247551 0.0206359160732 0.00968892041226 0.0110946788029 -0.014034708713 0.0109557480873 0.0154446953213 0.0300619364615 0.034312909593 0.0317916034058 0.0209011983429 0.00904652809828 -0.0154106571213 -0.00313094434743 0.00700268889727 0.00557730184631 0.00988423584492 0.0149780424184 0.00509586785968 -0.00422984996058 0.0112769944261 0.0150137356244 0.0241134043903 0.0288719689244 0.0965594251049 0.0341727110706 0.00249251860902 0.00989189577721 0.0207650015745 0.0251390974223 0.0232381755842 0.0289918541387 0.00795474488986 
0.0191582076071 0.0335398319646 0.0127397644715 0.0293417666806 0.0173265408032 0.0177015599317 0.606427860661 -0.00235961741652 0.0130016036502 0.0399681830046 -0.00334445428285 0.00774057265075 0.0122483422147 0.0325840464728 0.0516713325254 0.0420498170444 0.0413054282095 0.0137443247147 0.034028579958 -0.000177879745731 0.0655671999788 -0.0129240744511 -0.0115224185001 0.0241024763478 -0.0286930304451 0.0396155204205 0.0260450174776 0.019055517881 0.0408786004591 0.0165650741963 0.0178406645814 0.0169484267658 0.043981729018 0.0146489812998 0.0407315604445 0.0485897642679 0.059415458918 0.0148687754206 0.0208737644693 0.0713272034015 0.0124394782505 0.018357005517 0.00179267591946 0.0283807466957 0.0316556664307 0.0201480196816 0.00194975790544 0.00836754468962 0.0124141076045 0.0199431045303 0.0326805357597 -0.00713321363526 0.0238457809803 -0.00542774987903 0.00622899066732 -0.0147122653394 0.0400911887157 0.0192006318646 0.011489792158 0.0143049263319 
0.0042850940972 0.0118607577527 -0.00656314769869 0.0127079679747 0.000123350818314 0.0143370814522 -0.00235961741652 0.25497465483 0.014651626799 0.0246806466689 -0.000528705580083 0.00969680012718 0.0083532031438 0.0101793867297 -0.00135006922909 0.00710923140029 0.0113781143749 0.0348312070128 0.0280431364294 0.0234730293387 0.019142400583 0.0149097751098 0.00573709301727 0.0382090541748 -0.01004000486 0.0273735453695 0.0117596567848 0.0146252357508 -0.00311374648973 0.0253018415413 -0.000290965534985 -0.0044529619481 0.00662131605564 0.00705551113866 0.00620956399451 -0.0131595956494 0.0384163414437 0.0194836228151 0.00849618090643 -0.00635702944476 0.00340316082588 0.00520482680042 0.00998802565668 0.00779271006727 0.0162632873528 0.0164875749821 0.00696469840081 0.0121074204812 -0.00940845223731 0.000672474821822 0.00698692247165 0.00244624308522 0.0271133209056 -0.00318896110655 -0.00214923664809 0.0175563280224 0.0322388703625 0.00755104640347 0.0172439467786 0.034939260174 
0.0192600169198 0.0257369025207 0.00955365521546 0.0220045141969 0.0289016470107 0.0298849256394 0.0130016036502 0.014651626799 0.187824407148 0.0114186965859 0.0138194779847 0.0149340405723 0.0186839280762 0.0138251650656 0.00901966196302 -0.00527128815714 0.0269866181574 0.0121980305744 0.0267365972778 0.0428433581352 0.0304523595602 -0.00192434402437 0.0303669405321 0.015733171572 0.00945176236911 0.0299439783359 0.0125927121861 0.0180163896197 0.0193730514603 -0.00271146725047 0.0256659829244 0.0179530409121 0.0125761789676 0.0259348674227 0.00491808375066 0.0192731683093 0.036091420362 0.0109785855611 0.0130659793483 0.0177007936003 0.0090342689346 0.0093801816703 0.0362956240877 0.0120952440708 0.0117001864578 0.0164230336375 0.0224000965526 0.0258170051716 0.00432667140736 0.0166475355388 0.0133899668855 0.00675381123186 0.0156677211307 0.0147546323922 0.00994965846864 0.0354410197338 0.0296201478755 0.0208018546983 0.016712790089 0.010484655952 
0.0192165828087 0.0162750651446 0.00280643442087 0.00631017208438 0.0125720945609 0.0173697921125 0.0399681830046 0.0246806466689 0.0114186965859 0.605633310202 0.0177262082208 -0.000456734259715 0.021059078808 0.0223377426427 -0.010255103834 0.00836211847795 0.00999908809587 -0.000272652284275 -0.0153836691381 0.0238089706644 -0.00109086553151 -0.000814130297004 0.0756267169791 0.0259252866079 0.000296262908516 0.0387913017915 0.0318460629753 -0.0130689028338 0.013378002272 -0.0140829680735 0.0260910332739 0.00157427254733 0.00742636405722 -0.00215845148925 0.0143341563988 0.000345105295121 0.00812076864951 0.00465277678814 0.0188135635227 0.0222202139452 0.00625612234907 0.0263989443396 -0.00333508362644 -0.00813334257849 0.0151705521596 0.00285141804497 0.0195895131764 -0.00958479850322 0.0129131440994 0.00608375663224 0.00630991486442 0.0357515086613 -0.00012476443572 -0.0243830838637 0.00767086265176 0.00403774555507 0.0114647062981 0.0344239930242 0.000277063692725 0.0216347728701 
0.021729441196 0.0359343663808 -0.00259599906126 0.0141272703671 0.0043778180362 0.00567075923906 -0.00334445428285 -0.000528705580083 0.0138194779847 0.0177262082208 0.362160984446 0.0076920778745 -0.00226973471047 0.0387610813189 0.0303490593449 0.0610039137858 0.0609185792498 0.0676029999985 0.0363418830665 -0.0145280950671 0.0192817517501 -2.69638331812e-05 -0.000277093865557 0.0205776203654 -0.00318291469585 0.0131263010242 0.00170344964619 0.0259143028868 -0.0179819418568 0.0397852777775 0.000127193410085 0.00146032293437 -0.0543678942109 0.0214798042519 0.0258293907242 0.0109563449401 0.0170638931756 0.0292071488022 0.0143511967417 0.00948673306283 0.0270088678315 -0.00745632593081 0.0118480286758 -0.010571654906 0.0105091197184 0.0368477516701 0.0226289066996 0.00335503360895 0.00944047199272 0.00719947876964 0.0261649575971 0.0318463973555 0.019216997166 0.0195629432355 0.0159968351236 0.0161135520262 0.0252001589943 0.0845694816476 0.0223802447311 0.00380451519224 
0.0140872380542 0.00681124293278 0.0168210407756 0.000437440616452 0.0146861087051 0.029300429703 0.00774057265075 0.00969680012719 0.0149340405723 -0.000456734259715 0.0076920778745 0.143749701886 -0.00115560178609 -0.0080714436758 0.0134612449177 0.00975632100127 0.00258159020387 0.0181959258973 0.0312936725447 -0.00947054201461 0.0120515692986 0.00283408198416 -0.0128100299343 0.00947248029852 -0.0263119469714 0.00195550894911 0.00811195170235 0.0112350110506 -0.00552989088625 -0.00314653838534 0.0158294309331 0.00809977997159 -0.00579605635682 0.0104983220916 -0.00979123627809 0.00857924784335 0.00980445942068 -0.00834963160284 0.00285921411182 0.0235582118129 -0.000462571098694 0.00901119898425 0.0336014920209 0.00381323787141 0.0166256807937 -0.00934914050461 0.00607672627223 0.0125754604422 0.0276953427663 0.0155243303142 0.0189759054845 0.00161814149975 0.00493226748029 0.00145218754327 0.00420297172303 -0.000630922426343 -0.00128125537568 -0.0113447372683 0.0078746694577 0.00016367909709 
0.025639095615 0.180537429787 0.0411308731201 -0.0230882462625 0.0103571877835 0.00787706275478 0.0122483422147 0.0083532031438 0.0186839280762 0.021059078808 -0.00226973471047 -0.00115560178609 0.517823247777 0.005893309791 -0.0113077865645 0.0311385265528 0.0392468824327 0.0234895035722 0.00581513514807 0.0114552189551 0.15293021109 0.0160781066717 0.0281977366744 0.0366580282854 0.0633955590065 0.0216434618703 0.0165005846296 0.000279783198814 -0.0121464771461 0.141756656621 0.0150355951823 -0.000260683873411 0.136159225924 0.0061612802191 0.0192749163863 -0.000827774638937 -0.0164041196626 0.0548683020517 -0.00567891118904 -0.0368903948438 -0.00698555904445 0.0309926829401 -0.00675028446735 -0.00132541251678 0.011619157438 -0.0115912368877 0.00302345821385 0.120425345613 0.00983225337344 0.0639144867671 0.0158644074984 -0.0155727144466 0.0438471327511 0.0203499580032 0.0112496370762 0.0180508166077 0.0197916029465 -0.0208663480787 -0.00682655704939 0.0934795677873 
-0.0112451517271 0.0235559910899 -0.000373136825921 0.0617843892827 0.00867300492911 0.0231457551061 0.0325840464728 0.0101793867297 0.0138251650656 0.0223377426427 0.0387610813189 -0.0080714436758 0.005893309791 0.441874134628 0.0336133643705 0.0902033854553 0.0620801967743 0.00432848172824 0.00610965783144 0.00979249518854 0.0145320799348 0.0114809239443 0.0215257577261 0.0141425604122 0.017041846105 0.0396309792281 0.0544844487382 0.0625324819685 0.0544231458868 -0.00466951007985 0.0217154892995 0.00839840632654 -0.000597014161514 0.00995497748112 0.054869941556 0.0211646810152 0.012760148911 0.00187520348069 0.0211635834803 0.0249988973604 0.0216029173306 0.00573210774526 -0.0164184035734 0.0131461486006 0.0255562060083 0.0173994652788 0.0109721213427 -0.00191852505098 -0.00214398260528 0.0362407267103 0.0239948786903 -0.0135960174252 0.0458850442848 0.00866521672156 0.0232605452745 0.0174052468661 0.0191968622487 0.0199347322696 0.00301365149848 -0.00286568837167 
0.0627790108665 0.021732217751 -0.0056034811101 0.0220209420467 0.0071363012132 -0.0080863012544 0.0516713325254 -0.00135006922909 0.00901966196302 -0.010255103834 0.0303490593449 0.0134612449177 -0.0113077865645 0.0336133643705 0.315512121332 0.0361248529473 0.0243050301892 0.0086475291869 -0.0147943574583 -0.0260357350193 0.0207266302195 0.0166405739028 -0.0158591418201 0.00405500189877 0.0167343184701 -0.012777926161 0.00585382961671 0.0050423141794 -0.00286145616459 0.00871781615429 0.0233261952942 0.00680344963282 -0.00455815916698 0.0117747364917 0.0238862565152 -0.0029543339435 -0.010312274239 0.0635586019425 0.0175722911635 0.00528035782914 0.0289444901157 0.00150843255837 -0.0141936633527 -0.00292095666575 0.0111075039321 0.0310984156294 -0.00610336396501 0.0128683366535 0.013339353999 0.00673064987458 0.0109821269119 0.0228143539726 0.0156726762162 0.0358357080207 0.00283172403806 0.0177381611183 0.0492899020126 -0.00655877093305 0.0103392477844 -0.00606094095819 
-0.00417244599881 0.03669205158 0.0121775380367 0.0309551053639 0.000826732990608 -0.00822444717726 0.0420498170444 0.00710923140029 -0.00527128815714 0.00836211847795 0.0610039137858 0.00975632100127 0.0311385265528 0.0902033854553 0.0361248529473 0.989952924691 0.114002964283 0.0197116967384 0.0607391301701 0.0669630656414 0.0129094990629 0.0262489250597 -0.0240593166114 0.0633392335694 0.01074090953 0.00553749569116 0.00211238489176 0.0273440293425 0.00995778321983 0.00687772966093 0.0174360296125 0.0148568136621 0.0227445749427 0.0177576846966 0.00713901139475 0.00384677191455 0.034571538156 0.129852440087 0.0240038969372 0.0147237965655 0.0747428231193 0.0222996089936 0.0755000859173 0.0148316282872 -0.00494892989624 0.0522901271188 0.00156646886638 -0.00608943361894 0.0251173321549 -0.0137694755554 0.0403315524535 0.0166732721518 0.0487990363379 0.0212212249535 0.0142580766909 0.0395863821459 -0.00181681105369 0.0854177051939 -0.0117871203498 0.0354631682546 
0.0177772109476 0.0347700112181 -0.00577035190337 0.0495780854778 0.0323226160598 0.0111308053386 0.0413054282095 0.0113781143749 0.0269866181574 0.00999908809587 0.0609185792498 0.00258159020387 0.0392468824327 0.0620801967743 0.0243050301892 0.114002964283 0.305618417676 0.00422933484863 0.0474589115849 0.0256009101278 0.0567638198305 0.0134635318707 0.0436519103216 0.0472669658899 -0.0297709949991 0.0219648890362 0.024830970961 0.0137147969244 0.0447420873493 0.0167904434131 0.00523193600604 0.00416117651419 -0.0186353996205 0.0157397048487 0.0483473382651 0.0143323405995 0.020219578049 0.0363939074057 0.0194107062014 0.0258812191622 0.0450524226629 -0.0047229804069 -0.0253136337531 0.00530591886269 0.00743041360951 0.0158390749797 0.00644080666173 0.0325474465964 0.013175690519 -0.0039890301335 0.0248519728234 7.45667687906e-05 0.0469550186336 -0.00021753344403 -0.0016810900227 0.0220908248167 0.0199567559335 0.0252936312307 0.0149609727375 0.0128866711984 
0.0208668001919 0.0238945187453 0.0251916780532 0.000234192700602 0.0261514489612 0.0178010769784 0.0137443247147 0.0348312070128 0.0121980305744 -0.000272652284275 0.0676029999985 0.0181959258973 0.0234895035722 0.00432848172824 0.0086475291869 0.0197116967384 0.00422933484863 0.227527895068 0.0272155461832 0.00294288618117 0.0167945387836 0.00897703201909 0.0178116731342 0.0364368903501 -0.0205944215411 0.0196777768488 0.0249850151036 0.00275292638235 -0.00787430649681 0.0285953239839 0.0198914614453 0.00639430071318 -0.0233996231663 0.00944110728005 0.0102792138723 0.0124868293602 0.0232190494871 0.0145637216534 0.0175960761156 0.00454851360192 -0.00531312232499 -0.00162885161456 0.0125385144427 0.00946360382204 0.0205587612862 0.0174214419681 0.00173283740615 0.0169055482312 0.00809933582512 -0.00415519840222 0.00154614456903 0.0024216378364 0.0196219593538 0.00529509626457 0.0150247768172 0.0156568802661 0.000699028466963 0.0267446681076 0.0258174135898 0.0195158759058 
0.0131332249886 -0.00315479767455 0.014825571657 0.0167746524043 0.0224560137018 0.0128099783445 0.034028579958 0.0280431364294 0.0267365972778 -0.0153836691381 0.0363418830665 0.0312936725447 0.00581513514807 0.00610965783144 -0.0147943574583 0.0607391301701 0.0474589115849 0.0272155461832 0.421233232444 0.0377162811755 -0.00733930697392 0.0240593061994 0.00933990162608 0.0657498758073 0.0139156323051 0.0447010656878 0.0211702260212 0.0113396572819 0.0263757089562 0.000235751805293 0.00418937361411 0.0080471931298 0.000110511230762 0.0217780204529 0.0172951558218 0.0130880783768 -0.0102676344472 0.0516481373264 0.00287867798343 -0.0026837257354 0.00619580310607 0.0183407661642 0.034632940041 0.0196952022915 0.0131667577649 0.00208313489096 0.0265073773578 0.000287666824746 0.00792533380517 0.00777314267825 0.00422193244623 0.0543385427591 0.0285204651248 0.0507888474663 0.0145027287083 0.0279005716889 0.0238773589024 0.0237818267503 0.00730657008866 0.0211498367599 
0.0159304240125 0.0370525040891 -0.00319579527287 0.0247960827672 0.0194204158625 0.0308088128306 -0.000177879745731 0.0234730293387 0.0428433581352 0.0238089706644 -0.0145280950671 -0.00947054201461 0.0114552189551 0.00979249518854 -0.0260357350193 0.0669630656414 0.0256009101278 0.00294288618117 0.0377162811755 0.284934433569 0.0309192184372 0.0136010617604 0.00505525106486 0.0197168351779 0.0831146474598 0.0377076347289 -0.00538681916822 0.0155368629058 0.0143810505466 -0.00394390219462 0.0152431456581 -0.00433355266234 0.00333430059709 0.0139937738824 0.0326282678262 0.0185590875154 0.0183309436725 0.119997421401 -0.00888906028044 0.00388248788825 0.0117572925426 0.00307199188914 0.0292658993729 0.0229584523818 -0.000124231629719 -0.00471464875983 -0.00794353066663 0.0034849643923 -0.00303539329589 0.00322340121576 -0.0115543917583 0.0233185131819 0.0045062434874 0.0226638688126 0.00362286251416 0.0197410656632 0.0130886900168 0.0593105729233 0.0403086584039 -0.0123932684746 
-0.0020214302474 0.223106506528 0.00240052042683 0.0181380664692 0.0290171377399 0.0100998517394 0.0655671999788 0.019142400583 0.0304523595602 -0.00109086553151 0.0192817517501 0.0120515692986 0.15293021109 0.0145320799348 0.0207266302195 0.0129094990629 0.0567638198305 0.0167945387836 -0.00733930697392 0.0309192184372 0.371476431581 -0.000993813568203 0.0102165598287 -0.0124623209522 0.0201824922664 0.0102251433242 0.000195507726652 0.0177835911409 -0.000783556595565 0.10402588607 0.0139387320525 -0.0151929014141 0.160006026322 0.0182501947051 0.00251958321759 0.00938950783257 -0.0120779060106 0.0852069473876 -0.00476696552055 0.0180786680417 0.015108259608 0.00471161787315 0.0325958435918 0.0018159978337 0.0210522092497 0.00386063944933 0.0137215281008 0.0775159791497 0.00255735835421 0.0323303259868 0.00604220011243 0.016387831645 0.0222302887009 0.00457516982426 -0.020596004141 0.0229902927004 0.0263334269299 0.0150836102626 0.015928138401 0.00840004842231 
0.0327491850389 0.00564884073416 0.00459807447892 0.00436391302248 0.0250775815624 0.0151657646406 -0.0129240744511 0.0149097751098 -0.00192434402437 -0.000814130297004 -2.69638331814e-05 0.00283408198416 0.0160781066717 0.0114809239443 0.0166405739028 0.0262489250597 0.0134635318707 0.00897703201909 0.0240593061994 0.0136010617604 -0.000993813568203 0.208775744774 0.0170653782732 0.0147442967899 -0.0074898231707 0.0172314008674 0.00746273332917 0.00240522202404 0.00108467506658 0.0202113883967 0.00596903731029 0.0185026845157 0.0171077718189 0.0236121999947 0.021844738936 0.0103123613646 0.00395082635412 0.022934644524 0.0123893526926 0.0267763369205 0.00803457091477 0.0164273017269 0.0107916242953 0.00728900879735 0.0329603000725 0.0214900967091 -0.00656096571737 0.0216185471066 -0.00593310321688 0.0248393590477 0.0309478269032 0.0154527192969 0.00298576033454 0.00410814726789 0.00824846013978 -0.00221038236684 0.0217668658356 0.00993712514556 0.00731572708529 0.0196028328906 
0.032820535101 0.0512076658804 0.0444869309321 0.0263183661763 0.0419111907204 0.0259350302979 -0.0115224185001 0.00573709301727 0.0303669405321 0.0756267169791 -0.000277093865557 -0.0128100299343 0.0281977366744 0.0215257577261 -0.0158591418201 -0.0240593166114 0.0436519103216 0.0178116731342 0.00933990162608 0.00505525106486 0.0102165598287 0.0170653782732 0.869522216669 0.0306613248346 -0.0251603602914 0.167866767682 0.0372316167026 0.0198462743114 0.0202186593458 0.000822962547599 0.03829277488 0.00938947436997 0.025389541284 0.0361361500431 0.028250467972 0.0194153227272 0.00315517492594 0.0137381620554 0.0199301442158 0.0651858524095 0.0419978341509 0.013303450955 0.0213519407586 0.0202501900578 0.0515171406127 0.0170641898618 0.0261870604866 0.0104825672464 0.0306495982606 0.0453712037267 -0.012237930306 0.0151972581277 0.0215514935214 0.0262143497246 0.0603678798217 0.0134797267772 -0.0199837667069 0.0526555876983 0.0523122771499 0.0412274191953 
0.0220148940117 0.011942332411 0.00974368233809 0.0203363495914 -0.00965788747959 0.0423987529195 0.0241024763478 0.0382090541748 0.015733171572 0.0259252866079 0.0205776203654 0.00947248029852 0.0366580282854 0.0141425604122 0.00405500189877 0.0633392335694 0.0472669658899 0.0364368903501 0.0657498758073 0.0197168351779 -0.0124623209522 0.0147442967899 0.0306613248346 0.356199296318 -0.0247273649569 0.054282732437 0.00930864550733 0.00208925747023 0.0238403777102 0.0279678754229 0.0183024302714 0.0163584872227 0.0216774964485 0.0118466241361 0.0504106032342 0.0142714463621 0.0256724253499 0.0613030449105 0.0302678430697 0.0654047172646 -0.000502848856678 0.00555940932415 0.083116367299 -0.00839119376364 0.0329472504487 0.0204610630535 0.013155889805 -0.000643571772401 -0.00792236904943 0.02428898145 -0.00904157291923 0.0101721393927 0.0850018342971 0.0149478538709 0.0226724337881 -0.0137745499356 -0.000349357833895 0.0214855982116 0.0191991758644 0.0456892775476 
-0.00735812642644 0.064139076495 -0.0102149701115 -0.000192066985569 -0.00863832546357 -0.0170991742967 -0.0286930304451 -0.01004000486 0.00945176236911 0.000296262908515 -0.00318291469585 -0.0263119469714 0.0633955590065 0.017041846105 0.0167343184701 0.01074090953 -0.0297709949991 -0.0205944215411 0.0139156323051 0.0831146474598 0.0201824922664 -0.0074898231707 -0.0251603602914 -0.0247273649569 1.4179914542 -0.0219317316623 0.0125241604304 -0.0272243464176 -0.00626653076826 0.0253491671622 0.0220822421635 0.00209599084748 0.0551627237219 -0.000132510747981 0.000688950235732 0.00573416187125 -0.0112199682758 0.0308971001709 -0.00409937738277 0.0189501076376 0.031802963197 0.00995111513747 -0.0596593842636 -0.0184118061904 0.00121529720133 -0.010781811866 -0.0024989065617 0.00843082384066 -0.0173990634437 -0.00672708427262 0.00300630465307 0.0433010978576 -0.025662564856 -0.00871726451616 0.0312117079086 0.0181748580826 0.0671846565622 0.0100924326553 -0.0305386059691 -0.00955679889031 
0.0196048475025 0.0297230690649 0.00645958889792 -0.00615266531328 0.0313826139232 0.0316183588959 0.0396155204205 0.0273735453695 0.0299439783359 0.0387913017915 0.0131263010242 0.00195550894912 0.0216434618703 0.0396309792281 -0.012777926161 0.00553749569116 0.0219648890362 0.0196777768488 0.0447010656878 0.0377076347289 0.0102251433242 0.0172314008674 0.167866767682 0.054282732437 -0.0219317316623 0.255115916275 0.0239232612203 0.0190306583063 0.0462866164607 -0.000438865997159 0.010873065656 0.00750722299938 0.00752165919611 0.0103751356955 0.0492889728658 0.010640266613 0.0204112848466 -0.00355964445222 0.0287514419544 0.0280977880374 0.00180123553112 0.0037895787048 0.00252544187856 -0.00229723159648 0.0302545698728 -0.00404745899567 0.00882411050042 -0.000645678001078 0.0132538097567 0.0110805250118 0.0111204996573 0.00295222767673 0.00758309162767 0.0418031887202 0.0286520999704 0.010217555076 0.00690456806768 0.0227680812502 0.00664141367666 0.0529264757243 
0.0159395300629 0.0128102254853 0.026124201979 0.0253089074268 0.00834801278269 0.00923425991992 0.0260450174776 0.0117596567848 0.0125927121861 0.0318460629753 0.00170344964619 0.00811195170235 0.0165005846296 0.0544844487382 0.00585382961671 0.00211238489176 0.024830970961 0.0249850151036 0.0211702260212 -0.00538681916822 0.000195507726652 0.00746273332917 0.0372316167026 0.00930864550733 0.0125241604304 0.0239232612203 0.234643940606 -0.00812105875538 0.0168058772893 -0.00754780690133 0.000753477475644 -0.00304498180662 0.0206035222684 0.0218237880994 0.0327745163058 0.0313695916606 0.0359938803637 0.0129036801206 0.00983733294528 0.00329240039912 0.00491207759862 0.0112278004825 0.00242476740438 -0.00154476134267 0.00565177135136 0.0123097398172 0.0257707244939 0.0211039348611 0.00960206388125 0.0299115684529 0.00898724126941 0.0182762728958 0.0140686210713 0.0132671241593 0.0274573225073 -0.00211299701952 0.0207397867315 0.0239385139878 0.00707347900477 0.00894043417621 
0.0156555199367 -0.00777647316726 0.00975320258891 0.0111151542654 0.032408256307 0.0160467247551 0.019055517881 0.0146252357508 0.0180163896197 -0.0130689028338 0.0259143028868 0.0112350110506 0.000279783198815 0.0625324819685 0.0050423141794 0.0273440293425 0.0137147969244 0.00275292638235 0.0113396572819 0.0155368629058 0.0177835911409 0.00240522202404 0.0198462743114 0.00208925747023 -0.0272243464176 0.0190306583063 -0.00812105875538 0.225325685709 0.0131505384933 -0.000863034844554 0.00885892811692 -0.00069773354197 -0.00866442466637 0.0188558792319 0.0052824027854 0.019048714105 0.0405860219594 0.00544416694859 0.0321499511743 0.0181443541091 0.0251097248968 0.0194528961987 0.0195593516564 -0.0043368145704 0.0213773302948 0.0237523292257 0.0194790331929 0.000561313963086 0.0102733505435 0.0238753361298 0.0285912888355 0.00959644786534 0.0153673144971 0.0282369342126 0.0379572870026 0.000885557691923 0.0119498453262 0.0212415825714 0.0177010858731 -0.00274469179409 
0.0102242807438 -0.0185383533104 0.00300142734327 0.0151156664858 0.0250719146117 0.0206359160732 0.0408786004591 -0.00311374648973 0.0193730514603 0.013378002272 -0.0179819418568 -0.00552989088625 -0.0121464771461 0.0544231458868 -0.00286145616459 0.00995778321983 0.0447420873493 -0.00787430649681 0.0263757089562 0.0143810505466 -0.000783556595566 0.00108467506658 0.0202186593458 0.0238403777102 -0.00626653076826 0.0462866164607 0.0168058772893 0.0131505384933 0.239674701191 -0.0169549209621 0.0177347994609 0.0133053376688 0.00412277333244 0.0236821781024 0.01107130118 0.0295455160609 0.0271663005246 -0.0103588478776 0.0315641674475 -0.00234420159599 0.0182382937252 -0.00482153131614 -0.00163264629253 0.0176197189999 0.0111610122501 0.023759495086 -0.00205301236907 -0.0129170877152 -0.00324661168033 0.00822639741891 0.024489687347 0.00824780427088 0.0388569300363 0.0100440396215 0.0264698891683 0.0187696412639 -0.00159213214785 0.0154277244915 0.00845883106149 -0.00542104744248 
-0.00631109466444 0.101322497555 0.00505668299569 0.00690739645512 -0.0104510588671 0.00968892041226 0.0165650741963 0.0253018415413 -0.00271146725047 -0.0140829680735 0.0397852777775 -0.00314653838534 0.141756656621 -0.00466951007985 0.00871781615429 0.00687772966093 0.0167904434131 0.0285953239839 0.000235751805293 -0.00394390219462 0.10402588607 0.0202113883967 0.000822962547599 0.0279678754229 0.0253491671622 -0.000438865997158 -0.00754780690133 -0.000863034844554 -0.0169549209621 0.332425957966 0.00208772368971 -0.00876630701996 0.0821342154211 0.00344406290177 0.0156748298817 0.00803367012506 0.00838357296907 0.0100468487706 -0.00850852572238 -0.0187883252831 -0.0249370712218 0.00822172139514 0.0476288382557 -0.0176153238472 0.0152119485047 0.000685495580842 -0.00127165849716 0.0689046237763 -0.00759676081297 0.00390438245084 0.00287517958433 0.0477440398836 0.00314655155961 0.00933365224609 -0.0104295512174 0.00494235084974 0.0129476327071 0.033376874867 -0.00278008501339 0.0401300600123 
0.00756335521023 0.00490726291914 0.00839877794883 -0.00514047704058 0.0144130768454 0.0110946788029 0.0178406645814 -0.000290965534986 0.0256659829244 0.0260910332739 0.000127193410084 0.0158294309331 0.0150355951823 0.0217154892995 0.0233261952942 0.0174360296125 0.00523193600604 0.0198914614453 0.00418937361411 0.0152431456581 0.0139387320526 0.00596903731029 0.03829277488 0.0183024302714 0.0220822421635 0.010873065656 0.000753477475643 0.00885892811692 0.0177347994609 0.00208772368971 0.133236682552 0.0152367205403 0.0060469480376 0.0180960339371 0.0184374204633 0.0145037821282 0.00700272078081 0.0249992581968 0.0256347590843 0.0122132984731 0.0121131126408 0.0160655817263 -0.00685081040165 0.00203910760162 0.0290250277828 0.0162519935667 0.0178836471264 0.0204761135834 0.0131533276742 0.0267954984473 0.0188553464285 0.0270414015927 0.0156311514582 0.021296383992 0.0102838268189 0.00388488321345 0.0274466942666 -0.00414093427406 0.0125996454563 -0.00430265290689 
-0.00324402096821 0.00730774388545 0.0052615993348 0.0115507954367 0.0119335804598 -0.014034708713 0.0169484267658 -0.0044529619481 0.0179530409121 0.00157427254733 0.00146032293437 0.00809977997159 -0.000260683873411 0.00839840632654 0.00680344963282 0.0148568136621 0.00416117651419 0.00639430071318 0.0080471931298 -0.00433355266234 -0.0151929014141 0.0185026845157 0.00938947436997 0.0163584872227 0.00209599084748 0.00750722299938 -0.00304498180662 -0.00069773354197 0.0133053376688 -0.00876630701996 0.0152367205403 0.124267142886 -0.00198541038473 0.0121792327176 -0.00324854172924 0.00887546451355 0.00278298518278 -0.00917116353637 0.0132612766201 0.0103062615153 0.000730049721551 0.0163980905824 -0.00784285366794 0.00560806415646 0.00834678926088 0.0207307865917 0.0124520304197 0.00414814912337 0.00933433521057 0.0139962893084 0.00877134325499 -0.00116424103161 0.00421000110064 -0.00228199137906 0.0190240677223 0.0119846049971 0.0136634149578 0.000766515002164 0.0042408059645 0.00435432622668 
0.00335577010797 0.145432201412 0.00310105124811 -0.00585691102256 -0.00166303161774 0.0109557480873 0.043981729018 0.00662131605564 0.0125761789676 0.00742636405722 -0.0543678942109 -0.00579605635682 0.136159225924 -0.000597014161514 -0.00455815916698 0.0227445749427 -0.0186353996205 -0.0233996231663 0.000110511230762 0.00333430059709 0.160006026322 0.0171077718189 0.025389541284 0.0216774964485 0.0551627237219 0.00752165919611 0.0206035222684 -0.00866442466637 0.00412277333244 0.0821342154211 0.0060469480376 -0.00198541038473 0.347817536488 0.0192438259704 0.0136722034268 0.00491914357405 -0.0129145018653 0.0494316630691 -0.00459168889285 -0.00520270648777 0.0145921808411 0.0249678412545 0.0645253402519 0.00168246164317 0.0312619607823 0.0189754569982 -0.00624121988483 0.0576527782784 -0.00656408307154 0.0346313851605 -0.00384464059087 0.0172630102944 0.00133130752651 0.0144196735513 -0.0127758844225 0.0141423774504 0.0320287646955 0.00652384739868 -0.00555447380525 0.0384823509585 
0.0161038068455 0.0151679014033 0.00607045848524 0.0185254566366 0.0398787618093 0.0154446953213 0.0146489812998 0.00705551113866 0.0259348674227 -0.00215845148925 0.0214798042519 0.0104983220916 0.0061612802191 0.00995497748112 0.0117747364917 0.0177576846966 0.0157397048487 0.00944110728005 0.0217780204529 0.0139937738824 0.0182501947051 0.0236121999947 0.0361361500431 0.0118466241361 -0.000132510747981 0.0103751356955 0.0218237880994 0.0188558792319 0.0236821781024 0.00344406290177 0.0180960339371 0.0121792327176 0.0192438259704 0.177313331431 0.0155408948086 0.0157051917032 0.0364666088602 0.0410043715527 0.0276511517039 0.0127462074277 0.00589491731553 0.0265942091277 0.0105463510204 0.00124662110989 0.0139567060007 0.00968742262632 0.0186866669805 -0.00210018457961 0.0244705142774 0.0246735247169 0.0194502002779 0.0184166518197 0.0312297463161 0.0107887873963 0.0259783107747 0.00973441847664 0.01599308681 0.0257350881013 0.0126915489014 0.012069420956 
0.0115145049824 0.01308286522 -0.00326514352489 0.031871645754 0.0132050775799 0.0300619364615 0.0407315604445 0.00620956399451 0.00491808375066 0.0143341563988 0.0258293907242 -0.00979123627809 0.0192749163863 0.054869941556 0.0238862565152 0.00713901139475 0.0483473382651 0.0102792138723 0.0172951558218 0.0326282678262 0.00251958321759 0.021844738936 0.028250467972 0.0504106032342 0.000688950235732 0.0492889728658 0.0327745163058 0.0052824027854 0.01107130118 0.0156748298817 0.0184374204633 -0.00324854172923 0.0136722034268 0.0155408948086 0.346713241752 0.00440931702555 0.0324830067389 0.0177172751979 0.00404812765213 0.000650611783987 0.0326110094261 -0.000204552584868 -0.00977148256677 -0.00318853208074 0.00339977898161 0.0166076785917 0.00427176770488 0.00787179263829 0.0115590601409 0.00583223682229 0.00425638268021 -0.00755776549115 0.109008475284 0.0171037903113 0.0223008107222 0.00956237566609 0.00630661837556 0.0319866519796 0.0192884079804 0.030952004542 
0.019676649925 0.00868317826902 -0.00534184391977 0.030776287178 0.0220423483845 0.034312909593 0.0485897642679 -0.0131595956494 0.0192731683093 0.000345105295121 0.0109563449401 0.00857924784335 -0.000827774638937 0.0211646810152 -0.00295433394349 0.00384677191455 0.0143323405995 0.0124868293602 0.0130880783768 0.0185590875154 0.00938950783257 0.0103123613646 0.0194153227272 0.0142714463621 0.00573416187125 0.010640266613 0.0313695916606 0.019048714105 0.0295455160609 0.00803367012506 0.0145037821282 0.00887546451355 0.00491914357405 0.0157051917032 0.00440931702555 0.221509933079 0.0351901034817 0.000653516189542 0.00851482362872 0.0080298581629 0.0163384207805 0.0130000383811 0.00567178861193 0.0100139821193 0.021280800733 0.0172966469916 -0.00584353869613 0.0122786275163 0.0149399447729 0.0110299100058 0.00649923414359 0.00062215568015 0.00915885131829 0.00706165977527 0.00687234071199 0.0171459998297 0.0154708435779 0.0187504797717 0.0142380952284 0.00487551051455 
0.00574484593399 -0.0072275068749 0.0194932523959 -0.00964856482035 0.0334882819778 0.0317916034058 0.059415458918 0.0384163414437 0.036091420362 0.00812076864951 0.0170638931756 0.00980445942068 -0.0164041196626 0.012760148911 -0.010312274239 0.034571538156 0.020219578049 0.0232190494871 -0.0102676344472 0.0183309436725 -0.0120779060106 0.00395082635412 0.00315517492594 0.0256724253499 -0.0112199682758 0.0204112848466 0.0359938803637 0.0405860219594 0.0271663005246 0.00838357296907 0.00700272078081 0.00278298518278 -0.0129145018653 0.0364666088602 0.0324830067389 0.0351901034817 0.462463235039 0.0406433131453 0.0193031041387 0.0144992127886 0.00807342778232 0.00792495290607 0.00561795441561 0.0422127267641 0.025424009144 0.0441311584092 0.0348481797025 -0.00631082083138 0.00998686492191 0.0115215189375 0.0264120957553 0.0595155336792 0.0302260387015 -0.00485661470516 0.0270034101469 0.0233294228103 -0.00519262561918 -0.0118302961308 0.00341628834295 -0.00386213980838 
0.0506572296226 0.10175322583 0.00795697981985 0.00428853313864 0.00309333819519 0.0209011983429 0.0148687754206 0.0194836228151 0.0109785855611 0.00465277678814 0.0292071488022 -0.00834963160284 0.0548683020517 0.00187520348069 0.0635586019425 0.129852440087 0.0363939074057 0.0145637216534 0.0516481373264 0.119997421401 0.0852069473876 0.022934644524 0.0137381620554 0.0613030449105 0.0308971001709 -0.00355964445222 0.0129036801206 0.00544416694859 -0.0103588478776 0.0100468487706 0.0249992581968 -0.00917116353637 0.0494316630691 0.0410043715527 0.0177172751979 0.000653516189541 0.0406433131453 0.836976857426 -0.0147393352201 0.0189643301728 -0.0204170881917 0.00417964103164 -0.00866297062058 -0.0110021419066 0.044333578394 -0.0254724854845 -0.0474799895907 0.0171631305615 -0.0191011285087 0.0206588024864 -0.0147215316939 0.012943673128 0.0362306317047 0.0176893936217 0.0017521251103 -0.00636890920115 0.0583348035018 0.102571709317 0.00724935793939 -0.0111503654885 
0.0137602392571 0.0121398734821 0.0052488637026 -0.00168036203694 0.0498010592932 0.00904652809828 0.0208737644693 0.00849618090643 0.0130659793483 0.0188135635227 0.0143511967417 0.00285921411183 -0.00567891118904 0.0211635834803 0.0175722911635 0.0240038969372 0.0194107062014 0.0175960761156 0.00287867798343 -0.00888906028044 -0.00476696552054 0.0123893526926 0.0199301442158 0.0302678430697 -0.00409937738277 0.0287514419544 0.00983733294528 0.0321499511743 0.0315641674475 -0.00850852572238 0.0256347590843 0.0132612766201 -0.00459168889285 0.0276511517039 0.00404812765213 0.00851482362872 0.0193031041387 -0.0147393352201 0.139869245934 0.0140272384916 0.00968248581002 -0.00574903874203 0.0136121558196 0.00589234606097 0.0355977393981 0.0202312418568 0.0276821324606 0.00894294110959 0.0151603553168 0.0244295832149 0.0105326624563 0.00368228562873 0.0071856910828 0.0145934983925 0.0260216913786 -0.00251709857454 0.0113159423714 0.0226090157139 0.00891257695022 0.00966046725566 
