30
0.191301962015 0.0559799775446 0.0331605059077 0.155431064381 0.103848753038 0.00792878112812 0.110374427341 0.0368602928082 0.0270606760034 0.161692830297 0.0350054865441 0.0315088302779 0.0216083944488 0.134016582451 0.399937027552 0.176756138136 0.0224960645228 0.0411806556966 0.0328562524986 0.00413185853021 0.0905831054983 0.0833786368315 0.0825599502725 0.0289140833203 0.00194148072761 0.126841392599 0.087070388143 0.125840316239 0.00787829448736 -0.00648668223639 
0.43331382153 0.0168404266486 0.011672103882 0.0593345180544 0.10641776536 0.0170992999567 0.0483877604592 0.0188880827332 0.0529856981381 0.0129365682402 0.0126520065392 0.0313929731142 0.0160404016771 0.0290845946369 0.0962905903519 -0.00680666573758 0.00196824952569 0.026257455688 0.0532153847284 0.0493621055025 0.000360194696573 0.0633023302016 -0.00623599703493 0.0367799352106 0.0369723776418 0.0293469986852 0.0498577994653 0.048932556653 0.0157160826708 -0.000829244224522 
0.0168404266486 0.253498935417 0.0191676636702 0.00554379121172 0.00925615657786 0.00704310703352 0.0162693613115 0.00824300058333 -0.00042402745255 0.0188174353217 0.00729215277518 0.00616051370917 0.0189902578572 0.00928004273883 0.0593089057835 -0.00114105579308 0.0137198083588 0.0134750939343 0.00746393518722 0.0291036046441 0.0416934656042 -0.00461768698727 -0.00140905519664 0.00895499859951 0.0200265325668 0.0173368927783 0.0220867547913 0.0397558075739 0.00840553604604 0.0106931467886 
0.011672103882 0.0191676636702 0.154529594761 0.0120450188259 0.000200808926109 0.00841683578154 0.0462177229597 0.00524256190749 0.0242925108536 0.0251877898128 0.00922791784231 0.0172857965357 0.00244918067025 0.0084595002186 -0.00398343403422 0.024181981601 0.0237078082707 0.0106338518381 0.00166146455788 0.0376674595033 0.0240600954745 0.0164966939567 0.00691624166839 0.0423539746823 0.0271659823169 0.0192880681645 0.00992340104656 0.00922950839103 0.00278867814845 0.0174047653085 
0.0593345180544 0.00554379121172 0.0120450188259 0.704879197451 -0.0270770262128 0.0204959520568 -0.00107198964825 0.0020505885798 -0.000261153808013 -0.0211672842332 0.0305690911565 0.034977561824 0.00215588617023 0.00794355432991 0.0168599923034 -0.00874393134168 0.0163177593569 0.0018781262415 0.0231621086859 0.0252570936264 0.0397225068402 0.0947322688908 0.00543478829278 0.0213614964328 0.00592954042456 -0.00130313864275 0.022462861673 0.0126854593564 0.0223160181458 0.00878390608151 
0.10641776536 0.00925615657786 0.000200808926109 -0.0270770262128 0.340909056586 0.0061238716624 0.0300741510858 0.0075693920077 0.00529249568605 0.0070251554855 -0.00221571533944 0.009338184916 -0.0166695006156 -0.0136178340543 0.0170118861839 -0.0404231410086 -0.0163766345749 0.0384853977514 0.0194310841545 0.0160822754972 -4.65168484331e-05 0.0125744671369 0.0302341010123 0.0128701066374 0.00856387287176 0.00596832510405 0.0244231831048 0.0255943216082 0.0363279420385 0.0144901913559 
0.0170992999567 0.00704310703352 0.00841683578154 0.0204959520568 0.0061238716624 0.242652836139 0.0194579019005 -0.00821724566587 0.011415732363 0.0196200249601 0.00799543651897 0.0237307483703 0.00472045147523 0.0102245193323 0.0111770510258 0.0257551878131 0.00885503309403 0.0157146809762 0.0274626081218 0.010848281464 -0.0013725676653 0.051060893355 0.0155019307611 0.0170565187258 -0.00245294568606 -0.0229388371577 0.00339286468928 0.014197669065 -0.00448585456056 0.00384172936766 
0.0483877604592 0.0162693613115 0.0462177229597 -0.00107198964825 0.0300741510858 0.0194579019005 0.51327364947 0.0127637442447 0.115765485389 0.00959705215478 0.0261680958908 0.0369230152039 -0.0130975655381 0.0172772673229 0.0377169253337 0.0453651179422 0.00900815641528 -0.0128723764153 0.0228340982226 0.0287148872013 0.0173378040481 0.0135063134462 -0.0221167578482 0.0155625214166 0.0282613406332 0.029620831904 0.00958211152187 0.0318174298444 -0.00148009994251 0.0274014456729 
0.0188880827332 0.00824300058333 0.00524256190749 0.0020505885798 0.0075693920077 -0.00821724566587 0.0127637442447 0.33212556159 0.00164921275872 0.0205210974016 0.0139004811658 0.000537029275684 0.0121496066445 -0.00380763804081 0.0502586149963 -0.00678742663445 -0.0157746606842 0.0177672638207 0.017117016378 0.00447224065801 -0.0219537330199 -0.00514855595653 0.0156372503085 0.0126854246798 0.00921436786135 0.0105314098875 -0.00619428513081 0.0194695737219 -0.0012134651347 0.0202974781648 
0.0529856981381 -0.00042402745255 0.0242925108536 -0.000261153808013 0.00529249568605 0.011415732363 0.115765485389 0.00164921275873 0.203405280735 0.0215478501679 0.0117006909142 0.0292804214782 -0.00716577927284 0.02728263118 0.0382758081193 0.0186699083903 0.00915498035164 0.015427971529 0.0290122665872 0.0359638561457 0.0192760178586 -0.00903014813753 -0.00833952949567 0.0418148806715 0.0284736220733 -0.0136697949921 0.0117467499973 0.00709788692376 -0.00812638500548 0.0302810702632 
0.0129365682402 0.0188174353217 0.0251877898128 -0.0211672842332 0.0070251554855 0.0196200249601 0.00959705215478 0.0205210974016 0.0215478501679 0.888209835137 0.00596984002871 0.0162470793894 0.0359494690496 0.0386011269735 0.0792349684721 0.031148352346 0.00376936987297 -0.00657241347896 -0.000575910166581 0.0268826974549 -0.00265842914198 0.00269757386887 0.100127676177 0.0321369638907 0.0378158645137 0.0438743803988 -0.00952254705464 0.0426924889829 0.00539991344856 0.0275901020593 
0.0126520065392 0.00729215277518 0.00922791784231 0.0305690911565 -0.00221571533944 0.00799543651897 0.0261680958908 0.0139004811658 0.0117006909142 0.00596984002871 0.145268731179 0.012948603738 0.01092108543 0.0172214606439 0.0369013964884 0.00194471309262 0.0155959962507 0.0176902822702 0.0184663996778 0.0168046880158 0.0120483463648 0.0240305764715 -0.00995351160238 0.020022644096 0.035269594582 0.0109742351451 0.00950593193945 0.0259098763871 0.000693958761442 0.00946416139533 
0.0313929731142 0.00616051370917 0.0172857965357 0.034977561824 0.009338184916 0.0237307483703 0.0369230152039 0.000537029275684 0.0292804214782 0.0162470793894 0.012948603738 0.245088938109 0.0222397960608 0.0261284992112 0.0239153352955 -0.00463201296436 0.0362343233291 0.025790633967 0.00941771430183 0.0144236834353 0.0226687975428 0.0335454681415 0.00856149191292 0.0199993821926 0.0126008710199 0.00531427134934 -0.00411763905425 0.047859654725 0.019837159519 0.0238874282288 
0.0160404016771 0.0189902578572 0.00244918067025 0.00215588617023 -0.0166695006156 0.00472045147523 -0.0130975655381 0.0121496066445 -0.00716577927284 0.0359494690496 0.01092108543 0.0222397960608 0.269484794892 0.0334149560023 0.011417134383 0.0171620285101 0.0223256089974 0.0289798339351 -0.000848844278709 0.000952714457027 0.0037403868049 0.00701914232178 0.0193627320993 0.00513694216028 0.029027999682 0.0286016267298 0.00835287850758 0.00500110727953 0.0166583659252 -0.0145564500678 
0.0290845946369 0.00928004273883 0.0084595002186 0.00794355432991 -0.0136178340543 0.0102245193323 0.0172772673229 -0.00380763804081 0.02728263118 0.0386011269735 0.0172214606439 0.0261284992112 0.0334149560023 0.223418640787 0.033571404687 0.0206625847109 0.0221067648659 0.0211626959429 0.0221043321376 0.0232755320794 0.000563069536667 0.0206653630771 0.0416883817244 0.00965172066772 0.0272669551322 0.00777403060627 0.0246925304793 0.00512375990314 0.0195219636346 0.00413373738586 
0.0962905903519 0.0593089057835 -0.00398343403422 0.0168599923034 0.0170118861839 0.0111770510258 0.0377169253337 0.0502586149963 0.0382758081193 0.0792349684721 0.0369013964884 0.0239153352955 0.011417134383 0.033571404687 1.315010919 0.0751559981469 0.0108911139377 0.00263586379771 0.0458137294044 0.0241976196532 0.0441970774472 0.0250897079908 0.0755590276842 0.0115819545216 0.0228946515274 0.00797223922704 0.038880350269 0.0569244883043 -0.0153597247299 0.0283402987911 
-0.00680666573758 -0.00114105579308 0.024181981601 -0.00874393134168 -0.0404231410086 0.0257551878131 0.0453651179422 -0.00678742663445 0.0186699083903 0.031148352346 0.00194471309262 -0.00463201296436 0.0171620285101 0.0206625847109 0.0751559981469 1.43529915314 0.0109467470638 0.0159318981186 0.016856549957 0.0214788454787 -0.00950642187512 0.0559762977985 0.125249752907 0.00468209653012 -0.0182340168314 0.374409027487 0.035225091012 0.0546275432736 -0.00474124671432 0.0148395516711 
0.00196824952569 0.0137198083588 0.0237078082707 0.0163177593569 -0.0163766345749 0.00885503309403 0.00900815641528 -0.0157746606842 0.00915498035164 0.00376936987297 0.0155959962507 0.0362343233291 0.0223256089974 0.0221067648659 0.0108911139377 0.0109467470638 0.20948722791 0.0254337496818 0.00913461866616 0.0054478439281 0.0258869460196 0.0112485952004 0.0267058219277 0.0155645281043 0.0186683604365 0.00630293003229 0.0404755290064 0.0516564557718 0.00481255779942 0.0230667540027 
0.026257455688 0.0134750939343 0.0106338518381 0.0018781262415 0.0384853977514 0.0157146809762 -0.0128723764153 0.0177672638207 0.015427971529 -0.00657241347896 0.0176902822702 0.025790633967 0.0289798339351 0.0211626959429 0.00263586379771 0.0159318981186 0.0254337496818 0.199810073105 0.0229546380906 0.00504099015951 0.00950568790796 0.0219855473285 0.0214355570821 0.015035529564 0.0253576399521 -0.0144198983252 0.0200022129304 0.0590907928035 0.00701632314864 0.0211580434371 
0.0532153847284 0.00746393518722 0.00166146455788 0.0231621086859 0.0194310841545 0.0274626081218 0.0228340982226 0.017117016378 0.0290122665872 -0.000575910166581 0.0184663996778 0.00941771430183 -0.000848844278709 0.0221043321376 0.0458137294044 0.016856549957 0.00913461866616 0.0229546380906 0.325663441383 0.0202140310921 0.0015669107269 0.0305853598157 0.0164426965002 0.0317453576981 0.0243961270841 -0.0112149353956 0.0501687688588 0.0138424084028 0.00284168095526 -0.0057403963279 
0.0493621055025 0.0291036046441 0.0376674595033 0.0252570936264 0.0160822754972 0.010848281464 0.0287148872013 0.00447224065801 0.0359638561457 0.0268826974549 0.0168046880158 0.0144236834353 0.000952714457027 0.0232755320794 0.0241976196532 0.0214788454787 0.0054478439281 0.00504099015951 0.0202140310921 0.189186684754 0.0202987439539 0.0126312196955 0.00134954036784 0.0550145203556 0.0241799183981 0.00606609192825 0.00659062537191 0.0342918131518 -0.00490385797735 0.0129905634178 
0.000360194696573 0.0416934656042 0.0240600954745 0.0397225068402 -4.65168484328e-05 -0.0013725676653 0.0173378040481 -0.0219537330199 0.0192760178586 -0.00265842914198 0.0120483463648 0.0226687975428 0.0037403868049 0.000563069536667 0.0441970774472 -0.00950642187512 0.0258869460196 0.00950568790796 0.0015669107269 0.0202987439539 0.31835097292 0.0152647436366 0.0182152598345 0.049936657879 0.0245024806853 -0.0048933872968 0.0308264536089 0.0287821945856 0.0158547015022 0.00387986173281 
0.0633023302016 -0.00461768698727 0.0164966939567 0.0947322688908 0.0125744671369 0.051060893355 0.0135063134462 -0.00514855595653 -0.00903014813753 0.00269757386887 0.0240305764715 0.0335454681415 0.00701914232178 0.0206653630771 0.0250897079908 0.0559762977985 0.0112485952004 0.0219855473285 0.0305853598157 0.0126312196955 0.0152647436366 0.36321862494 0.0329233622017 0.0189741596863 0.0262308403513 0.0317417344646 0.0227742083893 0.0429255365109 -0.00437185780266 0.0219062712058 
-0.00623599703493 -0.00140905519664 0.00691624166839 0.00543478829278 0.0302341010123 0.0155019307611 -0.0221167578482 0.0156372503085 -0.00833952949567 0.100127676177 -0.00995351160238 0.00856149191292 0.0193627320993 0.0416883817244 0.0755590276842 0.125249752907 0.0267058219277 0.0214355570821 0.0164426965002 0.00134954036784 0.0182152598345 0.0329233622017 0.325573779229 -0.00999772378799 0.0271004748248 0.0412308535064 0.0428263336307 0.00454917356084 0.0111392587306 0.0362187870925 
0.0367799352106 0.00895499859951 0.0423539746823 0.0213614964328 0.0128701066374 0.0170565187258 0.0155625214166 0.0126854246798 0.0418148806715 0.0321369638907 0.020022644096 0.0199993821926 0.00513694216028 0.00965172066772 0.0115819545216 0.00468209653012 0.0155645281043 0.015035529564 0.0317453576981 0.0550145203556 0.049936657879 0.0189741596863 -0.00999772378799 0.222046070929 0.0128973283736 0.0318367547729 0.00272821829297 0.00713580698036 0.00427623464477 -0.00229980164556 
0.0369723776418 0.0200265325668 0.0271659823169 0.00592954042456 0.00856387287176 -0.00245294568606 0.0282613406332 0.00921436786135 0.0284736220733 0.0378158645137 0.035269594582 0.0126008710199 0.029027999682 0.0272669551322 0.0228946515274 -0.0182340168314 0.0186683604365 0.0253576399521 0.0243961270841 0.0241799183981 0.0245024806853 0.0262308403513 0.0271004748248 0.0128973283736 0.227006293231 0.0174947830908 0.029206962609 0.0202137199163 0.0202310667726 -0.00412875863404 
0.0293469986852 0.0173368927783 0.0192880681645 -0.00130313864275 0.00596832510405 -0.0229388371577 0.029620831904 0.0105314098875 -0.0136697949921 0.0438743803988 0.0109742351451 0.00531427134934 0.0286016267298 0.00777403060627 0.00797223922704 0.374409027487 0.00630293003229 -0.0144198983252 -0.0112149353956 0.00606609192825 -0.0048933872968 0.0317417344646 0.0412308535064 0.0318367547729 0.0174947830908 0.795110555361 0.00161307837733 0.015562986484 0.0132995781678 -0.00334402588059 
0.0498577994653 0.0220867547913 0.00992340104656 0.022462861673 0.0244231831048 0.00339286468928 0.00958211152187 -0.00619428513081 0.0117467499973 -0.00952254705464 0.00950593193945 -0.00411763905425 0.00835287850758 0.0246925304793 0.038880350269 0.035225091012 0.0404755290064 0.0200022129304 0.0501687688588 0.00659062537191 0.0308264536088 0.0227742083893 0.0428263336307 0.00272821829297 0.029206962609 0.00161307837733 0.620405794702 0.00511326243434 -0.00586484113588 0.0344818259699 
0.048932556653 0.0397558075739 0.00922950839103 0.0126854593564 0.0255943216082 0.014197669065 0.0318174298444 0.0194695737219 0.00709788692376 0.0426924889829 0.0259098763871 0.047859654725 0.00500110727953 0.00512375990314 0.0569244883043 0.0546275432736 0.0516564557718 0.0590907928035 0.0138424084028 0.0342918131518 0.0287821945856 0.0429255365109 0.00454917356084 0.00713580698036 0.0202137199163 0.015562986484 0.00511326243434 0.395689776227 0.0246766555789 0.044663847701 
0.0157160826708 0.00840553604604 0.00278867814845 0.0223160181458 0.0363279420385 -0.00448585456056 -0.00148009994251 -0.0012134651347 -0.00812638500548 0.00539991344856 0.000693958761442 0.019837159519 0.0166583659252 0.0195219636346 -0.0153597247299 -0.00474124671432 0.00481255779942 0.00701632314864 0.00284168095526 -0.00490385797735 0.0158547015022 -0.00437185780266 0.0111392587306 0.00427623464477 0.0202310667726 0.0132995781678 -0.00586484113588 0.0246766555789 0.157952017301 0.00698485909889 
-0.000829244224522 0.0106931467886 0.0174047653085 0.00878390608151 0.0144901913559 0.00384172936766 0.0274014456729 0.0202974781648 0.0302810702632 0.0275901020593 0.00946416139533 0.0238874282288 -0.0145564500678 0.00413373738586 0.0283402987911 0.0148395516711 0.0230667540027 0.0211580434371 -0.0057403963279 0.0129905634178 0.00387986173281 0.0219062712058 0.0362187870925 -0.00229980164556 -0.00412875863404 -0.00334402588059 0.0344818259699 0.044663847701 0.00698485909889 0.262024960586 
0.0375260777256 0.00145842372882 0.00101083384774 0.00513851999564 0.00921604882158 0.00148084281494 0.00419050297899 0.00163575594757 0.00458869606249 0.00112033967338 0.00109569590718 0.00271871122172 0.00138913953393 0.00251879978143 0.00833900973901 -0.000589474544381 0.000170455409024 0.00227396236646 0.0046085875047 0.00427488373494 3.1193775754e-05 0.00548214260733 -0.000540053185017 0.00318523582419 0.00320190182761 0.00254152463862 0.00431781209137 0.00423768371336 0.00136105268409 -7.18146564377e-05 
0.00145842372882 0.0219536517903 0.00165996836695 0.000480106402263 0.000801606673784 0.00060995096126 0.00140896801991 0.000713864790857 -3.6721854581e-05 0.00162963770227 0.000631518955158 0.00053351613725 0.00164460457288 0.000803675276003 0.00513630190791 -9.88183303942e-05 0.00118817025737 0.00116697736655 0.000646395748433 0.00252044609635 0.0036107600385 -0.00039990342377 -0.000122027759563 0.000775525627803 0.00173434859526 0.00150141895687 0.00191276907364 0.0034429539307 0.00072794077483 0.000926053676533 
0.00101083384774 0.00165996836695 0.01338265547 0.00104312922923 1.73905631317e-05 0.00072891936063 0.00400257221882 0.00045401917928 0.00210379315209 0.00218132658431 0.000799161127548 0.00149699389246 0.00021210526789 0.000732614209262 -0.000344975506793 0.00209422103803 0.00205315642304 0.000920918583189 0.000143887051461 0.00326209768259 0.00208366538984 0.0014286556045 0.000598964098354 0.00366796180261 0.00235264308052 0.00167039570204 0.000859391739826 0.000799298873107 0.000241506611954 0.0015072968904 
0.00513851999564 0.000480106402263 0.00104312922923 0.0610443291592 -0.00234493925592 0.0017750015156 -9.28370267974e-05 0.000177586180281 -2.26165832034e-05 -0.00183314058751 0.00264736095121 0.0030291457102 0.000186705219109 0.000687931984605 0.00146011816424 -0.000757246667084 0.00141315941359 0.000162650503666 0.00200589745272 0.00218732847063 0.00344007000256 0.00820405514176 0.000470666472574 0.00184995985736 0.000513513264044 -0.000112855116927 0.00194534088505 0.00109859300613 0.00193262386255 0.000760708581104 
0.00921604882158 0.000801606673784 1.73905631317e-05 -0.00234493925592 0.0295235903384 0.000530342842915 0.00260449788375 0.000655528576987 0.000458343571353 0.000608396311598 -0.000191886577151 0.00080871053625 -0.00144362110015 -0.00117933902356 0.00147327256016 -0.00350074670142 -0.00141825815703 0.00333293321274 0.00168278125009 0.00139276591313 -4.0284772447e-06 0.00108898079796 0.00261834995372 0.00111458392974 0.000741653146172 0.000516872115815 0.002115109701 0.00221653327053 0.00314609206725 0.00125488738199 
0.00148084281494 0.00060995096126 0.00072891936063 0.0017750015156 0.000530342842915 0.0210143520397 0.00168510373502 -0.000711634349578 0.000988631422916 0.00169914400384 0.000692425113978 0.00205514309395 0.000408803089488 0.000885469348324 0.000967961012773 0.00223046469254 0.000766868361078 0.00136093129378 0.00237833162877 0.000939488733522 -0.000118867846656 0.00442200307854 0.00134250658468 0.00147713785167 -0.000212431327823 -0.00198656157118 0.000293830701252 0.00122955420848 -0.000388486400713 0.000332703522686 
0.00419050297899 0.00140896801991 0.00400257221882 -9.28370267975e-05 0.00260449788375 0.00168510373502 0.0444508019534 0.00110537267633 0.0100255851228 0.000831129096749 0.00226622358101 0.00319762691509 -0.00113428244837 0.00149625524096 0.00326638154916 0.00392873445836 0.00078012922969 -0.00111478049828 0.00197749091333 0.00248678217831 0.00150149787515 0.00116968105559 -0.00191536741459 0.00134775388937 0.00244750389333 0.00256523929101 0.000829835199983 0.00275547025284 -0.000128180415035 0.00237303480531 
0.00163575594757 0.000713864790857 0.00045401917928 0.000177586180281 0.000655528576987 -0.000711634349578 0.00110537267633 0.0287629173584 0.00014282601453 0.00177717916633 0.00120381698144 4.65080995318e-05 0.00105218680001 -0.000329751127176 0.00435252373458 -0.000587808389176 -0.00136612568886 0.00153869018245 0.00148237710203 0.000387307402167 -0.00190124905032 -0.000445878025116 0.00135422560125 0.00109859000305 0.000797987664775 0.000912046850024 -0.000536440828157 0.0016861145444 -0.000105089163325 0.00175781317234 
0.00458869606249 -3.67218545811e-05 0.00210379315209 -2.26165832034e-05 0.000458343571353 0.000988631422916 0.0100255851228 0.00014282601453 0.0176154140381 0.00186609856423 0.00101330955735 0.00253575888337 -0.000620574688819 0.00236274516839 0.00331478221817 0.00161686149523 0.000792844555566 0.00133610152729 0.00251253598859 0.00311456130402 0.00166935211494 -0.000782033768704 -0.000722224439886 0.00362127489177 0.00246588800533 -0.00118383897277 0.00101729839095 0.000614695038917 -0.000703765585568 0.00262241761017 
0.00112033967338 0.00162963770227 0.00218132658431 -0.00183314058751 0.000608396311598 0.00169914400384 0.000831129096749 0.00177717916633 0.00186609856423 0.076921228112 0.00051700331214 0.00140703834885 0.00311331534495 0.00334295565738 0.00686194955649 0.00269752644177 0.000326437006625 -0.000569187703696 -4.98752834557e-05 0.00232810989182 -0.000230226717112 0.000233616749903 0.00867131111911 0.00278314271299 0.00327494993349 0.00379963280006 -0.000824676765805 0.003697278001 0.000467646222469 0.00238937292764 
0.00109569590718 0.000631518955158 0.000799161127548 0.00264736095121 -0.000191886577151 0.000692425113978 0.00226622358101 0.00120381698144 0.00101330955735 0.00051700331214 0.0125806411576 0.00112138197807 0.000945793741929 0.00149142224078 0.00319575467941 0.000168417094128 0.00135065289505 0.00153202338461 0.00159923712374 0.00145532867244 0.00104341740255 0.00208110896919 -0.000861999390452 0.0017340118438 0.00305443648892 0.000950396642279 0.000823237854621 0.00224386111601 6.00985916587e-05 0.000819620419388 
0.00271871122172 0.00053351613725 0.00149699389246 0.0030291457102 0.00080871053625 0.00205514309395 0.00319762691509 4.65080995318e-05 0.00253575888337 0.00140703834885 0.00112138197807 0.0212253246589 0.00192602283636 0.00226279440797 0.00207112879059 -0.00040114408978 0.0031379844492 0.00223353441951 0.000815597983097 0.00124912762712 0.00196317545453 0.00290512275924 0.000741446949089 0.00173199730388 0.00109126744131 0.000460229399113 -0.000356598002459 0.00414476768082 0.00171794840824 0.00206871196772 
0.00138913953393 0.00164460457288 0.00021210526789 0.000186705219109 -0.00144362110015 0.000408803089488 -0.00113428244837 0.00105218680001 -0.000620574688819 0.00311331534495 0.000945793741929 0.00192602283636 0.023338067831 0.00289382007643 0.000988752841413 0.00148627526703 0.00193345445467 0.00250972723852 -7.35120709219e-05 8.25074922338e-05 0.000323926999302 0.000607875556344 0.00167686178846 0.000444872240857 0.00251389851456 0.00247697353375 0.000723380498229 0.000433108595113 0.00144265680768 -0.00126062555477 
0.00251879978143 0.000803675276003 0.000732614209262 0.000687931984605 -0.00117933902356 0.000885469348324 0.00149625524096 -0.000329751127176 0.00236274516839 0.00334295565738 0.00149142224079 0.00226279440797 0.00289382007643 0.0193486218601 0.00290736892997 0.00178943232674 0.00191450199693 0.00183274322991 0.00191429131649 0.00201572020673 4.87632522851e-05 0.00178967294032 0.0036103197616 0.000835863528848 0.00236138758283 0.000673250799483 0.00213843586788 0.000443730623901 0.00169065164393 0.000357992158873 
0.00833900973901 0.00513630190791 -0.000344975506793 0.00146011816424 0.00147327256016 0.000967961012773 0.00326638154916 0.00435252373458 0.00331478221817 0.00686194955649 0.00319575467941 0.00207112879059 0.000988752841413 0.00290736892997 0.113883286211 0.0065087003642 0.000943198134555 0.000228272500974 0.00396758535063 0.00209557533308 0.00382757918423 0.00217283244936 0.00654360374598 0.00100302668412 0.00198273498335 0.000690416169567 0.0033671371041 0.00492980529689 -0.00133019118113 0.00245434187039 
-0.000589474544381 -9.88183303941e-05 0.00209422103803 -0.000757246667084 -0.00350074670142 0.00223046469254 0.00392873445836 -0.000587808389176 0.00161686149523 0.00269752644177 0.000168417094128 -0.00040114408978 0.00148627526703 0.00178943232674 0.0065087003642 0.124300552865 0.000948016104607 0.00137974285012 0.00145982004829 0.00186012258285 -0.000823280284294 0.00484768959033 0.0108469467835 0.000405481453805 -0.00157911217891 0.032424772921 0.0030505823667 0.00473088402213 -0.000410604010021 0.00128514287279 
0.000170455409024 0.00118817025737 0.00205315642304 0.00141315941359 -0.00141825815703 0.000766868361078 0.00078012922969 -0.00136612568886 0.000792844555566 0.000326437006625 0.00135065289505 0.0031379844492 0.00193345445467 0.00191450199693 0.000943198134555 0.000948016104607 0.0181421261139 0.00220262733379 0.000791081181878 0.000471797123759 0.00224187528794 0.000974156920044 0.00231279202183 0.00134792767362 0.0016167274385 0.000545849752624 0.00350528363512 0.00447358029678 0.000416779731147 0.00199763949492 
0.00227396236646 0.00116697736655 0.000920918583189 0.000162650503666 0.00333293321274 0.00136093129378 -0.00111478049828 0.00153869018245 0.00133610152729 -0.000569187703696 0.00153202338461 0.00223353441951 0.00250972723852 0.00183274322991 0.000228272500974 0.00137974285012 0.00220262733379 0.0173040599241 0.00198792997211 0.000436562553837 0.000823216720874 0.00190400425026 0.00185637369774 0.00130211505617 0.00219603603785 -0.00124879982696 0.00173224245296 0.00511741276976 0.000607631408788 0.00183234031109 
0.0046085875047 0.000646395748433 0.000143887051461 0.00200589745272 0.00168278125009 0.00237833162877 0.00197749091333 0.00148237710203 0.00251253598859 -4.98752834557e-05 0.00159923712374 0.000815597983097 -7.35120709219e-05 0.00191429131649 0.00396758535063 0.00145982004829 0.000791081181878 0.00198792997211 0.0282032813322 0.00175058644387 0.000135698449495 0.00264876985843 0.00142397928759 0.00274922862188 0.00211276658088 -0.000971241895443 0.00434474283083 0.00119878773264 0.00024609678967 -0.000497132904775 
0.00427488373494 0.00252044609635 0.00326209768259 0.00218732847063 0.00139276591313 0.000939488733521 0.00248678217831 0.000387307402167 0.00311456130402 0.00232810989182 0.00145532867244 0.00124912762712 8.25074922338e-05 0.00201572020673 0.00209557533308 0.00186012258285 0.000471797123759 0.000436562553837 0.00175058644387 0.0163840475054 0.0017579227929 0.00109389571371 0.000116873624198 0.0047643972205 0.00209404235942 0.000525338971155 0.00057076489989 0.00296975813313 -0.000424686558494 0.00112501579293 
3.1193775754e-05 0.0036107600385 0.00208366538984 0.00344007000256 -4.02847724468e-06 -0.000118867846656 0.00150149787515 -0.00190124905032 0.00166935211494 -0.000230226717112 0.00104341740255 0.00196317545453 0.000323926999302 4.87632522851e-05 0.00382757918423 -0.000823280284294 0.00224187528794 0.000823216720874 0.000135698449495 0.0017579227929 0.0275700029868 0.00132196557716 0.00157748777532 0.00432464143033 0.00212197707292 -0.000423779770959 0.00266964919338 0.00249261116878 0.00137305742703 0.000336005882378 
0.00548214260733 -0.00039990342377 0.0014286556045 0.00820405514176 0.00108898079796 0.00442200307854 0.00116968105559 -0.000445878025116 -0.000782033768704 0.000233616749903 0.00208110896919 0.00290512275924 0.000607875556344 0.00178967294032 0.00217283244936 0.00484768959033 0.000974156920044 0.00190400425026 0.00264876985843 0.00109389571371 0.00132196557716 0.0314556556326 0.00285124680447 0.00164321043038 0.00227165741068 0.00274891484066 0.00197230430162 0.00371746050895 -0.000378613991884 0.00189713873664 
-0.000540053185017 -0.000122027759563 0.000598964098354 0.000470666472574 0.00261834995372 0.00134250658468 -0.00191536741459 0.00135422560125 -0.000722224439886 0.00867131111911 -0.000861999390452 0.000741446949089 0.00167686178846 0.0036103197616 0.00654360374598 0.0108469467835 0.00231279202183 0.00185637369774 0.00142397928759 0.000116873624198 0.00157748777532 0.00285124680447 0.0281955163619 -0.000865828278042 0.00234696996529 0.00357069665563 0.00370886928752 0.000393969986991 0.000964688104005 0.00313663897163 
0.00318523582419 0.000775525627803 0.00366796180261 0.00184995985736 0.00111458392974 0.00147713785167 0.00134775388937 0.00109859000305 0.00362127489177 0.00278314271299 0.0017340118438 0.00173199730388 0.000444872240857 0.000835863528848 0.00100302668412 0.000405481453805 0.00134792767362 0.00130211505617 0.00274922862188 0.0047643972205 0.00432464143033 0.00164321043038 -0.000865828278042 0.0192297538235 0.00111694140125 0.00275714384074 0.000236270634878 0.00061797901215 0.000370332783492 -0.000199168664872 
0.00320190182761 0.00173434859526 0.00235264308052 0.000513513264044 0.000741653146172 -0.000212431327823 0.00244750389333 0.000797987664775 0.00246588800533 0.00327494993349 0.00305443648892 0.00109126744131 0.00251389851456 0.00236138758283 0.00198273498335 -0.00157911217891 0.0016167274385 0.00219603603785 0.00211276658088 0.00209404235942 0.00212197707292 0.00227165741068 0.00234696996529 0.00111694140125 0.0196593216757 0.00151509265903 0.00252939715868 0.00175055949525 0.00175206177707 -0.000357560986317 
0.00254152463862 0.00150141895687 0.00167039570204 -0.000112855116927 0.000516872115815 -0.00198656157118 0.00256523929101 0.000912046850024 -0.00118383897277 0.00379963280006 0.000950396642279 0.000460229399113 0.00247697353375 0.000673250799483 0.000690416169567 0.032424772921 0.000545849752624 -0.00124879982696 -0.000971241895443 0.000525338971155 -0.000423779770959 0.00274891484066 0.00357069665563 0.00275714384074 0.00151509265903 0.068858593976 0.000139696685306 0.00134779416539 0.00115177725529 -0.00028960113635 
0.00431781209137 0.00191276907364 0.000859391739826 0.00194534088505 0.002115109701 0.000293830701252 0.000829835199983 -0.000536440828157 0.00101729839095 -0.000824676765805 0.000823237854621 -0.000356598002459 0.000723380498229 0.00213843586788 0.0033671371041 0.0030505823667 0.00350528363512 0.00173224245296 0.00434474283083 0.00057076489989 0.00266964919338 0.00197230430162 0.00370886928752 0.000236270634878 0.00252939715868 0.000139696685306 0.0537287178867 0.000442821516436 -0.000507910141283 0.00298621372588 
0.00423768371336 0.0034429539307 0.000799298873107 0.00109859300613 0.00221653327053 0.00122955420848 0.00275547025284 0.0016861145444 0.000614695038917 0.003697278001 0.00224386111601 0.00414476768082 0.000433108595113 0.000443730623901 0.00492980529689 0.00473088402213 0.00447358029678 0.00511741276976 0.00119878773264 0.00296975813313 0.00249261116878 0.00371746050895 0.000393969986991 0.00061797901215 0.00175055949525 0.00134779416539 0.000442821516436 0.034267739823 0.00213706106117 0.00386800267398 
0.00136105268409 0.00072794077483 0.000241506611954 0.00193262386255 0.00314609206725 -0.000388486400713 -0.000128180415035 -0.000105089163325 -0.000703765585568 0.000467646222469 6.00985916587e-05 0.00171794840824 0.00144265680768 0.00169065164393 -0.00133019118113 -0.000410604010021 0.000416779731147 0.000607631408788 0.00024609678967 -0.000424686558494 0.00137305742703 -0.000378613991884 0.000964688104005 0.000370332783491 0.00175206177707 0.00115177725529 -0.000507910141283 0.00213706106117 0.0136790459562 0.000604906542149 
-7.18146564377e-05 0.000926053676533 0.0015072968904 0.000760708581104 0.00125488738199 0.000332703522686 0.00237303480531 0.00175781317234 0.00262241761017 0.00238937292764 0.000819620419388 0.00206871196772 -0.00126062555477 0.000357992158873 0.00245434187039 0.00128514287279 0.00199763949492 0.00183234031109 -0.000497132904775 0.00112501579293 0.000336005882378 0.00189713873664 0.00313663897163 -0.000199168664872 -0.000357560986317 -0.00028960113635 0.00298621372588 0.00386800267398 0.000604906542149 0.0226920272293 

['NVDA', 'HON', 'XEL', 'MEDI', 'KG', 'RX', 'RIG', 'NCR', 'KMI', 'ADBE', 'SIAL', 'MAS', 'FRE', 'PNC', 'JDSU', 'RHI', 'LNC', 'WMT', 'HPQ', 'PNW', 'ACV', 'INTU', 'LUV', 'FPL', 'CMCSA', 'ACS', 'BMC', 'ODP', 'TAP', 'TIN']