50
0.0526772687529 0.399937027552 0.0511719962834 0.752636600207 0.0534982218633 0.0368602928082 0.0269248151276 0.171628318037 0.0367129888202 0.088181568025 0.0146303634135 0.0431194173031 0.0524452719686 0.0038222736377 0.0437038130991 0.0350054865441 0.0498631258667 0.139274044211 0.101218808556 0.0181340887913 0.0100273700484 0.201887649263 0.0423549004831 0.0248803539628 0.0336878097659 0.0625194128962 -0.0148687542544 0.103166553638 0.0415097954764 0.00640420781163 0.0824662750087 0.0861575830063 0.0678116165217 0.0291549562933 0.123331646141 0.0493870590102 0.0737969483193 0.143828325424 0.0573021249509 0.025042174885 0.0413413845105 0.0637259516476 0.0946597506959 0.0300114281637 0.0451759103614 0.00788248566947 0.0539269159384 0.0466490289559 0.0680936188342 0.0142076594304 
0.240257155933 0.00390592751874 0.013486521042 0.0358236419524 0.0127069758531 -0.00593502641553 0.00619854011314 0.0334196067869 0.0204652974518 0.0180779113992 0.0072519031232 0.00296106684382 0.0270325864646 0.0268449998248 0.0370137680935 0.0179063623052 0.0339752528829 0.0328146713576 0.02296536494 -5.15666177824e-08 0.00644367021484 0.0163371177892 0.0226706307646 0.02692541728 0.0216620883473 0.0185384805687 0.00570014908147 0.0093080791028 0.0178428651787 0.00975310294912 0.0427412427773 0.0180170445388 0.0102098172212 0.00585958280469 0.0351406417128 0.0160617790188 0.0163727314066 -0.00715443771864 -0.0231928461012 0.0198663479249 0.0133634021397 0.00840765783688 0.0112472256829 0.0115215107127 -0.00622934121796 0.0155590469192 0.0115642649832 0.0140938994346 0.0082792175091 -0.0022804630498 
0.00390592751874 1.28547197756 0.0631383148057 0.254833776449 0.0117718560047 0.0514214152085 0.0102136834927 0.0345470122901 0.0273760785021 0.0615643735804 0.0348898096967 0.0178601611085 0.00911497333297 0.0159109977418 0.0108938420703 0.0346558802692 -0.020690363099 0.116680128599 0.0337499910919 0.0482972224774 0.0252304013715 0.0506335708978 0.0243080600523 0.00251993754338 0.0326851082732 0.0515176181558 -0.00149555658568 0.0726380108753 0.0701784788233 0.0176367103097 -0.00205073758554 0.0441192868764 0.0420451249634 0.00547261696107 0.000618682443213 0.0139295047915 0.0207463286776 0.0119828379173 -0.0243224039526 0.0234241164768 0.0180218549634 0.0169542668657 0.028593627248 0.0091014515942 0.0240641690199 0.0245344868562 0.0416477048293 -0.00162692018206 0.0420246168347 0.0175680560657 
0.013486521042 0.0631383148057 0.311971569924 -0.00173530501179 0.000439943783382 0.0149564581408 0.0162090493115 -0.0101380007553 0.0305515807934 0.00971702657592 0.000456491644711 5.42821179432e-05 -0.00515015538393 -0.000413671097652 0.00710857404708 0.00476852958088 1.70840328817e-05 -0.0173671848949 0.0307594976168 -0.000141622821429 -0.0090197011951 -0.0304203279954 0.0125132904117 -0.0124676584409 0.018196772819 -0.00777066352381 0.00267710006691 -0.0100727818343 -0.00501688702995 0.00303348854371 -0.0167987483033 0.00463855545481 0.0115608588606 0.000729660073558 -0.00332849000607 0.00841313898802 0.00966482965067 -0.0128338827018 0.0115193932843 0.00969869976838 0.00973182496988 0.00106476841453 -0.00863272524526 0.00330792962614 -0.0107519031839 0.025477291329 0.0222561096762 0.0386740240995 0.00443555301975 0.0102224912096 
0.0358236419524 0.254833776449 -0.00173530501179 7.40457268736 -0.0234035518405 0.00327946629003 -0.00614208502782 -0.00769501664943 -0.0251804928435 0.0881193552045 -0.0410869548532 -0.0272540250337 0.024994948442 -0.0189446271287 -0.0151041832112 -0.00121504409664 0.15487236838 0.0232207213608 0.0535279684544 -0.0367345674698 -0.00904063225602 0.103347063099 -0.0173223087463 -0.00645058476008 -0.0117935149325 -0.00241896723802 -0.0160243682393 0.0102393640414 0.00580862915143 -0.0040329865907 0.0820911416398 0.334980252725 0.00219373972319 -0.00126855166052 0.054808869032 0.00451081714268 0.0445751506327 0.026157981051 0.00999255157686 -0.015883063639 -0.0187254013827 0.0209397128906 0.0021524208795 -0.000951872138068 0.0266781989836 -0.0152339020129 -0.0215808315074 0.00577250061963 -0.00171951655374 0.00116987011245 
0.0127069758531 0.0117718560047 0.000439943783382 -0.0234035518405 0.223532026833 0.00294381970611 0.0148223096237 0.0111252149586 0.0346918143022 0.00684857411721 0.017453312641 0.00195734230556 0.0307749324504 0.00177290381835 0.0286900290096 0.0130060572887 0.0416397960163 0.00360116860258 0.0311310109897 0.0123738340889 0.00814632233884 -0.0158892329149 -0.0180470760429 0.0117301349798 0.055345278634 0.0303071852317 0.0163785403076 0.0168338463499 -0.00700099692683 0.0157611833374 0.0132991809981 0.0193189004181 -0.0129568898487 0.0215315054198 0.0522384225798 0.0307614369044 0.0165945857507 0.0139877894899 0.048423457509 0.027614305972 0.0229046371458 0.0239384793035 0.0243903556665 0.0452784599662 0.0274318363698 0.0246293137121 0.0255380344937 0.0211230361617 0.00173268537638 0.0116941971903 
-0.00593502641553 0.0514214152085 0.0149564581408 0.00327946629003 0.00294381970611 0.327067762619 0.00986631834619 -0.00720992422112 -0.00609211605712 0.000742628833866 0.0157152259604 0.000768284222246 0.0133655620279 0.0132510747178 0.015778020858 0.0119748972433 0.00442347292866 0.0139247091155 0.0167457309557 -0.0115068638781 0.00263829093193 0.0445176805464 -0.00396212832847 0.0244073718706 0.00484939126494 -0.0215409319832 0.00800790840578 0.000315542287901 0.00612476858249 0.00964713053605 0.0115633961521 -0.0208807641385 0.00521468261867 -0.00263666378855 0.00943300611825 -0.00251506749484 0.00177593120763 0.00964002308953 0.00327224691575 -0.000955880944516 -0.0148316912876 -0.0120185323367 0.0181476626722 0.0101090698125 0.0185420738916 0.0100361319969 0.00643629635545 -0.00739615143827 0.00301276302253 0.00909726912106 
0.00619854011314 0.0102136834927 0.0162090493115 -0.00614208502782 0.0148223096237 0.00986631834619 0.196465829388 0.00411987401522 0.0171020874507 0.00120048236205 0.0081359692247 -0.00190789074934 0.00411592211128 0.0205565464673 0.00282629977403 0.00481378627769 0.0375863584292 0.00243734658748 0.00738612989351 0.0289502477613 0.0191327696073 0.0034611296596 0.0110339403145 0.0186616716198 0.00484529973156 0.00453507835295 0.0568458169396 -0.00271585876901 0.0507346731257 0.0394598676339 0.0825890332009 -0.0129534879741 0.00885844770643 -0.00375463594658 0.00229891078994 0.015636720655 -0.00472814863956 -0.0104343843107 0.00127712760285 0.00758267090735 -0.00216529595659 0.018472315956 0.0269636882532 0.0200203974186 0.00453917272079 0.00365691078281 0.0126326924358 -0.00537320121388 0.0183258677416 0.000605572516233 
0.0334196067869 0.0345470122901 -0.0101380007553 -0.00769501664943 0.0111252149586 -0.00720992422112 0.00411987401522 0.256073815977 0.0428980093416 -0.0371012440014 0.0147280382844 0.0134866761809 0.0333954983675 0.0105446784445 0.000296966345242 0.00236437890207 0.0200310133207 0.0415019728265 0.0119401617556 0.0258814042523 -0.00462313002531 0.00362915208863 0.0361427066755 0.0193350894524 0.0084331271637 0.0465666306183 0.0212570381687 0.0393239682947 0.0093993412032 0.0155612724954 0.0576716996048 -0.0292639174065 0.000788161449234 0.0353369096209 -0.0150136844908 0.00949904964936 -0.000564767692961 0.023367818904 0.0106538926474 0.00780842470766 0.0344156169217 0.025797261032 -0.00591043574408 0.02391774025 0.0155574319222 0.0203804503624 0.0207186500759 0.0300514391398 0.0253902741332 0.0158529771772 
0.0204652974518 0.0273760785021 0.0305515807934 -0.0251804928435 0.0346918143022 -0.00609211605712 0.0171020874507 0.0428980093416 0.272253234738 0.0383865222638 0.0452325394741 0.0135716692564 0.0337557358254 0.0168473366973 0.011309806082 0.00529014783523 0.00267376440077 0.0390185348731 0.0292648997194 0.0243435290731 0.0213304435232 0.0044163260762 0.0206548280105 0.0438145809597 0.0641598863362 0.0476026657622 -0.000433526569993 0.00945148394607 -0.0126729943572 0.0150470317478 0.012676126691 0.0102964473927 -0.00138746544393 0.0298748985932 0.0290493105654 0.00562480498314 0.00659479932798 0.0248160389719 0.00629983077058 0.0152924762315 0.0161590181055 0.0276399207237 0.0384072400021 0.0376475590065 0.0312261843083 0.0178052176635 0.00927759406604 0.0285574794993 0.0198941512678 0.00368713821491 
0.0180779113992 0.0615643735804 0.00971702657593 0.0881193552045 0.00684857411722 0.000742628833865 0.00120048236205 -0.0371012440014 0.0383865222638 0.330328009996 0.00151412729658 0.0142535682399 0.0224192394515 0.0291519343095 0.0232203000959 0.0297509586942 -0.00242726352031 0.106288446042 0.00559948437128 -5.46911683089e-05 0.00689540029413 0.0836368288741 0.0127849067783 0.0221591954299 0.0059744968549 -0.00610035804141 0.0046092743117 0.0126831375042 0.0345426536059 0.014185170706 -0.010555282857 0.0377535234137 0.00282443467454 0.0193572873099 0.0114744033938 -0.00201357531731 0.0238938324768 0.0226906736888 -0.00280780029156 0.0249860086173 0.0409080089401 0.0375366297224 0.0581336476999 0.0105472459434 0.0484509930408 0.0200945393892 0.0203776303582 -0.000691357758078 0.0255143684157 0.0154223158691 
0.0072519031232 0.0348898096967 0.000456491644712 -0.0410869548532 0.017453312641 0.0157152259604 0.0081359692247 0.0147280382844 0.0452325394741 0.00151412729658 0.142485986411 -0.000362511200797 0.00436629923446 0.00564959069215 0.00495960296671 -0.000652888671631 -0.00228851673229 0.0163150154352 0.0299796884644 0.00114387063615 0.0148353386327 0.0255223469814 0.00726715190514 0.0276663855788 0.00947569903967 0.0180113506829 0.0104767058249 0.00175474104086 -0.000955274911486 0.00756786802285 0.0103404146511 0.0319873777717 0.00178267609737 0.00262813125461 -0.00295042115845 0.00248758646846 0.00749573205467 0.0217775822613 0.00492706787401 0.0172370233525 0.00519672670806 0.00106764903854 0.0181616928628 0.00787942453505 0.0109087683778 0.00263148402824 0.012647494413 0.000895937155237 -0.0118400038504 0.0221896389533 
0.00296106684382 0.0178601611085 5.42821179428e-05 -0.0272540250337 0.00195734230556 0.000768284222245 -0.00190789074934 0.0134866761809 0.0135716692564 0.0142535682399 -0.000362511200798 0.174035737228 0.0349159979013 0.0138958303064 0.0184172226586 0.0154902424141 0.0107960947317 0.0165034655192 0.0231919336718 0.0306255446586 0.0092377476714 0.0234354984849 0.000457599153495 0.0173053540494 0.017584157048 0.0248491268649 0.00499305117589 -0.00787920325962 0.0060304612425 0.0187010200449 0.0122562445545 0.00110975383745 0.003298789444 0.030216533059 0.0178796548218 0.00353867382143 0.0249176487312 -0.018712807141 0.0272427244045 0.017563294638 0.0356845751721 -0.000984098540794 0.00700892515792 0.0118752742279 0.0180593472631 0.0132831649731 0.00208955660467 0.0168876897831 0.0164461030068 0.00294435422419 
0.0270325864646 0.00911497333297 -0.00515015538393 0.024994948442 0.0307749324504 0.0133655620279 0.00411592211128 0.0333954983675 0.0337557358254 0.0224192394515 0.00436629923446 0.0349159979013 0.247017866821 0.0136607085808 0.0335466913343 0.00779687721868 0.0209273793269 0.0642435355929 0.00769244990621 0.0136800032667 0.0155331377635 0.0288555036442 0.0057731481882 0.0310668672901 0.0500106688012 0.0294581615616 0.00344907606946 0.0197054511752 0.0220778574939 0.0242862829046 0.0205066689986 -0.0333669707235 -0.0204502549758 0.024717319435 0.020070226537 0.02606184442 -0.00734759883169 0.0202502832521 0.0424601487843 0.0227454308042 0.0293923920477 0.0199795743593 0.0243953974249 0.02373232985 0.0185775843619 -0.00285998418584 0.0320643548923 0.0181233900786 0.0271229385384 0.0176766213415 
0.0268449998248 0.0159109977418 -0.000413671097653 -0.0189446271287 0.00177290381835 0.0132510747178 0.0205565464673 0.0105446784445 0.0168473366973 0.0291519343095 0.00564959069215 0.0138958303064 0.0136607085808 0.210701223294 0.0151456143761 -0.00196765372641 0.0234657535154 0.0264123474848 0.023317098354 0.0241293115724 0.00190487245284 0.00371676461353 0.0116938401429 0.0210882839428 0.012951815882 0.0280679157077 0.0168232217523 0.000877169232281 0.00784818955442 0.0280014404279 0.00801922116235 -0.0162361951548 0.00220614830001 0.00321768918065 0.0163549642205 -0.00493738557551 0.0133688982141 0.00982327873514 0.011233453177 0.00654390235201 0.00609730128534 0.00984411327929 -0.00176964026064 0.0208061691197 0.0200706939385 0.0122757928093 0.0246738604746 0.00234139014655 0.0456995737568 0.0164257939334 
0.0370137680935 0.0108938420703 0.00710857404708 -0.0151041832112 0.0286900290096 0.015778020858 0.00282629977403 0.000296966345244 0.011309806082 0.0232203000959 0.00495960296671 0.0184172226586 0.0335466913343 0.0151456143761 0.198149832704 0.0229678539207 0.0164617043048 0.0295371849619 0.0440522812092 0.0203145466614 0.0255838166092 0.0204486546396 -0.00605274369176 0.0185206499609 0.0349991914427 0.0283277004602 0.0162491562906 0.0178036119436 0.0121057237856 0.00593719684659 0.0217942937891 0.0416829010011 0.0140466239701 0.00741320626104 0.0222147340595 0.00547866662141 0.00354238059659 -0.00699508203074 0.0219654330463 0.00927290351321 0.0114093727861 0.00965261768101 0.00445304494976 0.0112320486727 0.0273466145888 0.0142737758039 0.019939165477 0.00160880272633 -0.00451501772025 0.001677260652 
0.0179063623052 0.0346558802692 0.00476852958088 -0.00121504409664 0.0130060572887 0.0119748972433 0.00481378627769 0.00236437890207 0.00529014783523 0.0297509586942 -0.000652888671632 0.0154902424141 0.00779687721868 -0.00196765372641 0.0229678539207 0.129241961879 0.00841341970834 0.0224917273386 0.0121287489538 -0.00115610111671 0.00964690345664 0.0268716983395 0.00903763239887 0.0136848023838 0.024290552986 0.0277209625268 0.0103377972307 0.0155532449203 0.00845019329956 0.00717873461036 0.033635773856 0.0124932713824 0.0142330981791 -9.1614900953e-05 0.0304680213899 0.0132510988331 0.0334938775705 0.00043516172132 0.0175846818722 0.0122907833241 -0.00616023121498 0.0134086380889 0.00607828348407 0.0210045553525 0.00358821823567 0.0175649659816 0.0213978941469 0.0195751419351 -0.0016521848281 0.00308336437905 
0.0339752528829 -0.020690363099 1.7084032881e-05 0.15487236838 0.0416397960163 0.00442347292866 0.0375863584292 0.0200310133207 0.00267376440076 -0.00242726352031 -0.00228851673229 0.0107960947317 0.0209273793269 0.0234657535154 0.0164617043048 0.00841341970834 0.244482637255 0.0226991506512 0.00599846374711 0.0207556568973 0.00761154467608 0.0186204049984 -0.000580622493324 0.0103471574487 0.0200234048345 0.0374599529981 0.02167389203 0.0142165769295 0.0545013046568 0.0261247428341 0.0404212682069 0.0413027416939 0.00659362997877 0.00980401829712 0.0410001198637 0.00819106832057 0.0177448567806 -0.00467543490374 0.0118252113507 0.0490916173336 0.0269033521744 0.0247506885279 0.0126018485887 0.0114449059468 -0.00251976471751 0.057544162003 0.00681254307286 -0.00505298893323 0.00405845092087 0.0176629688442 
0.0328146713576 0.116680128599 -0.0173671848949 0.0232207213608 0.00360116860258 0.0139247091155 0.00243734658747 0.0415019728265 0.0390185348731 0.106288446042 0.0163150154352 0.0165034655192 0.0642435355929 0.0264123474848 0.0295371849619 0.0224917273386 0.0226991506512 0.624422892165 0.016506341752 0.0292827938743 0.012839154814 0.0330316127044 0.0203132785054 -0.00689724053008 0.0215245322067 0.0482302309838 0.0214542581528 0.0134481786819 0.0318422978673 0.0158416029935 0.0381040814812 0.0608758723057 -0.00624761624055 0.028226922838 0.0877224330111 -0.0115751506816 0.0406752080929 0.0135263634395 0.00378670915381 0.033653888103 0.0366361336027 0.0224732058144 -0.00101096186629 0.0269335584175 0.00568746971006 0.0285059689773 0.0479648113062 0.0289172609399 0.0544761504082 0.00708605561846 
0.02296536494 0.0337499910919 0.0307594976168 0.0535279684544 0.0311310109897 0.0167457309557 0.00738612989352 0.0119401617557 0.0292648997194 0.00559948437128 0.0299796884644 0.0231919336718 0.00769244990622 0.023317098354 0.0440522812092 0.0121287489538 0.00599846374711 0.016506341752 0.320016272714 0.0209369403543 0.0187204599095 -0.0123692904564 -0.0070273243408 0.0208755447165 0.0347772272859 0.0590996701078 0.0211596509181 0.00480905370855 -0.0128455639919 0.0108656373373 -0.0175220730875 0.0191269067302 0.0249231273392 0.0106946158579 0.0827865970162 0.0248580481378 0.0122270386626 0.0254802765427 0.0385696049674 0.0113461965146 0.00468772883448 0.0137888529017 0.0176804877626 0.0130123495445 0.0307817204873 0.02991277652 0.0172800013615 0.0392193189218 0.010344339369 0.00549138901485 
-5.15666161325e-08 0.0482972224774 -0.00014162282143 -0.0367345674698 0.0123738340889 -0.0115068638781 0.0289502477613 0.0258814042523 0.0243435290731 -5.46911683108e-05 0.00114387063615 0.0306255446586 0.0136800032667 0.0241293115724 0.0203145466614 -0.00115610111671 0.0207556568973 0.0292827938743 0.0209369403543 0.277432213392 0.0062617191061 0.0120627910639 0.0184197239824 0.00598173441181 0.000962427435283 0.0368231929853 0.029598827334 0.00849392662915 0.0257746213968 0.0265983528938 0.0110476183033 -0.00618567841448 0.0157542339794 0.0061730094108 0.0229633062298 0.00995910534225 0.0153600243125 -0.00138386392013 0.0236845211337 0.0169398632775 0.0109332709708 0.0247426445169 0.0676680324342 0.0122177221884 0.0599537087324 0.0117172187003 0.0249771056024 0.00267653969904 0.0247544144325 0.0130240675266 
0.00644367021484 0.0252304013715 -0.0090197011951 -0.00904063225602 0.00814632233884 0.00263829093193 0.0191327696073 -0.00462313002531 0.0213304435232 0.00689540029413 0.0148353386327 0.0092377476714 0.0155331377635 0.00190487245284 0.0255838166092 0.00964690345664 0.00761154467608 0.012839154814 0.0187204599096 0.0062617191061 0.163592196267 -0.00184953776717 0.00424217569933 0.0278538385434 0.0355685741719 0.033008582873 0.0220501745988 0.0159260678028 0.000369173381649 0.00468756870252 0.00725748550587 0.089584920335 0.0153095307102 0.00907079154641 -0.00200796863587 0.00244905065776 0.0102032954844 0.0247062909278 -0.0055854981579 0.0129867407795 0.00353528560292 0.0123238499393 0.029503427398 0.00247263264733 0.00268561491339 0.0235318858793 0.00904410931787 0.0145033842519 0.000461638436598 0.00386017011749 
0.0163371177892 0.0506335708978 -0.0304203279954 0.103347063099 -0.0158892329149 0.0445176805464 0.00346112965959 0.00362915208863 0.00441632607621 0.0836368288741 0.0255223469814 0.0234354984849 0.0288555036442 0.00371676461353 0.0204486546396 0.0268716983395 0.0186204049984 0.0330316127044 -0.0123692904564 0.0120627910639 -0.00184953776716 0.767516270922 0.027918024323 0.0150655631236 0.00772849232237 0.014044489669 0.000358719380504 0.0364760965457 -0.0105917701556 0.025203313152 -0.0274456908132 0.0120858126184 0.00502781218244 0.011387900126 0.0195001482553 -0.0151411845494 0.0159485290949 0.0327028762074 -0.000673002827596 -0.000453809105171 0.00926716837536 0.00464679217688 0.0410832576221 0.00509121205392 -0.0278129691186 -0.00540253295698 0.0334121301686 0.00525918371141 0.018764758795 0.00267991697376 
0.0226706307646 0.0243080600523 0.0125132904117 -0.0173223087463 -0.0180470760429 -0.00396212832847 0.0110339403145 0.0361427066755 0.0206548280105 0.0127849067783 0.00726715190514 0.000457599153495 0.0057731481882 0.0116938401429 -0.00605274369176 0.00903763239887 -0.000580622493324 0.0203132785054 -0.0070273243408 0.0184197239824 0.00424217569933 0.027918024323 0.22119577741 0.00793691500737 0.0106588542499 0.00572360269665 0.0127110754891 0.00837809505442 0.0113017111838 0.0118413275005 -0.00563667964933 0.00415439359059 -0.00234032732165 0.00388301862241 -0.020019613096 -0.00133357602382 0.0094949014373 0.0203623708996 0.00440745172731 0.00447615927374 0.00675684677141 0.0140829916492 -0.00614193160133 0.0117416331142 -0.00207320025709 0.0167592564598 0.00430684602213 -0.0115226640387 0.00806183580734 0.0130553714638 
0.02692541728 0.00251993754339 -0.0124676584409 -0.00645058476008 0.0117301349798 0.0244073718706 0.0186616716198 0.0193350894524 0.0438145809597 0.0221591954299 0.0276663855788 0.0173053540494 0.0310668672901 0.0210882839428 0.0185206499609 0.0136848023838 0.0103471574487 -0.00689724053008 0.0208755447165 0.00598173441181 0.0278538385434 0.0150655631236 0.00793691500737 0.237098072851 0.042006533268 0.0132556320577 0.013106203139 -0.0112065179162 0.00322369854456 0.0413978587083 -0.0100795002007 0.0218424169421 -0.000205123801059 -0.00136019651183 0.0231728801064 0.00401111407085 0.0314053393031 0.00844033326705 0.0114688338316 0.00778564418835 0.0195312828751 -0.000606345545256 -0.0052627409368 0.0267803706082 0.0366706002012 0.0162558303539 0.0139230417505 0.00491531568491 0.00505009248484 0.0157115753606 
0.0216620883473 0.0326851082732 0.018196772819 -0.0117935149325 0.055345278634 0.00484939126494 0.00484529973156 0.0084331271637 0.0641598863362 0.00597449685489 0.00947569903967 0.017584157048 0.0500106688012 0.012951815882 0.0349991914427 0.024290552986 0.0200234048346 0.0215245322067 0.0347772272859 0.000962427435286 0.0355685741719 0.00772849232235 0.0106588542499 0.042006533268 0.31619475379 0.0426202059115 -2.26408099959e-05 0.0252114089814 0.0200672318229 0.0208589522345 0.0070533341626 0.0403188785687 0.0152712014927 0.013795072352 0.0789622296166 0.00818375637203 0.0253175953597 0.0483105613673 0.0335417278843 0.0296209325061 0.0187262783651 -0.000867100830131 0.0402263474077 0.0128509262051 0.0616086544805 0.0423545865679 0.0291278309947 0.0143523907893 -0.00281557433194 0.00669529012084 
0.0185384805687 0.0515176181558 -0.00777066352381 -0.00241896723802 0.0303071852317 -0.0215409319832 0.00453507835295 0.0465666306183 0.0476026657622 -0.00610035804141 0.0180113506829 0.0248491268649 0.0294581615616 0.0280679157077 0.0283277004602 0.0277209625268 0.0374599529981 0.0482302309839 0.0590996701078 0.0368231929853 0.033008582873 0.014044489669 0.00572360269665 0.0132556320577 0.0426202059115 0.315809099825 0.00435794497818 0.0456629054272 0.00492569373622 0.00832190974405 0.0262972991572 0.0192158465521 0.0351082499082 0.0135675769635 0.0331203562994 0.0146855010342 -0.000790689356802 -0.0148663791486 0.0411479596166 0.0128590278735 0.0279465856675 0.0191562334337 -0.0107163373219 0.0307627137722 0.013336722961 0.0120678626385 -0.0089047720035 0.0833946595681 0.0204639982292 0.00677132436163 
0.00570014908147 -0.00149555658568 0.00267710006691 -0.0160243682392 0.0163785403076 0.00800790840578 0.0568458169396 0.0212570381687 -0.000433526569994 0.0046092743117 0.0104767058249 0.00499305117589 0.00344907606946 0.0168232217523 0.0162491562906 0.0103377972307 0.02167389203 0.0214542581528 0.0211596509181 0.029598827334 0.0220501745988 0.000358719380507 0.0127110754891 0.013106203139 -2.26408099982e-05 0.00435794497818 0.140872706591 -0.000549207352237 0.0270241317433 0.0414376076509 0.0240591469322 0.00712041957156 0.0161741691133 0.00706145156935 0.000468710561774 0.00991627437183 0.00359473602511 -0.0110177601861 0.00811263894726 0.00173741050516 -0.00202397876511 0.0232990721252 0.0253984544161 0.0273953260281 0.00621282549073 0.0165323551234 0.00671038389507 0.00517100537979 0.00998614792378 0.0200627507206 
0.0093080791028 0.0726380108753 -0.0100727818343 0.0102393640414 0.01683384635 0.0003155422879 -0.00271585876901 0.0393239682947 0.00945148394607 0.0126831375042 0.00175474104086 -0.00787920325962 0.0197054511752 0.000877169232281 0.0178036119436 0.0155532449203 0.0142165769295 0.0134481786819 0.00480905370855 0.00849392662915 0.0159260678028 0.0364760965457 0.00837809505442 -0.0112065179162 0.0252114089814 0.0456629054272 -0.000549207352236 0.372437275336 -0.0176171162504 0.0117557760529 -0.0199461542524 0.0119544785767 -0.00743091740012 0.0148402265187 0.0237293811855 0.0184803407522 0.0120505517951 0.0271669730471 0.00480692786689 0.0189342891015 0.00156122977006 0.00410938135263 -0.00743323005313 0.0238817687602 0.0106386323683 0.00528652371143 0.014851320276 0.00957371637785 0.00780391217604 -0.0105701210098 
0.0178428651787 0.0701784788233 -0.00501688702996 0.00580862915143 -0.00700099692684 0.00612476858249 0.0507346731257 0.0093993412032 -0.0126729943572 0.0345426536059 -0.000955274911488 0.0060304612425 0.0220778574939 0.00784818955442 0.0121057237856 0.00845019329956 0.0545013046568 0.0318422978673 -0.012845563992 0.0257746213968 0.000369173381648 -0.0105917701555 0.0113017111838 0.00322369854456 0.0200672318229 0.00492569373622 0.0270241317433 -0.0176171162504 0.422948306233 0.0599041263629 0.192897790699 -0.0129854509384 -0.0208099600441 0.0451936538395 0.00107276427253 0.0219244126512 0.00534838707964 -0.0115306446362 0.00745057832074 0.000417021676467 0.0132488571444 0.0299257305187 0.0109595811116 0.00570462226377 -0.0107582022967 0.0332798683944 0.0135910200104 -0.0204017902788 0.0115385149412 -0.00277091790896 
0.00975310294912 0.0176367103097 0.00303348854371 -0.0040329865907 0.0157611833374 0.00964713053605 0.0394598676339 0.0155612724954 0.0150470317478 0.014185170706 0.00756786802284 0.0187010200449 0.0242862829046 0.0280014404279 0.00593719684659 0.00717873461036 0.0261247428341 0.0158416029936 0.0108656373372 0.0265983528938 0.00468756870252 0.025203313152 0.0118413275005 0.0413978587083 0.0208589522345 0.00832190974405 0.0414376076509 0.0117557760529 0.0599041263629 0.17451324341 0.0432354770199 -0.00264735573047 0.00753765055071 0.020155263723 0.022186201623 0.0293028242816 0.00451728431164 -0.000444791183641 0.0267901685386 0.0205436534403 0.00323376809234 -0.00289740820925 0.0281915730993 0.0230992385691 0.0258570942464 0.00523213807667 0.0144884057369 0.00179117901949 0.0141244534209 0.011448941921 
0.0427412427773 -0.00205073758555 -0.0167987483033 0.0820911416398 0.0132991809981 0.0115633961521 0.0825890332009 0.0576716996048 0.012676126691 -0.010555282857 0.0103404146511 0.0122562445545 0.0205066689986 0.00801922116235 0.0217942937891 0.033635773856 0.0404212682069 0.0381040814812 -0.0175220730875 0.0110476183033 0.00725748550587 -0.0274456908132 -0.00563667964933 -0.0100795002007 0.00705333416259 0.0262972991572 0.0240591469322 -0.0199461542524 0.192897790699 0.0432354770199 0.399318031049 -0.00251356200651 0.0201448655579 0.000919223130875 0.0117823157636 0.0289470743222 0.0121437424749 -0.0120459615279 0.0200863829917 -0.00318046974363 0.0235897432485 0.00834319345816 0.00951421264852 0.00139974556396 0.0272022393109 -0.00690238475136 0.00699375834652 -0.0165503438421 0.0188183828901 -0.00492766115836 
0.0180170445388 0.0441192868764 0.00463855545482 0.334980252725 0.0193189004181 -0.0208807641385 -0.0129534879741 -0.0292639174065 0.0102964473927 0.0377535234137 0.0319873777717 0.00110975383745 -0.0333669707235 -0.0162361951548 0.0416829010011 0.0124932713824 0.0413027416939 0.0608758723057 0.0191269067303 -0.00618567841447 0.089584920335 0.0120858126184 0.00415439359059 0.0218424169422 0.0403188785687 0.0192158465521 0.00712041957156 0.0119544785767 -0.0129854509384 -0.00264735573047 -0.00251356200651 0.433862340774 0.0139048005045 0.0213295986628 -0.00436729179437 0.0106146407322 0.0665750369977 0.0477870320832 0.00360111441806 0.00675740010603 0.000475481527445 0.000517489097481 0.0427370029296 0.024723388225 0.001793718793 0.0508034422958 -0.00192181109144 -0.00936786023244 -0.00689335027095 -0.00768357580055 
0.0102098172212 0.0420451249634 0.0115608588606 0.00219373972319 -0.0129568898487 0.00521468261867 0.00885844770643 0.000788161449236 -0.00138746544393 0.00282443467453 0.00178267609737 0.003298789444 -0.0204502549758 0.00220614830001 0.0140466239701 0.0142330981791 0.00659362997877 -0.00624761624055 0.0249231273392 0.0157542339794 0.0153095307102 0.00502781218244 -0.00234032732165 -0.000205123801059 0.0152712014927 0.0351082499082 0.0161741691133 -0.00743091740012 -0.0208099600441 0.00753765055071 0.0201448655579 0.0139048005045 0.236459731395 -0.000507509633609 0.031318288174 0.00158833062307 0.00869888278105 -0.0058578081191 -0.0135302628886 0.00851243238703 0.0114372672836 0.00139959960224 0.01002868316 0.0248336637149 0.00202495842941 0.0210050954168 0.0261742656599 0.00163925233479 0.0236251952391 0.00162489734442 
0.00585958280469 0.00547261696107 0.000729660073558 -0.00126855166052 0.0215315054198 -0.00263666378855 -0.00375463594658 0.0353369096209 0.0298748985932 0.0193572873099 0.00262813125461 0.030216533059 0.024717319435 0.00321768918065 0.00741320626104 -9.16149009531e-05 0.00980401829712 0.028226922838 0.0106946158579 0.0061730094108 0.00907079154641 0.011387900126 0.00388301862241 -0.00136019651184 0.013795072352 0.0135675769635 0.00706145156935 0.0148402265187 0.0451936538395 0.020155263723 0.000919223130874 0.0213295986628 -0.00050750963361 0.24852727012 0.00342619037988 0.0012369550336 0.00749164047094 -0.003803804973 -0.000810957259356 0.00825584401602 0.00141927616371 -0.00884112901167 -0.000538870544242 0.0151545373312 0.00337918973416 0.0224417520099 0.00110944975718 0.0107257238832 0.0178314931853 0.0104466655485 
0.0351406417128 0.000618682443211 -0.00332849000607 0.054808869032 0.0522384225798 0.00943300611825 0.00229891078994 -0.0150136844908 0.0290493105654 0.0114744033938 -0.00295042115845 0.0178796548218 0.020070226537 0.0163549642205 0.0222147340595 0.0304680213899 0.0410001198637 0.0877224330111 0.0827865970162 0.0229633062298 -0.00200796863587 0.0195001482553 -0.020019613096 0.0231728801064 0.0789622296166 0.0331203562994 0.000468710561775 0.0237293811855 0.00107276427254 0.022186201623 0.0117823157636 -0.00436729179438 0.031318288174 0.00342619037988 0.432484067468 0.0193038125251 0.0323214042381 0.0299456460684 0.056705718442 0.035874073466 0.0111570303335 -0.0169254417144 0.0398711577641 0.0298111541114 0.035581726999 0.0413949644895 0.0166925386521 0.0394679072935 0.03789508133 0.00157874788803 
0.0160617790188 0.0139295047915 0.00841313898802 0.00451081714268 0.0307614369044 -0.00251506749484 0.015636720655 0.00949904964936 0.00562480498314 -0.00201357531731 0.00248758646846 0.00353867382143 0.02606184442 -0.00493738557551 0.00547866662141 0.0132510988331 0.00819106832057 -0.0115751506816 0.0248580481378 0.00995910534225 0.00244905065775 -0.0151411845494 -0.00133357602382 0.00401111407085 0.00818375637202 0.0146855010342 0.00991627437183 0.0184803407522 0.0219244126512 0.0293028242816 0.0289470743222 0.0106146407322 0.00158833062307 0.0012369550336 0.0193038125251 0.215456969869 0.0113730011188 0.0076077775844 0.0313453372649 0.0242220306138 0.0169293353119 0.0164575461733 0.00142111965763 0.0042839733862 0.00518382672392 0.00869101289432 0.0148819232971 0.00802415004345 0.0165410809657 0.00330040328116 
0.0163727314066 0.0207463286776 0.00966482965067 0.0445751506327 0.0165945857507 0.00177593120763 -0.00472814863956 -0.000564767692961 0.00659479932798 0.0238938324768 0.00749573205467 0.0249176487312 -0.00734759883169 0.0133688982141 0.00354238059659 0.0334938775705 0.0177448567806 0.0406752080929 0.0122270386626 0.0153600243125 0.0102032954844 0.0159485290949 0.0094949014373 0.0314053393031 0.0253175953597 -0.000790689356799 0.00359473602511 0.0120505517951 0.00534838707964 0.00451728431164 0.0121437424749 0.0665750369977 0.00869888278105 0.00749164047094 0.0323214042381 0.0113730011188 0.333282655266 0.00743285772106 0.0187306519237 0.00963130933484 0.038744547575 0.00215493526905 0.00523210616041 0.00782448129951 0.0233351386546 0.00384921375139 0.0187892680901 0.0172093751356 0.0109349137541 -0.0023988413166 
-0.00715443771864 0.0119828379173 -0.0128338827018 0.026157981051 0.0139877894899 0.00964002308953 -0.0104343843107 0.023367818904 0.0248160389719 0.0226906736888 0.0217775822613 -0.018712807141 0.020250283252 0.00982327873514 -0.00699508203074 0.000435161721321 -0.00467543490373 0.0135263634394 0.0254802765427 -0.00138386392012 0.0247062909278 0.0327028762074 0.0203623708996 0.00844033326705 0.0483105613673 -0.0148663791486 -0.011017760186 0.0271669730471 -0.0115306446362 -0.000444791183631 -0.0120459615279 0.0477870320832 -0.0058578081191 -0.003803804973 0.0299456460684 0.0076077775844 0.00743285772106 0.594479345068 0.0642977399054 0.013696714305 0.0065124966114 0.0113295242839 -0.00577463850541 0.011707866662 0.0144008313152 0.0151924928323 0.00744925616992 -0.0112780021006 -0.00380082687411 0.0119948787434 
-0.0231928461012 -0.0243224039526 0.0115193932843 0.00999255157686 0.048423457509 0.00327224691575 0.00127712760285 0.0106538926474 0.00629983077058 -0.00280780029157 0.00492706787401 0.0272427244045 0.0424601487843 0.011233453177 0.0219654330463 0.0175846818722 0.0118252113507 0.00378670915381 0.0385696049674 0.0236845211337 -0.0055854981579 -0.000673002827609 0.00440745172731 0.0114688338316 0.0335417278843 0.0411479596166 0.00811263894727 0.00480692786688 0.00745057832076 0.0267901685386 0.0200863829917 0.00360111441806 -0.0135302628886 -0.000810957259354 0.056705718442 0.0313453372649 0.0187306519237 0.0642977399054 0.307127658972 0.00982990703336 0.0295342753172 0.0191944014549 0.0291212048387 0.0119722758929 0.038788081854 0.0283694882359 0.0201035005172 0.0190285839054 -0.0167358813448 0.0114738166401 
0.0198663479249 0.0234241164768 0.00969869976838 -0.015883063639 0.027614305972 -0.000955880944517 0.00758267090735 0.00780842470766 0.0152924762315 0.0249860086173 0.0172370233525 0.017563294638 0.0227454308042 0.00654390235201 0.00927290351321 0.0122907833241 0.0490916173337 0.033653888103 0.0113461965146 0.0169398632775 0.0129867407795 -0.000453809105178 0.00447615927374 0.00778564418835 0.0296209325061 0.0128590278735 0.00173741050516 0.0189342891015 0.00041702167647 0.0205436534403 -0.00318046974363 0.00675740010603 0.00851243238703 0.00825584401602 0.035874073466 0.0242220306138 0.00963130933484 0.013696714305 0.00982990703336 0.16525972865 0.0339991094453 0.0266735673937 0.0120641402871 0.0148729204597 0.00825131422266 0.0177460625816 0.0295482652485 0.00922328759902 0.0096510793918 0.0237428542668 
0.0133634021397 0.0180218549634 0.00973182496988 -0.0187254013827 0.0229046371458 -0.0148316912876 -0.00216529595659 0.0344156169217 0.0161590181055 0.0409080089401 0.00519672670806 0.0356845751721 0.0293923920477 0.00609730128534 0.0114093727861 -0.00616023121498 0.0269033521744 0.0366361336027 0.00468772883448 0.0109332709708 0.00353528560292 0.00926716837536 0.00675684677141 0.0195312828751 0.0187262783651 0.0279465856675 -0.00202397876511 0.00156122977006 0.0132488571444 0.00323376809234 0.0235897432485 0.000475481527444 0.0114372672836 0.00141927616371 0.0111570303335 0.0169293353119 0.038744547575 0.0065124966114 0.0295342753172 0.0339991094453 0.236156877851 0.0183288485099 0.0125761834868 0.014917365708 0.0161076835421 0.00729292964735 0.0134270569236 0.0134770357154 0.0189901146995 0.00189381947934 
0.00840765783688 0.0169542668657 0.00106476841453 0.0209397128906 0.0239384793035 -0.0120185323367 0.018472315956 0.025797261032 0.0276399207237 0.0375366297224 0.00106764903854 -0.000984098540794 0.0199795743593 0.00984411327929 0.00965261768101 0.0134086380889 0.0247506885279 0.0224732058144 0.0137888529017 0.0247426445169 0.0123238499393 0.00464679217688 0.0140829916492 -0.000606345545257 -0.000867100830133 0.0191562334337 0.0232990721252 0.00410938135263 0.0299257305187 -0.00289740820925 0.00834319345816 0.000517489097481 0.00139959960224 -0.00884112901167 -0.0169254417144 0.0164575461733 0.00215493526905 0.0113295242839 0.0191944014549 0.0266735673937 0.0183288485099 0.191423189794 -0.00426133140493 0.018164536356 0.0234268838833 0.00829361991809 0.0246905665535 0.0131468232021 0.0205536163687 0.0201345796799 
0.0112472256829 0.028593627248 -0.00863272524526 0.0021524208795 0.0243903556665 0.0181476626722 0.0269636882532 -0.00591043574408 0.0384072400021 0.0581336476999 0.0181616928628 0.00700892515792 0.0243953974249 -0.00176964026064 0.00445304494976 0.00607828348407 0.0126018485887 -0.0010109618663 0.0176804877626 0.0676680324342 0.029503427398 0.0410832576221 -0.00614193160133 -0.0052627409368 0.0402263474077 -0.0107163373219 0.0253984544161 -0.00743323005313 0.0109595811116 0.0281915730993 0.00951421264851 0.0427370029296 0.01002868316 -0.000538870544242 0.0398711577641 0.00142111965763 0.00523210616041 -0.00577463850544 0.0291212048387 0.0120641402871 0.0125761834868 -0.00426133140493 0.446378265013 0.00519585994904 0.0138954148654 0.0107185472533 0.0191129878285 -0.00359628549272 0.0421757989649 -0.00373357958913 
0.0115215107127 0.0091014515942 0.00330792962614 -0.000951872138068 0.0452784599662 0.0101090698125 0.0200203974186 0.02391774025 0.0376475590065 0.0105472459434 0.00787942453505 0.0118752742279 0.02373232985 0.0208061691197 0.0112320486727 0.0210045553525 0.0114449059468 0.0269335584175 0.0130123495445 0.0122177221884 0.00247263264733 0.00509121205391 0.0117416331142 0.0267803706082 0.0128509262051 0.0307627137722 0.0273953260281 0.0238817687602 0.00570462226377 0.0230992385691 0.00139974556396 0.024723388225 0.0248336637149 0.0151545373312 0.0298111541114 0.0042839733862 0.00782448129951 0.011707866662 0.0119722758929 0.0148729204597 0.014917365708 0.018164536356 0.00519585994904 0.211197817119 0.00835313840591 0.0137640944575 0.00806017510743 0.0250703957101 0.00802758132726 -0.00290183650733 
-0.00622934121796 0.0240641690199 -0.0107519031839 0.0266781989836 0.0274318363698 0.0185420738916 0.00453917272079 0.0155574319222 0.0312261843083 0.0484509930408 0.0109087683778 0.0180593472631 0.0185775843619 0.0200706939385 0.0273466145888 0.00358821823567 -0.00251976471751 0.00568746971006 0.0307817204873 0.0599537087324 0.00268561491339 -0.0278129691186 -0.00207320025709 0.0366706002012 0.0616086544805 0.013336722961 0.00621282549073 0.0106386323683 -0.0107582022967 0.0258570942464 0.0272022393109 0.00179371879298 0.00202495842941 0.00337918973416 0.0355817269989 0.00518382672392 0.0233351386546 0.0144008313152 0.038788081854 0.00825131422266 0.0161076835421 0.0234268838833 0.0138954148654 0.00835313840591 0.365263981256 0.0204599669442 0.0225436894358 0.0210470652007 0.00320498305293 -0.00419630094055 
0.0155590469192 0.0245344868562 0.025477291329 -0.0152339020129 0.0246293137121 0.0100361319969 0.00365691078281 0.0203804503624 0.0178052176635 0.0200945393892 0.00263148402824 0.0132831649731 -0.00285998418584 0.0122757928093 0.0142737758039 0.0175649659816 0.057544162003 0.0285059689773 0.02991277652 0.0117172187003 0.0235318858793 -0.00540253295698 0.0167592564598 0.0162558303539 0.0423545865679 0.0120678626385 0.0165323551234 0.00528652371143 0.0332798683944 0.00523213807667 -0.00690238475136 0.0508034422958 0.0210050954168 0.0224417520099 0.0413949644895 0.00869101289432 0.00384921375139 0.0151924928323 0.0283694882359 0.0177460625816 0.00729292964735 0.00829361991809 0.0107185472533 0.0137640944575 0.0204599669442 0.22219422618 0.000438398455401 0.0191740057724 0.0147350406997 0.014853291613 
0.0115642649832 0.0416477048293 0.0222561096762 -0.0215808315074 0.0255380344937 0.00643629635545 0.0126326924358 0.0207186500759 0.00927759406604 0.0203776303582 0.012647494413 0.00208955660467 0.0320643548923 0.0246738604746 0.019939165477 0.0213978941469 0.00681254307286 0.0479648113062 0.0172800013615 0.0249771056024 0.00904410931787 0.0334121301686 0.00430684602213 0.0139230417505 0.0291278309947 -0.0089047720035 0.00671038389507 0.014851320276 0.0135910200104 0.0144884057369 0.00699375834652 -0.00192181109144 0.0261742656599 0.00110944975718 0.0166925386521 0.0148819232971 0.0187892680901 0.00744925616992 0.0201035005172 0.0295482652485 0.0134270569236 0.0246905665535 0.0191129878285 0.00806017510743 0.0225436894358 0.000438398455401 0.222980742144 -0.00606198649547 0.0398191963199 -0.00149721413914 
