20
0.110374427341 0.075466134778 0.0571686925308 0.0146303634135 0.00787829448736 0.072987431854 0.158066549078 0.0475630895173 0.0833786368315 0.161692830297 0.0160420823192 0.112605751981 0.125840316239 0.0994766710856 -0.00694067656108 0.0520830917934 0.0206658862902 0.0593939882808 0.0202129727645 0.0147816990943 
0.462453096968 0.0159842626422 0.00813929721914 0.00490477350742 -0.000838478567899 -0.0265949909513 0.0402002847857 0.0510947578762 0.0100049079169 0.0108733569835 0.036186177441 0.264761929999 0.0362850858422 0.0268190178994 0.0232124371819 0.0309956563181 0.0221733912329 0.0130759868964 0.0161804321149 0.0155589587259 
0.0159842626422 0.458077576207 0.0309828438114 -0.00352996371687 0.0125621612438 -0.0213954718253 -0.0229861211225 0.00551753814137 0.0275352478093 0.0326494220055 0.029897789658 0.0169110482221 0.0483235198628 0.0135632029465 0.0594929111135 -0.010078630119 0.0135255258439 0.014066691754 0.00362603738931 0.0102506643082 
0.00813929721914 0.0309828438114 0.375625656977 0.0224742589099 0.0192191796402 0.00843887070252 0.00139926187124 0.0159442077618 0.00781840595073 0.000827956796371 0.0291631657896 0.0223814551684 0.0331033891566 -0.00294435576391 0.0526069925389 0.00691022082485 0.0244463389047 0.0261536657403 0.0465825668316 0.0154720281848 
0.00490477350742 -0.00352996371687 0.0224742589099 0.164427673339 0.0213668409186 0.00842928495901 0.00388921681381 -0.00380734581824 0.0143558064643 0.00348648013268 0.00998512286288 0.00268691021686 0.0313158501131 0.0207808370103 0.017612909477 0.0234349771233 0.0182366128706 0.0206458207335 0.0265640820585 0.028556067077 
-0.000838478567899 0.0125621612438 0.0192191796402 0.0213668409186 0.164880153895 0.00279385966383 -0.000125886803357 0.00972169132508 0.00112890398183 0.00564186846487 0.00986371097932 -0.00530548501408 0.0232474740027 0.014962616155 0.0151205960762 0.00463306917694 0.019246863478 -0.00375576592396 0.0131007347478 0.0177838533019 
-0.0265949909513 -0.0213954718253 0.00843887070252 0.00842928495901 0.00279385966383 0.488667576336 -0.0257577387438 -4.50769271114e-05 -0.00432511595855 -0.0121401914302 0.0115117867498 0.0172643144037 -0.0146719363011 0.0395975153961 0.0181298686016 0.00624947598538 0.0203873780505 0.00730122196862 0.0235805874932 0.0153921205838 
0.0402002847857 -0.0229861211225 0.00139926187124 0.00388921681381 -0.000125886803357 -0.0257577387438 0.689882223978 -0.0027476114735 -0.00549318432799 0.00337173887747 0.0148208874358 -0.032748521226 -0.00993228340227 0.00405161823883 0.0170988552963 -0.0109878449989 -0.0220214672975 0.00140458585109 0.00196788451995 0.0190624805185 
0.0510947578762 0.00551753814137 0.0159442077618 -0.00380734581824 0.00972169132508 -4.50769271113e-05 -0.0027476114735 0.316335016063 0.0156945378854 -0.0128745679552 0.00531508753686 -0.00703421219772 0.00655244418306 -0.0159474053513 0.0306627099366 0.0185636510486 0.00426897121428 0.00338878185545 0.0126786834922 -0.00387400134203 
0.0100049079169 0.0275352478093 0.00781840595073 0.0143558064643 0.00112890398183 -0.00432511595855 -0.00549318432799 0.0156945378854 0.387701063418 0.00749985555227 0.022418478011 0.0386334664323 0.0515192335021 0.00866346455149 0.0144233235493 0.0109318386334 0.0266261703557 0.0425309103482 0.0450359437681 0.0275138542348 
0.0108733569835 0.0326494220055 0.000827956796371 0.00348648013268 0.00564186846487 -0.0121401914302 0.00337173887747 -0.0128745679552 0.00749985555227 0.899782677317 0.0568086445583 0.0217327287511 0.0467846618772 0.0314559090363 0.0171149109399 0.0309670301683 0.0133088981478 0.00159636996271 0.0139089680238 0.0212920303226 
0.036186177441 0.029897789658 0.0291631657896 0.00998512286288 0.00986371097932 0.0115117867498 0.0148208874358 0.00531508753686 0.022418478011 0.0568086445583 0.187036236944 0.0378715525407 0.0296281159628 0.00689143190815 0.0228641006939 0.022381440238 0.0479796486584 0.0232539797499 0.0303708749289 0.0631869908211 
0.264761929999 0.0169110482221 0.0223814551684 0.00268691021686 -0.00530548501408 0.0172643144037 -0.032748521226 -0.00703421219772 0.0386334664323 0.0217327287511 0.0378715525407 0.528436630101 0.0272196516275 0.0162193003198 0.0358613480887 0.0254943301324 0.0492787976839 0.0147780784852 0.0345035460017 0.0136350501181 
0.0362850858422 0.0483235198628 0.0331033891566 0.0313158501131 0.0232474740027 -0.0146719363011 -0.00993228340227 0.00655244418306 0.0515192335021 0.0467846618772 0.0296281159628 0.0272196516275 0.410341762683 0.0103183732869 0.0354146618541 0.0280749919994 0.0442763559673 0.0210328754122 0.0409598269574 -0.00203951176542 
0.0268190178994 0.0135632029465 -0.00294435576391 0.0207808370103 0.014962616155 0.0395975153961 0.00405161823883 -0.0159474053513 0.00866346455149 0.0314559090363 0.00689143190815 0.0162193003198 0.0103183732869 0.446321375263 0.0258126224794 0.0229620115657 0.058751095651 0.00987523382801 0.0323553414038 -0.0145655148228 
0.0232124371819 0.0594929111135 0.0526069925389 0.017612909477 0.0151205960762 0.0181298686016 0.0170988552963 0.0306627099366 0.0144233235493 0.0171149109399 0.0228641006939 0.0358613480887 0.0354146618541 0.0258126224794 0.397658897315 -0.00174598723294 0.0229668581232 0.0156161643363 0.0349276387689 0.00782714156444 
0.0309956563181 -0.010078630119 0.00691022082485 0.0234349771233 0.00463306917694 0.00624947598538 -0.0109878449989 0.0185636510486 0.0109318386334 0.0309670301683 0.022381440238 0.0254943301324 0.0280749919994 0.0229620115657 -0.00174598723294 0.23420067093 0.0408847629456 0.0156799660004 0.0212834386391 0.0308711331798 
0.0221733912329 0.0135255258439 0.0244463389047 0.0182366128706 0.019246863478 0.0203873780505 -0.0220214672975 0.00426897121428 0.0266261703557 0.0133088981478 0.0479796486584 0.0492787976839 0.0442763559673 0.058751095651 0.0229668581232 0.0408847629456 0.23364691622 0.03178117408 0.0436289369279 0.0219843980327 
0.0130759868964 0.014066691754 0.0261536657403 0.0206458207335 -0.00375576592396 0.00730122196862 0.00140458585109 0.00338878185545 0.0425309103482 0.00159636996271 0.0232539797499 0.0147780784852 0.0210328754122 0.00987523382801 0.0156161643363 0.0156799660004 0.03178117408 0.240809141781 0.022901190931 0.0167048241812 
0.0161804321149 0.00362603738931 0.0465825668316 0.0265640820585 0.0131007347478 0.0235805874932 0.00196788451995 0.0126786834922 0.0450359437681 0.0139089680238 0.0303708749289 0.0345035460017 0.0409598269574 0.0323553414038 0.0349276387689 0.0212834386391 0.0436289369279 0.022901190931 0.21782894384 0.017900212004 
0.0155589587259 0.0102506643082 0.0154720281848 0.028556067077 0.0177838533019 0.0153921205838 0.0190624805185 -0.00387400134203 0.0275138542348 0.0212920303226 0.0631869908211 0.0136350501181 -0.00203951176542 -0.0145655148228 0.00782714156444 0.0308711331798 0.0219843980327 0.0167048241812 0.017900212004 0.224158263804 
0.0400496130033 0.00138427775089 0.000704883816073 0.000424765845723 -7.26143740329e-05 -0.00230319377773 0.00348144678638 0.0044249358321 0.00086645044186 0.000941660337211 0.00313381489298 0.0229290557334 0.00314238061178 0.00232259508055 0.00201025602833 0.00268430257784 0.00192027200958 0.00113241368319 0.00140126652557 0.0013474453513 
0.00138427775089 0.03967068179 0.00268319298222 -0.000305703825325 0.00108791507636 -0.00185290221266 -0.00199065648265 0.000477832819678 0.00238462241024 0.00282752288756 0.00258922453608 0.0014645397365 0.00418493958015 0.00117460783084 0.00515223723693 -0.000872834971836 0.00117134489803 0.00121821124062 0.000314024049421 0.000887733569659 
0.000704883816073 0.00268319298222 0.0325301361255 0.00194632791472 0.00166442978083 0.000730827640764 0.000121179632704 0.0013808088965 0.000677093817043 7.17031618893e-05 0.00252560424285 0.00193829087495 0.0028668375961 -0.000254988688932 0.00455589919554 0.000598442678008 0.0021171150521 0.00226497389332 0.00403416862497 0.00133991694561 
0.000424765845723 -0.000305703825325 0.00194632791472 0.0142398542196 0.00185042270342 0.000729997491024 0.000336816056158 -0.000329725819959 0.00124324930899 0.000301938036469 0.000864737005916 0.000232693250549 0.0027120321739 0.00179967327628 0.00152532270416 0.00202952855259 0.00157933700249 0.00178798052372 0.00230051698909 0.00247302795209 
-7.26143740329e-05 0.00108791507636 0.00166442978083 0.00185042270342 0.0142790401853 0.000241955344348 -1.09021169708e-05 0.000841923165527 9.776595267e-05 0.000488600141538 0.000854222428368 -0.000459468480159 0.00201329030602 0.00129580056973 0.00130948203223 0.000401235560472 0.00166682727151 -0.000325258870082 0.00113455690998 0.00154012687366 
-0.00230319377773 -0.00185290221266 0.000730827640764 0.000729997491024 0.000241955344348 0.0423198535112 -0.00223068560962 -3.9037764003e-06 -0.000374566029442 -0.00105137141854 0.000996949976826 0.00149513348525 -0.00127062695594 0.00342924542598 0.00157009267763 0.000541220496368 0.00176559873083 0.000632304370349 0.00204213878053 0.00133299674437 
0.00348144678638 -0.00199065648265 0.000121179632704 0.000336816056158 -1.09021169709e-05 -0.00223068560962 0.0597455531585 -0.000237950133578 -0.000475723717571 0.000292001152282 0.00128352650261 -0.00283610513181 -0.000860160974395 0.000350880432126 0.00148080430622 -0.000951575290193 -0.00190711501082 0.000121640702884 0.000170423798599 0.00165085923881 
0.0044249358321 0.000477832819678 0.0013808088965 -0.000329725819959 0.000841923165527 -3.90377640029e-06 -0.000237950133578 0.0273954160017 0.00135918685094 -0.0011149702912 0.000460300083026 -0.000609180645884 0.000567458311941 -0.00138108581586 0.0026554685754 0.00160765933951 0.000369703751959 0.00029347711747 0.00109800619908 -0.000335498357649 
0.00086645044186 0.00238462241024 0.000677093817043 0.00124324930899 9.776595267e-05 -0.000374566029442 -0.000475723717571 0.00135918685094 0.0335758969994 0.000649506543298 0.00194149714717 0.00334575633666 0.00446169649964 0.000750278038638 0.00124909646007 0.000946724996661 0.00230589399335 0.00368328488076 0.00390022713866 0.00238276967234 
0.00094166033721 0.00282752288756 7.17031618894e-05 0.000301938036469 0.000488600141538 -0.00105137141854 0.000292001152282 -0.0011149702912 0.000649506543298 0.0779234656442 0.00491977293421 0.0018821095192 0.00405167056931 0.00272416163246 0.00148219476575 0.00268182348055 0.00115258438924 0.000138249694155 0.00120455196491 0.00184394391575 
0.00313381489298 0.00258922453608 0.00252560424285 0.000864737005916 0.000854222428368 0.000996949976827 0.00128352650261 0.000460300083026 0.00194149714717 0.00491977293421 0.0161978132621 0.0032797726581 0.00256587010901 0.000596815510091 0.00198008920356 0.00193828958194 0.00415515946028 0.00201385372025 0.00263019492235 0.00547215392398 
0.0229290557334 0.0014645397365 0.00193829087495 0.000232693250549 -0.000459468480159 0.00149513348525 -0.00283610513181 -0.000609180645884 0.00334575633666 0.0018821095192 0.0032797726581 0.0457639545958 0.00235729097916 0.00140463261086 0.00310568384587 0.00220787375471 0.00426766906622 0.00127981913873 0.00298809473581 0.00118082997841 
0.00314238061178 0.00418493958015 0.0028668375961 0.0027120321739 0.00201329030602 -0.00127062695594 -0.000860160974395 0.000567458311941 0.00446169649964 0.00405167056931 0.00256587010901 0.00235729097916 0.0355366390717 0.000893597339221 0.00306699968321 0.00243136562825 0.00383444490547 0.00182150044216 0.00354722506797 -0.000176626900017 
0.00232259508055 0.00117460783084 -0.000254988688932 0.00179967327628 0.00129580056973 0.00342924542598 0.000350880432126 -0.00138108581586 0.000750278038638 0.00272416163246 0.000596815510091 0.00140463261086 0.000893597339221 0.038652564923 0.00223543868055 0.00198856853379 0.0050879941334 0.000855220336337 0.00280205476038 -0.00126141058558 
0.00201025602833 0.00515223723693 0.00455589919554 0.00152532270416 0.00130948203223 0.00157009267763 0.00148080430622 0.0026554685754 0.00124909646007 0.00148219476575 0.00198008920356 0.00310568384587 0.00306699968321 0.00223543868055 0.0344382707116 -0.000151206929841 0.00198898825798 0.00135239950249 0.00302482224681 0.000677850343382 
0.00268430257784 -0.000872834971836 0.000598442678008 0.00202952855259 0.000401235560472 0.000541220496368 -0.000951575290193 0.00160765933951 0.000946724996661 0.00268182348055 0.00193828958194 0.00220787375471 0.00243136562825 0.00198856853379 -0.000151206929841 0.0202823730609 0.00354072433386 0.00135792488868 0.00184319985414 0.00267351855773 
0.00192027200958 0.00117134489803 0.0021171150521 0.00157933700249 0.00166682727151 0.00176559873083 -0.00190711501082 0.000369703751959 0.00230589399335 0.00115258438924 0.00415515946028 0.00426766906622 0.00383444490547 0.0050879941334 0.00198898825798 0.00354072433386 0.0202344164962 0.00275233041154 0.00377837677197 0.00190390471832 
0.00113241368319 0.00121821124062 0.00226497389332 0.00178798052372 -0.000325258870082 0.000632304370349 0.000121640702884 0.00029347711747 0.00368328488076 0.000138249694155 0.00201385372025 0.00127981913873 0.00182150044216 0.000855220336337 0.00135239950249 0.00135792488868 0.00275233041154 0.0208546834246 0.00198330131232 0.00144668021067 
0.00140126652557 0.000314024049421 0.00403416862497 0.00230051698909 0.00113455690998 0.00204213878053 0.000170423798599 0.00109800619908 0.00390022713866 0.00120455196491 0.00263019492235 0.00298809473581 0.00354722506797 0.00280205476038 0.00302482224681 0.00184319985414 0.00377837677197 0.00198330131232 0.0188645399045 0.00155020383286 
0.0013474453513 0.000887733569659 0.00133991694561 0.00247302795209 0.00154012687366 0.00133299674437 0.00165085923881 -0.000335498357649 0.00238276967234 0.00184394391575 0.00547215392398 0.00118082997841 -0.000176626900017 -0.00126141058558 0.000677850343382 0.00267351855773 0.00190390471832 0.00144668021067 0.00155020383286 0.0194126750923 

['RIG', 'XRX', 'WHR', 'RRD', 'TAP', 'PFE', 'MYL', 'NKE', 'INTU', 'ADBE', 'HBAN', 'RDC', 'ODP', 'MIL', 'JNY', 'CNP', 'SPG', 'MHP', 'ETN', 'SAFC']