40
0.12825177486 0.0798623823862 0.0994766710856 0.0358059899839 0.0431320253577 0.0916953774684 0.088181568025 0.0135435889675 0.256023639664 0.0639224219563 0.0946915784272 0.00108215816497 0.046041615311 0.05514883533 0.0585004976968 0.00610402508206 0.0731585002716 0.0472299451056 0.0966324757555 0.0402434153999 0.0578888041786 0.0414486045552 0.0169596300077 0.155431064381 0.0132966740539 0.0677272644226 0.0205855922537 0.122670110856 0.0538940625226 0.00859756350963 0.101670797752 0.101218808556 0.0230030392576 0.161692830297 0.0110311255814 0.0605665428979 0.128291051585 0.0637387331612 0.0625636206577 0.0279461936292 
0.532503463405 0.0624058565867 0.00882541547713 0.0294528748987 0.0247503827876 0.0214749612702 0.00681238164384 0.0238784287645 0.0246696488379 0.0285841612205 0.0127920969537 0.0146588191214 -0.00976907533955 0.0507001890392 0.00476391336542 0.0215900625704 0.00794369940489 -0.00761740228372 0.0468414763613 -0.000102165187079 0.0750387980514 0.0130822229974 0.0357328998706 0.0163155569482 -0.0111039038511 0.0120472471653 0.00811946879832 -0.0055838901348 -2.58224832562e-05 -0.0190361062315 0.0169422637568 0.00284105622149 0.011800243958 0.047823857963 0.0087499990322 -0.00182719068459 -0.0360758810396 0.0653109161336 -0.00219437545041 -0.00100763287665 
0.0624058565867 0.354286820575 0.0292616631785 0.0480983533211 0.0290319946138 0.0611180460661 0.0144284498851 -0.000726229613835 0.0516462590154 0.0228863382287 0.0148758121473 0.00853768596346 0.00603691358428 0.140141679374 0.00295774613667 -0.0043528568597 -0.00168264544999 0.0235092403889 0.0029299488476 -0.0095689004883 0.130256698118 0.0116537096152 0.0311839428953 0.000126100714001 -0.00737265811976 -0.0242476095281 -0.0183822005238 0.0104284634311 -0.0287583101711 -0.00297327277521 -0.008564274128 0.00966783273822 0.011050236602 0.0214989732682 0.0220621055593 0.0181240575391 0.0130783618109 0.114993589373 -0.0103314794686 -0.0022058306179 
0.00882541547713 0.0292616631785 0.439981748626 0.0156099739757 -0.00487998370225 0.0372471365825 0.0321069482395 0.0034417096145 0.00653289532077 -0.0118513365032 0.0296306714756 0.021426367453 0.012760186842 0.026550934843 0.0244282237719 0.0141808720426 0.0103287705876 0.0166956070603 0.00767454167708 0.00580127950363 0.0195780481397 -0.00239958897442 0.00711802855626 0.0356774323975 0.00236205650785 -0.00246177363512 0.000904460471617 0.0203445232258 0.0025069866141 0.00561019250331 0.0663386196988 0.0156545507447 5.18693993483e-05 0.031821413737 0.00848069904946 -0.00599162240114 -5.31095307778e-06 0.0346766171653 0.00510188917438 -0.00644190301383 
0.0294528748987 0.0480983533211 0.0156099739757 0.21199906997 0.0133987630302 0.0347631560775 0.00651693360172 0.00783572888142 0.00361562344866 0.016937656452 -0.00416644046223 0.0150721139073 0.0145706365785 0.0219509210398 0.0222789507642 0.029608744984 0.000535791102613 0.00453374611584 0.0116025312574 0.011037701404 0.061100684083 0.0120790292064 0.0436442090739 0.0168672417723 -0.00734425744934 -0.00231524885657 0.000193051584736 0.00498305823895 0.00657140300831 0.010644975342 0.0119383483912 0.0283720997827 0.0255682986378 0.0301297428475 0.0434446464379 0.0144886051308 0.0129663074422 0.0340032629362 0.00914191562113 -0.0070279992874 
0.0247503827876 0.0290319946138 -0.00487998370225 0.0133987630302 0.382911088026 0.0774810417612 0.000158899129064 0.0398633496211 0.0144363957687 0.032801166053 0.00704159313368 0.0183108769418 0.0391670675715 0.000213983214166 0.0205117358434 0.0552872373126 0.0246182165348 0.0318107192529 0.0101510866507 0.0132131312999 0.0115933398278 0.0193004470839 0.0342446532787 0.00498748298236 0.0105495524668 0.01849542514 -0.000762787453073 0.0180604206762 0.0306813240652 0.00853563730419 0.0143233965247 0.0491122509769 0.030685348619 -0.000115953289893 0.00943267357904 0.0579793861689 0.00282019367252 -0.00354382833614 0.0687523563728 0.00703532434959 
0.0214749612702 0.0611180460661 0.0372471365825 0.0347631560775 0.0774810417612 0.503087948545 0.0333593519548 0.0232402284491 0.0896950553937 0.0291013429963 0.00511296006128 0.0100021895834 0.0427759435958 0.0383132633922 0.038447463045 0.0272558920065 0.0321847852872 0.0399454065647 0.0352542491327 0.0131783678084 0.0276916683969 0.00666163789205 0.0500019276528 0.0609031338401 0.0725688127939 0.00193512025856 0.00742733358609 0.0181560280203 0.00360024283464 0.0174276090047 0.0483434037312 0.0388350912894 0.0329155074013 0.00351207672396 0.0194823109137 0.0195174002612 0.0546593231421 0.0712984677614 0.072587343741 0.009987067448 
0.00681238164384 0.0144284498851 0.0321069482395 0.00651693360172 0.000158899129064 0.0333593519548 0.341827916938 0.0217361491657 0.0904151072118 0.0526500070056 0.0415017311793 0.016124964718 0.0208637240428 0.00768521012781 0.124595390932 -0.00262820863709 0.0612445277062 -0.0246426511679 0.0335388529306 0.0192157712587 0.0173932963976 0.060103757831 0.00960533390806 0.0253518741319 0.0211055703772 0.0194430343702 0.0103343770419 0.0139905314574 0.0219323059437 0.00609426534627 0.012065468349 0.0079868675333 0.0173836558122 0.00127511378393 -0.00140322433126 0.00573381208661 0.0103779629373 0.00674099230609 0.0205662746639 0.0085258042546 
0.0238784287645 -0.000726229613835 0.0034417096145 0.00783572888142 0.0398633496211 0.0232402284491 0.0217361491657 0.243702613727 0.000424762096908 0.0256002097095 -0.000468806185149 -0.00660785600671 0.0154867268435 0.00927557510008 0.00604370895162 0.0360421752236 0.0215315570505 -0.007743633361 0.0596298167281 0.00775137933244 0.0157758603944 0.0178798408107 0.0335251406981 0.0206370248691 0.0096429666575 0.0222311954653 0.0148780172319 0.0248277818539 0.00125779769572 0.00307976886105 0.0012855585046 0.0330188909061 0.00784306588323 -0.0217179459187 0.0159011550471 0.0186883680514 -0.00553933135306 0.0204451169949 0.0309695144007 -0.00189189518719 
0.0246696488379 0.0516462590154 0.00653289532077 0.00361562344866 0.0144363957687 0.0896950553937 0.0904151072118 0.000424762096908 0.697295689779 0.040964412049 0.0294209250478 0.0149549408567 0.0223296771091 0.0237902260755 0.0658144735692 -0.00342302434709 0.0372262116573 0.0220196327998 0.0532418247654 -0.00345397874963 0.0299825655057 -0.0101603092467 0.00192693800535 -0.000702542572114 0.00902471399703 0.0183144575025 -0.00837133189177 0.00441737232474 0.0837399870325 0.0104954274065 0.023009810469 0.0104823290431 0.0101138249923 0.025987544602 -0.0134145732275 -0.00610251475591 0.0254437483379 0.00457514624804 0.030577838989 0.0331558979305 
0.0285841612205 0.0228863382287 -0.0118513365032 0.016937656452 0.032801166053 0.0291013429963 0.0526500070056 0.0256002097095 0.040964412049 0.444465014422 0.0422212935613 0.020532562657 0.00838756969601 0.0239954630051 0.0252880938235 -0.00853515029533 0.0678491126559 0.0469386876374 0.0118273906557 0.00599281145709 0.0464289912255 0.0159350333585 0.0331075713978 0.0168406055586 0.0197066849115 0.0123403657489 0.0274728701126 -0.00775311862212 0.0520498589774 0.0115198440491 0.0067232076189 0.0321553984564 0.00961831970879 0.0218129556232 -0.00589910831326 0.0436684779584 0.012516955093 0.0489790269973 0.0253764533791 0.0329593309655 
0.0127920969537 0.0148758121473 0.0296306714756 -0.00416644046223 0.00704159313368 0.00511296006128 0.0415017311793 -0.000468806185149 0.0294209250478 0.0422212935613 0.369549315167 0.0158486379747 0.0123414342301 -0.000496534771686 0.0517414844062 0.0191316269234 0.005327855672 0.0335980590628 0.0209582556891 0.00300397905199 0.00347231220374 0.0167868517472 0.00337858724795 0.0276897191456 0.0160844077499 -0.00204746759009 0.00078363737028 -0.00351827050948 0.0291800485102 0.017108422011 0.014501677734 0.039555567305 0.0162119012583 0.0122764305718 0.00520786069736 0.00011929146142 0.00953788183346 0.00339210729333 0.0197515587149 -0.00141470252826 
0.0146588191214 0.00853768596346 0.021426367453 0.0150721139073 0.0183108769418 0.0100021895834 0.016124964718 -0.00660785600671 0.0149549408567 0.020532562657 0.0158486379747 0.245811702095 0.0069304206424 0.0176908757878 0.00696856233284 0.00955907062525 0.0399961644746 0.0104282098692 0.0194562784427 0.0318925876427 0.0105967476795 0.0122440109576 0.0118366687422 -0.000137941084278 0.000408349532232 0.00522576473867 0.01694140754 0.00176896461854 0.0266098325851 0.0168191731192 0.000426856444847 0.0126988479675 0.0179989003045 0.000391569891456 0.00565381306292 -0.00247734272642 -0.0105399362832 -0.0218194498493 0.00824523540665 0.00233052953611 
-0.00976907533955 0.00603691358428 0.012760186842 0.0145706365785 0.0391670675715 0.0427759435958 0.0208637240428 0.0154867268435 0.0223296771091 0.00838756969601 0.0123414342301 0.0069304206424 0.2902162614 0.00285361017941 -0.000762827750065 0.0138158130586 0.0111454743068 0.0560502901039 0.028559978459 0.0204702312497 0.00988665571007 0.0168240819108 0.0256184986285 0.0130973480373 0.00393497509355 0.0588256905245 0.0238275802493 0.0084724584172 -0.0082581995014 0.0154376127362 -0.00211674811116 0.0391436488924 0.0273051147694 0.0812274624159 0.0244180482154 0.0151369034795 0.017325304646 0.0267520912878 0.0151277581906 0.0111198396083 
0.0507001890392 0.140141679374 0.026550934843 0.0219509210398 0.000213983214166 0.0383132633922 0.00768521012781 0.00927557510008 0.0237902260755 0.0239954630051 -0.000496534771686 0.0176908757878 0.00285361017941 0.361598306172 -0.0022575611371 0.0143102563096 -0.00684086547934 0.00010740684613 0.00591778620419 -0.00682444055564 0.122635333662 0.00299362271066 0.0375276329502 0.0381035595805 0.0137973549728 -0.00729931156911 -0.00282143547992 -0.00496347825023 -0.00348208475451 -0.00552374667794 0.0214246266528 -0.0117284655431 -0.00520998067859 0.00542751244093 0.0170281199907 0.00232028652822 -0.0126299108395 0.144341501761 0.00219946633555 0.0118406358829 
0.00476391336542 0.00295774613667 0.0244282237719 0.0222789507642 0.0205117358434 0.038447463045 0.124595390932 0.00604370895162 0.0658144735692 0.0252880938235 0.0517414844062 0.00696856233284 -0.000762827750065 -0.0022575611371 0.331167491026 0.00573484209558 0.0144160116326 0.00289724502652 0.031707991392 0.0117610357786 0.00610817206652 0.0212549928207 0.0364280021831 0.0194297631315 0.00105697604899 0.00976498841191 0.0175834236907 -0.00426139406034 0.00963532408537 0.0301048032318 -0.0142672404132 0.0249661542448 0.00992236515207 0.00168542312079 0.00352858749028 0.0341562070667 0.0432843633158 0.0160278341388 0.0288862126663 0.00639422031148 
0.0215900625704 -0.0043528568597 0.0141808720426 0.029608744984 0.0552872373126 0.0272558920065 -0.00262820863709 0.0360421752236 -0.00342302434709 -0.00853515029533 0.0191316269234 0.00955907062525 0.0138158130586 0.0143102563096 0.00573484209558 0.168363546625 0.00840431275422 0.0164644391913 0.032031607474 0.0116102251748 0.0164847283996 0.0202446095975 0.0333661597496 0.0129652460993 0.029262719085 0.022971290303 0.0175720021472 0.0174394171062 0.00577087459242 0.0156805520659 0.000500414181653 0.0110471617765 0.0288780625713 0.0347607612004 0.0170646936818 0.0452958986596 0.00913067263054 -0.0148100154685 0.0155727765032 0.00957096971239 
0.00794369940489 -0.00168264544999 0.0103287705876 0.000535791102612 0.0246182165348 0.0321847852872 0.0612445277062 0.0215315570506 0.0372262116573 0.0678491126559 0.005327855672 0.0399961644746 0.0111454743068 -0.00684086547934 0.0144160116326 0.00840431275422 0.329111837945 0.0321442462451 0.017846732726 0.00656075471937 0.0161814937744 -0.0148611627977 0.0156045498001 0.0227630294246 0.0259762425593 -0.00493448253591 -0.013167374722 -0.00536206009557 0.00584684556087 0.0126453816334 0.0082495170511 -0.00515053514764 0.00928097868353 0.0318362236897 -0.000281524538929 0.0152947395119 0.00206110683781 0.00543528780349 -0.0137419861121 0.0229215855549 
-0.00761740228372 0.0235092403889 0.0166956070603 0.00453374611584 0.0318107192529 0.0399454065647 -0.0246426511679 -0.007743633361 0.0220196327998 0.0469386876374 0.0335980590628 0.0104282098692 0.0560502901039 0.00010740684613 0.00289724502652 0.0164644391913 0.0321442462451 0.26986642092 0.0118311115902 0.0155173818518 0.0290511604125 0.0310055612622 0.0181174663379 0.0397498468895 0.0075699834908 0.0227235400321 0.0232747193206 -0.00551157540389 0.00650385942441 0.035457006747 0.0323828501721 0.050566549294 0.00750450178185 0.0340640515012 0.0112679784638 0.0353631363442 0.0089748505401 -0.00895067103115 0.0426167761736 0.00153014068905 
0.0468414763613 0.0029299488476 0.00767454167708 0.0116025312574 0.0101510866507 0.0352542491327 0.0335388529306 0.0596298167281 0.0532418247654 0.0118273906557 0.0209582556891 0.0194562784427 0.028559978459 0.00591778620419 0.031707991392 0.032031607474 0.017846732726 0.0118311115902 0.46133438644 0.0103851924799 -0.00737282415178 -0.00568018530338 0.0327924390194 -0.010526848826 0.0411067384205 -0.0325237478219 0.0322322600457 0.0169897393009 -0.00134532573443 0.0289326204415 0.00439984880691 0.0646481593883 0.007044549415 0.00887092217161 0.0107534150307 0.0239568175995 0.030184763067 0.000770526145243 0.0487451439146 0.00927277972525 
-0.000102165187079 -0.0095689004883 0.00580127950363 0.011037701404 0.0132131312999 0.0131783678084 0.0192157712587 0.00775137933244 -0.00345397874963 0.00599281145709 0.00300397905199 0.0318925876427 0.0204702312497 -0.00682444055564 0.0117610357786 0.0116102251748 0.00656075471937 0.0155173818518 0.0103851924799 0.135308476775 -0.00563610866495 0.0168725355603 0.0118875620931 0.0208629765727 0.0289943963503 0.0122867649191 0.0278572720477 8.0205003399e-05 0.00861934257158 0.0189328133811 0.00843478167334 0.0236942561736 0.011211033868 0.0172628592203 0.00956091214473 0.0153261370851 0.0247175112081 -0.00168670730184 0.0227691983596 0.0129481141339 
0.0750387980514 0.130256698118 0.0195780481397 0.061100684083 0.0115933398278 0.0276916683969 0.0173932963976 0.0157758603944 0.0299825655057 0.0464289912255 0.00347231220374 0.0105967476795 0.00988665571007 0.122635333662 0.00610817206652 0.0164847283996 0.0161814937744 0.0290511604125 -0.00737282415178 -0.00563610866495 0.397568619674 0.00590164264173 0.0329855078193 -0.0101441372721 0.000693788925601 -0.00342530189634 -0.0120578562551 0.043590509448 -0.0157254567767 0.0080388675808 -0.00461896468405 0.00910292982698 -0.00320748274552 0.034969262219 0.0314367424033 0.00654426391707 -0.0188905664253 0.102596298955 0.0137032823397 0.0132309730436 
0.0130822229974 0.0116537096152 -0.00239958897442 0.0120790292064 0.0193004470839 0.00666163789205 0.060103757831 0.0178798408107 -0.0101603092467 0.0159350333585 0.0167868517472 0.0122440109576 0.0168240819108 0.00299362271066 0.0212549928207 0.0202446095975 -0.0148611627977 0.0310055612622 -0.00568018530338 0.0168725355603 0.00590164264173 0.309876095898 0.0136005021446 0.0239722066419 0.0195855953965 0.0713960617883 0.00463285446819 0.010584107027 0.0154431204218 0.0197414303539 -0.00624235040499 0.0271472090131 0.0164964938607 -0.0111355421522 0.0148522359386 0.0189541826213 0.0456806820845 0.00199391254529 0.0277603029169 0.00689542348806 
0.0357328998706 0.0311839428953 0.00711802855626 0.0436442090739 0.0342446532787 0.0500019276528 0.00960533390806 0.0335251406981 0.00192693800535 0.0331075713978 0.00337858724795 0.0118366687422 0.0256184986285 0.0375276329502 0.0364280021831 0.0333661597496 0.0156045498001 0.0181174663379 0.0327924390194 0.0118875620931 0.0329855078193 0.0136005021446 0.186109268489 0.00136743859584 -0.00448077397136 -0.0043452162497 0.0222737466361 0.012362148681 -0.0034011835215 0.0171107473297 0.0118598209394 0.0110738974741 0.0338165951189 0.0322237615614 0.0382065785216 0.0404302878827 0.014711814142 0.0534717563279 0.0216252921904 -0.00495457244494 
0.0163155569482 0.000126100714 0.0356774323975 0.0168672417723 0.00498748298236 0.0609031338401 0.0253518741319 0.0206370248691 -0.000702542572114 0.0168406055586 0.0276897191456 -0.000137941084278 0.0130973480373 0.0381035595805 0.0194297631315 0.0129652460993 0.0227630294246 0.0397498468895 -0.010526848826 0.0208629765727 -0.0101441372721 0.0239722066419 0.00136743859584 0.704527780701 0.0102307708081 0.00561507492881 0.00936552537225 -0.0134620762286 0.0213156844192 0.068340652541 0.0307829727093 0.000973475159323 -0.00123951067678 -0.0221189440723 0.0253802349388 0.0198620479133 0.0053965573315 0.0197078383428 0.019322559008 0.0132574406133 
-0.0111039038511 -0.00737265811976 0.00236205650785 -0.00734425744934 0.0105495524668 0.0725688127939 0.0211055703772 0.0096429666575 0.00902471399703 0.0197066849115 0.0160844077499 0.000408349532232 0.00393497509355 0.0137973549728 0.00105697604899 0.029262719085 0.0259762425593 0.0075699834908 0.0411067384205 0.0289943963503 0.000693788925601 0.0195855953965 -0.00448077397136 0.0102307708081 0.291605237957 0.0136118965585 -0.012975537613 0.0115354015762 -0.00230226365392 0.0135964199814 0.00775412087487 0.0190645336146 0.00637564887127 -0.000427211408436 0.00529266983816 0.00286210154704 0.0355719052046 0.00814837114389 0.0315993621387 0.00822016288575 
0.0120472471653 -0.0242476095281 -0.00246177363512 -0.00231524885657 0.01849542514 0.00193512025856 0.0194430343702 0.0222311954653 0.0183144575025 0.0123403657489 -0.00204746759009 0.00522576473867 0.0588256905245 -0.00729931156911 0.00976498841191 0.022971290303 -0.00493448253591 0.0227235400321 -0.0325237478219 0.0122867649191 -0.00342530189634 0.0713960617883 -0.0043452162497 0.00561507492881 0.0136118965585 0.292546949033 0.00260260709135 -0.00849242473669 -0.00546123363355 0.021021724557 0.00107354842622 0.0142243865758 0.0125386375049 0.0280484092901 0.00759694495999 -0.00905330531517 0.0244687794089 -0.0218217650235 0.0292718617668 -0.00768263362426 
0.00811946879832 -0.0183822005238 0.000904460471617 0.000193051584736 -0.000762787453073 0.00742733358609 0.0103343770419 0.0148780172319 -0.00837133189177 0.0274728701126 0.00078363737028 0.01694140754 0.0238275802493 -0.00282143547992 0.0175834236907 0.0175720021472 -0.013167374722 0.0232747193206 0.0322322600457 0.0278572720477 -0.0120578562551 0.00463285446819 0.0222737466361 0.00936552537225 -0.012975537613 0.00260260709135 0.159605060175 0.00144009029136 0.020425351311 0.00529511328652 -0.0206869699252 0.0201338215509 0.0163485901562 0.0085928634264 0.0176457784755 -0.00583177482576 -0.000396478009337 -0.000154038005344 0.00876965878258 -0.00491711046236 
-0.0055838901348 0.0104284634311 0.0203445232258 0.00498305823895 0.0180604206762 0.0181560280203 0.0139905314574 0.0248277818539 0.00441737232474 -0.00775311862212 -0.00351827050948 0.00176896461854 0.0084724584172 -0.00496347825023 -0.00426139406034 0.0174394171062 -0.00536206009557 -0.00551157540389 0.0169897393009 8.0205003399e-05 0.043590509448 0.010584107027 0.012362148681 -0.0134620762286 0.0115354015762 -0.00849242473669 0.00144009029136 0.401358278832 -0.012595543181 0.0114585016035 -0.0128367029229 0.0360431110489 0.0157659050931 0.0146004808545 -0.00600951855576 -0.00520357029954 -0.00429948042519 0.00849446122476 0.00421841804561 0.0161875575442 
-2.5822483256e-05 -0.0287583101711 0.0025069866141 0.00657140300831 0.0306813240652 0.00360024283464 0.0219323059437 0.00125779769572 0.0837399870325 0.0520498589774 0.0291800485102 0.0266098325851 -0.0082581995014 -0.00348208475451 0.00963532408537 0.00577087459242 0.00584684556087 0.00650385942441 -0.00134532573443 0.00861934257158 -0.0157254567767 0.0154431204218 -0.0034011835215 0.0213156844192 -0.00230226365392 -0.00546123363355 0.020425351311 -0.012595543181 0.415231884896 0.0193714199073 0.00450031278612 0.00861409425792 -0.00457554224466 -0.0131625358853 0.00738723519071 -0.0135619918207 -0.00671455158784 0.030193427438 0.00365430291196 0.00268086296277 
-0.0190361062315 -0.00297327277521 0.00561019250331 0.010644975342 0.00853563730419 0.0174276090047 0.00609426534627 0.00307976886105 0.0104954274065 0.0115198440491 0.017108422011 0.0168191731192 0.0154376127362 -0.00552374667794 0.0301048032318 0.0156805520659 0.0126453816334 0.035457006747 0.0289326204415 0.0189328133811 0.0080388675808 0.0197414303539 0.0171107473297 0.068340652541 0.0135964199814 0.021021724557 0.00529511328652 0.0114585016035 0.0193714199073 0.220737818339 -0.00939851425394 0.0296408552416 0.00630455730276 0.0168760361352 0.0205025048948 0.00125029193616 0.000645319240379 -0.0240675725453 0.00988600380186 0.0151603928717 
0.0169422637568 -0.008564274128 0.0663386196988 0.0119383483912 0.0143233965247 0.0483434037312 0.012065468349 0.0012855585046 0.023009810469 0.0067232076189 0.014501677734 0.000426856444847 -0.00211674811116 0.0214246266528 -0.0142672404132 0.000500414181653 0.0082495170511 0.0323828501721 0.00439984880691 0.00843478167334 -0.00461896468405 -0.00624235040499 0.0118598209394 0.0307829727093 0.00775412087487 0.00107354842622 -0.0206869699252 -0.0128367029229 0.00450031278612 -0.00939851425394 0.293419766447 0.0123027605944 0.0119044675097 -0.0141574274892 0.00142103151671 0.0301429298775 -0.00154994463985 0.015281127 0.00246649103005 0.00512184445861 
0.00284105622149 0.00966783273822 0.0156545507447 0.0283720997827 0.0491122509769 0.0388350912894 0.0079868675333 0.0330188909061 0.0104823290431 0.0321553984564 0.039555567305 0.0126988479675 0.0391436488924 -0.0117284655431 0.0249661542448 0.0110471617765 -0.00515053514764 0.050566549294 0.0646481593883 0.0236942561736 0.00910292982698 0.0271472090131 0.0110738974741 0.000973475159323 0.0190645336146 0.0142243865758 0.0201338215509 0.0360431110489 0.00861409425792 0.0296408552416 0.0123027605944 0.329118075945 0.0224373782169 0.000511547308261 0.00642164991069 0.017358423544 0.0496650658255 0.0020447059932 0.049751911808 -0.00911017746134 
0.011800243958 0.011050236602 5.18693993483e-05 0.0255682986378 0.030685348619 0.0329155074013 0.0173836558122 0.00784306588323 0.0101138249923 0.00961831970879 0.0162119012583 0.0179989003045 0.0273051147694 -0.00520998067859 0.00992236515207 0.0288780625713 0.00928097868353 0.00750450178185 0.007044549415 0.011211033868 -0.00320748274552 0.0164964938607 0.0338165951189 -0.00123951067678 0.00637564887127 0.0125386375049 0.0163485901562 0.0157659050931 -0.00457554224466 0.00630455730276 0.0119044675097 0.0224373782169 0.132838131429 0.0365419244058 0.0226510560338 0.025170065062 0.0160662273584 0.0110157834896 0.020817494703 0.0132586143 
0.047823857963 0.0214989732682 0.031821413737 0.0301297428475 -0.000115953289893 0.00351207672396 0.00127511378393 -0.0217179459187 0.025987544602 0.0218129556232 0.0122764305718 0.000391569891456 0.0812274624159 0.00542751244093 0.00168542312079 0.0347607612004 0.0318362236897 0.0340640515012 0.00887092217161 0.0172628592203 0.034969262219 -0.0111355421522 0.0322237615614 -0.0221189440723 -0.000427211408436 0.0280484092901 0.0085928634264 0.0146004808545 -0.0131625358853 0.0168760361352 -0.0141574274892 0.000511547308261 0.0365419244058 0.891617449147 0.0197964428381 0.0152836444615 0.0209934834823 -0.00119046282882 -0.00475935633552 0.0362460808415 
0.0087499990322 0.0220621055593 0.00848069904946 0.0434446464379 0.00943267357904 0.0194823109137 -0.00140322433126 0.0159011550471 -0.0134145732275 -0.00589910831326 0.00520786069736 0.00565381306292 0.0244180482154 0.0170281199907 0.00352858749028 0.0170646936818 -0.000281524538929 0.0112679784638 0.0107534150307 0.00956091214473 0.0314367424033 0.0148522359386 0.0382065785216 0.0253802349388 0.00529266983816 0.00759694495999 0.0176457784755 -0.00600951855576 0.00738723519071 0.0205025048948 0.00142103151671 0.00642164991069 0.0226510560338 0.0197964428381 0.146491915626 0.0185722265668 0.00388324665519 0.0261639715964 0.0182449364467 0.000584508274021 
-0.00182719068459 0.0181240575391 -0.00599162240114 0.0144886051308 0.0579793861689 0.0195174002612 0.00573381208661 0.0186883680514 -0.00610251475591 0.0436684779584 0.00011929146142 -0.00247734272642 0.0151369034795 0.00232028652822 0.0341562070667 0.0452958986596 0.0152947395119 0.0353631363442 0.0239568175995 0.0153261370851 0.00654426391707 0.0189541826213 0.0404302878827 0.0198620479133 0.00286210154704 -0.00905330531517 -0.00583177482576 -0.00520357029954 -0.0135619918207 0.00125029193616 0.0301429298775 0.017358423544 0.025170065062 0.0152836444615 0.0185722265668 0.244001249235 0.0318395103241 -0.0194068513406 0.0320432134074 -0.00192743491658 
-0.0360758810396 0.0130783618109 -5.31095307708e-06 0.0129663074422 0.00282019367252 0.0546593231421 0.0103779629373 -0.00553933135306 0.0254437483379 0.012516955093 0.00953788183346 -0.0105399362832 0.017325304646 -0.0126299108395 0.0432843633158 0.00913067263054 0.00206110683781 0.0089748505401 0.030184763067 0.0247175112081 -0.0188905664253 0.0456806820845 0.014711814142 0.0053965573315 0.0355719052046 0.0244687794089 -0.000396478009337 -0.00429948042519 -0.00671455158784 0.000645319240378 -0.00154994463985 0.0496650658255 0.0160662273584 0.0209934834823 0.00388324665519 0.0318395103241 0.496451080971 -0.0140021203681 0.0123923481574 -0.0019029669152 
0.0653109161336 0.114993589373 0.0346766171653 0.0340032629362 -0.00354382833614 0.0712984677614 0.00674099230609 0.0204451169949 0.00457514624804 0.0489790269973 0.00339210729333 -0.0218194498493 0.0267520912878 0.144341501761 0.0160278341388 -0.0148100154685 0.00543528780349 -0.00895067103115 0.000770526145243 -0.00168670730184 0.102596298955 0.00199391254529 0.0534717563279 0.0197078383428 0.00814837114389 -0.0218217650235 -0.000154038005344 0.00849446122476 0.030193427438 -0.0240675725453 0.015281127 0.0020447059932 0.0110157834896 -0.00119046282882 0.0261639715964 -0.0194068513406 -0.0140021203681 0.393021692377 0.006438221536 0.0083936082877 
-0.00219437545041 -0.0103314794686 0.00510188917438 0.00914191562113 0.0687523563728 0.072587343741 0.0205662746639 0.0309695144007 0.030577838989 0.0253764533791 0.0197515587149 0.00824523540665 0.0151277581906 0.00219946633555 0.0288862126663 0.0155727765032 -0.0137419861121 0.0426167761736 0.0487451439146 0.0227691983596 0.0137032823397 0.0277603029169 0.0216252921904 0.019322559008 0.0315993621387 0.0292718617668 0.00876965878258 0.00421841804561 0.00365430291195 0.00988600380186 0.00246649103005 0.049751911808 0.020817494703 -0.00475935633552 0.0182449364467 0.0320432134074 0.0123923481574 0.006438221536 0.291829695095 0.0198837656906 
-0.00100763287665 -0.0022058306179 -0.00644190301383 -0.0070279992874 0.00703532434959 0.009987067448 0.0085258042546 -0.00189189518719 0.0331558979305 0.0329593309655 -0.00141470252826 0.00233052953611 0.0111198396083 0.0118406358829 0.00639422031148 0.00957096971239 0.0229215855549 0.00153014068905 0.00927277972525 0.0129481141339 0.0132309730436 0.00689542348806 -0.00495457244494 0.0132574406133 0.00822016288575 -0.00768263362426 -0.00491711046236 0.0161875575442 0.00268086296277 0.0151603928717 0.00512184445861 -0.00911017746134 0.0132586143 0.0362460808415 0.000584508274021 -0.00192743491658 -0.0019029669152 0.0083936082877 0.0198837656906 0.185801682836 
0.0461161526912 0.0054045057149 0.000764303400214 0.00255069378768 0.00214344602475 0.00185978620053 0.000589969556384 0.00206793259125 0.00213645425961 0.00247546097628 0.00110782809296 0.00126949097487 -0.000846026741554 0.00439076516846 0.000412566999588 0.00186975426552 0.000687944548466 -0.000659686388855 0.00405659084796 -8.84776473925e-06 0.0064985505382 0.00113295374538 0.00309455990389 0.0014129686794 -0.000961626281625 0.00104332220908 0.000703166624458 -0.000483579070868 -2.23629264887e-06 -0.00164857515856 0.0014672430811 0.000246042686139 0.00102193110385 0.00414166759029 0.000757772144497 -0.000158239355041 -0.00312426294442 0.00565609125161 -0.00019003848855 -8.72635668866e-05 
0.0054045057149 0.0306821386844 0.00253413436695 0.00416543958563 0.00251424448581 0.00529297805229 0.00124954041377 -6.28933294561e-05 0.00447269723178 0.00198201503056 0.00128828312215 0.000739385293389 0.000522812052444 0.0121366254467 0.00025614832923 -0.000376968461954 -0.000145721370525 0.00203595994005 0.000253741013381 -0.000828691090915 0.0112805609584 0.0010092408575 0.00270060867375 1.0920642176e-05 -0.000638490922513 -0.00209990458324 -0.00159194526311 0.000903131425378 -0.00249054271781 -0.000257492975572 -0.000741687895982 0.000837258875084 0.000956978561514 0.00186186570055 0.00191063438753 0.00156958942485 0.00113261935681 0.00995873696691 -0.000894732367848 -0.000191030535155 
0.000764303400214 0.00253413436695 0.0381035371512 0.00135186340153 -0.00042261898562 0.00322569664987 0.00278054328134 0.000298060795861 0.000565765330805 -0.00102635584806 0.0025660914229 0.00185557785251 0.00110506459622 0.00229937840683 0.00211554623558 0.00122809954367 0.000894497771871 0.00144588198458 0.000664634805475 0.00050240554246 0.00169550870455 -0.000207810501049 0.000616439355458 0.0030897562798 0.000204560094097 -0.000213195850638 7.83285745139e-05 0.00176188739415 0.000217111409476 0.000485856922799 0.00574509299111 0.00135572386297 4.49202175147e-06 0.00275581526806 0.000734450081868 -0.000518889720927 -4.59942028367e-07 0.00300308313825 0.000441836563231 -0.000557885165869 
0.00255069378768 0.00416543958563 0.00135186340153 0.0183596580173 0.00116036691634 0.00301057762788 0.000564383005387 0.000678594026848 0.000313122175706 0.0014668440768 -0.000360824328364 0.00130528335325 0.00126185414263 0.0019010055257 0.00192941373315 0.00256419253303 4.64008705984e-05 0.000392633931063 0.00100480868171 0.000955892981523 0.00529147446045 0.00104607461458 0.00377969937861 0.00146074598666 -0.000636031352306 -0.000200506432587 1.67187576622e-05 0.000431545502347 0.00056910019437 0.000921881906884 0.0010338912986 0.00245709591705 0.00221427961519 0.00260931227154 0.00376241674737 0.00125475001086 0.00112291516383 0.00294476895143 0.000791713116716 -0.000608642592066 
0.00214344602475 0.00251424448581 -0.00042261898562 0.00116036691634 0.0331610729622 0.00671005504769 1.37610682408e-05 0.00345226734518 0.00125022854747 0.00284066430756 0.000609819853688 0.00158576845972 0.00339196755087 1.85314899451e-05 0.00177636843161 0.00478801520177 0.0021320000915 0.00275488909857 0.000879109891551 0.00114429073693 0.00100401268056 0.00167146774791 0.00296567396831 0.000431928696366 0.000913618043485 0.0016017508025 -6.60593312049e-05 0.00156407831086 0.00265708060622 0.000739207874292 0.00124044252589 0.0042532456983 0.0026574291428 -1.004184947e-05 0.000816893494506 0.00502116213181 0.000244235936399 -0.000306904536575 0.00595412871889 0.000609276961061 
0.00185978620053 0.00529297805229 0.00322569664987 0.00301057762788 0.00671005504769 0.0435686943777 0.00288900462466 0.00201266282267 0.00776781965648 0.0025202502319 0.00044279533016 0.000866215027272 0.00370450538248 0.00331802593995 0.00332964797081 0.00236042948804 0.00278728416741 0.00345937368496 0.00305310753403 0.00114128013025 0.00239816883049 0.000576914764533 0.00433029395855 0.00527436610756 0.0062846435402 0.000167586330329 0.000643225956794 0.00157235814974 0.000311790175459 0.00150927521253 0.00418666157366 0.00336321756149 0.00285056655879 0.000304154766299 0.00168721761757 0.0016902564442 0.00473363623947 0.00617462843323 0.0062862483673 0.000864905411928 
0.000589969556384 0.00124954041377 0.00278054328134 0.000564383005387 1.37610682409e-05 0.00288900462466 0.0296031659791 0.0018824057358 0.00783017797313 0.00455962435762 0.00359415535023 0.00139646290809 0.00180685150386 0.000665558720411 0.0107902773741 -0.000227609544617 0.00530393168364 -0.0021341161928 0.00290454986517 0.00166413460633 0.00150630365359 0.00520513811446 0.000831846317622 0.00219553670318 0.0018277960108 0.00168381616912 0.000894983305055 0.00121161556545 0.00189939341108 0.000527778860727 0.00104490020988 0.00069168301805 0.0015054687544 0.00011042809296 -0.000121522791808 0.000496562692753 0.000898757954325 0.000583787058379 0.00178109163202 0.000738356307218 
0.00206793259125 -6.28933294562e-05 0.000298060795861 0.000678594026848 0.00345226734518 0.00201266282267 0.0018824057358 0.0211052654456 3.67854766487e-05 0.00221704319507 -4.0599806579e-05 -0.000572257116636 0.00134118988679 0.000803288367138 0.000523400548518 0.00312134393513 0.00186468753888 -0.000670618320822 0.00516409361095 0.000671289141626 0.00136622958681 0.00154843963577 0.002903362351 0.00178721877952 0.000835105409324 0.00192527800294 0.00128847408808 0.00215014898051 0.000108928475732 0.000266715807146 0.000111332632303 0.00285951983295 0.000679229429843 -0.00188082928836 0.00137708042203 0.00161846014878 -0.000479720167173 0.00177059907009 0.00268203862139 -0.00016384292934 
0.00213645425961 0.00447269723178 0.000565765330805 0.000313122175706 0.00125022854747 0.00776781965648 0.00783017797313 3.67854766487e-05 0.0603875781298 0.00354762214855 0.00254792684942 0.0012951358694 0.00193380676348 0.00206029401432 0.00569970060476 -0.000296442604235 0.00322388449819 0.00190695613867 0.00461087727907 -0.000299123334131 0.00259656633985 -0.000879908591792 0.000166877726415 -6.0841971469e-05 0.000781563158332 0.00158607854537 -0.000724978608178 0.00038255566512 0.00725209560827 0.000908930675762 0.00199270804024 0.000907796324211 0.000875882937274 0.00225058738074 -0.00116173611959 -0.000528493280558 0.00220349324281 0.000396219287683 0.00264811853573 0.00287138498931 
0.00247546097628 0.00198201503056 -0.00102635584806 0.0014668440768 0.00284066430756 0.0025202502319 0.00455962435762 0.00221704319507 0.00354762214855 0.0384917993583 0.00365647128047 0.00177817208658 0.000726384843276 0.0020780680538 0.00219001316644 -0.000739165698088 0.00587590551843 0.00406500959143 0.00102428207683 0.000518992696193 0.00402086858734 0.00138001436986 0.00286719978881 0.00145843922289 0.00170664897577 0.00106870702305 0.00237922034324 -0.000671439768531 0.00450765001378 0.000997647759417 0.000582246859289 0.00278473919321 0.000832970920953 0.00188905737013 -0.000510877765896 0.00378180112566 0.00108400010885 0.00424170816323 0.00219766532842 0.00285436179079 
0.00110782809296 0.00128828312215 0.0025660914229 -0.000360824328364 0.000609819853688 0.00044279533016 0.00359415535023 -4.0599806579e-05 0.00254792684942 0.00365647128047 0.0320039094886 0.00137253231014 0.00106879955624 -4.30011726142e-05 0.00448094399253 0.00165684749314 0.000461405835965 0.00290967726662 0.00181503818458 0.000260152217146 0.000300711057831 0.00145378400626 0.000292594238563 0.00239800002038 0.00139295057162 -0.000177315894645 6.78649870017e-05 -0.00030469116386 0.00252706632935 0.00148163280802 0.00125588213152 0.00342561261472 0.00140399183334 0.00106317007429 0.000451013966328 1.03309436045e-05 0.000826004796607 0.000293765108839 0.00171053516115 -0.000122516832827 
0.00126949097487 0.000739385293389 0.00185557785251 0.00130528335325 0.00158576845972 0.000866215027272 0.00139646290809 -0.000572257116636 0.0012951358694 0.00177817208658 0.00137253231014 0.0212879178562 0.000600192033523 0.00153207478474 0.00060349520081 0.000827839799803 0.00346376944889 0.000903109466271 0.00168496313945 0.0027619791091 0.000917705268791 0.00106036245335 0.00102508558269 -1.1946048321e-05 3.53641068536e-05 0.000452564501789 0.00146716893055 0.000153196829806 0.00230447910092 0.00145658311919 3.69668525007e-05 0.00109975249387 0.00155875049039 3.39109473358e-05 0.000489634574074 -0.000214544173496 -0.000912785257551 -0.00188961978661 0.000714058332234 0.000201829778254 
-0.000846026741554 0.000522812052444 0.00110506459622 0.00126185414263 0.00339196755087 0.00370450538248 0.00180685150386 0.00134118988679 0.00193380676348 0.000726384843276 0.00106879955624 0.000600192033523 0.0251334654963 0.000247129890787 -6.60628210268e-05 0.00119648450827 0.000965226388692 0.00485409751194 0.0024733666877 0.00177277402836 0.000856209500339 0.00145700823301 0.00221862706191 0.00113426361225 0.000340778839427 0.00509445423894 0.00206352898066 0.00073373642218 -0.000715181055773 0.00133693648033 -0.000183315763768 0.00338993943376 0.00236469230436 0.00703450459371 0.00211466500654 0.00131089429479 0.00150041539518 0.00231679906596 0.00131010228954 0.000963006358676 
0.00439076516846 0.0121366254467 0.00229937840683 0.0019010055257 1.85314899451e-05 0.00331802593995 0.000665558720411 0.000803288367138 0.00206029401432 0.0020780680538 -4.30011726142e-05 0.00153207478474 0.000247129890787 0.0313153319111 -0.000195510529532 0.00123930454988 -0.000592436328898 9.30170572892e-06 0.000512495318699 -0.00059101388878 0.0106205314353 0.000259255331678 0.00324998834788 0.00329986505713 0.00119488599115 -0.000632138924898 -0.000244343480075 -0.000429849825583 -0.000301557385554 -0.000478370494717 0.0018554270948 -0.00101571491077 -0.000451197562089 0.00047003636532 0.00147467844906 0.000200942707749 -0.00109378236345 0.0125003407345 0.000190479372135 0.00102542914715 
0.000412566999588 0.00025614832923 0.00211554623558 0.00192941373315 0.00177636843161 0.00332964797081 0.0107902773741 0.000523400548518 0.00569970060476 0.00219001316644 0.00448094399253 0.00060349520081 -6.60628210268e-05 -0.000195510529532 0.0286799460136 0.000496651894147 0.00124846322951 0.000250908779396 0.00274599260485 0.00101853557591 0.000528983218029 0.001840736374 0.00315475752997 0.00168266684614 9.15368109614e-05 0.000845672803237 0.00152276916017 -0.000369047551179 0.000834443543163 0.00260715243747 -0.00123557926397 0.00216213238108 0.000859302028732 0.000145961923873 0.000305584640606 0.00295801430167 0.00374853582181 0.00138805115319 0.00250161939881 0.000553755722713 
0.00186975426552 -0.000376968461954 0.00122809954367 0.00256419253303 0.00478801520177 0.00236042948804 -0.000227609544617 0.00312134393513 -0.000296442604235 -0.000739165698088 0.00165684749314 0.000827839799803 0.00119648450827 0.00123930454988 0.000496651894147 0.0145807108448 0.00072783483465 0.00142586225987 0.00277401857966 0.00100547499451 0.00142761935685 0.00175323462011 0.00288959419699 0.00112282324883 0.00253422581114 0.00198937209601 0.00152178002548 0.00151029782412 0.000499772399909 0.00135797564345 4.33371393726e-05 0.000956712273813 0.00250091357988 0.00301037022544 0.00147784582362 0.00392273989265 0.000790739445169 -0.00128258496262 0.00134864200592 0.000828870290978 
0.000687944548466 -0.000145721370525 0.000894497771871 4.64008705984e-05 0.0021320000915 0.00278728416741 0.00530393168364 0.00186468753888 0.00322388449819 0.00587590551843 0.000461405835965 0.00346376944889 0.000965226388692 -0.000592436328898 0.00124846322951 0.00072783483465 0.0285019212346 0.00278377338338 0.00154557239153 0.000568178025498 0.00140135846798 -0.00128701445126 0.00135139365415 0.00197133617488 0.00224960859512 -0.000427338723063 -0.00114032810104 -0.000464368025938 0.000506351678772 0.00109512217351 0.00071442913352 -0.000446049428094 0.000803756331192 0.00275709784759 -2.43807402501e-05 0.00132456329615 0.000178497088145 0.00047070973147 -0.00119009090716 0.00198506753856 
-0.000659686388855 0.00203595994005 0.00144588198458 0.000392633931063 0.00275488909857 0.00345937368496 -0.0021341161928 -0.000670618320822 0.00190695613867 0.00406500959143 0.00290967726662 0.000903109466271 0.00485409751194 9.30170572892e-06 0.000250908779396 0.00142586225987 0.00278377338338 0.0233711176145 0.00102460431921 0.00134384468839 0.00251590429267 0.00268516037116 0.00156901861008 0.00344243772028 0.000655579800926 0.00196791629317 0.00201564981976 -0.000477316431464 0.000563250748419 0.0030706668585 0.0028044370896 0.00437919162704 0.000649908918583 0.00295003339559 0.000975835559896 0.00306253744316 0.00077724485629 -0.000775150849389 0.00369072107938 0.000132514070808 
