30
0.070293401022 0.0230030392576 0.085684238521 0.0217130314185 0.165506763093 0.0328562524986 0.131188957491 0.399937027552 0.00859756350963 0.0251356843311 0.143358946574 0.00791209609274 0.0594275332512 0.0524452719686 0.20394989535 0.0963264580192 0.0485380268731 0.059162885268 0.10004428458 0.0493961611292 0.0433119494187 0.0038222736377 0.256023639664 0.125840316239 0.0540494724418 0.0950879331279 0.0437038130991 0.025637758891 0.0773544805674 0.0367129888202 
0.311626656977 0.00664831031593 0.00480484047154 0.0331497575631 0.0692686263635 -0.0222345242949 0.0161919533967 0.0269937879219 -0.0154826544383 0.0141221180025 0.060843120407 0.00148014751114 0.00782360948629 0.0520704068472 0.0859485092608 0.0449571430074 0.00195539819252 0.0286621111788 0.0131147566215 0.0288373468648 0.0153277458124 0.00948053516735 -0.0113325765589 0.0256103461871 0.014524550706 0.011631801799 0.0118739970181 0.0232129243604 0.0112223496916 0.040997436795 
0.00664831031593 0.127015231518 0.0186570773598 0.0218722135492 0.00103448557545 0.0107705013472 0.0224365535108 0.00430396139078 0.00528560673015 0.0468516496508 0.0198560960707 0.00851941092413 0.0209866594778 0.0111070411599 -0.0160975039575 0.0264715601677 0.0388884110202 0.00155338994046 0.0231679176603 0.00735653295408 0.034054085265 0.0211723486731 0.00916168639697 0.0196337454511 0.0318753542166 0.0318186311605 0.0131220418174 0.0240177064944 0.0234765029632 0.0265361202739 
0.00480484047154 0.0186570773598 0.455855494953 0.01476583216 0.0106945934498 -0.00563220418421 0.0296753508224 0.0443808042705 0.00454467067816 0.0125220245479 0.00882587521306 0.018293895399 -0.0486633072142 0.0235913931555 -0.0132426317681 0.0421156492912 -0.00225233421228 0.0345778730862 0.00896885091517 -0.00750718844946 0.0130768134838 0.0123014764523 0.0414561587069 0.0553388022979 0.00675788710743 0.0364799905539 0.0244926416449 0.00641759896692 0.100422339458 0.0241995051828 
0.0331497575631 0.0218722135492 0.01476583216 0.274500458408 0.0186464987003 0.019553520291 -0.00414218505947 0.0361228858108 0.00221363892563 0.017645835135 -0.00238475446586 0.012494561268 0.00351762930072 0.0388016773809 0.0233042715799 0.0113205868629 0.0164047882044 0.00743297004279 0.0248059365839 0.0148743042222 0.000654296731797 0.0178580199983 0.0143262880275 0.0332919355875 0.0126510898946 0.00954157683332 0.0198319638944 0.0181645007465 0.0340503537394 -0.00358629754797 
0.0692686263635 0.00103448557545 0.0106945934498 0.0186464987003 0.376950353628 0.0254222690734 0.0342527690594 0.0289850150827 0.0358374772919 0.00960932719461 0.0498384941685 0.00524388479135 0.0374060650501 0.0633318028171 0.0224145142362 0.0273615915655 0.0130878835542 -0.00269115356172 0.0459567677357 0.00103986166507 0.00665632724324 0.035846512708 0.00841267510989 0.0248215682982 0.0173679965586 0.0165491349217 0.0230290939942 0.0382325166349 0.0322122290253 0.0155374609199 
-0.0222345242949 0.0107705013472 -0.00563220418421 0.019553520291 0.0254222690734 0.321715647191 0.0456498255183 0.048143773323 0.00947538173975 -0.00192856384995 0.00624858236425 0.00901554535678 0.0197341416851 0.0173160702638 0.0339815026711 0.0205408232428 0.0142654100057 0.00281846730896 0.0611700010484 0.00590665819988 0.0348438457875 0.0206987574762 0.00589748503749 0.00834957083606 0.00491040847698 0.0208269241217 0.00353837852368 0.0109570493443 -0.0142713467535 0.0608014921007 
0.0161919533967 0.0224365535108 0.0296753508224 -0.00414218505947 0.0342527690594 0.0456498255183 0.40721133129 0.0186586856334 0.035772185761 0.0177853039853 0.0315453336884 0.0201496678983 -0.0185217792157 0.0229717876305 0.00469221183405 0.0314524814354 0.0302172963898 0.024116818806 -0.00535101611688 0.00998840796209 0.0363309776787 0.0286637663224 0.0238320264683 0.0355317504928 0.0230880527325 0.0562932896329 0.0218534151702 0.0457257995353 0.0323544613049 0.0311710244671 
0.0269937879219 0.00430396139078 0.0443808042705 0.0361228858108 0.0289850150827 0.048143773323 0.0186586856334 1.31253345358 0.0281326740709 0.0068166050648 0.0537656455294 -0.0059238608532 -0.00868328007711 0.010280592611 0.0181402278017 0.0392706896811 0.0196061920863 -0.0389409257025 0.13847478635 -0.00958324884374 0.00991796549059 0.0142241824192 0.124743634376 0.056827283746 0.0282109938047 0.0101753664983 0.0113144384721 -0.0225485438752 0.0488869012602 0.0251233894081 
-0.0154826544383 0.00528560673015 0.00454467067816 0.00221363892563 0.0358374772919 0.00947538173975 0.035772185761 0.0281326740709 0.230408935291 0.0147789226898 -0.0149802630914 0.00710237068543 -0.00198132068994 0.0209083827369 0.00606791887817 -0.00561566843971 0.0201789664395 0.019992439064 0.0271808923437 0.0107152962405 0.0142457160036 0.000929447212242 0.00975148589581 0.0176203624193 0.015684724232 0.0115289609792 0.0238523924874 0.0193682162889 0.0387096298887 0.0282017657445 
0.0141221180025 0.0468516496508 0.0125220245479 0.017645835135 0.00960932719461 -0.00192856384995 0.0177853039853 0.0068166050648 0.0147789226898 0.12832030345 0.00696962779779 0.00837452862457 0.00509882444712 0.00616035967399 0.00735181330371 0.0138236518043 0.0247981630928 -0.00269630412748 0.0166768447056 -0.00461079067306 0.0282979317994 0.0154982976179 0.0176651266621 0.0232663895046 0.0214347613246 0.0466890134994 0.00362890584241 0.0260113671417 0.0185733416248 0.0176541871082 
0.060843120407 0.0198560960707 0.00882587521306 -0.00238475446586 0.0498384941685 0.00624858236425 0.0315453336884 0.0537656455294 -0.0149802630914 0.00696962779779 0.660640176544 0.0355448106851 0.0408999438022 0.0396588859496 0.0586038944097 0.0534641136939 0.0181380455191 0.0174851232318 0.0316026114868 -0.0058333050213 0.02072173452 0.0245189237021 -0.021307200639 0.0415037414961 0.0188815117814 0.000453674722368 0.0406369089849 0.0736332456168 0.016970404986 0.0295589669409 
0.00148014751114 0.00851941092413 0.018293895399 0.012494561268 0.00524388479135 0.00901554535678 0.0201496678983 -0.0059238608532 0.00710237068543 0.00837452862457 0.0355448106851 0.179755679232 0.00894838472458 0.00729652593604 0.0144151821603 0.0142037322581 0.0176180698055 0.00746078799441 0.0343092340201 0.0123349917753 0.00957012331718 0.00586874643385 0.00793228088189 0.0108616850983 0.0212687682515 0.03129618461 -0.000231503827681 0.0122853655881 0.0112561412858 0.0161438828124 
0.00782360948629 0.0209866594778 -0.0486633072142 0.00351762930072 0.0374060650501 0.0197341416851 -0.0185217792157 -0.00868328007711 -0.00198132068994 0.00509882444712 0.0408999438022 0.00894838472458 0.227789879476 0.0068470031419 0.000965069861204 0.0207313409713 0.00267244703679 0.00968642455974 0.0183523051041 0.00857189346397 0.022737586623 0.022464283038 -0.00516378000138 0.0238191451266 0.00411537237927 0.0116863659843 0.005407535918 0.00211581591328 0.0119781671181 -0.00428660836401 
0.0520704068472 0.0111070411599 0.0235913931555 0.0388016773809 0.0633318028171 0.0173160702638 0.0229717876305 0.010280592611 0.0209083827369 0.00616035967399 0.0396588859496 0.00729652593604 0.0068470031419 0.255602650713 0.0416779054008 0.0313563500809 0.0181102605706 0.000974735660653 0.040853294839 0.0172866229749 0.0337626872194 0.015987777975 0.0466711379033 0.0388013805643 0.0135426947997 0.0247909322279 0.0275827479071 0.0197356583672 0.039924599079 0.0370490581249 
0.0859485092608 -0.0160975039575 -0.0132426317681 0.0233042715799 0.0224145142362 0.0339815026711 0.00469221183405 0.0181402278017 0.00606791887817 0.00735181330371 0.0586038944097 0.0144151821603 0.000965069861204 0.0416779054008 0.764737247684 0.0297974136875 -0.00381457254662 0.0167897716512 0.0520065840293 -0.00308343792999 -0.00436969771895 0.0110643059779 0.0537362561926 0.0423398690918 0.0503849857 0.01432212748 0.0295806658698 -0.00196881632334 -0.0107751051215 0.0237352375691 
0.0449571430074 0.0264715601677 0.0421156492912 0.0113205868629 0.0273615915655 0.0205408232428 0.0314524814354 0.0392706896811 -0.00561566843971 0.0138236518043 0.0534641136939 0.0142037322581 0.0207313409713 0.0313563500809 0.0297974136875 0.446143436657 0.0363649693374 0.00871913361242 0.0403797009798 -0.00793537304225 0.0193027713556 0.0228894945712 0.125058084928 0.0282144196859 0.0160071026016 0.036206809201 0.00342506449958 0.00847638867163 0.0377989942925 0.0105969694893 
0.00195539819252 0.0388884110202 -0.00225233421228 0.0164047882044 0.0130878835542 0.0142654100057 0.0302172963898 0.0196061920863 0.0201789664395 0.0247981630928 0.0181380455191 0.0176180698055 0.00267244703679 0.0181102605706 -0.00381457254662 0.0363649693374 0.192253550795 -0.0010032229314 0.0188325158784 -0.0174223380528 0.0249555472792 0.0140066396625 0.0297750266987 0.0161692005659 0.0155158664743 0.0337495546144 0.0166721435952 0.0264200947067 0.00652116030882 0.0354921030701 
0.0286621111788 0.00155338994046 0.0345778730862 0.00743297004279 -0.00269115356172 0.00281846730896 0.024116818806 -0.0389409257025 0.019992439064 -0.00269630412748 0.0174851232318 0.00746078799441 0.00968642455974 0.000974735660653 0.0167897716512 0.00871913361242 -0.0010032229314 0.349872627304 0.00339781544747 0.0341406065467 -0.00163384312752 0.00759687494916 0.00240728882058 0.043337714285 0.0122631803041 0.0119235311551 0.0243962866967 -0.0119375587556 -0.000343640968098 0.00285891111726 
0.0131147566215 0.0231679176603 0.00896885091517 0.0248059365839 0.0459567677357 0.0611700010484 -0.00535101611688 0.13847478635 0.0271808923437 0.0166768447056 0.0316026114868 0.0343092340201 0.0183523051041 0.040853294839 0.0520065840293 0.0403797009798 0.0188325158784 0.00339781544747 0.495146097335 0.0261739346175 0.0308173789996 0.0165414551379 0.0263990752822 0.0700928500113 0.02492259124 -0.00402949133279 0.020991158198 0.0105401451375 0.0490477201772 0.057399672819 
0.0288373468648 0.00735653295408 -0.00750718844946 0.0148743042222 0.00103986166508 0.00590665819988 0.00998840796209 -0.00958324884374 0.0107152962405 -0.00461079067306 -0.0058333050213 0.0123349917753 0.00857189346397 0.0172866229749 -0.00308343792999 -0.00793537304225 -0.0174223380528 0.0341406065467 0.0261739346175 0.424562423169 0.0257662367167 0.0230823224489 -0.0152715015035 0.0505343194126 -6.90140389051e-05 0.011297930975 0.0100306869447 0.0310971007327 -0.000486791296941 0.0176207335016 
0.0153277458124 0.034054085265 0.0130768134838 0.000654296731797 0.00665632724324 0.0348438457875 0.0363309776787 0.00991796549059 0.0142457160036 0.0282979317994 0.02072173452 0.00957012331718 0.022737586623 0.0337626872194 -0.00436969771895 0.0193027713556 0.0249555472792 -0.00163384312752 0.0308173789996 0.0257662367167 0.181697895114 0.00878107775543 0.0100918866225 0.0341216775227 0.0186142861342 0.0484208770438 0.0134280876761 0.0232354043131 0.0247971719932 0.0358934612277 
0.00948053516735 0.0211723486731 0.0123014764523 0.0178580199983 0.035846512708 0.0206987574762 0.0286637663224 0.0142241824192 0.000929447212242 0.0154982976179 0.0245189237021 0.00586874643385 0.022464283038 0.015987777975 0.0110643059779 0.0228894945712 0.0140066396625 0.00759687494916 0.0165414551379 0.0230823224489 0.00878107775543 0.221270995582 0.0150134357284 0.0213939599644 0.0186041052068 0.0198300391075 0.0176434555825 0.000727989314503 0.00435383281839 0.023915285013 
-0.0113325765589 0.00916168639697 0.0414561587069 0.0143262880275 0.00841267510989 0.00589748503749 0.0238320264683 0.124743634376 0.00975148589581 0.0176651266621 -0.021307200639 0.00793228088189 -0.00516378000138 0.0466711379033 0.0537362561926 0.125058084928 0.0297750266987 0.00240728882058 0.0263990752822 -0.0152715015035 0.0100918866225 0.0150134357284 0.695776243406 0.044553352493 0.0256070615369 0.0287747295991 0.0106325164313 0.0138472660903 0.0420484320727 0.00486323313489 
0.0256103461871 0.0196337454511 0.0553388022979 0.0332919355875 0.0248215682982 0.00834957083606 0.0355317504928 0.056827283746 0.0176203624193 0.0232663895046 0.0415037414961 0.0108616850983 0.0238191451266 0.0388013805643 0.0423398690918 0.0282144196859 0.0161692005659 0.043337714285 0.0700928500113 0.0505343194126 0.0341216775227 0.0213939599644 0.044553352493 0.388078511258 0.00315102488617 0.0378036230867 0.0526782770743 0.0204385261826 0.0170584175283 0.034878085764 
0.014524550706 0.0318753542166 0.00675788710743 0.0126510898946 0.0173679965586 0.00491040847698 0.0230880527325 0.0282109938047 0.015684724232 0.0214347613246 0.0188815117814 0.0212687682515 0.00411537237927 0.0135426947997 0.0503849857 0.0160071026016 0.0155158664743 0.0122631803041 0.02492259124 -6.90140389052e-05 0.0186142861342 0.0186041052068 0.0256070615369 0.00315102488617 0.278115530909 0.0266858701989 0.0129548273476 0.0114384742923 0.0187721569991 0.00447694438116 
0.011631801799 0.0318186311605 0.0364799905539 0.00954157683332 0.0165491349217 0.0208269241217 0.0562932896329 0.0101753664983 0.0115289609792 0.0466890134994 0.000453674722368 0.03129618461 0.0116863659843 0.0247909322279 0.01432212748 0.036206809201 0.0337495546144 0.0119235311551 -0.00402949133279 0.011297930975 0.0484208770439 0.0198300391075 0.0287747295991 0.0378036230867 0.0266858701989 0.292926477978 0.024505199843 0.0491625490967 0.0485134517152 0.0355591985423 
0.0118739970181 0.0131220418174 0.0244926416449 0.0198319638944 0.0230290939942 0.00353837852368 0.0218534151702 0.0113144384721 0.0238523924874 0.00362890584241 0.0406369089849 -0.000231503827681 0.005407535918 0.0275827479071 0.0295806658698 0.00342506449958 0.0166721435952 0.0243962866967 0.020991158198 0.0100306869447 0.0134280876761 0.0176434555825 0.0106325164313 0.0526782770743 0.0129548273476 0.024505199843 0.207329267503 0.0247755364538 0.0486102312801 0.0153629042648 
0.0232129243604 0.0240177064944 0.00641759896692 0.0181645007465 0.0382325166349 0.0109570493443 0.0457257995353 -0.0225485438752 0.0193682162889 0.0260113671417 0.0736332456168 0.0122853655881 0.00211581591328 0.0197356583672 -0.00196881632334 0.00847638867163 0.0264200947067 -0.0119375587556 0.0105401451375 0.0310971007327 0.0232354043131 0.000727989314503 0.0138472660903 0.0204385261826 0.0114384742923 0.0491625490967 0.0247755364538 0.264845631347 0.007203001824 0.0337064219522 
0.0112223496916 0.0234765029632 0.100422339458 0.0340503537394 0.0322122290253 -0.0142713467535 0.0323544613049 0.0488869012602 0.0387096298887 0.0185733416248 0.016970404986 0.0112561412858 0.0119781671181 0.039924599079 -0.0107751051215 0.0377989942925 0.00652116030882 -0.000343640968098 0.0490477201772 -0.000486791296941 0.0247971719932 0.00435383281839 0.0420484320727 0.0170584175283 0.0187721569991 0.0485134517152 0.0486102312801 0.007203001824 0.274983594906 0.0422493598556 
0.040997436795 0.0265361202739 0.0241995051828 -0.00358629754797 0.0155374609199 0.0608014921007 0.0311710244671 0.0251233894081 0.0282017657445 0.0176541871082 0.0295589669409 0.0161438828124 -0.00428660836401 0.0370490581249 0.0237352375691 0.0105969694893 0.0354921030701 0.00285891111726 0.057399672819 0.0176207335016 0.0358934612277 0.023915285013 0.00486323313489 0.034878085764 0.00447694438116 0.0355591985423 0.0153629042648 0.0337064219522 0.0422493598556 0.287079723028 
0.0269876601439 0.000575760562584 0.000416111390948 0.00287085321789 0.0059988390116 -0.00192556628804 0.00140226429784 0.00233773060847 -0.00134083720615 0.00122301129454 0.00526916879179 0.000128184534599 0.000677544456441 0.0045094295115 0.00744335924372 0.0038934027926 0.000169342450924 0.0024822116407 0.00113577123987 0.00249738749627 0.00132742172563 0.00082103842964 -0.000981429919031 0.00221792103977 0.001257862989 0.00100734358498 0.00102831830622 0.00201029821922 0.000971883992308 0.00355048217546 
0.000575760562584 0.0109998417163 0.00161575029539 0.00189418925706 8.95890788186e-05 0.000932752777818 0.00194306253138 0.000372733990132 0.000457746970272 0.00405747188068 0.00171958836172 0.000737802628558 0.00181749802484 0.000961897980535 -0.00139408473647 0.00229250435831 0.00336783518563 0.000134527515042 0.00200640052466 0.000637094442201 0.00294917029421 0.00183357918087 0.000793425316128 0.00170033223321 0.00276048665062 0.00275557428986 0.00113640215634 0.00207999439648 0.00203312479581 0.00229809542751 
0.000416111390948 0.00161575029539 0.0394782439084 0.00127875857586 0.00092617896107 -0.000487763190282 0.00256996076784 0.00384349039386 0.000393580025912 0.00108443913653 0.000764343214514 0.00158429781497 -0.00421436602796 0.00204307457834 -0.00114684555241 0.0036473222183 -0.000195057864564 0.00299453165015 0.00077672527353 -0.000650141590823 0.00113248526776 0.00106533911118 0.00359020865835 0.0047924808605 0.000585250191094 0.00315925985495 0.00212112498703 0.000555780373665 0.00869682970779 0.00209573862473 
0.00287085321789 0.00189418925706 0.00127875857586 0.0237724370331 0.00161483415661 0.00169338453054 -0.000358723748868 0.00312833367702 0.00019170675444 0.00152817414979 -0.000206525794923 0.00108206074672 0.000304635633552 0.00336032383213 0.00201820912049 0.000980391580903 0.00142069633287 0.000643714088262 0.00214825712463 0.00128815253201 5.66637591349e-05 0.00154654989798 0.00124069293738 0.002883166196 0.00109561652343 0.000826324792981 0.00171749845395 0.00157309190935 0.00294884713462 -0.000310582478207 
0.0059988390116 8.95890788186e-05 0.00092617896107 0.00161483415661 0.0326448582207 0.00220163308394 0.00296637681554 0.00251017593907 0.00310361657423 0.000832192146381 0.00431614020363 0.000454133744383 0.0032394602589 0.0054846950107 0.00194115387421 0.00236958333837 0.00113344396397 -0.000233060734993 0.00397997283349 9.00546618376e-05 0.000576454848855 0.00310439906422 0.000728559035895 0.0021496108708 0.00150411262326 0.00143319712529 0.00199437804252 0.00331103306564 0.00278966086484 0.0013455835867 
-0.00192556628804 0.000932752777818 -0.000487763190282 0.00169338453054 0.00220163308394 0.0278613923262 0.00395339085772 0.00416937307318 0.000820592129718 -0.000167018528688 0.000541143106508 0.000780769130794 0.00170902680212 0.00149961567422 0.0029428844572 0.00177888747429 0.00123542074603 0.000244086428929 0.00529747748574 0.000511531605257 0.00301756556175 0.00179256498011 0.00051073718609 0.000723094045473 0.000425253848403 0.00180366453721 0.000306432568971 0.000948908308272 -0.00123593488347 0.00526556367472 
0.00140226429784 0.00194306253138 0.00256996076784 -0.000358723748868 0.00296637681554 0.00395339085772 0.0352655357606 0.00161588957598 0.00309796216179 0.00154025250653 0.0027319060345 0.00174501242778 -0.00160403313241 0.00198941516584 0.000406357464823 0.00272386479352 0.00261689463073 0.00208857777445 -0.000463411589327 0.000865021503853 0.0031463549614 0.00248235498033 0.00206391403452 0.00307713985677 0.00199948401902 0.00487514188847 0.00189256126969 0.00395997040059 0.00280197854158 0.00269948990505 
0.00233773060847 0.000372733990132 0.00384349039386 0.00312833367702 0.00251017593907 0.00416937307318 0.00161588957598 0.113668731412 0.00243636104218 0.000590335315368 0.00465624148793 -0.000513021398735 -0.000751994113495 0.000890325436704 0.00157098981067 0.0034009414888 0.00169794604182 -0.00337238309053 0.0119922682763 -0.000829933694947 0.000858921006871 0.00123185033231 0.010803115633 0.00492138713521 0.00244314373009 0.000881212588035 0.00097985911464 -0.00195276118143 0.00423372984036 0.00217574934566 
-0.00134083720615 0.000457746970272 0.000393580025912 0.00019170675444 0.00310361657423 0.000820592129718 0.00309796216179 0.00243636104218 0.0199539991221 0.001279892249 -0.00129732883925 0.000615083344068 -0.000171587405053 0.00181071906022 0.00052549718966 -0.000486331152802 0.00174754975588 0.00173139601131 0.00235393432671 0.000927971875337 0.00123371519542 8.04924897278e-05 0.000844503451042 0.0015259681479 0.00135833696363 0.000998437308724 0.00206567778351 0.00167733673321 0.00335235228547 0.00244234455664 
0.00122301129454 0.00405747188068 0.00108443913653 0.00152817414979 0.000832192146381 -0.000167018528688 0.00154025250653 0.000590335315368 0.001279892249 0.0111128642609 0.000603587472781 0.000725255453359 0.000441571150064 0.000533502797412 0.000636685708489 0.00119716336356 0.00214758392055 -0.000233506787072 0.001444257117 -0.00039930618544 0.00245067278128 0.00134219194525 0.00152984484505 0.00201492843654 0.00185630478312 0.00404338717681 0.000314272464747 0.00225265047319 0.00160849856802 0.00152889745189 
0.00526916879179 0.00171958836172 0.000764343214514 -0.000206525794923 0.00431614020363 0.000541143106508 0.0027319060345 0.00465624148793 -0.00129732883925 0.000603587472781 0.0572131175647 0.0030782709026 0.0035420390346 0.00343456027181 0.00507524613195 0.00463012806498 0.00157080081945 0.0015142560907 0.00273686643735 -0.000505179033647 0.00179455485048 0.00212340107995 -0.00184525770369 0.00359432944878 0.00163518688646 3.92893834625e-05 0.00351925955122 0.00637682612672 0.00146968018304 0.00255988162804 
0.000128184534599 0.000737802628558 0.00158429781497 0.00108206074672 0.000454133744383 0.000780769130794 0.00174501242778 -0.000513021398735 0.000615083344068 0.000725255453359 0.0030782709026 0.0155672984689 0.000774952849432 0.000631897681998 0.0012483913951 0.00123007929641 0.00152576960172 0.000646123193541 0.00297126682458 0.00106824162328 0.000828796991003 0.000508248350008 0.000686955675367 0.000940649522303 0.0018419293613 0.00271032909138 -2.00488195845e-05 0.00106394386941 0.00097481043021 0.00139810126312 
0.000677544456441 0.00181749802484 -0.00421436602796 0.000304635633552 0.0032394602589 0.00170902680212 -0.00160403313241 -0.000751994113495 -0.000171587405053 0.000441571150064 0.0035420390346 0.000774952849432 0.0197271822351 0.000592967866067 8.35775016229e-05 0.00179538679357 0.000231440702413 0.000838868974057 0.00158935624382 0.000742347749834 0.00196913276363 0.00194546397887 -0.000447196466075 0.0020627984776 0.000356401702648 0.00101206898203 0.000468306347686 0.000183235033063 0.00103733970151 -0.000371231173931 
0.0045094295115 0.000961897980535 0.00204307457834 0.00336032383213 0.0054846950107 0.00149961567422 0.00198941516584 0.000890325436704 0.00181071906022 0.000533502797412 0.00343456027181 0.000631897681998 0.000592967866067 0.0221358388792 0.00360941248537 0.002715539574 0.00156839457233 8.441458441e-05 0.00353799911588 0.00149706546419 0.00292393448321 0.00138458218764 0.00404183910477 0.00336029812706 0.00117283177322 0.00214695770929 0.00238873603937 0.00170915815064 0.00345757170383 0.00320854255224 
0.00744335924372 -0.00139408473647 -0.00114684555241 0.00201820912049 0.00194115387421 0.0029428844572 0.000406357464823 0.00157098981067 0.00052549718966 0.000636685708489 0.00507524613195 0.0012483913951 8.35775016229e-05 0.00360941248537 0.0662281883715 0.00258053172205 -0.000330351672996 0.00145403687737 0.00450390229334 -0.000267033557836 -0.000378426923147 0.000958197005213 0.0046536962967 0.00366674022264 0.00436346775855 0.00124033262339 0.00256176081041 -0.00017050449514 -0.000933151476371 0.00205553186997 
0.0038934027926 0.00229250435831 0.0036473222183 0.000980391580903 0.00236958333837 0.00177888747429 0.00272386479352 0.0034009414888 -0.000486331152802 0.00119716336356 0.00463012806498 0.00123007929641 0.00179538679357 0.002715539574 0.00258053172205 0.0386371549877 0.0031492987254 0.000755099120735 0.00349698468457 -0.000687223464309 0.00167166903574 0.00198228837784 0.0108303478496 0.0024434404201 0.0013862557494 0.00313560165581 0.000296619286624 0.000734076792198 0.00327348892948 0.000917724478089 
0.000169342450924 0.00336783518563 -0.000195057864564 0.00142069633287 0.00113344396397 0.00123542074603 0.00261689463073 0.00169794604182 0.00174754975588 0.00214758392055 0.00157080081945 0.00152576960172 0.000231440702413 0.00156839457233 -0.000330351672996 0.0031492987254 0.0166496458956 -8.68816544247e-05 0.00163094371679 -0.00150881873471 0.00216121379091 0.00121301057694 0.00257859295194 0.00140029384489 0.00134371345284 0.00292279716625 0.0014438499889 0.00228804731864 0.000564749048959 0.00307370628925 
0.0024822116407 0.000134527515042 0.00299453165015 0.000643714088262 -0.000233060734993 0.000244086428929 0.00208857777445 -0.00337238309053 0.00173139601131 -0.000233506787072 0.0015142560907 0.000646123193541 0.000838868974057 8.441458441e-05 0.00145403687737 0.000755099120735 -8.68816544247e-05 0.0302998583334 0.000294259449488 0.002956663257 -0.000141494965423 0.000657908669534 0.000208477327287 0.00375315615127 0.00106202256746 0.00103260808831 0.00211278040373 -0.00103382291415 -2.97601808154e-05 0.000247588965471 
0.00113577123987 0.00200640052466 0.00077672527353 0.00214825712463 0.00397997283349 0.00529747748574 -0.000463411589327 0.0119922682763 0.00235393432671 0.001444257117 0.00273686643735 0.00297126682458 0.00158935624382 0.00353799911588 0.00450390229334 0.00349698468457 0.00163094371679 0.000294259449488 0.0428809098877 0.00226672922958 0.00266886330917 0.0014325320365 0.00228622698308 0.00607021887334 0.0021583597142 -0.000348964185852 0.00181788762544 0.000912803344867 0.00424765716712 0.00497095748301 
0.00249738749627 0.000637094442201 -0.000650141590823 0.00128815253201 9.00546618377e-05 0.000511531605257 0.000865021503854 -0.000829933694947 0.000927971875337 -0.00039930618544 -0.000505179033647 0.00106824162328 0.000742347749834 0.00149706546419 -0.000267033557836 -0.000687223464309 -0.00150881873471 0.002956663257 0.00226672922958 0.0367681843957 0.00223142155566 0.00199898776191 -0.0013225508256 0.00437640043743 -5.97679109096e-06 0.000978429523458 0.000868682971151 0.00269308792185 -4.21573629492e-05 0.00152600028457 
0.00132742172563 0.00294917029421 0.00113248526776 5.66637591349e-05 0.000576454848855 0.00301756556175 0.0031463549614 0.000858921006871 0.00123371519542 0.00245067278128 0.00179455485048 0.000828796991003 0.00196913276363 0.00292393448321 -0.000378426923147 0.00167166903574 0.00216121379091 -0.000141494965423 0.00266886330917 0.00223142155566 0.0157354992983 0.00076046364088 0.000873983018723 0.00295502395544 0.00161204446655 0.00419337095935 0.00116290650518 0.00201224504024 0.00214749808881 0.00310846492529 
0.00082103842964 0.00183357918087 0.00106533911118 0.00154654989798 0.00310439906422 0.00179256498011 0.00248235498033 0.00123185033231 8.04924897278e-05 0.00134219194525 0.00212340107995 0.000508248350008 0.00194546397887 0.00138458218764 0.000958197005213 0.00198228837784 0.00121301057694 0.000657908669534 0.0014325320365 0.00199898776191 0.00076046364088 0.0191626303295 0.00130020167389 0.00185277128167 0.00161116277238 0.00171733176251 0.0015279680745 6.30457240043e-05 0.000377052982456 0.002071124436 
-0.000981429919031 0.000793425316128 0.00359020865835 0.00124069293738 0.000728559035895 0.00051073718609 0.00206391403452 0.010803115633 0.000844503451042 0.00152984484505 -0.00184525770369 0.000686955675367 -0.000447196466075 0.00404183910477 0.0046536962967 0.0108303478496 0.00257859295194 0.000208477327287 0.00228622698308 -0.0013225508256 0.000873983018723 0.00130020167389 0.060255990214 0.00385843350827 0.00221763658072 0.00249196468198 0.000920802933564 0.00119920842072 0.00364150103642 0.000421168343934 
0.00221792103977 0.00170033223321 0.0047924808605 0.002883166196 0.0021496108708 0.000723094045473 0.00307713985677 0.00492138713521 0.0015259681479 0.00201492843654 0.00359432944878 0.000940649522303 0.0020627984776 0.00336029812706 0.00366674022264 0.0024434404201 0.00140029384489 0.00375315615127 0.00607021887334 0.00437640043743 0.00295502395544 0.00185277128167 0.00385843350827 0.0336085849412 0.000272886759938 0.00327388979482 0.00456207261739 0.00177002828901 0.00147730229278 0.0030205308307 
0.001257862989 0.00276048665062 0.000585250191094 0.00109561652343 0.00150411262326 0.000425253848403 0.00199948401902 0.00244314373009 0.00135833696363 0.00185630478312 0.00163518688646 0.0018419293613 0.000356401702648 0.00117283177322 0.00436346775855 0.0013862557494 0.00134371345284 0.00106202256746 0.0021583597142 -5.97679109097e-06 0.00161204446655 0.00161116277238 0.00221763658072 0.000272886759938 0.0240855114954 0.00231106415143 0.00112192095847 0.00099060093177 0.00162571648451 0.000387714756541 
0.00100734358498 0.00275557428986 0.00315925985495 0.000826324792981 0.00143319712529 0.00180366453721 0.00487514188847 0.000881212588034 0.000998437308724 0.00404338717681 3.92893834625e-05 0.00271032909138 0.00101206898203 0.00214695770929 0.00124033262339 0.00313560165581 0.00292279716625 0.00103260808831 -0.000348964185852 0.000978429523458 0.00419337095935 0.00171733176251 0.00249196468198 0.00327388979482 0.00231106415143 0.025368177137 0.00212221255889 0.00425760164325 0.00420138816106 0.00307951692759 
0.00102831830622 0.00113640215634 0.00212112498703 0.00171749845395 0.00199437804252 0.000306432568971 0.00189256126969 0.00097985911464 0.00206567778351 0.000314272464747 0.00351925955122 -2.00488195845e-05 0.000468306347686 0.00238873603937 0.00256176081041 0.000296619286624 0.0014438499889 0.00211278040373 0.00181788762544 0.000868682971151 0.00116290650518 0.0015279680745 0.000920802933564 0.00456207261739 0.00112192095847 0.00212221255889 0.0179552412606 0.00214562439614 0.00420976951724 0.00133046653692 
0.00201029821922 0.00207999439648 0.000555780373665 0.00157309190935 0.00331103306564 0.000948908308272 0.00395997040059 -0.00195276118143 0.00167733673321 0.00225265047319 0.00637682612672 0.00106394386941 0.000183235033063 0.00170915815064 -0.00017050449514 0.000734076792198 0.00228804731864 -0.00103382291415 0.000912803344867 0.00269308792185 0.00201224504024 6.30457240043e-05 0.00119920842072 0.00177002828901 0.00099060093177 0.00425760164325 0.00214562439614 0.0229363044828 0.000623798256309 0.00291906176813 
0.000971883992308 0.00203312479581 0.00869682970779 0.00294884713462 0.00278966086484 -0.00123593488347 0.00280197854158 0.00423372984036 0.00335235228547 0.00160849856802 0.00146968018304 0.00097481043021 0.00103733970151 0.00345757170383 -0.000933151476371 0.00327348892948 0.000564749048959 -2.97601808154e-05 0.00424765716712 -4.21573629492e-05 0.00214749808881 0.000377052982456 0.00364150103642 0.00147730229278 0.00162571648451 0.00420138816106 0.00420976951724 0.000623798256309 0.0238142778813 0.00365890189286 
0.00355048217546 0.00229809542751 0.00209573862473 -0.000310582478207 0.0013455835867 0.00526556367472 0.00269948990505 0.00217574934566 0.00244234455664 0.00152889745189 0.00255988162804 0.00139810126312 -0.000371231173931 0.00320854255224 0.00205553186997 0.000917724478089 0.00307370628925 0.000247588965471 0.00497095748301 0.00152600028457 0.00310846492529 0.002071124436 0.000421168343934 0.0030205308307 0.000387714756541 0.00307951692759 0.00133046653692 0.00291906176813 0.00365890189286 0.0248618333054 

['LPX', 'BAC', 'HLT', 'TYC', 'CMI', 'HPQ', 'ET', 'JDSU', 'TSN', 'C', 'X', 'CPB', 'ABC', 'IR', 'VLO', 'MON', 'MI', 'STZ', 'BC', 'NWL', 'ZION', 'TWX', 'AAPL', 'ODP', 'SWY', 'GDW', 'LLL', 'AA', 'MAR', 'S']