60
0.101218808556 0.0678116165217 0.0277880817415 0.036872425502 0.0801839086902 0.134016582451 0.0172523696575 0.0979044774238 0.0413413845105 0.176385145314 0.0785253906611 0.109959402945 0.0345230729479 0.0367129888202 0.0160420823192 0.0189508527873 -0.0142899737039 0.234070828585 0.037281538924 0.0913653440874 0.101022755506 0.00633581846688 0.0429486266904 0.0475630895173 0.0901624306535 0.0593939882808 0.0807794462486 0.0615160923796 0.116406698245 0.139274044211 0.0373342989671 0.00753480783794 0.0578888041786 0.0360508970818 0.0088766616328 0.0132966740539 0.110374427341 0.0916609470377 0.0649337142294 0.0275413533974 0.087070388143 0.0316067218978 0.0810581507116 0.0203567883068 0.0714432896303 0.0946915784272 0.122670110856 0.0413299620627 0.0795042219188 0.0217130314185 0.00646873977314 0.025637758891 0.0358419118375 0.102922334335 0.0147816990943 0.0146303634135 0.1366928931 0.0445346556631 0.0585004976968 0.0372282541949 
0.320458602812 0.0323711988137 0.0152473977382 0.0341504885158 0.0330234861221 0.0132055901074 0.0176750609823 0.0117895570669 0.00285756768445 0.066840625343 0.0412354903636 0.00126579363684 0.0172386343204 0.0329145746829 0.0203535031634 0.0366085174488 0.0219686265351 0.0263337532881 0.0103147339837 0.0212298733971 0.029827524757 0.0177811827428 0.0159893072029 0.00137037617553 0.0458788959868 0.0324851364432 0.0098141084734 0.0244403291178 0.0264060654188 0.0141887683141 -0.0114705489898 -0.0124058605132 0.0030578264443 0.035656191706 0.00255442397823 0.0179717782348 0.00739376776035 0.00562662650281 0.0211778496697 0.0262882274797 0.0126905183682 0.0166449568038 0.0140366917428 -0.00993274043392 0.0103070182424 0.0327173929186 0.0356054210129 0.00104721649965 0.0199127022835 0.0207250671593 0.00493627897012 0.00698382634904 0.013623854025 0.052758433205 0.0428043606793 0.020893971378 0.0109687122167 0.0100194005693 0.023640922735 0.00329198396396 
0.0323711988137 0.228906021154 -0.000735086091474 0.00933328949392 0.039711546423 -0.00150241195312 0.0103659027333 -0.00155782066338 0.0123929557324 -0.0139183390813 -0.0130129496171 0.0446103608868 0.00129247895422 -0.000583668503476 0.0111244797611 0.00754530975117 0.0331816002908 0.0129525356526 0.00928630868649 -0.00792960045935 0.00528406322275 -0.00502263809975 0.00956992948585 -0.0069072003753 0.011533440407 0.0213472903147 0.0145073986648 0.000665392197215 0.0343490911226 -0.00495651240498 0.0207633318753 0.00409597109806 0.0065457610743 0.0167348716025 0.00564948668124 0.00846987566334 0.00433010364159 -0.0238524695848 -0.00214934124992 0.0105814165797 -0.00823281794817 -0.00129717304521 0.0204447292824 0.0105965334702 -0.00601774064074 0.0118643135347 -0.0108620769915 -0.0140931136358 0.0200318204545 -0.0194799128435 0.0231067602926 -0.0017891879634 0.0125955078638 0.00302438113959 0.0150717338198 -0.00165642725539 0.0127569777455 -6.8646613356e-05 0.0188977561868 0.0243437532615 
0.0152473977382 -0.000735086091474 0.157905881695 0.0211698991773 0.0119381747584 0.0585095521876 0.0139819411307 0.00858371571331 0.0148457064925 0.00445226904944 0.0176171040605 0.0157797447737 0.00319245333925 0.018417540832 0.0372181096536 0.000759799553671 0.00467051954301 0.00664809159316 0.00879739439039 0.0219815470602 0.0153100110438 0.0107931381149 0.0041517141577 -0.00837099276877 0.0150607384078 0.00952573406467 0.00229622497691 0.0158734156317 0.00438976299438 0.0180164938561 0.022026613439 0.00627765648474 0.00480376872809 0.0237645378574 0.0119214568951 0.00605206703631 0.00977903599101 0.00224824132405 0.0116422372988 0.0191777665501 0.00466593199978 0.0362685559689 0.00699700817608 0.0182884499124 -0.00443939083929 0.000267104374364 0.000423061818493 0.0182110230517 0.0283260682236 0.00198446956442 0.0268863701164 0.0257938430077 0.0035968748738 0.00729306052243 0.0290882638305 0.0109491587956 0.00382001463963 0.0330168884676 0.00780816518994 0.00349191391202 
0.0341504885158 0.00933328949392 0.0211698991773 0.172582848307 0.0212382764071 0.00425292233552 0.00121332216703 0.0118424209326 0.0109262666547 0.0197796335765 0.0162191583414 -0.0020316553764 0.00713159358221 0.0134939972187 0.0294298314502 0.000163780731182 -0.00121217521647 -0.00784538160061 0.00284985797026 0.0232755062544 -0.00196405267484 0.00785803650216 -0.0035851584203 -0.0059173869167 0.0226141566556 0.000532170695059 0.0165803084768 0.0159317411498 0.01834745095 0.0145251403935 0.0276822155095 -0.0123167951101 0.00317119567452 0.0140047197001 -0.000290815291303 0.00261589655588 0.0131518948525 -0.0111941778102 0.013234018542 0.0083401260603 0.0191965887306 0.0151681786846 0.0182365086678 0.0165274325531 0.00674119910834 0.0142444371989 -0.000196719554838 0.00461393656649 -0.00147545959688 0.0211899192987 0.0221453058294 0.0222658122752 0.0190498565458 0.00580255394378 0.0274213324059 0.016147245686 0.00122394858046 -0.0168359449886 0.0132410108815 0.0128707801662 
0.0330234861221 0.039711546423 0.0119381747584 0.0212382764071 0.548268209141 0.0304326241618 0.00661040174627 -0.0168437845755 -3.83081522393e-06 0.0542405962917 -0.00704579032376 0.0205939209864 0.00281638556951 0.00680569811232 0.0143829210718 0.0519702365884 -0.001160318106 -0.0185744889672 -0.00295203118475 0.0172158204714 -0.00893616540554 0.020393159246 -0.018127169957 -0.000608599003784 0.035520871231 0.0273325626846 -0.00793167525721 0.0332983271224 -0.00593723465715 0.0899729163788 -0.0174930998359 -0.00799138860287 0.00587377855229 0.0188609963078 0.0316089515883 0.00428857208298 0.00655499500563 0.00201127935236 0.00625539818317 -0.00217512775519 0.0958398005099 0.0196573038762 -0.0118218607499 0.022049242778 -0.0149630119704 0.00487911039257 0.0245887987667 -0.000230189212812 0.0170194418592 0.0176598632193 0.0336752821726 0.0535693946542 -0.0104645541096 0.00906820288351 0.0140759865314 0.0309538877786 0.0130260949714 0.014257826995 0.0162442556581 0.0298982970963 
0.0132055901074 -0.00150241195312 0.0585095521876 0.00425292233552 0.0304326241618 0.208559188903 0.0211845562781 0.0130917740669 0.00330698179571 0.0195315111718 0.0173371988816 0.0454605715745 0.00188911731127 0.0134654130021 0.0250805921772 0.000439727544951 0.0034226595593 0.019613213709 0.000301943211269 0.0189320892537 0.00549473440641 0.000873731825493 0.0170146465048 0.00112418774739 0.0163425858792 0.00255911553856 -0.009450934967 0.0221591126041 0.0259990513252 0.0256760132406 0.0180646718995 0.0113033532828 0.0241295599602 0.0287796721808 0.0135162648109 0.0123011124118 0.0103818131657 0.0179791613897 0.0159232515656 0.0232834635415 0.0175516080972 0.0227665616161 0.00259117700593 0.017951198423 -0.0102209222852 0.0119291784848 0.0051461626655 0.0261939609984 0.0147468111903 0.0104009747028 0.0257202093783 0.000935477084233 0.00228152377552 0.0101569610188 0.0311360092884 0.0029739263792 0.00103561262837 0.0176640845055 0.00660968241699 0.00779593801798 
0.0176750609823 0.0103659027333 0.0139819411307 0.00121332216703 0.00661040174627 0.0211845562781 0.187849813488 0.0473738863273 0.00059338146005 0.00505485077378 0.00354254150258 -0.0134791550587 0.0103605866202 0.0077400196893 0.017677958185 -0.00299397795602 0.0028045894856 -0.00688276240573 -0.0250016837711 0.0205307017624 0.00368388934787 0.0138510181675 0.0165635066469 -0.00594386933477 0.00256950365226 -0.00237425909588 -0.0112997775741 0.00438947985493 0.0101481602738 0.00677196696817 0.0138457201661 0.00631121639731 0.0131243222835 0.0121825773578 -6.84687987016e-05 0.0189530262953 0.015381232408 -0.00174477149928 0.00723073111443 0.0221401865449 0.00703175803157 0.0246859762001 0.0205233231979 0.00207041405398 -0.0166209228488 0.027580855372 0.00932494820852 0.0135944203693 0.00364345422237 0.00174020610277 0.0204626620258 0.0175770896978 0.00333334362559 0.0163353914178 0.00972518088076 0.00454206777258 0.0021002484516 0.014748861022 0.0072878442479 0.0105268641402 
0.0117895570669 -0.00155782066338 0.00858371571331 0.0118424209326 -0.0168437845755 0.0130917740669 0.0473738863273 0.493406770716 -0.00264273569764 -0.00825834464035 0.00737477676791 -4.14966603076e-05 -0.00848144552454 0.0254381912783 0.0169473571794 0.0144028972992 0.003445081055 0.0366168314348 0.0185926611316 0.0157495643687 -0.0114635838514 0.0274089940508 0.0191854330863 0.00395817480876 0.0442497786246 -0.0131611276625 -0.00272233199024 0.0220361779405 -0.00235456422661 0.0296656123389 -0.00831961804858 0.0328164722752 0.00307249905675 0.0236256973066 0.0175575698822 0.052773154013 -0.0387004386359 -0.00290746117624 0.027709839428 0.0136561237271 0.00626616377039 0.0286350108831 -0.00240838203038 0.0171028240313 -0.00262739847547 0.00452044064155 0.113636371451 -0.00550840301303 0.0116863467554 0.0690742124959 0.0164966961755 0.0396899396059 -0.0031540171135 0.0130337461817 0.0114979586492 -0.00766273951491 0.0224255762269 0.0131455182782 -0.0143613259206 -0.0042907899183 
0.00285756768445 0.0123929557324 0.0148457064925 0.0109262666547 -3.83081522393e-06 0.00330698179571 0.00059338146005 -0.00264273569764 0.229820968784 0.014633187923 0.0175843776283 0.00776350545105 0.0132355068507 0.0213760440401 0.0177031362858 0.0191840231624 0.00531234534347 0.0163160607976 -0.0244475045364 0.0210525604221 0.0181024950757 0.0180381862448 0.0248905063086 -0.0154359809696 -0.00661679374615 0.00770973192747 -0.000600888191253 0.0160515186057 -0.00254518060457 0.0369483745674 0.00337335281093 0.0162043933774 0.0319897227927 0.00890162182707 -0.000995480422521 -0.00853723003505 0.0223690141379 0.00370972806615 0.0160118744378 0.00651715744781 0.0156553263789 0.0157653245671 0.0228560257983 0.0242740721537 0.015302855051 0.0391300974319 -0.00405204194655 0.0398643276329 0.0119350327734 0.0158013622895 0.0205059876083 0.0442420725224 0.0364979554579 0.0166093757787 0.00989851655603 0.000556415187233 0.00793194184542 0.00672262670861 0.0272759833804 0.0325581407913 
0.066840625343 -0.0139183390813 0.00445226904944 0.0197796335765 0.0542405962917 0.0195315111718 0.00505485077378 -0.00825834464035 0.014633187923 0.609675866073 0.0539059872595 0.0125102258123 0.00229915414514 0.00773504509441 0.0104153364807 0.0250844568323 0.0356736650225 0.0415445458425 0.0271152816102 0.021619828592 0.0294532418239 0.0279105900063 0.0318551121713 0.00971953013131 0.0330417409689 0.050272792181 -0.0150255965205 0.0273137702548 0.0313094770251 -0.00107667816412 -0.000654664483169 -0.000976489123906 0.0282345378473 0.0158905103108 0.0405816304011 0.014272716188 0.0372560071999 -0.000748654344989 0.0362559003278 0.00315247719898 0.00436904718059 0.0184899893666 0.0592700305009 0.00989980469258 0.0120240489995 -0.00120676789027 0.00224346885822 -0.0146737224826 0.0432609840801 0.0200160198842 0.0170402592592 0.00785266898001 0.0164367707472 0.0521473207389 0.0200742950714 0.0123889490997 -0.0168684478534 0.0297043579729 0.0307448705666 0.0248740304436 
0.0412354903636 -0.0130129496171 0.0176171040605 0.0162191583414 -0.00704579032376 0.0173371988816 0.00354254150258 0.00737477676791 0.0175843776283 0.0539059872595 0.292170419745 0.0286746332345 0.000553253108173 0.0287478168121 0.0244943947983 0.0160982048118 0.0143250536741 0.0891807439498 0.0352858734891 0.0561376076661 -0.020141764782 0.0239448653233 -0.0123153957383 0.0157623515577 0.0606658373134 0.00918047490405 0.0120334048862 0.0287374982595 0.0324883107678 0.0707105452158 0.0124519264344 0.00754563751569 -0.00539525276731 0.0160519683729 0.0227156915535 0.0173040088331 0.0107866435372 0.00743884300107 0.0202816626489 0.0187796882003 -0.0202838164373 0.028566513157 0.0281351548385 0.0156699463724 0.00453876053182 -0.000210155214581 0.0096788602472 0.0169775028501 0.0126732567677 0.0195008247114 0.012801924906 0.0195467813081 0.010664605278 0.0476452203957 -0.00715655297793 0.00114707231605 0.00483090041471 -0.0167506812046 0.0276668529103 0.0275192300312 
0.00126579363684 0.0446103608868 0.0157797447737 -0.0020316553764 0.0205939209864 0.0454605715745 -0.0134791550587 -4.14966603078e-05 0.00776350545105 0.0125102258123 0.0286746332345 0.377209409644 0.0274151500571 0.0144523071384 0.0306079701895 0.0276322334896 0.025650378378 0.0855807764192 0.0612195705782 0.038432514267 0.0234800467096 0.0163326459017 -0.00876630639888 0.00789748683034 0.0363267775312 0.00734492256443 0.00986981298663 0.0446577962363 0.0265875194274 0.0367471660899 0.0208337479266 0.0363478410258 0.010321567449 0.0408301465787 0.0506803565954 0.0102550585263 0.0360272178943 0.0497816956661 0.00754853689613 0.0329872286685 0.024779484895 0.0292902521279 0.0280616984919 0.00194271056142 0.0139032073427 0.0376057984286 0.00267091300021 0.0267254498197 0.0177509319193 -0.0128385876424 0.0390669649717 0.0186850808586 0.00923928791761 0.00429826276022 0.0229822409432 0.0111308226966 0.00548381231239 0.021804684076 0.0429236013229 0.0392241627782 
0.0172386343204 0.00129247895422 0.00319245333925 0.00713159358221 0.00281638556951 0.00188911731127 0.0103605866202 -0.00848144552454 0.0132355068507 0.00229915414514 0.000553253108173 0.0274151500571 0.178356956097 0.00944201107154 0.0293391901179 -0.00508429450568 0.00541658444712 0.0142782519163 0.0105304876266 0.0248400114878 -0.00634008357405 0.0216713131257 -0.000685782579042 -0.00910829527299 -0.00118954118447 0.0132074970302 0.0359746382699 0.00626511644791 0.053780377981 0.00888028433817 0.00180560108368 -0.00382929269266 0.0201858223799 0.0241550707007 0.0176215363495 0.00630216302705 0.0273852419539 -0.00240850128966 0.0423878478508 0.0429884666373 0.00160964291738 0.0148244837217 -0.0137689093108 0.0156248430855 0.025251172934 0.00401684271318 0.0269751778697 0.00665502856078 -0.00647663678555 0.0025401333719 0.0134537936576 0.027830411934 0.012507249804 0.0100085974276 0.00820162993668 0.00937548966831 0.0133734691998 0.0324485973734 0.0153126088582 0.0188209804675 
0.0329145746829 -0.000583668503476 0.018417540832 0.0134939972187 0.00680569811232 0.0134654130021 0.0077400196893 0.0254381912783 0.0213760440401 0.00773504509441 0.0287478168121 0.0144523071384 0.00944201107154 0.271111195943 0.0339022536751 0.0123048281252 -0.00178019340856 0.00534192794032 0.0316046579409 0.0594388420885 -0.000272588787996 0.041306614205 0.0267497342304 0.00696794868795 0.0306415354492 0.0472511625732 0.00773382248447 0.0210844310549 0.0304839072662 0.0359640459475 0.0281715241404 0.0236561075569 0.0188713484068 0.0279291618734 0.0260983314123 0.0151462796412 0.00589589509716 0.0121386603242 0.0198495921105 0.00692256999257 0.0118974672966 0.018427676158 0.0206652887624 0.0229414422213 0.0399441621625 -0.00394651574981 0.0137059484 0.00720659328815 0.00497803251527 -0.00665659901086 0.0412334593447 0.0313605344394 0.022295941614 0.0273065325657 0.0208841975476 0.0445267364826 -0.00576167106187 0.00763252284067 0.0251985048076 0.0360115360769 
0.0203535031634 0.0111244797611 0.0372181096536 0.0294298314502 0.0143829210718 0.0250805921772 0.017677958185 0.0169473571794 0.0177031362858 0.0104153364807 0.0244943947983 0.0306079701895 0.0293391901179 0.0339022536751 0.145029870145 0.000432024967671 0.0102442590528 0.0117818478136 0.00146153159931 0.0242920616302 0.0150350397376 0.000340646878585 0.0172025447542 0.000591635814456 0.0297165175255 0.00987194306848 -0.00437829251534 0.0372064257213 0.0323283140269 0.0439048201738 0.0241340591952 0.0155182811495 0.0141176461076 0.0267666362968 0.0173038134326 0.00657548256032 0.0372311191554 0.0131872547485 0.00718896236725 0.0206846706931 0.000330386969577 0.0456734132932 0.0242864209475 0.0298731099148 0.00357131231469 0.0121415925211 0.00450645388909 0.0231573584409 0.0160502577653 0.00383458366543 0.0576005267878 0.0389563327504 0.0231943072281 0.0134755635099 0.0493226028361 -0.00286866343826 0.0044941583507 0.0257475368543 0.00991116375065 0.00925943064885 
0.0366085174488 0.00754530975117 0.000759799553671 0.000163780731182 0.0519702365884 0.000439727544951 -0.00299397795602 0.0144028972992 0.0191840231624 0.0250844568323 0.0160982048118 0.0276322334896 -0.00508429450568 0.0123048281252 0.000432024967671 0.373775255529 0.00556834075428 0.0396296019284 0.013885213495 0.00900607677696 -0.0138422195831 0.00599501587988 -0.00150916904823 -0.0335130964715 0.0165773207072 -0.00589921212843 -0.00438470941479 0.00701114286612 0.0259693872742 0.0504989590914 -0.00481545946759 0.0263919320911 0.00142556374801 -0.00456269460441 0.00226068914946 0.0226917525768 0.00625700443732 0.0371712896455 0.0144853177232 0.00182457308192 0.0056797256233 -0.0118184872718 0.00525529873557 0.0147421176095 0.0408985236556 0.0839323917867 0.00931464212533 -0.013350525977 0.0122934998377 -0.000741263849695 -0.0159600753261 0.0214855648304 0.0129309015703 -0.0275583680216 -0.0109383590709 0.01272406032 -0.0131417950358 0.00580721869671 0.0160841394757 0.0297143090573 
0.0219686265351 0.0331816002908 0.00467051954301 -0.00121217521647 -0.001160318106 0.0034226595593 0.0028045894856 0.003445081055 0.00531234534347 0.0356736650225 0.0143250536741 0.025650378378 0.00541658444712 -0.00178019340856 0.0102442590528 0.00556834075428 0.177519680574 0.0350720395336 0.0105168205376 0.0256552074558 0.00791425908651 0.0176220893618 0.000723985372497 0.0139081517733 0.00756649294616 0.0127765095163 0.00690831878162 0.0197369035858 0.00579399063614 0.0177117566356 0.00860845717353 0.0150288489624 -0.00339606228626 0.0154418753022 0.0275521229197 0.0159273319448 0.000350045084173 -0.00753128043328 0.0178117788139 0.0125649014346 0.00729222923454 0.00149078376557 0.0219283729502 -0.00171579819094 -0.00916341432592 -0.000129596075109 0.0141695196492 0.0160896701719 0.00822168098745 0.00502052431837 0.0214697195229 0.0169852909202 -0.00713966042904 0.0210197978703 0.0319782064956 0.00909757259039 -0.000833467143963 0.0169820665638 -0.00163150783029 0.00887036588989 
0.0263337532881 0.0129525356526 0.00664809159316 -0.00784538160061 -0.0185744889672 0.019613213709 -0.00688276240573 0.0366168314348 0.0163160607976 0.0415445458425 0.0891807439498 0.0855807764192 0.0142782519163 0.00534192794032 0.0117818478136 0.0396296019284 0.0350720395336 0.974943143161 0.0713064555386 0.0204518407554 0.0200452737468 0.0223573860522 0.0241613893274 0.0341540614846 0.0603625440039 0.00162707783176 0.0207467213453 0.0190994484075 0.0117552974667 0.214272469431 0.0173566062785 0.0908663688421 0.0460274100533 0.0153472418505 -0.00124178931249 0.0601643494542 0.00121342095591 0.016543848392 0.0390244049278 0.00957147678286 0.0366310525967 0.0175816445817 0.0229358594144 0.00893555811596 0.0105510369917 0.0374841365423 0.032234490332 0.00289135108089 0.0385189284934 0.0152503493794 -0.00317641368775 0.030866299205 0.0159141010925 0.114502116503 0.00568996795179 0.0077102410998 0.0216774385143 -0.000751854927529 0.0802679059964 0.0292983951065 
0.0103147339837 0.00928630868649 0.00879739439039 0.00284985797026 -0.00295203118475 0.000301943211269 -0.0250016837711 0.0185926611316 -0.0244475045364 0.0271152816102 0.0352858734891 0.0612195705782 0.0105304876266 0.0316046579409 0.00146153159931 0.013885213495 0.0105168205376 0.0713064555386 0.354595854544 0.0289308482206 0.0550525956444 -0.00674095530706 -0.00241052706141 -0.0069549983033 0.0134772893052 0.0131807452678 0.011668474103 0.00815137314504 0.0931917663258 0.0689086021485 0.0205179695886 0.0169648448288 -0.00730771576926 0.0241662835746 0.0294492465295 0.0316156248684 0.00426554914508 0.00669181684102 0.0201059536665 -0.00264981819775 0.0216671169714 0.00207711283479 0.0173667909957 0.00684599494688 0.00301407123549 0.0510062361739 -0.0124900548977 0.00281871800066 0.0102692030317 0.0200869477802 -0.00200164255078 0.00141181220786 0.00669184077145 0.0179001089597 -3.1258387879e-05 0.00614792473516 0.00141623121201 0.00415069748692 0.0241141980334 0.0198127235932 
0.0212298733971 -0.00792960045935 0.0219815470602 0.0232755062544 0.0172158204714 0.0189320892537 0.0205307017624 0.0157495643687 0.0210525604221 0.021619828592 0.0561376076661 0.038432514267 0.0248400114878 0.0594388420885 0.0242920616302 0.00900607677696 0.0256552074558 0.0204518407554 0.0289308482206 0.346151485526 0.0227823088932 0.0370376957595 0.0124774918508 0.0271302503294 0.087084657159 0.0134358297958 0.0150980055352 0.0146839174626 0.0253887902429 0.0128703305539 0.0246954278324 -0.00390976159798 0.00338398887624 0.0514420256581 -0.00467230826254 0.0056830446044 0.0426950062696 -0.00421900002096 0.0379685278169 0.0148150722048 -0.0249713543814 0.0168984441573 0.0447203236103 0.0103603523563 0.0527686516309 0.0177402429598 -0.0195228494049 0.0200343961527 0.0305858716468 0.0195422581824 0.0135219367548 -0.0105095584925 0.00846258071911 0.0146377192161 -0.0114204632534 0.0268671173367 0.0151082652567 0.0311098500968 0.0320235296508 0.0357571677804 
0.029827524757 0.00528406322275 0.0153100110438 -0.00196405267484 -0.00893616540554 0.00549473440641 0.00368388934787 -0.0114635838514 0.0181024950757 0.0294532418239 -0.020141764782 0.0234800467096 -0.00634008357405 -0.000272588787996 0.0150350397376 -0.0138422195831 0.00791425908651 0.0200452737468 0.0550525956444 0.0227823088932 0.459949246725 -0.0256947420626 0.0212986240523 -0.000150427296062 0.0328434664082 0.0173595562599 0.0324305908934 0.0111381170691 -0.00318378124128 -0.0142858930564 0.00928219944185 -0.00590016864361 -0.00802147386885 0.00421490017108 -0.0401557526641 -0.00641685711916 -0.0043526984073 0.0126025592088 -0.00169623531996 0.00337946883956 0.0183992034247 0.0196455774025 0.029223315379 0.017505718897 0.00574413105108 0.0131604696035 -0.00287144796927 0.0114914960797 -0.0125434711693 0.0160589572035 0.0249423915884 0.00208172042562 0.0145358185285 -0.00645166347147 -0.00263241661636 0.00257328452626 0.00529050967306 0.00915901151144 0.0108142913114 0.0197856277842 
0.0177811827428 -0.00502263809975 0.0107931381149 0.00785803650216 0.020393159246 0.000873731825493 0.0138510181675 0.0274089940508 0.0180381862448 0.0279105900063 0.0239448653233 0.0163326459017 0.0216713131257 0.041306614205 0.000340646878585 0.00599501587988 0.0176220893618 0.0223573860522 -0.00674095530706 0.0370376957595 -0.0256947420626 0.171037489194 0.0104705504131 0.027693993486 0.0468269829123 0.0133659274506 -0.00348985219878 0.00663423232593 0.0100393126675 0.0293735224316 0.00148070770154 0.0241835386031 -0.0143420771545 0.0217443679221 0.00502393542114 0.0321478474123 -0.0062871045358 0.0212872189007 0.0243343109577 0.0121441721784 -0.00833233648212 0.0125734971789 -0.00379231139314 0.0131947747293 0.0163358992198 0.00492688372669 0.0145394819889 0.0474286133564 0.0139481997834 0.0139140845262 0.0111227533209 0.00434984282632 0.0221366348975 0.035034439414 0.0135189036469 0.0175105042788 0.0119980176755 -0.0138409147082 0.0133545769258 0.0248841898839 
0.0159893072029 0.00956992948585 0.0041517141577 -0.0035851584203 -0.018127169957 0.0170146465048 0.0165635066469 0.0191854330863 0.0248905063086 0.0318551121713 -0.0123153957383 -0.00876630639888 -0.000685782579042 0.0267497342304 0.0172025447542 -0.00150916904823 0.000723985372497 0.0241613893274 -0.00241052706141 0.0124774918508 0.0212986240523 0.0104705504131 0.199094468657 -0.00381469237161 0.0110095020268 0.00625388812967 0.00188641069648 0.0075410689437 0.00372581338436 0.0111631053854 0.0138810071597 0.0181810390481 0.00177523319101 0.00499377631423 0.00571698660568 0.0126380530817 0.0138765435218 0.0160721746216 0.0154727785302 0.0199560414105 0.0355438823874 0.0197030227495 0.0219594798724 0.00573190479719 0.0290450747641 0.0227942382742 0.00128375428533 -0.00287955502606 0.0259388327742 -0.0079760062559 0.00736195420562 -0.0154986607163 0.00798469446613 0.00523715176028 0.00202220181502 0.0136755326237 0.0349232222186 0.00232586409693 -0.00218840398026 0.0155446713783 
0.00137037617553 -0.0069072003753 -0.00837099276877 -0.0059173869167 -0.000608599003784 0.00112418774739 -0.00594386933477 0.00395817480876 -0.0154359809696 0.00971953013131 0.0157623515577 0.00789748683034 -0.00910829527299 0.00696794868795 0.000591635814456 -0.0335130964715 0.0139081517733 0.0341540614846 -0.0069549983033 0.0271302503294 -0.000150427296062 0.027693993486 -0.00381469237161 0.303081484121 0.0287049874947 0.00149930750142 0.00809515205899 0.0214601631915 0.00468345323298 0.013524125945 0.010168561928 0.00377110249893 -0.0156381626999 0.00555176369718 -0.00118807818129 0.0244517198933 0.051612679886 -0.0100183736795 -0.0159400233571 0.0100053267735 -0.0152531037772 0.0030252752863 0.00848390279119 -0.00500907900915 -0.00324918440206 -0.0172487706633 -0.00188202475506 0.0124627726663 -0.00933638019623 0.00510328251879 0.00279833578261 -0.0120050278417 0.00154988169776 0.0325333568569 -0.00485848350918 -0.0030515441752 0.00586113129181 -0.00531643909211 0.0204237359036 0.0124345289058 
0.0458788959868 0.011533440407 0.0150607384078 0.0226141566556 0.035520871231 0.0163425858792 0.00256950365226 0.0442497786246 -0.00661679374615 0.0330417409689 0.0606658373134 0.0363267775312 -0.00118954118447 0.0306415354492 0.0297165175255 0.0165773207072 0.00756649294616 0.0603625440039 0.0134772893052 0.087084657159 0.0328434664082 0.0468269829123 0.0110095020268 0.0287049874947 0.519596769374 0.0357715515037 0.000341234623721 0.0318689311519 -0.0108085972119 0.0403040622014 -0.0216559059591 -0.0035899318414 0.00212507737071 0.0337550404573 0.022353031039 0.0472142531984 0.0138868398021 0.0130597975086 0.0101875281057 0.0238117545792 -0.00951327553815 0.0160031189074 0.020195890813 -0.0035145712555 0.00726439943558 0.0479524964027 -0.0108466326115 0.00811602573439 0.0204814149599 0.00839292752831 0.0214320600925 0.00689158816315 0.0152653777234 0.0357421358028 -0.0131857341564 -0.0234435936191 0.0940619123975 -0.0108832371643 -0.017801695719 0.0117353257862 
0.0324851364432 0.0213472903147 0.00952573406467 0.00053217069506 0.0273325626846 0.00255911553856 -0.00237425909588 -0.0131611276625 0.00770973192747 0.050272792181 0.00918047490405 0.00734492256443 0.0132074970302 0.0472511625732 0.00987194306848 -0.00589921212843 0.0127765095163 0.00162707783176 0.0131807452678 0.0134358297958 0.0173595562599 0.0133659274506 0.00625388812967 0.00149930750142 0.0357715515037 0.214843934257 0.0180012893743 0.00604810710052 -0.00497277362242 0.0121565581721 0.00354382706293 0.0141194509682 0.0336443238395 0.0127544337092 0.0109163739079 0.0195441006522 0.00285715541479 -0.0140428846003 0.00873294271529 0.00732683594093 0.0130510403217 0.013193730886 0.00541179210578 0.0104769370206 -0.00732868626763 0.0131092402072 -0.00253630336363 0.0264954393183 0.0103675435669 -0.00665387550194 0.0234811665684 0.0170449682518 0.0340359337394 0.00352556736924 0.00487375012204 0.0140528235986 -0.00302726199089 0.0209725440475 0.0262666299657 0.0294379390729 
0.0098141084734 0.0145073986648 0.00229622497691 0.0165803084768 -0.00793167525721 -0.009450934967 -0.0112997775741 -0.00272233199024 -0.000600888191253 -0.0150255965205 0.0120334048862 0.00986981298663 0.0359746382699 0.00773382248447 -0.00437829251534 -0.00438470941479 0.00690831878162 0.0207467213453 0.011668474103 0.0150980055352 0.0324305908934 -0.00348985219878 0.00188641069648 0.00809515205899 0.000341234623721 0.0180012893743 0.498967102888 0.0145150059063 -0.0118802630252 0.0114546110722 0.0216930860077 0.0137821309404 0.0185656602929 -0.00383323595086 0.0239285445858 0.0117438901521 -0.00141874199599 0.0283087224245 0.0173979060649 0.0082391266298 0.0184352700909 -0.00191999647259 0.00532660327069 0.000204142494073 -0.00928147177205 0.024603135119 0.0108589024825 0.0220586615999 0.0048717063546 0.000337336293519 0.000103539097823 0.00496168311573 0.0150432992263 0.00573994562195 0.0354623378574 0.0073611978475 0.00733928212055 0.015716980975 0.00865335529576 0.00695936711414 
0.0244403291178 0.000665392197216 0.0158734156317 0.0159317411498 0.0332983271224 0.0221591126041 0.00438947985493 0.0220361779405 0.0160515186057 0.0273137702548 0.0287374982595 0.0446577962363 0.00626511644791 0.0210844310549 0.0372064257213 0.00701114286612 0.0197369035858 0.0190994484075 0.00815137314504 0.0146839174626 0.0111381170691 0.00663423232593 0.0075410689437 0.0214601631915 0.0318689311519 0.00604810710052 0.0145150059063 0.172499953493 0.0317073016615 0.0263362091316 0.0202265526944 0.00562233911564 0.00381694501289 0.0146782398136 0.0222657613315 0.00431216495404 0.0028694092728 -0.00297639642515 0.0228159257485 0.00367818650753 0.0352256411084 0.0215656682566 0.0129378325363 0.00964953104935 0.0192686155252 0.0105716329974 0.00855108334883 0.0257719956164 0.0121718942815 0.00571635196174 0.0356977734021 0.031438618997 0.0132905211129 0.0226371140223 0.0281954184101 0.014022151609 0.00662222360969 0.014630880677 -0.00081039809213 0.0177827900544 
0.0264060654188 0.0343490911226 0.00438976299438 0.01834745095 -0.00593723465715 0.0259990513252 0.0101481602738 -0.00235456422661 -0.00254518060457 0.0313094770251 0.0324883107678 0.0265875194274 0.053780377981 0.0304839072662 0.0323283140269 0.0259693872742 0.00579399063614 0.0117552974667 0.0931917663258 0.0253887902429 -0.00318378124128 0.0100393126675 0.00372581338436 0.00468345323298 -0.0108085972119 -0.00497277362242 -0.0118802630252 0.0317073016615 0.536388510036 0.0165658461732 0.0341823658477 0.0194061307702 0.0293496477029 0.0135958204779 0.00785682416237 0.0246033561704 0.0380539485038 0.0211875418995 0.0355478798953 0.0412634242476 0.0447899938524 -0.00262793067899 0.035304068783 0.0384330276911 0.0249807383739 0.02023504144 -0.00677798841382 0.0199280866599 -0.00165010398358 0.0288124990675 0.0131137799485 -0.000963328987692 0.0371658920055 0.0479021872326 0.0185786571351 0.00262231693866 0.0067890199372 0.0318196470294 0.038314710779 0.00312385125223 
0.0141887683141 -0.00495651240498 0.0180164938561 0.0145251403935 0.0899729163788 0.0256760132406 0.00677196696817 0.0296656123389 0.0369483745674 -0.00107667816412 0.0707105452158 0.0367471660899 0.00888028433817 0.0359640459475 0.0439048201738 0.0504989590914 0.0177117566356 0.214272469431 0.0689086021485 0.0128703305539 -0.0142858930564 0.0293735224316 0.0111631053854 0.013524125945 0.0403040622014 0.0121565581721 0.0114546110722 0.0263362091316 0.0165658461732 0.582108463441 0.0236134433995 0.0530973643814 0.0380462645421 0.0238730261792 0.0528625840887 0.0517263952904 0.0322251930353 0.0401684582003 0.0347441155518 0.00887317191719 0.0859585255662 0.0285398394553 0.017145093349 0.0429098405482 -0.00291651263292 0.0376026233363 0.00942795384542 0.00589410703433 0.0224277049962 0.0439114687296 0.0199036899603 0.0609475499724 0.0332709806579 -0.00773705596888 -0.00746439869883 0.0167126516873 0.0269124583867 -0.00477369864037 0.0815603251837 0.0315394382183 
-0.0114705489898 0.0207633318753 0.022026613439 0.0276822155095 -0.0174930998359 0.0180646718995 0.0138457201661 -0.00831961804858 0.00337335281093 -0.000654664483169 0.0124519264344 0.0208337479266 0.00180560108368 0.0281715241404 0.0241340591952 -0.00481545946759 0.00860845717353 0.0173566062785 0.0205179695886 0.0246954278324 0.00928219944185 0.00148070770154 0.0138810071597 0.010168561928 -0.0216559059591 0.00354382706293 0.0216930860077 0.0202265526944 0.0341823658477 0.0236134433995 0.259827813332 0.00405326906791 0.0520955307394 0.0314155430292 0.00832105887509 -0.0209645820718 0.0303468801711 0.00447584001061 0.0244120483869 0.00450260485461 0.0225922142697 0.0234481385151 0.0318524229215 0.00576958776024 -0.0229215027269 0.0122309072334 -0.00743809854138 0.0167349669119 0.0223720777003 0.0168112890496 0.0108029010901 0.00396401188859 0.0175883985182 -0.00284191834567 0.00345198722545 0.01287536911 -0.00252538539448 0.023375672959 0.00491041931505 0.0150068327267 
-0.0124058605132 0.00409597109806 0.00627765648474 -0.0123167951101 -0.00799138860287 0.0113033532828 0.00631121639731 0.0328164722752 0.0162043933774 -0.000976489123906 0.00754563751569 0.0363478410258 -0.00382929269266 0.0236561075569 0.0155182811495 0.0263919320911 0.0150288489624 0.0908663688421 0.0169648448288 -0.00390976159798 -0.00590016864361 0.0241835386031 0.0181810390481 0.00377110249893 -0.0035899318414 0.0141194509682 0.0137821309404 0.00562233911564 0.0194061307702 0.0530973643814 0.00405326906791 0.269006851351 -0.0050549860429 0.0288723901103 0.0110468061191 0.0914762015644 0.0112667713267 0.0157833295514 0.0158963909752 0.00689373911603 0.0227104334267 0.0192643723186 -0.00409166054454 0.0155890201744 -0.0305253390497 -0.00778626495035 0.00791631464628 0.00716054135592 0.000506666815543 0.0242353244043 0.0156401641279 0.000917695682835 0.0126230792678 0.0161577061052 0.0227400621834 -0.0159208342237 0.0082170941898 0.0179654295179 0.030514510991 0.0283368698017 
0.0030578264443 0.0065457610743 0.00480376872809 0.00317119567452 0.00587377855229 0.0241295599602 0.0131243222835 0.00307249905675 0.0319897227927 0.0282345378473 -0.00539525276731 0.010321567449 0.0201858223799 0.0188713484068 0.0141176461076 0.00142556374801 -0.00339606228626 0.0460274100533 -0.00730771576926 0.00338398887624 -0.00802147386885 -0.0143420771545 0.00177523319101 -0.0156381626999 0.00212507737071 0.0336443238395 0.0185656602929 0.00381694501289 0.0293496477029 0.0380462645421 0.0520955307394 -0.0050549860429 0.409285220269 0.0182383638564 0.0331129498256 -0.000354775788454 0.176974071277 0.019686000845 0.0250466321506 0.0132460981479 -0.0161335343037 0.0143859607155 0.0275215020396 -0.0133555105197 0.00385303033306 -0.00318054590131 0.0454851806512 -0.00788418494354 0.00568696473084 0.00512511303184 0.00901037084806 0.0367553001364 0.0115110687711 0.0117306294213 0.0020814204543 0.00234519782549 0.0189605819745 0.0496043816949 -0.0084076831274 0.0227675838936 
0.035656191706 0.0167348716025 0.0237645378574 0.0140047197001 0.0188609963078 0.0287796721808 0.0121825773578 0.0236256973066 0.00890162182707 0.0158905103108 0.0160519683729 0.0408301465787 0.0241550707007 0.0279291618734 0.0267666362968 -0.00456269460441 0.0154418753022 0.0153472418505 0.0241662835746 0.0514420256581 0.00421490017108 0.0217443679221 0.00499377631423 0.00555176369718 0.0337550404573 0.0127544337092 -0.00383323595086 0.0146782398136 0.0135958204779 0.0238730261792 0.0314155430292 0.0288723901103 0.0182383638564 0.163895654242 0.0183786505514 -0.000100108005345 -0.000226365352131 0.00203787341014 0.0127960025661 0.00610550248224 0.00497548020153 0.0362122720572 0.0129880302177 0.0302857199542 0.0119152406827 0.0114152895643 -0.00828189479573 0.0187706440175 0.000194442636498 0.0092466155949 0.0459010627924 0.0244639694972 0.0146427174431 0.0118153941421 0.0169524285023 0.00709812311649 0.00239370289215 0.0331217401335 0.0142302380267 0.0178974917645 
0.00255442397823 0.00564948668124 0.0119214568951 -0.000290815291303 0.0316089515883 0.0135162648109 -6.84687987016e-05 0.0175575698822 -0.000995480422521 0.0405816304011 0.0227156915535 0.0506803565954 0.0176215363495 0.0260983314123 0.0173038134326 0.00226068914946 0.0275521229197 -0.00124178931249 0.0294492465295 -0.00467230826254 -0.0401557526641 0.00502393542114 0.00571698660568 -0.00118807818129 0.022353031039 0.0109163739079 0.0239285445858 0.0222657613315 0.00785682416237 0.0528625840887 0.00832105887509 0.0110468061191 0.0331129498256 0.0183786505514 0.260717334761 0.0158897776976 0.0188120110919 0.00250573981188 0.0444428182343 0.00789721611003 0.0556964561949 0.0188692677824 0.0371169435107 -0.00199967657643 0.0199258739522 0.0161162129004 0.00304898794406 0.024062233892 0.0145990600371 0.00102741825978 0.0222211564348 0.0115607136706 0.0213658888071 -0.00170281798165 0.0220115424763 0.0210668607362 0.0231300006355 0.0175561820855 0.0292637030977 0.0200573653974 
0.0179717782348 0.00846987566334 0.00605206703631 0.00261589655588 0.00428857208298 0.0123011124118 0.0189530262953 0.052773154013 -0.00853723003505 0.014272716188 0.0173040088331 0.0102550585263 0.00630216302705 0.0151462796412 0.00657548256032 0.0226917525768 0.0159273319448 0.0601643494542 0.0316156248684 0.0056830446044 -0.00641685711916 0.0321478474123 0.0126380530817 0.0244517198933 0.0472142531984 0.0195441006522 0.0117438901521 0.00431216495404 0.0246033561704 0.0517263952904 -0.0209645820718 0.0914762015644 -0.000354775788455 -0.000100108005345 0.0158897776976 0.261136101835 -0.00524365223708 -0.00542148034716 0.00391565744407 0.0104181184687 0.0105649927026 0.00522012083635 0.0243996315868 0.0203030111443 0.0163110252584 0.00757784370562 -0.000421464397913 0.0145497783663 -0.00374105521346 0.0271982073808 0.0207346625192 0.00161381587965 -0.00449757623653 0.0395002598438 0.00401482635869 -0.00363994410339 0.00361378571292 -0.00416003807205 -0.0107705627239 0.0148823786568 
0.00739376776035 0.00433010364159 0.00977903599101 0.0131518948525 0.00655499500563 0.0103818131657 0.015381232408 -0.0387004386359 0.0223690141379 0.0372560071999 0.0107866435372 0.0360272178943 0.0273852419539 0.00589589509716 0.0372311191554 0.00625700443732 0.000350045084173 0.00121342095591 0.00426554914508 0.0426950062696 -0.0043526984073 -0.0062871045358 0.0138765435218 0.051612679886 0.0138868398021 0.00285715541479 -0.00141874199599 0.0028694092728 0.0380539485038 0.0322251930353 0.0303468801711 0.0112667713267 0.176974071277 -0.000226365352131 0.0188120110919 -0.00524365223708 0.48555177104 0.000597042844804 0.0348851077618 0.0149835735817 0.0108143290443 0.000392934156474 0.0228850161455 -0.0242732212409 0.0342662778927 0.011676745122 -0.0146591064562 -0.00528735262214 0.0209001704167 0.0335503228453 0.0160902292443 0.0118378874708 0.0120811269132 -0.00536227939548 0.0130337975394 0.000372712127419 0.0127900081439 0.0580715172349 0.0323023624083 0.0256207610442 
0.00562662650281 -0.0238524695848 0.00224824132405 -0.0111941778102 0.00201127935236 0.0179791613897 -0.00174477149928 -0.00290746117624 0.00370972806615 -0.000748654344989 0.00743884300107 0.0497816956661 -0.00240850128966 0.0121386603242 0.0131872547485 0.0371712896455 -0.00753128043328 0.016543848392 0.00669181684102 -0.00421900002096 0.0126025592088 0.0212872189007 0.0160721746216 -0.0100183736795 0.0130597975086 -0.0140428846003 0.0283087224245 -0.00297639642515 0.0211875418995 0.0401684582003 0.00447584001061 0.0157833295514 0.019686000845 0.00203787341014 0.00250573981188 -0.00542148034716 0.000597042844804 0.426275081593 0.00808137637611 0.00175851752192 0.02317281786 0.00509502729203 -0.00412790782125 0.00424595757098 0.00595632511793 0.0711653372491 0.00860136711105 -0.014628149232 0.00226715759922 -9.04902536624e-05 0.00683345246121 0.0416073007667 0.00798231483849 0.00707068316754 -6.89072446709e-07 -0.00263527663202 -0.00271662248835 -0.0116790389966 -0.00126424238224 0.0219243723507 
0.0211778496697 -0.00214934124992 0.0116422372988 0.013234018542 0.00625539818317 0.0159232515656 0.00723073111443 0.027709839428 0.0160118744378 0.0362559003278 0.0202816626489 0.00754853689613 0.0423878478508 0.0198495921105 0.00718896236725 0.0144853177232 0.0178117788139 0.0390244049278 0.0201059536665 0.0379685278169 -0.00169623531996 0.0243343109577 0.0154727785302 -0.0159400233571 0.0101875281057 0.00873294271529 0.0173979060649 0.0228159257485 0.0355478798953 0.0347441155518 0.0244120483869 0.0158963909752 0.0250466321506 0.0127960025661 0.0444428182343 0.00391565744407 0.0348851077618 0.00808137637611 0.175403096532 0.0292586325306 0.0198999982269 0.0178147585887 0.0255386809613 0.00451675831337 0.00571883297819 0.0151380302264 0.00196265586343 0.0232892596173 0.0190039620494 0.0230468272423 0.0243750917251 0.00877242484794 0.032282250943 0.00781721612971 0.0156687955974 0.0200906033731 0.0119232228116 0.017142008596 0.016640107711 0.0302676909957 
