20
0.0861575830063 0.0564449965361 0.0181340887913 0.103166553638 0.0716337087719 0.116406698245 0.0913653440874 0.100072423231 0.122670110856 0.0203567883068 0.0939670182087 0.102568127786 0.0202129727645 0.105790500039 0.424855775916 0.0301615681032 0.0270606760034 0.0358059899839 0.135848421796 0.0795042219188 
0.572701744502 -0.00521674239667 -0.0104622062353 0.0226021660032 -0.000861957471238 0.000848332569585 0.00676321151376 0.0655771454568 0.0583377565264 0.0307594401461 0.0146978869698 0.0140918976617 0.00411994984405 0.0152420307887 0.0365368103137 0.00588487617048 0.0030302717717 0.00479756723067 0.0118710323135 0.0221201400896 
-0.00521674239667 0.270863650229 0.0481361433234 0.0130467680657 0.00838371095692 0.0431000839948 0.0335833896898 0.0396850832464 -0.0099087569801 0.000856845227641 0.0398555363404 0.0241703822012 0.0114150118969 0.0113621998638 0.00082302686249 0.0310581789173 0.0550067907902 0.0730807546359 0.00448167800304 0.0294704663773 
-0.0104622062353 0.0481361433234 0.295742687078 0.0157920783133 0.0164569819474 0.053615479668 0.0433160327174 -0.00479411433438 0.0129055848715 0.018909213208 0.0360251994172 0.044176879812 0.042155662975 0.0113873105419 0.00203973764031 0.008218618324 0.0293831514398 0.0362650251948 -0.00823944769893 0.0265322850374 
0.0226021660032 0.0130467680657 0.0157920783133 0.38683609454 0.0159829872704 -0.00859380327434 0.0450785837793 0.00593324891523 0.00952193050919 0.0038644113372 0.0167753949105 0.0278236714027 0.00296392805701 -0.00271142724802 0.00410016204489 0.0161704063285 -0.00448285299421 0.00221033332269 0.0440320293772 0.0259802991735 
-0.000861957471238 0.00838371095692 0.0164569819474 0.0159829872704 0.190369300772 0.0235618791085 0.0293285765443 -0.00109843252433 0.000281266010935 -0.00147776547274 0.0272373931618 0.0156753545637 0.0126272676525 -0.00410505369962 -0.00941609617785 0.0160660393968 0.00570685105617 0.0325138005275 0.000194587835711 -0.00124309683632 
0.000848332569585 0.0431000839948 0.053615479668 -0.00859380327434 0.0235618791085 0.559748238824 0.039457197052 0.0302221859423 -0.00289417574131 0.0461512886743 0.0490381258739 0.0319420591829 0.03434798619 0.0148140564859 -0.0123849462815 0.0335391696337 0.0422846826331 0.0160377204537 0.0266977353383 0.0046553478615 
0.00676321151376 0.0335833896898 0.0433160327174 0.0450785837793 0.0293285765443 0.039457197052 0.357240329413 -0.00816142217176 -0.0116926375447 0.0117836032243 0.0276972950228 0.0517714328056 0.0512316169427 -0.00619392258855 0.142306894683 0.0354639265318 0.0241000333814 0.0329077874098 0.00782368428898 0.0440216313202 
0.0655771454568 0.0396850832464 -0.00479411433438 0.00593324891523 -0.00109843252433 0.0302221859423 -0.00816142217176 0.493159264576 0.0645848538446 0.00359367718429 0.0143404895789 0.0422159111107 0.0256339113315 -0.000250957540771 0.00636563259615 0.00641888640549 0.0204091902917 0.0295601730726 0.0233411275691 0.00985181848576 
0.0583377565264 -0.0099087569801 0.0129055848715 0.00952193050919 0.000281266010935 -0.00289417574131 -0.0116926375447 0.0645848538446 0.400058430667 0.00811257428644 0.00522847401068 0.00602535011259 0.00471810335002 -0.00585496203132 -0.0163026658615 0.0188544043581 0.0037699860848 0.0116139777236 0.010821600634 0.00203627357986 
0.0307594401461 0.000856845227641 0.018909213208 0.0038644113372 -0.00147776547274 0.0461512886743 0.0117836032243 0.00359367718429 0.00811257428644 0.280810015205 0.0254697850718 0.0222138121054 0.0227205762638 0.0187235687161 0.0355114081453 0.0316670369009 -0.0168974404849 0.0114472917097 0.0124078740803 0.00915860467262 
0.0146978869698 0.0398555363404 0.0360251994172 0.0167753949105 0.0272373931618 0.0490381258739 0.0276972950228 0.0143404895789 0.00522847401068 0.0254697850718 0.231971804962 0.053845120212 0.0352799948651 -0.00517880386017 -0.0258684308448 0.0944752442147 0.0294160794967 0.0428142145472 0.0288078196337 0.0314405431581 
0.0140918976617 0.0241703822012 0.044176879812 0.0278236714027 0.0156753545637 0.0319420591829 0.0517714328056 0.0422159111107 0.00602535011259 0.0222138121054 0.053845120212 0.312193467956 0.0592387233749 0.0281929042716 0.0159933021349 0.0484273477393 0.0135074518758 0.0177617404209 0.0124180860205 0.0242481355078 
0.00411994984405 0.0114150118969 0.042155662975 0.00296392805701 0.0126272676525 0.03434798619 0.0512316169427 0.0256339113315 0.00471810335002 0.0227205762638 0.0352799948651 0.0592387233749 0.217775122888 0.0246778132298 -0.00936346935485 0.0174924210903 0.0277009849236 0.0165644978946 0.0127590394511 0.0386392822063 
0.0152420307887 0.0113621998638 0.0113873105419 -0.00271142724802 -0.00410505369962 0.0148140564859 -0.00619392258855 -0.000250957540771 -0.00585496203132 0.0187235687161 -0.00517880386017 0.0281929042716 0.0246778132298 0.546580514219 0.101691326823 0.00231180188243 0.0106259589474 0.0165968875307 0.00815071998124 0.0173379429764 
0.0365368103137 0.00082302686249 0.00203973764031 0.0041001620449 -0.00941609617785 -0.0123849462815 0.142306894683 0.00636563259615 -0.0163026658615 0.0355114081453 -0.0258684308448 0.0159933021349 -0.00936346935485 0.101691326823 3.74626747012 0.00313178762793 -0.0233350661754 -0.00702328467205 -0.0236925071614 -0.0267610286465 
0.00588487617048 0.0310581789173 0.008218618324 0.0161704063285 0.0160660393968 0.0335391696337 0.0354639265318 0.00641888640549 0.0188544043581 0.0316670369009 0.0944752442147 0.0484273477393 0.0174924210903 0.00231180188243 0.00313178762793 0.219246287196 0.0385661353721 0.0162784627923 0.0234156897658 0.0386311696757 
0.0030302717717 0.0550067907902 0.0293831514398 -0.00448285299421 0.00570685105617 0.0422846826331 0.0241000333814 0.0204091902917 0.0037699860848 -0.0168974404849 0.0294160794967 0.0135074518758 0.0277009849236 0.0106259589474 -0.0233350661754 0.0385661353721 0.234827042132 0.0458414801345 0.0210067797108 0.0248348486771 
0.00479756723067 0.0730807546359 0.0362650251948 0.00221033332269 0.0325138005275 0.0160377204537 0.0329077874098 0.0295601730726 0.0116139777236 0.0114472917097 0.0428142145472 0.0177617404209 0.0165644978946 0.0165968875307 -0.00702328467205 0.0162784627923 0.0458414801345 0.221597561122 0.0215496006638 0.0147331264293 
0.0118710323135 0.00448167800304 -0.00823944769893 0.0440320293772 0.000194587835711 0.0266977353383 0.00782368428898 0.0233411275691 0.010821600634 0.0124078740803 0.0288078196337 0.0124180860205 0.0127590394511 0.00815071998124 -0.0236925071615 0.0234156897658 0.0210067797108 0.0215496006638 0.637123902091 0.00463229019968 
0.0221201400896 0.0294704663773 0.0265322850374 0.0259802991735 -0.00124309683632 0.0046553478615 0.0440216313202 0.00985181848576 0.00203627357986 0.00915860467262 0.0314405431581 0.0242481355078 0.0386392822063 0.0173379429764 -0.0267610286465 0.0386311696757 0.0248348486771 0.0147331264293 0.00463229019968 0.277732633623 
0.049597425953 -0.000451783144051 -0.000906053637937 0.00195740499393 -7.46477067074e-05 7.34677556119e-05 0.000585711298208 0.00567914738732 0.00505219791517 0.00266384565727 0.00127287434978 0.00122039413626 0.000356798122726 0.00131999858683 0.0031641805905 0.000509645226176 0.000262429233466 0.000415481509813 0.00102806155526 0.00191566032528 
-0.000451783144052 0.023457480206 0.00416871229583 0.00112988325822 0.000726050666668 0.00373257676448 0.00290840686166 0.00343682902426 -0.000858123526469 7.42049734249e-05 0.00345159069523 0.00209321650055 0.000988569028724 0.000983995372496 7.12762170914e-05 0.00268971719377 0.0047637278205 0.00632897900425 0.000388124700221 0.00255221725441 
-0.000906053637937 0.00416871229583 0.0256120679993 0.00136763409979 0.00142521644361 0.00464323674286 0.00375127847245 -0.000415182480222 0.00111765643494 0.00163758590037 0.00311987378717 0.00382583001771 0.00365078750497 0.000986170021004 0.000176646461357 0.000711753225259 0.00254465555901 0.00314064330876 -0.000713557102042 0.00229776328628 
0.00195740499393 0.00112988325822 0.00136763409979 0.0335009884972 0.00138416730045 -0.00074424519507 0.00390391987195 0.000513834428756 0.000824623371403 0.000334667838869 0.0014527918151 0.00240960062613 0.000256683699236 -0.00023481648773 0.000355084449051 0.001400398267 -0.000388226457442 0.000191420480828 0.00381328560209 0.00224995990822 
-7.46477067074e-05 0.000726050666668 0.00142521644361 0.00138416730045 0.0164864650569 0.00204051858689 0.00253992923442 -9.51270470414e-05 2.43583510691e-05 -0.000127978244023 0.0023588274411 0.00135752552655 0.00109355345674 -0.000355508078777 -0.000815457849449 0.00139135982558 0.000494227799026 0.00281577772304 1.68518008993e-05 -0.000107655343962 
7.34677556119e-05 0.00373257676448 0.00464323674286 -0.00074424519507 0.00204051858689 0.0484756194546 0.00341709350091 0.00261731807839 -0.000250642971499 0.00399681884094 0.00424682627608 0.00276626347015 0.00297462286094 0.00128293492499 -0.00107256781043 0.00290457729246 0.00366196093513 0.00138890733317 0.00231209170265 0.000403164951151 
0.000585711298208 0.00290840686166 0.00375127847245 0.00390391987195 0.00253992923442 0.00341709350091 0.0309379200528 -0.000706799893176 -0.0010126121151 0.00102048997404 0.00239865611058 0.0044835376 0.00443678817493 -0.000536409431076 0.0123241385929 0.00307126612945 0.00208712411404 0.00284989798792 0.000677550934545 0.00381238510393 
0.00567914738732 0.00343682902426 -0.000415182480222 0.000513834428756 -9.51270470415e-05 0.00261731807839 -0.000706799893176 0.0427088451234 0.00559321241291 0.000311221573459 0.00124192282781 0.00365600514658 0.00221996184114 -2.17335605579e-05 0.000551279953942 0.000555891869116 0.00176748772633 0.00255998608212 0.00202140094278 0.000853192508214 
0.00505219791517 -0.000858123526469 0.00111765643494 0.000824623371403 2.43583510691e-05 -0.000250642971499 -0.0010126121151 0.00559321241291 0.0346460763956 0.000702569542215 0.000452799131628 0.00052181062642 0.00040859973588 -0.000507054585731 -0.00141185227855 0.00163283931473 0.000326490372135 0.00100579997476 0.000937178105868 0.000176346464922 
0.00266384565727 7.42049734249e-05 0.00163758590037 0.000334667838869 -0.000127978244023 0.00399681884094 0.00102048997404 0.000311221573459 0.000702569542215 0.0243188606805 0.00220574809011 0.00192377255982 0.00196765962331 0.00162150861576 0.0030753781578 0.00274244584188 -0.00146336127189 0.000991364542514 0.00107455341605 0.000793158430971 
0.00127287434978 0.00345159069523 0.00311987378717 0.0014527918151 0.0023588274411 0.00424682627608 0.00239865611058 0.00124192282781 0.000452799131628 0.00220574809011 0.0200893476059 0.00466312419734 0.00305533717986 -0.000448497570412 -0.00224027182676 0.00818179615187 0.00254750721239 0.00370781974409 0.00249483036305 0.00272283090837 
0.00122039413626 0.00209321650055 0.00382583001771 0.00240960062613 0.00135752552655 0.00276626347015 0.0044835376 0.00365600514658 0.00052181062642 0.00192377255982 0.00466312419734 0.0270367474146 0.00513022393304 0.00244157713057 0.00138506059392 0.00419393133802 0.00116977964648 0.00153821184199 0.00107543779601 0.00209995013442 
0.000356798122726 0.000988569028724 0.00365078750497 0.000256683699236 0.00109355345674 0.00297462286094 0.00443678817493 0.00221996184114 0.00040859973588 0.00196765962331 0.00305533717986 0.00513022393304 0.0188598788733 0.00213716131668 -0.000810900232885 0.00151488810379 0.00239897566537 0.00143452759777 0.00110496522925 0.00334625999746 
0.00131999858683 0.000983995372496 0.000986170021004 -0.00023481648773 -0.000355508078777 0.00128293492499 -0.000536409431076 -2.17335605579e-05 -0.000507054585731 0.00162150861576 -0.000448497570412 0.00244157713057 0.00213716131668 0.0473352610527 0.00880672723735 0.000200207915871 0.000920235038801 0.00143733262254 0.000705873056288 0.0015015099067 
0.0031641805905 7.12762170914e-05 0.000176646461357 0.000355084449051 -0.000815457849449 -0.00107256781043 0.0123241385929 0.000551279953942 -0.00141185227855 0.0030753781578 -0.00224027182676 0.00138506059392 -0.000810900232885 0.00880672723735 0.32443627985 0.000271220764504 -0.00202087601069 -0.000608234294401 -0.00205183130812 -0.00231757306393 
0.000509645226176 0.00268971719377 0.000711753225259 0.001400398267 0.00139135982558 0.00290457729246 0.00307126612945 0.000555891869116 0.00163283931473 0.00274244584188 0.00818179615187 0.00419393133802 0.00151488810379 0.000200207915871 0.000271220764504 0.0189872854398 0.0033399252958 0.00140975623127 0.00202785821843 0.00334555743171 
0.000262429233466 0.0047637278205 0.00254465555901 -0.000388226457442 0.000494227799026 0.00366196093513 0.00208712411404 0.00176748772633 0.000326490372135 -0.00146336127189 0.00254750721239 0.00116977964648 0.00239897566537 0.000920235038801 -0.00202087601069 0.0033399252958 0.0203366183982 0.00396998863435 0.00181924048813 0.00215076098535 
0.000415481509813 0.00632897900425 0.00314064330876 0.000191420480828 0.00281577772304 0.00138890733317 0.00284989798792 0.00255998608212 0.00100579997476 0.000991364542514 0.00370781974409 0.00153821184199 0.00143452759777 0.00143733262254 -0.000608234294401 0.00140975623127 0.00396998863435 0.0191909117348 0.00186625016163 0.0012759261765 
0.00102806155526 0.000388124700221 -0.000713557102042 0.00381328560209 1.68518008993e-05 0.00231209170265 0.000677550934545 0.00202140094278 0.000937178105869 0.00107455341605 0.00249483036305 0.00107543779601 0.00110496522925 0.000705873056288 -0.00205183130812 0.00202785821843 0.00181924048813 0.00186625016163 0.0551765484569 0.000401168099063 
0.00191566032528 0.00255221725441 0.00229776328628 0.00224995990822 -0.000107655343962 0.000403164951151 0.00381238510393 0.000853192508214 0.000176346464922 0.000793158430971 0.00272283090837 0.00209995013442 0.00334625999746 0.0015015099067 -0.00231757306393 0.00334555743171 0.00215076098535 0.0012759261765 0.000401168099063 0.0240523516177 

['BDX', 'EIX', 'UST', 'BSX', 'FII', 'NTAP', 'FLR', 'LU', 'MRK', 'FITB', 'PLD', 'HOT', 'ETN', 'AOC', 'SANM', 'EOP', 'KMI', 'SRE', 'NOVL', 'ITT']