20
0.0870955077299 0.10431458653 0.28152338764 0.0384658872101 0.0916609470377 0.0939670182087 -0.00662659235152 0.0520830917934 0.0463620133958 0.0121413644826 0.033790820858 0.072987431854 0.138189015222 0.0703179731329 0.124759587163 0.114977551813 0.059162885268 0.0482129600444 0.0451759103614 0.0368602928082 
0.469419970477 -0.0192853592998 -0.026505122586 0.02031932775 0.0274362336888 0.0324332722658 0.0516849344276 0.0433254222907 0.0233395928143 0.0180228487511 0.0106943560783 0.0274715574559 0.0428771190768 0.00882291060669 0.0131102954843 0.00815756587518 -0.011516453343 0.0178223005844 -0.00112774170021 0.00804540345164 
-0.0192853592998 0.577056724102 -0.00188757042802 0.0446492678638 0.0395328680735 0.0223481945175 0.0125687269708 0.0214027105146 5.17622469065e-05 -0.00153903596741 0.0138364256214 0.0351088760117 0.0472213945856 0.00193876363189 0.0758242581011 0.036389901954 -0.00825758247868 0.0367334346205 0.0439657772829 0.00572432263591 
-0.026505122586 -0.00188757042802 1.93872038358 -0.00140842580431 -0.00564281531359 -0.0119956878762 -0.00620354915742 -0.0156227301608 -0.00851071982928 -0.00949420739675 0.0146460963673 0.00530055965775 -0.0114259756773 0.00703775367177 -0.0205662358014 -0.0211629678057 -0.00818768164262 0.000907071368898 -0.0137883862792 -0.0135028340313 
0.02031932775 0.0446492678638 -0.00140842580431 0.241682888565 0.0264572113667 0.0523613412379 0.0285392151107 0.0212724563579 0.0343502639054 0.0321619743909 0.0177422859224 0.039246621602 0.0390765921514 0.025100026081 -0.00453680761037 0.0253146518872 -0.000460011438428 0.0328492057035 0.0340101424328 -0.0202418766486 
0.0274362336888 0.0395328680735 -0.00564281531359 0.0264572113667 0.433196734918 0.00603769585042 0.0002810984307 -0.016096321683 0.00474036244838 -0.0102491842424 -0.00229715706105 0.018044330214 0.0251127292888 -0.005480537677 0.080252704411 0.0149956265017 -0.027607205829 0.00827984587468 0.026931326263 -0.0240613107242 
0.0324332722658 0.0223481945175 -0.0119956878762 0.0523613412379 0.00603769585042 0.252923104084 0.034313096925 0.0370484488806 0.0274153191684 0.0234830023183 0.0255380734562 0.0145112200195 0.0387480298693 0.0343702716254 0.0168400736344 0.0471471110345 0.0263209167776 0.02665522016 0.00871428755168 0.0210875944507 
0.0516849344276 0.0125687269708 -0.00620354915742 0.0285392151107 0.0002810984307 0.034313096925 0.17008257423 0.0610677387689 0.0206425558349 0.024665860281 0.0196372399092 0.0115225483032 0.02374893016 0.025135644746 0.0461243558541 0.0143858057677 0.0106467612657 0.0309487725451 0.0186267897129 0.0101321640202 
0.0433254222907 0.0214027105146 -0.0156227301608 0.0212724563579 -0.016096321683 0.0370484488806 0.0610677387689 0.222308606742 0.0121381545986 0.0201907974839 0.0229661123347 0.00178442872866 0.047470470258 0.0307718512927 0.00559716799048 0.0204521111851 0.0264479315432 0.0135543258453 0.0148698356175 0.0158942961658 
0.0233395928143 5.17622469058e-05 -0.00851071982928 0.0343502639054 0.00474036244838 0.0274153191684 0.0206425558349 0.0121381545986 0.406364493073 -0.00737173501824 0.0185039289529 -0.00715610267379 0.022890443589 -0.0144887445814 0.0123598076106 0.0348390606477 0.0229271142362 0.00860148923744 0.0227303072789 0.0181017400322 
0.0180228487511 -0.00153903596741 -0.00949420739675 0.0321619743909 -0.0102491842424 0.0234830023183 0.024665860281 0.0201907974839 -0.00737173501824 0.272225259037 0.0215051703234 0.0434358724392 0.021396695854 0.0122600295911 0.0104621632188 -0.00544962192804 0.00577070562966 -0.0111569387429 0.013335201592 0.00112416208801 
0.0106943560783 0.0138364256214 0.0146460963673 0.0177422859224 -0.00229715706105 0.0255380734562 0.0196372399092 0.0229661123347 0.0185039289529 0.0215051703234 0.196929301572 -0.00116940976505 0.0190186321504 0.00249942391442 0.00999163821355 0.00689705394163 -0.00505009569106 0.0140600072174 0.019522710913 0.0113919408827 
0.0274715574559 0.0351088760117 0.00530055965775 0.039246621602 0.018044330214 0.0145112200195 0.0115225483032 0.00178442872866 -0.00715610267379 0.0434358724392 -0.00116940976505 0.487778898808 0.0114801807662 0.0154700804875 -0.00192424172255 0.00225936841679 0.0110373880097 0.0132077769942 -0.00257740856584 -0.00244387906856 
0.0428771190768 0.0472213945856 -0.0114259756773 0.0390765921514 0.0251127292888 0.0387480298693 0.02374893016 0.047470470258 0.022890443589 0.021396695854 0.0190186321504 0.0114801807662 0.322497924113 -0.00481232701232 0.0430055216019 0.0565304772454 0.0129993384016 0.0323718613317 0.0299885951789 0.0224578982652 
0.00882291060669 0.00193876363189 0.00703775367177 0.025100026081 -0.005480537677 0.0343702716254 0.025135644746 0.0307718512927 -0.0144887445814 0.0122600295911 0.00249942391442 0.0154700804875 -0.00481232701232 0.290994151196 0.00876267380325 0.0112128635924 0.017952235996 0.0146230225726 0.0198278288229 -0.00172648210102 
0.0131102954843 0.0758242581011 -0.0205662358014 -0.00453680761037 0.080252704411 0.0168400736344 0.0461243558541 0.00559716799048 0.0123598076106 0.0104621632188 0.00999163821355 -0.00192424172255 0.0430055216019 0.00876267380325 0.329725962683 0.0212161196358 -0.00170952462776 0.0569809382922 0.0365906672492 0.00152773014749 
0.00815756587518 0.036389901954 -0.0211629678057 0.0253146518872 0.0149956265017 0.0471471110345 0.0143858057677 0.0204521111851 0.0348390606477 -0.00544962192804 0.00689705394163 0.00225936841679 0.0565304772454 0.0112128635924 0.0212161196358 0.614539502298 0.0219336726287 0.0131587093109 0.0202655333264 -0.0104717485918 
-0.011516453343 -0.00825758247868 -0.00818768164262 -0.000460011438428 -0.027607205829 0.0263209167776 0.0106467612657 0.0264479315432 0.0229271142362 0.00577070562965 -0.00505009569106 0.0110373880097 0.0129993384016 0.017952235996 -0.00170952462776 0.0219336726287 0.354454597576 0.0172193187884 0.0426984667994 0.00240418685282 
0.0178223005844 0.0367334346205 0.000907071368898 0.0328492057035 0.00827984587468 0.02665522016 0.0309487725451 0.0135543258453 0.00860148923744 -0.0111569387429 0.0140600072174 0.0132077769942 0.0323718613317 0.0146230225726 0.0569809382922 0.0131587093109 0.0172193187884 0.29096563569 0.0146328500329 -0.00247503055824 
-0.00112774170021 0.0439657772829 -0.0137883862792 0.0340101424328 0.026931326263 0.00871428755168 0.0186267897129 0.0148698356175 0.0227303072789 0.013335201592 0.019522710913 -0.00257740856584 0.0299885951789 0.0198278288229 0.0365906672492 0.0202655333264 0.0426984667994 0.0146328500329 0.385653369733 0.020564170492 
0.00804540345164 0.00572432263591 -0.0135028340313 -0.0202418766486 -0.0240613107242 0.0210875944507 0.0101321640202 0.0158942961658 0.0181017400322 0.00112416208801 0.0113919408827 -0.00244387906856 0.0224578982652 -0.00172648210102 0.00152773014749 -0.0104717485918 0.00240418685282 -0.00247503055824 0.020564170492 0.337096161947 
0.0406529619477 -0.00167016110747 -0.00229541094899 0.00175970540193 0.00237604753586 0.00280880377101 0.00447604662072 0.00375209163334 0.00202126802912 0.0015608244867 0.000926158404094 0.00237910666383 0.00371326743616 0.000764086472071 0.00113538489405 0.000706465928095 -0.00099735411565 0.00154345650599 -9.76652961292e-05 0.000696752377282 
-0.00167016110747 0.0499745782497 -0.00016346839421 0.00386674002304 0.00342364680361 0.00193541041809 0.00108848368499 0.00185352910155 4.4827420778e-06 -0.000133284424511 0.00119826960857 0.00304051785245 0.00408949273133 0.000167901855715 0.00656657337386 0.00315145795334 -0.000715127620038 0.00318120875496 0.00380754800241 0.000495740882216 
-0.00229541094899 -0.00016346839421 0.167898110301 -0.000121973252588 -0.000488682141043 -0.00103885704367 -0.000537243116395 -0.00135296811957 -0.000737049957665 -0.000822222479438 0.00126838915203 0.000459041931788 -0.000989518519961 0.000609487346533 -0.00178108826643 -0.00183276677392 -0.00070907403006 7.85546848511e-05 -0.0011941092795 -0.00116937972942 
0.00175970540193 0.00386674002304 -0.000121973252588 0.0209303521157 0.00229126171569 0.00453462516882 0.00247156852899 0.00184224876068 0.00297482011688 0.00278530868583 0.001536527033 0.003398857132 0.00338413214964 0.00217372602218 -0.000392899064266 0.00219231316223 -3.9838159171e-05 0.00284482466334 0.00294536473331 -0.00175299793979 
0.00237604753586 0.00342364680361 -0.000488682141043 0.00229126171569 0.0375159377275 0.000522879798679 2.4343838195e-05 -0.0013939823485 0.000410527430344 -0.000887605392198 -0.000198939637136 0.00156268483596 0.00217482615225 -0.000474628485468 0.00695008807423 0.00129865934961 -0.00239085415755 0.000717055686689 0.00233232127013 -0.00208377063355 
0.00280880377101 0.00193541041809 -0.00103885704367 0.00453462516882 0.000522879798679 0.0219037833341 0.00297160136196 0.00320848979014 0.00237423628527 0.00203368765648 0.00221166203768 0.00125670851768 0.00335567782134 0.00297655283625 0.0014583931569 0.00408305958709 0.00227945825803 0.00230840978021 0.000754679439564 0.0018262392499 
0.00447604662072 0.00108848368499 -0.000537243116395 0.00247156852899 2.4343838195e-05 0.00297160136196 0.0147295830024 0.00528862131255 0.00178769777521 0.00213612616096 0.00170063486216 0.000997881954692 0.00205671768313 0.00217681068906 0.00399448639029 0.00124584732487 0.000922036572414 0.002680242324 0.00161312730823 0.000877471143678 
0.00375209163334 0.00185352910155 -0.00135296811957 0.00184224876068 -0.0013939823485 0.00320848979014 0.00528862131255 0.0192524900919 0.00105119502375 0.00174857435437 0.0019889236708 0.000154536061027 0.0041110633173 0.0026649204941 0.0004847289669 0.00177120478474 0.0022904580594 0.00117383905132 0.00128776553949 0.00137648642548 
0.00202126802912 4.48274207774e-06 -0.000737049957665 0.00297482011688 0.000410527430344 0.00237423628527 0.00178769777521 0.00105119502375 0.0351921974197 -0.000638410979576 0.0016024872543 -0.000619736670759 0.0019823705652 -0.00125476208764 0.00107039073767 0.00301715115649 0.0019855463364 0.000744910819 0.00196850235394 0.00156765667206 
0.0015608244867 -0.000133284424511 -0.000822222479438 0.00278530868583 -0.000887605392198 0.00203368765648 0.00213612616096 0.00174857435437 -0.000638410979576 0.0235753989878 0.00186240238128 0.00376165689679 0.00185300821666 0.0010617497077 0.000906049912603 -0.00047195110307 0.000499757767304 -0.000966219237984 0.00115486233432 9.73552926187e-05 
0.000926158404094 0.00119826960857 0.00126838915203 0.001536527033 -0.000198939637136 0.00221166203768 0.00170063486216 0.0019889236708 0.0016024872543 0.00186240238128 0.0170545777911 -0.000101273856396 0.00164706185875 0.000216456460471 0.000865301251836 0.000597302392472 -0.000437351116 0.00121763234276 0.00169071636014 0.000986571020285 
0.00237910666383 0.00304051785245 0.000459041931789 0.003398857132 0.00156268483596 0.00125670851768 0.000997881954692 0.000154536061027 -0.000619736670759 0.00376165689679 -0.000101273856396 0.0422428917798 0.000994212818356 0.00133974827008 -0.000166644221475 0.000195667044545 0.000955865840785 0.00114382704045 -0.000223210129395 -0.000211646135715 
0.00371326743616 0.00408949273133 -0.000989518519961 0.00338413214964 0.00217482615225 0.00335567782134 0.00205671768313 0.0041110633173 0.0019823705652 0.00185300821666 0.00164706185875 0.000994212818356 0.0279291394949 -0.000416759744399 0.00372438742102 0.00489568293826 0.00112577572882 0.0028034854281 0.00259708852487 0.00194491104132 
0.000764086472071 0.000167901855715 0.000609487346533 0.00217372602218 -0.000474628485468 0.00297655283625 0.00217681068906 0.0026649204941 -0.00125476208764 0.0010617497077 0.000216456460471 0.00133974827008 -0.000416759744399 0.0252008327288 0.000758869811869 0.000971062472018 0.00155470924273 0.0012663909028 0.00171714034625 -0.000149517735866 
0.00113538489405 0.00656657337386 -0.00178108826643 -0.000392899064266 0.00695008807423 0.0014583931569 0.00399448639029 0.0004847289669 0.00107039073767 0.000906049912603 0.000865301251836 -0.000166644221475 0.00372438742102 0.000758869811869 0.0285551059971 0.00183736985743 -0.000148049175603 0.00493469400925 0.00316884473792 0.000132305311785 
0.000706465928095 0.00315145795334 -0.00183276677392 0.00219231316223 0.00129865934961 0.00408305958709 0.00124584732487 0.00177120478474 0.00301715115649 -0.00047195110307 0.000597302392472 0.000195667044545 0.00489568293826 0.000971062472018 0.00183736985743 0.0532206820619 0.00189951176947 0.00113957765443 0.00175504666819 -0.000906880030257 
-0.00099735411565 -0.000715127620038 -0.00070907403006 -3.9838159171e-05 -0.00239085415755 0.00227945825803 0.000922036572414 0.0022904580594 0.0019855463364 0.000499757767304 -0.000437351116 0.000955865840785 0.00112577572882 0.00155470924273 -0.000148049175603 0.00189951176947 0.0306966685989 0.00149123675066 0.00369779569509 0.000208208688998 
0.00154345650599 0.00318120875496 7.85546848511e-05 0.00284482466334 0.000717055686689 0.00230840978021 0.002680242324 0.00117383905132 0.000744910819 -0.000966219237984 0.00121763234276 0.00114382704045 0.0028034854281 0.0012663909028 0.00493469400925 0.00113957765443 0.00149123675066 0.0251983632135 0.00126724198583 -0.000214343933858 
-9.76652961291e-05 0.00380754800241 -0.0011941092795 0.00294536473331 0.00233232127013 0.000754679439564 0.00161312730823 0.00128776553949 0.00196850235394 0.00115486233432 0.00169071636014 -0.000223210129395 0.00259708852487 0.00171714034625 0.00316884473792 0.00175504666819 0.00369779569509 0.00126724198583 0.0333985615244 0.00178090940538 
0.000696752377282 0.000495740882216 -0.00116937972942 -0.00175299793979 -0.00208377063355 0.0018262392499 0.000877471143678 0.00137648642548 0.00156765667206 9.73552926187e-05 0.000986571020285 -0.000211646135715 0.00194491104132 -0.000149517735866 0.000132305311785 -0.000906880030257 0.000208208688998 -0.000214343933858 0.00178090940538 0.0291933839764 

['EP', 'R', 'ESRX', 'WM', 'FDX', 'PLD', 'DUK', 'CNP', 'HMA', 'HSY', 'PBG', 'PFE', 'CAT', 'BF.B', 'BNI', 'ADM', 'STZ', 'BMS', 'AZO', 'NCR']