20
0.0194782181544 0.0230030392576 0.185813705736 0.0534982218633 0.0413413845105 0.067616439087 0.0301615681032 0.072987431854 0.161692830297 0.0328562524986 0.0571686925308 0.0662185328213 0.0914492870129 0.087070388143 0.0224960645228 0.00413185853021 0.133040507733 0.0609589558998 0.0839491815724 0.00535997805058 
0.171374803397 0.0564243405486 0.0518451052581 0.03066481211 0.0242391553551 0.018600454402 0.0389497994048 0.00339124541037 0.0398049251888 0.0222926620498 0.0296725576998 0.0149757404019 0.0466126676439 0.0339383045046 0.0327536603033 0.00602401444249 0.00817115889562 0.0210161058668 0.0350527569851 0.0238725523797 
0.0564243405486 0.13191399972 0.0234644852813 0.0406262894121 0.00252500873799 0.0251428452207 0.0198841678682 0.0130487519861 0.0388344244524 0.0126450652012 0.00824117070408 0.0162461786734 0.0394080455745 -0.00432010231435 0.018315813543 0.0233784622293 0.00406351657194 0.0167397863863 0.0284044237144 0.022901905226 
0.0518451052581 0.0234644852813 0.568609554443 0.0657179964651 0.0385953730054 0.0382027439714 0.0462924581586 0.00744865249232 0.00618625758422 0.0338670632648 0.0414498035263 0.00859362038591 0.279522741357 0.0282397261109 0.0265406042052 0.0257440274958 0.0709131884499 0.055919924697 0.0485723290929 0.0263888125944 
0.03066481211 0.0406262894121 0.0657179964651 0.243843408485 0.0238832648175 0.00965445603246 0.0316042413172 0.00882472345763 0.00954715450675 0.0153258018148 0.0261755604462 0.0332304633484 0.0637689565843 0.0104986374379 0.0372357249444 0.00670454891406 0.00758972827199 0.038349806156 0.0162425141133 0.0173109868348 
0.0242391553551 0.00252500873799 0.0385953730054 0.0238832648175 0.241462142618 0.0409370639716 0.0364989148705 -0.0120464605677 0.00804229044618 0.00565167978959 0.0347156801408 0.0618514603154 0.022939355739 0.0207745184233 0.0395759974181 0.0106895715618 0.0224984469599 0.0295208824587 0.0136069492682 0.00146400356282 
0.018600454402 0.0251428452207 0.0382027439714 0.00965445603246 0.0409370639716 0.415985293029 0.0366573611155 0.0332019156793 0.0461923236542 0.0273909755295 0.0170076395786 0.0753840432422 0.0183428291306 0.031597345279 0.0122975035101 0.0331156809271 -0.0144879836605 0.0118909340047 0.0586691939734 0.0226722224665 
0.0389497994048 0.0198841678682 0.0462924581586 0.0316042413172 0.0364989148705 0.0366573611155 0.226986655541 0.00253251405871 0.0155662555738 0.0113275649805 0.00132973286376 0.0106484824439 0.0335740175383 0.0551472753001 0.0266559041485 0.0211529263295 0.0312117424149 0.0279069416945 0.036554458791 0.0257161350966 
0.00339124541037 0.0130487519861 0.00744865249232 0.00882472345763 -0.0120464605677 0.0332019156793 0.00253251405871 0.48506949442 -0.012459349256 0.0362597284723 0.0047613807207 0.0495201840765 0.015565780525 0.0561426217796 0.00132197634589 0.00726579800171 0.00598691556112 0.00905449547312 0.0178317725479 0.00965227495384 
0.0398049251888 0.0388344244524 0.00618625758422 0.00954715450675 0.00804229044618 0.0461923236542 0.0155662555738 -0.012459349256 0.899793229161 0.00278247420931 0.00497068474639 -0.0194016336975 0.0237970217679 -0.00328758319691 0.00941615943474 0.0308323192352 0.0243997772436 -0.0203510446749 0.0109877968904 0.0396659861072 
0.0222926620498 0.0126450652012 0.0338670632648 0.0153258018148 0.00565167978959 0.0273909755295 0.0113275649805 0.0362597284723 0.00278247420931 0.329879792096 0.0260242142751 -0.019399472289 0.0444599807331 0.0535442315779 0.00824115320889 0.0282241274221 0.0435864230101 0.00437524311948 0.0133547601844 0.018104774035 
0.0296725576998 0.00824117070408 0.0414498035263 0.0261755604462 0.0347156801408 0.0170076395786 0.00132973286376 0.0047613807207 0.00497068474639 0.0260242142751 0.37383345422 0.0406614835339 0.0406345040187 0.0108105890306 0.0208089030156 -0.00733712114502 0.000450741295983 0.0520690224495 0.0153617982855 -0.0129265493774 
0.0149757404019 0.0162461786734 0.00859362038591 0.0332304633484 0.0618514603154 0.0753840432422 0.0106484824439 0.0495201840765 -0.0194016336975 -0.019399472289 0.0406614835339 0.397425486719 0.019422120853 -0.00250743758766 0.0317432020233 0.0262399322337 0.0351259966363 0.0401749964664 0.0142255894269 0.00959575438837 
0.0466126676439 0.0394080455745 0.279522741357 0.0637689565843 0.022939355739 0.0183428291306 0.0335740175383 0.015565780525 0.0237970217679 0.0444599807331 0.0406345040187 0.019422120853 0.409377252398 0.019797791347 0.0304321223215 0.0285566943402 0.0807840033754 0.0764157538151 0.0349597861489 0.023305039954 
0.0339383045046 -0.00432010231435 0.0282397261109 0.0104986374379 0.0207745184233 0.031597345279 0.0551472753001 0.0561426217796 -0.00328758319691 0.0535442315779 0.0108105890306 -0.00250743758766 0.019797791347 0.622416987589 0.0405238752136 0.0126126465053 -0.014707661121 0.020984881264 0.00487652260266 0.00465225043614 
0.0327536603033 0.018315813543 0.0265406042052 0.0372357249444 0.0395759974181 0.0122975035101 0.0266559041485 0.00132197634589 0.00941615943474 0.00824115320889 0.0208089030156 0.0317432020233 0.0304321223215 0.0405238752136 0.208537922052 0.00803088036313 0.00309352435498 0.039339588577 0.0278084169735 0.0156982840225 
0.00602401444249 0.0233784622293 0.0257440274958 0.00670454891406 0.0106895715618 0.0331156809271 0.0211529263295 0.00726579800171 0.0308323192352 0.0282241274221 -0.00733712114502 0.0262399322337 0.0285566943402 0.0126126465053 0.00803088036313 0.198294114159 0.0395163927954 0.0199772667856 0.00438052559806 0.0686695359334 
0.00817115889562 0.00406351657194 0.0709131884499 0.00758972827199 0.0224984469599 -0.0144879836605 0.0312117424149 0.00598691556112 0.0243997772436 0.0435864230101 0.000450741295983 0.0351259966363 0.0807840033754 -0.014707661121 0.00309352435498 0.0395163927954 0.499231220578 0.0106200420165 -0.00239628429266 0.0377199839628 
0.0210161058668 0.0167397863863 0.055919924697 0.038349806156 0.0295208824587 0.0118909340047 0.0279069416945 0.00905449547312 -0.0203510446749 0.00437524311948 0.0520690224495 0.0401749964664 0.0764157538151 0.020984881264 0.039339588577 0.0199772667856 0.0106200420165 0.441274171629 0.0367683641037 0.0170719636591 
0.0350527569851 0.0284044237144 0.0485723290929 0.0162425141133 0.0136069492682 0.0586691939734 0.036554458791 0.0178317725479 0.0109877968904 0.0133547601844 0.0153617982855 0.0142255894269 0.0349597861489 0.00487652260266 0.0278084169735 0.00438052559806 -0.00239628429266 0.0367683641037 0.60344861323 0.00164248631837 
0.0238725523797 0.022901905226 0.0263888125944 0.0173109868348 0.00146400356282 0.0226722224665 0.0257161350966 0.00965227495384 0.0396659861072 0.018104774035 -0.0129265493774 0.00959575438837 0.023305039954 0.00465225043614 0.0156982840225 0.0686695359334 0.0377199839628 0.0170719636591 0.00164248631837 0.134142548793 
0.014841493331 0.00488649123069 0.00448991782154 0.00265565062896 0.00209917243038 0.0016108466034 0.00337315157569 0.000293690467584 0.00344720764092 0.00193060116531 0.00256971887633 0.00129693716286 0.00403677543178 0.00293914338624 0.00283655018896 0.000521694953996 0.000707643118197 0.00182004815692 0.00303565780218 0.0020674236814 
0.00488649123069 0.0114240874872 0.00203208403403 0.00351833986923 0.000218672171187 0.00217743426846 0.0017220194507 0.00113005507077 0.00336315981172 0.00109509476967 0.000713706318665 0.00140696034456 0.00341283685811 -0.000374131835118 0.00158619598192 0.0020246342192 0.000351910858 0.00144970802644 0.00245989525165 0.00198336317208 
0.00448991782154 0.00203208403403 0.0492430318983 0.00569134544246 0.00334245734912 0.00330845467735 0.0040090444769 0.000645072228231 0.000535745622229 0.00293297371389 0.00358965828356 0.000744229356467 0.0242073794951 0.00244563202079 0.00229848374735 0.00222949818071 0.00614126226609 0.00484280753653 0.00420648709154 0.00228533820825 
0.00265565062896 0.00351833986923 0.00569134544246 0.0211174586293 0.00206835140573 0.000836100418383 0.0027370075848 0.000764243469568 0.00082680783367 0.0013272533705 0.00226687003047 0.00287784254393 0.00552255363749 0.000909208672634 0.00322470837302 0.000580630968049 0.000657289749136 0.00332119063613 0.00140664298434 0.00149917543635 
0.00209917243038 0.000218672171187 0.00334245734912 0.00206835140573 0.0209112349559 0.00354525373558 0.00316089874884 -0.00104325408773 0.000696482783101 0.000489449827184 0.00300646609116 0.00535649358943 0.00198660648165 0.0017991260706 0.00342738191442 0.00092574405281 0.0019484226613 0.00255658341514 0.00117839637343 0.000126786427663 
0.0016108466034 0.00217743426846 0.00330845467735 0.000836100418383 0.00354525373558 0.0360253831364 0.00317462059617 0.00287537024326 0.00400037257444 0.0023721280643 0.00147290479335 0.00652844964877 0.00158853560044 0.00273641037038 0.00106499504429 0.00286790209464 -0.00125469618996 0.00102978509228 0.00508090124005 0.00196347206162 
0.00337315157569 0.0017220194507 0.0040090444769 0.0027370075848 0.00316089874884 0.00317462059617 0.0196576210018 0.000219322151028 0.00134807727687 0.000980995903616 0.000115158244026 0.000922185630815 0.00290759520953 0.00477589413593 0.00230846901534 0.00183189715657 0.00270301618277 0.00241681204494 0.00316570899346 0.00222708262808 
0.000293690467584 0.00113005507077 0.000645072228231 0.000764243469568 -0.00104325408773 0.00287537024326 0.000219322151028 0.0420082504769 -0.00107901129703 0.00314018459913 0.000412347666121 0.00428857374104 0.00134803613644 0.00486209366962 0.000114486509874 0.000629236564824 0.000518482096624 0.000784142309817 0.0015442768021 0.000835911531434 
0.00344720764092 0.00336315981172 0.000535745622229 0.00082680783367 0.000696482783101 0.00400037257444 0.00134807727687 -0.00107901129703 0.0779243794606 0.000240969335064 0.000430473926458 -0.00168023076569 0.00206088253854 -0.000284713056558 0.000815463327657 0.00267015717153 0.00211308269397 -0.0017624521682 0.000951571123867 0.0034351751635 
0.00193060116531 0.00109509476967 0.00293297371389 0.0013272533705 0.000489449827184 0.0023721280643 0.000980995903616 0.00314018459913 0.000240969335064 0.028568428015 0.00225376306758 -0.00168004358223 0.00385034727666 0.00463706647726 0.000713704803538 0.00244428113472 0.00377469495869 0.000378907168921 0.00115655615812 0.00156791942441 
0.00256971887633 0.000713706318665 0.00358965828356 0.00226687003047 0.00300646609116 0.00147290479335 0.000115158244026 0.000412347666121 0.000430473926458 0.00225376306758 0.0323749268139 0.00352138776959 0.00351905127504 0.00093622447304 0.00180210386364 -0.000635413330223 3.90353412856e-05 0.00450930961915 0.00133037075631 -0.00111947201441 
0.00129693716286 0.00140696034456 0.000744229356467 0.00287784254393 0.00535649358943 0.00652844964877 0.000922185630815 0.00428857374104 -0.00168023076569 -0.00168004358223 0.00352138776959 0.034418056761 0.0016820050054 -0.000217150464932 0.00274904193496 0.0022724447908 0.00304200054203 0.00347925675369 0.00123197218275 0.000831016706881 
0.00403677543178 0.00341283685811 0.0242073794951 0.00552255363749 0.00198660648165 0.00158853560044 0.00290759520953 0.00134803613644 0.00206088253854 0.00385034727666 0.00351905127504 0.0016820050054 0.0354531100308 0.00171453902453 0.00263549910215 0.00247308227467 0.00699609991425 0.00661779840532 0.00302760629158 0.00201827566363 
0.00293914338624 -0.000374131835118 0.00244563202079 0.000909208672634 0.0017991260706 0.00273641037038 0.00477589413593 0.00486209366962 -0.000284713056558 0.00463706647726 0.00093622447304 -0.000217150464932 0.00171453902453 0.0539028922999 0.00350947053947 0.00109228722826 -0.0012737208161 0.001817344027 0.000422319245603 0.000402896706246 
0.00283655018896 0.00158619598192 0.00229848374735 0.00322470837302 0.00342738191442 0.00106499504429 0.00230846901534 0.000114486509874 0.000815463327657 0.000713704803538 0.00180210386364 0.00274904193496 0.00263549910215 0.00350947053947 0.0180599138149 0.000695494640923 0.000267907067864 0.00340690830821 0.00240827955381 0.00135951127593 
0.000521694953996 0.0020246342192 0.00222949818071 0.000580630968049 0.00092574405281 0.00286790209464 0.00183189715657 0.000629236564824 0.00267015717153 0.00244428113472 -0.000635413330223 0.0022724447908 0.00247308227467 0.00109228722826 0.000695494640923 0.0171727740283 0.00342222000267 0.00173008205345 0.000379364644985 0.00594695625844 
0.000707643118197 0.000351910858 0.00614126226609 0.000657289749136 0.0019484226613 -0.00125469618996 0.00270301618277 0.000518482096624 0.00211308269397 0.00377469495869 3.90353412856e-05 0.00304200054203 0.00699609991425 -0.0012737208161 0.000267907067864 0.00342222000267 0.0432346919383 0.000919722617558 -0.000207524307213 0.00326664643421 
0.00182004815692 0.00144970802644 0.00484280753653 0.00332119063613 0.00255658341514 0.00102978509228 0.00241681204494 0.000784142309817 -0.0017624521682 0.000378907168921 0.00450930961915 0.00347925675369 0.00661779840532 0.001817344027 0.00340690830821 0.00173008205345 0.000919722617558 0.0382154642665 0.00318423373694 0.00147847542212 
0.00303565780218 0.00245989525165 0.00420648709154 0.00140664298434 0.00117839637343 0.00508090124005 0.00316570899346 0.0015442768021 0.000951571123867 0.00115655615812 0.00133037075631 0.00123197218275 0.00302760629158 0.000422319245603 0.00240827955381 0.000379364644985 -0.000207524307213 0.00318423373694 0.0522601828936 0.000142243487708 
0.0020674236814 0.00198336317208 0.00228533820825 0.00149917543635 0.000126786427663 0.00196347206162 0.00222708262808 0.000835911531434 0.0034351751635 0.00156791942441 -0.00111947201441 0.000831016706881 0.00201827566363 0.000402896706246 0.00135951127593 0.00594695625844 0.00326664643421 0.00147847542212 0.000142243487708 0.0116170854983 

['STI', 'BAC', 'DHI', 'HD', 'IP', 'ALTR', 'EOP', 'PFE', 'ADBE', 'HPQ', 'WHR', 'ROH', 'KBH', 'BMC', 'LNC', 'PNW', 'XTO', 'NAV', 'FNM', 'SO']