20
0.0998681056981 0.0916609470377 -0.00773505516991 0.201887649263 0.0674926048947 0.0566217234647 0.0729597235382 0.0135435889675 0.0479071153807 0.0831393543584 0.0328562524986 0.0795042219188 0.100072423231 0.332832739506 0.0737969483193 0.0101927526284 0.424855775916 0.357744060202 0.0300310371189 0.0994766710856 
0.421225159973 0.0184474035737 0.0125122890863 0.0496203667632 -0.0104939455828 0.0461042879607 0.0256349355477 0.0100687800056 0.0311543282327 0.0252102441494 0.0357811253116 0.0324637093706 0.0466763408756 0.0191793069401 0.0523546355394 0.0471716531548 0.000215127393914 0.0353086223956 0.0172159455873 0.0312182045498 
0.0184474035737 0.439525939757 -0.00429826010936 0.0157832802012 0.00598085457537 0.000328339566177 0.012612300804 -0.0257336839773 0.0189896067069 0.0212977146269 0.0237999285249 0.00658826562386 0.0512094763384 0.0184317964024 0.0272891107794 0.0207926617756 -0.0251900229654 0.000540947404919 0.0049096668324 0.0071827465491 
0.0125122890863 -0.00429826010936 0.150472549372 0.0339787434779 0.0145524915766 0.0398937726113 0.0295658199041 0.0239727431897 0.00723174313587 0.00738313349126 0.0160532813924 0.017084405532 0.0134354278824 0.025591930416 0.0081764311053 0.00905014576373 0.00188024452019 0.00481751109466 0.0242155913173 0.0107272280255 
0.0496203667632 0.0157832802012 0.0339787434779 0.782176803095 0.00615385971616 0.0259333814322 0.00294837944346 0.00461323685298 -0.022166089287 0.0369926856443 0.0201369098344 0.0277401481882 0.0244500912329 -0.00599922711784 0.0232304842485 0.0506052615577 0.00693525752542 0.0688195525844 -0.0123503045345 -0.00795643709502 
-0.0104939455828 0.00598085457537 0.0145524915766 0.00615385971616 0.355091692247 0.0313707552233 0.0312151477813 0.0259843452714 0.024368337561 -0.00142534265943 0.0125935546602 0.0199597582454 0.0160189245592 -0.0230150420522 0.0162182257505 0.0351187810413 0.0497366326836 -0.0130744521478 0.0218070851107 0.0179660767412 
0.0461042879607 0.000328339566178 0.0398937726113 0.0259333814322 0.0313707552233 0.202336588144 0.0445488999639 0.0260435427395 0.0370907457228 0.0267736525466 0.024812114605 0.0401789066954 0.00502730968574 0.0301065005936 0.0114343383146 0.0381304513498 -0.00366565302629 0.0491670598908 0.0235647811157 0.0149417711381 
0.0256349355477 0.012612300804 0.0295658199041 0.00294837944346 0.0312151477813 0.0445488999639 0.518937078579 0.0154796775701 0.0236887387438 0.00693985526839 0.0578776080494 0.029286464557 0.00107786015969 0.0118784139518 0.0334816960369 0.0112768278934 -0.0241407232584 -0.0177241269054 0.0261346550913 0.00749328096206 
0.0100687800056 -0.0257336839773 0.0239727431897 0.00461323685298 0.0259843452714 0.0260435427395 0.0154796775701 0.246181819432 -0.00932010262147 0.04994250819 0.0175153765118 0.0245827893373 -0.000213341075408 0.0543750223897 0.0675125416095 0.0172411492978 0.00361685342211 -0.0227814890107 0.0160318678936 0.0260475087013 
0.0311543282327 0.0189896067069 0.00723174313587 -0.022166089287 0.024368337561 0.0370907457228 0.0236887387438 -0.00932010262147 0.234843096754 0.0193867055779 0.0371370667633 0.0107611510577 0.0278774129188 0.0136759198642 0.0137015353425 0.0246972702983 -0.0281138283468 0.063766106139 0.0157652483979 0.028447017416 
0.0252102441494 0.0212977146269 0.00738313349126 0.0369926856443 -0.00142534265943 0.0267736525466 0.00693985526839 0.04994250819 0.0193867055779 0.316629863859 0.020168600382 0.00872903010332 -0.000739851870178 0.020121437626 0.00753060073043 0.0108520360312 0.0234712380031 0.0221819414005 -0.00357574968954 -0.00227985007051 
0.0357811253116 0.0237999285249 0.0160532813924 0.0201369098344 0.0125935546602 0.024812114605 0.0578776080494 0.0175153765118 0.0371370667633 0.020168600382 0.334262770474 0.00711820871263 0.00690501632236 0.0199590124702 0.0179934337921 0.0216691751329 -0.0106400326846 -0.0171029692098 -0.00286729870705 -0.0108163144096 
0.0324637093706 0.00658826562386 0.017084405532 0.0277401481882 0.0199597582454 0.0401789066954 0.029286464557 0.0245827893373 0.0107611510577 0.00872903010332 0.00711820871263 0.281087009786 0.0204912065947 0.011939462036 -0.00997798595482 0.00793734855777 -0.0251236797808 -0.045759522958 0.00402087248942 0.00999729023835 
0.0466763408756 0.0512094763384 0.0134354278824 0.0244500912329 0.0160189245592 0.00502730968573 0.00107786015969 -0.000213341075408 0.0278774129188 -0.000739851870178 0.00690501632236 0.0204912065947 0.483296668603 0.0290982421069 0.0275573365078 0.0181709346517 0.00661835451007 0.125391935091 -0.0128865719766 0.0202735657834 
0.0191793069401 0.0184317964024 0.025591930416 -0.00599922711784 -0.0230150420522 0.0301065005936 0.0118784139518 0.0543750223897 0.0136759198642 0.020121437626 0.0199590124702 0.011939462036 0.0290982421069 0.531794495729 0.00378659152008 0.048042656488 0.0161106869964 0.0112698287941 0.00872904199677 0.031010562732 
0.0523546355394 0.0272891107794 0.00817643110529 0.0232304842485 0.0162182257505 0.0114343383146 0.0334816960369 0.0675125416095 0.0137015353425 0.00753060073043 0.0179934337921 -0.00997798595482 0.0275573365078 0.00378659152008 0.34444096749 0.0196355732064 0.00563914286881 -0.000258704327649 0.00803034515402 0.00625013159242 
0.0471716531548 0.0207926617756 0.00905014576373 0.0506052615577 0.0351187810413 0.0381304513498 0.0112768278934 0.0172411492978 0.0246972702983 0.0108520360312 0.0216691751329 0.00793734855777 0.0181709346517 0.048042656488 0.0196355732064 0.258225983453 0.0125384956832 0.0195292807987 0.0136881189077 0.0255662702822 
0.000215127393914 -0.0251900229654 0.00188024452019 0.00693525752542 0.0497366326836 -0.00366565302629 -0.0241407232584 0.00361685342211 -0.0281138283468 0.0234712380031 -0.0106400326846 -0.0251236797808 0.00661835451007 0.0161106869964 0.00563914286881 0.0125384956832 3.75020581292 -0.0167707414522 -0.00346338852311 0.0220887757022 
0.0353086223956 0.000540947404918 0.00481751109466 0.0688195525844 -0.0130744521478 0.0491670598908 -0.0177241269054 -0.0227814890107 0.063766106139 0.0221819414005 -0.0171029692098 -0.045759522958 0.125391935091 0.0112698287941 -0.000258704327649 0.0195292807987 -0.0167707414522 2.8626585954 0.0172096668677 0.384703886915 
0.0172159455873 0.0049096668324 0.0242155913173 -0.0123503045345 0.0218070851107 0.0235647811157 0.0261346550913 0.0160318678936 0.0157652483979 -0.00357574968954 -0.00286729870705 0.00402087248942 -0.0128865719766 0.00872904199677 0.00803034515402 0.0136881189077 -0.00346338852311 0.0172096668677 0.267933718927 0.0275771763941 
0.0312182045498 0.0071827465491 0.0107272280255 -0.00795643709502 0.0179660767412 0.0149417711381 0.00749328096206 0.0260475087013 0.028447017416 -0.00227985007051 -0.0108163144096 0.00999729023835 0.0202735657834 0.031010562732 0.00625013159242 0.0255662702822 0.0220887757022 0.384703886915 0.0275771763941 0.235085041294 
0.036479168925 0.00159759201287 0.00108359602082 0.0042972498162 -0.000908802346064 0.00399274845973 0.00222005054087 0.000871981926999 0.00269804396873 0.0021832711869 0.00309873634958 0.0028114397016 0.00404228969539 0.00166097670371 0.0045340444383 0.00408518499706 1.86305788179e-05 0.00305781639672 0.00149094462288 0.00270357582006 
0.00159759201287 0.0380640629452 -0.000372240244678 0.00136687216093 0.000517957199861 2.84350405377e-05 0.00109225728964 -0.00222860240573 0.00164454818161 0.00184443619094 0.00206113427108 0.000570560539714 0.00443487074236 0.00159624039219 0.00236330631817 0.001800697331 -0.002181519981 4.68474194771e-05 0.000425189620098 0.000622044098046 
0.00108359602082 -0.000372240244678 0.0130313050329 0.00294264550405 0.00126028273937 0.00345490205342 0.00256047511207 0.00207610046007 0.000626287326931 0.000639398116296 0.00139025495 0.00147955291992 0.00116354218569 0.00221632618721 0.000708099704948 0.000783765613935 0.000162833951981 0.000417208699099 0.00209713172485 0.000929005198226 
0.0042972498162 0.00136687216093 0.00294264550405 0.0677384981731 0.000532939884552 0.00224589671263 0.000255337149803 0.000399518030836 -0.00191963964251 0.00320366055222 0.00174390754703 0.00240236730357 0.00211744001326 -0.000519548308713 0.00201181895014 0.00438254420741 0.00060061091988 0.00595994808152 -0.00106956774714 -0.00068904766479 
-0.000908802346064 0.000517957199861 0.00126028273937 0.000532939884552 0.0307518426159 0.00271678709593 0.00270331109615 0.00225031031057 0.00211035993758 -0.000123438295216 0.00109063382597 0.00172856576939 0.00138727956095 -0.00199316110863 0.00140453955043 0.00304137565317 0.00430731874027 -0.00113228077006 0.00188854896884 0.00155590788642 
0.00399274845973 2.84350405377e-05 0.00345490205342 0.00224589671263 0.00271678709593 0.0175228625448 0.00385804790794 0.00225543696169 0.00321215280412 0.00231866632575 0.00214879215696 0.00347959538945 0.000435377790054 0.00260729943332 0.000990242745587 0.00330219395267 -0.000317454864223 0.00425799228948 0.00204076990808 0.00129399533832 
0.00222005054087 0.00109225728964 0.00256047511207 0.000255337149803 0.00270331109615 0.00385804790794 0.0449412693015 0.00134057940181 0.00205150495358 0.000601009096101 0.0050123478881 0.00253628222934 9.33454280021e-05 0.00102870082389 0.00289959993297 0.000976601942977 -0.00209064796075 -0.00153495441599 0.00226332752282 0.000648937167083 
0.000871981926999 -0.00222860240573 0.00207610046007 0.000399518030836 0.00225031031057 0.00225543696169 0.00134057940181 0.0213199709578 -0.000807144563607 0.00432514808212 0.00151687610161 0.0021289320062 -1.84758790974e-05 0.00470901507208 0.00584675761079 0.00149312732823 0.000313228694531 -0.00197293482193 0.0013884004866 0.00225578042406 
0.00269804396873 0.00164454818161 0.000626287326931 -0.00191963964251 0.00211035993758 0.00321215280412 0.00205150495358 -0.000807144563607 0.0203380087693 0.00167893795262 0.0032161643239 0.000931943018992 0.00241425477795 0.00118436940225 0.00118658776774 0.00213884634825 -0.0024347289546 0.00552230678168 0.00136531056096 0.00246358397441 
0.0021832711869 0.00184443619094 0.000639398116296 0.00320366055222 -0.000123438295216 0.00231866632575 0.000601009096101 0.00432514808212 0.00167893795262 0.0274209505699 0.00174665202896 0.000755956181987 -6.40730514612e-05 0.00174256761448 0.000652169153831 0.000939813888584 0.0020326688369 0.00192101247581 -0.000309669006871 -0.000197440807788 
0.00309873634958 0.00206113427108 0.00139025495 0.00174390754703 0.00109063382597 0.00214879215696 0.0050123478881 0.00151687610161 0.0032161643239 0.00174665202896 0.028948005077 0.000616454957458 0.000597991954871 0.00172850118336 0.00155827707653 0.00187660561442 -0.0009214538602 -0.00148116058158 -0.000248315352054 -0.000936720305401 
0.0028114397016 0.000570560539714 0.00147955291992 0.00240236730357 0.00172856576939 0.00347959538945 0.00253628222934 0.0021289320062 0.000931943018992 0.000755956181987 0.000616454957458 0.0243428491148 0.00177459054652 0.00103398774307 -0.000864118931548 0.000687394548972 -0.00217577449267 -0.00396289093467 0.000348217772122 0.000865790731542 
0.00404228969539 0.00443487074236 0.00116354218569 0.00211744001326 0.00138727956095 0.000435377790054 9.33454280022e-05 -1.84758790974e-05 0.00241425477795 -6.40730514612e-05 0.000597991954871 0.00177459054652 0.0418547192574 0.00251998168701 0.00238653534764 0.00157364910189 0.000573166313698 0.0108592601219 -0.00111600986994 0.00175574229937 
0.00166097670371 0.00159624039219 0.00221632618721 -0.000519548308713 -0.00199316110863 0.00260729943332 0.00102870082389 0.00470901507208 0.00118436940225 0.00174256761448 0.00172850118336 0.00103398774307 0.00251998168701 0.0460547542894 0.000327928445014 0.00416061609839 0.00139522642113 0.000975995803199 0.000755957211991 0.00268559351116 
0.0045340444383 0.00236330631817 0.000708099704948 0.00201181895014 0.00140453955043 0.000990242745587 0.00289959993297 0.00584675761079 0.00118658776774 0.000652169153831 0.00155827707653 -0.000864118931548 0.00238653534764 0.000327928445014 0.0298294627951 0.00170049052146 0.000488364097996 -2.24044519813e-05 0.000695448290454 0.000541277273604 
0.00408518499706 0.001800697331 0.000783765613934 0.00438254420741 0.00304137565317 0.00330219395267 0.000976601942977 0.00149312732823 0.00213884634825 0.000939813888584 0.00187660561442 0.000687394548972 0.00157364910189 0.00416061609839 0.00170049052146 0.0223630261587 0.00108586557869 0.00169128532893 0.00118542587041 0.00221410395444 
1.86305788179e-05 -0.002181519981 0.000162833951981 0.00060061091988 0.00430731874027 -0.000317454864223 -0.00209064796075 0.000313228694531 -0.0024347289546 0.0020326688369 -0.0009214538602 -0.00217577449267 0.000573166313698 0.00139522642113 0.000488364097996 0.00108586557869 0.324777350341 -0.00145238881379 -0.000299938244419 0.00191294408966 
0.00305781639672 4.68474194771e-05 0.000417208699099 0.00595994808152 -0.00113228077006 0.00425799228948 -0.00153495441599 -0.00197293482193 0.00552230678168 0.00192101247581 -0.00148116058158 -0.00396289093467 0.0108592601219 0.000975995803199 -2.24044519813e-05 0.00169128532893 -0.00145238881379 0.247913506598 0.00149040086981 0.0333163339003 
0.00149094462288 0.000425189620098 0.00209713172485 -0.00106956774714 0.00188854896884 0.00204076990808 0.00226332752282 0.0013884004866 0.00136531056096 -0.000309669006871 -0.000248315352054 0.000348217772122 -0.00111600986994 0.000755957211991 0.000695448290454 0.00118542587041 -0.000299938244419 0.00149040086981 0.0232037407121 0.0023882535322 
0.00270357582006 0.000622044098046 0.000929005198226 -0.00068904766479 0.00155590788642 0.00129399533832 0.000648937167083 0.00225578042406 0.00246358397441 -0.000197440807788 -0.000936720305401 0.000865790731542 0.00175574229937 0.00268559351116 0.000541277273604 0.00221410395444 0.00191294408966 0.0333163339003 0.0023882535322 0.020358961781 

['XLNX', 'FDX', 'DTE', 'MU', 'AMGN', 'ASN', 'NE', 'NYT', 'MCK', 'TJX', 'HPQ', 'ITT', 'LU', 'EK', 'CMVT', 'INTC', 'SANM', 'BRCM', 'OMC', 'MIL']