40
0.0905877796438 0.143828325424 0.332832739506 0.0430779984078 0.00788248566947 0.0749299903321 0.0810581507116 0.00839736130492 0.0493061267197 0.0170913584406 0.185813705736 0.0755027876102 0.0674926048947 0.0169596300077 0.0900156737744 0.0402434153999 0.0540494724418 0.0585004976968 0.0723018126246 -0.00648668223639 0.158066549078 0.0275413533974 0.0176756211385 0.088181568025 0.0070666509449 0.105790735219 0.110955558587 0.162419244675 0.0194782181544 0.0150252709272 0.357744060202 0.034888990542 0.0268374832388 0.101801748802 0.0413413845105 0.190895055806 0.0407864154506 0.0367129888202 0.0381517477001 0.124759587163 
0.431199779112 -0.00937141289509 -0.0280143580502 -0.00173976895182 0.00783908740824 0.0346574555395 0.0626733115618 0.0241552752166 0.020529408268 0.00365931973628 0.0805800491533 0.00857519791451 -0.0250245200495 0.00664814796379 0.017282124082 0.0160138480093 0.0235255630179 0.0338866680421 0.0591967895077 0.0137849784193 -0.031479541528 0.0183020298246 0.018260992055 0.0145670753571 0.0187973764995 0.0395469913369 0.0228549639984 0.00794862244945 0.0202814393006 0.0200628723452 -0.00562966923055 0.0036853680322 0.00576139673272 0.0175036856821 0.0305070360938 -0.00167553702883 0.0278193155676 0.0427643150974 0.0490987538075 0.0153606309458 
-0.00937141289509 0.598484689623 0.00340980636923 0.0198802633141 0.0160672431817 0.0515776749404 0.021811392151 0.00104602050116 0.00197623052426 0.0174080995731 0.030760166609 0.00444993313254 -0.00472551345646 0.00861232596903 0.0157820570754 0.00856230199731 -0.00216124866114 0.0416098687687 0.030364713676 -0.0193024071908 -0.0411293427884 0.012217614662 0.00331032910422 0.023586967437 -0.0025449328583 -0.0108994139044 0.00410725465737 0.024948776771 0.0384251957794 -0.00467360666755 0.0228550181881 0.0178221271892 0.00511159487584 -0.015860316369 0.0055807206318 0.0074502556083 -0.00255887301947 0.0252167526498 -0.00928498620094 -0.00146766196715 
-0.0280143580502 0.00340980636923 0.518866264636 0.0119723241756 0.0140088229488 0.0337863044046 -0.00284008347692 0.00170299428409 0.00436178416822 0.0324262089826 0.0694763296367 0.0547163670255 -0.0212463614084 0.0160447379535 0.0220373512429 0.0189132303082 0.0132057160926 0.0247755951547 0.065240187762 0.00602956357516 -0.0307739396965 0.0224075552964 -0.00195542019264 0.0351241730302 -0.00161859771095 0.00084634202173 -0.0303918968937 -0.0175623053378 0.0017604227994 0.0247843206696 0.0132837862243 0.0111974148106 0.00822210821511 0.00368569112509 0.0146091157065 0.0201671038637 0.0177742937485 0.0124023573888 0.0374607609684 -0.00365319540875 
-0.00173976895182 0.0198802633141 0.0119723241756 0.330528484278 0.0155416245361 0.0326557773885 0.00841872504305 0.0133086772624 -0.00586315796769 0.012441165249 0.0192061658861 0.000410467908502 0.0278799161489 -0.00413281625054 -0.0189159634988 0.0188252479865 -0.00397599791814 0.0169595678588 0.0250354125131 0.00711293163772 0.0346113305204 0.0223320184664 0.0261459168227 -0.00174886652858 0.00862952282951 0.01770666528 0.00965124915251 0.0330948527355 0.0247009676658 0.00416515552414 0.0611951238828 0.00603102398361 0.0091606558223 -0.0153141058154 -0.000834728723426 -0.0048428131592 0.00567512097173 0.0368319066918 0.011734241915 0.0301689537381 
0.00783908740824 0.0160672431817 0.0140088229488 0.0155416245361 0.228480300928 0.017080753327 0.0122772256925 0.0186896818351 0.017974196979 0.0355373794182 0.0356489953828 -0.00491276319572 0.00433580606295 0.0323791151242 0.0400932651231 0.01209830039 0.0154549892831 0.0243557045345 0.0500115219834 0.00433971012945 -0.00423980422942 0.0230647168574 0.0203846934454 0.0112836405789 0.00778703501236 0.0234460086216 0.0299502558302 0.0106695178846 0.0381994790662 0.0411508153238 0.0163311130578 0.00801955207487 0.00441194844876 -0.000921474970422 0.00666808992022 -0.000311821770058 0.030520296733 0.017830811256 0.0228574486215 0.0316889589959 
0.0346574555395 0.0515776749404 0.0337863044046 0.0326557773885 0.017080753327 0.417381900381 0.0192876663753 0.0208823070038 0.0145914006118 -0.00227811559476 0.101712468303 0.00809719361408 0.0113584753438 0.0355882815221 0.0231563090183 0.0160831509914 0.0194001814267 0.023787843347 0.065046428913 0.0347645184191 0.0113174220408 0.0335568630333 0.0161878055203 0.0230172991295 0.0314327044176 -0.00258194715889 -0.0122086126364 0.0046267212851 0.015585340157 -0.00162007325998 0.0215997296528 0.0179452318068 0.0279511410282 0.0652908865324 0.0241969655149 0.0147165264244 0.0223812223078 0.0423189891219 0.0521740036855 0.0152932959783 
0.0626733115618 0.021811392151 -0.00284008347692 0.00841872504305 0.0122772256925 0.0192876663753 0.209471938335 0.0260947039602 0.0181656622966 0.0390408558461 0.0473971869232 0.0296275639431 0.0140312766023 0.0400480409094 0.00728327558625 0.00751396672065 0.0284024206143 0.0188214038874 0.00479429910453 0.0262160409269 -0.0146658882866 0.0190659403008 0.00186149769343 0.0177747063653 0.0254616660812 0.044647493904 0.00426017902783 0.0177217302492 0.0158072488684 0.0188104388168 -0.0274054490741 0.00167267820543 0.0163402318956 0.0158028294556 0.0202547705834 0.0288658583983 0.0259490583898 0.0246413971641 0.0237174515795 0.000919109930224 
0.0241552752166 0.00104602050116 0.00170299428409 0.0133086772624 0.0186896818351 0.0208823070038 0.0260947039602 0.136783971037 0.0167099944109 0.0259384423146 0.0483633603292 0.00847099911884 0.0220997249766 0.00828625572247 0.00711077970841 0.0145112459246 0.0251593149514 0.0280054361647 0.00900097077559 0.00653544643942 -0.00849214798861 0.0165264850058 0.0179522810091 0.00960027797649 0.013820163184 0.0247308289771 0.0368799207376 0.0187682507759 0.0226309155089 0.0311050741813 -0.00209043044751 0.0172430721897 0.00452892009793 0.0168499194672 0.019263052483 0.0300703973986 0.0222683564742 0.0443803826402 0.00533089662946 0.0239127503101 
0.020529408268 0.00197623052426 0.00436178416822 -0.00586315796769 0.017974196979 0.0145914006118 0.0181656622966 0.0167099944109 0.211668881543 0.0122903564697 0.0378661126142 0.00966645639552 0.0307162066036 0.00872350722372 0.00877789133006 0.00998625857148 0.02699312533 0.0403707324958 0.00220987620032 -0.0015786301945 0.000549993260864 -0.0204007542386 0.0158403785461 0.0402131702206 0.00117886519845 0.0408057524568 0.0289842131412 0.0100408617112 0.0140316159914 0.0173197448577 -0.0240808892609 -0.00227939562131 0.0204058322762 0.0133636231323 0.0362103862885 0.0501856650082 0.00600924562453 0.00961445004572 0.0263393326263 0.0112583760738 
0.00365931973628 0.0174080995731 0.0324262089826 0.012441165249 0.0355373794182 -0.00227811559476 0.0390408558461 0.0259384423146 0.0122903564697 0.210881130023 0.0383827099326 0.0453778858777 0.0215745232723 0.0488218322762 0.0269911039129 0.0147177903889 0.0255454011893 -0.00713261356439 0.0298328399884 0.0207928126923 -0.00517644858576 0.0272006887055 0.0111212573823 0.00482349390026 -0.00660428033851 0.0208512398368 0.0476806341302 0.0129597325864 0.0472608837191 0.0420884604667 -0.00670966439838 0.00685478327566 0.0147148154242 0.0148065288029 0.0113243658294 0.00985253435461 0.0205939098019 0.0297742203142 0.0105027167521 0.00148783399634 
0.0805800491533 0.030760166609 0.0694763296367 0.0192061658861 0.0356489953828 0.101712468303 0.0473971869232 0.0483633603292 0.0378661126142 0.0383827099326 0.588930248947 0.024747173896 0.0379269746858 0.0507654706717 0.062050513934 0.0200330188216 0.0656238943402 0.0518004447012 0.0814798069727 0.00531972786832 0.0225212644735 0.0603203103265 0.0175112245892 0.0483715421392 -0.00816812901978 0.0396847401659 0.0650308273402 0.0310553710799 0.0455600445526 0.0534548559098 0.0428742451685 0.0220512615331 -0.00181282347982 0.0189960907788 0.0322328212328 0.0666188693668 0.0036388676224 0.0387140462902 0.00306525446231 0.0337776158669 
0.00857519791451 0.00444993313255 0.0547163670255 0.000410467908504 -0.00491276319572 0.00809719361408 0.0296275639431 0.00847099911884 0.00966645639552 0.0453778858777 0.024747173896 0.728237316249 -0.006806526736 0.0208435699199 0.0288183706371 0.00613439486012 -0.0129504336845 -0.0163154319437 0.0318011406671 0.021569550987 -0.0193433270403 0.0185001508255 -0.0121600230201 0.0150516633125 -0.001682876884 -0.0440419833908 0.0377187785477 0.0138150597378 0.0102698189469 0.0127099168537 0.00311157847283 0.00303167588656 0.00580135501075 0.00640476722133 0.000391800607757 0.018607871639 0.0358944599148 0.00651616060893 0.0169323304086 0.0750674550889 
-0.0250245200495 -0.00472551345646 -0.0212463614084 0.0278799161489 0.00433580606295 0.0113584753438 0.0140312766023 0.0220997249766 0.0307162066036 0.0215745232723 0.0379269746858 -0.006806526736 0.337460303696 0.0274733789091 0.0127517097582 -0.00167653335364 0.0255570757782 0.0251009704668 -0.0142163884928 0.0103550871527 0.00063269739772 0.00881614084064 0.0231484650781 0.0250011909198 0.0369761451391 -0.0118989568898 0.0430500673335 0.0655869960767 0.0273765403697 0.00249252347006 -0.0127240092025 0.0209910095583 -0.00910344146545 0.0108675034476 0.0192122969214 0.0447087028052 0.00432231848077 0.015947113804 -0.00391973976298 0.0297188588634 
0.00664814796379 0.00861232596903 0.0160447379535 -0.00413281625054 0.0323791151242 0.0355882815221 0.0400480409094 0.00828625572246 0.00872350722372 0.0488218322762 0.0507654706717 0.0208435699199 0.0274733789091 0.204835783907 0.00392144985042 0.00990068207379 0.0217384708287 0.0374890775184 0.0166899823598 0.00455090673938 -0.00716591235684 0.0285086236532 0.0208784615263 0.0055794384326 -0.0123083347854 0.0159528977053 0.00816721757752 0.00440821566992 0.0329184734628 0.00397816655519 0.00944658527161 0.029669258203 0.0248699063512 0.018713066778 0.00315329401589 0.0380836923618 0.0232404129819 0.0297287754086 0.00475591066346 0.00522316507538 
0.017282124082 0.0157820570754 0.0220373512429 -0.0189159634988 0.0400932651231 0.0231563090183 0.00728327558625 0.00711077970841 0.00877789133006 0.0269911039129 0.062050513934 0.0288183706371 0.0127517097582 0.00392144985042 0.233330317832 -0.00262540559875 0.0105894111212 0.00202143349272 0.0132642431807 -0.00176516702073 0.00882048052353 0.004272638854 0.0236032250694 0.0155791577378 0.00848834614985 0.00066753597859 0.0426483904645 -0.00661505179874 0.0184251474471 0.00900544532807 0.00675362182646 0.0152682756767 -0.00645165069811 0.0117775256539 0.0227797430831 -0.00949646634 0.0287030191194 -0.00893970818621 0.0121159176588 0.016778848022 
0.0160138480093 0.00856230199731 0.0189132303082 0.0188252479865 0.01209830039 0.0160831509914 0.00751396672065 0.0145112459246 0.00998625857148 0.0147177903889 0.0200330188216 0.00613439486012 -0.00167653335365 0.00990068207379 -0.00262540559875 0.139856351792 0.00175999597277 0.00979176262627 0.00382441221578 0.010836534788 0.0193954176807 0.0112808945981 0.00876619903415 0.0178819214601 0.0144960031011 0.0173721640359 0.0191142227926 0.0184245754271 0.0104811563383 0.0176975519915 0.00286369727901 0.0060450937206 0.02731500944 0.0165436270616 -0.00357833482243 0.011504652207 0.0222278089008 0.0260073720878 0.00492185642373 0.00114566927363 
0.0235255630179 -0.00216124866114 0.0132057160926 -0.00397599791815 0.0154549892831 0.0194001814267 0.0284024206143 0.0251593149514 0.02699312533 0.0255454011893 0.0656238943402 -0.0129504336845 0.0255570757782 0.0217384708287 0.0105894111212 0.00175999597277 0.266810892095 -0.00415371156464 0.00537963764901 0.0135789249076 0.0154687103331 0.0180045707007 -0.00265830713653 0.0116294414467 0.00388635981242 0.0106327760531 0.0576498662298 0.00270695919862 0.0198444343617 0.0316642470852 0.0235472263566 0.0117815510348 -0.00171382239696 0.00605552145911 0.0117277372764 0.0214565769887 0.0130868085967 0.00189090103014 0.00943554264642 0.0149956113555 
0.0338866680421 0.0416098687687 0.0247755951547 0.0169595678588 0.0243557045345 0.023787843347 0.0188214038874 0.0280054361647 0.0403707324958 -0.00713261356439 0.0518004447012 -0.0163154319437 0.0251009704668 0.0374890775184 0.00202143349272 0.00979176262627 -0.00415371156464 0.329496179368 0.0335338977908 0.0150472616922 0.00763776119414 0.0158299884121 0.00892888571614 0.119483477095 0.000826870430212 0.000744715619703 0.0250591824982 0.037033461464 0.0154336474212 0.0233250174313 0.0157215263312 0.00623891157578 0.00322435564443 0.0074405067705 0.0255189853179 0.0313007913995 0.0151927100886 0.0178717414983 0.0570576705977 0.00799676907297 
0.0591967895077 0.030364713676 0.065240187762 0.0250354125131 0.0500115219834 0.065046428913 0.00479429910453 0.00900097077559 0.00220987620032 0.0298328399884 0.0814798069727 0.0318011406671 -0.0142163884928 0.0166899823598 0.0132642431807 0.00382441221578 0.00537963764901 0.0335338977908 0.446236666687 0.0152533454337 0.0162340384511 0.0195336049815 0.0344332219432 0.0745512535608 -0.000970147570171 -0.0228827387957 0.0444065140206 0.00484687929477 0.0416340093475 0.0354425481464 0.00305037595434 0.0150053937676 0.0082143979814 0.0044948082344 0.0207761838025 0.0416138533546 0.0172061781188 0.0706829766458 0.0158127923276 0.0170028573758 
0.0137849784193 -0.0193024071908 0.00602956357516 0.00711293163772 0.00433971012945 0.0347645184191 0.0262160409269 0.00653544643942 -0.0015786301945 0.0207928126923 0.00531972786832 0.021569550987 0.0103550871527 0.00455090673938 -0.00176516702073 0.010836534788 0.0135789249076 0.0150472616922 0.0152533454337 0.261747959451 -0.0138810044544 0.0149614492438 -0.00390537650472 0.0250751168447 0.0130341448866 0.0140598086663 0.0277363659265 -0.00086857641999 0.00590487404717 0.00390475036637 -0.00313778315099 0.0121836689457 0.023840329694 0.0207586775199 0.0391177811025 0.0316174038071 0.0104036520127 0.0218319090798 0.0044214907774 0.0300894020295 
-0.031479541528 -0.0411293427884 -0.0307739396965 0.0346113305204 -0.00423980422942 0.0113174220408 -0.0146658882866 -0.00849214798861 0.000549993260863 -0.00517644858576 0.0225212644735 -0.0193433270403 0.000632697397718 -0.00716591235684 0.00882048052353 0.0193954176807 0.0154687103331 0.00763776119414 0.0162340384511 -0.0138810044544 0.68625065732 -0.00944560208294 0.011714095025 0.00504238400687 -0.00287383422721 -0.0122025914216 0.0175977690334 -0.0228912153251 0.00309419824546 -0.00709397200431 0.00104722399237 -0.00278787777362 -0.0103802641429 -0.00540026829738 -0.0196801336839 -0.0178886392046 0.00589068558003 -0.00739018389122 0.0122778489614 0.0268591900669 
0.0183020298246 0.012217614662 0.0224075552964 0.0223320184664 0.0230647168574 0.0335568630333 0.0190659403008 0.0165264850058 -0.0204007542386 0.0272006887055 0.0603203103265 0.0185001508255 0.00881614084064 0.0285086236532 0.004272638854 0.0112808945981 0.0180045707007 0.0158299884121 0.0195336049815 0.0149614492438 -0.00944560208294 0.179812368725 0.00273646525223 -0.0102790405589 0.00809585607452 0.0178463940834 -0.0208903205042 0.0265765699185 0.0401534573555 0.0113378298716 0.0584920976795 0.00911603778383 0.0209785810723 0.0114096697137 0.00909073039071 0.0274450466714 0.0168862840804 0.0081767804648 -0.00016257980691 0.0185680580939 
0.018260992055 0.00331032910423 -0.00195542019264 0.0261459168227 0.0203846934454 0.0161878055203 0.00186149769343 0.0179522810091 0.0158403785461 0.0111212573823 0.0175112245892 -0.0121600230201 0.0231484650781 0.0208784615263 0.0236032250694 0.00876619903415 -0.00265830713653 0.00892888571613 0.0344332219432 -0.00390537650472 0.011714095025 0.00273646525223 0.181782942138 0.0228492718853 0.0155285169093 0.00316932988116 0.00653362412264 0.00174151933927 0.0280402064609 0.00323894573726 -0.003700670748 0.0223899369792 0.0044963736691 0.00433906208546 0.0390339262675 0.0263682736342 0.0369998799875 0.0269765698903 0.0204336059199 0.0337043023445 
0.0145670753571 0.023586967437 0.0351241730302 -0.00174886652858 0.0112836405789 0.0230172991295 0.0177747063653 0.00960027797649 0.0402131702206 0.00482349390026 0.0483715421392 0.0150516633125 0.0250011909198 0.0055794384326 0.0155791577378 0.0178819214601 0.0116294414467 0.119483477095 0.0745512535608 0.0250751168447 0.00504238400687 -0.0102790405589 0.0228492718853 0.331615531395 0.0163756066382 -0.0117847644846 0.0116596396302 0.0142835982087 0.011589457136 -0.00602965442382 0.0246976833879 0.0120493432037 0.000344226699904 0.0126042134648 0.0294756844638 0.0544228363974 0.0295751069865 0.027829899885 0.1211942145 0.0184806587732 
0.0187973764995 -0.0025449328583 -0.00161859771095 0.00862952282951 0.00778703501237 0.0314327044176 0.0254616660812 0.013820163184 0.00117886519845 -0.00660428033851 -0.00816812901978 -0.001682876884 0.0369761451391 -0.0123083347854 0.00848834614985 0.0144960031011 0.00388635981242 0.000826870430213 -0.000970147570172 0.0130341448866 -0.00287383422721 0.00809585607453 0.0155285169093 0.0163756066382 0.174343399154 0.024239248636 0.021642242395 0.00179686720634 0.000157098730574 0.0148126936069 0.00852954977828 -0.00174529247083 0.00941158432942 0.00505955622418 0.0133452897906 0.0129553983111 0.0160605344703 -0.005107270925 0.0260402114287 -0.00310714002101 
0.0395469913369 -0.0108994139044 0.000846342021729 0.01770666528 0.0234460086216 -0.00258194715889 0.044647493904 0.0247308289771 0.0408057524568 0.0208512398368 0.0396847401659 -0.0440419833908 -0.0118989568898 0.0159528977053 0.00066753597859 0.0173721640359 0.0106327760531 0.000744715619705 -0.0228827387957 0.0140598086663 -0.0122025914216 0.0178463940834 0.00316932988116 -0.0117847644846 0.024239248636 0.349300757012 0.0360767190422 0.0620094347831 0.0225748526028 0.01840499623 0.0312817272748 0.0125384384384 0.0164414477009 0.0116944553753 0.0177192538617 0.0112249384582 0.0166778986464 0.00441694430511 0.027745057515 0.0142507529733 
0.0228549639984 0.00410725465737 -0.0303918968937 0.00965124915251 0.0299502558302 -0.0122086126364 0.00426017902783 0.0368799207376 0.0289842131412 0.0476806341302 0.0650308273402 0.0377187785477 0.0430500673335 0.00816721757752 0.0426483904645 0.0191142227926 0.0576498662298 0.0250591824982 0.0444065140206 0.0277363659265 0.0175977690334 -0.0208903205042 0.00653362412264 0.0116596396302 0.021642242395 0.0360767190422 0.476994560054 0.00894897105685 0.0234593089838 0.0412205131456 0.0236775524784 0.00581787243627 0.0126400013302 0.0118264972299 0.0154072195862 0.0108924073612 0.0578166753934 0.0179816049046 0.0204041236301 -0.013672278372 
0.00794862244945 0.024948776771 -0.0175623053378 0.0330948527355 0.0106695178846 0.0046267212851 0.0177217302492 0.0187682507759 0.0100408617112 0.0129597325864 0.0310553710799 0.0138150597378 0.0655869960767 0.00440821566992 -0.00661505179874 0.0184245754271 0.00270695919862 0.037033461464 0.00484687929477 -0.000868576419989 -0.0228912153251 0.0265765699185 0.00174151933927 0.0142835982087 0.00179686720634 0.0620094347831 0.00894897105685 1.29764997472 0.0264737012872 0.00885901369712 0.0252103405743 0.00975130198025 0.0328113410167 0.0310806305275 0.031127057694 0.0413301668481 0.0330506106283 -0.0032530836067 0.035045315721 0.039860319429 
0.0202814393006 0.0384251957794 0.0017604227994 0.0247009676658 0.0381994790662 0.015585340157 0.0158072488684 0.0226309155089 0.0140316159914 0.0472608837191 0.0455600445526 0.0102698189469 0.0273765403697 0.0329184734628 0.0184251474471 0.0104811563383 0.0198444343617 0.0154336474212 0.0416340093475 0.00590487404717 0.00309419824546 0.0401534573555 0.0280402064609 0.011589457136 0.00015709873057 0.0225748526028 0.0234593089838 0.0264737012872 0.160752732224 0.0421297312722 -0.00101647282461 0.0205987322407 0.00987841910581 -0.0038596988748 0.0224006490199 0.0065630993971 0.0206660271046 0.0249703456906 0.00479875028304 0.0153186971102 
0.0200628723452 -0.00467360666755 0.0247843206696 0.00416515552414 0.0411508153238 -0.00162007325998 0.0188104388168 0.0311050741813 0.0173197448577 0.0420884604667 0.0534548559098 0.0127099168537 0.00249252347006 0.0039781665552 0.00900544532807 0.0176975519915 0.0316642470852 0.0233250174313 0.0354425481464 0.00390475036637 -0.00709397200431 0.0113378298716 0.00323894573725 -0.00602965442382 0.0148126936069 0.01840499623 0.0412205131456 0.00885901369712 0.0421297312722 0.172593039633 5.48832634553e-05 0.0118919466997 -0.00456724158265 0.00888956417312 0.0155711645447 0.026030511815 0.0268520103384 0.0314561019882 0.00259087928855 0.0161105368731 
-0.00562966923055 0.0228550181881 0.0132837862243 0.0611951238828 0.0163311130578 0.0215997296528 -0.0274054490741 -0.00209043044751 -0.0240808892609 -0.00670966439838 0.0428742451685 0.00311157847283 -0.0127240092025 0.00944658527161 0.00675362182646 0.00286369727901 0.0235472263566 0.0157215263312 0.00305037595434 -0.00313778315099 0.00104722399237 0.0584920976795 -0.003700670748 0.0246976833879 0.00852954977828 0.0312817272748 0.0236775524784 0.0252103405743 -0.00101647282461 5.48832634553e-05 2.8904720261 0.0328032883951 0.0207692823579 0.0237406098569 0.000442859262796 0.0228258708577 0.00242438476241 0.0143443308056 0.0500298611754 0.000421111657018 
0.0036853680322 0.0178221271892 0.0111974148106 0.00603102398361 0.00801955207487 0.0179452318068 0.00167267820543 0.0172430721897 -0.00227939562131 0.00685478327566 0.0220512615331 0.00303167588656 0.0209910095583 0.029669258203 0.0152682756767 0.0060450937206 0.0117815510348 0.00623891157578 0.0150053937676 0.0121836689457 -0.00278787777362 0.00911603778383 0.0223899369792 0.0120493432037 -0.00174529247084 0.0125384384384 0.00581787243627 0.00975130198025 0.0205987322407 0.0118919466997 0.0328032883951 0.147857763152 0.0210512641839 0.0169058325007 -0.00278607882605 0.0426225508846 0.00742322852254 0.0188969077646 0.00909601568549 0.0160096017101 
0.00576139673272 0.00511159487584 0.00822210821511 0.0091606558223 0.00441194844876 0.0279511410282 0.0163402318956 0.00452892009793 0.0204058322762 0.0147148154242 -0.00181282347982 0.00580135501075 -0.00910344146545 0.0248699063512 -0.00645165069811 0.02731500944 -0.00171382239695 0.00322435564443 0.0082143979814 0.023840329694 -0.0103802641429 0.0209785810723 0.0044963736691 0.000344226699903 0.00941158432942 0.0164414477009 0.0126400013302 0.0328113410167 0.00987841910581 -0.00456724158265 0.0207692823579 0.0210512641839 0.155616125323 0.00614623268455 0.0110459525095 0.0119936320067 0.0111182998446 0.0288106397559 0.00938060587656 -0.00645192961656 
0.0175036856821 -0.015860316369 0.00368569112509 -0.0153141058154 -0.000921474970424 0.0652908865324 0.0158028294556 0.0168499194672 0.0133636231323 0.0148065288029 0.0189960907788 0.00640476722133 0.0108675034476 0.018713066778 0.0117775256539 0.0165436270616 0.00605552145911 0.0074405067705 0.0044948082344 0.0207586775199 -0.00540026829738 0.0114096697137 0.00433906208546 0.0126042134648 0.00505955622418 0.0116944553753 0.0118264972299 0.0310806305275 -0.0038596988748 0.00888956417312 0.0237406098569 0.0169058325006 0.00614623268455 0.307427838673 0.00739446893893 0.0173069400221 0.0169891463842 0.0170261951156 0.0323722963288 0.0131667962394 
0.0305070360938 0.0055807206318 0.0146091157065 -0.000834728723427 0.00666808992022 0.0241969655149 0.0202547705834 0.019263052483 0.0362103862885 0.0113243658294 0.0322328212328 0.000391800607757 0.0192122969214 0.00315329401589 0.0227797430831 -0.00357833482243 0.0117277372764 0.0255189853179 0.0207761838025 0.0391177811025 -0.0196801336839 0.00909073039071 0.0390339262675 0.0294756844638 0.0133452897906 0.0177192538617 0.0154072195862 0.031127057694 0.0224006490199 0.0155711645447 0.000442859262796 -0.00278607882604 0.0110459525095 0.00739446893893 0.239098275666 0.0158521006515 0.0330616047724 0.0219032921369 0.0151175080059 0.00206262439257 
-0.00167553702883 0.0074502556083 0.0201671038637 -0.00484281315919 -0.000311821770058 0.0147165264244 0.0288658583983 0.0300703973986 0.0501856650082 0.00985253435461 0.0666188693668 0.018607871639 0.0447087028052 0.0380836923618 -0.00949646634 0.011504652207 0.0214565769887 0.0313007913995 0.0416138533546 0.0316174038071 -0.0178886392046 0.0274450466714 0.0263682736342 0.0544228363975 0.0129553983111 0.0112249384582 0.0108924073612 0.0413301668481 0.0065630993971 0.026030511815 0.0228258708577 0.0426225508846 0.0119936320067 0.0173069400221 0.0158521006515 0.561053056538 0.0448020111344 0.0262521524075 0.019549106095 0.0144336319587 
0.0278193155676 -0.00255887301947 0.0177742937485 0.00567512097173 0.030520296733 0.0223812223078 0.0259490583898 0.0222683564742 0.00600924562453 0.0205939098019 0.0036388676224 0.0358944599148 0.00432231848077 0.0232404129819 0.0287030191194 0.0222278089008 0.0130868085967 0.0151927100886 0.0172061781188 0.0104036520127 0.00589068558003 0.0168862840804 0.0369998799875 0.0295751069865 0.0160605344703 0.0166778986464 0.0578166753934 0.0330506106283 0.0206660271046 0.0268520103384 0.00242438476241 0.00742322852254 0.0111182998446 0.0169891463842 0.0330616047724 0.0448020111344 0.210443415658 0.0348856308673 0.0193304871627 0.0403065611127 
0.0427643150974 0.0252167526498 0.0124023573888 0.0368319066918 0.017830811256 0.0423189891219 0.0246413971641 0.0443803826402 0.00961445004572 0.0297742203142 0.0387140462902 0.00651616060893 0.015947113804 0.0297287754086 -0.00893970818621 0.0260073720878 0.00189090103014 0.0178717414983 0.0706829766458 0.0218319090798 -0.00739018389122 0.0081767804648 0.0269765698903 0.027829899885 -0.005107270925 0.00441694430512 0.0179816049046 -0.0032530836067 0.0249703456906 0.0314561019882 0.0143443308056 0.0188969077646 0.0288106397559 0.0170261951156 0.0219032921369 0.0262521524075 0.0348856308673 0.282598686517 0.0153234074728 0.0317745144059 
0.0490987538075 -0.00928498620094 0.0374607609684 0.011734241915 0.0228574486215 0.0521740036855 0.0237174515795 0.00533089662946 0.0263393326263 0.0105027167521 0.00306525446231 0.0169323304086 -0.00391973976298 0.00475591066346 0.0121159176588 0.00492185642373 0.00943554264642 0.0570576705977 0.0158127923276 0.0044214907774 0.0122778489614 -0.00016257980691 0.0204336059199 0.1211942145 0.0260402114287 0.027745057515 0.0204041236301 0.035045315721 0.00479875028304 0.00259087928855 0.0500298611754 0.00909601568549 0.00938060587655 0.0323722963288 0.0151175080059 0.019549106095 0.0193304871627 0.0153234074728 0.309241493375 0.023171352356 
0.0153606309458 -0.00146766196715 -0.00365319540875 0.0301689537381 0.0316889589959 0.0152932959783 0.000919109930225 0.0239127503101 0.0112583760738 0.00148783399634 0.0337776158669 0.0750674550889 0.0297188588633 0.00522316507538 0.016778848022 0.00114566927363 0.0149956113555 0.00799676907297 0.0170028573758 0.0300894020295 0.0268591900669 0.0185680580939 0.0337043023445 0.0184806587732 -0.00310714002101 0.0142507529733 -0.013672278372 0.039860319429 0.0153186971102 0.0161105368731 0.000421111657018 0.0160096017101 -0.00645192961656 0.0131667962394 0.00206262439257 0.0144336319587 0.0403065611127 0.0317745144059 0.023171352356 0.331457842153 
0.0373429962817 -0.00081158816365 -0.00242611457422 -0.000150668410899 0.000678884883803 0.00300142369278 0.00542766799518 0.0020919081973 0.00177789890848 0.000316906385219 0.0069784369605 0.000742633923645 -0.00216718700803 0.000575746502476 0.00149667584864 0.00138683991884 0.00203737352118 0.00293467153741 0.00512659235361 0.00119381415017 -0.00272620826628 0.00158500227689 0.00158144830179 0.00126154573181 0.0016279005573 0.0034248699141 0.00197929794252 0.000688370896631 0.00175642416597 0.00173749571238 -0.000487543656856 0.000319162233818 0.000498951593181 0.00151586364606 0.00264198682514 -0.000145105763195 0.00240922339974 0.00370349832498 0.00425207680915 0.00133026966172 
-0.00081158816365 0.051830294499 0.000295297893774 0.0017216813064 0.00139146407642 0.00446675767665 0.00188892196947 9.05880326883e-05 0.000171146583774 0.00150758564619 0.0026639085708 0.000385375513793 -0.000409241469922 0.000745849307485 0.00136676623513 0.000741517104454 -0.000187169624445 0.00360352034018 0.0026296613422 -0.00167163749814 -0.00356190556957 0.0010580764671 0.000286682909915 0.00204269129987 -0.000220397650621 -0.000943916932761 0.00035569868731 0.00216062744771 0.00332771956904 -0.000404746210139 0.00197930263549 0.00154344148953 0.000442677101633 -0.00137354368876 0.000483304583856 0.000645211062147 -0.000221604903992 0.00218383483957 -0.00080410339238 -0.000127103254772 
-0.00242611457422 0.000295297893774 0.0449351366342 0.00103683368784 0.00121319965508 0.00292597979144 -0.000245958443988 0.000147483631253 0.00037774158955 0.00280819207274 0.0060168266427 0.00473857638469 -0.00183998887177 0.00138951506648 0.00190849060084 0.00163793379145 0.00114364856113 0.00214562947979 0.00564996599496 0.000522175522982 -0.00266510135517 0.00194055121234 -0.00016934435619 0.00304184261311 -0.000140174673619 7.32953691108e-05 -0.00263201547791 -0.00152094025716 0.000152457086568 0.00214638513154 0.00115040963287 0.000969724568272 0.000712055458695 0.000319190214483 0.00126518653287 0.00174652242667 0.00153929899205 0.00107407565656 0.00324419706438 -0.000316376002897 
-0.000150668410899 0.0017216813064 0.00103683368784 0.0286246064059 0.00134594416643 0.00282807327987 0.000729082975476 0.00115256526 -0.000507764374642 0.00107743651583 0.00166330275666 3.55475636201e-05 0.00241447156404 -0.000357912386214 -0.0016381704927 0.00163031429889 -0.000344331520251 0.0014687416603 0.00216813032305 0.000615997949364 0.00299742914895 0.00193400953097 0.00226430281737 -0.000151456284158 0.00074733859929 0.00153344219488 0.000835822694432 0.00286609832034 0.00213916654966 0.000360713049462 0.00529965318703 0.000522301998064 0.000793336065743 -0.00132624046724 -7.22896279756e-05 -0.000419399922165 0.000491479893107 0.00318973668649 0.00101621515926 0.00261270803428 
0.000678884883803 0.00139146407642 0.00121319965508 0.00134594416643 0.0197869744868 0.00147923662969 0.00106323893377 0.00161857392579 0.00155661111964 0.00307762733601 0.00308729356209 -0.000425457773027 0.00037549181964 0.00280411362496 0.00347217861173 0.00104774354803 0.00133844133344 0.0021092658854 0.00433112485196 0.000375829921716 -0.000367177816975 0.00199746307296 0.00176536623721 0.000977191938848 0.000674377014087 0.00203048390837 0.00259376823988 0.000924007353418 0.00330817192827 0.00356376514569 0.00141431587801 0.000694513582381 0.000382085943681 -7.98020733337e-05 0.000577473526563 -2.70045574323e-05 0.00264313523018 0.00154419355178 0.0019795131172 0.00274434435099 
0.00300142369278 0.00446675767665 0.00292597979144 0.00282807327988 0.00147923662969 0.0361463328809 0.00167036090607 0.00180846083549 0.00126365236066 -0.000197290597782 0.00880855814317 0.000701237536915 0.000983672819598 0.00308203558752 0.00200539518677 0.00139284173314 0.00168010499535 0.00206008766397 0.00563318598641 0.00301069561013 0.000980117499267 0.00290610958582 0.00140190508121 0.00199335657727 0.00272215205353 -0.000223603183083 -0.00105729686881 0.000400685816913 0.00134973005026 -0.000140302459913 0.00187059145942 0.00155410266215 0.00242063981952 0.00565435663727 0.00209551868304 0.0012744885739 0.00193827070863 0.0036649319642 0.00451840126088 0.00132443828248 
0.00542766799518 0.00188892196947 -0.000245958443988 0.000729082975476 0.00106323893377 0.00167036090607 0.0181408019978 0.00225986765338 0.00157319250254 0.00338103729482 0.00410471679434 0.0025658223027 0.00121514419852 0.00346826207993 0.000630750168046 0.000650728606327 0.00245972177809 0.00162998139014 0.000415198481786 0.00227037574294 -0.00127010318253 0.00165115886475 0.00016121042916 0.00153933472571 0.0022050449649 0.00386658639362 0.000368942326277 0.00153474685948 0.00136894790839 0.00162903178717 -0.00237338151003 0.000144858181826 0.00141510559253 0.00136856517602 0.00175411458731 0.0024998566675 0.00224725437698 0.00213400759288 0.00205399155809 7.95972548445e-05 
0.0020919081973 9.05880326884e-05 0.000147483631252 0.00115256526 0.00161857392579 0.00180846083549 0.00225986765338 0.0118458393749 0.00144712796569 0.00224633499791 0.00418838986574 0.000733610043235 0.00191389232464 0.000717610795791 0.00061581158682 0.00125671076113 0.00217886058897 0.00242534191627 0.000779506935038 0.000565986264161 -0.000735441589084 0.00143123558503 0.00155471314098 0.000831408461103 0.00119686124018 0.00214175261508 0.00319389482483 0.00162537819565 0.00195989477416 0.00269377844276 -0.000181036587238 0.00149329385556 0.000392215985652 0.00145924583104 0.00166822928047 0.00260417280491 0.00192849624072 0.00384345387961 0.000461669190606 0.00207090492429 
0.00177789890848 0.000171146583774 0.00037774158955 -0.000507764374642 0.00155661111964 0.00126365236066 0.00157319250254 0.00144712796569 0.0183310628607 0.00106437609243 0.00327930154665 0.000837139680309 0.00266010152266 0.000755477886583 0.000760187688349 0.000864835361166 0.00233767322633 0.00349620799108 0.000191380892869 -0.000136713385162 4.76308135819e-05 -0.0017667571427 0.00137181702265 0.00348256269778 0.000102092720949 0.00353388182481 0.0025101064889 0.000869564131779 0.00121517359047 0.00149993390338 -0.00208546618457 -0.000197401451333 0.00176719691365 0.00115732371192 0.00313591144067 0.00434620608029 0.000520415936842 0.000832635798301 0.00228105311731 0.000975003968531 
0.000316906385219 0.00150758564619 0.00280819207274 0.00107743651583 0.00307762733601 -0.000197290597782 0.00338103729483 0.00224633499791 0.00106437609243 0.0182628415779 0.00332404018678 0.00392984019401 0.00186840852283 0.00422809470105 0.00233749816647 0.00127459803644 0.00221229663798 -0.000617702454214 0.0025835997297 0.00180071040077 -0.000448293597665 0.00235564874194 0.00096312914151 0.000417726825263 -0.000571947454686 0.0018057703399 0.00412926404253 0.00112234576461 0.00409291259061 0.00364496759703 -0.000581073981987 0.000593641645416 0.00127434039693 0.00128228300852 0.000980718848997 0.000853254504275 0.00178348490517 0.002578523117 0.000909561951609 0.000128850203744 
0.0069784369605 0.0026639085708 0.0060168266427 0.00166330275666 0.00308729356209 0.00880855814317 0.00410471679434 0.00418838986574 0.00327930154665 0.00332404018678 0.0510028556645 0.00214316812658 0.00328457235666 0.00439641872368 0.00537373213847 0.0017349103214 0.00568319595939 0.00448605010386 0.00705635827338 0.000460701947518 0.00195039871594 0.00522389211069 0.00151651653456 0.00418909843128 -0.000707380723252 0.00343679931262 0.00563183485057 0.00268947402791 0.00394561559801 0.00462932631735 0.0037130185484 0.00190969526732 -0.00015699511861 0.0016451097187 0.00279144420233 0.0057693633243 0.000315135180201 0.00335273475706 0.000265458823342 0.002925227342 
0.000742633923645 0.000385375513793 0.00473857638469 3.55475636202e-05 -0.000425457773027 0.000701237536915 0.0025658223027 0.000733610043235 0.000837139680309 0.00392984019401 0.00214316812658 0.0630672015855 -0.000589462506491 0.00180510610562 0.00249574410674 0.000531254178571 -0.00112154045608 -0.00141295785369 0.0027540595687 0.0018679779103 -0.00167518126106 0.00160216005887 -0.0010530888846 0.00130351227978 -0.000145741413298 -0.00381414764495 0.0032665420422 0.00119641926877 0.000889392410028 0.00110071108753 0.000269470600334 0.00026255083338 0.000502412081568 0.0005546691119 3.39309279536e-05 0.00161148895498 0.00310855141413 0.000564316062247 0.00146638282791 0.00650103231044 
-0.00216718700803 -0.000409241469922 -0.00183998887177 0.00241447156404 0.00037549181964 0.000983672819597 0.00121514419852 0.00191389232464 0.00266010152266 0.00186840852283 0.00328457235666 -0.000589462506491 0.0292249195769 0.00237926440631 0.00110433045923 -0.000145192047455 0.00221330768704 0.00217380780839 -0.00123117535848 0.000896776853265 5.47932019333e-05 0.000763500193134 0.00200471588163 0.00216516664614 0.00320222810245 -0.00103047989451 0.00372824519454 0.00568000047603 0.00237087794279 0.00021585886446 -0.00110193152073 0.00181787475286 -0.000788381157095 0.000941153406134 0.0016638337199 0.00387188723996 0.000374323760759 0.00138106056713 -0.000339459421097 0.00257372867471 
0.000575746502476 0.000745849307485 0.00138951506648 -0.000357912386214 0.00280411362496 0.00308203558752 0.00346826207993 0.000717610795791 0.000755477886583 0.00422809470105 0.00439641872368 0.00180510610562 0.00237926440631 0.0177392992467 0.000339607519013 0.00085742421907 0.00188260679771 0.00324664934954 0.00144539487123 0.000394120084655 -0.000620586214232 0.00246891923106 0.00180812780737 0.000483193542148 -0.00106593306025 0.00138156146767 0.000707301790037 0.000381762675551 0.00285082342726 0.000344519329728 0.000818098282423 0.00256943313152 0.00215379706899 0.00162059912124 0.000273083272336 0.00329814450552 0.00201267880367 0.00257458747272 0.000411873945269 0.000452339364344 
0.00149667584864 0.00136676623513 0.00190849060084 -0.0016381704927 0.00347217861173 0.00200539518677 0.000630750168046 0.000615811586819 0.000760187688349 0.00233749816647 0.00537373213847 0.00249574410674 0.00110433045923 0.000339607519013 0.0202069982716 -0.000227366794376 0.000917069904205 0.000175061275676 0.00114871715565 -0.000152867948188 0.000763876020697 0.000370021378876 0.00204409925213 0.00134919463705 0.000735112340189 5.78103115399e-05 0.00369345895728 -0.000572880290506 0.00159566457577 0.00077989444265 0.000584880806927 0.0013222714608 -0.00055872934009 0.001019963641 0.00197278362017 -0.000822418109663 0.00248575437228 -0.000774201439167 0.00104926924827 0.00145309086333 
0.00138683991884 0.000741517104454 0.00163793379145 0.00163031429889 0.00104774354803 0.00139284173314 0.000650728606328 0.00125671076113 0.000864835361166 0.00127459803644 0.0017349103214 0.000531254178571 -0.000145192047455 0.000857424219069 -0.000227366794376 0.0121119153533 0.000152420122298 0.000847991518218 0.000331203813341 0.000938471441538 0.00167969244285 0.000976954129939 0.00075917510582 0.00154861982529 0.00125539069389 0.00150447353738 0.0016553402512 0.00159561503738 0.000907694764997 0.00153265296095 0.000248003459237 0.00052352047303 0.00236554920796 0.00143272013061 -0.000309892885947 0.000996332107297 0.00192498471786 0.00225230449137 0.000426245269673 9.92178695302e-05 
0.00203737352118 -0.000187169624445 0.00114364856113 -0.000344331520251 0.00133844133344 0.00168010499535 0.00245972177809 0.00217886058897 0.00233767322633 0.00221229663798 0.00568319595939 -0.00112154045608 0.00221330768704 0.00188260679771 0.000917069904205 0.000152420122298 0.0231065010561 -0.000359721973497 0.00046589028672 0.0011759693926 0.00133962961123 0.00155924156111 -0.00023021615113 0.00100713917247 0.00033656863258 0.000920825417476 0.00499262486798 0.000234429543301 0.0017185784281 0.00274220423675 0.00203924962135 0.00102031224921 -0.000148421373334 0.000524423541675 0.00101565184103 0.00185819407505 0.00113335086992 0.000163756832814 0.000817141963029 0.00129865803791 
0.00293467153741 0.00360352034018 0.00214562947979 0.0014687416603 0.0021092658854 0.00206008766397 0.00162998139014 0.00242534191627 0.00349620799108 -0.000617702454214 0.00448605010386 -0.0014129578537 0.00217380780839 0.00324664934954 0.000175061275676 0.000847991518218 -0.000359721973497 0.0285352061783 0.00290412073747 0.00130313108829 0.000661449522217 0.00137091721065 0.000773264185766 0.0103475726497 7.16090798202e-05 6.44942645258e-05 0.00217018886415 0.00320719184179 0.00133659307398 0.00202000576392 0.00136152411891 0.000540305591659 0.000279237389891 0.000644366788028 0.00221000895641 0.00271072805105 0.00131572728891 0.00154773821474 0.00494133922184 0.000692540516539 
0.00512659235361 0.0026296613422 0.00564996599496 0.00216813032305 0.00433112485196 0.00563318598641 0.000415198481787 0.000779506935038 0.000191380892869 0.0025835997297 0.00705635827338 0.0027540595687 -0.00123117535848 0.00144539487123 0.00114871715565 0.000331203813341 0.00046589028672 0.00290412073747 0.0386452289451 0.00132097846383 0.00140590897047 0.00169165981415 0.0029820044937 0.00645632794676 -8.40172441188e-05 -0.00198170331052 0.00384571692354 0.000419752059835 0.00360561097564 0.00306941470697 0.000264170306755 0.00129950521965 0.000711387732869 0.000389261811613 0.00179927029667 0.00360386541545 0.0014900987353 0.00612132533904 0.00136942798605 0.00147249064244 
