60
0.0896854693356 0.0506132512338 0.0413132452317 0.0637387331612 0.0466490289559 0.0414486045552 0.0520830917934 0.0472299451056 0.0482129600444 0.00326137985962 0.0385950792128 0.0328492958576 0.0291549562933 0.0194782181544 0.046041615311 0.0766259396051 0.0795042219188 0.00787829448736 0.0731585002716 0.0755027876102 0.00640420781163 0.0979044774238 0.103848753038 0.0564449965361 0.00388664565626 0.0703179731329 0.11775000089 0.0861150338972 0.0277880817415 0.0678116165217 -0.00662659235152 0.0372282541949 0.0946915784272 0.330982708656 -0.00953493093171 0.171628318037 0.259768981863 0.0423549004831 0.161692830297 0.065309734793 0.0680936188342 0.00839736130492 0.0697795953642 -0.00168409401267 0.0345230729479 0.115739319126 0.126255379542 0.0283464571838 0.0498631258667 0.0773544805674 0.107494880462 0.165275344352 0.0277285522359 0.16701162673 0.0248803539628 0.176385145314 0.0825599502725 -0.00305157485537 0.0571686925308 0.0623269012124 
0.236361951928 0.0130105292985 6.47732693852e-05 0.0377568127503 0.0204806326311 -0.00110995115927 0.018398089673 0.0211109255627 0.0254615405894 0.00824174354758 0.0289401526717 0.0144291210175 0.0184898889372 0.0144925303468 0.035241736844 0.0170653947205 0.0133118431693 0.0199423416003 -0.00155383273967 -0.0214253607119 0.0172590547976 0.0170633517316 0.0143423592028 0.00850448082711 -0.00756232432472 0.0479688658982 0.00634316601141 0.0243883994884 0.00958330469514 0.0266534886511 0.0253725885678 0.0352475671315 0.00694290244055 -0.00268183662992 0.026464148914 0.00632692999768 0.0170780461233 0.00303142986756 -0.0387049912903 0.00429807372527 0.0145503623466 0.0263433729645 -0.00623196300264 0.0143619966977 0.00865767293202 0.0111899564133 0.0157294732272 0.019351768332 0.0235896692441 0.0481032548974 0.0105724508664 -0.0130474717007 0.00660124646516 6.25385025575e-05 0.0311008224519 0.0264452653484 0.0144601602622 0.024261687595 0.0318219252729 0.0432326598455 
0.0130105292985 0.130413880115 0.0199374257359 -0.00231997866953 0.0257003143368 0.0300356621611 0.000693107295752 0.0102924430496 0.00676016526998 0.0139906354391 0.0377280169514 0.0174345782565 0.0108550819775 0.0519839981131 0.0296740598572 0.0232347474611 0.00245652798783 0.0138594577274 0.00892854773073 -0.00602761799448 0.0106416739144 0.0360971266096 -0.00794281015555 0.0108105265968 -0.00155873072953 0.00524400289983 0.0142048947155 0.0260443879751 0.029591481987 -0.00139588645998 0.010965250043 0.00461320315324 0.0101244474458 -0.000427703129452 0.0113206876558 -0.01166858555 0.00248444283461 -0.00565402019023 0.0350708564578 0.00737868747202 0.00633670931441 0.0195162556593 0.00391394539688 0.0158962310318 0.0209433832037 0.0151901276662 0.0119142103323 0.0188631393207 0.0253715151578 0.0162379294307 0.0267744795628 0.0103203713825 0.0161124742148 0.0343385808921 0.00852908008003 0.0318147208259 0.017447328886 -0.00258243887219 0.0295939542407 0.0377380581179 
6.47732693847e-05 0.0199374257359 0.136153166036 0.0152280866686 -0.00129191034094 0.0176838621058 -0.00859733620174 0.0109522381196 0.00808971377723 0.00393831808965 0.0153450912516 -0.00375384408458 0.0129209181803 0.0219984641819 0.00775578440049 0.0216800563372 0.0142302898175 0.0214111951363 0.0231023521502 0.0300509762319 0.00779846162434 0.0108711395598 0.00338620903525 0.00155083884019 -0.0088977640802 0.0210438463653 -0.00232559340368 1.12781088476e-06 0.0145620104642 0.0165399515502 0.00361065495176 0.0209767885275 0.015453707178 0.00148074506118 0.015658630239 0.00787097678874 0.0105370564727 0.00534211351333 0.00369519706894 0.0145552013652 0.00688855685358 0.0128734690426 0.0131393175994 0.011372544202 -0.0014909777992 0.00736784015611 0.00189869296769 0.00553610748555 0.0175140103197 0.0086856345173 0.00928696683886 0.00480143612881 0.00562692488595 -0.00659255942053 0.0117865392774 0.0304837569413 -0.00252193029084 0.0140403503389 -0.00308018424977 0.00793795312308 
0.0377568127503 -0.00231997866953 0.0152280866686 0.425732269283 -0.0347891404721 -0.00476108067317 0.0275636463807 -0.00600965792634 0.0300265365305 -0.0149603548338 0.0188934068956 0.00340108420044 0.0310733393844 0.00331469240498 0.0170640937739 0.00737735635834 0.021163591178 0.00262776443823 0.00721151528807 -0.026388869487 0.0605424063636 -0.0198317085162 0.0374377855049 0.0531034638917 0.0130655980029 0.0162565001042 0.0276004899921 0.0241275549458 0.0153501864367 -0.0108871878556 0.0370398096833 0.0206938128323 0.0089927783103 0.0224319385266 0.011507247744 0.00394206374927 0.0369233204798 -0.0154387394407 0.000148490250017 -0.0135192254266 0.0334862248025 -0.00525609602015 0.0421583245312 0.00287623180364 0.0361238320715 -0.00770780261487 -0.0268747172192 0.00597329688529 0.0498089161229 -0.0363135299464 0.0659387223472 -0.00477569745001 0.0381985299501 0.00246387771211 0.0244899578141 0.0508217350651 -0.00882735357597 -0.0157762672551 0.00358008648902 0.0250913910922 
0.0204806326311 0.0257003143368 -0.00129191034094 -0.0347891404721 0.223393558874 -0.0142561006942 -0.00793855921602 0.0212902938757 0.0132715659401 -0.00204209242965 0.00266859991716 0.0152367714258 0.0127940968439 0.0148979570287 0.0220930848828 0.0059124981101 0.0166352356694 0.00581734495247 -0.00545012485527 0.0146068199517 0.00293451672685 0.00344535795654 -0.0178467401902 0.00262253986539 -0.00840161346311 0.0224159967886 0.0173367610161 0.0168530954986 0.0274013182869 0.00602563058672 -0.00089278736813 0.0220814092732 0.0155050367523 0.00429207473257 0.00759407342381 0.0246858036762 0.0141596276301 -0.017897815676 -0.0129250050384 0.0167984705786 0.0222041372307 0.0105648999356 -0.000545550117792 0.0163808981693 -0.0210522942736 0.0273124837914 4.58233759618e-06 0.0241250063986 -0.000908559928518 0.0276488753402 0.0230565020223 0.0278257715656 0.0194266902537 0.0467979540808 0.00881807963281 0.0298682247672 0.0148013788817 0.0138945816745 0.00496481127458 0.0129150043119 
-0.00110995115927 0.0300356621611 0.0176838621058 -0.00476108067317 -0.0142561006942 0.298106779475 0.017733977664 0.0239564422997 -0.00677171493605 0.0184781141642 0.00779682810297 0.00110119176887 0.0332989661748 0.0279211050106 0.0167761932636 0.0208141583526 0.00385768735525 -0.00153590869053 -0.0157706209518 -0.0118500397108 -0.0048906055869 0.0120268184508 0.00012499591005 0.00535955849948 0.000773537663097 -0.0103116210306 0.0370376811724 0.0177403158055 0.0134906193466 0.0225805873457 0.012222502555 0.0288460314445 0.00642955756357 0.0633905424797 -0.0068639366983 -0.02399694759 0.0489167858394 -0.00443515514364 -0.0122395551293 0.04657987345 0.0267661172761 0.011776068637 0.015770437137 0.00833003718487 -0.0103237556026 0.0345862395584 0.0404974330679 0.0197310666944 0.0153707996146 0.0356624015353 0.0237672855669 -0.0132118810081 0.0062943648939 0.0146774807381 0.0167485006033 0.0128831970299 -0.00910915479153 0.0147037316669 0.00854623256171 0.0202056539506 
0.018398089673 0.000693107295752 -0.00859733620174 0.0275636463807 -0.00793855921602 0.017733977664 0.197549780884 0.0265811651475 0.00894532899392 0.0023053440058 0.00933502156926 0.00928703864413 0.00718515548009 0.00567214218924 0.0156102025729 0.0166421066591 -0.00486801231807 0.00196038215303 0.000292296170471 0.0183250233104 0.021085798648 -0.00958211443035 0.0169265619523 0.044680452958 0.0283454991545 0.0177422191869 0.0553861398485 0.0121720485974 0.00724818892206 0.0312358071625 0.0463120922272 0.00765983534851 -0.0025583647206 0.00747070255224 0.00671474002828 0.0102725850798 0.00565927520355 0.0132109399493 0.0237310355108 0.00513845911516 0.00459887744956 0.00774046227554 0.0643922698453 0.00639032373862 0.0177409344036 0.0476908079412 0.00300314204818 0.0146173264469 0.0106319043685 0.00130632767308 0.0125594466119 -0.00031870630946 0.0332793998812 0.00453229205333 0.0171523492032 0.011452647611 -0.00356796461494 0.00184521314187 -0.000228275680122 0.0328746502886 
0.0211109255627 0.0102924430496 0.0109522381196 -0.00600965792634 0.0212902938757 0.0239564422997 0.0265811651475 0.256773887604 0.0128489239045 0.0113653539555 0.0130145428093 0.0329415735793 0.00628002552547 0.0272680312992 0.0518044370696 0.0231751410762 0.0244204093987 0.0161742283579 0.03736865972 0.00568270061876 0.00727418617897 -0.0248019721245 -0.0210217030068 0.0181018259866 0.0111281914166 0.00205332978461 0.059362413248 0.024657235364 -0.00396858164283 0.0100752842562 0.00373977507786 0.0310333722135 0.0268165494159 0.015884603199 -0.00144224657187 0.0137705217034 0.019495414485 0.00152555169508 0.0319683196929 0.00651978885465 0.02139658617 0.0153056137123 0.00482181181714 0.00326389440187 0.0178362428873 0.069640256058 0.0255128489977 0.0044324913471 -0.00398117435805 0.0405018865256 0.0382568742603 0.0308142591547 0.0170767295899 -0.0304393148285 0.00248813818018 0.0291430211624 0.031978174163 0.00234257618447 0.0241337313963 -0.0133407060688 
0.0254615405894 0.00676016526998 0.00808971377723 0.0300265365305 0.0132715659401 -0.00677171493605 0.00894532899392 0.0128489239045 0.250350971633 -0.00874686648695 0.0171606712992 -0.00921388706758 0.100276634089 0.0147252259675 0.00802016432722 0.0122690400752 -0.00240909526539 0.000857842093151 -0.00918694811608 0.0108232068144 0.025820880292 0.0101542744281 -0.00493360105792 0.0226545303743 0.00693452817471 0.0107343922147 0.0349750594516 0.0125749065414 0.0106759270074 0.00715428186063 0.0234889181693 0.00589393649183 0.0388153058533 -0.00204760845162 0.0106427481294 0.0478064195482 0.0748087430099 -0.000800258959295 0.00828268763319 0.00814835874042 0.0107895374404 0.0171992312142 0.00693071071059 0.019277931144 0.0275893838969 -0.00938165307416 0.0375785241732 -0.00220894481447 0.00683361985279 0.020615333713 0.0306004105374 -0.00235192526383 -0.00670638140842 0.00778985062678 0.00566844144695 0.00928296393127 -0.0108508725809 0.0165184929792 0.0133765168099 0.0243372227129 
0.00824174354758 0.0139906354391 0.00393831808965 -0.0149603548338 -0.00204209242965 0.0184781141642 0.0023053440058 0.0113653539555 -0.00874686648695 0.150579474892 0.011771871749 0.00941299652075 -0.00579726772946 0.0243711020123 0.0219375492178 0.00470104030972 0.0210342461999 0.0172975353146 0.0162963559514 -0.0255883516126 0.00570612277365 0.0260453908954 0.0217572902867 -0.000880152448955 0.0112855756983 0.0167882297347 0.0325679535826 0.000868836986225 0.00629209753066 0.00499598956062 0.0102109049095 0.0016672579739 -0.00404507210154 0.0157806426695 0.0162778141002 0.00362284350693 0.0158849002064 0.0104959310146 0.0201865013797 0.0109701094413 0.0062271867782 0.0230550068556 0.00501252300395 -0.00126030645495 0.000422454497015 0.0291355384029 0.0136956757321 0.0191959647882 0.0246763520577 0.0199422226583 -2.77301172032e-05 0.00781789673949 0.00761512550979 0.00446516804761 0.0186112975981 0.011033890984 0.00837809099602 0.0238231989249 0.0147997623311 0.0288971764267 
0.0289401526717 0.0377280169514 0.0153450912516 0.0188934068956 0.00266859991716 0.00779682810297 0.00933502156926 0.0130145428093 0.0171606712992 0.011771871749 0.178930926089 0.0265579934796 0.0224277128791 0.0308705682876 0.0056093484656 0.039986348203 0.0162059974983 -0.00481838925861 0.00226112665693 0.04664269913 0.00635312606526 0.0105377574003 -0.00388787573753 0.025005944054 -0.000834572538847 0.00853936881841 0.0346228356377 0.0257111324301 0.0130752273664 0.0111240351762 0.0215536128241 0.0342720053034 0.0348010133739 0.0369296316949 -0.000516178534036 0.00303935208698 0.0268906640804 0.00942395802219 0.0196380662432 0.0176909316474 0.00987348075269 0.00527724584803 0.0118987726362 0.00824170737619 0.0317821345921 0.0184319914167 0.0177273989725 0.00215828903456 0.0342850403982 0.029324685042 0.0508586223217 -0.00216787771155 0.00882290908822 0.00242184722141 0.0130100649843 0.0148335884786 0.0185771806361 0.00234844663349 0.0163234645775 0.0239596538 
0.0144291210175 0.0174345782565 -0.00375384408458 0.00340108420044 0.0152367714258 0.00110119176887 0.00928703864413 0.0329415735793 -0.00921388706758 0.00941299652075 0.0265579934796 0.323255352634 0.00839721180689 0.0195967054056 0.00556601405398 0.00195241023465 0.0200615643769 0.00685903945504 0.00316599214108 0.0527639655487 0.0123415939115 0.0193276388008 0.0175742510198 0.0305594161506 0.00514856248213 0.0167610888521 0.0242238014483 0.0346552131803 0.00404989637348 -0.00881700870326 0.0144515730915 0.00601203317147 0.0192018737139 0.024672718228 0.0213846854779 0.00638795605608 -0.018994051712 -0.0187844953012 0.00475486986692 0.00666020403099 0.0264777336419 0.0305516030052 -0.00296611109271 0.0183864387131 0.0089692216757 0.0129243640443 0.0301934563256 0.0237356924674 -0.0096120798751 0.0166073864694 0.0146905397486 -0.0116890803434 0.0020082070762 0.0171653498355 0.0218279577564 0.0437461575095 -0.00888251828976 0.0175768675773 -0.00156180810229 0.0155258849826 
0.0184898889372 0.0108550819775 0.0129209181803 0.0310733393844 0.0127940968439 0.0332989661748 0.00718515548009 0.00628002552547 0.100276634089 -0.00579726772946 0.0224277128791 0.00839721180689 0.215706015858 0.00582860967401 0.0163285371029 0.018320879279 -0.00430177330717 0.00679982367326 -0.000990722761017 0.0429950489557 0.0132056435589 0.0223144603405 0.0101604671728 0.0220702695274 -0.0124234518065 0.0190982717724 0.0027553470256 0.0127916361836 -0.00160305139526 -0.00454019740332 0.0192038107424 0.00367372327898 0.00604751809228 -0.0005231945421 0.0064846509004 0.0277662160863 0.0389729451908 0.00486500556711 0.00784535967086 -0.00191423780701 0.0103589390489 0.0126694405403 -0.00475223400165 0.014825991868 -0.00914082981226 -0.0247922923982 0.0437727166685 0.00054637330189 0.00738211826542 0.00332575007859 0.0348587527936 0.00215605968988 0.00223310463692 0.015583316082 -0.00162693548005 0.00984688136928 -0.00458204828634 -0.00294948963972 0.00497524113109 0.0211593110586 
0.0144925303468 0.0519839981131 0.0219984641819 0.00331469240498 0.0148979570287 0.0279211050106 0.00567214218924 0.0272680312992 0.0147252259675 0.0243711020123 0.0308705682876 0.0195967054056 0.00582860967401 0.143750676847 0.0416780475708 0.0329964098784 0.00601960491068 0.00129645075939 0.0196724143317 0.00621070159631 0.0120793449639 0.0177319234465 -0.00930356024218 0.00851642117901 0.00307866356284 0.0136535279198 0.0461547071185 0.0163246296118 0.0356049206603 0.00762043652822 0.0215835602848 0.0104849792643 0.00915808847167 -0.0163976880333 0.0180078859408 0.0252867332921 0.00526913586594 0.0187867232107 0.0299480234517 0.00749826807522 0.00945151600236 0.0176826365961 0.00668382589824 -0.00141151405753 0.0266056351502 0.0273166062458 0.018578574854 0.00738448635922 0.039537247839 0.0341909289343 0.0214977625664 0.0206208661673 0.0125310640976 0.00464931307567 0.00568965258858 0.0233955670446 0.0363037957203 0.00653000329132 0.0189273298092 0.0329720472321 
0.035241736844 0.0296740598572 0.00775578440049 0.0170640937739 0.0220930848828 0.0167761932636 0.0156102025729 0.0518044370696 0.00802016432722 0.0219375492178 0.0056093484656 0.00556601405398 0.0163285371029 0.0416780475708 0.274828240078 0.0217911211941 0.0190637031537 0.0170843976665 0.00808261544354 0.00412524833342 0.00969461520678 0.00757143440886 -0.000398696178139 0.00188585277002 0.0176155307561 0.00574901630733 0.023575100713 0.00742520570282 0.0213516771372 0.0411418097866 0.0158308143944 0.0134295609817 0.00593949181796 -0.018963876129 0.0228271209341 -0.00433842611214 0.0355415753623 0.0088270863328 0.0745249777202 0.0224753312302 0.027744308469 0.0156467978782 0.016850523688 0.0158393569305 0.0144385301446 0.0132905344449 0.0109894900781 0.00760607895668 0.0310230232323 0.0220690226025 0.0249102991731 0.0173244012209 0.0265136347248 0.0152475148549 0.0205128347948 0.0379607481709 0.0680070312718 0.0219497530459 0.0254311671816 0.0190274281809 
0.0170653947205 0.0232347474611 0.0216800563372 0.00737735635834 0.0059124981101 0.0208141583526 0.0166421066591 0.0231751410762 0.0122690400752 0.00470104030972 0.039986348203 0.00195241023465 0.018320879279 0.0329964098784 0.0217911211941 0.247613409274 0.00670893476409 -0.00375119281696 0.000157887805869 0.00491743743981 0.0177664348802 0.0287838949964 -0.0137090377712 -0.00320203692356 0.0174145608813 0.0258730824949 0.0254514874826 0.019825464841 0.0214034874655 0.011705924054 0.00824172445327 0.0279233970962 0.00254313325554 -0.00942806107148 0.0216231471318 0.0140094960972 -0.0119273261491 -0.00374483545387 0.0299542605488 0.00762828151555 -0.00184588571066 0.0294728263192 0.0186541036798 0.00996808872377 0.0203832504717 0.0413051535537 0.0175947813455 0.0234591997459 0.0520766067231 0.0370542353125 0.00800720677986 -0.00620360862703 0.00190198757018 0.00871547344615 0.00536299954827 0.0256925957542 0.00866171092542 0.0129615583496 0.038250158161 0.024579974816 
0.0133118431693 0.00245652798783 0.0142302898175 0.021163591178 0.0166352356694 0.00385768735525 -0.00486801231807 0.0244204093987 -0.00240909526539 0.0210342461999 0.0162059974983 0.0200615643769 -0.00430177330717 0.00601960491068 0.0190637031537 0.00670893476409 0.249179469628 -0.00446276467311 0.00815321710864 0.0120614990322 -0.00328297675014 0.0136376070552 -0.0091484604092 0.0229820426196 0.0335687264144 0.0187798864966 0.0100870111368 0.0206466109727 0.02586639345 0.0153050766479 0.00964123076171 0.0229475625018 0.0206308805665 0.00385319716858 -0.00891497475606 0.0205888036886 0.0215073484126 0.00821362462834 0.0639851103249 0.0282076839185 0.0402966931642 0.0334373710755 0.00253627436383 0.0114240351093 -0.00499853361053 0.0149739613034 0.00186517029626 0.0211060109896 0.00780007101659 0.0171344626671 0.0113355000097 -0.0451598969742 0.0174655880954 0.00739009293315 -0.00517057857519 0.0454777975837 0.0238192358336 0.0339386453725 0.0404635971221 0.0139646856291 
0.0199423416003 0.0138594577274 0.0214111951363 0.00262776443823 0.00581734495247 -0.00153590869053 0.00196038215303 0.0161742283579 0.000857842093152 0.0172975353146 -0.00481838925861 0.00685903945504 0.00679982367326 0.00129645075939 0.0170843976665 -0.00375119281696 -0.00446276467311 0.15146935151 0.0223157144217 -0.00886092598788 0.00644604652548 0.00723061922865 0.0326157504845 -0.00638896410673 0.00775991649601 0.00629566135543 0.00083840372648 0.0051417812692 0.0172251433949 -0.00333997806837 0.00628001536979 0.00659674736484 0.00493459809428 -0.0114440904679 0.0238224068359 -0.00618746757795 -0.0118388868084 -0.00329878959032 0.00436431406735 0.00503245054802 -0.0127210017824 0.00786375769607 0.0116372097127 0.00196030914158 0.0038855386977 0.0115724021396 0.00598152284022 0.00697845961232 -0.00133844675021 0.0191408308466 0.00581783971017 0.00137060861863 0.0100300247398 0.00033461252826 0.0190101339952 0.00772384480999 0.00442490060569 0.0104220640367 0.0163841478062 0.0102919029298 
-0.00155383273967 0.00892854773073 0.0231023521502 0.00721151528807 -0.00545012485527 -0.0157706209518 0.000292296170471 0.03736865972 -0.00918694811608 0.0162963559514 0.00226112665693 0.00316599214108 -0.000990722761017 0.0196724143317 0.00808261544354 0.000157887805869 0.00815321710864 0.0223157144217 0.330046777662 0.017208294907 0.0260068597025 0.0187383971439 0.0325860131784 0.00239890619499 0.0120828955382 -0.0163163407175 -0.00144174765114 0.0267564806685 0.00785794747985 0.0143762718415 0.00293379905085 0.0335164158414 0.00867117885259 0.0186704968592 0.0177278413803 -0.0138792003842 -0.0074870242705 -0.00852715998555 0.0325224544397 0.025408890512 -0.00909556412614 0.0127657476026 -0.00700795303194 0.0080347031857 0.00303037553125 -0.0268222442854 0.0311379167174 0.00855183665542 0.00131804995946 0.015120355134 0.00746358339377 0.00534998038433 0.00157849191509 0.00280744582237 0.0219217674533 0.0676880409953 0.00998117804956 0.00367191149019 0.00490156225241 0.0180363888824 
-0.0214253607119 -0.00602761799448 0.0300509762319 -0.026388869487 0.0146068199517 -0.0118500397108 0.0183250233104 0.00568270061876 0.0108232068144 -0.0255883516126 0.04664269913 0.0527639655487 0.0429950489557 0.00621070159631 0.00412524833342 0.00491743743981 0.0120614990322 -0.00886092598788 0.017208294907 0.709659475818 0.00710510718525 0.0517432066298 -0.00903739422126 0.0110826054084 0.0171472525534 0.0211876595922 -0.00209740291499 0.0504464982226 0.0176509892414 -0.00123491258314 0.0168775385935 0.0100410951388 0.0395736469351 0.065159943637 -0.000449313555417 0.0157211402902 0.0976692239905 0.00645756572553 0.0489675836865 0.00336372225427 0.00769752962724 0.00412653239859 -0.000360589215317 0.0118193661763 -0.00347859238435 0.00110195564221 0.0670171576309 -0.00680625063854 -0.00425808717556 0.0138762101307 0.0577688300751 0.0145669175749 0.00834647331035 0.0240530352781 -0.021326871323 -0.00456241726644 0.0262301506038 0.00783309875578 -0.00855155019152 0.0550255456169 
0.0172590547976 0.0106416739144 0.00779846162434 0.0605424063636 0.00293451672685 -0.0048906055869 0.021085798648 0.00727418617897 0.025820880292 0.00570612277365 0.00635312606526 0.0123415939115 0.0132056435589 0.0120793449639 0.00969461520678 0.0177664348802 -0.00328297675014 0.00644604652548 0.0260068597025 0.00710510718525 0.157577743491 0.0180451171782 0.0148620644372 0.0370833181063 0.0210678983863 0.0267987756624 0.0244744139773 0.0125440466751 0.0125761755867 0.000738584956385 0.026832501912 0.0166654210088 0.00075259006511 -0.0105571293648 0.0115312999099 0.00868459289186 0.0218073601821 0.00994755244852 0.0373712154274 0.00515567119233 0.0131928207436 0.00965826328165 0.0743953166959 0.0131771748552 0.0327281967053 0.0201273604865 0.0171913404366 0.0149646628488 0.0286264006628 0.00648012933217 0.0479044003518 0.00445123257067 0.0257435036169 0.00739920336981 0.0308685822425 0.0215361812056 -0.00399987321442 0.0156122114359 0.0109133495198 0.010201967088 
0.0170633517316 0.0360971266096 0.0108711395598 -0.0198317085162 0.00344535795654 0.0120268184508 -0.00958211443035 -0.0248019721245 0.0101542744281 0.0260453908954 0.0105377574003 0.0193276388008 0.0223144603405 0.0177319234465 0.00757143440886 0.0287838949964 0.0136376070552 0.00723061922865 0.0187383971439 0.0517432066298 0.0180451171782 0.516079791108 0.00779522068564 -0.0127063981456 -0.00980746490429 0.00886136557544 0.0106437205654 0.000662738504238 0.0105698005582 -0.00554575860261 0.00787889424428 0.00194429237043 0.00834441630789 -0.00562916629068 0.0377710106621 0.0054423630864 0.00474311173858 0.00776061653147 0.0180090026082 -0.00821552329092 0.0343161413333 0.00890993397874 0.00990461711171 0.0148989844599 -0.00200517587347 0.00644999637001 0.0223179186965 0.0128739630432 0.0190338607609 0.00947078786492 8.79451543525e-05 -0.00258825697392 -0.00277277863371 -0.00374811851509 -0.000455500230009 -0.00727621885714 0.00985493782865 0.0194397263244 0.00843780365313 0.0448520215096 
0.0143423592028 -0.00794281015555 0.00338620903525 0.0374377855049 -0.0178467401902 0.00012499591005 0.0169265619523 -0.0210217030068 -0.00493360105792 0.0217572902867 -0.00388787573753 0.0175742510198 0.0101604671728 -0.00930356024218 -0.000398696178139 -0.0137090377712 -0.0091484604092 0.0326157504845 0.0325860131784 -0.00903739422126 0.0148620644372 0.00779522068564 0.348799170411 0.0114516504556 0.0302079880408 0.032842336611 0.0132475044087 0.0164927851167 -0.00313106831538 -0.0200324928388 0.00834810397005 0.00122691081004 0.000197096879395 0.0271894630123 0.0287396397911 0.00214843763287 0.0268733280219 -0.00961973603123 0.00640084197371 0.00846122800353 0.0150625692293 0.00410264608185 0.019589658206 -0.00720256251664 0.0143526724119 -0.0072895084367 0.00666627777573 0.0126974896764 0.00133762905004 3.83212188377e-05 -0.00444423797555 -0.0258651342852 0.00556973301414 0.0175702645106 0.02431940651 0.00178683075919 0.0210217119256 0.0231949324721 0.0217427376831 0.0223343967692 
0.00850448082711 0.0108105265968 0.00155083884019 0.0531034638917 0.00262253986539 0.00535955849948 0.044680452958 0.0181018259866 0.0226545303743 -0.000880152448955 0.025005944054 0.0305594161506 0.0220702695274 0.00851642117901 0.00188585277002 -0.00320203692356 0.0229820426196 -0.00638896410673 0.00239890619499 0.0110826054084 0.0370833181063 -0.0127063981456 0.0114516504556 0.232553341703 0.057181520776 -0.00151951165999 0.0750696414961 -0.00966239842222 0.0236010787623 0.0370931734736 0.0331431582779 0.0167900531631 -0.0136322301517 0.026540786042 0.00601474685202 0.0341990743361 0.0129357930772 0.0133129804601 0.0275526624361 0.00582135930706 0.0218830442794 0.0153625003859 0.0630915892227 0.00492643444935 -0.00111713282662 0.0461822511955 0.0342628654523 -0.00116714728425 0.0216377692146 0.00650214012723 0.0159583707916 -0.0145272738773 0.0579179546143 0.0205430713024 -0.0105032541159 0.00463495186197 -0.00727427514138 0.0157666523289 0.00080991718908 0.00600470137611 
-0.00756232432472 -0.00155873072953 -0.0088977640802 0.0130655980029 -0.00840161346311 0.000773537663098 0.0283454991545 0.0111281914166 0.00693452817471 0.0112855756983 -0.000834572538847 0.00514856248213 -0.0124234518065 0.00307866356284 0.0176155307561 0.0174145608813 0.0335687264144 0.00775991649601 0.0120828955382 0.0171472525534 0.0210678983863 -0.00980746490429 0.0302079880408 0.057181520776 0.207265830521 -0.000236981284706 0.0404684757761 0.00546402710642 0.0141077947403 0.0279039178676 0.0306415095909 0.000709752414963 0.00569746104473 0.0246666489647 0.00636912625852 0.0124453747236 0.0238056671406 0.00223289249014 0.0564050443724 0.0211921436007 0.00662472236536 0.00912980833499 0.0391032329033 -0.00201054917417 -0.0153132532473 0.0293065268307 0.0113223836846 0.00930045234748 0.0298306895662 0.0109854868592 0.0167832029415 -0.00748898415033 0.0485314358943 -0.0176113241798 0.0117023443826 0.0300320358844 0.00194706778888 0.0276676633675 -0.00199603919757 0.0105473069445 
0.0479688658982 0.00524400289983 0.0210438463653 0.0162565001042 0.0224159967886 -0.0103116210306 0.0177422191869 0.00205332978461 0.0107343922147 0.0167882297347 0.00853936881841 0.0167610888521 0.0190982717724 0.0136535279198 0.00574901630733 0.0258730824949 0.0187798864966 0.00629566135543 -0.0163163407175 0.0211876595922 0.0267987756624 0.00886136557544 0.032842336611 -0.00151951165999 -0.000236981284706 0.257944852351 0.0516246426661 -0.00108334758409 0.00208614540118 -0.00163162715685 0.0130220382496 0.0099034959849 -0.0364419415871 0.00666075860262 0.0137281775836 0.0123001023987 -0.0163930207173 0.0215208796563 0.0346427932091 -0.00191918512004 0.0196441879448 0.00836539064929 0.0105333144932 0.00915705666305 0.00818936764443 0.0168675353901 -0.00720621216284 0.0205584571888 0.0235004191009 0.00160607168368 0.0142274452427 0.00663480481308 0.0235070650286 -0.0242879022997 0.017610741667 0.0222659758531 0.0507221666012 -0.0120881426721 0.0108141136068 0.0292016129596 
0.00634316601141 0.0142048947155 -0.00232559340368 0.0276004899921 0.0173367610161 0.0370376811724 0.0553861398485 0.059362413248 0.0349750594516 0.0325679535826 0.0346228356377 0.0242238014483 0.0027553470256 0.0461547071185 0.023575100713 0.0254514874826 0.0100870111368 0.00083840372648 -0.00144174765114 -0.00209740291499 0.0244744139773 0.0106437205654 0.0132475044087 0.0750696414961 0.0404684757761 0.0516246426661 0.869964297089 0.0396921889186 0.0305727043222 0.0193617880979 0.031723051746 0.0254671580373 0.0149271342672 0.0350242413758 0.0153318592893 0.110255378075 -0.0340043923537 0.0351183793535 -0.00730363822145 -0.0226691966671 0.0044192287764 0.0517726775849 -0.00884934581796 0.0278789926657 0.0423296352856 0.128597667026 -0.0272884081329 0.0266313407714 -0.01487610143 0.0321762065384 0.0566910723387 -0.0350830912771 0.0390723041623 -0.0174453837558 0.00892036094502 -0.00375523749886 0.0221193054199 0.0190642504332 0.0520743371311 0.0177884745895 
0.0243883994884 0.0260443879751 1.12781088487e-06 0.0241275549458 0.0168530954986 0.0177403158055 0.0121720485974 0.024657235364 0.0125749065414 0.000868836986225 0.0257111324301 0.0346552131803 0.0127916361836 0.0163246296118 0.00742520570282 0.019825464841 0.0206466109727 0.0051417812692 0.0267564806685 0.0504464982226 0.0125440466751 0.000662738504238 0.0164927851167 -0.00966239842222 0.00546402710642 -0.00108334758409 0.0396921889186 0.225280969769 0.00973659720384 -0.00432634627825 0.0114627549581 0.0108605197512 0.0330162784504 0.0111831328107 0.0100512671045 -0.0188988767534 0.0319938732357 0.00806888029252 -0.0191461174927 0.00932103264619 0.00135215121236 0.0251286722766 0.0136708820583 0.0113787092948 0.0150356247633 0.0137485352594 0.0260963878974 0.0141211835442 0.0189310140208 0.0294681759253 0.0188956442966 0.00134104290499 -0.00381964393615 0.0446965504428 0.0126612474395 0.015040549317 0.021602391299 0.00362675386116 0.022938897709 -0.00015561309061 
0.00958330469514 0.029591481987 0.0145620104642 0.0153501864367 0.0274013182869 0.0134906193466 0.00724818892206 -0.00396858164283 0.0106759270074 0.00629209753066 0.0130752273664 0.00404989637348 -0.00160305139526 0.0356049206603 0.0213516771372 0.0214034874655 0.02586639345 0.0172251433949 0.00785794747985 0.0176509892414 0.0125761755867 0.0105698005582 -0.00313106831538 0.0236010787623 0.0141077947403 0.00208614540118 0.0305727043222 0.00973659720384 0.163252137213 -0.00309413539458 0.0125774634162 0.00479808072516 0.00226463198742 -0.00346691944267 0.0118204413075 0.0246932340297 0.0192947253912 0.0197905832153 0.0297551726445 -0.00239249064881 -0.00236676486077 0.0190535010977 -0.00039144787426 0.0131171415064 0.00263970080023 0.00859617319947 0.00940894569911 0.0154654823994 0.0266003345575 0.0137424485174 0.0321964578206 0.0179754253921 0.0127132376466 0.0184878135281 0.00717181645799 0.00733477758994 0.0195682075129 0.00993562786491 0.0112930278032 0.0174162019413 
0.0266534886511 -0.00139588645998 0.0165399515502 -0.0108871878556 0.00602563058672 0.0225805873457 0.0312358071625 0.0100752842562 0.00715428186063 0.00499598956062 0.0111240351762 -0.00881700870326 -0.00454019740332 0.00762043652822 0.0411418097866 0.011705924054 0.0153050766479 -0.00333997806837 0.0143762718415 -0.00123491258314 0.000738584956385 -0.00554575860261 -0.0200324928388 0.0370931734736 0.0279039178676 -0.00163162715685 0.0193617880979 -0.00432634627825 -0.00309413539458 0.231146374425 0.016779465328 0.0215324165068 0.0186409051009 -0.00587537511585 0.00291110499682 -0.00569191185684 -0.00448144611952 -0.00924781262695 0.0246442292679 0.00317737912717 0.0219771269907 0.0032393489217 0.00467860365424 -0.00351355181152 0.00923973611582 0.0270917276455 0.0178278703538 0.00236730404514 0.00659987614727 0.0103920941007 -0.0038258703434 0.00455460438051 0.0274507963793 0.0183576240626 0.00186744228792 -0.00943947594795 0.0085440433849 0.012362796349 -0.00658542161466 -0.00605321926607 
0.0253725885678 0.010965250043 0.00361065495176 0.0370398096833 -0.000892787368129 0.012222502555 0.0463120922272 0.00373977507786 0.0234889181693 0.0102109049095 0.0215536128241 0.0144515730915 0.0192038107424 0.0215835602848 0.0158308143944 0.00824172445327 0.00964123076171 0.00628001536979 0.00293379905085 0.0168775385935 0.026832501912 0.00787889424428 0.00834810397005 0.0331431582779 0.0306415095909 0.0130220382496 0.031723051746 0.0114627549581 0.0125774634162 0.016779465328 0.148986400548 0.00842544148893 0.00752972347595 0.0111221969576 -0.00183881063848 0.0242007651521 -0.00166157093171 0.0108932226567 0.0118117184743 0.01670031639 0.0312907991493 0.00954400414452 0.0534391082001 0.00429183537766 0.0219421293781 0.00596532298434 0.0223366059472 0.0115609084596 0.00938478549777 0.0192849855128 0.0172493601325 -0.000761850379943 0.0449847226345 -0.000604717799995 0.00638541076684 0.00265100523559 -0.00255213572881 0.0100734507917 -0.00206514426221 0.022473857429 
0.0352475671315 0.00461320315324 0.0209767885275 0.0206938128323 0.0220814092732 0.0288460314445 0.00765983534851 0.0310333722135 0.00589393649183 0.0016672579739 0.0342720053034 0.00601203317147 0.00367372327898 0.0104849792643 0.0134295609817 0.0279233970962 0.0229475625018 0.00659674736484 0.0335164158414 0.0100410951388 0.0166654210088 0.00194429237043 0.00122691081004 0.0167900531631 0.000709752414963 0.0099034959849 0.0254671580373 0.0108605197512 0.00479808072516 0.0215324165068 0.00842544148892 0.167968254268 0.0117057804811 0.00440300759858 0.00952148812981 0.0252387942648 0.0237077658527 0.0102459061283 -0.0240329206295 0.0317926830237 0.00498726591758 0.0294717892906 0.0201590426036 0.00433044283843 0.0188546094891 0.00599297682987 0.0420556743796 0.00124662277298 0.0211850531437 0.0242566176427 0.0397127488885 0.00611775849054 0.0209746599999 0.0380867560842 0.0220513052077 0.0267162703357 0.0235453712088 0.0137844506049 0.0125523920116 0.0177506496238 
0.00694290244055 0.0101244474458 0.015453707178 0.0089927783103 0.0155050367523 0.00642955756357 -0.0025583647206 0.0268165494159 0.0388153058533 -0.00404507210154 0.0348010133739 0.0192018737139 0.00604751809228 0.00915808847167 0.00593949181796 0.00254313325554 0.0206308805665 0.00493459809428 0.00867117885259 0.0395736469351 0.000752590065111 0.00834441630789 0.000197096879395 -0.0136322301517 0.00569746104473 -0.0364419415871 0.0149271342672 0.0330162784504 0.00226463198742 0.0186409051009 0.00752972347595 0.0117057804811 0.351994668159 0.0394577787807 0.00401869687772 0.0168930779502 0.0395252225861 0.0220832814515 0.00774519555718 0.032613375015 0.0181924580192 0.0150579796462 0.00567945743829 0.00963031565039 7.27277177429e-05 0.013828044647 0.0675238019069 0.033868802279 -0.00699103195406 0.0538992515878 0.0495609766002 -0.0101975315778 0.00828254218218 -0.00883752563127 0.0104632576606 -0.00106083201732 0.0113402284143 0.000503152740967 0.0214521526821 0.0191059925811 
-0.00268183662992 -0.000427703129451 0.00148074506118 0.0224319385266 0.00429207473257 0.0633905424797 0.00747070255224 0.015884603199 -0.00204760845162 0.0157806426695 0.0369296316949 0.024672718228 -0.000523194542099 -0.0163976880333 -0.018963876129 -0.00942806107148 0.00385319716858 -0.0114440904679 0.0186704968592 0.065159943637 -0.0105571293648 -0.00562916629068 0.0271894630123 0.026540786042 0.0246666489647 0.00666075860262 0.0350242413758 0.0111831328107 -0.00346691944267 -0.00587537511585 0.0111221969576 0.00440300759858 0.0394577787807 1.0055237857 -0.00745843256892 0.0300947405263 0.0385335745192 0.0424904217328 0.00820353825054 0.0471534020799 -0.00105333640869 0.00491749606852 -0.0124101759509 0.0201271074663 0.0211316815244 0.0254154277322 0.0945838391399 0.008257942252 0.0171263192198 0.020144043202 0.0331864633689 0.0178851756313 0.0064815773072 0.0138930368818 -0.00776502226837 0.0808506562884 0.0150371839396 0.00178209810462 -0.0181330576196 0.00689681620881 
0.026464148914 0.0113206876558 0.015658630239 0.011507247744 0.00759407342381 -0.0068639366983 0.00671474002828 -0.00144224657187 0.0106427481294 0.0162778141002 -0.000516178534036 0.0213846854779 0.0064846509004 0.0180078859408 0.0228271209341 0.0216231471318 -0.00891497475606 0.0238224068359 0.0177278413803 -0.000449313555417 0.0115312999099 0.0377710106621 0.0287396397911 0.00601474685202 0.00636912625852 0.0137281775836 0.0153318592893 0.0100512671045 0.0118204413075 0.00291110499682 -0.00183881063848 0.00952148812981 0.00401869687772 -0.00745843256892 0.205982909291 0.0193160149489 -0.00581254579975 0.000340927963388 -0.00840886548885 -0.000498508929222 -0.000109973092767 0.0121905458269 -0.00890580584903 0.00403507871176 0.0200178074529 0.00675573988097 -0.018812495822 0.0209088117657 -0.00626496241924 0.0205804434789 0.0166862610603 0.012354009018 -0.00100754051384 0.0115533125989 0.0710590384543 0.0265481703753 0.0185281512243 0.0218773521144 0.0222570964103 0.0217622719798 
0.00632692999768 -0.01166858555 0.00787097678874 0.00394206374927 0.0246858036762 -0.02399694759 0.0102725850798 0.0137705217034 0.0478064195482 0.00362284350693 0.00303935208698 0.00638795605608 0.0277662160863 0.0252867332921 -0.00433842611214 0.0140094960972 0.0205888036886 -0.00618746757795 -0.0138792003842 0.0157211402902 0.00868459289186 0.0054423630864 0.00214843763287 0.0341990743361 0.0124453747236 0.0123001023987 0.110255378075 -0.0188988767534 0.0246932340297 -0.00569191185684 0.0242007651521 0.0252387942648 0.0168930779502 0.0300947405263 0.0193160149489 0.232226340836 0.0698844857907 0.02806641511 0.0260602077948 0.0102495716165 0.0307859733752 0.0122691476876 -0.00164017188685 0.00188256472419 0.0177996608415 0.0263635135322 0.000889074532758 0.0153588185708 0.0187292212472 0.0049864953091 0.0407115031512 0.0450830017274 0.0216805079353 0.0298370103305 0.0157344480008 0.000512267414532 0.02329539969 -0.000402609219641 0.0281535937779 0.0152138548003 
0.0170780461233 0.00248444283461 0.0105370564727 0.0369233204798 0.0141596276301 0.0489167858394 0.00565927520355 0.019495414485 0.0748087430099 0.0158849002064 0.0268906640804 -0.018994051712 0.0389729451908 0.00526913586594 0.0355415753623 -0.0119273261491 0.0215073484126 -0.0118388868084 -0.0074870242705 0.0976692239905 0.0218073601821 0.00474311173858 0.0268733280219 0.0129357930772 0.0238056671406 -0.0163930207173 -0.0340043923537 0.0319938732357 0.0192947253912 -0.00448144611952 -0.00166157093171 0.0237077658527 0.0395252225861 0.0385335745192 -0.00581254579975 0.0698844857907 0.569291845465 0.00945449828593 0.0150802871088 0.0613999335825 0.0167495545404 0.0174458666145 0.000644800077587 0.0255055755894 0.0311599585165 0.0837027518955 0.0553224197308 0.0125644574046 0.0303893121978 -0.00507060628884 0.161787201405 -0.0015924246753 0.00828965484239 -0.0164730778737 0.0171643372644 0.0017391380028 0.0145863948084 0.00643969634546 0.0152253492242 0.026918814635 
0.00303142986756 -0.00565402019023 0.00534211351333 -0.0154387394407 -0.017897815676 -0.00443515514364 0.0132109399493 0.00152555169508 -0.000800258959295 0.0104959310146 0.00942395802219 -0.0187844953012 0.00486500556711 0.0187867232107 0.0088270863328 -0.00374483545387 0.00821362462834 -0.00329878959032 -0.00852715998555 0.00645756572553 0.00994755244852 0.00776061653147 -0.00961973603123 0.0133129804601 0.00223289249014 0.0215208796563 0.0351183793535 0.00806888029252 0.0197905832153 -0.00924781262695 0.0108932226567 0.0102459061283 0.0220832814515 0.0424904217328 0.000340927963388 0.02806641511 0.00945449828593 0.209103007437 0.00918459523305 0.00169719252227 0.00525772521729 0.0202909010045 0.0196701800791 0.0147706277662 0.00228475259251 0.00710440952137 0.0408729547803 0.010863575926 -0.00661918600786 -0.000402405721651 0.0149596816098 -0.0108494870417 0.0209009125257 0.00709783492199 0.0129607010513 -0.0188466260106 0.0306765097809 0.0153358825648 0.0144507856339 0.0044310589876 
-0.0387049912903 0.0350708564578 0.00369519706894 0.000148490250018 -0.0129250050384 -0.0122395551293 0.0237310355108 0.0319683196929 0.00828268763319 0.0201865013797 0.0196380662432 0.00475486986692 0.00784535967086 0.0299480234517 0.0745249777202 0.0299542605488 0.0639851103249 0.00436431406735 0.0325224544397 0.0489675836865 0.0373712154274 0.0180090026082 0.00640084197371 0.0275526624361 0.0564050443724 0.0346427932091 -0.00730363822145 -0.0191461174927 0.0297551726445 0.0246442292679 0.0118117184743 -0.0240329206295 0.00774519555718 0.00820353825054 -0.00840886548885 0.0260602077948 0.0150802871088 0.00918459523305 0.876433891276 -0.0065125948196 0.0179428171417 0.00112801677685 0.0175311774288 0.0117045727325 0.0168660580149 0.0259144831482 -0.00611505296736 0.0307665419016 -0.00847650472243 0.0091075708423 0.0422578032054 -0.0360479665959 0.0403081607251 0.0211652080132 0.00983946246024 1.78153641619e-05 0.0982033457189 0.0209804112947 -0.00732266277099 0.0501338386699 
