50
0.070293401022 0.126514999345 0.0411806556966 0.100220943784 0.0445332570478 0.0316717201181 0.0621428512979 0.101801748802 0.0251356843311 0.0914492870129 0.0703179731329 0.124759587163 0.0283464571838 0.0301217617298 0.201678989994 0.0678408515538 0.0166595463284 0.0791171504464 0.134627172929 0.16701162673 0.330982708656 0.0132966740539 0.0129348444485 0.116406698245 0.12825177486 0.0566389432936 0.0194782181544 0.0372282541949 0.187838769987 0.0825599502725 0.059162885268 0.037281538924 0.082081594572 0.0677272644226 0.110057805124 0.00496789573306 0.0607700526619 0.0810581507116 0.0639224219563 0.165275344352 0.0900156737744 0.0316067218978 0.0256858872149 0.0269248151276 0.0461662895592 0.0594275332512 -0.00305157485537 0.05514883533 0.00265371642944 0.09797045465 
0.306840291701 -0.0116118817101 0.00401879605178 0.107778158193 -0.0131230807004 -0.00404336875883 0.018549937166 0.0142708954674 0.0199281527852 0.0393480604984 -0.0102312427833 0.043811744525 0.0218063531689 -0.0253974983779 0.00475517910113 0.0118470607238 0.00886862234783 0.0391058144892 0.0100986758567 0.0110643566313 0.00504746878131 -0.00537742457758 -0.00758371562959 0.0229510628542 0.016076027366 0.0115470089691 0.0119807394324 0.0201233418152 0.0588218870535 0.0482116232369 0.0241676881955 0.0147379930827 0.0249518630103 0.00850004494939 0.00926070438498 -0.00427100995725 0.0271927309897 0.0117566019695 0.0369121281993 0.00356699226532 0.00715978171996 0.0034839032841 0.00852576064995 0.00328206520158 0.000491489588832 0.00510708504296 0.0182643549163 0.0240091124431 -0.0178335998529 -0.0172718496331 
-0.0116118817101 0.250664268306 0.0126293033496 0.0162777091492 0.0177673478417 0.0241847113718 0.0296110332855 0.0233533855944 0.000970926273521 0.0304703119755 0.00941215179555 0.0139560492539 0.0290111037843 0.0101940666356 0.0096275935831 0.0193547754039 0.00673427168074 0.0364356731805 0.0216950918198 0.0170260167804 0.0259877220002 -0.00632607658978 6.48415616378e-05 0.0313790857525 0.0314447084833 0.0149610758382 0.00691177258388 0.0263459632002 0.0655226753153 -0.00168427546169 0.0109131661357 0.0179841610387 0.0267395631576 0.00130375288665 0.0169774168087 0.0485018476714 0.0255388896404 0.0229190598164 0.0338083468005 -0.00598784318618 -0.00312939828329 0.0183925035218 -0.00713148024187 0.0708899831506 0.0170018967243 0.00652293607833 0.0307369995054 0.0375556566016 -0.0147654515061 0.00962962364482 
0.00401879605179 0.0126293033496 0.18511619985 -0.0117630226879 0.00651141460759 0.0131013832061 0.0222254245457 0.0229705611747 0.0135919704889 0.0346777668915 0.0187292989199 0.0415693379271 0.0161822915545 0.0228414593991 0.00941605352688 0.0438414280509 0.0126450205504 0.0118511164125 0.0530734353938 0.0260496343376 -0.0030590571803 0.0129814301995 0.00898683812106 0.0177274349289 -0.00660430268091 0.0186574281834 0.00657013835354 0.0254705422125 0.0092911163839 0.0189179976839 0.0173552949235 0.0236050769287 0.0211515882497 0.00558388126871 0.0305258473406 -0.000200260855283 -0.00740179385224 0.010687317535 0.00767370615651 -0.0101567395347 0.0114153599523 0.0198695819444 -0.00308133065032 0.0145813310937 0.018521719203 -0.00179787674433 0.019081833067 -0.0185361916576 0.0154354165726 0.0318297126284 
0.107778158193 0.0162777091492 -0.0117630226879 1.10663264462 -0.000703088893261 -0.000123989409904 0.0134027040891 0.0265013735164 -0.000306387281429 0.0376608243172 0.0167349557866 -0.00888554440441 0.0156974204714 -0.00578249711313 -0.00694053709128 0.0171422955239 -0.0143500968228 -0.0312993153671 0.00643834459876 -0.0504181074986 -0.0101094819267 0.0196842056417 0.00743739412037 0.0665486069531 -0.00204121855551 0.0234191426704 0.00292071367389 0.0161832376256 0.0402112928168 0.00529008950757 0.0143157768249 -0.00934123590154 0.0419722168909 -0.00526182534045 0.0567375779489 0.0169088006742 -0.00904984379235 -0.0292306822841 0.00607745635474 0.0200793990925 0.00749957702803 0.0107444747554 -0.00617154756868 0.00226759633648 0.0227150983293 0.0463651203588 0.020469436752 0.0248698770758 0.000281705253165 -0.00302467598688 
-0.0131230807004 0.0177673478417 0.00651141460759 -0.000703088893261 0.169620065211 0.00516930691037 0.000551358788484 0.0185854199571 0.0069305356594 0.01144337104 -0.00602412496257 -0.0103238669897 0.00462753551973 -0.0054303569658 0.025191605015 0.001971900974 0.00311505292928 0.00401490386631 0.004348075439 -0.000301671142398 0.00415481804021 0.0438144837809 0.00965098987505 -0.000440668780623 -0.0069482134585 0.0311537666159 0.0169358956777 0.0250014728249 -0.0120514258952 -0.00663874805458 -0.00488164136765 0.0203191752932 0.0170509137543 0.0271927510572 0.0222569604897 0.0103814281364 0.00367320955365 0.0224272893692 0.00971739760215 0.0105729854283 0.00117555114953 0.0162913057506 -0.00155272407923 0.0148754753867 0.026573933134 0.00660232300215 0.0158728009676 0.00453391910355 0.00533686550059 0.0443285985684 
-0.00404336875883 0.0241847113718 0.0131013832061 -0.000123989409904 0.00516930691037 0.274047898621 0.0324119692772 0.0177621123414 0.0242399682044 0.00685211322053 0.0221756663634 -0.00924008196778 0.0212391741229 0.0225901589309 0.0167156753732 0.00260713841877 0.00530092856371 0.0158787669896 0.0034448831035 -0.0098797124056 -0.00674860635399 -0.00171366675069 0.00546379034838 0.0266340947202 0.0159076021196 -0.0162754109819 0.0112608477201 0.0234049262821 0.0520818644149 -0.00133001756217 -0.00420725310538 0.0370138943718 0.0178638858813 0.00368188027856 -0.0142918470782 0.0262446470159 0.0195051639637 0.037134743206 0.0334947254781 -0.019656205666 -0.00139905384888 0.0139794603798 0.0249376483536 0.0156952685417 0.0353100883218 0.00139421311262 0.0124857405541 0.0131778509123 0.0118384029479 -0.00403131997586 
0.018549937166 0.0296110332855 0.0222254245457 0.0134027040891 0.000551358788485 0.0324119692772 0.160839547345 0.0116622559207 0.0230073688628 0.0171304928448 0.0163675311953 0.0445008757657 0.0242177121551 0.0278306225774 -0.00337394205189 0.029572526206 0.0318672572917 0.0156171405851 0.00355703725281 0.0134280999741 0.0194320034846 0.000799588742054 0.0134563006043 0.03257566346 0.00934354974665 0.00993053432084 0.0345659997135 0.00963607037603 0.0240383593309 0.0111232300519 0.0129567584328 0.0413882594297 0.0257347632059 0.0121256902499 0.0432479354853 0.0247000005872 0.0143466280141 0.0155430820806 0.0172381669323 -0.0101570637407 0.0198265240121 0.0370877874823 0.00674791572134 0.01735225419 0.0181317154901 0.011723285919 0.00672885211718 0.00326581699873 0.0217309057892 0.0220210007387 
0.0142708954674 0.0233533855944 0.0229705611747 0.0265013735164 0.0185854199571 0.0177621123414 0.0116622559207 0.297658016789 0.000765649799889 0.025310093423 0.00238031255794 0.0117984595424 0.00399950037422 -0.0121561811796 0.0417638309486 0.0401698031959 0.0471998029142 -0.00281474589095 0.0280596610943 -0.00113652906361 0.027685316182 0.0479942745943 0.000514603973458 0.0285070267384 0.0165623900395 0.0114878060787 -0.00292461808923 0.0148538016006 0.0245314812275 -0.00959607440061 0.0155494593692 0.0134722129131 0.00123068338162 -0.00858335294861 0.020195747148 0.0144342016854 0.0177929599446 0.0099652543879 0.00640305172841 0.00151072253375 0.00985700658861 -0.00074026783062 0.014006818804 0.0201900824963 0.00123587611991 0.00361083725837 0.0126750486281 0.0208153757639 -0.00229435976664 -0.0164216089628 
0.0199281527852 0.000970926273521 0.0135919704889 -0.000306387281429 0.0069305356594 0.0242399682044 0.0230073688628 0.000765649799889 0.119199088056 0.0296379717298 0.014389356018 0.00349614827205 0.0150617904172 0.0113105680597 0.0020660225784 0.0256167391193 0.00243523013908 0.0254142238279 0.0110273992727 0.0195278602145 -6.09905657134e-05 0.00911688477245 0.0343738058333 0.0206479008299 0.0139723645167 0.000839452588049 0.0319847112116 0.0146417381772 0.000329177670193 -0.00164100733598 -0.00515649515859 0.00660691494179 0.000875765155201 0.0198176401296 0.0141345913237 0.00979890665926 0.0148030890685 0.00873133102889 0.0143205164682 0.00236505958153 0.0286399300433 0.0310153556015 0.0191616135264 0.0111424866674 0.0183873743449 0.00444221346351 0.000515777296998 -0.00303127001145 0.0201625289218 0.0238925707923 
0.0393480604984 0.0304703119755 0.0346777668915 0.0376608243172 0.01144337104 0.00685211322053 0.0171304928448 0.025310093423 0.0296379717298 0.427760885407 0.0226694575598 0.029897827223 0.0175857768331 0.0223422150189 0.00437943535866 0.0561197914599 0.0324689661432 0.0567931827879 0.023986368235 0.0278937283688 -0.00729282191845 0.0485647673981 0.0257046668636 0.0329410870264 0.0340270308467 0.0133019124467 0.0445180889315 0.0385064178548 0.0967587904727 0.0148956079851 0.035250066655 0.0248706454145 0.0450510486687 -0.0146839360382 0.198431338217 0.0245334767865 0.0248494294413 0.0291056357925 0.0415761556623 -0.00329531333196 0.0385445480615 0.0361259041711 0.0277727806347 0.0160324853061 0.0422579666682 0.0144870077823 0.0454806214647 0.039812512482 0.00655770682787 0.0125631051964 
-0.0102312427833 0.00941215179555 0.0187292989199 0.0167349557866 -0.00602412496257 0.0221756663634 0.0163675311953 0.00238031255794 0.014389356018 0.0226694575598 0.273527152416 0.00179709632226 0.0260595135613 0.0062981878346 -0.0231959049665 0.0401082768047 0.0118526315965 0.0222955674372 0.00915173897275 -0.0145047959148 0.00967923006454 0.0018976012886 0.0184381820877 0.0247527539293 0.0163640652393 0.0120454116055 0.0194458152214 0.0137691837504 0.000272576006504 0.0563281062268 0.0133502804964 0.0102585812114 -0.00134918802516 0.0136711433017 -0.00465695032095 0.0186355120677 0.00497387057049 0.0197719253329 0.00432634120421 0.00620435022942 -0.0130022788851 0.0136936947973 0.021879250752 0.0168619835785 0.0209057350881 0.0202292826241 -0.000326301653645 0.0107447851158 0.0011462569039 -0.0206884427662 
0.043811744525 0.0139560492539 0.0415693379271 -0.00888554440441 -0.0103238669897 -0.00924008196778 0.0445008757657 0.0117984595424 0.00349614827205 0.029897827223 0.00179709632226 0.319173744865 -0.00205715586453 0.0136439605129 -0.0156441303378 0.00458786390231 0.0108687316439 0.00191836623832 0.0517463434389 0.0263660958382 0.0476953513189 0.00869852273257 0.0032026986703 0.0121117046012 0.00340002319838 -0.000515018740708 0.0189143971739 0.0289176338808 0.00197171529471 0.0246368884444 -0.00860598516702 0.0630816169066 0.0401999748154 0.0308587019681 0.0413111035578 0.0175614014615 0.0260423359055 0.00401508101129 -0.0265935688414 -0.0193225800511 0.0182092055682 0.014581580531 0.017843328798 0.00831697442564 0.00252181945796 0.00888420719543 0.0102264794714 0.0416599652481 0.0196884098435 0.018832738986 
0.0218063531689 0.0290111037843 0.0161822915545 0.0156974204714 0.00462753551973 0.0212391741229 0.0242177121551 0.00399950037422 0.0150617904172 0.0175857768331 0.0260595135613 -0.00205715586452 0.17718124601 0.0127295230649 0.0169615670375 0.0050900183828 0.0209175917244 0.0205313692523 0.0404013881896 0.0287237684872 0.00898912864219 0.00864344161205 0.0170211505819 0.0109739146245 0.0030340591942 0.00164079307764 0.0165866689929 -0.00112214844374 0.00100114862967 0.0173911580007 -0.00471394181801 0.019716281682 0.0222922782646 0.0110841149058 0.0164959099612 0.0155763037326 0.00780288477331 0.00202469957779 0.032989307647 -0.0217979587739 0.00307411147358 0.0181687538968 0.0238730647942 -0.00129220582615 0.0301993261646 0.00704273554188 0.0165571541569 -0.0106998025043 0.00134894479484 0.0197987167002 
-0.0253974983779 0.0101940666356 0.0228414593991 -0.00578249711313 -0.0054303569658 0.0225901589309 0.0278306225774 -0.0121561811796 0.0113105680597 0.0223422150189 0.0062981878346 0.0136439605129 0.0127295230649 0.179398630226 -0.00516400057875 -0.0015097621112 8.49403097165e-05 0.01015589853 0.0118987425397 0.0194091773821 0.000491155255673 0.0103065424439 0.0311238717089 -0.00269522707063 0.0234087754447 0.0055444153437 0.011766301945 0.0153619743867 0.0035239596509 0.00524768684255 0.0227775237468 0.0114231887519 0.0104950254113 0.00726211594276 0.018166041478 0.00292044520859 0.0076531875976 -0.0040572981598 0.0174724647071 -0.0208347663725 -0.0118164029661 0.0138206470684 0.0170118258587 -0.000624632922949 -0.0139560180024 0.0042192836384 -0.00147214954178 0.00111963693153 0.0182867155189 -0.00304693982416 
0.00475517910113 0.0096275935831 0.00941605352688 -0.00694053709128 0.025191605015 0.0167156753732 -0.00337394205189 0.0417638309486 0.0020660225784 0.00437943535866 -0.0231959049665 -0.0156441303378 0.0169615670375 -0.00516400057875 1.23996816076 0.0228634578554 0.013593348057 -0.0018703129994 -0.00655111190064 0.0314057482024 0.0240199528394 0.0187383793772 0.0297182015218 0.00988706656983 -0.00151915676409 -0.0217337919895 0.0018064985251 0.0266904271826 -0.00267326180141 -0.00755563327972 -0.0222589013164 0.0296577190791 0.059331853181 0.0239369820224 0.00259363188502 -0.0102810743818 0.0014400861573 0.0298413528018 0.0397665622086 0.00279669860265 0.0151042621788 0.0117983465878 0.0178261981032 0.00890130214188 0.0489932403784 0.00830944613575 0.0518563014848 -0.0230336262508 0.0179443322009 0.00622287265681 
0.0118470607238 0.0193547754039 0.0438414280509 0.0171422955239 0.001971900974 0.00260713841877 0.029572526206 0.0401698031959 0.0256167391193 0.0561197914599 0.0401082768047 0.00458786390231 0.00509001838279 -0.0015097621112 0.0228634578554 0.346367762865 0.0228901601325 -0.00386272229064 0.000361650038172 -0.0157422364311 -0.00685195425434 -0.0022292920203 -0.00446338923934 0.0193978233128 -0.0168315912364 -0.00680373994433 0.0232716114715 0.0157437318457 -0.0136777255541 0.0122972345558 0.0337245432966 0.0081711162982 0.0140750798606 0.0163667830463 0.0403535800727 0.0294118013672 0.00956807490323 0.00896453299952 0.065461168072 -0.0302830343178 0.0170603760029 0.023322410689 0.00312470750174 0.0112383091507 0.0190104440948 0.00244011318622 0.0121689607648 0.00104814425115 -0.0129391691923 0.0102480685948 
0.00886862234783 0.00673427168074 0.0126450205504 -0.0143500968228 0.00311505292928 0.00530092856371 0.0318672572917 0.0471998029142 0.00243523013908 0.0324689661432 0.0118526315965 0.0108687316439 0.0209175917244 8.49403097171e-05 0.013593348057 0.0228901601325 0.190161118813 0.00856156959 0.00656749512267 0.0163821737291 0.0137222630431 0.000932337357859 0.0134583773144 0.0362139811625 0.0106689739666 0.0208235161187 0.0166102696826 0.0306401856197 0.0359354542411 0.0140968925901 0.0080668250586 0.0147767726734 0.0175461783098 0.00429692588442 0.0494366038519 0.0261968706802 -0.0102852169981 0.020069681085 0.0272058921912 -0.0139460211148 0.0163104750646 0.0122490984855 0.0391863846024 0.0246447896504 0.0309790724121 0.0162659045682 0.0216917775576 0.0395494447465 -0.00501579239553 0.0471628299611 
0.0391058144892 0.0364356731805 0.0118511164125 -0.0312993153671 0.00401490386631 0.0158787669896 0.0156171405851 -0.00281474589095 0.0254142238279 0.0567931827879 0.0222955674372 0.00191836623832 0.0205313692523 0.01015589853 -0.0018703129994 -0.00386272229064 0.00856156959 0.37552130956 0.0200313445756 -0.00588486632149 0.00178265782168 0.010375091992 -0.00868632052117 -0.036640914757 -0.00956677368207 -0.0146746765526 0.024869783165 0.0170915307586 0.0208266495725 0.0211560227054 0.0178459550468 0.051377925469 0.0229645496015 0.000939759422706 0.0214811671055 -0.00403018753081 0.0155419941225 0.0237346909182 0.0133464957264 -0.0254074218728 0.0360789081299 0.0323308977138 0.00955904760257 0.00946883458282 -0.00101756007392 0.0232648812233 0.0411352515407 0.00900127362184 0.00318714415545 0.0178720967824 
0.0100986758567 0.0216950918198 0.0530734353938 0.00643834459876 0.004348075439 0.0034448831035 0.00355703725281 0.0280596610943 0.0110273992727 0.023986368235 0.00915173897275 0.0517463434389 0.0404013881896 0.0118987425397 -0.00655111190064 0.000361650038172 0.00656749512267 0.0200313445756 0.735901013315 0.0284297518805 0.0237565083513 0.0432951770044 0.0564806823939 0.00534897851227 0.0222391733058 0.0190222593319 0.00490029813983 0.0162214580657 -0.00524884963969 0.02841855602 0.00402895529518 0.00317347212116 -0.00989635714183 0.000564618967088 0.0357106206294 0.00670237770404 0.0229912253447 0.00381122311677 0.00822159135277 0.00031612360347 -0.00223843950009 0.0160281235762 0.0115276907067 0.0208245909897 0.00564551349624 0.0132865330666 0.0318636413697 -0.00613218289309 -0.00306635149663 0.0152323909782 
0.0110643566313 0.0170260167804 0.0260496343376 -0.0504181074986 -0.000301671142399 -0.0098797124056 0.0134280999741 -0.00113652906361 0.0195278602145 0.0278937283688 -0.0145047959148 0.0263660958382 0.0287237684872 0.0194091773821 0.0314057482024 -0.0157422364311 0.0163821737291 -0.00588486632149 0.0284297518805 0.49153594719 0.0105092080702 0.0300404787636 0.0264202084695 0.0108950703652 -0.00339844888724 0.0108141757713 0.00172021691489 0.0296610200864 0.0402997172213 0.0113030844943 -0.0278337224898 0.00329622337201 0.0114314290272 0.0101044146731 0.0151487448883 -0.00475945056826 0.0177422175409 0.0127861555388 0.00736175777149 -0.0196026905503 0.0386605946164 0.00725523226627 0.03991258893 -0.00431895522594 -0.00893572068499 -0.00438196644116 -0.000552818938945 0.0177591892559 0.0999630766801 0.0335018081685 
0.00504746878131 0.0259877220002 -0.0030590571803 -0.0101094819267 0.00415481804021 -0.00674860635399 0.0194320034846 0.027685316182 -6.09905657135e-05 -0.00729282191845 0.00967923006454 0.0476953513189 0.00898912864219 0.000491155255673 0.0240199528394 -0.00685195425434 0.0137222630431 0.00178265782168 0.0237565083513 0.0105092080702 1.01018592699 0.00655894022186 -0.00386413475137 0.00745676742347 0.0250399015963 0.0176928814793 -0.0119961869896 0.00853953083971 -0.0172804542449 0.0182936416212 0.0209186759197 0.0434983524847 0.0360406882311 0.00397611814602 0.00384807539534 0.0210844835209 0.0161470141997 0.0267028369622 0.0634171181379 0.0133220466817 -0.0133180642898 -0.00189028440214 0.0171518218867 0.011768956375 0.00818195677329 0.0281888531943 0.00505116134978 0.012371562789 0.0296015713207 0.1247023027 
-0.00537742457758 -0.00632607658978 0.0129814301995 0.0196842056417 0.0438144837809 -0.00171366675069 0.000799588742053 0.0479942745943 0.00911688477245 0.0485647673981 0.0018976012886 0.00869852273257 0.00864344161205 0.0103065424439 0.0187383793772 -0.0022292920203 0.000932337357859 0.010375091992 0.0432951770044 0.0300404787636 0.00655894022186 0.278385589951 0.0200028512154 0.0233194397051 -0.0103445674361 -0.00710279928547 0.00838289030115 0.0189869210528 -0.02294738304 0.0104357037526 0.0201577716576 0.0427752639017 0.0154663607804 0.0122762500793 0.051800008686 -0.00485478502551 0.045939645413 0.019857075505 0.0189607630842 -0.0284937453821 0.0161478840304 0.0107101629292 0.00548664337771 0.0021806043173 0.00119351147561 0.0151937481138 -0.00545877824969 0.0112330567748 0.00302416050573 -0.00211974883826 
-0.00758371562959 6.48415616376e-05 0.00898683812106 0.00743739412037 0.00965098987505 0.00546379034838 0.0134563006043 0.000514603973458 0.0343738058333 0.0257046668636 0.0184381820877 0.0032026986703 0.0170211505819 0.0311238717089 0.0297182015218 -0.00446338923934 0.0134583773144 -0.00868632052117 0.0564806823939 0.0264202084695 -0.00386413475137 0.0200028512154 0.149955026474 0.0107611012956 0.022148616292 0.00870369917938 0.0269550791025 0.0281026427457 -0.0082803071613 0.0212254009961 -0.00531997400855 0.0110743728823 0.0143260307668 0.0221717492033 0.0147070776845 -0.00469576042206 0.00452246598922 0.0174979770226 0.00996991804531 0.00807860992541 -0.00356610489651 0.0175501564262 0.00545494075133 0.0113204619769 0.00993327431399 0.0072594417754 0.0103109025737 -0.00174532782533 0.00388550276979 0.0123717991472 
0.0229510628542 0.0313790857525 0.0177274349289 0.0665486069531 -0.000440668780623 0.0266340947202 0.03257566346 0.0285070267384 0.0206479008299 0.0329410870264 0.0247527539293 0.0121117046012 0.0109739146245 -0.00269522707063 0.00988706656983 0.0193978233128 0.0362139811625 -0.036640914757 0.00534897851227 0.0108950703652 0.00745676742347 0.0233194397051 0.0107611012956 0.539139581176 0.031358380337 0.0102097472262 0.0367993908805 0.0067656933722 0.0253941741104 0.0383525066532 0.00838608467795 0.0992867342722 0.0301075417471 0.028449208053 0.0613494451441 0.030556660466 0.0245438335226 0.0384840253687 0.0247673759895 0.00217127374286 0.00316337221305 -0.00173160017101 -0.00484773453769 0.00664965933585 0.0332520632421 0.0227272698016 0.023116280783 0.0189400448423 -0.00267127007332 0.00478840984552 
0.016076027366 0.0314447084833 -0.00660430268091 -0.00204121855551 -0.0069482134585 0.0159076021196 0.00934354974665 0.0165623900395 0.0139723645167 0.0340270308467 0.0163640652393 0.00340002319838 0.0030340591942 0.0234087754447 -0.00151915676409 -0.0168315912364 0.0106689739666 -0.00956677368207 0.0222391733058 -0.00339844888724 0.0250399015963 -0.0103445674361 0.022148616292 0.031358380337 0.528404470931 -0.00910614706508 0.0159581385145 0.0112484353102 0.115024549811 -0.0111535245948 -0.0251083259433 -0.0339485985639 0.010567048624 0.00780306450945 0.0183781911268 0.0208721408541 0.0128053662384 -0.000973798012471 0.0279165952656 -0.0118743344549 0.0310207915785 0.0191860868789 0.043727055614 0.04715309789 -0.00713074002864 0.0257918089795 0.00170045124719 0.0580569252465 -0.00505384816062 -0.0057746329727 
0.0115470089691 0.0149610758382 0.0186574281834 0.0234191426704 0.0311537666159 -0.0162754109819 0.00993053432084 0.0114878060787 0.000839452588049 0.0133019124467 0.0120454116055 -0.000515018740708 0.00164079307764 0.0055444153437 -0.0217337919895 -0.00680373994433 0.0208235161187 -0.0146746765526 0.0190222593319 0.0108141757713 0.0176928814793 -0.00710279928547 0.00870369917938 0.0102097472262 -0.00910614706508 0.19560161277 0.00365725843785 0.00232905129688 -0.0173935467124 -0.00888534591273 -0.0101753311757 0.013502229623 0.00288859563819 0.0195137264665 -0.0016061064935 0.00912382943244 0.00211079647532 -0.0068997873338 0.00938955242929 -0.0235039540266 0.0325238833577 0.00108420925276 0.00445461479263 -0.00308661911975 0.0231883265138 0.0145097786343 -0.0179488084652 0.0236591686723 0.00803304755222 0.0113793070795 
0.0119807394324 0.00691177258388 0.00657013835354 0.00292071367389 0.0169358956777 0.0112608477201 0.0345659997135 -0.00292461808923 0.0319847112116 0.0445180889315 0.0194458152214 0.0189143971739 0.0165866689929 0.011766301945 0.0018064985251 0.0232716114715 0.0166102696826 0.024869783165 0.00490029813983 0.00172021691489 -0.0119961869896 0.00838289030115 0.0269550791025 0.0367993908805 0.0159581385145 0.00365725843785 0.154504816593 0.0143479297429 0.00429712376954 0.0469726540634 -0.00781936860458 -0.00478351819535 0.0178551668933 0.0290954410088 0.0520999997367 0.0142029886723 0.0173406111188 0.0161336084112 0.0262637386173 0.0209583975146 0.0145897528046 0.0568783383487 0.0246856090914 0.0141770692114 0.024933406713 0.0167590729013 0.0134857572168 0.0143761744166 0.0200416070161 0.0204324090781 
0.0201233418152 0.0263459632002 0.0254705422125 0.0161832376256 0.0250014728249 0.0234049262821 0.00963607037603 0.0148538016006 0.0146417381772 0.0385064178548 0.0137691837504 0.0289176338808 -0.00112214844374 0.0153619743867 0.0266904271826 0.0157437318457 0.0306401856197 0.0170915307586 0.0162214580657 0.0296610200864 0.00853953083971 0.0189869210528 0.0281026427457 0.0067656933722 0.0112484353102 0.00232905129688 0.0143479297429 0.170158384332 0.050977674035 0.022807500327 0.0200825613766 0.0265517013974 0.018776956686 0.0131105704019 0.0353489632989 0.013227827483 0.0235396462738 0.0299444938502 0.0333916193026 0.00498412942934 0.014159941501 0.01395210479 0.0231915577143 0.00350531275905 0.0164582464846 -0.012741708419 0.0121991959093 0.0158961363275 0.0184433357252 0.0337847778479 
0.0588218870535 0.0655226753153 0.0092911163839 0.0402112928168 -0.0120514258952 0.0520818644149 0.0240383593309 0.0245314812275 0.000329177670193 0.0967587904727 0.000272576006504 0.00197171529471 0.00100114862967 0.0035239596509 -0.00267326180141 -0.0136777255541 0.0359354542411 0.0208266495725 -0.00524884963969 0.0402997172213 -0.0172804542449 -0.02294738304 -0.0082803071613 0.0253941741104 0.115024549811 -0.0173935467124 0.00429712376954 0.050977674035 0.60477852409 -0.0245399706645 0.020701038958 -0.0039752404339 0.0375804902062 -0.00490368596929 0.0476258342802 0.0293360732443 0.0224377719283 0.0292448000609 0.07185925061 -0.0122835868079 0.0054376958036 0.0154650266602 0.0110472012227 0.0714905935436 -0.0114276153915 0.0146268059217 -0.00933738108142 0.147384516041 -0.0187116552818 0.0144936328769 
0.0482116232369 -0.00168427546169 0.0189179976839 0.00529008950757 -0.00663874805458 -0.00133001756217 0.0111232300519 -0.00959607440061 -0.00164100733598 0.0148956079851 0.0563281062268 0.0246368884444 0.0173911580007 0.00524768684255 -0.00755563327972 0.0122972345558 0.0140968925901 0.0211560227054 0.02841855602 0.0113030844943 0.0182936416212 0.0104357037526 0.0212254009961 0.0383525066532 -0.0111535245948 -0.00888534591273 0.0469726540634 0.022807500327 -0.0245399706645 0.361480316016 0.00979630502828 -0.00556826682726 0.0132849629952 0.0304928491356 0.00651740154011 0.00116809477601 0.0227284134826 0.0307482636609 -0.0035037615602 -0.0100205284628 0.00197377176438 0.0252259137816 0.0156419954705 0.00358275617282 0.0217234662126 -0.00496560801469 0.0127845438975 -0.00493742953611 0.0182603617334 -0.00596124067502 
0.0241676881955 0.0109131661357 0.0173552949235 0.0143157768249 -0.00488164136765 -0.00420725310538 0.0129567584328 0.0155494593692 -0.00515649515859 0.035250066655 0.0133502804964 -0.00860598516702 -0.00471394181801 0.0227775237468 -0.0222589013164 0.0337245432966 0.0080668250586 0.0178459550468 0.00402895529518 -0.0278337224898 0.0209186759197 0.0201577716576 -0.00531997400855 0.00838608467795 -0.0251083259433 -0.0101753311757 -0.00781936860458 0.0200825613766 0.020701038958 0.00979630502828 0.341591186851 -0.00889818005252 0.0190119040329 0.0110492782165 -0.00317613330459 0.00444447515492 -0.00641775932822 0.028055778444 0.0481942303202 -0.00500403145505 0.00548383504454 -0.00800905458941 0.0109491060711 0.017871953229 0.020421019719 0.00634999617001 0.0324496635445 0.0166396748575 -0.00104143711915 0.00319610556897 
0.0147379930827 0.0179841610387 0.0236050769287 -0.00934123590154 0.0203191752932 0.0370138943718 0.0413882594297 0.0134722129131 0.00660691494179 0.0248706454145 0.0102585812114 0.0630816169066 0.019716281682 0.0114231887519 0.0296577190791 0.0081711162982 0.0147767726734 0.051377925469 0.00317347212116 0.00329622337201 0.0434983524847 0.0427752639017 0.0110743728823 0.0992867342722 -0.0339485985639 0.013502229623 -0.00478351819535 0.0265517013974 -0.0039752404339 -0.00556826682726 -0.00889818005252 0.361210971529 0.0285307397164 0.00179407212797 0.0217156203648 0.0118404972759 0.0259751006357 0.0199157678324 0.00156151708442 0.0387062570545 -0.0053021020616 0.00800827203919 -0.0139037373038 0.00905222104712 0.0434332357572 -0.00013798215154 0.00625407783605 0.0149245302369 -0.000575301560371 0.0118453891055 
0.0249518630103 0.0267395631576 0.0211515882497 0.0419722168909 0.0170509137543 0.0178638858813 0.0257347632059 0.00123068338162 0.000875765155201 0.0450510486687 -0.00134918802516 0.0401999748154 0.0222922782646 0.0104950254113 0.059331853181 0.0140750798606 0.0175461783098 0.0229645496015 -0.00989635714183 0.0114314290272 0.0360406882311 0.0154663607804 0.0143260307668 0.0301075417471 0.010567048624 0.00288859563819 0.0178551668933 0.018776956686 0.0375804902062 0.0132849629952 0.0190119040329 0.0285307397164 0.234747816173 0.0156791949899 0.0296356986128 0.0238129943905 0.0467823660631 0.0501844361024 0.122730919561 0.0091420292141 0.00164836270805 0.0139750238743 0.00060025134655 0.0230882781907 0.0319167147048 -0.00850176936827 0.0049987526014 0.0295634459618 0.0107741168459 0.0141443841853 
0.00850004494939 0.00130375288665 0.0055838812687 -0.00526182534045 0.0271927510572 0.00368188027856 0.0121256902499 -0.00858335294861 0.0198176401296 -0.0146839360382 0.0136711433017 0.0308587019681 0.0110841149058 0.00726211594276 0.0239369820224 0.0163667830463 0.00429692588442 0.000939759422706 0.000564618967088 0.0101044146731 0.00397611814602 0.0122762500793 0.0221717492033 0.028449208053 0.00780306450945 0.0195137264665 0.0290954410088 0.0131105704019 -0.00490368596929 0.0304928491356 0.0110492782165 0.00179407212797 0.0156791949899 0.276826983785 0.0133175471523 0.00184950486951 0.0198623994157 0.00264980373638 0.00755557161387 -0.00254991980556 0.0314695582036 0.0197945895858 0.0234249672726 -0.0107586289313 0.0208941977651 -0.00128993183082 -0.00389960863217 -0.0206372207218 -0.00909533837102 0.120799340231 
0.00926070438498 0.0169774168087 0.0305258473406 0.0567375779489 0.0222569604896 -0.0142918470782 0.0432479354853 0.020195747148 0.0141345913237 0.198431338217 -0.00465695032095 0.0413111035578 0.0164959099612 0.018166041478 0.00259363188502 0.0403535800727 0.0494366038519 0.0214811671055 0.0357106206294 0.0151487448883 0.00384807539534 0.051800008686 0.0147070776845 0.0613494451441 0.0183781911268 -0.0016061064935 0.0520999997367 0.0353489632989 0.0476258342802 0.00651740154011 -0.00317613330459 0.0217156203648 0.0296356986128 0.0133175471523 0.421593814413 0.0168419816871 0.0133740202458 0.0342055816164 0.0234422469727 -0.0141944553967 0.0455249286739 0.0443477997288 0.0357804287758 0.00602859315433 0.0527006050227 -0.0057594056269 0.032367212999 0.0389343718578 0.00334746907265 0.00724250334615 
-0.00427100995725 0.0485018476714 -0.000200260855279 0.0169088006742 0.0103814281364 0.0262446470159 0.0247000005872 0.0144342016854 0.00979890665926 0.0245334767865 0.0186355120677 0.0175614014615 0.0155763037326 0.00292044520859 -0.0102810743818 0.0294118013672 0.0261968706802 -0.00403018753081 0.00670237770404 -0.00475945056826 0.0210844835209 -0.00485478502551 -0.00469576042206 0.030556660466 0.0208721408541 0.00912382943244 0.0142029886723 0.013227827483 0.0293360732443 0.00116809477601 0.00444447515492 0.0118404972759 0.0238129943905 0.00184950486951 0.0168419816871 0.164788536815 -0.0118973441706 0.0248213638654 0.0221826125798 0.00736929897932 -0.00674899288346 0.0160723814872 0.0016499683831 0.0413266310121 -0.000137314543454 0.0179847088861 0.00589819042407 0.0346850607937 0.00574275168952 -0.0195269408089 
0.0271927309897 0.0255388896404 -0.00740179385224 -0.00904984379235 0.00367320955365 0.0195051639637 0.0143466280141 0.0177929599446 0.0148030890685 0.0248494294413 0.00497387057049 0.0260423359055 0.00780288477331 0.0076531875976 0.0014400861573 0.00956807490323 -0.0102852169981 0.0155419941225 0.0229912253447 0.0177422175409 0.0161470141997 0.045939645413 0.00452246598922 0.0245438335226 0.0128053662384 0.00211079647532 0.0173406111188 0.0235396462738 0.0224377719283 0.0227284134826 -0.00641775932822 0.0259751006357 0.0467823660631 0.0198623994157 0.0133740202458 -0.0118973441706 0.27120230674 0.0391918061344 0.0389892459204 -0.0102635442026 -0.0111315373777 0.0247098389364 0.014585927296 0.00536490379781 0.0395638554051 -0.00155581535891 0.0401863979951 0.0136688456475 0.00898717429208 0.0136063633569 
0.0117566019695 0.0229190598164 0.010687317535 -0.0292306822841 0.0224272893692 0.037134743206 0.0155430820806 0.0099652543879 0.00873133102889 0.0291056357925 0.0197719253329 0.00401508101129 0.00202469957779 -0.0040572981598 0.0298413528018 0.00896453299952 0.020069681085 0.0237346909182 0.00381122311677 0.0127861555388 0.0267028369622 0.019857075505 0.0174979770226 0.0384840253687 -0.000973798012471 -0.0068997873338 0.0161336084112 0.0299444938502 0.0292448000609 0.0307482636609 0.028055778444 0.0199157678324 0.0501844361024 0.00264980373638 0.0342055816164 0.0248213638654 0.0391918061344 0.191290405863 0.0810185257017 0.00667015997756 0.0104006244298 0.017148172677 0.012202240806 0.0123132638935 0.0318473416081 0.00234187736503 0.0343321835975 0.0174521351393 0.0047302504965 -0.0218284723383 
0.0369121281993 0.0338083468005 0.00767370615651 0.00607745635474 0.00971739760215 0.0334947254781 0.0172381669323 0.00640305172841 0.0143205164682 0.0415761556623 0.00432634120421 -0.0265935688414 0.032989307647 0.0174724647071 0.0397665622086 0.065461168072 0.0272058921912 0.0133464957264 0.00822159135277 0.00736175777149 0.0634171181379 0.0189607630842 0.00996991804531 0.0247673759895 0.0279165952656 0.00938955242929 0.0262637386173 0.0333916193026 0.07185925061 -0.0035037615602 0.0481942303202 0.00156151708442 0.122730919561 0.00755557161387 0.0234422469727 0.0221826125798 0.0389892459204 0.0810185257017 0.418184878419 0.042583156517 0.0145196733505 0.0190012501984 0.0148809658723 0.00108472640686 -0.00438842560247 -0.00114347947715 0.00151056069546 0.0183589843208 0.0166288253588 -0.0010029622878 
0.00356699226532 -0.00598784318618 -0.0101567395347 0.0200793990925 0.0105729854283 -0.019656205666 -0.0101570637407 0.00151072253375 0.00236505958153 -0.00329531333196 0.00620435022942 -0.0193225800511 -0.0217979587739 -0.0208347663725 0.00279669860265 -0.0302830343178 -0.0139460211148 -0.0254074218728 0.00031612360347 -0.0196026905503 0.0133220466817 -0.0284937453821 0.00807860992541 0.00217127374286 -0.0118743344549 -0.0235039540266 0.0209583975146 0.00498412942934 -0.0122835868079 -0.0100205284628 -0.00500403145505 0.0387062570545 0.0091420292141 -0.00254991980556 -0.0141944553967 0.00736929897932 -0.0102635442026 0.00667015997756 0.042583156517 1.3719526186 0.0197264708799 0.00557576495613 0.0703174941156 -0.0198123812926 -0.00935848246512 0.0077069165536 -0.00757362795378 -0.00351879688903 0.0254284355524 0.00488550274441 
0.00715978171996 -0.00312939828329 0.0114153599523 0.00749957702803 0.00117555114953 -0.00139905384888 0.0198265240121 0.00985700658861 0.0286399300433 0.0385445480615 -0.0130022788851 0.0182092055682 0.00307411147358 -0.0118164029661 0.0151042621788 0.0170603760029 0.0163104750646 0.0360789081299 -0.00223843950009 0.0386605946164 -0.0133180642898 0.0161478840304 -0.00356610489651 0.00316337221305 0.0310207915785 0.0325238833577 0.0145897528046 0.014159941501 0.0054376958036 0.00197377176438 0.00548383504454 -0.0053021020616 0.00164836270804 0.0314695582036 0.0455249286739 -0.00674899288346 -0.0111315373777 0.0104006244298 0.0145196733505 0.0197264708799 0.224458653477 0.0168652519632 0.0377044836689 0.00866237403855 -0.0101117425233 0.00395698238906 0.0261474017853 0.0207021312263 0.045673726944 0.00288694100964 
0.0034839032841 0.0183925035218 0.0198695819444 0.0107444747554 0.0162913057506 0.0139794603798 0.0370877874823 -0.00074026783062 0.0310153556015 0.0361259041711 0.0136936947973 0.014581580531 0.0181687538968 0.0138206470684 0.0117983465878 0.023322410689 0.0122490984855 0.0323308977138 0.0160281235762 0.00725523226627 -0.00189028440214 0.0107101629292 0.0175501564262 -0.00173160017101 0.0191860868789 0.00108420925276 0.0568783383487 0.01395210479 0.0154650266602 0.0252259137816 -0.00800905458941 0.00800827203919 0.0139750238743 0.0197945895858 0.0443477997288 0.0160723814872 0.0247098389364 0.017148172677 0.0190012501984 0.00557576495613 0.0168652519632 0.128261689968 0.0198579066416 0.0264166342518 0.0132932280567 0.0092996639437 0.0103280221425 -0.0088911644533 0.0160537098055 0.0195593619482 
0.00852576064995 -0.00713148024187 -0.00308133065032 -0.00617154756868 -0.00155272407923 0.0249376483536 0.00674791572135 0.014006818804 0.0191616135264 0.0277727806347 0.021879250752 0.017843328798 0.0238730647942 0.0170118258587 0.0178261981032 0.00312470750174 0.0391863846024 0.00955904760257 0.0115276907067 0.03991258893 0.0171518218867 0.00548664337771 0.00545494075133 -0.00484773453769 0.043727055614 0.00445461479263 0.0246856090914 0.0231915577143 0.0110472012227 0.0156419954705 0.0109491060711 -0.0139037373038 0.00060025134655 0.0234249672726 0.0357804287758 0.0016499683831 0.014585927296 0.012202240806 0.0148809658723 0.0703174941156 0.0377044836689 0.0198579066416 0.185460263299 0.00668760524454 0.0344900620122 0.00308311084135 -0.00786551580716 0.00246048466447 0.0209483571822 0.0558699768782 
0.00328206520158 0.0708899831506 0.0145813310937 0.00226759633648 0.0148754753867 0.0156952685417 0.01735225419 0.0201900824963 0.0111424866674 0.0160324853061 0.0168619835785 0.00831697442564 -0.00129220582615 -0.00062463292295 0.00890130214188 0.0112383091507 0.0246447896504 0.00946883458282 0.0208245909897 -0.00431895522594 0.011768956375 0.0021806043173 0.0113204619769 0.00664965933585 0.04715309789 -0.00308661911975 0.0141770692114 0.00350531275905 0.0714905935436 0.00358275617282 0.017871953229 0.00905222104712 0.0230882781907 -0.0107586289313 0.00602859315433 0.0413266310121 0.00536490379781 0.0123132638935 0.00108472640686 -0.0198123812926 0.00866237403855 0.0264166342518 0.00668760524454 0.189005699834 -0.00165575073748 0.0111399507083 0.0184394011398 0.0517812326367 0.00708353067631 -0.0286810873186 
0.000491489588833 0.0170018967243 0.018521719203 0.0227150983293 0.026573933134 0.0353100883218 0.0181317154901 0.00123587611991 0.0183873743449 0.0422579666682 0.0209057350881 0.00252181945796 0.0301993261646 -0.0139560180024 0.0489932403784 0.0190104440948 0.0309790724121 -0.00101756007392 0.00564551349624 -0.00893572068499 0.00818195677329 0.00119351147561 0.00993327431399 0.0332520632421 -0.00713074002864 0.0231883265138 0.024933406713 0.0164582464846 -0.0114276153915 0.0217234662126 0.020421019719 0.0434332357572 0.0319167147048 0.0208941977651 0.0527006050227 -0.000137314543453 0.0395638554051 0.0318473416081 -0.00438842560247 -0.00935848246512 -0.0101117425233 0.0132932280567 0.0344900620122 -0.00165575073748 0.335379718575 0.00273980732379 0.0147431983456 -0.00327286609921 -0.00475032459707 0.000902314002644 
0.00510708504296 0.00652293607833 -0.00179787674433 0.0463651203588 0.00660232300215 0.00139421311262 0.011723285919 0.00361083725837 0.00444221346351 0.0144870077823 0.0202292826241 0.00888420719543 0.00704273554188 0.0042192836384 0.00830944613575 0.00244011318622 0.0162659045682 0.0232648812233 0.0132865330666 -0.00438196644116 0.0281888531943 0.0151937481138 0.0072594417754 0.0227272698016 0.0257918089795 0.0145097786343 0.0167590729013 -0.012741708419 0.0146268059217 -0.00496560801469 0.00634999617001 -0.000137982151541 -0.00850176936827 -0.00128993183082 -0.0057594056269 0.0179847088861 -0.00155581535891 0.00234187736503 -0.00114347947715 0.0077069165536 0.00395698238906 0.0092996639437 0.00308311084135 0.0111399507083 0.00273980732379 0.230567812192 0.0139013645864 0.00346876461205 -0.010529409685 -0.00467431339666 
0.0182643549163 0.0307369995054 0.019081833067 0.020469436752 0.0158728009676 0.0124857405541 0.00672885211718 0.0126750486281 0.000515777296999 0.0454806214647 -0.000326301653645 0.0102264794714 0.0165571541569 -0.00147214954178 0.0518563014848 0.0121689607648 0.0216917775576 0.0411352515407 0.0318636413697 -0.000552818938945 0.00505116134978 -0.00545877824969 0.0103109025737 0.023116280783 0.00170045124719 -0.0179488084652 0.0134857572168 0.0121991959093 -0.00933738108142 0.0127845438975 0.0324496635445 0.00625407783605 0.0049987526014 -0.00389960863217 0.032367212999 0.00589819042407 0.0401863979951 0.0343321835975 0.00151056069546 -0.00757362795378 0.0261474017853 0.0103280221425 -0.00786551580716 0.0184394011398 0.0147431983456 0.0139013645864 0.205045458716 -0.0143466212486 0.00779024136289 0.00192936286005 
