20
0.151795006465 0.075466134778 0.0566217234647 0.0900156737744 0.0172523696575 0.00633581846688 0.0335790413719 0.065309734793 0.0135435889675 0.0431815223905 0.0300827450696 0.0714432896303 0.0965978414643 0.165275344352 0.0541634245192 0.168192385625 0.155431064381 0.00610402508206 0.0385950792128 0.187838769987 
0.441189070447 0.0258411714441 0.0591938356223 0.00951601357928 0.0357840142431 0.0172118881926 0.001010624582 0.0197585605209 0.0340580512847 0.0205696456385 -0.0017683369673 0.0307916354397 0.00352651429443 -0.0315500915056 -0.0191760517188 0.0106423100568 0.0117452672985 0.0325147990377 0.0352737400586 0.26387524443 
0.0258411714441 0.461302838762 0.0164134744167 -0.00199641974351 0.013571489084 0.0128494233935 0.0407121870842 0.00266362342394 0.00528941010254 0.00735778696841 0.0410372376975 -0.00383429764009 0.0239646826936 -0.012248780394 -0.021435166204 0.0440207799546 0.00827355447999 0.0263811422822 0.0167429119091 0.0140690743995 
0.0591938356223 0.0164134744167 0.201747664263 0.0261277583048 0.0132887537048 0.0195372295608 0.0162758073734 0.0180842290246 0.0199444052787 0.0293127308897 0.0177931233966 0.00674823590564 0.0599461996089 -0.00471543437802 0.0222771795188 0.0328754733863 0.0368292301907 0.0403117116538 0.0284296483443 0.0459906155645 
0.00951601357928 -0.00199641974351 0.0261277583048 0.246948361519 0.00666902518858 0.0253549773728 0.0116060524311 0.00961266278438 0.0263022085124 0.0134331222708 0.0136916699745 0.00446075901137 0.022257910024 0.01817192229 0.00429737096051 0.0596923860641 0.0119282644812 0.0287533956327 0.015126667086 0.018439080444 
0.0357840142431 0.013571489084 0.0132887537048 0.00666902518858 0.202814814066 0.0162628796414 0.0239039810379 0.017284193065 0.0277427152503 0.0118694377233 0.00843597032351 -0.0141516082516 0.00531395933233 -0.0050770153068 0.0232295707064 0.0082548189406 0.00494283036787 0.0194814192549 0.0259701508687 0.00286290664334 
0.0172118881926 0.0128494233935 0.0195372295608 0.0253549773728 0.0162628796414 0.20267673324 0.027210240519 0.0367820916989 0.0212179791972 0.0214614359535 0.0069536398719 0.0236640709035 0.02027807361 -0.0504270347567 0.0207985296977 0.0362794599226 0.0200330511611 0.0333615871391 0.0184600115081 -0.00647136399928 
0.001010624582 0.0407121870842 0.0162758073734 0.0116060524311 0.0239039810379 0.027210240519 0.249001974182 0.0152691725523 0.0282663251106 0.0371344931338 0.00036172406404 -0.00132485994355 0.00682404119675 -0.00302512532117 0.0181102758982 -0.0245588084941 0.0055662614962 0.0179437489416 0.0207420672184 -0.0106797681076 
0.0197585605209 0.00266362342394 0.0180842290246 0.00961266278438 0.017284193065 0.0367820916989 0.0152691725523 0.322608863599 0.0183796616414 0.0177407741692 0.00862246319394 0.0140400839231 0.055851873874 -0.0521702493358 0.00702944388853 0.00837960621056 0.00921572700509 0.00734585725603 0.0247506324121 0.0291462375335 
0.0340580512847 0.00528941010254 0.0199444052787 0.0263022085124 0.0277427152503 0.0212179791972 0.0282663251106 0.0183796616414 0.256718856065 -0.0146537359949 0.00815245523537 0.0307728981601 0.0298722363322 -0.0143495367318 0.0163745312323 0.0130706637016 0.0219441323714 0.0417203637539 0.0260503907069 0.0111770383746 
0.0205696456385 0.00735778696841 0.0293127308897 0.0134331222708 0.0118694377233 0.0214614359535 0.0371344931338 0.0177407741692 -0.0146537359949 0.221365507771 0.0079603520371 0.0180056760947 0.00590865399298 -0.0110449479964 0.0256965615246 0.0172591073187 0.0235484857381 0.0107948453413 0.0233481150907 0.0170471794764 
-0.0017683369673 0.0410372376975 0.0177931233966 0.0136916699745 0.00843597032351 0.0069536398719 0.00036172406404 0.00862246319394 0.00815245523537 0.0079603520371 0.1619666794 0.016597678637 0.0227500763888 0.0197399006567 0.00917988989992 -0.000356125137953 0.0055489890986 0.0037549702831 0.0213682509189 0.00458118025153 
0.0307916354397 -0.00383429764009 0.00674823590564 0.00446075901137 -0.0141516082516 0.0236640709035 -0.00132485994355 0.0140400839231 0.0307728981601 0.0180056760947 0.016597678637 0.379875140259 0.0143074402262 0.0176906319056 0.00522810410924 0.0185464669673 0.00876857163775 0.000152990067881 0.0241122011035 0.0160173969325 
0.00352651429443 0.0239646826936 0.0599461996089 0.022257910024 0.00531395933233 0.02027807361 0.00682404119675 0.055851873874 0.0298722363322 0.00590865399298 0.0227500763888 0.0143074402262 0.452057987447 -0.00970255753667 0.0131952221564 0.00747529548619 0.0387594370889 0.0218014226354 0.030235527648 0.00821901362566 
-0.0315500915056 -0.012248780394 -0.00471543437802 0.01817192229 -0.0050770153068 -0.0504270347567 -0.00302512532117 -0.0521702493358 -0.0143495367318 -0.0110449479964 0.0197399006567 0.0176906319056 -0.00970255753667 1.37385552791 -0.0132433373174 0.0641151195388 0.00776322219105 0.00487191274583 -0.00104583736255 -0.00847937738542 
-0.0191760517188 -0.021435166204 0.0222771795188 0.00429737096051 0.0232295707064 0.0207985296977 0.0181102758982 0.00702944388853 0.0163745312323 0.0256965615246 0.00917988989992 0.00522810410924 0.0131952221564 -0.0132433373174 0.322472360277 0.00392075814855 0.0179821287703 0.00766081929715 0.0211139564671 0.00798223021728 
0.0106423100568 0.0440207799546 0.0328754733863 0.0596923860641 0.0082548189406 0.0362794599226 -0.0245588084941 0.00837960621056 0.0130706637016 0.0172591073187 -0.000356125137953 0.0185464669673 0.00747529548619 0.0641151195388 0.00392075814855 0.712361596469 -0.011073555673 0.00379039518504 0.00804332227233 0.0123961515486 
0.0117452672985 0.00827355447999 0.0368292301907 0.0119282644812 0.00494283036787 0.0200330511611 0.0055662614962 0.00921572700509 0.0219441323714 0.0235484857381 0.0055489890986 0.00876857163775 0.0387594370889 0.00776322219105 0.0179821287703 -0.011073555673 0.714175484545 0.0149077763185 0.0177582240293 0.0502051938336 
0.0325147990377 0.0263811422822 0.0403117116538 0.0287533956327 0.0194814192549 0.0333615871391 0.0179437489416 0.00734585725603 0.0417203637539 0.0107948453413 0.0037549702831 0.000152990067881 0.0218014226354 0.00487191274584 0.00766081929715 0.00379039518504 0.0149077763185 0.193450219658 0.0253631505839 0.00810906685843 
0.0352737400586 0.0167429119091 0.0284296483443 0.015126667086 0.0259701508687 0.0184600115081 0.0207420672184 0.0247506324121 0.0260503907069 0.0233481150907 0.0213682509189 0.0241122011035 0.030235527648 -0.00104583736255 0.0211139564671 0.00804332227233 0.0177582240293 0.0253631505839 0.221518455636 0.0244449070595 
0.26387524443 0.0140690743995 0.0459906155645 0.018439080444 0.00286290664334 -0.00647136399928 -0.0106797681076 0.0291462375335 0.0111770383746 0.0170471794764 0.00458118025153 0.0160173969325 0.00821901362566 -0.00847937738542 0.00798223021728 0.0123961515486 0.0502051938336 0.00810906685843 0.0244449070595 0.61062335203 
0.0382080942879 0.00223791109341 0.00512633653963 0.000824110950241 0.00309898653839 0.00149059324219 8.752265617e-05 0.00171114153533 0.00294951376159 0.00178138356698 -0.000153142473613 0.00266663385149 0.000305405096578 -0.00273231807355 -0.00166069479328 0.000921651086416 0.00101716998547 0.00281586419656 0.00305479549772 0.0228522665106 
0.00223791109341 0.0399499977205 0.00142144858092 -0.00017289502145 0.00117532543139 0.00111279270827 0.00352577882585 0.000230676555125 0.000458076351983 0.000637203043028 0.00355392903472 -0.000332059916199 0.00207540240063 -0.00106077549866 -0.0018563398467 0.00381231137351 0.000716510835927 0.00228467393973 0.00144997870466 0.00121841758377 
0.00512633653963 0.00142144858092 0.0174718602406 0.00226273024359 0.0011508398293 0.00169197371192 0.00140952626525 0.00156614017432 0.00172723616348 0.00253855696047 0.00154092968741 0.000584414372501 0.00519149317217 -0.000408368596124 0.00192926033879 0.0028470995114 0.00318950489469 0.00349109663623 0.00246207976868 0.00398290414146 
0.000824110950241 -0.00017289502145 0.00226273024359 0.0213863554498 0.000577554523179 0.00219580545172 0.0010051136243 0.000832481016929 0.00227783807474 0.00116334251386 0.00118573340182 0.000386313062401 0.00192759155159 0.00157373463387 0.000372163242129 0.0051695122744 0.00103301800638 0.00249011710629 0.00131000779711 0.0015968712087 
0.00309898653839 0.00117532543139 0.0011508398293 0.000577554523179 0.0175642781245 0.00140840669082 0.00207014548304 0.00149685502782 0.00240258961767 0.0010279234597 0.000730576460573 -0.00122556522503 0.000460202377648 -0.000439682423109 0.00201173983508 0.00071488829062 0.000428061666517 0.00168714039765 0.00224908103924 0.000247934988179 
0.00149059324219 0.00111279270827 0.00169197371192 0.00219580545172 0.00140840669082 0.0175523199742 0.00235647595325 0.00318542258156 0.00183753090018 0.00185861487374 0.000602202877783 0.00204936865594 0.00175613268861 -0.00436710931368 0.00180120550796 0.00314189339285 0.00173491312208 0.0028891981973 0.00159868389202 -0.000560436562051 
8.752265617e-05 0.00352577882585 0.00140952626525 0.0010051136243 0.00207014548304 0.00235647595325 0.0215642035234 0.0013223491325 0.00244793556174 0.00321594144105 3.13262228619e-05 -0.000114736236757 0.000590979303286 -0.000261983537777 0.00156839589973 -0.00212685520426 0.000482052385982 0.00155397424225 0.00179631571381 -0.000924895048775 
0.00171114153533 0.000230676555125 0.00156614017432 0.000832481016929 0.00149685502782 0.00318542258156 0.0013223491325 0.0279387471363 0.00159172538944 0.00153639611133 0.000746727216914 0.00121590693487 0.00483691416239 -0.00451807612465 0.000608767698194 0.000725695185205 0.000798105370075 0.00063616989963 0.00214346764286 0.00252413821287 
0.00294951376159 0.000458076351983 0.00172723616348 0.00227783807474 0.00240258961767 0.00183753090018 0.00244793556174 0.00159172538944 0.0222325050983 -0.00126905076319 0.000706023333705 0.00266501115547 0.00258701155316 -0.00124270633423 0.00141807600222 0.00113195268099 0.00190041760976 0.0036130894866 0.00225603001307 0.000967959917145 
0.00178138356698 0.000637203043028 0.00253855696047 0.00116334251386 0.0010279234597 0.00185861487374 0.00321594144105 0.00153639611133 -0.00126905076319 0.0191708153251 0.00068938670872 0.00155933729104 0.00051170444601 -0.000956520554837 0.00222538750702 0.00149468253846 0.00203935868698 0.000934861029552 0.00202200607991 0.00147632904894 
-0.000153142473613 0.00355392903472 0.00154092968741 0.00118573340182 0.000730576460573 0.000602202877783 3.13262228618e-05 0.000746727216914 0.000706023333705 0.00068938670872 0.0140267258927 0.00143740113435 0.00197021440907 0.00170952554369 0.000795001785727 -3.08413416393e-05 0.000480556552471 0.000325189965562 0.00185054481302 0.000396741847714 
0.00266663385149 -0.000332059916199 0.000584414372501 0.000386313062401 -0.00122556522503 0.00204936865594 -0.000114736236757 0.00121590693487 0.00266501115547 0.00155933729104 0.00143740113435 0.032898152173 0.0012390606699 0.00153205366392 0.000452767097223 0.00160617115441 0.00075938057932 1.32493285312e-05 0.00208817786968 0.00138714726461 
0.000305405096578 0.00207540240063 0.00519149317217 0.00192759155159 0.000460202377648 0.00175613268861 0.000590979303286 0.00483691416239 0.00258701155316 0.00051170444601 0.00197021440907 0.0012390606699 0.0391493701112 -0.000840266130844 0.0011427397596 0.000647379579184 0.00335666571553 0.00188805858409 0.002618473504 0.000711787459387 
-0.00273231807355 -0.00106077549866 -0.000408368596124 0.00157373463387 -0.000439682423109 -0.00436710931368 -0.000261983537777 -0.00451807612465 -0.00124270633423 -0.000956520554837 0.00170952554369 0.00153205366392 -0.000840266130844 0.11897937883 -0.00114690665478 0.00555253222873 0.000672314763267 0.000421920020291 -9.05721724192e-05 -0.000734335622405 
-0.00166069479328 -0.0018563398467 0.00192926033879 0.000372163242129 0.00201173983508 0.00180120550796 0.00156839589974 0.000608767698194 0.00141807600222 0.00222538750702 0.000795001785727 0.000452767097223 0.0011427397596 -0.00114690665478 0.0279269256018 0.000339547615874 0.00155729803292 0.000663446412513 0.00182852226749 0.000691281414702 
0.000921651086416 0.00381231137351 0.0028470995114 0.0051695122744 0.00071488829062 0.00314189339285 -0.00212685520426 0.000725695185205 0.00113195268099 0.00149468253846 -3.08413416393e-05 0.00160617115441 0.000647379579184 0.00555253222873 0.000339547615874 0.0616923239223 -0.000958998052307 0.000328257852062 0.000696572141866 0.00107353821502 
0.00101716998547 0.000716510835927 0.00318950489469 0.00103301800638 0.000428061666517 0.00173491312208 0.000482052385982 0.000798105370075 0.00190041760976 0.00203935868698 0.000480556552471 0.00075938057932 0.00335666571553 0.000672314763267 0.00155729803292 -0.000958998052307 0.0618494112376 0.00129105130058 0.00153790731355 0.00434789732618 
0.00281586419656 0.00228467393973 0.00349109663623 0.00249011710629 0.00168714039765 0.0028891981973 0.00155397424225 0.00063616989963 0.0036130894866 0.000934861029552 0.000325189965562 1.32493285312e-05 0.00188805858409 0.000421920020291 0.000663446412513 0.000328257852062 0.00129105130058 0.0167532804591 0.00219651327257 0.000702265790039 
0.00305479549772 0.00144997870466 0.00246207976868 0.00131000779711 0.00224908103924 0.00159868389202 0.00179631571381 0.00214346764286 0.00225603001307 0.00202200607991 0.00185054481302 0.00208817786968 0.002618473504 -9.05721724192e-05 0.00182852226749 0.000696572141866 0.00153790731355 0.00219651327257 0.0191840609988 0.00211699105067 
0.0228522665106 0.00121841758377 0.00398290414146 0.0015968712087 0.000247934988179 -0.000560436562051 -0.000924895048775 0.00252413821287 0.000967959917145 0.00147632904894 0.000396741847714 0.00138714726461 0.000711787459387 -0.000734335622405 0.000691281414702 0.00107353821502 0.00434789732618 0.000702265790039 0.00211699105067 0.0528815335002 

['MRO', 'XRX', 'ASN', 'MCO', 'SLM', 'LIZ', 'TMO', 'GR', 'NYT', 'PLL', 'HCR', 'AGN', 'HPC', 'GT', 'ABT', 'JNS', 'MEDI', 'CMA', 'CTAS', 'SUN']