30
0.0205855922537 0.0785253906611 -0.0148687542544 0.0559799775446 0.025637758891 0.259768981863 0.0398839612709 0.0160420823192 0.0316067218978 0.0952470994091 0.0214629747746 0.0444525953717 0.103166553638 0.105790735219 0.0403512104362 0.101801748802 -0.00694067656108 0.0526772687529 0.0422860283868 0.0493934577213 0.256023639664 0.13190386478 0.0431815223905 0.201887649263 0.0445332570478 0.0136100125143 0.0539269159384 0.139274044211 0.070995024039 0.0896854693356 
0.164626662635 0.0191132647968 0.0207194382523 0.0226499810256 -0.0118252034467 -0.00934237989013 0.0381229356375 0.0110801610136 0.0291302227962 0.00616293251053 -0.00224454886358 0.00801264391337 0.00505901119491 -0.00346937739485 -0.00639239557172 -0.005010330226 0.0326771950666 0.00310543574791 0.0127438445359 0.0097542265231 -0.00683121376814 -0.000350609991354 -0.00669827160442 -0.00904275282805 0.0139706405267 0.0128868891155 0.0160573697442 -0.000903861426645 0.0126361846928 0.0230769368819 
0.0191132647968 0.320393783121 0.00717093561777 0.0296604384301 0.0177178554718 0.0133656596091 -0.000859898839579 0.0285047780199 0.0299869116083 0.0384453296994 0.0154672014712 0.0122752226106 0.0429700457011 0.0195200596582 0.0204221474754 0.00157373881811 0.0470525271659 -0.00429901421407 0.0561314757972 0.00856366936579 0.0340934424158 0.00682793776609 0.0255442401655 0.0167971892946 0.0156214493353 0.00294877091883 0.0207001177889 0.0867330052662 0.0396173749283 0.0299441037447 
0.0207194382523 0.00717093561777 0.153763148707 0.0250153759102 -0.000716267322243 0.0222258055756 0.00809818776139 0.0132998943446 0.027777904583 0.0319045781956 0.0501193186741 0.0359825916795 0.00137933431071 0.0241808957707 0.01528518667 0.0289467180806 -0.00536181779138 0.00518716367609 0.00797581085348 0.0128997202077 -0.00754723150229 -0.021565572387 0.0116000746986 0.000914828417513 0.011831955078 0.0103060168422 0.0118195012374 0.01893282275 0.012821621135 -0.000143708595596 
0.0226499810256 0.0296604384301 0.0250153759102 0.253373955331 0.0250564881487 0.0273370277988 0.0132717839949 0.007308725181 0.00765013205335 -0.00190980889063 0.0360372938445 0.0232121340187 -0.00604841900261 0.0198577104504 0.0264477479037 0.0195272815829 0.0223336188107 0.00381768666479 0.00399055059672 0.0210751969492 0.0118945970075 -0.0168586408842 0.0153239498805 0.00943752063591 0.022110628661 0.0097797246207 0.000977560680633 0.0459015304686 0.0132015613836 -0.00830745582361 
-0.0118252034467 0.0177178554718 -0.000716267322243 0.0250564881487 0.263520035039 0.0709495414253 -0.00834142539378 0.046246517802 0.0301415153726 0.0259321647413 0.0148987956816 0.0192846921452 0.0154707889094 0.0242525220822 0.0220188316397 0.0197183690263 0.0381186238682 0.0221341582757 0.0122314141553 0.0131340959489 0.00137754168512 -0.0162163896724 0.0121601816845 0.00799563119533 0.00931718849359 0.0220621397045 0.022247378013 0.0645330475691 0.0173230235208 0.0201382927567 
-0.00934237989013 0.0133656596091 0.0222258055756 0.0273370277988 0.0709495414253 0.609269105922 0.0083365144537 0.0273145953423 0.0219581175799 0.019503320566 -0.00322131659476 0.0462993925947 -0.000263790448832 0.0186028327407 0.0185122604834 0.0404946581096 0.0107172634357 0.053759170621 0.00470587123569 0.0359920943099 0.00185877052952 0.0509224092698 0.0418863701852 0.0132086657412 0.0233732349396 0.0177843834813 0.0097776252088 0.109249056517 0.0422324841152 0.0183298109319 
0.0381229356375 -0.000859898839579 0.00809818776139 0.0132717839949 -0.00834142539378 0.0083365144537 0.138274563082 0.0157186625779 0.0225079512008 0.0146007194758 0.0190457162522 0.005799872316 -0.00460317105457 0.0156797813434 0.0108508991842 0.0165948122927 0.0105470905743 -0.000285487022161 0.0147120763016 0.0138930571279 -0.0155685895301 -0.00813113930149 -0.000758684784701 0.00214794272286 0.0158030103363 0.0114818690498 0.00603556755405 0.0247380667269 0.0126703989314 0.0101085193736 
0.0110801610136 0.0285047780199 0.0132998943446 0.007308725181 0.046246517802 0.0273145953423 0.0157186625779 0.17152420166 0.0614406963408 0.0481594192087 0.0237418947913 0.0254393520087 0.0308209096254 0.018676288269 0.0239856706374 0.00592104889941 0.0158229916753 0.0279605650622 0.0175530826338 0.0406166110632 0.026105008558 0.00063308388197 0.023846127573 -0.0191245586423 0.0113865227773 0.00640517023035 0.0396014232859 0.0451883442325 0.0415360713267 0.0209747335024 
0.0291302227962 0.0299869116083 0.027777904583 0.00765013205335 0.0301415153726 0.0219581175799 0.0225079512008 0.0614406963408 0.139559714764 0.0253986788077 0.024312610432 0.0151901524634 0.0177868668122 0.0162297741305 0.0224053782014 -0.00106268235557 0.0151513421483 0.0243422090117 0.0193086332396 0.0245138824516 0.0322713924113 -0.0015469195194 -0.00101478742004 0.00620485045804 0.0186042955005 0.0193547152111 0.022679226286 0.0360239087247 0.020126691569 0.0154211088996 
0.00616293251053 0.0384453296994 0.0319045781956 -0.00190980889063 0.0259321647413 0.019503320566 0.0146007194758 0.0481594192087 0.0253986788077 0.468293707128 0.0208903337784 0.0274499356609 0.0399219022953 0.0274987006572 0.0104019651883 0.0240217442217 0.0277175190755 0.0381718607384 0.0285619636499 0.0385867996054 0.0673159579061 -0.00530796053601 0.0148249156881 0.00988025634869 0.0230646917355 0.00830721721441 0.0393185968117 0.0316212837102 0.0261066721906 0.0245380232082 
-0.00224454886358 0.0154672014712 0.0501193186741 0.0360372938445 0.0148987956816 -0.00322131659476 0.0190457162522 0.0237418947913 0.024312610432 0.0208903337784 0.16703998306 0.0420513147431 0.00314623171795 -0.0046425775547 0.0149929528849 0.0140723214699 0.00655458594332 0.0266771377641 0.000989936913171 0.00858708508335 0.00366345388334 -0.00795921014077 0.00449534841412 0.00601259134142 -0.0014408000962 0.0120883308393 0.0119033140387 0.0065207724244 0.0158661561546 0.017932168066 
0.00801264391337 0.0122752226106 0.0359825916795 0.0232121340187 0.0192846921452 0.0462993925947 0.005799872316 0.0254393520087 0.0151901524634 0.0274499356609 0.0420513147431 0.269787325804 -0.0241708725165 0.00544718271014 0.0202729082677 0.0199977698921 -0.00146283293136 0.0264146373701 0.00235432107985 0.0108327582433 0.0469393041677 -0.0300153281665 -0.00292928655787 -0.00568682940628 -0.00747222421582 -0.0149223780862 0.0269135237813 0.030221081426 0.0226708246931 0.0283958042107 
0.00505901119491 0.0429700457011 0.00137933431071 -0.00604841900261 0.0154707889094 -0.000263790448832 -0.00460317105457 0.0308209096254 0.0177868668122 0.0399219022953 0.00314623171795 -0.0241708725165 0.374898153503 0.009658221701 0.013720259755 -0.00933077008868 0.00350347300822 0.0115900442503 0.0514864296964 0.013599644726 0.0641677519898 0.0275785483859 0.00466181052382 0.0404175711351 0.00594495317716 -0.0039639289289 0.0172582926721 0.023302727611 -0.00631907190297 0.0085696882908 
-0.00346937739485 0.0195200596582 0.0241808957707 0.0198577104504 0.0242525220822 0.0186028327407 0.0156797813434 0.018676288269 0.0162297741305 0.0274987006572 -0.0046425775547 0.00544718271014 0.009658221701 0.362391826444 0.0269631609884 0.0130273163386 0.000330166348471 0.0247416709799 0.00155057387798 0.0419436372825 0.0162752944851 -0.0113790552295 0.031908774984 0.0344323058802 -0.000292897724 0.00991865422296 0.0188442486268 0.0375488069941 0.0366896974289 0.0172636565424 
-0.00639239557172 0.0204221474754 0.01528518667 0.0264477479037 0.0220188316397 0.0185122604834 0.0108508991842 0.0239856706374 0.0224053782014 0.0104019651883 0.0149929528849 0.0202729082677 0.013720259755 0.0269631609884 0.182477972836 0.0299337372114 0.0282633234927 0.0195869488671 -0.0131661903295 0.0213289506112 0.0151526531732 0.00184708284567 0.0271379881958 0.0301163863653 0.0079933879916 0.0106214566259 0.0225616035149 0.0353178092796 -0.00302102537495 0.0286600339308 
-0.005010330226 0.00157373881811 0.0289467180806 0.0195272815829 0.0197183690263 0.0404946581096 0.0165948122927 0.00592104889941 -0.00106268235557 0.0240217442217 0.0140723214699 0.0199977698921 -0.00933077008868 0.0130273163386 0.0299337372114 0.309392197279 0.0261545116014 0.00787973562968 -0.00328447419536 -0.00129616807825 0.0115236823159 -0.00454637216758 0.0206829906113 -0.0103735311863 0.0159903384906 0.00804230636374 0.0056010532654 0.0553641875107 0.0178567862954 0.0160524128987 
0.0326771950666 0.0470525271659 -0.00536181779138 0.0223336188107 0.0381186238682 0.0107172634357 0.0105470905743 0.0158229916753 0.0151513421483 0.0277175190755 0.00655458594332 -0.00146283293136 0.00350347300822 0.000330166348471 0.0282633234927 0.0261545116014 0.379045428215 0.0126564153982 0.0046598984383 -0.0059541779785 0.0512496398328 -0.015868227192 0.0141287312417 0.029874193619 0.0108255219304 0.0066903026545 0.0179026615348 0.123204469743 0.0199616370083 0.0341151007797 
0.00310543574791 -0.00429901421407 0.00518716367609 0.00381768666479 0.0221341582757 0.053759170621 -0.000285487022162 0.0279605650622 0.0243422090117 0.0381718607384 0.0266771377641 0.0264146373701 0.0115900442503 0.0247416709799 0.0195869488671 0.00787973562968 0.0126564153982 0.249169188554 -0.00310620626724 0.00797342827903 0.0375003176344 -0.0154119657369 0.0231078952175 0.0206032155027 0.00375111636201 0.00776919034079 0.00791074705409 0.0354936369571 0.0311425319856 0.0147079611362 
0.0127438445359 0.0561314757972 0.00797581085348 0.00399055059672 0.0122314141553 0.00470587123569 0.0147120763016 0.0175530826338 0.0193086332396 0.0285619636499 0.000989936913171 0.00235432107985 0.0514864296964 0.00155057387798 -0.0131661903295 -0.00328447419536 0.0046598984383 -0.00310620626724 0.247026917282 0.00690997593991 -0.000540495706366 0.00763900764361 0.014275974202 0.0107150185524 0.00865004839983 0.00262292989699 -0.010601524541 0.0139323125954 0.0113421112185 0.0152055254382 
0.0097542265231 0.00856366936579 0.0128997202077 0.0210751969492 0.0131340959489 0.0359920943099 0.0138930571279 0.0406166110632 0.0245138824516 0.0385867996054 0.00858708508335 0.0108327582433 0.013599644726 0.0419436372825 0.0213289506112 -0.00129616807825 -0.0059541779785 0.00797342827903 0.00690997593991 0.167637311857 0.0178659575743 -0.0121023416936 0.00760631088128 -0.00587080201544 0.00679015505088 0.00150071015927 0.0111157758373 0.0159059714992 0.0166846586708 0.0345556625009 
-0.00683121376814 0.0340934424158 -0.00754723150229 0.0118945970075 0.00137754168512 0.00185877052952 -0.0155685895301 0.026105008558 0.0322713924113 0.0673159579061 0.00366345388334 0.0469393041677 0.0641677519898 0.0162752944851 0.0151526531732 0.0115236823159 0.0512496398328 0.0375003176344 -0.000540495706365 0.0178659575743 0.710267429704 0.0214061374806 0.0157000606311 0.0370762447231 -0.00817465735758 0.00684235146629 0.0321954972027 0.0456556996258 0.0190810452262 0.0496490970644 
-0.000350609991354 0.00682793776609 -0.021565572387 -0.0168586408842 -0.0162163896724 0.0509224092698 -0.00813113930149 0.00063308388197 -0.0015469195194 -0.00530796053601 -0.00795921014077 -0.0300153281665 0.0275785483859 -0.0113790552295 0.00184708284567 -0.00454637216758 -0.015868227192 -0.0154119657369 0.00763900764361 -0.0121023416936 0.0214061374806 1.06949254595 -0.00120771156939 0.00169429493759 -0.0111956134852 -0.0142929759656 0.000674295246849 0.0138482342394 0.00289082470438 -0.00777100206856 
-0.00669827160442 0.0255442401655 0.0116000746986 0.0153239498805 0.0121601816845 0.0418863701852 -0.000758684784701 0.023846127573 -0.00101478742004 0.0148249156881 0.00449534841412 -0.00292928655787 0.00466181052382 0.031908774984 0.0271379881958 0.0206829906113 0.0141287312417 0.0231078952175 0.014275974202 0.00760631088128 0.0157000606311 -0.00120771156939 0.210281928082 0.00893741767094 0.0120664716054 0.00224988851798 0.0201417200606 0.0553196413545 0.0296508144779 0.00309454219242 
-0.00904275282805 0.0167971892946 0.000914828417513 0.00943752063591 0.00799563119533 0.0132086657412 0.00214794272286 -0.0191245586423 0.00620485045805 0.00988025634869 0.00601259134142 -0.00568682940628 0.0404175711351 0.0344323058802 0.0301163863653 -0.0103735311863 0.029874193619 0.0206032155027 0.0107150185524 -0.00587080201544 0.0370762447231 0.00169429493759 0.00893741767094 0.785097030493 -0.017143772298 0.0159070005263 0.0338893714425 0.044704949272 0.000950675275088 0.00889867925673 
0.0139706405267 0.0156214493353 0.011831955078 0.022110628661 0.00931718849359 0.0233732349396 0.0158030103363 0.0113865227773 0.0186042955005 0.0230646917355 -0.0014408000962 -0.00747222421582 0.00594495317716 -0.000292897724 0.0079933879916 0.0159903384906 0.0108255219304 0.00375111636201 0.00865004839983 0.00679015505088 -0.00817465735758 -0.0111956134852 0.0120664716054 -0.017143772298 0.186163909687 0.00933797514918 0.0078875310839 0.0397281433754 0.010839702284 0.0205397768381 
0.0128868891155 0.00294877091883 0.0103060168422 0.0097797246207 0.0220621397045 0.0177843834813 0.0114818690498 0.00640517023035 0.0193547152111 0.00830721721441 0.0120883308393 -0.0149223780862 -0.0039639289289 0.00991865422296 0.0106214566259 0.00804230636374 0.0066903026545 0.00776919034079 0.00262292989699 0.00150071015927 0.00684235146629 -0.0142929759656 0.00224988851798 0.0159070005263 0.00933797514918 0.162310576169 0.0276279752842 0.0146680031654 0.0124030571563 0.00584331205958 
0.0160573697442 0.0207001177889 0.0118195012374 0.000977560680634 0.022247378013 0.0097776252088 0.00603556755405 0.0396014232859 0.022679226286 0.0393185968117 0.0119033140387 0.0269135237813 0.0172582926721 0.0188442486268 0.0225616035149 0.0056010532654 0.0179026615348 0.00791074705409 -0.010601524541 0.0111157758373 0.0321954972027 0.000674295246849 0.0201417200606 0.0338893714425 0.0078875310839 0.0276279752842 0.233031047158 0.0501046242945 0.0378765868823 0.0104858285888 
-0.000903861426645 0.0867330052662 0.01893282275 0.0459015304686 0.0645330475691 0.109249056517 0.0247380667269 0.0451883442325 0.0360239087247 0.0316212837102 0.0065207724244 0.030221081426 0.023302727611 0.0375488069941 0.0353178092796 0.0553641875107 0.123204469743 0.0354936369571 0.0139323125954 0.0159059714992 0.0456556996258 0.0138482342394 0.0553196413545 0.044704949272 0.0397281433754 0.0146680031654 0.0501046242945 0.627691349868 0.012471616962 0.020759242049 
0.0126361846928 0.0396173749283 0.012821621135 0.0132015613836 0.0173230235208 0.0422324841152 0.0126703989314 0.0415360713267 0.020126691569 0.0261066721906 0.0158661561546 0.0226708246931 -0.00631907190297 0.0366896974289 -0.00302102537495 0.0178567862954 0.0199616370083 0.0311425319856 0.0113421112185 0.0166846586708 0.0190810452262 0.00289082470438 0.0296508144779 0.000950675275088 0.010839702284 0.0124030571563 0.0378765868823 0.012471616962 0.385102708073 0.0263047441791 
0.0230769368818 0.0299441037447 -0.000143708595595 -0.00830745582361 0.0201382927567 0.0183298109319 0.0101085193736 0.0209747335024 0.0154211088996 0.0245380232082 0.017932168066 0.0283958042107 0.0085696882908 0.0172636565424 0.0286600339308 0.0160524128987 0.0341151007797 0.0147079611362 0.0152055254382 0.0345556625009 0.0496490970644 -0.00777100206856 0.00309454219242 0.00889867925673 0.0205397768381 0.00584331205958 0.0104858285888 0.020759242049 0.0263047441791 0.264420341554 
0.0142570871982 0.00165525728633 0.00179435598787 0.00196154589634 -0.00102409265898 -0.000809073831666 0.0033015430729 0.000959570091578 0.00252275129594 0.000533725611593 -0.000194383633589 0.000693915318046 0.000438123221282 -0.000300456895926 -0.000553597695615 -0.000433907325707 0.00282992810521 0.000268938624751 0.001103649311 0.000844740796327 -0.000591600466189 -3.03637159334e-05 -0.000580087337087 -0.000783125366923 0.00120989296033 0.00111603733498 0.00139060901165 -7.82766956975e-05 0.00109432569508 0.00199852135812 
0.00165525728633 0.0277469155397 0.000621021241389 0.00256866931678 0.00153441129391 0.00115750007598 -7.4469423976e-05 0.00246858618945 0.00259694272338 0.00332946321766 0.00133949893995 0.00106306546179 0.0037213151179 0.00169048675474 0.00176860985136 0.000136289779541 0.00407486838379 -0.000372305552062 0.00486112839923 0.000741635522039 0.00295257872345 0.000591316756089 0.00221219609037 0.00145467926413 0.00135285719683 0.000255371052565 0.00179268278666 0.00751129859071 0.00343096531192 0.00259323545364 
0.00179435598787 0.000621021241389 0.0133162792946 0.00216639510234 -6.20305696963e-05 0.00192481122481 0.000701323632598 0.00115180463701 0.00240563710328 0.00276301752144 0.00434046031921 0.00311618384885 0.000119453855339 0.00209412700237 0.00132373599578 0.0025068593214 -0.00046434704178 0.000449221551708 0.00069072548149 0.00111714854016 -0.000653609420923 -0.00186763335343 0.00100459593748 7.9226464967e-05 0.0010246773674 0.000892527239716 0.00102359883317 0.00163963054669 0.00111038496206 -1.24455294528e-05 
0.00196154589634 0.00256866931678 0.00216639510234 0.0219428281974 0.00216995552664 0.00236745605377 0.00114937020932 0.000632954167603 0.000662520870051 -0.000165394301566 0.0031209211953 0.00201022977362 -0.000523808450899 0.0017197281711 0.00229044215575 0.00169111219177 0.00193414812485 0.00033062136354 0.000345591819185 0.00182516559478 0.00103010231763 -0.0014600011279 0.00132709298829 0.000817313261944 0.00191483661141 0.000846948996355 8.46592383169e-05 0.00397518914584 0.00114328875278 -0.000719446778406 
-0.00102409265898 0.00153441129391 -6.20305696963e-05 0.00216995552664 0.022821504475 0.00614441052611 -0.000722388629478 0.00400506592531 0.00261033180212 0.0022457913441 0.00129027355461 0.00167010333019 0.00133980962121 0.0021003300229 0.00190688675616 0.0017076608498 0.00330116966271 0.00191687433581 0.00105927153827 0.00113744607475 0.000119298609408 -0.00140438054139 0.00105310262534 0.000692441973444 0.00080689219273 0.0019106373446 0.00192667945269 0.00558872585785 0.00150021784393 0.00174402731162 
-0.000809073831666 0.00115750007598 0.00192481122481 0.00236745605377 0.00614441052611 0.052764252347 0.000721963329592 0.00236551334606 0.00190162876435 0.00168903710683 -0.000278974200469 0.00400964501668 -2.28449229964e-05 0.00161105257358 0.00160320878601 0.00350694026405 0.000928142239436 0.00465568074442 0.000407540403705 0.00311700680078 0.000160974249837 0.00441001000495 0.00362746606527 0.0011439040082 0.00202418152263 0.00154017278855 0.000846767181951 0.00946124582828 0.00365744041087 0.00158740819136 
0.0033015430729 -7.4469423976e-05 0.000701323632598 0.00114937020932 -0.000722388629479 0.000721963329592 0.0119749284326 0.0013612761106 0.00194924575271 0.00126445939795 0.00164940741077 0.000502283676436 -0.000398646307123 0.00135790889692 0.000939715434743 0.00143715290165 0.000913404837337 -2.47239013642e-05 0.00127410318196 0.0012031740409 -0.00134827940341 -0.00070417731968 -6.57040297016e-05 0.000186017296387 0.00136858084075 0.000994359028006 0.000522695482806 0.0021423794226 0.00109728873507 0.00087542345722 
0.000959570091578 0.00246858618945 0.00115180463701 0.000632954167603 0.00400506592531 0.00236551334606 0.0013612761106 0.0148544316002 0.00532092038573 0.00417072804663 0.00205610840233 0.00220311250953 0.00266916907034 0.00161741400894 0.00207722000988 0.000512777876394 0.00137031127546 0.0024214559648 0.00152014154756 0.00351750169964 0.00226076005773 5.48266724513e-05 0.00206513522601 -0.00165623536204 0.000986101798593 0.000554704013505 0.00342958385916 0.00391342540603 0.00359712929423 0.00181646520507 
0.00252275129594 0.00259694272338 0.00240563710328 0.000662520870051 0.00261033180212 0.00190162876435 0.00194924575271 0.00532092038573 0.0120862258331 0.00219959010701 0.00210553382664 0.00131550579206 0.00154038785131 0.00140553966947 0.00194036267038 -9.20309916081e-05 0.00131214472019 0.00210809713884 0.00167217668978 0.00212296449485 0.00279478456437 -0.000133967160141 -8.78831685195e-05 0.000537355812335 0.00161117925229 0.00167616750558 0.00196407861018 0.00311976200992 0.00174302261929 0.00133550720615 
0.000533725611593 0.00332946321766 0.00276301752144 -0.000165394301566 0.0022457913441 0.00168903710683 0.00126445939795 0.00417072804663 0.00219959010701 0.0405554246805 0.00180915597456 0.00237723416146 0.00345733815551 0.00238145733402 0.000900836610238 0.00208034407392 0.00240040756493 0.00330578011092 0.00247353861028 0.0033417148709 0.00582973296268 -0.000459682866647 0.00128387535949 0.000855655299387 0.00199746089734 0.000719426114244 0.00340509036801 0.00273848349933 0.00226090413253 0.00212505514569 
-0.00019438363359 0.00133949893995 0.00434046031921 0.0031209211953 0.00129027355461 -0.000278974200469 0.00164940741077 0.00205610840233 0.00210553382664 0.00180915597456 0.0144660868778 0.00364175068301 0.000272471659394 -0.000402059010141 0.00129842780761 0.00121869878832 0.000567643793821 0.0023103079004 8.5731051495e-05 0.000743663382664 0.000317264412856 -0.000689287817597 0.000389308592549 0.000520705684424 -0.000124776948509 0.00104688015962 0.00103085723467 0.000564715457183 0.00137404942903 0.00155297130901 
0.000693915318046 0.00106306546179 0.00311618384885 0.00201022977362 0.00167010333019 0.00400964501668 0.000502283676436 0.00220311250953 0.00131550579206 0.00237723416146 0.00364175068301 0.0233642677765 -0.00209325896309 0.000471739860604 0.00175568535685 0.00173185767456 -0.000126685048005 0.00228757469943 0.000203890186382 0.000938144383175 0.00406506298452 -0.00259940366951 -0.000253683657408 -0.000492493873283 -0.000647113599368 -0.00129231585075 0.00233077952999 0.00261722242448 0.00196335101089 0.00245914878073 
0.000438123221282 0.0037213151179 0.000119453855339 -0.000523808450899 0.00133980962121 -2.28449229964e-05 -0.000398646307123 0.00266916907034 0.00154038785131 0.00345733815551 0.000272471659394 -0.00209325896309 0.0324671324766 0.000836426534844 0.00118820934943 -0.000808068393367 0.000303409662659 0.00100372727517 0.00445885560673 0.00117776378152 0.00555709033269 0.00238837235017 0.000403724634125 0.00350026433623 0.000514848047573 -0.000343286315122 0.001494611988 0.00201807540886 -0.000547247679631 0.000742156776235 
-0.000300456895926 0.00169048675474 0.00209412700237 0.0017197281711 0.0021003300229 0.00161105257358 0.00135790889692 0.00161741400894 0.00140553966947 0.00238145733402 -0.000402059010141 0.000471739860604 0.000836426534844 0.0313840527825 0.00233507823823 0.00112819868924 2.85932445251e-05 0.00214269156007 0.000134283636877 0.00363242554137 0.00140948184782 -0.000985455089978 0.00276338097398 0.00298192516032 -2.53656869695e-05 0.000858980652844 0.00163195980261 0.00325182207387 0.00317742100306 0.00149507651279 
-0.000553597695615 0.00176860985136 0.00132373599578 0.00229044215575 0.00190688675616 0.00160320878601 0.000939715434743 0.00207722000988 0.00194036267038 0.000900836610238 0.00129842780761 0.00175568535685 0.00118820934943 0.00233507823823 0.0158030560107 0.00259233768553 0.002447675614 0.00169627953016 -0.00114022552964 0.00184714130654 0.00131225825827 0.000159962066725 0.00235021871852 0.00260815556625 0.000692247706303 0.000919845126325 0.0019538921794 0.00305861200422 -0.000261628472018 0.00248203174574 
-0.000433907325707 0.000136289779541 0.0025068593214 0.00169111219177 0.0017076608498 0.00350694026405 0.00143715290165 0.000512777876394 -9.20309916081e-05 0.00208034407392 0.00121869878832 0.00173185767456 -0.000808068393367 0.00112819868924 0.00259233768553 0.0267941502577 0.00226504714704 0.000682405123041 -0.000284443809126 -0.000112251448334 0.000997980163068 -0.000393727379219 0.00179119952956 -0.000898374153427 0.0013848039348 0.000696484161601 0.000485065441579 0.00479467928441 0.00154644305618 0.00139017973623 
0.00282992810521 0.00407486838379 -0.00046434704178 0.00193414812485 0.00330116966271 0.000928142239436 0.000913404837337 0.00137031127546 0.00131214472019 0.00240040756493 0.000567643793821 -0.000126685048005 0.000303409662659 2.85932445251e-05 0.002447675614 0.00226504714704 0.0328262970023 0.00109607772557 0.000403559042662 -0.000515646938804 0.004438349003 -0.00137422878613 0.00122358401785 0.00258718105916 0.000937517700097 0.00057939720578 0.00155041596845 0.0106698200657 0.00172872847503 0.00295445439279 
0.000268938624751 -0.000372305552062 0.000449221551708 0.00033062136354 0.00191687433581 0.00465568074442 -2.47239013643e-05 0.0024214559648 0.00210809713884 0.00330578011092 0.0023103079004 0.00228757469943 0.00100372727517 0.00214269156007 0.00169627953016 0.000682405123041 0.00109607772557 0.0215786847128 -0.000269005353682 0.000690519144489 0.00324762277214 -0.00133471538504 0.00200120242863 0.0017842908025 0.000324856206205 0.000672831620196 0.000685090791176 0.00307383912776 0.00269702238377 0.00127374679818 
0.001103649311 0.00486112839923 0.00069072548149 0.000345591819185 0.00105927153827 0.000407540403705 0.00127410318196 0.00152014154756 0.00167217668978 0.00247353861028 8.5731051495e-05 0.000203890186382 0.00445885560673 0.000134283636877 -0.00114022552964 -0.000284443809126 0.000403559042662 -0.000269005353682 0.0213931585784 0.00059842147035 -4.68083012349e-05 0.000661557467907 0.00123633563227 0.000927947826836 0.000749116165822 0.000227152392314 -0.000918118957134 0.00120657366411 0.000982255644779 0.00131683713074 
0.000844740796327 0.000741635522039 0.00111714854016 0.00182516559478 0.00113744607475 0.00311700680078 0.0012031740409 0.00351750169964 0.00212296449485 0.0033417148709 0.000743663382664 0.000938144383175 0.00117776378152 0.00363242554137 0.00184714130654 -0.000112251448334 -0.000515646938804 0.000690519144489 0.00059842147035 0.014517817069 0.00154723731223 -0.00104809353519 0.000658725845227 -0.000508426368596 0.000588044676969 0.000129965312164 0.000962654425784 0.00137749753902 0.00144493382623 0.00299260815704 
-0.000591600466189 0.00295257872345 -0.000653609420923 0.00103010231763 0.000119298609408 0.000160974249837 -0.00134827940341 0.00226076005773 0.00279478456437 0.00582973296268 0.000317264412856 0.00406506298452 0.00555709033269 0.00140948184782 0.00131225825827 0.000997980163068 0.004438349003 0.00324762277214 -4.68083012349e-05 0.00154723731223 0.0615109637604 0.00185382588551 0.00135966513475 0.00321089698071 -0.00070794609389 0.000592565019143 0.0027882118465 0.00395389957035 0.00165246698966 0.00429973793327 
-3.03637159334e-05 0.000591316756089 -0.00186763335343 -0.0014600011279 -0.00140438054139 0.00441001000495 -0.00070417731968 5.48266724512e-05 -0.000133967160141 -0.000459682866647 -0.000689287817597 -0.00259940366951 0.00238837235017 -0.000985455089978 0.000159962066725 -0.000393727379219 -0.00137422878613 -0.00133471538504 0.000661557467907 -0.00104809353519 0.00185382588551 0.0926207713951 -0.000104590889954 0.000146730245745 -0.000969568568914 -0.00123780802819 5.83956813422e-05 0.00119929226489 0.000250352763188 -0.000672988520424 
-0.000580087337087 0.00221219609037 0.00100459593748 0.00132709298829 0.00105310262534 0.00362746606527 -6.57040297016e-05 0.00206513522601 -8.78831685195e-05 0.00128387535949 0.000389308592549 -0.000253683657408 0.000403724634125 0.00276338097398 0.00235021871852 0.00179119952956 0.00122358401785 0.00200120242863 0.00123633563227 0.000658725845227 0.00135966513475 -0.000104590889954 0.0182109491676 0.000774003074726 0.00104498709443 0.000194846061226 0.00174432412484 0.00479082147412 0.00256783585808 0.000267995215172 
-0.000783125366923 0.00145467926413 7.9226464967e-05 0.000817313261944 0.000692441973444 0.0011439040082 0.000186017296387 -0.00165623536204 0.000537355812335 0.000855655299387 0.000520705684424 -0.000492493873283 0.00350026433623 0.00298192516032 0.00260815556625 -0.000898374153427 0.00258718105916 0.0017842908025 0.000927947826836 -0.000508426368596 0.00321089698071 0.000146730245745 0.000774003074726 0.0679913972842 -0.00148469423267 0.00137758665538 0.00293490565875 0.00387156217445 8.23308938976e-05 0.000770648229646 
0.00120989296033 0.00135285719683 0.0010246773674 0.00191483661141 0.00080689219273 0.00202418152263 0.00136858084075 0.000986101798593 0.00161117925229 0.00199746089734 -0.000124776948509 -0.000647113599368 0.000514848047573 -2.53656869695e-05 0.000692247706303 0.0013848039348 0.000937517700097 0.000324856206205 0.000749116165822 0.000588044676969 -0.00070794609389 -0.000969568568914 0.00104498709443 -0.00148469423267 0.0161222675057 0.00080869236991 0.00068308022918 0.00344055814083 0.000938745754741 0.00177879685299 
0.00111603733498 0.000255371052565 0.000892527239716 0.000846948996355 0.0019106373446 0.00154017278855 0.000994359028006 0.000554704013505 0.00167616750558 0.000719426114244 0.00104688015962 -0.00129231585075 -0.000343286315122 0.000858980652844 0.000919845126325 0.000696484161601 0.00057939720578 0.000672831620196 0.000227152392314 0.000129965312164 0.000592565019143 -0.00123780802819 0.000194846061226 0.00137758665538 0.00080869236991 0.0140565082265 0.00239265284512 0.00127028633641 0.0010741362582 0.000506045668584 
0.00139060901165 0.00179268278666 0.00102359883317 8.4659238317e-05 0.00192667945269 0.000846767181951 0.000522695482806 0.00342958385916 0.00196407861018 0.00340509036801 0.00103085723467 0.00233077952999 0.001494611988 0.00163195980261 0.0019538921794 0.000485065441579 0.00155041596845 0.000685090791176 -0.000918118957134 0.000962654425784 0.0027882118465 5.83956813422e-05 0.00174432412484 0.00293490565875 0.00068308022918 0.00239265284512 0.0201810806709 0.00433918774861 0.00328020864488 0.000908099393762 
-7.82766956976e-05 0.00751129859071 0.00163963054669 0.00397518914584 0.00558872585785 0.00946124582828 0.0021423794226 0.00391342540603 0.00311976200992 0.00273848349933 0.000564715457183 0.00261722242448 0.00201807540886 0.00325182207387 0.00305861200422 0.00479467928441 0.0106698200657 0.00307383912776 0.00120657366411 0.00137749753902 0.00395389957035 0.00119929226489 0.00479082147412 0.00387156217445 0.00344055814083 0.00127028633641 0.00433918774861 0.0543596654722 0.00108007371154 0.00179780309777 
0.00109432569508 0.00343096531192 0.00111038496206 0.00114328875278 0.00150021784393 0.00365744041087 0.00109728873507 0.00359712929423 0.00174302261929 0.00226090413253 0.00137404942903 0.00196335101089 -0.000547247679631 0.00317742100306 -0.000261628472018 0.00154644305618 0.00172872847503 0.00269702238377 0.000982255644779 0.00144493382623 0.00165246698966 0.000250352763188 0.00256783585808 8.23308938976e-05 0.000938745754741 0.0010741362582 0.00328020864488 0.00108007371154 0.0333508728257 0.00227805766992 
0.00199852135812 0.00259323545364 -1.24455294528e-05 -0.000719446778406 0.00174402731162 0.00158740819136 0.00087542345722 0.00181646520507 0.00133550720615 0.00212505514569 0.00155297130901 0.00245914878073 0.000742156776235 0.00149507651279 0.00248203174574 0.00139017973623 0.00295445439279 0.00127374679818 0.00131683713074 0.00299260815704 0.00429973793327 -0.000672988520424 0.000267995215172 0.000770648229646 0.00177879685299 0.000506045668584 0.000908099393762 0.00179780309777 0.00227805766992 0.0228994733063 

['WWY', 'LTD', 'FE', 'HON', 'AA', 'ATI', 'K', 'HBAN', 'MTB', 'YHOO', 'KSE', 'XOM', 'BSX', 'SYMC', 'AN', 'RAI', 'JNY', 'GENZ', 'AT', 'AFL', 'AAPL', 'CVG', 'PLL', 'MU', 'DGX', 'SLE', 'CBE', 'LSI', 'SWK', 'CCL']