30
0.13190386478 0.11775000089 0.0678116165217 0.0466490289559 0.0385950792128 0.28152338764 0.080702843163 0.0360508970818 0.126841392599 -0.0142899737039 0.0558285331973 0.0336878097659 -0.00662659235152 0.105790735219 0.133040507733 0.0217130314185 0.0444735285872 0.112605751981 0.082081594572 0.0381517477001 0.125568601155 0.0256858872149 0.0810581507116 0.0737969483193 0.0905877796438 0.0791171504464 0.00839736130492 0.162419244675 0.0571643700905 0.0270606760034 
1.0682107244 0.00512938846123 -0.00727528576525 0.00322993225944 0.00542791752131 -0.0296253391712 -0.026118835529 0.0074894092387 -0.0079936743555 -0.0173378760703 0.0184533043723 0.0105126076954 -0.0117077933728 -0.0109977839181 -0.0293886767994 -0.018901783699 -0.0419046604816 -0.0111152421235 0.00315055988001 0.0273469667576 0.0332813009117 -0.00437629049346 -0.00655866415519 0.0114118815278 0.0183492603903 -0.00754404478715 0.00947811488399 -0.032314739076 -0.0239050096362 -0.00699441676881 
0.00512938846123 0.892104142121 0.0219469464066 0.0198363712942 0.0398891637391 -0.0189152795188 -0.0296331539815 0.041777453712 -0.000398238614008 -0.00761119277213 0.0758844552737 0.064887921982 0.0370652093693 0.0255762292571 0.0609951414241 0.0438163837271 0.0340554018768 0.0562802888922 0.0347862682136 -0.0499987231366 0.0193079086512 -0.0390822613021 0.038197487766 0.00977336755736 0.00865458725673 0.00697164686888 0.0570468467796 0.0390029256697 0.0309949348562 0.0653387291184 
-0.00727528576525 0.0219469464066 0.242659858075 0.00468556841609 0.0142924078658 -0.00373753490873 -0.0247542561217 0.0193427006987 -0.00712525106635 0.0310281842539 0.00230270529218 0.019836896864 0.0232621650893 0.0195261171023 0.0106788544348 -0.0169251805827 -0.00253212294415 0.00312130368025 -0.0022717834907 0.00130859247471 0.0253169738917 0.00302771589066 0.0195049567774 0.0114823076026 0.0321019651381 -0.00239045480142 0.00512170693091 0.0216407258926 0.0197955984557 0.0231890918748 
0.00322993225944 0.0198363712942 0.00468556841609 0.239063300793 0.00639378730571 0.0211201595738 -0.013007601377 0.0227195686148 0.0110935064622 0.0125763360335 0.0364913510022 0.0236200812738 -0.00263283784867 0.00679766123688 0.00290870109866 0.00744082236863 0.0173241720209 -0.0169475215402 0.0209122291594 0.00705816578818 0.0486475515599 0.0212811863567 0.0216854250802 0.0169292293746 0.0214307725165 0.0132997408121 0.0181681891942 0.0238807886706 0.0330087591827 -0.00393421100099 
0.00542791752131 0.0398891637391 0.0142924078658 0.00639378730571 0.1992275027 -0.00591925096275 0.0288466186083 0.0307951980241 0.0310053827936 0.0161366824372 0.0402139282086 0.0496720671769 0.0269812334397 0.0130398243954 0.0212655174559 0.00230388805144 0.0294818550155 0.0340935797217 0.0369011629045 0.00701149948027 0.0165187400213 0.0391546313901 0.0265099699229 0.0186976522452 0.0257785756251 0.00829402400511 0.0188993481976 -0.019860976367 0.0322906968604 0.00841440313819 
-0.0296253391712 -0.0189152795188 -0.00373753490873 0.0211201595738 -0.00591925096275 1.93500779156 -0.0210494123296 -0.00229456966214 0.00379875365504 -0.0138882260839 -0.0209479433557 -0.0175733010494 -0.0057210984361 -0.0315743909211 -0.0381694857952 0.0104701503436 -0.025056433326 -0.0186152466448 -0.00539958405496 -0.0320795636294 -0.0378047616354 0.0654637875983 -0.00203212277312 -0.00360564590349 -0.0332352650929 -0.0403025389995 -0.00502288710132 -0.0154118811985 0.0263836775262 -0.0161909775824 
-0.026118835529 -0.0296331539815 -0.0247542561217 -0.013007601377 0.0288466186083 -0.0210494123296 0.356662004309 0.00628552254766 0.0186970042906 -0.00723907956321 -0.0111504826472 0.0142876075542 0.0295969758474 0.0215923643677 0.138272618545 0.0339340635235 0.0152571539562 0.238700164289 0.0430577140901 0.0360116116754 0.0337869507292 0.00402692950003 0.0137763669661 0.0204457348984 0.031905316087 0.0169543684117 -0.00983409909342 0.00632583307815 0.016563461818 0.0849679983505 
0.0074894092387 0.041777453712 0.0193427006987 0.0227195686148 0.0307951980241 -0.00229456966214 0.00628552254766 0.182710811799 0.00409421893024 0.0203469695683 0.0429681377837 0.0339465155079 0.0305228528133 0.00294378384922 0.00127390733195 0.00725611116678 0.0220500927876 0.0286677327236 0.0251273877167 0.0364094581144 0.0321374564366 0.0247797588 0.0144247694779 0.00856155209597 0.0185237867053 0.0396032356744 0.0238004930745 0.0139367739566 0.0572175574734 0.0157418335784 
-0.0079936743555 -0.000398238614008 -0.00712525106635 0.0110935064622 0.0310053827936 0.00379875365504 0.0186970042906 0.00409421893024 0.87755963873 -0.00449915056992 -0.00890467171059 0.0258749153907 0.0240859189723 0.0110550116872 0.0256899378665 0.0139811091351 -0.00369189552833 0.0120691002069 0.000544980336003 0.0370832509779 0.0184367258184 0.0122357799813 -0.00713223930012 -8.44129292019e-06 0.062385126085 -0.0224432175164 0.0144331140732 0.0507050939212 0.0154626633082 -0.00763601558767 
-0.0173378760703 -0.00761119277213 0.0310281842539 0.0125763360335 0.0161366824372 -0.0138882260839 -0.00723907956321 0.0203469695683 -0.00449915056992 0.187328808055 0.0306139184776 0.0199416878423 0.0201387171359 0.0134475074471 -0.00301219499693 0.00906898820377 0.0174453220453 0.00510648273657 0.0121155680571 0.019257167633 0.0116665634496 0.0118590133986 0.0301709548431 0.0187618217949 0.0324676022338 0.0280642747346 0.00960952215148 -0.0115730703306 0.0323845592126 0.00411299659649 
0.0184533043723 0.0758844552737 0.00230270529218 0.0364913510022 0.0402139282086 -0.0209479433557 -0.0111504826472 0.0429681377837 -0.00890467171059 0.0306139184776 0.290529214168 0.094127647843 0.0225021583669 -9.77420853344e-05 -0.0146891965831 0.00844895996406 0.0581630524824 -0.00636681028963 0.0308741785094 0.00391230639413 0.000155598359811 0.0230716126494 0.0301576162727 0.0276806128136 0.0205628314337 0.0168264709546 0.0302241258072 0.0400984832511 0.0259048310964 0.00427968800187 
0.0105126076954 0.064887921982 0.019836896864 0.0236200812738 0.0496720671769 -0.0175733010494 0.0142876075542 0.0339465155079 0.0258749153907 0.0199416878423 0.094127647843 0.322202556361 0.00679789639988 0.030380899377 0.0285812574841 0.0125328399993 0.0859395855478 0.0104429809821 0.0219824062269 0.0222781968416 0.00494255158614 0.0212068463622 0.0266142554979 0.0307528367692 0.0394257391003 0.0261544710023 0.0387020270804 -0.054943837812 0.0494806838483 0.00919350396898 
-0.0117077933728 0.0370652093693 0.0232621650893 -0.00263283784867 0.0269812334397 -0.0057210984361 0.0295969758474 0.0305228528133 0.0240859189723 0.0201387171359 0.0225021583669 0.00679789639988 0.16892381904 0.0129618331451 0.041064120273 0.0112337361327 0.0143779284086 0.0416457963713 0.0210217461761 0.00313924869781 0.0112500345042 0.0191291939409 0.0170509223002 0.00466467996776 0.0237151715845 -0.0019037913243 0.01971927889 0.0377578782706 0.0289646037102 0.0319749372419 
-0.0109977839181 0.0255762292571 0.0195261171023 0.00679766123688 0.0130398243954 -0.0315743909211 0.0215923643677 0.00294378384922 0.0110550116872 0.0134475074471 -9.77420853351e-05 0.030380899377 0.0129618331451 0.353296766556 0.0155375796961 -0.00479465650696 0.0117732523842 0.00269541564173 0.0438178240386 0.0207040659072 0.0178552073761 0.0319873288418 0.0411107577817 0.0447969520506 0.036563192134 -0.0170648448831 0.026506367183 0.0640234396217 0.0344806475472 0.0172011992809 
-0.0293886767994 0.0609951414241 0.0106788544348 0.00290870109866 0.0212655174559 -0.0381694857952 0.138272618545 0.00127390733195 0.0256899378665 -0.00301219499693 -0.0146891965831 0.0285812574841 0.041064120273 0.0155375796961 0.448986697022 0.016473353361 0.00714692641664 0.170574593796 0.0237624176856 -0.00416774108567 -0.0061167639008 0.0002792730722 0.0220133818077 -0.018809769538 0.0331909740925 0.00566942211937 0.00611453302424 0.00561405943498 -0.00147966805961 0.0817031548026 
-0.018901783699 0.0438163837271 -0.0169251805827 0.00744082236863 0.00230388805144 0.0104701503436 0.0339340635235 0.00725611116678 0.0139811091351 0.00906898820377 0.00844895996406 0.0125328399993 0.0112337361327 -0.00479465650696 0.016473353361 0.262681876805 0.0338900023058 0.0278345891608 0.025621105402 0.0420227934409 0.0396651270213 0.0252773570916 0.0177428067411 0.019941866721 -0.00290526513606 0.0278484514782 0.00618287183707 0.0548823553641 0.0427892728744 -0.00186394542563 
-0.0419046604816 0.0340554018768 -0.00253212294415 0.0173241720209 0.0294818550155 -0.025056433326 0.0152571539562 0.0220500927876 -0.00369189552833 0.0174453220453 0.0581630524824 0.0859395855478 0.0143779284086 0.0117732523842 0.00714692641664 0.0338900023058 0.334599308531 0.0215262239479 0.0483940681155 0.0370105926676 0.0323866031153 -0.00177993161503 0.00495176897704 0.0155004076229 -0.00231549565721 0.0047033928466 0.000395766726932 0.0268758497718 0.0247180628387 0.017472718881 
-0.0111152421235 0.0562802888922 0.00312130368025 -0.0169475215402 0.0340935797217 -0.0186152466448 0.238700164289 0.0286677327236 0.0120691002069 0.00510648273656 -0.00636681028963 0.0104429809821 0.0416457963713 0.00269541564173 0.170574593796 0.0278345891608 0.0215262239479 0.494939050029 0.0603469690613 0.0293361783041 0.0135320268507 0.0382727006197 0.0502636066722 0.0205180956841 0.0321636250699 0.0295377471253 0.015131189957 0.0139925130818 0.0175345490354 0.099769119166 
0.00315055988001 0.0347862682136 -0.0022717834907 0.0209122291594 0.0369011629045 -0.00539958405496 0.0430577140901 0.0251273877167 0.000544980336003 0.0121155680571 0.0308741785094 0.0219824062269 0.0210217461761 0.0438178240386 0.0237624176856 0.025621105402 0.0483940681155 0.0603469690613 0.26516300097 0.0497220131777 0.0277633794062 0.00576862509867 0.0608134254076 0.0138049322246 0.0553912291119 0.0203190916826 0.018279593882 0.0238246248916 0.02226388519 0.0266079864219 
0.0273469667576 -0.0499987231366 0.00130859247471 0.00705816578818 0.00701149948027 -0.0320795636294 0.0360116116754 0.0364094581144 0.0370832509779 0.019257167633 0.00391230639413 0.0222781968416 0.00313924869781 0.0207040659072 -0.00416774108567 0.0420227934409 0.0370105926676 0.0293361783041 0.0497220131777 0.325923515205 0.0356816242331 0.0347015943732 0.0231795272409 0.0484092361313 0.0445087692886 0.0126021099169 0.0160870022054 0.0379160945859 0.025345361814 0.00619048031774 
0.0332813009117 0.0193079086512 0.0253169738917 0.0486475515599 0.0165187400213 -0.0378047616354 0.0337869507292 0.0321374564366 0.0184367258184 0.0116665634496 0.000155598359812 0.00494255158614 0.0112500345042 0.0178552073761 -0.0061167639008 0.0396651270213 0.0323866031153 0.0135320268507 0.0277633794062 0.0356816242331 0.833688334486 0.0182633008149 0.0464916777963 0.0131632602687 -0.0297933862736 0.00146599981377 0.0153942157647 -0.0130810083317 -0.00267824756656 0.00223058385572 
-0.00437629049346 -0.0390822613021 0.00302771589066 0.0212811863567 0.0391546313901 0.0654637875983 0.00402692950003 0.0247797588 0.0122357799813 0.0118590133985 0.0230716126494 0.0212068463622 0.0191291939409 0.0319873288418 0.0002792730722 0.0252773570915 -0.00177993161503 0.0382727006197 0.00576862509868 0.0347015943732 0.0182633008149 0.199994102605 0.0133808336213 0.0270803735823 0.0109287654778 0.0142306553559 0.0294460187703 0.00664050302314 0.0560995408593 -0.0022127618065 
-0.00655866415519 0.038197487766 0.0195049567774 0.0216854250802 0.0265099699229 -0.00203212277312 0.013776366966 0.0144247694779 -0.00713223930012 0.0301709548431 0.0301576162727 0.0266142554979 0.0170509223002 0.0411107577817 0.0220133818077 0.0177428067411 0.00495176897705 0.0502636066722 0.0608134254076 0.0231795272409 0.0464916777963 0.0133808336213 0.206997047559 -0.00262881749401 0.0653534342142 0.0256728692232 0.0297015380585 0.0208227711988 0.0095102806882 0.00484552935968 
0.0114118815278 0.00977336755736 0.0114823076026 0.0169292293746 0.0186976522452 -0.00360564590349 0.0204457348984 0.00856155209597 -8.44129292048e-06 0.0187618217949 0.0276806128136 0.0307528367692 0.00466467996776 0.0447969520506 -0.018809769538 0.019941866721 0.0155004076229 0.0205180956841 0.0138049322246 0.0484092361313 0.0131632602687 0.0270803735823 -0.00262881749401 0.342452692165 0.0457671033038 0.0117153576027 0.0189127334837 0.00989067815841 0.0171915166735 0.00770209954849 
0.0183492603903 0.00865458725673 0.0321019651381 0.0214307725165 0.0257785756251 -0.0332352650929 0.031905316087 0.0185237867053 0.062385126085 0.0324676022338 0.0205628314337 0.0394257391003 0.0237151715845 0.036563192134 0.0331909740925 -0.00290526513606 -0.00231549565721 0.0321636250699 0.0553912291119 0.0445087692886 -0.0297933862736 0.0109287654778 0.0653534342142 0.0457671033038 0.430339535221 0.0513955121542 0.0282518403382 0.00828252920476 0.0162552696301 0.0239011727287 
-0.00754404478715 0.00697164686888 -0.00239045480142 0.0132997408121 0.00829402400511 -0.0403025389995 0.0169543684117 0.0396032356744 -0.0224432175164 0.0280642747346 0.0168264709546 0.0261544710023 -0.0019037913243 -0.0170648448831 0.00566942211937 0.0278484514782 0.0047033928466 0.0295377471253 0.0203190916826 0.0126021099169 0.00146599981377 0.0142306553559 0.0256728692232 0.0117153576027 0.0513955121542 0.388799343043 0.0371274576761 0.0197304754262 0.00953994615995 -0.000659380577114 
0.00947811488399 0.0570468467796 0.00512170693091 0.0181681891942 0.0188993481976 -0.00502288710132 -0.00983409909342 0.0238004930745 0.0144331140732 0.00960952215148 0.0302241258072 0.0387020270804 0.01971927889 0.026506367183 0.00611453302424 0.00618287183707 0.000395766726932 0.015131189957 0.018279593882 0.0160870022054 0.0153942157647 0.0294460187703 0.0297015380585 0.0189127334837 0.0282518403382 0.0371274576761 0.145147568133 0.0226998128557 0.0227453664202 0.0172083792628 
-0.032314739076 0.0390029256697 0.0216407258926 0.0238807886706 -0.019860976367 -0.0154118811985 0.00632583307815 0.0139367739566 0.0507050939212 -0.0115730703306 0.0400984832511 -0.054943837812 0.0377578782706 0.0640234396217 0.00561405943498 0.0548823553641 0.0268758497718 0.0139925130818 0.0238246248916 0.0379160945859 -0.0130810083317 0.00664050302314 0.0208227711988 0.00989067815841 0.00828252920476 0.0197304754262 0.0226998128557 1.29789092359 0.00919183608198 0.0146464007291 
-0.0239050096362 0.0309949348562 0.0197955984557 0.0330087591827 0.0322906968604 0.0263836775262 0.016563461818 0.0572175574734 0.0154626633082 0.0323845592126 0.0259048310964 0.0494806838483 0.0289646037102 0.0344806475472 -0.00147966805961 0.0427892728744 0.0247180628386 0.0175345490354 0.02226388519 0.025345361814 -0.00267824756656 0.0560995408593 0.0095102806882 0.0171915166735 0.0162552696301 0.00953994615995 0.0227453664202 0.00919183608198 0.193169003643 0.0173993277888 
-0.00699441676881 0.0653387291184 0.0231890918748 -0.00393421100099 0.00841440313818 -0.0161909775824 0.0849679983505 0.0157418335784 -0.00763601558767 0.00411299659649 0.00427968800187 0.00919350396898 0.0319749372419 0.0172011992809 0.0817031548026 -0.00186394542563 0.017472718881 0.099769119166 0.0266079864219 0.00619048031774 0.00223058385572 -0.0022127618065 0.00484552935968 0.00770209954849 0.0239011727287 -0.000659380577114 0.0172083792628 0.0146464007291 0.0173993277887 0.189655228962 
0.0925097623927 0.00044421807133 -0.00063005822925 0.000279720338918 0.00047007144631 -0.0025656296318 -0.00226195750854 0.000648601866005 -0.000692272506144 -0.00150150411246 0.00159810303702 0.000910418532424 -0.00101392464831 -0.000952436025844 -0.00254513406919 -0.00163694248602 -0.0036290500514 -0.000962608204815 0.000272846489223 0.00236831679285 0.00288224520605 -0.000378997874168 -0.000567996977328 0.000988297930808 0.00158909256387 -0.000653333443296 0.000820828826952 -0.00279853849565 -0.00207023456226 -0.000605734260645 
0.00044421807133 0.0772584849898 0.00190066131236 0.00171788014596 0.00345450291338 -0.0016381112583 -0.00256630641422 0.003618033622 -3.44884756498e-05 -0.000659148629376 0.00657178660193 0.00561945888352 0.00320994129104 0.00221496642697 0.00528233419807 0.00379461014096 0.00294928431614 0.0048740159913 0.00301257919758 -0.00433001643931 0.00167211393859 -0.00338462311249 0.00330799947661 0.00084639845852 0.00074950924236 0.000603762329466 0.0049404018517 0.00337775244519 0.00268424009741 0.00565849992675 
-0.00063005822925 0.00190066131236 0.0210149601571 0.00040578212795 0.0012377588293 -0.000323680017849 -0.00214378146532 0.00167512701829 -0.00061706484318 0.00268711957972 0.000199420128046 0.00171792566165 0.00201456259143 0.00169101134479 0.000924815922388 -0.00146576363483 -0.000219288279514 0.000270312828002 -0.000196742221485 0.00011332743263 0.00219251425371 0.000262207887675 0.00168917880689 0.000994397007793 0.0027801117321 -0.000207019458463 0.000443552831291 0.00187414183794 0.00171434911458 0.00200823426542 
0.000279720338918 0.00171788014597 0.00040578212795 0.02070348916 0.000553718223314 0.00182905947229 -0.00112649132348 0.00196757235835 0.000960725841331 0.00108914264915 0.00316024369863 0.00204555904225 -0.0002280104461 0.000588694731746 0.000251900904346 0.000644394119628 0.00150031730696 -0.0014676984185 0.00181105217018 0.000611255087668 0.00421300154828 0.00184300480076 0.00187801290114 0.00146611427049 0.0018559593422 0.0011517913407 0.0015734113383 0.00206813696512 0.00285864239996 -0.000340712667071 
0.00047007144631 0.00345450291338 0.0012377588293 0.000553718223314 0.0172536078471 -0.000512622170512 0.00249819045281 0.00266694238034 0.00268514491534 0.00139747769234 0.00348262834147 0.00430172720337 0.00233664335842 0.00112928191873 0.00184164783414 0.000199522558002 0.00255320353942 0.00295259061449 0.00319573445045 0.000607213666854 0.0014305648497 0.00339089054596 0.00229583074068 0.00161926418354 0.00223249013648 0.000718283548802 0.00163673156541 -0.00172001100778 0.0027964563787 0.000728708687535 
-0.0025656296318 -0.0016381112583 -0.000323680017849 0.00182905947229 -0.000512622170512 0.167576590401 -0.00182293258122 -0.000198715561817 0.000328981716798 -0.00120275566022 -0.00181414511031 -0.00152189251371 -0.000495461658322 -0.00273442246467 -0.00330557443481 0.000906741617899 -0.00216995077885 -0.00161212764921 -0.000467617696146 -0.00277817170453 -0.00327398839603 0.00566933030881 -0.000175986994513 -0.000312258094947 -0.00287825838719 -0.00349030226106 -0.000434994783008 -0.0013347080638 0.00228489349829 -0.00140217978985 
-0.00226195750854 -0.00256630641422 -0.00214378146532 -0.00112649132348 0.00249819045281 -0.00182293258122 0.0308878356296 0.000544342220234 0.00161920806903 -0.000626922680175 -0.000965660123695 0.00123734311013 0.00256317329591 0.00186995360702 0.0119747600308 0.0029387761065 0.00132130829155 0.0206720406162 0.00372890742309 0.00311869705421 0.00292603576479 0.000348742324627 0.00119306837645 0.0017706525821 0.00276308142471 0.00146829137497 -0.000851657963823 0.000547833214578 0.0014344378709 0.00735844450803 
0.000648601866005 0.003618033622 0.00167512701829 0.00196757235835 0.00266694238034 -0.000198715561817 0.000544342220234 0.0158232204564 0.000354569760224 0.00176209925362 0.0037211498874 0.00293985447998 0.00264335659323 0.000254939159667 0.000110323611153 0.000628397660311 0.00190959405098 0.00248269848075 0.00217609560934 0.00315315156651 0.00278318536871 0.00214599006205 0.00124922168116 0.000741452161093 0.00160420698611 0.00342974081661 0.00206118316251 0.00120696002932 0.00495518583145 0.0013632827781 
-0.000692272506144 -3.44884756499e-05 -0.00061706484318 0.000960725841331 0.00268514491534 0.000328981716798 0.00161920806903 0.000354569760224 0.0759988940476 -0.0003896378689 -0.000771167191373 0.00224083340491 0.00208590177035 0.000957392096026 0.0022248138814 0.0012107995684 -0.000319727531565 0.001045214738 4.71966815541e-05 0.00321150374018 0.00159666729213 0.00105964962989 -0.000617670041977 -7.31037410967e-07 0.00540271040079 -0.00194363965119 0.00124994434431 0.0043911899437 0.00133910592351 -0.000661298348262 
-0.00150150411246 -0.000659148629376 0.00268711957972 0.00108914264915 0.00139747769234 -0.00120275566022 -0.000626922680176 0.00176209925362 -0.0003896378689 0.0162231506636 0.0026512431111 0.00172700082658 0.00174406406393 0.00116458830667 -0.00026086373885 0.000785397417109 0.00151080920684 0.000442234377385 0.00104923897187 0.00166771963751 0.00101035403222 0.0010270206867 0.00261288133506 0.00162482142956 0.00281177683344 0.00243043748589 0.000832209030141 -0.00100225729061 0.00280458509685 0.000356195953824 
0.00159810303702 0.00657178660193 0.000199420128046 0.00316024369863 0.00348262834147 -0.00181414511031 -0.000965660123695 0.0037211498874 -0.000771167191373 0.0026512431111 0.0251605680011 0.00815169342305 0.00194874407857 -8.46471289184e-06 -0.00127212174022 0.000731701396444 0.00503706810114 -0.000551381945189 0.00267378229101 0.000338815672471 1.34752132384e-05 0.00199806026606 0.00261172618098 0.00239721138889 0.00178079343953 0.00145721513027 0.00261748607562 0.00347263051487 0.00224342418102 0.000370631852989 
0.000910418532424 0.00561945888352 0.00171792566165 0.00204555904225 0.00430172720337 -0.00152189251371 0.00123734311013 0.00293985447998 0.00224083340491 0.00172700082658 0.00815169342305 0.0279035598973 0.000588715097459 0.00263106306503 0.00247520950533 0.00108537578209 0.00744258642751 0.000904388682171 0.00190373222288 0.00192934844153 0.000428037523311 0.00183656676838 0.0023048621364 0.00266327378806 0.00341436916238 0.00226504363106 0.00335169386296 -0.00475827593266 0.00428515292092 0.000796180798693 
-0.00101392464831 0.00320994129104 0.00201456259143 -0.0002280104461 0.00233664335842 -0.000495461658322 0.00256317329591 0.00264335659323 0.00208590177035 0.00174406406393 0.00194874407857 0.000588715097459 0.0146292318593 0.00112252767833 0.00355625713405 0.000972870087033 0.00124516512556 0.00360663176184 0.00182053662204 0.00027186691211 0.000974281567413 0.00165663679067 0.001476653187 0.00040397313526 0.00205379410473 -0.000164873165035 0.0017077396463 0.00326992817753 0.00250840826236 0.00276911079359 
-0.000952436025844 0.00221496642697 0.00169101134479 0.000588694731746 0.00112928191873 -0.00273442246467 0.00186995360702 0.000254939159667 0.000957392096026 0.00116458830667 -8.46471289191e-06 0.00263106306503 0.00112252767833 0.0305963974912 0.00134559387302 -0.000415229433744 0.00101959356499 0.00023342984195 0.0037947348756 0.00179302470373 0.00154630631775 0.00277018393762 0.00356029606077 0.00387952984879 0.00316646532315 -0.00147785891804 0.00229551873425 0.00554459251501 0.00298611167148 0.00148966755528 
-0.00254513406919 0.00528233419807 0.000924815922388 0.000251900904346 0.00184164783414 -0.00330557443481 0.0119747600308 0.000110323611153 0.0022248138814 -0.00026086373885 -0.00127212174022 0.00247520950533 0.00355625713405 0.00134559387302 0.0388833885583 0.00142663424962 0.000618941983579 0.0147721931467 0.00205788573711 -0.000360936965659 -0.000529727292705 2.41857575118e-05 0.00190641478687 -0.00162897382593 0.00287442267405 0.000490986358015 0.000529534093127 0.000486191808905 -0.000128143012879 0.00707570076284 
-0.00163694248602 0.00379461014096 -0.00146576363483 0.000644394119628 0.000199522558002 0.000906741617899 0.0029387761065 0.000628397660311 0.0012107995684 0.000785397417109 0.000731701396444 0.00108537578209 0.000972870087033 -0.000415229433744 0.00142663424962 0.0227489178427 0.00293496029312 0.00241054613172 0.00221885281511 0.00363928066578 0.00343510076448 0.00218908333818 0.00153657213722 0.00172701631793 -0.000251603341256 0.00241174664362 0.000535452407925 0.00475295139648 0.00370565973187 -0.000161422408987 
-0.0036290500514 0.00294928431614 -0.000219288279514 0.00150031730696 0.00255320353942 -0.00216995077885 0.00132130829155 0.00190959405098 -0.000319727531565 0.00151080920684 0.00503706810114 0.00744258642751 0.00124516512556 0.00101959356499 0.000618941983579 0.00293496029312 0.0289771501276 0.00186422567865 0.00419104923805 0.00320521134593 0.00280476210401 -0.000154146599561 0.000428835772779 0.00134237467704 -0.00020052780615 0.000407325768913 3.42744039496e-05 0.00232751686507 0.00214064703506 0.00151318184241 
-0.000962608204815 0.0048740159913 0.000270312828002 -0.0014676984185 0.00295259061449 -0.00161212764921 0.0206720406162 0.00248269848075 0.001045214738 0.000442234377385 -0.00055138194519 0.000904388682171 0.00360663176184 0.00023342984195 0.0147721931467 0.00241054613172 0.00186422567865 0.042862979065 0.00522620082485 0.00254058756613 0.00117190790174 0.00331451310081 0.0043529560264 0.00177691920997 0.00278545163884 0.00255804393811 0.00131039948922 0.00121178717916 0.00151853649086 0.0086402591711 
0.000272846489223 0.00301257919758 -0.000196742221484 0.00181105217018 0.00319573445045 -0.000467617696146 0.00372890742309 0.00217609560934 4.71966815541e-05 0.00104923897187 0.00267378229101 0.00190373222288 0.00182053662204 0.0037947348756 0.00205788573711 0.00221885281511 0.00419104923805 0.00522620082485 0.0229637894984 0.00430605265392 0.00240437918607 0.000499577588036 0.00526659712941 0.00119554220041 0.00479702115578 0.00175968495789 0.00158305926726 0.00206327303917 0.00192810901615 0.00230431921849 
0.00236831679285 -0.00433001643931 0.00011332743263 0.000611255087668 0.000607213666854 -0.00277817170453 0.00311869705421 0.00315315156651 0.00321150374018 0.00166771963751 0.000338815672471 0.00192934844153 0.00027186691211 0.00179302470373 -0.000360936965659 0.00363928066578 0.00320521134593 0.00254058756613 0.00430605265392 0.0282258043858 0.00309011930341 0.0030052462279 0.00200740594383 0.00419236282675 0.00385457248951 0.00109137473293 0.00139317525806 0.00328363011237 0.00219497271991 0.000536111321679 
0.00288224520605 0.00167211393859 0.00219251425371 0.00421300154828 0.0014305648497 -0.00327398839603 0.00292603576479 0.00278318536871 0.00159666729213 0.00101035403222 1.34752132384e-05 0.000428037523311 0.000974281567413 0.00154630631775 -0.000529727292705 0.00343510076448 0.00280476210401 0.00117190790174 0.00240437918607 0.00309011930341 0.0721995276504 0.00158164824626 0.00402629740362 0.00113997177893 -0.00258018293777 0.000126959308067 0.00133317819235 -0.00113284855224 -0.000231943043027 0.000193174228432 
-0.000378997874168 -0.00338462311249 0.000262207887675 0.00184300480076 0.00339089054596 0.00566933030881 0.000348742324627 0.00214599006205 0.00105964962989 0.0010270206867 0.00199806026606 0.00183656676838 0.00165663679067 0.00277018393762 2.41857575118e-05 0.00218908333818 -0.000154146599561 0.00331451310081 0.000499577588036 0.0030052462279 0.00158164824626 0.0173199973463 0.00115881418399 0.00234522914662 0.000946458853574 0.00123241090507 0.00255010002954 0.000575084431194 0.00485836275248 -0.000191630793695 
-0.000567996977328 0.00330799947661 0.00168917880689 0.00187801290114 0.00229583074068 -0.000175986994513 0.00119306837645 0.00124922168116 -0.000617670041977 0.00261288133506 0.00261172618098 0.0023048621364 0.001476653187 0.00356029606077 0.00190641478687 0.00153657213722 0.000428835772779 0.0043529560264 0.00526659712941 0.00200740594383 0.00402629740362 0.00115881418399 0.0179264701694 -0.000227662273172 0.00565977342541 0.00222333569353 0.00257222864902 0.00180330488353 0.00082361446731 0.000419635152027 
0.000988297930808 0.00084639845852 0.000994397007793 0.00146611427049 0.00161926418354 -0.000312258094947 0.0017706525821 0.000741452161093 -7.31037410992e-07 0.00162482142956 0.00239721138889 0.00266327378806 0.00040397313526 0.00387952984879 -0.00162897382593 0.00172701631793 0.00134237467704 0.00177691920997 0.00119554220041 0.00419236282675 0.00113997177893 0.00234522914662 -0.000227662273172 0.0296572731009 0.00396354741187 0.00101457972983 0.00163789076519 0.000856557854584 0.00148882901688 0.000667021387147 
0.00158909256387 0.00074950924236 0.0027801117321 0.0018559593422 0.00223249013648 -0.00287825838719 0.00276308142471 0.00160420698611 0.00540271040079 0.00281177683344 0.00178079343953 0.00341436916238 0.00205379410473 0.00316646532315 0.00287442267405 -0.000251603341256 -0.00020052780615 0.00278545163884 0.00479702115578 0.00385457248951 -0.00258018293777 0.000946458853574 0.00565977342541 0.00396354741187 0.0372684969754 0.00445098191661 0.00244668114365 0.000717288069891 0.0014077476445 0.00206990227633 
-0.000653333443296 0.000603762329466 -0.000207019458463 0.0011517913407 0.000718283548802 -0.00349030226106 0.00146829137497 0.00342974081661 -0.00194363965119 0.00243043748589 0.00145721513027 0.00226504363106 -0.000164873165035 -0.00147785891804 0.000490986358015 0.00241174664362 0.000407325768913 0.00255804393811 0.00175968495789 0.00109137473293 0.000126959308067 0.00123241090507 0.00222333569353 0.00101457972983 0.00445098191661 0.033671010805 0.00321533215254 0.00170870929479 0.000826183572525 -5.71040330542e-05 
0.000820828826952 0.0049404018517 0.000443552831291 0.0015734113383 0.00163673156541 -0.000434994783008 -0.000851657963823 0.00206118316251 0.00124994434431 0.000832209030141 0.00261748607562 0.00335169386296 0.0017077396463 0.00229551873425 0.000529534093127 0.000535452407925 3.42744039496e-05 0.00131039948922 0.00158305926726 0.00139317525806 0.00133317819235 0.00255010002954 0.00257222864902 0.00163789076519 0.00244668114365 0.00321533215254 0.0125701481301 0.00196586145942 0.00196980651383 0.00149028935995 
-0.00279853849565 0.00337775244519 0.00187414183794 0.00206813696512 -0.00172001100778 -0.0013347080638 0.000547833214578 0.00120696002932 0.0043911899437 -0.00100225729061 0.00347263051487 -0.00475827593266 0.00326992817753 0.00554459251501 0.000486191808905 0.00475295139648 0.00232751686507 0.00121178717916 0.00206327303917 0.00328363011237 -0.00113284855224 0.000575084431194 0.00180330488353 0.000856557854584 0.000717288069891 0.00170870929479 0.00196586145942 0.112400651117 0.000796036355442 0.00126841551054 
-0.00207023456226 0.00268424009741 0.00171434911458 0.00285864239996 0.0027964563787 0.00228489349829 0.0014344378709 0.00495518583145 0.00133910592351 0.00280458509685 0.00224342418102 0.00428515292092 0.00250840826236 0.00298611167148 -0.000128143012879 0.00370565973187 0.00214064703506 0.00151853649086 0.00192810901615 0.00219497271991 -0.000231943043027 0.00485836275248 0.00082361446731 0.00148882901688 0.0014077476445 0.000826183572525 0.00196980651383 0.000796036355442 0.0167289264379 0.00150682598738 
-0.000605734260645 0.00565849992675 0.00200823426542 -0.000340712667071 0.000728708687535 -0.00140217978985 0.00735844450803 0.0013632827781 -0.000661298348262 0.000356195953824 0.000370631852989 0.000796180798693 0.00276911079359 0.00148966755528 0.00707570076284 -0.000161422408987 0.00151318184241 0.0086402591711 0.00230431921849 0.000536111321679 0.000193174228432 -0.000191630793696 0.000419635152027 0.000667021387147 0.00206990227633 -5.71040330542e-05 0.00149028935995 0.00126841551054 0.00150682598738 0.0164246246241 

['CVG', 'AVP', 'HCA', 'DOW', 'CTAS', 'ESRX', 'BHI', 'ASO', 'ACS', 'CCU', 'TGT', 'BBBY', 'DUK', 'SYMC', 'XTO', 'TYC', 'MCD', 'RDC', 'PH', 'MXIM', 'GM', 'MET', 'GWW', 'CMVT', 'ADSK', 'CPWR', 'GPC', 'HUM', 'HIG', 'KMI']