20
0.0762578269544 0.187838769987 0.0275413533974 0.0593939882808 0.0172523696575 0.00610402508206 0.171372180847 0.0166595463284 0.0301615681032 0.0345230729479 0.0205855922537 0.0615160923796 0.0573021249509 -0.0014382556632 0.0206658862902 0.119808933935 0.117315051398 0.0172601721071 0.0444735285872 0.0495038718221 
0.423060436187 0.176852220273 0.0287469387741 0.0149682193861 0.0345827456955 0.00287196203389 0.228990451129 0.0490925732606 0.0187937383435 0.0334472290249 0.00649492001598 -0.00355014903539 0.0163811876938 -0.0157160502418 0.0323855754333 0.00466916607369 0.0101560056708 0.0159006814952 0.0175363864381 0.0169633368565 
0.176852220273 0.596557560635 0.0359003180324 0.00252552411035 0.00622447610999 0.0136780589004 0.23332076166 0.0347734918158 0.0439031603025 0.0244722098916 0.000963162689424 0.00558247487866 0.00460979248736 0.0147505585616 0.0389161685778 0.0138859355702 -0.00298518075047 0.0357005280724 -0.0116712852554 -0.0118668807464 
0.0287469387741 0.0359003180324 0.199054608666 0.0103740980692 0.0257633614603 0.0180705063276 0.0215874573333 0.0162975935202 0.0380907360683 0.0457155517665 0.00964147050913 0.019414695396 0.0190110757955 0.000935855717543 0.0474652669921 0.00656438742394 0.0203434631931 0.0236091272907 0.0349568325796 0.0106209402366 
0.0149682193861 0.00252552411035 0.0103740980692 0.240106510228 0.00237066480849 0.0215374831375 0.00378491347949 0.0154959269382 0.0197196148425 0.0189884011146 0.0261449164244 0.0188564689395 0.0140089703992 0.013364062206 0.0322283471678 -0.0302565432957 0.018304174194 0.018845962776 0.0379369019564 0.00165077795345 
0.0345827456955 0.00622447610999 0.0257633614603 0.00237066480849 0.203720410045 0.0231698447412 -0.00424194064888 0.0153483630911 0.0192793926435 0.00825771487092 0.00375006908601 0.0124974651968 0.00357057234967 0.00878291861611 0.0276706301326 0.0134341810564 0.0185751520471 0.00880203117688 0.0214243040869 -0.0126647842151 
0.00287196203389 0.0136780589004 0.0180705063276 0.0215374831375 0.0231698447412 0.194496293124 0.00897621595934 0.0241161621974 0.0338209462454 0.0172630831041 0.0166894064619 0.0276443195029 0.0293877082374 0.0259948938919 0.0481773201587 -0.00219805907969 0.0107353976638 0.0176103650347 0.00407178551344 0.00810293636005 
0.228990451129 0.23332076166 0.0215874573333 0.00378491347949 -0.00424194064888 0.00897621595934 0.549040827228 0.0501773670431 0.0206873894023 0.0311162212981 -0.00349638645371 0.0215516460298 0.0136986236325 0.0167041245689 0.0288300057406 0.0108975521408 0.0178931396209 0.0186456042575 0.0190665411716 -0.00247794557911 
0.0490925732606 0.0347734918158 0.0162975935202 0.0154959269382 0.0153483630911 0.0241161621974 0.0501773670431 0.217938525406 0.0225114844286 0.0141223389674 0.0127425907192 0.0453630180396 0.0138244025103 0.00555348381321 0.0259763747576 0.0117261098989 0.0127790746415 0.0166977347384 0.0393748334937 0.0075208486355 
0.0187937383435 0.0439031603025 0.0380907360683 0.0197196148425 0.0192793926435 0.0338209462454 0.0206873894023 0.0225114844286 0.221791329385 0.0228779534853 0.0243236482247 0.0331228293936 0.0259384872055 0.00041126938116 0.0897000724707 -0.000558609546401 0.0220032457722 0.0339786174453 0.0213227309877 0.00593754407902 
0.0334472290249 0.0244722098916 0.0457155517665 0.0189884011146 0.00825771487092 0.0172630831041 0.0311162212981 0.0141223389674 0.0228779534853 0.20209012128 0.00276502107665 0.017749291331 0.029716500568 0.0021096101504 0.0510802491169 0.00943062657164 0.00989299292616 0.0137992800548 0.00999623647925 0.00448576674018 
0.00649492001598 0.000963162689424 0.00964147050913 0.0261449164244 0.00375006908601 0.0166894064619 -0.00349638645372 0.0127425907192 0.0243236482247 0.00276502107665 0.175774171373 0.0146493539407 0.0163792721526 0.013061305405 0.0190193149695 0.000484525031158 0.0148043847189 0.00101593631336 0.00557631052193 -0.00658271580896 
-0.00355014903539 0.00558247487866 0.019414695396 0.0188564689395 0.0124974651968 0.0276443195029 0.0215516460298 0.0453630180396 0.0331228293936 0.017749291331 0.0146493539407 0.202127714846 0.0479796216723 0.0278546052517 0.0352589879189 -0.0106543305874 0.00971267653176 0.0165370614803 0.0385088124922 0.00497237156897 
0.0163811876938 0.00460979248736 0.0190110757955 0.0140089703992 0.00357057234967 0.0293877082374 0.0136986236325 0.0138244025103 0.0259384872055 0.029716500568 0.0163792721526 0.0479796216723 0.332503136396 0.022359518024 0.0354122498843 0.0203815600456 0.0383319988165 0.0334602004697 0.0252510172588 0.0260190385744 
-0.0157160502418 0.0147505585616 0.000935855717543 0.013364062206 0.00878291861611 0.0259948938919 0.0167041245689 0.00555348381321 0.00041126938116 0.0021096101504 0.013061305405 0.0278546052517 0.022359518024 0.229954100407 0.0224657692943 0.0138665582076 -0.00532016314555 0.00871254061107 -0.00648146373172 0.0289263267041 
0.0323855754333 0.0389161685778 0.0474652669921 0.0322283471678 0.0276706301326 0.0481773201587 0.0288300057406 0.0259763747576 0.0897000724707 0.0510802491169 0.0190193149695 0.0352589879189 0.0354122498843 0.0224657692943 0.217233934062 0.0154471998239 0.0151682042676 0.0177629080114 0.0315094955425 0.0259856222918 
0.00466916607369 0.0138859355702 0.00656438742394 -0.0302565432957 0.0134341810564 -0.00219805907969 0.0108975521408 0.0117261098989 -0.000558609546401 0.00943062657164 0.000484525031158 -0.0106543305874 0.0203815600456 0.0138665582076 0.0154471998239 0.649059343144 0.0494058870017 -0.00537414208544 0.0102922242503 0.0174855307265 
0.0101560056708 -0.00298518075047 0.0203434631931 0.018304174194 0.0185751520471 0.0107353976638 0.0178931396209 0.0127790746415 0.0220032457722 0.00989299292616 0.0148043847189 0.00971267653176 0.0383319988165 -0.00532016314555 0.0151682042676 0.0494058870017 0.375483278502 0.0139638367283 0.0362597813397 -0.00323641894171 
0.0159006814952 0.0357005280724 0.0236091272907 0.018845962776 0.00880203117688 0.0176103650347 0.0186456042575 0.0166977347384 0.0339786174453 0.0137992800548 0.00101593631336 0.0165370614803 0.0334602004697 0.00871254061107 0.0177629080114 -0.00537414208544 0.0139638367283 0.200796901818 0.0273750876964 0.0456710437824 
0.0175363864381 -0.0116712852554 0.0349568325796 0.0379369019564 0.0214243040869 0.00407178551344 0.0190665411716 0.0393748334937 0.0213227309877 0.00999623647925 0.00557631052193 0.0385088124922 0.0252510172588 -0.00648146373172 0.0315094955425 0.0102922242503 0.0362597813397 0.0273750876964 0.353768617463 0.0250370367741 
0.0169633368565 -0.0118668807464 0.0106209402366 0.00165077795345 -0.0126647842151 0.00810293636005 -0.00247794557911 0.0075208486355 0.00593754407902 0.00448576674018 -0.00658271580896 0.00497237156897 0.0260190385744 0.0289263267041 0.0259856222918 0.0174855307265 -0.00323641894171 0.0456710437824 0.0250370367741 0.333584038747 
0.0366381085074 0.0153158515472 0.00248955792594 0.00129628582377 0.00299495363049 0.000248719208006 0.0198311547902 0.00425154155808 0.00162758548375 0.00289661500218 0.000562476572938 -0.000307451925187 0.0014186524687 -0.00136104987566 0.00280467310414 0.00040436164343 0.000879535891188 0.00137703941123 0.0015186956146 0.00146906806507 
0.0153158515472 0.0516634002329 0.003109058742 0.000218716803744 0.00053905544365 0.00118455464822 0.0202061706828 0.00301147272908 0.00380212521284 0.00211935554528 8.34123357019e-05 0.000483456506091 0.000399219740022 0.00127743584344 0.00337023906064 0.00120255729591 -0.000258524236479 0.00309175642392 -0.0010107629526 -0.001027702019 
0.00248955792594 0.003109058742 0.0172386347845 0.000898423246928 0.00223117255115 0.00156495175389 0.00186952864538 0.0014114130009 0.0032987545084 0.00395908291778 0.000834975839075 0.00168136194197 0.00164640745922 8.10474825669e-05 0.00411061270126 0.000568492626941 0.00176179559262 0.00204461039949 0.00302735050497 0.000919800405698 
0.00129628582377 0.000218716803744 0.000898423246928 0.0207938337472 0.000205305594801 0.00186520075306 0.000327783122437 0.00134198663837 0.00170776874065 0.00164444377425 0.00226421618033 0.00163301811273 0.00121321242466 0.00115736173682 0.00279105673693 -0.00262029351248 0.00158518798473 0.00163210825228 0.00328543208351 0.00014296156437 
0.00299495363049 0.00053905544365 0.00223117255115 0.000205305594801 0.0176427050368 0.00200656741476 -0.000367362836328 0.00132920723434 0.00166964437988 0.000715139085542 0.000324765509443 0.00108231223433 0.000309220636087 0.000760623064092 0.00239634686336 0.00116343420739 0.0016086553552 0.000762278260408 0.00185539915976 -0.00109680248637 
0.000248719208006 0.00118455464822 0.00156495175389 0.00186520075306 0.00200656741476 0.0168438730788 0.000777363105064 0.00208852091047 0.00292897986286 0.00149502685158 0.00144534499701 0.00239406829598 0.00254505018926 0.0022512238479 0.00417227831437 -0.000190357500203 0.000929712709661 0.001525102349 0.00035262696934 0.000701734873305 
0.0198311547902 0.0202061706828 0.00186952864538 0.000327783122437 -0.000367362836328 0.000777363105064 0.0475483304094 0.00434548745543 0.00179158047604 0.00269474381139 -0.000302795949036 0.00186642729552 0.00118633560626 0.00144661962246 0.00249675173626 0.0009437556993 0.00154959134651 0.00161475669559 0.00165121090169 -0.00021459638207 
0.00425154155808 0.00301147272908 0.0014114130009 0.00134198663837 0.00132920723434 0.00208852091047 0.00434548745543 0.0188740299465 0.00194955173921 0.00122303043066 0.00110354072729 0.00392855260147 0.0011972283766 0.000480945806175 0.00224962004383 0.001015510906 0.00110670032764 0.00144606624691 0.00340996060753 0.000651324597636 
0.00162758548375 0.00380212521284 0.0032987545084 0.00170776874065 0.00166964437988 0.00292897986286 0.00179158047603 0.00194955173921 0.0192076925586 0.00198128889049 0.00210648972753 0.00286852117 0.00224633888557 3.56169731883e-05 0.00776825414809 -4.8377005798e-05 0.00190553698044 0.00294263458931 0.00184660267134 0.000514206400852 
0.00289661500218 0.00211935554528 0.00395908291778 0.00164444377425 0.000715139085542 0.00149502685158 0.00269474381139 0.00122303043066 0.00198128889049 0.0175015178882 0.000239457849437 0.00153713371918 0.00257352444035 0.000182697598232 0.00442367933669 0.000816716218464 0.000856758319352 0.00119505270814 0.000865699473326 0.000388478795245 
0.000562476572938 8.34123357019e-05 0.000834975839075 0.00226421618033 0.000324765509443 0.00144534499701 -0.000302795949037 0.00110354072729 0.00210648972753 0.000239457849437 0.0152224897738 0.00126867126616 0.00141848657796 0.00113114222873 0.00164712099262 4.19610985752e-05 0.00128209732539 8.79826655999e-05 0.000482922657138 -0.000570079911645 
-0.000307451925187 0.000483456506091 0.00168136194197 0.00163301811273 0.00108231223433 0.00239406829598 0.00186642729552 0.00392855260147 0.00286852117 0.00153713371918 0.00126867126616 0.0175047735866 0.00415515712322 0.00241227957603 0.00305351792495 -0.000922692094901 0.000841142461525 0.00143215153459 0.00333496098878 0.000430620009578 
0.0014186524687 0.000399219740023 0.00164640745922 0.00121321242466 0.000309220636087 0.00254505018926 0.00118633560626 0.0011972283766 0.00224633888557 0.00257352444035 0.00141848657796 0.00415515712322 0.0287956162957 0.00193639106251 0.00306679080049 0.00176509487682 0.0033196484753 0.00289773836225 0.00218680224175 0.00225331483875 
-0.00136104987566 0.00127743584344 8.10474825669e-05 0.00115736173682 0.000760623064092 0.0022512238479 0.00144661962246 0.000480945806175 3.56169731883e-05 0.000182697598232 0.00113114222873 0.00241227957603 0.00193639106251 0.0199146092657 0.00194559269244 0.00120087916709 -0.000460739643633 0.000754528150069 -0.000561311224538 0.00250509337639 
0.00280467310414 0.00337023906064 0.00411061270126 0.00279105673693 0.00239634686336 0.00417227831437 0.00249675173626 0.00224962004383 0.00776825414809 0.00442367933669 0.00164712099262 0.00305351792495 0.00306679080049 0.00194559269244 0.0188130105462 0.00133776674648 0.00131360502256 0.0015383129583 0.00272880236002 0.00225042090378 
0.00040436164343 0.00120255729591 0.000568492626941 -0.00262029351248 0.00116343420739 -0.000190357500203 0.0009437556993 0.001015510906 -4.8377005798e-05 0.000816716218464 4.19610985752e-05 -0.000922692094901 0.00176509487682 0.00120087916709 0.00133776674648 0.0562101879726 0.004278675324 -0.000465414356954 0.000891332766223 0.00151429138078 
0.000879535891188 -0.000258524236479 0.00176179559262 0.00158518798473 0.0016086553552 0.000929712709661 0.00154959134651 0.00110670032764 0.00190553698044 0.000856758319352 0.00128209732539 0.000841142461525 0.0033196484753 -0.000460739643633 0.00131360502256 0.004278675324 0.0325178057879 0.0012093037341 0.00314018917758 -0.000280282102081 
0.00137703941123 0.00309175642392 0.00204461039949 0.00163210825228 0.000762278260408 0.001525102349 0.00161475669559 0.00144606624691 0.00294263458931 0.00119505270814 8.79826656e-05 0.00143215153459 0.00289773836225 0.000754528150069 0.0015383129583 -0.000465414356954 0.0012093037341 0.0173895217975 0.00237075213759 0.00395522841329 
0.0015186956146 -0.0010107629526 0.00302735050497 0.00328543208351 0.00185539915976 0.00035262696934 0.00165121090169 0.00340996060753 0.00184660267134 0.000865699473326 0.000482922657138 0.00333496098878 0.00218680224175 -0.000561311224538 0.00272880236002 0.000891332766223 0.00314018917758 0.00237075213759 0.0306372609785 0.00216827098818 
0.00146906806507 -0.001027702019 0.000919800405698 0.00014296156437 -0.00109680248637 0.000701734873305 -0.00021459638207 0.000651324597636 0.000514206400852 0.000388478795245 -0.000570079911645 0.000430620009578 0.00225331483875 0.00250509337639 0.00225042090378 0.00151429138078 -0.000280282102081 0.00395522841329 0.00216827098818 0.0288892251852 

['OXY', 'SUN', 'SNA', 'MHP', 'SLM', 'CMA', 'EOG', 'LTR', 'EOP', 'MSFT', 'WWY', 'TROW', 'GPS', 'CTL', 'SPG', 'DYN', 'MHS', 'WY', 'MCD', 'DIS']