20
-0.00648668223639 0.0680936188342 0.0336878097659 -0.00139328324831 0.128291051585 0.00787829448736 0.0121413644826 -0.0142899737039 0.234070828585 0.0230030392576 0.0824662750087 0.0896854693356 0.0402434153999 0.123331646141 0.00633581846688 0.0704328117516 0.0963264580192 0.357744060202 0.0300310371189 0.102922334335 
0.268291207036 0.0310106506778 0.0336529111285 0.0153143953361 -0.00352712635482 0.0070858465658 0.00501534551672 0.00922022021256 0.00858206594771 0.0046412200212 0.0339940907779 0.0066466473865 0.013977556174 0.0522047650531 0.0145147192863 0.00438957569263 0.0234062043136 -0.002668672957 0.015212100828 0.0259053785472 
0.0310106506778 0.300974887497 0.00662611151511 -0.00151657568332 0.0233509168157 -0.0135786009203 0.0308744798411 0.0250257418104 0.0888764183197 0.0111036061296 0.0248360998427 0.0189706783427 0.0128628941161 0.0302185648053 -0.000408358649891 0.0168646753454 0.0264872566799 0.00630412426159 0.0170580535223 -0.00371476370308 
0.0336529111285 0.00662611151511 0.346959846109 0.0238919625063 0.0238814766351 0.00725179799177 0.0247205590749 0.0259938645059 0.0229029449811 0.0323260979519 0.0159074327126 0.0505612620467 0.0218511858873 0.0884302650942 0.0435797438812 0.0162750488043 0.0276718217188 0.016474838869 0.0255417977345 0.0664242235539 
0.0153143953361 -0.00151657568332 0.0238919625063 0.360801134099 0.0431821838395 0.0165666800618 0.0225455112223 0.0304966515573 0.0488069196869 0.00395925008438 0.00792626261983 0.0510174633255 0.0154023553787 0.0437175655901 0.0321047235887 0.00597443291159 0.0250384863109 0.0225812153722 -0.0100429747328 0.0300196621007 
-0.00352712635482 0.0233509168157 0.0238814766351 0.0431821838395 0.503245651548 0.0222635258779 0.00819108070671 0.0134976978342 0.0409869791456 0.0190859964282 -0.0100502734695 0.0284929711879 0.0262787245049 0.0331410418034 0.0284819391712 0.0137756360564 0.0418490552757 0.00705615915558 0.0067442721356 0.029116267855 
0.0070858465658 -0.0135786009203 0.00725179799177 0.0165666800618 0.0222635258779 0.161098631143 0.0113484328338 0.0175327500704 0.0221684377711 0.0155336337896 -0.0205882480774 0.0234454168566 0.00337035610965 0.0187129012025 0.0142652500928 0.0137695629893 0.00585824573767 0.0151281719403 0.00433944247951 0.0113336310916 
0.00501534551672 0.0308744798411 0.0247205590749 0.0225455112223 0.00819108070671 0.0113484328338 0.275133875254 0.0156178311223 -0.00102531980263 0.0219183069244 0.0250486979979 0.0173515843075 0.0229045050102 0.00286207620495 0.0163977495612 -0.00319407404378 0.0156229066355 0.00102292170995 0.00146035924378 -0.00362755747822 
0.00922022021256 0.0250257418104 0.0259938645059 0.0304966515573 0.0134976978342 0.0175327500704 0.0156178311223 0.191947378645 0.040942423403 0.0249594744301 0.00247690654329 0.0317565071257 0.0180313738466 0.0107700910247 0.0198309300349 0.0087783395223 0.0145850215999 -0.00503601606818 0.00679652419255 0.0253163195514 
0.00858206594771 0.0888764183197 0.0229029449811 0.0488069196869 0.0409869791456 0.0221684377711 -0.00102531980263 0.040942423403 1.00628426439 -0.00246669785363 0.0123407386463 0.0415269100049 0.0106541813755 0.155070778035 0.030637541804 0.0688992724382 0.0651909006335 0.0341958246477 -0.0263836298312 0.112504660881 
0.0046412200212 0.0111036061296 0.0323260979519 0.00395925008438 0.0190859964282 0.0155336337896 0.0219183069244 0.0249594744301 -0.00246669785363 0.152795551631 0.00621219408039 0.0265144944313 0.0205240885789 0.0223981846708 0.0188700679475 0.0112560654152 0.0343539307198 -0.000750714842369 0.0198918811048 0.00900597523583 
0.0339940907779 0.0248360998427 0.0159074327126 0.00792626261983 -0.0100502734695 -0.0205882480774 0.0250486979979 0.00247690654329 0.0123407386463 0.00621219408038 0.474100679975 0.0358252028248 -8.4220371025e-05 0.0211132878669 -0.00110837243437 -0.0141754014497 0.014797053892 0.0142342173632 0.0194228379587 -0.000258804704238 
0.0066466473865 0.0189706783427 0.0505612620467 0.0510174633255 0.0284929711879 0.0234454168566 0.0173515843075 0.0317565071257 0.0415269100049 0.0265144944313 0.0358252028248 0.259274569281 0.00302977168639 0.0412167486834 0.0233822560599 0.0215405114874 0.0188662111061 -0.00359105417469 0.0224432581722 0.0216100734084 
0.013977556174 0.0128628941161 0.0218511858873 0.0154023553787 0.0262787245049 0.00337035610968 0.0229045050102 0.0180313738465 0.0106541813755 0.0205240885789 -8.42203710232e-05 0.00302977168639 0.149245003345 0.0215466167159 0.0255669328596 0.0129254186713 0.0218476718797 0.00405874773086 0.00910050692494 0.00255200129294 
0.0522047650531 0.0302185648053 0.0884302650942 0.0437175655901 0.0331410418034 0.0187129012025 0.00286207620495 0.0107700910247 0.155070778035 0.0223981846708 0.0211132878669 0.0412167486834 0.0215466167159 0.433191252257 0.0377613869069 0.00551407346949 0.0636765246464 0.0318658428347 -0.0107454746968 0.0701407139679 
0.0145147192863 -0.000408358649893 0.0435797438812 0.0321047235887 0.0284819391712 0.0142652500928 0.0163977495612 0.0198309300349 0.030637541804 0.0188700679475 -0.00110837243437 0.0233822560599 0.0255669328596 0.0377613869069 0.201944739106 0.000249918984985 0.0365008474241 0.0230178216559 -0.00808992164027 0.0398915653082 
0.00438957569263 0.0168646753454 0.0162750488043 0.00597443291159 0.0137756360564 0.0137695629893 -0.00319407404378 0.0087783395223 0.0688992724382 0.0112560654152 -0.0141754014497 0.0215405114874 0.0129254186713 0.00551407346949 0.000249918984985 0.298054894535 0.00924744031439 0.0164009963358 0.00113668591032 0.00763138076661 
0.0234062043136 0.0264872566799 0.0276718217188 0.0250384863109 0.0418490552757 0.00585824573767 0.0156229066355 0.0145850215999 0.0651909006335 0.0343539307198 0.014797053892 0.0188662111061 0.0218476718797 0.0636765246464 0.0365008474241 0.00924744031439 0.46414062178 0.0380277065992 0.0116747636446 0.0521635056763 
-0.002668672957 0.00630412426159 0.016474838869 0.0225812153722 0.00705615915558 0.0151281719403 0.00102292170995 -0.00503601606818 0.0341958246477 -0.000750714842369 0.0142342173632 -0.00359105417469 0.00405874773086 0.0318658428347 0.0230178216559 0.0164009963358 0.0380277065992 2.89299767668 0.0203982471509 -0.0185906630435 
0.015212100828 0.0170580535223 0.0255417977344 -0.0100429747328 0.0067442721356 0.0043394424795 0.00146035924378 0.00679652419255 -0.0263836298312 0.0198918811048 0.0194228379587 0.0224432581722 0.00910050692495 -0.0107454746968 -0.00808992164027 0.00113668591032 0.0116747636446 0.0203982471509 0.26919438809 0.00482193753405 
0.0259053785472 -0.00371476370308 0.0664242235539 0.0300196621007 0.029116267855 0.0113336310916 -0.00362755747822 0.0253163195514 0.112504660881 0.00900597523584 -0.000258804704238 0.0216100734084 0.00255200129294 0.0701407139679 0.0398915653082 0.00763138076661 0.0521635056763 -0.0185906630435 0.00482193753405 0.352101203341 
0.0232347000905 0.00268560112748 0.00291442759486 0.00132626554046 -0.000305458102563 0.00061365231333 0.000434341662623 0.000798494493256 0.000743228712767 0.000401941444291 0.00294397461922 0.000575616548671 0.00121049187295 0.00452106527346 0.00125701156307 0.000380148406166 0.00202703675418 -0.000231113857515 0.0013174065762 0.00224347159165 
0.00268560112748 0.0260651898473 0.00057383809004 -0.000131339306852 0.00202224871641 -0.00117594133448 0.0026738083871 0.00216729281564 0.00769692360622 0.000961600498183 0.00215086933947 0.00164290893718 0.00111395930707 0.00261700447873 -3.53648964661e-05 0.00146052372757 0.00229386371613 0.000545953175915 0.00147727076894 -0.000321707973592 
0.00291442759486 0.00057383809004 0.0300476040824 0.00206910464767 0.00206819654458 0.000628024128399 0.00214086321546 0.00225113470046 0.00198345321751 0.00279952220316 0.00137762408381 0.00437873373799 0.00189236820812 0.0076582856035 0.00377411652915 0.00140946057124 0.00239645005775 0.00142676289838 0.00221198456964 0.00575250650244 
0.00132626554046 -0.000131339306852 0.00206910464767 0.0312462947844 0.00373968681959 0.00143471657899 0.00195249854598 0.0026410874979 0.00422680323293 0.000342881115301 0.000686434478584 0.00441824192765 0.00133388310361 0.00378605223926 0.00278035062093 0.000517401067464 0.00216839652175 0.00195559061607 -0.000869747124816 0.00259977899922 
-0.000305458102563 0.00202224871641 0.00206819654458 0.00373968681959 0.0435823518585 0.0019280778988 0.000709368397646 0.0011689349217 0.00354957651645 0.00165289577634 -0.000870379213959 0.00246756368781 0.00227580430003 0.00287009841096 0.00246660828713 0.00119300507781 0.00362423449931 0.000611081308188 0.000584071099946 0.00252154276258 
0.00061365231333 -0.00117594133448 0.000628024128399 0.00143471657899 0.0019280778988 0.0139515507085 0.000982803112722 0.00151838069592 0.0019198430272 0.00134525214748 -0.00178299458545 0.00203043266001 0.000291881401076 0.00162058478199 0.00123540689717 0.00119247913478 0.000507338963043 0.00131013812131 0.000375806742552 0.000981521244246 
0.000434341662623 0.0026738083871 0.00214086321546 0.00195249854598 0.000709368397646 0.000982803112721 0.0238272925411 0.00135254385039 -8.87952996079e-05 0.00189818106045 0.00216928087979 0.00150269128062 0.00198358831999 0.000247863070105 0.00142008676849 -0.000276614926348 0.00135298340273 8.85876186899e-05 0.000126470820377 -0.000314155692983 
0.000798494493256 0.00216729281564 0.00225113470046 0.0026410874979 0.0011689349217 0.00151838069592 0.00135254385039 0.0166231306097 0.00354571787595 0.00216155389216 0.000214506398929 0.00275019419063 0.00156156278163 0.000932717242842 0.00171740891909 0.000760226502936 0.00126309992202 -0.000436131784891 0.000588596260819 0.00219245758618 
0.000743228712767 0.00769692360622 0.00198345321751 0.00422680323293 0.00354957651645 0.0019198430272 -8.87952996079e-05 0.00354571787595 0.0871467736392 -0.000213622300471 0.00106873931692 0.00359633590049 0.000922679172775 0.0134295233163 0.00265328895118 0.00596685202338 0.00564569760442 0.00296144528483 -0.00228488936779 0.00974318943669 
0.000401941444291 0.000961600498183 0.00279952220316 0.000342881115301 0.00165289577634 0.00134525214749 0.00189818106045 0.00216155389216 -0.000213622300471 0.0132324829297 0.000537991788685 0.0022962225746 0.00177743820988 0.00193973969235 0.00163419582137 0.00097480385962 0.00297513767232 -6.5013812449e-05 0.00172268743658 0.000779940334009 
0.00294397461922 0.00215086933947 0.00137762408381 0.000686434478584 -0.000870379213959 -0.00178299458545 0.00216928087979 0.000214506398929 0.00106873931692 0.000537991788685 0.041058323281 0.0031025535742 -7.29369808238e-06 0.00182846436501 -9.59878685022e-05 -0.00122762577643 0.00128146245716 0.00123271938396 0.00168206710858 -2.24131448489e-05 
0.000575616548671 0.00164290893718 0.00437873373799 0.00441824192765 0.0024675636878 0.00203043266001 0.00150269128062 0.00275019419063 0.00359633590049 0.0022962225746 0.0031025535742 0.0224538363553 0.000262385924808 0.00356947514212 0.00202496277456 0.00186546301586 0.00163386180911 -0.000310994414165 0.00194364317208 0.00187148725493 
0.00121049187295 0.00111395930707 0.00189236820812 0.00133388310361 0.00227580430003 0.000291881401078 0.00198358831999 0.00156156278162 0.000922679172775 0.00177743820989 -7.29369808222e-06 0.000262385924808 0.0129249964284 0.00186599174416 0.00221416133533 0.00111937409239 0.00189206388614 0.000351497864248 0.000788127018432 0.000221009795018 
0.00452106527346 0.00261700447873 0.0076582856035 0.00378605223926 0.00287009841096 0.00162058478199 0.000247863070105 0.000932717242842 0.0134295233163 0.00193973969235 0.00182846436501 0.00356947514212 0.00186599174416 0.0375154629151 0.00327023203435 0.000477532770291 0.00551454879685 0.00275966294079 -0.000930585406319 0.00607436401358 
0.00125701156307 -3.53648964663e-05 0.00377411652915 0.00278035062093 0.00246660828713 0.00123540689717 0.00142008676849 0.00171740891909 0.00265328895118 0.00163419582137 -9.59878685023e-05 0.00202496277456 0.00221416133533 0.00327023203435 0.0174889274226 2.16436189885e-05 0.00316106611289 0.00199340182938 -0.00070060776551 0.00345471089536 
0.000380148406166 0.00146052372757 0.00140946057124 0.000517401067464 0.00119300507781 0.00119247913478 -0.000276614926348 0.000760226502936 0.00596685202338 0.00097480385962 -0.00122762577643 0.00186546301586 0.00111937409239 0.000477532770291 2.16436189885e-05 0.0258123110389 0.000800851823224 0.00142036794741 9.84398874458e-05 0.000660896960983 
0.00202703675418 0.00229386371613 0.00239645005775 0.00216839652175 0.00362423449931 0.000507338963043 0.00135298340273 0.00126309992202 0.00564569760442 0.00297513767232 0.00128146245716 0.00163386180911 0.00189206388614 0.00551454879685 0.00316106611289 0.000800851823224 0.040195756939 0.00329329599626 0.00101106418994 0.00451749210661 
-0.000231113857515 0.000545953175915 0.00142676289838 0.00195559061607 0.000611081308188 0.00131013812131 8.85876186899e-05 -0.000436131784891 0.00296144528483 -6.50138124489e-05 0.00123271938396 -0.000310994414165 0.000351497864248 0.00275966294079 0.00199340182938 0.00142036794741 0.00329329599626 0.250540948109 0.00176654002253 -0.00160999864689 
0.0013174065762 0.00147727076894 0.00221198456964 -0.000869747124816 0.000584071099946 0.000375806742551 0.000126470820377 0.000588596260819 -0.00228488936779 0.00172268743658 0.00168206710858 0.00194364317208 0.000788127018432 -0.000930585406319 -0.00070060776551 9.84398874457e-05 0.00101106418994 0.00176654002253 0.0233129178642 0.000417592039995 
0.00224347159165 -0.000321707973592 0.00575250650244 0.00259977899922 0.00252154276258 0.000981521244246 -0.000314155692983 0.00219245758618 0.00974318943669 0.000779940334009 -2.24131448489e-05 0.00187148725493 0.000221009795017 0.00607436401358 0.00345471089536 0.000660896960983 0.00451749210661 -0.00160999864689 0.000417592039995 0.0304928586796 

['TIN', 'A', 'BBBY', 'RSH', 'AW', 'TAP', 'HSY', 'CCU', 'PMCS', 'BAC', 'DVN', 'CCL', 'HNZ', 'JWN', 'LIZ', 'EDS', 'MON', 'BRCM', 'OMC', 'KSS']