50
0.117315051398 0.357744060202 0.0678116165217 0.0413299620627 0.0751688044393 0.00642009941462 0.0247676168055 0.158066549078 0.234257183995 0.201678989994 0.0540494724418 0.128291051585 0.0729597235382 0.100220943784 0.424855775916 0.0534982218633 0.0759168136047 0.106356452037 0.143358946574 0.148588071013 0.0665048210348 0.0766259396051 0.067616439087 0.0798623823862 0.0328492958576 0.0658076634161 0.0205902908148 0.0464034886179 0.0842142990337 0.105790735219 0.0429486266904 0.0904248988876 0.0161964684659 0.0695206157777 0.0538940625226 0.0826231173305 0.0905831054983 0.0493961611292 0.0381517477001 0.0269248151276 0.0609589558998 0.18030920859 0.0998681056981 0.00154943769328 -0.00168409401267 0.0160922749751 0.0917148498368 0.119808933935 0.035272852014 0.13588321519 
0.341320767419 -0.000997901337039 0.0347121018784 -0.00958087630408 -0.00311309479681 0.0120792799939 0.0183549674007 0.0692178653562 -0.0598415421009 -0.00386613299034 0.00211741588172 0.0631450419231 0.00593922035031 0.0045404924573 0.0699864922936 0.0260514641792 0.00817060761339 -0.0101151611083 0.0111785405414 0.0202134322388 0.0186281268729 0.0323407479242 -0.00854633108277 -0.00916217308586 0.0237256919821 0.0154687267216 0.0177850144631 0.0125855870548 0.0144942172262 0.0128271309163 0.0108306721618 0.0189678576674 0.00346600718867 -0.0226423782118 0.00035719021561 -0.00403693558151 0.00370588274469 0.0206725562879 -0.00881742405552 0.0112517142759 0.0654130998734 0.0300396206397 0.00837606903664 -6.46410579727e-05 0.016821460153 0.0158080375337 0.0132295018904 0.0370107764661 0.0118597931601 -0.00614637712855 
-0.000997901337039 2.739300921 -0.00600811732942 -0.00544291438859 -0.0325574243779 -0.00362864609813 -0.0106083234039 0.00930937528409 -0.0146937436031 0.0280880887878 0.0174997042153 -0.00662047882064 -0.0191143151182 0.902343443644 -0.0156301192418 -0.0139583459132 0.0261255777164 0.116755602031 0.0715352741088 -0.00913586542129 -0.0211034422822 -0.00752097117044 0.00231885673975 0.0339919844467 0.00686676942819 0.0179002198798 0.00326969479283 0.0177589624033 0.0206662420684 0.0262485390621 -0.0193748123072 0.03843692901 -0.00756235769861 0.104574118832 0.0314261332363 -0.0312613138125 0.00316010133973 -0.0140997288443 0.0530712429868 -0.00772243547341 0.0375516202847 -0.0211164242656 0.0369665580734 0.00301057322355 0.0227371019993 0.029652618029 0.0380935707853 0.0835150339417 -0.00743110182379 0.0225579797949 
0.0347121018784 -0.00600811732942 0.237930948958 -0.00755025915143 0.0197030068985 0.0216139869395 0.00893354477137 -0.0226548749061 -0.00961840674782 -0.0010332061634 0.00555590525714 0.036474043157 0.00423189043267 0.00575403757922 0.0144043265389 -0.0075035552712 -0.00360604445909 0.00734794159558 0.0143368490585 0.00952499534732 0.00634457413696 0.0144456793176 0.0281615012696 0.00645425554312 -0.00792335295147 0.010210831011 0.0161123454931 -0.00596451776825 -0.00388426106044 0.0205472548782 0.00296405417073 0.0132190837121 0.0136912302499 -0.00120625727562 0.0173499497157 0.00230944601721 0.030165488628 0.017144221711 -0.00371744175752 0.00593529571943 0.0051586735656 0.0149244756874 0.0155690038071 0.0105704592619 -0.00460702600158 0.00442324131735 0.00526604619576 0.0288714367684 0.010727791449 -0.000756344598513 
-0.00958087630409 -0.00544291438859 -0.00755025915143 0.286467593762 0.0512001966244 0.015553453841 0.0161758444533 0.0117884625169 0.0179873896067 0.0536651466826 0.0188100831585 0.0239351199385 0.010931483272 0.00291753807682 -0.00109472699595 0.0288076533849 0.0285830506352 0.0041667946044 0.0190431891363 0.00818055876423 0.0307653732588 0.00269766279376 0.0150383032411 -0.00624359045267 0.00678696931279 0.0039615022313 0.0124864496984 -4.82132789589e-05 0.0177673958257 -0.000898633984546 -0.00226933416708 -0.0223411594302 0.0202986344391 -0.0029287822514 0.0088124401854 0.0215586487865 0.0281455111509 0.0100207743684 -0.00705329863945 0.0138709521003 0.0192014431569 0.00549912007327 0.0162432977573 0.00878920195541 -0.00550392375117 0.00562753251809 0.0262388272121 -0.0144834316331 -0.00199144310221 -0.0124391058964 
-0.00311309479681 -0.0325574243779 0.0197030068985 0.0512001966244 0.330806247397 0.00507050425238 0.0291754309564 -0.00449465047936 0.0401797080811 -0.00902039698215 0.0317450620385 0.0176706978975 -0.0237316606967 0.0227233230175 0.0124442066204 0.0293015953823 0.0158822705967 0.0120717185933 0.0107675736126 0.0295644851027 0.0613814892678 0.0286885603857 -0.00800573110161 -0.00370371676469 0.00934956750199 0.0111069687343 0.0153650565457 0.00964119586899 0.0152934080688 0.0102063244828 0.0363132395508 -0.00580926899223 0.0324579110996 -0.010259904131 0.0117336659998 0.0116740200507 0.0315006596801 -0.0155472355957 -0.00151732872933 0.00924808923532 0.0226183912382 0.0317667724765 0.0187621335494 0.0200821034235 0.00547667250377 0.0127729225774 0.028897962706 -0.0312259971086 0.0177663941307 -0.0274099131381 
0.0120792799939 -0.00362864609813 0.0216139869395 0.015553453841 0.00507050425238 0.148399291902 0.0162081909465 -0.00509591755258 0.0203916057952 0.0203093548857 0.0235694659381 0.00304853973319 0.0248980994103 -0.00142902885566 0.00133773086614 0.00369596584486 0.0135348764436 0.0360100735997 0.0249652898392 0.0152845490341 0.00515280331452 0.0148365420954 0.0173876842077 0.0295348686295 0.00796556020875 0.013636044081 0.0144176301616 -0.00142567466061 0.00494887682527 0.025495285375 0.0103275650355 0.0381380183795 0.0140386968648 0.0152716641391 0.0129612381722 -0.00360797940705 0.0147224496578 0.0161449365763 -0.00360623779776 0.0538780108943 0.00358102018525 0.0338918078894 0.0124216974267 0.00774232134269 0.0125054615929 0.00287891486509 0.0328562667421 0.0205131405473 0.00998650078396 0.0168149149513 
0.0183549674007 -0.0106083234039 0.00893354477137 0.0161758444533 0.0291754309564 0.0162081909465 0.115466288262 0.022286920785 0.0118520285117 0.00566553053534 0.000849483527313 0.00384398520568 0.0221750496834 0.00435395035334 -0.00901292884218 0.0234649296271 0.0132800967903 0.00765643864337 0.0192101436401 0.0220012627804 0.0317841690385 0.0236052037802 0.0184033327628 0.0184121491773 0.00477275200232 0.0220296332383 0.0140604719014 0.00967690797167 0.0221958118148 0.0172888099035 -0.00144862823044 0.0104792071402 0.0315087103532 0.0224960220387 0.00806294979602 0.0107362977877 0.00963306462097 0.00489730463209 0.00381394014437 -0.00497976900438 0.0200646654852 0.0198529007327 -0.00528830056222 0.00485079579077 0.00661739774802 0.0080121470343 0.00349746451525 -0.00493169147905 0.018112918267 0.00770688544278 
0.0692178653562 0.00930937528409 -0.0226548749061 0.0117884625169 -0.00449465047936 -0.00509591755258 0.022286920785 0.681445961276 0.0232814349542 0.00156782380865 0.0184866317571 0.0102040023593 -0.00360299460132 -0.0278051459501 0.0493091281739 -0.000928897327316 -0.00301412647866 -0.0153959884336 -0.00307453166189 -0.0145334324089 0.000669169678586 0.00577841894176 -0.00569264101723 -0.00572639786237 -0.00581558168804 0.028996223015 0.0156199847857 -0.00674154565373 -0.00641358958181 -0.0164886201575 -0.00144695763041 -0.016536997562 0.0302255015271 -0.00886015413091 0.00787141458473 -0.0180476444235 -0.00020639049216 -0.0113544793695 0.00910104405066 -0.00351067336861 -0.0134963181161 -0.0143956530146 0.0132868564575 -0.0185087610307 -0.000725950804164 0.0428319240751 -0.00479886652435 0.0115445256511 0.000718675251046 -0.00361888380592 
-0.0598415421009 -0.0146937436031 -0.00961840674782 0.0179873896067 0.0401797080811 0.0203916057952 0.0118520285117 0.0232814349542 1.2477750574 0.105919157092 0.0148673358346 -0.00154049638571 0.0391891934269 0.0137461751333 0.00383035703112 0.0323149753522 0.0201673548741 0.0568789569772 0.063992220476 0.00592694389172 -0.0174022540823 0.0006178284164 0.0317416599987 0.0302655525229 0.0290856526832 -0.00933159585322 3.20982716374e-06 -0.000316548886479 -0.014165698104 0.0671948036491 -0.0159762956618 0.000270565288246 0.0626033771528 0.0065503072362 -0.00295446246938 -0.00491019756721 -0.0141973289067 -0.0121473943833 0.0478598706596 -0.00692501085694 0.0405004188841 -0.0135806224547 0.0273324056212 -0.0208778539948 0.0118418060145 -0.0016831845349 -0.0246523109812 -0.0195308509582 0.00987758998106 -0.0145718060185 
-0.00386613299034 0.0280880887878 -0.0010332061634 0.0536651466826 -0.00902039698215 0.0203093548857 0.00566553053534 0.00156782380865 0.105919157092 1.22039558406 0.0158346623959 0.0427755878348 -0.0223526619724 -0.0223151532969 -0.00560091582495 0.00119003812966 0.0969638834206 0.00270271555759 0.0346937327064 -0.00903511741851 -0.00395961258871 0.0023776119265 0.10899233752 -0.0217463047903 0.0146205531956 -0.0112008878228 0.011911437134 0.00400469917752 0.0103475853991 -0.0365013278317 -0.0113633748812 -0.0239474817631 0.0122683616198 -0.00185155052249 0.00728820333602 0.00624173247036 0.0417924205483 0.00858753790792 0.0485710562188 0.00997931892774 0.00785250841888 0.0604468445549 0.0274477069336 0.00702970979625 0.0100277292912 0.0201848285162 0.0373467301832 -0.0262110846253 0.119578604148 0.0423772581307 
0.00211741588172 0.0174997042153 0.00555590525715 0.0188100831585 0.0317450620385 0.0235694659381 0.000849483527317 0.0184866317571 0.0148673358346 0.0158346623959 0.259186123919 -0.00459869267364 -0.000426834030047 0.0151928206932 -0.0242184938481 0.0274978967177 0.0110613176025 0.0277610598533 0.0259997904083 0.0530273242317 0.0165839128778 0.0277360957135 0.022224917345 0.0182593830875 0.0263232527151 0.0338180340984 0.0036509958864 0.0238023450274 0.0040484601465 0.0158826714284 0.0173116974297 0.0314796618209 -0.001552259446 0.037539455483 0.00527978823055 0.0103036351953 0.0254463958119 -0.00580077952338 0.0115786640364 0.0322174735442 0.0147173801487 -0.00262762895756 0.018342561449 0.023549849906 0.016790387755 0.0251664722729 0.025328315342 0.00287891513211 0.0129623018008 -0.0194651116125 
0.0631450419231 -0.00662047882064 0.036474043157 0.0239351199385 0.0176706978975 0.00304853973318 0.00384398520568 0.0102040023593 -0.00154049638571 0.0427755878348 -0.00459869267364 0.48601619458 -0.000995919458121 0.0507134922796 0.0281391150289 0.0170214220522 -0.00592361849094 0.00572675907123 0.00316985435465 -0.0034083986072 0.0126300690244 0.0289181333959 0.00521507704841 0.0111657191133 0.0128090607283 0.0658044162892 0.0103000459514 0.00253066663497 0.00551123380263 0.0148162757626 0.0357979780377 -0.0118519967836 0.00671784055358 0.0123142315498 -0.00524097001419 0.0261776835969 0.00291312313228 0.00854688324482 0.0167502032775 -0.000288646666494 0.0704321326173 0.0499805192848 -0.00356033498448 -0.00676666751217 0.00556450849301 -0.00950447498403 0.00196571613614 0.0280605102291 0.0090040868206 0.00652682883161 
0.0059392203503 -0.0191143151182 0.00423189043267 0.010931483272 -0.0237316606967 0.0248980994103 0.0221750496834 -0.00360299460132 0.0391891934269 -0.0223526619724 -0.000426834030044 -0.000995919458121 0.43451971119 -0.0367014569846 -0.020919293535 0.00404540774153 0.00684818800564 0.168746140663 0.0414831858702 -0.00698380759754 0.032303224914 0.0341471573181 -0.00117147639124 0.126054792052 0.0107104362983 0.00432021230466 0.0294920475694 0.00606092730776 0.0697649245289 0.0288889124318 0.00623647444491 0.155758027332 0.00843120080545 0.019813096754 0.0176984486638 0.0271392231925 -0.00640332325157 0.00719072859263 0.0427243712507 0.0319176884039 0.00471070610219 0.0299438913903 0.0253482243026 -0.00118873429269 0.00817169092797 -0.00911016359597 0.033978253206 0.0130391313014 0.00510838822201 -0.0147959519168 
0.0045404924573 0.902343443644 0.00575403757922 0.00291753807682 0.0227233230175 -0.00142902885566 0.00435395035335 -0.0278051459501 0.0137461751333 -0.0223151532969 0.0151928206932 0.0507134922796 -0.0367014569846 0.647167508153 0.00518774920372 0.0117181022709 0.00785416872277 0.0638110228022 0.0614472610337 0.0405941127409 -0.0146460671479 0.0132306067271 -0.0104964875624 0.0351898897 0.00595315523913 0.0283328464751 -0.0310915691231 0.0240249778056 -0.00370006412007 0.0250481839176 0.0453307082754 0.0322252591645 -0.00405427704285 -0.0237574671899 -0.0330718628196 0.0139755165344 0.0119710647485 -0.00362608060452 -0.00221645849838 0.0129728716936 0.0240584254992 -0.0010793517906 0.0134190343984 0.0163263484186 0.0186398790594 0.0230064381236 0.0224512420445 0.0138775353942 0.00520740739877 -0.0194093255223 
0.0699864922936 -0.0156301192418 0.0144043265389 -0.00109472699595 0.0124442066204 0.00133773086614 -0.00901292884218 0.0493091281739 0.00383035703112 -0.00560091582495 -0.0242184938481 0.0281391150289 -0.020919293535 0.00518774920372 3.74675907166 0.0270007156302 -0.0200193113668 -0.0600215466752 -0.0297049673966 0.0579083049403 0.00488468479972 0.0141342688597 0.00550235228148 -0.024093840785 -0.0102532711183 0.0179703553609 0.0484212252261 0.0298337296786 0.028107229303 0.012749359946 0.00436888120918 -0.0511319870895 0.00107798676785 0.0155731859425 0.0076153982695 0.000939853280627 0.0201154457628 -0.0114489766462 0.0410031835011 0.00169555691307 -0.00225378165578 -0.000619376535768 -0.00246234830277 -0.000940550962069 -0.00760701855934 0.00615966764064 -0.00483303559039 0.0521673618108 -0.00710848804595 -0.0241226348369 
0.0260514641792 -0.0139583459132 -0.0075035552712 0.0288076533849 0.0293015953823 0.00369596584486 0.0234649296271 -0.000928897327315 0.0323149753522 0.00119003812966 0.0274978967177 0.0170214220522 0.00404540774153 0.0117181022709 0.0270007156302 0.220212218779 0.0158210604722 0.0284604426047 0.0156371229296 0.020669923012 0.049708026468 0.0556589709197 0.00758135733726 0.0149714584268 0.0528739493658 0.0179201358214 0.00693590396921 0.0107155415089 0.0164491708157 0.030322391591 -0.00182991413212 0.0126903776385 0.0260700485022 0.0204225757804 0.0141721588856 0.0468454104828 0.0122318915265 0.00757960153542 0.000380997582942 0.0141134979415 0.041155356634 0.0105286229655 0.0102182367359 0.00367122277239 0.0282826768116 -0.00689477567511 0.0355993147554 -0.0205646258807 0.0273181121771 0.044185706798 
0.0081706076134 0.0261255777164 -0.00360604445909 0.0285830506352 0.0158822705967 0.0135348764436 0.0132800967903 -0.00301412647866 0.0201673548741 0.0969638834206 0.0110613176025 -0.00592361849094 0.00684818800564 0.00785416872277 -0.0200193113668 0.0158210604722 0.328006449838 0.0351852204195 0.0100614798944 0.00798492511779 -0.0114876615658 0.0314955129045 0.0348087409791 0.00497311415772 0.0230552749489 0.00390236406597 0.0196437826323 -0.000328239409891 -0.0112651152921 -0.00392205983327 -0.0128665163818 0.00136208808665 0.0239040702815 0.00390977715655 -0.00100282568965 0.0165646996295 0.000335910602905 0.00383496881568 0.00815699553288 -0.000801324991379 0.0276951783114 0.0222937029004 -0.00529060314127 0.00870322779318 0.0185375399053 -0.0176794359263 0.039815216621 0.00813774803496 0.0259654875456 0.0326490481393 
-0.0101151611083 0.116755602031 0.00734794159559 0.0041667946044 0.0120717185933 0.0360100735997 0.00765643864337 -0.0153959884336 0.0568789569772 0.0027027155576 0.0277610598533 0.00572675907123 0.168746140663 0.0638110228022 -0.0600215466752 0.0284604426047 0.0351852204195 0.462715809425 0.026459360581 0.0200634094856 0.00368542376768 0.00224958012729 0.0103757129646 0.150773456525 0.0242915741739 -0.00693687055998 0.0212492388283 0.00100731289511 0.0294374009992 0.0018836063271 0.0373119632288 0.126756353593 0.0195281792134 -0.0116895409478 0.00880384243731 0.0152739779174 0.0226725951376 -0.0191810603908 0.0084359246974 0.0479532925532 0.00622950500839 0.0310750541982 0.0152065281458 0.0250708670196 0.00555144934131 0.00749813670538 0.0384973675244 0.0249415843368 0.0186671708654 -0.0156900809712 
0.0111785405414 0.0715352741088 0.0143368490585 0.0190431891363 0.0107675736126 0.0249652898392 0.0192101436401 -0.00307453166189 0.063992220476 0.0346937327064 0.0259997904083 0.00316985435465 0.0414831858702 0.0614472610337 -0.0297049673966 0.0156371229296 0.0100614798944 0.026459360581 0.623630802966 -0.0146294227374 0.0321258571119 -0.00734513271482 -0.00124910001094 0.0451157087607 0.0090521621001 -0.0229935887602 0.012466197419 -0.00528256243597 -0.0110844190957 -0.0127038113433 0.00326115777357 0.0576494816123 0.0208135716304 -0.0110950486279 -0.0104424305664 0.0493280563012 0.0278362497803 0.00356600024459 0.0195600726018 0.0109628447331 0.0603056960795 -0.0109741212592 0.000800114449622 0.014019656828 0.0242931095294 0.0201404291656 0.0161613705401 0.000164539145653 0.007685959852 0.211927436769 
0.0202134322388 -0.00913586542129 0.00952499534732 0.00818055876422 0.0295644851027 0.0152845490341 0.0220012627804 -0.0145334324089 0.00592694389172 -0.00903511741851 0.0530273242317 -0.0034083986072 -0.00698380759754 0.0405941127409 0.0579083049403 0.020669923012 0.00798492511779 0.0200634094856 -0.0146294227374 0.469620449386 0.0256542167948 0.0346466148213 0.0472316281241 -0.00704457886489 0.0445328292945 0.0413749483107 -0.00851139885305 -0.00171283786106 0.016078633918 0.0275861740215 0.0231934488075 -0.00803747935253 0.00522327311402 0.00908247843206 0.0415531457005 0.0353887352078 0.000583808195271 0.0177185160521 0.00687658285822 0.02001329074 0.00546712247882 0.038782777537 0.0242980132312 0.0019236369562 0.01726036299 -0.00725900840266 0.0310778106496 -0.0197752764913 0.0150212123558 0.0279570003946 
0.0186281268729 -0.0211034422822 0.00634457413696 0.0307653732588 0.0613814892678 0.00515280331451 0.0317841690385 0.000669169678587 -0.0174022540823 -0.00395961258871 0.0165839128778 0.0126300690244 0.032303224914 -0.0146460671479 0.00488468479972 0.049708026468 -0.0114876615658 0.00368542376768 0.0321258571119 0.0256542167948 0.228500795018 0.0566239655801 0.0333187897279 -0.0197755959228 0.0187240253701 0.0253251023593 0.0275766364532 0.0110335702107 0.0295205777409 0.0164577523491 0.0132664796915 -0.0145934871029 0.0280342014362 0.001512887876 0.0141509721285 0.00789469046172 0.0100132512722 0.0115904871171 0.0100078188666 0.00783619475165 0.011865197676 0.0235367303204 0.0304042082398 0.0179559701035 0.018048101848 0.000655993022232 0.0425292474203 -0.0301708454047 0.00503338947232 0.00169904106031 
0.0323407479242 -0.00752097117044 0.0144456793176 0.00269766279376 0.0286885603857 0.0148365420954 0.0236052037802 0.00577841894176 0.000617828416401 0.0023776119265 0.0277360957135 0.0289181333959 0.0341471573181 0.0132306067271 0.0141342688597 0.0556589709196 0.0314955129045 0.00224958012729 -0.00734513271482 0.0346466148213 0.0566239655801 0.243852595909 0.0189216723233 0.0191977627933 0.000496375843221 0.0285943353233 0.0243413656006 0.0143368542572 0.0498721513206 0.0301730821827 -0.0151144334787 -0.00285941534441 0.00914990294965 0.000269714848921 0.0126248218669 0.0164022970579 0.00584275997752 0.0249502725261 0.00680889423035 0.00886804743593 0.0292155628742 0.0233547561746 -0.00450172919154 0.016874962576 0.00979966984983 0.00490610278644 0.0232792222776 -0.0154462875257 0.0370821023435 0.0238784476913 
-0.00854633108277 0.00231885673975 0.0281615012696 0.0150383032411 -0.00800573110162 0.0173876842077 0.0184033327628 -0.00569264101723 0.0317416599987 0.10899233752 0.022224917345 0.0052150770484 -0.00117147639124 -0.0104964875624 0.00550235228148 0.00758135733726 0.0348087409791 0.0103757129646 -0.00124910001094 0.0472316281241 0.0333187897279 0.0189216723233 0.366013272633 0.0172693032105 -0.00613084682358 -0.00676922098644 0.0413388111284 0.0270820969154 0.0227859767723 -0.000634566188666 -0.00242383385183 -0.00123276695171 0.0411759222354 0.0121415662907 0.0230530128701 0.0182987925301 0.0202621985289 0.0411086262993 0.129626279773 0.00884883490966 0.0140706123592 0.0161843145603 0.109315162243 0.0265946573047 0.0112531505795 -0.0110148140526 0.0256184707285 -0.012392637116 0.0348066223029 0.0242159675556 
-0.00916217308587 0.0339919844467 0.00645425554312 -0.00624359045268 -0.0037037167647 0.0295348686295 0.0184121491773 -0.00572639786236 0.0302655525229 -0.0217463047903 0.0182593830875 0.0111657191133 0.126054792052 0.0351898897 -0.024093840785 0.0149714584268 0.00497311415772 0.150773456525 0.0451157087607 -0.00704457886489 -0.0197755959228 0.0191977627933 0.0172693032105 0.341192963304 0.0015782348977 0.00654084354238 -0.00722785101501 -0.0116862003339 0.0133637300579 0.00839171947677 0.0075257222676 0.155819996266 -0.00348090944383 -0.0151627666132 -0.0228174565053 0.00290745484661 0.0285521906197 0.00511107280529 -0.00223603777364 0.0536911667416 0.0152739943094 0.0151384807733 -0.0243935864218 0.0215290355266 -0.0119776754918 0.0115594195833 0.0130476137734 0.00692808462351 0.0162235484089 -0.00419947963764 
0.0237256919821 0.00686676942819 -0.00792335295147 0.00678696931279 0.00934956750199 0.00796556020876 0.00477275200232 -0.00581558168804 0.0290856526832 0.0146205531956 0.0263232527151 0.0128090607283 0.0107104362983 0.00595315523912 -0.0102532711183 0.0528739493658 0.0230552749489 0.0242915741739 0.0090521621001 0.0445328292945 0.0187240253701 0.000496375843217 -0.00613084682357 0.0015782348977 0.320765990288 0.0258680856331 -0.00256167909306 0.00425306991864 -0.00740375910784 -0.00763865524109 0.0182084892706 0.00914895254435 0.0189419320567 0.0119152502262 0.0692241299725 0.0227478813657 -0.00220187707679 0.00480531907186 0.0187884131109 0.00876871839365 0.0329135283175 0.0219560220169 0.0201661981817 -0.000286795151049 0.0139514911265 -0.00793913968787 0.026292229898 0.0304309853481 0.00709261341765 0.0387550715679 
0.0154687267216 0.0179002198798 0.010210831011 0.0039615022313 0.0111069687343 0.013636044081 0.0220296332383 0.028996223015 -0.00933159585322 -0.0112008878228 0.0338180340984 0.0658044162892 0.00432021230466 0.0283328464751 0.0179703553609 0.0179201358214 0.00390236406597 -0.00693687055998 -0.0229935887602 0.0413749483107 0.0253251023593 0.0285943353233 -0.00676922098644 0.00654084354239 0.0258680856331 0.234408239105 0.0119797188972 0.0229296163498 0.0256106010821 0.00886817083786 0.0437112014462 0.00363122413005 0.0158297447214 -0.0140580485886 -4.39363173882e-05 0.00412685538869 0.0170967179865 0.00437032148442 0.00682483388943 -0.000296622693942 0.0111590829308 0.00569135103863 0.00629228909857 0.0107820599676 0.0120583700987 0.00812338092643 0.00411383516188 0.000215013029932 0.00472618292168 -0.00521585834698 
0.0177850144631 0.00326969479283 0.0161123454931 0.0124864496984 0.0153650565457 0.0144176301616 0.0140604719014 0.0156199847857 3.20982716337e-06 0.011911437134 0.0036509958864 0.0103000459514 0.0294920475694 -0.0310915691231 0.0484212252261 0.0069359039692 0.0196437826323 0.0212492388283 0.012466197419 -0.00851139885305 0.0275766364531 0.0243413656006 0.0413388111284 -0.007227851015 -0.00256167909306 0.0119797188972 0.290288264553 -0.0170601815612 0.0381162194857 0.0232605926521 0.0194657531251 0.0150375439528 0.0189610842486 7.80957775445e-06 0.00801972907887 0.00575657826762 0.0149568892138 0.0300804202075 0.0152817653079 0.0183085274066 0.00274260654221 0.0387993981005 0.0235044089261 0.0160481739395 0.00842202474126 0.0129246399778 0.0181791563432 0.0246094081764 0.00475571072008 0.0557176420462 
0.0125855870548 0.0177589624033 -0.00596451776825 -4.8213278957e-05 0.00964119586899 -0.0014256746606 0.00967690797166 -0.00674154565373 -0.000316548886479 0.00400469917752 0.0238023450274 0.00253066663497 0.00606092730776 0.0240249778056 0.0298337296786 0.0107155415089 -0.000328239409892 0.00100731289511 -0.00528256243596 -0.00171283786106 0.0110335702107 0.0143368542572 0.0270820969154 -0.0116862003339 0.00425306991864 0.0229296163498 -0.0170601815612 0.177005066795 0.00919331872243 -0.0147502945913 0.00408077091557 -0.00850983223726 -0.00151013692333 0.0136948023886 -0.0057801603132 0.00424047461852 0.0147843723011 -0.0090488638838 0.0399323139703 0.00754656111154 0.0269490442507 0.00724949479284 0.030813099459 0.00685793878299 0.0104242262375 0.00419112335169 -0.00374835016022 0.0103727587411 0.00429353986049 0.00285190305792 
0.0144942172262 0.0206662420684 -0.00388426106043 0.0177673958257 0.0152934080688 0.00494887682527 0.0221958118148 -0.00641358958181 -0.014165698104 0.0103475853991 0.00404846014651 0.00551123380263 0.0697649245289 -0.00370006412007 0.028107229303 0.0164491708157 -0.0112651152921 0.0294374009992 -0.0110844190957 0.016078633918 0.0295205777409 0.0498721513206 0.0227859767723 0.0133637300579 -0.00740375910784 0.0256106010821 0.0381162194857 0.00919331872243 0.521106335512 0.00523580013509 0.0199970426649 0.030831460715 0.00166301332242 -0.00350113002811 -0.00801917720989 -0.0217566756296 0.0271480879812 0.00170438070058 0.0686456896777 0.0122308628941 0.0117821273666 0.0089955790492 0.0317882120567 0.00691080907562 0.00355317654282 0.00696644870325 0.00180927647814 0.0435447371508 0.0197338313195 0.0670608663841 
0.0128271309163 0.0262485390621 0.0205472548782 -0.000898633984549 0.0102063244828 0.025495285375 0.0172888099035 -0.0164886201575 0.0671948036491 -0.0365013278317 0.0158826714284 0.0148162757626 0.0288889124318 0.0250481839176 0.012749359946 0.030322391591 -0.00392205983327 0.0018836063271 -0.0127038113433 0.0275861740215 0.0164577523491 0.0301730821827 -0.000634566188666 0.00839171947677 -0.00763865524109 0.00886817083786 0.0232605926521 -0.0147502945913 0.0052358001351 0.344651256157 0.0149539845311 0.0200825060065 0.00664050650815 0.00553043054387 0.0232078611391 0.0170737787003 0.0194745345734 0.0031345448954 0.0309001429738 0.000235085576849 0.0201884434554 0.00632223054963 0.0312529127258 0.0204561746207 0.016840306786 0.00103480504628 0.0247401151509 0.0580467987198 0.0106184959445 -0.0480247261318 
0.0108306721618 -0.0193748123072 0.00296405417073 -0.00226933416708 0.0363132395508 0.0103275650355 -0.00144862823044 -0.00144695763041 -0.0159762956618 -0.0113633748812 0.0173116974297 0.0357979780377 0.00623647444491 0.0453307082754 0.00436888120918 -0.00182991413212 -0.0128665163818 0.0373119632288 0.00326115777357 0.0231934488075 0.0132664796915 -0.0151144334787 -0.00242383385183 0.00752572226759 0.0182084892706 0.0437112014462 0.0194657531251 0.00408077091557 0.0199970426649 0.0149539845311 0.193723700363 0.0174093806025 0.00440401383209 0.0214374204168 0.00110186892862 0.0204508391985 0.00439758685124 0.00242093719658 -0.00149293207445 0.0131631629411 0.0333122679681 -0.0139315148707 0.0255086991242 0.0189591127236 0.000657523006239 0.0142537721447 0.011692489918 -0.0101572834987 0.00802463681924 0.0196892319387 
0.0189678576674 0.03843692901 0.0132190837121 -0.0223411594302 -0.00580926899223 0.0381380183794 0.0104792071402 -0.016536997562 0.000270565288245 -0.0239474817631 0.0314796618209 -0.0118519967836 0.155758027332 0.0322252591645 -0.0511319870895 0.0126903776385 0.00136208808665 0.126756353593 0.0576494816123 -0.00803747935253 -0.0145934871029 -0.00285941534441 -0.00123276695172 0.155819996266 0.00914895254435 0.00363122413006 0.0150375439528 -0.00850983223725 0.030831460715 0.0200825060065 0.0174093806025 0.294649572095 0.0171139874752 -0.0220037454727 0.00361624433667 0.00508162900694 0.00922658547893 0.0161033738095 0.00339927199645 0.0602692037859 -0.00718650202018 0.00788420312876 -0.00413255618303 0.0270436424842 0.0115851216739 0.00674834420832 0.0244011931415 0.017604393303 0.00826436953078 -0.0302675239013 
0.00346600718867 -0.00756235769861 0.0136912302499 0.0202986344391 0.0324579110996 0.0140386968648 0.0315087103532 0.0302255015271 0.0626033771528 0.0122683616198 -0.001552259446 0.00671784055358 0.00843120080545 -0.00405427704285 0.00107798676785 0.0260700485022 0.0239040702815 0.0195281792134 0.0208135716304 0.00522327311402 0.0280342014362 0.00914990294965 0.0411759222354 -0.00348090944383 0.0189419320567 0.0158297447214 0.0189610842486 -0.00151013692333 0.00166301332242 0.00664050650815 0.00440401383209 0.0171139874752 0.152938308187 -0.00136606582165 0.0126006248094 0.0111543787863 0.0140752840804 0.00476893671167 0.00564156574208 -0.000301933968971 0.0122709813036 0.0232813627851 -0.00431446216798 0.00701952550433 0.00675355125807 -0.00534867105537 0.0213660783521 -0.00495452539354 0.0457028863577 0.0194883747989 
-0.0226423782118 0.104574118832 -0.00120625727562 -0.0029287822514 -0.010259904131 0.0152716641391 0.0224960220387 -0.00886015413091 0.0065503072362 -0.00185155052249 0.037539455483 0.0123142315498 0.019813096754 -0.0237574671899 0.0155731859425 0.0204225757804 0.00390977715655 -0.0116895409478 -0.0110950486279 0.00908247843206 0.001512887876 0.000269714848922 0.0121415662907 -0.0151627666132 0.0119152502262 -0.0140580485886 7.80957775569e-06 0.0136948023886 -0.00350113002811 0.00553043054387 0.0214374204168 -0.0220037454727 -0.00136606582165 0.797117112873 -0.0102209832193 0.0114074889691 -0.0031863232883 0.0186618330931 0.00429260497525 0.0236236657426 -0.0352782189128 0.0203046389627 0.0522917273754 -0.0096508705067 0.00631579583015 0.0126474294148 0.0255193022082 0.0148854988306 -0.0109736612672 0.0368040796586 
0.000357190215611 0.0314261332363 0.0173499497157 0.0088124401854 0.0117336659998 0.0129612381722 0.00806294979602 0.00787141458473 -0.00295446246938 0.00728820333602 0.00527978823054 -0.00524097001419 0.0176984486638 -0.0330718628196 0.0076153982695 0.0141721588856 -0.00100282568965 0.00880384243731 -0.0104424305664 0.0415531457005 0.0141509721285 0.0126248218669 0.0230530128701 -0.0228174565053 0.0692241299725 -4.39363173869e-05 0.00801972907887 -0.0057801603132 -0.00801917720989 0.0232078611391 0.00110186892862 0.00361624433667 0.0126006248094 -0.0102209832193 0.410430964073 -0.00439503995947 -0.0116468197732 0.0101858332825 0.0142459067711 -0.00164149302809 0.00851252168057 0.0105374662161 0.0700105474277 0.021571985973 0.00658962700981 0.00420135909057 0.00317808121494 0.00933740407777 -0.00377413683624 -0.0499443250188 
-0.00403693558151 -0.0312613138125 0.00230944601721 0.0215586487865 0.0116740200507 -0.00360797940705 0.0107362977877 -0.0180476444235 -0.00491019756721 0.00624173247036 0.0103036351953 0.0261776835969 0.0271392231925 0.0139755165344 0.000939853280627 0.0468454104828 0.0165646996295 0.0152739779174 0.0493280563012 0.0353887352078 0.00789469046171 0.0164022970579 0.0182987925301 0.00290745484662 0.0227478813657 0.00412685538869 0.00575657826762 0.00424047461852 -0.0217566756296 0.0170737787003 0.0204508391985 0.00508162900693 0.0111543787863 0.0114074889691 -0.00439503995946 0.186798687514 0.0171457218567 0.00558178984843 0.00358011912283 0.0149798853508 0.0576445006193 0.00239387493986 0.0135133935735 0.00163763094069 0.0114608451763 0.00387954403201 0.0258520713112 -0.00395929485797 0.00852560385721 0.0250987760385 
0.00370588274469 0.00316010133973 0.030165488628 0.0281455111509 0.0315006596801 0.0147224496578 0.00963306462097 -0.000206390492159 -0.0141973289067 0.0417924205483 0.0254463958119 0.00291312313228 -0.00640332325157 0.0119710647485 0.0201154457628 0.0122318915265 0.000335910602902 0.0226725951376 0.0278362497803 0.000583808195274 0.0100132512722 0.00584275997752 0.0202621985289 0.0285521906197 -0.00220187707679 0.0170967179865 0.0149568892138 0.0147843723011 0.0271480879812 0.0194745345734 0.00439758685123 0.00922658547893 0.0140752840804 -0.0031863232883 -0.0116468197732 0.0171457218567 0.31518429467 0.0307881156455 0.00340694912639 0.0193904195055 -0.00222214303077 0.0288019747464 0.0195838509927 0.0132715060874 0.0134161700011 0.015410347746 0.0272418470677 0.0021196906265 0.0341454011467 -0.00260661212263 
0.0206725562879 -0.0140997288443 0.017144221711 0.0100207743684 -0.0155472355957 0.0161449365763 0.00489730463209 -0.0113544793695 -0.0121473943833 0.00858753790792 -0.00580077952338 0.00854688324481 0.00719072859263 -0.00362608060451 -0.0114489766462 0.00757960153542 0.00383496881568 -0.0191810603908 0.00356600024459 0.0177185160521 0.0115904871171 0.0249502725261 0.0411086262993 0.00511107280529 0.00480531907187 0.00437032148442 0.0300804202075 -0.0090488638838 0.00170438070058 0.0031345448954 0.00242093719658 0.0161033738095 0.00476893671167 0.0186618330931 0.0101858332825 0.00558178984843 0.0307881156455 0.422942703301 0.0109515623992 0.0136899558973 0.0037823000633 0.00280598173858 0.0420161790635 0.0110776839526 0.00944352974381 -0.0101263350101 0.017943407265 0.00682827359298 0.00564179534968 -0.0128358290975 
-0.00881742405552 0.0530712429868 -0.00371744175752 -0.00705329863945 -0.00151732872934 -0.00360623779775 0.00381394014437 0.00910104405066 0.0478598706596 0.0485710562188 0.0115786640364 0.0167502032775 0.0427243712507 -0.00221645849838 0.0410031835011 0.000380997582933 0.00815699553288 0.0084359246974 0.0195600726018 0.00687658285822 0.0100078188666 0.00680889423036 0.129626279773 -0.00223603777364 0.0187884131109 0.00682483388943 0.0152817653079 0.0399323139703 0.0686456896777 0.0309001429739 -0.00149293207445 0.00339927199644 0.00564156574207 0.00429260497525 0.0142459067711 0.00358011912283 0.00340694912639 0.0109515623992 0.296505582355 -0.000623945299234 0.00577268767401 0.00523451444138 0.0760489377065 0.000999574369556 0.0167518330816 -0.0145769463425 0.010695436241 0.0140412191087 0.00428156275766 0.0149822632932 
0.0112517142759 -0.00772243547341 0.00593529571942 0.0138709521003 0.00924808923532 0.0538780108943 -0.00497976900438 -0.00351067336861 -0.00692501085694 0.00997931892774 0.0322174735442 -0.000288646666487 0.0319176884039 0.0129728716936 0.00169555691307 0.0141134979415 -0.000801324991375 0.0479532925532 0.0109628447331 0.02001329074 0.00783619475167 0.00886804743593 0.00884883490967 0.0536911667416 0.00876871839365 -0.000296622693949 0.0183085274066 0.00754656111154 0.0122308628941 0.000235085576848 0.0131631629411 0.0602692037859 -0.000301933968969 0.0236236657426 -0.00164149302809 0.0149798853508 0.0193904195055 0.0136899558973 -0.000623945299243 0.20195373425 -0.00466489233595 0.0296860040116 0.0102110841503 0.00359365571396 0.00114199830681 0.0107014535558 0.0172461512153 0.0202311664238 -0.000342601420805 0.000104228264826 
0.0654130998734 0.0375516202847 0.0051586735656 0.0192014431569 0.0226183912382 0.00358102018525 0.0200646654852 -0.0134963181161 0.0405004188841 0.00785250841888 0.0147173801487 0.0704321326173 0.00471070610219 0.0240584254992 -0.00225378165578 0.041155356634 0.0276951783114 0.00622950500839 0.0603056960795 0.00546712247882 0.011865197676 0.0292155628742 0.0140706123592 0.0152739943094 0.0329135283175 0.0111590829308 0.00274260654221 0.0269490442507 0.0117821273666 0.0201884434554 0.0333122679681 -0.00718650202018 0.0122709813036 -0.0352782189128 0.00851252168056 0.0576445006193 -0.00222214303077 0.0037823000633 0.00577268767401 -0.00466489233595 0.415421345552 -0.0102084526643 0.0364148425736 0.0346927053928 0.0205674863937 0.0102580805661 0.0207165927821 0.0890676703163 -0.0012914450649 0.0420906568921 
0.0300396206397 -0.0211164242656 0.0149244756874 0.00549912007327 0.0317667724765 0.0338918078894 0.0198529007327 -0.0143956530146 -0.0135806224547 0.0604468445549 -0.00262762895756 0.0499805192848 0.0299438913903 -0.00107935179059 -0.000619376535768 0.0105286229655 0.0222937029004 0.0310750541983 -0.0109741212592 0.038782777537 0.0235367303204 0.0233547561746 0.0161843145603 0.0151384807733 0.0219560220169 0.00569135103863 0.0387993981005 0.00724949479284 0.0089955790492 0.00632223054964 -0.0139315148707 0.00788420312876 0.0232813627851 0.0203046389627 0.0105374662161 0.00239387493986 0.0288019747464 0.00280598173858 0.00523451444139 0.0296860040116 -0.0102084526643 0.975202743702 0.0437503946559 0.0180603569567 0.000767866834076 0.00652361707223 0.00587574253704 0.0366222697603 0.026418038408 -0.0213471795234 
0.00837606903664 0.0369665580734 0.0155690038071 0.0162432977573 0.0187621335494 0.0124216974267 -0.00528830056222 0.0132868564575 0.0273324056212 0.0274477069336 0.018342561449 -0.00356033498448 0.0253482243026 0.0134190343984 -0.00246234830277 0.0102182367359 -0.00529060314127 0.0152065281458 0.000800114449622 0.0242980132312 0.0304042082398 -0.00450172919154 0.109315162243 -0.0243935864218 0.0201661981817 0.00629228909857 0.0235044089261 0.030813099459 0.0317882120567 0.0312529127258 0.0255086991242 -0.00413255618303 -0.00431446216798 0.0522917273754 0.0700105474277 0.0135133935735 0.0195838509927 0.0420161790635 0.0760489377065 0.0102110841503 0.0364148425736 0.0437503946559 0.390075400083 0.00514586188254 0.0200356549161 -0.0074153444917 0.0303470486912 -0.00635233509674 0.0043220950771 -0.0154844294412 
-6.4641057965e-05 0.00301057322354 0.0105704592619 0.00878920195541 0.0200821034235 0.00774232134269 0.00485079579077 -0.0185087610307 -0.0208778539948 0.00702970979625 0.023549849906 -0.00676666751217 -0.00118873429269 0.0163263484186 -0.000940550962069 0.00367122277239 0.00870322779318 0.0250708670196 0.014019656828 0.0019236369562 0.0179559701035 0.016874962576 0.0265946573047 0.0215290355266 -0.000286795151049 0.0107820599676 0.0160481739395 0.00685793878298 0.00691080907563 0.0204561746207 0.0189591127236 0.0270436424842 0.00701952550433 -0.0096508705067 0.021571985973 0.00163763094069 0.0132715060874 0.0110776839526 0.000999574369554 0.00359365571395 0.0346927053928 0.0180603569567 0.00514586188254 0.288734690295 0.010185898548 -0.00935803881905 0.0201911982594 -0.00971728844973 0.026682088312 -0.00672359622096 
0.016821460153 0.0227371019993 -0.00460702600158 -0.00550392375117 0.00547667250377 0.0125054615929 0.00661739774802 -0.000725950804164 0.0118418060145 0.0100277292912 0.016790387755 0.00556450849301 0.00817169092797 0.0186398790594 -0.00760701855934 0.0282826768116 0.0185375399053 0.00555144934131 0.0242931095294 0.01726036299 0.018048101848 0.00979966984983 0.0112531505795 -0.0119776754918 0.0139514911265 0.0120583700987 0.00842202474126 0.0104242262375 0.00355317654282 0.016840306786 0.000657523006239 0.0115851216739 0.00675355125807 0.00631579583015 0.00658962700981 0.0114608451763 0.0134161700011 0.00944352974381 0.0167518330816 0.00114199830681 0.0205674863937 0.000767866834076 0.0200356549161 0.010185898548 0.103935944595 0.0101649684523 0.0222896742774 -0.00426445512829 0.0206289037318 0.0139995813749 
0.0158080375337 0.029652618029 0.00442324131735 0.00562753251808 0.0127729225774 0.00287891486508 0.0080121470343 0.0428319240751 -0.0016831845349 0.0201848285162 0.0251664722729 -0.00950447498403 -0.00911016359597 0.0230064381236 0.00615966764064 -0.0068947756751 -0.0176794359263 0.00749813670537 0.0201404291656 -0.00725900840266 0.000655993022239 0.00490610278642 -0.0110148140526 0.0115594195833 -0.00793913968789 0.00812338092643 0.0129246399778 0.00419112335168 0.00696644870326 0.00103480504628 0.0142537721447 0.00674834420833 -0.00534867105537 0.0126474294148 0.00420135909058 0.00387954403203 0.015410347746 -0.0101263350101 -0.0145769463425 0.0107014535558 0.0102580805661 0.00652361707223 -0.0074153444917 -0.00935803881905 0.0101649684523 0.218053693371 -6.7252368264e-05 -0.00680366848665 -0.00432281481937 0.0150106238286 
0.0132295018904 0.0380935707853 0.00526604619576 0.0262388272121 0.028897962706 0.0328562667421 0.00349746451525 -0.00479886652435 -0.0246523109812 0.0373467301832 0.025328315342 0.00196571613614 0.033978253206 0.0224512420445 -0.00483303559039 0.0355993147554 0.039815216621 0.0384973675244 0.0161613705401 0.0310778106496 0.0425292474203 0.0232792222776 0.0256184707285 0.0130476137734 0.026292229898 0.00411383516188 0.0181791563432 -0.00374835016022 0.00180927647814 0.0247401151509 0.011692489918 0.0244011931415 0.0213660783521 0.0255193022082 0.00317808121495 0.0258520713112 0.0272418470677 0.017943407265 0.010695436241 0.0172461512153 0.0207165927821 0.00587574253704 0.0303470486912 0.0201911982594 0.0222896742774 -6.7252368269e-05 0.17498855058 -0.0116394172277 0.0143374960064 0.00777209046867 
