20
0.0861150338972 0.0998681056981 0.0368602928082 0.148588071013 0.0367129888202 0.0963264580192 0.0316067218978 0.0445346556631 0.114977551813 0.0833786368315 0.0609589558998 0.0521298167044 0.0913653440874 0.00194148072761 0.0189508527873 0.0256858872149 -0.00648668223639 0.126255379542 0.0475630895173 0.0301217617298 
0.242640751682 0.0401822973247 0.0244881357914 0.0309377881319 0.0251003660301 0.0299520498982 0.0245312379298 0.00340548857239 0.0235780025581 0.0213862647796 0.0514185756643 0.0174533208644 0.0361903489164 0.0280473781884 0.016497205716 0.0225328602556 0.0259422479875 0.0305871376157 0.0294619815857 0.00411527809701 
0.0401822973247 0.417309928736 0.0167215160982 0.0292014801507 0.0268760391138 0.0304383062411 0.0359984123401 0.030587474538 0.019722601662 0.0412679786707 0.027275391275 0.0228261424904 0.00677467773629 0.0265315122045 0.0532526388181 0.0128406929578 0.0310714203463 0.0918197997617 0.00660086927614 -0.00569441432705 
0.0244881357914 0.0167215160982 0.338207427828 0.00852807065077 -0.00163962118075 0.00941112969299 0.00224162342246 -0.0095408096437 -0.0101863120766 -0.00126838530117 0.0078106374209 0.00644928074865 -0.00287441762519 0.0142441435625 0.0220067923045 -0.00400544889248 0.0223478873939 0.0114025911931 0.0121868937323 0.000301386385115 
0.0309377881319 0.0292014801507 0.00852807065077 0.483616426027 0.0434800481208 0.0387181744851 0.0351318260442 0.0182536685078 0.0122961968378 0.0404582278234 0.00230540310723 0.0260437103302 0.0503677599416 0.0390902186021 0.0125021244832 0.0173770479008 0.0384150660048 0.0270837586682 -0.0111780743419 0.0162944725032 
0.0251003660301 0.0268760391138 -0.00163962118075 0.0434800481208 0.296906985791 0.014699565709 0.0339533761726 0.0145004332926 0.0100053401933 0.0481704475134 0.0410340735089 0.0273104728643 0.0680624800319 0.0449511876993 0.0163999862922 0.0299168928187 0.0256933087887 0.0328486296796 0.00996028144293 0.0133532068604 
0.0299520498982 0.0304383062411 0.00941112969299 0.0387181744851 0.014699565709 0.465246129156 0.0419755543531 0.042572314633 0.013349204228 0.018883222371 0.0699578559087 0.0394711920627 0.0419219112043 0.0266243283455 0.0349685227726 0.0214151438745 0.0237497461772 0.0271760948101 -0.0179050379703 0.0124845772234 
0.0245312379298 0.0359984123401 0.00224162342246 0.0351318260442 0.0339533761726 0.0419755543531 0.146926436914 0.0276419051112 0.0204781639599 0.00849439166355 0.0331272015258 0.0504994124016 0.0280741091854 0.0330139856585 -0.0129110294897 0.0279617885577 0.00169156438676 0.0222553219121 0.00640769598102 0.0205838733626 
0.00340548857239 0.030587474538 -0.0095408096437 0.0182536685078 0.0145004332926 0.042572314633 0.0276419051112 0.629943526324 -0.00170271880118 0.022067549119 -0.0030309438793 0.0322450300425 0.0360276112165 0.0279704873312 0.00772844264613 0.0559423352883 -0.000335240131751 0.00701728759335 -0.00300905397387 -0.00219378888868 
0.0235780025581 0.019722601662 -0.0101863120766 0.0122961968378 0.0100053401933 0.013349204228 0.0204781639599 -0.00170271880118 0.616872765756 0.025879896911 -0.00818709481548 0.0245630864005 0.0120692091969 0.0285908743001 0.0526564587975 -0.0112008081582 0.0278355404066 0.0171423393683 -0.0254233606637 0.0102291282299 
0.0213862647796 0.0412679786707 -0.00126838530117 0.0404582278234 0.0481704475134 0.018883222371 0.00849439166355 0.022067549119 0.025879896911 0.38345109096 0.0262374725364 0.0126330377335 0.0644847709522 0.0221335283303 0.0184121139251 0.0160043327162 0.0203116918337 0.020491473134 0.015082081444 0.0159567903371 
0.0514185756643 0.027275391275 0.0078106374209 0.00230540310723 0.0410340735089 0.0699578559087 0.0331272015258 -0.0030309438793 -0.00818709481548 0.0262374725364 0.44470588259 0.0101126994062 0.0318098153696 0.020960122308 0.0204813460151 0.0360153690002 0.0330288782493 0.0441525297904 0.00470295815305 0.0258337900971 
0.0174533208644 0.0228261424904 0.00644928074865 0.0260437103302 0.0273104728643 0.0394711920627 0.0504994124016 0.0322450300425 0.0245630864005 0.0126330377335 0.0101126994062 0.166705697644 0.0207535826331 0.0257394598098 0.0144029721909 0.0278847487773 0.0106308871467 0.00553241219264 0.0021624775428 0.0127769820614 
0.0361903489164 0.00677467773629 -0.00287441762519 0.0503677599416 0.0680624800319 0.0419219112043 0.0280741091854 0.0360276112165 0.0120692091969 0.0644847709522 0.0318098153696 0.0207535826331 0.376050694262 0.0214535303113 0.0140891466786 0.0172342570812 0.0228275525331 0.064313320237 0.0374703969807 0.0137623645223 
0.0280473781884 0.0265315122045 0.0142441435625 0.0390902186021 0.0449511876993 0.0266243283455 0.0330139856585 0.0279704873312 0.0285908743001 0.0221335283303 0.020960122308 0.0257394598098 0.0214535303113 0.227761654305 0.0207139904234 0.0344969018675 -0.00553263330361 0.0509252942309 0.00848139171681 0.0243676523922 
0.016497205716 0.0532526388181 0.0220067923045 0.0125021244832 0.0163999862922 0.0349685227726 -0.0129110294897 0.00772844264613 0.0526564587975 0.0184121139251 0.0204813460151 0.0144029721909 0.0140891466786 0.0207139904234 0.394567508773 0.0193139896348 -0.00285712131205 0.0430752826275 -0.0306202044388 0.00899131608433 
0.0225328602556 0.0128406929578 -0.00400544889248 0.0173770479008 0.0299168928187 0.0214151438745 0.0279617885577 0.0559423352883 -0.0112008081582 0.0160043327162 0.0360153690002 0.0278847487773 0.0172342570812 0.0344969018675 0.0193139896348 0.220824025771 0.0128248578583 0.0183943344723 -0.0043317110072 0.0153409802195 
0.0259422479875 0.0310714203463 0.0223478873939 0.0384150660048 0.0256933087887 0.0237497461772 0.00169156438676 -0.000335240131751 0.0278355404066 0.0203116918337 0.0330288782493 0.0106308871467 0.0228275525331 -0.00553263330361 -0.00285712131205 0.0128248578583 0.265900384728 0.0373754676427 0.00780284013492 -0.0163574006489 
0.0305871376157 0.0918197997617 0.0114025911931 0.0270837586682 0.0328486296796 0.0271760948101 0.0222553219121 0.00701728759335 0.0171423393683 0.020491473134 0.0441525297904 0.00553241219264 0.064313320237 0.0509252942309 0.0430752826275 0.0183943344723 0.0373754676427 0.529855017997 0.00671600933215 0.00758246259376 
0.0294619815857 0.00660086927614 0.0121868937323 -0.0111780743419 0.00996028144293 -0.0179050379703 0.00640769598102 -0.00300905397387 -0.0254233606637 0.015082081444 0.00470295815305 0.0021624775428 0.0374703969807 0.00848139171681 -0.0306202044388 -0.0043317110072 0.00780284013492 0.00671600933215 0.316258126064 0.0156199293571 
0.00411527809701 -0.00569441432705 0.000301386385115 0.0162944725032 0.0133532068604 0.0124845772234 0.0205838733626 -0.00219378888868 0.0102291282299 0.0159567903371 0.0258337900971 0.0127769820614 0.0137623645223 0.0243676523922 0.00899131608432 0.0153409802195 -0.0163574006489 0.00758246259376 0.0156199293571 0.194679977411 
0.021013305495 0.00347988902656 0.00212073476867 0.00267929104591 0.00217375546264 0.00259392361073 0.00212446752335 0.000294923961599 0.00204191491858 0.00185210485912 0.00445297927517 0.00151150192489 0.00313417615334 0.00242897420207 0.00142869992415 0.00195140294013 0.00224666457884 0.00264892382042 0.0025514824499 0.000356393537565 
0.00347988902656 0.0361400999537 0.00144812577308 0.00252892236386 0.00232753326256 0.0026360346453 0.00311755395825 0.00264895299875 0.0017080274068 0.00357391178917 0.00236211817423 0.00197680192671 0.000586704302208 0.00229769635699 0.0046118138035 0.00111203663036 0.00269086393515 0.0079518279164 0.00057165204802 -0.00049315074669 
0.00212073476867 0.00144812577308 0.0292896224248 0.000738552582884 -0.000141995359511 0.000815027739244 0.000194130282957 -0.000826258352412 -0.000882160502925 -0.00010984538926 0.000676421042625 0.000558524096447 -0.00024893186845 0.00123357901803 0.00190584411915 -0.000346882049445 0.00193538382041 0.000987493364215 0.00105541595654 2.61008265864e-05 
0.00267929104591 0.00252892236386 0.000738552582884 0.0418824110627 0.00376548262303 0.00335309226923 0.00304250538357 0.001580814064 0.00106488188314 0.00350378530872 0.000199653765682 0.00225545147547 0.00436197596412 0.00338531223489 0.00108271574037 0.00150489649249 0.00332684230482 0.00234552230366 -0.000968049634552 0.00141114271291 
0.00217375546264 0.00232753326256 -0.000141995359511 0.00376548262303 0.0257128992256 0.00127301973286 0.00294044863097 0.00125577435973 0.000866487878091 0.00417168312582 0.00355365500795 0.00236515632899 0.00589438367522 0.00389288704779 0.00142028047507 0.00259087891833 0.00222510581183 0.0028447747782 0.000862585675842 0.00115642163631 
0.00259392361073 0.0026360346453 0.000815027739244 0.00335309226923 0.00127301973286 0.0402914966861 0.00363518964077 0.00368687059701 0.00115607499817 0.00163533502786 0.00605852804112 0.0034183055044 0.00363054400781 0.00230573447059 0.00302836290539 0.0018546058621 0.00205678835229 0.00235351884812 -0.0015506217738 0.00108119610309 
0.00212446752335 0.00311755395825 0.000194130282957 0.00304250538357 0.00294044863097 0.00363518964077 0.0127242026855 0.00239385920353 0.00177346102121 0.000735635897033 0.00286889980777 0.0043733774016 0.00243128917432 0.00285909502604 -0.00111812795271 0.00242156192262 0.000146493773107 0.00192736741453 0.000554922749929 0.00178261572403 
0.000294923961599 0.00264895299875 -0.000826258352412 0.001580814064 0.00125577435973 0.00368687059701 0.00239385920353 0.0545547096747 -0.000147459773732 0.00191110581363 -0.000262487439692 0.00279250151626 0.00312008265511 0.0024223152585 0.000669302766324 0.00484474835067 -2.90326470465e-05 0.000607714932151 -0.000260591718273 -0.000189987690813 
0.00204191491858 0.0017080274068 -0.000882160502925 0.00106488188314 0.000866487878091 0.00115607499817 0.00177346102121 -0.000147459773732 0.0534227486047 0.00224126481722 -0.000709023209339 0.00212722568182 0.00104522417681 0.00247604234603 0.0045601830992 -0.00097001844079 0.00241062851202 0.00148457013733 -0.00220172761843 0.000885868490567 
0.00185210485912 0.00357391178917 -0.00010984538926 0.00350378530872 0.00417168312582 0.00163533502786 0.000735635897033 0.00191110581363 0.00224126481722 0.033207838588 0.00227223177476 0.00109405316042 0.00558454498018 0.00191681978094 0.00159453583965 0.00138601587029 0.00175904411219 0.0017746136295 0.00130614656725 0.00138189857948 
0.00445297927517 0.00236211817423 0.000676421042625 0.000199653765682 0.00355365500795 0.00605852804112 0.00286889980777 -0.000262487439692 -0.000709023209339 0.00227223177476 0.0385126591535 0.000875785458665 0.00275481081998 0.00181519983851 0.00177373659528 0.00311902244808 0.00286038476224 0.00382372124398 0.000407288123348 0.00223727185001 
0.00151150192489 0.00197680192671 0.000558524096447 0.00225545147547 0.00236515632899 0.0034183055044 0.0043733774016 0.00279250151626 0.00212722568182 0.00109405316042 0.000875785458665 0.0144371369115 0.00179731297798 0.0022291026075 0.00124733398073 0.00241489008193 0.000920661833381 0.000479120950304 0.000187276048718 0.00110651910489 
0.00313417615334 0.000586704302208 -0.00024893186845 0.00436197596412 0.00589438367522 0.00363054400781 0.00243128917432 0.00312008265511 0.00104522417681 0.00558454498018 0.00275481081998 0.00179731297798 0.0325669454342 0.00185793022504 0.00122015589413 0.00149253044476 0.00197692403999 0.00556969691269 0.00324503156752 0.00119185572925 
0.00242897420207 0.00229769635699 0.00123357901803 0.00338531223489 0.00389288704779 0.00230573447059 0.00285909502604 0.0024223152585 0.00247604234603 0.00191681978094 0.00181519983851 0.0022291026075 0.00185793022504 0.0197247378636 0.00179388419204 0.00298751933691 -0.000479140099075 0.00441025984991 0.000734510068621 0.00211030060023 
0.00142869992415 0.0046118138035 0.00190584411915 0.00108271574037 0.00142028047507 0.00302836290539 -0.00111812795271 0.000669302766324 0.0045601830992 0.00159453583965 0.00177373659528 0.00124733398073 0.00122015589413 0.00179388419204 0.0341705486105 0.00167264056722 -0.000247433963793 0.00373042890306 -0.0026517874913 0.000778670814248 
0.00195140294013 0.00111203663036 -0.000346882049445 0.00150489649249 0.00259087891833 0.0018546058621 0.00242156192262 0.00484474835067 -0.00097001844079 0.00138601587029 0.00311902244808 0.00241489008193 0.00149253044476 0.00298751933691 0.00167264056722 0.0191239216084 0.00111066527052 0.00159299609387 -0.000375137177409 0.0013285678589 
0.00224666457884 0.00269086393515 0.00193538382041 0.00332684230482 0.00222510581183 0.00205678835229 0.000146493773107 -2.90326470465e-05 0.00241062851202 0.00175904411219 0.00286038476224 0.000920661833381 0.00197692403999 -0.000479140099075 -0.000247433963793 0.00111066527052 0.0230276488051 0.00323681044569 0.000675745777851 -0.00141659245018 
0.00264892382042 0.0079518279164 0.000987493364215 0.00234552230366 0.0028447747782 0.00235351884812 0.00192736741453 0.000607714932151 0.00148457013733 0.0017746136295 0.00382372124398 0.000479120950304 0.00556969691269 0.00441025984991 0.00373042890306 0.00159299609387 0.00323681044569 0.0458867905908 0.00058162346937 0.000656660522944 
0.0025514824499 0.00057165204802 0.00105541595654 -0.000968049634552 0.000862585675842 -0.0015506217738 0.000554922749929 -0.000260591718273 -0.00220172761843 0.00130614656725 0.000407288123348 0.000187276048718 0.00324503156752 0.000734510068621 -0.0026517874913 -0.000375137177409 0.000675745777851 0.00058162346937 0.0273887571325 0.00135272556286 
0.000356393537565 -0.00049315074669 2.61008265864e-05 0.00141114271291 0.00115642163631 0.00108119610309 0.00178261572403 -0.000189987690813 0.000885868490567 0.00138189857948 0.00223727185001 0.00110651910489 0.00119185572925 0.00211030060023 0.000778670814248 0.0013285678589 -0.00141659245018 0.000656660522945 0.00135272556286 0.0168597806046 

['SPLS', 'XLNX', 'NCR', 'CC', 'S', 'MON', 'MTB', 'DJ', 'ADM', 'INTU', 'NAV', 'BK', 'FLR', 'CMCSA', 'SLR', 'MET', 'TIN', 'TER', 'NKE', 'MDP']