40
0.00496789573306 0.0966324757555 0.126514999345 0.00610402508206 0.0506132512338 0.168192385625 0.0905877796438 0.0415097954764 0.39235550597 0.00643120824938 0.0445346556631 0.0123351660469 0.134627172929 0.101218808556 0.0328562524986 0.0328492958576 0.0450347688147 0.0136100125143 0.101022755506 0.0493961611292 0.00477989818121 0.100886603299 0.0904248988876 0.128291051585 0.101801748802 0.0498180241401 0.0674926048947 0.13534553156 0.0101927526284 0.0088766616328 0.0316717201181 0.0413132452317 0.0479071153807 0.0482129600444 0.070293401022 0.0520830917934 0.139274044211 0.357744060202 0.0669670800901 0.0916953774684 
0.162338714103 -0.00355893890695 0.0458929302635 0.0211168856162 0.0124793451552 0.0139977752383 0.0238768375026 0.0308034519566 -0.0162620138443 0.0198400035346 0.00462373949095 0.0100457022091 0.00826067251541 0.0249764963973 0.020332519287 0.0120746101606 0.0507064965656 -0.00129030342918 0.0125727820299 0.0252325605972 0.00211224122326 -0.00146073238825 0.0516174408122 0.00321953009801 0.00984161336743 0.0141025146884 0.0101317358651 0.0196100389135 0.00346023336908 0.00364770813614 0.0275392249526 0.00340950984467 0.0290843076042 -0.000694705798359 -8.69710055557e-05 0.0468609901433 0.01506571498 0.0197000171085 -0.010192490085 0.00726398948536 
-0.00355893890695 0.455558132921 0.0245136581509 0.0334487700802 0.0291120228232 -0.00237372430787 -0.00570277949036 0.00176644367051 -0.0423070414409 0.0213778362236 0.0382921459105 0.0216159588342 0.0934102749271 0.0660683096126 0.00921861366966 0.0209744031137 -0.00840292757489 0.0184841101038 -0.0246668367012 0.0207970273469 0.0123630974533 0.0220746051971 -0.00365568241561 0.0264185771067 -0.00584813222897 -0.000865113311324 0.0214949662589 0.0221277027805 0.0322578121179 0.0258402938137 0.000416424811382 0.0197800215364 0.00326128915841 0.0210733218538 0.00597829873512 -0.00419502017672 0.0585860706157 0.013833514071 0.0602907478976 0.0382385183741 
0.0458929302635 0.0245136581509 0.253008064378 0.0229657441475 0.0088259828722 0.00215946796592 0.0279280820701 0.0283009158826 0.00788734054775 0.0120440100823 0.0239535447061 -0.00403122250924 0.0220301147925 0.0201910360333 0.0508287859039 0.0337322395704 0.067196115178 0.00836890771293 0.00549951467719 0.00876961926231 0.00697895837768 0.0264222185317 0.0568719099163 0.0243416898805 0.0223464657566 0.0500886950452 0.0176506096191 0.0354195987368 0.00760281832293 0.0123954588651 0.0275300439743 0.0148937032249 0.0245505735377 0.00737107915741 0.00204444948216 0.035302363152 0.0398189827821 0.00793503834848 -0.000635836452479 0.00956257205288 
0.0211168856162 0.0334487700802 0.0229657441475 0.173074386429 0.027140333425 0.00928761007696 -0.01051459377 -0.00537504367309 0.0340024387843 0.0435595971986 0.0284057478054 0.0112120668067 0.0125357086387 0.0126937732218 0.0280527636059 0.0149534012754 0.01757644926 0.0162447117506 0.0253365776111 0.0169467046906 0.022061390013 0.00598907996946 0.00156481685819 0.0028605452222 0.0146413762724 -0.0132334427983 0.00892933036266 0.0139211023709 0.0157097978144 0.0066052402496 0.00793345792537 0.0154386117038 0.0142307869767 0.0377877410047 0.0166432038954 0.0310843903041 0.0296233821156 0.000943859384259 0.0258229221114 0.0289475006181 
0.0124793451552 0.0291120228232 0.0088259828722 0.027140333425 0.146980053701 0.0327305292728 0.0079505119539 0.00247789785946 0.0656348817921 0.0203471888432 0.0113213248258 0.0296263915223 0.014587600459 0.026107579955 0.000541166554233 0.0197069308109 0.0106487874127 0.0126188536705 0.0110927444249 0.00218977603573 0.00807342107603 -0.00452236623614 -0.00411947926946 0.0180856022033 0.000157477837372 0.00317317626557 0.0170960029946 0.0381099339384 0.025506185693 0.0254985729204 0.0211649702237 0.0141059267683 0.0028152025905 0.0114706468017 0.0126287638149 0.00348950358952 0.0181575848891 0.00842861668429 0.0307839736488 0.0440970966504 
0.0139977752383 -0.00237372430787 0.00215946796592 0.00928761007696 0.0327305292728 0.711886344494 0.0627673267031 -0.00924153764753 -0.00951809966467 0.0351974547632 0.00787800658297 -0.0133078110686 -0.0192969694468 -0.0157517956715 0.00476380847314 0.00854008178312 0.0010098708458 -0.0113279424616 0.0174532905275 -0.00672901567154 -0.00217537386546 0.0030633610689 -0.007398697031 0.0109162939937 -0.00304957375509 0.0477423933881 -0.0245449017399 0.0316574166495 0.0123125037107 0.0326219422804 0.00785827627158 0.00303692458688 -0.0137469768257 0.0166264342135 -0.00151583305675 0.00351378114575 -0.00910722486912 -0.0220628372697 -0.00999051965049 0.0104524975583 
0.0238768375026 -0.00570277949036 0.0279280820701 -0.01051459377 0.0079505119539 0.0627673267031 0.435427346296 0.0233619874551 -0.0167445818975 0.0296543910835 -0.00361105309367 0.00201422534601 -0.0342254623286 0.0464186584608 0.038811277211 0.0379394690822 0.0255800754583 0.0179363897196 0.0227077825512 0.0139350467462 0.0168639895798 0.0206691932184 0.0257155408053 0.0247456987306 0.0209140038016 0.0321804951778 -0.0234908929654 0.020620532234 0.00853264808728 0.0434395030163 0.0132717340225 0.0305154127623 0.00347933038063 0.0144971730566 0.0215989083746 0.0141917978004 0.00720833102133 -0.00619224560882 0.00687578572958 0.0682526244516 
0.0308034519566 0.00176644367051 0.0283009158826 -0.00537504367309 0.00247789785946 -0.00924153764753 0.0233619874551 0.415013368897 0.00357867648399 0.0114913363592 0.0875025413583 0.0184367797919 0.0032841313513 -0.0154961899143 0.011157644845 -0.0133495871056 0.0270670189222 -0.0162321000442 -0.0126734185733 -0.0117610841686 0.00843684483711 -0.0185343150655 0.165852257523 -0.0257889124209 0.0298814011434 0.12019448332 0.0194973756189 0.0437315193081 0.0131820478633 0.0484623705029 0.0258060203173 -0.000473101712745 0.00781783034482 0.0458164065654 0.029688936538 0.0126119928014 0.0379758302171 0.0097866704547 -0.030263913079 0.0569986930405 
-0.0162620138443 -0.0423070414409 0.00788734054775 0.0340024387843 0.0656348817921 -0.00951809966467 -0.0167445818975 0.00357867648399 3.20058568946 0.02659930035 0.068844675607 0.00893005719733 -0.0230905582857 0.0392520440583 -0.0238576635082 0.0183297591871 -0.0118103548534 0.0271521438328 -0.0245697550015 -0.022888031519 -0.00183765837524 0.0275823475999 -0.0162195866902 0.0232689954679 -0.0106578902164 0.00646762387092 -0.0419327521794 0.069581630698 0.0295041121889 0.0477472209078 -0.00549640200721 0.0299091541623 0.0524645654589 -0.0321622459373 -0.0076878042315 0.000204310128915 0.153735298616 -0.00873343948509 0.00123742257202 -0.00770549532887 
0.0198400035346 0.0213778362236 0.0120440100823 0.0435595971986 0.0203471888432 0.0351974547632 0.0296543910835 0.0114913363592 0.02659930035 0.202299503308 0.0223629969907 0.0170584318952 0.00923647315052 -0.0018087876839 0.0219991511783 0.0096589108535 0.0212780422117 0.0146838988989 0.0190046748729 0.0103522169684 0.00775635290712 -0.0181946934778 0.00271249175526 0.0223701005414 -0.000890190465066 -0.00974990127574 0.0139889799201 0.0158400261197 0.027323976572 0.0550469778593 0.0229402911663 0.0167392039809 0.0151530273713 0.0160392138245 0.0145586255472 0.0172305085771 0.0177818565062 0.00994875321855 0.0199297039177 0.028335266048 
0.00462373949095 0.0382921459105 0.0239535447061 0.0284057478054 0.0113213248258 0.00787800658297 -0.00361105309367 0.0875025413583 0.068844675607 0.0223629969907 0.610474282228 0.0346854862833 0.0137778206554 0.00921621607875 -0.00208146075252 -0.00264434690625 0.0065822171982 0.00316268829791 0.0110037284147 -0.000781570374455 0.0294389869544 0.0203025469933 0.0143321360635 0.0452893651989 -0.00387443776761 0.033674568709 0.0134385830636 -0.00289174942579 0.0397575712281 0.0169935461213 0.0481684240041 0.0228895259195 0.0367199492887 0.037453402493 -0.00434350143446 0.0166210942812 -0.0138150801552 -0.0211030760265 0.00639687429283 0.0650948968476 
0.0100457022091 0.0216159588342 -0.00403122250923 0.0112120668067 0.0296263915223 -0.0133078110686 0.00201422534601 0.0184367797919 0.00893005719733 0.0170584318952 0.0346854862833 0.217555525888 -0.0173385760408 0.0147699511931 0.0342530818252 0.0173912042739 -0.0176879101957 0.00695981815387 -0.0127912453128 -0.00698647498802 0.029726220292 -0.0055522139653 0.0108873858145 0.00249912095827 0.00747358667539 -0.0249712526622 0.0313895991107 -0.00235283467337 0.00337650223259 0.0160006980846 0.00580773199777 0.0157313098064 0.0226025827995 -0.000956921687847 -0.00424390506565 0.00695891233534 0.0268878226796 0.00534658446972 0.00484468960724 0.0317728358082 
0.00826067251541 0.0934102749271 0.0220301147925 0.0125357086387 0.014587600459 -0.0192969694468 -0.0342254623286 0.0032841313513 -0.0230905582857 0.00923647315052 0.0137778206554 -0.0173385760408 0.735761607783 0.0436735914653 0.016426387465 0.0121708732868 -0.0022541684224 0.0266970383428 0.00584943192656 0.0228262578756 0.0144799165817 0.0301213590398 -0.00227215969778 0.0154576426278 0.0281779017101 0.0182462775392 0.0220491223725 0.0125573452517 0.01786656877 0.0216059296102 0.000721449944238 0.00936379601065 0.0222663296454 0.00340328398043 0.0107005858853 0.00351313767702 0.0309202915871 0.0110452438032 0.0197517166478 0.0315975395478 
0.0249764963973 0.0660683096126 0.0201910360333 0.0126937732218 0.026107579955 -0.0157517956715 0.0464186584608 -0.0154961899143 0.0392520440583 -0.0018087876839 0.00921621607875 0.0147699511931 0.0436735914653 0.329407343791 0.0148521131994 0.0295993261524 0.0239130726715 0.019471738908 0.0296369198594 0.00435927329076 0.0238097202253 0.0275907967766 0.00108110882004 0.0465500826692 -0.00161654661116 -0.013267781976 0.0419045467833 0.0327096131679 0.020071346578 0.00632463829318 0.0108712764699 0.0171099580589 0.0134585107224 0.0276293419417 0.0131130827838 0.0168317442229 0.0221672820597 0.0196702625454 0.0438711756366 0.0412135059174 
0.020332519287 0.00921861366966 0.0508287859039 0.0280527636059 0.000541166554233 0.00476380847314 0.038811277211 0.011157644845 -0.0238576635082 0.0219991511783 -0.00208146075252 0.0342530818252 0.016426387465 0.0148521131994 0.313443878536 0.0252914413823 -0.0083401879607 -0.00114009772145 -0.00182078402028 -0.00084060510144 0.00873838909678 0.000235512823742 0.0562111990763 0.0128365686677 0.0177085227419 0.00929093007636 0.00249557621852 0.0264750700962 0.0191889347809 0.0258183158631 0.0196066646911 0.00769056943047 0.03335024147 0.0088307829604 -0.0116234292413 0.0207993111981 0.0762319543256 -0.0192036017955 0.0142569151599 0.0307599243622 
0.0120746101606 0.0209744031137 0.0337322395704 0.0149534012754 0.0197069308109 0.00854008178312 0.0379394690822 -0.0133495871056 0.0183297591871 0.0096589108535 -0.00264434690625 0.0173912042739 0.0121708732868 0.0295993261524 0.0252914413823 0.337425963891 0.00555667564861 -0.00563029513642 0.00775273439982 0.00609221551195 0.012173275821 -0.00295504434681 0.0100836857141 0.013591432863 -0.00727462142548 0.0126921718078 0.00484320506755 0.0177171978385 0.0107842901203 0.0196152004559 -0.00632346979412 -0.00123627499613 0.00340513529392 -0.00237541366608 0.0166945161363 0.0130532772201 0.0100414862782 0.00970397839429 0.0179099669515 0.0478329565227 
0.0507064965656 -0.00840292757489 0.067196115178 0.01757644926 0.0106487874127 0.0010098708458 0.0255800754583 0.0270670189222 -0.0118103548534 0.0212780422117 0.0065822171982 -0.0176879101957 -0.0022541684224 0.0239130726715 -0.0083401879607 0.00555667564861 0.190800570642 0.0021962539317 0.0262340666123 0.0217222239072 0.00877996225561 0.0158360226486 0.0266016894248 0.00663061420002 0.00867680447656 0.00536480650594 0.0203809645812 0.00922832321522 -0.00722069957526 0.027954732738 0.00783190111252 0.00153855221134 0.0179488293979 -0.00588104282218 0.00664654052022 0.046013113015 -0.00591381000874 0.00752880022581 -0.0150546488803 0.023187173953 
-0.00129030342918 0.0184841101038 0.00836890771293 0.0162447117506 0.0126188536705 -0.0113279424616 0.0179363897196 -0.0162321000442 0.0271521438328 0.0146838988989 0.00316268829791 0.00695981815387 0.0266970383428 0.019471738908 -0.00114009772145 -0.00563029513642 0.0021962539317 0.156726740998 0.0124849433947 0.00213570248451 0.00974746760607 0.00186327193804 -0.00438551255509 0.00777577315918 0.0104830059838 0.00129494422099 0.0198476328953 0.00609777974672 0.0245743824718 0.0200182176769 -0.000482908697834 0.0108498171824 0.000868598723317 0.00700326760573 -0.00285958891314 0.00534664687747 0.0148279711411 0.00386148460214 0.00827923701452 -0.00550206763432 
0.0125727820299 -0.0246668367012 0.00549951467719 0.0253365776111 0.0110927444249 0.0174532905275 0.0227077825512 -0.0126734185733 -0.0245697550015 0.0190046748729 0.0110037284147 -0.0127912453128 0.00584943192656 0.0296369198594 -0.00182078402028 0.00775273439982 0.0262340666123 0.0124849433947 0.46567809551 0.0164258900773 0.0202581095622 0.0135294011995 0.00566187102249 0.0143746860484 0.00717731086267 -0.0114846557213 0.0158501402341 0.00282860230296 0.0168895428478 -0.0321379470804 0.00952135844315 0.0306182026342 0.0143017272203 0.00449533493441 -0.0225821087807 0.00235342864208 -0.00106407807032 -0.00410890446222 0.00987559743389 0.0496616004012 
0.0252325605972 0.0207970273469 0.00876961926231 0.0169467046906 0.00218977603573 -0.00672901567154 0.0139350467462 -0.0117610841686 -0.022888031519 0.0103522169684 -0.000781570374455 -0.00698647498802 0.0228262578756 0.00435927329076 -0.00084060510144 0.00609221551195 0.0217222239072 0.00213570248451 0.0164258900773 0.399645831098 0.0352013445689 -0.00118288112717 0.0107376520856 0.00683362273521 0.146629793338 -0.0050002707029 -0.00844014641939 0.0265293565824 0.0112568082168 0.00586384949029 0.0123794781132 0.0025405827558 0.00914301319796 0.0135494853175 0.0326544428296 0.00639872245588 0.0193310751517 -0.0166447375741 0.0216343893606 -0.000954296906 
0.00211224122326 0.0123630974533 0.00697895837768 0.022061390013 0.00807342107603 -0.00217537386546 0.0168639895798 0.00843684483711 -0.00183765837524 0.00775635290712 0.0294389869544 0.029726220292 0.0144799165817 0.0238097202253 0.00873838909678 0.012173275821 0.00877996225561 0.00974746760607 0.0202581095622 0.0352013445689 0.166472370668 -0.0115164844167 0.00735185053896 0.0235699448897 0.0209736077797 -0.00501945500388 0.0242823445064 0.0231872830727 0.0278373875096 0.00616642235152 0.0158936137279 0.00779560534356 -0.00108264697773 0.0145149783872 0.0138703134732 0.00594638581414 0.00659624495317 -0.000881754075635 0.0191685533939 0.0115506992962 
-0.00146073238825 0.0220746051971 0.0264222185317 0.00598907996946 -0.00452236623614 0.0030633610689 0.0206691932184 -0.0185343150655 0.0275823475999 -0.0181946934778 0.0203025469933 -0.0055522139653 0.0301213590398 0.0275907967766 0.000235512823742 -0.00295504434681 0.0158360226486 0.00186327193804 0.0135294011995 -0.00118288112717 -0.0115164844167 0.372357533928 -0.0101454445628 0.0206054364572 0.0199715214441 0.0146890918131 0.0140159431741 0.0237737260367 -0.0125809063207 -0.00154047243334 0.00321927867007 -0.00931034010465 0.00734025311488 -0.0048105564324 0.00484782662905 0.0116795800255 -0.00377664790692 -0.00370450010813 0.0165322123997 -0.00378923906599 
0.0516174408122 -0.00365568241561 0.0568719099163 0.00156481685819 -0.00411947926946 -0.007398697031 0.0257155408053 0.165852257523 -0.0162195866902 0.00271249175526 0.0143321360635 0.0108873858145 -0.00227215969778 0.00108110882004 0.0562111990763 0.0100836857141 0.0266016894248 -0.00438551255509 0.00566187102249 0.0107376520856 0.00735185053896 -0.0101454445628 0.326309349788 -0.00601563743785 0.0290836050369 0.140700060004 0.0233544333719 0.045841265062 -0.0100610323133 0.0130120536348 0.0194925359683 0.00942831211355 0.0281805822609 0.0120151827734 0.011241242921 0.0302161242008 0.0208044830624 0.0480414767781 -0.00302371292053 0.0202569941272 
0.00321953009801 0.0264185771067 0.0243416898805 0.0028605452222 0.0180856022033 0.0109162939937 0.0247456987306 -0.0257889124209 0.0232689954679 0.0223701005414 0.0452893651989 0.00249912095827 0.0154576426278 0.0465500826692 0.0128365686677 0.013591432863 0.00663061420002 0.00777577315918 0.0143746860484 0.00683362273521 0.0235699448897 0.0206054364572 -0.00601563743785 0.498660595353 0.00699449222977 -0.0231338226165 -0.00475643692666 0.0275503236244 0.020009728437 -0.00183323881356 -0.00127559420761 0.00301889305058 -0.00412604009137 0.023693035728 0.00691334347326 0.0172890154829 0.0311794340987 0.00786657856552 0.0099276723669 0.0517062903788 
0.00984161336743 -0.00584813222897 0.0223464657566 0.0146413762724 0.000157477837372 -0.00304957375509 0.0209140038016 0.0298814011434 -0.0106578902164 -0.000890190465066 -0.00387443776761 0.00747358667539 0.0281779017101 -0.00161654661116 0.0177085227419 -0.00727462142548 0.00867680447656 0.0104830059838 0.00717731086267 0.146629793338 0.0209736077797 0.0199715214441 0.0290836050369 0.00699449222977 0.266432280742 0.0259320134604 0.0127023748618 0.0198933929332 0.02450036841 -0.00192779209056 0.0110045949267 0.0268848062153 0.0188232511245 0.0134720411472 0.00835112849901 0.00849189929735 0.0617580381409 0.0244151213119 -0.0157815745343 0.0327949381887 
0.0141025146884 -0.000865113311325 0.0500886950452 -0.0132334427983 0.00317317626557 0.0477423933881 0.0321804951778 0.12019448332 0.00646762387092 -0.00974990127574 0.033674568709 -0.0249712526622 0.0182462775392 -0.013267781976 0.00929093007636 0.0126921718078 0.00536480650594 0.00129494422099 -0.0114846557213 -0.0050002707029 -0.00501945500388 0.0146890918131 0.140700060004 -0.0231338226165 0.0259320134604 0.357394952055 0.0113909217265 0.00843165635242 0.0197181305734 0.0214532798541 0.0231870950126 -0.0111754307213 0.0191207144633 0.015591183 0.0214837171595 0.0110397308976 0.0275365252969 0.0367051447561 -0.0188570049024 0.0425370086603 
0.0101317358651 0.0214949662589 0.0176506096191 0.00892933036266 0.0170960029946 -0.0245449017399 -0.0234908929654 0.0194973756189 -0.0419327521794 0.0139889799201 0.0134385830636 0.0313895991107 0.0220491223725 0.0419045467833 0.00249557621852 0.00484320506755 0.0203809645812 0.0198476328953 0.0158501402341 -0.00844014641939 0.0242823445064 0.0140159431741 0.0233544333719 -0.00475643692666 0.0127023748618 0.0113909217265 0.344645767585 0.0289240116726 0.030763840656 0.0278951753113 0.0226316170606 0.0135919162716 0.0182005244301 0.024136874115 0.00816619005962 0.0189149451971 0.00466842791985 -0.013791328027 0.00219995202627 0.0381110388526 
0.0196100389135 0.0221277027805 0.0354195987368 0.0139211023709 0.0381099339384 0.0316574166495 0.020620532234 0.0437315193081 0.069581630698 0.0158400261197 -0.00289174942579 -0.00235283467337 0.0125573452517 0.0327096131679 0.0264750700962 0.0177171978385 0.00922832321522 0.00609777974672 0.00282860230296 0.0265293565824 0.0231872830727 0.0237737260367 0.045841265062 0.0275503236244 0.0198933929332 0.00843165635242 0.0289240116726 0.216596386474 0.00708594289302 0.0150025920731 0.0293160058245 0.00743540166943 0.0164172516646 -0.00218590252094 0.0245408969287 0.0310996562795 0.0221872697751 -0.00685285842901 0.0424294376771 0.0604053924621 
0.00346023336908 0.0322578121179 0.00760281832293 0.0157097978144 0.025506185693 0.0123125037107 0.00853264808728 0.0131820478633 0.0295041121889 0.027323976572 0.0397575712281 0.00337650223259 0.01786656877 0.020071346578 0.0191889347809 0.0107842901203 -0.00722069957526 0.0245743824718 0.0168895428478 0.0112568082168 0.0278373875096 -0.0125809063207 -0.0100610323133 0.020009728437 0.02450036841 0.0197181305734 0.030763840656 0.00708594289302 0.251731807571 0.0255300173984 0.0194719824185 0.0166750200274 0.0174875228726 0.0126194083714 0.0164115006424 0.00515514565303 0.0507604172143 0.0238737829171 0.0130911803488 0.0262560804919 
0.00364770813614 0.0258402938137 0.0123954588651 0.0066052402496 0.0254985729204 0.0326219422804 0.0434395030163 0.0484623705029 0.0477472209078 0.0550469778593 0.0169935461213 0.0160006980846 0.0216059296102 0.00632463829318 0.0258183158631 0.0196152004559 0.027954732738 0.0200182176769 -0.0321379470804 0.00586384949029 0.00616642235152 -0.00154047243334 0.0130120536348 -0.00183323881356 -0.00192779209056 0.0214532798541 0.0278951753113 0.0150025920731 0.0255300173984 0.261629931065 0.0202373680489 0.0057920147102 0.00461794864402 0.0462211454628 0.0380677706815 0.0369244620501 0.0595251003423 0.0408197058422 0.00503603666716 0.0175611800813 
0.0275392249526 0.000416424811381 0.0275300439743 0.00793345792537 0.0211649702237 0.00785827627158 0.0132717340225 0.0258060203173 -0.00549640200721 0.0229402911663 0.0481684240041 0.00580773199777 0.000721449944237 0.0108712764699 0.0196066646911 -0.00632346979412 0.00783190111252 -0.000482908697834 0.00952135844315 0.0123794781132 0.0158936137279 0.00321927867007 0.0194925359683 -0.00127559420761 0.0110045949267 0.0231870950126 0.0226316170606 0.0293160058245 0.0194719824185 0.0202373680489 0.277129900375 0.00269276522302 0.00979211810339 0.0276121668623 -0.000367404624416 0.014011964536 0.0685335146835 -0.00172303196417 0.0249725297897 -0.012353539371 
0.00340950984467 0.0197800215364 0.0148937032249 0.0154386117038 0.0141059267683 0.00303692458688 0.0305154127623 -0.000473101712745 0.0299091541623 0.0167392039809 0.0228895259195 0.0157313098064 0.00936379601065 0.0171099580589 0.00769056943047 -0.00123627499613 0.00153855221134 0.0108498171824 0.0306182026342 0.0025405827558 0.00779560534356 -0.00931034010465 0.00942831211355 0.00301889305058 0.0268848062153 -0.0111754307213 0.0135919162716 0.00743540166943 0.0166750200274 0.0057920147102 0.00269276522302 0.138094914392 -0.00710428463985 0.0136035729499 0.0104189413898 -0.00248032883642 -0.00680354943903 -0.00770940113297 0.0293459134057 0.0296685638163 
0.0290843076042 0.00326128915841 0.0245505735377 0.0142307869767 0.0028152025905 -0.0137469768257 0.00347933038063 0.00781783034482 0.0524645654589 0.0151530273713 0.0367199492887 0.0226025827995 0.0222663296454 0.0134585107224 0.03335024147 0.00340513529392 0.0179488293979 0.000868598723317 0.0143017272203 0.00914301319796 -0.00108264697773 0.00734025311488 0.0281805822609 -0.00412604009137 0.0188232511245 0.0191207144633 0.0182005244301 0.0164172516646 0.0174875228726 0.00461794864402 0.00979211810339 -0.00710428463985 0.223149675604 0.0275040290358 0.0310415364686 0.0178505863742 0.0256174376704 0.0658141570341 0.0136775229629 0.0183254113172 
-0.000694705798359 0.0210733218538 0.00737107915741 0.0377877410047 0.0114706468017 0.0166264342135 0.0144971730566 0.0458164065654 -0.0321622459373 0.0160392138245 0.037453402493 -0.000956921687847 0.00340328398043 0.0276293419417 0.0088307829604 -0.00237541366608 -0.00588104282218 0.00700326760573 0.00449533493441 0.0135494853175 0.0145149783872 -0.0048105564324 0.0120151827734 0.023693035728 0.0134720411472 0.015591183 0.024136874115 -0.00218590252094 0.0126194083714 0.0462211454628 0.0276121668623 0.0136035729499 0.0275040290358 0.276194470369 0.0124926192972 0.0100249207964 0.0310036081102 0.0402370708233 0.0208857568989 0.0332349253912 
-8.69710055555e-05 0.00597829873512 0.00204444948216 0.0166432038954 0.0126287638149 -0.00151583305675 0.0215989083746 0.029688936538 -0.0076878042315 0.0145586255472 -0.00434350143446 -0.00424390506565 0.0107005858853 0.0131130827838 -0.0116234292413 0.0166945161363 0.00664654052022 -0.00285958891314 -0.0225821087807 0.0326544428296 0.0138703134732 0.00484782662905 0.011241242921 0.00691334347326 0.00835112849901 0.0214837171595 0.00816619005962 0.0245408969287 0.0164115006424 0.0380677706815 -0.000367404624416 0.0104189413898 0.0310415364686 0.0124926192972 0.317690762646 -0.00260246639228 0.0226832513842 0.122476493728 0.0207509276042 0.0278437990752 
0.0468609901433 -0.00419502017672 0.035302363152 0.0310843903041 0.00348950358952 0.00351378114575 0.0141917978004 0.0126119928014 0.000204310128915 0.0172305085771 0.0166210942812 0.00695891233534 0.00351313767702 0.0168317442229 0.0207993111981 0.0130532772201 0.046013113015 0.00534664687747 0.00235342864208 0.00639872245588 0.00594638581414 0.0116795800255 0.0302161242008 0.0172890154829 0.00849189929735 0.0110397308976 0.0189149451971 0.0310996562795 0.00515514565303 0.0369244620501 0.014011964536 -0.00248032883642 0.0178505863742 0.0100249207964 -0.00260246639228 0.22034822439 0.0168153855122 0.0324353001562 0.0142246695516 0.0192681022878 
0.01506571498 0.0585860706157 0.0398189827821 0.0296233821156 0.0181575848891 -0.00910722486912 0.00720833102133 0.0379758302171 0.153735298616 0.0177818565062 -0.0138150801552 0.0268878226796 0.0309202915871 0.0221672820597 0.0762319543256 0.0100414862782 -0.00591381000874 0.0148279711411 -0.00106407807032 0.0193310751517 0.00659624495317 -0.00377664790692 0.0208044830624 0.0311794340987 0.0617580381409 0.0275365252969 0.00466842791985 0.0221872697751 0.0507604172143 0.0595251003423 0.0685335146835 -0.00680354943903 0.0256174376704 0.0310036081102 0.0226832513842 0.0168153855122 0.627998943477 -0.0115468926101 -0.00756109347688 0.0780172062795 
0.0197000171085 0.013833514071 0.00793503834848 0.000943859384259 0.00842861668429 -0.0220628372697 -0.00619224560882 0.0097866704547 -0.00873343948509 0.00994875321855 -0.0211030760265 0.00534658446972 0.0110452438032 0.0196702625454 -0.0192036017955 0.00970397839429 0.00752880022581 0.00386148460214 -0.00410890446222 -0.0166447375741 -0.000881754075635 -0.00370450010813 0.0480414767781 0.00786657856552 0.0244151213119 0.0367051447561 -0.013791328027 -0.00685285842901 0.0238737829171 0.0408197058422 -0.00172303196417 -0.00770940113297 0.0658141570341 0.0402370708233 0.122476493728 0.0324353001562 -0.0115468926101 2.88809036549 -0.0100058615469 0.0500497517012 
-0.010192490085 0.0602907478976 -0.000635836452479 0.0258229221114 0.0307839736488 -0.00999051965049 0.00687578572958 -0.030263913079 0.00123742257202 0.0199297039177 0.00639687429283 0.00484468960724 0.0197517166478 0.0438711756366 0.0142569151599 0.0179099669515 -0.0150546488803 0.00827923701452 0.00987559743389 0.0216343893606 0.0191685533939 0.0165322123997 -0.00302371292053 0.0099276723669 -0.0157815745343 -0.0188570049024 0.00219995202627 0.0424294376771 0.0130911803488 0.00503603666716 0.0249725297897 0.0293459134057 0.0136775229629 0.0208857568989 0.0207509276042 0.0142246695516 -0.00756109347688 -0.0100058615469 0.248398149761 0.0501765649146 
0.00726398948536 0.0382385183741 0.00956257205288 0.0289475006181 0.0440970966504 0.0104524975583 0.0682526244516 0.0569986930405 -0.00770549532887 0.028335266048 0.0650948968476 0.0317728358082 0.0315975395478 0.0412135059174 0.0307599243622 0.0478329565227 0.023187173953 -0.00550206763432 0.0496616004012 -0.000954296906001 0.0115506992962 -0.00378923906599 0.0202569941272 0.0517062903788 0.0327949381887 0.0425370086603 0.0381110388526 0.0604053924621 0.0262560804919 0.0175611800813 -0.012353539371 0.0296685638163 0.0183254113172 0.0332349253912 0.0278437990752 0.0192681022878 0.0780172062795 0.0500497517012 0.0501765649146 0.513652705468 
0.0140589450431 -0.000308213150394 0.00397444434623 0.00182877593924 0.0010807429927 0.00121224289529 0.00206779478393 0.00266765719187 -0.00140833171058 0.00171819470721 0.000400427585964 0.000869983331193 0.000715395225069 0.00216302803776 0.00176084782255 0.00104569191399 0.00439131141628 -0.000111743554826 0.00108883486341 0.00218520384797 0.000182925455827 -0.000126503135635 0.00447020150217 0.000278819485312 0.000852308719041 0.00122131359774 0.000877434064364 0.00169827918683 0.000299665000064 0.000315900791149 0.00238496684095 0.000295272213994 0.00251877492367 -6.01632869535e-05 -7.53191002039e-06 0.00405828079105 0.00130472918989 0.00170607152709 -0.000882695534143 0.000629079942715 
-0.000308213150394 0.039452491601 0.00212294506984 0.00289674846148 0.00252117513205 -0.00020557055522 -0.000493875191083 0.000152978509302 -0.00366389726467 0.00185137492476 0.00331619711239 0.00187199694776 0.00808956710613 0.00572168345096 0.00079835536256 0.00181643659257 -0.000727714874602 0.00160077089163 -0.00213621072142 0.00180107540057 0.0010706756464 0.00191171688792 -0.000316591384009 0.00228791589062 -0.000506463107497 -7.49210104759e-05 0.00186151868337 0.00191631527353 0.00279360847646 0.00223783508839 3.60634465423e-05 0.00171300011379 0.000282435926027 0.00182500320675 0.000517735857602 -0.000363299404242 0.00507370254611 0.00119801746091 0.00522133192925 0.0033115528315 
0.00397444434623 0.00212294506984 0.0219111411114 0.00198889178485 0.000764352538069 0.000187015411714 0.00241864285517 0.00245093121047 0.000683063728265 0.00104304186947 0.00207443782262 -0.000349114110131 0.00190786390586 0.00174859501336 0.00440190198363 0.00292129763945 0.00581935427798 0.000724768668133 0.000476271941893 0.000759471306267 0.000604395524702 0.00228823124728 0.00492525187492 0.00210805218075 0.001935260703 0.00433780823515 0.00152858763224 0.00306742722979 0.000658423380801 0.00107347822687 0.0023841717449 0.00128983253492 0.00212614203611 0.000638354180362 0.00017705451883 0.00305727433032 0.00344842506421 0.000687194478978 -5.50650520499e-05 0.000828143032331 
0.00182877593924 0.00289674846148 0.00198889178485 0.0149886815392 0.00235042182132 0.000804330626709 -0.00091059053153 -0.000465492436735 0.00294469757778 0.00377237177526 0.0024600099213 0.00097099346835 0.00108562421356 0.001099313008 0.00242944059291 0.00129500253775 0.00152216515674 0.00140683330531 0.00219421198562 0.00146762767725 0.0019105724194 0.000518669539885 0.000135517115146 0.00024773048311 0.00126798037982 -0.00114604976429 0.000773302693285 0.00120560283019 0.00136050839956 0.000572030585425 0.000687057610322 0.00133702299347 0.00123242230376 0.00327251436617 0.00144134373738 0.00269198716645 0.00256546014581 8.17406204369e-05 0.00223633065484 0.00250692709114 
0.0010807429927 0.00252117513205 0.000764352538069 0.00235042182132 0.0127288460355 0.00283454698295 0.000688534532517 0.000214592249428 0.00568414750064 0.00176211824338 0.000980455490366 0.00256572076808 0.00126332325777 0.00226098274724 4.68663983644e-05 0.00170667027128 0.000922212041889 0.00109282478453 0.000960659846969 0.000189640167554 0.000699178774729 -0.000391648404571 -0.000356757369771 0.00156625909508 1.36379807697e-05 0.000274805125667 0.00148055728965 0.00330041709272 0.00220890047638 0.00220824119093 0.00183294018841 0.00122160909252 0.000243803696017 0.000993387152814 0.00109368302821 0.000302199875512 0.00157249297853 0.000729939616735 0.00266597032093 0.00381892059324 
0.00121224289528 -0.00020557055522 0.000187015411714 0.000804330626709 0.00283454698295 0.0616511658939 0.00543580994525 -0.000800340637279 -0.000824291610535 0.00304818899735 0.000682255383203 -0.00115249024542 -0.0016711665757 -0.00136414552068 0.00041255791565 0.000739592777458 8.74573807008e-05 -0.000981028594432 0.00151149929764 -0.000582749851402 -0.000188392903022 0.000265294850663 -0.000640745958375 0.00094537879137 -0.000264100834262 0.00413461255116 -0.00212565084401 0.00274161270366 0.00106629409976 0.00282514307356 0.000680546688115 0.000263005384162 -0.00119052311563 0.00143989144033 -0.000131274993504 0.000304302373556 -0.000788708809463 -0.00191069775551 -0.000865204381434 0.000905212841852 
0.00206779478393 -0.000493875191083 0.00241864285517 -0.00091059053153 0.000688534532517 0.00543580994525 0.0377091143395 0.0020232074619 -0.0014501233299 0.00256814560121 -0.000312726371353 0.000174437031859 -0.00296401198328 0.00401997374366 0.00336115520181 0.00328565440313 0.00221529951776 0.00155333691493 0.0019665516553 0.00120681044851 0.00146046433852 0.00179000464028 0.00222703116095 0.00214304037351 0.0018112058587 0.00278691263303 -0.00203437100656 0.00178579047542 0.000738949000514 0.00376197131399 0.00114936588158 0.00264271226591 0.000301318849778 0.00125549201501 0.00187052033464 0.00122904574205 0.000624259778336 -0.000536264200371 0.000595460511279 0.005910850665 
0.00266765719187 0.000152978509302 0.00245093121047 -0.000465492436735 0.000214592249428 -0.000800340637279 0.0020232074619 0.0359412120375 0.000309922474706 0.00099517892105 0.0075779423712 0.00159667196638 0.000284414117959 -0.00134200941276 0.000966280388217 -0.00115610815635 0.00234407259913 -0.0014057410995 -0.00109755024372 -0.00101853976661 0.000730652195673 -0.00160511876884 0.014363226829 -0.00223338532924 0.00258780524909 0.010409147595 0.00168852225931 0.00378726066669 0.00114159883235 0.00419696439831 0.00223486691653 -4.09718101811e-05 0.000677043968109 0.00396781719958 0.00257113732533 0.00109223061584 0.00328880336979 0.000847550523224 -0.00262093175443 0.00493623161556 
-0.00140833171058 -0.00366389726467 0.000683063728265 0.00294469757778 0.00568414750064 -0.000824291610535 -0.0014501233299 0.000309922474706 0.277178851406 0.0023035669826 0.0059621237991 0.000773365639014 -0.0019997010063 0.0033993267305 -0.00206613426731 0.00158740371013 -0.00102280673307 0.00235144463265 -0.00212780319961 -0.00198216167381 -0.000159145883644 0.00238870137175 -0.00140465741126 0.00201515411957 -0.000923000367815 0.000560112657434 -0.00363148286379 0.00602594598212 0.00255513106717 0.00413503062662 -0.000476002376765 0.00259020873103 0.00454356464859 -0.00278533220245 -0.00066578337638 1.7693776189e-05 0.013313867406 -0.00075633804565 0.000107163938258 -0.000667315470354 
0.00171819470721 0.00185137492476 0.00104304186947 0.00377237177526 0.00176211824338 0.00304818899735 0.00256814560121 0.00099517892105 0.0023035669826 0.0175196509038 0.00193669234987 0.001477303537 0.000799902038973 -0.000156645608431 0.00190518237821 0.000836486217202 0.00184273250981 0.0012716629473 0.00164585312306 0.000896528288014 0.000671719865828 -0.00157570667659 0.000234908676761 0.0019373075354 -7.70927556954e-05 -0.000844366218918 0.00121148119838 0.00137178650163 0.00236632578437 0.00476720812277 0.00198668749202 0.00144965758866 0.00131229066478 0.00138903666287 0.00126081395681 0.00149220581479 0.00153995394608 0.000861587302325 0.00172596298827 0.00245390602205 
0.000400427585964 0.00331619711239 0.00207443782262 0.0024600099213 0.000980455490366 0.000682255383203 -0.000312726371353 0.0075779423712 0.0059621237991 0.00193669234987 0.0528686236767 0.0030038512264 0.00119319426964 0.000798147725097 -0.000180259788866 -0.000229007159723 0.000570036730687 0.000273896841024 0.000952950834344 -6.76859799123e-05 0.00254949105642 0.00175825214577 0.00124119939215 0.00392217407835 -0.000335536153213 0.00291630319635 0.00116381543239 -0.000250432846412 0.00344310666763 0.00147168426415 0.00417150788478 0.00198229109268 0.00318004089097 0.00324355980171 -0.000376158258362 0.00143942898862 -0.00119642103697 -0.00182757999369 0.000553985564241 0.00563738343267 
0.000869983331193 0.00187199694776 -0.00034911411013 0.00097099346835 0.00256572076808 -0.00115249024542 0.000174437031859 0.00159667196638 0.000773365639014 0.001477303537 0.0030038512264 0.0188408612153 -0.00150156473168 0.00127911529459 0.00296640390185 0.00150612247036 -0.00153181795694 0.000602737932697 -0.00110775433869 -0.000605046482253 0.00257436619314 -0.000480835834119 0.000942875269615 0.000216430223699 0.000647231591827 -0.00216257391698 0.00271841902445 -0.000203761459804 0.000292413670935 0.00138570110195 0.000502964344844 0.00136237139272 0.00195744108955 -8.28718491108e-05 -0.00036753295981 0.000602659486511 0.0023285537493 0.000463027797426 0.000419562427332 0.00275160829602 
0.000715395225069 0.00808956710613 0.00190786390586 0.00108562421356 0.00126332325777 -0.0016711665757 -0.00296401198328 0.000284414117959 -0.0019997010063 0.000799902038973 0.00119319426964 -0.00150156473168 0.0637188243469 0.00378224396835 0.00142256688371 0.00105402854526 -0.00019521671182 0.00231203134106 0.000506575664611 0.00197681191936 0.00125399756044 0.0026085862125 -0.000196774801974 0.00133867111983 0.00244027787063 0.00158017398735 0.00190951001057 0.00108749799921 0.00154729024332 0.00187112839148 6.24793979269e-05 0.000810928522108 0.0019283207122 0.000294733038335 0.000926697921208 0.000304246647529 0.00267777580069 0.000956546172458 0.00171054883853 0.00273642719454 
0.00216302803776 0.00572168345096 0.00174859501336 0.001099313008 0.00226098274724 -0.00136414552068 0.00401997374366 -0.00134200941276 0.0033993267305 -0.000156645608431 0.000798147725097 0.00127911529459 0.00378224396835 0.0285275127916 0.00128623073305 0.00256337683829 0.0020709328416 0.00168630205502 0.00256663254882 0.000377524141184 0.00206198225721 0.00238943309192 9.36267702407e-05 0.00403135541398 -0.000139997043166 -0.00114902362431 0.00362904020484 0.00283273559514 0.00173822960247 0.000547729743164 0.00094148015945 0.00148176583367 0.00116554121827 0.00239277120114 0.00113562628127 0.0014576718087 0.00191974293965 0.00170349470634 0.00379935525952 0.00356919431035 
0.00176084782255 0.00079835536256 0.00440190198363 0.00242944059291 4.68663983644e-05 0.00041255791565 0.00336115520181 0.000966280388217 -0.00206613426731 0.00190518237821 -0.000180259788866 0.00296640390185 0.00142256688371 0.00128623073305 0.0271450361473 0.00219030307354 -0.00072228146463 -9.8735358957e-05 -0.000157684521637 -7.27985372398e-05 0.000756766694597 2.03960088278e-05 0.00486803263773 0.00111167945636 0.0015336030558 0.000804618147091 0.000216123240232 0.00229280832703 0.00166181049918 0.00223593174203 0.0016979869706 0.000666022849635 0.00288821563354 0.000764768237902 -0.0010066185002 0.00180127318788 0.00660188090261 -0.0016630806999 0.00123468507081 0.00266388759161 
0.00104569191399 0.00181643659257 0.00292129763945 0.00129500253775 0.00170667027128 0.000739592777458 0.00328565440313 -0.00115610815635 0.00158740371013 0.000836486217202 -0.000229007159723 0.00150612247036 0.00105402854526 0.00256337683829 0.00219030307354 0.0292219456626 0.000481222227229 -0.000487597861894 0.000671406493904 0.000527601339868 0.00105423661083 -0.000255914347365 0.000873272799221 0.00117705261332 -0.000630000695738 0.00109917432147 0.000419433862424 0.0015343543412 0.000933946920596 0.00169872618952 -0.000547628548177 -0.000107064555271 0.000294893366786 -0.000205716857932 0.0014457875078 0.00113044696753 0.000869618220864 0.000840389180723 0.00155104863609 0.00414245554867 
0.00439131141628 -0.000727714874602 0.00581935427798 0.00152216515674 0.000922212041889 8.74573807008e-05 0.00221529951776 0.00234407259913 -0.00102280673307 0.00184273250982 0.000570036730687 -0.00153181795694 -0.00019521671182 0.0020709328416 -0.00072228146463 0.000481222227229 0.0165238141232 0.000190201169802 0.00227193681308 0.00188119977303 0.000760367035762 0.00137143979086 0.00230377388255 0.000574228033991 0.000751433310037 0.000464605872054 0.00176504330809 0.000799196233871 -0.000625330926527 0.00242095087071 0.000678262532337 0.000133242530007 0.00155441422268 -0.000509313248475 0.00057560729378 0.00398485247782 -0.000512150970072 0.000652013225557 -0.00130377083754 0.00200806816853 
-0.000111743554826 0.00160077089163 0.000724768668133 0.00140683330531 0.00109282478453 -0.000981028594432 0.00155333691493 -0.0014057410995 0.00235144463265 0.0012716629473 0.000273896841024 0.000602737932697 0.00231203134106 0.00168630205502 -9.8735358957e-05 -0.000487597861894 0.000190201169802 0.0135729339157 0.00108122781446 0.000184957260651 0.000844155456942 0.00016136408325 -0.000379796528133 0.000673401708991 0.000907854949002 0.000112145459186 0.00171885542923 0.000528083216734 0.00212820395029 0.00173362850467 -4.18211200033e-05 0.000939621730636 7.52228560088e-05 0.000606500765606 -0.000247647664316 0.000463033202096 0.00128413996948 0.000334414376177 0.000717002957853 -0.000476493034466 
