40
0.0316717201181 0.0450347688147 0.0445332570478 0.0541634245192 0.0826231173305 0.0731585002716 0.138189015222 0.00154943769328 0.0403512104362 0.0714432896303 0.176385145314 0.0166595463284 0.0678116165217 0.0194782181544 0.114977551813 0.100220943784 0.072987431854 0.103848753038 0.035272852014 0.0101927526284 0.0315088302779 0.0914492870129 0.0414486045552 0.12260521459 0.0463620133958 0.0142076594304 0.082081594572 0.0217130314185 0.0451759103614 0.0723018126246 0.0110311255814 0.0520830917934 0.256023639664 0.126255379542 0.00792878112812 0.170228010564 0.0161964684659 -0.0142899737039 0.0729384759615 0.0521298167044 
0.285836047175 0.0112313096658 0.00547471491707 0.0110761986263 0.00248431881392 0.0136269739743 0.00952208019847 0.0233167175533 0.019517985149 -0.00565779151751 0.036689252592 0.0157906050133 -0.0159699494153 0.0106839359358 0.0172626333643 -0.000732525730204 0.00804368472092 0.015580936841 0.00294627879847 0.0235238256111 0.0243303451764 0.0075692069419 0.000356480832994 0.0329789800968 0.00430411494994 0.00307752593824 0.0226848478262 0.0174581662207 -0.00916170494475 0.0124607002582 0.0109841020309 0.0212414685655 -0.00629211855334 0.0389557687967 0.0142359865918 -0.000887134059698 0.0122192081664 0.0199855005759 0.0274694409475 0.0260898053876 
0.0112313096658 0.199275322581 0.00672637229275 -0.0241243895928 0.0136396761768 0.0043017341615 0.00492984268863 0.0184763270457 -0.0025510443133 -0.00222977598066 0.0198466871804 0.027201165545 0.0281537621025 0.0115766758098 0.0100158270477 0.00349742083245 0.00173811046589 -0.00600861624161 0.0144498542886 -0.00606054981232 0.0316155827538 0.0302278179094 0.00563629973816 0.0167226489323 0.0470020250247 0.00427786879176 0.0209953553162 -0.00807790426589 0.00733450003036 -0.00542447285114 0.0391303986536 0.0498722314776 -0.025667551293 0.00975579417737 0.0127239279655 -0.00132939711453 0.00916414980985 0.0141735647257 0.0158145683868 -0.0101250930614 
0.00547471491707 0.00672637229275 0.172374697816 0.00493942111191 0.0131297436888 0.0139574365978 0.038388407055 0.000650383875775 0.00539602456778 0.0136285749932 0.0146610044334 0.0075366774314 0.0258051320329 0.0152509687562 0.011106831449 -0.00386074122015 0.0176096287398 -0.0122296794966 0.032651144093 0.0190790468707 -0.00139255734288 0.0138083337044 0.0422613596022 0.00291165195706 0.0232832764895 0.012660107043 0.0136531521859 -0.0141434447216 0.014711962583 0.0055540605166 0.00401565823192 0.0218497601608 -0.00900798680909 0.0320422980527 0.00514753220775 -0.00358877449692 0.0138355224649 0.0124099310925 -0.018214181127 0.0217102317484 
0.0110761986263 -0.0241243895928 0.00493942111191 0.312370168531 0.0122218541909 -0.0056186917176 0.042455157649 0.0154122876889 0.0151556620809 0.00155556177754 0.0210057764084 0.009443894055 0.00143947408848 0.0267593040723 0.0168792745879 0.00684250887912 0.0185288461427 0.00364713932732 -0.00757717194427 0.00235758400835 -0.00238370846451 0.030768164351 0.0366126666004 0.0232796508281 0.0114026759572 -0.00818935421298 0.00794875854862 0.00629856498524 0.00608970468303 0.00326993745588 0.00631429367177 -0.0122351477156 0.00999168307485 0.0110446283947 0.00403701387158 0.0450406041763 0.000934547066372 0.000947514157519 0.017726564575 0.0162619670185 
0.00248431881392 0.0136396761768 0.0131297436888 0.0122218541909 0.204370373658 0.0194238188705 0.0292759876958 0.00564132105102 0.0110208385004 0.0173129142511 0.0189002946709 0.00330327620842 0.00273453450777 0.0109794261132 0.00854352145917 -0.011937165518 0.00767338999045 0.00602181751436 0.00732695467393 0.0170463830678 0.0325901042998 0.0550395764899 0.0151402460136 0.00215809441467 0.00623896310515 0.00109645120432 0.0310412604045 0.00356818984016 0.0223628801731 0.00931670241835 0.0172430877487 0.0185170450003 0.0147015547832 0.023458852722 0.00120989553844 0.00417986476731 0.0117430845255 0.0193202912796 0.0157492215233 0.015555560343 
0.0136269739743 0.0043017341615 0.0139574365978 -0.0056186917176 0.0194238188705 0.326901291421 0.00205807453962 0.0107073816673 0.0223914987973 0.0538248653923 0.063737512526 0.000716370978241 0.0105655222483 0.0114410359419 0.00896443455036 0.0195081740757 0.00308720756904 0.0227084845356 -0.0108349389884 0.0152280775423 -0.0058147231039 0.0257234576253 -0.0123264319913 0.0233447577843 0.0252254909589 0.0189411637703 0.0375696403488 -0.00620601001958 0.0251846521227 0.0545081567001 -0.00273508236834 -0.00482298203002 0.0350955938316 0.0275050698381 0.0164053384119 0.0310334706187 0.00322341225951 0.0152682480801 0.0179428580535 0.0152109544836 
0.00952208019847 0.00492984268863 0.038388407055 0.042455157649 0.0292759876958 0.00205807453962 0.280734260348 0.000655663983268 0.0443291900827 0.00750635791388 0.0193101868294 0.0271708304262 0.0284714210543 0.0172842373491 0.0551851684513 0.0786795617961 0.00443555898204 0.0201956834888 0.0187913863562 0.030836248055 0.0233219605249 0.0693107972277 0.0669158402804 0.059237679267 0.0165709046628 -0.00103933515956 0.0637543009198 0.0215418565006 0.0185078985582 0.0223611327179 0.0131499444825 0.0371726771132 0.0141313913255 0.0532610647582 0.0014847893311 0.0224882813893 0.0196326266734 0.0125312210831 0.0232494944767 0.0201706604187 
0.0233167175533 0.0184763270457 0.000650383875775 0.0154122876889 0.00564132105102 0.0107073816673 0.000655663983268 0.28070379089 0.0172298370826 -0.0174979924917 0.00550876919165 -0.000869750607019 0.0162013155273 0.0136271968633 -0.0282972811676 0.0172101736884 0.00916545292691 0.0165094881402 0.032782200991 0.0129407598684 0.0124499748522 0.0275721186309 0.0103325800328 0.0186469533327 0.0154951893131 -0.000913440436082 0.0258183714468 0.00785524608154 0.012747818757 0.00825991701754 0.00991210541163 0.00537737291645 0.0153346417003 -0.0151073671082 0.0786201721091 -0.0156079537669 0.00584399883424 0.0101561696853 0.0265233294234 0.00923884557021 
0.019517985149 -0.0025510443133 0.00539602456778 0.0151556620809 0.0110208385004 0.0223914987973 0.0443291900827 0.0172298370826 0.175135390648 0.00980632487412 -0.00824166891061 0.0198545676888 0.0110782712969 0.00564185022511 0.0158248982315 0.0180781990354 0.00498744615224 0.00836237777777 0.0196627469346 0.0213547483429 0.0198259712798 0.0490706148417 0.0204719964201 0.018657104674 -0.00144391894601 0.00989959975189 0.0281884006629 0.0180505319097 0.0160012193733 0.0214203242044 0.0157450772379 0.0227159732095 0.014471233196 0.00798049281676 0.00110041550375 0.0337914283993 0.0169274997227 2.76124894874e-05 0.0353010242676 0.00840093149784 
-0.00565779151751 -0.00222977598066 0.0136285749932 0.00155556177754 0.0173129142511 0.0538248653923 0.00750635791388 -0.0174979924917 0.00980632487412 0.353773807032 0.00847914717168 0.0287077674667 -0.00770401870024 -0.0039518648334 0.00948576605888 0.0400128472073 -0.0157985166131 0.0357991969639 -0.00337147248352 -0.00605980585493 -0.0146475743244 0.0395985206152 -0.0119865907034 0.0140283311087 -0.00556235452342 -0.0052725116078 0.0255821925228 0.00354273297933 0.049429601071 0.0911207214238 -0.000561146779763 -0.00618247025322 0.0367670176899 -0.0108948874326 0.012134883452 0.0257620070011 0.0162076329496 -0.00682110843981 0.0118669696688 0.000218454166431 
0.036689252592 0.0198466871804 0.0146610044334 0.0210057764084 0.0189002946709 0.063737512526 0.0193101868294 0.00550876919165 -0.00824166891061 0.00847914717168 0.615955617146 0.00787750189733 -0.00770936734219 0.0211710778964 0.0405503082274 -0.00343669191985 -0.0261587431556 0.00340815824799 0.00379542961242 0.0295625373487 0.0150203096365 0.0662783558218 0.0210529515535 0.0334257377184 0.0394031584845 0.0183440547691 0.0844985344843 0.020678351022 0.0455796827428 0.021433345979 0.0115069170611 0.0116996074984 0.0471959046623 0.0336963015189 -0.00890473969188 0.028830849257 0.0100059653229 0.0366762502395 0.020709027407 0.0222994062543 
0.0157906050133 0.027201165545 0.0075366774314 0.009443894055 0.00330327620842 0.000716370978241 0.0271708304262 -0.000869750607019 0.0198545676888 0.0287077674667 0.00787750189733 0.210845288816 0.0307838624946 0.0217309305964 0.0156614451049 -0.0102535622541 0.00260999974152 0.0157873418161 0.0170253536118 0.00883909151101 0.00829318973218 0.0515786448111 0.0269599383356 0.0443334897837 0.0265553327807 0.0070466755038 0.0257886466382 0.00778234947865 0.0042377625312 0.0145169592369 0.0240563171269 0.0212543944801 0.0390514531257 0.0183535438311 0.00392149465541 0.00369134564659 0.0169645488363 0.00353550742742 0.0218922192999 0.0109173717729 
-0.0159699494153 0.0281537621025 0.0258051320329 0.00143947408848 0.00273453450777 0.0105655222483 0.0284714210543 0.0162013155273 0.0110782712969 -0.00770401870024 -0.00770936734219 0.0307838624946 0.232755198186 0.0131149341009 -0.000847204905713 0.00312753408513 -0.0173204205595 -0.0207541647021 0.0066831892412 0.0108676698587 0.00662698987361 -0.00670463651169 0.0186984691477 0.00632811156052 0.0570455791887 -0.000433155136273 -0.00291566267356 -0.0144089741874 0.00600052263774 0.0153933597374 0.0174556945901 0.0356913818936 0.00395407346335 0.0202589295979 0.00407353673996 0.0197027987248 0.00919991192774 0.0265656037694 0.0148070746281 0.00612339093898 
0.0106839359358 0.0115766758098 0.0152509687562 0.0267593040723 0.0109794261132 0.0114410359419 0.0172842373491 0.0136271968633 0.00564185022511 -0.0039518648334 0.0211710778964 0.0217309305964 0.0131149341009 0.165614747274 0.0186726463139 0.00717720817528 0.00810484326217 -0.0199312081114 0.0216903341368 0.0250798636387 0.0290992935364 0.0515354651813 0.0227044147018 0.0353837916061 0.008567568207 0.0159534413783 0.0195861094493 0.0124816156931 0.0126162581069 0.0439378328924 0.024665725582 0.0146970810006 0.0467365771162 0.0118334849183 0.0233293762607 0.012780771485 0.0249916640176 0.0174463235489 0.0261712191304 0.0490846318483 
0.0172626333643 0.0100158270477 0.011106831449 0.0168792745879 0.00854352145917 0.00896443455036 0.0551851684513 -0.0282972811676 0.0158248982315 0.00948576605888 0.0405503082274 0.0156614451049 -0.000847204905713 0.0186726463139 0.612489950679 0.0316807400587 0.0035705296307 0.00369705852114 0.00838434222625 -0.018292173787 0.00448441857646 -0.0109376266029 0.0169887667873 0.0217893113745 0.0351324973348 0.00444275325453 0.029993349961 -0.00359088921723 0.0236917597229 0.00250944512136 0.0173304589679 0.0208056498785 -0.0124890120952 0.0170033017293 0.000986413914641 0.00434069171903 0.00463415492741 0.00587221774596 0.00187358354922 0.02437714572 
-0.000732525730204 0.00349742083245 -0.00386074122015 0.00684250887912 -0.011937165518 0.0195081740757 0.0786795617961 0.0172101736884 0.0180781990354 0.0400128472073 -0.00343669191985 -0.0102535622541 0.00312753408513 0.00717720817528 0.0316807400587 1.11234813954 0.0682643618976 0.0230842693776 -0.0026034718989 0.0257089348824 0.0280350348717 0.0438374661683 -0.0123504881417 0.0154371406188 -0.00257481281034 0.0280102579256 0.0391214426727 -0.00264167034883 0.0210466043131 0.0216130860585 0.0109449208832 0.0300296068309 -0.0162332044369 0.00950149547553 -0.0256938506808 -0.0043653856654 -0.00883070374125 -0.0110619648357 -0.00836519749452 0.00172415071171 
0.00804368472092 0.00173811046589 0.0176096287398 0.0185288461427 0.00767338999045 0.00308720756904 0.00443555898204 0.00916545292691 0.00498744615224 -0.0157985166131 -0.0261587431556 0.00260999974152 -0.0173204205595 0.00810484326217 0.0035705296307 0.0682643618976 0.483059387126 0.0312129735046 0.00945092670243 0.0134008657641 0.0341534034436 0.0154913412401 0.0131336302829 0.0125291865975 -0.00709003029025 0.00213785944955 0.013305070264 0.00581562750288 -0.000421620701443 0.00529915107698 -0.00687380796238 0.00336962853693 -0.0198016672193 -0.000473049796894 0.00640792907517 0.00780196529746 -0.006495667775 0.0130646017224 0.0221865776916 -0.00308925057288 
0.015580936841 -0.00600861624161 -0.0122296794966 0.00364713932732 0.00602181751436 0.0227084845356 0.0201956834888 0.0165094881402 0.00836237777777 0.0357991969639 0.00340815824799 0.0157873418161 -0.0207541647021 -0.0199312081114 0.00369705852114 0.0230842693776 0.0312129735046 0.351133527464 0.00303166926562 0.0271181146546 0.00486724522479 0.0265264021584 0.000845925457835 0.011185351528 -0.00659558148531 -0.00517251344002 0.0123155625581 0.0142364844758 0.0211221860291 0.0529121401777 0.0129589786605 0.0208865579005 0.0337500857587 0.00261324545911 0.00304319335911 0.0347951744857 0.00918291249046 0.0221068740066 0.0243338304944 -0.00991190697691 
0.00294627879847 0.0144498542886 0.032651144093 -0.00757717194427 0.00732695467393 -0.0108349389884 0.0187913863562 0.032782200991 0.0196627469346 -0.00337147248352 0.00379542961242 0.0170253536118 0.0066831892412 0.0216903341368 0.00838434222625 -0.0026034718989 0.00945092670243 0.00303166926562 0.260206874562 0.0184542105038 0.0197074345158 0.0179744400356 0.0825569209378 0.0111032939259 0.00466113354769 0.0233046193505 0.01650083304 0.0137258209116 0.00888225515367 0.0103335460311 5.79069377444e-05 0.0224627953475 -0.00437334236099 0.0350816322437 -0.00649198909299 0.00173333767787 0.0454414956325 0.0200533461405 0.0144454007399 0.00760240762253 
0.0235238256111 -0.00606054981232 0.0190790468707 0.00235758400835 0.0170463830678 0.0152280775423 0.030836248055 0.0129407598684 0.0213547483429 -0.00605980585493 0.0295625373487 0.00883909151101 0.0108676698587 0.0250798636387 -0.018292173787 0.0257089348824 0.0134008657641 0.0271181146546 0.0184542105038 0.249109236015 0.0310902546421 0.0295653786015 0.0201713452077 0.00367496428213 0.00409245454163 0.0242172839692 0.0155434593003 0.0371377849017 0.0119511227222 0.0490468994297 0.0118553904629 0.000917832677688 0.0305044012254 0.034212825041 0.0241879919334 0.0187837632546 0.00491603853361 0.0233426038786 0.0123294685008 0.0268794668193 
0.0243303451764 0.0316155827538 -0.00139255734288 -0.00238370846451 0.0325901042998 -0.0058147231039 0.0233219605249 0.0124499748522 0.0198259712798 -0.0146475743244 0.0150203096365 0.00829318973218 0.00662698987361 0.0290992935364 0.00448441857646 0.0280350348717 0.0341534034436 0.00486724522479 0.0197074345158 0.0310902546421 0.227641763902 0.070535994992 0.0017802396818 0.0272976084082 0.0292011863141 0.00995289347974 0.0171910822818 0.0132758673762 0.0356924758676 0.0368849389634 0.0242692966244 0.00461508058216 0.0311633162108 0.0195890722525 0.020977309434 0.0011037377838 0.0161809230015 0.0341279998088 0.025542660741 0.0301348647663 
0.0075692069419 0.0302278179094 0.0138083337044 0.030768164351 0.0550395764899 0.0257234576253 0.0693107972277 0.0275721186309 0.0490706148417 0.0395985206152 0.0662783558218 0.0515786448111 -0.00670463651169 0.0515354651813 -0.0109376266029 0.0438374661683 0.0154913412401 0.0265264021584 0.0179744400356 0.0295653786015 0.070535994992 0.460331722453 0.00841895765984 0.0523278331729 0.0197909590873 0.00810912757684 0.041387486884 0.0659947726702 0.0696424785083 0.0736998088952 0.0320981068136 0.0353256254934 0.0528202613714 0.0401674202415 0.0226628266392 0.0479701397525 0.0185026181147 0.0180696541741 0.0117225310121 0.0225217137632 
0.000356480832994 0.00563629973816 0.0422613596022 0.0366126666004 0.0151402460136 -0.0123264319913 0.0669158402804 0.0103325800328 0.0204719964201 -0.0119865907034 0.0210529515535 0.0269599383356 0.0186984691477 0.0227044147018 0.0169887667873 -0.0123504881417 0.0131336302829 0.000845925457835 0.0825569209378 0.0201713452077 0.0017802396818 0.00841895765984 0.300481346356 0.0274117442947 0.00935586087989 -0.00342832410331 0.0177395184381 0.0220361451613 0.0192218175361 0.0357836971264 0.0144559712629 0.0137036275954 -0.00665222396428 0.048524516993 0.00191701237134 -0.0119582182643 0.0247780730718 0.00449280387332 0.00249101374573 0.0128399414227 
0.0329789800968 0.0167226489323 0.00291165195706 0.0232796508281 0.00215809441467 0.0233447577843 0.059237679267 0.0186469533327 0.018657104674 0.0140283311087 0.0334257377184 0.0443334897837 0.00632811156052 0.0353837916061 0.0217893113745 0.0154371406188 0.0125291865975 0.011185351528 0.0111032939259 0.00367496428213 0.0272976084082 0.0523278331729 0.0274117442947 0.205704939065 0.0167891963971 0.00232727502673 0.0145334177902 0.0149122930174 0.00510386424671 0.0542332635539 0.0273868428421 0.0199599030758 0.0193144117622 0.0315352580354 0.00183547560485 0.0184062530438 0.0285183021027 0.0164156021539 0.0214605933195 0.0194014230703 
0.00430411494994 0.0470020250247 0.0232832764895 0.0114026759572 0.00623896310515 0.0252254909589 0.0165709046628 0.0154951893131 -0.00144391894601 -0.00556235452342 0.0394031584845 0.0265553327807 0.0570455791887 0.008567568207 0.0351324973348 -0.00257481281034 -0.00709003029025 -0.00659558148531 0.00466113354769 0.00409245454163 0.0292011863141 0.0197909590873 0.00935586087989 0.0167891963971 0.391179537217 -0.011575169679 0.015514491942 0.00731496651758 0.0183491316831 0.0182306057937 -0.00647252321362 0.00542114391865 -0.00709130074117 0.00501322990862 0.0437812249559 0.0202085470021 0.013323214511 0.0506153171999 0.0113269769705 0.0107531249768 
0.00307752593824 0.00427786879176 0.012660107043 -0.00818935421298 0.00109645120432 0.0189411637703 -0.00103933515956 -0.000913440436082 0.00989959975189 -0.0052725116078 0.0183440547691 0.0070466755038 -0.000433155136272 0.0159534413783 0.00444275325453 0.0280102579256 0.00213785944955 -0.00517251344002 0.0233046193505 0.0242172839692 0.00995289347974 0.00810912757684 -0.00342832410331 0.00232727502673 -0.011575169679 0.126617584184 -0.00121981742605 0.00900795991309 -0.00266982402052 0.0209630306268 0.00533799683781 0.00717457676883 0.00118210859801 0.0145828198103 -0.0059328843244 0.00819353605755 -0.000321475541163 0.0134867853318 0.0128580272012 0.0215653614361 
0.0226848478262 0.0209953553162 0.0136531521859 0.00794875854862 0.0310412604045 0.0375696403488 0.0637543009198 0.0258183714468 0.0281884006629 0.0255821925228 0.0844985344843 0.0257886466382 -0.00291566267356 0.0195861094493 0.029993349961 0.0391214426727 0.013305070264 0.0123155625581 0.01650083304 0.0155434593003 0.0171910822818 0.041387486884 0.0177395184381 0.0145334177902 0.015514491942 -0.00121981742605 0.258182271131 0.0268039849055 0.00320159650087 0.0237011343815 0.011597889938 0.029924193091 0.0320416878078 0.0584342810277 0.0264819842474 0.0278846798354 0.0166203160961 0.0043371938498 0.017875518402 0.0152396331237 
0.0174581662207 -0.00807790426589 -0.0141434447216 0.00629856498524 0.00356818984016 -0.00620601001958 0.0215418565006 0.00785524608154 0.0180505319097 0.00354273297933 0.020678351022 0.00778234947865 -0.0144089741874 0.0124816156931 -0.00359088921723 -0.00264167034883 0.00581562750288 0.0142364844758 0.0137258209116 0.0371377849017 0.0132758673762 0.0659947726702 0.0220361451613 0.0149122930174 0.00731496651758 0.00900795991309 0.0268039849055 0.268514882595 0.0120751070853 0.00703986035725 0.00071299081091 0.0124813660085 0.012664025832 0.0508346862278 0.0208817663942 0.020575252183 0.0168031957365 0.00251604547869 0.00586525858289 0.0115515633034 
-0.00916170494475 0.00733450003036 0.014711962583 0.00608970468303 0.0223628801731 0.0251846521227 0.0185078985582 0.012747818757 0.0160012193733 0.049429601071 0.0455796827428 0.0042377625312 0.00600052263774 0.0126162581069 0.0236917597229 0.0210466043131 -0.000421620701443 0.0211221860291 0.00888225515367 0.0119511227222 0.0356924758676 0.0696424785083 0.0192218175361 0.00510386424671 0.0183491316831 -0.00266982402052 0.00320159650087 0.0120751070853 0.363069453943 0.0946304215447 0.00821862231255 0.0128050303575 0.0472073370296 0.00917538203786 0.00174598699598 -0.0147866836051 0.0240437402407 0.00654433151001 0.00567643228754 0.00758666557431 
0.0124607002582 -0.00542447285114 0.0055540605166 0.00326993745588 0.00931670241835 0.0545081567001 0.0223611327179 0.00825991701754 0.0214203242044 0.0911207214238 0.021433345979 0.0145169592369 0.0153933597374 0.0439378328924 0.00250944512136 0.0216130860585 0.00529915107698 0.0529121401777 0.0103335460311 0.0490468994297 0.0368849389634 0.0736998088952 0.0357836971264 0.0542332635539 0.0182306057937 0.0209630306268 0.0237011343815 0.00703986035725 0.0946304215447 0.442715664103 0.00947225213168 0.0119197320139 0.0535622194008 0.032084979655 0.00242172769975 0.0317828610394 0.0215584399874 0.0339308101164 0.0227348057528 0.0345914255563 
0.0109841020309 0.0391303986536 0.00401565823192 0.00631429367177 0.0172430877487 -0.00273508236834 0.0131499444825 0.00991210541163 0.0157450772379 -0.000561146779763 0.0115069170611 0.0240563171269 0.0174556945901 0.024665725582 0.0173304589679 0.0109449208832 -0.00687380796238 0.0129589786605 5.79069377438e-05 0.0118553904629 0.0242692966244 0.0320981068136 0.0144559712629 0.0273868428421 -0.00647252321362 0.00533799683782 0.011597889938 0.00071299081091 0.00821862231255 0.00947225213168 0.146604695201 0.0531084818095 -0.0130105231718 -0.00241990938654 0.0167590002167 -0.000852287592102 0.00497823090378 0.0112033965788 0.00845161947484 0.0136227880752 
0.0212414685655 0.0498722314776 0.0218497601608 -0.0122351477156 0.0185170450003 -0.00482298203002 0.0371726771132 0.00537737291645 0.0227159732095 -0.00618247025323 0.0116996074984 0.0212543944801 0.0356913818936 0.0146970810006 0.0208056498785 0.0300296068309 0.00336962853693 0.0208865579005 0.0224627953475 0.000917832677688 0.00461508058216 0.0353256254934 0.0137036275954 0.0199599030758 0.00542114391865 0.00717457676883 0.029924193091 0.0124813660085 0.0128050303575 0.0119197320139 0.0531084818095 0.2131115017 -0.00701232088816 0.00395357493727 0.00238754361537 -0.00444115215221 0.022561538562 0.0366996844054 -0.00585980668703 0.0115115673152 
-0.00629211855334 -0.025667551293 -0.00900798680909 0.00999168307485 0.0147015547832 0.0350955938316 0.0141313913255 0.0153346417003 0.014471233196 0.0367670176899 0.0471959046623 0.0390514531257 0.00395407346335 0.0467365771162 -0.0124890120952 -0.0162332044369 -0.0198016672193 0.0337500857587 -0.00437334236099 0.0305044012254 0.0311633162108 0.0528202613714 -0.00665222396428 0.0193144117622 -0.00709130074117 0.00118210859801 0.0320416878078 0.012664025832 0.0472073370296 0.0535622194008 -0.0130105231718 -0.00701232088816 0.701664357527 0.0726697991071 0.0346366510659 0.076603968105 0.00887265167777 0.0168941431622 0.035030441463 0.0407958055845 
0.0389557687967 0.00975579417737 0.0320422980527 0.0110446283947 0.023458852722 0.0275050698381 0.0532610647582 -0.0151073671082 0.00798049281676 -0.0108948874326 0.0336963015189 0.0183535438311 0.0202589295979 0.0118334849183 0.0170033017293 0.00950149547553 -0.000473049796894 0.00261324545911 0.0350816322437 0.034212825041 0.0195890722525 0.0401674202415 0.048524516993 0.0315352580354 0.00501322990862 0.0145828198103 0.0584342810277 0.0508346862278 0.00917538203786 0.032084979655 -0.00241990938654 0.00395357493727 0.0726697991071 0.52337792911 0.0101307546485 0.0205907923713 0.0314067230874 0.0280666443057 0.0101239960948 -0.00163473278232 
0.0142359865918 0.0127239279655 0.00514753220775 0.00403701387158 0.00120989553844 0.0164053384119 0.0014847893311 0.0786201721091 0.00110041550375 0.012134883452 -0.00890473969188 0.00392149465541 0.00407353673996 0.0233293762607 0.000986413914641 -0.0256938506808 0.00640792907517 0.00304319335911 -0.00649198909299 0.0241879919334 0.020977309434 0.0226628266392 0.00191701237134 0.00183547560485 0.0437812249559 -0.0059328843244 0.0264819842474 0.0208817663942 0.00174598699598 0.00242172769975 0.0167590002167 0.00238754361537 0.0346366510659 0.0101307546485 0.2264340021 0.0102244732082 0.013988446891 0.00233109588733 0.0268970774314 0.0204661359605 
-0.000887134059698 -0.00132939711453 -0.00358877449692 0.0450406041763 0.00417986476731 0.0310334706187 0.0224882813893 -0.0156079537669 0.0337914283993 0.0257620070011 0.028830849257 0.00369134564659 0.0197027987248 0.012780771485 0.00434069171903 -0.0043653856654 0.00780196529746 0.0347951744857 0.00173333767787 0.0187837632546 0.0011037377838 0.0479701397525 -0.0119582182643 0.0184062530438 0.0202085470021 0.00819353605755 0.0278846798354 0.020575252183 -0.0147866836051 0.0317828610394 -0.000852287592102 -0.00444115215221 0.076603968105 0.0205907923713 0.0102244732082 0.582676651085 0.00485924661782 0.0115096784029 -0.00332958873502 0.0189189284393 
0.0122192081664 0.00916414980985 0.0138355224649 0.000934547066373 0.0117430845255 0.00322341225951 0.0196326266734 0.00584399883424 0.0169274997227 0.0162076329496 0.0100059653229 0.0169645488363 0.00919991192774 0.0249916640176 0.00463415492741 -0.00883070374125 -0.006495667775 0.00918291249046 0.0454414956325 0.00491603853361 0.0161809230015 0.0185026181147 0.0247780730718 0.0285183021027 0.013323214511 -0.000321475541162 0.0166203160961 0.0168031957365 0.0240437402407 0.0215584399874 0.00497823090378 0.022561538562 0.00887265167777 0.0314067230874 0.013988446891 0.00485924661782 0.174522979625 -0.00791932717427 0.0203893416198 0.0149663954818 
0.0199855005759 0.0141735647257 0.0124099310925 0.000947514157519 0.0193202912796 0.0152682480801 0.0125312210831 0.0101561696853 2.7612489487e-05 -0.00682110843981 0.0366762502395 0.00353550742742 0.0265656037694 0.0174463235489 0.00587221774596 -0.0110619648357 0.0130646017224 0.0221068740066 0.0200533461405 0.0233426038786 0.0341279998088 0.0180696541741 0.00449280387332 0.0164156021539 0.0506153171999 0.0134867853318 0.0043371938498 0.00251604547869 0.00654433151001 0.0339308101164 0.0112033965788 0.0366996844054 0.0168941431622 0.0280666443057 0.00233109588733 0.0115096784029 -0.00791932717427 0.17471039492 0.00406267123338 0.0146684149669 
0.0274694409475 0.0158145683868 -0.018214181127 0.017726564575 0.0157492215233 0.0179428580535 0.0232494944767 0.0265233294234 0.0353010242676 0.0118669696688 0.020709027407 0.0218922192999 0.0148070746281 0.0261712191304 0.00187358354922 -0.00836519749452 0.0221865776916 0.0243338304944 0.0144454007399 0.0123294685008 0.025542660741 0.0117225310121 0.00249101374573 0.0214605933195 0.0113269769705 0.0128580272012 0.017875518402 0.00586525858289 0.00567643228754 0.0227348057528 0.00845161947484 -0.00585980668703 0.035030441463 0.0101239960948 0.0268970774314 -0.00332958873502 0.0203893416198 0.00406267123338 0.32053300598 0.00679497557061 
0.0260898053876 -0.0101250930614 0.0217102317484 0.0162619670185 0.015555560343 0.0152109544836 0.0201706604187 0.00923884557021 0.00840093149784 0.000218454166431 0.0222994062543 0.0109173717729 0.00612339093898 0.0490846318483 0.02437714572 0.00172415071171 -0.00308925057288 -0.00991190697691 0.00760240762253 0.0268794668193 0.0301348647663 0.0225217137632 0.0128399414227 0.0194014230703 0.0107531249768 0.0215653614361 0.0152396331237 0.0115515633034 0.00758666557431 0.0345914255563 0.0136227880752 0.0115115673152 0.0407958055845 -0.00163473278232 0.0204661359605 0.0189189284393 0.0149663954818 0.0146684149669 0.00679497557061 0.154845224485 
0.0247541278171 0.000972659948832 0.000474124219666 0.000959226938772 0.000215148320395 0.00118013056384 0.000824636334875 0.0020192869734 0.00169030709697 -0.000489979118348 0.00317738247905 0.00136750650827 -0.00138303818908 0.000925255993284 0.00149498790297 -6.34385891283e-05 0.000696603530835 0.00134934871191 0.000255155228611 0.00203722305734 0.00210706970056 0.000655512549819 3.08721457335e-05 0.00285606345547 0.000372747288746 0.000266521564332 0.00196456544984 0.00151192154506 -0.000793426922413 0.00107912829725 0.000951251139651 0.00183956513914 -0.000544913451081 0.00337366854019 0.00123287260365 -7.68280632261e-05 0.00105821446862 0.00173079512061 0.00237892336883 0.00225944342454 
0.000972659948832 0.0172577491702 0.000582520928084 -0.00208923342381 0.00118123060685 0.000372541106419 0.000426936900501 0.00160009685902 -0.000220926918149 -0.0001931042644 0.00171877352792 0.00235569003745 0.00243818731929 0.00100256953426 0.000867396066325 0.000302885528863 0.000150524781804 -0.000520361430682 0.00125139408949 -0.000524859009837 0.00273798978202 0.00261780582105 0.000488117875659 0.00144822387939 0.00407049477007 0.000370474304772 0.00181825110653 -0.00069956703036 0.000635186335035 -0.000469773129122 0.00338879192942 0.0043190619403 -0.00222287514727 0.000844876559169 0.00110192448541 -0.00011512916729 0.000793638653942 0.00122746671146 0.00136958179729 -0.000876858780688 
0.000474124219666 0.000582520928084 0.0149280867279 0.00042776641629 0.00113706915797 0.00120874946654 0.00332453357205 5.63248958633e-05 0.000467309435514 0.00118026921615 0.00126968022843 0.000652695411572 0.00223478998885 0.00132077263752 0.000961879819043 -0.000334349997409 0.00152503858399 -0.00105912131242 0.00282767202472 0.001652293927 -0.000120599003516 0.00119583677719 0.0036599411014 0.000252156456179 0.00201639089233 0.00109639743138 0.00118239766347 -0.00122485824259 0.00127409333364 0.000480995750153 0.000347766204176 0.00189224473658 -0.000780114541362 0.00277494441093 0.000445789365871 -0.000310796988278 0.00119819139292 0.00107473155853 -0.00157739435651 0.00188016122161 
0.000959226938772 -0.00208923342381 0.00042776641629 0.0270520501332 0.00105844362107 -0.000486592976347 0.00367672450457 0.0013347432669 0.00131251883732 0.00013471560165 0.00181915359959 0.000817865216228 0.000124662112871 0.00231742371142 0.00146178805906 0.000592578651494 0.00160464514624 0.00031585153086 -0.000656202339258 0.000204172764279 -0.000206435208548 0.00266460119558 0.00317074993763 0.00201607690083 0.000987500705007 -0.000709218878903 0.000688382683166 0.00054547172846 0.000527383895705 0.000283184890558 0.000546833872671 -0.00105959487408 0.000865305136938 0.00095649287652 0.000349615656822 0.00390063074185 8.09341500511e-05 8.20571330857e-05 0.00153516552438 0.00140832765535 
0.000215148320395 0.00118123060685 0.00113706915797 0.00105844362107 0.0176989935369 0.00168215205804 0.00253537490654 0.000488552734109 0.000954432611238 0.0014993423555 0.0016368135324 0.000286072111221 0.000236817635126 0.0009508461933 0.000739890662141 -0.00103378885877 0.000664535066488 0.000521504694439 0.000634532888 0.00147626007794 0.00282238582356 0.00476656714538 0.00131118376674 0.000186896458687 0.000540310054233 9.49554596952e-05 0.00268825200758 0.00030901430471 0.00193668223317 0.000806850097379 0.00149329520301 0.00160362313733 0.00127319199174 0.00203159624009 0.000104780027221 0.000361986907288 0.00101698095179 0.00167318630567 0.0013639225929 0.00134715104271 
0.00118013056384 0.000372541106419 0.00120874946654 -0.000486592976347 0.00168215205804 0.0283104822901 0.000178234483419 0.000927286453191 0.00193916067873 0.0046613700785 0.00551983050216 6.2039546569e-05 0.000915001067124 0.000990822777126 0.000776342805117 0.0016894574331 0.000267360018155 0.00196661244892 -0.000938333241242 0.00131879020024 -0.000503569792395 0.00222771677767 -0.00106750032425 0.00202171532864 0.00218459159933 0.00164035290024 0.00325362629531 -0.000537456233309 0.00218105485237 0.00472054484158 -0.000236865081243 -0.000417682495999 0.00303936758191 0.00238200892127 0.00142074398224 0.00268757739234 0.000279155690361 0.00132226907087 0.00155389708908 0.00131730729986 
0.000824636334875 0.000426936900501 0.00332453357205 0.00367672450457 0.00253537490654 0.000178234483419 0.0243123001174 5.67821665857e-05 0.00383902047408 0.000650069664332 0.00167231123461 0.0023530629391 0.00246569739149 0.00149685886293 0.00477917577909 0.0068138499274 0.000384130675843 0.00174899749481 0.00162738179568 0.0026704974173 0.00201974102806 0.00600249111558 0.00579508175984 0.00513013351065 0.00143508244017 -9.00090651227e-05 0.00552128441971 0.00186557949742 0.00160283103221 0.00193653089911 0.00113881859802 0.00321924827067 0.00122381438787 0.00461254351132 0.000128586528 0.00194754229706 0.00170023534422 0.00108523557984 0.0020134652842 0.00174683043337 
0.0020192869734 0.00160009685902 5.63248958633e-05 0.0013347432669 0.000488552734109 0.000927286453191 5.67821665857e-05 0.0243096613849 0.00149214766166 -0.00151537060131 0.000477073406355 -7.53226120635e-05 0.00140307508214 0.0011801498666 -0.00245061643492 0.00149044476177 0.000793751507189 0.00142976361329 0.00283902188502 0.00112070267903 0.00107819944985 0.00238781551705 0.000894827679508 0.00161487352893 0.00134192275816 -7.91062622491e-05 0.00223593655572 0.000680284265959 0.00110399348864 0.000715329797034 0.000858413509146 0.000465694155127 0.00132801892704 -0.00130833637 0.00680870662964 -0.00135168844632 0.000506105145014 0.000879550095264 0.00229698770736 0.000800107496545 
0.00169030709697 -0.000220926918149 0.000467309435514 0.00131251883732 0.000954432611238 0.00193916067873 0.00383902047408 0.00149214766166 0.0151671697403 0.000849252645875 -0.000713749464617 0.00171945599996 0.000959406437311 0.00048859856193 0.00137047638808 0.00156561796193 0.000431925506784 0.000724203159159 0.00170284383535 0.00184937545564 0.0017169794783 0.00424963990322 0.0017729268966 0.00161575266088 -0.000125047048825 0.000857330487244 0.00244118710661 0.00156322191856 0.00138574624688 0.00185505449183 0.00136356368725 0.00196726098712 0.00125324555718 0.000691130951403 9.52987780967e-05 0.0029264235424 0.00146596447824 2.39131173578e-06 0.00305715837954 0.000727542009258 
-0.000489979118348 -0.0001931042644 0.00118026921615 0.00013471560165 0.0014993423555 0.0046613700785 0.000650069664332 -0.00151537060131 0.000849252645875 0.0306377104083 0.00073431568531 0.00248616559121 -0.000667187590564 -0.000342241533804 0.000821491438135 0.00346521421593 -0.00136819167291 0.00310030140058 -0.000291978081889 -0.000524794581237 -0.00126851714687 0.00342933248051 -0.00103806920539 0.00121488911128 -0.000481714032213 -0.00045661289941 0.00221548286093 0.000306809675892 0.00428072902264 0.00789128595642 -4.85967366527e-05 -0.000535417629743 0.00318411713408 -0.000943524928798 0.00105091173414 0.00223105525155 0.00140362218695 -0.000590725319085 0.00102770971992 1.89186857692e-05 
0.00317738247905 0.00171877352792 0.00126968022843 0.00181915359959 0.0016368135324 0.00551983050216 0.00167231123461 0.000477073406355 -0.000713749464617 0.00073431568531 0.0533433212052 0.000682211676145 -0.000667650796544 0.00183346912838 0.00351175970562 -0.000297626250757 -0.00226541361038 0.000295155162288 0.000328693846263 0.00256019083443 0.00130079697179 0.00573987398628 0.001823239087 0.00289475380044 0.00341241362369 0.00158864174385 0.00731778774459 0.00179079772934 0.00394731631517 0.00185618221059 0.000996528249418 0.00101321573079 0.00408728523921 0.0029181853129 -0.000771173078726 0.00249682478692 0.000866542015899 0.0031762564423 0.00179345438222 0.00193118523055 
0.00136750650827 0.00235569003745 0.000652695411572 0.000817865216228 0.000286072111221 6.2039546569e-05 0.0023530629391 -7.53226120635e-05 0.00171945599996 0.00248616559121 0.000682211676145 0.0182597376383 0.0026659606947 0.00188195379444 0.00135632093208 -0.00088798453913 0.000226032608003 0.0013672239071 0.00147443887362 0.000765487779491 0.000718211298647 0.00446684166992 0.00233479914831 0.00383939283911 0.00229975927941 0.000610259999851 0.00223336231179 0.000673971234964 0.000367001000722 0.00125720554849 0.00208333817534 0.00184068455618 0.00338195504615 0.00158946352072 0.000339611399239 0.00031967991041 0.0014691730256 0.000306183924741 0.00189592180589 0.000945472129789 
-0.00138303818908 0.00243818731929 0.00223478998885 0.000124662112871 0.000236817635126 0.000915001067124 0.00246569739149 0.00140307508214 0.000959406437311 -0.000667187590564 -0.000667650796544 0.0026659606947 0.0201571914492 0.00113578661003 -7.33700970559e-05 0.000270852396892 -0.00149999242087 -0.00179736338664 0.000578781166118 0.000941167817761 0.000573914158117 -0.000580638554226 0.00161933492938 0.000548030536939 0.0049402920751 -3.75123351792e-05 -0.000252503794417 -0.00124785376887 0.000519660504027 0.00133310405822 0.00151170749557 0.00309096434161 0.000342432806769 0.00175447476853 0.000352778630005 0.00170631242214 0.0007967357442 0.00230064877311 0.00128233027836 0.000530301211046 
0.000925255993284 0.00100256953426 0.00132077263752 0.00231742371142 0.0009508461933 0.000990822777126 0.00149685886293 0.0011801498666 0.00048859856193 -0.000342241533804 0.00183346912838 0.00188195379444 0.00113578661003 0.014342657838 0.00161709860637 0.000621564460805 0.000701900015873 -0.00172609325526 0.0018784380379 0.00217197990346 0.00252007274347 0.00446310220428 0.00196625999098 0.00306432624131 0.000741973171592 0.00138160855114 0.00169620683444 0.00108093962705 0.00109260000213 0.0038051279472 0.00213611449568 0.0012728045508 0.00404750630686 0.00102480985545 0.00202038324962 0.0011068472786 0.00216434159221 0.0015108959396 0.00226649406149 0.0042508538116 
0.00149498790297 0.000867396066325 0.000961879819043 0.00146178805906 0.000739890662141 0.000776342805117 0.00477917577909 -0.00245061643492 0.00137047638808 0.000821491438135 0.00351175970562 0.00135632093208 -7.33700970559e-05 0.00161709860637 0.053043185685 0.00274363257016 0.000309216936515 0.000320174659858 0.000726105336195 -0.001584148719 0.000388362040842 -0.000947226249518 0.00147127036168 0.00188700971812 0.00304256351903 0.000384753718117 0.00259750030108 -0.00031098012843 0.00205176657804 0.000217324322451 0.00150086177254 0.0018018221337 -0.00108158017426 0.00147252912458 8.54259508726e-05 0.000375914929868 0.000401329589221 0.000508548974456 0.000162257094973 0.00211112274653 
-6.34385891283e-05 0.000302885528863 -0.000334349997409 0.000592578651494 -0.00103378885877 0.0016894574331 0.0068138499274 0.00149044476177 0.00156561796193 0.00346521421593 -0.000297626250757 -0.00088798453913 0.000270852396892 0.000621564460805 0.00274363257016 0.0963321746698 0.00591186715765 0.00199915637088 -0.000225467280249 0.00222645907124 0.00242790523948 0.00379643593393 -0.00106958364799 0.00133689559377 -0.000222985330374 0.00242575949302 0.00338801631872 -0.000228775363051 0.00182268939985 0.00187174815809 0.000947857952728 0.00260064023812 -0.00140583674272 0.000822853645575 -0.00222515274106 -0.000378053488355 -0.000764761377322 -0.000957994256347 -0.000724447353793 0.000149315831629 
0.000696603530835 0.000150524781804 0.00152503858399 0.00160464514624 0.000664535066488 0.000267360018155 0.000384130675843 0.000793751507189 0.000431925506784 -0.00136819167291 -0.00226541361038 0.000226032608003 -0.00149999242087 0.000701900015873 0.000309216936515 0.00591186715765 0.0418341700788 0.00270312279826 0.000818474261361 0.00116054901844 0.00295777150079 0.00134158950526 0.00113740574689 0.00108505938822 -0.000614014634496 0.000185144059303 0.00115225288478 0.000503648115644 -3.65134238211e-05 0.000458919945115 -0.000595289231616 0.00029181839143 -0.00171487468492 -4.09673141365e-05 0.000554942936475 0.000675670014705 -0.000562541330769 0.00113142769819 0.0019214139904 -0.000267536947477 
0.00134934871191 -0.000520361430682 -0.00105912131242 0.00031585153086 0.000521504694439 0.00196661244892 0.00174899749481 0.00142976361329 0.000724203159159 0.00310030140058 0.000295155162288 0.0013672239071 -0.00179736338664 -0.00172609325526 0.000320174659858 0.00199915637088 0.00270312279826 0.0304090554904 0.00026255025999 0.00234849761936 0.000421515801112 0.00229725381402 7.32592936193e-05 0.000968679857353 -0.000571194111901 -0.000447952804047 0.00106655900372 0.00123291572166 0.00182923496846 0.00458232575625 0.00112228047271 0.00180882897394 0.00292284316469 0.000226313695391 0.000263548275761 0.00301335050337 0.000795263549747 0.0019145114488 0.00210737153796 -0.000858396324196 
