30
0.00788248566947 0.0771685990004 0.109959402945 0.0070666509449 0.116406698245 0.0270606760034 0.139274044211 0.0300764430792 0.134360436546 0.424855775916 0.110374427341 0.0445332570478 0.087070388143 0.0402434153999 0.176385145314 0.0385950792128 0.00388664565626 0.0593939882808 0.0422860283868 0.00791209609274 0.0360508970818 0.0904248988876 0.259768981863 0.0756818342608 0.0315903614714 0.0422457423554 0.0161964684659 0.0887704215167 0.275152850517 0.0423549004831 
0.234488001433 0.0273349999927 0.0324942173198 0.00681769563869 0.0347637839036 0.00151755082105 0.0300498641237 0.00466920925262 -0.00269505289345 -0.00369782990639 0.0131737752748 0.0189604328205 0.0453143796071 0.01110259248 0.0198926920371 0.0413922797217 0.00299150555466 0.0242054104266 0.0341952192075 -0.00278042277421 0.0396655959191 -0.00211839425358 0.0361903351791 0.0209950103942 0.0320598434997 0.0041127054999 0.0346035266602 0.0229764432034 0.00830435019058 0.00981224767198 
0.0273349999927 0.210367344194 0.0279371325325 2.90070358434e-05 0.0428802657163 0.0260570229816 0.0650309370996 0.0292910373358 0.0412547078256 0.00101362695972 0.0320302311781 0.00980079325541 0.0243540703757 0.00316091206457 0.0327085248199 0.022056675192 0.0425722077654 0.0199848513222 0.0104328081797 0.00746017035619 0.0358407218957 0.027114214449 0.0387573270541 0.0377783505331 0.0689415161828 0.0223528359034 0.0174516133711 0.0341352492982 -0.0118241287407 0.00534347861128 
0.0324942173198 0.0279371325325 0.406396867849 0.0179328154968 0.0377976212109 0.0640598629547 0.0657833117312 0.03112284089 0.00228843929042 0.00487411151874 0.0361883264826 0.0184460830354 0.0316506361255 0.0207148587183 0.0227762096022 0.0424322006314 0.0113692480632 0.015693805828 0.0302798883193 0.0302006171029 0.0548988287734 0.0165347101199 0.0137292159208 -0.00228694598591 0.0395104945798 0.0285986277254 0.0049999321025 0.0147889405553 -0.036286177103 0.010286761559 
0.00681769563869 2.90070358394e-05 0.0179328154968 0.182919440266 0.000668771588666 -0.0107562342274 0.00722672275025 0.0180856877944 0.0111424083596 0.00503142792175 -0.0022875704572 0.00539620567191 0.0112974381807 0.0114925844497 0.0422520543082 0.0221923570184 0.00857265996443 0.016072677867 0.00694013241415 0.00222021977558 0.00239024210725 0.0109775331972 0.00940015234241 0.00489718860096 0.00795284836935 0.0164498810213 0.00146155937442 0.0115254370463 -0.000590418401918 0.00741473640614 
0.0347637839036 0.0428802657163 0.0377976212109 0.000668771588667 0.555590139841 0.0352122607401 0.0299893658686 -0.00410528596943 0.0330267585808 -0.0107207802875 0.0371761408555 0.00362368342589 0.0450325806533 0.0123832360762 0.0378158773724 0.0306763255654 0.0278460807352 0.000888618823836 0.0203040824985 0.012472491788 0.0241955644446 0.0458015785725 0.00150081047397 0.0216452196109 0.032296843606 0.0133340445454 0.0159195900543 0.0414516629259 -0.0385316554986 0.0230098903764 
0.00151755082105 0.0260570229816 0.0640598629547 -0.0107562342274 0.0352122607401 0.192130690227 0.0465973747372 0.0108810947129 0.0405470305812 -0.0210438768327 0.09484750342 -0.00254974104028 0.0115788732922 -0.00216089281801 0.0129471612118 0.0102404549954 0.026297785756 0.0052575831555 -0.00398644564814 0.0176419368712 0.0193432578576 0.0945173244605 0.00160184261557 0.0124876056489 0.01114785602 0.0128394430915 0.0141518896014 0.0244707095797 0.0280098098172 0.00828919283634 
0.0300498641237 0.0650309370996 0.0657833117312 0.00722672275025 0.0299893658686 0.0465973747372 0.641038142737 0.0714678807471 -0.000155328425575 0.00745445944217 0.0355183005377 0.0392172322596 0.0936722362603 0.027247952225 0.0188695444478 0.0135298727533 0.0151705524756 0.0201575203685 0.0150921472907 0.0138917572465 0.0340735559138 0.0187601740437 0.112121154087 0.00579929836685 0.0410624715895 0.0256343704209 0.0355570023881 0.0101488504935 -0.0250910099911 0.0179872999148 
0.00466920925261 0.0292910373358 0.03112284089 0.0180856877944 -0.00410528596943 0.0108810947129 0.0714678807471 0.372886509407 0.0137764379407 -0.00178359403659 0.00745993967695 -0.00164536721264 -0.00874463098083 0.0167658912567 0.00271691405785 0.00873480600035 0.00366972958746 0.0185268478497 0.0341244574696 0.0235814620487 0.00362860796217 -0.00782290762449 0.0124807371543 0.0166245665513 0.0351547699726 0.0196963165682 0.0107347312607 0.0182057166541 -0.0165113945538 0.0189103313993 
-0.00269505289345 0.0412547078256 0.00228843929042 0.0111424083596 0.0330267585808 0.0405470305812 -0.000155328425574 0.0137764379407 0.560681159943 -0.0215762423165 0.053007167028 -0.00634664422311 -0.0264008438077 0.00455901962824 0.0170548366673 0.013554250972 0.054935899038 0.00704685839835 -0.00327413276387 0.0143528608306 0.0175909624199 0.0662043678546 0.051151409954 -0.00311362400811 0.0330706365385 -0.00578521679915 -0.0030445153589 0.0126408233792 -0.0228723921082 0.0104821324846 
-0.00369782990639 0.00101362695972 0.00487411151874 0.00503142792175 -0.0107207802875 -0.0210438768327 0.00745445944217 -0.00178359403659 -0.0215762423165 3.74845130854 -0.0467415232871 0.0197562484564 -0.00914326594173 0.00163650284074 0.045710500192 0.012208314347 -0.00998535337756 -0.00333000875087 0.00725966006991 -0.00480589429892 0.0947066892684 -0.0508260436441 -0.0442116695071 -0.00641546676436 0.00491129951574 -0.0111601167117 0.00099350838751 -0.00833394583993 -0.0116813540686 0.0121893891605 
0.0131737752748 0.0320302311782 0.0361883264826 -0.0022875704572 0.0371761408555 0.09484750342 0.0355183005377 0.00745993967695 0.053007167028 -0.0467415232871 0.482294431873 -0.00334264304141 0.00757184015865 -0.00324458050101 0.0443981352341 0.036114822928 0.0357689858752 0.0107578413571 -0.0166501900098 0.0234836130457 0.0121152536726 0.187541299733 0.023296736325 0.0115592486694 0.0226261478736 -0.00734802361953 0.0162686095126 0.0209309517136 0.0285892443967 -0.000789142689245 
0.0189604328205 0.00980079325541 0.0184460830354 0.00539620567191 0.00362368342589 -0.00254974104028 0.0392172322596 -0.00164536721264 -0.00634664422311 0.0197562484564 -0.00334264304141 0.183268486705 0.0188478756706 0.0229353328697 0.0152180950418 0.00690809370574 -0.00113940411599 0.0199131989738 0.00551485944219 0.0196201739514 0.0196294857613 0.00719221078217 0.0241927665667 -0.00668701820847 0.0106803621443 0.0033793084007 0.0155227717604 0.0317542963672 -0.0184252350883 0.00318329837483 
0.0453143796071 0.0243540703757 0.0316506361255 0.0112974381807 0.0450325806533 0.0115788732922 0.0936722362603 -0.00874463098083 -0.0264008438077 -0.00914326594173 0.00757184015864 0.0188478756706 0.610295105629 0.0106985485707 0.00967497889676 0.0247003014156 0.00553481603442 0.013108798697 0.00768525177021 0.00996010583638 0.00471446980712 0.0108071936855 0.0965839401705 0.00653037691079 0.0246104062214 -0.00141500167068 0.0130693939462 0.0184823123057 -0.00451050649426 0.052239033871 
0.01110259248 0.00316091206457 0.0207148587183 0.0114925844497 0.0123832360762 -0.00216089281801 0.027247952225 0.0167658912567 0.00455901962824 0.00163650284074 -0.00324458050101 0.0229353328697 0.0106985485707 0.140810732371 0.0319324052412 0.0163720420806 0.0143080828774 0.0123050614391 0.00145610832848 0.00700465759201 0.0254370211795 -0.0123064483059 0.00508970367991 0.0254792416247 0.0161487680503 0.0195981425722 0.0156470710489 0.0249308067574 -0.00425593975271 0.0154013170482 
0.0198926920371 0.0327085248199 0.0227762096022 0.0422520543082 0.0378158773724 0.0129471612118 0.0188695444478 0.00271691405785 0.0170548366673 0.045710500192 0.0443981352341 0.0152180950418 0.00967497889676 0.0319324052412 0.62729644994 0.0213764284253 0.0326532729954 0.0565134262514 0.00762246628049 0.0146541173828 0.0188453956244 0.023282910333 0.0126916057314 0.0136952856433 0.0260816354675 0.00537970028505 0.0117433646964 0.0483783040033 -0.0328072101753 -0.0151498806235 
0.0413922797217 0.022056675192 0.0424322006314 0.0221923570184 0.0306763255654 0.0102404549954 0.0135298727533 0.00873480600035 0.013554250972 0.012208314347 0.036114822928 0.00690809370574 0.0247003014156 0.0163720420806 0.0213764284253 0.204298206881 0.00580003314486 0.0298113838277 0.00880852305329 0.0130625518175 0.0317981759082 0.01903294596 0.0414242373443 0.0181779298333 0.0220352115253 0.0230667361403 0.0305118370711 0.0376882532172 0.0137328812989 0.0151718124935 
0.00299150555467 0.0425722077654 0.0113692480632 0.00857265996443 0.0278460807352 0.026297785756 0.0151705524756 0.00366972958746 0.054935899038 -0.00998535337756 0.0357689858752 -0.00113940411599 0.00553481603442 0.0143080828774 0.0326532729954 0.00580003314486 0.234283035927 0.0168928630914 -0.00221155670652 0.0175541385116 0.0117178806467 0.0295400451154 0.0239216624768 0.0206003555362 0.0270661790669 0.0124516154167 -0.00208806898515 0.0333903611777 0.00401231294819 0.0118618752486 
0.0242054104266 0.0199848513222 0.015693805828 0.016072677867 0.000888618823836 0.0052575831555 0.0201575203685 0.0185268478497 0.00704685839835 -0.00333000875087 0.0107578413571 0.0199131989738 0.013108798697 0.0123050614391 0.0565134262514 0.0298113838277 0.0168928630914 0.232722185602 0.0264444870917 0.000215907822322 0.0277435657068 0.00930761782072 0.0145639958158 0.000904264041496 0.000921802430916 0.0239041864969 0.0209608372439 0.0191170088467 0.0111906074135 0.000436867968232 
0.0341952192075 0.0104328081797 0.0302798883193 0.00694013241414 0.0203040824985 -0.00398644564814 0.0150921472907 0.0341244574696 -0.00327413276387 0.00725966006991 -0.0166501900098 0.00551485944219 0.00768525177022 0.00145610832848 0.00762246628049 0.00880852305328 -0.00221155670652 0.0264444870917 0.247833986785 0.0267860450327 0.0221470647818 -0.0114109758725 0.0033746380888 0.00294503482719 0.00385399808516 0.0282461981074 0.0108823326741 0.0319494620969 0.00270664603884 0.0165332915064 
-0.0027804227742 0.0074601703562 0.0302006171029 0.00222021977557 0.012472491788 0.0176419368712 0.0138917572465 0.0235814620487 0.0143528608306 -0.00480589429892 0.0234836130457 0.0196201739514 0.00996010583638 0.00700465759201 0.0146541173828 0.0130625518175 0.0175541385116 0.000215907822318 0.0267860450327 0.180218637837 0.0114703305015 0.00752326617988 0.017092653971 0.00722571054509 0.0219939943432 0.0150643105154 0.0115871530155 0.0200317928177 -0.00610941190937 0.0105280948031 
0.0396655959191 0.0358407218957 0.0548988287734 0.00239024210725 0.0241955644446 0.0193432578576 0.0340735559138 0.00362860796217 0.0175909624199 0.0947066892684 0.0121152536726 0.0196294857613 0.00471446980712 0.0254370211795 0.0188453956244 0.0317981759082 0.0117178806467 0.0277435657068 0.0221470647818 0.0114703305015 0.166030087442 0.0135695638631 0.0311243940913 0.0182001066528 0.0310404621736 0.0211887028686 0.0218761561843 0.0169184155432 -0.00586515783794 0.0151905291032 
-0.00211839425358 0.027114214449 0.0165347101199 0.0109775331972 0.0458015785725 0.0945173244605 0.0187601740437 -0.00782290762449 0.0662043678546 -0.0508260436441 0.187541299733 0.00719221078217 0.0108071936855 -0.0123064483059 0.0232829103329 0.01903294596 0.0295400451154 0.00930761782072 -0.0114109758725 0.00752326617988 0.0135695638631 0.334115082736 0.0569030731179 0.00785142882568 0.0187757849878 0.0132499456244 0.0107875173331 0.0180484735288 0.0383072456923 -0.00937622948061 
0.0361903351791 0.0387573270541 0.0137292159208 0.00940015234241 0.00150081047397 0.00160184261557 0.112121154087 0.0124807371543 0.051151409954 -0.0442116695071 0.023296736325 0.0241927665667 0.0965839401705 0.00508970367991 0.0126916057314 0.0414242373443 0.0239216624768 0.0145639958158 0.0033746380888 0.017092653971 0.0311243940913 0.0569030731179 0.602637683738 0.0338498105318 0.0204148331149 0.0310872783999 -0.000604982288006 0.0311539751765 0.0538960862589 0.0122167570369 
0.0209950103942 0.0377783505331 -0.00228694598591 0.00489718860096 0.0216452196109 0.0124876056489 0.00579929836685 0.0166245665513 -0.00311362400811 -0.00641546676436 0.0115592486694 -0.00668701820847 0.0065303769108 0.0254792416247 0.0136952856433 0.0181779298333 0.0206003555362 0.000904264041494 0.00294503482719 0.00722571054509 0.0182001066528 0.00785142882567 0.0338498105318 0.2271952293 0.0305491746278 0.0166987332743 0.014121531634 0.00576178226257 -0.0142161612868 0.0189262038528 
0.0320598434997 0.0689415161828 0.0395104945798 0.00795284836935 0.032296843606 0.01114785602 0.0410624715895 0.0351547699726 0.0330706365385 0.00491129951574 0.0226261478736 0.0106803621443 0.0246104062214 0.0161487680503 0.0260816354675 0.0220352115253 0.0270661790669 0.00092180243092 0.00385399808515 0.0219939943431 0.0310404621736 0.0187757849878 0.0204148331149 0.0305491746278 0.153109200093 0.0206852399738 0.0100034893184 0.0395352846043 -0.00890517360937 0.0124158784267 
0.0041127054999 0.0223528359034 0.0285986277254 0.0164498810213 0.0133340445454 0.0128394430915 0.0256343704209 0.0196963165682 -0.00578521679915 -0.0111601167117 -0.00734802361953 0.0033793084007 -0.00141500167068 0.0195981425722 0.00537970028505 0.0230667361403 0.0124516154167 0.0239041864969 0.0282461981074 0.0150643105155 0.0211887028686 0.0132499456244 0.0310872783999 0.0166987332743 0.0206852399738 0.193808596433 0.0254709729562 0.0322070786102 -0.0153078689161 0.00364466221665 
0.0346035266602 0.0174516133711 0.0049999321025 0.00146155937442 0.0159195900543 0.0141518896014 0.0355570023881 0.0107347312607 -0.0030445153589 0.00099350838751 0.0162686095126 0.0155227717604 0.0130693939462 0.0156470710489 0.0117433646964 0.0305118370711 -0.00208806898515 0.0209608372439 0.0108823326741 0.0115871530155 0.0218761561843 0.0107875173331 -0.000604982288006 0.014121531634 0.0100034893184 0.0254709729562 0.177886680891 0.0370659628448 -0.032742011658 0.00721015926492 
0.0229764432034 0.0341352492982 0.0147889405553 0.0115254370463 0.0414516629259 0.0244707095797 0.0101488504935 0.0182057166541 0.0126408233792 -0.00833394583993 0.0209309517136 0.0317542963672 0.0184823123057 0.0249308067574 0.0483783040033 0.0376882532172 0.0333903611777 0.0191170088467 0.0319494620969 0.0200317928177 0.0169184155432 0.0180484735288 0.0311539751765 0.00576178226257 0.0395352846043 0.0322070786102 0.0370659628448 0.33167298318 -0.0450941703935 0.011958157296 
0.00830435019058 -0.0118241287407 -0.036286177103 -0.000590418401918 -0.0385316554986 0.0280098098172 -0.025091009991 -0.0165113945538 -0.0228723921082 -0.0116813540686 0.0285892443967 -0.0184252350883 -0.00451050649426 -0.00425593975271 -0.0328072101753 0.0137328812989 0.00401231294819 0.0111906074135 0.00270664603884 -0.00610941190937 -0.00586515783794 0.0383072456923 0.0538960862589 -0.0142161612868 -0.00890517360937 -0.0153078689161 -0.032742011658 -0.0450941703935 2.71808029245 -0.00541637235192 
0.00981224767198 0.00534347861128 0.010286761559 0.00741473640613 0.0230098903764 0.00828919283634 0.0179872999148 0.0189103313993 0.0104821324846 0.0121893891605 -0.000789142689239 0.00318329837482 0.052239033871 0.0154013170482 -0.0151498806235 0.0151718124935 0.0118618752486 0.000436867968215 0.0165332915064 0.0105280948032 0.0151905291032 -0.00937622948061 0.0122167570369 0.0189262038528 0.0124158784267 0.00364466221664 0.00721015926491 0.011958157296 -0.00541637235192 0.224951252241 
0.0203072566124 0.00236728044061 0.0028140817675 0.000590429761838 0.00301063199922 0.000131423756256 0.00260239457114 0.000404365382835 -0.000233398427027 -0.000320241463781 0.00114088240517 0.00164202164893 0.00392434038964 0.000961512713551 0.00172275766538 0.00358467657595 0.00025907198059 0.00209625003385 0.00296139285217 -0.000240791675573 0.00343514137222 -0.000183458323883 0.00313417496366 0.00181822123541 0.00277646389121 0.00035617074412 0.00299675331483 0.00198981835027 0.000719177822696 0.000849765575216 
0.00236728044061 0.0182183464199 0.0024194266482 2.51208299289e-06 0.00371353994314 0.00225660438491 0.00563184435601 0.0025366782436 0.00357276250027 8.77826697079e-05 0.00277389938894 0.000848773593642 0.00210912436309 0.000273743014705 0.00283264134143 0.00191016410393 0.003686861342 0.00173073889359 0.000903507691644 0.000646069704502 0.00310389756517 0.00234815985165 0.00335648298117 0.00327170112747 0.00597051043897 0.00193581237389 0.00151135405164 0.00295619930568 -0.0010239995867 0.000462758822195 
0.0028140817675 0.0024194266482 0.0351950011575 0.00155302737816 0.00327337001713 0.00554774686817 0.00569700191043 0.00269531708487 0.000198184656052 0.000422110439611 0.00313400100543 0.0015974776509 0.00274102549306 0.00179395938859 0.00197247761174 0.00367473636853 0.000984605764463 0.00135912345291 0.00262231525083 0.00261545016211 0.00475437803558 0.0014319479008 0.00118898497615 -0.000198055332088 0.00342170920222 0.00247671381236 0.000433006821796 0.00128075982159 -0.00314247511774 0.000890859683279 
0.000590429761838 2.51208299254e-06 0.00155302737816 0.0158412882116 5.79173185114e-05 -0.000931517208998 0.000625852548783 0.00156626650749 0.000964960869876 0.000435734439754 -0.000198109412888 0.000467325119592 0.000978386846214 0.000995287008855 0.0036591352393 0.00192191449478 0.000742414130721 0.00139193473397 0.000601033097628 0.000192276672763 0.000207001038607 0.00095068226197 0.000814077072797 0.000424108973556 0.000688736872031 0.00142460148537 0.000126574754738 0.000998132127178 -5.11317334923e-05 0.000642135009008 
0.00301063199922 0.00371353994314 0.00327337001713 5.79173185115e-05 0.0481155175194 0.00304947123256 0.00259715526856 -0.000355528193933 0.00286020119357 -0.000928446807735 0.00321954823955 0.00031382019021 0.00389993588437 0.0010724197023 0.00327495104709 0.00265664772344 0.00241154133126 7.69566475723e-05 0.00175838512442 0.00108014947369 0.00209539734679 0.00396653305772 0.000129973999673 0.00187453100535 0.00279698870249 0.00115476213115 0.00137867694049 0.00358981931229 -0.00333693925116 0.00199271496042 
0.000131423756257 0.00225660438491 0.00554774686817 -0.000931517208998 0.00304947123256 0.0166390058583 0.00403545102721 0.000942330444232 0.00351147585314 -0.00182245319312 0.00821403474472 -0.000220814051395 0.00100275984182 -0.000187138807525 0.00112125705163 0.000886849417237 0.0022774550528 0.000455320057517 -0.00034523632021 0.00152783655025 0.00167517526966 0.00818544040806 0.000138723639795 0.00108145837244 0.000965432651107 0.00111192838877 0.00122558959064 0.00211922561446 0.00242572068569 0.000717865157314 
0.00260239457114 0.00563184435601 0.00569700191043 0.000625852548782 0.00259715526856 0.00403545102721 0.0555155316405 0.00618930002816 -1.34518362478e-05 0.00064557512484 0.00307597505649 0.00339631194029 0.00811225362307 0.00235974188279 0.00163415048496 0.00117172135144 0.00131380838333 0.00174569247164 0.00130701829514 0.00120306146786 0.00295085650187 0.00162467873013 0.00970997677406 0.000502233970982 0.00355611435387 0.00222000159945 0.00307932673505 0.000878916234659 -0.00217294520589 0.00155774586717 
0.000404365382835 0.0025366782436 0.00269531708487 0.00156626650749 -0.000355528193933 0.000942330444232 0.00618930002816 0.0322929189875 0.00119307452303 -0.000154463774572 0.000646049727094 -0.00014249298047 -0.000757307257612 0.00145196877454 0.000235291659399 0.000756456389343 0.000317807904776 0.00160447208899 0.0029552647059 0.00204221451925 0.000314246667561 -0.000677483673427 0.00108086354335 0.00143972969603 0.00304449238605 0.00170575105091 0.000929654997458 0.00157666131166 -0.00142992871355 0.00163768273858 
-0.000233398427027 0.00357276250027 0.000198184656052 0.000964960869876 0.00286020119357 0.00351147585314 -1.34518362477e-05 0.00119307452303 0.0485564127934 -0.00186855739643 0.00459055532289 -0.000549635512599 -0.00228638014188 0.000394822681441 0.00147699218113 0.0011738325671 0.00475758841467 0.000610275838984 -0.000283548214887 0.00124299420963 0.00152342203327 0.00573346644036 0.00442984204596 -0.000269647748885 0.00286400113616 -0.000501014471447 -0.000263662764302 0.00109472741712 -0.0019808072611 0.000907779301749 
-0.000320241463781 8.77826697078e-05 0.000422110439611 0.000435734439754 -0.000928446807735 -0.00182245319312 0.00064557512484 -0.000154463774572 -0.00186855739643 0.324625405805 -0.00404793465782 0.00171094130467 -0.000791830057909 0.000141725303345 0.0039586454386 0.00105727103619 -0.000864756969073 -0.000288387217307 0.000628705004338 -0.000416202655076 0.00820183988148 -0.00440166449697 -0.00382884289369 -0.000555595719507 0.000425331014623 -0.000966494458152 8.60403502457e-05 -0.000721740881114 -0.0010116349374 0.00105563206696 
0.00114088240517 0.00277389938894 0.00313400100543 -0.000198109412888 0.00321954823955 0.00821403474472 0.00307597505649 0.000646049727094 0.00459055532289 -0.00404793465782 0.0417679230106 -0.000289481378964 0.000655740593078 -0.00028098891385 0.00384499129934 0.00312763541088 0.00309768504355 0.000931656390511 -0.00144194875263 0.00203374054702 0.00104921174538 0.0162415529828 0.00201755654827 0.00100106029964 0.00195948188483 -0.000636357512212 0.00140890291222 0.00181267359093 0.00247590119225 -6.83417616097e-05 
0.00164202164893 0.000848773593642 0.0015974776509 0.000467325119592 0.00031382019021 -0.000220814051395 0.00339631194029 -0.00014249298047 -0.000549635512599 0.00171094130467 -0.000289481378964 0.01587151652 0.00163227391381 0.00198625809094 0.00131792569034 0.00059825846409 -9.86752909622e-05 0.00172453361819 0.000477600837523 0.00169915690686 0.00169996333325 0.000622863724673 0.00209515504345 -0.00057911276441 0.000924946493859 0.000292656692223 0.00134431146816 0.00275000273333 -0.00159567216572 0.000275681726043 
0.00392434038964 0.00210912436309 0.00274102549306 0.000978386846214 0.00389993588437 0.00100275984182 0.00811225362307 -0.000757307257612 -0.00228638014188 -0.000791830057909 0.000655740593078 0.00163227391381 0.052853106528 0.000926521484587 0.000837877750567 0.0021391088507 0.000479329129108 0.00113525526847 0.000665562326748 0.000862570467868 0.000408285061834 0.000935930427526 0.00836441457853 0.000565547230104 0.00213132369851 -0.000122542739321 0.00113184271695 0.00160061519774 -0.000390621320796 0.00452403304014 
0.000961512713551 0.000273743014704 0.00179395938859 0.000995287008854 0.0010724197023 -0.000187138807525 0.00235974188279 0.00145196877454 0.000394822681441 0.000141725303345 -0.00028098891385 0.00198625809094 0.000926521484587 0.0121945671359 0.00276542741428 0.00141786043536 0.00123911632513 0.00106564958014 0.000126102680313 0.00060662114195 0.0022029106538 -0.00106576968632 0.000440781268454 0.00220656705161 0.00139852433714 0.00169724893345 0.00135507610232 0.00215907119888 -0.000368575194282 0.00133379318155 
0.00172275766538 0.00283264134143 0.00197247761174 0.0036591352393 0.00327495104709 0.00112125705163 0.00163415048496 0.000235291659399 0.00147699218113 0.0039586454386 0.00384499129934 0.00131792569034 0.000837877750567 0.00276542741428 0.0543254661352 0.00185125300585 0.00282785639307 0.00489420627886 0.000660124943839 0.00126908379235 0.00163205913551 0.00201635918224 0.00109912529782 0.00118604652792 0.00225873588871 0.00046589571116 0.0010170052153 0.00418968402589 -0.00284118774391 -0.00131201814843 
0.00358467657595 0.00191016410393 0.00367473636853 0.00192191449478 0.00265664772344 0.000886849417237 0.00117172135144 0.000756456389343 0.0011738325671 0.00105727103619 0.00312763541088 0.00059825846409 0.0021391088507 0.00141786043537 0.00185125300585 0.0176927437106 0.000502297604624 0.00258174157168 0.000762840473397 0.00113125017122 0.00275380281305 0.00164830147102 0.00358744418726 0.00157425490239 0.00190830529587 0.00199763794799 0.00264240260197 0.00326389847103 0.0011893024072 0.00131391750408 
0.00025907198059 0.003686861342 0.000984605764463 0.00074241413072 0.00241154133126 0.0022774550528 0.00131380838333 0.000317807904776 0.00475758841467 -0.000864756969073 0.00309768504355 -9.86752909621e-05 0.000479329129108 0.00123911632513 0.00282785639307 0.000502297604624 0.0202895060789 0.00146296485798 -0.000191526428975 0.00152023298926 0.00101479823185 0.00255824294989 0.00207167674057 0.00178404312213 0.00234399986553 0.0010783415269 -0.0001808320786 0.00289169010214 0.000347476494106 0.00102726853018 
0.00209625003385 0.00173073889359 0.00135912345291 0.00139193473397 7.69566475723e-05 0.000455320057517 0.00174569247164 0.00160447208899 0.000610275838984 -0.000288387217307 0.000931656390511 0.00172453361819 0.00113525526847 0.00106564958014 0.00489420627886 0.00258174157168 0.00146296485798 0.0201543324756 0.00229015976115 1.86981659006e-05 0.00240266326936 0.000806063348146 0.00126127903571 7.83115631665e-05 7.98304322444e-05 0.00207016327631 0.00181526175378 0.00165558153056 0.000969135030384 3.78338758589e-05 
0.00296139285217 0.000903507691645 0.00262231525083 0.000601033097628 0.00175838512442 -0.00034523632021 0.00130701829514 0.0029552647059 -0.000283548214887 0.000628705004338 -0.00144194875263 0.000477600837523 0.000665562326749 0.000126102680312 0.000660124943839 0.000762840473396 -0.000191526428975 0.00229015976115 0.0214630528477 0.00231973954652 0.00191799207203 -0.000988219498755 0.000292252231348 0.000255047497537 0.000333766024789 0.00244619251213 0.000942437654823 0.00276690458132 0.000234402422869 0.00143182504527 
-0.000240791675572 0.000646069704503 0.00261545016211 0.000192276672763 0.00108014947369 0.00152783655025 0.00120306146786 0.00204221451925 0.00124299420963 -0.000416202655076 0.00203374054702 0.00169915690686 0.000862570467868 0.000606621141949 0.00126908379235 0.00113125017122 0.00152023298926 1.86981659003e-05 0.00231973954652 0.0156073918602 0.000993359760412 0.000651533963121 0.0014802672557 0.000625764889244 0.00190473578319 0.00130460755969 0.0010034768869 0.00173480414635 -0.00052909059157 0.000911759755297 
0.00343514137222 0.00310389756517 0.00475437803558 0.000207001038607 0.00209539734679 0.00167517526966 0.00295085650187 0.000314246667561 0.00152342203327 0.00820183988148 0.00104921174538 0.00169996333325 0.000408285061834 0.0022029106538 0.00163205913551 0.00275380281305 0.00101479823185 0.00240266326936 0.00191799207203 0.000993359760412 0.0143786273518 0.00117515870237 0.00269545159605 0.00157617547129 0.00268818287876 0.00183499549574 0.00189453069928 0.00146517776522 -0.000507937568486 0.00131553841003 
-0.000183458323883 0.00234815985165 0.0014319479008 0.00095068226197 0.00396653305772 0.00818544040806 0.00162467873013 -0.000677483673427 0.00573346644036 -0.00440166449697 0.0162415529828 0.000622863724674 0.000935930427526 -0.00106576968632 0.00201635918224 0.00164830147102 0.00255824294989 0.000806063348146 -0.000988219498755 0.000651533963121 0.00117515870237 0.0289352149437 0.00492795068735 0.000679953681904 0.00162603067754 0.00114747895095 0.000934226405422 0.00156304365755 0.00331750479185 -0.000812005292192 
0.00313417496366 0.00335648298117 0.00118898497615 0.000814077072797 0.000129973999673 0.000138723639795 0.00970997677406 0.00108086354335 0.00442984204596 -0.00382884289369 0.00201755654827 0.00209515504345 0.00836441457853 0.000440781268454 0.00109912529782 0.00358744418726 0.00207167674057 0.00126127903571 0.000292252231348 0.0014802672557 0.00269545159605 0.00492795068735 0.0521899543395 0.00293147958338 0.00176797640915 0.00269223728288 -5.23930030253e-05 0.00269801339318 0.00466753798648 0.00105800219458 
0.00181822123541 0.00327170112747 -0.000198055332088 0.000424108973555 0.00187453100535 0.00108145837244 0.000502233970982 0.00143972969603 -0.000269647748885 -0.000555595719507 0.00100106029964 -0.00057911276441 0.000565547230104 0.00220656705161 0.00118604652792 0.00157425490239 0.00178404312213 7.83115631663e-05 0.000255047497538 0.000625764889244 0.00157617547129 0.000679953681904 0.00293147958338 0.0196756840192 0.00264563612923 0.00144615272266 0.00122296051354 0.000498984981046 -0.00123115568187 0.00163905733337 
0.00277646389121 0.00597051043897 0.00342170920222 0.000688736872031 0.00279698870249 0.000965432651107 0.00355611435387 0.00304449238605 0.00286400113616 0.000425331014623 0.00195948188483 0.000924946493859 0.00213132369852 0.00139852433714 0.00225873588871 0.00190830529587 0.00234399986553 7.98304322447e-05 0.000333766024788 0.00190473578319 0.00268818287876 0.00162603067754 0.00176797640915 0.00264563612923 0.0132596456834 0.00179139433007 0.000866327587619 0.00342385608131 -0.000771210657083 0.00107524661278 
0.000356170744119 0.00193581237389 0.00247671381236 0.00142460148537 0.00115476213115 0.00111192838877 0.00222000159945 0.00170575105091 -0.000501014471447 -0.000966494458152 -0.000636357512212 0.000292656692223 -0.000122542739321 0.00169724893345 0.00046589571116 0.00199763794799 0.0010783415269 0.00207016327631 0.00244619251213 0.00130460755969 0.00183499549574 0.00114747895095 0.00269223728288 0.00144615272266 0.00179139433007 0.0167843167983 0.00220585096392 0.00278921482582 -0.00132570033591 0.000315637006783 
0.00299675331483 0.00151135405164 0.000433006821796 0.000126574754739 0.00137867694049 0.00122558959064 0.00307932673505 0.000929654997458 -0.000263662764302 8.60403502457e-05 0.00140890291222 0.00134431146816 0.00113184271695 0.00135507610232 0.0010170052153 0.00264240260197 -0.0001808320786 0.00181526175378 0.000942437654823 0.0010034768869 0.00189453069928 0.000934226405422 -5.23930030253e-05 0.00122296051354 0.000866327587619 0.00220585096392 0.0154054384646 0.00321000654393 -0.00283554138668 0.000624418108875 
0.00198981835027 0.00295619930568 0.00128075982159 0.000998132127178 0.00358981931229 0.00211922561446 0.00087891623466 0.00157666131166 0.00109472741712 -0.000721740881114 0.00181267359093 0.00275000273333 0.00160061519774 0.00215907119888 0.00418968402589 0.00326389847103 0.00289169010214 0.00165558153056 0.00276690458132 0.00173480414635 0.00146517776522 0.00156304365755 0.00269801339318 0.000498984981046 0.00342385608131 0.00278921482582 0.00321000654393 0.0287237229183 -0.00390526971234 0.00103560680008 
0.000719177822696 -0.0010239995867 -0.00314247511774 -5.11317334923e-05 -0.00333693925116 0.00242572068569 -0.00217294520589 -0.00142992871355 -0.0019808072611 -0.0010116349374 0.00247590119225 -0.00159567216572 -0.000390621320796 -0.000368575194282 -0.00284118774391 0.0011893024072 0.000347476494106 0.000969135030384 0.000234402422869 -0.00052909059157 -0.000507937568486 0.00331750479185 0.00466753798648 -0.00123115568187 -0.000771210657083 -0.00132570033591 -0.00283554138668 -0.00390526971234 0.235392658279 -0.000469071605311 
0.000849765575216 0.000462758822195 0.000890859683279 0.000642135009007 0.00199271496042 0.000717865157314 0.00155774586717 0.00163768273858 0.000907779301749 0.00105563206696 -6.83417616092e-05 0.000275681726042 0.00452403304014 0.00133379318155 -0.00131201814843 0.00131391750408 0.00102726853018 3.78338758574e-05 0.00143182504527 0.000911759755298 0.00131553841003 -0.000812005292192 0.00105800219458 0.00163905733337 0.00107524661278 0.000315637006782 0.000624418108874 0.00103560680008 -0.000469071605312 0.0194813499054 

['STA', 'AIV', 'EBAY', 'IBM', 'NTAP', 'KMI', 'LSI', 'HRB', 'TXU', 'SANM', 'RIG', 'DGX', 'BMC', 'HNZ', 'BBY', 'CTAS', 'CMS', 'MHP', 'AT', 'CPB', 'ASO', 'APC', 'ATI', 'CAH', 'VNO', 'ECL', 'RTN', 'AET', 'PTV', 'MKC']