20
0.075466134778 0.0979044774238 0.185813705736 0.0677272644226 0.125840316239 0.142251168296 0.0896854693356 0.0823962853659 0.0506132512338 0.100886603299 0.144106781955 0.0593939882808 0.0444205393046 0.20394989535 0.00633581846688 0.0070666509449 0.171628318037 0.0705908558691 0.126255379542 0.0534982218633 
0.459012075076 -0.00766522510017 0.0175826693388 0.0001877572987 0.0487641943798 0.0200066673756 0.016207097533 0.0202840590883 0.0205697284539 0.0355523199961 -0.0103406582545 0.0139187751751 0.00311666154923 0.022069630664 0.0108799438335 0.00804964027141 0.00679063578921 -0.00608553351042 0.0666808746942 0.0138197719514 
-0.00766522510018 0.517983071504 0.0915778102751 -0.0108697138386 -0.0242027644682 0.000384464103819 0.0163040782558 0.0153154581583 0.0383032947722 0.0101594023313 0.0260241604792 -0.0115139286757 -0.000949103791318 -0.0276239575234 0.0352382116872 -0.0111523144994 0.0109931510982 0.016323273905 0.0296701005112 0.0160992579524 
0.0175826693388 0.0915778102751 0.603777514993 0.015696270642 0.0732855661684 0.0485787098916 0.0636342273296 0.0176976990954 0.0494348756288 -0.00083017074952 0.00225590965913 0.0334345924856 0.0327835041263 0.166091342937 0.0562217261002 -0.000333418897946 0.0207620339898 0.0366712917947 0.0430555491782 0.0768517197269 
0.0001877572987 -0.0108697138386 0.015696270642 0.304387904867 -0.00705363688238 0.0177580600305 0.016295577175 0.0322183534981 0.0442099222711 0.0080399610221 0.0432813143155 0.0235840446801 0.0244272929827 -0.0173651861288 0.0131581287211 0.0141035745573 -0.00633614105818 0.0213313615717 0.038792547398 0.0268493708507 
0.0487641943798 -0.0242027644682 0.0732855661684 -0.00705363688238 0.398777182188 0.0641618399977 0.0397360491937 0.00676729304025 0.0231419090015 0.0330412959789 0.0334452464885 0.0188531177126 0.0196368271069 0.0444100757067 0.0439313458317 0.019143296109 0.0320622444403 0.0330628033914 0.0322676360249 0.0602853695847 
0.0200066673756 0.000384464103819 0.0485787098916 0.0177580600305 0.0641618399977 0.807454763668 -0.00612701142671 0.0125978396822 0.0234125687697 0.0118437405083 -0.0193089959985 0.0137328024273 0.0228243661196 -0.0464780784972 0.0111888946626 0.0151087268002 0.046218574851 0.0490066047839 -0.018513859683 0.0227457179307 
0.016207097533 0.0163040782558 0.0636342273296 0.016295577175 0.0397360491937 -0.00612701142671 0.267401867673 0.00295768862396 0.0208637459403 0.0264960153438 0.00465187550016 0.033278322073 0.0182049814217 0.010617113078 0.0222729836208 0.00191956230965 0.0157830561058 0.0169988632891 0.0208048518079 0.0327609068576 
0.0202840590883 0.0153154581583 0.0176976990954 0.0322183534981 0.00676729304025 0.0125978396822 0.00295768862396 0.337387332895 0.0214395148437 -0.00709423425945 0.0122951695285 0.00331420764139 0.0129217486873 0.0101718137247 0.01558878023 0.0289167828589 -0.0146012979716 0.0267684249493 0.0915878694556 0.0186767436538 
0.0205697284539 0.0383032947722 0.0494348756288 0.0442099222711 0.0231419090015 0.0234125687697 0.0208637459403 0.0214395148437 0.164117991831 -0.0012247748794 0.0245636115792 0.0296467039589 0.0187288328677 0.000794840492959 0.0184623629002 0.0130083892925 0.00556971869086 0.0214392247677 0.0149407887072 0.0380525464051 
0.0355523199961 0.0101594023313 -0.00083017074952 0.0080399610221 0.0330412959789 0.0118437405083 0.0264960153438 -0.00709423425945 -0.0012247748794 0.377085832202 0.0148864031709 0.000221719765921 0.00511541274107 0.013433580874 0.00892926501016 -0.0144164733168 -0.00201262280333 -0.0026316521321 0.0283047083405 0.0056242028577 
-0.0103406582545 0.0260241604792 0.00225590965913 0.0432813143155 0.0334452464885 -0.0193089959985 0.00465187550016 0.0122951695285 0.0245636115792 0.0148864031709 0.337093830702 0.0082545012937 -0.000516849307035 -0.00915135763853 -0.00738404671884 -0.00398453904898 0.0274927824814 0.0567481111889 0.0412952950138 -0.00872206496553 
0.0139187751751 -0.0115139286757 0.0334345924856 0.0235840446801 0.0188531177126 0.0137328024273 0.033278322073 0.00331420764139 0.0296467039589 0.000221719765921 0.0082545012937 0.239750445625 0.0265613245575 0.00345460668674 0.0232381438339 0.0200130744656 0.0183263163718 0.00336740999776 0.0258306697958 0.0141478542062 
0.00311666154923 -0.000949103791318 0.0327835041263 0.0244272929827 0.0196368271069 0.0228243661196 0.0182049814217 0.0129217486873 0.0187288328677 0.00511541274107 -0.000516849307035 0.0265613245575 0.185928319451 0.0260935719421 0.0145313740596 0.0208575991253 0.0410365198477 0.00350253089566 0.0245232588629 0.030145655534 
0.022069630664 -0.0276239575234 0.166091342937 -0.0173651861288 0.0444100757067 -0.0464780784972 0.010617113078 0.0101718137247 0.000794840492959 0.013433580874 -0.00915135763853 0.00345460668674 0.0260935719421 0.757228727508 0.0016961782851 0.00182770724752 0.00983585120497 0.0305869068038 0.0691394326721 0.0055711346656 
0.0108799438335 0.0352382116872 0.0562217261002 0.0131581287211 0.0439313458317 0.0111888946626 0.0222729836208 0.01558878023 0.0184623629002 0.00892926501016 -0.00738404671884 0.0232381438339 0.0145313740596 0.0016961782851 0.197973238618 0.00799647049177 0.0125389851411 0.0340836720928 0.0280547817114 0.0544029982897 
0.00804964027141 -0.0111523144994 -0.000333418897946 0.0141035745573 0.019143296109 0.0151087268002 0.00191956230965 0.0289167828589 0.0130083892925 -0.0144164733168 -0.00398453904898 0.0200130744656 0.0208575991253 0.00182770724752 0.00799647049177 0.180661468461 0.0114322782229 0.0221380200013 0.0400852490255 0.014394107001 
0.00679063578921 0.0109931510982 0.0207620339898 -0.00633614105818 0.0320622444403 0.046218574851 0.0157830561058 -0.0146012979716 0.00556971869086 -0.00201262280333 0.0274927824814 0.0183263163718 0.0410365198477 0.00983585120497 0.0125389851411 0.0114322782229 0.292683123017 0.0137654002499 0.0181304125655 0.0217903805201 
-0.00608553351042 0.016323273905 0.0366712917947 0.0213313615717 0.0330628033914 0.0490066047839 0.0169988632891 0.0267684249493 0.0214392247677 -0.0026316521321 0.0567481111889 0.00336740999776 0.00350253089566 0.0305869068038 0.0340836720928 0.0221380200013 0.0137654002499 0.485075779618 0.0170338323069 0.00625347456809 
0.0666808746942 0.0296701005112 0.0430555491782 0.038792547398 0.0322676360249 -0.018513859683 0.0208048518079 0.0915878694556 0.0149407887072 0.0283047083405 0.0412952950138 0.0258306697958 0.0245232588629 0.0691394326721 0.0280547817114 0.0400852490255 0.0181304125655 0.0170338323069 0.524751375745 0.0202347132173 
0.0138197719514 0.0160992579524 0.0768517197269 0.0268493708507 0.0602853695847 0.0227457179307 0.0327609068576 0.0186767436538 0.0380525464051 0.0056242028577 -0.00872206496553 0.0141478542062 0.030145655534 0.0055711346656 0.0544029982897 0.014394107001 0.0217903805201 0.00625347456809 0.0202347132173 0.241843065318 
0.039751611766 -0.000663827966248 0.00152270383137 1.6260259042e-05 0.0042231031128 0.00173262821924 0.00140357581852 0.00175665104623 0.001781390739 0.00307892122801 -0.000895527274028 0.00120540128912 0.000269910807663 0.00191128608071 0.000942230775152 0.000697119296637 0.00058808631013 -0.000527022661561 0.00577473314317 0.00119682735845 
-0.000663827966248 0.0448586498652 0.00793087101212 -0.000941344831607 -0.00209602088712 3.3295568075e-05 0.00141197459548 0.00132635758357 0.00331716263214 0.000879830050617 0.00225375840872 -0.000997135473048 -8.21947994109e-05 -0.00239230489683 0.00305171865051 -0.000965818766745 0.00095203481187 0.00141363698746 0.00256950607756 0.00139423663688 
0.00152270383137 0.00793087101212 0.0522886666218 0.00135933691206 0.00634671620326 0.00420703968492 0.00551088574176 0.00153266570052 0.00428118581275 -7.18948958563e-05 0.000195367507345 0.00289552064577 0.00283913473984 0.0143839322332 0.00486894430474 -2.88749235723e-05 0.00179804488694 0.00317582702838 0.00372871993622 0.0066555541608 
1.6260259042e-05 -0.000941344831607 0.00135933691206 0.026360765822 -0.000610862872921 0.00153789311084 0.00141123838028 0.00279019125974 0.00382869157861 0.000696281049057 0.00374827177064 0.0020424381817 0.00211546562687 -0.0015038692329 0.00113952737387 0.00122140538508 -0.000548725911834 0.00184735010184 0.00335953315242 0.00232522372323 
0.0042231031128 -0.00209602088712 0.00634671620326 -0.000610862872921 0.0345351170224 0.00555657833916 0.00344124280478 0.000586064768771 0.00200414810874 0.00286146016917 0.00289644330949 0.00163272788796 0.00170059911243 0.0038460253746 0.00380456615127 0.00165785807426 0.00277667181877 0.00286332276572 0.00279445925176 0.00522086615369 
0.00173262821924 3.3295568075e-05 0.00420703968492 0.00153789311084 0.00555657833916 0.0699276337743 -0.000530614754481 0.00109100491976 0.00202758793224 0.0010256980156 -0.00167220810562 0.00118929557672 0.00197664808848 -0.00402511966977 0.000968986701805 0.00130845412278 0.00400264599477 0.00424409646961 -0.00160334728075 0.00196983695553 
0.00140357581852 0.00141197459548 0.00551088574176 0.00141123838028 0.00344124280478 -0.000530614754481 0.0231576810424 0.000256143348484 0.00180685340024 0.00229462223868 0.000402864235838 0.00288198723106 0.00157659763866 0.000919468964042 0.00192889696337 0.00016623897243 0.0013668527537 0.00147214474438 0.00180175301876 0.00283717775897 
0.00175665104623 0.00132635758357 0.00153266570052 0.00279019125974 0.000586064768771 0.00109100491976 0.000256143348484 0.0292186001203 0.00185671644994 -0.000614378708908 0.00106479291555 0.000287018801086 0.00111905626246 0.000880904908816 0.00135002796932 0.00250426685516 -0.00126450949716 0.00231821360254 0.00793174216271 0.00161745344641 
0.001781390739 0.00331716263214 0.00428118581275 0.00382869157861 0.00200414810874 0.00202758793224 0.00180685340024 0.00185671644994 0.0142130350144 -0.000106068615948 0.00212727116363 0.00256747987668 0.00162196450466 6.88352058859e-05 0.00159888752855 0.00112655955896 0.000482351787821 0.00185669132863 0.0012939102573 0.00329544718655 
0.00307892122801 0.000879830050617 -7.18948958563e-05 0.000696281049057 0.00286146016917 0.0010256980156 0.00229462223868 -0.000614378708908 -0.000106068615948 0.0326565910094 0.00128920033169 1.92014949808e-05 0.000443007738461 0.00116338223007 0.000773297033593 -0.00124850321254 -0.000174298247592 -0.000227907760033 0.00245125964696 0.00048707025508 
-0.000895527274028 0.00225375840872 0.000195367507345 0.00374827177064 0.00289644330949 -0.00167220810562 0.000402864235838 0.00106479291555 0.00212727116363 0.00128920033169 0.0291931820847 0.000714860781592 -4.47604629821e-05 -0.000792530819408 -0.000639477204124 -0.000345071203879 0.00238094480496 0.00491453059064 0.00357627745387 -0.000755352983361 
0.00120540128912 -0.000997135473048 0.00289552064577 0.0020424381817 0.00163272788796 0.00118929557672 0.00288198723106 0.000287018801086 0.00256747987668 1.92014949808e-05 0.000714860781592 0.020762997648 0.0023002781825 0.00029917771508 0.00201248228969 0.0017331830895 0.00158710555358 0.000291626260302 0.00223700162399 0.00122524011516 
0.000269910807663 -8.21947994109e-05 0.00283913473984 0.00211546562687 0.00170059911243 0.00197664808848 0.00157659763866 0.00111905626246 0.00162196450466 0.000443007738461 -4.47604629821e-05 0.0023002781825 0.0161018647928 0.00225976961773 0.00125845390875 0.00180632107045 0.0035538668671 0.000303328073319 0.00212377651589 0.00261069035062 
0.00191128608071 -0.00239230489683 0.0143839322332 -0.0015038692329 0.0038460253746 -0.00402511966977 0.000919468964042 0.000880904908816 6.88352058859e-05 0.00116338223007 -0.000792530819408 0.00029917771508 0.00225976961773 0.0655779314497 0.000146893348424 0.000158284090703 0.000851809701135 0.00264890383153 0.00598765050972 0.000482474414832 
0.000942230775152 0.00305171865051 0.00486894430474 0.00113952737387 0.00380456615127 0.000968986701805 0.00192889696337 0.00135002796932 0.00159888752855 0.000773297033593 -0.000639477204124 0.00201248228969 0.00125845390875 0.000146893348424 0.0171449853913 0.000692514658649 0.00108590796699 0.00295173258866 0.00242961536597 0.00471143785609 
0.000697119296637 -0.000965818766745 -2.88749235723e-05 0.00122140538508 0.00165785807426 0.00130845412278 0.00016623897243 0.00250426685516 0.00112655955896 -0.00124850321254 -0.000345071203879 0.0017331830895 0.00180632107045 0.000158284090703 0.000692514658649 0.0156457421172 0.000990064336415 0.00191720877106 0.00347148439731 0.00124656623277 
0.00058808631013 0.00095203481187 0.00179804488694 -0.000548725911834 0.00277667181877 0.00400264599477 0.0013668527537 -0.00126450949716 0.000482351787821 -0.000174298247592 0.00238094480496 0.00158710555358 0.0035538668671 0.000851809701135 0.00108590796699 0.000990064336415 0.0253471019791 0.00119211863097 0.00157013978628 0.00188710230886 
-0.000527022661561 0.00141363698746 0.00317582702838 0.00184735010184 0.00286332276572 0.00424409646961 0.00147214474438 0.00231821360254 0.00185669132863 -0.000227907760033 0.00491453059064 0.000291626260302 0.000303328073319 0.00264890383153 0.00295173258866 0.00191720877106 0.00119211863097 0.042008794791 0.00147517315015 0.000541566783789 
0.00577473314317 0.00256950607756 0.00372871993622 0.00335953315242 0.00279445925176 -0.00160334728075 0.00180175301876 0.00793174216271 0.0012939102573 0.00245125964696 0.00357627745387 0.00223700162399 0.00212377651589 0.00598765050972 0.00242961536597 0.00347148439731 0.00157013978628 0.00147517315015 0.0454448022066 0.00175237756845 
0.00119682735845 0.00139423663688 0.0066555541608 0.00232522372323 0.00522086615369 0.00196983695553 0.00283717775897 0.00161745344641 0.00329544718655 0.00048707025508 -0.000755352983361 0.00122524011516 0.00261069035062 0.000482474414832 0.00471143785609 0.00124656623277 0.00188710230886 0.000541566783789 0.00175237756845 0.0209442238295 

['XRX', 'TEK', 'DHI', 'FDC', 'ODP', 'DRI', 'CCL', 'AMAT', 'JPM', 'FRX', 'NSC', 'MHP', 'ITW', 'VLO', 'LIZ', 'IBM', 'BLL', 'F', 'TER', 'HD']