100
0.330982708656 0.234070828585 0.0952470994091 0.176385145314 0.0422860283868 0.0887704215167 0.105790735219 0.0566389432936 -0.00648668223639 0.0900156737744 0.0243185800675 0.0625636206577 0.135848421796 0.18030920859 0.0242911243805 0.0472299451056 0.168192385625 0.0607700526619 -0.00305157485537 0.0110311255814 0.0636277148901 0.0649972461493 0.13588321519 0.105790500039 0.0335790413719 0.201678989994 0.0904248988876 0.0413299620627 0.037281538924 0.034888990542 0.116406698245 0.0279461936292 0.00642009941462 0.176756138136 0.0493934577213 0.0146303634135 0.0444735285872 0.0384658872101 0.0905877796438 0.0506400072768 0.00633581846688 0.0415097954764 0.036872425502 0.0363676427781 0.0142076594304 0.0373342989671 -0.00660692339257 0.0482129600444 0.0415474718814 0.128291051585 0.0206658862902 0.0566217234647 0.0621428512979 0.104550469133 0.0798623823862 0.0205855922537 0.00477989818121 0.0429486266904 0.0300310371189 0.191301962015 0.0403512104362 0.11775000089 0.0534982218633 0.0398839612709 0.0948967479515 0.0914492870129 0.0283464571838 0.0324129219316 0.0291549562933 0.0336878097659 0.110578936942 0.075466134778 0.0498180241401 0.0407864154506 0.0678408515538 0.10004428458 0.00640420781163 0.0541634245192 0.0485380268731 0.0524263551757 0.0315903614714 0.0475630895173 0.0590120409917 0.0321720089654 0.121962687623 0.0771685990004 0.0194782181544 0.0714432896303 0.399937027552 -0.00139328324831 0.0870955077299 0.0129348444485 0.0038222736377 0.162419244675 0.00194148072761 0.0466490289559 0.00851722536111 0.0495038718221 0.155431064381 0.0965978414643 
0.991295628872 0.00611702927408 0.0199105857198 0.0809011361318 0.00571167943838 0.0394783615886 -0.00258881607157 0.0173682226029 0.0407370929041 -0.0129058505873 0.0120247423226 -0.00364305385588 -0.000187606533448 0.0512939714886 0.0127565227009 0.0159336767245 -0.0126796327402 0.00259554367707 0.00199842487864 0.00480166346199 0.00397653776759 -0.00505074855985 0.0989789176064 -0.0271195190361 0.00816946065783 0.0187766659229 0.0107642835747 0.000282351188028 0.0336478032419 0.00908364888655 -0.00189165198372 -0.0133562214179 0.012958484672 0.00118686655623 0.0277126185471 0.0122832640672 0.0103806253993 -0.0110265623104 0.0340015369385 0.0227939466397 -0.00364621098974 0.0195119185588 0.0377205479564 0.0146018646193 -0.00802355001899 0.00917736616722 0.00320383849596 -0.000667229368776 0.020179512393 -0.00580085375515 0.00262998266601 -0.00138117494987 0.0163523197566 0.0672811355201 0.00695137445188 0.00787386984623 0.0134567555733 0.00253339473502 0.00286293702863 0.0544473525615 0.00700491856484 0.029637052019 0.00823097428287 -0.00229564516592 0.0396131228642 -0.0227650145979 0.00770755735838 0.0455911445081 0.00154829936256 0.00900595544717 0.049997877617 0.000391749310138 0.01467396208 0.0288306898491 -0.0110897000021 -0.0256317206455 -0.0115335172675 0.00436126632222 -0.028134094971 0.00820251318797 0.00826444255127 -0.0182860013061 0.010875602466 0.00852265887956 0.0297956667091 0.0202565121105 -0.016426940729 -0.00229071480862 0.124210392204 0.00384058849656 -0.00573146854612 -0.00567781327528 -0.0122073823961 0.00421137841934 0.0276766779191 0.00346111411622 0.00846748657835 0.0112548751288 0.0567176720423 0.00966609725705 
0.00611702927408 0.965182619358 0.0807644763386 0.0396094343655 0.0112446484758 0.0128338045446 0.0655048179881 0.0121669051932 0.0118700063281 0.0143835521562 0.0312811465914 0.0156971315721 0.00974760280325 -0.0062535609007 0.018118440475 0.0249041648358 0.0274621246962 0.0598477013845 0.0399070741228 0.00476100100065 0.0176388362578 0.00844414170917 0.0870904472214 -0.0112174420895 0.0370569404184 0.0507870334372 -0.00905580980256 0.00365327986725 0.0782728478749 0.00472960585472 0.0138274681665 -5.29024201822e-05 0.00401584054135 -0.0389094199872 0.0102821080014 0.00769707630352 0.00157068370483 0.033597633828 0.00727704001797 0.000706407256847 0.0247531048646 0.0173176595571 -0.00689194028872 0.0169474291419 0.0124778306164 0.0130151305232 0.0212943977854 0.0377032487764 0.0218433291025 0.0363382988969 0.0190338779062 0.0068618710881 0.0135406032341 0.101604430352 0.0100621712279 -0.00871281776783 -0.00688963068638 0.0201466361992 -0.035340879825 0.0910519882663 0.0219961593865 -0.0323559349207 0.00239286094331 -0.0395814093032 0.129513225719 0.0806850414465 0.0181760125723 0.0139883451706 0.0134361267401 0.0232218277395 0.144622718871 0.0457322112909 0.0139944757416 0.00360210010012 -0.000639312865874 0.0309344758629 0.0439779129317 0.0341028455944 0.016178108892 0.0590369736744 0.0201005231569 0.0359065305556 -0.00562639877217 0.00715837062234 0.0129018536843 0.040470208273 -0.00566690347964 0.00487397812843 0.0858265447129 0.042510877742 0.0229013291572 -0.00772693271444 0.0211771978562 0.0229725042228 0.00734722199291 0.0101610586985 0.00957667506147 0.0550217235941 0.00722880952087 0.0274507160915 
0.0199105857198 0.0807644763386 0.424079457486 0.0364916838312 0.0149570646429 0.0305225583622 0.0146794403237 0.000854735130444 0.0012586985151 0.0478815744531 0.0127042628753 0.0328580170983 0.0197862039095 0.0468673395248 0.0183876347022 0.0298809628589 0.0378706833472 0.0117256604614 -0.00301872422889 0.00223934958129 0.00182883401577 0.00580458709749 0.0283603186615 0.0533944647194 -0.0034867022608 0.0493052831524 0.00990952102981 0.0307480000938 -0.00746881878253 0.0114424332296 0.0179400009642 0.0123414466317 0.0151057783692 0.00501422372832 0.0267269904149 -0.0146500948585 0.0116057275901 0.0152067052092 0.0646283770712 0.0211550136241 0.00704390596803 0.0643480026092 0.0254092668134 0.0291926619327 0.0060258342962 0.01437420224 0.0070992760031 0.0168815081572 0.00590535800909 0.0233308177552 0.0250014125122 0.0176880524006 0.0209497075951 0.0028896110187 0.00356116212681 -0.00236210216825 0.00934848682715 -0.0039200102733 -0.0210629319441 0.0141236253004 -0.00129770197267 0.0105794048961 0.0299600200518 0.0106285939047 -0.00161006635227 0.0689418540291 0.00501417199177 -0.00350090898317 0.0164751273282 0.0435970974879 -0.0250491277683 -0.00846617975587 0.0184935881218 0.0188479931292 0.0365784251686 -0.00874945654208 0.0177942600147 0.0208579084276 0.0223075406683 0.0123140383964 0.0238220986654 -0.00394094931799 0.0115752448032 0.0114686511625 0.0213034013678 -0.00394980405834 0.0380596938523 0.0223805887037 -0.0189054842321 0.0180370143201 0.0227142730765 0.0209633908702 0.00364904870162 0.0228089157932 0.0436820960015 -0.00274165549577 0.0241886042859 0.00318530669896 0.0178751299664 0.0463194482142 
0.0809011361318 0.0396094343655 0.0364916838312 0.593887386896 0.0004880568898 0.0506336613346 0.0212953861151 0.00917964664891 -0.00577127582246 0.000303291253611 0.00956587880709 0.0243542786212 -0.00204086244702 0.0222452289763 0.0278439298935 0.0237338185646 0.0619074421741 0.0408957354944 0.0288706432752 0.0071613473296 0.00110267566206 0.0121378820824 -0.0168077157546 0.00754410732902 0.0114444362969 0.000993556274207 0.0183346719028 -0.0308468487166 0.0206285896138 -0.00478714511017 0.0290982719442 0.0113031878979 0.0272088495374 0.0149454885303 0.0226118691348 0.0103285899135 0.0114317389137 0.0217708514787 0.0880782841866 0.0314942375132 0.0255130140782 0.0166421804589 0.0209836688984 0.017678618718 0.0155352666571 -0.00418584915491 0.0222898023275 -0.000186801993541 0.0486269088712 0.00505767107148 0.014404101406 0.0344419062657 0.00605951502125 0.00306083629812 0.000278316617227 0.0409298100243 0.0235681916205 0.0273002869993 0.00913302027677 0.00413312466088 -0.0112413214555 -0.013706312144 0.0166043948272 0.00379035092276 0.0013631020719 0.0599540007098 0.0160102079062 -0.0109078065774 0.00822348296251 0.0272683926646 0.0252765512856 -0.0163596033786 0.0151461886292 0.0183203217004 -0.00181228470056 0.0201652362771 0.0224556051539 0.0182721445897 -0.00654480361715 0.0119224725875 0.016725867993 0.0118323787626 -0.000602539000827 -0.00971122430077 0.00870864266701 0.0187062578122 0.0203836344048 0.0105512029698 0.0331380073124 0.0522345473711 0.00503264330668 0.0390415265558 -0.00784254816972 -0.00727430620166 0.0331872285822 0.0262127820636 0.0173213491838 -8.31398307233e-06 -0.0171850913664 0.0148080174565 
0.00571167943838 0.0112446484758 0.0149570646429 0.0004880568898 0.199806565488 0.013605979437 -0.00370607242782 -0.000894692234012 -0.00441400936335 0.0278244848767 0.00514467662666 0.0294905240115 0.0323593326571 0.0454136311583 0.00572660462884 0.0155769701801 0.0129967395242 -0.0116377334371 0.019826489685 0.00248429457021 0.00859882729111 0.0149297062234 0.0103269295015 0.00424217559711 0.0108252565789 -0.00338649291466 -0.0136511365533 0.0135266528777 -0.0160693086304 0.0121350314682 0.00306757569595 -0.00172829449501 -0.00449906563028 0.0849320869796 -0.00374887264221 0.00619829453401 0.0126216700865 -0.00282337183631 0.0145934229818 0.00663884435132 0.0255605464718 -0.0160935699877 -0.00941096218328 0.0153262477524 -0.00288127664421 0.0177045041744 0.0123804835509 -0.00166521675963 0.008549065775 0.0241417197009 0.00574847739748 0.0115005141676 0.00763334095993 0.00234074552389 -0.00108062216695 0.00284835440029 0.00510387265307 0.0117964217971 0.005008152655 0.0137281461491 -0.0176595339485 0.0303200721385 0.0155587099427 0.00557694230212 0.00793260252019 0.0217042706833 0.00125059267811 -0.00153802644349 0.0172569966572 0.0536528084183 0.0170750668816 0.0260118393946 -0.0145767697387 0.0222380480464 -0.000271897743947 0.0072918393428 0.00516760614245 -0.0129619566175 0.00522224943224 0.022717091365 -0.00148770470125 0.0117705430436 -0.00655419772395 0.0141856161878 -0.0014266129916 -0.00479317385778 0.00187418447623 0.0189078267678 -0.0173351330306 -0.00659303035114 -0.0017657333663 0.00310262583184 0.00572899800301 0.00676306781451 0.0127629671233 0.0183249090484 0.00435421802678 0.00987382203826 0.0389695193449 0.0316993675637 
0.0394783615886 0.0128338045446 0.0305225583622 0.0506336613346 0.013605979437 0.270231114696 0.0106282732828 0.011908544477 0.015346889675 -0.00428935462238 0.00113998273761 0.0368336959687 0.0244884057398 0.0103260424875 0.0124505242118 0.0904271741295 -0.0360920448471 -0.00711822393981 0.00667348168387 0.0174472533875 0.014244156701 0.0122013896056 0.0345902880887 0.0141066884213 0.00767159604924 0.00617349196576 0.0111815857051 0.00900777436099 0.025095793465 0.0249383582004 0.028885189502 -0.00359065255481 0.00662904798578 0.0564380063555 0.0137019278411 0.0195175985687 0.0273254287315 0.00198610317941 -0.003178658191 -0.0314041528573 0.00144807049644 -0.000125906644252 0.0462738289182 0.00876449541906 0.0238819903945 0.0193992395792 0.0201107609496 -4.2109771837e-05 0.0191108527025 0.0221300502051 0.0370809065349 0.0197707833456 0.0139871854801 0.0126107958316 0.0346989836667 0.0119769772524 0.0252850394514 0.0115399651341 -0.0126845811347 -0.0189385918276 0.0119224028238 0.0857178781548 0.0273109911779 0.0143752523819 -0.00110059350408 0.00678866749862 0.00422210527766 0.000305645884942 -0.00838323739334 0.0274947704102 -0.0156633186113 0.02951000985 -0.0120037779493 0.0371165942584 -0.00443849337892 0.0521977231091 0.0127500191113 0.00373427349809 0.00932059647625 -0.0174086325455 0.0271659332673 -0.0127464652697 0.0437745877709 0.0107781763593 0.0073168073813 0.0228419054332 0.0326208157728 0.0156862311554 -0.00483810116337 -0.000464229343238 0.00725772083951 0.00322861682297 0.0162155207073 0.0223251603325 0.0156841622794 0.0115755158829 0.0118048116658 -0.00672249164907 0.00300958696178 0.0208049594643 
-0.00258881607157 0.0655048179881 0.0146794403237 0.0212953861151 -0.00370607242782 0.0106282732828 0.322793259331 0.018416704922 0.0150838845487 0.000118399908825 0.0277517428307 0.00142919150571 0.0134075409027 0.00630822989719 0.0165266396546 0.0165943057974 0.0195689863174 0.00716518158463 -0.0223221811876 0.00488350476191 0.00312164843533 0.0145695092039 -0.0547408432359 0.0159601785977 -0.00643935350205 -0.0329088293332 0.0136402100999 -0.013074471813 -0.013595572235 0.00429669876792 0.0112334144039 -0.00195737300165 0.0195943881861 -0.00545707649606 0.0397255327221 0.00444512561358 0.0105134075991 0.0040407794023 0.0377892659673 0.000893764833363 -0.00579149359836 0.00428984226177 0.0146153743309 0.00313075859856 -0.0031152113542 0.0200374057438 0.0154790714592 0.0103441813936 0.0183970352277 0.00999471938162 0.0260904217128 0.0190773380882 0.0149539355853 0.0278933958755 -0.00147358878616 -0.00814004009208 0.0102106916469 0.0104700847477 0.0157497100699 0.00527588083667 0.0210187836539 0.0219566363911 0.0221673985913 0.0201246413398 0.00491119481238 0.0187976920672 0.0318638496945 -0.00833820167826 0.00974145038701 0.0297669833775 0.00891374514824 0.000854546139747 0.00359463397877 0.0118273277718 0.0208959725888 0.00243341532317 0.0128593929748 0.0158639963735 0.0128538462412 -0.00248309854794 0.0193107406446 -0.000105509809449 0.00881297617959 0.0249199034975 0.0134368245888 0.0208851723247 0.014241320728 -0.00965965070045 -0.030638046359 0.0183127767539 0.0438550550284 -0.0014933204272 0.00261599910626 0.0626799294166 0.0328513123826 0.00498233498121 0.0226238737293 0.0315684905482 0.0315935378838 -0.0350447742461 
0.0173682226029 0.0121669051932 0.000854735130444 0.00917964664891 -0.000894692234012 0.011908544477 0.018416704922 0.184358554779 0.0114549171617 0.0218963073713 0.0136829126785 0.0198888911541 -0.0226899683478 -0.00197073615081 0.000392614133182 0.0168867740631 -0.00274253364483 -0.00269944823791 -0.0134760472912 -0.00425215326057 -0.00403425727845 0.015447786152 0.0223174778844 -0.00154808927444 -0.00648951250215 -0.0182831747226 0.0155406725766 0.0169534757074 0.0115512983313 0.00112562676539 0.0159622277943 -0.00921033130681 -0.0114202444409 -0.0151727435516 -0.0114208455462 -0.00726066990179 -0.00621719494707 0.00865288484823 -0.00624602179301 -0.00503718574781 0.0188238864571 0.00329900425447 0.00976567725746 0.00951572823927 0.00229448143563 0.00322370901483 0.00936964105804 -0.00188393191901 0.00615212715515 -0.0305555924275 0.0107565107953 0.00924603608543 0.010188597682 -0.00196011601206 -0.000181226582598 0.00657323049648 0.0178202927518 0.0371733435881 -0.0103397714988 0.00567488974335 0.00540542031517 -0.0161918891366 0.0221359184383 0.00940145295487 0.0147139432421 0.00473521054592 0.0055587833943 -0.00439926756004 0.00566838288436 0.00670598519015 0.00626663160888 0.00962679644328 0.00120531619251 0.0157300176241 0.00226268046755 0.00179448055344 0.00474525123974 0.00269873222321 -0.00560557532142 0.0071386555075 0.00648364061849 -0.0141211792682 -0.00499203134053 0.00716004354404 -0.00339949939611 0.00397281229577 0.00464458235855 -0.00583969668795 0.00065067334854 0.00661717216176 0.0309869930493 0.0122844316773 -0.020809260817 0.00116349410796 0.0110431099739 -0.0114548769114 0.000108575067699 -0.00929657800108 -0.0182639245268 -0.00899067344777 
0.0407370929041 0.0118700063281 0.0012586985151 -0.00577127582246 -0.00441400936335 0.015346889675 0.0150838845487 0.0114549171617 0.232916490885 0.00120599222355 0.0256208461482 0.070885372754 0.0316510755162 0.00185670368152 0.0129166394815 0.0218120438084 -0.0202696918476 0.0175650471554 0.0017739157543 6.22272488267e-05 0.0107470942862 0.0135418610904 -0.00603838217549 -0.0041366874202 0.0122093196165 0.0228580138694 0.0246610248182 0.0152194824926 0.00794956996489 0.0091466967272 0.00883858735512 -0.00581052661975 0.00435305547574 0.0127169713407 0.000850946189191 -0.00687768099297 0.0118397620783 0.014566630669 0.0171255864678 0.0215416371169 0.00896057462423 0.0304573480121 0.0170518278698 0.00608928859678 -0.00685835030635 0.00631131467393 0.0340820981763 0.0074075608444 0.0119476904974 -0.0078543610408 0.00631375051861 0.00944754207541 0.00120097237012 0.0230187111126 0.00230059360071 0.00080709598913 0.0155921041982 0.0240157775846 0.00824677395363 -0.00314587628094 -0.00363826813799 -0.000879120498807 0.0105166981357 -0.00666663662918 -0.00507275078638 0.0059508961301 0.0208403337834 0.00701132766854 0.00619832558863 0.0194663743427 -0.0300817891857 0.02100305122 0.0271784741985 0.0105719456411 0.0119837183527 0.00694395865322 0.00549116997583 -0.0150971694288 0.00391582864951 0.0124950427233 0.00747025814396 0.00190996741969 0.0171455725082 0.0134237595329 0.0231560136512 0.0104291756411 -0.000838839409618 0.0133238868359 0.0245579734865 0.0122337622398 -0.014860996639 -0.00519626757985 0.0141706620975 0.000328007243346 -0.0118181107105 0.0170018051812 -0.00351134956068 0.0097679357343 -0.00303261553337 0.0266666574732 
-0.0129058505873 0.0143835521562 0.0478815744531 0.00030329125361 0.0278244848767 -0.00428935462238 0.000118399908826 0.0218963073713 0.00120599222355 0.203744526739 0.0135181638957 0.00856497618396 0.00888165511747 0.025115166558 0.0254192191913 -0.0083706584301 0.0489428247237 -0.012473463643 0.029266004057 -0.00323229258116 0.00778789151964 -0.0123686393886 0.0285802884366 0.0199927028184 0.00750163314801 0.00917995228709 -0.00517063080947 0.0439077790487 -0.00379468528998 0.0129415232882 0.00586529427146 -0.0112640464711 0.00915522882528 -0.000207758862102 0.00537845708115 -0.000394393307764 -0.0117380817439 0.0213021887621 0.013340901155 0.0164756706696 0.0188388304864 0.0213868246842 -0.00295711529318 0.00938997338443 0.00537970766463 -0.000178737308368 0.0145289465061 0.017060016133 0.00809265378841 -0.0133296451757 0.0175574840061 0.0169402612251 0.0193398239017 0.0142750096457 -0.0146501323082 0.00845444249319 0.0238512533706 0.0222938372066 -0.0044108721647 0.012124727754 0.00861843966469 -0.0410527073826 0.0085841333562 0.0109045738886 -0.00797466348232 0.0416391534176 0.00592949967574 -0.0043756337998 0.0131439671549 -0.00893805824924 0.0266424902733 -0.00693737411477 0.00501013720065 0.033487517341 0.0138968100979 -0.00263454542096 0.00774701364499 0.000653303513823 0.00788291530284 0.00118737994719 0.0182143895372 -0.00918542712736 0.0107493216249 0.00452161954423 0.00493476970157 0.00953711034141 0.0275643983916 0.00316904705475 -0.0183091416701 -0.0115391109138 0.0226580867536 -0.00169301273016 0.00101439431489 -0.00827369112175 -0.00277128357516 0.0226978334155 0.00657854814312 -0.0138212756618 0.00657140553104 0.0131977270038 
0.0120247423226 0.0312811465914 0.0127042628753 0.00956587880709 0.00514467662666 0.00113998273761 0.0277517428307 0.0136829126785 0.0256208461482 0.0135181638957 0.196102058227 0.00285641548097 -0.0135990815867 0.00535252676033 0.0319733264537 0.0192979644329 0.00120659678624 -0.00921725004854 -0.000119793247527 0.0151968794839 -0.0133477568077 0.00891615072146 -0.00532187879721 0.0112387439787 0.00842899794519 0.0239069462739 -0.00120338637072 7.24089001165e-05 0.00107009837527 0.0158113512064 -0.0149809219197 -0.00275183084163 0.0069586494104 0.0131677007833 0.0135686952986 0.00878794848473 -0.00499270862385 0.0028359704269 0.00460300972678 -0.0264422993592 0.02282209032 0.0162665978049 -0.00776854036593 0.00389896030597 0.00554355998514 0.0085178617688 -0.00992093406451 0.00152420941013 0.00857005548302 0.00881980972794 0.00183445416538 0.0220165975305 0.0117690818187 0.000527294331718 -0.00251150627283 0.00858044170469 0.0116073631639 0.027871570555 -0.0125979928731 0.00418962037743 -0.0035321509982 -0.0430597167005 0.0271720447018 0.0118619805056 -0.00692928968639 0.0265165219042 0.0340290908474 0.00269657765259 0.0153054591897 -0.0142957629211 0.00781626248179 -0.0215837484708 0.000984085975269 0.00962098650441 0.000874562145762 0.00690092906983 0.00276006864708 0.0132142422764 0.00700637814183 0.000392295009895 0.0251580736073 -0.00448771374691 0.0090840373508 0.0182516613667 0.0195936917275 0.0210129022065 0.00532338184081 0.0392499598256 0.0160305110499 0.0306489888238 0.0264054643793 0.00271870465867 0.00402255073302 0.011171361638 0.0235165178472 0.00880125596616 0.00107141091775 0.0041439226498 0.0217021271467 0.0187305815067 
-0.00364305385588 0.0156971315721 0.0328580170983 0.0243542786212 0.0294905240115 0.0368336959687 0.00142919150571 0.0198888911541 0.070885372754 0.00856497618396 0.00285641548097 0.242207128134 0.0151730878468 0.00498996716191 0.0380193180244 0.0308676719733 -0.0197470183697 0.00772943849748 0.0328544895266 0.0153648555935 0.00978789855368 0.0239057298466 0.0295806053021 0.0305562465647 0.0230008396119 0.010435768984 -0.00250504492666 0.00385261850455 0.00793224915267 0.0127640071175 0.0185162699312 0.0119081079018 -0.0101980625381 -0.0056671115355 0.0160828227951 0.0151717432245 0.0510735151142 0.00943188996222 0.000629362796062 -0.00240514333814 0.0396591169644 0.00326006473716 0.0256170541758 0.010437435801 0.0136624245633 -0.0156960784873 0.0218634187331 0.0107042768988 0.0169192293592 0.0115690342001 0.0178189074012 0.00357130814612 0.0157162233014 0.023282230833 -0.0152321806909 0.0136398725647 0.00616977830827 0.00136831769396 0.00369979151391 0.0166856623113 0.0215489271372 0.0349634906623 0.0853890892651 -0.00299694490045 -0.00304298113943 0.0691241033105 0.0128878891661 0.0126977340466 -3.48324583315e-05 0.0905536601397 0.00508960535767 0.0239081788017 0.00273036139346 0.00257457493217 0.0194650833695 0.0178542726026 0.00324887688892 0.00668198311866 0.0169797885919 0.00344967850135 0.0151386685217 0.0114513692659 0.010381421477 0.0143492504829 0.0220032793917 0.00932485190244 0.0187654626847 -0.0136076525873 -0.00506819152482 0.038724139207 0.00182900641339 0.0142642980423 -0.00809560903076 -0.0111419359685 -0.0107464554598 0.00628590505808 0.0100856127507 -0.00586446810872 0.011407825503 0.00913455903999 
-0.000187606533448 0.00974760280325 0.0197862039095 -0.00204086244702 0.0323593326571 0.0244884057398 0.0134075409027 -0.0226899683478 0.0316510755162 0.00888165511747 -0.0135990815867 0.0151730878468 0.606337412113 0.00579625747586 0.0124486298476 0.0164109361802 -0.0165881300048 -0.00984897274472 0.02285388199 0.00613590542391 0.00324667590811 -0.000825120807625 0.0240758180848 -0.00306782608714 -0.00288153919332 -0.0261730343732 0.00907770185085 0.00141948205415 -0.00972887002149 0.00495463563101 0.0229804220707 -0.0144082763895 0.0247057839642 0.0176514805983 0.00955496155216 0.00640624122342 -0.0085022836676 0.00687354979497 0.00881789053008 -0.00229474373128 0.0165070995479 0.00115803268698 -0.00308202207095 0.00981352661467 0.0103797258826 0.0254494393867 -0.00570856232151 0.00767111834395 -0.00746884400228 0.126250386076 0.0207774633384 0.0187176432912 0.0424316193153 0.00314349909832 -0.00186381226637 -0.00352742343058 0.00246522375483 0.0496287536914 0.00163824326482 0.0140334014889 -0.00127191967672 0.0303012968357 0.0131356091684 0.00661541767686 0.0425053148622 0.0127274640434 0.00880969571367 0.0241065142521 -0.00859963226468 0.0013402661098 0.0112456266864 -0.00322030348176 -0.0232879900942 0.00298783664867 0.0265650739428 0.0266978852714 0.0111043370457 0.0416698949386 0.0288900223575 0.0421943919105 -0.00134965093759 0.0166683091757 -0.00146645080867 0.0152599298513 0.0143572671108 0.0131005777676 0.00858775500674 -0.00218936949281 -0.0224748981505 0.0188637230025 0.00610485423938 -0.000237403768732 0.0138253214807 0.000628869349687 0.00793410723458 -0.00472860634422 -0.00294543240555 -0.00105385348899 -0.0180590982532 0.0260922968365 
0.0512939714886 -0.0062535609007 0.0468673395248 0.0222452289763 0.0454136311583 0.0103260424875 0.00630822989719 -0.00197073615081 0.00185670368152 0.025115166558 0.00535252676033 0.00498996716191 0.00579625747586 0.955145645493 -0.0128981947744 -0.00549706537693 0.0068844164141 0.00907286844623 0.0277857956143 0.02197338332 -0.00419986677825 -0.0141264452057 -0.0274171543433 -0.0182098326959 0.000665979300092 0.0511361215982 0.00166234144656 -0.00276920630969 0.0259113551362 0.0267952328055 0.0628114824572 -0.00746155748262 0.0312856615056 -0.00125218436845 0.0158526535361 -0.00246000136949 0.0290502327804 0.0480940087843 0.0221921220122 0.027947792256 0.00509967664818 0.0115022010048 -0.000635540410588 0.0135186605628 -0.00178731953992 0.0409208697979 -0.0134567376844 0.0173323709189 0.00755166925946 0.0466501022966 0.0108367314621 0.0106496873901 -0.00574692270998 -0.00633265034595 -0.000431688466643 0.00977622209858 0.0144693973105 -0.0166329590142 0.00751066068033 0.0563482453162 0.0162582619052 0.00949683637527 0.00284464475741 0.0226604763236 -0.00917479324046 0.0913627200282 -0.0132267079926 0.0199584375375 0.00200228993061 0.0297223856038 0.0157043876665 0.0295786451117 -0.0200765203536 0.00974107201085 0.0178890067622 0.0306175292541 0.0379371981808 0.00170358944564 2.08434548353e-05 -0.00375653357613 0.0126484763597 0.0703489145893 -0.0106318520364 0.0094325136442 0.0684188487411 -0.00504083069252 0.00968328014611 0.00559257048673 0.0360334205197 0.0181907722193 0.0266618578614 0.00982689953554 0.0248651542835 0.00940213416657 0.0156079428117 0.0253587192247 0.00630215816174 0.00275025243369 0.00100309088056 0.0474985102737 
0.0127565227009 0.018118440475 0.0183876347022 0.0278439298935 0.00572660462884 0.0124505242118 0.0165266396546 0.000392614133184 0.0129166394815 0.0254192191913 0.0319733264537 0.0380193180244 0.0124486298476 -0.0128981947744 0.18893069922 0.0186479119878 0.0158390404527 -0.00215254775049 0.0181923821051 0.0314767446468 0.00812792679639 0.0220711241081 0.00871586375685 0.0207592490644 0.00731709567181 0.00781923557922 0.035169270308 0.0179116888776 0.0241674053633 0.00682012472986 0.010364923401 0.0103518268338 0.0284336414126 0.0283677631596 0.0175738576777 0.000834210651825 0.00711247486527 0.0143868867779 0.0273250388017 0.0175786096612 0.00239541550549 0.0394683499438 0.0136504050319 0.0054090574988 0.00597916639771 0.00681976191237 0.00805458174696 0.0338193954526 0.018259527164 -0.0125924159911 0.032850412756 0.0421505045524 0.0210171074098 0.00169974937773 0.00306416055962 -0.00416631604768 0.01842639551 0.0138447821192 0.019157373832 0.0109129238801 0.0241965144909 0.0396396338304 0.0262373369587 0.0193286585318 -0.00126635866914 0.0616070816751 0.0135684483686 0.0163031238755 0.0220712335221 0.0333619449398 0.0167323800417 -0.000252463586341 -0.000448645231305 0.00740370248638 0.00628398820052 0.00805551186754 0.0348815063736 0.025752788428 0.0117278034019 0.00752530349644 0.0332909856973 -0.000727863256173 0.0270883032963 0.00131418256267 0.010469164875 0.0507389314676 0.02675050026 -0.00455160475919 0.0200256151845 0.0222462264776 0.0149387942758 0.00972202477719 0.0151702031 0.00750108096228 0.018154242207 0.023121142254 0.0147211460198 0.0122498864441 0.0756413113068 0.0108017849039 
0.0159336767245 0.0249041648358 0.0298809628589 0.0237338185646 0.0155769701801 0.0904271741295 0.0165943057974 0.0168867740631 0.0218120438084 -0.0083706584301 0.0192979644329 0.0308676719733 0.0164109361802 -0.00549706537693 0.0186479119878 0.226856337172 -0.0189579601119 -0.00128494844961 -0.00229744134558 0.00352466732619 0.0130323165006 0.0194793404685 -0.00529637867394 0.00703231845346 0.00129093526163 0.0134977585524 0.0273438090859 -0.00768336011141 0.0403968008684 -0.000901886590942 0.0250390594045 0.00589689678337 0.00418432861719 0.00414089000719 0.0220070422397 0.0089492755794 0.0149140650388 0.0214618049897 0.0274638984732 -0.00518780907375 0.00087049352935 -0.0246111094419 0.014728821833 0.0219327751506 0.00832096186325 0.0254639543558 0.0130708223648 0.0039279008412 0.0228268624604 0.0113348751146 0.0411027691829 0.0193474267552 0.0148895319675 0.00642248551904 0.00921656516573 0.0194400958434 0.00721468849103 0.0351714374111 -0.00245267187853 -0.0364424808214 -0.00420270824792 0.0404474297519 0.0302521780223 -0.00161073204128 -0.00767684696954 0.0255823872776 -0.00483633880688 0.00390211335815 0.00879173828064 0.0427010048649 -0.0146615771336 0.0158949562956 -0.00691716995981 0.034979768722 0.0169744349207 0.0547533759046 0.00162326077568 0.000854726659036 0.0112618547288 -0.0183414823191 0.0172321488689 0.00758831833793 0.0066199002985 0.00743385858034 0.0130346688551 0.0327894619739 0.0269866911019 0.0359840323716 0.0366405506917 -0.0135599076167 0.00394134604469 0.00728368937737 0.0160724364531 0.0231331029498 0.0310142944812 0.0159406865482 0.0226510022209 -0.0118414896676 0.0342760846239 0.0180004985131 
-0.0126796327402 0.0274621246962 0.0378706833472 0.0619074421741 0.0129967395242 -0.0360920448471 0.0195689863174 -0.00274253364483 -0.0202696918476 0.0489428247237 0.00120659678624 -0.0197470183697 -0.0165881300048 0.0068844164141 0.0158390404527 -0.0189579601119 0.670142203665 0.0141600071687 -0.0167253352455 -0.00264313592124 -0.00680799817433 0.0414129188605 0.0285196152877 0.00644517358042 -0.0243503287496 0.0230537913915 0.00570988734329 0.164242501249 -0.00406638908825 -0.00684701246254 0.0373103230404 0.0104837172865 0.00313534717001 0.0319186955213 0.0248573921658 -0.0145768119688 0.0100243592939 0.0255094491391 0.0591346660228 0.0136608096404 0.0247835188491 -0.00491499279085 -0.00171972731732 0.000487083401452 -0.00186691894443 0.001609918295 0.0146891787371 0.0107568245792 -0.0022771756414 0.0097603068484 0.000935512479613 0.0218443927 0.0340775258855 0.00669975512443 -0.0315550996037 0.0422233003821 -0.00847926588335 -0.0121315572683 0.00411153452097 0.0169272468708 0.0168847046979 -0.0292885647387 0.0225627243327 -0.00922780160981 -0.0141930021801 0.00579224839273 -0.0160021248326 -0.00134404687002 0.0167859141821 -0.0065773987804 -0.00626399952348 0.0364243684507 0.0508865367388 0.0380983485505 0.0176165746147 -0.0113201168024 0.0101740590709 -0.00287002999695 0.0206423802734 -0.00798230782736 -0.00358866138763 0.00469947425627 0.00830342217603 0.0272724097825 -0.0222284283103 0.0133252014317 0.0048435633896 0.0154044710145 -0.0171206754032 -0.0137362355056 -0.0086423357209 -0.00795832762418 0.011134109952 -0.00208990562498 0.0129829856556 0.0397325216062 -0.00151394158771 0.0389763759093 -0.0177402803828 -0.0048406686833 
0.00259554367707 0.0598477013845 0.0117256604614 0.0408957354944 -0.0116377334371 -0.00711822393981 0.00716518158463 -0.00269944823791 0.0175650471554 -0.012473463643 -0.00921725004854 0.00772943849748 -0.00984897274472 0.00907286844623 -0.0021525477505 -0.00128494844961 0.0141600071687 0.213435817088 0.0292560134455 -0.00885627567527 0.0144936746264 0.00724759892105 0.0346235704306 0.0157013163909 0.0135144072618 -0.00309267715901 0.0161075279857 0.00326645894411 0.00602726664886 0.0135764172386 0.0141281456391 0.0224857383572 -0.00212453693462 0.00177002489359 0.0175329455412 -0.00158534223809 0.0395849075479 0.00994957004002 -0.00303057981226 0.049492738948 0.0198914819929 -0.00251093197611 0.0104738859171 0.0167134683638 0.00210593961091 -0.00410446588926 0.00830417045022 0.0454161843221 0.0280240973264 0.0204556903424 -0.00554238211463 0.0095965875899 0.00687807776601 0.068165811451 0.000478776557131 -0.00584924733915 0.00410190434341 0.0113455949725 -0.00174549358526 0.00680483242186 0.0165973214757 -0.00904357265117 -0.0017950520433 0.00485250506821 0.0355624718845 0.0101090618951 0.00493093900761 0.0055910218478 0.03279679258 0.0108714904568 0.0322011160418 0.0436491445776 0.0103399860794 0.00627221802486 0.00150411357418 0.0616580934853 0.0122861436631 0.0319428736411 0.0169747905006 0.035435093829 0.0173201977658 -0.011793035788 -0.00314587360455 0.0297147313436 0.0313969675552 0.0125566749545 0.0120420100081 -0.000610873315354 0.0680956867935 0.00781957619238 0.0156552694251 0.00394858083271 0.00363342978726 0.000873204705801 0.00977400043417 -0.00639280993855 0.0119503501871 0.0499533841907 0.0501399328388 -0.00437754074795 
0.00199842487864 0.0399070741228 -0.00301872422889 0.0288706432752 0.019826489685 0.00667348168387 -0.0223221811876 -0.0134760472912 0.0017739157543 0.029266004057 -0.000119793247527 0.0328544895266 0.02285388199 0.0277857956143 0.0181923821051 -0.00229744134557 -0.0167253352455 0.0292560134455 0.183342702918 0.0130210024652 0.0445436214314 0.00978971382749 0.00698450190784 0.00529959618938 0.0209169867649 0.0422432344279 -0.00144005899211 0.0171922656561 -0.000600170237831 0.00432704677963 0.0168340408484 0.0158239879226 0.0180327104168 0.0118317268747 0.00697994349327 -0.000290938326493 0.023854065524 0.00466898966128 0.00808120701016 0.0242087768786 0.0149479543352 -0.0212332910964 0.00666997388716 0.0158223243633 0.00245299067869 0.0217789613033 -0.000105661474308 0.00904579544391 6.55613580378e-05 0.0130075039149 0.0177957645383 0.0162544650022 0.00465413555527 0.0188810174042 -0.0065552166733 0.0198265627321 0.00912266242798 0.0188250806582 0.0114530693238 0.00478857376472 0.0108142850317 0.0109887010679 0.00407697856297 0.00417099657956 -0.000780815153521 0.0315290805386 0.011045830295 0.0276749480877 -0.00342673430974 0.0280725873379 -0.00594201813683 0.00785804975409 -0.00575949971934 0.000446148740255 0.00719649455638 0.0290833417412 0.00704317575767 -0.00559126065526 0.00491440316277 0.0130356425718 0.00746171034905 0.0160504321738 0.0192452426293 0.00544532099513 0.0190483536215 0.0269170032602 0.00332295489867 -0.00209813178544 0.00509261689053 0.0171912862544 0.00826645107188 0.0041796560598 0.0157421945019 0.0327970766283 -0.0163689481378 0.00157765013105 -0.0033348587129 0.0174369206376 0.005784351194 0.0241952286664 
0.00480166346199 0.00476100100065 0.00223934958129 0.0071613473296 0.00248429457021 0.0174472533875 0.00488350476191 -0.00425215326058 6.22272488264e-05 -0.00323229258116 0.0151968794839 0.0153648555935 0.00613590542391 0.02197338332 0.0314767446468 0.00352466732619 -0.00264313592124 -0.00885627567527 0.0130210024652 0.12368113545 -0.00348527278422 0.0181030480047 0.0150419906263 0.00826200158595 0.000269285537894 -0.00836083321692 0.00491595493081 0.01585385656 0.0083386405933 0.0100887253161 0.00270102597538 -0.00704517852454 0.0403744717724 0.00968961716327 -0.0050658424546 0.00729479372754 -0.00627827342167 0.00178833854743 0.00716076115582 0.01056610667 -0.00336080179361 0.0119741142652 0.0055714187487 0.00466649420999 -0.00333664327954 0.0395703357468 0.0112996267271 -0.000286311499717 0.0134142515229 0.00163368957038 0.0281961553927 0.00484466745431 0.0306982279593 0.00404740235554 0.0158008701206 0.0135106774981 0.0121272371564 0.00355186785149 0.0245200362704 0.0163152472121 0.00763046046121 0.0276553823488 0.00759791602831 0.00441773773214 0.0136924753525 0.0114302671787 0.00517381130688 0.00549631267066 0.00014395045559 0.0126867980632 0.00178399681759 0.000532996550018 0.0229042238519 0.0141642363583 -0.000471792117435 0.00906108450312 0.0278211633801 0.00648803150793 0.00783205304411 0.00135557199082 0.0143647749746 0.00181064243683 0.0148105349289 0.0100244817137 0.0260548313886 0.0213582425966 0.0155426714041 0.000722499573741 0.00407162232075 0.00761746516067 0.0175534569107 0.016549299411 0.0154995953 0.00717914163674 0.0108716543738 0.000382801218022 0.00734040466251 0.00703376895831 0.0169783899176 -0.00183516299079 
0.00397653776759 0.0176388362578 0.00182883401577 0.00110267566206 0.00859882729111 0.014244156701 0.00312164843533 -0.00403425727844 0.0107470942862 0.00778789151964 -0.0133477568077 0.00978789855368 0.00324667590811 -0.00419986677825 0.00812792679639 0.0130323165006 -0.00680799817433 0.0144936746264 0.0445436214314 -0.00348527278422 0.221794603816 0.0119909337951 -0.0114382328652 -0.0167983785164 0.0559761010001 -0.00258394741899 0.0154855773729 0.0103619637368 0.000291665683777 0.023375441523 -0.00592753177486 0.0107517580643 0.00728499961686 -0.000211721282599 0.0143191430776 0.00422271239477 0.00474625185131 0.0240133186064 0.0121757485901 -0.00527828895859 -0.00114528228567 -0.0101874718571 -0.00185063105191 0.00750157617163 0.00966226045721 0.00688971526063 0.012522524209 0.000379403058472 0.00124894885395 -0.00834808258475 0.0107400804127 0.00510000496183 0.00720606537877 -0.0144099907897 0.0258851680709 0.0213051430796 0.00674534259867 0.00294836010654 0.014931903393 -0.00929707286805 0.00281840933542 0.0165187903777 0.00796000225571 0.00818203772894 0.00872114177919 -0.00710423581134 0.0201092666947 0.0316079324719 -0.00603338709985 -0.0127553181194 0.00784717546857 0.00674521037194 -0.018680102373 -0.00248739729713 0.0173577456809 -0.00354838861829 0.00837993227593 0.00715637849331 0.00228973517489 -0.0106972233657 0.00990204475803 -0.00919681667727 -0.00577350577783 -0.000372074308506 -0.00376244861603 0.0134847692104 0.0135110478507 0.00356796862198 0.00215512052315 0.0074817830534 -0.00495372790925 0.0104614333621 0.021535990724 0.0137675257288 0.00913298410095 0.000788353069625 0.0100107447465 -0.00944016882009 0.0112815955943 0.0162393820255 
-0.00505074855985 0.00844414170917 0.00580458709749 0.0121378820824 0.0149297062234 0.0122013896056 0.0145695092039 0.015447786152 0.0135418610904 -0.0123686393886 0.00891615072146 0.0239057298466 -0.000825120807625 -0.0141264452057 0.0220711241081 0.0194793404685 0.0414129188605 0.00724759892105 0.00978971382749 0.0181030480047 0.0119909337951 0.25184915636 0.0307716618091 0.00313437315904 0.0035840861284 0.0473733299696 0.00374517716035 0.0346665792588 0.0127979007135 0.00517297116458 0.0150804798703 0.00107893228792 0.0203408423756 0.00723706962415 -0.00185831615152 0.0048167482409 0.0193909633965 -0.00648344735157 0.00159260087659 0.0118102092499 0.0169637277869 -0.0259487046759 0.0105463948402 -0.0120312705389 0.00340919469223 0.0135839603679 0.0270653467053 -0.0109211011209 -0.00161856576799 -0.00473232944307 0.0106313657271 0.0192540190756 0.010394853941 0.017122606099 -0.00152500306419 0.00773436812268 -0.00418939396278 -0.0225949982683 -0.030599050139 0.0223786363847 0.0252594066678 0.0232030123938 0.00992544139304 0.00745235219736 -0.00623272484696 0.027969626103 0.0302741072908 -0.00225407617846 -0.00927870995222 0.0398629416309 0.0285879447157 0.000511423814159 0.0230693346819 0.0441873351502 0.0107780668326 -0.00318593883042 0.0157440778614 0.0201518725357 0.00212487372064 0.0142962816697 -0.000104984960998 -0.00976654563428 0.00861762151577 0.0174288556844 0.00949885433602 0.0166531215547 0.00194369459042 -0.01122599371 0.0207318895461 0.010818655831 0.0153946728956 0.0111219985782 0.0174533289655 0.0362478043231 0.0177281468942 0.0262409092714 -0.00164642303163 -0.0141442714493 0.0291825243732 0.0311005537967 
0.0989789176064 0.0870904472214 0.0283603186615 -0.0168077157546 0.0103269295015 0.0345902880887 -0.0547408432359 0.0223174778844 -0.00603838217549 0.0285802884366 -0.00532187879721 0.0295806053021 0.0240758180848 -0.0274171543433 0.00871586375685 -0.00529637867394 0.0285196152877 0.0346235704306 0.00698450190784 0.0150419906263 -0.0114382328652 0.0307716618091 1.18734040529 0.00516705772202 0.0478211597158 0.0412984303082 -0.0187132396212 -0.0189046925207 -0.0124347162764 0.00665866184133 -0.0255805321066 0.00962761632949 0.0181585444133 0.00910151859742 -0.0138427554678 -0.016115302232 0.00641380187812 -0.00449640561735 0.00172718914652 0.020898354549 0.0209274005157 -0.0355043728321 0.0364079431022 -0.00194652452702 0.0157973958862 -0.0120322276736 0.0140762829577 0.0338115839546 -0.0024580554222 0.00113184186691 0.0033828837066 0.00694959115929 0.0109559941215 -0.0181885314573 0.00216482234746 -0.000470833850205 -0.0286256201098 0.0180542079895 0.0182290670146 0.00744677773004 -0.00455553625042 -0.0179169406914 0.0415375743238 0.000425843758307 -0.0158986585748 0.0316743233464 -0.0154386654178 -0.0137671009156 0.0579564738415 0.00583415610508 0.00745806742108 -0.00232456950712 -0.0393033193451 0.0326223875735 0.0224321966434 -0.00558883128548 0.00789435240213 -0.0146655774443 0.0133331836159 0.002314146525 0.0167783066456 0.0146100713004 -0.0191613108919 0.00275027553898 -0.00356065553172 0.0224395686328 0.00437032484574 0.0200480738338 0.0747035372253 0.00299410851734 -0.0177874583183 -0.015681185453 0.0125323189107 0.0190540025773 0.000985564360872 -0.00195020866017 0.00708546149052 0.0349069442194 -0.000600659373717 0.0132413632798 
