40
0.0431194173031 0.0539269159384 0.0146303634135 0.0275413533974 0.0464034886179 0.399937027552 0.00839736130492 0.0916953774684 0.0381517477001 0.0216083944488 0.0132966740539 0.0524263551757 0.275152850517 0.00851722536111 -0.00662659235152 0.0825599502725 0.0444205393046 0.025042174885 -0.0014382556632 0.0578888041786 -0.00660692339257 0.0114549593271 0.12260521459 0.155431064381 0.0697795953642 0.0617018630506 0.0437038130991 0.0461662895592 0.0444735285872 0.117315051398 0.0807794462486 0.0594362545722 0.0277880817415 0.0251356843311 0.176756138136 0.0411806556966 0.114977551813 0.0161964684659 0.0277285522359 0.0946597506959 
0.177923006472 0.00718718564543 -0.000825098747909 0.0108503027118 0.00283007004273 0.014157028476 0.0152555099289 0.00732663030957 0.00883822962737 0.00619883759007 0.0191379385753 0.0153043822489 0.0296148762375 0.00891054489526 0.0157038756546 0.0204330127664 0.0218495797577 0.0201248071542 0.00430232934888 0.00485794689656 0.0264052205349 0.00827206448826 0.0173082588175 0.0237235814815 0.0413399660146 0.0307336415083 0.0259547168683 0.0268839388868 0.0169992446071 0.0139197115658 0.0089715540125 0.0160597953139 0.006612225253 0.00705696806152 -0.000231305556281 0.0254644428413 -0.00835994077245 0.0309840993469 0.00968808789267 0.011960914813 
0.00718718564543 0.226763722802 0.0121958233517 0.0210306925022 0.0104640877647 0.0421630000984 0.0202297060421 0.0599646007835 0.0218162287924 0.0108043671239 -0.000570502201327 0.0219863431054 0.00689510208629 0.0281894133145 0.0112025851243 0.0225178549736 0.0240648284411 0.0268013614475 0.00436315260622 0.0210284347102 0.0107268929452 0.0192091552789 0.0116025914121 0.00891338345869 0.0253627080493 0.00752806091588 0.0193102120962 0.0136340428114 0.0277339435687 0.0147695999797 -0.00180705415333 0.0196175566835 0.0162473044018 0.0118987168149 0.0159195625348 0.0192616532178 0.0447199756457 0.0093379276633 0.0175301372684 0.0226508679858 
-0.000825098747904 0.0121958233517 0.155857113309 0.0171980937224 0.0145738079887 0.0294208884618 0.0230582241571 0.0102247109003 0.0151372390913 0.0197958532143 -0.00536886013229 -0.00494133524626 -0.00731717112948 0.00107450789611 0.0174916680243 0.0182075344282 0.015754779143 0.0117571075479 0.022681212149 0.00419224682072 0.0164306564229 0.00553843519063 0.0224774744342 0.0249145052429 0.0115317111805 0.0137615415883 0.00963502832082 0.0236015561749 -0.00474733618771 -0.000944413709851 0.0045015884984 0.00514675310616 0.0110015154878 0.0122212442679 -0.00585432523738 0.0102879719619 0.0167619399136 0.0254237530797 0.0132124867397 0.0171804142021 
0.0108503027118 0.0210306925022 0.0171980937224 0.189578171187 0.00384824987343 0.0177146321384 0.014476791452 0.0687936517594 0.00580092409378 0.0149696124052 0.00945032335373 0.00739811312099 -0.0234699366402 0.0195947458962 0.0145117801415 0.030914663864 0.0322641068558 0.0189976275688 0.00255971608227 0.019591222889 0.0271732692252 0.0185315606604 0.0118963247866 0.00722812602667 0.00159921690422 0.036361415417 0.0159419554436 0.00645809171104 0.0261895592721 0.018370450405 0.00733850968385 0.024422678485 0.0211384273497 0.00894193202815 0.00715928504533 0.0105435998021 0.0287195917806 0.000513216145699 0.00848904169177 -0.00498281897882 
0.00283007004273 0.0104640877647 0.0145738079887 0.00384824987343 0.181035105749 0.0163433230208 0.0133706201598 0.00823651228463 0.0420453853818 0.0393940999467 0.0151334888462 0.0191715166662 -0.013726266884 0.0191397127948 0.00537547250202 0.00751700513446 0.0139083114934 0.0130187610929 0.0136766017872 -0.00821268743639 0.00225276998409 -9.40097042961e-05 -0.00217076759523 0.0188360929499 0.0141985750532 0.00462246289025 -0.00325131205602 -0.00675695896432 0.0185689874108 0.0134906700077 0.000944400006153 0.0065861730062 0.00948046924246 0.0119733725097 -0.018575765222 0.0115298191388 -0.011112590209 -0.00644996662309 0.002307703894 -0.00882552418406 
0.014157028476 0.0421630000984 0.0294208884618 0.0177146321384 0.0163433230208 1.3196578437 0.020248935893 -0.00803591546902 0.0510885253791 0.0100659809599 0.012564781546 0.0717094005319 -0.0222519155472 0.0229609092207 0.0158444510862 0.0775656477895 0.022124486593 0.0223877318894 -0.0148359306578 0.0206929375868 0.0148854972018 0.0267635164808 0.0233816263504 0.0192995186419 0.0051295886298 0.030252584606 0.0133955633584 0.0400947850967 0.0326327955278 -0.0184266564903 0.00374396562273 0.0563743734006 0.00579538103211 0.00801675581425 0.0766755488434 0.00519926844719 0.0397334594854 0.0222382709898 0.0140725751164 0.0333166292466 
0.0152555099289 0.0202297060421 0.0230582241571 0.014476791452 0.0133706201598 0.020248935893 0.13526938726 0.0379034499066 0.00666364387382 0.00670026793644 0.0232019737707 0.0194182979267 -0.00845965694335 0.0254737571187 0.0171084111934 0.00972027995161 0.021205454595 0.0289128763789 0.00591508088907 0.0092399112739 0.0333569526799 0.0129796372449 0.0206569459697 0.045283061283 0.0151619205254 0.0177302205669 0.0303688665856 0.0347297543416 -0.00128697830137 0.00916439833895 0.00149906699208 0.0107313131729 0.0215164503379 0.0285886327708 0.0262890110528 0.0340405388886 0.00801420829521 0.0206867274139 0.0210655006382 0.0209580759403 
0.00732663030956 0.0599646007835 0.0102247109003 0.0687936517594 0.00823651228463 -0.00803591546902 0.0379034499066 0.513870829611 0.0252174220379 0.0145780480468 0.0734263644685 0.00996885680506 0.00888112028097 0.0249099407266 0.0303047461511 0.000213509104755 0.0184460046243 0.0509579468463 0.00679425160123 0.0466961393482 0.0357744693772 0.0403492490831 0.0515968599895 0.061508784995 0.0661874493385 0.016949576644 0.0395542031493 0.0625913262789 0.0500890648849 0.0292241011721 0.016741547212 0.0346475492086 0.039410884233 0.0233640833329 -0.00285142032485 0.0380552656368 -0.000263393749373 0.0210847679212 0.00468072317941 0.0515327924084 
0.00883822962737 0.0218162287924 0.0151372390913 0.00580092409378 0.0420453853818 0.0510885253791 0.00666364387382 0.0252174220379 0.31859635155 0.0250167610102 0.0529411704052 0.119791882519 0.00256028401717 0.0232440309106 0.00253755742917 -0.00389133383859 0.00438148764919 0.0125178200172 0.0120383733322 0.0194921208021 0.0142607173042 -0.000977182670578 0.0252211967063 0.00716259678597 0.022154175945 -0.00489681576613 0.0187239253164 0.0176644583999 0.0323702910855 -0.0100450484296 0.0130959994418 0.0300325706907 0.000910204254181 0.0172345065794 0.0100794230521 0.00268786897141 -0.0153276021558 0.0158075113966 0.00706473647394 0.0249812882174 
0.00619883759006 0.0108043671239 0.0197958532143 0.0149696124052 0.0393940999467 0.0100659809599 0.00670026793643 0.0145780480468 0.0250167610102 0.262127319157 -0.00267533742009 0.032515029144 -0.0181899929822 0.0201560489674 0.0131536854687 0.0214822857364 0.00977528586699 0.0305382139891 0.00381865758345 -0.0128036604829 0.0154288268219 0.0171061808222 0.0205622330304 0.00125175672493 -0.000794617013756 0.0231043189077 -0.00744020447228 -0.00111113463066 0.0152605610103 0.0124591392305 -0.0181871150376 -0.00498388227306 0.0206576143923 0.0402864640362 0.0220158452224 0.0223086351969 0.00455418689761 0.00973808197039 0.0170814702525 0.00529234526449 
0.0191379385753 -0.000570502201326 -0.00536886013229 0.00945032335373 0.0151334888462 0.012564781546 0.0232019737707 0.0734263644685 0.0529411704052 -0.00267533742009 0.284760906348 0.0284038054927 0.0199058494737 0.0150074588206 0.00543681350467 0.018678284737 0.00493830266356 0.0104467349456 0.00443257253622 -0.00590702547228 0.0121586242142 0.0153977038834 0.0209637114057 0.00878888802727 0.00438900103877 0.0118722957914 0.00198380248097 0.00488053203575 0.0299145991075 -0.00464735348307 0.00891136691584 0.0664640630734 0.00664248957576 0.0087282044635 -0.0189590173035 0.0190428502341 0.0131362525044 0.00433601565897 -0.00837816394506 0.00486144716345 
0.0153043822489 0.0219863431054 -0.00494133524626 0.00739811312099 0.0191715166662 0.0717094005319 0.0194182979267 0.00996885680506 0.119791882519 0.032515029144 0.0284038054927 0.279712013624 -0.0274279809942 0.0118525004295 0.00434801508543 -0.0215551285845 0.00289793479147 0.00944183440527 0.0275021999688 -0.0226393201392 0.0250859067228 0.00199273334995 0.0156395717671 0.0129527671525 0.0155569677535 -0.00363330543708 0.00571825858244 0.0238467688104 0.0226624687522 0.0112692020496 0.00858421399016 0.00891124980227 0.00514765759751 0.0161645997046 0.0067105705792 0.0043655568814 -0.0186368875575 -0.000420205904803 0.00922661160746 0.00604872001076 
0.0296148762375 0.00689510208629 -0.00731717112948 -0.0234699366402 -0.013726266884 -0.0222519155472 -0.00845965694335 0.00888112028097 0.00256028401717 -0.0181899929822 0.0199058494737 -0.0274279809942 2.71589831686 0.0291532413388 0.0341746321766 -0.0377776197498 0.00411009173429 -0.0131779332707 0.0542557416829 0.0693692081132 -0.0212789792039 0.0383439253452 8.2618174508e-05 0.0556960163575 0.0141993902919 -0.0378800380133 -0.0140293291183 -0.0254248963805 -0.00304190662801 -0.0518079508923 0.00312026596615 0.0055446520938 -0.0117896454241 0.00474299515005 -0.0205682591324 -0.0215668097072 -0.00599223177816 -0.0334933951242 -0.0105371959395 -0.0109424416366 
0.00891054489525 0.0281894133145 0.0010745078961 0.0195947458962 0.0191397127948 0.0229609092207 0.0254737571187 0.0249099407266 0.0232440309106 0.0201560489674 0.0150074588206 0.0118525004296 0.0291532413388 0.143699297017 0.0213385444713 0.0172181591003 0.0246984873088 0.0192589113762 0.0102099545816 0.0100018663547 0.00753673265676 0.00904035824097 0.0103997366988 0.0263417752626 0.0105885893522 0.014155255884 0.0200720202504 0.0192520811885 0.0207294097453 0.0130206503668 0.00609174693727 0.020527307575 0.027357226732 0.014016733483 0.0155041466079 0.0192992464708 0.028810853431 0.0158729715927 0.00979982395561 0.0102477490334 
0.0157038756546 0.0112025851243 0.0174916680243 0.0145117801415 0.00537547250202 0.0158444510862 0.0171084111934 0.0303047461511 0.00253755742917 0.0131536854687 0.00543681350467 0.00434801508542 0.0341746321766 0.0213385444713 0.162661718551 0.00108667340379 0.0139333532918 0.00198419791589 0.0179016081901 0.0345783381883 0.0127699601762 0.00645267060555 0.0319789488344 0.0148104762875 0.0592797863201 0.0130849554145 0.0202686853223 0.00942969437668 0.0164517124004 0.00813230676354 0.0202965388063 0.021948158062 0.0177859092618 0.00804819644549 0.0135083725549 -0.00252510334791 0.0151779825022 0.0262931956985 0.053372642658 0.0226590454671 
0.0204330127664 0.0225178549736 0.0182075344282 0.030914663864 0.00751700513446 0.0775656477895 0.00972027995161 0.000213509104756 -0.00389133383859 0.0214822857364 0.018678284737 -0.0215551285845 -0.0377776197498 0.0172181591003 0.00108667340379 0.336852324946 0.0160668146154 0.0321829685658 0.012436441739 -0.0217818426716 0.0283268026541 0.029645259155 0.023810857014 0.00325028620594 -0.000823291910198 0.011196310555 -0.00181546749811 0.0198277867907 0.0304820939029 -0.0115236369396 0.00225814465548 0.0192414216886 0.026460938505 0.0045554732764 0.130576500499 0.0149991896405 0.0329952912983 -0.00581960802039 0.0134808207905 0.0127132701975 
0.0218495797577 0.0240648284411 0.015754779143 0.0322641068558 0.0139083114934 0.022124486593 0.021205454595 0.0184460046243 0.00438148764919 0.00977528586699 0.00493830266356 0.00289793479147 0.00411009173429 0.0246984873088 0.0139333532918 0.0160668146154 0.17434936104 0.0198513659006 0.0255957095718 0.0310173673479 0.0232079294624 0.0237254821935 0.0130178471075 0.0166505208038 0.0293335912714 0.0254720203485 0.00292617052724 0.010962943573 0.0123576791199 0.017262481847 0.0126560549064 0.0217356219497 0.0127798020867 0.0173653807077 -0.0119393425744 0.0261880138283 -0.00934669650472 0.0119389478132 0.0045582837728 -0.00218770410685 
0.0201248071542 0.0268013614475 0.0117571075479 0.0189976275688 0.0130187610929 0.0223877318894 0.0289128763789 0.0509579468463 0.0125178200172 0.0305382139891 0.0104467349456 0.00944183440527 -0.0131779332708 0.0192589113762 0.0019841979159 0.0321829685658 0.0198513659006 0.168681797061 0.0111283544846 0.0182541449435 0.0189643169578 0.028427497923 0.0310383365542 0.0218224865084 0.00725688579002 0.0151321804098 0.0101183929408 0.00673003033065 0.0249257985387 0.0100025469333 -0.00458569752432 0.0162127834089 0.0350428204308 0.0168775349814 0.00536730331274 0.0150799108641 0.00904942022304 0.0200428073278 0.00749853790386 0.0142752711565 
0.00430232934888 0.00436315260622 0.022681212149 0.00255971608227 0.0136766017872 -0.0148359306578 0.00591508088906 0.00679425160123 0.0120383733322 0.00381865758345 0.00443257253622 0.0275021999688 0.0542557416829 0.0102099545816 0.0179016081901 0.012436441739 0.0255957095718 0.0111283544846 0.214127785427 -0.00329621174677 0.00378816742429 0.0237046443209 0.0162509359992 0.0128099095808 0.0347179857555 0.00206336740951 -0.00105763997046 0.00918726889951 -0.00815790291741 -0.00392105158319 0.0279498098978 0.00646768523418 0.00393588989448 -0.00372494613242 0.0241715402855 0.0234403241493 0.000431952123881 -0.0157204973681 0.00917291306441 0.0295234097078 
0.00485794689656 0.0210284347102 0.00419224682072 0.019591222889 -0.00821268743639 0.0206929375868 0.0092399112739 0.0466961393482 0.0194921208021 -0.0128036604829 -0.00590702547228 -0.0226393201392 0.0693692081132 0.0100018663547 0.0345783381883 -0.0217818426716 0.0310173673479 0.0182541449435 -0.00329621174677 0.44621606552 0.0178463427756 -0.00154865159013 0.0411817688016 -0.00995223422204 0.0320481740407 0.0381970387417 0.0135731212034 0.00737033936553 0.0151450863264 -0.00950018606639 0.0173486885766 0.0375665559483 0.0143351676392 -0.00135849272602 0.01120562023 -0.00501847340355 0.0147695390264 -0.00314417875803 0.0555126759179 0.0315748516495 
0.0264052205349 0.0107268929452 0.0164306564229 0.0271732692252 0.00225276998409 0.0148854972018 0.0333569526799 0.0357744693772 0.0142607173042 0.0154288268219 0.0121586242142 0.0250859067228 -0.0212789792039 0.00753673265675 0.0127699601762 0.0283268026541 0.0232079294624 0.0189643169578 0.00378816742429 0.0178463427756 0.16829659195 0.0130032048337 0.0180619609394 0.00800420240801 -0.0273434720739 0.023266217205 0.0174411660228 0.0306230293972 -0.00737356464564 0.0124253361264 -0.0082639331703 0.0156082708304 0.0341174655188 0.0165559203349 0.0219038507415 0.0233593467126 0.0326755414812 0.0324869144698 0.015386497733 0.0106552826549 
0.00827206448827 0.0192091552789 0.00553843519063 0.0185315606604 -9.40097042977e-05 0.0267635164808 0.0129796372449 0.0403492490831 -0.000977182670577 0.0171061808222 0.0153977038834 0.00199273334995 0.0383439253452 0.00904035824097 0.00645267060556 0.029645259155 0.0237254821935 0.028427497923 0.0237046443209 -0.00154865159012 0.0130032048337 0.159722356336 0.0242602681959 0.00404024741476 0.0049530905587 -0.000358597349853 0.0263010945629 0.0174633485198 0.0117728544667 0.00194841170924 0.0145862446346 0.0208974638282 0.0236657247636 0.031973186783 0.0306584996564 0.0250874707164 -0.00189798733631 0.0254514720251 0.00659766620833 0.00234172642756 
0.0173082588175 0.0116025914121 0.0224774744342 0.0118963247866 -0.00217076759523 0.0233816263504 0.0206569459697 0.0515968599895 0.0252211967063 0.0205622330304 0.0209637114057 0.0156395717671 8.26181745081e-05 0.0103997366988 0.0319789488344 0.023810857014 0.0130178471075 0.0310383365542 0.0162509359992 0.0411817688016 0.0180619609394 0.0242602681959 0.212439384375 0.0203712953383 -0.00629340947368 0.0197264247518 0.0387402349408 0.0126749566402 0.0377799468789 0.00985138372949 0.0104646250485 0.0259083453507 0.010796414546 0.0318646990032 0.00593877783019 0.0378319628715 0.0226816748709 0.0292818890476 0.0314305832196 0.0179534706796 
0.0237235814815 0.00891338345869 0.0249145052429 0.00722812602667 0.0188360929499 0.0192995186419 0.045283061283 0.061508784995 0.00716259678597 0.00125175672493 0.00878888802727 0.0129527671525 0.0556960163575 0.0263417752626 0.0148104762875 0.00325028620594 0.0166505208038 0.0218224865084 0.0128099095808 -0.00995223422204 0.00800420240801 0.00404024741477 0.0203712953383 0.70279908929 -0.000383919891007 0.0027763881329 0.0346139541165 0.00968966554687 0.0104457044615 0.0118235459664 0.0690546237146 0.00241000969183 0.0191923081132 0.0178763566652 -0.00643126039053 -0.00296499330161 0.0351197869415 -0.00497956818186 0.0139895513183 0.0484774095017 
0.0413399660146 0.0253627080493 0.0115317111805 0.00159921690422 0.0141985750532 0.0051295886298 0.0151619205254 0.0661874493384 0.022154175945 -0.000794617013756 0.00438900103877 0.0155569677535 0.0141993902919 0.0105885893522 0.0592797863201 -0.000823291910198 0.0293335912714 0.00725688579002 0.0347179857555 0.0320481740407 -0.0273434720739 0.0049530905587 -0.00629340947368 -0.00038391989101 0.471555970496 0.0267194697524 0.0129311196002 -0.000801698902094 0.0132161525348 0.0303873254995 0.00718166134222 0.010851672184 0.00227822660665 0.0092736038029 0.0634871837145 0.0106480948374 0.0157128164445 0.000395510519259 0.052718410575 0.0294429649022 
0.0307336415083 0.00752806091588 0.0137615415883 0.036361415417 0.00462246289025 0.030252584606 0.0177302205669 0.016949576644 -0.00489681576613 0.0231043189077 0.0118722957914 -0.00363330543708 -0.0378800380133 0.014155255884 0.0130849554145 0.011196310555 0.0254720203485 0.0151321804098 0.00206336740951 0.0381970387417 0.023266217205 -0.000358597349853 0.0197264247518 0.0027763881329 0.0267194697524 0.258089913881 0.0228868202206 0.0411736530314 0.0228161572698 0.039612584886 0.0338592339339 0.0208221077863 3.25507992729e-05 0.00637430915519 0.0104664012416 -0.00421763175945 0.0668551610532 0.027737536948 0.00347051955065 -0.0241016219297 
0.0259547168683 0.0193102120962 0.00963502832082 0.0159419554436 -0.00325131205602 0.0133955633584 0.0303688665856 0.0395542031493 0.0187239253164 -0.00744020447228 0.00198380248097 0.00571825858244 -0.0140293291183 0.0200720202504 0.0202686853223 -0.00181546749811 0.00292617052724 0.0101183929408 -0.00105763997047 0.0135731212034 0.0174411660228 0.0263010945629 0.0387402349408 0.0346139541165 0.0129311196002 0.0228868202206 0.20473898073 0.0291924742419 0.0357146086812 0.0150804126212 -0.00233708157522 0.0146747573839 0.0173076609264 0.00594267864023 -0.00460177555838 0.0108626188248 0.0482435059951 0.0215300073873 0.00113781741082 0.0125097387675 
0.0268839388868 0.0136340428114 0.0236015561749 0.00645809171103 -0.00675695896432 0.0400947850967 0.0347297543416 0.0625913262789 0.0176644583999 -0.00111113463066 0.00488053203575 0.0238467688104 -0.0254248963805 0.0192520811885 0.00942969437669 0.0198277867907 0.010962943573 0.00673003033065 0.00918726889951 0.00737033936553 0.0306230293972 0.0174633485198 0.0126749566402 0.00968966554687 -0.000801698902094 0.0411736530314 0.0291924742419 0.343180671351 0.0317196119532 0.00412035793058 0.0246572943476 0.0258407549824 0.0116670147441 0.0178271461208 0.0104429619034 0.0150103249812 0.00755447779568 0.0225072028321 0.0187943239339 0.0302071448754 
0.0169992446071 0.0277339435687 -0.00474733618771 0.0261895592721 0.0185689874108 0.0326327955278 -0.00128697830138 0.0500890648849 0.0323702910855 0.0152605610103 0.0299145991075 0.0226624687522 -0.00304190662801 0.0207294097453 0.0164517124004 0.0304820939029 0.0123576791199 0.0249257985387 -0.00815790291741 0.0151450863264 -0.00737356464564 0.0117728544667 0.0377799468789 0.0104457044615 0.0132161525348 0.0228161572698 0.0357146086812 0.0317196119532 0.342358335837 0.0372542065975 0.0186294484955 0.0291299646168 0.0196993480888 0.0088337675005 0.00730043105339 0.0182726385747 0.0117684943833 0.0214816119875 0.00287203755529 -0.0118070093352 
0.0139197115658 0.0147695999797 -0.00094441370985 0.018370450405 0.0134906700077 -0.0184266564903 0.00916439833895 0.0292241011721 -0.0100450484296 0.0124591392305 -0.00464735348307 0.0112692020496 -0.0518079508923 0.0130206503668 0.00813230676354 -0.0115236369396 0.017262481847 0.0100025469333 -0.00392105158319 -0.00950018606638 0.0124253361264 0.00194841170924 0.00985138372949 0.0118235459664 0.0303873254995 0.039612584886 0.0150804126212 0.00412035793058 0.0372542065975 0.367070105599 0.0282359873097 0.0163045661522 0.0044502690266 0.0235654634191 0.0167275456135 0.00226690153914 -0.0285159313369 -0.00368554560629 0.033786645415 0.00736649503902 
0.0089715540125 -0.00180705415333 0.0045015884984 0.00733850968385 0.000944400006153 0.00374396562273 0.00149906699208 0.016741547212 0.0130959994418 -0.0181871150376 0.00891136691584 0.00858421399016 0.00312026596615 0.00609174693727 0.0202965388063 0.00225814465548 0.0126560549064 -0.00458569752432 0.0279498098978 0.0173486885766 -0.0082639331703 0.0145862446346 0.0104646250485 0.0690546237146 0.00718166134222 0.0338592339339 -0.00233708157522 0.0246572943476 0.0186294484955 0.0282359873097 0.497219816606 0.0238278853735 0.00188683041046 0.0072063721626 0.0110695152048 0.0188993825065 0.00222512829066 0.0342083579322 0.0212530713968 0.0138348845675 
0.0160597953139 0.0196175566835 0.00514675310616 0.024422678485 0.0065861730062 0.0563743734006 0.0107313131729 0.0346475492086 0.0300325706907 -0.00498388227306 0.0664640630734 0.00891124980227 0.0055446520938 0.020527307575 0.021948158062 0.0192414216886 0.0217356219497 0.0162127834089 0.00646768523418 0.0375665559483 0.0156082708304 0.0208974638282 0.0259083453507 0.00241000969182 0.010851672184 0.0208221077863 0.0146747573839 0.0258407549824 0.0291299646168 0.0163045661522 0.0238278853735 0.278626677799 0.0061949445957 0.0180089896021 -0.0105946673667 0.0124926130545 0.0241212846841 0.0211754244812 0.0484007726988 0.0127535912179 
0.00661222525301 0.0162473044018 0.0110015154878 0.0211384273497 0.00948046924246 0.00579538103211 0.0215164503379 0.039410884233 0.000910204254183 0.0206576143923 0.00664248957576 0.00514765759751 -0.0117896454241 0.027357226732 0.0177859092618 0.026460938505 0.0127798020867 0.0350428204308 0.00393588989448 0.0143351676392 0.0341174655188 0.0236657247636 0.010796414546 0.0191923081132 0.00227822660665 3.25507992735e-05 0.0173076609264 0.0116670147441 0.0196993480888 0.0044502690266 0.00188683041046 0.0061949445957 0.174391175822 0.0196545516162 0.0122492317471 0.00751355939821 0.00576555381114 0.021426830398 0.0262271912697 0.00510156608638 
0.00705696806152 0.0118987168149 0.0122212442679 0.00894193202816 0.0119733725097 0.00801675581425 0.0285886327708 0.0233640833329 0.0172345065794 0.0402864640362 0.0087282044635 0.0161645997046 0.00474299515005 0.014016733483 0.00804819644546 0.0045554732764 0.0173653807077 0.0168775349813 -0.00372494613241 -0.00135849272602 0.0165559203349 0.031973186783 0.0318646990032 0.0178763566652 0.00927360380291 0.00637430915518 0.00594267864023 0.0178271461208 0.00883376750051 0.0235654634191 0.0072063721626 0.0180089896021 0.0196545516162 0.130104759495 0.0053925071385 0.0165733002128 -0.00727550984419 0.0115335482874 0.0113237333548 0.0052627838826 
-0.000231305556281 0.0159195625348 -0.00585432523738 0.00715928504533 -0.018575765222 0.0766755488434 0.0262890110528 -0.00285142032485 0.0100794230521 0.0220158452224 -0.0189590173035 0.0067105705792 -0.0205682591324 0.0155041466079 0.0135083725549 0.130576500499 -0.0119393425744 0.00536730331274 0.0241715402855 0.01120562023 0.0219038507415 0.0306584996564 0.00593877783019 -0.00643126039053 0.0634871837145 0.0104664012416 -0.00460177555838 0.0104429619034 0.00730043105339 0.0167275456135 0.0110695152048 -0.0105946673667 0.0122492317471 0.0053925071385 1.48402433879 0.011851924037 -0.0042922956323 -0.0090065944769 0.0381495299206 0.019351305464 
0.0254644428414 0.0192616532178 0.0102879719619 0.0105435998021 0.0115298191388 0.00519926844719 0.0340405388886 0.0380552656368 0.00268786897142 0.0223086351969 0.0190428502341 0.0043655568814 -0.0215668097072 0.0192992464708 -0.00252510334791 0.0149991896405 0.0261880138283 0.0150799108641 0.0234403241493 -0.00501847340355 0.0233593467125 0.0250874707164 0.0378319628714 -0.00296499330161 0.0106480948374 -0.00421763175945 0.0108626188248 0.0150103249811 0.0182726385747 0.00226690153914 0.0188993825065 0.0124926130545 0.00751355939821 0.0165733002128 0.011851924037 0.194950691223 0.0148479951635 0.0146747754068 0.012860280615 0.0562128138065 
-0.00835994077245 0.0447199756457 0.0167619399136 0.0287195917806 -0.011112590209 0.0397334594854 0.00801420829521 -0.000263393749368 -0.0153276021558 0.00455418689761 0.0131362525044 -0.0186368875575 -0.00599223177816 0.028810853431 0.0151779825022 0.0329952912983 -0.00934669650472 0.00904942022304 0.000431952123881 0.0147695390264 0.0326755414812 -0.00189798733631 0.0226816748709 0.0351197869415 0.0157128164445 0.0668551610532 0.0482435059951 0.00755447779569 0.0117684943833 -0.0285159313369 0.00222512829065 0.0241212846841 0.00576555381114 -0.00727550984419 -0.0042922956323 0.0148479951635 0.607522011826 0.00265325950155 0.0163067820674 -0.00486082931526 
0.0309840993469 0.00933792766331 0.0254237530797 0.0005132161457 -0.00644996662309 0.0222382709898 0.0206867274139 0.0210847679212 0.0158075113966 0.0097380819704 0.00433601565897 -0.000420205904801 -0.0334933951242 0.0158729715927 0.0262931956985 -0.00581960802039 0.0119389478132 0.0200428073278 -0.0157204973681 -0.00314417875803 0.0324869144698 0.0254514720251 0.0292818890476 -0.00497956818186 0.000395510519261 0.027737536948 0.0215300073873 0.0225072028321 0.0214816119875 -0.00368554560629 0.0342083579322 0.0211754244812 0.021426830398 0.0115335482874 -0.0090065944769 0.0146747754068 0.00265325950155 0.16680168284 0.0148787768967 0.00440027955698 
0.00968808789266 0.0175301372684 0.0132124867397 0.00848904169177 0.002307703894 0.0140725751164 0.0210655006382 0.00468072317941 0.00706473647394 0.0170814702525 -0.00837816394506 0.00922661160746 -0.0105371959395 0.00979982395561 0.053372642658 0.0134808207905 0.00455828377281 0.00749853790386 0.0091729130644 0.0555126759179 0.015386497733 0.00659766620833 0.0314305832196 0.0139895513183 0.052718410575 0.00347051955064 0.00113781741082 0.0187943239339 0.00287203755529 0.033786645415 0.0212530713968 0.0484007726988 0.0262271912697 0.0113237333548 0.0381495299206 0.012860280615 0.0163067820674 0.0148787768967 0.198712002044 0.0374696249834 
0.011960914813 0.0226508679858 0.0171804142021 -0.00498281897882 -0.00882552418406 0.0333166292466 0.0209580759403 0.0515327924084 0.0249812882174 0.00529234526449 0.00486144716345 0.00604872001076 -0.0109424416366 0.0102477490334 0.0226590454671 0.0127132701975 -0.00218770410685 0.0142752711565 0.0295234097078 0.0315748516495 0.0106552826549 0.00234172642756 0.0179534706796 0.0484774095017 0.0294429649022 -0.0241016219297 0.0125097387675 0.0302071448754 -0.0118070093352 0.00736649503902 0.0138348845675 0.0127535912179 0.00510156608638 0.00526278388259 0.019351305464 0.0562128138065 -0.00486082931526 0.00440027955698 0.0374696249834 0.454292894044 
0.0154085843522 0.000622428535066 -7.1455647632e-05 0.000939663778721 0.000245091255149 0.00122603463024 0.00132116591461 0.000634504797222 0.000765413138178 0.000536835082693 0.00165739409823 0.00132539838168 0.00256472351516 0.000771675824086 0.00135999552547 0.00176955081315 0.00189222911322 0.00174285942418 0.000372592651158 0.000420710542266 0.00228675917758 0.000716381798858 0.00149893918312 0.00205452242317 0.00358014607603 0.0026616114297 0.00224774441559 0.00232821740298 0.00147217776749 0.00120548238293 0.000776959368625 0.00139081907214 0.000572635504464 0.000611151361497 -2.00316487776e-05 0.00220528543938 -0.000723992108308 0.00268330171478 0.000839013022915 0.00103584560805 
0.000622428535066 0.0196383144603 0.00105618928426 0.00182131139661 0.00090621658317 0.0036514229185 0.00175194393435 0.00519308676063 0.0018893408349 0.000935685640112 -4.94069399264e-05 0.00190407316656 0.000597133356842 0.00244127480481 0.000970172330567 0.00195010344459 0.00208407527677 0.00232106598696 0.000377860099758 0.00182111586609 0.000928976179424 0.00166356164567 0.00100481389126 0.00077192165089 0.00219647494794 0.000651949199439 0.00167231342277 0.0011807427431 0.00240182996777 0.00127908487861 -0.00015649548028 0.00169893024481 0.0014070578355 0.00103045910342 0.00137867455723 0.00166810810055 0.00387286349658 0.000808688257512 0.00151815442063 0.00196162270935 
-7.14556476316e-05 0.00105618928426 0.0134976219487 0.00148939860603 0.00126212879481 0.00254792368098 0.00199690078862 0.0008854859386 0.00131092335962 0.00171437117732 -0.000464956926392 -0.000427932185188 -0.000633685608197 9.30551134594e-05 0.00151482288636 0.00157681873551 0.00136440389688 0.00101819538115 0.00196425059097 0.000363059224568 0.0014229365863 0.00047964255723 0.00194660638729 0.00215765944631 0.000998675483142 0.00119178446107 0.000834417929201 0.00204395472163 -0.000411131373886 -8.17886264414e-05 0.0003898489997 0.000445721893694 0.000952759189256 0.00105839080018 -0.000506999437759 0.000890964507241 0.00145162657819 0.00220176160266 0.00114423491638 0.00148786751466 
0.00093966377872 0.00182131139661 0.00148939860603 0.0164179512251 0.00033326821505 0.00153413214505 0.00125372691627 0.00595770500428 0.000502374763064 0.00129640646277 0.000818422009831 0.000640695390285 -0.00203255613556 0.00169695477268 0.00125675702567 0.00267728842556 0.00279415361676 0.00164524280862 0.000221677915372 0.00169664967131 0.00235327414529 0.00160488023037 0.00103025194769 0.000625974076085 0.000138496246522 0.00314899094687 0.00138061384002 0.000559287148173 0.00226808236435 0.00159092767297 0.000635533581213 0.00211506599965 0.00183064150809 0.000774394029529 0.000620012272219 0.000913102527592 0.00248718960683 4.44458219808e-05 0.000735172575886 -0.000431524781812 
0.000245091255149 0.00090621658317 0.00126212879481 0.00033326821505 0.0156781000555 0.00141537329183 0.00115792967228 0.000713302887707 0.00364123718526 0.00341162913131 0.00131059857887 0.0016603020462 -0.00118872958207 0.00165754775014 0.00046552957441 0.000650991740682 0.0012044951077 0.00112745778322 0.00118442845852 -0.000711239595325 0.00019509560351 -8.14147921227e-06 -0.000187993988318 0.00163125350026 0.00122963266936 0.0004003170291 -0.000281571883614 -0.000585169811543 0.00160812148203 0.00116832629408 8.17874396663e-05 0.000570379313709 0.000821032720377 0.00103692447624 -0.0016087084577 0.000998511627526 -0.000962378542285 -0.000558583494916 0.000199853019661 -0.000764312814511 
0.00122603463024 0.0036514229185 0.00254792368098 0.00153413214505 0.00141537329183 0.114285721695 0.00175360928829 -0.000695930693884 0.00442439608202 0.000871739522528 0.00108814200118 0.00621021625508 -0.00192707241467 0.00198847306791 0.00137216971497 0.00671738214467 0.00191603674352 0.00193883445494 -0.00128482928384 0.00179206096291 0.00128912187247 0.0023177885167 0.00202490824012 0.00167138734247 0.000444235406437 0.00261995067989 0.00116008981664 0.0034723102453 0.00282608299236 -0.00159579526274 0.000324236934018 0.00488216394874 0.000501894719842 0.000694271419108 0.00664029731475 0.000450269855636 0.00344101852946 0.00192589076134 0.00121872075475 0.0028853047296 
0.00132116591461 0.00175194393435 0.00199690078862 0.00125372691627 0.00115792967228 0.00175360928829 0.0117146725722 0.00328253505102 0.00057708848765 0.000580260224512 0.00200934987033 0.00168167393028 -0.000732627782024 0.00220609207946 0.00148163187118 0.000841800936999 0.00183644623781 0.00250392854406 0.000512261031537 0.000800199789191 0.00288879684136 0.0011240695586 0.00178894399744 0.00392162814322 0.00131306083452 0.00153548214256 0.00263002099473 0.0030076849527 -0.000111455590311 0.000793660177193 0.000129823009711 0.00092935898237 0.00186337925919 0.0024758482239 0.00227669514121 0.0029479971436 0.000694050797487 0.00179152314616 0.00182432586961 0.00181502261787 
0.000634504797222 0.00519308676063 0.0008854859386 0.00595770500428 0.000713302887707 -0.000695930693884 0.00328253505102 0.0445025192707 0.00218389281028 0.00126249599461 0.00635890969373 0.000863328323987 0.000769127577739 0.0021572641476 0.00262446800221 1.84904308657e-05 0.0015974708603 0.00441308764936 0.000588399448637 0.00404400429342 0.00309815992875 0.00349434747296 0.00446841915064 0.00532681703616 0.00573200125388 0.00146787639571 0.00342549447537 0.00542056786141 0.00433784026421 0.00253088140178 0.00144986051843 0.00300056577936 0.00341308269314 0.00202338897025 -0.000246940243819 0.00329568267892 -2.28105678155e-05 0.00182599446527 0.000405362518145 0.00446287073536 
0.000765413138179 0.0018893408349 0.00131092335962 0.000502374763064 0.00364123718526 0.00442439608202 0.00057708848765 0.00218389281028 0.0275912533996 0.00216651505552 0.0045848398477 0.0103742813429 0.000221727099978 0.00201299212549 0.000219758919722 -0.000336999395882 0.000379447961056 0.00108407501349 0.00104255371259 0.00168806717883 0.00123501434616 -8.46265016859e-05 0.00218421970615 0.000620299077371 0.00191860791683 -0.000424076685112 0.00162153949826 0.00152978697184 0.00280334944079 -0.000869926712225 0.00113414682045 0.00260089691591 7.88260006754e-05 0.00149255205195 0.000872903641861 0.000232776281129 -0.00132740928461 0.00136897064401 0.000611824125747 0.00216344302156 
0.000536835082693 0.000935685640112 0.00171437117732 0.00129640646277 0.00341162913131 0.000871739522528 0.000580260224511 0.00126249599461 0.00216651505552 0.0227008917416 -0.00023169101695 0.00281588412435 -0.00157529960172 0.00174556504457 0.00113914257693 0.0018604205179 0.000846564589007 0.00264468691008 0.000330705447562 -0.00110882952396 0.00133617559783 0.00148143871537 0.00178074161629 0.000108405312315 -6.88158520192e-05 0.00200089271112 -0.000644340608235 -9.62270817176e-05 0.00132160335109 0.00107899310829 -0.00157505036441 -0.000431616865794 0.00178900188453 0.0034889101284 0.00190662812484 0.00193198448042 0.000394404154691 0.00084334263705 0.00147929871727 0.000458330544465 
0.00165739409823 -4.94069399263e-05 -0.000464956926392 0.000818422009831 0.00131059857887 0.00108814200118 0.00200934987033 0.00635890969373 0.0045848398477 -0.00023169101695 0.0246610178902 0.00245984171209 0.00172389713281 0.00129968405849 0.000470841861068 0.00161758690813 0.000427669555822 0.000904713784948 0.000383872042049 -0.00051156341198 0.00105296774446 0.0013334802723 0.0018155106635 0.000761140030263 0.000380098639681 0.00102817097566 0.000171802334461 0.000422666472695 0.00259068027711 -0.000402472617671 0.000771747013156 0.00575595670603 0.000575256471698 0.000755884679482 -0.00164189906157 0.00164915920632 0.00113763283793 0.000375509971188 -0.00072557028135 0.00042101367427 
0.00132539838168 0.00190407316656 -0.000427932185188 0.000640695390285 0.0016603020462 0.00621021625508 0.00168167393028 0.000863328323987 0.0103742813429 0.00281588412435 0.00245984171209 0.0242237709542 -0.00237533283155 0.00102645664704 0.000376549152002 -0.0018667288936 0.000250968514792 0.000817686845329 0.0023817603833 -0.0019606226365 0.00217250324989 0.000172575770403 0.00135442664546 0.00112174254034 0.00134727292804 -0.000314653480822 0.00049521571978 0.0020651907588 0.00196262736519 0.000975941525531 0.0007434147387 0.000771736870824 0.000445800224943 0.00139989539862 0.000581152459548 0.000378068316096 -0.00161400180722 -3.6390898838e-05 0.000799048004291 0.00052383451897 
0.00256472351516 0.000597133356842 -0.000633685608197 -0.00203255613556 -0.00118872958207 -0.00192707241467 -0.000732627782024 0.000769127577739 0.000221727099978 -0.00157529960172 0.00172389713281 -0.00237533283155 0.23520369365 0.0025247447602 0.00295960996299 -0.00327163783978 0.000355944385378 -0.00114124249818 0.00469868505986 0.00600754964664 -0.00184281365572 0.00332068134298 7.15494379382e-06 0.00482341650552 0.00122970327111 -0.00328050752158 -0.00121497554145 -0.00220186061541 -0.000263436841579 -0.00448670015907 0.000270222959325 0.000480180956838 -0.00102101324389 0.000410755428997 -0.00178126349203 -0.00186774050851 -0.000518942494525 -0.00290061310365 -0.000912547936823 -0.000947643243672 
0.000771675824084 0.00244127480481 9.30551134588e-05 0.00169695477268 0.00165754775014 0.00198847306791 0.00220609207946 0.0021572641476 0.00201299212549 0.00174556504457 0.00129968405849 0.00102645664704 0.0025247447602 0.0124447241723 0.00184797215919 0.00149113631873 0.00213895174445 0.0016678706501 0.000884208003919 0.000866187034841 0.000652700194229 0.000782917989599 0.000900643617386 0.00228126465582 0.000916998736925 0.00122588111926 0.00173828794421 0.0016672791385 0.00179521954449 0.00112762139914 0.000527560760111 0.00177771698313 0.0023692053327 0.00121388472744 0.00134269848265 0.00167136377176 0.0024950930976 0.00137463966328 0.000848689649817 0.000887481099456 
0.00135999552547 0.000970172330567 0.00151482288636 0.00125675702567 0.000465529574409 0.00137216971497 0.00148163187119 0.00262446800221 0.000219758919723 0.00113914257693 0.000470841861068 0.000376549152002 0.00295960996299 0.00184797215919 0.0140869180489 9.41086773302e-05 0.00120666379106 0.00017183658013 0.00155032474612 0.00299457192917 0.00110591099179 0.000558817666666 0.00276945820769 0.00128262487071 0.00513378008841 0.00113319037963 0.00175531963904 0.000816635488013 0.00142476008745 0.000704278424859 0.00175773182152 0.0019007662448 0.00154030492501 0.000696994257644 0.00116985937963 -0.000218680364647 0.00131445184251 0.00227705754216 0.00462220644089 0.0019623309 
0.00176955081315 0.00195010344459 0.00157681873551 0.00267728842556 0.000650991740682 0.00671738214467 0.000841800936999 1.84904308658e-05 -0.000336999395882 0.0018604205179 0.00161758690813 -0.0018667288936 -0.00327163783978 0.00149113631873 9.41086773301e-05 0.0291722670727 0.00139142696148 0.00278712683472 0.00107702744787 -0.00188636290948 0.00245317307065 0.002567354753 0.002062080706 0.000281483042392 -7.12991708962e-05 0.000969628936928 -0.000157224097311 0.00171713670616 0.00263982676804 -0.000997976233368 0.000195561063707 0.00166635599873 0.00229158449533 0.000394515558362 0.0113082566569 0.00129896792648 0.00285747604696 -0.000503992838573 0.00116747332685 0.00110100149562 
0.00189222911322 0.00208407527677 0.00136440389688 0.00279415361676 0.0012044951077 0.00191603674352 0.00183644623781 0.0015974708603 0.000379447961056 0.000846564589007 0.000427669555822 0.000250968514792 0.000355944385378 0.00213895174445 0.00120666379106 0.00139142696148 0.0150990975794 0.00171917871698 0.00221665347171 0.00268618280818 0.00200986564837 0.00205468702966 0.00112737862977 0.00144197740024 0.00254036352252 0.00220594167075 0.000253413801239 0.000949418763444 0.00107020640497 0.00149497478118 0.00109604650606 0.00188236007755 0.00110676332624 0.00150388608393 -0.0010339773974 0.002267948525 -0.000809447661455 0.00103394321007 0.000394758954491 -0.00018946073325 
0.00174285942418 0.00232106598696 0.00101819538115 0.00164524280862 0.00112745778322 0.00193883445494 0.00250392854406 0.00441308764936 0.00108407501349 0.00264468691008 0.000904713784947 0.000817686845329 -0.00114124249818 0.0016678706501 0.00017183658013 0.00278712683472 0.00171917871698 0.014608272141 0.000963743768601 0.00158085532455 0.00164235802508 0.00246189353673 0.00268799879472 0.001889882769 0.000628464744652 0.00131048526496 0.000876278533221 0.000582837723458 0.00215863747441 0.000866245974677 -0.000397133055013 0.00140406822981 0.00303479727133 0.00146163740471 0.000464822101865 0.00130595858951 0.000783702780267 0.0017357580309 0.000649392431598 0.00123627474674 
