50
0.0904248988876 0.0791171504464 0.0172523696575 0.0176756211385 0.087070388143 0.0217130314185 0.102922334335 0.105904751354 0.133040507733 -0.00662659235152 0.101801748802 0.0160420823192 0.282509070746 0.00194148072761 0.037281538924 0.00535997805058 0.0807794462486 0.0662185328213 0.067616439087 0.105790500039 0.0170913584406 0.114977551813 0.0242911243805 0.0950879331279 0.025637758891 0.0129348444485 0.00643120824938 0.0121413644826 0.0729597235382 0.0453963667668 0.00788248566947 -0.00660692339257 0.0205855922537 0.162419244675 0.102568127786 0.0560151075184 0.0946915784272 0.0216083944488 0.12993100308 0.101218808556 0.0300827450696 0.0594362545722 0.0703179731329 0.00238062118955 0.0755027876102 0.070995024039 0.0413413845105 0.10643743266 0.0363676427781 0.0315088302779 
0.296889534488 -0.0193622514211 0.00343525028241 0.00823534203516 0.0137146410243 0.00218795862925 0.00912077452553 0.00102889725466 0.168907217166 0.0363453585587 0.0263919913187 0.00318045837548 0.0240713388768 0.0113161203718 0.00688136987101 0.0233032031218 0.0146831416094 0.00352378205997 -0.00700101132217 -0.0136455555339 0.0143375622992 0.00815470916437 0.019304784572 0.00174638400105 0.0282963440803 0.00869331849542 0.00817044861622 0.0140750080323 0.13070416076 9.92445703263e-05 -0.00320233113668 -0.00149595313597 -0.0189403292663 0.0102820636275 -0.00151326550691 0.0239281343792 -0.000191403684562 -0.00835646769145 0.132847099161 -9.15468112668e-05 0.00159780162395 0.0500997695037 0.0135913779356 0.0216145610535 -0.0212028604451 0.0492310575982 0.00685239054469 0.097025567302 -0.000404059560136 0.0198468006484 
-0.0193622514211 0.379443845462 0.0157391010935 0.0222634347946 0.0116707399168 0.021942241907 0.01935324953 0.03394834276 0.00403470296915 -0.00624538748412 -0.00673232224814 0.00666343160538 0.0155179239759 -0.0154637306772 0.0405537564467 0.00732611994687 -0.00913094565421 -0.00244568535742 0.0293394791924 -0.00207863533276 0.0257896860055 0.0153197678144 0.0444607800551 0.0158672132929 0.0123648384791 -0.00692415163958 0.0278572376311 -0.00205469493256 0.0208324347419 0.0212622262753 0.0170472994767 0.00588265966093 0.0314390467353 0.0151306755385 0.0157553123955 0.0303147654994 -0.00150065137534 -0.00241089565904 0.0463630584974 0.0387784322488 -0.00476537245049 0.00563158471819 0.0159264720098 0.00128560382201 0.0105712617396 0.0276334017515 0.0168555965607 0.0281642405812 0.0124134324818 0.0320858371123 
0.00343525028241 0.0157391010935 0.186591031399 0.0159873855495 0.00775752007112 0.0163606968809 0.018037367505 -0.00630658407469 0.00990916655093 0.0220534470585 0.00871709106103 0.023752074385 -0.0442431600533 0.00638172013723 -0.0183063665276 0.00326308116595 -0.0108059847284 0.0150195658281 -0.000687218872944 0.00712045914962 0.0306265444854 0.0202996336365 0.0175843791456 0.0103534889726 0.0201080918411 -0.00880792397467 0.00139764091679 0.0170224606175 -0.00133637596815 -0.0146795226123 0.0109013791417 0.0223936247492 0.00516096089315 -0.00266525717239 0.0142619996768 0.0094850150196 0.0300197016128 0.0145390006877 0.0194078537514 0.0194656501857 0.0027149544361 0.0181433130208 0.0248820011021 0.00783813576499 0.00365411818674 0.00834109379373 0.00229061164352 0.00117220928352 0.00891988179108 0.0117872135964 
0.00823534203516 0.0222634347946 0.0159873855495 0.173813518874 0.00746907505454 0.0125812081056 -0.00519366638303 -0.00136641422171 0.0277284211569 0.0187435195367 0.00529037418299 0.0194619415648 0.006513659169 0.0265251211883 -0.00689564338163 0.00131765399609 0.00730011614329 0.0254229191995 0.0200352420895 0.031887977517 0.0121914154776 -0.00747765999328 0.0404825771216 0.0118190015923 0.0390466167915 0.0168573353585 0.0137430694548 0.00364825634997 0.0194058614054 0.0125236621334 0.0213928008415 0.0232641688146 0.00295391324224 0.00272620133003 0.0374404918418 0.00757406262348 0.0260810764385 0.016514311083 -0.00573284660084 0.0116146335139 0.00530261706608 0.0102350103863 0.0144911735104 -0.00172967012293 -0.0103873079475 -0.0207076591627 0.0309858887571 0.0263654502296 0.014261389913 0.0202376716391 
0.0137146410243 0.0116707399168 0.00775752007112 0.00746907505454 0.607696794204 0.028562011542 0.0164255227951 0.0110552252881 -0.0271840672628 -0.00732808014416 0.0249600738929 0.00745943296809 0.0510057573801 0.0218108503156 0.0214882430706 2.68756471261e-05 0.0205194728406 -0.00346158207172 0.023709232046 0.0139294319743 0.0175653303727 0.0996894750033 0.0251840869426 0.050690104888 0.0148863829113 0.0125683746265 0.0200819526228 -0.00105523970116 0.0376077169126 0.000347241540196 0.0488025833265 0.0265997544922 0.008500942315 0.0131133888906 -0.00495205115542 -0.0206948054686 0.0498887830705 0.00224001361136 0.036888014177 0.014392855142 0.0237491019531 0.0134938878398 0.0201961913067 0.00277780116511 0.0162976372771 -0.0099039825325 0.0189135842026 0.0198310671314 0.00446226304662 -0.00802924854583 
0.00218795862925 0.021942241907 0.0163606968809 0.0125812081056 0.028562011542 0.265798296315 0.00130175972037 0.00852481764741 0.0195510851379 0.00955891016744 0.00935486893135 0.00751449214671 0.0449663445217 0.00401147191084 0.0245462696857 0.00461358120312 0.00368820779598 0.000900245806722 0.0234455327166 0.0312828035974 0.0113478623538 -0.00718323039507 -0.00185334641392 0.00271993817863 0.0117560518956 0.00768944769834 -0.00167415497775 -0.012185605907 0.0268481928033 0.00380585834067 0.0168263915896 0.0139571532253 -0.000728716646605 0.0537793636533 0.0297157838163 0.0222422843247 0.0173183098107 0.00935850357407 0.0292599535678 0.0196952905495 -0.00103941059576 0.0195282850715 0.0219703465421 0.00270102289166 0.0176134622798 -0.00430790292848 0.0157574641742 0.0109375774599 0.000496015641449 0.0175460283078 
0.00912077452553 0.01935324953 0.018037367505 -0.00519366638303 0.0164255227951 0.00130175972037 0.368076772139 -0.00338559097268 -0.0115837335067 0.00981443243323 0.0213207298453 0.0186642646875 0.0203552994356 0.0112499486391 0.0282686294341 0.012028002401 0.00781379236714 0.00759288695223 -0.000875048028615 0.0131516338331 0.0196015777588 0.00976262919353 0.0158836307093 0.0145223675183 0.00386706039556 0.0206464622577 0.0219918094012 -0.00764451421385 0.00417632717684 0.0181790712333 0.00495995188721 0.023215071775 -0.00255042688124 0.00503351988889 0.0351872374191 0.0159135710556 0.000866332963827 0.00288397906779 -0.0142877399788 0.0577985801945 -0.00336324835047 0.00993016823617 0.0366607917991 0.00884822240413 0.028408969177 0.0419888317349 0.0177392072237 -0.00594535284548 0.0471897414607 0.0222940189322 
0.00102889725466 0.03394834276 -0.0063065840747 -0.00136641422171 0.0110552252881 0.00852481764741 -0.00338559097268 0.404956441082 0.0151890653973 0.0194173966715 0.0323689030376 0.0307720793564 0.0172152301425 -0.000950515121622 0.00554095015382 0.00604797822958 0.0495267180478 0.0439938259461 0.0179099728275 0.000652003526541 0.018800862628 -0.0205269587332 0.0323662065313 0.034486549678 0.0432994387388 0.007531576939 0.0432308951969 0.0496972061462 0.00120347116373 0.0226381597208 0.0161569035092 0.00334687264266 0.0129395353259 0.0694351715976 0.00537653911164 -0.00204218213645 -0.00946862965648 0.0068230378431 0.0141566933103 0.00887243498776 0.0018642977099 0.00946886403202 0.0133184747357 0.0157086747942 0.00157284098217 0.025454387442 0.00255600595651 0.0144185006644 0.0216407819343 0.0610803682452 
0.168907217166 0.00403470296915 0.00990916655093 0.0277284211569 -0.0271840672628 0.0195510851379 -0.0115837335067 0.0151890653973 0.407358123322 0.0380234711022 0.0426980263904 0.0182930365121 0.00174750814246 0.016093300012 0.00179880243648 0.0268568702429 0.0408148520967 0.0377682177779 -0.0157808479907 -0.00825347303276 0.0086084948041 0.00786210861144 0.0298407783884 0.0109929501568 0.00078997482914 -0.0146042595792 -0.00900728807625 0.0144314798866 0.124418780168 0.00970359796796 -0.00880038145636 0.00343644189285 -0.00131260725708 0.00616067122722 0.0119352250808 0.0126130286829 0.00633167783784 0.000766811916128 0.180783846212 -0.0180794745509 0.00799541612168 0.0140965403638 0.0101078588556 0.0247653816504 -0.00253480622626 0.0228153335852 0.0183995655404 0.109559401933 0.0041656496002 0.0173880973349 
0.0363453585587 -0.00624538748412 0.0220534470585 0.0187435195367 -0.00732808014416 0.00955891016744 0.00981443243323 0.0194173966715 0.0380234711022 0.149592338298 0.0100431389912 0.0166454199952 0.0299827515205 0.0278520272517 0.022249920758 0.0441806556202 0.0219210581315 0.00767155020589 0.00608946733565 0.036522620308 0.00568085806166 0.0222822347371 0.0194635310386 0.0174765149108 -0.00424325300533 0.0164050084516 0.021641783231 0.0159319057156 0.034525162407 -0.00286524887992 0.028548888152 0.000941323753342 0.000288908704767 0.0386102896677 0.0196304919017 0.0143605538271 0.00249741750136 0.00213688548465 0.0216561315916 0.0137993692474 0.00253333659169 0.0138557829984 0.0178408054403 0.0374805227763 0.0213504977022 0.0165331528344 -0.00189748649516 0.0226924577674 0.0213703980741 0.0213133962795 
0.0263919913187 -0.00673232224814 0.00871709106103 0.00529037418299 0.0249600738929 0.00935486893135 0.0213207298453 0.0323689030376 0.0426980263904 0.0100431389912 0.288940065032 -0.000819547128562 0.00221146005265 0.00757081274168 0.0208415994536 0.017956365205 0.0154972911177 0.0227693510614 0.059032149181 0.000905213541805 0.00494806342316 0.0196928931943 0.00460204013726 0.0238116065376 0.0208774770664 0.000413591295138 -0.00512097504878 0.0831489129401 0.0205582222293 -0.0209911187229 -0.0016206853218 0.0157658366423 -0.00783580918516 0.030877895915 -0.00205753658029 0.0248948281146 0.00108350077108 0.00645565350818 0.0314615258782 0.00343997482064 0.00136925099501 0.0284446117382 0.0022921833727 0.0107006125432 0.00745318730815 0.0092539126612 0.0058228640988 -0.000121799444097 0.0108953183053 0.0121471658358 
0.00318045837548 0.00666343160538 0.023752074385 0.0194619415648 0.00745943296809 0.00751449214671 0.0186642646875 0.0307720793564 0.0182930365121 0.0166454199952 -0.000819547128562 0.162679434333 0.0172970455419 0.0286388451463 0.00593221227822 0.0239886679167 -0.00280779770656 0.00528923097225 0.0332306616716 0.0282567842488 0.045702024691 0.00145237144723 0.0439704226942 0.0377333245708 0.0467970963445 0.0162390598405 0.0258794932428 0.0119734577202 0.0343000082772 -0.0084139917459 0.032296404104 0.0232131701718 0.00553437810449 0.0226492985014 0.0280901314382 0.0132510992246 0.0126536390827 0.0290794652395 0.020565076279 0.0228259038907 0.0172755627386 0.0220650711383 0.0181910591559 0.0300565364173 0.0224924862586 0.0288804904087 0.0225813384889 0.0210998713145 0.0188666160621 0.0257223676544 
0.0240713388768 0.0155179239759 -0.0442431600533 0.006513659169 0.0510057573801 0.0449663445217 0.0203552994356 0.0172152301425 0.00174750814246 0.0299827515205 0.00221146005265 0.0172970455419 0.848302018871 0.00987798312838 0.127069425872 0.0292245798981 0.0149268299241 0.0299606701047 0.0954007228343 -0.0127552934221 -0.00401732657465 0.00347131410189 0.0360333234658 0.0354169046034 0.0265252048012 0.0010665005986 0.0530511980767 -0.000177652811453 0.0889067077657 0.0120122575578 0.018051981653 0.000675786454513 0.0192390155533 0.0349076542851 0.0274758722307 -0.00463171613536 0.0634454348535 0.00492393015 0.0927769571278 0.0290799782532 -0.00751243854734 0.0129604880384 -0.0138015056244 0.0118095808962 0.050409934654 -0.0279330963343 0.0201735517382 0.100268022415 -0.00159430221447 0.0155766451348 
0.0113161203718 -0.0154637306772 0.00638172013723 0.0265251211883 0.0218108503156 0.00401147191084 0.0112499486391 -0.000950515121622 0.016093300012 0.0278520272517 0.00757081274168 0.0286388451463 0.00987798312838 0.202324746102 0.0201317299145 0.0236819460864 0.0167052586258 0.0155818829039 0.0352193206418 -0.00173250624796 0.0159327486789 0.0244249164078 0.0239918949576 0.0430807767448 0.019977279424 0.032327025745 0.00944613077923 0.0195788700159 0.0354649966828 -0.00247773675884 0.0472171095352 0.0210511098227 0.00152843382174 0.0203274051837 0.0536894806536 0.0111394523872 0.0111302991061 0.0223680159012 0.0138534509404 0.0313851111504 0.0186737717052 0.0433810936826 0.00365507787283 0.0240276111895 0.018300140863 -0.00049146442001 0.0155976599803 0.024547637201 0.0413370259781 -0.000109196044744 
0.00688136987101 0.0405537564467 -0.0183063665276 -0.00689564338163 0.0214882430706 0.0245462696857 0.0282686294341 0.00554095015382 0.00179880243648 0.022249920758 0.0208415994536 0.00593221227822 0.127069425872 0.0201317299145 0.358396775777 0.0202307336953 0.0123085101504 -0.0105699322167 0.043925219705 -0.00283254767906 0.0101455131276 0.0394551670612 0.0309576958439 0.0242335225674 -0.000656425312315 0.00784682490748 0.0228661412393 0.00554754403168 0.0217378819734 0.00775606218375 0.00529825777369 0.00838631852324 0.00240534177649 -0.00442946699118 0.038929497364 0.0036400014914 0.0532620468996 0.0234082127018 0.0151933660918 0.0110467631832 -0.000338301402099 0.0144966977199 0.0150189578186 0.0124100346644 0.00475127873526 0.0358765168466 -0.0225624966212 0.0435642167445 0.0190607549652 0.00390342404948 
0.0233032031218 0.00732611994687 0.00326308116595 0.00131765399609 2.68756471261e-05 0.00461358120312 0.012028002401 0.00604797822958 0.0268568702429 0.0441806556202 0.017956365205 0.0239886679167 0.0292245798981 0.0236819460864 0.0202307336953 0.119946327831 0.00303478198331 0.00558590625943 0.0179503606196 0.0131325699169 0.0133372355738 0.0086469859115 0.0389461522068 0.00367402356379 1.73600262836e-05 0.00480878080665 0.0221349190218 0.0284842168947 0.00920785390927 -0.0076411059214 0.0147871619227 0.0100939643449 0.0113645017728 0.0193346353228 0.0124542543548 0.0180960599321 0.00353579399461 -0.00416063466098 0.0374291093871 0.00915164795432 0.00733391916796 0.0179576307205 0.020242734186 0.0496685929561 0.0132237845962 0.00743242411031 -0.001226984252 0.00418052879055 0.00348945486733 0.00668907490286 
0.0146831416094 -0.00913094565421 -0.0108059847284 0.00730011614329 0.0205194728406 0.00368820779598 0.00781379236714 0.0495267180478 0.0408148520967 0.0219210581315 0.0154972911177 -0.00280779770656 0.0149268299241 0.0167052586258 0.0123085101504 0.00303478198331 0.495841053812 0.0142982728681 0.022130778773 0.00803691212256 -0.00808684234116 0.00106142859328 0.0071319405995 0.00964656232093 0.00746676719241 0.00529191092566 0.00340692735699 0.00837277186527 0.00089001288041 0.0010819209739 0.0275838782164 -0.00490344220359 0.0204529645776 -0.0373336383987 -0.00026914144837 -0.010385940781 0.0282926482448 -0.0169172589012 0.0203378788659 0.0144497110863 0.00786036494406 0.0233607546038 -0.00869051734667 0.0150434471568 0.0234274084288 0.0375184853472 0.00199619320665 -0.00194542361952 0.0185115623494 -0.0012713720224 
0.00352378205997 -0.00244568535742 0.0150195658281 0.0254229191995 -0.00346158207172 0.000900245806722 0.00759288695223 0.0439938259461 0.0377682177779 0.00767155020589 0.0227693510614 0.00528923097225 0.0299606701047 0.0155818829039 -0.0105699322167 0.00558590625943 0.0142982728681 0.385997240462 0.0673889402548 0.0199377796159 0.0103844918691 0.00649986137468 0.00735438341438 0.00531322637693 0.0484484945573 -0.00706459722084 0.0121880027311 0.0608014270579 -0.00400762869016 -0.009872620119 -0.00153571678313 0.0332706337485 0.0107103241042 0.0065731206197 0.0232741337253 0.017258169338 0.0582502827214 0.0187233518818 -0.0107575302631 0.0167209125473 0.00812224755959 0.01119185997 0.000593546907009 0.00255627281122 0.0148810638967 0.0128076731827 0.0565445648652 0.00414648803339 0.0115461688906 0.0469200989475 
-0.00700101132217 0.0293394791924 -0.000687218872944 0.0200352420895 0.023709232046 0.0234455327166 -0.000875048028615 0.0179099728275 -0.0157808479907 0.00608946733565 0.059032149181 0.0332306616716 0.0954007228343 0.0352193206418 0.043925219705 0.0179503606196 0.022130778773 0.0673889402548 0.393008437918 -0.021946887376 0.0300934376709 0.00164665340439 0.00744733735987 0.0360536137381 0.0449607389441 0.0237616825161 0.0277610331763 0.023864819081 0.000175164453084 0.0130302023566 0.0296925101945 0.0168037769534 0.0034394836291 0.0302136329974 0.0318280032228 0.0157074510297 0.0288291239931 0.0230074365767 0.0137376368592 -0.0102416105334 0.0104765157331 0.0316243126119 -0.0164312565965 0.0122423522463 0.021967964228 -0.00711749207295 0.0345804484528 -0.00689791197325 0.0129820932759 0.0205809849901 
-0.0136455555339 -0.00207863533276 0.00712045914962 0.031887977517 0.0139294319743 0.0312828035974 0.0131516338331 0.000652003526541 -0.00825347303276 0.036522620308 0.000905213541805 0.0282567842488 -0.0127552934221 -0.00173250624796 -0.00283254767906 0.0131325699169 0.00803691212256 0.0199377796159 -0.021946887376 0.540362257649 -0.0041463193397 -0.0349639976918 0.0206295509316 0.0103468753025 0.0102655270469 0.0222934425135 0.0510484207511 0.0286439345641 0.0417977557839 -0.0136682571793 0.00920020860864 -0.00301876227576 -0.00830371696728 -0.0192278560895 0.0254687783627 -0.00739750249504 -0.0018919171172 0.030287036638 0.00226100757166 -0.00631441142926 0.00693530303131 0.0152951452662 0.0293486767698 0.0132505622941 0.00410425924544 0.0079773465029 0.0120664012187 0.0385500893451 0.0296782148928 0.0224835132364 
0.0143375622992 0.0257896860055 0.0306265444854 0.0121914154776 0.0175653303727 0.0113478623538 0.0196015777588 0.018800862628 0.0086084948041 0.00568085806166 0.00494806342316 0.045702024691 -0.00401732657465 0.0159327486789 0.0101455131276 0.0133372355738 -0.00808684234116 0.0103844918691 0.0300934376709 -0.0041463193397 0.195492329409 0.0155752829817 0.0239134488412 0.0447587334164 0.0262581939058 0.0162443315462 0.0399673550385 0.0121065218386 0.004660252372 -0.000741755051492 0.0358322841372 0.0210642208573 0.0289660865766 0.0107554164492 0.00903370157376 0.0157522270394 0.00091886555349 0.0211983433115 0.0190068913695 0.0205793056994 0.0109949214228 0.0426877792698 0.00594380935549 0.0101039516153 0.0465916223399 0.0834696532286 0.00937423988999 0.0184450106597 0.0312405824182 0.0367920796122 
0.00815470916437 0.0153197678144 0.0202996336365 -0.00747765999328 0.0996894750033 -0.00718323039507 0.00976262919353 -0.0205269587332 0.00786210861144 0.0222822347371 0.0196928931943 0.00145237144723 0.00347131410189 0.0244249164078 0.0394551670612 0.0086469859115 0.00106142859328 0.00649986137468 0.00164665340439 -0.0349639976918 0.0155752829817 0.599577171578 -0.00854946181827 0.0155515326031 0.0659343804998 -0.000569049295705 0.00856474669247 -0.00661930224754 -0.000808135875802 0.0600722519584 -0.00772354186124 0.0260690564363 0.00960825136019 -0.00924831702958 0.0150200509855 0.0103080225952 0.0295071559773 0.00431779779655 0.0212432992 0.0187167764984 -0.0061345087341 0.0251022895503 0.0078246208459 0.0224520750581 0.00877138767103 0.0336908845815 0.00111812035164 -0.0080883061815 0.0112754346335 0.00423176852313 
0.019304784572 0.0444607800551 0.0175843791456 0.0404825771216 0.0251840869426 -0.00185334641392 0.0158836307093 0.0323662065313 0.0298407783884 0.0194635310386 0.00460204013726 0.0439704226942 0.0360333234658 0.0239918949576 0.0309576958439 0.0389461522068 0.0071319405995 0.00735438341438 0.00744733735987 0.0206295509316 0.0239134488412 -0.00854946181827 0.222342478836 0.0366965855515 0.00871411748481 0.0176547985087 0.0274367744267 0.0159494596225 0.0343595375466 -0.0153199492464 0.0190147056963 0.0222328654021 0.00232454135221 0.00914952389633 0.0308819722539 0.0405485499138 0.0136146035589 0.0299238009343 0.0542948837859 0.0150103962922 0.0089046965824 0.033319891643 0.0152516981124 0.0358884613664 0.0198022003334 0.0410056087079 0.0246784588645 0.0278931884407 0.0103222439634 0.0267322424296 
0.00174638400105 0.0158672132929 0.0103534889726 0.0118190015923 0.050690104888 0.00271993817863 0.0145223675183 0.034486549678 0.0109929501568 0.0174765149108 0.0238116065376 0.0377333245708 0.0354169046034 0.0430807767448 0.0242335225674 0.00367402356379 0.00964656232093 0.00531322637693 0.0360536137381 0.0103468753025 0.0447587334164 0.0155515326031 0.0366965855515 0.274481380568 0.0401822500484 0.0479435401308 0.0279124731311 0.00861881407138 0.0256732219637 0.0109806480176 0.0451265589453 0.0215575185884 0.0193164650677 0.017296252835 0.0307672177688 0.000300014793362 0.0285940881818 0.0459065083579 0.011473294173 0.0424587535762 0.00519173927877 0.00627377076072 0.0152489490382 0.0122351545564 0.0146122488998 0.0387215959797 0.0131099191026 0.0299178544187 0.0395674866192 0.0360006511658 
0.0282963440803 0.0123648384791 0.0201080918411 0.0390466167915 0.0148863829113 0.0117560518956 0.00386706039557 0.0432994387388 0.00078997482914 -0.00424325300533 0.0208774770664 0.0467970963445 0.0265252048012 0.019977279424 -0.000656425312316 1.73600262838e-05 0.00746676719241 0.0484484945573 0.0449607389441 0.0102655270469 0.0262581939058 0.0659343804998 0.00871411748481 0.0401822500484 0.24868728269 0.00102239614864 0.014497560505 -0.00034458050434 0.0236025376086 0.00973392510678 0.0152742283422 0.0352531806397 -0.0160594640807 0.019294038068 0.000693770397095 0.0185172417261 0.0298161276451 0.0220406677203 -0.0244009065639 0.0103877430656 0.00498976828244 -0.00115401693127 0.00964268032585 0.0139560269489 0.00376404440159 0.0143722589616 0.0417404690939 0.0154755194003 0.0107303859511 0.0178502946272 
0.00869331849542 -0.00692415163958 -0.00880792397467 0.0168573353585 0.0125683746265 0.00768944769834 0.0206464622577 0.007531576939 -0.0146042595792 0.0164050084516 0.000413591295138 0.0162390598405 0.0010665005986 0.032327025745 0.00784682490748 0.00480878080665 0.00529191092566 -0.00706459722084 0.0237616825161 0.0222934425135 0.0162443315462 -0.000569049295705 0.0176547985087 0.0479435401308 0.00102239614864 0.157171452953 0.0151816410374 0.0136169862816 0.00634986892612 0.0108109641759 0.0123057116595 0.0217290157988 0.0158359427262 0.00895756117941 0.0278932330964 -0.00708328504144 0.00285513038325 0.0306068364419 0.000563281418855 0.0137187108286 0.00338642256612 0.0162065067598 0.0148871732416 0.0180570573167 -0.00808155181515 0.0182363633826 0.00421307066033 -0.00439729432459 0.007561675766 0.0227356469627 
0.00817044861621 0.0278572376311 0.00139764091679 0.0137430694548 0.0200819526228 -0.00167415497775 0.0219918094012 0.0432308951969 -0.00900728807625 0.021641783231 -0.00512097504878 0.0258794932428 0.0530511980767 0.00944613077923 0.0228661412393 0.0221349190218 0.00340692735699 0.0121880027311 0.0277610331763 0.0510484207511 0.0399673550385 0.00856474669247 0.0274367744267 0.0279124731311 0.014497560505 0.0151816410374 0.183117492832 0.013234183626 -0.00146969937196 0.0093285831463 0.0197198025299 0.0316261799794 0.0165224092247 0.0168502015093 0.00955859648733 0.010400770845 -0.0159432731088 0.0418536732483 0.000661228630969 -0.00234231170621 0.00448365878344 0.00805497847638 0.00626201795031 0.0200258264218 0.0318736425403 0.0125789132947 0.00661145321776 0.0388896514732 0.0264646087122 0.0193770780405 
0.0140750080323 -0.00205469493256 0.0170224606175 0.00364825634997 -0.00105523970116 -0.012185605907 -0.00764451421385 0.0496972061462 0.0144314798866 0.0159319057156 0.0831489129401 0.0119734577202 -0.000177652811453 0.0195788700159 0.00554754403168 0.0284842168947 0.00837277186527 0.0608014270579 0.023864819081 0.0286439345641 0.0121065218386 -0.00661930224754 0.0159494596225 0.00861881407138 -0.00034458050434 0.0136169862816 0.013234183626 0.24014149099 -0.0122319100836 0.00649994413626 -0.00337008184756 -0.000778966627057 0.00974029550416 0.00344679604511 0.0271103157268 0.0162404836227 0.00479572838346 0.0193265784485 0.0169322941488 -0.0128319987145 0.000625829233877 0.0179778560363 0.0101883540687 0.0256362459693 0.0127122816772 0.0126840389119 0.00697310156062 -0.0200929949041 -0.00460661460117 0.0323747988742 
0.13070416076 0.0208324347419 -0.00133637596815 0.0194058614054 0.0376077169126 0.0268481928033 0.00417632717684 0.00120347116373 0.124418780168 0.034525162407 0.0205582222293 0.0343000082772 0.0889067077657 0.0354649966828 0.0217378819734 0.00920785390927 0.00089001288041 -0.00400762869016 0.000175164453084 0.0417977557839 0.004660252372 -0.000808135875802 0.0343595375466 0.0256732219637 0.0236025376086 0.00634986892612 -0.00146969937196 -0.0122319100836 0.398727255984 -0.00814075037039 0.0197368501191 0.0107080127995 -0.000158774040231 0.00751310176233 -0.005160817691 0.0314510830813 0.020350103821 -0.00168043936231 0.204156816719 0.0264408908748 0.0118892808098 0.0402068659983 0.00296658136193 0.00343351442462 -0.0100682279864 0.033249146533 0.0158435639874 0.151502862185 0.00256020089349 0.00159671896258 
9.92445703263e-05 0.0212622262753 -0.0146795226123 0.0125236621334 0.000347241540196 0.00380585834067 0.0181790712333 0.0226381597208 0.00970359796796 -0.00286524887992 -0.0209911187229 -0.0084139917459 0.0120122575578 -0.00247773675884 0.00775606218375 -0.0076411059214 0.0010819209739 -0.009872620119 0.0130302023566 -0.0136682571793 -0.000741755051492 0.0600722519584 -0.0153199492464 0.0109806480176 0.00973392510678 0.0108109641759 0.0093285831463 0.00649994413626 -0.00814075037039 0.368368704001 -0.00894570510182 0.0186299922763 -0.013970255516 0.00724916176791 0.00639072955343 0.000444331202098 -0.00311076166957 0.00402342404521 0.0328610095574 0.0172537745996 -0.00467558231613 0.00292952449198 0.0043277376345 -0.00248216076036 -0.00419184497791 -0.00174007109093 0.0149110212153 -0.012215952495 0.0131679296515 0.0140905712782 
-0.00320233113668 0.0170472994767 0.0109013791417 0.0213928008415 0.0488025833265 0.0168263915896 0.00495995188721 0.0161569035092 -0.00880038145636 0.028548888152 -0.0016206853218 0.032296404104 0.018051981653 0.0472171095352 0.00529825777369 0.0147871619227 0.0275838782164 -0.00153571678313 0.0296925101945 0.00920020860864 0.0358322841372 -0.00772354186124 0.0190147056963 0.0451265589453 0.0152742283422 0.0123057116595 0.0197198025299 -0.00337008184756 0.0197368501191 -0.00894570510182 0.222680023518 0.0202172901838 0.0102449463836 0.00942295721386 0.0166177267744 0.00621291090297 0.00634254744752 0.0288655833875 0.0196085987477 0.0336798095037 0.0163575737392 0.00502596139872 0.0153718852368 0.00612717942858 -0.00420170757265 0.0184810834886 0.00929235645529 0.0240603248709 0.0388284788067 0.0235948292117 
-0.00149595313597 0.00588265966093 0.0223936247492 0.0232641688146 0.0265997544922 0.0139571532253 0.023215071775 0.00334687264266 0.00343644189285 0.000941323753342 0.0157658366423 0.0232131701718 0.000675786454513 0.0210511098227 0.00838631852324 0.0100939643449 -0.00490344220359 0.0332706337485 0.0168037769534 -0.00301876227576 0.0210642208573 0.0260690564363 0.0222328654021 0.0215575185884 0.0352531806397 0.0217290157988 0.0316261799794 -0.000778966627057 0.0107080127995 0.0186299922763 0.0202172901838 0.160556071484 8.20889229172e-05 0.0283118567187 0.0292806488749 0.0356837898506 0.0156536496128 0.00841740114232 0.000673383725458 0.0266532456448 0.0147820287204 0.010101049109 0.0172036354211 0.00364927742363 0.024112693803 0.0268001667954 0.0320931278407 -0.00342642123706 0.0292471875465 0.0251665201516 
-0.0189403292663 0.0314390467353 0.00516096089315 0.00295391324224 0.008500942315 -0.000728716646605 -0.00255042688124 0.0129395353259 -0.00131260725708 0.000288908704767 -0.00783580918516 0.00553437810449 0.0192390155533 0.00152843382174 0.00240534177649 0.0113645017728 0.0204529645776 0.0107103241042 0.0034394836291 -0.00830371696728 0.0289660865766 0.00960825136019 0.00232454135221 0.0193164650677 -0.0160594640807 0.0158359427262 0.0165224092247 0.00974029550416 -0.000158774040231 -0.013970255516 0.0102449463836 8.20889229172e-05 0.160909536138 0.0218370314767 0.0256914028527 -0.0155010197535 -0.00178425251154 0.0118160659302 0.0151800263291 0.0182302628877 0.00980660383976 0.00553389083209 0.0130809433696 0.00858895331146 0.00514628133386 0.0059818585097 0.00338271598433 0.00440550500571 0.0153398149917 0.00933302497392 
0.0102820636275 0.0151306755385 -0.00266525717239 0.00272620133003 0.0131133888906 0.0537793636533 0.00503351988889 0.0694351715976 0.00616067122722 0.0386102896677 0.030877895915 0.0226492985014 0.0349076542851 0.0203274051837 -0.00442946699118 0.0193346353228 -0.0373336383987 0.0065731206197 0.0302136329974 -0.0192278560895 0.0107554164492 -0.00924831702958 0.00914952389633 0.017296252835 0.019294038068 0.00895756117941 0.0168502015093 0.00344679604511 0.00751310176233 0.00724916176791 0.00942295721386 0.0283118567187 0.0218370314767 1.29530158346 0.0132743240788 -0.0047903143493 0.077011591689 0.0390110912472 0.0185230679659 0.0514825161092 0.0156654543421 0.00199133398157 -0.00431502557441 0.0212409950357 0.00982958536513 0.0274152228982 0.0303529135766 -0.00482127277278 0.00725853306404 0.00292909132683 
-0.00151326550691 0.0157553123955 0.0142619996768 0.0374404918418 -0.00495205115542 0.0297157838163 0.0351872374191 0.00537653911164 0.0119352250808 0.0196304919017 -0.00205753658028 0.0280901314382 0.0274758722307 0.0536894806536 0.038929497364 0.0124542543548 -0.000269141448369 0.0232741337253 0.0318280032228 0.0254687783627 0.00903370157376 0.0150200509855 0.0308819722539 0.0307672177688 0.000693770397095 0.0278932330964 0.00955859648733 0.0271103157268 -0.005160817691 0.00639072955343 0.0166177267744 0.0292806488749 0.0256914028527 0.0132743240788 0.285200062277 0.0311200532459 0.0456597810751 0.0117442550625 0.00527908532704 0.0954280757351 0.00508847674396 0.0392157448887 0.0196056688119 0.00730783809469 0.0134854918473 0.0265843583869 0.0364209261842 0.0163530625615 0.0252199981991 0.027905006087 
0.0239281343792 0.0303147654994 0.0094850150196 0.00757406262348 -0.0206948054686 0.0222422843247 0.0159135710556 -0.00204218213645 0.0126130286829 0.0143605538271 0.0248948281146 0.0132510992246 -0.00463171613536 0.0111394523872 0.0036400014914 0.0180960599321 -0.010385940781 0.017258169338 0.0157074510297 -0.00739750249504 0.0157522270394 0.0103080225952 0.0405485499138 0.000300014793362 0.0185172417261 -0.00708328504144 0.010400770845 0.0162404836227 0.0314510830813 0.000444331202098 0.00621291090297 0.0356837898506 -0.0155010197535 -0.0047903143493 0.0311200532459 0.355138526049 0.00482916201117 -0.0106020657252 0.026931436818 0.00904139085837 0.00870654078651 0.0121449990147 0.0042725962901 0.0085958172238 -0.0154836708661 0.028240160829 0.0193799019852 0.0178459602924 0.0139951064462 0.016575748505 
-0.000191403684562 -0.00150065137534 0.0300197016128 0.0260810764385 0.0498887830705 0.0173183098107 0.000866332963827 -0.00946862965648 0.00633167783784 0.00249741750136 0.00108350077108 0.0126536390827 0.0634454348535 0.0111302991061 0.0532620468996 0.00353579399461 0.0282926482448 0.0582502827214 0.0288291239931 -0.0018919171172 0.00091886555349 0.0295071559773 0.0136146035589 0.0285940881818 0.0298161276451 0.00285513038325 -0.0159432731088 0.00479572838346 0.020350103821 -0.00311076166957 0.00634254744752 0.0156536496128 -0.00178425251154 0.077011591689 0.0456597810751 0.00482916201117 0.341995760466 0.0110940967409 0.00351223348657 0.0299915290406 0.00890231555549 0.0199454469756 -0.0342411744142 0.0069892348473 0.0503693231505 0.0100563798715 0.0329589744631 0.013904022785 0.0165908902929 0.0127830980023 
-0.00835646769145 -0.00241089565904 0.0145390006877 0.016514311083 0.00224001361136 0.00935850357407 0.00288397906779 0.0068230378431 0.000766811916128 0.00213688548465 0.00645565350818 0.0290794652395 0.00492393015 0.0223680159012 0.0234082127018 -0.00416063466098 -0.0169172589012 0.0187233518818 0.0230074365767 0.030287036638 0.0211983433115 0.00431779779655 0.0299238009343 0.0459065083579 0.0220406677203 0.0306068364419 0.0418536732483 0.0193265784485 -0.00168043936231 0.00402342404521 0.0288655833875 0.00841740114232 0.0118160659302 0.0390110912472 0.0117442550625 -0.0106020657252 0.0110940967409 0.25262400815 -0.0240559888565 -0.00184224393234 0.00637688781758 -0.00819806345581 0.0281613075677 -0.00256729670104 0.0231123984758 0.0200279140644 0.00531656892365 -0.0145926450526 0.00681954674976 0.0117140226654 
0.132847099161 0.0463630584974 0.0194078537514 -0.00573284660084 0.036888014177 0.0292599535678 -0.0142877399788 0.0141566933103 0.180783846212 0.0216561315916 0.0314615258782 0.020565076279 0.0927769571278 0.0138534509404 0.0151933660918 0.0374291093871 0.0203378788659 -0.0107575302631 0.0137376368592 0.00226100757166 0.0190068913695 0.0212432992 0.0542948837859 0.011473294173 -0.0244009065639 0.000563281418855 0.000661228630969 0.0169322941488 0.204156816719 0.0328610095574 0.0196085987477 0.000673383725458 0.0151800263291 0.0185230679659 0.00527908532704 0.026931436818 0.00351223348657 -0.0240559888565 0.569896518418 -0.0153976786728 0.00698741603794 0.00927184903196 0.0214083056097 0.0288785517388 -0.0123455871928 0.0265755787852 0.0194197546371 0.161527636459 0.0174212935845 0.0516944098139 
-9.15468112668e-05 0.0387784322488 0.0194656501857 0.0116146335139 0.014392855142 0.0196952905495 0.0577985801945 0.00887243498776 -0.0180794745509 0.0137993692474 0.00343997482064 0.0228259038907 0.0290799782532 0.0313851111504 0.0110467631832 0.00915164795432 0.0144497110863 0.0167209125473 -0.0102416105334 -0.00631441142926 0.0205793056994 0.0187167764984 0.0150103962922 0.0424587535762 0.0103877430656 0.0137187108286 -0.00234231170621 -0.0128319987145 0.0264408908748 0.0172537745996 0.0336798095037 0.0266532456448 0.0182302628877 0.0514825161092 0.0954280757351 0.00904139085837 0.0299915290406 -0.00184224393234 -0.0153976786728 0.318483715258 0.0300396626261 0.041253325718 0.0203895556142 0.0173969631488 0.00707303236344 0.0276259045167 -0.00256239754156 2.36295313936e-05 0.0240891585307 0.0449417493573 
0.00159780162395 -0.00476537245049 0.0027149544361 0.00530261706608 0.0237491019531 -0.00103941059576 -0.00336324835047 0.0018642977099 0.00799541612168 0.00253333659169 0.00136925099501 0.0172755627386 -0.00751243854734 0.0186737717052 -0.000338301402099 0.00733391916796 0.00786036494406 0.00812224755959 0.0104765157331 0.00693530303131 0.0109949214228 -0.0061345087341 0.0089046965824 0.00519173927877 0.00498976828244 0.00338642256612 0.00448365878344 0.000625829233877 0.0118892808098 -0.00467558231613 0.0163575737392 0.0147820287204 0.00980660383976 0.0156654543421 0.00508847674396 0.00870654078651 0.00890231555549 0.00637688781758 0.00698741603794 0.0300396626261 0.155256016626 0.0132394970866 0.00345192782652 0.0113006942008 0.0149033109216 0.0212393972209 0.021917296532 -0.0262467908387 0.00528395753964 -0.00261587014448 
0.0500997695037 0.00563158471819 0.0181433130208 0.0102350103863 0.0134938878398 0.0195282850715 0.00993016823617 0.00946886403202 0.0140965403638 0.0138557829984 0.0284446117382 0.0220650711383 0.0129604880384 0.0433810936826 0.0144966977199 0.0179576307205 0.0233607546038 0.01119185997 0.0316243126119 0.0152951452662 0.0426877792698 0.0251022895503 0.033319891643 0.00627377076072 -0.00115401693127 0.0162065067598 0.00805497847638 0.0179778560363 0.0402068659983 0.00292952449198 0.00502596139872 0.010101049109 0.00553389083209 0.00199133398157 0.0392157448887 0.0121449990147 0.0199454469756 -0.00819806345581 0.00927184903196 0.041253325718 0.0132394970866 0.274431528604 0.0108849413004 0.0207382456024 0.0279675000278 0.0537108048516 0.0122090172972 0.0193947668329 0.0073163752944 0.0287940194965 
0.0135913779356 0.0159264720098 0.0248820011021 0.0144911735104 0.0201961913067 0.0219703465421 0.0366607917991 0.0133184747357 0.0101078588556 0.0178408054403 0.0022921833727 0.0181910591559 -0.0138015056244 0.00365507787283 0.0150189578186 0.020242734186 -0.00869051734667 0.000593546907009 -0.0164312565965 0.0293486767698 0.00594380935549 0.0078246208459 0.0152516981124 0.0152489490382 0.00964268032585 0.0148871732416 0.00626201795031 0.0101883540687 0.00296658136193 0.0043277376345 0.0153718852368 0.0172036354211 0.0130809433696 -0.00431502557441 0.0196056688119 0.0042725962901 -0.0342411744142 0.0281613075677 0.0214083056097 0.0203895556142 0.00345192782652 0.0108849413004 0.275479461089 0.0196432296206 0.0211625057282 0.0296368008956 0.00290102728813 0.0157301769134 0.0220951849356 0.00485294311212 
0.0216145610535 0.00128560382201 0.00783813576499 -0.00172967012293 0.00277780116511 0.00270102289166 0.00884822240413 0.0157086747942 0.0247653816504 0.0374805227763 0.0107006125432 0.0300565364173 0.0118095808962 0.0240276111895 0.0124100346644 0.0496685929561 0.0150434471568 0.00255627281122 0.0122423522463 0.0132505622941 0.0101039516153 0.0224520750581 0.0358884613664 0.0122351545564 0.0139560269489 0.0180570573167 0.0200258264218 0.0256362459693 0.00343351442462 -0.00248216076036 0.00612717942858 0.00364927742363 0.00858895331146 0.0212409950357 0.00730783809469 0.0085958172238 0.0069892348473 -0.00256729670104 0.0288785517388 0.0173969631488 0.0113006942008 0.0207382456024 0.0196432296206 0.117511642438 0.00788217448147 0.00988069490084 0.00887363867305 0.00636563160051 0.00866537676641 0.00894187092578 
-0.0212028604451 0.0105712617396 0.00365411818674 -0.0103873079475 0.0162976372771 0.0176134622798 0.028408969177 0.00157284098217 -0.00253480622626 0.0213504977022 0.00745318730815 0.0224924862586 0.050409934654 0.018300140863 0.00475127873526 0.0132237845962 0.0234274084288 0.0148810638967 0.021967964228 0.00410425924544 0.0465916223399 0.00877138767103 0.0198022003334 0.0146122488998 0.00376404440159 -0.00808155181515 0.0318736425403 0.0127122816772 -0.0100682279864 -0.00419184497791 -0.00420170757265 0.024112693803 0.00514628133386 0.00982958536513 0.0134854918473 -0.0154836708661 0.0503693231505 0.0231123984758 -0.0123455871928 0.00707303236344 0.0149033109216 0.0279675000278 0.0211625057282 0.00788217448147 0.730502719337 0.0267670082989 -0.00115710948407 -0.0280821191103 0.01699045034 0.00786950011101 
0.0492310575982 0.0276334017515 0.00834109379373 -0.0207076591627 -0.0099039825325 -0.00430790292848 0.0419888317349 0.025454387442 0.0228153335852 0.0165331528344 0.0092539126612 0.0288804904087 -0.0279330963343 -0.00049146442001 0.0358765168466 0.00743242411031 0.0375184853472 0.0128076731827 -0.00711749207295 0.0079773465029 0.0834696532286 0.0336908845815 0.0410056087079 0.0387215959797 0.0143722589616 0.0182363633826 0.0125789132947 0.0126840389119 0.033249146533 -0.00174007109093 0.0184810834886 0.0268001667954 0.0059818585097 0.0274152228982 0.0265843583869 0.028240160829 0.0100563798715 0.0200279140644 0.0265755787852 0.0276259045167 0.0212393972209 0.0537108048516 0.0296368008956 0.00988069490084 0.0267670082989 0.353080593203 0.0174154848962 0.0476226437691 0.00303975572781 0.0300942469302 
0.00685239054469 0.0168555965607 0.00229061164352 0.0309858887571 0.0189135842026 0.0157574641742 0.0177392072237 0.00255600595651 0.0183995655404 -0.00189748649516 0.0058228640988 0.0225813384889 0.0201735517382 0.0155976599803 -0.0225624966212 -0.001226984252 0.00199619320665 0.0565445648652 0.0345804484528 0.0120664012187 0.00937423988999 0.00111812035164 0.0246784588645 0.0131099191026 0.0417404690939 0.00421307066033 0.00661145321776 0.00697310156062 0.0158435639874 0.0149110212153 0.00929235645529 0.0320931278407 0.00338271598433 0.0303529135766 0.0364209261842 0.0193799019852 0.0329589744631 0.00531656892365 0.0194197546371 -0.00256239754156 0.021917296532 0.0122090172972 0.00290102728813 0.00887363867305 -0.00115710948407 0.0174154848962 0.233076666426 0.00237501626368 0.0219655485286 0.0186912287153 
