30
0.151795006465 0.0385950792128 0.059162885268 0.0723018126246 0.0962618702605 0.162419244675 0.0524263551757 0.104550469133 0.0331605059077 0.0242911243805 0.0422860283868 0.025042174885 0.0917148498368 0.0230030392576 0.00154943769328 0.105790735219 0.103166553638 0.0482129600444 0.05514883533 0.0136100125143 0.128291051585 0.0590120409917 0.0169596300077 0.16701162673 0.234257183995 0.0598638009539 0.190895055806 0.0283013122104 0.102864057578 0.00788248566947 
0.467558803681 0.0278779615341 -0.00369811126795 0.0180198095356 0.0514235950358 0.0382545618602 -0.000534410590251 0.0462577096117 0.0337213637678 0.039432965269 0.00117700442035 0.0111732989809 0.031787596691 0.0171234372297 0.011106698561 0.0129223962285 -0.0268656092034 0.029116064518 0.152604521081 -0.00580918121627 -0.00574947253026 0.0318477452956 0.0797559834064 0.0330718285549 0.0175432257136 0.0550971973151 0.0968079883276 0.0164108380941 -0.0139903746538 -0.00317720529154 
0.0278779615341 0.202604119077 0.000932102905215 0.0474700072415 0.0321242465194 -0.0199992473136 0.00107486013776 0.00842964226878 0.0157593203109 0.0311647873815 0.0102543385614 0.0255196408611 0.0166317833296 0.0258595901804 0.0379905831754 0.0168988626657 0.0139054024517 0.0307108523711 0.0316162743977 0.0136424603109 0.0254898916708 0.0101638597329 0.0249955081857 0.00264716139556 0.0366759588996 0.0281689889533 0.0288169202767 0.00710479843161 0.0146058552537 0.0419489651744 
-0.00369811126795 0.000932102905215 0.34787942296 0.0309903586007 -0.0226866696331 -0.000942946758566 -0.0119613669754 -0.0116703590917 -0.000485798003801 0.0206531067781 0.0249186603599 -0.00566893267406 0.0129340052627 0.000697036164999 0.00213783724255 0.0377489628117 0.0134793677016 0.0117264057413 0.0269669877662 -0.005892533155 0.0630278706266 0.0107450422076 0.00649904304385 -0.0250494390506 -0.00537444386812 0.0153256074671 -0.000247110323901 0.0194627847105 -0.0036116551241 0.00439971432893 
0.0180198095356 0.0474700072415 0.0309903586007 0.474656411085 0.00588201164502 0.00793798602416 0.0264191686315 0.0281318271717 0.00573314249015 0.0245727327531 0.0238478257246 0.03254260375 0.0404353633314 0.0417775384588 0.0126845886007 -0.0219508618213 0.0144684572379 0.0176664867723 0.0110858842503 0.00017825857701 0.0344439512909 0.0172768167758 0.0227937953476 0.0301035090995 0.0118470299578 0.0318557973837 0.0493117924354 0.000684186596714 0.00123079272266 0.0568737206361 
0.0514235950358 0.0321242465194 -0.0226866696331 0.00588201164502 0.37515541407 0.0303948912943 0.0161737164369 0.0162012341882 0.0327765651066 0.0253993372153 -0.000381819896175 0.0181485174136 0.0289957157501 0.00312998312348 0.0108110262199 0.038829631621 0.0333801715571 0.012418177293 0.0371744184289 0.00929565317938 0.0118351452688 0.00348329144039 0.0274420945759 0.0207005533835 -0.00144621668071 0.0266643269038 -0.00455176475757 -0.00711695401981 0.142863339319 0.0340682878657 
0.0382545618602 -0.0199992473136 -0.000942946758565 0.00793798602416 0.0303948912943 1.30223163647 0.0215060696865 0.00799597353339 0.0205776757969 0.0123525242505 0.00898065992258 0.0100870931457 0.0154806898185 0.0172467927047 0.00511076793268 0.064641309721 0.00179808340429 0.0251361043455 0.0150959391106 0.0111498352136 0.0167225717715 0.0242801250409 0.00716116450996 -0.0113685820983 -0.0178915295994 0.0114032541285 0.0452178492463 0.0135809650473 0.0149085863939 0.0144842850245 
-0.000534410590251 0.00107486013776 -0.0119613669754 0.0264191686315 0.0161737164369 0.0215060696865 0.280848276374 0.124726267875 -0.00475594764979 0.0148368501761 0.0200499011487 0.012973615711 0.00554462685777 0.0111217714508 0.00468585946027 0.00216320067391 0.0121936180005 -0.000571802023161 -0.0228566122333 0.0219209378273 0.015715128265 0.00152879266342 0.0141134466963 0.0130513538006 0.0234099553985 0.0167985807185 0.030882709965 0.0214045089042 0.0783361480837 0.0187914339685 
0.0462577096117 0.00842964226878 -0.0116703590917 0.0281318271717 0.0162012341882 0.00799597353339 0.124726267875 0.524133269867 -0.000377126650541 0.00736454507402 0.00328489950688 0.0136689608021 0.0244418212475 0.00598641194971 0.0175252844461 0.0286716458203 0.0419515123411 0.0141149320543 0.0312337228908 0.0114468462858 0.0197504201816 0.00150258054173 0.0272154638028 0.0436153315295 -0.0195270466886 0.0329832912586 0.0574637560274 0.0183245514975 0.0922612305098 0.0105362723724 
0.0337213637678 0.0157593203109 -0.000485798003801 0.00573314249015 0.0327765651066 0.0205776757969 -0.00475594764979 -0.000377126650541 0.160988911428 0.0294714004793 0.0116074776281 0.0132746540769 0.0242449115125 0.0174073271202 -0.0117951604693 0.0122475390152 0.00102001707355 6.41559278949e-06 0.0240794069778 0.0115039026683 0.005214507575 0.0231238989148 0.0290540040376 0.0180436696362 -0.00249691267809 0.0180114494168 0.0343544083243 0.00254635172584 0.00822175954683 0.014047704582 
0.039432965269 0.0311647873815 0.0206531067781 0.0245727327531 0.0253993372153 0.0123525242505 0.0148368501761 0.00736454507402 0.0294714004793 0.235098778646 0.0185222039924 0.0403315542049 0.0613888274004 0.0312800252458 0.00759700399795 0.0292135294037 0.0302797937344 0.0428835810039 0.0396904070876 0.0125442544694 -0.00413991154221 0.0380795631257 0.036886322131 0.0121488993459 0.0221858511116 0.066365906697 0.0315726955629 0.0206589694403 0.0217274475916 0.027710842372 
0.00117700442035 0.0102543385614 0.0249186603599 0.0238478257246 -0.000381819896175 0.00898065992258 0.0200499011487 0.00328489950688 0.0116074776281 0.0185222039924 0.246760885984 0.0128640475714 0.010160129913 0.00588545318342 -0.000317261159311 -0.00173442487468 0.0513854496928 0.00221416972634 -0.00363370481796 0.00181863389249 0.0339359529041 -0.00318296083914 0.0198348333341 0.00432264489481 0.0301824165791 0.0253864806756 0.00684104005709 -0.0039101816436 -0.00106891889723 0.0320751679973 
0.0111732989809 0.0255196408611 -0.00566893267406 0.03254260375 0.0181485174136 0.0100870931457 0.012973615711 0.0136689608021 0.0132746540769 0.0403315542049 0.0128640475714 0.182119649572 0.0326983108867 0.0258568057162 0.0115269483167 0.0193565308616 0.0225781512452 0.0149552795348 -0.00370880313388 0.0115648614382 0.0208094723795 0.00548066626353 0.0238385438117 0.0269362605262 0.00321968410175 0.03075407676 0.0129367692775 -0.0016759923735 0.00102812742687 0.0256306402766 
0.031787596691 0.0166317833296 0.0129340052627 0.0404353633314 0.0289957157501 0.0154806898185 0.00554462685777 0.0244418212475 0.0242449115125 0.0613888274004 0.010160129913 0.0326983108867 0.177623195014 0.02745189109 0.0294501339842 0.0182128099506 0.00743626896532 0.0291195790655 0.00780931669673 0.00825758830687 0.0056693038797 0.027047517219 0.0412378218802 -0.00380361509252 -0.0181003145352 0.0794142830539 0.0283783992661 0.0155438542729 0.0289379737559 0.0218104201838 
0.0171234372297 0.0258595901804 0.000697036164999 0.0417775384588 0.00312998312348 0.0172467927047 0.0111217714508 0.00598641194971 0.0174073271202 0.0312800252458 0.00588545318342 0.0258568057162 0.02745189109 0.132625835375 0.0168828282374 0.0107757525003 0.0183153087001 0.0179971556298 -0.00935948487102 0.0139656925119 0.018564503715 0.0164575683387 0.0367840018554 0.0161942183262 0.0252084295303 0.0284129732935 0.0158499509766 0.0211478401854 0.00726097829015 0.0283114204133 
0.011106698561 0.0379905831754 0.00213783724255 0.0126845886007 0.0108110262199 0.00511076793268 0.00468585946027 0.0175252844461 -0.0117951604693 0.00759700399795 -0.00031726115931 0.0115269483167 0.0294501339842 0.0168828282374 0.292539379287 0.0215766472355 -0.0210685488216 -0.00378085613881 0.0309651955002 0.00867068311687 -0.0014100887507 0.0176331631507 0.0130518457351 0.0418693434611 -0.0188486305248 0.0162018983728 -0.00967066080748 0.0119762115068 0.00174608348633 0.00600827979436 
0.0129223962285 0.0168988626657 0.0377489628117 -0.0219508618213 0.038829631621 0.064641309721 0.00216320067391 0.0286716458203 0.0122475390152 0.0292135294037 -0.00173442487468 0.0193565308616 0.0182128099506 0.0107757525003 0.0215766472355 0.353891595212 0.00892094516834 0.0154990318225 0.0147696281779 0.0131284288908 0.0159471628071 0.017286674347 0.00613797660206 0.0138636281319 0.0644391388615 0.0417665370951 0.0121881854698 0.0122807049304 0.00877939210538 0.0244264543842 
-0.0268656092034 0.0139054024517 0.0134793677016 0.0144684572379 0.0333801715571 0.00179808340429 0.0121936180005 0.0419515123411 0.00102001707355 0.0302797937344 0.0513854496928 0.0225781512452 0.00743626896532 0.0183153087001 -0.0210685488216 0.00892094516834 0.37665331775 0.0108212901912 -0.0249418812454 -0.00256649666065 0.00236783472736 -0.00459586160328 0.0207220572895 0.0164299963396 0.0415656175947 0.0302608705885 0.0327186053305 -0.022394884869 -0.0131563443544 0.00456896166937 
0.029116064518 0.0307108523711 0.0117264057413 0.0176664867723 0.012418177293 0.0251361043455 -0.000571802023161 0.0141149320543 6.41559278909e-06 0.0428835810039 0.00221416972634 0.0149552795348 0.0291195790655 0.0179971556298 -0.00378085613881 0.0154990318225 0.0108212901912 0.284966096517 0.0577172484318 0.00958530209089 0.0258501071627 0.00677590777134 0.0145427027352 0.0084677431852 -0.0166575622636 0.0351460556015 0.0196114853228 0.0135706217137 0.0059827169682 0.0227371995436 
0.152604521081 0.0316162743977 0.0269669877662 0.0110858842503 0.0371744184289 0.0150959391106 -0.0228566122333 0.0312337228908 0.0240794069778 0.0396904070876 -0.00363370481796 -0.00370880313388 0.00780931669673 -0.00935948487102 0.0309651955002 0.0147696281779 -0.0249418812454 0.0577172484318 0.395718027632 -0.0245516273748 -0.0185992432303 0.0107804941647 0.0385479393447 0.0176241996007 0.0287776093487 0.0127534740997 0.0332285240128 -0.00271612918942 0.0151173870641 0.0196975804998 
-0.00580918121627 0.0136424603109 -0.005892533155 0.00017825857701 0.00929565317938 0.0111498352136 0.0219209378273 0.0114468462858 0.0115039026683 0.0125442544694 0.00181863389249 0.0115648614382 0.00825758830687 0.0139656925119 0.00867068311687 0.0131284288908 -0.00256649666065 0.00958530209089 -0.0245516273748 0.162837947286 0.0104294984355 0.0158711152757 0.0047397687772 0.00733449962732 -0.00638363507081 0.00635423057117 0.0104548800047 0.0252021348614 0.00433098064471 0.0128528465939 
-0.00574947253026 0.0254898916708 0.0630278706266 0.0344439512909 0.0118351452688 0.0167225717715 0.015715128265 0.0197504201816 0.005214507575 -0.00413991154221 0.0339359529041 0.0208094723795 0.0056693038797 0.018564503715 -0.0014100887507 0.0159471628071 0.00236783472736 0.0258501071627 -0.0185992432303 0.0104294984355 0.502384884161 0.00525647547642 0.0182417912066 0.0143278374919 -0.000459680513259 0.00475282150132 -0.00074719201771 0.027946848671 -0.00651700041814 0.0366469575941 
0.0318477452956 0.0101638597329 0.0107450422076 0.0172768167758 0.00348329144039 0.0242801250409 0.00152879266342 0.00150258054173 0.0231238989148 0.0380795631257 -0.00318296083914 0.00548066626353 0.027047517219 0.0164575683387 0.0176331631507 0.017286674347 -0.00459586160328 0.00677590777134 0.0107804941647 0.0158711152757 0.00525647547642 0.291758494614 0.0244600848022 0.000370186895058 -0.00451230225019 0.0144145245305 0.0128090548207 0.00231493682961 -0.00538530572666 0.0117166653398 
0.0797559834064 0.0249955081857 0.00649904304385 0.0227937953476 0.0274420945759 0.00716116450996 0.0141134466963 0.0272154638028 0.0290540040376 0.036886322131 0.0198348333341 0.0238385438117 0.0412378218802 0.0367840018554 0.0130518457351 0.00613797660206 0.0207220572895 0.0145427027352 0.0385479393447 0.0047397687772 0.0182417912066 0.0244600848022 0.193691426453 -0.00225365434671 0.0490659129753 0.0434508949512 0.0331273114061 0.00104205755689 0.000450514235008 0.0305599459716 
0.0330718285549 0.00264716139556 -0.0250494390506 0.0301035090995 0.0207005533835 -0.0113685820983 0.0130513538006 0.0436153315295 0.0180436696362 0.0121488993459 0.00432264489481 0.0269362605262 -0.00380361509252 0.0161942183262 0.0418693434611 0.0138636281319 0.0164299963396 0.0084677431852 0.0176241996007 0.00733449962732 0.0143278374919 0.000370186895058 -0.00225365434671 0.511016735224 0.0383507205944 -0.000535699303732 0.00628863328221 0.0145141381929 0.00765139518834 0.00785896142749 
0.0175432257136 0.0366759588996 -0.00537444386812 0.0118470299578 -0.00144621668071 -0.0178915295994 0.0234099553985 -0.0195270466886 -0.00249691267809 0.0221858511116 0.0301824165791 0.00321968410175 -0.0181003145352 0.0252084295303 -0.0188486305248 0.0644391388615 0.0415656175947 -0.0166575622636 0.0287776093487 -0.00638363507081 -0.000459680513259 -0.00451230225019 0.0490659129753 0.0383507205944 1.25928695601 0.0110046103447 0.0319106401039 0.00439923803519 0.00873602866186 0.0367960776646 
0.0550971973151 0.0281689889533 0.0153256074671 0.0318557973837 0.0266643269038 0.0114032541285 0.0167985807185 0.0329832912586 0.0180114494168 0.066365906697 0.0253864806756 0.03075407676 0.0794142830539 0.0284129732935 0.0162018983728 0.0417665370951 0.0302608705885 0.0351460556015 0.0127534740997 0.00635423057117 0.00475282150132 0.0144145245305 0.0434508949512 -0.000535699303732 0.0110046103447 0.185910855871 0.0226775873364 0.021284795577 0.0159301212108 0.0258210162995 
0.0968079883276 0.0288169202767 -0.000247110323901 0.0493117924354 -0.00455176475757 0.0452178492463 0.030882709965 0.0574637560274 0.0343544083243 0.0315726955629 0.00684104005709 0.0129367692775 0.0283783992661 0.0158499509766 -0.00967066080748 0.0121881854698 0.0327186053305 0.0196114853228 0.0332285240128 0.0104548800047 -0.00074719201771 0.0128090548207 0.0331273114061 0.00628863328221 0.0319106401039 0.0226775873364 0.563232724322 0.0256489959416 0.0171055279919 0.00530409462805 
0.0164108380941 0.00710479843161 0.0194627847105 0.000684186596714 -0.00711695401981 0.0135809650473 0.0214045089042 0.0183245514975 0.00254635172584 0.0206589694403 -0.0039101816436 -0.0016759923735 0.0155438542729 0.0211478401854 0.0119762115068 0.0122807049304 -0.022394884869 0.0135706217137 -0.00271612918942 0.0252021348614 0.027946848671 0.00231493682961 0.00104205755689 0.0145141381929 0.00439923803519 0.021284795577 0.0256489959416 0.211651248403 0.0260822297049 0.00761392720032 
-0.0139903746538 0.0146058552537 -0.0036116551241 0.00123079272266 0.142863339319 0.0149085863939 0.0783361480837 0.0922612305098 0.00822175954683 0.0217274475916 -0.00106891889723 0.00102812742687 0.0289379737559 0.00726097829015 0.00174608348633 0.00877939210538 -0.0131563443544 0.0059827169682 0.0151173870641 0.00433098064471 -0.00651700041814 -0.00538530572666 0.000450514235008 0.00765139518834 0.00873602866186 0.0159301212108 0.0171055279919 0.0260822297049 0.601185246866 -0.0104034894471 
-0.00317720529154 0.0419489651744 0.00439971432893 0.0568737206361 0.0340682878657 0.0144842850245 0.0187914339685 0.0105362723724 0.0140477045819 0.027710842372 0.0320751679973 0.0256306402766 0.0218104201838 0.0283114204133 0.00600827979436 0.0244264543842 0.00456896166937 0.0227371995436 0.0196975804998 0.0128528465939 0.0366469575941 0.0117166653398 0.0305599459716 0.00785896142749 0.0367960776646 0.0258210162995 0.00530409462805 0.00761392720032 -0.0104034894471 0.233759996176 
0.040491780175 0.00241430228943 -0.000320265830407 0.00156056128292 0.00445341396549 0.00331294223816 -4.62813147209e-05 0.00400603516447 0.00292035576732 0.00341499496695 0.000101931572839 0.000967636076153 0.00275288662597 0.0014829331641 0.000961868310603 0.00111911234116 -0.00232663000583 0.00252152515309 0.0132159391989 -0.000503089850848 -0.000497918926956 0.00275809564792 0.00690707077337 0.00286410436782 0.00151928791323 0.00477155725522 0.0083838177181 0.00142122026869 -0.00121160198587 -0.000275154049551 
0.00241430228943 0.0175460314032 8.07224794857e-05 0.0041110232189 0.00278204135632 -0.00173198562301 9.30856184813e-05 0.000730028434958 0.00136479717356 0.0026989497576 0.000888051769322 0.00221006572812 0.00144035468737 0.00223950620277 0.00329008101344 0.00146348443636 0.0012042431773 0.00265963783253 0.00273804968014 0.00118147171994 0.00220748937266 0.000880216072923 0.00216467450693 0.000229250901647 0.00317623121152 0.00243950600325 0.00249561850184 0.000615293593054 0.00126490416937 0.00363288695035 
-0.000320265830407 8.07224794857e-05 0.0301272417738 0.00268384378206 -0.00196472322295 -8.16615847334e-05 -0.00103588476647 -0.00101068274447 -4.207134124e-05 0.00178861151369 0.00215801928999 -0.000490943970808 0.00112011771301 6.03651026246e-05 0.000185142136121 0.00326915607615 0.00116734748565 0.00101553652671 0.0023354096469 -0.000510308340488 0.00545837371091 0.000930547951649 0.000562833637626 -0.00216934505684 -0.0004654404921 0.00132723653949 -2.14003818036e-05 0.00168552659877 -0.000312778508718 0.000381026437825 
0.00156056128292 0.0041110232189 0.00268384378206 0.0411064510068 0.000509397150994 0.000687449755181 0.00228796711817 0.00243628769856 0.000496504703999 0.00212806108046 0.00206528229025 0.00281827215528 0.00350180518562 0.00361804096129 0.00109851759648 -0.00190100039722 0.00125300515216 0.00152996263404 0.000960065738415 1.54376456133e-05 0.00298293368246 0.00149621622244 0.00197400058197 0.00260704036232 0.00102598289028 0.00275879297921 0.00427052649552 5.92522973683e-05 0.000106589776461 0.00492540868786 
0.00445341396549 0.00278204135632 -0.00196472322295 0.000509397150994 0.0324894118952 0.00263227480062 0.0014006849308 0.00140306803796 0.00283853380311 0.00219964712677 -3.30665729758e-05 0.00157170771212 0.00251110264405 0.000271064489835 0.000936262334742 0.00336274474034 0.00289080765511 0.00107544570044 0.00321939907304 0.000805027179811 0.00102495364602 0.000301661887617 0.00237655510358 0.00179272051025 -0.000125246038487 0.00230919844735 -0.000394194391211 -0.000616346297872 0.012372328112 0.00295040027552 
0.00331294223816 -0.00173198562301 -8.16615847334e-05 0.000687449755181 0.00263227480062 0.11277656788 0.00186248026841 0.000692471620791 0.0017820789991 0.00106975998018 0.00077774796357 0.000873567891453 0.00134066706509 0.00149361606161 0.000442605486254 0.00559810163523 0.000155718590624 0.00217685049153 0.00130734667638 0.000965604054295 0.00144821719708 0.00210272050925 0.00062017503863 -0.000984548090212 -0.00154945191457 0.00098755077611 0.00391598061518 0.00117614607389 0.00129112145516 0.00125437587869 
-4.62813147209e-05 9.30856184812e-05 -0.00103588476647 0.00228796711817 0.0014006849308 0.00186248026841 0.0243221741949 0.0108016116499 -0.000411877148379 0.00128490891646 0.00173637237381 0.00112354807847 0.000480178771333 0.000963173661149 0.000405807333116 0.000187338673709 0.00105599829525 -4.95195077993e-05 -0.00197944068384 0.00189840890333 0.00136097003012 0.000132397328364 0.0012222603374 0.00113028039451 0.00202736160766 0.00145479976497 0.00267452113674 0.00185368484665 0.00678410942751 0.00162738591903 
0.00400603516447 0.000730028434958 -0.00101068274447 0.00243628769856 0.00140306803796 0.000692471620791 0.0108016116499 0.0453912726673 -3.26601259813e-05 0.000637788312141 0.000284480642184 0.00118376672979 0.00211672381151 0.000518438482597 0.00151773415389 0.00248303736487 0.00363310754146 0.00122238897317 0.00270491974782 0.000991325967675 0.00171043656126 0.000130127292037 0.0023569283029 0.0037771985099 -0.00169109184932 0.00285643681304 0.00497650725166 0.00158695271098 0.00799005694059 0.000912467953571 
0.00292035576732 0.00136479717356 -4.207134124e-05 0.000496504703999 0.00283853380311 0.0017820789991 -0.000411877148379 -3.26601259813e-05 0.0139420487024 0.00255229815002 0.00100523704998 0.00114961876571 0.00209967092823 0.00150751874981 -0.00102149086081 0.0010606679921 8.83360697985e-05 5.55606633603e-07 0.00208533781508 0.000996267195339 0.000451589602818 0.00200258838947 0.00251615055782 0.00156262762824 -0.000216238981026 0.00155983727539 0.00297517903409 0.000220520528155 0.000712025263136 0.00121656690328 
0.00341499496695 0.0026989497576 0.00178861151369 0.00212806108046 0.00219964712677 0.00106975998018 0.00128490891646 0.000637788312141 0.00255229815002 0.0203601514706 0.00160406991915 0.00349281505156 0.00531642840373 0.00270892964939 0.000657919845488 0.00252996585978 0.00262230705953 0.00371382705547 0.00343729008244 0.00108636430421 -0.000358526856497 0.00329778690319 0.00319444920176 0.00105212554616 0.00192135106672 0.00574745611447 0.00273427564234 0.00178911923513 0.00188165215737 0.00239982934545 
0.000101931572839 0.000888051769322 0.00215801928999 0.00206528229025 -3.30665729758e-05 0.00077774796357 0.00173637237381 0.000284480642184 0.00100523704998 0.00160406991915 0.0213701195923 0.00111405919923 0.000879893061043 0.000509695196962 -2.74756223597e-05 -0.000150205600243 0.00445011048188 0.00019175272313 -0.000314688068221 0.000157498315108 0.00293893973166 -0.000275652494594 0.00171774695471 0.000374352029045 0.00261387395051 0.00219853371778 0.000592451447775 -0.000338631663677 -9.2571091959e-05 0.00277779103163 
0.000967636076153 0.00221006572812 -0.000490943970808 0.00281827215528 0.00157170771212 0.000873567891453 0.00112354807847 0.00118376672979 0.00114961876571 0.00349281505156 0.00111405919923 0.0157720243058 0.00283175678887 0.0022392650611 0.000998263007034 0.00167632474553 0.00195532525488 0.00129516519978 -0.000321191773158 0.00100154637967 0.001802153172 0.000474639621388 0.00206447845302 0.00233274858987 0.000278832822428 0.00266338117441 0.00112035708372 -0.0001451451972 8.90384469995e-05 0.00221967855948 
0.00275288662597 0.00144035468737 0.00112011771301 0.00350180518562 0.00251110264405 0.00134066706509 0.000480178771333 0.00211672381151 0.00209967092823 0.00531642840373 0.000879893061043 0.00283175678887 0.0153826199183 0.00237740350659 0.00255045641752 0.00157727560915 0.000643999783334 0.00252182952182 0.000676306664557 0.000715128124774 0.00049097611816 0.0023423837021 0.0035713001345 -0.000329402729634 -0.00156753322039 0.0068774786548 0.00245764146832 0.0013461372673 0.00250610204067 0.00188883779463 
0.0014829331641 0.00223950620276 6.03651026246e-05 0.00361804096129 0.000271064489835 0.00149361606161 0.000963173661149 0.000518438482597 0.00150751874981 0.00270892964939 0.000509695196962 0.0022392650611 0.00237740350659 0.0114857342633 0.00146209581413 0.000933207541012 0.00158615226124 0.00155859939712 -0.000810555166464 0.00120946444968 0.00160773318258 0.00142526722659 0.00318558800597 0.00140246044649 0.00218311403628 0.00246063566692 0.00137264601945 0.00183145668357 0.00062881916556 0.00245184092951 
0.000961868310603 0.00329008101344 0.000185142136121 0.00109851759648 0.000936262334742 0.000442605486254 0.000405807333116 0.00151773415389 -0.00102149086081 0.000657919845488 -2.74756223597e-05 0.000998263007034 0.00255045641752 0.00146209581413 0.025334653407 0.00186859246345 -0.00182458985004 -0.000327431746426 0.00268166459363 0.000750903184737 -0.000122117267969 0.00152707672376 0.00113032299729 0.00362599150771 -0.0016323392861 0.00140312555804 -0.000837503793066 0.0010371703406 0.000151215265629 0.000520332293496 
0.00111911234116 0.00146348443636 0.00326915607615 -0.00190100039722 0.00336274474034 0.00559810163523 0.000187338673709 0.00248303736487 0.0010606679921 0.00252996585978 -0.000150205600243 0.00167632474553 0.00157727560915 0.000933207541012 0.00186859246345 0.0306479111639 0.000772576514155 0.00134225552923 0.00127908732065 0.00113695529312 0.00138106481093 0.00149706991315 0.000531564366522 0.00120062541508 0.00558059312521 0.00361708821525 0.00105552782429 0.00106354024461 0.000760317659304 0.00211539300211 
-0.00232663000583 0.0012042431773 0.00116734748565 0.00125300515216 0.00289080765511 0.000155718590624 0.00105599829525 0.00363310754146 8.83360697985e-05 0.00262230705953 0.00445011048188 0.00195532525488 0.000643999783334 0.00158615226124 -0.00182458985004 0.000772576514155 0.0326191341591 0.000937151220731 -0.00216003027767 -0.000222265130685 0.000205060502586 -0.000398013290071 0.00179458280314 0.00142287942142 0.0035996880761 0.00262066826703 0.00283351433926 -0.00193945392114 -0.00113937284318 0.000395683687459 
0.00252152515309 0.00265963783253 0.00101553652671 0.00152996263404 0.00107544570044 0.00217685049153 -4.95195077993e-05 0.00122238897317 5.55606633569e-07 0.00371382705547 0.00019175272313 0.00129516519978 0.00252182952182 0.00155859939712 -0.000327431746426 0.00134225552923 0.000937151220731 0.0246787878801 0.00499846033784 0.000830111511365 0.00223868494935 0.000586810826368 0.00125943500084 0.00073332807111 -0.00144258720854 0.00304373769937 0.00169840444955 0.00117525031492 0.000518118487811 0.00196909924156 
0.0132159391989 0.00273804968014 0.0023354096469 0.000960065738415 0.00321939907304 0.00130734667638 -0.00197944068384 0.00270491974782 0.00208533781508 0.00343729008244 -0.000314688068221 -0.000321191773158 0.000676306664557 -0.000810555166464 0.00268166459363 0.00127908732065 -0.00216003027767 0.00499846033784 0.0342701864664 -0.00212623330109 -0.00161074171286 0.000933618181199 0.00333834947361 0.00152630045756 0.00249221407561 0.00110448325569 0.00287767459254 -0.0002352236878 0.00130920412363 0.00170586051059 
-0.000503089850848 0.00118147171994 -0.000510308340488 1.54376456133e-05 0.000805027179811 0.000965604054295 0.00189840890333 0.000991325967675 0.000996267195339 0.00108636430421 0.000157498315108 0.00100154637967 0.000715128124774 0.00120946444968 0.000750903184737 0.00113695529312 -0.000222265130685 0.000830111511365 -0.00212623330109 0.0141021799049 0.000903221059383 0.00137447890151 0.000410476016912 0.000635186300131 -0.000552839013981 0.000550292509614 0.000905419167758 0.00218256890196 0.000375073926162 0.00111308916613 
-0.000497918926956 0.00220748937266 0.00545837371091 0.00298293368246 0.00102495364602 0.00144821719708 0.00136097003012 0.00171043656126 0.000451589602818 -0.000358526856497 0.00293893973166 0.001802153172 0.00049097611816 0.00160773318258 -0.000122117267969 0.00138106481093 0.000205060502586 0.00223868494935 -0.00161074171286 0.000903221059383 0.043507807216 0.000455224129695 0.00157978545954 0.00124082712493 -3.98095002107e-05 0.000411606415979 -6.47087268842e-05 0.00242026809048 -0.000564388791859 0.00317371962479 
0.00275809564792 0.000880216072923 0.000930547951649 0.00149621622244 0.000301661887617 0.00210272050925 0.000132397328364 0.000130127292037 0.00200258838947 0.00329778690319 -0.000275652494594 0.000474639621388 0.0023423837021 0.00142526722659 0.00152707672376 0.00149706991315 -0.000398013290071 0.000586810826368 0.000933618181199 0.00137447890151 0.000455224129695 0.0252670268105 0.00211830548174 3.20591255268e-05 -0.000390776837822 0.00124833444269 0.00110929668732 0.00020047941026 -0.000466381156643 0.00101469298319 
0.00690707077337 0.00216467450693 0.000562833637626 0.00197400058197 0.00237655510358 0.00062017503863 0.0012222603374 0.0023569283029 0.00251615055782 0.00319444920176 0.00171774695471 0.00206447845302 0.0035713001345 0.00318558800597 0.00113032299729 0.000531564366522 0.00179458280314 0.00125943500084 0.00333834947361 0.000410476016912 0.00157978545954 0.00211830548174 0.0167741695804 -0.00019517219156 0.00424923270965 0.00376295788449 0.00286890932368 9.02448316472e-05 3.90156772284e-05 0.00264656895497 
0.00286410436782 0.000229250901647 -0.00216934505684 0.00260704036232 0.00179272051025 -0.000984548090212 0.00113028039451 0.0037771985099 0.00156262762824 0.00105212554616 0.000374352029045 0.00233274858987 -0.000329402729634 0.00140246044649 0.00362599150771 0.00120062541508 0.00142287942142 0.00073332807111 0.00152630045756 0.000635186300131 0.00124082712493 3.20591255268e-05 -0.00019517219156 0.0442553474463 0.00332126982882 -4.63929205822e-05 0.000544611617747 0.00125696123891 0.000662630260749 0.000680606024357 
0.00151928791323 0.00317623121152 -0.0004654404921 0.00102598289028 -0.000125246038487 -0.00154945191457 0.00202736160766 -0.00169109184932 -0.000216238981026 0.00192135106672 0.00261387395051 0.000278832822428 -0.00156753322039 0.00218311403628 -0.0016323392861 0.00558059312521 0.0035996880761 -0.00144258720854 0.00249221407561 -0.000552839013981 -3.98095002107e-05 -0.000390776837822 0.00424923270965 0.00332126982882 0.109057449456 0.000953027211725 0.0027635424981 0.000380985189577 0.000756562274936 0.00318663380172 
0.00477155725522 0.00243950600325 0.00132723653949 0.00275879297921 0.00230919844735 0.00098755077611 0.00145479976497 0.00285643681304 0.00155983727539 0.00574745611448 0.00219853371778 0.00266338117441 0.0068774786548 0.00246063566692 0.00140312555804 0.00361708821525 0.00262066826703 0.00304373769937 0.00110448325569 0.000550292509614 0.000411606415979 0.00124833444269 0.00376295788449 -4.63929205822e-05 0.000953027211725 0.0161003524024 0.00196393667299 0.0018433173684 0.00137958896539 0.00223616560669 
0.0083838177181 0.00249561850184 -2.14003818036e-05 0.00427052649552 -0.000394194391211 0.00391598061518 0.00267452113674 0.00497650725166 0.00297517903409 0.00273427564234 0.000592451447775 0.00112035708372 0.00245764146832 0.00137264601945 -0.000837503793066 0.00105552782429 0.00283351433926 0.00169840444955 0.00287767459254 0.000905419167758 -6.47087268842e-05 0.00110929668732 0.00286890932368 0.000544611617747 0.0027635424981 0.00196393667299 0.0487773847506 0.0022212682067 0.00148138217862 0.000459348069197 
0.00142122026869 0.000615293593054 0.00168552659877 5.92522973683e-05 -0.000616346297872 0.00117614607389 0.00185368484665 0.00158695271098 0.000220520528155 0.00178911923513 -0.000338631663677 -0.0001451451972 0.0013461372673 0.00183145668357 0.0010371703406 0.00106354024461 -0.00193945392114 0.00117525031492 -0.0002352236878 0.00218256890196 0.00242026809048 0.00020047941026 9.02448316472e-05 0.00125696123891 0.000380985189577 0.0018433173684 0.0022212682067 0.018329535786 0.00225878735118 0.000659385437805 
-0.00121160198587 0.00126490416937 -0.000312778508718 0.000106589776461 0.012372328112 0.00129112145516 0.00678410942751 0.00799005694059 0.000712025263136 0.00188165215737 -9.25710919589e-05 8.90384469995e-05 0.00250610204067 0.00062881916556 0.000151215265629 0.000760317659304 -0.00113937284318 0.000518118487811 0.00130920412363 0.000375073926162 -0.000564388791859 -0.000466381156643 3.90156772284e-05 0.000662630260749 0.000756562274936 0.00137958896539 0.00148138217862 0.00225878735118 0.0520641696167 -0.000900968614923 
-0.000275154049551 0.00363288695035 0.000381026437825 0.00492540868786 0.00295040027552 0.00125437587869 0.00162738591903 0.000912467953571 0.00121656690328 0.00239982934545 0.00277779103163 0.00221967855948 0.00188883779463 0.00245184092951 0.000520332293496 0.00211539300211 0.000395683687459 0.00196909924156 0.00170586051059 0.00111308916613 0.00317371962479 0.00101469298319 0.00264656895496 0.000680606024357 0.00318663380172 0.00223616560669 0.000459348069197 0.000659385437805 -0.000900968614923 0.0202442095077 

['MRO', 'CTAS', 'STZ', 'MBI', 'AES', 'HUM', 'LLTC', 'NSM', 'XEL', 'PCL', 'AT', 'CBSS', 'EQR', 'BAC', 'SYY', 'SYMC', 'BSX', 'BMS', 'NBR', 'SLE', 'AW', 'MO', 'GAS', 'PKI', 'CSC', 'PSA', 'GILD', 'BMY', 'IGT', 'STA']