50
0.00535997805058 0.275152850517 0.0367129888202 0.0723241103927 0.103166553638 0.20394989535 0.0450347688147 0.18030920859 0.0431320253577 0.0472299451056 0.0445346556631 0.00787829448736 0.00413185853021 0.0121413644826 0.112278324126 0.0566217234647 0.0461662895592 0.0431815223905 0.0913653440874 0.100220943784 0.0335790413719 0.0493934577213 0.0453963667668 0.0723841835345 0.0385950792128 0.106356452037 0.28152338764 0.0998681056981 0.00792878112812 0.176756138136 0.0729384759615 0.0526772687529 0.282509070746 0.0336878097659 0.135547989167 0.067616439087 0.0887704215167 0.330982708656 0.0203567883068 0.00633581846688 0.0160420823192 0.00859756350963 0.00238062118955 0.0485945029431 0.0328492958576 0.168192385625 0.0665048210348 0.0413132452317 0.0328562524986 0.0617018630506 
0.114553531842 0.0125242437631 0.0145196450386 0.00683726177326 0.00353389147856 0.0223475582756 0.0469306386063 0.00857133568138 0.00618900656547 0.0172151500517 0.0162127086572 0.00212286435369 0.053140952775 0.0287961611908 0.0132704802979 0.0259209952528 0.0102243412849 0.00898517093132 0.0129099960011 0.00831206986255 0.000957483609801 0.00820513414722 -0.00975754062722 0.0119393148702 0.00761350329598 0.0274876324362 -0.00514311645044 0.0222613768688 0.015982645905 0.0313952660172 0.0153834868462 0.00332553550566 0.0275119590772 0.0145185532035 0.00261910699536 0.014307636571 0.0243065759218 0.00258790924453 -0.00370233006404 0.00255085172054 0.0196551491571 0.0153628743413 0.0461971327622 0.0105919701865 0.0090466908441 0.00678183381473 0.0192553799309 0.0168384421625 0.0145084752966 0.0110270162386 
0.0125242437631 2.716058167 0.0154664297641 -0.0236794805858 -0.00859658598895 0.0576840359988 -0.0134981394597 0.0139287140759 -0.0289345841202 -0.0263380639888 0.00327722288379 -0.00343283028658 0.00772478894414 -0.0212524365567 0.0371497185072 0.00361149532439 -0.0235331177862 -0.0126049064348 -0.0193315129445 -0.00184149928099 -0.0118575019758 -0.00258927126773 -0.00468589164551 -0.0281870821706 0.0167845453661 -0.0450190910083 -0.0302593890642 0.00203534692695 -0.0335602847108 -0.0211651250104 -0.0233240679922 -0.000926317270816 0.00900141255017 0.00439622882287 -0.0132221012307 -0.0581583398422 -0.0418950628375 -0.0458874822366 -0.0156009097249 -0.0095054530117 -0.00126984479706 -0.00830235241951 -0.00944693965583 0.000134646163152 -0.0267591996175 -0.0139857867853 -0.0151257764989 0.000330839641598 -0.0317097969256 -0.0360214833975 
0.0145196450386 0.0154664297641 0.26533670035 0.03885868348 0.0139742892202 0.0177251886202 0.0024120703149 0.00623132428084 0.0399787559052 0.0357941847075 0.01514395314 0.0195636444867 0.0153499989976 0.019600968773 0.0254324773795 0.0122192983834 0.0340435244305 0.011058779411 0.0600452361542 0.026038918723 0.0273239387806 0.0167910664892 0.0168514193262 0.0364055225174 0.0146149810305 0.0163515976115 -0.00719534452964 0.0122581926569 7.02084488807e-05 0.0691468772084 0.0209605271051 0.023002490563 0.00745706865484 0.0606570101516 0.0113262106362 0.0226514095902 0.0270971691842 -0.00881792226839 0.0253267131566 0.0461435465174 0.0319284380693 0.024316801262 0.017131594919 0.0239627172643 0.0229732156441 -0.00978590637082 0.015509007102 0.0111216372373 0.0599774405992 0.0133946934983 
0.00683726177326 -0.0236794805858 0.03885868348 0.364575877291 -0.0297603062561 0.00209530274215 0.00262971933148 0.0246431416248 0.0362787116644 0.00390895822025 0.0367657372714 0.0173914584448 0.0044465395187 0.00720260571752 0.0368298036108 0.0150441039544 0.0297707958372 -0.00403761825473 0.0561539299668 0.030249150451 0.00111647215519 0.0099660157363 -0.00717814389678 0.000601507313165 0.0239119523592 0.0500873599094 0.0393460449821 0.0114091850341 -0.00402334349313 0.0103798228319 0.0232122225153 0.0221167766748 0.054328529706 0.0225018012118 0.0406617137611 0.0266519705457 -0.006377143934 0.0205699487718 0.00512505404696 0.01056471953 0.0198911125569 0.0133065373392 0.0155710835949 -0.00694000901062 0.0104628505522 0.0105197310782 0.02394571893 0.0203852382523 0.00409278675441 -0.0216986790782 
0.00353389147856 -0.00859658598895 0.0139742892202 -0.0297603062561 0.368714028508 -0.0266175750629 0.00306333678287 0.0144729579157 0.000939399314399 0.0305469071646 -0.00204168384338 0.00653738962965 0.0132320918076 -0.00907021793699 0.00146475553948 0.0126051806313 0.00109335636073 0.00708651766001 0.0439064631859 -0.0514662290719 0.0102174110998 0.00662080374958 0.0263716788679 0.012784683094 0.006290025291 -0.012769843942 -0.00354222533074 0.0420683844593 0.00717205813835 0.0107576951639 0.0185778507449 0.0137776244641 0.00683850722299 0.026783825984 0.0239701087575 0.0255868588829 0.0287169838594 0.0521756452974 -0.00596823631053 0.0242285530135 0.0301802466394 0.0175941990631 2.19781301435e-06 0.0116998418518 0.0287846399835 0.00700625075095 0.0195194351146 0.00311354972589 0.00944081798701 0.020485409114 
0.0223475582756 0.0576840359988 0.0177251886202 0.00209530274215 -0.0266175750629 0.733293302273 0.0301535972698 -0.0360903299913 0.0187702431089 0.0155759245448 0.0601940465892 -0.00151401390891 0.0362239145017 0.0164871213911 -0.00612235741519 0.022501041914 -0.00238528647872 0.0233097677702 0.103764084844 0.013051818273 -0.0142309745368 -0.0132957066127 0.0338962233264 0.0109054928975 0.00565542425922 0.18841903395 -0.0221400339395 0.0259958598301 0.0452744114989 0.0351718642865 0.00716330788623 0.0536231812824 0.0418709731143 0.0190546767266 -0.0312400505725 0.014268773239 -0.00183927317927 0.013749162478 -0.0211484472603 0.00555214846057 -0.000334709989595 0.00805963837029 0.0167322191143 0.00899169212719 0.0206884891793 0.0040019461751 -0.0186819912012 0.00479840386737 0.0296083053588 0.0206081636359 
0.0469306386063 -0.0134981394597 0.0024120703149 0.00262971933148 0.00306333678287 0.0301535972698 0.188322459554 0.0528787262117 0.00516468574067 0.0105115843684 0.00569135593313 -0.00327712109843 0.0525707549651 0.0340088588144 0.0114449662741 0.020928809498 0.00804951092188 0.00666859063694 0.0147144779719 0.00209954559043 -0.0065695853993 0.0123302191039 0.00486953030127 -0.00126881973748 0.0183070578277 0.0255987931652 0.0103068267248 0.00712074606041 0.00907920160508 0.0187233471578 0.0150602560099 0.0019644380688 -0.0146297895767 -0.000294263261085 -0.0246541207461 0.0157069316561 0.0210523310699 0.0246370782483 -0.0113604284053 -0.0163479213978 0.0190732047551 0.00859656418014 0.0463618980427 0.0140386248111 0.00644111186598 0.00498515066163 -0.00512791575934 -0.00225281305086 -0.00576225108073 0.0089027304892 
0.00857133568138 0.0139287140759 0.00623132428084 0.0246431416248 0.0144729579157 -0.0360903299913 0.0528787262117 0.974017600106 0.0343644746208 0.00195052418504 0.00499673334737 0.00288849655818 0.0299739743564 -0.024456724324 0.0336781511524 0.0187866410646 0.0137712372993 0.0199248068849 0.0158153669422 -0.0109229013596 0.00292681412771 0.0186037810984 0.0313243404027 -0.00373306926674 0.0190287588836 0.034197873021 -0.0299986748619 0.0381902723512 0.028181756121 0.00700360293417 0.000425385698564 -0.00362396886411 0.0330961050225 0.0412258437804 0.0193523505612 0.0183704058226 0.0134345112768 0.0495894046773 0.0125598597265 0.0100983751125 0.00939687209443 0.0169398049138 0.0203102335613 0.0386446106523 0.0189640397036 0.0102384255368 0.0205133320095 0.011226137966 0.0492532880798 0.0168413533808 
0.00618900656547 -0.0289345841202 0.0399787559052 0.0362787116644 0.0009393993144 0.0187702431089 0.00516468574066 0.0343644746208 0.377484181801 0.0275136115629 0.0359253723199 0.0265414267091 -0.00741231724805 0.0422378609286 0.0127286942703 0.0338014983052 0.0373599469774 0.0365529915864 0.0355131597651 -0.0099788797654 0.0250599691236 0.0120565311193 0.0138424967368 -0.00835976566903 0.00695959415191 0.0274495285518 0.0216941897814 0.0325738415489 0.00258304153528 0.028963000127 0.00281445924935 0.0256998083107 -0.0162010397881 0.0668297538706 0.00400908230699 0.018591545354 0.0358953541377 -0.00498602563867 0.0457411183062 0.0134950823143 0.0372861404654 0.00409594925004 0.0114238695994 0.044975239427 0.0250009416494 0.00266945876277 0.0316582308411 0.0404199991201 0.0311248370969 0.0237150605539 
0.0172151500517 -0.0263380639888 0.0357941847075 0.00390895822025 0.0305469071646 0.0155759245448 0.0105115843684 0.00195052418504 0.0275136115629 0.249667064173 -0.00729969388425 0.0107803226856 0.0134732476021 0.0228438884269 0.0165593111202 0.032021583724 0.0550239160834 0.0116152503214 0.0376939200286 0.0190465952725 0.0047060656355 0.0255874185378 -0.00196400182484 -9.66074128363e-05 0.0139647831104 0.010714902098 0.0380625263698 0.00522067151965 -0.00409576591313 0.00973882372141 -0.0207180178151 0.0195347855094 0.0136937611921 0.0501097661577 -0.0289622546045 0.0186310495692 0.0957679032558 0.0166650724003 0.00373070061486 0.0128093235781 0.0254173683113 0.0371515944293 0.0132696408096 0.00734101833292 0.0299382819552 -0.0146168102501 0.0430602210503 0.0102453347524 0.0164140266931 0.0618875815873 
0.0162127086572 0.00327722288379 0.01514395314 0.0367657372714 -0.00204168384337 0.0601940465892 0.00569135593313 0.00499673334737 0.0359253723199 -0.00729969388425 0.611597189104 0.00337331127987 0.03113752506 -0.00294407645683 -0.0299479427329 0.0513801623618 0.0311064123669 -0.0194374417634 0.0226224434894 0.00508376649127 0.00621974909701 -0.00431441538217 -0.00726101551705 -0.0298005799122 0.0125946348642 0.0721692573161 0.0509835693125 0.0201265237224 0.0218640683053 -0.0132572926137 0.0178709142297 0.0314290823517 0.0543078781447 0.016969094439 0.0229663741656 0.0348344456228 -0.00074743394355 0.0172584352128 0.014194281005 -0.00787085648004 0.0302464990763 -0.0176150452348 0.0147012996724 0.0205869046771 -0.00337891511424 0.00269707851235 0.0338371359693 0.024173756439 -0.00552830447447 -0.000701783911023 
0.00212286435369 -0.00343283028658 0.0195636444867 0.0173914584448 0.00653738962965 -0.00151401390891 -0.00327712109844 0.00288849655818 0.0265414267091 0.0107803226856 0.00337331127987 0.148561634919 0.00234402434824 0.00641637062132 -0.00841064368774 0.0138484046611 0.0386867357836 0.0144693090322 0.0212906438763 0.0179623324601 -0.000375599463423 0.0234950407272 0.0165491417033 -0.00148958035792 -0.00861065304555 0.00110312794421 -0.00252148843833 0.01845772488 -0.00853479403093 -0.00514935669547 -0.0142540401456 0.00395040207353 -0.0210027682388 0.00223820678313 -0.0058590858902 0.00483929854355 0.00445171489189 -0.00909642964237 -0.0065076013977 0.0158113983428 0.0084941787401 0.00509616791298 0.0111551529632 0.0104837957605 0.00665352946356 0.0247610026451 0.00251159133958 0.0179523977425 0.000127432959316 -0.00849992750254 
0.053140952775 0.00772478894414 0.0153499989976 0.0044465395187 0.0132320918076 0.0362239145017 0.0525707549651 0.0299739743564 -0.00741231724805 0.0134732476021 0.03113752506 0.00234402434824 0.166827653004 0.0108436351269 0.0155813661526 0.0249592055195 0.0113673114329 0.0152872337084 0.0222393619539 -0.000770996542891 0.015997111003 0.0184207929426 -0.0280884047706 0.023158229578 0.00518733872042 0.0282538765086 -0.014142350042 0.0211692335551 0.00483126924073 0.0172665666852 0.021468374049 0.016552982268 0.0677548283029 0.00816036388632 -0.00720821081744 0.0233543878823 0.0151222510379 0.000299227515407 0.0059469964669 -0.00492023886882 0.0154068841956 0.016834590716 0.045128388294 0.00884838648544 0.00361643945138 0.0144235118306 0.00911381681304 0.0115459716312 0.0172968634917 -0.00280844914219 
0.0287961611908 -0.0212524365567 0.019600968773 0.00720260571752 -0.00907021793699 0.0164871213911 0.0340088588144 -0.024456724324 0.0422378609286 0.0228438884269 -0.00294407645684 0.00641637062132 0.0108436351269 0.257081331362 -0.0107223987099 0.0132603968408 -0.00487214402425 0.00893718061256 0.0152250566248 0.00464582288819 -0.00101871154557 -0.00018427445977 -0.000832972311935 0.0200940550032 0.0152206478175 -0.0033044712384 -0.0110984619486 0.0210386640276 0.017424014186 0.0053664510117 0.0243996820966 0.010886187293 0.00179594548945 0.0137525581996 -0.00789765868085 0.0342466242144 0.0393057905333 -0.0108565088015 0.00805683341206 0.0132913831207 0.00886864617406 0.0103678084857 0.0266929655702 0.0104606107837 0.0143872505766 -0.00435506052673 0.0186010801248 0.0161313074158 -0.0144256623167 0.00635144296786 
0.0132704802979 0.0371497185072 0.0254324773795 0.0368298036108 0.00146475553948 -0.00612235741519 0.0114449662741 0.0336781511524 0.0127286942703 0.0165593111202 -0.0299479427329 -0.00841064368774 0.0155813661526 -0.0107223987099 0.231920327963 0.0102687026369 0.0275179801912 0.0154542781259 -0.0162415573169 -0.00619285586407 0.00782340760369 0.0194867816036 0.0157257170687 0.0362374486277 0.0166110947968 0.00893442547473 -0.00897846238365 0.0102582013587 0.00841837901555 -0.0131549279077 0.047636025783 0.0076897229019 0.0921834670647 0.0248420241716 0.0219731301803 0.0227567423825 0.0136855938419 0.0383446349554 0.0194076009214 0.0335892025633 0.0256586159854 0.0333574868253 0.0130590965248 0.0205430209563 0.0311309321782 -0.0116982838825 0.0369859928519 0.00770069603601 0.0170082837886 0.0177308565583 
0.0259209952528 0.00361149532439 0.0122192983834 0.0150441039544 0.0126051806313 0.022501041914 0.020928809498 0.0187866410646 0.0338014983052 0.032021583724 0.0513801623618 0.0138484046611 0.0249592055196 0.0132603968408 0.0102687026369 0.172216719174 0.0136617810595 0.0162498793962 0.027684943327 0.0480618383665 0.00898322781129 0.0239501386091 -0.00120665977915 0.0147909097024 0.0075831204509 0.0580026809031 -0.0108779247172 0.0338093484798 0.00761908048653 0.0196204624229 0.0164957369057 0.00756385130642 0.030545276614 0.0314448474525 -0.0113815067723 0.0359499097962 0.0351020708551 0.00394544335124 0.0198775736213 0.00958176916029 0.0276922896028 0.0276814478591 0.0248939588723 0.0252030338102 0.0221722710146 0.0355331262379 0.028047341434 0.00483531598662 0.0114123992849 0.0229755088345 
0.0102243412849 -0.0235331177862 0.0340435244305 0.0297707958372 0.00109335636073 -0.00238528647872 0.00804951092188 0.0137712372993 0.0373599469774 0.0550239160834 0.0311064123669 0.0386867357836 0.0113673114329 -0.00487214402425 0.0275179801912 0.0136617810595 0.336670284003 0.0314529271126 0.0208852522675 0.0189641786446 -0.000769323893914 0.0220166478473 0.0175076436324 0.0241174630713 0.0251580951293 0.00909845203767 -0.0157561451594 0.00479411380683 0.0123094440267 0.0114828476923 0.0252679418886 0.0220175210345 0.00525913989188 0.0450161160114 0.018874396638 0.0246447191887 0.0127811311744 0.00458326094815 0.0254443687192 0.00916497981947 0.013191374457 0.0265535199339 0.0107827338184 0.013767761441 0.011548881847 -0.0246992655296 0.00469777652657 0.0187492467044 0.0175074648954 0.0365776416283 
0.00898517093132 -0.0126049064348 0.011058779411 -0.00403761825474 0.00708651766001 0.0233097677702 0.00666859063694 0.0199248068849 0.0365529915864 0.0116152503214 -0.0194374417634 0.0144693090322 0.0152872337084 0.00893718061256 0.0154542781259 0.0162498793962 0.0314529271126 0.198981485424 0.0240956854368 0.0473715565269 0.0322522233506 0.00931560031472 -0.00959621829317 0.0226670517289 0.0125337150228 0.0163396603499 -0.012090834801 0.0248521956986 0.0174660124185 -0.0203475121444 0.00955168961324 0.0233541910076 0.0230707289984 0.0154461674837 0.0253032558577 0.0208346949535 -0.00162984613741 0.0133232325678 0.0151078584294 0.0113930482852 0.0245266438811 0.0115724248649 0.0101906832682 0.00543462076485 0.0171783857382 0.0181943677404 -0.00415339400052 -0.00356062907639 0.00314470891784 0.0121975401042 
0.0129099960011 -0.0193315129445 0.0600452361542 0.0561539299668 0.0439064631859 0.103764084844 0.0147144779719 0.0158153669422 0.0355131597651 0.0376939200286 0.0226224434894 0.0212906438763 0.0222393619539 0.0152250566248 -0.0162415573169 0.027684943327 0.0208852522675 0.0240956854368 0.348193905313 0.0125751801835 0.0244632537651 -0.000380803089326 -0.00300136713834 -0.000702133246239 0.0410237473983 0.0346032988928 0.014685062465 0.000249793879501 0.0187979050726 0.0173581004738 0.018525428464 0.0115689365975 0.0183487704897 0.0575418599827 -0.000116650351301 0.023885590946 0.0295615934272 0.0298785808127 0.0132705873116 0.0471964776996 0.0258722872257 0.0206942440204 0.0184334301576 0.0159901956934 0.046183449732 0.0254589102591 0.0214112898486 0.016918822952 0.00467655435301 -0.000927590364985 
0.00831206986255 -0.00184149928099 0.026038918723 0.030249150451 -0.0514662290719 0.013051818273 0.00209954559043 -0.0109229013596 -0.0099788797654 0.0190465952725 0.00508376649127 0.0179623324601 -0.000770996542891 0.00464582288819 -0.00619285586407 0.0480618383665 0.0189641786446 0.0473715565269 0.0125751801835 1.10347459376 0.00238967502523 -0.00218431371844 0.0016708009425 0.0376993311758 0.0349856659373 0.108729041902 0.0180013807179 0.0302600671848 -0.0237941067454 -0.0224961004457 -0.00429620217601 0.0148427324024 -0.0234014054165 0.0147395293637 0.0013550351487 -0.00976306202677 0.033929359412 -0.0133212443014 0.0211190699783 0.0308512890832 0.00452271176403 -0.0108868397316 0.0236259006773 0.0106305643875 0.00977583609851 -0.0311404982458 -0.024774276753 -0.0029358799667 0.000461620957791 0.103502066505 
0.000957483609802 -0.0118575019758 0.0273239387806 0.00111647215519 0.0102174110998 -0.0142309745368 -0.00656958539929 0.00292681412771 0.0250599691236 0.00470606563549 0.00621974909701 -0.000375599463422 0.015997111003 -0.00101871154557 0.00782340760369 0.00898322781129 -0.000769323893914 0.0322522233506 0.0244632537651 0.00238967502523 0.242592824353 0.014252863444 -0.00451208388244 0.0224680710191 0.0141278724748 -0.000471463802338 -0.00377621266254 0.0142149461448 0.000433498061524 0.0184120185657 0.0264672856488 0.0082189135376 0.00874200595128 0.0236607542798 0.00952463140561 0.000935480456892 0.00938665756424 0.0137608751536 -0.000753648379028 0.0235383595507 0.00754259623212 0.0202511738522 0.0137096730751 0.0069580649044 0.0259566887575 -0.0246910343462 0.0025242036373 0.000625611677547 0.0303600812187 0.0104868411808 
0.00820513414722 -0.00258927126773 0.0167910664892 0.0099660157363 0.00662080374958 -0.0132957066127 0.0123302191039 0.0186037810984 0.0120565311193 0.0255874185378 -0.00431441538217 0.0234950407272 0.0184207929426 -0.000184274459769 0.0194867816036 0.0239501386091 0.0220166478473 0.00931560031471 -0.000380803089326 -0.00218431371844 0.014252863444 0.156664749958 0.000559685843834 0.0176338428674 0.0262684260897 0.0136078929605 0.0226938896453 0.0117466085264 0.0147381016373 0.0251161771048 0.0265788124443 0.0142868772656 -0.00654292473645 0.0192227118207 -0.0064676690649 0.00762631884629 0.0141373112255 0.0240805984407 0.00861064610797 0.00565660764676 0.0328244427868 0.0111797180216 0.00491967747198 0.0268554369585 0.0160393312141 0.0273515139788 0.02691705068 0.0261682844502 0.024281130099 0.0191496294265 
-0.00975754062722 -0.00468589164551 0.0168514193262 -0.00717814389678 0.0263716788679 0.0338962233264 0.00486953030127 0.0313243404027 0.0138424967368 -0.00196400182485 -0.00726101551705 0.0165491417033 -0.0280884047706 -0.000832972311935 0.0157257170687 -0.00120665977915 0.0175076436324 -0.00959621829317 -0.00300136713834 0.0016708009425 -0.00451208388244 0.000559685843835 0.364701403924 -0.007090477912 0.020120712107 0.0139246566487 -0.0221680942896 -0.00382355470904 0.0464707463489 0.00310133425918 0.00159863287322 -0.0115761692525 0.0180421024617 0.0146759529052 -0.0166085448791 0.0150785569595 0.0257048071252 -0.0291567329643 0.0115237359561 0.0108690824415 -0.0133694848012 -0.0128616327569 0.000107199187677 0.00906165046022 0.00837819625318 -0.0166390496362 0.00705022000215 0.0120005656506 0.0149489284112 0.0163711116266 
0.0119393148702 -0.0281870821706 0.0364055225174 0.000601507313164 0.012784683094 0.0109054928975 -0.00126881973748 -0.00373306926674 -0.00835976566903 -9.66074128354e-05 -0.0298005799122 -0.00148958035792 0.023158229578 0.0200940550032 0.0362374486277 0.0147909097024 0.0241174630713 0.0226670517289 -0.000702133246238 0.0376993311758 0.0224680710191 0.0176338428674 -0.007090477912 0.323191646589 0.0224502839732 0.078896274355 -0.00869871350181 0.0100449313708 0.0136188107832 0.0586916050569 -0.00973004585186 0.0156717974528 0.0576605511138 0.015297348928 0.0233551101975 0.0326274406477 0.0222190307475 0.00873787355043 0.00384462991529 -0.00352967753465 0.0260282961471 0.013863722048 0.0167617053607 0.014081890305 0.00221774178135 0.00298008064703 0.0170371914042 -0.00510698941289 0.0357574367304 0.0236271095448 
0.00761350329599 0.0167845453661 0.0146149810305 0.0239119523592 0.006290025291 0.00565542425922 0.0183070578277 0.0190287588836 0.0069595941519 0.0139647831104 0.0125946348642 -0.00861065304555 0.00518733872042 0.0152206478175 0.0166110947968 0.0075831204509 0.0251580951293 0.0125337150228 0.0410237473983 0.0349856659373 0.0141278724748 0.0262684260897 0.020120712107 0.0224502839732 0.186593921605 0.0395676881984 -0.00803623741885 0.00283055672251 0.00744242615425 0.027520173073 0.0246407047505 0.0286204306026 0.0133743800023 0.0514070213633 0.00684941886586 0.0151714104521 0.030902215752 0.0410301740397 0.00634818523485 0.00527405094772 0.0426625763129 0.012972307183 0.015786922572 0.0206029099193 0.0309037792284 0.0106678438738 0.0329266580061 0.0236349614509 0.00490667629042 0.024058249505 
0.0274876324362 -0.0450190910083 0.0163515976115 0.0500873599094 -0.012769843942 0.18841903395 0.0255987931652 0.034197873021 0.0274495285518 0.010714902098 0.0721692573161 0.00110312794421 0.0282538765086 -0.0033044712384 0.00893442547473 0.0580026809031 0.00909845203767 0.0163396603499 0.0346032988928 0.108729041902 -0.000471463802336 0.0136078929605 0.0139246566487 0.078896274355 0.0395676881984 0.485040755783 -0.0367639017358 0.00182834546152 0.0109672308935 0.00967931048247 0.00203478933065 0.0315249174021 0.0516361407058 0.0343246116709 -0.000704482730935 -0.00185048076786 0.0211769187156 0.0456565024512 -0.00934283474429 0.00912997485475 0.0220577839279 -0.00604460597699 0.0308013447474 -0.000968911327424 0.0180802080555 -0.0115164960142 -0.00491785579498 -0.00114388030711 0.049551834699 0.0170900528962 
-0.00514311645044 -0.0302593890642 -0.00719534452964 0.0393460449821 -0.00354222533074 -0.0221400339395 0.0103068267248 -0.0299986748619 0.0216941897814 0.0380625263698 0.0509835693125 -0.00252148843833 -0.014142350042 -0.0110984619486 -0.00897846238365 -0.0108779247172 -0.0157561451594 -0.012090834801 0.014685062465 0.0180013807179 -0.00377621266254 0.0226938896453 -0.0221680942896 -0.00869871350181 -0.00803623741885 -0.0367639017358 1.93138563477 -0.00365257569602 -0.028673251195 -0.0227079144776 -0.0364213486196 -0.021654425418 -0.03826712316 -0.0208091626988 -0.0155394951015 0.00503064931025 0.0665144678582 0.0331253853306 0.0155594658584 -0.0655297107708 0.00802724533805 -0.0290162021351 -0.00172203464415 0.00147802316795 -0.0186205060202 0.0444525195455 0.00889528420241 0.00132357864373 -0.00504602857684 0.0139723713652 
0.0222613768688 0.00203534692695 0.0122581926569 0.0114091850341 0.0420683844593 0.0259958598301 0.00712074606041 0.0381902723512 0.0325738415489 0.00522067151965 0.0201265237224 0.01845772488 0.0211692335551 0.0210386640276 0.0102582013587 0.0338093484798 0.00479411380683 0.0248521956986 0.000249793879503 0.0302600671848 0.0142149461448 0.0117466085264 -0.00382355470904 0.0100449313708 0.00283055672251 0.00182834546152 -0.00365257569602 0.378767012193 0.0127715223593 0.07942125219 0.0265671450798 0.0272450998604 0.086203185995 0.0327163666516 0.094076749973 0.103413417701 -0.000849653603454 0.035159545501 0.0418610589101 0.00871798494991 0.0205962701822 0.024910730516 0.0162283268992 0.0097362845726 0.0230596963554 0.0010361677723 0.0256215188717 0.0055040143749 0.0234879649557 0.0306771005291 
0.015982645905 -0.0335602847108 7.02084488781e-05 -0.00402334349313 0.00717205813835 0.0452744114989 0.00907920160507 0.028181756121 0.00258304153528 -0.00409576591313 0.0218640683053 -0.00853479403093 0.00483126924073 0.017424014186 0.00841837901555 0.00761908048653 0.0123094440267 0.0174660124185 0.0187979050726 -0.0237941067454 0.000433498061522 0.0147381016373 0.0464707463489 0.0136188107832 0.00744242615426 0.0109672308935 -0.028673251195 0.0127715223593 0.228341543681 0.0196934489674 0.0260818894931 0.00467255300612 0.0167154687003 0.00141930669909 0.0122344434928 0.0166173217548 0.00402517479163 -0.00350982043345 0.0136882789238 0.0139148610821 0.0153836039849 -0.000600199332675 0.0119545663356 0.0195537431021 0.00689556769933 0.018287974072 0.0250179803621 0.0139336926093 0.0235763766762 -3.23435097125e-05 
0.0313952660172 -0.0211651250104 0.0691468772085 0.0103798228319 0.0107576951639 0.0351718642865 0.0187233471578 0.00700360293417 0.028963000127 0.00973882372141 -0.0132572926137 -0.00514935669547 0.0172665666852 0.0053664510117 -0.0131549279077 0.0196204624229 0.0114828476923 -0.0203475121444 0.0173581004738 -0.0224961004457 0.0184120185657 0.0251161771048 0.00310133425918 0.0586916050569 0.027520173073 0.00967931048247 -0.0227079144776 0.07942125219 0.0196934489674 1.4829772579 -0.0285067720881 -0.00350426950385 0.0677073043845 0.0320393809417 0.0191829366977 -0.00338950355593 0.055826025121 0.00452733117832 0.00205759215394 0.00519076730893 0.0325063650961 -0.0214674421247 0.0299477175165 0.00585943553413 -0.00936515167759 0.043371233892 0.0150304533387 -0.00330362449997 0.00940211235088 0.00768735157502 
0.0153834868462 -0.0233240679922 0.0209605271051 0.0232122225153 0.0185778507449 0.00716330788623 0.0150602560099 0.000425385698564 0.00281445924935 -0.0207180178151 0.0178709142297 -0.0142540401456 0.021468374049 0.0243996820966 0.047636025783 0.0164957369057 0.0252679418886 0.00955168961324 0.018525428464 -0.00429620217601 0.0264672856488 0.0265788124443 0.00159863287322 -0.00973004585186 0.0246407047505 0.00203478933065 -0.0364213486196 0.0265671450798 0.0260818894931 -0.0285067720881 0.310648251492 0.00401065888035 0.00279838765496 0.0105655441058 0.0308128937029 0.0283307858767 0.00576605677773 0.000930578566512 0.029175112356 0.0193490886425 0.0245876484473 0.0280237822667 0.00293691629531 0.0172148951087 -0.00373844834391 0.0265149375894 0.0087370376231 0.00893628598204 0.00688891390642 -0.00942330103152 
0.00332553550566 -0.000926317270816 0.023002490563 0.0221167766748 0.0137776244641 0.0536231812824 0.0019644380688 -0.00362396886411 0.0256998083107 0.0195347855094 0.0314290823517 0.00395040207353 0.016552982268 0.010886187293 0.0076897229019 0.00756385130642 0.0220175210345 0.0233541910076 0.0115689365975 0.0148427324024 0.0082189135376 0.0142868772656 -0.0115761692525 0.0156717974528 0.0286204306026 0.0315249174021 -0.021654425418 0.0272450998604 0.00467255300612 -0.00350426950385 0.00401065888035 0.243805843211 -0.00429546043245 0.0191316261635 0.00911344048378 -0.00142038384831 0.0207983091599 0.0364306062355 0.0115932502606 0.00449566556539 0.0294547527007 0.0178874219416 0.0143238187379 0.009090865148 -0.00755382483283 0.00853213708574 0.0222717746481 -0.00431826217826 0.00450117222406 0.0253879607703 
0.0275119590772 0.00900141255017 0.00745706865484 0.054328529706 0.00683850722299 0.0418709731143 -0.0146297895767 0.0330961050225 -0.0162010397881 0.0136937611921 0.0543078781447 -0.0210027682388 0.0677548283029 0.00179594548945 0.0921834670647 0.030545276614 0.00525913989188 0.0230707289984 0.0183487704897 -0.0234014054165 0.00874200595128 -0.00654292473645 0.0180421024617 0.0576605511138 0.0133743800023 0.0516361407058 -0.03826712316 0.086203185995 0.0167154687003 0.0677073043845 0.00279838765496 -0.00429546043245 0.833495490268 0.00765606470559 0.188226415122 0.083193834674 0.0188144656889 0.0836870105197 -0.00697378251248 0.0079986898895 0.0170862263891 -0.0151696770218 0.0104039932162 -0.00628838470248 0.050884851389 0.0507797915881 0.0376819684615 -0.00168383484948 0.053524562878 -0.00103080459109 
0.0145185532035 0.00439622882287 0.0606570101516 0.0225018012118 0.026783825984 0.0190546767266 -0.000294263261087 0.0412258437804 0.0668297538706 0.0501097661577 0.016969094439 0.00223820678314 0.00816036388632 0.0137525581996 0.0248420241716 0.0314448474525 0.0450161160114 0.0154461674837 0.0575418599827 0.0147395293637 0.0236607542798 0.0192227118207 0.0146759529052 0.015297348928 0.0514070213633 0.0343246116709 -0.0208091626988 0.0327163666516 0.00141930669909 0.0320393809417 0.0105655441058 0.0191316261635 0.00765606470559 0.325721713827 0.0146509106436 0.0151753317565 0.0358839610019 0.00863094760486 0.0114457796406 0.0370186407043 0.0348665888066 0.0287418824214 -0.00338018032922 0.0266758676696 0.0171214301887 0.00655644965604 0.0378946840467 0.0105543008043 0.00366628646052 0.0229481421352 
0.00261910699536 -0.0132221012307 0.0113262106362 0.0406617137611 0.0239701087575 -0.0312400505725 -0.0246541207461 0.0193523505612 0.00400908230699 -0.0289622546045 0.0229663741656 -0.0058590858902 -0.00720821081743 -0.00789765868085 0.0219731301803 -0.0113815067723 0.018874396638 0.0253032558577 -0.000116650351301 0.0013550351487 0.00952463140561 -0.00646766906491 -0.0166085448791 0.0233551101975 0.00684941886586 -0.000704482730935 -0.0155394951015 0.094076749973 0.0122344434928 0.0191829366977 0.0308128937029 0.00911344048378 0.188226415122 0.0146509106436 0.436182070252 0.0852777585476 0.000800137504841 0.0716787437932 0.00263597706615 0.00484822768556 0.00775971421383 -0.00364414431068 -0.0018223479291 0.0092342875644 -0.0111610426563 0.0210299580385 -0.005178481164 0.0167877525633 -0.00788854164586 -0.00608490635205 
0.014307636571 -0.0581583398422 0.0226514095902 0.0266519705457 0.0255868588829 0.014268773239 0.0157069316561 0.0183704058226 0.018591545354 0.0186310495692 0.0348344456227 0.00483929854355 0.0233543878823 0.0342466242144 0.0227567423825 0.0359499097962 0.0246447191887 0.0208346949535 0.023885590946 -0.00976306202677 0.000935480456893 0.0076263188463 0.0150785569595 0.0326274406477 0.0151714104521 -0.00185048076786 0.00503064931025 0.103413417701 0.0166173217548 -0.00338950355593 0.0283307858767 -0.00142038384831 0.083193834674 0.0151753317565 0.0852777585476 0.387454584812 0.00437750663282 0.0306578679744 0.0225260371171 0.0181349361197 0.0311339562038 0.0168667418899 0.00705109571202 0.0131229774031 -0.00787398231212 0.00140112382201 0.0210838353034 0.00736113892662 0.0130198722402 0.00892444938463 
0.0243065759218 -0.0418950628375 0.0270971691841 -0.006377143934 0.0287169838594 -0.00183927317927 0.0210523310699 0.0134345112768 0.0358953541377 0.0957679032558 -0.000747433943547 0.00445171489189 0.0151222510379 0.0393057905333 0.0136855938419 0.0351020708551 0.0127811311744 -0.00162984613742 0.0295615934272 0.033929359412 0.00938665756423 0.0141373112255 0.0257048071252 0.0222190307475 0.030902215752 0.0211769187156 0.0665144678582 -0.000849653603455 0.00402517479164 0.055826025121 0.00576605677773 0.0207983091599 0.0188144656889 0.0358839610019 0.000800137504841 0.00437750663282 0.294918567484 0.0389923340997 0.0153842737187 0.017466423112 0.0219089049061 0.0184104199745 0.0162708042164 0.0156328695233 0.00210667819552 -0.0343116337578 0.0301938381153 0.00516878499772 0.0107796255202 0.079374513415 
0.00258790924453 -0.0458874822366 -0.00881792226839 0.0205699487718 0.0521756452974 0.013749162478 0.0246370782483 0.0495894046773 -0.00498602563867 0.0166650724003 0.0172584352128 -0.00909642964237 0.000299227515407 -0.0108565088015 0.0383446349554 0.00394544335124 0.00458326094815 0.0133232325678 0.0298785808127 -0.0133212443014 0.0137608751536 0.0240805984407 -0.0291567329643 0.00873787355043 0.0410301740397 0.0456565024512 0.0331253853306 0.035159545501 -0.00350982043345 0.00452733117832 0.000930578566512 0.0364306062355 0.0836870105197 0.00863094760486 0.0716787437932 0.0306578679744 0.0389923340997 1.0083562745 0.00066453908097 0.00280938823191 -0.00533595777557 0.0185098418829 0.0121529100156 -0.00690500839897 0.026303248496 -0.0137752406313 -0.00293143414033 0.00517811562371 0.0239541817208 0.03033846951 
-0.00370233006404 -0.0156009097249 0.0253267131566 0.00512505404696 -0.00596823631053 -0.0211484472603 -0.0113604284053 0.0125598597265 0.0457411183062 0.00373070061486 0.014194281005 -0.00650760139769 0.0059469964669 0.00805683341205 0.0194076009214 0.0198775736213 0.0254443687191 0.0151078584294 0.0132705873116 0.0211190699783 -0.000753648379031 0.00861064610797 0.0115237359561 0.00384462991529 0.00634818523485 -0.00934283474429 0.0155594658584 0.0418610589101 0.0136882789238 0.00205759215394 0.029175112356 0.0115932502606 -0.00697378251248 0.0114457796406 0.00263597706615 0.0225260371171 0.0153842737187 0.00066453908097 0.258543019875 0.0159211891924 0.0322900247384 0.0278836544206 0.00580130674122 0.0377325252377 0.0183518688133 0.0461828285866 0.0413215668593 0.00394733028985 0.0427796960245 0.0136115466257 
0.00255085172054 -0.0095054530117 0.0461435465174 0.01056471953 0.0242285530136 0.00555214846057 -0.0163479213978 0.0100983751125 0.0134950823143 0.0128093235781 -0.00787085648004 0.0158113983428 -0.00492023886882 0.0132913831207 0.0335892025633 0.00958176916029 0.00916497981947 0.0113930482852 0.0471964776996 0.0308512890832 0.0235383595507 0.00565660764676 0.0108690824415 -0.00352967753465 0.00527405094772 0.00912997485475 -0.0655297107708 0.00871798494991 0.0139148610821 0.00519076730893 0.0193490886425 0.00449566556539 0.0079986898895 0.0370186407043 0.00484822768556 0.0181349361197 0.017466423112 0.00280938823191 0.0159211891925 0.180814917903 0.0100202576043 0.0125629539775 -0.000734860582176 0.0162347733935 0.0284632642565 0.0386967966596 0.0191609736554 0.00288254189524 0.00740391176421 0.0110925521518 
0.0196551491571 -0.00126984479706 0.0319284380693 0.0198911125569 0.0301802466394 -0.000334709989594 0.0190732047551 0.00939687209443 0.0372861404654 0.0254173683113 0.0302464990763 0.00849417874011 0.0154068841956 0.00886864617406 0.0256586159854 0.0276922896028 0.013191374457 0.0245266438811 0.0258722872257 0.00452271176403 0.00754259623212 0.0328244427868 -0.0133694848012 0.0260282961471 0.0426625763129 0.0220577839279 0.00802724533806 0.0205962701822 0.0153836039849 0.032506365096 0.0245876484473 0.0294547527007 0.0170862263891 0.0348665888066 0.00775971421383 0.0311339562038 0.0219089049061 -0.00533595777557 0.0322900247384 0.0100202576043 0.1613420701 0.00860934278508 0.031557594898 0.0355472562353 0.0162531560727 0.0242685219554 0.0419671325658 0.0119275738771 0.0222204763794 0.0270814162912 
0.0153628743413 -0.00830235241951 0.024316801262 0.0133065373392 0.0175941990631 0.00805963837029 0.00859656418014 0.0169398049138 0.00409594925004 0.0371515944293 -0.0176150452348 0.00509616791298 0.016834590716 0.0103678084857 0.0333574868253 0.0276814478591 0.0265535199339 0.0115724248649 0.0206942440204 -0.0108868397316 0.0202511738523 0.0111797180216 -0.0128616327569 0.013863722048 0.012972307183 -0.00604460597698 -0.0290162021351 0.024910730516 -0.000600199332686 -0.0214674421247 0.0280237822667 0.0178874219416 -0.0151696770218 0.0287418824214 -0.00364414431068 0.0168667418899 0.0184104199745 0.0185098418829 0.0278836544206 0.0125629539775 0.00860934278508 0.218914350955 0.0266208853144 0.00818962864359 0.0177326529685 -0.00694571863699 0.00936379218765 0.000541640406724 0.0082502548752 0.0113548304795 
0.0461971327622 -0.00944693965583 0.017131594919 0.0155710835949 2.19781301469e-06 0.0167322191143 0.0463618980427 0.0203102335613 0.0114238695994 0.0132696408096 0.0147012996724 0.0111551529632 0.045128388294 0.0266929655702 0.0130590965248 0.0248939588723 0.0107827338184 0.0101906832682 0.0184334301576 0.0236259006773 0.0137096730751 0.00491967747197 0.000107199187677 0.0167617053607 0.015786922572 0.0308013447474 -0.00172203464415 0.0162283268992 0.0119545663356 0.0299477175165 0.00293691629531 0.0143238187379 0.0104039932162 -0.00338018032922 -0.0018223479291 0.00705109571202 0.0162708042164 0.0121529100156 0.00580130674122 -0.000734860582176 0.031557594898 0.0266208853144 0.106744808988 0.00855997263934 0.00970470195655 -0.00408315714067 0.0121950065029 0.00743153616945 0.013075202505 0.0115742588404 
0.0105919701865 0.000134646163152 0.0239627172643 -0.00694000901062 0.0116998418518 0.00899169212719 0.0140386248111 0.0386446106523 0.0449752394269 0.00734101833291 0.0205869046771 0.0104837957605 0.00884838648542 0.0104606107837 0.0205430209563 0.0252030338102 0.013767761441 0.00543462076485 0.0159901956934 0.0106305643875 0.0069580649044 0.0268554369585 0.00906165046022 0.014081890305 0.0206029099193 -0.000968911327422 0.00147802316795 0.0097362845726 0.0195537431021 0.00585943553413 0.0172148951087 0.00909086514801 -0.00628838470248 0.0266758676696 0.00923428756439 0.0131229774031 0.0156328695233 -0.00690500839897 0.0377325252377 0.0162347733935 0.0355472562353 0.0081896286436 0.00855997263933 0.12407871993 0.016725279886 0.00917789761657 0.0472291389374 0.0141071808323 0.00901752712844 0.00961450445205 
0.00904669084409 -0.0267591996175 0.0229732156441 0.0104628505522 0.0287846399835 0.0206884891793 0.00644111186598 0.0189640397036 0.0250009416494 0.0299382819552 -0.00337891511424 0.00665352946356 0.00361643945138 0.0143872505766 0.0311309321782 0.0221722710146 0.011548881847 0.0171783857382 0.046183449732 0.00977583609851 0.0259566887575 0.0160393312141 0.00837819625318 0.00221774178135 0.0309037792284 0.0180802080555 -0.0186205060202 0.0230596963554 0.00689556769933 -0.00936515167759 -0.00373844834391 -0.00755382483283 0.050884851389 0.0171214301887 -0.0111610426563 -0.00787398231212 0.00210667819552 0.026303248496 0.0183518688133 0.0284632642565 0.0162531560727 0.0177326529685 0.00970470195655 0.016725279886 0.326137762837 0.00800829815149 0.010863449038 -0.000200820426535 0.017274867533 -0.0126690414807 
0.00678183381473 -0.0139857867853 -0.00978590637082 0.0105197310782 0.00700625075095 0.0040019461751 0.00498515066163 0.0102384255368 0.00266945876277 -0.0146168102501 0.00269707851235 0.0247610026451 0.0144235118306 -0.00435506052673 -0.0116982838825 0.0355331262379 -0.0246992655296 0.0181943677404 0.0254589102591 -0.0311404982458 -0.0246910343462 0.0273515139788 -0.0166390496362 0.00298008064703 0.0106678438738 -0.0115164960142 0.0444525195455 0.0010361677723 0.018287974072 0.043371233892 0.0265149375894 0.00853213708574 0.0507797915881 0.00655644965604 0.0210299580385 0.00140112382201 -0.0343116337578 -0.0137752406313 0.0461828285866 0.0386967966596 0.0242685219554 -0.00694571863699 -0.00408315714067 0.00917789761657 0.00800829815149 0.706303003421 0.0314902626971 0.00212753357235 0.00420008900823 -0.017061132983 
0.0192553799309 -0.0151257764989 0.015509007102 0.02394571893 0.0195194351146 -0.0186819912012 -0.00512791575934 0.0205133320095 0.0316582308411 0.0430602210503 0.0338371359693 0.00251159133959 0.00911381681305 0.0186010801248 0.0369859928519 0.028047341434 0.00469777652656 -0.00415339400052 0.0214112898486 -0.024774276753 0.0025242036373 0.02691705068 0.00705022000215 0.0170371914042 0.0329266580061 -0.00491785579498 0.00889528420241 0.0256215188717 0.0250179803621 0.0150304533387 0.0087370376231 0.0222717746481 0.0376819684615 0.0378946840467 -0.005178481164 0.0210838353034 0.0301938381153 -0.00293143414033 0.0413215668593 0.0191609736554 0.0419671325658 0.00936379218764 0.0121950065029 0.0472291389374 0.010863449038 0.0314902626971 0.227591307947 0.0294479034936 0.00931133577824 0.0258632292923 
