30
0.0224960645228 0.0088766616328 0.102864057578 0.0637387331612 0.16701162673 0.0450347688147 0.0594362545722 0.162419244675 -0.00660692339257 0.170228010564 0.0269248151276 0.0791171504464 0.0472299451056 0.0166595463284 0.0415957971797 0.0339335468557 0.0493934577213 0.0493961611292 0.0625636206577 0.0824662750087 0.135848421796 0.117315051398 0.204332601919 0.0444525953717 0.104550469133 0.0449819155318 0.0539269159384 0.106465020668 0.106356452037 0.0680936188342 
0.205031188833 0.00912039317452 0.0188959004085 -0.0123803434592 0.0303254339673 0.0128821384378 0.0101776772059 0.00341201019373 0.0399687475434 0.00634656671198 0.00112149578844 0.0276602558745 0.0442181082256 0.0284003895488 0.0289048479712 0.00224808164919 0.0168880357423 -0.00041864221915 0.0400820443306 0.00882403871409 0.0306353115287 0.017859242282 0.00355679362899 0.0142796828696 0.0150055090111 0.0346018540557 0.0304195344879 0.0135822297096 0.0115871263875 0.0165817397884 
0.00912039317452 0.270178938944 0.0304035713436 0.0415429263173 0.037507060947 0.0323346793703 0.0212827871039 0.0035366103813 0.011031432409 0.0104077477397 0.0122102010761 0.0368782862984 0.00837888467246 0.0241416763676 0.0417610908497 0.0270502191654 0.0298266766349 0.00373294447256 0.0238074920055 0.0126030151838 0.00487255455053 -0.0278995611828 0.0710306171799 0.0378177751807 0.0543367004495 0.0297440627825 0.024909970313 0.0218730904861 0.0253506993183 0.0151068139262 
0.0188959004085 0.0304035713436 0.611240072402 0.0699660473895 0.00858319291125 -0.0177188562391 0.0188641637287 0.0163327338064 0.0040090116292 0.0113934002087 -0.00106820003622 -0.00545334334613 0.0304448778925 0.00406718964232 -0.00240540493836 0.00288080411267 -0.00695996263685 0.0281305723575 -0.00403710676298 0.007602109169 0.0161569166544 0.00390664751084 0.0176601577691 -0.0110902320089 0.09715925344 0.0144951579503 0.0393984023126 0.0349741383526 0.00709022332942 0.0678346490632 
-0.0123803434592 0.0415429263173 0.0699660473895 0.377459046669 9.9295324282e-06 0.015903235753 0.0377160354399 -0.0014732528414 -0.00310537191927 0.013841998893 0.0424558414107 0.0560944605406 -0.00629312277416 0.0426439911528 0.0310246428536 0.009185085952 0.0137822128389 -0.00824349840923 0.00256167845897 0.114235178014 -0.0159891632823 -0.0291951767697 0.0670772723901 0.0894550492677 -0.0175501456187 0.0030817079593 -0.00770126282982 0.0154554287274 0.188866587574 0.0184519116197 
0.0303254339673 0.037507060947 0.00858319291125 9.9295324278e-06 0.511181387841 0.00537322599317 0.00551121667032 -0.0102623525169 0.0382053020698 0.00183216587549 0.00107167216265 0.000348340455065 -0.0267047634881 0.0227633833665 0.028028314371 0.00900317950391 -0.00630820279447 0.00196448080575 0.0122442955628 0.00867275184808 -0.0137665278404 -0.0162543249675 -0.0231032434898 0.00635109506669 0.0424421505505 0.00666081293076 0.0179747453042 0.00555925288146 0.0247956814079 0.032496784584 
0.0128821384378 0.0323346793703 -0.0177188562391 0.015903235753 0.00537322599317 0.202097204933 0.0226881207058 0.0282641885463 0.00847898595442 -0.00455783573442 0.0618084088988 0.00626807556536 0.0176207119712 0.021403279927 -0.00270189692512 0.0125006566192 0.0159603219419 0.0234364369562 -0.00708921358182 0.0298593892995 0.0166064296944 0.025743854075 -0.00845984158677 0.0317959972032 -0.0218932810127 0.00796841569696 0.00737752080024 0.0118320373214 0.0250299509822 0.0118005379673 
0.0101776772059 0.0212827871039 0.0188641637287 0.0377160354399 0.00551121667032 0.0226881207058 0.287816916367 0.00550213157191 0.0221376989055 -0.00626526499815 0.0321804864163 0.00426173029044 0.0562521916497 0.0166119077339 0.0370489830331 0.0245378066452 0.0214389794731 0.0223540652358 0.0265222860256 0.0207506873916 0.0115083718991 0.0163343421469 0.0158692139802 0.0142649552904 0.0242384353682 0.0171441657405 0.0267419304725 0.0305654602198 0.0489178316117 0.0193279944964 
0.00341201019373 0.0035366103813 0.0163327338064 -0.0014732528414 -0.0102623525169 0.0282641885463 0.00550213157191 1.30314712772 0.0326116969101 -0.000919904520439 -0.0041041221473 0.0181158962683 0.0281040417559 0.0176573716345 0.0129629955313 0.0237388017924 0.00128266187195 0.0111615060267 -0.00773111842362 0.0187971481302 0.00555858104577 0.00509183206188 0.0153032843857 0.00315012402241 0.0116534894942 0.0725117152514 0.00674964624759 0.0196777534812 0.01578019325 0.0159642898416 
0.0399687475434 0.011031432409 0.0040090116292 -0.00310537191927 0.0382053020698 0.00847898595442 0.0221376989055 0.0326116969101 0.177023405849 0.0249936560936 -0.0167456222996 0.0140035846418 0.0286736597628 0.0133861858175 0.0435708292963 0.00168841336276 0.0243545339807 0.0157899728481 0.0356413654479 0.00708631051356 0.00353876261057 0.00693972163946 -0.0179236841233 0.00840087689008 0.0256937521743 0.0251831816368 0.0163857914736 0.0231726515703 0.00978250706507 0.015936832326 
0.00634656671198 0.0104077477397 0.0113934002087 0.013841998893 0.00183216587549 -0.00455783573442 -0.00626526499815 -0.000919904520439 0.0249936560936 0.587647860336 -5.56557973643e-06 -0.0172421244136 0.00919815529763 0.00676542204565 0.0319869538636 0.00676776113073 0.0393960745277 0.0184707563023 0.00116663820065 -0.0231508854555 0.0378783999907 0.0236314178338 0.00750112246499 0.0117666424408 0.0580085942665 0.0258733507964 0.0280068975033 0.0296389541293 0.0325034248893 0.0377766526803 
0.00112149578844 0.0122102010761 -0.00106820003622 0.0424558414107 0.00107167216265 0.0618084088988 0.0321804864163 -0.0041041221473 -0.0167456222996 -5.56557973625e-06 0.198982368896 0.0142582282354 0.0115238422806 0.0192397700523 0.00886699149377 0.00493506176946 0.00836544113801 0.0157058948231 0.00380217611498 0.0721524777763 0.0157539455486 0.00939984490321 -0.00144378505343 0.0530935881944 0.0189058048377 0.0241630500681 0.0153666498591 0.029143840285 0.0411326438687 0.0203195289053 
0.0276602558745 0.0368782862984 -0.00545334334613 0.0560944605406 0.000348340455065 0.00626807556536 0.00426173029044 0.0181158962683 0.0140035846418 -0.0172421244136 0.0142582282354 0.386202308011 0.018423226497 0.00607274837991 0.0207066117844 0.0230013246798 0.0042272541201 0.00449070818676 0.0514742251503 -0.00337736180162 0.00511912468923 0.0213500827136 0.0100196557774 -0.00405388400173 0.0232792723956 0.0311041658217 0.0216615798311 0.0353220337698 0.0251801016794 0.0360909029749 
0.0442181082256 0.00837888467246 0.0304448778925 -0.00629312277416 -0.0267047634881 0.0176207119712 0.0562521916497 0.0281040417559 0.0286736597628 0.00919815529763 0.0115238422806 0.018423226497 0.27914037289 0.021902431386 0.0366105434057 0.00992551263689 0.0277126891294 0.00904543982665 0.045526443715 0.028606835553 0.018228316346 0.037835548095 -0.0310264230921 -0.00590874913245 0.0132080583083 0.026544677105 0.0340513303213 0.0406921944272 0.0161996726046 0.0215803342205 
0.0284003895488 0.0241416763676 0.00406718964232 0.0426439911528 0.0227633833665 0.021403279927 0.0166119077339 0.0176573716345 0.0133861858175 0.00676542204565 0.0192397700523 0.00607274837991 0.021902431386 0.203529070835 0.0210552366509 0.023265744048 0.026123886347 0.0630918625754 0.037135546904 0.0245188576145 0.0119679150614 0.0139823292223 -0.00940565192982 0.0300393979365 0.0245200804562 0.013093994559 0.0255556641584 0.0204885982437 0.0484920938479 0.0220918257761 
0.0289048479712 0.0417610908497 -0.00240540493836 0.0310246428536 0.028028314371 -0.00270189692512 0.0370489830331 0.0129629955313 0.0435708292963 0.0319869538636 0.00886699149377 0.0207066117844 0.0366105434057 0.0210552366509 0.248216999238 0.0251740366355 0.0552707402897 0.00631840130059 0.023861879107 -0.0050039613986 0.0292545991294 0.00404012216701 -0.000655499272518 0.0178304215137 0.0269092977235 0.0371472910319 0.0156026542109 0.0275070600784 0.0286359822204 0.0171583943182 
0.00224808164919 0.0270502191654 0.00288080411268 0.009185085952 0.00900317950391 0.0125006566192 0.0245378066452 0.0237388017924 0.00168841336276 0.00676776113073 0.00493506176946 0.0230013246798 0.00992551263689 0.023265744048 0.0251740366355 0.30214964599 0.0140153005382 0.00748064000312 0.0444287946127 -0.00355611658629 0.0464354436056 0.00414612322466 -0.00889264056151 0.0237866652826 0.0303800384751 0.00972050684555 0.0261154751647 0.0249879754954 0.0307390847166 0.000801688086138 
0.0168880357423 0.0298266766349 -0.00695996263685 0.0137822128389 -0.00630820279447 0.0159603219419 0.0214389794731 0.00128266187195 0.0243545339807 0.0393960745277 0.00836544113801 0.0042272541201 0.0277126891294 0.026123886347 0.0552707402897 0.0140153005382 0.163930124916 -0.00300913775541 0.0162601787272 0.010183920874 0.0105560830777 0.0361696990553 -0.00911084399804 0.0120084099225 -0.00294452528762 0.0251554973438 0.0119638340834 0.0233127887692 0.00299641792421 0.0117430875667 
-0.00041864221915 0.00373294447256 0.0281305723575 -0.00824349840923 0.00196448080575 0.0234364369562 0.0223540652358 0.0111615060267 0.0157899728481 0.0184707563023 0.0157058948231 0.00449070818676 0.00904543982665 0.0630918625754 0.00631840130059 0.00748064000312 -0.00300913775541 0.425652373561 0.0188401955274 0.011450921194 0.0103916213786 0.0186873844786 0.00604796443489 0.00173650293303 0.00671632823686 0.00511794769033 -0.0078206101645 0.0123025629474 -0.0190644762828 0.0130175464889 
0.0400820443306 0.0238074920055 -0.00403710676298 0.00256167845897 0.0122442955628 -0.00708921358182 0.0265222860256 -0.00773111842362 0.0356413654479 0.00116663820065 0.00380217611498 0.0514742251503 0.045526443715 0.037135546904 0.023861879107 0.0444287946127 0.0162601787272 0.0188401955274 0.306476618182 0.0137767670918 0.0217548453007 0.0333595140751 -0.020298528702 0.0147470063682 0.0245319385329 0.0265407753059 0.0247956482125 0.0318949276348 0.0277752732713 0.00244670350984 
0.00882403871409 0.0126030151838 0.007602109169 0.114235178014 0.00867275184808 0.0298593892995 0.0207506873916 0.0187971481302 0.00708631051356 -0.0231508854554 0.0721524777763 -0.00337736180162 0.028606835553 0.0245188576145 -0.0050039613986 -0.00355611658629 0.010183920874 0.011450921194 0.0137767670918 0.409952708481 0.0139989620908 0.0218703050607 0.0226130961083 0.111617971329 0.0431769050635 0.00419611306608 0.00577973508339 0.00279208579874 0.155999153293 0.013958893691 
0.0306353115287 0.00487255455053 0.0161569166544 -0.0159891632823 -0.0137665278404 0.0166064296944 0.0115083718991 0.00555858104577 0.00353876261057 0.0378783999907 0.0157539455486 0.00511912468923 0.018228316346 0.0119679150614 0.0292545991294 0.0464354436056 0.0105560830777 0.0103916213786 0.0217548453007 0.0139989620908 0.634070880197 0.0235162442534 -0.0225090689048 0.00119059043025 0.00663281383475 0.00231875182831 -0.007230186933 0.0341465463552 0.0171487789999 -0.00776793931617 
0.017859242282 -0.0278995611828 0.00390664751084 -0.0291951767697 -0.0162543249675 0.025743854075 0.0163343421469 0.00509183206188 0.00693972163946 0.0236314178338 0.0093998449032 0.0213500827136 0.037835548095 0.0139823292223 0.00404012216701 0.00414612322466 0.0361696990553 0.0186873844786 0.0333595140751 0.0218703050607 0.0235162442534 0.369399044151 -0.0352021843215 0.0121046863499 0.00978417882031 0.0240934796133 0.0122848184201 0.0102481623803 -0.0162814661669 0.0232501368974 
0.00355679362899 0.0710306171799 0.0176601577691 0.0670772723901 -0.0231032434898 -0.00845984158677 0.0158692139802 0.0153032843857 -0.0179236841233 0.00750112246499 -0.00144378505343 0.0100196557774 -0.0310264230921 -0.00940565192982 -0.000655499272517 -0.00889264056151 -0.00911084399804 0.00604796443489 -0.020298528702 0.0226130961083 -0.0225090689048 -0.0352021843215 1.42674245599 0.0078508251543 -0.0123313087811 -0.00568268243778 0.0104286748631 -0.0167764373728 -0.0485669875991 0.0114423015255 
0.0142796828696 0.0378177751807 -0.0110902320089 0.0894550492677 0.00635109506669 0.0317959972032 0.0142649552904 0.00315012402241 0.00840087689008 0.0117666424408 0.0530935881944 -0.00405388400173 -0.00590874913245 0.0300393979365 0.0178304215137 0.0237866652826 0.0120084099225 0.00173650293303 0.0147470063682 0.111617971329 0.00119059043025 0.0121046863499 0.0078508251543 0.21731364769 0.0315886898812 0.0190795013793 0.0293863231988 0.025246639623 0.101810536637 0.00599870358293 
0.0150055090111 0.0543367004495 0.09715925344 -0.0175501456187 0.0424421505505 -0.0218932810127 0.0242384353682 0.0116534894942 0.0256937521743 0.0580085942665 0.0189058048377 0.0232792723956 0.0132080583083 0.0245200804562 0.0269092977235 0.0303800384751 -0.00294452528762 0.00671632823686 0.0245319385329 0.0431769050635 0.00663281383475 0.00978417882031 -0.0123313087811 0.0315886898812 0.532941804346 0.00970879834606 0.034945416661 0.0189515885195 0.0456054224447 0.02674335072 
0.0346018540557 0.0297440627825 0.0144951579503 0.0030817079593 0.00666081293076 0.00796841569696 0.0171441657405 0.0725117152514 0.0251831816368 0.0258733507964 0.0241630500681 0.0311041658217 0.026544677105 0.013093994559 0.0371472910319 0.00972050684555 0.0251554973438 0.00511794769033 0.0265407753059 0.00419611306608 0.00231875182831 0.0240934796133 -0.00568268243778 0.0190795013793 0.00970879834606 0.224853837403 0.0285550139929 0.0240009192681 0.0107791973776 0.0234802244158 
0.0304195344879 0.024909970313 0.0393984023126 -0.00770126282982 0.0179747453042 0.00737752080024 0.0267419304725 0.00674964624759 0.0163857914736 0.0280068975033 0.0153666498591 0.0216615798311 0.0340513303213 0.0255556641584 0.0156026542109 0.0261154751647 0.0119638340834 -0.0078206101645 0.0247956482125 0.00577973508339 -0.007230186933 0.0122848184201 0.0104286748631 0.0293863231988 0.034945416661 0.0285550139929 0.232928195892 0.022545167979 0.0143483662937 0.041352031079 
0.0135822297096 0.0218730904861 0.0349741383526 0.0154554287274 0.00555925288146 0.0118320373214 0.0305654602198 0.0196777534812 0.0231726515703 0.0296389541293 0.029143840285 0.0353220337698 0.0406921944272 0.0204885982437 0.0275070600784 0.0249879754954 0.0233127887692 0.0123025629474 0.0318949276348 0.00279208579874 0.0341465463552 0.0102481623803 -0.0167764373728 0.025246639623 0.0189515885195 0.0240009192681 0.022545167979 0.265153267185 0.0226851190325 0.0026880923321 
0.0115871263875 0.0253506993183 0.00709022332942 0.188866587574 0.0247956814079 0.0250299509822 0.0489178316117 0.01578019325 0.00978250706507 0.0325034248893 0.0411326438687 0.0251801016794 0.0161996726046 0.0484920938479 0.0286359822204 0.0307390847166 0.00299641792421 -0.0190644762828 0.0277752732713 0.155999153293 0.0171487789999 -0.0162814661669 -0.0485669875991 0.101810536637 0.0456054224447 0.0107791973776 0.0143483662937 0.0226851190325 0.482590073082 0.0345816319916 
0.0165817397884 0.0151068139262 0.0678346490632 0.0184519116197 0.032496784584 0.0118005379673 0.0193279944964 0.0159642898416 0.015936832326 0.0377766526803 0.0203195289053 0.0360909029749 0.0215803342205 0.0220918257761 0.0171583943182 0.000801688086138 0.0117430875667 0.0130175464889 0.00244670350984 0.013958893691 -0.00776793931617 0.0232501368974 0.0114423015255 0.00599870358293 0.02674335072 0.0234802244158 0.041352031079 0.0026880923321 0.0345816319916 0.296549105563 
0.0177562218097 0.000789849218163 0.00163643297812 -0.00107216919433 0.00262625961965 0.00111562591422 0.000881412701184 0.000295488750574 0.003461395073 0.000549628799938 9.71243843024e-05 0.00239544842625 0.00382940050306 0.00245954588266 0.00250323326356 0.000194689581798 0.00146254679729 -3.6255479688e-05 0.00347120686259 0.000764184169038 0.00265309580367 0.00154665575085 0.000308027363873 0.00123665681231 0.00129951520003 0.00299660846303 0.00263440896378 0.00117625559685 0.00100347458084 0.00143602078957 
0.000789849218163 0.0233981824693 0.00263302651494 0.00359772295383 0.00324820676014 0.00280026537579 0.00184314342953 0.000306279443349 0.000955350070636 0.000901337393873 0.00105743443173 0.00319375327825 0.000725632698173 0.00209073050243 0.00361661655656 0.00234261769752 0.00258306596763 0.000323282474415 0.00206178928772 0.00109145313134 0.000421975602208 -0.00241617287388 0.00615143189243 0.00327511540211 0.00470569629471 0.00257591139814 0.00215726670986 0.00189426520202 0.00219543496133 0.00130828846304 
0.00163643297812 0.00263302651494 0.0529349430512 0.00605923744417 0.000743326310672 -0.0015344979629 0.00163368450102 0.00141445623896 0.000347190591496 0.00098669740162 -9.25088367686e-05 -0.000472273387331 0.002636603767 0.000352228955226 -0.000208314178301 0.00024948495449 -0.00060275044529 0.00243617902846 -0.000349623701453 0.000658361966269 0.00139923002696 0.000338325598802 0.00152941452629 -0.000960442265355 0.00841423816917 0.00125531750168 0.00341200172713 0.00302884922888 0.000614031352178 0.00587465293455 
-0.00107216919433 0.00359772295383 0.00605923744417 0.0326889123304 8.59922733052e-07 0.00137726061645 0.0032663044821 -0.000127587438685 -0.000268933097028 0.00119875226805 0.00367678372007 0.00485792278397 -0.000545000419156 0.00369307796571 0.00268681288546 0.000795451777038 0.00119357464388 -0.000713907903845 0.00022184786218 0.00989305661661 -0.00138470215878 -0.00252837647505 0.00580906219064 0.00774703451626 -0.0015198871946 0.00026688373798 -0.000666948925185 0.00133847939043 0.0163563262765 0.0015979824211 
0.00262625961965 0.00324820676014 0.000743326310672 8.59922733018e-07 0.0442696067812 0.000465335021036 0.000477285364226 -0.000888745798219 0.00330867621517 0.000158670219212 9.28095317386e-05 3.01671683252e-05 -0.00231270035828 0.00197136682715 0.00242732322706 0.000779698216522 -0.000546306387223 0.000170129028303 0.00106038710089 0.000751082342116 -0.00119221628317 -0.00140766583433 -0.0020007995772 0.00055002096696 0.00367559805679 0.000576843320789 0.001556658606 0.000481445422141 0.00214736900034 0.00281430409911 
0.00111562591422 0.00280026537579 -0.0015344979629 0.00137726061645 0.000465335021036 0.0175021313506 0.00196484888954 0.00244775052984 0.000734301723486 -0.000394720153229 0.00535276522739 0.000542831267244 0.00152599841998 0.00185357841411 -0.000233991137556 0.00108258861962 0.00138220442543 0.00202965497782 -0.000613943905471 0.00258589896748 0.00143815899815 0.00222948316203 -0.000732643772614 0.00275361413166 -0.00189601375292 0.000690085042148 0.000638912042996 0.00102468448988 0.00216765734061 0.0010219565658 
0.000881412701184 0.00184314342953 0.00163368450102 0.0032663044821 0.000477285364226 0.00196484888954 0.0249256761213 0.000476498571624 0.00191718096335 -0.000542587864984 0.00278691187427 0.00036907666956 0.00487158269872 0.00143863341029 0.00320853604911 0.00212503639079 0.00185667008549 0.0019359188372 0.00229689734646 0.00179706224271 0.000996654242083 0.00141459552534 0.0013743142445 0.00123538136654 0.00209911007768 0.00148472830579 0.00231591911354 0.00264704650287 0.00423640848737 0.00167385342381 
0.000295488750574 0.000306279443349 0.00141445623896 -0.000127587438685 -0.000888745798219 0.00244775052984 0.000476498571624 0.112855851747 0.00282425579847 -7.96660683757e-05 -0.00035542740398 0.00156888263807 0.00243388141096 0.00152917323996 0.00112262834393 0.00205584054077 0.000111081776558 0.000966614776361 -0.000669534495452 0.00162788077994 0.000481387239463 0.000440965591739 0.00132530330393 0.000272808742848 0.00100922179447 0.00627969874797 0.000584536511697 0.00170414344041 0.00136660482311 0.00138254805562 
0.003461395073 0.000955350070636 0.000347190591496 -0.000268933097028 0.00330867621517 0.000734301723486 0.00191718096335 0.00282425579847 0.015330676653 0.00216451411105 -0.00145021343137 0.00121274600438 0.00248321177741 0.00115927769777 0.00377334450345 0.000146220886424 0.00210916451246 0.00136745176115 0.00308663279034 0.000613692492385 0.000306465831871 0.000600997523497 -0.00155223657802 0.000727537280088 0.00222514421015 0.00218092750456 0.00141905116772 0.00200681049329 0.000847189963105 0.00138017016502 
0.000549628799938 0.000901337393873 0.00098669740162 0.00119875226805 0.000158670219212 -0.000394720153229 -0.000542587864984 -7.96660683756e-05 0.00216451411105 0.050891797553 -4.81993343853e-07 -0.00149321177574 0.00079658361557 0.000585902735885 0.00277015146356 0.000586105306596 0.00341180013504 0.00159961441849 0.000101033831879 -0.00200492549245 0.00328036566466 0.00204654081715 0.000649616261158 0.0010190211271 0.00502369162727 0.00224069790707 0.0024254684719 0.00256680872176 0.00281487916641 0.00327155408911 
9.71243843025e-05 0.00105743443173 -9.25088367686e-05 0.00367678372007 9.28095317386e-05 0.00535276522739 0.00278691187427 -0.00035542740398 -0.00145021343137 -4.81993343838e-07 0.0172323786369 0.00123479878648 0.000997994016419 0.00166621296283 0.000767903988874 0.00042738888616 0.000724468453938 0.00136017039059 0.000329278110524 0.00624858787003 0.00136433170549 0.000814050447781 -0.000125035453387 0.00459803961545 0.00163729072685 0.00209258151919 0.00133079091491 0.00252393060507 0.00356219145151 0.00175972282249 
0.00239544842625 0.00319375327825 -0.000472273387331 0.00485792278397 3.01671683252e-05 0.000542831267244 0.00036907666956 0.00156888263807 0.00121274600438 -0.00149321177574 0.00123479878648 0.0334461009738 0.00159549821661 0.000525915436779 0.00179324518316 0.00199197314934 0.000366090945626 0.000388906737072 0.00445779866203 -0.000292488111798 0.000443329202602 0.00184897140029 0.000867727644044 -0.00035107665295 0.00201604412762 0.00269369977651 0.00187594784199 0.0030589778558 0.00218066077242 0.00312556388218 
0.00382940050306 0.000725632698173 0.002636603767 -0.000545000419156 -0.00231270035828 0.00152599841998 0.00487158269872 0.00243388141096 0.00248321177741 0.00079658361557 0.000997994016419 0.00159549821661 0.0241742654144 0.00189680619849 0.00317056606357 0.000859574608913 0.00239998927933 0.000783358067828 0.00394270568011 0.00247742463108 0.00157861850239 0.00327665458164 -0.00268696705863 -0.000511712685329 0.00114385140297 0.00229883647082 0.00294893170909 0.00352404741097 0.00140293280085 0.00186891176571 
0.00245954588266 0.00209073050243 0.000352228955226 0.00369307796571 0.00197136682715 0.00185357841411 0.00143863341029 0.00152917323996 0.00115927769777 0.000585902735885 0.00166621296283 0.000525915436779 0.00189680619849 0.0176261345752 0.00182343698224 0.00201487253835 0.0022623949222 0.00546391557624 0.00321603270023 0.0021233953566 0.00103645184735 0.00121090523105 -0.000814553351038 0.00260148817274 0.00212350125779 0.00113397319251 0.00221318543717 0.00177436465669 0.0041995385155 0.00191320823381 
0.00250323326356 0.00361661655656 -0.000208314178301 0.00268681288546 0.00242732322706 -0.000233991137556 0.00320853604911 0.00112262834393 0.00377334450345 0.00277015146356 0.000767903988874 0.00179324518316 0.00317056606357 0.00182343698224 0.0214962226991 0.00218013552421 0.00478658651769 0.000547189603762 0.00206649934887 -0.000433355769074 0.00253352260236 0.000349884843103 -5.67679022162e-05 0.0015441597991 0.00233041354266 0.00321704977154 0.00135122949131 0.00238218128113 0.00247994880652 0.00148596053677 
0.000194689581798 0.00234261769752 0.00024948495449 0.000795451777038 0.000779698216522 0.00108258861962 0.00212503639079 0.00205584054077 0.000146220886424 0.000586105306596 0.00042738888616 0.00199197314934 0.000859574608913 0.00201487253835 0.00218013552421 0.0261669269171 0.00121376063077 0.000647842427927 0.00384764647941 -0.000307968730254 0.00402142737985 0.000359064803977 -0.000770125263299 0.0020599856406 0.00263098850874 0.000841820586591 0.00226166649246 0.00216402215682 0.00266208282536 6.94282248507e-05 
0.00146254679729 0.00258306596763 -0.00060275044529 0.00119357464388 -0.000546306387223 0.00138220442543 0.00185667008549 0.000111081776558 0.00210916451246 0.00341180013504 0.000724468453938 0.000366090945626 0.00239998927933 0.0022623949222 0.00478658651769 0.00121376063077 0.0141967652623 -0.000260598973968 0.00140817278478 0.000881953418697 0.000914183610977 0.00313238782291 -0.000789022235222 0.0010399588052 -0.000255003370116 0.00217852997445 0.00103609842429 0.00201894673072 0.000259497404272 0.00101698121517 
-3.62554796881e-05 0.000323282474415 0.00243617902846 -0.000713907903845 0.000170129028303 0.00202965497782 0.0019359188372 0.000966614776361 0.00136745176115 0.00159961441849 0.00136017039059 0.000388906737072 0.000783358067828 0.00546391557624 0.000547189603762 0.000647842427927 -0.000260598973968 0.0368625768685 0.0016316087939 0.000991678865077 0.000899940810034 0.00161837496888 0.00052376908418 0.000150385565375 0.000581651087327 0.000443227271507 -0.000677284707555 0.00106543320441 -0.00165103207707 0.00112735259543 
0.00347120686259 0.00206178928772 -0.000349623701453 0.00022184786218 0.00106038710089 -0.000613943905471 0.00229689734646 -0.000669534495452 0.00308663279034 0.000101033831879 0.000329278110524 0.00445779866203 0.00394270568011 0.00321603270023 0.00206649934887 0.00384764647941 0.00140817278478 0.0016316087939 0.0265416537011 0.00119310302835 0.00188402486858 0.0028890186647 -0.00175790415154 0.00127712821446 0.00212452819735 0.0022984985651 0.00214736612553 0.00276218175836 0.002405409225 0.000211890739505 
0.000764184169038 0.00109145313134 0.00065836196627 0.00989305661661 0.000751082342116 0.00258589896748 0.00179706224271 0.00162788077994 0.000613692492385 -0.00200492549245 0.00624858787003 -0.000292488111798 0.00247742463108 0.0021233953566 -0.000433355769074 -0.000307968730254 0.000881953418697 0.000991678865077 0.00119310302835 0.0355029459895 0.00121234567973 0.00189402397711 0.0019583515688 0.00966639986898 0.00373922966418 0.000363394051238 0.000500539740936 0.000241801723125 0.013509922972 0.00120887565452 
0.00265309580367 0.000421975602208 0.00139923002696 -0.00138470215878 -0.00119221628317 0.00143815899815 0.000996654242083 0.000481387239463 0.000306465831871 0.00328036566466 0.00136433170549 0.000443329202602 0.00157861850239 0.00103645184735 0.00253352260236 0.00402142737985 0.000914183610977 0.000899940810034 0.00188402486858 0.00121234567973 0.054912149005 0.0020365664925 -0.00194934254871 0.00010310815581 0.000574418527946 0.000200809798839 -0.000626152555808 0.00295717765951 0.00148512782578 -0.000672723278286 
0.00154665575085 -0.00241617287388 0.000338325598802 -0.00252837647505 -0.00140766583433 0.00222948316203 0.00141459552534 0.000440965591739 0.000600997523497 0.00204654081715 0.000814050447781 0.00184897140029 0.00327665458164 0.00121090523105 0.000349884843103 0.000359064803977 0.00313238782291 0.00161837496888 0.0028890186647 0.00189402397711 0.0020365664925 0.0319908956368 -0.00304859858911 0.00104829658839 0.000847334741355 0.00208655654107 0.00106389648326 0.000887516896347 -0.00141001633114 0.00201352091946 
0.000308027363873 0.00615143189243 0.00152941452629 0.00580906219064 -0.0020007995772 -0.000732643772614 0.0013743142445 0.00132530330393 -0.00155223657802 0.000649616261158 -0.000125035453387 0.000867727644044 -0.00268696705863 -0.000814553351038 -5.67679022162e-05 -0.000770125263299 -0.000789022235222 0.00052376908418 -0.00175790415154 0.0019583515688 -0.00194934254871 -0.00304859858911 0.123559521155 0.000679901402429 -0.00106792266663 -0.000492134735276 0.000903149735928 -0.00145288209498 -0.00420602450461 0.000990932379883 
0.00123665681231 0.00327511540211 -0.000960442265355 0.00774703451626 0.00055002096696 0.00275361413166 0.00123538136654 0.000272808742848 0.000727537280088 0.0010190211271 0.00459803961545 -0.000351076652949 -0.000511712685329 0.00260148817274 0.0015441597991 0.0020599856406 0.0010399588052 0.000150385565375 0.00127712821446 0.00966639986898 0.00010310815581 0.00104829658839 0.000679901402429 0.0188199139489 0.00273566079094 0.0016523332886 0.0025449302414 0.00218642312737 0.00881705111006 0.000519502969259 
0.00129951520003 0.00470569629471 0.00841423816917 -0.0015198871946 0.00367559805679 -0.00189601375292 0.00209911007768 0.00100922179447 0.00222514421015 0.00502369162727 0.00163729072685 0.00201604412762 0.00114385140297 0.00212350125779 0.00233041354266 0.00263098850874 -0.000255003370116 0.000581651087327 0.00212452819735 0.00373922966418 0.000574418527946 0.000847334741356 -0.00106792266663 0.00273566079094 0.0461541141302 0.000840806600791 0.00302636185743 0.00164125571 0.00394954543875 0.00231604211058 
0.00299660846303 0.00257591139814 0.00125531750168 0.00026688373798 0.000576843320789 0.000690085042148 0.00148472830579 0.00627969874797 0.00218092750456 0.00224069790707 0.00209258151919 0.00269369977651 0.00229883647082 0.00113397319251 0.00321704977154 0.000841820586591 0.00217852997445 0.000443227271507 0.0022984985651 0.000363394051238 0.000200809798839 0.00208655654107 -0.000492134735276 0.0016523332886 0.000840806600791 0.019472913533 0.00247293675232 0.00207854058004 0.000933505876141 0.00203344708306 
0.00263440896378 0.00215726670986 0.00341200172713 -0.000666948925185 0.001556658606 0.000638912042996 0.00231591911354 0.000584536511697 0.00141905116772 0.0024254684719 0.00133079091491 0.00187594784199 0.00294893170909 0.00221318543717 0.00135122949131 0.00226166649246 0.00103609842429 -0.000677284707555 0.00214736612553 0.000500539740936 -0.000626152555808 0.00106389648326 0.000903149735928 0.0025449302414 0.00302636185743 0.00247293675232 0.02017217349 0.00195246882024 0.00124260497132 0.00358119094125 
0.00117625559685 0.00189426520202 0.00302884922888 0.00133847939043 0.000481445422141 0.00102468448988 0.00264704650287 0.00170414344041 0.00200681049329 0.00256680872176 0.00252393060507 0.0030589778558 0.00352404741097 0.00177436465669 0.00238218128113 0.00216402215682 0.00201894673072 0.00106543320441 0.00276218175836 0.000241801723125 0.00295717765951 0.000887516896347 -0.00145288209498 0.00218642312737 0.00164125571 0.00207854058004 0.00195246882024 0.0229629465278 0.00196458893701 0.000232795624732 
0.00100347458084 0.00219543496133 0.000614031352178 0.0163563262765 0.00214736900034 0.00216765734061 0.00423640848737 0.00136660482311 0.000847189963105 0.00281487916641 0.00356219145151 0.00218066077242 0.00140293280085 0.0041995385155 0.00247994880652 0.00266208282536 0.000259497404272 -0.00165103207707 0.002405409225 0.013509922972 0.00148512782578 -0.00141001633114 -0.00420602450461 0.00881705111006 0.00394954543875 0.000933505876141 0.00124260497132 0.00196458893701 0.0417935262903 0.0029948571809 
0.00143602078957 0.00130828846304 0.00587465293455 0.0015979824211 0.00281430409911 0.0010219565658 0.00167385342381 0.00138254805562 0.00138017016502 0.00327155408911 0.00175972282249 0.00312556388218 0.00186891176571 0.00191320823381 0.00148596053677 6.94282248507e-05 0.00101698121517 0.00112735259543 0.000211890739505 0.00120887565452 -0.000672723278286 0.00201352091946 0.000990932379883 0.000519502969259 0.00231604211058 0.00203344708306 0.00358119094125 0.000232795624732 0.0029948571809 0.0256819058887 

['LNC', 'APCC', 'IGT', 'WFT', 'PKI', 'PCG', 'BOL', 'HUM', 'PPG', 'GLW', 'D', 'CPWR', 'UNH', 'LTR', 'MTG', 'MMC', 'AFL', 'NWL', 'LOW', 'DVN', 'NOVL', 'MHS', 'UIS', 'XOM', 'NSM', 'MEL', 'CBE', 'BSC', 'HAL', 'A']