60
0.0422457423554 0.399937027552 0.0493061267197 0.0839491815724 0.0437038130991 0.00413185853021 0.0637387331612 -0.00168409401267 0.087070388143 0.10643743266 0.104921073146 0.0994766710856 0.0292815331214 0.0907505897935 0.126841392599 0.0914492870129 0.0904248988876 0.143828325424 0.275152850517 0.0723241103927 0.0169596300077 0.0392369654355 0.10004428458 0.165275344352 0.0669670800901 0.0495038718221 0.0766259396051 0.0288411222523 0.0498180241401 0.0723018126246 0.0367129888202 0.0751688044393 0.00791209609274 0.0453963667668 0.18030920859 0.0573021249509 0.0795042219188 0.00753480783794 0.0737969483193 0.0498631258667 0.138189015222 0.191301962015 0.0217130314185 0.0146303634135 0.0609589558998 0.117315051398 0.0431815223905 0.0472299451056 0.0585004976968 0.357744060202 0.0321720089654 0.0901624306535 0.0402434153999 0.0916609470377 -0.0290439391383 0.088181568025 0.103848753038 0.0430779984078 0.0170349265424 0.0194782181544 
0.177559425194 -0.00283112550652 0.0319217021697 0.0248010870195 0.0212710176871 0.0187054675742 -0.0215958923809 0.0138936787932 0.00222653573338 0.00058129309608 0.0101637089978 0.0168347516646 -0.000474288634878 0.0230850090367 0.0164900777408 0.0226949826787 0.0116896583586 -0.0172781785042 -0.0152425616528 0.00226417023751 -0.003131697663 0.00886289611241 0.0360074659711 -0.00744968831365 -0.00320525944111 0.0120057503255 0.0100304463832 0.0157966362573 0.0185356374806 -0.00153968592291 0.0365417559925 0.0165999185406 0.0162042330062 0.00689430142145 0.0174787040528 0.0247223832855 0.029045528883 0.0126481030395 -0.0019222630575 0.0233348208796 0.00511089320987 0.00944061815237 0.005573183244 0.00510770305394 0.0106049935107 0.0117510558898 0.00671797504717 0.02262365049 0.0181940138175 -0.00897520970216 0.016508169825 0.0266443519558 0.0150790150001 0.00466055552919 0.00924557078848 0.0155063092636 -0.0222617986146 -0.0125761943229 0.0158593308127 0.0125318419733 
-0.00283112550652 1.30123025435 0.0283632865225 0.0271154626727 0.00804892743419 0.0252128252115 0.00511134620236 0.0102697101888 0.0390322998372 0.0403043992273 -0.0125334001028 0.00836420351549 0.0223908657828 0.0796803476639 0.0187579943039 0.00663387573603 0.0242100167387 0.0112307971444 -0.0236287916817 0.0235111974911 0.0191511817174 -0.00268148915057 0.138656522856 -0.0208530662707 -0.0227858057245 0.0242397231452 0.0330709656116 0.00436459935125 0.0112446710775 0.0607705616196 0.0196451212396 0.0290819279226 -0.00596741731874 -0.00680157767771 0.0397362439681 -0.024954607987 0.0262407257388 0.0147688159618 0.0294035332057 0.012396935591 0.0226044280566 0.0891777015991 0.0282949160822 0.0277495947083 -0.0181856608861 -0.0192278769193 0.00537943537406 0.0381786204016 0.107216075677 0.0160235297188 0.0233920530758 0.05371395333 0.0231518369639 0.0243292506261 0.0826798020729 0.0711540657645 0.0114271577186 0.0120106571699 0.0110951522219 0.023136815107 
0.0319217021697 0.0283632865225 0.197494318589 0.0269325076466 0.0105640153519 0.00486039003628 -0.00336129190477 -0.00022349164718 0.0544231983191 0.0175470174774 0.0402280262209 0.00249580857244 0.00987129242056 0.0116076168497 0.00963882637308 0.0281172353468 0.0214696721158 -0.00181546507213 -0.0120049085338 -0.00603900389185 0.0134308122012 -0.0013651968142 -0.00481852719011 -0.0206527308069 -0.00940101315006 0.00385380773801 0.0060810268185 0.00830386191921 0.0433239739169 0.00900436319521 0.00823779270086 0.0174534792288 0.00908020074702 0.00650440732313 -0.0181784241993 0.0337331740019 0.0104472563093 0.0230400642128 0.0342009349542 0.0409910648607 0.0218824821583 -0.00122363115269 0.013037233448 0.00448215957236 0.0291559453816 -0.00829735183614 0.0191178929579 -0.00488156582289 0.0345061435545 -0.0264776111243 0.0118819565675 0.0111213039737 0.00851454337469 -0.00620463021906 -6.17107820742e-05 0.0431575598126 0.0119280863121 -0.00406190985757 0.00221249394899 0.0115919768651 
0.0248010870195 0.0271154626727 0.0269325076466 0.590881283027 -0.00468898533201 0.0024738045657 -0.00953421559136 0.0192568835001 0.00114997045773 0.0140080354431 0.0270003957037 0.0110425178962 0.0249876349331 0.0207305902424 0.00800716870303 0.0336098617083 -0.0101841915982 0.0232321893945 -0.016077572979 0.0119567450242 0.0216519345032 0.0254709485526 -0.0067717198477 0.0165378360163 0.00928006811476 0.0173249600674 0.0127420997157 0.0224659787628 0.00308133426713 0.0243374865985 0.00850234709914 0.0213020805187 0.0130090752623 0.00352022514375 -0.0180667317131 0.0223283314878 0.0133777993426 0.0116180478106 0.0389609574575 0.0166834110568 0.0364511654118 0.0423423285562 -0.00791162829285 0.00429296700328 0.0287513901988 -0.0264573200586 0.0171504152018 0.00486785446447 0.0104157288702 0.0285050019389 0.00675579208948 0.0266185852181 0.0175362640866 0.00951573229365 -0.00793366517281 0.0176605210393 -0.00864473243921 0.0638621971409 0.0546085921469 0.0285239892995 
0.0212710176871 0.00804892743419 0.0105640153519 -0.00468898533201 0.191472961266 0.0138115137631 0.00809806794868 0.0126348034679 0.0227166032299 0.0283035506253 0.0209223524475 0.0170644755223 0.0205669510245 0.0119044122888 -0.0057393991092 0.0396133896326 0.0140904247439 -0.0118510132032 -0.0143236402312 0.0225602417877 0.0230717871676 0.022190502144 0.0167156605805 -0.0227506584615 0.0180493044994 0.00875919208358 0.0151822289185 0.0180205079515 -0.0033397101385 0.0254552913699 0.00899629344824 0.00410418512559 -0.00176902721418 0.0280827435849 0.021154513262 0.0146083788576 0.0195783430737 -0.00739395783985 0.0071468883165 0.0119801669656 0.0473726210749 0.00747130758644 0.0153654589243 0.00750256251716 0.0300942210768 0.00903052122643 0.00266961714046 0.0339901588602 0.018340762517 0.0137932805043 0.010802034434 0.0505139998389 0.0057629939903 -0.00111530125502 8.95078699998e-06 0.0219610311061 0.00131222507866 0.0268877549486 0.016113561481 0.00843981883215 
0.0187054675742 0.0252128252115 0.00486039003628 0.0024738045657 0.0138115137631 0.179751171338 0.0398830099014 -0.00257186218689 0.00421365557583 0.0231289889115 0.0336701094383 0.0139508159974 0.00763190415763 0.0236001294782 0.015560834766 0.0168845077787 0.0213934829528 -0.0216050590701 0.00565131769277 0.00582271340758 0.0445924731386 0.0109094408476 0.0215140287884 -0.00841769802234 -0.00874567648242 0.0308742895659 0.00405405830591 0.0173434517399 0.0162129460092 0.00841741496881 0.0200133076758 -0.0199716770348 0.0073024811086 -0.028717359974 0.0311111306621 -0.00347645990109 0.0390303642569 0.0169821547268 0.00654989487436 0.00886219707356 0.0193286507786 0.0442305365848 0.00103080300383 0.0048129087896 0.0189458435611 0.0124087025155 0.00868466789291 0.0179334556674 0.00636933999413 -0.000101397282067 0.019964523761 -0.000249490877468 0.00788064944548 0.000339823042238 0.00597751276108 0.0116901419731 0.0156890176637 0.0035029854524 0.0153541311619 0.00860687308336 
-0.0215958923809 0.00511134620236 -0.00336129190477 -0.00953421559136 0.00809806794868 0.0398830099014 0.361305378943 0.00643838031693 0.0225496229546 0.178386922107 0.0190605496212 0.0254171390115 0.00711627441848 -0.00340665461203 0.00411918499464 0.0650343345921 0.130790789254 0.00399437063442 0.0691338581842 0.0123399874197 0.0507193464688 0.0179899203222 -0.0309178041986 -0.00218883233507 0.00151837687646 0.0144601442082 0.00864976812304 -0.00737173428008 0.097410479674 0.0172599615553 0.0111753913853 -0.00648806276029 0.013323406208 0.0215840961645 0.00495265380878 -0.00346440639742 0.0209306683536 0.00371327013565 0.0105975547368 0.0405917115637 0.0187910641969 0.0796025296477 0.00653896574175 0.00115306073532 0.00759929900208 -0.0335876738606 -0.00782783085033 0.00545367962664 0.0125197344375 0.0570815122683 0.00967732624411 -0.00413074362712 -0.00409851734227 -0.00149625015008 -0.024700854654 -0.00373441676167 0.0247532163575 -0.0121480549257 -0.0028920912126 0.00239050639721 
0.0138936787932 0.0102697101888 -0.00022349164718 0.0192568835001 0.0126348034679 -0.00257186218689 0.00643838031693 0.103639727398 0.0121224337398 0.00604137302121 0.0128492647109 0.00908008680274 0.0114021117785 0.00688990822863 -0.000536856646226 0.0125283953148 0.007451564454 -0.00336826004931 0.00630184782902 0.00507148775979 0.0198409838731 0.0227415208976 0.0244671885159 0.00658668433914 0.0117845564019 0.0149555529773 0.00874763830123 0.00916645435908 -0.00677689902294 0.00998516170117 0.0202876289718 -0.00205803653584 0.0072442243551 -0.00120349697227 9.16275250687e-06 0.014035688753 0.0187175515243 0.0105172497064 -0.00161821795448 0.0233025357487 0.00416948211917 0.00686581737892 0.00538577390944 0.0104228913697 0.0174049892802 0.0121004933721 0.00349177880251 0.0055771273141 0.00165625580403 0.0277084414248 0.0192479004067 0.0174008153676 0.0135633222773 0.00245732093238 -0.0102158092313 0.0145245252697 -0.00858417372734 0.0140924578056 0.0161945512551 0.00239826497884 
0.00222653573338 0.0390322998372 0.0544231983191 0.00114997045773 0.0227166032299 0.00421365557583 0.0225496229546 0.0121224337398 0.605036908326 0.0234391505776 0.030045980699 0.00298519139 0.00853953388115 0.0306126284974 0.0218669059002 0.00793902237431 0.0152433539603 0.0437605804911 -0.00271177951044 0.0121441672529 0.0111369309746 0.0229224667462 -0.0283261929316 -0.0103615191812 0.0189499079058 -0.0131911050308 -0.00875148305061 0.0165137688038 -0.0168242614424 0.000294706888773 0.0106107054913 0.00916304310489 0.0110049433978 0.00721655236583 0.0194344298425 0.00580214784821 0.0206875504116 0.0266051748629 0.069918843475 0.0443626549931 0.0641808770371 0.046134899274 0.02537414088 0.000333290130246 0.0155297647792 0.0290046325337 0.00137476906697 0.0240356744735 0.0254457411831 -0.0336747165565 0.0211094385389 0.00313282408474 0.0110060028461 0.0284333131071 0.0354633226839 0.0088775976821 0.0247910414561 -0.00260436679136 0.00729129861014 0.0265710332164 
0.000581293096083 0.0403043992273 0.0175470174774 0.0140080354431 0.0283035506253 0.0231289889115 0.178386922107 0.00604137302121 0.0234391505776 0.454125980877 0.0326097513899 -0.00681836119127 -0.00276498898225 -0.00972782889348 0.00774487136962 0.0485026125638 0.112685597437 0.0077627338686 0.0908886649483 0.0213470358958 0.0434816904606 0.00586347296462 0.036937125111 0.00470378165459 -0.000312894384465 -0.000665775326521 0.0159039663666 0.00635435226311 0.0842340538602 0.0087065100111 0.00789824292397 -0.0013762751821 0.00694964266258 -0.0141092528321 0.0240321997591 0.0112343852142 0.0247761090649 0.0196835250537 0.00807857095785 0.0339109386614 0.00842148941523 0.0542599223385 0.0180387487881 -0.00429859639821 -0.0229756763375 -0.00270132471003 0.00498382987977 0.00271428049452 0.0211906862925 0.0379186355036 0.00986321524517 -0.00384964721757 -0.00575207826218 0.0144879199339 0.00346300697569 0.024132756045 0.0148225678963 -6.82790985398e-05 0.019514450174 0.0152939246974 
0.0101637089978 -0.0125334001028 0.0402280262209 0.0270003957037 0.0209223524475 0.0336701094383 0.0190605496212 0.0128492647109 0.030045980699 0.0326097513899 0.237560382703 0.0111899038176 0.0121521614637 0.00692327453749 0.0278293763125 0.0477365167586 0.0190466672127 -0.00211452580674 -0.0242202453268 0.0232884140804 0.0314508138003 0.0244152142897 -0.0232101970847 0.0364882333706 0.0211369967711 0.0159158917266 0.0325123023555 0.0142271542204 0.0431963852449 0.0407439210893 0.0280058754223 0.0402998080795 0.00881524848939 -0.0265244698272 0.0175743682226 0.0428265222257 0.00573201401092 0.00548015926028 0.0368868623878 0.0447696835887 0.0490978253932 0.0237114656066 0.0139789203655 0.0171861468756 0.0176821351674 -0.000366692437116 0.0196187637406 0.0195267161956 0.00650118293957 -0.00369675009286 0.0153756707957 0.0332604986413 0.00489088378682 0.010474410274 0.00601855158227 0.0311744738554 0.0144492994729 0.0017779666638 0.0349498273036 0.0237565614955 
0.0168347516646 0.00836420351549 0.00249580857244 0.0110425178962 0.0170644755223 0.0139508159974 0.0254171390115 0.00908008680274 0.00298519139 -0.00681836119127 0.0111899038176 0.221342260857 0.0104969867423 -0.00863518163263 0.0824652424633 0.0258220975552 0.00843750239035 0.00512717787452 0.0261201376284 0.028077856191 0.0148717814271 0.00398021868803 0.0107782691045 0.0111028014278 -0.0044126125069 -0.0231113220514 0.000638748351516 -0.00495510278163 0.0172746556384 0.011343000556 0.0121880411759 0.00714443773961 0.00252811835058 -0.0259709007249 -0.0147007214 -0.00266441429712 0.00191665827486 0.0111091970796 0.00562240559512 0.00112801543466 0.0157918878995 0.0254337267611 0.00513056682692 0.0140895984077 0.0160894936275 0.0117976218915 0.0299638375592 0.0199168428992 0.0225616574457 0.377089201678 0.00214444635218 0.0125457831071 0.00828964678855 0.00453007800277 0.0268490328583 0.0247029930585 0.00270249243797 0.0076856289386 0.0044830126385 0.00835992374301 
-0.000474288634878 0.0223908657828 0.00987129242056 0.0249876349331 0.0205669510245 0.00763190415763 0.00711627441848 0.0114021117785 0.00853953388115 -0.00276498898225 0.0121521614637 0.0104969867423 0.141358130854 0.028565386886 0.00986453928497 0.0199036719095 -0.0076224599378 0.00841240460009 0.00394598086794 0.0244895832822 0.0260445320812 0.0353629242835 0.0199558081708 0.000632862818352 0.0161282950462 0.0178390595618 0.00222468912222 0.0214563976572 0.00274000336983 0.0331627141178 0.00723641952624 0.0124382780028 0.0292637682733 -0.00656592776517 0.0133741293388 0.0161051762129 0.0129045618081 0.0153502891817 0.0166139156417 0.0147380367964 0.00675096872713 0.0242047292145 0.0164552251274 0.0175732598683 0.00175211256733 0.00221939315932 0.0057870605894 0.0128778548944 0.0226054855153 0.00592968529624 0.0207601089893 -0.00155768682529 0.0259008423421 0.00958283733388 0.000797917716268 0.0213895927561 -0.00224445336115 0.0103949085162 0.0144450651713 0.0254102031403 
0.0230850090367 0.0796803476639 0.0116076168497 0.0207305902424 0.0119044122888 0.0236001294782 -0.00340665461203 0.00688990822863 0.0306126284974 -0.00972782889348 0.00692327453749 -0.00863518163264 0.028565386886 0.316728393 0.0500487935998 0.00513988527279 -0.0257325333566 0.000198456857221 -0.00899063106828 0.00608556588993 0.00437615292703 0.0238124020666 0.0218450991983 -1.76044122505e-05 0.0177983868785 0.0203650805802 0.0275341125989 0.0125364526985 -0.00799306373472 0.0589859690084 0.0187624481257 0.0532140732386 0.0122581280855 0.0129644506036 -0.00125508644208 0.0255244761382 0.0178947605288 -0.00199289245638 -0.00463191106052 0.0232251740976 0.00563716122172 0.0136551712145 0.0170575708146 0.0122048781193 0.00606901212718 0.00274811118302 0.0182763806594 0.0269429395238 0.0238641587454 0.00492087710045 0.028449724607 0.0113430017112 0.023416553043 -0.0144137431121 0.0180061721579 -0.000249932095055 0.00496162902466 0.0256857271785 0.0256008857377 0.0209856412542 
0.0164900777408 0.0187579943039 0.00963882637308 0.00800716870303 -0.0057393991092 0.015560834766 0.00411918499465 -0.000536856646226 0.0218669059002 0.00774487136962 0.0278293763125 0.0824652424633 0.00986453928497 0.0500487935998 0.736854651781 0.00554006470371 0.0037340103464 0.0171532369363 -0.018200179725 0.0155288961549 0.00839692613381 0.0172662156512 0.000735554736934 -0.00441744668634 0.000875109376486 -0.00477732625435 -0.00120238113327 0.0367069371752 0.0225293218012 0.0026105683646 0.0533413897525 0.0196058859651 0.00461085723593 -0.0176892175902 -0.000590547167384 0.00801347036735 0.00258676476879 0.0079248022031 0.00147897383159 0.00883419811015 -0.0325656268071 0.00723179638856 0.0212470119931 0.00506851237975 -0.00361165078329 0.0152036515015 -0.00786892600287 0.00397996500885 0.0472110369703 0.463418224333 0.00959819205581 0.00710984284735 -0.00792404428687 -0.00911582324865 -0.0339224164326 -0.00252683354556 -0.0272403389245 0.0186628287146 0.00399956995893 0.0201971024657 
0.0226949826787 0.00663387573603 0.0281172353468 0.0336098617083 0.0396133896326 0.0168845077787 0.0650343345921 0.0125283953148 0.00793902237431 0.0485026125638 0.0477365167586 0.0258220975552 0.0199036719095 0.0051398852728 0.00554006470371 0.423094644091 0.0396135705356 0.0157529592166 -0.0305780550038 0.0421983916575 0.0417500911358 0.0371418677692 0.0483965701947 -0.00718303756782 0.0407783507376 -0.0129386656417 0.0371866657151 0.0414209640595 0.0615820909738 0.0704681051608 0.0366998218635 0.0503061037058 0.0355462275289 0.0248250041862 0.0945851262996 0.0776572901357 0.0491077815367 0.0415922735362 -0.00272410458134 0.0310390988821 0.0603526623198 0.0685589290734 0.0593426955043 0.0293680484006 0.0667149936018 0.0278407277727 0.0392623386942 0.0341925226228 0.0448681669741 0.0211026382586 0.0190977652504 0.0740266878385 0.017793330421 0.0167473401301 -0.0225050258475 0.0224179793697 0.0269074489312 0.016553611954 0.0159296058566 0.0403930797327 
0.0116896583586 0.0242100167387 0.0214696721157 -0.0101841915982 0.0140904247439 0.0213934829528 0.130790789254 0.007451564454 0.0152433539603 0.112685597437 0.0190466672127 0.00843750239035 -0.0076224599378 -0.0257325333566 0.00373401034639 0.0396135705355 0.32701480207 -0.0125909540205 0.0326706206839 -0.0119111664831 0.0357115008058 -0.00379369056921 0.0521532991766 -0.0263970399043 -0.0125280300005 0.00149587147565 -0.000663546858442 -0.00575487706381 0.135278156004 -0.000820457751456 0.0177080719772 -0.00754150654598 0.0151853068124 -0.00198940100256 0.00808729886249 0.0106873425698 0.0147074458079 0.0101617624392 -0.00768870381325 0.0460566487271 0.0143058654107 0.02166244777 0.00957872130812 -0.00181498939676 -0.00451559935019 0.0229706991958 0.00305502936191 0.0292248026922 -0.0123315586018 0.0465800987982 0.00766282690766 -0.00495887446932 -0.00975880209747 0.0164852016785 0.00122024478339 0.000994659011193 0.00117265866261 -0.00663321379923 0.00228472663107 0.0126001820025 
-0.0172781785042 0.0112307971444 -0.00181546507213 0.0232321893945 -0.0118510132032 -0.0216050590701 0.00399437063442 -0.00336826004931 0.0437605804911 0.0077627338686 -0.00211452580674 0.00512717787452 0.00841240460009 0.000198456857221 0.0171532369363 0.0157529592166 -0.0125909540205 0.583247986508 -0.00374249489318 0.0317834683431 0.0110388738133 0.020069658106 0.0301360604016 -0.023379023368 0.0613293434239 0.00890910546663 0.0395787658756 0.0204712732125 -0.0529972020246 0.024167962957 0.0154945594968 0.0363871552121 0.0104195819431 -0.0138022122974 -0.00357634826692 0.063471932608 0.0366736042551 0.00818381756406 0.00729988611451 -0.000447888989647 0.00844877923195 -0.00199539414929 -0.0226729035701 0.0224803433347 0.0277882253145 -0.0110751098405 -0.0113796305197 0.0128775900035 0.0414439889016 0.021898482585 -0.00758105656986 0.0489023135505 0.00264961984352 0.00726250246595 0.00208767914056 0.0242349882412 0.0209116369424 0.0103139774918 0.0150571560721 0.0299804204473 
-0.0152425616528 -0.0236287916817 -0.0120049085338 -0.016077572979 -0.0143236402312 0.00565131769277 0.0691338581842 0.00630184782902 -0.00271177951044 0.0908886649483 -0.0242202453268 0.0261201376284 0.00394598086794 -0.00899063106828 -0.018200179725 -0.0305780550038 0.0326706206839 -0.00374249489318 2.71346577691 -0.0242654247576 0.000752796262221 -0.0132597133235 0.0047976323075 -0.0362411119596 -0.0100175283448 0.0175411066248 -0.00630633959724 0.00152424509521 0.0498444532792 -0.0157445249371 0.0125560232135 -0.0164120582154 -0.00676944010291 -0.00595698111587 0.0125626496589 -0.0024408974175 -0.0221527157985 0.00529139832037 -0.00553390634575 -0.0186995823108 0.00280538092428 0.00477462161091 -0.00391958432838 -0.00554704437203 -0.00101819688437 -0.0500173541601 -0.0136978998898 -0.0288669547705 -0.0653678208212 -0.0139588551779 -0.0144221445948 0.0829906265174 -0.00520280577346 0.0024172787427 -0.0243699828885 0.0070996957069 0.00611524764803 0.00225641767404 -0.012168356534 -0.00260841351998 
0.0022641702375 0.0235111974911 -0.00603900389185 0.0119567450242 0.0225602417877 0.00582271340758 0.0123399874197 0.00507148775979 0.0121441672529 0.0213470358958 0.0232884140804 0.028077856191 0.0244895832822 0.00608556588993 0.0155288961549 0.0421983916575 -0.0119111664831 0.0317834683431 -0.0242654247576 0.330869868578 0.00416653553441 0.0195886644341 0.00651754962103 0.0336742296923 0.000492422615469 -0.0114960050094 -0.0151359376831 -0.000710099726955 0.0100475314962 0.151051391606 0.0293849482742 0.00207963157056 -0.00933721523015 -0.00856282136897 0.0210636295401 -0.0128064026176 0.0091235246532 -0.00931481254259 0.0196011308794 0.0356843405251 0.0306010316767 0.0659177323587 0.0028300626732 0.0133711024647 0.0118983725617 -0.00236963147576 -0.00591158279464 0.00630121414964 0.0366496896491 0.0161208326915 0.0226648180992 0.0116639443152 -0.000650164709162 0.00124872531266 0.0296158721059 0.075848077503 0.0138552633018 0.0159723750442 0.0152721382172 0.0187689459899 
-0.003131697663 0.0191511817174 0.0134308122012 0.0216519345032 0.0230717871676 0.0445924731386 0.0507193464688 0.0198409838731 0.0111369309746 0.0434816904606 0.0314508138003 0.0148717814271 0.0260445320812 0.00437615292703 0.00839692613381 0.0417500911358 0.0357115008058 0.0110388738133 0.000752796262221 0.00416653553441 0.184607866886 0.0263159993097 0.034570066561 0.0133699601368 0.00759918262322 0.0241525179041 0.023422224894 0.0222773953639 0.0201285517255 0.0112182195449 0.0308320633177 0.0208742296922 0.0141208851558 -0.00262135203624 0.048267962316 0.00240043739442 0.0181087878405 -0.00624581251199 0.0126860460462 0.0260510206244 0.00336674615836 0.0296722510439 0.0153823723716 0.00982302945553 0.0109499940324 0.00561152723667 -0.00789354105069 0.0162691815583 0.0303849146518 0.0064491444699 0.0156190032108 0.0220601774416 0.0107557913893 -0.0151923756121 -0.00121981138965 0.00522893551646 0.00165612205662 -0.0147990830651 0.0293411326616 0.0251216532898 
0.00886289611241 -0.00268148915057 -0.0013651968142 0.0254709485526 0.0221905021441 0.0109094408476 0.0179899203222 0.0227415208976 0.0229224667462 0.00586347296462 0.0244152142897 0.00398021868803 0.0353629242835 0.0238124020666 0.0172662156512 0.0371418677692 -0.00379369056921 0.020069658106 -0.0132597133235 0.0195886644341 0.0263159993097 0.14214011463 0.024235775082 0.014724092472 0.0336904772964 0.00316331140539 0.0428479560836 0.0616779113461 0.00189218135812 0.0334277265074 0.0302976813822 0.0357593428963 0.014037611209 0.0174586640376 0.0255645931547 0.0190305408558 0.00921825308085 0.0141673558369 0.0109650437838 0.027930873714 0.0303330279781 0.0114204376259 0.00651404038097 0.0217312503762 0.0191493441811 0.0273332631344 0.00217619214696 0.0149177471647 0.00337969122688 0.0138646655806 0.0213964990138 0.0319150643136 0.0179528825076 0.0078638625215 0.0108493193644 0.015021801135 -0.0083863549582 0.0189245616987 0.0444402823038 0.0491365796802 
0.0360074659711 0.138656522856 -0.00481852719011 -0.0067717198477 0.0167156605805 0.0215140287884 -0.0309178041986 0.0244671885159 -0.0283261929316 0.036937125111 -0.0232101970847 0.0107782691045 0.0199558081708 0.0218450991983 0.000735554736936 0.0483965701947 0.0521532991766 0.0301360604016 0.0047976323075 0.00651754962103 0.034570066561 0.024235775082 0.472244904739 -0.0372631337211 0.0169122504919 0.0238347406582 0.00130879494493 0.0104245203249 0.0151207011789 0.055031914057 0.0511643789872 0.0384378793286 0.0329208193438 0.0486704173081 0.0256738967068 0.0496147839456 0.00868615107573 0.011798492897 -0.0187431277913 -0.0428921851073 0.0162345406644 0.0205600400607 0.0306307241228 0.021139832525 0.0555012509296 0.0151388133661 0.0380535546869 0.0727242288802 0.0402854857519 0.00164318507161 0.0245472873669 0.00948719533806 0.00966053703231 0.0246937325197 0.0318665081323 0.0104261055962 0.0292837018949 0.0382850713449 0.0154975723889 0.0317664839371 
-0.00744968831366 -0.0208530662707 -0.0206527308069 0.0165378360163 -0.0227506584615 -0.00841769802234 -0.00218883233507 0.00658668433914 -0.0103615191812 0.00470378165459 0.0364882333706 0.0111028014278 0.000632862818352 -1.76044122501e-05 -0.00441744668634 -0.00718303756782 -0.0263970399043 -0.023379023368 -0.0362411119596 0.0336742296923 0.0133699601368 0.014724092472 -0.0372631337211 1.36795248043 -0.0142743332345 -0.00797419574352 -0.00839971944212 -0.00632749169942 -0.00466707789594 0.0117673489844 -0.00514616118894 0.00825457330527 0.00929665397309 -0.0160792243568 -0.00783741044126 -0.0128469361013 -0.0462133492264 -0.013460111345 -0.000404627798244 0.0379950325147 0.00662176524502 -0.000424073049858 0.0183855272819 -0.00400462917874 0.00784356272241 0.100239329617 -0.0130934434003 0.0287886518548 -0.00694946675903 0.0316518911212 0.0154141977097 -0.00346515717937 -0.00984861200331 -0.0127794428352 0.00990705217409 -0.00417082851116 -0.0254536914156 -0.0203698579902 0.00617249447446 0.0185358304385 
-0.0032052594411 -0.0227858057245 -0.00940101315005 0.00928006811476 0.0180493044994 -0.00874567648242 0.00151837687647 0.0117845564019 0.0189499079058 -0.000312894384465 0.0211369967711 -0.00441261250689 0.0161282950462 0.0177983868785 0.000875109376488 0.0407783507376 -0.0125280300005 0.0613293434239 -0.0100175283448 0.000492422615466 0.00759918262321 0.0336904772964 0.0169122504919 -0.0142743332345 0.227404630727 -0.00177092251327 0.0484102907699 0.0209528148669 -0.0138712897566 0.0344362114192 0.0332917795314 0.048803061638 -0.00355789003757 0.00642241852754 0.0155051823453 0.025180984653 0.0176988064214 0.0116896653062 0.0193013829719 0.00628530114621 0.00852320610977 -0.0138234364046 0.00380479310412 0.0173138952981 0.014847085476 0.00746287868996 0.0053117734462 0.0398202425316 -0.0135302955518 -0.00814356601714 0.0204733847287 0.0571623555417 0.000249696122688 0.0370013387657 -0.00723191573394 -0.0217664259218 -0.0100560098139 0.0333656575298 0.0126675994967 0.0143459541777 
0.0120057503255 0.0242397231452 0.00385380773801 0.0173249600674 0.00875919208358 0.0308742895659 0.0144601442082 0.0149555529773 -0.0131911050308 -0.000665775326521 0.0159158917266 -0.0231113220514 0.0178390595618 0.0203650805802 -0.00477732625435 -0.0129386656417 0.00149587147565 0.00890910546663 0.0175411066248 -0.0114960050094 0.0241525179041 0.00316331140539 0.0238347406582 -0.00797419574352 -0.00177092251327 0.313884389863 0.0268862686148 0.00227716954755 -0.0169289652582 0.0239553872951 0.0049549426836 -0.00820150879544 -0.00711109358397 0.0428672088761 0.00228051669881 0.0218364065209 -0.000661673051669 0.0378983620539 0.006207612365 0.00825705942719 -0.00854775155873 0.0302745276143 0.0119704470915 -0.00763511802363 -0.00392434554537 0.0040208160635 0.0266319856987 -0.00144223742824 0.0261422547647 0.02169911901 0.0362531027132 0.0160707351638 0.0138444485502 0.0112374748967 -0.0119216244458 0.0431070376602 0.0128257751273 0.0063084367685 -0.00177163786284 -0.00208102843535 
0.0100304463832 0.0330709656116 0.0060810268185 0.0127420997157 0.0151822289185 0.00405405830591 0.00864976812304 0.00874763830123 -0.00875148305061 0.0159039663666 0.0325123023555 0.000638748351515 0.00222468912222 0.0275341125989 -0.00120238113327 0.0371866657151 -0.000663546858439 0.0395787658756 -0.00630633959724 -0.0151359376831 0.023422224894 0.0428479560836 0.00130879494493 -0.00839971944212 0.0484102907699 0.0268862686148 0.238209266411 0.0209736620583 0.0080274436421 0.00751139226661 0.0283192413136 0.0114056119796 0.0155260984001 0.0136397320738 0.0214108143288 0.0346394924686 0.00867072910608 0.0217106074407 0.028485189475 0.0507855903741 0.0268336462076 -0.00579483841328 0.0165726600796 0.0115704539643 0.0164575794137 0.0371122770689 0.00974917706523 0.0187375733758 -0.00473526920514 -0.0059502085248 0.0182633400783 0.0409521010316 0.0276204172803 0.0214654265905 0.000488793230842 0.00619018240429 -0.0110765702699 0.0239091126069 0.0176481417361 0.0375181139372 
0.0157966362573 0.00436459935125 0.00830386191922 0.0224659787628 0.0180205079515 0.0173434517399 -0.00737173428008 0.00916645435908 0.0165137688038 0.00635435226311 0.0142271542204 -0.00495510278162 0.0214563976572 0.0125364526985 0.0367069371752 0.0414209640595 -0.0057548770638 0.0204712732125 0.00152424509521 -0.000710099726955 0.0222773953639 0.0616779113461 0.0104245203249 -0.00632749169942 0.0209528148669 0.00227716954755 0.0209736620583 0.15556228671 -0.0229657152306 0.0035519977887 0.00968337122357 0.0378389921456 0.0240408617524 0.011648174355 -0.00076063763764 0.00874775227291 -0.00157708093725 0.0126038372619 0.00954141504908 0.0314596511793 0.0339204509556 0.00123704577905 0.00322131170903 0.00755845690939 0.00222051749318 0.00603667142156 0.00563440590861 0.0232827791132 0.00850529485462 0.00607014873848 0.017457737879 0.00408076036613 0.000705318338002 -0.00724136486723 0.00141828180048 -0.00641182282098 -0.00575009913164 0.0167993131928 0.0376330909418 0.0614394220122 
0.0185356374806 0.0112446710774 0.0433239739169 0.00308133426713 -0.00333971013849 0.0162129460092 0.097410479674 -0.00677689902294 -0.0168242614424 0.0842340538602 0.0431963852449 0.0172746556384 0.00274000336983 -0.00799306373472 0.0225293218011 0.0615820909738 0.135278156004 -0.0529972020246 0.0498444532792 0.0100475314962 0.0201285517255 0.00189218135811 0.0151207011789 -0.00466707789594 -0.0138712897566 -0.0169289652582 0.0080274436421 -0.0229657152306 0.34534157403 -0.00713735025329 0.00404926072123 -0.0159718637799 0.00977824573182 0.0175859996573 -0.00836182595112 0.00892157217919 0.000667524109702 -0.00484977022095 0.0175256662881 0.0371722578468 0.0300729777551 0.0242895997992 0.0115983352077 0.010735269799 0.00875707273074 -0.00234232652292 -0.00306130636675 0.00180659260019 0.0124200879232 0.0315233858063 0.000996860450541 -0.0110184379609 -0.00384499633864 0.0216083069016 0.00330889227472 0.0240779376016 0.0186926572957 -0.0388483254645 -0.0152949110145 -0.00404701464195 
-0.00153968592291 0.0607705616196 0.00900436319522 0.0243374865985 0.0254552913699 0.00841741496881 0.0172599615553 0.00998516170117 0.000294706888773 0.0087065100111 0.0407439210893 0.011343000556 0.0331627141178 0.0589859690084 0.0026105683646 0.0704681051608 -0.000820457751457 0.024167962957 -0.0157445249371 0.151051391606 0.0112182195449 0.0334277265074 0.055031914057 0.0117673489844 0.0344362114192 0.0239553872951 0.00751139226661 0.0035519977887 -0.00713735025329 0.412901029377 0.0621502504088 0.0604996066153 0.0029660646505 0.0116202647407 0.0419998630389 -0.00122992947185 0.00451389714998 0.0103313683747 0.0081640184773 -0.00880080299923 0.0191989007581 0.0558944829165 0.00219227709487 0.0265698478288 0.0230056769905 0.00204851539659 0.0127532283342 0.00940124103702 0.0195252262395 0.00081132533791 0.0689956175409 0.0237680408676 0.00311329876012 0.0193391033483 0.0101314409345 0.0636705942916 0.0559617028642 0.0111034501806 0.0190130729402 0.0347392732363 
0.0365417559925 0.0196451212396 0.00823779270086 0.00850234709914 0.00899629344824 0.0200133076758 0.0111753913853 0.0202876289718 0.0106107054913 0.00789824292397 0.0280058754223 0.0121880411759 0.00723641952624 0.0187624481257 0.0533413897525 0.0366998218635 0.0177080719772 0.0154945594968 0.0125560232135 0.0293849482742 0.0308320633177 0.0302976813822 0.0511643789872 -0.00514616118894 0.0332917795314 0.0049549426836 0.0283192413136 0.00968337122357 0.00404926072123 0.0621502504088 0.264989978797 0.0698490485217 0.014491292549 0.011289023003 0.00382839767876 0.00972668454603 0.00155293565831 0.0244864533885 0.0117437871427 -0.00285607343951 0.0351488181125 0.0155336560977 -0.00888267427995 0.042197065487 0.027623612075 -0.00965747560238 0.0142067310182 0.0349550320092 0.0167502915042 0.00427421533383 0.0235379871896 0.0295061766476 0.0253225897098 0.0108840328642 0.00713475926216 0.0324127751167 0.0177343758013 0.0322006357786 -0.000252321432009 0.0154150199385 
0.0165999185406 0.0290819279226 0.0174534792288 0.0213020805187 0.00410418512559 -0.0199716770348 -0.00648806276029 -0.00205803653584 0.00916304310489 -0.00137627518209 0.0402998080795 0.00714443773961 0.0124382780028 0.0532140732386 0.0196058859651 0.0503061037058 -0.00754150654598 0.0363871552121 -0.0164120582154 0.00207963157056 0.0208742296922 0.0357593428963 0.0384378793286 0.00825457330527 0.048803061638 -0.00820150879544 0.0114056119796 0.0378389921456 -0.0159718637799 0.0604996066153 0.0698490485217 0.30432590716 0.00659305510267 0.0142715120149 0.0266718252663 0.0122351151426 0.0133579827763 0.0185214597598 -0.016179796908 0.0121134796138 0.0161314417255 -0.0188055996433 0.0231696927898 0.00586135851125 0.0102014854411 -0.0116629760719 -0.00130043860391 0.0526952186863 0.0166486467338 -0.0309368789055 0.0197562573655 0.0224409542419 0.0146100183074 0.00117024138979 0.0260409674372 -0.0128917891535 -0.0116016404938 0.0194960171167 0.0384342957297 0.0643916521153 
0.0162042330062 -0.00596741731874 0.00908020074702 0.0130090752623 -0.00176902721419 0.0073024811086 0.013323406208 0.0072442243551 0.0110049433978 0.00694964266258 0.00881524848939 0.00252811835058 0.0292637682733 0.0122581280855 0.00461085723593 0.0355462275289 0.0151853068124 0.0104195819431 -0.00676944010291 -0.00933721523015 0.0141208851558 0.014037611209 0.0329208193438 0.00929665397309 -0.00355789003757 -0.00711109358397 0.0155260984001 0.0240408617524 0.00977824573182 0.0029660646505 0.014491292549 0.00659305510267 0.172093173711 0.0197418229203 0.0150436628857 0.000370987761608 0.0144111002353 5.17060868564e-05 0.0186047055209 0.00507634109006 0.0110884746542 0.00270672936492 0.00626794054089 0.0220662197573 0.0101826464504 0.00265086425318 0.0205458265051 0.0115162078651 0.00203631728667 -0.00513680129435 0.00359597664035 -0.00308039309632 0.00428889012034 -0.00685160919872 -0.00352143685975 0.00396549196447 0.00411204286494 0.01590492413 0.00430690060322 0.0098966065199 
0.00689430142146 -0.00680157767771 0.00650440732312 0.00352022514375 0.0280827435849 -0.028717359974 0.0215840961645 -0.00120349697227 0.00721655236583 -0.0141092528321 -0.0265244698272 -0.0259709007249 -0.00656592776517 0.0129644506036 -0.0176892175902 0.0248250041862 -0.00198940100257 -0.0138022122974 -0.00595698111587 -0.00856282136897 -0.00262135203625 0.0174586640376 0.0486704173081 -0.0160792243568 0.00642241852754 0.0428672088761 0.0136397320738 0.011648174355 0.0175859996573 0.0116202647407 0.011289023003 0.0142715120149 0.0197418229203 0.352726154293 0.0296931423507 0.0560070032408 0.00314523219088 0.0187193817749 0.0299611753836 0.00616578089945 -0.00088277340867 -0.0131345237129 -0.00111510189601 0.021424690207 0.0268381593973 -0.0336100626209 -0.0158955537018 -0.00174653036865 0.00557589215907 -0.00130305429407 0.0236282125168 0.0168276330247 0.0113564999669 -0.0100308438377 -0.00601083278201 -0.00182374584513 0.0246348006151 0.0118665747636 -0.000637516578144 0.00764014405675 
0.0174787040528 0.0397362439681 -0.0181784241993 -0.0180667317131 0.021154513262 0.0311111306621 0.00495265380878 9.16275250699e-06 0.0194344298425 0.0240321997591 0.0175743682226 -0.0147007214 0.0133741293388 -0.00125508644208 -0.000590547167383 0.0945851262996 0.00808729886249 -0.00357634826692 0.0125626496589 0.0210636295401 0.048267962316 0.0255645931547 0.0256738967068 -0.00783741044126 0.0155051823453 0.00228051669881 0.0214108143288 -0.00076063763764 -0.00836182595112 0.0419998630389 0.00382839767876 0.0266718252663 0.0150436628857 0.0296931423507 0.969440394671 0.0593314886736 -0.0074828286288 0.00833667216985 0.000639132808094 0.00038199667438 0.00636933656855 0.0624326433671 0.0230363982813 -0.00138949305255 -0.0175810240963 0.0307964262995 0.0183431744949 0.000159538033052 0.0213232379909 -0.0199619775025 0.0103590779314 0.00377692716344 0.0120467524409 0.0248724837405 0.0158766080394 -0.0141374038374 0.00835569010639 0.0482113965817 -0.000612617470832 0.0117777251999 
0.0247223832854 -0.024954607987 0.0337331740019 0.0223283314878 0.0146083788576 -0.00347645990109 -0.00346440639742 0.014035688753 0.00580214784821 0.0112343852142 0.0428265222257 -0.00266441429712 0.0161051762129 0.0255244761382 0.00801347036735 0.0776572901357 0.0106873425698 0.063471932608 -0.0024408974175 -0.0128064026176 0.00240043739442 0.0190305408558 0.0496147839456 -0.0128469361013 0.025180984653 0.0218364065209 0.0346394924686 0.00874775227291 0.0089215721792 -0.00122992947185 0.00972668454603 0.0122351151426 0.000370987761606 0.0560070032408 0.0593314886736 0.288303615773 0.0174087245815 -0.0116878344238 0.0215914748638 0.0162760874266 0.0158966274737 0.0013472879928 0.00808454868234 -0.00355147770492 0.0355420900996 0.0398723976756 0.0365841642731 0.0176216023937 0.0211894837302 0.0329286378931 0.00678622684773 0.0220767385873 0.0141880284353 -0.00253395135326 -0.033876574936 -0.001866533589 0.0136895984184 -0.0180651666278 0.0244014596261 0.0145545869488 
0.029045528883 0.0262407257388 0.0104472563093 0.0133777993426 0.0195783430737 0.0390303642569 0.0209306683536 0.0187175515243 0.0206875504116 0.0247761090649 0.00573201401092 0.00191665827486 0.0129045618081 0.0178947605288 0.00258676476879 0.0491077815367 0.0147074458079 0.0366736042551 -0.0221527157985 0.0091235246532 0.0181087878405 0.00921825308084 0.00868615107573 -0.0462133492264 0.0176988064214 -0.00066167305167 0.00867072910608 -0.00157708093725 0.000667524109702 0.00451389714998 0.00155293565831 0.0133579827763 0.0144111002353 0.00314523219089 -0.0074828286288 0.0174087245815 0.255511644326 0.00280970680111 -0.0141138702224 0.00599884987493 0.0291713904377 0.00322663066764 0.0226182920847 0.00236087534332 0.0375159323291 0.00716135000724 0.0339645552873 0.0267459040933 0.0049783867325 -0.0471654425692 0.00422704302687 0.0245759045307 0.0181560801166 0.00222600334323 0.0157089805713 0.000715080687692 -0.000111633123862 0.00690500450162 -0.00841390441437 0.0147462051488 
0.0126481030395 0.0147688159618 0.0230400642128 0.0116180478106 -0.00739395783985 0.0169821547268 0.00371327013565 0.0105172497064 0.0266051748629 0.0196835250537 0.00548015926028 0.0111091970796 0.0153502891817 -0.00199289245638 0.0079248022031 0.0415922735362 0.0101617624392 0.00818381756406 0.00529139832037 -0.00931481254259 -0.00624581251199 0.0141673558369 0.011798492897 -0.013460111345 0.0116896653062 0.0378983620539 0.0217106074407 0.0126038372619 -0.00484977022095 0.0103313683747 0.0244864533885 0.0185214597598 5.17060868559e-05 0.0187193817749 0.00833667216985 -0.0116878344238 0.00280970680111 0.293629990339 0.0159364492454 0.0176581634254 0.0243049611243 0.0304181362553 0.0250335330918 -0.0199889145305 0.0110882160345 0.0150241070352 0.0261230505481 -0.0116412486807 0.0316702951231 -0.00127176989538 0.0223438968473 0.00576091246538 0.0297205948576 0.0172883976733 0.02832320848 0.0468990839426 0.0139855208116 -0.0161289437048 0.0282352931633 0.00812802715503 
-0.0019222630575 0.0294035332057 0.0342009349542 0.0389609574575 0.0071468883165 0.00654989487436 0.0105975547368 -0.00161821795448 0.069918843475 0.00807857095785 0.0368868623878 0.00562240559512 0.0166139156417 -0.00463191106052 0.00147897383159 -0.00272410458134 -0.00768870381325 0.00729988611451 -0.00553390634575 0.0196011308794 0.0126860460462 0.0109650437838 -0.0187431277913 -0.000404627798244 0.0193013829719 0.006207612365 0.028485189475 0.00954141504908 0.0175256662881 0.0081640184773 0.0117437871427 -0.016179796908 0.0186047055209 0.0299611753836 0.000639132808093 0.0215914748638 -0.0141138702224 0.0159364492454 0.327560300906 0.0181734101969 0.0250850907486 0.0302851249613 0.0177758221727 0.00474741998021 0.0191628080237 0.0187463437635 -0.00879743597542 0.0110715042111 0.0312088669212 -0.000619853912894 0.00453964158622 0.0144331081525 -0.00178327803447 0.0224742893412 0.0268116212844 0.026857202024 0.0154773576283 0.00161364826055 0.0282227075895 0.0178451044523 
