20
0.0751688044393 0.0450347688147 0.0160420823192 0.0479071153807 -0.0014382556632 0.101022755506 0.0994766710856 0.162419244675 0.0578888041786 0.234070828585 0.110057805124 0.0146033592013 0.0674926048947 0.0315088302779 0.099400173405 0.0300764430792 0.12825177486 0.085684238521 0.088181568025 0.0905831054983 
0.344708230673 -0.00347786478773 0.0643526491984 0.00708661446734 -0.00621021809032 0.0288544293612 -0.00655126806892 0.00891163882091 -0.0081163499524 0.00186356036452 0.0784497422559 0.0020053801128 0.0275128542825 0.0331026582613 0.0437986698918 0.0258170361534 -0.012261702339 0.00078124563876 -0.00277439789461 0.0325703622294 
-0.00347786478773 0.213313006412 0.0264099513354 0.0157903531006 0.016465186431 0.0295556489277 0.0100025403688 0.0261617053272 0.0497588898934 -0.00567081548152 0.0186982140576 0.00581134711649 0.0178192109883 0.0349094643716 -0.00184031305653 -0.00506005006417 0.0196195821195 0.010176069852 -0.0124039161356 0.0250780258641 
0.0643526491984 0.0264099513354 0.188887816976 0.0357289129225 -0.00429929500497 0.0140919293633 0.0076471021354 0.0246403538653 0.0285512898528 0.0257415320012 0.0659441718071 0.0043398173695 0.0161406010555 0.0362611709801 0.0295847643799 0.033826657334 0.0217246895419 0.0172789016059 0.0210212857958 0.0124684268003 
0.00708661446734 0.0157903531006 0.0357289129225 0.23736124195 0.00473007975835 0.0101439428853 0.0513226739251 0.0652479033081 0.0241517868498 0.0147183748923 0.0224849273657 0.00970946824174 0.0104863659188 0.0281209711183 0.00482103767988 0.00320139986524 0.0419945939004 0.00623764659472 0.00820262357433 0.00733565544929 
-0.00621021809032 0.016465186431 -0.00429929500497 0.00473007975835 0.228083109853 0.0024040031828 0.00422794616641 0.00331999344138 0.00453165054722 0.0432865457741 0.0156559458157 0.0367594295831 -0.000954859453324 0.0214945919111 0.00662452791999 0.00944361250691 -0.0110317453789 0.0155297499141 0.0291827792581 0.00290393106364 
0.0288544293612 0.0295556489277 0.0140919293633 0.0101439428853 0.0024040031828 0.472050584051 0.00921797243685 0.0166846410347 -0.00887630591625 0.020013809304 0.0225305991051 0.0124225866747 0.0134666320329 0.00821805311701 0.0172250078262 0.00661625500747 -0.00859865425711 0.0388556108295 0.00638862585762 0.0334302691563 
-0.00655126806892 0.0100025403688 0.0076471021354 0.0513226739251 0.00422794616641 0.00921797243685 0.446655980059 0.0278663094458 0.0287266171507 0.0317816095312 0.0348120542562 0.0410315084042 0.00174259286271 0.021299420729 -0.00227506415209 -0.000411707027716 0.0125087122973 0.0123743664965 0.0322791339019 0.0182119082645 
0.00891163882091 0.0261617053272 0.0246403538653 0.0652479033081 0.00331999344138 0.0166846410347 0.0278663094458 1.2996144261 0.0184814424238 0.0300232998144 0.0373933995728 -0.0138952134798 0.0659573145699 0.00537443694026 0.0131579884757 0.0492543674131 0.059297992433 0.0106250794274 0.0188910695211 0.0185106709535 
-0.0081163499524 0.0497588898934 0.0285512898528 0.0241517868498 0.00453165054722 -0.00887630591625 0.0287266171507 0.0184814424238 0.447637767435 0.0496778702113 0.0357358823341 -0.000883036819684 0.0528458997064 0.0210676829012 0.0366192884059 0.0127827594036 0.0942622948126 -0.00120068413992 0.0159236340777 0.00642929635738 
0.00186356036452 -0.00567081548152 0.0257415320012 0.0147183748923 0.0432865457741 0.020013809304 0.0317816095312 0.0300232998144 0.0496778702113 1.01834538931 0.0567957924606 0.0205291818344 0.0137373037663 0.0128194336691 0.126843769735 0.0552386489909 -0.0326344816919 0.0388847616761 0.0866625624619 0.00368040936248 
0.0784497422559 0.0186982140576 0.0659441718071 0.0224849273657 0.0156559458157 0.0225305991051 0.0348120542562 0.0373933995728 0.0357358823341 0.0567957924605 0.473829910647 0.0230862855038 0.026408524362 0.0708185214336 0.0499343875956 0.0515718021087 0.0301615119143 0.0429084709537 0.0410855759828 0.0403220654249 
0.0020053801128 0.00581134711649 0.0043398173695 0.00970946824174 0.0367594295831 0.0124225866747 0.0410315084042 -0.0138952134798 -0.000883036819684 0.0205291818344 0.0230862855038 0.176360324469 0.00242861718581 0.00722826941093 -0.0102132671873 0.00874274795148 0.00995726210132 -0.000468613083718 0.0319912861255 0.00655560077785 
0.0275128542825 0.0178192109883 0.0161406010555 0.0104863659188 -0.000954859453324 0.0134666320329 0.00174259286271 0.0659573145699 0.0528458997064 0.0137373037663 0.026408524362 0.00242861718581 0.345173559287 0.0357791221363 0.043123741231 0.0011945496156 0.0130183378229 0.0290643053278 0.0244681753517 0.0493313547647 
0.0331026582613 0.0349094643716 0.0362611709801 0.0281209711183 0.0214945919111 0.00821805311701 0.021299420729 0.00537443694026 0.0210676829012 0.0128194336691 0.0708185214336 0.00722826941093 0.0357791221363 0.239994440885 0.0446004465867 0.0281265431732 0.0307072459641 0.0231443192002 0.0299849488269 0.0197595902212 
0.0437986698918 -0.00184031305653 0.0295847643799 0.00482103767988 0.00662452791999 0.0172250078262 -0.00227506415209 0.0131579884757 0.0366192884059 0.126843769735 0.0499343875956 -0.0102132671873 0.043123741231 0.0446004465867 0.34476669038 0.00539982806516 0.0199660038527 0.055573039161 0.0619510858271 0.0215326963167 
0.0258170361534 -0.00506005006417 0.033826657334 0.00320139986524 0.00944361250691 0.00661625500747 -0.000411707027716 0.0492543674131 0.0127827594036 0.0552386489909 0.0515718021087 0.00874274795148 0.0011945496156 0.0281265431732 0.00539982806516 0.37551054705 -0.0070400735056 0.00501640036326 0.0100898004228 0.00876922322536 
-0.012261702339 0.0196195821195 0.0217246895419 0.0419945939004 -0.0110317453789 -0.00859865425711 0.0125087122973 0.059297992433 0.0942622948126 -0.0326344816919 0.0301615119143 0.00995726210132 0.0130183378229 0.0307072459641 0.0199660038527 -0.0070400735056 0.541119118867 -0.00883132121574 0.0161995630075 0.038757063859 
0.00078124563876 0.010176069852 0.0172789016059 0.00623764659472 0.0155297499141 0.0388556108295 0.0123743664965 0.0106250794274 -0.00120068413992 0.0388847616761 0.0429084709537 -0.000468613083718 0.0290643053278 0.0231443192002 0.055573039161 0.00501640036326 -0.00883132121574 0.471065671467 0.0606380162127 0.00413138451081 
-0.00277439789461 -0.0124039161356 0.0210212857958 0.00820262357433 0.0291827792581 0.00638862585762 0.0322791339019 0.0188910695211 0.0159236340777 0.0866625624619 0.0410855759828 0.0319912861255 0.0244681753517 0.0299849488269 0.0619510858271 0.0100898004228 0.0161995630075 0.0606380162127 0.372814704619 0.0158823453571 
0.0325703622294 0.0250780258641 0.0124684268003 0.00733565544929 0.00290393106364 0.0334302691563 0.0182119082645 0.0185106709535 0.00642929635738 0.00368040936248 0.0403220654249 0.00655560077785 0.0493313547647 0.0197595902212 0.0215326963167 0.00876922322536 0.038757063859 0.00413138451081 0.0158823453571 0.324756183073 
0.0298526084656 -0.000301191925711 0.00557310290067 0.000613718815554 -0.000537820662926 0.00249886688385 -0.000567356457469 0.000771770560826 -0.000702896524479 0.000161389061716 0.00679394697139 0.000173671012193 0.00238268307392 0.00286677429871 0.00379307607782 0.00223582091593 -0.00106189457192 6.76578569762e-05 -0.000240269905693 0.00282067611011 
-0.00030119192571 0.018473448251 0.00228716887691 0.00136748469198 0.00142592697273 0.00255959427967 0.000866245406175 0.00226567014197 0.00430924627118 -0.000491107026717 0.00161931283793 0.000503277423309 0.00154318893913 0.00302324829783 -0.000159375785788 -0.000438213189999 0.00169910565272 0.000881273500249 -0.00107421064799 0.0021718207475 
0.00557310290067 0.00228716887691 0.0163581647966 0.00309421462405 -0.000372329869267 0.00122039688169 0.000662258471459 0.00213391724056 0.00247261423234 0.00222928206454 0.00571093280164 0.000375839208977 0.00139781705464 0.00314030952398 0.0025621157518 0.00292947445763 0.00188141330326 0.00149639677402 0.00182049675193 0.00107979743543 
0.000613718815554 0.00136748469198 0.00309421462405 0.0205560865402 0.000409636923266 0.000878491223324 0.00444467394093 0.00565063418085 0.00209160609588 0.00127464865591 0.00194725183009 0.000840864615458 0.000908145927906 0.00243534753675 0.000417514110338 0.000277249361097 0.00363683851394 0.000540196041086 0.000710368039305 0.00063528639725 
-0.000537820662926 0.00142592697273 -0.000372329869267 0.000409636923266 0.0197525767307 0.000208192782708 0.000366150878594 0.000287519866063 0.000392452449497 0.00374872482824 0.00135584467967 0.00318345998476 -8.26932543623e-05 0.0018614862639 0.000573700946679 0.000817840833448 -0.000955377174617 0.001344915794 0.00252730281906 0.000251487807195 
0.00249886688385 0.00255959427967 0.00122039688169 0.000878491223324 0.000208192782708 0.040880779766 0.00079829983017 0.00144493229891 -0.000768710641523 0.00173324672837 0.00195120711875 0.0010758275641 0.00116624454439 0.000711704276898 0.00149172943579 0.000572984491439 -0.000744665302502 0.00336499460579 0.000553271228797 0.00289514623447 
-0.000567356457469 0.000866245406175 0.000662258471459 0.00444467394093 0.000366150878594 0.00079829983017 0.0386815425484 0.00241329318898 0.00248779802173 0.00275236812272 0.00301481233438 0.00355343286337 0.000150912968756 0.00184458394372 -0.000197026335095 -3.56548744919e-05 0.00108328626181 0.00107165157417 0.00279545499712 0.00157719752084 
0.000771770560826 0.00226567014197 0.00213391724056 0.00565063418085 0.000287519866063 0.00144493229891 0.00241329318898 0.112549910813 0.00160053986376 0.00260009403447 0.00323836339639 -0.00120336078645 0.0057120709983 0.00046543989213 0.00113951522827 0.00426555334271 0.00513535678404 0.000920158870136 0.001636014611 0.00160307112868 
-0.000702896524479 0.00430924627118 0.00247261423234 0.00209160609588 0.000392452449497 -0.000768710641523 0.00248779802173 0.00160053986376 0.0387665678292 0.00430222976089 0.0030948181928 -7.64732318323e-05 0.00457658916316 0.00182451485913 0.0031713234028 0.00110701943739 0.00816335419267 -0.000103982296709 0.00137902716318 0.000556793397395 
0.000161389061716 -0.000491107026717 0.00222928206454 0.00127464865591 0.00374872482824 0.00173324672837 0.00275236812272 0.00260009403447 0.00430222976089 0.0881912976965 0.00491865990989 0.00177787929875 0.00118968540411 0.00111019552196 0.0109849926902 0.00478380732969 -0.00282622901845 0.00336751914316 0.00750519806491 0.000318732800423 
0.00679394697139 0.00161931283793 0.00571093280164 0.00194725183009 0.00135584467967 0.00195120711875 0.00301481233438 0.00323836339639 0.0030948181928 0.00491865990989 0.0410348739693 0.00199933097253 0.00228704529739 0.006133063862 0.00432444481802 0.00446624907451 0.00261206355344 0.00371598258835 0.00355811525302 0.0034919932991 
0.000173671012193 0.000503277423309 0.000375839208977 0.000840864615458 0.00318345998476 0.0010758275641 0.00355343286337 -0.00120336078645 -7.64732318323e-05 0.00177787929875 0.00199933097253 0.015273252121 0.000210324417898 0.000625986493527 -0.000884494883983 0.000757144182486 0.000862324193189 -4.05830835046e-05 0.00277052664844 0.000567731681068 
0.00238268307392 0.00154318893913 0.00139781705464 0.000908145927906 -8.26932543623e-05 0.00116624454439 0.000150912968756 0.0057120709983 0.00457658916316 0.00118968540411 0.00228704529739 0.000210324417898 0.0298929071057 0.00309856286952 0.00373462554123 0.000103451031319 0.00112742112697 0.00251704267572 0.00211900614389 0.00427222064293 
0.00286677429871 0.00302324829783 0.00314030952398 0.00243534753675 0.0018614862639 0.000711704276898 0.00184458394372 0.00046543989213 0.00182451485913 0.00111019552196 0.006133063862 0.000625986493527 0.00309856286952 0.0207841282573 0.00386251197642 0.00243583009087 0.00265932550852 0.00200435683806 0.00259677274153 0.00171123070999 
0.00379307607782 -0.000159375785788 0.0025621157518 0.000417514110338 0.000573700946679 0.00149172943579 -0.000197026335095 0.00113951522827 0.0031713234028 0.0109849926902 0.00432444481802 -0.000884494883983 0.00373462554123 0.00386251197642 0.0298576712248 0.00046763882805 0.00172910665485 0.0048127663679 0.00536512141183 0.00186478620222 
0.00223582091593 -0.000438213189999 0.00292947445763 0.000277249361097 0.000817840833448 0.000572984491439 -3.56548744919e-05 0.00426555334271 0.00110701943739 0.00478380732969 0.00446624907451 0.000757144182486 0.000103451031319 0.00243583009087 0.00046763882805 0.0325201673135 -0.000609688250036 0.000434433015014 0.000873802348525 0.000759437008462 
-0.00106189457192 0.00169910565272 0.00188141330326 0.00363683851394 -0.000955377174617 -0.000744665302502 0.00108328626181 0.00513535678404 0.00816335419267 -0.00282622901845 0.00261206355344 0.000862324193189 0.00112742112697 0.00265932550852 0.00172910665485 -0.000609688250036 0.0468622903412 -0.000764814852181 0.00140292330947 0.00335646018779 
6.76578569762e-05 0.000881273500249 0.00149639677402 0.000540196041086 0.001344915794 0.00336499460579 0.00107165157417 0.000920158870136 -0.000103982296709 0.00336751914316 0.00371598258835 -4.05830835046e-05 0.00251704267572 0.00200435683806 0.0048127663679 0.000434433015014 -0.000764814852181 0.0407954838341 0.00525140624753 0.000357788393916 
-0.000240269905693 -0.00107421064799 0.00182049675193 0.000710368039305 0.00252730281906 0.000553271228797 0.00279545499712 0.001636014611 0.00137902716318 0.00750519806491 0.00355811525302 0.00277052664844 0.00211900614389 0.00259677274153 0.00536512141183 0.000873802348525 0.00140292330947 0.00525140624753 0.0322867005105 0.0013754514551 
0.00282067611011 0.0021718207475 0.00107979743543 0.00063528639725 0.000251487807195 0.00289514623447 0.00157719752084 0.00160307112868 0.000556793397395 0.000318732800423 0.0034919932991 0.000567731681068 0.00427222064293 0.00171123070999 0.00186478620222 0.000759437008462 0.00335646018779 0.000357788393916 0.0013754514551 0.0281247104577 

['PGR', 'PCG', 'HBAN', 'MCK', 'CTL', 'CMX', 'MIL', 'HUM', 'COP', 'PMCS', 'CTX', 'CZN', 'AMGN', 'MAS', 'JCP', 'HRB', 'NEM', 'HLT', 'KLAC', 'ACV']